cluster number:12
GH11:36	GH11:36|CBM60:21|CBM10:11|CE4:9|3.2.1.8:4|CBM5:2|CBM57:2|GH5_53:1|CE15:1|CBM2:1
YLALYGWT:0.5	ATYNVRRC:0.4722222222222222	WASKGLNL:0.25	DGATYNVR:0.4722222222222222	FYQYFSVR:0.4722222222222222	GETRQAED:0.3055555555555556	LALYGWTR:0.4166666666666667	ETRQAEDM:0.3055555555555556	VNGETRQA:0.3055555555555556	NSYLALYG:0.4444444444444444	SYLALYGW:0.4722222222222222	QSDGATYN:0.4722222222222222	YYSFWKDS:0.4166666666666667	TYNVRRCQ:0.4166666666666667	QNSYLALY:0.4166666666666667	HDYMVLAT:0.3055555555555556	ESYGSYNP:0.5833333333333334	NWVGGKGW:0.6666666666666666	NGETRQAE:0.3055555555555556	YGWTRNPL:0.2777777777777778	TFYQYFSV:0.4722222222222222	VGGKGWNP:0.6666666666666666	YSFWKDSG:0.4166666666666667	FQSDGATY:0.5	SFQSDGAT:0.5	IESYGSYN:0.4722222222222222	MVLATEGY:0.3333333333333333	YGSYNPSS:0.25	ASKGLNLG:0.25	SQNSYLAL:0.4166666666666667	QTFYQYFS:0.2777777777777778	GSFQSDGA:0.5	SYGSYNPS:0.25	WVGGKGWN:0.5833333333333334	NVRRCQRV:0.4166666666666667	YGSFQSDG:0.4722222222222222	YNVRRCQR:0.4166666666666667	TNNWVGGK:0.5555555555555556	SDGATYNV:0.4722222222222222	YMVLATEG:0.3333333333333333	LTSNSTGT:0.2222222222222222	NSQNSYLA:0.3333333333333333	NNWVGGKG:0.5555555555555556	DYMVLATE:0.3055555555555556	GGKGWNPG:0.6666666666666666	GKGWNPGG:0.4166666666666667	GATYNVRR:0.4722222222222222	LYGWTRNP:0.2222222222222222	IEYYVIES:0.3055555555555556	EYYVIESY:0.3888888888888889	GNISGTIT:0.3055555555555556	GSYNPASC:0.3055555555555556	PASCSGGT:0.2222222222222222	GFGNISGT:0.3055555555555556	FSVRNPKK:0.2222222222222222	TDYGSFQS:0.25	WTRSPLIE:0.2222222222222222	QRVNQPSI:0.5555555555555556	SYGSYNPA:0.3333333333333333	VLATEGYQ:0.3611111111111111	KKGFGNIS:0.3055555555555556	YNPASCSG:0.25	FYYSFWKD:0.2222222222222222	SCSGGTDY:0.2222222222222222	LIEYYVIE:0.3055555555555556	KGFGNISG:0.3055555555555556	GWTRSPLI:0.2222222222222222	YGWTRSPL:0.2222222222222222	PLIEYYVI:0.3055555555555556	PKKGFGNI:0.3055555555555556	RRCQRVNQ:0.2777777777777778	RCQRVNQP:0.2777777777777778	GSSDITVS:0.25	SPLIEYYV:0.2222222222222222	VIESYGSY:0.3888888888888889	SDITVSEG:0.2222222222222222	TRSPLIEY:0.2222222222222222	GFYYSFWK:0.2222222222222222	SVRNPKKG:0.2222222222222222	SGGTDYGS:0.2222222222222222	FWASKGLN:0.2222222222222222	DYGSFQSD:0.3055555555555556	RNPKKGFG:0.2222222222222222	YYVIESYG:0.3888888888888889	CSGGTDYG:0.2222222222222222	LATEGYQS:0.3611111111111111	SYNPASCS:0.25	VRNPKKGF:0.2222222222222222	ALYGWTRS:0.2222222222222222	VRRCQRVN:0.3055555555555556	RSPLIEYY:0.2222222222222222	CQRVNQPS:0.2777777777777778	YGSYNPAS:0.3055555555555556	FGNISGTI:0.3055555555555556	VNQPSIDG:0.25	NPASCSGG:0.25	RVNQPSID:0.25	LYGWTRSP:0.2222222222222222	GGTDYGSF:0.25	YVIESYGS:0.3888888888888889	GTDYGSFQ:0.25	GGTYDIYR:0.2777777777777778	DGGTYDIY:0.3888888888888889	TQRVNQPS:0.25	EGYQSSGN:0.2222222222222222	RTQRVNQP:0.2222222222222222	GTYDIYRT:0.2777777777777778	QAEDMEYN:0.2222222222222222	TYDIYRTQ:0.25	TFYQYWSV:0.2222222222222222	RQAEDMEY:0.2222222222222222	YRTQRVNQ:0.2222222222222222	YDIYRTQR:0.25	IYRTQRVN:0.25	AEDMEYNT:0.25	FYQYWSVR:0.2222222222222222	ATEGYQSS:0.2222222222222222	TEGYQSSG:0.25	DIYRTQRV:0.25	TITVANHF:0.25	KGWNPGGP:0.25	GTITVANH:0.25	SGTITVAN:0.25	NQPSIEGT:0.2222222222222222	SDGGTYDI:0.2777777777777778	RVNQPSIE:0.3055555555555556	VNQPSIEG:0.3055555555555556	WKDSGDAS:0.2222222222222222	STNNWVGG:0.3333333333333333	GITFDDGP:0.25	VGITFDDG:0.25	GQVILMHD:0.25	QNGQVILM:0.25	YVGITFDD:0.25	TRQAEDME:0.2222222222222222	NSTNNWVG:0.2222222222222222	FWKDSGDA:0.3055555555555556	NGQVILMH:0.25	LQNGQVIL:0.2222222222222222	GYVGITFD:0.25	NLTPVTWF:0.2222222222222222	SFWKDSGD:0.2222222222222222	
