cluster number:8
GH11:113	GH11:113|3.2.1.8:28|CBM1:14|GH62:2
EGYQSSGS:0.3185840707964602	QIVATEGY:0.5221238938053098	HNYQIVAT:0.23893805309734514	GTVTTANH:0.2920353982300885	PNGNSYLS:0.25663716814159293	LIEYYIVE:0.5309734513274337	YLSVYGWT:0.4336283185840708	GNSYLSVY:0.3185840707964602	LSVYGWTT:0.3185840707964602	GKGWNPGS:0.5486725663716814	SIQGTATF:0.3274336283185841	KGWNPGSA:0.4690265486725664	GYYYSFWT:0.2743362831858407	SYLSVYGW:0.35398230088495575	VGGKGWNP:0.48672566371681414	NYQIVATE:0.4336283185840708	IVATEGYQ:0.2743362831858407	PLIEYYIV:0.504424778761062	PSIQGTAT:0.25663716814159293	YYYSFWTD:0.2743362831858407	ATEGYQSS:0.30973451327433627	GGKGWNPG:0.48672566371681414	TVTTANHF:0.2831858407079646	NGNSYLSV:0.24778761061946902	YQIVATEG:0.5398230088495575	VATEGYQS:0.2743362831858407	YYSFWTDG:0.34513274336283184	TEGYQSSG:0.30973451327433627	NSYLSVYG:0.336283185840708	FVAGKGWN:0.21238938053097345	VAGKGWNP:0.20353982300884957	YSFWTDGG:0.2831858407079646	GWNPGSAQ:0.26548672566371684	AGKGWNPG:0.20353982300884957	EYYIVESY:0.3185840707964602	IEYYIVES:0.37168141592920356	YYIVESYG:0.3185840707964602	FVGGKGWN:0.30973451327433627	NFVGGKGW:0.35398230088495575	GNFVGGKG:0.336283185840708	NGYLSVYG:0.26548672566371684	PSGNGYLS:0.21238938053097345	GNGYLSVY:0.25663716814159293	SGNGYLSV:0.21238938053097345	GYLSVYGW:0.26548672566371684	
