cluster number:10
CBM4:22	CBM4:22|GH10:21|3.2.1.8:3|CE15:1
KLFINDYN:0.4090909090909091	HAWDVVNE:0.22727272727272727	QYGITIWG:0.22727272727272727	AWDVVNEP:0.5	DGIGTQMH:0.8636363636363636	VHAWDVVN:0.22727272727272727	WDVVNEPM:0.45454545454545453	TGKLIKVS:0.22727272727272727	NDYNLEYN:0.2727272727272727	GIGTQMHI:0.4090909090909091	KLIKVSEL:0.22727272727272727	INDYNLEY:0.2727272727272727	FINDYNLE:0.6363636363636364	ATGKLIKV:0.22727272727272727	LFINDYNL:0.5454545454545454	SDEFYWQD:0.22727272727272727	LIKVSELD:0.22727272727272727	GKLIKVSE:0.22727272727272727	VNEPMDDG:0.2727272727272727	DVVNEPMD:0.2727272727272727	VDGIGTQM:0.6363636363636364	DYNLEYNL:0.22727272727272727	VVNEPMDD:0.2727272727272727	DEFYWQDY:0.22727272727272727	IGTQMHVS:0.3181818181818182	GIGTQMHV:0.36363636363636365	YGHTLAWH:0.22727272727272727	FYWQDYLG:0.22727272727272727	INDYNLES:0.2727272727272727	KIDGIGTQ:0.22727272727272727	IDGIGTQM:0.22727272727272727	YAGFADGL:0.22727272727272727	
