cluster number:11
CBM4:19	CBM4:19|GH9:18|CBM3:3|3.2.1.-:1|GH16:1|3.2.1.73:1|3.2.1.4:1
PESGNGIP:0.21052631578947367	TSGGVYHK:0.21052631578947367	LEWMLKMQ:0.3684210526315789	DKKKVVFR:0.2631578947368421	GGVYHKVT:0.7894736842105263	WHDAGDYG:0.8947368421052632	GNGIPDVL:0.21052631578947367	AAQLFKAT:0.2631578947368421	YQLEWMLK:0.21052631578947367	GIPDVLDE:0.21052631578947367	DERYWAAA:0.47368421052631576	YHLEFDVS:0.21052631578947367	MYKNGKYH:0.21052631578947367	LEFDVSST:0.21052631578947367	GWHDAGDY:0.8947368421052632	ESGNGIPD:0.21052631578947367	AQLFKATG:0.2631578947368421	KIDVSGGW:0.42105263157894735	DAGDYGRY:0.8947368421052632	KYQLEWML:0.21052631578947367	ERYWAAAQ:0.3157894736842105	AAAQLFKA:0.2631578947368421	NGKYHLEF:0.21052631578947367	QLEWMLKM:0.21052631578947367	NGIPDVLD:0.21052631578947367	SGNGIPDV:0.21052631578947367	YKNGKYHL:0.21052631578947367	SGGVYHKV:0.42105263157894735	YWAAAQLF:0.2631578947368421	EWMLKMQE:0.21052631578947367	KYHLEFDV:0.21052631578947367	SGGWHDAG:0.5789473684210527	WAAAQLFK:0.2631578947368421	KNGKYHLE:0.21052631578947367	RYWAAAQL:0.3157894736842105	GGWHDAGD:0.8947368421052632	AGDYGRYV:0.8421052631578947	DVSGGWHD:0.5789473684210527	HLEFDVSS:0.21052631578947367	VSGGWHDA:0.5789473684210527	IPESGNGI:0.21052631578947367	HDAGDYGR:0.8947368421052632	EQKIVLNQ:0.2631578947368421	IDVSGGWH:0.5263157894736842	GKYHLEFD:0.21052631578947367	GVPDVLDE:0.21052631578947367	SGNGVPDV:0.21052631578947367	ADFAAVMA:0.21052631578947367	IPESGNGV:0.42105263157894735	EVTIYWNS:0.2631578947368421	TADFAAVM:0.21052631578947367	VPDVLDEV:0.21052631578947367	PESGNGVP:0.3684210526315789	NEVTIYWN:0.2631578947368421	GDYGRYVV:0.7368421052631579	ATADFAAV:0.21052631578947367	RFFYLQRC:0.21052631578947367	DFAAVMAM:0.3684210526315789	DYGRYVVP:0.2631578947368421	SYSTNEVT:0.21052631578947367	GNGVPDVL:0.21052631578947367	NGVPDVLD:0.21052631578947367	ESGNGVPD:0.3684210526315789	TATADFAA:0.21052631578947367	VTIYWNSP:0.2631578947368421	NGGVYHKV:0.2631578947368421	GVYHKVTC:0.42105263157894735	TGDFAAVM:0.42105263157894735	PISTTATG:0.2631578947368421	GDFAAVMA:0.42105263157894735	TATGDFAA:0.3157894736842105	TTATGDFA:0.2631578947368421	ATGDFAAV:0.42105263157894735	DKKIDVSG:0.21052631578947367	STTATGDF:0.2631578947368421	KKIDVSGG:0.21052631578947367	ISTTATGD:0.2631578947368421	NGGDYHAY:0.2631578947368421	SKAVADLL:0.2631578947368421	EVDIYWNS:0.3157894736842105	RYVVATSK:0.3157894736842105	VVATSKAV:0.2631578947368421	NEVDIYWN:0.3157894736842105	YGRYVVAT:0.3157894736842105	SYSTNEVD:0.3157894736842105	YSTNEVDI:0.3157894736842105	IVCPISTT:0.21052631578947367	NPHHRPSI:0.21052631578947367	PGMLVGGP:0.21052631578947367	APAKCYLD:0.21052631578947367	TSKAVADL:0.21052631578947367	VCPISTTA:0.21052631578947367	YMQRCGQE:0.21052631578947367	ATSKAVAD:0.21052631578947367	STNEVDIY:0.3157894736842105	FAAVMAMG:0.2631578947368421	VDIYWNSP:0.21052631578947367	LIVCPIST:0.21052631578947367	FYMQRCGQ:0.21052631578947367	VDYRIQLN:0.21052631578947367	ESYSTNEV:0.3684210526315789	AAVMAMGY:0.2631578947368421	TNEVDIYW:0.3157894736842105	VYHKVTCA:0.2631578947368421	YVVATSKA:0.2631578947368421	KNPHHRPS:0.2631578947368421	GRYVVATS:0.3157894736842105	CPISTTAT:0.21052631578947367	DYGRYVVA:0.3684210526315789	VATSKAVA:0.21052631578947367	GDDFNIPE:0.21052631578947367	FNIPESGN:0.21052631578947367	FGDDFNIP:0.21052631578947367	NIPESGNG:0.3684210526315789	DDFNIPES:0.21052631578947367	AFGDDFNI:0.21052631578947367	DFNIPESG:0.21052631578947367	TGGWHDAG:0.21052631578947367	TIYWNSPL:0.21052631578947367	MPGMLVGG:0.2631578947368421	KAMPGMLV:0.21052631578947367	GKAMPGML:0.21052631578947367	AMPGMLVG:0.21052631578947367	
