cluster number:4
GT92:32	GT92:32|2.4.1.-:1
DRKYAVQP:0.25	RDRKYAVQ:0.28125	GVHMSQNL:0.28125	RRDRKYAV:0.28125	LYCGSSLY:0.65625	MFFFDVDE:0.21875	WGYGRVYT:0.5625	ATGVHMSQ:0.21875	KWMFFFDV:0.21875	PDWGYGRV:0.53125	YGRVYTVV:0.5	GYGRVYTV:0.5	WMFFFDVD:0.21875	FFFDVDEY:0.59375	GSSLYGNL:0.5	YCGSSLYG:0.6875	DWGYGRVY:0.5625	YLYCGSSL:0.65625	VVNDCLHR:0.65625	DYLYCGSS:0.5	TGVHMSQN:0.28125	CGSSLYGN:0.59375	FGPRSHFV:0.3125	IRRDRKYA:0.28125	FATGVHMS:0.21875	YDYLYCGS:0.5	FFGPRSHF:0.3125	FFDVDEYI:0.5	YSQFTIEQ:0.28125	LPDWGYGR:0.59375	FDVDEYIY:0.4375	VNDCLHRY:0.6875	VYTVVVVN:0.5	YTVVVVNC:0.53125	TVVVVNCT:0.53125	VVVVNCTF:0.53125	RVYTVVVV:0.46875	RDRKYAIQ:0.46875	GRVYTVVV:0.4375	RRDRKYAI:0.53125	YYHYHNTI:0.25	RYYHYHNT:0.25	KIRYYHYH:0.21875	IRYYHYHN:0.53125	DNMKRLAG:0.25	DGYYYNQF:0.40625	RFVALEEA:0.21875	EWGFEKLV:0.3125	HYHNSINV:0.21875	MLPDWGYG:0.46875	SREWGFEK:0.28125	SAAALFVQ:0.34375	TFFFDVDE:0.46875	AYKMLPDW:0.34375	KLVFRNSI:0.40625	RHAANWTF:0.375	YHYHNSIN:0.21875	LLVHAYYS:0.25	IEQNPMSS:0.53125	VYDDNMKR:0.25	GRTTHKTE:0.28125	SHFVFHDA:0.34375	NADNAGGK:0.21875	CLHRYRHA:0.46875	VALEEAPG:0.25	YVYDDNMK:0.3125	ALEEAPGS:0.25	HFVFHDAG:0.34375	EYDGYYYN:0.21875	EQNPMSSK:0.3125	AALFVQMG:0.375	YNQFLVVN:0.46875	DCLHRYRH:0.46875	YGSAAALF:0.21875	NDCLHRYR:0.5625	RTKAYKML:0.25	LVVNDCLH:0.5	VVNCTFPS:0.28125	EEAPGSYD:0.25	SSLYGNLS:0.4375	HAANWTFF:0.28125	KAYKMLPD:0.34375	DIRAQAEY:0.21875	MGAYRGGP:0.5	WTFFFDVD:0.46875	VRTKAYKM:0.25	NCTFPSNP:0.25	SLYGNLSA:0.34375	VDEYIYLP:0.34375	REWGFEKL:0.3125	YGRTTHKT:0.25	LASKPTHV:0.28125	VQMGAYRG:0.375	QDIRAQAE:0.21875	LVFRNSIT:0.40625	LIRYYHYH:0.375	YRGGPRTF:0.34375	EPCREFVP:0.21875	PYVYDDNM:0.40625	FTIEQNPM:0.53125	GLASKPTH:0.28125	NWTFFFDV:0.34375	FVFHDAGG:0.34375	TFPSNPNA:0.25	QFLVVNDC:0.5	AANWTFFF:0.3125	GVHMSQNV:0.21875	GSAAALFV:0.34375	TVQDIRAQ:0.25	DDNMKRLA:0.25	EKLVFRNS:0.40625	FLVVNDCL:0.5	GFEKLVFR:0.40625	YDDNMKRL:0.25	LHRYRHAA:0.46875	GYYYNQFL:0.40625	NQFLVVND:0.5	ANWTFFFD:0.3125	QNPMSSKL:0.3125	TKAYKMLP:0.25	QMGAYRGG:0.375	SINVMGEP:0.25	PYFKCEWL:0.21875	GKLLVHAY:0.25	AEYDGYYY:0.21875	RGGPRTFA:0.34375	DVDEYIYL:0.34375	GGKLLVHA:0.25	ALFVQMGA:0.375	YHNSINVM:0.21875	VVVNCTFP:0.375	SRRYERFV:0.21875	GAYRGGPR:0.34375	FKCEWLPN:0.21875	WGFEKLVF:0.40625	DRKYAIQA:0.4375	ERFVALEE:0.25	RYRHAANW:0.34375	FVQMGAYR:0.375	KMLPDWGY:0.34375	YFKCEWLP:0.21875	NVMGEPCR:0.21875	YYYNQFLV:0.375	AYRGGPRT:0.34375	IRAQAEYD:0.21875	YDGYYYNQ:0.3125	YYHYHNSI:0.3125	YSREWGFE:0.28125	LVHAYYST:0.25	VRRDRKYA:0.375	YKMLPDWG:0.34375	AAALFVQM:0.375	KLLVHAYY:0.25	RYYHYHNS:0.28125	INVMGEPC:0.25	QFTIEQNP:0.53125	RSHFVFHD:0.21875	VNCTFPSN:0.28125	LFVQMGAY:0.375	YYNQFLVV:0.46875	FEKLVFRN:0.40625	TIEQNPMS:0.53125	PVRTKAYK:0.21875	RAQAEYDG:0.34375	QAEYDGYY:0.21875	AQAEYDGY:0.21875	NPMSSKLC:0.3125	FVALEEAP:0.21875	YRHAANWT:0.34375	LEEAPGSY:0.28125	HRYRHAAN:0.34375	CTFPSNPN:0.25	RSHFVLHD:0.21875	FVLHDAGG:0.25	SHFVLHDA:0.25	HFVLHDAG:0.25	TQFTIEQN:0.375	EYIYLPDG:0.21875	DEYIYLPD:0.21875	YTQFTIEQ:0.34375	TGVRRDRK:0.21875	GVRRDRKY:0.21875	VFRNSITG:0.21875	SITGVRRD:0.21875	FRNSITGV:0.21875	HDAGGVSP:0.25	NSITGVRR:0.21875	ITGVRRDR:0.21875	RNSITGVR:0.21875	PYTQFTIE:0.21875	RKYAIQAK:0.25	RAALEPWV:0.21875	TGVHMSEN:0.25	AALEPWVR:0.21875	REWMAYHA:0.25	YAIQAKNA:0.25	VRAALEPW:0.21875	VFHDAGGV:0.25	GVHMSENV:0.21875	KYAIQAKN:0.25	FHDAGGVS:0.21875	
