cluster number:79
CBM32:13	CBM32:13|PL7_3:5|PL7:4|CBM16:3|4.2.2.11:1|PL6:1|CBM6:1|CBM70:1|PL0:1|4.2.2.3:1|PL6_2:1|4.2.2.-:1
CFGQIHGP:0.23076923076923078	FGQIHGPS:0.23076923076923078	VRIVGYGN:0.23076923076923078	RIVGYGNS:0.23076923076923078	GNSANSWN:0.23076923076923078	YGNSANSW:0.23076923076923078	GDQRSATF:0.23076923076923078	FVRIVGYG:0.23076923076923078	IVGYGNSA:0.23076923076923078	KGDQRSAT:0.23076923076923078	AFYKGDQR:0.23076923076923078	GYGNSANS:0.23076923076923078	NSWNSITE:0.3076923076923077	SANSWNSI:0.23076923076923078	NSANSWNS:0.23076923076923078	SWNSITEV:0.23076923076923078	DQRSATFD:0.23076923076923078	IAFYKGDQ:0.23076923076923078	QFVRIVGY:0.23076923076923078	VGYGNSAN:0.3076923076923077	WNSITEVD:0.23076923076923078	ANSWNSIT:0.23076923076923078	NSITEVDI:0.23076923076923078	GTRWSANG:0.3076923076923077	NLGTRWSA:0.23076923076923078	TRWSANGS:0.3076923076923077	TWNSITEV:0.23076923076923078	RWSANGSG:0.3076923076923077	NGSGQWIR:0.23076923076923078	PSAISGDA:0.23076923076923078	LGTRWSAN:0.3076923076923077	ANGSGQWI:0.23076923076923078	ASSDDGNV:0.23076923076923078	SSNTWNSI:0.23076923076923078	SSGSGNPR:0.23076923076923078	GNSSNTWN:0.3076923076923077	NTWNSITE:0.3076923076923077	GSGQWIRY:0.23076923076923078	TSSGSGNP:0.23076923076923078	WSANGSGQ:0.3076923076923077	PTSSGSGN:0.23076923076923078	NSSNTWNS:0.3076923076923077	NPRTELRE:0.23076923076923078	SANGSGQW:0.23076923076923078	SNTWNSIT:0.23076923076923078	DPSAISGD:0.23076923076923078	SFNGGKLR:0.23076923076923078	GNYTQSNS:0.23076923076923078	TRWSANGN:0.23076923076923078	RWSANGNG:0.23076923076923078	LSTRWSAN:0.23076923076923078	STRWSANG:0.23076923076923078	
