cluster number:0
GH54:147	GH54:147|CBM42:65|CBM13:54|3.2.1.55:18|CBM2:7|CBM1:2|3.2.1.37:1|CBM6:1
HSTTRALY:0.46938775510204084	VAAHSTTR:0.4897959183673469	CFDYGNAE:0.6870748299319728	GTFYEGVM:0.40816326530612246	AAHSTTRA:0.5714285714285714	CVAAHSTT:0.4897959183673469	GGCCFDYG:0.23809523809523808	TQAPPGGF:0.21768707482993196	TFYEGVMT:0.4217687074829932	DYGNAETN:0.23809523809523808	LGIGGDNS:0.5170068027210885	DLENGLFS:0.3469387755102041	GTPCVAAH:0.5850340136054422	GCCFDYGN:0.5102040816326531	FYEGVMTS:0.32653061224489793	LENGLFSG:0.3469387755102041	ADLENGLF:0.5238095238095238	EGAIILGI:0.38095238095238093	EGVMTSGY:0.3401360544217687	KEGAIILG:0.3877551020408163	FDYGNAET:0.4897959183673469	IILGIGGD:0.46938775510204084	YEGVMTSG:0.32653061224489793	AIILGIGG:0.4557823129251701	PCVAAHST:0.5782312925170068	TPCVAAHS:0.6326530612244898	IMADLENG:0.23129251700680273	GVMTSGYP:0.3333333333333333	AHSTTRAL:0.6122448979591837	WIMADLEN:0.23129251700680273	MADLENGL:0.3673469387755102	ILGIGGDN:0.46938775510204084	PWIMADLE:0.24489795918367346	LTQAPPGG:0.23129251700680273	YDQSGRGN:0.23809523809523808	GGTPCVAA:0.4557823129251701	SGGTPCVA:0.23809523809523808	GAIILGIG:0.4557823129251701	PGTGYRNN:0.3197278911564626	GPWIMADL:0.24489795918367346	SPGTGYRN:0.20408163265306123	NGGCCFDY:0.23129251700680273	CCFDYGNA:0.7142857142857143	ENAVQANI:0.272108843537415	PSDATENA:0.2857142857142857	DATENAVQ:0.3129251700680272	VQANIVAA:0.2653061224489796	ATENAVQA:0.32653061224489793	TENAVQAN:0.2925170068027211	SDATENAV:0.2857142857142857	AAAQDSFC:0.2653061224489796	LGTGGDNS:0.25170068027210885	YAVLDGTH:0.23129251700680273	YPSDATEN:0.3333333333333333	VMTSGYPS:0.2653061224489796	TGNGHMEA:0.2108843537414966	DTGNGHME:0.21768707482993196	AVLDGTHY:0.23129251700680273	QGTFYEGV:0.2857142857142857	LITIIYDQ:0.20408163265306123	MTSGYPSD:0.272108843537415	VLDGTHYN:0.23129251700680273	CLITIIYD:0.20408163265306123	GIGGDNSN:0.24489795918367346	GYPSDATE:0.3673469387755102	TIIYDQSG:0.20408163265306123	TSGYPSDA:0.23129251700680273	SGYPSDAT:0.25170068027210885	TCLITIIY:0.20408163265306123	ITIIYDQS:0.20408163265306123	TTCLITII:0.20408163265306123	GPWVQADL:0.2585034013605442	KQGAIILG:0.20408163265306123	YMVTSGTH:0.22448979591836735	MVTSGTHV:0.21768707482993196	VTSGTHVN:0.22448979591836735	PWVQADLE:0.2653061224489796	DYGNAETS:0.20408163265306123	AQGTFYEG:0.24489795918367346	NHLTQAPP:0.20408163265306123	HLTQAPPG:0.20408163265306123	
