cluster number:44
PL1:96	PL1_2:92|CE8:9|PL1:4|CBM6:3|CBM2:2|CBM35:2|4.2.2.2:2
IDHCSMSW:0.2916666666666667	IIDHCSMS:0.21875	SMSWSTDE:0.2916666666666667	SFHHNLLA:0.2708333333333333	QTAPGDGI:0.6145833333333334	HCSMSWST:0.28125	NNYYKPGP:0.375	VNNYYKPG:0.23958333333333334	HHNLLAHH:0.3541666666666667	IAGQTAPG:0.625	AGQTAPGD:0.5625	TIAGQTAP:0.6458333333333334	ASFHHNLL:0.2604166666666667	DHCSMSWS:0.3645833333333333	NYYKPGPA:0.3333333333333333	CSMSWSTD:0.28125	FHHNLLAH:0.34375	GQTAPGDG:0.625	MSWSTDEC:0.22916666666666666	NNVIYNWG:0.3645833333333333	HGYGGIWG:0.46875	VTNLNDSG:0.2604166666666667	GYGGIWGG:0.4583333333333333	RNNVIYNW:0.3645833333333333	PAFPGAEG:0.20833333333333334	ITIAGQTA:0.28125	TAPGDGIC:0.4270833333333333	APGDGICL:0.3125	YYKPGPAT:0.3125	QWCIISES:0.25	DFRNNVIY:0.20833333333333334	KGAHGYGG:0.20833333333333334	TGGRGGKV:0.20833333333333334	WCIISESL:0.20833333333333334	
