cluster number:57
PL1:42	PL1:42|CBM66:12|CBM35:1
NVQMFSHH:0.42857142857142855	GLNIGLPV:0.21428571428571427	SHHIWIDH:0.42857142857142855	GGGLNIGL:0.40476190476190477	RVTYHHNW:0.21428571428571427	QRHPRVRF:0.38095238095238093	VQMFSHHI:0.21428571428571427	GQNGTTGG:0.5714285714285714	VTYHHNWF:0.30952380952380953	GGLNIGLP:0.38095238095238093	NGTTGGAG:0.5952380952380952	FSHHIWID:0.2619047619047619	ALGQNGTT:0.40476190476190477	HHIWIDHN:0.38095238095238093	TTGGAGGP:0.5238095238095238	AVHNVIIR:0.2619047619047619	YVTVSWNH:0.42857142857142855	VHNVIIRN:0.2619047619047619	GTTGGAGG:0.7142857142857143	QNGTTGGA:0.5238095238095238	DYVTVSWN:0.3333333333333333	VTVSWNHF:0.30952380952380953	QMFSHHIW:0.2619047619047619	HNVIIRNL:0.30952380952380953	LRVTYHHN:0.5	LGQNGTTG:0.40476190476190477	MFSHHIWI:0.2619047619047619	EPVHVYNN:0.38095238095238093	VRFGEPVH:0.30952380952380953	PVHVYNNY:0.38095238095238093	ADYVTVSW:0.21428571428571427	FGEPVHVY:0.2857142857142857	GADYVTVS:0.21428571428571427	RHPRVRFG:0.2857142857142857	GEPVHVYN:0.2857142857142857	PRVRFGEP:0.30952380952380953	VHVYNNYF:0.21428571428571427	RFGEPVHV:0.3333333333333333	RVRFGEPV:0.30952380952380953	FSHHVWID:0.21428571428571427	NAVHNVII:0.21428571428571427	KNMLLGHD:0.30952380952380953	RNPRVRFG:0.30952380952380953	HVWIDHND:0.2619047619047619	HHVWIDHN:0.3333333333333333	INVQMFSH:0.30952380952380953	PPANAVHN:0.30952380952380953	QRNPRVRF:0.35714285714285715	NALGQNGT:0.21428571428571427	NMLLGHDD:0.30952380952380953	GGAGGPTV:0.40476190476190477	VNALGQNG:0.21428571428571427	PVHVFNNY:0.2619047619047619	PANAVHNV:0.2619047619047619	AGGPTVTV:0.30952380952380953	QMFSHHVW:0.21428571428571427	VWIDHNDL:0.2619047619047619	TGGAGGPT:0.40476190476190477	GAGGPTVT:0.3333333333333333	DRTPQRNP:0.21428571428571427	ANAVHNVI:0.2619047619047619	VQMFSHHV:0.21428571428571427	TVSWNHTH:0.23809523809523808	HTKNMLLG:0.23809523809523808	TKNMLLGH:0.23809523809523808	MFSHHVWI:0.21428571428571427	SHHVWIDH:0.23809523809523808	RTPQRNPR:0.21428571428571427	VEGNYFEN:0.2857142857142857	VVEPRTYY:0.21428571428571427	EGNYFENV:0.30952380952380953	VHVYNNYY:0.2857142857142857	LKVTYHHN:0.21428571428571427	TGGGLNIG:0.2857142857142857	TYHHNFFD:0.23809523809523808	VTYHHNFF:0.21428571428571427	VHVFNNYY:0.2857142857142857	TYHHNWFD:0.23809523809523808	
