cluster number:34
PL1:78	PL1_2:74|PL1:4|CE8:1|4.2.2.2:1
TFSNNIIA:0.21794871794871795	IRVTTLAS:0.2948717948717949	IVFEVGGV:0.3076923076923077	IYNPGIWG:0.2948717948717949	GDVWMSDN:0.2948717948717949	IGNLYAHN:0.21794871794871795	NLIYNPGI:0.2948717948717949	DRDAVDKR:0.3333333333333333	FEVGGVID:0.3974358974358974	EPYVTIAG:0.2948717948717949	LASSGAGS:0.23076923076923078	PRIIVFEV:0.6025641025641025	THDVLMQH:0.28205128205128205	KGIHSMGT:0.32051282051282054	TTLASSGA:0.23076923076923078	FSNNIIAE:0.20512820512820512	YVTIAGQT:0.3076923076923077	LYAHNNER:0.32051282051282054	VTIAGQTA:0.5897435897435898	SMGTLVHD:0.3974358974358974	AWGTDENL:0.32051282051282054	QTAPSPGI:0.7051282051282052	HSMGTLVH:0.3974358974358974	TLASSGAG:0.23076923076923078	QHIRFRIG:0.28205128205128205	PKDRDAVD:0.32051282051282054	NNLIYNPG:0.47435897435897434	APSPGITL:0.41025641025641024	PYVTIAGQ:0.3076923076923077	LIYNPGIW:0.2948717948717949	TAPSPGIT:0.6666666666666666	GARPKDRD:0.3717948717948718	RVTTLASS:0.2692307692307692	VFEVGGVI:0.44871794871794873	IIVFEVGG:0.6025641025641025	WGTDENLS:0.3333333333333333	SSGAGSLR:0.23076923076923078	KGPRIIVF:0.48717948717948717	TKGPRIIV:0.21794871794871795	VWMSDNLA:0.3076923076923077	ASSGAGSL:0.23076923076923078	ERNPWFKG:0.21794871794871795	FAWGTDEN:0.32051282051282054	GIHSMGTL:0.32051282051282054	KDRDAVDK:0.32051282051282054	RPKDRDAV:0.32051282051282054	TIAGQTAP:0.8717948717948718	GSLREALA:0.3076923076923077	RDAVDKRI:0.3333333333333333	SNNIIAEG:0.23076923076923078	NNIIAEGL:0.23076923076923078	GAGSLREA:0.28205128205128205	HIRFRIGD:0.28205128205128205	SFAWGTDE:0.32051282051282054	SGAGSLRE:0.23076923076923078	GPRIIVFE:0.6025641025641025	YAHNNERN:0.32051282051282054	GTLVHDNV:0.32051282051282054	AGQTAPSP:0.717948717948718	AGSLREAL:0.28205128205128205	AGARPKDR:0.3717948717948718	IHSMGTLV:0.32051282051282054	RIIVFEVG:0.6025641025641025	IAGQTAPS:0.6923076923076923	DAVDKRIV:0.32051282051282054	GQTAPSPG:0.717948717948718	ARPKDRDA:0.32051282051282054	TLVHDNVT:0.32051282051282054	DVWMSDNL:0.2948717948717949	MGTLVHDN:0.32051282051282054	VNNLIYNP:0.358974358974359	VTTLASSG:0.2692307692307692	IIRVTTLA:0.34615384615384615	AAKGPRII:0.21794871794871795	GRIIRVTT:0.24358974358974358	IVFEVGGI:0.2692307692307692	GGRIIRVT:0.24358974358974358	APSPGITI:0.21794871794871795	VFEVGGII:0.28205128205128205	EVGGIIDL:0.2692307692307692	EPFVTIAG:0.24358974358974358	RIIRVTTL:0.24358974358974358	FEVGGIID:0.28205128205128205	ALAAKGPR:0.23076923076923078	FVTIAGQT:0.2564102564102564	VGGIIDLN:0.20512820512820512	LAAKGPRI:0.23076923076923078	AKGPRIIV:0.2564102564102564	PFVTIAGQ:0.2564102564102564	PSPGITLI:0.2564102564102564	EVGGVIDL:0.21794871794871795	HSKGSLIH:0.2564102564102564	LTIAGQTA:0.24358974358974358	SKGSLIHD:0.2564102564102564	KGEHSKGS:0.3076923076923077	GEHSKGSL:0.3076923076923077	EHSKGSLI:0.2564102564102564	GARPWDRD:0.21794871794871795	NMSASGPR:0.2692307692307692	PKGEHSKG:0.28205128205128205	FFVAEGRG:0.23076923076923078	HPKGEHSK:0.28205128205128205	ENMSASGP:0.2692307692307692	AGARPWDR:0.24358974358974358	NLAAEGLA:0.23076923076923078	RAVHYNLM:0.2564102564102564	DENMSASG:0.2692307692307692	SHPKGEHS:0.28205128205128205	MSASGPRF:0.2692307692307692	VDAWLQQM:0.23076923076923078	DAWLQQMA:0.23076923076923078	AWLQQMAK:0.20512820512820512	LFFVAEGR:0.21794871794871795	
