cluster number:41
PL1:44	PL1_6:41|CE8:6|PL1:3
RLPRVRFG:0.38636363636363635	DGSLDVTH:0.20454545454545456	NWNSQYDQ:0.2727272727272727	DVTHTASL:0.25	NTVGPDVG:0.29545454545454547	GSSNTVGP:0.29545454545454547	VTHTASLV:0.25	LIGSSNTV:0.3181818181818182	QISVRRSE:0.25	LGGDNATN:0.25	CFPAWSPT:0.25	HTASLVTA:0.20454545454545456	QTRQTQIN:0.20454545454545456	TFTDGDNP:0.3409090909090909	VGPDVGRL:0.29545454545454547	WNSQYDQI:0.25	PSGPLEEA:0.22727272727272727	RLRVTLHH:0.20454545454545456	FGRPYQVH:0.4772727272727273	IGSSNTVG:0.3181818181818182	LPRVRFGQ:0.3181818181818182	AGWTPTLR:0.3181818181818182	LDVTHTAS:0.20454545454545456	QRLPRVRF:0.36363636363636365	RDCFPAWS:0.29545454545454547	WVDHNTFT:0.20454545454545456	ALGVGVQS:0.22727272727272727	VHDGSLDV:0.20454545454545456	SNVIVRNL:0.20454545454545456	GSLDVTHT:0.20454545454545456	HDGSLDVT:0.20454545454545456	VWVDHNTF:0.20454545454545456	VDHNTFTD:0.20454545454545456	SSNTVGPD:0.29545454545454547	FTDGDNPD:0.3409090909090909	LYDWGGTA:0.20454545454545456	NSQYDQIS:0.25	GNWNSQYD:0.2727272727272727	FPAWSPTD:0.25	RVRFGQVD:0.38636363636363635	GTTGGSAA:0.4318181818181818	GRPYQVHD:0.5227272727272727	SGPLEEAR:0.22727272727272727	RPYQVHDG:0.5454545454545454	ALGGDNAT:0.25	SLDVTHTA:0.20454545454545456	TGLTLMID:0.25	NTFTDGDN:0.3409090909090909	LLYDWGGT:0.20454545454545456	DCFPAWSP:0.29545454545454547	DARDCFPA:0.29545454545454547	GRLRVTLH:0.20454545454545456	QYDQISVR:0.25	DQISVRRS:0.25	TRQTQINV:0.20454545454545456	DLLYDWGG:0.20454545454545456	HNTFTDGD:0.3409090909090909	SNTVGPDV:0.29545454545454547	LRVTLHHN:0.36363636363636365	YQVHDGSL:0.20454545454545456	THTASLVT:0.2727272727272727	NVIVRNLT:0.25	VRFGQVDV:0.2727272727272727	YDQISVRR:0.25	PYQVHDGS:0.20454545454545456	SQYDQISV:0.25	PAWSPTDG:0.25	TDGDNPDS:0.2727272727272727	AALGGDNA:0.22727272727272727	ARDCFPAW:0.29545454545454547	LQRLPRVR:0.3181818181818182	DAGWTPTL:0.4090909090909091	YALGVGVQ:0.22727272727272727	DHNTFTDG:0.3409090909090909	RQTQINVG:0.20454545454545456	PRVRFGQV:0.6590909090909091	QVHDGSLD:0.20454545454545456	TVGPDVGR:0.29545454545454547	VTLHHNLF:0.25	LTGLTLMI:0.25	RAELVAAL:0.20454545454545456	YLAAYDPA:0.45454545454545453	MLIGSSNT:0.29545454545454547	AYDPAVWG:0.45454545454545453	AAYDPAVW:0.4090909090909091	YDPAVWGR:0.36363636363636365	YFGRPYQV:0.29545454545454547	ARLTGLTL:0.20454545454545456	GARLTGLT:0.20454545454545456	LAAYDPAV:0.4090909090909091	RLTGLTLM:0.20454545454545456	AYLAAYDP:0.38636363636363635	TGTTGGSA:0.29545454545454547	RVRFGQVH:0.2727272727272727	SLPAYLAA:0.20454545454545456	DCFPQWDP:0.25	LPAYLAAY:0.20454545454545456	YSLPAYLA:0.20454545454545456	VRFGQVHV:0.20454545454545456	GQVHVYNN:0.3181818181818182	FPQWDPTD:0.29545454545454547	PAYLAAYD:0.20454545454545456	CFPQWDPT:0.22727272727272727	PQWDPTDG:0.2727272727272727	GTTGGAAA:0.3409090909090909	GSDLVTVS:0.22727272727272727	RAPRVRFG:0.2727272727272727	TNGSDLVT:0.20454545454545456	QRAPRVRF:0.20454545454545456	APRVRFGQ:0.25	PANDGWAA:0.25	LPANDGWA:0.25	DKTMLIGS:0.25	HDKTMLIG:0.2727272727272727	DVGKLRVT:0.22727272727272727	PYQVHDGA:0.20454545454545456	KTMLIGST:0.20454545454545456	PRVRYGQV:0.22727272727272727	
