cluster number:43
PL1:46	PL1:43|CBM13:8|CBM2:3|CBM35:3|4.2.2.2:2|CBM66:2|PL1_7:1|PL1_5:1|PL1_4:1
NHFVNSGS:0.21739130434782608	VEGNYFEN:0.391304347826087	NVQYSTRV:0.21739130434782608	DGTNQRHP:0.2391304347826087	HPRVRFGN:0.34782608695652173	RNNHFVNS:0.30434782608695654	VRFGNPVH:0.5652173913043478	RFGNPVHV:0.5652173913043478	NNHFVNSG:0.2608695652173913	HHNWFDGT:0.21739130434782608	QRHPRVRF:0.4782608695652174	KTMLLGHS:0.2391304347826087	VARNNHFV:0.2826086956521739	WFDGTNQR:0.30434782608695654	PRVRFGNP:0.5652173913043478	DKTMLLGH:0.2608695652173913	AGVLVEGN:0.391304347826087	GNPVHVYN:0.34782608695652173	HNWFDGTN:0.2826086956521739	GGTTGGGS:0.30434782608695654	VLVEGNYF:0.41304347826086957	GTTGGGSA:0.2826086956521739	PVHVYNNY:0.32608695652173914	NQRHPRVR:0.30434782608695654	INVQYSTR:0.21739130434782608	NPVHVYNN:0.34782608695652173	RHPRVRFG:0.5	FDGTNQRH:0.2391304347826087	GVLVEGNY:0.41304347826086957	GTNQRHPR:0.2608695652173913	LLGHSDDN:0.32608695652173914	EGNYFENT:0.30434782608695654	LVEGNYFE:0.41304347826086957	TNQRHPRV:0.2608695652173913	HDKTMLLG:0.2391304347826087	FGNPVHVY:0.34782608695652173	HFVNSGSG:0.21739130434782608	VHVYNNYY:0.30434782608695654	YHHNWFDG:0.391304347826087	NWFDGTNQ:0.30434782608695654	RVRFGNPV:0.5652173913043478	ARNNHFVN:0.30434782608695654	TMLLGHSD:0.2391304347826087	MLLGHSDD:0.2826086956521739	LVARNNHF:0.2826086956521739	GSYGVAST:0.2391304347826087	RNPRVRFG:0.2608695652173913	VTYHHNWF:0.41304347826086957	TYHHNWFD:0.391304347826087	QRNPRVRF:0.2608695652173913	RVTYHHNW:0.34782608695652173	VIRVSGTI:0.2391304347826087	LRVTYHHN:0.3695652173913043	NVIIRNLT:0.2826086956521739	VIIRNLTF:0.2826086956521739	NPRVRFGN:0.21739130434782608	
