cluster number:40
PL1:17	PL1:17|CBM35:2
RMPRVRFG:0.7058823529411765	RNLIFEGP:0.5294117647058824	ASQNGGTT:0.4117647058823529	EFRDGVDG:0.47058823529411764	KAGGSGGS:0.23529411764705882	IRNLIFEG:0.47058823529411764	RVRFGKVH:0.5294117647058824	CEFRDGVD:0.47058823529411764	GSSDGATA:0.23529411764705882	FEGPGAYD:0.5882352941176471	WVDHCEFR:0.4117647058823529	NVWVDHCE:0.4117647058823529	KPPKAGGS:0.29411764705882354	SQNGGTTG:0.4117647058823529	GWASQNGG:0.47058823529411764	HCEFRDGV:0.47058823529411764	SFQDQTGK:0.29411764705882354	NLIFEGPG:0.5294117647058824	TDGWDNAI:0.29411764705882354	LIFEGPGA:0.47058823529411764	DGVDGNFD:0.4117647058823529	FRDGVDGN:0.47058823529411764	DGNFDIKN:0.47058823529411764	DHCEFRDG:0.47058823529411764	MPRVRFGK:0.6470588235294118	NIIIRNLI:0.5294117647058824	EGPGAYDT:0.5294117647058824	PKAGGSGG:0.4117647058823529	RDGVDGNF:0.4117647058823529	IGSSDGAT:0.47058823529411764	TNVWVDHC:0.29411764705882354	QDQTGKTI:0.35294117647058826	GVDGNFDI:0.4117647058823529	IIIRNLIF:0.5294117647058824	VDHCEFRD:0.4117647058823529	GAYDTDGW:0.47058823529411764	PRVRFGKV:0.5294117647058824	VDGNFDIK:0.4117647058823529	NGGTTGGG:0.35294117647058826	QNGGTTGG:0.47058823529411764	WASQNGGT:0.47058823529411764	DTDGWDNA:0.4117647058823529	YDTDGWDN:0.47058823529411764	GPGAYDTD:0.5294117647058824	PPKAGGSG:0.29411764705882354	AYDTDGWD:0.47058823529411764	LIGSSDGA:0.47058823529411764	FQDQTGKT:0.29411764705882354	PGAYDTDG:0.5294117647058824	IFEGPGAY:0.47058823529411764	SSDGATAD:0.23529411764705882	VWVDHCEF:0.4117647058823529	IIRNLIFE:0.47058823529411764	GCKERMPR:0.35294117647058826	LRITFARC:0.29411764705882354	ARCWWAPG:0.23529411764705882	FARCWWAP:0.23529411764705882	RCWWAPGC:0.29411764705882354	TDDHRFSN:0.23529411764705882	GGSGGTDD:0.23529411764705882	WWAPGCKE:0.29411764705882354	RFSNLIGS:0.23529411764705882	ERMPRVRF:0.5882352941176471	CKERMPRV:0.29411764705882354	SGGTDDHR:0.23529411764705882	PGWASQNG:0.29411764705882354	RITFARCW:0.29411764705882354	PGCKERMP:0.29411764705882354	ITFARCWW:0.35294117647058826	KERMPRVR:0.29411764705882354	SNLIGSSD:0.35294117647058826	DDHRFSNL:0.29411764705882354	GTDDHRFS:0.23529411764705882	CWWAPGCK:0.29411764705882354	AETTVTTY:0.29411764705882354	TTVTTYAQ:0.23529411764705882	APGCKERM:0.29411764705882354	FSNLIGSS:0.23529411764705882	DHRFSNLI:0.23529411764705882	TVTTYAQL:0.23529411764705882	HRFSNLIG:0.23529411764705882	TFARCWWA:0.35294117647058826	GGTDDHRF:0.23529411764705882	VTTYAQLK:0.29411764705882354	AFTPPYSI:0.29411764705882354	ETTVTTYA:0.29411764705882354	GSGGTDDH:0.23529411764705882	TAFTPPYS:0.29411764705882354	WAPGCKER:0.29411764705882354	KTIIGLPG:0.23529411764705882	TIIGLPGA:0.23529411764705882	SSDGATGD:0.23529411764705882	GTAFTPPY:0.23529411764705882	AGSGTAFT:0.23529411764705882	TGKTIYGA:0.23529411764705882	KLRITFAR:0.23529411764705882	SGTAFTPP:0.23529411764705882	GGTTGGGS:0.23529411764705882	GSGTAFTP:0.23529411764705882	RGKLRITF:0.23529411764705882	YLKPPKAG:0.23529411764705882	DRGKLRIT:0.23529411764705882	SGIINIKR:0.23529411764705882	SNKCIAAG:0.23529411764705882	NFDIKNKS:0.23529411764705882	GSSDGATG:0.23529411764705882	DGWDNAIL:0.23529411764705882	GIINIKRC:0.23529411764705882	FDIKNKSD:0.23529411764705882	LKPPKAGG:0.23529411764705882	NLIGSSDG:0.35294117647058826	GWDNAILD:0.23529411764705882	VRFGKVHI:0.29411764705882354	GKLRITFA:0.23529411764705882	GNFDIKNK:0.23529411764705882	QTGKTIYG:0.23529411764705882	DQTGKTIY:0.23529411764705882	LRVTYHHN:0.23529411764705882	
