cluster number:49
PL1:49	PL1:48|CBM77:26|PL9_1:8|CBM37:1|PL1_5:1|CE8:1|CBM35:1
WFDHSDSR:0.673469387755102	FDHSDSRH:0.6122448979591837	HNWFDHSD:0.673469387755102	TYHHNWFD:0.42857142857142855	ITYHHNWF:0.22448979591836735	HHNWFDHS:0.6530612244897959	NWFDHSDS:0.673469387755102	YHHNWFDH:0.4489795918367347	NITIEGIG:0.22448979591836735	MNITIEGI:0.20408163265306123	EMNITIEG:0.20408163265306123	YITYHHNW:0.32653061224489793	NVEVRNLG:0.30612244897959184	GGMIKAYN:0.20408163265306123	DRSGFAFS:0.2857142857142857	HPRIRVAS:0.20408163265306123	DSRHPRIR:0.5510204081632653	LTLTQCLK:0.24489795918367346	DAYLASSR:0.2857142857142857	TFHHNWFD:0.22448979591836735	PMLSSLQG:0.22448979591836735	SFDAYLAS:0.20408163265306123	LTQCLKIE:0.2653061224489796	GLTLTQCL:0.20408163265306123	RIRVASVH:0.20408163265306123	ITISYNHY:0.22448979591836735	QKGYDTTP:0.20408163265306123	RQKGYDTT:0.20408163265306123	YDTTPLAI:0.20408163265306123	SKYGVGVT:0.30612244897959184	SDSRHPRI:0.5510204081632653	FHHNWFDH:0.22448979591836735	PRIRVASV:0.20408163265306123	HNNDIFYG:0.30612244897959184	TLTQCLKI:0.22448979591836735	FDAYLASS:0.2857142857142857	MLFPDDGI:0.24489795918367346	EGTFSGEN:0.22448979591836735	KGYDTTPL:0.20408163265306123	WVHNNDIF:0.30612244897959184	GQLNSSGY:0.22448979591836735	DTTPLAIR:0.20408163265306123	TFSGENGG:0.2857142857142857	NVWVHNND:0.22448979591836735	TAYNNFDT:0.22448979591836735	GYDTTPLA:0.20408163265306123	SRHPRIRV:0.3673469387755102	GGTAYNNF:0.22448979591836735	ADAVGLAA:0.24489795918367346	QLNSSGYL:0.22448979591836735	SYWRADAV:0.22448979591836735	GTGSGAYN:0.22448979591836735	LRQKGYDT:0.22448979591836735	VHNNDIFY:0.30612244897959184	GNLSTSKG:0.22448979591836735	YDRSGFAF:0.20408163265306123	LFPDDGIS:0.24489795918367346	GNVEVRNL:0.20408163265306123	GDGSTDLK:0.20408163265306123	YITISYNH:0.20408163265306123	DAYAYGWG:0.22448979591836735	RADAVGLA:0.24489795918367346	GTAYNNFD:0.22448979591836735	GAHTITKD:0.22448979591836735	GMIKAYNN:0.20408163265306123	GVMLFPDD:0.20408163265306123	DAVGLAAG:0.2857142857142857	LVSVGGNS:0.24489795918367346	STLTLVFN:0.20408163265306123	WRADAVGL:0.22448979591836735	TQCLKIES:0.24489795918367346	HSDSRHPR:0.7755102040816326	RHPRIRVA:0.20408163265306123	GTFSGENG:0.2857142857142857	KGDGSTDL:0.20408163265306123	ASTLTLVF:0.2653061224489796	YWRADAVG:0.22448979591836735	DHSDSRHP:0.7755102040816326	DSRHPRVR:0.22448979591836735	SDSRHPRV:0.22448979591836735	DQAKGDGS:0.2857142857142857	GTDALGEG:0.20408163265306123	DALGEGTF:0.20408163265306123	ADQAKGDG:0.3469387755102041	ALGEGTFS:0.20408163265306123	AKGDGSTD:0.20408163265306123	LGEGTFSG:0.20408163265306123	DADQAKGD:0.32653061224489793	AGGDADQA:0.22448979591836735	YLASSRNE:0.22448979591836735	GDADQAKG:0.2653061224489796	QAKGDGST:0.20408163265306123	GGDADQAK:0.2653061224489796	AYLASSRN:0.22448979591836735	GEGTFSGE:0.20408163265306123	QGTDALGE:0.20408163265306123	HVYNNYYD:0.20408163265306123	VYNNYYDG:0.20408163265306123	NYFRNCKY:0.2857142857142857	YNNYYDGN:0.20408163265306123	DGNSKYGV:0.22448979591836735	GNSKYGVG:0.22448979591836735	YFRNCKYP:0.2857142857142857	NWYDHSDS:0.24489795918367346	FRNCKYPM:0.2857142857142857	TYHHNWYD:0.24489795918367346	YHHNWYDH:0.24489795918367346	YDHSDSRH:0.24489795918367346	HNWYDHSD:0.24489795918367346	WYDHSDSR:0.24489795918367346	HHNWYDHS:0.24489795918367346	RNCKYPML:0.2653061224489796	YNNYFDGN:0.24489795918367346	NIWVHNND:0.20408163265306123	
