cluster number:31
PL1:17	PL1_2:11|PL1:6|CBM3:1
TRNPKVKG:0.29411764705882354	NTTIAGQT:0.29411764705882354	DEVFSINW:0.23529411764705882	KGINEFVN:0.23529411764705882	PGSFRDAV:0.47058823529411764	GPGSFRDA:0.5294117647058824	DSGPGSFR:0.4117647058823529	GINEFVNN:0.23529411764705882	ANTTIAGQ:0.23529411764705882	VTNLNDSG:0.47058823529411764	IAGQTAPG:0.8823529411764706	SGPGSFRD:0.4117647058823529	TTIAGQTA:0.29411764705882354	LNDSGPGS:0.35294117647058826	TIAGQTAP:0.8823529411764706	AEGFGRFA:0.23529411764705882	GSFRDAVS:0.7058823529411765	NIINNYFI:0.23529411764705882	NDSGPGSF:0.29411764705882354	NLNDSGPG:0.35294117647058826	EVFSINWD:0.23529411764705882	TNLNDSGP:0.35294117647058826	NITIAGQT:0.35294117647058826	SFRDAVSQ:0.4117647058823529	KSNITIAG:0.23529411764705882	QTAPGEGI:0.35294117647058826	GQTAPGEG:0.4117647058823529	ITIAGQTA:0.35294117647058826	AGQTAPGE:0.4117647058823529	SNITIAGQ:0.23529411764705882	AFPGAEGF:0.35294117647058826	RDGTFDLN:0.23529411764705882	FRDAVSQP:0.23529411764705882	FPGAEGFG:0.35294117647058826	GAEGFGRF:0.23529411764705882	PGAEGFGR:0.23529411764705882	GRDGTFDL:0.23529411764705882	WGRDGTFD:0.23529411764705882	VNNVVYNW:0.47058823529411764	TVVFDVGG:0.23529411764705882	GQTAPGGG:0.23529411764705882	NNVVYNWG:0.4117647058823529	NRTVVFDV:0.23529411764705882	QTAPGGGI:0.23529411764705882	AGQTAPGG:0.29411764705882354	RTVVFDVG:0.23529411764705882	DGMPDAWE:0.23529411764705882	FVNNVVYN:0.47058823529411764	HRHNHSAG:0.23529411764705882	IQNSIIGQ:0.23529411764705882	HNHSAGGL:0.23529411764705882	NKDGVLNG:0.23529411764705882	QNSIIGQG:0.23529411764705882	EFVNNVVY:0.29411764705882354	ITIQNSII:0.29411764705882354	TIQNSIIG:0.23529411764705882	RHNHSAGG:0.23529411764705882	NEFVNNVV:0.23529411764705882	
