cluster number:48
PL1:86	PL1_4:82|4.2.2.10:17|PL1:4
ATCDGYHY:0.20930232558139536	NTLLHAVN:0.313953488372093	YSATCDGY:0.22093023255813954	DHVTTARI:0.4069767441860465	IGRQHIVL:0.3023255813953488	GYVLAEGN:0.3023255813953488	LHAVNNYW:0.36046511627906974	VTTARIGR:0.313953488372093	TLLHAVNN:0.32558139534883723	HVTTARIG:0.313953488372093	GNTLLHAV:0.26744186046511625	SDYSATCD:0.3023255813953488	TARIGRQH:0.38372093023255816	GRQHIVLG:0.3023255813953488	DYSATCDG:0.27906976744186046	TCDGYHYW:0.20930232558139536	SATCDGYH:0.20930232558139536	GGYVLAEG:0.313953488372093	LLHAVNNY:0.2558139534883721	SGHAFEIG:0.23255813953488372	TTARIGRQ:0.36046511627906974	TSGRAPKV:0.27906976744186046	RQHIVLGT:0.3023255813953488	TDELVSYL:0.20930232558139536	EGFAKGVT:0.2441860465116279	LVSYLGDS:0.2558139534883721	VIKGKGLR:0.23255813953488372	FAKGVTGG:0.2441860465116279	GCAPWGTA:0.36046511627906974	IDHVTTAR:0.37209302325581395	VWGGDAIT:0.7209302325581395	FDFTGTEG:0.27906976744186046	YVWGGDAI:0.6976744186046512	KYVWGGDA:0.4186046511627907	KGVTGGGS:0.23255813953488372	LAEGNVFQ:0.20930232558139536	GFAKGVTG:0.2441860465116279	PKYVWGGD:0.3488372093023256	DELVSYLG:0.27906976744186046	KGKGLRIV:0.23255813953488372	IKGKGLRI:0.2558139534883721	WGGDAITL:0.5	NIIIQNIA:0.27906976744186046	GVTGGGSA:0.26744186046511625	VWIDHVTT:0.4883720930232558	WIDHVTTA:0.37209302325581395	AKGVTGGG:0.2441860465116279	AEGFAKGV:0.2441860465116279	DFTGTEGT:0.27906976744186046	NPKYVWGG:0.3488372093023256	GVIKGKGL:0.3023255813953488	AEGNVFQN:0.22093023255813954	VLAEGNVF:0.20930232558139536	NGFGSSGT:0.20930232558139536	GLRIVSGA:0.2558139534883721	KGLRIVSG:0.20930232558139536	GKGLRIVS:0.20930232558139536	ELVSYLGD:0.45348837209302323	TGCAPWGT:0.47674418604651164	GGDAITLD:0.3953488372093023	CAPWGTAS:0.3372093023255814	GCAPWGTG:0.20930232558139536	QYVWGGDA:0.22093023255813954	PQYVWGGD:0.23255813953488372	NPQYVWGG:0.23255813953488372	ITVNSNKS:0.2441860465116279	INPKYVWG:0.26744186046511625	HAFEIGSG:0.20930232558139536	IIIQNIAV:0.20930232558139536	SNKSLIGE:0.313953488372093	IIQNIAVT:0.27906976744186046	IAVTDINP:0.27906976744186046	IQNIAVTD:0.27906976744186046	DLVWIDHV:0.43023255813953487	NIAVTDIN:0.36046511627906974	NKSLIGEG:0.3023255813953488	LVWIDHVT:0.3953488372093023	ADLVWIDH:0.22093023255813954	QNIAVTDI:0.3488372093023256	KTSGRAPK:0.20930232558139536	RQHYVLGT:0.26744186046511625	GRQHYVLG:0.2558139534883721	RIGRQHYV:0.2558139534883721	IGRQHYVL:0.2558139534883721	ARIGRQHY:0.2558139534883721	TDINPKYV:0.2441860465116279	DINPKYVW:0.2441860465116279	
