cluster number:51
PL1:18	PL1:17|PL1_2:1|CBM13:1
AGARPADR:0.5555555555555556	PSPGITFI:0.2222222222222222	VAGQTAPS:0.5555555555555556	CWVAGQTA:0.3888888888888889	VGLAVTSH:0.2777777777777778	DCVVQHLR:0.2222222222222222	QTAPSPGI:0.7222222222222222	DKCWVAGQ:0.2222222222222222	KCWVAGQT:0.2222222222222222	GEASLQWR:0.2222222222222222	DENLSVGY:0.2777777777777778	AGQTAPSP:0.9444444444444444	GQTAPSPG:0.9444444444444444	WVAGQTAP:0.3888888888888889	APSPGITF:0.2777777777777778	TAPSPGIT:0.6666666666666666	GPRLVVFE:0.3333333333333333	YVGLAVTS:0.2777777777777778	TEASIVGN:0.2222222222222222	VGARPADR:0.3333333333333333	ARPADRTA:0.2777777777777778	TSGTIDLG:0.4444444444444444	DECLSVGY:0.3333333333333333	GGYPDLPV:0.2777777777777778	ITEPTRRQ:0.2222222222222222	DTEASIVG:0.2222222222222222	VVFETSGT:0.5555555555555556	TAPSPGVT:0.2222222222222222	GARPADRT:0.7777777777777778	DPDTEASI:0.2222222222222222	IAGQTAPS:0.3333333333333333	FETSGTID:0.7222222222222222	APWLDDDT:0.2777777777777778	ETSGTIDL:0.6666666666666666	NVGARPAD:0.2222222222222222	EYREVPTE:0.2222222222222222	GYPDLPVN:0.2777777777777778	LVVFETSG:0.3888888888888889	HGYGSLIG:0.2222222222222222	QTAPSPGV:0.2222222222222222	VFETSGTI:0.6666666666666666	VGGYPDLP:0.3888888888888889	PWLDDDTP:0.2777777777777778	TEPTRRQL:0.2222222222222222	RLVVFETS:0.3888888888888889	MYFFNEAT:0.2222222222222222	RGRVPRLK:0.2222222222222222	GRVPRLKS:0.2222222222222222	DCVVQHIR:0.2222222222222222	ASWGTDEC:0.2777777777777778	DPAPWLDD:0.2222222222222222	NVMYFFNE:0.2222222222222222	SASWGTDE:0.2222222222222222	EATNMDGD:0.2222222222222222	ADPAPWLD:0.2222222222222222	FNEATNMD:0.2222222222222222	NEATNMDG:0.2222222222222222	FFNEATNM:0.2222222222222222	SGTIDLGG:0.2777777777777778	VMYFFNEA:0.2222222222222222	ATNMDGDT:0.2222222222222222	LSSRPLWP:0.2222222222222222	NNVMYFFN:0.2222222222222222	FADPAPWL:0.2222222222222222	YFFNEATN:0.2222222222222222	YEGLYDPY:0.3333333333333333	GFADPAPW:0.2222222222222222	ANNVMYFF:0.2222222222222222	QEEVGGYP:0.2222222222222222	APSPGITL:0.2777777777777778	PRLVVFET:0.2777777777777778	SQEEVGGY:0.2222222222222222	TENNVIDH:0.2222222222222222	NNVIDHCT:0.2777777777777778	DSQEEVGG:0.2222222222222222	EVGGYPDL:0.2222222222222222	ADDCVVQH:0.2777777777777778	DGPRLVVF:0.2222222222222222	IDSQEEVG:0.2222222222222222	VDGPRLVV:0.2222222222222222	SVVANNVM:0.2222222222222222	LPVNTHSL:0.2222222222222222	WGTDECLS:0.2222222222222222	TRSVVANN:0.2222222222222222	TDECLSVG:0.2222222222222222	VVANNVMY:0.2222222222222222	RSVVANNV:0.2222222222222222	LDSPYDYW:0.2222222222222222	EPTRSAVE:0.2222222222222222	GTDECLSV:0.2222222222222222	TLAGNVWA:0.2222222222222222	ECLSVGYD:0.2222222222222222	NAGARPAD:0.3333333333333333	EGLYDPYG:0.2777777777777778	NVTLAGNV:0.2777777777777778	SWGTDECL:0.2222222222222222	VTLAGNVW:0.2777777777777778	CLSVGYDT:0.2222222222222222	VGGYPDLE:0.2222222222222222	DSPYDYWV:0.2222222222222222	RVVVFETS:0.2777777777777778	VVVFETSG:0.2777777777777778	
