cluster number:16
PL1:19	PL1:19
LEPDIFVD:0.21052631578947367	EPDIFVDT:0.21052631578947367	RFENAQTG:0.47368421052631576	ILFGLEPD:0.3684210526315789	ENAQTGIL:0.2631578947368421	GILFGLEP:0.42105263157894735	FEEYPLIE:0.2631578947368421	TISWSRFE:0.42105263157894735	FENAQTGI:0.2631578947368421	WSRFENAQ:0.47368421052631576	TGILFGLE:0.21052631578947367	NAQTGILF:0.2631578947368421	AQTGILFG:0.2631578947368421	LFGLEPDI:0.3684210526315789	VTISWSRF:0.3684210526315789	SWSRFENA:0.47368421052631576	GLEPDIFV:0.21052631578947367	EEYPLIEV:0.21052631578947367	SRFENAQT:0.42105263157894735	EYPLIEVD:0.21052631578947367	QTGILFGL:0.2631578947368421	ISWSRFEN:0.3684210526315789	FGLEPDIF:0.3157894736842105	HAYNNYYE:0.5263157894736842	TFEEYPLV:0.3684210526315789	GVLFGLAG:0.2631578947368421	GILSHGGE:0.2631578947368421	ELHAYNNY:0.2631578947368421	HNYFAGLS:0.21052631578947367	ENAQTGVL:0.2631578947368421	LSHGGELH:0.2631578947368421	ILSHGGEL:0.2631578947368421	IDHCTFEE:0.42105263157894735	SHGGELHA:0.21052631578947367	AQTGVLFG:0.3157894736842105	FGLAGDII:0.2631578947368421	VLFGLAGD:0.21052631578947367	FENAQTGV:0.2631578947368421	QTGVLFGL:0.3157894736842105	GTHIWIDH:0.3684210526315789	EEYPLVEL:0.2631578947368421	YPLVELDV:0.2631578947368421	LFGLAGDI:0.2631578947368421	PLVELDVK:0.2631578947368421	FEEYPLVE:0.3684210526315789	WIDHCTFE:0.42105263157894735	GELHAYNN:0.2631578947368421	CTFEEYPL:0.6842105263157895	HCTFEEYP:0.631578947368421	HIWIDHCT:0.3684210526315789	EYPLVELD:0.2631578947368421	DHCTFEEY:0.631578947368421	NAQTGVLF:0.2631578947368421	IWIDHCTF:0.3684210526315789	DGILSHGG:0.2631578947368421	TGVLFGLA:0.2631578947368421	HGGELHAY:0.2631578947368421	HHNYFAGL:0.2631578947368421	LHAYNNYY:0.2631578947368421	LVELDVKR:0.2631578947368421	VELDVKRG:0.21052631578947367	THIWIDHC:0.3684210526315789	GGELHAYN:0.2631578947368421	ENAQSGIL:0.21052631578947367	FENAQSGI:0.21052631578947367	NAQSGILF:0.21052631578947367	AQSGILFG:0.21052631578947367	QSGILFGL:0.2631578947368421	RFENAQSG:0.21052631578947367	LHHNYFAN:0.21052631578947367	TLHHNYFA:0.21052631578947367	QSLTMHHN:0.21052631578947367	AQSLTMHH:0.21052631578947367	IIMDTAQS:0.2631578947368421	LTMHHNYF:0.3684210526315789	IMDTAQSL:0.2631578947368421	MHHNYFAG:0.2631578947368421	TMHHNYFA:0.3157894736842105	TAQSLTMH:0.21052631578947367	SLTMHHNY:0.21052631578947367	MDTAQSLT:0.2631578947368421	DTAQSLTM:0.21052631578947367	HVYNNYYE:0.3684210526315789	AGDIIMDT:0.21052631578947367	LAGDIIMD:0.21052631578947367	GDIIMDTA:0.21052631578947367	DIIMDTAQ:0.21052631578947367	LHVYNNYY:0.2631578947368421	GLAGDIIM:0.21052631578947367	KRSSYAVT:0.21052631578947367	SYAVTLSW:0.21052631578947367	SSYAVTLS:0.21052631578947367	RSSYAVTL:0.21052631578947367	AVTLSWNR:0.3157894736842105	LSWNRFEN:0.3157894736842105	QTLTLHHN:0.2631578947368421	SWNRFENA:0.2631578947368421	YAVTLSWN:0.21052631578947367	TLSWNRFE:0.3157894736842105	WNRFENAQ:0.2631578947368421	TFEEYPLI:0.3157894736842105	TLTLHHNY:0.2631578947368421	SGILFGLE:0.21052631578947367	LTLHHNYF:0.2631578947368421	VTLSWNRF:0.3157894736842105	
