cluster number:6
GH109:71	GH109:71
DVYDAALW:0.2535211267605634	WRLIDCLR:0.5070422535211268	TSERTKKH:0.22535211267605634	DWRLIDCL:0.4788732394366197	SERTKKHC:0.22535211267605634	LIDCLRNG:0.49295774647887325	VETSERTK:0.2112676056338028	ETSERTKK:0.2112676056338028	RLIDCLRN:0.5070422535211268	CLRNGLPL:0.5633802816901409	DCLRNGLP:0.6338028169014085	IDCLRNGL:0.6056338028169014	TSPRPYSR:0.4507042253521127	QHDVTSPR:0.4084507042253521	HDVTSPRP:0.39436619718309857	NGLPLDQD:0.352112676056338	LDQDVYDA:0.3380281690140845	VTSPRPYS:0.39436619718309857	PLDQDVYD:0.36619718309859156	LRNGLPLD:0.49295774647887325	DVTSPRPY:0.39436619718309857	PTHGLGPI:0.352112676056338	DQDVYDAA:0.3380281690140845	VGGHGGMD:0.4084507042253521	LPLDQDVY:0.36619718309859156	EGAYIHDL:0.5211267605633803	YPTHGLGP:0.6338028169014085	GAYIHDLR:0.23943661971830985	RNGLPLDQ:0.4225352112676056	GGHGGMDF:0.6901408450704225	GLPLDQDV:0.36619718309859156	PRPYSRLH:0.2676056338028169	PTHGLGPV:0.28169014084507044	NCCYDFFE:0.5774647887323944	GNPYPTHG:0.23943661971830985	CCYDFFEL:0.352112676056338	ENCCYDFF:0.5774647887323944	KHVAIEVP:0.2112676056338028	LENCCYDF:0.5070422535211268	HTPMAVYA:0.23943661971830985	WQLVETSE:0.2676056338028169	VEIKALCD:0.2535211267605634	NGNLYPTH:0.323943661971831	EGVEIKAL:0.23943661971830985	CWQLVETS:0.23943661971830985	HGGMDFMM:0.28169014084507044	LVETSERT:0.28169014084507044	SIDVPDFT:0.23943661971830985	IEGVEIKA:0.23943661971830985	VYDAALWS:0.2535211267605634	GHGGMDFM:0.28169014084507044	GAYIHDLL:0.23943661971830985	FMMDWRLI:0.2112676056338028	LYPTHGLG:0.4788732394366197	LSEWSVAN:0.23943661971830985	MMDWRLID:0.22535211267605634	MDFMMDWR:0.2535211267605634	GGMDFMMD:0.2535211267605634	GVEIKALC:0.23943661971830985	GLGMRGPG:0.22535211267605634	DFMMDWRL:0.2112676056338028	TPMAVYAM:0.23943661971830985	THGLGPIC:0.3380281690140845	IGGHGGMD:0.28169014084507044	MDWRLIDC:0.43661971830985913	NLYPTHGL:0.4225352112676056	ECWQLVET:0.2112676056338028	HGLGPICQ:0.3380281690140845	GNLYPTHG:0.43661971830985913	GMDFMMDW:0.2535211267605634	PLSEWSVA:0.23943661971830985	SPRPYSRI:0.4225352112676056	KKHCMMLE:0.2112676056338028	KHCMMLEN:0.3380281690140845	GHGGMDFL:0.2112676056338028	HCMMLENC:0.3380281690140845	MMLENCCY:0.3380281690140845	LTLNMARQ:0.22535211267605634	TKKHCMML:0.2112676056338028	MSGYAAPK:0.2535211267605634	MLENCCYD:0.352112676056338	CMMLENCC:0.3380281690140845	HGEGAYIH:0.3380281690140845	GEGAYIHD:0.29577464788732394	NMSGYAAP:0.2676056338028169	HGGMDFLM:0.2112676056338028	TLNMARQG:0.23943661971830985	FNMSGYAA:0.2676056338028169	FFELLTLN:0.23943661971830985	YDFFELLT:0.22535211267605634	CYDFFELL:0.22535211267605634	DFFELLTL:0.22535211267605634	SSPRPYSR:0.22535211267605634	PRPYSRIH:0.30985915492957744	RPYSRIHL:0.23943661971830985	
