cluster number:158
GT8:26	GT8:26|2.4.1.186:1
MAERGISF:0.3076923076923077	SAFTKINL:0.34615384615384615	WAVYDRHY:0.38461538461538464	TQFRKIVY:0.2692307692307692	VYIDADVV:0.38461538461538464	FSAAPDIG:0.34615384615384615	SLPVTPAP:0.6538461538461539	IVYIDADV:0.34615384615384615	LHSAFTKI:0.3076923076923077	DLHSAFTK:0.34615384615384615	SFTYNVTP:0.5384615384615384	NRLSFTYN:0.34615384615384615	HSAFTKIN:0.3076923076923077	AFTKINLW:0.34615384615384615	DIGWPDLF:0.34615384615384615	LVLAHSLR:0.38461538461538464	PGALVLAH:0.38461538461538464	AAPDIGWP:0.5769230769230769	AYRAPDEL:0.23076923076923078	GALVLAHS:0.38461538461538464	YNVTPSAH:0.5	SAAPDIGW:0.34615384615384615	FTKINLWK:0.23076923076923078	ADVVAYRA:0.2692307692307692	TYNVTPSA:0.5769230769230769	TPSAHYQY:0.5	YLPGALVL:0.5	RPSLPVTP:0.6538461538461539	PSLPVTPA:0.6538461538461539	VAYRAPDE:0.23076923076923078	SFDGADQG:0.8461538461538461	YIDADVVA:0.38461538461538464	NVTPSAHY:0.5	PDLFNTGV:0.2692307692307692	VTPSAHYQ:0.5	AVYDRHYR:0.34615384615384615	LPGALVLA:0.38461538461538464	PNMGDYYA:0.3076923076923077	APDIGWPD:0.5769230769230769	FDGADQGL:0.8461538461538461	GADQGLLN:0.6538461538461539	RWWAVYDR:0.46153846153846156	WWAVYDRH:0.46153846153846156	AERGISFD:0.34615384615384615	ISFDGADQ:0.6153846153846154	DGADQGLL:0.6538461538461539	VLAHSLRD:0.6153846153846154	ERGISFDG:0.34615384615384615	IDADVVAY:0.2692307692307692	PDIGWPDL:0.34615384615384615	LSFTYNVT:0.5	LFNTGVMV:0.23076923076923078	GISFDGAD:0.6153846153846154	DADVVAYR:0.2692307692307692	DLFNTGVM:0.2692307692307692	GRWWAVYD:0.5	FNTGVMVL:0.2692307692307692	AMAERGIS:0.3076923076923077	LPVTPAPI:0.3076923076923077	YRAPDELF:0.23076923076923078	KIVYIDAD:0.38461538461538464	FTYNVTPS:0.5769230769230769	QGLLNMHF:0.34615384615384615	GWPDLFNT:0.34615384615384615	IGWPDLFN:0.34615384615384615	RGISFDGA:0.6153846153846154	ALVLAHSL:0.38461538461538464	ADQGLLNM:0.46153846153846156	WPDLFNTG:0.34615384615384615	DVVAYRAP:0.2692307692307692	DQGLLNMH:0.34615384615384615	RLSFTYNV:0.5	LPVTPAPV:0.23076923076923078	ERPSLPVT:0.5	SLRDAGTT:0.23076923076923078	LAHSLRDA:0.34615384615384615	HSLRDAGT:0.23076923076923078	AHSLRDAG:0.34615384615384615	VERPSLPV:0.3076923076923077	GWPDCFNS:0.3076923076923077	WPDCFNSG:0.3076923076923077	SYLPGALV:0.23076923076923078	VPAYRHFQ:0.23076923076923078	HRLSFTYN:0.23076923076923078	PSAHYQYV:0.2692307692307692	INMVHFIG:0.2692307692307692	FQSSINMV:0.23076923076923078	AHYQYVPA:0.2692307692307692	SAHYQYVP:0.2692307692307692	SINMVHFI:0.2692307692307692	PAYRHFQS:0.23076923076923078	YVPAYRHF:0.23076923076923078	QSSINMVH:0.23076923076923078	HYQYVPAY:0.2692307692307692	SSINMVHF:0.23076923076923078	HFQSSINM:0.23076923076923078	QYVPAYRH:0.23076923076923078	YQYVPAYR:0.23076923076923078	PANLYLMN:0.23076923076923078	ANLYLMNR:0.23076923076923078	VTPAPIRR:0.23076923076923078	PVTPAPIR:0.23076923076923078	RYPSPPKN:0.23076923076923078	YPSPPKNM:0.23076923076923078	
