cluster number:98
GT8:49	GT8:49
DADHLVVK:0.4897959183673469	DEQVLLQA:0.32653061224489793	FMRYNKIL:0.24489795918367346	LGDEYVEG:0.3469387755102041	AYVTLVML:0.7959183673469388	TVLFEPSL:0.24489795918367346	GFDEQVLL:0.32653061224489793	FAYVTLVM:0.3469387755102041	RYNKILCK:0.32653061224489793	KILCKGGT:0.24489795918367346	DHLVVKNI:0.46938775510204084	YVINYYGD:0.5510204081632653	LVMLGDEY:0.6530612244897959	CKGGTVLF:0.20408163265306123	CPPMLTKR:0.3469387755102041	AFTKWQCL:0.5102040816326531	PMLTKRQN:0.3469387755102041	ILYLDADH:0.3469387755102041	MRYNKILC:0.32653061224489793	PPMLTKRQ:0.3469387755102041	HNGFDEQV:0.3877551020408163	GAKVLAKS:0.2653061224489796	MLGDEYVE:0.3469387755102041	YAFTKWQC:0.2653061224489796	TLVMLGDE:0.6530612244897959	LVCMVTPD:0.20408163265306123	LDADHLVV:0.5102040816326531	YLDADHLV:0.5510204081632653	MFAYVTLV:0.3469387755102041	GDEYVEGA:0.3673469387755102	VMLGDEYV:0.6530612244897959	KILYLDAD:0.3469387755102041	NKILCKGG:0.24489795918367346	ADHLVVKN:0.46938775510204084	NGFDEQVL:0.3673469387755102	GTVLFEPS:0.24489795918367346	YHNGFDEQ:0.46938775510204084	FDEQVLLQ:0.32653061224489793	LCKGGTVL:0.20408163265306123	YVTLVMLG:0.7755102040816326	VTLVMLGD:0.8367346938775511	ECPPMLTK:0.22448979591836735	LAKSILYT:0.2653061224489796	PYVINYYG:0.40816326530612246	YNKILCKG:0.20408163265306123	YYGDVKPW:0.4489795918367347	MYAYVTLV:0.3877551020408163	VINYYGDV:0.42857142857142855	YAYVTLVM:0.42857142857142855	NISVTQLS:0.20408163265306123	SFTKWQCL:0.2653061224489796	RYHNGFDE:0.20408163265306123	NYYGDVKP:0.4489795918367347	HNGFDEQI:0.20408163265306123	FTKWQCLS:0.2857142857142857	INYYGDVK:0.4489795918367347	NIDHLFDL:0.22448979591836735	KIIYLDAD:0.3469387755102041	VINYYGDK:0.20408163265306123	INYYGDKK:0.20408163265306123	YYGDKKPW:0.20408163265306123	EPYVINYY:0.2857142857142857	VKNIDHLF:0.42857142857142855	QEPYVINY:0.24489795918367346	LYLDADHI:0.20408163265306123	NYYGDKKP:0.20408163265306123	AGTVLFEP:0.22448979591836735	KAGTVLFE:0.22448979591836735	HFHNGFDE:0.2857142857142857	TVHDLVCM:0.20408163265306123	VHDLVCMV:0.20408163265306123	ILCKAGTV:0.2653061224489796	MLGDEYVK:0.24489795918367346	YMDVFIWK:0.22448979591836735	GDEYVKGA:0.24489795918367346	LGDEYVKG:0.24489795918367346	HDLVCMVT:0.3469387755102041	CKAGTVLF:0.22448979591836735	LCKAGTVL:0.2653061224489796	VVKNIDHL:0.3673469387755102	VYLDADHL:0.22448979591836735	KIVYLDAD:0.20408163265306123	HLVVKNID:0.3877551020408163	LVVKNIDH:0.3673469387755102	IIYLDADH:0.20408163265306123	LTKRQNQM:0.24489795918367346	KRQNQMYG:0.24489795918367346	YGDVKPWH:0.32653061224489793	TKRQNQMY:0.24489795918367346	IYLDADHL:0.20408163265306123	MLTKRQNQ:0.30612244897959184	NKILCKAG:0.22448979591836735	KILCKAGT:0.22448979591836735	WNAGSYYR:0.22448979591836735	FTDDNYGY:0.20408163265306123	DDNYGYYD:0.24489795918367346	NAGSYYRL:0.22448979591836735	YAWNAGSY:0.20408163265306123	GDVKPWHF:0.20408163265306123	LYAWNAGS:0.20408163265306123	CFTDDNYG:0.20408163265306123	TDDNYGYY:0.20408163265306123	NYGYYDRL:0.22448979591836735	QVLLQALI:0.20408163265306123	DNYGYYDR:0.22448979591836735	EQVLLQAL:0.22448979591836735	VLAKSLLA:0.20408163265306123	TKWQCLKL:0.22448979591836735	FTKWQCLK:0.24489795918367346	YGYYDRLQ:0.20408163265306123	LAKSLLAS:0.20408163265306123	EKIIYLDA:0.20408163265306123	YEKIIYLD:0.20408163265306123	
