cluster number:109
GT8:6	GT8:6
IVTGSDDN:0.5	LHYVVNVK:0.3333333333333333	VLHYVVNV:0.3333333333333333	YVNSGLLV:0.5	DQSAINIV:0.3333333333333333	MHIVTGSD:0.3333333333333333	LGEYVNSG:0.3333333333333333	HIVTGSDD:0.5	MDCDMVVT:0.3333333333333333	RLLIPELL:0.5	YMDCDMVV:0.5	LRLLIPEL:0.3333333333333333	NSGLLVMN:0.5	VIYMDCDM:0.3333333333333333	VKPWMWNV:0.3333333333333333	HYVVNVKP:0.3333333333333333	SGLLVMNL:0.5	QSAINIVC:0.3333333333333333	VVNVKPWM:0.3333333333333333	NVKPWMWN:0.3333333333333333	SAINIVCR:0.3333333333333333	GLLVMNLP:0.5	RVIYMDCD:0.3333333333333333	LLIPELLP:0.5	EYVNSGLL:0.5	VNSGLLVM:0.5	DCDMVVTG:0.3333333333333333	TGSDDNYV:0.3333333333333333	EDQSAINI:0.3333333333333333	YLRLLIPE:0.3333333333333333	GEYVNSGL:0.5	VTGSDDNY:0.5	YVVNVKPW:0.3333333333333333	VNVKPWMW:0.3333333333333333	CEDQSAIN:0.3333333333333333	LIPELLPD:0.3333333333333333	HAGRIADL:0.3333333333333333	NLPVWRAE:0.3333333333333333	MNLPVWRA:0.3333333333333333	LHIVTGSD:0.3333333333333333	FHAGRIAD:0.3333333333333333	VLYMDCDM:0.3333333333333333	NVYSDPAA:0.3333333333333333	RVLYMDCD:0.3333333333333333	LYMDCDMV:0.3333333333333333	DRVLYMDC:0.3333333333333333	AAVPCPSP:0.3333333333333333	
