cluster number:15
GT8:79	GT8:79
ADILCLND:0.2911392405063291	LLAHEYLP:0.22784810126582278	GRDKPWKK:0.24050632911392406	DKPWKKDY:0.24050632911392406	CGRDKPWK:0.24050632911392406	RYPETIYY:0.4430379746835443	YYRLLAHE:0.25316455696202533	DADILCLN:0.2911392405063291	SGVLLMNL:0.45569620253164556	NSGVLLMN:0.5443037974683544	YPETIYYR:0.4430379746835443	GYFNSGVL:0.22784810126582278	DRYPETIY:0.2911392405063291	FLHFCGRD:0.20253164556962025	HFCGRDKP:0.379746835443038	INLLFSID:0.27848101265822783	IYNYDARY:0.26582278481012656	PETIYYRL:0.4430379746835443	YNYDARYN:0.22784810126582278	FNSGVLLM:0.25316455696202533	TIYYRLLA:0.7341772151898734	ALYKHYQH:0.25316455696202533	YFNSGVLL:0.2911392405063291	EGYFNSGV:0.20253164556962025	FCGRDKPW:0.3924050632911392	RDKPWKKD:0.22784810126582278	EAEGYFNS:0.20253164556962025	AEGYFNSG:0.20253164556962025	TVFLHFCG:0.35443037974683544	IYYRLLAH:0.4936708860759494	LPDQDILN:0.379746835443038	YRLLAHEY:0.22784810126582278	ETIYYRLL:0.4177215189873418	NLLFSIDD:0.2911392405063291	VFLHFCGR:0.25316455696202533	RLLAHEYL:0.22784810126582278	APTTDRYP:0.21518987341772153	LHFCGRDK:0.379746835443038	YNSGVLLM:0.27848101265822783	YYNSGVLL:0.31645569620253167	QDILNGLY:0.26582278481012656	DQDILNGL:0.26582278481012656	PDQDILNG:0.26582278481012656	DILCLNDI:0.22784810126582278	DVLNALYG:0.3924050632911392	LPDQDVLN:0.5189873417721519	QDVLNALY:0.4177215189873418	FLPDQDVL:0.20253164556962025	LFLPDQDV:0.20253164556962025	PDQDVLNA:0.4177215189873418	DQDVLNAL:0.4177215189873418	GEWDLDWV:0.22784810126582278	YLDADILC:0.2911392405063291	LLPDQDVL:0.25316455696202533	LYLDADIL:0.31645569620253167	EIYNYDAR:0.24050632911392406	IYYRLLAQ:0.25316455696202533	PDEIYNYD:0.24050632911392406	ILYLDADI:0.2911392405063291	TLLLPDQD:0.24050632911392406	DEIYNYDA:0.24050632911392406	KILYLDAD:0.3037974683544304	EWDLDWVI:0.20253164556962025	LLLPDQDV:0.24050632911392406	IPDEIYNY:0.24050632911392406	LYKHYQHR:0.21518987341772153	
