cluster number:66
GT8:76	GT8:76
LHWSGKGK:0.5921052631578947	RPCYFNTG:0.2236842105263158	RWNQHGLG:0.8026315789473685	SLLHWSGK:0.6052631578947368	HRWNQHGL:0.7894736842105263	NQHGLGGD:0.868421052631579	CYFNTGVM:0.8289473684210527	LWAPYDLY:0.21052631578947367	WNQHGLGG:0.8947368421052632	VDHRWNQH:0.34210526315789475	FNTGVMVM:0.2631578947368421	LGSLPPFL:0.868421052631579	DHRWNQHG:0.4473684210526316	SLPPFLLV:0.8157894736842105	NTGVMVMD:0.2631578947368421	PCYFNTGV:0.5657894736842105	YFNTGVMV:0.8421052631578947	QHGLGGDN:0.868421052631579	HWSGKGKP:0.6710526315789473	HGLGGDNV:0.39473684210526316	RVIYLDSD:0.3815789473684211	GSLPPFLL:0.8552631578947368	WSGKGKPW:0.6710526315789473	LLHWSGKG:0.5921052631578947	HGLGGDNF:0.27631578947368424	AAPEYCNA:0.23684210526315788	IYELGSLP:0.6447368421052632	PGPVSLLH:0.5394736842105263	TGVMVIDL:0.4473684210526316	GLGGDNFR:0.2236842105263158	AVHVAMTL:0.23684210526315788	APEYCNAN:0.23684210526315788	PVSLLHWS:0.5921052631578947	ACYFNTGV:0.2631578947368421	EWMELQKR:0.23684210526315788	LPPFLLVF:0.75	PEYCNANF:0.23684210526315788	PFLLVFAG:0.6447368421052632	FNTGVMVI:0.47368421052631576	DLHPGPVS:0.34210526315789475	LHPGPVSL:0.5526315789473685	VHVAMTLD:0.2894736842105263	CPLDALWA:0.2631578947368421	CRDLHPGP:0.35526315789473684	LGGDNFRG:0.2236842105263158	VSLLHWSG:0.6842105263157895	GLCRDLHP:0.21052631578947367	PLDALWAP:0.2631578947368421	YELGSLPP:0.6447368421052632	GPVSLLHW:0.5921052631578947	LCRDLHPG:0.21052631578947367	RDLHPGPV:0.34210526315789475	PPFLLVFA:0.6447368421052632	GLISTSIR:0.2236842105263158	RIYELGSL:0.6447368421052632	LAAPEYCN:0.23684210526315788	NTGVMVID:0.4473684210526316	HPGPVSLL:0.5394736842105263	ELGSLPPF:0.631578947368421	PEYCHANF:0.5131578947368421	EYCHANFT:0.40789473684210525	APEYCHAN:0.5131578947368421	EHRWNQHG:0.2631578947368421	GAPEYCHA:0.3157894736842105	PCPLDALW:0.32894736842105265	RPCPLDAL:0.2894736842105263	YCHANFTK:0.23684210526315788	CHANFTKY:0.23684210526315788	ANFTKYFT:0.25	HANFTKYF:0.23684210526315788	YLRGSIAA:0.2236842105263158	IGAPEYCH:0.21052631578947367	LRGSIAAV:0.2236842105263158	NYARNYLA:0.2236842105263158	PLNYARNY:0.3157894736842105	LNYARNYL:0.3157894736842105	IYLDSDLV:0.21052631578947367	RVVYLDSD:0.2236842105263158	LNYARSYL:0.25	NYARSYLA:0.21052631578947367	PLNYARSY:0.2631578947368421	VLAAPEYC:0.23684210526315788	
