cluster number:0
GT8:37	GT8:37
SATYHKWF:1.0	TDELESGS:0.9459459459459459	PLGQLVFY:1.0	FYNQTLPL:1.0	YHRLDSLV:0.6756756756756757	VETCTSGE:0.972972972972973	WKAGSLPL:0.7567567567567568	PSVFNKFD:0.8648648648648649	KWFQVGKK:0.8648648648648649	RRWHVLEL:0.972972972972973	KKRKLWKA:1.0	LGHDSTIG:0.9459459459459459	IGTDELES:0.9459459459459459	IFAFGMNI:1.0	DSLVDFSN:0.7297297297297297	NPSVFNKF:0.8648648648648649	FDLNEWRK:0.972972972972973	VGKKRKLW:0.8648648648648649	YNQTLPLD:1.0	AKACIFAF:1.0	DELESGSV:0.9459459459459459	WFQVGKKR:0.8648648648648649	FGMNIFDL:1.0	GEAYHRLD:0.918918918918919	GLSATYHK:1.0	MNIFDLNE:1.0	AYHRLDSL:0.918918918918919	IFDLNEWR:0.972972972972973	HVLELGHD:0.972972972972973	ESGSVIHY:0.918918918918919	SLVDFSNP:0.7567567567567568	AAVETCTS:0.972972972972973	VDFSNPSV:0.7297297297297297	VLELGHDS:0.972972972972973	GTDELESG:0.9459459459459459	SVIHYSGK:0.3783783783783784	ETCTSGEA:0.972972972972973	LPLDRRWH:1.0	GSVIHYSG:0.7297297297297297	LDSLVDFS:0.7297297297297297	RKLWKAGS:1.0	STIGTDEL:0.9459459459459459	RWHVLELG:0.972972972972973	GKKRKLWK:0.8918918918918919	GQLVFYNQ:1.0	HRLDSLVD:0.6756756756756757	SGEAYHRL:0.9459459459459459	NQTLPLDR:1.0	TCTSGEAY:0.972972972972973	VFYNQTLP:1.0	LELGHDST:0.972972972972973	FDAKACIF:1.0	SGSVIHYS:0.8378378378378378	NKFDAKAC:0.918918918918919	LPLGQLVF:0.7567567567567568	TIGTDELE:0.9459459459459459	SLPLGQLV:0.7567567567567568	ATYHKWFQ:1.0	FNKFDAKA:0.8918918918918919	DAKACIFA:1.0	EAYHRLDS:0.918918918918919	DLNEWRKQ:0.9459459459459459	HDSTIGTD:0.9459459459459459	LDRRWHVL:1.0	GMNIFDLN:1.0	RKQGLSAT:0.9459459459459459	LESGSVIH:0.9459459459459459	FAFGMNIF:1.0	DFSNPSVF:0.9459459459459459	VIHYSGKL:0.35135135135135137	CIFAFGMN:1.0	AFGMNIFD:1.0	TSGEAYHR:0.9459459459459459	ELGHDSTI:0.9459459459459459	WHVLELGH:0.972972972972973	KRKLWKAG:1.0	ACIFAFGM:1.0	WRKQGLSA:0.9459459459459459	TLPLDRRW:1.0	HYSGKLKP:0.24324324324324326	ELESGSVI:0.9459459459459459	NEWRKQGL:0.9459459459459459	TYHKWFQV:0.972972972972973	AGSLPLGQ:0.7567567567567568	LVFYNQTL:1.0	QTLPLDRR:1.0	NIFDLNEW:1.0	LNEWRKQG:0.9459459459459459	LVDFSNPS:0.7567567567567568	HKWFQVGK:0.8648648648648649	DRRWHVLE:0.972972972972973	PLDRRWHV:1.0	YHKWFQVG:0.8648648648648649	AVETCTSG:0.972972972972973	VIAAVETC:0.5675675675675675	KFDAKACI:1.0	KLWKAGSL:0.7567567567567568	KAGSLPLG:0.7567567567567568	GHDSTIGT:0.9459459459459459	QGLSATYH:0.972972972972973	EWRKQGLS:0.9459459459459459	LWKAGSLP:0.7567567567567568	DSTIGTDE:0.9459459459459459	QVGKKRKL:0.8648648648648649	FSNPSVFN:0.8648648648648649	KACIFAFG:1.0	CTSGEAYH:1.0	RLDSLVDF:0.6756756756756757	LGQLVFYN:1.0	QLVFYNQT:1.0	VFNKFDAK:0.8648648648648649	SNPSVFNK:0.8648648648648649	FQVGKKRK:0.8648648648648649	GSLPLGQL:0.7567567567567568	SVFNKFDA:0.8648648648648649	IAAVETCT:0.972972972972973	IHYSGKLK:0.35135135135135137	KQGLSATY:0.972972972972973	LSATYHKW:1.0	SFPLGQLV:0.24324324324324326	WKAGSFPL:0.24324324324324326	AGSFPLGQ:0.24324324324324326	LDFSNPSV:0.24324324324324326	SLLDFSNP:0.24324324324324326	KAGSFPLG:0.24324324324324326	FPLGQLVF:0.24324324324324326	KLWKAGSF:0.24324324324324326	YHRLDSLL:0.24324324324324326	LDSLLDFS:0.24324324324324326	DSLLDFSN:0.24324324324324326	GSFPLGQL:0.24324324324324326	RLDSLLDF:0.24324324324324326	HRLDSLLD:0.24324324324324326	LLDFSNPS:0.24324324324324326	LWKAGSFP:0.24324324324324326	
