cluster number:141
GT8:22	GT8:22
FDEVVLAQ:0.22727272727272727	CAYVTLVM:0.8636363636363636	NGFDEVVL:0.22727272727272727	YVWNAGDY:0.2727272727272727	MKCAYVTL:0.6818181818181818	VLRNIDHL:0.45454545454545453	SFTKWRCF:0.5454545454545454	GFDEVVLA:0.22727272727272727	KCAYVTLV:0.6363636363636364	HSYAMCFN:0.22727272727272727	LRNIDHLF:0.4090909090909091	FNNGFDEV:0.22727272727272727	FTKWRCFQ:0.2727272727272727	NNGFDEVV:0.22727272727272727	NKFNNGFD:0.3181818181818182	IDFSFTKW:0.3181818181818182	GFTGTFVY:0.22727272727272727	GKMLTERQ:0.4090909090909091	AYVTLVML:0.8181818181818182	KGAVALAK:0.5	YDKCVYLD:0.2727272727272727	YKVFKYGD:0.22727272727272727	ALAKSLLK:0.22727272727272727	WIDFSFTK:0.3181818181818182	TKWRCLEL:0.2727272727272727	YAMCFNYN:0.3181818181818182	YFKCGKML:0.22727272727272727	NLLGFTGT:0.22727272727272727	DQIVLRNI:0.36363636363636365	KSLLKSGT:0.22727272727272727	LLKSGTVH:0.22727272727272727	LLGFTGTF:0.22727272727272727	QIVLRNID:0.36363636363636365	LDADQIVL:0.5	AKSLLKSG:0.22727272727272727	FSFTKWRC:0.6363636363636364	INFYGDKK:0.2727272727272727	IVLRNIDH:0.36363636363636365	TERQQKLY:0.22727272727272727	KFNNGFDE:0.3181818181818182	AGDYSVLK:0.22727272727272727	ADQIVLRN:0.36363636363636365	YLDADQIV:0.5	RCAYVTLV:0.22727272727272727	DADQIVLR:0.36363636363636365	SFTKWRCL:0.3181818181818182	LKSGTVHD:0.22727272727272727	FYGDKKPW:0.2727272727272727	GAVALAKS:0.6363636363636364	AMCFNYNY:0.3181818181818182	SLLKSGTV:0.22727272727272727	KCVYLDAD:0.3181818181818182	VKGAVALA:0.5	GYVKGAVA:0.22727272727272727	YVKGAVAL:0.5	HDLVCMVT:0.22727272727272727	KCGKMLTE:0.2727272727272727	LAKSLLKS:0.22727272727272727	PYVINFYG:0.22727272727272727	AVALAKSL:0.6363636363636364	YVINFYGD:0.22727272727272727	KMLTERQQ:0.2727272727272727	VYLDADQI:0.4090909090909091	MRCAYVTL:0.22727272727272727	MYDKCVYL:0.22727272727272727	YVTLVMLG:0.8181818181818182	VTLVMLGD:0.5909090909090909	NFYGDKKP:0.2727272727272727	FTKWRCLE:0.3181818181818182	DFSFTKWR:0.3181818181818182	VALAKSLL:0.22727272727272727	QPYVINFY:0.22727272727272727	CVYLDADQ:0.5454545454545454	CGKMLTER:0.4090909090909091	DKCVYLDA:0.2727272727272727	LGFTGTFV:0.3181818181818182	FKCGKMLT:0.22727272727272727	NNGFDEIV:0.36363636363636365	RCVYLDAD:0.22727272727272727	DRCVYLDA:0.22727272727272727	NGFDEIVL:0.4090909090909091	YDRCVYLD:0.22727272727272727	TKWRCFEL:0.22727272727272727	VTLVMLGN:0.22727272727272727	QLSPMYVW:0.2727272727272727	INFSFTKW:0.3181818181818182	FTKWRCFE:0.22727272727272727	WINFSFTK:0.3181818181818182	NFSFTKWR:0.3181818181818182	KWINFSFT:0.22727272727272727	FDEIVLAQ:0.2727272727272727	GFDEIVLA:0.3181818181818182	VALAKSLK:0.22727272727272727	
