cluster number:42
GT8:73	GT8:73
IYFNSGVM:0.2191780821917808	ILYASILN:0.3150684931506849	VHFCGHEK:0.2328767123287671	AYYRILIP:0.2328767123287671	YYRILAPQ:0.273972602739726	INIVSAVN:0.2191780821917808	HFCGHEKP:0.2328767123287671	LHPKWNAQ:0.3698630136986301	PESNHINK:0.2054794520547945	DQDALNAI:0.6438356164383562	YFNSGMML:0.2465753424657534	FHDQDALN:0.821917808219178	AVEDAGFH:0.7671232876712328	EPLAILYA:0.2465753424657534	RVLYLDVD:0.2191780821917808	KTAYYRIL:0.3013698630136986	CPESNHIN:0.2191780821917808	NCPESNHI:0.2191780821917808	PEKLRFHD:0.5205479452054794	DAGFHQRL:0.4246575342465753	IFHDQDAL:0.2465753424657534	QDALNAIL:0.6575342465753424	LDVDILVQ:0.2054794520547945	ALNAVLHD:0.2602739726027397	NSGVMLID:0.2191780821917808	QDALNAVL:0.3972602739726027	INKTAYYR:0.2328767123287671	LYASILNH:0.2191780821917808	KLRFHDQD:0.726027397260274	RILAPQIL:0.2328767123287671	LAILYASI:0.3150684931506849	ILDNELTP:0.2054794520547945	SGVMLIDT:0.2191780821917808	LAAVEDAG:0.3561643835616438	NKTAYYRI:0.2328767123287671	AAVEDAGF:0.7534246575342466	FHQRLEKM:0.410958904109589	EDAGFHQR:0.4246575342465753	GHEKPWHA:0.2054794520547945	LYLDVDIL:0.2328767123287671	AYYRILAP:0.4520547945205479	PLAILYAS:0.2465753424657534	YFNSGVML:0.2602739726027397	FTPQYRYY:0.2191780821917808	YRILAPQI:0.2328767123287671	LRFHDQDA:0.7534246575342466	IIFHDQDA:0.2465753424657534	RFHDQDAL:0.7671232876712328	DNELTPQT:0.2054794520547945	HINKTAYY:0.2328767123287671	ASILNHND:0.2191780821917808	HPFTPQYR:0.2191780821917808	QRLEKMAI:0.2191780821917808	HPEKLRFH:0.2328767123287671	VEDAGFHQ:0.3972602739726027	EKLRFHDQ:0.5205479452054794	FNSGVMLI:0.2191780821917808	YASILNHN:0.2191780821917808	TPQYRYYR:0.2191780821917808	PFTPQYRY:0.2191780821917808	YVLEDHLT:0.2054794520547945	AGFHQRLE:0.410958904109589	FCGHEKPW:0.2328767123287671	DQDALNAV:0.410958904109589	VDILVQTD:0.2054794520547945	YLDVDILV:0.2191780821917808	LDNELTPQ:0.2054794520547945	VESDRILK:0.2602739726027397	NELTPQTK:0.2054794520547945	HQRLEKMA:0.2191780821917808	NIYFNSGV:0.2054794520547945	FYVLEDHL:0.2054794520547945	RIIFHDQD:0.2054794520547945	VLYLDVDI:0.2328767123287671	CGHEKPWH:0.2191780821917808	ILAPQILL:0.2328767123287671	AILYASIL:0.3150684931506849	DALNAVLH:0.2602739726027397	DVDILVQT:0.2054794520547945	TAYYRILA:0.4246575342465753	HDQDALNA:0.821917808219178	GFHQRLEK:0.410958904109589	HFTTHEKP:0.2054794520547945	NPEKLRFH:0.2876712328767123	FTTHEKPW:0.2054794520547945	VAAVEDAG:0.2054794520547945	LYMDCDMI:0.2602739726027397	RIAIPELF:0.2876712328767123	AYYRIAIP:0.2876712328767123	NAILHDRW:0.4246575342465753	MDCDMIAL:0.2328767123287671	YRIAIPEL:0.2876712328767123	TAYYRIAI:0.2876712328767123	YYRIAIPE:0.2876712328767123	YMDCDMIA:0.2328767123287671	ALNAILHD:0.4383561643835616	DALNAILH:0.4383561643835616	LNAILHDR:0.4246575342465753	IAIPELFR:0.2876712328767123	AIPELFRG:0.273972602739726	LHPKWNVQ:0.2191780821917808	AILHDRWI:0.2328767123287671	
