cluster number:119
GT8:21	GT8:21
PEEIWNYD:0.23809523809523808	YFNSGVML:0.23809523809523808	LYLDPDIL:0.7142857142857143	EIWNYDTR:0.23809523809523808	EEIWNYDT:0.23809523809523808	VLYLDPDI:0.23809523809523808	YLDPDILV:0.7619047619047619	LDPDILVI:0.5238095238095238	DPDILVIN:0.5238095238095238	YLKPLKVM:0.23809523809523808	NYLKPLKV:0.23809523809523808	LKPLKVML:0.23809523809523808	YNSGVLLM:0.47619047619047616	YYNSGVLL:0.5714285714285714	ILHFCGKK:0.23809523809523808	DPDILVLN:0.23809523809523808	VILHFCGK:0.2857142857142857	KKPWHKNY:0.23809523809523808	RILYLDPD:0.42857142857142855	SGVLLMNL:0.42857142857142855	AYYNSGVL:0.38095238095238093	NSGVLLMN:0.5238095238095238	ILYLDPDI:0.5714285714285714	EAYYNSGV:0.3333333333333333	EMYYRLLA:0.47619047619047616	TVILHFCG:0.38095238095238093	LDPDILVL:0.23809523809523808	FHSLYKHY:0.47619047619047616	SLYKHYEK:0.38095238095238093	HSLYKHYE:0.47619047619047616	MYYRLLAY:0.2857142857142857	CGKKKPWH:0.23809523809523808	LDRILYLD:0.23809523809523808	MNILVTLN:0.23809523809523808	LHFCGKKK:0.23809523809523808	GKKKPWHK:0.23809523809523808	FCGKKKPW:0.5238095238095238	HFCGKKKP:0.5238095238095238	YNYDARYY:0.23809523809523808	DRILYLDP:0.38095238095238093	KKKPWHKN:0.23809523809523808	KVMLKSLF:0.23809523809523808	YRLLAFKF:0.23809523809523808	LLAFKFLP:0.23809523809523808	YYRLLAFK:0.23809523809523808	LKVMLKSL:0.23809523809523808	DILVINPI:0.2857142857142857	PDILVINP:0.3333333333333333	RLLAFKFL:0.23809523809523808	PLKVMLKS:0.23809523809523808	IHFCGKKK:0.2857142857142857	ILPDQDIL:0.38095238095238093	LILPDQDI:0.5238095238095238	LPDQDILN:0.38095238095238093	KEMYYRLL:0.2857142857142857	KLILPDQD:0.23809523809523808	TSIIHFCG:0.2857142857142857	SIIHFCGK:0.2857142857142857	
