cluster number:97
GT8:11	GT8:11|GT2:2
YHDQDALN:0.2727272727272727	EKLKYHDQ:0.2727272727272727	PEKLKYHD:0.2727272727272727	KLKYHDQD:0.2727272727272727	KYHDQDAL:0.2727272727272727	DQDALNAV:0.6363636363636364	ALNAVLAD:0.36363636363636365	QDALNAVL:0.6363636363636364	LYLDCDLI:0.6363636363636364	DALNAVLA:0.36363636363636365	HDQDALNA:0.45454545454545453	LKYHDQDA:0.2727272727272727	DRVLYLDC:0.45454545454545453	RVLYLDCD:0.6363636363636364	LDRVLYLD:0.45454545454545453	VLYLDCDL:0.45454545454545453	DLDRVLYL:0.2727272727272727	DALNAVLY:0.2727272727272727	FNSGVLLI:0.2727272727272727	YLDCDLIV:0.45454545454545453	YFNSGVLL:0.2727272727272727	
