cluster number:18
GT8:21	GT8:21|GT2:4
KENKLKVL:0.2857142857142857	LNHYSDYQ:0.2857142857142857	NYLSYKLG:0.2857142857142857	YQEALKIQ:0.3333333333333333	LKIQNYLS:0.2857142857142857	KHKISNLI:0.2857142857142857	SLPLNHYS:0.2857142857142857	EALKIQNY:0.2857142857142857	SNLIFKLI:0.2857142857142857	PNLKSLPL:0.2857142857142857	QEALKIQN:0.2857142857142857	NPNLKSLP:0.2857142857142857	LPLNHYSD:0.2857142857142857	SDYQEALK:0.2857142857142857	LSYKLGNL:0.2857142857142857	SYKLGNLL:0.2857142857142857	PLNHYSDY:0.2857142857142857	YKLGNLLI:0.2857142857142857	KIQNYLSY:0.2857142857142857	HYSDYQEA:0.2857142857142857	ENKLKVLI:0.2857142857142857	HKISNLIF:0.2857142857142857	ISNLIFKL:0.2857142857142857	KSLPLNHY:0.2857142857142857	YSDYQEAL:0.2857142857142857	IQNYLSYK:0.3333333333333333	YLSYKLGN:0.2857142857142857	NKLKVLIL:0.2857142857142857	KLGNLLIK:0.2857142857142857	PFYEEILF:0.2857142857142857	NHYSDYQE:0.2857142857142857	NLKSLPLN:0.2857142857142857	NLIFKLIL:0.2857142857142857	LSYKLGKE:0.3333333333333333	QNYLSYKL:0.2857142857142857	SNPNLKSL:0.2857142857142857	HLSYKLGK:0.3333333333333333	ALKIQNYL:0.2857142857142857	DYQEALKI:0.3333333333333333	KISNLIFK:0.2857142857142857	LKSLPLNH:0.2857142857142857	TPFYEEIL:0.38095238095238093	GNPDYIGF:0.2857142857142857	LTGIYWAW:0.23809523809523808	ELTGIYWA:0.23809523809523808	LGNPDYIG:0.2857142857142857	ENMIGDDT:0.2857142857142857	TGIYWAWK:0.23809523809523808	KLGNPDYI:0.2857142857142857	IYWAWKNY:0.2857142857142857	GIYWAWKN:0.23809523809523808	KILVGYHK:0.23809523809523808	NMIGDDTG:0.2857142857142857	KLGKEILS:0.2857142857142857	HYARQTPF:0.23809523809523808	EEILFKNI:0.23809523809523808	LFKNITQN:0.23809523809523808	ILFKNITQ:0.23809523809523808	WHYARQTP:0.23809523809523808	KNITQNSL:0.23809523809523808	YARQTPFY:0.23809523809523808	YKLGKEIL:0.2857142857142857	FKNITQNS:0.23809523809523808	ARQTPFYE:0.23809523809523808	QTPFYEEI:0.23809523809523808	YEEILFKN:0.23809523809523808	FYEEILFK:0.23809523809523808	SYKLGKEI:0.2857142857142857	ITQNSLNI:0.23809523809523808	RQTPFYEE:0.23809523809523808	NITQNSLN:0.23809523809523808	EILFKNIT:0.23809523809523808	YIGFMHYR:0.2857142857142857	IGDDTGDN:0.3333333333333333	DYIGFMHY:0.2857142857142857	DDTGDNIS:0.38095238095238093	GDDTGDNI:0.38095238095238093	IGFMHYRR:0.3333333333333333	PDYIGFMH:0.2857142857142857	NPDYIGFM:0.23809523809523808	ILTPIHLG:0.23809523809523808	YWAWKNYD:0.2857142857142857	MIGDDTGD:0.2857142857142857	WAWKNYDK:0.2857142857142857	LTPIHLGR:0.23809523809523808	KNYDKLGN:0.23809523809523808	DKLGNPDY:0.23809523809523808	NRYFCELT:0.2857142857142857	RYFCELTG:0.2857142857142857	NYDKLGNP:0.23809523809523808	WKNYDKLG:0.2857142857142857	DTGDNISH:0.23809523809523808	YDKLGNPD:0.23809523809523808	AWKNYDKL:0.2857142857142857	LNRYFCEL:0.2857142857142857	
