cluster number:137
GT8:6	GT8:6
FYRFMRHR:0.3333333333333333	VIYLDCDM:0.3333333333333333	YLDCDMLV:0.3333333333333333	NFWAPAYA:0.3333333333333333	FRRIYRHV:0.3333333333333333	FDDNFWAP:0.3333333333333333	RVIYLDCD:0.3333333333333333	MRHRWKRW:0.3333333333333333	RFMRHRWK:0.3333333333333333	FMRHRWKR:0.3333333333333333	VAFRRIYR:0.3333333333333333	YYDQDILN:0.5	IYLDCDML:0.3333333333333333	IYRHVMTN:0.3333333333333333	RIYRHVMT:0.3333333333333333	EFGATLVW:0.3333333333333333	DDNFWAPA:0.3333333333333333	AFRRIYRH:0.3333333333333333	RRIYRHVM:0.3333333333333333	YRFMRHRW:0.3333333333333333	RHRWKRWW:0.5	LVFHLCHR:0.3333333333333333	ARLLIDRL:0.3333333333333333	MRSVCLFT:0.3333333333333333	ATMRSVCL:0.3333333333333333	PAYATMRS:0.5	VYARLLID:0.3333333333333333	IVYARLLI:0.3333333333333333	APAYATMR:0.3333333333333333	RLLIDRLV:0.3333333333333333	YARLLIDR:0.3333333333333333	WAPAYATM:0.3333333333333333	TMRSVCLF:0.3333333333333333	LTFDDNFW:0.3333333333333333	
