cluster number:45
GT8:11	GT8:11
GFPDIFNS:0.6363636363636364	LAGALVLG:0.36363636363636365	APDSGFPD:0.6363636363636364	DIFNSGVF:0.45454545454545453	ILAAPDSG:0.2727272727272727	SGFPDIFN:0.6363636363636364	KLFPWEFR:0.45454545454545453	PKLFPWEF:0.5454545454545454	PDIFNSGV:0.7272727272727273	AAPDSGFP:0.6363636363636364	FPDIFNSG:0.6363636363636364	NVSFDGAD:0.2727272727272727	QGLLNQYF:0.7272727272727273	SFDGADQG:0.7272727272727273	PNVSFDGA:0.2727272727272727	LLDPANYQ:0.36363636363636365	FDGADQGL:0.9090909090909091	GADQGLLN:0.9090909090909091	LAAPDSGF:0.2727272727272727	DQGLLNQY:0.7272727272727273	DGADQGLL:0.9090909090909091	PFLYNVTP:0.7272727272727273	PDSGFPDI:0.6363636363636364	DSGFPDIF:0.6363636363636364	ADQGLLNQ:0.8181818181818182	PDYLAGAL:0.36363636363636365	GLLNQYFN:0.7272727272727273	YNPDYLAG:0.2727272727272727	KILAAPDS:0.2727272727272727	VPKLFPWE:0.36363636363636365	NPNVSFDG:0.2727272727272727	NPDYLAGA:0.2727272727272727	YLAGALVL:0.45454545454545453	FLYNVTPS:0.5454545454545454	VSFDGADQ:0.36363636363636365	DYLAGALV:0.36363636363636365	YLDADTLP:0.7272727272727273	YEKVLYLD:0.2727272727272727	KVLYLDAD:0.36363636363636365	LLNQYFNS:0.5454545454545454	FNSGVFAL:0.2727272727272727	IFNSGVFA:0.2727272727272727	NSGVFALR:0.2727272727272727	HFIGPLKP:0.2727272727272727	LDADTLPL:0.45454545454545453	EKVLYLDA:0.2727272727272727	FIGPLKPW:0.2727272727272727	SGVFALRP:0.2727272727272727	LYLDADTL:0.6363636363636364	VLYLDADT:0.45454545454545453	VKPERVFD:0.2727272727272727	KPERVFDS:0.2727272727272727	LPFLYNVT:0.5454545454545454	LNQYFNSQ:0.36363636363636365	KLPFLYNV:0.36363636363636365	YFNSQPDW:0.36363636363636365	RPELGKTF:0.36363636363636365	QYFNSQPD:0.36363636363636365	NWIKLPFL:0.36363636363636365	FNSQPDWV:0.36363636363636365	NQYFNSQP:0.36363636363636365	WIKLPFLY:0.36363636363636365	IKLPFLYN:0.36363636363636365	LDADTLPN:0.2727272727272727	
