cluster number:8
GT90:26	GT90:26
DGNAFSGR:0.8461538461538461	GSTTGGYS:0.23076923076923078	GGWRRQHR:0.5	LEYGRLVD:0.34615384615384615	GRLVDDNR:0.2692307692307692	SQSKISSY:0.3076923076923077	LIDEYDTI:0.3076923076923077	NAFSGRFY:0.5384615384615384	LLDMDGNA:0.3076923076923077	DEYDTIYH:0.3076923076923077	EYGRLVDD:0.34615384615384615	RGSTTGGY:0.23076923076923078	GWRRQHRQ:0.5	LLEYGRLV:0.2692307692307692	RLLLEYGR:0.5	LYPSPWYW:0.34615384615384615	STTGGYSR:0.23076923076923078	VWFFRLLL:0.46153846153846156	AFSDICNS:0.2692307692307692	ILYPSPWY:0.34615384615384615	FRLLLEYG:0.5	WRGSTTGG:0.8846153846153846	GNAFSGRF:0.7692307692307693	LDMDGNAF:0.38461538461538464	FSQSKISS:0.5	FFRLLLEY:0.5	SDICNSPS:0.2692307692307692	EVWFFRLL:0.46153846153846156	PPHFDKWF:0.2692307692307692	FSDICNSP:0.2692307692307692	SGRFYAFL:0.4230769230769231	DILYPSPW:0.34615384615384615	AFSGRFYA:0.46153846153846156	FSGRFYAF:0.38461538461538464	DEPRVVVP:0.46153846153846156	PPPHFDKW:0.5	WFFRLLLE:0.5769230769230769	VQLIDEYD:0.2692307692307692	LLLEYGRL:0.3076923076923077	YGRLVDDN:0.2692307692307692	YGFFDRPN:0.2692307692307692	IDEYDTIY:0.3076923076923077	MDGNAFSG:0.38461538461538464	QLIDEYDT:0.23076923076923078	DMDGNAFS:0.38461538461538464	IPPPPHFD:0.23076923076923078	WRRQHRQR:0.34615384615384615	LPDMDLAF:0.4230769230769231	DICLSPSL:0.23076923076923078	DLFPIFSQ:0.5	LYWRGSTT:0.46153846153846156	TYGFFDRP:0.23076923076923078	AVKEYRRR:0.23076923076923078	HDLFPIFS:0.38461538461538464	RGSTTGGF:0.6153846153846154	FPIFSQSK:0.5	LFPIFSQS:0.5	YWRGSTTG:0.6153846153846154	YLPDMDLA:0.2692307692307692	PPPPHFDK:0.3076923076923077	RYGIPPPP:0.38461538461538464	GIPPPPHF:0.23076923076923078	YGIPPPPH:0.23076923076923078	STTGGFSR:0.5384615384615384	RRYGIPPP:0.3076923076923077	PDMDLAFN:0.4230769230769231	VKEYRRRY:0.23076923076923078	FSHIGQCD:0.3076923076923077	DIDGNAFS:0.23076923076923078	VHDLFPIF:0.34615384615384615	IDGNAFSG:0.23076923076923078	GSTTGGFS:0.5769230769230769	IFSQSKIS:0.38461538461538464	GQCDPGDC:0.5	FSHVGQCD:0.23076923076923078	SHVGQCDP:0.23076923076923078	PIFSQSKI:0.38461538461538464	TPFWGLKP:0.3076923076923077	TAMSDICL:0.23076923076923078	HVGQCDPG:0.34615384615384615	VGQCDPGD:0.34615384615384615	KLYWRGST:0.23076923076923078	YNQTAFSD:0.23076923076923078	EDLEVWFF:0.23076923076923078	WVHYIPLS:0.2692307692307692	QCDPGDCD:0.3076923076923077	EVKTTRFN:0.23076923076923078	VHYIPLSL:0.2692307692307692	DPGDCDAQ:0.3076923076923077	TRFNVFSH:0.23076923076923078	NQTAFSDI:0.2692307692307692	KPWVHYIP:0.23076923076923078	KYLPDMDL:0.23076923076923078	LEVWFFRL:0.23076923076923078	FFDRPNAF:0.2692307692307692	KTTRFNVF:0.23076923076923078	HYIPLSLR:0.2692307692307692	RAREALGF:0.23076923076923078	VKTTRFNV:0.23076923076923078	QTAFSDIC:0.2692307692307692	RFNVFSHQ:0.23076923076923078	DLEVWFFR:0.23076923076923078	PPPNFDKW:0.23076923076923078	TTRFNVFS:0.23076923076923078	FREWHEEW:0.23076923076923078	GFVYNQTA:0.23076923076923078	PWVHYIPL:0.2692307692307692	CDPGDCDA:0.3076923076923077	GFFDRPNA:0.4230769230769231	VYNQTAFS:0.23076923076923078	HDEPRVVV:0.4230769230769231	FVYNQTAF:0.23076923076923078	LGFVYNQT:0.23076923076923078	MAVFREWH:0.23076923076923078	KMAVFREW:0.23076923076923078	EPRVVVPH:0.2692307692307692	IYHSLLPF:0.2692307692307692	YPSPWYWA:0.2692307692307692	TIYHSLLP:0.23076923076923078	TAFSDICN:0.2692307692307692	NTHDEPRV:0.23076923076923078	YDTIYHSL:0.2692307692307692	DTIYHSLL:0.23076923076923078	EYDTIYHS:0.2692307692307692	YHSLLPFW:0.2692307692307692	FNTHDEPR:0.2692307692307692	VVHDLFPI:0.23076923076923078	PGDCDAQR:0.2692307692307692	
