cluster number:17
GT90:52	GT90:52
WSVSEKYI:0.6730769230769231	YDYMFHLL:0.5769230769230769	KIYIEGSA:0.23076923076923078	SEKYILAC:0.5	VYDYMFHL:0.5961538461538461	YVYDYMFH:0.34615384615384615	FHLLNEYA:0.25	SVSEKYIL:0.5192307692307693	IYIEGSAW:0.23076923076923078	RYKIYIEG:0.5384615384615384	DYVYDYMF:0.23076923076923078	PLQHYWPI:0.21153846153846154	KYILACDS:0.6153846153846154	YKIYIEGS:0.23076923076923078	YMFHLLNE:0.2692307692307692	IEGSAWSV:0.2692307692307692	MDYVYDYM:0.3076923076923077	EKYILACD:0.4423076923076923	VSEKYILA:0.5	YILACDSV:0.25	DYMFHLLN:0.3269230769230769	AWSVSEKY:0.5576923076923077	EGSAWSVS:0.2692307692307692	LACDSVTL:0.25	YIEGSAWS:0.2692307692307692	ILACDSVT:0.25	MFHLLNEY:0.2692307692307692	HLLNEYAK:0.23076923076923078	PDLELMFD:0.25	DWSFWGWP:0.5769230769230769	MFDCVDWP:0.21153846153846154	QLLRRYPG:0.2692307692307692	VFPDWSFW:0.7692307692307693	FPDWSFWG:0.8653846153846154	PPPLFRYC:0.34615384615384615	YAYWKGNP:0.5	IKFAVDWG:0.21153846153846154	LDIVFPDW:0.4230769230769231	FWGWPEIN:0.2692307692307692	EPYAYWKG:0.4230769230769231	WSFWGWPE:0.5769230769230769	PLFRYCGD:0.25	KFAVDWGN:0.21153846153846154	SFWGWPEI:0.34615384615384615	FTLWGILQ:0.21153846153846154	TLWGILQL:0.21153846153846154	FQTRDVFT:0.2692307692307692	IVFPDWSF:0.6153846153846154	WGWPEINI:0.23076923076923078	WGILQLLR:0.4807692307692308	HRYKIYIE:0.5	REPYAYWK:0.4230769230769231	GILQLLRR:0.21153846153846154	LQLLRRYP:0.25	PDWSFWGW:0.8653846153846154	LLNEYAKL:0.23076923076923078	PYAYWKGN:0.6153846153846154	LWGILQLL:0.21153846153846154	DIVFPDWS:0.6153846153846154	GWPEINIK:0.21153846153846154	SIKFAVDW:0.21153846153846154	PPLFRYCG:0.3269230769230769	TLDIVFPD:0.25	FDCVDWPV:0.21153846153846154	ILQLLRRY:0.21153846153846154	LMFDCVDW:0.21153846153846154	DLELMFDC:0.21153846153846154	QCTHRYKI:0.4423076923076923	RDVFTIWG:0.25	FTIWGILQ:0.25	QTRDVFTI:0.25	CTHRYKIY:0.4423076923076923	DREPYAYW:0.21153846153846154	TRDVFTIW:0.25	IWGILQLL:0.25	TIWGILQL:0.25	WSFWGWAE:0.25	FRWIHEDL:0.25	DWSFWGWA:0.25	VPDLDLMF:0.21153846153846154	YILACDSM:0.23076923076923078	THRYKIYI:0.3076923076923077	YFRWIHED:0.21153846153846154	
