cluster number:13
GT90:28	GT90:28
LNAMDEPR:0.39285714285714285	PPPGFDKW:0.25	MDEPRLVV:0.21428571428571427	RGRHPPPG:0.5357142857142857	RHRFVAMN:0.21428571428571427	DQIYHDLE:0.21428571428571427	WRGVATGG:0.5	QRHRFVAM:0.21428571428571427	PRLVVPWE:0.21428571428571427	RHPPPGFD:0.4642857142857143	EPRLVVPW:0.21428571428571427	PMFGGSKL:0.25	RRGRHPPP:0.6428571428571429	EILLPAPM:0.25	NNEILLPA:0.35714285714285715	FQRHRFVA:0.21428571428571427	LFPMFGGS:0.21428571428571427	DEPRLVVP:0.21428571428571427	FPMFGGSK:0.21428571428571427	NEILLPAP:0.25	HRFVAMNN:0.21428571428571427	HPPPGFDK:0.21428571428571427	QIYHDLEP:0.21428571428571427	MFGGSKLA:0.25	ILLPAPMY:0.2857142857142857	IWRGVATG:0.21428571428571427	GRHPPPGF:0.5714285714285714	LLPAPMYW:0.2857142857142857	IFREWHDS:0.21428571428571427	REWHDSRL:0.5	TIFREWHD:0.25	FREWHDSR:0.35714285714285715	EWANKVLR:0.2857142857142857	LRLLLEYA:0.4642857142857143	RLLLEYAR:0.6071428571428571	LLLEYARV:0.21428571428571427	LLLEYARL:0.32142857142857145	EWHDSRLI:0.21428571428571427	IDGNSFSG:0.5714285714285714	DGNSFSGR:0.6785714285714286	KHFVPMDN:0.32142857142857145	DWFWTQIW:0.21428571428571427	IYVLRLLL:0.2857142857142857	LFGGSKLP:0.25	PDMDIPLN:0.25	HFVPMDNR:0.35714285714285715	GVATGGRN:0.25	RKRRGRHP:0.39285714285714285	LPDMDIPL:0.25	FSGRYRGF:0.25	PPGFDAWF:0.21428571428571427	WKHFVPMD:0.42857142857142855	KRRGRHPP:0.39285714285714285	SFSGRYRG:0.25	DMQIYVLR:0.21428571428571427	PLFGGSKL:0.42857142857142855	PGFDAWFK:0.21428571428571427	EDMQIYVL:0.21428571428571427	YVLRLLLE:0.5357142857142857	DIDGNSFS:0.5714285714285714	SGRYRGFL:0.21428571428571427	SDWFWTQI:0.21428571428571427	WFWTQIWL:0.21428571428571427	PDIDGNSF:0.5714285714285714	GNSFSGRY:0.6785714285714286	AWKHFVPM:0.25	YRKRRGRH:0.39285714285714285	RGVATGGR:0.2857142857142857	MQIYVLRL:0.21428571428571427	VLRLLLEY:0.5357142857142857	SLPIKATI:0.2857142857142857	GFDAWFKF:0.21428571428571427	PLNAMDEP:0.2857142857142857	NSFSGRYR:0.32142857142857145	QIYVLRLL:0.21428571428571427	FDAWFKFA:0.21428571428571427	PPPGFDAW:0.25	STSLPIKA:0.39285714285714285	KYLPDIDG:0.21428571428571427	LLEYARLC:0.21428571428571427	KVLRKEDM:0.25	FPLFGGSK:0.21428571428571427	YLPDIDGN:0.21428571428571427	LPDIDGNS:0.39285714285714285	VYVLRLLL:0.25	TSLPIKAT:0.39285714285714285	EWHDSRLV:0.2857142857142857	AYRKRRGR:0.2857142857142857	RGCPPDSP:0.21428571428571427	FSGRYLGF:0.32142857142857145	CPPDSPAR:0.21428571428571427	GCPPDSPA:0.21428571428571427	NSFSGRYL:0.32142857142857145	SGRYLGFL:0.32142857142857145	SFSGRYLG:0.32142857142857145	
