cluster number:7
GT90:15	GT90:15
DMEIYFFR:0.2	EGIKPTHA:0.26666666666666666	RLHGLWST:0.2	SGRFLPFL:0.3333333333333333	LEWGRLTD:0.3333333333333333	NLNDEPRV:0.2	AGFSGRFL:0.4666666666666667	AEEGRKWA:0.2	LHGLWSTL:0.2	GAGFSGRF:0.4666666666666667	FRLLLEWG:0.8	WIAEEGRK:0.2	LWSTLAYF:0.2	TLAYFAGV:0.2	LLLEWGRL:0.4666666666666667	FNLNDEPR:0.2	FFRLLLEW:0.2	MEIYFFRL:0.2	EIYFFRLL:0.2	RQWFDSRV:0.2	EDMEIYFF:0.2	EWGRLTDD:0.3333333333333333	KPTHAWMV:0.26666666666666666	TGLFRQWF:0.26666666666666666	FRQWFDSR:0.26666666666666666	LLEWGRLT:0.3333333333333333	YFFRLLLE:0.2	PIEPADQT:0.26666666666666666	GLFRQWFD:0.26666666666666666	PHSMGQFP:0.2	HGLWSTLA:0.2	KTGLFRQW:0.26666666666666666	RKEDMEIY:0.3333333333333333	ICHQPDLA:0.4	DLDGAGFS:0.26666666666666666	FSGRFLPF:0.4666666666666667	GFSGRFLP:0.4666666666666667	RLLLEWGR:0.8	WSTLAYFA:0.2	IAEEGRKW:0.2	DGAGFSGR:0.4666666666666667	QEGIKPTH:0.26666666666666666	QWFDSRVT:0.2	LDGAGFSG:0.26666666666666666	GIKPTHAW:0.26666666666666666	LFRQWFDS:0.26666666666666666	IYFFRLLL:0.2	STLAYFAG:0.2	IKPTHAWM:0.26666666666666666	VQEGIKPT:0.2	KEDMEIYF:0.2	GLWSTLAY:0.2	GRLTDDRR:0.26666666666666666	WGRLTDDR:0.26666666666666666	LFRLLLEW:0.5333333333333333	LPDMDLAF:0.3333333333333333	HPIDLLIY:0.2	MEIYLFRL:0.2	LAFNLNDE:0.26666666666666666	PIDLLIYE:0.2	DLAFNLND:0.26666666666666666	PDMDLAFN:0.3333333333333333	DMEIYLFR:0.2	YLFRLLLE:0.5333333333333333	DMDLAFNL:0.3333333333333333	RLTDDRRD:0.2	MDLAFNLN:0.26666666666666666	IYLFRLLL:0.26666666666666666	EIYLFRLL:0.2	PWNYVDKI:0.2	IIFPSPWN:0.2	PNFDKWYE:0.2	LLLEWGRI:0.26666666666666666	PSPWNYVD:0.2	SLPFKTGL:0.2	FPSPWNYV:0.2	LPFKTGLF:0.2	PPNFDKWY:0.2	DIIFPSPW:0.2	PPPNFDKW:0.2	FKTGLFRQ:0.2	DICHQPDL:0.26666666666666666	IFPSPWNY:0.2	SPWNYVDK:0.2	PWLHFVPI:0.2	FDKWYEYA:0.2	WLHFVPID:0.26666666666666666	PFKTGLFR:0.2	TKSRLRTL:0.2	RTTKSRLR:0.2	ERPRVLAP:0.2	GGHQERLV:0.2	RPRVLAPW:0.2	VYLFRLLL:0.26666666666666666	EVYLFRLL:0.2	TTKSRLRT:0.2	GHQERLVH:0.2	
