cluster number:0
CBM52:6	CBM52:6
CPITAGEP:0.6666666666666666	AYEGGGFV:0.5	LNGNGWGW:0.8333333333333334	SGTVGAWQ:0.5	DPAQYVCW:0.3333333333333333	GGFVNLNG:0.6666666666666666	VNLNGNGW:0.6666666666666666	GNGWGWVA:0.5	YTQAHSAY:0.5	GACYSKFM:1.0	GKPVTASG:0.3333333333333333	CNGACYSK:0.5	ACYSKFMY:1.0	EGGGFVNL:0.5	ASGGGGTA:0.3333333333333333	NGNGWGWV:0.5	TVGAWQYT:0.5	QYDPAQYV:0.3333333333333333	WGWVACPP:0.5	LPSGTVGA:0.5	ITAGEPLS:0.6666666666666666	GGGFVNLN:0.6666666666666666	FVNLNGNG:0.6666666666666666	TQAHSAYI:0.3333333333333333	NGWGWVAC:0.5	GTVGAWQY:0.5	GFVNLNGN:0.6666666666666666	QAHSAYIP:0.3333333333333333	PSGTVGAW:0.5	SGGGGTAW:0.3333333333333333	GFGAYEGG:0.5	GWGWVACP:0.5	GAYEGGGF:0.5	QFLCPITA:0.5	LCPITAGE:0.6666666666666666	NLNGNGWG:0.8333333333333334	PITAGEPL:0.6666666666666666	FGAYEGGG:0.5	YEGGGFVN:0.5	FLCPITAG:0.6666666666666666	YDPAQYVC:0.3333333333333333	NGACYSKF:0.5	GEPLSYCA:0.3333333333333333	CWDNQFLC:0.3333333333333333	QYVCWDNQ:0.3333333333333333	TPFTLTVD:0.3333333333333333	CAGACYSK:0.5	SYCAGACY:0.3333333333333333	GWVACPPR:0.3333333333333333	PPRASGGG:0.5	VPGGQQVY:0.3333333333333333	CPPRASGG:0.5	PFTLTVDN:0.3333333333333333	YVCWDNQF:0.3333333333333333	MVPGGQQV:0.3333333333333333	YSKFMYTC:0.5	CYSKFMYT:0.5	ACPPRASG:0.6666666666666666	NQFLCPIT:0.3333333333333333	YCAGACYS:0.3333333333333333	AGACYSKF:0.5	LSYCAGAC:0.3333333333333333	VACPPRAS:0.3333333333333333	EPLSYCAG:0.3333333333333333	SVMVPGGQ:0.5	NNVLTLLP:0.3333333333333333	PRASGGGG:0.5	VCWDNQFL:0.3333333333333333	NVLTLLPP:0.3333333333333333	DNQFLCPI:0.3333333333333333	VMVPGGQQ:0.5	WVACPPRA:0.3333333333333333	MSVMVPGG:0.5	PGGQQVYL:0.3333333333333333	FTLTVDNP:0.3333333333333333	WDNQFLCP:0.3333333333333333	PLSYCAGA:0.3333333333333333	TAGEPLSY:0.3333333333333333	IHGKPVTA:0.5	AGEPLSYC:0.3333333333333333	GETSSYCP:0.3333333333333333	EGLSYCNG:0.3333333333333333	YCNGACYS:0.3333333333333333	GLSYCNGA:0.3333333333333333	LSYCNGAC:0.3333333333333333	SYCNGACY:0.3333333333333333	GEGLSYCN:0.3333333333333333	MVPGGQQA:0.3333333333333333	GNGWGWAA:0.3333333333333333	GWAACPPR:0.3333333333333333	GQQAYLDP:0.3333333333333333	WNMGYTQA:0.3333333333333333	SMSVMVPG:0.3333333333333333	VGDACPPG:0.3333333333333333	VPGGQQAY:0.3333333333333333	LPIHGKPV:0.3333333333333333	GWGWAACP:0.3333333333333333	WAACPPRA:0.3333333333333333	GYTQAHSA:0.5	RASGGGGP:0.3333333333333333	GGQQAYLD:0.3333333333333333	NMGYTQAH:0.3333333333333333	QVGDACPP:0.3333333333333333	PIHGKPVT:0.3333333333333333	HGKPVTAA:0.3333333333333333	NGWGWAAC:0.3333333333333333	VSMSVMVP:0.3333333333333333	NGNGWGWA:0.3333333333333333	WGWAACPP:0.3333333333333333	MGYTQAHS:0.3333333333333333	AACPPRAS:0.3333333333333333	PGGQQAYL:0.3333333333333333	CGPAQYDP:0.3333333333333333	
