cluster number:25
GH36:767	GH36:767|3.2.1.22:14
GRFDPGML:0.2242503259452412	CSGGGGRF:0.36766623207301175	GCSGGGGR:0.20730117340286833	GLWFEPEM:0.5567144719687093	YIKWDMNR:0.4367666232073012	WFEPEMVS:0.2033898305084746	NNWEATYF:0.6883963494132985	ELFVLDDG:0.560625814863103	LFVLDDGW:0.5710560625814863	GGGGRFDP:0.20208604954367665	FVLDDGWF:0.8279009126466753	GGRFDPGM:0.22816166883963493	SGGGGRFD:0.36897001303780963	SAVPNHQV:0.23598435462842243	LINNWEAT:0.500651890482399	VLDDGWFG:0.8265971316818774	FGLWFEPE:0.6101694915254238	LWFEPEMV:0.27640156453715775	EGCSGGGG:0.20730117340286833	INNWEATY:0.49674054758800523	GGGRFDPG:0.29595827900912647	WEATYFDF:0.5228161668839635	NWEATYFD:0.5189048239895697	ERLKIQYG:0.288135593220339	PILINNWE:0.37157757496740546	DNSSLGDW:0.21903520208604954	RPILINNW:0.36897001303780963	MFVLDDGW:0.21121251629726207	DDGWFGHR:0.2242503259452412	RLKIQYGT:0.37157757496740546	YGTSLVYP:0.20078226857887874	ILINNWEA:0.36766623207301175	IDYIKWDM:0.20990873533246415	EMFVLDDG:0.21121251629726207	LKIQYGTS:0.35984354628422427	DYIKWDMN:0.33376792698826596	GGGRFDAG:0.21903520208604954	LDDGWFGH:0.20208604954367665	KIQYGTSL:0.23076923076923078	GFSLVYSG:0.21773142112125163	RFDPGMLY:0.3011734028683181	FDPGMLYY:0.29335071707953064	GYELDLTK:0.20208604954367665	KFGLWFEP:0.29726205997392435	WFEPEMIS:0.32333767926988266	LWFEPEMI:0.2777053455019557	MPQTWTSD:0.23468057366362452	IELFVLDD:0.4132985658409387	LDDGWFGK:0.3259452411994785	LFESCSGG:0.2438070404172099	FGYELDLT:0.22164276401564537	YVKWDMNR:0.42242503259452413	LYYMPQTW:0.20860495436766624	DGWFGKRD:0.21642764015645372	LGIELFVL:0.31029986962190353	ESCSGGGG:0.24511082138200782	FESCSGGG:0.2438070404172099	GIELFVLD:0.4106910039113429	YMPQTWTS:0.2333767926988266	DDGWFGKR:0.37027379400260757	SCSGGGGR:0.24511082138200782	MGAHVSAV:0.22033898305084745	AHVSAVPN:0.35984354628422427	WTSDNTDA:0.2711864406779661	HVSAVPNH:0.39895697522816165	VSAVPNHQ:0.39895697522816165	GAHVSAVP:0.30638852672750977	EATYFDFN:0.21121251629726207	
