cluster number:46
GH36:6	GH36:6
AMPYTQFL:0.3333333333333333	YLERERAM:0.3333333333333333	WISPLGGY:0.3333333333333333	MHHGLVLG:0.3333333333333333	VHWVGGNP:0.3333333333333333	SPFWLNHV:0.3333333333333333	PFEVLVFD:0.3333333333333333	VSPHFMAL:0.3333333333333333	ERAMPYTQ:0.3333333333333333	TWPSPFWL:0.3333333333333333	GVSPHFMA:0.3333333333333333	PSPFWLNH:0.3333333333333333	GIWISPLG:0.3333333333333333	RERAMPYT:0.3333333333333333	VLADVHWV:0.3333333333333333	FEVLVFDA:0.3333333333333333	GTWPSPFW:0.3333333333333333	VGTWPSPF:0.3333333333333333	RAMPYTQF:0.3333333333333333	DVHWVGGN:0.3333333333333333	IWISPLGG:0.3333333333333333	ERERAMPY:0.3333333333333333	TVGTWPSP:0.3333333333333333	PFWLNHVD:0.3333333333333333	SPHFMALL:0.3333333333333333	LERERAMP:0.3333333333333333	LADVHWVG:0.5	WPSPFWLN:0.3333333333333333	ADVHWVGG:0.5	FVLDDGWD:0.3333333333333333	APLYPLSS:0.3333333333333333	YYLERERA:0.3333333333333333	FVIDDGWD:0.3333333333333333	VIDDGWDD:0.3333333333333333	MTHGIIKG:0.3333333333333333	THGIIKGK:0.3333333333333333	TWLSPWWL:0.3333333333333333	HGIIKGKL:0.3333333333333333	GTWLSPWW:0.3333333333333333	
