cluster number:33
CBM6:30	CBM6:30|CE3:2|CBM32:1
YHDTTAGN:0.26666666666666666	QLDTDGSP:0.26666666666666666	DTDGSPNV:0.3	AGNEGGVY:0.2	PFTVQFTD:0.2	VYRHDDVD:0.36666666666666664	TPFTVQFT:0.2	DTTAGNEG:0.26666666666666666	TTAGNEGG:0.26666666666666666	LQAEDYDL:0.43333333333333335	DDVDIEQL:0.3	LDTDGSPN:0.3	DIEQLDTD:0.3	HDTTAGNE:0.26666666666666666	DLGGEGVA:0.4666666666666667	SPNVGWIR:0.36666666666666664	RHDDVDIE:0.4666666666666667	GYQWQFGD:0.23333333333333334	GVYRHDDV:0.36666666666666664	YRHDDVDI:0.4666666666666667	TAGNEGGV:0.2	AYHDTTAG:0.26666666666666666	KNPVHTYS:0.2	DGSPNVGW:0.3	HDDVDIEQ:0.4	DVDIEQLD:0.3	DKNPVHTY:0.2	NEGGVYRH:0.36666666666666664	QAEDYDLG:0.5	GNEGGVYR:0.43333333333333335	GGEGVAYH:0.5666666666666667	QWQFGDGT:0.2	LGGEGVAY:0.5	NVALTASN:0.2	EGVAYHDT:0.5	IEQLDTDG:0.26666666666666666	EGGVYRHD:0.36666666666666664	YQWQFGDG:0.23333333333333334	GEGVAYHD:0.5666666666666667	EDYDLGGE:0.5666666666666667	TLQAEDYD:0.26666666666666666	TDGSPNVG:0.3	YDLGGEGV:0.4666666666666667	GVAYHDTT:0.43333333333333335	AEDYDLGG:0.6333333333333333	LPAGQHRL:0.36666666666666664	PGTLQAED:0.3333333333333333	DYDLGGEG:0.5333333333333333	EQLDTDGS:0.26666666666666666	GGVYRHDD:0.36666666666666664	GTLQAEDY:0.3333333333333333	VDIEQLDT:0.3	QFGDGTTS:0.23333333333333334	WQFGDGTT:0.23333333333333334	GSPNVGWI:0.3	IPGTLQAE:0.3	GGAYRQDD:0.23333333333333334	GAYRQDDV:0.23333333333333334	AYRQDDVD:0.23333333333333334	YRQDDVDI:0.3	RQDDVDIE:0.3	PNVGWIRA:0.23333333333333334	VGWIRAGE:0.23333333333333334	TLPAGQHR:0.3333333333333333	FRVASSHS:0.2	DGTTSTEQ:0.23333333333333334	AGFRVASS:0.3	TSTEQNPV:0.3	PVTLPAGQ:0.26666666666666666	TTSTEQNP:0.3	VNVSTAGT:0.2	VASSHSGS:0.2	NVSTAGTY:0.2	HTIPGTLQ:0.26666666666666666	GPHTIPGT:0.23333333333333334	GEWLAYTV:0.3333333333333333	DQSTGSPT:0.2	GHVGQAPY:0.23333333333333334	QNPVHTYT:0.26666666666666666	YTVNVSTA:0.2	NGPHTIPG:0.23333333333333334	VPNTGDWP:0.26666666666666666	FYAFGHVG:0.2	GFRVASSH:0.3	RAGEWLAY:0.23333333333333334	TVNVSTAG:0.2	GTTPVATV:0.23333333333333334	FGHVGQAP:0.2	NVGWIRAG:0.23333333333333334	YAFGHVGQ:0.2	FPTDYVNI:0.2	TEQNPVHT:0.26666666666666666	AFGHVGQA:0.2	GWIRAGEW:0.23333333333333334	GTTSTEQN:0.23333333333333334	YNGPHTIP:0.23333333333333334	PTDYVNIN:0.2	TDYVNINW:0.2	PHTIPGTL:0.23333333333333334	EQNPVHTY:0.26666666666666666	AGEWLAYT:0.23333333333333334	EWLAYTVN:0.26666666666666666	FGDGTTST:0.36666666666666664	WIRAGEWL:0.23333333333333334	STEQNPVH:0.26666666666666666	VTLPAGQH:0.36666666666666664	VPVTLPAG:0.26666666666666666	GDGTTSTE:0.26666666666666666	RVASSHSG:0.2	TIPGTLQA:0.26666666666666666	TTPGNEGG:0.2	QAPYSVRF:0.2	STEQNPTH:0.23333333333333334	LPVANFTV:0.23333333333333334	GQAPYSVR:0.2	TYTAGFRV:0.2	DTTPGNEG:0.2	YTAGFRVA:0.2	GTYTAGFR:0.2	HVGQAPYS:0.2	TSTEQNPT:0.2	ANFTANVT:0.2	PGNEGGVY:0.2	TPGNEGGV:0.2	WDFGDGTT:0.23333333333333334	DFGDGTTS:0.23333333333333334	PVANFTVT:0.23333333333333334	TYWQAGTY:0.23333333333333334	WQAGTYTI:0.23333333333333334	YWQAGTYT:0.23333333333333334	TAGFRVAS:0.2	VGQAPYSV:0.2	AYHDTTPG:0.26666666666666666	YHDTTPGN:0.26666666666666666	KYDLGDGT:0.2	TATNAAGS:0.3	YDLGDGTT:0.3	QTATNAAG:0.3	DLGDGTTT:0.3333333333333333	LGDGTTTA:0.3	TAVNATSV:0.2	GDGTTTAY:0.3	NLPVANFT:0.2	
