cluster number:17
CBM6:139	CBM6:139|GH43_29:121|CBM22:7|GH43_16:6|CBM2:5|GH43_2:4|CBM13:4|GH43:4|CE1:3|CBM1:1|GH27:1|GH30_8:1|3.2.1.8:1|CBM64:1|CBM32:1|3.2.1.37:1|3.2.1.55:1
GNPNLWYV:0.2158273381294964	YLYWGNPN:0.3669064748201439	TADPAPLV:0.28776978417266186	AYLYWGNP:0.5611510791366906	LYWGNPNL:0.33093525179856115	YWGNPNLW:0.23741007194244604	WGNPNLWY:0.2158273381294964	QAYLYWGN:0.5827338129496403	DMVNWTDH:0.5467625899280576	TVFIDDDG:0.26618705035971224	IDDDGQAY:0.48201438848920863	SYFFYHNG:0.3597122302158273	DPTVFIDD:0.3237410071942446	IDPTVFID:0.34532374100719426	VFIDDDGQ:0.33093525179856115	FIDDDGQA:0.3669064748201439	NGALPGGG:0.28776978417266186	PTVFIDDD:0.2805755395683453	YFFYHNGA:0.41007194244604317	FYHNGALP:0.43884892086330934	TADPAPMV:0.30935251798561153	YTADPAPM:0.26618705035971224	HNGALPGG:0.4316546762589928	MVNWTDHG:0.5467625899280576	DDDGQAYL:0.45323741007194246	GALPGGGG:0.2949640287769784	YHNGALPG:0.4316546762589928	FFYHNGAL:0.41007194244604317	SDSPTGPF:0.23741007194244604	VSDSPTGP:0.23741007194244604	GKFYWYVP:0.2014388489208633	ADPAPLVH:0.2014388489208633	TLYEEGPW:0.2517985611510791	RQEAETIA:0.2014388489208633	EGPWVYKR:0.2158273381294964	SPTGPFRD:0.2158273381294964	RPTLYEEG:0.22302158273381295	GRVYLYTG:0.20863309352517986	IYTADPAP:0.20863309352517986	RNGKFYWY:0.2589928057553957	YTADPAPL:0.23741007194244604	GPWTYRGT:0.22302158273381295	PTLYEEGP:0.23741007194244604	GQAYLYWG:0.5467625899280576	NWTDHGSP:0.31654676258992803	PTGPFRDA:0.2158273381294964	PLTTAGFG:0.2014388489208633	NGKFYWYV:0.23741007194244604	DGQAYLYW:0.45323741007194246	VNWTDHGS:0.302158273381295	DDGQAYLY:0.4028776978417266	TGPWTYRG:0.2949640287769784	GVAVSDSP:0.22302158273381295	IGVAVSDS:0.2158273381294964	GDYIKVKG:0.2302158273381295	LYTGHDED:0.2733812949640288	YLYTGHDE:0.2805755395683453	VYLYTGHD:0.2302158273381295	NGDYIKVK:0.2446043165467626	DYIKVKGV:0.22302158273381295	TDMVNWTD:0.22302158273381295	PTGPWTYR:0.26618705035971224	
