cluster number:17
GT41:19	GT41:19|GT0:1
FGSFNNPA:0.21052631578947367	ALWMGVPV:0.5263157894736842	TCEALWMG:0.21052631578947367	MGVPVVTL:0.3157894736842105	TFGSFNNP:0.21052631578947367	LWMGVPVV:0.47368421052631576	DGIDILVD:0.2631578947368421	DILVDLSG:0.3157894736842105	RKPAPVQV:0.21052631578947367	FARKPAPV:0.2631578947368421	PAPVQVTW:0.3157894736842105	GSFNNPAK:0.21052631578947367	ARKPAPVQ:0.3157894736842105	EALWMGVP:0.3684210526315789	GIDILVDL:0.3157894736842105	WMGVPVVT:0.3157894736842105	IDILVDLS:0.3157894736842105	CEALWMGV:0.3157894736842105	ILVDLSGH:0.3157894736842105	TTCEALWM:0.21052631578947367	TTTCEALW:0.21052631578947367	ITFGSFNN:0.21052631578947367	RLLVFARK:0.2631578947368421	VFARKPAP:0.42105263157894735	LVFARKPA:0.3157894736842105	LLVFARKP:0.2631578947368421	ARKPAPIQ:0.21052631578947367	FARKPAPI:0.21052631578947367	IALDPFPL:0.21052631578947367	MGVPLVTL:0.21052631578947367	WMGVPLVT:0.21052631578947367	YHQIDIAL:0.2631578947368421	QIDIALDP:0.21052631578947367	LVDLSGHT:0.21052631578947367	HQIDIALD:0.2631578947368421	IDIALDPF:0.3157894736842105	LWMGVPLV:0.3157894736842105	DIALDPFP:0.3684210526315789	DILIDLSG:0.2631578947368421	ILIDLSGH:0.2631578947368421	LIDLSGHT:0.2631578947368421	PVQVTWLG:0.21052631578947367	APVQVTWL:0.2631578947368421	
