cluster number:30
GT41:26	GT41:26|GT4:1|GT2:1
DALWMGLP:0.5384615384615384	SGARPNIL:0.23076923076923078	HWVHLRQK:0.2692307692307692	EVYGFCWS:0.23076923076923078	ALWMGLPV:0.46153846153846156	TTANDALW:0.5	MAGALLTA:0.46153846153846156	ASRMAGAL:0.46153846153846156	PVLTRSGR:0.3076923076923077	VLTRSGRT:0.2692307692307692	ANDALWMG:0.4230769230769231	SRMAGALL:0.46153846153846156	FEVYGFCW:0.2692307692307692	MGLPVLTR:0.2692307692307692	LPVLTRSG:0.3076923076923077	GLTSGARP:0.3076923076923077	FCWSREDG:0.3076923076923077	LWMGLPVL:0.46153846153846156	TRSGRTFA:0.2692307692307692	FYSEKPLY:0.2692307692307692	RTFASRMA:0.2692307692307692	NDALWMGL:0.4230769230769231	VHLRQKQC:0.23076923076923078	TSGARPNI:0.23076923076923078	FASRMAGA:0.5	WMGLPVLT:0.46153846153846156	RMAGALLT:0.46153846153846156	GARPNILA:0.2692307692307692	GLPVLTRS:0.3076923076923077	LSSDFCLH:0.23076923076923078	WVHLRQKQ:0.23076923076923078	GRTFASRM:0.2692307692307692	GTTANDAL:0.5	LTRSGRTF:0.2692307692307692	RSGRTFAS:0.2692307692307692	TFASRMAG:0.2692307692307692	LTSGARPN:0.23076923076923078	SGRTFASR:0.2692307692307692	TANDALWM:0.46153846153846156	PFNAGTTA:0.5384615384615384	GLPATTGL:0.23076923076923078	VFCSFNNN:0.5769230769230769	YMPDVYQV:0.2692307692307692	CSFNNNYK:0.38461538461538464	TAELFELH:0.34615384615384615	DVYQVSDR:0.23076923076923078	YLGLPATT:0.34615384615384615	ELFELHDR:0.34615384615384615	ADRFLIPE:0.2692307692307692	TYLGLPAT:0.34615384615384615	FLDTFPFN:0.23076923076923078	LGLPATTG:0.3076923076923077	LFLDTFPF:0.23076923076923078	TFPFNAGT:0.23076923076923078	MPDVYQVS:0.2692307692307692	DTFPFNAG:0.23076923076923078	FVFCSFNN:0.5769230769230769	PDVYQVSD:0.2692307692307692	LFDTPRFV:0.3076923076923077	IQITYLGL:0.3076923076923077	FCSFNNNY:0.38461538461538464	AGTTANDA:0.4230769230769231	IDYVIADR:0.2692307692307692	VIADRFLI:0.2692307692307692	LPATTGLP:0.23076923076923078	AGALLTAA:0.2692307692307692	APIQITYL:0.2692307692307692	EIDILIDL:0.23076923076923078	AELFELHD:0.3076923076923077	LDTFPFNA:0.23076923076923078	IADRFLIP:0.2692307692307692	DRFLIPEE:0.23076923076923078	FNAGTTAN:0.46153846153846156	ITYLGLPA:0.34615384615384615	YQVSDRKR:0.3076923076923077	DLFLDTFP:0.38461538461538464	PAPIQITY:0.2692307692307692	RPAPIQIT:0.23076923076923078	PIQITYLG:0.3076923076923077	NAGTTAND:0.5	LTAELFEL:0.34615384615384615	QITYLGLP:0.34615384615384615	FPFNAGTT:0.34615384615384615	HEIDILID:0.23076923076923078	PLYMPDVY:0.23076923076923078	ADLFLDTF:0.3076923076923077	LYMPDVYQ:0.23076923076923078	GRSFASRM:0.23076923076923078	VLWLLADN:0.5769230769230769	NSVLWLLA:0.2692307692307692	SFASRMAG:0.23076923076923078	SEKPLYMP:0.23076923076923078	EKPLYMPD:0.23076923076923078	YSEKPLYM:0.23076923076923078	LWLLADNP:0.23076923076923078	SVLWLLAD:0.5769230769230769	SFNNNYKF:0.23076923076923078	RLIFAPRV:0.3076923076923077	NAGTTASD:0.23076923076923078	RMAGSLLT:0.23076923076923078	SRMAGSLL:0.2692307692307692	EIDILVDL:0.2692307692307692	
