cluster number:32
GT41:12	GT41:12
VAWSWEEY:0.3333333333333333	IGFLSKHF:0.3333333333333333	GGTHNLEA:0.4166666666666667	TEEEHRAI:0.3333333333333333	YPYNGGTH:1.0	WSWEEYTQ:0.25	SYPYNGGT:1.0	SKHFRRHS:0.4166666666666667	EEEHRAIY:0.4166666666666667	YLCVAPGR:0.6666666666666666	THNLEALW:0.3333333333333333	GFLSKHFR:0.3333333333333333	DVLVDLDS:0.25	LCVAPGRK:0.6666666666666666	RRHSVGWC:0.4166666666666667	GVAWSWEE:0.3333333333333333	CDLLSHST:0.3333333333333333	FRRHSVGW:0.4166666666666667	DLAAVHWN:0.25	VAPGRKTN:0.3333333333333333	YLSRMGYA:0.25	KPDFAEAY:0.25	YQQLCDLL:0.3333333333333333	LSKHFRRH:0.3333333333333333	CVAPGRKT:0.3333333333333333	EEYTQLGI:0.25	QYLSRMGY:0.4166666666666667	FLSKHFRR:0.3333333333333333	LAAVHWNL:0.25	LCDLLSHS:0.3333333333333333	NGGTHNLE:0.4166666666666667	QQLCDLLS:0.4166666666666667	LDSYPYNG:1.0	ELKPDFAE:0.25	PDLAAVHW:0.25	SRMGYAFL:0.25	WLGFDAPY:0.5833333333333334	PYNGGTHN:0.4166666666666667	LLSHSTNL:0.3333333333333333	RMGYAFLK:0.25	AYLCVAPG:0.25	LPVVTRSG:0.25	LIRKGQGD:0.3333333333333333	KIGFLSKH:0.3333333333333333	HNLEALWS:0.25	AYQQLCDL:0.3333333333333333	DLLSHSTN:0.3333333333333333	LKIGFLSK:0.3333333333333333	PLKIGFLS:0.25	HFRRHSVG:0.4166666666666667	KHFRRHSV:0.4166666666666667	LKPDFAEA:0.25	TLAPLWNP:0.25	GIEKHYLE:0.25	DSYPYNGG:1.0	EAYQQLCD:0.3333333333333333	YNGGTHNL:0.4166666666666667	GTHNLEAL:0.4166666666666667	QLCDLLSH:0.4166666666666667	AWSWEEYT:0.3333333333333333	LSRMGYAF:0.25	LAPLWNPK:0.75	WEEYTQLG:0.25	SWLGFDAP:0.5833333333333334	HSVGWCSE:0.25	RHSVGWCS:0.75	DVLLDSYP:0.5	VLLDSYPY:0.5	LWNPKKLA:0.25	APLWNPKK:0.4166666666666667	LGFDAPYI:0.3333333333333333	ADVLLDSY:0.5	GFDAPYIS:0.3333333333333333	PLWNPKKL:0.25	CVSWLGFD:0.3333333333333333	VSWLGFDA:0.3333333333333333	LLDSYPYN:0.75	STYQVSGL:0.25	LKQVPDSI:0.25	TLEALWFN:0.3333333333333333	RMGYSFLQ:0.3333333333333333	QIVYLCVA:0.25	GEQFLSRM:0.3333333333333333	QFLSRMGY:0.5	DQIVYLCV:0.25	EQFLSRMG:0.3333333333333333	ISTYQVSG:0.25	SRMGYSFL:0.6666666666666666	LSRMGYSF:0.6666666666666666	AHQHLCGI:0.25	GGTHTLEA:0.3333333333333333	YNGGTHTL:0.4166666666666667	KQVPDSIL:0.25	ISWLGFDA:0.25	ILKQVPDS:0.3333333333333333	PYNGGTHT:0.4166666666666667	HTLEALWF:0.3333333333333333	THTLEALW:0.3333333333333333	NGGTHTLE:0.4166666666666667	CGIYRDSS:0.25	FLSRMGYS:0.5	TYQVSGLN:0.25	GTHTLEAL:0.3333333333333333	CISWLGFD:0.4166666666666667	EQLIRMPD:0.25	QLIRMPDS:0.25	RMGYSFLK:0.3333333333333333	DSFVAVSG:0.25	LIRMPDSF:0.25	ILKQVPNS:0.25	DILIDLDS:0.25	IRMPDSFV:0.25	SFVAVSGF:0.25	LEALWFNL:0.25	VAPGRKFN:0.3333333333333333	VVYLCVAP:0.25	CVAPGRKF:0.3333333333333333	LADVLLDS:0.3333333333333333	QVVYLCVA:0.25	VYLCVAPG:0.4166666666666667	SVGWCSAD:0.3333333333333333	EALWFNLP:0.25	HSVGWCSA:0.3333333333333333	PVCVSWLG:0.25	EKAIELKP:0.25	VCVSWLGF:0.25	APVCVSWL:0.25	NLAPLWNP:0.3333333333333333	PAPVCVSW:0.25	LNTEIYLY:0.25	RFATEEEH:0.25	PVEIKSLY:0.25	FATEEEHR:0.25	CRHSVGWC:0.25	SILVHKAL:0.3333333333333333	QKAIELKP:0.25	EIKSLYAN:0.25	IKSLYANL:0.25	SLYANLLF:0.25	FCRHSVGW:0.25	DPIMTAIY:0.25	LVHKALGD:0.3333333333333333	KAIELKPN:0.25	VEIKSLYA:0.25	ILVHKALG:0.3333333333333333	KSLYANLL:0.25	GKLEEAIA:0.25	
