cluster number:47
GT41:32	GT41:32
LDTTPYGA:0.28125	ADLFLDTT:0.40625	TTPYGAHT:0.28125	LFLDTTPY:0.28125	TPYGAHTT:0.28125	FLDTTPYG:0.28125	LADLFLDT:0.59375	DTTPYGAH:0.28125	DLFLDTTP:0.40625	PYGAHTTA:0.375	RYPLADLF:0.3125	ARYPLADL:0.21875	GRSFASRV:0.21875	RLPCYQPN:0.28125	RSFASRVC:0.21875	YPLADLFL:0.3125	PLADLFLD:0.3125	PCYQPNDR:0.34375	SDALWAGL:0.25	VQAQWLGY:0.25	HLCRWDGL:0.25	APVQAQWL:0.25	VGAHTTAS:0.25	RHLCRWDG:0.25	LWAGLPVL:0.28125	IFLGEGAG:0.25	WIFLGEGA:0.25	PAPVQAQW:0.25	FAPAPCNQ:0.21875	WAGLPVLT:0.25	RPAPVQAQ:0.25	GAHTTASD:0.71875	PVGAHTTA:0.28125	PCNQGVLL:0.25	ASDALWAG:0.28125	AHTTASDA:0.6875	TTASDALW:0.71875	SYGPDDGG:0.21875	GEALRRQG:0.21875	PAPCNQGV:0.21875	HPWIFLGE:0.25	AQWLGYPG:0.25	VPGSVLWL:0.25	EALRRQGR:0.21875	QWLGYPGT:0.28125	PVQAQWLG:0.25	RIGYLSAD:0.21875	FLGEGAGP:0.25	CNQGVLLR:0.28125	YGPDDGGP:0.21875	RLADLFLD:0.375	WLPDFGGN:0.25	TASDALWA:0.28125	AGLPVLTV:0.21875	TPEEAVAR:0.25	PEEAVARS:0.25	APCNQGVL:0.25	QAQWLGYP:0.25	RLRIGYLS:0.21875	DILVDLKG:0.28125	LPDFGGNH:0.21875	PWIFLGEG:0.25	ALWAGLPV:0.28125	VHPWIFLG:0.25	APLFDTDR:0.25	HTTASDAL:0.71875	LRIGYLSA:0.21875	APAPCNQG:0.21875	DALWAGLP:0.28125	PGSVLWLL:0.34375	QVHPWIFL:0.25	GTPEEAVA:0.25	ASDALWMG:0.25	TASDALWM:0.375	NWLGYPGT:0.3125	VNWLGYPG:0.3125	ALWMGVPV:0.25	LWMGVPVL:0.25	DALWMGVP:0.25	FASRVCGS:0.34375	WMGVPVLT:0.25	SDALWMGV:0.25	ASRVCGSL:0.34375	YQPNDRRR:0.21875	YGAHTTAS:0.34375	WLGYPGTM:0.34375	AYGEAARL:0.21875	YGEAARLM:0.25	RYRLADLF:0.25	HLARYRLA:0.25	VLAQLVQQ:0.21875	GGVLAQLV:0.21875	GVLAQLVQ:0.21875	GEAARLMP:0.25	SVLWLLDS:0.28125	LARYRLAD:0.25	YRLADLFL:0.25	ARYRLADL:0.25	LGYPGTMG:0.28125	RVCGSLVR:0.21875	SRVCGSLV:0.21875	
