cluster number:19
GT41:111	GT41:111
ASDALWAG:0.4954954954954955	AHTTASDA:0.6306306306306306	TTASDALW:0.6036036036036037	NAHTTASD:0.4954954954954955	TASDALWA:0.4954954954954955	HTTASDAL:0.6486486486486487	YNAHTTAS:0.2702702702702703	PYNAHTTA:0.27927927927927926	SDALWAGL:0.44144144144144143	LGYPGTMG:0.21621621621621623	DALWAGLP:0.46846846846846846	WAGLPVLT:0.32432432432432434	LFLDTLPY:0.24324324324324326	FVFCCFNN:0.2072072072072072	GFVFCCFN:0.2882882882882883	LDTLPYNA:0.26126126126126126	ALWAGLPV:0.34234234234234234	LWAGLPVL:0.3153153153153153	VPGSVLWL:0.22522522522522523	FLDTLPYN:0.24324324324324326	DLFLDTLP:0.3333333333333333	ADLFLDTL:0.3333333333333333	GRVAASLL:0.2702702702702703	LADLFLDT:0.3153153153153153	FAGRVAAS:0.22522522522522523	AGRVAASL:0.21621621621621623	ARHRLADL:0.21621621621621623	HRLADLFL:0.21621621621621623	DTLPYNAH:0.23423423423423423	TLPYNAHT:0.23423423423423423	RLADLFLD:0.26126126126126126	LPYNAHTT:0.25225225225225223	RHRLADLF:0.21621621621621623	
