cluster number:43
GT41:23	GT41:23
RADEIDIL:0.21739130434782608	IRADEIDI:0.21739130434782608	VDIALDPF:0.21739130434782608	DIALDPFP:0.34782608695652173	ALYMGVPV:0.5217391304347826	LYMGVPVV:0.43478260869565216	QISGIGYF:0.2608695652173913	IALDTFPY:0.34782608695652173	DVDIALDT:0.30434782608695654	DIALDTFP:0.4782608695652174	TFGSFNNF:0.30434782608695654	IALDPFPY:0.30434782608695654	DILVDLAG:0.391304347826087	WPGGGTTC:0.2608695652173913	VDLAGHTA:0.21739130434782608	RYLDVDIA:0.21739130434782608	GTTCDALY:0.30434782608695654	YPGGGTTC:0.21739130434782608	MGVPVVTL:0.43478260869565216	DIALDTYP:0.21739130434782608	FPYPGGGT:0.2608695652173913	DGIDILVD:0.21739130434782608	YMGVPVVT:0.34782608695652173	IDILVDLA:0.30434782608695654	YRPAPVQI:0.21739130434782608	CDALYMGV:0.34782608695652173	PWPGGGTT:0.2608695652173913	GGALPVLA:0.21739130434782608	PGGGTTCD:0.30434782608695654	LVDLAGHT:0.43478260869565216	PAPVQISG:0.391304347826087	APVQISGI:0.30434782608695654	LAYRPAPV:0.2608695652173913	DLAGHTAG:0.2608695652173913	GIDILVDL:0.21739130434782608	YLDVDIAL:0.21739130434782608	RPAPVQIS:0.30434782608695654	AYRPAPVQ:0.2608695652173913	ILVDLAGH:0.391304347826087	DALYMGVP:0.34782608695652173	GGTTCDAL:0.30434782608695654	VQISGIGY:0.21739130434782608	PVQISGIG:0.30434782608695654	TCDALYMG:0.30434782608695654	TTCDALYM:0.30434782608695654	VDILVDLA:0.21739130434782608	GGGTTCDA:0.30434782608695654	LDVDIALD:0.21739130434782608	PYPGGGTT:0.21739130434782608	VPVVTLAG:0.21739130434782608	LPHSHFCY:0.2608695652173913	IGYISPDL:0.2608695652173913	EYSNALFA:0.21739130434782608	VTFGSFNN:0.2608695652173913	ALRPAPVQ:0.21739130434782608	GVPVVTLA:0.21739130434782608	RIGYISPD:0.2608695652173913	RIRADEID:0.21739130434782608	
