cluster number:23
GT41:41	GT41:41|GT2:1|GT4:1
EALWMGVP:0.6829268292682927	ALWMGVPV:0.7073170731707317	TCEALWMG:0.6097560975609756	LWMGVPVI:0.24390243902439024	CEALWMGV:0.6585365853658537	TTCEALWM:0.5853658536585366	TTTCEALW:0.5853658536585366	MGVPVVTL:0.36585365853658536	LIDLAGHT:0.24390243902439024	WMGVPVVT:0.4634146341463415	VTFGSFNN:0.43902439024390244	LWMGVPVV:0.4878048780487805	DIGLDPFP:0.21951219512195122	IGLDPFPY:0.21951219512195122	LFARKPAP:0.24390243902439024	YNGTTTTC:0.4146341463414634	VARVGASL:0.21951219512195122	TTTTCEAL:0.5609756097560976	PFPYNGTT:0.2682926829268293	RVGASLLT:0.21951219512195122	PYNGTTTT:0.4634146341463415	FPYNGTTT:0.4634146341463415	LDPFPYNG:0.3170731707317073	NGTTTTCE:0.4146341463414634	ARVGASLL:0.24390243902439024	DPFPYNGT:0.2682926829268293	HVARVGAS:0.21951219512195122	GTTTTCEA:0.5609756097560976	LDTFPYNG:0.21951219512195122	DILVDLAG:0.24390243902439024	IDILVDLA:0.24390243902439024	ILVDLAGH:0.24390243902439024	LVDLAGHT:0.2682926829268293	IALDTFPY:0.21951219512195122	DIALDTFP:0.24390243902439024	RRLRVGYV:0.24390243902439024	VGYVSPDF:0.24390243902439024	LGYPDTTG:0.2682926829268293	LRVGYVSP:0.24390243902439024	RVGYVSPD:0.24390243902439024	RLRVGYVS:0.24390243902439024	WLGYPDTT:0.24390243902439024	
