cluster number:11
GT41:123	GT41:123
ATTTLETL:0.5691056910569106	IDILIDLD:0.3252032520325203	SYTMMMNA:0.2764227642276423	KEVPNSYF:0.2032520325203252	PNSYFLIK:0.34959349593495936	DEIDILID:0.23577235772357724	NSYFLIKG:0.3252032520325203	MNAGITEG:0.2682926829268293	YIAVDGFE:0.3252032520325203	GATTTLET:0.5691056910569106	ARNSYTMM:0.43902439024390244	TLETLWMG:0.34959349593495936	NGATTTLE:0.6747967479674797	HSVGWLAR:0.3252032520325203	HRANLGIA:0.21951219512195122	RVGEQFAA:0.34959349593495936	IAWTDEEY:0.3170731707317073	DEEYVEWG:0.25203252032520324	TTTLETLW:0.5853658536585366	WTDEEYVE:0.2032520325203252	VVLDTYPY:0.3902439024390244	VPNSYFLI:0.37398373983739835	AARNSYTM:0.37398373983739835	MMMNAGIT:0.21951219512195122	ADVVLDTY:0.43089430894308944	PYNGATTT:0.7642276422764228	EVPNSYFL:0.22764227642276422	YPYNGATT:0.6585365853658537	TYPYNGAT:0.6341463414634146	MMNAGITE:0.2682926829268293	TDEEYVEW:0.2032520325203252	TTLETLWM:0.5365853658536586	GEQFAARN:0.4065040650406504	IDLDSITL:0.2032520325203252	IADVVLDT:0.4715447154471545	TYIAVDGF:0.3008130081300813	VTRVGEQF:0.4796747967479675	QFAARNSY:0.5365853658536586	LVTRVGEQ:0.3170731707317073	PLVTRVGE:0.3170731707317073	EGIAWTDE:0.3252032520325203	LIDLDSIT:0.23577235772357724	TMMMNAGI:0.2682926829268293	EIDILIDL:0.23577235772357724	WLGWDASG:0.3983739837398374	RNSYTMMM:0.36585365853658536	NAGITEGI:0.3902439024390244	DILIDLDS:0.34146341463414637	TRVGEQFA:0.36585365853658536	LDTYPYNG:0.6422764227642277	AWTDEEYV:0.23577235772357724	VLDTYPYN:0.5528455284552846	TEGIAWTD:0.2926829268292683	GITEGIAW:0.3983739837398374	NSYTMMMN:0.37398373983739835	YTMMMNAG:0.2764227642276423	VGEQFAAR:0.3983739837398374	IAVDGFEV:0.2764227642276423	RANLGIAD:0.21951219512195122	FAARNSYT:0.5121951219512195	SVGWLARW:0.2764227642276423	DLDSITLD:0.2682926829268293	DTYPYNGA:0.6341463414634146	EQFAARNS:0.3983739837398374	DVVLDTYP:0.4634146341463415	YNGATTTL:0.6747967479674797	ILIDLDSI:0.23577235772357724	GIAWTDEE:0.3170731707317073	AGITEGIA:0.3821138211382114	ITEGIAWT:0.2845528455284553	MGIPLVTR:0.25203252032520324	WMGIPLVT:0.3089430894308943	GIPLVTRV:0.2764227642276423	LWMGIPLV:0.3252032520325203	IPLVTRVG:0.3252032520325203	RLPQTYIA:0.23577235772357724	YFIADPYV:0.4065040650406504	IDYFIADP:0.2682926829268293	GVRLGKDE:0.2682926829268293	IADPYVLP:0.45528455284552843	IWRLPQTY:0.35772357723577236	WRLPQTYI:0.23577235772357724	DYFIADPY:0.42276422764227645	ADPYVLPE:0.2845528455284553	WGVRLGKD:0.2845528455284553	EWGVRLGK:0.2601626016260163	FIADPYVL:0.4065040650406504	PLWNGKQF:0.2682926829268293	LKPAPIQV:0.3089430894308943	ALKPAPIQ:0.2764227642276423	PAPIQVTW:0.34146341463414637	APIQVTWL:0.3983739837398374	KPAPIQVT:0.34146341463414637	PIQVTWLG:0.3983739837398374	ETLWMGIP:0.3333333333333333	PQTYIAVD:0.23577235772357724	QTYIAVDG:0.23577235772357724	VTWLGWDA:0.3821138211382114	IQVTWLGW:0.22764227642276422	EKIWRLPQ:0.2845528455284553	QVTWLGWD:0.3983739837398374	LETLWMGI:0.2926829268292683	VGWLARWL:0.2601626016260163	TWLGWDAS:0.43089430894308944	IADIVLDT:0.21951219512195122	KIWRLPQT:0.24390243902439024	TLWMGIPL:0.25203252032520324	LWNGKQFT:0.21138211382113822	LPQTYIAV:0.23577235772357724	KQFTREME:0.21951219512195122	IDILVDLD:0.37398373983739835	DILVDLDS:0.42276422764227645	LVDLDSLT:0.21951219512195122	EEYVEWGV:0.22764227642276422	ILVDLDSL:0.21951219512195122	RANLAIAD:0.21138211382113822	VEWGVRLG:0.2764227642276423	EYVEWGVR:0.2764227642276423	YVEWGVRL:0.2764227642276423	DIVLDTYP:0.2032520325203252	
