cluster number:28
GT41:58	GT41:58
LIDLSGHT:0.39655172413793105	FTSLLFVL:0.20689655172413793	IDILIDLS:0.20689655172413793	QQYLDFAV:0.43103448275862066	LDFAVNRR:0.25862068965517243	MTWIGYPG:0.3275862068965517	IGYPGTTG:0.8103448275862069	IDLSGHTT:0.20689655172413793	QMTWIGYP:0.3275862068965517	GFVSGDLR:0.3448275862068966	WIGYPGTT:0.8103448275862069	DFAVNRRE:0.25862068965517243	DILIDLSG:0.39655172413793105	PYTGGTTT:0.5	TSLLFVLT:0.20689655172413793	KLRVGFVS:0.22413793103448276	QYLDFAVN:0.4827586206896552	TWIGYPGT:0.43103448275862066	YLDFAVNR:0.4827586206896552	ILIDLSGH:0.39655172413793105	SLLFVLTH:0.20689655172413793	RVGFVSGD:0.41379310344827586	FPYTGGTT:0.5344827586206896	VGFVSGDL:0.3103448275862069	GYPGTTGL:0.39655172413793105	FAVNRRER:0.25862068965517243	LLFVLTHD:0.20689655172413793	LRVGFVSG:0.41379310344827586	DLSGHTAY:0.2413793103448276	DILLDAFP:0.3103448275862069	HGAWMGVP:0.22413793103448276	DIYYDLAT:0.27586206896551724	IDILFDLS:0.41379310344827586	FSSLDIYY:0.27586206896551724	SSLDIYYD:0.27586206896551724	AAGLGDLL:0.22413793103448276	HTAYNRLP:0.22413793103448276	SGHTAYNR:0.2413793103448276	ILLDAFPY:0.3103448275862069	AGLGDLLA:0.22413793103448276	LFDLSGHT:0.43103448275862066	GHTAYNRL:0.25862068965517243	YFSSLDIY:0.29310344827586204	SLDIYYDL:0.27586206896551724	DGIDILFD:0.2413793103448276	DILFDLSG:0.43103448275862066	GAWMGVPT:0.22413793103448276	LDIYYDLA:0.27586206896551724	ASARAMLS:0.2413793103448276	LSGHTAYN:0.2413793103448276	IDILLDAF:0.3103448275862069	LFAAGLGD:0.22413793103448276	ELFAAGLG:0.22413793103448276	GIDILFDL:0.2413793103448276	FAAGLGDL:0.22413793103448276	ILFDLSGH:0.43103448275862066	YPGTTGLK:0.27586206896551724	SWIGYPGT:0.3793103448275862	LLDTFPYT:0.27586206896551724	LDTFPYTG:0.29310344827586204	LNYLQGLN:0.20689655172413793	ALNYLQGL:0.20689655172413793	MGVPTLTL:0.5	TFPYTGGT:0.29310344827586204	TFASFNRP:0.5172413793103449	VPTLTLAG:0.25862068965517243	KFDYIIVH:0.20689655172413793	QASARAML:0.2413793103448276	GVPTLTLA:0.25862068965517243	DVLLDTFP:0.22413793103448276	VLLDTFPY:0.22413793103448276	ISWIGYPG:0.25862068965517243	IDVLLDTF:0.20689655172413793	GYLTFASF:0.25862068965517243	FDYIIVHG:0.22413793103448276	DTFPYTGG:0.29310344827586204	LQGLNQPC:0.3275862068965517	LTFASFNR:0.43103448275862066	YLQGLNQP:0.3275862068965517	YLTFASFN:0.25862068965517243	QGLNQPCY:0.3275862068965517	GKFDYIIV:0.20689655172413793	WMGVPTLT:0.6206896551724138	QISWIGYP:0.2413793103448276	NGYLTFAS:0.25862068965517243	YTGGTTTN:0.3793103448275862	RIGFVSGD:0.29310344827586204	LRIGFVSG:0.29310344827586204	IGFVSGDL:0.20689655172413793	FDYIIIHG:0.3103448275862069	NRPKKIND:0.27586206896551724	FASFNRPK:0.25862068965517243	SFNRPKKI:0.25862068965517243	ASFNRPKK:0.25862068965517243	FNRPKKIN:0.25862068965517243	TGGTTTNH:0.22413793103448276	CRLMGHYF:0.20689655172413793	CFTSLLFV:0.27586206896551724	VSPGEFDY:0.27586206896551724	YFLEKSLE:0.25862068965517243	RYFLEKSL:0.25862068965517243	ARYFLEKS:0.27586206896551724	DCFTSLLF:0.25862068965517243	ARVLEIGC:0.3103448275862069	DFDCFTSL:0.25862068965517243	GEFDYIII:0.20689655172413793	LCRLMGHY:0.20689655172413793	LMGHYFSS:0.20689655172413793	VPTLTLCG:0.2413793103448276	EFDYIIIH:0.20689655172413793	RVLEIGCG:0.20689655172413793	EARYFLEK:0.29310344827586204	RLMGHYFS:0.20689655172413793	FDCFTSLL:0.25862068965517243	SPGEFDYI:0.27586206896551724	GVPTLTLC:0.2413793103448276	GSFNRPKK:0.20689655172413793	GYPGTTGM:0.3448275862068966	LPALKNGY:0.20689655172413793	RPKKINDE:0.22413793103448276	PKKINDEV:0.22413793103448276	
