cluster number:2
GT94:36	GT94:36|GT2:3
LDRPVLVP:0.5	RPTTNPYI:0.3055555555555556	LHGHYRDW:0.3333333333333333	HGHYRDWF:0.3055555555555556	LAALSLDR:0.3611111111111111	APRPTTNP:0.25	ILHGHYRD:0.3333333333333333	SLDRPVLV:0.5555555555555556	YRFMHNSG:0.3888888888888889	ALSLDRPV:0.6111111111111112	PRPTTNPY:0.5	TILHGHYR:0.25	AALSLDRP:0.3611111111111111	LSLDRPVL:0.5833333333333334	DVFHVHWP:0.3888888888888889	YDVFHVHW:0.3333333333333333	TTNPYIVM:0.25	VFHVHWPE:0.3888888888888889	FHVHWPEI:0.3055555555555556	HVHWPEIL:0.2777777777777778	VHWPEILV:0.25	PTTNPYIV:0.25	TNPYIVML:0.25	ALLGRYDV:0.25	RYKGVEQL:0.2222222222222222	PIVRTVHN:0.2777777777777778	RRYKGVEQ:0.2222222222222222	DRPVLVPD:0.3611111111111111	RPVLVPDN:0.3611111111111111	IVRTVHNL:0.25	GLVRRYKG:0.25	VRTVHNLE:0.3055555555555556	RYDVFHVH:0.25	PYRFMHNS:0.2777777777777778	EVGPGWIH:0.3333333333333333	VLVPDNAV:0.2222222222222222	PVLVPDNA:0.25	VVLPYRFM:0.25	LVRRYKGV:0.25	VLPYRFMH:0.2777777777777778	VRRYKGVE:0.25	LPYRFMHN:0.2777777777777778	VGLVRRYK:0.2222222222222222	
