cluster number:16
GH88:13	GH88:13
DGVPPWDF:0.3076923076923077	EDGVPPWD:0.3076923076923077	FLMIGNKL:0.23076923076923078	YFLMIGNK:0.23076923076923078	IGNKLLEL:0.38461538461538464	IIDNMCNL:0.5384615384615384	IDNMCNLN:0.3076923076923077	VIIDNMCN:0.5384615384615384	YADYYFLM:0.23076923076923078	STIATTHA:0.38461538461538464	WARGQAWA:0.38461538461538464	TIATTHAE:0.23076923076923078	DNMCNLNL:0.3076923076923077	DYYFLMIG:0.23076923076923078	ARGQAWAI:0.23076923076923078	VYADYYFL:0.6923076923076923	GNKLLELG:0.38461538461538464	ADYYFLMI:0.23076923076923078	MIGNKLLE:0.23076923076923078	IVIIDNMC:0.38461538461538464	KVGCIRSW:0.3076923076923077	KLLELGLY:0.23076923076923078	NKLLELGL:0.38461538461538464	LSTIATTH:0.38461538461538464	NMCNLNLL:0.3076923076923077	VGCIRSWD:0.38461538461538464	LMIGNKLL:0.23076923076923078	YYFLMIGN:0.23076923076923078	MCNLNLLY:0.3076923076923077	ADYYFLLF:0.23076923076923078	FAPRRWAD:0.23076923076923078	LVYADYYF:0.6923076923076923	FWTSGFFP:0.46153846153846156	QAWAIAGF:0.23076923076923078	HGLVYADY:0.6923076923076923	AYGMLLIH:0.23076923076923078	YYFLLFGN:0.23076923076923078	TINNYEFA:0.3076923076923077	THDLGFMI:0.46153846153846156	APRRWADH:0.23076923076923078	YADYYFLL:0.23076923076923078	IIDNMMNL:0.3076923076923077	YEFAPRRW:0.23076923076923078	INNYEFAP:0.23076923076923078	AAYGMLLI:0.23076923076923078	GLVYADYY:0.6923076923076923	ADHGLVYA:0.23076923076923078	DYYFLLFG:0.23076923076923078	GQAWAIAG:0.23076923076923078	AWAIAGFA:0.23076923076923078	RGQAWAIA:0.23076923076923078	DHGLVYAD:0.5384615384615384	RRWADHGL:0.23076923076923078	PRRWADHG:0.23076923076923078	NNYEFAPR:0.23076923076923078	ATINNYEF:0.3076923076923077	RWADHGLV:0.23076923076923078	CWARGQAW:0.3076923076923077	GATINNYE:0.3076923076923077	VAAYGMLL:0.23076923076923078	NYEFAPRR:0.23076923076923078	SCWARGQA:0.3076923076923077	YGMLLIHQ:0.23076923076923078	KERLTNQG:0.23076923076923078	WADHGLVY:0.23076923076923078	WTSGFFPG:0.6923076923076923	EFAPRRWA:0.23076923076923078	GFFPGSLY:0.38461538461538464	QAWGILGY:0.23076923076923078	LPEDGVPP:0.23076923076923078	SGFFPGSL:0.38461538461538464	TRGQAWGI:0.23076923076923078	VAKIWGVA:0.23076923076923078	TVAKIWGV:0.23076923076923078	RGQAWGIL:0.3076923076923077	SLASRFDE:0.23076923076923078	DFWTSGFF:0.23076923076923078	GQAWGILG:0.3076923076923077	DWSSYHVV:0.23076923076923078	TSGFFPGS:0.46153846153846156	PEDGVPPW:0.23076923076923078	AHSLASRF:0.23076923076923078	WTRGQAWG:0.23076923076923078	TLKNHFRD:0.23076923076923078	DFLVIIDN:0.3076923076923077	KLEYAARW:0.3076923076923077	KDFLVIID:0.23076923076923078	LEYAARWW:0.3076923076923077	STVAKIWG:0.3076923076923077	FLVIIDNM:0.3076923076923077	IDHWTAGF:0.23076923076923078	DDGVPAWD:0.23076923076923078	DHWTAGFF:0.23076923076923078	LASRFDER:0.23076923076923078	PDTYERLV:0.23076923076923078	DIDHWTAG:0.23076923076923078	INNNPDTY:0.23076923076923078	NNNPDTYE:0.23076923076923078	FRDIDHWT:0.23076923076923078	IDNMCNLD:0.23076923076923078	NPDTYERL:0.23076923076923078	ATINNNPD:0.23076923076923078	DFIVIIDN:0.23076923076923078	FIVIIDNM:0.23076923076923078	WTAGFFPG:0.23076923076923078	DNMCNLDM:0.23076923076923078	TINNNPDT:0.23076923076923078	DMLYYVAS:0.23076923076923078	NMCNLDML:0.23076923076923078	NLDMLYYV:0.23076923076923078	RLSTIATT:0.3076923076923077	DIKDTSAA:0.23076923076923078	ASRFDERV:0.23076923076923078	RDIDHWTA:0.23076923076923078	TAGFFPGS:0.23076923076923078	ALASRFDE:0.23076923076923078	CNLDMLYY:0.23076923076923078	HWTAGFFP:0.23076923076923078	MCNLDMLY:0.23076923076923078	KDTSAAMI:0.23076923076923078	IKDTSAAM:0.23076923076923078	DGVPAWDF:0.23076923076923078	LDMLYYVA:0.23076923076923078	NNPDTYER:0.23076923076923078	
