cluster number:24
GH88:56	GH88:56|GH28:1|GH92:1
SIIYADYY:0.32142857142857145	IKGVTHQG:0.35714285714285715	ASAAAVVA:0.25	VASALLEL:0.25	DASAAAVV:0.26785714285714285	IYADYYYI:0.26785714285714285	AAAVVASA:0.23214285714285715	GNGYRLTK:0.21428571428571427	SALLELST:0.30357142857142855	HNTIMDNM:0.30357142857142855	PRDASAAA:0.35714285714285715	IDASIIYA:0.21428571428571427	FWAAKNGG:0.375	QAWAIYGY:0.32142857142857145	VVASALLE:0.23214285714285715	DTLATLFN:0.21428571428571427	AWAIYGYT:0.32142857142857145	DASIIYAD:0.25	IMDNMINL:0.26785714285714285	GTILSWPR:0.23214285714285715	GFWPGVLW:0.2857142857142857	YGNGYRLT:0.375	AAVVASAL:0.21428571428571427	EIDASIIY:0.23214285714285715	ADYYYIEA:0.26785714285714285	RPDYTSYH:0.2857142857142857	GQAWAIYG:0.39285714285714285	VGTILSWP:0.4107142857142857	WARGQAWA:0.44642857142857145	FWPGVLWY:0.2857142857142857	MDNMINLE:0.26785714285714285	SAAAVVAS:0.25	NTIMDNMI:0.26785714285714285	ASIIYADY:0.25	RGQAWAIY:0.39285714285714285	DYYYIEAL:0.2857142857142857	ASALLELS:0.4107142857142857	ARGQAWAI:0.39285714285714285	RDASAAAV:0.3392857142857143	LFWAAKNG:0.375	MWARGQAW:0.42857142857142855	YHVAVYDT:0.26785714285714285	CSYGNGYR:0.30357142857142855	APRDASAA:0.26785714285714285	PDYTSYHV:0.25	IIYADYYY:0.42857142857142855	TIMDNMIN:0.26785714285714285	YADYYYIE:0.2857142857142857	SYGNGYRL:0.375	KGVTHQGY:0.30357142857142855	ALLELSTY:0.21428571428571427	ADTLATLF:0.21428571428571427	FRPDYTSY:0.2857142857142857	NTIIDNMM:0.35714285714285715	DDSMWARG:0.25	HNTIIDNM:0.4107142857142857	DNMMNLEL:0.44642857142857145	NLELLFWA:0.6607142857142857	SMWARGQA:0.32142857142857145	IDNMMNLE:0.42857142857142855	IYGYTMVY:0.23214285714285715	TIIDNMMN:0.375	IIDNMMNL:0.42857142857142855	MMNLELLF:0.44642857142857145	GYTMVYRE:0.25	WAIYGYTM:0.23214285714285715	YTMVYRET:0.25	GNGYRLTG:0.35714285714285715	FWPGILWY:0.21428571428571427	MNLELLFW:0.42857142857142855	AIYGYTMV:0.21428571428571427	GFWPGILW:0.25	YGYTMVYR:0.26785714285714285	NMMNLELL:0.44642857142857145	DSMWARGQ:0.25	LELLFWAA:0.35714285714285715	DWTSGFWP:0.23214285714285715	WTSGFWPG:0.25	IPYWDFDD:0.23214285714285715	AADTLATL:0.23214285714285715	ADTLATLY:0.21428571428571427	NAPKDASA:0.21428571428571427	DTLATLYN:0.21428571428571427	LLFWAAKN:0.21428571428571427	LLLHSTGH:0.26785714285714285	ELLFWAAK:0.26785714285714285	PYWDFDDP:0.25	NGYRLTGN:0.25	KVGTILSW:0.21428571428571427	PNAPKDAS:0.21428571428571427	APKDASAA:0.25	IPNAPKDA:0.21428571428571427	ALLLHSTG:0.25	DLIPYWDF:0.23214285714285715	AFLLHSTG:0.32142857142857145	FLLHSTGH:0.26785714285714285	FWASKNGG:0.26785714285714285	PKDASAAA:0.25	WCSGFWPG:0.26785714285714285	DWCSGFWP:0.23214285714285715	ELLFWASK:0.26785714285714285	LFWASKNG:0.25	LLFWASKN:0.25	LELLFWAS:0.2857142857142857	
