cluster number:23
GH88:218	GH88:218|3.2.1.-:1|PL8_3:1|GH29:1
RGQAWGLY:0.29357798165137616	VIIDNMMN:0.8440366972477065	ADYYFLEA:0.3165137614678899	PRDASAAA:0.3165137614678899	IDNMMNLE:0.7844036697247706	IIDNMMNL:0.8348623853211009	DYYFLEAL:0.3211009174311927	GQAWGLYG:0.2889908256880734	WARGQAWG:0.26605504587155965	PLNYADYY:0.22477064220183487	ARGQAWGL:0.22935779816513763	FPVIIDNM:0.23394495412844038	PVIIDNMM:0.7477064220183486	DKIPYWDF:0.26605504587155965	YADYYFLE:0.3669724770642202	WTSGFFPG:0.21100917431192662	DNMMNLEL:0.5275229357798165	NMMNLELL:0.518348623853211	AWGLYGYT:0.20642201834862386	YGYTMMYR:0.20642201834862386	SAWARGQA:0.3165137614678899	AWARGQAW:0.3211009174311927	LYGYTMMY:0.2018348623853211	ESAWARGQ:0.21559633027522937	QAWGLYGY:0.22018348623853212	YADYYYLE:0.27522935779816515	HSVGSIPH:0.22477064220183487	DYYYLEAL:0.25688073394495414	ADYYYLEA:0.24311926605504589	MMNLELLF:0.3761467889908257	MNLELLFE:0.2018348623853211	NLELLFEA:0.21100917431192662	CPVIIDNM:0.21100917431192662	WARGQAWA:0.21559633027522937	YPVIIDNM:0.26605504587155965	
