cluster number:14
GH88:32	GH88:32
VGFQFLPT:0.71875	SAAAIAAS:0.40625	TAVIKHTL:0.21875	AAIAASGL:0.40625	RSLTENYA:0.375	FLPTAVIK:0.65625	ANYLAGRF:0.21875	RDSSAAAI:0.28125	LPTAVIKH:0.375	SSAAAIAA:0.3125	WTSGFYPG:0.21875	GDYYYVEA:0.34375	VPYWDFRL:0.375	AANYLAGR:0.25	PTAVIKHT:0.3125	QFLPTAVI:0.65625	AAAIAASG:0.40625	DVGFQFLP:0.71875	PDSAWSRG:0.21875	LRSLTENY:0.375	DSSAAAIA:0.34375	YLAGRFNP:0.21875	GFQFLPTA:0.6875	FQFLPTAV:0.6875	RILRSLTE:0.40625	VIKHTLTG:0.21875	ILRSLTEN:0.375	AVIKHTLT:0.21875	EPRDSSAA:0.21875	AIAASGLL:0.5	IKHTLTGD:0.21875	WWTSGFYP:0.21875	PRDSSAAA:0.25	HDVGFQFL:0.9375	NYLAGRFN:0.21875	LTENYATW:0.28125	GSTKHILS:0.25	CMLNISLL:0.34375	FWPGLLWI:0.3125	SLTENYAT:0.28125	IRAWNEDK:0.34375	RFLNTAKR:0.25	YGFINTYR:0.21875	ASGLLELA:0.53125	PRYKHIAI:0.25	NAAERILR:0.25	LFWASKVT:0.3125	RYNPVGKF:0.21875	ANFLAARY:0.3125	HILSFDAE:0.25	SLYANAAE:0.25	QVPYWDFR:0.21875	ILSFDAET:0.21875	AKLNGWKH:0.34375	DQVPYWDF:0.21875	TKHILSFD:0.25	GLYGFINT:0.21875	SIAASGLL:0.21875	AILLHGTG:0.34375	VSLIYGDY:0.8125	LLFWASKV:0.34375	GKFIRAWN:0.28125	IDVSLIYG:0.34375	AANFLAAR:0.3125	LAARYNPV:0.25	KVTGDPRY:0.3125	LRRGIEAA:0.25	WPGLLWIM:0.25	RGIEAANF:0.25	WVIIDCML:0.34375	ANAAERIL:0.25	AWGLYGFI:0.21875	SDWWTTGF:0.34375	FLAARYNP:0.34375	IEAANFLA:0.25	YNPVGKFI:0.21875	LNISLLFW:0.34375	LLHGTGSG:0.28125	FIDVSLIY:0.28125	DWWTTGFW:0.34375	LNGWKHRI:0.375	ISLLFWAS:0.375	AARYNPVG:0.25	KFIRAWNE:0.28125	GFINTYRH:0.21875	VIIDCMLN:0.34375	YANAAERI:0.25	DSSAASIA:0.25	WWTTGFWP:0.34375	YIENFGGQ:0.25	AYIENFGG:0.21875	GAYIENFG:0.21875	FLNTAKRI:0.25	ILLHGTGS:0.28125	AASIAASG:0.25	FWASKVTG:0.3125	STKHILSF:0.25	GDPRYKHI:0.34375	VTGDPRYK:0.25	LWIMHDMT:0.34375	LSFDAETG:0.21875	LYANAAER:0.25	KRIAHYFI:0.34375	KLNGWKHR:0.375	DGSTKHIL:0.25	ARYNPVGK:0.21875	GWVIIDCM:0.34375	HEAILLHG:0.34375	AHYFISAL:0.21875	IDCMLNIS:0.34375	NTAKRIAH:0.28125	GFWPGLLW:0.375	WTTGFWPG:0.34375	NISLLFWA:0.375	FDAETGAY:0.28125	EAILLHGT:0.34375	PGLLWIMH:0.25	IIDCMLNI:0.34375	IMHDMTGK:0.3125	AERILRSL:0.3125	SFDAETGA:0.28125	EDKYGWVI:0.28125	VGKFIRAW:0.21875	LIYGDYYY:0.5	RRGIEAAN:0.25	ERILRSLT:0.3125	SLIYGDYY:0.5625	DVSLIYGD:0.46875	ERFLNTAK:0.25	TGDPRYKH:0.3125	NGWKHRIF:0.34375	LYGFINTY:0.21875	NEDKYGWV:0.28125	WIMHDMTG:0.34375	AKRIAHYF:0.375	EKSLYANA:0.28125	AAERILRS:0.3125	EAANFLAA:0.3125	WASKVTGD:0.3125	PVGKFIRA:0.21875	EHEAILLH:0.34375	FIRAWNED:0.34375	LLWIMHDM:0.25	KYGWVIID:0.28125	ASKVTGDP:0.3125	REDGSTKH:0.28125	SLLFWASK:0.34375	SSAASIAA:0.25	WNEDKYGW:0.28125	SAASIAAS:0.25	AASGLLEL:0.53125	WGLYGFIN:0.21875	PEHEAILL:0.3125	GIEAANFL:0.25	GLLWIMHD:0.25	TTGFWPGL:0.25	SFIDVSLI:0.28125	NPVGKFIR:0.21875	AWNEDKYG:0.28125	GEKSLYAN:0.28125	RAWNEDKY:0.28125	KHILSFDA:0.25	SKVTGDPR:0.3125	TAKRIAHY:0.34375	LNTAKRIA:0.25	YGWVIIDC:0.28125	NFLAARYN:0.3125	EDGSTKHI:0.3125	DPRYKHIA:0.34375	QPEHEAIL:0.25	HHDVGFQF:0.78125	ASIAASGL:0.25	MLNISLLF:0.34375	KSLYANAA:0.28125	DCMLNISL:0.34375	IENFGGQG:0.25	TGFWPGLL:0.25	DKYGWVII:0.28125	IAASGLLE:0.625	INVSLIYG:0.3125	EPRDTSAA:0.21875	NVSLIYGD:0.34375	LLFWASEE:0.21875	NTYRHTGD:0.3125	YGDYYYVE:0.28125	IYGDYYYV:0.28125	RHTGDERF:0.28125	GFWPGMLW:0.21875	ENFGGQGY:0.28125	HTGDERFL:0.25	NFGGQGYS:0.28125	TWDQPEHE:0.25	YATWDQPE:0.21875	ATWDQPEH:0.21875	DERFLNTA:0.21875	YRHTGDER:0.28125	WDQPEHEA:0.21875	RDSSAASI:0.21875	TYRHTGDE:0.28125	FRDSSAAS:0.21875	ELHHDVGF:0.21875	LHHDVGFQ:0.5	WWTSGFWP:0.34375	SLIYGDYF:0.25	DWWTSGFW:0.21875	WTSGFWPG:0.34375	SGLLELAD:0.21875	SGLLELAE:0.25	SRGNAWAL:0.21875	AWSRGNAW:0.21875	SAWSRGNA:0.21875	WSRGNAWA:0.21875	MNLSLLFW:0.25	SLLFWASE:0.21875	AASGLLEI:0.21875	NLSLLFWA:0.25	LSLLFWAS:0.25	YKEAAWHW:0.21875	KEAAWHWD:0.21875	
