cluster number:27
GH88:45	GH88:45|3.2.1.-:1
SSASAIAA:0.4222222222222222	DSSASAIA:0.4888888888888889	RDSSASAI:0.8222222222222222	HGSYSVRG:0.2	IPGYWYER:0.28888888888888886	GIPGYWYE:0.2222222222222222	GDYYYLEA:0.3111111111111111	AEGLLKHG:0.3333333333333333	EGLLKHGS:0.37777777777777777	GLLKHGSY:0.37777777777777777	YLEALMRL:0.2222222222222222	DYYYLEAL:0.3111111111111111	WGDYYYLE:0.3111111111111111	IWGDYYYL:0.28888888888888886	IGFLYSLS:0.5777777777777777	RRFLVRGD:0.35555555555555557	RGQAWGIY:0.4	FLYSLSAK:0.26666666666666666	IYGFALSY:0.2222222222222222	WGDYFYLE:0.37777777777777777	FWSGMLWL:0.2222222222222222	TRGQAWGI:0.37777777777777777	VRGDDSSY:0.4888888888888889	GFWSGMLW:0.2222222222222222	YHTFYFDP:0.3111111111111111	GSTWTRGQ:0.7333333333333333	LYSLSAKA:0.26666666666666666	QAWGIYGF:0.4	GQAWGIYG:0.4	NGGRIIID:0.5333333333333333	HHDIGFLY:0.8444444444444444	DHHDIGFL:0.7777777777777778	SYHTFYFD:0.4444444444444444	GDDSSYHT:0.6	YGFALSYR:0.35555555555555557	GFLYSLSA:0.3111111111111111	AYWDFDAP:0.24444444444444444	GGRIIIDC:0.7333333333333333	DDSSYHTF:0.6	LDHHDIGF:0.7333333333333333	VLDHHDIG:0.26666666666666666	SSYHTFYF:0.5333333333333333	WTEGFWSG:0.2222222222222222	WGIYGFAL:0.4	FALSYRYT:0.3333333333333333	DGSTWTRG:0.5777777777777777	STWTRGQA:0.7333333333333333	GFALSYRY:0.3333333333333333	LVRGDDSS:0.5111111111111111	DSSYHTFY:0.4	KSRRFLVR:0.2	GRIIIDCM:0.2	RFLVRGDD:0.3333333333333333	VAYWDFDA:0.24444444444444444	FLVRGDDS:0.35555555555555557	WTRGQAWG:0.6444444444444445	RGDDSSYH:0.6	AWGIYGFA:0.4	SRRFLVRG:0.3111111111111111	IIIDCMMN:0.2	NLPLLYWA:0.3333333333333333	TWTRGQAW:0.7333333333333333	DIGFLYSL:0.6222222222222222	RIIIDCMM:0.2	MNLPLLYW:0.2	HDIGFLYS:0.6444444444444445	DYFYLEAL:0.28888888888888886	YLEALLRL:0.2	WTNGFWSG:0.24444444444444444	GRIIIDCL:0.6	RRYLVRGD:0.2	RYLVRGDD:0.2222222222222222	HGSYHVRG:0.35555555555555557	IIIDCLLN:0.2222222222222222	GDYFYLEA:0.28888888888888886	LKHGSYHV:0.3111111111111111	YLVRGDDS:0.2222222222222222	IIDCLLNL:0.24444444444444444	MIWGDYFY:0.2222222222222222	KHGSYHVR:0.3111111111111111	DCLLNLPL:0.24444444444444444	LLKHGSYH:0.3111111111111111	DWTNGFWS:0.2222222222222222	GSYHVRGG:0.26666666666666666	YRDSSASA:0.2	IDCLLNLP:0.24444444444444444	IWGDYFYL:0.3111111111111111	RIIIDCLL:0.2222222222222222	CLLNLPLL:0.24444444444444444	IIIDCLMN:0.4	QAWGVYGF:0.3333333333333333	TPRDSSAS:0.3333333333333333	DHVAYWDF:0.35555555555555557	PDDFMIWG:0.28888888888888886	FWSGILWL:0.24444444444444444	IIDCLMNL:0.4	SPDDFMIW:0.24444444444444444	PRDSSASA:0.35555555555555557	QAWGPEGD:0.3111111111111111	CLMNLPLL:0.4222222222222222	VYGFALAY:0.2222222222222222	DSSASAIV:0.2	FMIWGDYF:0.28888888888888886	LWLSYEYS:0.2222222222222222	WGVYGFAL:0.3333333333333333	YGFALAYR:0.4222222222222222	DFMIWGDY:0.3111111111111111	AWGVYGFA:0.3333333333333333	RGQAWGVY:0.3333333333333333	TRGQAWGV:0.26666666666666666	IDCLMNLP:0.4	FQAWGPEG:0.2	GFALAYRY:0.4	RIIIDCLM:0.4	DCLMNLPL:0.4222222222222222	GFWSGILW:0.24444444444444444	HVAYWDFD:0.26666666666666666	DDFMIWGD:0.3111111111111111	GQAWGVYG:0.3333333333333333	GVYGFALA:0.2222222222222222	GIYGFALA:0.2	IYGFALAY:0.2222222222222222	NLPLLFWA:0.2222222222222222	MIWGDYYY:0.2	RGGTHQGY:0.2	VAYWDFDV:0.2	SLSSKAQW:0.2222222222222222	LYSLSSKA:0.26666666666666666	YSLSSKAQ:0.2222222222222222	GFLYSLSS:0.26666666666666666	FLYSLSSK:0.26666666666666666	LSSKAQWI:0.2	IRGGTHQG:0.2	FALAYRYT:0.2222222222222222	
