cluster number:26
GH22:6	GH22:6
MKAVLLLC:0.3333333333333333	GWQNKCRG:0.3333333333333333	GRNTAARG:0.3333333333333333	ELVAHGIP:0.3333333333333333	SEARVFTR:0.5	DIRASVKC:0.3333333333333333	VFTRCGLA:0.5	LPNVDVCF:0.5	KSRQGWKA:0.3333333333333333	GIPRRDLA:0.3333333333333333	KAWYGWQN:0.3333333333333333	LAKELVAH:0.3333333333333333	GGPNHDGS:0.3333333333333333	EARVFTRC:0.5	AWYGWQNK:0.3333333333333333	YDNGLFQI:0.6666666666666666	NGLFQIND:0.6666666666666666	VKCALLIK:0.6666666666666666	RGGPNHDG:0.3333333333333333	SYDNGLFQ:0.6666666666666666	AKELVAHG:0.3333333333333333	VAHGIPRR:0.3333333333333333	HVRCEDLR:0.5	RCGLAKEL:0.3333333333333333	DGSYDNGL:0.5	LLLCLVAL:0.5	VLLLCLVA:0.3333333333333333	SRQGWKAW:0.3333333333333333	SGRNTAAR:0.3333333333333333	PNHDGSYD:0.3333333333333333	GRKLPNVD:0.3333333333333333	GLFQINDR:0.5	LIEAESGR:0.6666666666666666	CRGRKLPN:0.3333333333333333	AARGGPNH:0.3333333333333333	ALLGISEA:0.3333333333333333	TAARGGPN:0.3333333333333333	KAVLLLCL:0.3333333333333333	DNGLFQIN:0.6666666666666666	RDLANWVC:0.3333333333333333	HGIPRRDL:0.3333333333333333	KLPNVDVC:0.5	IPRRDLAN:0.3333333333333333	NKCRGRKL:0.3333333333333333	AESGRNTA:0.3333333333333333	RRDLANWV:0.3333333333333333	EDLRTDDI:0.5	RASVKCAL:0.3333333333333333	CEDLRTDD:0.5	DLANWVCL:0.6666666666666666	SVKCALLI:0.6666666666666666	GWKAWYGW:0.3333333333333333	NHDGSYDN:0.3333333333333333	ESGRNTAA:0.3333333333333333	GISEARVF:0.3333333333333333	CGLAKELV:0.3333333333333333	VRCEDLRT:0.5	QGWKAWYG:0.3333333333333333	DLRTDDIR:0.5	RNTAARGG:0.3333333333333333	CALLIKSR:0.3333333333333333	RQGWKAWY:0.3333333333333333	IRASVKCA:0.3333333333333333	ASVKCALL:0.5	CHVRCEDL:0.5	AHGIPRRD:0.3333333333333333	DDIRASVK:0.3333333333333333	LANWVCLI:0.6666666666666666	WYGWQNKC:0.3333333333333333	NWVCLIEA:0.5	HDGSYDNG:0.3333333333333333	LRTDDIRA:0.5	LLGISEAR:0.3333333333333333	EAESGRNT:0.5	KCALLIKS:0.3333333333333333	RVFTRCGL:0.5	CLVALLGI:0.3333333333333333	RTDDIRAS:0.5	YGWQNKCR:0.3333333333333333	LCLVALLG:0.5	IKSRQGWK:0.3333333333333333	WVCLIEAE:0.5	FTRCGLAK:0.3333333333333333	LLIKSRQG:0.3333333333333333	KCRGRKLP:0.3333333333333333	GLAKELVA:0.3333333333333333	LGISEARV:0.3333333333333333	RCEDLRTD:0.5	ISEARVFT:0.3333333333333333	WQNKCRGR:0.3333333333333333	KELVAHGI:0.3333333333333333	PRRDLANW:0.3333333333333333	IEAESGRN:0.6666666666666666	RKLPNVDV:0.3333333333333333	ANWVCLIE:0.5	ARGGPNHD:0.3333333333333333	WCTYGKPG:0.3333333333333333	QNKCRGRK:0.3333333333333333	GPNHDGSY:0.3333333333333333	LVAHGIPR:0.3333333333333333	VCLIEAES:0.5	LLCLVALL:0.5	RGRKLPNV:0.3333333333333333	ARVFTRCG:0.5	CTYGKPGH:0.3333333333333333	TRCGLAKE:0.3333333333333333	LVALLGIS:0.3333333333333333	ALLIKSRQ:0.3333333333333333	VALLGISE:0.3333333333333333	GSYDNGLF:0.6666666666666666	AVLLLCLV:0.3333333333333333	TDDIRASV:0.5	WKAWYGWQ:0.3333333333333333	NTAARGGP:0.3333333333333333	CLIEAESG:0.6666666666666666	LIKSRQGW:0.3333333333333333	RARGGPNY:0.3333333333333333	
