cluster number:3
GH22:26	GH22:26|3.2.1.17:6
RFSYNECG:0.2692307692307692	HESSYRTG:0.46153846153846156	GRFSYNEC:0.46153846153846156	LSCNALLT:0.34615384615384615	WHYCSGWL:0.23076923076923078	CAQKVLSQ:0.23076923076923078	NALLTDDI:0.6153846153846154	CIAEHESS:0.6153846153846154	SYRTGVVG:0.46153846153846156	YNECGLSC:0.2692307692307692	ACIAEHES:0.46153846153846156	KVLSQQGW:0.23076923076923078	AWSTWHYC:0.46153846153846156	NECGLSCN:0.2692307692307692	SCNALLTD:0.6153846153846154	CGLSCNAL:0.2692307692307692	HYCSGWLP:0.23076923076923078	WSTWHYCS:0.46153846153846156	FSYNECGL:0.2692307692307692	SSYRTGVV:0.46153846153846156	NGSNDYGI:0.34615384615384615	VLSQQGWS:0.23076923076923078	QQGWSAWS:0.5384615384615384	SVRCAQKV:0.23076923076923078	DRCSLARE:0.6153846153846154	DYGIFQIN:0.9615384615384616	QINNYYWC:0.38461538461538464	NDYGIFQI:0.7307692307692307	SYNECGLS:0.2692307692307692	ALLTDDIT:0.38461538461538464	IFQINNYY:0.34615384615384615	GWSAWSTW:0.5384615384615384	FQINNYYW:0.34615384615384615	SAWSTWHY:0.46153846153846156	LSQQGWSA:0.23076923076923078	WACIAEHE:0.46153846153846156	QGWSAWST:0.5384615384615384	CNALLTDD:0.6153846153846154	NLGVPRDQ:0.3076923076923077	VRCAQKVL:0.23076923076923078	SNDYGIFQ:0.7307692307692307	AQKVLSQQ:0.23076923076923078	QKVLSQQG:0.23076923076923078	ESSYRTGV:0.46153846153846156	RCSLAREM:0.7692307692307693	RCAQKVLS:0.23076923076923078	EHESSYRT:0.5384615384615384	GLSCNALL:0.2692307692307692	GSNDYGIF:0.7307692307692307	STWHYCSG:0.46153846153846156	YGIFQINN:0.38461538461538464	SGWLPSID:0.23076923076923078	YCSGWLPS:0.23076923076923078	SQQGWSAW:0.23076923076923078	LGVPRDQL:0.4230769230769231	AEHESSYR:0.5384615384615384	CSLAREMS:0.23076923076923078	IAEHESSY:0.5769230769230769	ECGLSCNA:0.2692307692307692	YRTGVVGP:0.46153846153846156	GIFQINNY:0.34615384615384615	CSGWLPSI:0.23076923076923078	WSAWSTWH:0.5	QINDLYWC:0.34615384615384615	ALLTDDIK:0.23076923076923078	SSVRCALK:0.23076923076923078	VRCALKVL:0.23076923076923078	PPNTDGSN:0.3076923076923077	GPPNTDGS:0.3076923076923077	VGPPNTDG:0.3076923076923077	RCALKVLG:0.23076923076923078	QLSKWACI:0.3076923076923077	YWCQPSSG:0.3076923076923077	GRTMDRCS:0.46153846153846156	MDRCSLAR:0.5	HNGCGVSC:0.23076923076923078	SSGKFSHN:0.3076923076923077	PNTDGSND:0.3076923076923077	TDDIKSSV:0.2692307692307692	KWACIAEH:0.34615384615384615	IKSSVRCA:0.23076923076923078	TGVVGPPN:0.3076923076923077	DIKSSVRC:0.23076923076923078	SVRCALKV:0.23076923076923078	FQINDLYW:0.34615384615384615	DLYWCQPS:0.2692307692307692	LSKWACIA:0.3076923076923077	LKVLGQQG:0.2692307692307692	GIFQINDL:0.34615384615384615	WCQPSSGK:0.3076923076923077	DQLSKWAC:0.3076923076923077	LGRTMDRC:0.38461538461538464	GKFSHNGC:0.3076923076923077	GVVGPPNT:0.3076923076923077	QPSSGKFS:0.3076923076923077	NGCGVSCN:0.23076923076923078	GQQGWSAW:0.3076923076923077	LYWCQPSS:0.2692307692307692	SKWACIAE:0.3076923076923077	VLGQQGWS:0.3076923076923077	PSSGKFSH:0.3076923076923077	KVLGQQGW:0.2692307692307692	TWHYCSGY:0.2692307692307692	IFQINDLY:0.34615384615384615	ALKVLGQQ:0.2692307692307692	YGIFQIND:0.5769230769230769	RTMDRCSL:0.5	DDIKSSVR:0.23076923076923078	VLALVTPA:0.2692307692307692	LTDDIKSS:0.2692307692307692	RDQLSKWA:0.3076923076923077	CALKVLGQ:0.2692307692307692	FSHNGCGV:0.23076923076923078	VSCNALLT:0.2692307692307692	CQPSSGKF:0.3076923076923077	KFSHNGCG:0.23076923076923078	RTGVVGPP:0.3076923076923077	LLTDDIKS:0.2692307692307692	NTDGSNDY:0.3076923076923077	WHYCSGYL:0.2692307692307692	HYCSGYLP:0.2692307692307692	INDLYWCQ:0.34615384615384615	CVLALVTP:0.2692307692307692	SLAREMAN:0.3076923076923077	TDGSNDYG:0.3076923076923077	SGKFSHNG:0.3076923076923077	ICVLALVT:0.2692307692307692	NDLYWCQP:0.2692307692307692	KSSVRCAL:0.23076923076923078	SHNGCGVS:0.23076923076923078	LGQQGWSA:0.3076923076923077	VVGPPNTD:0.3076923076923077	DGSNDYGI:0.38461538461538464	TMDRCSLA:0.5	CSLAREMA:0.38461538461538464	LPSIDDCF:0.2692307692307692	
