cluster number:7
GH22:11	GH22:11|3.2.1.17:2
FSLGNYVC:0.6363636363636364	GLDGFEGF:0.8181818181818182	VECAKLIV:0.7272727272727273	SFKWCDDG:0.9090909090909091	SYCNGRKM:0.2727272727272727	QINSFKWC:0.9090909090909091	INSFKWCD:0.9090909090909091	DSYCNGRK:0.36363636363636365	GFEGFSLG:0.6363636363636364	YGIFQINS:0.9090909090909091	YWESRFKT:0.7272727272727273	FKWCDDGT:0.9090909090909091	TWDSYCNG:0.36363636363636365	IFQINSFK:0.9090909090909091	KDYGIFQI:0.9090909090909091	LKDDLKAS:0.5454545454545454	GIFQINSF:0.9090909090909091	CSDLLKDD:0.36363636363636365	DYGIFQIN:0.9090909090909091	DLKASVEC:0.5454545454545454	FQINSFKW:0.9090909090909091	NSFKWCDD:0.9090909090909091	DVGKDYGI:0.36363636363636365	LLKDDLKA:0.5454545454545454	VGKDYGIF:0.36363636363636365	GKDYGIFQ:0.9090909090909091	SDLLKDDL:0.36363636363636365	KDDLKASV:0.5454545454545454	DGFEGFSL:0.6363636363636364	WDTWDSYC:0.2727272727272727	KASVECAK:0.6363636363636364	ASVECAKL:0.6363636363636364	ADVGKDYG:0.36363636363636365	LKASVECA:0.6363636363636364	EGLDGFEG:0.7272727272727273	CAKLIVKT:0.7272727272727273	PCSDLLKD:0.36363636363636365	DLLKDDLK:0.6363636363636364	LDGFEGFS:0.8181818181818182	DDLKASVE:0.5454545454545454	WDSYCNGR:0.36363636363636365	GLKSWDTW:0.6363636363636364	GFSLGNYV:0.6363636363636364	SVECAKLI:0.7272727272727273	ECAKLIVK:0.7272727272727273	IAVLCLMW:0.2727272727272727	FEGFSLGN:0.6363636363636364	AYWESRFK:0.7272727272727273	EGFSLGNY:0.6363636363636364	TEGLKSWD:0.45454545454545453	LKSWDTWS:0.2727272727272727	AKLIVKTE:0.45454545454545453	ADLLKDDL:0.2727272727272727	SYCKGRKM:0.45454545454545453	SWDTWSSY:0.2727272727272727	KLIVKTEG:0.45454545454545453	THRVRSAD:0.45454545454545453	YVCTAYWE:0.7272727272727273	TPGGKNQC:0.36363636363636365	EGLKSWDT:0.45454545454545453	CADLLKDD:0.2727272727272727	GRKMTRWV:0.2727272727272727	KIPCADLL:0.2727272727272727	YCKGRKMT:0.2727272727272727	DGTPGGKN:0.8181818181818182	VKTEGLKS:0.45454545454545453	QCKIPCAD:0.2727272727272727	MTRWVKGC:0.2727272727272727	NYVCTAYW:0.7272727272727273	PGGKNQCK:0.2727272727272727	KWCDDGTP:0.8181818181818182	NQCKIPCA:0.2727272727272727	REGLDGFE:0.2727272727272727	GKNQCKIP:0.2727272727272727	WSSYCKGR:0.2727272727272727	WVKGCEEH:0.36363636363636365	LGNYVCTA:0.5454545454545454	RWVKGCEE:0.36363636363636365	KGRKMTRW:0.2727272727272727	CDDGTPGG:0.7272727272727273	IVKTEGLK:0.45454545454545453	GNYVCTAY:0.7272727272727273	KTEGLKSW:0.45454545454545453	KMTRWVKG:0.2727272727272727	WCDDGTPG:0.7272727272727273	GGKNQCKI:0.2727272727272727	SSYCKGRK:0.2727272727272727	KSWDTWSS:0.2727272727272727	RKMTRWVK:0.2727272727272727	CKGRKMTR:0.2727272727272727	TWSSYCKG:0.2727272727272727	SLGNYVCT:0.5454545454545454	GTPGGKNQ:0.36363636363636365	CKIPCADL:0.2727272727272727	IPCADLLK:0.2727272727272727	TRWVKGCE:0.2727272727272727	WDTWSSYC:0.2727272727272727	DTWSSYCK:0.2727272727272727	VCTAYWES:0.7272727272727273	LIVKTEGL:0.45454545454545453	DDGTPGGK:0.7272727272727273	PCADLLKD:0.2727272727272727	KNQCKIPC:0.2727272727272727	VLCLMWLC:0.2727272727272727	KTHRVRSA:0.45454545454545453	RVRSADTG:0.2727272727272727	WESRFKTH:0.5454545454545454	SADTGKDY:0.36363636363636365	VRSADTGK:0.36363636363636365	ESRFKTHR:0.45454545454545453	CTAYWESR:0.6363636363636364	DTGKDYGI:0.5454545454545454	RSADTGKD:0.36363636363636365	FKTHRVRS:0.2727272727272727	TGKDYGIF:0.5454545454545454	TAYWESRF:0.6363636363636364	HRVRSADT:0.2727272727272727	ADTGKDYG:0.5454545454545454	RFKTHRVR:0.45454545454545453	SRFKTHRV:0.45454545454545453	GTPGGKNK:0.36363636363636365	TPGGKNKC:0.36363636363636365	CDVVRIFK:0.2727272727272727	PCSDLLQD:0.2727272727272727	RCDVVRIF:0.2727272727272727	SWDTWGSY:0.2727272727272727	KSWDTWGS:0.2727272727272727	LKSWDTWG:0.2727272727272727	
