cluster number:18
GH22:7	GH22:7
NRCEGKAL:0.2857142857142857	NNNRNGST:0.42857142857142855	RHGYRAWY:0.42857142857142855	SNECKIKC:0.2857142857142857	WCDPQDKS:0.2857142857142857	INDRYWCD:0.5714285714285714	NNRNGSTD:0.42857142857142855	NDRYWCDP:0.5714285714285714	KADLRNWV:0.42857142857142855	GYRAWYGW:0.42857142857142855	LAQGFSKA:0.2857142857142857	AKALLAQG:0.42857142857142855	RYWCDPQD:0.5714285714285714	KNNNRNGS:0.42857142857142855	CDPQDKSK:0.2857142857142857	KFDKCSLA:0.42857142857142855	YWCDPQDK:0.5714285714285714	EAKKFDKC:0.42857142857142855	AQGFSKAD:0.2857142857142857	VCLVQNES:0.42857142857142855	ALLAQGFS:0.2857142857142857	WGLFQIND:0.7142857142857143	DWGLFQIN:0.7142857142857143	RAWYGWIN:0.2857142857142857	NWVCLVQN:0.42857142857142855	LLAQGFSK:0.2857142857142857	CKIKCSEL:0.2857142857142857	GLFQINDR:1.0	SKASTCAK:0.2857142857142857	ASTCAKKI:0.2857142857142857	KCSLAKAL:0.42857142857142855	WVCLVQNE:0.42857142857142855	FSKADLRN:0.2857142857142857	YGWINRCE:0.2857142857142857	DLRNWVCL:0.42857142857142855	WINRCEGK:0.2857142857142857	CEGKALPD:0.2857142857142857	RCEGKALP:0.2857142857142857	CSLAKALL:0.5714285714285714	LFQINDRY:1.0	ECKIKCSE:0.2857142857142857	SLAKALLA:0.42857142857142855	NGSTDWGL:0.5714285714285714	KRHGYRAW:0.42857142857142855	KALLAQGF:0.42857142857142855	NECKIKCS:0.2857142857142857	YRAWYGWI:0.2857142857142857	RNWVCLVQ:0.42857142857142855	KKFDKCSL:0.42857142857142855	KASTCAKK:0.2857142857142857	QGFSKADL:0.2857142857142857	ALPDLSKC:0.2857142857142857	LVQNESGM:0.2857142857142857	KALPDLSK:0.2857142857142857	QNESGMDT:0.2857142857142857	NLLIVLVG:0.2857142857142857	EGKALPDL:0.2857142857142857	NRNGSTDW:0.42857142857142855	GKALPDLS:0.2857142857142857	TKKNNNRN:0.2857142857142857	KKNNNRNG:0.42857142857142855	ADLRNWVC:0.42857142857142855	STDWGLFQ:0.5714285714285714	DTTKKNNN:0.2857142857142857	KIKCSELL:0.2857142857142857	DISKASTC:0.2857142857142857	TTKKNNNR:0.2857142857142857	FDKCSLAK:0.42857142857142855	LRNWVCLV:0.42857142857142855	AKKFDKCS:0.42857142857142855	GSTDWGLF:0.5714285714285714	VQNESGMD:0.2857142857142857	DKCSLAKA:0.42857142857142855	SKADLRNW:0.2857142857142857	DRYWCDPQ:0.5714285714285714	CLVQNESG:0.2857142857142857	RNGSTDWG:0.42857142857142855	DPQDKSKK:0.2857142857142857	GWINRCEG:0.2857142857142857	LAKALLAQ:0.42857142857142855	ISKASTCA:0.2857142857142857	TDWGLFQI:0.5714285714285714	WYGWINRC:0.2857142857142857	FQINDRYW:1.0	AWYGWINR:0.2857142857142857	QINDRYWC:1.0	GFSKADLR:0.2857142857142857	HGYRAWYG:0.42857142857142855	MDTTKKNN:0.2857142857142857	KKTSNECK:0.2857142857142857	DKKKKTSN:0.2857142857142857	DPQDKKKK:0.2857142857142857	KKKKTSNE:0.2857142857142857	KKIYKRHG:0.2857142857142857	LPDLSKCK:0.2857142857142857	CDPQDKKK:0.2857142857142857	WCDPQDKK:0.2857142857142857	KKKTSNEC:0.2857142857142857	QDKKKKTS:0.2857142857142857	PQDKKKKT:0.2857142857142857	PDLSKCKL:0.2857142857142857	DHGLFQIN:0.2857142857142857	HGLFQIND:0.2857142857142857	
