cluster number:1
GH22:112	GH22:112|3.2.1.17:33
YGIFQINS:0.8839285714285714	ACAKRVVS:0.25	LQDDITQA:0.38392857142857145	DDITQAVA:0.2767857142857143	ITQAVACA:0.25892857142857145	DPQGIRAW:0.5357142857142857	ALLQDDIT:0.23214285714285715	VQGKVFER:0.23214285714285715	KRVVSDPQ:0.26785714285714285	AWVAWRNR:0.22321428571428573	ARTLKRLG:0.38392857142857145	WCNDGKTP:0.6607142857142857	AKRVVSDP:0.30357142857142855	SRYWCNDG:0.39285714285714285	VSDPQGIR:0.25	GKVFERCE:0.22321428571428573	SYNTRATN:0.21428571428571427	ATNYNPGS:0.26785714285714285	FERCELAR:0.44642857142857145	VSLANWMC:0.23214285714285715	DITQAVAC:0.2767857142857143	INSRYWCN:0.42857142857142855	RAWVAWRN:0.36607142857142855	NSRYWCND:0.39285714285714285	CAKRVVSD:0.30357142857142855	ERCELART:0.6428571428571429	TPRAVNAC:0.20535714285714285	QAVACAKR:0.25	QDDITQAV:0.3125	SDPQGIRA:0.25	AWRNRCQN:0.22321428571428573	WESSYNTR:0.24107142857142858	GVSLANWM:0.22321428571428573	VACAKRVV:0.3482142857142857	KVFERCEL:0.2857142857142857	DYGIFQIN:0.8482142857142857	QGKVFERC:0.23214285714285715	GKTPRAVN:0.23214285714285715	ESSYNTRA:0.22321428571428573	LSVTVQGK:0.20535714285714285	RATNYNPG:0.30357142857142855	FQINSRYW:0.4732142857142857	PQGIRAWV:0.5267857142857143	VFERCELA:0.2857142857142857	WVAWRNRC:0.22321428571428573	IRAWVAWR:0.4642857142857143	YWCNDGKT:0.42857142857142855	TQAVACAK:0.26785714285714285	AVACAKRV:0.3482142857142857	GIFQINSR:0.5535714285714286	RSTDYGIF:0.2767857142857143	DGKTPRAV:0.23214285714285715	ELARTLKR:0.4107142857142857	STDYGIFQ:0.8660714285714286	RCELARTL:0.6875	QGIRAWVA:0.5446428571428571	TDYGIFQI:0.8571428571428571	RYWCNDGK:0.39285714285714285	SSYNTRAT:0.21428571428571427	LARTLKRL:0.375	NDGKTPRA:0.21428571428571427	LLSVTVQG:0.20535714285714285	CELARTLK:0.6785714285714286	CNDGKTPR:0.24107142857142858	NTRATNYN:0.39285714285714285	SLANWMCL:0.38392857142857145	VAWRNRCQ:0.22321428571428573	GIRAWVAW:0.5803571428571429	YNTRATNY:0.39285714285714285	VVSDPQGI:0.25892857142857145	IFQINSRY:0.4732142857142857	LLQDDITQ:0.38392857142857145	KTPRAVNA:0.20535714285714285	QINSRYWC:0.4732142857142857	TRATNYNP:0.3125	LANWMCLA:0.375	RVVSDPQG:0.26785714285714285	LGLLLLSV:0.42857142857142855	KTPGAVNA:0.26785714285714285	GKTPGAVN:0.26785714285714285	LLLLSVAV:0.26785714285714285	LLLSVAVQ:0.2857142857142857	WWCNDGKT:0.24107142857142858	GDRSTDYG:0.20535714285714285	GLLLLSVA:0.29464285714285715	TPGAVNAC:0.29464285714285715	DGKTPGAV:0.21428571428571427	DRSTDYGI:0.21428571428571427	VVRDPQGI:0.35714285714285715	KRVVRDPQ:0.375	AKRVVRDP:0.4017857142857143	RVVRDPQG:0.375	CAKRVVRD:0.4017857142857143	VRDPQGIR:0.2857142857142857	RDPQGIRA:0.2857142857142857	KSTDYGIF:0.22321428571428573	LANWVCLA:0.22321428571428573	SLANWVCL:0.22321428571428573	RTLKRLGM:0.25	LKRLGMDG:0.25	TLKRLGMD:0.24107142857142858	KGVSLANW:0.25892857142857145	GYKGVSLA:0.20535714285714285	YKGVSLAN:0.25	AVTCAKRV:0.23214285714285715	VTCAKRVV:0.23214285714285715	TLGLLLLS:0.25892857142857145	LTLGLLLL:0.25892857142857145	LLTLGLLL:0.25892857142857145	KALLTLGL:0.21428571428571427	MKALLTLG:0.23214285714285715	YERCELAR:0.23214285714285715	ALLTLGLL:0.21428571428571427	ATNYNPGD:0.2767857142857143	
