cluster number:25
GH22:29	GH22:29
RHKFDAWY:0.8275862068965517	LESSFMSP:0.896551724137931	SALTDDNL:0.896551724137931	TDDNLDDD:0.7931034482758621	HNDCGVRC:0.9655172413793104	CSALTDDN:0.9655172413793104	QSRLESSF:0.896551724137931	GPHNDCGV:1.0	DDIKCAKL:0.8275862068965517	YYQSRLES:0.896551724137931	MSPVSNGH:0.8275862068965517	PPGPHNDC:1.0	GKRFGRCE:0.6551724137931034	NGIPYKDV:0.8275862068965517	SSFMSPVS:0.8620689655172413	ALTDDNLD:0.8275862068965517	RLESSFMS:0.896551724137931	DVPDWVCL:0.8275862068965517	KFDAWYGW:0.2413793103448276	CLAYYQSR:0.7931034482758621	PVSNGHRE:0.896551724137931	FGRCELAK:0.8275862068965517	GRCELAKL:0.7931034482758621	PGPHNDCG:1.0	SFMSPVSN:0.8620689655172413	DDNLDDDI:0.7931034482758621	CGVRCSAL:0.9655172413793104	KRFGRCEL:0.6896551724137931	DDDIKCAK:0.7586206896551724	YQSRLESS:0.896551724137931	HKFDAWYG:0.2413793103448276	APPGPHND:1.0	IKCAKLIY:0.7241379310344828	VCLAYYQS:0.7931034482758621	PYKDVPDW:0.8275862068965517	DWVCLAYY:0.8275862068965517	DNLDDDIK:0.7586206896551724	IPYKDVPD:0.8275862068965517	LAYYQSRL:0.896551724137931	VSNGHREY:0.896551724137931	LTDDNLDD:0.7931034482758621	WVCLAYYQ:0.8620689655172413	CELAKLLV:0.6896551724137931	SRLESSFM:0.8275862068965517	RCSALTDD:0.9655172413793104	AYYQSRLE:0.896551724137931	PDWVCLAY:0.8275862068965517	GIPYKDVP:0.896551724137931	NLDDDIKC:0.7586206896551724	RCELAKLL:0.7241379310344828	SNGHREYG:0.896551724137931	NGHREYGI:0.896551724137931	VPDWVCLA:0.8275862068965517	SPVSNGHR:0.896551724137931	ESSFMSPV:0.896551724137931	FMSPVSNG:0.8620689655172413	YKDVPDWV:0.8275862068965517	GVRCSALT:0.9655172413793104	DCGVRCSA:0.9655172413793104	DIKCAKLI:0.7931034482758621	RFGRCELA:0.6896551724137931	LDDDIKCA:0.7586206896551724	KDVPDWVC:0.7241379310344828	NDCGVRCS:0.9655172413793104	PHNDCGVR:0.9655172413793104	VRCSALTD:0.9655172413793104	LLVFNGIP:0.6551724137931034	EYGIFQIS:0.7931034482758621	LIYRRHKF:0.7241379310344828	VFNGIPYK:0.6551724137931034	IFQISSRY:0.8275862068965517	GIFQISSR:0.8275862068965517	SSRYWCAP:0.7586206896551724	KLIYRRHK:0.7241379310344828	YWCAPPGP:0.8275862068965517	REYGIFQI:0.8275862068965517	KLLVFNGI:0.6551724137931034	CAPPGPHN:0.8620689655172413	FQISSRYW:0.8275862068965517	ISSRYWCA:0.7586206896551724	RRHKFDAW:0.8620689655172413	CAKLIYRR:0.6896551724137931	LVFNGIPY:0.6896551724137931	RYWCAPPG:0.8275862068965517	QISSRYWC:0.7586206896551724	IYRRHKFD:0.7241379310344828	SRYWCAPP:0.7586206896551724	GHREYGIF:0.8275862068965517	HREYGIFQ:0.8275862068965517	LAKLLVFN:0.6551724137931034	YGIFQISS:0.8275862068965517	FNGIPYKD:0.6896551724137931	YRRHKFDA:0.7586206896551724	WCAPPGPH:0.8275862068965517	AKLLVFNG:0.6551724137931034	KCAKLIYR:0.6896551724137931	AKLIYRRH:0.7241379310344828	ELAKLLVF:0.6551724137931034	HKFDAWYA:0.6206896551724138	KFDAWYAW:0.6206896551724138	
