cluster number:19
GH22:12	GH22:12|3.2.1.17:5
FNAWYGWK:0.5	LATAESSL:0.3333333333333333	ICLATAES:0.3333333333333333	CSALKSDN:0.25	PSIKCAKQ:0.25	FQINNGYW:0.3333333333333333	IKCAKQIY:0.25	RHGFNAWY:0.6666666666666666	RCELASIL:0.25	KRHGFNAW:0.3333333333333333	KVSCSALK:0.25	QINNGYWC:0.3333333333333333	SCSALKSD:0.25	GYWCSPGR:0.4166666666666667	YGRCELAS:0.25	DYGIFQIN:0.6666666666666666	VSCSALKS:0.25	NICKVSCS:0.25	LSSYVKGC:0.25	IFQINNGY:0.3333333333333333	ICKVSCSA:0.25	SYVKGCRY:0.25	GRCELASI:0.25	ATAESSLN:0.3333333333333333	PDWICLAT:0.25	STDYGIFQ:0.5	TDYGIFQI:0.5	CKVSCSAL:0.3333333333333333	SALKSDNI:0.25	CLATAESS:0.3333333333333333	NGYWCSPG:0.3333333333333333	WICLATAE:0.3333333333333333	DWICLATA:0.3333333333333333	SSYVKGCR:0.25	SIKCAKQI:0.25	YGIFQINN:0.6666666666666666	GIFQINNG:0.3333333333333333	GFNAWYGW:0.6666666666666666	NNGYWCSP:0.3333333333333333	TAESSLNS:0.25	INNGYWCS:0.3333333333333333	HGFNAWYG:0.6666666666666666	NKNKNGST:0.4166666666666667	TDDIKCAK:0.3333333333333333	GIFQINNK:0.3333333333333333	GSNDCKIA:0.25	AWYGWKNH:0.25	DDIKCAKL:0.25	ALANNGIA:0.25	WKNHCNGK:0.25	KTFGKCEL:0.25	YGWKNHCN:0.25	STSATNKN:0.3333333333333333	TFGKCELA:0.25	TSATNKNK:0.3333333333333333	GIAKASLP:0.25	ANNGIAKA:0.25	WYGWKNHC:0.25	NNKYWCDS:0.3333333333333333	AKALANNG:0.25	NNGIAKAS:0.25	NKNGSTDY:0.4166666666666667	NGSTDYGI:0.3333333333333333	LANNGIAK:0.25	INNKYWCD:0.3333333333333333	IAKASLPD:0.25	NGIAKASL:0.25	DDITDDIK:0.5	NDCKIACK:0.3333333333333333	NAWYGWKN:0.3333333333333333	TVLLAIVA:0.25	KNKNGSTD:0.4166666666666667	LAKALANN:0.25	KALANNGI:0.25	LNDDITDD:0.25	ITDDIKCA:0.5	NKYWCDSG:0.25	NLLNDDIT:0.25	TNKNKNGS:0.4166666666666667	SNDCKIAC:0.25	AFSTSATN:0.3333333333333333	DITDDIKC:0.5	ESAFSTSA:0.3333333333333333	KYWCDSGY:0.25	IFQINNKY:0.25	CLVQNESA:0.25	ATNKNKNG:0.4166666666666667	SATNKNKN:0.3333333333333333	NDDITDDI:0.4166666666666667	KNGSTDYG:0.4166666666666667	GSTDYGIF:0.3333333333333333	YWCDSGYG:0.25	LVQNESAF:0.25	FGKCELAK:0.25	FSTSATNK:0.3333333333333333	SAFSTSAT:0.3333333333333333	VQNESAFS:0.25	AKASLPDW:0.25	DIKCAKLI:0.25	FQINNKYW:0.3333333333333333	NESAFSTS:0.25	LLNDDITD:0.25	GWKNHCNG:0.25	QNESAFST:0.25	QINNKYWC:0.3333333333333333	YGSNDCKI:0.25	SPGRHNIC:0.25	CSPGRHNI:0.25	WCSPGRHN:0.3333333333333333	RRHGFNAW:0.25	YWCSPGRH:0.3333333333333333	PDWICLVQ:0.25	WICLVQHE:0.25	ICLVQHES:0.25	
