cluster number:15
GH22:6	GH22:6
HESDYNTK:0.3333333333333333	ESDYNTKA:0.3333333333333333	DYGIFQIN:0.8333333333333334	KHESDYNT:0.5	GITAWVAW:0.3333333333333333	VFLLLLAV:0.3333333333333333	FQINNRWW:0.6666666666666666	ISLANWVC:0.5	ELARAMKA:0.5	NWVCLAKH:0.5	AKRYDRCE:0.3333333333333333	KTIVRQQG:0.3333333333333333	RQQGITAW:0.3333333333333333	ARAMKANG:0.5	RYDRCELA:0.3333333333333333	YDRCELAR:0.3333333333333333	FLLLLAVV:0.3333333333333333	KRYDRCEL:0.3333333333333333	CLAKHESD:0.3333333333333333	KALVFLLL:0.3333333333333333	HGISLANW:0.3333333333333333	YHGISLAN:0.3333333333333333	ANGCKISC:0.3333333333333333	QINNRWWC:0.6666666666666666	INHNTDGS:0.3333333333333333	QGITAWVA:0.3333333333333333	LARAMKAN:0.5	DGSTDYGI:0.6666666666666666	AINHNTDG:0.3333333333333333	LANWVCLA:0.5	INNRWWCS:0.5	TIVRQQGI:0.3333333333333333	STDYGIFQ:0.6666666666666666	NNRWWCSN:0.5	TDYGIFQI:0.6666666666666666	VSAKRYDR:0.3333333333333333	NTDGSTDY:0.5	GISLANWV:0.5	NRWWCSNG:0.5	TDGSTDYG:0.5	GYHGISLA:0.3333333333333333	NHNTDGST:0.3333333333333333	AKHESDYN:0.3333333333333333	SAKRYDRC:0.3333333333333333	GSTDYGIF:0.6666666666666666	LAKHESDY:0.3333333333333333	WVCLAKHE:0.5	QQGITAWV:0.3333333333333333	VCLAKHES:0.5	RCELARAM:0.5	VRQQGITA:0.3333333333333333	YGIFQINN:0.6666666666666666	HNTDGSTD:0.3333333333333333	SANGCKIS:0.3333333333333333	MKALVFLL:0.3333333333333333	GIFQINNR:0.6666666666666666	SLANWVCL:0.5	CELARAMK:0.5	IFQINNRW:0.6666666666666666	IVRQQGIT:0.3333333333333333	ITAWVAWR:0.3333333333333333	ANWVCLAK:0.5	DRCELARA:0.3333333333333333	WWCSNGKF:0.3333333333333333	RWWCSNGK:0.3333333333333333	RAMKANGM:0.3333333333333333	
