cluster number:0
GH22:15	GH22:15|3.2.1.17:6
IKNWVCIA:0.9333333333333333	AEFESSFN:0.8	DITAAVRC:0.2	CSDLMSDD:0.5333333333333333	RDLDQYMA:0.6	GIFQINNK:1.0	KNVCGIPC:0.6666666666666666	FNTAAINR:0.6	KGYTAWVA:0.4	YMAECWSR:0.6	MRVLPLAL:0.6666666666666666	NRNRNRST:0.8	ALLVGLLA:0.5333333333333333	ITAAVRCA:0.26666666666666666	VCGIPCSD:0.6	EFESSFNT:0.8	LSRNDIKN:0.6666666666666666	ETRYYLSR:0.26666666666666666	INRNRNRS:0.6666666666666666	NRDLDQYM:0.4666666666666667	GSNSIFPF:0.4	VGLLAVSD:0.5333333333333333	SRGSNSIF:0.4	NNKYWCGS:0.7333333333333333	IAEFESSF:0.8	ERYKGRGK:0.2	DIKNWVCI:0.8666666666666667	LLAVSDAK:0.6	SKCKNRDL:0.4666666666666667	QYMAECWS:0.6666666666666666	TVRRDTER:0.5333333333333333	KNWVCIAE:0.9333333333333333	RDTERYKG:0.2	TAAVRCAE:0.26666666666666666	SRNDIKNW:0.6666666666666666	NRNRSTDY:0.8	SSFNTAAI:0.6	VCIAEFES:0.8	TAAINRNR:0.6	NSKCKNRD:0.4666666666666667	TRYYLSRN:0.26666666666666666	MAECWSRG:0.6	RYYLSRND:0.26666666666666666	LPLALLVG:0.5333333333333333	NRSTDYGI:0.8	PLALLVGL:0.5333333333333333	GYTAWVAY:0.7333333333333333	CGIPCSDL:0.6666666666666666	KNRDLDQY:0.4666666666666667	AKVFRKCE:0.5333333333333333	CIAEFESS:0.8	GLLAVSDA:0.6	KVFRKCEF:0.4666666666666667	YYLSRNDI:0.3333333333333333	RNRSTDYG:0.8	FAELLETR:0.3333333333333333	LAVSDAKV:0.6	DQYMAECW:0.7333333333333333	CGSDYGKN:0.8	AVRCAETV:0.26666666666666666	DYGIFQIN:1.0	TAWVAYNS:0.6666666666666666	NTAAINRN:0.6	GIPCSDLM:0.5333333333333333	RNDIKNWV:0.6666666666666666	SFNTAAIN:0.6	TERYKGRG:0.2	VAYNSKCK:0.6666666666666666	AWVAYNSK:0.8	LVGLLAVS:0.6	GKGYTAWV:0.4	LETRYYLS:0.26666666666666666	RVLPLALL:0.6666666666666666	NDIKNWVC:0.6666666666666666	SDDITAAV:0.26666666666666666	YGKNVCGI:0.7333333333333333	RGSNSIFP:0.3333333333333333	AELLETRY:0.3333333333333333	AYNSKCKN:0.6	MSDDITAA:0.4666666666666667	CKNRDLDQ:0.4666666666666667	ESSFNTAA:0.8	FRKCEFAE:0.4	KGRGKGYT:0.2	SDYGKNVC:0.8	GKNVCGIP:0.6666666666666666	INNKYWCG:0.8	RSTDYGIF:0.8	GRGKGYTA:0.4	RYKGRGKG:0.2	EFAELLET:0.3333333333333333	AVSDAKVF:0.5333333333333333	YNSKCKNR:0.6	STDYGIFQ:0.8666666666666667	DTERYKGR:0.2	TDYGIFQI:0.8666666666666667	DAKVFRKC:0.4	NVCGIPCS:0.6666666666666666	WSRGSNSI:0.4666666666666667	YLSRNDIK:0.3333333333333333	VRRDTERY:0.4666666666666667	KCKNRDLD:0.5333333333333333	DDITAAVR:0.2	RRDTERYK:0.2	IFQINNKY:0.9333333333333333	VRCAETVR:0.26666666666666666	YWCGSDYG:0.7333333333333333	RGKGYTAW:0.4	AAVRCAET:0.26666666666666666	AECWSRGS:0.6	YTAWVAYN:0.7333333333333333	ECWSRGSN:0.6	WCGSDYGK:0.8	WVAYNSKC:0.8	CEFAELLE:0.4	RCAETVRR:0.6666666666666666	SDLMSDDI:0.5333333333333333	NKYWCGSD:0.7333333333333333	FESSFNTA:0.8	KYWCGSDY:0.7333333333333333	NWVCIAEF:0.8	SDAKVFRK:0.4	AAINRNRN:0.6	KCEFAELL:0.4666666666666667	PCSDLMSD:0.6	YGIFQINN:1.0	LLVGLLAV:0.5333333333333333	RNRNRSTD:0.8	ELLETRYY:0.26666666666666666	RKCEFAEL:0.4	CWSRGSNS:0.6666666666666666	VSDAKVFR:0.4	LMSDDITA:0.4666666666666667	DLDQYMAE:0.6	VFRKCEFA:0.4666666666666667	DYGKNVCG:0.6666666666666666	ETVRRDTE:0.5333333333333333	LALLVGLL:0.5333333333333333	FQINNKYW:0.9333333333333333	LLETRYYL:0.26666666666666666	DLMSDDIT:0.5333333333333333	IPCSDLMS:0.6	CAETVRRD:0.5333333333333333	AETVRRDT:0.5333333333333333	LDQYMAEC:0.7333333333333333	YKGRGKGY:0.2	QINNKYWC:0.9333333333333333	WVCIAEFE:0.8	VLPLALLV:0.4666666666666667	GSDYGKNV:0.8	AINRNRNR:0.6666666666666666	GSNSVFPF:0.2	DITAALRC:0.3333333333333333	EFARLLET:0.2	ALRCAETV:0.3333333333333333	AALRCAET:0.26666666666666666	FARLLETR:0.2	LRCAETVR:0.4	DDITAALR:0.3333333333333333	CEFARLLE:0.2	ITAALRCA:0.3333333333333333	KCEFARLL:0.2	SDDITAAL:0.3333333333333333	TAALRCAE:0.3333333333333333	ARLLETRY:0.2	RGNGYTAW:0.26666666666666666	GNGYTAWV:0.26666666666666666	GRGNGYTA:0.26666666666666666	NGYTAWVA:0.26666666666666666	NRNLDQYM:0.2	KNRNLDQY:0.2	RNLDQYMA:0.2	CKNRNLDQ:0.2	KCKNRNLD:0.2	SRGSNSVF:0.2	WSRGSNSV:0.2	
