cluster number:17
GH22:7	GH22:7
LAKELLRH:0.8571428571428571	ISDDSRCA:0.8571428571428571	LNDEISDD:0.7142857142857143	NDEISDDS:0.7142857142857143	SKNWCRKG:0.8571428571428571	VSYGLFQI:0.8571428571428571	CRGRTLPD:0.2857142857142857	NQSVSYGL:0.8571428571428571	RKGRRGGI:0.7142857142857143	QLPNQSVS:0.8571428571428571	RCAMQIFN:0.42857142857142855	WVCLVEAE:0.2857142857142857	LVEAESGR:0.2857142857142857	DSRCAMQI:0.8571428571428571	IKCEEFLN:0.7142857142857143	GFQAWPGW:0.42857142857142855	KCRGRTLP:0.2857142857142857	RTLPDVSR:0.2857142857142857	SMQLPNQS:0.7142857142857143	IFNRHGFQ:0.42857142857142855	PRSYLSNW:0.8571428571428571	TLPDVSRC:0.2857142857142857	MQLPNQSV:0.7142857142857143	GICNIKCE:0.8571428571428571	ESGRSTSK:0.8571428571428571	STSKSMQL:0.7142857142857143	HGFQAWPG:0.42857142857142855	SDDSRCAM:0.8571428571428571	RCQLAKEL:0.8571428571428571	RGRTLPDV:0.2857142857142857	AESGRSTS:0.2857142857142857	PNQSVSYG:0.8571428571428571	DDSRCAMQ:0.8571428571428571	YGLFQINS:0.8571428571428571	VCLVEAES:0.2857142857142857	HDFPRSYL:0.8571428571428571	CEEFLNDE:0.7142857142857143	DFPRSYLS:0.8571428571428571	EFLNDEIS:0.7142857142857143	FQINSKNW:0.8571428571428571	FPRSYLSN:0.8571428571428571	GGICNIKC:0.8571428571428571	DEISDDSR:0.8571428571428571	NIKCEEFL:0.7142857142857143	YLSNWVCL:0.8571428571428571	RSYLSNWV:0.8571428571428571	NSKNWCRK:0.8571428571428571	FLNDEISD:0.7142857142857143	VEAESGRS:0.2857142857142857	SGRSTSKS:0.7142857142857143	EAESGRST:0.2857142857142857	QLAKELLR:0.8571428571428571	KLLTRCQL:0.7142857142857143	SKSMQLPN:0.7142857142857143	KELLRHDF:0.8571428571428571	GLFQINSK:0.8571428571428571	TSKSMQLP:0.7142857142857143	CLVEAESG:0.2857142857142857	KGRRGGIC:0.7142857142857143	LPNQSVSY:0.8571428571428571	QSVSYGLF:0.8571428571428571	SNWVCLVE:0.8571428571428571	CNIKCEEF:0.7142857142857143	SVSYGLFQ:0.8571428571428571	FNRHGFQA:0.42857142857142855	NRHGFQAW:0.42857142857142855	SRCAMQIF:0.42857142857142855	GRTLPDVS:0.2857142857142857	RSTSKSMQ:0.7142857142857143	LLRHDFPR:0.8571428571428571	ELLRHDFP:0.8571428571428571	ICNIKCEE:0.7142857142857143	CQLAKELL:0.8571428571428571	GRSTSKSM:0.7142857142857143	QINSKNWC:0.8571428571428571	AKELLRHD:0.8571428571428571	SYLSNWVC:0.8571428571428571	LRHDFPRS:0.8571428571428571	LLTRCQLA:0.7142857142857143	EEFLNDEI:0.7142857142857143	WCRKGRRG:0.7142857142857143	RHDFPRSY:0.8571428571428571	AMQIFNRH:0.42857142857142855	TRCQLAKE:0.8571428571428571	KSMQLPNQ:0.7142857142857143	NWCRKGRR:0.7142857142857143	INSKNWCR:0.8571428571428571	KNWCRKGR:0.8571428571428571	EISDDSRC:0.8571428571428571	GRRGGICN:0.7142857142857143	LFQINSKN:0.8571428571428571	MQIFNRHG:0.42857142857142855	CRKGRRGG:0.7142857142857143	RRGGICNI:0.7142857142857143	LSNWVCLV:0.8571428571428571	CAMQIFNR:0.42857142857142855	NWVCLVEA:0.2857142857142857	QIFNRHGF:0.42857142857142855	KCEEFLND:0.7142857142857143	RHGFQAWP:0.42857142857142855	LTRCQLAK:0.7142857142857143	SYGLFQIN:0.8571428571428571	RGGICNIK:0.7142857142857143	AKLLTRCQ:0.5714285714285714	VESESGRS:0.42857142857142855	LLLLTQSE:0.2857142857142857	LLLTQSET:0.2857142857142857	CLVESESG:0.42857142857142855	QSETEAKL:0.2857142857142857	TQSETEAK:0.2857142857142857	SETEAKLL:0.2857142857142857	LLTQSETE:0.2857142857142857	ESESGRST:0.42857142857142855	SESGRSTS:0.42857142857142855	LTQSETEA:0.2857142857142857	NLLLLTQS:0.2857142857142857	EAKLLTRC:0.42857142857142855	WVCLVESE:0.5714285714285714	TEAKLLTR:0.2857142857142857	VCLVESES:0.5714285714285714	ETEAKLLT:0.2857142857142857	LVESESGR:0.42857142857142855	NWVCLVES:0.5714285714285714	
