cluster number:12
GH22:38	GH22:38|3.2.1.17:8
GLFQINDK:0.5789473684210527	INDKYWCS:0.5263157894736842	FQINDKYW:0.5526315789473685	CGLVQELR:0.2894736842105263	AWYGWKNH:0.34210526315789475	FTRCGLVQ:0.2631578947368421	KIYKRHKF:0.4473684210526316	NGSRDYGL:0.5263157894736842	WYGWKNHC:0.3157894736842105	SRDYGLFQ:0.5	KNGSRDYG:0.5263157894736842	LVQELRRQ:0.2631578947368421	QINDKYWC:0.631578947368421	GSRDYGLF:0.5	DYGLFQIN:0.7631578947368421	RDYGLFQI:0.5	YGLFQIND:0.7105263157894737	VNKNGSRD:0.4473684210526316	VQELRRQG:0.2631578947368421	LVENESGR:0.2631578947368421	WVCLVENE:0.5	KKIYKRHK:0.4473684210526316	GLVQELRR:0.2894736842105263	RCGLVQEL:0.3157894736842105	CAKKIYKR:0.5526315789473685	QELRRQGF:0.2631578947368421	TRCGLVQE:0.2631578947368421	TCAKKIYK:0.3684210526315789	AKKIYKRH:0.5526315789473685	LFQINDKY:0.5526315789473685	CLVENESG:0.2631578947368421	VCLVENES:0.5	NKNGSRDY:0.5263157894736842	DKMRDWVC:0.2631578947368421	KMRDWVCL:0.2894736842105263	TPGKDCNV:0.3684210526315789	EDKMRDWV:0.2631578947368421	RQGFPEDK:0.2894736842105263	KDCNVTCA:0.34210526315789475	STPGKDCN:0.2894736842105263	KYWCSNTS:0.23684210526315788	PGKDCNVT:0.3684210526315789	ESGRKTDK:0.21052631578947367	LRRQGFPE:0.3684210526315789	CSNTSTPG:0.21052631578947367	DKYWCSNT:0.3157894736842105	RDWVCLVE:0.3684210526315789	ELRRQGFP:0.3684210526315789	ENESGRKT:0.21052631578947367	TSTPGKDC:0.2894736842105263	WCSNTSTP:0.21052631578947367	DWVCLVEN:0.39473684210526316	MRDWVCLV:0.3684210526315789	PEDKMRDW:0.2631578947368421	RRQGFPED:0.2894736842105263	QGFPEDKM:0.2631578947368421	SNTSTPGK:0.21052631578947367	GFPEDKMR:0.2894736842105263	NTSTPGKD:0.21052631578947367	NDKYWCSN:0.34210526315789475	GKDCNVTC:0.42105263157894735	YWCSNTST:0.23684210526315788	NESGRKTD:0.21052631578947367	FPEDKMRD:0.2631578947368421	KDYGLFQI:0.2631578947368421	CQGSLPDI:0.23684210526315788	NHCQGSLP:0.21052631578947367	HCQGSLPD:0.21052631578947367	QGSLPDIS:0.23684210526315788	SKDYGLFQ:0.2631578947368421	GSKDYGLF:0.2631578947368421	DITKASTC:0.2894736842105263	TKASTCAK:0.2894736842105263	ASTCAKKI:0.2894736842105263	ITKASTCA:0.2894736842105263	KASTCAKK:0.2894736842105263	DDITKAST:0.2894736842105263	STCAKKIY:0.23684210526315788	
