cluster number:1
GT62:13	GT62:13
DRLEGYDG:0.23076923076923078	ATGKDIIV:0.23076923076923078	EGYDGIET:0.6153846153846154	YKQGVVFP:0.3076923076923077	SVGGAILF:0.3076923076923077	YDGIETEG:0.6153846153846154	LFIDSDIV:0.23076923076923078	IETEGLCY:0.5384615384615384	YIIGTTWD:0.23076923076923078	KQGVVFPP:0.23076923076923078	QDYDKNSW:0.23076923076923078	TGKDIIVP:0.23076923076923078	TLFIDSDI:0.23076923076923078	IGTTWDRL:0.23076923076923078	GTTWDRLE:0.23076923076923078	GYDGIETE:0.6153846153846154	DGIETEGL:0.5384615384615384	RLEGYDGI:0.3076923076923077	IIGTTWDR:0.23076923076923078	WDRLEGYD:0.23076923076923078	IYKQGVVF:0.3076923076923077	GKDIIVPR:0.3076923076923077	LDSVGGAI:0.3076923076923077	DSVGGAIL:0.3076923076923077	GIETEGLC:0.5384615384615384	TWDRLEGY:0.23076923076923078	WDYVPRDV:0.23076923076923078	LEGYDGIE:0.3076923076923077	KDIIVPRI:0.5384615384615384	TTWDRLEG:0.23076923076923078	YTLFIDSD:0.3076923076923077	LDSVGGAV:0.46153846153846156	PLDSVGGA:0.46153846153846156	VPLDSVGG:0.46153846153846156	DSVGGAVL:0.46153846153846156	KDIVVPRI:0.23076923076923078	SVGGAVLF:0.6153846153846154	CYLAKPLG:0.3076923076923077	CWGMPNLV:0.3076923076923077	WGMPNLVA:0.3076923076923077	GIETEGIC:0.23076923076923078	KKDIIVPR:0.23076923076923078	DGIETEGI:0.23076923076923078	SKKDIIVP:0.23076923076923078	IETEGICY:0.23076923076923078	EGWDGIET:0.3076923076923077	AILFAKSI:0.23076923076923078	YDKNSWRG:0.38461538461538464	VGGAILFA:0.23076923076923078	WDGIETEG:0.3076923076923077	DYDKNSWR:0.38461538461538464	DYIVPLDS:0.23076923076923078	GGAILFAK:0.23076923076923078	GAILFAKS:0.23076923076923078	RRLIARAR:0.23076923076923078	GWDGIETE:0.3076923076923077	TEGLCYIA:0.3076923076923077	ETEGLCYI:0.3076923076923077	YIVPLDSV:0.23076923076923078	RRRLIARA:0.23076923076923078	RLIARARN:0.23076923076923078	IVPLDSVG:0.23076923076923078	VGGAVLFA:0.3076923076923077	GAVLFAKS:0.3076923076923077	GGAVLFAK:0.3076923076923077	NSWRGQRT:0.23076923076923078	KNSWRGQR:0.23076923076923078	VQRLRRRL:0.23076923076923078	DGIETEGV:0.23076923076923078	GIETEGVC:0.23076923076923078	SWRGQRTK:0.23076923076923078	RLRRRLIA:0.23076923076923078	IETEGVCY:0.23076923076923078	QRLRRRLI:0.23076923076923078	WRGQRTKP:0.23076923076923078	DKNSWRGQ:0.23076923076923078	
