cluster number:52
GH26:11	GH26:11|CBM32:2|CBM6:1
LSNLIWVW:0.36363636363636365	PALWSGDF:0.5454545454545454	YWDVFAFD:0.2727272727272727	KYPALWSG:0.2727272727272727	SNLIWVWD:0.2727272727272727	KPMAIGEC:0.2727272727272727	GLSNLIWV:0.2727272727272727	ALWSGDFL:0.5454545454545454	YPALWSGD:0.5454545454545454	WSGDFLFQ:0.5454545454545454	KGLSNLIW:0.2727272727272727	LWSGDFLF:0.6363636363636364	TKGLSNLI:0.2727272727272727	MNQGKFWW:0.36363636363636365	VYDGSGYT:0.2727272727272727	MWHACNPA:0.2727272727272727	DVYDGSGY:0.2727272727272727	LDVYDGSG:0.2727272727272727	GKPIAIGE:0.45454545454545453	HEMNQGKF:0.36363636363636365	ALDVYDGS:0.2727272727272727	KPIAIGEC:0.2727272727272727	AALDVYDG:0.2727272727272727	EMNQGKFW:0.36363636363636365	SGDFLFQQ:0.36363636363636365	FFMGWSEL:0.2727272727272727	IWVWDVQD:0.2727272727272727	NLIWVWDV:0.2727272727272727	GQHNREPN:0.36363636363636365	LIWVWDVQ:0.2727272727272727	PGLWSGDF:0.2727272727272727	AGQHNREP:0.45454545454545453	FWWGGRPG:0.5454545454545454	PLHEMNQG:0.45454545454545453	WKARMDEV:0.2727272727272727	LAGQHNRE:0.2727272727272727	NLMWHACN:0.2727272727272727	FRPLHEMN:0.45454545454545453	LMWHACNP:0.2727272727272727	RPLHEMNQ:0.5454545454545454	KARMDEVA:0.2727272727272727	WWGGRPGP:0.36363636363636365	TLAGQHNR:0.2727272727272727	NQGKFWWG:0.2727272727272727	GKFWWGGR:0.2727272727272727	QGKFWWGG:0.2727272727272727	KFWWGGRP:0.2727272727272727	EVLFRPLH:0.2727272727272727	LFRPLHEM:0.2727272727272727	VLFRPLHE:0.2727272727272727	VEVLFRPL:0.2727272727272727	
