cluster number:27
GH26:13	GH26:13|CBM11:2|GH5_25:2|3.2.1.4:1|3.2.1.8:1
IDGYNWGT:0.6153846153846154	SIDGYNWG:0.6923076923076923	IFRANGAT:0.23076923076923078	FRANGATN:0.23076923076923078	ANGATNVK:0.23076923076923078	RANGATNV:0.23076923076923078	KNGKADAY:0.23076923076923078	KETDWRIN:0.38461538461538464	ETYIAAFR:0.23076923076923078	YNWGTTQS:0.5384615384615384	RHIVDIFR:0.23076923076923078	HIVDIFRA:0.23076923076923078	KWVFNVNC:0.23076923076923078	EYNTVDIK:0.23076923076923078	GYNWGTTQ:0.6153846153846154	RPLHEANG:0.46153846153846156	EANGDWYP:0.23076923076923078	GKEIWLRP:0.3076923076923077	GDNYVDYT:0.3076923076923077	NKPIIIAE:0.3076923076923077	IGAWVGTQ:0.23076923076923078	SAEIGGNK:0.23076923076923078	YGKEIWLR:0.3076923076923077	ENKETDWR:0.3076923076923077	TWEPWEYN:0.23076923076923078	KIGAWVGT:0.23076923076923078	GTTQSWGS:0.46153846153846156	WEYNTVDI:0.23076923076923078	NTVDIKNG:0.23076923076923078	NYVDYTSI:0.23076923076923078	WYPWAIGY:0.3076923076923077	YTSIDGYN:0.23076923076923078	HEANGDWY:0.3076923076923077	YIAAFRHI:0.23076923076923078	ITWEPWEY:0.23076923076923078	DGYNWGTT:0.6153846153846154	TVDIKNGK:0.23076923076923078	EIWLRPLH:0.38461538461538464	GAWVGTQP:0.23076923076923078	ANGDWYPW:0.23076923076923078	INKPIIIA:0.23076923076923078	PGDNYVDY:0.3076923076923077	IWLRPLHE:0.38461538461538464	DIKNGKAD:0.23076923076923078	WLRPLHEA:0.46153846153846156	YLGHYPGD:0.23076923076923078	DWYPWAIG:0.23076923076923078	ASAEIGGN:0.23076923076923078	PWEYNTVD:0.23076923076923078	WGTTQSWG:0.46153846153846156	NKETDWRI:0.38461538461538464	GDWYPWAI:0.23076923076923078	LKIGAWVG:0.23076923076923078	RPYADAVY:0.23076923076923078	WEPWEYNT:0.23076923076923078	TNETYIAA:0.23076923076923078	NETYIAAF:0.23076923076923078	TDWRINSS:0.38461538461538464	VDYTSIDG:0.23076923076923078	LRPLHEAN:0.46153846153846156	NGDWYPWA:0.23076923076923078	LHEANGDW:0.3076923076923077	YNTVDIKN:0.23076923076923078	NWGTTQSW:0.5384615384615384	VKWVFNVN:0.23076923076923078	NVKWVFNV:0.23076923076923078	AEIGGNKA:0.23076923076923078	IAAFRHIV:0.23076923076923078	NTNETYIA:0.23076923076923078	DMKAYGKE:0.23076923076923078	DNYVDYTS:0.3076923076923077	SYLGHYPG:0.23076923076923078	YPGDNYVD:0.3076923076923077	KEIWLRPL:0.3076923076923077	VDIKNGKA:0.23076923076923078	TYIAAFRH:0.23076923076923078	ETDWRINS:0.38461538461538464	IKNGKADA:0.23076923076923078	TSIDGYNW:0.23076923076923078	EPWEYNTV:0.23076923076923078	YVDYTSID:0.23076923076923078	PLHEANGD:0.3076923076923077	DYTSIDGY:0.23076923076923078	WQSFDQIF:0.23076923076923078	AEKGGDKA:0.23076923076923078	HEANGNWY:0.23076923076923078	SAEKGGDK:0.23076923076923078	
