cluster number:14
GH26:37	GH26:37|CBM57:4
YPVAIRFA:0.35135135135135137	SLGYPVAI:0.24324324324324326	PGDYVKAW:0.2702702702702703	PVAIRFAH:0.3783783783783784	DYVKAWRH:0.24324324324324326	NGNRPGDY:0.21621621621621623	AIRFAHEM:0.43243243243243246	IRFAHEMN:0.5405405405405406	GDYVKAWR:0.24324324324324326	DWRIVSSP:0.24324324324324326	VKAWRHVH:0.24324324324324326	WRIVSSPA:0.24324324324324326	PMLGWEPW:0.24324324324324326	LGYPVAIR:0.2702702702702703	GYPVAIRF:0.24324324324324326	RIVSSPAV:0.24324324324324326	VAIRFAHE:0.3783783783783784	KAWRHVHD:0.21621621621621623	YVKAWRHV:0.21621621621621623	RFAHEMNG:0.7837837837837838	MLGWEPWD:0.24324324324324326	GNRPGDYV:0.21621621621621623	KSLGYPVA:0.21621621621621623	VRAWRHVH:0.24324324324324326	GDWYPWCE:0.24324324324324326	FAHEMNGD:0.32432432432432434	NGDWYPWC:0.24324324324324326	EMNGDWYP:0.3783783783783784	AWRHVHDV:0.21621621621621623	RAWRHVHD:0.24324324324324326	IGLIWFEV:0.2702702702702703	AHEMNGDW:0.35135135135135137	HEMNGDWY:0.3783783783783784	WVWSPNAR:0.24324324324324326	WRHVHDVF:0.21621621621621623	VWSPNARW:0.24324324324324326	YVRAWRHV:0.24324324324324326	MNGDWYPW:0.3783783783783784	YPGDDYVD:0.2972972972972973	PGDDYVDW:0.2972972972972973	IIGLIWFE:0.2702702702702703	DIIGLIWF:0.21621621621621623	LRFAHEMN:0.21621621621621623	AHEMNGNW:0.21621621621621623	EMNGNWYP:0.21621621621621623	HEMNGNWY:0.21621621621621623	MNGNWYPW:0.21621621621621623	FAHEMNGN:0.21621621621621623	
