cluster number:53
GH26:11	GH26:11|CBM23:9|CBM27:7
QNDTHHKA:0.36363636363636365	PFHENTGS:0.2727272727272727	KDVTGSIS:0.36363636363636365	YGHQNDTH:0.2727272727272727	YFLLWANF:0.36363636363636365	SDTKDVTG:0.5454545454545454	KLFAVTET:0.2727272727272727	FHENTGSW:0.2727272727272727	GSWFWWGA:0.2727272727272727	LFAVTETG:0.2727272727272727	HQNDTHHK:0.36363636363636365	DTKDVTGS:0.5454545454545454	ENTGSWFW:0.45454545454545453	NSDTKDVT:0.36363636363636365	NTGSWFWW:0.45454545454545453	RPFHENTG:0.36363636363636365	GHQNDTHH:0.36363636363636365	HENTGSWF:0.45454545454545453	TKDVTGSI:0.5454545454545454	VTIPFSSF:0.2727272727272727	FLLWANFG:0.36363636363636365	TGSWFWWG:0.5454545454545454	GKVAAISE:0.2727272727272727	EGAIITLS:0.36363636363636365	THGQELIN:0.2727272727272727	LFGHQNDT:0.2727272727272727	DQVLFGHQ:0.2727272727272727	NFYVPYKY:0.2727272727272727	QVLFGHQN:0.2727272727272727	IYVYSPNG:0.2727272727272727	LFRPFHEN:0.45454545454545453	VHNFIYVY:0.2727272727272727	KGVHNFIY:0.2727272727272727	YVYSPNGP:0.36363636363636365	DGKGQKLV:0.36363636363636365	KPDGKGQK:0.2727272727272727	VLFRPFHE:0.5454545454545454	PDGKGQKL:0.36363636363636365	DIIADYAN:0.2727272727272727	VLFGHQND:0.36363636363636365	FYVPYKYD:0.2727272727272727	GVHNFIYV:0.2727272727272727	PVLFRPFH:0.45454545454545453	YPGDEYVD:0.2727272727272727	PGGDLNEV:0.2727272727272727	YIDNIKLI:0.2727272727272727	
