cluster number:55
GH26:46	GH26:46|CBM35:21|CBM10:9|CBM0:3|3.2.1.78:2|CBM3:2|CBM2:2|GH5_8:1|3.2.1.100:1
VLWRPLHE:0.6086956521739131	LWRPLHEA:0.7391304347826086	PVLWRPLH:0.4782608695652174	WFWWGAKG:0.2391304347826087	VPVLWRPL:0.21739130434782608	IPVLWRPL:0.2608695652173913	RPLHEASG:0.6739130434782609	EASGGWFW:0.5652173913043478	ASGGWFWW:0.5652173913043478	WRPLHEAS:0.6521739130434783	HEASGGWF:0.5652173913043478	LNNLIWVW:0.32608695652173914	SGGWFWWG:0.5869565217391305	PLHEASGG:0.5434782608695652	GGWFWWGA:0.41304347826086957	GWFWWGAK:0.21739130434782608	LHEASGGW:0.5434782608695652	LIWVWNGQ:0.41304347826086957	NLIWVWNG:0.43478260869565216	VTFCWHWN:0.2391304347826087	YPGDEYVD:0.34782608695652173	IVTFCWHW:0.2608695652173913	WYPGDEYV:0.34782608695652173	PGDEYVDI:0.32608695652173914	GIVTFCWH:0.2608695652173913	GGIVTFCW:0.21739130434782608	DWYPGDEY:0.21739130434782608	NNLIWVWN:0.21739130434782608	VITLDELP:0.21739130434782608	
