cluster number:67
GH26:21	GH26:21|GH5_7:1|3.2.1.78:1
PFHEFDGD:0.3333333333333333	EYLERYPG:0.2857142857142857	FDGDWFWW:0.42857142857142855	RPFHEFDG:0.42857142857142855	GDWFWWGK:0.42857142857142855	HEFDGDWF:0.42857142857142855	FRPFHEFD:0.42857142857142855	DGDWFWWG:0.47619047619047616	EFDGDWFW:0.42857142857142855	IFRPFHEF:0.42857142857142855	FHEFDGDW:0.3333333333333333	YLERYPGD:0.38095238095238093	DMVGMDNY:0.3333333333333333	IFRPYHEF:0.3333333333333333	FLERYPGD:0.23809523809523808	ERYPGDEW:0.38095238095238093	PGDEWVDM:0.42857142857142855	YPGDEWVD:0.47619047619047616	TGLESIPN:0.23809523809523808	AFTETGLE:0.8095238095238095	NFIYAFSP:0.5238095238095238	FDGGWFWW:0.3333333333333333	VDMVGMDN:0.3333333333333333	YAFSPDNK:0.23809523809523808	LERYPGDE:0.42857142857142855	LKIVSDYA:0.3333333333333333	KLAAFTET:0.7619047619047619	FTETGLES:0.7142857142857143	LSYVLVWR:0.23809523809523808	AFSPDNKF:0.2857142857142857	KLKIVSDY:0.3333333333333333	MIFRPYHE:0.23809523809523808	GDEWVDMV:0.2857142857142857	DRSDVKSV:0.2857142857142857	FRPYHEFD:0.38095238095238093	RPYHEFDG:0.38095238095238093	EFDGGWFW:0.3333333333333333	EWVDMVGM:0.2857142857142857	HNFIYAFS:0.47619047619047616	YHEFDGGW:0.2857142857142857	PMIFRPYH:0.23809523809523808	IYAFSPDN:0.42857142857142855	TETGLESI:0.6666666666666666	YVLVWRND:0.7142857142857143	SYVLVWRN:0.38095238095238093	FIYAFSPD:0.5238095238095238	VHNFIYAF:0.47619047619047616	DGGWFWWG:0.38095238095238093	ETGLESIP:0.6190476190476191	LAAFTETG:0.7619047619047619	AAFTETGL:0.8095238095238095	WVDMVGMD:0.3333333333333333	HEFDGGWF:0.3333333333333333	RYPGDEWV:0.47619047619047616	HQHATEYG:0.5714285714285714	RLSYVLVW:0.23809523809523808	DEWVDMVG:0.2857142857142857	PYHEFDGG:0.2857142857142857	ATEYGHGW:0.42857142857142855	IPDTTWWT:0.3333333333333333	SIPDTTWW:0.3333333333333333	SPTHYYAP:0.3333333333333333	FTVSYLRD:0.42857142857142855	LESIPDTT:0.3333333333333333	TVSYLRDS:0.23809523809523808	LFGHQHAT:0.42857142857142855	GSHPAVIG:0.42857142857142855	TVAWHFSN:0.23809523809523808	KSVTGSHP:0.2857142857142857	VTGSHPAV:0.3333333333333333	RSDVKSVT:0.2857142857142857	SVTGSHPA:0.2857142857142857	GLESIPDT:0.3333333333333333	SDVKSVTG:0.2857142857142857	TGLESIPD:0.38095238095238093	VSYLRDSL:0.23809523809523808	HATEYGHG:0.42857142857142855	VAWHFSNP:0.23809523809523808	FGHQHATE:0.47619047619047616	ESIPDTTW:0.3333333333333333	AWHFSNPV:0.23809523809523808	QHATEYGH:0.42857142857142855	VKSVTGSH:0.2857142857142857	GHQHATEY:0.47619047619047616	DVKSVTGS:0.2857142857142857	NRSDVKSV:0.2857142857142857	TGSHPAVI:0.23809523809523808	PDTTWWTN:0.23809523809523808	KAGKLAAF:0.23809523809523808	TWWTNTLL:0.23809523809523808	HILFGHQH:0.23809523809523808	WFWWGKPH:0.2857142857142857	TTWWTNTL:0.23809523809523808	ILFGHQHA:0.3333333333333333	AGKLAAFT:0.23809523809523808	HPAVIGVD:0.3333333333333333	GGWFWWGK:0.2857142857142857	PAVIGVDF:0.23809523809523808	VIGVDFSG:0.23809523809523808	GKLAAFTE:0.3333333333333333	GWFWWGKP:0.2857142857142857	DTTWWTNT:0.23809523809523808	VTTVAWHF:0.2857142857142857	GVTTVAWH:0.2857142857142857	SHPAVIGV:0.3333333333333333	AVIGVDFS:0.23809523809523808	LAYVLVWR:0.23809523809523808	AYVLVWRN:0.23809523809523808	EFLERYPG:0.23809523809523808	RGGVTTVA:0.23809523809523808	GGVTTVAW:0.23809523809523808	THYYAPYP:0.23809523809523808	HYYAPYPG:0.23809523809523808	
