cluster number:13
GH26:28	GH26:28|CBM23:19|CBM59:13|CBM27:10|CBM54:9|CBM0:2|3.2.1.78:1
YTVEYLRD:0.6785714285714286	ILFGHQHA:0.32142857142857145	GYSPQGMK:0.21428571428571427	GNLFVPYK:0.25	AYMQTWAN:0.25	YMQTWANF:0.39285714285714285	GDHELLPD:0.5	RPFHEQNG:0.42857142857142855	NGNLFVPY:0.25	FRPFHEQN:0.42857142857142855	PAIFGWDT:0.21428571428571427	NLFVPYKN:0.25	LGDHELLP:0.42857142857142855	LYRYTVEY:0.35714285714285715	LGMDQYDN:0.25	YRYTVEYL:0.6071428571428571	LFGHQHAT:0.2857142857142857	HELLPDFI:0.32142857142857145	DHELLPDF:0.5357142857142857	LFVPYKNA:0.25	RYTVEYLR:0.7142857142857143	PGDDYVDI:0.4642857142857143	YPGDDYVD:0.6428571428571429	NGGWFWWG:0.42857142857142855	GTGGVPNG:0.21428571428571427	HEQNGGWF:0.39285714285714285	MQTWANFG:0.32142857142857145	GWDTLSLE:0.32142857142857145	FGWDTLSL:0.5714285714285714	FHEQNGGW:0.39285714285714285	QNGGWFWW:0.39285714285714285	PNGLGDHE:0.32142857142857145	DDYVDILG:0.39285714285714285	WDTLSLEG:0.32142857142857145	EQNGGWFW:0.39285714285714285	LADSKGKI:0.35714285714285715	VEYLRDKK:0.25	DGTGGVPN:0.21428571428571427	DWDTKYGM:0.25	VPYKNAPN:0.25	QTWANFGL:0.2857142857142857	TVEYLRDK:0.25	NGLGDHEL:0.32142857142857145	NDGTGGVP:0.21428571428571427	APNGLGDH:0.32142857142857145	ADSKGKIA:0.4642857142857143	HILPGGDK:0.21428571428571427	EILFGHQH:0.25	GDDYVDIL:0.39285714285714285	NAPNGLGD:0.32142857142857145	GGWFWWGA:0.5714285714285714	ILPGGDKH:0.21428571428571427	TYPGDDYV:0.5357142857142857	PFHEQNGG:0.2857142857142857	GWFWWGAK:0.21428571428571427	GLGDHELL:0.32142857142857145	FWWGAKTT:0.21428571428571427	TGGVPNGG:0.21428571428571427	WFWWGAKT:0.21428571428571427	TWANFGLN:0.32142857142857145	IAALTEYG:0.25	KIAALTEY:0.25	GKIAALTE:0.25	SKGKIAAL:0.25	QELKLELT:0.21428571428571427	ELYRYTVE:0.32142857142857145	KGKIAALT:0.25	DSKGKIAA:0.35714285714285715	WQELKLEL:0.25	ARLYVKTG:0.21428571428571427	PMTLDAEG:0.21428571428571427	IYRYTVEY:0.25	HMPNFVTG:0.2857142857142857	KGVHNFLY:0.21428571428571427	FEAYPSLA:0.25	IFRPFHEQ:0.5357142857142857	VIFRPFHE:0.42857142857142855	PVIFRPFH:0.42857142857142855	YMLTWANF:0.32142857142857145	FLYAFSPG:0.2857142857142857	LETYPGDD:0.21428571428571427	AFTEFGYS:0.21428571428571427	MPNFVTGG:0.21428571428571427	AYMLTWAN:0.21428571428571427	ETYPGDDY:0.25	KGKIAAFT:0.25	GKIAAFTE:0.25	IPVIFRPF:0.42857142857142855	NFLYAFSP:0.35714285714285715	EIYRYTVE:0.21428571428571427	FRPFHEQT:0.21428571428571427	LFGQQHAT:0.2857142857142857	EYLRDVKG:0.21428571428571427	GSTESEVK:0.21428571428571427	TVEYLRDV:0.21428571428571427	RPFHEQTG:0.21428571428571427	GQQHATDE:0.2857142857142857	FGQQHATD:0.2857142857142857	QQHATDEG:0.25	STESEVKN:0.21428571428571427	VEYLRDVK:0.21428571428571427	VLFGQQHA:0.21428571428571427	FGLNGNLF:0.21428571428571427	NFGLNGNL:0.21428571428571427	FVPYKNAP:0.21428571428571427	SKLADSKG:0.21428571428571427	GLNGNLFV:0.21428571428571427	ANFGLNGN:0.21428571428571427	KLADSKGK:0.21428571428571427	WANFGLNG:0.21428571428571427	LNGNLFVP:0.21428571428571427	YLRDVKGV:0.25	VTGGDFYD:0.21428571428571427	NFVTGGDF:0.21428571428571427	FVTGGDFY:0.21428571428571427	LFGWDTLS:0.21428571428571427	
