cluster number:20
GH106:21	GH106:21
VLPDGMSY:0.2857142857142857	GRIVLPDG:0.23809523809523808	AFCEGINR:0.47619047619047616	NGRIVLPD:0.23809523809523808	KPGYEYGA:0.23809523809523808	DRAFCEGI:0.38095238095238093	DVLYYNGD:0.23809523809523808	PSGLLGPV:0.5238095238095238	GWCMGGPW:0.38095238095238093	GYEYGAGT:0.3333333333333333	DSFEDGFP:0.42857142857142855	WCMGGPWI:0.38095238095238093	GKPGYEYG:0.23809523809523808	YGAGTHFN:0.38095238095238093	EDGFPNWT:0.42857142857142855	WPNRLIGD:0.47619047619047616	VNLWPNRL:0.23809523809523808	PGYEYGAG:0.3333333333333333	SFEDGFPN:0.42857142857142855	LLPSGLLG:0.42857142857142855	LWPNRLIG:0.38095238095238093	FDPAWGGP:0.23809523809523808	GAGTHFNP:0.3333333333333333	VVNLWPNR:0.2857142857142857	GYDYDVCN:0.38095238095238093	YEYGAGTH:0.3333333333333333	DDSFEDGF:0.38095238095238093	NLWPNRLI:0.47619047619047616	LPSGLLGP:0.42857142857142855	DGKPGYEY:0.3333333333333333	RTGHRMTG:0.42857142857142855	RAFCEGIN:0.38095238095238093	FEDGFPNW:0.42857142857142855	EYGAGTHF:0.38095238095238093	HTSTATRP:0.2857142857142857	AGTHFNPN:0.42857142857142855	ADVLYYNG:0.23809523809523808	HPESGGPH:0.2857142857142857	FNPNVTWW:0.38095238095238093	ASAAHIYG:0.3333333333333333	GTHFNPNV:0.38095238095238093	PLLPSGLL:0.3333333333333333	VFNPPGYK:0.23809523809523808	HFNPNVTW:0.38095238095238093	AGPSRSGT:0.2857142857142857	DGFPNWTE:0.23809523809523808	THFNPNVT:0.38095238095238093	QNKVTKMV:0.23809523809523808	VRTGHRMT:0.23809523809523808	GQNKVTKM:0.3333333333333333	TGHRMTGS:0.3333333333333333	PNRLIGDA:0.2857142857142857	YDVCNEEV:0.23809523809523808	DVCNEEVL:0.23809523809523808	KGYDYDVC:0.2857142857142857	NRLIGDAA:0.2857142857142857	GKGYDYDV:0.2857142857142857	IDFIHRTT:0.23809523809523808	RLIGDAAL:0.2857142857142857	LGKGYDYD:0.23809523809523808	DYDVCNEE:0.23809523809523808	YDYDVCNE:0.23809523809523808	VCNEEVLL:0.23809523809523808	LIGDAALP:0.2857142857142857	AAGPSRSG:0.23809523809523808	SGWCMGGP:0.23809523809523808	LKNLGRSD:0.23809523809523808	YFCDDSFE:0.23809523809523808	FCDDSFED:0.23809523809523808	CYWWWFNG:0.2857142857142857	QNEAAGPS:0.23809523809523808	CDDSFEDG:0.23809523809523808	NEAAGPSR:0.23809523809523808	SSGWCMGG:0.23809523809523808	GHRMTGSK:0.23809523809523808	YWWWFNGL:0.2857142857142857	EAAGPSRS:0.23809523809523808	NRFLYDFR:0.2857142857142857	IHPESGGP:0.23809523809523808	
