cluster number:0
GH95:724	GH95:724|CBM13:9|CBM2:6|CBM6:5|CE6:3|3.2.1.-:2|CE8:2|CBM32:2|GH43_18:1|GH1:1|GH43:1|GH29:1
QPANLQGI:0.3342541436464088	LFDAHPPF:0.2941988950276243	NTEMNYWP:0.2154696132596685	FQIDGNFG:0.7361878453038674	QIDGNFGG:0.3287292817679558	FDAHPPFQ:0.3453038674033149	IDGNFGGT:0.20994475138121546	FGRYLLIS:0.2223756906077348	PNLFDAHP:0.23480662983425415	AHPPFQID:0.5718232044198895	RYLLISSS:0.3687845303867403	GRYLLISS:0.3701657458563536	YLLISSSR:0.25828729281767954	NLFDAHPP:0.2941988950276243	INTEMNYW:0.2596685082872928	NINTEMNY:0.2596685082872928	PANLQGIW:0.5455801104972375	HPPFQIDG:0.8162983425414365	ANLQGIWN:0.5220994475138122	EMNYWPAE:0.212707182320442	PFQIDGNF:0.7472375690607734	PPFQIDGN:0.8411602209944752	DAHPPFQI:0.40607734806629836	QFGRYLLI:0.21685082872928177	RHVSHLYG:0.2610497237569061	QYGRYLLI:0.23066298342541436	HRHVSHLY:0.3383977900552486	NLQGIWND:0.2610497237569061	HVSHLYGL:0.23895027624309392	NGRLGAMV:0.34806629834254144	TQPANLQG:0.21685082872928177	YPNLFDAH:0.23204419889502761	GNGRLGAM:0.4350828729281768	GRLGAMVF:0.20303867403314918	RLGAMVFG:0.20303867403314918	
