cluster number:2
CBM61:37	CBM61:37|GH53:37|CBM32:3|CBM60:1|CBM47:1
GWKTGEGN:0.32432432432432434	GAGWKTGE:0.35135135135135137	DMVQVGNE:0.35135135135135137	SDWWADPG:0.24324324324324326	YSDWWADP:0.21621621621621623	NGFLWPDG:0.24324324324324326	PYWHGTLE:0.2702702702702703	NNGFLWPD:0.24324324324324326	SYYPYWHG:0.7297297297297297	GVSYYPYW:0.35135135135135137	AGWKTGEG:0.35135135135135137	YYPYWHGT:0.3783783783783784	VSYYPYWH:0.35135135135135137	IGVSYYPY:0.35135135135135137	YPYWHGTL:0.43243243243243246	PDMVQVGN:0.32432432432432434	DFDVIGVS:0.21621621621621623	GNPLGGGN:0.2972972972972973	LLDFHYSD:0.6756756756756757	DNQAMFDF:0.4594594594594595	GALPDMVQ:0.24324324324324326	ALPDMVQV:0.24324324324324326	FDVIGVSY:0.21621621621621623	MVQVGNEV:0.2702702702702703	WDNQAMFD:0.4864864864864865	KVLLDFHY:0.4864864864864865	LPDMVQVG:0.2702702702702703	VQVGNEVN:0.2702702702702703	GLGIFYWE:0.2972972972972973	ETAYAWTL:0.24324324324324326	FDFSGNAL:0.21621621621621623	VIGVSYYP:0.21621621621621623	DVIGVSYY:0.21621621621621623	VLLDFHYS:0.5405405405405406	DMVQIGNE:0.5405405405405406	SDFWVDPG:0.2972972972972973	GNVSWATQ:0.2702702702702703	PDMVQIGN:0.5405405405405406	QLYIKNYG:0.21621621621621623	IMLHLADG:0.32432432432432434	YGAGTNDL:0.2972972972972973	QIGNELNS:0.32432432432432434	LWYNGNVS:0.35135135135135137	NYVRLRLW:0.32432432432432434	NSGMLWPY:0.2702702702702703	MLHLADGG:0.43243243243243246	LHLADGGD:0.3783783783783784	HYSDFWVD:0.2972972972972973	MLWPYGKS:0.2702702702702703	FWVDPGKQ:0.2972972972972973	LYIKNYGG:0.2702702702702703	EPLWYNGN:0.2972972972972973	TPIMLHLA:0.21621621621621623	PIMLHLAD:0.21621621621621623	NVSWATQA:0.2702702702702703	DFWVDPGK:0.2972972972972973	LWPYGKSW:0.2702702702702703	MVQIGNEL:0.32432432432432434	PLWYNGNV:0.2972972972972973	IGNELNSG:0.32432432432432434	GKQNLPKA:0.2702702702702703	WEPLWYNG:0.2972972972972973	FHYSDFWV:0.2972972972972973	KQNLPKAW:0.2702702702702703	GFFYWEPL:0.2972972972972973	DPGKQNLP:0.2702702702702703	ELNSGMLW:0.32432432432432434	SGMLWPYG:0.2702702702702703	YSDFWVDP:0.2972972972972973	NGNVSWAT:0.35135135135135137	PGKQNLPK:0.2702702702702703	YPDMVQIG:0.32432432432432434	VDPGKQNL:0.24324324324324326	LNSGMLWP:0.32432432432432434	LKVLLDFH:0.32432432432432434	GMLWPYGK:0.2702702702702703	GNELNSGM:0.32432432432432434	GLKVLLDF:0.32432432432432434	FYWEPLWY:0.2972972972972973	VSWATQAG:0.2702702702702703	GVNYVRLR:0.2702702702702703	YNGNVSWA:0.35135135135135137	FFYWEPLW:0.2972972972972973	VQIGNELN:0.32432432432432434	LDFHYSDF:0.5405405405405406	YWEPLWYN:0.2972972972972973	VNYVRLRL:0.2972972972972973	WYNGNVSW:0.35135135135135137	NELNSGML:0.32432432432432434	DFHYSDFW:0.6216216216216216	NGVNYVRL:0.2702702702702703	SWATQAGM:0.2702702702702703	WVDPGKQN:0.2972972972972973	WPYGKSWG:0.2702702702702703	YYPYWHGS:0.21621621621621623	DFWADPGK:0.32432432432432434	FWADPGKQ:0.32432432432432434	FHYSDFWA:0.32432432432432434	NQAMFDFN:0.21621621621621623	SDFWADPG:0.32432432432432434	QAMFDFNG:0.21621621621621623	HYSDFWAD:0.32432432432432434	YSDFWADP:0.32432432432432434	
