cluster number:4
CBM61:11	CBM61:11|GH43_37:9|CBM35:3|3.2.1.99:2|GH0:1
SSTDLVNW:0.2727272727272727	RWSDFAGN:0.5454545454545454	DRWSDFAG:0.5454545454545454	STDLVNWT:0.2727272727272727	LPNGTYTL:0.2727272727272727	YGVKYNGA:0.36363636363636365	NDVFWKDT:0.45454545454545453	YSSTDLVN:0.2727272727272727	SDLHGWNA:0.5454545454545454	TYYWYGVK:0.2727272727272727	GNAMFKYN:0.2727272727272727	CYSSTDLV:0.2727272727272727	GVKYNGAV:0.36363636363636365	GDRWSDFA:0.5454545454545454	GGREGNAM:0.36363636363636365	TCYSSTDL:0.2727272727272727	LHGWNASH:0.45454545454545453	KYNGAVTY:0.2727272727272727	TDLVNWTF:0.2727272727272727	VKYNGAVT:0.2727272727272727	GNPIYSQG:0.45454545454545453	GREGNAMF:0.5454545454545454	DLHGWNAS:0.5454545454545454	NAMFKYNG:0.2727272727272727	NPIYSQGG:0.45454545454545453	SSDLHGWN:0.5454545454545454	YWYGVKYN:0.36363636363636365	WSDFAGNG:0.5454545454545454	EGNAMFKY:0.2727272727272727	REGNAMFK:0.5454545454545454	YYWYGVKY:0.36363636363636365	WYGVKYNG:0.36363636363636365	YFCSSDLH:0.36363636363636365	EADRVSQT:0.2727272727272727	FSHVTQTG:0.2727272727272727	SKDLVNWK:0.36363636363636365	DLVNWKFE:0.36363636363636365	CSSDLHGW:0.45454545454545453	VFWKDTSG:0.36363636363636365	IYSQGGGV:0.45454545454545453	YSSKDLVN:0.36363636363636365	SSKDLVNW:0.36363636363636365	HVTQTGFF:0.2727272727272727	KDLVNWKF:0.36363636363636365	YSQGGGVL:0.2727272727272727	YYFCSSDL:0.36363636363636365	FCSSDLHG:0.36363636363636365	QNDVFWKD:0.2727272727272727	FWKDTSGN:0.45454545454545453	DVFWKDTS:0.36363636363636365	DLHGWNTS:0.2727272727272727	SHVTQTGF:0.2727272727272727	SDLHGWNT:0.2727272727272727	DFSHVTQT:0.2727272727272727	FGDTYYWY:0.2727272727272727	GDQTVFTD:0.2727272727272727	NGIGYNQW:0.5454545454545454	PIYSQGGG:0.36363636363636365	ASDLHGWN:0.2727272727272727	DQTVFTDD:0.2727272727272727	IGYNQWVP:0.36363636363636365	GDTYYWYG:0.2727272727272727	LVNWKFEN:0.2727272727272727	TYYWYGVH:0.2727272727272727	YYWYGVHY:0.2727272727272727	SGNPIYSQ:0.36363636363636365	GIGYNQWV:0.36363636363636365	DTYYWYGV:0.2727272727272727	YSQGGGVF:0.2727272727272727	TSGNPIYS:0.36363636363636365	DTSGNPIY:0.36363636363636365	DFAGNGIG:0.36363636363636365	FGGDRWSD:0.2727272727272727	AWVKSSGG:0.2727272727272727	WKDTSGNP:0.2727272727272727	YTLSAWVK:0.2727272727272727	WNASHTYC:0.2727272727272727	SAGGREGN:0.2727272727272727	WVKSSGGQ:0.36363636363636365	SDFAGNGI:0.36363636363636365	FAGNGIGY:0.36363636363636365	SSAGGREG:0.2727272727272727	HGWNASHT:0.2727272727272727	GNGIGYNQ:0.36363636363636365	AGNGIGYN:0.36363636363636365	GWNASHTY:0.2727272727272727	GGDRWSDF:0.2727272727272727	
