cluster number:9
GH141:12	GH141:12|CBM9:1
IAIYLDEG:0.3333333333333333	GGAIYNLS:0.3333333333333333	GYANQQSG:0.25	IYLDEGSK:0.3333333333333333	AIYLDEGS:0.3333333333333333	DGGAIYNL:0.3333333333333333	YANQQSGA:0.25	AHHPSRPE:0.3333333333333333	GYYDQPGN:0.3333333333333333	AGGAIMVG:0.25	GQIALGIG:0.5833333333333334	IYHLSADP:0.5	GGAIYHLS:0.5	EGSRYVTV:0.25	EQAAILVT:0.3333333333333333	IDVGWGWG:0.4166666666666667	PYDGIDVG:0.4166666666666667	GIDVGWGW:0.4166666666666667	FTDLAGGA:0.25	GPEGYASQ:0.25	WGVNDPGG:0.25	RDCSWGCW:0.25	RGYYDQPG:0.3333333333333333	DGGAIYHL:0.5	QPAAVQVA:0.3333333333333333	DGIDVGWG:0.4166666666666667	ADPGALIA:0.4166666666666667	REQAAILV:0.25	AIYHLSAD:0.5	WGWGVNDP:0.25	DTPTILRD:0.25	TDLAGGAI:0.25	DLAGGAIM:0.4166666666666667	YASQQSGA:0.3333333333333333	DPGALIAE:0.3333333333333333	WFPDGGAI:0.4166666666666667	PSGPEGYA:0.25	QIALGIGN:0.5	AILVTYAT:0.25	GYASQQSG:0.5	YLDEGSRY:0.4166666666666667	LSADPGAL:0.4166666666666667	SGPEGYAS:0.25	QAAILVTY:0.3333333333333333	HLSADPGA:0.4166666666666667	GSRYVTVR:0.25	PGALIAEN:0.3333333333333333	QQPAAVQV:0.3333333333333333	LDEGSRYV:0.3333333333333333	YDGIDVGW:0.4166666666666667	PEGYASQQ:0.25	TPYDGIDV:0.25	FPDGGAIY:0.4166666666666667	YDTPTILR:0.25	GGAIMVGG:0.25	YREQAAIL:0.25	GAIYHLSA:0.5	LAGGAIMV:0.25	LGQIALGI:0.5833333333333334	DEGSRYVT:0.3333333333333333	YHLSADPG:0.5	GWGWGVND:0.25	QPGWRNNL:0.4166666666666667	AAILVTYA:0.3333333333333333	PDGGAIYH:0.4166666666666667	SADPGALI:0.4166666666666667	EGYASQQS:0.3333333333333333	GWGVNDPG:0.25	GWGWGYND:0.25	TPTTLRDT:0.25	AAVQVAAA:0.3333333333333333	RLFLVNAL:0.4166666666666667	QLGQIALG:0.5	IYNLSANP:0.25	TQLGQIAL:0.25	AIYNLSAN:0.25	TTLRDTVV:0.25	YLDEGSKH:0.25	AVQVAAAR:0.25	GAIYNLSA:0.25	FTQLGQIA:0.25	SDAPYDGI:0.25	PTTLRDTV:0.25	PAAVQVAA:0.3333333333333333	PIRDCSWG:0.25	IYLDEGSR:0.3333333333333333	SWFTHRHA:0.25	WRNNLVGY:0.3333333333333333	DTPTTLRD:0.25	NNLVGYDT:0.3333333333333333	QQPGWRNN:0.4166666666666667	LVNALAFL:0.25	MSWFTHRH:0.25	VNALAFLR:0.25	EGMSWFTH:0.25	AILVTYAS:0.25	GGAIMAGG:0.3333333333333333	AGGAIMAG:0.3333333333333333	DPIRDCSW:0.25	SQLGQIAL:0.25	LFLVNALA:0.25	GMSWFTHR:0.25	LAGGAIMA:0.25	FSQLGQIA:0.25	GAIMAGGV:0.25	IGIYLDEG:0.3333333333333333	PGWRNNLV:0.3333333333333333	GGVWLNLN:0.25	VARLFLVN:0.25	FLVNALAF:0.25	ARLFLVNA:0.3333333333333333	FTHRHAMV:0.25	VKQWFPDG:0.3333333333333333	IRDCSWGC:0.25	THRHAMVD:0.25	QWFPDGGA:0.3333333333333333	GALIAENY:0.25	GIYLDEGS:0.3333333333333333	RVKQWFPD:0.25	GWRNNLVG:0.3333333333333333	ILVTYASG:0.25	MQQPGWRN:0.4166666666666667	RFSQLGQI:0.25	KQWFPDGG:0.3333333333333333	RNNLVGYD:0.3333333333333333	YDTPTTLR:0.25	WFTHRHAM:0.25	ANDSGIGL:0.25	DANDSGIG:0.25	RIEGDRIV:0.25	RIVMQQPG:0.3333333333333333	DRIVMQQP:0.3333333333333333	NDSGIGLG:0.25	EGDRIVMQ:0.25	IVMQQPGW:0.3333333333333333	DAHHPSRP:0.25	VMQQPGWR:0.3333333333333333	IEGDRIVM:0.25	GDRIVMQQ:0.3333333333333333	IALGIGNN:0.25	ALGIGNNP:0.25	
