cluster number:29
AA3:36	AA3:34|AA3_2:2
RAGTLGGC:0.3055555555555556	VLDSKFRV:0.5	VGSGPGGG:0.2777777777777778	QLLKLSGI:0.3333333333333333	KLSGIGPA:0.25	PRAGTLGG:0.3055555555555556	VVGSGPGG:0.2222222222222222	LDSKFRVR:0.4722222222222222	YEYIVVGS:0.3333333333333333	LKLSGIGP:0.6388888888888888	YPRAGTLG:0.3055555555555556	PQLLKLSG:0.3055555555555556	LLKLSGIG:0.3333333333333333	AVLDSKFR:0.5	DSKFRVRG:0.4722222222222222	EYIVVGSG:0.3333333333333333	SKFRVRGV:0.4722222222222222	VDASVFPK:0.2777777777777778	VGSGAGGG:0.5277777777777778	RVVDASVF:0.4444444444444444	ASVFPKIP:0.2777777777777778	VVGSGAGG:0.5	GLRVVDAS:0.6388888888888888	VVDASVFP:0.4444444444444444	GSGAGGGP:0.4444444444444444	SVFPKIPG:0.2777777777777778	LRVVDASV:0.6944444444444444	DASVFPKI:0.2777777777777778	ILKLSGIG:0.2222222222222222	MAVLDSKF:0.3055555555555556	PQILKLSG:0.25	QILKLSGI:0.2222222222222222	RSADPLDV:0.2222222222222222	TLLIEAGD:0.3055555555555556	LLIEAGDD:0.3055555555555556	YIVVGSGA:0.3055555555555556	LRSADPLD:0.3333333333333333	SADPLDVP:0.2222222222222222	IVVGSGAG:0.3055555555555556	KLSGIGPK:0.2777777777777778	LIEAGDDQ:0.2222222222222222	SGAGGGPL:0.3333333333333333	GAGGGPLA:0.3333333333333333	DLPGVGTN:0.2777777777777778	VDLPGVGT:0.2222222222222222	GGGPLAAR:0.2222222222222222	GPLAARLA:0.2222222222222222	GGPLAARL:0.2222222222222222	AGGGPLAA:0.2222222222222222	
