cluster number:48
GT31:13	GT31:13
GPLRRKDE:0.23076923076923078	YMAYGGAG:0.23076923076923078	LGPLRRKD:0.23076923076923078	DASGFFES:0.23076923076923078	ASGFFESG:0.23076923076923078	SGRPLPLS:0.23076923076923078	SVHHWKSW:0.5384615384615384	GYMAYGGA:0.23076923076923078	DSLDAFAH:0.23076923076923078	FAHWAGGT:0.23076923076923078	SLDAFAHW:0.3076923076923077	ESGRPLPL:0.23076923076923078	VHHWKSWF:0.5384615384615384	GDASGFFE:0.23076923076923078	YGGAGIFL:0.3076923076923077	RGDASGFF:0.23076923076923078	GAGIFLSI:0.23076923076923078	GGAGIFLS:0.23076923076923078	QLDLRGDA:0.23076923076923078	AGIFLSIP:0.23076923076923078	LDLRGDAS:0.23076923076923078	GIFLSIPL:0.23076923076923078	SGFFESGR:0.3076923076923077	LSVHHWKS:0.5384615384615384	LRGDASGF:0.23076923076923078	AYGGAGIF:0.3076923076923077	LDAFAHWA:0.3076923076923077	MAYGGAGI:0.3076923076923077	DAFAHWAG:0.23076923076923078	PLSVHHWK:0.46153846153846156	DLRGDASG:0.23076923076923078	ASHIDFGV:0.3076923076923077	HIDFGVAT:0.3076923076923077	RLNESLDA:0.23076923076923078	IFALIEPD:0.23076923076923078	WILTNGFS:0.23076923076923078	FGGAGVFL:0.46153846153846156	CGDSCLLR:0.3076923076923077	ADSLGINL:0.23076923076923078	IIDDDTFF:0.3076923076923077	KSWFHADM:0.23076923076923078	HHWKSWFH:0.38461538461538464	ILTNGFSV:0.23076923076923078	LNESLDAF:0.23076923076923078	IDDDTFFL:0.3076923076923077	DGWILTNG:0.23076923076923078	GDSCLLRK:0.23076923076923078	HWKSWFHA:0.23076923076923078	DDTFFLSM:0.3076923076923077	GFGGAGVF:0.38461538461538464	CIIDDDTF:0.23076923076923078	KADSLGIN:0.23076923076923078	GWILTNGF:0.23076923076923078	GGAGVFLS:0.5384615384615384	GLSESIPQ:0.23076923076923078	SHIDFGVA:0.3076923076923077	DDDTFFLS:0.38461538461538464	WKSWFHAD:0.23076923076923078	RIFALIEP:0.23076923076923078	GGLSESIP:0.23076923076923078	DASHIDFG:0.3076923076923077	DDDTFFPS:0.46153846153846156	DDTFFPSM:0.23076923076923078	LSLHHWKS:0.23076923076923078	SLHHWKSW:0.23076923076923078	LDDDTFFP:0.3076923076923077	DDTFFPSL:0.23076923076923078	CGDCFLQR:0.23076923076923078	VCGDCFLQ:0.23076923076923078	DFGVATTL:0.23076923076923078	MGFGGAGV:0.3076923076923077	GLMGFGGA:0.3076923076923077	PPLSVHHW:0.23076923076923078	GVFLSRPL:0.3076923076923077	LMGFGGAG:0.3076923076923077	RISLCIYQ:0.23076923076923078	GAGVFLSR:0.3076923076923077	DRRISLCI:0.23076923076923078	RRISLCIY:0.23076923076923078	FGLMGFGG:0.3076923076923077	TGDRRISL:0.3076923076923077	GDRRISLC:0.3076923076923077	AGVFLSRP:0.3076923076923077	
