cluster number:4
GT31:53	GT31:53
MQQSICYD:0.32075471698113206	YPALYGSD:0.2830188679245283	ALYGSDDR:0.2830188679245283	LYGSDDRI:0.32075471698113206	GFHQYDVY:0.33962264150943394	RSPRRNCC:0.22641509433962265	AIRISRIV:0.32075471698113206	DRIQACMA:0.22641509433962265	ADYTAYAF:0.33962264150943394	YGGGGFAI:0.49056603773584906	LNWYRRAD:0.32075471698113206	RADYTAYA:0.3018867924528302	GLLAAHPV:0.2641509433962264	NWYRRADY:0.32075471698113206	PRRNCCRV:0.3018867924528302	SPRRNCCR:0.20754716981132076	VVFGIAAS:0.2830188679245283	IQACMAEL:0.22641509433962265	TAYAFNTR:0.32075471698113206	MGDDDTVF:0.6226415094339622	GMAYGGGG:0.2830188679245283	ACMAELGV:0.4716981132075472	MAYGGGGF:0.49056603773584906	RIQACMAE:0.22641509433962265	YGSDDRIQ:0.20754716981132076	SLSESHLQ:0.24528301886792453	IGSLSESH:0.24528301886792453	DYTAYAFN:0.33962264150943394	CMAELGVP:0.4716981132075472	TFLNWYRR:0.32075471698113206	SYGMAYGG:0.2830188679245283	FVMGDDDT:0.6037735849056604	WFVMGDDD:0.6037735849056604	HRSAIRIS:0.2830188679245283	GDDDTVFF:0.2830188679245283	YGMAYGGG:0.2830188679245283	YIGSLSES:0.24528301886792453	SPREMEMP:0.20754716981132076	FSYGMAYG:0.24528301886792453	HVVFGIAA:0.2830188679245283	PALYGSDD:0.2830188679245283	FHQYDVYG:0.33962264150943394	YYIGSLSE:0.24528301886792453	RWFVMGDD:0.5660377358490566	YTAYAFNT:0.33962264150943394	SDDRIQAC:0.24528301886792453	GHRSAIRI:0.3018867924528302	RTFLNWYR:0.37735849056603776	AYGGGGFA:0.49056603773584906	ELGVPLTK:0.4716981132075472	ISRIVSET:0.32075471698113206	WYRRADYT:0.3018867924528302	RRADYTAY:0.2830188679245283	RYPALYGS:0.2830188679245283	LSESHLQN:0.24528301886792453	GSLSESHL:0.24528301886792453	FLNWYRRA:0.32075471698113206	AELGVPLT:0.5283018867924528	GSDDRIQA:0.22641509433962265	RSAIRISR:0.32075471698113206	GGGGFAIS:0.660377358490566	VRWFVMGD:0.5283018867924528	QACMAELG:0.41509433962264153	MAELGVPL:0.4716981132075472	IRISRIVS:0.2830188679245283	VFGIAASS:0.3018867924528302	AYAFNTRP:0.32075471698113206	SAIRISRI:0.32075471698113206	SESHLQNI:0.3584905660377358	YRRADYTA:0.2830188679245283	VMGDDDTV:0.6037735849056604	RISRIVSE:0.37735849056603776	DDRIQACM:0.24528301886792453	LVSLHHLD:0.33962264150943394	GGGFAISY:0.4716981132075472	AFGGGGFA:0.20754716981132076	MAFGGGGF:0.20754716981132076	PLVSLHHL:0.37735849056603776	GDDDTVFV:0.22641509433962265	FAISYPLA:0.41509433962264153	LGVPLTKE:0.39622641509433965	DVRWFVMG:0.22641509433962265	QDRCIQRY:0.2641509433962264	DRCIQRYP:0.24528301886792453	GFAISYPL:0.41509433962264153	HIVFGIAA:0.22641509433962265	LYGSDDRM:0.20754716981132076	SLHHLDVV:0.20754716981132076	APLVSLHH:0.24528301886792453	GGFAISYP:0.4339622641509434	VSLHHLDV:0.20754716981132076	EMPSRTFL:0.24528301886792453	YAFNTRPV:0.2641509433962264	PSRTFLNW:0.24528301886792453	QQSICYDK:0.24528301886792453	MPSRTFLN:0.24528301886792453	IVFGIAAS:0.22641509433962265	AHPVAPLV:0.20754716981132076	MQDRCIQR:0.2641509433962264	SRTFLNWY:0.22641509433962265	KMQDRCIQ:0.20754716981132076	WTVSVSWG:0.24528301886792453	HLDVVEPI:0.20754716981132076	HHLDVVEP:0.20754716981132076	DVVEPIFP:0.20754716981132076	VVEPIFPN:0.20754716981132076	AISYPLAK:0.20754716981132076	LDVVEPIF:0.20754716981132076	FNTRPVSR:0.20754716981132076	VFGIAASA:0.22641509433962265	
