cluster number:14
GT31:55	GT31:55|2.4.1.-:2|2.4.1.149:2
PIDDVYTG:0.3090909090909091	FLLLAIKS:0.2727272727272727	KDLFIGDV:0.2	YRDTFFNL:0.2	LLLAIKSL:0.2727272727272727	KAKDLFIG:0.2	RQAIRESW:0.2545454545454545	DVYTGMCL:0.2909090909090909	LPDRFKDF:0.21818181818181817	YAGGGGFL:0.509090909090909	PFLLLAIK:0.2545454545454545	KPFLLLAI:0.2	DDDVFVNT:0.4	FKGDDDVF:0.6727272727272727	GGGFLYSG:0.23636363636363636	RRQAIRES:0.2545454545454545	YPPYAGGG:0.5454545454545454	PPYAGGGG:0.5454545454545454	AKDLFIGD:0.2	QAIRESWG:0.2545454545454545	DLFIGDVI:0.21818181818181817	YPIDDVYT:0.2727272727272727	GGGGFLYS:0.23636363636363636	DDVYTGMC:0.3090909090909091	GDDDVFVN:0.4909090909090909	VFKGDDDV:0.2	AGGGGFLY:0.23636363636363636	PYAGGGGF:0.4727272727272727	KGDDDVFV:0.6545454545454545	IDDVYTGM:0.3090909090909091	LYPIDDVY:0.3090909090909091	FFNLTLKE:0.6363636363636364	TFFNLTLK:0.509090909090909	HCRYFPML:0.2	RHCRYFPM:0.23636363636363636	FNLTLKEV:0.23636363636363636	DTFFNLTL:0.509090909090909	FIFKGDDD:0.3090909090909091	IFKGDDDV:0.4727272727272727	YRHCRYFP:0.2	LTLKEIHF:0.2545454545454545	FLGMCLEV:0.2	IDDVFLGM:0.4727272727272727	LYPIDDVF:0.2	SFFNLTLK:0.21818181818181817	DVFLGMCL:0.4727272727272727	FNLTLKEI:0.2909090909090909	PIDDVFLG:0.4727272727272727	VFLGMCLE:0.21818181818181817	NLTLKEIH:0.2545454545454545	TLKEIHFL:0.2545454545454545	DSFFNLTL:0.21818181818181817	AGGGGFLM:0.2	DDVFLGMC:0.4727272727272727	ELYPIDDV:0.2	GDILQWDF:0.23636363636363636	EGFKTFGI:0.2	HEGFKTFG:0.2	YGDILQWD:0.23636363636363636	ELFPIDDV:0.2727272727272727	LFPIDDVF:0.2909090909090909	FPIDDVFL:0.3090909090909091	FDRRQAIR:0.2	VELFPIDD:0.23636363636363636	YAGGGGFV:0.2	
