cluster number:28
GT31:61	GT31:61|2.4.1.222:4
WFATGGAG:0.9180327868852459	LPDDCTVG:0.26229508196721313	ATGGAGFC:0.9016393442622951	TGGAGFCI:0.7049180327868853	HFWFATGG:0.29508196721311475	RLPDDCTV:0.2459016393442623	HCLLYPDT:0.4426229508196721	FHSHLENL:0.5737704918032787	FWFATGGA:0.9180327868852459	WFCHVDDD:0.8524590163934426	GAGFCISR:0.5573770491803278	PDDCTVGY:0.22950819672131148	LFHSHLEN:0.5573770491803278	GGAGFCIS:0.5737704918032787	HSHLENLQ:0.4262295081967213	IRLPDDCT:0.7049180327868853	DDCTVGYI:0.22950819672131148	FATGGAGF:0.9016393442622951	CHVDDDNY:0.8360655737704918	VHFWFATG:0.29508196721311475	EQVTLSYG:0.29508196721311475	FCHVDDDN:0.819672131147541	WASGGHFM:0.3442622950819672	GFCISRGL:0.5081967213114754	AHSRQALS:0.32786885245901637	SRGLALKM:0.6557377049180327	PDDCTIGY:0.5409836065573771	LPDDCTIG:0.5409836065573771	RLPDDCTI:0.5409836065573771	SLDRPIQA:0.26229508196721313	DRPIQATE:0.22950819672131148	PSLDRPIQ:0.26229508196721313	ISRGLALK:0.5081967213114754	VFIAVKTT:0.3114754098360656	PWASGGHF:0.3442622950819672	HVDDDNYV:0.7704918032786885	RPIQATER:0.22950819672131148	TLSYGMFE:0.29508196721311475	YPDTPWCP:0.36065573770491804	QVTLSYGM:0.22950819672131148	CISRGLAL:0.5081967213114754	AGFCISRG:0.5081967213114754	YIGKPSLD:0.3114754098360656	IGKPSLDR:0.3114754098360656	SYGMFENK:0.2786885245901639	FIAVKTTR:0.3442622950819672	VDDDNYVN:0.6885245901639344	SHLENLQQ:0.2459016393442623	PVHFWFAT:0.26229508196721313	KKWFCHVD:0.26229508196721313	FIFTDGED:0.22950819672131148	RQALSCKM:0.36065573770491804	VTLSYGMF:0.22950819672131148	YGMFENKR:0.21311475409836064	KWFCHVDD:0.5901639344262295	DDCTIGYI:0.5409836065573771	HLENLQQV:0.22950819672131148	LSCKMAVE:0.36065573770491804	CKMAVEYD:0.4426229508196721	TFIFTDGE:0.22950819672131148	QALSCKMA:0.36065573770491804	GKPSLDRP:0.4098360655737705	FCISRGLA:0.5081967213114754	IAVKTTRK:0.22950819672131148	SRQALSCK:0.32786885245901637	KPSLDRPI:0.39344262295081966	LSYGMFEN:0.2786885245901639	ALSCKMAV:0.32786885245901637	SCKMAVEY:0.36065573770491804	DVFIAVKT:0.3114754098360656	HSRQALSC:0.32786885245901637	LDRPIQAT:0.2459016393442623	LYPDTPWC:0.36065573770491804	IFTDGEDE:0.2459016393442623	CLLYPDTP:0.2786885245901639	DDDNYVNP:0.22950819672131148	SPLFHSHL:0.2459016393442623	LLYPDTPW:0.2786885245901639	RWFCHVDD:0.22950819672131148	PLFHSHLE:0.29508196721311475	IFIAVKTT:0.21311475409836064	DIFIAVKT:0.21311475409836064	TRQALCCK:0.26229508196721313	SVHCLLYP:0.22950819672131148	ALKMSPWA:0.5573770491803278	GLALKMSP:0.5573770491803278	LKMSPWAS:0.5573770491803278	RQALCCKM:0.2786885245901639	HTRQALCC:0.21311475409836064	RGLALKMS:0.5573770491803278	DCTIGYII:0.4262295081967213	LALKMSPW:0.5573770491803278	CTIGYIIE:0.4098360655737705	GRPSLDHP:0.26229508196721313	RKWFCHVD:0.29508196721311475	KMAVEYDK:0.29508196721311475	VEYDKFIE:0.36065573770491804	MAVEYDKF:0.2786885245901639	EYDKFIES:0.36065573770491804	YDKFIESG:0.2459016393442623	SAAHSRQA:0.29508196721311475	SGRKWFCH:0.2459016393442623	AVEYDKFI:0.2459016393442623	NCSAAHSR:0.29508196721311475	SPWASGGH:0.29508196721311475	AAHSRQAL:0.2786885245901639	FIESGRKW:0.21311475409836064	KMSPWASG:0.29508196721311475	GRKWFCHV:0.2459016393442623	CSAAHSRQ:0.29508196721311475	TNCSAAHS:0.29508196721311475	DDDNYVNV:0.2459016393442623	MSPWASGG:0.29508196721311475	ESGRKWFC:0.2459016393442623	IESGRKWF:0.21311475409836064	NTNCSAAH:0.3114754098360656	SGGHFMNT:0.21311475409836064	ASGGHFMN:0.21311475409836064	GHFMNTAE:0.21311475409836064	GGHFMNTA:0.21311475409836064	KIRLPDDC:0.29508196721311475	TAEKIRLP:0.2786885245901639	EKIRLPDD:0.2786885245901639	AEKIRLPD:0.2786885245901639	VHCLLYPD:0.21311475409836064	
