cluster number:43
GT31:6	GT31:6
DDDTYVVM:0.3333333333333333	SQLHLLTG:0.3333333333333333	FLKADDDT:0.3333333333333333	MGIEDFYM:0.3333333333333333	MSRYNVSY:0.3333333333333333	DDTYVVME:0.3333333333333333	DYEPLGVV:0.3333333333333333	VSYMSGGA:0.3333333333333333	GIEDFYMG:0.3333333333333333	RYNVSYMS:0.3333333333333333	LCMVLTCP:0.3333333333333333	DWFLKADD:0.3333333333333333	SRYNVSYM:0.3333333333333333	QLHLLTGF:0.3333333333333333	NVSYMSGG:0.3333333333333333	KADDDTYV:0.5	ADDDTYVV:0.3333333333333333	LRSQLHLL:0.3333333333333333	IEDFYMGI:0.3333333333333333	RSQLHLLT:0.3333333333333333	EDYEPLGV:0.3333333333333333	DTYVVMEN:0.3333333333333333	WFLKADDD:0.3333333333333333	TYVVMENL:0.5	SYMSGGAS:0.3333333333333333	SSEDYEPL:0.3333333333333333	YDWFLKAD:0.3333333333333333	EDFYMGIC:0.3333333333333333	YNVSYMSG:0.3333333333333333	YMSGGASY:0.3333333333333333	SEDYEPLG:0.3333333333333333	LKADDDTY:0.5	TYVIMENL:0.3333333333333333	YIFGSGEE:0.3333333333333333	YVVMENLR:0.3333333333333333	GAGYVMSK:0.3333333333333333	NYIFGSGE:0.3333333333333333	GGAGYVMS:0.3333333333333333	CDNYIFGS:0.3333333333333333	KVFCIILT:0.3333333333333333	RCDNYIFG:0.3333333333333333	KRCDNYIF:0.3333333333333333	DNYIFGSG:0.3333333333333333	
