cluster number:27
GT31:12	GT31:12
VKHFRFDD:0.3333333333333333	DDDMYISV:0.4166666666666667	DIYLGIVA:0.3333333333333333	IYLGIVAK:0.3333333333333333	YYNNTIKT:0.5	AYYNNTIK:0.25	DDIYLGIV:0.3333333333333333	YLGIVAKK:0.3333333333333333	PPYVSAGA:0.25	FDDIYLGI:0.4166666666666667	KHFRFDDI:0.5	HFRFDDIY:0.5	FRFDDIYL:0.5	RFDDIYLG:0.5	DAYYNNTI:0.25	AIRDTWGK:0.25	NNTIKTMM:0.4166666666666667	YNNTIKTM:0.4166666666666667	FVKHFRFD:0.3333333333333333	AGAYVVSN:0.3333333333333333	TDDDMYIS:0.25	FTDDDMYI:0.25	YVTAGAYV:0.25	PPYVTAGA:0.25	LFTDDDMY:0.25	YLFTDDDM:0.25	NYYNNTIK:0.25	DNYYNNTI:0.25	YMFVDDDY:0.25	MFVDDDYY:0.25	VDDDYYVS:0.3333333333333333	FVDDDYYV:0.3333333333333333	
