cluster number:50
GT31:7	GT31:7
MITLHKIL:0.2857142857142857	LKTDDDIV:0.2857142857142857	MTYKHVMG:0.2857142857142857	FLFGPPNL:0.2857142857142857	GDIVQGNF:0.2857142857142857	EMITLHKI:0.2857142857142857	YILKTDDD:0.2857142857142857	TPYFWIDD:0.2857142857142857	YKHVMGLK:0.2857142857142857	TDDDIVVN:0.2857142857142857	QGNFKDAY:0.2857142857142857	KTDDDIVV:0.2857142857142857	PYFWIDDV:0.5714285714285714	IDDVHITG:0.7142857142857143	NMTYKHVM:0.7142857142857143	ITLHKILF:0.2857142857142857	FWIDDVHI:0.7142857142857143	YFWIDDVH:0.7142857142857143	KHVMGLKW:0.2857142857142857	WIDDVHIT:0.7142857142857143	TYKHVMGL:0.2857142857142857	ILKTDDDI:0.2857142857142857	YGDIVQGN:0.2857142857142857	YCAGWAIL:0.2857142857142857	CAGWAILY:0.2857142857142857	RNMTYKHV:0.5714285714285714	DDVHITGV:0.42857142857142855	YRNMTYKH:0.5714285714285714	AGWAILYS:0.2857142857142857	YRSKWRVS:0.42857142857142855	ALILVHSA:0.2857142857142857	VKRSYRSK:0.42857142857142855	SYRSKWRV:0.42857142857142855	DVHITGVL:0.2857142857142857	LIKVDDDV:0.2857142857142857	KRSYRSKW:0.42857142857142855	VHITGVLA:0.2857142857142857	VNTPQLIK:0.2857142857142857	RSKWRVSF:0.2857142857142857	MTYKHVMA:0.5714285714285714	RSYRSKWR:0.42857142857142855	AYRNMTYK:0.2857142857142857	HVMALKWF:0.2857142857142857	KHVMALKW:0.42857142857142855	YKHVMALK:0.42857142857142855	SRVKRSYR:0.2857142857142857	TYKHVMAL:0.42857142857142855	RVKRSYRS:0.2857142857142857	DAYRNMTY:0.2857142857142857	DVHITGTL:0.2857142857142857	RSKWRVSP:0.2857142857142857	DDVHITGT:0.2857142857142857	
