cluster number:1
GH6:110	GH6:110|CBM1:62|3.2.1.91:23|3.2.1.4:1
GLATNVAN:0.5818181818181818	GRSGKQPT:0.24545454545454545	SGKQPTGQ:0.23636363636363636	RGLATNVA:0.5545454545454546	QGRSGKQP:0.2	DQGRSGKQ:0.2	IVDQGRSG:0.24545454545454545	VRGLATNV:0.2909090909090909	RSGKQPTG:0.24545454545454545	FIVDQGRS:0.24545454545454545	LATNVANY:0.5727272727272728	NVANYNAW:0.2727272727272727	TNVANYNA:0.43636363636363634	ATNVANYN:0.5818181818181818	ILVIEPDS:0.23636363636363636	WCNVIGTG:0.21818181818181817	DSLANLVT:0.4727272727272727	DAGHAGWL:0.5909090909090909	QLLTNANP:0.24545454545454545	RDCAALAS:0.2909090909090909	AGWLGWPA:0.4909090909090909	VYDLPDRD:0.5363636363636364	PDSLANLV:0.4727272727272727	CAALASNG:0.2909090909090909	SLANLVTN:0.4727272727272727	VWVKPGGE:0.5636363636363636	QQWGDWCN:0.21818181818181817	LRGLATNV:0.2	DWCNVIGT:0.21818181818181817	EPDSLANL:0.4727272727272727	DLPDRDCA:0.5545454545454546	AALASNGE:0.2909090909090909	PDRDCAAL:0.3	GWLGWPAN:0.5545454545454546	AGHAGWLG:0.5909090909090909	LPDRDCAA:0.5909090909090909	WGDWCNVI:0.23636363636363636	GHAGWLGW:0.6181818181818182	VKPGGECD:0.2	KPGGECDG:0.3	AMYLDAGH:0.2909090909090909	GDWCNVIG:0.21818181818181817	WVKPGGEC:0.2	LVIEPDSL:0.41818181818181815	NVIGTGFG:0.21818181818181817	FVVYDLPD:0.35454545454545455	LANLVTNL:0.42727272727272725	HAGWLGWP:0.5181818181818182	CNVIGTGF:0.21818181818181817	VIEPDSLA:0.5181818181818182	GECDGTSD:0.2	FVWVKPGG:0.4090909090909091	PGGECDGT:0.2909090909090909	YDLPDRDC:0.5636363636363636	GGECDGTS:0.2818181818181818	DCAALASN:0.2909090909090909	LDAGHAGW:0.39090909090909093	VVYDLPDR:0.5363636363636364	YLDAGHAG:0.39090909090909093	QWGDWCNV:0.20909090909090908	IEPDSLAN:0.6454545454545455	DRDCAALA:0.2909090909090909	MYLDAGHA:0.39090909090909093	WLGWPANI:0.24545454545454545	EPDSLANM:0.2636363636363636	AAAASNGE:0.2909090909090909	PDSLANMV:0.2636363636363636	DSLANMVT:0.2636363636363636	PAPEAGQW:0.21818181818181817	QAYFEQLL:0.22727272727272727	APEAGQWF:0.22727272727272727	RDCAAAAS:0.2727272727272727	PDRDCAAA:0.22727272727272727	DRDCAAAA:0.22727272727272727	AFVWVKPG:0.35454545454545455	DCAAAASN:0.2909090909090909	PEAGQWFQ:0.22727272727272727	DAFVWVKP:0.35454545454545455	FQAYFEQL:0.2545454545454545	CAAAASNG:0.2909090909090909	SLANMVTN:0.2636363636363636	WFQAYFEQ:0.2545454545454545	ALQPAPEA:0.21818181818181817	EAGTWFQA:0.33636363636363636	PEAGTWFQ:0.4090909090909091	APEAGTWF:0.4090909090909091	TWFQAYFE:0.20909090909090908	AGTWFQAY:0.34545454545454546	QPAPEAGT:0.2636363636363636	LQPAPEAG:0.22727272727272727	GTWFQAYF:0.34545454545454546	PAPEAGTW:0.39090909090909093	WLGWPANL:0.2	GESDGTSD:0.4090909090909091	DGTSDTSA:0.2636363636363636	ESDGTSDT:0.24545454545454545	SDGTSDTS:0.24545454545454545	VKPGGESD:0.38181818181818183	WVKPGGES:0.37272727272727274	PGGESDGT:0.41818181818181815	GGESDGTS:0.41818181818181815	KPGGESDG:0.41818181818181815	NVAMYLDA:0.2636363636363636	NLPNVAMY:0.23636363636363636	QLNLPNVA:0.21818181818181817	PNVAMYLD:0.24545454545454545	LPNVAMYL:0.24545454545454545	LNLPNVAM:0.23636363636363636	VAMYLDAG:0.2727272727272727	
