cluster number:0
GH6:227	GH6:227|3.2.1.4:1
HYVIDTSR:0.32599118942731276	YLDAGNAG:0.21145374449339208	NIPHRDCG:0.3392070484581498	CNPPGRAL:0.4713656387665198	LDAGNAGW:0.21145374449339208	KVYLDAGN:0.30837004405286345	TKVYLDAG:0.2775330396475771	YNIPHRDC:0.3392070484581498	WVKRPGES:0.3436123348017621	YLWVKRPG:0.2511013215859031	AYLWVKRP:0.2511013215859031	VYLDAGNA:0.22466960352422907	IDTSRNGN:0.3392070484581498	CKGGPKAG:0.2026431718061674	IPHRDCGQ:0.29955947136563876	DAYLWVKR:0.2599118942731278	DTSRNGNG:0.4669603524229075	NPPGRALG:0.47577092511013214	WCNPPGRA:0.4669603524229075	KRPGESDG:0.8370044052863436	VKRPGESD:0.3436123348017621	VIDTSRNG:0.7092511013215859	SRNGNGPY:0.2026431718061674	YVIDTSRN:0.3524229074889868	TSRNGNGP:0.4581497797356828	PPGRALGE:0.27312775330396477	LWVKRPGE:0.31718061674008813	IDTSRNGA:0.29955947136563876	LAMADCLS:0.32158590308370044	EPDALAMA:0.33480176211453744	CNPSGRAL:0.3039647577092511	QRQERFDL:0.27312775330396477	PDALAMAD:0.33480176211453744	RALGTPPT:0.20704845814977973	TSRNGAGP:0.30837004405286345	GRALGTPP:0.20704845814977973	TDEEIGYG:0.21145374449339208	IPHRDCGS:0.32599118942731276	DALAMADC:0.32599118942731276	WCNPSGRA:0.30837004405286345	ALAMADCL:0.32599118942731276	NPSGRALG:0.3039647577092511	YAVDTLTR:0.2643171806167401	DTSRNGAG:0.30837004405286345	RYAVDTLT:0.2511013215859031	FVIDTSRN:0.3568281938325991	DAYLWIKR:0.47577092511013214	PGESDGTC:0.3700440528634361	LWIKRPGE:0.4933920704845815	YLWIKRPG:0.5110132158590308	WIKRPGES:0.4933920704845815	AYLWIKRP:0.5022026431718062	RPGESDGT:0.3700440528634361	IKRPGESD:0.4933920704845815	VYLDAGNP:0.22466960352422907	GFSLNVSN:0.2775330396475771	FSLNVSNF:0.2775330396475771	AVYVDAGH:0.2555066079295154	ADAYLWIK:0.23348017621145375	DQRQERFD:0.2422907488986784	ATAGAHAD:0.21585903083700442	NGAGPAPD:0.2026431718061674	GSHYVIDT:0.20704845814977973	RNGAGPAP:0.2026431718061674	AGAHADAY:0.24669603524229075	AISGLTNG:0.21145374449339208	GEAISGLT:0.22466960352422907	AHADAYLW:0.24669603524229075	VEPDALAM:0.21585903083700442	GAHADAYL:0.24669603524229075	HADAYLWI:0.23348017621145375	GIPHRDCG:0.2555066079295154	YGIPHRDC:0.2555066079295154	EIGYGEAI:0.2599118942731278	SRNGAGPA:0.22466960352422907	EAISGLTN:0.21145374449339208	YGEAISGL:0.22466960352422907	GYGEAISG:0.2687224669603524	TAGAHADA:0.24669603524229075	IGYGEAIS:0.2687224669603524	
