cluster number:11
GH6:36	GH6:36|CBM2:12|3.2.1.4:3
DGTCNGGP:0.4166666666666667	PGESDGTC:0.5	GESDGTCN:0.4722222222222222	ESDGTCNG:0.4166666666666667	SDGTCNGG:0.4166666666666667	AIPGRDCG:0.4166666666666667	GSNGEWCN:0.3333333333333333	EWCNPSGR:0.2222222222222222	LGDCDGQG:0.2222222222222222	CNPSGRAL:0.2222222222222222	FVVDTSRN:0.25	VVDTSRNG:0.3888888888888889	RNGNGSNG:0.3055555555555556	WCNPSGRA:0.2222222222222222	GNGSNGEW:0.2777777777777778	ALELARNA:0.2777777777777778	SRNGNGSN:0.2777777777777778	DTSRNGNG:0.4444444444444444	YAIPGRDC:0.4166666666666667	CNGGPAAG:0.3888888888888889	SNGEWCNP:0.2777777777777778	NGGPAAGQ:0.2222222222222222	NGSNGEWC:0.2777777777777778	NPSGRALG:0.2222222222222222	NGNGSNGE:0.2777777777777778	KLPGESDG:0.3333333333333333	DCDGQGDR:0.2222222222222222	TSRNGNGS:0.3333333333333333	GDCDGQGD:0.2222222222222222	GTCNGGPA:0.25	GFATNVSN:0.2222222222222222	TCNGGPAA:0.25	VVLEPDAL:0.3055555555555556	LDALLWVK:0.3611111111111111	LEPDALAQ:0.3611111111111111	EPDALAQL:0.3055555555555556	VIDTSRNG:0.4166666666666667	LWVKLPGE:0.2222222222222222	PDALAQLG:0.2777777777777778	DALLWVKL:0.2222222222222222	FALNTSNY:0.2777777777777778	DALAQLGD:0.25	GFALNTSN:0.25	WVKLPGES:0.2222222222222222	LLWVKLPG:0.2222222222222222	VKLPGESD:0.2222222222222222	ALAQLGDC:0.25	ALLWVKLP:0.2222222222222222	VYLDAGHS:0.25	ALNTSNYQ:0.25	NTSNYQTT:0.25	IDTSRNGN:0.2777777777777778	VYAIPGRD:0.2777777777777778	LNTSNYQT:0.2222222222222222	YVIDTSRN:0.2222222222222222	ILEPDALA:0.25	VILEPDAL:0.25	
