cluster number:20
GH6:11	GH6:11
IDTSRNGA:0.36363636363636365	RGFATNVS:0.45454545454545453	AVIDTSRN:0.36363636363636365	GFATNVSN:0.45454545454545453	VDTNLWIK:0.6363636363636364	VRGFATNV:0.36363636363636365	CNGGPAAG:0.36363636363636365	LEPDSLAL:0.2727272727272727	GDDVVDTN:0.5454545454545454	VVDTNLWI:0.6363636363636364	HAVIDTSR:0.36363636363636365	VIDTSRNG:0.36363636363636365	DTSRNGAG:0.45454545454545453	EPDSLALA:0.36363636363636365	DDVVDTNL:0.6363636363636364	DVVDTNLW:0.6363636363636364	PDSLALAP:0.36363636363636365	AVYGLPDR:0.2727272727272727	PDRDCGNH:0.2727272727272727	EPDSIALS:0.2727272727272727	VYGLPDRD:0.36363636363636365	DRDCGNHS:0.2727272727272727	DGGHSAWH:0.2727272727272727	NHSAGGLD:0.45454545454545453	LPDRDCGN:0.36363636363636365	DCGNHSAG:0.6363636363636364	APDESKAA:0.2727272727272727	GNHSAGGL:0.6363636363636364	WIYLDGGH:0.2727272727272727	KIVILEPD:0.2727272727272727	RDCGNHSA:0.6363636363636364	IYLDGGHS:0.2727272727272727	VAPDESKA:0.2727272727272727	IVILEPDS:0.2727272727272727	GLPDRDCG:0.36363636363636365	CGNHSAGG:0.6363636363636364	LEPDSIAL:0.36363636363636365	IVAPDESK:0.2727272727272727	TWIYLDGG:0.2727272727272727	YGLPDRDC:0.36363636363636365	AYLAAQPT:0.2727272727272727	LWIKPPGE:0.7272727272727273	AAYLAAQP:0.2727272727272727	KPPGESDG:0.7272727272727273	NLWIKPPG:0.5454545454545454	DGTCNGGP:0.2727272727272727	PGESDGTC:0.36363636363636365	GESDGTCN:0.2727272727272727	PPGESDGT:0.36363636363636365	YLAAQPTA:0.5454545454545454	ESDGTCNG:0.2727272727272727	WIKPPGES:0.7272727272727273	SDGTCNGG:0.2727272727272727	AAAYLAAQ:0.2727272727272727	IKPPGESD:0.7272727272727273	LPGRDCGN:0.2727272727272727	AQPTAYWL:0.45454545454545453	YWLTPEQD:0.36363636363636365	VVYGLPGR:0.2727272727272727	QPTAYWLT:0.45454545454545453	PTAYWLTP:0.45454545454545453	LTPEQDPI:0.36363636363636365	DTNLWIKP:0.45454545454545453	PGRDCGNH:0.2727272727272727	LAAQPTAY:0.45454545454545453	GLPGRDCG:0.2727272727272727	FAYAHALS:0.2727272727272727	AAQPTAYW:0.45454545454545453	TAYWLTPE:0.45454545454545453	GRDCGNHS:0.2727272727272727	AYWLTPEQ:0.36363636363636365	TNLWIKPP:0.45454545454545453	PGESDGPC:0.2727272727272727	YGLPGRDC:0.2727272727272727	VYGLPGRD:0.2727272727272727	TPEQDPIG:0.36363636363636365	WLTPEQDP:0.36363636363636365	EFAYAHAL:0.2727272727272727	TWIYIDGG:0.2727272727272727	WIYIDGGH:0.2727272727272727	IYIDGGHS:0.2727272727272727	
