cluster number:13
GH6:272	GH6:272|CBM2:149|CBM3:42|CBM10:11|3.2.1.91:6|3.2.1.4:4|CBM5:4|GH5_2:3|GH12:2|GH5_8:1
PPGESDGS:0.41911764705882354	SLPNLVTN:0.6360294117647058	IYNLPGRD:0.30514705882352944	TAVWLDRI:0.23897058823529413	VIYNLPGR:0.30514705882352944	DTSRNGWG:0.6029411764705882	EIDSLPNL:0.34558823529411764	VWVKPPGE:0.22794117647058823	NTANYSAL:0.3125	IDTSRNGW:0.5257352941176471	GKGFDRMC:0.5477941176470589	IGMLIDTS:0.29411764705882354	PGESDGSS:0.4117647058823529	LASNGELG:0.3713235294117647	IVNTANYS:0.22794117647058823	MCDPTYTG:0.25735294117647056	MLIDTSRN:0.4264705882352941	HLDAALAQ:0.22426470588235295	NWCNQAGA:0.20220588235294118	WLDRIAAI:0.3713235294117647	ALASNGEL:0.8455882352941176	GAGLGERP:0.41911764705882354	PTAVWLDR:0.23161764705882354	CDPTYTGN:0.2536764705882353	KPPGESDG:0.7316176470588235	WCNQAGAG:0.20588235294117646	GNWCNQAG:0.20588235294117646	LDRIAAIN:0.20220588235294118	GFIVNTAN:0.22058823529411764	WVKPPGES:0.2757352941176471	DRMCDPTY:0.5514705882352942	AVWLDRIA:0.20955882352941177	ASNGELGP:0.3602941176470588	VKPPGESD:0.2757352941176471	RMCDPTYT:0.34191176470588236	DRIAAING:0.23161764705882354	TSRNGWGG:0.5992647058823529	NGWGGSAR:0.21323529411764705	DSLPNLVT:0.6397058823529411	FDRMCDPT:0.5735294117647058	FIVNTANY:0.21323529411764705	DAYVWVKP:0.20220588235294118	GWGGSARP:0.21323529411764705	KGFDRMCD:0.5477941176470589	LIDTSRNG:0.4963235294117647	EGKGFDRM:0.5036764705882353	VWLDRIAA:0.36764705882352944	GFDRMCDP:0.5477941176470589	GMLIDTSR:0.43014705882352944	IDSLPNLV:0.28308823529411764	RNGWGGSA:0.21323529411764705	YNLPGRDC:0.3492647058823529	CAALASNG:0.375	GRDCAALA:0.33455882352941174	RQSKWVDW:0.22058823529411764	PGRDCAAL:0.3382352941176471	QSKWVDWN:0.22426470588235295	RDCAALAS:0.39338235294117646	LPGRDCAA:0.3382352941176471	AALASNGE:0.3639705882352941	NLPGRDCA:0.21691176470588236	DCAALASN:0.375	VRQSKWVD:0.20955882352941177	PGESDGAS:0.20220588235294118	EPDSLPNL:0.33455882352941174	NDEGKGFD:0.33455882352941174	IEPDSLPN:0.3713235294117647	DEGKGFDR:0.31985294117647056	GHWFSAQF:0.22058823529411764	PDSLPNLV:0.29044117647058826	PPGESDGA:0.20588235294117646	YDLPGRDC:0.2977941176470588	PNDEGKGF:0.20588235294117646	IPNDEGKG:0.20588235294117646	WMKPPGES:0.20955882352941177	MKPPGESD:0.20955882352941177	DCHALASN:0.2647058823529412	ASNGELPL:0.28308823529411764	RDCHALAS:0.2647058823529412	IDTGRNGW:0.2426470588235294	HSGWLGWD:0.23529411764705882	TGRNGWGG:0.2536764705882353	LASNGELP:0.3235294117647059	DIGHSGWL:0.20955882352941177	PGRDCHAL:0.24632352941176472	GFITNTAN:0.23529411764705882	HALASNGE:0.2647058823529412	CHALASNG:0.2647058823529412	GRDCHALA:0.25	SNGELPLT:0.27941176470588236	LPNLVTNL:0.2536764705882353	DTGRNGWG:0.25735294117647056	NGELGPTE:0.20955882352941177	HHGWLGWD:0.21323529411764705	NVYNYVDA:0.21691176470588236	WCNQSGAG:0.3088235294117647	NWCNQSGA:0.3088235294117647	SNGELGPT:0.21323529411764705	GNWCNQSG:0.3161764705882353	WFSAQFQE:0.25	FSAQFQEL:0.25	HRGNWCNQ:0.24632352941176472	IDAYVWMK:0.20588235294117646	DAYVWMKP:0.20588235294117646	GIDAYVWM:0.20588235294117646	VWMKPPGE:0.20588235294117646	AYVWMKPP:0.20588235294117646	YVWMKPPG:0.20588235294117646	
