cluster number:14
GH6:62	GH6:62|CBM2:43|3.2.1.4:4
ARVYFDAG:0.24193548387096775	AVIDTSRN:0.5483870967741935	IDTSRNGN:0.5806451612903226	RVYFDAGH:0.24193548387096775	DTSRNGNG:0.8064516129032258	WVAANPGD:0.5161290322580645	VIDTSRNG:0.7580645161290323	VYFDAGHS:0.27419354838709675	TSRNGNGP:0.7580645161290323	GGASAGGA:0.3548387096774194	AANPGDSR:0.43548387096774194	ANPGDSRA:0.20967741935483872	YLWVKPPG:0.27419354838709675	LWVKPPGE:0.3387096774193548	ASAGGAPD:0.3548387096774194	NRDCGGAS:0.5161290322580645	VKPPGEAD:0.25806451612903225	IDAYLWVK:0.24193548387096775	KPPGEADG:0.3225806451612903	SRAAVIRD:0.25806451612903225	CGGASAGG:0.3548387096774194	SAGGAPDL:0.3064516129032258	GASAGGAP:0.3548387096774194	AYLWVKPP:0.24193548387096775	PPGEADGC:0.3225806451612903	DCGGASAG:0.3548387096774194	RWVAANPG:0.25806451612903225	VAANPGDS:0.4032258064516129	DAYLWVKP:0.22580645161290322	DSRAAVIR:0.25806451612903225	RDCGGASA:0.3709677419354839	WVKPPGEA:0.25806451612903225	VVYNIPNR:0.3387096774193548	PQRAYDLA:0.27419354838709675	EWCDPPGR:0.22580645161290322	PNRDCGGA:0.3709677419354839	RAAVIRDR:0.22580645161290322	GEADGCIA:0.45161290322580644	RAIGTPST:0.3548387096774194	GRAIGTPS:0.3548387096774194	IPNRDCGG:0.3548387096774194	IDAFLWVK:0.22580645161290322	VYNIPNRD:0.3387096774193548	GQFVPQRA:0.3548387096774194	YNIPNRDC:0.3548387096774194	AGQFVPQR:0.3548387096774194	ARWVAANP:0.20967741935483872	FVPQRAYD:0.3064516129032258	VPQRAYDL:0.27419354838709675	QFVPQRAY:0.3548387096774194	GPAGSEWC:0.22580645161290322	AIGTPSTT:0.20967741935483872	ATIVLEPD:0.20967741935483872	NGPAGSEW:0.22580645161290322	ILVVYNIP:0.3064516129032258	RNGNGPAG:0.3387096774193548	LVVYNIPN:0.25806451612903225	LPGEADGC:0.3709677419354839	PAGSEWCD:0.22580645161290322	VVDTSRNG:0.22580645161290322	ASMAYAGK:0.3225806451612903	WCDPAGRA:0.24193548387096775	PILVVYNI:0.3064516129032258	NIPNRDCS:0.22580645161290322	GNGPAGSE:0.22580645161290322	NGNGPAGS:0.27419354838709675	KLPGEADG:0.3548387096774194	VDTSRNGN:0.22580645161290322	SRNGNGPA:0.532258064516129	GAAAAAGK:0.24193548387096775	EWCDPAGR:0.22580645161290322	AGSEWCDP:0.22580645161290322	PGEADGCI:0.41935483870967744	VGAAAAAG:0.22580645161290322	FDAGHSAW:0.27419354838709675	YFDAGHSA:0.27419354838709675	TGDPAIDA:0.20967741935483872	LEPDSIAL:0.20967741935483872	
