cluster number:17
CBM9:30	CBM9:30|GH10:29|CBM22:26|CE4:8|CBM2:5|CBM0:4|CBM5:4|3.2.1.8:2|CBM32:1
DPWIQDSV:0.23333333333333334	GVAIDSRE:0.36666666666666664	LRRSEWYR:0.3333333333333333	AWDVVNEV:0.23333333333333334	GVPVDGVG:0.3333333333333333	AVTELDVT:0.4666666666666667	WDVVNEVV:0.23333333333333334	GLDFQVND:0.36666666666666664	TELDVTTG:0.36666666666666664	DEAFNDVY:0.2	VPVDGVGH:0.3333333333333333	QSTARWGV:0.43333333333333335	WYRILGEE:0.2	DSVEIYVD:0.4	DGLRRSEW:0.43333333333333335	VTELDVTT:0.36666666666666664	HGLDFQVN:0.26666666666666666	QAVTELDV:0.6333333333333333	GSDPWIQD:0.2	VGVAIDSR:0.3	EAFNDVYA:0.23333333333333334	FINDYNTE:0.7333333333333333	VAIDSRET:0.36666666666666664	ELDVTTGT:0.36666666666666664	EWYRILGE:0.3	PWIQDSVE:0.23333333333333334	PVGVAIDS:0.3	RGVPVDGV:0.26666666666666666	LDVTTGTP:0.36666666666666664	QDSVEIYV:0.23333333333333334	SDPWIQDS:0.2	DFPVGVAI:0.3	YADEAFND:0.3	LDFQVNDA:0.3333333333333333	RRSEWYRI:0.3333333333333333	RSEWYRIL:0.3333333333333333	GLRRSEWY:0.3333333333333333	ADEAFNDV:0.26666666666666666	FPVGVAID:0.3	LFINDYNT:0.7333333333333333	FEDGLDGW:0.23333333333333334	PVDGVGHQ:0.3333333333333333	TTDFPVGV:0.23333333333333334	TDFPVGVA:0.23333333333333334	SEWYRILG:0.3333333333333333	VEAAISLL:0.26666666666666666	GAPLLFDD:0.23333333333333334	NDYNTEQS:0.3333333333333333	VDGVGHQF:0.3	SQTPDWFF:0.26666666666666666	LFSVTVWG:0.3	FSVTVWGL:0.3	YVLAEVTD:0.2	INDYNTEQ:0.5666666666666667	SVTVWGLT:0.3	LYVLAEVT:0.2	KLFINDYN:0.2	AFDVVNEV:0.23333333333333334	VTVWGLTD:0.5	HSQTPDWF:0.26666666666666666	WHSQTPDW:0.3	FDVVNEVV:0.2	VVNEVVSD:0.26666666666666666	DGVGHQFH:0.5666666666666667	TLYVLAEV:0.3	DVVNEVVS:0.26666666666666666	QGYYYRDA:0.26666666666666666	VGHQFHVS:0.4666666666666667	ITPENHMK:0.23333333333333334	GYYYRDAF:0.26666666666666666	GVGHQFHV:0.5333333333333333	HSQTPAWF:0.26666666666666666	PVTLFIND:0.43333333333333335	RYDDTQIR:0.26666666666666666	YYYRDAFR:0.2	SFGTGDEA:0.3	DVSGSDPW:0.26666666666666666	GLTDGRSW:0.4666666666666667	WHSQTPAW:0.3	YRYDDTQI:0.2	FGTGDEAF:0.2	TLFINDYN:0.4	VTTGTPVT:0.23333333333333334	GYQSTARW:0.3333333333333333	YQSTARWG:0.4	GAGYQSTA:0.23333333333333334	TVWGLTDG:0.4	YDDTQIRI:0.26666666666666666	GHQFHVSL:0.4666666666666667	VWGLTDGR:0.43333333333333335	TQAVTELD:0.3	DVTTGTPV:0.26666666666666666	GTGDEAFQ:0.2	LVWHSQTP:0.5	LTDGRSWR:0.4666666666666667	VSFGTGDE:0.36666666666666664	WGLTDGRS:0.4666666666666667	AGYQSTAR:0.2	RDAFRIFR:0.2	STARWGVA:0.2	VWHSQTPA:0.23333333333333334	EQGYYYRD:0.23333333333333334	VTLFINDY:0.43333333333333335	RLRTANVF:0.2	VDVSGSDP:0.26666666666666666	SQTPAWFF:0.26666666666666666	RPVTLFIN:0.26666666666666666	VLVWHSQT:0.36666666666666664	DYNTEQSG:0.3	PIDGVGHQ:0.3333333333333333	HVLVWHSQ:0.4	VYGHVLVW:0.3	GHVLVWHS:0.4	YNTEQSGK:0.3	YGHVLVWH:0.4	DFQVNDAS:0.23333333333333334	NTEQSGKQ:0.3	HQFHVSLA:0.23333333333333334	FHGLDFQV:0.2	DRPVTLFI:0.23333333333333334	VPIDGVGH:0.26666666666666666	TFHGLDFQ:0.2	IDGVGHQF:0.2	ALTFDDGP:0.26666666666666666	LGMQPLAV:0.23333333333333334	ATFCVIGQ:0.2	VPYFRAPN:0.2	PYFRAPNG:0.2	AVALGMQP:0.23333333333333334	VALGMQPL:0.23333333333333334	RLLARDVP:0.2	VAVALGMQ:0.23333333333333334	ALGMQPLA:0.23333333333333334	TFCVIGQN:0.2	LTFDDGPN:0.23333333333333334	AISLLEYG:0.2	LPVTQAVT:0.2	FQLRWAPD:0.2	DGLDGWGP:0.2	RVYGHVLV:0.2	EAAISLLE:0.23333333333333334	GGLGTFHG:0.2	RWAPDHLT:0.2	VEIYVDAG:0.2	DPVVDVSG:0.23333333333333334	MKPEAWYD:0.3333333333333333	LRVYGHVL:0.2	VVDVSGSD:0.2	ENHMKPEA:0.3333333333333333	SLLEYGGL:0.2	PVTQAVTE:0.2	LGTFHGLD:0.2	GLDGWGPR:0.2	HMKPEAWY:0.3333333333333333	PVVDVSGS:0.2	EDGLDGWG:0.2	DFEDGLDG:0.2	ISLLEYGG:0.2	SVEIYVDA:0.2	DLPVTQAV:0.2	EIYVDAGN:0.2	AQLLTRHF:0.2	GLGTFHGL:0.2	YAPWGPRG:0.2	AKPAYYGA:0.23333333333333334	NDLRVYGH:0.2	VTQAVTEL:0.23333333333333334	NHMKPEAW:0.3333333333333333	AAISLLEY:0.2	
