cluster number:4
CBM9:6	CBM9:6
VEAKIPWS:0.3333333333333333	AWSPILGE:0.3333333333333333	FDSQFDDY:0.3333333333333333	LGEGNFHR:0.3333333333333333	NVGTGRED:0.3333333333333333	DEPAWQAA:0.3333333333333333	SDEDRGYV:0.3333333333333333	DYNAPRGG:0.5	GPFGHEAW:0.3333333333333333	SQFDDYNA:0.3333333333333333	FHRARRFG:0.3333333333333333	EVMIDPDG:0.3333333333333333	VFDSQFDD:0.3333333333333333	EPAWQAAA:0.3333333333333333	TVEVMIDP:0.3333333333333333	DGDNKDYY:0.8333333333333334	DDDSDEDR:0.3333333333333333	IDGRLDEP:0.5	ILGEGNFH:0.3333333333333333	RGYVVEAK:0.3333333333333333	AWRMNFYA:0.3333333333333333	IDPDGDGD:0.8333333333333334	DYYEIQIN:0.5	RRFGRVRF:0.3333333333333333	EAKIPWSS:0.3333333333333333	PGDAWRMN:0.3333333333333333	YNAPRGGP:0.3333333333333333	TQGEARLL:0.3333333333333333	GYVVEAKI:0.3333333333333333	ERDTVEVM:0.3333333333333333	WERDTVEV:0.3333333333333333	SAVALRGT:0.3333333333333333	YYEIQINP:0.5	LVFDSQFD:0.3333333333333333	PQNLVFDS:0.5	WRMNFYAM:0.8333333333333334	NPQNLVFD:0.5	YEIQINPQ:0.5	EGNFHRAR:0.3333333333333333	DGDGDNKD:0.8333333333333334	PDGDGDNK:0.8333333333333334	VEVMIDPD:0.3333333333333333	QFDDYNAP:0.3333333333333333	FGHEAWSA:0.3333333333333333	GEGNFHRA:0.5	HLWERDTV:0.5	VMIDPDGD:0.3333333333333333	YVVEAKIP:0.3333333333333333	DAWRMNFY:0.3333333333333333	FVNVGTGR:0.3333333333333333	WSPILGEG:0.3333333333333333	EARLLWDD:0.3333333333333333	DSQFDDYN:0.3333333333333333	LWERDTVE:0.5	RDTVEVMI:0.3333333333333333	SPILGEGN:0.3333333333333333	FDDYNAPR:0.5	DPDGDGDN:0.8333333333333334	PTQGEARL:0.3333333333333333	ARRFGRVR:0.3333333333333333	NFHRARRF:0.3333333333333333	GDGDNKDY:0.8333333333333334	VGTGREDR:0.3333333333333333	TGPFVNVG:0.3333333333333333	GNFHRARR:0.3333333333333333	KDYYEIQI:0.6666666666666666	PHLWERDT:0.5	PFVNVGTG:0.3333333333333333	AKIPWSSF:0.3333333333333333	INPQNLVF:0.5	RMNFYAMQ:0.5	QINPQNLV:0.5	GEARLLWD:0.3333333333333333	KLAPGAAI:0.3333333333333333	DGRLDEPA:0.5	DNKDYYEI:0.6666666666666666	VNVGTGRE:0.3333333333333333	NKDYYEIQ:0.6666666666666666	NLVFDSQF:0.3333333333333333	PFGHEAWS:0.3333333333333333	EIQINPQN:0.5	DEDRGYVV:0.3333333333333333	DSDEDRGY:0.3333333333333333	DRGYVVEA:0.3333333333333333	GDNKDYYE:0.8333333333333334	LDEPAWQA:0.3333333333333333	QNLVFDSQ:0.3333333333333333	GRLDEPAW:0.5	DDYNAPRG:0.5	RLDEPAWQ:0.3333333333333333	RDPHLWER:0.3333333333333333	MIDPDGDG:1.0	DPHLWERD:0.5	GTGREDRS:0.3333333333333333	GPFVNVGT:0.3333333333333333	PILGEGNF:0.3333333333333333	DDSDEDRG:0.3333333333333333	QGEARLLW:0.3333333333333333	VVEAKIPW:0.3333333333333333	EDRGYVVE:0.3333333333333333	DTVEVMID:0.3333333333333333	IQINPQNL:0.5	HRARRFGR:0.3333333333333333	GDAWRMNF:0.3333333333333333	RARRFGRV:0.3333333333333333	SAVVVHGT:0.5	ESAVVVHG:0.3333333333333333	TWRMNFYA:0.3333333333333333	IMIDPDGD:0.5	EIMIDPDG:0.5	NGGTAWSP:0.6666666666666666	LESAVVVH:0.3333333333333333	DTVEIMID:0.3333333333333333	AKDPHLWE:0.3333333333333333	TVEIMIDP:0.3333333333333333	VEIMIDPD:0.3333333333333333	GGTAWSPI:0.5	NNGGTAWS:0.3333333333333333	TAWSPILG:0.5	GTAWSPIL:0.5	RMNFYAMK:0.3333333333333333	VVHGTIDN:0.3333333333333333	VVVHGTID:0.3333333333333333	AVVVHGTI:0.3333333333333333	
