cluster number:16
CBM9:11	CBM9:11
EGTLWRIN:0.36363636363636365	WRINFSRV:0.7272727272727273	TLWRINFS:0.45454545454545453	EQQKRYLW:0.2727272727272727	NWVWSPQG:0.7272727272727273	FSRVEWDT:0.5454545454545454	EHNWVWSP:0.6363636363636364	NFSRVEWD:0.5454545454545454	LWRINFSR:0.45454545454545453	FDLFLNKP:0.2727272727272727	LPEHNWVW:0.36363636363636365	PEHNWVWS:0.6363636363636364	HNWVWSPQ:0.6363636363636364	INFSRVEW:0.6363636363636364	WVWSPQGV:0.36363636363636365	QQKRYLWL:0.2727272727272727	GTLWRINF:0.36363636363636365	RINFSRVE:0.6363636363636364	DNDFEVFI:0.2727272727272727	DLFLNKPY:0.2727272727272727	HYPERWGY:0.36363636363636365	NMHYPERW:0.45454545454545453	PERWGYLQ:0.36363636363636365	KPEHNWVW:0.2727272727272727	ERWGYLQF:0.36363636363636365	YPERWGYL:0.36363636363636365	MHYPERWG:0.45454545454545453	TVEMAIPF:0.2727272727272727	WTVEMAIP:0.36363636363636365	INMHYPER:0.2727272727272727	
