cluster number:1
CBM9:19	CBM9:19
AFAYHVAL:0.3684210526315789	DPLKLWWD:0.21052631578947367	EDTSEIPN:0.21052631578947367	GGHQFTHN:0.21052631578947367	DCLEIFID:0.3684210526315789	IGSVAVPG:0.21052631578947367	DKNRGWID:0.631578947368421	WWDDDCLE:0.47368421052631576	WDDDCLEI:0.42105263157894735	FIGSVAVP:0.21052631578947367	FTHNAFAY:0.3157894736842105	LDGNVVDV:0.21052631578947367	GIFGTIEL:0.21052631578947367	HQFTHNAF:0.3157894736842105	FAYHVALD:0.3684210526315789	VALDGNVV:0.42105263157894735	ENFIGSVA:0.2631578947368421	THNAFAYH:0.3157894736842105	WTPEALYI:0.21052631578947367	VAVPGEDK:0.21052631578947367	DGNVVDVA:0.21052631578947367	TYKDGGVN:0.21052631578947367	GNVVDVAP:0.21052631578947367	WIDAGIFG:0.2631578947368421	ALDGNVVD:0.7368421052631579	DNSGGGHQ:0.21052631578947367	DDDCLEIF:0.42105263157894735	NRGWIDAG:0.2631578947368421	AYHVALDG:0.3157894736842105	FGTIELVE:0.21052631578947367	KNRGWIDA:0.631578947368421	SGGGHQFT:0.21052631578947367	GEDKNRGW:0.2631578947368421	DAGIFGTI:0.21052631578947367	NSGGGHQF:0.21052631578947367	RGWIDAGI:0.2631578947368421	IFGTIELV:0.21052631578947367	ERENFIGS:0.3684210526315789	QFTHNAFA:0.3157894736842105	GFALAYCD:0.5789473684210527	NAFAYHVA:0.3684210526315789	GWIDAGIF:0.2631578947368421	PGEDKNRG:0.21052631578947367	LWWDDDCL:0.21052631578947367	YHVALDGN:0.42105263157894735	SVAVPGED:0.21052631578947367	HVALDGNV:0.42105263157894735	NFIGSVAV:0.2631578947368421	GSVAVPGE:0.21052631578947367	YKDGGVNE:0.21052631578947367	GHQFTHNA:0.21052631578947367	ALAYCDND:0.5789473684210527	HNAFAYHV:0.3684210526315789	AGIFGTIE:0.21052631578947367	NVVDVAPG:0.21052631578947367	GGGHQFTH:0.21052631578947367	RENFIGSV:0.42105263157894735	IDAGIFGT:0.2631578947368421	VPGEDKNR:0.21052631578947367	AVPGEDKN:0.21052631578947367	DDCLEIFI:0.3684210526315789	EDKNRGWI:0.2631578947368421	FALAYCDN:0.5789473684210527	HNAFAYHI:0.2631578947368421	FAYHIALD:0.3157894736842105	VFIDEDNS:0.21052631578947367	AYHIALDG:0.3157894736842105	IDEDNSGG:0.42105263157894735	EVFIDEDN:0.21052631578947367	IALDGNVV:0.3157894736842105	FIDEDNSG:0.42105263157894735	HIALDGNV:0.3157894736842105	YHIALDGN:0.3157894736842105	AFAYHIAL:0.3157894736842105	NAFAYHIA:0.2631578947368421	ILAEITDD:0.21052631578947367	LEIFIDED:0.2631578947368421	EIFIDEDN:0.21052631578947367	LAEITDDV:0.3157894736842105	IFIDEDNS:0.21052631578947367	CLEIFIDE:0.2631578947368421	NRGWIDAS:0.21052631578947367	IGFALAYC:0.2631578947368421	SGGDHQYN:0.21052631578947367	AYCDNDGS:0.21052631578947367	LDGNVVDL:0.2631578947368421	IGSVFVPG:0.21052631578947367	VDEDNSGG:0.21052631578947367	GSVFVPGE:0.21052631578947367	
