cluster number:3
CBM9:55	CBM9:55
WSPQGVIN:0.2	PQGVINMH:0.2	WRINFSRV:0.2545454545454545	PEYNWVWS:0.36363636363636365	VWSPQGVI:0.21818181818181817	YNWVWSPQ:0.32727272727272727	NWVWSPQG:0.4727272727272727	SPQGVINM:0.2	YYEFEINA:0.36363636363636365	LPEYNWVW:0.32727272727272727	EYNWVWSP:0.4	VINMHEPE:0.21818181818181817	WVWSPQGV:0.32727272727272727	IFYNNDFE:0.23636363636363636	YEFEINAL:0.36363636363636365	FEINALNT:0.4	EFEINALN:0.4	IFYDNDFE:0.21818181818181817	FEIFIDPD:0.2727272727272727	NTVWDLLL:0.2909090909090909	IDPDGDTH:0.2545454545454545	IFIDPDGD:0.2727272727272727	DNDFEIFI:0.21818181818181817	EIFIDPDG:0.2727272727272727	YDNDFEIF:0.2	DFEIFIDP:0.36363636363636365	FIDPDGDT:0.3090909090909091	NDFEIFID:0.36363636363636365	WRVNFSRV:0.4727272727272727	NALNTVWD:0.509090909090909	FEVFIDPD:0.23636363636363636	ALNTVWDL:0.509090909090909	FWRVNFSR:0.36363636363636365	DFEVFIDP:0.2909090909090909	NDFEVFID:0.23636363636363636	VNFSRVEW:0.2727272727272727	RVNFSRVE:0.2727272727272727	PEDNWVWS:0.2545454545454545	KPYRDGGP:0.3090909090909091	EDNWVWSP:0.2727272727272727	EINALNTV:0.41818181818181815	INALNTVW:0.4	VIFYDNDF:0.2	TRVKMLWD:0.2909090909090909	NMHYPELW:0.2	PYRDGGPP:0.2	MHYPELWG:0.2	YPELWGYV:0.2	LNTVWDLL:0.2727272727272727	NWVWSPMG:0.2	HYPELWGY:0.2	RVKMLWDD:0.2909090909090909	
