cluster number:3
GH68:28	GH68:28
YLFWSTQA:0.42857142857142855	LFWSTQAK:0.2857142857142857	PDLSVTSF:0.21428571428571427	APTGLYGA:0.21428571428571427	LPDLSVTS:0.21428571428571427	VLPDLSVT:0.21428571428571427	NNELERPH:0.8571428571428571	NELERPHI:0.42857142857142855	FGGTFAPF:0.21428571428571427	ELERPHIV:0.39285714285714285	GHARIHLL:0.21428571428571427	GSREWSGS:0.6071428571428571	RHGHARIH:0.25	AFRDPAFF:0.2857142857142857	GTIKAFRD:0.25	ADGLNNEL:0.21428571428571427	DGFSPGSR:0.32142857142857145	REWSGSAV:0.42857142857142855	LYYLFWST:0.32142857142857145	EWSGSAVL:0.32142857142857145	VTSFVDDW:0.21428571428571427	WSGSAVLD:0.21428571428571427	LWMALGAP:0.25	SREWSGSA:0.5357142857142857	IKAFRDPA:0.42857142857142855	PTGLYGMV:0.4642857142857143	PDGFSPGS:0.32142857142857145	TIKAFRDP:0.2857142857142857	AMPDGFSP:0.25	SPGSREWS:0.4642857142857143	YYLFWSTQ:0.6428571428571429	GFSPGSRE:0.39285714285714285	GPTGLYGM:0.2857142857142857	KAFRDPAF:0.2857142857142857	GLYYLFWS:0.32142857142857145	DGLNNELE:0.21428571428571427	GLNNELER:0.25	NELERPHV:0.32142857142857145	MPDGFSPG:0.25	PGSREWSG:0.6428571428571429	LNNELERP:0.32142857142857145	HGHARIHL:0.2857142857142857	FSPGSREW:0.42857142857142855	GVNNELER:0.32142857142857145	VNNELERP:0.42857142857142855	GFRDPGYF:0.21428571428571427	SWLVLPDL:0.25	MALGAPRF:0.21428571428571427	DPAFFRDP:0.21428571428571427	WMALGAPR:0.21428571428571427	AYSWLVLP:0.21428571428571427	FRDPAFFR:0.21428571428571427	RDPAFFRD:0.21428571428571427	QAYSWLVL:0.21428571428571427	ELERPHVI:0.21428571428571427	YSWLVLPD:0.25	APTGLYGM:0.21428571428571427	PLNGSGLV:0.2857142857142857	LGPAMPDG:0.21428571428571427	PAMPDGFS:0.21428571428571427	GPAMPDGF:0.21428571428571427	TGLYGMVA:0.2857142857142857	CWWVTGEG:0.21428571428571427	GLYGMVAD:0.2857142857142857	YCWWVTGE:0.21428571428571427	
