cluster number:5
GH68:11	GH68:11
QQTERPHL:0.2727272727272727	NQQTERPH:0.2727272727272727	GSREWAGS:0.36363636363636365	IIYAFRDP:0.2727272727272727	DGLYGFVG:0.2727272727272727	GSRQWAGS:0.36363636363636365	YAFRDPYF:0.2727272727272727	AFRDPYFF:0.2727272727272727	YKPLNGSG:0.2727272727272727	LGSRQWAG:0.36363636363636365	LTYEQRLA:0.2727272727272727	KPLNGSGL:0.2727272727272727	NPYQAYSW:0.36363636363636365	PLNGSGLV:0.5454545454545454	LPPLLEAN:0.2727272727272727	VNDELERP:0.2727272727272727	ALGSRQWA:0.36363636363636365	VWIWDTWP:0.2727272727272727	PDGLYGFV:0.2727272727272727	GPDGLYGF:0.2727272727272727	WIWDTWPL:0.2727272727272727	EYLLFEGN:0.2727272727272727	LYQTLEQS:0.2727272727272727	LNGSGLVL:0.45454545454545453	PYQAYSWL:0.2727272727272727	VLANPPEN:0.2727272727272727	LVLANPPE:0.2727272727272727	WAGSAMMD:0.2727272727272727	ATIRYFYS:0.2727272727272727	AYSWLVLP:0.2727272727272727	YQAYSWLV:0.2727272727272727	GLVLANPP:0.2727272727272727	LFEGNSGG:0.2727272727272727	NGNIGIAE:0.2727272727272727	QAYSWLVL:0.2727272727272727	PGKVHDIA:0.2727272727272727	GNIGIAEV:0.2727272727272727	GLYGFVSD:0.2727272727272727	GPEGLYGF:0.2727272727272727	LPGKVHDI:0.2727272727272727	YILFEGNS:0.2727272727272727	SGLVLANP:0.45454545454545453	VLPGKVHD:0.2727272727272727	GSGLVLAN:0.36363636363636365	NGSGLVLA:0.36363636363636365	
