cluster number:26
GT10:11	GT10:11
YNEYFAWH:0.7272727272727273	PHSFIHVD:0.45454545454545453	HVDQFESP:0.7272727272727273	FYLSFENS:0.6363636363636364	TAYNEYFA:0.7272727272727273	VDQFESPA:0.7272727272727273	LSFENSLC:0.5454545454545454	PAKLADYL:0.6363636363636364	YLSFENSL:0.5454545454545454	ADYLKYLD:0.6363636363636364	IHVDQFES:0.7272727272727273	QFESPAKL:0.7272727272727273	ESPAKLAD:0.6363636363636364	SPAKLADY:0.6363636363636364	APPHSFIH:0.45454545454545453	RVAPPHSF:0.2727272727272727	AYNEYFAW:0.7272727272727273	KLADYLKY:0.6363636363636364	AKLADYLK:0.6363636363636364	SFIHVDQF:0.8181818181818182	VAPPHSFI:0.2727272727272727	KFYLSFEN:0.7272727272727273	HSFIHVDQ:0.36363636363636365	VAWFVSNC:0.2727272727272727	VMGASIEE:0.45454545454545453	LADYLKYL:0.6363636363636364	YKFYLSFE:0.7272727272727273	FESPAKLA:0.7272727272727273	DQFESPAK:0.7272727272727273	PPHSFIHV:0.45454545454545453	FIHVDQFE:0.7272727272727273	IEEYERVA:0.5454545454545454	ERVAPPYS:0.45454545454545453	VAPPYSFI:0.45454545454545453	NDGCNGRK:0.45454545454545453	SQAFGPYW:0.45454545454545453	YERVAPPY:0.45454545454545453	GASIEEYE:0.5454545454545454	DYLKYLDK:0.45454545454545453	GPYWVPKV:0.45454545454545453	YLDKNDTA:0.5454545454545454	PPYSFIHV:0.45454545454545453	VARWWNDG:0.45454545454545453	MGASIEEY:0.5454545454545454	AMCLLAHT:0.5454545454545454	AHTSQAFG:0.45454545454545453	EYERVAPP:0.5454545454545454	SIEEYERV:0.5454545454545454	NGRKLRWN:0.45454545454545453	WWNDGCNG:0.45454545454545453	NDTAYNEY:0.5454545454545454	HGHGIIHD:0.45454545454545453	FGPYWVPK:0.45454545454545453	LAHTSQAF:0.45454545454545453	CAMCLLAH:0.5454545454545454	WNDGCNGR:0.45454545454545453	IVMGASIE:0.36363636363636365	KNDTAYNE:0.45454545454545453	EEYERVAP:0.5454545454545454	PQCAMCLL:0.45454545454545453	AFGPYWVP:0.45454545454545453	DTAYNEYF:0.5454545454545454	MCLLAHTS:0.5454545454545454	NYKFYLSF:0.5454545454545454	KVARWWND:0.45454545454545453	YWVPKVAR:0.45454545454545453	YLKYLDKN:0.5454545454545454	PKVARWWN:0.45454545454545453	YFAWHGHG:0.5454545454545454	TSQAFGPY:0.45454545454545453	ARWWNDGC:0.45454545454545453	WVPKVARW:0.45454545454545453	ENYKFYLS:0.45454545454545453	AWHGHGII:0.45454545454545453	RENYKFYL:0.45454545454545453	QPQCAMCL:0.36363636363636365	VPKVARWW:0.45454545454545453	YSFIHVDQ:0.45454545454545453	ASIEEYER:0.5454545454545454	APPYSFIH:0.45454545454545453	KYLDKNDT:0.5454545454545454	GCNGRKLR:0.45454545454545453	DGCNGRKL:0.45454545454545453	QAFGPYWV:0.45454545454545453	LLAHTSQA:0.45454545454545453	RVAPPYSF:0.45454545454545453	LPIVMGAS:0.2727272727272727	CNGRKLRW:0.45454545454545453	LDKNDTAY:0.5454545454545454	HTSQAFGP:0.45454545454545453	GRKLRWNP:0.45454545454545453	CLLAHTSQ:0.45454545454545453	PIVMGASI:0.36363636363636365	WHGHGIIH:0.45454545454545453	NEYFAWHG:0.5454545454545454	PYWVPKVA:0.45454545454545453	EYFAWHGH:0.5454545454545454	DKNDTAYN:0.45454545454545453	FAWHGHGI:0.5454545454545454	PYSFIHVD:0.45454545454545453	RWWNDGCN:0.45454545454545453	LKYLDKND:0.5454545454545454	QCAMCLLA:0.5454545454545454	IIHDYDAQ:0.2727272727272727	SEYVTEKL:0.2727272727272727	GHGIIHDY:0.2727272727272727	LCSEYVTE:0.2727272727272727	TFTSSVGC:0.2727272727272727	VTEKLYKN:0.2727272727272727	SLCSEYVT:0.2727272727272727	EKLYKNAL:0.2727272727272727	VGCLKMMR:0.2727272727272727	SFENSLCS:0.36363636363636365	CSEYVTEK:0.2727272727272727	HGIIHDYD:0.2727272727272727	IPTFTSSV:0.2727272727272727	YVTEKLYK:0.2727272727272727	ENSLCSEY:0.36363636363636365	SVGCLKMM:0.2727272727272727	PTFTSSVG:0.2727272727272727	GCLKMMRE:0.2727272727272727	LKMMRENY:0.2727272727272727	TEKLYKNA:0.2727272727272727	MRENYKFY:0.2727272727272727	EYVTEKLY:0.2727272727272727	NSLCSEYV:0.2727272727272727	KMMRENYK:0.2727272727272727	SSVGCLKM:0.2727272727272727	GIIHDYDA:0.2727272727272727	FTSSVGCL:0.2727272727272727	TSSVGCLK:0.2727272727272727	MMRENYKF:0.2727272727272727	CLKMMREN:0.2727272727272727	FENSLCSE:0.36363636363636365	
