cluster number:170
GH73:7	GH73:7|CBM50:6
LYQYDERP:0.7142857142857143	YDHFIEFL:0.42857142857142855	YDERPEDY:0.2857142857142857	QSKIARYM:0.2857142857142857	VGLIKKYE:0.2857142857142857	YQYDERPE:0.42857142857142855	FIEFLKSR:0.2857142857142857	LKPGQKIR:0.2857142857142857	IRSAYRDY:0.2857142857142857	VAIHESAS:0.2857142857142857	DNLSTIAK:0.2857142857142857	IARYMNNH:0.2857142857142857	NLSTIAKR:0.2857142857142857	KYELYQYD:0.5714285714285714	RYMNNHFG:0.2857142857142857	FSPLFEKY:0.2857142857142857	DHAQELMR:0.2857142857142857	AIHESASG:0.2857142857142857	KKYELYQY:0.42857142857142855	NNHFGIKG:0.7142857142857143	GPNNNTEI:0.2857142857142857	RGIQRGGY:0.5714285714285714	ARYMNNHF:0.2857142857142857	AVAIHESA:0.8571428571428571	LIKKYELY:0.42857142857142855	GQSKIARY:0.2857142857142857	AQSTEDYI:0.2857142857142857	YTVKSGDN:0.2857142857142857	GDNLSTIA:0.2857142857142857	EIRSAYRD:0.2857142857142857	DHFIEFLK:0.2857142857142857	VKSGDNLS:0.2857142857142857	SYDHFIEF:0.42857142857142855	KIARYMNN:0.2857142857142857	PNNNTEIR:0.2857142857142857	YELYQYDE:0.5714285714285714	NNNTEIRS:0.2857142857142857	IKKYELYQ:0.42857142857142855	GIQRGGYA:0.7142857142857143	HFIEFLKS:0.2857142857142857	ELYQYDER:0.5714285714285714	GLIKKYEL:0.42857142857142855	TVKSGDNL:0.2857142857142857	SKIARYMN:0.2857142857142857	WARGIQRG:0.5714285714285714	QYDERPED:0.2857142857142857	KGPNNNTE:0.2857142857142857	ARGIQRGG:0.5714285714285714	IARYLNNH:0.42857142857142855	SVILAVAI:0.5714285714285714	PASVILAV:0.5714285714285714	ASVILAVA:0.5714285714285714	RYLNNHFG:0.42857142857142855	VILAVAIH:0.5714285714285714	VPASVILA:0.42857142857142855	YLNNHFGI:0.42857142857142855	ILAVAIHE:0.7142857142857143	ARYLNNHF:0.42857142857142855	LNNHFGIK:0.5714285714285714	LAVAIHES:0.7142857142857143	HKIPASII:0.2857142857142857	VAIHESAA:0.42857142857142855	AIHESAAG:0.5714285714285714	SRSWASQV:0.2857142857142857	NNHFGVKG:0.2857142857142857	LKPGQKLK:0.2857142857142857	NTEIRSSY:0.2857142857142857	IRSSYRDY:0.2857142857142857	TEIRSSYR:0.2857142857142857	IPASIILA:0.2857142857142857	HFGVKGPN:0.2857142857142857	KYDQYDYK:0.2857142857142857	EIRSSYRD:0.2857142857142857	NHFGVKGP:0.2857142857142857	KIPASIIL:0.2857142857142857	YDERPDDY:0.42857142857142855	QYDERPDD:0.42857142857142855	FLKSRSSF:0.2857142857142857	QRGGYARS:0.42857142857142855	IQRGGYAR:0.42857142857142855	RGGYARSR:0.42857142857142855	ESYDHFIE:0.2857142857142857	EFLKSRSS:0.2857142857142857	YTVKAGDN:0.2857142857142857	YQYDERPD:0.2857142857142857	TVKAGDNL:0.2857142857142857	KIARYLNN:0.2857142857142857	GYARSRTW:0.2857142857142857	YARSRTWA:0.2857142857142857	NHFGIKGA:0.42857142857142855	HFGIKGAN:0.42857142857142855	SKIARYLN:0.2857142857142857	GTSKIARY:0.2857142857142857	GIKGANSN:0.42857142857142855	ALMKKNGL:0.2857142857142857	LMKKNGLK:0.2857142857142857	TSKIARYL:0.2857142857142857	KPGQKLKL:0.2857142857142857	GGYARSRT:0.2857142857142857	MKKNGLKG:0.2857142857142857	FGIKGANS:0.42857142857142855	SALKPGQK:0.2857142857142857	
