cluster number:35
GH73:12	GH73:12
GNREVPRL:0.4166666666666667	LAGTLDKY:0.5833333333333334	KLDQVDEA:0.25	LILVANEN:0.25	YGLARFDT:0.4166666666666667	DGIREMIR:0.3333333333333333	NLNTNNAY:0.3333333333333333	IDGIREMI:0.3333333333333333	VQQKKMVF:0.25	PSLVLAQA:0.5833333333333334	APLILVAN:0.4166666666666667	REVPRLTF:0.6666666666666666	GQWDFSGK:0.4166666666666667	SERWQKTS:0.25	IMPPSLVL:0.4166666666666667	YIDGIREM:0.3333333333333333	QRKELGNY:0.6666666666666666	SERGQAYI:0.5833333333333334	QAAEESGW:0.9166666666666666	AYIDGIRE:0.25	IREMIRYN:0.25	EGNAFFGQ:0.8333333333333334	NKLDQVDE:0.25	ASVEGYML:0.3333333333333333	VLAQAAEE:0.5	KQQRKELG:0.5	GQAYIDGI:0.5	SLVLAQAA:0.5833333333333334	GNYGLARF:0.75	YSERGQAY:0.6666666666666666	RYNKLDQV:0.25	GMIPKQQR:0.25	KELGNYGL:0.6666666666666666	SGWATSRF:0.8333333333333334	DFSGKGMI:0.25	FTVEGNAF:0.4166666666666667	NREVPRLT:0.4166666666666667	TLDKYSER:0.75	NNAYKKLR:0.25	VANENILL:0.25	ELGNYGLA:0.75	TVEGNAFF:0.4166666666666667	GLARFDTP:0.4166666666666667	WDFSGKGM:0.4166666666666667	QQKKMVFF:0.25	LDQVDEAY:0.4166666666666667	SGKGMIPK:0.25	RFTVEGNA:0.4166666666666667	SVEGYMLN:0.4166666666666667	MIRYNKLD:0.25	TNNAYKKL:0.25	NTNNAYKK:0.25	PPSLVLAQ:0.5833333333333334	ANENILLE:0.25	LDKYSERG:0.75	ERGQAYID:0.5833333333333334	EESGWATS:0.75	KKMVFFRL:0.4166666666666667	VDEAYLSD:0.4166666666666667	NAFFGQWD:0.8333333333333334	TSRFTVEG:0.4166666666666667	AGTLDKYS:0.5833333333333334	KYSERGQA:0.5833333333333334	FFGQWDFS:0.6666666666666666	RKELGNYG:0.6666666666666666	IPVQQKKM:0.3333333333333333	LELAGTLD:0.25	FSGKGMIP:0.25	MPPSLVLA:0.4166666666666667	TGLELAGT:0.25	LAQAAEES:0.9166666666666666	LGNYGLAR:0.75	AFFGQWDF:0.75	ESGWATSR:0.8333333333333334	IRYNKLDQ:0.25	ATSRFTVE:0.4166666666666667	RPTKAPKD:0.25	VSERWQKT:0.25	QAYIDGIR:0.4166666666666667	LVLAQAAE:0.5	GIREMIRY:0.25	PVQQKKMV:0.25	ELAGTLDK:0.3333333333333333	ILVANENI:0.25	SRFTVEGN:0.4166666666666667	DQVDEAYL:0.4166666666666667	PKQQRKEL:0.5	EVPRLTFE:0.5	FGQWDFSG:0.75	IPKQQRKE:0.25	YNKLDQVD:0.25	GWATSRFT:0.75	VEGNAFFG:0.4166666666666667	DIMPPSLV:0.4166666666666667	WATSRFTV:0.4166666666666667	LVANENIL:0.25	AAEESGWA:0.75	AEESGWAT:0.75	QKKMVFFR:0.25	GTLDKYSE:0.5833333333333334	AQAAEESG:0.9166666666666666	QQRKELGN:0.5	PLILVANE:0.4166666666666667	GLELAGTL:0.25	MIPKQQRK:0.25	QWDFSGKG:0.4166666666666667	ITGLELAG:0.25	RGQAYIDG:0.5833333333333334	VDIMPPSL:0.5	QVDEAYLS:0.4166666666666667	DKYSERGQ:0.75	NENILLER:0.25	NYGLARFD:0.6666666666666666	GNAFFGQW:0.8333333333333334	MAPLILVA:0.25	DTPLASVE:0.25	FFRLMAPL:0.5833333333333334	LMAPLILV:0.3333333333333333	RLMAPLIL:0.5	RFDTPLAS:0.25	FRLMAPLI:0.5	MVFFRLMA:0.3333333333333333	PLASVEGY:0.5	RVDIMPPS:0.3333333333333333	KMVFFRLM:0.3333333333333333	ARFDTPLA:0.25	VFFRLMAP:0.5	LARFDTPL:0.25	TPLASVEG:0.25	FDTPLASV:0.25	PPSLALAQ:0.3333333333333333	ALAQAAEE:0.4166666666666667	EGYMLNIN:0.25	GLARFDSP:0.25	SLALAQAA:0.3333333333333333	VEGYMLNI:0.25	PSLALAQA:0.3333333333333333	YGLARFDS:0.25	LALAQAAE:0.3333333333333333	LARFDSPL:0.25	WDFSGNGM:0.3333333333333333	QWDFSGNG:0.3333333333333333	TSNEIPVQ:0.3333333333333333	GQWDFSGN:0.3333333333333333	EIPVQQKK:0.25	WATSRFTL:0.25	ARFDSPLA:0.3333333333333333	SPLASVEG:0.25	LASVEGYM:0.3333333333333333	RFTLEGNA:0.25	RFDSPLAS:0.3333333333333333	TSRFTLEG:0.25	NEIPVQQK:0.25	ATSRFTLE:0.25	SRFTLEGN:0.25	FDSPLASV:0.3333333333333333	DSPLASVE:0.3333333333333333	QVDQAYLS:0.25	VDILPPSL:0.25	KTSNEIPV:0.25	SNEIPVQQ:0.25	
