cluster number:94
GH73:43	GH73:43
SGWGQRPL:0.3953488372093023	ALESGWGQ:0.4186046511627907	ESGWGQRP:0.4186046511627907	GGYATDPA:0.6744186046511628	GWGQRPLR:0.3023255813953488	AALESGWG:0.9534883720930233	LFGIKAGA:0.37209302325581395	HAALESGW:0.9069767441860465	LESGWGQR:0.4186046511627907	AHAALESG:0.9069767441860465	NLFGIKAG:0.5581395348837209	GYATDPAY:0.6976744186046512	THNLFGIK:0.37209302325581395	YATDPAYA:0.4418604651162791	HNLFGIKA:0.5813953488372093	ARGGYATD:0.6511627906976745	RGGYATDP:0.7441860465116279	VAAHAALE:0.46511627906976744	GLARGGYA:0.2558139534883721	LARGGYAT:0.6511627906976745	AAHAALES:0.5348837209302325	RAYPDYRS:0.2558139534883721	ATDPAYSS:0.23255813953488372	FSRLQRDI:0.23255813953488372	AYPDYRSA:0.2558139534883721	LLRGSSRF:0.23255813953488372	GSSRFREV:0.23255813953488372	DVLTTEYV:0.2558139534883721	GGRVRIQG:0.23255813953488372	IAATIAQG:0.23255813953488372	LRGSSRFR:0.23255813953488372	VADVLTTE:0.32558139534883723	SDWARAAS:0.23255813953488372	AATIAQGF:0.23255813953488372	TTEYVGGE:0.23255813953488372	DPAYSSKL:0.23255813953488372	TVERFRAY:0.32558139534883723	GANTHNLF:0.23255813953488372	GDDAAAFA:0.23255813953488372	RIAADVAA:0.23255813953488372	ANTHNLFG:0.23255813953488372	AEFSRLQR:0.23255813953488372	RLQRDIAA:0.23255813953488372	ALLRGSSR:0.23255813953488372	SGDGGRVR:0.23255813953488372	LQRDIAAT:0.23255813953488372	PDYRSAFA:0.23255813953488372	DWARAASA:0.23255813953488372	ADVLTTEY:0.32558139534883723	ADYAALLR:0.23255813953488372	RFRAYPDY:0.2558139534883721	LTTEYVGG:0.23255813953488372	SGWGRRPL:0.23255813953488372	AFADYAAL:0.23255813953488372	GRRPLTTG:0.23255813953488372	ERFRAYPD:0.27906976744186046	DYAALLRG:0.23255813953488372	SRLQRDIA:0.23255813953488372	FGIKAGAN:0.23255813953488372	KTVERFRA:0.32558139534883723	DYRSAFAD:0.23255813953488372	IAADVAAS:0.23255813953488372	TGDDAAAF:0.20930232558139536	FADYAALL:0.23255813953488372	YPDYRSAF:0.2558139534883721	ALESGWGR:0.37209302325581395	RDIAATIA:0.23255813953488372	YAALLRGS:0.23255813953488372	AAAFAAAL:0.20930232558139536	DDAAAFAA:0.20930232558139536	YRSAFADY:0.23255813953488372	RGSSRFRE:0.23255813953488372	SAFADYAA:0.23255813953488372	ATIAQGFD:0.23255813953488372	LESGWGRR:0.23255813953488372	AAALARGG:0.20930232558139536	QRDIAATI:0.23255813953488372	AALLRGSS:0.23255813953488372	RSAFADYA:0.23255813953488372	VLTTEYVG:0.23255813953488372	ALARGGYA:0.3953488372093023	AAFAAALA:0.20930232558139536	FAAALARG:0.20930232558139536	AFAAALAR:0.20930232558139536	DAAAFAAA:0.20930232558139536	AALARGGY:0.20930232558139536	DIAATIAQ:0.23255813953488372	ESGWGRRP:0.23255813953488372	WGRRPLTT:0.23255813953488372	LVAAHAAL:0.32558139534883723	TDPAYSSK:0.23255813953488372	GDGGRVRI:0.23255813953488372	FRAYPDYR:0.3488372093023256	VERFRAYP:0.2558139534883721	DGGRVRIQ:0.23255813953488372	GIKAGANW:0.23255813953488372	EFSRLQRD:0.23255813953488372	GTGDDAAA:0.20930232558139536	GWGRRPLT:0.23255813953488372	NTHNLFGI:0.23255813953488372	YATDPAYS:0.23255813953488372	IKTVERFR:0.23255813953488372	SHNLFGIK:0.20930232558139536	
