cluster number:171
GH73:14	GH73:14
AMLETGWL:0.21428571428571427	AQVQHLKA:0.5	GIRAQVQH:0.2857142857142857	PDVRTGIR:0.21428571428571427	VQHLKAYA:0.5	AEGVRGEV:0.21428571428571427	VRTGIRAQ:0.2857142857142857	QHLKAYAS:0.5	APYVEWLG:0.35714285714285715	DVRTGIRA:0.21428571428571427	QVQHLKAY:0.5	TGIRAQVQ:0.2857142857142857	QAMLETGW:0.21428571428571427	RAQVQHLK:0.5	RTGIRAQV:0.2857142857142857	IRAQVQHL:0.2857142857142857	VWSETGGQ:0.21428571428571427	DATAIAEY:0.21428571428571427	ETGGQDDL:0.21428571428571427	ADATAIAE:0.21428571428571427	TKQSDGSY:0.21428571428571427	WSETGGQD:0.21428571428571427	ATKQSDGS:0.21428571428571427	GIKAEVAF:0.21428571428571427	LGVADATA:0.21428571428571427	SETGGQDD:0.21428571428571427	VVLDPGHD:0.21428571428571427	GVADATAI:0.21428571428571427	VADATAIA:0.21428571428571427	YTATKQSD:0.21428571428571427	WYTATKQS:0.21428571428571427	EGIKAEVA:0.21428571428571427	TATKQSDG:0.21428571428571427	PGLIIEHA:0.21428571428571427	GLIIEHAF:0.21428571428571427	LRAQVQHL:0.21428571428571427	HLKAYAST:0.2857142857142857	GLRAQVQH:0.21428571428571427	IRAQIQHL:0.21428571428571427	NFAGLGAT:0.42857142857142855	FAGLGATG:0.2857142857142857	YEFYWSSY:0.35714285714285715	EFYWSSYR:0.21428571428571427	GIRAQIQH:0.21428571428571427	RAQIQHLK:0.2857142857142857	GYEFYWSS:0.35714285714285715	AMKETGWL:0.2857142857142857	FNFAGLGA:0.42857142857142855	QIQHLKAY:0.21428571428571427	QFNFAGLG:0.42857142857142855	TGWLKFGG:0.21428571428571427	ASGYEFYW:0.2857142857142857	AQIQHLKA:0.21428571428571427	QAMKETGW:0.2857142857142857	VAFAQAMK:0.21428571428571427	TASGYEFY:0.21428571428571427	ETGWLKFG:0.21428571428571427	PYVEWLGQ:0.21428571428571427	SGYEFYWS:0.2857142857142857	AQAMKETG:0.21428571428571427	FAQAMKET:0.21428571428571427	NACVDERF:0.21428571428571427	AFAQAMKE:0.21428571428571427	SGAMQTGW:0.21428571428571427	EGVRAEVA:0.21428571428571427	GVRAEVAF:0.21428571428571427	EVAFAQAM:0.21428571428571427	PSVLIEAG:0.21428571428571427	ISIHHNSG:0.21428571428571427	HVQHLKCY:0.21428571428571427	AEVAFAQA:0.21428571428571427	VQHLKCYA:0.21428571428571427	
