cluster number:108
GH73:116	GH73:116
GYATDPDY:0.5086206896551724	YATDPDYA:0.3793103448275862	YHNLFGIK:0.21551724137931033	LESDWGTS:0.2413793103448276	AILESDWG:0.7672413793103449	VLPSITIA:0.2672413793103448	ILESDWGT:0.23275862068965517	SITIAQAI:0.39655172413793105	QAILESDW:0.7672413793103449	AQAILESD:0.75	LPSITIAQ:0.28448275862068967	IAQAILES:0.4396551724137931	ITIAQAIL:0.39655172413793105	TIAQAILE:0.41379310344827586	PSITIAQA:0.28448275862068967	GYATDPGY:0.2413793103448276	KTIRAKFR:0.3620689655172414	TSWNKKKY:0.35344827586206895	YEKYHVLP:0.3448275862068966	IDSLSGHA:0.35344827586206895	DSLSGHAQ:0.35344827586206895	LSGHAQIL:0.35344827586206895	SGHAQILY:0.35344827586206895	EKYHVLPS:0.3448275862068966	GHAQILYE:0.35344827586206895	HAQILYEK:0.33620689655172414	GTSWNKKK:0.35344827586206895	SLSGHAQI:0.35344827586206895	QKSGYATD:0.20689655172413793	VFIDSLSG:0.3620689655172414	AQILYEKY:0.3448275862068966	YHVLPSIT:0.4224137931034483	KSGYATDP:0.20689655172413793	QVFIDSLS:0.3620689655172414	IRAKFRKY:0.3620689655172414	FIDSLSGH:0.35344827586206895	ALQKSGYA:0.20689655172413793	LYEKYHVL:0.3448275862068966	RKTIRAKF:0.3620689655172414	ILYEKYHV:0.3448275862068966	LQKSGYAT:0.20689655172413793	TIRAKFRK:0.3620689655172414	QILYEKYH:0.3448275862068966	KYHVLPSI:0.3879310344827586	NLFGIKGT:0.21551724137931033	HNLFGIKG:0.20689655172413793	AGYATDPD:0.21551724137931033	YKTAAAAL:0.20689655172413793	KRKTIRAK:0.3448275862068966	KFRKYSTF:0.3017241379310345	EQQVFIDS:0.3103448275862069	RKYSTFFE:0.3017241379310345	YSTFFESM:0.3017241379310345	FRKYSTFF:0.3017241379310345	SWNKKKYK:0.33620689655172414	EKGKRKTI:0.3448275862068966	NKKKYKPV:0.3448275862068966	TFFESMDD:0.31896551724137934	KGKRKTIR:0.3448275862068966	SDWGNSEL:0.35344827586206895	KYSTFFES:0.3017241379310345	QQVFIDSL:0.3448275862068966	LESDWGNS:0.3879310344827586	DEQQVFID:0.3103448275862069	RAKFRKYS:0.3103448275862069	ESDWGNSE:0.35344827586206895	FESMDDHA:0.3275862068965517	GKRKTIRA:0.3448275862068966	FFESMDDH:0.31896551724137934	WNKKKYKP:0.3448275862068966	STFFESMD:0.28448275862068967	DWGNSELA:0.35344827586206895	AKFRKYST:0.3103448275862069	ILESDWGN:0.3879310344827586	ITLAQAIL:0.35344827586206895	EFEKGKRK:0.22413793103448276	TLAQAILE:0.3706896551724138	TDEFEKGK:0.22413793103448276	SITLAQAI:0.35344827586206895	HVLPSITL:0.2413793103448276	VLPSITLA:0.2413793103448276	DEFEKGKR:0.22413793103448276	PSITLAQA:0.25	FEKGKRKT:0.22413793103448276	LAQAILES:0.3879310344827586	LPSITLAQ:0.25862068965517243	
