cluster number:30
GH73:6	GH73:6
VKNPKTLV:1.0	LLNHKGKV:0.6666666666666666	YTIMVSVK:1.0	GKKQEKQF:1.0	FFFILFPL:0.8333333333333334	SMYDYLAH:0.8333333333333334	TKEEFIQK:0.8333333333333334	TFIFFFFI:0.6666666666666666	PLLNHKGK:0.6666666666666666	GLLAEPGT:0.8333333333333334	FDNDKKYA:1.0	QDSGFDND:1.0	KSGATGKK:1.0	AEPGTPSI:1.0	AQDLGKSY:1.0	ALDSDFGE:1.0	MTEIIDLY:1.0	ILANKYHN:0.8333333333333334	KDSYTIMV:1.0	EKILANKY:0.8333333333333334	LYDLTRYD:1.0	QFTHYKSW:1.0	DYLAHIKS:1.0	WKYSMYDY:0.8333333333333334	VVTFIFFF:0.6666666666666666	LNDSSTGK:1.0	KGKVDANS:0.8333333333333334	YTKEEFIQ:0.8333333333333334	KKYAKKMT:1.0	IIAQAALD:1.0	VTFIFFFF:0.6666666666666666	QKLQDSGF:1.0	RPSFIIAQ:1.0	FIVVTFIF:0.6666666666666666	IRPSFIIA:1.0	KYHNLFGL:0.8333333333333334	TLNDSSTG:1.0	THYKSWKY:1.0	PGTPSITL:1.0	QAALDSDF:1.0	FIFFFFIL:0.8333333333333334	STGKKQEK:1.0	IQKIVPDA:0.8333333333333334	KKQEKQFT:1.0	LDSDFGEK:1.0	DSSTGKKQ:1.0	YSMYDYLA:0.8333333333333334	LGKSYGIR:1.0	LNFIVVTF:0.6666666666666666	MYDYLAHI:0.8333333333333334	YDLTRYDK:1.0	IIDLYDLT:1.0	NDSSTGKK:1.0	IVPDAQDL:0.8333333333333334	NKYHNLFG:0.8333333333333334	AQAALDSD:1.0	DNDKKYAK:1.0	DSYTIMVS:1.0	DSGFDNDK:1.0	TLVQKLQD:1.0	YKSWKYSM:1.0	SSTGKKQE:1.0	KKMTEIID:1.0	FIQKIVPD:0.8333333333333334	KYAKKMTE:1.0	DFGEKILA:0.8333333333333334	EEFIQKIV:0.8333333333333334	SYGIRPSF:1.0	TGKKQEKQ:1.0	EKQFTHYK:1.0	TYTKEEFI:0.8333333333333334	HNLFGLLA:0.8333333333333334	IVVTFIFF:0.6666666666666666	KMTEIIDL:1.0	LANKYHNL:0.8333333333333334	HKGKVDAN:0.8333333333333334	SVTYTKEE:0.8333333333333334	VSVKNPKT:1.0	VQKLQDSG:1.0	KIVPDAQD:0.8333333333333334	EFIQKIVP:0.8333333333333334	QDLGKSYG:1.0	FFFFILFP:0.8333333333333334	SITLNDSS:1.0	FGLLAEPG:0.8333333333333334	IAQAALDS:1.0	SFIIAQAA:1.0	YHNLFGLL:0.8333333333333334	ATGKKDSY:1.0	TPSITLND:1.0	KNPKTLVQ:1.0	FIIAQAAL:1.0	GEKILANK:0.8333333333333334	QEKQFTHY:1.0	VPDAQDLG:0.8333333333333334	QSVTYTKE:0.8333333333333334	GFDNDKKY:1.0	IDLYDLTR:1.0	LQDSGFDN:1.0	FTHYKSWK:1.0	SVKNPKTL:1.0	NFIVVTFI:0.6666666666666666	SGATGKKD:1.0	PSFIIAQA:1.0	YAKKMTEI:1.0	MVSVKNPK:1.0	SDFGEKIL:0.8333333333333334	IKSGATGK:1.0	YLAHIKSG:1.0	KEEFIQKI:0.8333333333333334	SWKYSMYD:0.8333333333333334	NLFGLLAE:0.8333333333333334	EIIDLYDL:1.0	IMVSVKNP:1.0	GKKDSYTI:1.0	KQFTHYKS:1.0	KKDSYTIM:1.0	KYSMYDYL:0.8333333333333334	ANSRQSVT:0.8333333333333334	SGFDNDKK:1.0	PDAQDLGK:1.0	FPLLNHKG:0.6666666666666666	GTPSITLN:1.0	LAEPGTPS:1.0	GATGKKDS:1.0	PKTLVQKL:1.0	LNHKGKVD:0.6666666666666666	KLQDSGFD:1.0	LLAEPGTP:1.0	TEIIDLYD:1.0	FFILFPLL:0.8333333333333334	AALDSDFG:1.0	YDYLAHIK:0.8333333333333334	GKVDANSR:0.8333333333333334	TIMVSVKN:1.0	AHIKSGAT:1.0	KILANKYH:0.8333333333333334	DSDFGEKI:0.8333333333333334	DANSRQSV:0.8333333333333334	YGIRPSFI:1.0	ITLNDSST:1.0	KVDANSRQ:0.8333333333333334	KQEKQFTH:1.0	LVQKLQDS:1.0	DLYDLTRY:1.0	SRQSVTYT:0.8333333333333334	DKKYAKKM:1.0	QKIVPDAQ:0.8333333333333334	PSITLNDS:1.0	FILFPLLN:0.6666666666666666	NPKTLVQK:1.0	EPGTPSIT:1.0	NSRQSVTY:0.8333333333333334	ILFPLLNH:0.6666666666666666	LFPLLNHK:0.6666666666666666	GIRPSFII:1.0	TGKKDSYT:1.0	VDANSRQS:0.8333333333333334	RQSVTYTK:0.8333333333333334	DLGKSYGI:1.0	IFFFFILF:0.8333333333333334	GKSYGIRP:1.0	HIKSGATG:1.0	SYTIMVSV:1.0	LFGLLAEP:0.8333333333333334	KSWKYSMY:0.8333333333333334	KTLVQKLQ:1.0	DAQDLGKS:1.0	KSYGIRPS:1.0	LAHIKSGA:1.0	FGEKILAN:0.8333333333333334	VTYTKEEF:0.8333333333333334	AKKMTEII:1.0	HYKSWKYS:1.0	NHKGKVDA:0.6666666666666666	ANKYHNLF:0.8333333333333334	NDKKYAKK:1.0	RFSLLNFI:0.5	RKRFSLLN:0.5	FSLLNFIV:0.5	KRFSLLNF:0.5	SLLNFIVV:0.5	MRKRFSLL:0.5	LLNFIVVT:0.5	
