cluster number:103
GH10:39	GH10:39|CBM2:12|CBM22:9|CBM10:9|CBM60:8|3.2.1.8:6|CE6:4|CBM15:3|CBM6:3|GH43_16:3|CBM5:2|GH62:2|CBM35:1|CBM57:1
VGNITTSG:0.20512820512820512	NEGKWGSV:0.41025641025641024	WIIKSFQL:0.20512820512820512	EGKWGSVE:0.41025641025641024	EIEEWIRD:0.38461538461538464	FVGNITTS:0.20512820512820512	MIDVVNEA:0.28205128205128205	TLWGYVVG:0.28205128205128205	ENEGKWGS:0.41025641025641024	ITPENEGK:0.358974358974359	LPIYISEY:0.20512820512820512	WDQITPEN:0.3333333333333333	DQITPENE:0.3333333333333333	PENEGKWG:0.38461538461538464	IIKSFQLA:0.20512820512820512	IKSFQLAR:0.20512820512820512	QITPENEG:0.358974358974359	LGLPIYIS:0.20512820512820512	GITLWGYV:0.28205128205128205	TPENEGKW:0.38461538461538464	YWDQITPE:0.3333333333333333	PIYISEYD:0.28205128205128205	GLPIYISE:0.20512820512820512	ITLWGYVV:0.28205128205128205	SWDVVNEA:0.41025641025641024	VHGHALVW:0.23076923076923078	AGNIMKMS:0.28205128205128205	DGVGFQMH:0.358974358974359	GVGFQMHV:0.28205128205128205	GNIMKMSY:0.28205128205128205	IDGVGFQM:0.3333333333333333	WHSDYQVP:0.20512820512820512	HGHALVWH:0.2564102564102564	VSWDVVNE:0.20512820512820512	PIDGVGFQ:0.23076923076923078	TAGNIMKM:0.28205128205128205	FQLARQYC:0.28205128205128205	AEIEEWIR:0.3076923076923077	WGSVEGTR:0.2564102564102564	SSSSSSSS:0.48717948717948717	GSVEGTRD:0.20512820512820512	LARQYCPN:0.3076923076923077	SSSSSSSG:0.23076923076923078	TSSSSSSS:0.2564102564102564	QLARQYCP:0.28205128205128205	AAEIEEWI:0.2564102564102564	KWGSVEGT:0.2564102564102564	IEEWIRDY:0.2564102564102564	SSSSSSST:0.28205128205128205	EEWIRDYC:0.2564102564102564	GKWGSVEG:0.2564102564102564	LKVKITEL:0.20512820512820512	KVKITELD:0.20512820512820512	NIMKMSYL:0.23076923076923078	SFQLARQY:0.20512820512820512	KSFQLARQ:0.20512820512820512	GSSSSSSS:0.20512820512820512	STSSSSSS:0.23076923076923078	FFVGNITT:0.2564102564102564	QYWDQITP:0.28205128205128205	
