cluster number:76
GH10:6	GH10:6
PFGAAINA:0.3333333333333333	EYGIISKG:0.8333333333333334	HMGTDLTP:0.3333333333333333	PNVSEFLF:0.5	GIISKGGI:0.5	IISKGGID:0.5	GFYGTYEY:0.3333333333333333	KGGIDTQK:0.5	GHVLVWPG:0.3333333333333333	NEYGIISK:0.8333333333333334	TTKSSLET:0.3333333333333333	QYTRDFMI:0.6666666666666666	TKSSLETG:0.3333333333333333	SKGGIDTQ:0.5	DVVNEAYT:0.8333333333333334	FPFGAAIN:0.3333333333333333	SEFLFWGY:0.3333333333333333	NVSEFLFW:0.5	GGIDTQKQ:0.5	VVNEAYTN:0.8333333333333334	ISKGGIDT:0.5	ISISEFTM:0.6666666666666666	DFMIAAFS:0.6666666666666666	KSSLETGE:0.3333333333333333	RDFMIAAF:0.6666666666666666	TNEYGIIS:0.5	YGIISKGG:0.8333333333333334	RFTNEYGI:0.5	MGTDLTPP:0.3333333333333333	SLETGEAK:0.6666666666666666	FTNEYGII:0.5	SSLETGEA:0.5	VSEFLFWG:0.5	TRDFMIAA:0.6666666666666666	YTRDFMIA:0.6666666666666666	WDVVNEAY:0.8333333333333334	PPEKVLEI:0.3333333333333333	LTPPEKVL:0.3333333333333333	PEKVLEIL:0.3333333333333333	TPPEKVLE:0.3333333333333333	REQYTRDF:0.6666666666666666	PPERVLEI:0.5	ISKGGLDT:0.3333333333333333	PERVLEIL:0.5	GHVLIWPG:0.5	TGGLVQGI:0.3333333333333333	LTPPERVL:0.5	SEFTMDIQ:0.3333333333333333	QQWYYDYI:0.3333333333333333	ENDLKIKS:0.3333333333333333	ETGEAKAL:0.3333333333333333	GLVQGIGI:0.3333333333333333	AMGKAYFS:0.3333333333333333	GKISHWDV:0.3333333333333333	GSDLTPPE:0.5	GGLVQGIG:0.3333333333333333	LAVFENDL:0.3333333333333333	ISEFTMDI:0.3333333333333333	IKGHVLIW:0.3333333333333333	HWDVVNEA:0.6666666666666666	LVQGIGIQ:0.3333333333333333	FTMDIQEP:0.3333333333333333	WYYDYIKR:0.3333333333333333	LETGEAKA:0.3333333333333333	DTQKQQWY:0.5	KGHVLIWP:0.5	GKAYFSLV:0.5	GIISKGGL:0.3333333333333333	FLFWGYVE:0.3333333333333333	VFENDLKI:0.3333333333333333	HVLIWPGF:0.5	ISHWDVVN:0.5	TPPERVLE:0.5	LPKTEITY:0.3333333333333333	IGIQSHIG:0.5	YATLGKQI:0.3333333333333333	VFLLSFKA:0.3333333333333333	GIGIQSHI:0.5	QKQQWYYD:0.5	GIQSHIGS:0.5	EFLFWGYV:0.3333333333333333	DLTPPERV:0.5	QGIGIQSH:0.5	DLPKTEIT:0.3333333333333333	MGKAYFSL:0.6666666666666666	EFTMDIQE:0.3333333333333333	QSHIGSDL:0.5	IREQYTRD:0.3333333333333333	TQKQQWYY:0.5	GRVFLLSF:0.3333333333333333	QWYYDYIK:0.3333333333333333	IGSDLTPP:0.5	KISHWDVV:0.5	FYATLGKQ:0.3333333333333333	IGAMGKAY:0.3333333333333333	HIGSDLTP:0.5	AVFENDLK:0.3333333333333333	VQGIGIQS:0.3333333333333333	SHWDVVNE:0.5	SHIGSDLT:0.5	IISKGGLD:0.3333333333333333	FLLSFKAK:0.3333333333333333	GAMGKAYF:0.3333333333333333	IQSHIGSD:0.5	SDLTPPER:0.3333333333333333	FENDLKIK:0.3333333333333333	YKGMEPDA:0.3333333333333333	LLSFKAKT:0.3333333333333333	KQQWYYDY:0.3333333333333333	SHPNVSEF:0.3333333333333333	NKDNPEKV:0.5	FMIAAFSH:0.5	WPGFNYLT:0.3333333333333333	KDNPEKVT:0.3333333333333333	VNEAYTNR:0.5	IWPGFNYL:0.3333333333333333	MIAAFSHP:0.5	EAYTNRDL:0.3333333333333333	GFNYLTPE:0.3333333333333333	AFSHPNVS:0.3333333333333333	AAFSHPNV:0.5	VLIWPGFN:0.3333333333333333	HPNVSEFL:0.3333333333333333	SISEFTMD:0.5	LIWPGFNY:0.3333333333333333	NEAYTNRD:0.5	YKNFKKAF:0.3333333333333333	EQYTRDFM:0.5	PGFNYLTP:0.3333333333333333	AYTNRDLQ:0.3333333333333333	FSHPNVSE:0.3333333333333333	IAAFSHPN:0.5	ERVLEILS:0.3333333333333333	KAYFSLVH:0.3333333333333333	VREQYTRD:0.3333333333333333	GIDTQKQQ:0.3333333333333333	IDTQKQQW:0.3333333333333333	
