cluster number:40
GH10:76	GH10:76|CBM22:27|3.2.1.8:19|CBM3:8|CBM9:6
FHTLVWHN:0.2631578947368421	RFHTLVWH:0.6710526315789473	IRFHTLVW:0.3684210526315789	AKGVPIDG:0.2236842105263158	LDNQITEL:0.4605263157894737	WDVVNEVI:0.631578947368421	DVVNEVID:0.4605263157894737	INDYNTHE:0.27631578947368424	AKYAYWAL:0.21052631578947367	KGVPIDGV:0.3026315789473684	DGVGHQSH:0.3157894736842105	NQITELDM:0.23684210526315788	DNQITELD:0.4605263157894737	IDGVGHQS:0.27631578947368424	GLDNQITE:0.4605263157894737	LFINDYNT:0.34210526315789475	VGHQSHIR:0.21052631578947367	YQITGTDY:0.2894736842105263	PLLFDERL:0.2631578947368421	PIDGVGHQ:0.5657894736842105	GVPIDGVG:0.5526315789473685	FINDYNTH:0.3026315789473684	WYQITGTD:0.2894736842105263	GVGHQSHI:0.3157894736842105	TLVWHNQT:0.21052631578947367	VVNEVIDP:0.2236842105263158	HTLVWHNQ:0.2631578947368421	LGLDNQIT:0.4605263157894737	VPIDGVGH:0.5526315789473685	QITGTDYI:0.2894736842105263	WGIADNHT:0.3815789473684211	ADNHTWLD:0.3815789473684211	IGAAVEPY:0.3157894736842105	GAAVEPYQ:0.3157894736842105	SHIQIGWP:0.23684210526315788	TFWGIADN:0.39473684210526316	IADNHTWL:0.3815789473684211	AAVEPYQL:0.3157894736842105	QSHIQIGW:0.23684210526315788	GIADNHTW:0.3815789473684211	SWDVVNEV:0.3026315789473684	INDYNTEV:0.3026315789473684	HIQIGWPS:0.27631578947368424	LVAENAMK:0.21052631578947367	HTLVWHSQ:0.4342105263157895	KLYINDYN:0.39473684210526316	GHQSHIQI:0.2894736842105263	VTFWGIAD:0.3815789473684211	HQSHIQIG:0.21052631578947367	LYINDYNT:0.40789473684210525	FWGIADNH:0.3815789473684211	VAENAMKP:0.2631578947368421	LRFHTLVW:0.21052631578947367	FHTLVWHS:0.35526315789473684	LVWHSQVP:0.32894736842105265	AKLYINDY:0.2236842105263158	TLVWHSQV:0.34210526315789475	YINDYNTE:0.32894736842105265	NKQLLLKR:0.21052631578947367	RYDRLFKL:0.21052631578947367	TELDVSMY:0.21052631578947367	HFNSIVAE:0.2236842105263158	YWDVVNEV:0.21052631578947367	DVSMYGWP:0.21052631578947367	ITELDVSM:0.21052631578947367	YGWPPRAY:0.21052631578947367	GKDAPFVF:0.23684210526315788	NSIVAENV:0.23684210526315788	QITELDVS:0.2236842105263158	NQITELDV:0.2236842105263158	IQPEEGKF:0.21052631578947367	VAENVMKP:0.27631578947368424	SPWYQIAG:0.21052631578947367	GIGHQSHI:0.21052631578947367	VSMYGWPP:0.21052631578947367	DRLFKLYE:0.21052631578947367	NHTWLDSR:0.21052631578947367	AENVMKPI:0.2236842105263158	ELDVSMYG:0.21052631578947367	SIVAENVM:0.23684210526315788	YDRLFKLY:0.21052631578947367	NDYNTEVE:0.2236842105263158	DNHTWLDS:0.21052631578947367	FNSIVAEN:0.2236842105263158	IDGIGHQS:0.21052631578947367	DIRFHTLV:0.21052631578947367	VKPAYWAI:0.23684210526315788	IVAENVMK:0.23684210526315788	DGIGHQSH:0.21052631578947367	NTEVEPKR:0.21052631578947367	LDVSMYGW:0.21052631578947367	KPAYWAII:0.21052631578947367	RLFKLYEK:0.21052631578947367	PIDGIGHQ:0.2236842105263158	QNKQLLLK:0.21052631578947367	YNTEVEPK:0.21052631578947367	PAYWAIID:0.21052631578947367	MYGWPPRA:0.21052631578947367	WDVVNEVV:0.23684210526315788	SMYGWPPR:0.21052631578947367	MDIRFHTL:0.21052631578947367	DYNTEVEP:0.21052631578947367	WFFLDKEG:0.2236842105263158	IKLYINDY:0.25	DGVGHQTH:0.2236842105263158	GVGHQTHI:0.21052631578947367	AWDVVNEV:0.2236842105263158	NDYNTHEP:0.2236842105263158	
