cluster number:13
GH10:117	GH10:117|3.2.1.8:38|CBM1:32|CBM22:4|CBM9:3
GVSDKDSW:0.21367521367521367	VSDKDSWR:0.20512820512820512	INDYNLDS:0.452991452991453	LYINDYNL:0.7350427350427351	YINDYNLD:0.7435897435897436	PENSMKWD:0.5128205128205128	GKLIRGHT:0.23931623931623933	TPENSMKW:0.5726495726495726	AWDVVNEI:0.4700854700854701	LTPENSMK:0.28205128205128205	NSMKWDAT:0.4358974358974359	YAWDVVNE:0.4444444444444444	WGVSDKDS:0.2222222222222222	AAGVPIDG:0.20512820512820512	WDVVNEIF:0.5811965811965812	KLYINDYN:0.6837606837606838	SMKWDATE:0.39316239316239315	NGKLIRGH:0.23931623931623933	AKLYINDY:0.717948717948718	ENSMKWDA:0.6153846153846154	VFSRVLGE:0.20512820512820512	RIAFETAR:0.2564102564102564	LVWHSQLP:0.41025641025641024	EIFNEDGS:0.28205128205128205	WHSQLPSW:0.3333333333333333	VLGEDFVR:0.20512820512820512	ELDIAGAS:0.26495726495726496	DFVRIAFE:0.20512820512820512	HSQLPSWV:0.3333333333333333	GIPIDGIG:0.41025641025641024	EVAITELD:0.29914529914529914	VAITELDI:0.29914529914529914	PKCVGITV:0.2222222222222222	KCVGITVW:0.4188034188034188	SVFSRVLG:0.20512820512820512	GEDFVRIA:0.21367521367521367	NEIFNEDG:0.4188034188034188	GITVWGVS:0.38461538461538464	RGHTLVWH:0.41025641025641024	ITELDIAG:0.24786324786324787	LDIAGASS:0.21367521367521367	ITVWGVSD:0.38461538461538464	MKWDATEP:0.3504273504273504	VWHSQLPS:0.2905982905982906	AITELDIA:0.24786324786324787	VVNEIFNE:0.3504273504273504	VRIAFETA:0.2564102564102564	DVVNEIFN:0.3504273504273504	HTLVWHSQ:0.41025641025641024	EDFVRIAF:0.21367521367521367	NDYNLDSA:0.3333333333333333	FNEDGSLR:0.24786324786324787	VNEIFNED:0.3504273504273504	LGEDFVRI:0.20512820512820512	IYAWDVVN:0.26495726495726496	KNHITTVM:0.20512820512820512	TLVWHSQL:0.4017094017094017	KWDATEPS:0.2564102564102564	VGITVWGV:0.5042735042735043	PLLFDSNY:0.20512820512820512	TELDIAGA:0.38461538461538464	CVGITVWG:0.5897435897435898	GHTLVWHS:0.4017094017094017	DGIGSQTH:0.3076923076923077	IDGIGSQT:0.28205128205128205	YKGKIYAW:0.2222222222222222	TVWGVSDK:0.27350427350427353	PIDGIGSQ:0.5897435897435898	IRGHTLVW:0.3162393162393162	QGIPIDGI:0.23076923076923078	GIGSQTHL:0.3076923076923077	IPIDGIGS:0.3504273504273504	GKIYAWDV:0.29914529914529914	KGKIYAWD:0.2905982905982906	QVTPENSM:0.23076923076923078	GQVTPENS:0.23076923076923078	VTPENSMK:0.28205128205128205	AADPNAKL:0.28205128205128205	ARAADPNA:0.28205128205128205	ADPNAKLY:0.3162393162393162	DPNAKLYI:0.41025641025641024	PNAKLYIN:0.41025641025641024	NAKLYIND:0.42735042735042733	RAADPNAK:0.27350427350427353	KLIRGHTL:0.3162393162393162	VPIDGIGS:0.23931623931623933	GVPIDGIG:0.2905982905982906	LIRGHTLV:0.2222222222222222	AGVPIDGI:0.23931623931623933	
