cluster number:91
GH10:107	GH10:107|3.2.1.8:23|CBM22:2
ALLFYNDY:0.8037383177570093	GHTLVWHN:0.7289719626168224	HFNSITAE:0.2897196261682243	YCWDVVNE:0.24299065420560748	FEYAHEAD:0.21495327102803738	LVWHNQTP:0.5046728971962616	PIHGVGLQ:0.22429906542056074	RKNWPFLF:0.3364485981308411	VRGRKNWP:0.42990654205607476	WGAADDYT:0.35514018691588783	FPVRGRKN:0.42990654205607476	FYNDYNES:0.34579439252336447	RGHTLVWH:0.7009345794392523	AADDYTWL:0.35514018691588783	VGLQAHWN:0.2336448598130841	NSITAENE:0.2803738317757009	PVRGRKNW:0.42990654205607476	KNWPFLFD:0.32710280373831774	TLVWHNQT:0.6822429906542056	FWGAADDY:0.3644859813084112	LFYNDYNE:0.7476635514018691	GAADDYTW:0.35514018691588783	HGVGLQAH:0.2523364485981308	TFWGAADD:0.38317757009345793	VWHNQTPD:0.27102803738317754	LLFYNDYN:0.7289719626168224	TAENEMKF:0.3644859813084112	VTFWGAAD:0.38317757009345793	FNSITAEN:0.2897196261682243	GRKNWPFL:0.2803738317757009	ADDYTWLD:0.42990654205607476	HTLVWHNQ:0.7289719626168224	GLQAHWNL:0.2897196261682243	GVGLQAHW:0.2523364485981308	WHNQTPDW:0.308411214953271	ITAENEMK:0.2897196261682243	AFEYAHEA:0.21495327102803738	SITAENEM:0.2897196261682243	RGRKNWPF:0.3644859813084112	RAAIERYA:0.205607476635514	AIERYASL:0.32710280373831774	VRGHTLVW:0.4205607476635514	IERYASLG:0.2523364485981308	AENEMKFE:0.2523364485981308	AWDVVNEA:0.2336448598130841	YAWDVVNE:0.38317757009345793	IYAWDVVN:0.3177570093457944	WDVVNEAV:0.34579439252336447	FYNDYNEC:0.2523364485981308	PDALLFYN:0.32710280373831774	HITELDVS:0.22429906542056074	EADPDALL:0.24299065420560748	SVTFWGAA:0.2803738317757009	DPDALLFY:0.3177570093457944	LHITELDV:0.2336448598130841	ADPDALLF:0.3177570093457944	DALLFYND:0.34579439252336447	PIHGIGMQ:0.21495327102803738	CWDVVNEA:0.21495327102803738	TELDVSMF:0.205607476635514	NWPFLFDE:0.2523364485981308	
