cluster number:88
GH10:26	GH10:26|3.2.1.-:1
DRYSWIEG:0.34615384615384615	YSWIEGFE:0.34615384615384615	GVPVDALG:0.6153846153846154	IEGFEPRK:0.2692307692307692	QSHLVTQG:0.4230769230769231	SWIEGFEP:0.4230769230769231	AGVLKLLE:0.2692307692307692	LITELDVR:0.23076923076923078	LLEGFRRR:0.23076923076923078	EPGNAAHR:0.23076923076923078	TELDVRDN:0.5	GVLKLLEG:0.2692307692307692	LLITELDV:0.2692307692307692	ITELDVRD:0.5	HRAGVLKL:0.2692307692307692	EGFEPRKD:0.2692307692307692	RAGVLKLL:0.2692307692307692	RGVPVDAL:0.6153846153846154	RYSWIEGF:0.34615384615384615	VLKLLEGF:0.2692307692307692	WIEGFEPR:0.4230769230769231	WRRFLDAV:0.4230769230769231	RFLDAVTA:0.3076923076923077	AVRGHNLL:0.23076923076923078	VYNDYMSW:0.6923076923076923	NLLWHQPK:0.5	RGHNLLWH:0.5	RRFLDAVT:0.34615384615384615	AENEMKWQ:0.5	LVYNDYMS:0.6923076923076923	PVDALGVQ:0.5384615384615384	LLWHQPKW:0.5	GVQSHLVT:0.34615384615384615	YMSWEPGN:0.46153846153846156	FLDAVTAM:0.34615384615384615	YNDYMSWE:0.6923076923076923	AQLVYNDY:0.6153846153846154	GHNLLWHQ:0.5	VDALGVQS:0.5384615384615384	MSWEPGNA:0.4230769230769231	YDVVNEAV:0.5	VPVDALGV:0.5384615384615384	DALGVQSH:0.5384615384615384	LAVRGHNL:0.23076923076923078	VRGHNLLW:0.5	HNLLWHQP:0.5	EATLDLAF:0.34615384615384615	SYDVVNEA:0.6153846153846154	LGVQSHLV:0.34615384615384615	NDYMSWEP:0.6153846153846154	VLRLLEGF:0.23076923076923078	LDAVTAMG:0.34615384615384615	DLAFHTAR:0.46153846153846156	DAVTAMGY:0.46153846153846156	VQSHLVTQ:0.34615384615384615	LRLLEGFR:0.23076923076923078	PEATLDLA:0.34615384615384615	LDLAFHTA:0.2692307692307692	TLDLAFHT:0.2692307692307692	DYMSWEPG:0.5	ALGVQSHL:0.4230769230769231	VAENEMKW:0.5	GVLRLLEG:0.2692307692307692	QLVYNDYM:0.6538461538461539	RAGVLRLL:0.23076923076923078	RGHTLLWH:0.2692307692307692	HRAGVLRL:0.23076923076923078	ENEMKWQA:0.4230769230769231	AGVLRLLE:0.23076923076923078	LLEGFRKR:0.23076923076923078	RPCPYDAA:0.2692307692307692	APHAQLVY:0.2692307692307692	DKARRRPC:0.2692307692307692	ADRGSFAN:0.3076923076923077	DFTRFDAM:0.23076923076923078	KARRRPCP:0.2692307692307692	AAPHAQLV:0.23076923076923078	FDFTRFDA:0.23076923076923078	LPVRGHNL:0.2692307692307692	ARRRPCPY:0.2692307692307692	DFTRGYLD:0.2692307692307692	ATTFDFTR:0.23076923076923078	ARGVPVDA:0.2692307692307692	EGFKARGV:0.2692307692307692	PVRGHNLL:0.2692307692307692	ALEGEWRR:0.23076923076923078	DRGSFANP:0.3076923076923077	VADFTRGY:0.2692307692307692	GFKARGVP:0.2692307692307692	GSFANPAY:0.23076923076923078	WHQPKWMP:0.2692307692307692	KPMHAAIA:0.23076923076923078	MHAAIAAA:0.23076923076923078	PGADRGSF:0.3076923076923077	LLEGFKAR:0.2692307692307692	VITELDVR:0.3076923076923077	KARGVPVD:0.2692307692307692	NEMKWQAL:0.2692307692307692	PMHAAIAA:0.23076923076923078	HAQLVYND:0.2692307692307692	EMKWQALR:0.2692307692307692	MKWQALRP:0.2692307692307692	PCPYDAAF:0.2692307692307692	LEGFKARG:0.2692307692307692	RRRPCPYD:0.2692307692307692	FKARGVPV:0.2692307692307692	LWHQPKWM:0.2692307692307692	GADRGSFA:0.3076923076923077	TFDFTRFD:0.23076923076923078	SFANPAYA:0.23076923076923078	RRPCPYDA:0.2692307692307692	TTFDFTRF:0.23076923076923078	PHAQLVYN:0.2692307692307692	LEGEWRRF:0.2692307692307692	ADFTRGYL:0.2692307692307692	EWRRFLDA:0.2692307692307692	
