cluster number:55
GH10:103	GH10:103|3.2.1.8:11|GH43_12:2|CBM57:1|3.2.1.55:1|CE1:1
ELYYNDYN:0.23300970873786409	GWDVVNEA:0.5048543689320388	AELYYNDY:0.6699029126213593	KGWDVVNE:0.39805825242718446	AHEADPDA:0.2912621359223301	PDAELYYN:0.39805825242718446	ADPDAELY:0.3883495145631068	HEADPDAE:0.2912621359223301	DPDAELYY:0.3786407766990291	ELYYNDYS:0.39805825242718446	LYYNDYSM:0.3106796116504854	EADPDAEL:0.3300970873786408	DAELYYND:0.39805825242718446	HTLIWHSQ:0.2912621359223301	IVAENCMK:0.34951456310679613	DYPLLFDR:0.32038834951456313	GHTLIWHS:0.2912621359223301	SIVAENCM:0.2621359223300971	WDVVNEAI:0.49514563106796117	VVGRYKGR:0.20388349514563106	RTDYPLLF:0.2912621359223301	TDYPLLFD:0.2621359223300971	YYNDYSMA:0.20388349514563106	GRTDYPLL:0.2912621359223301	VAENCMKS:0.30097087378640774	TVVGRYKG:0.2524271844660194	IKGWDVVN:0.21359223300970873	FNSIVAEN:0.21359223300970873	
