cluster number:4
CBM48:774	CBM48:774|GH13_10:761|GH77:12|GH13:9
GYDGVLPY:0.4444444444444444	VVYNHFGP:0.851421188630491	RFDAVHAI:0.2222222222222222	DQIGNRAF:0.26098191214470284	WGYDGVLP:0.7390180878552972	YNHFGPDG:0.6757105943152455	QIGNRAFG:0.26098191214470284	HDQIGNRA:0.5697674418604651	DVVYNHFG:0.8552971576227391	NWGYDGVL:0.7493540051679587	VYNHFGPD:0.6059431524547804	YDGVLPYA:0.44315245478036175	GPDGNYLH:0.2222222222222222	HVHLVLEN:0.31266149870801035	FLDVVYNH:0.28811369509043927	VFLDVVYN:0.27002583979328165	HFGPDGNY:0.5736434108527132	QNHDQIGN:0.5788113695090439	RNWGYDGV:0.6912144702842378	MVFLDVVY:0.20284237726098192	FGPDGNYL:0.5348837209302325	NHDQIGNR:0.599483204134367	RHVHLVLE:0.32041343669250644	LGVTAIEL:0.25193798449612403	NHFGPDGN:0.665374677002584	DGVLPYAP:0.4289405684754522	LDVVYNHF:0.7532299741602068	LRLDAVHA:0.4728682170542636	QIGNRALG:0.20671834625322996	GLRLDAVH:0.4806201550387597	VREGRRRE:0.23255813953488372	AVREGRRR:0.22868217054263565	YRFDGLRL:0.3152454780361757	FDGLRLDA:0.4392764857881137	DGLRLDAV:0.5090439276485789	DQIGNRAL:0.20671834625322996	PLLFMGEE:0.29457364341085274	FLQNHDQI:0.4496124031007752	RFDGLRLD:0.3708010335917313	REGRRREF:0.23385012919896642	RLDAVHAI:0.4599483204134367	LQNHDQIG:0.4573643410852713	DPASRFQP:0.20930232558139536	GNRAFGER:0.417312661498708	GYDGVLPF:0.29457364341085274	DGVLPFAP:0.29198966408268734	LLDVVYNH:0.21059431524547803	IPLLFMGE:0.2467700258397933	EYRFDGLR:0.3695090439276486	GITAIELM:0.26098191214470284	ARWRLGDG:0.24806201550387597	VLLDVVYN:0.2054263565891473	FDAQWNDD:0.27260981912144705	ITAIELMP:0.26098191214470284	IGNRAFGE:0.2441860465116279	NRAFGERL:0.39018087855297157	YDGVLPFA:0.29457364341085274	DAVREGRR:0.3152454780361757	ELADAVRE:0.21188630490956073	PWGAAIDF:0.2751937984496124	HVLLTGET:0.28165374677002586	TPWGAAID:0.28940568475452194	LHVLLTGE:0.5064599483204134	LADAVREG:0.29457364341085274	ADAVREGR:0.29457364341085274	GNRALGER:0.24289405684754523	HNALHVLL:0.2558139534883721	ALHVLLTG:0.3385012919896641	AVIYELHV:0.28811369509043927	NALHVLLT:0.2558139534883721	NRALGERL:0.23901808785529716	VIYELHVG:0.3152454780361757	HDQVGNRA:0.28165374677002586	QNHDQVGN:0.2648578811369509	NHDQVGNR:0.27906976744186046	WGAAIDFR:0.24289405684754523	VHLVLENE:0.24935400516795866	TAIELMPL:0.2958656330749354	GVTAIELM:0.22868217054263565	VTAIELMP:0.22868217054263565	RPWHEAVI:0.25064599483204136	LQNHDQVG:0.23901808785529716	RGEPSGHL:0.20801033591731266	FLQNHDQV:0.2351421188630491	DAQWNDDG:0.24031007751937986	FVLFLQNH:0.34366925064599485	AFVLFLQN:0.3023255813953488	GRPWHEAV:0.2571059431524548	AQWNDDGH:0.31912144702842377	EAVIYELH:0.2751937984496124	VLFLQNHD:0.34366925064599485	LFLQNHDQ:0.3682170542635659	FALWAPDA:0.2467700258397933	PDPASRAQ:0.22093023255813954	QWNDDGHN:0.23901808785529716	VPDPASRA:0.21963824289405684	RFALWAPD:0.2235142118863049	
