cluster number:58
CBM48:6	CBM48:6
FDNWQSRQ:0.3333333333333333	AMYDEMGN:0.3333333333333333	GVYQYKFI:0.8333333333333334	PDQPAMYD:0.5	PPGVYQYK:0.3333333333333333	MYDEMGNV:0.3333333333333333	WKYAPDQP:0.3333333333333333	GNVNNVLE:0.5	QPAMYDEM:0.3333333333333333	GSFDNWQS:0.3333333333333333	YAPDQPAM:0.5	EMGNVNNV:0.3333333333333333	APDQPAMY:0.5	VEVEGSFD:0.5	PRPQHVVL:0.5	LLPRPQHV:0.5	DEMGNVNN:0.3333333333333333	TTHRYRSK:0.3333333333333333	RPQHVVLN:0.5	YDEMGNVN:0.3333333333333333	NVLEVQEY:0.5	MGNVNNVL:0.3333333333333333	SFDNWQSR:0.3333333333333333	QYKFIVDG:0.6666666666666666	VEGSFDNW:0.3333333333333333	PDAPNLLP:0.3333333333333333	GTTHRYRS:0.3333333333333333	PAMYDEMG:0.3333333333333333	NVNNVLEV:0.5	KYAPDQPA:0.3333333333333333	PNLLPRPQ:0.5	NLLPRPQH:0.5	LPRPQHVV:0.5	FIVDGEWK:0.3333333333333333	PEILDSLD:0.3333333333333333	YKFIVDGE:0.3333333333333333	KFIVDGEW:0.5	EVEGSFDN:0.3333333333333333	PQHVVLNH:0.5	NNVLEVQE:0.5	YQYKFIVD:0.6666666666666666	EGSFDNWQ:0.3333333333333333	VYQYKFIV:0.8333333333333334	DQPAMYDE:0.5	APNLLPRP:0.5	PGVYQYKF:0.8333333333333334	DAPNLLPR:0.3333333333333333	THRYRSKY:0.3333333333333333	VNNVLEVQ:0.5	LEVQEYVP:0.3333333333333333	HRSGNREF:0.3333333333333333	RPGVYQYK:0.3333333333333333	EVQEYVPE:0.3333333333333333	VQEYVPEI:0.3333333333333333	LHRSGNRE:0.3333333333333333	VLEVQEYV:0.3333333333333333	QEYVPEIL:0.3333333333333333	EYVPEILD:0.3333333333333333	LRPGVYQY:0.3333333333333333	
