cluster number:27
CBM48:51	CBM48:51|GH13_10:50
DPASRFQP:0.6470588235294118	SRFQPDGP:0.35294117647058826	ALWNDDFH:0.23529411764705882	GWGYDGVD:0.2549019607843137	GLDALWND:0.21568627450980393	FQGQEFAA:0.23529411764705882	PGRFGWGY:0.37254901960784315	HLDGLRLD:0.37254901960784315	LLRLRRED:0.27450980392156865	PMLFQGQE:0.6274509803921569	DGVDLFAP:0.23529411764705882	FAPTRLYG:0.3333333333333333	RFGWGYDG:0.4117647058823529	PGTPMLFQ:0.2549019607843137	HRDLLRLR:0.23529411764705882	LDGLRLDA:0.39215686274509803	TPMLFQGQ:0.6078431372549019	AVILDVVY:0.35294117647058826	GLAVILDV:0.29411764705882354	DATQQIFD:0.21568627450980393	VVYNHFGP:0.23529411764705882	YHLDGLRL:0.2549019607843137	EYHLDGLR:0.23529411764705882	VALTGRNE:0.27450980392156865	LTGRNEAY:0.23529411764705882	DRLLLVNL:0.3137254901960784	GTFTPEGT:0.3333333333333333	FPGRFGWG:0.37254901960784315	DLLRLRRE:0.2549019607843137	ALTGRNEA:0.23529411764705882	LFQGQEFA:0.23529411764705882	PDPASRFQ:0.45098039215686275	FPDPASRF:0.21568627450980393	VILDVVYN:0.6862745098039216	NHDQIANS:0.3137254901960784	LGLAVILD:0.2549019607843137	WGYDGVDL:0.23529411764705882	TFTPEGTW:0.21568627450980393	YEMHIGTF:0.49019607843137253	LHRDLLRL:0.21568627450980393	LDALWNDD:0.21568627450980393	FLQNHDQI:0.23529411764705882	DGLRLDAT:0.5686274509803921	GLRLDATQ:0.5098039215686274	RDLLRLRR:0.23529411764705882	RLDATQQI:0.21568627450980393	EFPGRFGW:0.2549019607843137	ILDVVYNH:0.7254901960784313	EMHIGTFT:0.47058823529411764	PEPLLAPP:0.3137254901960784	LQNHDQIA:0.27450980392156865	RLLLVNLG:0.35294117647058826	IGTFTPEG:0.21568627450980393	LLVNLGRD:0.2549019607843137	LAVILDVV:0.29411764705882354	PASRFQPD:0.29411764705882354	YDGVDLFA:0.23529411764705882	DVVYNHFG:0.43137254901960786	GYDGVDLF:0.23529411764705882	HIGTFTPE:0.21568627450980393	GTPMLFQG:0.2549019607843137	FGWGYDGV:0.5098039215686274	GRFGWGYD:0.4117647058823529	MLFQGQEF:0.5686274509803921	QNHDQIAN:0.3137254901960784	ASRFQPDG:0.29411764705882354	LLLVNLGR:0.2549019607843137	LDVVYNHF:0.43137254901960786	LFAPTRLY:0.29411764705882354	MHIGTFTP:0.21568627450980393	LLGPQTPM:0.21568627450980393	LGPQTPML:0.21568627450980393	VVYNHLGP:0.47058823529411764	LQNHDQVA:0.23529411764705882	QNHDQVAN:0.23529411764705882	VYNHLGPD:0.39215686274509803	WNDDFHHS:0.21568627450980393	GPQTPMLF:0.21568627450980393	NDDFHHSA:0.21568627450980393	LDVVYNHL:0.47058823529411764	YNHLGPDG:0.39215686274509803	FLQNHDQV:0.23529411764705882	NHLGPDGN:0.37254901960784315	DVVYNHLG:0.47058823529411764	HLGPDGNY:0.35294117647058826	LGPDGNYL:0.35294117647058826	PASRFQPE:0.23529411764705882	ASRFQPEG:0.23529411764705882	TFTREGTF:0.23529411764705882	GTFTREGT:0.29411764705882354	ENHDQVAN:0.21568627450980393	VHFRVWAP:0.2549019607843137	FQPEGPHG:0.23529411764705882	SRFQPEGP:0.2549019607843137	QPEGPHGP:0.2549019607843137	GVHFRVWA:0.2549019607843137	LENHDQVA:0.21568627450980393	PEGPHGPS:0.2549019607843137	RFQPEGPH:0.23529411764705882	FGWGYDGT:0.23529411764705882	LYEMHIGT:0.27450980392156865	SINFDGPN:0.21568627450980393	QTPMLFQG:0.23529411764705882	HIGTFTRE:0.21568627450980393	GLRIDATQ:0.21568627450980393	EFGWGYDG:0.23529411764705882	GEFGWGYD:0.23529411764705882	IGTFTREG:0.21568627450980393	WIDEFHFD:0.21568627450980393	AYWIDEFH:0.23529411764705882	DGLRIDAT:0.21568627450980393	DEFHFDGL:0.21568627450980393	FDGLRIDA:0.21568627450980393	LFQGQEFG:0.3137254901960784	RLPIGAEV:0.23529411764705882	MHIGTFTR:0.21568627450980393	YWIDEFHF:0.21568627450980393	GVILDVVY:0.3137254901960784	PFYYFADH:0.21568627450980393	RRLPIGAE:0.23529411764705882	INFDGPNS:0.21568627450980393	IDEFHFDG:0.21568627450980393	AAYWIDEF:0.23529411764705882	NHDQVANS:0.3333333333333333	EFHFDGLR:0.27450980392156865	NAAYWIDE:0.2549019607843137	PQTPMLFQ:0.23529411764705882	YAPTRLYG:0.21568627450980393	
