cluster number:21
CBM47:15	CBM47:15|CBM6:1|GT2:1|GH29:1
EQADNLLK:0.26666666666666666	YGGGSVTV:0.2	VFNRTDGC:0.2	INPFNEDG:0.4	EIKVFNRT:0.26666666666666666	NFTVSVIN:0.2	LIFANPAQ:0.26666666666666666	YPDCKWIN:0.3333333333333333	AIENKVDG:0.2	YTNDMDYV:0.4	RATNSTWS:0.3333333333333333	AIDGNTNG:0.2	IYTNDMDY:0.4	DCKWINPF:0.3333333333333333	IRIPIFPR:0.26666666666666666	PFNEDGRA:0.3333333333333333	GNTNGNYG:0.2	FSNEYPDC:0.3333333333333333	VWDSEVNH:0.26666666666666666	PTFINLAK:0.2	MSNFTVSV:0.26666666666666666	FNEDGRAT:0.3333333333333333	EVNHNDKF:0.2	SNFTVSVI:0.2	ATQSSTNP:0.26666666666666666	NEDGRATN:0.3333333333333333	GGGSVTVT:0.2	WINPFNED:0.4	MKVNGIRI:0.26666666666666666	QADNLLKG:0.26666666666666666	GFLIFANP:0.26666666666666666	DGRATNST:0.3333333333333333	EDGRATNS:0.3333333333333333	EFSNEYPD:0.3333333333333333	KVFNRTDG:0.2	ALAQGFLI:0.26666666666666666	WDSEVNHN:0.26666666666666666	IGEIKVFN:0.2	NPFNEDGR:0.4	IKVFNRTD:0.26666666666666666	ALTLAEVQ:0.3333333333333333	AQGFLIFA:0.26666666666666666	VNGIRIPI:0.3333333333333333	WWQVDLGS:0.3333333333333333	GRATNSTW:0.3333333333333333	NGTATQSS:0.26666666666666666	GPCTWGLP:0.26666666666666666	KVDGLVLY:0.2	DNLLKGFK:0.26666666666666666	DGNTNGNY:0.2	NEYPDCKW:0.3333333333333333	FANPAQGG:0.3333333333333333	KGPELAID:0.2	ALNGTATQ:0.2	TIYTNDMD:0.2	PIFPRDKN:0.26666666666666666	NTNGNYGG:0.2	GTATQSST:0.3333333333333333	FLIFANPA:0.26666666666666666	SNEYPDCK:0.3333333333333333	NPAQGGGG:0.3333333333333333	NGNYGGGS:0.26666666666666666	GIRIPIFP:0.26666666666666666	WPTFINLA:0.2	KVNGIRIP:0.3333333333333333	IADYITVA:0.26666666666666666	ADNLLKGF:0.3333333333333333	NKVDGLVL:0.2	IENKVDGL:0.2	LAQGFLIF:0.26666666666666666	ANPAQGGG:0.3333333333333333	GGSVTVTN:0.2	NYGGGSVT:0.2	TLAEVQVF:0.4	TATQSSTN:0.26666666666666666	PDCKWINP:0.3333333333333333	LNGTATQS:0.2	NLPVWDSE:0.3333333333333333	PCTWGLPA:0.26666666666666666	LAEVQVFA:0.3333333333333333	EYPDCKWI:0.3333333333333333	LTLAEVQV:0.4	FNRTDGCC:0.2	CKWINPFN:0.3333333333333333	FPRDKNTG:0.26666666666666666	DAKQAFIQ:0.2	AEVQVFAP:0.3333333333333333	SEVNHNDK:0.2	IFANPAQG:0.3333333333333333	IPIFPRDK:0.26666666666666666	QGFLIFAN:0.26666666666666666	IFPRDKNT:0.26666666666666666	GEIKVFNR:0.2	GNYGGGSV:0.26666666666666666	GDAKQAFI:0.2	KWINPFNE:0.4	PVWDSEVN:0.3333333333333333	DSEVNHND:0.26666666666666666	RIPIFPRD:0.26666666666666666	NRTDGCCK:0.2	NKGPELAI:0.2	EVQVFAPD:0.2	LPVWDSEV:0.3333333333333333	QALAQGFL:0.26666666666666666	NGIRIPIF:0.26666666666666666	ENKVDGLV:0.2	TNGNYGGG:0.2	ITVASSHN:0.2	NDMDYVLG:0.3333333333333333	DMDYVLGD:0.3333333333333333	YITVASSH:0.2	TVASSHNL:0.2	TNDMDYVL:0.26666666666666666	AAIANKVD:0.2	IANKVDGL:0.2	AIANKVDG:0.2	VASSHNLG:0.2	ANKVDGLV:0.2	PWWQVDLG:0.6666666666666666	WWQVDLGA:0.26666666666666666	NPWWQVDL:0.5333333333333333	ATDELVNR:0.2	YEQALAQG:0.2	FYEQALAQ:0.2	NGAELIGP:0.2	YFYEQALA:0.2	YVLGDTKQ:0.2	DYFYEQAL:0.2	EQALAQGF:0.2	GAELIGPC:0.2	DYVLGDTK:0.2	IEFSNEYP:0.2	ENLPVWDS:0.2	MDYFYEQA:0.2	ELIGPCTW:0.2	LNGAELIG:0.2	AELIGPCT:0.2	GLNGAELI:0.2	IGPCTWGL:0.2	ATNSTWSI:0.2	HGLNGAEL:0.2	MDYVLGDT:0.2	LIGPCTWG:0.2	
