cluster number:11
CBM47:11	CBM47:11|CBM13:2|GH29:2|GH95:1|CBM32:1
YLSLAEVQ:0.2727272727272727	VNRTARYV:0.2727272727272727	FQAGSVTH:0.2727272727272727	RTDCCSDR:0.36363636363636365	QAGSVTHT:0.2727272727272727	NFQAGSVT:0.2727272727272727	AVNRTARY:0.2727272727272727	SLAEVQVF:0.7272727272727273	NYLSLAEV:0.36363636363636365	QAWWQVDL:0.2727272727272727	TDCCSDRL:0.36363636363636365	LSLAEVQV:0.7272727272727273	VDGNTNGN:0.2727272727272727	AGSVTHTN:0.2727272727272727	AVDGNTNG:0.2727272727272727	GNFQAGSV:0.2727272727272727	DCCSDRLS:0.2727272727272727	KPTSQSST:0.2727272727272727	VWNRTDCC:0.2727272727272727	WNRTDCCA:0.2727272727272727	LAEVQVFG:0.36363636363636365	WNRTDCCS:0.2727272727272727	NRTDCCSD:0.2727272727272727	LSLAEVEV:0.2727272727272727	TGRYVRVQ:0.2727272727272727	RTDCCADR:0.2727272727272727	NRTDCCAD:0.2727272727272727	WWQVDLGA:0.2727272727272727	GRYVRVQL:0.2727272727272727	TDCCADRL:0.2727272727272727	AVDGNTDG:0.2727272727272727	RAVDGNTD:0.2727272727272727	
