cluster number:5
CBM47:12	CBM47:12
KHLENNGI:0.25	QILAISTL:0.4166666666666667	GERISGAR:0.3333333333333333	FHCPQPMI:0.3333333333333333	GRYVTVYL:0.5833333333333334	VNVLFPAP:0.25	MIGRYVTV:0.5833333333333334	TLKSDSAD:0.25	RGRATQSA:0.3333333333333333	AHASNAID:0.25	HASNAIDG:0.4166666666666667	SNAIDGNR:0.3333333333333333	LCEVEVNV:0.25	QLCEVEVN:0.3333333333333333	LFQILAIS:0.5	RYVTVYLP:0.5833333333333334	QENVALRG:0.25	DCCGERIS:0.3333333333333333	RATQSAQL:0.3333333333333333	RILIGKHL:0.25	LLFQILAI:0.5833333333333334	YVTVYLPK:0.5833333333333334	TITNRGDC:0.5833333333333334	ENNGINNP:0.5	VEVNVLFP:0.25	TNRGDCCG:0.6666666666666666	SVTITNRG:0.5833333333333334	ARILIGKH:0.25	LENNGINN:0.5	CEVEVNVL:0.25	IGKHLENN:0.25	ILIGKHLE:0.25	NAIDGNRD:0.3333333333333333	ENVALRGR:0.3333333333333333	ITSVTITN:0.4166666666666667	CPQPMIGR:0.4166666666666667	GRATQSAQ:0.3333333333333333	NVALRGRA:0.3333333333333333	AIDGNRDS:0.5	VALRGRAT:0.3333333333333333	GARILIGK:0.25	VTITNRGD:0.5833333333333334	PQPMIGRY:0.4166666666666667	GDCCGERI:0.5	EVNVLFPA:0.25	SGARILIG:0.4166666666666667	LIGKHLEN:0.25	QVYTITSV:0.25	ALRGRATQ:0.3333333333333333	NVLFPAPC:0.25	GKHLENNG:0.25	YIQENVAL:0.25	YTITSVTI:0.3333333333333333	HLENNGIN:0.25	TSVTITNR:0.4166666666666667	CGERISGA:0.3333333333333333	LQLCEVEV:0.3333333333333333	VYTITSVT:0.25	RISGARIL:0.4166666666666667	CCGERISG:0.3333333333333333	ITNRGDCC:1.0	ISGARILI:0.4166666666666667	LRGRATQS:0.3333333333333333	IQENVALR:0.25	FQILAIST:0.5	ILAISTLK:0.25	TFHCPQPM:0.3333333333333333	IGRYVTVY:0.5833333333333334	QPMIGRYV:0.4166666666666667	GYIQENVA:0.25	EVEVNVLF:0.25	PMIGRYVT:0.5833333333333334	TITSVTIT:0.3333333333333333	HCPQPMIG:0.3333333333333333	NRGDCCGE:0.5	RGDCCGER:0.5	ERISGARI:0.4166666666666667	ASNAIDGN:0.4166666666666667	KVKMIMLL:0.25	TQSAQLRG:0.25	MIMLLFQI:0.3333333333333333	IMLLFQIL:0.5	MLLFQILA:0.5	LHLCEVEV:0.25	RTFHCPQP:0.25	GETRTFHC:0.3333333333333333	ATQSAQLR:0.25	RVDLLQVY:0.3333333333333333	TRTFHCPQ:0.25	KMIMLLFQ:0.3333333333333333	MKVKMIML:0.25	VDLLQVYT:0.3333333333333333	WRVDLLQV:0.3333333333333333	VKMIMLLF:0.3333333333333333	ETRTFHCP:0.25	DLLQVYTI:0.3333333333333333	HLCEVEVN:0.25	VTVYLPKT:0.3333333333333333	VEVNALLP:0.25	NNGINNPQ:0.25	CEVEVNAL:0.25	PWWRVDLL:0.4166666666666667	SLENNGIN:0.25	GNSLENNG:0.25	LCEVEVNA:0.3333333333333333	EVEVNALL:0.25	NGINNPQC:0.25	GINNPQCS:0.25	LIGNSLEN:0.25	ILIGNSLE:0.25	WWRVDLLQ:0.4166666666666667	IGNSLENN:0.25	NSLENNGI:0.25	NPWWRVDL:0.3333333333333333	AVRGKATQ:0.25	TVYLPKTE:0.25	QENVAVRG:0.25	TCNLTDRM:0.25	KTCNLTDR:0.25	MKTCNLTD:0.25	VAVRGKAT:0.25	VRGKATQS:0.25	NVAVRGKA:0.25	ENVAVRGK:0.25	
