cluster number:17
CBM47:32	CBM47:32
LCEVEVYG:0.71875	LSLCEVEV:0.28125	NVALRGKA:0.5	TITNRGDC:0.3125	INGAEIRI:0.375	RINGAEIR:0.375	LTLCEVEV:0.6875	ERINGAEI:0.3125	TNPWWRVD:0.46875	NPWWRVDL:0.5625	NGAEIRIG:0.71875	EIHIGNSL:0.21875	ITNRGDCC:0.53125	WWRVDLLE:0.40625	PWWRVDLL:0.65625	GAEIRIGN:0.21875	AEIRIGNS:0.21875	WWRVDLLD:0.25	YLTLCEVE:0.46875	ALRGKATQ:0.46875	VEGRYVTL:0.21875	AAYNAIDG:0.28125	GAAYNAID:0.28125	YNAIDGNR:0.3125	AYNAIDGN:0.46875	LRGKATQS:0.4375	EVEVYGSR:0.28125	GAEIRIGD:0.625	CEVEVYGS:0.53125	VFLLLLLL:0.21875	EVYGSRLD:0.28125	WRVDLLES:0.25	AEIRIGDS:0.625	RLNGAEIR:0.34375	LNGAEIRI:0.34375	VEVYGSRL:0.28125	VALRGKAT:0.375	EIRIGDSL:0.5625	VDLLESYI:0.21875	RVDLLESY:0.25	AIDGNRES:0.25	CEVEVYGY:0.34375	TLCEVEVY:0.59375	EVEVYGYR:0.34375	LQGKATQS:0.28125	GKATQSSL:0.34375	QTNPWWRV:0.28125	QGKATQSS:0.28125	ASNAIDGN:0.21875	NNPRCAVI:0.3125	NGNNNPRC:0.34375	GNNNPRCA:0.34375	WRLDLRKT:0.21875	PWWRLDLR:0.21875	WWRLDLRK:0.21875	EYLTLCEV:0.375	IRIGDSLD:0.25	EVEVYGSV:0.21875	ENLALQGK:0.28125	VEVYGYRA:0.28125	NNGNNNPR:0.3125	PTGENLAL:0.28125	VYGYRAPT:0.28125	YGYRAPTG:0.21875	RAPTGENL:0.34375	NLALQGKA:0.28125	FQCNGMDG:0.3125	IAYNAIDG:0.28125	GYRAPTGE:0.34375	APTGENLA:0.375	NPWWRLDL:0.25	YRAPTGEN:0.34375	EVYGSVLD:0.21875	VEVYGSVL:0.21875	EQTNPWWR:0.21875	QCNGMDGR:0.3125	CNGMDGRY:0.3125	NGMDGRYV:0.3125	EVYGYRAP:0.28125	GIAYNAID:0.28125	EFQCNGMD:0.28125	YIVTSITI:0.25	RVEGRYVT:0.28125	LALQGKAT:0.25	ITITNRGD:0.25	ALQGKATQ:0.25	VTSITITN:0.21875	NNNPRCAV:0.25	SITITNRG:0.25	TSITITNR:0.25	RCAVITSI:0.21875	CAVITSIP:0.21875	GMDGRYVN:0.25	IGDSLDNN:0.21875	MDGRYVNI:0.21875	GDSLDNNG:0.21875	RIGDSLDN:0.21875	
