cluster number:3
GH14:7	GH14:7
MKDGEQPQ:0.7142857142857143	AQIIHNSN:0.7142857142857143	AATRKTGV:0.7142857142857143	FDGRAYAQ:0.7142857142857143	GVALAGEN:0.7142857142857143	TLGHGEED:0.5714285714285714	RCSPEGLL:0.7142857142857143	ENALPRFD:0.7142857142857143	VWFVRNMS:0.8571428571428571	ATRKTGVA:0.7142857142857143	EGRTLGHG:0.5714285714285714	RTLGHGEE:0.5714285714285714	HNSNLKLQ:0.7142857142857143	PRFDGRAY:0.7142857142857143	DNKSNMCA:0.7142857142857143	KDGEQPQH:0.7142857142857143	NWHSFVWF:0.42857142857142855	AGENALPR:0.7142857142857143	LQGTKDNK:0.7142857142857143	KLQGTKDN:0.7142857142857143	FVRNMSEG:0.8571428571428571	QHARCSPE:0.8571428571428571	RNMSEGRT:0.8571428571428571	LGHGEEDR:0.5714285714285714	DGEQPQHA:0.7142857142857143	YAQIIHNS:0.7142857142857143	TGVALAGE:0.7142857142857143	RAYAQIIH:0.7142857142857143	KSNMCAFT:0.7142857142857143	RKTGVALA:0.7142857142857143	NLKLQGTK:0.7142857142857143	NAAANLRN:0.7142857142857143	TRKTGVAL:0.7142857142857143	ARCSPEGL:0.7142857142857143	KFNAAANL:0.7142857142857143	QPQHARCS:0.8571428571428571	MFQSENWH:0.42857142857142855	HGEEDRCQ:0.7142857142857143	SENWHSFV:0.42857142857142855	NSNLKLQG:0.7142857142857143	KTGVALAG:0.7142857142857143	FNAAANLR:0.7142857142857143	AANLRNEA:0.7142857142857143	MSEGRTLG:0.5714285714285714	KDNKSNMC:0.7142857142857143	ANLRNEAA:0.7142857142857143	LPRFDGRA:0.7142857142857143	LRNEAAAL:0.8571428571428571	NLRNEAAA:0.7142857142857143	QKMFQSEN:0.7142857142857143	GHGEEDRC:0.5714285714285714	ELKFNAAA:0.7142857142857143	DGRAYAQI:0.7142857142857143	SNMCAFTF:0.7142857142857143	VRNMSEGR:0.8571428571428571	AAANLRNE:0.7142857142857143	VALAGENA:0.7142857142857143	EEDRCQTE:0.7142857142857143	CSPEGLLR:0.7142857142857143	WFVRNMSE:0.8571428571428571	GRTLGHGE:0.5714285714285714	IIHNSNLK:0.8571428571428571	GEQPQHAR:0.7142857142857143	QIIHNSNL:0.8571428571428571	MCAFTFLR:0.7142857142857143	GEEDRCQT:0.7142857142857143	FTFLRMNQ:0.7142857142857143	LKLQGTKD:0.7142857142857143	GTKDNKSN:0.7142857142857143	QSENWHSF:0.42857142857142855	QGTKDNKS:0.7142857142857143	ALPRFDGR:0.7142857142857143	NKSNMCAF:0.7142857142857143	ALAGENAL:0.7142857142857143	SFVWFVRN:0.7142857142857143	FEMKDGEQ:0.7142857142857143	ENWHSFVW:0.42857142857142855	GRAYAQII:0.7142857142857143	HARCSPEG:0.7142857142857143	CAFTFLRM:0.7142857142857143	CFEMKDGE:0.7142857142857143	MNQKMFQS:0.7142857142857143	TFLRMNQK:0.7142857142857143	FVWFVRNM:0.8571428571428571	NALPRFDG:0.7142857142857143	LRMNQKMF:0.7142857142857143	IHNSNLKL:0.7142857142857143	SNLKLQGT:0.7142857142857143	RCQTELKF:0.7142857142857143	EAAALMHA:0.8571428571428571	NMSEGRTL:0.8571428571428571	NEAAALMH:0.8571428571428571	QTELKFNA:0.8571428571428571	SEGRTLGH:0.5714285714285714	RNEAAALM:0.8571428571428571	NMCAFTFL:0.7142857142857143	LKFNAAAN:0.7142857142857143	KMFQSENW:0.7142857142857143	WHSFVWFV:0.42857142857142855	RFDGRAYA:0.7142857142857143	GENALPRF:0.7142857142857143	PQHARCSP:0.8571428571428571	HSFVWFVR:0.42857142857142855	NQKMFQSE:0.7142857142857143	SPEGLLRQ:0.7142857142857143	RMNQKMFQ:0.7142857142857143	TAATRKTG:0.7142857142857143	FLRMNQKM:0.7142857142857143	AFTFLRMN:0.8571428571428571	TELKFNAA:0.7142857142857143	AYAQIIHN:0.7142857142857143	EMKDGEQP:0.7142857142857143	FQSENWHS:0.42857142857142855	EDRCQTEL:0.7142857142857143	LAGENALP:0.7142857142857143	DRCQTELK:0.7142857142857143	EQPQHARC:0.8571428571428571	TKDNKSNM:0.7142857142857143	CQTELKFN:0.7142857142857143	ENWYSFVW:0.2857142857142857	WYSFVWFV:0.2857142857142857	VTAATRKT:0.5714285714285714	RQVTAATR:0.5714285714285714	NWYSFVWF:0.2857142857142857	SENWYSFV:0.2857142857142857	LRQVTAAT:0.5714285714285714	FQSENWYS:0.2857142857142857	QSENWYSF:0.2857142857142857	QVTAATRK:0.5714285714285714	LLRQVTAA:0.5714285714285714	MFQSENWY:0.2857142857142857	YSFVWFVR:0.2857142857142857	PEGLLRQV:0.5714285714285714	GLLRQVTA:0.42857142857142855	EGLLRQVT:0.5714285714285714	MFQSENWR:0.2857142857142857	
