cluster number:5
GH48:260	GH48:260|CBM3:56|CBM2:10|GH9:8|3.2.1.176:8|GH74:4|3.2.1.4:3|3.2.1.-:3|GH10:2|CBM64:1
EGFMSLFT:0.23461538461538461	MATAYAEY:0.23846153846153847	YGMYDKYF:0.24615384615384617	GDFLRYGM:0.20384615384615384	PSSPATYA:0.29615384615384616	RYTNATDA:0.23461538461538461	CEAPDYGH:0.20384615384615384	AGGATNSW:0.3769230769230769	YHRFWSQV:0.25384615384615383	QVDMATAY:0.24615384615384617	SPATYAAE:0.2076923076923077	DADARAIQ:0.23076923076923078	ADARAIQA:0.22692307692307692	MHWLLDVD:0.3423076923076923	RFWSQVDM:0.23461538461538461	TTSEAYSY:0.2846153846153846	RVAELYYI:0.21153846153846154	TSEAYSYW:0.26153846153846155	PSNNWFGM:0.23846153846153847	FLRYGMYD:0.20384615384615384	GAIAGGAT:0.3423076923076923	NEGFMSLF:0.2230769230769231	AIAGGATN:0.3423076923076923	KAKKMGDF:0.20384615384615384	LRYGMYDK:0.24615384615384617	GMYDKYFQ:0.24615384615384617	HRFWSQVD:0.25384615384615383	WRYTNATD:0.23461538461538461	HMTTSEAY:0.2	IAGGATNS:0.38461538461538464	MGDFLRYG:0.20384615384615384	DMATAYAE:0.23846153846153847	HWLLDVDN:0.3423076923076923	SQVDMATA:0.23461538461538461	WLLDVDNW:0.28846153846153844	KMGDFLRY:0.2423076923076923	YNPSSPAT:0.23076923076923078	RYGMYDKY:0.24615384615384617	GHMTTSEA:0.2	GGATNSWN:0.2923076923076923	AKKMGDFL:0.20384615384615384	FWSQVDMA:0.23461538461538461	NATDADAR:0.23076923076923078	GFMSLFTK:0.23846153846153847	DFLRYGMY:0.20384615384615384	ERVAELYY:0.2153846153846154	WSQVDMAT:0.23461538461538461	KKMGDFLR:0.20384615384615384	VDMATAYA:0.23846153846153847	MTTSEAYS:0.2	GATNSWNG:0.2923076923076923	EGAIAGGA:0.3192307692307692	QWRYTNAT:0.23461538461538461	TNATDADA:0.23076923076923078	NPSSPATY:0.22692307692307692	FMSLFTKE:0.23846153846153847	MSLFTKEN:0.2	ATDADARA:0.2423076923076923	LLDVDNWY:0.2923076923076923	DPPSNNWF:0.27692307692307694	AWDNMEKY:0.2	GNLLNPSH:0.20384615384615384	NMEKYIIP:0.2153846153846154	YTNATDAD:0.23461538461538461	LDVDNWYG:0.25	SNNWFGMQ:0.2423076923076923	PPSNNWFG:0.27307692307692305	KMGDYLRY:0.3384615384615385	DADARAVQ:0.31153846153846154	IPYHSVET:0.23846153846153847	ADARAVQA:0.29615384615384616	APDADARA:0.28846153846153844	PYHSVETL:0.26153846153846155	GIPYHSVE:0.23846153846153847	VDNWYGFG:0.3	VYHDPPSN:0.2153846153846154	PVYHDPPS:0.2153846153846154	DVDNWYGF:0.29615384615384616	TTSEAFSY:0.2653846153846154	TSEAFSYY:0.22692307692307692	NTFQRGEQ:0.22692307692307692	STFYGMAY:0.22692307692307692	FQRGEQES:0.22692307692307692	TFQRGEQE:0.22692307692307692	
