cluster number:1
PL20:21	PL20:21|4.2.2.14:1|CBM13:1
TFADADPD:0.2857142857142857	FRVGLYAN:0.8095238095238095	FQFRVGLY:0.6666666666666666	FADADPDQ:0.2857142857142857	QFRVGLYA:0.7142857142857143	GCDDYMPS:0.3333333333333333	NIAQFIAD:0.47619047619047616	KVLEQYNL:0.2857142857142857	ADFSNTGC:0.23809523809523808	YGFAFRLQ:0.47619047619047616	FADADPAQ:0.23809523809523808	SYNIAQFI:0.42857142857142855	DTGFYGFA:0.38095238095238093	MVWLSGNQ:0.23809523809523808	WQFQPQSY:0.3333333333333333	YSGRYHSE:0.23809523809523808	SNTGCDDY:0.23809523809523808	GFYGFAFR:0.38095238095238093	RVGLYANG:0.6666666666666666	RSIWFDEI:0.2857142857142857	VYRRGDTG:0.3333333333333333	AQFIADFS:0.38095238095238093	QSYNIAQF:0.47619047619047616	TGFYGFAF:0.38095238095238093	NVYRRGDT:0.3333333333333333	PQSYNIAQ:0.3333333333333333	VWLSGNQL:0.23809523809523808	RRGDTGFY:0.38095238095238093	YRRGDTGF:0.38095238095238093	NLATVTAG:0.2857142857142857	GDTGFYGF:0.42857142857142855	YNIAQFIA:0.47619047619047616	RGDTGFYG:0.42857142857142855	FIADFSNT:0.23809523809523808	ADADPAQW:0.23809523809523808	NTGCDDYM:0.23809523809523808	QPQSYNIA:0.3333333333333333	QFIADFSN:0.23809523809523808	SIWFDEIG:0.23809523809523808	FSNTGCDD:0.23809523809523808	VGLYANGW:0.7142857142857143	TGCDDYMP:0.47619047619047616	TTFADADP:0.47619047619047616	IADFSNTG:0.23809523809523808	QFQPQSYN:0.3333333333333333	TFADADPA:0.23809523809523808	FQPQSYNI:0.3333333333333333	DWQFQPQS:0.38095238095238093	GTTFADAD:0.47619047619047616	IAQFIADF:0.47619047619047616	DFSNTGCD:0.23809523809523808	FYGFAFRL:0.7142857142857143	LYANGWHD:0.47619047619047616	GLYANGWH:0.47619047619047616	YANGWHDD:0.23809523809523808	YHSEVVKN:0.2857142857142857	GRYHSEVV:0.38095238095238093	EVVKNNVY:0.23809523809523808	RYHSEVVK:0.3333333333333333	CDDYMPSS:0.2857142857142857	SDGTGFYK:0.2857142857142857	TGRYHSEV:0.23809523809523808	DDYMPSSM:0.2857142857142857	AGTTFADA:0.2857142857142857	HSEVVKNN:0.23809523809523808	YTGRYHSE:0.23809523809523808	SEVVKNNV:0.23809523809523808	NLATVSAG:0.2857142857142857	GLYANGWY:0.23809523809523808	DRYFQFRV:0.23809523809523808	FAFRLQQD:0.23809523809523808	KWASDGTG:0.2857142857142857	WASDGTGF:0.23809523809523808	QAKWASDG:0.2857142857142857	VIQAKWAS:0.23809523809523808	AKWASDGT:0.2857142857142857	AFRLQQDW:0.23809523809523808	RYFQFRVG:0.23809523809523808	YFQFRVGL:0.23809523809523808	IQAKWASD:0.23809523809523808	YANGWYDD:0.23809523809523808	GFAFRLQQ:0.23809523809523808	ASDGTGFY:0.23809523809523808	DDRYFQFR:0.23809523809523808	LYANGWYD:0.23809523809523808	
