cluster number:0
GH45:71	GH45:71|3.2.1.4:5|CBM1:1
WCCSCYEL:0.2676056338028169	LSYGFAAV:0.2676056338028169	GKAQLKQG:0.22535211267605634	ELTFTDGP:0.23943661971830985	KFVVQATN:0.29577464788732394	FAAVKLAG:0.38028169014084506	AVKLAGKQ:0.23943661971830985	SYGFAAVK:0.2676056338028169	VDDNLSYG:0.2535211267605634	KKFVVQAT:0.29577464788732394	VQATNTGG:0.30985915492957744	KQGPSKTC:0.2112676056338028	LAGKQESD:0.23943661971830985	AAVKLAGK:0.23943661971830985	CYELTFTD:0.28169014084507044	GFAAVKLA:0.39436619718309857	KAQLKQGP:0.2112676056338028	QATNTGGD:0.5070422535211268	CACYELTF:0.4788732394366197	VKLAGKQE:0.23943661971830985	YGFAAVKL:0.30985915492957744	WCCACYEL:0.43661971830985913	SCAWPGKA:0.2676056338028169	FVVQATNT:0.29577464788732394	YELTFTDG:0.28169014084507044	PWAVDDNL:0.2535211267605634	GKKFVVQA:0.29577464788732394	PGKAQLKQ:0.22535211267605634	VVQATNTG:0.30985915492957744	DDNLSYGF:0.2535211267605634	QPWAVDDN:0.2535211267605634	QGPSKTCD:0.2112676056338028	WAVDDNLS:0.2535211267605634	NLSYGFAA:0.30985915492957744	LKQGPSKT:0.2112676056338028	DNLSYGFA:0.30985915492957744	NDKPLSDG:0.22535211267605634	AGKQESDW:0.23943661971830985	LTFTDGPV:0.23943661971830985	TNTGGDLG:0.6056338028169014	CCACYELT:0.4788732394366197	KQESDWCC:0.23943661971830985	AVDDNLSY:0.2535211267605634	ACYELTFT:0.4647887323943662	KLAGKQES:0.23943661971830985	ATNTGGDL:0.5070422535211268	GKQESDWC:0.23943661971830985	WPGKAQLK:0.2535211267605634	DGPVAGKK:0.22535211267605634	GDLGSNHF:0.22535211267605634	CDVNDKPL:0.2112676056338028	GGDLGSNH:0.22535211267605634	DLGSNHFD:0.2676056338028169	TFTDGPVA:0.2112676056338028	GPVAGKKF:0.22535211267605634	TGGDLGSN:0.22535211267605634	FTDGPVAG:0.2112676056338028	NTGGDLGS:0.22535211267605634	LGSNHFDL:0.2676056338028169	PVAGKKFV:0.22535211267605634	GSNHFDLM:0.23943661971830985	QSGCNGGS:0.4084507042253521	SNHFDLMI:0.23943661971830985	TDGPVAGK:0.22535211267605634	AGKKFVVQ:0.23943661971830985	VAGKKFVV:0.23943661971830985	NTGGDLGD:0.28169014084507044	GCNGGSAY:0.30985915492957744	NTQSGCNG:0.38028169014084506	IPGGGVGI:0.3380281690140845	DNHFDLAI:0.22535211267605634	LGDNHFDL:0.2676056338028169	AVKLAGGS:0.22535211267605634	TGGDLGDN:0.28169014084507044	AAVKLAGG:0.23943661971830985	TTRYWDCC:0.4225352112676056	GGGVGIFN:0.30985915492957744	GDNHFDLA:0.22535211267605634	TQSGCNGG:0.38028169014084506	DLGDNHFD:0.28169014084507044	PGGGVGIF:0.38028169014084506	CYELTFTS:0.38028169014084506	SSCAWPGK:0.23943661971830985	CKSSCAWP:0.23943661971830985	TRYWDCCK:0.43661971830985913	GGDLGDNH:0.28169014084507044	GGVGIFNG:0.30985915492957744	SGCNGGSA:0.38028169014084506	KSSCAWPG:0.23943661971830985	VKLAGGSE:0.22535211267605634	YELTFTSG:0.323943661971831	GNTQSGCN:0.36619718309859156	GGNTQSGC:0.22535211267605634	DGGNTQSG:0.22535211267605634	GVGIFNGC:0.30985915492957744	GDLGDNHF:0.28169014084507044	YWDCCKPS:0.36619718309859156	QPGCNWRF:0.2112676056338028	VGIFNGCQ:0.2112676056338028	KTTRYWDC:0.22535211267605634	QESDWCCS:0.2112676056338028	DNPGMTFK:0.2112676056338028	ALQPGCNW:0.2112676056338028	TFKRVKCP:0.2112676056338028	DWCCSCYE:0.2535211267605634	CCKPSCSW:0.28169014084507044	GMTFKRVK:0.2112676056338028	NPGMTFKR:0.2112676056338028	WFKNADNP:0.23943661971830985	MTFKRVKC:0.2112676056338028	WDCCKPSC:0.39436619718309857	CSCYELTF:0.23943661971830985	DLMIPGGG:0.2535211267605634	FKRVKCPA:0.2112676056338028	PGMTFKRV:0.2112676056338028	GCNWRFDW:0.2112676056338028	NHFDLMIP:0.23943661971830985	GWGQRYGG:0.22535211267605634	SCYELTFT:0.22535211267605634	MIPGGGVG:0.28169014084507044	DCCKPSCS:0.28169014084507044	CCSCYELT:0.2535211267605634	FDLMIPGG:0.2535211267605634	RYWDCCKP:0.36619718309859156	LMIPGGGV:0.2535211267605634	CNWRFDWF:0.2112676056338028	ESDWCCSC:0.2112676056338028	LQPGCNWR:0.2112676056338028	HFDLMIPG:0.23943661971830985	SDWCCSCY:0.2112676056338028	ADNPGMTF:0.2112676056338028	CKPSCSWP:0.2535211267605634	
