cluster number:6
GH45:62	GH45:62|3.2.1.4:9|CBM1:3
WDCCKPSC:0.5645161290322581	YWDCCKPS:0.5483870967741935	CCKPSCAW:0.22580645161290322	DCCKPSCA:0.22580645161290322	TRYWDCCK:0.8387096774193549	RYWDCCKP:0.5161290322580645	TRVASNDT:0.3064516129032258	TSGPVNGK:0.3225806451612903	DLGSNQFD:0.532258064516129	FTSGPVNG:0.3225806451612903	VASNDTVK:0.3064516129032258	KDGTTRVA:0.3064516129032258	LGSNQFDL:0.4032258064516129	TTRVASND:0.2903225806451613	GDLGSNQF:0.5	TCAKDGTT:0.25806451612903225	DTCAKDGT:0.25806451612903225	DTVKSGCD:0.24193548387096775	MCYDQTPW:0.20967741935483872	CAKDGTTR:0.25806451612903225	SNDTVKSG:0.24193548387096775	DGTTRVAS:0.2903225806451613	IDTCAKDG:0.24193548387096775	CYELTFTS:0.3064516129032258	GPVNGKKM:0.2903225806451613	YELTFTSG:0.2903225806451613	PIDTCAKD:0.24193548387096775	GTTRVASN:0.2903225806451613	RVASNDTV:0.3064516129032258	TVKSGCDG:0.24193548387096775	ELTFTSGP:0.2903225806451613	NDTVKSGC:0.24193548387096775	LTFTSGPV:0.3064516129032258	AKDGTTRV:0.25806451612903225	KPIDTCAK:0.24193548387096775	TFTSGPVN:0.3064516129032258	SNQFDLAI:0.4032258064516129	VKSGCDGG:0.25806451612903225	GSNQFDLA:0.4032258064516129	SGPVNGKK:0.3064516129032258	ASNDTVKS:0.3225806451612903	TTRYWDCC:0.8548387096774194	GGGVGIFT:0.27419354838709675	FDIAIPGG:0.20967741935483872	PGGGVGIF:0.27419354838709675	IPGGGVGI:0.5645161290322581	VTNTGGDL:0.3548387096774194	QVTNTGGD:0.3387096774193548	AIPGGGVG:0.5483870967741935	VQVTNTGG:0.3548387096774194	DIAIPGGG:0.20967741935483872	GGDLGSNQ:0.4838709677419355	TGGDLGSN:0.5161290322580645	NTGGDLGS:0.532258064516129	TNTGGDLG:0.5483870967741935	IAIPGGGV:0.20967741935483872	WFQNADNP:0.3064516129032258	QWRFDWFQ:0.25806451612903225	GWGSRYGG:0.3387096774193548	FQNADNPS:0.24193548387096775	CQWRFDWF:0.27419354838709675	SGLQAGCQ:0.2903225806451613	VSSRSECS:0.25806451612903225	SECSQLPS:0.27419354838709675	DCCKGSCG:0.20967741935483872	RFDWFQNA:0.25806451612903225	GCQWRFDW:0.27419354838709675	YWDCCKGS:0.20967741935483872	GLQAGCQW:0.2903225806451613	LPSGLQAG:0.2903225806451613	RSECSQLP:0.25806451612903225	GSRYGGVS:0.3225806451612903	SRSECSQL:0.25806451612903225	AGCQWRFD:0.27419354838709675	QNADNPSI:0.20967741935483872	PSGLQAGC:0.2903225806451613	WDCCKGSC:0.20967741935483872	SRYGGVSS:0.3225806451612903	YGGVSSRS:0.2903225806451613	RYGGVSSR:0.3064516129032258	WRFDWFQN:0.25806451612903225	SQLPSGLQ:0.27419354838709675	CSQLPSGL:0.27419354838709675	QLPSGLQA:0.2903225806451613	WGSRYGGV:0.3387096774193548	SSRSECSQ:0.25806451612903225	RYWDCCKG:0.20967741935483872	DGWGSRYG:0.3387096774193548	CCKGSCGW:0.20967741935483872	GVSSRSEC:0.2903225806451613	FDWFQNAD:0.27419354838709675	DWFQNADN:0.27419354838709675	GGVSSRSE:0.2903225806451613	QAGCQWRF:0.27419354838709675	ECSQLPSG:0.27419354838709675	LQAGCQWR:0.27419354838709675	GVGIYNGC:0.3064516129032258	VGIYNGCT:0.3064516129032258	NQFDLAIP:0.3548387096774194	PGGGVGIY:0.3709677419354839	GGVGIYNG:0.3064516129032258	GGGVGIYN:0.3225806451612903	FDLAIPGG:0.3548387096774194	DLAIPGGG:0.3548387096774194	LAIPGGGV:0.3387096774193548	QFDLAIPG:0.3548387096774194	CCKPSCSW:0.22580645161290322	DCCKPSCS:0.22580645161290322	
