cluster number:4
GH45:27	GH45:27|CBM1:17|3.2.1.4:11
PGGGVGIF:0.4444444444444444	CYELTFTS:0.2962962962962963	PSALQAGC:0.4444444444444444	TRYWDCCK:0.6666666666666666	DLGNNHFD:0.25925925925925924	GGDLGNNH:0.25925925925925924	NTGGDLGN:0.25925925925925924	TTRYWDCC:0.7037037037037037	YELTFTSG:0.25925925925925924	LPSALQAG:0.4444444444444444	TNTGGDLG:0.48148148148148145	TGGDLGNN:0.25925925925925924	GDLGNNHF:0.25925925925925924	PTCCESGS:0.37037037037037035	CKWRFNWF:0.3333333333333333	NWFKNADN:0.3333333333333333	TCCESGST:0.37037037037037035	NPSMTYKE:0.25925925925925924	GSTCKVSN:0.25925925925925924	ASCSWPGK:0.4444444444444444	LQAGCKWR:0.4074074074074074	CCESGSTC:0.37037037037037035	GPTCCESG:0.37037037037037035	CESGSTCK:0.25925925925925924	TCPKEITA:0.2222222222222222	SGSTCKVS:0.25925925925925924	MTYKEVTC:0.2222222222222222	PVKSCNKD:0.2222222222222222	KANVSSPV:0.2222222222222222	STCKVSND:0.25925925925925924	ALGTEMAS:0.25925925925925924	YKEVTCPK:0.2222222222222222	WNGPTCCE:0.25925925925925924	CKVSNDYY:0.25925925925925924	WPGKANVS:0.25925925925925924	TAKTGCSR:0.2222222222222222	VKSCNKDG:0.2222222222222222	GASGNGVT:0.25925925925925924	VTCPKEIT:0.2222222222222222	ALALGTEM:0.25925925925925924	CSWPGKAN:0.25925925925925924	SGGASGNG:0.2962962962962963	ASGNGVTT:0.25925925925925924	GCKWRFNW:0.3333333333333333	TYKEVTCP:0.2222222222222222	QAGCKWRF:0.4074074074074074	ALQAGCKW:0.37037037037037035	CSKLYGQC:0.25925925925925924	SWPGKANV:0.25925925925925924	CPKEITAK:0.2222222222222222	AKTGCSRK:0.2222222222222222	LALALGTE:0.25925925925925924	SPVKSCNK:0.2222222222222222	WRFNWFKN:0.4074074074074074	LYGQCGGK:0.25925925925925924	VSSPVKSC:0.2222222222222222	PGKANVSS:0.2222222222222222	KEITAKTG:0.2222222222222222	NADNPSMT:0.25925925925925924	PSMTYKEV:0.25925925925925924	SMTYKEVT:0.25925925925925924	SGNGVTTR:0.25925925925925924	KWRFNWFK:0.3333333333333333	GNGVTTRY:0.25925925925925924	EVTCPKEI:0.2222222222222222	NGVTTRYW:0.2962962962962963	ITAKTGCS:0.2222222222222222	KNADNPSM:0.25925925925925924	NVSSPVKS:0.2222222222222222	SALQAGCK:0.37037037037037035	KSCNKDGV:0.2222222222222222	GTEMASAA:0.25925925925925924	SKLYGQCG:0.25925925925925924	WFKNADNP:0.4444444444444444	AGCKWRFN:0.3333333333333333	SCSWPGKA:0.48148148148148145	PKEITAKT:0.2222222222222222	GKANVSSP:0.2222222222222222	KEVTCPKE:0.2222222222222222	ADNPSMTY:0.25925925925925924	RFNWFKNA:0.3333333333333333	TCKVSNDY:0.25925925925925924	ESGSTCKV:0.25925925925925924	VSGGASGN:0.2962962962962963	SNDYYSQC:0.25925925925925924	SLPSALQA:0.3333333333333333	VSNDYYSQ:0.25925925925925924	LGTEMASA:0.25925925925925924	GGASGNGV:0.25925925925925924	DNPSMTYK:0.25925925925925924	LALGTEMA:0.25925925925925924	EITAKTGC:0.2222222222222222	KLYGQCGG:0.25925925925925924	NGPTCCES:0.25925925925925924	ANVSSPVK:0.2222222222222222	FKNADNPS:0.25925925925925924	SSPVKSCN:0.2222222222222222	KVSNDYYS:0.25925925925925924	FNWFKNAD:0.3333333333333333	YWDCCKAS:0.4074074074074074	DCCKASCS:0.2962962962962963	CCKASCSW:0.2962962962962963	KASCSWPG:0.2962962962962963	YGGISSAS:0.2222222222222222	RYWDCCKA:0.4074074074074074	WDCCKASC:0.4074074074074074	RYGGISSA:0.2222222222222222	CKASCSWP:0.2962962962962963	YMCNDNQP:0.2222222222222222	MCNDNQPW:0.2222222222222222	DLQMPGGG:0.3333333333333333	LAYGFAAA:0.25925925925925924	HFDLQMPG:0.3333333333333333	VVQVTNTG:0.25925925925925924	GKKMVVQV:0.25925925925925924	QVTNTGGD:0.37037037037037035	VQVTNTGG:0.3333333333333333	KKMVVQVT:0.25925925925925924	GGGVGIFN:0.2962962962962963	MPGGGVGI:0.37037037037037035	LQMPGGGV:0.3333333333333333	NHFDLQMP:0.2222222222222222	FDLQMPGG:0.3333333333333333	VTNTGGDL:0.37037037037037035	KMVVQVTN:0.25925925925925924	QMPGGGVG:0.3333333333333333	GGVGIFNG:0.25925925925925924	MVVQVTNT:0.2222222222222222	GVGIFNGC:0.25925925925925924	GVTTRYWD:0.2962962962962963	VTTRYWDC:0.2962962962962963	
