cluster number:7
GH45:73	GH45:73|CBM1:19|3.2.1.4:10
TSGPVAGK:0.2054794520547945	SSWCCACY:0.2191780821917808	ESSWCCAC:0.2191780821917808	FTSGPVAG:0.2054794520547945	LTFTSGPV:0.2465753424657534	WFKNADNP:0.2054794520547945	VQSTSTGG:0.2054794520547945	TSTGGDLG:0.2054794520547945	TGGDLGSN:0.273972602739726	QSTSTGGD:0.2054794520547945	DWFKNADN:0.2054794520547945	STSTGGDL:0.2054794520547945	YWDCCKPS:0.5616438356164384	CACYALTF:0.3013698630136986	TRYWDCCK:0.5753424657534246	WDCCKPSC:0.5616438356164384	SWCCACYA:0.2876712328767123	WCCACYAL:0.3287671232876712	ACYALTFT:0.2876712328767123	KTMVVQST:0.2328767123287671	RYWDCCKP:0.5616438356164384	CCACYALT:0.3013698630136986	GKTMVVQS:0.2328767123287671	STRYWDCC:0.3150684931506849	QSTNTGGD:0.3424657534246575	KSGCDGGS:0.2328767123287671	SGCDGGSA:0.2465753424657534	STNTGGDL:0.3424657534246575	VVQSTNTG:0.2328767123287671	MVVQSTNT:0.2328767123287671	CKPSCSWS:0.3150684931506849	TNTGGDLG:0.3287671232876712	LAYGFAAT:0.3561643835616438	VQSTNTGG:0.3424657534246575	DLLIPGGG:0.2054794520547945	LIPGGGVG:0.2054794520547945	CCKPSCSW:0.3835616438356164	TTRYWDCC:0.2602739726027397	FDLLIPGG:0.2054794520547945	DCCKPSCS:0.3835616438356164	LLIPGGGV:0.2054794520547945	AYGFAATA:0.2465753424657534	PGGGVGIF:0.3561643835616438	IPGGGVGI:0.2054794520547945	GGGVGIFD:0.3287671232876712	GVGIFDGC:0.3287671232876712	VGIFDGCT:0.2328767123287671	GGVGIFDG:0.3287671232876712	YGFAATAI:0.2191780821917808	EASWCCAC:0.2054794520547945	
