cluster number:9
GH45:69	GH45:69|3.2.1.4:3|CBM1:2
DLGSNQFD:0.2608695652173913	VQATNTGG:0.6521739130434783	LGSNQFDL:0.2463768115942029	QATNTGGD:0.6521739130434783	GGDLGSNQ:0.2753623188405797	GDLGSNQF:0.2608695652173913	TGGDLGSN:0.34782608695652173	NTGGDLGS:0.34782608695652173	IVQATNTG:0.5507246376811594	TNTGGDLG:0.6666666666666666	MIVQATNT:0.391304347826087	GSNQFDLA:0.2318840579710145	ATNTGGDL:0.6521739130434783	GGDLGQNH:0.2463768115942029	NTGGDLGQ:0.2463768115942029	GKKMIVQA:0.3188405797101449	TGGDLGQN:0.2463768115942029	CACYELTF:0.5942028985507246	WCCACYEL:0.5362318840579711	GDLGQNHF:0.2463768115942029	CYELTFTS:0.6666666666666666	YELTFTSG:0.5362318840579711	MCSNQSPW:0.2028985507246377	CCACYELT:0.5652173913043478	DLGQNHFD:0.2463768115942029	ACYELTFT:0.5942028985507246	KKMIVQAT:0.2898550724637681	TRYWDCCK:0.2463768115942029	LTFTSGPV:0.4782608695652174	KMIVQATN:0.2898550724637681	TTRYWDCC:0.2463768115942029	ELTFTSGP:0.43478260869565216	SWCCACYE:0.2318840579710145	SSWCCACY:0.2608695652173913	YGFAAVKL:0.2028985507246377	ESSWCCAC:0.2608695652173913	CGWSGKAS:0.2028985507246377	SCGWSGKA:0.21739130434782608	LAYGFAAV:0.3333333333333333	YGFAAVNI:0.21739130434782608	SGPVSGKK:0.21739130434782608	FTSGPVSG:0.2753623188405797	TSGPVSGK:0.2318840579710145	TFTSGPVS:0.2753623188405797	
