cluster number:4
GH50:89	GH50:89|3.2.1.81:22
DGENYNVG:0.7528089887640449	PSIIGEFH:0.48314606741573035	VIDNPYFV:0.21348314606741572	FIDNEKSW:0.3258426966292135	IDNEKSWG:0.3258426966292135	NYNVGFVS:0.449438202247191	SVIDNPYF:0.24719101123595505	NPYFVGAH:0.38202247191011235	YDGENYNV:0.4044943820224719	WGFTSLGN:0.20224719101123595	YFVGAHWF:0.39325842696629215	PYFVGAHW:0.3595505617977528	LPNHLYLG:0.30337078651685395	DNPYFVGA:0.34831460674157305	RFADWGMT:0.20224719101123595	IDNPYFVG:0.24719101123595505	VGAHWFQY:0.651685393258427	GENYNVGF:0.7528089887640449	FANGWIIG:0.5393258426966292	GFTSLGNW:0.20224719101123595	ENYNVGFV:0.6966292134831461	FVGAHWFQ:0.4943820224719101	GRAYDGEN:0.4157303370786517	GVFIDNEK:0.33707865168539325	GFTSFGNW:0.3707865168539326	ANGWIIGD:0.39325842696629215	NGWIIGDF:0.3258426966292135	LVDPEGYL:0.2808988764044944	DSPITGRA:0.23595505617977527	CVGVFIDN:0.29213483146067415	AYDGENYN:0.38202247191011235	RAYDGENY:0.4157303370786517	FKTVSSGN:0.23595505617977527	PITGRAYD:0.20224719101123595	VGVFIDNE:0.33707865168539325	WCVGVFID:0.29213483146067415	PWCVGVFI:0.29213483146067415	ITGRAYDG:0.20224719101123595	YNVGFVSV:0.20224719101123595	PYFANGWI:0.43820224719101125	WGFTSFGN:0.3707865168539326	YFANGWII:0.449438202247191	TGYFRTEK:0.2808988764044944	WIIGDFKT:0.24719101123595505	SPITGRAY:0.20224719101123595	VFIDNEKS:0.33707865168539325	GWIIGDFK:0.30337078651685395	KTVSSGND:0.2696629213483146	TGRAYDGE:0.4044943820224719	ATGYFRTE:0.24719101123595505	HWFQYIDS:0.4606741573033708	AHWFQYID:0.48314606741573035	QYIDSPLT:0.24719101123595505	FQYIDSPL:0.24719101123595505	YIDSPLTG:0.24719101123595505	DSPLTGRA:0.29213483146067415	GARFADWG:0.2696629213483146	WFQYIDSP:0.47191011235955055	KPSIIGEF:0.29213483146067415	IDSPLTGR:0.24719101123595505	GAHWFQYI:0.48314606741573035	DKPSIIGE:0.29213483146067415	IIGEFHFG:0.2696629213483146	WDGENYNV:0.23595505617977527	AWDGENYN:0.2696629213483146	GPKLEATG:0.2247191011235955	RAWDGENY:0.2696629213483146	GRAWDGEN:0.2696629213483146	TGFFRTEK:0.20224719101123595	GKWSLVDP:0.25842696629213485	LDKPSIIG:0.23595505617977527	ELDKPSII:0.21348314606741572	TGRAWDGE:0.23595505617977527	VPYFANGW:0.2247191011235955	FSFYRANL:0.20224719101123595	
