cluster number:9
GH50:14	GH50:14|3.2.1.23:1
IIGEFHFG:0.5	HFGALDRG:0.42857142857142855	FGALDRGM:0.35714285714285715	YFVDNELS:0.2857142857142857	GALDRGMF:0.2857142857142857	GFNTIGNW:0.21428571428571427	EFHFGALD:0.42857142857142855	HLYLGCRF:0.21428571428571427	LYLGCRFA:0.6428571428571429	GYFVDNEL:0.35714285714285715	FNTIGNWS:0.21428571428571427	WFQYIDEP:0.21428571428571427	YLGCRFAW:0.6428571428571429	ALDRGMFH:0.2857142857142857	WGFNTIGN:0.21428571428571427	IGEFHFGA:0.6428571428571429	GEFHFGAL:0.35714285714285715	NTIGNWSD:0.2857142857142857	HWFQYIDE:0.21428571428571427	DGENYNIG:0.21428571428571427	FHFGALDR:0.42857142857142855	FVDNELSW:0.2857142857142857	LGYFVDNE:0.21428571428571427	WWLVDPEG:0.21428571428571427	PDKLYLGC:0.21428571428571427	APDKLYLG:0.21428571428571427	TGRGDGEN:0.2857142857142857	CLGYFVDN:0.21428571428571427	WCLGYFVD:0.21428571428571427	VDNELSWG:0.2857142857142857	DPWCLGYF:0.21428571428571427	DKLYLGCR:0.21428571428571427	PWCLGYFV:0.21428571428571427	KLYLGCRF:0.35714285714285715	GRGDGENY:0.2857142857142857	VDPEGYLF:0.21428571428571427	DPEGYLFW:0.2857142857142857	ENYNVGLV:0.21428571428571427	PEGYLFWS:0.21428571428571427	IGYFVDNE:0.2857142857142857	DGENYNVG:0.35714285714285715	GENYNVGL:0.21428571428571427	KWWMVDPE:0.21428571428571427	TGRFDGEN:0.21428571428571427	WGKFHDVF:0.21428571428571427	SFNKYEYS:0.2857142857142857	DKPVMIGE:0.21428571428571427	WWMVDPEG:0.21428571428571427	KPVMIGEF:0.21428571428571427	WYCSDYVD:0.21428571428571427	IQVEMFVG:0.21428571428571427	IGAHWFQY:0.21428571428571427	GANDPWCI:0.21428571428571427	DPWCIGYF:0.21428571428571427	WGMNTIGF:0.21428571428571427	IIGAHWFQ:0.21428571428571427	RWYCSDYV:0.21428571428571427	EITFNSRY:0.21428571428571427	FNKYEYSV:0.21428571428571427	NDPWCIGY:0.21428571428571427	ANDPWCIG:0.21428571428571427	YCSDYVDL:0.21428571428571427	WCIGYFVD:0.21428571428571427	QGKWWLVD:0.21428571428571427	GKWWLVDP:0.21428571428571427	CIGYFVDN:0.21428571428571427	
