cluster number:12
GH47:156	GH47:156|3.2.1.113:8
DRHNLQRP:0.2692307692307692	DHLVCFMG:0.24358974358974358	RPETVESI:0.23076923076923078	LGWIIVDS:0.25	HNLQRPET:0.5	RHNLQRPE:0.2692307692307692	ETVESIMF:0.21153846153846154	FYEYLLKQ:0.23717948717948717	QRPETVES:0.4935897435897436	TEAHPFPV:0.21794871794871795	YEYLLKQY:0.33974358974358976	VFNTEAHP:0.5384615384615384	STAEFTTL:0.24358974358974358	GLLSAYHL:0.27564102564102566	FWLAETLK:0.4166666666666667	ETTIRMLG:0.48717948717948717	SPKMDHLV:0.4358974358974359	LSPKMDHL:0.3141025641025641	SFYEYLLK:0.24358974358974358	VNVFETTI:0.23717948717948717	VCFMGGLL:0.21794871794871795	NTEAHPFP:0.38461538461538464	LGGLLSAY:0.3525641025641026	GIPYSSIN:0.20512820512820512	GSRGDSFY:0.23717948717948717	FETTIRML:0.48717948717948717	GLAPEIVV:0.20512820512820512	GGASSTAE:0.2692307692307692	KMDHLVCF:0.6474358974358975	ASSTAEFT:0.23717948717948717	VVFNTEAH:0.23717948717948717	NVFETTIR:0.27564102564102566	IRMLGGLL:0.47435897435897434	RGDSFYEY:0.24358974358974358	LQRPETVE:0.48717948717948717	MESFWLAE:0.36538461538461536	TAEFTTLQ:0.25	TTIRMLGG:0.48717948717948717	MLGGLLSA:0.4551282051282051	WLAETLKY:0.41025641025641024	CFMGGLLA:0.21794871794871795	MDHLVCFM:0.3141025641025641	GDSFYEYL:0.2564102564102564	LVCFMGGL:0.21794871794871795	PKMDHLVC:0.4935897435897436	ADGGASST:0.21794871794871795	NMESFWLA:0.36538461538461536	LAETLKYL:0.28205128205128205	SSTAEFTT:0.23717948717948717	SFWLAETL:0.4166666666666667	VFETTIRM:0.23717948717948717	PETVESIM:0.23076923076923078	LAPEIVVF:0.20512820512820512	AETLKYLY:0.34615384615384615	EVNVFETT:0.20512820512820512	ESFWLAET:0.4166666666666667	LLSAYHLS:0.2692307692307692	DGGASSTA:0.26282051282051283	GASSTAEF:0.23717948717948717	HLVCFMGG:0.24358974358974358	FNTEAHPF:0.3525641025641026	GGLLSAYH:0.3076923076923077	PLGWIIVD:0.23717948717948717	IPYSSINL:0.20512820512820512	TIRMLGGL:0.46794871794871795	RMLGGLLS:0.46153846153846156	DSFYEYLL:0.24358974358974358	KPLDRHNL:0.26282051282051283	NLQRPETV:0.46794871794871795	EYLLKQYL:0.3333333333333333	HADGGASS:0.21794871794871795	SRGDSFYE:0.23717948717948717	MDHLVCFL:0.20512820512820512	ETVESLFY:0.26282051282051283	SYYEYLLK:0.3333333333333333	DSYYEYLL:0.3333333333333333	NTEAHPLP:0.22435897435897437	LRPETVES:0.2692307692307692	PETVESLF:0.48717948717948717	RPETVESL:0.5384615384615384	YYEYLLKQ:0.28846153846153844	RLGSRGDS:0.4423076923076923	VNTFETTI:0.21153846153846154	TLQLEFKY:0.23076923076923078	LGSRGDSY:0.3974358974358974	TFETTIRM:0.22435897435897437	LQLEFKYL:0.23076923076923078	IRLGSRGD:0.391025641025641	GDSYYEYL:0.46794871794871795	YYEYLIKQ:0.23076923076923078	GLLSAHYL:0.20512820512820512	GGLLSAHY:0.21153846153846154	DSYYEYLI:0.24358974358974358	NTFETTIR:0.23717948717948717	SRGDSYYE:0.41025641025641024	RGDSYYEY:0.4551282051282051	SYYEYLIK:0.24358974358974358	GSRGDSYY:0.41025641025641024	LKYLYLLF:0.40384615384615385	ETLKYLYL:0.4358974358974359	TLKYLYLL:0.4230769230769231	KYLYLLFD:0.21153846153846154	LGGLLSAH:0.21153846153846154	
