cluster number:15
GH47:83	GH47:83|3.2.1.113:15
FLAETLKY:0.6265060240963856	KYLYLLFS:0.40963855421686746	VFNTEAHP:0.5903614457831325	VGGLLSAY:0.25301204819277107	LDTLYIMG:0.3493975903614458	LKYLYLLF:0.42168674698795183	DEWVFNTE:0.20481927710843373	ETLKYLYL:0.6144578313253012	SFYEYLLK:0.5421686746987951	FFLAETLK:0.6024096385542169	FNTEAHPL:0.46987951807228917	GDSFYEYL:0.7590361445783133	QSFFLAET:0.5662650602409639	LAETLKYL:0.5783132530120482	AETLKYLY:0.6144578313253012	DTLYIMGL:0.3373493975903614	TLKYLYLL:0.42168674698795183	EWVFNTEA:0.21686746987951808	SFFLAETL:0.6024096385542169	DSFYEYLL:0.5421686746987951	WVFNTEAH:0.5542168674698795	LLPAFNTP:0.24096385542168675	LGDSFYEY:0.5542168674698795	DSFYEYLI:0.20481927710843373	KMGHLACF:0.20481927710843373	SFYEYLIK:0.20481927710843373	QQSFFLAE:0.40963855421686746	EYLLKAWL:0.3253012048192771	HLTCFAGG:0.2289156626506024	LYPNYLNP:0.2891566265060241	GGMFALGA:0.24096385542168675	GLYPNYLN:0.2891566265060241	GATIVDAL:0.30120481927710846	SVFEVNIR:0.26506024096385544	VDALDTLY:0.21686746987951808	TPTGIPWA:0.20481927710843373	LTCFAGGM:0.2289156626506024	EFGTLHLE:0.25301204819277107	SVGGLGDS:0.3373493975903614	TIVDALDT:0.30120481927710846	ATIVDALD:0.30120481927710846	FGTLHLEF:0.25301204819277107	KMGHLTCF:0.25301204819277107	VFEVNIRF:0.26506024096385544	VGGLGDSF:0.3373493975903614	AGGMFALG:0.21686746987951808	CFAGGMFA:0.2289156626506024	FAGGMFAL:0.2289156626506024	IVDALDTL:0.3253012048192771	DALDTLYI:0.21686746987951808	GMFALGAD:0.24096385542168675	GGLGDSFY:0.42168674698795183	GHLTCFAG:0.2289156626506024	ALDTLYIM:0.21686746987951808	FYEYLLKA:0.30120481927710846	GLGDSFYE:0.42168674698795183	YEYLLKAW:0.3373493975903614	FNTPTGIP:0.25301204819277107	MGHLTCFA:0.2289156626506024	LGPEAFRF:0.25301204819277107	WASGGSSI:0.21686746987951808	DVQQSFFL:0.3253012048192771	YYILRPEV:0.37349397590361444	KLLPAFNT:0.21686746987951808	ASGGSSIL:0.21686746987951808	LAEFGTLH:0.26506024096385544	DDVQQSFF:0.3253012048192771	KLGPEAFR:0.20481927710843373	NTEAHPLP:0.3132530120481928	AFNTPTGI:0.2289156626506024	ILAEFGTL:0.26506024096385544	PAFNTPTG:0.2289156626506024	GSSILAEF:0.27710843373493976	KYYILRPE:0.3132530120481928	LPAFNTPT:0.21686746987951808	EKLLPAFN:0.21686746987951808	VQQSFFLA:0.3373493975903614	SILAEFGT:0.26506024096385544	SSILAEFG:0.3373493975903614	GLTYIAEW:0.25301204819277107	SAFITLCF:0.20481927710843373	AFITLCFG:0.20481927710843373	FFLPDSSK:0.20481927710843373	ILRPEVIE:0.2289156626506024	FITLCFGA:0.21686746987951808	EKYYILRP:0.2891566265060241	NEKYYILR:0.20481927710843373	TEAHPLPV:0.25301204819277107	LKAWLMSD:0.20481927710843373	YLLKAWLM:0.2289156626506024	LLKAWLMS:0.2289156626506024	
