cluster number:16
GH47:119	GH47:119|3.2.1.113:6
LVDSLDTL:0.3697478991596639	LNTEAHPF:0.2857142857142857	EWVLNTEA:0.21008403361344538	FDTPNRMP:0.3949579831932773	DSLDTLWI:0.3445378151260504	ETTIRYLG:0.36134453781512604	NTEAHPFK:0.21008403361344538	LDEWVLNT:0.21008403361344538	TLVDSLDT:0.3697478991596639	WVLNTEAH:0.25210084033613445	ATLVDSLD:0.40336134453781514	VDSLDTLW:0.3277310924369748	LSLEFTRL:0.2184873949579832	TIRYLGGL:0.24369747899159663	VLNTEAHP:0.4789915966386555	TTIRYLGG:0.36134453781512604	FETTIRYL:0.36134453781512604	GWGATLVD:0.24369747899159663	EFTRLAQL:0.2184873949579832	DEWVLNTE:0.21008403361344538	VFETTIRY:0.3025210084033613	YILRPEAI:0.4369747899159664	RPEAIESV:0.5714285714285714	IRYLGGLL:0.31932773109243695	RYILRPEA:0.33613445378151263	SLDTLWIM:0.31092436974789917	LGGLLSAY:0.24369747899159663	LEFTRLSQ:0.24369747899159663	PEAIESVF:0.42016806722689076	NVFETTIR:0.226890756302521	LDTLWIMG:0.3949579831932773	AFDTPNRM:0.2857142857142857	TRLSQLTG:0.2184873949579832	LRPEAIES:0.773109243697479	ILRPEAIE:0.4369747899159664	VDALDTLW:0.20168067226890757	DALDTLWI:0.20168067226890757	LVDALDTL:0.20168067226890757	DTLWIMGL:0.24369747899159663	GWAATLVD:0.42016806722689076	VFNTEAHP:0.31932773109243695	AETLKYFY:0.5378151260504201	LKYFYLIF:0.3025210084033613	ETLKYFYL:0.6554621848739496	TLKYFYLI:0.3025210084033613	SMESFWLA:0.2184873949579832	LAETLKYF:0.35294117647058826	GGWAATLV:0.25210084033613445	DSMESFWL:0.2605042016806723	FWLAETLK:0.36134453781512604	SLYEYLPK:0.24369747899159663	MESFWLAE:0.33613445378151263	WLAETLKY:0.36134453781512604	LDTLWIMD:0.20168067226890757	SFWLAETL:0.36134453781512604	FGGWAATL:0.25210084033613445	DSLYEYLP:0.24369747899159663	ESFWLAET:0.33613445378151263	IRYLGGFL:0.21008403361344538	KYFYLIFS:0.24369747899159663	EAIESVFI:0.21008403361344538	ADSLYEYL:0.226890756302521	AATLVDSL:0.226890756302521	WAATLVDS:0.226890756302521	YVLNTEAH:0.24369747899159663	
