cluster number:1
AA8:47	AA3_1:47|AA8:47|CBM1:22|1.1.99.18:11
LAQAAPNI:0.44680851063829785	TDNLFVVD:0.5106382978723404	QMAGCVLG:0.6595744680851063	AQAAPNIG:0.48936170212765956	LTRFDVPG:0.6382978723404256	GILAQAAP:0.44680851063829785	VNAGLWWK:0.2978723404255319	GLCNQIWV:0.3829787234042553	VYGTDNLF:0.5531914893617021	DQMAGCVL:0.6595744680851063	NTKVYGTD:0.40425531914893614	DNLFVVDA:0.46808510638297873	LFVVDASI:0.3829787234042553	RSGILAQA:0.2765957446808511	AVNAGLWW:0.40425531914893614	DVPGLCNQ:0.5106382978723404	SGILAQAA:0.2765957446808511	GGPLATYL:0.5106382978723404	FDVPGLCN:0.6382978723404256	FMFSGGER:0.2553191489361702	RFDVPGLC:0.6382978723404256	DTDQMAGC:0.5531914893617021	GTAVNAGL:0.48936170212765956	EKGPPSSG:0.2127659574468085	VLLIEKGP:0.425531914893617	FVVDASIF:0.3191489361702128	SAGTFGSA:0.3404255319148936	LNTKVYGT:0.3829787234042553	PGLCNQIW:0.46808510638297873	AGTFGSAK:0.425531914893617	GTDNLFVV:0.5106382978723404	LLIEKGPP:0.44680851063829785	MFSGGERG:0.2553191489361702	GTNLTRFD:0.23404255319148937	KVYGTDNL:0.46808510638297873	NAGLWWKP:0.2978723404255319	DASIFPGM:0.3829787234042553	VDSAGIAC:0.2127659574468085	NLPVGYNL:0.3404255319148936	VVDASIFP:0.44680851063829785	TAVNAGLW:0.48936170212765956	VVDLNTKV:0.40425531914893614	SQYLGRGA:0.3191489361702128	TKVYGTDN:0.46808510638297873	SGGERGGP:0.2553191489361702	VLGGGTAV:0.5319148936170213	LLRSGIGP:0.3617021276595745	GGGTAVNA:0.5531914893617021	TDQMAGCV:0.5319148936170213	CVLGGGTA:0.6595744680851063	VPGLCNQI:0.46808510638297873	WINLPVGY:0.2765957446808511	VDASIFPG:0.425531914893617	ERGGPLAT:0.425531914893617	QAAPNIGP:0.5319148936170213	GGERGGPL:0.23404255319148937	GGTAVNAG:0.48936170212765956	YGTDNLFV:0.5106382978723404	TNLTRFDV:0.2765957446808511	IEKGPPSS:0.2127659574468085	LSAGTFGS:0.2765957446808511	AGCVLGGG:0.723404255319149	DLNTKVYG:0.40425531914893614	LGGGTAVN:0.5531914893617021	INLPVGYN:0.2765957446808511	CNQIWVDS:0.3829787234042553	WVDSAGIA:0.2127659574468085	NLFVVDAS:0.44680851063829785	NLTRFDVP:0.2978723404255319	ILAQAAPN:0.44680851063829785	VDLNTKVY:0.40425531914893614	MAGCVLGG:0.723404255319149	KGPPSSGR:0.2127659574468085	TRFDVPGL:0.6382978723404256	LCNQIWVD:0.3829787234042553	GCVLGGGT:0.7021276595744681	FSGGERGG:0.2553191489361702	GERGGPLA:0.425531914893617	RGGPLATY:0.5106382978723404	LIEKGPPS:0.44680851063829785	ACTDTDQM:0.23404255319148937	TYDYIVVG:0.2765957446808511	THPDVVFY:0.2127659574468085	CTDTDQMA:0.23404255319148937	AAPNIGPM:0.2553191489361702	PDVVFYDF:0.3404255319148936	DVVFYDFY:0.3191489361702128	TDTDQMAG:0.23404255319148937	GAGAGGIP:0.23404255319148937	RVFSRIPG:0.2978723404255319	VGAGAGGI:0.2765957446808511	NHWMGTAK:0.2765957446808511	VVGAGAGG:0.2127659574468085	LFRSGIGP:0.2127659574468085	HPDVVFYD:0.3617021276595745	VFSRIPGT:0.2978723404255319	EKGPPSTG:0.2127659574468085	GRVILSAG:0.23404255319148937	RRANHWMG:0.23404255319148937	QWTARVEG:0.44680851063829785	ADKLSEAG:0.2978723404255319	DKLSEAGK:0.23404255319148937	GKSVLLIE:0.3829787234042553	RANHWMGT:0.23404255319148937	LQWTARVE:0.2978723404255319	VFYDFYEA:0.3191489361702128	VVFYDFYE:0.3191489361702128	QLQWTARV:0.23404255319148937	VRQLQWTA:0.23404255319148937	RQLQWTAR:0.23404255319148937	MSQYLGRG:0.23404255319148937	FYDFYEAW:0.2978723404255319	WTARVEGS:0.2553191489361702	KSVLLIEK:0.3191489361702128	AVVDLNTK:0.2765957446808511	SVLLIEKG:0.44680851063829785	GPMTNSLL:0.23404255319148937	GGPMTNSL:0.2127659574468085	SRGRMTIT:0.2765957446808511	GPLATYLV:0.2553191489361702	YDYIVVGG:0.2765957446808511	YIVVGGGA:0.3404255319148936	DYIVVGGG:0.3829787234042553	TFGSAKIL:0.23404255319148937	VGGGAGGI:0.2553191489361702	GTFGSAKI:0.23404255319148937	VVGGGAGG:0.3617021276595745	GGGAGGIP:0.23404255319148937	MTMSQYLG:0.2127659574468085	ILLRSGIG:0.23404255319148937	IVVGGGAG:0.2765957446808511	SAKILLRS:0.2127659574468085	KILLRSGI:0.23404255319148937	FGSAKILL:0.23404255319148937	GSAKILLR:0.23404255319148937	AKILLRSG:0.23404255319148937	
