cluster number:6
CBM48:596	CBM48:596|GH13_13:590|CBM41:434|GH13:132|GH13_37:17|CBM69:8|3.2.1.41:8|GH13_32:2|GH13_5:2|3.2.1.68:1|CBM34:1|GH13_20:1|GH13_14:1
VVMDVVYN:0.2516778523489933	DKIVPWYY:0.2483221476510067	RDSYDSGD:0.43288590604026844	VLDKIVPW:0.2483221476510067	IVPWYYQR:0.27348993288590606	RVDFRNTG:0.2332214765100671	RLRDAVRG:0.4664429530201342	VMDVVYNH:0.40604026845637586	FRFDLMGH:0.5805369127516778	DSYDSGDW:0.42953020134228187	LRDAVRGG:0.46140939597315433	YGEGWNFG:0.4412751677852349	DVVYNHTN:0.4597315436241611	VPWYYQRL:0.2751677852348993	PWYYQRLN:0.27348993288590606	EGWNFGEV:0.3775167785234899	SFNWGYDP:0.23825503355704697	RFDLMGHH:0.40939597315436244	DRLRDAVR:0.4664429530201342	SQVVDLND:0.21140939597315436	FSDRLRDA:0.40436241610738255	ELLRSKSM:0.2332214765100671	DLMGHHPK:0.2634228187919463	GEGWNFGE:0.45805369127516776	TDPYSLSL:0.20469798657718122	NWGYDPYH:0.20973154362416108	LDKIVPWY:0.2483221476510067	KRVDFRNT:0.21644295302013422	KIVPWYYQ:0.2348993288590604	SDRLRDAV:0.39429530201342283	DSFNWGYD:0.23825503355704697	RLGMAGNL:0.401006711409396	SVLDKIVP:0.39429530201342283	MDVVYNHT:0.6677852348993288	FDLMGHHP:0.2802013422818792	VRGGGPFD:0.4899328859060403	DYNGAPAG:0.21644295302013422	VDYNGAPA:0.20302013422818793	RDAVRGGG:0.4463087248322148	YKVDGFRF:0.39429530201342283	DGFRFDLM:0.6694630872483222	IGTFSDRL:0.33053691275167785	SYDSGDWF:0.4815436241610738	DPFHYTVP:0.3238255033557047	VPGYYHRL:0.28859060402684567	HDNQTLWD:0.40604026845637586	YNGAPAGY:0.22651006711409397	NNWNVGLP:0.21644295302013422	FNWGYDPF:0.20134228187919462	DSGDWFNR:0.3036912751677852	FHYTVPEG:0.3238255033557047	TVMLGQGI:0.2600671140939597	YVSKHDNQ:0.39932885906040266	PFHYTVPE:0.3238255033557047	VSKHDNQT:0.39932885906040266	TVPEGSYA:0.47651006711409394	YDPFHYTV:0.3238255033557047	SELLRSKS:0.3724832214765101	KHDNQTLW:0.3976510067114094	NWGYDPFH:0.412751677852349	SKHDNQTL:0.3976510067114094	GTFSDRLR:0.3338926174496644	YDSGDWFN:0.5016778523489933	GYDPFHYT:0.3271812080536913	VVYNHTNA:0.34731543624161076	VPEGSYAT:0.40436241610738255	SGDWFNRV:0.26677852348993286	GFRFDLMG:0.6711409395973155	TFSDRLRD:0.33557046979865773	GMAGNLAD:0.2550335570469799	LGMAGNLA:0.28523489932885904	DAVRGGGP:0.42953020134228187	YTVPEGSY:0.5067114093959731	KVDGFRFD:0.3976510067114094	WGYDPFHY:0.3808724832214765	GSELLRSK:0.3808724832214765	HYTVPEGS:0.5067114093959731	VDGFRFDL:0.4261744966442953	AVRGGGPF:0.42449664429530204	YSQVVDLN:0.2063758389261745	IVPGYYHR:0.2080536912751678	TGIGTFSD:0.25	EGSYATDP:0.3338926174496644	PEGSYATD:0.3825503355704698	GTGIGTFS:0.25	GIGTFSDR:0.26677852348993286	LDRIVPGY:0.21140939597315436	VLDRIVPG:0.20469798657718122	SAGYHGYW:0.20973154362416108	ELHVRDFS:0.2080536912751678	SVLDRIVP:0.24496644295302014	LYGEGWNF:0.2533557046979866	LLRSKSLD:0.2231543624161074	LGNHDMGR:0.2063758389261745	SKSLDRNS:0.28523489932885904	RSKSLDRN:0.2936241610738255	LRSKSLDR:0.337248322147651	FLGNHDMG:0.2063758389261745	KSLDRNSY:0.21308724832214765	DRIVPGYY:0.21140939597315436	KIDGFRFD:0.23657718120805368	GWNFGEVA:0.2785234899328859	NYVSKHDN:0.39093959731543626	RGGGPFDS:0.24496644295302014	GGGPFDSG:0.2080536912751678	YKIDGFRF:0.23657718120805368	WAPTAQQV:0.21644295302013422	DYKIDGFR:0.21308724832214765	IDGFRFDL:0.23825503355704697	VQTAGVLD:0.22483221476510068	DLTRLGMA:0.22483221476510068	SEYSQVVD:0.2063758389261745	MAGNLADF:0.22483221476510068	AGNLADFV:0.2063758389261745	VNYVSKHD:0.20469798657718122	WYYQRLNE:0.2181208053691275	LTRLGMAG:0.22483221476510068	HLADLTRL:0.2214765100671141	EYSQVVDL:0.2063758389261745	YNWGYDPF:0.21140939597315436	GSEIDYNG:0.20134228187919462	LADLTRLG:0.2214765100671141	ADLTRLGM:0.2214765100671141	IMDVVYNH:0.24328859060402686	NSEYSQVV:0.21140939597315436	DSYNWGYD:0.20469798657718122	TRLGMAGN:0.22483221476510068	QTAGVLDD:0.2197986577181208	SYNWGYDP:0.20469798657718122	ELLRSKSF:0.20302013422818793	
