cluster number:14
CBM48:442	CBM48:442|GH13_10:438|3.2.1.141:6|GH13:1
ELHVGTFT:0.29638009049773756	LHVGTFTP:0.21945701357466063	VVYNHLGP:0.3574660633484163	YELHVGTF:0.3574660633484163	DVVYNHLG:0.3665158371040724	LRLDAVHA:0.7941176470588235	VYNHLGPS:0.334841628959276	LIAESDLN:0.49095022624434387	FTSHPEPE:0.2081447963800905	VDGLRLDA:0.2828054298642534	GLRLDAVH:0.753393665158371	TSHPEPEL:0.2081447963800905	DGLRLDAV:0.7624434389140271	QNHDQIGN:0.2149321266968326	LGPSGNYL:0.49095022624434387	GTFTPEGT:0.334841628959276	QFFTSHPE:0.23755656108597284	PMLFMGEE:0.7058823529411765	FTPMLFMG:0.4683257918552036	YELHIGTF:0.2828054298642534	NHDQIGNR:0.23755656108597284	YNHLGPSG:0.334841628959276	HNWGYDGV:0.23076923076923078	PFTPMLFM:0.4479638009049774	HLGPSGNY:0.49547511312217196	GPSGNYLP:0.39819004524886875	TPMLFMGE:0.6561085972850679	HDQIGNRA:0.4660633484162896	ELHIGTFT:0.26244343891402716	FFTSHPEP:0.2149321266968326	RLDAVHAL:0.7194570135746606	NHLGPSGN:0.6606334841628959	MLFMGEEW:0.667420814479638	AVHEPYGG:0.38461538461538464	SPFTPMLF:0.2149321266968326	VHEPYGGP:0.47058823529411764	FMGEEWAA:0.22171945701357465	THDQVGNR:0.2895927601809955	LFMGEEWA:0.21945701357466063	AQWNDDFH:0.20361990950226244	APGSDEVR:0.2171945701357466	LDVVHNHL:0.23755656108597284	PDPQDPAT:0.31447963800904977	DDFHHALH:0.21040723981900453	DAPGSDEV:0.2171945701357466	HEPYGGPD:0.2149321266968326	VLDVVHNH:0.21945701357466063	LGVVLDVV:0.23076923076923078	GLGVVLDV:0.23076923076923078	VNLDAPGS:0.2149321266968326	DPQDPATR:0.21040723981900453	NLDAPGSD:0.22171945701357465	HNHLGPSG:0.23529411764705882	LFMGEEWG:0.43891402714932126	QWNDDFHH:0.21266968325791855	VHNHLGPS:0.23529411764705882	DVVHNHLG:0.25339366515837103	WAVHEPYG:0.23076923076923078	VVLDVVHN:0.21945701357466063	VVHNHLGP:0.25339366515837103	LDAPGSDE:0.2171945701357466	GVVLDVVH:0.20135746606334842	FMGEEWGA:0.4004524886877828	AVNLDAPG:0.2149321266968326	IAESDLND:0.46153846153846156	ESDLNDPR:0.3755656108597285	AESDLNDP:0.4751131221719457	SDLNDPRL:0.2398190045248869	WGYDGVLW:0.40497737556561086	LSLIAESD:0.21040723981900453	SLIAESDL:0.21040723981900453	RPLSLIAE:0.2398190045248869	GRPLSLIA:0.21040723981900453	PLSLIAES:0.21266968325791855	LYELHVGT:0.26018099547511314	GNRALGDR:0.2081447963800905	DPRSRRQP:0.27828054298642535	LPDPRSRR:0.20361990950226244	PGSDEVRA:0.20588235294117646	PDPRSRRQ:0.27601809954751133	VLYELHVG:0.25339366515837103	NWGYDGVL:0.22171945701357465	HDQVGNRA:0.40271493212669685	VSGERQGY:0.2171945701357466	AVSGERQG:0.20588235294117646	SGERQGYY:0.2239819004524887	HGWGYDGV:0.22850678733031674	GYDGVLWY:0.3190045248868778	HVDGLRLD:0.22850678733031674	LDAVHALV:0.29411764705882354	DAVHALVD:0.29411764705882354	SHPEPELA:0.21945701357466063	
