cluster number:29
CBM48:3785	CBM48:3785|GH13_9:3744|2.4.1.18:24|GH13:4|GT5:2|GH77:2|GH13_3:1|GH0:1
GKKLLFMG:0.540554821664465	PGKKLLFM:0.5373844121532365	LSHDEVVH:0.45891677675033027	SHDEVVHG:0.8240422721268164	KWNMGWMN:0.2974900924702774	HPGKKLLF:0.36723910171730517	DEVVHGKK:0.21003963011889035	HDEVVHGK:0.8145310435931308	LPLSHDEV:0.41373844121532366	EVVHGKKS:0.20581241743725232	YKWNMGWM:0.2882430647291942	PLSHDEVV:0.41849405548216645	WNMGWMND:0.2974900924702774	GGRENLEA:0.4235138705416116	PFGGSWGY:0.2877146631439894	VLPLSHDE:0.24174372523117568	AEESTAWP:0.28877146631439893	FAVWAPNA:0.4013210039630119	DAVASMLY:0.6002642007926023	FVLPLSHD:0.20898282694848083	DEVVHGKG:0.34187582562747687	DGLRVDAV:0.5984147952443857	RVDAVASM:0.7236459709379128	EVVHGKGS:0.283223249669749	VASMLYRD:0.20158520475561426	VDAVASML:0.6005284015852047	EESTAWPG:0.21268163804491413	WNMGWMHD:0.48295904887714664	LRVDAVAS:0.6243064729194188	ASMLYRDY:0.2013210039630119	VVHGKGSL:0.23302509907529723	FGGSWGYQ:0.2869220607661823	KWNMGWMH:0.48295904887714664	ESTAWPGV:0.20634081902245707	MGWMHDTL:0.30779392338177014	AVASMLYR:0.202113606340819	EHPFGGSW:0.2631439894319683	HIDGLRVD:0.2620871862615588	FDGTALYE:0.26869220607661826	NMGWMHDT:0.27107001321003965	GLRVDAVA:0.5344782034346103	IAEESTAW:0.24755614266842801	IDGLRVDA:0.29564068692206075	HPFGGSWG:0.2678996036988111	LPISHDEV:0.283223249669749	VASMLYLD:0.39128137384412154	MLYLDYSR:0.3492734478203435	ASMLYLDY:0.38626155878467633	DWVPAHFP:0.4449141347424042	ISHDEVVH:0.269220607661823	SMLYLDYS:0.3490092470277411	AVASMLYL:0.39180977542932627	PISHDEVV:0.2829590488771466	FKWNMGWM:0.2250990752972259	LDWVPAHF:0.2628797886393659	EVHLGSWR:0.2586525759577279	VSVVGDFN:0.2343461030383091	DWNTLIYN:0.20422721268163804	WDGRRHPM:0.27424042272126814	FDGSWGYQ:0.2665785997357992	YEVHLGSW:0.376221928665786	PFDGSWGY:0.2665785997357992	DGRRHPMR:0.24147952443857332	GVILDWVP:0.3313077939233818	IGVILDWV:0.29141347424042274	GIGVILDW:0.20581241743725232	KFANLRAY:0.21770145310435932	DWVPGHFP:0.24914134742404226	VILDWVPG:0.2	ILDWVPGH:0.20317040951122853	LDWVPGHF:0.2583883751651255	QKFANLRA:0.21717305151915456	WQKFANLR:0.28110964332893	YGGRENLE:0.21453104359313077	GRENLEAI:0.27635402906208717	IYEVHLGS:0.2509907529722589	
