cluster number:41
CBM48:511	CBM48:511|GH13_14:502|CBM41:302|GH13_32:43|CBM25:28|3.2.1.41:10|CBM20:8|3.2.1.-:2|GH13:2|CBM68:2|CBM0:1|3.2.1.68:1|3.2.1.1:1|CBM26:1|GH0:1
MDVVYNHV:0.26810176125244617	HAGQEFMR:0.2328767123287671	GQEFMRTK:0.24070450097847357	IMDVVYNH:0.46966731898238745	DNHTLWDK:0.25440313111545987	YNWGYDPK:0.273972602739726	FRFDLMGL:0.41682974559686886	NWGYDPKN:0.31898238747553814	HIDGFRFD:0.2328767123287671	VIMDVVYN:0.4598825831702544	FLHAGQEF:0.20743639921722112	DVVYNHVY:0.24853228962818003	DGFRFDLM:0.9315068493150684	YHIDGFRF:0.20743639921722112	PFLHAGQE:0.2054794520547945	RVIMDVVY:0.21135029354207435	GFRFDLMG:0.8688845401174168	HDNHTLWD:0.2602739726027397	IDGFRFDL:0.4774951076320939	AGQEFMRT:0.2309197651663405	DLGVTHVQ:0.22700587084148727	EYHIDGFR:0.2035225048923679	DLMGIHDV:0.2054794520547945	FRLWAPTA:0.2172211350293542	FDLMGIHD:0.42857142857142855	RFDLMGIH:0.42857142857142855	YNVPEGSY:0.3131115459882583	LDGFRFDL:0.2720156555772994	QYNWGYDP:0.38747553816046965	FRFDLMGI:0.436399217221135	VPEGSYST:0.30724070450097846	MDVVYNHM:0.23874755381604695	NYNVPEGS:0.30724070450097846	NVPEGSYS:0.42857142857142855	DTASERKM:0.20156555772994128	DAIIYELH:0.2054794520547945	EGSYSTNP:0.25048923679060664	NDTASERK:0.20156555772994128	GSYSTNPY:0.2054794520547945	IYELHVRD:0.20743639921722112	GNDTASER:0.29549902152641877	LTSQGIPF:0.24853228962818003	NIDGFRFD:0.20743639921722112	PEGSYSTN:0.25048923679060664	VVMDVVYN:0.2896281800391389	PQYNWGYD:0.2035225048923679	VEAHDNHT:0.23874755381604695	VMDVVYNH:0.324853228962818	EAHDNHTL:0.2720156555772994	NGTGVGND:0.22504892367906065	GTGVGNDT:0.22700587084148727	GVGNDTAS:0.22700587084148727	RDGLKGSV:0.20939334637964774	YVEAHDNH:0.23874755381604695	AHDNHTLW:0.20156555772994128	TGVGNDTA:0.22700587084148727	VGNDTASE:0.22504892367906065	DGLKGSVF:0.20939334637964774	RVVMDVVY:0.20156555772994128	NHTLWDKL:0.2191780821917808	YVEAHDNY:0.20156555772994128	AMNSYNAP:0.2328767123287671	MNSYNAPD:0.2309197651663405	VPDYYYRM:0.20743639921722112	PDYYYRMN:0.2035225048923679	NYVEAHDN:0.22504892367906065	RAMNSYNA:0.22700587084148727	MDVVYNHT:0.2837573385518591	EAHDNYNL:0.22896281800391388	YGEGWDMG:0.20939334637964774	
