cluster number:38
CBM48:21	CBM48:21
PGAFPETP:0.3333333333333333	EKIYYKFV:0.23809523809523808	WEHPAEEV:0.2857142857142857	FKWEHPAE:0.2857142857142857	GTFDNWSK:0.23809523809523808	IYYKFVVD:0.2857142857142857	TDHTAPQE:0.23809523809523808	KWEHPAEE:0.2857142857142857	DDPELVAA:0.2857142857142857	YYKFVVDG:0.2857142857142857	KIYYKFVV:0.2857142857142857	GAFPETPA:0.3333333333333333	TFDNWSKS:0.23809523809523808	VTGTFDNW:0.5714285714285714	VPAEVKES:0.23809523809523808	EAELLKEV:0.23809523809523808	HDDPELVA:0.23809523809523808	VKESQKEA:0.23809523809523808	VHDDPELV:0.23809523809523808	EVYVTGTF:0.38095238095238093	VYVTGTFD:0.38095238095238093	AEEVYVTG:0.3333333333333333	EEVYVTGT:0.2857142857142857	TFDNWTKS:0.38095238095238093	GTFDNWTK:0.38095238095238093	TGTFDNWT:0.38095238095238093	YVTGTFDN:0.2857142857142857	FDNWTKSV:0.2857142857142857	YKFIVDGN:0.23809523809523808	FIVDGNWI:0.23809523809523808	KFIVDGNW:0.23809523809523808	
