cluster number:20
CBM48:339	CBM48:339|GH13_8:324|2.4.1.18:32|GH13:4|GT4:2
RFDGVTSM:0.8112094395280236	IDRGIALH:0.2743362831858407	DRGIALHK:0.3421828908554572	YHVTNFFA:0.23893805309734514	GEGYLNFM:0.3274336283185841	YLNFMGNE:0.5339233038348082	GYHVTNFF:0.2448377581120944	NEFGHPEW:0.8820058997050148	GVGFDYRL:0.31563421828908556	QALVGDKT:0.6873156342182891	WDSRLFNY:0.504424778761062	EFGHPEWI:0.3805309734513274	MGNEFGHP:0.5752212389380531	FGHPEWID:0.3805309734513274	ITYREWAP:0.20648967551622419	HPEWIDFP:0.3805309734513274	DQALVGDK:0.7345132743362832	GHPEWIDF:0.3805309734513274	ALHKMIRL:0.3952802359882006	LHKMIRLI:0.2536873156342183	PEWIDFPR:0.3746312684365782	YAESHDQA:0.45427728613569324	ALVGDKTI:0.3303834808259587	DGFRFDGV:0.7964601769911505	EGYLNFMG:0.3333333333333333	SFGYHVTN:0.26548672566371684	LGGEGYLN:0.3392330383480826	GNEFGHPE:0.8849557522123894	RIYEAHVG:0.31268436578171094	RGIALHKM:0.3480825958702065	NFMGNEFG:0.5545722713864307	VGDKTIAF:0.24778761061946902	IALHKMIR:0.30973451327433627	GYLNFMGN:0.4749262536873156	GGEGYLNF:0.3480825958702065	YASFGYHV:0.20648967551622419	FMGNEFGH:0.5752212389380531	FRFDGVTS:0.7876106194690266	FGYHVTNF:0.2536873156342183	SHDQALVG:0.7404129793510325	HKMIRLIT:0.25958702064896755	ESHDQALV:0.7404129793510325	DSRLFNYG:0.36578171091445427	GIALHKMI:0.3333333333333333	LVFVFNFH:0.25073746312684364	GGVGFDYR:0.31563421828908556	LNFMGNEF:0.5457227138643068	VHSHASKN:0.29793510324483774	HDQALVGD:0.7404129793510325	GFRFDGVT:0.7876106194690266	EDVSGMPT:0.21238938053097345	AESHDQAL:0.41297935103244837	DGLNMFDG:0.2182890855457227	ASFGYHVT:0.20353982300884957	YYASFGYH:0.20648967551622419	FDGFRFDG:0.831858407079646	EWIDFPRE:0.23008849557522124	DGVTSMLY:0.6224188790560472	IDFPREGN:0.22418879056047197	YGSFGYHV:0.21238938053097345	VHSHAVKN:0.20943952802359883	WIDFPREG:0.22418879056047197	YYGSFGYH:0.21238938053097345	FDGVTSML:0.6224188790560472	LDVVHSHA:0.40412979351032446	AYAESHDQ:0.3392330383480826	QLMAIMEH:0.3864306784660767	VLLDVVHS:0.3893805309734513	YYASFGYQ:0.3864306784660767	VLRFLLSN:0.2890855457227139	LWDSRLFN:0.3333333333333333	IMEHAYYA:0.2743362831858407	AEDVSGMP:0.34513274336283184	IQLMAIME:0.3274336283185841	FGHPEWLD:0.41002949852507375	YLNFEGNE:0.2359882005899705	YASFGYQV:0.3834808259587021	IYEAHVGI:0.20058997050147492	MEHAYYAS:0.3185840707964602	GHPEWLDF:0.41002949852507375	DVVHSHAS:0.4218289085545723	AYYASFGY:0.35103244837758113	HAYYASFG:0.35103244837758113	NFEGNEFG:0.24188790560471976	YEAHVGIS:0.25073746312684364	LMAIMEHA:0.22123893805309736	RFLLSNLR:0.22713864306784662	PEWLDFPR:0.2890855457227139	GFDYRLAM:0.415929203539823	LNFEGNEF:0.24188790560471976	EFGHPEWL:0.41297935103244837	LRFLLSNL:0.22713864306784662	EGNEFGHP:0.25958702064896755	AIMEHAYY:0.26843657817109146	FDYRLAMA:0.3333333333333333	HPEWLDFP:0.41002949852507375	MAIMEHAY:0.26843657817109146	FEGNEFGH:0.25958702064896755	VVHSHASK:0.2743362831858407	EHAYYASF:0.3480825958702065	HSHASKNV:0.23303834808259588	LLDVVHSH:0.41297935103244837	EVLRFLLS:0.2890855457227139	ALVGDKTL:0.3274336283185841	TLAFWLMD:0.2153392330383481	VGDKTLAF:0.22713864306784662	GDKTLAFW:0.22123893805309736	IAEDVSGM:0.23303834808259588	ASFGYQVT:0.22713864306784662	DKTLAFWL:0.2153392330383481	LVGDKTLA:0.24188790560471976	KTLAFWLM:0.2153392330383481	HFDGFRFD:0.22713864306784662	YARRQFNL:0.20943952802359883	GIGFDYRL:0.2536873156342183	GGIGFDYR:0.25073746312684364	SSRFGTPE:0.31268436578171094	YCESHDQA:0.22123893805309736	CESHDQAL:0.2182890855457227	GVTSMLYH:0.26843657817109146	LVGDFNNW:0.26843657817109146	
