cluster number:44
CBM48:12	CBM48:12|GH13:12
PKMIWQFG:0.5	VGYGESHD:0.25	KMIWQFGE:0.5	GYGESHDE:0.25	IWQFGELG:0.4166666666666667	GPKMIWQF:0.5	VKNLNTAL:0.25	NAIELLPI:0.25	INAIELLP:0.25	PGPKMIWQ:0.5	EYKIDGFR:0.25	DLTKGFTQ:0.25	ESHDEERL:0.5833333333333334	MIWQFGEL:0.4166666666666667	WQFGELGY:0.5	NLVVYELL:0.25	NGIAVILD:0.25	SHDEERLM:0.25	YGESHDEE:0.25	EGNLSWGY:0.25	GESHDEER:0.25	GNLSWGYN:0.3333333333333333	GQSPMVQL:0.25	KYYGTKND:0.25	YGTKNDLK:0.25	DKYYGTKN:0.3333333333333333	NHSFGQSP:0.25	LDPNNDQY:0.25	VYELLVRD:0.25	SWGYNPSF:0.25	PVNEFEGN:0.3333333333333333	FGQSPMVQ:0.25	GQEYAYQY:0.25	VVYELLVR:0.25	APDKYYGT:0.4166666666666667	HSFGQSPM:0.25	LNHSFGQS:0.25	PDKYYGTK:0.4166666666666667	GKTTGIVS:0.25	YPNLKAYP:0.3333333333333333	YLKRLGVN:0.25	FAPDKYYG:0.5	YELLVRDF:0.4166666666666667	ELLVRDFV:0.25	SFGQSPMV:0.25	QSPMVQLY:0.25	TYPNLKAY:0.25	LLVRDFVA:0.25	YYGTKNDL:0.25	KTTGIVSV:0.25	KIDGFRFD:0.25	LGVNAIEL:0.25	NEFEGNDS:0.25	TLAPGEYH:0.25	VNEFEGND:0.25	LVRDFVAT:0.25	YDASRVAI:0.3333333333333333	AVIQDIVL:0.25	GIAVIQDI:0.25	FEGNDSWG:0.3333333333333333	VRDFVATH:0.25	NAIELMPV:0.25	GNDSWGYN:0.4166666666666667	YFAPDKYY:0.4166666666666667	NDSWGYNP:0.3333333333333333	YKIDGFRF:0.25	EFEGNDSW:0.3333333333333333	IDGFRFDL:0.4166666666666667	EGNDSWGY:0.3333333333333333	IAVIQDIV:0.25	VVGNFDVV:0.25	EYHIDGFR:0.3333333333333333	FGELGYDI:0.25	RFDLSKGF:0.3333333333333333	FDLSKGFT:0.3333333333333333	NLKAYPAG:0.25	GELGYDIS:0.25	LSKGFTQK:0.25	YVILEHFA:0.25	DLSKGFTQ:0.3333333333333333	ELGYDISI:0.25	YMESHDEE:0.25	PNLKAYPA:0.25	QFGELGYD:0.3333333333333333	MESHDEER:0.25	FYFAPDKY:0.25	GIAVILDV:0.3333333333333333	SYMESHDE:0.25	VSYMESHD:0.25	IPGPKMIW:0.25	
