cluster number:43
CBM48:21	CBM48:21
LKSKPVCK:0.6190476190476191	GTFKGTVN:0.23809523809523808	KLKNGTFK:0.7142857142857143	LKKLKNGT:0.6190476190476191	SKPVCKVT:0.6666666666666666	EFRYLVDG:0.23809523809523808	KPVCKVTF:0.8571428571428571	KKLKNGTF:0.6190476190476191	TFKGTVNL:0.23809523809523808	QFLKSKPV:0.5238095238095238	VCKVTFTV:0.42857142857142855	LKNGTFKG:0.6666666666666666	NGTFKGTV:0.42857142857142855	PVCKVTFT:0.47619047619047616	FLKSKPVC:0.5238095238095238	KQFLKSKP:0.5238095238095238	KNGTFKGT:0.6190476190476191	KSKPVCKV:0.6666666666666666	KVTFTVPA:0.42857142857142855	CKVTFTVP:0.42857142857142855	VTFTVPAE:0.38095238095238093	PLKKLKNG:0.5238095238095238	KKQFLKSK:0.38095238095238093	EFKYLVDG:0.2857142857142857	MAIKKQFL:0.3333333333333333	AIKKQFLK:0.3333333333333333	YEFKYLVD:0.2857142857142857	PVCKVTFS:0.23809523809523808	IKKQFLKS:0.3333333333333333	AVVGSFNE:0.23809523809523808	KLKNGSFK:0.2857142857142857	VAVVGSFN:0.3333333333333333	VGSFNEWN:0.2857142857142857	KKLKNGSF:0.2857142857142857	LKNGSFKG:0.23809523809523808	LKKLKNGS:0.2857142857142857	KNGSFKGT:0.23809523809523808	TPLKKLKN:0.3333333333333333	VVGSFNEW:0.2857142857142857	FTVPAEEA:0.23809523809523808	TFTVPAEE:0.23809523809523808	
