cluster number:48
CBM48:21	CBM48:21
LFGNQTRV:0.47619047619047616	YRFRYLAT:0.38095238095238093	RNKLFGNQ:0.38095238095238093	TVSVVGCF:0.2857142857142857	GWEPGRHE:0.38095238095238093	GTVSVVGC:0.2857142857142857	GEYRFRYL:0.47619047619047616	EYRFRYLA:0.42857142857142855	VVGCFNGW:0.23809523809523808	KRNKLFGN:0.42857142857142855	NKLFGNQT:0.3333333333333333	CFNGWEPG:0.23809523809523808	FNGWEPGR:0.38095238095238093	KLFGNQTR:0.38095238095238093	GGVWLDDE:0.3333333333333333	TGGVWLDD:0.6666666666666666	IKRNKLFG:0.47619047619047616	DGTRTVTV:0.6666666666666666	GCFNGWEP:0.23809523809523808	NGWEPGRH:0.38095238095238093	SVVGCFNG:0.23809523809523808	GNQTRVTF:0.47619047619047616	VGCFNGWE:0.23809523809523808	FRYLATGG:0.6190476190476191	RHELVPRR:0.23809523809523808	PRRDGTRT:0.23809523809523808	TRTVTVRL:0.42857142857142855	EPGRHELV:0.5238095238095238	VSVVGCFN:0.6190476190476191	PGRHELVP:0.23809523809523808	PGEYRFRY:0.47619047619047616	GTRTVTVR:0.42857142857142855	RYLATGGV:0.5714285714285714	RFRYLATG:0.6190476190476191	LATGGVWL:0.5714285714285714	WEPGRHEL:0.5714285714285714	RRDGTRTV:0.7619047619047619	YLATGGVW:0.5714285714285714	FGNQTRVT:0.47619047619047616	ATGGVWLD:0.5714285714285714	MIKRNKLF:0.47619047619047616	RDGTRTVT:0.7619047619047619	GRHELVPR:0.23809523809523808	TVTVRLGP:0.38095238095238093	TVRLGPGE:0.3333333333333333	RTVTVRLG:0.38095238095238093	GPGEYRFR:0.38095238095238093	VTVRLGPG:0.38095238095238093	RLGPGEYR:0.2857142857142857	VRLGPGEY:0.23809523809523808	LGPGEYRF:0.38095238095238093	VSVVGSFN:0.23809523809523808	PGPVSVVG:0.2857142857142857	PPGPVSVV:0.2857142857142857	HRFRYLAT:0.23809523809523808	TRVTFCLP:0.6190476190476191	QTRVTFCL:0.5714285714285714	VTFCLPRD:0.6190476190476191	FCLPRDTP:0.5714285714285714	RVTFCLPR:0.6190476190476191	SVVGCFND:0.3333333333333333	TFCLPRDT:0.5714285714285714	NQTRVTFC:0.38095238095238093	VVGCFNDW:0.3333333333333333	GGVWLDDD:0.3333333333333333	VARRDGTR:0.3333333333333333	PGRHELVA:0.2857142857142857	ELVARRDG:0.2857142857142857	ARRDGTRT:0.3333333333333333	CLPRDTPP:0.47619047619047616	LVARRDGT:0.3333333333333333	HELVARRD:0.2857142857142857	RHELVARR:0.2857142857142857	PVSVVGCF:0.2857142857142857	GPVSVVGC:0.2857142857142857	LPRDTPPG:0.47619047619047616	GRHELVAR:0.2857142857142857	DTPPGTVS:0.23809523809523808	PRDTPPGT:0.23809523809523808	PPGTVSVV:0.23809523809523808	RDTPPGTV:0.23809523809523808	PGTVSVVG:0.23809523809523808	TPPGTVSV:0.23809523809523808	GVWLDDDS:0.23809523809523808	VWLDDDSA:0.23809523809523808	WLDDDSAD:0.23809523809523808	
