cluster number:19
CBM48:3819	CBM48:3819|GH13_11:3793|3.2.1.68:18|GH77:13|GH13:8|GH13_10:2|3.2.1.-:1|2.4.1.25:1
GIEVILDV:0.4548311076197958	GTPMLLAG:0.2547787378894999	HDGFTLRD:0.284891332809636	DGFRFDLA:0.7968054464519507	IAEPWDIG:0.2691804137208693	PMLLAGDE:0.2869861220214716	HVDGFRFD:0.5598324168630532	TPMLLAGD:0.25504058654097933	GFRFDLAS:0.29196124639958104	IEVILDVV:0.4888714323121236	NGEDNRDG:0.21942916993977482	LIAEPWDI:0.25896831631317097	YGYRVHGP:0.2678711704634721	KLIAEPWD:0.6132495417648599	GNNNAYCQ:0.6192720607488872	NNNAYCQD:0.6038229903115999	AGIEVILD:0.458496988740508	VDGFRFDL:0.7973291437549097	ITAHDGFT:0.24561403508771928	NNAYCQDN:0.506153443309767	TAHDGFTL:0.5373134328358209	AHDGFTLR:0.25425504058654097	NAYCQDNE:0.2663000785545954	NFITAHDG:0.21969101859125426	FITAHDGF:0.2186436239853365	KHNEANGE:0.45142707515056296	YNHTAEGN:0.3705158418434145	DVVYNHTA:0.5284105786855198	LRYWVTEM:0.20267085624509035	LDVVYNHT:0.6148206336737366	DNASYYRL:0.20293270489656978	MDSLRYWV:0.24535218643623985	VILDVVYN:0.5339094003665881	DSLRYWVT:0.20398009950248755	SQVKLIAE:0.22545168892380205	VVYNHTAE:0.5263157894736842	ILDVVYNH:0.5561665357423409	VKLIAEPW:0.474993453783713	QVKLIAEP:0.23959151610369206	KLLLDPYA:0.3320240900759361	VYNHTAEG:0.4752553024351925	EVILDVVY:0.525006546216287	IAEPWDVG:0.23697302958889763	GYQVGNFP:0.3330714846818539	GGYQVGNF:0.2992930086410055	VTAHDGFT:0.2838439382037182	YQVGNFPP:0.2147158942131448	MHVDGFRF:0.3972244042943179	LIAEPWDV:0.22545168892380205	FVTAHDGF:0.22204765645456925	NFVTAHDG:0.21916732128829536	TVIYEAHV:0.2327834511652265	IYEAHVKG:0.22807017543859648	EMHVDGFR:0.3312385441214978	GFRFDLAA:0.2152395915161037	GPGGYQVG:0.2626341974338832	
