cluster number:45
CBM48:175	CBM48:175|GH13_10:174|3.2.1.141:7|3.2.1.1:1|GH13:1
IAESDLND:0.3028571428571429	AVQNSYGG:0.2571428571428571	VGTFTPEG:0.3657142857142857	PEGVHGPS:0.21714285714285714	IQNHDQVG:0.24571428571428572	TFTPEGTF:0.32571428571428573	QNHDQVGN:0.5485714285714286	GTFTPEGT:0.3942857142857143	QPEGVHGP:0.21714285714285714	VILDVVYN:0.2742857142857143	NHDQVGNR:0.5542857142857143	YAVQNSYG:0.24	FMGEEYGE:0.5828571428571429	ILDVVYNH:0.33714285714285713	RLDAVHAI:0.2571428571428571	YQPEGVHG:0.21142857142857144	HVGTFTPE:0.3657142857142857	HLGPEGNY:0.29714285714285715	LIAESDLN:0.3314285714285714	VVYNHLGP:0.2914285714285714	LGPEGNYL:0.26285714285714284	DDFHHALH:0.2742857142857143	VYNHLGPE:0.2857142857142857	YLIAESDL:0.21142857142857144	WSDDFHHA:0.2342857142857143	NHLGPEGN:0.29714285714285715	RNWGYDGV:0.6342857142857142	WGYDGVYP:0.29714285714285715	QWSDDFHH:0.3314285714285714	YNHLGPEG:0.2914285714285714	MPVAQFPG:0.3028571428571429	LDVVYNHL:0.28	SDDFHHAL:0.2342857142857143	NWGYDGVY:0.37714285714285717	DVVYNHLG:0.2914285714285714	LHVGTFTP:0.33714285714285713	DAQWSDDF:0.29714285714285715	VLDVVYNH:0.32	YNHFGPEG:0.3142857142857143	IQNHDQIG:0.22857142857142856	LLFMGEEY:0.4114285714285714	HFGPEGNY:0.26857142857142857	AQWSDDFH:0.32	QNHDQIGN:0.38285714285714284	VVYNHFGP:0.4	IDALRLDA:0.2571428571428571	ELHVGTFT:0.4514285714285714	VYNHFGPE:0.30857142857142855	PLLFMGEE:0.46285714285714286	CIQNHDQI:0.2	VVLDVVYN:0.3028571428571429	YELHVGTF:0.5142857142857142	NHFGPEGN:0.28	DVVYNHFG:0.4	LPLLFMGE:0.21142857142857144	HIDALRLD:0.25142857142857145	LFMGEEYG:0.44571428571428573	LDVVYNHF:0.38857142857142857	AVVLDVVY:0.26857142857142857	MGEEYGET:0.24571428571428572	IYELHVGT:0.25142857142857145	AVILDVVY:0.21142857142857144	NHDQIGNR:0.2342857142857143	
