cluster number:66
CBM48:7	CBM48:7
LKKQKDGS:0.5714285714285714	KKQKDGSY:0.2857142857142857	VTFELPAE:0.42857142857142855	ELPVGGEY:0.2857142857142857	FELPAEAV:0.2857142857142857	KQKDGSYK:0.2857142857142857	DGSYKTTV:0.2857142857142857	NDWAADKY:0.2857142857142857	KVTFELPA:0.2857142857142857	TTVELPVG:0.2857142857142857	GSYKTTVE:0.2857142857142857	MAVAKQFL:0.2857142857142857	SYKTTVEL:0.2857142857142857	LPVGGEYQ:0.2857142857142857	TFELPAEA:0.42857142857142855	AKVTFELP:0.2857142857142857	AVAKQFLK:0.2857142857142857	QKDGSYKT:0.2857142857142857	VAKQFLKS:0.2857142857142857	KTTVELPV:0.2857142857142857	YKTTVELP:0.2857142857142857	TVELPVGG:0.2857142857142857	KQFLKSKP:0.42857142857142855	VALAGEFN:0.2857142857142857	DWAADKYV:0.2857142857142857	VELPVGGE:0.2857142857142857	AKQFLKSK:0.42857142857142855	AEAVNGAK:0.2857142857142857	KDGSYKTT:0.2857142857142857	DENSVVVL:0.2857142857142857	AADKYVPS:0.2857142857142857	ALKKQKDG:0.2857142857142857	GDFNDWDV:0.2857142857142857	SLVGDFND:0.42857142857142855	VGDFNDWD:0.2857142857142857	LVGDFNDW:0.42857142857142855	VSLVGDFN:0.42857142857142855	VYAFVVNG:0.2857142857142857	ADPRAPQA:0.2857142857142857	WIADPRAP:0.2857142857142857	IADPRAPQ:0.2857142857142857	FGRPGSVI:0.2857142857142857	DFGRPGSV:0.2857142857142857	RHVYAFVV:0.2857142857142857	PGRHVYAF:0.2857142857142857	HVYAFVVN:0.2857142857142857	GRHVYAFV:0.2857142857142857	
