cluster number:55
CBM48:36	CBM48:36|CE1:1
HVVLNHVF:0.2777777777777778	VPSQLHLT:0.2222222222222222	SEFEAPPS:0.2222222222222222	VSEFEAPP:0.2222222222222222	EFEAPPSP:0.5555555555555556	FQSKYVTV:0.4166666666666667	SQLHLTVL:0.2222222222222222	TVVLYKPL:0.5277777777777778	VEGSWDNW:0.6111111111111112	YVTVVLYK:0.5555555555555556	HRFQSKYV:0.4722222222222222	YRFIVDGE:0.2222222222222222	VTVVLYKP:0.5555555555555556	VVLYKPLK:0.4166666666666667	VAVEGSWD:0.3055555555555556	RFQSKYVT:0.4166666666666667	VLYKPLKR:0.3888888888888889	SKYVTVVL:0.5555555555555556	AVEGSWDN:0.2777777777777778	LDVNDYVP:0.2222222222222222	KYVTVVLY:0.5555555555555556	THRFQSKY:0.4722222222222222	SKPQHVVL:0.2222222222222222	PSQLHLTV:0.2222222222222222	QSKYVTVV:0.4166666666666667	QLHLTVLG:0.4722222222222222	KPQHVVLN:0.5277777777777778	VLNHVFIE:0.2777777777777778	PQHVVLNH:0.5277777777777778	QHVVLNHV:0.2777777777777778	VVLNHVFI:0.2777777777777778	DVNDYVPE:0.2222222222222222	LFIEKGWG:0.2222222222222222	THRFESKY:0.25	LNHLFIEK:0.3611111111111111	QKSGKDHS:0.2222222222222222	VLNHLFIE:0.3611111111111111	PPSPDSSY:0.3611111111111111	HLFIEKGW:0.4444444444444444	NHLFIEKG:0.3611111111111111	LTHRFQSK:0.3055555555555556	GLTHRFQS:0.3055555555555556	SVVALGLT:0.3055555555555556	EGSWDNWT:0.3611111111111111	GSWDNWTS:0.5	SWDNWTSR:0.4444444444444444	LGLTHRFQ:0.3055555555555556	ALGLTHRF:0.4722222222222222	VALGLTHR:0.4722222222222222	VVALGLTH:0.2777777777777778	WDNWTSRK:0.3888888888888889	VLPSGIYH:0.4166666666666667	WSYGGNNV:0.25	TWSYGGNN:0.25	SYGGNNVA:0.25	ITWSYGGN:0.25	LPSGIYHY:0.4166666666666667	PSGIYHYK:0.2777777777777778	LHLTVLGS:0.2222222222222222	TVLGSENS:0.2222222222222222	VNSPPQSP:0.2222222222222222	VVLNHLFI:0.2222222222222222	LMVNSPPQ:0.2222222222222222	SVAEFEAP:0.2777777777777778	NSPPQSPH:0.2222222222222222	ENLESVAE:0.2222222222222222	VAEFEAPP:0.2777777777777778	FEAPPSPD:0.2777777777777778	MVNSPPQS:0.2222222222222222	PPQSPHRS:0.2222222222222222	PLLFGPQV:0.2222222222222222	SPPQSPHR:0.2222222222222222	PENLESVA:0.2222222222222222	FGPQVPVV:0.2222222222222222	VFNLLDVN:0.2222222222222222	FNLLDVND:0.2222222222222222	LTVLGSEN:0.2222222222222222	IEKGWASQ:0.2222222222222222	DLMVNSPP:0.2222222222222222	IPTLITWS:0.2222222222222222	GPQVPVVP:0.2222222222222222	AVPPQLHL:0.25	DVNDNVPE:0.2222222222222222	SPLLFGPQ:0.2222222222222222	HLTVLGSE:0.2222222222222222	APPSPDSS:0.3055555555555556	VPPQLHLT:0.3055555555555556	VLLVLPSG:0.2777777777777778	NLESVAEF:0.2222222222222222	LITWSYGG:0.2222222222222222	LESVAEFE:0.25	NLLDVNDN:0.2222222222222222	LLVLPSGI:0.3333333333333333	EKGWASQS:0.2222222222222222	QVPVVPLQ:0.2222222222222222	PQVPVVPL:0.2222222222222222	VDGEVRYI:0.2222222222222222	LLDVNDNV:0.2222222222222222	FIEKGWAS:0.2222222222222222	LFIEKGWA:0.2222222222222222	PPQLHLTV:0.25	PKPQHVVL:0.25	LFGPQVPV:0.2222222222222222	VPENLESV:0.2222222222222222	LVLPSGIY:0.3333333333333333	QHVVLNHL:0.25	LLFGPQVP:0.2222222222222222	EAPPSPDS:0.2222222222222222	ESVAEFEA:0.25	AEFEAPPS:0.2777777777777778	PQLHLTVL:0.25	DGEVRYIP:0.2222222222222222	HVVLNHLF:0.2222222222222222	GIPTLITW:0.2222222222222222	LDVNDNVP:0.2222222222222222	
