cluster number:52
CBM48:39	CBM48:39
EVEVTFEL:0.5384615384615384	AIVADFLD:0.23076923076923078	PEPMKKVA:0.3076923076923077	EPMKKVAK:0.3076923076923077	PMKKVAKS:0.3076923076923077	IVADFLDW:0.3076923076923077	VEVTFELD:0.38461538461538464	VAIVADFL:0.41025641025641024	FQFRYLLD:0.38461538461538464	KFKTRLPK:0.7948717948717948	GEENCLLT:0.20512820512820512	DPHADQYI:0.20512820512820512	NCLLTTYQ:0.20512820512820512	FGEENCLL:0.20512820512820512	LPKDREFQ:0.20512820512820512	STFKFKTR:0.23076923076923078	KKFLKTKD:0.20512820512820512	EVAIVADF:0.20512820512820512	LKTKDEVE:0.20512820512820512	AASEVAIV:0.20512820512820512	INKKFLKT:0.20512820512820512	ADQYIANG:0.3333333333333333	PHADQYIA:0.20512820512820512	QEWVNDPH:0.20512820512820512	QPEPMKKV:0.28205128205128205	KDEVEVTF:0.7435897435897436	PKDREFQF:0.20512820512820512	TRLPKDRE:0.20512820512820512	SSTFKFKT:0.23076923076923078	TFKFKTRL:0.28205128205128205	DREFQFRY:0.20512820512820512	EENCLLTT:0.20512820512820512	REFQFRYL:0.20512820512820512	KDREFQFR:0.20512820512820512	FKFKTRLP:0.7435897435897436	IANGFGEE:0.3333333333333333	YIANGFGE:0.3333333333333333	NGFGEENC:0.20512820512820512	AKSSTFKF:0.23076923076923078	KTRLPKDR:0.20512820512820512	EWVNDPHA:0.20512820512820512	EFQFRYLL:0.38461538461538464	ASEVAIVA:0.20512820512820512	ENCLLTTY:0.20512820512820512	HADQYIAN:0.20512820512820512	FKTRLPKD:0.5128205128205128	FLKTKDEV:0.20512820512820512	KFLKTKDE:0.20512820512820512	DQYIANGF:0.3333333333333333	SEVAIVAD:0.20512820512820512	TKDEVEVT:0.7435897435897436	KTKDEVEV:0.7435897435897436	DEVEVTFE:0.7435897435897436	WVNDPHAD:0.20512820512820512	VNDPHADQ:0.20512820512820512	WQPEPMKK:0.358974358974359	GFGEENCL:0.20512820512820512	ANGFGEEN:0.3333333333333333	RLPKDREF:0.20512820512820512	NKKFLKTK:0.20512820512820512	EVEVTFEC:0.20512820512820512	MINKKFLK:0.20512820512820512	NDPHADQY:0.20512820512820512	QYIANGFG:0.3333333333333333	KSSTFKFK:0.23076923076923078	FKTKDEVE:0.5384615384615384	FGSDNSVV:0.2564102564102564	FFKTKDEV:0.5384615384615384	DPQADAYV:0.23076923076923078	FKTRLPKE:0.20512820512820512	KRFFKTKD:0.5384615384615384	EVTFELDK:0.2564102564102564	AGDFNNWQ:0.2564102564102564	SDNSVVCT:0.2564102564102564	NWQPEPMK:0.28205128205128205	RFFKTKDE:0.5384615384615384	PQADAYVP:0.23076923076923078	MLKKRFFK:0.41025641025641024	KKRFFKTK:0.4358974358974359	GSDNSVVC:0.2564102564102564	NDPQADAY:0.2564102564102564	PEPMKLVK:0.28205128205128205	QADAYVPN:0.23076923076923078	QPEPMKLV:0.28205128205128205	EPMKLVKK:0.2564102564102564	WQPEPMKL:0.28205128205128205	QFKFKTRL:0.28205128205128205	LKKRFFKT:0.41025641025641024	QIAGDFNN:0.23076923076923078	DFNNWQPE:0.2564102564102564	NNWQPEPM:0.2564102564102564	GDFNNWQP:0.2564102564102564	IAGDFNNW:0.2564102564102564	WENDPQAD:0.23076923076923078	KTRLPKEQ:0.20512820512820512	FNNWQPEP:0.2564102564102564	PMKLVKKS:0.2564102564102564	ENDPQADA:0.23076923076923078	NKRFFKTK:0.28205128205128205	ADFLDWQP:0.20512820512820512	MINKRFFK:0.28205128205128205	QFRYLLDD:0.20512820512820512	INKRFFKT:0.28205128205128205	VADFLDWQ:0.20512820512820512	
