cluster number:32
CBM48:67	CBM48:67|GH13:65
ESHDEVAN:0.8208955223880597	QFDGWSEN:0.3582089552238806	WQFDGWSE:0.3880597014925373	FRVWAPHA:0.3582089552238806	SHDEVANG:0.8208955223880597	PMLFQGQE:0.44776119402985076	RVIYSESH:0.208955223880597	DLDLWQFD:0.3582089552238806	HDEVANGK:0.5522388059701493	YNHFGPSD:0.417910447761194	IYSESHDE:0.22388059701492538	LFQGQEFL:0.2835820895522388	RPDYGRPE:0.373134328358209	PWGDTRPD:0.5522388059701493	AVILDVVY:0.22388059701492538	VVYNHFGP:0.5522388059701493	SDLDLWQF:0.23880597014925373	GDTRPDYG:0.5522388059701493	EVANGKAR:0.31343283582089554	VANGKARV:0.26865671641791045	SWGYNPAH:0.3880597014925373	GPSDLDLW:0.29850746268656714	TAPGIPML:0.26865671641791045	IYELHVGT:0.373134328358209	DTRPDYGR:0.5522388059701493	PSDLDLWQ:0.23880597014925373	ELHVGTFN:0.26865671641791045	TRPDYGRP:0.2835820895522388	VILDVVYN:0.23880597014925373	GIPMLFQG:0.3880597014925373	PGIPMLFQ:0.3582089552238806	FQGQEFLE:0.34328358208955223	DYGRPEVR:0.373134328358209	NHFGPSDL:0.373134328358209	YELHVGTF:0.373134328358209	ILDVVYNH:0.2835820895522388	VIYSESHD:0.208955223880597	HFGPSDLD:0.2835820895522388	DVVYNHFG:0.5970149253731343	FGPSDLDL:0.2537313432835821	MLFQGQEF:0.373134328358209	PDYGRPEV:0.373134328358209	LDLWQFDG:0.3582089552238806	YGRPEVRQ:0.29850746268656714	IPMLFQGQ:0.3880597014925373	DLWQFDGW:0.4925373134328358	LDVVYNHF:0.373134328358209	TPWGDTRP:0.5970149253731343	APGIPMLF:0.26865671641791045	WGDTRPDY:0.5522388059701493	DEVANGKA:0.31343283582089554	LWQFDGWS:0.3582089552238806	VYNHFGPS:0.417910447761194	VIYELHVG:0.3582089552238806	FDGWSEND:0.22388059701492538	PMIFQGQE:0.3582089552238806	TESHDEVA:0.582089552238806	VIYEMHVG:0.208955223880597	IFQGQEFL:0.2537313432835821	KGGIYFYN:0.3582089552238806	IYEMHVGT:0.208955223880597	YTESHDEV:0.5970149253731343	GIYFYNDW:0.3283582089552239	IYTESHDE:0.47761194029850745	RVIYTESH:0.40298507462686567	VIYTESHD:0.40298507462686567	GGIYFYND:0.5970149253731343	YEMHVGTF:0.208955223880597	MIFQGQEF:0.29850746268656714	VVYNHLGP:0.208955223880597	ENDKGGIY:0.23880597014925373	GRPEVRQY:0.23880597014925373	NDKGGIYF:0.23880597014925373	TFRVWAPN:0.23880597014925373	TTFRVWAP:0.31343283582089554	DKGGIYFY:0.2537313432835821	FRVWAPNA:0.3283582089552239	LVIYELHV:0.2835820895522388	ANGKARVP:0.208955223880597	DVVYNHLG:0.208955223880597	QGQEFLED:0.22388059701492538	IYFYNDWR:0.29850746268656714	IPMIFQGQ:0.2835820895522388	PGIPMIFQ:0.2537313432835821	GIPMIFQG:0.2835820895522388	GTTFRVWA:0.23880597014925373	
