cluster number:23
CBM48:73	CBM48:73
EPNHVMLN:0.7534246575342466	SCDPALLP:0.4931506849315068	KILMDSPE:0.2191780821917808	HQYKFFVD:0.3972602739726027	ILMDSPED:0.2191780821917808	THRYKKKY:0.5205479452054794	PHLLQVIL:0.6301369863013698	ILDLPEGE:0.3972602739726027	SIKDGVMV:0.6301369863013698	PALLPEPN:0.4931506849315068	GEHQYKFF:0.3972602739726027	YKFFVDGQ:0.3835616438356164	DTGISCDP:0.3150684931506849	ALSIKDGV:0.7123287671232876	HRYKKKYV:0.5205479452054794	KDGVMVLS:0.6164383561643836	AILDLPEG:0.3972602739726027	KFFVDGQW:0.3972602739726027	LDLPEGEH:0.410958904109589	LMVDSQKC:0.2054794520547945	SGSFNNWS:0.2876712328767123	MVDSQKCS:0.2054794520547945	LLPEPNHV:0.726027397260274	NHVMLNHL:0.7123287671232876	SSPPGPYH:0.273972602739726	PPHLLQVI:0.6301369863013698	VMLNHLYA:0.726027397260274	LYALSIKD:0.7534246575342466	CDPALLPE:0.4931506849315068	NKDTGISC:0.3150684931506849	FVAILDLP:0.3835616438356164	LSSSPPGP:0.4657534246575342	SATHRYKK:0.4794520547945205	FDALMVDS:0.2328767123287671	PEPNHVML:0.7534246575342466	RYKKKYVT:0.5068493150684932	ILPPHLLQ:0.6027397260273972	MVLSATHR:0.6712328767123288	RPKILMDS:0.2465753424657534	HVMLNHLY:0.726027397260274	KKYVTTLL:0.6164383561643836	DPALLPEP:0.4931506849315068	YVTTLLYK:0.6438356164383562	DFEVFDAL:0.5616438356164384	LPEPNHVM:0.7534246575342466	DGQWTHDP:0.2054794520547945	VAILDLPE:0.3835616438356164	ATHRYKKK:0.4794520547945205	VTTLLYKP:0.684931506849315	VFDALMVD:0.2328767123287671	QYKFFVDG:0.3972602739726027	EHQYKFFV:0.3972602739726027	EVFDALMV:0.2328767123287671	PNHVMLNH:0.7808219178082192	PTVFRWTG:0.2328767123287671	GVMVLSAT:0.5753424657534246	EGEHQYKF:0.6164383561643836	YLSGSFNN:0.2328767123287671	FEVFDALM:0.2465753424657534	GISCDPAL:0.2602739726027397	VDGQWTHD:0.2328767123287671	LPPHLLQV:0.7397260273972602	HLYALSIK:0.7534246575342466	LNKDTGIS:0.3150684931506849	NHLYALSI:0.7671232876712328	RPTVFRWT:0.2054794520547945	VDSQKCSD:0.2054794520547945	KKKYVTTL:0.4657534246575342	DALMVDSQ:0.2328767123287671	KTDFEVFD:0.2602739726027397	YALSIKDG:0.7123287671232876	LPEGEHQY:0.6575342465753424	LQVILNKD:0.6301369863013698	LSATHRYK:0.4931506849315068	DGVMVLSA:0.5753424657534246	PILPPHLL:0.6164383561643836	QVILNKDT:0.6301369863013698	LSGSFNNW:0.2465753424657534	ISCDPALL:0.4657534246575342	PEGEHQYK:0.6438356164383562	YKKKYVTT:0.4657534246575342	DLPEGEHQ:0.6438356164383562	ALLPEPNH:0.4931506849315068	ILNKDTGI:0.2328767123287671	HLLQVILN:0.6301369863013698	PKILMDSP:0.2054794520547945	KYVTTLLY:0.6438356164383562	LLQVILNK:0.6301369863013698	TGISCDPA:0.2602739726027397	LMDSPEDA:0.2054794520547945	IKDGVMVL:0.6164383561643836	VLSATHRY:0.6438356164383562	LSIKDGVM:0.6301369863013698	SSSPPGPY:0.4931506849315068	TDFEVFDA:0.3287671232876712	ARPTVFRW:0.2054794520547945	SPPGPYHQ:0.273972602739726	LNHLYALS:0.726027397260274	MLNHLYAL:0.726027397260274	ALMVDSQK:0.2328767123287671	KDTGISCD:0.3150684931506849	PPILPPHL:0.6164383561643836	VILNKDTG:0.2328767123287671	VMVLSATH:0.6712328767123288	MDSPEDAD:0.2054794520547945	MGNTSSER:0.2328767123287671	TTLLYKPI:0.6164383561643836	SEPVVTSQ:0.2465753424657534	DPSEPVVT:0.2328767123287671	SHNDFVAI:0.2191780821917808	VILNKDTN:0.2054794520547945	PSEPVVTS:0.2328767123287671	SDLSSSPP:0.2465753424657534	HDPSEPVV:0.2328767123287671	DFVAILDL:0.2191780821917808	NDFVAILD:0.2191780821917808	KSDFEVFD:0.2054794520547945	SDFEVFDA:0.2191780821917808	KKSDFEVF:0.2328767123287671	VKKSDFEV:0.2328767123287671	KSHNDFVA:0.2191780821917808	DLSSSPPG:0.3698630136986301	HNDFVAIL:0.2191780821917808	PTLLPEPN:0.2191780821917808	TLLPEPNH:0.2191780821917808	FEVFDALK:0.2054794520547945	SPPILPPH:0.2876712328767123	EPVVTSQL:0.2191780821917808	VVTSQLGT:0.2191780821917808	KSPPILPP:0.2328767123287671	FKSPPILP:0.2054794520547945	PVVTSQLG:0.2191780821917808	
