cluster number:26
PL9:15	PL9_1:13|4.2.2.23:2|PL9:2
AGDGTGFK:0.26666666666666666	VFYVSGSY:0.2	KGFYANHH:0.2	SATNYFVA:0.26666666666666666	CRAWYNSD:0.4	HDGMAIGF:0.3333333333333333	FYANHHLG:0.3333333333333333	NNLVLNCD:0.2	RAWYNSDD:0.4	TGYQNPSN:0.2	GFKAGGYG:0.4	NCDAYNNY:0.2	FKAGGYGM:0.2	YVSGSYLH:0.2	NKGFYANH:0.2	GYQNPSNF:0.2	GTGGNVDG:0.2	GDTVYIRG:0.26666666666666666	CDAYNNYD:0.2	GMAIGFYL:0.2	YNSDDGFD:0.4	GSLPDIDF:0.26666666666666666	PSNFCMLN:0.2	NNSFLPVD:0.2	WYNSDDGF:0.4	VLNCDAYN:0.4	GSYLHFRN:0.2	SNFCMLNR:0.2	TGGNVDGF:0.2	DGMAIGFY:0.26666666666666666	TGFKAGGY:0.3333333333333333	NTGYQNPS:0.2	DGSLPDID:0.26666666666666666	GNVDGFGG:0.26666666666666666	GFYANHHL:0.5333333333333333	GGNVDGFG:0.6666666666666666	NYFVATNG:0.26666666666666666	SDDGFDLI:0.4	YANHHLGG:0.3333333333333333	GTGFKAGG:0.3333333333333333	CWAFYNGY:0.4666666666666667	FYVSGSYL:0.2	ATNYFVAT:0.26666666666666666	GCRAWYNS:0.4	TNYFVATN:0.26666666666666666	GDGTGFKA:0.3333333333333333	NVDGFGGH:0.26666666666666666	KNKGFYAN:0.2	NLVLNCDA:0.6	SGSYLHFR:0.2	AWYNSDDG:0.4	LVLNCDAY:0.5333333333333333	MHDGMAIG:0.2	NSDDGFDL:0.4	YQNPSNFC:0.2	NFCMLNRK:0.2	ANHHLGGI:0.26666666666666666	LPDIDFLK:0.2	SLSATNYF:0.26666666666666666	NKNKGFYA:0.2	LSATNYFV:0.26666666666666666	NGTGGNVD:0.2	NPSNFCML:0.2	VFKGCRAW:0.2	QNPSNFCM:0.2	NSFLPVDM:0.2	LNCDAYNN:0.5333333333333333	DGTGFKAG:0.3333333333333333	ADGSLPDI:0.2	PDIDFLKL:0.2	SLPDIDFL:0.2	VSGSYLHF:0.2	NNTGYQNP:0.2	DTVYIRGG:0.26666666666666666	WAFYNGYS:0.3333333333333333	LNCDAYRN:0.2	CRAWFNSD:0.26666666666666666	GCRAWFNS:0.26666666666666666	NCWAFYNG:0.2	RGCRAWFN:0.2	HNLVLNCD:0.2	ITTHTQSI:0.2	TTHTQSIC:0.2	NVFRGCRA:0.3333333333333333	WFNSDDGF:0.3333333333333333	GNGFKAGG:0.26666666666666666	RAWFNSDD:0.3333333333333333	THTQSICF:0.2	AWFNSDDG:0.3333333333333333	NNVFRGCR:0.2	DGNGFKAG:0.2	VFRGCRAW:0.3333333333333333	FNSDDGFD:0.3333333333333333	FRGCRAWF:0.2	SGFYANHH:0.2	GNIFRGCR:0.2	IFRGCRAW:0.2	NIFRGCRA:0.2	GSWIHIRG:0.2	VNITTHTQ:0.2	CDAYNNWD:0.26666666666666666	VQVNITTH:0.2	GNTDGFGC:0.2	DDGFDLIN:0.2	VYIRGGTY:0.2	LSMHDGKA:0.2	QVNITTHT:0.2	NCDAYNNW:0.26666666666666666	AGDTVYIR:0.2	NTDGFGCH:0.2	NITTHTQS:0.2	GVQVNITT:0.2	SMHDGKAI:0.2	TVYIRGGT:0.2	MHDGKAIG:0.2	GGNTDGFG:0.2	FATIQRAQ:0.2	PFATIQRA:0.2	FYANHHPG:0.2	SDDGFDCI:0.2	NVDGFGCH:0.2	GFYANHHP:0.2	NSDDGFDC:0.2	GNVDGFGC:0.2	KGGNVDGF:0.2	GKGGNVDG:0.2	YANHHPGG:0.2	RPFATIQR:0.2	WYNNSAYQ:0.2	YNNSAYQN:0.2	RGFYANHH:0.2	FRGCRAWY:0.2	RGCRAWYN:0.2	
