cluster number:20
PL9:38	PL9_1:37|PL1:7|CBM35:6|CE8:4|CBM77:3|4.2.2.2:2|PL1_5:1|PL9:1
ADGFAAKL:0.868421052631579	FAAKLTCG:0.5526315789473685	DDGWDLYA:0.21052631578947367	ENADGFAA:0.39473684210526316	NADGFAAK:0.8947368421052632	GFAAKLTC:0.5789473684210527	DGFAAKLT:0.8421052631578947	GENADGFA:0.23684210526315788	NGFKLGGS:0.34210526315789475	GDTGLQIS:0.39473684210526316	HNIDDGWD:0.23684210526315788	NNADGFAA:0.5	HHNIDDGW:0.23684210526315788	NIDDGWDL:0.39473684210526316	GNGFKLGG:0.39473684210526316	GFKLGGSG:0.2894736842105263	DGNGFKLG:0.39473684210526316	DTGLQISR:0.39473684210526316	TGLQISRT:0.2631578947368421	DGITFYYT:0.21052631578947367	GQESFGIM:0.23684210526315788	ESFGIMAR:0.23684210526315788	DGWDLYTK:0.34210526315789475	TLAKTNSG:0.23684210526315788	KNGFKLGG:0.34210526315789475	DGQESFGI:0.23684210526315788	DKNGFKLG:0.34210526315789475	GFTSNSNP:0.2631578947368421	NGFKLGGE:0.4473684210526316	GFKLGGEG:0.42105263157894735	QESFGIMA:0.23684210526315788	SFGIMARD:0.23684210526315788	DDGWDLYT:0.34210526315789475	GLQISRTD:0.23684210526315788	IDDGWDLY:0.34210526315789475	DHDGITFY:0.21052631578947367	GITFYYTE:0.21052631578947367	GDKNGFKL:0.34210526315789475	NGDTGLQI:0.3157894736842105	HDGITFYY:0.21052631578947367	LTLAKTNS:0.23684210526315788	AGDNGMLL:0.21052631578947367	GDGNGFKL:0.23684210526315788	GNVFRGCI:0.23684210526315788	KGDGNGFK:0.21052631578947367	ENNADGFA:0.2631578947368421	SENNADGF:0.2631578947368421	TKGDGNGF:0.21052631578947367	DPSENNAD:0.21052631578947367	ENGDTGLQ:0.23684210526315788	PLDLDTAI:0.23684210526315788	NRDPSENN:0.21052631578947367	PHDGQESF:0.21052631578947367	RDPSENNA:0.21052631578947367	FGIMARDA:0.23684210526315788	YENGDTGL:0.23684210526315788	NPLDLDTA:0.21052631578947367	PSENNADG:0.21052631578947367	RLATIEVS:0.21052631578947367	HDGQESFG:0.21052631578947367	ARLATIEV:0.21052631578947367	FYENGDTG:0.21052631578947367	IRFGQSTS:0.21052631578947367	IMARDAIG:0.21052631578947367	GIMARDAI:0.21052631578947367	
