cluster number:11
PL9:23	PL9_3:23|CBM35:3|CBM1:1|CBM66:1
NYETGFQL:0.34782608695652173	WGNGFNRW:0.391304347826087	FQLEGASS:0.21739130434782608	RDPRKNGE:0.8695652173913043	KEGSGEGN:0.21739130434782608	FEGDGNGF:0.30434782608695654	NRDPRKNG:0.8695652173913043	HDNYETGF:0.21739130434782608	NVDDGLDL:0.2608695652173913	AWGNGFNR:0.391304347826087	PRKNGESA:1.0	GFQLEGAS:0.21739130434782608	DGFACKEG:0.21739130434782608	FIDNGNPG:0.30434782608695654	ETGFQLEG:0.21739130434782608	EGDGNGFK:0.30434782608695654	TGFQLEGA:0.21739130434782608	DGNGFKLG:0.6086956521739131	GESADGFA:0.2608695652173913	QLEGASSN:0.21739130434782608	IDNGNPGS:0.21739130434782608	DNYETGFQ:0.2608695652173913	DNGNPGSL:0.21739130434782608	ESADGFAC:0.2608695652173913	SADGFACK:0.2608695652173913	NGESADGF:0.2608695652173913	YETGFQLE:0.21739130434782608	LEGASSNN:0.21739130434782608	RKNGESAD:1.0	GDGNGFKL:0.6086956521739131	ADGFACKE:0.21739130434782608	DPRKNGES:1.0	GFIDNGNP:0.30434782608695654	KNGESADG:1.0	THDNYETG:0.21739130434782608	DGFDAWLF:0.21739130434782608	VRGARLWN:0.5652173913043478	VTRDNYES:0.2608695652173913	VVRGARLW:0.5652173913043478	GARLWNNS:0.21739130434782608	NYESGLQI:0.21739130434782608	ESGLQIQG:0.21739130434782608	LWNNSDDG:0.21739130434782608	GNVVRGAR:0.5652173913043478	ARLWNNSD:0.21739130434782608	GNRDPRKN:0.5652173913043478	NRWNLPDY:0.21739130434782608	ADGLAIKE:0.5217391304347826	SADGLAIK:0.5652173913043478	DDGFDAWL:0.21739130434782608	GESADGLA:0.5652173913043478	LAIKEGSG:0.43478260869565216	RLWNNSDD:0.21739130434782608	DNYESGLQ:0.21739130434782608	RLVTRDNY:0.21739130434782608	NGESADGL:0.6521739130434783	YGNRDPRK:0.5652173913043478	LVTRDNYE:0.2608695652173913	NVVRGARL:0.5652173913043478	ESADGLAI:0.5652173913043478	RDNYESGL:0.43478260869565216	GLAIKEGS:0.43478260869565216	YESGLQIQ:0.21739130434782608	TRDNYESG:0.5652173913043478	DGLAIKEG:0.5217391304347826	RGARLWNN:0.6956521739130435	RLWNNVDD:0.30434782608695654	LWNNVDDG:0.30434782608695654	GARLWNNV:0.30434782608695654	GNGFNRWN:0.2608695652173913	GNGFKLGG:0.43478260869565216	IAVRGGTY:0.21739130434782608	ERVVIDGE:0.2608695652173913	ARLWNNVD:0.30434782608695654	NGFKLGGG:0.34782608695652173	NLDSYGNR:0.30434782608695654	TPGAVGSS:0.21739130434782608	LDSYGNRD:0.43478260869565216	YTPGAVGS:0.21739130434782608	PLRTIQRA:0.21739130434782608	VVIDGENM:0.2608695652173913	IQRAVDLA:0.21739130434782608	ITRDNYES:0.21739130434782608	PGAVGSSI:0.21739130434782608	DNYESGLH:0.21739130434782608	GAVGSSIP:0.21739130434782608	VIDGENMP:0.2608695652173913	AVGSSIPR:0.21739130434782608	DSYGNRDP:0.43478260869565216	LITRDNYE:0.21739130434782608	SYGNRDPR:0.43478260869565216	TGDGNGFK:0.2608695652173913	GFKLGGGD:0.2608695652173913	NADDGFDA:0.21739130434782608	ADDGFDAW:0.21739130434782608	
