cluster number:3
PL9:15	PL9:12|PL9_4:3
REDSDVVG:0.4666666666666667	VTGGSSRC:0.26666666666666666	GGDGTGET:0.2	EVDGNATY:0.26666666666666666	DGIESIEL:0.26666666666666666	NEIYYNWI:0.5333333333333333	QFVVRVGG:0.26666666666666666	EVYKCGAG:0.2	GDGTGETN:0.2	QGSSAAIH:0.26666666666666666	LHNNIFHR:0.26666666666666666	PAHGILGA:0.2	GNATYAGN:0.2	HNNIFHRV:0.26666666666666666	FVVRVGGD:0.26666666666666666	RVGGGSVQ:0.2	VDGNATYA:0.2	VEVDGNAT:0.26666666666666666	RYRFVNNT:0.4	YVHDANGG:0.2	EDSDVVGN:0.4666666666666667	RNEIYYNW:0.6666666666666666	TNGRYRFV:0.2	YKELELIG:0.26666666666666666	VGGGSVQV:0.2	PGDVVEVD:0.4	YRFVNNTF:0.2	IYYNWIEG:0.5333333333333333	RFVNNTFL:0.3333333333333333	GGNAVKSR:0.26666666666666666	VVRVGGDG:0.26666666666666666	DCPAHGIL:0.2	FHRVGGGS:0.2	CPAHGILG:0.2	SDVVGNVF:0.26666666666666666	ETNGRYRF:0.2	SIELHNNI:0.3333333333333333	GDVVEVDG:0.5333333333333333	DGTGETNG:0.2	RVGGDGTG:0.6	YYNWIEGG:0.26666666666666666	TGETNGRY:0.2	ATYAGNIR:0.2	FDGIESIE:0.26666666666666666	VGNVFRKT:0.3333333333333333	TGGSSRCI:0.2	IFHRVGGG:0.26666666666666666	ELHNNIFH:0.26666666666666666	IESIELHN:0.26666666666666666	ESIELHNN:0.26666666666666666	NIFHRVGG:0.26666666666666666	NGRYRFVN:0.2	DVVEVDGN:0.3333333333333333	DSDVVGNV:0.4666666666666667	GNVFRKTH:0.26666666666666666	VVGNVFRK:0.3333333333333333	VVEVDGNA:0.3333333333333333	EIYYNWIE:0.5333333333333333	VRVGGDGT:0.3333333333333333	GETNGRYR:0.2	AHGILGAD:0.2	GNAVKSRA:0.26666666666666666	VHDANGGN:0.2	GTGETNGR:0.2	IELHNNIF:0.3333333333333333	NATYAGNI:0.2	HRVGGGSV:0.2	NNIFHRVG:0.26666666666666666	DGNATYAG:0.2	GIESIELH:0.26666666666666666	VGGDGTGE:0.26666666666666666	FVNNTFLL:0.3333333333333333	DVVGNVFR:0.3333333333333333	FEGFEVTG:0.2	GRYRFVNN:0.4	LAAGDVVE:0.2	WIEGALYH:0.26666666666666666	HDGNGGNN:0.2	ITIRGVRV:0.26666666666666666	GNGGNNVK:0.2	HPVYIATD:0.2	YVHDGNGG:0.2	LSGGTNTV:0.2	HPGSVFRM:0.26666666666666666	NWIEGALY:0.26666666666666666	PGHGILGA:0.2	YYNWIEGA:0.2	NVKSRAER:0.2	GGDGTGQT:0.2	NGGNNVKS:0.2	NNVKSRAE:0.2	GSVFRMQH:0.2	PVYIATDE:0.2	GGNNVKSR:0.26666666666666666	VKSRAERN:0.5333333333333333	KITIRGVR:0.2	RAERNEIY:0.5333333333333333	IRGVRVNG:0.26666666666666666	VGGDGTGQ:0.26666666666666666	AHPGSVFR:0.2	GHGILGAD:0.2	AREDSDVV:0.2	KSRAERNE:0.6	DGNGGNNV:0.2	TIRGVRVN:0.26666666666666666	ARVGGDGT:0.2	TLEYVEVY:0.2	SVFRMQHC:0.2	IEGALYHE:0.26666666666666666	CYVHDGNG:0.2	EYVEVYAC:0.2	ERNEIYYN:0.4666666666666667	GNNVKSRA:0.2	VHDGNGGN:0.2	PGSVFRMQ:0.3333333333333333	ELIGPDGQ:0.26666666666666666	VFRMQHCY:0.2	SRAERNEI:0.6	CPGHGILG:0.2	AERNEIYY:0.4666666666666667	YVEVYACG:0.2	RHPVYIAT:0.2	TRHPVYIA:0.2	EGFEITGG:0.2	ELELIGPD:0.6	TYQVGPTR:0.2	SDVVGNVL:0.2	ALYHELEL:0.2	HELELIGP:0.4	LYHELELI:0.2	ATTYQVGP:0.2	EGALYHEL:0.2	GALYHELE:0.2	LELIGPDP:0.26666666666666666	GGDGTGES:0.2	KREDSDVV:0.2	CFFHHADD:0.2	LKREDSDV:0.2	YHELELIG:0.3333333333333333	RCFFHHAD:0.2	TGQSWGRY:0.2	QSWGRYRF:0.2	GGDGTGQS:0.2	GTGQSWGR:0.2	WGRYRFVN:0.2	GQSWGRYR:0.2	DGTGQSWG:0.2	GDGTGQSW:0.2	HGILGADS:0.2	LELIGPDG:0.2	DGDVVGNV:0.2	GDVVGNVF:0.2	REDGDVVG:0.2	EDGDVVGN:0.2	
