cluster number:10
GT29:59	GT29:59|2.4.99.4:9
VGNSGNLK:0.2542372881355932	RCAVVGNS:0.576271186440678	THHFMYPE:0.3728813559322034	CRRCAVVG:0.4745762711864407	VVGNSGNL:0.8135593220338984	HHFMYPES:0.3728813559322034	GNWHHYWE:0.711864406779661	RRCAVVGN:0.4745762711864407	HFMYPESA:0.3559322033898305	AVVGNSGN:0.8305084745762712	CAVVGNSG:0.864406779661017	HGRYPSTG:0.6779661016949152	VGNSGNLR:0.4576271186440678	AFRKTGVH:0.2542372881355932	RYPSTGML:0.3559322033898305	GAFRKTGV:0.2542372881355932	AGAFRKTG:0.23728813559322035	GRYPSTGM:0.3559322033898305	HHGRYPST:0.3389830508474576	GFGADSKG:0.2033898305084746	HDFVLRMN:0.22033898305084745	DLYGFGAD:0.2033898305084746	DVGSKTTH:0.2033898305084746	YGFGADSK:0.2033898305084746	TGMLVLFF:0.2542372881355932	HVCDEVNV:0.2711864406779661	GADSRGNW:0.22033898305084745	EFRKTGVH:0.2542372881355932	GFGADSRG:0.22033898305084745	LHVCDEVN:0.2711864406779661	YPESAKNL:0.2711864406779661	GEFRKTGV:0.2542372881355932	YPSTGMLV:0.2711864406779661	QIRFTYAP:0.2542372881355932	STGMLVLF:0.2542372881355932	RKTGVHDA:0.3220338983050847	RGNWHHYW:0.2711864406779661	FALHVCDE:0.2711864406779661	DSRGNWHH:0.22033898305084745	TTHHFMYP:0.3559322033898305	GQIRFTYA:0.2542372881355932	SFVLVPFK:0.2711864406779661	PAFFKYIH:0.2033898305084746	LVLFFALH:0.2542372881355932	VLFFALHV:0.2542372881355932	IRFTYAPV:0.2542372881355932	NVSFVLVP:0.2542372881355932	ALHVCDEV:0.2711864406779661	ADSRGNWH:0.22033898305084745	SRTTHHFM:0.2542372881355932	KTGVHDAD:0.3220338983050847	SALSTGQI:0.2711864406779661	NPAFFKYI:0.2033898305084746	RTTHHFMY:0.288135593220339	FMYPESAK:0.2711864406779661	FFALHVCD:0.23728813559322035	VSFVLVPF:0.2542372881355932	MLVLFFAL:0.2542372881355932	MYPESAKN:0.2711864406779661	STGQIRFT:0.2542372881355932	PSTGMLVL:0.2711864406779661	SRGNWHHY:0.22033898305084745	LSTGQIRF:0.2542372881355932	ANVSFVLV:0.2542372881355932	TGQIRFTY:0.2542372881355932	FGADSRGN:0.22033898305084745	GNSGNLRG:0.23728813559322035	AFFKYIHD:0.2033898305084746	GSRTTHHF:0.2542372881355932	FRKTGVHD:0.4067796610169492	ALSTGQIR:0.2711864406779661	LFFALHVC:0.2542372881355932	GMLVLFFA:0.2542372881355932	RFTYAPVK:0.2542372881355932	GVHDADFE:0.22033898305084745	WHHYWENN:0.3559322033898305	VGSRTTHH:0.2542372881355932	DVGSRTTH:0.2711864406779661	TGVHDADF:0.22033898305084745	NWHHYWEN:0.3050847457627119	
