cluster number:22
GT29:11	GT29:11
AQFVIRCN:0.5454545454545454	HLYGFWPF:0.7272727272727273	VVGNGGIL:0.8181818181818182	IRCNLPPL:0.5454545454545454	GVLRLHLG:0.2727272727272727	LTNHYYDD:0.2727272727272727	VLRLHLGD:0.2727272727272727	IDSAQFVI:0.45454545454545453	VIRCNLPP:0.5454545454545454	AIITQANT:0.2727272727272727	AVVGNGGI:0.5454545454545454	FVIRCNLP:0.5454545454545454	CAVVGNGG:0.5454545454545454	EKAIITQA:0.2727272727272727	KAIITQAN:0.2727272727272727	TCAVVGNG:0.45454545454545453	VHLYGFWP:0.7272727272727273	QFVIRCNL:0.5454545454545454	SAQFVIRC:0.45454545454545453	LRLHLGDC:0.2727272727272727	DSAQFVIR:0.45454545454545453	SVVGNGGI:0.2727272727272727	NTPVSLRA:0.5454545454545454	LLPAFSYG:0.36363636363636365	LVTANPSI:0.7272727272727273	VTANPSIL:0.6363636363636364	LPAFSYGH:0.2727272727272727	VESLRSYG:0.2727272727272727	FSYGHNTP:0.36363636363636365	RRRPFVES:0.2727272727272727	GHNTPVSL:0.36363636363636365	VASLALEL:0.2727272727272727	KTDLVTAN:0.7272727272727273	PAFSYGHN:0.36363636363636365	RRPFVESL:0.2727272727272727	NVHLYGFW:0.36363636363636365	AFSYGHNT:0.36363636363636365	HNTPVSLR:0.36363636363636365	YGHNTPVS:0.36363636363636365	TDLVTANP:0.7272727272727273	DLVTANPS:0.7272727272727273	ASLALELC:0.36363636363636365	CSVVGNGG:0.2727272727272727	SYGHNTPV:0.36363636363636365	VKTDLVTA:0.36363636363636365	EKYGALMG:0.36363636363636365	KKKFHAMP:0.36363636363636365	TKKKFHAM:0.2727272727272727	LLLLPAFS:0.2727272727272727	YSIEDFGS:0.2727272727272727	GVKTDLVT:0.36363636363636365	GLRAVRLS:0.36363636363636365	ALMGRRRP:0.2727272727272727	HVGVKTDL:0.2727272727272727	VGNGGILT:0.2727272727272727	GALMGRRR:0.36363636363636365	LLLPAFSY:0.2727272727272727	LYGFWPFG:0.36363636363636365	KYGALMGR:0.36363636363636365	SIEDFGSP:0.2727272727272727	VGVKTDLV:0.36363636363636365	QTKKKFHA:0.2727272727272727	IMASLALE:0.2727272727272727	YGALMGRR:0.36363636363636365	VGNGGILS:0.36363636363636365	TFPKEHPF:0.2727272727272727	ESLRSYGN:0.2727272727272727	SYGNSLLL:0.2727272727272727	LRSYGNSL:0.2727272727272727	SLRSYGNS:0.2727272727272727	HAMPVEFE:0.36363636363636365	CGKMIDSA:0.36363636363636365	RSYGNSLL:0.2727272727272727	IVYDGERK:0.2727272727272727	AMPVEFEL:0.2727272727272727	GKMIDSAQ:0.2727272727272727	KKFHAMPV:0.2727272727272727	WETCAVVG:0.2727272727272727	SGCGKMID:0.2727272727272727	PVEFELLL:0.2727272727272727	KFHAMPVE:0.2727272727272727	MPVEFELL:0.2727272727272727	PNKTWETC:0.2727272727272727	NKTWETCA:0.2727272727272727	FPNKTWET:0.2727272727272727	KTWETCAV:0.2727272727272727	GCGKMIDS:0.2727272727272727	KGLRAVRL:0.2727272727272727	ETCAVVGN:0.2727272727272727	MIDSAQFV:0.2727272727272727	SKGLRAVR:0.2727272727272727	PFPNKTWE:0.2727272727272727	TWETCAVV:0.2727272727272727	EGVLRLHL:0.2727272727272727	PVSLRAFY:0.2727272727272727	LKNHYYDD:0.2727272727272727	FHAMPVEF:0.2727272727272727	NPQYLQKL:0.2727272727272727	FNPQYLQK:0.2727272727272727	TPVSLRAF:0.2727272727272727	KMIDSAQF:0.2727272727272727	
