cluster number:17
GT29:18	GT29:18|2.4.99.-:2|2.4.1.-:2
KHHYHTNQ:0.4444444444444444	YEAEYAFY:0.2222222222222222	HHYHTNQK:0.4444444444444444	VIRLNNAR:0.4444444444444444	NSNILHLC:0.3333333333333333	GCFCHPYG:0.4444444444444444	AVMLALGI:0.3888888888888889	GMQAVMLA:0.4444444444444444	DYEAEYAF:0.2222222222222222	AVVGNSGI:0.7222222222222222	MQAVMLAL:0.3888888888888889	CARIVKYY:0.5	MLALGICD:0.2222222222222222	YHTNQKAE:0.2222222222222222	NILHLCAR:0.2777777777777778	FVNSNILH:0.2777777777777778	VGNSGILL:0.7222222222222222	HTNQKAEL:0.2222222222222222	ARIVKYYS:0.5	SFVNSNIL:0.2222222222222222	QAVMLALG:0.4444444444444444	YSSGMQAV:0.6111111111111112	LCARIVKY:0.4444444444444444	AKHHYHTN:0.3333333333333333	HYHTNQKA:0.2222222222222222	SCAVVGNS:0.8333333333333334	HYSSGMQA:0.7777777777777778	MFHYSSGM:0.3888888888888889	SSGMQAVM:0.4444444444444444	HDYEAEYA:0.2222222222222222	LHDYEAEY:0.7222222222222222	SGMQAVML:0.4444444444444444	FHYSSGMQ:0.7777777777777778	VVGNSGIL:0.7222222222222222	SNILHLCA:0.3333333333333333	VMLALGIC:0.3888888888888889	CAVVGNSG:0.9444444444444444	ILHLCARR:0.2777777777777778	KYYSLRRF:0.3888888888888889	GVCDRVSV:0.2777777777777778	VKYYSLRR:0.2777777777777778	DVLCARIV:0.2222222222222222	IVKYYSLR:0.2777777777777778	YYSLRRFV:0.2777777777777778	CDRVSVFG:0.3333333333333333	YSLRRFVA:0.2222222222222222	VLCARIVK:0.2222222222222222	VCDRVSVF:0.2777777777777778	RIVKYYSL:0.5	DRVSVFGF:0.3333333333333333	PSCAVVGN:0.2222222222222222	LDLHDYEA:0.3333333333333333	AEYAFYRD:0.2222222222222222	DLHDYEAE:0.3333333333333333	EYAFYRDL:0.2222222222222222	FINSNILH:0.2222222222222222	VSVFGFGK:0.3888888888888889	RVSVFGFG:0.2777777777777778	SFINSNIL:0.2222222222222222	LFHYSSGM:0.2777777777777778	ELDLHDYE:0.3333333333333333	HDYEAEYQ:0.2222222222222222	PLLVTDAR:0.2222222222222222	YEAEYQFY:0.2222222222222222	VSLFGFGK:0.2222222222222222	IVKYYSLK:0.2222222222222222	DYEAEYQF:0.2222222222222222	SLFGFGKS:0.2222222222222222	RLDALCAR:0.2222222222222222	YICQAVHF:0.2222222222222222	KYYSLKRF:0.2222222222222222	IRLNNARV:0.2777777777777778	VKYYSLKR:0.2222222222222222	
