cluster number:14
GT29:26	GT29:26|2.4.99.3:3|2.4.99.-:1
VVGNGGIL:0.7307692307692307	RCAVVGNG:0.6538461538461539	AVVGNGGI:0.7307692307692307	CAVVGNGG:0.7307692307692307	VGNGGILK:0.23076923076923078	VSAYGFIT:0.46153846153846156	LRSAILGV:0.23076923076923078	ILNGSRQG:0.34615384615384615	TGALMLLT:0.3076923076923077	RSAILGVP:0.23076923076923078	ALMLLTAL:0.3076923076923077	ILGVPVPE:0.2692307692307692	FYGFTVNT:0.38461538461538464	VGTKTSFY:0.23076923076923078	YGFTVNTM:0.38461538461538464	DQVSAYGF:0.5769230769230769	VNTMKNSL:0.38461538461538464	KFKLLHPD:0.2692307692307692	TCDQVSAY:0.4230769230769231	DVGTKTSF:0.23076923076923078	IDAHDYVF:0.3076923076923077	NGGILNGS:0.46153846153846156	YMPSTGAL:0.34615384615384615	GNGGILNG:0.46153846153846156	NHDLSLEA:0.2692307692307692	GTKTSFYG:0.23076923076923078	MPSTGALM:0.3076923076923077	ALHTCDQV:0.34615384615384615	GGILNGSR:0.4230769230769231	IRCAVVGN:0.5	GILNGSRQ:0.34615384615384615	GALMLLTA:0.3076923076923077	MKNSLISY:0.23076923076923078	MLLTALHT:0.3076923076923077	TVNTMKNS:0.38461538461538464	TALHTCDQ:0.2692307692307692	KTSFYGFT:0.3076923076923077	YVFRLNGA:0.2692307692307692	HTCDQVSA:0.4230769230769231	QVSAYGFI:0.4230769230769231	RFLKSKLI:0.2692307692307692	AILGVPVP:0.2692307692307692	LGVPVPEG:0.2692307692307692	LMLLTALH:0.34615384615384615	LTALHTCD:0.3076923076923077	TSFYGFTV:0.2692307692307692	MLRSAILG:0.23076923076923078	LLTALHTC:0.3076923076923077	PSTGALML:0.34615384615384615	KLLHPDFI:0.23076923076923078	LHTCDQVS:0.34615384615384615	VGNGGILN:0.5	GFTSVPQG:0.2692307692307692	CDQVSAYG:0.5769230769230769	TKTSFYGF:0.23076923076923078	FTVNTMKN:0.38461538461538464	FTSVPQGQ:0.23076923076923078	AHDYVFRL:0.23076923076923078	SAILGVPV:0.2692307692307692	HDYVFRLN:0.2692307692307692	ERFLKSKL:0.23076923076923078	FLKSKLIN:0.2692307692307692	GFTVNTMK:0.38461538461538464	SFYGFTVN:0.38461538461538464	NTMKNSLI:0.2692307692307692	CIRCAVVG:0.6153846153846154	DAHDYVFR:0.3076923076923077	FKLLHPDF:0.2692307692307692	DYVFRLNG:0.2692307692307692	TMKNSLIS:0.23076923076923078	LKSKLINT:0.2692307692307692	STGALMLL:0.3076923076923077	PYGWQGLS:0.23076923076923078	STGAVMLL:0.2692307692307692	YRPSTGAV:0.2692307692307692	YLRNRFLR:0.23076923076923078	LPDHDRDY:0.3076923076923077	FLPDHDRD:0.3076923076923077	RPSTGAVM:0.2692307692307692	YVFRVNGA:0.23076923076923078	AYGFMTPD:0.2692307692307692	PSTGAVML:0.2692307692307692	DYVFRVNG:0.23076923076923078	HDYVFRVN:0.2692307692307692	RYLRNRFL:0.2692307692307692	YGFMTPDY:0.3076923076923077	IYRPSTGA:0.2692307692307692	RLNGAVIK:0.23076923076923078	VFRLNGAV:0.23076923076923078	LNGAVIKG:0.23076923076923078	YGFITSNY:0.23076923076923078	SAYGFITS:0.23076923076923078	DLYMPSTG:0.23076923076923078	LYMPSTGA:0.3076923076923077	NGAVIKGF:0.38461538461538464	GAVIKGFE:0.38461538461538464	FRLNGAVI:0.23076923076923078	AYGFITSN:0.23076923076923078	SAYGFMTP:0.23076923076923078	VSAYGFMT:0.23076923076923078	KGFEKDVG:0.2692307692307692	
