cluster number:19
GT29:46	GT29:46|2.4.99.1:1
VLRFNSAP:0.2608695652173913	YHPLLYEK:0.5869565217391305	HDAVLRFN:0.5217391304347826	LHPKFIWQ:0.2391304347826087	AYHPLLYE:0.5869565217391305	KDVGNKTT:0.21739130434782608	YDAACTLG:0.45652173913043476	QLWDIIQE:0.2391304347826087	CTLGAYHP:0.5869565217391305	AACTLGAY:0.5434782608695652	PPSSGFIG:0.5217391304347826	RFNSAPTR:0.2391304347826087	TLGAYHPL:0.5869565217391305	EYIPSVRQ:0.21739130434782608	EVHVYEYI:0.21739130434782608	VILVAWDP:0.21739130434782608	EKIQPNPP:0.32608695652173914	DSHDAVLR:0.391304347826087	YEKDVGNK:0.21739130434782608	FIWQLWDI:0.21739130434782608	YILHPKFI:0.2391304347826087	VAWDPAPY:0.391304347826087	IDSHDAVL:0.391304347826087	PLLYEKLL:0.2608695652173913	NPPSSGFI:0.5217391304347826	DAACTLGA:0.5434782608695652	PNPPSSGF:0.5652173913043478	HPKFIWQL:0.2391304347826087	KPDYNLFT:0.2391304347826087	DYNLFTPY:0.2826086956521739	LLYEKLLV:0.2608695652173913	RIINSQIL:0.3695652173913043	LYEKLLVQ:0.2391304347826087	IWQLWDII:0.21739130434782608	VHVYEYIP:0.32608695652173914	AWDPAPYS:0.21739130434782608	YEKLLVQR:0.2391304347826087	EKDVGNKT:0.21739130434782608	WDPAPYSA:0.21739130434782608	YEYIPSVR:0.21739130434782608	KFIWQLWD:0.2391304347826087	LVAWDPAP:0.5	HPLLYEKL:0.2608695652173913	PDYNLFTP:0.2826086956521739	PKFIWQLW:0.2391304347826087	SAGAILNS:0.2826086956521739	SHDAVLRF:0.391304347826087	LRFNSAPT:0.2608695652173913	ACTLGAYH:0.5869565217391305	LWDIIQEN:0.2391304347826087	VYEYIPSV:0.21739130434782608	ILHPKFIW:0.2391304347826087	AVLRFNSA:0.2608695652173913	EIDSHDAV:0.5	KIQPNPPS:0.32608695652173914	RQTDLCHY:0.30434782608695654	GAYHPLLY:0.5869565217391305	LYKDVILV:0.21739130434782608	HVYEYIPS:0.391304347826087	YKKPDYNL:0.21739130434782608	WDIIQENT:0.2608695652173913	GAILNSSL:0.2826086956521739	LGAYHPLL:0.5434782608695652	KKPDYNLF:0.2391304347826087	PFYILHPK:0.30434782608695654	TDLCHYHE:0.32608695652173914	QPNPPSSG:0.5434782608695652	YYDAACTL:0.391304347826087	DPAPYSAN:0.21739130434782608	QTDLCHYH:0.30434782608695654	ILVAWDPA:0.21739130434782608	FYILHPKF:0.2826086956521739	AILNSSLG:0.2826086956521739	AGAILNSS:0.2826086956521739	PAPYSANL:0.21739130434782608	DAVLRFNS:0.2391304347826087	QPFYILHP:0.4782608695652174	IQPNPPSS:0.5434782608695652	DVILVAWD:0.21739130434782608	WQLWDIIQ:0.2608695652173913	SSGFIGIL:0.391304347826087	PSSGFIGI:0.5	VLRFNAAP:0.2608695652173913	CAVVSSAG:0.21739130434782608	AVLRFNAA:0.2391304347826087	DAVLRFNA:0.2391304347826087	LRFNAAPT:0.21739130434782608	SGLGKEID:0.2391304347826087	LGKEIDSH:0.21739130434782608	
