cluster number:20
PL12:24	PL12:14|PL12_3:10
GHADALSF:0.3333333333333333	SIAAHGHA:0.4166666666666667	AAHGHADA:0.7083333333333334	HGHADALS:0.4583333333333333	IAAHGHAD:0.6666666666666666	LSIAAHGH:0.375	AHGHADAL:0.75	SANNHLIG:0.3333333333333333	ANNHLIGE:0.3333333333333333	DPGTYAYH:0.3333333333333333	SSANNHLI:0.375	PLGYLSIA:0.2916666666666667	LGYLSIAA:0.3333333333333333	GYLSIAAH:0.3333333333333333	YLSIAAHG:0.3333333333333333	KYLWEPNR:0.20833333333333334	DGVNREQA:0.25	DIKYLWEP:0.25	HSSANNHL:0.3333333333333333	WRDYFRGT:0.20833333333333334	GDIKYLWE:0.2916666666666667	HGHADALA:0.3333333333333333	IDPGTYAY:0.20833333333333334	SRHSSANN:0.3333333333333333	FSRHSSAN:0.20833333333333334	LIDPGTYA:0.20833333333333334	RHSSANNH:0.3333333333333333	GHADALAL:0.20833333333333334	PGTYAYHT:0.2916666666666667	LWEPNRHL:0.25	YLWEPNRH:0.20833333333333334	IKYLWEPN:0.20833333333333334	HNTVRVDG:0.20833333333333334	VGDIKYLW:0.20833333333333334	RSTAAHNT:0.25	FRSTAAHN:0.25	GTSAHNTV:0.20833333333333334	
