cluster number:16
PL12:11	PL12_1:11
LQNGTLGS:0.2727272727272727	HWEQSVMY:0.2727272727272727	PFLIDSGR:0.2727272727272727	IDSGRYTY:0.36363636363636365	TPNGDEEW:0.2727272727272727	WEQSVMYH:0.2727272727272727	GVLQTTAI:0.2727272727272727	LSNWGVLQ:0.6363636363636364	FMLNRHEY:0.5454545454545454	FLIDSGRY:0.36363636363636365	DSGRYTYV:0.36363636363636365	DGSHWEQS:0.45454545454545453	LNNSFIFD:0.2727272727272727	FTPNGDEE:0.2727272727272727	EPFLIDSG:0.2727272727272727	SNWGVLQT:0.5454545454545454	NKSFIDSG:0.2727272727272727	TIDTGIRC:0.6363636363636364	TLGSGHGH:0.36363636363636365	DEEILKII:0.2727272727272727	LIDSGRYT:0.36363636363636365	NGTLGSGH:0.36363636363636365	YLQNGTLG:0.2727272727272727	SGRYTYVE:0.36363636363636365	IRTIDTGI:0.36363636363636365	WGVLQTTA:0.2727272727272727	RTIDTGIR:0.6363636363636364	SFIDSGNI:0.2727272727272727	KSFIDSGN:0.2727272727272727	NWGVLQTT:0.45454545454545453	GEPFLIDS:0.2727272727272727	DSGNIYIR:0.2727272727272727	SHWEQSVM:0.2727272727272727	TIRTIDTG:0.36363636363636365	GSHWEQSV:0.2727272727272727	GTLGSGHG:0.36363636363636365	FIDSGNIY:0.2727272727272727	QNGTLGSG:0.36363636363636365	TYLQNGTL:0.2727272727272727	EWIFMLNR:0.5454545454545454	MYHVEVLN:0.36363636363636365	WIFMLNRH:0.2727272727272727	IFMLNRHE:0.2727272727272727	SGHGHADL:0.2727272727272727	GKYTLSNW:0.2727272727272727	KYTLSNWG:0.45454545454545453	GSGHGHAD:0.45454545454545453	YTLSNWGV:0.2727272727272727	LGSGHGHA:0.45454545454545453	AHNVCVID:0.2727272727272727	IGKYTLSN:0.2727272727272727	TLSNWGVL:0.2727272727272727	YIGKYTLS:0.2727272727272727	SLGSGHGH:0.2727272727272727	GSLGSGHG:0.2727272727272727	
