cluster number:5
PL12:15	PL12:12|PL12_3:3
PWELSRFQ:0.4666666666666667	VPWELSRF:0.4	KVPWELSR:0.4666666666666667	EASTSYHR:0.3333333333333333	ASTSYHRL:0.3333333333333333	STSYHRLV:0.4666666666666667	CTMDVAIR:0.3333333333333333	VAIRAVNW:0.4	NDQLSFEL:0.2	DQLSFELN:0.2	HNDQLSFE:0.2	ADVKVPWE:0.4	ENKFYKDI:0.2	YKDIKIID:0.2	QLSIELNI:0.2	VKVPWELS:0.3333333333333333	GGYYILRN:0.26666666666666666	FYKDIKII:0.2	QGGHSHND:0.2	HSHNDQLS:0.5333333333333333	KFYKDIKI:0.2	GHSHNDQL:0.26666666666666666	SHNDQLSI:0.2	DQLSIELN:0.26666666666666666	GGHSHNDQ:0.26666666666666666	DVKVPWEL:0.3333333333333333	NKFYKDIK:0.2	NDQLSIEL:0.26666666666666666	HNDQLSIE:0.26666666666666666	GQGGHSHN:0.2	WENKFYKD:0.2	CIRCGELS:0.2	GTNYEAST:0.26666666666666666	KNDFRHLL:0.2	RCGELSFR:0.3333333333333333	KCGVIHER:0.2	NIVGLVWL:0.2	SVNWTCTM:0.2	RLVTELFL:0.2	NWTCTMDV:0.26666666666666666	ADYKMRNL:0.2	VGLVWLGL:0.2	TGNHYLSN:0.2	YTADYKMR:0.2	HTGNHYLS:0.2	GELSFRGQ:0.2	LVWLGLYF:0.2	TADYKMRN:0.2	YKMRNLFR:0.2	IRCGELSF:0.3333333333333333	MSVNWTCT:0.2	FTLGKAYW:0.26666666666666666	DGTNYEAS:0.26666666666666666	IGDADDGR:0.26666666666666666	ELEKEMFV:0.2	DYKMRNLF:0.26666666666666666	MRNLFRST:0.2	YEASTSYH:0.26666666666666666	HYLSNIVG:0.2	KMRNLFRS:0.2	YHRLVTEL:0.26666666666666666	AHSHNDQL:0.2	WTCTMDVA:0.26666666666666666	FRGQGAHS:0.2	GNHYLSNI:0.2	IVGLVWLG:0.2	NHYLSNIV:0.2	SNIVGLVW:0.2	FNLLGSGD:0.26666666666666666	YCCIRCGE:0.2	GLVWLGLY:0.2	MDVAIRAV:0.4	YLSNIVGL:0.2	TCTMDVAI:0.26666666666666666	TNYEASTS:0.26666666666666666	SHNDQLSF:0.3333333333333333	SFRGQGAH:0.2	QGAHSHND:0.2	NYEASTSY:0.26666666666666666	CGELSFRG:0.3333333333333333	LEKEMFVQ:0.2	DVAIRAVN:0.4	SYHRLVTE:0.4	AIRAVNWI:0.26666666666666666	ELSFRGQG:0.2	EMSVNWTC:0.26666666666666666	CCIRCGEL:0.2	NFILDPEV:0.2	HRLVTELF:0.26666666666666666	GDADDGRL:0.2	LSNIVGLV:0.2	GAHSHNDQ:0.2	RGQGAHSH:0.2	VNWTCTMD:0.26666666666666666	TSYHRLVT:0.3333333333333333	LSFRGQGA:0.2	WELSRFQH:0.4	GQGAHSHN:0.2	TMDVAIRA:0.26666666666666666	ADVKIPWE:0.2	SVNWTCAM:0.2	
