cluster number:15
CE11:48	CE11:48
LDAVGDLY:0.3541666666666667	KILDAVGD:0.3541666666666667	MDGSAAPF:0.625	EVPIMDGS:0.5416666666666666	RHKILDAV:0.3541666666666667	IMDGSAAP:0.4375	VRHKILDA:0.4375	DEFVRHKI:0.6041666666666666	EFVRHKIL:0.625	RSGHALNN:0.2708333333333333	PIMDGSAA:0.4375	DGSAAPFV:0.5	FVRHKILD:0.625	ILDAVGDL:0.2916666666666667	VPIMDGSA:0.4791666666666667	HKILDAVG:0.3541666666666667	VSTIEHLM:0.20833333333333334	GPEVPIMD:0.2708333333333333	TIEHLMAA:0.375	STIEHLMA:0.25	IEHLMAAL:0.3541666666666667	PEVPIMDG:0.2708333333333333	TFGFLHEV:0.3958333333333333	ARTFGFLH:0.3958333333333333	RTFGFLHE:0.3958333333333333	GLARGGSL:0.5416666666666666	LARGGSLD:0.4583333333333333	ARGGSLDN:0.4583333333333333	IEVPIMDG:0.20833333333333334	GLRKMGLA:0.20833333333333334	AVGDLYLA:0.3125	HALNNQLL:0.25	EGLRKMGL:0.20833333333333334	DLYLAGAP:0.22916666666666666	NNQLLRAL:0.25	SGHALNNQ:0.25	GSLDNAVV:0.5	ALNNQLLR:0.22916666666666666	HEVEGLRK:0.20833333333333334	KMGLARGG:0.20833333333333334	VGDLYLAG:0.3125	DNAVVISG:0.20833333333333334	RKMGLARG:0.20833333333333334	LRKMGLAR:0.20833333333333334	QLLRALFA:0.2916666666666667	LDNAVVIS:0.20833333333333334	VEGLRKMG:0.20833333333333334	SLDNAVVI:0.3958333333333333	DAVGDLYL:0.3125	GDLYLAGA:0.3333333333333333	FGFLHEVE:0.3541666666666667	LHEVEGLR:0.20833333333333334	MGLARGGS:0.25	SRARTFGF:0.25	GGSLDNAV:0.5	GHALNNQL:0.25	VTLTISPA:0.20833333333333334	RGGSLDNA:0.4583333333333333	FLHEVEGL:0.20833333333333334	NQLLRALF:0.3125	LLRALFAD:0.3125	LNNQLLRA:0.25	EVEGLRKM:0.20833333333333334	GFLHEVEG:0.20833333333333334	NAVVISGD:0.20833333333333334	GPEVPVMD:0.20833333333333334	PEVPVMDG:0.20833333333333334	EVPVMDGS:0.25	GVRSGHAL:0.22916666666666666	HLMSALAG:0.25	VRSGHALN:0.22916666666666666	EHLMSALA:0.25	
