cluster number:32
CE11:111	CE11:111
CFLHELEM:0.2072072072072072	FLHELEML:0.25225225225225223	AQTGGILV:0.38738738738738737	AARPGHAA:0.43243243243243246	VAFAKKIK:0.32432432432432434	PARHKLLD:0.7477477477477478	AMAQTGGI:0.5495495495495496	MAQTGGIL:0.40540540540540543	EPARHKLL:0.7477477477477478	SCRTFCFL:0.2072072072072072	VLGSQHAS:0.21621621621621623	QIEAMAQT:0.24324324324324326	GDLNNAIV:0.21621621621621623	NEPARHKL:0.7117117117117117	HAANVAFA:0.36036036036036034	QTGGILVL:0.36936936936936937	GGDLNNAI:0.21621621621621623	ARPGHAAN:0.43243243243243246	TFCFLHEL:0.3783783783783784	PGHAANVA:0.38738738738738737	PIMDGSSI:0.24324324324324326	EAMAQTGG:0.5675675675675675	FCFLHELE:0.3783783783783784	EIASCRTF:0.21621621621621623	TVPDPENY:0.2072072072072072	RTFCFLHE:0.40540540540540543	NVAFAKKI:0.32432432432432434	ANVAFAKK:0.32432432432432434	AANVAFAK:0.35135135135135137	PGVLQIEA:0.23423423423423423	ARHKLLDM:0.26126126126126126	RPGHAANV:0.40540540540540543	GHAANVAF:0.36936936936936937	IEAMAQTG:0.3333333333333333	ASCRTFCF:0.2072072072072072	CRTFCFLH:0.23423423423423423	ARHKLLDL:0.34234234234234234	LTVMVDYN:0.2072072072072072	GPEPPIMD:0.2702702702702703	NHGYKFQR:0.24324324324324326	NPVMPGVL:0.3783783783783784	PVMPGVLQ:0.3333333333333333	DLALVGRP:0.27927927927927926	NLIKGGDL:0.3333333333333333	ADVDNVVD:0.23423423423423423	ILAARPGH:0.40540540540540543	TVMVDYNS:0.32432432432432434	QILAARPG:0.36036036036036034	PGNPVMPG:0.27927927927927926	TGGILVLS:0.21621621621621623	GDLALVGR:0.27927927927927926	FPGNPVMP:0.2882882882882883	PEPPIMDG:0.2702702702702703	GHFPGNPV:0.34234234234234234	DADVDNVV:0.2072072072072072	YRLTVMVD:0.2072072072072072	LAARPGHA:0.4144144144144144	EPPIMDGS:0.2702702702702703	GNPVMPGV:0.27927927927927926	HFPGNPVM:0.2882882882882883	PPIMDGSS:0.24324324324324326	DGPEPPIM:0.24324324324324326	IKNVTMNE:0.21621621621621623	ILPHRYPF:0.23423423423423423	PHRYPFLL:0.3783783783783784	LPHRYPFL:0.38738738738738737	QGHFPGNP:0.3333333333333333	PVLGSQHA:0.3153153153153153	KNEPARHK:0.22522522522522523	FQGHFPGN:0.34234234234234234	ALVGRPLK:0.21621621621621623	SPVLGSQH:0.32432432432432434	RPGHASNV:0.22522522522522523	LALVGRPL:0.21621621621621623	FFQGHFPG:0.38738738738738737	SGVGLHTG:0.2702702702702703	NSPVLGSQ:0.3063063063063063	DYNSPVLG:0.27927927927927926	VMVDYNSP:0.22522522522522523	VDYNSPVL:0.21621621621621623	YNSPVLGS:0.2702702702702703	MVDYNSPV:0.21621621621621623	NEPFFQGH:0.2972972972972973	YPFLLIDK:0.22522522522522523	PFLLIDKI:0.2072072072072072	EPFFQGHF:0.27927927927927926	HRYPFLLI:0.22522522522522523	KNVTMNEP:0.25225225225225223	PFFQGHFP:0.27927927927927926	RYPFLLID:0.22522522522522523	
