cluster number:0
CE11:1222	CE11:1222|3.5.1.-:1
RVLNEDGL:0.2733224222585925	VLNEDGLR:0.3469721767594108	RARTFGFM:0.6571194762684124	KILDAIGD:0.35433715220949263	ILDAIGDL:0.339607201309329	ATGVGLHS:0.21358428805237317	GHALNNKL:0.2692307692307692	SGHALNNK:0.2569558101472995	KSGHALNN:0.48117839607201307	ISRARTFG:0.39689034369885434	VRHKILDA:0.20049099836333878	TGVGLHSG:0.323240589198036	RATGVGLH:0.22667757774140754	EFVRHKIL:0.20703764320785598	TVEHLMSA:0.24877250409165302	SRARTFGF:0.6153846153846154	DAIGDLYL:0.3142389525368249	FVRHKILD:0.20703764320785598	IRATGVGL:0.22667757774140754	HKILDAIG:0.35433715220949263	LDAIGDLY:0.5777414075286416	HALNNKLL:0.2078559738134206	ISTVEHLN:0.265139116202946	VRDTMLCT:0.23158756137479541	GFMRDIEY:0.26432078559738137	EIPIMDGS:0.44844517184942717	VRVEDGDK:0.22340425531914893	VEDGDKWA:0.25450081833060556	NAALAGLG:0.20294599018003273	LNAALAGL:0.20212765957446807	VEHLNAAL:0.24549918166939444	QISRARTF:0.2144026186579378	AIVVDDYR:0.20458265139116202	RTDLNPPV:0.20703764320785598	AALAGLGI:0.22749590834697217	ATGVGLHT:0.220949263502455	KMLDAIGD:0.2986906710310966	PEIPIMDG:0.2872340425531915	ARTFGFMR:0.4337152209492635	STVEHLNA:0.26268412438625205	EDGDKWAE:0.2774140752864157	RHKMLDAI:0.2127659574468085	TVEHLNAA:0.2618657937806874	VTLTLRPA:0.2160392798690671	NPPVDFPA:0.20294599018003273	RTFGFMRD:0.411620294599018	VRHKMLDA:0.22913256955810146	IPIMDGSA:0.4075286415711948	FGFMRDIE:0.32896890343698854	YRVLNEDG:0.20458265139116202	APEIPIMD:0.281505728314239	LNEDGLRF:0.21031096563011456	YKSGHALN:0.220949263502455	PPVDFPAD:0.20049099836333878	RISTVEHL:0.27823240589198034	TFGFMRDI:0.3322422258592471	FMRDIEYL:0.2618657937806874	VRISTVEH:0.26432078559738137	EHLNAALA:0.24631751227495907	TGVGLHTG:0.23567921440261866	MLDAIGDL:0.2995090016366612	RVEDGDKW:0.24959083469721768	MIKQRTLK:0.3158756137479542	AGLGIDNI:0.2176759410801964	PIMDGSAA:0.281505728314239	HLNAALAG:0.2430441898527005	ALAGLGID:0.3199672667757774	KVTLTLRP:0.21194762684124385	LAGLGIDN:0.32160392798690673	SVRDTMLC:0.21849427168576105	HKMLDAIG:0.2986906710310966	MDGSASPF:0.20049099836333878	PIMDGSAS:0.22749590834697217	KSGHGLNN:0.20130932896890344	DAPEIPIM:0.21194762684124385	EVDAPEIP:0.20130932896890344	VDAPEIPI:0.21685761047463176	ARARTFGF:0.24058919803600654	AGLGIDNA:0.20049099836333878	PIMDGSAG:0.2414075286415712	VSRARTFG:0.21112929623567922	IMDGSAGP:0.22176759410801963	EVPIMDGS:0.34288052373158756	IGDLYLLG:0.20949263502454993	EVSRARTF:0.2078559738134206	MDGSAGPF:0.2225859247135843	VPIMDGSA:0.32405891980360063	TVEHLLSA:0.21685761047463176	VKHKILDA:0.22667757774140754	KHKILDAI:0.20130932896890344	FVKHKILD:0.24631751227495907	EFVKHKIL:0.24631751227495907	DEFVKHKI:0.24386252045826515	VFLIQSAG:0.22504091653027825	FVFLIQSA:0.22504091653027825	AGLGIDNL:0.20049099836333878	
