cluster number:27
CE11:152	CE11:152
KGGSLENA:0.3026315789473684	SLENALVC:0.3157894736842105	VRHKLLDL:0.27631578947368424	KLLDLIGD:0.28289473684210525	APARTFGF:0.40131578947368424	GWLNPPLR:0.3618421052631579	GLIKGGSL:0.5789473684210527	RTVEHLLA:0.5789473684210527	IGDLSLLG:0.20394736842105263	IAPARTFG:0.7894736842105263	LLDLIGDL:0.27631578947368424	WLNPPLRF:0.5460526315789473	GGSLENAL:0.34210526315789475	EVPLLDGS:0.4934210526315789	VPLLDGSA:0.4868421052631579	RHKLLDLI:0.28289473684210525	GSLENALV:0.3157894736842105	HKLLDLIG:0.28289473684210525	IKGGSLEN:0.3092105263157895	LIKGGSLE:0.3092105263157895	VRHKILDL:0.3684210526315789	EPVRHKIL:0.3815789473684211	PVRHKILD:0.3815789473684211	VEHLLAAL:0.5460526315789473	VRTVEHLL:0.506578947368421	PLLDGSAK:0.21052631578947367	YFVRVDLP:0.3881578947368421	RYFVRVDL:0.40789473684210525	RFTYGIDF:0.27631578947368424	TVEHLLAA:0.5657894736842105	WVNPPLRF:0.23684210526315788	EIAPARTF:0.48026315789473684	GRYFVRVD:0.3815789473684211	IGNQWHSW:0.3355263157894737	GPEVPLLD:0.2894736842105263	FANEPVRH:0.3026315789473684	ANEPVRHK:0.3157894736842105	DGPEVPLL:0.26973684210526316	EPVRHKLL:0.26973684210526316	PLRFANEP:0.32894736842105265	PPLRFANE:0.32894736842105265	APARTFGL:0.42105263157894735	RFANEPVR:0.3026315789473684	GGSLDNAL:0.3092105263157895	GDLSLLGT:0.25	SLDNALVC:0.28289473684210525	LRFANEPV:0.3026315789473684	NPPLRFAN:0.32894736842105265	AIGNQWHS:0.26973684210526316	LNPPLRFA:0.3223684210526316	GSLDNALV:0.2894736842105263	PVRHKLLD:0.26973684210526316	PEVPLLDG:0.2894736842105263	EHLLAALA:0.3026315789473684	LDLVGDLS:0.3881578947368421	LVGDLSLL:0.34210526315789475	TRFSYGID:0.23684210526315788	RFSYGIDF:0.26973684210526316	TGVGLHSG:0.20394736842105263	VGDLSLLG:0.3223684210526316	DLVGDLSL:0.3881578947368421	EIDGPEVP:0.2631578947368421	RIEIDGPE:0.2631578947368421	FLAYKASH:0.3881578947368421	HFLAYKAS:0.3881578947368421	AHFLAYKA:0.3618421052631579	ARIEIDGP:0.23684210526315788	IDGPEVPL:0.2631578947368421	IEIDGPEV:0.2631578947368421	EIPLLDGS:0.23684210526315788	IPLLDGSA:0.23026315789473684	ETRFSYGI:0.21052631578947367	DNARIEID:0.29605263157894735	SGRYFVRV:0.21052631578947367	NARIEIDG:0.3157894736842105	PARTFGLL:0.25	MGVDNARI:0.23684210526315788	VLSTQLGK:0.21710526315789475	NEPVRHKI:0.3355263157894737	IKGGSLDN:0.26973684210526316	TVLSTQLG:0.24342105263157895	FVRVDLPD:0.21710526315789475	KGGSLDNA:0.26973684210526316	RHKILDLV:0.3355263157894737	LAYKASHN:0.29605263157894735	YKASHNLH:0.3157894736842105	KILDLVGD:0.3355263157894737	TFGLLHQI:0.23684210526315788	GVGLHSGV:0.23684210526315788	HKILDLVG:0.3355263157894737	LIKGGSLD:0.2631578947368421	ILDLVGDL:0.3092105263157895	FGLLHQIE:0.23684210526315788	GVDNARIE:0.2631578947368421	VDNARIEI:0.28289473684210525	ARTFGLLH:0.24342105263157895	RTFGLLHQ:0.24342105263157895	AYKASHNL:0.3092105263157895	LPAIGNQW:0.21710526315789475	SHNLHIQL:0.25	ASHNLHIQ:0.2565789473684211	KASHNLHI:0.2565789473684211	HNLHIQLA:0.25	SGLIKGGS:0.21052631578947367	HLLAALAG:0.21052631578947367	
