cluster number:29
CE11:12	CE11:12
LALAGRRI:0.4166666666666667	LDNFEIPA:0.4166666666666667	GRVVAERA:0.3333333333333333	KFIGVYPG:0.5	DEFVRHKV:0.6666666666666666	PAGSGIVF:0.25	GSGIVFRR:0.4166666666666667	VSYATSLM:0.6666666666666666	RNVAKVSY:0.5833333333333334	PARTFGFR:0.3333333333333333	LISTTEHL:0.5833333333333334	VGLHSGAP:0.25	VAKVSYAT:0.5833333333333334	VVAERAGH:0.4166666666666667	VLISTTEH:0.5833333333333334	NLEVPILD:0.5833333333333334	IGDLALAG:0.4166666666666667	QGRVVAER:0.25	IVFRRTDL:0.4166666666666667	APARTFGF:0.5	RQGVLIST:0.3333333333333333	REDEPMLR:0.3333333333333333	AGHAMHTA:0.5833333333333334	KVLDLIGD:0.75	NVAKVSYA:0.5833333333333334	VIVEIDNL:0.25	FVRHKVLD:0.75	EIDNLEVP:0.3333333333333333	TSLMRQGV:0.3333333333333333	ERAGHAMH:0.5833333333333334	AGRRIQGR:0.25	QRRRREYL:0.3333333333333333	VLDLIGDL:0.5833333333333334	RNMGLIRG:0.3333333333333333	TTEHLLSA:0.5833333333333334	RTFGFRED:0.3333333333333333	LIAPARTF:0.4166666666666667	VEIDNLEV:0.3333333333333333	IDFPAPIG:0.3333333333333333	VQNGPLRF:0.4166666666666667	NVIVEIDN:0.25	SYATSLMR:0.5833333333333334	LIGDLALA:0.4166666666666667	DNVIVEID:0.25	GVLISTTE:0.4166666666666667	GVGLHSGA:0.4166666666666667	EVPILDGS:0.6666666666666666	VPILDGSS:0.25	VAERAGHA:0.4166666666666667	ARTFGFRE:0.3333333333333333	PAPAGSGI:0.25	KVSYATSL:0.5833333333333334	NMGLIRGA:0.4166666666666667	ISTTEHLL:0.5833333333333334	KDRSAWEL:0.25	SGIVFRRT:0.3333333333333333	RRIQGRVV:0.25	GHAMHTAL:0.5833333333333334	GDLALAGR:0.4166666666666667	AMHTALVS:0.3333333333333333	IAPARTFG:0.5833333333333334	AKVSYATS:0.5833333333333334	ALAGRRIQ:0.3333333333333333	RSAWELAP:0.25	STTEHLLS:0.5833333333333334	MRQGVLIS:0.3333333333333333	HAMHTALV:0.5833333333333334	IQGRVVAE:0.25	GRRIQGRV:0.25	TDLDNFEI:0.3333333333333333	TFGFREDE:0.3333333333333333	MLRNMGLI:0.25	LEVPILDG:0.5833333333333334	SLMRQGVL:0.3333333333333333	DLALAGRR:0.4166666666666667	HLLSALIG:0.5	GIVFRRTD:0.4166666666666667	DRSAWELA:0.3333333333333333	EFVRHKVL:0.75	LRNMGLIR:0.25	GFREDEPM:0.3333333333333333	RVVAERAG:0.3333333333333333	EHLLSALI:0.5	FRRTDLDN:0.3333333333333333	FGFREDEP:0.3333333333333333	VRHKVLDL:0.75	IVEIDNLE:0.25	REYLRILK:0.25	DLIGDLAL:0.6666666666666666	QGVLISTT:0.3333333333333333	GLHSGAPV:0.3333333333333333	DLDNFEIP:0.4166666666666667	RHKVLDLI:0.75	VFRRTDLD:0.4166666666666667	HKVLDLIG:0.75	IDNLEVPI:0.4166666666666667	AERAGHAM:0.5833333333333334	RTDLDNFE:0.3333333333333333	ATSLMRQG:0.3333333333333333	GRNVAKVS:0.5833333333333334	RIQGRVVA:0.25	LMRQGVLI:0.3333333333333333	LAGRRIQG:0.3333333333333333	FREDEPML:0.3333333333333333	DNLEVPIL:0.5833333333333334	TEHLLSAL:0.5833333333333334	APAGSGIV:0.25	RAGHAMHT:0.5833333333333334	YATSLMRQ:0.5833333333333334	AGSGIVFR:0.3333333333333333	GVDNVIVE:0.5	VDNVIVEI:0.25	LDLIGDLA:0.6666666666666666	RRTDLDNF:0.3333333333333333	SGVGLHSG:0.3333333333333333	MGLIRGAS:0.4166666666666667	ATGRNVAK:0.3333333333333333	TGRNVAKV:0.3333333333333333	DMGLIRGA:0.25	TSLMRQSV:0.25	LRDMGLIR:0.25	SLMRQSVL:0.25	GVYPGEGY:0.25	FIGVYPGE:0.25	LMRQSVLI:0.25	ATSLMRQS:0.25	IGVYPGEG:0.25	RDMGLIRG:0.25	GLHSGAEV:0.25	VPILDGSA:0.3333333333333333	ILDGSALP:0.25	LDGSALPY:0.25	PILDGSAL:0.25	
