cluster number:32
GH35:52	GH35:52|3.2.1.23:4
TSYDYDAP:0.5769230769230769	LRPGPYIC:0.5192307692307693	VILRPGPY:0.4423076923076923	RPGPYICA:0.5769230769230769	ILRPGPYI:0.5	VENEYGSY:0.5769230769230769	QVENEYGS:0.6346153846153846	PGPYICAE:0.5769230769230769	LLVILRPG:0.40384615384615385	LVILRPGP:0.40384615384615385	VQVENEYG:0.5961538461538461	PGWTKGQV:0.21153846153846154	GQVWINGF:0.3076923076923077	GFNLGRYW:0.46153846153846156	TKGQVWIN:0.25	PFRYISGS:0.23076923076923078	NGFNLGRY:0.46153846153846156	GWTKGQVW:0.25	GPYICAEW:0.46153846153846156	VWINGFNL:0.2692307692307692	GTNFGYWN:0.3076923076923077	KGQVWING:0.3076923076923077	GGTNFGYW:0.3076923076923077	QVWINGFN:0.3076923076923077	TNFGYWNG:0.3076923076923077	INGFNLGR:0.38461538461538464	NFGYWNGA:0.3076923076923077	WTKGQVWI:0.25	WINGFNLG:0.36538461538461536	FGYWNGAD:0.23076923076923078	PLSEAGDL:0.21153846153846154	LKMKMAGL:0.21153846153846154	YDYDAPLS:0.36538461538461536	YVPWNFHE:0.25	QPTSYDYD:0.23076923076923078	MFIGGTNF:0.4423076923076923	LRSSDPDY:0.23076923076923078	GVHDRAYV:0.25	GTNFAYWN:0.40384615384615385	VNLYMFIG:0.38461538461538464	YWKDRLLK:0.25	DRLLKMKM:0.21153846153846154	GGTNFAYW:0.40384615384615385	RLLKMKMA:0.21153846153846154	RSSDPDYL:0.23076923076923078	VENMGRVN:0.2692307692307692	NSEFYTGW:0.36538461538461536	FYTGWLDH:0.3076923076923077	WKDRLLKM:0.25	IGGTNFAY:0.38461538461538464	MGGLPAWL:0.38461538461538464	DYDAPLSE:0.36538461538461536	MAGLNAIQ:0.2692307692307692	SGSIHYSR:0.25	NLYMFIGG:0.38461538461538464	SYDYDAPL:0.38461538461538464	RYISGSIH:0.2692307692307692	APLSEAGD:0.36538461538461536	FIGGTNFA:0.38461538461538464	EFYTGWLD:0.34615384615384615	YTGWLDHW:0.3076923076923077	LVENMGRV:0.23076923076923078	YDAPLSEA:0.36538461538461536	GLLVILRP:0.25	YISGSIHY:0.34615384615384615	FNLGRYWP:0.36538461538461536	PTSYDYDA:0.23076923076923078	LYMFIGGT:0.38461538461538464	GGLPAWLL:0.38461538461538464	FRYISGSI:0.2692307692307692	ENEYGSYF:0.2692307692307692	YMFIGGTN:0.4423076923076923	SEFYTGWL:0.36538461538461536	ISGSIHYS:0.25	LLKMKMAG:0.21153846153846154	LSEAGDLT:0.21153846153846154	DAPLSEAG:0.36538461538461536	TGWLDHWG:0.3076923076923077	NGVHDRAY:0.23076923076923078	ARGANVNL:0.21153846153846154	LARGANVN:0.21153846153846154	GANVNLYM:0.3076923076923077	NVNLYMFI:0.28846153846153844	KTEVVASS:0.23076923076923078	RGANVNLY:0.21153846153846154	ANVNLYMF:0.3076923076923077	SVQVENEY:0.21153846153846154	VNSEFYTG:0.2692307692307692	ISVQVENE:0.21153846153846154	LVNSEFYT:0.25	GPLVNSEF:0.36538461538461536	IISVQVEN:0.21153846153846154	PLVNSEFY:0.36538461538461536	EWDMGGLP:0.2692307692307692	WDMGGLPA:0.2692307692307692	CAEWDMGG:0.2692307692307692	ICAEWDMG:0.2692307692307692	DMGGLPAW:0.2692307692307692	YICAEWDM:0.2692307692307692	AEWDMGGL:0.25	PYICAEWD:0.2692307692307692	EVVASSLH:0.21153846153846154	TEVVASSL:0.23076923076923078	VVASSLHD:0.21153846153846154	
