cluster number:31
GH35:15	GH35:15
LFYFRIPR:0.26666666666666666	GPYLQASG:0.2	NWGKPLAF:0.26666666666666666	LLGPYLQA:0.2	TVIAVQLD:0.2	PLAFLTSD:0.26666666666666666	LDNELDFY:0.26666666666666666	ARPGPYIC:0.8666666666666667	GTDFGFTN:0.3333333333333333	GVMPTCNF:0.2	GERDVEAF:0.2	LFACAGQG:0.26666666666666666	PLFACAGQ:0.26666666666666666	AKLLGPYL:0.3333333333333333	VVARPGPY:0.26666666666666666	LGPYLQAS:0.2	IDVYFPWN:0.4	WVVARPGP:0.2	ICSEWDGG:0.6666666666666666	ILLCSSLF:0.2	AVQLDNEL:0.2	AIDVYFPW:0.2	ERDVEAFL:0.2	PTCNFYPN:0.26666666666666666	RPGPYICS:0.9333333333333333	WGKPLAFL:0.2	SGTDFGFT:0.3333333333333333	LAFLTSDY:0.26666666666666666	GKPLAFLT:0.2	NNWGKPLA:0.26666666666666666	PYICSEWD:0.8666666666666667	NELDFYDC:0.26666666666666666	CNFYPNDR:0.26666666666666666	PGPYICSE:0.9333333333333333	ACAGQGDL:0.26666666666666666	SALRDMAL:0.2	WGHTNFDD:0.2	CSEWDGGA:0.5333333333333333	GTVIAVQL:0.26666666666666666	KLLGPYLQ:0.4	EIWGHTNF:0.2	LWVVARPG:0.2	AFLKLAAE:0.2	LLCSSLFY:0.2	EWDGGALP:0.4666666666666667	RAEIWGHT:0.2	CSSLFYFR:0.2	IWGHTNFD:0.2	VMPTCNFY:0.2	VIAVQLDN:0.2	VTETNRSH:0.3333333333333333	VLALDGGG:0.2	SSLFYFRI:0.2	YICSEWDG:0.6666666666666666	PYLQASGT:0.2	SVPLFACA:0.2	VQLDNELD:0.26666666666666666	GAKLLGPY:0.3333333333333333	QLDNELDF:0.26666666666666666	VARPGPYI:0.26666666666666666	ALRDMALA:0.2	KPLAFLTS:0.2	MPTCNFYP:0.2	LCSSLFYF:0.2	GPYICSEW:0.8666666666666667	FLTSDYDF:0.26666666666666666	VPLFACAG:0.26666666666666666	TDFGFTNA:0.3333333333333333	AEIWGHTN:0.2	IAVQLDNE:0.2	SEWDGGAL:0.4666666666666667	AFLTSDYD:0.26666666666666666	WDGGALPA:0.4666666666666667	TCNFYPND:0.26666666666666666	GLWVVARP:0.2	SLFYFRIP:0.4	VPLIACAG:0.2	LVTETNRS:0.2	LIACAGQG:0.2	LQVSGTDF:0.2	YVIARPGP:0.2	LFYFRLPR:0.26666666666666666	ASLFYFRL:0.26666666666666666	PYLQVSGT:0.2	LLGPYLQV:0.2	QVSGTDFG:0.2	PLIACAGQ:0.2	IARPGPYI:0.5333333333333333	DFGGMISP:0.26666666666666666	SLFYFRLP:0.26666666666666666	VSGTDFGF:0.2	LLVTETNR:0.4	VIARPGPY:0.5333333333333333	DYDFGGMI:0.26666666666666666	IACAGQGD:0.26666666666666666	RRLLVSGA:0.2	GGMISPEG:0.26666666666666666	HYLLRRLL:0.2	PLLVTETN:0.4	FGGMISPE:0.26666666666666666	YLQVSGTD:0.2	GMISPEGH:0.26666666666666666	YDFGGMIS:0.26666666666666666	LRRLLVSG:0.2	LGPYLQVS:0.2	GPYLQVSG:0.2	DVYLPWNF:0.2	CASLFYFR:0.3333333333333333	ENELDFFD:0.26666666666666666	GGALPAWL:0.2	LGGWSSTR:0.2	DGGALPAW:0.2	QVRASGYT:0.2	LCASLFYF:0.3333333333333333	LPLLVTET:0.2	VQLENELD:0.26666666666666666	VYLPWNFH:0.2	LLCASLFY:0.26666666666666666	QLENELDF:0.26666666666666666	YLPWNFHE:0.2	GLPLLVTE:0.2	YFPWNYHE:0.2	VYFPWNYH:0.2	DVYFPWNY:0.2	IWGHSNFD:0.3333333333333333	FTNATNNW:0.2	EIWGHSNF:0.26666666666666666	TNATNNWG:0.2	FGFTNATN:0.2	TSDYDFGG:0.2	GFTNATNN:0.2	GSGLKLTV:0.2	WGHSNFDD:0.3333333333333333	SDYDFGGM:0.2	ASLFYFRI:0.2	NELDFFDC:0.2	
