cluster number:24
GH35:37	GH35:37
GPLPHLID:0.21621621621621623	LGGELGNS:0.3783783783783784	ENEIGMLP:0.5405405405405406	LILGGELG:0.21621621621621623	FGSWKNSM:0.2702702702702703	YPSAGPLP:0.32432432432432434	GSWKNSMS:0.2702702702702703	QTHQGRHI:0.32432432432432434	GDQTHQGR:0.5945945945945946	PSAGPLPH:0.32432432432432434	SAGPLPHL:0.2702702702702703	ILGGELGN:0.2702702702702703	NGDQTHQG:0.5945945945945946	LWFGSWKN:0.40540540540540543	DQTHQGRH:0.5945945945945946	LNGDQTHQ:0.5135135135135135	WFGSWKNS:0.2972972972972973	THQGRHIR:0.32432432432432434	RLVLLWFG:0.32432432432432434	QTHQGRHV:0.24324324324324326	WFGAWKNS:0.40540540540540543	LVLLWFGA:0.24324324324324326	MVQVENEI:0.3783783783783784	THQGRHVR:0.2702702702702703	VQVENEIG:0.40540540540540543	HQGRHVRL:0.21621621621621623	VENEIGML:0.4594594594594595	FGAWKNSM:0.40540540540540543	LLWFGAWK:0.21621621621621623	PGEYPSGG:0.24324324324324326	GEYPSGGP:0.24324324324324326	GAWKNSMS:0.40540540540540543	LWFGAWKN:0.40540540540540543	QVENEIGM:0.4864864864864865	ELGNSSAS:0.21621621621621623	EYPSGGPL:0.21621621621621623	AWKNSMST:0.2702702702702703	APDIYFPN:0.21621621621621623	KNSMSTYV:0.24324324324324326	LNTVLAPV:0.2702702702702703	NSMSTYVP:0.24324324324324326	GELGNSSA:0.2972972972972973	AFAALMAH:0.21621621621621623	PDIYFPNF:0.21621621621621623	SGGPLPHL:0.2702702702702703	PSGGPLPH:0.2702702702702703	WKNSMSTY:0.35135135135135137	YPSGGPLP:0.2702702702702703	VLLWFGSW:0.2702702702702703	LVLLWFGS:0.21621621621621623	LLWFGSWK:0.2702702702702703	GGELGNSS:0.40540540540540543	GFSPFSIE:0.2972972972972973	IGFSPFSI:0.21621621621621623	DFLAPDIY:0.21621621621621623	
