cluster number:15
GH35:220	GH35:220|CBM13:1|3.2.1.23:1
VENEYGSY:0.2727272727272727	QVENEYGS:0.35909090909090907	VQVENEYG:0.4954545454545455	DYDAPLDE:0.21818181818181817	FHGGTNFG:0.32727272727272727	TSYDYDAP:0.6045454545454545	AIVRPGPY:0.4590909090909091	LHYFRVHP:0.3181818181818182	HGGTNFGF:0.2590909090909091	MFHGGTNF:0.33181818181818185	GWFDHWGE:0.3	GALHYFRV:0.42272727272727273	VTSYDYDA:0.509090909090909	RPGPYICA:0.8181818181818182	VQIENEYG:0.23636363636363636	PGPYICAE:0.8181818181818182	GPYICAEW:0.7954545454545454	VRPGPYIC:0.6545454545454545	SYDYDAPL:0.35	HYFRVHPD:0.2909090909090909	ENEYGAYG:0.2727272727272727	YDYDAPLD:0.21818181818181817	IVRPGPYI:0.6045454545454545	LAAGASVN:0.21363636363636362	QPTGPLMC:0.22727272727272727	YMFHGGTN:0.33636363636363636	PYICAEWD:0.39090909090909093	GASVNIYM:0.24545454545454545	ALHYFRVH:0.39545454545454545	PLMCSEFW:0.2	GPLMCSEF:0.2	EFWNGWFD:0.21818181818181817	LGRVNYGP:0.21363636363636362	AEWDNGGL:0.22727272727272727	QPTVTSYD:0.22272727272727272	WNGWFDHW:0.20454545454545456	ICAEWDNG:0.2818181818181818	EWDNGGLP:0.2318181818181818	YICAEWDN:0.2727272727272727	CAEWDNGG:0.2818181818181818	HGGTNFGL:0.24545454545454545	NGGLPAWL:0.20909090909090908	AHGGTNFG:0.2409090909090909	ENEYGSYG:0.37727272727272726	GRVNYGPR:0.2636363636363636	CAEWENGG:0.2409090909090909	PTVTSYDY:0.2818181818181818	PYICAEWE:0.33181818181818185	YICAEWEN:0.23636363636363636	SGALHYFR:0.42272727272727273	EWENGGLP:0.22272727272727272	VETYVPWN:0.29545454545454547	ICAEWENG:0.23636363636363636	AEWENGGL:0.22272727272727272	LSGALHYF:0.31363636363636366	MGLNTIET:0.2	GLNTIETY:0.22272727272727272	TVTSYDYD:0.2863636363636364	MAHGGTNF:0.3181818181818182	YMAHGGTN:0.3181818181818182	GASVNLYM:0.2	TYVPWNLH:0.2863636363636364	YVPWNLHE:0.2	ETYVPWNL:0.2590909090909091	
