cluster number:16
GH35:33	GH35:33
YGGYPEAF:0.2727272727272727	HQPHEPLP:0.21212121212121213	ELGGGMAI:0.21212121212121213	MGEFHFSR:0.2727272727272727	RNGGFPDW:0.6363636363636364	ECRNGGFP:0.21212121212121213	YDFQAPLG:0.48484848484848486	MAIAYHRR:0.21212121212121213	VWQGYYLY:0.21212121212121213	RTDDPAYL:0.45454545454545453	LGGGMAIA:0.21212121212121213	GYPNDLPR:0.21212121212121213	ATGYPNDL:0.3333333333333333	GSVWQGYY:0.42424242424242425	HGECRNGG:0.24242424242424243	YATCELGG:0.21212121212121213	ATCELGGG:0.6060606060606061	DDHAIGAD:0.21212121212121213	LLPLYGGY:0.21212121212121213	APLWTATA:0.36363636363636365	LGSGSVWQ:0.30303030303030304	LWTATAWG:0.3939393939393939	CELGGGMA:0.45454545454545453	IRDDHAIG:0.21212121212121213	VNNHQPHE:0.2727272727272727	TGYPNDLP:0.5454545454545454	GMAIAYHR:0.21212121212121213	GYYLYHGC:0.21212121212121213	QGYYLYHG:0.21212121212121213	SVWQGYYL:0.21212121212121213	AIAYHRRP:0.21212121212121213	SGSVWQGY:0.42424242424242425	PGHLATLR:0.21212121212121213	PLYGGYPE:0.2727272727272727	TCELGGGM:0.6060606060606061	GECRNGGF:0.21212121212121213	FVNNHQPH:0.2727272727272727	VMGEFHFS:0.21212121212121213	HAIGADLR:0.21212121212121213	KLGSGSVW:0.30303030303030304	CRNGGFPD:0.21212121212121213	LPLYGGYP:0.2727272727272727	GGMAIAYH:0.21212121212121213	GEFHFSRY:0.2727272727272727	EFHFSRYP:0.2727272727272727	PRTDDPAY:0.21212121212121213	LYGGYPEA:0.2727272727272727	PVMGEFHF:0.21212121212121213	CVPRTDDP:0.2727272727272727	GGYPEAFW:0.2727272727272727	GSGSVWQG:0.36363636363636365	PYATCELG:0.21212121212121213	NGGFPDWL:0.2727272727272727	DFQAPLGE:0.45454545454545453	PLWTATAW:0.36363636363636365	RDDHAIGA:0.21212121212121213	GGGMAIAY:0.21212121212121213	WQGYYLYH:0.21212121212121213	DHAIGADL:0.21212121212121213	RWSVRSDG:0.21212121212121213	VVATYLFW:0.21212121212121213	GYPNDLPV:0.24242424242424243	QLENELYD:0.21212121212121213	NGGFPDWV:0.3939393939393939	ATAWGGAD:0.21212121212121213	YFFSHVWD:0.21212121212121213	GSAWQGYY:0.30303030303030304	HYFFSHVW:0.21212121212121213	RIGPWCHG:0.21212121212121213	GIQLENEL:0.21212121212121213	ELHYSRVP:0.24242424242424243	ENELYDQP:0.45454545454545453	LHYSRVPR:0.24242424242424243	NGSAWQGY:0.24242424242424243	IQLENELY:0.24242424242424243	DDPGIGAD:0.30303030303030304	VWDDPGIG:0.21212121212121213	KIGNGSAW:0.24242424242424243	IGNGSAWQ:0.24242424242424243	TLRWALRS:0.21212121212121213	GGFPDWVQ:0.30303030303030304	YDFHAPIG:0.3333333333333333	HAFLAAFG:0.24242424242424243	FSHVWDDP:0.21212121212121213	PVSGELHY:0.2727272727272727	ELYDQPGH:0.36363636363636365	YGDGFWVD:0.2727272727272727	GGYGDGFW:0.30303030303030304	FFSHVWDD:0.24242424242424243	WTATAWGG:0.36363636363636365	GYGDGFWV:0.30303030303030304	HVWDDPGI:0.21212121212121213	GELHYSRV:0.24242424242424243	SAWQGYYM:0.30303030303030304	QHAFLAAF:0.24242424242424243	VSGELHYS:0.24242424242424243	NELYDQPG:0.36363636363636365	TATAWGGA:0.36363636363636365	SGELHYSR:0.24242424242424243	SHVWDDPG:0.21212121212121213	GNGSAWQG:0.24242424242424243	FPPATCEL:0.21212121212121213	WDDPGIGA:0.30303030303030304	IGPWCHGE:0.21212121212121213	QVENELYD:0.24242424242424243	VENELYDQ:0.24242424242424243	FLFVNNHQ:0.30303030303030304	LYDQPGHL:0.3333333333333333	LFVNNHQP:0.30303030303030304	FQAPLGEY:0.2727272727272727	GFLFVNNH:0.30303030303030304	QAPLGEYG:0.2727272727272727	APLGEYGQ:0.2727272727272727	NYDFQAPL:0.24242424242424243	VLPLYGGY:0.24242424242424243	AWQGYYMY:0.21212121212121213	HATGYPND:0.3333333333333333	ESHATGYP:0.3333333333333333	MATAYHRR:0.21212121212121213	GMATAYHR:0.21212121212121213	MYAGGTNP:0.21212121212121213	EVLPLYGG:0.21212121212121213	QGYYMYAG:0.2727272727272727	ATAYHRRP:0.21212121212121213	SHATGYPN:0.3333333333333333	GYYMYAGG:0.2727272727272727	GGMATAYH:0.21212121212121213	WQGYYMYA:0.3333333333333333	QESHATGY:0.3333333333333333	YMYAGGTN:0.21212121212121213	YYMYAGGT:0.24242424242424243	VRHRTDDP:0.21212121212121213	SVWQGYYM:0.21212121212121213	LQESHATG:0.21212121212121213	
