cluster number:22
GH35:28	GH35:28
DQPLTSLE:0.21428571428571427	QPLTSLEF:0.21428571428571427	GERHGFAA:0.6428571428571429	ERHGFAAP:0.6428571428571429	TFPIGISQ:0.2857142857142857	GEVHYFRL:0.21428571428571427	IAFTGERH:0.2857142857142857	NDRIAFTG:0.25	GNDRIAFT:0.25	GFAAPVDP:0.21428571428571427	MAELKNEG:0.39285714285714285	VGDGNDRI:0.21428571428571427	AELKNEGI:0.21428571428571427	ELKNEGIP:0.21428571428571427	FPIGISQL:0.42857142857142855	AGEVHYFR:0.21428571428571427	HGFAAPVD:0.21428571428571427	QLDNEVGM:0.2857142857142857	AFTGERHG:0.32142857142857145	GDGNDRIA:0.2857142857142857	RPGPFIMA:0.5357142857142857	TGERHGFA:0.6428571428571429	DGNDRIAF:0.25	PGPFIMAE:0.5357142857142857	LDNEVGML:0.2857142857142857	RHGFAAPV:0.35714285714285715	FTGERHGF:0.39285714285714285	DRIAFTGE:0.25	RIAFTGER:0.2857142857142857	NYYLFAGG:0.35714285714285715	RHGFAAPI:0.2857142857142857	FVMAELKN:0.25	VMAELKNE:0.25	GPFVMAEL:0.25	PGPFVMAE:0.25	PFVMAELK:0.25	RPGPFVMA:0.25	PDHYLTEY:0.21428571428571427	QLDNEIGM:0.6785714285714286	FVPDHYLT:0.21428571428571427	VPDHYLTE:0.21428571428571427	LDNEIGML:0.6428571428571429	INYYLFAG:0.21428571428571427	VNIHGTGG:0.2857142857142857	ARPGPFVM:0.21428571428571427	FIARPGPF:0.32142857142857145	AVQLDNEI:0.32142857142857145	VQLDNEIG:0.4642857142857143	AFIPDYYM:0.25	DIYFGDLD:0.21428571428571427	FIMAEMKN:0.39285714285714285	FIPDYYMT:0.32142857142857145	YPIGISQL:0.2857142857142857	NEIGMLSW:0.35714285714285715	TYPIGISQ:0.25	SDIYFGDL:0.2857142857142857	IMAEMKNE:0.35714285714285715	HGTGGGRG:0.32142857142857145	GPFIMAEM:0.39285714285714285	CGEIHYYR:0.32142857142857145	NCGDGNFG:0.21428571428571427	EFNCGDGN:0.21428571428571427	PIGISQLY:0.4642857142857143	QDLYIING:0.21428571428571427	EMKNEGLP:0.21428571428571427	ALPSARYM:0.25	SGSDIYFG:0.2857142857142857	QPLTSVEF:0.25	VDYLAPGF:0.21428571428571427	TVDYLAPG:0.21428571428571427	SVEFNCGD:0.25	YMTEYRYP:0.21428571428571427	PVLALPSA:0.21428571428571427	YFFVRPGP:0.25	MAEMKNEG:0.35714285714285715	PFIMAEMK:0.39285714285714285	QGNRLINY:0.25	IYFGDLDM:0.21428571428571427	SKDGVMLP:0.25	DYLAPGFL:0.21428571428571427	FVRPGPFI:0.25	DQPLTSVE:0.25	FQDLYIIN:0.21428571428571427	GMLSWVSN:0.32142857142857145	AQGNRLIN:0.25	HLLNLDGF:0.21428571428571427	NLDGFDKE:0.25	VLALPSAR:0.21428571428571427	LTSVEFNC:0.25	FNCGDGNF:0.21428571428571427	EIGMLSWV:0.2857142857142857	IGISQLYE:0.32142857142857145	HGIFMTST:0.25	FFVRPGPF:0.25	YYMTEYRY:0.21428571428571427	FAFIPDYY:0.25	GSDIYFGD:0.2857142857142857	NIHGTGGG:0.35714285714285715	NRLINYYL:0.25	IGMLSWVS:0.21428571428571427	LPSARYMD:0.21428571428571427	PLTSVEFN:0.25	TPVLALPS:0.21428571428571427	GEIHYYRL:0.2857142857142857	LQSKDGVM:0.21428571428571427	VRPGPFIM:0.32142857142857145	TSVEFNCG:0.25	DYYMTEYR:0.21428571428571427	QSKDGVML:0.21428571428571427	DNEIGMLS:0.35714285714285715	GNRLINYY:0.25	IPDYYMTE:0.32142857142857145	LNLDGFDK:0.2857142857142857	KNEGLPYW:0.21428571428571427	AEMKNEGL:0.21428571428571427	IHGTGGGR:0.35714285714285715	PDYYMTEY:0.2857142857142857	IAVQLDNE:0.25	GISQLYES:0.25	INGFMDAV:0.2857142857142857	MLLAGYRF:0.21428571428571427	IMCGEIHY:0.25	SQLYESYT:0.25	LSGSDIYF:0.21428571428571427	ISQLYESY:0.25	QLYESYTQ:0.25	CIAQGNRL:0.21428571428571427	MCGEIHYY:0.25	YLSGSDIY:0.21428571428571427	NGFMDAVH:0.25	GYLSGSDI:0.21428571428571427	
