cluster number:2
GH35:305	GH35:305|3.2.1.23:4|3.2.1.38:1|3.2.1.-:1
SLYNLKAL:0.5737704918032787	PQVTSYDY:0.5409836065573771	FHGGTNFG:0.7377049180327869	TSYDYDAP:0.25901639344262295	PTLSLYIP:0.28852459016393445	EWEFGGLP:0.6754098360655738	GAIHYFRV:0.35081967213114756	ILSGAIHY:0.5049180327868853	HGGTNFGF:0.7737704918032787	SPYICAEW:0.5049180327868853	YNLKALGF:0.5114754098360655	MFHGGTNF:0.7442622950819672	YICAEWEF:0.6196721311475409	VRPSPYIC:0.36065573770491804	PYICAEWE:0.6032786885245902	EYGSYGED:0.36721311475409835	ILMMQVEN:0.2459016393442623	MQVENEYG:0.419672131147541	WEFGGLPA:0.5606557377049181	WDGWFNRW:0.6032786885245902	VTSYDYDA:0.5311475409836065	LMMQVENE:0.25901639344262295	MMQVENEY:0.4098360655737705	VENEYGSY:0.5278688524590164	QVTSYDYD:0.4786885245901639	QVENEYGS:0.580327868852459	NLKALGFN:0.5278688524590164	VETYVPWN:0.419672131147541	KILSGAIH:0.43934426229508194	FWDGWFNR:0.521311475409836	YGSYGEDK:0.32459016393442625	GSINLYMF:0.39672131147540984	LPQVTSYD:0.5377049180327869	LYMFHGGT:0.6	IVRPSPYI:0.3540983606557377	NLYMFHGG:0.6065573770491803	IIIFETEG:0.20655737704918034	INLYMFHG:0.35737704918032787	SYDYDAPL:0.20655737704918034	SINLYMFH:0.34098360655737703	FGGLPAWL:0.5868852459016394	EFWDGWFN:0.5311475409836065	NEYGSYGE:0.46229508196721314	LSGAIHYF:0.5180327868852459	HSLYNLKA:0.45901639344262296	GPTLSLYI:0.3016393442622951	RPSPYICA:0.4852459016393443	LYNLKALG:0.6065573770491803	ICAEWEFG:0.8065573770491803	SGAIHYFR:0.7180327868852459	DLPQVTSY:0.5377049180327869	DGWFNRWG:0.25573770491803277	AEWEFGGL:0.659016393442623	EFGGLPAW:0.5606557377049181	GGLPAWLL:0.5770491803278689	ENEYGSYG:0.6754098360655738	PSPYICAE:0.4852459016393443	YMFHGGTN:0.7573770491803279	CAEWEFGG:0.8098360655737705	VPLFTSDG:0.26557377049180325	MEFWDGWF:0.5442622950819672	YAIVRPSP:0.40327868852459015	LYAIVRPS:0.40327868852459015	NRWKEPII:0.21639344262295082	ENMGRVNY:0.5540983606557377	GGTNFGFM:0.5770491803278689	PFKILSGA:0.380327868852459	FMNGCSAR:0.38688524590163936	MCMEFWDG:0.5147540983606558	QGSINLYM:0.22950819672131148	GFNTVETY:0.6426229508196721	PLMCMEFW:0.6	TGNFGSKA:0.2983606557377049	FNRWKEPI:0.2262295081967213	GAIHYFRI:0.26229508196721313	WPLMCMEF:0.5081967213114754	LFTSDGPW:0.3016393442622951	WYHSLYNL:0.3704918032786885	VTGNFGSK:0.32459016393442625	FKILSGAI:0.43278688524590164	GKKWPLMC:0.29508196721311475	SDGPWRAT:0.21967213114754097	MNGCSARG:0.3344262295081967	QYQTEIGE:0.2	LGLYAIVR:0.380327868852459	MGRVNYGH:0.36721311475409835	FTSDGPWR:0.25573770491803277	DWYHSLYN:0.3639344262295082	TNFGFMNG:0.5704918032786885	KKWPLMCM:0.34098360655737703	CMEFWDGW:0.5245901639344263	GRVNYGHK:0.36721311475409835	HGKKWPLM:0.25245901639344265	TSDGPWRA:0.23934426229508196	DGPWRATL:0.24918032786885247	NFGFMNGC:0.3901639344262295	FNTVETYV:0.4557377049180328	VGPTLSLY:0.2819672131147541	LGFNTVET:0.5475409836065573	LMCMEFWD:0.5081967213114754	GFMNGCSA:0.3836065573770492	KPFKILSG:0.2098360655737705	NGCSARGT:0.21967213114754097	KALGFNTV:0.5442622950819672	LKALGFNT:0.5442622950819672	ALGFNTVE:0.5442622950819672	NMGRVNYG:0.5311475409836065	GRFWNVGP:0.2098360655737705	WFNRWKEP:0.29508196721311475	DGWFNRWK:0.2786885245901639	GTNFGFMN:0.5704918032786885	TQYQTEIG:0.2786885245901639	SYDYDALL:0.32459016393442625	YHSLYNLK:0.3704918032786885	GWFNRWKE:0.29508196721311475	GLYAIVRP:0.4131147540983607	PLFTSDGP:0.31475409836065577	FGFMNGCS:0.3901639344262295	TSYDYDAL:0.31475409836065577	FVTGNFGS:0.3770491803278688	KWPLMCME:0.3475409836065574	NTVETYIP:0.2983606557377049	DILVENMG:0.20655737704918034	VETYIPWN:0.2983606557377049	VENMGRVN:0.2754098360655738	LVENMGRV:0.31475409836065577	ILVENMGR:0.30491803278688523	TVETYIPW:0.2983606557377049	GGTNFGFY:0.21311475409836064	TYVPWNLH:0.26557377049180325	NTVETYVP:0.40327868852459015	RVNYGHKL:0.26229508196721313	AIVRPSPY:0.26557377049180325	TVETYVPW:0.40327868852459015	YVPWNLHE:0.2459016393442623	ETYVPWNL:0.24918032786885247	QIENEYGS:0.24262295081967214	VFVTGNFG:0.22295081967213115	DVFVTGNF:0.21967213114754097	
