cluster number:6
GH35:17	GH35:17|GH53:1|3.2.1.23:1
GWGGAVTG:0.35294117647058826	FPYLTAEL:0.23529411764705882	GYYMYHGG:0.9411764705882353	GIQIENEY:0.23529411764705882	VFWIHHEE:0.23529411764705882	LTAELGGG:0.47058823529411764	IGIQIENE:0.29411764705882354	GGAVTGGM:0.23529411764705882	LRIGPWCH:0.23529411764705882	ATGWGGAV:0.4117647058823529	IRQYGQIS:0.23529411764705882	RNGGFPDW:0.47058823529411764	CHGEVRNG:0.23529411764705882	VTGGMLPV:0.23529411764705882	AVTGGMLP:0.23529411764705882	PIRQYGQI:0.23529411764705882	TGGMLPVM:0.23529411764705882	QIENEYGH:0.35294117647058826	TAELGGGL:0.35294117647058826	GAVTGGML:0.23529411764705882	LGYYMYHG:0.5882352941176471	YLTAELGG:0.35294117647058826	PYLTAELG:0.35294117647058826	VMGEIHYS:0.35294117647058826	APIRQYGQ:0.23529411764705882	AELGGGLQ:0.29411764705882354	GPWCHGEV:0.29411764705882354	VRNGGFPD:0.23529411764705882	TYVFWIHH:0.23529411764705882	WCHGEVRN:0.23529411764705882	MGEIHYSR:0.5294117647058824	HGEVRNGG:0.23529411764705882	CEAPWDPR:0.23529411764705882	GYCEAPWD:0.4117647058823529	RQYGQISE:0.23529411764705882	WGGAVTGG:0.35294117647058826	LYTATGWG:0.23529411764705882	IQIENEYG:0.23529411764705882	PVIGIQIE:0.23529411764705882	GGPVIGIQ:0.23529411764705882	VIGIQIEN:0.23529411764705882	YTATGWGG:0.4117647058823529	TATGWGGA:0.4117647058823529	PWCHGEVR:0.29411764705882354	NGGFPDWL:0.47058823529411764	YCEAPWDP:0.23529411764705882	RKMKAGGI:0.23529411764705882	EVRNGGFP:0.23529411764705882	PLYTATGW:0.23529411764705882	GPVIGIQI:0.23529411764705882	ATYVFWIH:0.23529411764705882	PVMGEIHY:0.35294117647058826	TGWGGAVT:0.4117647058823529	YVFWIHHE:0.23529411764705882	FTCELGGG:0.23529411764705882	GDYADGFW:0.23529411764705882	YDFQAPLG:0.4117647058823529	YPYFTCEL:0.23529411764705882	YMYHGGTN:0.7058823529411765	MYHGGTNP:0.7058823529411765	KLGSGSNL:0.23529411764705882	YADGFWDR:0.23529411764705882	TCELGGGM:0.23529411764705882	PGYYMYHG:0.29411764705882354	LLWKDGGP:0.23529411764705882	WKDGGPVV:0.23529411764705882	FYTRTGWP:0.23529411764705882	PYFTCELG:0.23529411764705882	LWKDGGPV:0.23529411764705882	YFTCELGG:0.23529411764705882	TYDFQAPL:0.23529411764705882	GLLWKDGG:0.23529411764705882	GPFCHGEV:0.23529411764705882	DYADGFWD:0.23529411764705882	DFQAPLGE:0.29411764705882354	TRTGWPAL:0.29411764705882354	YTRTGWPA:0.29411764705882354	PFYTRTGW:0.23529411764705882	CELGGGMM:0.23529411764705882	YYMYHGGT:0.7058823529411765	PVMGGYCE:0.29411764705882354	PIYTATGW:0.23529411764705882	HHRRPIAT:0.23529411764705882	LLGYYMYH:0.47058823529411764	VTHHRRPI:0.23529411764705882	PSGNYIFT:0.23529411764705882	RNDHNIGS:0.23529411764705882	NDHNIGSD:0.23529411764705882	WIHHEEIE:0.29411764705882354	THHRRPIA:0.23529411764705882	PIMGEIHY:0.23529411764705882	QVTHHRRP:0.29411764705882354	GGYCEAPW:0.29411764705882354	NLLGYYMY:0.47058823529411764	ERNDHNIG:0.23529411764705882	EPSGNYIF:0.23529411764705882	LPVMGGYC:0.29411764705882354	IEPSGNYI:0.23529411764705882	GGFPDWLL:0.29411764705882354	VMGGYCEA:0.29411764705882354	MGGYCEAP:0.29411764705882354	VIWIHHEE:0.23529411764705882	TEIEPSGN:0.23529411764705882	EIEPSGNY:0.23529411764705882	FVNNYQRR:0.23529411764705882	KMKAGGID:0.23529411764705882	YVIWIHHE:0.23529411764705882	
