cluster number:3
GH114:23	GH114:23
VEFDNLDS:0.6956521739130435	FDFAVTEE:0.34782608695652173	FDAVEFDN:0.34782608695652173	AVEFDNLD:0.7391304347826086	GFDFAVTE:0.30434782608695654	DDNLALAA:0.21739130434782608	CYVNGFQT:0.782608695652174	NGFQTQPG:0.5652173913043478	VNGFQTQP:0.782608695652174	DFAVTEEC:0.34782608695652173	AGQKNAAE:0.43478260869565216	DAVEFDNL:0.34782608695652173	VCYVNGFQ:0.43478260869565216	GFDAVEFD:0.34782608695652173	YSVCYVNG:0.391304347826087	SVCYVNGF:0.391304347826087	FAVTEECA:0.2608695652173913	GQKNAAED:0.2608695652173913	YVNGFQTQ:0.782608695652174	AAGQKNAA:0.43478260869565216	GFDFAVVE:0.34782608695652173	ICYVNGFQ:0.391304347826087	VGLAAGQK:0.21739130434782608	NLDSYTRS:0.30434782608695654	DNLDSYTR:0.30434782608695654	FDFAVVEE:0.34782608695652173	DFAVVEEC:0.34782608695652173	GLAAGQKN:0.5652173913043478	YSICYVNG:0.30434782608695654	SICYVNGF:0.30434782608695654	GFQTQPGE:0.43478260869565216	QPGELDTW:0.30434782608695654	GELDTWPD:0.2608695652173913	DYQLGGAY:0.4782608695652174	QTQPGELD:0.30434782608695654	DPDWPDEA:0.30434782608695654	VLRDRDLV:0.34782608695652173	RAGFDFAV:0.2608695652173913	AGFDFAVV:0.30434782608695654	PDWPDEAL:0.30434782608695654	LDDNLALA:0.2608695652173913	TQPGELDT:0.30434782608695654	FDNLDSYT:0.21739130434782608	DWPDEALL:0.30434782608695654	FQTQPGEL:0.391304347826087	GIVGRDRS:0.2608695652173913	PGELDTWP:0.30434782608695654	WPDEALLD:0.30434782608695654	QKNAAEDA:0.21739130434782608	RDRDLVTP:0.2608695652173913	VGIVGRDR:0.2608695652173913	PDYQLGGA:0.21739130434782608	LRDRDLVT:0.2608695652173913	EFDNLDSY:0.34782608695652173	LDTWPDDL:0.21739130434782608	ELDTWPDD:0.21739130434782608	GVGIVGRD:0.2608695652173913	LAAGQKNA:0.34782608695652173	FDPDWPDE:0.2608695652173913	PDEALLDT:0.30434782608695654	ERAGFDFA:0.21739130434782608	GLYSVCYV:0.30434782608695654	LYSVCYVN:0.30434782608695654	VFDPDWPD:0.21739130434782608	DPDWPDEV:0.21739130434782608	QLGGAYDP:0.21739130434782608	YQLGGAYD:0.21739130434782608	EFDNLDSF:0.21739130434782608	QAVEFDNL:0.21739130434782608	HVIDIEYT:0.21739130434782608	
