cluster number:0
GH114:70	GH114:70
YNICYVNA:0.5571428571428572	LYNICYVN:0.4714285714285714	ICYVNAFQ:0.6142857142857143	NICYVNAF:0.5571428571428572	LAIAQKNT:0.22857142857142856	GLYNICYV:0.45714285714285713	GLAIAQKN:0.2	GFDYQIGG:0.4714285714285714	CYVNAFQA:0.6571428571428571	GLDFAVAE:0.38571428571428573	GFDAVEPD:0.38571428571428573	FDAVEPDN:0.38571428571428573	VNAFQAQP:0.6428571428571429	DAVEPDNY:0.3142857142857143	DYQIGGAY:0.5285714285714286	LDFAVAEE:0.4	QKNTAELA:0.2571428571428571	FDYQIGGA:0.4857142857142857	AVEPDNYD:0.5	YVNAFQAQ:0.6571428571428571	LAVAQKNT:0.2	AQKNTAEL:0.2714285714285714	APGLYNIC:0.3	PGLYNICY:0.3	FAVAEECG:0.4	DFAVAEEC:0.45714285714285713	EPDNYDSY:0.4	KGFDAVEP:0.2	AGFDYQIG:0.38571428571428573	VEPDNYDS:0.44285714285714284	PDNYDSYT:0.2571428571428571	NYDSYTRS:0.2	DNYDSYTR:0.2571428571428571	HAGFDYQI:0.2857142857142857	AVEPDNLD:0.21428571428571427	ASPAPGLY:0.2	YQIGGAYT:0.2714285714285714	QIGGAYTP:0.2714285714285714	PAPGLYNI:0.2857142857142857	SPAPGLYN:0.2571428571428571	IGGAYTPP:0.2714285714285714	DYQLGGAY:0.22857142857142856	AFQAQPGA:0.34285714285714286	VCYVNAFQ:0.22857142857142856	NVCYVNAF:0.2	NAFQAQPG:0.42857142857142855	YNVCYVNA:0.21428571428571427	FQAQPGAE:0.24285714285714285	LAIGQKNT:0.21428571428571427	
