cluster number:13
CE5:30	CE5:30|3.1.1.74:4
VWVQGVGG:0.3333333333333333	VVLFGYTK:0.5	VLFGYTKN:0.9333333333333333	WVQGVGGP:0.3333333333333333	FGYTKNLQ:0.7	AGGYSQGA:0.7	GYTKNLQN:0.7	QIKGVVLF:0.2	KGVVLFGY:0.26666666666666666	LFGYTKNL:0.7	VQGVGGPY:0.3333333333333333	GVVLFGYT:0.5	IKGVVLFG:0.23333333333333334	GGYSQGAA:0.7333333333333333	APHLAYQS:0.2	VIFIYARG:0.4	NLQNLGRI:0.23333333333333334	LGTLGPRV:0.3	LVCTGSLI:0.3333333333333333	IVAAPHLA:0.26666666666666666	FIYARGST:0.43333333333333335	GSLIVAAP:0.26666666666666666	VAAPHLAY:0.26666666666666666	RGSTELGN:0.2	AALAAASI:0.2	YSQGAALA:0.5	ARGSTELG:0.2	NLGTLGPR:0.3	SLIVAAPH:0.26666666666666666	TVLFGYTK:0.36666666666666664	QGAALAAA:0.4666666666666667	WIQGVGGA:0.43333333333333335	TGSLIVAA:0.26666666666666666	DLVCTGSL:0.4	GTVLFGYT:0.36666666666666664	VWIQGVGG:0.4666666666666667	GDLVCTGS:0.4	IYARGSTE:0.43333333333333335	AAPHLAYQ:0.2	GPAPEFLI:0.23333333333333334	TELGNLGT:0.2	IQGVGGAY:0.43333333333333335	IFIYARGS:0.43333333333333335	GSTELGNL:0.2	SQGAALAA:0.4666666666666667	GAALAAAS:0.3333333333333333	YTKNLQNL:0.23333333333333334	GTLGPRVA:0.3	CTGSLIVA:0.26666666666666666	LGNLGTLG:0.2	TKNLQNLG:0.23333333333333334	VCTGSLIV:0.26666666666666666	VAGGYSQG:0.5666666666666667	VVAGGYSQ:0.3	LIVAAPHL:0.26666666666666666	GNLGTLGP:0.4666666666666667	STELGNLG:0.2	QNLGRIPN:0.2	ELGNLGTL:0.2	LQNLGRIP:0.23333333333333334	KNLQNLGR:0.23333333333333334	TLGPRVAS:0.3	GYSQGAAL:0.7	GDNALPRG:0.23333333333333334	DNALPRGT:0.2	PRGTSSAA:0.26666666666666666	AYRATLGD:0.26666666666666666	VGGAYRAT:0.26666666666666666	GVGGAYRA:0.26666666666666666	TSSAAIRE:0.26666666666666666	NALPRGTS:0.2	GGAYRATL:0.26666666666666666	LGDNALPR:0.23333333333333334	NGVWIQGV:0.23333333333333334	TLGDNALP:0.2	IVAGGYSQ:0.26666666666666666	LPRGTSSA:0.26666666666666666	ATLGDNAL:0.2	GAYRATLG:0.26666666666666666	ALPRGTSS:0.2	YRATLGDN:0.26666666666666666	QGVGGAYR:0.26666666666666666	GTSSAAIR:0.26666666666666666	RATLGDNA:0.2	RGTSSAAI:0.26666666666666666	SSAAIREM:0.26666666666666666	GVWIQGVG:0.36666666666666664	AGTVLFGY:0.23333333333333334	LLAATASA:0.2	AAIREMLG:0.23333333333333334	TKVFCNTG:0.23333333333333334	DRTKVFCN:0.4	SAAIREML:0.23333333333333334	LIAGGYSQ:0.23333333333333334	LEARQLGG:0.26666666666666666	IAGGYSQG:0.23333333333333334	LAATASAL:0.23333333333333334	ATASALPT:0.2	AATASALP:0.26666666666666666	CNTGDLVC:0.23333333333333334	NTGDLVCT:0.23333333333333334	VFCNTGDL:0.23333333333333334	KIAGTVLF:0.23333333333333334	RTKVFCNT:0.23333333333333334	TGDLVCTG:0.26666666666666666	KVFCNTGD:0.23333333333333334	IAGTVLFG:0.23333333333333334	FCNTGDLV:0.23333333333333334	QNRGKIPS:0.2	SGSCPGVI:0.2	KNLQNRGK:0.2	IPSYPEDR:0.2	LQNRGKIP:0.2	TKNLQNRG:0.3	ALEARQLG:0.2	EARQLGGS:0.2	NSGSCPGV:0.2	GHFNDANQ:0.2	GNSGSCPG:0.2	GKIPSYPE:0.2	SYPEDRTK:0.2	KIPSYPED:0.2	HFNDANQK:0.2	PSYPEDRT:0.2	NDANQKCP:0.2	GSCPGVIF:0.2	EDRTKVFC:0.2	NGNSGSCP:0.2	NRGKIPSY:0.2	RGKIPSYP:0.2	YTKNLQNR:0.3	PEDRTKVF:0.2	YPEDRTKV:0.2	FNDANQKC:0.2	NLQNRGKI:0.2	KVFCNVGD:0.2	GGYSQGTA:0.26666666666666666	RTKVFCNV:0.2	STEPGNMG:0.2	TEPGNMGI:0.2	TKVFCNVG:0.2	GYSQGTAV:0.2	
