cluster number:0
GT15:404	GT15:404|2.4.1.131:2
YERWGDAP:0.943069306930693	GFFYERWG:0.5371287128712872	ERWGDAPV:0.8712871287128713	GDAPVHSI:0.6262376237623762	FYERWGDA:0.5693069306930693	DAPVHSIA:0.47029702970297027	GGFFYERW:0.5445544554455446	ESYRHMCR:0.22772277227722773	FFYERWGD:0.5693069306930693	WGDAPVHS:0.7128712871287128	RWGDAPVH:0.7722772277227723	AGGFFYER:0.2376237623762376	SESYRHMC:0.2079207920792079	HFWTNFEI:0.21287128712871287	CHFWTNFE:0.2202970297029703	GGFYYERW:0.32425742574257427	YYERWGDA:0.3688118811881188	GFYYERWG:0.3465346534653465	KGGFYYER:0.2103960396039604	FYYERWGD:0.3688118811881188	HFWSNFEI:0.5693069306930693	CHFWSNFE:0.6757425742574258	FWSNFEIG:0.29455445544554454	NLCHFWSN:0.3589108910891089	LCHFWSNF:0.3688118811881188	YNLCHFWS:0.35396039603960394	APVHSIAA:0.3811881188118812	FWSNFEIA:0.26732673267326734	YDWVFLND:0.29455445544554454	SYRHMCRF:0.22524752475247525	
