cluster number:7
PL0:26	PL0:26
WSICEESF:0.34615384615384615	HNAESHNH:0.2692307692307692	NYTARTFS:0.23076923076923078	GNYTARTF:0.23076923076923078	HNHNDVGD:0.3076923076923077	CDEGPSYW:0.38461538461538464	GGCDEGPS:0.38461538461538464	SICEESFW:0.34615384615384615	ICEESFWG:0.34615384615384615	VNNWNPWI:0.23076923076923078	CEESFWGV:0.2692307692307692	DEGPSYWF:0.23076923076923078	ESFWGVPA:0.2692307692307692	GPSYWFAA:0.23076923076923078	SHNHNDVG:0.6153846153846154	NHNDVGDF:0.3076923076923077	EESFWGVP:0.2692307692307692	SFWGVPAH:0.2692307692307692	DGGCDEGP:0.8846153846153846	NAESHNHN:0.2692307692307692	ESHNHNDV:0.6153846153846154	VDLFAAET:0.34615384615384615	AESHNHND:0.2692307692307692	EDGGCDEG:0.3076923076923077	GHNAESHN:0.2692307692307692	PSYWFAAG:0.23076923076923078	GGHNAESH:0.23076923076923078	GCDEGPSY:0.38461538461538464	YFVNFADA:0.23076923076923078	DLFAAETA:0.34615384615384615	EGPSYWFA:0.23076923076923078	ESHNHNDI:0.3076923076923077	SHNHNDIG:0.3076923076923077	HNHNDIGN:0.3076923076923077	RFIYRAQI:0.3076923076923077	PNNWNPWI:0.38461538461538464	ENKGRFID:0.2692307692307692	YENKGRFI:0.23076923076923078	NKGRFIDP:0.23076923076923078	FIYRAQIS:0.3076923076923077	SDYHNLPT:0.23076923076923078	GVWSICEE:0.34615384615384615	VWSICEES:0.34615384615384615	NGVWSICE:0.23076923076923078	NDESHNHN:0.5	AKGGHNDE:0.3076923076923077	HNDESHNH:0.38461538461538464	DESHNHND:0.5	KGGHNDES:0.34615384615384615	GGHNDESH:0.38461538461538464	AAKGGHND:0.3076923076923077	GHNDESHN:0.38461538461538464	SLLIERTG:0.23076923076923078	GYWGAAAA:0.23076923076923078	GCDEGPGY:0.38461538461538464	GAAAASLY:0.2692307692307692	WICSNWLN:0.2692307692307692	NWNPWICS:0.34615384615384615	IDVGRGTY:0.23076923076923078	WNPWICSN:0.34615384615384615	YWGAAAAS:0.34615384615384615	EGPGYWGA:0.2692307692307692	AAAASLYD:0.2692307692307692	PWICSNWL:0.2692307692307692	DEGPGYWG:0.2692307692307692	WGAAAASL:0.34615384615384615	GGCDEGPG:0.38461538461538464	ICSNWLNA:0.23076923076923078	LIERTGDR:0.23076923076923078	LLIERTGD:0.23076923076923078	NNWNPWIC:0.34615384615384615	NPWICSNW:0.34615384615384615	GPGYWGAA:0.2692307692307692	SPQIRKRI:0.3076923076923077	PQIRKRIY:0.23076923076923078	AAASLYDN:0.2692307692307692	CDEGPGYW:0.38461538461538464	PGYWGAAA:0.23076923076923078	DVGRGTYT:0.23076923076923078	NDIGNYVV:0.23076923076923078	PATKSLLI:0.23076923076923078	NHNDIGNY:0.23076923076923078	HNDIGNYV:0.23076923076923078	
