cluster number:38
PL0:26	PL0:26
EINGLEVI:0.3076923076923077	NTAVLNNQ:0.23076923076923078	RTLVKNNL:0.2692307692307692	LNNQSPEI:0.38461538461538464	TVLIMNGV:0.38461538461538464	KITDGNGI:0.2692307692307692	KMFVTNNK:0.23076923076923078	NGLEVIGN:0.34615384615384615	TAVLNNQS:0.23076923076923078	VLNNQSPE:0.23076923076923078	RTIQKAAN:0.2692307692307692	IQKAANLT:0.34615384615384615	ANLTNPGD:0.38461538461538464	PLTNGNCI:0.34615384615384615	VNNTAVLN:0.23076923076923078	YIEINGLE:0.46153846153846156	TDGNGIII:0.3076923076923077	TNPGDTVL:0.5384615384615384	NPGDTVLI:0.5	PGDTVLIM:0.5769230769230769	YKMFVTNN:0.23076923076923078	TIQKAANL:0.34615384615384615	NNGGSGIH:0.38461538461538464	SYIEINGL:0.4230769230769231	QKAANLTN:0.3076923076923077	IVNNTAVL:0.23076923076923078	TYYVSGTG:0.3076923076923077	LTNPGDTV:0.6538461538461539	IEINGLEV:0.38461538461538464	DGNGIIID:0.46153846153846156	FRTIQKAA:0.38461538461538464	GLEVIGNN:0.3076923076923077	KAANLTNP:0.3076923076923077	FNNGGSGI:0.34615384615384615	ITDGNGII:0.4230769230769231	GYKMFVTN:0.23076923076923078	NGGSGIHT:0.3076923076923077	DTVLIMNG:0.5384615384615384	GKITDGNG:0.23076923076923078	VLIMNGVY:0.38461538461538464	GDTVLIMN:0.5384615384615384	NLTNPGDT:0.38461538461538464	DIVNNTAV:0.23076923076923078	VDIVNNTA:0.2692307692307692	PKTYYVSG:0.38461538461538464	ASYIEING:0.34615384615384615	AVLNNQSP:0.23076923076923078	INGLEVIG:0.3076923076923077	NPLTNGNC:0.38461538461538464	GRTLVKNN:0.2692307692307692	GASYIEIN:0.34615384615384615	PFRTIQKA:0.23076923076923078	DYVTIDNN:0.23076923076923078	NNTAVLNN:0.23076923076923078	AANLTNPG:0.4230769230769231	NNQSPEIK:0.23076923076923078	KTYYVSGT:0.23076923076923078	NPLTSGNC:0.23076923076923078	YDIGAYEY:0.23076923076923078	IGNNANIT:0.23076923076923078	VYNNAWYS:0.3076923076923077	DIGAYEYQ:0.23076923076923078	PLTSGNCI:0.23076923076923078	CGGAGISA:0.23076923076923078	NKVYNNRQ:0.2692307692307692	EVYNNAWY:0.3076923076923077	NEVYNNAW:0.3076923076923077	HIRILNNK:0.46153846153846156	HHIRILNN:0.46153846153846156	RILNNKIH:0.23076923076923078	NISYKNGG:0.23076923076923078	TYYVSGSG:0.23076923076923078	ADLTNPGD:0.2692307692307692	NANITLDY:0.2692307692307692	EVIGNNAN:0.23076923076923078	SSAFRTIQ:0.3076923076923077	QHNTWNGI:0.23076923076923078	IQHNTWNG:0.23076923076923078	NNKVHDCG:0.3076923076923077	KIQHNTWN:0.23076923076923078	TSSAFRTI:0.23076923076923078	GNNANITL:0.3076923076923077	NRMYIPWI:0.23076923076923078	YNNRMYIP:0.2692307692307692	DLTNPGDT:0.2692307692307692	ANITLDYA:0.3076923076923077	NKVHDCGG:0.3076923076923077	PKIQHNTW:0.2692307692307692	NNANITLD:0.2692307692307692	AADLTNPG:0.2692307692307692	NNRMYIPW:0.2692307692307692	VFNNAWYS:0.23076923076923078	LEVIGNNA:0.23076923076923078	HDCGGGGI:0.2692307692307692	WITYKAYP:0.23076923076923078	PHHIRILN:0.2692307692307692	AWITYKAY:0.23076923076923078	ILNNKVHD:0.3076923076923077	FRTIQRAA:0.2692307692307692	AFRTIQRA:0.23076923076923078	RILNNKVH:0.2692307692307692	LNNKVHDC:0.3076923076923077	IRILNNKV:0.2692307692307692	SAFRTIQR:0.23076923076923078	NGGSGIHA:0.2692307692307692	LIMNGVYT:0.23076923076923078	IMNGVYTN:0.23076923076923078	KAYPGHFP:0.2692307692307692	AYPGHFPK:0.2692307692307692	SGTANAWI:0.2692307692307692	RSGTANAW:0.23076923076923078	YKAYPGHF:0.23076923076923078	
