cluster number:42
PL0:11	PL0:11
DIKEGTTG:0.2727272727272727	GDEAIHLR:0.7272727272727273	DHWRLVGF:0.2727272727272727	IGDEAIHL:0.6363636363636364	QIGDEAIH:0.2727272727272727	RLVGFTVR:0.2727272727272727	VEQIGDEA:0.2727272727272727	LTVEQIGD:0.2727272727272727	VDIKEGTT:0.2727272727272727	IKEGTTGG:0.2727272727272727	GLTVEQIG:0.2727272727272727	GADSWVDV:0.2727272727272727	HWRLVGFT:0.2727272727272727	LVGFTVRN:0.2727272727272727	WRLVGFTV:0.2727272727272727	DSWVDVKG:0.8181818181818182	SWVDVKGN:0.8181818181818182	KEGTTGGT:0.2727272727272727	EQIGDEAI:0.2727272727272727	ADSWVDVK:0.6363636363636364	TVEQIGDE:0.2727272727272727	FGEGIYIG:0.2727272727272727	GEGIYIGS:0.36363636363636365	WVDVKGNG:0.6363636363636364	VDVKGNGW:0.5454545454545454	EGIYIGSA:0.2727272727272727	FTVRNGQK:0.2727272727272727	RNGQKGVM:0.2727272727272727	GFTVRNGQ:0.2727272727272727	VRNGQKGV:0.2727272727272727	TVRNGQKG:0.2727272727272727	DTGLRKPK:0.2727272727272727	DEAIHLRT:0.2727272727272727	DVKGNGWL:0.2727272727272727	RREKFGEG:0.2727272727272727	IKEGTSDG:0.2727272727272727	KGVMADGT:0.2727272727272727	QKGVMADG:0.2727272727272727	DIKEGTSD:0.2727272727272727	IDIKEGTS:0.36363636363636365	NGQKGVMA:0.2727272727272727	GQKGVMAD:0.2727272727272727	
