cluster number:10
GH126:9	GH126:9
RYPGGYVF:0.2222222222222222	VSTNALGD:0.3333333333333333	REALSESL:0.6666666666666666	LRIIGALL:0.3333333333333333	DLRIIGAL:0.4444444444444444	PDDGVFYP:0.3333333333333333	DDLRIIGA:0.4444444444444444	TLLSRSQK:0.2222222222222222	IIGALLEG:0.2222222222222222	VNLIDQLL:0.3333333333333333	EALSESLG:0.6666666666666666	RIIGALLE:0.3333333333333333	WMQAALAS:0.2222222222222222	ESPSVYGL:0.2222222222222222	TVNLIDQL:0.2222222222222222	KNGYLVDF:0.2222222222222222	NGTLATYL:0.3333333333333333	LGDDLRII:0.3333333333333333	GREALSES:0.6666666666666666	THIFDNLL:0.4444444444444444	SESLGLWM:0.4444444444444444	PSVYGLAI:0.2222222222222222	LLSRSQKN:0.2222222222222222	LSESLGLW:0.4444444444444444	QKNGYLVD:0.2222222222222222	NALGDDLR:0.5555555555555556	IGALLEGS:0.2222222222222222	NLLPLLGE:0.3333333333333333	YESPSVYG:0.2222222222222222	NLIDQLLV:0.2222222222222222	SRSQKNGY:0.2222222222222222	VYGLAIMF:0.2222222222222222	LAAGREAL:0.2222222222222222	ALGDDLRI:0.5555555555555556	NGYLVDFY:0.3333333333333333	NTHIFDNL:0.3333333333333333	LLPLLGEY:0.3333333333333333	DGVFYPKS:0.2222222222222222	MPDDGVFY:0.3333333333333333	YPGGYVFE:0.2222222222222222	AAGREALS:0.3333333333333333	LIDQLLVA:0.2222222222222222	GDDLRIIG:0.3333333333333333	AGREALSE:0.5555555555555556	GYLVDFYD:0.3333333333333333	HIFDNLLP:0.4444444444444444	ESLGLWMQ:0.3333333333333333	YGLAIMFA:0.2222222222222222	YLVDFYDF:0.3333333333333333	STNALGDD:0.3333333333333333	FDNLLPLL:0.5555555555555556	DDGVFYPK:0.3333333333333333	GVFYPKSF:0.2222222222222222	SVYGLAIM:0.2222222222222222	TNALGDDL:0.5555555555555556	GTLATYLQ:0.2222222222222222	EVSTNALG:0.2222222222222222	LVDFYDFS:0.3333333333333333	IFDNLLPL:0.4444444444444444	LSRSQKNG:0.2222222222222222	SQKNGYLV:0.2222222222222222	LPLLGEYA:0.3333333333333333	RSQKNGYL:0.2222222222222222	SPSVYGLA:0.3333333333333333	DNLLPLLG:0.3333333333333333	ALSESLGL:0.4444444444444444	YESPAVYS:0.2222222222222222	GYLVDYHD:0.2222222222222222	IVAGREAL:0.2222222222222222	YLVDYHDF:0.2222222222222222	VAGREALS:0.2222222222222222	NDNGTLAT:0.2222222222222222	DNGTLATY:0.2222222222222222	ALSESLGF:0.2222222222222222	PDTLSLAY:0.2222222222222222	LSESLGFW:0.2222222222222222	DTLSLAYV:0.2222222222222222	LGFWMQAA:0.2222222222222222	TLSLAYVD:0.2222222222222222	LSLAYVDL:0.2222222222222222	ESLGFWMQ:0.2222222222222222	PLLGEYAI:0.2222222222222222	SESLGFWM:0.2222222222222222	SLGFWMQA:0.2222222222222222	LGLWMQYA:0.2222222222222222	SLGLWMQY:0.2222222222222222	VNLIDQLI:0.2222222222222222	FDNLFPLL:0.2222222222222222	NLIDQLIV:0.2222222222222222	TTNALGDD:0.2222222222222222	VTTNALGD:0.2222222222222222	
