cluster number:74
GH24:7	GH24:7
LRGDEGEV:0.42857142857142855	SLWAKQTP:0.42857142857142855	RRGVLLSM:0.42857142857142855	LLRGDEGE:0.42857142857142855	VDGLLGFK:0.2857142857142857	SMAFQMGV:0.2857142857142857	WAKQTPER:0.2857142857142857	MAFQMGVD:0.42857142857142855	ARRGVLLS:0.42857142857142855	RGVLLSMA:0.2857142857142857	KRKGGGIS:0.2857142857142857	LIDKRKGG:0.42857142857142855	DKRKGGGI:0.42857142857142855	MGVDGLLG:0.2857142857142857	NSLWAKQT:0.42857142857142855	LLSMAFQM:0.2857142857142857	IGIGRLID:0.2857142857142857	FQMGVDGL:0.42857142857142855	QMGVDGLL:0.42857142857142855	LWAKQTPE:0.2857142857142857	LSMAFQMG:0.2857142857142857	RGDEGEVL:0.42857142857142855	AFQMGVDG:0.42857142857142855	TIGIGRLI:0.2857142857142857	IDKRKGGG:0.42857142857142855	DARRGVLL:0.42857142857142855	GVLLSMAF:0.2857142857142857	LGFKNTLE:0.2857142857142857	RLLRGDEG:0.42857142857142855	LLGFKNTL:0.42857142857142855	VLLSMAFQ:0.2857142857142857	RLIDKRKG:0.2857142857142857	GLLGFKNT:0.42857142857142855	DGLLGFKN:0.2857142857142857	GRLIDKRK:0.2857142857142857	GVDGLLGF:0.2857142857142857	EGEVLHAY:0.2857142857142857	QDHLGFWT:0.2857142857142857	LNSLWAKQ:0.42857142857142855	YQDHLGFW:0.2857142857142857	MLNSLWAK:0.42857142857142855	TRLLRGDE:0.2857142857142857	DEGEVLHA:0.2857142857142857	HLGFWTIG:0.2857142857142857	GDEGEVLH:0.2857142857142857	DHLGFWTI:0.2857142857142857	DDARRGVL:0.2857142857142857	GMLNSLWA:0.42857142857142855	LDDARRGV:0.2857142857142857	IGVGRLID:0.2857142857142857	TIGVGRLI:0.2857142857142857	ARQTPERA:0.2857142857142857	AYRDHLGY:0.2857142857142857	WARQTPER:0.2857142857142857	
