cluster number:118
GH24:103	GH24:103
GVLTVCYG:0.5728155339805825	VLTVCYGH:0.5145631067961165	YRDVVGVL:0.3300970873786408	RDVVGVLT:0.3300970873786408	TVCYGHTG:0.5533980582524272	LTVCYGHT:0.5242718446601942	VVGVLTVC:0.3786407766990291	PYRDVVGV:0.24271844660194175	DVVGVLTV:0.3786407766990291	LTVCDGHT:0.23300970873786409	GVLTVCDG:0.22330097087378642	VLTVCDGH:0.23300970873786409	VGVLTVCD:0.22330097087378642	TVCDGHTG:0.2524271844660194	IKVPIDDN:0.20388349514563106	SRSTMLRK:0.23300970873786409	GKLYTDAE:0.22330097087378642	LIPAYEGV:0.2815533980582524	GALVLIPA:0.22330097087378642	ACDEMKRW:0.23300970873786409	ALVLIPAY:0.2815533980582524	YGHTGSDI:0.33980582524271846	GACDEMKR:0.23300970873786409	EMKRWTFA:0.2621359223300971	LNAGDIAG:0.24271844660194175	TDAECKAL:0.23300970873786409	EGVEYKPY:0.2621359223300971	WQGLINRR:0.2912621359223301	AECKALLH:0.23300970873786409	VRRAVDPM:0.22330097087378642	VLIPAYEG:0.2815533980582524	AYEGVEYK:0.20388349514563106	KLYTDAEC:0.23300970873786409	LYTDAECK:0.23300970873786409	DAECKALL:0.24271844660194175	VCYGHTGS:0.33980582524271846	PYRDVAGV:0.34951456310679613	TMLRKLNA:0.23300970873786409	KVRRAVDP:0.22330097087378642	TKVRRAVD:0.21359223300970873	GAIAGALV:0.24271844660194175	AGVLTVCY:0.39805825242718446	RWTFAGGK:0.20388349514563106	VEYKPYRD:0.2524271844660194	MKRWTFAG:0.2621359223300971	RAVDPMIK:0.22330097087378642	NAGDIAGA:0.23300970873786409	DEMKRWTF:0.21359223300970873	FSRSTMLR:0.24271844660194175	RKLNAGDI:0.22330097087378642	MIKVPIDD:0.20388349514563106	AFSRSTML:0.2524271844660194	YTDAECKA:0.23300970873786409	KLNAGDIA:0.23300970873786409	DLTKVRRA:0.22330097087378642	IAGALVLI:0.23300970873786409	YRDVAGVL:0.34951456310679613	LVLIPAYE:0.2815533980582524	AIAGALVL:0.24271844660194175	YEGVEYKP:0.20388349514563106	EYKPYRDV:0.2621359223300971	STMLRKLN:0.2524271844660194	AGAIAGAL:0.21359223300970873	DVAGVLTV:0.3883495145631068	AGDIAGAC:0.23300970873786409	LRKLNAGD:0.32038834951456313	AVDPMIKV:0.24271844660194175	LTKVRRAV:0.21359223300970873	MLRKLNAG:0.24271844660194175	RDVAGVLT:0.34951456310679613	RRAVDPMI:0.27184466019417475	GDIAGACD:0.22330097087378642	IAGACDEM:0.22330097087378642	GAFSRSTM:0.2524271844660194	RSTMLRKL:0.24271844660194175	CYGHTGSD:0.33980582524271846	GLINRRET:0.23300970873786409	GHTGSDIQ:0.30097087378640774	KRWTFAGG:0.2621359223300971	CDEMKRWT:0.23300970873786409	PAYEGVEY:0.2912621359223301	QGLINRRE:0.2621359223300971	GVEYKPYR:0.2524271844660194	VAGVLTVC:0.3883495145631068	AGACDEMK:0.22330097087378642	AGALVLIP:0.23300970873786409	IPAYEGVE:0.2815533980582524	DIAGACDE:0.22330097087378642	LINRRETE:0.23300970873786409	QWQGLINR:0.2524271844660194	GPGAFSRS:0.22330097087378642	NVGPGAFS:0.22330097087378642	VGPGAFSR:0.22330097087378642	TRAAIYSF:0.2815533980582524	FVYNVGPG:0.22330097087378642	RAAIYSFV:0.22330097087378642	YSFVYNVG:0.2524271844660194	YNVGPGAF:0.22330097087378642	SFVYNVGP:0.22330097087378642	AAIYSFVY:0.23300970873786409	AIYSFVYN:0.27184466019417475	VYNVGPGA:0.22330097087378642	IYSFVYNV:0.2524271844660194	STLLKKLN:0.22330097087378642	NTRAAIYS:0.22330097087378642	DNTRAAIY:0.22330097087378642	IDDNTRAA:0.22330097087378642	DDNTRAAI:0.22330097087378642	
