cluster number:47
GH24:6	GH24:6
GIDTFRKS:0.3333333333333333	RKSTLLKK:0.8333333333333334	KAEKEVYW:0.5	TQNQFDAL:0.6666666666666666	ITTETTQN:0.6666666666666666	VAHFIVWG:0.8333333333333334	KKHNLRCF:0.8333333333333334	DISPYITT:0.6666666666666666	AVDISPYI:0.6666666666666666	ETTQNQFD:0.6666666666666666	HNLRCFSC:0.8333333333333334	DTFRKSTL:0.3333333333333333	KHNLRCFS:0.8333333333333334	SCAVAHFI:0.6666666666666666	DKAKRKAE:0.5	AVAHFIVW:0.6666666666666666	QNQFDALT:0.8333333333333334	IVWGEKTG:0.8333333333333334	TTQNQFDA:0.6666666666666666	RKAEKEVY:0.5	TDAVDISP:0.6666666666666666	IDTFRKST:0.3333333333333333	TETTQNQF:0.6666666666666666	LLKKHNLR:0.8333333333333334	PYITTETT:0.5	IGIDTFRK:0.3333333333333333	NLRCFSCA:0.6666666666666666	TGDKAKRK:0.5	ITDAVDIS:0.5	CAVAHFIV:0.6666666666666666	KAKRKAEK:0.5	LKKHNLRC:0.8333333333333334	DAVDISPY:0.6666666666666666	WGEKTGDK:0.6666666666666666	EKEVYWYG:0.8333333333333334	FRKSTLLK:0.8333333333333334	SPYITTET:0.6666666666666666	KRKAEKEV:0.5	TDIGIDTF:0.3333333333333333	STLLKKHN:0.8333333333333334	EKTGDKAK:0.6666666666666666	EMLGITDA:0.3333333333333333	LRCFSCAV:0.6666666666666666	GDKAKRKA:0.5	KEVYWYGY:0.8333333333333334	MLGITDAV:0.3333333333333333	LGITDAVD:0.5	FSCAVAHF:0.6666666666666666	GITDAVDI:0.5	NQFDALTS:0.8333333333333334	FIVWGEKT:0.8333333333333334	ISPYITTE:0.6666666666666666	RCFSCAVA:0.6666666666666666	GEKTGDKA:0.6666666666666666	AEKEVYWY:0.8333333333333334	ATDIGIDT:0.3333333333333333	TTETTQNQ:0.6666666666666666	DIGIDTFR:0.3333333333333333	YITTETTQ:0.6666666666666666	CFSCAVAH:0.6666666666666666	TLLKKHNL:0.8333333333333334	VWGEKTGD:0.6666666666666666	TFRKSTLL:0.3333333333333333	HFIVWGEK:0.8333333333333334	VDISPYIT:0.6666666666666666	AKRKAEKE:0.5	KTGDKAKR:0.6666666666666666	KSTLLKKH:0.8333333333333334	AHFIVWGE:0.8333333333333334	GIDVFRKS:0.3333333333333333	IDVFRKST:0.3333333333333333	IGIDVFRK:0.3333333333333333	ALTSLATD:0.5	DIGIDVFR:0.3333333333333333	SLATDIGI:0.5	TDIGIDVF:0.3333333333333333	QFDALTSL:0.6666666666666666	ATDIGIDV:0.3333333333333333	LATDIGID:0.6666666666666666	LTSLATDI:0.5	DVFRKSTL:0.3333333333333333	FDALTSLA:0.5	DALTSLAT:0.5	VFRKSTLL:0.3333333333333333	TSLATDIG:0.5	AKRNAEKE:0.3333333333333333	LGVTDAVD:0.3333333333333333	GKETLGVT:0.3333333333333333	LSQRGKET:0.3333333333333333	NAEKEVYW:0.3333333333333333	RGKETLGV:0.3333333333333333	TLGVTDAV:0.3333333333333333	RNAEKEVY:0.3333333333333333	KLSQRGKE:0.3333333333333333	GVTDAVDI:0.3333333333333333	MKLSQRGK:0.3333333333333333	QRGKETLG:0.3333333333333333	SQRGKETL:0.3333333333333333	KAKRNAEK:0.3333333333333333	KETLGVTD:0.3333333333333333	VTDAVDIS:0.3333333333333333	ETLGVTDA:0.3333333333333333	KRNAEKEV:0.3333333333333333	
