cluster number:168
GH24:14	GH24:14
LVSFSYNL:0.5714285714285714	SALVSFSY:0.2857142857142857	NANQFSAL:0.21428571428571427	NQFSALVS:0.2857142857142857	FSALVSFS:0.21428571428571427	VSFSYNLG:0.5714285714285714	FSYNLGLG:0.42857142857142855	LNANQFSA:0.21428571428571427	SFSYNLGL:0.42857142857142855	PLNANQFS:0.21428571428571427	IGYGHTGP:0.42857142857142855	GYGHTGPD:0.42857142857142855	VWTIGYGH:0.5	ALVSFSYN:0.5714285714285714	TLLRLLNK:0.21428571428571427	STLLRLLN:0.5	VPLNANQF:0.21428571428571427	YGHTGPDV:0.42857142857142855	QFSALVSF:0.21428571428571427	YNLGLGNL:0.2857142857142857	ANQFSALV:0.21428571428571427	SYNLGLGN:0.2857142857142857	TIGYGHTG:0.7142857142857143	WTIGYGHT:0.5714285714285714	LTRRRKAE:0.21428571428571427	QQQADQLL:0.2857142857142857	GLTRRRKA:0.21428571428571427	ISLIKQFE:0.2857142857142857	QDMVGVWT:0.21428571428571427	SLIKQFEG:0.2857142857142857	VGVWTIGY:0.35714285714285715	MVGVWTIG:0.21428571428571427	YQDMVGVW:0.21428571428571427	GVWTIGYG:0.42857142857142855	GHTGPDVK:0.2857142857142857	DMVGVWTI:0.21428571428571427	AYQDMVGV:0.21428571428571427	NQFDALVS:0.2857142857142857	NQNQFDAL:0.21428571428571427	LNQNQFDA:0.21428571428571427	QFDALVSF:0.35714285714285715	QNQFDALV:0.2857142857142857	DALVSFSY:0.2857142857142857	LQNSTLLR:0.21428571428571427	FDALVSFS:0.2857142857142857	NSTLLRLL:0.21428571428571427	QNSTLLRL:0.21428571428571427	
