cluster number:167
GH24:6	GH24:6
TKDDVKRR:0.5	IKTSEGCE:0.5	GIGAFGSS:0.3333333333333333	KLTDDQFG:0.5	QFGALVSF:0.5	KRRKTITE:0.5	LQWNKARV:0.3333333333333333	LAVFESGV:0.3333333333333333	KTSEGCEL:0.5	YGHTKTVT:0.3333333333333333	AVFESGVA:0.3333333333333333	ISLIKTSE:0.5	LVKVKLTD:0.5	SLIKTSEG:0.5	RKTITEAE:0.5	LVSFAYNL:0.5	DVKRRKTI:0.5	ESGVAKLV:0.3333333333333333	AEIERSWL:0.3333333333333333	TTSPKAIS:0.3333333333333333	IGYGHTKT:0.3333333333333333	LKPLAGLT:0.5	DQFGALVS:0.5	LKADLAVF:0.3333333333333333	ITEAEAER:0.5	FAYNLGIG:0.5	ALVSFAYN:0.5	TVTKDDVK:0.5	CPANIPTI:0.3333333333333333	EAERLLKA:0.5	AGLTKRRK:0.6666666666666666	VKVKLTDD:0.5	GVAKLVKV:0.5	GLTKRRKA:0.6666666666666666	MTNTTSPK:0.3333333333333333	LGIGAFGS:0.3333333333333333	KLVKVKLT:0.5	RRKTITEA:0.5	TSPKAISL:0.3333333333333333	AEAERLLK:0.5	EAEAERLL:0.5	YNLGIGAF:0.3333333333333333	TITEAEAE:0.5	VFESGVAK:0.3333333333333333	PLAGLTKR:0.5	PLAEIERS:0.3333333333333333	RLLKADLA:0.3333333333333333	FESGVAKL:0.3333333333333333	AKLVKVKL:0.5	RVNGVLKP:0.5	TDDQFGAL:0.5	ARVNGVLK:0.5	SSTLLKKI:0.3333333333333333	PANIPTIG:0.3333333333333333	LAGLTKRR:0.6666666666666666	AYNLGIGA:0.5	VAKLVKVK:0.5	SFAYNLGI:0.5	STLLKKIN:0.3333333333333333	IPTIGYGH:0.5	LLKADLAV:0.3333333333333333	SGVAKLVK:0.3333333333333333	GYGHTKTV:0.3333333333333333	DDVKRRKT:0.5	NGVLKPLA:0.5	VKLTDDQF:0.5	WNKARVNG:0.5	GAFGSSTL:0.3333333333333333	GALVSFAY:0.5	NLGIGAFG:0.3333333333333333	PTIGYGHT:0.5	VSFAYNLG:0.6666666666666666	KVKLTDDQ:0.5	APLAEIER:0.3333333333333333	KAISLIKT:0.5	KTVTKDDV:0.5	TLLKKINA:0.3333333333333333	TIGYGHTK:0.3333333333333333	VNGVLKPL:0.5	DDQFGALV:0.5	KPLAGLTK:0.5	DLAVFESG:0.3333333333333333	PKAISLIK:0.3333333333333333	KTITEAEA:0.5	LAEIERSW:0.3333333333333333	AFGSSTLL:0.3333333333333333	KDDVKRRK:0.5	GVLKPLAG:0.5	TSEGCELR:0.5	TKTVTKDD:0.5	LIKTSEGC:0.5	LTDDQFGA:0.5	KADLAVFE:0.3333333333333333	TEAEAERL:0.5	NTTSPKAI:0.3333333333333333	FCPANIPT:0.3333333333333333	ADLAVFES:0.3333333333333333	KARVNGVL:0.5	GHTKTVTK:0.5	NIPTIGYG:0.3333333333333333	FGALVSFA:0.5	AISLIKTS:0.5	VTKDDVKR:0.5	ERLLKADL:0.5	VKRRKTIT:0.5	SPKAISLI:0.3333333333333333	WLQWNKAR:0.3333333333333333	TNTTSPKA:0.3333333333333333	NKARVNGV:0.3333333333333333	ANIPTIGY:0.3333333333333333	VLKPLAGL:0.5	IERSWLQW:0.3333333333333333	FGSSTLLK:0.3333333333333333	TKRRKAEF:0.6666666666666666	LTKRRKAE:0.6666666666666666	HTKTVTKD:0.5	SEGCELRA:0.3333333333333333	IGAFGSST:0.3333333333333333	AERLLKAD:0.5	STLLKRIN:0.3333333333333333	LASSTLLK:0.3333333333333333	EFALFAGK:0.3333333333333333	KRRKAEFA:0.5	GALASSTL:0.3333333333333333	ALASSTLL:0.3333333333333333	KAEFALFA:0.5	RKAEFALF:0.5	RRKAEFAL:0.5	SSTLLKRI:0.3333333333333333	AEFALFAG:0.5	PAGIPTIG:0.3333333333333333	YLCPAGIP:0.3333333333333333	LCPAGIPT:0.3333333333333333	CPAGIPTI:0.3333333333333333	LAWNKARV:0.3333333333333333	AWNKARVN:0.3333333333333333	
