cluster number:28
GH24:78	GH24:78
LVSFCYNV:0.5512820512820513	AEAGLWAK:0.6794871794871795	AAEAGLWA:0.717948717948718	VNRRAAEA:0.24358974358974358	STLLKKLN:0.7307692307692307	NRRAAEAG:0.34615384615384615	RRAAEAGL:0.8076923076923077	ALVSFCYN:0.6794871794871795	EAGLWAKG:0.5641025641025641	AALVSFCY:0.5384615384615384	RAAEAGLW:0.8076923076923077	VPAELQKW:0.38461538461538464	AVPAELQK:0.32051282051282054	NSTLLKKL:0.48717948717948717	PAELQKWT:0.23076923076923078	LVHRRAAE:0.41025641025641024	VHRRAAEA:0.41025641025641024	LQKWTKAG:0.3974358974358974	GLVHRRAA:0.3974358974358974	KLNKGDYE:0.358974358974359	TKAGGKRL:0.38461538461538464	KKLNKGDY:0.38461538461538464	TLLKKLNK:0.46153846153846156	ELQKWTKA:0.41025641025641024	WTKAGGKR:0.38461538461538464	LLKKLNKG:0.5128205128205128	AYVSSNYQ:0.41025641025641024	HRRAAEAG:0.44871794871794873	KWTKAGGK:0.38461538461538464	QKWTKAGG:0.3974358974358974	LKKLNKGD:0.38461538461538464	LALIKQWE:0.3974358974358974	QFAALVSF:0.5769230769230769	GLWAKGAY:0.32051282051282054	IGSFSGLG:0.24358974358974358	EAVPAELQ:0.28205128205128205	WEGLRLNA:0.23076923076923078	WAKGAYVS:0.2948717948717949	PIIGSFSG:0.24358974358974358	LIKQWEGL:0.5256410256410257	LWAKGAYV:0.32051282051282054	GGKRLQGL:0.2564102564102564	GAYVSSNY:0.28205128205128205	EGLALIKQ:0.38461538461538464	YEAVPAEL:0.28205128205128205	SFCYNVGT:0.3333333333333333	SLTDEQFA:0.20512820512820512	KQWEGLRL:0.48717948717948717	FAALVSFC:0.5128205128205128	FVAKRFQE:0.20512820512820512	GVWTIGYG:0.5128205128205128	IGVWTIGY:0.358974358974359	VWTIGYGH:0.5384615384615384	GLALIKQW:0.3974358974358974	EGLRLNAY:0.23076923076923078	IKQWEGLR:0.47435897435897434	DEQFAALV:0.4230769230769231	EALAPIIG:0.20512820512820512	ALAPIIGS:0.20512820512820512	KGAYVSSN:0.28205128205128205	LTDEQFAA:0.358974358974359	EQFAALVS:0.47435897435897434	AKGAYVSS:0.2564102564102564	DAIGVWTI:0.2564102564102564	TDEQFAAL:0.358974358974359	CNSTLLKK:0.32051282051282054	AGGKRLQG:0.2564102564102564	FCNSTLLK:0.32051282051282054	IIGSFSGL:0.23076923076923078	AGLWAKGA:0.3717948717948718	AIGVWTIG:0.2564102564102564	AFCNSTLL:0.34615384615384615	ALIKQWEG:0.4230769230769231	VSFCYNVG:0.5256410256410257	WTIGYGHT:0.6923076923076923	GSFSGLGG:0.24358974358974358	LVNRRAAE:0.2564102564102564	TIGYGHTS:0.24358974358974358	SFSGLGGL:0.20512820512820512	GLVNRRAA:0.2564102564102564	GPVQWALA:0.3717948717948718	MRKISKEG:0.3076923076923077	RKISKEGL:0.2692307692307692	SKEGLALI:0.20512820512820512	KEGLALIK:0.20512820512820512	LVSFCYNI:0.20512820512820512	VSFCYNIG:0.20512820512820512	
