cluster number:178
GH24:6	GH24:6
VGPGRTIS:0.3333333333333333	RTISELTA:0.3333333333333333	TISELTAL:0.5	GRTISELT:0.3333333333333333	GPGRTISE:0.3333333333333333	PGRTISEL:0.3333333333333333	YLKSGSPS:0.5	KSGSPSTL:0.5	LNQGQFDA:0.5	SGLRYLKS:0.5	ISELTALT:0.5	LFNVGPGK:0.5	RLPGLLRR:0.5	LTALTLLQ:0.5	FLFNVGPG:0.5	EGLRLSSY:0.5	TLLQADVM:0.5	ELTALTLL:0.5	ALTLLQAD:0.5	VKSGLRYL:0.5	GGQRLPGL:0.5	GQRLPGLL:0.5	PLNQGQFD:0.5	GVKSGLRY:0.5	TALTLLQA:0.5	RLSSYRDS:0.5	FDALVSFL:0.5	NAGRYQEA:0.5	NQGQFDAL:0.5	VSFLFNVG:0.5	LNAGRYQE:0.5	GLRLSSYR:0.5	SGSPSTLL:0.5	LTLLQADV:0.5	GIWTIGYG:0.8333333333333334	LLNAGRYQ:0.5	ALVSFLFN:0.5	QFDALVSF:0.5	VPLNQGQF:0.5	GQFDALVS:0.5	LPGLLRRR:0.5	EVPLNQGQ:0.5	LRYLKSGS:0.5	LRLSSYRD:0.5	QRLPGLLR:0.5	YAGGQRLP:0.5	DALVSFLF:0.5	LKSGSPST:0.5	GLRYLKSG:0.5	KSGLRYLK:0.5	AGGQRLPG:0.5	IWTIGYGH:0.6666666666666666	RYLKSGSP:0.5	QGQFDALV:0.5	AGRYQEAA:0.5	SELTALTL:0.5	LVSFLFNV:0.5	SFLFNVGP:0.5	TIGYGHTG:0.5	EEQRLFLS:0.5	WTIGYGHT:0.5	SGGIWTIG:0.5	DSGGIWTI:0.5	GGIWTIGY:0.6666666666666666	IGYGHTGD:0.3333333333333333	SPSTLLVL:0.3333333333333333	GKPGVKSG:0.3333333333333333	VEVPLNQG:0.3333333333333333	ALIKSFEG:0.3333333333333333	SFEGLRLS:0.3333333333333333	KSFEGLRL:0.3333333333333333	SERGLALI:0.3333333333333333	YQEAAAQF:0.3333333333333333	RYQEAAAQ:0.3333333333333333	AQFPLWMY:0.3333333333333333	YRDSGGIW:0.3333333333333333	LALIKSFE:0.3333333333333333	LQADVMDC:0.3333333333333333	FPLWMYAG:0.3333333333333333	RDSGGIWT:0.3333333333333333	IVEVPLNQ:0.3333333333333333	FNVGPGKP:0.3333333333333333	RGLALIKS:0.3333333333333333	EQRLFLSE:0.3333333333333333	GSPSTLLV:0.3333333333333333	PGKPGVKS:0.3333333333333333	KIVEVPLN:0.3333333333333333	ERGLALIK:0.3333333333333333	QEAAAQFP:0.3333333333333333	RLFLSEMQ:0.3333333333333333	QFPLWMYA:0.3333333333333333	GYGHTGDV:0.3333333333333333	MYAGGQRL:0.3333333333333333	SSYRDSGG:0.3333333333333333	LIKSFEGL:0.3333333333333333	LSSYRDSG:0.3333333333333333	AAAQFPLW:0.3333333333333333	GRYQEAAA:0.3333333333333333	SYRDSGGI:0.3333333333333333	VGPGKPGV:0.3333333333333333	LWMYAGGQ:0.3333333333333333	GLALIKSF:0.3333333333333333	QRLFLSEM:0.3333333333333333	QADVMDCE:0.3333333333333333	NVGPGKPG:0.3333333333333333	EAAAQFPL:0.3333333333333333	PLWMYAGG:0.3333333333333333	GPGKPGVK:0.3333333333333333	IKSFEGLR:0.3333333333333333	FEGLRLSS:0.3333333333333333	PGVKSGLR:0.3333333333333333	AAQFPLWM:0.3333333333333333	VLLNAGRY:0.3333333333333333	LSERGLAL:0.3333333333333333	KPGVKSGL:0.3333333333333333	LVLLNAGR:0.3333333333333333	LLVLLNAG:0.3333333333333333	LLQADVMD:0.3333333333333333	WMYAGGQR:0.3333333333333333	PSTLLVLL:0.3333333333333333	STLLVLLN:0.3333333333333333	TLLVLLNA:0.3333333333333333	
