cluster number:138
GH24:22	GH24:22
STLYKNIV:0.22727272727272727	KGLSSITE:0.22727272727272727	LLGSTLYK:0.22727272727272727	GKVIKGWY:0.3181818181818182	GKRIEGLY:0.4090909090909091	KGKCYIDC:0.22727272727272727	GYGMTGDE:0.22727272727272727	NFQAWSNG:0.5	GDEIKGLS:0.22727272727272727	YKGKCYID:0.22727272727272727	VGVLTLGY:0.22727272727272727	IKGLSSIT:0.22727272727272727	VSFAYNCG:0.45454545454545453	WSNGGGKR:0.4090909090909091	TLGYGMTG:0.45454545454545453	ALVSFAYN:0.36363636363636365	QWKWCVEG:0.22727272727272727	TGDEIKGL:0.22727272727272727	NWYYLNDE:0.22727272727272727	IEGLYRRR:0.5	MTGDEIKG:0.22727272727272727	NFIKSWEG:0.2727272727272727	GYKGKCYI:0.22727272727272727	DEIKGLSS:0.22727272727272727	EFDALVSF:0.4090909090909091	VLTLGYGM:0.22727272727272727	GGGKRIEG:0.4090909090909091	GKCYIDCT:0.22727272727272727	FDALVSFA:0.36363636363636365	SNFQAWSN:0.45454545454545453	LTLGYGMT:0.22727272727272727	GMTGDEIK:0.22727272727272727	KVIKGWYE:0.2727272727272727	AWSNGGGK:0.4090909090909091	GSTLYKNI:0.3181818181818182	LVSFAYNC:0.45454545454545453	WYYLNDEG:0.45454545454545453	GLLGSTLY:0.5	FQAWSNGG:0.5	NGGGKRIE:0.4090909090909091	GVLTLGYG:0.22727272727272727	CINFIKSW:0.2727272727272727	SNGGGKRI:0.4090909090909091	FIKSWEGF:0.45454545454545453	EIKGLSSI:0.22727272727272727	GGKRIEGL:0.4090909090909091	GLSSITES:0.22727272727272727	KRIEGLYR:0.4090909090909091	DALVSFAY:0.36363636363636365	LGSTLYKN:0.22727272727272727	YGMTGDEI:0.22727272727272727	INFIKSWE:0.2727272727272727	RIEGLYRR:0.5	DGKVIKGW:0.2727272727272727	QAWSNGGG:0.5	SFAYNCGT:0.4090909090909091	FLNADYTG:0.22727272727272727	KDGRWYYL:0.3181818181818182	MSNWKWCV:0.22727272727272727	YKGEMYGN:0.22727272727272727	HEFDALVS:0.2727272727272727	QHEFDALV:0.2727272727272727	KDTITSNF:0.22727272727272727	EGLYRRRT:0.45454545454545453	DGRWYYLD:0.3181818181818182	DTITSNFQ:0.2727272727272727	GYKGEMYG:0.22727272727272727	YRRRTKEA:0.45454545454545453	LNADYTGN:0.22727272727272727	LYRRRTKE:0.45454545454545453	GYGMTGKE:0.36363636363636365	LLGSTLYR:0.3181818181818182	GIRDKDTI:0.22727272727272727	LKQHEFDA:0.2727272727272727	GLYRRRTK:0.45454545454545453	TITSNFQA:0.3181818181818182	GMTGKEIE:0.36363636363636365	ITSNFQAW:0.36363636363636365	DKDGRWYY:0.3181818181818182	LNDEGIMQ:0.2727272727272727	VGVLTQGY:0.22727272727272727	YYLNDEGI:0.2727272727272727	YLNDEGIM:0.2727272727272727	GVLTQGYG:0.22727272727272727	KQHEFDAL:0.2727272727272727	YGMTGKEI:0.36363636363636365	LGSTLYRN:0.2727272727272727	TSNFQAWS:0.36363636363636365	KEAAMFLN:0.22727272727272727	KGWYEDNG:0.2727272727272727	RTKEAAMF:0.3181818181818182	DFIKSWEG:0.22727272727272727	RRTKEAAM:0.3181818181818182	TKEAAMFL:0.3181818181818182	IDFIKSWE:0.22727272727272727	RRRTKEAA:0.22727272727272727	GAMKTGWL:0.22727272727272727	MTGKEIEG:0.22727272727272727	TGKEIEGL:0.22727272727272727	LGYGMTGK:0.22727272727272727	
