cluster number:152
GH24:12	GH24:12
TKRGKAAI:0.25	QRIGEAEL:0.3333333333333333	KIYDICYG:0.3333333333333333	SGAYNFGV:0.6666666666666666	GAYNFGVG:0.5	GLVKRREM:0.4166666666666667	IGEAELCV:0.4166666666666667	DAQRIGEA:0.3333333333333333	KRREMGDA:0.4166666666666667	GEAELCVS:0.5	LSGAYNFG:0.4166666666666667	YNFGVGGM:0.25	MGDAQRIG:0.3333333333333333	KRGKAAIA:0.25	HPPAVILA:0.3333333333333333	REACEAQT:0.25	AKIYDICY:0.3333333333333333	REMGDAQR:0.6666666666666666	WNRAGGQV:0.25	RIGEAELC:0.4166666666666667	EMGDAQRI:0.3333333333333333	AELCVSGL:0.3333333333333333	RREMGDAQ:0.6666666666666666	PPAVILAK:0.25	TRINGKPV:0.3333333333333333	YDICYGKT:0.25	EAELCVSG:0.5	AQRIGEAE:0.3333333333333333	GDAQRIGE:0.3333333333333333	FAKIYDIC:0.25	LVKRREMG:0.4166666666666667	IYDICYGK:0.25	NRAGGQVV:0.25	VHPPAVIL:0.25	NFGVGGMV:0.25	VKRREMGD:0.4166666666666667	AYNFGVGS:0.3333333333333333	TAFNKAGG:0.3333333333333333	YAKIYDIC:0.3333333333333333	GDAQRAGE:0.25	LVLKSHWD:0.25	IVATKRGK:0.4166666666666667	HWDPYAKI:0.25	NKIVATKR:0.4166666666666667	GLVLKSHW:0.25	AQRAGEAE:0.25	MGDAQRAG:0.25	EMGDAQRA:0.25	PINKIVAT:0.4166666666666667	KIVATKRG:0.4166666666666667	DAQRAGEA:0.25	WEGLVLKS:0.25	EGLVLKSH:0.25	PWEGLVLK:0.25	MPINKIVA:0.4166666666666667	INKIVATK:0.4166666666666667	DPYAKIYD:0.25	PYAKIYDI:0.25	YYLPLTKQ:0.25	GLVNRREM:0.25	VNRREMGD:0.25	LVNRREMG:0.25	AEVCVSGL:0.25	RAGEAEVC:0.25	QRAGEAEV:0.25	EAEVCVSG:0.25	AGEAEVCV:0.25	GEAEVCVS:0.25	
