cluster number:52
GH24:6	GH24:6
PHEKLTEN:0.5	CDLERCLK:0.6666666666666666	FNVGCYRL:0.6666666666666666	GKDSLLLS:0.6666666666666666	QKLESGDR:0.3333333333333333	DSLLLSLL:0.6666666666666666	LIGNGKIP:0.6666666666666666	RKYGKDSL:0.6666666666666666	KLESGDRD:0.3333333333333333	KVFRKYGK:0.6666666666666666	GWHRGKMP:0.6666666666666666	MPYIGFGH:0.3333333333333333	KLTENLSE:0.5	LLLSLLGF:0.6666666666666666	VGCYRLIG:0.6666666666666666	VFRKYGKD:0.6666666666666666	LLSLLGFN:0.6666666666666666	LTENLSEA:0.6666666666666666	GFGHRLLP:0.3333333333333333	YRLIGNGK:0.6666666666666666	GKVIPSIE:0.6666666666666666	LPHEKLTE:0.5	PSIERRRK:0.6666666666666666	WHRGKMPY:0.6666666666666666	EEFELFYI:0.6666666666666666	HRGKMPYI:0.6666666666666666	ADSLLRCD:0.6666666666666666	DSLLRCDL:0.6666666666666666	SLLLSLLG:0.6666666666666666	LLGFNVGC:0.6666666666666666	GCYRLIGN:0.6666666666666666	NGKIPKSR:0.5	LKVFRKYG:0.6666666666666666	IKRWEGWH:0.6666666666666666	YIGFGHRL:0.3333333333333333	IPSIERRR:0.8333333333333334	RKEEFELF:0.6666666666666666	KRWEGWHR:0.6666666666666666	ENLSEAQA:0.6666666666666666	GKMPYIGF:0.3333333333333333	RCLKVFRK:0.6666666666666666	DLERCLKV:0.6666666666666666	NLSEAQAD:0.6666666666666666	RCDLERCL:0.6666666666666666	KSRLIQKL:0.5	EKLTENLS:0.5	SLLRCDLE:0.6666666666666666	FRKYGKDS:0.6666666666666666	ERRRKEEF:0.6666666666666666	WEGWHRGK:0.6666666666666666	IERRRKEE:0.6666666666666666	RRKEEFEL:0.6666666666666666	IPKSRLIQ:0.5	RLLPHEKL:0.5	LERCLKVF:0.6666666666666666	FGHRLLPH:0.3333333333333333	KYGKDSLL:0.6666666666666666	LSLLGFNV:0.6666666666666666	RLIGNGKI:0.6666666666666666	PYIGFGHR:0.3333333333333333	LESGDRDI:0.3333333333333333	PKSRLIQK:0.5	RLIQKLES:0.3333333333333333	HEKLTENL:0.5	QADSLLRC:0.6666666666666666	LGFNVGCY:0.6666666666666666	TENLSEAQ:0.6666666666666666	SRLIQKLE:0.3333333333333333	IGNGKIPK:0.6666666666666666	CLKVFRKY:0.6666666666666666	EGWHRGKM:0.6666666666666666	EYISFRCY:0.5	LLPHEKLT:0.5	LRCDLERC:0.6666666666666666	KIPKSRLI:0.5	GFNVGCYR:0.6666666666666666	GKIPKSRL:0.5	CYRLIGNG:0.6666666666666666	RRRKEEFE:0.6666666666666666	GHRLLPHE:0.6666666666666666	LSEAQADS:0.6666666666666666	SIERRRKE:0.5	RGKMPYIG:0.6666666666666666	ESGDRDIY:0.3333333333333333	KEEFELFY:0.6666666666666666	VIPSIERR:0.8333333333333334	EFELFYIP:0.6666666666666666	AQADSLLR:0.8333333333333334	RWEGWHRG:0.6666666666666666	ERCLKVFR:0.6666666666666666	SLLGFNVG:0.6666666666666666	GNGKIPKS:0.6666666666666666	IQKLESGD:0.3333333333333333	EAQADSLL:0.6666666666666666	YGKDSLLL:0.6666666666666666	HRLLPHEK:0.5	IGFGHRLL:0.3333333333333333	SEAQADSL:0.6666666666666666	KDSLLLSL:0.6666666666666666	KVIPSIER:0.6666666666666666	LLRCDLER:0.6666666666666666	NVGCYRLI:0.6666666666666666	KMPYIGFG:0.3333333333333333	LIQKLESG:0.3333333333333333	DKDKAVAC:0.5	AENPPSDK:0.5	KDKAVACI:0.5	CIKRWEGW:0.5	RCYRGKVI:0.5	FRCYRGKV:0.5	PYIGYGHR:0.3333333333333333	FLSLVLYG:0.3333333333333333	KAENPPSD:0.5	YIGYGHRL:0.3333333333333333	SDKDKAVA:0.5	YGHRLLPH:0.3333333333333333	KAVACIKR:0.5	DKAVACIK:0.5	PVIMIFLS:0.3333333333333333	KEYISFRC:0.3333333333333333	LSLVLYGK:0.3333333333333333	YGKAENPP:0.5	YKEYISFR:0.3333333333333333	IYKEYISF:0.3333333333333333	SFRCYRGK:0.5	VACIKRWE:0.5	GYGHRLLP:0.3333333333333333	SLVLYGKA:0.3333333333333333	ENPPSDKD:0.5	VIMIFLSL:0.3333333333333333	IPVIMIFL:0.3333333333333333	PPSDKDKA:0.5	MPYIGYGH:0.5	IGYGHRLL:0.3333333333333333	VLYGKAEN:0.5	NPPSDKDK:0.5	RIPVIMIF:0.3333333333333333	MKRIPVIM:0.3333333333333333	YISFRCYR:0.3333333333333333	CYRGKVIP:0.5	KMPYIGYG:0.3333333333333333	IMIFLSLV:0.3333333333333333	LVLYGKAE:0.5	ISFRCYRG:0.3333333333333333	MIFLSLVL:0.3333333333333333	GKAENPPS:0.5	ACIKRWEG:0.5	KRIPVIMI:0.3333333333333333	AVACIKRW:0.5	LYGKAENP:0.5	IFLSLVLY:0.3333333333333333	GKMPYIGY:0.3333333333333333	PSDKDKAV:0.5	RGKVIPSI:0.3333333333333333	YRGKVIPS:0.3333333333333333	ETLTENLS:0.3333333333333333	EYVSFRCY:0.3333333333333333	
