cluster number:22
GH24:52	GH24:52
GHLILPNE:0.4230769230769231	GKWTIGYG:0.5961538461538461	LILPNENF:0.38461538461538464	LAGLTRRR:0.4230769230769231	HLILPNEN:0.38461538461538464	FAFNVGLG:0.25	AFNVGLGN:0.25	LEKYRDAV:0.21153846153846154	TLLRLLNQ:0.4230769230769231	YGHLILPN:0.4230769230769231	VDLNQNQF:0.28846153846153844	KYRDAVGK:0.21153846153846154	AVGKWTIG:0.34615384615384615	YRDAVGKW:0.21153846153846154	NQNQFDAL:0.3269230769230769	IGYGHLIL:0.7307692307692307	LNQNQFDA:0.3076923076923077	DLNQNQFD:0.28846153846153844	LIKSFEGL:0.5769230769230769	NQFDALVA:0.21153846153846154	NVGLGNLQ:0.25	AEDLLRAD:0.23076923076923078	TIGYGHLI:0.75	WTIGYGHL:0.75	KWTIGYGH:0.5769230769230769	QFDALVAF:0.23076923076923078	EAEDLLRA:0.23076923076923078	STLLRLLN:0.4423076923076923	FNVGLGNL:0.25	QNQFDALV:0.5384615384615384	VGKWTIGY:0.36538461538461536	DLLRADLG:0.21153846153846154	EDLLRADL:0.25	GYGHLILP:0.5192307692307693	LLRLLNQG:0.4230769230769231	DAVGKWTI:0.34615384615384615	RDAVGKWT:0.21153846153846154	EKYRDAVG:0.21153846153846154	QFDALVSF:0.4230769230769231	ALVSFAFN:0.34615384615384615	FDALVSFA:0.3269230769230769	DALVSFAF:0.34615384615384615	NQFDALVS:0.3269230769230769	LTRRREAE:0.40384615384615385	KSFEGLRL:0.28846153846153844	TRRREAER:0.25	AGLTRRRE:0.23076923076923078	VLAGLTRR:0.28846153846153844	NLQSSTLL:0.21153846153846154	LRWNKAGG:0.23076923076923078	GLTRRREA:0.40384615384615385	IKSFEGLR:0.28846153846153844	GNLQSSTL:0.21153846153846154	NKAGGKVL:0.25	WNKAGGKV:0.23076923076923078	
