cluster number:110
GH24:19	GH24:19
PLPEKILQ:0.3684210526315789	SPLPEKIL:0.3684210526315789	WEKFNGLI:0.2631578947368421	MTGYAMQI:0.3684210526315789	IRQWEKFN:0.3684210526315789	REMNKRPL:0.3157894736842105	RDEKGIWV:0.3157894736842105	TQQQHDAL:0.6842105263157895	EKILQAVA:0.3684210526315789	IGYGHVIR:0.631578947368421	EKFNGLIT:0.2631578947368421	QWEKFNGL:0.2631578947368421	EMNKRPLT:0.3157894736842105	SLEKYRDE:0.7894736842105263	KILQAVAR:0.3684210526315789	NKRPLTQQ:0.3157894736842105	MQISSAAI:0.3684210526315789	PTEAENLL:0.21052631578947367	LLREMNKR:0.3157894736842105	KRPLTQQQ:0.3684210526315789	FNGLITPT:0.21052631578947367	WVIGYGHV:0.6842105263157895	LPEKILQA:0.3684210526315789	YGHVIRQW:0.3684210526315789	LTLFSFGE:0.3157894736842105	VIRQWEKF:0.3684210526315789	DEKGIWVI:0.3157894736842105	LTQQQHDA:0.6842105263157895	HVIRQWEK:0.3684210526315789	KKQQGLSL:0.5789473684210527	GLITPTEA:0.21052631578947367	KYRDEKGI:0.3157894736842105	KQQGLSLE:0.5263157894736842	QQGLSLEK:0.47368421052631576	ITPTEAEN:0.21052631578947367	PEKILQAV:0.3684210526315789	EKGIWVIG:0.3157894736842105	GHVIRQWE:0.3684210526315789	IWVIGYGH:0.3684210526315789	QQQHDALV:0.3684210526315789	QGLSLEKY:0.7894736842105263	RQWEKFNG:0.2631578947368421	LIKKQQGL:0.5789473684210527	TGYAMQIS:0.3684210526315789	IALIKKQQ:0.3684210526315789	GYAMQISS:0.3684210526315789	ENLLFNDI:0.21052631578947367	GIWVIGYG:0.3684210526315789	AIALIKKQ:0.3684210526315789	LITPTEAE:0.21052631578947367	LREMNKRP:0.3157894736842105	EKYRDEKG:0.47368421052631576	QISSAAIA:0.3684210526315789	SAAIALIK:0.5263157894736842	AMQISSAA:0.3684210526315789	PLTQQQHD:0.6842105263157895	ALIKKQQG:0.3684210526315789	LSLEKYRD:0.8421052631578947	ISSAAIAL:0.5263157894736842	TPTEAENL:0.21052631578947367	AAIALIKK:0.5263157894736842	AENLLFND:0.21052631578947367	YAMQISSA:0.3684210526315789	LEKYRDEK:0.47368421052631576	VIGYGHVI:0.7894736842105263	KGIWVIGY:0.3157894736842105	ILQAVARV:0.42105263157894735	MNKRPLTQ:0.3157894736842105	SSAAIALI:0.5263157894736842	IKKQQGLS:0.5789473684210527	RPLTQQQH:0.5789473684210527	NGLITPTE:0.21052631578947367	GLSLEKYR:0.8421052631578947	YRDEKGIW:0.3157894736842105	GYGHVIRQ:0.42105263157894735	KFNGLITP:0.2631578947368421	EAENLLFN:0.21052631578947367	ALILTLFS:0.3157894736842105	LFSFGEES:0.2631578947368421	SFGEESPL:0.2631578947368421	ALLREMNK:0.2631578947368421	LCEALLRE:0.3684210526315789	ESPLPEKI:0.3157894736842105	NDIQLCEA:0.2631578947368421	CEALLREM:0.2631578947368421	DIQLCEAL:0.2631578947368421	TLFSFGEE:0.2631578947368421	IQLCEALL:0.2631578947368421	DALILTLF:0.3157894736842105	QQQHDALI:0.3157894736842105	QHDALILT:0.3157894736842105	HDALILTL:0.3157894736842105	GEESPLPE:0.2631578947368421	QQHDALIL:0.3157894736842105	FGEESPLP:0.2631578947368421	QLCEALLR:0.2631578947368421	FSFGEESP:0.2631578947368421	LILTLFSF:0.3157894736842105	ILTLFSFG:0.3157894736842105	EALLREMN:0.2631578947368421	EESPLPEK:0.2631578947368421	LWVIGYGH:0.3684210526315789	KHQGLSLE:0.2631578947368421	HQGLSLEK:0.2631578947368421	GLWVIGYG:0.3684210526315789	KKHQGLSL:0.2631578947368421	LIKKHQGL:0.2631578947368421	IKKHQGLS:0.2631578947368421	RENITRPL:0.21052631578947367	NITRPLTQ:0.21052631578947367	TRPLTQQQ:0.21052631578947367	LRENITRP:0.21052631578947367	ENITRPLT:0.21052631578947367	EKGLWVIG:0.21052631578947367	RDEKGLWV:0.21052631578947367	KYRDEKGL:0.21052631578947367	YRDEKGLW:0.21052631578947367	DEKGLWVI:0.21052631578947367	KGLWVIGY:0.21052631578947367	AAVELIKK:0.21052631578947367	ELIKKQQG:0.21052631578947367	VELIKKQQ:0.21052631578947367	AVELIKKQ:0.21052631578947367	LFNDIQLC:0.21052631578947367	FNDIQLCE:0.21052631578947367	LLFNDIQL:0.21052631578947367	
