cluster number:158
GH24:21	GH24:21
SFHYNTGA:0.8571428571428571	YPDPGTGG:0.47619047619047616	GEPWTIGW:0.2857142857142857	IALIKRFE:0.2857142857142857	LIKRFEGC:0.3333333333333333	FDALVSFH:0.7619047619047619	ALVSFHYN:0.7142857142857143	KRFEGCAR:0.42857142857142855	IKRFEGCA:0.38095238095238093	VSFHYNTG:0.8095238095238095	LVSFHYNT:0.7142857142857143	FEGCARLR:0.42857142857142855	GIALIKRF:0.2857142857142857	PWTIGWGA:0.7619047619047619	ALIKRFEG:0.3333333333333333	RFEGCARL:0.3333333333333333	WTIGWGAT:0.7619047619047619	QFDALVSF:0.7619047619047619	FHYNTGAI:0.8571428571428571	KGLVRRRA:0.2857142857142857	DALVSFHY:0.7142857142857143	TIGWGATG:0.7619047619047619	EPWTIGWG:0.3333333333333333	AYPDPGTG:0.6666666666666666	VEAYPDPG:0.38095238095238093	HYNTGAIA:0.42857142857142855	GIGPGTVW:0.2857142857142857	MNRKPIFD:0.23809523809523808	AQFDALVS:0.23809523809523808	QAQFDALV:0.23809523809523808	EAYPDPGT:0.5238095238095238	GLVRRRAA:0.3333333333333333	LVRRRAAE:0.3333333333333333	GAAREFAR:0.3333333333333333	WTQAQCDA:0.47619047619047616	TQAQFDAL:0.23809523809523808	AAREFARW:0.38095238095238093	VRRRAAEA:0.23809523809523808	VWTQAQCD:0.2857142857142857	TQAQCDAR:0.47619047619047616	TTQAQFDA:0.23809523809523808	QAQCDARL:0.2857142857142857	AREFARWN:0.23809523809523808	IARATLTR:0.3333333333333333	GTGGAPWT:0.23809523809523808	NTGAIARA:0.42857142857142855	PGTGGAPW:0.23809523809523808	GAPWTIGW:0.23809523809523808	FARWNRAG:0.2857142857142857	APWTIGWG:0.42857142857142855	ARWNRAGG:0.2857142857142857	DPGTGGAP:0.23809523809523808	NRAGGRVL:0.23809523809523808	YNTGAIAR:0.38095238095238093	WNRAGGRV:0.2857142857142857	RWNRAGGR:0.3333333333333333	TGGAPWTI:0.23809523809523808	RATLTRRH:0.23809523809523808	GGAPWTIG:0.23809523809523808	GAIARATL:0.38095238095238093	TGAIARAT:0.38095238095238093	EFARWNRA:0.2857142857142857	PDPGTGGA:0.23809523809523808	AIARATLT:0.38095238095238093	
