cluster number:65
GH24:11	GH24:11
AETEAWLD:0.36363636363636365	VAETEAWL:0.2727272727272727	GDRAKRLA:0.2727272727272727	VMMNMAFN:0.6363636363636364	KAELTRDE:0.5454545454545454	MAFNMQGK:0.36363636363636365	LWARQVGD:0.2727272727272727	AWLDRNLP:0.36363636363636365	TVGKVSGG:0.7272727272727273	DTVGKVSG:0.7272727272727273	RQRVMMNM:0.6363636363636364	QRVMMNMA:0.6363636363636364	RAKRLASM:0.2727272727272727	LKAELTRD:0.5454545454545454	MMNMAFNM:0.6363636363636364	SGGVGRNL:0.2727272727272727	TEAWLDRN:0.36363636363636365	DSLWARQV:0.36363636363636365	LLGFRNFL:0.45454545454545453	IYVDTVGK:0.36363636363636365	DVAETEAW:0.2727272727272727	NLTDKGFR:0.7272727272727273	FNMQGKLL:0.36363636363636365	RVMMNMAF:0.6363636363636364	LTRDEGRR:0.2727272727272727	EMLDSLWA:0.5454545454545454	RNLTDKGF:0.7272727272727273	LTDKGFRD:0.7272727272727273	GRNLTDKG:0.7272727272727273	QVGDRAKR:0.2727272727272727	AFNMQGKL:0.36363636363636365	RQVGDRAK:0.2727272727272727	DRAKRLAS:0.2727272727272727	VGDRAKRL:0.2727272727272727	RIYVDTVG:0.36363636363636365	WARQVGDR:0.2727272727272727	VDTVGKVS:0.2727272727272727	AAQRGDWA:0.2727272727272727	NDVAETEA:0.2727272727272727	LDRNLPWW:0.36363636363636365	WLDRNLPW:0.36363636363636365	EAWLDRNL:0.5454545454545454	AELTRDEG:0.36363636363636365	MLDSLWAR:0.36363636363636365	ARQVGDRA:0.2727272727272727	AKRLASMM:0.2727272727272727	MNMAFNMQ:0.7272727272727273	YVDTVGKV:0.2727272727272727	ELTRDEGR:0.45454545454545453	NMAFNMQG:0.7272727272727273	SLWARQVG:0.45454545454545453	LDSLWARQ:0.36363636363636365	ETEAWLDR:0.36363636363636365	FLAAAQRG:0.45454545454545453	VGARATRL:0.2727272727272727	QVGARATR:0.2727272727272727	DPVRQRVM:0.5454545454545454	LDRNLSWW:0.2727272727272727	VSGGIGRN:0.6363636363636364	VGKVSGGI:0.6363636363636364	FRDNEIDL:0.45454545454545453	IGRNLTDK:0.6363636363636364	GARATRLA:0.2727272727272727	GKVSGGIG:0.6363636363636364	DEGRRARI:0.36363636363636365	GRLLGFRN:0.36363636363636365	GGIGRNLT:0.6363636363636364	VRQRVMMN:0.5454545454545454	KGFRDNEI:0.5454545454545454	RIYTDTVG:0.5454545454545454	GRRARIYT:0.2727272727272727	GFRDNEID:0.45454545454545453	IDLMYQND:0.36363636363636365	PVRQRVMM:0.5454545454545454	EIDLMYQN:0.36363636363636365	EGRRARIY:0.36363636363636365	GFRNFLAA:0.36363636363636365	NEIDLMYQ:0.36363636363636365	YTDTVGKV:0.45454545454545453	MAFNMQGR:0.36363636363636365	ARIYTDTV:0.2727272727272727	WATQVGAR:0.2727272727272727	TDTVGKVS:0.45454545454545453	LDPVRQRV:0.7272727272727273	RARIYTDT:0.2727272727272727	GIGRNLTD:0.6363636363636364	WLDRNLSW:0.2727272727272727	RDNEIDLM:0.45454545454545453	ATQVGARA:0.2727272727272727	LAAAQRGD:0.45454545454545453	AFNMQGRL:0.36363636363636365	KVSGGIGR:0.6363636363636364	RRARIYTD:0.2727272727272727	NMQGRLLG:0.36363636363636365	TDKGFRDN:0.5454545454545454	RNFLAAAQ:0.36363636363636365	DNEIDLMY:0.45454545454545453	AAAQRGDW:0.45454545454545453	FNMQGRLL:0.36363636363636365	NFLAAAQR:0.36363636363636365	MQGRLLGF:0.36363636363636365	DKGFRDNE:0.5454545454545454	FRNFLAAA:0.36363636363636365	RLLGFRNF:0.36363636363636365	QGRLLGFR:0.36363636363636365	SGGIGRNL:0.6363636363636364	IYTDTVGK:0.5454545454545454	DLMYQNDV:0.2727272727272727	LGFRNFLA:0.36363636363636365	LNMCFNMG:0.2727272727272727	NMCFNMGI:0.2727272727272727	LLTFVNTL:0.36363636363636365	LTFVNTLA:0.36363636363636365	SLDPVRQR:0.45454545454545453	WWRSLDPV:0.2727272727272727	WRSLDPVR:0.2727272727272727	RSLDPVRQ:0.2727272727272727	
