cluster number:57
GH24:14	GH24:14
TQQEADEL:0.21428571428571427	RRRVAEAK:0.21428571428571427	ELLILQLE:0.21428571428571427	PYTIGWGS:0.5714285714285714	QEADELLI:0.21428571428571427	KGKPYTIG:0.5	GKLPLPGV:0.35714285714285715	TKGKPYTI:0.21428571428571427	FETITRVL:0.5	LRKGSKGS:0.21428571428571427	GWGSTRKK:0.21428571428571427	RVAEAKLF:0.21428571428571427	RKKDGSEW:0.21428571428571427	PYQQGALL:0.35714285714285715	QGALLSFA:0.6428571428571429	TEAAVKQF:0.21428571428571427	EAAVKQFQ:0.21428571428571427	YQQGALLS:0.35714285714285715	EADELLIL:0.2857142857142857	ALLSFAYN:0.7857142857142857	LSFAYNLG:0.8571428571428571	STRKKDGS:0.21428571428571427	RRVAEAKL:0.21428571428571427	VAEAKLFL:0.21428571428571427	NPYQQGAL:0.35714285714285715	LPPLEKIP:0.2857142857142857	GKPYTIGW:0.6428571428571429	AEAKLFLQ:0.42857142857142855	SGKLPLPG:0.42857142857142855	DELLILQL:0.2857142857142857	QQGALLSF:0.6428571428571429	GSTRKKDG:0.21428571428571427	LRRRRVAE:0.21428571428571427	LEAYPDPL:0.2857142857142857	GALLSFAY:0.7857142857142857	TRKKDGSE:0.21428571428571427	IGWGSTRK:0.2857142857142857	LLSFAYNL:0.7142857142857143	YTIGWGST:0.5714285714285714	ADELLILQ:0.2857142857142857	QQEADELL:0.21428571428571427	KTEAAVKQ:0.21428571428571427	WGSTRKKD:0.21428571428571427	EAKLFLQP:0.35714285714285715	ITQQEADE:0.21428571428571427	TIGWGSTR:0.35714285714285715	RRRRVAEA:0.21428571428571427	GLRRRRVA:0.21428571428571427	KPYTIGWG:0.7142857142857143	KGSKGSEV:0.2857142857142857	YPDPLSKG:0.2857142857142857	FNPYQQGA:0.21428571428571427	IKEFEGCK:0.2857142857142857	LSKGKPYT:0.2857142857142857	KKDGSEWS:0.35714285714285715	LIKLKFDP:0.21428571428571427	GSKGSEVS:0.21428571428571427	SKGFETIT:0.2857142857142857	KDGSEWSL:0.35714285714285715	TITRVLKN:0.21428571428571427	GSEVSELQ:0.21428571428571427	GSKGFETI:0.2857142857142857	LIKEFEGC:0.35714285714285715	AVKQFQQK:0.21428571428571427	PDPLSKGK:0.2857142857142857	SKGSEVSE:0.21428571428571427	VEAGLKRR:0.21428571428571427	DFNPYQQG:0.21428571428571427	YNLGANFY:0.42857142857142855	KLKFDPGR:0.2857142857142857	DGSEWSLG:0.35714285714285715	VKQFQQKQ:0.21428571428571427	PLSKGKPY:0.2857142857142857	GFETITRV:0.35714285714285715	NLGANFYG:0.42857142857142855	SLGEKITQ:0.21428571428571427	LPSLEKIP:0.21428571428571427	YLPSLEKI:0.21428571428571427	LGANFYGS:0.21428571428571427	GANFYGSK:0.2857142857142857	FAYNLGAN:0.5	TLKKGSKG:0.21428571428571427	KEFEGCKL:0.2857142857142857	SITPDGVV:0.21428571428571427	AYPDPLSK:0.2857142857142857	ITRVLKNQ:0.2857142857142857	ETITRVLK:0.21428571428571427	AYNLGANF:0.5	SEVSELQE:0.21428571428571427	SKGKPYTI:0.2857142857142857	KGSEVSEL:0.21428571428571427	ANFYGSKG:0.2857142857142857	SFAYNLGA:0.7142857142857143	NFYGSKGF:0.2857142857142857	GSEWSLGE:0.35714285714285715	SEWSLGEK:0.2857142857142857	IKLKFDPG:0.21428571428571427	WSLGEKIT:0.21428571428571427	EWSLGEKI:0.21428571428571427	DPLSKGKP:0.2857142857142857	KGFETITR:0.2857142857142857	NQEWDKIE:0.2857142857142857	QSITPDGV:0.21428571428571427	EAGLKRRR:0.21428571428571427	YGSKGFET:0.2857142857142857	FYGSKGFE:0.2857142857142857	VEAGLRRR:0.21428571428571427	GCKLIAYP:0.21428571428571427	KLIAYPDP:0.21428571428571427	IAYPDPLS:0.21428571428571427	FEGCKLIA:0.21428571428571427	EGCKLIAY:0.21428571428571427	AAVKQFQQ:0.21428571428571427	EAGLRRRR:0.21428571428571427	LIAYPDPL:0.21428571428571427	EFEGCKLI:0.21428571428571427	CKLIAYPD:0.21428571428571427	LGANFYGA:0.21428571428571427	NQQGALLS:0.21428571428571427	
