cluster number:48
GH24:7	GH24:7
CPAGVWTI:0.2857142857142857	RYLKADLV:0.42857142857142855	FAFNCGTR:0.2857142857142857	GKRFAGLE:0.2857142857142857	ANGKRFAG:0.2857142857142857	AGLERRRR:0.2857142857142857	LVSFAFNC:0.42857142857142855	FNCGTRAL:0.2857142857142857	AGVWTIGY:0.42857142857142855	RRRLEKRM:0.42857142857142855	ALVSFAFN:0.42857142857142855	QAERYLKA:0.42857142857142855	TIGYGHTS:0.2857142857142857	AEEFSRWV:0.2857142857142857	RFAGLERR:0.2857142857142857	LEKRMFES:0.42857142857142855	TQGQFDAL:0.7142857142857143	KADLVRVE:0.42857142857142855	ERRRRLEK:0.42857142857142855	LSTSTLLR:0.42857142857142855	LVRVEQDV:0.2857142857142857	GTRALSTS:0.2857142857142857	STLLRKLN:0.42857142857142855	CGTRALST:0.2857142857142857	IGYGHTSG:0.2857142857142857	KRFAGLER:0.2857142857142857	PLTQGQFD:0.7142857142857143	GVWTIGYG:0.5714285714285714	SFAFNCGT:0.2857142857142857	VWTIGYGH:0.8571428571428571	LKADLVRV:0.42857142857142855	LERRRRLE:0.42857142857142855	FDALVSFA:0.42857142857142855	FAGLERRR:0.2857142857142857	DALVSFAF:0.42857142857142855	STSTLLRK:0.42857142857142855	PAGVWTIG:0.2857142857142857	NCGTRALS:0.2857142857142857	LTQGQFDA:0.7142857142857143	RVPLTQGQ:0.42857142857142855	QFDALVSF:0.5714285714285714	VSFAFNCG:0.42857142857142855	GQFDALVS:0.5714285714285714	GLERRRRL:0.42857142857142855	TRALSTST:0.2857142857142857	AFNCGTRA:0.2857142857142857	TSTLLRKL:0.42857142857142855	RLEKRMFE:0.42857142857142855	ALSTSTLL:0.42857142857142855	ERYLKADL:0.42857142857142855	VPLTQGQF:0.7142857142857143	QGQFDALV:0.5714285714285714	RRRRLEKR:0.42857142857142855	DLVRVEQD:0.42857142857142855	ADLVRVEQ:0.42857142857142855	AERYLKAD:0.42857142857142855	GYGHTSGV:0.2857142857142857	RALSTSTL:0.42857142857142855	NGKRFAGL:0.2857142857142857	YLKADLVR:0.42857142857142855	RRLEKRMF:0.42857142857142855	WTIGYGHT:0.8571428571428571	LKAYLCPA:0.42857142857142855	KSFESCQL:0.2857142857142857	IKSFESCQ:0.2857142857142857	QLKAYLCP:0.2857142857142857	SFESCQLK:0.2857142857142857	SCQLKAYL:0.2857142857142857	LLRKLNQR:0.2857142857142857	HIKSFESC:0.2857142857142857	MQAERYLK:0.2857142857142857	VKVPLTQG:0.2857142857142857	ESCQLKAY:0.2857142857142857	KVPLTQGQ:0.2857142857142857	RKLNQRDY:0.2857142857142857	FESCQLKA:0.2857142857142857	LRKLNQRD:0.2857142857142857	TLLRKLNQ:0.2857142857142857	CQLKAYLC:0.2857142857142857	VRVPLTQG:0.2857142857142857	TIGYGHTG:0.42857142857142855	
