cluster number:153
GH24:6	GH24:6
GIGRYRAS:0.3333333333333333	GENRISAI:0.6666666666666666	SPILIHAG:0.3333333333333333	HECKRWVF:0.3333333333333333	LKGLVARR:0.3333333333333333	EDWKSASH:0.3333333333333333	PILIHAGE:0.3333333333333333	TVSPILIH:0.3333333333333333	AGGKKLKG:0.3333333333333333	SQVFTVSP:0.6666666666666666	RKCVDAED:0.3333333333333333	AITEQQAD:0.3333333333333333	KSASHECK:0.3333333333333333	AGENRISA:0.6666666666666666	KKLKGLVA:0.5	VFAGGKKL:0.5	SHECKRWV:0.3333333333333333	ITEQQADD:0.5	ASHECKRW:0.3333333333333333	QVFTVSPI:0.6666666666666666	VFNLGIGR:0.3333333333333333	VFTVSPIL:0.6666666666666666	GKKLKGLV:0.6666666666666666	TEQQADDL:0.5	RISAIGDF:0.6666666666666666	SAIGDFVF:0.6666666666666666	IGDFVFNL:0.5	ILIHAGEN:0.3333333333333333	SKCLSQVF:0.6666666666666666	FNLGIGRY:0.3333333333333333	LRKCVDAE:0.3333333333333333	MAITEQQA:0.3333333333333333	EQQADDLL:0.5	GDFVFNLG:0.5	FAGGKKLK:0.3333333333333333	FVFNLGIG:0.3333333333333333	QQADDLLK:0.5	WVFAGGKK:0.5	KCLSQVFT:0.6666666666666666	GGKKLKGL:0.6666666666666666	FTVSPILI:0.6666666666666666	CLSQVFTV:0.6666666666666666	NLGIGRYR:0.3333333333333333	DFVFNLGI:0.5	AIGDFVFN:0.6666666666666666	LIHAGENR:0.3333333333333333	WKSASHEC:0.3333333333333333	KLKGLVAR:0.5	KCVDAEDW:0.3333333333333333	SASHECKR:0.3333333333333333	ISAIGDFV:0.6666666666666666	IHAGENRI:0.3333333333333333	VSPILIHA:0.3333333333333333	HAGENRIS:0.3333333333333333	NRISAIGD:0.6666666666666666	ENRISAIG:0.6666666666666666	DWKSASHE:0.3333333333333333	LSQVFTVS:0.6666666666666666	DDLLKWDV:0.3333333333333333	LKWDVSKC:0.5	KWDVSKCL:0.5	VSKCLSQV:0.5	WDVSKCLS:0.5	LLKWDVSK:0.5	KWVFAGGK:0.3333333333333333	QADDLLKW:0.3333333333333333	DLLKWDVS:0.5	DVSKCLSQ:0.5	ADDLLKWD:0.3333333333333333	LINAGENR:0.3333333333333333	GIWTIGYG:0.3333333333333333	SPILINAG:0.3333333333333333	IWTIGYGH:0.3333333333333333	NAGENRIS:0.3333333333333333	PILINAGE:0.3333333333333333	TVSPILIN:0.3333333333333333	VSPILINA:0.3333333333333333	TIGYGHTG:0.5	INAGENRI:0.3333333333333333	WTIGYGHT:0.5	ILINAGEN:0.3333333333333333	STLRKRVD:0.3333333333333333	GYGHTGND:0.3333333333333333	GHTGNDVF:0.3333333333333333	IGYGHTGN:0.3333333333333333	YGHTGNDV:0.3333333333333333	
