cluster number:128
GH24:14	GH24:14
GVGNTHGV:0.2857142857142857	FNTGCTRF:0.2857142857142857	WVKNIQSA:0.21428571428571427	NGVGNTHG:0.2857142857142857	DWVKNIQS:0.21428571428571427	EQIAKDWV:0.21428571428571427	IAKDWVKN:0.21428571428571427	LPGLVTRR:0.21428571428571427	QIAKDWVK:0.21428571428571427	TSFIFNTG:0.21428571428571427	RWVYGGGV:0.35714285714285715	NIQSAERC:0.21428571428571427	TNGVGNTH:0.2857142857142857	AFTSFIFN:0.21428571428571427	VKNIQSAE:0.21428571428571427	FIFNTGCT:0.21428571428571427	IGNAEGCR:0.35714285714285715	FTSFIFNT:0.21428571428571427	SFIFNTGC:0.21428571428571427	AKDWVKNI:0.21428571428571427	WVYGGGVK:0.2857142857142857	IFNTGCTR:0.21428571428571427	KNIQSAER:0.21428571428571427	DAFTSFIF:0.21428571428571427	FVFNFGCT:0.2857142857142857	LEQVAIDW:0.21428571428571427	TSFVFNFG:0.2857142857142857	GCTKFRKN:0.2857142857142857	FNFGCTKF:0.2857142857142857	VIGLVTGG:0.2857142857142857	VAIDWVKN:0.21428571428571427	TLEQVAID:0.21428571428571427	NFGCTKFR:0.2857142857142857	GNTHGVPD:0.35714285714285715	GQFDAFTS:0.42857142857142855	FGCTKFRK:0.2857142857142857	TKFRKNKD:0.21428571428571427	KFRKNKDG:0.21428571428571427	NGIGNTHG:0.35714285714285715	EQVAIDWV:0.21428571428571427	LIGDAEGC:0.21428571428571427	IGNTHGVP:0.35714285714285715	IGDAEGCR:0.21428571428571427	QVAIDWVK:0.21428571428571427	GLVTRRGL:0.2857142857142857	FTSFVFNF:0.2857142857142857	TKRIICSV:0.21428571428571427	QFDAFTSF:0.42857142857142855	AVIGLVTG:0.2857142857142857	LVTRRGLE:0.2857142857142857	GIGNTHGV:0.35714285714285715	CTKFRKNK:0.21428571428571427	SFVFNFGC:0.2857142857142857	TNGIGNTH:0.5	VFNFGCTK:0.2857142857142857	SFAFNTGC:0.21428571428571427	VQPVGQVV:0.21428571428571427	VVIEGQAL:0.2857142857142857	GGAIVGQE:0.2857142857142857	YVQPVGQV:0.21428571428571427	VISLITGG:0.2857142857142857	GQALGELR:0.2857142857142857	ISLITGGA:0.2857142857142857	IVGQEYVQ:0.21428571428571427	EGCRLDPY:0.21428571428571427	GAIVGQEY:0.2857142857142857	WCSVAAVI:0.2857142857142857	CSVAAVIS:0.2857142857142857	QGQFDAFT:0.2857142857142857	PMTQGQFD:0.21428571428571427	MTQGQFDA:0.21428571428571427	TGGAIVGQ:0.2857142857142857	GELRISPK:0.35714285714285715	QPVGQVVI:0.2857142857142857	EGQALGEL:0.2857142857142857	PVGQVVIE:0.2857142857142857	AAVISLIT:0.2857142857142857	GQVVIEGQ:0.2857142857142857	TSFAFNTG:0.21428571428571427	VAAVISLI:0.2857142857142857	AVISLITG:0.2857142857142857	MKITKKIW:0.2857142857142857	QALGELRI:0.2857142857142857	KITKKIWC:0.2857142857142857	LITGGAIV:0.2857142857142857	GQEYVQPV:0.21428571428571427	IEGQALGE:0.2857142857142857	KPMTQGQF:0.21428571428571427	LRISPKGL:0.35714285714285715	IWCSVAAV:0.2857142857142857	TGNAEGCR:0.21428571428571427	TKKIWCSV:0.2857142857142857	SLITGGAI:0.2857142857142857	SVAAVISL:0.2857142857142857	LGELRISP:0.35714285714285715	ITKKIWCS:0.2857142857142857	QEYVQPVG:0.21428571428571427	GNAEGCRL:0.2857142857142857	RISPKGLE:0.2857142857142857	VGQVVIEG:0.35714285714285715	VIEGQALG:0.2857142857142857	QVVIEGQA:0.2857142857142857	KKIWCSVA:0.2857142857142857	AIVGQEYV:0.21428571428571427	VGQEYVQP:0.21428571428571427	ELRISPKG:0.35714285714285715	NAEGCRLD:0.21428571428571427	ALGELRIS:0.2857142857142857	KIWCSVAA:0.2857142857142857	ITGGAIVG:0.2857142857142857	EYVQPVGQ:0.21428571428571427	AEGCRLDP:0.21428571428571427	EYARCMEV:0.2857142857142857	PYTCPAGL:0.21428571428571427	YARCMEVD:0.2857142857142857	LEIIGNAE:0.21428571428571427	LEYARCME:0.21428571428571427	TRRGLEYA:0.21428571428571427	RRGLEYAR:0.21428571428571427	AEGCRQDP:0.21428571428571427	GLEYARCM:0.21428571428571427	IIGNAEGC:0.2857142857142857	EGCRQDPY:0.21428571428571427	RGLEYARC:0.21428571428571427	NAEGCRQD:0.21428571428571427	GNAEGCRQ:0.21428571428571427	EIIGNAEG:0.21428571428571427	
