cluster number:73
GH24:7	GH24:7
SKWARQVG:0.2857142857142857	NMAFNLGV:0.42857142857142855	LINMAFNL:0.5714285714285714	INMAFNLG:0.5714285714285714	MAFNLGVN:0.42857142857142855	AFNLGVNG:0.42857142857142855	VLINMAFN:0.5714285714285714	NLGVNGLL:0.42857142857142855	FNLGVNGL:0.42857142857142855	TIGVGRNL:0.2857142857142857	KGITEQEA:0.42857142857142855	KWAKQVGN:0.2857142857142857	FMLNNDVD:0.42857142857142855	TKLAEQLK:0.42857142857142855	DTVGKLTL:0.42857142857142855	KLAEQLKK:0.42857142857142855	AEQLKKHE:0.42857142857142855	NKTKLAEQ:0.42857142857142855	WAKQVGNR:0.2857142857142857	TEQEALFM:0.42857142857142855	QEALFMLN:0.42857142857142855	MLNNDVDY:0.42857142857142855	TVGKLTLG:0.42857142857142855	LKPYTDTV:0.42857142857142855	EALFMLNN:0.42857142857142855	VLVNMAFN:0.42857142857142855	MLNSKWAK:0.2857142857142857	SEQMRTGE:0.42857142857142855	YTDTVGKL:0.42857142857142855	AVELSEQM:0.42857142857142855	AKQVGNRA:0.2857142857142857	EGLKLKPY:0.42857142857142855	DDARQNVL:0.42857142857142855	KKHEGLKL:0.42857142857142855	KPYTDTVG:0.42857142857142855	NNDVDYFY:0.42857142857142855	VGNRAVEL:0.42857142857142855	DKGITEQE:0.42857142857142855	ARQNVLVN:0.2857142857142857	GNRAVELS:0.42857142857142855	LNSKWAKQ:0.2857142857142857	LFMLNNDV:0.42857142857142855	KTKLAEQL:0.42857142857142855	LDDARQNV:0.42857142857142855	HEGLKLKP:0.42857142857142855	QNVLVNMA:0.42857142857142855	LKKHEGLK:0.42857142857142855	QVGNRAVE:0.42857142857142855	SKWAKQVG:0.2857142857142857	RAVELSEQ:0.42857142857142855	EQLKKHEG:0.42857142857142855	NVLVNMAF:0.42857142857142855	NMAFNLGI:0.42857142857142855	KQVGNRAV:0.2857142857142857	RQNVLVNM:0.42857142857142855	NRAVELSE:0.42857142857142855	KHEGLKLK:0.42857142857142855	EMLNSKWA:0.5714285714285714	MNKTKLAE:0.42857142857142855	EQMRTGEF:0.42857142857142855	ELSEQMRT:0.42857142857142855	LAEQLKKH:0.42857142857142855	GITEQEAL:0.42857142857142855	QLKKHEGL:0.42857142857142855	LSEQMRTG:0.42857142857142855	LNNDVDYF:0.42857142857142855	LKLKPYTD:0.42857142857142855	TDTVGKLT:0.42857142857142855	KLKPYTDT:0.42857142857142855	VNMAFNLG:0.2857142857142857	PYTDTVGK:0.42857142857142855	DARQNVLV:0.2857142857142857	LVNMAFNL:0.2857142857142857	ALFMLNND:0.42857142857142855	NSKWAKQV:0.2857142857142857	EQEALFML:0.42857142857142855	ITEQEALF:0.42857142857142855	GLKLKPYT:0.42857142857142855	VELSEQMR:0.42857142857142855	TLGIGRNL:0.42857142857142855	GIGRNLED:0.42857142857142855	RNLEDKGI:0.42857142857142855	VGKLTLGI:0.42857142857142855	LTLGIGRN:0.42857142857142855	IGRNLEDK:0.42857142857142855	KLTLGIGR:0.42857142857142855	GRNLEDKG:0.42857142857142855	GKLTLGIG:0.42857142857142855	LGIGRNLE:0.42857142857142855	NLEDKGIT:0.42857142857142855	EEMLNSKW:0.2857142857142857	SEEMLNSK:0.2857142857142857	DVDYFYKK:0.2857142857142857	ASEEMLNS:0.2857142857142857	VATCRFLL:0.2857142857142857	RFLLASEE:0.2857142857142857	GVNGLLSF:0.2857142857142857	FLLASEEM:0.2857142857142857	LNAVATCR:0.2857142857142857	LLSFKNML:0.2857142857142857	NAVATCRF:0.2857142857142857	LGVNGLLS:0.2857142857142857	TCRFLLAS:0.2857142857142857	NDVDYFYK:0.2857142857142857	GLLSFKNM:0.2857142857142857	LSFKNMLN:0.2857142857142857	LLASEEML:0.2857142857142857	SFKNMLNA:0.2857142857142857	EDKGITEQ:0.2857142857142857	ATCRFLLA:0.2857142857142857	NMLNAVAT:0.2857142857142857	KNMLNAVA:0.2857142857142857	AVATCRFL:0.2857142857142857	MLNAVATC:0.2857142857142857	NGLLSFKN:0.2857142857142857	CRFLLASE:0.2857142857142857	LEDKGITE:0.2857142857142857	LASEEMLN:0.2857142857142857	NLDDARQN:0.2857142857142857	KNLDDARQ:0.2857142857142857	FKNMLNAV:0.2857142857142857	VNGLLSFK:0.2857142857142857	AVLINMAF:0.2857142857142857	DSRWAVQV:0.2857142857142857	VGRNLEQR:0.2857142857142857	IGVGRNLE:0.2857142857142857	GVGRNLEQ:0.2857142857142857	GRNLEQRG:0.2857142857142857	SRWAVQVG:0.2857142857142857	
