cluster number:76
GH24:6	GH24:6
TQNEFDAL:0.3333333333333333	NEFDALVS:0.3333333333333333	QNEFDALV:0.3333333333333333	LTQNEFDA:0.3333333333333333	EFDALVSF:0.3333333333333333	RGWPGVRA:0.5	QKLRSIKI:0.3333333333333333	AGAGLRGE:0.3333333333333333	INSGDKRK:0.6666666666666666	EAIVRRGT:0.3333333333333333	EVEQKLRS:0.3333333333333333	MLLLEGRY:0.5	PGVRAAIN:0.5	AAGAGLRG:0.3333333333333333	GLVKRRHD:0.5	NLPSYEAI:0.3333333333333333	LTQNEFNA:0.3333333333333333	IVRRGTHV:0.3333333333333333	EQKLRSIK:0.3333333333333333	GKVLRGLV:0.5	VRAAINSG:0.5	TQNEFNAL:0.3333333333333333	EAMLLLEG:0.6666666666666666	LVSFVYNP:0.5	RSKGKVLR:0.5	SYEAIVRR:0.3333333333333333	VYNPGRGW:0.3333333333333333	IIEEQVRS:0.5	FVYNPGRG:0.3333333333333333	AEVEQKLR:0.3333333333333333	AMLLLEGR:0.5	PGRGWPGV:0.5	SFVYNPGR:0.5	HDEAMLLL:0.5	MRDRSRAE:0.5	NPGRGWPG:0.5	GAGLRGEA:0.3333333333333333	KRRHDEAM:0.5	RRHDEAML:0.5	IEEQVRSK:0.6666666666666666	RAAINSGD:0.5	RIIEEQVR:0.3333333333333333	AAINSGDK:0.5	GVRAAINS:0.5	LPSYEAIV:0.3333333333333333	YEAIVRRG:0.6666666666666666	RDRSRAEV:0.3333333333333333	RAEVEQKL:0.3333333333333333	YNPGRGWP:0.5	EEQVRSKG:0.6666666666666666	NSGDKRKA:0.6666666666666666	EFNALVSF:0.5	KVLRGLVK:0.3333333333333333	AGLRGEAA:0.3333333333333333	QVNLPSYE:0.3333333333333333	WPGVRAAI:0.5	AIVRRGTH:0.3333333333333333	NEFNALVS:0.5	LRGLVKRR:0.3333333333333333	FNALVSFV:0.5	PSYEAIVR:0.3333333333333333	VEQKLRSI:0.3333333333333333	VKRRHDEA:0.5	LLQVNLPS:0.3333333333333333	SKGKVLRG:0.5	QVRSKGKV:0.6666666666666666	DEAMLLLE:0.6666666666666666	VRSKGKVL:0.6666666666666666	VYLTQNEF:0.3333333333333333	VNLPSYEA:0.3333333333333333	RSRAEVEQ:0.3333333333333333	EQVRSKGK:0.6666666666666666	VLRGLVKR:0.3333333333333333	SGDKRKAV:0.5	GRGWPGVR:0.5	AINSGDKR:0.6666666666666666	GLRGEAAR:0.5	NALVSFVY:0.5	GWPGVRAA:0.5	ALVSFVYN:0.5	LVKRRHDE:0.5	DRSRAEVE:0.3333333333333333	YLTQNEFN:0.3333333333333333	KGKVLRGL:0.5	VSFVYNPG:0.5	QNEFNALV:0.5	SRAEVEQK:0.3333333333333333	HVYLTQNE:0.3333333333333333	RGLVKRRH:0.3333333333333333	LQVNLPSY:0.3333333333333333	RHDEAMLL:0.5	EAARRFAQ:0.3333333333333333	ARRFAQDN:0.3333333333333333	GEAARRFA:0.3333333333333333	LPNYEAIV:0.3333333333333333	NLPNYEAI:0.3333333333333333	GKVLQGLV:0.3333333333333333	LQGLVKRR:0.3333333333333333	AARRFAQD:0.3333333333333333	LRGEAARR:0.3333333333333333	KVLQGLVK:0.3333333333333333	PNYEAIVR:0.3333333333333333	NYEAIVRR:0.3333333333333333	RGEAARRF:0.3333333333333333	VLQGLVKR:0.3333333333333333	IVRRGIHV:0.3333333333333333	RLLQVNLP:0.3333333333333333	EAIVRRGI:0.3333333333333333	AIVRRGIH:0.3333333333333333	
