cluster number:69
GH24:175	GH24:175|CBM50:1
EAERALFL:0.34285714285714286	LTRRREAE:0.38857142857142857	AADEFLRW:0.37714285714285717	EATAERLL:0.2	KEFEGCSL:0.21142857142857144	DGKPVKPG:0.21714285714285714	GWTHSVDG:0.2057142857142857	YPDPGTGG:0.29714285714285715	AERLLKTG:0.28	MMIDEATA:0.2	VLNGLTRR:0.28	WTIGYGWT:0.6571428571428571	LVKVKLTQ:0.22857142857142856	LVSFAYNL:0.3942857142857143	RREAERAL:0.34285714285714286	TRRREAER:0.35428571428571426	LNAGDYAG:0.35428571428571426	LIKEFEGC:0.2857142857142857	TGLVGYEN:0.21714285714285714	NGLTRRRE:0.3028571428571429	RLLKTGLV:0.32571428571428573	TLLRKLNA:0.37142857142857144	ALVSFAYN:0.52	REAERALF:0.3485714285714286	TAERLLKT:0.2742857142857143	LNGLTRRR:0.3028571428571429	TQGQFDAL:0.5942857142857143	FLRWNKAG:0.32	VKPGMMID:0.2057142857142857	YAGAADEF:0.32	DEFLRWNK:0.3485714285714286	GKVLNGLT:0.25142857142857145	RRREAERA:0.34285714285714286	EFLRWNKA:0.32	VKLTQGQF:0.2857142857142857	KAGGKVLN:0.2571428571428571	FAYNLGAR:0.22857142857142856	LTAYPDPG:0.22857142857142856	AGDYAGAA:0.33714285714285713	AERALFLS:0.38857142857142857	STLLRKLN:0.4342857142857143	KVKLTQGQ:0.24571428571428572	TIGYGWTH:0.25142857142857145	KLNAGDYA:0.35428571428571426	WTHSVDGK:0.2057142857142857	GYGWTHSV:0.2057142857142857	TGGDPWTI:0.21714285714285714	PVKPGMMI:0.2057142857142857	LLRKLNAG:0.36	FDALVSFA:0.52	VSFAYNLG:0.3942857142857143	GLVGYEND:0.21714285714285714	MIDEATAE:0.2	KPGMMIDE:0.2	AGGKVLNG:0.2571428571428571	HSVDGKPV:0.2057142857142857	ADEFLRWN:0.37714285714285717	LRWNKAGG:0.2914285714285714	IDEATAER:0.2	KPVKPGMM:0.2057142857142857	IGYGWTHS:0.2057142857142857	LTQGQFDA:0.4685714285714286	KVLNGLTR:0.28	DPGTGGDP:0.2057142857142857	PGMMIDEA:0.2	DVSRLVKV:0.2914285714285714	GDPWTIGY:0.2057142857142857	VKVKLTQG:0.2342857142857143	QFDALVSF:0.6628571428571428	DPWTIGYG:0.2057142857142857	GGDPWTIG:0.21714285714285714	LVGYENDV:0.21714285714285714	GQFDALVS:0.6	GLTRRREA:0.38857142857142857	DYAGAADE:0.34285714285714286	GAADEFLR:0.3657142857142857	SFAYNLGA:0.2342857142857143	RKLNAGDY:0.33714285714285713	SVDGKPVK:0.2057142857142857	PGTGGDPW:0.2	GGKVLNGL:0.26857142857142857	LRKLNAGD:0.35428571428571426	DEATAERL:0.2	AGAADEFL:0.28	RWNKAGGK:0.30857142857142855	PWTIGYGW:0.2914285714285714	NAGDYAGA:0.35428571428571426	GMMIDEAT:0.2	VDGKPVKP:0.21714285714285714	NKAGGKVL:0.32	GTGGDPWT:0.21142857142857144	VGYENDVS:0.2	QGQFDALV:0.6057142857142858	GDYAGAAD:0.34285714285714286	THSVDGKP:0.2057142857142857	DALVSFAY:0.5142857142857142	IKEFEGCS:0.21142857142857144	YGWTHSVD:0.2057142857142857	WNKAGGKV:0.3485714285714286	GKPVKPGM:0.21714285714285714	KLTQGQFD:0.29714285714285715	PDPGTGGD:0.2	AYPDPGTG:0.29714285714285715	TAYPDPGT:0.22857142857142856	ERLLKTGL:0.2742857142857143	TIGYGWTQ:0.3314285714285714	SVGVWTIG:0.32	AYQDSVGV:0.32571428571428573	QDSVGVWT:0.32	GYGWTQPV:0.2914285714285714	VWTIGYGW:0.3485714285714286	IGYGWTQP:0.3028571428571429	LSTSTLLR:0.26857142857142857	VGVWTIGY:0.33714285714285713	GVWTIGYG:0.37142857142857144	YQDSVGVW:0.32	STSTLLRK:0.26285714285714284	YGWTQPVD:0.2	DSVGVWTI:0.32	GWTQPVDG:0.2	TSTLLRKL:0.26857142857142857	LLKKLNAG:0.2	STLLKKLN:0.2342857142857143	TLLKKLNA:0.2057142857142857	SLSTSTLL:0.21142857142857144	RSLSTSTL:0.21142857142857144	
