cluster number:40
GH24:26	GH24:26
PAGVPTIG:0.7692307692307693	NAYLCPAG:0.23076923076923078	AYLCPAGV:0.7307692307692307	AGVPTIGY:0.7307692307692307	CPAGVPTI:0.7307692307692307	YLCPAGVP:0.7307692307692307	GVPTIGYG:0.8076923076923077	LCPAGVPT:0.7307692307692307	LPGLVKRR:0.4230769230769231	YLKAYLCP:0.2692307692307692	PGLVKRRA:0.34615384615384615	YEGAAGQF:0.2692307692307692	EGAAGQFG:0.2692307692307692	FVFNLGAG:0.6923076923076923	TLLRLLNQ:0.38461538461538464	DYEGAAGQ:0.2692307692307692	SFVFNLGA:0.6923076923076923	GYGHTAGV:0.6153846153846154	LYLKAYLC:0.2692307692307692	PTIGYGHT:0.6923076923076923	HFEGLYLK:0.23076923076923078	STLLRLLN:0.4230769230769231	VPTIGYGH:0.6923076923076923	TIGYGHTA:0.6153846153846154	EGLYLKAY:0.23076923076923078	GLYLKAYL:0.23076923076923078	LVKRRAAE:0.34615384615384615	IGYGHTAG:0.6153846153846154	FEGLYLKA:0.23076923076923078	GLVKRRAA:0.34615384615384615	KAYLCPAG:0.2692307692307692	LKAYLCPA:0.2692307692307692	RLLNQGDY:0.3076923076923077	FNLGAGAL:0.23076923076923078	VFNLGAGA:0.23076923076923078	LRLLNQGD:0.3076923076923077	LLRLLNQG:0.3076923076923077	QRGALASF:0.4230769230769231	ASFVFNLG:0.4230769230769231	RGALASFV:0.4230769230769231	ALASFVFN:0.4230769230769231	GALASFVF:0.4230769230769231	LVKHFEGL:0.46153846153846156	LASFVFNL:0.4230769230769231	SSFVFNLG:0.23076923076923078	PVCQAAVD:0.23076923076923078	GAAGQFGR:0.38461538461538464	VDLVKHFE:0.23076923076923078	YGHTAGVK:0.2692307692307692	VCQAAVDL:0.23076923076923078	GALSSFVF:0.23076923076923078	LVARRAAE:0.2692307692307692	HTAGVKMG:0.3076923076923077	VKHFEGLY:0.38461538461538464	ALSSFVFN:0.23076923076923078	KTQLPGLV:0.3076923076923077	LPGLVARR:0.2692307692307692	AAVDLVKH:0.23076923076923078	STLLKLLN:0.23076923076923078	QAAVDLVK:0.23076923076923078	KHFEGLYL:0.38461538461538464	PGLVARRA:0.2692307692307692	LSSFVFNL:0.23076923076923078	QRGALSSF:0.2692307692307692	TLLKLLNA:0.23076923076923078	CQAAVDLV:0.23076923076923078	GLVARRAA:0.2692307692307692	DLVKHFEG:0.23076923076923078	RGALSSFV:0.2692307692307692	AVDLVKHF:0.23076923076923078	FNLGAGSL:0.38461538461538464	AAGQFGRW:0.46153846153846156	VFNLGAGS:0.38461538461538464	GHTAGVKM:0.3076923076923077	WVYATVNG:0.5384615384615384	AAQVDKLV:0.2692307692307692	ATVNGVKT:0.23076923076923078	YATVNGVK:0.2692307692307692	AAAQVDKL:0.2692307692307692	TAGVKMGQ:0.23076923076923078	VYATVNGV:0.2692307692307692	QLPGLVKR:0.23076923076923078	VKRRAAEA:0.23076923076923078	RRAAEADL:0.23076923076923078	AAEADLFE:0.23076923076923078	GQFGRWVY:0.38461538461538464	NQGDYEGA:0.23076923076923078	QGDYEGAA:0.23076923076923078	LNQGDYEG:0.23076923076923078	GDYEGAAG:0.23076923076923078	LLNQGDYE:0.23076923076923078	RAAEADLF:0.23076923076923078	QFGRWVYA:0.46153846153846156	RWVYATVN:0.46153846153846156	NLGAGSLQ:0.2692307692307692	FGRWVYAT:0.46153846153846156	GRWVYATV:0.46153846153846156	AGQFGRWV:0.4230769230769231	
