cluster number:171
GH24:6	GH24:6
RVLVDMRF:0.3333333333333333	VDMRFNLG:0.5	LVDMRFNL:0.5	DMRFNLGP:0.3333333333333333	GVGRNLED:0.5	KHEGLRLK:0.3333333333333333	QLIKHEGL:0.3333333333333333	RNLEDKGI:0.3333333333333333	NHKKIADQ:0.3333333333333333	LRLKPYHC:0.5	NLGPNRFR:0.3333333333333333	FDLLPEPV:0.3333333333333333	EGLRLKPY:0.5	FRRFKKMI:0.3333333333333333	KGITEKEA:0.3333333333333333	KPYHCPAG:0.3333333333333333	MNHKKIAD:0.3333333333333333	EMKDSRWY:0.5	RFNLGPNR:0.3333333333333333	DKGITEKE:0.3333333333333333	RLKPYHCP:0.3333333333333333	LKPYHCPA:0.3333333333333333	EDKGITEK:0.3333333333333333	IGVGRNLE:0.6666666666666666	DQLIKHEG:0.3333333333333333	FNLGPNRF:0.3333333333333333	IADQLIKH:0.3333333333333333	KKIADQLI:0.3333333333333333	VLVDMRFN:0.5	PYHCPAGK:0.3333333333333333	MRFNLGPN:0.3333333333333333	HEGLRLKP:0.5	KIADQLIK:0.3333333333333333	KLTIGVGR:0.3333333333333333	IKHEGLRL:0.3333333333333333	GLRLKPYH:0.5	VGRNLEDK:0.3333333333333333	LTIGVGRN:0.5	GRNLEDKG:0.3333333333333333	LIKHEGLR:0.3333333333333333	TIGVGRNL:0.6666666666666666	LEDKGITE:0.3333333333333333	NLEDKGIT:0.3333333333333333	ADQLIKHE:0.3333333333333333	HKKIADQL:0.3333333333333333	MLLKNDIQ:0.3333333333333333	
