cluster number:126
GH24:170	GH24:170
AGVWTSGI:0.6176470588235294	AVVSFAFN:0.2411764705882353	SAGVWTSG:0.5588235294117647	AACRSTLV:0.3941176470588235	GLALIADL:0.3941176470588235	GIGHTAGV:0.788235294117647	SFAFNVGT:0.2411764705882353	PYQCSAGV:0.6294117647058823	GVWTSGIG:0.6176470588235294	YQCSAGVW:0.6647058823529411	AVNLVADV:0.21764705882352942	QCSAGVWT:0.6647058823529411	YDAVVSFA:0.2411764705882353	WTSGIGHT:0.6235294117647059	ADLEGCRL:0.5705882352941176	IADLEGCR:0.5	ALIADLEG:0.3941176470588235	VWTSGIGH:0.6176470588235294	LALIADLE:0.3941176470588235	SGIGHTAG:0.5235294117647059	VVSFAFNV:0.23529411764705882	CSAGVWTS:0.5588235294117647	LIADLEGC:0.5058823529411764	TSGIGHTA:0.5764705882352941	DAVVSFAF:0.2411764705882353	VYDAVVSF:0.3176470588235294	VSFAFNVG:0.38823529411764707	GCRLSPYQ:0.2	DLEGCRLS:0.2	LEGCRLSP:0.2	QACDQLPR:0.2235294117647059	CRLSPYQC:0.2	ACDQLPRW:0.3	EGCRLSPY:0.27647058823529413	AAANLVAD:0.21176470588235294	FAFNVGTG:0.22941176470588234	PVYDAVVS:0.21176470588235294	VGTGAACR:0.37058823529411766	AFNVGTGA:0.23529411764705882	AANLVADV:0.21176470588235294	NVGTGAAC:0.45294117647058824	TGAACRST:0.37058823529411766	GHTAGVKP:0.22941176470588234	FNVGTGAA:0.45294117647058824	IGHTAGVK:0.23529411764705882	IVKRCSVA:0.22941176470588234	GAACRSTL:0.4823529411764706	GTGAACRS:0.37058823529411766	MPQPVYDA:0.27058823529411763	GLENRRAR:0.25882352941176473	LENRRARE:0.25882352941176473	PQPVYDAV:0.20588235294117646	FSFNVGTG:0.20588235294117646	LTRWVYVN:0.22941176470588234	AVLALAAL:0.27647058823529413	QLTRWVYV:0.22941176470588234	SFNVGTGA:0.20588235294117646	CRLTPYQC:0.20588235294117646	VAAVLALA:0.3058823529411765	GCRLTPYQ:0.20588235294117646	ACDQLTRW:0.23529411764705882	TRWVYVNG:0.22941176470588234	LVSFSFNV:0.2	TPYQCSAG:0.2	SFSFNVGT:0.21176470588235294	AAVLALAA:0.2529411764705882	IGHTAGVV:0.3352941176470588	VSFSFNVG:0.2235294117647059	LMPDFRLL:0.22941176470588234	NKGLENRR:0.2	LEGCRLTP:0.2	DLEGCRLT:0.2	NLVADVLN:0.2647058823529412	GHTAGVVP:0.3411764705882353	CDQLTRWV:0.23529411764705882	SVAAVLAL:0.27058823529411763	EGCRLTPY:0.20588235294117646	QACDQLTR:0.23529411764705882	RLTPYQCS:0.2	CSVAAVLA:0.3588235294117647	VYDALVSF:0.2823529411764706	FRLLNTSP:0.20588235294117646	LTPYQCSA:0.2	HTAGVVPK:0.2647058823529412	ACRSTLVS:0.27058823529411763	TSPEGLAL:0.2411764705882353	SPEGLALI:0.21764705882352942	EGLALIAD:0.2235294117647059	PEGLALIA:0.21176470588235294	VKRCSVAA:0.21764705882352942	RCSVAAVL:0.3058823529411765	KRCSVAAV:0.3058823529411765	RWVYVNGV:0.21764705882352942	CDQLPRWV:0.2235294117647059	QLPRWVYV:0.2529411764705882	PRWVYVNG:0.21764705882352942	LPRWVYVN:0.2235294117647059	WTNGIGHT:0.2235294117647059	VWTNGIGH:0.2	
