cluster number:145
GH24:22	GH24:22
YGHTKGVK:0.36363636363636365	QGQFDALC:0.5909090909090909	QQAEAFLH:0.3181818181818182	PWTIGYGH:0.5909090909090909	TQGQFDAL:0.5454545454545454	RLVKVPLT:0.22727272727272727	LVKVPLTQ:0.2727272727272727	ERLVKVPL:0.22727272727272727	PLTQGQFD:0.5	VKVPLTQG:0.45454545454545453	STLLKKLN:0.36363636363636365	ALCSFIFN:0.5909090909090909	TIGYGHTK:0.5	KVPLTQGQ:0.45454545454545453	LTQGQFDA:0.5909090909090909	VKPGQVIT:0.22727272727272727	KKLNAGDY:0.22727272727272727	FDALCSFI:0.6363636363636364	AYPDPATG:0.5454545454545454	LKAYPDPA:0.45454545454545453	QFDALCSF:0.6818181818181818	VPLTQGQF:0.45454545454545453	GQFDALCS:0.5909090909090909	DALCSFIF:0.5909090909090909	KAYPDPAT:0.5	IGYGHTKG:0.36363636363636365	WTIGYGHT:0.9090909090909091	GYGHTKGV:0.36363636363636365	AEAFLHDD:0.22727272727272727	QQWEGLKL:0.2727272727272727	YPDPATGG:0.45454545454545453	ATLERLVK:0.22727272727272727	ATGGIPWT:0.4090909090909091	WEGLKLKA:0.2727272727272727	IPWTIGYG:0.4090909090909091	AYATLERL:0.22727272727272727	EGLKLKAY:0.4090909090909091	QAEAFLHD:0.22727272727272727	TEQQAEAF:0.3181818181818182	QWEGLKLK:0.2727272727272727	GGIPWTIG:0.4090909090909091	VITEQQAE:0.45454545454545453	KLKAYPDP:0.36363636363636365	EQQAEAFL:0.3181818181818182	EAFLHDDL:0.22727272727272727	IQQWEGLK:0.2727272727272727	GIPWTIGY:0.4090909090909091	YATLERLV:0.22727272727272727	LKLKAYPD:0.36363636363636365	PDPATGGI:0.4090909090909091	GLKLKAYP:0.36363636363636365	ITEQQAEA:0.3181818181818182	DPATGGIP:0.4090909090909091	TGGIPWTI:0.4090909090909091	PATGGIPW:0.4090909090909091	FIQQWEGL:0.2727272727272727	GDVITEQQ:0.3181818181818182	TKGVKKGD:0.2727272727272727	FNCGSGNF:0.22727272727272727	KKGDVITE:0.3181818181818182	IFNCGSGN:0.22727272727272727	FSGSTLLK:0.2727272727272727	FIFNCGSG:0.22727272727272727	GSGNFSGS:0.22727272727272727	CGSGNFSG:0.22727272727272727	GNFSGSTL:0.2727272727272727	GHTKGVKK:0.2727272727272727	CSFIFNCG:0.45454545454545453	NFSGSTLL:0.2727272727272727	SFIFNCGS:0.22727272727272727	HTKGVKKG:0.2727272727272727	NCGSGNFS:0.22727272727272727	LCSFIFNC:0.45454545454545453	SGNFSGST:0.22727272727272727	SGSTLLKK:0.2727272727272727	KGVKKGDV:0.22727272727272727	GVKKGDVI:0.3181818181818182	VKKGDVIT:0.3181818181818182	DVITEQQA:0.3181818181818182	KGDVITEQ:0.3181818181818182	CPAGVWTI:0.22727272727272727	AGVWTIGY:0.22727272727272727	GVWTIGYG:0.22727272727272727	VWTIGYGH:0.36363636363636365	PAGVWTIG:0.22727272727272727	ASEQQMFL:0.3181818181818182	SEQQMFLS:0.3181818181818182	RASEQQMF:0.3181818181818182	RRASEQQM:0.3181818181818182	WDKAAGKV:0.22727272727272727	DKAAGKVM:0.22727272727272727	AAGKVMNG:0.2727272727272727	KAAGKVMN:0.2727272727272727	KRRASEQQ:0.22727272727272727	RWDKAAGK:0.22727272727272727	AGKVMNGL:0.2727272727272727	
