cluster number:176
GH24:18	GH24:18
IVNMAFNL:0.3333333333333333	YGQVKSRG:0.2222222222222222	LRTFGIGH:0.2777777777777778	EIIVNMAF:0.2777777777777778	KAQLKVDE:0.2222222222222222	GIGHLIKE:0.2222222222222222	KWYGQVKS:0.3333333333333333	KSRGERLV:0.2222222222222222	AFNLGGRL:0.2777777777777778	NMAFNLGG:0.7222222222222222	DDKIYLDS:0.2222222222222222	KEIIVNMA:0.2777777777777778	IIVNMAFN:0.3333333333333333	FKNLAKAL:0.2222222222222222	VKSRGERL:0.2222222222222222	QVKSRGER:0.2222222222222222	FGIGHLIK:0.2222222222222222	MAFNLGGR:0.2777777777777778	AQLKVDEG:0.2222222222222222	TFGIGHLI:0.7777777777777778	SKWYGQVK:0.2777777777777778	WPSEVKEI:0.2777777777777778	VDRIKAQL:0.2777777777777778	EVKEIIVN:0.2777777777777778	GQVKSRGE:0.2222222222222222	IKAQLKVD:0.2222222222222222	WYGQVKSR:0.3333333333333333	RIKAQLKV:0.2222222222222222	DRIKAQLK:0.3888888888888889	VKEIIVNM:0.2777777777777778	RTFGIGHL:0.2777777777777778	NSKWYGQV:0.2222222222222222	VNMAFNLG:0.7222222222222222	QDRIDSAF:0.2222222222222222	EVDRIKAQ:0.2777777777777778	GLRTFGIG:0.2777777777777778	PEYGKPVG:0.2777777777777778	MVNMAFNL:0.3888888888888889	KEIMVNMA:0.4444444444444444	DPEYGKPV:0.2777777777777778	TWPGEVKE:0.3333333333333333	VKEIMVNM:0.5555555555555556	IMVNMAFN:0.4444444444444444	PGEVKEIM:0.3333333333333333	EIMVNMAF:0.4444444444444444	WPGEVKEI:0.3333333333333333	FGIGHLIT:0.3888888888888889	NDPEYGKP:0.3888888888888889	EYGKPVGT:0.2777777777777778	GEVKEIMV:0.3333333333333333	LTFGIGHL:0.4444444444444444	EVKEIMVN:0.5555555555555556	GYKTVIYR:0.2222222222222222	YGKPAGTH:0.2777777777777778	GLRNFHNF:0.2222222222222222	THNDPEYG:0.2222222222222222	GKPAGTHV:0.2777777777777778	LRNFHNFI:0.2222222222222222	FPHCSSLP:0.2222222222222222	GGLRNFHN:0.2222222222222222	KPAGTHVS:0.2777777777777778	FHSIFPHC:0.2222222222222222	LVARMRAV:0.2777777777777778	SIFPHCSS:0.2222222222222222	HNDPEYGK:0.2222222222222222	PAGTHVST:0.2777777777777778	EGYKTVIY:0.2222222222222222	YASAEKRF:0.2222222222222222	YLTFGIGH:0.2777777777777778	VRLVARMR:0.2777777777777778	NWSKAADE:0.2222222222222222	HSIFPHCS:0.2222222222222222	SSLPREVK:0.2222222222222222	AEKRFLNN:0.2222222222222222	VNTFHSIF:0.2222222222222222	DSIKAQLK:0.2222222222222222	NTFHSIFP:0.2222222222222222	AVNSHNWS:0.2222222222222222	GYLTFGIG:0.2777777777777778	SHNWSKAA:0.2222222222222222	RLVARMRA:0.2777777777777778	REVKEIIV:0.2222222222222222	NLGGGLRN:0.2222222222222222	HNWSKAAD:0.2222222222222222	CSSLPREV:0.2222222222222222	SAFQSDFT:0.2222222222222222	HCSSLPRE:0.2222222222222222	AVNTFHSI:0.2222222222222222	IDSAFQSD:0.2222222222222222	GGGLRNFH:0.2222222222222222	MAFNLGGG:0.2222222222222222	VNSHNWSK:0.2222222222222222	SLPREVKE:0.2222222222222222	EYGKPAGT:0.2777777777777778	RIDSAFQS:0.2222222222222222	PHCSSLPR:0.2222222222222222	TFHSIFPH:0.2222222222222222	LPREVKEI:0.2222222222222222	SAEKRFLN:0.2222222222222222	SIKAQLKI:0.2777777777777778	FNLGGGLR:0.2222222222222222	WSKAADEM:0.2222222222222222	DSAFQSDF:0.2222222222222222	ASAEKRFL:0.2222222222222222	PREVKEII:0.2222222222222222	LGGGLRNF:0.2222222222222222	KTVIYRDS:0.2222222222222222	NSHNWSKA:0.2222222222222222	YKTVIYRD:0.2222222222222222	DPEYGKPA:0.2777777777777778	PEYGKPAG:0.2777777777777778	AFNLGGGL:0.2222222222222222	IFPHCSSL:0.2222222222222222	KAQLKIDE:0.2222222222222222	AQLKIDEG:0.2222222222222222	KIYLDSLG:0.3333333333333333	
