cluster number:123
GH24:13	GH24:13
LPGLVKRR:0.23076923076923078	TICRGHTK:0.3076923076923077	AGDRVGAC:0.3076923076923077	VPLNKNEL:0.38461538461538464	TTVPLNKN:0.38461538461538464	RYEAYPDP:0.23076923076923078	ELPRWVYA:0.46153846153846156	YFEGTRYE:0.23076923076923078	VFNVGAGN:0.38461538461538464	TRYEAYPD:0.23076923076923078	AEQKLCLT:0.23076923076923078	AYPDPVHG:0.23076923076923078	CRGHTKGV:0.3076923076923077	EAYPDPVH:0.23076923076923078	VPTICRGH:0.3076923076923077	PTICRGHT:0.3076923076923077	KLNAGDRV:0.23076923076923078	NAGDRVGA:0.23076923076923078	AALVAAAL:0.3076923076923077	LPRWVYAK:0.38461538461538464	CNELPRWV:0.46153846153846156	LLRKLNAG:0.23076923076923078	LNAGDRVG:0.23076923076923078	YPDPVHGW:0.23076923076923078	FNVGAGNF:0.38461538461538464	GACNELPR:0.46153846153846156	RVGACNEL:0.23076923076923078	VGACNELP:0.23076923076923078	GTRYEAYP:0.23076923076923078	ICRGHTKG:0.3076923076923077	GDRVGACN:0.23076923076923078	TAALVAAA:0.23076923076923078	PLNKNELA:0.38461538461538464	DFVFNVGA:0.38461538461538464	RKLNAGDR:0.3076923076923077	EGTRYEAY:0.23076923076923078	LRKLNAGD:0.3076923076923077	YEAYPDPV:0.23076923076923078	DRVGACNE:0.23076923076923078	LNKNELAA:0.38461538461538464	AYFEGTRY:0.23076923076923078	FVFNVGAG:0.46153846153846156	NELPRWVY:0.46153846153846156	ACNELPRW:0.46153846153846156	FEGTRYEA:0.23076923076923078	YTTVPLNK:0.23076923076923078	TVPLNKNE:0.38461538461538464	KLPGLVKR:0.3076923076923077	NKNELAAY:0.38461538461538464	AAYTDFVF:0.38461538461538464	TDFVFNVG:0.5384615384615384	YTDFVFNV:0.5384615384615384	ELAAYTDF:0.38461538461538464	AYTDFVFN:0.5384615384615384	NELAAYTD:0.38461538461538464	LAAYTDFV:0.38461538461538464	KNELAAYT:0.23076923076923078	
