cluster number:127
GH24:11	GH24:11
EGERFKPY:0.5454545454545454	ITIGVGRN:0.5454545454545454	TLDAVRQR:0.45454545454545453	QVGQRALR:0.36363636363636365	YAAAANEM:0.2727272727272727	TVGKITIG:0.6363636363636364	DGGISQSE:0.5454545454545454	LPWWRTLD:0.45454545454545453	RALRLANM:0.36363636363636365	GRNLTDGG:0.5454545454545454	PWWRTLDA:0.36363636363636365	NLGGNLLT:0.36363636363636365	AAAANEML:0.2727272727272727	ERFKPYFD:0.5454545454545454	ELKRDEGE:0.5454545454545454	FKPYFDTV:0.5454545454545454	RVLIHMAF:0.36363636363636365	GERFKPYF:0.5454545454545454	GGISQSEC:0.45454545454545453	KITIGVGR:0.5454545454545454	RTLDAVRQ:0.45454545454545453	LGGNLLTF:0.36363636363636365	ALRLANMM:0.36363636363636365	RLANMMRT:0.45454545454545453	AANEMLAS:0.2727272727272727	MQRNDYAA:0.2727272727272727	RFKPYFDT:0.5454545454545454	LIHMAFNL:0.36363636363636365	KPYFDTVG:0.6363636363636364	IGVGRNLT:0.8181818181818182	SKWATQVG:0.36363636363636365	KRDEGERF:0.5454545454545454	LRLANMMR:0.36363636363636365	DEGERFKP:0.5454545454545454	RNDYAAAA:0.2727272727272727	LKRDEGER:0.5454545454545454	ANEMLASK:0.2727272727272727	GISQSECE:0.45454545454545453	GQRALRLA:0.36363636363636365	HMAFNLGG:0.36363636363636365	NEMLASKW:0.2727272727272727	VLIHMAFN:0.36363636363636365	VRQRVLIH:0.36363636363636365	NDYAAAAN:0.2727272727272727	QRNDYAAA:0.2727272727272727	LDAVRQRV:0.6363636363636364	VGRNLTDG:0.5454545454545454	LANMMRTG:0.45454545454545453	DAVRQRVL:0.45454545454545453	LTDGGISQ:0.5454545454545454	RNLTDGGI:0.5454545454545454	ASKWATQV:0.36363636363636365	VGKITIGV:0.5454545454545454	WWRTLDAV:0.45454545454545453	MLASKWAT:0.36363636363636365	VGQRALRL:0.36363636363636365	AELKRDEG:0.2727272727272727	AMQRNDYA:0.2727272727272727	QRVLIHMA:0.36363636363636365	PYFDTVGK:0.6363636363636364	GKITIGVG:0.5454545454545454	SQSECEIL:0.2727272727272727	LASKWATQ:0.36363636363636365	MAFNLGGN:0.36363636363636365	ISQSECEI:0.2727272727272727	IHMAFNLG:0.36363636363636365	TDGGISQS:0.5454545454545454	QRALRLAN:0.36363636363636365	RQRVLIHM:0.36363636363636365	QSECEILL:0.2727272727272727	EMLASKWA:0.2727272727272727	GVGRNLTD:0.8181818181818182	TIGVGRNL:0.8181818181818182	DTVGKITI:0.6363636363636364	WRTLDAVR:0.45454545454545453	FDTVGKIT:0.6363636363636364	FNLGGNLL:0.36363636363636365	RDEGERFK:0.5454545454545454	AVRQRVLI:0.45454545454545453	AFNLGGNL:0.36363636363636365	YFDTVGKI:0.6363636363636364	NLTDGGIS:0.5454545454545454	LDRHLPWW:0.36363636363636365	KTTIGVGR:0.2727272727272727	NGMLASKW:0.36363636363636365	DRHLPWWR:0.36363636363636365	RGDYEAAA:0.2727272727272727	AANGMLAS:0.36363636363636365	GDYEAAAN:0.2727272727272727	QRGDYEAA:0.2727272727272727	TTIGVGRN:0.2727272727272727	ANGMLASK:0.36363636363636365	AAANGMLA:0.36363636363636365	WLDRHLPW:0.36363636363636365	GMLASKWA:0.36363636363636365	WANQVGQR:0.2727272727272727	HNDIARTL:0.36363636363636365	ANMMRTGK:0.2727272727272727	MTDTFDRA:0.2727272727272727	ARTLRWLD:0.36363636363636365	RTLRWLDR:0.36363636363636365	ANQVGQRA:0.2727272727272727	NDIARTLR:0.36363636363636365	ILLHNDIA:0.2727272727272727	IARTLRWL:0.36363636363636365	LASKWANQ:0.2727272727272727	SKWANQVG:0.36363636363636365	DIARTLRW:0.36363636363636365	KWANQVGQ:0.2727272727272727	SELKRDEG:0.2727272727272727	LHNDIART:0.36363636363636365	NMMRTGKI:0.2727272727272727	LLHNDIAR:0.36363636363636365	MLASKWAN:0.2727272727272727	ASKWANQV:0.2727272727272727	EILLHNDI:0.2727272727272727	TLRWLDRH:0.2727272727272727	LRWLDRHL:0.2727272727272727	
