cluster number:162
GH24:14	GH24:14
MKFKKMWE:0.21428571428571427	HEGFRDTV:0.21428571428571427	NLDKASAE:0.21428571428571427	RCESLASI:0.21428571428571427	ESLASIMK:0.21428571428571427	LASIMKNA:0.21428571428571427	GYGHLVLP:0.6428571428571429	LGFATIGY:0.7142857142857143	TLEEVFDN:0.21428571428571427	ARELLRDI:0.21428571428571427	FQLGKPRV:0.42857142857142855	TVYSDSLG:0.2857142857142857	SIMKNANK:0.21428571428571427	ETLEEVFD:0.21428571428571427	SDSLGFAT:0.5	ASAEMIDS:0.21428571428571427	EMIDSNWH:0.35714285714285715	EEVFDNDF:0.21428571428571427	AEMIDSNW:0.21428571428571427	VIVEMCFQ:0.21428571428571427	KRCESLAS:0.21428571428571427	SLGFATIG:0.7142857142857143	GKPRVMKF:0.2857142857142857	SAEMIDSN:0.21428571428571427	ATIGYGHL:0.7142857142857143	FGVIVEMC:0.21428571428571427	RVMKFKKM:0.21428571428571427	SARELLRD:0.21428571428571427	LLRDIEHN:0.21428571428571427	QTTKRCES:0.21428571428571427	LEEVFDND:0.21428571428571427	SLASIMKN:0.21428571428571427	LRDIEHNH:0.21428571428571427	TKRCESLA:0.21428571428571427	HKQTTKRC:0.35714285714285715	FDNDFKIA:0.21428571428571427	PRVMKFKK:0.21428571428571427	TYDKETLE:0.21428571428571427	YSDSLGFA:0.5	EVFDNDFK:0.21428571428571427	DSLGFATI:0.7142857142857143	CESLASIM:0.21428571428571427	VFDNDFKI:0.21428571428571427	RDTVYSDS:0.21428571428571427	KNLDKASA:0.21428571428571427	RDIEHNHI:0.21428571428571427	FATIGYGH:0.7142857142857143	QLGKPRVM:0.2857142857142857	GFRDTVYS:0.21428571428571427	MCFQLGKP:0.42857142857142855	VYSDSLGF:0.5	KASAEMID:0.21428571428571427	TTKRCESL:0.21428571428571427	TIGYGHLV:0.8571428571428571	CFQLGKPR:0.42857142857142855	YDKETLEE:0.21428571428571427	LDKASAEM:0.21428571428571427	DKETLEEV:0.21428571428571427	DTVYSDSL:0.21428571428571427	RELLRDIE:0.21428571428571427	LGKPRVMK:0.2857142857142857	DKASAEMI:0.21428571428571427	IVEMCFQL:0.21428571428571427	EGFRDTVY:0.21428571428571427	NWHKQTTK:0.2857142857142857	FRDTVYSD:0.21428571428571427	VMKFKKMW:0.21428571428571427	KETLEEVF:0.21428571428571427	GVIVEMCF:0.21428571428571427	KQTTKRCE:0.35714285714285715	FKKMWEAL:0.35714285714285715	WHKQTTKR:0.35714285714285715	KFKKMWEA:0.35714285714285715	VEMCFQLG:0.21428571428571427	DSARELLR:0.21428571428571427	SNWHKQTT:0.35714285714285715	ELLRDIEH:0.21428571428571427	MIDSNWHK:0.35714285714285715	EMCFQLGK:0.5	DSNWHKQT:0.42857142857142855	GFATIGYG:0.7142857142857143	IDSNWHKQ:0.35714285714285715	ASIMKNAN:0.21428571428571427	KPRVMKFK:0.2857142857142857	IGYGHLVL:0.8571428571428571	EKNLDKAS:0.21428571428571427	RIKQHEGF:0.35714285714285715	IKERIKQH:0.2857142857142857	NFVEGVEY:0.2857142857142857	DNFVEGVE:0.2857142857142857	SKEELDAV:0.21428571428571427	YSKEELDA:0.21428571428571427	AADEMIDS:0.21428571428571427	TDNFVEGV:0.2857142857142857	FVEGVEYS:0.21428571428571427	CEMCFQLG:0.21428571428571427	VEYSKEEL:0.21428571428571427	KQHEGFRR:0.21428571428571427	ERIKQHEG:0.35714285714285715	GVEYSKEE:0.21428571428571427	IKQHEGFR:0.35714285714285715	KEELDAVF:0.21428571428571427	EGVEYSKE:0.21428571428571427	EYSKEELD:0.21428571428571427	KERIKQHE:0.35714285714285715	VEGVEYSK:0.21428571428571427	PTDNFVEG:0.21428571428571427	VLPTDNFV:0.21428571428571427	HLVLPTDN:0.21428571428571427	YGHLVLPT:0.21428571428571427	GHLVLPTD:0.21428571428571427	LPTDNFVE:0.21428571428571427	LVLPTDNF:0.21428571428571427	GVSKFKKM:0.21428571428571427	IEMVFQLG:0.21428571428571427	VSKFKKMW:0.35714285714285715	SKFKKMWE:0.2857142857142857	IYKDSLGF:0.21428571428571427	GGVSKFKK:0.21428571428571427	YKDSLGFA:0.21428571428571427	IIEMVFQL:0.21428571428571427	KDSLGFAT:0.21428571428571427	HEGFRRSV:0.21428571428571427	PRVSKFKK:0.21428571428571427	GFRRSVYS:0.21428571428571427	FRRSVYSD:0.21428571428571427	SVYSDSLG:0.21428571428571427	RRSVYSDS:0.21428571428571427	EGFRRSVY:0.21428571428571427	QHEGFRRS:0.21428571428571427	RSVYSDSL:0.21428571428571427	
