cluster number:15
GH24:11	GH24:11
PELFDALV:0.5454545454545454	SVNFQLGT:0.7272727272727273	VNFQLGTA:0.8181818181818182	AETWLEND:0.2727272727272727	PVRVRDLQ:0.6363636363636364	GYGHLQRP:0.2727272727272727	TKKFPKTW:0.5454545454545454	DLQRALWR:0.6363636363636364	RVRDLQRA:0.6363636363636364	LPFCTPEL:0.5454545454545454	WTKKFPKT:0.5454545454545454	LVSVNFQL:0.9090909090909091	AAWEAEDS:0.5454545454545454	TPVRVRDL:0.6363636363636364	ITLARAET:0.5454545454545454	FCTPELFD:0.5454545454545454	VSVNFQLG:0.9090909090909091	KFPKTWNL:0.45454545454545453	QLGTAWTK:0.5454545454545454	QTPVRVRD:0.8181818181818182	CTPELFDA:0.5454545454545454	PKTWNLLK:0.45454545454545453	DALVSVNF:0.5454545454545454	GEDGPITL:0.5454545454545454	ARAETWLE:0.5454545454545454	LQRALWRA:0.6363636363636364	KQTPVRVR:0.8181818181818182	VRDLQRAL:0.6363636363636364	RALWRAST:0.5454545454545454	AKQTPVRV:0.6363636363636364	LARAETWL:0.5454545454545454	PGEDGPIT:0.5454545454545454	KKFPKTWN:0.45454545454545453	AWTKKFPK:0.5454545454545454	WAKQTPVR:0.6363636363636364	ETWLENDS:0.2727272727272727	WTGGYGHL:0.2727272727272727	FQLGTAWT:0.7272727272727273	LFDALVSV:0.5454545454545454	LGTAWTKK:0.5454545454545454	DGPITLAR:0.5454545454545454	GPITLARA:0.5454545454545454	TGGYGHLQ:0.5454545454545454	GTAWTKKF:0.5454545454545454	FDALVSVN:0.5454545454545454	ALVSVNFQ:0.5454545454545454	RAETWLEN:0.2727272727272727	TAWTKKFP:0.5454545454545454	EDGPITLA:0.5454545454545454	PITLARAE:0.5454545454545454	FPKTWNLL:0.45454545454545453	VRVRDLQR:0.6363636363636364	PFCTPELF:0.5454545454545454	ELFDALVS:0.5454545454545454	TPELFDAL:0.5454545454545454	QRALWRAS:0.6363636363636364	RDLQRALW:0.6363636363636364	NFQLGTAW:0.8181818181818182	TLARAETW:0.5454545454545454	AAYDAAQG:0.36363636363636365	LKWYKDSL:0.6363636363636364	SLWAKQTP:0.45454545454545453	DAAQGQVS:0.36363636363636365	EDSLWAKQ:0.36363636363636365	EAAWEAED:0.36363636363636365	ASTVGDKV:0.36363636363636365	SQLPFCTP:0.36363636363636365	EAEDSLWA:0.36363636363636365	DSLWAKQT:0.36363636363636365	GRFDEAAW:0.36363636363636365	YDAAQGQV:0.36363636363636365	AWEAEDSL:0.36363636363636365	GYGHLQLP:0.36363636363636365	SGRFDEAA:0.36363636363636365	DSKAAYDA:0.36363636363636365	RASTVGDK:0.36363636363636365	LWAKQTPV:0.45454545454545453	WYKDSLGK:0.6363636363636364	VLKWYKDS:0.6363636363636364	VSQLPFCT:0.36363636363636365	QGQVSQLP:0.36363636363636365	ALWRASTV:0.36363636363636365	LQLPGEDG:0.36363636363636365	GQVSQLPF:0.36363636363636365	QLPGEDGP:0.36363636363636365	NLLKSGRF:0.36363636363636365	KAAYDAAQ:0.36363636363636365	LKSGRFDE:0.36363636363636365	HLQLPGED:0.36363636363636365	AEDSLWAK:0.36363636363636365	QVSQLPFC:0.36363636363636365	QLPFCTPE:0.36363636363636365	WEAEDSLW:0.36363636363636365	KTWNLLKS:0.36363636363636365	RFDEAAWE:0.36363636363636365	GGYGHLQL:0.36363636363636365	SKAAYDAA:0.36363636363636365	GHLQLPGE:0.36363636363636365	WRASTVGD:0.36363636363636365	AAQGQVSQ:0.36363636363636365	FDEAAWEA:0.36363636363636365	WNLLKSGR:0.36363636363636365	KSGRFDEA:0.36363636363636365	LWRASTVG:0.36363636363636365	DEAAWEAE:0.36363636363636365	KWYKDSLG:0.6363636363636364	YGHLQLPG:0.36363636363636365	AYDAAQGQ:0.36363636363636365	LLKSGRFD:0.36363636363636365	LPGEDGPI:0.36363636363636365	MVLKWYKD:0.2727272727272727	STVGDKVV:0.36363636363636365	TWNLLKSG:0.36363636363636365	AQGQVSQL:0.36363636363636365	TWLEKDSK:0.2727272727272727	LVLKWYKD:0.36363636363636365	EGLVLKWY:0.45454545454545453	EKDSKAAY:0.2727272727272727	ETWLEKDS:0.2727272727272727	KDSKAAYD:0.2727272727272727	REGLVLKW:0.45454545454545453	WLEKDSKA:0.2727272727272727	GLVLKWYK:0.36363636363636365	RAETWLEK:0.2727272727272727	RREGLVLK:0.2727272727272727	LEKDSKAA:0.2727272727272727	KRREGLVL:0.2727272727272727	AETWLEKD:0.2727272727272727	LGKLTAGY:0.2727272727272727	SLGKLTAG:0.2727272727272727	DSLGKLTA:0.2727272727272727	LTAGYGHL:0.2727272727272727	TAGYGHLQ:0.2727272727272727	KLTAGYGH:0.2727272727272727	GKLTAGYG:0.2727272727272727	KDSLGKLT:0.2727272727272727	YKDSLGKL:0.2727272727272727	
