cluster number:140
GH24:12	GH24:12
VSFTFNVG:0.5833333333333334	LVSFTFNV:0.5	DALVSFTF:0.5	FDALVSFT:0.5	ALVSFTFN:0.5	GGKVLPGL:0.25	CSSTLVRK:0.25	TLVRKLNA:0.3333333333333333	PTICTGHT:0.25	MCSSTLVR:0.25	AYADPALG:0.25	TICTGHTG:0.25	SSTLVRKL:0.25	YADPALGW:0.3333333333333333	AMCSSTLV:0.25	VRKLNAGD:0.25	STLVRKLN:0.4166666666666667	QFDALVSF:0.4166666666666667	TAMCSSTL:0.25	GKVLPGLT:0.25	LVRKLNAG:0.25	TICDGHTG:0.25	DPALGWKV:0.25	GWKVPTIC:0.25	CDGHTGPD:0.25	ADPALGWK:0.25	PALGWKVP:0.25	PTICDGHT:0.25	VPTICDGH:0.25	TGPDVYRG:0.25	ICDGHTGP:0.25	GHTGPDVY:0.25	GPDVYRGQ:0.25	HTGPDVYR:0.25	LGWKVPTI:0.25	ALGWKVPT:0.25	DGHTGPDV:0.25	SFTFNVGS:0.25	NQFDALVS:0.25	LSQNQFDA:0.25	QNQFDALV:0.25	SQNQFDAL:0.25	
