cluster number:100
GH24:65	GH24:65
GLIERRQK:0.2	LIERRQKE:0.2	ITFNVGCG:0.36923076923076925	PQGAFDAL:0.27692307692307694	LKGLIERR:0.2	QFERWIYA:0.2153846153846154	KGLIERRQ:0.2	IERRQKEK:0.2	MPQGAFDA:0.27692307692307694	SITFNVGC:0.5384615384615384	TFNVGCGK:0.26153846153846155	FNVGCGKL:0.2153846153846154	IRREKEKA:0.3230769230769231	LTVGIGST:0.5538461538461539	EKEKALCL:0.4307692307692308	EIRREKEK:0.24615384615384617	RGLEIRRE:0.3076923076923077	DVLTVGIG:0.5538461538461539	VSITFNVG:0.49230769230769234	LEIRREKE:0.3384615384615385	VLTVGIGS:0.5538461538461539	LRGLEIRR:0.46153846153846156	REKEKALC:0.4307692307692308	RREKEKAL:0.4307692307692308	GLEIRREK:0.3384615384615385	CPADVLTV:0.4461538461538462	PADVLTVG:0.4461538461538462	LEIIGNAE:0.24615384615384617	ADVLTVGI:0.4307692307692308	GLEIIGNA:0.24615384615384617	IIGNAEGC:0.4307692307692308	TVGIGSTE:0.6	EIIGNAEG:0.36923076923076925	KEKALCLA:0.26153846153846155	EGCRRDPY:0.2923076923076923	NAEGCRRD:0.2153846153846154	GNAEGCRR:0.24615384615384617	IGNAEGCR:0.24615384615384617	AEGCRRDP:0.2153846153846154	QCPADVLT:0.26153846153846155	PYQCPADV:0.26153846153846155	YQCPADVL:0.26153846153846155	KKLRGLEI:0.26153846153846155	GKKLRGLE:0.26153846153846155	KLRGLEIR:0.26153846153846155	GAFDALVS:0.2	AFDALVSI:0.2	QGAFDALV:0.2	FDALVSIT:0.2	CPANVLTV:0.2	TFNAGCGT:0.2	PANVLTVG:0.2	GIGSTEAS:0.2153846153846154	VGIGSTEA:0.27692307692307694	ANVLTVGI:0.2153846153846154	NVLTVGIG:0.2153846153846154	KIDRNKIY:0.2	VEKIDRNK:0.2	LIGNAEGC:0.2	EKIDRNKI:0.2	AVEKIDRN:0.2	
