cluster number:16
GH24:75	GH24:75
VRKTDQQI:0.29333333333333333	SITFNAGC:0.3466666666666667	TDGIGNTH:0.6933333333333334	DGIGNTHG:0.6533333333333333	ITFNAGCA:0.21333333333333335	LIGNAEGC:0.5066666666666667	TDQQIAAD:0.37333333333333335	VLTDGIGN:0.28	AGLELIGN:0.3466666666666667	EGCRRDPY:0.44	NAEGCRRD:0.4266666666666667	ELIGNAEG:0.4533333333333333	DQQIAADW:0.38666666666666666	RKTDQQIA:0.36	GNAEGCRR:0.44	LTDGIGNT:0.36	IGNAEGCR:0.4666666666666667	AEGCRRDP:0.44	LELIGNAE:0.8	IGNTHGVK:0.38666666666666666	GIGNTHGV:0.6533333333333333	GVRKTDQQ:0.29333333333333333	KTDQQIAA:0.37333333333333335	GLELIGNA:0.8	RRDPYVCP:0.38666666666666666	RDPYVCPA:0.41333333333333333	AVTSITFN:0.22666666666666666	CPAGVLTD:0.32	DPYVCPAG:0.32	QIAADWEK:0.32	CRRDPYVC:0.38666666666666666	ADWEKNIL:0.32	IAADWEKN:0.3333333333333333	AADWEKNI:0.3333333333333333	PYVCPAGV:0.29333333333333333	VCPAGVLT:0.29333333333333333	PAGVLTDG:0.32	YVCPAGVL:0.29333333333333333	TSITFNAG:0.21333333333333335	NTHGVKPG:0.22666666666666666	FSAMTSAA:0.24	GNTHGVKP:0.22666666666666666	SAMTSAAF:0.24	VWTDGIGN:0.3466666666666667	WTDGIGNT:0.3466666666666667	CPAGVWTD:0.2	GNTHGVTP:0.2	DFVNSNGV:0.2	YYSKARGM:0.2	GVWTDGIG:0.2	NQHFRGKD:0.2	RCINQHFR:0.2	DWEKNILI:0.2	QQIAADWE:0.2	WEKNILIA:0.2	AAFNMGCN:0.2	LIAERCIN:0.2	GVTPGVRK:0.2	SKARGMRV:0.2	YSKARGMR:0.2	INQHFRGK:0.2	TSIHKWAQ:0.21333333333333335	EKNILIAE:0.2	PGVRKTDQ:0.2	GMRVETSI:0.2	HFRGKDMP:0.2	SAAFNMGC:0.22666666666666666	AMTSAAFN:0.22666666666666666	AAGGGAIC:0.2	HKWAQKGE:0.2	MTSAAFNM:0.22666666666666666	LPDFVNSN:0.2	MKGKTAAG:0.2	ERCINQHF:0.2	NMCNHLPD:0.21333333333333335	PDNAFSAM:0.2	IGNTHGVT:0.2	RVETSIHK:0.2	TSAAFNMG:0.22666666666666666	NAFSAMTS:0.2	MCNHLPDF:0.22666666666666666	AGGGAICA:0.2	KDMPDNAF:0.2	RGKDMPDN:0.2	IHKWAQKG:0.2	MPDNAFSA:0.2	AFSAMTSA:0.2	HLPDFVNS:0.2	MRVETSIH:0.2	ILIAERCI:0.2	KNILIAER:0.2	GKDMPDNA:0.2	DMPDNAFS:0.2	NGNVRTNQ:0.2	RGMRVETS:0.2	GKTAAGGG:0.2	SIHKWAQK:0.2	KTAAGGGA:0.2	NVRTNQAG:0.2	CINQHFRG:0.2	LRTYYSKA:0.2	KARGMRVE:0.2	KGKTAAGG:0.2	HGVTPGVR:0.2	KWAQKGEW:0.2	DNAFSAMT:0.2	NILIAERC:0.2	ERQLCLTG:0.2	TAAGGGAI:0.2	GNGNVRTN:0.2	CNHLPDFV:0.22666666666666666	IAERCINQ:0.2	QHFRGKDM:0.2	PAGVWTDG:0.2	GGGAICAI:0.2	NTHGVTPG:0.2	VETSIHKW:0.2	THGVTPGV:0.2	PDFVNSNG:0.2	RTYYSKAR:0.2	GGAICAIA:0.2	NHLPDFVN:0.22666666666666666	AERCINQH:0.2	AGVWTDGI:0.2	GNVRTNQA:0.2	ARGMRVET:0.2	ETSIHKWA:0.2	TYYSKARG:0.2	FRGKDMPD:0.2	VLPGLVTR:0.25333333333333335	AESCRRDP:0.30666666666666664	ESCRRDPY:0.30666666666666664	GNAESCRR:0.32	RGLELIGN:0.3466666666666667	LIGNAESC:0.3333333333333333	NAESCRRD:0.30666666666666664	IGNAESCR:0.32	ELIGNAES:0.32	SCRRDPYV:0.28	ERGLELIG:0.32	RTNERGLE:0.26666666666666666	AGHVRTNE:0.2	TNERGLEL:0.26666666666666666	NAGHVRTN:0.2	NERGLELI:0.26666666666666666	VRTNERGL:0.29333333333333333	HVRTNERG:0.21333333333333335	GHVRTNER:0.21333333333333335	
