cluster number:156
GH24:6	GH24:6
ALVSFVFN:0.8333333333333334	LVRRREAE:1.0	LAGLVRRR:0.3333333333333333	LVSFVFNL:0.8333333333333334	IKHFEGLR:0.5	VSFVFNLG:0.8333333333333334	CSANVWTI:0.5	SANVWTIG:0.5	LLKKLNAG:0.6666666666666666	QCSANVWT:0.5	GLVRRREA:1.0	NVWTIGYG:0.5	YQCSANVW:0.6666666666666666	FDALVSFV:0.8333333333333334	LKKLNAGD:0.6666666666666666	GYGHTAGV:0.5	VWTIGYGH:0.5	KHFEGLRL:0.5	AGLVRRRE:0.3333333333333333	KKLNAGDY:0.5	DALVSFVF:0.8333333333333334	QFDALVSF:0.8333333333333334	TIGYGHTA:0.5	AYQCSANV:0.6666666666666666	LIKHFEGL:0.5	IGYGHTAG:0.5	ANVWTIGY:0.5	WTIGYGHT:0.6666666666666666	PGLVRRRE:0.6666666666666666	VRRREAER:0.3333333333333333	NQFDALVS:0.6666666666666666	RAYQCSAN:0.5	TQNQFDAL:0.6666666666666666	QNQFDALV:0.6666666666666666	LTQNQFDA:0.6666666666666666	AGDYDGAA:0.3333333333333333	VNGLKLIK:0.3333333333333333	MIIDVNGL:0.3333333333333333	KLIKHFEG:0.3333333333333333	FLRQDVAE:0.3333333333333333	LRAYQCSA:0.3333333333333333	KLNAGDYD:0.3333333333333333	GPDDVITE:0.3333333333333333	RLRAYQCS:0.3333333333333333	ISFLRQDV:0.3333333333333333	ERAVNQYV:0.3333333333333333	FRTSTLLK:0.5	GDYDGAAQ:0.3333333333333333	VGNFRTST:0.5	AQEFGRWI:0.5	HVPLTQNQ:0.5	ALPGLVRR:0.5	LKLIKHFE:0.3333333333333333	YDGAAQEF:0.3333333333333333	QDVAESER:0.5	RWIHAGGK:0.5	SERAVNQY:0.3333333333333333	LRQDVAES:0.5	DVAESERA:0.5	VGPDDVIT:0.3333333333333333	QEFGRWIH:0.5	VAESERAV:0.5	VFNLGVGN:0.5	HAGGKALP:0.5	NGLKLIKH:0.3333333333333333	YGHTAGVG:0.3333333333333333	AESERAVN:0.5	GLKLIKHF:0.3333333333333333	GLRLRAYQ:0.3333333333333333	RREAESAL:0.3333333333333333	GHTAGVGP:0.3333333333333333	SFVFNLGV:0.5	LGVGNFRT:0.5	NFRTSTLL:0.5	TAGVGPDD:0.3333333333333333	STLLKKLN:0.5	RRREAESA:0.3333333333333333	RTSTLLKK:0.5	VHVPLTQN:0.5	AAQEFGRW:0.5	REAESALF:0.3333333333333333	FNLGVGNF:0.5	QAISFLRQ:0.3333333333333333	EFGRWIHA:0.5	GNFRTSTL:0.5	LNAGDYDG:0.3333333333333333	NLGVGNFR:0.5	TSTLLKKL:0.5	QYVHVPLT:0.3333333333333333	FVFNLGVG:0.5	GGKALPGL:0.5	DYDGAAQE:0.3333333333333333	KALPGLVR:0.5	DGAAQEFG:0.5	AISFLRQD:0.3333333333333333	DVNGLKLI:0.3333333333333333	YVHVPLTQ:0.5	IIDVNGLK:0.3333333333333333	AESALFLK:0.3333333333333333	VNQYVHVP:0.3333333333333333	GRWIHAGG:0.5	GKALPGLV:0.5	TLLKKLNA:0.5	EGLRLRAY:0.3333333333333333	PLTQNQFD:0.5	ESERAVNQ:0.3333333333333333	FGRWIHAG:0.5	GVGNFRTS:0.5	AGVGPDDV:0.3333333333333333	IHAGGKAL:0.5	HTAGVGPD:0.3333333333333333	LRLRAYQC:0.3333333333333333	IDVNGLKL:0.3333333333333333	VRRREAES:0.3333333333333333	AGGKALPG:0.5	EAESALFL:0.3333333333333333	WIHAGGKA:0.5	VPLTQNQF:0.5	LPGLVRRR:0.5	FEGLRLRA:0.3333333333333333	NQYVHVPL:0.3333333333333333	GAAQEFGR:0.5	GVGPDDVI:0.3333333333333333	HFEGLRLR:0.3333333333333333	NAGDYDGA:0.3333333333333333	RAVNQYVH:0.3333333333333333	SFLRQDVA:0.3333333333333333	RQDVAESE:0.5	AVNQYVHV:0.3333333333333333	
