cluster number:59
GH24:28	GH24:28
YDALCSLI:0.8214285714285714	DALCSLIF:0.8214285714285714	ALCSLIFN:0.8214285714285714	CSLIFNIG:0.8214285714285714	LNQNQYDA:0.75	SLIFNIGA:0.21428571428571427	NQYDALCS:0.8928571428571429	QYDALCSL:0.9285714285714286	QNQYDALC:0.8928571428571429	LCSLIFNI:0.8214285714285714	NQNQYDAL:0.75	PDILLPRR:0.7142857142857143	REEGERLK:0.5357142857142857	LPRRQRER:0.21428571428571427	LLPRRQRE:0.21428571428571427	EEGERLKA:0.5357142857142857	TIGVGHTG:0.6428571428571429	DPDILLPR:0.7142857142857143	KREEGERL:0.5357142857142857	EGERLKAY:0.5357142857142857	ISSNGITR:0.4642857142857143	IPTIGVGH:0.5714285714285714	NPVVSGMT:0.2857142857142857	SELLKEDL:0.5357142857142857	AISSLVRV:0.42857142857142855	LLKEDLQW:0.5	QLNLKNYQ:0.5357142857142857	GNPVVSGM:0.32142857142857145	KSSELLKE:0.5357142857142857	QISSNGIT:0.5	AGKDPDIL:0.5357142857142857	NLKNYQAA:0.5357142857142857	RERALFLS:0.6071428571428571	VSGMTITS:0.21428571428571427	ERLKAYPD:0.32142857142857145	SAFAGSTV:0.4642857142857143	PDSRGIPT:0.39285714285714285	EKSSELLK:0.5357142857142857	LIFNIGKS:0.5357142857142857	IFNIGKSA:0.5357142857142857	RQLNLKNY:0.5357142857142857	RLKAYPDS:0.32142857142857145	SSELLKED:0.5357142857142857	DAISSLVR:0.42857142857142855	LLWKKAGK:0.5357142857142857	QAAADAFL:0.5714285714285714	ITSEKSSE:0.21428571428571427	GITRLKRE:0.4642857142857143	ILLPRRRR:0.5357142857142857	WVEDAISS:0.42857142857142855	GMTITSEK:0.21428571428571427	ITRLKREE:0.4642857142857143	TVLRQLNL:0.5714285714285714	PVVSGMTI:0.35714285714285715	IGKSAFAG:0.4642857142857143	TSEKSSEL:0.21428571428571427	NYQAAADA:0.5714285714285714	WKKAGKDP:0.5357142857142857	PTIGVGHT:0.5357142857142857	DGNPVVSG:0.32142857142857145	SGMTITSE:0.21428571428571427	HTGKVDGN:0.39285714285714285	GVGHTGKV:0.5	VGHTGKVD:0.5	KKAGKDPD:0.5357142857142857	GHTGKVDG:0.5714285714285714	SRGIPTIG:0.5	GKSAFAGS:0.4642857142857143	LKAYPDSR:0.39285714285714285	VEDAISSL:0.42857142857142855	TRLKREEG:0.4642857142857143	RGIPTIGV:0.5357142857142857	DSRGIPTI:0.5	DILLPRRR:0.5357142857142857	KAGKDPDI:0.5357142857142857	YPDSRGIP:0.39285714285714285	LKREEGER:0.42857142857142855	GKVDGNPV:0.2857142857142857	LRQLNLKN:0.5357142857142857	AAADAFLL:0.5714285714285714	PRRRRERA:0.5	LKEDLQWV:0.5	AYPDSRGI:0.39285714285714285	IGVGHTGK:0.5	ADAFLLWK:0.5714285714285714	LPRRRRER:0.5357142857142857	KSAFAGST:0.4642857142857143	NIGKSAFA:0.5357142857142857	DLQWVEDA:0.5	KDPDILLP:0.5357142857142857	LWKKAGKD:0.5357142857142857	MTITSEKS:0.21428571428571427	RRRERALF:0.5	AFLLWKKA:0.5714285714285714	SEKSSELL:0.21428571428571427	EDLQWVED:0.5	STVLRQLN:0.5714285714285714	NGITRLKR:0.4642857142857143	LQWVEDAI:0.5	SNGITRLK:0.4642857142857143	EDAISSLV:0.42857142857142855	AGSTVLRQ:0.5	RRRRERAL:0.5	KEDLQWVE:0.5	YQAAADAF:0.5714285714285714	GIPTIGVG:0.5714285714285714	KAYPDSRG:0.39285714285714285	ELLKEDLQ:0.5	VDGNPVVS:0.2857142857142857	RRERALFL:0.5	GERLKAYP:0.32142857142857145	MQISSNGI:0.5	VVSGMTIT:0.35714285714285715	TITSEKSS:0.21428571428571427	TGKVDGNP:0.2857142857142857	QWVEDAIS:0.39285714285714285	LKNYQAAA:0.5357142857142857	FLLWKKAG:0.5714285714285714	KNYQAAAD:0.5357142857142857	SLIFNIGK:0.5714285714285714	RLKREEGE:0.4642857142857143	LNLKNYQA:0.5357142857142857	SSNGITRL:0.4642857142857143	FNIGKSAF:0.5357142857142857	DAFLLWKK:0.5714285714285714	VLRQLNLK:0.5357142857142857	GKDPDILL:0.5357142857142857	AFAGSTVL:0.5	AADAFLLW:0.5714285714285714	FAGSTVLR:0.5	KVDGNPVV:0.2857142857142857	LLPRRRRE:0.5357142857142857	GSTVLRQL:0.5	AEKSSELL:0.32142857142857145	LVRVPLNQ:0.32142857142857145	VRVPLNQN:0.32142857142857145	ITAEKSSE:0.32142857142857145	SGMTITAE:0.2857142857142857	TAEKSSEL:0.32142857142857145	ISSLVRVP:0.25	SLVRVPLN:0.32142857142857145	TITAEKSS:0.2857142857142857	RVPLNQNQ:0.32142857142857145	VPLNQNQY:0.42857142857142855	SSLVRVPL:0.25	MTITAEKS:0.2857142857142857	PLNQNQYD:0.4642857142857143	GMTITAEK:0.2857142857142857	
