cluster number:122
GH24:6	GH24:6
DTLTPGQA:0.3333333333333333	TLTPGQAE:0.3333333333333333	LLFNIGVK:0.6666666666666666	GHTSGVKA:0.3333333333333333	LDILLKVT:0.3333333333333333	TPGQAETF:0.3333333333333333	FDALGSLL:0.5	QFDALGSL:0.5	LICLQLDI:0.5	SRWTIGYG:0.3333333333333333	TFFREDIT:0.3333333333333333	YLCPGSRW:0.3333333333333333	FREDITLI:0.3333333333333333	AFATSTLL:0.6666666666666666	DILLKVTV:0.3333333333333333	EDITLICL:0.5	FNIGVKAF:0.8333333333333334	QNQFDALG:0.5	QIKAFEAL:0.3333333333333333	ITLICLQL:0.5	DALGSLLF:0.5	SLLFNIGV:0.6666666666666666	QLDILLKV:0.3333333333333333	QAETFFRE:0.3333333333333333	ALRLKAYL:0.3333333333333333	KAFEALRL:0.3333333333333333	LGSLLFNI:0.5	TSTLLKKL:0.6666666666666666	AYLCPGSR:0.3333333333333333	PGSRWTIG:0.3333333333333333	FATSTLLK:0.6666666666666666	LFNIGVKA:0.6666666666666666	KAGDTLTP:0.3333333333333333	HTSGVKAG:0.3333333333333333	REDITLIC:0.5	SGVKAGDT:0.3333333333333333	GIEQIKAF:0.3333333333333333	GDTLTPGQ:0.3333333333333333	AGDTLTPG:0.3333333333333333	CLQLDILL:0.3333333333333333	PGQAETFF:0.3333333333333333	TIGYGHTS:0.3333333333333333	TSGVKAGD:0.3333333333333333	ICLQLDIL:0.3333333333333333	RWTIGYGH:0.3333333333333333	IEQIKAFE:0.3333333333333333	LQLDILLK:0.3333333333333333	ALGSLLFN:0.5	TLICLQLD:0.5	SPEGIEQI:0.3333333333333333	DITLICLQ:0.5	YGHTSGVK:0.3333333333333333	EGIEQIKA:0.3333333333333333	GVKAFATS:0.6666666666666666	FFREDITL:0.3333333333333333	RLKAYLCP:0.3333333333333333	KAFATSTL:0.6666666666666666	MNISPEGI:0.3333333333333333	NIGVKAFA:0.8333333333333334	GVKAGDTL:0.3333333333333333	PEGIEQIK:0.3333333333333333	GQAETFFR:0.3333333333333333	LKAYLCPG:0.3333333333333333	KAYLCPGS:0.3333333333333333	VKAGDTLT:0.3333333333333333	EALRLKAY:0.3333333333333333	VKAFATST:0.6666666666666666	IGYGHTSG:0.3333333333333333	GYGHTSGV:0.3333333333333333	AETFFRED:0.3333333333333333	NQFDALGS:0.5	AFEALRLK:0.3333333333333333	GSLLFNIG:0.5	LTPGQAET:0.3333333333333333	IGVKAFAT:0.6666666666666666	EQIKAFEA:0.3333333333333333	ISPEGIEQ:0.3333333333333333	ATSTLLKK:0.6666666666666666	IKAFEALR:0.3333333333333333	LCPGSRWT:0.3333333333333333	CPGSRWTI:0.3333333333333333	FEALRLKA:0.3333333333333333	GSRWTIGY:0.3333333333333333	NISPEGIE:0.3333333333333333	WTIGYGHT:0.3333333333333333	LRLKAYLC:0.3333333333333333	ETFFREDI:0.3333333333333333	STLLKKLN:0.6666666666666666	TVKGKKVP:0.5	KESPEFSR:0.5	EAGLMEKE:0.3333333333333333	AAEFLKWC:0.3333333333333333	ESPEFSRC:0.5	SPEFSRCE:0.5	AGLMEKES:0.3333333333333333	GKKVPLKG:0.5	GDEQEAAA:0.3333333333333333	GTVKGKKV:0.6666666666666666	AGDEQEAA:0.3333333333333333	CYGTVKGK:0.6666666666666666	FEAGLMEK:0.3333333333333333	LNAGDEQE:0.3333333333333333	WCYGTVKG:0.6666666666666666	FLKWCYGT:0.3333333333333333	QQEKARFE:0.5	EKARFEAG:0.3333333333333333	EFLKWCYG:0.3333333333333333	RQQEKARF:0.5	EKESPEFS:0.5	IFRRQQEK:0.5	AAAEFLKW:0.3333333333333333	LKWCYGTV:0.3333333333333333	RFEAGLME:0.3333333333333333	QEKARFEA:0.5	GLIFRRQQ:0.5	LLKKLNAG:0.5	EAAAEFLK:0.3333333333333333	PLKGLIFR:0.5	TLLKKLNA:0.5	GLMEKESP:0.3333333333333333	KLNAGDEQ:0.5	KGKKVPLK:0.5	KKLNAGDE:0.5	MEKESPEF:0.5	LKKLNAGD:0.5	LMEKESPE:0.3333333333333333	KARFEAGL:0.3333333333333333	VKGKKVPL:0.5	EQEAAAEF:0.3333333333333333	DEQEAAAE:0.3333333333333333	LIFRRQQE:0.5	KWCYGTVK:0.6666666666666666	AEFLKWCY:0.3333333333333333	QEAAAEFL:0.3333333333333333	NAGDEQEA:0.3333333333333333	KKVPLKGL:0.5	VPLKGLIF:0.5	LKGLIFRR:0.5	ARFEAGLM:0.3333333333333333	RRQQEKAR:0.5	KVPLKGLI:0.5	FRRQQEKA:0.3333333333333333	YGTVKGKK:0.6666666666666666	KGLIFRRQ:0.5	AEFPKWCY:0.3333333333333333	PKWCYGTV:0.3333333333333333	VRQNQFDA:0.3333333333333333	EFPKWCYG:0.3333333333333333	FPKWCYGT:0.3333333333333333	RQNQFDAL:0.3333333333333333	
