cluster number:143
GH24:65	GH24:65
LVSLTYNI:0.46153846153846156	DALVSLTY:0.47692307692307695	NQFDALVS:0.7846153846153846	QFDALVSL:0.7538461538461538	ALVSLTYN:0.47692307692307695	FDALVSLT:0.47692307692307695	VSLTYNIG:0.46153846153846156	QNQFDALV:0.8	SLTYNIGS:0.35384615384615387	LVRRREAE:0.4	VRRREAER:0.36923076923076925	RREAERAL:0.3384615384615385	REAERALF:0.3384615384615385	GLVRRREA:0.4	RRREAERA:0.3384615384615385	AADQFLVW:0.36923076923076925	ADQFLVWN:0.3384615384615385	VKKGDTCT:0.2153846153846154	AFKNSTLL:0.2153846153846154	STLLKKLN:0.5538461538461539	TQNQFDAL:0.3230769230769231	NSTLLKKL:0.27692307692307694	KGLVRRRE:0.36923076923076925	DQFLVWNK:0.3384615384615385	GAADQFLV:0.35384615384615387	LTQNQFDA:0.2923076923076923	NQNQFDAL:0.3076923076923077	LNQNQFDA:0.2153846153846154	AYDDGVGV:0.5538461538461539	YDDGVGVW:0.5384615384615384	EAERALFL:0.3230769230769231	VWTIGTGT:0.26153846153846155	TIGTGTTV:0.3076923076923077	DYQGAADQ:0.35384615384615387	PFFDAARV:0.23076923076923078	NKAGGKVM:0.3384615384615385	KLTQAQVD:0.3384615384615385	AERALFLK:0.3230769230769231	KTVNESVT:0.2153846153846154	KVMKGLVR:0.3384615384615385	RVIAGGKL:0.3230769230769231	FKHDLAKF:0.27692307692307694	TKPFFDAA:0.23076923076923078	EKTVNESV:0.2923076923076923	GTTVYPNG:0.4153846153846154	AGGKLTQA:0.35384615384615387	VNESVTVP:0.2	QAQVDDLN:0.26153846153846155	TGTTVYPN:0.3230769230769231	NIGSGAFK:0.2	GVWTIGTG:0.26153846153846155	IAGGKLTQ:0.36923076923076925	TTKPFFDA:0.23076923076923078	LNKGDYQG:0.26153846153846155	DDGVGVWT:0.4461538461538462	WTIGTGTT:0.3076923076923077	YNIGSGAF:0.3384615384615385	LVWNKAGG:0.35384615384615387	VMKGLVRR:0.3384615384615385	GTGTTVYP:0.3230769230769231	KPFFDAAR:0.24615384615384617	YFKHDLAK:0.27692307692307694	FEKTVNES:0.2923076923076923	DAARVIAG:0.3230769230769231	DLAKFEKT:0.3076923076923077	QFLVWNKA:0.35384615384615387	DGVGVWTI:0.4461538461538462	AGGKVMKG:0.3384615384615385	GDYQGAAD:0.2923076923076923	AQVDDLNK:0.24615384615384617	GGKVMKGL:0.3384615384615385	LTYNIGSG:0.3230769230769231	MKGLVRRR:0.3384615384615385	MTTKPFFD:0.23076923076923078	TYNIGSGA:0.3230769230769231	FFDAARVI:0.3230769230769231	QVDDLNKV:0.27692307692307694	KGDYQGAA:0.26153846153846155	GKVMKGLV:0.3384615384615385	YQGAADQF:0.35384615384615387	AKFEKTVN:0.3076923076923077	ERALFLKK:0.3230769230769231	HDLAKFEK:0.2923076923076923	LAKFEKTV:0.3076923076923077	GVGVWTIG:0.4461538461538462	FDAARVIA:0.3230769230769231	KAGGKVMK:0.3384615384615385	KHDLAKFE:0.27692307692307694	LTQAQVDD:0.26153846153846155	VIAGGKLT:0.3230769230769231	QGAADQFL:0.3230769230769231	YPNGVKVK:0.27692307692307694	IGTGTTVY:0.3076923076923077	VYPNGVKV:0.3076923076923077	TVYPNGVK:0.3076923076923077	TVNESVTV:0.2	FLVWNKAG:0.35384615384615387	NKGDYQGA:0.26153846153846155	VDDLNKVV:0.24615384615384617	PLTQNQFD:0.26153846153846155	TLLKKLNK:0.24615384615384617	ARVIAGGK:0.3230769230769231	VWNKAGGK:0.35384615384615387	VPLTQNQF:0.24615384615384617	GKLTQAQV:0.35384615384615387	WNKAGGKV:0.35384615384615387	TTVYPNGV:0.3076923076923077	GGKLTQAQ:0.35384615384615387	AARVIAGG:0.3230769230769231	TQAQVDDL:0.26153846153846155	KFEKTVNE:0.2923076923076923	VGVWTIGT:0.26153846153846155	GDTCTPEQ:0.23076923076923078	DTCTPEQA:0.23076923076923078	TCTPEQAK:0.23076923076923078	KAYDDGVG:0.23076923076923078	IGYGTTRY:0.2	WVNAGGKR:0.2	VWVNAGGK:0.2	LLKKLNSG:0.2	TLLKKLNS:0.2	
