cluster number:93
GH24:37	GH24:37
YGHMLTPD:0.4594594594594595	VIGYGHML:0.4594594594594595	GYGHMLTP:0.43243243243243246	ITPEQAEA:0.2702702702702703	EAFLLDDL:0.5675675675675675	IKQWQGLS:0.8918918918918919	IALMFSIG:0.5405405405405406	FLSLINTG:0.4594594594594595	QRFLSLIN:0.5405405405405406	AFIKQWQG:0.8108108108108109	EKYRDRQG:0.5675675675675675	TPEQAEAF:0.2702702702702703	KQWQGLSL:0.918918918918919	LSLINTGD:0.4594594594594595	QGLSLEKY:0.972972972972973	GHQRFLSL:0.5405405405405406	FIKQWQGL:0.8918918918918919	RFLSLINT:0.5405405405405406	EQAEAFLL:0.2702702702702703	GHMLTPDE:0.4594594594594595	LEKYRDRQ:0.5675675675675675	QWQGLSLE:0.918918918918919	AEAFLLDD:0.5675675675675675	LSLEKYRD:0.5945945945945946	FSIGHQRF:0.5405405405405406	WQGLSLEK:0.918918918918919	HQRFLSLI:0.5405405405405406	SLEKYRDR:0.5675675675675675	IGYGHMLT:0.43243243243243246	LIALMFSI:0.5405405405405406	PEQAEAFL:0.2702702702702703	TLIALMFS:0.5675675675675675	MFSIGHQR:0.5405405405405406	SLINTGDI:0.3783783783783784	ALMFSIGH:0.5405405405405406	QAEAFLLD:0.5675675675675675	ETLIALMF:0.5945945945945946	HMLTPDET:0.4594594594594595	GLSLEKYR:0.5945945945945946	KYRDRQGN:0.40540540540540543	LINTGDIS:0.3783783783783784	IGHQRFLS:0.5405405405405406	AFLLDDLN:0.5675675675675675	LMFSIGHQ:0.5405405405405406	SIGHQRFL:0.5405405405405406	TGDISQPE:0.24324324324324326	DISQPEIS:0.2972972972972973	ISSRFSSA:0.4594594594594595	TLTFITPD:0.2702702702702703	NTGDISQP:0.2972972972972973	QRETLIAL:0.5405405405405406	LLDDLNSC:0.40540540540540543	INTGDISQ:0.2972972972972973	LPELNDRF:0.4864864864864865	HISSRFSS:0.4594594594594595	LQNCLPEL:0.35135135135135137	SQPEISGL:0.32432432432432434	TPDETLTF:0.43243243243243246	ELNDRFQR:0.4864864864864865	ITPDQAEA:0.2702702702702703	LDDLNSCD:0.40540540540540543	RETLIALM:0.5405405405405406	CLPELNDR:0.40540540540540543	PDETLTFI:0.43243243243243246	NCLPELND:0.35135135135135137	TFITPDQA:0.2702702702702703	GDISQPEI:0.24324324324324326	PEISGLRI:0.2702702702702703	SSRFSSAC:0.4594594594594595	TPDQAEAF:0.2702702702702703	LLQNCLPE:0.35135135135135137	FITPDQAE:0.2702702702702703	RFQRETLI:0.5135135135135135	ISQPEISG:0.2972972972972973	QNCLPELN:0.35135135135135137	PHISSRFS:0.4594594594594595	YRDRQGNW:0.35135135135135137	RQGNWVIG:0.32432432432432434	MLTPDETL:0.40540540540540543	QPEISGLR:0.2702702702702703	FLLDDLNS:0.40540540540540543	NWVIGYGH:0.35135135135135137	DRQGNWVI:0.35135135135135137	RDRQGNWV:0.35135135135135137	MPHISSRF:0.4594594594594595	WVIGYGHM:0.40540540540540543	PDQAEAFL:0.2702702702702703	LNDRFQRE:0.4864864864864865	DETLTFIT:0.43243243243243246	LTFITPDQ:0.2702702702702703	DRFQRETL:0.5135135135135135	ETLTFITP:0.43243243243243246	DQAEAFLL:0.2702702702702703	RFSSACIA:0.4594594594594595	QGNWVIGY:0.35135135135135137	LTPDETLT:0.5135135135135135	SRFSSACI:0.4594594594594595	FQRETLIA:0.5405405405405406	FSSACIAF:0.4594594594594595	PELNDRFQ:0.5135135135135135	NDRFQRET:0.4864864864864865	GNWVIGYG:0.35135135135135137	CIAFIKQW:0.6216216216216216	ACIAFIKQ:0.6756756756756757	SACIAFIK:0.4594594594594595	IAFIKQWQ:0.6486486486486487	SSACIAFI:0.4594594594594595	KYQDKKGI:0.24324324324324326	GLSLEKYQ:0.40540540540540543	QAETLLLA:0.32432432432432434	SLEKYQDK:0.3783783783783784	AETLLLAD:0.32432432432432434	PACIAFIK:0.21621621621621623	VIGYGHEI:0.32432432432432434	EKYQDKKG:0.24324324324324326	KKGIWVIG:0.24324324324324326	EAFIHKEM:0.24324324324324326	IGYGHEIT:0.2972972972972973	DKKGIWVI:0.24324324324324326	MQAETLLL:0.24324324324324326	LEKYQDKK:0.24324324324324326	WVIGYGHE:0.32432432432432434	ICEAFIHK:0.24324324324324326	LSLEKYQD:0.40540540540540543	QDKKGIWV:0.24324324324324326	YQDKKGIW:0.24324324324324326	CEAFIHKE:0.24324324324324326	
