cluster number:63
GH24:23	GH24:23
TLLRKLNA:0.6521739130434783	STLLRKLN:0.7391304347826086	LLRKLNAG:0.6521739130434783	LRKLNAGD:0.6521739130434783	CDALLERE:0.30434782608695654	AECDALLE:0.30434782608695654	IPTICEGI:0.391304347826087	VGIPTICE:0.4782608695652174	GACAELSR:0.5652173913043478	QRAVDAVD:0.30434782608695654	ATPAECDA:0.30434782608695654	RELQRAVD:0.30434782608695654	ELSRWVYA:0.6086956521739131	YNVGEGQL:0.30434782608695654	ALVAPFEG:0.2608695652173913	DALLEREL:0.30434782608695654	DPVGIPTI:0.6521739130434783	VPLPDTRR:0.34782608695652173	YAGGKKLG:0.30434782608695654	LALAAALV:0.30434782608695654	FVYNVGEG:0.43478260869565216	PVGIPTIC:0.6521739130434783	QLARSTLL:0.30434782608695654	RSTLLRKL:0.5652173913043478	LVAYLDPV:0.391304347826087	DVRGACAE:0.391304347826087	RQVLVPLP:0.30434782608695654	ERELQRAV:0.30434782608695654	RRAAEREL:0.43478260869565216	VGEGQLAR:0.30434782608695654	CEGITAGV:0.391304347826087	LERELQRA:0.30434782608695654	LVPLPDTR:0.30434782608695654	ELQRAVDA:0.30434782608695654	YLDPVGIP:0.43478260869565216	PDTRRAAL:0.391304347826087	GLVRRRAA:0.391304347826087	ACAELSRW:0.5652173913043478	GDVRGACA:0.391304347826087	NAGDVRGA:0.391304347826087	KLGGLVRR:0.30434782608695654	TICEGITA:0.391304347826087	AVDAVDRQ:0.30434782608695654	ARSTLLRK:0.34782608695652173	PLPDTRRA:0.34782608695652173	QVLVPLPD:0.30434782608695654	AELSRWVY:0.5652173913043478	LAAALVAP:0.2608695652173913	RSLVAYLD:0.391304347826087	VYNVGEGQ:0.30434782608695654	ALLERELQ:0.30434782608695654	SLVAYLDP:0.391304347826087	APFEGRSL:0.2608695652173913	AYLDPVGI:0.4782608695652174	ECDALLER:0.30434782608695654	PFEGRSLV:0.30434782608695654	RGACAELS:0.391304347826087	AALVAPFE:0.2608695652173913	GIPTICEG:0.4782608695652174	PTICEGIT:0.391304347826087	KKLGGLVR:0.30434782608695654	VDRQVLVP:0.30434782608695654	LVAPFEGR:0.2608695652173913	LNAGDVRG:0.391304347826087	GRSLVAYL:0.391304347826087	LLERELQR:0.30434782608695654	PAECDALL:0.30434782608695654	VRGACAEL:0.391304347826087	LVRRRAAE:0.391304347826087	ICEGITAG:0.391304347826087	SRWVYAGG:0.5217391304347826	VAYLDPVG:0.391304347826087	RRRAAERE:0.30434782608695654	EGITAGVR:0.34782608695652173	FEGRSLVA:0.43478260869565216	DAVDRQVL:0.30434782608695654	VYAGGKKL:0.30434782608695654	CAELSRWV:0.5652173913043478	NVGEGQLA:0.30434782608695654	AAERELCE:0.43478260869565216	EGRSLVAY:0.5217391304347826	AVDRQVLV:0.30434782608695654	AAALVAPF:0.2608695652173913	EGQLARST:0.30434782608695654	RAAERELC:0.43478260869565216	VAPFEGRS:0.2608695652173913	VRRRAAER:0.34782608695652173	VLVPLPDT:0.30434782608695654	RKLNAGDV:0.5652173913043478	AGGKKLGG:0.30434782608695654	GQLARSTL:0.30434782608695654	GGKKLGGL:0.30434782608695654	GKKLGGLV:0.30434782608695654	WVYAGGKK:0.30434782608695654	AGDVRGAC:0.391304347826087	LPDTRRAA:0.34782608695652173	LARSTLLR:0.30434782608695654	SFVYNVGE:0.7391304347826086	LQRAVDAV:0.30434782608695654	RAVDAVDR:0.30434782608695654	GGLVRRRA:0.30434782608695654	KLNAGDVR:0.391304347826087	DRQVLVPL:0.30434782608695654	TPAECDAL:0.30434782608695654	ALAAALVA:0.2608695652173913	VDAVDRQV:0.30434782608695654	RWVYAGGK:0.4782608695652174	LSRWVYAG:0.5217391304347826	LGGLVRRR:0.30434782608695654	LDPVGIPT:0.43478260869565216	GEGQLARS:0.30434782608695654	AALASFVY:0.6521739130434783	ITAGVRMG:0.21739130434782608	GALALAAA:0.21739130434782608	LASFVYNV:0.6521739130434783	RRAALASF:0.43478260869565216	ALASFVYN:0.6521739130434783	AERELCEV:0.30434782608695654	TAGVRMGD:0.21739130434782608	ASFVYNVG:0.6521739130434783	DTRRAALA:0.21739130434782608	TRRAALAS:0.34782608695652173	ERELCEVG:0.30434782608695654	RELCEVGL:0.30434782608695654	RAALASFV:0.4782608695652174	GITAGVRM:0.21739130434782608	
