cluster number:83
GH24:15	GH24:15
LNTNQQGA:0.2	DKSLEFDY:0.2	NWSEIKET:0.2	EFDYLRQD:0.2	YRNPGTNV:0.26666666666666666	ETFIKYRN:0.4	IKKFEGCY:0.2	FEGCYLNA:0.26666666666666666	QCGIELIK:0.2	IKYRNPGT:0.26666666666666666	ELIKKFEG:0.2	NTNQQGAL:0.2	TFIKYRNP:0.4	ITIGWGST:0.3333333333333333	LAKQVQIR:0.2	KLPQCGIE:0.2	TIGWGSTK:0.26666666666666666	TNQQGALL:0.2	CYLNAYPD:0.2	AKQVQIRL:0.2	EGCYLNAY:0.26666666666666666	DGSPWYLG:0.26666666666666666	GSTKKRDG:0.3333333333333333	KLDKSLEF:0.2	YLNAYPDP:0.2	WGSTKKRD:0.26666666666666666	KETFIKYR:0.2	NNYLPDLE:0.2	LPQCGIEL:0.2	FIKYRNPG:0.4	STKKRDGS:0.3333333333333333	LDKSLEFD:0.2	NYLPDLEK:0.26666666666666666	GWGSTKKR:0.26666666666666666	PQCGIELI:0.2	SPWYLGES:0.26666666666666666	WSEIKETF:0.2	EPITIGWG:0.26666666666666666	RDGSPWYL:0.26666666666666666	QQGALLSF:0.8	SEIKETFI:0.2	YLPDLEKI:0.26666666666666666	SLEFDYLR:0.2	RNPGTNVE:0.26666666666666666	IKETFIKY:0.2	KRDGSPWY:0.3333333333333333	GSPWYLGE:0.26666666666666666	KKFEGCYL:0.2	LIKKFEGC:0.2	GCYLNAYP:0.2	KSLEFDYL:0.2	LPDLEKIP:0.26666666666666666	LEFDYLRQ:0.2	IGWGSTKK:0.26666666666666666	NQQGALLS:0.8	ELAKQVQI:0.2	KKRDGSPW:0.2	EIKETFIK:0.2	PITIGWGS:0.3333333333333333	KYRNPGTN:0.26666666666666666	PWYLGESI:0.26666666666666666	TKKRDGSP:0.2	TKKRDGSN:0.2	WNELNANQ:0.2	LQKIPVWN:0.26666666666666666	GSNVEAGL:0.2	SGNLPITI:0.2	ATTSAASS:0.2	LLMLQLEN:0.26666666666666666	LSFGYNLG:0.4666666666666667	MLQLENSY:0.26666666666666666	LQLENSYL:0.26666666666666666	PLSGNLPI:0.2	KAYPDPLS:0.2	LKYRNPGS:0.2	KIPVWNEL:0.26666666666666666	ENSYLPPL:0.2	LKAYPDPL:0.3333333333333333	SITQQEAD:0.2	NALNNALG:0.2	ESITQQEA:0.2	IEETFLKY:0.2	QSQKGLEA:0.2	KYRNPGSN:0.3333333333333333	NPGSNVEA:0.2	WDEIEETF:0.26666666666666666	DPLSGNLP:0.2	FGYNLGAN:0.26666666666666666	EIEETFLK:0.2	GESITQQE:0.2	AYPDPLSG:0.3333333333333333	PPLQKIPV:0.2	NTQNALNN:0.2	QKIPVWNE:0.26666666666666666	QFQSQKGL:0.2	ANFYGSSN:0.2	EAKLFLTP:0.2	QLQEILKA:0.2	SMTRVLRD:0.2	MTRVLRDK:0.2	AKLFLTPV:0.2	SFGYNLGA:0.26666666666666666	LENSYLPP:0.2	TQNALNNA:0.2	AEAKLFLT:0.26666666666666666	IPVWNELN:0.26666666666666666	FLKYRNPG:0.2	GKNTQNAL:0.2	LLSFGYNL:0.4666666666666667	LEADGVVG:0.2	NELNANQQ:0.2	NLGANFYG:0.3333333333333333	KQFQSQKG:0.2	LSGNLPIT:0.2	ALLSFGYN:0.4666666666666667	EILKALNL:0.2	LGANFYGS:0.2	FQSQKGLE:0.2	TFLKYRNP:0.2	QEILKALN:0.2	KKRDGSNW:0.2	EADDLLML:0.2	TRVLRDKK:0.2	ITQQEADD:0.2	QLENSYLP:0.26666666666666666	GYNLGANF:0.26666666666666666	GNLPITIG:0.2	TQQEADDL:0.2	LGESITQQ:0.2	ADDLLMLQ:0.2	RVLRDKKW:0.2	NSYLPPLQ:0.2	LPPLQKIP:0.26666666666666666	QQEADDLL:0.3333333333333333	DDLLMLQL:0.2	PVWNELNA:0.2	SYLPPLQK:0.2	IDGDFGNN:0.2	DLLMLQLE:0.2	QEADDLLM:0.2	EETFLKYR:0.2	ELNANQQG:0.2	ANQQGALL:0.26666666666666666	LNANQQGA:0.26666666666666666	GALLSFGY:0.4666666666666667	LQEILKAL:0.2	KNTQNALN:0.2	VGKNTQNA:0.2	PGSNVEAG:0.2	QGALLSFG:0.4666666666666667	YLPPLQKI:0.26666666666666666	DGDFGNNT:0.2	VWNELNAN:0.2	QKGLEADG:0.2	NANQQGAL:0.26666666666666666	SQKGLEAD:0.2	RNPGSNVE:0.3333333333333333	NFYGSSNF:0.2	ETFLKYRN:0.2	PLQKIPVW:0.2	YRNPGSNV:0.3333333333333333	LMLQLENS:0.26666666666666666	QNALNNAL:0.2	YNLGANFY:0.3333333333333333	GANFYGSS:0.2	GGKPITIG:0.26666666666666666	GKPITIGW:0.26666666666666666	LNPNQQGA:0.2	TIGWGTTR:0.26666666666666666	VLKNQQWD:0.2	KPITIGWG:0.26666666666666666	PITIGWGT:0.4	ITIGWGTT:0.4	NPNQQGAL:0.2	IGWGTTRK:0.26666666666666666	PNQQGALL:0.2	ELNPNQQG:0.2	FEGCYLKA:0.2	LIKEFEGC:0.2	EGCYLKAY:0.2	YLKAYPDP:0.26666666666666666	GCYLKAYP:0.2	TGKLPLPG:0.2	LPITIGWG:0.26666666666666666	CYLKAYPD:0.2	DELLIYQL:0.2	FDSITKVL:0.2	LSGVADGA:0.2	GFDSITKV:0.2	QEADELLI:0.2	GVADGAYG:0.2	QGALLSFA:0.2	ADELLIYQ:0.2	LLSGVADG:0.2	ALLSFAYN:0.2	LSFAYNLG:0.2	LKLLSGVA:0.2	GALLSFAY:0.2	YNLGSKFY:0.26666666666666666	LGSKFYGA:0.26666666666666666	LLSFAYNL:0.2	AYPDPLTK:0.2	KLLSGVAD:0.2	QQEADELL:0.2	NLGSKFYG:0.26666666666666666	VADGAYGP:0.2	SGVADGAY:0.2	RETFIKYR:0.2	YPDPLSGG:0.2	SFGYNLGS:0.2	
