cluster number:116
GH24:12	GH24:12
CIRAPLPD:0.5	RAPLPDYR:0.5	MALTNKQR:0.4166666666666667	AMLAASLQ:0.3333333333333333	AYADPVGI:0.3333333333333333	GSTLARKM:0.25	CGSTLARK:0.5833333333333334	YADPVGIP:0.3333333333333333	DPVGIPTI:0.8333333333333334	TICFGETK:0.5833333333333334	VSFAYNVG:0.6666666666666666	MVGGFEGL:0.25	IRAPLPDY:0.5	TNKQRAGW:0.5	LRLAAYAD:0.3333333333333333	RNLCLVGA:0.25	APLPDYRR:0.5	PVGIPTIC:0.8333333333333334	LCGSTLAR:0.5833333333333334	ASLQLANH:0.3333333333333333	GIPTICFG:0.8333333333333334	AALVSFAY:0.5833333333333334	VDDCIRAP:0.5	KQRAGWCA:0.5	LARKMNAG:0.25	YRRAALVS:0.5833333333333334	CAIAVTMV:0.25	PDYRRAAL:0.5	LANHAVDD:0.5	LVSFAYNV:0.6666666666666666	AAYADPVG:0.3333333333333333	AASLQLAN:0.3333333333333333	ALVSFAYN:0.6666666666666666	DCIRAPLP:0.5	EGLRLAAY:0.4166666666666667	AIAVTMVG:0.25	ETKGVRLG:0.3333333333333333	LPGLVTRR:0.25	AERNLCLV:0.25	ERNLCLVG:0.25	PLPDYRRA:0.5	RLAAYADP:0.3333333333333333	QRAGWCAI:0.5	SFAYNVGQ:0.5833333333333334	DQCKAMLA:0.25	MLAASLQL:0.3333333333333333	QAERNLCL:0.25	RAALVSFA:0.5833333333333334	NHAVDDCI:0.5	STLARKMN:0.25	ADPVGIPT:0.3333333333333333	RRQAERNL:0.25	DYRRAALV:0.5	QRATLDQC:0.25	NLCGSTLA:0.25	ALTNKQRA:0.4166666666666667	LQLANHAV:0.5	CFGETKGV:0.5833333333333334	LAAYADPV:0.3333333333333333	QLANHAVD:0.5	NKQRAGWC:0.4166666666666667	RQAERNLC:0.25	TMVGGFEG:0.25	LTNKQRAG:0.4166666666666667	TKGVRLGQ:0.4166666666666667	GLRLAAYA:0.3333333333333333	IAVTMVGG:0.25	VGGFEGLR:0.5	LDQCKAML:0.25	GETKGVRL:0.3333333333333333	WCAIAVTM:0.25	DDCIRAPL:0.5	SLQLANHA:0.5	PGLVTRRQ:0.25	VGIPTICF:0.8333333333333334	ARKMNAGD:0.25	TLARKMNA:0.25	GQRATLDQ:0.25	GFEGLRLA:0.3333333333333333	ATLDQCKA:0.25	IPTICFGE:0.6666666666666666	HAVDDCIR:0.5	RAGWCAIA:0.5	PTICFGET:0.6666666666666666	TLDQCKAM:0.25	ICFGETKG:0.5833333333333334	AGWCAIAV:0.5	FGETKGVR:0.5	FEGLRLAA:0.4166666666666667	VTMVGGFE:0.25	GGFEGLRL:0.3333333333333333	LAASLQLA:0.3333333333333333	AVDDCIRA:0.5	GWCAIAVT:0.5	LPDYRRAA:0.5	RRAALVSF:0.5833333333333334	ANHAVDDC:0.5	AVTMVGGF:0.25	LPGLVKRR:0.4166666666666667	NAGDTLGG:0.3333333333333333	LLRWTYAK:0.3333333333333333	GGCDELLR:0.3333333333333333	GQTSLCGS:0.3333333333333333	STLARKLN:0.3333333333333333	IKLPGLVK:0.25	LRWTYAKG:0.3333333333333333	AKGIKLPG:0.3333333333333333	SLCGSTLA:0.3333333333333333	GDTLGGCD:0.3333333333333333	RKLNAGDT:0.3333333333333333	PGLVKRRQ:0.25	LNAGDTLG:0.3333333333333333	GLVKRRQA:0.3333333333333333	YNVGQTSL:0.3333333333333333	DTLGGCDE:0.3333333333333333	NVGQTSLC:0.3333333333333333	GSTLARKL:0.3333333333333333	ARKLNAGD:0.3333333333333333	LARKLNAG:0.3333333333333333	TLGGCDEL:0.3333333333333333	GCDELLRW:0.3333333333333333	FAYNVGQT:0.3333333333333333	KGIKLPGL:0.3333333333333333	WTYAKGIK:0.3333333333333333	DELLRWTY:0.3333333333333333	KRRQAERN:0.25	IVGGFEGL:0.25	LGGCDELL:0.3333333333333333	TSLCGSTL:0.3333333333333333	AGDTLGGC:0.3333333333333333	AYNVGQTS:0.3333333333333333	CDELLRWT:0.3333333333333333	LVKRRQAE:0.3333333333333333	QTSLCGST:0.3333333333333333	TYAKGIKL:0.3333333333333333	TIVGGFEG:0.25	ELLRWTYA:0.3333333333333333	YAKGIKLP:0.3333333333333333	VGQTSLCG:0.3333333333333333	KLNAGDTL:0.3333333333333333	RWTYAKGI:0.3333333333333333	GIKLPGLV:0.3333333333333333	KLPGLVKR:0.25	TLARKLNA:0.3333333333333333	VKRRQAER:0.3333333333333333	ETKGVRMG:0.25	GETKGVRM:0.25	TKGVRMGQ:0.25	YLDPVGIP:0.4166666666666667	AYLDPVGI:0.4166666666666667	LDPVGIPT:0.4166666666666667	TAYLDPVG:0.25	
