cluster number:94
GH24:6	GH24:6
SYVEAPYM:0.5	GGYPSKGL:0.8333333333333334	YGQTQGIP:0.5	NRRASDAA:0.5	YKATIGGY:0.8333333333333334	RASDAALC:0.5	AGFTSTAI:0.3333333333333333	VKTWCYGQ:0.5	PWKGKYGM:0.3333333333333333	LGKSGWRG:0.5	LECDKDLL:0.3333333333333333	PDTVVAGF:0.3333333333333333	ACDAIEAP:0.3333333333333333	TSTAINLG:0.5	APWKGKYG:0.8333333333333334	NLGKSGWR:0.5	ATIGGYPS:0.8333333333333334	TWCYGQTQ:0.6666666666666666	GMAPGYKA:0.3333333333333333	PSKGLGNR:0.8333333333333334	AIEAPWKG:0.5	GKSGWRGS:0.8333333333333334	KEGLSLTP:0.3333333333333333	FTSTAINL:0.5	GQTQGIPK:0.5	PGYKATIG:0.8333333333333334	FTNSYVEA:0.5	EAPWKGKY:0.5	YPSKGLGN:0.8333333333333334	RRASDAAL:0.5	GGVKTWCY:0.6666666666666666	INLGKSGW:0.5	KATIGGYP:0.8333333333333334	SKGLGNRR:0.8333333333333334	DAIEAPWK:0.3333333333333333	GYKATIGG:0.8333333333333334	AINLGKSG:0.5	VVAGFTST:0.3333333333333333	WCYGQTQG:0.6666666666666666	GWRGSQFT:0.6666666666666666	APGYKATI:0.8333333333333334	RGSQFTNS:0.5	EGLSLTPY:0.3333333333333333	TVVAGFTS:0.3333333333333333	STAINLGK:0.5	GKYGMAPG:0.3333333333333333	CDAIEAPW:0.3333333333333333	DAALCRSG:0.5	WRGSQFTN:0.5	IEAPWKGK:0.5	QTQGIPKM:0.5	YGMAPGYK:0.3333333333333333	KGKYGMAP:0.3333333333333333	GYPSKGLG:0.8333333333333334	SQFTNSYV:0.5	DTVVAGFT:0.3333333333333333	GLGNRRAS:0.8333333333333334	IGGYPSKG:0.8333333333333334	LGNRRASD:0.8333333333333334	AALCRSGL:0.5	KGLGNRRA:0.8333333333333334	SGWRGSQF:0.8333333333333334	TIGGYPSK:0.8333333333333334	KSGWRGSQ:0.8333333333333334	WKGKYGMA:0.3333333333333333	GVKTWCYG:0.6666666666666666	GNRRASDA:0.8333333333333334	GFTSTAIN:0.3333333333333333	VAGFTSTA:0.3333333333333333	ASDAALCR:0.5	CYGQTQGI:0.5	KYGMAPGY:0.3333333333333333	QFTNSYVE:0.5	TNSYVEAP:0.5	NSYVEAPY:0.5	TAINLGKS:0.5	SDAALCRS:0.5	GSQFTNSY:0.5	TNEYMQAV:0.3333333333333333	MAPGYKAT:0.3333333333333333	KTWCYGQT:0.5	DTPDTVVA:0.3333333333333333	TAVNIGKS:0.3333333333333333	AVNIGKSG:0.3333333333333333	PYLRKDTP:0.5	TSTAVNIG:0.3333333333333333	STAVNIGK:0.3333333333333333	VAAFTSTA:0.5	FTSTAVNI:0.3333333333333333	AFTSTAVN:0.3333333333333333	TVVAAFTS:0.5	NIGKSGWR:0.3333333333333333	DKDLLAMT:0.3333333333333333	AAFTSTAV:0.3333333333333333	IGKSGWRG:0.3333333333333333	CDKDLLAM:0.3333333333333333	ECDKDLLA:0.3333333333333333	VNIGKSGW:0.3333333333333333	VVAAFTST:0.5	WKGKYGVA:0.3333333333333333	PWKGKYGV:0.3333333333333333	RWKEACDA:0.3333333333333333	YGIAPGYK:0.3333333333333333	KYGIAPGY:0.3333333333333333	AVTPYLRK:0.3333333333333333	GKYGIAPG:0.3333333333333333	GGGVKTWC:0.3333333333333333	GRWKEACD:0.3333333333333333	RAGRWKEA:0.3333333333333333	IAPGYKAT:0.3333333333333333	LRAGRWKE:0.3333333333333333	VTPYLRKD:0.3333333333333333	DGGGVKTW:0.3333333333333333	TPYLRKDT:0.3333333333333333	GIAPGYKA:0.3333333333333333	AGRWKEAC:0.3333333333333333	
