cluster number:173
GH24:46	GH24:46
GLPTVCKG:0.8260869565217391	PTVCKGIT:0.6739130434782609	ALSSHGHN:0.45652173913043476	AVGLINAG:0.5652173913043478	TWEGNGQN:0.3695652173913043	GLINAGRI:0.43478260869565216	GQNVVYAD:0.41304347826086957	NTFDALSS:0.5652173913043478	LHNRRLAE:0.2391304347826087	IAEGCKAL:0.21739130434782608	TVCKGITK:0.21739130434782608	DALSSHGH:0.4782608695652174	RAVGLINA:0.5652173913043478	AEGCKALA:0.21739130434782608	CASRAVGL:0.6956521739130435	SRAVGLIN:0.6521739130434783	FDALSSHG:0.4782608695652174	AGRIAEGC:0.2391304347826087	QNVVYADK:0.34782608695652173	SSHGHNFG:0.41304347826086957	VGLINAGR:0.5434782608695652	FLGTWEGN:0.3695652173913043	GTWEGNGQ:0.3695652173913043	IGQNTFDA:0.21739130434782608	TCASRAVG:0.6956521739130435	NAGRIAEG:0.2391304347826087	LSSHGHNF:0.41304347826086957	NVVYADKL:0.34782608695652173	LPTVCKGI:0.6739130434782609	LGTWEGNG:0.3695652173913043	VVYADKLA:0.41304347826086957	GQNTFDAL:0.391304347826087	TFDALSSH:0.6304347826086957	FVRGLHNR:0.21739130434782608	ASRAVGLI:0.6521739130434783	EGCKALAW:0.2391304347826087	TPVWAYVT:0.21739130434782608	INAGRIAE:0.2391304347826087	QNTFDALS:0.5652173913043478	LINAGRIA:0.2826086956521739	GLHNRRLA:0.2391304347826087	GCKALAWA:0.2391304347826087	CAEVEQLV:0.2608695652173913	ARCAEVEQ:0.21739130434782608	TRHTSPYP:0.2608695652173913	DYWSPARC:0.21739130434782608	ADKLARGL:0.32608695652173914	RCAEVEQL:0.2391304347826087	DKLARGLP:0.391304347826087	GDYWSPAR:0.21739130434782608	VPSTCASR:0.34782608695652173	STCASRAV:0.5869565217391305	LARGLPTV:0.5434782608695652	PSTCASRA:0.6521739130434783	GVPSTCAS:0.34782608695652173	VGDYWSPA:0.21739130434782608	ARGLPTVC:0.5434782608695652	ITRHTSPY:0.2608695652173913	VYADKLAR:0.32608695652173914	GITRHTSP:0.32608695652173914	YADKLARG:0.32608695652173914	AEVEQLVV:0.21739130434782608	KLARGLPT:0.391304347826087	QLALADCL:0.21739130434782608	RHTSPYPV:0.2608695652173913	SPYPVVVG:0.5	HTSPYPVV:0.43478260869565216	VVGDYWSD:0.2391304347826087	YPVVVGDY:0.5	GDYWSDAR:0.21739130434782608	KGITRHTS:0.2608695652173913	VGDYWSDA:0.21739130434782608	PYPVVVGD:0.5	DGKTPVWA:0.30434782608695654	DYWSDARC:0.21739130434782608	HNFGVPST:0.2391304347826087	TSPYPVVV:0.5	NFGVPSTC:0.2391304347826087	VCKGITRH:0.2608695652173913	PVVVGDYW:0.5434782608695652	FGVPSTCA:0.2391304347826087	CKGITRHT:0.2608695652173913	VVVGDYWS:0.5217391304347826	TVCKGITR:0.391304347826087	TPVWAFVT:0.2391304347826087	PDGKTPVW:0.2826086956521739	KTPVWAFV:0.21739130434782608	APDGKTPV:0.2826086956521739	ALAWAPDG:0.2391304347826087	RGLPTVCK:0.45652173913043476	AWAPDGKT:0.30434782608695654	WAPDGKTP:0.2826086956521739	LAWAPDGK:0.2608695652173913	GKTPVWAF:0.2826086956521739	LAGGLPTV:0.21739130434782608	AGGLPTVC:0.21739130434782608	VVFLGTWE:0.21739130434782608	VFLGTWEG:0.21739130434782608	LVVFLGTW:0.21739130434782608	ALSSHAHN:0.2608695652173913	TKHTSPYP:0.21739130434782608	QPIFDALS:0.21739130434782608	FDALSSHA:0.2608695652173913	DALSSHAH:0.2608695652173913	KHTSPYPV:0.21739130434782608	VVGDYWSP:0.2826086956521739	DYWSPERC:0.21739130434782608	GDYWSPER:0.21739130434782608	VGDYWSPE:0.21739130434782608	PGLHARRL:0.21739130434782608	SKGQLQLA:0.2826086956521739	
