cluster number:46
GH24:26	GH24:26
VLALAAVL:0.23076923076923078	GGVLALAA:0.23076923076923078	HTGKDVTP:0.23076923076923078	VLVQWHEG:0.3076923076923077	EMRRWKYD:0.2692307692307692	LTSFVYNI:0.23076923076923078	QKAALTSF:0.23076923076923078	AAVLVQWH:0.3076923076923077	VQWHEGKR:0.23076923076923078	DGGGVLTV:0.2692307692307692	GACDEMRR:0.38461538461538464	RRWKYDEG:0.46153846153846156	SKGLINRR:0.38461538461538464	AALTSFVY:0.23076923076923078	AFERSTLL:0.23076923076923078	FVYNIGSG:0.23076923076923078	GVLALAAV:0.23076923076923078	HGHTGKDV:0.23076923076923078	CHGHTGKD:0.23076923076923078	LAAVLVQW:0.23076923076923078	DEMRRWKY:0.38461538461538464	YNIGSGAF:0.23076923076923078	GGVLTVCH:0.23076923076923078	VCHGHTGK:0.23076923076923078	ACDEMRRW:0.38461538461538464	FERSTLLK:0.23076923076923078	LQKAALTS:0.23076923076923078	AVLVQWHE:0.3076923076923077	LTVCHGHT:0.23076923076923078	STLLKKLN:0.7307692307692307	GGGVLTVC:0.2692307692307692	GHTGKDVT:0.23076923076923078	CDEMRRWK:0.38461538461538464	KAALTSFV:0.23076923076923078	SFVYNIGS:0.23076923076923078	LALAAVLV:0.23076923076923078	YDEGKVSK:0.38461538461538464	RWKYDEGK:0.5	KVSKGLIN:0.38461538461538464	GAFERSTL:0.23076923076923078	GVLTVCHG:0.23076923076923078	TSFVYNIG:0.23076923076923078	EGKVSKGL:0.38461538461538464	VLTVCHGH:0.23076923076923078	VSKGLINR:0.38461538461538464	GKVSKGLI:0.46153846153846156	DEGKVSKG:0.38461538461538464	KYDEGKVS:0.5	ALTSFVYN:0.23076923076923078	RSTLLKKL:0.5384615384615384	LVQWHEGK:0.23076923076923078	TVCHGHTG:0.23076923076923078	ALAAVLVQ:0.23076923076923078	MRRWKYDE:0.38461538461538464	DLQKAALT:0.23076923076923078	KGLINRRA:0.2692307692307692	WKYDEGKV:0.5	VYNIGSGA:0.23076923076923078	YGHTGSDI:0.3076923076923077	GHTGSDIV:0.23076923076923078	VCYGHTGS:0.3076923076923077	TVCYGHTG:0.34615384615384615	CYGHTGSD:0.3076923076923077	LLKKLNAG:0.4230769230769231	LKKLNAGD:0.4230769230769231	TLLKKLNA:0.4230769230769231	AALASFVY:0.5769230769230769	VLTVCYGH:0.3076923076923077	VCYGHTGK:0.23076923076923078	KAALASFV:0.4230769230769231	QKAALASF:0.46153846153846156	LASFVYNV:0.5769230769230769	ALASFVYN:0.6153846153846154	LTVCYGHT:0.3076923076923077	ASFVYNVG:0.5384615384615384	TVPLTESQ:0.2692307692307692	LLDSDLKA:0.46153846153846156	DSDLKAAM:0.2692307692307692	LSVCYGHT:0.34615384615384615	YTPYRDSG:0.34615384615384615	ANVTVPLT:0.23076923076923078	VTVPLTES:0.2692307692307692	RDSGGVLS:0.34615384615384615	PYRDSGGV:0.34615384615384615	PELRNRLI:0.3076923076923077	YNVGSGAF:0.38461538461538464	SGGVLSVC:0.34615384615384615	TPYRDSGG:0.34615384615384615	YRDSGGVL:0.34615384615384615	MNPELRNR:0.3076923076923077	GGVLSVCY:0.34615384615384615	SVCYGHTG:0.34615384615384615	ELRNRLIK:0.3076923076923077	DSGGVLSV:0.34615384615384615	VDANVTVP:0.23076923076923078	ATVLIQWH:0.34615384615384615	IALATVLI:0.2692307692307692	VLSVCYGH:0.34615384615384615	VVDANVTV:0.23076923076923078	GVLSVCYG:0.34615384615384615	LATVLIQW:0.2692307692307692	LDSDLKAA:0.2692307692307692	NVTVPLTE:0.23076923076923078	ALATVLIQ:0.2692307692307692	DANVTVPL:0.23076923076923078	NPELRNRL:0.3076923076923077	KKLNAGDM:0.23076923076923078	TVLIQWHE:0.2692307692307692	FVYNVGSG:0.3076923076923077	SFVYNVGS:0.3076923076923077	VYNVGSGA:0.3076923076923077	AFARSTLL:0.23076923076923078	QALLDSDL:0.3076923076923077	ECQALLDS:0.3076923076923077	GAFARSTL:0.23076923076923078	ARSTLLKK:0.2692307692307692	ALLDSDLK:0.34615384615384615	FARSTLLK:0.2692307692307692	CQALLDSD:0.3076923076923077	KHYTDEEC:0.23076923076923078	RAVERELC:0.23076923076923078	AVERELCL:0.23076923076923078	RRAVEREL:0.23076923076923078	VTVPLTEM:0.2692307692307692	DVLTVCYG:0.23076923076923078	GDVLTVCY:0.23076923076923078	TVPLTEMQ:0.23076923076923078	EMQKAALA:0.23076923076923078	LTEMQKAA:0.23076923076923078	PLTEMQKA:0.23076923076923078	TEMQKAAL:0.23076923076923078	MQKAALAS:0.23076923076923078	VPLTEMQK:0.23076923076923078	
