cluster number:144
GH24:24	GH24:24
DAFVSLAY:0.25	AFVSLAYN:0.2916666666666667	SLAYNIGS:0.20833333333333334	FVSLAYNI:0.20833333333333334	REAEYRQC:0.25	VSLAYNIG:0.3333333333333333	RREAEYRQ:0.25	LAYNIGSG:0.20833333333333334	FGTTSGVK:0.20833333333333334	IGFGTTSG:0.20833333333333334	DYAGACSE:0.20833333333333334	GFGTTSGV:0.20833333333333334	TIGFGTTS:0.20833333333333334	FQGKDCAL:0.2916666666666667	SAAALVGI:0.3333333333333333	KALARALT:0.5	VAALTLSA:0.20833333333333334	DRAVIPVK:0.2916666666666667	EGYTDRAV:0.2916666666666667	AAALVGIV:0.3333333333333333	GIVLHEGY:0.3333333333333333	LSAAALVG:0.3333333333333333	TDVQQFEG:0.3333333333333333	RFFQGKDC:0.3333333333333333	FFQGKDCA:0.3333333333333333	PPKALARA:0.4166666666666667	LVSFSYNV:0.375	TLVRKLNA:0.375	YNVGSRAF:0.3333333333333333	TTPPKALA:0.25	ALTDVQQF:0.3333333333333333	LNAGDYAG:0.2916666666666667	LLRWRFFQ:0.2916666666666667	RWRFFQGK:0.3333333333333333	LAQHEYDA:0.2916666666666667	PKALARAL:0.4583333333333333	YDALVSFS:0.3333333333333333	ALARALTD:0.5	AVIPVKGD:0.3333333333333333	VPLAQHEY:0.2916666666666667	CVTVPLAQ:0.3333333333333333	GSRAFCQS:0.3333333333333333	LTLSAAAL:0.3333333333333333	AFCQSTLV:0.2916666666666667	LTDVQQFE:0.3333333333333333	KGDVPTIG:0.3333333333333333	QSTLVRKL:0.2916666666666667	YTDRAVIP:0.2916666666666667	VKGDVPTI:0.3333333333333333	VGIVLHEG:0.3333333333333333	CGGLATRR:0.2916666666666667	PTIGFGTT:0.5416666666666666	TVPLAQHE:0.2916666666666667	AGDYAGAC:0.3333333333333333	DALVSFSY:0.3333333333333333	ALTLSAAA:0.20833333333333334	RAFCQSTL:0.2916666666666667	EYDALVSF:0.2916666666666667	SFSYNVGS:0.3333333333333333	GDTTTPPK:0.25	KLNAGDYA:0.2916666666666667	FSYNVGSR:0.3333333333333333	QHEYDALV:0.2916666666666667	PVKGDVPT:0.3333333333333333	GYTDRAVI:0.2916666666666667	ALVSFSYN:0.3333333333333333	FCQSTLVR:0.2916666666666667	HEGYTDRA:0.2916666666666667	ARALTDVQ:0.5	VSFSYNVG:0.375	IVLHEGYT:0.3333333333333333	TRREAEYR:0.20833333333333334	DVQQFEGA:0.3333333333333333	LHEGYTDR:0.2916666666666667	SYNVGSRA:0.3333333333333333	VRKLNAGD:0.20833333333333334	LCGGLATR:0.2916666666666667	STLVRKLN:0.4166666666666667	LVGIVLHE:0.3333333333333333	LRWRFFQG:0.2916666666666667	VTVPLAQH:0.3333333333333333	VQQFEGAL:0.3333333333333333	WRFFQGKD:0.3333333333333333	VLHEGYTD:0.2916666666666667	RAVIPVKG:0.3333333333333333	DTTTPPKA:0.25	QGKDCALP:0.2916666666666667	RKLNAGDY:0.20833333333333334	GDVPTIGF:0.5416666666666666	TPPKALAR:0.4166666666666667	SRAFCQST:0.2916666666666667	PLAQHEYD:0.2916666666666667	AALVGIVL:0.3333333333333333	NAGDYAGA:0.2916666666666667	LARALTDV:0.5	AQHEYDAL:0.2916666666666667	IPVKGDVP:0.3333333333333333	VGSRAFCQ:0.3333333333333333	DVPTIGFG:0.5416666666666666	TDRAVIPV:0.2916666666666667	CQSTLVRK:0.2916666666666667	TLSAAALV:0.3333333333333333	ELLRWRFF:0.2916666666666667	VPTIGFGT:0.5416666666666666	RLCGGLAT:0.25	ALVGIVLH:0.3333333333333333	NVGSRAFC:0.3333333333333333	VIPVKGDV:0.3333333333333333	QQFEGALK:0.3333333333333333	RALTDVQQ:0.3333333333333333	LVRKLNAG:0.20833333333333334	HEYDALVS:0.2916666666666667	TTTPPKAL:0.25	LPGLVKRR:0.2916666666666667	PGLVKRRA:0.20833333333333334	FEGALKQC:0.375	PVPGDVPT:0.25	DYAGACAE:0.3333333333333333	EGALKQCV:0.375	AEDYAGAC:0.20833333333333334	CAELLRWR:0.20833333333333334	EDYAGACA:0.20833333333333334	KQCVTVPL:0.20833333333333334	NAEDYAGA:0.20833333333333334	FGTTTGVK:0.20833333333333334	KLNAEDYA:0.20833333333333334	AELLRWRF:0.20833333333333334	YAGACAEL:0.20833333333333334	AGACAELL:0.20833333333333334	QFEGALKQ:0.20833333333333334	QCVTVPLA:0.20833333333333334	GALKQCVT:0.20833333333333334	ACAELLRW:0.25	RKLNAEDY:0.20833333333333334	TIGFGTTT:0.25	LVRKLNAE:0.20833333333333334	GFGTTTGV:0.20833333333333334	ALKQCVTV:0.20833333333333334	IGFGTTTG:0.20833333333333334	VRKLNAED:0.20833333333333334	LNAEDYAG:0.20833333333333334	GACAELLR:0.25	LKQCVTVP:0.20833333333333334	NARLCGGL:0.20833333333333334	
