cluster number:134
GH24:15	GH24:15
ANELLRWM:0.6	TENQQAAL:0.6	NAANELLR:0.7333333333333333	ALISFIFN:0.8	EYANAANE:0.6666666666666666	GAGAFQAS:0.7333333333333333	LTENQQAA:0.6	ASTLRQKL:0.5333333333333333	AGAFQAST:0.7333333333333333	LLRWMCAK:0.4	LQGLVKRR:0.3333333333333333	NELLRWMC:0.4	YANAANEL:0.6666666666666666	TLRQKLNR:0.3333333333333333	LKLQGLVK:0.6666666666666666	KLQGLVKR:0.4	FNCGAGAF:0.7333333333333333	NCGAGAFQ:0.7333333333333333	ELLRWMCA:0.4	ENQQAALI:0.6	NQQAALIS:0.6	MPLTENQQ:0.6666666666666666	PLTENQQA:0.7333333333333333	CGAGAFQA:0.7333333333333333	AALISFIF:0.6	STLRQKLN:0.5333333333333333	SFIFNCGA:0.7333333333333333	VKRRQYYR:0.3333333333333333	IFNCGAGA:0.7333333333333333	KRRQYYRL:0.3333333333333333	LVKRRQYY:0.3333333333333333	QGLVKRRQ:0.3333333333333333	ANAANELL:0.7333333333333333	QASTLRQK:0.5333333333333333	FQASTLRQ:0.5333333333333333	GLVKRRQY:0.3333333333333333	QQAALISF:0.6	QAALISFI:0.6	AANELLRW:0.6666666666666666	GAFQASTL:0.7333333333333333	ISFIFNCG:0.8666666666666667	LRWMCAKG:0.4	LISFIFNC:0.8666666666666667	AFQASTLR:0.5333333333333333	FIFNCGAG:0.7333333333333333	STLQQKLN:0.26666666666666666	TLQQKLNR:0.26666666666666666	NRGEYANA:0.4	QQKLNRGE:0.26666666666666666	ASTLQQKL:0.26666666666666666	LQQKLNRG:0.26666666666666666	QKLNRGEY:0.4	FQASTLQQ:0.26666666666666666	LNRGEYAN:0.4	RGEYANAA:0.4	KLNRGEYA:0.4	QASTLQQK:0.26666666666666666	GEYANAAN:0.5333333333333333	AFQASTLQ:0.26666666666666666	RWMCAKGG:0.26666666666666666	AKGGLKLQ:0.5333333333333333	CAKGGLKL:0.26666666666666666	WMCAKGGL:0.26666666666666666	GLKLQGLV:0.5333333333333333	MCAKGGLK:0.26666666666666666	KGGLKLQG:0.5333333333333333	GGLKLQGL:0.5333333333333333	RAKGGLKL:0.2	LRQKLNRG:0.2	RQKLNRGE:0.2	QKLNQGEY:0.2	LRQKLNQG:0.2	RQKLNQGE:0.2	TLRQKLNQ:0.2	
