cluster number:129
GH24:12	GH24:12
DPATGGAP:0.75	MVSLAYNI:0.25	ATGGAPWT:0.75	PATGGAPW:0.75	AMVSLAYN:0.25	AGDYAGAA:0.25	YPDPATGG:0.8333333333333334	VSLAYNIG:0.25	TGGAPWTI:0.75	GGAPWTIG:0.6666666666666666	AYPDPATG:0.8333333333333334	PDPATGGA:0.75	FDALVSFT:0.25	QFDALVSF:0.3333333333333333	GAPWTIGY:0.5	PWTIGYGH:0.25	IGYGHTGP:0.25	APWTIGYG:0.5	RRAAEAAL:0.25	TIGYGHTG:0.3333333333333333	WTIGYGHT:0.25	FPRWNRAN:0.25	PRWNRANG:0.25	KAYPDPAT:0.25	GLTRRRAA:0.3333333333333333	LTRRRAAE:0.3333333333333333	
