cluster number:158
GH18:19	GH18:19
EEAGSVAS:0.2631578947368421	EAGSVASL:0.21052631578947367	GSEEAGSV:0.21052631578947367	IVLSVDNY:0.3157894736842105	ADYVIIMG:0.2631578947368421	VLSVDNYV:0.3684210526315789	IMGYDEHY:0.2631578947368421	SEEAGSVA:0.2631578947368421	YVIIMGYD:0.2631578947368421	VIIMGYDE:0.2631578947368421	LSVDNYVP:0.3684210526315789	IIMGYDEH:0.3157894736842105	DYVIIMGY:0.2631578947368421	DGINVDFE:0.3157894736842105	QGIVADYV:0.5263157894736842	NVISPTWF:0.42105263157894735	LDGINVDF:0.21052631578947367	AGSVASLP:0.21052631578947367	FYNRKEQG:0.2631578947368421	NRKEQGIV:0.3157894736842105	RKEQGIVA:0.3157894736842105	IQFIRELS:0.21052631578947367	VADYVIIM:0.21052631578947367	KEQGIVAD:0.3684210526315789	GIVADYVI:0.42105263157894735	EQGIVADY:0.5263157894736842	YNRKEQGI:0.3157894736842105	IVADYVII:0.21052631578947367	AGVACWKL:0.2631578947368421	GIVLSVDN:0.2631578947368421	VRVKGGVK:0.21052631578947367	VACWKLGF:0.21052631578947367	DGINLDFE:0.2631578947368421	YDEHYAGG:0.21052631578947367	ACWKLGFE:0.21052631578947367	VNVISPTW:0.21052631578947367	CWKLGFEP:0.21052631578947367	RVKGGVKS:0.21052631578947367	HYVQFIRE:0.21052631578947367	GYDEHYAG:0.3684210526315789	GVNVISPT:0.21052631578947367	LAGVACWK:0.2631578947368421	GVACWKLG:0.2631578947368421	VPKEKVIN:0.3157894736842105	MGYDEHYA:0.3684210526315789	INAVPFYT:0.2631578947368421	YDEHYAGS:0.2631578947368421	KVINAVPF:0.2631578947368421	VINAVPFY:0.2631578947368421	NAVPFYTR:0.2631578947368421	IVMGYDEH:0.21052631578947367	VADYVIVM:0.21052631578947367	YVIVMGYD:0.21052631578947367	IVADYVIV:0.21052631578947367	ADYVIVMG:0.21052631578947367	DYVIVMGY:0.21052631578947367	EVPKEKVI:0.2631578947368421	VIVMGYDE:0.21052631578947367	EAGSVASI:0.2631578947368421	
