cluster number:73
GH18:14	GH18:14
IKFRPEDK:0.21428571428571427	EMDRLHVY:0.21428571428571427	SADREYFE:0.21428571428571427	GVAGIKFR:0.35714285714285715	KTLRERLD:0.21428571428571427	SGADRYTL:0.21428571428571427	YLDWINVM:0.42857142857142855	VYLDWINV:0.42857142857142855	PGQGVAGI:0.42857142857142855	RERLDAAS:0.21428571428571427	RSGADRYT:0.21428571428571427	ADRYTLTI:0.21428571428571427	GADRYTLT:0.21428571428571427	GRSGADRY:0.21428571428571427	GIKFRPED:0.21428571428571427	TLRERLDA:0.21428571428571427	GQGVAGIK:0.42857142857142855	DGRSGADR:0.21428571428571427	LKTLRERL:0.21428571428571427	LTIASADR:0.5	YTLTIASA:0.42857142857142855	TEMDRLHV:0.21428571428571427	ADGRSGAD:0.21428571428571427	TIASADRE:0.7142857142857143	RLHVYLDW:0.35714285714285715	RYTLTIAS:0.42857142857142855	LLKTLRER:0.21428571428571427	DWINVMTY:0.2857142857142857	DRLHVYLD:0.21428571428571427	WINVMTYD:0.2857142857142857	LRERLDAA:0.21428571428571427	DRYTLTIA:0.42857142857142855	ASADREYF:0.7142857142857143	INVMTYDF:0.21428571428571427	HVYLDWIN:0.5714285714285714	LDWINVMT:0.2857142857142857	HTEMDRLH:0.21428571428571427	AGIKFRPE:0.21428571428571427	VAGIKFRP:0.21428571428571427	TLTIASAD:0.5	QGVAGIKF:0.35714285714285715	IASADREY:0.7142857142857143	LHVYLDWI:0.5714285714285714	MDRLHVYL:0.21428571428571427	SYDFYGAW:0.35714285714285715	MSYDFYGA:0.35714285714285715	VMSYDFYG:0.2857142857142857	INVMSYDF:0.21428571428571427	NVMSYDFY:0.2857142857142857	WINVMSYD:0.21428571428571427	DWINVMSY:0.21428571428571427	IDWEFPGQ:0.21428571428571427	VDIDWEFP:0.2857142857142857	DIDWEFPG:0.21428571428571427	LDWINVMS:0.21428571428571427	EYPGQGVA:0.21428571428571427	REYFDHTE:0.35714285714285715	ADREYFDH:0.35714285714285715	DREYFDHT:0.35714285714285715	WEYPGQGV:0.2857142857142857	VDIDWEYP:0.2857142857142857	DIDWEYPG:0.35714285714285715	SADREYFD:0.5	EYFDHTEM:0.35714285714285715	FTLLLKTL:0.21428571428571427	IDWEYPGQ:0.35714285714285715	NFTLLLKT:0.21428571428571427	DWEYPGQG:0.2857142857142857	TLLLKTLR:0.21428571428571427	YPGQGVAG:0.21428571428571427	QNFTLLLK:0.2857142857142857	KQNFTLLL:0.2857142857142857	EDKQNFTL:0.2857142857142857	DKQNFTLL:0.2857142857142857	KLHVYLDW:0.21428571428571427	
