cluster number:263
GH18:9	GH18:9
PEDRRNCT:0.3333333333333333	ELRRQLDK:0.2222222222222222	RPEDRRNC:0.3333333333333333	YRPEDRRN:0.3333333333333333	CGLPENTY:0.2222222222222222	LTAAILDW:0.2222222222222222	PENTYRPE:0.2222222222222222	WINVMCYD:0.2222222222222222	RRNCTLLF:0.3333333333333333	TYRPEDRR:0.2222222222222222	AAILDWIN:0.3333333333333333	MCYDFYGA:0.2222222222222222	LEVSTGKR:0.2222222222222222	EDRRNCTL:0.3333333333333333	EYPVCCGL:0.2222222222222222	CCGLPENT:0.2222222222222222	YLLTAAIL:0.2222222222222222	ILDWINVM:0.2222222222222222	LRRQLDKL:0.2222222222222222	LPENTYRP:0.2222222222222222	CTLLFEEL:0.3333333333333333	RQLDKLEV:0.2222222222222222	DWINVMCY:0.2222222222222222	CYDFYGAW:0.2222222222222222	TGKRYLLT:0.2222222222222222	NTYRPEDR:0.2222222222222222	GKRYLLTA:0.2222222222222222	YPVCCGLP:0.2222222222222222	QLDKLEVS:0.2222222222222222	ENTYRPED:0.2222222222222222	TLLFEELR:0.3333333333333333	LLFEELRR:0.2222222222222222	STGKRYLL:0.2222222222222222	GLPENTYR:0.2222222222222222	VCCGLPEN:0.3333333333333333	VDIDWEYP:0.5555555555555556	RRQLDKLE:0.2222222222222222	IDWEYPVC:0.2222222222222222	DKLEVSTG:0.2222222222222222	PVCCGLPE:0.3333333333333333	DWEYPVCC:0.2222222222222222	EELRRQLD:0.2222222222222222	INVMCYDF:0.2222222222222222	AILDWINV:0.2222222222222222	NVMCYDFY:0.2222222222222222	VMCYDFYG:0.2222222222222222	FEELRRQL:0.2222222222222222	TAAILDWI:0.2222222222222222	DRRNCTLL:0.3333333333333333	RYLLTAAI:0.3333333333333333	EVSTGKRY:0.2222222222222222	RNCTLLFE:0.3333333333333333	WEYPVCCG:0.2222222222222222	DIDWEYPV:0.4444444444444444	VSTGKRYL:0.2222222222222222	LFEELRRQ:0.2222222222222222	KLEVSTGK:0.2222222222222222	KRYLLTAA:0.2222222222222222	LLTAAILD:0.2222222222222222	LDKLEVST:0.2222222222222222	NCTLLFEE:0.3333333333333333	INIMTYDL:0.5555555555555556	WINIMTYD:0.5555555555555556	IMTYDLYG:0.6666666666666666	TYDLYGAW:0.7777777777777778	VDIDWEFP:0.4444444444444444	MTYDLYGA:0.7777777777777778	LDWINIMT:0.4444444444444444	NIMTYDLY:0.5555555555555556	DWINIMTY:0.5555555555555556	TCQRNADK:0.2222222222222222	DIDWEFPT:0.3333333333333333	WEFPTSVG:0.2222222222222222	DWEFPTSV:0.2222222222222222	SLDWINIM:0.2222222222222222	MRTAFDSA:0.2222222222222222	YVEDPNGS:0.2222222222222222	RTAFDSAG:0.2222222222222222	IDWEFPTS:0.2222222222222222	CTSGNTCQ:0.2222222222222222	TSGNTCQR:0.2222222222222222	ACTSGNTC:0.2222222222222222	IACTSGNT:0.2222222222222222	GIACTSGN:0.2222222222222222	
