cluster number:172
GH18:46	GH18:46|CBM14:31|3.2.1.14:5
GLDLDWEY:0.6304347826086957	KTLLAVGG:0.43478260869565216	FINVMTYD:0.2608695652173913	VMTYDFHG:0.2608695652173913	YEIAEIAK:0.2391304347826087	YPGSRGSP:0.34782608695652173	IDAGYEIA:0.2826086956521739	INVMTYDF:0.21739130434782608	YFTNWSQY:0.2826086956521739	RTHGFDGL:0.21739130434782608	FTNWSQYR:0.2826086956521739	AVGGWNFG:0.2826086956521739	LAVGGWNF:0.2608695652173913	VWALDLDD:0.2391304347826087	DAGYEIAE:0.2608695652173913	DLDWEYPG:0.5434782608695652	EYPGSRGS:0.34782608695652173	FDGLDLDW:0.717391304347826	CYFTNWSQ:0.2826086956521739	WALDLDDF:0.2608695652173913	GYEIAEIA:0.2391304347826087	LRTHGFDG:0.21739130434782608	DGLDLDWE:0.6956521739130435	THGFDGLD:0.21739130434782608	FTGHNSPL:0.21739130434782608	LDLDWEYP:0.6304347826086957	LDWEYPGS:0.391304347826087	DWEYPGSR:0.3695652173913043	LLAVGGWN:0.32608695652173914	TLLAVGGW:0.45652173913043476	WEYPGSRG:0.30434782608695654	TNWSQYRP:0.34782608695652173	LKTLLAVG:0.45652173913043476	HGFDGLDL:0.34782608695652173	GFDGLDLD:0.5434782608695652	NWSQYRPG:0.2391304347826087	SRGSPPED:0.2391304347826087	GSPPEDKQ:0.3695652173913043	PPEDKQRF:0.30434782608695654	RGSPPEDK:0.34782608695652173	PEDKQRFT:0.30434782608695654	GTYTREAG:0.21739130434782608	SPPEDKQR:0.30434782608695654	GSRGSPPE:0.2391304347826087	PGSRGSPP:0.32608695652173914	TGHNSPLY:0.43478260869565216	LVCYFTNW:0.2391304347826087	QRFTLLCK:0.21739130434782608	CTHLIYAF:0.41304347826086957	DKQRFTLL:0.21739130434782608	AGFWSYYE:0.21739130434782608	YYEICTFL:0.21739130434782608	EWNDETLY:0.2391304347826087	TREAGFWS:0.21739130434782608	REAGFWSY:0.21739130434782608	KQRFTLLC:0.21739130434782608	FWSYYEIC:0.2391304347826087	FTLLCKEL:0.2391304347826087	LCTHLIYA:0.391304347826087	THLIYAFS:0.2391304347826087	EAGFWSYY:0.21739130434782608	RFTLLCKE:0.2391304347826087	GFWSYYEI:0.2391304347826087	
