cluster number:78
GH18:6	GH18:6|CBM13:2|CBM5:1
GLTPIAGK:0.3333333333333333	MTMDFGDG:0.5	AGGNVIIS:0.3333333333333333	TCTSVSSL:0.5	NVIISFGG:0.3333333333333333	ASKGVQEL:0.3333333333333333	DFDIEGSV:0.5	TRLDFDIE:0.8333333333333334	QELSFWEV:0.3333333333333333	ELSFWEVD:0.5	AQTCTSVS:0.6666666666666666	GGAEGGEL:0.3333333333333333	VNLVNIMT:0.3333333333333333	GGELAQTC:0.6666666666666666	GVQELSFW:0.3333333333333333	AEGGELAQ:0.3333333333333333	SRRDQALA:0.3333333333333333	RLDFDIEG:1.0	RDQALAAL:0.5	YTLAFLTP:0.5	PAHYSAPY:0.5	LGLTPIAG:0.3333333333333333	AASKGVQE:0.3333333333333333	RRDQALAA:0.5	WEVDGYDK:0.6666666666666666	DIEGSVLD:0.3333333333333333	FWEVDGYD:0.6666666666666666	DQALAALQ:0.5	TPIAGKND:0.5	LVNIMTMD:0.3333333333333333	AFLTPKSG:0.5	TLAFLTPK:0.5	FAASKGVQ:0.3333333333333333	VTRLDFDI:0.8333333333333334	VQELSFWE:0.3333333333333333	GDKFYTLA:0.5	FLTPKSGC:0.5	LTPIAGKN:0.3333333333333333	TLESFAAS:0.3333333333333333	EGGELAQT:0.3333333333333333	DKFYTLAF:0.5	LDFDIEGS:0.5	GELAQTCT:0.6666666666666666	LAQTCTSV:0.5	KFYTLAFL:0.5	SFWEVDGY:0.3333333333333333	EVDGYDKG:0.3333333333333333	LTPKSGCT:0.5	GAEGGELA:0.3333333333333333	NIMTMDFG:0.3333333333333333	TPKSGCTP:0.3333333333333333	FDIEGSVL:0.5	FPAHYSAP:0.3333333333333333	VIISFGGA:0.6666666666666666	LAFLTPKS:0.5	GGNVIISF:0.3333333333333333	VNIMTMDF:0.5	GNVIISFG:0.3333333333333333	QTCTSVSS:0.5	IISFGGAE:0.3333333333333333	FGGAEGGE:0.3333333333333333	ASGDKFYT:0.5	SGDKFYTL:0.5	DFTLPVDP:0.3333333333333333	ELAQTCTS:0.5	SFGGAEGG:0.3333333333333333	LSFWEVDG:0.3333333333333333	ISFGGAEG:0.3333333333333333	FYTLAFLT:0.5	NLVNIMTM:0.3333333333333333	PIAGKNDD:0.5	AHYSAPYL:0.5	HYSAPYLQ:0.3333333333333333	GYAYSKIF:0.3333333333333333	AAYANIVN:0.3333333333333333	CTSVSSLT:0.3333333333333333	GGAAGGEL:0.3333333333333333	AYANIVNT:0.3333333333333333	ALAALQAQ:0.3333333333333333	NTYGVTRL:0.3333333333333333	LAFWEVDG:0.3333333333333333	GVTRLDFD:0.6666666666666666	VSSLTAAY:0.5	QELAFWEV:0.3333333333333333	QALAALQA:0.5	IISFGGAA:0.3333333333333333	AALQAQNP:0.3333333333333333	GVQELAFW:0.3333333333333333	IVNTYGVT:0.3333333333333333	TSVSSLTA:0.3333333333333333	ELAFWEVD:0.3333333333333333	AGGELAQT:0.3333333333333333	SGCTPMWE:0.3333333333333333	YGVTRLDF:0.6666666666666666	ISFGGAAG:0.3333333333333333	ANIVNTYG:0.3333333333333333	NIVNTYGV:0.5	YAYSKIFQ:0.3333333333333333	AYSKIFQK:0.3333333333333333	LAALQAQN:0.3333333333333333	GAAGGELA:0.3333333333333333	TYGVTRLD:0.6666666666666666	YSKIFQKI:0.3333333333333333	SFGGAAGG:0.3333333333333333	SVSSLTAA:0.3333333333333333	FGGAAGGE:0.3333333333333333	VNTYGVTR:0.3333333333333333	YANIVNTY:0.3333333333333333	VQELAFWE:0.3333333333333333	LTAAYANI:0.3333333333333333	TAAYANIV:0.3333333333333333	AFWEVDGY:0.3333333333333333	AAGGELAQ:0.3333333333333333	ESFAASNG:0.3333333333333333	MMGLTPIA:0.3333333333333333	FAASNGVQ:0.3333333333333333	GTTPPPPT:0.3333333333333333	GGTTPPPP:0.3333333333333333	MGLTPIAG:0.3333333333333333	ASNGVQEL:0.3333333333333333	SFAASNGV:0.3333333333333333	AASNGVQE:0.3333333333333333	TTPPPPTG:0.3333333333333333	LESFAASN:0.3333333333333333	NQALAALQ:0.3333333333333333	GDVIISFG:0.3333333333333333	RRNQALAA:0.3333333333333333	YTLAFLIP:0.3333333333333333	TRRNQALA:0.3333333333333333	RNQALAAL:0.3333333333333333	DVIISFGG:0.3333333333333333	VQVDYTLA:0.3333333333333333	QVDYTLAV:0.3333333333333333	LDFDIEGG:0.3333333333333333	DTYGVTRL:0.3333333333333333	IVDTYGVT:0.3333333333333333	ELAQTCTN:0.3333333333333333	VDTYGVTR:0.3333333333333333	
