cluster number:179
GH18:6	GH18:6
WEAAGDKT:0.3333333333333333	GAAWSYDA:0.3333333333333333	LMAYDYAG:0.5	AMFWEAAG:0.3333333333333333	NLKTLLSI:0.3333333333333333	DIDWEYPE:0.3333333333333333	LLSIGGYT:0.3333333333333333	GGYTYSQQ:0.3333333333333333	SIGGYTYS:0.3333333333333333	LGGAMFWE:0.3333333333333333	YTYSQQGK:0.3333333333333333	IGGYTYSQ:0.3333333333333333	LKTLLSIG:0.3333333333333333	EAAGDKTG:0.3333333333333333	RNLKTLLS:0.3333333333333333	FWEAAGDK:0.3333333333333333	GYTYSQQG:0.3333333333333333	KTLLSIGG:0.5	TLLSIGGY:0.3333333333333333	KAMDQYVD:0.3333333333333333	LSIGGYTY:0.3333333333333333	GAMFWEAA:0.3333333333333333	STKFNTDQ:0.3333333333333333	MFWEAAGD:0.3333333333333333	TYSQQGKF:0.3333333333333333	GGAMFWEA:0.3333333333333333	DGIDIDWE:0.3333333333333333	HLLYAFGD:0.3333333333333333	GLPLYGRS:0.5	HYLLTVAA:0.3333333333333333	YHYLLTVA:0.5	WHLMAYDY:0.3333333333333333	LLTVAASA:0.3333333333333333	LVLGLPLY:0.5	YLLTVAAS:0.3333333333333333	VLGLPLYG:0.5	LTVAASAG:0.3333333333333333	LGLPLYGR:0.6666666666666666	IDIDWEYP:0.3333333333333333	THLLYAFG:0.3333333333333333	TVAASAGP:0.3333333333333333	SKLVLGLP:0.3333333333333333	GIDIDWEY:0.3333333333333333	KLVLGLPL:0.3333333333333333	HLMAYDYA:0.3333333333333333	VTHLLYAF:0.3333333333333333	LPLYGRSY:0.3333333333333333	
