cluster number:242
GH18:12	GH18:12|CBM6:4|CBM12:2|3.2.1.14:2|CBM10:1
HNSPATIE:0.25	KLLTCATA:0.3333333333333333	DAIGPSWG:0.4166666666666667	NVMSYDAI:0.25	KARGKLLT:0.25	YDAIGPSW:0.4166666666666667	VMSYDAIG:0.25	AGGVIPGC:0.25	LGVPFYGY:1.0	VPFYGYGF:0.8333333333333334	RGKLLTCA:0.25	TASYEGGM:0.25	GVIPGCSG:0.25	NLSFANPD:0.25	GGVIPGCS:0.25	SYDAIGPS:0.4166666666666667	SQDSPDHA:0.25	GKLLTCAT:0.25	LTCATASY:0.3333333333333333	LSFANPDA:0.25	LLTCATAS:0.3333333333333333	QDSPDHAL:0.25	ANWSYRDL:0.25	SYEGGMIP:0.3333333333333333	ARGKLLTC:0.25	YEGGMIPV:0.3333333333333333	GMIPVGSI:0.25	GVPFYGYG:0.9166666666666666	ATASYEGG:0.25	DSPDHALT:0.25	THNSPATI:0.25	MSYDAIGP:0.5	ASYEGGMI:0.25	GGMIPVGS:0.25	EGGMIPVG:0.25	FYGYGFGS:0.3333333333333333	ERLVLGVP:0.25	DGIDIDIE:0.25	LVLGVPFY:0.8333333333333334	LDGIDIDI:0.25	VLGVPFYG:0.8333333333333334	GIDIDIEG:0.25	RLVLGVPF:0.25	SVAGGVIP:0.4166666666666667	PFYGYGFG:0.6666666666666666	AGGVMVWE:0.25	YGYGFGSY:0.25	SKLTHINI:0.25	TSSLPYFD:0.25	VLVSVAGG:0.25	TQLALQEG:0.25	CSYITYNG:0.3333333333333333	DNAGNYTP:0.4166666666666667	GNYTPFIQ:0.5	NAGNYTPF:0.4166666666666667	EGSGVMIW:0.25	NLDGLDVD:0.25	YTPFIQAL:0.3333333333333333	GKLLTSAT:0.25	QALRNGLP:0.25	LDGLDVDI:0.25	IQALRNGL:0.25	FDFVNIMS:0.3333333333333333	VPTSSLPY:0.25	SLPYFDFV:0.3333333333333333	KTQLALQE:0.25	IPSYKNMT:0.25	MVPTSSLP:0.25	LPYFDFVN:0.3333333333333333	KLLTSATA:0.25	VKVLVSVA:0.25	LQEGSGVM:0.25	HQAGVKVL:0.25	VGYIPSYK:0.3333333333333333	VSVAGGVI:0.25	TPFIQALR:0.25	ATGGWQNW:0.3333333333333333	LVSVAGGV:0.25	DLSKLTHI:0.3333333333333333	KNMTAVVD:0.25	VAGGVIPS:0.25	DKLVLGVP:0.3333333333333333	GGMVPTSS:0.25	QLALQEGS:0.25	PSYKNMTA:0.25	KVVGYIPS:0.3333333333333333	FVNIMSYD:0.3333333333333333	VNIMSYDA:0.3333333333333333	GSGVMIWE:0.4166666666666667	PFIQALRN:0.25	LLTSATAS:0.25	GMVPTSSL:0.25	GCSYITYN:0.3333333333333333	GVIPSCSG:0.25	LTSATASY:0.25	FIQALRNG:0.25	DFVNIMSY:0.3333333333333333	YKNMTAVV:0.25	LSKLTHIN:0.3333333333333333	LALQEGSG:0.25	AGNYTPFI:0.5	KAHQAGVK:0.25	SSLPYFDF:0.25	PATGGWQN:0.3333333333333333	AHQAGVKV:0.25	YIPSYKNM:0.25	AGVKVLVS:0.3333333333333333	PTSSLPYF:0.25	NMTAVVDS:0.25	DGLDVDIE:0.25	VVGYIPSY:0.3333333333333333	GGVIPSCS:0.25	PYFDFVNI:0.25	NYTPFIQA:0.3333333333333333	KLVLGVPF:0.5833333333333334	QEGSGVMI:0.25	ALQEGSGV:0.25	IDNAGNYT:0.4166666666666667	QAGVKVLV:0.25	YFDFVNIM:0.3333333333333333	GYIPSYKN:0.25	AGGVIPSC:0.25	SYKNMTAV:0.25	KVLVSVAG:0.25	GLDVDIEG:0.25	GVKVLVSV:0.25	KDKLVLGV:0.25	TWKARGLS:0.25	FYGYGFGG:0.25	LTHINLSF:0.25	VMIWELSQ:0.4166666666666667	IWELSQDA:0.25	SGVMIWEL:0.3333333333333333	TDLSKLTH:0.25	GVMIWELS:0.4166666666666667	MIWELSQD:0.4166666666666667	MSYDAVGP:0.25	IPATGGWQ:0.25	
