cluster number:95
GH18:31	GH18:31|CBM5:8|3.2.1.14:2
GGWNDPAI:0.2903225806451613	YDLHGAWN:0.3225806451612903	ASGGWNDP:0.22580645161290322	NFKALLAE:0.3548387096774194	VDTVNDRA:0.22580645161290322	AAYGRGWT:0.22580645161290322	DIDWEWPG:0.5806451612903226	GNIQGYDL:0.5161290322580645	RANFKALL:0.25806451612903225	FGNIQGYD:0.22580645161290322	ANFKALLA:0.3548387096774194	GLAAYGRG:0.25806451612903225	DRANFKAL:0.25806451612903225	VNDRANFK:0.22580645161290322	GYDLHGAW:0.6451612903225806	IQGYDLHG:0.4838709677419355	EFRTQLDA:0.2903225806451613	FRTQLDAY:0.25806451612903225	LDFGNIQG:0.22580645161290322	LAAYGRGW:0.25806451612903225	GWNDPAIF:0.2903225806451613	IASGGWND:0.22580645161290322	KALLAEFR:0.3548387096774194	TQLDAYGA:0.25806451612903225	LSAFLPAN:0.7096774193548387	IDWEWPGS:0.45161290322580644	VDIDWEWP:0.3548387096774194	RTQLDAYG:0.25806451612903225	YGRGWTGV:0.3225806451612903	TVNDRANF:0.22580645161290322	LPANPDDI:0.22580645161290322	AFLPANPD:0.22580645161290322	AYGRGWTG:0.25806451612903225	NIQGYDLH:0.45161290322580644	PANPDDIA:0.22580645161290322	NDRANFKA:0.25806451612903225	QGYDLHGA:0.6451612903225806	DFGNIQGY:0.22580645161290322	FLPANPDD:0.22580645161290322	DIASGGWN:0.22580645161290322	FKALLAEF:0.3548387096774194	DTVNDRAN:0.22580645161290322	SAFLPANP:0.7419354838709677	QLDAYGAT:0.41935483870967744	AEFRKQLD:0.22580645161290322	LDYGNIQG:0.25806451612903225	YGNIQGYD:0.2903225806451613	LAEFRKQL:0.22580645161290322	LLAEFRKQ:0.22580645161290322	DYGNIQGY:0.25806451612903225	FLPANPAD:0.3870967741935484	LPANPADI:0.3870967741935484	GNLYDDPA:0.2903225806451613	NYVDTVND:0.22580645161290322	LDYGNVQG:0.22580645161290322	LTGHQGNL:0.2903225806451613	TLTGHQGN:0.2903225806451613	VNKAVTAY:0.22580645161290322	NLYDDPAD:0.4838709677419355	LYDDPADP:0.41935483870967744	TGHQGNLY:0.3870967741935484	GHQGNLYD:0.41935483870967744	SVNKAVTA:0.22580645161290322	LLSAFLPA:0.3548387096774194	NKAVTAYT:0.22580645161290322	AGGWNDPA:0.22580645161290322	GNYVDTVN:0.22580645161290322	YLLSAFLP:0.3548387096774194	DYGNVQGY:0.22580645161290322	YGNVQGYD:0.22580645161290322	FSVNKAVT:0.22580645161290322	HQGNLYDD:0.41935483870967744	AFLPANPA:0.3870967741935484	QGNLYDDP:0.41935483870967744	YDDPADPR:0.3870967741935484	LDAYGATT:0.25806451612903225	DIAAGGWN:0.25806451612903225	LLKEFRTQ:0.22580645161290322	AYGATTGK:0.25806451612903225	DAYGATTG:0.25806451612903225	IAAGGWND:0.22580645161290322	AAGGWNDP:0.22580645161290322	NDKANFKA:0.22580645161290322	KANFKALL:0.22580645161290322	PANPADIA:0.22580645161290322	DKANFKAL:0.22580645161290322	LAGSFNQL:0.22580645161290322	DGIDIDWE:0.22580645161290322	LTHINYSF:0.22580645161290322	AGSFNQLK:0.22580645161290322	GIDIDWEW:0.22580645161290322	SFNQLKQL:0.22580645161290322	IDIDWEWP:0.22580645161290322	FNQLKQLK:0.22580645161290322	PLAGSFNQ:0.22580645161290322	DGAGDAWA:0.22580645161290322	GAGDAWAD:0.22580645161290322	GSFNQLKQ:0.22580645161290322	FDGIDIDW:0.22580645161290322	NGYRNVGY:0.22580645161290322	GYRNVGYF:0.22580645161290322	
