cluster number:225
GH18:190	GH18:190|3.2.1.14:43|3.2.1.17:1
QNGNEGTL:0.2631578947368421	WVQFYNNP:0.5368421052631579	VQFYNNPP:0.4105263157894737	AVLDGVDF:0.22105263157894736	GIAIYWGQ:0.26842105263157895	YNNPPCQY:0.3736842105263158	VWVQFYNN:0.6368421052631579	PLGDAVLD:0.5789473684210527	YWGQNGNE:0.46842105263157896	GLFDYVWV:0.42105263157894735	LSAAPQCP:0.2578947368421053	FDYVWVQF:0.45789473684210524	DGVDFDIE:0.25263157894736843	VLLSIGGG:0.23684210526315788	YVWVQFYN:0.45789473684210524	LFDYVWVQ:0.4263157894736842	AAPQCPFP:0.37894736842105264	LGDAVLDG:0.5842105263157895	WGQNGNEG:0.4631578947368421	FLGLPAAP:0.24210526315789474	GGIAIYWG:0.2	RPLGDAVL:0.5736842105263158	GQNGNEGT:0.2631578947368421	IYWGQNGN:0.3263157894736842	APQCPFPD:0.47368421052631576	AIYWGQNG:0.29473684210526313	NLAGHCDP:0.3368421052631579	FYNNPPCQ:0.37894736842105264	LDGVDFDI:0.24736842105263157	DYVWVQFY:0.45263157894736844	QFYNNPPC:0.5105263157894737	IAIYWGQN:0.3	LNLAGHCD:0.2578947368421053	KVLLSIGG:0.30526315789473685	TGLFDYVW:0.42105263157894735	SRPLGDAV:0.49473684210526314	VLDGVDFD:0.21578947368421053	AVLDGIDF:0.5631578947368421	SSRPLGDA:0.3263157894736842	KYGGVMLW:0.46842105263157896	LDGIDFDI:0.5105263157894737	GDAVLDGI:0.43157894736842106	SSSRPLGD:0.3263157894736842	VLDGIDFD:0.45789473684210524	DAVLDGID:0.43157894736842106	DGIDFDIE:0.5052631578947369	KIFLGLPA:0.23157894736842105	YGGVMLWS:0.41578947368421054	GGVMLWSK:0.3105263157894737	NLAGHCNP:0.3368421052631579	LTAAPQCP:0.24736842105263157	LAGHCNPA:0.20526315789473684	LWNNFLGG:0.34210526315789475	LNLAGHCN:0.23157894736842105	YLWNNFLG:0.33157894736842103	AAGSGFIP:0.2	PVLNLAGH:0.21052631578947367	VLNLAGHC:0.21052631578947367	IKVLLSIG:0.2	
