cluster number:11
GH18:544	GH18:544|CBM2:156|CBM5:17|3.2.1.14:14|CBM12:7|CBM73:7|CBM13:1|AA10:1|CBM57:1
TAPHSPLT:0.5716911764705882	NACGLTCD:0.4025735294117647	ACGLTCDT:0.2849264705882353	PNACGLTC:0.375	MTYDFFGA:0.35661764705882354	GPTAPHSP:0.7518382352941176	PHSPLTSY:0.4577205882352941	APHSPLTS:0.45955882352941174	AQGPTAPH:0.2922794117647059	GLTCDTSG:0.2922794117647059	PTAPHSPL:0.7481617647058824	KLLLGIGF:0.45955882352941174	QGPTAPHS:0.34558823529411764	CGLTCDTS:0.28860294117647056	GKIDAADY:0.3547794117647059	GLSCDTSG:0.21507352941176472	CGLSCDTS:0.21691176470588236	GGKIDAAD:0.3547794117647059	TYDFFGAW:0.27389705882352944	SKLLLGIG:0.21323529411764705	VMTYDFFG:0.2555147058823529	NACGLSCD:0.27205882352941174	NVMTYDFF:0.24632352941176472	VEDPRWAD:0.28125	GNFNQLRK:0.21323529411764705	QPLRGNFN:0.23897058823529413	LLGIGFYG:0.38786764705882354	GWTWSGGF:0.37316176470588236	EDPRWADV:0.2849264705882353	LLLGIGFY:0.35661764705882354	DGVADTWD:0.3014705882352941	YGRGWTGV:0.4540441176470588	PLRGNFNQ:0.23897058823529413	VADTWDQP:0.26286764705882354	EYPNACGL:0.4889705882352941	LWSFGGWT:0.26838235294117646	LRGNFNQL:0.33455882352941174	DYAGAAQY:0.22794117647058823	GFYGRGWT:0.4540441176470588	SYDTPATI:0.2426470588235294	NLVTAAIT:0.21875	LVEDPRWA:0.26286764705882354	SVDGVADT:0.2977941176470588	RGNFNQLR:0.2775735294117647	NFNQLRKL:0.21507352941176472	IGFYGRGW:0.43566176470588236	GRGWTGVT:0.4172794117647059	FYGRGWTG:0.44669117647058826	DWEYPNAC:0.5349264705882353	PRWADVFD:0.32536764705882354	HINYAFGN:0.30330882352941174	WEYPNACG:0.5404411764705882	FNQLRKLK:0.30514705882352944	WSYDTPAT:0.29044117647058826	WSFGGWTW:0.375	THINYAFG:0.3125	WYNVMTYD:0.3805147058823529	VDGVADTW:0.29963235294117646	GIGFYGRG:0.4375	DPRWADVF:0.3235294117647059	INYAFGNV:0.3125	LVTAAITA:0.49264705882352944	WADVFDGI:0.3860294117647059	DQPLRGNF:0.23897058823529413	DWYNVMTY:0.31066176470588236	TWDQPLRG:0.2959558823529412	WDQPLRGN:0.23897058823529413	SFGGWTWS:0.4172794117647059	RWADVFDG:0.3547794117647059	RGWTGVTQ:0.4025735294117647	YNVMTYDF:0.23897058823529413	WWSYDTPA:0.29044117647058826	LGIGFYGR:0.3952205882352941	IEDYKVLK:0.30330882352941174	LGGAFFWE:0.27389705882352944	ADVFDGID:0.3860294117647059	GIEDYKVL:0.3272058823529412	ADTWDQPL:0.30330882352941174	GGWTWSGG:0.375	FGGWTWSG:0.36764705882352944	GTAYAHCG:0.2261029411764706	DTWDQPLR:0.30514705882352944	VTAAITAD:0.4963235294117647	YPNACGLT:0.29963235294117646	GVADTWDQ:0.2849264705882353	VFDGIDID:0.29044117647058826	DAADYAGA:0.25	IDAADYAG:0.22242647058823528	IDIDWEYP:0.31433823529411764	DGIDIDWE:0.31433823529411764	FFWELSGD:0.2426470588235294	AADYAGAA:0.2757352941176471	KIDAADYA:0.22242647058823528	DIDWEYPN:0.37316176470588236	DVFDGIDI:0.2426470588235294	IDWEYPNA:0.35294117647058826	GIDIDWEY:0.31433823529411764	FWELSGDT:0.24448529411764705	ADYAGAAQ:0.26838235294117646	FDGIDIDW:0.3014705882352941	APGGTATG:0.28308823529411764	VLWSFGGW:0.22242647058823528	KVLWSFGG:0.22058823529411764	MTYDYFGA:0.3327205882352941	AAITADGS:0.27205882352941174	TAAITADG:0.34558823529411764	PGGTATGP:0.22242647058823528	NWWSYDTP:0.25735294117647056	GGTATGPA:0.22242647058823528	GLGGAFFW:0.2610294117647059	QGLGGAFF:0.24816176470588236	
