cluster number:66
GH18:12	GH18:12
VADNLWNA:0.3333333333333333	NTVIISFY:0.25	IPVFLSIG:0.25	IHVRFYGD:0.3333333333333333	FWGRNKEE:0.25	PVEVYLKY:0.3333333333333333	NKEEGTLR:0.25	GRNKEEGT:0.25	WGRNKEEG:0.25	RNKEEGTL:0.25	DLSGHPLD:0.25	TVFWGRNK:0.5833333333333334	LYNTVIIS:0.25	DVPRPFGD:0.25	LSGHPLDG:0.25	GLYNTVII:0.25	SGHPLDGV:0.25	VFWGRNKE:0.25	VYLKYLYY:0.4166666666666667	LTATPRCA:0.3333333333333333	GIPVFLSI:0.25	FERIHVRF:0.5833333333333334	LTVFWGRN:0.5	VRLTATPR:0.4166666666666667	RTGELTVF:0.25	YNTVIISF:0.3333333333333333	EEGTLREA:0.25	GELTVFWG:0.3333333333333333	GHPLDGVG:0.25	DELARRLD:0.25	RIHVRFYG:0.4166666666666667	ELTVFWGR:0.3333333333333333	VEVYLKYL:0.3333333333333333	GLFERIHV:0.4166666666666667	TGLFERIH:0.4166666666666667	EGTLREAC:0.4166666666666667	RLTATPRC:0.4166666666666667	AVADNLWN:0.3333333333333333	TGLYNTVI:0.25	EVYLKYLY:0.3333333333333333	YDELARRL:0.4166666666666667	LFERIHVR:0.5833333333333334	PPVEVYLK:0.3333333333333333	ERIHVRFY:0.5833333333333334	KEEGTLRE:0.25	TGELTVFW:0.3333333333333333	SDVPRPFG:0.25	PFGDAVLD:0.25	EACDTGLY:0.4166666666666667	VFWGRNKD:0.25	FGDAVLDG:0.25	WGRNKDEG:0.3333333333333333	RPFGDAVL:0.25	NKDEGSLR:0.25	FWGRNKDE:0.25	DAVLDGVD:0.25	RNKDEGSL:0.25	LREACDTG:0.5	GDAVLDGV:0.25	GRNKDEGS:0.25	REACDTGL:0.3333333333333333	CSYAGCVN:0.25	ARALRTGL:0.25	DQWSKWTA:0.25	VGLAAAES:0.25	AAAESGVP:0.25	APPPVEVY:0.25	VWNRFTDN:0.25	YDLLPKVQ:0.3333333333333333	LAAAESGV:0.25	VKGWAACS:0.25	LYYDLLPK:0.3333333333333333	DLLPKVQK:0.3333333333333333	AAESGVPD:0.25	DPMARALR:0.25	VQKAPNYG:0.25	VPDHAPPP:0.25	TTKYVRLT:0.25	GAVKGWAA:0.25	FTDNRTGY:0.25	YPKSQLYV:0.25	RTGLFERI:0.3333333333333333	QWSKWTAR:0.3333333333333333	WAACSYAG:0.25	PRCAFPPD:0.25	GYSGAVKG:0.25	GWAACSYA:0.25	QLYVGLAA:0.25	ALRTGLFE:0.3333333333333333	PDDPMARA:0.25	KAPNYGGV:0.25	MYYHATTK:0.25	GVPDHAPP:0.25	YYHATTKY:0.25	NRFTDNRT:0.25	ACSYAGCV:0.25	PPPVEVYL:0.25	YVGLAAAE:0.25	GGVMVWNR:0.25	KGWAACSY:0.25	WSKWTARY:0.3333333333333333	SGVPDHAP:0.25	TKYVRLTA:0.25	DNRTGYSG:0.25	DDPMARAL:0.25	LPKVQKAP:0.25	VMVWNRFT:0.25	KVQKAPNY:0.25	KSQLYVGL:0.25	YHATTKYV:0.25	LRTGLFER:0.3333333333333333	GVMVWNRF:0.25	VRFYGDAD:0.25	RFTDNRTG:0.25	TDNRTGYS:0.25	FPPDDPMA:0.25	FYGDADKC:0.25	WNRFTDNR:0.25	LLPKVQKA:0.3333333333333333	KYVRLTAT:0.25	PNYGGVMV:0.25	ESGVPDHA:0.25	LYVGLAAA:0.25	YGGVMVWN:0.25	HATTKYVR:0.25	PKSQLYVG:0.25	DHAPPPVE:0.25	ATPRCAFP:0.25	PDHAPPPV:0.25	WTARYPKS:0.25	ATTKYVRL:0.25	NRTGYSGA:0.25	TARYPKSQ:0.25	AFPPDDPM:0.25	KWTARYPK:0.25	CAFPPDDP:0.25	YLKYLYYD:0.3333333333333333	YLYYDLLP:0.3333333333333333	RCAFPPDD:0.25	TPRCAFPP:0.25	MVWNRFTD:0.25	HAPPPVEV:0.25	QKAPNYGG:0.3333333333333333	HVRFYGDA:0.25	AVKGWAAC:0.25	SGAVKGWA:0.25	YSGAVKGW:0.25	RFYGDADK:0.25	VDQWSKWT:0.25	RTGYSGAV:0.25	AESGVPDH:0.25	SGVVDQWS:0.25	NYGGVMVW:0.3333333333333333	GLAAAESG:0.25	SQLYVGLA:0.25	VVDQWSKW:0.25	VSGVVDQW:0.25	KYLYYDLL:0.3333333333333333	SKWTARYP:0.3333333333333333	PMARALRT:0.25	TATPRCAF:0.25	ARYPKSQL:0.25	MARALRTG:0.25	LKYLYYDL:0.3333333333333333	GVVDQWSK:0.25	PKVQKAPN:0.25	TGYSGAVK:0.25	RYPKSQLY:0.25	PPDDPMAR:0.25	YYDLLPKV:0.3333333333333333	YVRLTATP:0.25	APNYGGVM:0.25	RALRTGLF:0.25	AACSYAGC:0.25	HYDELARR:0.3333333333333333	HPLAGVGA:0.25	GHPLAGVG:0.25	PLAGVGAD:0.25	GADVKHCQ:0.25	TLREACDT:0.3333333333333333	VGADVKHC:0.25	LDLSGHPL:0.25	GTLREACD:0.3333333333333333	CDTGLYTT:0.25	VFRPFGDA:0.3333333333333333	VFGHGRYW:0.4166666666666667	HLWHAYLG:0.25	LWHAYLGG:0.25	HAYLGGGR:0.25	SVFGHGRY:0.5	DTGLYTTV:0.25	GVFRPFGD:0.3333333333333333	WHAYLGGG:0.25	ISFYSVFG:0.4166666666666667	ADIKHCQS:0.3333333333333333	HGRYWGDL:0.25	SFYSVFGH:0.4166666666666667	IHVRFYDD:0.25	GADIKHCQ:0.4166666666666667	YSVFGHGR:0.4166666666666667	RIHVRFYD:0.25	FGHGRYWG:0.25	FYSVFGHG:0.4166666666666667	GRYWGDLS:0.25	RYWGDLSG:0.25	YWGDLSGH:0.25	RPFGDAAV:0.3333333333333333	GHGRYWGD:0.25	VGADIKHC:0.3333333333333333	VIISFYSV:0.25	IISFYSVF:0.25	GVGADIKH:0.3333333333333333	
