cluster number:245
GH18:13	GH18:13
FINVMTYD:0.46153846153846156	INVMTYDL:0.38461538461538464	NVMTYDLY:0.38461538461538464	DFINVMTY:0.46153846153846156	TYDLYGAW:0.3076923076923077	VDIDWEFP:0.3076923076923077	LDFINVMT:0.38461538461538464	VMTYDLYG:0.38461538461538464	MTYDLYGA:0.38461538461538464	TYDFYGAW:0.23076923076923078	VDIDWEYP:0.6923076923076923	DIDWEYPG:0.5384615384615384	IDWEYPGQ:0.5384615384615384	MTYDFYGA:0.23076923076923078	DFTEMDKL:0.46153846153846156	HVYLDFIN:0.5384615384615384	EMDKLHVY:0.5384615384615384	EYFDFTEM:0.46153846153846156	VYLDFINV:0.5384615384615384	FTALLKTL:0.5384615384615384	NFTALLKT:0.5384615384615384	DREYFDFT:0.5384615384615384	YPGQSVAG:0.38461538461538464	FDFTEMDK:0.46153846153846156	DWEYPGQS:0.38461538461538464	GQSVAGIK:0.6153846153846154	VAGIKSRP:0.6153846153846154	SADREYFD:0.6153846153846154	LTIASADR:0.6153846153846154	YFDFTEMD:0.46153846153846156	LLTIASAD:0.6153846153846154	TIASADRE:0.6153846153846154	DKQNFTAL:0.5384615384615384	PGQSVAGI:0.6153846153846154	LHVYLDFI:0.5384615384615384	EYPGQSVA:0.38461538461538464	KQNFTALL:0.5384615384615384	TEMDKLHV:0.5384615384615384	RYLLTIAS:0.6153846153846154	ASADREYF:0.6153846153846154	WEYPGQSV:0.38461538461538464	ALLKTLRA:0.5384615384615384	SVAGIKSR:0.6153846153846154	YLLTIASA:0.6153846153846154	QNFTALLK:0.5384615384615384	DKLHVYLD:0.6153846153846154	FTEMDKLH:0.46153846153846156	QSVAGIKS:0.6153846153846154	REYFDFTE:0.5384615384615384	KLHVYLDF:0.5384615384615384	YLDFINVM:0.5384615384615384	ADREYFDF:0.5384615384615384	TALLKTLR:0.5384615384615384	IASADREY:0.6153846153846154	MDKLHVYL:0.5384615384615384	NRYLLTIA:0.38461538461538464	PADKQNFT:0.38461538461538464	RARLGNRY:0.38461538461538464	RLGNRYLL:0.38461538461538464	LRARLGNR:0.38461538461538464	MCYDLYGA:0.23076923076923078	IKSRPADK:0.38461538461538464	ARLGNRYL:0.38461538461538464	ADKQNFTA:0.38461538461538464	VMCYDLYG:0.23076923076923078	KSRPADKQ:0.38461538461538464	GNRYLLTI:0.38461538461538464	SRPADKQN:0.38461538461538464	GIKSRPAD:0.38461538461538464	AGIKSRPA:0.38461538461538464	LGNRYLLT:0.38461538461538464	TLRARLGN:0.38461538461538464	LKTLRARL:0.38461538461538464	RPADKQNF:0.38461538461538464	KTLRARLG:0.38461538461538464	NVMCYDLY:0.23076923076923078	LLKTLRAR:0.38461538461538464	FPGQSVAG:0.23076923076923078	DWEFPGQS:0.23076923076923078	IDWEFPGQ:0.23076923076923078	DIDWEFPG:0.23076923076923078	EFPGQSVA:0.23076923076923078	WEFPGQSV:0.23076923076923078	
