cluster number:76
GH18:52	GH18:52|CBM5:18|CBM12:8|3.2.1.14:2|CBM2:1|CBM18:1
VSTGGAAG:0.28846153846153844	STGGAAGS:0.46153846153846156	TPMIGGND:0.6538461538461539	QIEVTPMI:0.2692307692307692	INNLVARV:0.23076923076923078	EVTPMIGG:0.2692307692307692	DINNLVAR:0.23076923076923078	SDINNLVA:0.23076923076923078	VTWAFATG:0.2692307692307692	PMIGGNDS:0.2692307692307692	VTPMIGGN:0.2692307692307692	QSDINNLV:0.23076923076923078	IEVTPMIG:0.3076923076923077	NLRFSFTL:0.25	CGSENWGG:0.2692307692307692	GSENWGGV:0.21153846153846154	QSAIQAAM:0.23076923076923078	DFDIEGGQ:0.25	HFWSFDRD:0.3076923076923077	CQMGQSAI:0.21153846153846154	LVGIDFDI:0.23076923076923078	LMTMDYGS:0.28846153846153844	PNLRFSFT:0.5576923076923077	GVPYSQIE:0.2692307692307692	WGVPYSQI:0.21153846153846154	GECGSENW:0.2692307692307692	GQSAIQAA:0.25	MTMDYGSA:0.28846153846153844	VGIDFDIE:0.23076923076923078	NLVGIDFD:0.21153846153846154	MGQSAIQA:0.3076923076923077	QMGQSAIQ:0.21153846153846154	FSFTLATL:0.40384615384615385	IELTPMIG:0.5384615384615384	YPNLRFSF:0.4230769230769231	RFSFTLAT:0.38461538461538464	ANWWTQGN:0.25	TLAFATGE:0.23076923076923078	ATGECGSE:0.40384615384615385	LRFSFTLA:0.36538461538461536	LAFATGEC:0.25	TGECGSEN:0.23076923076923078	SFTLATLG:0.21153846153846154	AFATGECG:0.4230769230769231	FATGECGS:0.40384615384615385	NLMTMDYG:0.21153846153846154	YSQIELTP:0.3076923076923077	LRFSFTIA:0.2692307692307692	SQIELTPM:0.3076923076923077	GKKYIVST:0.3269230769230769	IVSTGGAA:0.23076923076923078	NLRFSFTI:0.25	PYSQIELT:0.3076923076923077	QIELTPMI:0.40384615384615385	AGKKYIVS:0.3076923076923077	LTWAFATG:0.25	RFSFTIAT:0.25	KYIVSTGG:0.3269230769230769	YIVSTGGA:0.40384615384615385	KKYIVSTG:0.3269230769230769	AGTLGFTN:0.2692307692307692	GAAGSFTC:0.3076923076923077	DFDIEAGQ:0.36538461538461536	IDFDIEAG:0.25	GIDFDIEA:0.25	TGGAAGSF:0.4423076923076923	IQTYYSAN:0.21153846153846154	FIQTYYSA:0.21153846153846154	FDIEAGQS:0.25	GGAAGSFT:0.3269230769230769	KFIQTYYS:0.21153846153846154	SFTLATLA:0.21153846153846154	VPYSQIEL:0.2692307692307692	ELTPMIGG:0.34615384615384615	ISTGGAAG:0.3269230769230769	GLAGVHFW:0.23076923076923078	LTPMIGGN:0.34615384615384615	NGLAGVHF:0.23076923076923078	LAGVHFWS:0.25	DIEAGQSQ:0.21153846153846154	GVHFWSFD:0.23076923076923078	VHFWSFDR:0.23076923076923078	NWNTNVIS:0.25	
