cluster number:291
GH18:59	GH18:59|CBM14:27|3.2.1.14:3|AA15:2
HGQWDKKT:0.23728813559322035	DYHGQWDK:0.2711864406779661	QWDKKTGH:0.22033898305084745	YDYHGQWD:0.2711864406779661	GQWDKKTG:0.23728813559322035	YGFAVLDY:0.2542372881355932	LCTHIVYG:0.4406779661016949	DKYSRLVN:0.3220338983050847	AGFLAYYE:0.3050847457627119	IWALDLDD:0.3728813559322034	SAGDKYSR:0.423728813559322	MGMPLYGQ:0.3389830508474576	RAAGFLAY:0.288135593220339	MIWALDLD:0.3728813559322034	VCYFTNWA:0.4067796610169492	SAAVSPSK:0.22033898305084745	KKTGHVAP:0.23728813559322035	MVWALDLD:0.2033898305084746	FDGLDLDW:0.559322033898305	WALDLDDF:0.4915254237288136	DLDWEYPK:0.23728813559322035	IKPHDTWA:0.2542372881355932	KPHDTWAD:0.2542372881355932	MGMPMYGQ:0.22033898305084745	DNKFYEKV:0.2033898305084746	LRTINRVL:0.23728813559322035	TGHVAPMY:0.3220338983050847	IVYGFAVL:0.4576271186440678	NWAWYRQG:0.3220338983050847	YFTNWAWY:0.4576271186440678	VWALDLDD:0.2033898305084746	TRAAGFLA:0.288135593220339	FLAYYEIC:0.4067796610169492	LDLDWEYP:0.5254237288135594	WEYPKCWQ:0.23728813559322035	NDSAGDKY:0.4067796610169492	GFAVLDYS:0.23728813559322035	HIVYGFAV:0.4576271186440678	GFLAYYEI:0.4067796610169492	AAGFLAYY:0.3050847457627119	LSAAVSPS:0.3389830508474576	NFDGLDLD:0.3389830508474576	GLLLSAAV:0.2542372881355932	GMPMYGQS:0.23728813559322035	AIGGWNDS:0.4745762711864407	FTNWAWYR:0.4576271186440678	DGLDLDWE:0.5084745762711864	LLRTINRV:0.23728813559322035	WIAVMTYD:0.3559322033898305	ALDLDDFR:0.3220338983050847	PLLRTINR:0.23728813559322035	KVVCYFTN:0.3728813559322034	WNDSAGDK:0.4067796610169492	VVCYFTNW:0.3728813559322034	GLDLDWEY:0.5254237288135594	VMTYDYHG:0.3559322033898305	LDWEYPKC:0.23728813559322035	THIVYGFA:0.4576271186440678	DSWADIDN:0.3389830508474576	DWEYPKCW:0.23728813559322035	DSAGDKYS:0.4745762711864407	MGPYAYKG:0.2033898305084746	CYFTNWAW:0.4406779661016949	ALDLDDFK:0.2033898305084746	MPMYGQSF:0.23728813559322035	CTHIVYGF:0.4576271186440678	GWNDSAGD:0.4067796610169492	WDKKTGHV:0.2711864406779661	YKVVCYFT:0.3050847457627119	GGWNDSAG:0.4067796610169492	DWIAVMTY:0.3559322033898305	TNWAWYRQ:0.3389830508474576	LAIGGWND:0.23728813559322035	AGDKYSRL:0.423728813559322	VYGFAVLD:0.4406779661016949	DKKTGHVA:0.23728813559322035	LLLSAAVS:0.3050847457627119	HDSWADID:0.3220338983050847	GDKYSRLV:0.576271186440678	LLSAAVSP:0.3389830508474576	GFDGLDLD:0.2542372881355932	LDLDDFRN:0.2542372881355932	RGFLAYYE:0.22033898305084745	TNWAWYRK:0.2033898305084746	GMPLYGQS:0.3559322033898305	GHVAPLYY:0.2033898305084746	YDFHGHWD:0.2033898305084746	IAVMTYDF:0.2033898305084746	MPLYGQSF:0.3559322033898305	IGGWNDSL:0.23728813559322035	YFDWIAVM:0.22033898305084745	TGHVAPLY:0.23728813559322035	AVMTYDFH:0.22033898305084745	TYGGGEAG:0.2033898305084746	MTYDFHGH:0.2033898305084746	ARGFLAYY:0.2033898305084746	VIDAGYDV:0.2542372881355932	DLCTHIVY:0.3050847457627119	IDAGYDVP:0.2542372881355932	CWQVDCKK:0.2033898305084746	DLDWEYPV:0.288135593220339	VMTYDFHG:0.22033898305084745	RARGFLAY:0.2033898305084746	VMGMPLYG:0.2542372881355932	FDWIAVMT:0.22033898305084745	DWEYPVCW:0.2542372881355932	WEYPVCWQ:0.2542372881355932	DQWVSFDD:0.2033898305084746	TRARGFLA:0.2033898305084746	WQVDCKKG:0.2033898305084746	NWAWYRKG:0.2033898305084746	LDWEYPVC:0.288135593220339	DFHGHWDK:0.2033898305084746	GGWNDSLG:0.2711864406779661	IGGWNDSA:0.3389830508474576	EYPVCWQV:0.23728813559322035	YGQSFSLA:0.23728813559322035	GRMGPYAY:0.22033898305084745	YGGGEAGE:0.2033898305084746	TYDFHGHW:0.2033898305084746	GMIWALDL:0.3220338983050847	MGLGGGMI:0.22033898305084745	GGMIWALD:0.3220338983050847	LGGGMIWA:0.2711864406779661	KYSRLVNN:0.22033898305084745	GGGMIWAL:0.3050847457627119	GLGGGMIW:0.23728813559322035	RTINRVLR:0.22033898305084745	WNDSLGDK:0.2033898305084746	DSLGDKYS:0.2033898305084746	NDSLGDKY:0.2033898305084746	GWNDSLGD:0.2033898305084746	
