cluster number:252
GH18:30	GH18:30
DGLDLAFQ:0.3	RNKPRKVH:0.4666666666666667	LDLAFQLP:0.2	SLTVLPNV:0.6	WKSFKKLF:0.23333333333333334	LAAFDFLT:0.23333333333333334	AAFDFLTP:0.26666666666666666	RNPEEADF:0.23333333333333334	DLSYDDFR:0.4	GLDLAFQL:0.2	FDLSYDDF:0.3	QLPRNKPR:0.36666666666666664	THLVYGYA:0.2	LSLTVLPN:0.5333333333333333	GFDGLDLA:0.3	FQLPRNKP:0.26666666666666666	DFRGLCTG:0.3	VLPNVNST:0.26666666666666666	LSYDDFRG:0.4	SYDDFRGL:0.4	QFCTHLVY:0.23333333333333334	KLFTGDFV:0.26666666666666666	KKLFTGDF:0.4	TVLPNVNS:0.7333333333333333	LQFCTHLV:0.23333333333333334	CTHLVYGY:0.23333333333333334	SFKKLFTG:0.23333333333333334	LFTGDFVV:0.26666666666666666	SFDDPDFA:0.2	ALQFCTHL:0.26666666666666666	DDFRGLCT:0.3	FDGLDLAF:0.36666666666666664	FKKLFTGD:0.36666666666666664	LPRNKPRK:0.36666666666666664	MLSLTVLP:0.2	LFDLSYDD:0.23333333333333334	KSFKKLFT:0.23333333333333334	GLLSWPEI:0.3333333333333333	TGDFVVDP:0.2	DLAFQLPR:0.26666666666666666	YDDFRGLC:0.36666666666666664	LALQFCTH:0.23333333333333334	FTGDFVVD:0.3	LSVGGDRD:0.26666666666666666	NLAAFDFL:0.2	HLVYGYAG:0.26666666666666666	PNVNSTWY:0.26666666666666666	PRNKPRKV:0.4666666666666667	FDDPDFAG:0.2	LAFQLPRN:0.26666666666666666	LLSVGGDR:0.23333333333333334	NKPRKVHG:0.3	AFQLPRNK:0.26666666666666666	LTVLPNVN:0.7333333333333333	LLSWPEIC:0.3333333333333333	LPNVNSTW:0.26666666666666666	FCTHLVYG:0.23333333333333334	VNSTWYFD:0.23333333333333334	NVNSTWYF:0.26666666666666666	HLIYGYAG:0.23333333333333334	GGVALFDL:0.3	MLRAIKYR:0.2	LRAIKYRL:0.26666666666666666	FLLSVGGD:0.3	RAIKYRLL:0.2	FPMLRAIK:0.2	NLGGVALF:0.23333333333333334	LLSLTVLP:0.3333333333333333	PNVNSSWY:0.4	LPNVNSSW:0.4	YNFDGLDL:0.2	FTGDFIVD:0.3	DDFRGQCT:0.2	NFDGLDLA:0.23333333333333334	LGGVALFD:0.3333333333333333	VLPNVNSS:0.4666666666666667	KFLLSVGG:0.3	LLLSLTVL:0.23333333333333334	PMLRAIKY:0.2	NKPRKVHS:0.36666666666666664	NLVCYYDS:0.2	FDFLTPER:0.23333333333333334	DFLTPERN:0.23333333333333334	AFDFLTPE:0.23333333333333334	KPRKVHSD:0.23333333333333334	VNSSWYFD:0.2	NVNSSWYF:0.3	FLTPERNP:0.23333333333333334	PEEADYTA:0.26666666666666666	EADYTAPL:0.23333333333333334	EEADYTAP:0.26666666666666666	NPEEADYT:0.26666666666666666	RNPEEADY:0.36666666666666664	ADYTAPLY:0.2	ATYGRAWK:0.2	TPERNPEE:0.2	ERNPEEAD:0.2	PERNPEEA:0.2	
