cluster number:118
GH18:12	GH18:12
DKIHPYLD:0.6666666666666666	EFRRQLDE:0.4166666666666667	ELDKIHPY:0.6666666666666666	GYLKLGVP:0.3333333333333333	KIELDKIH:0.5	PPNVYRPE:0.5833333333333334	LPPNVYRP:0.5	LAEFRRQL:0.5833333333333334	IELDKIHP:0.5	YLKLGVPP:0.3333333333333333	PDEARYSK:0.25	LDKIHPYL:0.6666666666666666	TALLAEFR:0.75	NFQAPLYL:0.3333333333333333	FQAPLYLS:0.3333333333333333	YLSPDDPS:0.3333333333333333	GPTNFQAP:0.5	ALLAEFRR:0.5	NVYRPEDT:0.6666666666666666	FTALLAEF:0.4166666666666667	LLAEFRRQ:0.5833333333333334	GKHYLLTI:0.75	AEFRRQLD:0.5833333333333334	HYLLTIAA:0.5	APLYLSPD:0.3333333333333333	PTNFQAPL:0.5	LYLSPDDP:0.3333333333333333	PPDEARYS:0.25	TGKHYLLT:0.5833333333333334	PLYLSPDD:0.3333333333333333	NFTALLAE:0.5	PNVYRPED:0.5833333333333334	KHYLLTIA:0.75	YSKIELDK:0.4166666666666667	RRQLDELG:0.5	YLLTIAAP:0.5	QAPLYLSP:0.3333333333333333	FRRQLDEL:0.3333333333333333	TNFQAPLY:0.5833333333333334	SKIELDKI:0.4166666666666667	TYRPEDTQ:0.25	RPEDTQNF:0.5833333333333334	YRPEDTQN:0.9166666666666666	HYLLTIAT:0.4166666666666667	PEDTQNFT:0.5833333333333334	NTYRPEDT:0.25	KLGVPPKK:0.25	RKLPPNVY:0.25	VYRPEDTQ:0.5833333333333334	QNFTALLA:0.4166666666666667	GDPSRKLP:0.25	PAFPGDPS:0.25	DELGAKTG:0.25	PSRKLPPN:0.25	LDYINLMT:0.25	TQNFTALL:0.5	TIATPPDE:0.25	DPSRKLPP:0.25	GVPPKKIV:0.25	AWAEHGPT:0.25	VPPKKIVI:0.25	ADEKVSVD:0.25	YINLMTYD:0.25	LGAKTGKH:0.25	KKIVIGIP:0.25	FPGDPSRK:0.25	EDTQNFTA:0.5	ELGAKTGK:0.25	GAKTGKHY:0.25	QLDELGAK:0.25	AEHGPTNF:0.25	LTIATPPD:0.25	LGVPPKKI:0.25	HGPTNFQA:0.3333333333333333	PKKIVIGI:0.25	HGAWAEHG:0.25	LLTIATPP:0.25	KTGKHYLL:0.25	WAEHGPTN:0.25	DYINLMTY:0.25	SRKLPPNV:0.25	PGDPSRKL:0.25	YLLTIATP:0.3333333333333333	EHGPTNFQ:0.25	LDELGAKT:0.25	KLPPNVYR:0.25	GAWAEHGP:0.25	KIVIGIPF:0.25	DTQNFTAL:0.5	LKLGVPPK:0.25	RQLDELGA:0.3333333333333333	PPKKIVIG:0.25	AFPGDPSR:0.25	YLDYINLM:0.25	AKTGKHYL:0.25	VDSVITAY:0.25	LLTIAAPA:0.4166666666666667	SVDSVITA:0.25	PYLDWINV:0.25	HPYLDWIN:0.3333333333333333	KIHPYLDW:0.3333333333333333	LTIAAPAG:0.3333333333333333	VSVDSVIT:0.25	YLDWINVM:0.25	IHPYLDWI:0.3333333333333333	DSVITAYL:0.25	APLYTSPD:0.25	WDATGPTN:0.25	AEFRKQLD:0.25	EDTQNYTA:0.3333333333333333	PEDTQNYT:0.3333333333333333	RPEDTQNY:0.3333333333333333	LAEFRKQL:0.25	YTALLAEF:0.3333333333333333	DTQNYTAL:0.3333333333333333	ALLAEFRK:0.25	LLAEFRKQ:0.25	TQNYTALL:0.3333333333333333	NYTALLAE:0.3333333333333333	QNYTALLA:0.3333333333333333	PLYTSPDD:0.25	VMAYDMHG:0.25	INVMAYDM:0.25	NVMAYDMH:0.25	
