cluster number:270
GH18:750	GH18:750|CBM5:270|3.2.1.14:35|CBM73:11|AA15:2|CBM18:1|CBM2:1|CBM12:1|CBM14:1
FFDGVDID:0.43466666666666665	KFFDGVDI:0.43333333333333335	IDADNGDI:0.364	AWEIDADN:0.2733333333333333	ADNGDILN:0.37333333333333335	TWKFFDGV:0.404	DGVDIDWE:0.672	LTSAISAG:0.304	LQTWKFFD:0.24266666666666667	IDWEFPGG:0.6346666666666667	DIDWEFPG:0.6346666666666667	FLQTWKFF:0.224	FKVSIHDP:0.208	DADNGDIL:0.37333333333333335	YGRGWTGV:0.4826666666666667	GAAMYGRG:0.25066666666666665	NLTHILYG:0.236	NGDILNAM:0.33866666666666667	VDIDWEFP:0.568	LTHILYGF:0.236	ELTSAISA:0.26	QTWKFFDG:0.24266666666666667	ADTDGSHL:0.47733333333333333	HIFLMSYD:0.248	AAMYGRGW:0.252	PDLKILPS:0.268	YELTSAIS:0.2733333333333333	FAWEIDAD:0.27466666666666667	MYGRGWTG:0.45866666666666667	PFTGTATG:0.24933333333333332	DHIFLMSY:0.22933333333333333	WKFFDGVD:0.46266666666666667	LFAWEIDA:0.23733333333333334	GGLFAWEI:0.236	DFKVSIHD:0.20266666666666666	EIDADNGD:0.5213333333333333	ELRAMLDE:0.24	DNGDILNA:0.3413333333333333	VADTDGSH:0.3293333333333333	AMYGRGWT:0.39466666666666667	GWTLSDPF:0.6413333333333333	WEIDADNG:0.5413333333333333	DILNAMHE:0.24666666666666667	GDILNAMH:0.268	ILNAMHEG:0.22	FDGVDIDW:0.44	EPYKGNFG:0.256	LRAMLDEL:0.252	IFLMSYDF:0.332	VEWGVYGR:0.26	LGGLFAWE:0.248	GVDIDWEF:0.5466666666666666	WTLSDPFY:0.25333333333333335	GGWTLSDP:0.6466666666666666	GLFAWEID:0.24133333333333334	GNFGQLMA:0.316	FVEWGVYG:0.20666666666666667	CGGDGIND:0.28933333333333333	PSIGGWTL:0.5266666666666666	DWEFPGGK:0.264	SIGGWTLS:0.5093333333333333	EFPGGKGA:0.24533333333333332	PYKGNFGQ:0.3586666666666667	TYELTSAI:0.33066666666666666	FPGGKGAN:0.24533333333333332	YFVEWGVY:0.296	PGGKGANP:0.224	RTYELTSA:0.31733333333333336	IGGWTLSD:0.5093333333333333	YELTSAIG:0.37466666666666665	KGNFGQLM:0.368	YKGNFGQL:0.36666666666666664	LPSIGGWT:0.4	WEFPGGKG:0.2653333333333333	HLLYGFIP:0.20933333333333334	ICGGDGIN:0.25066666666666665	GFIPICGG:0.296	LKILPSIG:0.264	PICGGDGI:0.25066666666666665	YGFIPICG:0.4613333333333333	IPICGGDG:0.23066666666666666	ILPSIGGW:0.2866666666666667	LYGFIPIC:0.4573333333333333	FIPICGGD:0.23066666666666666	KILPSIGG:0.27066666666666667	FLMSYDFY:0.2	FSWEIDAD:0.26	SWEIDADN:0.25866666666666666	LMSYDFYG:0.20133333333333334	GTAMYGRG:0.24933333333333332	GLFSWEID:0.256	WTLSDPFF:0.3586666666666667	LFSWEIDA:0.25066666666666665	TAMYGRGW:0.24933333333333332	DYIFAMTY:0.256	QYMDYIFA:0.228	YIFAMTYD:0.256	YMDYIFAM:0.23466666666666666	IFAMTYDF:0.24133333333333334	DKIEDVDY:0.23466666666666666	MDYIFAMT:0.25466666666666665	TGRTYELT:0.2813333333333333	KFYDGVDI:0.228	YGRGWEGV:0.22133333333333333	DWEFPGGG:0.24933333333333332	MYGRGWEG:0.21866666666666668	AMTYDFYG:0.21733333333333332	YDFYGGWN:0.204	WEFPGGGG:0.25066666666666665	FAMTYDFY:0.216	FYDGVDID:0.228	AGLFSWEI:0.20133333333333334	FYGGWNNV:0.20133333333333334	ELTSAIGV:0.204	YDGVDIDW:0.23333333333333334	ILYGFIPI:0.25466666666666665	MTYDFYGG:0.21866666666666668	ETGRTYEL:0.22666666666666666	LTSAIGVG:0.20266666666666666	AMYGRGWE:0.21866666666666668	LAGLFSWE:0.20133333333333334	GRTYELTS:0.288	DFYGGWNN:0.204	TWKFYDGV:0.23333333333333334	HILYGFIP:0.25466666666666665	TYDFYGGW:0.21866666666666668	WKFYDGVD:0.228	GVVDYRQI:0.20266666666666666	
