cluster number:277
GH18:21	GH18:21|CBM18:17|AA15:1|CBM14:1
HTNLTEID:0.3333333333333333	ALGGWTFN:0.2857142857142857	NLMSYDLH:0.23809523809523808	LGFYGRSF:0.3333333333333333	GVDFDWEY:0.47619047619047616	LGGWTFND:0.2857142857142857	WINLMSYD:0.23809523809523808	LTEIDLAL:0.23809523809523808	FTAPTSYW:0.23809523809523808	YWYLRHFD:0.2857142857142857	YDLHGVWD:0.23809523809523808	DLALDLFW:0.23809523809523808	APTSYWYL:0.2857142857142857	EIDLALDL:0.23809523809523808	PTSYWYLR:0.2857142857142857	LALDLFWR:0.23809523809523808	DGVDFDWE:0.42857142857142855	GLGFYGRS:0.3333333333333333	NLTEIDLA:0.23809523809523808	TAPTSYWY:0.2857142857142857	IDLALDLF:0.23809523809523808	SYWYLRHF:0.3333333333333333	FDWEYPGA:0.38095238095238093	CPLNVCCS:0.7619047619047619	TEIDLALD:0.2857142857142857	IALGGWTF:0.38095238095238093	DFDWEYPG:0.42857142857142855	VDFDWEYP:0.47619047619047616	PLNVCCSQ:0.2857142857142857	EYPGADDR:0.38095238095238093	WEYPGADD:0.38095238095238093	DWEYPGAD:0.38095238095238093	AHTNLTEI:0.23809523809523808	YPGADDRG:0.38095238095238093	PGADDRGG:0.38095238095238093	WYLRHFDL:0.23809523809523808	NVMSYDLH:0.23809523809523808	SNCDAKAE:0.2857142857142857	VMSYDLHG:0.23809523809523808	CDAKAECG:0.3333333333333333	NCDAKAEC:0.2857142857142857	KCPLNVCC:0.2857142857142857	FDGVDFDW:0.23809523809523808	
