cluster number:126
GH18:7	GH18:7
NFVALLEE:0.2857142857142857	VPLDWINV:0.2857142857142857	HVPLDWIN:0.2857142857142857	CGETCDYR:0.2857142857142857	GSCGETCD:0.42857142857142855	LHVPLDWI:0.2857142857142857	LLEEFRRQ:0.2857142857142857	WEFPGSCG:0.42857142857142855	PGSCGETC:0.5714285714285714	SCGETCDY:0.2857142857142857	FVALLEEF:0.2857142857142857	PLDWINVM:0.5714285714285714	DWEFPGSC:0.42857142857142855	GLHVPLDW:0.2857142857142857	GANFVALL:0.2857142857142857	VHYESMEL:0.2857142857142857	VDIDWEFP:0.42857142857142855	IDWEFPGS:0.42857142857142855	DIDWEFPG:0.42857142857142855	YRPEDGAN:0.2857142857142857	DGANFVAL:0.2857142857142857	EDGANFVA:0.2857142857142857	VALLEEFR:0.2857142857142857	RPEDGANF:0.2857142857142857	ALLEEFRR:0.2857142857142857	PEDGANFV:0.2857142857142857	ANFVALLE:0.2857142857142857	LTIAAPAG:0.8571428571428571	LEEFRRQL:0.2857142857142857	VTGTRPEY:0.2857142857142857	LLTIAAPA:0.7142857142857143	TIAAPAGR:0.2857142857142857	INVMTYDL:0.2857142857142857	GTRPEYLL:0.2857142857142857	TRPEYLLT:0.2857142857142857	NVMTYDLY:0.2857142857142857	QVTGTRPE:0.2857142857142857	DWINVMTY:0.2857142857142857	TGTRPEYL:0.2857142857142857	RPEYLLTI:0.42857142857142855	TYDLYGAW:0.2857142857142857	WINVMTYD:0.2857142857142857	VMTYDLYG:0.2857142857142857	MTYDLYGA:0.2857142857142857	YLLTIAAP:0.7142857142857143	EYLLTIAA:0.5714285714285714	LDWINVMT:0.2857142857142857	PEYLLTIA:0.5714285714285714	VDIDWEYP:0.42857142857142855	DIDWEYPG:0.42857142857142855	YPGSCGET:0.42857142857142855	IDWEYPGS:0.42857142857142855	WEYPGSCG:0.42857142857142855	DWEYPGSC:0.42857142857142855	EYPGSCGE:0.42857142857142855	LLAEFRSQ:0.2857142857142857	LAEFRSQL:0.2857142857142857	IAAPAGAA:0.42857142857142855	TIAAPAGA:0.42857142857142855	
