cluster number:132
GH18:6	GH18:6
SKGRPEDT:0.5	RIELAKIH:0.5	IAAPAGGQ:0.5	HLLTIAAP:0.5	DFINLMTY:0.5	GGADKSKG:0.5	LLTIAAPA:0.6666666666666666	GADKSKGR:0.5	FTLLLTEL:0.5	LDFINLMT:0.5	FINLMTYD:0.5	FPGGGGAD:0.3333333333333333	ADKSKGRP:0.5	NLMTYDFY:0.3333333333333333	GGGGADKS:0.5	TTNFTLLL:0.5	LMTYDFYG:0.5	HHLLTIAA:0.5	VDIDWEFP:0.5	KSKGRPED:0.5	RPEDTTNF:0.5	IDWEFPGG:0.3333333333333333	DIDWEFPG:0.3333333333333333	EFPGGGGA:0.3333333333333333	GRPEDTTN:0.5	PGGGGADK:0.5	EDTTNFTL:0.5	DTTNFTLL:0.5	DKSKGRPE:0.5	TNFTLLLT:0.5	PEDTTNFT:0.5	MTYDFYGA:0.5	LLDFINLM:0.5	NFTLLLTE:0.5	WEFPGGGG:0.3333333333333333	GGGADKSK:0.5	LTIAAPAG:0.6666666666666666	TIAAPAGG:0.5	INLMTYDF:0.3333333333333333	DWEFPGGG:0.3333333333333333	KGRPEDTT:0.5	KRIELAKI:0.5	TYDFYGAW:0.3333333333333333	YLLTIAAP:0.3333333333333333	LDAEGQHH:0.3333333333333333	ALDAEGQH:0.3333333333333333	LLLTELRR:0.3333333333333333	RALDAEGQ:0.3333333333333333	QHHLLTIA:0.3333333333333333	IHLLLDFI:0.3333333333333333	AKIHLLLD:0.3333333333333333	HLLLDFIN:0.3333333333333333	LAKIHLLL:0.3333333333333333	VDIDWEYP:0.3333333333333333	DIDWEYPG:0.3333333333333333	DAEGQHHL:0.3333333333333333	RRALDAEG:0.3333333333333333	GQHHLLTI:0.3333333333333333	AEGQHHLL:0.3333333333333333	EGQHHLLT:0.3333333333333333	LLTELRRA:0.3333333333333333	LLLDFINL:0.3333333333333333	ELRRALDA:0.3333333333333333	TLLLTELR:0.3333333333333333	IELAKIHL:0.3333333333333333	SKRIELAK:0.3333333333333333	KIHLLLDF:0.3333333333333333	ELAKIHLL:0.3333333333333333	GQSKRIEL:0.3333333333333333	QSKRIELA:0.3333333333333333	LRRALDAE:0.3333333333333333	LTELRRAL:0.3333333333333333	TELRRALD:0.3333333333333333	GGQSKRIE:0.3333333333333333	
