cluster number:259
GH18:17	GH18:17|GH78:1
LVLGIPFY:0.4117647058823529	LTHINYAF:0.23529411764705882	KGMLGAMY:0.23529411764705882	THINYAFG:0.5882352941176471	LGAMYWDY:0.29411764705882354	LGIPFYGH:0.29411764705882354	NYAFGHVT:0.23529411764705882	LDGIDIDW:0.8823529411764706	DLDGIDID:0.47058823529411764	LSVGGWGS:0.35294117647058826	IDIDWEYP:0.7647058823529411	KVLLSVGG:0.35294117647058826	DGIDIDWE:0.8823529411764706	HINYAFGH:0.5882352941176471	INYAFGHV:0.5882352941176471	FDLDGIDI:0.47058823529411764	VLLSVGGW:0.35294117647058826	GMLGAMYW:0.29411764705882354	VLGIPFYG:0.4117647058823529	VNIMTYDM:0.23529411764705882	LLSVGGWG:0.35294117647058826	HHSALYRS:0.23529411764705882	GIDIDWEY:0.7647058823529411	DIDWEYPG:0.23529411764705882	LKVLLSVG:0.29411764705882354	MLGAMYWD:0.29411764705882354	GIPFYGHG:0.29411764705882354	LLSIGGWG:0.23529411764705882	WGSGRFSE:0.47058823529411764	RFSEMAAD:0.23529411764705882	VLLSIGGW:0.35294117647058826	GRFSEMAA:0.5882352941176471	GSGRFSEM:0.47058823529411764	SIGGWGSG:0.35294117647058826	GWGSGRFS:0.47058823529411764	DIDWEYPT:0.47058823529411764	IDWEYPTS:0.35294117647058826	LSIGGWGS:0.35294117647058826	SGRFSEMA:0.5882352941176471	IGGWGSGR:0.29411764705882354	LKVLLSIG:0.47058823529411764	GGWGSGRF:0.47058823529411764	MTHINYAF:0.29411764705882354	KVLLSIGG:0.47058823529411764	DWEYPTSS:0.23529411764705882	NYAFGHVN:0.35294117647058826	ISSSPDDT:0.29411764705882354	KLVLGIPF:0.23529411764705882	VIVAYVTS:0.23529411764705882	KKLLTLAS:0.23529411764705882	KVIVAYVT:0.23529411764705882	LGAMYWEY:0.23529411764705882	TENFTLLM:0.23529411764705882	DTENFTLL:0.23529411764705882	GIPFYGRG:0.23529411764705882	
