cluster number:35
GH18:82	GH18:82
PKAGSVAS:0.34146341463414637	GIPLYTRV:0.2073170731707317	DGPNVTQF:0.23170731707317074	MAYDEHWA:0.7195121951219512	TKDGPNVT:0.21951219512195122	INIDFENV:0.6341463414634146	NLAWEAVY:0.2073170731707317	QNYVEYTE:0.21951219512195122	EVWGLLSN:0.3902439024390244	AGSVASLP:0.6463414634146342	WSAFLDRK:0.2073170731707317	LDNGYAGY:0.2073170731707317	WAASPKAG:0.24390243902439024	LDGINIDF:0.6097560975609756	WGLLSNSF:0.36585365853658536	KDGPNVTQ:0.21951219512195122	MWSAFLDR:0.24390243902439024	PGVNVVSP:0.45121951219512196	GINIDFEN:0.6707317073170732	VNLAWEAV:0.2073170731707317	MVMAYDEH:0.3048780487804878	KAGSVASL:0.34146341463414637	ASPKAGSV:0.24390243902439024	LSIDVTPK:0.25609756097560976	PMPGVNVV:0.21951219512195122	VMAYDEHW:0.6341463414634146	YDEHWAAS:0.3902439024390244	AYDEHWAA:0.32926829268292684	VVSPTWFS:0.34146341463414637	SEMWSAFL:0.24390243902439024	VASLPWTE:0.21951219512195122	MPGVNVVS:0.25609756097560976	QLDNGYAG:0.2073170731707317	ILSIDVTP:0.21951219512195122	VWGLLSNS:0.36585365853658536	HWAASPKA:0.24390243902439024	SVASLPWT:0.23170731707317074	GVNVVSPT:0.5609756097560976	VNVVSPTW:0.5609756097560976	FVQLDNGY:0.2073170731707317	DGINIDFE:0.6463414634146342	NYVEYTED:0.2073170731707317	GSVASLPW:0.6585365853658537	SPKAGSVA:0.34146341463414637	DLDGINID:0.25609756097560976	AASPKAGS:0.24390243902439024	LGIPLYTR:0.35365853658536583	DEHWAASP:0.3902439024390244	LILSIDVT:0.21951219512195122	IPLYTRVW:0.2073170731707317	NVVSPTWF:0.6463414634146342	EHWAASPK:0.25609756097560976	EMWSAFLD:0.24390243902439024	SIDVTPKS:0.524390243902439	VQLDNGYA:0.2073170731707317	VASLPWVE:0.3780487804878049	SVASLPWV:0.4146341463414634	IVMAYDEH:0.3048780487804878	AYDEHWAS:0.3048780487804878	YDEHWASS:0.34146341463414637	DEHWASSP:0.34146341463414637	IDFENVYT:0.3048780487804878	GMEVWGLL:0.25609756097560976	MWSLFLDR:0.21951219512195122	ENVYTKDG:0.21951219512195122	VSIDVTPK:0.23170731707317074	VAGSVASL:0.2073170731707317	DVTPKSNS:0.35365853658536583	TPKSNSEM:0.3048780487804878	SPVAGSVA:0.2073170731707317	LYTRIWTE:0.24390243902439024	VTPKSNSE:0.35365853658536583	DFENVYTK:0.3048780487804878	EMWSLFLD:0.21951219512195122	PVAGSVAS:0.2073170731707317	FENVYTKD:0.3048780487804878	IDVTPKSN:0.3170731707317073	MEVWGLLS:0.24390243902439024	KSNSEMWS:0.3048780487804878	NIDFENVY:0.36585365853658536	SEMWSLFL:0.21951219512195122	PLYTRIWT:0.24390243902439024	PKSNSEMW:0.3048780487804878	GQNYVEYK:0.2073170731707317	
