cluster number:173
GH18:11	GH18:11
MTYDLHGP:0.2727272727272727	GNVVRPED:0.5454545454545454	TLLMQEFR:0.5454545454545454	VFDGIDID:0.36363636363636365	YTLLMQEF:0.45454545454545453	GGDGGNVV:0.2727272727272727	VISLGGWS:0.2727272727272727	GNVSADGT:0.2727272727272727	INYAFGNV:0.36363636363636365	SADGTCFE:0.2727272727272727	NYAFGNVS:0.36363636363636365	WEYPGGGG:0.36363636363636365	EFRRQLDA:0.5454545454545454	TYDLHGPW:0.2727272727272727	ISLGGWSW:0.2727272727272727	IDIDWEYP:0.36363636363636365	AFGNVSAD:0.2727272727272727	LMTYDLHG:0.36363636363636365	DGIDIDWE:0.36363636363636365	SLGGWSWS:0.2727272727272727	WLNLMTYD:0.45454545454545453	YDLHGPWE:0.2727272727272727	DGGNVVRP:0.2727272727272727	YLLTAAVP:0.2727272727272727	LGGWSWSK:0.2727272727272727	GAGAGVFD:0.36363636363636365	QEFRRQLD:0.5454545454545454	EYPGGGGD:0.36363636363636365	NLMTYDLH:0.36363636363636365	HYLLTAAV:0.36363636363636365	NVSADGTC:0.2727272727272727	FRRQLDAL:0.45454545454545453	IDWEYPGG:0.2727272727272727	YAFGNVSA:0.2727272727272727	GQRVGYFT:0.36363636363636365	TVINYAFG:0.36363636363636365	GAGVFDGI:0.36363636363636365	VDWLNLMT:0.36363636363636365	RVGYFTQW:0.36363636363636365	RKLKAKNP:0.2727272727272727	DWLNLMTY:0.45454545454545453	FGNVSADG:0.2727272727272727	GWTGVPAG:0.36363636363636365	LNLMTYDL:0.45454545454545453	VGYFTQWG:0.36363636363636365	QRVGYFTQ:0.36363636363636365	DWEYPGGG:0.36363636363636365	GGGDGGNV:0.2727272727272727	LTVINYAF:0.36363636363636365	VSADGTCF:0.2727272727272727	GIDIDWEY:0.36363636363636365	GGNVVRPE:0.2727272727272727	NYTLLMQE:0.45454545454545453	LMQEFRRQ:0.45454545454545453	GVFDGIDI:0.36363636363636365	VINYAFGN:0.36363636363636365	DIDWEYPG:0.36363636363636365	AGAGVFDG:0.36363636363636365	GGGGDGGN:0.2727272727272727	NVVRPEDG:0.5454545454545454	GDGGNVVR:0.2727272727272727	MQEFRRQL:0.5454545454545454	KLTVINYA:0.2727272727272727	FDGIDIDW:0.36363636363636365	LLMQEFRR:0.5454545454545454	AGVFDGID:0.45454545454545453	LLTAAVPA:0.36363636363636365	RLVLGVPF:0.2727272727272727	SHRHYLLT:0.2727272727272727	DHNANLYS:0.2727272727272727	TDHNANLY:0.2727272727272727	EDGHNYTL:0.2727272727272727	GHNYTLLM:0.2727272727272727	RPEDGHNY:0.2727272727272727	VRPEDGHN:0.36363636363636365	PEDGHNYT:0.2727272727272727	HNANLYSD:0.2727272727272727	VVRPEDGH:0.36363636363636365	HNYTLLMQ:0.2727272727272727	DGHNYTLL:0.2727272727272727	FNQLRKLK:0.2727272727272727	YFSDAAAT:0.2727272727272727	KYFSDAAA:0.2727272727272727	NQLRKLKA:0.2727272727272727	WSKYFSDA:0.2727272727272727	SKYFSDAA:0.2727272727272727	RRQLDALG:0.36363636363636365	
