cluster number:103
GH18:15	GH18:15|3.2.1.14:1
VDIDWEYP:0.4	IDWEYPVE:0.4666666666666667	WEYPVEGG:0.5333333333333333	DIDWEYPV:0.6666666666666666	DWEYPVEG:0.5333333333333333	DFINIMTY:0.7333333333333333	KSLDIAGV:0.26666666666666666	VTHINYAF:0.2	LGHLNGGV:0.26666666666666666	VREALDAA:0.4	SLDIAGVM:0.26666666666666666	AAGSEDGK:0.3333333333333333	AGVMSWDI:0.26666666666666666	QGDNFTVN:0.26666666666666666	VFITYNDK:0.3333333333333333	GDNFTVNA:0.26666666666666666	DNFTVNAD:0.26666666666666666	TEETRRAF:0.3333333333333333	PEDKENFT:0.3333333333333333	KTVREALD:0.26666666666666666	DISGDRNK:0.2	EETRRAFA:0.3333333333333333	RPEDKENF:0.2	ETRRAFAN:0.3333333333333333	TRRAFANS:0.3333333333333333	ANSVVKFL:0.2	ATSYDIYQ:0.2	GIPFYGKG:0.2	GVMSWDIS:0.3333333333333333	ALDAAGSE:0.3333333333333333	IASGQGDN:0.4666666666666667	FANSVVKF:0.2	SWDISGDR:0.3333333333333333	NIMTYDYS:0.5333333333333333	LDIAGVMS:0.3333333333333333	DKENFTLL:0.4	MTYDYSGS:0.4	AGSEDGKY:0.4	TVREALDA:0.26666666666666666	GSEDGKYY:0.4	GATSYDIY:0.2	DIAGVMSW:0.3333333333333333	EYPVEGGE:0.3333333333333333	KVFITYND:0.3333333333333333	DAAGSEDG:0.3333333333333333	SGQGDNFT:0.26666666666666666	SEDGKYYL:0.4	MSWDISGD:0.3333333333333333	SGDRNKTL:0.26666666666666666	LDFINIMT:0.7333333333333333	ISGDRNKT:0.26666666666666666	NFTVNADF:0.2	YLDFINIM:0.7333333333333333	GHLNGGVP:0.26666666666666666	INIMTYDY:0.6	VMSWDISG:0.3333333333333333	IAGVMSWD:0.26666666666666666	FINIMTYD:0.7333333333333333	SVGGWSWS:0.3333333333333333	ASGQGDNF:0.4666666666666667	NSVVKFLR:0.2	TSYDIYQD:0.2	TIASGQGD:0.4666666666666667	WDISGDRN:0.3333333333333333	GQGDNFTV:0.26666666666666666	NIRRPEDK:0.2	LDAAGSED:0.3333333333333333	EDKENFTL:0.3333333333333333	EALDAAGS:0.3333333333333333	REALDAAG:0.4	TVSLGWAP:0.2	IMTYDYSG:0.5333333333333333	TYDYSGSW:0.3333333333333333	LISVGGWT:0.2	DGVDIDWE:0.3333333333333333	VKTLISVG:0.2	GIMIWELS:0.2	DGKHYLLT:0.2	YPHVKTLI:0.2	GGIMIWEL:0.2	LTIAAPAG:0.2	INYAFAKI:0.2	NYAFAKIE:0.2	GVDIDWEY:0.3333333333333333	KHYLLTIA:0.2	YFSDVALT:0.2	YLLTIAAP:0.2	HQYLDFIN:0.2	HVKTLISV:0.2	IMIWELSG:0.2	DYSGSWEN:0.2	TIAAPAGS:0.2	LLTIAAPA:0.2	FDGVDIDW:0.2	KYKEQYPH:0.2	KEQYPHVK:0.2	ITHINYAF:0.3333333333333333	NLGGIMIW:0.2	EDGKHYLL:0.2	YKEQYPHV:0.2	HINYAFAK:0.2	LGGIMIWE:0.2	GKHYLLTI:0.2	HYLLTIAA:0.2	QYPHVKTL:0.2	PHVKTLIS:0.2	TLISVGGW:0.26666666666666666	KTLISVGG:0.26666666666666666	YDYSGSWE:0.26666666666666666	EQYPHVKT:0.2	THINYAFA:0.4666666666666667	KYYLLTIA:0.3333333333333333	QNKVFITY:0.2	TLLMKTVR:0.2	IAAIAKKG:0.26666666666666666	VPGATSYD:0.2	GKYYLLTI:0.3333333333333333	KAAGLVKG:0.2	NSVQYLDF:0.2	AKAAGLVK:0.2	YIDKNGYK:0.2	GTEYRIPA:0.2	KNGYKRYW:0.2	APVPGATS:0.2	GWAPVPGA:0.26666666666666666	DGLDIDWE:0.2	AKVPYLYN:0.26666666666666666	LVKGRTGD:0.2	AAGLVKGR:0.2	TNYKIHVL:0.2	DVSQITHI:0.2	GLVKGRTG:0.2	ADGTVTVE:0.2	PGATSYDI:0.2	NGTEYRIP:0.2	TTYRIYIT:0.2	AAKAAGLV:0.2	LGWAPVPG:0.26666666666666666	MTYDYSGK:0.2	NYKIHVLA:0.2	VKSLDIAG:0.2	IDKNGYKR:0.2	KIHVLAVD:0.2	GVPYYGKG:0.2	KENFTLLM:0.2	QITHINYA:0.26666666666666666	AAAKAAGL:0.2	VPYYGKGW:0.2	YLLTIASG:0.3333333333333333	LDIDWEYP:0.2	LTIASGQG:0.3333333333333333	IHVLAVDR:0.2	NGYKRYWN:0.2	ETTYRIYI:0.2	DKNGYKRY:0.2	SQITHINY:0.26666666666666666	VQYLDFIN:0.2	ENFTLLMK:0.26666666666666666	PVPGATSY:0.2	GYKRYWNE:0.2	PYYGKGWD:0.2	AAIAKKGA:0.2	VSQITHIN:0.2	AGLVKGRT:0.2	LLTIASGQ:0.3333333333333333	RAFANSAV:0.2	VIAAIAKK:0.2	NKVFITYN:0.26666666666666666	KAQTVVTV:0.2	GLDIDWEY:0.2	TGYEVYVN:0.2	WAPVPGAT:0.26666666666666666	NFTLLMKT:0.2	SLGWAPVP:0.26666666666666666	TQLVHDLP:0.2	PETTYRIY:0.2	YKIHVLAV:0.2	GATGYEVY:0.2	QYLDFINI:0.4666666666666667	DGKYYLLT:0.3333333333333333	TYYTSWSA:0.2	TYRIYITW:0.2	HINYAFAD:0.26666666666666666	YYLLTIAS:0.3333333333333333	ATGYEVYV:0.2	REELAVIL:0.2	RNHVLGGL:0.2	RRAFANSA:0.2	SVQYLDFI:0.2	EDGKYYLL:0.3333333333333333	EVIAAIAK:0.2	FTLLMKTV:0.2	NADGTVTV:0.2	GHHNAPLF:0.2	SVGGWTWS:0.2	LGHHNAPL:0.2	ISVGGWSW:0.2	VEGGEDDN:0.2	SGQGDNFV:0.2	YPVEGGED:0.2	EGGEDDNS:0.2	GGEDDNSR:0.2	PVEGGEDD:0.2	LGVPAEKI:0.2	
