cluster number:106
GH18:13	GH18:13|3.2.1.14:1
GVMLWDRY:0.38461538461538464	NYGGVMLW:0.5384615384615384	VQFYNNPP:0.38461538461538464	AAPSGGYI:0.38461538461538464	YNNPPCQY:0.38461538461538464	YGGVMLWD:0.46153846153846156	NTVFMGLP:0.38461538461538464	FYNNPPCQ:0.38461538461538464	MLWDRYRD:0.23076923076923078	YIFVQFYN:0.23076923076923078	QFYNNPPC:0.38461538461538464	GGVMLWDR:0.46153846153846156	DYIFVQFY:0.3076923076923077	VMLWDRYR:0.23076923076923078	NNPPCQYS:0.23076923076923078	TVFMGLPA:0.38461538461538464	NNTVFMGL:0.38461538461538464	IFVQFYNN:0.23076923076923078	FVQFYNNP:0.3076923076923077	WGQDAREG:0.23076923076923078	VYWGQDAR:0.23076923076923078	IAVYWGQD:0.23076923076923078	YWGQDARE:0.23076923076923078	AVYWGQDA:0.23076923076923078	GIAVYWGQ:0.3076923076923077	VASNNSLF:0.23076923076923078	AAPQCPTD:0.23076923076923078	KGIKVLLS:0.38461538461538464	QTTGRYFY:0.23076923076923078	PQCPTDPI:0.23076923076923078	LSAAPQCP:0.38461538461538464	DDLARELD:0.23076923076923078	LFDYIFVQ:0.23076923076923078	YWDDLARE:0.23076923076923078	FDYIFVQF:0.23076923076923078	IKVLLSIG:0.38461538461538464	TTGRYFYL:0.23076923076923078	TGRYFYLS:0.23076923076923078	WDDLAREL:0.23076923076923078	FYLSAAPQ:0.5384615384615384	ASNYGGVM:0.3076923076923077	YFYLSAAP:0.5384615384615384	SAAPQCPT:0.23076923076923078	SNVIKSKL:0.23076923076923078	APQCPTDP:0.23076923076923078	NGGIAVYW:0.23076923076923078	YLGKAIAT:0.23076923076923078	GRYFYLSA:0.23076923076923078	RYFYLSAA:0.3076923076923077	YLSAAPQC:0.5384615384615384	GIKVLLSI:0.38461538461538464	NFAGHCGD:0.38461538461538464	KVLLSIGG:0.46153846153846156	RQTTGRYF:0.23076923076923078	SNYGGVML:0.38461538461538464	GGIAVYWG:0.23076923076923078	CGDWSPCT:0.23076923076923078	YLDKAIKT:0.3076923076923077	GIAIYWGQ:0.3076923076923077	GPLGSVTL:0.46153846153846156	SLVLPNNT:0.23076923076923078	HCGDWSPC:0.23076923076923078	PSGGYIPP:0.3076923076923077	LTSTCDTG:0.23076923076923078	VLLSIGGA:0.23076923076923078	CQQKGVKV:0.23076923076923078	NYGGIMLW:0.23076923076923078	GTLTSTCD:0.3076923076923077	AIKTGLFD:0.23076923076923078	FGPLGSVT:0.23076923076923078	APQCFMPD:0.23076923076923078	AAPQCFMP:0.23076923076923078	TSLVLPNN:0.23076923076923078	VLPNNTVF:0.3076923076923077	CDTGNYEI:0.23076923076923078	IVLLAFLN:0.23076923076923078	LVLPNNTV:0.23076923076923078	SNYGGIML:0.23076923076923078	DGTLTSTC:0.23076923076923078	GGIAIYWG:0.23076923076923078	GDWSPCTK:0.23076923076923078	NLYWDDLA:0.3076923076923077	YYLDKAIK:0.23076923076923078	LYWDDLAR:0.23076923076923078	APSGGYIP:0.3076923076923077	GHCGDWSP:0.23076923076923078	DTGNYEIV:0.23076923076923078	KAIKTGLF:0.23076923076923078	DWSPCTKL:0.23076923076923078	PLGSVTLD:0.38461538461538464	TSTCDTGN:0.23076923076923078	AWTSLVLP:0.23076923076923078	LPNNTVFM:0.3076923076923077	PNNTVFMG:0.3076923076923077	DYYLDKAI:0.23076923076923078	FAGHCGDW:0.3076923076923077	WTSLVLPN:0.23076923076923078	IAIYWGQN:0.3076923076923077	AGHCGDWS:0.23076923076923078	LGSVTLDG:0.38461538461538464	PDYYLDKA:0.23076923076923078	WNFAGHCG:0.3076923076923077	LDKAIKTG:0.23076923076923078	DKAIKTGL:0.23076923076923078	TLTSTCDT:0.3076923076923077	ESEIKYCQ:0.23076923076923078	LESEIKYC:0.23076923076923078	GIDFDIEG:0.23076923076923078	SVTLDGID:0.3076923076923077	LDGIDFDI:0.3076923076923077	TLDGIDFD:0.23076923076923078	DGIDFDIE:0.3076923076923077	VTLDGIDF:0.23076923076923078	GSVTLDGI:0.3076923076923077	
