cluster number:5
GH18:18	GH18:18
AALDDKAT:0.8333333333333334	NYKYLLTA:0.7777777777777778	LTAALPAG:0.8333333333333334	WEFPASKT:0.5	YQIIKGLR:0.8888888888888888	KINQRLDM:0.8333333333333334	ASKTQGEN:0.8333333333333334	QIIKGLRA:0.8888888888888888	QGENFYQI:0.8888888888888888	IMTYDFYG:0.3333333333333333	AKINQRLD:0.8333333333333334	IIKGLRAA:0.8888888888888888	TALGQNYK:0.8888888888888888	LLTAALPA:0.7777777777777778	GQNYKYLL:0.7777777777777778	LDLAKINQ:0.8333333333333334	PASKTQGE:0.8333333333333334	NFYQIIKG:0.8888888888888888	IKGLRAAL:0.8888888888888888	YKYLLTAA:0.7777777777777778	YAFLDLAK:0.8888888888888888	FYQIIKGL:0.8888888888888888	DWEFPASK:0.5	YLLTAALP:0.7777777777777778	DLAKINQR:0.8333333333333334	LAKINQRL:0.8333333333333334	GENFYQII:0.8888888888888888	QRLDMFNI:0.7222222222222222	FNIMTYDF:0.2777777777777778	ENFYQIIK:0.8888888888888888	LDMFNIMT:0.4444444444444444	LGQNYKYL:0.8333333333333334	FLDLAKIN:0.8333333333333334	DMFNIMTY:0.4444444444444444	QNYKYLLT:0.7777777777777778	KYLLTAAL:0.7777777777777778	LPAGPANY:0.8888888888888888	VDIDWEFP:0.6111111111111112	INQRLDMF:0.8333333333333334	NYAFLDLA:0.8888888888888888	NQRLDMFN:0.8888888888888888	LRAALDDK:0.8333333333333334	TQGENFYQ:0.8888888888888888	RLDMFNIM:0.7222222222222222	RAALDDKA:0.8333333333333334	ANYAFLDL:0.8888888888888888	TAALPAGP:0.8888888888888888	PANYAFLD:0.8888888888888888	FPASKTQG:0.5	AFLDLAKI:0.8333333333333334	KGLRAALD:0.8888888888888888	ATALGQNY:0.8888888888888888	DDKATALG:0.8333333333333334	NIMTYDFY:0.3333333333333333	MTYDFYGA:0.3333333333333333	DIDWEFPA:0.5555555555555556	SKTQGENF:0.8888888888888888	EFPASKTQ:0.5	ALGQNYKY:0.8888888888888888	DKATALGQ:0.8333333333333334	GPANYAFL:0.8888888888888888	ALDDKATA:0.8333333333333334	AGPANYAF:0.8888888888888888	PAGPANYA:0.8888888888888888	MFNIMTYD:0.4444444444444444	GLRAALDD:0.8888888888888888	LDDKATAL:0.8333333333333334	KTQGENFY:0.8888888888888888	IDWEFPAS:0.5	AALPAGPA:0.8888888888888888	KATALGQN:0.8333333333333334	ALPAGPAN:0.8888888888888888	YPASKTQG:0.3333333333333333	IDWEYPAS:0.3333333333333333	VDIDWEYP:0.3888888888888889	DWEYPASK:0.3333333333333333	WEYPASKT:0.3333333333333333	DIDWEYPA:0.3333333333333333	TYDLYGAW:0.2777777777777778	MTYDLYGA:0.2777777777777778	EYPASKTQ:0.3333333333333333	TYDFYGAW:0.2222222222222222	
