cluster number:185
GH18:12	GH18:12|CBM13:2|CBM32:1
GLDGVDLD:0.5	FGGVAGWE:0.25	DGVDLDIE:0.3333333333333333	GVAGWEYF:0.25	YGLDGVDL:0.5	LDGVDLDI:0.3333333333333333	VAGWEYFN:0.25	GGVAGWEY:0.25	ALSGGGNL:0.3333333333333333	AQFYCGWG:0.25	GVHVLAMV:0.25	AAQGSFQR:0.25	GGTAAPWQ:0.25	PGGTAAPW:0.25	QGSFQRLD:0.25	ISWFNAQF:0.25	VHLNDDPP:0.25	AGWEYFNS:0.25	GAAQGSFQ:0.25	GGGNLSGF:0.5833333333333334	LSGGGNLS:0.3333333333333333	SALSGGGN:0.25	VVYYQTQY:0.6666666666666666	LAMVGGAA:0.25	TAAPWQWA:0.25	VVVYYQTQ:0.3333333333333333	DLAAMQAR:0.25	HVLAMVGG:0.25	LAAMQARG:0.25	VLAMVGGA:0.25	GGAAQGSF:0.25	MVGGAAQG:0.25	AAMQARGV:0.25	GVDLDVEE:0.5	GTAAPWQW:0.25	SWFNAQFY:0.25	AQGSFQRL:0.25	RVVVYYQT:0.3333333333333333	NAQFYCGW:0.25	SGGGNLSG:0.3333333333333333	VHVLAMVG:0.25	VGGAAQGS:0.25	MVGGAAPG:0.25	AQFYNGWG:0.3333333333333333	SLAGIERV:0.3333333333333333	MSLAGIER:0.3333333333333333	TGVTDVLV:0.25	YYPLLRDF:0.25	FLITLAPV:0.25	DTYYPLLR:0.25	WFNAQFYN:0.3333333333333333	TYYPLLRD:0.25	NAQFYNGW:0.3333333333333333	FNAQFYNG:0.3333333333333333	FDTYYPLL:0.25	LAGIERVI:0.3333333333333333	VLGMVGGA:0.25	VITLAPVA:0.25	FVITLAPV:0.25	LGMVGGAA:0.25	ITLAPVAT:0.3333333333333333	DGVDLDVE:0.3333333333333333	GGNLSGFN:0.3333333333333333	YVSPLGLT:0.25	TVVYYQTQ:0.25	EYFNSLPG:0.3333333333333333	TLAPVATA:0.3333333333333333	GSFQRLDT:0.25	LAPVATAL:0.3333333333333333	GNLSGFNY:0.3333333333333333	RTVVYYQT:0.25	NLSGFNYE:0.3333333333333333	LDGVDLDV:0.3333333333333333	FQRLDTDF:0.3333333333333333	WEYFNSLP:0.3333333333333333	
