cluster number:223
GH18:11	GH18:11
YYTHIFYA:0.2727272727272727	KLQNFVES:0.2727272727272727	DGVDIDWE:0.5454545454545454	LMCYDFAG:0.36363636363636365	YGFDGVDI:0.2727272727272727	NFVDQLGG:0.6363636363636364	IDWEYPKN:0.45454545454545453	AFHSNLFG:0.36363636363636365	MSVGGWGT:0.36363636363636365	THIFYAFI:0.2727272727272727	MDQYLSFW:0.36363636363636365	GVDIDWEY:0.45454545454545453	FHSNLFGN:0.2727272727272727	SVGGWGTS:0.2727272727272727	FYAFITID:0.2727272727272727	FVDQLGGV:0.45454545454545453	FWNLMCYD:0.36363636363636365	NLFGNNGD:0.2727272727272727	DIDWEYPK:0.5454545454545454	DQYLSFWN:0.36363636363636365	FDGVDIDW:0.5454545454545454	LGGGMWWD:0.6363636363636364	HSNLFGNN:0.2727272727272727	YTHIFYAF:0.2727272727272727	EMDQYLSF:0.2727272727272727	TAFHSNLF:0.36363636363636365	IDPESGNV:0.2727272727272727	SNLFGNNG:0.2727272727272727	VDIDWEYP:0.45454545454545453	LFGNNGDN:0.2727272727272727	GFDGVDID:0.2727272727272727	WNLMCYDF:0.36363636363636365	NLMCYDFA:0.36363636363636365	GGGMWWDS:0.6363636363636364	GMWWDSAG:0.45454545454545453	CVYFSNWS:0.36363636363636365	KNFVDQLG:0.36363636363636365	MSIGGWGT:0.45454545454545453	KTAFHSNL:0.2727272727272727	GGMWWDSA:0.45454545454545453	MWWDSAGD:0.45454545454545453	YFSNWSVY:0.36363636363636365	VYFSNWSV:0.36363636363636365	DIDWEYPA:0.2727272727272727	NVMCYDFA:0.2727272727272727	WNVMCYDF:0.36363636363636365	RHLKVVMS:0.2727272727272727	VMCYDFAG:0.2727272727272727	LSFWNVMC:0.36363636363636365	FWNVMCYD:0.36363636363636365	LLTVASPA:0.2727272727272727	SFWNVMCY:0.36363636363636365	YDNQQSAR:0.2727272727272727	DNQQSARI:0.2727272727272727	QQSARIKA:0.2727272727272727	SARIKAKF:0.2727272727272727	IDIDWEYP:0.45454545454545453	DGIDIDWE:0.45454545454545453	NQQSARIK:0.2727272727272727	RIKAKFVE:0.2727272727272727	GFHSNLFG:0.2727272727272727	QSARIKAK:0.2727272727272727	ARIKAKFV:0.2727272727272727	GIDIDWEY:0.45454545454545453	FDGIDIDW:0.45454545454545453	YGFDGIDI:0.36363636363636365	GFDGIDID:0.36363636363636365	NLFGSNGD:0.2727272727272727	FHSNLFGS:0.2727272727272727	LFGSNGDN:0.2727272727272727	SNLFGSNG:0.2727272727272727	HSNLFGSN:0.2727272727272727	
