cluster number:206
GH18:21	GH18:21
RLGLENTD:0.23809523809523808	ENSTSLSY:0.2857142857142857	LGLENTDY:0.23809523809523808	VLGFATYY:0.23809523809523808	TTFMSELY:0.2857142857142857	IWRLGLEN:0.8095238095238095	TYYYSGDS:0.3333333333333333	AYNSYGTS:0.23809523809523808	VYYYDRSY:0.23809523809523808	DWSSNGTK:0.2857142857142857	KGVNVDLE:0.3333333333333333	GFATYYYS:0.23809523809523808	TKYWYFVR:0.2857142857142857	WYFVRAYN:0.2857142857142857	DSNYTQIA:0.23809523809523808	NTLHPQGF:0.2857142857142857	AYGYDWSS:0.42857142857142855	FATYYYSG:0.23809523809523808	GLENTDYW:0.23809523809523808	YDWSSNGT:0.2857142857142857	WFENSTSL:0.2857142857142857	LLESSTNR:0.2857142857142857	MSELYNTL:0.2857142857142857	GVNVDLEG:0.3333333333333333	GSPGAIAS:0.2857142857142857	FMSELYNT:0.2857142857142857	WSSNGTKA:0.2857142857142857	STSLSYKL:0.23809523809523808	VSGASGYK:0.23809523809523808	TSLSYKLD:0.23809523809523808	YNTLHPQG:0.2857142857142857	SNYTQIAT:0.23809523809523808	DGLGNITG:0.2857142857142857	SGDSSSYN:0.3333333333333333	VWFENSTS:0.42857142857142855	YYYSGDSS:0.3333333333333333	GGSPGAIA:0.2857142857142857	AIWRLGLE:0.7142857142857143	YYSGDSSS:0.3333333333333333	GIAIWRLG:0.5714285714285714	YDEHYPGG:0.42857142857142855	NSYKGVNV:0.23809523809523808	YSGDSSSY:0.3333333333333333	AAYGYDWS:0.5238095238095238	SYKGVNVD:0.23809523809523808	IAIWRLGL:0.5238095238095238	TFMSELYN:0.2857142857142857	TTDGLGNI:0.23809523809523808	GDSSSYNS:0.42857142857142855	SPGAIASI:0.2857142857142857	SSNGTKAY:0.2857142857142857	FENSTSLS:0.2857142857142857	NSTSLSYK:0.2857142857142857	GYDWSSNG:0.2857142857142857	LYNTLHPQ:0.2857142857142857	SELYNTLH:0.23809523809523808	LGFATYYY:0.23809523809523808	ELYNTLHP:0.23809523809523808	ATYYYSGD:0.23809523809523808	YKGVNVDL:0.3333333333333333	WRLGLENT:0.23809523809523808	YWYFVRAY:0.2857142857142857	YGYDWSSN:0.42857142857142855	KYWYFVRA:0.2857142857142857	DSSSYNSM:0.3333333333333333	LENTDYWT:0.23809523809523808	NYKGVNID:0.23809523809523808	NNYKGVNI:0.23809523809523808	ENVYYYDR:0.23809523809523808	ASYGYDWS:0.23809523809523808	SPYFNYTD:0.3333333333333333	NNFDGNIA:0.23809523809523808	DEHYPGGT:0.2857142857142857	MTYDEHYP:0.2857142857142857	TYDEHYPG:0.2857142857142857	GAYDYAAL:0.23809523809523808	GAIASIGW:0.23809523809523808	FPDALSIA:0.23809523809523808	GENFPDAL:0.23809523809523808	ENFPDALS:0.23809523809523808	AIASIGWV:0.23809523809523808	YDEHWSGG:0.23809523809523808	MTYDEHWS:0.23809523809523808	NFPDALSI:0.23809523809523808	TYDEHWSG:0.23809523809523808	KSPYFNYT:0.2857142857142857	GQDRYETS:0.23809523809523808	PGAIASIG:0.23809523809523808	RQNLINNI:0.2857142857142857	SKSPYFNY:0.23809523809523808	RLGLENAD:0.2857142857142857	GLENADYW:0.2857142857142857	NRQNLINN:0.2857142857142857	QNLINNIL:0.2857142857142857	WRLGLENA:0.2857142857142857	LGLENADY:0.2857142857142857	LMTYDEHY:0.23809523809523808	TSIKTKFN:0.23809523809523808	GTKAYGIN:0.23809523809523808	TKAYGING:0.23809523809523808	WTSIKTKF:0.23809523809523808	NGTKAYGI:0.23809523809523808	YWTSIKTK:0.23809523809523808	DYWTSIKT:0.23809523809523808	
