cluster number:244
GH18:15	GH18:15|3.2.1.14:4|CBM50:2
FNNVKFSD:0.2	KVALSLGG:0.3333333333333333	QSHYLALW:0.3333333333333333	NAVSSLTS:0.2	ALSLGGDS:0.2	VNFQFYAY:0.6	VKVALSLG:0.3333333333333333	VSNAVSSL:0.3333333333333333	LFREYIGA:0.4	DIDYEHFK:0.2	SWVSNAVS:0.26666666666666666	NFQFYAYD:0.3333333333333333	NVKFSDVP:0.2	ASIAPFDD:0.2	LALWKSYG:0.2	FILSFAID:0.26666666666666666	HFILSFAI:0.26666666666666666	SLGGDSVG:0.2	NLFREYIG:0.2	SHYLALWK:0.26666666666666666	DGIDIDYE:0.6666666666666666	NLDGIDID:0.4	AIDYDTSS:0.2	FASIAPFD:0.3333333333333333	SFAIDYDT:0.2	LDGIDIDY:0.6666666666666666	VKFSDVPI:0.4666666666666667	KFSDVPIN:0.4666666666666667	GIDIDYEH:0.5333333333333333	IKEYNLDG:0.2	IDIDYEHF:0.5333333333333333	LSFAIDYD:0.2	IDYVNFQF:0.7333333333333333	SNAVSSLT:0.3333333333333333	VQSHYLAL:0.3333333333333333	YLALWKSY:0.26666666666666666	DYVNFQFY:0.7333333333333333	YNLDGIDI:0.3333333333333333	KEYNLDGI:0.2	EYNLDGID:0.2	FHFILSFA:0.26666666666666666	FQFYAYDK:0.2	WVSNAVSS:0.3333333333333333	HYLALWKS:0.26666666666666666	SNLFREYI:0.2	ILSFAIDY:0.2	NVKVALSL:0.3333333333333333	YVNFQFYA:0.6	FSDVPINP:0.4666666666666667	NNVKFSDV:0.2	SPTNGKFN:0.2	LSLGGDSV:0.26666666666666666	GGKVLVSF:0.3333333333333333	VALSLGGD:0.3333333333333333	FAIDYDTS:0.2	DSWVSNAV:0.3333333333333333	GIFVWCAD:0.2	REYIGAQF:0.2	VDSWVSNA:0.2	GKFNIFWD:0.26666666666666666	FHFILAFA:0.4	KYFEEQSS:0.2	GRLITTLK:0.2	VNFQFYSY:0.2	DGIDVDYE:0.2	ILAFAIDY:0.4	VEFHFILA:0.26666666666666666	IGRLITTL:0.2	HFILAFAI:0.3333333333333333	DVPINPDV:0.2	YFEEQSSN:0.2	HLDGIDVD:0.2	KLHGIFVW:0.2	SDVPINPD:0.2	CIGRLITT:0.2	FEEQSSNY:0.2	LDGIDVDY:0.26666666666666666	FREYIGAQ:0.2	TNGKFNIF:0.3333333333333333	LITTLKNN:0.2	NGKFNIFW:0.3333333333333333	EFHFILAF:0.26666666666666666	FILAFAID:0.4	PTNGKFNI:0.3333333333333333	SVDSWVSN:0.2	VIDYVNFQ:0.3333333333333333	GVKFSDVP:0.26666666666666666	NGVISFAS:0.2	GVISFASI:0.2	VISFASIA:0.26666666666666666	ISFASIAP:0.3333333333333333	HLDGIDID:0.2	FAECIGQL:0.2	TFAECIGQ:0.2	YHLDGIDI:0.2	EVQSHYLA:0.2	LAFAIDYT:0.26666666666666666	FTDVPINP:0.2	SFASIAPF:0.2	DVPINPNV:0.2	
