cluster number:50
GH18:7	GH18:7
YHGSWDTS:0.5714285714285714	LEARAWPR:0.2857142857142857	AYPATSIT:0.2857142857142857	DTSATGAH:0.5714285714285714	RAWPRRPR:0.2857142857142857	SATGAHAA:0.8571428571428571	AVYFAQYF:0.5714285714285714	ELEARAWP:0.2857142857142857	AHAALYDP:1.0	AAVYFAQY:0.5714285714285714	GSWDTSAT:0.5714285714285714	AIELEARA:0.5714285714285714	DWVNVMCF:0.42857142857142855	LYDPSSNI:0.7142857142857143	RPRLLLTA:0.42857142857142855	RHAIELEA:0.5714285714285714	YFLLAADK:0.2857142857142857	ARAWPRRP:0.2857142857142857	AQYFLLAA:0.5714285714285714	SWDTSATG:0.5714285714285714	YFAQYFLL:0.5714285714285714	FDYHGSWD:0.42857142857142855	LDWVNVMC:0.8571428571428571	TGAHAALY:0.8571428571428571	ATGAHAAL:0.8571428571428571	ALYDPSSN:0.7142857142857143	QYFLLAAD:0.2857142857142857	TAAVYFAQ:0.5714285714285714	GAHAALYD:0.8571428571428571	LLTAAVYF:0.5714285714285714	PRLLLTAA:0.5714285714285714	VMCFDYHG:0.42857142857142855	FLLAADKR:0.2857142857142857	PRRPRLLL:0.2857142857142857	FAQYFLLA:0.5714285714285714	EWRHAIEL:0.5714285714285714	CFDYHGSW:0.42857142857142855	RRPRLLLT:0.42857142857142855	ADKRAYPA:0.2857142857142857	EARAWPRR:0.2857142857142857	LLAADKRA:0.2857142857142857	DKRAYPAT:0.2857142857142857	WPRRPRLL:0.2857142857142857	MCFDYHGS:0.42857142857142855	KRAYPATS:0.42857142857142855	LAADKRAY:0.2857142857142857	LLLTAAVY:0.5714285714285714	LTAAVYFA:0.5714285714285714	NVMCFDYH:0.42857142857142855	AWPRRPRL:0.2857142857142857	AEWRHAIE:0.5714285714285714	TSATGAHA:0.5714285714285714	WRHAIELE:0.5714285714285714	NLDWVNVM:0.8571428571428571	AADKRAYP:0.2857142857142857	HGSWDTSA:0.5714285714285714	VNVMCFDY:0.42857142857142855	RLLLTAAV:0.5714285714285714	IELEARAW:0.2857142857142857	HAALYDPS:0.7142857142857143	DYHGSWDT:0.5714285714285714	VYFAQYFL:0.5714285714285714	HAIELEAR:0.5714285714285714	AALYDPSS:0.7142857142857143	RAYPATSI:0.5714285714285714	FAEWRHAI:0.5714285714285714	WVNVMCFD:0.42857142857142855	WDTSATGA:0.5714285714285714	NVMCYDYH:0.42857142857142855	YDYHGSWD:0.42857142857142855	DWVNVMCY:0.42857142857142855	FGIGSWLH:0.2857142857142857	MCYDYHGS:0.42857142857142855	IGSWLHSG:0.2857142857142857	CYDYHGSW:0.42857142857142855	SWLHSGVP:0.2857142857142857	HSGVPPNK:0.2857142857142857	ISATGAHA:0.2857142857142857	SFGIGSWL:0.2857142857142857	VMCYDYHG:0.42857142857142855	GIGSWLHS:0.2857142857142857	WGEKRAYP:0.2857142857142857	ISTSFGIG:0.2857142857142857	WVNVMCYD:0.42857142857142855	VNVMCYDY:0.42857142857142855	DISATGAH:0.2857142857142857	HGSWDISA:0.2857142857142857	WDISATGA:0.2857142857142857	GSWDISAT:0.2857142857142857	SNISTSFG:0.2857142857142857	SWDISATG:0.2857142857142857	NISTSFGI:0.2857142857142857	YHGSWDIS:0.2857142857142857	TSFGIGSW:0.2857142857142857	LHSGVPPN:0.2857142857142857	SGVPPNKV:0.2857142857142857	STSFGIGS:0.2857142857142857	WLHSGVPP:0.2857142857142857	GVPPNKVA:0.2857142857142857	GSWLHSGV:0.2857142857142857	DYHGSWDI:0.2857142857142857	QNLDWVNV:0.42857142857142855	PATSIAQN:0.2857142857142857	TSIAQNLD:0.2857142857142857	YPATSIAQ:0.2857142857142857	AQNLDWVN:0.2857142857142857	ELEARASR:0.2857142857142857	AYPATSIA:0.2857142857142857	QYFLLAAN:0.2857142857142857	ATSIAQNL:0.2857142857142857	IAQNLDWV:0.2857142857142857	SIAQNLDW:0.2857142857142857	IELEARAS:0.2857142857142857	
