cluster number:201
GH18:12	GH18:12|CBM5:5|CBM12:3|CBM73:2|3.2.1.14:1|CBM18:1
ISHHTPLY:0.3333333333333333	DGVDIDWE:0.25	LTGAWERE:0.25	YNLNAVNH:0.4166666666666667	GSWEAGVV:0.25	AEQDNGYN:0.25	FWMAEQDN:0.25	WMAEQDNG:0.25	FFWMAEQD:0.25	GGVFGVLY:0.4166666666666667	YDLTGAWE:0.4166666666666667	DFDGVDID:0.25	GFPTSAPA:0.25	MTYDLTGA:0.4166666666666667	GGWTLSEG:0.5	TYDLTGAW:0.4166666666666667	LSSAIPAG:0.25	YRLSSAIP:0.5	MAEQDNGY:0.25	LNAVNHVL:0.4166666666666667	VGSWEAGV:0.25	GVVEGYDL:0.25	KLDLSVGG:0.4166666666666667	EQDNGYNL:0.5	GYNLNAVN:0.4166666666666667	TEIVTYIG:0.25	RLSSAIPA:0.5	FPTSAPAA:0.25	SNLPDGAM:0.3333333333333333	QSNLPDGA:0.3333333333333333	VDIDWEYP:0.4166666666666667	DIDWEYPG:0.25	AGVVEGYD:0.25	NLNAVNHV:0.4166666666666667	EIVTYIGD:0.25	NGYNLNAV:0.4166666666666667	DLTGAWER:0.4166666666666667	VGGVFGVL:0.4166666666666667	AVNHVLGN:0.4166666666666667	AGVGSWEA:0.25	LRAGMDWL:0.4166666666666667	DNGYNLNA:0.5	GWTLSEGF:0.5	HPYMDRLY:0.25	GTEIVTYI:0.25	GVDIDWEY:0.25	LSVGGWTL:0.4166666666666667	LKLDLSVG:0.4166666666666667	NLPDGAMA:0.3333333333333333	VGGWTLSE:0.4166666666666667	VYGFAGIC:0.4166666666666667	WEAGVVEG:0.25	PTSAPAAV:0.25	NAVNHVLG:0.4166666666666667	EAGVVEGY:0.25	ETPRTVAL:0.25	TPRTVALK:0.25	FDGVDIDW:0.25	IVTYIGDW:0.25	LDLSVGGW:0.4166666666666667	GVGSWEAG:0.25	SWEAGVVE:0.25	LCPVPIPN:0.25	SVGGWTLS:0.4166666666666667	RRKAFVDS:0.25	QDNGYNLN:0.5	DLSVGGWT:0.4166666666666667	WTEASKYM:0.3333333333333333	DWLTVKTG:0.3333333333333333	TEASKYMD:0.3333333333333333	MDWLTVKT:0.3333333333333333	HYRLSSAI:0.3333333333333333	GKHYRLSS:0.3333333333333333	DAANYVQL:0.3333333333333333	KTGKHYRL:0.3333333333333333	RLYVMTYD:0.3333333333333333	TGKHYRLS:0.3333333333333333	DRLYVMTY:0.3333333333333333	KHYRLSSA:0.3333333333333333	NYVQLLKD:0.3333333333333333	WLTVKTGK:0.3333333333333333	LSSAIPAT:0.25	EASKYMDR:0.3333333333333333	ANYVQLLK:0.3333333333333333	AANYVQLL:0.3333333333333333	YRLSSAIA:0.3333333333333333	DWAIYGRR:0.25	RLVYGFAG:0.25	PAAVNRTC:0.3333333333333333	EGYDLYQN:0.3333333333333333	QDPGFPTT:0.25	DPGFPTTA:0.25	WTLSEGFP:0.3333333333333333	TQDPGFPT:0.3333333333333333	GNHPGFDA:0.25	FPTTAPAA:0.25	GDWAIYGR:0.3333333333333333	DGIDIDWE:0.4166666666666667	PAAKNTQD:0.25	GGNHPGFD:0.25	GFAGICFP:0.25	PTTAPAAV:0.25	NGYHLYTD:0.25	PGFPTTAP:0.25	GYHLYTDK:0.25	YGFAGICF:0.25	AAKNTQDP:0.25	KNTQDPGF:0.25	TTAPAAVN:0.25	PGGNHPGF:0.25	DPGGNHPG:0.25	FAGICFPA:0.25	LVYGFAGI:0.25	GICFPAAK:0.25	NHPGFDAD:0.25	NTQDPGFP:0.25	LSEGFPWM:0.3333333333333333	TAPAAVNR:0.25	APAAVNRT:0.3333333333333333	CFPAAKNT:0.25	AKNTQDPG:0.25	WAIYGRRF:0.25	DFDGIDID:0.4166666666666667	ICFPAAKN:0.25	AIYGRRFD:0.25	TLSEGFPW:0.3333333333333333	IDIDWEYP:0.3333333333333333	PGFDADTG:0.25	AGICFPAA:0.25	HPGFDADT:0.25	YLGDWAIY:0.25	SEGFPWMA:0.3333333333333333	GFPTTAPA:0.25	RLSSAIAA:0.3333333333333333	FPAAKNTQ:0.25	GIDIDWEY:0.3333333333333333	IYGRRFDF:0.25	LGDWAIYG:0.25	FDGIDIDW:0.4166666666666667	LERYDFDG:0.25	QLLKDLRA:0.4166666666666667	YPASDGAV:0.25	LYVMTYDL:0.25	DIDWEYPA:0.4166666666666667	WEYPASDG:0.25	LKAQYAKD:0.25	ANYHRSKA:0.25	RAAMDWLT:0.25	DWEYPASD:0.25	FLERYDFD:0.25	AMDWLTVK:0.25	IDWEYPAS:0.25	YVMTYDLT:0.25	VMTYDLTG:0.25	GLAGVFFW:0.25	PASDGAVP:0.3333333333333333	AAMDWLTV:0.25	GYDLYQNY:0.25	EYPASDGA:0.25	RAGMDWLG:0.3333333333333333	VPSADTPA:0.25	AGMDWLGA:0.25	TPADAANY:0.25	ADTPADAA:0.25	DWTEASKY:0.25	KGKLDLID:0.25	ASKYMDRM:0.25	DGAVPSAD:0.25	LDLIDWTE:0.25	AATKGKLD:0.25	SKYMDRMY:0.25	GAVPSADT:0.25	SAIAATKG:0.25	MDWLGAKT:0.25	PSADTPAD:0.25	SADTPADA:0.25	YMDRMYVM:0.25	GMDWLGAK:0.25	KYMDRMYV:0.25	KLDLIDWT:0.25	ATKGKLDL:0.25	LKDLRAGM:0.25	IAATKGKL:0.25	YVQLLKDL:0.25	KDLRAGMD:0.25	TKGKLDLI:0.25	DLRAGMDW:0.25	LLKDLRAG:0.25	LSSAIAAT:0.25	GKLDLIDW:0.25	DWLGAKTG:0.25	LGAKTGKH:0.25	DLIDWTEA:0.25	IDWTEASK:0.25	ADAANYVQ:0.25	VQLLKDLR:0.25	GAKTGKHY:0.25	PADAANYV:0.25	DTPADAAN:0.25	SSAIAATK:0.25	AKTGKHYR:0.25	AVPSADTP:0.25	AIAATKGK:0.25	WLGAKTGK:0.25	LIDWTEAS:0.25	
