cluster number:18
GH18:15	GH18:15
TIAMGASD:0.4	IANTEMQK:0.26666666666666666	LTIAMGAS:0.4	TSLLRELR:0.26666666666666666	PFRAEDKQ:0.4	TVNLMSYD:0.26666666666666666	RELRQRFD:0.2	DKQNFTSL:0.2	ASDEVIAN:0.26666666666666666	LRELRQRF:0.2	QKVQRYVD:0.26666666666666666	GASDEVIA:0.26666666666666666	NTEMQKVQ:0.26666666666666666	RFDASARR:0.26666666666666666	PGMPGSGH:0.26666666666666666	KVQRYVDT:0.5333333333333333	EVIANTEM:0.26666666666666666	ELRQRFDA:0.2	TEMQKVQR:0.26666666666666666	ANTEMQKV:0.26666666666666666	RQRFDASA:0.2	VDIDWEYP:0.4	VNLMSYDL:0.26666666666666666	DIDWEYPG:0.2	FRAEDKQN:0.4	MGASDEVI:0.26666666666666666	FDASARRG:0.26666666666666666	MSYDLYGA:0.3333333333333333	QRYVDTVN:0.5333333333333333	DTVNLMSY:0.26666666666666666	KQNFTSLL:0.2	LMSYDLYG:0.3333333333333333	MPGSGHPF:0.26666666666666666	RLYLTIAM:0.4	LRQRFDAS:0.2	GSGHPFRA:0.26666666666666666	NFTSLLRE:0.26666666666666666	IAMGASDE:0.4	VQRYVDTV:0.5333333333333333	DEVIANTE:0.26666666666666666	SLLRELRQ:0.2	SGHPFRAE:0.26666666666666666	EDKQNFTS:0.2	GMPGSGHP:0.26666666666666666	SDEVIANT:0.26666666666666666	YVDTVNLM:0.6666666666666666	VIANTEMQ:0.26666666666666666	LYLTIAMG:0.4	LLRELRQR:0.2	GHPFRAED:0.4	QNFTSLLR:0.26666666666666666	VDTVNLMS:0.26666666666666666	MQKVQRYV:0.26666666666666666	RAEDKQNF:0.4	AEDKQNFT:0.4	QRFDASAR:0.2	NLMSYDLY:0.26666666666666666	YLTIAMGA:0.4	FTSLLREL:0.26666666666666666	EMQKVQRY:0.26666666666666666	HPFRAEDK:0.4	RYVDTVNL:0.6666666666666666	AMGASDEV:0.4	PGSGHPFR:0.26666666666666666	GRRLYLTI:0.2	SARRGRRL:0.2	WEFPGMPG:0.2	DWEFPGMP:0.2	RRGRRLYL:0.2	FPGMPGSG:0.2	EFPGMPGS:0.2	SYDLYGAW:0.26666666666666666	RGRRLYLT:0.2	VDIDWEFP:0.5333333333333333	DIDWEFPG:0.4	IDWEFPGM:0.2	DASARRGR:0.2	RRLYLTIA:0.3333333333333333	ARRGRRLY:0.2	ASARRGRR:0.2	NFTLLLAE:0.2	TSIATGAS:0.26666666666666666	EMDKVQRY:0.2	LMTYDLYG:0.3333333333333333	NLMTYDLY:0.3333333333333333	VNLMTYDL:0.26666666666666666	MDKVQRYV:0.2	DTVNLMTY:0.3333333333333333	TVNLMTYD:0.3333333333333333	TYDLYGAW:0.3333333333333333	DKVQRYVD:0.2	FTLLLAEL:0.2	MTYDLYGA:0.26666666666666666	VDTVNLMT:0.3333333333333333	TEMDKVQR:0.2	TLLLAELR:0.26666666666666666	EDKQNFTA:0.2	
