cluster number:290
GH18:64	GH18:64|CBM5:6|CBM12:3|3.2.1.14:1
EFRKQLDA:0.203125	VDIDWEYP:0.3125	DIDWEYPG:0.296875	TLLMAEFR:0.53125	NFTLLMAE:0.5	FTLLMAEF:0.5	FRKQLDAQ:0.203125	TYDLYGAW:0.203125	MTYDLYGA:0.234375	AEFRAQLD:0.203125	LYSQYMDW:0.21875	EFRAQLDA:0.234375	MSYDLYGA:0.25	SYDLYGAW:0.234375	VDIDWEFP:0.328125	DIDWEFPG:0.25	MAEFRSQL:0.21875	KHNFTLLM:0.296875	LMAEFRSQ:0.21875	LLMAEFRS:0.21875	HNFTLLMA:0.28125	DKHNFTLL:0.34375	GGGQPYNT:0.28125	NDKHNFTL:0.34375	NTVSPNDK:0.21875	GGQPYNTV:0.203125	
