cluster number:237
GH18:65	GH18:65|CBM18:48|CBM50:43|CBM66:1|3.2.1.14:1
TYDLHGQW:0.7230769230769231	WEYPGAPD:0.4	YPGAPDIP:0.2923076923076923	VGVTSYGR:0.26153846153846155	MTYDLHGQ:0.7384615384615385	DWEYPGAP:0.4	LSMITKAG:0.26153846153846155	GVTSYGRS:0.24615384615384617	VTSYGRSF:0.23076923076923078	CNIWGQCG:0.2	YDLHGQWD:0.7384615384615385	EYPGAPDI:0.3230769230769231	CCNIWGQC:0.2	NCLRSHVN:0.3076923076923077	PDIPGIPP:0.2	NGCISNCG:0.4307692307692308	GCISNCGT:0.36923076923076925	LRSHVNLT:0.2	RSHVNLTE:0.2	CISNCGTD:0.23076923076923078	GNCLRSHV:0.3230769230769231	DLHGQWDY:0.4	APASYWYL:0.47692307692307695	DGVDIDWE:0.3384615384615385	YMTYDLHG:0.5230769230769231	LDGVDIDW:0.3076923076923077	GTNGCISN:0.23076923076923078	IVYMTYDL:0.3076923076923077	YIVYMTYD:0.3230769230769231	MITKAGVP:0.4	ITKAGVPS:0.26153846153846155	LNPCPLNA:0.3230769230769231	VVDYIVYM:0.23076923076923078	VYMTYDLH:0.4153846153846154	VDIDWEYP:0.35384615384615387	TNGCISNC:0.3076923076923077	NPCPLNAC:0.38461538461538464	WYLKGFPI:0.23076923076923078	GVDIDWEY:0.3384615384615385	DYIVYMTY:0.3230769230769231	AMITKAGV:0.23076923076923078	PCPLNACC:0.4	LAMITKAG:0.23076923076923078	IDWEYPGA:0.23076923076923078	SIAAPASY:0.26153846153846155	DIDWEYPG:0.27692307692307694	PASYWYLK:0.46153846153846156	AAPASYWY:0.4461538461538462	IAAPASYW:0.4	LHGQWDYG:0.27692307692307694	SMITKAGV:0.2	HGQWDYGN:0.26153846153846155	GVDFDWEY:0.3230769230769231	DGVDFDWE:0.27692307692307694	LDGVDFDW:0.27692307692307694	APDIPGIP:0.2	FDWEYPGA:0.26153846153846155	DFDWEYPG:0.3230769230769231	VDFDWEYP:0.3230769230769231	GYISNAEI:0.23076923076923078	ASYWYLKA:0.2	SYWYLKAF:0.2153846153846154	YWYLKAFP:0.2153846153846154	WYLKAFPI:0.2	
