cluster number:287
GH18:6	GH18:6
GKRYLLTM:0.6666666666666666	EMDKMQAS:0.3333333333333333	KTAGKRYL:0.3333333333333333	AGKTAGKR:0.3333333333333333	WEFPGQKG:0.5	HTEMDKMQ:0.3333333333333333	TAGKRYLL:0.5	EHTEMDKM:0.3333333333333333	TEMDKMQA:0.3333333333333333	GQKGLNNT:0.6666666666666666	DKMQASLD:0.3333333333333333	LTMATGAN:0.5	MQASLDFV:0.3333333333333333	FVNIMTYD:0.5	PGQKGLNN:0.6666666666666666	LLTMATGA:0.5	NNTNRPED:0.6666666666666666	RYLLTMAT:0.5	VNIMTYDL:0.5	MDKMQASL:0.3333333333333333	IEHTEMDK:0.6666666666666666	KMQASLDF:0.3333333333333333	IMTYDLYG:0.5	IDWEFPGQ:0.6666666666666666	NTNRPEDK:0.5	QASLDFVN:0.6666666666666666	VDIDWEFP:0.8333333333333334	GKTAGKRY:0.3333333333333333	DWEFPGQK:0.5	DIDWEFPG:0.8333333333333334	KGLNNTNR:0.6666666666666666	TEARAALD:0.3333333333333333	ASLDFVNI:0.3333333333333333	FPGQKGLN:0.5	LDFVNIMT:0.3333333333333333	YLLTMATG:0.6666666666666666	MTYDLYGA:0.5	TMATGAND:0.3333333333333333	WIEHTEMD:0.6666666666666666	QKGLNNTN:0.6666666666666666	KRYLLTMA:0.6666666666666666	NIMTYDLY:0.5	SLDFVNIM:0.3333333333333333	AGKRYLLT:0.6666666666666666	GLNNTNRP:0.8333333333333334	EFPGQKGL:0.5	LNNTNRPE:0.6666666666666666	DFVNIMTY:0.5	ARAALDKA:0.3333333333333333	LDKAGKAA:0.3333333333333333	DKENCTAL:0.3333333333333333	EARAALDK:0.3333333333333333	RAALDKAG:0.3333333333333333	TYDLYGAW:0.3333333333333333	ALDKAGKA:0.3333333333333333	AALDKAGK:0.3333333333333333	ASLDFVNL:0.5	FVNLMSYD:0.5	MSYDLYGA:0.3333333333333333	VNLMSYDL:0.3333333333333333	LMSYDLYG:0.3333333333333333	SYDLYGAW:0.3333333333333333	FLAEARAA:0.3333333333333333	TAFLAEAR:0.3333333333333333	DFVNLMSY:0.5	AFLAEARA:0.3333333333333333	LDFVNLMS:0.5	CTAFLAEA:0.3333333333333333	NLMSYDLY:0.3333333333333333	LAEARAAL:0.5	SLDFVNLM:0.5	AEARAALD:0.5	SWIEHTEM:0.3333333333333333	
