cluster number:31
GH18:7	GH18:7
AIHYKLQD:0.7142857142857143	AASAGAIH:0.7142857142857143	YKLQDLKA:0.7142857142857143	HYELTVAA:0.7142857142857143	ELTVAASA:0.7142857142857143	VQGGNYAL:0.7142857142857143	NKQNYHYE:0.7142857142857143	KLQDLKAM:0.7142857142857143	DIDWEFPT:0.8571428571428571	LTVAASAG:0.7142857142857143	QNYHYELT:0.7142857142857143	YHYELTVA:0.7142857142857143	LKACREAL:0.7142857142857143	YALLLKAC:0.7142857142857143	ACREALDN:0.7142857142857143	YLDAWHLM:0.7142857142857143	TVQGGNYA:0.7142857142857143	ALDNYAKR:0.7142857142857143	ALLLKACR:0.7142857142857143	DAWHLMTY:0.2857142857142857	DNYAKRNK:0.7142857142857143	HYKLQDLK:0.7142857142857143	KQNYHYEL:0.7142857142857143	WEFPTDTV:0.7142857142857143	RNKQNYHY:0.7142857142857143	VAASAGAI:0.7142857142857143	SAGAIHYK:0.7142857142857143	VDIDWEFP:0.8571428571428571	IHYKLQDL:0.7142857142857143	IDWEFPTD:0.7142857142857143	KACREALD:0.7142857142857143	LDAWHLMT:0.2857142857142857	DTVQGGNY:0.7142857142857143	FPTDTVQG:0.7142857142857143	DWEFPTDT:0.7142857142857143	GNYALLLK:0.7142857142857143	YAKRNKQN:0.7142857142857143	GAIHYKLQ:0.7142857142857143	REALDNYA:0.7142857142857143	YELTVAAS:0.7142857142857143	EFPTDTVQ:0.7142857142857143	ASAGAIHY:0.7142857142857143	CREALDNY:0.7142857142857143	KYLDAWHL:0.7142857142857143	LDNYAKRN:0.7142857142857143	PTDTVQGG:0.7142857142857143	EALDNYAK:0.7142857142857143	KRNKQNYH:0.7142857142857143	AGAIHYKL:0.7142857142857143	QGGNYALL:0.7142857142857143	LLLKACRE:0.7142857142857143	NYAKRNKQ:0.7142857142857143	TDTVQGGN:0.7142857142857143	NYALLLKA:0.7142857142857143	TVAASAGA:0.7142857142857143	NYHYELTV:0.7142857142857143	LLKACREA:0.7142857142857143	GGNYALLL:0.7142857142857143	AWHLMTYD:0.2857142857142857	AKRNKQNY:0.7142857142857143	AMDKYLDA:0.5714285714285714	DAWHLMSY:0.42857142857142855	DLKAMDKY:0.5714285714285714	AWHLMSYD:0.42857142857142855	LMSYDLYG:0.42857142857142855	LDAWHLMS:0.42857142857142855	LKAMDKYL:0.5714285714285714	KAMDKYLD:0.5714285714285714	LQDLKAMD:0.5714285714285714	DKYLDAWH:0.5714285714285714	MDKYLDAW:0.5714285714285714	HLMSYDLY:0.42857142857142855	QDLKAMDK:0.5714285714285714	WHLMSYDL:0.42857142857142855	TYDFYGAW:0.42857142857142855	LMTYDFYG:0.42857142857142855	MTYDFYGA:0.42857142857142855	MSYDLYGA:0.2857142857142857	SYDLYGAW:0.2857142857142857	
