cluster number:155
GH18:21	GH18:21|CBM18:14
ITLPASYW:0.23809523809523808	DFFNIMSY:0.2857142857142857	FNDPGPTA:0.23809523809523808	PLNVCCSK:0.42857142857142855	IMSYDLHG:0.2857142857142857	MVWAVSHD:0.3333333333333333	ASYWYLQH:0.38095238095238093	FNIMSYDL:0.2857142857142857	RVVGYYEG:0.23809523809523808	TLPASYWY:0.3333333333333333	LGGVMVWA:0.2857142857142857	WYLQHFDI:0.23809523809523808	VVGYYEGW:0.23809523809523808	VDFFNIMS:0.23809523809523808	NIMSYDLH:0.2857142857142857	PASYWYLQ:0.42857142857142855	YWYLQHFD:0.3333333333333333	NDPGPTAT:0.23809523809523808	ALDLLWRN:0.23809523809523808	CLGGVMVW:0.2857142857142857	LPASYWYL:0.3333333333333333	KCPLNVCC:0.3333333333333333	SYWYLQHF:0.38095238095238093	GILLNSEI:0.23809523809523808	CPLNVCCS:0.47619047619047616	LDLLWRND:0.23809523809523808	FFNIMSYD:0.2857142857142857	IDIDWEYP:0.2857142857142857	DGIDIDWE:0.2857142857142857	IAVGGWAF:0.23809523809523808	GIDIDWEY:0.2857142857142857	FDGIDIDW:0.23809523809523808	LDLLWRNN:0.23809523809523808	TLPTSYWY:0.23809523809523808	DLLWRNNI:0.23809523809523808	LPTSYWYL:0.23809523809523808	DGVDLDWE:0.2857142857142857	GVDLDWEY:0.2857142857142857	VDLDWEYP:0.2857142857142857	GWTFNDPG:0.2857142857142857	WTFNDPGP:0.23809523809523808	GGWTFNDP:0.2857142857142857	TFNDPGPT:0.23809523809523808	GTTKDFCG:0.2857142857142857	CGTTKDFC:0.2857142857142857	
