cluster number:224
GH18:12	GH18:12
KLTHAVFA:0.5833333333333334	GGVWIWSV:0.3333333333333333	LGGVWIWS:0.3333333333333333	LTHAVFAF:0.5	KNLGGVWI:0.25	WIWSVDMD:0.25	SKLTHAVF:0.25	NLGGVWIW:0.5833333333333334	GVWIWSVD:0.3333333333333333	VWIWSVDM:0.3333333333333333	IWSVDMDD:0.25	QWGTPTGP:0.4166666666666667	TPTGPSAP:0.4166666666666667	AKLTHAVF:0.3333333333333333	MNLGGVWI:0.3333333333333333	PTGPSAPL:0.3333333333333333	LAKLTHAV:0.25	NQWGTPTG:0.4166666666666667	WGTPTGPS:0.5	QLAKLTHA:0.25	GTPTGPSA:0.5	PSAPLYGG:0.25	GPSAPLYG:0.25	SMDYYGPW:0.25	TGPSAPLY:0.25	GVDIFWKW:0.3333333333333333	VDIFWKWP:0.25	THAVFAFV:0.25	WSVDMDDR:0.25	DGVDIFWK:0.25	KFNIVIPF:0.25	
