cluster number:123
GH18:19	GH18:19|CBM14:14|3.2.1.14:3
GMLGYNEI:0.3157894736842105	AIGGWNEG:0.47368421052631576	WEYPAQRG:0.3157894736842105	MLGYNEIC:0.2631578947368421	IGGWNEGS:0.47368421052631576	LGYNEICE:0.3157894736842105	DLDWEYPA:0.3157894736842105	EYPAQRGG:0.3157894736842105	YPAQRGGA:0.21052631578947367	DWEYPAQR:0.3157894736842105	LDWEYPAQ:0.21052631578947367	WSIETDDF:0.2631578947368421	PTLCTHLI:0.21052631578947367	DPTLCTHL:0.21052631578947367	IDPTLCTH:0.21052631578947367	TLCTHLIY:0.21052631578947367	YLDFINLM:0.21052631578947367	WEYPANRG:0.21052631578947367	EYPANRGG:0.21052631578947367	DWEYPANR:0.21052631578947367	GFDGFDLD:0.42105263157894735	DLDWEYPG:0.21052631578947367	INVMAYDL:0.21052631578947367	VAIGGWNE:0.2631578947368421	FDGFDLDW:0.5263157894736842	GFDLDWEY:0.5789473684210527	DGFDLDWE:0.5789473684210527	MIWSIETD:0.21052631578947367	FDLDWEYP:0.5789473684210527	TLVAIGGW:0.2631578947368421	LVAIGGWN:0.2631578947368421	KTLVAIGG:0.2631578947368421	IWSIETDD:0.21052631578947367	AGPYTREA:0.21052631578947367	GPYTREAG:0.21052631578947367	GGWNEGST:0.3684210526315789	GWNEGSTT:0.21052631578947367	GYNEICEK:0.21052631578947367	NAPLYASS:0.21052631578947367	WSLETDDF:0.2631578947368421	YGFDGFDL:0.21052631578947367	GNQWVGYD:0.21052631578947367	YDLHGSWE:0.21052631578947367	
