cluster number:197
GH18:29	GH18:29|3.2.1.14:4|3.2.1.17:1
LFCAFADL:0.6206896551724138	HLFCAFAD:0.7586206896551724	FTHLFCAF:0.7586206896551724	KTLLSIGG:0.5862068965517241	FCAFADLD:0.3448275862068966	VKTLLSIG:0.5172413793103449	LFTHLFCA:0.5172413793103449	THLFCAFA:0.7586206896551724	KIVLGLPF:0.20689655172413793	KGLLGYFA:0.20689655172413793	GLDLDWEY:0.6551724137931034	SNSLDWIN:0.27586206896551724	DLDWEYPS:0.5172413793103449	GLLGYFAW:0.3103448275862069	IGYDDTQS:0.20689655172413793	NFHGLDLD:0.41379310344827586	LDWINVMA:0.27586206896551724	NVMAYDFY:0.27586206896551724	GYDDTQSI:0.41379310344827586	WINVMAYD:0.27586206896551724	TLLSIGGG:0.5172413793103449	SLFTHLFC:0.27586206896551724	SSLFTHLF:0.27586206896551724	KNPSVKTL:0.3448275862068966	AYDFYGPG:0.4482758620689655	YDFYGPGW:0.41379310344827586	KTWIGYDD:0.20689655172413793	NPSVKTLL:0.3103448275862069	LGYFAWHV:0.3103448275862069	HGLDLDWE:0.5517241379310345	SISAKVSY:0.2413793103448276	TQSISAKV:0.27586206896551724	KKIVLGLP:0.20689655172413793	EMTNFGTL:0.20689655172413793	TWIGYDDT:0.20689655172413793	MAYDFYGP:0.4827586206896552	NFGTLLTE:0.20689655172413793	YFAWHVGA:0.27586206896551724	GYFAWHVG:0.27586206896551724	DDTQSISA:0.27586206896551724	FHGLDLDW:0.5517241379310345	LDLDWEYP:0.6896551724137931	PSVKTLLS:0.3103448275862069	YDDTQSIS:0.3103448275862069	LLLAAAVF:0.2413793103448276	VLGLPFYG:0.2413793103448276	FYGYAWRL:0.2413793103448276	FAWHVGAD:0.27586206896551724	QKNPSVKT:0.27586206896551724	SNWALSQA:0.20689655172413793	QQKNPSVK:0.20689655172413793	INVMAYDF:0.27586206896551724	DWINVMAY:0.27586206896551724	PFYGYAWR:0.2413793103448276	LGLPFYGY:0.20689655172413793	IVLGLPFY:0.20689655172413793	LLGYFAWH:0.3103448275862069	FGTLLTEW:0.20689655172413793	ISAKVSYA:0.2413793103448276	VMAYDFYG:0.2413793103448276	FCAFADLN:0.27586206896551724	QSISAKVS:0.2413793103448276	SLDWINVM:0.27586206896551724	NSLDWINV:0.20689655172413793	VQQKNPSV:0.20689655172413793	TVQQKNPS:0.20689655172413793	GTLLTEWR:0.20689655172413793	ISNSLDWI:0.27586206896551724	WIGYDDTQ:0.20689655172413793	SVKTLLSI:0.4482758620689655	LDWEYPSS:0.3793103448275862	TEMTNFGT:0.20689655172413793	MTNFGTLL:0.20689655172413793	DTQSISAK:0.27586206896551724	STLFTHLF:0.27586206896551724	TLFTHLFC:0.2413793103448276	IDSTLFTH:0.20689655172413793	DSTLFTHL:0.20689655172413793	LLSIGGGG:0.20689655172413793	LLLSAAVG:0.20689655172413793	IKGGYWYS:0.20689655172413793	NLDWVNVM:0.20689655172413793	NNFHGLDL:0.2413793103448276	LLSAAVGG:0.20689655172413793	IEQDSNWA:0.20689655172413793	EQDSNWAL:0.20689655172413793	NNLDWVNV:0.20689655172413793	ANNLDWVN:0.20689655172413793	LSAAVGGS:0.20689655172413793	GLLGYFSW:0.2413793103448276	DFYGPGWS:0.2413793103448276	GTTWIGYD:0.2413793103448276	LLGYFSWH:0.20689655172413793	VTGPPAAL:0.20689655172413793	RKSFIDSS:0.27586206896551724	KSFIDSSI:0.27586206896551724	SRKSFIDS:0.2413793103448276	
