cluster number:251
GH18:53	GH18:53|CBM13:25|CBM5:8|CBM6:5|CBM32:3|CBM61:3|3.2.1.14:1|GH5_46:1
GKLLTAAV:0.6415094339622641	QYNLDGVD:0.3018867924528302	LTHINYSF:0.20754716981132076	DMDWEYPD:0.37735849056603776	GVDMDWEY:0.41509433962264153	DWEYPDPG:0.5660377358490566	DKLTHINY:0.20754716981132076	DGVDMDWE:0.41509433962264153	VDMDWEYP:0.41509433962264153	NLDGVDMD:0.33962264150943394	YPDPGASA:0.3018867924528302	GWNDGNDS:0.22641509433962265	AVGGWNDG:0.22641509433962265	YNLDGVDM:0.20754716981132076	GGWNDGND:0.2641509433962264	MDWEYPDP:0.3584905660377358	RGKLLTAA:0.5094339622641509	LDGVDMDW:0.41509433962264153	EYPDPGAS:0.3018867924528302	KLLTAAVV:0.5849056603773585	WEYPDPGA:0.3018867924528302	IAVGGWND:0.20754716981132076	VGGWNDGN:0.20754716981132076	GGKCVDVA:0.24528301886792453	GKCVDVAA:0.20754716981132076	KCVDVAAA:0.20754716981132076	DCNGTGAQ:0.2641509433962264	LNIMAYDG:0.4528301886792453	AVLGVPFY:0.41509433962264153	DGVDIDWE:0.2830188679245283	KAVLGVPF:0.41509433962264153	LDGVDIDW:0.2830188679245283	SRGKLLTA:0.33962264150943394	VLGVPFYG:0.20754716981132076	HSRGKLLT:0.2641509433962264	LGVPFYGR:0.20754716981132076	GVDIDWEY:0.22641509433962265	DIDWEYPD:0.3018867924528302	FLNIMAYD:0.22641509433962265	VDIDWEYP:0.22641509433962265	DFLNIMAY:0.22641509433962265	NIMAYDGG:0.4528301886792453	ANAGGMMN:0.20754716981132076	PANANRDC:0.3018867924528302	TRLQIWDC:0.32075471698113206	MNWELSQD:0.33962264150943394	TAAVVSEG:0.2830188679245283	GSPHANYD:0.3018867924528302	SADGTRLQ:0.24528301886792453	RGLPASKA:0.3018867924528302	LTHINYAF:0.4528301886792453	NYAFVLPN:0.24528301886792453	LPASKAVL:0.20754716981132076	AFEALAAN:0.22641509433962265	THINYAFV:0.22641509433962265	ADGTRLQI:0.22641509433962265	MMNWELSQ:0.20754716981132076	AQSNGTLR:0.22641509433962265	SSADGTRL:0.24528301886792453	PNNFKSVG:0.22641509433962265	AYDGGSPH:0.33962264150943394	IMAYDGGS:0.33962264150943394	SNGTLRNP:0.2641509433962264	YDGGSPHA:0.33962264150943394	NANRDCTT:0.20754716981132076	NWELSQDT:0.2641509433962264	SPHANYDW:0.3018867924528302	RLQIWDCF:0.2830188679245283	MDPANANR:0.24528301886792453	GGSPHANY:0.3018867924528302	ANANRDCT:0.22641509433962265	LLTAAVVS:0.3584905660377358	SKAVLGVP:0.24528301886792453	KLTHINYA:0.4339622641509434	PHANYDWS:0.3018867924528302	GLPASKAV:0.20754716981132076	MAYDGGSP:0.33962264150943394	VDWLNIMA:0.32075471698113206	WQAQSNGT:0.20754716981132076	GGMMNWEL:0.20754716981132076	HANYDWSI:0.3018867924528302	AGGMMNWE:0.20754716981132076	PASKAVLG:0.20754716981132076	GTRLQIWD:0.32075471698113206	HINYAFVL:0.20754716981132076	DSAFEALA:0.2830188679245283	WLNIMAYD:0.32075471698113206	ANYDWSIN:0.20754716981132076	TLRALGKC:0.2830188679245283	LTAAVVSE:0.2830188679245283	DGTRLQIW:0.22641509433962265	VLGVPFYS:0.2830188679245283	NNFKSVGY:0.22641509433962265	DPANANRD:0.32075471698113206	GMMNWELS:0.20754716981132076	DGGSPHAN:0.3018867924528302	WALANAGG:0.20754716981132076	GVPFYSRP:0.2830188679245283	INYAFVLP:0.20754716981132076	DWLNIMAY:0.32075471698113206	PFYSRPGY:0.2641509433962264	NAGGMMNW:0.20754716981132076	QSNGTLRN:0.2641509433962264	VLPNNFKS:0.22641509433962265	LPNNFKSV:0.22641509433962265	VPFYSRPG:0.22641509433962265	SAFEALAA:0.22641509433962265	QAQSNGTL:0.20754716981132076	LGVPFYSR:0.3018867924528302	GAQQCYNG:0.20754716981132076	FVNQYNLD:0.20754716981132076	ELSQDTTG:0.20754716981132076	SVGYMPSW:0.22641509433962265	NQYNLDGV:0.24528301886792453	VNQYNLDG:0.2641509433962264	WELSQDTT:0.20754716981132076	YNGIPTIK:0.20754716981132076	
