cluster number:213
GH18:51	GH18:51|CBM14:21|3.2.1.14:3
TYDLHGSW:0.23529411764705882	YDLHGSWE:0.21568627450980393	LGYNEICE:0.23529411764705882	GWNEGSTK:0.5490196078431373	EYPTQRGG:0.803921568627451	CDNYGKCG:0.29411764705882354	HHQSGLYA:0.21568627450980393	WSVETDDF:0.29411764705882354	PLYGRCWT:0.23529411764705882	IDPAYDVP:0.21568627450980393	VWSVETDD:0.2549019607843137	DNYGKCGY:0.29411764705882354	NKIKVLDP:0.27450980392156865	QRGGAPED:0.5490196078431373	MVWSVETD:0.2549019607843137	DNKIKVLD:0.21568627450980393	TIDPAYDV:0.21568627450980393	LDMDWEYP:0.7843137254901961	MDWEYPTQ:0.7254901960784313	YAHPDDTG:0.23529411764705882	NEGSTKYS:0.5490196078431373	KIKVLDPW:0.27450980392156865	GLDMDWEY:0.7843137254901961	DGLDMDWE:0.37254901960784315	WEYPTQRG:0.803921568627451	YGKCGYDR:0.39215686274509803	FDGLDMDW:0.35294117647058826	QSGLYAHP:0.23529411764705882	AVGGWNEG:0.3137254901960784	YTHHQSGL:0.21568627450980393	YPTQRGGA:0.5490196078431373	LCDNYGKC:0.43137254901960786	PTQRGGAP:0.5490196078431373	VGGWNEGS:0.49019607843137253	VLDPWNEL:0.2549019607843137	LAVGGWNE:0.29411764705882354	DMDWEYPT:0.7450980392156863	TAAVSAGK:0.5098039215686274	DPWNELCD:0.2549019607843137	SWAVYRQG:0.21568627450980393	NYGKCGYD:0.3137254901960784	TQRGGAPE:0.5490196078431373	GKCGYDRF:0.4117647058823529	LDPWNELC:0.2549019607843137	DWEYPTQR:0.803921568627451	IKVLDPWN:0.35294117647058826	DPAMHEPY:0.21568627450980393	LYGRCWTL:0.23529411764705882	HQSGLYAH:0.23529411764705882	LYAHPDDT:0.23529411764705882	WNEGSTKY:0.5490196078431373	THHQSGLY:0.21568627450980393	LTAAVSAG:0.5098039215686274	GGWNEGST:0.5882352941176471	MLLTAAVS:0.27450980392156865	VSAGKATI:0.3137254901960784	AVSAGKAT:0.3137254901960784	AAVSAGKA:0.3137254901960784	LLTAAVSA:0.27450980392156865	AGKATIDP:0.27450980392156865	SAGKATID:0.3137254901960784	GKATIDPA:0.27450980392156865	EGMLLTAA:0.27450980392156865	GMLLTAAV:0.27450980392156865	KATIDPAY:0.27450980392156865	TKYSQMAA:0.35294117647058826	STKYSQMA:0.35294117647058826	EGSTKYSQ:0.35294117647058826	MTYDLHGS:0.21568627450980393	GSTKYSQM:0.35294117647058826	VALLKKHD:0.37254901960784315	EKNVNLKT:0.3137254901960784	DPWNDLCD:0.21568627450980393	KRKIFVDS:0.2549019607843137	YSQMAASA:0.29411764705882354	MAASASKR:0.27450980392156865	VVALLKKH:0.37254901960784315	VNLKTLLA:0.3137254901960784	LLAIGGWN:0.3333333333333333	IGGWNEGS:0.3333333333333333	RGGAPEDQ:0.37254901960784315	KKHDFNGL:0.37254901960784315	IFVDSVVA:0.37254901960784315	LKKHDFNG:0.37254901960784315	LREKNVNL:0.3137254901960784	LLKKHDFN:0.37254901960784315	FNGLDMDW:0.37254901960784315	KHDFNGLD:0.37254901960784315	NGLDMDWE:0.37254901960784315	NLKTLLAI:0.3333333333333333	RKIFVDSV:0.2549019607843137	VKLREKNV:0.3137254901960784	QMAASASK:0.27450980392156865	KYSQMAAS:0.3333333333333333	NVNLKTLL:0.3137254901960784	APEDQANF:0.37254901960784315	HDFNGLDM:0.37254901960784315	DSVVALLK:0.37254901960784315	KTLLAIGG:0.3333333333333333	KNVNLKTL:0.3137254901960784	AIGGWNEG:0.3333333333333333	VLDPWNDL:0.21568627450980393	WNDLCDNY:0.23529411764705882	SQMAASAS:0.29411764705882354	LAIGGWNE:0.3333333333333333	FVDSVVAL:0.37254901960784315	NDLCDNYG:0.23529411764705882	PEDQANFV:0.37254901960784315	DFNGLDMD:0.37254901960784315	REKNVNLK:0.3137254901960784	SVVALLKK:0.37254901960784315	FVKLREKN:0.3137254901960784	CGYDRFVK:0.3137254901960784	TLLAIGGW:0.3333333333333333	LKTLLAIG:0.3333333333333333	VDSVVALL:0.37254901960784315	KVLDPWND:0.21568627450980393	KIFVDSVV:0.2549019607843137	GYDRFVKL:0.3137254901960784	KCGYDRFV:0.3137254901960784	DRFVKLRE:0.3137254901960784	LDPWNDLC:0.21568627450980393	GGAPEDQA:0.37254901960784315	YDRFVKLR:0.3137254901960784	GAPEDQAN:0.37254901960784315	KLREKNVN:0.3137254901960784	SKRKIFVD:0.2549019607843137	DLCDNYGK:0.23529411764705882	RFVKLREK:0.3137254901960784	PWNDLCDN:0.23529411764705882	ALLKKHDF:0.37254901960784315	
