cluster number:46
GH18:15	GH18:15
RVAFAASA:0.2	GRVAFAAS:0.2	SDTGRVAF:0.2	YTFIKDSL:0.26666666666666666	DSLLTNPA:0.26666666666666666	FSDAVVSD:0.2	EKLTHINY:0.4666666666666667	DGVDIDWE:0.5333333333333333	RTITKVER:0.26666666666666666	LKILISIG:0.4	QQYLDYIN:0.2	LDGVDIDW:0.5333333333333333	VRKNRAWL:0.2	DWEYPGMK:0.26666666666666666	AFAASAVD:0.26666666666666666	RAKAPYLY:0.2	LTHINYAF:0.6666666666666666	KRFVSYDD:0.2	SIGGWAWS:0.6	TITKVERG:0.26666666666666666	THINYAFV:0.6666666666666666	YLVTTALP:0.2	LTNPAYKR:0.2	AASAVDIV:0.26666666666666666	VDVRKNRA:0.2	TGRVAFAA:0.2	YGRAWQLQ:0.26666666666666666	RAWLHNLA:0.26666666666666666	WSENFSDA:0.6	SDAVVSDT:0.2	LKRFVSYD:0.2	IFTHTDMA:0.2	FYGRAWQL:0.26666666666666666	IVLAYVGG:0.26666666666666666	FIKDSLLT:0.26666666666666666	GEDNVFRP:0.2	KAPYLYNA:0.26666666666666666	FTLLFKAL:0.2	WDRRAKAP:0.2	TLLFKALR:0.2	SLLTNPAY:0.26666666666666666	GVMFWEYF:0.26666666666666666	WAWSENFS:0.5333333333333333	LAYVGGFR:0.26666666666666666	DVRKNRAW:0.2	FAASAVDI:0.4	AVVSDTGR:0.2	NFTLLFKA:0.2	NLATDSTN:0.26666666666666666	NYAFVDVR:0.2	VSDTGRVA:0.2	FVDVRKNR:0.2	IAAEKLTH:0.26666666666666666	LAGVMFWE:0.4	KLTHINYA:0.6	AAEKLTHI:0.26666666666666666	GVDIDWEY:0.5333333333333333	KILISIGG:0.4	VTTALPGF:0.2	AEKLTHIN:0.26666666666666666	WLHNLATD:0.26666666666666666	LLTNPAYK:0.2	RFVSYDDE:0.26666666666666666	IKDSLLTN:0.26666666666666666	GYTFIKDS:0.26666666666666666	EDNVFRPE:0.2	ISIGGWAW:0.6	LHNLATDS:0.26666666666666666	KDSLLTNP:0.26666666666666666	PRTITKVE:0.26666666666666666	INYAFVDV:0.4666666666666667	DAVVSDTG:0.2	LVTTALPG:0.2	VGGFRGLV:0.4666666666666667	SENFSDAV:0.5333333333333333	IDWEYPGM:0.26666666666666666	AWLHNLAT:0.26666666666666666	LISIGGWA:0.4666666666666667	YLDYINVM:0.2	QYLDYINV:0.2	AKAPYLYN:0.26666666666666666	ASAVDIVR:0.26666666666666666	WEYPGMKG:0.26666666666666666	ILISIGGW:0.4666666666666667	AFVDVRKN:0.2	AFYGRAWQ:0.26666666666666666	TFIKDSLL:0.2	YVGGFRGL:0.4666666666666667	DNVFRPED:0.2	VAFAASAV:0.2	YAFVDVRK:0.2	VLAYVGGF:0.26666666666666666	NRAWLHNL:0.26666666666666666	RKNRAWLH:0.2	PGMKGEDN:0.26666666666666666	VVSDTGRV:0.2	AGVMFWEY:0.5333333333333333	DRRAKAPY:0.2	VDIDWEYP:0.6	DIDWEYPG:0.6	KNRAWLHN:0.2	HINYAFVD:0.6666666666666666	AYVGGFRG:0.3333333333333333	AIFTHTDM:0.2	YDFFTGGP:0.26666666666666666	RRAKAPYL:0.2	AWSENFSD:0.5333333333333333	ENFTLLFK:0.2	GWAWSENF:0.5333333333333333	YPGMKGED:0.26666666666666666	NFSDAVVS:0.2	EYPGMKGE:0.26666666666666666	GMKGEDNV:0.26666666666666666	LATDSTNF:0.26666666666666666	HNLATDST:0.26666666666666666	AQQYLDYI:0.2	GGFRGLVD:0.2	KGEDNVFR:0.26666666666666666	ENFSDAVV:0.2	IGGWAWSE:0.5333333333333333	MKGEDNVF:0.26666666666666666	GGWAWSEN:0.5333333333333333	DTGRVAFA:0.2	YAFVDIKN:0.2	GGGYTFIK:0.2	NVMSYDFF:0.2	LDGIDIDW:0.26666666666666666	IDIDWEYP:0.26666666666666666	PIVLAYVG:0.2	GGYTFIKD:0.2	DGIDIDWE:0.26666666666666666	ENFSDAVL:0.3333333333333333	VMSYDFFT:0.2	FWEYFSDP:0.2	VMFWEYFS:0.2	KPIVLAYV:0.2	SYDFFTGG:0.2	YINVMSYD:0.2	KVERGGGY:0.2	GIDIDWEY:0.26666666666666666	NYAFVDIK:0.2	ITKVERGG:0.2	RGGGYTFI:0.2	WEYFSDPK:0.2	INVMSYDF:0.2	MSYDFFTG:0.2	MFWEYFSD:0.2	TKVERGGG:0.2	INYAFVDI:0.2	VVIGYVGG:0.4	GVMFWEYS:0.2	NFSDAVLT:0.26666666666666666	DIDWEYPA:0.2	YINLMTYD:0.26666666666666666	VMFWEYSS:0.2	FSDAVLTD:0.2	INLMTYDY:0.2	MFWEYSSD:0.2	VIGYVGGY:0.2	IAGHHTNL:0.2	FRGLVNTD:0.2	KLDGVDID:0.26666666666666666	AGHHTNLY:0.4	FEALRKEL:0.2	GFRGLVNT:0.2	KKLLTTAV:0.2	GGFRGLVN:0.2	KLVMGIAF:0.26666666666666666	VIGYVGGF:0.2	LMFEALRK:0.2	KYKLDGVD:0.2	MGIAFYGR:0.2	VMGIAFYG:0.2	YKLDGVDI:0.2	KVVIGYVG:0.26666666666666666	TLMFEALR:0.2	EALRKELD:0.2	DYINLMTY:0.2	MFEALRKE:0.2	LVMGIAFY:0.26666666666666666	IAFYGRAW:0.2	NVFRPEDK:0.2	GLAGVMFW:0.2	GIAFYGRA:0.2	SDPKGYLL:0.2	FRPEDKQN:0.2	ATDTVNFR:0.2	EATDTVNF:0.2	KKVVIGYV:0.2	GGVMFWEY:0.2	NPDLKILI:0.2	PDLKILIS:0.2	
