cluster number:146
GH18:13	GH18:13
LREAIRIM:0.3076923076923077	YIVTENFE:0.46153846153846156	IRIMNPAV:0.3076923076923077	MLHFIKTL:0.23076923076923078	LMGLPDSV:0.3076923076923077	VTENFESY:0.3076923076923077	DYFIVQAY:0.38461538461538464	VEYKYLRE:0.23076923076923078	QVAFGWFG:0.23076923076923078	DHQVAFGW:0.23076923076923078	PDSVDFVS:0.5384615384615384	YEPNFGHR:0.23076923076923078	YHMEYDYP:0.38461538461538464	KEQKGTRA:0.23076923076923078	LVIDGEPQ:0.5384615384615384	SGPYFDYF:0.23076923076923078	DAYMLHFI:0.23076923076923078	HQVAFGWF:0.23076923076923078	DIDYEPNF:0.3076923076923077	FGHRGNMS:0.23076923076923078	YMLHFIKT:0.23076923076923078	PYFDYFIV:0.38461538461538464	LLVIDGEP:0.5384615384615384	EYDYPTTP:0.23076923076923078	GWFGNWTG:0.38461538461538464	TDRYGNKM:0.3076923076923077	KYDYDGFD:0.23076923076923078	LPDSVDFV:0.46153846153846156	MGLPDSVD:0.38461538461538464	PNFGHRGN:0.23076923076923078	TYHMEYDY:0.38461538461538464	FGWFGNWT:0.38461538461538464	GPYFDYFI:0.46153846153846156	IDGEPQSI:0.6153846153846154	VAFGWFGN:0.23076923076923078	DYDGFDID:0.23076923076923078	DGEPQSIV:0.3076923076923077	YDGFDIDY:0.6923076923076923	TDHQVAFG:0.23076923076923078	YKYLREAI:0.38461538461538464	DGFDIDYE:0.6923076923076923	DYEPNFGH:0.23076923076923078	IVTENFES:0.38461538461538464	GNDAYMLH:0.23076923076923078	YDYPTTPV:0.23076923076923078	SGNDAYML:0.23076923076923078	YLREAIRI:0.3076923076923077	NDAYMLHF:0.23076923076923078	KYLREAIR:0.3076923076923077	EPNFGHRG:0.23076923076923078	AIRIMNPA:0.3076923076923077	FDIDYEPN:0.6153846153846154	GHRGNMSG:0.23076923076923078	HMEYDYPT:0.23076923076923078	TENFESYA:0.3076923076923077	MEYDYPTT:0.23076923076923078	EQKGTRAL:0.23076923076923078	EYKYLREA:0.3076923076923077	SLMGLPDS:0.3076923076923077	YDYDGFDI:0.23076923076923078	VIDGEPQS:0.5384615384615384	RLLVIDGE:0.46153846153846156	NFGHRGNM:0.23076923076923078	AYMLHFIK:0.23076923076923078	GLPDSVDF:0.46153846153846156	KYIVTENF:0.23076923076923078	YTDRYGNK:0.23076923076923078	GTYHMEYD:0.38461538461538464	ESGPYFDY:0.23076923076923078	YFDYFIVQ:0.38461538461538464	EAIRIMNP:0.3076923076923077	FDYFIVQA:0.38461538461538464	VKEQKGTR:0.23076923076923078	GFDIDYEP:0.6923076923076923	AFGWFGNW:0.3076923076923077	REAIRIMN:0.3076923076923077	IDYEPNFG:0.3076923076923077	VGTYHMEY:0.38461538461538464	SIDKYGYD:0.23076923076923078	DSVDFVSI:0.3076923076923077	KGGVGTYH:0.38461538461538464	SVDFVSIW:0.3076923076923077	LGERIGPK:0.23076923076923078	KYGYDGFD:0.46153846153846156	VDFVSIWG:0.3076923076923077	GEPQSIVS:0.23076923076923078	ICDSIDKY:0.23076923076923078	YGYDGFDI:0.46153846153846156	GGVGTYHM:0.38461538461538464	FVSIWGNW:0.3076923076923077	DSIDKYGY:0.23076923076923078	GERIGPKS:0.23076923076923078	DKYGYDGF:0.23076923076923078	SLEGMARW:0.23076923076923078	ERIGPKSG:0.23076923076923078	QSIVSESG:0.23076923076923078	AICDSIDK:0.23076923076923078	GDQLTPEE:0.23076923076923078	VSESGPYF:0.23076923076923078	MKSLEGMA:0.23076923076923078	SIVSESGP:0.23076923076923078	KSLEGMAR:0.23076923076923078	EPQSIVSE:0.23076923076923078	CDSIDKYG:0.23076923076923078	GVGTYHME:0.38461538461538464	PQSIVSES:0.23076923076923078	GYDGFDID:0.46153846153846156	IDKYGYDG:0.23076923076923078	DFVSIWGN:0.3076923076923077	RIGPKSGT:0.3076923076923077	IVSESGPY:0.23076923076923078	EASIRKYA:0.23076923076923078	VAFGWFGG:0.23076923076923078	AFGWFGGW:0.23076923076923078	NLRAYKRS:0.23076923076923078	ENLRAYKR:0.23076923076923078	YYENLRAY:0.3076923076923077	YENLRAYK:0.3076923076923077	DIDYEPNY:0.3076923076923077	IRKYANAI:0.23076923076923078	VRKGGVGT:0.3076923076923077	RKGGVGTY:0.3076923076923077	KYANAICD:0.23076923076923078	IDYEPNYG:0.3076923076923077	MYIVTENF:0.23076923076923078	
