cluster number:257
GH18:112	GH18:112|CBM13:31|CBM16:16|CBM2:15|GH27:4|CBM5:2|3.2.1.14:1|CBM35:1|GH16:1
YQKVIDAY:0.38392857142857145	DIENTDEF:0.2767857142857143	ALAGAYQK:0.375	ENTDEFEN:0.25892857142857145	IENTDEFE:0.25892857142857145	GAYQKVID:0.35714285714285715	SSMNGKTD:0.24107142857142858	GGDVIPSF:0.3482142857142857	LAGAYQKV:0.41964285714285715	IPSFGGWS:0.33035714285714285	PSFGGWSG:0.4642857142857143	GDVIPSFG:0.3482142857142857	AYQKVIDA:0.39285714285714285	VIPSFGGW:0.33035714285714285	DVIPSFGG:0.3482142857142857	AGAYQKVI:0.41964285714285715	TTVMNATG:0.20535714285714285	WSVNRDRP:0.45535714285714285	SAGELAAA:0.20535714285714285	YLYNGWGS:0.22321428571428573	TGVKWFTL:0.3392857142857143	MNATGVKW:0.23214285714285715	KAIDIDIE:0.48214285714285715	PLTGGVDQ:0.24107142857142858	NAYGLKAI:0.2857142857142857	AGELAAAY:0.20535714285714285	VQLYDCNG:0.20535714285714285	QQRTVDAL:0.25892857142857145	ARLTFWSV:0.21428571428571427	FGGWSGNK:0.4107142857142857	WTIMPFNF:0.22321428571428573	HLARLTFW:0.24107142857142858	KTVKANNP:0.21428571428571427	WFTLAFVL:0.35714285714285715	TFWSVNRD:0.2857142857142857	LTFWSVNR:0.22321428571428573	LKTVKANN:0.22321428571428573	FTLAFVLS:0.30357142857142855	AVAPYLYN:0.3392857142857143	SGNKLESS:0.25	TVMNATGV:0.22321428571428573	VQQRTVDA:0.25892857142857145	YNGWGSPP:0.24107142857142858	NATGVKWF:0.23214285714285715	LKAIDIDI:0.48214285714285715	PTTVMNAT:0.20535714285714285	ELAAAYQK:0.20535714285714285	LAFVLSNG:0.25	FWSVNRDR:0.5357142857142857	QRTVDALK:0.25	MAVAPYLY:0.23214285714285715	VNRDRPCT:0.20535714285714285	TVQQRTVD:0.20535714285714285	YCNPQWDG:0.21428571428571427	GVKWFTLA:0.3392857142857143	YQKVINAY:0.21428571428571427	ALGKCLDV:0.24107142857142858	QKVINAYG:0.21428571428571427	ALKTVKAN:0.22321428571428573	PYLYNGWG:0.35714285714285715	GGWSGNKL:0.5	LARLTFWS:0.26785714285714285	LSNGYCNP:0.21428571428571427	VKWFTLAF:0.3392857142857143	TLAFVLSN:0.25	YGLKAIDI:0.4375	LAAAYQKV:0.25	VMNATGVK:0.22321428571428573	AFVLSNGY:0.22321428571428573	SNGYCNPQ:0.21428571428571427	AYQKVINA:0.20535714285714285	KVINAYGL:0.21428571428571427	SVNRDRPC:0.45535714285714285	DSWTIMPF:0.25892857142857145	GYCNPQWD:0.21428571428571427	SSMNGITD:0.2767857142857143	KWFTLAFV:0.2767857142857143	AYGLKAID:0.5089285714285714	RPLTGGVD:0.26785714285714285	RALGKCLD:0.22321428571428573	INAYGLKA:0.26785714285714285	ATGVKWFT:0.42857142857142855	GNKLESSC:0.25	RTVDALKT:0.22321428571428573	TVKANNPG:0.22321428571428573	RLTFWSVN:0.22321428571428573	TVDALKTV:0.20535714285714285	APYLYNGW:0.3482142857142857	GELAAAYQ:0.20535714285714285	VAPYLYNG:0.3392857142857143	RDRPCTGG:0.25	AGGDVIPS:0.3125	GWSGNKLE:0.20535714285714285	NRDRPCTG:0.25	NGYCNPQW:0.21428571428571427	SFGGWSGN:0.4107142857142857	GLKAIDID:0.42857142857142855	AAAYQKVI:0.22321428571428573	LYNGWGSP:0.22321428571428573	AIDIDIEA:0.22321428571428573	VINAYGLK:0.2767857142857143	FVLSNGYC:0.22321428571428573	MPFDFGGG:0.24107142857142858	SASALAGA:0.26785714285714285	GWSGNKLG:0.29464285714285715	SSASALAG:0.23214285714285715	SALAGAYQ:0.21428571428571427	CSSASALA:0.24107142857142858	ASALAGAY:0.21428571428571427	IMPFDFGG:0.33035714285714285	WDGSRPLT:0.24107142857142858	DGSRPLTG:0.24107142857142858	GSRPLTGG:0.24107142857142858	KVIDAYGL:0.22321428571428573	DAYGLKAI:0.20535714285714285	QKVIDAYG:0.22321428571428573	IDAYGLKA:0.23214285714285715	VIDAYGLK:0.23214285714285715	NRDRPCPG:0.25	GISGMNGL:0.23214285714285715	DVFTIMPF:0.20535714285714285	FTIMPFDF:0.25	NGLSDQQE:0.22321428571428573	VNRDRPCP:0.21428571428571427	SGMNGLSD:0.26785714285714285	VFTIMPFD:0.20535714285714285	GMNGLSDQ:0.25892857142857145	MNGLSDQQ:0.22321428571428573	ISGMNGLS:0.23214285714285715	TIMPFDFG:0.3482142857142857	IDVFTIMP:0.20535714285714285	
