cluster number:143
GH18:26	GH18:26|CBM1:7|3.2.1.14:5|CBM19:3|CBM5:2|GH31:1
ILLSIGGA:0.6153846153846154	APQCPYPD:0.5769230769230769	ATYTEGGF:0.38461538461538464	SIGGATYT:0.34615384615384615	KTILLSIG:0.5	QFYNNYCG:0.5384615384615384	SVDGFDLD:0.23076923076923078	LLSIGGAT:0.5769230769230769	TILLSIGG:0.5384615384615384	VQFYNNYC:0.5	ASVDGFDL:0.23076923076923078	AVYWGQNS:0.46153846153846156	IGGATYTE:0.34615384615384615	FSSFGGIM:0.23076923076923078	VAVYWGQN:0.34615384615384615	AVFVQFYN:0.4230769230769231	GGATYTEG:0.38461538461538464	VFVQFYNN:0.46153846153846156	FDAVFVQF:0.2692307692307692	GATYTEGG:0.38461538461538464	DAVFVQFY:0.4230769230769231	LSIGGATY:0.6538461538461539	FSSFGGVM:0.2692307692307692	GGATYSEG:0.23076923076923078	SIGGATYS:0.2692307692307692	GATYSEGG:0.23076923076923078	IGGATYSE:0.23076923076923078	ATYSEGGF:0.23076923076923078	GFDFDFEA:0.23076923076923078	DGFDFDFE:0.34615384615384615	WDNWAKTV:0.23076923076923078	GKTILLSI:0.3076923076923077	DNWAKTVS:0.23076923076923078	LTAAPQCP:0.34615384615384615	TAAPQCPY:0.3076923076923077	AAPQCPYP:0.38461538461538464	FGGVMMWD:0.3076923076923077	SFGGVMMW:0.3076923076923077	FYNNYCGV:0.2692307692307692	QCPYPDAA:0.2692307692307692	CPYPDAAD:0.23076923076923078	PQCPYPDA:0.3076923076923077	
