cluster number:255
GH18:46	GH18:46|3.2.1.96:2
GWEYFNSL:0.45652173913043476	QFYCGWGD:0.5869565217391305	ITLAPVAT:0.2608695652173913	LGGAAQGS:0.21739130434782608	APVAAALL:0.30434782608695654	VMGMLGGA:0.21739130434782608	GGVMGWEY:0.6956521739130435	GIIRLIDR:0.21739130434782608	LAPVAAAL:0.32608695652173914	FGGVMGWE:0.6739130434782609	TLAPVAAA:0.3695652173913043	IITLAPVA:0.5869565217391305	GVMGWEYF:0.6086956521739131	IIRLIDRL:0.21739130434782608	VMGWEYFN:0.5652173913043478	FIITLAPV:0.5869565217391305	NFGGVMGW:0.2391304347826087	ITLAPVAA:0.391304347826087	IRLIDRLK:0.21739130434782608	DLDVEEEM:0.30434782608695654	MGWEYFNS:0.5	DGLDLDVE:0.5652173913043478	GLDLDVEE:0.6521739130434783	LDLDVEEE:0.2826086956521739	DFIITLAP:0.2608695652173913	LDGLDLDV:0.5652173913043478	MLGGAAKG:0.391304347826087	AELRILQA:0.2608695652173913	YYQTHHDS:0.21739130434782608	ITYYQTHH:0.2826086956521739	GGAAKGSY:0.21739130434782608	GMLGGAAK:0.32608695652173914	KVLGMLGG:0.2826086956521739	ELRILQAS:0.21739130434782608	TYYQTHHD:0.2391304347826087	LGMLGGAA:0.391304347826087	VLGMLGGA:0.30434782608695654	WAELRILQ:0.2608695652173913	LGGAAKGS:0.32608695652173914	RGLDGLDL:0.34782608695652173	LRILQASG:0.21739130434782608	GLDGLDLD:0.3695652173913043	WYNTQFYC:0.45652173913043476	TQFYCGWG:0.5217391304347826	NTQFYCGW:0.5217391304347826	YNTQFYCG:0.45652173913043476	EYFNSLPG:0.391304347826087	WEYFNSLP:0.43478260869565216	LIDRLRSD:0.2391304347826087	FDYEALEV:0.43478260869565216	DRLRSDFG:0.2391304347826087	LDVEEDMS:0.21739130434782608	NLSGFDYE:0.45652173913043476	EALEVMRG:0.391304347826087	YEALEVMR:0.391304347826087	GFDYEALE:0.43478260869565216	IDRLRSDF:0.2391304347826087	DYEALEVM:0.32608695652173914	LSGFDYEA:0.43478260869565216	DLDVEEDM:0.2608695652173913	SGFDYEAL:0.43478260869565216	LDLDVEED:0.21739130434782608	RFGGVMGW:0.21739130434782608	DRLRADFG:0.2608695652173913	LIDRLRAD:0.2391304347826087	IDRLRADF:0.2391304347826087	RLIDRLRA:0.2391304347826087	EIAWYNTQ:0.2608695652173913	IAWYNTQF:0.43478260869565216	AWYNTQFY:0.43478260869565216	
