cluster number:83
GH18:22	GH18:22
YVSATTAS:0.2727272727272727	RVSFGGAS:0.6818181818181818	SYDGDMGD:0.2727272727272727	TAYAPYVS:0.22727272727272727	TYNLAFVI:0.4090909090909091	SFTLPVMP:0.5909090909090909	YGAALDAA:0.2727272727272727	AATDCSGV:0.22727272727272727	YAPYVSAT:0.45454545454545453	LTSMIGVN:0.36363636363636365	DGDMGDYA:0.45454545454545453	YDGDMGDY:0.3181818181818182	AYGAALDA:0.2727272727272727	VSFGGASG:0.6818181818181818	GAALDAAG:0.2727272727272727	RSQAIALL:0.22727272727272727	APYVSATT:0.2727272727272727	VSFTLPVM:0.5909090909090909	TFTLADAA:0.36363636363636365	YNLAFVIS:0.2727272727272727	PYVSATTA:0.45454545454545453	TSMIGVND:0.36363636363636365	ETFTLADA:0.4090909090909091	ADFDIEGD:0.7272727272727273	KGVAWVSM:0.22727272727272727	SMIGVNDV:0.36363636363636365	GVAWVSMW:0.22727272727272727	ALTSMIGV:0.36363636363636365	LRSQAIAL:0.22727272727272727	FGGASGKE:0.36363636363636365	VRVSFGGA:0.6818181818181818	AYAPYVSA:0.22727272727272727	SFGGASGK:0.36363636363636365	GASGKELA:0.36363636363636365	GGASGKEL:0.36363636363636365	SMWSTFRD:0.22727272727272727	SQAIALLQ:0.22727272727272727	FDIEGDAL:0.2727272727272727	DIEGDALT:0.2727272727272727	DVAGETFT:0.5	GETFTLAD:0.22727272727272727	VNDVAGET:0.5	NDVAGETF:0.5	AGETFTLA:0.22727272727272727	GVNDVAGE:0.5	VAGETFTL:0.5	DFDIEGDA:0.2727272727272727	IEGDALTD:0.2727272727272727	GATVRVSF:0.4090909090909091	MNYGESYT:0.22727272727272727	DALTTCSG:0.22727272727272727	SMLGVNDV:0.22727272727272727	EGDALTDT:0.22727272727272727	EEKGIAWV:0.22727272727272727	FGGASGTE:0.22727272727272727	MLGVNDVA:0.22727272727272727	TVRVSFGG:0.4090909090909091	LMTMNYGE:0.45454545454545453	LALLASAN:0.36363636363636365	WRGMALTS:0.4090909090909091	GGASGTEL:0.22727272727272727	SFGGASGT:0.22727272727272727	TMNYGESY:0.36363636363636365	SPTTYNLA:0.36363636363636365	ALDAAGST:0.36363636363636365	FAEEKGIA:0.2727272727272727	AFAEEKGI:0.3181818181818182	ALTTCSGV:0.22727272727272727	RSEAIALL:0.2727272727272727	EVSFTLPV:0.3181818181818182	GSPTTYNL:0.36363636363636365	RGMALTSM:0.4090909090909091	AGSPTTYN:0.36363636363636365	GTELAAAC:0.22727272727272727	AWRGMALT:0.45454545454545453	SGATVRVS:0.3181818181818182	LEVSFTLP:0.3181818181818182	AAEVRAFA:0.22727272727272727	VRAFAEEK:0.3181818181818182	AEEKGIAW:0.2727272727272727	ALLASAND:0.22727272727272727	MTMNYGES:0.45454545454545453	ALTSMLGV:0.22727272727272727	SGTELAAA:0.22727272727272727	DAAEVRAF:0.22727272727272727	AKAAHTQL:0.22727272727272727	LTSMLGVN:0.22727272727272727	ASGTELAA:0.22727272727272727	ESGATVRV:0.22727272727272727	LGVNDVAG:0.22727272727272727	EKGIAWVS:0.22727272727272727	ATVRVSFG:0.4090909090909091	RAFAEEKG:0.3181818181818182	TSMLGVND:0.22727272727272727	NLMTMNYG:0.45454545454545453	PTTYNLAF:0.36363636363636365	VNLMTMNY:0.5909090909090909	SEAIALLQ:0.2727272727272727	GASGTELA:0.22727272727272727	VEQEDGAF:0.2727272727272727	CSGVEQED:0.2727272727272727	GVEQEDGA:0.2727272727272727	SGVEQEDG:0.2727272727272727	DFDIEGDE:0.3181818181818182	YNLAFVIA:0.22727272727272727	TVNLMTMN:0.5	FDIEGDEL:0.3181818181818182	LALLESAN:0.2727272727272727	DAAQVRAF:0.2727272727272727	FTLPVMPS:0.5454545454545454	LPVMPSGL:0.5454545454545454	AAQVRAFA:0.2727272727272727	TLPVMPSG:0.5454545454545454	PVMPSGLD:0.5454545454545454	MPSGLDAD:0.2727272727272727	AYGEALDA:0.22727272727272727	YGEALDAA:0.22727272727272727	GEALDAAG:0.22727272727272727	VMPSGLDA:0.3181818181818182	EALDAAGS:0.22727272727272727	QVSTVNLM:0.36363636363636365	STVNLMTM:0.36363636363636365	GMALTSMI:0.4090909090909091	MALTSMIG:0.4090909090909091	VSTVNLMT:0.36363636363636365	MIGVNDVA:0.22727272727272727	TTYNLAFV:0.2727272727272727	VQVSTVNL:0.36363636363636365	ASGKELAA:0.2727272727272727	SASVALRS:0.22727272727272727	DIEGDELT:0.22727272727272727	GETFTLSD:0.22727272727272727	ETFTLSDA:0.22727272727272727	
