cluster number:137
GH18:23	GH18:23
EFRKQLDA:0.2608695652173913	QNFSNIEL:0.782608695652174	EQNFSNIE:0.2608695652173913	FYNVQGYD:0.5652173913043478	HASPLFDS:0.6956521739130435	DPARADNF:0.21739130434782608	LMREFRKQ:0.21739130434782608	KQLDALGR:0.21739130434782608	RKLVLGIP:0.4782608695652174	FRKQLDAL:0.21739130434782608	DFHGTWET:0.8260869565217391	REFRKQLD:0.34782608695652173	NVQGYDFH:0.782608695652174	GPAGEQNF:0.34782608695652173	PARKLVLG:0.391304347826087	WETSTNHA:0.6086956521739131	ETSTNHAS:0.6521739130434783	ARKLVLGI:0.34782608695652173	SPLFDSRQ:0.30434782608695654	TLDFYNVQ:0.5217391304347826	LTMFGPAG:0.8260869565217391	MREFRKQL:0.21739130434782608	FGPAGEQN:0.34782608695652173	NHASPLFD:0.782608695652174	MFGPAGEQ:0.34782608695652173	YLLTMFGP:0.782608695652174	ARTLDFYN:0.2608695652173913	TMFGPAGE:0.34782608695652173	TNHASPLF:0.782608695652174	NATLLMRE:0.21739130434782608	AGVPARKL:0.6086956521739131	YDFHGTWE:0.8260869565217391	LDFYNVQG:0.5652173913043478	RTLDFYNV:0.5652173913043478	HYLLTMFG:0.6086956521739131	ATLLMREF:0.21739130434782608	PLFDSRQD:0.30434782608695654	FHGTWETS:0.6086956521739131	RKQLDALG:0.21739130434782608	GYDFHGTW:0.8260869565217391	TLLMREFR:0.2608695652173913	GEQNFSNI:0.30434782608695654	YNVQGYDF:0.782608695652174	TSTNHASP:0.6521739130434783	DFYNVQGY:0.5652173913043478	PAGEQNFS:0.34782608695652173	QGYDFHGT:0.8260869565217391	VQGYDFHG:0.8260869565217391	VPARKLVL:0.34782608695652173	QDPARADN:0.21739130434782608	VARTLDFY:0.2608695652173913	LFDSRQDP:0.34782608695652173	STNHASPL:0.6521739130434783	NFSNIELA:0.7391304347826086	KLVLGIPL:0.5217391304347826	AGEQNFSN:0.34782608695652173	ASPLFDSR:0.30434782608695654	PARADNFY:0.21739130434782608	GTWETSTN:0.6086956521739131	LLTMFGPA:0.782608695652174	TWETSTNH:0.6086956521739131	GVPARKLV:0.5652173913043478	HGTWETST:0.6086956521739131	FGPAGQQN:0.5217391304347826	SNIELAKV:0.5217391304347826	YLQAGVPA:0.2608695652173913	IELAKVGR:0.391304347826087	QQNFSNIE:0.5217391304347826	FSNIELAK:0.5217391304347826	GPAGQQNF:0.5217391304347826	MFGPAGQQ:0.5217391304347826	LQAGVPAR:0.2608695652173913	PAGQQNFS:0.5217391304347826	TMFGPAGQ:0.4782608695652174	AGQQNFSN:0.5217391304347826	QAGVPARK:0.2608695652173913	NFNIDYTI:0.34782608695652173	NIELAKVG:0.391304347826087	GQQNFSNI:0.5217391304347826	LAKVGRTL:0.391304347826087	DYYNVQGY:0.21739130434782608	ELAKVGRT:0.34782608695652173	ADNFNIDY:0.2608695652173913	FNIDYTIN:0.21739130434782608	AKVGRTLD:0.391304347826087	LDYYNVQG:0.21739130434782608	DNFNIDYT:0.2608695652173913	YYNVQGYD:0.21739130434782608	HRHYLLTM:0.21739130434782608	KVGRTLDF:0.2608695652173913	GRTLDFYN:0.30434782608695654	VGRTLDFY:0.30434782608695654	RHYLLTMF:0.34782608695652173	ARKLVMGI:0.21739130434782608	KLVMGIPL:0.21739130434782608	RKLVMGIP:0.21739130434782608	VPARKLVM:0.21739130434782608	PARKLVMG:0.21739130434782608	AYLQAGVP:0.2608695652173913	NAYLQAGV:0.21739130434782608	
