cluster number:283
GH18:6	GH18:6
DAVSRYLA:0.3333333333333333	APAGQRYS:0.3333333333333333	GPQTNHQS:0.8333333333333334	KANFVALL:0.6666666666666666	QLRNPANN:0.6666666666666666	LAKIDAGI:0.6666666666666666	AFLPADLA:0.5	ASAGNDGN:0.5	PWGPQTNH:0.6666666666666666	FATVQGYD:1.0	YDFYGPWG:0.6666666666666666	VGRTYDLT:0.6666666666666666	TVQGYDFY:1.0	SYGASVGR:0.5	LNSYGASV:0.5	NHQSQLRN:1.0	KLVVGVPA:0.8333333333333334	QLNSYGAS:0.5	GNDGNVIR:0.6666666666666666	NPANNPAP:0.6666666666666666	EFRSQLNS:0.5	SQLNSYGA:0.5	TNHQSQLR:1.0	VADAVSRY:0.5	SRYLAIGA:0.3333333333333333	SKLVVGVP:0.3333333333333333	ADAVSRYL:0.3333333333333333	NPAPAGQR:0.3333333333333333	WGPQTNHQ:0.8333333333333334	YGPWGPQT:0.6666666666666666	NNPAPAGQ:0.3333333333333333	PANNPAPA:0.6666666666666666	GRTYDLTA:0.6666666666666666	SAGNDGNV:0.5	ADLAKIDA:0.6666666666666666	DFYGPWGP:0.6666666666666666	PAGQRYSV:0.3333333333333333	IRPEDKAN:0.6666666666666666	DLTAFLPA:0.5	FLPADLAK:0.5	DPAIFNSL:0.5	GQRYSVAD:0.3333333333333333	LRNPANNP:0.6666666666666666	PADLAKID:0.6666666666666666	TAFLPADL:0.5	ATVQGYDF:1.0	DKANFVAL:0.6666666666666666	RTYDLTAF:0.5	AKIDAGID:0.5	IDAGIDPA:0.5	ANNPAPAG:0.3333333333333333	PEDKANFV:0.6666666666666666	ASVGRTYD:0.6666666666666666	ALLQEFRS:0.8333333333333334	YSVADAVS:0.5	VIRPEDKA:0.6666666666666666	LTAFLPAD:0.8333333333333334	KIDAGIDP:0.5	FVALLQEF:0.6666666666666666	PQTNHQSQ:1.0	SVADAVSR:0.5	GPWGPQTN:0.6666666666666666	NSYGASVG:0.5	QRYSVADA:0.5	DGNVIRPE:0.5	QEFRSQLN:1.0	FRSQLNSY:0.5	DLAKIDAG:0.6666666666666666	PAPAGQRY:0.3333333333333333	ASKLVVGV:0.3333333333333333	PAIFNSLT:0.5	FNSLTFAT:1.0	AGQRYSVA:0.3333333333333333	SVGRTYDL:0.6666666666666666	YGASVGRT:0.8333333333333334	AIFNSLTF:0.5	SLTFATVQ:1.0	QTNHQSQL:1.0	HQSQLRNP:1.0	IFNSLTFA:0.5	FYGPWGPQ:0.6666666666666666	YDLTAFLP:0.5	QGYDFYGP:0.6666666666666666	SQLRNPAN:0.6666666666666666	GASVGRTY:0.8333333333333334	TFATVQGY:1.0	LPADLAKI:0.6666666666666666	QSQLRNPA:0.8333333333333334	AGNDGNVI:0.5	VQGYDFYG:1.0	DAGIDPAI:0.5	NSLTFATV:1.0	NDGNVIRP:0.5	GNVIRPED:0.6666666666666666	RYSVADAV:0.5	TYDLTAFL:0.5	VALLQEFR:0.6666666666666666	RSQLNSYG:0.5	NVIRPEDK:0.6666666666666666	NFVALLQE:0.6666666666666666	VSRYLAIG:0.3333333333333333	LLQEFRSQ:0.8333333333333334	LTFATVQG:1.0	RPEDKANF:0.6666666666666666	EDKANFVA:0.6666666666666666	LQEFRSQL:0.8333333333333334	ANFVALLQ:0.6666666666666666	GIDPAIFN:0.5	AVSRYLAI:0.3333333333333333	RNPANNPA:0.6666666666666666	IDPAIFNS:0.5	GYDFYGPW:0.6666666666666666	AGIDPAIF:0.5	IDAGISAS:0.3333333333333333	PAPANQRY:0.3333333333333333	TYELTAFL:0.3333333333333333	DAGISASV:0.3333333333333333	NKLVVGVP:0.5	ASVFNSLT:0.3333333333333333	SQLNAYGA:0.3333333333333333	EDKANFLA:0.3333333333333333	YELTAFLP:0.3333333333333333	KIDAGISA:0.3333333333333333	FRSQLNAY:0.3333333333333333	VIRAEDKA:0.3333333333333333	QGYDFYGA:0.3333333333333333	GYDFYGAW:0.3333333333333333	SASVFNSL:0.3333333333333333	GISASVFN:0.3333333333333333	NVIRAEDK:0.3333333333333333	RSQLNAYG:0.3333333333333333	ELTAFLPA:0.3333333333333333	PANQRYSV:0.3333333333333333	ANKLVVGV:0.5	MGAPANKL:0.3333333333333333	APANKLVV:0.5	IRAEDKAN:0.3333333333333333	DKANFLAL:0.3333333333333333	GNVIRAED:0.3333333333333333	VFNSLTFA:0.5	AKIDAGIS:0.3333333333333333	AGISASVF:0.3333333333333333	EFRSQLNA:0.3333333333333333	GAPANKLV:0.6666666666666666	PANKLVVG:0.5	AEDKANFL:0.3333333333333333	RAEDKANF:0.3333333333333333	NNPAPANQ:0.3333333333333333	NPAPANQR:0.5	APANQRYS:0.3333333333333333	ISASVFNS:0.3333333333333333	ANQRYSVV:0.3333333333333333	SVFNSLTF:0.3333333333333333	VDAVNKYL:0.3333333333333333	VVDAVNKY:0.3333333333333333	SVVDAVNK:0.3333333333333333	IGAPANKL:0.3333333333333333	
