cluster number:65
GH18:113	GH18:113|3.2.1.14:24|CBM50:1
IVLGMPLY:0.23008849557522124	DFWNLMAY:0.49557522123893805	GMPLYGRA:0.39823008849557523	WNLMAYDY:0.39823008849557523	VNWAIYGR:0.3185840707964602	GGWTYSSN:0.35398230088495575	MAYDYAGS:0.46017699115044247	LGMPLYGR:0.4690265486725664	KIVLGMPL:0.21238938053097345	LMAYDYAG:0.45132743362831856	YGCLKQLN:0.22123893805309736	AYDYAGSW:0.4336283185840708	LDFWNLMA:0.4778761061946903	WADTDIHW:0.21238938053097345	FWNLMAYD:0.5309734513274337	VLGMPLYG:0.336283185840708	YDYAGSWD:0.4690265486725664	YFVNWAIY:0.415929203539823	THILYAFA:0.2743362831858407	LGGAMWWE:0.3185840707964602	VAYFVNWA:0.25663716814159293	IHWEGDSW:0.20353982300884957	AYFVNWAI:0.2920353982300885	NLMAYDYA:0.415929203539823	MWWESSAD:0.26548672566371684	HILYAFAN:0.21238938053097345	MPLYGRAF:0.39823008849557523	FVNWAIYG:0.26548672566371684	LYAFANVR:0.34513274336283184	LTHILYAF:0.23008849557522124	GWTYSSNF:0.336283185840708	YAFANVRP:0.25663716814159293	GLDIDWEY:0.3008849557522124	LDIDWEYP:0.3008849557522124	NWAIYGRN:0.22123893805309736	VLLSIGGW:0.46017699115044247	GFDGLDID:0.22123893805309736	LSIGGWTY:0.6371681415929203	SIGGWTYS:0.6637168141592921	YLDFWNLM:0.3274336283185841	DGLDIDWE:0.3185840707964602	THVLYAFA:0.3185840707964602	GGMWWESS:0.21238938053097345	VLYAFANV:0.24778761061946902	KVLLSIGG:0.4424778761061947	FDGLDIDW:0.21238938053097345	HVLYAFAN:0.3185840707964602	LLSIGGWT:0.6283185840707964	GLGGAMWW:0.21238938053097345	VNWAIYAR:0.21238938053097345	LGFDGIDI:0.24778761061946902	IDIDWEYP:0.3274336283185841	DGIDIDWE:0.3274336283185841	IGGWTYSS:0.2920353982300885	GFDGIDID:0.2743362831858407	GIDIDWEY:0.3185840707964602	FDGIDIDW:0.2743362831858407	GLGGGMWW:0.22123893805309736	LGGGMWWE:0.23893805309734514	GGGMWWES:0.20353982300884957	DIDWEYPQ:0.21238938053097345	LKVLLSIG:0.37168141592920356	LTHVLYAF:0.2920353982300885	RNLKVLLS:0.25663716814159293	NLKVLLSI:0.23008849557522124	NRNLKVLL:0.25663716814159293	
