cluster number:44
GH18:26	GH18:26|CBM5:23|3.2.1.14:1
VYQAKWWT:0.34615384615384615	AVWLTLPV:0.4230769230769231	ATPMIGQN:0.5384615384615384	GATPMIGQ:0.5	IGATPMIG:0.23076923076923078	KPWFASYV:0.23076923076923078	LAVWLTLP:0.5	PWFASYVD:0.23076923076923078	NVYQAKWW:0.2692307692307692	TPMIGQND:0.7692307692307693	PLAVWLTL:0.2692307692307692	HNVYQAKW:0.2692307692307692	IGLTPMIG:0.2692307692307692	LDLDRRIA:0.4230769230769231	WLTLPVAP:0.38461538461538464	TVVSDACS:0.2692307692307692	LTPMIGQN:0.23076923076923078	PMIGQNDI:0.23076923076923078	DPATSPYP:0.23076923076923078	KIGLTPMI:0.23076923076923078	VDVTATPR:0.2692307692307692	GYVDVTAT:0.38461538461538464	DLDRRIAR:0.4230769230769231	WRKIGLTP:0.23076923076923078	MSMWSLNR:0.3076923076923077	DDPATSPY:0.2692307692307692	SMWSLNRD:0.34615384615384615	YVDVTATP:0.5769230769230769	IGPVLPGD:0.2692307692307692	LDRRIARL:0.4230769230769231	LIGPVLPG:0.38461538461538464	GLTPMIGQ:0.23076923076923078	VWLTLPVA:0.38461538461538464	AGYVDVTA:0.3076923076923077	GRMSMWSL:0.3076923076923077	FAGYVDVT:0.3076923076923077	VVLSFIVA:0.23076923076923078	VSDACSGV:0.34615384615384615	RMSMWSLN:0.3076923076923077	NVYEAKWW:0.23076923076923078	VVSDACSG:0.2692307692307692	VYEAKWWT:0.23076923076923078	SMWSANRD:0.23076923076923078	PTLPAGTY:0.2692307692307692	TLPAGTYP:0.2692307692307692	PMIGQNDV:0.23076923076923078	GVNVMTMD:0.3076923076923077	AGVNVMTM:0.3076923076923077	TIDLDLEG:0.23076923076923078	LGRMSMWS:0.2692307692307692	GLGRMSMW:0.23076923076923078	RIARLQQQ:0.23076923076923078	LTLPVAPT:0.23076923076923078	RRIARLQQ:0.23076923076923078	TLPVAPTG:0.23076923076923078	DRRIARLQ:0.23076923076923078	GDVPDNPV:0.23076923076923078	AKWWTQGD:0.23076923076923078	
