cluster number:189
GH18:34	GH18:34|CBM18:10|3.2.1.-:1
EYPGGNGE:0.38235294117647056	DGVDIDWE:0.38235294117647056	GADGVDID:0.2647058823529412	FAWGLGED:0.38235294117647056	GVFAWGLG:0.38235294117647056	VFAWGLGE:0.38235294117647056	ADGVDIDW:0.2647058823529412	LGGVFAWG:0.4411764705882353	DWEYPGGN:0.9117647058823529	WEYPGGNG:0.6176470588235294	WGLGEDAP:0.3235294117647059	YDLMNRRD:0.5	GVDIDWEY:0.38235294117647056	MTYDLMNR:0.5294117647058824	YPGGNGED:0.38235294117647056	GGVFAWGL:0.38235294117647056	DFLNVMTY:0.20588235294117646	IDWEYPGG:0.5588235294117647	VMTYDLMN:0.47058823529411764	GGNGEDYK:0.38235294117647056	TYDLMNRR:0.5294117647058824	TGADGVDI:0.2647058823529412	NVMTYDLM:0.47058823529411764	VDIDWEYP:0.47058823529411764	DIDWEYPG:0.5882352941176471	AWGLGEDA:0.38235294117647056	FLNVMTYD:0.20588235294117646	PGGNGEDY:0.38235294117647056	KELSIAVP:0.2647058823529412	VNVMTYDL:0.23529411764705882	ELSIAVPG:0.20588235294117646	AIGGWGDT:0.4117647058823529	VAIGGWGD:0.3235294117647059	LNLGFAFY:0.20588235294117646	DVDWEYPG:0.29411764705882354	VDWEYPGG:0.29411764705882354	IAIGGWGD:0.2647058823529412	WEYPGGNR:0.29411764705882354	MVAIGGWG:0.23529411764705882	GGNRDDYK:0.23529411764705882	PGGNRDDY:0.29411764705882354	EYPGGNRD:0.29411764705882354	YPGGNRDD:0.29411764705882354	SIAVPGLE:0.20588235294117646	AVPGLERD:0.3235294117647059	IAVPGLER:0.20588235294117646	LSIAVPGL:0.20588235294117646	RLGGVFAW:0.20588235294117646	VPGLERDL:0.20588235294117646	GLGYYVKW:0.2647058823529412	IMYLTGQH:0.29411764705882354	LGLGYYVK:0.2647058823529412	CIMYLTGQ:0.2647058823529412	RCIMYLTG:0.2647058823529412	NLGLGYYV:0.2647058823529412	
