cluster number:195
GH18:22	GH18:22|3.2.1.14:3|CBM14:1
PHLKVSLA:0.36363636363636365	EYPTQRGG:0.3181818181818182	IRKYNFDG:0.22727272727272727	IKSLDPWQ:0.4090909090909091	NYPLLRTI:0.3181818181818182	GLDLDWEY:0.6363636363636364	GWNEGSKN:0.2727272727272727	YPLLRTIN:0.3181818181818182	ISTWAVYR:0.36363636363636365	VRQISRYL:0.2727272727272727	THPHLKVS:0.22727272727272727	YDVRQISR:0.2727272727272727	LKVSLAIG:0.36363636363636365	LTSAIGAA:0.22727272727272727	AIGGWNEG:0.7272727272727273	YISTWAVY:0.36363636363636365	NEGSKNYS:0.2727272727272727	TSAIGAAK:0.22727272727272727	RQISRYLD:0.2727272727272727	CYDYHGSW:0.3181818181818182	VSLAIGGW:0.36363636363636365	EDGFLGYN:0.3181818181818182	LPFYGRTF:0.3181818181818182	IGGWNEGS:0.7272727272727273	RKYNFDGL:0.2727272727272727	CYISTWAV:0.36363636363636365	VVCYISTW:0.36363636363636365	FDGLDLDW:0.7272727272727273	KVSLAIGG:0.36363636363636365	YDYHGSWD:0.36363636363636365	WEYPTQRG:0.3181818181818182	SAIKSLDP:0.22727272727272727	HPHLKVSL:0.3181818181818182	DLDWEYPT:0.5	DGLDLDWE:0.7272727272727273	LDWEYPTQ:0.45454545454545453	SLDPWQDL:0.45454545454545453	KYNFDGLD:0.3181818181818182	VCYISTWA:0.36363636363636365	LLRTINEA:0.3181818181818182	KSLDPWQD:0.4090909090909091	GGWNEGSK:0.36363636363636365	WNEGSKNY:0.2727272727272727	DVRQISRY:0.2727272727272727	LDLDWEYP:0.6363636363636364	HLKVSLAI:0.36363636363636365	GLPFYGRT:0.3181818181818182	YNFDGLDL:0.3181818181818182	MCYDYHGS:0.3181818181818182	LAIGGWNE:0.6363636363636364	NFDGLDLD:0.5	AYDVRQIS:0.2727272727272727	FIRKYNFD:0.22727272727272727	LDPWQDLK:0.4090909090909091	SIANKVKF:0.22727272727272727	RSIANKVK:0.22727272727272727	SLAIGGWN:0.36363636363636365	FLGYNEIC:0.4090909090909091	AIKSLDPW:0.4090909090909091	REDGFLGY:0.3181818181818182	TWAVYRPG:0.3181818181818182	HIMCYDYH:0.3181818181818182	IANKVKFA:0.22727272727272727	IMCYDYHG:0.3181818181818182	DPWQDLKE:0.36363636363636365	TREDGFLG:0.3181818181818182	DWEYPTQR:0.45454545454545453	PLLRTINE:0.3181818181818182	DGFLGYNE:0.36363636363636365	STWAVYRP:0.4090909090909091	NFDPNLCT:0.2727272727272727	WSIDTDDF:0.5	GFLGYNEI:0.4090909090909091	LHIMCYDY:0.2727272727272727	WSVDTDDF:0.22727272727272727	LLTSAIGA:0.2727272727272727	MVWSVDTD:0.22727272727272727	VWSVDTDD:0.22727272727272727	PYTREDGF:0.22727272727272727	YAFAGLDI:0.2727272727272727	LLLTSAIG:0.2727272727272727	GPYTREDG:0.22727272727272727	FMGYNEIC:0.3181818181818182	GFMGYNEI:0.3181818181818182	VWSIDTDD:0.2727272727272727	MVWSIDTD:0.2727272727272727	IYAFAGLD:0.22727272727272727	
