cluster number:3
GT34:17	GT34:17
IIKTFSHL:0.47058823529411764	TWFDPIYR:0.23529411764705882	DSIIKTFS:0.47058823529411764	DHPVVPPD:0.23529411764705882	PVVPPDSI:0.47058823529411764	FQKAETHA:0.23529411764705882	SYNFQKAE:0.6470588235294118	VVAMRHAL:0.23529411764705882	LTQDKDGL:0.23529411764705882	DPIYRSYN:0.23529411764705882	SIIKTFSH:0.47058823529411764	IYRSYNFQ:0.23529411764705882	FDPIYRSY:0.23529411764705882	YRSYNFQK:0.7058823529411765	VPPDSIIK:0.6470588235294118	VVPPDSII:0.5882352941176471	QKAETHAL:0.23529411764705882	HPVVPPDS:0.23529411764705882	PIYRSYNF:0.23529411764705882	VAMRHALT:0.23529411764705882	PDSIIKTF:0.6470588235294118	AMRHALTK:0.23529411764705882	PPDSIIKT:0.6470588235294118	RSYNFQKA:0.7058823529411765	TQDKDGLS:0.23529411764705882	WFDPIYRS:0.23529411764705882	KDHPVVPP:0.23529411764705882	VQWHPTIL:0.6470588235294118	EWAKFFLE:0.29411764705882354	DVDLVLTQ:0.23529411764705882	WFDPLYRS:0.35294117647058826	ALEHIVQW:0.9411764705882353	THALEHIV:0.23529411764705882	SHLKGQDV:0.23529411764705882	VDLVLTQD:0.35294117647058826	KTFSHLKG:0.35294117647058826	HIVQWHPT:0.7058823529411765	EHIVQWHP:0.7058823529411765	IKTFSHLK:0.35294117647058826	LEHIVQWH:0.9411764705882353	TFSHLKGQ:0.23529411764705882	PLYRSYNF:0.47058823529411764	HALEHIVQ:0.9411764705882353	LYRSYNFQ:0.4117647058823529	NGEWAKFF:0.4117647058823529	AKFFLETW:0.29411764705882354	GEWAKFFL:0.29411764705882354	VRNGEWAK:0.23529411764705882	WAKFFLET:0.29411764705882354	IVQWHPTI:0.6470588235294118	KFFLETWF:0.23529411764705882	RNGEWAKF:0.29411764705882354	FFLETWFD:0.23529411764705882	FDPLYRSY:0.35294117647058826	DLVLTQDK:0.35294117647058826	DPLYRSYN:0.47058823529411764	FLETWFDP:0.23529411764705882	VVLVTVLD:0.23529411764705882	FSHLKGQD:0.23529411764705882	QWHPTILS:0.5294117647058824	WHPTILSK:0.47058823529411764	HPTILSKL:0.47058823529411764	PTILSKLA:0.4117647058823529	VQWHGTIL:0.23529411764705882	HIVQWHGT:0.23529411764705882	EHIVQWHG:0.23529411764705882	PVVPPDSV:0.23529411764705882	PPVVIVTV:0.23529411764705882	IVQWHGTI:0.23529411764705882	VVPPDSVI:0.23529411764705882	KAERHALE:0.47058823529411764	YNFQKAER:0.35294117647058826	AERHALEH:0.47058823529411764	FQKAERHA:0.35294117647058826	ERHALEHI:0.47058823529411764	RHALEHIV:0.47058823529411764	NFQKAERH:0.35294117647058826	QKAERHAL:0.35294117647058826	AMRHALSK:0.23529411764705882	TILSKLAL:0.29411764705882354	MHFAYPPR:0.23529411764705882	HFAYPPRK:0.23529411764705882	SKLALVPQ:0.23529411764705882	LSKLALVP:0.23529411764705882	
