cluster number:6
GT34:27	GT34:27|2.4.1.-:2
VFLIRNCQ:0.4074074074074074	VRAAMLAH:0.2222222222222222	DDQSALVY:0.2222222222222222	GVFLIRNC:0.4444444444444444	WRRPFVTH:0.2222222222222222	HFTGCQPC:0.8518518518518519	FADDQVLR:0.2222222222222222	LIRNCQWS:0.5185185185185185	RAAMLAHP:0.25925925925925924	RPFVTHFT:0.37037037037037035	FVTHFTGC:0.37037037037037035	THFTGCQP:0.8148148148148148	IRNCQWSL:0.37037037037037035	AGVFLIRN:0.5185185185185185	GLNAGVFL:0.4444444444444444	LNAGVFLI:0.48148148148148145	FLIRNCQW:0.48148148148148145	NAGVFLIR:0.5185185185185185	PFVTHFTG:0.37037037037037035	SDDQSALV:0.2222222222222222	ESDDQSAL:0.2962962962962963	RNCQWSLD:0.4074074074074074	RRPFVTHF:0.4074074074074074	VTHFTGCQ:0.3333333333333333	WIWWVDSD:0.4444444444444444	WTGLNAGV:0.37037037037037035	NKVDYCRI:0.4074074074074074	RRPFITHF:0.37037037037037035	LLRFFKNK:0.48148148148148145	KNKVDYCR:0.5925925925925926	FKNKVDYC:0.5185185185185185	HSWTGLNA:0.2222222222222222	FFKNKVDY:0.48148148148148145	GDHLLLRF:0.48148148148148145	QWSLDFMD:0.25925925925925924	DHLLLRFF:0.4444444444444444	RRRHAEKV:0.4444444444444444	NPIGDHLL:0.5555555555555556	TDMEFKLP:0.3333333333333333	KVDYCRIH:0.4074074074074074	IWWVDSDA:0.4074074074074074	LNFADNQV:0.5185185185185185	HLLLRFFK:0.4444444444444444	ITHFTGCQ:0.4444444444444444	RRHAEKVS:0.4444444444444444	FITHFTGC:0.4444444444444444	CQWSLDFM:0.3333333333333333	PFITHFTG:0.4074074074074074	RALNFADN:0.2962962962962963	LLLRFFKN:0.4444444444444444	DMEFKLPL:0.3333333333333333	NFADNQVL:0.4444444444444444	WRRPFITH:0.2222222222222222	HPSFAAGA:0.25925925925925924	SWTGLNAG:0.4074074074074074	RPFITHFT:0.4074074074074074	NCQWSLDF:0.37037037037037035	RFFKNKVD:0.48148148148148145	IGDHLLLR:0.6296296296296297	TGLNAGVF:0.37037037037037035	FADNQVLR:0.48148148148148145	EWIWWVDS:0.4444444444444444	RHAEKVSE:0.4074074074074074	LRRRHAEK:0.4444444444444444	LRFFKNKV:0.48148148148148145	ALNFADNQ:0.5555555555555556	PIGDHLLL:0.6666666666666666	KNPIGDHL:0.37037037037037035	LHPSFAAG:0.2222222222222222	GCQPCSGD:0.25925925925925924	CQPCSGDH:0.25925925925925924	PCKNPIGD:0.37037037037037035	CKNPIGDH:0.4074074074074074	ERALNFAD:0.25925925925925924	MERALNFA:0.25925925925925924	FTGCQPCS:0.5925925925925926	HNLVVHGW:0.25925925925925924	TGCQPCSG:0.5925925925925926	VDYCRIHG:0.25925925925925924	HPEAEWIW:0.5185185185185185	FPESDDQT:0.25925925925925924	AEWIWWVD:0.2962962962962963	AMVAHPEA:0.2962962962962963	FTDMEFKL:0.25925925925925924	EAEWIWWV:0.2962962962962963	VAHPEAEW:0.37037037037037035	PEAEWIWW:0.5185185185185185	AAMVAHPE:0.25925925925925924	MVAHPEAE:0.37037037037037035	EYYFEGYW:0.25925925925925924	RAAMVAHP:0.25925925925925924	AHPEAEWI:0.5185185185185185	KALNFADN:0.2222222222222222	LKLHPSFA:0.2222222222222222	WLKLHPSF:0.25925925925925924	AAMLAHPE:0.2222222222222222	GMERALNF:0.2222222222222222	IHGYDIFY:0.2222222222222222	DYCRIHGY:0.2222222222222222	RIHGYDIF:0.2222222222222222	
