cluster number:4
GT34:12	GT34:12
HILQWHPF:0.3333333333333333	FLPLPATF:0.25	QNRVDYAH:0.3333333333333333	YFKNQDKI:0.25	LQWHPFIL:0.25	SKYIYPPI:0.3333333333333333	QNYGVYVR:0.4166666666666667	FPYGPDSA:0.3333333333333333	LTKIVQNR:0.3333333333333333	NYGVYVRW:0.5833333333333334	WHPFILSK:0.25	EHAPLLKQ:0.25	PDSALTHI:0.25	KYIYPPIE:0.3333333333333333	FKNQDKIV:0.25	VIVTAVDF:0.4166666666666667	QWHPFILS:0.25	IVQNRVDY:0.3333333333333333	KNYFKNQD:0.25	SALTHILQ:0.3333333333333333	KWFWYLDE:0.25	LTHILQWH:0.3333333333333333	ALTHILQW:0.3333333333333333	AKNYFKNQ:0.25	GPDSALTH:0.5833333333333334	THILQWHP:0.4166666666666667	VQNRVDYA:0.3333333333333333	PYGPDSAL:0.3333333333333333	TKIVQNRV:0.3333333333333333	AAMFAFPK:0.3333333333333333	DSALTHIL:0.25	NYFKNQDK:0.25	KIVQNRVD:0.3333333333333333	APLLKQLT:0.25	YGPDSALT:0.4166666666666667	IEHAPLLK:0.25	VQNRVNYA:0.25	YPEVVIVT:0.25	AVDFEKYS:0.25	AKWFWYLD:0.4166666666666667	AFPHAKWF:0.25	TAVDFEKY:0.25	HAKWFWYL:0.25	FWYLDQDG:0.25	FPHAKWFW:0.25	IITQSDSK:0.25	PHAKWFWY:0.25	PEVVIVTA:0.25	KWFWYLDQ:0.3333333333333333	WYLDQDGL:0.25	IVTAVDFE:0.25	VTAVDFEK:0.25	YVRWYQEF:0.25	YLDQDGLI:0.25	WFWYLDQD:0.4166666666666667	HPFVLSKT:0.25	QWHPFVLS:0.25	LRAAMFAF:0.3333333333333333	WHPFVLSK:0.25	RAAMFAFP:0.5	LQWHPFVL:0.25	SFLVKNDY:0.25	PFGPDSAL:0.25	DSALTHLL:0.25	IVPARTIA:0.25	NFPFGPDS:0.25	PARTIAAQ:0.25	HLLQWHPF:0.25	THLLQWHP:0.25	SALTHLLQ:0.25	PDSALTHL:0.25	FPFGPDSA:0.25	ALTHLLQW:0.25	VPARTIAA:0.25	LTHLLQWH:0.25	VQNKVDYA:0.25	WAQEFIPQ:0.3333333333333333	GVYVRWAQ:0.3333333333333333	RWAQEFIP:0.3333333333333333	VRWAQEFI:0.3333333333333333	VYVRWAQE:0.3333333333333333	YVRWAQEF:0.3333333333333333	YGVYVRWA:0.3333333333333333	AQEFIPQL:0.25	
