cluster number:10
GT34:71	GT34:71|2.4.1.-:2
CGGFNLGS:0.6901408450704225	FLVNMAGC:0.2112676056338028	DCGGFNLG:0.6901408450704225	GFNLGSFF:0.4647887323943662	GGFNLGSF:0.6901408450704225	QDCGGFNL:0.704225352112676	RYAHEWRE:0.2112676056338028	DFLVNMAG:0.2112676056338028	QKHMVWEH:0.2112676056338028	EGGGVLRW:0.23943661971830985	ILAANEGG:0.49295774647887325	REGWQKVD:0.323943661971831	GWQKVDIL:0.29577464788732394	HREQDALE:0.323943661971831	EHREQDAL:0.30985915492957744	EYREGWQK:0.3380281690140845	ANEGGGVL:0.43661971830985913	LAANEGGG:0.5211267605633803	WEHREQDA:0.30985915492957744	EQKHMVWE:0.2112676056338028	LITQDCGG:0.39436619718309857	DFVVNMAG:0.49295774647887325	YREGWQKV:0.2676056338028169	NEGGGVLR:0.2535211267605634	KHMVWEHR:0.2112676056338028	AANEGGGV:0.5211267605633803	TQDCGGFN:0.5492957746478874	GGGVLRWK:0.2535211267605634	QDALEALY:0.2535211267605634	MVWEHREQ:0.2112676056338028	EQDALEAL:0.2535211267605634	EGWQKVDI:0.323943661971831	ITQDCGGF:0.49295774647887325	HEYREGWQ:0.3380281690140845	VWEHREQD:0.22535211267605634	HMVWEHRE:0.2112676056338028	YEQKHMVW:0.2112676056338028	FVVNMAGC:0.49295774647887325	NAEWFWWL:0.36619718309859156	GYGLTIKD:0.3380281690140845	IVIILAAN:0.28169014084507044	GRDCWGEM:0.6338028169014085	AFPPGACS:0.36619718309859156	PNAEWFWW:0.3380281690140845	HKEQDALE:0.4225352112676056	EHKEQDAL:0.4225352112676056	WEHKEQDA:0.4507042253521127	INAFPPGA:0.4225352112676056	VVNMAGCN:0.28169014084507044	NAFPPGAC:0.43661971830985913	EWFWWLDL:0.6056338028169014	AEWFWWLD:0.5070422535211268	HGYGLTIK:0.3380281690140845	CEWGRDCW:0.30985915492957744	YAHEWRES:0.23943661971830985	HEWRESWE:0.4084507042253521	RESWEKVD:0.36619718309859156	VNMAGCEW:0.22535211267605634	AGCEWGRD:0.30985915492957744	EWAIERDS:0.2112676056338028	EWGRDCWG:0.28169014084507044	WGRDCWGE:0.30985915492957744	NMAGCEWG:0.2676056338028169	AHEWRESW:0.23943661971830985	REWAIERD:0.2112676056338028	EWRESWEK:0.4084507042253521	GCEWGRDC:0.30985915492957744	GGVMEWKG:0.23943661971830985	WRESWEKV:0.36619718309859156	MAGCEWGR:0.30985915492957744	WFWWLDLD:0.23943661971830985	REFPNAEW:0.23943661971830985	RYSHEYRE:0.30985915492957744	FWWLDLDT:0.23943661971830985	VNMAGCNF:0.29577464788732394	NMAGCNFG:0.29577464788732394	FGRDCWGE:0.29577464788732394	EFPNAEWF:0.23943661971830985	VIILAANE:0.4507042253521127	NEQEWAIE:0.2112676056338028	FNLGSFLI:0.23943661971830985	CNFGRDCW:0.29577464788732394	IILAANEG:0.4647887323943662	YAKRHGYG:0.2535211267605634	MAGCNFGR:0.29577464788732394	SHEYREGW:0.30985915492957744	SKRYSHEY:0.23943661971830985	NFGRDCWG:0.2535211267605634	WKNEQEWA:0.2112676056338028	FPPGACSE:0.323943661971831	HDFVVNMA:0.23943661971830985	AYAKRHGY:0.23943661971830985	AKRHGYGL:0.2535211267605634	AGCNFGRD:0.29577464788732394	YSHEYREG:0.30985915492957744	GFNLGSFL:0.36619718309859156	GCNFGRDC:0.29577464788732394	FPNAEWFW:0.2676056338028169	KNEQEWAI:0.2112676056338028	KRYSHEYR:0.29577464788732394	KKRYSHEW:0.2112676056338028	KRYSHEWR:0.2112676056338028	RYSHEWRE:0.2535211267605634	GGGVLKWK:0.22535211267605634	LLDIWWDP:0.28169014084507044	EQDALETL:0.2112676056338028	QDALETLY:0.2112676056338028	WKGAREWA:0.22535211267605634	KGAREWAI:0.22535211267605634	GAREWAIE:0.22535211267605634	AREWAIER:0.22535211267605634	
