cluster number:8
GT34:6	GT34:6
RSRPTSWS:0.3333333333333333	QRAFHHLY:0.3333333333333333	ANTVRART:0.6666666666666666	NMLFKYEQ:0.5	PTSWSKLL:0.6666666666666666	TWNMLFKY:0.3333333333333333	FKYEQRAF:0.5	AFHHLYAS:0.3333333333333333	HLAGLKGT:0.5	EQRAFHHL:0.5	SKLLAMRK:0.8333333333333334	PSGLVDRE:0.3333333333333333	LFKYEQRA:0.5	DRSRPTSW:0.3333333333333333	WSKLLAMR:0.8333333333333334	GLKGTVKC:0.5	SRPTSWSK:0.5	VPSGLVDR:0.3333333333333333	ANKQAYAD:0.8333333333333334	MANKQAYA:0.3333333333333333	WNMLFKYE:0.5	NTVRARTK:0.6666666666666666	YEQRAFHH:0.5	RPTSWSKL:0.6666666666666666	MLFKYEQR:0.5	SMANKQAY:0.3333333333333333	SWSKLLAM:0.8333333333333334	LAGLKGTV:0.5	IHLAGLKG:0.3333333333333333	RAFHHLYA:0.3333333333333333	TSWSKLLA:0.6666666666666666	KYEQRAFH:0.5	AGLKGTVK:0.5	YVDVDTII:0.3333333333333333	SVANKQAY:0.3333333333333333	DQILAADR:0.3333333333333333	YDQILAAD:0.3333333333333333	VHLAGLKG:0.5	AADRNGLN:0.3333333333333333	LAMRKYLP:0.6666666666666666	GDFVVHLA:0.3333333333333333	ILAADRNG:0.3333333333333333	VVHLAGLK:0.3333333333333333	KLLAMRKY:0.6666666666666666	QILAADRN:0.3333333333333333	LLAMRKYL:0.6666666666666666	NKQAYADR:0.3333333333333333	CAASVANK:0.3333333333333333	NGLNCGVW:0.5	VANKQAYA:0.3333333333333333	LWFLDEMW:0.3333333333333333	WAQEQLVA:0.3333333333333333	FVVHLAGL:0.3333333333333333	QAYADRHG:0.3333333333333333	KLEDIVDY:0.3333333333333333	WSLWFLDE:0.3333333333333333	YADRHGYD:0.3333333333333333	SLWFLDEM:0.3333333333333333	AYADRHGY:0.3333333333333333	RARTKVVN:0.5	DFVVHLAG:0.3333333333333333	ADRNGLNC:0.3333333333333333	AQEQLVAP:0.3333333333333333	RNGLNCGV:0.3333333333333333	ICAASVAN:0.3333333333333333	KQAYADRH:0.3333333333333333	DRNGLNCG:0.3333333333333333	LAADRNGL:0.3333333333333333	KANTVRAR:0.5	TVRARTKV:0.5	RAFHYLYQ:0.3333333333333333	KVVNACVF:0.3333333333333333	EQRAFHYL:0.3333333333333333	QRAFHYLY:0.3333333333333333	VNACVFNS:0.3333333333333333	GLNCGVWM:0.3333333333333333	NACVFNSQ:0.5	ARTKVVNA:0.3333333333333333	TKVVNACV:0.3333333333333333	RTKVVNAC:0.3333333333333333	VRARTKVV:0.3333333333333333	VVNACVFN:0.3333333333333333	MVRNTPWM:0.3333333333333333	YPKANTVR:0.3333333333333333	LKGTVKCM:0.3333333333333333	RNTPWMLW:0.3333333333333333	GYDLIVDE:0.3333333333333333	VEAICAQS:0.3333333333333333	GVEAICAQ:0.3333333333333333	GTVKCMWF:0.3333333333333333	ACVFNSQP:0.3333333333333333	HGYDLIVD:0.3333333333333333	KGTVKCMW:0.3333333333333333	PKANTVRA:0.3333333333333333	NTPWMLWF:0.3333333333333333	VRNTPWML:0.3333333333333333	DADLPPPS:0.3333333333333333	WMVRNTPW:0.3333333333333333	
