cluster number:6
GH72:6	GH72:6|GT31:1
QKKFIRDM:0.6666666666666666	ADSPYPFT:0.3333333333333333	SVPVMLTE:0.3333333333333333	YNRMPNYG:0.3333333333333333	ALEAIGVY:0.3333333333333333	SVTDMLCP:0.3333333333333333	CALEAIGV:0.3333333333333333	PSQSHDKF:0.3333333333333333	YNNVLGFS:0.5	PVGVVLAD:0.3333333333333333	DKFMCALE:0.5	IRLYAVDP:0.5	LGVNAIRL:0.3333333333333333	FMCALEAI:0.3333333333333333	TENANSKA:0.3333333333333333	HDKFMCAL:0.8333333333333334	DMLCPDLT:0.5	VLGFSAGN:0.6666666666666666	PCQKKFIR:0.5	VAFSKYNN:0.3333333333333333	DSVTDMLC:0.3333333333333333	FEFSTENA:0.6666666666666666	KGVDYYPR:0.5	VDPSQSHD:0.3333333333333333	ELGVNAIR:0.3333333333333333	SKYNNVLG:0.3333333333333333	YPRPNAGI:0.5	IPVGVVLA:0.3333333333333333	VKGVDYYP:0.5	GTQNYGLG:0.3333333333333333	FTGGFAFE:0.3333333333333333	TRGQQIIV:0.3333333333333333	MCALEAIG:0.3333333333333333	QNYGLGYF:0.8333333333333334	MRPIPVGV:0.3333333333333333	AIRLYAVD:0.3333333333333333	NNVLGFSA:0.5	DPSQSHDK:0.3333333333333333	ASDSVTDM:0.3333333333333333	IVAFSKYN:0.3333333333333333	RLYAVDPS:0.3333333333333333	SAGNEVNN:0.3333333333333333	WASDSVTD:0.3333333333333333	AIGVYVLV:0.3333333333333333	YGLGYFSP:0.6666666666666666	TQNYGLGY:0.3333333333333333	VYVLVDLA:0.3333333333333333	SHDKFMCA:0.8333333333333334	LEAIGVYV:0.3333333333333333	GVNAIRLY:0.3333333333333333	MPNYGFLA:0.3333333333333333	GNEVNNVV:0.3333333333333333	LKTRGQQI:0.6666666666666666	NRMPNYGF:0.3333333333333333	MSVPVMLT:0.3333333333333333	GFAFEFST:0.3333333333333333	FSKYNNVL:0.3333333333333333	VTDMLCPD:0.5	EAIGVYVL:0.3333333333333333	PRPNAGIL:0.3333333333333333	RMPNYGFL:0.3333333333333333	EFSTENAN:0.6666666666666666	KKFIRDMR:0.6666666666666666	ALKTRGQQ:0.3333333333333333	MLCPDLTA:0.3333333333333333	PIPVGVVL:0.3333333333333333	VDYYPRPN:0.6666666666666666	GLGYFSPE:0.3333333333333333	RGQQIIVA:0.3333333333333333	TDMLCPDL:0.5	AGNEVNNV:0.3333333333333333	FSAGNEVN:0.6666666666666666	TGGFAFEF:0.3333333333333333	QSHDKFMC:0.3333333333333333	ENANSKAD:0.3333333333333333	CQKKFIRD:0.6666666666666666	GYQAQRTW:0.3333333333333333	AFEFSTEN:0.6666666666666666	YVLVDLAA:0.3333333333333333	STENANSK:0.3333333333333333	INAPCQKK:0.3333333333333333	SDSVTDML:0.3333333333333333	SQSHDKFM:0.3333333333333333	GQQIIVAF:0.3333333333333333	NYGLGYFS:0.6666666666666666	AFSKYNNV:0.3333333333333333	RPIPVGVV:0.3333333333333333	GVDYYPRP:0.6666666666666666	QIIVAFSK:0.3333333333333333	LCPDLTAT:0.3333333333333333	LGFSAGNE:0.6666666666666666	INNYDFFT:0.3333333333333333	NAIRLYAV:0.3333333333333333	PNYGFLAT:0.3333333333333333	FIRDMRAF:0.3333333333333333	FAFEFSTE:0.3333333333333333	KTRGQQII:0.6666666666666666	KFIRDMRA:0.5	DYYPRPNA:0.5	QQIIVAFS:0.3333333333333333	YYPRPNAG:0.6666666666666666	DSPYPFTK:0.3333333333333333	GFSAGNEV:0.6666666666666666	VIKGQRMF:0.6666666666666666	IGVYVLVD:0.3333333333333333	NNYDFFTD:0.3333333333333333	NVLGFSAG:0.6666666666666666	GGFAFEFS:0.3333333333333333	PVVIKGQR:0.3333333333333333	KYNNVLGF:0.5	VNAIRLYA:0.3333333333333333	APCQKKFI:0.5	FSTENANS:0.6666666666666666	VVIKGQRM:0.3333333333333333	KFMCALEA:0.5	GVYVLVDL:0.3333333333333333	IIVAFSKY:0.3333333333333333	NAPCQKKF:0.6666666666666666	SKSHDKFM:0.3333333333333333	DPSKSHDK:0.3333333333333333	AQYYNCRT:0.3333333333333333	PSKSHDKF:0.3333333333333333	NAQYYNCR:0.3333333333333333	KSHDKFMC:0.5	IVIKGQRM:0.3333333333333333	LYYNCRTD:0.5	LTEFGCLN:0.5	AFPTVDGY:0.3333333333333333	DKFMCALS:0.3333333333333333	KFMCALSA:0.3333333333333333	FMCALSAA:0.3333333333333333	RLYAVDPT:0.3333333333333333	NALYYNCR:0.5	ALYYNCRT:0.5	ALSAAGIY:0.3333333333333333	CALSAAGI:0.3333333333333333	MCALSAAG:0.3333333333333333	LSAAGIYV:0.3333333333333333	YYNCRTDA:0.3333333333333333	PIVIKGQR:0.3333333333333333	GLGYFSPA:0.3333333333333333	SPYPFTKF:0.3333333333333333	YYNCRTDP:0.3333333333333333	PYPFTKFG:0.3333333333333333	MLTEFGCL:0.3333333333333333	FQVKGVDY:0.3333333333333333	QVKGVDYY:0.3333333333333333	PNALYYNC:0.3333333333333333	MRAFINSC:0.3333333333333333	DMRAFINS:0.3333333333333333	
