cluster number:5
GH72:41	GH72:41|2.4.1.-:4
DYQPGGSS:0.4634146341463415	TIRVYSVD:0.24390243902439024	ADAGIYLV:0.2682926829268293	RGIDYQPG:0.3902439024390244	IRGIDYQP:0.21951219512195122	LADAGIYL:0.43902439024390244	GIDYQPGG:0.36585365853658536	NTIRVYSV:0.24390243902439024	RVYSVDNS:0.21951219512195122	IRVYSVDN:0.21951219512195122	SGGLVYEY:0.4878048780487805	DVNTPKYS:0.3170731707317073	ERSDFFAF:0.4878048780487805	LDVNTPKY:0.3170731707317073	VPVGYSAA:0.2682926829268293	AFFSGNEV:0.6097560975609756	VGYSAADV:0.7804878048780488	DERSDFFA:0.36585365853658536	FFSGNEVI:0.5853658536585366	PYVKAVTR:0.4634146341463415	GNEVINDG:0.21951219512195122	NTLAFFSG:0.4878048780487805	GGLVYEYS:0.4146341463414634	TLAFFSGN:0.4878048780487805	APYVKAVT:0.4634146341463415	AAPYVKAV:0.2682926829268293	LAFFSGNE:0.5121951219512195	RSDFFAFN:0.6829268292682927	SGNEVIND:0.43902439024390244	SDFFAFND:0.6829268292682927	YVKAVTRD:0.5121951219512195	ALADAGIY:0.3170731707317073	PVGYSAAD:0.8536585365853658	FSGNEVIN:0.5121951219512195	SYNDVYLQ:0.2682926829268293	LFLSEYGC:0.36585365853658536	IPVGYSAA:0.5853658536585366	FATIDAFA:0.34146341463414637	SLYSTDMT:0.21951219512195122	TGVYSGGL:0.2926829268292683	VFATIDAF:0.21951219512195122	LPLFLSEY:0.3170731707317073	MTGVYSGG:0.34146341463414637	PLFLSEYG:0.36585365853658536	VKAVTRDM:0.2682926829268293	FLSEYGCI:0.2926829268292683	AFNDYSWC:0.6829268292682927	LSEYGCNT:0.21951219512195122	DAGIYLVL:0.3170731707317073	DQKVKNFT:0.2926829268292683	GIYLVLDV:0.3902439024390244	VDYQPGGS:0.2682926829268293	KVKNFTGY:0.24390243902439024	TVKGNAFF:0.21951219512195122	FFAFNDYS:0.6341463414634146	SGWDQKVK:0.36585365853658536	DDERSDFF:0.2682926829268293	DYSWCDPS:0.3170731707317073	YIRGVDYQ:0.2926829268292683	GTDDERSD:0.24390243902439024	YGLPLFLS:0.21951219512195122	TDDERSDF:0.24390243902439024	AGIYLVLD:0.43902439024390244	NCGTDDER:0.24390243902439024	DFFAFNDY:0.6341463414634146	RFYIRGVD:0.2926829268292683	LVLDVNTP:0.24390243902439024	SWCDPSSF:0.21951219512195122	CGTDDERS:0.24390243902439024	NDYSWCDP:0.3170731707317073	VYSGGLVY:0.36585365853658536	FYIRGVDY:0.2926829268292683	TSGWDQKV:0.21951219512195122	GWDQKVKN:0.3170731707317073	GVDYQPGG:0.34146341463414637	IRGVDYQP:0.2926829268292683	SEYGCNTN:0.21951219512195122	FNDYSWCD:0.2682926829268293	YLVLDVNT:0.24390243902439024	VKNFTGYG:0.24390243902439024	YSGGLVYE:0.36585365853658536	RGVDYQPG:0.34146341463414637	FAFNDYSW:0.6097560975609756	QKVKNFTG:0.21951219512195122	FLSEYGCN:0.34146341463414637	GLPLFLSE:0.21951219512195122	WDQKVKNF:0.3170731707317073	IYLVLDVN:0.3902439024390244	YMNCGTDD:0.2682926829268293	YSWCDPSS:0.3170731707317073	SGGLMYEY:0.2682926829268293	VYSGGLMY:0.2682926829268293	YSGGLMYE:0.2682926829268293	YLQSVFAT:0.2682926829268293	QSVFATID:0.21951219512195122	LQSVFATI:0.21951219512195122	PIFLSEYG:0.2926829268292683	IFLSEYGC:0.34146341463414637	PKYSINRA:0.24390243902439024	KAVTRDMR:0.21951219512195122	FNDYSWCN:0.21951219512195122	
