cluster number:75
GT32:81	GT32:81|2.4.1.257:4
RRIQFCQW:0.7777777777777778	FLRYLLLF:0.20987654320987653	KADFLRYL:0.25925925925925924	QFCQWTIQ:0.7777777777777778	FCQWTIQA:0.43209876543209874	VIGIEADP:0.5061728395061729	MAFVKHMF:0.2222222222222222	PGIFSDII:0.2222222222222222	VMVLPITS:0.20987654320987653	YARRIQFC:0.5061728395061729	ILRELILN:0.20987654320987653	SFSPDVGQ:0.32098765432098764	LNITATTL:0.2716049382716049	ADPDRDDW:0.2345679012345679	GIEADPDR:0.8888888888888888	LRELILNI:0.32098765432098764	ARRIQFCQ:0.5308641975308642	NWTGPGIF:0.4691358024691358	PGLVIGIE:0.24691358024691357	VLPITSFS:0.7160493827160493	MNWTGPGI:0.5185185185185185	PDVGQMGA:0.2345679012345679	QWTIQAKP:0.3950617283950617	ILNITATT:0.2839506172839506	EADPDRDD:0.2345679012345679	LVIGIEAD:0.41975308641975306	DFLRYLLL:0.24691358024691357	CQWTIQAK:0.4444444444444444	RGGIYSDM:0.30864197530864196	SDIMNWTG:0.2222222222222222	ELILNITA:0.2839506172839506	SPDVGQMG:0.2839506172839506	MVLPITSF:0.2716049382716049	KPGHPILR:0.2839506172839506	PILRELIL:0.20987654320987653	LPITSFSP:0.8518518518518519	IQAKPGHP:0.3950617283950617	KHMFSGSW:0.25925925925925924	HPILRELI:0.2222222222222222	FSPDVGQM:0.32098765432098764	GHPILREL:0.2222222222222222	GIYSDMDT:0.30864197530864196	TIQAKPGH:0.3950617283950617	IEADPDRD:0.2345679012345679	ARGGIYSD:0.654320987654321	GGIYSDMD:0.30864197530864196	LILNITAT:0.2839506172839506	DGSDIMNW:0.2222222222222222	HMFSGSWK:0.25925925925925924	PGHPILRE:0.2222222222222222	GPGIFSDI:0.2962962962962963	DVMVLPIT:0.20987654320987653	RELILNIT:0.32098765432098764	ITSFSPDV:0.4074074074074074	NILKADFL:0.20987654320987653	IGIEADPD:0.5802469135802469	LFARGGIY:0.2962962962962963	DIMNWTGP:0.5185185185185185	GIFSDIIF:0.2222222222222222	PITSFSPD:0.4074074074074074	GSDIMNWT:0.2222222222222222	GLVIGIEA:0.41975308641975306	RIQFCQWT:0.7407407407407407	LRYLLLFA:0.20987654320987653	IQFCQWTI:0.6790123456790124	EWYARRIQ:0.2345679012345679	TGPGIFSD:0.37037037037037035	WTGPGIFS:0.37037037037037035	WYARRIQF:0.4567901234567901	FARGGIYS:0.2962962962962963	ADFLRYLL:0.2345679012345679	LKADFLRY:0.25925925925925924	WTIQAKPG:0.3950617283950617	ILKADFLR:0.25925925925925924	TSFSPDVG:0.3333333333333333	IMNWTGPG:0.5061728395061729	KADFFRYL:0.5925925925925926	LKADFFRY:0.5432098765432098	ILKADFFR:0.2962962962962963	ADPDRPDW:0.49382716049382713	PITSFSPG:0.41975308641975306	EADPDRPD:0.49382716049382713	DPDRPDWA:0.20987654320987653	ITSFSPGV:0.35802469135802467	IEADPDRP:0.49382716049382713	PAYIWQTW:0.24691358024691357	VLKADFFR:0.24691358024691357	IQSKPGHP:0.25925925925925924	FRYLILLA:0.2222222222222222	QWTIQSKP:0.25925925925925924	GIYSDIDT:0.345679012345679	YLILLARG:0.2222222222222222	TIQSKPGH:0.25925925925925924	DFFRYLIL:0.5432098765432098	LILLARGG:0.2222222222222222	WTIQSKPG:0.25925925925925924	SRRIQFCQ:0.2345679012345679	RGGIYSDI:0.32098765432098764	FFRYLILL:0.20987654320987653	AYIWQTWK:0.2345679012345679	LLARGGIY:0.20987654320987653	GGIYSDID:0.345679012345679	PVLKADFF:0.2222222222222222	FCQWTIQS:0.3333333333333333	ADFFRYLI:0.5432098765432098	CQWTIQSK:0.3333333333333333	RYLILLAR:0.2222222222222222	PGHPVLRE:0.20987654320987653	KPGHPVLR:0.2716049382716049	VVLPITSF:0.24691358024691357	DVVVLPIT:0.2345679012345679	VVVLPITS:0.2345679012345679	RYLILFAR:0.2345679012345679	YLILFARG:0.2345679012345679	LILFARGG:0.2345679012345679	FFRYLILF:0.2222222222222222	FRYLILFA:0.2345679012345679	VVGIEADP:0.25925925925925924	LVVGIEAD:0.20987654320987653	VGIEADPD:0.2962962962962963	DDPMAFVK:0.20987654320987653	WYSRRIQF:0.2222222222222222	DPMAFVKH:0.20987654320987653	YSRRIQFC:0.2222222222222222	FPAYIWQT:0.2345679012345679	KFPAYIWQ:0.20987654320987653	
