cluster number:34
GT32:12	GT32:12
GVYLDTDM:0.4166666666666667	MIPKIIHY:0.6666666666666666	GGVYLDTD:0.6666666666666666	KIIHYCWF:0.5	VYLDTDIE:0.25	IIHYCWFG:0.5	IPKIIHYC:0.5	GVYLDTDI:0.25	PKIIHYCW:0.5	FGGVYLDT:0.25	IHYCWFGG:0.5	VYLDTDME:0.3333333333333333	YLDTDMEL:0.4166666666666667	FAADYVRF:0.4166666666666667	IHHWQQSW:0.25	LDTDMELI:0.3333333333333333	RYAFAADY:0.25	DTDMELIK:0.3333333333333333	HHWQQSWH:0.25	FYPYNPFD:0.4166666666666667	KPALVKKC:0.25	HWQQSWHY:0.25	WQQSWHYT:0.25	AADYVRFY:0.4166666666666667	YAIHHWQQ:0.25	ADYVRFYA:0.4166666666666667	DKRYAFAA:0.25	PALVKKCM:0.25	YPYNPFDN:0.25	TYAIHHWQ:0.25	AIHHWQQS:0.25	YAFAADYV:0.4166666666666667	AFAADYVR:0.4166666666666667	KRYAFAAD:0.25	VRFYALKT:0.25	YVRFYALK:0.25	EYFYPYNP:0.4166666666666667	YFYPYNPF:0.4166666666666667	DYVRFYAL:0.4166666666666667	MGSEKDGR:0.25	HYCWFGGK:0.25	
