cluster number:8
GT32:32	GT32:32
HGGIYLDM:0.28125	YLDMDMVC:0.6875	GIYLDMDM:0.75	GGIYLDMD:0.8125	DMDMVCRK:0.46875	KADFARYA:0.375	ADFARYAI:0.375	DMVCRKNL:0.46875	CPYTCTDC:0.21875	HQIWIQGY:0.71875	IYLDMDMV:0.6875	AQKADFAR:0.78125	QKADFARY:0.78125	MDMVCRKN:0.46875	IHQIWIQG:0.65625	LDMDMVCR:0.46875	IIHQIWIQ:0.65625	DFARYAIL:0.375	PYTCTDCY:0.21875	AHTNYSSW:0.25	DRKYLHPC:0.4375	KIIHQIWI:0.625	PKIIHQIW:0.40625	MIPKIIHQ:0.3125	PAQKADFA:0.5	IDRKYLHP:0.4375	STGTKLFY:0.21875	QIWIQGYN:0.21875	IPKIIHQI:0.40625	LQYNFFFT:0.34375	YGGIYLDM:0.5	FLQYNFFF:0.3125	PFLQYNFF:0.40625	FARYAILY:0.28125	STGTGLFY:0.28125	CQKVNNNF:0.28125	NSTGTGLF:0.25	LYTYGGIY:0.34375	YSSWSPSL:0.25	QKVNNNFE:0.28125	TYGGIYLD:0.34375	SSWSPSLR:0.25	ILYTYGGI:0.34375	YTYGGIYL:0.34375	TNSTGTGL:0.25	IWIQGYSS:0.21875	LYNSYTFP:0.25	SYTFPAQK:0.25	WDENKIVK:0.21875	DKFDQEYL:0.21875	NKIVKLIH:0.21875	YNFFFTPY:0.21875	TDCFIVHQ:0.21875	KYHLECQK:0.25	YTFPAQKA:0.25	FPAQKADF:0.25	IFKNMFER:0.21875	EYLDLYNS:0.25	IPDNLKKY:0.25	WIQGYSSI:0.21875	DLYNSYTF:0.25	KFWDENKI:0.21875	ILHDVTNS:0.21875	FFFTPYIF:0.21875	DCFIVHQS:0.21875	YANNNPNN:0.21875	ANNNPNND:0.21875	SIPDNLKK:0.25	DFARYIIL:0.28125	NFEQKFWD:0.21875	NNDMVMID:0.21875	QEYLDLYN:0.25	NNPNNDMV:0.21875	HQSYSSWS:0.21875	PSLRILKS:0.21875	CTDCFIVH:0.21875	MDMVCKKN:0.21875	HDVTNSTG:0.21875	NFFFTPYI:0.21875	VMIDRKYL:0.21875	QGYSSIPD:0.21875	ARYIILYT:0.25	QIWIQGYS:0.21875	DNLKKYHL:0.25	LEPFLQYN:0.25	ENKIVKLI:0.21875	KADFARYI:0.25	DMVCKKNL:0.21875	YLDLYNSY:0.25	FYHSVMEY:0.21875	DMDMVCKK:0.21875	SVMEYANN:0.21875	EYANNNPN:0.21875	TCTDCFIV:0.21875	TFPAQKAD:0.25	KYLHPCDI:0.21875	KRYLNGVI:0.21875	SPSLRILK:0.21875	KNLEPFLQ:0.25	GTGLFYHS:0.21875	IIILIIVL:0.21875	MVMIDRKY:0.21875	LDMDMVCK:0.21875	IVKLIHDK:0.21875	YLNGVIGA:0.21875	LIHDKFDQ:0.21875	NNFEQKFW:0.21875	TNTCTDCF:0.21875	LKKYHLEC:0.25	KKYHLECQ:0.25	DVTNSTGT:0.21875	MIDRKYLH:0.21875	YIILYTYG:0.25	NDMVMIDR:0.21875	EPFLQYNF:0.25	FFKRYLNG:0.21875	NILHDVTN:0.21875	NFFKRYLN:0.21875	DQEYLDLY:0.21875	CKKNLEPF:0.25	SSIPDNLK:0.21875	EQKFWDEN:0.21875	NTCTDCFI:0.21875	FDQEYLDL:0.21875	RYLNGVIG:0.21875	TGLFYHSV:0.21875	YHSVMEYA:0.21875	SWSPSLRI:0.21875	TSKIIHQI:0.25	GYSSIPDN:0.21875	VKLIHDKF:0.21875	NNNPNNDM:0.21875	NSYTFPAQ:0.25	MEYANNNP:0.21875	VMEYANNN:0.21875	QSYSSWSP:0.21875	KKNLEPFL:0.25	MVCKKNLE:0.21875	IHDKFDQE:0.21875	CFIVHQSY:0.21875	IQGYSSIP:0.21875	SKIIHQIW:0.25	LDLYNSYT:0.25	VTNSTGTG:0.21875	IILIIVLL:0.21875	FEQKFWDE:0.21875	FIVHQSYS:0.21875	WSPSLRIL:0.21875	DMVMIDRK:0.21875	CTNTCTDC:0.21875	VHQSYSSW:0.21875	FARYIILY:0.28125	YLHPCDIY:0.21875	KLIHDKFD:0.21875	KIVKLIHD:0.21875	SYSSWSPS:0.21875	HDKFDQEY:0.21875	NLKKYHLE:0.25	QKFWDENK:0.21875	NNNFEQKF:0.21875	NPNNDMVM:0.21875	YSSIPDNL:0.21875	FWDENKIV:0.21875	IIIILIIV:0.21875	GLFYHSVM:0.21875	NLEPFLQY:0.25	TGTGLFYH:0.21875	FKRYLNGV:0.21875	VCKKNLEP:0.21875	PNNDMVMI:0.21875	YNSYTFPA:0.25	MTSKIIHQ:0.25	ADFARYII:0.25	RKYLHPCD:0.21875	IILYTYGG:0.25	RYIILYTY:0.25	HSVMEYAN:0.21875	DENKIVKL:0.21875	LFYHSVME:0.21875	QYNFFFTP:0.21875	PDNLKKYH:0.25	IVHQSYSS:0.21875	LHDVTNST:0.21875	KFDQEYLD:0.21875	
