cluster number:105
GT32:11	GT32:11
IHYCWFGG:0.6363636363636364	YCWFGGNP:0.5454545454545454	TIHYCWFG:0.2727272727272727	YFDTDVEV:0.36363636363636365	HGGVYFDT:0.2727272727272727	FDTDVEVI:0.36363636363636365	HYCWFGGN:0.5454545454545454	KILYEHGG:0.2727272727272727	GGVYFDTD:0.2727272727272727	DTDVEVIK:0.2727272727272727	AFVSDYAR:0.5454545454545454	IPKVIHYC:0.36363636363636365	KVIHYCWF:0.36363636363636365	WFGGNPLP:0.36363636363636365	KWAFVSDY:0.36363636363636365	PKVIHYCW:0.36363636363636365	VIHYCWFG:0.36363636363636365	AKKWAFVS:0.36363636363636365	KKWAFVSD:0.36363636363636365	FVSDYARF:0.45454545454545453	CWFGGNPL:0.36363636363636365	EWNESNFD:0.2727272727272727	WAFVSDYA:0.36363636363636365	MIPKVIHY:0.36363636363636365	SDYARFWI:0.2727272727272727	VSDYARFW:0.2727272727272727	KEWNESNF:0.2727272727272727	FGGNPLPE:0.2727272727272727	IKEWNESN:0.2727272727272727	DYARFWIL:0.2727272727272727	YEIKEWNE:0.2727272727272727	
