cluster number:32
GT32:18	GT32:18
GVLNTTGP:0.5555555555555556	LNTTGPVP:0.3888888888888889	KGVLNTTG:0.3888888888888889	EYQQWNII:0.4444444444444444	GEYQQWNI:0.5	FFRYLLMY:0.2222222222222222	VLNTTGPV:0.3888888888888889	DFFRYLLM:0.2222222222222222	KDKLYYKL:0.2222222222222222	PKKIHQIY:0.3333333333333333	LKYRNVTE:0.2222222222222222	HYSKLKDS:0.3333333333333333	IGLKYRNV:0.2222222222222222	NKTEFFHH:0.2777777777777778	PYIKSAID:0.3333333333333333	IHQIYTKG:0.3888888888888889	YGVGMKGV:0.3888888888888889	SPYIKSAI:0.3333333333333333	IYGVGMKG:0.3333333333333333	LLIYIEGG:0.3333333333333333	RADLFRYL:0.5555555555555556	VGMKGVLN:0.3333333333333333	KPWIYGVG:0.3333333333333333	QRLKKNII:0.3333333333333333	IPKKIHQI:0.2777777777777778	EILLCSWD:0.3333333333333333	WEYFFYDE:0.2222222222222222	RYLLIYIE:0.3333333333333333	CGEYQQWN:0.3333333333333333	KKNIINES:0.2777777777777778	YKPWIYGV:0.3333333333333333	YIKSAIDE:0.3333333333333333	DLFRYLLI:0.3333333333333333	KLYYKLWL:0.2222222222222222	GVGMKGVL:0.3888888888888889	ADLFRYLL:0.3888888888888889	TTGPVPFS:0.3333333333333333	GKDKLYYK:0.2222222222222222	DKLYYKLW:0.2222222222222222	KIPKKIHQ:0.2222222222222222	TGPVPFSV:0.3333333333333333	YPLQRLKK:0.3333333333333333	PVPFSVGI:0.3333333333333333	LQRLKKNI:0.3333333333333333	INKTEFFH:0.2777777777777778	NHYSKLKD:0.2777777777777778	LKCGEYQQ:0.2777777777777778	DCEILLCS:0.2777777777777778	KTEFFHHE:0.2777777777777778	KKIHQIYT:0.3333333333333333	KNIINESK:0.2777777777777778	EFFHHEEN:0.2777777777777778	GPVPFSVG:0.3333333333333333	GMKGVLNT:0.3333333333333333	KSAIDEVI:0.2222222222222222	VPFSVGIE:0.3333333333333333	FLKCGEYQ:0.2777777777777778	ILLCSWDN:0.3333333333333333	NTTGPVPF:0.3333333333333333	RLKKNIIN:0.3333333333333333	PWIYGVGM:0.3333333333333333	SKLKDSIV:0.3333333333333333	IKSAIDEV:0.3333333333333333	FRYLLIYI:0.3333333333333333	KCGEYQQW:0.2777777777777778	GAARADLF:0.4444444444444444	ARADLFRY:0.5555555555555556	CEILLCSW:0.3333333333333333	GSPYIKSA:0.2222222222222222	YLDIKSSC:0.5555555555555556	MKIPKKIH:0.2222222222222222	RNIGLKYR:0.2222222222222222	LLCSWDNK:0.3333333333333333	TEFFHHEE:0.2777777777777778	HQIYTKGI:0.2222222222222222	KIHQIYTK:0.3333333333333333	GLKYRNVT:0.2222222222222222	YGAARADL:0.4444444444444444	NIGLKYRN:0.2222222222222222	EYFFYDEK:0.2222222222222222	YLLIYIEG:0.3333333333333333	EGKDKLYY:0.3333333333333333	LEGKDKLY:0.3333333333333333	LFRYLLIY:0.3333333333333333	NMGIHKEL:0.2222222222222222	WIYGVGMK:0.3333333333333333	LKKNIINE:0.3333333333333333	YSKLKDSI:0.3333333333333333	MKGVLNTT:0.3333333333333333	PLQRLKKN:0.3333333333333333	AARADLFR:0.4444444444444444	AARADFFR:0.2222222222222222	IKAVIDEV:0.2222222222222222	RADFFRYL:0.2222222222222222	GGVYLDIK:0.7222222222222222	ARADFFRY:0.2222222222222222	KAVIDEVV:0.2222222222222222	VYLDIKSS:0.5555555555555556	RLKRYKPW:0.2777777777777778	YKPWRYGV:0.2222222222222222	EGGVYLDI:0.5555555555555556	YGAARADF:0.2222222222222222	GVYLDIKS:0.6111111111111112	KPWRYGVG:0.2222222222222222	GAARADFF:0.2222222222222222	PWRYGVGM:0.2222222222222222	WDNKECGC:0.2777777777777778	HKELGFLK:0.2222222222222222	CGCDRNMG:0.2777777777777778	ELGFLKCG:0.2222222222222222	GFLKCGEY:0.2222222222222222	YQQWNIIS:0.2222222222222222	SWDNKECG:0.2777777777777778	IEGGVYLD:0.2777777777777778	NKECGCDR:0.2777777777777778	IKSSCSIP:0.2222222222222222	ECGCDRNM:0.2777777777777778	LIYIEGGV:0.2777777777777778	LCSWDNKE:0.2777777777777778	DNKECGCD:0.2777777777777778	KECGCDRN:0.2777777777777778	VIRKMKRI:0.2222222222222222	CSWDNKEC:0.2777777777777778	KELGFLKC:0.2222222222222222	DIKSSCSI:0.2222222222222222	YIEGGVYL:0.2777777777777778	KHYGKEML:0.2222222222222222	LGFLKCGE:0.2222222222222222	IYIEGGVY:0.2777777777777778	LDIKSSCS:0.2222222222222222	AYGAARAD:0.2222222222222222	ADLFRYLC:0.2222222222222222	
