cluster number:40
GT32:11	GT32:11
DTDVKLIK:0.45454545454545453	DVKLIKSL:0.2727272727272727	VKLIKSLD:0.2727272727272727	TDVKLIKS:0.45454545454545453	CIESWKKY:0.36363636363636365	PDYEIKEW:0.7272727272727273	IESWKKYC:0.36363636363636365	IPKVIHYC:0.5454545454545454	YCPDYEIK:0.6363636363636364	KVIHYCWF:0.5454545454545454	KYCPDYEI:0.6363636363636364	SWKKYCPD:0.6363636363636364	WKKYCPDY:0.6363636363636364	YEIKEWNE:0.5454545454545454	PKVIHYCW:0.5454545454545454	VIHYCWFG:0.5454545454545454	KKYCPDYE:0.6363636363636364	ESWKKYCP:0.36363636363636365	CPDYEIKE:0.7272727272727273	DYEIKEWN:0.7272727272727273	EIKEWNES:0.45454545454545453	GIYMDTDV:0.2727272727272727	GGIYMDTD:0.36363636363636365	IKEWNESN:0.45454545454545453	GRVNTGVG:0.5454545454545454	NPKPKVIQ:0.36363636363636365	FMSFEKVG:0.2727272727272727	HYCWFGNN:0.36363636363636365	AFLTDYVR:0.5454545454545454	KPKVIQDC:0.2727272727272727	ILKRKLYE:0.36363636363636365	IYPSDYFS:0.2727272727272727	NNPKPKVI:0.36363636363636365	MSFEKVGR:0.2727272727272727	GVGFASEK:0.36363636363636365	GIHLYASS:0.45454545454545453	HLYASSWY:0.45454545454545453	FGNNPKPK:0.36363636363636365	YPSDYFSP:0.2727272727272727	KYAFLTDY:0.36363636363636365	YKILKRKL:0.2727272727272727	NESNYDVN:0.2727272727272727	EKGNFMSF:0.2727272727272727	YMDTDVKL:0.45454545454545453	LTDYVRLD:0.5454545454545454	VGFASEKG:0.36363636363636365	TDYVRLDV:0.36363636363636365	EKVGRVNT:0.2727272727272727	YAFLTDYV:0.36363636363636365	KEFVKYKI:0.36363636363636365	PEICVKIT:0.45454545454545453	KVGRVNTG:0.2727272727272727	ESNYDVNK:0.2727272727272727	FEKVGRVN:0.2727272727272727	MDTDVKLI:0.45454545454545453	SKKYAFLT:0.36363636363636365	KITTQLLE:0.2727272727272727	GNFMSFEK:0.36363636363636365	NFMSFEKV:0.2727272727272727	WFGNNPKP:0.36363636363636365	CVKITTQL:0.2727272727272727	IHYCWFGN:0.45454545454545453	KILKRKLY:0.2727272727272727	EICVKITT:0.45454545454545453	ICVKITTQ:0.2727272727272727	YCWFGNNP:0.36363636363636365	RVNTGVGF:0.5454545454545454	VKYKILKR:0.2727272727272727	KEWNESNY:0.36363636363636365	PKPKVIQD:0.2727272727272727	WNESNYDV:0.2727272727272727	GNNPKPKV:0.36363636363636365	VKITTQLL:0.2727272727272727	EWNESNYD:0.2727272727272727	TGVGFASE:0.36363636363636365	SFEKVGRV:0.2727272727272727	FLTDYVRL:0.5454545454545454	YFSPKKMG:0.45454545454545453	KKYAFLTD:0.36363636363636365	DYFSPKKM:0.36363636363636365	SDYFSPKK:0.45454545454545453	NTGVGFAS:0.36363636363636365	IHLYASSW:0.45454545454545453	VNTGVGFA:0.5454545454545454	PKVIQDCI:0.2727272727272727	KYKILKRK:0.2727272727272727	EFVKYKIL:0.36363636363636365	KGNFMSFE:0.36363636363636365	FSPKKMGT:0.45454545454545453	FVKYKILK:0.2727272727272727	SNYDVNKT:0.2727272727272727	PSDYFSPK:0.2727272727272727	CWFGNNPK:0.36363636363636365	VGRVNTGV:0.2727272727272727	LDVLYNEG:0.2727272727272727	ASSWYKGS:0.2727272727272727	NEGGVYMD:0.36363636363636365	EGGVYMDT:0.36363636363636365	GGVYMDTD:0.36363636363636365	GVYMDTDV:0.36363636363636365	RLDVLYNE:0.2727272727272727	VRLDVLYN:0.2727272727272727	DYVRLDVL:0.2727272727272727	VLYNEGGV:0.2727272727272727	LYNEGGVY:0.36363636363636365	SSWYKGSK:0.2727272727272727	YASSWYKG:0.36363636363636365	LYASSWYK:0.36363636363636365	YNEGGVYM:0.36363636363636365	YVRLDVLY:0.2727272727272727	DVLYNEGG:0.2727272727272727	VYMDTDVK:0.2727272727272727	
