cluster number:62
GT32:13	GT32:13
IPKIIHYI:0.23076923076923078	WAFASDYI:0.3076923076923077	YALYNYGG:0.3076923076923077	ASDYIRLY:0.3076923076923077	AIKNKKWA:0.23076923076923078	MIPKIIHY:0.23076923076923078	KNKKWAFA:0.23076923076923078	KKWAFASD:0.3076923076923077	KWAFASDY:0.38461538461538464	LYALYNYG:0.23076923076923078	NYGGIYLD:0.46153846153846156	YGGIYLDS:0.46153846153846156	YIRLYALY:0.38461538461538464	PKIIHYIW:0.23076923076923078	NKKWAFAS:0.23076923076923078	HHFSGSWL:0.23076923076923078	IHHFSGSW:0.23076923076923078	DYIRLYAL:0.38461538461538464	FASDYIRL:0.38461538461538464	IKNKKWAF:0.23076923076923078	YNYGGIYL:0.46153846153846156	ALYNYGGI:0.3076923076923077	AFASDYIR:0.46153846153846156	GGIYLDSD:0.6153846153846154	GIYLDSDV:0.5384615384615384	RLYALYNY:0.23076923076923078	LYNYGGIY:0.46153846153846156	YLDSDVEV:0.3076923076923077	IYLDSDVE:0.46153846153846156	SDYIRLYA:0.3076923076923077	IRLYALYN:0.23076923076923078	EAIKNKKW:0.23076923076923078	FAADYIRL:0.23076923076923078	AFAADYIR:0.3076923076923077	KYAFAADY:0.23076923076923078	KKYAFAAD:0.23076923076923078	AADYIRLY:0.23076923076923078	YAFAADYI:0.23076923076923078	MIPKIIHL:0.23076923076923078	
