cluster number:106
GT32:17	GT32:17
DVEVFKSF:0.35294117647058826	FSPYDYIN:0.5294117647058824	GFEQENYI:0.23529411764705882	FVSDYVRV:0.29411764705882354	YPQTYFSP:0.35294117647058826	SFWGFEQE:0.35294117647058826	YYGGIYLD:0.23529411764705882	IHYCWFGG:0.35294117647058826	IYLDTDVE:0.7647058823529411	KYAFVSDY:0.35294117647058826	FYPQTYFS:0.29411764705882354	CWFGGKEK:0.23529411764705882	LYYYGGIY:0.23529411764705882	PQTYFSPY:0.35294117647058826	HYCWFGGK:0.23529411764705882	VEVFKSFD:0.35294117647058826	YGGIYLDT:0.29411764705882354	WGFEQENY:0.23529411764705882	TDVEVFKS:0.35294117647058826	GGIYLDTD:0.7647058823529411	LDTDVEVF:0.47058823529411764	IATSTIGA:0.47058823529411764	INCRKFIT:0.23529411764705882	GKYAFVSD:0.23529411764705882	QTYFSPYD:0.35294117647058826	FWGFEQEN:0.35294117647058826	SPYDYINC:0.5882352941176471	ENYIATST:0.23529411764705882	YAFVSDYV:0.4117647058823529	NYIATSTI:0.29411764705882354	AFVSDYVR:0.5882352941176471	YIATSTIG:0.29411764705882354	YDYINCRK:0.29411764705882354	YLDTDVEV:0.7647058823529411	YINCRKFI:0.23529411764705882	EQENYIAT:0.23529411764705882	FEQENYIA:0.23529411764705882	TYFSPYDY:0.35294117647058826	YYYGGIYL:0.23529411764705882	GIYLDTDV:0.7647058823529411	DYINCRKF:0.23529411764705882	YFSPYDYI:0.5294117647058824	YCWFGGKE:0.23529411764705882	WFGGKEKP:0.23529411764705882	DTDVEVFK:0.4117647058823529	QENYIATS:0.23529411764705882	PYDYINCR:0.5294117647058824	YEIIEWNE:0.23529411764705882	HHFYKSWL:0.29411764705882354	IIHYCWFG:0.29411764705882354	AMHHFYKS:0.23529411764705882	KFAFVSDY:0.29411764705882354	MHHFYKSW:0.23529411764705882	LHHDSFWG:0.23529411764705882	HHDSFWGF:0.23529411764705882	HDSFWGFE:0.23529411764705882	TYAMHHFY:0.23529411764705882	DSFWGFEQ:0.23529411764705882	KKFAFVSD:0.23529411764705882	YAMHHFYK:0.23529411764705882	HFYKSWLP:0.23529411764705882	
