cluster number:30
GT32:22	GT32:22|2.4.1.257:1
HASNWPSK:0.22727272727272727	HHYHASNW:0.45454545454545453	RGALVKHH:0.45454545454545453	HSDSGNHD:0.22727272727272727	ISGTGPSA:0.7727272727272727	YADIDVEA:0.5454545454545454	VISGTGPS:0.5	QGHSDSGN:0.5909090909090909	KADLLRYM:0.2727272727272727	SNWPSKHP:0.22727272727272727	GPSAFTGA:0.36363636363636365	ADIDVEAL:0.5909090909090909	ALVKHHYH:0.6363636363636364	WQTWKVDP:0.4090909090909091	IDVEALRP:0.3181818181818182	IWQTWKVD:0.4090909090909091	GQGHSDSG:0.6818181818181818	YEVLTDDN:0.36363636363636365	AGQGHSDS:0.6818181818181818	ADLLRYMI:0.2727272727272727	VYADIDVE:0.36363636363636365	VKHHYHAS:0.6363636363636364	GVYADIDV:0.36363636363636365	KIWQTWKV:0.6363636363636364	DIDVEALR:0.3181818181818182	VVGRVLVL:0.22727272727272727	SGTGPSAF:0.9545454545454546	IKADLLRY:0.6363636363636364	LVKHHYHA:0.6363636363636364	TGPSAFTG:0.36363636363636365	GTGPSAFT:1.0	NWPSKHPR:0.22727272727272727	RYEVLTDD:0.36363636363636365	LRYMIMYA:0.22727272727272727	GHSDSGNH:0.5909090909090909	DLLRYMIM:0.2727272727272727	IIKADLLR:0.6363636363636364	QTWKVDPL:0.2727272727272727	YHASNWPS:0.45454545454545453	GGVYADID:0.36363636363636365	KHHYHASN:0.3181818181818182	LLRYMIMY:0.2727272727272727	HYHASNWP:0.45454545454545453	ASNWPSKH:0.22727272727272727	VEIDQPEF:0.2727272727272727	GALVKHHY:0.45454545454545453	GYRYEVLT:0.22727272727272727	LVLTVEAF:0.5	VGGFLVLT:0.22727272727272727	QIIKADLL:0.22727272727272727	LTVEAFAA:0.5	VLTVEAFA:0.5	YRYEVLTD:0.4090909090909091	KNPGYRYE:0.22727272727272727	DIDMVIGV:0.22727272727272727	ADLLRYLI:0.45454545454545453	EAFAAGQG:0.6363636363636364	IGVEIDEP:0.3181818181818182	HPVYGEVE:0.2727272727272727	GGFLVLTV:0.22727272727272727	SFCQWTFM:0.5909090909090909	AAGQGHSD:0.5454545454545454	IDMVIGVE:0.2727272727272727	LRYLIMYV:0.36363636363636365	MVIGVEID:0.2727272727272727	LLRYLIMY:0.45454545454545453	VEAFAAGQ:0.6363636363636364	QSFCQWTF:0.5	GFNRPDIV:0.3181818181818182	FAAGQGHS:0.6818181818181818	GFLVLTVE:0.22727272727272727	VIGVEIDE:0.22727272727272727	DMVIGVEI:0.2727272727272727	DLLRYLIM:0.45454545454545453	FLVLTVEA:0.22727272727272727	NPGYRYEV:0.22727272727272727	GVEIDEPD:0.2727272727272727	TVEAFAAG:0.5	PGYRYEVL:0.22727272727272727	KSQSFCQW:0.3181818181818182	HSDSGNHN:0.3181818181818182	AFAAGQGH:0.6363636363636364	KADLLRYL:0.45454545454545453	SQSFCQWT:0.3181818181818182	IISGTGPS:0.2727272727272727	DEVISGTG:0.22727272727272727	QWTFMCKP:0.45454545454545453	NHNARGAL:0.22727272727272727	HNARGALV:0.22727272727272727	ARGALVKH:0.2727272727272727	CQWTFMCK:0.45454545454545453	SGNHNARG:0.22727272727272727	YGEVERCN:0.36363636363636365	WTFMCKPR:0.2727272727272727	VYGEVERC:0.22727272727272727	FMCKPRLP:0.22727272727272727	SDSGNHNA:0.2727272727272727	FCQWTFMC:0.5	EVISGTGP:0.2727272727272727	DSGNHNAR:0.2727272727272727	TFMCKPRL:0.22727272727272727	NARGALVK:0.22727272727272727	PVYGEVER:0.22727272727272727	FDEVISGT:0.22727272727272727	MCKPRLPV:0.22727272727272727	GNHNARGA:0.22727272727272727	GEVERCNW:0.4090909090909091	CKPRLPVM:0.22727272727272727	EVERCNWN:0.2727272727272727	RYLIMYVE:0.3181818181818182	LIMYVEGG:0.3181818181818182	IMYVEGGL:0.22727272727272727	YLIMYVEG:0.3181818181818182	HASNWPSR:0.22727272727272727	NWPSRHPR:0.22727272727272727	SNWPSRHP:0.22727272727272727	IDVEALKP:0.3181818181818182	PRKIWQTW:0.4090909090909091	HPAYGEVE:0.2727272727272727	DIDVEALK:0.45454545454545453	RKIWQTWK:0.4090909090909091	FPRKIWQT:0.36363636363636365	ASNWPSRH:0.22727272727272727	HPILGPKS:0.22727272727272727	DHPILGPK:0.22727272727272727	LPVMMRLI:0.22727272727272727	PVMMRLIE:0.22727272727272727	PSAFTGAI:0.22727272727272727	SAFTGAIL:0.22727272727272727	YGEVEKCN:0.2727272727272727	GEVEKCNW:0.2727272727272727	
