cluster number:20
GT32:7	GT32:7
VCNAVLGL:0.42857142857142855	PMLRHART:0.5714285714285714	MLRHARTG:0.5714285714285714	HFWARRMK:0.5714285714285714	LRHARTGS:0.5714285714285714	AQNWGFTG:0.2857142857142857	GFTGPASV:0.42857142857142855	TPMLRHAR:0.2857142857142857	EAERDAGR:0.2857142857142857	AIHADMWR:0.42857142857142855	IWVDADMY:0.42857142857142855	YAIAPWLK:0.42857142857142855	ENNRPRRG:0.2857142857142857	RLNLLKKT:0.2857142857142857	DEYAIAPW:0.2857142857142857	GHHITLYS:0.42857142857142855	LEAERDAG:0.2857142857142857	RHARTGSP:0.7142857142857143	AERDAGRP:0.2857142857142857	RTGSPAIH:0.7142857142857143	KPRLEEKE:0.5714285714285714	HARTGSPA:0.7142857142857143	VHFWARRM:0.5714285714285714	DKIWVDAD:0.2857142857142857	KIWVDADM:0.5714285714285714	RMKPRLEE:0.7142857142857143	TGSPAIHA:0.7142857142857143	GVHFWARR:0.5714285714285714	ELEAERDA:0.2857142857142857	KTDKIWVD:0.2857142857142857	CNAVLGLP:0.42857142857142855	AIAPWLKP:0.42857142857142855	VDADMYCY:0.42857142857142855	GLVCNAVL:0.42857142857142855	DADMYCYR:0.2857142857142857	IAPWLKPW:0.2857142857142857	TAQNWGFT:0.2857142857142857	RDAGRPVH:0.2857142857142857	SYEPIPNV:0.2857142857142857	LVCNAVLG:0.42857142857142855	LKKTDKIW:0.2857142857142857	FWARRMKP:0.5714285714285714	SPAIHADM:0.42857142857142855	ARRMKPRL:0.7142857142857143	NNRPRRGS:0.2857142857142857	TLYSYEPI:0.42857142857142855	FTGPASVT:0.42857142857142855	NWGFTGPA:0.2857142857142857	PAIHADMW:0.42857142857142855	LYSYEPIP:0.2857142857142857	QNWGFTGP:0.42857142857142855	MTAQNWGF:0.2857142857142857	DMWRLNLL:0.2857142857142857	WARRMKPR:0.7142857142857143	IHADMWRL:0.42857142857142855	ARTGSPAI:0.5714285714285714	GSPAIHAD:0.7142857142857143	ERDAGRPV:0.2857142857142857	ADMYCYRP:0.2857142857142857	MKPRLEEK:0.5714285714285714	TDKIWVDA:0.2857142857142857	EYAIAPWL:0.2857142857142857	KKTDKIWV:0.2857142857142857	WRLNLLKK:0.2857142857142857	HITLYSYE:0.42857142857142855	WVDADMYC:0.42857142857142855	YSYEPIPN:0.2857142857142857	MYCYRPFD:0.2857142857142857	APWLKPWQ:0.2857142857142857	TRGVHFWA:0.2857142857142857	HHITLYSY:0.42857142857142855	HADMWRLN:0.2857142857142857	YEPIPNVP:0.2857142857142857	LLKKTDKI:0.2857142857142857	ADMWRLNL:0.2857142857142857	RRMKPRLE:0.7142857142857143	DMYCYRPF:0.2857142857142857	MWRLNLLK:0.2857142857142857	WGFTGPAS:0.42857142857142855	ITLYSYEP:0.42857142857142855	RGVHFWAR:0.2857142857142857	AFYPISFK:0.2857142857142857	RLSWLEQL:0.42857142857142855	ISFKDRNK:0.2857142857142857	FKDRNKMI:0.2857142857142857	SPAIHADL:0.2857142857142857	YPISFKDR:0.2857142857142857	PISFKDRN:0.2857142857142857	FYPISFKD:0.2857142857142857	SFKDRNKM:0.2857142857142857	LSWLEQLC:0.5714285714285714	SFADAGHH:0.2857142857142857	GRLSWLEQ:0.2857142857142857	DAGHHITL:0.2857142857142857	ASLWIGGR:0.2857142857142857	KPGLVCNA:0.2857142857142857	IGGRLSWL:0.2857142857142857	WIGGRLSW:0.2857142857142857	FADAGHHI:0.2857142857142857	AELEAERD:0.2857142857142857	AAAPIPAK:0.2857142857142857	GGRLSWLE:0.2857142857142857	LKSFADAG:0.2857142857142857	SMDKICRD:0.2857142857142857	LPKTSKTL:0.2857142857142857	FGWEKPGL:0.2857142857142857	IASLWIGG:0.42857142857142855	CLKSFADA:0.2857142857142857	LEQLCLKS:0.2857142857142857	PGLVCNAV:0.2857142857142857	GWEKPGLV:0.2857142857142857	WEKPGLVC:0.2857142857142857	PRRGSFME:0.2857142857142857	PRLEEKEG:0.42857142857142855	KSFADAGH:0.2857142857142857	TYGVHFWA:0.2857142857142857	AGHHITLY:0.2857142857142857	SLWIGGRL:0.2857142857142857	WLEQLCLK:0.2857142857142857	SWLEQLCL:0.5714285714285714	RLEEKEGN:0.2857142857142857	ADAGHHIT:0.2857142857142857	EKPGLVCN:0.2857142857142857	VFGWEKPG:0.2857142857142857	EQLCLKSF:0.2857142857142857	QLCLKSFA:0.2857142857142857	LWIGGRLS:0.2857142857142857	LCLKSFAD:0.2857142857142857	YGVHFWAR:0.2857142857142857	LPEIASLW:0.2857142857142857	EIASLWIG:0.2857142857142857	PEIASLWI:0.2857142857142857	
