cluster number:14
GH27:45	GH27:45|3.2.1.49:3|3.2.1.22:1
LPPKVNYT:0.3333333333333333	WLAWERFR:0.4	DAQTFADW:0.2	GLPPKVNY:0.3333333333333333	RGLKLGIY:0.2222222222222222	LAWERFRC:0.4	PMGWLAWE:0.37777777777777777	DPKNCISE:0.2222222222222222	GGLPPKVN:0.3333333333333333	MSKALNAT:0.2	YSCSWPAY:0.4666666666666667	MGWLAWER:0.37777777777777777	PGRWNDPD:0.24444444444444444	GPGRWNDP:0.2222222222222222	SKALNATG:0.2	AGPGRWND:0.2	RTPPMGWL:0.24444444444444444	GWLAWERF:0.4	GRWNDPDM:0.24444444444444444	ALNATGRP:0.4222222222222222	TPPMGWLA:0.3111111111111111	SCSWPAYQ:0.24444444444444444	PPMGWLAW:0.37777777777777777	ICNLWRNY:0.35555555555555557	TCGGYPGT:0.24444444444444444	EICNLWRN:0.2	LNATGRPI:0.4	KALNATGR:0.2	IQDSWDSV:0.2	MLIIGNFG:0.2	PLIMSNDL:0.24444444444444444	DIQDSWDS:0.2	DPDMLIIG:0.28888888888888886	INPSGVVM:0.28888888888888886	RWNDPDML:0.2	NPSGVVMW:0.3111111111111111	AAPLIMSN:0.2	WNDPDMLI:0.4	PDMLIIGN:0.2222222222222222	DMLIIGNF:0.2222222222222222	PSGVVMWY:0.3111111111111111	NDPDMLII:0.28888888888888886	APLIMSND:0.2222222222222222	LIIGNFGL:0.2	IIGNFGLS:0.2	WPAYEGGL:0.24444444444444444	QDPLGIQG:0.4444444444444444	DPLGIQGR:0.4	INQDPLGI:0.3111111111111111	LKLDGCYS:0.2	LAAPLLMS:0.2	LLIGNFGL:0.2222222222222222	PLGIQGRR:0.3333333333333333	NATGRPIA:0.2	PAYEGGLP:0.24444444444444444	CSWPAYEG:0.24444444444444444	LIGNFGLS:0.2222222222222222	GPGHWNDP:0.5333333333333333	SGVVMWYL:0.2	SWPAYEGG:0.24444444444444444	PGHWNDPD:0.5333333333333333	AYEGGLPP:0.24444444444444444	IKINQDPL:0.2	SCSWPAYE:0.24444444444444444	AGPGHWND:0.4666666666666667	GYPGTTLD:0.37777777777777777	AWERFRCN:0.24444444444444444	VDMLKLDG:0.2222222222222222	DMLKLDGC:0.26666666666666666	YPGTTLDK:0.28888888888888886	NQDPLGIQ:0.3111111111111111	LGIQGRRI:0.24444444444444444	KINQDPLG:0.2	CNLWRNYD:0.24444444444444444	NLWRNYDD:0.24444444444444444	GHWNDPDM:0.5111111111111111	HWNDPDML:0.5111111111111111	LWRNYDDI:0.24444444444444444	ASALVFFS:0.2222222222222222	DPDMLLIG:0.2222222222222222	WNDPDMLL:0.26666666666666666	DMLLIGNF:0.2	NDPDMLLI:0.2222222222222222	MLLIGNFG:0.2	PDMLLIGN:0.2222222222222222	VDQDPLGI:0.2	WRNYDDIQ:0.2	NYDDIQDS:0.2	DYVKLDGC:0.2222222222222222	YDDIQDSW:0.2	LKFGIYED:0.2	RNYDDIQD:0.2	VDYVKLDG:0.2222222222222222	YVKLDGCY:0.2	GLKFGIYE:0.2222222222222222	CGGYPGTT:0.2	GGYPGTTL:0.2	ALVFFSRR:0.2	FGLSYEQS:0.2222222222222222	GLSYEQSK:0.2	WAILAAPL:0.2222222222222222	
