cluster number:17
GH97:48	GH97:48
AADYTICY:0.3541666666666667	PNLLTQEG:0.3125	ADYTICYY:0.20833333333333334	DATHNTIL:0.22916666666666666	GNEEFPDA:0.2708333333333333	RAYDEGIA:0.22916666666666666	NEEFPDAT:0.25	GAADYTIC:0.3541666666666667	NLLTQEGI:0.3125	GFSRTYPN:0.6458333333333334	TYPNLLTQ:0.3125	HNTILPFT:0.25	FSRTYPNL:0.625	YPNLLTQE:0.3125	PDATHNTI:0.22916666666666666	SRTYPNLL:0.3333333333333333	RTYPNLLT:0.3125	EEFPDATH:0.25	NTILPFTR:0.25	EFPDATHN:0.25	ATHNTILP:0.22916666666666666	LTQEGIRG:0.22916666666666666	QEGIRGNE:0.3541666666666667	EGIRGNEE:0.4166666666666667	RGNEEFPD:0.22916666666666666	LLTQEGIR:0.20833333333333334	TQEGIRGN:0.3541666666666667	QEGIRGDE:0.22916666666666666	TQEGIRGD:0.22916666666666666	SWIKPGKV:0.3958333333333333	DAGWYGPE:0.22916666666666666	IRGNEEMP:0.22916666666666666	GIRGNEEM:0.22916666666666666	AGAADYTI:0.22916666666666666	RGNEEMPD:0.25	AAVYYSPL:0.20833333333333334	GNEEMPDA:0.2708333333333333	AVYYSPLQ:0.20833333333333334	IHDEYRPT:0.375	TYPNLMTQ:0.4166666666666667	SRTYPNLM:0.4375	TGFSRTYP:0.4791666666666667	RPTGFSRT:0.4791666666666667	LMTQEGIR:0.3541666666666667	TSWIKPGK:0.22916666666666666	NLMTQEGI:0.375	YRPTGFSR:0.4791666666666667	VDIHDEYR:0.2708333333333333	RTYPNLMT:0.4375	EYRPTGFS:0.4791666666666667	PTGFSRTY:0.4791666666666667	PNLMTQEG:0.4166666666666667	DEYRPTGF:0.4791666666666667	YPNLMTQE:0.4166666666666667	DIHDEYRP:0.375	MVDIHDEY:0.25	MTQEGIRG:0.3541666666666667	HDEYRPTG:0.5625	GIKFGFVQ:0.22916666666666666	MGSHASQL:0.20833333333333334	SHASQLAK:0.22916666666666666	GSHASQLA:0.22916666666666666	EGIRGDEE:0.20833333333333334	
