cluster number:11
GH97:67	GH97:67|3.2.1.22:1|CBM13:1
WIKPGKVA:0.4925373134328358	IKPGKVAW:0.4925373134328358	SWIKPGKV:0.43283582089552236	KPGKVAWD:0.5671641791044776	PGKVAWDW:0.6268656716417911	PMDYTPGA:0.34328358208955223	GPMDYTPG:0.373134328358209	MDYTPGAM:0.29850746268656714	YKYYIDFA:0.4626865671641791	AGPMDYTP:0.2835820895522388	TYKYYIDF:0.44776119402985076	EYVILDEG:0.373134328358209	YVILDEGW:0.373134328358209	GKVAWDWW:0.5522388059701493	KVAWDWWN:0.5373134328358209	EPMSQGTR:0.23880597014925373	KYYIDFAA:0.2537313432835821	VDFMDRDD:0.22388059701492538	WDWWNDWN:0.208955223880597	GFKVDFMD:0.208955223880597	PMSQGTRC:0.29850746268656714	IEYVILDE:0.29850746268656714	KGFKVDFM:0.22388059701492538	ILDEGWAV:0.22388059701492538	QGTRCRQL:0.2537313432835821	FKVDFMDR:0.208955223880597	GPMDYTQG:0.22388059701492538	GTRCRQLA:0.2537313432835821	DFMDRDDQ:0.2835820895522388	MDYTQGAM:0.22388059701492538	VAWDWWND:0.22388059701492538	VILDEGWA:0.22388059701492538	NVGIILWA:0.208955223880597	KVDFMDRD:0.22388059701492538	YTQGAMRN:0.22388059701492538	PMDYTQGA:0.22388059701492538	DYTQGAMR:0.22388059701492538	VKGFKVDF:0.208955223880597	MSQGTRCR:0.2537313432835821	AWDWWNDW:0.208955223880597	TQGAMRNA:0.22388059701492538	SQGTRCRQ:0.2537313432835821	GIEYVILD:0.29850746268656714	GVKGFKVD:0.208955223880597	
