cluster number:7
GH97:36	GH97:36
VKIDFFGG:0.3333333333333333	VFDPMDFT:0.3611111111111111	GATLPRGW:0.5555555555555556	TLPRGWQR:0.4166666666666667	NPSYEEYY:0.25	GVAGVKID:0.2222222222222222	SDDGVAFR:0.2222222222222222	WYNSAGSW:0.25	VAGVKIDF:0.2222222222222222	LWYNSAGS:0.25	YNSAGSWN:0.25	GWVYPALF:0.3888888888888889	DFFGGDGQ:0.5277777777777778	RNVFDPMD:0.4444444444444444	AGWVYPAL:0.2222222222222222	DDGVAFRY:0.25	LLWYNSAG:0.2222222222222222	ATLPRGWQ:0.3055555555555556	ESTLGTDL:0.5277777777777778	LPRGWQRT:0.4166666666666667	NFHGATLP:0.5	IDFFGGDG:0.4444444444444444	KIDFFGGD:0.4444444444444444	STLGTDLA:0.75	GGDGQSMI:0.3055555555555556	NVFDPMDF:0.3611111111111111	FHGATLPR:0.5	HGATLPRG:0.5555555555555556	FFGGDGQS:0.5277777777777778	VSDDGVAF:0.2222222222222222	GVKIDFFG:0.3333333333333333	FDPMDFTP:0.7222222222222222	AGVKIDFF:0.2222222222222222	FGGDGQSM:0.3611111111111111	TNPSYEEY:0.2777777777777778	KVDFFGGD:0.2222222222222222	PSYEEHYQ:0.3055555555555556	TNPSYEEH:0.3888888888888889	GTDLAAPA:0.25	LFLSGIQH:0.2777777777777778	LGTDLAAP:0.3333333333333333	DPMDFTPM:0.3611111111111111	NPSYEEHY:0.3888888888888889	TLGTDLAA:0.3333333333333333	VDFFGGDG:0.2222222222222222	VESTLGTD:0.2222222222222222	NDGVAFRY:0.2777777777777778	WSWALLKD:0.25	FTRNVFDP:0.2777777777777778	AMLPFTRN:0.2222222222222222	PFTRNVFD:0.2777777777777778	GWVFPALF:0.3333333333333333	TRNVFDPM:0.2777777777777778	AGWVFPAL:0.3611111111111111	LPFTRNVF:0.2222222222222222	LVNFHGAT:0.3055555555555556	LLVNFHGA:0.3055555555555556	VNFHGATL:0.3611111111111111	SNDGVAFR:0.2222222222222222	RGWQRTYP:0.2777777777777778	PRGWQRTY:0.2777777777777778	KGVKIDFF:0.2222222222222222	VSNDGVAF:0.25	
