cluster number:654
GT2:12	GT2:12
DMALWFCL:0.25	VLLDYRLN:0.25	TEDMALWF:0.6666666666666666	CPFIHPTV:0.8333333333333334	PEVLLDYR:0.3333333333333333	RCPFIHPT:0.6666666666666666	LAFALNTL:0.25	MALWFCLL:0.25	FGSEYALE:0.3333333333333333	IHPTVMFR:0.5	FALNTLID:0.25	IARMDTDD:0.3333333333333333	YIARMDTD:0.3333333333333333	KDGIRYPL:0.3333333333333333	FKDGIRYP:0.3333333333333333	GLAFALNT:0.25	EDMALWFC:0.25	CHEFGSEY:0.3333333333333333	PFIHPTVM:0.4166666666666667	KFTEDMAL:0.25	EVLLDYRL:0.25	YSIIRCPF:0.25	SIIRCPFI:0.25	IRCPFIHP:0.25	SEYALELK:0.3333333333333333	FTEDMALW:0.5	FIHPTVMF:0.4166666666666667	EFGSEYAL:0.3333333333333333	KGLAFALN:0.3333333333333333	TKFTEDMA:0.25	ALWFCLLE:0.25	NKGLAFAL:0.3333333333333333	IIRCPFIH:0.25	GSEYALEL:0.3333333333333333	AFALNTLI:0.25	HEFGSEYA:0.3333333333333333	RMDSDDIS:0.3333333333333333	VAVIMSVY:0.25	IARMDSDD:0.4166666666666667	ARMDSDDI:0.3333333333333333	FIARMDSD:0.25	MNHSVAII:0.25	IEQQFRFM:0.25	DISRLDRI:0.25	RMDTDDIS:0.25	DDISRLDR:0.25	RYAYKKYR:0.25	ISRLDRIE:0.25	YKYIARMD:0.25	GYKYIARM:0.25	IRYAYKKY:0.25	MDTDDISR:0.25	ARMDTDDI:0.25	RIEQQFRF:0.25	KYIARMDT:0.25	EQQFRFME:0.25	PFIHPTVI:0.3333333333333333	IARCPFIH:0.25	IHPTVIFR:0.3333333333333333	ARCPFIHP:0.3333333333333333	SIARCPFI:0.25	FSIARCPF:0.25	DFSIARCP:0.25	FIHPTVIF:0.3333333333333333	VAIIMSVY:0.3333333333333333	LPEVLLDY:0.25	
