cluster number:2627
GT2:19	GT2:19
LGSGLNLF:0.3157894736842105	YDLGSGLN:0.5789473684210527	NLIFSAIS:0.21052631578947367	NDDNYGLG:0.3157894736842105	NYGLGGSH:0.8421052631578947	LHGDDQGN:0.21052631578947367	VLHGDDQG:0.6842105263157895	FNLIFSAI:0.21052631578947367	LYDLGSGL:0.21052631578947367	GGSHKVAI:0.21052631578947367	GSGLNLFR:0.21052631578947367	FFPLTWRE:0.21052631578947367	DDLTFNYY:0.21052631578947367	YGLGGSHK:0.8421052631578947	LMGARFMK:0.21052631578947367	DFLMGARF:0.21052631578947367	GLGGSHKV:0.5789473684210527	SGLNLFRL:0.21052631578947367	DLTFNYYL:0.21052631578947367	FLMGARFM:0.21052631578947367	GLNLFRLS:0.21052631578947367	LGGSHKVA:0.6842105263157895	DNYGLGGS:0.5789473684210527	DDNYGLGG:0.3157894736842105	DLGSGLNL:0.5789473684210527	RLYDLGSG:0.21052631578947367	ADDLTFNY:0.21052631578947367	IVLHGDDQ:0.3684210526315789	GARFMKGS:0.3157894736842105	TFNYYLIL:0.21052631578947367	LTFNYYLI:0.21052631578947367	MGARFMKG:0.21052631578947367	ILVFIPAY:0.2631578947368421	VVLHGDDQ:0.3684210526315789	TWREDDQI:0.2631578947368421	RILVFIPA:0.2631578947368421	REDDQISN:0.3684210526315789	WREDDQIS:0.3684210526315789	DCLLGARF:0.2631578947368421	VVDNRSPD:0.21052631578947367	EDDQISNV:0.2631578947368421	LGSGLNLY:0.2631578947368421	GGSHKVAF:0.47368421052631576	FFPITWRE:0.21052631578947367	LVFIPAYR:0.21052631578947367	FIPAYRCA:0.21052631578947367	DDQISNVK:0.21052631578947367	IYDLGSGL:0.21052631578947367	FFPISWRE:0.2631578947368421	VFIPAYRC:0.21052631578947367	DQISNVKL:0.21052631578947367	VLHGDDQA:0.21052631578947367	HKVAFQYA:0.21052631578947367	SHKVAFQY:0.21052631578947367	GSHKVAFQ:0.21052631578947367	DQVSNVKM:0.21052631578947367	ISWREEDQ:0.21052631578947367	FPISWREE:0.21052631578947367	PISWREED:0.21052631578947367	LVVLHGDD:0.21052631578947367	DYLVVLHG:0.21052631578947367	YLVVLHGD:0.21052631578947367	
