cluster number:839
GT2:35	GT2:35|GT4:6|GT0:2
VVDDGSTD:0.2857142857142857	VDDGSTDN:0.2	DDGSTDNT:0.2	GFAKACNQ:0.2571428571428571	GFDEGYVN:0.2	LVFLNNDT:0.22857142857142856	FLNNDTIP:0.2	NLGFAKAC:0.22857142857142856	FDEGYVNG:0.2	FAKACNQG:0.2571428571428571	VFLNNDTI:0.2	LGGFDEGY:0.2	GGFDEGYV:0.2	ELGGFDEG:0.2	LGFAKACN:0.22857142857142856	EIVVVDDG:0.2857142857142857	VVVDDGST:0.2571428571428571	KYIAYLDD:0.2	GKYIAYLD:0.2	SIIIPLYN:0.2	LVSVIVPT:0.2	IAYLDDDD:0.22857142857142856	YIAYLDDD:0.22857142857142856	IVVVDDGS:0.2857142857142857	PLVSVIVP:0.22857142857142856	
