cluster number:1759
GT2:31	GT2:31
NLAYRKEL:0.3225806451612903	SHKKLALT:0.22580645161290322	HKKLALTL:0.22580645161290322	DYPQFEVI:0.3225806451612903	QDYPQFEV:0.3225806451612903	YPQFEVIV:0.3225806451612903	KKLALTLG:0.45161290322580644	AYRKELFF:0.3225806451612903	LAYRKELF:0.3225806451612903	RGEDDLFI:0.45161290322580644	NLQRGEDD:0.3225806451612903	QRGEDDLF:0.45161290322580644	LNLQRGED:0.3225806451612903	SARYISHK:0.3225806451612903	RYISHKKL:0.3225806451612903	PDSARYIS:0.3225806451612903	GRNMAYRK:0.25806451612903225	DSARYISH:0.22580645161290322	ARYISHKK:0.3225806451612903	LQRGEDDL:0.3548387096774194	GEDDLFIN:0.5483870967741935	KPYMGIGR:0.25806451612903225	FEVIVIND:0.3870967741935484	EQDYPQFE:0.2903225806451613	ALAGKPYM:0.25806451612903225	LAGKPYMG:0.25806451612903225	GKPYMGIG:0.25806451612903225	LEQDYPQF:0.2903225806451613	EVIVINDG:0.2903225806451613	YISRKKLA:0.22580645161290322	QFEVIVIN:0.22580645161290322	TLGIKASK:0.45161290322580644	PQFEVIVI:0.22580645161290322	IVLGYSGY:0.2903225806451613	PYMGIGRN:0.3548387096774194	RYISRKKL:0.22580645161290322	VLGYSGYE:0.22580645161290322	AGKPYMGI:0.25806451612903225	GIKASKHD:0.25806451612903225	GIGRNLAY:0.3870967741935484	KLALTLGI:0.41935483870967744	KASKHDWL:0.25806451612903225	RELPPLSV:0.22580645161290322	YLGFALAG:0.2903225806451613	FALAGKPY:0.22580645161290322	SKHDWLVF:0.25806451612903225	LALTLGIK:0.41935483870967744	KHDWLVFT:0.25806451612903225	LTLGIKAS:0.3225806451612903	IKASKHDW:0.25806451612903225	HDWLVFTE:0.25806451612903225	RNLAYRKE:0.3548387096774194	MGIGRNLA:0.3548387096774194	ASKHDWLV:0.25806451612903225	LRYLGFAL:0.22580645161290322	SLRYLGFA:0.22580645161290322	ALTLGIKA:0.45161290322580644	GRNLAYRK:0.3548387096774194	YMGIGRNL:0.25806451612903225	IGRNLAYR:0.3225806451612903	EDDLFINQ:0.22580645161290322	RYLGFALA:0.2903225806451613	LGIKASKH:0.25806451612903225	YPHLYHSF:0.2903225806451613	KYPHLYHS:0.2903225806451613	EEKYPHLY:0.2903225806451613	ILEQDYPQ:0.22580645161290322	EKYPHLYH:0.2903225806451613	
