cluster number:503
GT2:33	GT2:33|GT4:1
AIESVLNQ:0.2727272727272727	QFSFAKYL:0.21212121212121213	DNITGTST:0.2727272727272727	ITGTSTIM:0.21212121212121213	NITGTSTI:0.2727272727272727	DWDMWLRM:0.30303030303030304	TGTSTIMV:0.21212121212121213	LSYHLLQI:0.2727272727272727	GQFSFAKY:0.21212121212121213	RAIESVLN:0.24242424242424243	CEDWDMWL:0.2727272727272727	SYHLLQIG:0.2727272727272727	VIIPTYNR:0.30303030303030304	VSVIIPTY:0.30303030303030304	EDWDMWLR:0.30303030303030304	SVIIPTYN:0.3333333333333333	TCEDWDMW:0.2727272727272727	EFIAFLDD:0.21212121212121213	IAFLDDDD:0.6666666666666666	AFLDDDDR:0.21212121212121213	FIAFLDDD:0.3333333333333333	GEFIAFLD:0.21212121212121213	FLDDDDRW:0.21212121212121213	YIAFLDDD:0.3333333333333333	EYIAFLDD:0.24242424242424243	GEYIAFLD:0.24242424242424243	
