cluster number:824
GT2:13	GT2:13
SILNQTIQ:0.23076923076923078	NQTIQDFE:0.3076923076923077	SVVLPVYN:0.3076923076923077	VLPVYNVA:0.23076923076923078	FEIIVIDD:0.23076923076923078	IDSLNIGF:0.3076923076923077	ARMDGDDI:0.46153846153846156	IVIDDCST:0.38461538461538464	DCSTDKTI:0.23076923076923078	LISVVLPV:0.3076923076923077	KYIARMDG:0.38461538461538464	ISVVLPVY:0.3076923076923077	YIARMDGD:0.5384615384615384	LPVYNVAP:0.23076923076923078	KHVEDYDF:0.23076923076923078	EIIVIDDC:0.38461538461538464	HVEDYDFW:0.3076923076923077	IARMDGDD:0.5384615384615384	ILNQTIQD:0.23076923076923078	RMDGDDIS:0.3076923076923077	KGLIDSLN:0.3076923076923077	DDCSTDKT:0.46153846153846156	DSLNIGFK:0.3076923076923077	NKGLIDSL:0.3076923076923077	VVLPVYNV:0.3076923076923077	DSILNQTI:0.23076923076923078	IIVIDDCS:0.38461538461538464	CSTDKTIE:0.23076923076923078	KGKYIARM:0.23076923076923078	AKGKYIAR:0.3076923076923077	GKYIARMD:0.38461538461538464	LIDSLNIG:0.3076923076923077	IDDCSTDK:0.38461538461538464	LNQTIQDF:0.3076923076923077	YNIQEVLY:0.3076923076923077	GLIDSLNI:0.3076923076923077	STDKTIEI:0.23076923076923078	KKHVEDYD:0.23076923076923078	VIDDCSTD:0.6923076923076923	LVIDDCST:0.23076923076923078	EVLVIDDC:0.23076923076923078	VLVIDDCS:0.23076923076923078	IDDCSTDN:0.23076923076923078	
