cluster number:2337
GT2:13	GT2:13
FPLNYNDV:0.23076923076923078	VGAKLLFP:0.23076923076923078	IPKILYHW:0.46153846153846156	TGDYIALL:0.23076923076923078	YIALLDHD:0.3076923076923077	ELCIADDA:0.23076923076923078	NDVDLCLK:0.23076923076923078	YTCHLGVY:0.38461538461538464	SNIVNRNY:0.23076923076923078	GHISAASN:0.23076923076923078	VNRNYLAV:0.23076923076923078	ADFIYSDE:0.38461538461538464	CSNIVNRN:0.23076923076923078	WELCIADD:0.3076923076923077	YRNVVTPY:0.3076923076923077	ISAASNSA:0.38461538461538464	DYIALLDH:0.23076923076923078	YNVEAKWL:0.23076923076923078	VDLCLKAH:0.23076923076923078	PLNYNDVD:0.23076923076923078	IVNRNYLA:0.23076923076923078	PKILYHWR:0.38461538461538464	MPVYNVEA:0.23076923076923078	DFIYSDED:0.46153846153846156	SIIIPSAG:0.23076923076923078	SMLELAQQ:0.3076923076923077	HIPKILYH:0.46153846153846156	VSIIIPSA:0.23076923076923078	PVYNVEAK:0.23076923076923078	ESMLELAQ:0.3076923076923077	FLLLLNDD:0.3076923076923077	LLLLNDDT:0.23076923076923078	NWELCIAD:0.23076923076923078	NPGIYRVR:0.23076923076923078	CMYTCHLG:0.23076923076923078	NVVTPYAQ:0.3076923076923077	IMPVYNVE:0.3076923076923077	SQDYDLVL:0.23076923076923078	QDYDLVLR:0.3076923076923077	TCHLGVYR:0.38461538461538464	LESMLELA:0.23076923076923078	ESVRNQIY:0.23076923076923078	PYYNPNLS:0.3076923076923077	PEADFIYS:0.23076923076923078	WSPEYFYS:0.23076923076923078	DWSPEYFY:0.23076923076923078	FKPDWSPE:0.46153846153846156	EADFIYSD:0.23076923076923078	GDYIALLD:0.23076923076923078	RNVVTPYA:0.3076923076923077	VVTPYAQL:0.3076923076923077	DVDLCLKA:0.23076923076923078	GSQDYDLV:0.23076923076923078	LLLNDDTE:0.23076923076923078	IGAVGAKL:0.3076923076923077	GYRNVVTP:0.3076923076923077	PLVSIIIP:0.3076923076923077	YNDVDLCL:0.46153846153846156	IALLDHDD:0.46153846153846156	AVGAKLLF:0.23076923076923078	NGHISAAS:0.23076923076923078	IYSDEDKI:0.5384615384615384	NYNDVDLC:0.23076923076923078	LLDHDDEL:0.38461538461538464	LVSIIIPS:0.23076923076923078	YSDEDKID:0.3076923076923077	LNYNDVDL:0.23076923076923078	IESVRNQI:0.23076923076923078	CHLGVYRT:0.23076923076923078	VTPYAQLI:0.23076923076923078	EIGAVGAK:0.23076923076923078	PDWSPEYF:0.23076923076923078	KPDWSPEY:0.23076923076923078	NRNYLAVT:0.23076923076923078	AASNSALE:0.3076923076923077	HISAASNS:0.23076923076923078	IGGFRSEY:0.23076923076923078	GAVGAKLL:0.46153846153846156	MYTCHLGV:0.46153846153846156	SAASNSAL:0.38461538461538464	PGIYRVRR:0.23076923076923078	VYNVEAKW:0.23076923076923078	NIVNRNYL:0.23076923076923078	ALLDHDDE:0.38461538461538464	DPYYNPNL:0.38461538461538464	DLCLKAHQ:0.23076923076923078	LDHDDELA:0.3076923076923077	FIYSDEDK:0.46153846153846156	WLESMLEL:0.23076923076923078	LCIADDAS:0.23076923076923078	QAGYRNVV:0.23076923076923078	HQAGYRNV:0.23076923076923078	AHQAGYRN:0.23076923076923078	AGYRNVVT:0.23076923076923078	NDVDLCLA:0.23076923076923078	TGACLMMR:0.23076923076923078	VTGACLMM:0.23076923076923078	AVTGACLM:0.23076923076923078	DVDLCLAA:0.23076923076923078	
