cluster number:932
GT2:34	GT2:34|GT4:1
SFIHHFGS:0.2647058823529412	PGNFEDDD:0.47058823529411764	KTSIIILT:0.29411764705882354	IHHFGSTS:0.20588235294117646	RFTPGNFE:0.3235294117647059	SIIILTYN:0.3235294117647059	FIHHFGST:0.20588235294117646	FTPGNFED:0.38235294117647056	ERFTPGNF:0.3235294117647059	IIILTYNN:0.29411764705882354	HHFGSTSF:0.20588235294117646	TPGNFEDD:0.38235294117647056	YEIIVVDN:0.38235294117647056	TYEIIVVD:0.23529411764705882	DSFIHHFG:0.2647058823529412	DERFTPGN:0.3235294117647059	HFGSTSFK:0.20588235294117646	TSIIILTY:0.29411764705882354	EIIIVDNN:0.4117647058823529	IIIVDNNS:0.4117647058823529	IIVVDNNS:0.35294117647058826	EIIVVDNN:0.35294117647058826	GNFEDDDL:0.3235294117647059	VVDNNSTD:0.2647058823529412	IVVDNNST:0.23529411764705882	EDDDLCMR:0.20588235294117646	VDNNSSDG:0.29411764705882354	CNDSFIHH:0.23529411764705882	GTREWLKE:0.23529411764705882	IVDNNSSD:0.23529411764705882	TPRWLDNL:0.20588235294117646	FEDDDLCM:0.20588235294117646	TREWLKEQ:0.2647058823529412	TNNCSNYQ:0.2647058823529412	DNNSSDGT:0.29411764705882354	DGTREWLK:0.23529411764705882	AFCMLIKR:0.20588235294117646	NFEDDDLC:0.23529411764705882	IIVDNNSS:0.23529411764705882	PRWLDNLK:0.23529411764705882	DDDLCMRI:0.20588235294117646	NDSFIHHF:0.23529411764705882	ITNNCSNY:0.2647058823529412	
