cluster number:687
GT2:28	GT2:28
VCADSDGQ:0.42857142857142855	DTQTGLRG:0.7857142857142857	CADSDGQH:0.6071428571428571	PLRSRFGN:0.5357142857142857	TQTGLRGY:0.2857142857142857	VVCADSDG:0.39285714285714285	VPLRSRFG:0.25	PKYFSLVV:0.25	SLPKYFSL:0.25	LPKYFSLV:0.25	IPLRSRFG:0.2857142857142857	ERFEYEMN:0.5714285714285714	SSHFRPLA:0.25	SIFLFSYW:0.2857142857142857	PGERFEYE:0.42857142857142855	RFEYEMNM:0.6785714285714286	YDTQTGLR:0.39285714285714285	HFRPLADS:0.25	EYEMNMLL:0.6785714285714286	NKSSHFRP:0.4642857142857143	IFLFSYWA:0.2857142857142857	FLFSYWAQ:0.32142857142857145	FEYEMNML:0.6785714285714286	SHFRPLAD:0.25	IPGERFEY:0.35714285714285715	GERFEYEM:0.5714285714285714	KSSHFRPL:0.42857142857142855	LFSYWAQR:0.32142857142857145	AYEPDERL:0.32142857142857145	IYDTQTGL:0.32142857142857145	IYLPILMF:0.2857142857142857	GTKIYDTQ:0.2857142857142857	EMNMLLTA:0.32142857142857145	AAARLCSS:0.25	LYFYNEKL:0.2857142857142857	AARLCSSI:0.25	MTILIPAY:0.35714285714285715	YNEKLIIP:0.2857142857142857	NYGLLYFY:0.39285714285714285	DDGSGPAY:0.25	ILIPAYEP:0.35714285714285715	IPAYEPDE:0.32142857142857145	DERLLDLI:0.21428571428571427	RFGNSVTR:0.21428571428571427	DGSGPAYR:0.21428571428571427	FRIYLPIL:0.2857142857142857	KIYDTQTG:0.2857142857142857	PDERLLDL:0.21428571428571427	TILIPAYE:0.35714285714285715	ILMFSTSS:0.32142857142857145	PGIVLGSR:0.39285714285714285	GKGAALKT:0.2857142857142857	TGTKIYDT:0.2857142857142857	LGSRRFSG:0.2857142857142857	LPILMFST:0.2857142857142857	GIVLGSRR:0.35714285714285715	GTIPLRSR:0.21428571428571427	MNMLLTAH:0.25	IVLGSRRF:0.35714285714285715	HLPHDIKR:0.32142857142857145	DSFRIYLP:0.35714285714285715	LPHDIKRI:0.25	YEPDERLL:0.35714285714285715	QTGLRGFP:0.21428571428571427	TTGTKIYD:0.2857142857142857	ADSDGQHL:0.5714285714285714	SFRIYLPI:0.32142857142857145	TQTGLRGF:0.35714285714285715	RIYLPILM:0.2857142857142857	LLYFYNEK:0.2857142857142857	VAAARLCS:0.25	QSLPKYFS:0.21428571428571427	YGLLYFYN:0.32142857142857145	YEMNMLLT:0.32142857142857145	FYNEKLII:0.2857142857142857	DGQHLPHD:0.32142857142857145	QHLPHDIK:0.32142857142857145	FNYGLLYF:0.32142857142857145	PILMFSTS:0.32142857142857145	TKIYDTQT:0.2857142857142857	LIPAYEPD:0.4642857142857143	GQHLPHDI:0.32142857142857145	YLPILMFS:0.2857142857142857	NEKLIIPL:0.2857142857142857	TIPLRSRF:0.21428571428571427	LCSSIFNY:0.32142857142857145	DSDGQHLP:0.5714285714285714	RSRFGNSV:0.21428571428571427	GLLYFYNE:0.32142857142857145	LRSRFGNS:0.2857142857142857	SDGQHLPH:0.32142857142857145	YFYNEKLI:0.2857142857142857	ARLCSSIF:0.32142857142857145	CSSIFNYS:0.2857142857142857	LVDDGSGP:0.25	GSRRFSGT:0.21428571428571427	DNKSSHFR:0.21428571428571427	PAYEPDER:0.32142857142857145	EPDERLLD:0.21428571428571427	SRFGNSVT:0.21428571428571427	LTTGTKIY:0.2857142857142857	VDDGSGPA:0.2857142857142857	RLCSSIFN:0.32142857142857145	VLGSRRFS:0.2857142857142857	LMFSTSSL:0.32142857142857145	TPGIVLGS:0.25	FSLTTGTK:0.25	AEAFGCTV:0.21428571428571427	NLGKGRAL:0.2857142857142857	VFSLTTGT:0.25	VLLFNYGL:0.2857142857142857	FSTSSLLS:0.21428571428571427	ALKTGFRY:0.21428571428571427	KGRALKTG:0.35714285714285715	YWAQRRFV:0.2857142857142857	GRALKTGF:0.2857142857142857	FSYWAQRR:0.2857142857142857	LGKGRALK:0.2857142857142857	LDFTLLFL:0.21428571428571427	TTPGIVLG:0.25	AFGCTVLT:0.25	LFNYGLLY:0.2857142857142857	LKTGFRYI:0.21428571428571427	SALLDFTL:0.21428571428571427	LVLLFNYG:0.2857142857142857	YVVCADSD:0.25	SLTTGTKI:0.21428571428571427	SYWAQRRF:0.2857142857142857	QTTPGIVL:0.25	MFSTSSLL:0.21428571428571427	LLFNYGLL:0.2857142857142857	LLDFTLLF:0.21428571428571427	ALLDFTLL:0.21428571428571427	GKGRALKT:0.35714285714285715	FGCTVLTH:0.25	WAQRRFVY:0.2857142857142857	EAFGCTVL:0.21428571428571427	IVIVDDGS:0.21428571428571427	GCTVLTHP:0.21428571428571427	YEMNMLLE:0.21428571428571427	
