cluster number:630
GT2:29	GT2:29
FAGGNNLG:0.8275862068965517	NLGFAGGN:0.9310344827586207	GFAGGNNL:0.8275862068965517	PYLHGAAM:0.20689655172413793	LGFAGGNN:0.9310344827586207	AGGNNLGI:0.5862068965517241	YFMTRNRM:0.20689655172413793	LYYEELDW:0.5862068965517241	YEELDWCE:0.27586206896551724	FLYYEELD:0.6206896551724138	YFLYYEEL:0.3793103448275862	FMTRNRML:0.20689655172413793	YYEELDWC:0.4482758620689655	LLLNNDTE:0.20689655172413793	KNLGFAGG:0.2413793103448276	GGNNLGIK:0.2413793103448276	RMLFIRRN:0.20689655172413793	RNRMLFIR:0.20689655172413793	NRMLFIRR:0.20689655172413793	FFLYYEEL:0.2413793103448276	
