cluster number:869
GT2:11	GT2:11
LLFLHADT:0.8181818181818182	GRARQMNA:0.2727272727272727	LFLHADTL:0.7272727272727273	FLHADTLL:0.7272727272727273	NKAGAFSL:0.2727272727272727	EDVEIMKR:0.2727272727272727	RVKTRLAE:0.2727272727272727	RAILVGSD:0.2727272727272727	IIVVDTHE:0.2727272727272727	MEDVEIMK:0.2727272727272727	DGGYYLIG:0.2727272727272727	VIVAYDDE:0.36363636363636365	VVDTHEKT:0.2727272727272727	YEIIVVDT:0.36363636363636365	GFHAHTFC:0.2727272727272727	EGARKARG:0.36363636363636365	NEGARKAR:0.36363636363636365	GGYYLIGF:0.2727272727272727	GERMKNAF:0.2727272727272727	FIETMANL:0.36363636363636365	ILVGSDIP:0.36363636363636365	VDTHEKTT:0.2727272727272727	QMNEGARK:0.36363636363636365	LHVNKAGA:0.2727272727272727	THEKTTVE:0.2727272727272727	MNEGARKA:0.36363636363636365	IETMANLR:0.36363636363636365	KAGAFSLG:0.2727272727272727	AGAFSLGI:0.45454545454545453	LMEDVEIM:0.36363636363636365	NYEIIVVD:0.36363636363636365	YYLIGFHA:0.2727272727272727	EIIVVDTH:0.2727272727272727	YHEDETLL:0.2727272727272727	MLRDIDTL:0.2727272727272727	LGERMKNA:0.2727272727272727	DLGERMKN:0.2727272727272727	DVIVAYDD:0.36363636363636365	GYYLIGFH:0.2727272727272727	IVVDTHEK:0.2727272727272727	HVNKAGAF:0.2727272727272727	LHADTLLP:0.6363636363636364	DTHEKTTV:0.2727272727272727	GRVKTRLA:0.36363636363636365	AILVGSDI:0.36363636363636365	ERMKNAFE:0.2727272727272727	ETMANLRT:0.36363636363636365	DLRAFTCK:0.2727272727272727	QNYEIIVV:0.2727272727272727	IGFHAHTF:0.2727272727272727	ILLFLHAD:0.2727272727272727	YGDQAQFF:0.45454545454545453	KGRASQMN:0.2727272727272727	GAFSLGID:0.2727272727272727	PKGRASQM:0.2727272727272727	PYGDQAQF:0.45454545454545453	
