cluster number:2397
GT2:22	GT2:22
FCAFHRRY:0.2727272727272727	GDIIVMMD:0.22727272727272727	VMMDADGS:0.7272727272727273	DLCYGFCA:0.5909090909090909	GKGSALRT:0.3181818181818182	AGLRIAEV:0.22727272727272727	IAEVPSLE:0.6818181818181818	DIIVMMDA:0.22727272727272727	EVPSLEMP:0.22727272727272727	LCYGFCAF:0.5909090909090909	GGGSLDIT:0.5454545454545454	CAFHRRYL:0.3181818181818182	LTDLCYGF:0.5909090909090909	MDADGSMA:0.3181818181818182	EAEMTVRA:0.22727272727272727	TDATLITA:0.22727272727272727	YDFVKGSR:0.6818181818181818	TGFEIEAE:0.4090909090909091	EIEAEMTV:0.22727272727272727	RIAEVPSL:0.6818181818181818	QAGLRIAE:0.22727272727272727	TDLCYGFC:0.6363636363636364	ATGFEIEA:0.3181818181818182	PVRNEARN:0.2727272727272727	GSMAPQEI:0.22727272727272727	GYDFVKGS:0.6818181818181818	LRIAEVPS:0.7727272727272727	IEAEMTVR:0.22727272727272727	DGSMAPQE:0.22727272727272727	ADGSMAPQ:0.22727272727272727	KGSALRTG:0.3181818181818182	IPVRNEAR:0.2727272727272727	CYGFCAFH:0.3181818181818182	GFEIEAEM:0.5909090909090909	YGFCAFHR:0.3181818181818182	AEVPSLEM:0.22727272727272727	FVKGSRFI:0.6363636363636364	GLRIAEVP:0.7272727272727273	VPSLEMPR:0.22727272727272727	FEIEAEMT:0.22727272727272727	IIVMMDAD:0.22727272727272727	MMDADGSM:0.7272727272727273	PSLEMPRR:0.22727272727272727	DFVKGSRF:0.8636363636363636	STDATLIT:0.22727272727272727	GSALRTGF:0.3181818181818182	DADGSMAP:0.3181818181818182	GFCAFHRR:0.2727272727272727	IVMMDADG:0.5	NGYDFVKG:0.5454545454545454	SLDITRFR:0.22727272727272727	LRVAEVPS:0.22727272727272727	VRNEARNI:0.22727272727272727	GGSLDITR:0.2727272727272727	GSLDITRF:0.22727272727272727	GLRVAEVP:0.22727272727272727	DGNSTDAT:0.22727272727272727	AFHRRYLD:0.22727272727272727	YGFCAFRR:0.45454545454545453	VKGSRFIA:0.4090909090909091	GSRFIAGG:0.4090909090909091	RFIAGGGS:0.2727272727272727	VPSLELPR:0.6363636363636364	PSLELPRR:0.5909090909090909	AEVPSLEL:0.6363636363636364	KGSRFIAG:0.4090909090909091	SRFIAGGG:0.2727272727272727	EVPSLELP:0.6363636363636364	FCAFRRSF:0.2727272727272727	GNALRTGF:0.3181818181818182	CVDEVILV:0.22727272727272727	GFCAFRRS:0.2727272727272727	CYGFCAFR:0.2727272727272727	AFRRSFLD:0.36363636363636365	VDEVILVD:0.2727272727272727	FIAGGGSL:0.22727272727272727	DEVILVDG:0.2727272727272727	SLELPRRS:0.36363636363636365	LPRRSGRS:0.36363636363636365	KGNALRTG:0.3181818181818182	ARNIPWVF:0.3181818181818182	NEARNIPW:0.3181818181818182	GKGNALRT:0.3181818181818182	GPGKGNAL:0.2727272727272727	ELPRRSGR:0.36363636363636365	IAGGGSLD:0.3181818181818182	CAFRRSFL:0.36363636363636365	LELPRRSG:0.36363636363636365	EARNIPWV:0.3181818181818182	PGKGNALR:0.2727272727272727	SGLRIAEV:0.3181818181818182	RSGLRIAE:0.2727272727272727	SDGRRVLR:0.2727272727272727	IPWVFEQI:0.2727272727272727	HALRSGLR:0.2727272727272727	ALRSGLRI:0.2727272727272727	NIPWVFEQ:0.2727272727272727	VVMMDADG:0.22727272727272727	LRSGLRIA:0.2727272727272727	ALRTGFLA:0.22727272727272727	RRVLRTLL:0.22727272727272727	RNIPWVFE:0.2727272727272727	LRTGFLAA:0.22727272727272727	DGRRVLRT:0.36363636363636365	GRRVLRTL:0.3181818181818182	FEIEAEMI:0.22727272727272727	PWVFEQIP:0.36363636363636365	GFDFVKGS:0.3181818181818182	LHAVSDGR:0.22727272727272727	AVSDGRRV:0.22727272727272727	HAVSDGRR:0.22727272727272727	FDFVKGSR:0.3181818181818182	VSDGRRVL:0.22727272727272727	SGRSHLHA:0.22727272727272727	ADGSMWPG:0.22727272727272727	GSMWPGEI:0.22727272727272727	DADGSMWP:0.22727272727272727	MWPGEIPH:0.22727272727272727	DGSMWPGE:0.22727272727272727	PRRSGRSH:0.22727272727272727	GRSHLHAV:0.22727272727272727	RRSGRSHL:0.22727272727272727	RSGRSHLH:0.22727272727272727	SMWPGEIP:0.22727272727272727	
