cluster number:298
GT2:36	GT2:36|GT32:2
EIIVVNDG:0.25	SVIVPVYN:0.2777777777777778	IEIIVVND:0.2222222222222222	EYIGFVDS:0.2777777777777778	IGFVDSDD:0.4444444444444444	IVPVYNVE:0.4722222222222222	DIEIIVVN:0.2222222222222222	IIVVNDGS:0.25	VSVIVPVY:0.2777777777777778	GEYIGFVD:0.25	VIVPVYNV:0.2222222222222222	YIGFVDSD:0.4166666666666667	GFVDSDDY:0.3055555555555556	CLDSLVNQ:0.25	KCLDSLVN:0.2222222222222222	IIVPVYNV:0.2777777777777778	VPVYNVEN:0.25	SIIVPVYN:0.3055555555555556	FEDIQLIP:0.3611111111111111	KENGGLSD:0.3055555555555556	SDLSYFAC:0.2222222222222222	FKKGVHFE:0.2777777777777778	YFACNKLF:0.3333333333333333	GGLSDARN:0.4722222222222222	DSITKTHT:0.3333333333333333	TQKLTQIP:0.2222222222222222	KKKIFYLL:0.2222222222222222	QLIPQLLL:0.3888888888888889	FSDLSYFA:0.2222222222222222	HFEDIQLI:0.3611111111111111	DLSYFACN:0.2222222222222222	FVDSDDYV:0.3055555555555556	FLAYLAFV:0.3611111111111111	KGLDILKA:0.25	KGVHFEDI:0.2777777777777778	KRFKKGVH:0.25	NGGLSDAR:0.4722222222222222	THTEKGLD:0.3333333333333333	LAYLAFVK:0.3611111111111111	IQLIPQLL:0.3888888888888889	TKTHTEKG:0.3333333333333333	VHFEDIQL:0.3055555555555556	KKGVHFED:0.2777777777777778	EDIQLIPQ:0.3888888888888889	QKLTQIPN:0.2222222222222222	GVHFEDIQ:0.2777777777777778	HTEKGLDI:0.3333333333333333	KLTQIPNM:0.2222222222222222	DIQLIPQL:0.3888888888888889	LSYFACNK:0.2222222222222222	RFKKGVHF:0.2777777777777778	ENGGLSDA:0.3055555555555556	ITKTHTEK:0.3333333333333333	SYFACNKL:0.3333333333333333	SITKTHTE:0.3333333333333333	KTHTEKGL:0.3333333333333333	GLDILKAV:0.25	EKGLDILK:0.25	TEKGLDIL:0.3333333333333333	VFSDLSYF:0.2222222222222222	FHYQYLER:0.2222222222222222	LIPQLLLE:0.2777777777777778	LSDARNFG:0.2777777777777778	GLSDARNF:0.2777777777777778	IPQLLLEC:0.2777777777777778	AYLAFVKD:0.25	QYLERTDS:0.2777777777777778	ERTDSITK:0.2777777777777778	YQYLERTD:0.2777777777777778	LERTDSIT:0.2777777777777778	RTDSITKT:0.2777777777777778	HYQYLERT:0.2777777777777778	YLERTDSI:0.2777777777777778	TDSITKTH:0.2777777777777778	
