cluster number:1164
GT2:12	GT2:12
FFDSDDVM:0.4166666666666667	ECIIIDDG:0.3333333333333333	EYQYNIKL:0.25	KGANHSRN:0.3333333333333333	YDFVVGDC:0.25	HRRIHDDG:0.25	ANHSRNYG:0.25	TYNRAAYI:0.25	ISIIIATY:0.4166666666666667	CIIIDDGS:0.3333333333333333	HDDGFVVK:0.25	TNDLLVKR:0.4166666666666667	IIATYNRA:0.5	IIIATYNR:0.5	IHDDGFVV:0.25	KFFDSDDV:0.4166666666666667	VKFFDSDD:0.25	DQASEYQY:0.25	IRDQASEY:0.25	DFECIIID:0.25	ASEYQYNI:0.25	SIIIATYN:0.4166666666666667	ITNDLLVK:0.4166666666666667	RDQASEYQ:0.25	DSDDVMLP:0.4166666666666667	FECIIIDD:0.25	GANHSRNY:0.25	WITNDLLV:0.4166666666666667	DDGSTDHT:0.25	FDSDDVML:0.4166666666666667	ATYNRAAY:0.25	NDLLVKRE:0.25	IIIDDGST:0.3333333333333333	RRIHDDGF:0.25	RIHDDGFV:0.25	DDGFVVKA:0.25	QASEYQYN:0.25	IATYNRAA:0.25	YVKFFDSD:0.25	IIDDGSTD:0.3333333333333333	MISIIIAT:0.4166666666666667	DGSTDNTS:0.25	AWITNDLL:0.3333333333333333	CIIVDDGS:0.5	FKTAWITN:0.3333333333333333	VDDGSTDN:0.3333333333333333	IVDDGSTD:0.5	LTHRRIHD:0.25	ILTHRRIH:0.25	FECIIVDD:0.3333333333333333	TAWITNDL:0.3333333333333333	KTAWITND:0.3333333333333333	DDGSTDNT:0.5833333333333334	ECIIVDDG:0.5833333333333334	IIVDDGST:0.5	IDDGSTDN:0.25	WECIIVDD:0.25	
