cluster number:726
GT2:29	GT2:29
VGAPAARN:0.5172413793103449	APAARNWL:0.7586206896551724	VNVGAPAA:0.41379310344827586	NVGAPAAR:0.5172413793103449	PVNVGAPA:0.27586206896551724	LPVNVGAP:0.20689655172413793	GAPAARNW:0.7586206896551724	GCCHLFRT:0.3448275862068966	SVTGCCHL:0.5862068965517241	SPTQYDDL:0.20689655172413793	IGAPAARN:0.2413793103448276	TGCCHLFR:0.4827586206896552	VTGCCHLF:0.6206896551724138	DDLEHDLR:0.3793103448275862	NIGAPAAR:0.2413793103448276	QYDDLEHD:0.41379310344827586	AARNWLMH:0.27586206896551724	PAARNWLM:0.4827586206896552	YDDLEHDL:0.3448275862068966	ARNWLMHL:0.20689655172413793	VNIGAPAA:0.20689655172413793	GVWGCKVV:0.3793103448275862	VWGCKVVD:0.3103448275862069	PCASVTGC:0.41379310344827586	AGVWGCKV:0.4482758620689655	RPCASVTG:0.41379310344827586	PEAGVWGC:0.3793103448275862	EAGVWGCK:0.3103448275862069	VLDNGSTD:0.3103448275862069	RYPEAGVW:0.20689655172413793	YPEAGVWG:0.3448275862068966	CASVTGCC:0.3103448275862069	LLYSWNKA:0.27586206896551724	ASVTGCCH:0.3103448275862069	VLLYSWNK:0.20689655172413793	LSPSQYDD:0.3448275862068966	VSVTGCCH:0.20689655172413793	RPCVSVTG:0.2413793103448276	PCVSVTGC:0.2413793103448276	VRHKKRTG:0.20689655172413793	SPSQYDDL:0.3103448275862069	PSQYDDLE:0.3448275862068966	CVSVTGCC:0.20689655172413793	SQYDDLEH:0.3448275862068966	NALGNKYK:0.20689655172413793	ALGNKYKM:0.20689655172413793	LGNKYKMQ:0.20689655172413793	GNALGNKY:0.20689655172413793	
