cluster number:213
GT2:33	GT2:33|GT4:1
DNGSTDDS:0.5151515151515151	VIVVDNGS:0.5151515151515151	VVDNGSTD:0.9696969696969697	IVVDNGST:0.8484848484848485	VDNGSTDD:0.5151515151515151	NGSTDDSV:0.2727272727272727	PRRGITWA:0.21212121212121213	EPRRGITW:0.21212121212121213	EVIVVDNG:0.36363636363636365	YFSFFVRP:0.24242424242424243	SFFVRPHE:0.24242424242424243	GHYPIFGS:0.24242424242424243	MYFSFFVR:0.24242424242424243	HEDMYFSF:0.24242424242424243	FVRPHETV:0.24242424242424243	FVHEDMYF:0.24242424242424243	EDMYFSFF:0.24242424242424243	KQALGHYP:0.24242424242424243	IIVVDNGS:0.30303030303030304	VHEDMYFS:0.24242424242424243	ALGHYPIF:0.24242424242424243	TFVHEDMY:0.24242424242424243	LGHYPIFG:0.24242424242424243	VIPCLNDA:0.3333333333333333	GITWASAA:0.2727272727272727	HYPIFGSN:0.24242424242424243	RPHETVWF:0.24242424242424243	WASAAGYN:0.2727272727272727	DMYFSFFV:0.24242424242424243	VRPHETVW:0.24242424242424243	FFVRPHET:0.24242424242424243	FSFFVRPH:0.24242424242424243	ITWASAAG:0.2727272727272727	QALGHYPI:0.24242424242424243	TWASAAGY:0.2727272727272727	EIIVVDNG:0.21212121212121213	SISIVIPC:0.21212121212121213	ISIVIPCL:0.2727272727272727	RSISIVIP:0.21212121212121213	DNGSTDNS:0.3939393939393939	VDNGSTDN:0.42424242424242425	IVIPCLND:0.24242424242424243	SIVIPCLN:0.24242424242424243	YNSARGDL:0.21212121212121213	SARGDLIV:0.21212121212121213	AAGYNSAR:0.21212121212121213	IPCLNDAV:0.21212121212121213	NDAVLLEQ:0.21212121212121213	DLIVRFDA:0.21212121212121213	AVLLEQCL:0.21212121212121213	GARVVHEP:0.21212121212121213	RGDLIVRF:0.21212121212121213	ARVVHEPL:0.21212121212121213	ARGDLIVR:0.21212121212121213	RFDADCVI:0.21212121212121213	AGYNSARG:0.21212121212121213	EEVIVVDN:0.21212121212121213	MGARVVHE:0.21212121212121213	VRFDADCV:0.21212121212121213	PEEVIVVD:0.21212121212121213	GDLIVRFD:0.21212121212121213	QPEEVIVV:0.21212121212121213	DAVLLEQC:0.21212121212121213	LNDAVLLE:0.21212121212121213	IVRFDADC:0.21212121212121213	SAAGYNSA:0.21212121212121213	PCLNDAVL:0.21212121212121213	LIVRFDAD:0.21212121212121213	CLNDAVLL:0.21212121212121213	GYNSARGD:0.21212121212121213	ASAAGYNS:0.21212121212121213	NSARGDLI:0.21212121212121213	
