cluster number:583
GT2:19	GT2:19|GT0:1|GT4:1
LVVDGGST:0.2631578947368421	VVDGGSTD:0.3157894736842105	EYLVVDGG:0.2631578947368421	LEYLVVDG:0.2631578947368421	YLVVDGGS:0.2631578947368421	VAWLNSDD:0.21052631578947367	WLNSDDTY:0.3684210526315789	AWLNSDDT:0.2631578947368421	ITPSFNQG:0.2631578947368421	DAINKGLR:0.21052631578947367	SDAINKGF:0.3157894736842105	QSDAINKG:0.3684210526315789	ISEPDRGQ:0.21052631578947367	DRGQSDAI:0.21052631578947367	PDRGQSDA:0.21052631578947367	EPDRGQSD:0.21052631578947367	GQSDAINK:0.3684210526315789	RGQSDAIN:0.21052631578947367	SEPDRGQS:0.21052631578947367	MDYDLWLR:0.3684210526315789	ATFFRRDL:0.21052631578947367	WLRFARVA:0.21052631578947367	DYDLWLRF:0.2631578947368421	GARWCFGE:0.21052631578947367	PATFFRRD:0.21052631578947367	DLWLRFAR:0.2631578947368421	VFVPRPLA:0.21052631578947367	LWLRFARV:0.21052631578947367	AMDYDLWL:0.3157894736842105	YDLWLRFA:0.2631578947368421	QPATFFRR:0.2631578947368421	PVFVPRPL:0.21052631578947367	LRRYEGRL:0.21052631578947367	ARWCFGEC:0.21052631578947367	RRYEGRLR:0.21052631578947367	DDTYEPGA:0.21052631578947367	FAMDYDLW:0.21052631578947367	LRWISEPD:0.21052631578947367	LNSDDTYE:0.21052631578947367	NSDDTYEP:0.21052631578947367	SDDTYEPG:0.21052631578947367	RLRWISEP:0.21052631578947367	
