cluster number:2516
GT2:26	GT2:26
SGYRIVNR:0.4230769230769231	DYAIQLDA:0.2692307692307692	IIPAYNEE:0.6153846153846154	LDADGQHD:0.3076923076923077	TSGYRIVN:0.4230769230769231	DPTSGYRI:0.4230769230769231	PTSGYRIV:0.4230769230769231	YAIQLDAD:0.46153846153846156	QLDADGQH:0.46153846153846156	LIIIPAYN:0.23076923076923078	KITDPTSG:0.4230769230769231	DADGQHDP:0.34615384615384615	YDYAIQLD:0.2692307692307692	AIQLDADG:0.46153846153846156	TDPTSGYR:0.5384615384615384	GYRIVNRK:0.2692307692307692	DYIVINDG:0.3076923076923077	YIVINDGS:0.3076923076923077	YDYIVIND:0.3076923076923077	IQLDADGQ:0.46153846153846156	IIIPAYNE:0.23076923076923078	ITDPTSGY:0.46153846153846156	LKSLYYMT:0.2692307692307692	DLPVNLGI:0.38461538461538464	MQTGYRYA:0.38461538461538464	GGAMQTGY:0.5384615384615384	LDLPVNLG:0.3076923076923077	QTGYRYAL:0.2692307692307692	YPVDYPEV:0.34615384615384615	ITPLKSLY:0.2692307692307692	LPVNLGIG:0.46153846153846156	VNLGIGGA:0.4230769230769231	PVNLGIGG:0.46153846153846156	YYMTKVTF:0.3076923076923077	KKGYKIKE:0.23076923076923078	LGIGGAMQ:0.5769230769230769	SLYYMTKV:0.3076923076923077	ILVIIPAY:0.2692307692307692	IPAYNEEA:0.3076923076923077	PVDYPEVE:0.3076923076923077	DMVIGSRF:0.46153846153846156	DADGQHNP:0.23076923076923078	AKKGYKIK:0.23076923076923078	VIIPAYNE:0.46153846153846156	VDYPEVEV:0.2692307692307692	VINDGSTD:0.3076923076923077	NLGIGGAM:0.6923076923076923	GIGGAMQT:0.5769230769230769	PAYNEEAT:0.23076923076923078	LYYMTKVT:0.3076923076923077	INDGSTDR:0.23076923076923078	TPLKSLYY:0.2692307692307692	LVIIPAYN:0.46153846153846156	AMQTGYRY:0.38461538461538464	GAMQTGYR:0.38461538461538464	MVIGSRFV:0.34615384615384615	PLKSLYYM:0.2692307692307692	SSITPLKS:0.3076923076923077	AYNEEATI:0.23076923076923078	SITPLKSL:0.2692307692307692	LAKKGYKI:0.23076923076923078	IGGAMQTG:0.5769230769230769	NDGSTDRT:0.2692307692307692	IVINDGST:0.23076923076923078	KSLYYMTK:0.3076923076923077	VIGSRFVE:0.23076923076923078	IGSRFVEK:0.23076923076923078	GRSSITPL:0.23076923076923078	
