cluster number:1202
GT2:41	GT2:41
KRRNPFNH:0.5121951219512195	RRNPFNHM:0.5121951219512195	GFEDYYLW:0.6097560975609756	LVARMDTD:0.2682926829268293	NHMTVMFD:0.21951219512195122	YLWVRLLK:0.3902439024390244	NPFNHMTV:0.7317073170731707	YDKEKPEY:0.21951219512195122	FNHMTVMF:0.34146341463414637	DYYLWVRL:0.4146341463414634	EIVLVYDG:0.24390243902439024	IVLVYDGP:0.24390243902439024	PFNHMTVM:0.6341463414634146	SLYDKEKP:0.24390243902439024	RMDTDDIM:0.2682926829268293	ARMDTDDI:0.36585365853658536	FEDYYLWV:0.4146341463414634	HMTVMFDK:0.21951219512195122	LLSLYDKE:0.24390243902439024	RNPFNHMT:0.7560975609756098	LYDKEKPE:0.21951219512195122	DMYARRGG:0.3902439024390244	LSLYDKEK:0.24390243902439024	KRNPFNHM:0.24390243902439024	VLVYDGPI:0.24390243902439024	YYLWVRLL:0.4146341463414634	DKEKPEYL:0.21951219512195122	VARMDTDD:0.34146341463414637	EDYYLWVR:0.4878048780487805	LVYDGPIN:0.24390243902439024	NQGLGIAL:0.21951219512195122	SKRRNPFN:0.4146341463414634	FSKRRNPF:0.4146341463414634	CRNELIAR:0.24390243902439024	NVGLGKAL:0.21951219512195122	IARMDADD:0.24390243902439024	RNELIARM:0.24390243902439024	FNHMTVMY:0.2926829268292683	LIARMDAD:0.21951219512195122	NELIARMD:0.24390243902439024	
