cluster number:1179
GT2:12	GT2:12
TKTYIVGA:0.25	YKNFEIIV:0.25	VVDNGSTD:0.6666666666666666	TYKNFEII:0.25	IVGAANFA:0.25	IVVDNGST:0.6666666666666666	EIIVVDNG:0.3333333333333333	TYIVGAAN:0.25	NFEIIVVD:0.25	FTKTYIVG:0.25	GAANFAIK:0.25	KTYIVGAA:0.25	DNGSTDKS:0.25	KNFEIIVV:0.25	TCDADSIY:0.25	VDNGSTDK:0.3333333333333333	CDADSIYP:0.25	QTYKNFEI:0.25	IIVVDNGS:0.3333333333333333	YIVGAANF:0.25	VGAANFAI:0.25	IVPVLNEE:0.25	LIVVDNGS:0.4166666666666667	ELIVVDNG:0.4166666666666667	FELIVVDN:0.3333333333333333	
