cluster number:1493
GT2:14	GT2:14
NGFDMRYE:0.21428571428571427	FRKNRILN:0.2857142857142857	FIDGDCIP:0.35714285714285715	PAVGEDSD:0.21428571428571427	APAVGEDS:0.21428571428571427	YLIFIDGD:0.7857142857142857	SLIIAFYN:0.21428571428571427	KASLIIAF:0.21428571428571427	RYEAPAVG:0.21428571428571427	ASLIIAFY:0.21428571428571427	IFIDGDCI:0.35714285714285715	WHEDKGFR:0.21428571428571427	RKNRILNH:0.21428571428571427	MRYEAPAV:0.21428571428571427	EAPAVGED:0.21428571428571427	EDKGFRKN:0.21428571428571427	KNRILNHA:0.21428571428571427	HEDKGFRK:0.21428571428571427	KGFRKNRI:0.21428571428571427	GFRKNRIL:0.2857142857142857	GFDMRYEA:0.21428571428571427	EYLIFIDG:0.5	DKGFRKNR:0.21428571428571427	DMRYEAPA:0.21428571428571427	IIAFYNNT:0.21428571428571427	LIFIDGDC:0.7857142857142857	YEAPAVGE:0.21428571428571427	SEYLIFID:0.21428571428571427	LIIAFYNN:0.21428571428571427	FDMRYEAP:0.21428571428571427	VIIADDGS:0.35714285714285715	EVIIADDG:0.35714285714285715	IIADDGSK:0.2857142857142857	NFEVIIAD:0.21428571428571427	FEVIIADD:0.35714285714285715	IDGDCIPQ:0.21428571428571427	IFIDGDCV:0.35714285714285715	FIDGDCVP:0.21428571428571427	
