cluster number:2457
GT2:30	GT2:30
VVARMDAD:0.3333333333333333	PFNHPTVV:0.4666666666666667	ARMDADDI:0.6666666666666666	DVVARMDA:0.3333333333333333	FNHPTVVY:0.4	GAYARRGG:0.4	NHPTVVYR:0.4	VARMDADD:0.6666666666666666	HPTVVYRR:0.36666666666666664	HDVVARMD:0.26666666666666666	DDISLPER:0.4666666666666667	DADDISLP:0.6666666666666666	ADDISLPE:0.4666666666666667	DISLPERF:0.4	RMDADDIS:0.6	MDADDISL:0.5666666666666667	YWLFARMI:0.26666666666666666	EDYWLFAR:0.3	DYWLFARM:0.3	SLPERFAR:0.23333333333333334	AYARRGGV:0.23333333333333334	LDLVGTGM:0.2	ARFHDPFN:0.26666666666666666	VGTGMYEF:0.2	LPERFARQ:0.23333333333333334	PDEVVVVR:0.2	YARFHDPF:0.26666666666666666	YRVSAGAY:0.2	PERFARQL:0.26666666666666666	PLGLMEDY:0.2	EVVVVRDG:0.23333333333333334	ARRGGVAQ:0.2	RYARFHDP:0.23333333333333334	HDPFNHPT:0.3	FHDPFNHP:0.26666666666666666	DPLVMYRV:0.23333333333333334	YARRGGVA:0.2	ISLPERFA:0.26666666666666666	DEVVVVRD:0.2	LVGTGMYE:0.2	RFHDPFNH:0.26666666666666666	FSLLLPVY:0.26666666666666666	GLDLVGTG:0.2	DPFNHPTV:0.43333333333333335	LRPDEVVV:0.2	VVVRDGPV:0.26666666666666666	AGAYARRG:0.3333333333333333	VVVVRDGP:0.23333333333333334	RPDEVVVV:0.2	PDPLVMYR:0.2	MEDYWLFA:0.26666666666666666	LMEDYWLF:0.3	IVARMDAD:0.2	DIVARMDA:0.2	
