cluster number:1356
GT2:18	GT2:18
VRTVLRGL:0.2222222222222222	KVRTVLRG:0.3333333333333333	SFFAARKE:0.2777777777777778	SLVGLSGS:0.2222222222222222	SGSFFAAR:0.6666666666666666	LVGLSGSF:0.7222222222222222	RIREKLEN:0.2222222222222222	RKVRTVLR:0.3333333333333333	YVRYEMWL:0.3333333333333333	DVLVFSDV:0.2222222222222222	AYVRYEMW:0.2222222222222222	EGAYVRYE:0.2777777777777778	LVFSDVAT:0.3888888888888889	FAARKEVC:0.3333333333333333	FFAARKEV:0.2777777777777778	GAYVRYEM:0.2777777777777778	VRYEMWLR:0.3333333333333333	LSGSFFAA:0.6666666666666666	VASDGSTD:0.2777777777777778	VGLSGSFF:0.7777777777777778	GDVLVFSD:0.2777777777777778	GSFFAARK:0.4444444444444444	GLSGSFFA:0.7222222222222222	GEGAYVRY:0.2777777777777778	VGCVSSVD:0.2222222222222222	VKYEMWLR:0.3888888888888889	YVKYEMWL:0.3888888888888889	RLGKENAQ:0.2777777777777778	AGLVGLSG:0.3333333333333333	GLVGLSGS:0.4444444444444444	PSDFNTAL:0.5	VTAPDVLG:0.3333333333333333	AVTAPDVL:0.3333333333333333	SPSDFNTA:0.5	PYFFVQVN:0.2222222222222222	EYQRKVRT:0.3333333333333333	IPYFFVQV:0.2222222222222222	GAYVKYEM:0.3333333333333333	EGAYVKYE:0.3333333333333333	GEGAYVKY:0.3333333333333333	AYVKYEMW:0.2777777777777778	ILVFSDVA:0.2222222222222222	SDFNTALN:0.3888888888888889	GAVSSEDR:0.3888888888888889	WDIHSPSD:0.2222222222222222	AVSSEDRF:0.3888888888888889	IHSPSDFN:0.2222222222222222	RMTVWTPS:0.2222222222222222	VSSEDRFI:0.3333333333333333	FFVQVNLA:0.2222222222222222	SSEDRFIS:0.2777777777777778	YFFVQVNL:0.2222222222222222	DIHSPSDF:0.2222222222222222	MRWAVPWF:0.2777777777777778	VGAVSSED:0.3333333333333333	HSPSDFNT:0.2222222222222222	KEYQRKVR:0.2777777777777778	AGEGAYVK:0.2222222222222222	APDVLGFY:0.2222222222222222	
