cluster number:752
GT2:17	GT2:17
VGGAVRTG:0.4117647058823529	VVVVDDGS:0.5882352941176471	FNTGVGGA:0.4117647058823529	AVEQTLEA:0.23529411764705882	VDADGQHD:0.47058823529411764	VEQTLEAA:0.23529411764705882	AVRTGYRY:0.23529411764705882	DVTSGFRV:0.47058823529411764	VVDDGSTD:0.4117647058823529	EVVVVDDG:0.5294117647058824	HWAVEQTL:0.47058823529411764	SDKHWAVE:0.23529411764705882	SGFRVYRV:0.47058823529411764	TDVTSGFR:0.47058823529411764	LYPLRMTD:0.47058823529411764	DFVVQVDA:0.4117647058823529	VLYPLRMT:0.35294117647058826	GAVRTGYR:0.23529411764705882	NTGVGGAV:0.4117647058823529	GFRVYRVS:0.35294117647058826	DADGQHDP:0.5294117647058824	TSGFRVYR:0.47058823529411764	VRTGYRYA:0.23529411764705882	IGSRYLNE:0.47058823529411764	KHWAVEQT:0.23529411764705882	VDEVVVVD:0.35294117647058826	VVVDDGST:0.4117647058823529	VQVDADGQ:0.4117647058823529	DYDFVVQV:0.23529411764705882	VTSGFRVY:0.47058823529411764	DDGSTDET:0.23529411764705882	VIGSRYLN:0.47058823529411764	GSRYLNES:0.47058823529411764	YDFVVQVD:0.29411764705882354	TGVGGAVR:0.4117647058823529	MVIGSRYL:0.47058823529411764	VDDGSTDE:0.23529411764705882	GVGGAVRT:0.4117647058823529	ADMVIGSR:0.4117647058823529	RTGYRYAI:0.23529411764705882	ITDVTSGF:0.35294117647058826	QVDADGQH:0.4117647058823529	GGAVRTGY:0.4117647058823529	VVQVDADG:0.4117647058823529	FVVQVDAD:0.4117647058823529	YVDEVVVV:0.23529411764705882	WAVEQTLE:0.23529411764705882	DKHWAVEQ:0.23529411764705882	DEVVVVDD:0.35294117647058826	DMVIGSRY:0.4117647058823529	EGESQFSL:0.23529411764705882	AVEQTLDA:0.23529411764705882	SLDTLVLY:0.23529411764705882	HVFNTGVG:0.29411764705882354	DNHWAVEQ:0.23529411764705882	RLGITFFT:0.23529411764705882	ESQFSLDT:0.23529411764705882	QFSLDTLV:0.23529411764705882	RSDNHWAV:0.23529411764705882	LRMTDTVF:0.23529411764705882	LHRSDNHW:0.23529411764705882	LDTLVLYP:0.23529411764705882	ITFFTTVV:0.23529411764705882	MRTVAVIP:0.29411764705882354	DEGESQFS:0.23529411764705882	SQFSLDTL:0.23529411764705882	LGGIDITD:0.23529411764705882	DDGSSDDT:0.29411764705882354	FTTVVRKL:0.23529411764705882	DADMVIGS:0.29411764705882354	SDNHWAVE:0.23529411764705882	TFFTTVVR:0.23529411764705882	FFTTVVRK:0.23529411764705882	TLDAAQRG:0.23529411764705882	ILHRSDNH:0.23529411764705882	GIDITDVT:0.23529411764705882	NHWAVEQT:0.23529411764705882	PIRDEGES:0.23529411764705882	RDEGESQF:0.23529411764705882	GESQFSLD:0.23529411764705882	VAVIPAYN:0.29411764705882354	WAVEQTLD:0.23529411764705882	TVAVIPAY:0.29411764705882354	DITDVTSG:0.23529411764705882	VVDDGSSD:0.23529411764705882	RMTDTVFR:0.23529411764705882	DGSSDDTA:0.29411764705882354	IRDEGESQ:0.23529411764705882	EQTLDAAQ:0.23529411764705882	TVVRKLGG:0.23529411764705882	GITFFTTV:0.23529411764705882	RKLGGIDI:0.29411764705882354	VFNTGVGG:0.29411764705882354	DTVFRVLL:0.23529411764705882	DILHRSDN:0.23529411764705882	TLVLYPLR:0.23529411764705882	VFRVLLFR:0.23529411764705882	PLRMTDTV:0.23529411764705882	AEDADMVI:0.29411764705882354	TDTVFRVL:0.23529411764705882	HRSDNHWA:0.23529411764705882	YPLRMTDT:0.23529411764705882	IDITDVTS:0.23529411764705882	MPIRDEGE:0.23529411764705882	VVRKLGGI:0.23529411764705882	LVLYPLRM:0.23529411764705882	SRYLNESI:0.23529411764705882	GGIDITDV:0.23529411764705882	ADGQHDPE:0.23529411764705882	RVYRVSAL:0.23529411764705882	TTVVRKLG:0.23529411764705882	LGITFFTT:0.23529411764705882	MTDTVFRV:0.23529411764705882	AVIPAYNE:0.29411764705882354	VDDGSSDD:0.23529411764705882	RTVAVIPA:0.29411764705882354	GSSDDTAA:0.29411764705882354	VRKLGGID:0.23529411764705882	VEQTLDAA:0.23529411764705882	KLGGIDIT:0.29411764705882354	TVFRVLLF:0.23529411764705882	QTLDAAQR:0.23529411764705882	RRLGITFF:0.23529411764705882	EDADMVIG:0.29411764705882354	DTLVLYPL:0.23529411764705882	FSLDTLVL:0.23529411764705882	FRVYRVSA:0.23529411764705882	DGSTDGTP:0.23529411764705882	VDDGSTDG:0.23529411764705882	DDGSTDGT:0.23529411764705882	
