cluster number:1566
GT2:11	GT2:11
DSWWAPGD:0.2727272727272727	PGDLARAV:0.2727272727272727	PVVRFPGE:0.2727272727272727	DLAAAGWG:0.2727272727272727	DDSWWAPG:0.5454545454545454	APGDLARA:0.2727272727272727	VLVDNAST:0.2727272727272727	DDDSWWAP:0.5454545454545454	WWAPGDLA:0.2727272727272727	VVLVDNAS:0.36363636363636365	AVGGFDPV:0.2727272727272727	VVASRNRR:0.36363636363636365	SWWAPGDL:0.2727272727272727	LDLAAAGW:0.2727272727272727	RFPGEEER:0.5454545454545454	AHPRLALL:0.2727272727272727	VRFPGEEE:0.36363636363636365	WAPGDLAR:0.2727272727272727	GFDPVVRF:0.2727272727272727	FDPVVRFP:0.2727272727272727	DPVVRFPG:0.2727272727272727	VDNASTDG:0.36363636363636365	GGFDPVVR:0.2727272727272727	VVRFPGEE:0.36363636363636365	DNASTDGT:0.36363636363636365	VGGFDPVV:0.36363636363636365	LVDNASTD:0.2727272727272727	AFADDDSW:0.6363636363636364	VVVASRNR:0.2727272727272727	TVVVASRN:0.2727272727272727	VGPEERLD:0.2727272727272727	FADDDSWW:0.6363636363636364	FPGEEERV:0.36363636363636365	LVGPEERL:0.2727272727272727	ADDDSWWA:0.45454545454545453	EERVALDL:0.36363636363636365	VTVVVASR:0.2727272727272727	EEERVALD:0.36363636363636365	PGEEERVA:0.36363636363636365	SPLGTAPD:0.2727272727272727	GEEERVAL:0.36363636363636365	VAFADDDS:0.7272727272727273	RSRLLTAV:0.2727272727272727	PGPALLGF:0.2727272727272727	LVAFADDD:0.2727272727272727	VIVVDNAS:0.2727272727272727	PVIVVDNA:0.2727272727272727	VGCGAIVR:0.2727272727272727	VAHHHPSP:0.2727272727272727	GCGAIVRR:0.2727272727272727	LLGFVGCG:0.2727272727272727	GFVGCGAI:0.2727272727272727	FVGCGAIV:0.2727272727272727	APVIVVDN:0.2727272727272727	LGFVGCGA:0.2727272727272727	PYVAFADD:0.36363636363636365	TPYVAFAD:0.36363636363636365	YVAFADDD:0.36363636363636365	TVVVATRN:0.2727272727272727	VVVATRNR:0.2727272727272727	VVATRNRR:0.2727272727272727	
