cluster number:2440
GT2:65	GT2:65
VNDNSTDK:0.2153846153846154	TVDELLCK:0.2	DTVDELLC:0.2153846153846154	YKQGEAFY:0.3230769230769231	KPTGANYN:0.26153846153846155	LPGSKVIQ:0.2	IHLPGSKV:0.2153846153846154	IVIPAHNE:0.4461538461538462	LKPTGANY:0.3076923076923077	GSKVIQAF:0.24615384615384617	NDNSTDKT:0.23076923076923078	WDTVDELL:0.47692307692307695	HLKPTGAN:0.3076923076923077	VVNDNSTD:0.38461538461538464	YIVIPAHN:0.38461538461538464	RYKQGEAF:0.27692307692307694	VVVVNDNS:0.24615384615384617	LHVKHLKP:0.4307692307692308	AMGWDTVD:0.27692307692307694	GWDTVDEL:0.47692307692307695	PAMGWDTV:0.23076923076923078	PGSKVIQA:0.27692307692307694	SLHVKHLK:0.23076923076923078	VKHLKPTG:0.7538461538461538	HLPGSKVI:0.2923076923076923	MGWDTVDE:0.47692307692307695	KHLKPTGA:0.4461538461538462	HVKHLKPT:0.4307692307692308	VVVNDNST:0.3384615384615385	DHIRGALK:0.6	KDHIRGAL:0.5076923076923077	NLTDKDHI:0.27692307692307694	IRGALKAY:0.5846153846153846	LTDKDHIR:0.27692307692307694	ALKAYRKE:0.2	ARYKQGEA:0.2153846153846154	ENLTDKDH:0.27692307692307694	LENLTDKD:0.26153846153846155	RGALKAYR:0.5230769230769231	GALKAYRK:0.46153846153846156	HIRGALKA:0.5846153846153846	DKDHIRGA:0.27692307692307694	TDKDHIRG:0.27692307692307694	CKFDADLI:0.47692307692307695	FDADLIFP:0.46153846153846156	ICKFDADL:0.3384615384615385	DTVDELLA:0.24615384615384617	KFDADLIF:0.47692307692307695	IIIPAHNE:0.2153846153846154	LKPAMGWD:0.3230769230769231	KPAMGWDT:0.3230769230769231	PTGANYNK:0.2	KIINAFYK:0.2	IINAFYKG:0.2	
