cluster number:2096
GT2:15	GT2:15
AVFGSRML:0.2	LDIVVLLH:0.3333333333333333	NFGHWYPR:0.26666666666666666	RIGILVVA:0.2	YAPELLPE:0.2	DAVFGSRM:0.26666666666666666	PNFGHWYP:0.26666666666666666	HSGYRAYR:0.3333333333333333	ELLPEMVA:0.2	FDFDTQII:0.26666666666666666	GQYAPELL:0.2	LLHGDGQY:0.6	YDRRGILD:0.2	HLRFFTRS:0.2	GDGQYAPE:0.6666666666666666	PELLPEMV:0.2	SEWHSGYR:0.2	VLLHGDGQ:0.4666666666666667	HGDGQYAP:0.6666666666666666	EWHSGYRA:0.26666666666666666	LSEWHSGY:0.2	NLGYGGNQ:0.4666666666666667	THLRFFTR:0.3333333333333333	SVPNFGHW:0.3333333333333333	DEICYVNG:0.4666666666666667	DGQYAPEL:0.2	GILVVAYN:0.2	WHSGYRAY:0.26666666666666666	IGILVVAY:0.2	PRIGILVV:0.2	ILVVAYNA:0.2	LLPEMVAP:0.2	GDEICYVN:0.4666666666666667	IVVLLHGD:0.4	VPNFGHWY:0.3333333333333333	VVLLHGDG:0.4666666666666667	YGDEICYV:0.5333333333333333	KGGMPLYK:0.26666666666666666	GNRILTRF:0.2	DIVVLLHG:0.4	LGYGGNQK:0.4666666666666667	QYAPELLP:0.2	LHGDGQYA:0.6	APELLPEM:0.2	SGYRAYSV:0.2	EILILDDA:0.2	GLDIVVLL:0.26666666666666666	LTEFHSGY:0.3333333333333333	YGGNQKAG:0.3333333333333333	ILDETHLR:0.2	AVFGSRMM:0.4	HSGYRAYS:0.2	KNLGYGGN:0.3333333333333333	EICYVNGL:0.26666666666666666	ILILDDAS:0.2	EGDGSSHS:0.2	TEFHSGYR:0.3333333333333333	TYYGDEIC:0.4666666666666667	KEGDGSSH:0.2	FHSGYRAY:0.3333333333333333	TKNLGYGG:0.2	GILDETHL:0.2	GYGGNQKA:0.3333333333333333	RHTKNLGY:0.2	FKEGDGSS:0.2	EAVFGSRM:0.26666666666666666	HTKNLGYG:0.2	AYNAESTL:0.2	EFHSGYRA:0.4	LDDASSDG:0.2	VAYNAEST:0.26666666666666666	YYGDEICY:0.4	GGNQKAGY:0.3333333333333333	VVAYNAES:0.2	DDASSDGT:0.2	LDETHLRF:0.2	DVLEYRLA:0.2	LVVAYNAE:0.26666666666666666	PTYYGDEI:0.5333333333333333	ETHLRFFT:0.2	DETHLRFF:0.2	SEFHSGYR:0.26666666666666666	FDTEIIIQ:0.26666666666666666	LSEFHSGY:0.26666666666666666	SGYRAYRT:0.2	PIPTYYGD:0.4666666666666667	VPIPTYYG:0.26666666666666666	IPTYYGDE:0.4666666666666667	EVPIPTYY:0.26666666666666666	GVLVVAYN:0.2	VLVVAYNA:0.2	FVGNKILT:0.2	KFVGNKIL:0.2	YKFVGNKI:0.2	LKGGMPLY:0.2	DGQYAPEV:0.2	DFHFDTEI:0.26666666666666666	RPIPTYYG:0.2	NQGYGGNQ:0.2	QGYGGNQK:0.2	HFDTEIII:0.26666666666666666	FHFDTEII:0.26666666666666666	ERPIPTYY:0.2	
