cluster number:2521
GT2:7	GT2:7
RILQRLYR:0.2857142857142857	GRGITTFK:0.2857142857142857	RYYLGRGI:0.42857142857142855	DWEAIIVI:0.2857142857142857	DWYVRLSD:0.42857142857142855	YSHWDAGD:0.42857142857142855	RLTRDDAY:0.2857142857142857	QDWRILQR:0.2857142857142857	RLLEMLFG:0.2857142857142857	GTHLARKS:0.42857142857142855	TTFKPMSK:0.2857142857142857	DWRILQRL:0.2857142857142857	AYSHWDAG:0.42857142857142855	RLGRGQDS:0.2857142857142857	TFKPMSKQ:0.2857142857142857	IATELMRL:0.2857142857142857	SNRDLPTL:0.2857142857142857	FLDADDEL:0.2857142857142857	YRYYLGRG:0.42857142857142855	LHFGTELF:0.42857142857142855	WRILQRLY:0.2857142857142857	EMLFGDWY:0.42857142857142855	HLARKSGV:0.42857142857142855	RRLLEMLF:0.2857142857142857	EGTHLARK:0.42857142857142855	EWLVIASL:0.42857142857142855	LSNRDLPT:0.2857142857142857	SRLGRGQD:0.2857142857142857	TRDDAYSH:0.2857142857142857	GDWYVRLS:0.42857142857142855	FDVLHFGT:0.2857142857142857	NEGTHLAR:0.42857142857142855	SFDVLHFG:0.2857142857142857	HRQDWRIL:0.2857142857142857	DAYSHWDA:0.42857142857142855	RDDAYSHW:0.42857142857142855	YEWLVIAS:0.42857142857142855	LMRLTRDD:0.2857142857142857	RQDWRILQ:0.2857142857142857	IGYRYYLG:0.2857142857142857	IVIDASPD:0.42857142857142855	ITTFKPMS:0.2857142857142857	GITTFKPM:0.2857142857142857	YLGRGITT:0.42857142857142855	RGITTFKP:0.2857142857142857	LFLDADDE:0.2857142857142857	SYEWLVIA:0.42857142857142855	DVLHFGTE:0.2857142857142857	FGDWYVRL:0.42857142857142855	ILQRLYRT:0.2857142857142857	LFGDWYVR:0.42857142857142855	DILRLSNR:0.2857142857142857	GQDSYEWL:0.2857142857142857	QDSYEWLV:0.2857142857142857	VIASLANT:0.2857142857142857	ELMRLTRD:0.2857142857142857	IIVIDASP:0.2857142857142857	LEMLFGDW:0.2857142857142857	LGRGITTF:0.42857142857142855	GRGQDSYE:0.2857142857142857	HFGTELFG:0.42857142857142855	LARKSGVE:0.2857142857142857	FGTELFGE:0.2857142857142857	IASLANTE:0.2857142857142857	TELMRLTR:0.2857142857142857	MRLTRDDA:0.2857142857142857	RGQDSYEW:0.2857142857142857	YYLGRGIT:0.42857142857142855	QSFDVLHF:0.2857142857142857	LTRDDAYS:0.2857142857142857	THLARKSG:0.42857142857142855	NRDLPTLH:0.2857142857142857	ATELMRLT:0.2857142857142857	MLFGDWYV:0.42857142857142855	EIAFSSFT:0.2857142857142857	DSYEWLVI:0.42857142857142855	WLVIASLA:0.42857142857142855	VLHFGTEL:0.2857142857142857	DDAYSHWD:0.42857142857142855	LLEMLFGD:0.2857142857142857	LVIASLAN:0.2857142857142857	LGRGQDSY:0.2857142857142857	GYRYYLGR:0.2857142857142857	WEAIIVID:0.2857142857142857	YVRLSDKD:0.2857142857142857	VRLSDKDK:0.2857142857142857	WYVRLSDK:0.2857142857142857	IDDDSLMY:0.2857142857142857	FLIDDDSL:0.2857142857142857	QQTLPPQE:0.2857142857142857	LPPQEIIV:0.2857142857142857	LIDDDSLM:0.2857142857142857	TLPPQEII:0.2857142857142857	DDDSLMYP:0.2857142857142857	QTLPPQEI:0.2857142857142857	DILFLIDD:0.2857142857142857	QRNQGIDL:0.2857142857142857	LLRALNAR:0.2857142857142857	MYPDCAEE:0.42857142857142855	PDCAEEIM:0.42857142857142855	DCAEEIMR:0.2857142857142857	GLVIATYK:0.2857142857142857	RNQGIDLA:0.2857142857142857	LFLIDDDS:0.2857142857142857	LRALNARI:0.2857142857142857	VIATYKRE:0.2857142857142857	YPDCAEEI:0.42857142857142855	ILFLIDDD:0.2857142857142857	NQGIDLAT:0.2857142857142857	LVIATYKR:0.2857142857142857	FMYPDCAE:0.2857142857142857	
