cluster number:1989
GT2:30	GT2:30
AAAMYSRR:0.5	DHSLVDST:0.2	HSLVDSTG:0.2	ATGKLLLK:0.3333333333333333	SATGKLLL:0.4	RRISYINR:0.3333333333333333	DSTGLRMN:0.4	SLVDSTGL:0.2	RYKMIYKN:0.4	NNKTVSVH:0.23333333333333334	FAPAHNQA:0.5	AAMYSRRM:0.5	FDADFFAY:0.43333333333333335	AEAIGYHE:0.26666666666666666	NKTVSVHI:0.23333333333333334	INRYKMIY:0.4	TVSVHIVT:0.43333333333333335	AMYSRRMI:0.5	LVLNPDLT:0.36666666666666664	LRMNRARR:0.2	FFAYKEDV:0.8	DADFFAYK:0.43333333333333335	LVDSTGLR:0.26666666666666666	YVLVLNPD:0.6	ADHSLVDS:0.2	FFDADFFA:0.43333333333333335	FIRRISYI:0.3333333333333333	DYVLVLNP:0.6	MYSRRMIE:0.4	DTDYVLVL:0.2	SYINRYKM:0.6	KEDVDVAW:0.7	EDVDVAWR:0.7	YINRYKMI:0.5333333333333333	IVVVDNAS:0.3	VFGVSGAA:0.7666666666666667	RISYINRY:0.43333333333333335	GFAPAHNQ:0.5	TGLRMNRA:0.2	GKLLLKAD:0.26666666666666666	KLLLKADH:0.23333333333333334	IGSATGKL:0.5333333333333333	NRYKMIYK:0.4	MNRARRAF:0.2	RARRAFDR:0.2	IRRISYIN:0.3333333333333333	VDSTGLRM:0.43333333333333335	AIGYHERG:0.4	FGVSGAAA:0.8666666666666667	RRAFDRGA:0.5	RMNRARRA:0.2	YSRRMIED:0.23333333333333334	GAAAMYSR:0.5	NRARRAFD:0.2	ARRAFDRG:0.5	DFFAYKED:0.6	MFIRRISY:0.2	ISYINRYK:0.43333333333333335	GVSGAAAM:0.5666666666666667	FAYKEDVD:0.8333333333333334	GYHERGWK:0.5	STGLRMNR:0.23333333333333334	DVDVAWRA:0.6333333333333333	YKEDVDVA:0.7	VSGAAAMY:0.5666666666666667	IGYHERGW:0.4	ADFFAYKE:0.43333333333333335	TGKLLLKA:0.26666666666666666	VDNASTDG:0.23333333333333334	KMIYKNEP:0.2	KTVSVHIV:0.3333333333333333	SGAAAMYS:0.5	GEFFDADF:0.43333333333333335	EAIGYHER:0.26666666666666666	YKMIYKNE:0.36666666666666664	AYKEDVDV:0.7333333333333333	TGFAPAHN:0.4666666666666667	GSATGKLL:0.5333333333333333	VLVLNPDL:0.3333333333333333	VLNPDLTL:0.36666666666666664	GLRMNRAR:0.2	RAFDRGAG:0.5333333333333333	NTGFAPAH:0.4666666666666667	EFFDADFF:0.43333333333333335	TDYVLVLN:0.4	AFDRGAGE:0.5	APAHNQAI:0.4666666666666667	LNPDLTLA:0.26666666666666666	VSVHIVTY:0.4666666666666667	YHERGWKT:0.36666666666666664	RGAGEPAE:0.2	PYEIAAHG:0.26666666666666666	GWKTSGRS:0.2	AHNQAIAA:0.26666666666666666	DAEAIGYH:0.23333333333333334	VHIVTYNS:0.5666666666666667	PQIGSATG:0.2	HERGWKTS:0.36666666666666664	LPYEIAAH:0.26666666666666666	ERGWKTSG:0.3333333333333333	FDRGAGEP:0.4	SLPYEIAA:0.3	VDVAWRAQ:0.2	DRGAGEPA:0.36666666666666664	YEIAAHGY:0.26666666666666666	SVDGEFFD:0.2	AAHGYMLL:0.26666666666666666	GYMLLREP:0.2	YYDAEAIG:0.2	QIGSATGK:0.23333333333333334	SVHIVTYN:0.5	RGWKTSGR:0.3333333333333333	PAHNQAIA:0.43333333333333335	VVDNASSD:0.23333333333333334	YDAEAIGY:0.23333333333333334	VLVLNPDV:0.3	DLTLAPDY:0.23333333333333334	HIVTYNSA:0.4	APDYVSRL:0.2	TYNSADDI:0.3	PDLTLAPD:0.23333333333333334	LAPDYVSR:0.2	YNSADDII:0.23333333333333334	NPDLTLAP:0.23333333333333334	VTYNSADD:0.3	IVTYNSAD:0.3	EVFGVSGA:0.36666666666666664	GEVFGVSG:0.2	NKARRAFD:0.23333333333333334	KARRAFDR:0.23333333333333334	
