cluster number:1840
GT2:14	GT2:14
RWLQRPYG:0.2857142857142857	LSVVIPTL:0.2857142857142857	LLADLQRW:0.5714285714285714	LMEDLDLV:0.7142857142857143	ASRLPLLL:0.21428571428571427	WRNARLRW:0.21428571428571427	LVLHADSR:0.42857142857142855	ARLRWLWR:0.21428571428571427	LLLADLQR:0.5	EASRLPLL:0.21428571428571427	SVVIPTLE:0.21428571428571427	WVLVLHAD:0.21428571428571427	WLQRPYGD:0.5	RSRWLQRP:0.2857142857142857	HAWVLVLH:0.21428571428571427	LPLLLADL:0.7142857142857143	AWVLVLHA:0.21428571428571427	MAGLSVVI:0.2857142857142857	ALMEDLDL:0.2857142857142857	PLALMEDL:0.2857142857142857	LQRPYGDQ:0.5	YRPLALME:0.21428571428571427	SRWLQRPY:0.2857142857142857	VVIPTLEE:0.21428571428571427	DQGLLIHR:0.5714285714285714	RPYGDQGL:0.6428571428571429	EDLDLVER:0.35714285714285715	VIPTLEEA:0.21428571428571427	YGDQGLLI:0.9285714285714286	VLHADSRL:0.5	HADSRLPS:0.21428571428571427	AGLSVVIP:0.2857142857142857	LHADSRLP:0.7142857142857143	GYRPLALM:0.21428571428571427	LALMEDLD:0.2857142857142857	QRPYGDQG:0.6428571428571429	RNARLRWL:0.21428571428571427	RLPLLLAD:0.5714285714285714	GGYRPLAL:0.21428571428571427	DLDLVERL:0.2857142857142857	RPLALMED:0.21428571428571427	PLLLADLQ:0.5714285714285714	VLVLHADS:0.21428571428571427	SRLPLLLA:0.2857142857142857	GLSVVIPT:0.21428571428571427	IPTLEEAS:0.21428571428571427	MEDLDLVE:0.35714285714285715	NARLRWLW:0.21428571428571427	PTLEEASR:0.21428571428571427	PYGDQGLL:1.0	LRSRWLQR:0.2857142857142857	GDQGLLIH:0.6428571428571429	LYERVGGY:0.21428571428571427	AWRNARLR:0.21428571428571427	LDLVERLS:0.21428571428571427	LADLQRWP:0.5	YERVGGYR:0.21428571428571427	LSVVIPCL:0.21428571428571427	FLHADSRL:0.35714285714285715	DLDLVQRL:0.42857142857142855	LLFLHADS:0.21428571428571427	GLLIHRSL:0.21428571428571427	LLIHRSLY:0.21428571428571427	EDLDLVQR:0.42857142857142855	LFLHADSR:0.21428571428571427	WLLFLHAD:0.21428571428571427	GRQLAAGA:0.21428571428571427	LIHRSLYE:0.21428571428571427	GRGRQLAA:0.21428571428571427	LDLVQRLS:0.2857142857142857	MEDLDLVQ:0.42857142857142855	RGRQLAAG:0.21428571428571427	ERLPLLLA:0.21428571428571427	SVVIPCLN:0.21428571428571427	RQLAAGAR:0.21428571428571427	VVIPCLNE:0.21428571428571427	QGLLIHRS:0.21428571428571427	IHRSLYER:0.21428571428571427	PLLLADLA:0.21428571428571427	HADSRLPP:0.21428571428571427	PLMEDLDL:0.42857142857142855	PIPLMEDL:0.2857142857142857	IPLMEDLD:0.2857142857142857	NAQLRRRW:0.21428571428571427	
