cluster number:2122
GT2:27	GT2:27
WTDPEKLQ:0.25925925925925924	CCITYNHE:0.2222222222222222	VHAAEKVS:0.2222222222222222	FEILIHDD:0.25925925925925924	YWTDPEKL:0.2222222222222222	IKPIYQTE:0.2222222222222222	MCVHAAEK:0.2222222222222222	FIAEALDS:0.2962962962962963	STDRTADI:0.4074074074074074	VCEGDDYW:0.25925925925925924	IYQTENQY:0.2962962962962963	ILIHDDAS:0.5185185185185185	ASTDRTAD:0.4074074074074074	TDRTADII:0.4074074074074074	AVCEGDDY:0.25925925925925924	MAAYRVEV:0.2222222222222222	LIHDDAST:0.48148148148148145	EGDDYWTD:0.6666666666666666	HDDASTDR:0.5925925925925926	EEVIEGGG:0.25925925925925924	CSMCVHAA:0.25925925925925924	YQTENQYS:0.2962962962962963	HAAEKVSA:0.2222222222222222	KPIYQTEN:0.2962962962962963	EILIHDDA:0.5185185185185185	GDDYWTDP:0.48148148148148145	SVEEVIEG:0.25925925925925924	SMCVHAAE:0.25925925925925924	IHDDASTD:0.5555555555555556	VEEVIEGG:0.25925925925925924	DDASTDRT:0.5555555555555556	CVHAAEKV:0.2222222222222222	ECSMCVHA:0.2222222222222222	DYWTDPEK:0.2222222222222222	DRTADIIR:0.37037037037037035	NATIGDYP:0.2222222222222222	CEGDDYWT:0.5925925925925926	PIYQTENQ:0.2962962962962963	DDYWTDPE:0.2222222222222222	DASTDRTA:0.5185185185185185	ALCEGDDY:0.25925925925925924	IALCEGDD:0.25925925925925924	LCEGDDYW:0.2962962962962963	ICCITYNH:0.2222222222222222	YIALCEGD:0.25925925925925924	ITYNHEKY:0.25925925925925924	SICCITYN:0.2222222222222222	TYNHEKYI:0.2962962962962963	
