cluster number:981
GT2:18	GT2:18|GT4:17
ENDFCMRA:0.8888888888888888	GTPQTNRD:0.3333333333333333	EENDFCMR:0.8888888888888888	VIPHGRNF:0.2222222222222222	YGEENDFC:0.8888888888888888	SFHDFYTI:0.2222222222222222	FHVIPHGR:0.2777777777777778	VVFSFHDF:0.3333333333333333	TWCHTLTE:0.2222222222222222	TPQTNRDL:0.3333333333333333	ILVPGNIS:0.2777777777777778	GYGEENDF:0.9444444444444444	RILVPGNI:0.4444444444444444	PQTNRDLM:0.3333333333333333	VFSFHDFY:0.3888888888888889	GEENDFCM:0.8888888888888888	ETWCHTLT:0.2222222222222222	GGTPQTNR:0.3333333333333333	TGGTPQTN:0.7777777777777778	FSFHDFYT:0.3888888888888889	LGLPVLAS:0.2222222222222222	VTAMSDRA:0.4444444444444444	SIWDETYC:0.3333333333333333	GFCMFVNR:0.2222222222222222	DDRTYVFH:0.3333333333333333	PTGNGFCM:0.7777777777777778	HDRSKSFG:0.4444444444444444	YCHTLTEL:0.2777777777777778	AGAFSAPN:0.2222222222222222	VVATQTGG:0.2222222222222222	QTGGTPQT:0.3333333333333333	LLNSDARV:0.5555555555555556	VFHDRSKS:0.4444444444444444	EAFPRGYG:0.3888888888888889	FSAPNIGN:0.2222222222222222	VATQTGGT:0.2222222222222222	TQTGGTPQ:0.3333333333333333	VLSIWDET:0.2222222222222222	GPLDAEAF:0.2222222222222222	NGFCMFVN:0.2222222222222222	SRPRVATV:0.2222222222222222	ETYCHTLT:0.4444444444444444	NRACIDEI:0.2222222222222222	RVATVTAM:0.2222222222222222	AFSAPNIG:0.2222222222222222	VNRACIDE:0.2222222222222222	DARVTPGW:0.3888888888888889	HIRHLAWH:0.3333333333333333	AFPRGYGE:0.7777777777777778	DRTYVFHD:0.2777777777777778	IWDETYCH:0.3333333333333333	YVFHDRSK:0.4444444444444444	CHTLTELW:0.4444444444444444	WDETYCHT:0.3333333333333333	VFDFPTVA:0.2222222222222222	PRVATVTA:0.2222222222222222	TYVFHDRS:0.4444444444444444	AMSDRAGA:0.4444444444444444	IRHLAWHS:0.2777777777777778	GLPVLASD:0.2222222222222222	GNGFCMFV:0.2222222222222222	FCMFVNRA:0.2222222222222222	RGYGEEND:0.8333333333333334	TAMSDRAG:0.4444444444444444	RAGAFSAP:0.6666666666666666	MRAGRAGW:0.5	RACIDEIG:0.2222222222222222	RTYVFHDR:0.2777777777777778	FCMRAGRA:0.3888888888888889	DAEAFPRG:0.2777777777777778	IDDRTYVF:0.2777777777777778	FHDRSKSF:0.4444444444444444	DETYCHTL:0.2777777777777778	GAFSAPNI:0.2222222222222222	CMRAGRAG:0.3888888888888889	HTLTELWS:0.3888888888888889	MSDRAGAF:0.5555555555555556	TVTAMSDR:0.4444444444444444	ATQTGGTP:0.2222222222222222	AVLSIWDE:0.2222222222222222	NSDARVTP:0.6111111111111112	VATVTAMS:0.2777777777777778	PLDAEAFP:0.2222222222222222	IDDASPDP:0.2222222222222222	FVNRACID:0.2222222222222222	YARAFRRR:0.2222222222222222	ILLNSDAR:0.2777777777777778	NDFCMRAG:0.4444444444444444	LSIWDETY:0.2222222222222222	PRGYGEEN:0.8333333333333334	DRAGAFSA:0.6666666666666666	TGNGFCMF:0.3888888888888889	FPRGYGEE:0.8333333333333334	GAVLSIWD:0.2222222222222222	ALGLPVLA:0.2222222222222222	SDRAGAFS:0.6666666666666666	LDAEAFPR:0.2222222222222222	RPRVATVT:0.2222222222222222	MFVNRACI:0.2222222222222222	RHLAWHSL:0.2777777777777778	SDARVTPG:0.3888888888888889	VRILVPGN:0.2222222222222222	DFCMRAGR:0.4444444444444444	ATVTAMSD:0.5	AEAFPRGY:0.2777777777777778	VPTGNGFC:0.7222222222222222	CMFVNRAC:0.2222222222222222	TYCHTLTE:0.4444444444444444	LNSDARVT:0.6666666666666666	VHIRHLAW:0.3333333333333333	CDAFVTTS:0.2777777777777778	LTELWSVG:0.2222222222222222	TLTELWSV:0.2222222222222222	GGTPQTNL:0.2222222222222222	TPQTNLDL:0.2222222222222222	PQTNLDLM:0.2222222222222222	GTPQTNLD:0.2222222222222222	VLLNSDAR:0.2777777777777778	DARYPEYK:0.2222222222222222	VIPHGRDF:0.3333333333333333	DVVLLNSD:0.2222222222222222	NMGFTRTV:0.2222222222222222	GFTRTVNR:0.3333333333333333	FSAPRIGN:0.2222222222222222	GAFSAPRI:0.2222222222222222	MGFTRTVN:0.2222222222222222	FTRTVNRG:0.3333333333333333	GNGFCMYV:0.2222222222222222	TGNGFCMY:0.2777777777777778	NGFCMYVR:0.2222222222222222	GFCMYVRR:0.2222222222222222	AFSAPRIG:0.2222222222222222	AGAFSAPR:0.2777777777777778	
