cluster number:2596
GT2:33	GT2:33
FDEALGAG:0.48484848484848486	AFTDDDVV:0.45454545454545453	VQARGYGL:0.21212121212121213	GANFAVDR:0.21212121212121213	ALGGFDEA:0.21212121212121213	FTDDDVVV:0.36363636363636365	YGTGANFA:0.42424242424242425	RGYGLGLG:0.36363636363636365	TGANFAVD:0.21212121212121213	TDDDVVVD:0.42424242424242425	YGLGLGAW:0.3939393939393939	QARGYGLG:0.30303030303030304	PLFPFQVG:0.30303030303030304	IVAFTDDD:0.5454545454545454	DDDVVVDP:0.21212121212121213	GYRRARLL:0.21212121212121213	GYGLGLGA:0.36363636363636365	GGFDEALG:0.6666666666666666	GLGLGAWL:0.3939393939393939	GFDEALGA:0.48484848484848486	RTPAQAYF:0.21212121212121213	GTGANFAV:0.42424242424242425	LSRARNAG:0.21212121212121213	ARGYGLGL:0.30303030303030304	PGLSRARN:0.21212121212121213	EIVAFTDD:0.21212121212121213	LGGFDEAL:0.5757575757575758	VAFTDDDV:0.5454545454545454	LGAWLTKV:0.24242424242424243	EVVVVDNA:0.2727272727272727	VPSGELRT:0.24242424242424243	AIVWHRHR:0.21212121212121213	GLGAWLTK:0.3333333333333333	FEVVVVDN:0.21212121212121213	CVCGMVPS:0.21212121212121213	VVVVDNAP:0.21212121212121213	LGLGAWLT:0.21212121212121213	DEALGAGT:0.24242424242424243	GGEDIDMF:0.2727272727272727	DIVAFTDD:0.21212121212121213	
