cluster number:1975
GT2:60	GT2:60
SLIMTIVF:0.43333333333333335	LGIIGIYI:0.2	GLQLIILG:0.38333333333333336	YIGKIFKQ:0.2	IILGIIGI:0.36666666666666664	TEISGWAS:0.45	EISGWASL:0.6333333333333333	QLIILGII:0.4	ENEPFLRG:0.23333333333333334	IIGIYIGK:0.21666666666666667	GGLQLIIL:0.38333333333333336	FGHQLAVK:0.26666666666666666	GIIGIYIG:0.21666666666666667	VFFGGLQL:0.6	HQLAVKAG:0.26666666666666666	IVFFGGLQ:0.4666666666666667	IGKIFKQT:0.2	MTIVFFGG:0.48333333333333334	QLAVKAGL:0.23333333333333334	GTEISGWA:0.25	RNFGHQLA:0.2833333333333333	ASLIMTIV:0.43333333333333335	GHQLAVKA:0.26666666666666666	IMTIVFFG:0.48333333333333334	TIVFFGGL:0.4666666666666667	GWASLIMT:0.6333333333333333	ILGIIGIY:0.38333333333333336	FGGLQLII:0.43333333333333335	FFGGLQLI:0.4666666666666667	GKIFKQTK:0.23333333333333334	FVNDGSSD:0.21666666666666667	WASLIMTI:0.43333333333333335	ISGWASLI:0.6333333333333333	SGWASLIM:0.6333333333333333	FSRNFGHQ:0.5666666666666667	LIILGIIG:0.4	SRNFGHQL:0.2833333333333333	LQLIILGI:0.38333333333333336	FSALSLLY:0.25	NFGHQLAV:0.26666666666666666	SFSRNFGH:0.2833333333333333	LAVKAGLD:0.23333333333333334	LIMTIVFF:0.43333333333333335	QHPPELIP:0.4666666666666667	SSYNLKKM:0.2	LGKIFKQV:0.21666666666666667	GNAVISMD:0.31666666666666665	EFSRNFGH:0.25	FVNDGSRD:0.38333333333333336	IEFSRNFG:0.25	GDLQHPPE:0.3333333333333333	LQHPPELI:0.43333333333333335	VIPAHNEE:0.3	FKQVKERP:0.2	VISMDGDL:0.3	EIIFVNDG:0.4	IIFVNDGS:0.4166666666666667	IVIPAHNE:0.3	GIYLGKIF:0.21666666666666667	IFKQVKER:0.2	GIIGIYLG:0.3333333333333333	SMDGDLQH:0.3	AVISMDGD:0.3	GGGSDFRL:0.2	GKIFKQVK:0.21666666666666667	IIGIYLGK:0.3333333333333333	LGIIGIYL:0.31666666666666665	DGDLQHPP:0.3333333333333333	KIFKQVKE:0.2	FEIIFVND:0.21666666666666667	IYLGKIFK:0.21666666666666667	HPPELIPE:0.2833333333333333	KGGGSDFR:0.2	ISMDGDLQ:0.3	MDGDLQHP:0.3333333333333333	DLQHPPEL:0.43333333333333335	NAVISMDG:0.3	IFVNDGSR:0.38333333333333336	TKGGGSDF:0.2	YLGKIFKQ:0.21666666666666667	LTKGGGSD:0.2	TAFSVKPL:0.25	NFGHQAAL:0.25	LSRNFGHQ:0.2	SRNFGHQA:0.26666666666666666	RNFGHQAA:0.26666666666666666	FSVKPLYF:0.23333333333333334	SVKPLYFA:0.23333333333333334	SFSVKPLY:0.21666666666666667	GVTSFSVK:0.2	TSFSVKPL:0.21666666666666667	VTSFSVKP:0.2	AAYLGFFF:0.23333333333333334	AYLGFFFS:0.23333333333333334	
