cluster number:2098
GT2:11	GT2:11
YANFPATH:0.2727272727272727	NRRCSGCF:0.2727272727272727	ITGAAMLL:0.36363636363636365	AITGAAML:0.45454545454545453	RTLQAITG:0.2727272727272727	RRCSGCFG:0.2727272727272727	LQAITGAA:0.5454545454545454	VIVVDNGS:0.45454545454545453	ELCCRIRE:0.2727272727272727	RRTLQAIT:0.2727272727272727	SGCFGPDL:0.2727272727272727	GCFGPDLH:0.2727272727272727	LNRRCSGC:0.2727272727272727	IIIPVWNL:0.36363636363636365	LFRQCGGF:0.2727272727272727	RVQHCGIA:0.2727272727272727	DLELCCRI:0.2727272727272727	VSIIIPVW:0.36363636363636365	QAITGAAM:0.45454545454545453	TEHLYANF:0.2727272727272727	TLQAITGA:0.2727272727272727	LYANFPAT:0.2727272727272727	LEDPEPLV:0.2727272727272727	IIPVWNLW:0.36363636363636365	HLYANFPA:0.36363636363636365	ANFPATHP:0.2727272727272727	CSGCFGPD:0.2727272727272727	LELCCRIR:0.2727272727272727	QHCGIAFA:0.2727272727272727	RCSGCFGP:0.2727272727272727	EDLELCCR:0.2727272727272727	NFPATHPA:0.2727272727272727	EHLYANFP:0.2727272727272727	RWARRAGE:0.2727272727272727	SIIIPVWN:0.45454545454545453	EVIVVDNG:0.45454545454545453	CGGFHEGY:0.2727272727272727	VQHCGIAF:0.36363636363636365	GAVGPLLL:0.36363636363636365	VGPLLLYP:0.36363636363636365	AVGPLLLY:0.36363636363636365	RPLQAITG:0.36363636363636365	VDNGSTDA:0.5454545454545454	LLFLNNDT:0.2727272727272727	LFLNNDTL:0.2727272727272727	PLQAITGA:0.36363636363636365	VVDNGSTD:0.6363636363636364	DNGSTDAT:0.5454545454545454	IVVDNGST:0.2727272727272727	NGSTDATA:0.2727272727272727	TAACLRSL:0.2727272727272727	LLFFLNND:0.2727272727272727	AACLRSLA:0.2727272727272727	MTAACLRS:0.2727272727272727	TSQTPGRF:0.2727272727272727	HHTSQTPG:0.2727272727272727	KRPLQAIT:0.2727272727272727	LFFLNNDT:0.2727272727272727	HTSQTPGR:0.2727272727272727	PGWLPPLR:0.2727272727272727	EPLWRGGW:0.2727272727272727	FFLNNDTT:0.2727272727272727	TPGWLPPL:0.2727272727272727	
