cluster number:2162
GT2:6	GT2:6
TPPGPTQL:0.3333333333333333	DALLDALD:0.3333333333333333	AHLARLKA:0.3333333333333333	AHFFKTLH:0.5	KGLGVHRP:0.3333333333333333	SARGLPNH:0.3333333333333333	NHYSVRSI:0.5	GSWDDRPV:0.3333333333333333	EEFVLKSA:0.3333333333333333	EGPWLLDW:0.6666666666666666	TQLAAHLA:0.3333333333333333	AVPLRWHL:0.5	GPTQLAAH:0.3333333333333333	VPLRWHLF:0.5	LNHYSVRS:0.6666666666666666	PGPTQLAA:0.3333333333333333	ERFTMAAP:0.3333333333333333	WQAMKLLS:0.5	AGSTPPGP:0.3333333333333333	KSARGLPN:0.3333333333333333	VQWQAMKL:0.5	AMFFDVDE:0.3333333333333333	EKSVQWQA:0.3333333333333333	WLLDWIAH:0.5	RWHLFGNS:0.5	AFKGLGVH:0.3333333333333333	GPWLLDWI:0.5	YSVRSIEE:0.5	FKGLGVHR:0.3333333333333333	WLNHYSVR:0.6666666666666666	DWIAHHRA:0.5	QWQAMKLL:0.5	RAWLNHYS:0.6666666666666666	SIEEFVLK:0.5	RPAAFKGL:0.3333333333333333	GYWAERNF:0.5	FSHFLIAS:0.5	HHRAAGFS:0.3333333333333333	PPGPTQLA:0.5	GEKSVQWQ:0.3333333333333333	PLRWHLFG:0.6666666666666666	AAFKGLGV:0.3333333333333333	DVDEYLVL:0.3333333333333333	HLARLKAL:0.3333333333333333	AAHLARLK:0.3333333333333333	GSTPPGPT:0.3333333333333333	AWLNHYSV:0.6666666666666666	WIAHHRAA:0.3333333333333333	LAAHLARL:0.3333333333333333	HFFKTLHR:0.5	KSVQWQAM:0.5	LPLAHFFK:0.5	GLGVHRPK:0.5	VRSIEEFV:0.5	HFLIASHD:0.5	AHHRAAGF:0.3333333333333333	IALPLAHF:0.3333333333333333	AAGFSHFL:0.3333333333333333	FFKTLHRP:0.5	QLAAHLAR:0.3333333333333333	MKLLSKHP:0.3333333333333333	PLAHFFKT:0.5	HYSVRSIE:0.5	PTQLAAHL:0.3333333333333333	LHRPAAFK:0.3333333333333333	LDWIAHHR:0.5	SVQWQAMK:0.5	DEGPWLLD:0.6666666666666666	FFDVDEYL:0.5	RSIEEFVL:0.5	AMKLLSKH:0.5	TLHRPAAF:0.5	PAAFKGLG:0.3333333333333333	DRPVTERF:0.3333333333333333	HRPAAFKG:0.3333333333333333	IEEFVLKS:0.3333333333333333	IAHHRAAG:0.3333333333333333	SHFLIASH:0.5	AGFSHFLI:0.3333333333333333	GFSHFLIA:0.5	YWAERNFN:0.5	STPPGPTQ:0.3333333333333333	ALPLAHFF:0.3333333333333333	ARGLPNHM:0.5	RPVTERFT:0.3333333333333333	PWLLDWIA:0.5	KTLHRPAA:0.5	FVLKSARG:0.3333333333333333	VLKSARGL:0.3333333333333333	LKSARGLP:0.3333333333333333	MFFDVDEY:0.3333333333333333	SVRSIEEF:0.5	QAMKLLSK:0.5	HRAAGFSH:0.3333333333333333	RDEGPWLL:0.6666666666666666	LAHFFKTL:0.5	HRARLKAL:0.3333333333333333	LLDWIAHH:0.5	RAAGFSHF:0.3333333333333333	LRWHLFGN:0.6666666666666666	DAVPLRWH:0.3333333333333333	WHLFGNSG:0.5	FDVDEYLV:0.5	FKTLHRPA:0.5	EFVLKSAR:0.3333333333333333	RFTMAAPD:0.5	GSDRLLDA:0.3333333333333333	ERAWLNHY:0.5	CVRDEGPW:0.3333333333333333	FLIASHDC:0.3333333333333333	SDRLLDAL:0.3333333333333333	LDALDAAG:0.5	LLDALDAA:0.3333333333333333	LGVHRPKG:0.3333333333333333	DGSDRLLD:0.3333333333333333	TCVRDEGP:0.3333333333333333	VRDEGPWL:0.3333333333333333	ITCVRDEG:0.3333333333333333	GLPNHMDR:0.3333333333333333	VVELMWQL:0.3333333333333333	VELMWQLT:0.3333333333333333	LMWQLTLM:0.3333333333333333	TMAAPDGI:0.3333333333333333	GGKSVQWQ:0.3333333333333333	GKSVQWQA:0.3333333333333333	FTMAAPDG:0.3333333333333333	ELMWQLTL:0.3333333333333333	RGLPNHMD:0.3333333333333333	SHDCTDGS:0.3333333333333333	
