cluster number:2036
GT2:103	GT2:103
VVFLDGDY:0.2912621359223301	DLGPFRAI:0.8737864077669902	FLDGDYSD:0.6893203883495146	TDLGPFRA:0.8446601941747572	VFLDGDYS:0.6893203883495146	CLKGMDYI:0.2621359223300971	ACLKGMDY:0.27184466019417475	QIFGNWLA:0.4174757281553398	WTVEMQLK:0.8058252427184466	IFGNWLAT:0.4174757281553398	NRIGVSKV:0.5436893203883495	FTDLGPFR:0.7669902912621359	LGPFRAIK:0.7378640776699029	IGVSKVSG:0.7475728155339806	DYSDYPEQ:0.2621359223300971	TVEMQLKA:0.49514563106796117	GWTVEMQL:0.8058252427184466	YSDYPEQL:0.24271844660194175	GPFRAIKY:0.6699029126213593	VEMQLKAL:0.39805825242718446	EMQLKALK:0.3106796116504854	VVSNNSTD:0.2524271844660194	IVVSNNST:0.2524271844660194	TYGWTVEM:0.8252427184466019	GDYSDYPE:0.6893203883495146	YRNRIGVS:0.46601941747572817	RNRIGVSK:0.46601941747572817	GVSKVSGT:0.7572815533980582	YGWTVEMQ:0.8349514563106796	RIGVSKVS:0.7475728155339806	KGAIFAGV:0.22330097087378642	PQIFGNWL:0.2912621359223301	GAIFAGVK:0.22330097087378642	IFAGVKIL:0.3592233009708738	AIFAGVKI:0.22330097087378642	DGDYSDYP:0.7669902912621359	DKTYGWTV:0.6504854368932039	GWIFKYSF:0.34951456310679613	KYRNRIGV:0.2621359223300971	SKVSGTVK:0.6019417475728155	AGATVLTE:0.2621359223300971	AYNEQDSI:0.20388349514563106	KILGWIFK:0.5242718446601942	GNWLATFL:0.30097087378640774	RAIKYDKL:0.23300970873786409	GVKILGWI:0.30097087378640774	FRAIKYDK:0.23300970873786409	WIFKYSFK:0.49514563106796117	PQQVFGNW:0.3106796116504854	VKILGWIF:0.30097087378640774	TPQQVFGN:0.32038834951456313	VSKVSGTV:0.5048543689320388	IIPAYNEQ:0.24271844660194175	FGNWLATF:0.30097087378640774	GSMTPQQV:0.21359223300970873	VIIPAYNE:0.5339805825242718	IKVIIPAY:0.3592233009708738	KVIIPAYN:0.3592233009708738	ILGWIFKY:0.5242718446601942	SMTPQQVF:0.24271844660194175	NWLATFLM:0.2912621359223301	MTPQQVFG:0.30097087378640774	VFGNWLAT:0.34951456310679613	AIKYDKLL:0.21359223300970873	QVFGNWLA:0.3592233009708738	IPAYNEQD:0.21359223300970873	AGVKILGW:0.30097087378640774	QQVFGNWL:0.30097087378640774	LGWIFKYS:0.5145631067961165	PFRAIKYD:0.24271844660194175	LDGDYSDY:0.5922330097087378	KTYGWTVE:0.6504854368932039	KVSGTVKG:0.6019417475728155	IIVFLDGD:0.36893203883495146	PAYNEQDS:0.20388349514563106	IVFLDGDY:0.3786407766990291	FAGVKILG:0.22330097087378642	KFTDLGPF:0.3883495145631068	DIIVFLDG:0.30097087378640774	PDIIVFLD:0.23300970873786409	YSDYPEEL:0.33980582524271846	IVVNNNST:0.20388349514563106	GYACLKGM:0.39805825242718446	YGYACLKG:0.5048543689320388	VVNNNSTD:0.21359223300970873	VSGTVKGT:0.20388349514563106	GYGYACLK:0.5145631067961165	EDKTYGWT:0.44660194174757284	AKFTDLGP:0.2524271844660194	MEDKTYGW:0.44660194174757284	DYSDYPEE:0.4368932038834951	RKGYGYAC:0.2524271844660194	DIVVFLDG:0.21359223300970873	KGYGYACL:0.46601941747572817	IVVFLDGD:0.27184466019417475	VEMQLKVL:0.23300970873786409	IIVVNNNS:0.23300970873786409	IFAGIKIL:0.24271844660194175	VIIPAFNE:0.2524271844660194	EMQLKVLK:0.23300970873786409	TVEMQLKV:0.23300970873786409	VSGTVKGA:0.20388349514563106	YACLKGMD:0.24271844660194175	
