cluster number:2294
GT2:14	GT2:14
LEFAGLVG:0.35714285714285715	VRWASKWR:0.35714285714285715	ARDEAAAL:0.21428571428571427	VLIADDHS:0.2857142857142857	FAGLVGVG:0.2857142857142857	VLGANVAL:0.21428571428571427	LLPLQLLY:0.2857142857142857	LGANVALA:0.21428571428571427	QTGKKAAL:0.21428571428571427	EVLIADDH:0.2857142857142857	FISGPVLL:0.2857142857142857	VGVGGACI:0.21428571428571427	NGANLAYR:0.5	FEVLIADD:0.2857142857142857	ASGDDEFL:0.6428571428571429	APYALAVG:0.2857142857142857	IAARDEAA:0.21428571428571427	APWLVCTD:0.21428571428571427	WLVCTDAD:0.21428571428571427	AQTGKKAA:0.21428571428571427	EFAGLVGV:0.2857142857142857	GPVLLTGP:0.21428571428571427	ALLRQRVR:0.35714285714285715	GPGWLAAY:0.21428571428571427	LGLEFAGL:0.21428571428571427	QLLYAPYA:0.42857142857142855	LVCTDADC:0.21428571428571427	APTMCNGA:0.2857142857142857	NVALAAGA:0.21428571428571427	LLRQRVRW:0.5	LPAARFEV:0.21428571428571427	RQRVRWAS:0.5	GLVGVGGA:0.21428571428571427	AARDEAAA:0.21428571428571427	MCNGANLA:0.7142857142857143	LVGVGGAC:0.21428571428571427	PGWLAAYA:0.21428571428571427	PWLVCTDA:0.21428571428571427	RDEAAALP:0.21428571428571427	AAQTLPAA:0.21428571428571427	HLASGDDE:0.2857142857142857	YAPYALAV:0.42857142857142855	TLPAARFE:0.21428571428571427	LASGDDEF:0.35714285714285715	ISGPVLLT:0.2857142857142857	GANLAYRR:0.35714285714285715	WLWGLLPL:0.21428571428571427	ANVALAAG:0.2857142857142857	WASKWRHY:0.42857142857142855	FSVLIAAR:0.21428571428571427	SGPVLLTG:0.35714285714285715	VCTDADCR:0.42857142857142855	GLEFAGLV:0.35714285714285715	LIAARDEA:0.21428571428571427	VLIAARDE:0.21428571428571427	LQLLYAPY:0.42857142857142855	PLQLLYAP:0.35714285714285715	QTLPAARF:0.21428571428571427	LLGLEFAG:0.21428571428571427	RWASKWRH:0.42857142857142855	QRVRWASK:0.7142857142857143	SKWRHYQS:0.21428571428571427	ASKWRHYQ:0.2857142857142857	RVRWASKW:0.6428571428571429	GANVALAA:0.21428571428571427	DLAAQTLP:0.21428571428571427	LWGLLPLQ:0.21428571428571427	CNGANLAY:0.6428571428571429	TMCNGANL:0.7142857142857143	LYAPYALA:0.42857142857142855	PTMCNGAN:0.6428571428571429	AQTLPAAR:0.21428571428571427	LLYAPYAL:0.42857142857142855	LVLGANVA:0.21428571428571427	SVLIAARD:0.21428571428571427	LRQRVRWA:0.5	LPLQLLYA:0.35714285714285715	LAAQTLPA:0.21428571428571427	AGLVGVGG:0.21428571428571427	WLLKLGAD:0.21428571428571427	SGDDEFLL:0.8571428571428571	GDDEFLLH:0.7142857142857143	DDEFLLHK:0.7142857142857143	DDHSTDAT:0.21428571428571427	LIAARNEA:0.35714285714285715	DEFLLHKI:0.42857142857142855	CTDADCRV:0.35714285714285715	EFLLHKIH:0.2857142857142857	DHSTDATA:0.21428571428571427	QQRVRWAS:0.21428571428571427	VIIPVRNE:0.21428571428571427	IIPVRNEA:0.21428571428571427	TDADCRVP:0.2857142857142857	GLVGVGAA:0.21428571428571427	AGLVGVGA:0.2857142857142857	SVLIAARN:0.21428571428571427	PWVVCTDA:0.21428571428571427	VLIAARNE:0.21428571428571427	KPTMCNGA:0.21428571428571427	VVCTDADC:0.21428571428571427	PSGDDEFL:0.2857142857142857	WVVCTDAD:0.21428571428571427	APWVVCTD:0.21428571428571427	
