cluster number:2204
GT2:6	GT2:6
LYQLYLLA:0.5	FYIYYWSL:0.3333333333333333	GTPFFGSS:0.5	KSVFISGF:0.5	CEDKSPKR:0.3333333333333333	EGGTPFFG:0.3333333333333333	AIQRNKGR:0.3333333333333333	ISGFTINR:0.5	KKIIGRRP:0.3333333333333333	LFDKSVFI:0.3333333333333333	GGTPFFGS:0.3333333333333333	GDDDTFIP:0.3333333333333333	SGFTINRK:0.3333333333333333	SLLYQLYL:0.3333333333333333	DKSVFISG:0.3333333333333333	ICIPSYNR:0.8333333333333334	SYNRPQEL:0.5	NMSKYSYP:0.3333333333333333	MGDDDTFI:0.3333333333333333	LNMSKYSY:0.3333333333333333	SKYSYPVL:0.3333333333333333	CIPSYNRP:0.8333333333333334	FMGDDDTF:0.3333333333333333	YPVLAIQR:0.3333333333333333	DGSLLYQL:0.3333333333333333	VLAIQRNK:0.3333333333333333	PSYNRPQE:0.5	LAIQRNKG:0.3333333333333333	YSYPVLAI:0.3333333333333333	FIIFMGDD:0.3333333333333333	MSKYSYPV:0.3333333333333333	IPSYNRPQ:0.5	QLYLLAEV:0.5	KYSYPVLA:0.3333333333333333	ICEDKSPK:0.3333333333333333	EKDLYTPG:0.3333333333333333	FDKSVFIS:0.3333333333333333	IQRNKGRK:0.3333333333333333	YFYIYYWS:0.3333333333333333	YQLYLLAE:0.5	LFSICIPS:0.3333333333333333	SYPVLAIQ:0.3333333333333333	FISGFTIN:0.5	SVFISGFT:0.5	FSICIPSY:0.3333333333333333	IIFMGDDD:0.5	GSLLYQLY:0.3333333333333333	LYLLAEVT:0.3333333333333333	VFISGFTI:0.5	PVLAIQRN:0.3333333333333333	FDGSLLYQ:0.3333333333333333	SICIPSYN:0.8333333333333334	LLYQLYLL:0.5	TPFFGSSE:0.5	IFMGDDDT:0.3333333333333333	DDDTFIPN:0.3333333333333333	LGYDRNLR:0.3333333333333333	NLGYDRNL:0.3333333333333333	FYPSLAIQ:0.3333333333333333	VLGKTPQL:0.3333333333333333	AYFDEPLT:0.3333333333333333	SKYFYPSL:0.5	YPSLAIQR:0.3333333333333333	KKDMSKYF:0.3333333333333333	YFYPSLAI:0.3333333333333333	MSKYFYPS:0.5	CAYFDEPL:0.3333333333333333	DMSKYFYP:0.5	IFMGDDDV:0.3333333333333333	YFDEPLTM:0.3333333333333333	KDMSKYFY:0.3333333333333333	GDDDVFIP:0.5	FMGDDDVF:0.5	DDDVFIPG:0.5	MGDDDVFI:0.5	KYFYPSLA:0.5	ISICIPSY:0.3333333333333333	IKRILGRT:0.3333333333333333	KRILGRTP:0.3333333333333333	
