cluster number:497
GT2:67	GT2:67
GGMPLYKY:0.417910447761194	YQYTPKLI:0.3880597014925373	DIVIMLHP:0.2537313432835821	HTGYRAFS:0.6268656716417911	VVVLPAYN:0.208955223880597	VIMLHPDY:0.2835820895522388	LHPDYQYT:0.5074626865671642	ASSINFRR:0.3283582089552239	MLHPDYQY:0.6268656716417911	SINFRRSV:0.22388059701492538	IMLHPDYQ:0.31343283582089554	GYGGNQKT:0.5373134328358209	PDYQYTPK:0.40298507462686567	VVLPAYNA:0.40298507462686567	VLGSRILG:0.29850746268656714	IVIMLHPD:0.2537313432835821	YGGNQKTC:0.5223880597014925	DYQYTPKL:0.3880597014925373	LSEYHTGY:0.7313432835820896	GGNQKTCY:0.5223880597014925	KLSEYHTG:0.6865671641791045	SSINFRRS:0.31343283582089554	YHTGYRAF:0.6567164179104478	SEYHTGYR:0.7313432835820896	EYHTGYRA:0.7014925373134329	HPDYQYTP:0.7611940298507462	DDFVFDNQ:0.40298507462686567	VMLHPDYQ:0.31343283582089554	FDNQMLAQ:0.29850746268656714	FVFDNQML:0.417910447761194	ASSINFKR:0.23880597014925373	SDDFVFDN:0.43283582089552236	KYIANRFL:0.208955223880597	DFVFDNQM:0.417910447761194	NSDDFVFD:0.3582089552238806	YIANRFLT:0.208955223880597	SSINFKRS:0.26865671641791045	VFDNQMLA:0.31343283582089554	MVHPDYQY:0.2835820895522388	FEEASSIN:0.29850746268656714	KGYGGNQK:0.4626865671641791	CPTKYFEE:0.2537313432835821	IAEVTCPT:0.208955223880597	TCPTKYFE:0.23880597014925373	QKLSEYHT:0.34328358208955223	TKYFEEAS:0.2537313432835821	RILGKGAL:0.373134328358209	VTCPTKYF:0.31343283582089554	KYFEEASS:0.2537313432835821	SRILGKGA:0.373134328358209	EVTCPTKY:0.31343283582089554	VDEVILVD:0.22388059701492538	NKGYGGNQ:0.4626865671641791	DEVILVDD:0.22388059701492538	VHPDYQYT:0.2537313432835821	PTKYFEEA:0.2537313432835821	EEASSINF:0.2537313432835821	YFEEASSI:0.29850746268656714	AEVTCPTK:0.208955223880597	GYRAFSRE:0.208955223880597	VLPAYNAA:0.26865671641791045	TGYRAFSR:0.3582089552238806	GMPLYKYV:0.208955223880597	PDYQYTPL:0.208955223880597	VMPAYNAA:0.208955223880597	LKGGMPLY:0.22388059701492538	ALKGGMPL:0.23880597014925373	KGGMPLYK:0.23880597014925373	GALKGGMP:0.44776119402985076	DIVVMLHP:0.23880597014925373	VVMLHPDY:0.2537313432835821	IVVMLHPD:0.23880597014925373	LGKGALKG:0.22388059701492538	KGALKGGM:0.23880597014925373	GKGALKGG:0.22388059701492538	ILGKGALK:0.22388059701492538	ASRILGKG:0.22388059701492538	
