cluster number:1273
GT2:19	GT2:19
NAGKGAAL:0.6842105263157895	VFVGLALA:0.21052631578947367	DTLGEDLE:0.3684210526315789	FVDADGIF:0.2631578947368421	GLALASAI:0.21052631578947367	GEDLELTW:0.8947368421052632	VGLALASA:0.21052631578947367	CGDDRPVN:0.5789473684210527	VGTGLVRR:0.42105263157894735	SILASRYL:0.21052631578947367	AVCGDDRP:0.631578947368421	PGYNEAVV:0.21052631578947367	VESILASR:0.21052631578947367	IVPGYNEA:0.21052631578947367	HCLPIVSG:0.21052631578947367	RVRWSRGL:0.21052631578947367	NKLQRTGV:0.21052631578947367	PIVSGNIG:0.3157894736842105	ESILASRY:0.21052631578947367	LGEDLELT:0.47368421052631576	VCGDDRPV:0.5789473684210527	VRWSRGLL:0.21052631578947367	LVYAESPS:0.42105263157894735	GLWRQRVR:0.3684210526315789	YSVFVGLA:0.21052631578947367	ASRYLRLE:0.21052631578947367	PLVSVIVP:0.2631578947368421	EDLELTWR:0.7894736842105263	RWSRGLLQ:0.21052631578947367	WSRGLLQT:0.21052631578947367	CLPIVSGN:0.3157894736842105	TGLVRRAL:0.21052631578947367	FVGLALAS:0.21052631578947367	GLVRRALS:0.21052631578947367	SHVGTGLV:0.21052631578947367	GAVCGDDR:0.631578947368421	QRVRWSRG:0.21052631578947367	HVGTGLVR:0.3157894736842105	LSHVGTGL:0.21052631578947367	LVSVIVPG:0.21052631578947367	EDTLGEDL:0.21052631578947367	GDDRPVNL:0.631578947368421	ILASRYLR:0.21052631578947367	LPIVSGNI:0.3157894736842105	AGKGAALN:0.6842105263157895	IVSGNIGA:0.3157894736842105	GYNEAVVI:0.21052631578947367	WNKLQRTG:0.2631578947368421	LVDDGSTD:0.3157894736842105	WPFYSVFV:0.21052631578947367	ILVDDGST:0.3157894736842105	LWPFYSVF:0.21052631578947367	RQRVRWSR:0.21052631578947367	LWRQRVRW:0.47368421052631576	VSGNIGAF:0.42105263157894735	RPLVSVIV:0.21052631578947367	VSVIVPGY:0.21052631578947367	CVESILAS:0.21052631578947367	FYSVFVGL:0.21052631578947367	PFYSVFVG:0.21052631578947367	SGNIGAFR:0.3684210526315789	TLGEDLEL:0.42105263157894735	VPGYNEAV:0.21052631578947367	LVRRALSL:0.21052631578947367	VILVDDGS:0.21052631578947367	KVGAVCGD:0.2631578947368421	RGLLQTLR:0.21052631578947367	VYAESPST:0.42105263157894735	VGAVCGDD:0.3684210526315789	VIVPGYNE:0.21052631578947367	LMFVDADG:0.3157894736842105	EVILVDDG:0.21052631578947367	GGLWRQRV:0.21052631578947367	PKVGAVCG:0.21052631578947367	SVIVPGYN:0.21052631578947367	LASRYLRL:0.21052631578947367	SRGLLQTL:0.21052631578947367	SVFVGLAL:0.21052631578947367	ALVYAESP:0.42105263157894735	WRQRVRWS:0.21052631578947367	GTGLVRRA:0.42105263157894735	YNEAVVIT:0.21052631578947367	LELTWRVY:0.2631578947368421	DLELTWRV:0.3684210526315789	VGEDLELT:0.21052631578947367	DRPVNLDR:0.631578947368421	RVRWARGL:0.5263157894736842	NLDRIQTR:0.2631578947368421	PVNLDRIQ:0.2631578947368421	RPVNLDRI:0.2631578947368421	KQRVRWAR:0.3684210526315789	RWARGLLQ:0.5789473684210527	DTVGEDLE:0.21052631578947367	VRWARGLL:0.5263157894736842	AALNTGIA:0.2631578947368421	QRVRWARG:0.631578947368421	GAALNTGI:0.2631578947368421	GKGAALNT:0.3157894736842105	WKQRVRWA:0.3157894736842105	VVVPAYNE:0.2631578947368421	KGAALNTG:0.3157894736842105	LWKQRVRW:0.3157894736842105	VNLDRIQT:0.2631578947368421	TVGEDLEL:0.21052631578947367	VDDGSTDN:0.2631578947368421	DDRPVNLD:0.47368421052631576	DGSTDNTA:0.21052631578947367	LNTGIAAA:0.21052631578947367	ALNTGIAA:0.21052631578947367	DDGSTDNT:0.2631578947368421	RPVNLDRV:0.21052631578947367	IVDDGSTD:0.21052631578947367	WARGLLQS:0.21052631578947367	DLELTWRI:0.21052631578947367	AESPSTLR:0.2631578947368421	PVVSGNIG:0.21052631578947367	CLPVVSGN:0.21052631578947367	LPVVSGNI:0.21052631578947367	FVDADGVF:0.21052631578947367	ANAGKGAA:0.21052631578947367	QANAGKGA:0.21052631578947367	RQRVRWAR:0.2631578947368421	WARGLLQT:0.21052631578947367	WRQRVRWA:0.2631578947368421	PSTLRGLW:0.21052631578947367	IGAVCGDD:0.2631578947368421	IGEDLELT:0.21052631578947367	SPSTLRGL:0.21052631578947367	ESPSTLRG:0.21052631578947367	DADSVFTP:0.21052631578947367	TGLVRRAF:0.21052631578947367	TRFLALIT:0.21052631578947367	GLVRRAFD:0.21052631578947367	
