cluster number:1473
GT2:6	GT2:6
DNQQAIYW:0.5	SNDFAAAR:0.6666666666666666	LLKLVEWL:0.3333333333333333	ILVLDADE:0.6666666666666666	QIQRVTEK:0.3333333333333333	QQAIYWLS:0.5	MSIFNEMK:0.5	YHTGYQIQ:0.3333333333333333	RNMSIFNE:0.5	AYTLPVIN:0.3333333333333333	LPVINFTG:0.3333333333333333	NDNQQAIY:0.5	IYHTGYQI:0.3333333333333333	RLFPNFKG:0.3333333333333333	TLGNQYRF:0.3333333333333333	RCLESVKG:0.3333333333333333	YTLPVINF:0.3333333333333333	CMIVKDEE:0.5	RPIHEQLT:0.5	HERNMSIF:0.5	TLPVINFT:0.3333333333333333	NQQAIYWL:0.5	WFTLGNQY:0.6666666666666666	VDPMYSFE:0.3333333333333333	LVDPMYSF:0.3333333333333333	APVTRLFP:0.3333333333333333	PMYSFETP:0.3333333333333333	TGYQIQRV:0.3333333333333333	VCMIVKDE:0.3333333333333333	IADEIIIV:0.3333333333333333	LSRCLESV:0.3333333333333333	ERPIHEQL:0.5	QAIYWLSK:0.3333333333333333	SFETPVQQ:0.3333333333333333	TAPVTRLF:0.3333333333333333	SAYDWFTL:0.3333333333333333	LVEWLCQN:0.3333333333333333	NQLANYFY:0.3333333333333333	ERNMSIFN:0.5	LSVCMIVK:0.3333333333333333	VLDADEYL:0.5	YDWFTLGN:0.6666666666666666	KWILVLDA:0.5	WSNDFAAA:0.6666666666666666	RLNDNQQA:0.3333333333333333	IIVDTGST:0.5	YFRLNDNQ:0.3333333333333333	AIYWLSKL:0.3333333333333333	NYYSILLS:0.3333333333333333	SRCLESVK:0.3333333333333333	VLLKLVEW:0.3333333333333333	LVLDADEY:0.6666666666666666	ADEIIIVD:0.5	INQLANYF:0.3333333333333333	LKLVEWLC:0.3333333333333333	WILVLDAD:0.6666666666666666	YSFETPVQ:0.3333333333333333	NDFAAARN:0.6666666666666666	FTLGNQYR:0.6666666666666666	MYSFETPV:0.3333333333333333	DEIIIVDT:0.6666666666666666	IYWLSKLL:0.3333333333333333	KLVEWLCQ:0.3333333333333333	VTRLFPNF:0.5	AYDWFTLG:0.3333333333333333	GYQIQRVT:0.3333333333333333	IVDTGSTD:0.6666666666666666	YQIQRVTE:0.3333333333333333	NMSIFNEM:0.5	DFAAARNE:0.6666666666666666	VDTGSTDR:0.6666666666666666	IHEQLTRG:0.3333333333333333	FETPVQQL:0.3333333333333333	PVTRLFPN:0.6666666666666666	DTGSTDRT:0.6666666666666666	EIIIVDTG:0.6666666666666666	FAAARNES:0.6666666666666666	FRLNDNQQ:0.3333333333333333	FERPIHEQ:0.5	GKWILVLD:0.5	SIFNEMKK:0.5	SVCMIVKD:0.3333333333333333	LFPNFKGI:0.3333333333333333	TRLFPNFK:0.3333333333333333	AARNESLR:0.3333333333333333	IIIVDTGS:0.6666666666666666	FEKFDQFI:0.3333333333333333	KHERNMSI:0.5	LAYTLPVI:0.3333333333333333	LNDNQQAI:0.5	HTGYQIQR:0.3333333333333333	TGSTDRTK:0.5	PIHEQLTR:0.5	DWFTLGNQ:0.6666666666666666	WLVDPMYS:0.3333333333333333	DPMYSFET:0.3333333333333333	IYHTGYQE:0.3333333333333333	AARNESIR:0.3333333333333333	EKNKHERN:0.3333333333333333	TLGNQYRY:0.3333333333333333	NQYRYAKN:0.3333333333333333	MKRLSVCM:0.3333333333333333	GNQYRYAK:0.3333333333333333	VAKQLFLI:0.3333333333333333	AAARNESI:0.5	KRLSVCMI:0.3333333333333333	EITTSPVT:0.3333333333333333	ITTSPVTR:0.3333333333333333	LGNQYRYA:0.3333333333333333	IFNEMKKH:0.3333333333333333	FLVAKQLF:0.3333333333333333	NKHERNMS:0.3333333333333333	NIYHTGYQ:0.3333333333333333	DEITTSPV:0.3333333333333333	LNIYHTGY:0.3333333333333333	TSPVTRLF:0.3333333333333333	QDEITTSP:0.3333333333333333	LFLVAKQL:0.3333333333333333	QYRYAKNE:0.3333333333333333	ATGKWILV:0.3333333333333333	SPVTRLFP:0.3333333333333333	SLFLVAKQ:0.3333333333333333	AKQLFLIK:0.3333333333333333	LVAKQLFL:0.3333333333333333	KNKHERNM:0.3333333333333333	RLSVCMIV:0.3333333333333333	TTSPVTRL:0.3333333333333333	VCMIVRDE:0.3333333333333333	LSVCMIVR:0.3333333333333333	SVCMIVRD:0.3333333333333333	LPRCLDSV:0.3333333333333333	CMIVRDEE:0.3333333333333333	LLPRCLDS:0.3333333333333333	
