cluster number:1113
GT2:15	GT2:15
WELIVVDD:0.26666666666666666	DWELIVVD:0.26666666666666666	ELIVVDDC:0.3333333333333333	IVIDDCSK:0.2	VIDDCSKD:0.26666666666666666	AFLDADDI:0.6	WIAFLDAD:0.6	IAFLDADD:0.6	FLDADDIW:0.6	AAPRNIGV:0.4	SIQSVIDQ:0.26666666666666666	QISGSKKY:0.3333333333333333	YRRIAGQI:0.26666666666666666	GSWIAFLD:0.2	DIRYKAVE:0.3333333333333333	KGRIPTSS:0.4666666666666667	SVIDQAYD:0.2	KKYMLERM:0.3333333333333333	KYMLERMY:0.2	SGSKKYML:0.3333333333333333	DDIWHPEK:0.26666666666666666	YMVHKEYP:0.26666666666666666	YTLTHALG:0.3333333333333333	FNEDIRYK:0.3333333333333333	SKDSTRQV:0.26666666666666666	APRNIGVR:0.26666666666666666	KEYPGTSS:0.2	STRQVVQS:0.26666666666666666	TGSWIAFL:0.2	NNGAPAAP:0.4666666666666667	VVQSFVEK:0.2	RNNGAPAA:0.2	DDCSKDST:0.3333333333333333	SIKLSYPL:0.2	SYNAEALI:0.26666666666666666	IAGQISGS:0.26666666666666666	YKAVEDYH:0.5333333333333333	GRIPTSSV:0.4666666666666667	TSSVVLKK:0.2	TRQVVQSF:0.26666666666666666	HCWLRVHE:0.2	MLERMYMV:0.26666666666666666	VQSFVEKD:0.2	MVHKEYPG:0.26666666666666666	HKEYPGTS:0.26666666666666666	RFPFNEDI:0.26666666666666666	FCCTQMKD:0.26666666666666666	DIWHPEKL:0.26666666666666666	RYKAVEDY:0.4666666666666667	VEDYHCWL:0.5333333333333333	DADDIWHP:0.5333333333333333	PLLSYRRI:0.2	CCTQMKDF:0.26666666666666666	DYHCWLRV:0.26666666666666666	QRIKGRIP:0.2	RQVVQSFV:0.26666666666666666	APAAPRNI:0.4666666666666667	ALGGFYYR:0.3333333333333333	LERMYMVH:0.26666666666666666	MPSYNAEA:0.26666666666666666	PAAPRNIG:0.4666666666666667	ATGSWIAF:0.2	YPLLSYRR:0.2	IKLSYPLL:0.2	SKKYMLER:0.3333333333333333	ADDIWHPE:0.26666666666666666	QSVIDQAY:0.2	DCSKDSTR:0.3333333333333333	NGAPAAPR:0.4666666666666667	MLRFPFNE:0.26666666666666666	ISGSKKYM:0.3333333333333333	LDADDIWH:0.5333333333333333	LIVVDDCS:0.26666666666666666	RIKGRIPT:0.2	YHCWLRVH:0.26666666666666666	PSYNAEAL:0.26666666666666666	IPTSSVVL:0.2	PTSSVVLK:0.2	EDYHCWLR:0.4666666666666667	SWIAFLDA:0.2	RIAGQISG:0.26666666666666666	GQISGSKK:0.3333333333333333	MYMVHKEY:0.26666666666666666	SSVVLKKE:0.2	VDDCSKDS:0.2	NEDIRYKA:0.3333333333333333	TLTHALGG:0.3333333333333333	CWLRVHEA:0.2	VVDDCSKD:0.2	RRIAGQIS:0.26666666666666666	THALGGFY:0.3333333333333333	VHKEYPGT:0.26666666666666666	EDIRYKAV:0.3333333333333333	DSTRQVVQ:0.26666666666666666	YMLERMYM:0.26666666666666666	GAPAAPRN:0.4666666666666667	IQSVIDQA:0.2	FPFNEDIR:0.3333333333333333	KDSTRQVV:0.26666666666666666	AVEDYHCW:0.5333333333333333	AGQISGSK:0.26666666666666666	LTHALGGF:0.3333333333333333	ERMYMVHK:0.26666666666666666	IKGRIPTS:0.2	GSKKYMLE:0.3333333333333333	RMYMVHKE:0.26666666666666666	QVVQSFVE:0.2	IRYKAVED:0.3333333333333333	LRFPFNED:0.26666666666666666	CSKDSTRQ:0.26666666666666666	HALGGFYY:0.3333333333333333	IVVDDCSK:0.2	RIPTSSVV:0.2	KAVEDYHC:0.5333333333333333	PFNEDIRY:0.3333333333333333	GFYYRILR:0.26666666666666666	KNNGAPAA:0.2	DYHCWLRI:0.2	GGFYYRIL:0.26666666666666666	YYRILRKG:0.26666666666666666	FYYRILRK:0.26666666666666666	YRILRKGL:0.26666666666666666	ELIVIDDC:0.2	LIVIDDCS:0.2	WELIVIDD:0.2	LYTLTHAL:0.2	LGGFYYRI:0.2	IMPSYNAE:0.2	
