cluster number:1334
GT2:27	GT2:27
RIWTGSIA:0.2962962962962963	SAARNTGL:0.3333333333333333	SDTTGSEA:0.2222222222222222	AGVSAARN:0.25925925925925924	TERCVNGE:0.2962962962962963	SLRIWTGS:0.2222222222222222	IWTGSIAF:0.2222222222222222	WTGSIAFK:0.2222222222222222	GDYVLFLD:0.2962962962962963	VLFLDGDD:0.3333333333333333	IYKALSRA:0.2222222222222222	TENYFYNL:0.25925925925925924	YNLKTCLN:0.2222222222222222	LKTCLNGT:0.2962962962962963	SIVVPMYN:0.2222222222222222	ISIPDVLS:0.2222222222222222	QEFIYKAL:0.3333333333333333	VIIIDDGS:0.37037037037037035	FIYKALSR:0.2222222222222222	IVVPMYNL:0.2222222222222222	EVIIIDDG:0.3333333333333333	YVLFLDGD:0.3333333333333333	VVPMYNLE:0.2222222222222222	DTTGSEAL:0.2222222222222222	YTERCVNG:0.2962962962962963	ENYFYNLK:0.37037037037037035	AARNTGLA:0.25925925925925924	DYVLFLDG:0.2962962962962963	NLKTCLNG:0.2962962962962963	EFIYKALS:0.2222222222222222	RCVNGEDQ:0.2962962962962963	NGEDQEFI:0.3333333333333333	LRIWTGSI:0.2962962962962963	IIIDDGST:0.37037037037037035	EDQEFIYK:0.3333333333333333	TGSIAFKR:0.2222222222222222	VNGEDQEF:0.37037037037037035	NAGVSAAR:0.25925925925925924	YFYNLKTC:0.3333333333333333	LFLDGDDY:0.25925925925925924	DQEFIYKA:0.3333333333333333	ERCVNGED:0.2962962962962963	FYNLKTCL:0.3333333333333333	GVSAARNT:0.3333333333333333	IIDDGSTD:0.37037037037037035	CVNGEDQE:0.4074074074074074	GEDQEFIY:0.3333333333333333	NYFYNLKT:0.37037037037037035	VSAARNTG:0.3333333333333333	ARNTGLAA:0.2222222222222222	VSAARNRG:0.25925925925925924	GVSAARNR:0.25925925925925924	ASGDYVLF:0.2222222222222222	SGDYVLFL:0.2222222222222222	
