cluster number:2399
GT2:22	GT2:22
RGWTWKGR:0.36363636363636365	ASLLGLGF:0.45454545454545453	AEWMVQPI:0.5	EVVEDLAL:0.4090909090909091	VVEDLALA:0.4090909090909091	GPFMLFRR:0.5454545454545454	LALARRIK:0.22727272727272727	CGCLAEWM:0.22727272727272727	TSLTVVIP:0.2727272727272727	SLLGLGFP:0.45454545454545453	LLGLGFPI:0.45454545454545453	AGEVVEDL:0.2727272727272727	HRALAGEV:0.22727272727272727	EDLALARR:0.2727272727272727	GWTWKGRS:0.2727272727272727	VAFAAGPF:0.4090909090909091	DLALARRI:0.22727272727272727	GLGFPILE:0.22727272727272727	AAGPFMLF:0.6363636363636364	ERWVGKNW:0.36363636363636365	IGGHRALA:0.5	GGHRALAG:0.22727272727272727	GCLAEWMV:0.22727272727272727	LAGEVVED:0.2727272727272727	GEVVEDLA:0.2727272727272727	VEDLALAR:0.4090909090909091	SLTVVIPA:0.36363636363636365	FAAGPFML:0.6363636363636364	TVVIPAFN:0.2727272727272727	KNWFLGLD:0.4090909090909091	VIPAFNEA:0.22727272727272727	GHRALAGE:0.22727272727272727	TWKGRSLA:0.22727272727272727	CLAEWMVQ:0.4090909090909091	WVLFIDAD:0.2727272727272727	LTVVIPAF:0.2727272727272727	AGPFMLFR:0.5	NWFLGLDR:0.3181818181818182	LAEWMVQP:0.4090909090909091	WTWKGRSL:0.36363636363636365	VLFIDADV:0.2727272727272727	ALAGEVVE:0.2727272727272727	LGLGFPIL:0.22727272727272727	RALAGEVV:0.22727272727272727	AFAAGPFM:0.5909090909090909	GRGWTWKG:0.36363636363636365	TGRGWTWK:0.36363636363636365	PFMLFRRS:0.45454545454545453	WEVLVVDD:0.22727272727272727	VVIPAFNE:0.2727272727272727	LWEGWTKN:0.5454545454545454	WEGWTKNW:0.5454545454545454	AALWEGWT:0.3181818181818182	EGWTKNWF:0.4090909090909091	GWTKNWFL:0.3181818181818182	WTKNWFLG:0.3181818181818182	WVGKNWAC:0.6363636363636364	ALWEGWTK:0.45454545454545453	TKNWFLGL:0.3181818181818182	LRYLLGLD:0.3181818181818182	VGKNWACS:0.2727272727272727	RWVGKNWA:0.45454545454545453	EWMVQPIM:0.4090909090909091	WMVQPIMA:0.4090909090909091	RYLLGLDA:0.3181818181818182	RLRYLLGL:0.3181818181818182	GGHRLRYL:0.22727272727272727	GHRLRYLL:0.22727272727272727	ADLLSLAP:0.22727272727272727	VGKNWACT:0.2727272727272727	LAALWEGW:0.22727272727272727	DAVDLRMY:0.3181818181818182	WLMGAGGL:0.3181818181818182	MVQPIMAS:0.3181818181818182	HRLRYLLG:0.22727272727272727	VIPAYNEA:0.4090909090909091	QPIMASLL:0.36363636363636365	GLDAVDLR:0.2727272727272727	DLLSLAPR:0.22727272727272727	YLLGLDAV:0.22727272727272727	PIMASLLG:0.36363636363636365	LLSLAPRL:0.22727272727272727	VVIPAYNE:0.4090909090909091	IMASLLGL:0.36363636363636365	VQPIMASL:0.36363636363636365	WWLMGAGG:0.3181818181818182	LGLDAVDL:0.3181818181818182	LLGLDAVD:0.22727272727272727	LDAVDLRM:0.2727272727272727	MASLLGLG:0.36363636363636365	GGLLVGAI:0.2727272727272727	AGGLLVGA:0.22727272727272727	GLLVGAIG:0.22727272727272727	WLLFIDAD:0.22727272727272727	LLFIDADV:0.22727272727272727	GAGGLLVG:0.22727272727272727	LLVGAIGP:0.22727272727272727	LFIDADVR:0.2727272727272727	MGAGGLLV:0.22727272727272727	LMGAGGLL:0.22727272727272727	FIDADVRL:0.2727272727272727	IPAYNEAA:0.22727272727272727	IDADVRLK:0.22727272727272727	DADVRLKP:0.22727272727272727	
