cluster number:638
GT2:12	GT2:12|GT26:1
GFPDDDCW:0.4166666666666667	FPDDDCWY:0.9166666666666666	LDEHAYAR:0.25	MLDGVTGM:0.3333333333333333	PGTLHAVA:0.25	TSYTIFLR:0.4166666666666667	EPLAVLDE:0.4166666666666667	VNRFNVWV:0.3333333333333333	FGHVLRIN:0.3333333333333333	VLYMIARP:0.3333333333333333	KFSLIMAT:0.4166666666666667	GRRYNRGF:0.3333333333333333	LYMIARPV:0.3333333333333333	GEEVDFLV:0.3333333333333333	RYPLAYVL:0.3333333333333333	IARPVAGC:0.3333333333333333	FDVELGVG:0.25	IAASHRLL:0.3333333333333333	WGAGEEVD:0.3333333333333333	YNRGFGHV:0.3333333333333333	PLAYVLYM:0.3333333333333333	KGKSRATN:0.3333333333333333	YMIARPVA:0.3333333333333333	HPEPLAVL:0.4166666666666667	DDDCWYRP:0.5	GRSDEIER:0.25	HVLRINRY:0.3333333333333333	HHPEPLAV:0.3333333333333333	DCWYRPGT:0.3333333333333333	CWYRPGTL:0.3333333333333333	ASHRLLGW:0.3333333333333333	RPGTLHAV:0.25	YRPGTLHA:0.25	DDCWYRPG:0.4166666666666667	SADRMLDG:0.3333333333333333	AKYYWIAA:0.3333333333333333	NVWVCATS:0.3333333333333333	RRYNRGFG:0.3333333333333333	VVAFPDDD:0.3333333333333333	LIMATLGR:0.4166666666666667	SHRLLGWM:0.3333333333333333	YVLYMIAR:0.3333333333333333	CATSYTIF:0.4166666666666667	DEHAYARG:0.25	AASHRLLG:0.3333333333333333	DRMLDGVT:0.3333333333333333	WYRPGTLH:0.25	AFPDDDCW:0.4166666666666667	AGEEVDFL:0.3333333333333333	IFLRRSAV:0.3333333333333333	AAGRPSQG:0.3333333333333333	ATSYTIFL:0.4166666666666667	EVDFLVRA:0.3333333333333333	LDGVTGMS:0.3333333333333333	SEKGKSRA:0.25	LAVLDEHA:0.25	TIFLRRSA:0.3333333333333333	AVLDEHAY:0.25	SLIMATLG:0.4166666666666667	RSEKGKSR:0.25	LSADRMLD:0.3333333333333333	GFGHVLRI:0.3333333333333333	RFNVWVCA:0.3333333333333333	AYVLYMIA:0.3333333333333333	ADRMLDGV:0.3333333333333333	VCATSYTI:0.3333333333333333	SYTIFLRR:0.3333333333333333	VAFPDDDC:0.4166666666666667	RINRYPLA:0.3333333333333333	PDDDCWYR:0.5	HAYARGRR:0.25	RPSQGRWA:0.3333333333333333	PSQGRWAT:0.5	LRSEKGKS:0.25	LAYVLYMI:0.3333333333333333	RVHHPEPL:0.3333333333333333	FSLIMATL:0.3333333333333333	RWGAGEEV:0.3333333333333333	MIARPVAG:0.3333333333333333	EHAYARGR:0.25	YPLAYVLY:0.3333333333333333	GTLHAVAA:0.25	INRYPLAY:0.3333333333333333	RMLDGVTG:0.3333333333333333	LRINRYPL:0.3333333333333333	VWVCATSY:0.3333333333333333	AYARGRRY:0.25	YWIAASHR:0.3333333333333333	ARGRRYNR:0.25	GKSRATNV:0.3333333333333333	MATLGRSD:0.3333333333333333	YARGRRYN:0.25	DVVAFPDD:0.25	SRWGAGEE:0.25	RGFGHVLR:0.3333333333333333	VHHPEPLA:0.3333333333333333	YTIFLRRS:0.3333333333333333	GAGEEVDF:0.3333333333333333	IMATLGRS:0.3333333333333333	PEPLAVLD:0.4166666666666667	DAAGRPSQ:0.3333333333333333	GRPSQGRW:0.3333333333333333	HRLLGWMD:0.3333333333333333	GHVLRINR:0.3333333333333333	EEVDFLVR:0.3333333333333333	RSDEIERM:0.25	RYNRGFGH:0.25	TLGRSDEI:0.3333333333333333	NRGFGHVL:0.3333333333333333	RAKYYWIA:0.3333333333333333	PLAVLDEH:0.25	LGRSDEIE:0.25	ATLGRSDE:0.3333333333333333	NRFNVWVC:0.3333333333333333	WVCATSYT:0.3333333333333333	MKFSLIMA:0.4166666666666667	KYYWIAAS:0.3333333333333333	VLRINRYP:0.3333333333333333	LRVHHPEP:0.3333333333333333	FNVWVCAT:0.3333333333333333	KSRATNVG:0.3333333333333333	WIAASHRL:0.3333333333333333	NRYPLAYV:0.3333333333333333	VLDEHAYA:0.25	VDFLVRAL:0.3333333333333333	YYWIAASH:0.3333333333333333	AGRPSQGR:0.3333333333333333	SRATNVGL:0.3333333333333333	RGRRYNRG:0.3333333333333333	VGLKAVTG:0.25	VAGCLLSC:0.25	PVAGCLLS:0.25	VIVVDQNP:0.3333333333333333	ARPVAGCL:0.25	DQNPDDRV:0.25	RPVAGCLL:0.25	EVIVVDQN:0.3333333333333333	IVVDQNPD:0.3333333333333333	NVGLKAVT:0.25	VVDQNPDD:0.25	VDQNPDDR:0.25	LEVIVVDQ:0.25	QAYADLEV:0.25	YADLEVIV:0.25	ADLEVIVV:0.25	AYADLEVI:0.25	DLEVIVVD:0.25	
