cluster number:2550
GT2:17	GT2:17
IIAVNDRS:0.29411764705882354	RPDDDLQL:0.35294117647058826	GGIYWRGT:0.35294117647058826	IYWRGTFY:0.35294117647058826	PDDDLQLG:0.35294117647058826	AMRPDDDL:0.23529411764705882	FTDADVRF:0.23529411764705882	PQGWLGKN:0.29411764705882354	NHALYQGY:0.23529411764705882	WRGTFYSL:0.23529411764705882	GKNHALYQ:0.23529411764705882	LGKNHALY:0.5294117647058824	LPQGWLGK:0.29411764705882354	QGWLGKNH:0.29411764705882354	MRPDDDLQ:0.29411764705882354	GIYWRGTF:0.35294117647058826	GWLGKNHA:0.8235294117647058	YWRGTFYS:0.23529411764705882	LFTDADVR:0.23529411764705882	EIIAVNDR:0.29411764705882354	LLFTDADV:0.29411764705882354	WLGKNHAL:0.8235294117647058	KNHALYQG:0.23529411764705882	LEIIAVND:0.23529411764705882	QGGIYWRG:0.35294117647058826	YLLFTDAD:0.35294117647058826	PSGWLGKN:0.23529411764705882	LPSGWLGK:0.23529411764705882	SGWLGKNH:0.23529411764705882	LLFTDADI:0.29411764705882354	GIGAFNLV:0.23529411764705882	
