cluster number:387
GT2:31	GT2:31
GMAFRSSL:0.3870967741935484	SEVPMHDM:0.25806451612903225	AGMAFRSS:0.3870967741935484	MAFRSSLK:0.3870967741935484	EVPMHDMW:0.25806451612903225	ADQDDVWL:0.5483870967741935	IGAGMAFR:0.4838709677419355	FLADQDDV:0.6129032258064516	ATFNGGRY:0.25806451612903225	PMHDMWIG:0.4838709677419355	GAGMAFRS:0.3870967741935484	GRYLREQL:0.2903225806451613	RYLREQLD:0.2903225806451613	YIGAGMAF:0.4838709677419355	QLVVVSDL:0.3225806451612903	IFLADQDD:0.7419354838709677	PIPSEVPM:0.25806451612903225	NGGRYLRE:0.2903225806451613	IPSEVPMH:0.25806451612903225	YLREQLDS:0.3225806451612903	GDIIFLAD:0.3225806451612903	FNGGRYLR:0.25806451612903225	LTLYRRHD:0.41935483870967744	DQDDVWLP:0.25806451612903225	LADQDDVW:0.6451612903225806	DIIFLADQ:0.3548387096774194	PSEVPMHD:0.25806451612903225	VPMHDMWI:0.41935483870967744	LREQLDSI:0.3548387096774194	TLYRRHDF:0.22580645161290322	LYRRHDFN:0.22580645161290322	REQLDSIL:0.3225806451612903	GGRYLREQ:0.2903225806451613	TFNGGRYL:0.25806451612903225	IIFLADQD:0.3870967741935484	RSHYIGAG:0.25806451612903225	SKEGWLNN:0.22580645161290322	SVCIATFN:0.22580645161290322	RSVCIATF:0.22580645161290322	SDDGSVDD:0.22580645161290322	GDLIFLAD:0.25806451612903225	CIATFNGG:0.22580645161290322	LIFLADQD:0.2903225806451613	MWIGLLGG:0.25806451612903225	HDMWIGLL:0.3225806451612903	MHDMWIGL:0.3548387096774194	REPLTLYR:0.25806451612903225	VCIATFNG:0.22580645161290322	PLTLYRRH:0.3225806451612903	EPLTLYRR:0.25806451612903225	HYIGAGMA:0.25806451612903225	DLIFLADQ:0.25806451612903225	SHYIGAGM:0.25806451612903225	IRSHYIGA:0.22580645161290322	ISDDGSVD:0.25806451612903225	DGSVDDTW:0.22580645161290322	DMWIGLLG:0.25806451612903225	DQDDVWLE:0.25806451612903225	DDGSVDDT:0.22580645161290322	
