cluster number:785
GT2:11	GT2:11
NWELLISD:0.36363636363636365	WELLISDD:0.36363636363636365	FTGEIFNN:0.36363636363636365	GFKFYFQP:0.36363636363636365	LINRGFKF:0.2727272727272727	DLNMRLIN:0.36363636363636365	RASVLGVC:0.2727272727272727	VIVPRLIE:0.36363636363636365	VSTYNSFD:0.2727272727272727	IILPTYNR:0.7272727272727273	QLVFFIED:0.36363636363636365	SYTNWELL:0.2727272727272727	REESDLNM:0.36363636363636365	LNMRLINR:0.2727272727272727	EKLVSTYN:0.36363636363636365	PTYNRASV:0.2727272727272727	FNNYGQDS:0.2727272727272727	TGEIFNNY:0.45454545454545453	FKFYFQPA:0.36363636363636365	KAYKGTYC:0.36363636363636365	KGTYCREE:0.36363636363636365	KLVSTYNS:0.36363636363636365	GQLVFFIE:0.36363636363636365	KFTGEIFN:0.36363636363636365	FFIEDDLV:0.36363636363636365	AYKGTYCR:0.36363636363636365	EESDLNMR:0.36363636363636365	GYEEKAYK:0.5454545454545454	LLISDDCS:0.2727272727272727	NRGFKFYF:0.2727272727272727	SVLNQSYT:0.2727272727272727	QTYYYARN:0.2727272727272727	RGFKFYFQ:0.2727272727272727	ARNHIVFL:0.2727272727272727	TGGCRLSG:0.36363636363636365	MRLINRGF:0.2727272727272727	YARNHIVF:0.2727272727272727	ELLISDDC:0.2727272727272727	LNQSYTNW:0.2727272727272727	IVPRLIEN:0.36363636363636365	CREESDLN:0.36363636363636365	KFYFQPAA:0.36363636363636365	EKAYKGTY:0.5454545454545454	GTYCREES:0.36363636363636365	NRASVLGV:0.2727272727272727	SDLNMRLI:0.36363636363636365	TYCREESD:0.36363636363636365	YKGTYCRE:0.36363636363636365	IEDDLVLH:0.36363636363636365	EDDLVLHQ:0.36363636363636365	YFQPAAVA:0.36363636363636365	GEIFNNYG:0.36363636363636365	TYYYARNH:0.2727272727272727	YEEKAYKG:0.5454545454545454	LVFFIEDD:0.36363636363636365	IGGYEEKA:0.5454545454545454	VLNQSYTN:0.2727272727272727	TYNRASVL:0.2727272727272727	GHACCLYP:0.36363636363636365	NQSYTNWE:0.2727272727272727	FYFQPAAV:0.36363636363636365	DDCSTDNT:0.45454545454545453	LVSTYNSF:0.36363636363636365	YNRASVLG:0.2727272727272727	YYYARNHI:0.2727272727272727	NMRLINRG:0.2727272727272727	RLINRGFK:0.2727272727272727	NNYGQDSG:0.2727272727272727	INRGFKFY:0.2727272727272727	TNWELLIS:0.2727272727272727	PLVSIILP:0.2727272727272727	EEKAYKGT:0.5454545454545454	MGHACCLY:0.36363636363636365	LISDDCST:0.2727272727272727	YTNWELLI:0.2727272727272727	LPTYNRAS:0.2727272727272727	VSIILPTY:0.7272727272727273	SDDCSTDN:0.45454545454545453	SIILPTYN:0.7272727272727273	VPRLIENT:0.36363636363636365	YYARNHIV:0.2727272727272727	VFFIEDDL:0.36363636363636365	ILPTYNRA:0.36363636363636365	QSYTNWEL:0.2727272727272727	ISDDCSTD:0.36363636363636365	GGYEEKAY:0.5454545454545454	FIEDDLVL:0.36363636363636365	IFNNYGQD:0.36363636363636365	LVSIILPT:0.5454545454545454	YCREESDL:0.45454545454545453	ESDLNMRL:0.36363636363636365	EIFNNYGQ:0.36363636363636365	CLEKLVST:0.36363636363636365	LEKLVSTY:0.36363636363636365	NKFTGEIF:0.36363636363636365	HNLGLPRN:0.2727272727272727	HEHNLGLP:0.2727272727272727	STGGCRLS:0.2727272727272727	FLLRNFGI:0.2727272727272727	NLGLPRNR:0.2727272727272727	LGLPRNRN:0.2727272727272727	EHNLGLPR:0.2727272727272727	VSTGGCRL:0.2727272727272727	IVIVPRLI:0.2727272727272727	DCSTDNTV:0.2727272727272727	ILPTYNRS:0.2727272727272727	YTNWELII:0.2727272727272727	TNWELIIS:0.2727272727272727	TYTNWELI:0.2727272727272727	NWELIISD:0.2727272727272727	LIISDDGS:0.2727272727272727	WELIISDD:0.2727272727272727	ELIISDDG:0.2727272727272727	QTYTNWEL:0.2727272727272727	
