cluster number:768
GT2:54	GT2:54
FPDQPLME:0.24074074074074073	SGIATGDQ:0.3333333333333333	DQPLMEDI:0.3333333333333333	PLMEDIEL:0.4074074074074074	TGDQAIFV:0.2777777777777778	LLFLHADT:0.7777777777777778	GRARQMNA:0.2962962962962963	LFLHADTR:0.25925925925925924	LHADTRLP:0.3148148148148148	LMEDIELS:0.3333333333333333	ATGDQAIF:0.37037037037037035	RARQMNAG:0.2777777777777778	GIATGDQA:0.48148148148148145	ARQMNAGA:0.2777777777777778	QPLMEDIE:0.5	PDQPLMED:0.37037037037037035	GFPDQPLM:0.2222222222222222	IATGDQAI:0.3333333333333333	GGFPDQPL:0.2222222222222222	FLHADTRL:0.3148148148148148	ILLMWRLR:0.3148148148148148	TILLMWRL:0.3148148148148148	EDIELSKR:0.2222222222222222	MWRLRYRY:0.2037037037037037	RLRYRYWR:0.2037037037037037	LFLHADTQ:0.3148148148148148	LMWRLRYR:0.2037037037037037	TGIATGDQ:0.37037037037037035	MEDIELSK:0.24074074074074073	DIELSKRL:0.2222222222222222	GIATGDQG:0.2037037037037037	LRYRYWRG:0.2037037037037037	WRLRYRYW:0.2037037037037037	LSGIATGD:0.24074074074074073	RSRLSGIA:0.24074074074074073	RLSGIATG:0.24074074074074073	SRLSGIAT:0.24074074074074073	LHADTQLP:0.3148148148148148	FLHADTQL:0.3148148148148148	VLLFLHAD:0.2222222222222222	SRLTGIAT:0.24074074074074073	LTGIATGD:0.25925925925925924	RSRLTGIA:0.24074074074074073	RLTGIATG:0.24074074074074073	
