cluster number:978
GT2:45	GT2:45|GT1:1
RGLAGARN:0.7111111111111111	GIPEALTL:0.35555555555555557	RNTGIRHA:0.3333333333333333	IEGIPEAL:0.28888888888888886	LAGARNTG:0.6222222222222222	ARAYQLRY:0.4444444444444444	NPIGNGSA:0.24444444444444444	GARNTGIR:0.5111111111111111	RAYQLRYL:0.4666666666666667	QSEDIECW:0.4222222222222222	GLAGARNT:0.6222222222222222	GEYLAFLD:0.2222222222222222	YQLRYLAR:0.4888888888888889	QLRYLARR:0.4444444444444444	PEALTLYR:0.37777777777777777	NRGLAGAR:0.7111111111111111	IPEALTLY:0.35555555555555557	EDIECWLR:0.37777777777777777	EGIPEALT:0.35555555555555557	ARNTGIRH:0.35555555555555557	RQSEDIEC:0.4	ALTLYRVN:0.35555555555555557	DIECWLRI:0.28888888888888886	RYLARRAV:0.26666666666666666	AGARNTGI:0.6	AYQLRYLA:0.4888888888888889	LRYLARRA:0.4444444444444444	RNPIGNGS:0.24444444444444444	EALTLYRV:0.28888888888888886	SEDIECWL:0.3333333333333333	FRQSEDIE:0.4	SVIIPVYN:0.2222222222222222	ANRGLAGA:0.24444444444444444	DDLWLPEK:0.28888888888888886	QANRGLAG:0.24444444444444444	VSVIIPVY:0.2	YLAFLDGD:0.2	LDGDDLWL:0.2	LAFLDGDD:0.2	IECWLRIA:0.2	GNGSAPVI:0.2	FLDGDDLW:0.2222222222222222	IGNGSAPV:0.2	NGSAPVIR:0.2	WKIEGIPE:0.2	AFLDGDDL:0.2222222222222222	DGDDLWLP:0.2	PIGNGSAP:0.2	HAQGEYLA:0.2	AQGEYLAF:0.2222222222222222	VGVSFSRS:0.24444444444444444	DLWLPEKL:0.2222222222222222	
