cluster number:1765
GT2:24	GT2:24
IIIADDGS:0.875	EIIIADDG:0.9166666666666666	HLWQEDQG:0.20833333333333334	QEDQGFRK:0.20833333333333334	IIADDGST:0.2916666666666667	LDGDCIVQ:0.20833333333333334	KSGSWATE:0.20833333333333334	ALKLCLES:0.375	NWPQALKL:0.375	WPQALKLC:0.375	ITHLWQED:0.3333333333333333	YLVFLDGD:0.3333333333333333	VTGSRVLL:0.20833333333333334	LVFLDGDC:0.3333333333333333	ATYNWPQA:0.375	WRRIKGCN:0.4583333333333333	RLSGGINK:0.25	TYNWPQAL:0.4166666666666667	FVWRRIKG:0.375	LKLCLESL:0.375	FLDGDCIV:0.20833333333333334	WGHEDADF:0.4583333333333333	DQSNAAEN:0.20833333333333334	LLATYNWP:0.375	QSNAAENA:0.20833333333333334	RKSGSWAT:0.20833333333333334	RRIKGCNM:0.4583333333333333	TGWGHEDA:0.375	LVTGSRVL:0.20833333333333334	WQEDQGFR:0.20833333333333334	IKGCNMAC:0.375	YNWPQALK:0.375	NMACWKAD:0.3333333333333333	YKKFVWRR:0.375	VFLDGDCI:0.20833333333333334	PQALKLCL:0.375	VWRRIKGC:0.375	LATYNWPQ:0.375	KGCNMACW:0.375	GCNMACWK:0.375	RIKGCNMA:0.4583333333333333	RVREKILA:0.25	MACWKADA:0.3333333333333333	SGSWATEV:0.20833333333333334	LSGGINKY:0.25	VREKILAK:0.375	LWQEDQGF:0.20833333333333334	CNMACWKA:0.375	QALKLCLE:0.375	DFEIIIAD:0.20833333333333334	FEIIIADD:0.625	KFVWRRIK:0.375	REKILAKA:0.3333333333333333	GWGHEDAD:0.4583333333333333	MTGWGHED:0.375	KKFVWRRI:0.375	DADFVFRL:0.20833333333333334	HEDADFVF:0.20833333333333334	EDADFVFR:0.20833333333333334	GHEDADFV:0.2916666666666667	ADFVFRLQ:0.20833333333333334	INKYWPLK:0.20833333333333334	SVLLATYN:0.20833333333333334	YRLSGGIN:0.20833333333333334	LLSYRLSG:0.20833333333333334	LSYRLSGG:0.20833333333333334	SYRLSGGI:0.20833333333333334	MISVLLAT:0.20833333333333334	ISVLLATY:0.20833333333333334	GINKYWPL:0.20833333333333334	GGINKYWP:0.20833333333333334	VLLATYNW:0.20833333333333334	IIADDGSG:0.25	NFEIIIAD:0.2916666666666667	IIADDGSK:0.2916666666666667	ATEVFHLF:0.20833333333333334	PITHLWQE:0.20833333333333334	EKILAKAR:0.20833333333333334	TEVFHLFH:0.20833333333333334	RHYKKFVW:0.20833333333333334	WATEVFHL:0.20833333333333334	VPITHLWQ:0.20833333333333334	WRHYKKFV:0.20833333333333334	HYKKFVWR:0.20833333333333334	IADDGSKE:0.25	
