cluster number:645
GT2:72	GT2:72
HGTPLKKL:0.2638888888888889	VILYAPTW:0.2222222222222222	DILITDYS:0.25	KKVILYAP:0.2777777777777778	YAPTWRDD:0.4583333333333333	SSVFFDYA:0.3472222222222222	ILITDYSS:0.25	TWHGTPLK:0.75	DYSSVFFD:0.6944444444444444	KVILYAPT:0.2777777777777778	ILYAPTWR:0.3611111111111111	SDILITDY:0.25	LITDYSSV:0.7638888888888888	SVFFDYAN:0.2361111111111111	LYAPTWRD:0.7361111111111112	YSSVFFDY:0.5416666666666666	ITDYSSVF:0.6944444444444444	GYPRNDIL:0.3472222222222222	WHGTPLKK:0.2916666666666667	LQTWHGTP:0.20833333333333334	QTWHGTPL:0.4444444444444444	TDYSSVFF:0.6944444444444444	VFFDYANL:0.2361111111111111	VLYAPTWR:0.3888888888888889	VVLYAPTW:0.3194444444444444	KVVLYAPT:0.2777777777777778	DVLITDYS:0.375	KKVVLYAP:0.20833333333333334	ISDVLITD:0.2222222222222222	SDVLITDY:0.2638888888888889	APTWRDDE:0.3472222222222222	PTWRDDEF:0.25	VLITDYSS:0.4166666666666667	TDYSSVMF:0.2916666666666667	DYSSVMFD:0.2916666666666667	YAPTWRDN:0.2777777777777778	ITDYSSVM:0.2916666666666667	WYYMARAK:0.2361111111111111	GFDEPHFK:0.25	LKTIGTDV:0.2361111111111111	IPLFMDDI:0.2222222222222222	YSDNPKAI:0.20833333333333334	DLYLISDV:0.20833333333333334	TGFVRRFD:0.2361111111111111	VETLHGTF:0.20833333333333334	YSSVMFDF:0.2361111111111111	IEVETLHG:0.20833333333333334	HGTPLKTI:0.25	KYWYYMAR:0.2361111111111111	LFMDDIAD:0.2222222222222222	QIEVETLH:0.20833333333333334	PLMRLLPL:0.2222222222222222	DIPLFMDD:0.2222222222222222	GTPLKTIG:0.25	PLKTIGTD:0.2361111111111111	YPLMRLLP:0.2222222222222222	FMDDIADA:0.2222222222222222	MDDIADAD:0.2222222222222222	PLFMDDIA:0.2222222222222222	ETLHGTFM:0.20833333333333334	KTIGTDVQ:0.2222222222222222	MGFDEPHF:0.25	FKYWYYMA:0.2361111111111111	SDNPKAIY:0.20833333333333334	YWYYMARA:0.2361111111111111	WHGTPLKT:0.25	GQIEVETL:0.20833333333333334	YDTTSWNK:0.2222222222222222	TPLKTIGT:0.2361111111111111	EVETLHGT:0.20833333333333334	YYMARAKY:0.2361111111111111	TLHGTFMK:0.2638888888888889	AFVDGDDI:0.2361111111111111	
