cluster number:190
GT2:24	GT2:24|GT4:1
VAFIDDDA:0.875	GISYSRTR:0.25	IDDDAVAE:0.4583333333333333	AFIDDDAV:0.625	SFWQGYSK:0.4583333333333333	DDAVAEPD:0.20833333333333334	RSFWQGYS:0.4583333333333333	DAVAEPDW:0.20833333333333334	GDVVAFID:0.5	FPAEFYWL:0.3333333333333333	DDDAVAEP:0.25	VVAFIDDD:0.6666666666666666	GSNISYRR:0.2916666666666667	LFDYRGDF:0.20833333333333334	AEFYWLVG:0.375	PAEFYWLV:0.375	YGSNISYR:0.2916666666666667	VSVVICTY:0.20833333333333334	FWQGYSKR:0.5416666666666666	FIDDDAVA:0.5833333333333334	DVVAFIDD:0.5	ISYSRTRG:0.25	FLEVGGYD:0.20833333333333334	ISFRRDVF:0.25	LEVVLVVD:0.25	TFESNISF:0.20833333333333334	EEFYWLVG:0.25	NISFRRDV:0.25	PEEFYWLV:0.25	SFRRDVFL:0.20833333333333334	SNISFRRD:0.25	NTFESNIS:0.20833333333333334	RNTFESNI:0.20833333333333334	VSVVVCTY:0.4583333333333333	EVVLVVDG:0.2916666666666667	SVVVCTYA:0.25	LRNTYGSN:0.2916666666666667	NQGISYSR:0.25	GFGYLYGL:0.2916666666666667	GDRHIQAH:0.3333333333333333	HCNDENQG:0.2916666666666667	ERYDVFSE:0.20833333333333334	IYNTDAVV:0.25	VGCDERGM:0.25	FTAAVGFG:0.375	FRSFWQGY:0.20833333333333334	ENQGISYS:0.25	GRKGDRHI:0.2916666666666667	WQGYSKRI:0.3333333333333333	RIMDLLLP:0.25	ARVYEETD:0.20833333333333334	IFVFTAAV:0.375	MEELRNTY:0.20833333333333334	FYWLVGCD:0.375	EKPDFFPA:0.20833333333333334	KPDFFPAE:0.2916666666666667	TYGSNISY:0.2916666666666667	RNTYGSNI:0.4583333333333333	YNTDAVVH:0.2916666666666667	NDENQGIS:0.2916666666666667	ERGMGEHM:0.20833333333333334	AAVGFGYL:0.3333333333333333	CNDENQGI:0.2916666666666667	WVTEKPDF:0.25	HEAPVCIR:0.3333333333333333	DERGMGEH:0.20833333333333334	RKGDRHIQ:0.2916666666666667	VIYNTDAV:0.25	YDVFSECV:0.2916666666666667	ELARVYEE:0.20833333333333334	DRHIQAHE:0.3333333333333333	ELRNTYGS:0.2916666666666667	VVHHKLFD:0.25	IQAHEAPV:0.3333333333333333	DAVVHHKL:0.3333333333333333	LFDYRGEF:0.20833333333333334	EFYWLVGC:0.5	SKRIMDLL:0.25	NTDAVVHH:0.2916666666666667	VFTAAVGF:0.3333333333333333	RYDVFSEC:0.2916666666666667	YSKRIMDL:0.25	GCDERGMG:0.25	HMEELRNT:0.20833333333333334	FVFTAAVG:0.375	SNISYRRD:0.25	RVYEETDA:0.20833333333333334	HHKLFDYR:0.3333333333333333	NTGRKGDR:0.3333333333333333	KGDRHIQA:0.2916666666666667	LVFRSFWQ:0.20833333333333334	VFRSFWQG:0.20833333333333334	TGRKGDRH:0.3333333333333333	DWVTEKPD:0.25	QAHEAPVC:0.375	VTEKPDFF:0.25	GVIYNTDA:0.25	VHHKLFDY:0.3333333333333333	TDAVVHHK:0.2916666666666667	RHIQAHEA:0.3333333333333333	AHEAPVCI:0.3333333333333333	TEKPDFFP:0.2916666666666667	DFFPAEFY:0.2916666666666667	MERYDVFS:0.20833333333333334	AVGFGYLY:0.3333333333333333	TAAVGFGY:0.375	AVVHHKLF:0.3333333333333333	QGISYSRT:0.25	AIFVFTAA:0.25	YWLVGCDE:0.375	KRIMDLLL:0.25	SYSRTKGA:0.25	DENQGISY:0.25	MDLLLPEA:0.25	NTYGSNIS:0.4583333333333333	GISYSRTK:0.25	HKLFDYRG:0.3333333333333333	ISYSRTKG:0.25	GYSKRIMD:0.3333333333333333	IMDLLLPE:0.25	WLVFRSFW:0.20833333333333334	HIQAHEAP:0.3333333333333333	LVGCDERG:0.375	PDFFPAEF:0.2916666666666667	LARVYEET:0.20833333333333334	CDERGMGE:0.20833333333333334	QGYSKRIM:0.3333333333333333	FFPAEFYW:0.2916666666666667	VGFGYLYG:0.3333333333333333	EELRNTYG:0.20833333333333334	WLVGCDER:0.375	AFIDDDAT:0.20833333333333334	VVLVVDGN:0.20833333333333334	VLVVDGNE:0.25	SVVVCTYS:0.20833333333333334	VVLHCNDE:0.2916666666666667	YSRTRGAE:0.25	GGYDENTG:0.2916666666666667	SYSRTRGA:0.2916666666666667	VGGYDENT:0.2916666666666667	FSECVDSV:0.20833333333333334	GYDENTGR:0.2916666666666667	ETDAIAVG:0.25	DVFSECVD:0.20833333333333334	YDENTGRK:0.25	SECVDSVL:0.20833333333333334	DVVLHCND:0.20833333333333334	EAPVCIRM:0.20833333333333334	VFSECVDS:0.20833333333333334	TDAIAVGG:0.25	RTRGAEIA:0.20833333333333334	ENTGRKGD:0.25	DENTGRKG:0.25	SRTRGAEI:0.20833333333333334	VLHCNDEN:0.2916666666666667	FPEEFYWL:0.20833333333333334	EVRNTYGS:0.20833333333333334	VRNTYGSN:0.20833333333333334	FFPEEFYW:0.20833333333333334	EEVRNTYG:0.20833333333333334	MKVSVVVC:0.20833333333333334	VESVLAQT:0.20833333333333334	KVSVVVCT:0.20833333333333334	TGDVVAFI:0.2916666666666667	ATGDVVAF:0.2916666666666667	LHCNDENQ:0.20833333333333334	
