cluster number:814
GT2:18	GT2:18
AWYADHRY:0.5	WYADHRYR:0.5555555555555556	LAWYADHR:0.5555555555555556	GTGAAADT:0.6666666666666666	VVDNGSTD:0.5555555555555556	DFTLVVVD:0.2222222222222222	EDVHEDRA:0.2222222222222222	NMAITAEL:0.3888888888888889	TDADCLPA:0.3888888888888889	LARTDADC:0.6666666666666666	AAADTGMR:0.6111111111111112	TLAWYADH:0.5555555555555556	RALVNAVR:0.3888888888888889	VVVDNGST:0.5555555555555556	RTDADCLP:0.7222222222222222	LWVVVPAY:0.2222222222222222	LVVVDNGS:0.2777777777777778	DVHEDRAL:0.2222222222222222	GAAADTGM:0.6111111111111112	TGAAADTG:0.6666666666666666	CNMAITAE:0.2777777777777778	DTGMRHAI:0.2777777777777778	GCNMAITA:0.5	WVVVPAYN:0.2222222222222222	FTLVVVDN:0.2222222222222222	DRALVNAV:0.3888888888888889	AADTGMRH:0.2222222222222222	MAITAELY:0.3888888888888889	EDRALVNA:0.3888888888888889	ADTGMRHA:0.2222222222222222	IEDVHEDR:0.2222222222222222	VVVPAYNE:0.2222222222222222	KGTGAAAD:0.6666666666666666	DADCLPAP:0.2777777777777778	VHEDRALV:0.2222222222222222	WLARTDAD:0.3333333333333333	ARTDADCL:0.7777777777777778	YADHRYRP:0.5555555555555556	HEDRALVN:0.4444444444444444	IRPGNKGE:0.2222222222222222	LGPYQMLP:0.2222222222222222	SSRRVKAW:0.2777777777777778	AVEVASFF:0.2222222222222222	PYQMLPGC:0.2222222222222222	VVVVDNGS:0.2777777777777778	NTLAWYAD:0.3333333333333333	ADHRYRPE:0.3333333333333333	MLPGCNMA:0.2222222222222222	GEGYLGPY:0.2222222222222222	AADTGMRF:0.2222222222222222	QMLPGCNM:0.2222222222222222	PGNKGEGY:0.2222222222222222	GPYQMLPG:0.2222222222222222	EDLHEDRA:0.3888888888888889	RRVKAWGL:0.2777777777777778	VEVASFFG:0.2222222222222222	HEDRALSN:0.2222222222222222	GYLGPYQM:0.2222222222222222	ADTGMRFG:0.2222222222222222	YLGPYQML:0.2222222222222222	QKGTGAAA:0.4444444444444444	YQMLPGCN:0.2222222222222222	LHEDRALS:0.2222222222222222	EGYLGPYQ:0.2222222222222222	GNKGEGYL:0.2222222222222222	KGEGYLGP:0.2222222222222222	NKGEGYLG:0.2222222222222222	RPGNKGEG:0.2222222222222222	IEDLHEDR:0.3888888888888889	PGCNMAIT:0.4444444444444444	DLHEDRAL:0.3888888888888889	GSSRRVKA:0.2222222222222222	LPGCNMAI:0.2222222222222222	SRRVKAWG:0.2777777777777778	AAGGFPRT:0.2222222222222222	GFPRTAIE:0.3333333333333333	HLARTDAD:0.2777777777777778	GGFPRTAI:0.3333333333333333	GATHLART:0.2777777777777778	FPRTAIED:0.2777777777777778	AGGFPRTA:0.2777777777777778	THLARTDA:0.2777777777777778	ATHLARTD:0.2777777777777778	GPYVMAPG:0.2222222222222222	DNGSTDAT:0.2222222222222222	VDNGSTDA:0.3333333333333333	LRRDVVVY:0.2222222222222222	LHEDRALV:0.2222222222222222	EAQKGTGA:0.2222222222222222	AQKGTGAA:0.2222222222222222	
