cluster number:2115
GT2:516	GT2:516
LQIRDSMC:0.20348837209302326	LSLQIRDS:0.20348837209302326	QIRDSMCG:0.20348837209302326	DADGQHDL:0.49806201550387597	QIDADGQH:0.28875968992248063	IDADGQHD:0.2248062015503876	SLQIRDSM:0.20348837209302326	MCGFRVYP:0.6434108527131783	CGFRVYPL:0.5658914728682171	ISWMHTRL:0.2558139534883721	WVWIETLS:0.31007751937984496	NQGKGGAV:0.4941860465116279	SWMHTRLF:0.22093023255813954	SMCGFRVY:0.562015503875969	DSMCGFRV:0.562015503875969	RDSMCGFR:0.31007751937984496	IRDSMCGF:0.3062015503875969	KDSMCGFR:0.32558139534883723	IKDSMCGF:0.2441860465116279	APFPQGPF:0.25775193798449614	HTRLFFGM:0.4903100775193798	WMHTRLFF:0.20348837209302326	FFGMLPRI:0.20930232558139536	GFRVYPLA:0.2771317829457364	LFFGMLPR:0.2771317829457364	TRLFFGML:0.48643410852713176	FGMLPRIP:0.20736434108527133	MHTRLFFG:0.4573643410852713	RLFFGMLP:0.20930232558139536	VWVWINTL:0.2364341085271318	RYLTHVWV:0.2810077519379845	VDADGQHD:0.3953488372093023	SHALQVDA:0.3817829457364341	QGKGGAVM:0.43992248062015504	LTHVWVWI:0.2771317829457364	FSHALQVD:0.3023255813953488	RLGFSHAL:0.20348837209302326	THVWVWIN:0.28488372093023256	GFSHALQV:0.3023255813953488	HVWVWINT:0.21511627906976744	HALQVDAD:0.5329457364341085	VWINTLSL:0.3372093023255814	ALQVDADG:0.5329457364341085	KGGAVMAG:0.31976744186046513	YARYLTHV:0.32945736434108525	LQVDADGQ:0.5717054263565892	ARYLTHVW:0.2596899224806202	ILVRLAWR:0.21511627906976744	YLTHVWVW:0.27906976744186046	QVDADGQH:0.6046511627906976	LGFSHALQ:0.24806201550387597	GKGGAVMA:0.32558139534883723	WVWINTLS:0.3178294573643411	LYARYLTH:0.312015503875969	PKGRLYAR:0.2868217054263566	GRLYARYL:0.28875968992248063	SVPKGRLY:0.3953488372093023	RLYARYLT:0.312015503875969	KGRLYARY:0.2868217054263566	VPKGRLYA:0.2868217054263566	
