cluster number:1378
GT2:28	GT2:28
DGSTDETW:0.2857142857142857	DVFFLLKL:0.2857142857142857	FFLLKLVR:0.21428571428571427	ENQGVYAA:0.4642857142857143	YIREHDLR:0.21428571428571427	LGLYRRRV:0.21428571428571427	IREHDLRF:0.21428571428571427	RHFLGLYR:0.5714285714285714	VVDDGSTD:0.5714285714285714	YGQTLTGQ:0.2857142857142857	RRALVRHA:0.25	VFFLLKLV:0.21428571428571427	YAARNAAL:0.4642857142857143	TGQQWIRH:0.25	HKDILWTI:0.39285714285714285	EWPHYLWL:0.6428571428571429	IIVVDDGS:0.2857142857142857	TLTGQQWI:0.2857142857142857	SVIIPAFN:0.2857142857142857	QENQGVYA:0.4642857142857143	EGKSHKDI:0.42857142857142855	GEWVVFLD:0.39285714285714285	DVIADILA:0.21428571428571427	VVFLDADD:0.42857142857142855	SDVFFLLK:0.39285714285714285	EWVVFLDA:0.39285714285714285	FQEGKSHK:0.39285714285714285	QTLTGQQW:0.2857142857142857	TDERLILI:0.2857142857142857	IADILALS:0.21428571428571427	LVRHALVE:0.25	DDGSTDET:0.5357142857142857	SHKDILWT:0.5714285714285714	VIADILAL:0.21428571428571427	FLDADDRV:0.21428571428571427	GVYAARNA:0.5357142857142857	AYIREHDL:0.21428571428571427	GQTLTGQQ:0.2857142857142857	NIDISVII:0.21428571428571427	WVVFLDAD:0.39285714285714285	RFQEGKSH:0.39285714285714285	RHCVSQRE:0.21428571428571427	REHDLRFQ:0.21428571428571427	AARNAALA:0.39285714285714285	LTGQQWIR:0.25	NQGVYAAR:0.6071428571428571	DLRFQEGK:0.25	QEGKSHKD:0.39285714285714285	RSAYIREH:0.25	SQREWPHY:0.25	QQWIRHCV:0.25	IRHCVSQR:0.21428571428571427	PHYLWLQI:0.32142857142857145	ALVRHALV:0.25	HDLRFQEG:0.25	FLGLYRRR:0.21428571428571427	VSQREWPH:0.25	QPYGQTLT:0.2857142857142857	WPHYLWLQ:0.6428571428571429	VFLDADDR:0.35714285714285715	RALVRHAL:0.25	REWPHYLW:0.5	SAYIREHD:0.21428571428571427	GKSHKDIL:0.5714285714285714	QGVYAARN:0.6071428571428571	HCVSQREW:0.25	LRFQEGKS:0.39285714285714285	EHDLRFQE:0.21428571428571427	EIIVVDDG:0.2857142857142857	VYAARNAA:0.4642857142857143	ITDERLIL:0.39285714285714285	CVSQREWP:0.25	PYGQTLTG:0.2857142857142857	NPASITHR:0.21428571428571427	FLQERLRT:0.21428571428571427	QWIRHCVS:0.25	WIRHCVSQ:0.21428571428571427	QREWPHYL:0.25	HFLGLYRR:0.42857142857142855	LSAITDER:0.21428571428571427	AITDERLI:0.35714285714285715	IDISVIIP:0.2857142857142857	KSHKDILW:0.5714285714285714	VDDGSTDE:0.5	GQQWIRHC:0.25	VIIPAFNA:0.25	IVVDDGST:0.5357142857142857	LSDVFFLL:0.39285714285714285	SAITDERL:0.21428571428571427	CRHFLGLY:0.21428571428571427	YLWLQMVR:0.21428571428571427	VECRHFLG:0.21428571428571427	HYLWLQMV:0.21428571428571427	ECRHFLGL:0.21428571428571427	PHYLWLQM:0.25	HALVECRH:0.21428571428571427	RHALVECR:0.21428571428571427	LVECRHFL:0.21428571428571427	HQENQGVY:0.25	ALVECRHF:0.21428571428571427	FLGLYRRK:0.21428571428571427	IDVSVIIP:0.2857142857142857	DVSVIIPA:0.25	PDYYDIRA:0.21428571428571427	ITHRPDYY:0.25	SITHRPDY:0.25	THRPDYYD:0.25	
