cluster number:2426
GT2:11	GT2:11
IEQSDSRI:0.2727272727272727	KLPVYDSQ:0.2727272727272727	EQSDSRIS:0.2727272727272727	IIPCYNEA:0.45454545454545453	FLDADLAT:0.2727272727272727	GAVRAGML:0.36363636363636365	DVELLARL:0.45454545454545453	LPVYDSQC:0.36363636363636365	VYDSQCGA:0.36363636363636365	DYLGFLDA:0.2727272727272727	LDADLATP:0.2727272727272727	RQWIEQSD:0.2727272727272727	LRQWIEQS:0.2727272727272727	LKLPVYDS:0.2727272727272727	FLGVDIRR:0.2727272727272727	NVNFCFVD:0.2727272727272727	FCFVDDGS:0.2727272727272727	FISPWLFD:0.45454545454545453	SPWLFDVE:0.45454545454545453	VNFCFVDD:0.2727272727272727	LATPLTAI:0.36363636363636365	VMGSRIKF:0.2727272727272727	DLATPLTA:0.36363636363636365	VDDGSTDG:0.36363636363636365	GFLDADLA:0.2727272727272727	AVRAGMLH:0.36363636363636365	FDVELLAR:0.45454545454545453	YVGRIIAT:0.2727272727272727	QWIEQSDS:0.2727272727272727	YDSQCGAK:0.45454545454545453	DDGSTDGT:0.36363636363636365	ADLATPLT:0.36363636363636365	IKFLGVDI:0.2727272727272727	LGFLDADL:0.2727272727272727	WLFDVELL:0.45454545454545453	FDYLGFLD:0.2727272727272727	IIIPCYNE:0.45454545454545453	PFISPWLF:0.2727272727272727	SFDYLGFL:0.2727272727272727	HYVGRIIA:0.2727272727272727	RIKFLGVD:0.2727272727272727	QCGAKLFR:0.5454545454545454	RHYVGRII:0.2727272727272727	CYNEATRL:0.2727272727272727	LFDVELLA:0.45454545454545453	PCYNEATR:0.2727272727272727	LVMGSRIK:0.2727272727272727	DADLATPL:0.6363636363636364	QSDSRISS:0.2727272727272727	PVYDSQCG:0.36363636363636365	ISPWLFDV:0.45454545454545453	KFLGVDIR:0.2727272727272727	CIIIPCYN:0.36363636363636365	VRAGMLHC:0.2727272727272727	GSRIKFLG:0.2727272727272727	CFVDDGST:0.2727272727272727	RAGMLHCA:0.2727272727272727	PLRQWIEQ:0.2727272727272727	PWLFDVEL:0.45454545454545453	ILKLPVYD:0.36363636363636365	MGSRIKFL:0.2727272727272727	WIEQSDSR:0.2727272727272727	AFRHYVGR:0.2727272727272727	FVDDGSTD:0.2727272727272727	NFCFVDDG:0.2727272727272727	FRHYVGRI:0.2727272727272727	SRIKFLGV:0.2727272727272727	YLGFLDAD:0.2727272727272727	DSQCGAKL:0.45454545454545453	SQCGAKLF:0.36363636363636365	LGVDIRRD:0.2727272727272727	QGKAGAVR:0.36363636363636365	QNQGKAGA:0.2727272727272727	GKAGAVRA:0.45454545454545453	AGAVRAGM:0.45454545454545453	CGAKLFRR:0.36363636363636365	KAGAVRAG:0.45454545454545453	NQGKAGAV:0.36363636363636365	VCIIIPCY:0.2727272727272727	PVYDTQCG:0.36363636363636365	DTQCGAKL:0.2727272727272727	LPVYDTQC:0.2727272727272727	VYDTQCGA:0.2727272727272727	FDADLATP:0.2727272727272727	YDTQCGAK:0.36363636363636365	VVPCYNEA:0.2727272727272727	
