cluster number:1385
GT2:6	GT2:6
IHDFGCTL:0.5	FGCTLKAY:0.3333333333333333	PDIHDFGC:0.5	DIHDFGCT:0.5	TGPDIHDF:0.5	EGHRYIPA:0.5	MFGFLAEM:0.3333333333333333	HRYIPAKL:0.5	DDGSTDGT:1.0	LYGEGHRY:0.3333333333333333	RNFGQSAA:0.5	IVDDGSTD:0.5	CVSGWRRD:0.3333333333333333	DGSTDGTR:0.3333333333333333	TVALVLFG:0.3333333333333333	GHRYIPAK:0.5	FGFLAEMI:0.3333333333333333	GCTLKAYR:0.3333333333333333	NFGQSAAL:0.5	IPSAIQTR:0.3333333333333333	YGEGHRYI:0.3333333333333333	YDCVSGWR:0.5	VIVDDGST:0.3333333333333333	VDDGSTDG:0.8333333333333334	KTIPSAIQ:0.3333333333333333	LTVALVLF:0.3333333333333333	GPDIHDFG:0.5	GSTDGTRS:0.3333333333333333	HDFGCTLK:0.3333333333333333	RYIPAKLY:0.3333333333333333	DFGCTLKA:0.3333333333333333	VLPAYNEV:0.3333333333333333	GEGHRYIP:0.5	TIPSAIQT:0.3333333333333333	DCVSGWRR:0.3333333333333333	VSGWRRDR:0.3333333333333333	LRRNFGQS:0.3333333333333333	DGSTDGTA:0.6666666666666666	RRNFGQSA:0.3333333333333333	TSIVLPAY:0.3333333333333333	GYDCVSGW:0.3333333333333333	STDGTAET:0.3333333333333333	GSTDGTAE:0.5	PVDHRPRT:0.3333333333333333	TDGTAETI:0.3333333333333333	SIVLPAYN:0.3333333333333333	IVLPAYNE:0.3333333333333333	VVDDGSTD:0.3333333333333333	EIVVVDDG:0.3333333333333333	IVVVDDGS:0.3333333333333333	VVVDDGST:0.3333333333333333	
