cluster number:2276
GT2:22	GT2:22
MLSILIPT:0.8181818181818182	LIPTYNYN:0.5454545454545454	ILIPTYNY:0.6818181818181818	SILIPTYN:0.8636363636363636	ITEYGYED:0.22727272727272727	LSILIPTY:0.8636363636363636	IPTYNYNI:0.2727272727272727	LLFLDADV:0.36363636363636365	WLLFLDAD:0.2727272727272727	
