cluster number:2306
GT2:30	GT2:30
RFAFDGIT:0.2	FRSVGVPY:0.2	FSKGLYSW:0.2	SLGIIGEY:0.26666666666666666	ALPERARF:0.2	LIDRKGVE:0.23333333333333334	DLSVVIPV:0.2	IFAEVKRR:0.36666666666666664	ARFSKGLY:0.4	ITSFSTVP:0.2	MPLPEGAG:0.2	FDGITSFS:0.2	ADLQHPPE:0.8	ERARFSKG:0.3333333333333333	GEMPLPEG:0.2	VPGYASLI:0.3	AGDFRLID:0.23333333333333334	LQHPPELI:0.36666666666666664	SFSTVPLR:0.2	WIGFRSVG:0.2	EYIGRIFA:0.23333333333333334	PLRVWTYL:0.2	MDADLQHP:0.6	LMSLGIIG:0.23333333333333334	AERIGPAA:0.2	RFSKGLYS:0.2	LRALPERA:0.2	GRIFAEVK:0.36666666666666664	VPLRVWTY:0.23333333333333334	LFRFAFDG:0.23333333333333334	LYVVAERI:0.23333333333333334	VAERIGPA:0.2	RIFAEVKR:0.36666666666666664	YVVAERIG:0.23333333333333334	SFRKLFRF:0.2	RVWTYLGG:0.2	EMPLPEGA:0.2	GITSFSTV:0.2	IDRKGVEV:0.2	DGITSFST:0.2	FGEMPLPE:0.2	RKGVEVLR:0.2	AIAAGLDH:0.4666666666666667	WSFRKLFR:0.2	TVPLRVWT:0.23333333333333334	FRFAFDGI:0.2	GEYIGRIF:0.36666666666666664	DFRLIDRK:0.23333333333333334	IAAGLDHA:0.43333333333333335	FRLIDRKG:0.23333333333333334	YSWIGFRS:0.2	AEVKRRPL:0.36666666666666664	RPLYVVAE:0.23333333333333334	SLIVSVMF:0.2	LRVWTYLG:0.2	PLPEGAGD:0.2	GAGDFRLI:0.23333333333333334	LYSWIGFR:0.2	GLYSWIGF:0.2	IGEYIGRI:0.23333333333333334	PGYASLIV:0.3	LMDADLQH:0.2	LGIIGEYI:0.23333333333333334	FAEVKRRP:0.36666666666666664	AFDGITSF:0.2	KWSFRKLF:0.2	AAGLDHAR:0.2	GYASLIVS:0.3	GNVMVYAQ:0.2	IGRIFAEV:0.23333333333333334	VKRRPLYV:0.23333333333333334	PERARFSK:0.3	KGLYSWIG:0.2	IGFRSVGV:0.2	ASLIVSVM:0.2	RALPERAR:0.2	SWIGFRSV:0.2	GDFRLIDR:0.23333333333333334	LPERARFS:0.3	KRRPLYVV:0.23333333333333334	GFRSVGVP:0.2	RLIDRKGV:0.23333333333333334	DRKGVEVL:0.2	RRPLYVVA:0.23333333333333334	RARFSKGL:0.3333333333333333	EVKRRPLY:0.43333333333333335	MSLGIIGE:0.23333333333333334	EGAGDFRL:0.43333333333333335	FRKLFRFA:0.2	TSFSTVPL:0.2	LPEGAGDF:0.4	DADLQHPP:0.8333333333333334	FAFDGITS:0.2	EGNVMVYA:0.2	YASLIVSV:0.2	IIGEYIGR:0.2	NVMVYAQR:0.2	SKGLYSWI:0.2	RKLFRFAF:0.2	PEGAGDFR:0.43333333333333335	PLYVVAER:0.23333333333333334	DLQHPPEL:0.36666666666666664	KLFRFAFD:0.2	VVAERIGP:0.2	STVPLRVW:0.23333333333333334	FSRNFGKE:0.43333333333333335	QLMSLGII:0.23333333333333334	GIIGEYIG:0.23333333333333334	YIGRIFAE:0.23333333333333334	FSTVPLRV:0.23333333333333334	FVDDGSRD:0.26666666666666666	VFVDDGSR:0.2	GEYVGRIF:0.2	NFGKEIAI:0.43333333333333335	VIMDADLQ:0.26666666666666666	VVIMDADL:0.26666666666666666	SRNFGKEI:0.5333333333333333	VSFSRNFG:0.36666666666666664	FGKEIAIA:0.4	SFSRNFGK:0.4	YRLFARFG:0.2	AVSFSRNF:0.3333333333333333	GAVSFSRN:0.2	GKEIAIAA:0.4	EIAIAAGL:0.4	IGAVSFSR:0.2	EPRIGAVS:0.2	IMDADLQH:0.3333333333333333	PRIGAVSF:0.2	RNFGKEIA:0.5333333333333333	DVPGYASL:0.23333333333333334	AVVIMDAD:0.26666666666666666	IAIAAGLD:0.4	RLFARFGE:0.2	RIGAVSFS:0.2	KEIAIAAG:0.4	FYRLFARF:0.2	DDGSRDDT:0.2	RLLDRKVV:0.2	VDDGSRDD:0.23333333333333334	GAGDFRLL:0.3333333333333333	LSRNFGKE:0.26666666666666666	GDFRLLDR:0.36666666666666664	DFRLLDRK:0.3333333333333333	DLQHPPEV:0.2	FRLLDRKV:0.23333333333333334	AGDFRLLD:0.36666666666666664	VQLISLGV:0.2	GVQLISLG:0.26666666666666666	SGVQLISL:0.23333333333333334	VKRRPLYL:0.2	RFSKGLYA:0.2	FSKGLYAW:0.2	
