cluster number:320
GT2:96	GT2:96
KVVDSDDW:0.5520833333333334	YRYFIGRE:0.25	VDSDDWLD:0.375	VVDSDDWL:0.20833333333333334	YFIGREDQ:0.2916666666666667	HTFYVDNL:0.25	MHSVIYRT:0.2604166666666667	RYFIGRED:0.22916666666666666	YFKVVDSD:0.3541666666666667	LMHSVIYR:0.3229166666666667	LPKHTFYV:0.375	KHTFYVDN:0.3854166666666667	GREDQSVN:0.3125	HQENGGHG:0.3229166666666667	IGREDQSV:0.3229166666666667	PKHTFYVD:0.3854166666666667	FIGREDQS:0.2916666666666667	FKVVDSDD:0.4375	REDQSVNE:0.2916666666666667	HYFIGRDD:0.20833333333333334	QSVNEKVM:0.3229166666666667	IILVDDGS:0.21875	GRDDQSVN:0.4166666666666667	FIGRDDQS:0.3958333333333333	YFIGRDDQ:0.3958333333333333	IGRDDQSV:0.3958333333333333	DQSVNEKV:0.34375	LYHYFIGR:0.22916666666666666	RDDQSVNE:0.4166666666666667	DDQSVNEK:0.2708333333333333	PCYNSAEY:0.23958333333333334	YHYFIGRD:0.20833333333333334	EIIIVDDG:0.21875	IIIVDDGS:0.21875	HTFYVDNI:0.3229166666666667	ILMHSVIY:0.2604166666666667	VVDSDDWV:0.3333333333333333	VDSDDWVD:0.25	YILMHSVI:0.21875	GGHGEAVN:0.23958333333333334	NGGHGEAV:0.23958333333333334	FYRYFIGR:0.20833333333333334	
