cluster number:2446
GT2:21	GT2:21
VPVRYRRR:0.2857142857142857	DNASTDAT:0.23809523809523808	EVPVRYRR:0.2857142857142857	LVIGSRAL:0.23809523809523808	TDLGPFRA:0.6190476190476191	IGVSKVSG:0.2857142857142857	SKVSGTVR:0.23809523809523808	VVDNASTD:0.23809523809523808	VSKVSGTV:0.2857142857142857	WTVEMQVK:0.42857142857142855	PVRYRRRI:0.2857142857142857	VEMQVKAA:0.38095238095238093	GYKILWTI:0.2857142857142857	VDNASTDA:0.23809523809523808	GVSKVSGT:0.3333333333333333	GWTVEMQV:0.42857142857142855	KVSGTVRG:0.23809523809523808	YGWTVEMQ:0.5238095238095238	RIGVSKVS:0.2857142857142857	TVEMQVKA:0.42857142857142855	VSGTVRGT:0.23809523809523808	GAGYKILW:0.2857142857142857	YKILWTIF:0.23809523809523808	VIGSRALG:0.5238095238095238	VRYRRRIG:0.2857142857142857	AGYKILWT:0.3333333333333333	IIVFLDGD:0.23809523809523808	FTDLGPFR:0.42857142857142855	MVIGSRAL:0.23809523809523808	DLGPFRAI:0.47619047619047616	TYGWTVEM:0.2857142857142857	DMVIGSRA:0.23809523809523808	LGPFRAIR:0.3333333333333333	ADLVIGSR:0.23809523809523808	
