cluster number:2056
GT2:30	GT2:30
YDLAYASR:0.23333333333333334	PTRFALFG:0.6	AMTFNFVL:0.2	RFALFGTV:0.5333333333333333	RGLASAAI:0.5666666666666667	WEAIFVDD:0.26666666666666666	TRFALFGT:0.6	VMDADHQH:0.7	DLAYASRF:0.3	YASRFAEG:0.26666666666666666	AAPVVAVM:0.26666666666666666	LDILATVD:0.23333333333333334	GFKILLDI:0.3333333333333333	APVVAVMD:0.26666666666666666	KILLDILA:0.26666666666666666	MDADHQHD:0.7	FALFGTVG:0.5333333333333333	ASAAIEGM:0.3333333333333333	DADHQHDP:0.6666666666666666	GLYDKWLG:0.2	AYASRFAE:0.26666666666666666	GRRGLASA:0.6666666666666666	ELTDPMSG:0.2	VVAVMDAD:0.26666666666666666	LASAAIEG:0.5666666666666667	TDPMSGYF:0.3	SRFAEGAS:0.5	VDDNSPDG:0.23333333333333334	DDNSPDGT:0.23333333333333334	IQRIGRRG:0.6333333333333333	VELTDPMS:0.2	TGVELTDP:0.2	PVVAVMDA:0.26666666666666666	LAYASRFA:0.26666666666666666	RFAEGAST:0.36666666666666664	DPMSGYFM:0.4	PLRVKEFP:0.2	LTDPMSGY:0.3	RRGLASAA:0.6	QRIGRRGL:0.6666666666666666	LLDILATV:0.23333333333333334	EAIFVDDN:0.2	TFNFVLNN:0.2	FKILLDIL:0.3	LYDKWLGR:0.2	RIGRRGLA:0.6	ALFGTVGA:0.4	IPTRFALF:0.4666666666666667	ALSSKFVW:0.23333333333333334	LRVKEFPL:0.2	SAAIEGMC:0.3333333333333333	VAVMDADH:0.5	IGRRGLAS:0.6	GLASAAIE:0.5666666666666667	LSSKFVWG:0.23333333333333334	ILLDILAT:0.26666666666666666	AIFVDDNS:0.2	GVELTDPM:0.2	ASRFAEGA:0.5	TAAPVVAV:0.26666666666666666	PMSGYFML:0.4	AVMDADHQ:0.7	MTFNFVLN:0.2	IGSVWNYA:0.23333333333333334	LAIILPTL:0.4	NFWLNNWL:0.3333333333333333	IEGFCATA:0.23333333333333334	GSVWNYAL:0.43333333333333335	LPTLNERG:0.3	ILLDLLAT:0.3333333333333333	AMSFNFWL:0.3333333333333333	VRVIQRIG:0.4	SFNFWLNN:0.3333333333333333	EGFCATAA:0.26666666666666666	IILPTLNE:0.36666666666666664	VIQRIGRR:0.5333333333333333	NYALSSRF:0.5	VAMSFNFW:0.26666666666666666	VWNYALSS:0.6	YALSSRFV:0.5	SGIGFKIL:0.36666666666666664	TLNERGNL:0.23333333333333334	VIPTRFAL:0.2	FDFLAGLY:0.26666666666666666	DHQHDPAL:0.5333333333333333	PTLNERGN:0.3	DFLAGLYD:0.3	GESKLDRA:0.26666666666666666	LNERGNLA:0.2	CVASRFAE:0.2	AIILPTLN:0.36666666666666664	PRLSGIGF:0.23333333333333334	NNWLTYRD:0.3333333333333333	FKILLDLL:0.3333333333333333	AVLVAMSF:0.23333333333333334	LVAMSFNF:0.23333333333333334	LAGLYDKT:0.23333333333333334	EGESKLDR:0.26666666666666666	RVIQRIGR:0.5333333333333333	AIEGFCAT:0.26666666666666666	GLYDKTLG:0.2	GFKILLDL:0.3333333333333333	SRFVWGRF:0.4	WNYALSSR:0.5	LLDLLATS:0.26666666666666666	ADHQHDPA:0.5666666666666667	LSGIGFKI:0.4666666666666667	MSFNFWLN:0.3333333333333333	RVRVIQRI:0.4	HQHDPALL:0.5333333333333333	FWLNNWLT:0.3333333333333333	ILPTLNER:0.3333333333333333	FAEGASTA:0.23333333333333334	VLVAMSFN:0.23333333333333334	VASRFAEG:0.3	WLNNWLTY:0.3333333333333333	KILLDLLA:0.3333333333333333	FNFWLNNW:0.3333333333333333	IGFKILLD:0.4666666666666667	LNNWLTYR:0.3333333333333333	ESKLDRAI:0.2	ASAAIEGF:0.23333333333333334	GFCATAAP:0.26666666666666666	RLSGIGFK:0.3	GIGFKILL:0.43333333333333335	FANVAVAT:0.26666666666666666	AAIEGFCA:0.26666666666666666	LSSRFVWG:0.4666666666666667	LDLLATSD:0.23333333333333334	SVWNYALS:0.5333333333333333	FLAGLYDK:0.26666666666666666	SAAIEGFC:0.26666666666666666	SSRFVWGR:0.4666666666666667	ALSSRFVW:0.5	FEFLVGLY:0.3	FLVGLYDK:0.2	EGMCATAA:0.23333333333333334	LSDPMSGY:0.23333333333333334	SDPMSGYF:0.23333333333333334	AIEGMCAT:0.23333333333333334	EFLVGLYD:0.23333333333333334	PRVRVIQR:0.23333333333333334	DPRVRVIQ:0.23333333333333334	GMCATAAP:0.23333333333333334	AFEFLVGL:0.2	IEGMCATA:0.23333333333333334	VKEFPLNF:0.2	AAIEGMCA:0.23333333333333334	DGTADEAR:0.3333333333333333	AMTFNFWL:0.2	TFNFWLNN:0.2	MTFNFWLN:0.2	ELSDPMSG:0.2	QHDPALLP:0.43333333333333335	VGSVWNYA:0.2	TAAPFVAV:0.26666666666666666	ATAAPFVA:0.26666666666666666	PFVAVMDA:0.3	AAPFVAVM:0.26666666666666666	FVAVMDAD:0.3	CATAAPFV:0.26666666666666666	APFVAVMD:0.3	GTVGALGV:0.23333333333333334	ADEARALA:0.2	TADEARAL:0.23333333333333334	LFDFLAGL:0.2	GTADEARA:0.23333333333333334	FGTVGALG:0.23333333333333334	LFGTVGAL:0.23333333333333334	
