cluster number:1195
GT2:17	GT2:17
YNRCIAEA:0.23529411764705882	IAEATGDY:0.23529411764705882	WYNYPREN:0.23529411764705882	DYIAIIDS:0.29411764705882354	VVDDGSTD:0.47058823529411764	DSDDHYLP:0.23529411764705882	ATGDYIAI:0.23529411764705882	YWYNYPRE:0.35294117647058826	YIAIIDSD:0.35294117647058826	RKDIAGDW:0.23529411764705882	SDDHYLPA:0.23529411764705882	AGDWDFNC:0.23529411764705882	IIVVDDGS:0.47058823529411764	WDFNCALM:0.23529411764705882	QFKIIRRS:0.35294117647058826	IAIIDSDD:0.35294117647058826	IAGDWDFN:0.23529411764705882	YSLPGQFK:0.23529411764705882	LPGQFKII:0.23529411764705882	NYPRENSE:0.23529411764705882	DDHYLPAI:0.23529411764705882	FAYWYNYP:0.23529411764705882	VDDGSTDN:0.29411764705882354	MLDSIPKE:0.4117647058823529	DESNRYSL:0.23529411764705882	DHYLPAIR:0.23529411764705882	EYAYEIIV:0.4117647058823529	IDSDDHYL:0.23529411764705882	TGDYIAII:0.23529411764705882	EIIVVDDG:0.47058823529411764	NCALMDKN:0.23529411764705882	DDGSTDNT:0.29411764705882354	KDIAGDWD:0.23529411764705882	CIAEATGD:0.23529411764705882	AIIDSDDH:0.23529411764705882	NRCIAEAT:0.23529411764705882	ESNRYSLP:0.23529411764705882	PGQFKIIR:0.29411764705882354	YNYPRENS:0.23529411764705882	CALMDKNP:0.23529411764705882	FNCALMDK:0.23529411764705882	KEYAYEII:0.4117647058823529	GQFKIIRR:0.4117647058823529	KDESNRYS:0.23529411764705882	SNRYSLPG:0.23529411764705882	GDWDFNCA:0.23529411764705882	SLPGQFKI:0.23529411764705882	DSIPKEYA:0.4117647058823529	DFNCALMD:0.23529411764705882	DIAGDWDF:0.23529411764705882	NRYSLPGQ:0.23529411764705882	LDSIPKEY:0.4117647058823529	IPKEYAYE:0.4117647058823529	IIDSDDHY:0.23529411764705882	RCIAEATG:0.23529411764705882	DWDFNCAL:0.23529411764705882	PKEYAYEI:0.4117647058823529	SIPKEYAY:0.4117647058823529	IVVDDGST:0.47058823529411764	RYSLPGQF:0.23529411764705882	AYWYNYPR:0.4117647058823529	GDYIAIID:0.29411764705882354	YDIYYYNM:0.29411764705882354	YVAIIDSD:0.23529411764705882	GTYDIYYY:0.23529411764705882	EIIVCDDG:0.35294117647058826	AYEIIVCD:0.23529411764705882	TGDYVAII:0.23529411764705882	VCDDGSTD:0.29411764705882354	IIRRSFIG:0.29411764705882354	KIIRRSFI:0.29411764705882354	YAYEIIVC:0.23529411764705882	IVCDDGST:0.29411764705882354	YEIIVCDD:0.23529411764705882	RRSFIGDA:0.23529411764705882	FKIIRRSF:0.29411764705882354	DGTYDIYY:0.23529411764705882	IRRSFIGD:0.23529411764705882	TYDIYYYN:0.23529411764705882	GDYVAIID:0.23529411764705882	VAIIDSDD:0.23529411764705882	DYVAIIDS:0.23529411764705882	IIVCDDGS:0.35294117647058826	DDGSTDKT:0.29411764705882354	DIYYYNML:0.23529411764705882	YYYNMLTK:0.23529411764705882	IYYYNMLT:0.23529411764705882	
