cluster number:866
GT2:15	GT2:15
RVSDSQSG:0.3333333333333333	LLERGYRV:0.2	RNGLRMRE:0.2	NRGLGAAL:0.4666666666666667	ADGQHDPD:0.4666666666666667	LLFYGCRV:0.26666666666666666	GYGVSSEI:0.4	KGTSTSVG:0.2	IYTPETIA:0.2	FYGCRVSD:0.3333333333333333	SVYTHVIN:0.26666666666666666	VSSEIIGE:0.3333333333333333	ALRTGLRA:0.2	RGLGAALR:0.3333333333333333	VLVVDDGS:0.2	GQHDPDDI:0.4666666666666667	YTPETIAK:0.2	TVVVPAYN:0.2	QSGLRAFT:0.5333333333333333	GLRMREVT:0.2	LERGYRVL:0.2	LFYGCRVS:0.26666666666666666	DGQHDPDD:0.4666666666666667	THVINRGL:0.26666666666666666	DADGQHDP:0.5333333333333333	VDDGSRDS:0.3333333333333333	SSEIIGEI:0.3333333333333333	VINRGLGA:0.3333333333333333	STSVGIRI:0.2	RDSTPEIL:0.3333333333333333	TSTSVGIR:0.2	IKSRGYGV:0.26666666666666666	SDSQSGLR:0.4	VVPAYNEE:0.4	QHDPDDIE:0.3333333333333333	DDGSRDST:0.3333333333333333	GLGAALRT:0.4	SRDSTPEI:0.3333333333333333	LRMREVTI:0.2	TPETIAKG:0.2	LGAALRTG:0.4	TSVGIRIL:0.26666666666666666	TIYTPETI:0.4	PAYNEEKT:0.2	LLTLLFYG:0.26666666666666666	TLLFYGCR:0.26666666666666666	GCRVSDSQ:0.3333333333333333	DGSRDSTP:0.4	VGIRILLR:0.2	GTSTSVGI:0.2	GIRILLRL:0.2	GVSSEIIG:0.3333333333333333	VVVPAYNE:0.3333333333333333	SQSGLRAF:0.5333333333333333	SVGIRILL:0.26666666666666666	MNLLTLLF:0.26666666666666666	YTHVINRG:0.26666666666666666	GSRDSTPE:0.3333333333333333	IDIKSRGY:0.26666666666666666	YGCRVSDS:0.3333333333333333	SRGYGVSS:0.3333333333333333	ERGYRVLV:0.2	RGYGVSSE:0.4	YGVSSEII:0.4	LRTGLRAA:0.2	VYTHVINR:0.26666666666666666	VVDDGSRD:0.3333333333333333	TFDADGQH:0.6	INRGLGAA:0.3333333333333333	VPAYNEEK:0.2	VSDSQSGL:0.4	LVVDDGSR:0.2	PETIAKGT:0.2	NGLRMREV:0.2	HVINRGLG:0.4666666666666667	DSQSGLRA:0.5333333333333333	RGYRVLVV:0.2	DIKSRGYG:0.26666666666666666	NLLTLLFY:0.26666666666666666	VTFDADGQ:0.5333333333333333	LTLLFYGC:0.26666666666666666	FDADGQHD:0.4666666666666667	KSRGYGVS:0.26666666666666666	CRVSDSQS:0.3333333333333333	YNEEKTVA:0.2	IGSRDFSE:0.2	VIGSRDFS:0.2	IKTIYTPE:0.26666666666666666	IVTFDADG:0.4	KTIYTPET:0.26666666666666666	IYTPETIS:0.2	VVVPVYNE:0.2	AVVVPVYN:0.2	DVVIGSRD:0.2	EEKTVAGV:0.2	SGLRAFTA:0.26666666666666666	YTPETISK:0.2	GSRDFSEM:0.2	NEEKTVAG:0.2	FSEMPLSR:0.2	VVIGSRDF:0.2	SRDFSEMP:0.2	TPETISKG:0.2	ADVVIGSR:0.2	VAVVVPVY:0.2	GAALRTGI:0.2	YIVTFDAD:0.26666666666666666	
