cluster number:1948
GT2:188	GT2:188|GT4:1
TGTWRGTW:0.39893617021276595	KVTGTWRG:0.4148936170212766	PRRGFGAA:0.26063829787234044	GFGAACHA:0.40425531914893614	GLTDRRSG:0.2393617021276596	SKVTGTWR:0.4148936170212766	VTGTWRGT:0.4148936170212766	DNGSTDGS:0.5797872340425532	RSGYPLQM:0.3670212765957447	VVDNGSTD:0.7180851063829787	LGLTDRRS:0.2393617021276596	GYPLQMVV:0.3617021276595745	LTDRRSGY:0.39361702127659576	ACHAGLLA:0.21808510638297873	GAACHAGL:0.425531914893617	DRRSGYPL:0.5638297872340425	RRGFGAAC:0.4521276595744681	FCDCDASL:0.34574468085106386	AEALPWVL:0.20212765957446807	SGYPLQMV:0.3617021276595745	CDCDASLD:0.34574468085106386	DCDASLDP:0.35106382978723405	EAEALPWV:0.20212765957446807	FGAACHAG:0.40425531914893614	EPRRGFGA:0.26063829787234044	GRSKVTGT:0.26063829787234044	RGFGAACH:0.4308510638297872	TDRRSGYP:0.4148936170212766	RRSGYPLQ:0.3670212765957447	VDNGSTDG:0.6170212765957447	AACHAGLL:0.20212765957446807	VVHEPRRG:0.28191489361702127	DVVLPCLD:0.44680851063829785	VLPCLDEA:0.5691489361702128	PCLDEAAA:0.2712765957446808	AIVVDNGS:0.5	FGYPLELL:0.22340425531914893	RAIVVDNG:0.48936170212765956	LDEAAALP:0.2712765957446808	VVLPCLDE:0.46808510638297873	LPCLDEAA:0.2712765957446808	YRAIVVDN:0.21808510638297873	CLDEAAAL:0.2712765957446808	LRLHDLGP:0.2553191489361702	VRAADAGW:0.30851063829787234	RTGLRLHD:0.2553191489361702	RAADAGWR:0.2978723404255319	GWRAIVVD:0.22872340425531915	IVVDNGST:0.4627659574468085	WRAIVVDN:0.23404255319148937	RRRTGLRL:0.25	PLQMVVRA:0.3351063829787234	ADLVLGRR:0.30851063829787234	LQMVVRAA:0.28191489361702127	VCFCDCDA:0.35106382978723405	VVRAADAG:0.30851063829787234	RRTGLRLH:0.2393617021276596	QMVVRAAD:0.2765957446808511	MVVRAADA:0.2978723404255319	GLRLHDLG:0.2553191489361702	CFCDCDAS:0.35106382978723405	YPLQMVVR:0.3404255319148936	DLVLGRRR:0.3776595744680851	TGLRLHDL:0.2553191489361702	LVLGRRRP:0.35638297872340424	GPLRAARR:0.26595744680851063	VDVVLPCL:0.31382978723404253	LGPLRAAR:0.2553191489361702	HDLGPLRA:0.2127659574468085	DLGPLRAA:0.25	NGSTDGSA:0.46808510638297873	MLRRRTGL:0.21808510638297873	LHDLGPLR:0.21808510638297873	LRRRTGLR:0.2127659574468085	RMLRRRTG:0.2074468085106383	LPCLDEAE:0.20212765957446807	
