cluster number:1613
GT2:12	GT2:12
VEVPITVR:0.25	HGVGVLLK:0.25	DGDGQHNP:0.75	VPITVRYD:0.4166666666666667	GDGQHNPD:0.6666666666666666	YDVDGSTK:0.25	FGIESEML:0.4166666666666667	NTPAYRRV:0.3333333333333333	KDTGFGIE:0.25	CFRFKDTG:0.25	QHNPDEIP:0.5833333333333334	IDGDGQHN:0.5	RYDVDGST:0.25	AIGSIVLR:0.25	ITVRYDVD:0.25	DTGFGIES:0.25	GVGVLLKI:0.25	TDSQSGFR:0.8333333333333334	PAYRRVGQ:0.3333333333333333	THGVGVLL:0.25	PITVRYDV:0.4166666666666667	IESEMLVD:0.25	GIESEMLV:0.25	GFGIESEM:0.4166666666666667	RFKDTGFG:0.25	DSQSGFRA:0.75	FRFKDTGF:0.25	SEMLVDAA:0.25	ESEMLVDA:0.25	EENTPAYR:0.25	ENTPAYRR:0.3333333333333333	ADLVNGSR:0.3333333333333333	QSGFRAFS:0.5	DGQHNPDE:0.5833333333333334	FKDTGFGI:0.25	GQHNPDEI:0.5833333333333334	TVRYDVDG:0.25	VRYDVDGS:0.25	ATNISAGI:0.25	VDGSTKDP:0.25	EVPITVRY:0.4166666666666667	SQSGFRAF:0.5	EMLVDAAE:0.25	DLVNGSRY:0.4166666666666667	TIDGDGQH:0.4166666666666667	DVDGSTKD:0.25	TPAYRRVG:0.3333333333333333	TGFGIESE:0.25	VTIDGDGQ:0.25	KVTDSQSG:0.3333333333333333	VTDSQSGF:0.5833333333333334	NPDEIPLL:0.4166666666666667	HNPDEIPL:0.4166666666666667	PDEIPLLL:0.25	SGFRAYSK:0.25	QSGFRAYS:0.25	SQSGFRAY:0.25	
