cluster number:2028
GT2:47	GT2:47
AYYYPERL:0.3617021276595745	QPLVSVII:0.23404255319148937	NEDFLAKL:0.23404255319148937	IDKSIPTA:0.23404255319148937	NIEIIVSD:0.5106382978723404	QMNAFKMA:0.2127659574468085	GMWDLYLT:0.48936170212765956	DKSIPTAA:0.3617021276595745	LVSVIIPT:0.8297872340425532	GGMWDLYL:0.46808510638297873	YQNIEIIV:0.44680851063829785	RPEYLKQA:0.3617021276595745	IIVSDNCS:0.6382978723404256	RLTRYRAH:0.23404255319148937	LTRYRAHE:0.2765957446808511	YYPERLTR:0.2978723404255319	AHEQTDTM:0.2978723404255319	FKMARGKY:0.2553191489361702	GLIDKSIP:0.2553191489361702	RAHEQTDT:0.3404255319148936	EIIVSDNC:0.6382978723404256	PTYNRPEY:0.48936170212765956	QTDTMLSG:0.48936170212765956	PEYLKQAI:0.3404255319148936	IEIIVSDN:0.5106382978723404	HEQTDTML:0.48936170212765956	QTYQNIEI:0.5106382978723404	DLYLTYLC:0.425531914893617	IIPTYNRP:0.6808510638297872	IPTYNRPE:0.48936170212765956	NRPEYLKQ:0.3617021276595745	TRYRAHEQ:0.2765957446808511	ARGKYVAS:0.2978723404255319	VASLHDDD:0.6595744680851063	LHDDDMWN:0.2978723404255319	EQTDTMLS:0.48936170212765956	YNRPEYLK:0.3829787234042553	DFLAKLVP:0.3617021276595745	WDLYLTYL:0.48936170212765956	KQAIASAV:0.2978723404255319	EDFLAKLV:0.2553191489361702	ERLTRYRA:0.2127659574468085	HDDDMWNE:0.23404255319148937	YVASLHDD:0.6595744680851063	HTTLGIGL:0.23404255319148937	DDDMWNED:0.23404255319148937	YYYPERLT:0.3829787234042553	NQMNAFKM:0.2127659574468085	IGLIDKSI:0.3191489361702128	EYLKQAIA:0.2553191489361702	QNIEIIVS:0.44680851063829785	VIIPTYNR:0.7659574468085106	DMWNEDFL:0.23404255319148937	WNEDFLAK:0.23404255319148937	LGIGLLRN:0.2127659574468085	MARGKYVA:0.2765957446808511	GKYVASLH:0.6382978723404256	KIGLIDKS:0.23404255319148937	PERLTRYR:0.40425531914893614	TTLGIGLL:0.44680851063829785	VGGMWDLY:0.425531914893617	ASLHDDDM:0.3617021276595745	TYNRPEYL:0.48936170212765956	YLKQAIAS:0.40425531914893614	KMARGKYV:0.2553191489361702	KYVASLHD:0.6382978723404256	LKQAIASA:0.40425531914893614	TDTMLSGS:0.3617021276595745	MWDLYLTY:0.48936170212765956	VSVIIPTY:0.7872340425531915	TLGIGLLR:0.40425531914893614	GTEENTRG:0.2127659574468085	PLVSVIIP:0.723404255319149	RYRAHEQT:0.2765957446808511	TYQNIEII:0.48936170212765956	LIDKSIPT:0.23404255319148937	SVIIPTYN:0.7872340425531915	YPERLTRY:0.2978723404255319	YRAHEQTD:0.3404255319148936	SLHDDDMW:0.3617021276595745	DDMWNEDF:0.23404255319148937	RGKYVASL:0.2978723404255319	QKFNLRTL:0.2553191489361702	YLTYLCCI:0.3191489361702128	WLEANTTL:0.3404255319148936	LTYLCCIS:0.3191489361702128	DTMLSGSR:0.2765957446808511	LILAFCDQ:0.3191489361702128	PTAAACVI:0.2553191489361702	LEANTTLG:0.3191489361702128	SIPTAAAC:0.2978723404255319	KSIPTAAA:0.2978723404255319	LYLTYLCC:0.3617021276595745	AAACVIRN:0.3191489361702128	TAAACVIR:0.3404255319148936	EVGGMWDL:0.3829787234042553	IPTAAACV:0.2978723404255319	YLCCISGY:0.23404255319148937	EPLVSVII:0.3617021276595745	KWLEANTT:0.2978723404255319	AFCDQYII:0.44680851063829785	ILAFCDQY:0.3829787234042553	FCDQYIID:0.425531914893617	LAFCDQYI:0.3617021276595745	KIRKAKSE:0.3617021276595745	EANTTLGI:0.3191489361702128	TYLCCISG:0.2978723404255319	NTTLGIGL:0.3829787234042553	ANTTLGIG:0.3829787234042553	AKIRKAKS:0.3617021276595745	CDQYIIDA:0.2978723404255319	NCSPENPQ:0.23404255319148937	ASLHDDDI:0.2127659574468085	SDNCSPEN:0.2765957446808511	QGKYVASL:0.2765957446808511	KMAQGKYV:0.2127659574468085	FKMAQGKY:0.2127659574468085	VSDNCSPE:0.3829787234042553	AQGKYVAS:0.2765957446808511	SLHDDDIW:0.2127659574468085	IVSDNCSP:0.3829787234042553	DNCSPENP:0.2765957446808511	KQTYQNIE:0.2765957446808511	MAQGKYVA:0.2127659574468085	GAYYYPER:0.23404255319148937	KLVPPLEA:0.2553191489361702	AKLVPPLE:0.2127659574468085	FLAKLVPP:0.2127659574468085	LAKLVPPL:0.2127659574468085	QAKIRKAK:0.2553191489361702	LVPPLEAN:0.2553191489361702	
