cluster number:1171
GT2:15	GT2:15
IQLLHLKA:0.2	DVIYAPQI:0.4	FIKFYKDY:0.26666666666666666	VIIPTIGR:0.26666666666666666	AFGSGCSI:0.3333333333333333	KVTLFIKF:0.2	YGEDVDYG:0.4	LYKFVKQH:0.2	LHLKAPVG:0.3333333333333333	EDVDYGMQ:0.4	GYKVTLFI:0.2	GYVEDSPF:0.3333333333333333	HGYGEDVD:0.5333333333333333	CSIVHRDI:0.2	GMQIRNAG:0.2	LKGTAIVC:0.2	IGYVEDSP:0.2	IKFYKDYS:0.26666666666666666	QLLHLKAP:0.2	MQIRNAGY:0.2	YVEDSPFL:0.2	LLHLKAPV:0.2	AYFFSNYN:0.26666666666666666	IRNAGYDV:0.2	LLCHLWYE:0.2	DYGMQIRN:0.26666666666666666	LKAPVGGF:0.3333333333333333	ALEHGYGE:0.4666666666666667	FDMALEHG:0.26666666666666666	HLKAPVGG:0.3333333333333333	ILLLCHLW:0.2	GYDVIYAP:0.4	YDVIYAPQ:0.4	PTWLKGTA:0.2	APQIQLLH:0.2	LLLCHLWY:0.2	DVIIPTIG:0.26666666666666666	YYKYFKKA:0.26666666666666666	FLNINKKV:0.2	NAGYDVIY:0.2	KYFKKAWS:0.2	TWLKGTAI:0.2	TGACNARN:0.6666666666666666	GYGEDVDY:0.4	QIQLLHLK:0.2	IYAPQIQL:0.2	YAPQIQLL:0.2	YKYFKKAW:0.26666666666666666	YKDYSIKN:0.2	KAPVGGFR:0.3333333333333333	NYLYWLNS:0.2	FILLLCHL:0.2	EHGYGEDV:0.5333333333333333	KFYKDYSI:0.26666666666666666	GEDVDYGM:0.4	KDYSIKNP:0.2	PQIQLLHL:0.2	AGYDVIYA:0.4	VLNYQIPT:0.2	DVDYGMQI:0.3333333333333333	YKVTLFIK:0.2	CKFDMALE:0.2	PSPQIMYH:0.2	GVLNYQIP:0.26666666666666666	PFLNINKK:0.2	WLKGTAIV:0.2	GCSIVHRD:0.26666666666666666	TLFIKFYK:0.26666666666666666	YKFVKQHY:0.2	WVLLFDDD:0.2	SPQIMYHR:0.2	YFFSNYNN:0.2	LEHGYGED:0.4666666666666667	MALEHGYG:0.26666666666666666	KPSPQIMY:0.26666666666666666	KNYLYWLN:0.2	SGCSIVHR:0.4	RNAGYDVI:0.2	PKPSPQIM:0.3333333333333333	VTLFIKFY:0.2	DMALEHGY:0.26666666666666666	FYKDYSIK:0.2	GSGCSIVH:0.4	APVGGFRK:0.2	YGMQIRNA:0.2	YPTWLKGT:0.26666666666666666	VIYAPQIQ:0.4	FGSGCSIV:0.5333333333333333	VDYGMQIR:0.3333333333333333	KFDMALEH:0.2	QIRNAGYD:0.2	LFIKFYKD:0.26666666666666666	FSCLQKGE:0.2	LYWLNSIG:0.2	LYRFVKQH:0.2	YDVVIPTM:0.2	TFSCLQKG:0.2	VVIPTMGR:0.2	WILLFDDD:0.2	DVVIPTMG:0.2	YRFVKQHY:0.2	RFVKQHYK:0.2	YGEDVDFG:0.26666666666666666	GYGEDVDF:0.2	DVIIPTMG:0.26666666666666666	QWAAFGSG:0.26666666666666666	IHKTGACN:0.2	VIIPTMGR:0.26666666666666666	ACNARNMA:0.2	HKTGACNA:0.2	GACNARNM:0.2	GEDVDFGM:0.26666666666666666	FIHKTGAC:0.2	KTGACNAR:0.2	EDVDFGMQ:0.26666666666666666	VFFADDDI:0.2	FFADDDIR:0.26666666666666666	ACNARNLA:0.2	GACNARNL:0.2	CNARNIAL:0.2	GACNARNI:0.3333333333333333	QTGACNAR:0.3333333333333333	HQTGACNA:0.26666666666666666	ACNARNIA:0.2	IHQTGACN:0.2	HLKAPIGG:0.26666666666666666	VLIPTLGR:0.2	LKAPIGGF:0.26666666666666666	KAPIGGFR:0.26666666666666666	QPKPSPHI:0.2	HIMYFRKK:0.2	PSPHIMYF:0.2	YDVIIPTM:0.2	PKPSPHIM:0.2	PHIMYFRK:0.2	KPSPHIMY:0.2	SPHIMYFR:0.2	IQPKPSPH:0.2	LLFDDDVR:0.2	WVFFADDD:0.2	CLQKGEKE:0.2	QILHLKAP:0.2	IQILHLKA:0.2	LHLKAPIG:0.2	MLHLKAPI:0.2	
