cluster number:1024
GT2:44	GT2:44
IIVNYNAG:0.29545454545454547	EWHKHRGM:0.25	FVEWHKHR:0.25	DLDWCMRF:0.4318181818181818	EDLDWCMR:0.45454545454545453	VEAISGAC:0.5	EAISGACM:0.5	CEDLDWCM:0.45454545454545453	HCEDLDWC:0.4772727272727273	VEWHKHRG:0.29545454545454547	YFLHCEDL:0.7954545454545454	EDYFLHCE:0.25	VGLWDEDY:0.20454545454545456	FLHCEDLD:0.7954545454545454	LRFYRKFF:0.29545454545454547	CEDLDLCM:0.20454545454545456	DYFLHCED:0.25	DEDYFLHC:0.25	LWDEDYFL:0.22727272727272727	MLVKREAI:0.2727272727272727	IGMVGGFL:0.2727272727272727	DLDLCMRF:0.20454545454545456	WDEDYFLH:0.22727272727272727	HCEDLDLC:0.29545454545454547	GLWDEDYF:0.22727272727272727	EDLDLCMR:0.20454545454545456	LHCEDLDL:0.29545454545454547	LHCEDLDW:0.5	GYFLHCED:0.4090909090909091	DEGYFLHC:0.36363636363636365	EGYFLHCE:0.36363636363636365	VIGVWFRF:0.20454545454545456	RFYRKFFR:0.29545454545454547	GMVGGFLC:0.20454545454545456	RVFPTPRR:0.4090909090909091	AISGACML:0.45454545454545453	RAFMRAFG:0.29545454545454547	FYRKFFRR:0.20454545454545456	AFMRAFGL:0.29545454545454547	GGRRVFPT:0.4090909090909091	VACNQGAR:0.22727272727272727	RPYFVEWH:0.22727272727272727	VIVVDNDS:0.22727272727272727	LCNPDGSE:0.2727272727272727	GRRVFPTP:0.4090909090909091	CMLVKREA:0.3181818181818182	EQAGGRRV:0.20454545454545456	DFLLHKEP:0.2727272727272727	RRAFMRAF:0.29545454545454547	AIESVGLW:0.20454545454545456	AGGRRVFP:0.20454545454545456	GFAVACNQ:0.22727272727272727	RAFGLSRL:0.20454545454545456	LVKREAIE:0.20454545454545456	FLCNPDGS:0.20454545454545456	IESVGLWD:0.20454545454545456	QAGGRRVF:0.20454545454545456	CDVIIVNY:0.20454545454545456	DVIIVNYN:0.20454545454545456	VVIGVWFR:0.20454545454545456	TPRRAFMR:0.29545454545454547	NLGFAVAC:0.22727272727272727	REAIESVG:0.20454545454545456	FMRAFGLS:0.29545454545454547	FPTPRRAF:0.29545454545454547	VGGFLCNP:0.20454545454545456	VFPTPRRA:0.4090909090909091	ISGACMLV:0.45454545454545453	FLNPDTVL:0.29545454545454547	MVGGFLCN:0.20454545454545456	SGACMLVK:0.4090909090909091	GGFLCNPD:0.20454545454545456	RRVFPTPR:0.4090909090909091	CNPDGSEQ:0.2727272727272727	PRRAFMRA:0.29545454545454547	SDFLLHKE:0.2727272727272727	LGFAVACN:0.22727272727272727	AVACNQGA:0.22727272727272727	ECDVIIVN:0.20454545454545456	PYFVEWHK:0.22727272727272727	FLLHKEPL:0.2727272727272727	YFVEWHKH:0.22727272727272727	MRAFGLSR:0.22727272727272727	ESVGLWDE:0.20454545454545456	ANLGFAVA:0.22727272727272727	GACMLVKR:0.4090909090909091	LLHKEPLP:0.2727272727272727	VIIVNYNA:0.25	FAVACNQG:0.22727272727272727	GFLCNPDG:0.20454545454545456	ACNQGARL:0.22727272727272727	PTPRRAFM:0.29545454545454547	ACMLVKRE:0.3409090909090909	LDWCMRFH:0.20454545454545456	EQPGGRRV:0.20454545454545456	DGSEQPGG:0.22727272727272727	SEQPGGRR:0.22727272727272727	WDEGYFLH:0.25	QPGGRRVF:0.20454545454545456	GSEQPGGR:0.22727272727272727	PGGRRVFP:0.20454545454545456	DNDSHDDS:0.22727272727272727	VDNDSHDD:0.20454545454545456	NDSHDDSL:0.22727272727272727	VVDNDSHD:0.20454545454545456	
