cluster number:1157
GT2:81	GT2:81
RFLLIIFK:0.5432098765432098	VFMDADGQ:0.5679012345679012	MGNGAAIK:0.32098765432098764	LYSPLKLF:0.41975308641975306	TTSTMAFF:0.5802469135802469	FTNMSALL:0.2962962962962963	DGQHDPAD:0.32098765432098764	LIIFKIAT:0.30864197530864196	NGFSYPTT:0.7407407407407407	TSTMAFFR:0.5679012345679012	GFSYPTTS:0.5802469135802469	MDADGQHD:0.48148148148148145	RFTNMSAL:0.32098765432098764	LPNGFSYP:0.7407407407407407	FSYPTTST:0.5925925925925926	PNGFSYPT:0.7530864197530864	FKIATLYS:0.2839506172839506	FLLIIFKI:0.48148148148148145	GQHDPADI:0.25925925925925924	YPTTSTMA:0.5925925925925926	IIFKIATL:0.32098765432098764	TMAFFRSA:0.2962962962962963	LVFMDADG:0.25925925925925924	STMAFFRS:0.35802469135802467	SPLKLFAP:0.2716049382716049	LLIIFKIA:0.2839506172839506	KIATLYSP:0.2839506172839506	DADGQHDP:0.48148148148148145	HLLPNGFS:0.2716049382716049	IFKIATLY:0.2839506172839506	IATLYSPL:0.2839506172839506	FMDADGQH:0.6419753086419753	DLTSGFRA:0.6790123456790124	AFFRSAYP:0.2345679012345679	MAFFRSAY:0.25925925925925924	YSPLKLFA:0.2716049382716049	TLYSPLKL:0.41975308641975306	LLPNGFSY:0.7160493827160493	ATLYSPLK:0.345679012345679	ADGQHDPA:0.3333333333333333	SYPTTSTM:0.5925925925925926	PTTSTMAF:0.5925925925925926	FFRSAYPV:0.2345679012345679	LTSGFRAV:0.5432098765432098	TSGFRAVR:0.49382716049382713	YLLPNGFS:0.41975308641975306	SGFRAVRA:0.4444444444444444	FLYLLPNG:0.4074074074074074	GRFTNMSA:0.2716049382716049	MAFFRAGY:0.32098765432098764	LYLLPNGF:0.4074074074074074	EFLYLLPN:0.20987654320987653	TMAFFRAG:0.32098765432098764	REFLYLLP:0.20987654320987653	EDLTSGFR:0.37037037037037035	FREFLYLL:0.20987654320987653	VVDDGSTD:0.38271604938271603	FLIGLVSE:0.3333333333333333	LIGLVSEQ:0.3333333333333333	IIVVDDGS:0.25925925925925924	IILPAKNE:0.24691358024691357	YSMGNGAA:0.30864197530864196	IGLVSEQI:0.35802469135802467	SPYSMGNG:0.20987654320987653	PYSMGNGA:0.3333333333333333	ILPAKNEA:0.2222222222222222	SIILPAKN:0.24691358024691357	AEIIVVDD:0.20987654320987653	GYDMVVGA:0.32098765432098764	GLVSEQIT:0.41975308641975306	SMGNGAAI:0.24691358024691357	YDMVVGAR:0.32098765432098764	EIIVVDDG:0.2222222222222222	IVVDDGST:0.2839506172839506	IEDLTSGF:0.2345679012345679	DMVVGARD:0.2222222222222222	IVFMDADG:0.2962962962962963	LHLLPNGF:0.2222222222222222	IRFLLIIF:0.2345679012345679	GIRFLLII:0.2345679012345679	DGIRFLLI:0.2345679012345679	EFLHLLPN:0.20987654320987653	FLHLLPNG:0.2222222222222222	IIFKIGTL:0.2222222222222222	GTLYSPLK:0.24691358024691357	LIIFKIGT:0.2222222222222222	
