cluster number:759
GT2:17	GT2:17
NAVTFPRL:0.29411764705882354	FTDADVTW:0.47058823529411764	VNAVTFPR:0.29411764705882354	RTRPADLA:0.23529411764705882	GWHGKPWA:0.29411764705882354	PLVDDVLL:0.23529411764705882	KPWACQQL:0.47058823529411764	LIPARNEA:0.4117647058823529	LVFTDADV:0.23529411764705882	GKPWACQQ:0.47058823529411764	VLVFTDAD:0.23529411764705882	WHGKPWAC:0.29411764705882354	TRPADLAE:0.23529411764705882	HGKPWACQ:0.29411764705882354	NVTPGERL:0.29411764705882354	VTPGERLL:0.29411764705882354	ASAANGQV:0.23529411764705882	RSYPDSVA:0.23529411764705882	GVRMYRSY:0.35294117647058826	TPGERLLT:0.4117647058823529	YPDSVAGF:0.23529411764705882	PGERLLTP:0.4117647058823529	VRMYRSYP:0.4117647058823529	IGVRMYRS:0.23529411764705882	MYRSYPDS:0.23529411764705882	ADLAEGLL:0.29411764705882354	GERLLTPL:0.5294117647058824	RMYRSYPD:0.23529411764705882	PDSVAGFG:0.23529411764705882	SAANGQVM:0.23529411764705882	SYPDSVAG:0.23529411764705882	DLAEGLLG:0.4117647058823529	WKGREYRQ:0.29411764705882354	YRSYPDSV:0.23529411764705882	PGLLAQGA:0.23529411764705882	DSVAGFGK:0.23529411764705882	CIGVRMYR:0.23529411764705882	LAEGLLGP:0.4117647058823529	SVAGFGKN:0.29411764705882354	PADLAEGL:0.29411764705882354	LPGLLAQG:0.23529411764705882	RLLTPLVD:0.4117647058823529	TWHPGALG:0.23529411764705882	ARNEAHNL:0.23529411764705882	RNEAHNLP:0.23529411764705882	GLLGPVTP:0.23529411764705882	IFTDADVT:0.29411764705882354	ERLLTPLV:0.47058823529411764	EGLLGPVT:0.23529411764705882	LLGPVTPL:0.23529411764705882	LGPVTPLL:0.29411764705882354	GPVTPLLA:0.23529411764705882	TPLLALPV:0.29411764705882354	PVTPLLAL:0.23529411764705882	DADVTWHP:0.23529411764705882	ADVTWHPG:0.23529411764705882	PARNEAHN:0.23529411764705882	TDADVTWH:0.23529411764705882	VSWKGREY:0.23529411764705882	VTWHPGAL:0.23529411764705882	DVTWHPGA:0.23529411764705882	AEGLLGPV:0.23529411764705882	RVSWKGRE:0.23529411764705882	VAGFGKNA:0.23529411764705882	VTPLLALP:0.23529411764705882	LIFTDADV:0.4117647058823529	HEVLVLDD:0.23529411764705882	LAQGAHEV:0.29411764705882354	QGAHEVLV:0.23529411764705882	AQGAHEVL:0.29411764705882354	GAHEVLVL:0.23529411764705882	AHEVLVLD:0.23529411764705882	GFGKNALP:0.23529411764705882	SILIPARN:0.29411764705882354	ILIPARNE:0.29411764705882354	VSILIPAR:0.35294117647058826	GPRVSILI:0.23529411764705882	VLAQGAHE:0.23529411764705882	PRVSILIP:0.29411764705882354	GALGGLLR:0.23529411764705882	VTFPRLRP:0.23529411764705882	FPRLRPAP:0.23529411764705882	ALGGLLRE:0.23529411764705882	LPGVLAQG:0.29411764705882354	TLPGVLAQ:0.23529411764705882	GGPRVSIL:0.23529411764705882	AVTFPRLR:0.23529411764705882	LGGLLREL:0.23529411764705882	AVNAVTFP:0.23529411764705882	PGVLAQGA:0.29411764705882354	GVLAQGAH:0.23529411764705882	RVSILIPA:0.29411764705882354	PGALGGLL:0.23529411764705882	GDILIFTD:0.29411764705882354	DILIFTDA:0.29411764705882354	ILIFTDAD:0.29411764705882354	
