cluster number:1251
GT2:27	GT2:27
YVFLLNQD:0.4074074074074074	EVPFVNAA:0.2222222222222222	NLGFGKAN:0.5185185185185185	LGFGKANN:0.48148148148148145	GFGKANNI:0.4074074074074074	FGKANNIG:0.3333333333333333	YGEDRNYC:0.2962962962962963	HYGEDRNY:0.4444444444444444	FVNAAAWL:0.4074074074074074	PFVNAAAW:0.4074074074074074	VPFVNAAA:0.4074074074074074	DNCSTDDS:0.2962962962962963	VDNCSTDD:0.25925925925925924	LFGHYGED:0.2962962962962963	GHYGEDRN:0.2962962962962963	GEDRNYCD:0.25925925925925924	FGHYGEDR:0.2962962962962963	DYVFLLNQ:0.2962962962962963	ADYVFLLN:0.2962962962962963	EDRNYCDR:0.25925925925925924	ENLGFGRA:0.2222222222222222	NLGFGRAN:0.2222222222222222	LGFGRANN:0.2222222222222222	VVDNCSTD:0.25925925925925924	VFGLPKYF:0.25925925925925924	VTYNGSKW:0.2222222222222222	LIQSKENL:0.2222222222222222	LLNQDTWV:0.2962962962962963	VIIVTYNG:0.25925925925925924	FLLNQDTW:0.3333333333333333	IQSKENLG:0.2222222222222222	SKENLGFG:0.25925925925925924	SVFGLPKY:0.25925925925925924	VFLLNQDT:0.25925925925925924	LNQDTWVF:0.2222222222222222	VNAAAWLV:0.25925925925925924	IIVTYNGS:0.2222222222222222	LVVDNCST:0.2222222222222222	ISRSFKKD:0.2222222222222222	ILVVDNCS:0.2222222222222222	NCSTDDSV:0.2222222222222222	IVTYNGSK:0.25925925925925924	DRNYCDRV:0.2222222222222222	NAAAWLVS:0.25925925925925924	TYNGSKWI:0.2222222222222222	FVIIVTYN:0.25925925925925924	QSKENLGF:0.2222222222222222	ENLGFGKA:0.25925925925925924	
