cluster number:1204
GT2:15	GT2:15|GT4:1
IVVDDGST:0.4	CEIIVVDD:0.2	EIIVVDDG:0.4666666666666667	VVDDGSTD:0.4	IIVVDDGS:0.4	VDDGSTDN:0.4	DDGSTDNT:0.4	YKAAKMGW:0.2	GLDYISGE:0.3333333333333333	ADVSMMRD:0.2	HLLMLDAD:0.2	AEGIAAAT:0.26666666666666666	KAAKMGWL:0.2	ISPYKAAK:0.26666666666666666	FGLEVWIN:0.2	LPENRGKS:0.2	SHLLMLDA:0.2	TVSCIIPA:0.2	CIIPAHNE:0.2	IFRTISLR:0.2	MLDADLVG:0.2	IGLDYISG:0.3333333333333333	ISLRRNSP:0.2	LDYISGER:0.3333333333333333	AATGSHLL:0.26666666666666666	HFGLEVWI:0.2	FRTISLRE:0.2	SCIIPAHN:0.2	MMRDIFRT:0.3333333333333333	SLRRNSPW:0.2	YISGERVF:0.26666666666666666	MRDIFRTI:0.3333333333333333	ITVSCIIP:0.2	PHFGLEVW:0.26666666666666666	EGIAAATG:0.26666666666666666	DIFRTISL:0.2	LDADLVGL:0.3333333333333333	ISGERVFA:0.26666666666666666	VISPYKAA:0.26666666666666666	IAAATGSH:0.26666666666666666	SGERVFAR:0.26666666666666666	LLMLDADL:0.2	DVSMMRDI:0.2	SPYKAAKM:0.2	AVAEGIAA:0.26666666666666666	PYKAAKMG:0.2	VSMMRDIF:0.2	VSCIIPAH:0.2	LPHFGLEV:0.26666666666666666	RDIFRTIS:0.26666666666666666	MITVSCII:0.2	AAATGSHL:0.26666666666666666	LMLDADLV:0.2	GSHLLMLD:0.2	TGSHLLML:0.2	GIAAATGS:0.26666666666666666	VAEGIAAA:0.26666666666666666	ATGSHLLM:0.2	SMMRDIFR:0.2	DYISGERV:0.4666666666666667	DGSTDNTA:0.3333333333333333	VVVVDDGS:0.2	EVVVVDDG:0.2	LPRFGLEV:0.26666666666666666	QADVTISL:0.26666666666666666	GLRADAAM:0.2	SCIIPAYN:0.26666666666666666	ADVTISLR:0.26666666666666666	CIIPAYNE:0.26666666666666666	IIPAYNEA:0.26666666666666666	IPAYNEAP:0.2	LDSDLLGL:0.2	LLDSDLLG:0.2	AYNEAPRI:0.2	ALPRFGLE:0.2	PAYNEAPR:0.2	VTISLRRN:0.2	DVTISLRR:0.2	
