cluster number:1223
GT2:13	GT2:13
VVVVDDGS:0.5384615384615384	IYAPLLKF:0.38461538461538464	IILIPAYE:0.38461538461538464	RGKGFALK:0.38461538461538464	VSSAVNFL:0.23076923076923078	IATVYLDH:0.23076923076923078	VCADSDGQ:0.6153846153846154	TVYLDHNS:0.23076923076923078	DDGSGPAY:0.3076923076923077	GDRYEYEL:0.3076923076923077	ILIPAYEP:0.38461538461538464	VRIYAPLL:0.23076923076923078	SGSHFRPL:0.3076923076923077	LFTLATGE:0.23076923076923078	NSGSHFRP:0.3076923076923077	VVVDDGSG:0.5384615384615384	GLRGYPAA:0.23076923076923078	RYEYELNL:0.38461538461538464	DRYEYELN:0.23076923076923078	RGDRYEYE:0.23076923076923078	QTGLRGYP:0.7692307692307693	LPWLRSVR:0.23076923076923078	YARNRGKG:0.23076923076923078	DSVRIYAP:0.23076923076923078	FTLATGER:0.23076923076923078	VVDDGSGP:0.5384615384615384	PGHDVVCA:0.23076923076923078	ADSVRIYA:0.23076923076923078	LNLLLEAK:0.3076923076923077	YELNLLLE:0.3076923076923077	DTQTGLRG:0.8461538461538461	ARNRGKGF:0.23076923076923078	NRGKGFAL:0.46153846153846156	AVNFLVNR:0.23076923076923078	MIILIPAY:0.38461538461538464	SVRIYAPL:0.23076923076923078	GHDVVCAD:0.23076923076923078	TLATGERI:0.23076923076923078	PWLRSVRG:0.23076923076923078	DSDGQHTV:0.23076923076923078	SAVNFLVN:0.23076923076923078	CADSDGQH:0.6923076923076923	SSAVNFLV:0.23076923076923078	TQTGLRGY:0.8461538461538461	HDVVCADS:0.23076923076923078	RNRGKGFA:0.23076923076923078	AVVVVDDG:0.23076923076923078	HFRPLADS:0.23076923076923078	ELNLLLEA:0.3076923076923077	LIPAYEPD:0.38461538461538464	SVRGDRYE:0.23076923076923078	SHFRPLAD:0.23076923076923078	ADSDGQHT:0.38461538461538464	RIYAPLLK:0.38461538461538464	ATVYLDHN:0.23076923076923078	VVCADSDG:0.6153846153846154	DIATVYLD:0.3076923076923077	EYELNLLL:0.46153846153846156	TGLRGYPA:0.6153846153846154	GSHFRPLA:0.23076923076923078	DVVCADSD:0.46153846153846156	VRGDRYEY:0.23076923076923078	YAPLLKFL:0.3076923076923077	VDDGSGPA:0.3076923076923077	YEYELNLL:0.38461538461538464	SDTQTGLR:0.3076923076923077	ISDTQTGL:0.23076923076923078	PARSRFGN:0.23076923076923078	GKGFALKT:0.23076923076923078	VPARSRFG:0.23076923076923078	GFALKTGF:0.23076923076923078	KGFALKTG:0.23076923076923078	
