cluster number:1093
GT2:18	GT2:18
NVMGRNDT:0.2222222222222222	FSDQDDVW:0.4444444444444444	SDQDDVWL:0.3333333333333333	AFSDQDDV:0.3333333333333333	DQDDVWLP:0.3888888888888889	GFRNALVQ:0.2222222222222222	
