cluster number:439
GT2:63	GT2:63
PGPALLGV:0.20634920634920634	YVAFCDDD:0.7301587301587301	LGIRNTLW:0.2698412698412698	WLGGEEEL:0.7142857142857143	TPYVAFCD:0.7142857142857143	IRNTLWTL:0.2222222222222222	GGEEELLA:0.6190476190476191	VAFCDDDT:0.5396825396825397	LGGEEELL:0.5714285714285714	LPWVLRER:0.31746031746031744	LPGPALLG:0.2222222222222222	NLGAVGRN:0.3492063492063492	VTGRCLVE:0.20634920634920634	TGRCLVEP:0.20634920634920634	WLPGPALL:0.23809523809523808	GIRNTLWT:0.3333333333333333	VVVITHNR:0.30158730158730157	PYVAFCDD:0.7301587301587301	LWFTWLRR:0.4126984126984127	AFCDDDSW:0.23809523809523808	VRTPYVAF:0.2222222222222222	PWVLRERR:0.25396825396825395	TVVVITHN:0.2857142857142857	LWLGGEEE:0.5079365079365079	WLPGPALG:0.47619047619047616	DNGSTDGT:0.38095238095238093	GSFLAAAT:0.30158730158730157	GEEELLAA:0.23809523809523808	ALGSFLAA:0.2698412698412698	VAFCDDDS:0.20634920634920634	RNTLWFTW:0.4126984126984127	LAAATVLR:0.2698412698412698	LGSFLAAA:0.2857142857142857	EEELLAAD:0.23809523809523808	SFLAAATV:0.30158730158730157	NTLWFTWL:0.4126984126984127	TTVVVITH:0.20634920634920634	FLAAATVL:0.2698412698412698	RLWLGGEE:0.4126984126984127	ELLAADLA:0.2222222222222222	LPGPALGS:0.47619047619047616	RTTVVVIT:0.25396825396825395	LARTVPRD:0.2222222222222222	LGAVGRNL:0.2698412698412698	GPALGSFL:0.4603174603174603	FCDDDSWW:0.23809523809523808	IRNTLWFT:0.20634920634920634	PGPALGSF:0.47619047619047616	AAATVLRT:0.2222222222222222	TLWFTWLR:0.4126984126984127	PALGSFLA:0.4603174603174603	GIRNTLWF:0.20634920634920634	WFTWLRRP:0.4126984126984127	EELLAADL:0.23809523809523808	RTPYVAFC:0.2857142857142857	NGSTDGTA:0.30158730158730157	VDNGSTDG:0.2222222222222222	PDWLPGPA:0.42857142857142855	GPDWLPGP:0.31746031746031744	FCDDDTWW:0.3333333333333333	GLRNTLWF:0.20634920634920634	AFCDDDTW:0.3333333333333333	NASTDGTA:0.23809523809523808	STDGTADA:0.30158730158730157	DWLPGPAL:0.4603174603174603	DNASTDGT:0.30158730158730157	WVLRERRV:0.20634920634920634	TDGTADAV:0.25396825396825395	FTWLRRPL:0.20634920634920634	
