cluster number:1158
GT2:58	GT2:58
TKQRNFGI:0.3103448275862069	LIICTYMR:0.25862068965517243	KYGKMVVR:0.27586206896551724	MVVRNGWY:0.46551724137931033	YEDADFSL:0.25862068965517243	GGYITNEV:0.29310344827586204	VGGYITNE:0.3448275862068966	GRSVSFLP:0.22413793103448276	NGWYVWRV:0.6551724137931034	IICTYMRP:0.22413793103448276	IICFLDDD:0.25862068965517243	RGLTKQRN:0.6379310344827587	LYEDADFS:0.29310344827586204	FLPPSGKI:0.22413793103448276	RSVSFLPP:0.22413793103448276	KMVVRNGW:0.5	FLDDDIVL:0.20689655172413793	EDADFSLR:0.25862068965517243	WYVWRVKY:0.3103448275862069	YGKMVVRN:0.5344827586206896	YGLYEDAD:0.6724137931034483	GWYVWRVK:0.5689655172413793	GYGLYEDA:0.7241379310344828	GLYEDADF:0.5689655172413793	RNGWYVWR:0.7068965517241379	SFLPPSGK:0.3103448275862069	FSLIICTY:0.27586206896551724	GLTKQRNF:0.3620689655172414	VRNGWYVW:0.4827586206896552	SLIICTYM:0.22413793103448276	VVRNGWYV:0.46551724137931033	LPPSGKIY:0.22413793103448276	LTKQRNFG:0.3620689655172414	GKMVVRNG:0.5517241379310345	DEILIIDG:0.22413793103448276	FEGYGLYE:0.8275862068965517	FSTYFEGY:0.3103448275862069	PDEILIID:0.22413793103448276	STYFEGYG:0.3103448275862069	EGYGLYED:0.8275862068965517	TYFEGYGL:0.3103448275862069	VCFLDDDT:0.25862068965517243	EILIIDGS:0.39655172413793105	YFEGYGLY:0.7586206896551724	LYEDADFT:0.20689655172413793	ALGVGGYI:0.20689655172413793	WYVWRVKN:0.20689655172413793	EQLMGGVS:0.25862068965517243	VEQLMGGV:0.2413793103448276	GVGGYITN:0.22413793103448276	LPPSGKTY:0.22413793103448276	LMGGVSSF:0.3275862068965517	RGLTRQRN:0.25862068965517243	QLMGGVSS:0.3103448275862069	FLPPSGKT:0.22413793103448276	FLDDDTVL:0.22413793103448276	VVCFLDDD:0.25862068965517243	EYFEGYGL:0.20689655172413793	TKQRNYGI:0.22413793103448276	GLTKQRNY:0.22413793103448276	FSEYFEGY:0.20689655172413793	LTKQRNYG:0.22413793103448276	SEYFEGYG:0.20689655172413793	NRGLTKQR:0.20689655172413793	
