cluster number:632
GT2:148	GT2:148|GT4:2|GT0:1|GT9:1
YHHESATR:0.3783783783783784	AGYRNVWT:0.22297297297297297	EGSQDYDL:0.3581081081081081	CIADDAST:0.20945945945945946	ELYHHESA:0.3310810810810811	ELCIADDA:0.3716216216216216	LYHHESAT:0.36486486486486486	WELCIADD:0.46621621621621623	PFNYSALN:0.3310810810810811	AVTAACLV:0.25675675675675674	AFNDVDFC:0.4189189189189189	PHWELCIA:0.20945945945945946	HHESATRG:0.42567567567567566	SQDYDLAL:0.23648648648648649	DVDFCLRV:0.25	SAVTAACL:0.4594594594594595	NDVDFCLR:0.33783783783783783	YPHWELCI:0.22972972972972974	AVAFNDVD:0.20270270270270271	QDYDLALR:0.38513513513513514	DYDLALRC:0.2972972972972973	VAFNDVDF:0.32432432432432434	DPAYNPNL:0.22972972972972974	FNDVDFCL:0.36486486486486486	GYRNVWTP:0.22297297297297297	FNYSALNN:0.38513513513513514	HWELCIAD:0.20945945945945946	GSQDYDLA:0.2635135135135135	LCIADDAS:0.3918918918918919	AELYHHES:0.34459459459459457	PRVLYHWR:0.30405405405405406	YSDEDKID:0.2905405405405405	GHISAASN:0.2635135135135135	ISAASNSA:0.22297297297297297	VGAVGAKL:0.22972972972972974	HIPRVLYH:0.2905405405405405	NGHISAAS:0.2635135135135135	IPRVLYHW:0.23648648648648649	HISAASNS:0.21621621621621623	SAASNSAL:0.20945945945945946	IYSDEDKI:0.2702702702702703	
