cluster number:767
GT2:44	GT2:44
DCGGDRSW:0.29545454545454547	VVIPVYKA:0.20454545454545456	FSRNFGQH:0.20454545454545456	VEDCGGDR:0.22727272727272727	GDWVVVMD:0.38636363636363635	RNFGQHYG:0.2727272727272727	HYGITAGL:0.25	VVVMDCDL:0.6590909090909091	VMDCDLQD:0.7954545454545454	QHYGITAG:0.2727272727272727	SVVIPVYK:0.20454545454545456	WVVVMDCD:0.6590909090909091	SRNFGQHY:0.5227272727272727	DWVVVMDC:0.38636363636363635	VIPVYKAE:0.20454545454545456	FGQHYGIT:0.2727272727272727	PEEIPRLY:0.25	ISVVIPVY:0.25	NFGQHYGI:0.2727272727272727	EDCGGDRS:0.29545454545454547	YGITAGLD:0.29545454545454547	GQHYGITA:0.2727272727272727	QFSRNFGQ:0.22727272727272727	VVMDCDLQ:0.7727272727272727	MDCDLQDR:0.5227272727272727	CDLQDRPE:0.5227272727272727	KPLRLSIQ:0.3181818181818182	GWTSVMVS:0.20454545454545456	VSIYFIGG:0.20454545454545456	NKPLRLSI:0.3409090909090909	QSNKPLRL:0.20454545454545456	DCDLQDRP:0.5227272727272727	WTSVMVSI:0.20454545454545456	LQDRPEEI:0.5454545454545454	SNKPLRLS:0.3409090909090909	EIILVNDA:0.2727272727272727	DLQDRPEE:0.5454545454545454	RPEEIPRL:0.22727272727272727	QDRPEEIP:0.29545454545454547	LVEDCGGD:0.22727272727272727	DRPEEIPR:0.22727272727272727	GLYIGKIF:0.25	NLSRNFGQ:0.3409090909090909	KGINLSRN:0.25	GINLSRNF:0.29545454545454547	VKGINLSR:0.20454545454545456	RVKGINLS:0.20454545454545456	INLSRNFG:0.29545454545454547	LSRNFGQH:0.45454545454545453	GEWVVVMD:0.22727272727272727	EWVVVMDC:0.20454545454545456	RNFGQHYA:0.2727272727272727	NFGQHYAI:0.29545454545454547	TIIAYSDK:0.25	IAYSDKPL:0.2727272727272727	IIAYSDKP:0.2727272727272727	YSDKPLRL:0.2727272727272727	AYSDKPLR:0.29545454545454547	GWTSLMVS:0.22727272727272727	FGQHYAIT:0.22727272727272727	YAITAGLD:0.20454545454545456	GQHYAITA:0.22727272727272727	HYAITAGL:0.22727272727272727	QHYAITAG:0.22727272727272727	
