cluster number:2298
GT2:12	GT2:12
ALAAGQRL:0.3333333333333333	GRRFEVIV:0.25	ALVIREGY:0.5	VWWLRRRR:0.5	RFLPALVI:0.5	HGTSKYGI:0.4166666666666667	GDGENNPA:0.25	LPILLDEI:0.3333333333333333	DLFGVWWL:0.4166666666666667	VATIDGDG:0.5	NLPILLDE:0.3333333333333333	SGCGLKAL:0.3333333333333333	YGIFDRAL:0.5	LGRKASLA:0.25	VFLQLPYF:0.25	LPYFDSWH:0.5833333333333334	KASLAKRY:0.25	QRRHGTSK:0.25	ENNPAYIP:0.25	WWLRRRRK:0.4166666666666667	AAGQRLGR:0.4166666666666667	TSKYGIFD:0.4166666666666667	ASLAKRYA:0.25	RKASLAKR:0.25	FLQLPYFD:0.25	GVLDLFGV:0.4166666666666667	SWHRFLPA:0.5833333333333334	QRLGRKAS:0.3333333333333333	VVATIDGD:0.25	FDSWHRFL:0.5833333333333334	GCGLKALR:0.3333333333333333	LPALVIRE:0.5	KYGIFDRA:0.5	VVVPAKDE:0.25	DRQRRHGT:0.25	GQSCAVRT:0.3333333333333333	QSCAVRTG:0.3333333333333333	YFDSWHRF:0.5833333333333334	AGQRLGRK:0.3333333333333333	CGLKALRR:0.3333333333333333	DNTRDSGC:0.3333333333333333	ATIDGDGE:0.5	RHGTSKYG:0.4166666666666667	GQRLGRKA:0.3333333333333333	PYFDSWHR:0.5833333333333334	DSWHRFLP:0.5833333333333334	TIDGDGEN:0.5833333333333334	VALAAGQR:0.5	WHRFLPAL:0.5833333333333334	REGYGVTH:0.25	NKLRGAIL:0.25	GVWWLRRR:0.5	RQRRHGTS:0.25	VTVVVPAK:0.25	GIFDRALI:0.25	LAAGQRLG:0.4166666666666667	VLDLFGVW:0.4166666666666667	LDLFGVWW:0.4166666666666667	IDGDGENN:0.25	SCGQSCAV:0.25	QLPYFDSW:0.25	HRFLPALV:0.5833333333333334	CGQSCAVR:0.25	TRDSGCGL:0.5833333333333334	RRHGTSKY:0.4166666666666667	ANKLRGAI:0.25	NTRDSGCG:0.3333333333333333	TVVVPAKD:0.25	VIREGYGV:0.25	EVIVIDDG:0.3333333333333333	DGDGENNP:0.25	RLGRKASL:0.25	RDSGCGLK:0.5833333333333334	IFDRALIG:0.25	LQLPYFDS:0.25	SLAKRYAS:0.25	DSGCGLKA:0.5	FGVWWLRR:0.3333333333333333	FLPALVIR:0.5	PALVIREG:0.5	LVIREGYG:0.25	LFGVWWLR:0.4166666666666667	GRKASLAK:0.25	GTSKYGIF:0.4166666666666667	DGENNPAY:0.25	SKYGIFDR:0.5	GENNPAYI:0.25	VIVIDDGS:0.3333333333333333	FEVIVIDD:0.3333333333333333	ALVGVLDL:0.25	DRALVGVL:0.25	GIFDRALV:0.25	VIDDGSSD:0.25	IFDRALVG:0.25	RALVGVLD:0.25	LVGVLDLF:0.25	FDRALVGV:0.25	IVIDDGSS:0.25	VGVLDLFG:0.25	DGDGENDP:0.3333333333333333	IDGDGEND:0.3333333333333333	GDGENDPA:0.25	
