cluster number:144
GT2:248	GT2:248
ADGSHQPE:0.6048387096774194	VVEVPITF:0.42338709677419356	GSRWVPGG:0.5887096774193549	EVPITFVE:0.49193548387096775	GADLVLGS:0.3588709677419355	DADGSHQP:0.625	MDADGSHQ:0.5806451612903226	VPITFVER:0.49193548387096775	VLVEMDAD:0.4798387096774194	DDNSPDGT:0.8387096774193549	EGLGAAYL:0.5443548387096774	GAAYLAGF:0.6088709677419355	ADLVLGSR:0.4153225806451613	LGAAYLAG:0.6088709677419355	DGSHQPEQ:0.21370967741935484	GSHQPEQL:0.21370967741935484	GGYRAFRR:0.20967741935483872	VEVPITFV:0.4596774193548387	GLGAAYLA:0.6088709677419355	PITFVERE:0.4879032258064516	LGSRWVPG:0.4032258064516129	TGGYRAFR:0.3387096774193548	GKEGLGAA:0.6370967741935484	KEGLGAAY:0.657258064516129	LVEMDADG:0.5120967741935484	EMDADGSH:0.8790322580645161	DLVLGSRW:0.4112903225806452	LVLGSRWV:0.3911290322580645	ADDNSPDG:0.6612903225806451	VEMDADGS:0.7459677419354839	DVLVEMDA:0.2056451612903226	DNSPDGTG:0.8266129032258065	VLGSRWVP:0.3951612903225806	AAYLAGFR:0.3024193548387097	VVNWPKSR:0.22983870967741934	QGYCFQVD:0.33064516129032256	AYLAGFRW:0.29838709677419356	GYCFQVDL:0.4314516129032258	VNWPKSRE:0.25806451612903225	SQGYCFQV:0.33064516129032256	GSHQPEEL:0.3951612903225806	LPRLLTAL:0.3951612903225806	VLHRKGKE:0.38306451612903225	LKGADLVL:0.25806451612903225	SRWVPGGR:0.3911290322580645	CFQVDLAR:0.32661290322580644	KGADLVLG:0.25806451612903225	YLAGFRWG:0.2903225806451613	YCFQVDLA:0.39919354838709675	PRLLTALK:0.33064516129032256	VIIPTYNE:0.5	DSKMSRDI:0.23387096774193547	SHQPEELP:0.3709677419354839	RKGKEGLG:0.46774193548387094	GTGKLADE:0.2056451612903226	VASQGYCF:0.3064516129032258	YNEAENIK:0.21370967741935484	VEALWRVT:0.29435483870967744	LLTALKGA:0.29838709677419356	QPEELPRL:0.3629032258064516	VDLARRAV:0.24596774193548387	ELPRLLTA:0.3870967741935484	GGRVVNWP:0.31048387096774194	EELPRLLT:0.3870967741935484	RWVPGGRV:0.29838709677419356	PDGTGKLA:0.21774193548387097	ASQGYCFQ:0.31451612903225806	GDSKMSRD:0.23387096774193547	HQPEELPR:0.3629032258064516	IPTYNEAE:0.3790322580645161	PGGRVVNW:0.29838709677419356	VPGGRVVN:0.29435483870967744	PEELPRLL:0.42338709677419356	HVVEVPIT:0.28225806451612906	WVPGGRVV:0.2862903225806452	GRVVNWPK:0.23790322580645162	LHRKGKEG:0.38306451612903225	HRKGKEGL:0.46774193548387094	TFVERELG:0.25	RLLTALKG:0.29838709677419356	SPDGTGKL:0.2217741935483871	FQVDLARR:0.32661290322580644	ETLEGLGL:0.20161290322580644	NSPDGTGK:0.3951612903225806	DGSHQPEE:0.3951612903225806	TYNEAENI:0.33064516129032256	LTALKGAD:0.29838709677419356	ITFVEREL:0.22983870967741934	LVIIPTYN:0.47580645161290325	PTYNEAEN:0.3790322580645161	EVASQGYC:0.21370967741935484	KGKEGLGA:0.45564516129032256	QVDLARRA:0.2903225806451613	IIPTYNEA:0.4032258064516129	ALKGADLV:0.29435483870967744	DGTGKLAD:0.21774193548387097	TALKGADL:0.29435483870967744	HVLHRKGK:0.2862903225806452	VHVLHRKG:0.27419354838709675	DVTGGYRA:0.23790322580645162	VTGGYRAF:0.23790322580645162	VADDNSPD:0.532258064516129	VLVADDNS:0.3387096774193548	LVADDNSP:0.5241935483870968	AHVLVADD:0.20161290322580644	HVLVADDN:0.21774193548387097	YGVLVEMD:0.25	GVLVEMDA:0.25806451612903225	
