cluster number:2272
GT2:18	GT2:18
NQIGRARN:0.4444444444444444	NNSTDKTA:0.3333333333333333	LDCLNSIQ:0.2222222222222222	EIIVVDNN:0.4444444444444444	MVADILQM:0.2222222222222222	SGALVVCR:0.2222222222222222	PAFNEEQL:0.2777777777777778	IIVVDNNS:0.4444444444444444	FRWASGAL:0.2222222222222222	RARNAGAA:0.2222222222222222	PRKVQLYT:0.2222222222222222	RNAGAAVA:0.2222222222222222	RWASGALV:0.2222222222222222	DVGGFNQE:0.2222222222222222	ILDCLNSI:0.2222222222222222	DAFRDVGG:0.2222222222222222	QIGRARNA:0.2222222222222222	VDNNSTDK:0.3333333333333333	YEIIVVDN:0.2222222222222222	IGRARNAG:0.2222222222222222	GRARNAGA:0.2222222222222222	NAGAAVAT:0.2222222222222222	WASGALVV:0.2222222222222222	ADILQMIE:0.2222222222222222	ASGALVVC:0.2222222222222222	VVDNNSTD:0.6111111111111112	PINQIGRA:0.2222222222222222	TFRWASGA:0.2222222222222222	WLLFVDAD:0.5	DNNSTDKT:0.3333333333333333	AGAAVATG:0.2222222222222222	FEPINQIG:0.2222222222222222	LNSIQESV:0.2222222222222222	AFRDVGGF:0.2222222222222222	EPINQIGR:0.2222222222222222	LLFVDADS:0.3888888888888889	AFNEEQLI:0.2777777777777778	INQIGRAR:0.2777777777777778	PIWYDGRR:0.2777777777777778	VVFEPINQ:0.2222222222222222	IVVDNNST:0.5555555555555556	LFVDADSL:0.2222222222222222	SPRKVQLY:0.2777777777777778	RKVQLYTG:0.2222222222222222	DCLNSIQE:0.2222222222222222	VADILQMI:0.2222222222222222	ARNAGAAV:0.2222222222222222	TSPRKVQL:0.2222222222222222	FVDADSLL:0.2222222222222222	VFEPINQI:0.2222222222222222	VDADSLLN:0.2222222222222222	CLNSIQES:0.2222222222222222	LSQLLKKW:0.2222222222222222	KLPIWYDG:0.2222222222222222	VGGFNQEL:0.2222222222222222	SQLLKKWG:0.2222222222222222	LILDCLNS:0.2222222222222222	LPIWYDGR:0.2777777777777778	IIPAFNEE:0.2222222222222222	ATGDWLLF:0.2777777777777778	DWLLFVDA:0.3333333333333333	GAAVATGD:0.2222222222222222	GDWLLFVD:0.3333333333333333	TGDWLLFV:0.2222222222222222	VFEPVNQI:0.2222222222222222	VVFEPVNQ:0.2222222222222222	
