cluster number:2292
GT2:111	GT2:111
FDERFPRA:0.6126126126126126	RGNADDAL:0.36936936936936937	QRGNADDA:0.36936936936936937	GGFDERFP:0.5855855855855856	AAARNAGW:0.27927927927927926	PAAARNAG:0.3063063063063063	ERFPRAYR:0.4144144144144144	ITADMAYR:0.6036036036036037	RFPRAYRE:0.45045045045045046	AARNAGWR:0.24324324324324326	GPAAARNA:0.3063063063063063	TADMAYRR:0.5945945945945946	FPRAYRED:0.45045045045045046	GNADDALM:0.2882882882882883	WITADMAY:0.6036036036036037	DERFPRAY:0.4144144144144144	GFDERFPR:0.6126126126126126	AFREDADL:0.3153153153153153	SGGRGPAA:0.36936936936936937	RGPAAARN:0.6036036036036037	VGGFDERF:0.5045045045045045	ARWITADM:0.3063063063063063	FREDADLA:0.3153153153153153	GGRGPAAA:0.4774774774774775	DADLALRV:0.3153153153153153	GRGPAAAR:0.5315315315315315	RRPTDWER:0.3783783783783784	RWITADMA:0.32432432432432434	REDADLAL:0.3963963963963964	RAFREDAD:0.3153153153153153	EDADLALR:0.3963963963963964	GVVSNQSG:0.21621621621621623	FPRAFRED:0.2072072072072072	RSGGRGPA:0.27927927927927926	RIAPGPRT:0.22522522522522523	AVGGFDER:0.24324324324324326	FLDDDVVP:0.2072072072072072	REDSDLAL:0.2072072072072072	PRAYREDS:0.21621621621621623	RAYREDSD:0.21621621621621623	AYREDSDL:0.2072072072072072	
