cluster number:2005
GT2:15	GT2:15|CE4:4|GT4:1
QPNQGVSA:0.2	TPEAFEEQ:0.2	AFEEQLRY:0.2	DDGYLDFF:0.2	LMYHRVAP:0.2	KYEQTLSL:0.2	NQGVSAAR:0.3333333333333333	PAYNAAET:0.2	PLYRVQLF:0.2	YRVTPEAF:0.2	QGVSAARN:0.3333333333333333	PNQGVSAA:0.2	PEAFEEQL:0.2	ACAEGHFT:0.2	VTPEAFEE:0.2	FDDGYLDF:0.2	FDLIVCSE:0.2	DWDFWQRI:0.2	PILMYHRV:0.2	EDWDFWQR:0.26666666666666666	IVCSEVLY:0.2	DLIVCSEV:0.2	ILMYHRVA:0.2	IPAYNAAE:0.26666666666666666	EAFEEQLR:0.2	RVTPEAFE:0.2	LIVCSEVL:0.2	TFDDGYLD:0.2	LPILMYHR:0.2	FEEQLRYL:0.2	LFLDADDW:0.2	IIPAYNAA:0.4	GVSAARNR:0.4	AARNRGIE:0.26666666666666666	SAARNRGI:0.26666666666666666	FLDADDWI:0.2	IIIPAYNA:0.2	IIDDGSSD:0.2	VSAARNRG:0.3333333333333333	FDWLLFLD:0.26666666666666666	SIIIPAYN:0.2	DWLLFLDA:0.26666666666666666	WLLFLDAD:0.26666666666666666	VSVIIPAY:0.26666666666666666	VIIPAYNA:0.26666666666666666	SVIIPAYN:0.26666666666666666	IAFLDADD:0.2	SEDLEWLL:0.2	DLEWLLRV:0.2	EDLEWLLR:0.2	HLRYLARR:0.2	MSYSEDLE:0.2	YSEDLEWL:0.2	SYSEDLEW:0.2	ENPTTTTS:0.2	
