cluster number:1149
GT2:12	GT2:12
PGFLCSHV:0.3333333333333333	WGDDTEYT:0.6666666666666666	AGGFSAGI:0.3333333333333333	WIMDDDAI:0.5833333333333334	GVDKATFV:0.5833333333333334	LCSHVLSD:0.3333333333333333	GIVGVDKA:0.3333333333333333	TYNRVELL:0.5	AAVLVTYN:0.4166666666666667	NSTGYFSW:0.3333333333333333	KATFVSVL:0.5	EMFIWGDD:0.75	MNVPEISK:0.25	YNRVELLK:0.5	VNNNSTDG:0.3333333333333333	TGGAGGFS:0.5	IWGDDTEY:0.6666666666666666	KNTGGAGG:0.25	FLCSHVLS:0.3333333333333333	GFLCSHVL:0.3333333333333333	NNNSTDGT:0.3333333333333333	VVNNNSTD:0.25	PVKEMFIW:0.4166666666666667	TWRISNKY:0.25	DTEYTWRI:0.5833333333333334	NVPEISKK:0.25	VTYNRVEL:0.5	VKEMFIWG:0.4166666666666667	GAGGFSAG:0.4166666666666667	IVVVNNNS:0.4166666666666667	YNVRKHGK:0.3333333333333333	GGAGGFSA:0.4166666666666667	MDDDAIAS:0.4166666666666667	DKATFVSV:0.5833333333333334	IVGVDKAT:0.3333333333333333	VPEISKKK:0.25	KEMFIWGD:0.75	GLPVKEMF:0.4166666666666667	VGVDKATF:0.3333333333333333	STGYFSWP:0.3333333333333333	VWIMDDDA:0.25	VLVTYNRV:0.5	DCMNVPEI:0.25	GDDTEYTW:0.5833333333333334	VDKATFVS:0.5833333333333334	LPVKEMFI:0.4166666666666667	VVVNNNST:0.25	DDTEYTWR:0.5833333333333334	LVTYNRVE:0.3333333333333333	NTGGAGGF:0.9166666666666666	IMDDDAIA:0.4166666666666667	MFIWGDDT:0.6666666666666666	VAAVLVTY:0.25	YTWRISNK:0.25	ATFVSVLI:0.4166666666666667	KSLSLATE:0.3333333333333333	AVLVTYNR:0.4166666666666667	TEYTWRIS:0.5833333333333334	CMNVPEIS:0.25	AKSLSLAT:0.3333333333333333	EYTWRISN:0.25	FIWGDDTE:0.6666666666666666	RVLAKSLS:0.4166666666666667	LPIKEMFI:0.3333333333333333	RIPWYGFL:0.3333333333333333	PWYGFLYR:0.3333333333333333	IGVDKATF:0.25	YHKRVLAK:0.25	HKRVLAKS:0.4166666666666667	WYGFLYRN:0.3333333333333333	KRVLAKSL:0.4166666666666667	ENTGGAGG:0.4166666666666667	NYVLKDFF:0.25	VLAKSLSL:0.4166666666666667	SIVYHKRV:0.25	IIGVDKAT:0.25	GLPIKEMF:0.3333333333333333	GAGGFHVG:0.25	GIIGVDKA:0.25	GGAGGFHV:0.25	PIKEMFIW:0.3333333333333333	LGLPIKEM:0.25	IPWYGFLY:0.3333333333333333	IVYHKRVL:0.25	IKEMFIWG:0.3333333333333333	IWIMDDDA:0.3333333333333333	TGGAGGFH:0.3333333333333333	TFVSVLIN:0.25	VYHKRVLA:0.25	LYRNSFYN:0.25	FLYRNSFY:0.25	YRNSFYNI:0.25	VGLPVKEM:0.25	VVNNASTD:0.25	AVVVTYNR:0.25	
