cluster number:2593
GT2:41	GT2:41
VPFGTPVQ:0.5121951219512195	VISTYNRL:0.24390243902439024	VYHRNEVN:0.21951219512195122	VICSCVAA:0.2926829268292683	QCLAYRTI:0.5609756097560976	LVPFGTPV:0.4146341463414634	LDANCDDI:0.4878048780487805	QADIHYGM:0.6341463414634146	DDDYLAPN:0.4146341463414634	GTPVQVAC:0.7317073170731707	NQCLAYRT:0.6585365853658537	VVYHRNEV:0.21951219512195122	DIKNYLKL:0.24390243902439024	ACRRDAFL:0.24390243902439024	IAQFGDAI:0.6097560975609756	DIHYGMLL:0.7804878048780488	PGAYNQKF:0.2926829268292683	IWPGAYNQ:0.2682926829268293	DDIDSWIR:0.4878048780487805	FGTPVQVA:0.8048780487804879	VACRRDAF:0.2926829268292683	FLDDDDYL:0.8048780487804879	KASGDWIK:0.43902439024390244	TYNRLNLL:0.36585365853658536	SCVAAQVD:0.3170731707317073	AYRTIWPG:0.3902439024390244	VGPGLAFY:0.2682926829268293	QVACRRDA:0.2926829268292683	GPGLAFYI:0.36585365853658536	ASGDWIKF:0.5121951219512195	LELVPFGT:0.43902439024390244	KNYLKLHW:0.2682926829268293	HAATVNAG:0.5121951219512195	DYLAPNCI:0.21951219512195122	PDAVICSC:0.21951219512195122	GHAATVNA:0.5121951219512195	RIAQFGDA:0.4146341463414634	CDDIDSWI:0.7317073170731707	CSCVAAQV:0.3170731707317073	LAYRTIWP:0.3902439024390244	LLELVPFG:0.43902439024390244	VELSRTPQ:0.2682926829268293	AQFGDAIF:0.5853658536585366	WIKFLDDD:0.7804878048780488	SWIRIAQF:0.3902439024390244	DANCDDID:0.5121951219512195	AYNQKFSL:0.36585365853658536	AFYIPQAD:0.36585365853658536	GAYNQKFS:0.4146341463414634	LQTGGWDS:0.21951219512195122	PVQVACRR:0.34146341463414637	YIPQADIH:0.4146341463414634	VADDCSSD:0.3902439024390244	EVVVADDC:0.5121951219512195	IHYGMLLE:0.8048780487804879	SGDWIKFL:0.6097560975609756	PGLAFYIP:0.36585365853658536	ICSCVAAQ:0.3170731707317073	GDWIKFLD:0.6585365853658537	ADIHYGML:0.6341463414634146	NCDDIDSW:0.6829268292682927	LDDDDYLA:0.7560975609756098	PQADIHYG:0.6341463414634146	DWIKFLDD:0.6585365853658537	YGMLLELV:0.43902439024390244	LAFYIPQA:0.3170731707317073	CEVVVADD:0.4634146341463415	IKNYLKLH:0.2682926829268293	WIRIAQFG:0.3902439024390244	GMLLELVP:0.43902439024390244	AATVNAGV:0.4634146341463415	MLLELVPF:0.43902439024390244	DSWIRIAQ:0.4146341463414634	IPQADIHY:0.4634146341463415	WPGAYNQK:0.3170731707317073	TPVQVACR:0.34146341463414637	IDSWIRIA:0.4146341463414634	RTIWPGAY:0.34146341463414637	IKFLDDDD:0.7804878048780488	TIWPGAYN:0.34146341463414637	ELVPFGTP:0.43902439024390244	KFLDDDDY:0.8048780487804879	CLAYRTIW:0.6097560975609756	VVVADDCS:0.5121951219512195	VQVACRRD:0.2926829268292683	DDYLAPNC:0.4146341463414634	ANCDDIDS:0.4878048780487805	YRTIWPGA:0.3902439024390244	FYIPQADI:0.34146341463414637	GLAFYIPQ:0.3902439024390244	PFGTPVQV:0.8048780487804879	VVADDCSS:0.3902439024390244	DDDDYLAP:0.4878048780487805	IRIAQFGD:0.34146341463414637	DIDSWIRI:0.4634146341463415	HYGMLLEL:0.6097560975609756	AVICSCVA:0.2926829268292683	ILMKEKIY:0.4146341463414634	FGDAIFLN:0.4878048780487805	VITTYNRL:0.4878048780487805	LMKEKIYA:0.34146341463414637	LPFGTPVQ:0.24390243902439024	TNILMKEK:0.4146341463414634	NILMKEKI:0.43902439024390244	IFLNQCLA:0.5121951219512195	LNQCLAYR:0.5365853658536586	QTIPCEVV:0.2682926829268293	VVITTYNR:0.4878048780487805	AIFLNQCL:0.5121951219512195	KEKIYALV:0.5121951219512195	MKEKIYAL:0.4146341463414634	DAIFLNQC:0.43902439024390244	LDTNILMK:0.21951219512195122	GDAIFLNQ:0.4878048780487805	FLNQCLAY:0.5121951219512195	QFGDAIFL:0.43902439024390244	RLDTNILM:0.21951219512195122	MKFSVVIT:0.43902439024390244	ICSCIAAQ:0.2926829268292683	FSVVITTY:0.4878048780487805	KFSVVITT:0.43902439024390244	CSCIAAQV:0.2926829268292683	SCIAAQVD:0.2682926829268293	AVICSCIA:0.24390243902439024	SVVITTYN:0.4634146341463415	VICSCIAA:0.2682926829268293	YNRLNLLK:0.21951219512195122	PCEVVVAD:0.24390243902439024	QLDANCDD:0.21951219512195122	KGHAATVN:0.2682926829268293	TIPCEVVV:0.24390243902439024	IPCEVVVA:0.24390243902439024	NKGHAATV:0.2682926829268293	NQTIPCEV:0.21951219512195122	VNKGHAAT:0.24390243902439024	EKIYALVD:0.21951219512195122	TYNRLDLL:0.2682926829268293	
