cluster number:1868
GT2:14	GT2:14|GT4:7
PGRNGGFA:0.2857142857142857	VSHSAVVD:0.21428571428571427	RVLRVSHS:0.21428571428571427	GFAAGVNH:0.21428571428571427	VGGFDERF:0.2857142857142857	FFLYAEET:0.2857142857142857	FVIGSVLL:0.21428571428571427	GRVAVEAM:0.21428571428571427	YLDPGRNG:0.2857142857142857	EQFGRVAV:0.21428571428571427	LRVSHSAV:0.21428571428571427	PALFVYDP:0.2857142857142857	GRNGGFAA:0.35714285714285715	VIGSVLLL:0.2857142857142857	GGFDERFF:0.2857142857142857	ALATAEIL:0.21428571428571427	SAVVDAWR:0.21428571428571427	MACGVPVV:0.21428571428571427	LLNPDAVV:0.21428571428571427	AAGVNHAL:0.21428571428571427	DVLDVHEE:0.21428571428571427	DVLLLNPD:0.42857142857142855	DERFFLYA:0.2857142857142857	EETDWAYR:0.21428571428571427	RYLDPGRN:0.21428571428571427	HFHASQER:0.21428571428571427	HSAVVDAW:0.21428571428571427	ETDWAYRA:0.21428571428571427	AVEAMACG:0.21428571428571427	FAAGVNHA:0.21428571428571427	RVSHSAVV:0.21428571428571427	EPFALATA:0.2857142857142857	VVDAWRER:0.2857142857142857	HKGVDVLL:0.21428571428571427	VAVEAMAC:0.21428571428571427	TVVDNSSL:0.21428571428571427	EEPFALAT:0.2857142857142857	HPALFVYD:0.2857142857142857	AEETDWAY:0.21428571428571427	VLLLNPDA:0.5	RNGGFAAG:0.35714285714285715	YAEETDWA:0.2857142857142857	DPGRNGGF:0.2857142857142857	ADVLLLNP:0.21428571428571427	VVDNSSLP:0.21428571428571427	ERFFLYAE:0.2857142857142857	AMACGVPV:0.21428571428571427	RFFLYAEE:0.21428571428571427	PFALATAE:0.2857142857142857	MRVLRVSH:0.21428571428571427	LLLNPDAV:0.2857142857142857	DAWRERER:0.2857142857142857	FHASQERY:0.2857142857142857	FLYAEETD:0.2857142857142857	AGVNHALA:0.21428571428571427	QFGRVAVE:0.21428571428571427	HEEPFALA:0.35714285714285715	FALATAEI:0.21428571428571427	NGGFAAGV:0.35714285714285715	WVEQFGRV:0.21428571428571427	LYAEETDW:0.2857142857142857	DVHEEPFA:0.21428571428571427	GALPDVVG:0.21428571428571427	EAMACGVP:0.21428571428571427	LDVHEEPF:0.21428571428571427	RVAVEAMA:0.2857142857142857	VHEEPFAL:0.21428571428571427	FGRVAVEA:0.21428571428571427	VLDVHEEP:0.21428571428571427	VGYAGRLA:0.21428571428571427	LDPGRNGG:0.2857142857142857	VDAWRERE:0.2857142857142857	GFDERFFL:0.2857142857142857	FDERFFLY:0.35714285714285715	VEQFGRVA:0.21428571428571427	GGFAAGVN:0.35714285714285715	VLRVSHSA:0.21428571428571427	AVVDAWRE:0.21428571428571427	SHSAVVDA:0.21428571428571427	VLLLRAEA:0.2857142857142857	AWRERERA:0.21428571428571427	DVLAVPSL:0.2857142857142857	WRERERAL:0.21428571428571427	SLDVLAVP:0.21428571428571427	RSLDVLAV:0.21428571428571427	LDVLAVPS:0.35714285714285715	LLRAEALA:0.21428571428571427	VTVVDNSS:0.21428571428571427	KRYPIPFR:0.21428571428571427	GSVLLLRA:0.21428571428571427	IGSVLLLR:0.21428571428571427	SVLLLRAE:0.21428571428571427	RYPIPFRW:0.21428571428571427	LLLRAEAL:0.21428571428571427	PVTVVDNS:0.21428571428571427	LPVTVVDN:0.21428571428571427	PFRWFERW:0.21428571428571427	
