cluster number:1891
GT2:12	GT2:12
YFFHYGED:0.3333333333333333	PGSKVVHD:0.25	ISDLYFQT:0.4166666666666667	DLYFQTLK:0.4166666666666667	FQTLKPYY:0.25	VTYNAMKW:0.5	IFLDQYIA:0.25	LMNQDAWL:0.25	EKYLDIFL:0.3333333333333333	VLLVPGSK:0.25	AMKWAERC:0.5833333333333334	LDQYIAKN:0.25	TYNAMKWA:0.5833333333333334	GKANNIGI:0.6666666666666666	MNQDAWLY:0.25	LVPGSKVV:0.25	EIGIISPI:0.25	IVTYNAMK:0.5	LLPKKTIE:0.25	IGGFNPYF:0.25	KYLDIFLD:0.3333333333333333	MKWAERCF:0.5833333333333334	IIVTYNAM:0.6666666666666666	IGIISPIH:0.25	TLKPYYEI:0.25	NNIGIEKA:0.6666666666666666	YFQTLKPY:0.25	AHWLLPKK:0.25	LYFQTLKP:0.4166666666666667	YGEDDEYV:0.25	FNPYFFHY:0.3333333333333333	EKKSLKQS:0.25	WLLPKKTI:0.25	VNAAHWLL:0.3333333333333333	SEKYLDIF:0.25	QTLKPYYE:0.25	HWLLPKKT:0.25	DIFLDQYI:0.25	FVNAAHWL:0.3333333333333333	GSEKYLDI:0.25	WAERCFTS:0.6666666666666666	NAMKWAER:0.5833333333333334	ERCFTSLR:0.5833333333333334	QYIAKNYE:0.25	AERCFTSL:0.6666666666666666	GIISPIHI:0.25	SDLYFQTL:0.4166666666666667	LDIFLDQY:0.25	ISPIHIDG:0.25	FHYGEDDE:0.25	IISPIHID:0.25	NLGFGKAN:0.6666666666666666	DFFYLMNQ:0.5833333333333334	KWAERCFT:0.5	IHIDGSEK:0.25	DGSEKYLD:0.25	GGFNPYFF:0.5833333333333334	NPYFFHYG:0.3333333333333333	IIIVTYNA:0.25	NAAHWLLP:0.4166666666666667	GFNPYFFH:0.5	NIGIEKAY:0.6666666666666666	GSKVVHDG:0.25	GADFFYLM:0.5833333333333334	TRMISDLY:0.25	AAHWLLPK:0.4166666666666667	YNAMKWAE:0.5833333333333334	KANNIGIE:0.6666666666666666	SPIHIDGS:0.25	DQYIAKNY:0.25	MISDLYFQ:0.25	PYFFHYGE:0.3333333333333333	RMISDLYF:0.25	LGFGKANN:0.6666666666666666	GFGKANNI:0.75	FLDQYIAK:0.25	PIHIDGSE:0.25	ANNIGIEK:0.6666666666666666	VPGSKVVH:0.25	ADFFYLMN:0.5833333333333334	KVLLVPGS:0.25	EDDEYVNR:0.25	FFYLMNQD:0.6666666666666666	YLMNQDAW:0.75	FGKANNIG:0.75	IGIEKAYK:0.5	YLDIFLDQ:0.25	GEDDEYVN:0.25	FFHYGEDD:0.25	FYLMNQDA:0.6666666666666666	HYGEDDEY:0.25	TNLGFGKA:0.3333333333333333	DNGSTDGT:0.5	STDGTQEY:0.3333333333333333	VIIVTYNA:0.25	NGSTDGTQ:0.4166666666666667	TDGTQEYI:0.3333333333333333	GSTDGTQE:0.3333333333333333	SLRQSSVP:0.3333333333333333	LRQSSVPV:0.25	IDNGSTDG:0.4166666666666667	DGTQEYIK:0.3333333333333333	VIDNGSTD:0.4166666666666667	MNQDAWIY:0.3333333333333333	LMNQDAWI:0.5	GIEKAYKE:0.3333333333333333	HLDGSEKK:0.25	MHLDGSEK:0.3333333333333333	KAYKEGAD:0.25	EKAYKEGA:0.25	DGSEKKLD:0.3333333333333333	FPEVDFIQ:0.4166666666666667	LDLHFENY:0.3333333333333333	SPMHLDGS:0.3333333333333333	EKKLDLHF:0.25	KKLDLHFE:0.25	SEKKLDLH:0.25	MANIYVII:0.25	GSEKKLDL:0.25	YKEGADFF:0.25	PEVDFIQS:0.4166666666666667	LDGSEKKL:0.25	DLHFENYL:0.25	IEKAYKEG:0.25	AYKEGADF:0.25	EGADFFYL:0.4166666666666667	PMHLDGSE:0.3333333333333333	KLDLHFEN:0.25	KEGADFFY:0.25	EVDFIQSP:0.3333333333333333	FTSLRQSS:0.3333333333333333	QYKYFSKK:0.25	KREKTALL:0.25	TSLRQSSV:0.25	HFPEVDFI:0.25	EQYKYFSK:0.25	RCFTSLRQ:0.3333333333333333	NQDAWIYP:0.25	YKYFSKKF:0.25	EKVGGFNP:0.25	IVIDNGST:0.25	KVGGFNPY:0.25	EKTALLSY:0.25	CIVIDNGS:0.3333333333333333	QDAWIYPD:0.25	REKTALLS:0.25	VGGFNPYF:0.3333333333333333	DAWIYPDS:0.25	CFTSLRQS:0.3333333333333333	
