cluster number:2318
GT2:17	GT2:17
EDNPSCTQ:0.29411764705882354	YLYRGRDD:0.35294117647058826	LYRGRDDE:0.35294117647058826	DEDNPSCT:0.29411764705882354	SKAFNSRR:0.29411764705882354	FPVGIKLA:0.35294117647058826	GQSVARNN:0.47058823529411764	VGIKLAED:0.35294117647058826	AEDWIFVM:0.29411764705882354	AGQSVARN:0.29411764705882354	FFLDSDDL:0.29411764705882354	HSKAFNSR:0.29411764705882354	LAEDWIFV:0.47058823529411764	SEVIVSHS:0.23529411764705882	RRLPLLLI:0.23529411764705882	FLDSDDLL:0.47058823529411764	AKLFILRG:0.23529411764705882	RGRDDEDN:0.29411764705882354	VNEKVFYD:0.23529411764705882	GRDDEDNP:0.29411764705882354	PVGIKLAE:0.35294117647058826	GIKLAEDW:0.47058823529411764	AMYKANHI:0.23529411764705882	SHSKAFNS:0.29411764705882354	KAFNSRRS:0.29411764705882354	LRKVKFFH:0.23529411764705882	VIVSHSKA:0.23529411764705882	NAGQSVAR:0.29411764705882354	SVARNNAI:0.35294117647058826	DSDDLLPP:0.29411764705882354	IVSHSKAF:0.23529411764705882	QSVARNNA:0.47058823529411764	LDSDDLLP:0.4117647058823529	RDDEDNPS:0.29411764705882354	GFYSEAHR:0.23529411764705882	AFNSRRSW:0.29411764705882354	VSHSKAFN:0.23529411764705882	IKLAEDWI:0.47058823529411764	MYKANHIS:0.23529411764705882	KLAEDWIF:0.47058823529411764	EVIVSHSK:0.23529411764705882	EDHAEVAS:0.23529411764705882	DDEDNPSC:0.29411764705882354	YRGRDDED:0.29411764705882354	ASFDILYQ:0.23529411764705882	LQHGVFAT:0.23529411764705882	FATSRAKG:0.23529411764705882	QHGVFATS:0.23529411764705882	GVFATSRA:0.23529411764705882	LRGILYRL:0.35294117647058826	YYYVIKKD:0.23529411764705882	YYVIKKDA:0.23529411764705882	DILYQNKP:0.23529411764705882	FDILYQNK:0.23529411764705882	SRAKGYYD:0.23529411764705882	RGGPLICP:0.23529411764705882	ILYQNKPV:0.23529411764705882	SFDILYQN:0.23529411764705882	PDKFIVSS:0.29411764705882354	LPDKFIVS:0.29411764705882354	GGPLICPL:0.23529411764705882	SSASFDIL:0.23529411764705882	HGVFATSR:0.23529411764705882	ELPDKFIV:0.29411764705882354	GSLKHFII:0.35294117647058826	YGSLKHFI:0.35294117647058826	DKFIVSSD:0.29411764705882354	LAKLFVLR:0.23529411764705882	SLKHFIIF:0.35294117647058826	SASFDILY:0.23529411764705882	GYYDRNSM:0.29411764705882354	FLQHGVFA:0.23529411764705882	ATSRAKGY:0.23529411764705882	AKLFVLRG:0.23529411764705882	DYSSASFD:0.4117647058823529	TSRAKGYY:0.23529411764705882	TDYSSASF:0.4117647058823529	YSSASFDI:0.23529411764705882	ERLGNTAN:0.23529411764705882	TANDSSYH:0.23529411764705882	VTGLSRFD:0.23529411764705882	AVTGLSRF:0.23529411764705882	VAVTGLSR:0.23529411764705882	NDSSYHLF:0.23529411764705882	IGERLGNT:0.23529411764705882	GERLGNTA:0.23529411764705882	LGNTANDS:0.23529411764705882	ANDSSYHL:0.23529411764705882	LIGERLGN:0.23529411764705882	GNTANDSS:0.23529411764705882	NTANDSSY:0.23529411764705882	RLGNTAND:0.23529411764705882	ITDYSSAS:0.23529411764705882	MITDYSSA:0.23529411764705882	PSCTQIVN:0.23529411764705882	FLQHGIFA:0.23529411764705882	NPSCTQIV:0.23529411764705882	EIIIVNDG:0.23529411764705882	IIIVNDGS:0.23529411764705882	
