cluster number:2542
GT2:17	GT2:17
IFLYHEDD:0.5882352941176471	HEDDDLSL:0.7058823529411765	FLYHEDDD:0.5882352941176471	DDDLSLRL:0.5882352941176471	YHEDDDLS:0.6470588235294118	EDDDLSLR:0.6470588235294118	LYHEDDDL:0.5882352941176471	NIFLYHED:0.29411764705882354	DPNIFLYH:0.23529411764705882	GFDPNIFL:0.23529411764705882	PNIFLYHE:0.23529411764705882	FDPNIFLY:0.23529411764705882	YFKRRSWL:0.23529411764705882	RRRAKALG:0.23529411764705882	GFGRGCNA:0.23529411764705882	FKRRSWLL:0.23529411764705882	FSARRRAK:0.23529411764705882	FGRGCNAG:0.23529411764705882	GRGCNAGA:0.23529411764705882	FLNPDARL:0.4117647058823529	SARRRAKA:0.23529411764705882	LLFLNPDA:0.23529411764705882	LFLNPDAR:0.4117647058823529	VPVLSGAA:0.23529411764705882	
