cluster number:887
GT2:26	GT2:26
HPSVMFRR:0.38461538461538464	NAGLAAAR:0.23076923076923078	LAVDDGST:0.23076923076923078	AVDDGSTD:0.3076923076923077	LNAGLAAA:0.23076923076923078	PSVMFRRE:0.23076923076923078	DDGSTDGT:0.23076923076923078	VDDGSTDG:0.23076923076923078	IARMDADD:0.4230769230769231	DYELWLRW:0.3076923076923077	AHPSVMFR:0.23076923076923078	YELWLRWL:0.23076923076923078	PEDYELWL:0.3076923076923077	EDYELWLR:0.3076923076923077	FPEDYELW:0.23076923076923078	
