cluster number:333
GT2:12	GT2:12
YFSYADQD:0.25	LSPLFTQK:0.5	SRGFAANF:0.25	MVFNAAGR:0.25	NVGGGNTM:0.75	ALVQNVGG:0.5833333333333334	LLCSYNGE:0.3333333333333333	LFTQKPDF:0.5	GLSPLFTQ:0.5	LIGSNQGL:0.3333333333333333	LYRQHGGN:0.5833333333333334	AILLCSYN:0.3333333333333333	WVSDDGSR:0.25	LLYRQHGG:0.5	FTQKPDFR:0.5	VAISAAGG:0.25	QHGGNLIG:0.5833333333333334	HVAILLCS:0.25	PDFRNALV:0.5833333333333334	DLDVVAHD:0.25	DVVAHDWW:0.3333333333333333	LDVVAHDW:0.25	GGGNTMVF:0.6666666666666666	GNIGLIVA:0.25	QKPDFRNA:0.5	NTMVFNAA:0.3333333333333333	DFRNALVQ:0.5833333333333334	VSDDGSRD:0.25	TMVFNAAG:0.25	VWVSDDGS:0.5833333333333334	HDWWTYVA:0.3333333333333333	GGNTMVFN:0.75	DWWTYVAI:0.3333333333333333	LVQNVGGG:0.5833333333333334	WTYVAISA:0.3333333333333333	YRQHGGNL:0.5833333333333334	AHDWWTYV:0.3333333333333333	VVAHDWWT:0.5833333333333334	SPLFTQKP:0.5	WIDANVAG:0.4166666666666667	WKVWVSDD:0.5	NWKVWVSD:0.3333333333333333	VAILLCSY:0.3333333333333333	PALYCSRT:0.4166666666666667	FSYADQDD:0.25	QNVGGGNT:0.75	HGGNLIGS:0.4166666666666667	NALVQNVG:0.5833333333333334	SLLYRQHG:0.5	PSRGFAAN:0.25	GPSRGFAA:0.25	GGNLIGSN:0.4166666666666667	WWTYVAIS:0.3333333333333333	YVAISAAG:0.25	RQHGGNLI:0.5833333333333334	VQNVGGGN:0.5833333333333334	PLFTQKPD:0.5	RGFAANFL:0.3333333333333333	KPDFRNAL:0.5	GFAANFLS:0.4166666666666667	TQKPDFRN:0.5	FRNALVQN:0.75	NLIGSNQG:0.4166666666666667	VGGGNTMV:0.6666666666666666	RGPSRGFA:0.4166666666666667	GNLIGSNQ:0.4166666666666667	ILLCSYNG:0.3333333333333333	GNTMVFNA:0.5	RSGVYRQT:0.5	PHVAILLC:0.3333333333333333	KVWVSDDG:0.5	PSLLYRQH:0.5	VRGPSRGF:0.25	RNALVQNV:0.5833333333333334	LGLSPLFT:0.4166666666666667	VAHDWWTY:0.6666666666666666	TYVAISAA:0.3333333333333333	KRSGVYRQ:0.4166666666666667	GLKRSGVY:0.4166666666666667	FAPNFLSL:0.25	FLSLVCRP:0.3333333333333333	AHDWWTYL:0.3333333333333333	APNFLSLV:0.25	IREQLDSI:0.25	LKRSGVYR:0.4166666666666667	VGLKRSGV:0.25	LSLVCRPE:0.3333333333333333	SLVCRPEI:0.3333333333333333	RFIREQLD:0.25	PNFLSLVC:0.25	LVGLKRSG:0.25	GPSRGFAP:0.25	NFLSLVCR:0.4166666666666667	VRRLVGLK:0.25	YADQDDVW:0.3333333333333333	RLVGLKRS:0.25	SRGFAPNF:0.25	RGFAPNFL:0.25	VAAFFKKL:0.25	HDWWTYLA:0.25	SRHGGIVR:0.25	GLIVAAFF:0.25	RRLVGLKR:0.25	RHGGIVRR:0.25	FIREQLDS:0.25	PSRGFAPN:0.25	HGGIVRRL:0.25	GFAPNFLS:0.25	LCSYNGER:0.25	IDANVAGI:0.25	SGVYRQTF:0.3333333333333333	FAANFLSL:0.25	
