cluster number:1290
GT2:98	GT2:98|GT4:1
YFDIGVFH:0.8979591836734694	YIAIPTYN:0.2857142857142857	LTQDAIPE:0.336734693877551	KRYFDIGV:0.7653061224489796	EEFKRYFD:0.6428571428571429	IEEFKRYF:0.24489795918367346	HGGTRNLA:0.336734693877551	NTILSEDM:0.20408163265306123	IGVFHTDE:0.21428571428571427	EFKRYFDI:0.7551020408163265	FNHGGTRN:0.7653061224489796	FDIGVFHT:0.21428571428571427	RYFDIGVF:0.9387755102040817	AIPTYNGG:0.5204081632653061	NHGGTRNL:0.47959183673469385	VIFLTQDA:0.4897959183673469	DIGVFHTD:0.21428571428571427	IAIPTYNG:0.45918367346938777	GGTRNLAV:0.30612244897959184	IFLTQDAI:0.5102040816326531	VVIFLTQD:0.22448979591836735	FKRYFDIG:0.7653061224489796	DVVIFLTQ:0.22448979591836735	FLTQDAIP:0.6428571428571429	FGGAGGEG:0.46938775510204084	TILCEDMF:0.25510204081632654	SNTILCED:0.3979591836734694	FMSNSFSA:0.5612244897959183	VFMSNSFS:0.41836734693877553	VRHSHNYS:0.2653061224489796	KILGYKLG:0.21428571428571427	GGFPSNTI:0.40816326530612246	GFPSNTIL:0.4489795918367347	NTILCEDM:0.4387755102040816	FPSNTILC:0.3979591836734694	SNSFSAYR:0.6632653061224489	GAGGEGKK:0.2857142857142857	GGEGKKFI:0.25510204081632654	SFSAYRLS:0.3979591836734694	PSNTILCE:0.3979591836734694	MSNSFSAY:0.5612244897959183	AGGEGKKF:0.2857142857142857	GGAGGEGK:0.42857142857142855	NSFSAYRL:0.41836734693877553	EFNHGGTR:0.2857142857142857	LTQDAIPQ:0.24489795918367346	AYGRQLPH:0.673469387755102	DIVIFLTQ:0.20408163265306123	LKTVFMSN:0.20408163265306123	DFNHGGTR:0.3673469387755102	LAGYKVAY:0.2653061224489796	TVFMSNSF:0.336734693877551	KTVFMSNS:0.336734693877551	AGYKVAYV:0.25510204081632654	TILCEDMY:0.30612244897959184	IVIFLTQD:0.21428571428571427	FDIGVFHA:0.20408163265306123	GLKTVFMS:0.20408163265306123	LGGFPSNT:0.2857142857142857	ACAYGRQL:0.3979591836734694	CAYGRQLP:0.5816326530612245	VACAYGRQ:0.29591836734693877	YDVVIFLT:0.20408163265306123	IPTYNGGE:0.21428571428571427	TQDAIPEP:0.20408163265306123	YYIAIPTY:0.21428571428571427	
