cluster number:2172
GT2:12	GT2:12|GT4:1
ISHKLLRW:0.5	HKLLRWLI:0.3333333333333333	SDGSDDGT:0.4166666666666667	EFRRKVRI:0.25	SHKLLRWL:0.5833333333333334	KLLRWLIP:0.3333333333333333	SVVGGDGA:0.5833333333333334	DINDFVNP:0.6666666666666666	EIVVFSDA:0.25	IVVFSDAN:0.3333333333333333	YIYLGYPL:0.25	GDGAIYAI:0.5833333333333334	GGDGAIYA:0.5833333333333334	DGAIYAIR:0.5833333333333334	VGGDGAIY:0.6666666666666666	VVGGDGAI:0.5833333333333334	NDFVNPLQ:0.5833333333333334	VFSDANAI:0.25	RIVNRSFS:0.25	IVNRSFSG:0.25	RLGKTMGI:0.25	LGKTMGIN:0.25	LIRQEGRL:0.4166666666666667	GRLGKTMG:0.4166666666666667	FVNPLQII:0.3333333333333333	INDFVNPL:0.5833333333333334	KTMGINLA:0.25	TMGINLAM:0.25	GAIYAIRR:0.25	GKTMGINL:0.25	QEGRLGKT:0.4166666666666667	RQEGRLGK:0.4166666666666667	DFVNPLQI:0.5833333333333334	IRQEGRLG:0.4166666666666667	EGRLGKTM:0.4166666666666667	NSLELDYP:0.25	VVFSDANA:0.4166666666666667	IVNRSIRG:0.3333333333333333	SDANAMYA:0.3333333333333333	LRWLIPLF:0.25	RIVNRSIR:0.3333333333333333	RLSSVVGG:0.25	VGAALYTD:0.3333333333333333	SRLSSVVG:0.25	LSSVVGGD:0.25	LYWRYELA:0.3333333333333333	YWRYELAI:0.3333333333333333	FVNPLQIV:0.25	VNRSIRGL:0.3333333333333333	TVFSDANA:0.25	VFSDANAM:0.4166666666666667	ITVFSDAN:0.25	LLRWLIPL:0.25	ARKERIVN:0.3333333333333333	FSDANAMY:0.3333333333333333	RKERIVNR:0.3333333333333333	ESRLSSVV:0.25	ERIVNRSI:0.3333333333333333	SSVVGGDG:0.25	VISHKLLR:0.25	KERIVNRS:0.3333333333333333	WRYELAIK:0.3333333333333333	PVYVYFGY:0.25	VSDGSDDG:0.25	NRSIRGLM:0.25	YVYFGYPA:0.25	EVARKERI:0.25	QDINDFVN:0.25	VARKERIV:0.25	NPLQIIAK:0.25	KLVRNFAD:0.25	LHSVVGGD:0.25	DGSDDGTD:0.3333333333333333	VNPLQIIA:0.25	HSVVGGDG:0.25	VYVYFGYP:0.25	REVARKER:0.25	PLQIIAKG:0.25	PTVTLVIS:0.25	PYYFVLVN:0.25	
