cluster number:743
GT2:30	GT2:30|GT4:1
DFDFWVRS:0.4	LGGYDESL:0.2	GGYDESLA:0.2	EDFDFWVR:0.6	GYDESLAY:0.2	LAYEDFDF:0.5	PTMMMRRD:0.2	TPTMMMRR:0.3	AYEDFDFW:0.5	YDESLAYE:0.2	YEDFDFWV:0.5666666666666667	DESLAYED:0.2	DFDFWVRA:0.2	YDETLAYE:0.2	TLAYEDFD:0.23333333333333334	ETLAYEDF:0.2	DETLAYED:0.2	GYDETLAY:0.2	DFWVRSAR:0.26666666666666666	FDFWVRSA:0.26666666666666666	IDFATDDV:0.23333333333333334	DFATDDVL:0.3333333333333333	IICLCYNH:0.2	FATDDVLL:0.23333333333333334	RYFICPPT:0.2	FLREALDS:0.23333333333333334	ATDDVLLP:0.23333333333333334	
