cluster number:2278
GT2:11	GT2:11
LFYRLLTY:0.2727272727272727	IVVDDNSS:0.36363636363636365	TGLDDDDY:0.6363636363636364	VVDDNSSD:0.2727272727272727	LFITGLDD:0.2727272727272727	LKAQLISY:0.2727272727272727	LRDAGKFS:0.2727272727272727	AGKFSPDM:0.2727272727272727	GLDDDDYF:0.6363636363636364	IIVVDDNS:0.2727272727272727	SPDMPAWQ:0.2727272727272727	RLRDAGKF:0.2727272727272727	FITGLDDD:0.5454545454545454	ITGLDDDD:0.6363636363636364	KAQLISYG:0.2727272727272727	FYRLLTYS:0.2727272727272727	AQLISYGI:0.2727272727272727	SGACVSRN:0.2727272727272727	GLFITGLD:0.2727272727272727	GNQCFTYT:0.2727272727272727	FSPDMPAW:0.2727272727272727	NSGACVSR:0.2727272727272727	SRNLAIDK:0.2727272727272727	RDAGKFSP:0.2727272727272727	ELFYRLLT:0.2727272727272727	GKFSPDMP:0.2727272727272727	DDNSSDGT:0.2727272727272727	DAGKFSPD:0.2727272727272727	KFSPDMPA:0.2727272727272727	QLISYGIK:0.2727272727272727	LISYGIKI:0.2727272727272727	VDDNSSDG:0.2727272727272727	PDMPAWQD:0.2727272727272727	PLVTIYIP:0.2727272727272727	EIIVVDDN:0.2727272727272727	LVTIYIPT:0.2727272727272727	RNLAIDKA:0.2727272727272727	NLEVIVVD:0.2727272727272727	NQTYKNLE:0.2727272727272727	TYKNLEVI:0.2727272727272727	QTYKNLEV:0.2727272727272727	YKNLEVIV:0.2727272727272727	LEVIVVDD:0.2727272727272727	KNLEVIVV:0.2727272727272727	SVVNQTYK:0.2727272727272727	
