cluster number:1669
GT2:15	GT2:15
LLHDDSAP:0.6	AVVVTRGR:0.2	DSAPAPDA:0.3333333333333333	DLSRRARL:0.26666666666666666	TTWLWLLH:0.2	WAAAGAAT:0.26666666666666666	KQRTWTDP:0.2	AGALVRRD:0.26666666666666666	TDPERLLE:0.2	RAVGVQRV:0.2	WLLHDDSA:0.6	LWLLHDDS:0.6	VVVTRGRT:0.2	GELDQGQH:0.2	SELELREL:0.26666666666666666	DQGQHDGR:0.2	TWLWLLHD:0.3333333333333333	TAVVVTRG:0.3333333333333333	LHDDSAPA:0.4666666666666667	APSELELR:0.26666666666666666	DVLGVGLA:0.2	DDSAPAPD:0.3333333333333333	LVLAERAD:0.3333333333333333	GAWAAAGA:0.3333333333333333	RTWTDPER:0.2	LAGALVRR:0.4	RARLAGHR:0.5333333333333333	GHRVVVVP:0.8	VLVLAERA:0.2	VLGVGLAG:0.2	ELDQGQHD:0.2	HDDSAPAP:0.4666666666666667	WLWLLHDD:0.6	AVVRHAQA:0.4	LSRRARLA:0.26666666666666666	RRARLAGH:0.5333333333333333	RLAGHRVV:0.6666666666666666	LGVGLAGA:0.2	AVGVQRVD:0.2	ARLAGHRV:0.5333333333333333	AAAGAATR:0.26666666666666666	GALVRRDV:0.26666666666666666	AGAATRSV:0.2	RLLLADPG:0.2	LAGHRVVV:0.6666666666666666	TWTDPERL:0.2	RTLRPLQA:0.2	RSGRRMTD:0.2	PSELELRE:0.26666666666666666	LELRELAA:0.2	PERLLEVG:0.2	PGELDQGQ:0.2	WTDPERLL:0.2	SRRARLAG:0.26666666666666666	AAGAATRS:0.2	AGHRVVVV:0.8	GVQRVDQV:0.2	SAPAPDAL:0.3333333333333333	GVGLAGAL:0.2	ALVRRDVW:0.26666666666666666	RVLVLAER:0.2	VTAVVVTR:0.3333333333333333	DPERLLEV:0.2	GLAGALVR:0.4	QRTWTDPE:0.2	AWAAAGAA:0.26666666666666666	TAGLERVT:0.26666666666666666	ELELRELA:0.26666666666666666	VGLAGALV:0.4	WRATLDGR:0.3333333333333333	QGQHDARD:0.2	RTRRLPRR:0.26666666666666666	HRVVVVPA:0.2	LAALATRR:0.2	WAGAPALL:0.2	AGLGAWAA:0.2	AALATRRR:0.2	RLPRRALR:0.2	QHDARDDV:0.2	RVVVVPAA:0.2	DRRLARAE:0.2	LLAGLGAW:0.2	GLGAWAAA:0.26666666666666666	AGAPALLL:0.2	LARAEQRR:0.2	GQHDARDD:0.2	VWAGAPAL:0.2	VVPAVGRQ:0.2	ELAALATR:0.2	LPRRALRP:0.26666666666666666	RRLARAEQ:0.2	LAGLGAWA:0.2	VVVPAAVV:0.2	DQGQHDAR:0.3333333333333333	RRLPRRAL:0.2	RLARAEQR:0.2	TRRLPRRA:0.2	ALATRRRA:0.2	LGAWAAAG:0.26666666666666666	ALPVRRRR:0.2	RDRRLARA:0.2	VVVVPAAV:0.2	LALPVRRR:0.2	LLALPVRR:0.2	VLAERADP:0.26666666666666666	HDARDDVL:0.2	AKQPGLAV:0.2	PRRALRPL:0.3333333333333333	TLAALAAQ:0.2	VVPSAVVR:0.26666666666666666	VVVPSAVV:0.2	PAPDALAE:0.2	AAAAALAF:0.2	AAAAAALA:0.2	ALGPFGDG:0.2	RRTRRLPR:0.2	VAVAGAKQ:0.26666666666666666	AVVVAGAP:0.2	APDALAEL:0.2	HRVVVVPS:0.26666666666666666	SAVVRHAQ:0.26666666666666666	AAAALAFA:0.2	APAPDALA:0.26666666666666666	VVVVPSAV:0.26666666666666666	DPALGPFG:0.2	VPSAVVRH:0.26666666666666666	PALGPFGD:0.2	PSAVVRHA:0.26666666666666666	ARRTRRLP:0.2	RVVVVPSA:0.26666666666666666	LAVGLAGA:0.26666666666666666	DLCRRARL:0.26666666666666666	PLGRRMTG:0.2	LCRRARLA:0.26666666666666666	LLRAVEHS:0.2	ARDELLAP:0.2	LDLCRRAR:0.26666666666666666	RRMTGIDD:0.2	QTAVNLLV:0.2	IDQGQHDA:0.2	AVGLAGAL:0.2	GWRATLDG:0.26666666666666666	VAVAGPKQ:0.2	GAAAAAGL:0.2	EIDQGQHD:0.4666666666666667	LGRRMTGI:0.2	GRRMTGID:0.2	RDELLAPL:0.2	CRRARLAG:0.26666666666666666	AVAVAGPK:0.2	LHDDSAPE:0.2	VVRHAQAS:0.2	HDDSAPEP:0.26666666666666666	PVRRRRAG:0.2	DVLAVGLA:0.2	PFGDGLDL:0.2	GGWRLLLA:0.2	DGGWRLLL:0.2	AQASLLGL:0.2	GLGAWFAA:0.2	VRALGLQR:0.2	ELGGTDPE:0.2	HAQASLLG:0.2	TVTAVVVT:0.26666666666666666	AGGRLVGG:0.2	GAWFAAGA:0.2	GDGLDLCR:0.26666666666666666	DGLDLCRR:0.26666666666666666	GGRLVGGS:0.2	GLDLCRRA:0.2	GPFGDGLD:0.26666666666666666	FGDGLDLC:0.26666666666666666	LVGGSLLP:0.2	VLAVGLAG:0.2	QASLLGLR:0.2	LGAWFAAG:0.26666666666666666	HRVVVVPG:0.2	DVLAVGTA:0.26666666666666666	GEIDQGQH:0.26666666666666666	VLAVGTAG:0.26666666666666666	RVVVVPGA:0.2	LGPFGDGL:0.26666666666666666	
