cluster number:1803
GT2:36	GT2:36
IAEAQNIG:0.2222222222222222	GIAEAQNI:0.2222222222222222	NVGIAEAQ:0.25	VGIAEAQN:0.25	RARAKGMV:0.3333333333333333	DDRVKVCG:0.3611111111111111	QSLSACMP:0.3888888888888889	AKGMVIYQ:0.3333333333333333	RNVLILAR:0.3888888888888889	MVIYQSLS:0.3333333333333333	RLYYQFRN:0.5555555555555556	SIYCQFSE:0.3333333333333333	LSACMPHR:0.3888888888888889	VVILFNPD:0.3611111111111111	GMVIYQSL:0.3333333333333333	VTFKQGAP:0.3888888888888889	KQIIASGM:0.5555555555555556	SLSACMPH:0.3888888888888889	IGPSIYCQ:0.3611111111111111	IYCQFSEC:0.3333333333333333	MPHRQGDD:0.5555555555555556	WCWRARAK:0.4722222222222222	HRQGDDRV:0.5277777777777778	LLDQDSLF:0.3888888888888889	IYQSLSAC:0.3611111111111111	QFRNVLIL:0.3888888888888889	VCGVTFKQ:0.3888888888888889	IAAIGPSI:0.3888888888888889	LDQDSLFS:0.3333333333333333	DHEWCWRA:0.8055555555555556	HVCAIPLR:0.3888888888888889	RAKGMVIY:0.3333333333333333	LFIDGVDH:0.75	SLFSPDIA:0.3055555555555556	PSIYCQFS:0.3611111111111111	DSLFSPDI:0.3055555555555556	IPLRYIVN:0.3333333333333333	DRVKVCGV:0.3611111111111111	ACMPHRQG:0.3888888888888889	VILFNPDV:0.3611111111111111	FRNVLILA:0.3888888888888889	YQSLSACM:0.3611111111111111	GVVVILFN:0.3611111111111111	AIGPSIYC:0.3611111111111111	LFNPDVEH:0.3611111111111111	PIAAIGPS:0.2222222222222222	VKVCGVTF:0.3611111111111111	QIIASGML:0.4166666666666667	GDDRVKVC:0.3611111111111111	CMPHRQGD:0.5555555555555556	EVKQIIAS:0.3333333333333333	WRARAKGM:0.3888888888888889	SACMPHRQ:0.3888888888888889	AFLLDQDS:0.3888888888888889	RHVCAIPL:0.3888888888888889	YCQFSECV:0.3333333333333333	CQFSECVD:0.3333333333333333	LYYQFRNV:0.4166666666666667	CWRARAKG:0.4444444444444444	FLLDQDSL:0.3611111111111111	YQFRNVLI:0.3888888888888889	IDGVDHEW:0.75	GVTFKQGA:0.3888888888888889	FNPDVEHV:0.3333333333333333	VDHEWCWR:0.8333333333333334	YYQFRNVL:0.4166666666666667	RQGDDRVK:0.5	KVCGVTFK:0.3888888888888889	PHRQGDDR:0.5555555555555556	IIASGMLI:0.3611111111111111	DQDSLFSP:0.3333333333333333	GPSIYCQF:0.3611111111111111	EWCWRARA:0.4722222222222222	RVKVCGVT:0.3611111111111111	PLRYIVNR:0.3333333333333333	GVDHEWCW:0.75	HEWCWRAR:0.5277777777777778	LQKGKQVS:0.3333333333333333	CGVTFKQG:0.3888888888888889	NVLILARR:0.3888888888888889	QGDDRVKV:0.5	VIYQSLSA:0.3333333333333333	QDSLFSPD:0.3055555555555556	VKQIIASG:0.5277777777777778	FIDGVDHE:0.75	ILFNPDVE:0.3611111111111111	VVVILFNP:0.3611111111111111	ARAKGMVI:0.3333333333333333	AIPLRYIV:0.3333333333333333	IASGMLIS:0.3611111111111111	KGMVIYQS:0.3333333333333333	AAIGPSIY:0.3611111111111111	DGVDHEWC:0.75	VCAIPLRY:0.3888888888888889	GAPIRLYY:0.4166666666666667	QGAPIRLY:0.3888888888888889	FKQGAPIR:0.3888888888888889	TFKQGAPI:0.3888888888888889	APIRLYYQ:0.4166666666666667	KQGAPIRL:0.3888888888888889	PLYWKLRH:0.2222222222222222	GVLQKGKQ:0.2777777777777778	RYLVNRYC:0.2222222222222222	VPLYWKLR:0.3055555555555556	YLVNRYCF:0.2222222222222222	AIPLRYLV:0.2222222222222222	PLRYLVNR:0.2222222222222222	LYWKLRHV:0.2222222222222222	VLQKGKQV:0.2777777777777778	IRLYYQFR:0.3611111111111111	IPLRYLVN:0.2222222222222222	LRHVCAIP:0.2222222222222222	YWKLRHVC:0.2222222222222222	WKLRHVCA:0.2222222222222222	LVNRYCFE:0.2222222222222222	PIRLYYQF:0.3611111111111111	YAFLLDQD:0.2222222222222222	ELFIDGVD:0.2222222222222222	LRYLVNRY:0.2222222222222222	YVPLYWKL:0.3055555555555556	KLRHVCAI:0.2222222222222222	
