cluster number:1403
GT2:19	GT2:19
KEEALELM:0.21052631578947367	KKNGGLSD:0.42105263157894735	GGLSDARN:0.5263157894736842	FHKKNGGL:0.2631578947368421	ADLISTKV:0.21052631578947367	EVILVNDG:0.3157894736842105	LSDARNFG:0.21052631578947367	VFHKKNGG:0.2631578947368421	VILVNDGS:0.3157894736842105	IIVPVYNV:0.3157894736842105	ATVSACAK:0.21052631578947367	ILVNDGST:0.42105263157894735	KVATVSAC:0.21052631578947367	VNDGSTDS:0.2631578947368421	FEVILVND:0.21052631578947367	NDGSTDSS:0.2631578947368421	NGGLSDAR:0.5263157894736842	GSTDSSGE:0.21052631578947367	GLSDARNF:0.21052631578947367	EEALELML:0.21052631578947367	DKVATVSA:0.21052631578947367	LVNDGSTD:0.42105263157894735	KIVQGSFS:0.21052631578947367	VATVSACA:0.21052631578947367	IVPVYNVK:0.21052631578947367	ISIIVPVY:0.2631578947368421	HKKNGGLS:0.3684210526315789	SIIVPVYN:0.3157894736842105	MISIIVPV:0.21052631578947367	KNGGLSDA:0.42105263157894735	TVSACAKL:0.21052631578947367	IVQGSFSI:0.21052631578947367	DGSTDSSG:0.2631578947368421	VSACAKLY:0.21052631578947367	LINDGSTD:0.3157894736842105	FEVLLIND:0.2631578947368421	INDGSTDN:0.2631578947368421	DGSTDNSG:0.21052631578947367	LSDARNYG:0.21052631578947367	EVLLINDG:0.2631578947368421	VVIPVYNV:0.21052631578947367	LLINDGST:0.3157894736842105	VLLINDGS:0.3157894736842105	SVVIPVYN:0.21052631578947367	NDGSTDNS:0.3157894736842105	VIPVYNVE:0.21052631578947367	GLSDARNY:0.21052631578947367	PVGKLYED:0.21052631578947367	LVDDGSTD:0.21052631578947367	VGKLYEDI:0.21052631578947367	YPVGKLYE:0.21052631578947367	
