cluster number:862
GT2:34	GT2:34
FGFEVEFT:0.20588235294117646	AEGKKINW:0.23529411764705882	VYGSRFYG:0.20588235294117646	QDADLEYD:0.5882352941176471	DADLEYDP:0.5882352941176471	ADVVYGSR:0.47058823529411764	DFGFEVEF:0.20588235294117646	DVVYGSRF:0.47058823529411764	IQDADLEY:0.47058823529411764	DDGSSDGT:0.20588235294117646	IIVVDDGS:0.23529411764705882	VVDDGSSD:0.23529411764705882	EIIVVDDG:0.20588235294117646	IVVDDGSS:0.23529411764705882	VDDGSSDG:0.20588235294117646	KGAALRTG:0.20588235294117646	NQGKGAAL:0.23529411764705882	GAALRTGF:0.20588235294117646	GKGAALRT:0.20588235294117646	SIIIPVYN:0.23529411764705882	DDGSTDGT:0.3235294117647059	ADLEYDPQ:0.20588235294117646	DGSTDGTR:0.2647058823529412	LVDDGSTD:0.20588235294117646	VDDGSTDG:0.2647058823529412	
