cluster number:375
GT2:26	GT2:26|GH0:1
GDTPLFLY:0.2692307692307692	VSVVMITY:0.23076923076923078	DYTSSYRR:0.23076923076923078	IIANDCSP:0.2692307692307692	EGDDYWTD:0.34615384615384615	YGDTPLFL:0.2692307692307692	IANDCSPD:0.2692307692307692	CEGDDYWT:0.38461538461538464	FCEGDDYW:0.34615384615384615	YTSSYRRH:0.23076923076923078	AFCEGDDY:0.34615384615384615	
