cluster number:2367
GT2:29	GT2:29
WLWSAFGS:0.20689655172413793	PPPPGWTG:0.2413793103448276	ADLRAQRG:0.3103448275862069	ERLVQPLL:0.4482758620689655	AERLVQPL:0.3103448275862069	PLLFWSWF:0.27586206896551724	RLVQPLLF:0.20689655172413793	RWLWSAFG:0.27586206896551724	TRWLWSAF:0.27586206896551724	VADLRAQR:0.20689655172413793	WTGKAAAC:0.6896551724137931	AVACGQFL:0.41379310344827586	GWTGKAAA:0.6896551724137931	VQPLLFWS:0.27586206896551724	MAVACGQF:0.3448275862068966	PPPGWTGK:0.41379310344827586	QPLLFWSW:0.27586206896551724	RPSMAVAC:0.20689655172413793	PSMAVACG:0.3448275862068966	TEDLDLAR:0.4827586206896552	PPGWTGKA:0.3793103448275862	PGWTGKAA:0.4482758620689655	YTRWLWSA:0.5172413793103449	LVQPLLFW:0.27586206896551724	GYTRWLWS:0.5862068965517241	SMAVACGQ:0.3448275862068966	PPAAALLG:0.20689655172413793	VVFVDADV:0.20689655172413793	CGQFLVFD:0.41379310344827586	IGGHAAVA:0.2413793103448276	VFVDADVR:0.3448275862068966	GQFLVFDA:0.3448275862068966	ACGQFLVF:0.2413793103448276	VAASPTED:0.20689655172413793	FVDADVRL:0.5172413793103449	AIGGHAAV:0.2413793103448276	AASPTEDL:0.20689655172413793	AVAASPTE:0.20689655172413793	PTEDLDLA:0.27586206896551724	ARTLRRAG:0.2413793103448276	TGKAAACA:0.5862068965517241	ADVRLAPD:0.20689655172413793	VACGQFLV:0.2413793103448276	SPTEDLDL:0.27586206896551724	ASPTEDLD:0.20689655172413793	VDADVRLA:0.20689655172413793	DADVRLAP:0.3793103448275862	AGYTRWLW:0.3793103448275862	TEDLDIAR:0.20689655172413793	WLWSAYGG:0.27586206896551724	LVQPLLCW:0.2413793103448276	GKAAACAR:0.3103448275862069	VQPLLCWS:0.27586206896551724	DPRITVLR:0.20689655172413793	TRWLWSAY:0.2413793103448276	RWLWSAYG:0.3448275862068966	QPLLCWSW:0.27586206896551724	PLLCWSWA:0.27586206896551724	CVPARDEA:0.20689655172413793	EPVTVCVP:0.20689655172413793	VCVPARDE:0.2413793103448276	TVCVPARD:0.20689655172413793	PVTVCVPA:0.20689655172413793	LIADLRAQ:0.20689655172413793	VTVCVPAR:0.20689655172413793	FLDADVRL:0.20689655172413793	DADVRLEP:0.20689655172413793	VDADVRLE:0.20689655172413793	RAGYTRWL:0.20689655172413793	LRAGYTRW:0.20689655172413793	LARALRRA:0.20689655172413793	AVSCGQFL:0.20689655172413793	ARALRRAG:0.20689655172413793	LDLARALR:0.20689655172413793	LVADLRAQ:0.20689655172413793	EDLDLARA:0.2413793103448276	DLDLARAL:0.20689655172413793	DLARALRR:0.20689655172413793	
