cluster number:2279
GT2:11	GT2:11
VMTYNQED:0.2727272727272727	EDFIAECL:0.2727272727272727	AECLDSIL:0.2727272727272727	CVMTYNQE:0.2727272727272727	VIVGEDCS:0.2727272727272727	EVIVGEDC:0.2727272727272727	NPKVSVCV:0.2727272727272727	IVGEDCST:0.2727272727272727	VCVMTYNQ:0.2727272727272727	FDFEVIVG:0.2727272727272727	GEDCSTDN:0.7272727272727273	CSTDNTRS:0.2727272727272727	EDCSTDNT:0.7272727272727273	DFIAECLD:0.2727272727272727	YNQEDFIA:0.2727272727272727	CLDSILSQ:0.2727272727272727	MTYNQEDF:0.2727272727272727	CDFDFEVI:0.2727272727272727	QEDFIAEC:0.2727272727272727	KVSVCVMT:0.2727272727272727	FEVIVGED:0.2727272727272727	NQEDFIAE:0.2727272727272727	VSVCVMTY:0.2727272727272727	FIAECLDS:0.2727272727272727	VGEDCSTD:0.36363636363636365	PKVSVCVM:0.2727272727272727	TYNQEDFI:0.2727272727272727	DCSTDNTR:0.6363636363636364	IAECLDSI:0.2727272727272727	DFDFEVIV:0.2727272727272727	SVCVMTYN:0.2727272727272727	DFEVIVGE:0.2727272727272727	ECLDSILS:0.2727272727272727	IGEDCSTD:0.36363636363636365	
