cluster number:2645
GT2:34	GT2:34
LWTPDKLE:0.47058823529411764	DADDLWTP:0.4117647058823529	AFLDADDL:0.47058823529411764	DDLWTPDK:0.47058823529411764	TPDKLELQ:0.4117647058823529	FLDADDLW:0.6764705882352942	PDKLELQL:0.38235294117647056	DLWTPDKL:0.47058823529411764	WTPDKLEL:0.4117647058823529	AGVAYSWT:0.47058823529411764	LDADDLWT:0.5294117647058824	ADDLWTPD:0.4117647058823529	DKLELQLA:0.2647058823529412	LELQLAAL:0.29411764705882354	GLPVARNR:0.23529411764705882	DWDYWLRL:0.4411764705882353	ISVIIPAY:0.4411764705882353	EAGVAYSW:0.4411764705882353	INDGSTDR:0.29411764705882354	TISVIIPA:0.20588235294117646	PTISVIIP:0.20588235294117646	FIAFLDAD:0.4411764705882353	NGGLPVAR:0.23529411764705882	IPAYNAER:0.20588235294117646	LPVARNRG:0.23529411764705882	GVAYSWTY:0.2647058823529412	VIIPAYNA:0.38235294117647056	AYNAERTI:0.20588235294117646	PAYNAERT:0.20588235294117646	IAFLDADD:0.5294117647058824	KLELQLAA:0.29411764705882354	DGSTDRTL:0.2647058823529412	PVARNRGI:0.23529411764705882	YNAERTIL:0.20588235294117646	PEAGVAYS:0.38235294117647056	GGLPVARN:0.23529411764705882	IIPAYNAE:0.4117647058823529	EFIAFLDA:0.4117647058823529	GEFIAFLD:0.4117647058823529	EDWDYWLR:0.29411764705882354	NDGSTDRT:0.29411764705882354	SVIIPAYN:0.4411764705882353	APPELQYL:0.20588235294117646	WDYWLRLA:0.38235294117647056	SFLDADDL:0.20588235294117646	PPELQYLK:0.23529411764705882	IIVINDGS:0.23529411764705882	VINDGSTD:0.4117647058823529	HPEAGVAY:0.3235294117647059	IVINDGST:0.4117647058823529	EIIVINDG:0.23529411764705882	LQQHPEAG:0.20588235294117646	ALQQHPEA:0.20588235294117646	QHPEAGVA:0.20588235294117646	QQHPEAGV:0.20588235294117646	
