cluster number:1955
GT2:15	GT2:15|GT4:1
LEVIVVDN:0.4	VVDNGSTD:0.6666666666666666	IVVDNGST:0.7333333333333333	DNGSTDGT:0.4666666666666667	VIVVDNGS:0.6666666666666666	EVIVVDNG:0.6666666666666666	VDNGSTDG:0.6	NGSTDGTV:0.2	RYIILRKY:0.3333333333333333	VIIVTYNH:0.3333333333333333	SGACFAMR:0.2	LGGFDENF:0.4	NLGYGGGN:0.26666666666666666	GACFAMRR:0.2	LEKGRYII:0.3333333333333333	KGRYIILR:0.3333333333333333	YVVILNPD:0.3333333333333333	SPRNLGYG:0.2	GEYVVILN:0.3333333333333333	YLELGGFD:0.2	KILYVPTS:0.2	EKGRYIIL:0.3333333333333333	YIILRKYL:0.3333333333333333	HDYELKVP:0.2	YHLEKGRY:0.4	WGYSILNG:0.2	KKIYHLEK:0.2	GGGNNLGV:0.26666666666666666	MTEILTWG:0.2	TGLTFTRG:0.26666666666666666	YHDYELKV:0.2	SWRAHAKG:0.2	VVILNPDT:0.3333333333333333	KGFKILYV:0.2	AHAKGFKI:0.2	TWGYSILN:0.2	LELGGFDE:0.26666666666666666	ELGGFDEN:0.3333333333333333	LITTPKIL:0.4	ITTPKILT:0.2	GYGGGNNL:0.26666666666666666	LGYGGGNN:0.26666666666666666	FTGLTFTR:0.26666666666666666	IYHLEKGR:0.3333333333333333	EYVVILNP:0.3333333333333333	DCLTSVLA:0.2	WRAHAKGF:0.2	GRYIILRK:0.3333333333333333	TEILTWGY:0.2	KLITTPKI:0.2	PKILTYDG:0.2	AKGFKILY:0.2	IIVTYNHK:0.26666666666666666	HAKGFKIL:0.2	EFSWRAHA:0.26666666666666666	KIYHLEKG:0.3333333333333333	RAHAKGFK:0.2	TTPKILTY:0.2	HFTGLTFT:0.26666666666666666	KASVIIVT:0.3333333333333333	FKILYVPT:0.2	YGGGNNLG:0.26666666666666666	PRNLGYGG:0.2	LSNKASVI:0.2	SVIIVTYN:0.3333333333333333	GFKILYVP:0.2	GGFDENFL:0.2	LTWGYSIL:0.2	ASVIIVTY:0.3333333333333333	RNLGYGGG:0.26666666666666666	HLEKGRYI:0.3333333333333333	FEVIVVDN:0.2	TPKILTYD:0.2	VGNIVHFT:0.2	LNPDTKVE:0.2	DPLEVIVV:0.2	GSAINTVG:0.2	YLSGISGA:0.2	LSGISGAC:0.2	AYNEDGEF:0.2	NIVHFTGL:0.2	PLEVIVVD:0.3333333333333333	SAINTVGN:0.2	GISGACFA:0.2	PKILLYDG:0.2	NDPLEVIV:0.2	ILLYDGSA:0.2	HARGEYVV:0.2	GLTFTRGY:0.2	LTFTRGYL:0.2	LLYDGSAI:0.2	AINTVGNI:0.2	EDGEFSWR:0.2	TTPKILLY:0.2	ITTPKILL:0.2	INTVGNIV:0.2	LYDGSAIN:0.2	YDGSAINT:0.2	NEDGEFSW:0.2	YNEDGEFS:0.2	NTVGNIVH:0.2	TFTRGYLE:0.2	TVGNIVHF:0.2	IVHFTGLT:0.2	DGEFSWRA:0.2	GEFSWRAH:0.2	SGISGACF:0.2	GNIVHFTG:0.2	DGSAINTV:0.2	TPKILLYD:0.2	VHFTGLTF:0.2	KILLYDGS:0.2	GGNNLGVR:0.2	ARGEYVVI:0.2	ILNPDTKV:0.2	RGEYVVIL:0.2	NNLGVRHA:0.2	GNNLGVRH:0.2	VILNPDTK:0.2	
