cluster number:291
GT2:41	GT2:41|GT4:1
LAQDYPDF:0.21951219512195122	ALAQDYPD:0.21951219512195122	EALERIGG:0.21951219512195122	RREALERI:0.21951219512195122	REALERIG:0.21951219512195122	ALERIGGF:0.34146341463414637	IPAYNEGE:0.2682926829268293	QDYPDFEV:0.3170731707317073	ALNFGLSK:0.36585365853658536	IIVTTDAD:0.21951219512195122	KELEDLSV:0.21951219512195122	QRKRWFLG:0.5365853658536586	DLSVAPGP:0.2682926829268293	GVGGQVRV:0.3902439024390244	ERIGGFVE:0.3170731707317073	EDLSVAPG:0.21951219512195122	PGPISAFR:0.21951219512195122	LNFGLSKA:0.34146341463414637	KRWFLGDL:0.5365853658536586	EIIVTTDA:0.21951219512195122	DDGSEDNT:0.21951219512195122	IVTTDADS:0.24390243902439024	DYPDFEVI:0.3170731707317073	VLGVGGQV:0.3170731707317073	APGPISAF:0.21951219512195122	LEDLSVAP:0.21951219512195122	FLWDGYFF:0.2926829268292683	LWRQRKRW:0.43902439024390244	RIGGFVED:0.34146341463414637	VEDYATTK:0.4878048780487805	SFLERAQD:0.3170731707317073	WRQRKRWF:0.43902439024390244	SIIIPAYN:0.34146341463414637	IIPAYNEG:0.2926829268292683	LGVGGQVR:0.36585365853658536	FRRAKELE:0.34146341463414637	EDYATTKA:0.3902439024390244	GEIIVTTD:0.21951219512195122	RKRWFLGD:0.5365853658536586	AKELEDLS:0.34146341463414637	RRAKELED:0.3170731707317073	ELEDLSVA:0.21951219512195122	ELVRRFYS:0.2682926829268293	IIIPAYNE:0.34146341463414637	VSIIIPAY:0.34146341463414637	RQRKRWFL:0.4634146341463415	RAKELEDL:0.3170731707317073	LERIGGFV:0.3170731707317073	EDIVEDYA:0.21951219512195122	IAMFRRAK:0.4634146341463415	KVVYAPRA:0.21951219512195122	LKNLGGGF:0.3170731707317073	EVIVVDDG:0.5609756097560976	VVYAPRAR:0.21951219512195122	ARALNFGL:0.21951219512195122	RALNFGLS:0.21951219512195122	FEVIVVDD:0.2682926829268293	DLSLAPGP:0.2926829268292683	AEHLRIAM:0.2926829268292683	YATTKAVK:0.24390243902439024	RWFLGDLK:0.3902439024390244	GFVEDIVE:0.21951219512195122	DYATTKAV:0.24390243902439024	HLRIAMFR:0.4634146341463415	YPDFEVIV:0.2926829268292683	PDFEVIVV:0.21951219512195122	KARALNFG:0.21951219512195122	WFLGDLKN:0.34146341463414637	MFRRAKEL:0.4878048780487805	VEDIVEDY:0.21951219512195122	AQDAEHLR:0.3170731707317073	GKARALNF:0.21951219512195122	DIVEDYAT:0.21951219512195122	GKVVYAPR:0.21951219512195122	LGGGFTKD:0.3170731707317073	DLKNLGGG:0.3170731707317073	DAEHLRIA:0.2926829268292683	NLGGGFTK:0.34146341463414637	LGDLKNLG:0.3170731707317073	WFWALFYL:0.24390243902439024	VLWRQRKR:0.21951219512195122	LRIAMFRR:0.43902439024390244	GDLKNLGG:0.3170731707317073	VIVVDDGS:0.5609756097560976	DFEVIVVD:0.21951219512195122	EHLRIAMF:0.4634146341463415	IVEDYATT:0.24390243902439024	KNLGGGFT:0.3170731707317073	FFFNYIIS:0.21951219512195122	QDAEHLRI:0.3170731707317073	RIAMFRRA:0.4634146341463415	VVDDGSED:0.5121951219512195	IFLWDGYF:0.24390243902439024	FFNYIISL:0.21951219512195122	AMFRRAKE:0.4634146341463415	IGGFVEDI:0.21951219512195122	YFFFNYII:0.21951219512195122	GGFVEDIV:0.21951219512195122	FVEDIVED:0.21951219512195122	IVVDDGSE:0.4634146341463415	FLGDLKNL:0.3170731707317073	LEVIVVDD:0.2682926829268293	APGPIAAF:0.21951219512195122	AAFRREAL:0.21951219512195122	FRRAKELD:0.21951219512195122	AKALNFGL:0.2682926829268293	HGGKAKAL:0.21951219512195122	GGKAKALN:0.21951219512195122	AFRREALE:0.21951219512195122	PGPIAAFR:0.21951219512195122	GKAKALNF:0.2926829268292683	PIAAFRRE:0.21951219512195122	KAKALNFG:0.2682926829268293	LSLAPGPI:0.24390243902439024	GPIAAFRR:0.21951219512195122	WFWAAFYL:0.24390243902439024	FGKVVYAP:0.21951219512195122	
