cluster number:2384
GT2:33	GT2:33|GT26:2
PRLGTCSG:0.21212121212121213	GPGVIEAF:0.6363636363636364	RMRHGFGQ:0.21212121212121213	PGVIEAFY:0.6363636363636364	VGPGVIEA:0.6363636363636364	MWDGIDCH:0.45454545454545453	IVDDGSTD:0.5151515151515151	DDGSTDET:0.42424242424242425	FIHLRPMG:0.21212121212121213	CGDEMSVG:0.3939393939393939	IHLRPMGS:0.21212121212121213	RLGTCSGK:0.21212121212121213	QVMWDGID:0.36363636363636365	WVIVDDGS:0.5151515151515151	GDEMSVGM:0.48484848484848486	GTCSGKPY:0.21212121212121213	VIVDDGST:0.42424242424242425	LRPMGSSQ:0.42424242424242425	TGRMRHGF:0.21212121212121213	VMWDGIDC:0.45454545454545453	GRMRHGFG:0.21212121212121213	HLRPMGSS:0.5454545454545454	DGSTDETP:0.3939393939393939	VDDGSTDE:0.3939393939393939	WDGIDCHR:0.30303030303030304	FVRQVMWD:0.3333333333333333	VVDDGSTD:0.24242424242424243	KLDMDLDL:0.21212121212121213	GFGQYFMG:0.48484848484848486	RRTLDSVA:0.21212121212121213	CKLDMDLD:0.21212121212121213	DEMSVGMT:0.45454545454545453	YFMGTSPL:0.24242424242424243	GFVRQVMW:0.3333333333333333	LDLPPRYF:0.3333333333333333	IGGFVRQV:0.3333333333333333	EIGGFVRQ:0.24242424242424243	GQYFMGTS:0.24242424242424243	DLPPRYFE:0.3333333333333333	VRQVMWDG:0.3333333333333333	MSVGMTKF:0.45454545454545453	DLDLPPRY:0.3333333333333333	VIEAFYAG:0.3333333333333333	GGFVRQVM:0.3333333333333333	SVGMTKFY:0.48484848484848486	LDMDLDLP:0.21212121212121213	RQVMWDGI:0.3333333333333333	EMSVGMTK:0.45454545454545453	QYFMGTSP:0.24242424242424243	VGMTKFYR:0.48484848484848486	GVIEAFYA:0.3333333333333333	FGQYFMGT:0.45454545454545453	KLDLDLDL:0.2727272727272727	GTCSGKAY:0.24242424242424243	FDYVCKLD:0.21212121212121213	DLDLDLPP:0.3333333333333333	LDLDLDLP:0.2727272727272727	CKLDLDLD:0.2727272727272727	LWVIVDDG:0.24242424242424243	GFVREVMW:0.21212121212121213	GGFVREVM:0.21212121212121213	FVREVMWD:0.21212121212121213	IGGFVREV:0.24242424242424243	LDLDLPPR:0.24242424242424243	IEAFYAGL:0.24242424242424243	RIGTCSGK:0.2727272727272727	PRIGTCSG:0.2727272727272727	AVGPGVIE:0.21212121212121213	RAVGPGVI:0.21212121212121213	RSVGPGVI:0.24242424242424243	GQYFMGTG:0.2727272727272727	HRSVGPGV:0.21212121212121213	RHGFGQYF:0.3333333333333333	SVGPGVIE:0.21212121212121213	RGHRSVGP:0.21212121212121213	HGFGQYFM:0.3333333333333333	GHRSVGPG:0.21212121212121213	
