cluster number:1627
GT2:17	GT2:17
QTYTNFEL:0.23529411764705882	TYTNFELL:0.23529411764705882	YTNFELLV:0.23529411764705882	RMGTNILG:0.29411764705882354	NILGEPVC:0.29411764705882354	EPVCGLYP:0.6470588235294118	GEPVCGLY:0.6470588235294118	PLCAFRIS:0.5882352941176471	PLVTVTIP:0.35294117647058826	VKLICGDD:0.23529411764705882	TDLDMFIG:0.23529411764705882	FELLVYDD:0.35294117647058826	YVKLICGD:0.23529411764705882	ESWSSRIG:0.29411764705882354	CAVHSMTS:0.23529411764705882	IDLDFWMQ:0.29411764705882354	DLDFWMQL:0.29411764705882354	HSMTSTVG:0.23529411764705882	LGEPVCGL:0.29411764705882354	NLGPEGNW:0.4117647058823529	RKLIRMGT:0.23529411764705882	PYTIDLDF:0.5882352941176471	TVGFKLFA:0.29411764705882354	IRMGTNIL:0.29411764705882354	LDFWMQLL:0.29411764705882354	CGDDILYP:0.29411764705882354	SMTSTVGF:0.23529411764705882	MGTNILGE:0.29411764705882354	TVTIPMYN:0.4117647058823529	TNILGEPV:0.29411764705882354	ILGEPVCG:0.29411764705882354	NFELLVYD:0.23529411764705882	INCAVHSM:0.23529411764705882	IGKINCAV:0.23529411764705882	LGPEGNWN:0.4117647058823529	VTIPMYNN:0.4117647058823529	VTVTIPMY:0.4117647058823529	FIGKINCA:0.35294117647058826	LIRMGTNI:0.23529411764705882	SWSSRIGE:0.4117647058823529	PVCGLYPA:0.5294117647058824	KLIRMGTN:0.23529411764705882	MTSTVGFK:0.23529411764705882	VPYTIDLD:0.47058823529411764	LVTVTIPM:0.35294117647058826	STVGFKLF:0.29411764705882354	GTNILGEP:0.29411764705882354	AVHSMTST:0.23529411764705882	VHSMTSTV:0.23529411764705882	YTIDLDFW:0.5882352941176471	TSTVGFKL:0.29411764705882354	TIDLDFWM:0.29411764705882354	NCAVHSMT:0.23529411764705882	VKLVCGDD:0.29411764705882354	GTNIIGEP:0.47058823529411764	FELLIYDD:0.4117647058823529	YVKLVCGD:0.23529411764705882	VVPYTIDL:0.23529411764705882	LDFWLQLL:0.23529411764705882	DLDFWLQL:0.23529411764705882	DLFIGKIN:0.23529411764705882	TDLDLFIG:0.35294117647058826	LDLFIGKI:0.23529411764705882	TSLMGFKL:0.4117647058823529	SMTSLMGF:0.4117647058823529	GYSAVVPY:0.23529411764705882	AVVPYTID:0.23529411764705882	QSMTSLMG:0.4117647058823529	LFIGKINC:0.23529411764705882	TNIIGEPV:0.47058823529411764	IGEPVCGL:0.4117647058823529	VTDLDLFI:0.29411764705882354	SAVVPYTI:0.23529411764705882	LCAFRISN:0.23529411764705882	SLMGFKLF:0.4117647058823529	NIIGEPVC:0.4117647058823529	LIYDDHST:0.23529411764705882	ELLIYDDH:0.23529411764705882	DFELLIYD:0.4117647058823529	KLVCGDDI:0.29411764705882354	VRGKYVKL:0.23529411764705882	IYDDHSTD:0.23529411764705882	LLIYDDHS:0.23529411764705882	QRTIIDPE:0.23529411764705882	SSRIGEMR:0.29411764705882354	LMGFKLFA:0.4117647058823529	MGTNIIGE:0.35294117647058826	IIGEPVCG:0.4117647058823529	RMGTNIIG:0.35294117647058826	LVCGDDIL:0.29411764705882354	WSSRIGEM:0.29411764705882354	DLDLFIGK:0.23529411764705882	MTSLMGFK:0.4117647058823529	YSAVVPYT:0.23529411764705882	IGRINCAV:0.23529411764705882	FIGRINCA:0.23529411764705882	EPLCAFRI:0.5294117647058824	PEGNWNKA:0.23529411764705882	DLYMIDEP:0.23529411764705882	SWSSRIGD:0.29411764705882354	GPEGNWNK:0.23529411764705882	GDLYMIDE:0.23529411764705882	MIDEPLCA:0.35294117647058826	DEPLCAFR:0.47058823529411764	YMIDEPLC:0.23529411764705882	IDEPLCAF:0.47058823529411764	LYMIDEPL:0.23529411764705882	NCAVQSMT:0.23529411764705882	LCAFRISD:0.29411764705882354	VRMGTNII:0.23529411764705882	MVRMGTNI:0.23529411764705882	AVQSMTSL:0.35294117647058826	CAVQSMTS:0.23529411764705882	MGFKLFAG:0.29411764705882354	KMVRMGTN:0.23529411764705882	INCAVQSM:0.23529411764705882	GFKLFAGS:0.29411764705882354	VQSMTSLM:0.35294117647058826	RKMVRMGT:0.23529411764705882	DLDLFIGR:0.23529411764705882	TIPMYNNE:0.23529411764705882	IPMYNNER:0.23529411764705882	SQRTIIDP:0.23529411764705882	
