cluster number:1390
GT2:7	GT2:7
WYPDYRQP:0.42857142857142855	MTPELREE:0.2857142857142857	HSTDRTAA:0.2857142857142857	AWADELIV:0.2857142857142857	GWYPDYRQ:0.2857142857142857	RMTPELRE:0.2857142857142857	TDRTAAIA:0.2857142857142857	DGMPGLIL:0.2857142857142857	WADELIVV:0.2857142857142857	SVAWADEL:0.2857142857142857	VAWADELI:0.2857142857142857	NMRACLES:0.2857142857142857	ELIVVDSH:0.2857142857142857	KNYFLGRW:0.5714285714285714	ADELIVVD:0.2857142857142857	YFVPRKNY:0.42857142857142855	DEPNMRAC:0.2857142857142857	MPGLILSG:0.2857142857142857	DSDERMTP:0.2857142857142857	SGLYAYYT:0.42857142857142855	WVFSLDSD:0.42857142857142855	LIVVDSHS:0.2857142857142857	LSGLYAYY:0.42857142857142855	RYREELVH:0.2857142857142857	REELVHES:0.2857142857142857	RKNYFLGR:0.5714285714285714	TPELREEI:0.2857142857142857	VPRKNYFL:0.7142857142857143	YREELVHE:0.2857142857142857	YVIAYNDE:0.2857142857142857	EELVHESF:0.2857142857142857	EFTDKVYQ:0.42857142857142855	NYFLGRWI:0.5714285714285714	PGLILSGL:0.42857142857142855	ERMTPELR:0.2857142857142857	DAYFVPRK:0.42857142857142855	EPNMRACL:0.2857142857142857	PNMRACLE:0.2857142857142857	EADAYFVP:0.2857142857142857	IVVDSHST:0.42857142857142855	FSLDSDER:0.42857142857142855	LESVAWAD:0.2857142857142857	LILSGLYA:0.42857142857142855	CLESVAWA:0.2857142857142857	ALQYPFRD:0.2857142857142857	VVDSHSTD:0.42857142857142855	PEADAYFV:0.2857142857142857	YNDEPNMR:0.2857142857142857	AYFVPRKN:0.42857142857142855	AIAREFTD:0.2857142857142857	GMPGLILS:0.2857142857142857	YRQPQLFR:0.5714285714285714	CGWYPDYR:0.2857142857142857	VIAYNDEP:0.42857142857142855	TAAIAREF:0.2857142857142857	FVPRKNYF:0.42857142857142855	REFTDKVY:0.42857142857142855	SDERMTPE:0.2857142857142857	PDYRQPQL:0.5714285714285714	ACLESVAW:0.2857142857142857	HCGWYPDY:0.2857142857142857	YPDYRQPQ:0.42857142857142855	AREFTDKV:0.2857142857142857	VFSLDSDE:0.42857142857142855	DYRQPQLF:0.5714285714285714	ESVAWADE:0.2857142857142857	AYNDEPNM:0.42857142857142855	IAYNDEPN:0.42857142857142855	ADAYFVPR:0.42857142857142855	ILSGLYAY:0.42857142857142855	AAIAREFT:0.2857142857142857	DELIVVDS:0.2857142857142857	RQPQLFRK:0.42857142857142855	DERMTPEL:0.2857142857142857	STDRTAAI:0.2857142857142857	FTDKVYQV:0.2857142857142857	SLDSDERM:0.42857142857142855	LDSDERMT:0.42857142857142855	IAREFTDK:0.2857142857142857	NDEPNMRA:0.2857142857142857	GLILSGLY:0.42857142857142855	PRKNYFLG:0.7142857142857143	FLGRWIKH:0.2857142857142857	GRWIKHCG:0.2857142857142857	SDLMARRM:0.2857142857142857	RWIKHCGW:0.2857142857142857	THDWVFSL:0.2857142857142857	YFLGRWIK:0.42857142857142855	GLYAYYTF:0.2857142857142857	RYSDLMAR:0.2857142857142857	LGRWIKHC:0.2857142857142857	YSDLMARR:0.2857142857142857	HDWVFSLD:0.2857142857142857	KYAKLWEQ:0.2857142857142857	DWVFSLDS:0.2857142857142857	
