cluster number:2225
GT2:31	GT2:31
DIEIICVN:0.2903225806451613	LKDIEIIC:0.25806451612903225	IEIICVND:0.3225806451612903	DGSTDNSL:0.25806451612903225	EIICVNDG:0.3225806451612903	IICVNDGS:0.3548387096774194	QTLKDIEI:0.2903225806451613	NQTLKDIE:0.22580645161290322	VNDGSTDN:0.2903225806451613	ICVNDGST:0.3870967741935484	CVNDGSTD:0.3870967741935484	TLKDIEII:0.2903225806451613	NDGSTDNS:0.3225806451612903	IEIICIDD:0.2903225806451613	CIDDGSTD:0.22580645161290322	EIICIDDG:0.25806451612903225	DIEIICID:0.22580645161290322	FVDSDDWI:0.22580645161290322	IICIDDGS:0.25806451612903225	ICIDDGST:0.22580645161290322	
