cluster number:1550
GT2:19	GT2:19
GVSSARNF:0.3684210526315789	NGGVSSAR:0.42105263157894735	KALQDRDF:0.2631578947368421	DFLADSPF:0.2631578947368421	DDWIHEDK:0.3684210526315789	LADSPFPL:0.2631578947368421	CIIVDDGS:0.3684210526315789	VDDGSTDN:0.3684210526315789	SPFPLLQQ:0.3157894736842105	LKALQDRD:0.2631578947368421	YKENGGVS:0.21052631578947367	IVDDGSTD:0.3157894736842105	FLADSPFP:0.2631578947368421	PLLQQCLL:0.21052631578947367	RLLIPDFL:0.21052631578947367	GGVSSARN:0.42105263157894735	PFPLLQQC:0.21052631578947367	YFYKENGG:0.21052631578947367	KENGGVSS:0.2631578947368421	SSARNFGI:0.21052631578947367	DDGSTDNT:0.3684210526315789	FPLLQQCL:0.21052631578947367	ADSPFPLL:0.2631578947368421	ECIIVDDG:0.3684210526315789	DSPFPLLQ:0.2631578947368421	IIVDDGST:0.2631578947368421	PDFLADSP:0.2631578947368421	VSSARNFG:0.3684210526315789	VKSVLAQT:0.21052631578947367	CLIIDDGS:0.3157894736842105	ECLIIDDG:0.3157894736842105	LIIDDGST:0.3157894736842105	IIDDGSTD:0.3157894736842105	IQFLDADD:0.21052631578947367	QFLDADDW:0.21052631578947367	DWIHEDKI:0.21052631578947367	WECLIIDD:0.21052631578947367	
