cluster number:2313
GT2:48	GT2:48|GT4:1
YIIIDGGS:0.625	NLEYIIID:0.6041666666666666	YPNLEYII:0.6041666666666666	ITPSYNQG:0.25	LEYIIIDG:0.625	IIDGGSTD:0.5	EYIIIDGG:0.625	PNLEYIII:0.5833333333333334	IITPSYNQ:0.22916666666666666	IIIDGGST:0.5	IDGGSTDN:0.2916666666666667	EETIRSVL:0.3958333333333333	FIEETIRS:0.25	IRSVLLQG:0.3958333333333333	RSVLLQGY:0.3958333333333333	TIRSVLLQ:0.4166666666666667	SVLLQGYP:0.3958333333333333	IEETIRSV:0.22916666666666666	ETIRSVLL:0.3958333333333333	VLLQGYPN:0.3541666666666667	QGYPNLEY:0.4375	LLQGYPNL:0.3541666666666667	LQGYPNLE:0.3541666666666667	GYPNLEYI:0.4166666666666667	SIVTPSYN:0.20833333333333334	KISIVTPS:0.20833333333333334	PKISIVTP:0.2916666666666667	IVTPSYNQ:0.20833333333333334	
