cluster number:1430
GT2:11	GT2:11
YECDAPIT:0.5454545454545454	AAKTISPP:0.2727272727272727	AYITAYED:0.5454545454545454	SALRHYYI:0.2727272727272727	DAPITSGS:0.5454545454545454	LRHYYICR:0.6363636363636364	RHYYICRN:0.6363636363636364	CDAPITSG:0.5454545454545454	FIDGIDLD:0.45454545454545453	PITSGSLI:0.7272727272727273	AIKWAIEQ:0.2727272727272727	KWAIEQEY:0.2727272727272727	AAAKTISP:0.2727272727272727	AAYITAYE:0.45454545454545453	ALRHYYIC:0.2727272727272727	YYICRNHT:0.6363636363636364	HYYICRNH:0.5454545454545454	YITAYEDP:0.2727272727272727	ITSGSLIS:0.45454545454545453	AYEDPKAV:0.2727272727272727	ICRNHTYL:0.36363636363636365	IDLDYGLR:0.45454545454545453	KYSALRHY:0.2727272727272727	DLDYGLRL:0.36363636363636365	TAYEDPKA:0.2727272727272727	ITAYEDPK:0.2727272727272727	VAAYITAY:0.2727272727272727	IKWAIEQE:0.2727272727272727	AIMYHNFG:0.2727272727272727	EQEYDFLW:0.2727272727272727	IIAPTAID:0.2727272727272727	IEQEYDFL:0.2727272727272727	YICRNHTY:0.5454545454545454	IDGIDLDY:0.45454545454545453	APITSGSL:0.5454545454545454	LFIDGIDL:0.45454545454545453	ECDAPITS:0.5454545454545454	GIDLDYGL:0.45454545454545453	YSALRHYY:0.2727272727272727	WAIEQEYD:0.2727272727272727	AIEQEYDF:0.2727272727272727	DGIDLDYG:0.45454545454545453	SPITSGSL:0.36363636363636365	KIAAYITA:0.2727272727272727	FYECDSPI:0.2727272727272727	TSGSLISL:0.2727272727272727	KIWACLLG:0.36363636363636365	IWACLLGT:0.2727272727272727	LKIWACLL:0.2727272727272727	DSPITSGS:0.36363636363636365	LDYGLRLR:0.2727272727272727	YECDSPIT:0.36363636363636365	WACLLGTY:0.2727272727272727	ECDSPITS:0.36363636363636365	DYGLRLRQ:0.2727272727272727	IAAYITAY:0.36363636363636365	DLFIDGID:0.45454545454545453	IGIIAPTP:0.2727272727272727	CDSPITSG:0.36363636363636365	GTYHGLIG:0.2727272727272727	LGTYHGLI:0.2727272727272727	YSSLRHYY:0.2727272727272727	SLRHYYIC:0.2727272727272727	SSLRHYYI:0.2727272727272727	
