cluster number:556
GT2:116	GT2:116|CE4:75
SVIVPAYN:0.2672413793103448	VSVIVPAY:0.25862068965517243	VIVVDDGS:0.22413793103448276	RRMFEVLE:0.22413793103448276	LWRQRYRW:0.4827586206896552	GPDPVWTP:0.25862068965517243	DTDLTMAL:0.3879310344827586	PGAIGAFR:0.4827586206896552	GKAAALNT:0.20689655172413793	GAIGAFRR:0.4827586206896552	DDGSTDRT:0.25	LECMPTVP:0.2672413793103448	NAGKAAAL:0.20689655172413793	RWCYGTLQ:0.3620689655172414	DLTMALWR:0.21551724137931033	AEDTDLTM:0.5344827586206896	MFEVLECM:0.21551724137931033	TDLTMALW:0.23275862068965517	NTKVGNRR:0.21551724137931033	FVYRQLMY:0.3275862068965517	AIGAFRRD:0.27586206896551724	CMPTVPGA:0.5172413793103449	RYRWCYGT:0.4482758620689655	EVLECMPT:0.2413793103448276	DTVFEPDA:0.27586206896551724	PRLLDLLR:0.20689655172413793	VSGNTKVG:0.2672413793103448	PTVPGAIG:0.43103448275862066	FEVLECMP:0.21551724137931033	RQRYRWCY:0.3706896551724138	AGKAAALN:0.20689655172413793	ADTVFEPD:0.20689655172413793	KAAALNTG:0.20689655172413793	GNTKVGNR:0.2672413793103448	LAEDTDLT:0.5431034482758621	YRWCYGTL:0.3620689655172414	AYNEEAGI:0.25	TVPGAIGA:0.41379310344827586	DADTVFEP:0.2413793103448276	WRQRYRWC:0.3793103448275862	YRQLMYLV:0.4827586206896552	VLECMPTV:0.2672413793103448	AEGHEIGS:0.20689655172413793	PDPVWTPR:0.21551724137931033	AVSGNTKV:0.29310344827586204	QRYRWCYG:0.4482758620689655	ECMPTVPG:0.3706896551724138	VYRQLMYL:0.4224137931034483	AGWRVVYE:0.3275862068965517	EDTDLTMA:0.4396551724137931	TPRLLDLL:0.20689655172413793	IGAFRRDA:0.2672413793103448	VPGAIGAF:0.39655172413793105	GAVSGNTK:0.29310344827586204	RMFEVLEC:0.22413793103448276	GWRVVYEE:0.3879310344827586	QLWRQRYR:0.3793103448275862	SGNTKVGN:0.2672413793103448	TLAEDTDL:0.5431034482758621	MPTVPGAI:0.4224137931034483	RAGWRVVY:0.33620689655172414	PAYNEEAG:0.25	VIDDGSTD:0.31896551724137934	IDDGSTDR:0.25	GAFRRDAL:0.2413793103448276	VVDDGSTD:0.39655172413793105	DGSTDGTA:0.35344827586206895	DDGSTDGT:0.3793103448275862	VDDGSTDG:0.3620689655172414	GSTDGTAD:0.3017241379310345	QAMWKHRR:0.2413793103448276	FNLDRRMF:0.22413793103448276	MYLVVIQS:0.27586206896551724	LLGRWQHL:0.2413793103448276	LMYLVVIQ:0.27586206896551724	QLMYLVVI:0.29310344827586204	SLRQLWRQ:0.2413793103448276	TLQAMWKH:0.31896551724137934	GFNLDRRM:0.3793103448275862	YLVVIQSV:0.29310344827586204	DTLAEDTD:0.4396551724137931	RWQHLEYV:0.2672413793103448	LQAMWKHR:0.31896551724137934	LGRWQHLE:0.2672413793103448	RQLWRQRY:0.28448275862068967	RQLMYLVV:0.33620689655172414	GRWQHLEY:0.2672413793103448	LRQLWRQR:0.25	YGTLQAMW:0.31896551724137934	GTLQAMWK:0.31896551724137934	IVVDDGST:0.25	CYGTLQAM:0.22413793103448276	WCYGTLQA:0.25862068965517243	EYVIGFNL:0.2672413793103448	YVIGFNLD:0.2672413793103448	VIGFNLDR:0.2672413793103448	IGFNLDRR:0.2672413793103448	ALTFDDGP:0.35344827586206895	VIVPAYNE:0.3017241379310345	PVSVIVPA:0.2413793103448276	LTFDDGPD:0.3793103448275862	TFDDGPDP:0.3706896551724138	QFVYRQLM:0.21551724137931033	QQFVYRQL:0.21551724137931033	GFNLDRRL:0.21551724137931033	
