cluster number:1248
GT2:195	GT2:195
QPLLNGVN:0.20512820512820512	GAAIQTGV:0.3641025641025641	SKGQPLLN:0.2153846153846154	VVCVDDGS:0.3282051282051282	INLGQGAA:0.24615384615384617	QTGVEYAR:0.37948717948717947	LGQGAAIQ:0.47692307692307695	HPINLGQG:0.24102564102564103	PINLGQGA:0.2358974358974359	AIQTGVEY:0.35384615384615387	FDADGQHR:0.2923076923076923	IQTGVEYA:0.358974358974359	DADGQHRV:0.23076923076923078	QGAAIQTG:0.4717948717948718	GQGAAIQT:0.4717948717948718	GAHLVRHP:0.22564102564102564	PLLNGVNI:0.20512820512820512	NGLRVFNK:0.2358974358974359	KGQPLLNG:0.20512820512820512	TFDADGQH:0.8256410256410256	AAIQTGVE:0.3641025641025641	NLGQGAAI:0.48717948717948717	GQPLLNGV:0.20512820512820512	DADGQHQV:0.37948717948717947	YFVTFDAD:0.23076923076923078	TFPNIVAV:0.20512820512820512	FDADGQHQ:0.4358974358974359	HPVNLGQG:0.5282051282051282	GQHQVKDV:0.28205128205128205	SMSKGQSL:0.23076923076923078	ADGQHQVK:0.28205128205128205	VDILYTEY:0.27692307692307694	ILYTEYSM:0.29743589743589743	YTEYSMSK:0.24102564102564103	FVTFDADG:0.3487179487179487	YSMSKGQS:0.23076923076923078	LYTEYSMS:0.24102564102564103	RMNGMSHA:0.2205128205128205	MNGMSHAS:0.2153846153846154	DGQHQVKD:0.28205128205128205	EYSMSKGQ:0.24102564102564103	PVDILYTE:0.2717948717948718	QHQVKDVV:0.21025641025641026	PVNLGQGA:0.5282051282051282	VNLGQGAA:0.5230769230769231	TDAHNGLR:0.5230769230769231	LTDAHNGL:0.49230769230769234	TEYSMSKG:0.24102564102564103	DILYTEYS:0.27692307692307694	DAHNGLRV:0.4	DIIVGTRF:0.24615384615384617	AHNGLRVF:0.2512820512820513	NGMSHASE:0.2153846153846154	HNGLRVFN:0.24102564102564103	VTFDADGQ:0.5897435897435898	RHPVNLGQ:0.24102564102564103	VRHPVNLG:0.2358974358974359	QGAALQTG:0.31794871794871793	GQGAALQT:0.31794871794871793	QSLINGVN:0.26153846153846155	KGQSLING:0.2717948717948718	DAHNGLRA:0.24102564102564103	GQSLINGV:0.26153846153846155	SLINGVNI:0.26153846153846155	LGQGAALQ:0.2923076923076923	NLGQGAAL:0.3230769230769231	
