cluster number:807
GT2:22	GT2:22|GT74:1
MDADDVAL:0.22727272727272727	IARMDADD:0.6363636363636364	YIARMDAD:0.2727272727272727	RMDADDVA:0.3181818181818182	ARMDADDV:0.36363636363636365	FIIIDDGS:0.4090909090909091	FEFIIIDD:0.4090909090909091	EFIIIDDG:0.4090909090909091	IIIDDGST:0.5	DFEFIIID:0.4090909090909091	IIDDGSTD:0.5	FRDFEFII:0.22727272727272727	GSTDNSLS:0.2727272727272727	GEWIARMD:0.22727272727272727	RDFEFIII:0.2727272727272727	WIARMDAD:0.2727272727272727	AIESILGQ:0.22727272727272727	DDGSTDNS:0.4090909090909091	EWIARMDA:0.22727272727272727	DGSTDNSL:0.36363636363636365	IDDGSTDN:0.4090909090909091	
