cluster number:942
GT2:11	GT2:11
YAMSSMAF:0.36363636363636365	AMSSMAFP:0.36363636363636365	YIFMCDGD:0.36363636363636365	PDCTLCIH:0.36363636363636365	DKPSGYAM:0.36363636363636365	PLIQTENQ:0.2727272727272727	FPRARGKY:0.2727272727272727	DCPVGDTP:0.36363636363636365	DYMEAHPD:0.36363636363636365	GKYIFMCD:0.36363636363636365	GIDNISGA:0.36363636363636365	QVDYMEAH:0.36363636363636365	YVDCPVGD:0.36363636363636365	NISGAFNF:0.36363636363636365	RGKYIFMC:0.36363636363636365	GAFNFPRA:0.2727272727272727	FLMQETDF:0.2727272727272727	VAGSWTVE:0.2727272727272727	QTENQYSQ:0.36363636363636365	VGVAGSWT:0.36363636363636365	YRVGVAGS:0.36363636363636365	LVHDDAST:0.36363636363636365	FMCDGDDY:0.36363636363636365	TENQYSQG:0.36363636363636365	RYYKELTP:0.2727272727272727	QYSQGIDN:0.36363636363636365	ISGAFNFP:0.36363636363636365	GSWTVEGK:0.2727272727272727	AGSWTVEG:0.2727272727272727	AFNFPRAR:0.2727272727272727	SGYAMSSM:0.36363636363636365	NQYSQGID:0.36363636363636365	DCTLCIHS:0.36363636363636365	RVGVAGSW:0.36363636363636365	FEILVHDD:0.36363636363636365	GYAMSSMA:0.36363636363636365	GVAGSWTV:0.2727272727272727	YMEAHPDC:0.36363636363636365	KPLIQTEN:0.2727272727272727	HPDCTLCI:0.36363636363636365	NFPRARGK:0.2727272727272727	ENQYSQGI:0.2727272727272727	FNFPRARG:0.2727272727272727	VKPLIQTE:0.2727272727272727	AHPDCTLC:0.45454545454545453	DYYVDCPV:0.36363636363636365	ILVHDDAS:0.45454545454545453	SAYRVGVA:0.36363636363636365	LIQTENQY:0.2727272727272727	VHDDASTD:0.45454545454545453	LVGKALTE:0.2727272727272727	PDKLQKQV:0.2727272727272727	MEAHPDCT:0.36363636363636365	KPSGYAMS:0.36363636363636365	PRARGKYI:0.2727272727272727	IQTENQYS:0.2727272727272727	YRRYYKEL:0.2727272727272727	ALDSFLMQ:0.45454545454545453	DKLQKQVD:0.36363636363636365	IFMCDGDD:0.36363636363636365	EILVHDDA:0.45454545454545453	DDASTDGT:0.45454545454545453	YYVDCPVG:0.36363636363636365	QKQVDYME:0.36363636363636365	YSQGIDNI:0.36363636363636365	LPDYYVDC:0.36363636363636365	DNISGAFN:0.36363636363636365	VDYMEAHP:0.36363636363636365	PDYYVDCP:0.36363636363636365	MSAYRVGV:0.36363636363636365	RARGKYIF:0.2727272727272727	PSGYAMSS:0.36363636363636365	YYKELTPR:0.2727272727272727	KYIFMCDG:0.36363636363636365	IDNISGAF:0.36363636363636365	VDCPVGDT:0.36363636363636365	KLQKQVDY:0.2727272727272727	SQGIDNIS:0.36363636363636365	SGAFNFPR:0.36363636363636365	HDDASTDG:0.45454545454545453	AYRVGVAG:0.36363636363636365	CTLCIHSA:0.36363636363636365	EAHPDCTL:0.45454545454545453	LQKQVDYM:0.2727272727272727	KQVDYMEA:0.36363636363636365	ARGKYIFM:0.2727272727272727	RRYYKELT:0.2727272727272727	QGIDNISG:0.36363636363636365	QALDSFLM:0.2727272727272727	CDGDDYWT:0.2727272727272727	DSFLMQKT:0.2727272727272727	LDSFLMQK:0.2727272727272727	
