cluster number:659
GT2:41	GT2:41
DADEVVPP:0.43902439024390244	QKRFAEEQ:0.4146341463414634	LDADEVVP:0.5365853658536586	VLNLDADE:0.34146341463414637	NLDADEVV:0.5609756097560976	LNLDADEV:0.6341463414634146	WVLNLDAD:0.34146341463414637	KRFAEEQC:0.4146341463414634	WLLNLDAD:0.24390243902439024	LLNLDADE:0.24390243902439024	RFAEEQCR:0.36585365853658536	RHDWVLNL:0.21951219512195122	QCRHDWVL:0.21951219512195122	HDWVLNLD:0.24390243902439024	FAEEQCRH:0.36585365853658536	CRHDWVLN:0.21951219512195122	DWVLNLDA:0.2926829268292683	FLTAMNYA:0.4146341463414634	VELPGNFL:0.4146341463414634	PSPVHDRV:0.21951219512195122	GATLAAVR:0.2926829268292683	GNFLKAYL:0.21951219512195122	FVELPGNF:0.21951219512195122	LTAMNYAI:0.4146341463414634	LAASLGAR:0.21951219512195122	LRVAKHYE:0.3170731707317073	ISRHLRVA:0.4146341463414634	LKAYLGRR:0.21951219512195122	VVDSGSTD:0.7560975609756098	VRGAYGFL:0.2682926829268293	HFSVRSLG:0.4878048780487805	DKLNRYSD:0.24390243902439024	DSGSTDGT:0.6585365853658537	AISRHLRV:0.4146341463414634	RYSPSPVH:0.21951219512195122	DQLDKLNR:0.24390243902439024	YSPSPVHD:0.21951219512195122	IAEVFPGE:0.21951219512195122	TAMNYAIS:0.4146341463414634	ELPGNFLK:0.4146341463414634	LNRYSDQQ:0.43902439024390244	GPQKRFAE:0.36585365853658536	QLDKLNRY:0.24390243902439024	GDQLDKLN:0.24390243902439024	VAKHYERR:0.3170731707317073	YAISRHLR:0.43902439024390244	YGPQKRFA:0.34146341463414637	FSVRSLGD:0.4634146341463415	FLKAYLGR:0.21951219512195122	GYGPQKRF:0.36585365853658536	RVAKHYER:0.3170731707317073	SLGDQLDK:0.24390243902439024	KLNRYSDQ:0.43902439024390244	LGDQLDKL:0.24390243902439024	IHHFSVRS:0.4146341463414634	SVRSLGDQ:0.5121951219512195	GAYGFLTA:0.2682926829268293	LDKLNRYS:0.24390243902439024	SDQQADDL:0.34146341463414637	ASLGARVI:0.21951219512195122	AMNYAISR:0.43902439024390244	RHLRVAKH:0.4146341463414634	VDSGSTDG:0.6341463414634146	WPGYGPQK:0.36585365853658536	HLRVAKHY:0.3170731707317073	YSDQQADD:0.34146341463414637	PGYGPQKR:0.36585365853658536	PVRLYRRD:0.34146341463414637	AYGFLTAM:0.2682926829268293	RYSDQQAD:0.34146341463414637	SRHLRVAK:0.4146341463414634	KAYLGRRH:0.21951219512195122	VRSLGDQL:0.5121951219512195	PGNFLKAY:0.4146341463414634	GFLTAMNY:0.4146341463414634	SPSPVHDR:0.21951219512195122	RGAYGFLT:0.2682926829268293	YGFLTAMN:0.4146341463414634	AASLGARV:0.21951219512195122	MNYAISRH:0.43902439024390244	GRYSPSPV:0.21951219512195122	RSLGDQLD:0.24390243902439024	HHFSVRSL:0.4878048780487805	NRYSDQQA:0.43902439024390244	NYAISRHL:0.43902439024390244	PQKRFAEE:0.2682926829268293	NFLKAYLG:0.21951219512195122	LPGNFLKA:0.4146341463414634	DRLGATLA:0.24390243902439024	ADRLGATL:0.24390243902439024	KAYFGRRH:0.21951219512195122	LGATLAAV:0.24390243902439024	NEADRLGA:0.24390243902439024	EADRLGAT:0.24390243902439024	RLGATLAA:0.24390243902439024	SGSTDGTQ:0.5121951219512195	GTQALAAS:0.21951219512195122	DQQADDLD:0.21951219512195122	LGARVIHN:0.2926829268292683	DIVVVDSG:0.24390243902439024	EVVPPDLA:0.2682926829268293	TDGTQALA:0.34146341463414637	DGTQALAA:0.2926829268292683	DDIVVVDS:0.24390243902439024	ARGVTIPA:0.21951219512195122	STDGTQAL:0.34146341463414637	IAEIFPGE:0.3170731707317073	GRRHFVRG:0.36585365853658536	LPISVFII:0.21951219512195122	LTPVRLYR:0.3170731707317073	DEVVPPDL:0.2682926829268293	GRQKRFAE:0.21951219512195122	GVTIPAWR:0.21951219512195122	RGVTIPAW:0.21951219512195122	GSTDGTQA:0.43902439024390244	IVVVDSGS:0.2682926829268293	ADEVVPPD:0.2682926829268293	VVVDSGST:0.5365853658536586	SLGDQLAK:0.2682926829268293	RSLGDQLA:0.2682926829268293	GDQLAKLN:0.2682926829268293	LGDQLAKL:0.2682926829268293	NPWPGYGP:0.21951219512195122	PWPGYGPQ:0.21951219512195122	
