cluster number:1711
GT2:32	GT2:32
GTVAAAGT:0.21875	LHTDTFVY:0.25	IPVWVVDN:0.46875	TPDITRMC:0.25	PGKEAGHI:0.28125	SLDYLRSL:0.25	NYKTPDIT:0.25	ETHLKSFC:0.40625	HIAHGKAL:0.65625	YLDHIQAG:0.5	SADASLDY:0.25	LFLLHTDT:0.5625	SLDWINLI:0.4375	ETDYLFLL:0.5	ASLDYLRS:0.25	WRLTSRFC:0.21875	TWRLTSRF:0.21875	PSPGKEAG:0.25	DHIQAGTV:0.5	DYLFLLHT:0.5	PVWVVDND:0.4375	RVPGYTLQ:0.53125	NFSLVLVN:0.21875	DTWRLTSR:0.21875	PDITRMCL:0.25	LIERPSPG:0.3125	WVVDNDSA:0.46875	YLFLLHTD:0.5625	SFCTLWNV:0.3125	IERPSPGK:0.3125	INLIERPS:0.34375	LVNYKTPD:0.25	PYRETHLK:0.21875	VAAAGTYG:0.21875	YKTPDITR:0.25	QAGTVAAA:0.34375	VPGYTLQD:0.59375	RMCLELLR:0.25	GYTLQDRM:0.40625	SLVLVNYK:0.375	HLKSFCTL:0.59375	HIQAGTVA:0.46875	KTPDITRM:0.25	RDTWRLTS:0.21875	WINLIERP:0.34375	VETDYLFL:0.5625	AVGCVEQI:0.21875	DWINLIER:0.75	TDYLFLLH:0.5	KEAGHIAH:0.3125	AGTVAAAG:0.34375	KVETDYLF:0.375	LTSRFCKH:0.21875	LDYLRSLD:0.25	VVDNDSAD:0.46875	IFRYLDHI:0.4375	RLTSRFCK:0.21875	DITRMCLE:0.25	DNDSADAS:0.28125	ERPSPGKE:0.3125	LKSFCTLW:0.90625	TRMCLELL:0.25	PKPYRETH:0.21875	FSLVLVNY:0.375	KIFRYLDH:0.25	RETHLKSF:0.25	SPGKEAGH:0.28125	IQAGTVAA:0.46875	LDHIQAGT:0.5	YRETHLKS:0.25	AHGKALDM:0.21875	NDSADASL:0.25	VLVNYKTP:0.375	LRSLDWIN:0.40625	GKEAGHIA:0.28125	THLKSFCT:0.40625	DASLDYLR:0.25	PRKIFRYL:0.25	VDNDSADA:0.28125	ITRMCLEL:0.25	GHIAHGKA:0.65625	LLHTDTFV:0.375	NLIERPSP:0.34375	LVLVNYKT:0.375	AAVGCVEQ:0.40625	YLRSLDWI:0.40625	DSADASLD:0.25	IAHGKALD:0.65625	EAGHIAHG:0.375	TVAAAGTY:0.21875	GCVEQINR:0.25	DDRVPGYT:0.5	PGYTLQDR:0.53125	RSLDWINL:0.40625	DRVPGYTL:0.5	RKIFRYLD:0.25	KPYRETHL:0.21875	FLLHTDTF:0.71875	VNYKTPDI:0.25	ADASLDYL:0.25	LDWINLIE:0.75	RPSPGKEA:0.25	RYLDHIQA:0.34375	YTLQDRMT:0.25	VGCVEQIN:0.21875	AGHIAHGK:0.375	FRYLDHIQ:0.53125	KSFCTLWN:0.90625	CVEQINRG:0.21875	HTDTFVYD:0.25	VWVVDNDS:0.46875	DYLRSLDW:0.25	GCVEQLDR:0.21875	LALAKVET:0.21875	DLALAKVE:0.21875	HTDTFVFD:0.28125	VGCVEQLD:0.21875	CVEQLDRG:0.21875	VNYKTPEI:0.34375	ALAKVETD:0.21875	HFSMDDRV:0.21875	HGKALDLA:0.3125	FSMDDRVP:0.25	CTLWNARL:0.3125	FCTLWNAR:0.3125	AHGKALDL:0.40625	NYKTPEIT:0.375	KALDLALA:0.21875	GKALDLAL:0.3125	AKVETDYL:0.21875	ALDLALAK:0.21875	LDLALAKV:0.21875	MDDRVPGY:0.4375	LAKVETDY:0.21875	AVGCVEQL:0.40625	SMDDRVPG:0.25	SFCTLWNA:0.3125	TLDWINLI:0.28125	SFCTLWNC:0.25	TVAAAGGY:0.21875	KIFSYLDH:0.28125	YLDHIQSG:0.3125	RSREPKPY:0.28125	REPKPYRE:0.25	IVIVNYKT:0.21875	SIVIVNYK:0.21875	LRSREPKP:0.25	VAVGCVEQ:0.21875	EYLRTLDW:0.21875	YLRTLDWI:0.375	FCTLWNCK:0.21875	PRKIFSYL:0.25	GTVAAAGG:0.21875	LWRFSSRL:0.21875	IVNYKTPE:0.21875	KTPEITKI:0.25	IFSYLDHI:0.25	LRTLDWIN:0.28125	YLKSFCTL:0.3125	LQDRMTEL:0.21875	PEITKICL:0.25	SPRKIFSY:0.25	LSPRKIFS:0.21875	GLRSREPK:0.25	VIVNYKTP:0.21875	YKTPEITK:0.25	CTLWNCKL:0.21875	RKIFSYLD:0.28125	FSYLDHIQ:0.25	VYLKSFCT:0.21875	TPEITKIC:0.25	LDHIQSGT:0.3125	SREPKPYR:0.25	FSIVIVNY:0.21875	DHIQSGTV:0.21875	RTLDWINL:0.28125	EVYLKSFC:0.21875	VAAVGCLE:0.21875	LHTDTFIY:0.21875	GRALDLAL:0.21875	RNPGYELQ:0.21875	WINLIERK:0.25	PGYELQDR:0.25	LLHTDTFI:0.34375	GYELQDRM:0.21875	AHGRALDL:0.28125	AAVGCLEQ:0.21875	NPGYELQD:0.21875	HGRALDLA:0.21875	HRRTKMYN:0.21875	CLELLREH:0.21875	LLREHVQA:0.21875	LELLREHV:0.21875	ELLREHVQ:0.21875	
