cluster number:1825
GT2:26	GT2:26
QGVSAARN:0.2692307692307692	LDADDLWK:0.34615384615384615	AFLDADDL:0.7307692307692307	YPFAVVKE:0.23076923076923078	DADDLWKP:0.34615384615384615	FLDADDLW:0.7307692307692307	VVIPAYNA:0.2692307692307692	NQGVSAAR:0.2692307692307692	PTKLEKQV:0.23076923076923078	GSSAMVRR:0.23076923076923078	YIAFLDAD:0.6923076923076923	IAFLDADD:0.7307692307692307	LDADDLWA:0.23076923076923078	EYIAFLDA:0.23076923076923078	
