cluster number:2108
GT2:79	GT2:79
FELILVDD:0.3037974683544304	GGLSDARN:0.26582278481012656	IHKENGGL:0.35443037974683544	FVDSDDYI:0.3291139240506329	LVDDGSPD:0.4936708860759494	NGGLSDAR:0.26582278481012656	DFELILVD:0.27848101265822783	ELILVDDG:0.34177215189873417	HKENGGLS:0.4050632911392405	VDDGSPDN:0.25316455696202533	ILVDDGSP:0.4810126582278481	GFVDSDDY:0.25316455696202533	LILVDDGS:0.31645569620253167	VIHKENGG:0.379746835443038	LSSARNAG:0.31645569620253167	GLSSARNA:0.31645569620253167	SIIVPVYK:0.26582278481012656	LGFVDSDD:0.25316455696202533	IVPVYKVE:0.2911392405063291	IIVPVYKV:0.26582278481012656	ISIIVPVY:0.4430379746835443	NGGLSSAR:0.379746835443038	SSARNAGI:0.25316455696202533	YLGFVDSD:0.24050632911392406	GGLSSARN:0.379746835443038	PVYNVEKY:0.2911392405063291	VPVYNVEK:0.26582278481012656	VYNVEKYL:0.21518987341772153	IIVPVYNV:0.3037974683544304	SIIVPVYN:0.2911392405063291	IVPVYNVE:0.31645569620253167	KENGGLSS:0.24050632911392406	KVIHKENG:0.21518987341772153	ENGGLSSA:0.24050632911392406	AQTFTDFE:0.24050632911392406	ILAQTFTD:0.22784810126582278	SILAQTFT:0.26582278481012656	LAQTFTDF:0.22784810126582278	
