cluster number:984
GT2:43	GT2:43
FNYSAINN:0.37209302325581395	DDTIQHAG:0.3023255813953488	DTIQHAGV:0.27906976744186046	FDGAQDYD:0.20930232558139536	QDYDFIFR:0.20930232558139536	YHYESKSR:0.4883720930232558	DYDFIFRC:0.20930232558139536	SKSRGLED:0.20930232558139536	DYSAVTAA:0.27906976744186046	LLLNNDTE:0.32558139534883723	YSAVTAAC:0.3488372093023256	VNYICHLF:0.20930232558139536	GAQDYDFI:0.2558139534883721	YLLLLNND:0.23255813953488372	YESKSRGL:0.23255813953488372	ESKSRGLE:0.20930232558139536	NYICHLFV:0.20930232558139536	KSRGLEDT:0.20930232558139536	DGAQDYDF:0.27906976744186046	HYESKSRG:0.5348837209302325	LLLLNNDT:0.2558139534883721	AQDYDFIF:0.20930232558139536	LYHYESKS:0.3023255813953488	NYSAINNF:0.27906976744186046	AELYHYES:0.20930232558139536	YSAINNFG:0.23255813953488372	GDPYYNPN:0.4186046511627907	AFNDVDFC:0.20930232558139536	AVAFNDVD:0.2558139534883721	VAFNDVDF:0.20930232558139536	LNNDTEVI:0.23255813953488372	VGAVGAKL:0.20930232558139536	SAVTAACM:0.32558139534883723	PYYNPNLT:0.3023255813953488	PKILYHWR:0.23255813953488372	DPYYNPNL:0.3488372093023256	SIIIPNKD:0.27906976744186046	AVTAACMM:0.27906976744186046	IIIPNKDH:0.23255813953488372	YYNPNLTL:0.2558139534883721	
