cluster number:312
GT2:23	GT2:23
DLASGDDE:0.4782608695652174	YEVGGFKG:0.391304347826087	TEIIFIDD:0.21739130434782608	LTEIIFID:0.21739130434782608	KGIDDLAS:0.34782608695652173	TTDADCRM:0.43478260869565216	KKAIQTAI:0.21739130434782608	NGANLAYE:0.4782608695652174	YKKKAIQT:0.2608695652173913	YLIGLGAS:0.2608695652173913	SYKKKAIQ:0.2608695652173913	GIDDLASG:0.4782608695652174	IFIDDHST:0.21739130434782608	LYLIGLGA:0.4782608695652174	GLGASTIG:0.2608695652173913	SGDDELLL:0.5652173913043478	ITTDADCR:0.34782608695652173	YKMISSPV:0.2608695652173913	GGFKGIDD:0.34782608695652173	IGLGASTI:0.2608695652173913	DDELLLHK:0.391304347826087	LGASTIGN:0.2608695652173913	AFYEVGGF:0.2608695652173913	PSTCNGAN:0.30434782608695654	FIDDHSTD:0.21739130434782608	ISSPVAYF:0.2608695652173913	IITTDADC:0.43478260869565216	KSTRYKNK:0.2608695652173913	QRKRWASK:0.4782608695652174	EFLYLIGL:0.4782608695652174	IDDLASGD:0.4782608695652174	ASKSTRYK:0.30434782608695654	KKKAIQTA:0.2608695652173913	SKSTRYKN:0.2608695652173913	FYEVGGFK:0.391304347826087	TDADCRMG:0.5217391304347826	MISSPVAY:0.30434782608695654	EVGGFKGI:0.4782608695652174	NSYKKKAI:0.6956521739130435	STCNGANL:0.391304347826087	FLYLIGLG:0.4782608695652174	VGGFKGID:0.4782608695652174	LEFLYLIG:0.4782608695652174	TLEFLYLI:0.2608695652173913	ASGDDELL:0.5652173913043478	DDLASGDD:0.4782608695652174	PLNSYKKK:0.21739130434782608	WASKSTRY:0.30434782608695654	IQQRKRWA:0.21739130434782608	IIFIDDHS:0.21739130434782608	TCNGANLA:0.5652173913043478	CNGANLAY:0.8260869565217391	GFKGIDDL:0.34782608695652173	RWASKSTR:0.30434782608695654	EIIFIDDH:0.21739130434782608	QTLEFLYL:0.2608695652173913	KMISSPVA:0.30434782608695654	FIQQRKRW:0.21739130434782608	QQRKRWAS:0.2608695652173913	KRWASKST:0.4782608695652174	RKRWASKS:0.4782608695652174	LASGDDEL:0.6956521739130435	FKGIDDLA:0.34782608695652173	LNSYKKKA:0.6086956521739131	LIITTDAD:0.30434782608695654	GDDELLLH:0.391304347826087	LIGLGAST:0.2608695652173913	NSGKYNWK:0.21739130434782608	ALNSYKKK:0.2608695652173913	GANLAYEK:0.34782608695652173	GNSGKYNW:0.21739130434782608	AGNSGKYN:0.21739130434782608	GASTIGNK:0.21739130434782608	DELLLHKI:0.21739130434782608	EEKSFFER:0.21739130434782608	DDHSTDRT:0.21739130434782608	SYKKKAIA:0.2608695652173913	NGANLAYR:0.30434782608695654	ANLAYRKD:0.21739130434782608	GANLAYRK:0.2608695652173913	RRRWASKS:0.2608695652173913	MVATDADC:0.21739130434782608	LMVATDAD:0.21739130434782608	QRRRWASK:0.2608695652173913	IASGDDML:0.21739130434782608	MCNGANLA:0.21739130434782608	SGDDMLLM:0.21739130434782608	ASGDDMLL:0.21739130434782608	FERLQTLE:0.2608695652173913	ASKSTKYK:0.34782608695652173	ERLQTLEF:0.2608695652173913	RWASKSTK:0.34782608695652173	WASKSTKY:0.34782608695652173	IVTTDADC:0.21739130434782608	TTCNGANL:0.21739130434782608	IGLGAAGI:0.21739130434782608	PTTCNGAN:0.21739130434782608	LIGLGAAG:0.21739130434782608	IIAARNEE:0.21739130434782608	GKYDWKGR:0.21739130434782608	GLGAAGIG:0.21739130434782608	LGAAGIGN:0.21739130434782608	YLIGLGAA:0.21739130434782608	LQTLEFLY:0.21739130434782608	SKSTKYKN:0.21739130434782608	KSTKYKNK:0.21739130434782608	
