cluster number:1602
GT2:13	GT2:13
HKVSFSTG:0.3076923076923077	ARGNNQGI:0.5384615384615384	FSLFYCTR:0.23076923076923078	SVFARVGM:0.23076923076923078	SPFSLFYC:0.23076923076923078	VARGNNQG:0.46153846153846156	GTNRIWCA:0.38461538461538464	LRLYVIDN:0.23076923076923078	FSTGGGES:0.3076923076923077	ESPFSLFY:0.38461538461538464	SFSTGGGE:0.3076923076923077	FVYYDDTD:0.6923076923076923	YAPTCFMA:0.23076923076923078	LYVIDNSA:0.3076923076923077	PIVTFPKI:0.23076923076923078	AYSVAAML:0.23076923076923078	PTCFMALH:0.23076923076923078	CAGGTISR:0.23076923076923078	GGESPFSL:0.23076923076923078	LFYCTRNR:0.23076923076923078	YFVYYDDT:0.6923076923076923	GVARGNNQ:0.46153846153846156	IWCAGGTI:0.23076923076923078	RLYVIDNS:0.23076923076923078	QAYSVAAM:0.23076923076923078	RNRLYFSR:0.23076923076923078	YCTRNRLY:0.23076923076923078	HGTNRIWC:0.38461538461538464	GGGESPFS:0.23076923076923078	ARVGMMDE:0.23076923076923078	AQAYSVAA:0.23076923076923078	SLFYCTRN:0.23076923076923078	NRLYFSRK:0.23076923076923078	LLANNDVA:0.23076923076923078	YYDDTDFV:0.46153846153846156	GVVTVLYQ:0.23076923076923078	NRIWCAGG:0.38461538461538464	FYCTRNRL:0.23076923076923078	VFARVGMM:0.23076923076923078	TRNRLYFS:0.23076923076923078	LYFSRKNL:0.23076923076923078	WCAGGTIS:0.23076923076923078	LAQAYSVA:0.23076923076923078	AGRRSVLR:0.23076923076923078	VYYDDTDF:0.6923076923076923	RRSVLRGI:0.23076923076923078	RLYFSRKN:0.23076923076923078	GESPFSLF:0.23076923076923078	AAGRRSVL:0.23076923076923078	VSFSTGGG:0.3076923076923077	CTRNRLYF:0.23076923076923078	VGVVTVLY:0.23076923076923078	DDTDFVWR:0.23076923076923078	APTCFMAL:0.23076923076923078	YHGTNRIW:0.38461538461538464	RIWCAGGT:0.23076923076923078	KVSFSTGG:0.3076923076923077	LIAPIAAS:0.23076923076923078	VVTVLYQS:0.23076923076923078	EYAPTCFM:0.38461538461538464	LANNDVAF:0.23076923076923078	TGGGESPF:0.3076923076923077	PFSLFYCT:0.23076923076923078	GRRSVLRG:0.23076923076923078	TNRIWCAG:0.38461538461538464	FARVGMMD:0.23076923076923078	VTVLYQSD:0.23076923076923078	STGGGESP:0.3076923076923077	YDDTDFVW:0.23076923076923078	DNSATDSG:0.23076923076923078	NSATDSGS:0.23076923076923078	NLGVARGN:0.23076923076923078	DYVLLANN:0.23076923076923078	IDNSATDS:0.23076923076923078	YVLLANND:0.38461538461538464	GCDYVLLA:0.23076923076923078	DENYFVYY:0.23076923076923078	LGVARGNN:0.23076923076923078	ENYFVYYD:0.23076923076923078	NYFVYYDD:0.23076923076923078	MDENYFVY:0.23076923076923078	ANLGVARG:0.23076923076923078	AHKVSFST:0.23076923076923078	CDYVLLAN:0.23076923076923078	VAHKVSFS:0.23076923076923078	VIDNSATD:0.23076923076923078	VLLANNDV:0.23076923076923078	YVIDNSAT:0.23076923076923078	EKYFVYYD:0.38461538461538464	MDEKYFVY:0.38461538461538464	APTCFMLI:0.3076923076923077	DEKYFVYY:0.38461538461538464	KYFVYYDD:0.38461538461538464	YAPTCFML:0.5384615384615384	VTVLYRSD:0.23076923076923078	IGIVTVLY:0.23076923076923078	APTCFMLL:0.3076923076923077	MMDEKYFV:0.23076923076923078	KLYVIDNS:0.23076923076923078	TEYAPTCF:0.23076923076923078	GMMDEKYF:0.23076923076923078	NQGIELAL:0.23076923076923078	NNQGIELA:0.23076923076923078	GNNQGIEL:0.23076923076923078	LLLNNDIE:0.3076923076923077	LLNNDIEF:0.3076923076923077	
