cluster number:1990
GT2:14	GT2:14
FFEETLKS:0.21428571428571427	YKENLGGK:0.21428571428571427	SSLSEHIF:0.5714285714285714	KSSSWKLN:0.21428571428571427	YIGNDASP:0.21428571428571427	RILENVKE:0.21428571428571427	FQILGDDD:0.21428571428571427	DKSSSWKL:0.21428571428571427	AIVIPYYK:0.42857142857142855	SENFVEEF:0.21428571428571427	SLSEHIFR:0.42857142857142855	ENVKEEWF:0.21428571428571427	ILENVKEE:0.21428571428571427	ENLGGKNL:0.2857142857142857	ENFVEEFY:0.21428571428571427	NSSLSEHI:0.21428571428571427	KENLGGKN:0.21428571428571427	YPLAWHSD:0.35714285714285715	LQEKYGKG:0.21428571428571427	PLAWHSDD:0.5714285714285714	LAIVIPYY:0.35714285714285715	NLGGKNLA:0.2857142857142857	WFQILGDD:0.21428571428571427	VDKSSSWK:0.21428571428571427	LENVKEEW:0.21428571428571427	AVLEFSDF:0.21428571428571427	DLAVLEFS:0.21428571428571427	AWHSDDLA:0.21428571428571427	VIPYYKID:0.2857142857142857	KLAIVIPY:0.42857142857142855	LYIGNDNS:0.21428571428571427	SDDLAVLE:0.21428571428571427	HSDDLAVL:0.21428571428571427	IVIPYYKI:0.35714285714285715	DDLAVLEF:0.21428571428571427	YIGNDNSP:0.2857142857142857	LAWHSDDL:0.21428571428571427	LAVLEFSD:0.21428571428571427	VLEFSDFG:0.21428571428571427	LSEHIFRK:0.21428571428571427	RSSLSEHI:0.35714285714285715	KKLAIVIP:0.21428571428571427	FPLAWHSD:0.21428571428571427	WHSDDLAV:0.21428571428571427	LGDDDVLG:0.21428571428571427	LAIVIPYF:0.21428571428571427	AIVIPYFK:0.21428571428571427	LAWHSDDM:0.21428571428571427	
