cluster number:2348
GT2:15	GT2:15|GT4:1
RSVPTPWR:0.26666666666666666	FVRVLHLN:0.2	LHCEDLDW:0.4666666666666667	LNPDCVIR:0.2	DYVLLLNP:0.2	YFLHCEDL:0.4666666666666667	SGAFMLVR:0.4666666666666667	LGFARANN:0.4	NFNGGWLL:0.26666666666666666	VVHYKGTC:0.2	GCRRSVPT:0.26666666666666666	LLNPDCVI:0.2	AGWKILFV:0.2	RFRQAGWK:0.2	EQAGCRRS:0.2	ISGAFMLV:0.4	FFRHQYPL:0.26666666666666666	EAISGAFM:0.3333333333333333	NGGWLLTE:0.2	LEAISGAF:0.2	FLHCEDLD:0.4666666666666667	LLLNPDCV:0.2	VEVVHYKG:0.2	VLAGLTLL:0.2	LDWCMRFR:0.26666666666666666	TEQAGCRR:0.26666666666666666	WCMRFRQA:0.26666666666666666	CVIRPNTL:0.2	QAGWKILF:0.2	DLDWCMRF:0.3333333333333333	YVLLLNPD:0.26666666666666666	EDLDWCMR:0.3333333333333333	TEAVRSVL:0.2	CRRSVPTP:0.26666666666666666	KFFRHQYP:0.26666666666666666	LLTEAVRS:0.2	DWCMRFRQ:0.26666666666666666	VHYKGTCS:0.26666666666666666	NLGFARAN:0.4	GTEQAGCR:0.26666666666666666	AGCRRSVP:0.2	RRSVPTPW:0.26666666666666666	WLLTEAVR:0.2	MRFRQAGW:0.26666666666666666	GWLLTEAV:0.2	RQAGWKIL:0.2	FARANNIA:0.4	HKGMVYFY:0.26666666666666666	CMRFRQAG:0.26666666666666666	VLLLNPDC:0.26666666666666666	KHKGMVYF:0.26666666666666666	GCLIRNPD:0.26666666666666666	GDYVLLLN:0.2	PDGTEQAG:0.3333333333333333	GFARANNI:0.4	FRQAGWKI:0.2	LTEAVRSV:0.2	RNPDGTEQ:0.3333333333333333	NPDGTEQA:0.3333333333333333	RNLGFARA:0.2	NPDCVIRP:0.2	AISGAFML:0.4	GGWLLTEA:0.2	CEDLDWCM:0.3333333333333333	GWKILFVP:0.2	CLIRNPDG:0.26666666666666666	FNGGWLLT:0.2	DGTEQAGC:0.26666666666666666	VNFNGGWL:0.26666666666666666	QAGCRRSV:0.2	DCVIRPNT:0.2	HCEDLDWC:0.4	PDCVIRPN:0.2	EVVHYKGT:0.2	LLDENYFL:0.2	HPLVSVVI:0.2	VVDNGSRD:0.2	EIIVVDNG:0.2	FYRKFFRH:0.2	RFCVLAGL:0.2	GRFCVLAG:0.2	SVVIVNFN:0.2	WGRFCVLA:0.2	TPWRTFVR:0.2	RKFFRHQY:0.2	RANNIALR:0.2	NYFLHCED:0.26666666666666666	HYKGTCSK:0.2	IIVVDNGS:0.2	PIRVLWYK:0.2	LDENYFLH:0.2	ANNIALRQ:0.2	IVNFNGGW:0.2	VGLLDENY:0.2	ENYFLHCE:0.26666666666666666	ARANNIAL:0.2	VWGRFCVL:0.2	PLVSVVIV:0.26666666666666666	VSVVIVNF:0.2	GLLDENYF:0.2	YRKFFRHQ:0.2	VIVNFNGG:0.2	VVIVNFNG:0.2	LEIIVVDN:0.2	LVSVVIVN:0.26666666666666666	PTPWRTFV:0.2	IRVLWYKH:0.2	ILFVPSVE:0.2	VPTPWRTF:0.2	DENYFLHC:0.26666666666666666	GAFMLVRR:0.26666666666666666	LLFLNPDC:0.2	LFLNPDCL:0.2	
