cluster number:954
GT2:27	GT2:27
QIANPLYL:0.2222222222222222	GYSQIANP:0.7777777777777778	FDENLPLY:0.5555555555555556	YSQIANPL:0.2222222222222222	RFDENLPL:0.4444444444444444	SQIANPLY:0.2222222222222222	IANPIYLV:0.25925925925925924	RGLCRQRN:0.2222222222222222	VYNAYGCN:0.25925925925925924	KFGYSQIA:0.2962962962962963	FLDDDFLM:0.37037037037037035	ENLPLYGW:0.4444444444444444	PVYNAYGC:0.2222222222222222	PWVDRKGR:0.3333333333333333	FGYSQIAN:0.48148148148148145	LEDVDFSR:0.5185185185185185	NPIYLVRK:0.25925925925925924	YGWLEDVD:0.5185185185185185	QIANPIYL:0.4074074074074074	GWLEDVDF:0.4444444444444444	YNAYGCNM:0.37037037037037035	VVLFLDDD:0.2222222222222222	DDDFLMAP:0.2222222222222222	LYGWLEDV:0.3333333333333333	LRFDENLP:0.3333333333333333	DVVLFLDD:0.2222222222222222	LDDDFLMA:0.2222222222222222	WLEDVDFS:0.5185185185185185	LFLDDDFL:0.37037037037037035	PLYGWLED:0.37037037037037035	NAYGCNMA:0.37037037037037035	SQIANPIY:0.4444444444444444	YSQIANPI:0.4444444444444444	LPLYGWLE:0.37037037037037035	ADVVLFLD:0.2222222222222222	ANPIYLVR:0.25925925925925924	PEPWVDRK:0.3333333333333333	DENLPLYG:0.4444444444444444	NLPLYGWL:0.3333333333333333	WVDRKGRL:0.3333333333333333	EPWVDRKG:0.3333333333333333	VLFLDDDF:0.3333333333333333	YGCNMAVR:0.25925925925925924	RPEPWVDR:0.2222222222222222	DRKGRLKG:0.25925925925925924	RKGRLKGN:0.25925925925925924	VDRKGRLK:0.2222222222222222	
