cluster number:2574
GT2:15	GT2:15
IYEFYRAM:0.4	RLFHIPTN:0.26666666666666666	SFPNVKNS:0.26666666666666666	YEIDCLTG:0.3333333333333333	KSKLIYEF:0.2	MYIYYKKH:0.2	IDLCYRIK:0.3333333333333333	THLKGASS:0.2	LLNSDTIV:0.2	DLCYRIKK:0.2	SVVIVNYQ:0.2	ENNGFAAG:0.2	YIYYKKHH:0.2	DNYNLDNL:0.2	GFAAGNNQ:0.26666666666666666	YRAMYIYY:0.2	EFYRAMYI:0.3333333333333333	IYEIDCLT:0.26666666666666666	EIDCLTGA:0.3333333333333333	FFMYGEDI:0.4	KQKSKLIY:0.2	NLDNLPDD:0.2	VGACGCRV:0.2	NGFAAGNN:0.26666666666666666	RSFPNVKN:0.26666666666666666	SSKKQKSK:0.2	LLLNSDTI:0.2	LKGASSKK:0.2	CYRIKKAG:0.2	KRSFPNVK:0.26666666666666666	GACGCRVL:0.2	ITHLKGAS:0.2	YEFYRAMY:0.4	DETFFMYG:0.3333333333333333	ACKRSFPN:0.3333333333333333	AMYIYYKK:0.2	IDCLTGAF:0.3333333333333333	MDLSVVIV:0.26666666666666666	DIDLCYRI:0.26666666666666666	VVIVNYQT:0.2	EDIDLCYR:0.26666666666666666	LCYRIKKA:0.2	LDETFFMY:0.4	KKQKSKLI:0.2	SKLIYEFY:0.2	HLKGASSK:0.2	MYGEDIDL:0.26666666666666666	FMYGEDID:0.4	FYRAMYIY:0.2	CKRSFPNV:0.26666666666666666	FHIPTNSK:0.2	YNLDNLPD:0.2	LIYEFYRA:0.4	KITHLKGA:0.2	QKSKLIYE:0.2	GASSKKQK:0.2	ETFFMYGE:0.4	NNGFAAGN:0.26666666666666666	LDKACKRS:0.3333333333333333	TFFMYGED:0.4666666666666667	SKKQKSKL:0.2	KLIYEFYR:0.4	IYYKKHHA:0.2	RAMYIYYK:0.2	KACKRSFP:0.3333333333333333	LFHIPTNS:0.26666666666666666	DLSVVIVN:0.26666666666666666	KGASSKKQ:0.26666666666666666	ACGCRVLL:0.2	FPNVKNSF:0.26666666666666666	GEDIDLCY:0.26666666666666666	DKACKRSF:0.3333333333333333	NYNLDNLP:0.2	YGEDIDLC:0.26666666666666666	LSVVIVNY:0.26666666666666666	NSFYRLFH:0.2	FYRLFHIP:0.2	SFYRLFHI:0.2	YEIIVVDN:0.3333333333333333	IIVVDNAS:0.5333333333333333	GIYEIDCL:0.2	DCLTGAFI:0.26666666666666666	VVDNASED:0.2	TLDKACKR:0.2	IVVDNASE:0.3333333333333333	CLTGAFIF:0.2	LLLNSDTV:0.2	EIIVVDNA:0.4	LLDETFFM:0.3333333333333333	GLLDETFF:0.3333333333333333	IIVDNASK:0.2	IIIVDNAS:0.2	IVDNASKD:0.2	EIIIVDNA:0.2	IGLLDETF:0.2	
