cluster number:2176
GT2:290	GT2:290
HMEEIDLC:0.32068965517241377	FEYAGAAG:0.6068965517241379	VLLNSDVE:0.30689655172413793	LLNSDVEV:0.5103448275862069	GYPFCRGR:0.4379310344827586	EYAGAAGG:0.6068965517241379	GAAGGFID:0.3310344827586207	EEIDLCWR:0.7689655172413793	LNSDVEVT:0.3482758620689655	FFAHMEEI:0.33793103448275863	MEEIDLCW:0.32068965517241377	VVILNWNG:0.3586206896551724	AVVILNWN:0.296551724137931	AHMEEIDL:0.3103448275862069	AGAAGGFI:0.3310344827586207	KTYLNFRN:0.3482758620689655	YAGAAGGF:0.43448275862068964	FAHMEEID:0.36551724137931035	IYVADNAS:0.2	YVADNAST:0.24482758620689654	QEEIDLCW:0.3724137931034483	KTFLNFRN:0.30344827586206896	VADNASTD:0.33793103448275863	PFCRGRIF:0.3482758620689655	YHVGGATL:0.3	FAHQEEID:0.3758620689655172	FCRGRIFD:0.22758620689655173	VYHVGGAT:0.28620689655172415	AHQEEIDL:0.3724137931034483	HQEEIDLC:0.3758620689655172	FFAHQEEI:0.2655172413793103	IVILNWNG:0.2827586206896552	IFWASGAC:0.2655172413793103	AIVILNWN:0.25517241379310346	YPFCRGRI:0.3413793103448276	DNASTDDS:0.2896551724137931	ADNASTDD:0.2103448275862069	EIDLCWRL:0.35172413793103446	YHVGGGTL:0.21379310344827587	VYHVGGGT:0.20344827586206896	
