cluster number:2375
GT2:6	GT2:6
YYIKLGFL:0.3333333333333333	RMDADEEL:0.5	WYSNREVL:0.5	WYRFLVDA:0.8333333333333334	LGFLDGPE:0.3333333333333333	DADEELLE:0.3333333333333333	YRFLVDAK:0.8333333333333334	KHGGRYPE:0.3333333333333333	RYPELLLR:0.3333333333333333	NWYSNREV:0.5	DEHMILSE:0.3333333333333333	RRRVYFMG:0.3333333333333333	LLRIFRTG:0.3333333333333333	LTVVILTK:0.5	RAHLYFIY:0.3333333333333333	EEKNLRKC:0.3333333333333333	KRFVIVDS:0.3333333333333333	MGRWIKHG:0.5	WIKHGGRY:0.3333333333333333	LLLRIFRT:0.3333333333333333	AYWYRFLV:0.5	LRRRVYFM:0.3333333333333333	RVYFMGRW:0.5	KIMDEHMI:0.3333333333333333	WSMRMDAD:0.5	VDLTVVIL:0.5	KHNWYSNR:0.5	TKNEEKNL:0.3333333333333333	RWIKHGGR:0.3333333333333333	YSNREVLD:0.5	RYYIKLGF:0.3333333333333333	DLTVVILT:0.5	GRYPELLL:0.3333333333333333	IFHFLQAY:0.3333333333333333	RRVYFMGR:0.5	GFLDGPEG:0.3333333333333333	HGGRYPEL:0.3333333333333333	YIKLGFLD:0.3333333333333333	PELLLRIF:0.5	MRMDADEE:0.5	MDEHMILS:0.3333333333333333	IKLGFLDG:0.5	MVDLTVVI:0.5	VYFMGRWI:0.5	FHFLQAYW:0.3333333333333333	FMGRWIKH:0.5	YRYYIKLG:0.3333333333333333	YFIYRYYI:0.3333333333333333	ILTKNEEK:0.3333333333333333	EHMILSEG:0.3333333333333333	HNWYSNRE:0.5	IMDEHMIL:0.3333333333333333	SMRMDADE:0.5	HLYFIYRY:0.5	VILTKNEE:0.5	RFLVDAKM:0.3333333333333333	IKHGGRYP:0.3333333333333333	VVILTKNE:0.5	VLRRRVYF:0.3333333333333333	GGRYPELL:0.3333333333333333	IVDSGSTD:0.3333333333333333	SNREVLDH:0.3333333333333333	LTKNEEKN:0.3333333333333333	MDADEELL:0.3333333333333333	LQAYWYRF:0.5	QAYWYRFL:0.5	ELLLRIFR:0.3333333333333333	YPELLLRI:0.5	NREVLDHQ:0.3333333333333333	GRWIKHGG:0.5	TVVILTKN:0.5	AHLYFIYR:0.3333333333333333	NEEKNLRK:0.3333333333333333	FLQAYWYR:0.5	LYFIYRYY:0.5	KNEEKNLR:0.3333333333333333	HFLQAYWY:0.5	YWYRFLVD:0.5	YFMGRWIK:0.5	GFLDGKEG:0.5	RFLVDAKI:0.6666666666666666	FLVDAKIY:0.5	DYATQLNW:0.3333333333333333	LVDAKIYE:0.5	LRKCIESF:0.3333333333333333	NLRKCIES:0.3333333333333333	NKHNWYAT:0.3333333333333333	HNWYATRE:0.3333333333333333	WINKHNWY:0.3333333333333333	KHNWYATR:0.3333333333333333	KLGFLDGK:0.3333333333333333	INKHNWYA:0.3333333333333333	LGFLDGKE:0.3333333333333333	FWYRFLVD:0.3333333333333333	
