cluster number:699
GT2:27	GT2:27
IIVINDGS:0.37037037037037035	VINDGSTD:0.3333333333333333	IVINDGST:0.3333333333333333	EIIVINDG:0.37037037037037035	NDGSTDRT:0.4074074074074074	PVVFLTAY:0.2962962962962963	GFLGGNGQ:0.3333333333333333	DGFAVTED:0.3333333333333333	FFRQRVRW:0.2222222222222222	SILIPAHN:0.25925925925925924	GWDGFAVT:0.2222222222222222	WAYCLYLI:0.25925925925925924	ETLFVYLA:0.3333333333333333	KSGFLGGN:0.2222222222222222	GNLETLFV:0.3333333333333333	TRSMTWLM:0.2962962962962963	AVFDADAR:0.3333333333333333	TLFVYLAP:0.3333333333333333	VFLTAYSD:0.2962962962962963	GFAVTEDL:0.3333333333333333	RVRMYNAD:0.3333333333333333	EYWAYCLY:0.3333333333333333	WDGFAVTE:0.3333333333333333	RSMTWLMY:0.2962962962962963	IAVFDADA:0.3333333333333333	ILIPAHNE:0.25925925925925924	CLYLIPLF:0.25925925925925924	FLGGNGQL:0.3333333333333333	FRQRVRWA:0.2222222222222222	FAVTEDLN:0.3333333333333333	YCLYLIPL:0.25925925925925924	YEIIVIND:0.25925925925925924	SGFLGGNG:0.2222222222222222	LETLFVYL:0.3333333333333333	NLETLFVY:0.3333333333333333	YWAYCLYL:0.3333333333333333	FVMLGYIV:0.25925925925925924	VVFLTAYS:0.2962962962962963	LIPAHNEE:0.25925925925925924	TGNLETLF:0.2962962962962963	AYCLYLIP:0.25925925925925924	DGSTDRTG:0.37037037037037035	EIIVVNDG:0.25925925925925924	IIVVNDGS:0.25925925925925924	YEIIVVND:0.2222222222222222	GSTDRTGE:0.25925925925925924	IVVNDGST:0.25925925925925924	VNDGSTDR:0.2222222222222222	NYEIIVVN:0.2222222222222222	VVNDGSTD:0.2962962962962963	LVLMDIVL:0.2222222222222222	DLVLMDIV:0.2222222222222222	PDLVLMDI:0.2222222222222222	RPDLVLMD:0.2222222222222222	VTEDLNLS:0.25925925925925924	AVTEDLNL:0.2962962962962963	EDLNLSVK:0.25925925925925924	TEDLNLSV:0.25925925925925924	
