cluster number:1061
GT2:23	GT2:23|GT4:1
FLKLNIKL:0.30434782608695654	VSVIIPVY:0.21739130434782608	VGCNWYLS:0.2608695652173913	SNEDSLTK:0.21739130434782608	CNWYLSFN:0.2608695652173913	GTMRWNLW:0.2608695652173913	IKLPLLIS:0.30434782608695654	YIYYVDAD:0.21739130434782608	KLNIKLPL:0.34782608695652173	LNIKLPLL:0.34782608695652173	DSLTKTYS:0.30434782608695654	NIKLPLLI:0.34782608695652173	IVGCNWYL:0.2608695652173913	GQSNEDSL:0.21739130434782608	LYHYGQSN:0.30434782608695654	IIPVYNAE:0.21739130434782608	EDSLTKTY:0.21739130434782608	YGQSNEDS:0.21739130434782608	GCNWYLSF:0.2608695652173913	QSNEDSLT:0.21739130434782608	HYGQSNED:0.21739130434782608	IYYVDADD:0.2608695652173913	NEDSLTKT:0.21739130434782608	WYLSFNQN:0.30434782608695654	ALYHYGQS:0.30434782608695654	GVAAARNT:0.21739130434782608	NWYLSFNQ:0.2608695652173913	TMRWNLWL:0.2608695652173913	SVIIPVYN:0.4782608695652174	LSFNQNER:0.2608695652173913	MGEDMMVM:0.21739130434782608	YHYGQSNE:0.21739130434782608	LKLNIKLP:0.34782608695652173	MRWNLWLF:0.43478260869565216	YLSFNQNE:0.2608695652173913	VIIPVYNA:0.391304347826087	DIVGCNWY:0.2608695652173913	NGTMRWNL:0.21739130434782608	NMGEDMMV:0.21739130434782608	WNLWLFMV:0.21739130434782608	LISVIIPV:0.21739130434782608	RWNLWLFM:0.30434782608695654	ISVIIPVY:0.2608695652173913	
