cluster number:580
GT2:14	GT2:14
PVLFGSNL:0.2857142857142857	HPVLFGSN:0.2857142857142857	AAMRRRFS:0.2857142857142857	FSRAFRTI:0.2857142857142857	ELHDDIDL:0.2857142857142857	VVPVLDDA:0.2857142857142857	RLDADSRP:0.5	GPGEFIGL:0.2857142857142857	ARPFDDPA:0.2857142857142857	MRRRFSRA:0.2857142857142857	DPELHDDI:0.2857142857142857	AHPVLFGS:0.2857142857142857	RISVVVPV:0.21428571428571427	AMRRRFSR:0.2857142857142857	RFSRAFRT:0.2857142857142857	IDLSFQFG:0.2857142857142857	FDDPAAMR:0.2857142857142857	HDDIDLSF:0.2857142857142857	SVVVPVLD:0.21428571428571427	DSRPGPDW:0.35714285714285715	ISARPFDD:0.2857142857142857	ADSRPGPD:0.35714285714285715	DIDLSFQF:0.2857142857142857	VGISARPF:0.35714285714285715	LFGSNLAM:0.2857142857142857	MAHPVLFG:0.21428571428571427	LHDDIDLS:0.2857142857142857	VIARLDAD:0.5714285714285714	SGPGEFIG:0.2857142857142857	RRFSRAFR:0.2857142857142857	GDVIARLD:0.5	RRRFSRAF:0.2857142857142857	LDADSRPG:0.5	RPFDDPAA:0.2857142857142857	FGSNLAMR:0.2857142857142857	VLFGSNLA:0.2857142857142857	VVVPVLDD:0.2857142857142857	IARLDADS:0.5714285714285714	PFDDPAAM:0.2857142857142857	AMAHPVLF:0.21428571428571427	PAAMRRRF:0.2857142857142857	SARPFDDP:0.2857142857142857	DVIARLDA:0.5	GSNLAMRR:0.2857142857142857	ARLDADSR:0.5	PELHDDID:0.2857142857142857	DADSRPGP:0.42857142857142855	DPAAMRRR:0.2857142857142857	DDIDLSFQ:0.2857142857142857	DDPAAMRR:0.2857142857142857	DLSFQFGA:0.2857142857142857	GISARPFD:0.2857142857142857	TGDVIARL:0.2857142857142857	ATGDVIAR:0.35714285714285715	EPVRGIPA:0.21428571428571427	DAATGDVI:0.2857142857142857	ATGYDAAT:0.21428571428571427	DEVVVVDN:0.2857142857142857	VVDNGCSD:0.21428571428571427	AATGDVIA:0.2857142857142857	RGIPAAAA:0.21428571428571427	PVRGIPAA:0.21428571428571427	AATGYDAA:0.35714285714285715	GYDAATGD:0.2857142857142857	TGYDAATG:0.21428571428571427	EVVVVDNG:0.5	VRGIPAAA:0.21428571428571427	VVVDNGCS:0.21428571428571427	AAATGYDA:0.35714285714285715	SDDSVAVA:0.21428571428571427	YDAATGDV:0.2857142857142857	VVVVDNGC:0.21428571428571427	PDEVVVVD:0.2857142857142857	LEVVVVDN:0.2857142857142857	YLGAYYVL:0.21428571428571427	APLEVVVV:0.21428571428571427	PLEVVVVD:0.2857142857142857	PPAAATGY:0.21428571428571427	IPPAAATG:0.21428571428571427	GIPPAAAT:0.21428571428571427	PAAATGYD:0.21428571428571427	VVVVDNGS:0.21428571428571427	
