cluster number:120
GT2:51	GT2:51
CEDYDLWL:0.47058823529411764	VVDDGSTD:0.43137254901960786	IIVVDDGS:0.35294117647058826	WIAFLDSD:0.35294117647058826	ACEDYDLW:0.3137254901960784	QEIWIRNG:0.23529411764705882	DDGSTDST:0.23529411764705882	FLDSDDEW:0.47058823529411764	QSQEIWIR:0.21568627450980393	EDYDLWLR:0.49019607843137253	DRFRIYSI:0.21568627450980393	EIIVVDDG:0.35294117647058826	LDSDDEWL:0.5098039215686274	PACEDYDL:0.3137254901960784	LPACEDYD:0.35294117647058826	VDDGSTDS:0.21568627450980393	IAFLDSDD:0.5294117647058824	AFLDSDDE:0.47058823529411764	IVVDDGST:0.39215686274509803	MDRFRIYS:0.21568627450980393	DYDLWLRI:0.35294117647058826	SDDEWLPE:0.27450980392156865	DDEWLPEK:0.29411764705882354	EWLPEKLE:0.21568627450980393	DSDDEWLP:0.39215686274509803	DEWLPEKL:0.2549019607843137	
