cluster number:780
GT2:22	GT2:22
EVIIVDDG:0.2727272727272727	IEVIIVDD:0.3181818181818182	VSVIIPAY:0.5	IVNQQNLG:0.22727272727272727	IIPAYNTE:0.4090909090909091	DKTVEVAK:0.22727272727272727	YNTEAYIA:0.22727272727272727	VIVNQQNL:0.22727272727272727	KVIVNQQN:0.22727272727272727	PAYNTEAY:0.36363636363636365	VIIVDDGS:0.2727272727272727	NPKVSVII:0.22727272727272727	PYYFYRSR:0.3181818181818182	AYNTEAYI:0.3181818181818182	IVDDGSSD:0.22727272727272727	VLDSDDWY:0.5909090909090909	ADMIADDL:0.22727272727272727	MNPKVSVI:0.22727272727272727	AVLDSDDW:0.5909090909090909	REFLVKHG:0.2727272727272727	DMIADDLY:0.22727272727272727	EFLVKHGI:0.2727272727272727	IPAYNTEA:0.3181818181818182	VIIPAYNT:0.5454545454545454	RLKVIVNQ:0.22727272727272727	KVSVIIPA:0.22727272727272727	NADMIADD:0.3181818181818182	KTVEVAKS:0.22727272727272727	TVEVAKSF:0.22727272727272727	IADDLYLI:0.2727272727272727	IIVDDGSS:0.22727272727272727	PKVSVIIP:0.22727272727272727	MIADDLYL:0.22727272727272727	SVIIPAYN:0.5909090909090909	IVVDDAST:0.36363636363636365	VVDDASTD:0.4090909090909091	PWSTLIQE:0.22727272727272727	VIVVDDAS:0.36363636363636365	PLFKREFL:0.2727272727272727	YRSRPGSL:0.2727272727272727	GLHLGLSK:0.22727272727272727	TSPWSTLI:0.22727272727272727	EVIVVDDA:0.36363636363636365	AAQGEWIA:0.22727272727272727	KPLFKREF:0.2727272727272727	IAVLDSDD:0.45454545454545453	RSRPGSLV:0.2727272727272727	LDSDDWYA:0.6363636363636364	SPWSTLIQ:0.22727272727272727	LHLGLSKP:0.22727272727272727	WIAVLDSD:0.45454545454545453	IEVIVVDD:0.3181818181818182	WSTLIQES:0.22727272727272727	SKPLFKRE:0.2727272727272727	DSDDWYAP:0.45454545454545453	SDDWYAPE:0.3181818181818182	FVETDVYG:0.2727272727272727	DWYAPERL:0.36363636363636365	WYAPERLE:0.3181818181818182	DDWYAPER:0.36363636363636365	YFVETDVY:0.22727272727272727	KREFLVKH:0.22727272727272727	NIEVIVVD:0.22727272727272727	
