cluster number:577
GT2:23	GT2:23
IICINDGS:0.43478260869565216	YKYLRYPL:0.21739130434782608	ESNTIKEY:0.21739130434782608	SIRYRENR:0.21739130434782608	YIEGEAFL:0.21739130434782608	YKDLEIIC:0.34782608695652173	GQDSQRAV:0.21739130434782608	YPLNVQPG:0.34782608695652173	IESNTIKE:0.21739130434782608	INDGSTDN:0.21739130434782608	AGVSAARN:0.21739130434782608	LRYPLNVQ:0.34782608695652173	YKYNYIRF:0.30434782608695654	IRYRENRY:0.21739130434782608	EAFLAFRT:0.34782608695652173	DLEIICIN:0.34782608695652173	FYTKYNFW:0.2608695652173913	TYKDLEII:0.34782608695652173	SNTIKEYY:0.30434782608695654	EVFYNNAK:0.21739130434782608	EIICINDG:0.43478260869565216	LDKRVNKD:0.21739130434782608	IIIPVYNV:0.43478260869565216	LDNYKYLR:0.21739130434782608	NYKYLRYP:0.21739130434782608	KYLRYPLN:0.21739130434782608	CINDGSTD:0.43478260869565216	DGIFSHEL:0.30434782608695654	RYRENRYK:0.21739130434782608	DSQRAVKE:0.21739130434782608	SAARNDGI:0.21739130434782608	RENRYKYY:0.21739130434782608	SFAKYIEG:0.21739130434782608	KYIEGEAF:0.21739130434782608	VSAARNDG:0.21739130434782608	EGEAFLAF:0.21739130434782608	LSFAKYIE:0.21739130434782608	GEDGIFSH:0.30434782608695654	KNAGVSAA:0.21739130434782608	RYPLNVQP:0.34782608695652173	NVQPGEDG:0.30434782608695654	NQTYKDLE:0.21739130434782608	AFLAFRTK:0.34782608695652173	EDGIFSHE:0.30434782608695654	ICINDGST:0.43478260869565216	DKKNAGVS:0.21739130434782608	YRENRYKY:0.21739130434782608	SQRAVKEP:0.21739130434782608	KDLEIICI:0.34782608695652173	IIDKKNAG:0.21739130434782608	QPGEDGIF:0.30434782608695654	LAFRTKNF:0.34782608695652173	IKYKYNYI:0.30434782608695654	ELLMYTKN:0.2608695652173913	PGEDGIFS:0.30434782608695654	SLEILKEY:0.21739130434782608	SHELLMYT:0.30434782608695654	QTYKDLEI:0.34782608695652173	KSLSFAKY:0.21739130434782608	SLSFAKYI:0.21739130434782608	HELLMYTK:0.2608695652173913	FSHELLMY:0.30434782608695654	IIPVYNVS:0.2608695652173913	GEAFLAFR:0.21739130434782608	QDSQRAVK:0.21739130434782608	IEGEAFLA:0.21739130434782608	IDKKNAGV:0.21739130434782608	KRVNKDYH:0.21739130434782608	AKYIEGEA:0.21739130434782608	GIFSHELL:0.30434782608695654	FLAFRTKN:0.34782608695652173	NAGVSAAR:0.21739130434782608	TIKEYYSK:0.21739130434782608	GVSAARND:0.21739130434782608	KYKYNYIR:0.30434782608695654	IFSHELLM:0.30434782608695654	DGSTDNSL:0.34782608695652173	YLRYPLNV:0.21739130434782608	NDGSTDNS:0.34782608695652173	LEIICIND:0.391304347826087	DKRVNKDY:0.21739130434782608	KKNAGVSA:0.2608695652173913	FIEVFYNN:0.21739130434782608	PLNVQPGE:0.34782608695652173	DNYKYLRY:0.21739130434782608	SIIIPVYN:0.4782608695652174	KEYYSKIK:0.21739130434782608	FAKYIEGE:0.21739130434782608	LNVQPGED:0.34782608695652173	NTIKEYYS:0.30434782608695654	IKEYYSKI:0.21739130434782608	VQPGEDGI:0.30434782608695654	HSALPTCS:0.21739130434782608	AVKEPKIL:0.21739130434782608	PVYNVEKY:0.30434782608695654	VYNVEKYL:0.2608695652173913	PTCSMFIK:0.21739130434782608	AFRTKNFT:0.2608695652173913	VKEPKILL:0.21739130434782608	IPVYNVEK:0.30434782608695654	ALPTCSMF:0.21739130434782608	SVIIPVYN:0.21739130434782608	LPTCSMFI:0.21739130434782608	IIPVYNVE:0.30434782608695654	YHSALPTC:0.21739130434782608	SALPTCSM:0.21739130434782608	ISIIIPVY:0.30434782608695654	INDGSTDD:0.21739130434782608	DGSTDDSL:0.21739130434782608	NDGSTDDS:0.21739130434782608	IPVYNVSK:0.21739130434782608	PVYNVSKY:0.21739130434782608	
