cluster number:2218
GT2:65	GT2:65|GT4:37|GT17:1
DNASTDGS:0.27692307692307694	VDNASTDG:0.3076923076923077	PVTNNIGN:0.38461538461538464	FFEDDDYC:0.5076923076923077	FVHHHLSA:0.3230769230769231	GFFEDDDY:0.5076923076923077	VTNNIGNE:0.36923076923076925	VFVHHHLS:0.27692307692307694	TNNIGNEA:0.47692307692307695	NPVKVYEY:0.47692307692307695	GPVTNNIG:0.38461538461538464	HHHLSASF:0.49230769230769234	NIGNEAKI:0.24615384615384617	NNIGNEAK:0.4	PVKVYEYL:0.47692307692307695	DVFVHHHL:0.27692307692307694	VYDCMDHH:0.24615384615384617	EDVFVHHH:0.27692307692307694	TNPVKVYE:0.47692307692307695	VHHHLSAS:0.3230769230769231	HHLSASFN:0.3076923076923077	HLSASFNK:0.2	LEIIVVDN:0.3076923076923077	YEYLSAGK:0.27692307692307694	GLGFFEDD:0.26153846153846155	ATNPVKVY:0.35384615384615387	VYEYLSAG:0.2923076923076923	LSAGKPVV:0.27692307692307694	VKVYEYLS:0.2923076923076923	YLSAGKPV:0.27692307692307694	EYLSAGKP:0.27692307692307694	NLEIIVVD:0.24615384615384617	EDDDYCRR:0.4	TLATNPVK:0.38461538461538464	DDDYCRRV:0.35384615384615387	KVYEYLSA:0.2923076923076923	FEDDDYCR:0.4	LGFFEDDD:0.26153846153846155	LATNPVKV:0.35384615384615387	LTLATNPV:0.38461538461538464	YDCMDHHE:0.26153846153846155	DCMDHHEG:0.26153846153846155	DWHFRIQR:0.2153846153846154	IDWHFRIQ:0.2153846153846154	HFRIQRPQ:0.2153846153846154	GAIAEWFD:0.2	WHFRIQRP:0.2153846153846154	DHHEGFGN:0.2153846153846154	HHEGFGNV:0.2	PLTLATNP:0.2923076923076923	MDHHEGFG:0.26153846153846155	LNNDTVVT:0.2153846153846154	CMDHHEGF:0.26153846153846155	RKIIGYYG:0.2	GVIDWHFR:0.2	CAEDVFVH:0.2	AEDVFVHH:0.2	
