cluster number:742
GT2:71	GT2:71
YRKWPGQV:0.29577464788732394	LARDLAAL:0.3380281690140845	LLLALGGW:0.4084507042253521	FRQGRPGG:0.23943661971830985	SEDTGLLL:0.647887323943662	GGPGVART:0.5492957746478874	GRPGGPGV:0.3380281690140845	RPGGPGVA:0.323943661971831	GWMALPAS:0.8169014084507042	ARDLAALE:0.323943661971831	PDGSTVGF:0.323943661971831	TAVHAPSA:0.2112676056338028	MALPASED:0.8169014084507042	YVKVLDAD:0.39436619718309857	RRDLLLAL:0.30985915492957744	RVLDLLPD:0.4788732394366197	GPGVARTI:0.2112676056338028	LDLLPDGS:0.7183098591549296	RKWPGQVT:0.29577464788732394	LALGGWMA:0.4647887323943662	KVLDADDQ:0.36619718309859156	GLLYRKWP:0.4084507042253521	VRRDLLLA:0.323943661971831	ALPASEDT:0.8028169014084507	EVGLLYRK:0.23943661971830985	VLDLLPDG:0.49295774647887325	SRVLDLLP:0.4084507042253521	VLDADDQL:0.38028169014084506	GLLLALNA:0.2112676056338028	LPDGSTVG:0.30985915492957744	DTGLLLAL:0.5352112676056338	LLALGGWM:0.4084507042253521	WMALPASE:0.8169014084507042	QGRPGGPG:0.28169014084507044	LLPDGSTV:0.30985915492957744	DLLLALGG:0.323943661971831	PGVARTIA:0.2112676056338028	LPASEDTG:0.8028169014084507	PGGPGVAR:0.323943661971831	DLLPDGST:0.704225352112676	GGWMALPA:0.8169014084507042	ADDQLTPG:0.29577464788732394	LDADDQLT:0.30985915492957744	EDTGLLLA:0.647887323943662	LLYRKWPG:0.4084507042253521	ALGGWMAL:0.7323943661971831	VKVLDADD:0.5070422535211268	ASEDTGLL:0.7464788732394366	TSRVLDLL:0.39436619718309857	LYRKWPGQ:0.4084507042253521	TGLLLALN:0.38028169014084506	VGLLYRKW:0.29577464788732394	DADDQLTP:0.30985915492957744	VTAVHAPS:0.2112676056338028	PASEDTGL:0.8028169014084507	RQGRPGGP:0.23943661971830985	RDLLLALG:0.30985915492957744	LGGWMALP:0.8028169014084507	TTSRVLDL:0.2112676056338028	WTTSRVLD:0.2112676056338028	DQLTPGAL:0.22535211267605634	GSTAGFPG:0.22535211267605634	TAVHGPSA:0.28169014084507044	STAGFPGD:0.22535211267605634	DGSTAGFP:0.22535211267605634	LYRKWEGQ:0.2112676056338028	LLPDGSTA:0.352112676056338	GLLYRKWE:0.2112676056338028	DDQLTPGA:0.22535211267605634	GALARDLA:0.3380281690140845	TPGALARD:0.4507042253521127	VTAVHGPS:0.23943661971830985	PGALARDL:0.43661971830985913	TAGFPGDP:0.22535211267605634	LTPGALAR:0.4507042253521127	PDGSTAGF:0.22535211267605634	QLTPGALA:0.22535211267605634	LLYRKWEG:0.2112676056338028	LPDGSTAG:0.29577464788732394	HPATLFVR:0.2112676056338028	AQVHPATL:0.30985915492957744	RAQVHPAT:0.30985915492957744	DLAALEAD:0.2112676056338028	PATLFVRR:0.2112676056338028	ARMAVVEA:0.22535211267605634	RDLAALEA:0.22535211267605634	MAVVEARA:0.22535211267605634	RMAVVEAR:0.22535211267605634	AVVEARAR:0.30985915492957744	ALARDLAA:0.23943661971830985	GPGVARTL:0.2112676056338028	GVARTLAL:0.22535211267605634	RALDLLPD:0.2535211267605634	PGVARTLA:0.2112676056338028	SRALDLLP:0.2112676056338028	ALDLLPDG:0.2535211267605634	ALNAVSRG:0.2112676056338028	LNAVSRGW:0.2112676056338028	NAVSRGWF:0.2112676056338028	
