cluster number:1943
GT2:11	GT2:11|GT4:1
VIDSGSTD:0.6363636363636364	IDSGSTDE:0.2727272727272727	DSGSTDET:0.2727272727272727	SGSTDETV:0.2727272727272727	CRNDWLLN:0.5454545454545454	RNDWLLNL:0.5454545454545454	NDWLLNLD:0.5454545454545454	DWLLNLDA:0.5454545454545454	LPVSCFII:0.2727272727272727	IVIDSGST:0.45454545454545453	QCRNDWLL:0.45454545454545453	RLPVSCFI:0.2727272727272727	PVSCFIIA:0.2727272727272727	WLLNLDAD:0.6363636363636364	LLNLDADE:0.6363636363636364	LRVAKAYE:0.36363636363636365	LDFQVGKY:0.2727272727272727	AYFVRKYR:0.2727272727272727	DMRARGRK:0.2727272727272727	RKYRKYGW:0.2727272727272727	YGYHQIRL:0.36363636363636365	LGARVIRN:0.2727272727272727	KYRKYGWW:0.2727272727272727	AKAYEAEL:0.2727272727272727	AHRSIRSL:0.36363636363636365	YAHARFLR:0.36363636363636365	VIRNDWPG:0.2727272727272727	IRNDWPGY:0.2727272727272727	KAYFVRKY:0.2727272727272727	WAYGYHQI:0.36363636363636365	AKFADGSY:0.2727272727272727	DEVIVIDS:0.6363636363636364	LNLDADEE:0.36363636363636365	RSLDFQVG:0.2727272727272727	AYGYHQIR:0.36363636363636365	APWAYGYH:0.36363636363636365	YGPQKRFG:0.36363636363636365	ARVIRNDW:0.2727272727272727	KYNRYSGM:0.2727272727272727	VHDTVRPE:0.2727272727272727	KRFGEDQC:0.45454545454545453	GARVIRND:0.2727272727272727	MNYAHARF:0.2727272727272727	IMAHRSIR:0.2727272727272727	QVGKYNRY:0.36363636363636365	DGWRIMIR:0.2727272727272727	RVIRNDWP:0.2727272727272727	HRSIRSLD:0.2727272727272727	WPGYGPQK:0.36363636363636365	VIVIDSGS:0.6363636363636364	FLRVAKAY:0.36363636363636365	VRKYRKYG:0.2727272727272727	PGYGPQKR:0.36363636363636365	SIRSLDFQ:0.2727272727272727	GIMAHRSI:0.2727272727272727	NLDADEEV:0.36363636363636365	RSIRSLDF:0.2727272727272727	VDEVIVID:0.45454545454545453	AHARFLRV:0.36363636363636365	PWAYGYHQ:0.36363636363636365	PQKRFGED:0.36363636363636365	RVAKAYEA:0.36363636363636365	PAPWAYGY:0.36363636363636365	RNDWPGYG:0.2727272727272727	RFLRVAKA:0.36363636363636365	NDWPGYGP:0.2727272727272727	DFQVGKYN:0.2727272727272727	NLSGIMAH:0.2727272727272727	DWPGYGPQ:0.2727272727272727	IRSLDFQV:0.2727272727272727	GKYNRYSG:0.2727272727272727	YNRYSGMQ:0.2727272727272727	FQVGKYNR:0.36363636363636365	SLDFQVGK:0.2727272727272727	LDADEEVT:0.36363636363636365	GYHQIRLY:0.36363636363636365	MRARGRKL:0.2727272727272727	FGEDQCRN:0.36363636363636365	DADEEVTP:0.2727272727272727	HQIRLYDR:0.36363636363636365	ARFLRVAK:0.36363636363636365	ADGWRIMI:0.2727272727272727	YFVRKYRK:0.2727272727272727	KAYEAELL:0.2727272727272727	LSGIMAHR:0.2727272727272727	EDQCRNDW:0.36363636363636365	QKRFGEDQ:0.45454545454545453	LTEFPVSF:0.2727272727272727	EVIVIDSG:0.6363636363636364	VAKAYEAE:0.2727272727272727	SGIMAHRS:0.2727272727272727	VGKYNRYS:0.36363636363636365	MAHRSIRS:0.2727272727272727	GWRIMIRD:0.2727272727272727	FVRKYRKY:0.2727272727272727	DQCRNDWL:0.36363636363636365	NRYSGMQV:0.2727272727272727	YRKYGWWG:0.2727272727272727	LLTEFPVS:0.2727272727272727	WVDEVIVI:0.45454545454545453	YHQIRLYD:0.36363636363636365	GYGPQKRF:0.36363636363636365	RARGRKLP:0.2727272727272727	RLLTEFPV:0.2727272727272727	RFGEDQCR:0.45454545454545453	GPQKRFGE:0.36363636363636365	GEDQCRND:0.36363636363636365	HARFLRVA:0.36363636363636365	NYAHARFL:0.36363636363636365	DRRKGRFS:0.2727272727272727	RKGRFSAS:0.2727272727272727	YDRRKGRF:0.2727272727272727	ASTVHDTV:0.2727272727272727	RRKGRFSA:0.2727272727272727	RLYDRRKG:0.2727272727272727	STVHDTVR:0.2727272727272727	QIRLYDRR:0.2727272727272727	TVHDTVRP:0.2727272727272727	KGRFSAST:0.2727272727272727	IRLYDRRK:0.2727272727272727	GRFSASTV:0.2727272727272727	RFSASTVH:0.2727272727272727	FSASTVHD:0.2727272727272727	RDEADRIA:0.2727272727272727	SASTVHDT:0.2727272727272727	GWVDEVIV:0.2727272727272727	FIIARDEA:0.36363636363636365	LYDRRKGR:0.2727272727272727	IARDEADR:0.36363636363636365	ARDEADRI:0.36363636363636365	IIARDEAD:0.36363636363636365	PLSVFIIA:0.36363636363636365	LPLSVFII:0.2727272727272727	SVFIIARD:0.2727272727272727	LSVFIIAR:0.2727272727272727	VFIIARDE:0.2727272727272727	
