cluster number:1056
GT2:33	GT2:33|GT26:15
LWGAGAYA:0.2727272727272727	PRLYLDAD:0.36363636363636365	LYLDADIE:0.21212121212121213	WPRLYLDA:0.30303030303030304	WGAGAYAL:0.21212121212121213	RLYLDADI:0.2727272727272727	VACNGCTD:0.30303030303030304	WAWRLALE:0.21212121212121213	AWRLALEP:0.21212121212121213	IVACNGCT:0.24242424242424243	VGLGKPRQ:0.24242424242424243	LLAFGAVV:0.36363636363636365	EWAWRLAL:0.21212121212121213	AVIIPAHN:0.21212121212121213	FGAVVDFL:0.3939393939393939	AFGAVVDF:0.3939393939393939	YFLYSEET:0.24242424242424243	AVVDFLAG:0.3333333333333333	GLGKPRQE:0.24242424242424243	VVDFLAGR:0.24242424242424243	GAVIIPAH:0.24242424242424243	KPRQELWI:0.36363636363636365	VIIPAHNE:0.36363636363636365	RLAGSDLI:0.24242424242424243	PRLAGSDL:0.2727272727272727	GNLGYAGG:0.2727272727272727	FLYSEETD:0.5151515151515151	GAVVDFLA:0.3939393939393939	GKPRQELW:0.36363636363636365	TGGNLGYA:0.30303030303030304	PRQELWIA:0.21212121212121213	LGKPRQEL:0.36363636363636365	VLLAFGAV:0.3333333333333333	LGYAGGIN:0.3333333333333333	LYSEETDY:0.3939393939393939	NLGYAGGI:0.3333333333333333	WPRLAGSD:0.3333333333333333	GGNLGYAG:0.2727272727272727	LAFGAVVD:0.3939393939393939	RQELWIAE:0.21212121212121213	VIVACNGC:0.21212121212121213	VDWATGAA:0.3939393939393939	WATGAALL:0.42424242424242425	FFLYSEET:0.2727272727272727	DWATGAAL:0.3939393939393939	ATGAALLI:0.3333333333333333	WERDESSR:0.21212121212121213	IIPAHNEA:0.30303030303030304	VVADNSPD:0.21212121212121213	VVVADNSP:0.21212121212121213	YPSLRREP:0.2727272727272727	YSEETDYC:0.21212121212121213	
