cluster number:1988
GT2:18	GT2:18
LSNGACAM:0.3333333333333333	AEDIPVFA:0.2222222222222222	AGGLALVD:0.2222222222222222	NGACAMHR:0.2777777777777778	LSLFRSAY:0.3333333333333333	YPEQFRSA:0.2777777777777778	CLSLFRSA:0.2222222222222222	PAYNYAAT:0.2222222222222222	EDIPVFAQ:0.3333333333333333	FLDADDEL:0.5555555555555556	PEQFRSAE:0.2777777777777778	SAEDIPVF:0.3333333333333333	IFLDADDE:0.2777777777777778	SNGACAMH:0.3333333333333333	RNRGIREA:0.2777777777777778	KHDDSLRH:0.3333333333333333	DDSLRHQF:0.3333333333333333	VRNRGIRE:0.2777777777777778	AKAGGLAL:0.2777777777777778	QRCLSLFR:0.3333333333333333	EQFRSAED:0.2777777777777778	LPRAVESV:0.2222222222222222	HAKAGGLA:0.2777777777777778	AYNYAATL:0.2222222222222222	GGLALVDE:0.2777777777777778	RSAEDIPV:0.3333333333333333	VIPAYNYA:0.3888888888888889	TRMVIGGH:0.2222222222222222	KAGGLALV:0.2777777777777778	VQRCLSLF:0.2222222222222222	YNYAATLP:0.2222222222222222	FRSAEDIP:0.3333333333333333	LIVIDDGS:0.2777777777777778	LIFLDADD:0.2777777777777778	YAATLPRA:0.2222222222222222	VVIPAYNY:0.4444444444444444	SVVIPAYN:0.5	SVRNRGIR:0.2777777777777778	HDDSLRHQ:0.3333333333333333	ELIVIDDG:0.2777777777777778	HKHDDSLR:0.2777777777777778	AATLPRAV:0.2222222222222222	QFRSAEDI:0.2777777777777778	IVIDDGST:0.2222222222222222	RCLSLFRS:0.2222222222222222	NYAATLPR:0.2222222222222222	IPAYNYAA:0.2777777777777778	VIDDGSTD:0.5555555555555556	ALSNGACA:0.3333333333333333	GKRREHLP:0.2222222222222222	FSHAKAGG:0.2222222222222222	VVDDGSTD:0.2222222222222222	HQFSHAKA:0.2222222222222222	SLFRSAYL:0.2777777777777778	LRHQFSHA:0.2777777777777778	SHAKAGGL:0.2222222222222222	LLFLDADD:0.2222222222222222	DDGSTDDT:0.3888888888888889	ADDELAPG:0.2222222222222222	RHQFSHAK:0.2777777777777778	LALVDEVF:0.2222222222222222	AVESVLAQ:0.2222222222222222	DGSTDDTA:0.2222222222222222	DIPVFAQA:0.2777777777777778	LDADDELA:0.2777777777777778	SLRHQFSH:0.2777777777777778	LFLDADDE:0.3333333333333333	LVDEVFSP:0.2222222222222222	ALVDEVFS:0.2222222222222222	DSLRHQFS:0.2777777777777778	LFRSAYLA:0.2777777777777778	DADDELAP:0.2222222222222222	QFSHAKAG:0.2222222222222222	GLALVDEV:0.2222222222222222	RSAYLAGD:0.2222222222222222	PVFAQALA:0.2222222222222222	IPVFAQAL:0.2222222222222222	FRSAYLAG:0.2222222222222222	LISVVIPA:0.2222222222222222	ISVVIPAY:0.2222222222222222	PLISVVIP:0.2222222222222222	IDDGSTDD:0.2777777777777778	
