cluster number:1413
GT2:69	GT2:69
IIQIPCYN:0.5797101449275363	TDADNQYC:0.34782608695652173	ETIIQAGQ:0.6231884057971014	APSGFRAF:0.2608695652173913	NEYTYTLE:0.21739130434782608	WLIINDGS:0.2318840579710145	YTLETIIQ:0.8260869565217391	DAPSGFRA:0.7536231884057971	DIIVNTDA:0.4492753623188406	LIIQIPCY:0.5507246376811594	SGFRAFSR:0.2753623188405797	QGLAKAFM:0.2753623188405797	IIQAGQKG:0.2753623188405797	KLIIQIPC:0.7391304347826086	LETIIQAG:0.8115942028985508	DADNQYCA:0.3333333333333333	TIIQAGQK:0.4782608695652174	TYTLETII:0.8260869565217391	PSGFRAFS:0.2463768115942029	NTDADNQY:0.9130434782608695	QIPCYNEE:0.37681159420289856	TLETIIQA:0.8260869565217391	LAKAFMAG:0.21739130434782608	MTKLIIQI:0.2028985507246377	RPSRLVKS:0.5362318840579711	VFNEYTYT:0.2028985507246377	IVNTDADN:0.8405797101449275	NVFNEYTY:0.2028985507246377	IQIPCYNE:0.6086956521739131	VEWLIIND:0.21739130434782608	FNEYTYTL:0.2028985507246377	ADIIVNTD:0.463768115942029	IIVNTDAD:0.4492753623188406	TKLIIQIP:0.2028985507246377	GLAKAFMA:0.21739130434782608	EWLIINDG:0.2318840579710145	LRPSRLVK:0.5507246376811594	NQGLAKAF:0.2753623188405797	VNTDADNQ:0.855072463768116	PSRLVKSI:0.463768115942029	EYTYTLET:0.2463768115942029	YTYTLETI:0.8405797101449275	PSGFRAIS:0.2463768115942029	QKLGSWVV:0.2463768115942029	DIPDAPSG:0.2463768115942029	GADIIVNT:0.4057971014492754	QIPCYNEA:0.2463768115942029	PDAPSGFR:0.5217391304347826	APSGFRAI:0.2898550724637681	TDIPDAPS:0.2318840579710145	IPDAPSGF:0.42028985507246375	EWLIIDDG:0.2028985507246377	WLIIDDGS:0.2028985507246377	KLGSWVVR:0.2463768115942029	SGFRAISR:0.2753623188405797	AGADIIVN:0.2463768115942029	LQKLGSWV:0.2463768115942029	NRKLLEDI:0.2753623188405797	GHIQSLIL:0.2463768115942029	DLRPSRLV:0.3333333333333333	VIVNTDAD:0.37681159420289856	MKLIIQIP:0.42028985507246375	ADVIVNTD:0.37681159420289856	IYRPFRFF:0.21739130434782608	IIQAGQKN:0.2028985507246377	DVIVNTDA:0.37681159420289856	IVVGARPI:0.21739130434782608	SRLVKSIP:0.2608695652173913	GDLRPSRL:0.2028985507246377	GADVIVNT:0.2898550724637681	EWLVIDDG:0.21739130434782608	WLVIDDGS:0.2318840579710145	DYTYTLET:0.21739130434782608	DADNQYNA:0.2753623188405797	TDADNQYN:0.2753623188405797	
