cluster number:598
GT2:17	GT2:17
FSTDRTVE:0.23529411764705882	KYASLPLF:0.23529411764705882	TWLMRMDA:0.23529411764705882	WYRFLVDA:0.7647058823529411	VIILTHNE:0.4117647058823529	IWLLRLWR:0.35294117647058826	YRFLVDAK:0.7647058823529411	HGGYYPIW:0.23529411764705882	THNEEKHI:0.35294117647058826	TDRTVEIA:0.35294117647058826	STDRTVEI:0.35294117647058826	RMDADEYV:0.35294117647058826	YYPIWLLR:0.35294117647058826	IILTHNEE:0.35294117647058826	DRTVEIAR:0.23529411764705882	IVDSFSTD:0.47058823529411764	LWYRFLVD:0.4117647058823529	PIWLLRLW:0.35294117647058826	LPLFTRPI:0.23529411764705882	GYYPIWLL:0.29411764705882354	ILTHNEEK:0.35294117647058826	RFLVDAKL:0.35294117647058826	SVIILTHN:0.4117647058823529	FIVDSFST:0.47058823529411764	GGYYPIWL:0.29411764705882354	ASLPLFTR:0.35294117647058826	VDSFSTDR:0.23529411764705882	DSFSTDRT:0.23529411764705882	YASLPLFT:0.35294117647058826	LTHNEEKH:0.35294117647058826	LMRMDADE:0.47058823529411764	MRMDADEY:0.47058823529411764	SFSTDRTV:0.23529411764705882	YPIWLLRL:0.35294117647058826	RTVEIARS:0.23529411764705882	SLPLFTRP:0.35294117647058826	DLVDHNLN:0.23529411764705882	FLVDAKLM:0.29411764705882354	WLMRMDAD:0.47058823529411764	IFIVDSFS:0.4117647058823529	NLNNLTWW:0.47058823529411764	NLTWWTQK:0.47058823529411764	TWWTQKHN:0.47058823529411764	LNNLTWWT:0.47058823529411764	NNLTWWTQ:0.47058823529411764	FWYRFLVD:0.29411764705882354	DHNLNNLT:0.47058823529411764	HNLNNLTW:0.47058823529411764	LTWWTQKH:0.47058823529411764	ILTFNEEK:0.23529411764705882	LTFNEEKH:0.23529411764705882	LVDAKLME:0.23529411764705882	VDHNLNNL:0.35294117647058826	WMDEHIKL:0.35294117647058826	VDAKLMEV:0.23529411764705882	RFLVDAKI:0.29411764705882354	WVNYATQF:0.29411764705882354	AWVNYATQ:0.23529411764705882	FLVDAKIY:0.23529411764705882	NAWVNYAT:0.23529411764705882	VNYATQFN:0.29411764705882354	LVDAKIYE:0.23529411764705882	QNAWVNYA:0.23529411764705882	LLRLWRRG:0.29411764705882354	DIVDHNLN:0.23529411764705882	VSVIILTH:0.23529411764705882	WLLRLWRR:0.23529411764705882	HDIVDHNL:0.23529411764705882	IVDHNLNN:0.23529411764705882	DVSVIILT:0.29411764705882354	WTQKHNHY:0.23529411764705882	LQALWYRF:0.23529411764705882	LYFIYRYF:0.23529411764705882	QKHNHYTI:0.23529411764705882	QVWHDEHI:0.23529411764705882	DGFCEQVW:0.23529411764705882	GFCEQVWH:0.23529411764705882	FCEQVWHD:0.23529411764705882	CEQVWHDE:0.23529411764705882	WHDEHIKL:0.23529411764705882	GDGFCEQV:0.23529411764705882	EEKHITRC:0.23529411764705882	HNHYTILE:0.23529411764705882	KIFIVDSF:0.23529411764705882	VWHDEHIK:0.23529411764705882	KHNHYTIL:0.23529411764705882	QALWYRFL:0.23529411764705882	RGDGFCEQ:0.23529411764705882	EQVWHDEH:0.23529411764705882	WWTQKHNH:0.23529411764705882	WRRGDGFC:0.23529411764705882	TQKHNHYT:0.23529411764705882	NEEKHITR:0.23529411764705882	ALWYRFLV:0.23529411764705882	RRGDGFCE:0.23529411764705882	SFSTDKTV:0.23529411764705882	VDSFSTDK:0.23529411764705882	DSFSTDKT:0.23529411764705882	
