cluster number:1531
GT2:18	GT2:18|GT4:1
KYIARMDA:0.7777777777777778	ARMDADDI:0.7777777777777778	DDCSTDSS:0.2222222222222222	IDSILNQT:0.3333333333333333	RMDADDIS:0.7222222222222222	IDDCSTDS:0.2222222222222222	IARMDADD:0.8333333333333334	MDADDISH:0.2777777777777778	IIDDCSTD:0.2222222222222222	ARGKYIAR:0.5	DSILNQTY:0.3333333333333333	GKYIARMD:0.7777777777777778	RGKYIARM:0.6666666666666666	YIARMDAD:0.8333333333333334	SIDSILNQ:0.2222222222222222	LARGKYIA:0.2222222222222222	
