cluster number:2465
GT2:12	GT2:12
GIKRYKDL:0.6666666666666666	DDICVEPE:0.3333333333333333	FPRQFFEQ:0.25	ALKRGYKI:0.3333333333333333	AWPEIIRR:0.6666666666666666	IDDDICVE:0.4166666666666667	TIYITGPR:0.25	KLSFRGYF:0.5833333333333334	DLENCLRS:0.4166666666666667	QWDENIFF:0.75	RQFFEQEQ:0.25	YIGIKRYK:0.4166666666666667	AFIDDDIC:0.4166666666666667	LRALKRGY:0.3333333333333333	ELCLRALK:0.4166666666666667	ISIEAARL:0.6666666666666666	AARLYIGI:0.4166666666666667	NNAVNAIP:0.4166666666666667	NRNNAVNA:0.8333333333333334	MRLSACIT:0.25	ARLYIGIK:0.4166666666666667	WDENIFFG:0.8333333333333334	ENIFFGYE:0.8333333333333334	IKRYKDLF:0.6666666666666666	LENCLRSL:0.4166666666666667	WPEIIRRS:0.6666666666666666	QFFEQEQW:0.25	GVCANRNN:0.8333333333333334	EDAELCLR:0.75	PRQFFEQE:0.25	HASIFPRQ:0.25	ASIFPRQF:0.25	SACITTRN:0.5	FEQEQWDE:0.3333333333333333	EAARLYIG:0.4166666666666667	QAWPEIIR:0.6666666666666666	RLSACITT:0.25	FIDDDICV:0.4166666666666667	LCLRALKR:0.4166666666666667	EQYPQTIY:0.25	FGYEDAEL:1.0	GYEDAELC:0.75	LQAWPEII:0.4166666666666667	GKLSFRGY:0.4166666666666667	DENIFFGY:0.8333333333333334	YPQTIYIT:0.25	IHASIFPR:0.25	QEQWDENI:0.75	IEAARLYI:0.3333333333333333	NIFFGYED:0.8333333333333334	ACITTRNR:0.8333333333333334	VEQYPQTI:0.25	YFLHMTAY:0.3333333333333333	YEDAELCL:0.75	IFFGYEDA:1.0	GSLQAWPE:0.25	LSACITTR:0.25	PQTIYITG:0.25	RIGVCANR:0.25	CANRNNAV:0.75	IYITGPRI:0.25	IGVCANRN:0.3333333333333333	SLQAWPEI:0.4166666666666667	ENCLRSLW:0.4166666666666667	FFEQEQWD:0.3333333333333333	VCANRNNA:0.8333333333333334	LYIGIKRY:0.4166666666666667	DDDICVEP:0.6666666666666666	EQEQWDEN:0.4166666666666667	RNNAVNAI:0.5	CITTRNRP:0.6666666666666666	TGPRIGVC:0.25	DICVEPEF:0.3333333333333333	RALKRGYK:0.3333333333333333	DAELCLRA:0.75	IVEQYPQT:0.25	ICVEPEFI:0.3333333333333333	AELCLRAL:0.5833333333333334	SIEAARLY:0.6666666666666666	EQWDENIF:0.75	EISIEAAR:0.6666666666666666	YITGPRIG:0.25	RGSLQAWP:0.25	ITGPRIGV:0.25	YEISIEAA:0.6666666666666666	CLRALKRG:0.3333333333333333	RLYIGIKR:0.4166666666666667	IGIKRYKD:0.3333333333333333	ANRNNAVN:0.75	KRGSLQAW:0.25	AIHASIFP:0.25	PRIGVCAN:0.25	ITTRNRPE:0.3333333333333333	QYPQTIYI:0.25	GPRIGVCA:0.25	FFGYEDAE:1.0	LKRGYKIL:0.25	FLHMTAYL:0.3333333333333333	QTIYITGP:0.25	RYKDLFPN:0.5833333333333334	KRYKDLFP:0.6666666666666666	TNYEISIE:0.3333333333333333	IKRYKNLF:0.25	RLYVGIKR:0.5833333333333334	GIKRYKNL:0.25	RGYFCASD:0.25	LTNYEISI:0.3333333333333333	KLTNYEIS:0.25	AARLYVGI:0.5833333333333334	VSDDSPDI:0.25	IEAARLYV:0.5833333333333334	EAARLYVG:0.5833333333333334	FRGYFCAS:0.25	GKLTNYEI:0.25	MVSGKLSF:0.25	ISACITTR:0.25	YVGIKRYK:0.5833333333333334	ARLYVGIK:0.5833333333333334	LYVGIKRY:0.5833333333333334	MRISACIT:0.25	SFRGYFCA:0.4166666666666667	KRYKNLFP:0.25	VSGKLSFR:0.25	SETDFVAF:0.3333333333333333	VAFIDDDI:0.4166666666666667	VVVSDDSP:0.3333333333333333	RISACITT:0.25	SGKLSFRG:0.25	NYEISIEA:0.5	ETVAIHAS:0.25	PETVAIHA:0.4166666666666667	LSFRGYFC:0.4166666666666667	RYKNLFPN:0.25	VVSDDSPD:0.3333333333333333	TDLVAFID:0.3333333333333333	LVAFIDDD:0.3333333333333333	DLVAFIDD:0.3333333333333333	RNNAVNAT:0.3333333333333333	DFVAFVDD:0.4166666666666667	EIIRRSRI:0.4166666666666667	ETDFVAFV:0.4166666666666667	PEIIRRSR:0.4166666666666667	IQAWPEII:0.25	FVDDDICV:0.3333333333333333	AFVDDDIC:0.3333333333333333	FVAFVDDD:0.4166666666666667	VAFVDDDI:0.4166666666666667	TDFVAFVD:0.4166666666666667	VDDDICVE:0.25	AACITTRN:0.3333333333333333	AIQAWPEI:0.25	DLFPNPLK:0.25	PRRGVCAN:0.3333333333333333	LFPNPLKL:0.25	RGVCANRN:0.4166666666666667	YKDLFPNP:0.25	KDLFPNPL:0.25	IHATLFPR:0.25	RRGVCANR:0.3333333333333333	GPRRGVCA:0.3333333333333333	CLKALWNS:0.25	DICVEPNF:0.25	DDICVEPN:0.25	VGIKRYKD:0.3333333333333333	KIIHCPEL:0.25	ETDLVAFI:0.25	IIRRSRIQ:0.25	YKIIHCPE:0.25	
