cluster number:2076
GT2:22	GT2:22|GT9:3
GFLDGFVG:0.3181818181818182	NSTDNTVE:0.2727272727272727	LLVDADER:0.36363636363636365	FFMGKQVR:0.3181818181818182	VDADERVT:0.36363636363636365	NFFMGKQV:0.3181818181818182	FLDGFVGF:0.22727272727272727	LWLLRRGI:0.22727272727272727	RNFFMGKQ:0.22727272727272727	KLWLLRRG:0.22727272727272727	ILLVDADE:0.3181818181818182	WKNDKVIR:0.22727272727272727	RYSGWKND:0.22727272727272727	STDNTVEL:0.2727272727272727	EWILLVDA:0.3181818181818182	VIRLFKKS:0.22727272727272727	SNSTDNTV:0.2727272727272727	IPQAKHEW:0.22727272727272727	WAIPQAKH:0.22727272727272727	MRYVKLWL:0.5	DSNSTDNT:0.2727272727272727	VDSNSTDN:0.2727272727272727	DADERVTP:0.45454545454545453	LVDADERV:0.3181818181818182	RVTPALKE:0.3181818181818182	SQKNWAIP:0.5	ILVDSNST:0.3181818181818182	QVRYSGWK:0.22727272727272727	TPALKEEI:0.3181818181818182	YSGWKNDK:0.22727272727272727	KQVRYSGW:0.2727272727272727	GWKNDKVI:0.22727272727272727	SGWKNDKV:0.22727272727272727	HSASQKNW:0.3181818181818182	GRRNFFMG:0.22727272727272727	KVIRLFKK:0.2727272727272727	DERVTPAL:0.36363636363636365	VRYSGWKN:0.22727272727272727	VTPALKEE:0.3181818181818182	AIPQAKHE:0.22727272727272727	ERVTPALK:0.3181818181818182	VILVDSNS:0.22727272727272727	TDNTVELA:0.22727272727272727	YVKLWLLR:0.45454545454545453	KNWAIPQA:0.5	QKNWAIPQ:0.5	NDKVIRLF:0.3181818181818182	DKVIRLFK:0.3181818181818182	RYVKLWLL:0.45454545454545453	NWAIPQAK:0.36363636363636365	SASQKNWA:0.45454545454545453	RRNFFMGK:0.22727272727272727	VKLWLLRR:0.2727272727272727	RLFKKSKC:0.22727272727272727	DKHVHSEI:0.2727272727272727	LVDSNSTD:0.3181818181818182	ADERVTPA:0.2727272727272727	FMGKQVRY:0.2727272727272727	FMRYVKLW:0.5	IFMRYVKL:0.2727272727272727	KNDKVIRL:0.22727272727272727	ASQKNWAI:0.5	IRLFKKSK:0.22727272727272727	EVILVDSN:0.22727272727272727	WILLVDAD:0.3181818181818182	GKQVRYSG:0.2727272727272727	MGKQVRYS:0.2727272727272727	VFMRYVKL:0.22727272727272727	FWGFFKHY:0.2727272727272727	PFWGFFKH:0.2727272727272727	KPFWGFFK:0.2727272727272727	NEWILLVD:0.22727272727272727	
