cluster number:2131
GT2:14	GT2:14
THNRPHLL:0.21428571428571427	PTHNRPHL:0.5	IPTHNRPH:0.5	AHFFLEEL:0.21428571428571427	SIIIPTHN:0.5	PLLSIIIP:0.42857142857142855	VIVVDDAS:0.6428571428571429	DRLLPHMA:0.21428571428571427	GQRVSRNP:0.21428571428571427	FLDDDDRL:0.21428571428571427	SIIGLPII:0.2857142857142857	HFFLEELE:0.21428571428571427	DDASTQPI:0.21428571428571427	REVLQKIG:0.21428571428571427	KPLLSIII:0.21428571428571427	IVVDDAST:0.42857142857142855	HSELFLRL:0.5	AGTRNVGL:0.21428571428571427	KSYNTKQT:0.2857142857142857	SELFLRLN:0.5	EAALGRWV:0.21428571428571427	VLQKIGGW:0.21428571428571427	TQPIDLPS:0.21428571428571427	IIPTHNRP:0.5714285714285714	STQPIDLP:0.21428571428571427	LQKIGGWD:0.2857142857142857	TKQTLVVE:0.5	RQESFLRL:0.21428571428571427	VTFLDDDD:0.21428571428571427	DDDRLLPH:0.21428571428571427	VDDASTQP:0.2857142857142857	WVTFLDDD:0.21428571428571427	NTKQTLVV:0.5	ELFLRLNP:0.5	LLSIIIPT:0.5	QTLVVERE:0.5	GLPIITYQ:0.2857142857142857	VVEREVLQ:0.21428571428571427	DDRLLPHM:0.21428571428571427	ISGLEEVN:0.2857142857142857	VVDDASTQ:0.2857142857142857	KQTLVVER:0.6428571428571429	IIGLPIIT:0.2857142857142857	GAHFFLEE:0.21428571428571427	EVIVVDDA:0.6428571428571429	TFLDDDDR:0.21428571428571427	RWVTFLDD:0.21428571428571427	SLEALSQT:0.2857142857142857	LPIITYQL:0.2857142857142857	LVVEREVL:0.21428571428571427	LEAALGRW:0.21428571428571427	PIDLPSHP:0.21428571428571427	IIIPTHNR:0.5714285714285714	HNRPHLVT:0.2857142857142857	RNVGLEAA:0.21428571428571427	LPAPVAVI:0.21428571428571427	GLEAALGR:0.21428571428571427	PAPVAVIS:0.21428571428571427	SRVHSELF:0.5	MAEVSLEA:0.2857142857142857	EVSLEALS:0.21428571428571427	PHMAEVSL:0.21428571428571427	SYNTKQTL:0.5	RSRVHSEL:0.42857142857142855	HGGAGTRN:0.21428571428571427	GKSYNTKQ:0.2857142857142857	RVHSELFL:0.5	VISGLEEV:0.2857142857142857	EVLQKIGG:0.21428571428571427	GRWVTFLD:0.21428571428571427	MSKPLLSI:0.21428571428571427	VAVISGLE:0.35714285714285715	GAGTRNVG:0.21428571428571427	YNTKQTLV:0.5	VGLEAALG:0.21428571428571427	LRQESFLR:0.21428571428571427	TLVVEREV:0.35714285714285715	HMAEVSLE:0.21428571428571427	NVGLEAAL:0.21428571428571427	GGAGTRNV:0.21428571428571427	DLEVIVVD:0.42857142857142855	IGLPIITY:0.2857142857142857	ASTQPIDL:0.21428571428571427	AEVSLEAL:0.2857142857142857	LPHMAEVS:0.21428571428571427	THNRPHLV:0.2857142857142857	VSLEALSQ:0.21428571428571427	QPIDLPSH:0.21428571428571427	AVISGLEE:0.2857142857142857	QESFLRLV:0.21428571428571427	PVAVISGL:0.35714285714285715	CSIIGLPI:0.2857142857142857	LSIIIPTH:0.5	APVAVISG:0.2857142857142857	DASTQPID:0.21428571428571427	LDDDDRLL:0.2857142857142857	LEVIVVDD:0.42857142857142855	EREVLQKI:0.21428571428571427	MRSRVHSE:0.2857142857142857	VHSELFLR:0.5	VEREVLQK:0.21428571428571427	DDDDRLLP:0.2857142857142857	RLNPVCSI:0.2857142857142857	ITYQLYNH:0.21428571428571427	FEVIVVDD:0.2857142857142857	PIITYQLY:0.21428571428571427	AVQSALEQ:0.21428571428571427	IITYQLYN:0.21428571428571427	TYQLYNHQ:0.21428571428571427	LRLNPVCS:0.42857142857142855	DFEVIVVD:0.2857142857142857	FLRLNPVC:0.5	LFLRLNPV:0.35714285714285715	VQSALEQT:0.21428571428571427	ITYLDDDD:0.21428571428571427	IPTYNRPH:0.21428571428571427	WITYLDDD:0.21428571428571427	GAGARNVG:0.2857142857142857	GGAGARNV:0.2857142857142857	AGARNVGT:0.21428571428571427	GARNVGTE:0.21428571428571427	
