cluster number:2514
GT2:28	GT2:28|GT4:1
RLEVIVVD:0.21428571428571427	GPLAVFRR:0.32142857142857145	PLAVFRRD:0.2857142857142857	RFATDRQL:0.5357142857142857	LTGYVLGQ:0.4642857142857143	TDRQLTGY:0.5	FRFATDRQ:0.5357142857142857	CVSGPLAV:0.35714285714285715	SGPLAVFR:0.35714285714285715	DASTDGTP:0.25	QLTGYVLG:0.4642857142857143	KKSFIRNL:0.35714285714285715	FTDSDCVL:0.21428571428571427	LGAVSGHA:0.21428571428571427	RWKKSFIR:0.42857142857142855	VLAFTDSD:0.21428571428571427	GAVSGHAR:0.21428571428571427	CVLAPDAL:0.21428571428571427	AVFRRDAI:0.21428571428571427	SDCVLAPD:0.21428571428571427	RQLTGYVL:0.5	AVSGHARA:0.21428571428571427	TLLYLCGV:0.25	WKKSFIRN:0.42857142857142855	DSDCVLAP:0.21428571428571427	DDASTDGT:0.2857142857142857	TCVSGPLA:0.35714285714285715	AFTDSDCV:0.21428571428571427	LTLLYLCG:0.25	QVRWKKSF:0.25	DRQLTGYV:0.5	LAVFRRDA:0.2857142857142857	LAFTDSDC:0.25	VSGPLAVF:0.35714285714285715	FATDRQLT:0.5357142857142857	TDSDCVLA:0.21428571428571427	FLTLLYLC:0.21428571428571427	QQVRWKKS:0.25	ATDRQLTG:0.5	VTCVSGPL:0.35714285714285715	DCVLAPDA:0.21428571428571427	RHADSPFV:0.21428571428571427	IRWKKSFI:0.25	SFIRNLFF:0.21428571428571427	VVDDASDD:0.2857142857142857	VLKGCVWG:0.21428571428571427	EACVRSMA:0.21428571428571427	RPLMSLLS:0.21428571428571427	KSFIRNLF:0.21428571428571427	PLLLLLAR:0.21428571428571427	LPLLLLLA:0.21428571428571427	NYLPAWAE:0.21428571428571427	GYVLGQAW:0.25	PAWAEDRF:0.21428571428571427	FLGAPFRF:0.21428571428571427	APFRFATD:0.32142857142857145	PRVSFLLA:0.25	LGAPFRFA:0.21428571428571427	AWAEDRFL:0.21428571428571427	VDDASDDG:0.21428571428571427	IEACVRSM:0.25	RVSFLLAV:0.25	RRGVWSRS:0.21428571428571427	ALYYGHAL:0.25	VRHPELGA:0.32142857142857145	QQIRWKKS:0.25	RHPELGAV:0.32142857142857145	ALVRHPEL:0.25	GHCRALNT:0.21428571428571427	WAEDRFLG:0.21428571428571427	DRFLGAPF:0.21428571428571427	FIRNLFFT:0.21428571428571427	HCRALNTD:0.21428571428571427	LYYGHALW:0.32142857142857145	IRNLFFTG:0.21428571428571427	YYGHALWV:0.32142857142857145	LVRHPELG:0.25	VVVDDASD:0.2857142857142857	RFLGAPFR:0.21428571428571427	AALYYGHA:0.25	LPAWAEDR:0.21428571428571427	GVVLKGCV:0.21428571428571427	AAALYYGH:0.2857142857142857	YLPAWAED:0.21428571428571427	QIRWKKSF:0.25	DDASDDGT:0.21428571428571427	PFRFATDR:0.32142857142857145	VVLKGCVW:0.21428571428571427	TGYVLGQA:0.25	GAPFRFAT:0.32142857142857145	VWYEGQFR:0.2857142857142857	WYEGQFRV:0.25	QDVWYEGQ:0.2857142857142857	ELGAVSGH:0.2857142857142857	HPELGAVS:0.2857142857142857	PELGAVSG:0.2857142857142857	DVWYEGQF:0.2857142857142857	VVDDASTD:0.21428571428571427	GAVSGHCR:0.21428571428571427	SGHCRALN:0.21428571428571427	VSGHCRAL:0.21428571428571427	AVSGHCRA:0.21428571428571427	LGAVSGHC:0.21428571428571427	
