cluster number:1758
GT2:18	GT2:18
VVSLDQDE:0.3333333333333333	HYPYESFR:0.2222222222222222	FYFNRFMK:0.2222222222222222	ETVTGLVL:0.2222222222222222	SSFYFNRF:0.2222222222222222	TFQKYIRV:0.2222222222222222	FNRFMKHS:0.2222222222222222	ASGAHYHF:0.2222222222222222	GYYVPRSS:0.2222222222222222	NYYAEEGA:0.2222222222222222	PYESFRQH:0.2222222222222222	CLKSLDFC:0.2222222222222222	LHYPYESF:0.3888888888888889	RSSFYFNR:0.2222222222222222	MKHSGWYP:0.3888888888888889	FMKHSGWY:0.3888888888888889	KHSGWYPD:0.5	YYVPRSSF:0.2222222222222222	LVLTYNGE:0.5555555555555556	GLVLTYNG:0.5	NRFMKHSG:0.2222222222222222	RFMKHSGW:0.3888888888888889	YVPRSSFY:0.2222222222222222	WVVSLDQD:0.3333333333333333	ILHYPYES:0.3888888888888889	YPYESFRQ:0.2222222222222222	PRSSFYFN:0.2222222222222222	SFYFNRFM:0.2222222222222222	VLTYNGER:0.5555555555555556	DILHYPYE:0.3888888888888889	YYTFQKYI:0.2222222222222222	RETVTGLV:0.2222222222222222	VPRSSFYF:0.2222222222222222	YFNRFMKH:0.2222222222222222	MRETVTGL:0.2222222222222222	TDRTREIA:0.2222222222222222	VSLDQDEI:0.2777777777777778	INYYAEEG:0.2222222222222222	YTFQKYIR:0.3888888888888889	GDILHYPY:0.4444444444444444	TVTGLVLT:0.2222222222222222	KINYYAEE:0.2222222222222222	TGLVLTYN:0.5	STDRTREI:0.2222222222222222	LKSLDFCD:0.2222222222222222	KSLDFCDE:0.2222222222222222	FLDGKAGF:0.2222222222222222	GFLDGKAG:0.2222222222222222	GFLDGRAG:0.3333333333333333	DGRAGFIN:0.2222222222222222	SLDQDEIC:0.2222222222222222	GAHYSFHP:0.2222222222222222	FLDGRAGF:0.2777777777777778	VVDSFSTD:0.2222222222222222	LVVDSFST:0.2222222222222222	SGAHYSFH:0.2222222222222222	GRAGFINA:0.2222222222222222	LDGRAGFI:0.3333333333333333	WEGPGPQF:0.2222222222222222	YNGERLLD:0.2777777777777778	TYNGERLL:0.4444444444444444	LTYNGERL:0.4444444444444444	VSGAHYSF:0.2222222222222222	ITGLVLTY:0.2777777777777778	LKAGFLDG:0.2222222222222222	SGWYPDYL:0.3888888888888889	HSGWYPDY:0.3333333333333333	
