cluster number:1431
GT2:26	GT2:26
DGGSTDGS:0.6153846153846154	IIDGGSTD:0.38461538461538464	LLFLNSGD:0.23076923076923078	IYHAMNKG:0.3076923076923077	YLLFLNSG:0.23076923076923078	IDGGSTDG:0.5769230769230769	GIYHAMNK:0.3076923076923077	YIIIDGGS:0.2692307692307692	KIVSDWKF:0.2692307692307692	GGSTDGSI:0.2692307692307692	ITINYNNK:0.23076923076923078	SEPDKGIY:0.34615384615384615	DYWVSEPD:0.3076923076923077	IITINYNN:0.4230769230769231	YWVSEPDK:0.34615384615384615	WVSEPDKG:0.38461538461538464	EYIIIDGG:0.2692307692307692	KGIYHAMN:0.23076923076923078	VSEPDKGI:0.3076923076923077	FEYIIIDG:0.2692307692307692	DKGIYHAM:0.23076923076923078	IIIDGGST:0.34615384615384615	SIITINYN:0.46153846153846156	IYNAMNKG:0.23076923076923078	YNAMNKGI:0.2692307692307692	GIYNAMNK:0.23076923076923078	
