cluster number:2130
GT2:11	GT2:11
IDAGDDLE:0.6363636363636364	SLADQTVP:0.2727272727272727	AGMYRCID:0.36363636363636365	RRYQQFGT:0.45454545454545453	YGTVYPIE:0.2727272727272727	TTDADCIL:0.36363636363636365	AGDDLEIA:0.7272727272727273	IYFTLGCN:0.2727272727272727	LYIVLRGG:0.2727272727272727	MISVVVPT:0.2727272727272727	VVPTYNEE:0.36363636363636365	VGFSMRRY:0.5454545454545454	YRCIDAGD:0.45454545454545453	VVDGNSKD:0.36363636363636365	SKDRTREL:0.2727272727272727	DDLEIAQR:0.36363636363636365	RTIYFTLG:0.2727272727272727	DRTRELAE:0.2727272727272727	RCIDAGDD:0.45454545454545453	GFSMRRYQ:0.5454545454545454	RTRELAEP:0.2727272727272727	TDADCILP:0.45454545454545453	PRDWVERI:0.2727272727272727	VPTYNEEQ:0.36363636363636365	SKRVGGAR:0.2727272727272727	LGCNTAFD:0.2727272727272727	GARNDGAM:0.2727272727272727	RELAEPLA:0.2727272727272727	LEIAQRMR:0.36363636363636365	FTLGCNTA:0.2727272727272727	IVVDGNSK:0.36363636363636365	DLEIAQRM:0.36363636363636365	KRVGGARN:0.2727272727272727	CIDAGDDL:0.5454545454545454	WLYIVLRG:0.2727272727272727	DAGDDLEI:0.7272727272727273	TRTIYFTL:0.2727272727272727	NEEQNIER:0.2727272727272727	ATTDADCI:0.2727272727272727	GMYRCIDA:0.36363636363636365	IVQLYGTV:0.36363636363636365	TIYFTLGC:0.2727272727272727	EWLYIVLR:0.2727272727272727	VQLYGTVY:0.2727272727272727	FSMRRYQQ:0.5454545454545454	VGGARNDG:0.8181818181818182	ISVVVPTY:0.2727272727272727	RAGMYRCI:0.36363636363636365	VVVPTYNE:0.36363636363636365	EQNIERCL:0.2727272727272727	PTYNEEQN:0.36363636363636365	RVGGARND:0.2727272727272727	MYRCIDAG:0.36363636363636365	RDWVERIG:0.2727272727272727	YNEEQNIE:0.2727272727272727	KDRTRELA:0.2727272727272727	SMRRYQQF:0.45454545454545453	LYGTVYPI:0.2727272727272727	GCNTAFDR:0.2727272727272727	GGARNDGA:0.45454545454545453	EEQNIERC:0.2727272727272727	SVVVPTYN:0.36363636363636365	MRRYQQFG:0.45454545454545453	EIAQRMRK:0.2727272727272727	RNDGAMAA:0.2727272727272727	TLGCNTAF:0.6363636363636364	YFTLGCNT:0.2727272727272727	TYNEEQNI:0.36363636363636365	QLYGTVYP:0.2727272727272727	TYSQREYK:0.2727272727272727	ARNDGAMA:0.2727272727272727	ELAEPLAD:0.2727272727272727	GDDLEIAQ:0.36363636363636365	LPRDWVER:0.2727272727272727	TRELAEPL:0.2727272727272727	LADQTVPR:0.2727272727272727	GARNDGVM:0.2727272727272727	ARNDGVMA:0.2727272727272727	GGARNDGV:0.36363636363636365	RNDGVMAA:0.2727272727272727	RYQQFGTL:0.2727272727272727	DIIATTDA:0.2727272727272727	RLKVGFSM:0.2727272727272727	QFGTLKSL:0.2727272727272727	YEIIVVDG:0.6363636363636364	ATTDADCV:0.2727272727272727	IATTDADC:0.2727272727272727	KVGFSMRR:0.36363636363636365	IIATTDAD:0.36363636363636365	LKVGFSMR:0.36363636363636365	YTLGCNTA:0.36363636363636365	IQTSKKVG:0.36363636363636365	YYTLGCNT:0.36363636363636365	KKVGGARN:0.36363636363636365	TSKKVGGA:0.36363636363636365	KVGGARND:0.5454545454545454	SKKVGGAR:0.36363636363636365	QTSKKVGG:0.36363636363636365	FIQTSKKV:0.2727272727272727	VFIQTSKK:0.2727272727272727	GCNTAFRK:0.2727272727272727	EYEIIVVD:0.2727272727272727	IIVVDGGS:0.36363636363636365	LGCNTAFR:0.2727272727272727	EIIVVDGG:0.36363636363636365	IVVDGGSK:0.2727272727272727	VVDGGSKD:0.2727272727272727	
