cluster number:1630
GT2:21	GT2:21
FIFYDDLD:0.2857142857142857	ATRLLKNN:0.2857142857142857	NLGGAGGF:0.7619047619047619	KGYFMLRN:0.47619047619047616	SWKGYFML:0.47619047619047616	FFIFYDDL:0.2857142857142857	WKGYFMLR:0.47619047619047616	GPLISKSV:0.2857142857142857	EGPLISKS:0.2857142857142857	FEGPLISK:0.3333333333333333	VPFEGPLI:0.47619047619047616	NDDLDYSL:0.23809523809523808	AGVPFEGP:0.2857142857142857	FFIFNDDL:0.5714285714285714	PNPDFFIF:0.3333333333333333	LKSWKGYF:0.3333333333333333	GVPFEGPL:0.38095238095238093	GYFMLRNH:0.3333333333333333	PFEGPLIS:0.38095238095238093	FNDDLDYS:0.42857142857142855	PLISKSVV:0.2857142857142857	KSWKGYFM:0.3333333333333333	DLKSWKGY:0.3333333333333333	DDLDYSLR:0.2857142857142857	MDDDLLPE:0.42857142857142855	FIFNDDLD:0.5714285714285714	IAGVPFEG:0.2857142857142857	NDLKSWKG:0.3333333333333333	IFNDDLDY:0.42857142857142855	DDLDYSIR:0.23809523809523808	WLMDDDLL:0.3333333333333333	LWLMDDDL:0.47619047619047616	GAGGFAYG:0.2857142857142857	TGDNLGGA:0.3333333333333333	GDNLGGAG:0.3333333333333333	GSCAEISP:0.23809523809523808	LMDDDLLP:0.3333333333333333	LGGAGGFA:0.42857142857142855	YLWLMDDD:0.2857142857142857	DNLGGAGG:0.3333333333333333	GGAGGFAY:0.2857142857142857	DGSCAEIS:0.47619047619047616	KFFIFNDD:0.23809523809523808	ENLGGAGG:0.3333333333333333	
