cluster number:20
GT2:133	GT2:133
AGDFRLMD:0.40601503759398494	IFDEVKGR:0.2556390977443609	DEVKGRPL:0.2706766917293233	GKEAALSA:0.45864661654135336	KGLYAWVG:0.7293233082706767	LSRNFGKE:0.7142857142857143	RIFDEVKG:0.2556390977443609	TAFTTWPL:0.3684210526315789	VSGWTTIV:0.2932330827067669	DGLTAFTT:0.3007518796992481	LPERTRFM:0.3157894736842105	FGKEAALS:0.45864661654135336	ALPERTRF:0.2631578947368421	GLTAFTTW:0.3609022556390977	KEAALSAG:0.45864661654135336	LTAFTTWP:0.3609022556390977	TRFMKGLY:0.3157894736842105	LYAWVGFK:0.47368421052631576	FMKGLYAW:0.5714285714285714	GWTTIVTA:0.21052631578947367	GDFRLMDR:0.38345864661654133	FDEVKGRP:0.2706766917293233	RFMKGLYA:0.5714285714285714	SLGVVGEY:0.3609022556390977	GLYAWVGF:0.7142857142857143	AFTTWPLR:0.3684210526315789	QLSRNFGK:0.3458646616541353	MKGLYAWV:0.7293233082706767	LGVVGEYV:0.3684210526315789	NFGKEAAL:0.6691729323308271	RNFGKEAA:0.7368421052631579	GVVGEYVA:0.22556390977443608	EAALSAGL:0.39097744360902253	ERTRFMKG:0.3157894736842105	RTRFMKGL:0.3157894736842105	PERTRFMK:0.3157894736842105	ISLGVVGE:0.20300751879699247	SGWTTIVT:0.22556390977443608	HAGDFRLM:0.21804511278195488	SRNFGKEA:0.7293233082706767	IDADFQHP:0.23308270676691728	IIVVDDGS:0.3308270676691729	CVVPAYNE:0.21052631578947367	LLIDADFQ:0.21052631578947367	LIDADFQH:0.22556390977443608	SCVVPAYN:0.21052631578947367	GEYIGRIY:0.20300751879699247	EIIVVDDG:0.3308270676691729	YAWVGFKS:0.2857142857142857	FGKEAALT:0.20300751879699247	GKEAALTA:0.20300751879699247	KEAALTAG:0.20300751879699247	DADMQHPP:0.20300751879699247	FTTWPLRL:0.22556390977443608	
