cluster number:616
GT2:6	GT2:6
QWIVVDDG:0.6666666666666666	EFYYKEML:0.3333333333333333	KIDMASGK:0.3333333333333333	TGKPYPEY:0.5	IVYKLGID:0.3333333333333333	YYKEMLKY:0.3333333333333333	PFKEFEGE:0.3333333333333333	SGKMRAVN:0.5	RLYESLKR:0.5	PYPEYRID:0.5	YKLGIDGD:0.3333333333333333	IDEGIYFF:0.5	GKPYPEYR:0.5	ESLKRQTV:0.5	MRYIDEGI:0.6666666666666666	NPFKEFEG:0.3333333333333333	RIDSSPIE:0.5	KFIPEATV:0.3333333333333333	DSSPIEIV:0.5	KEFEGEKF:0.3333333333333333	ENLGGMIF:0.3333333333333333	VDSDDYIT:0.5	AVNRGVQL:0.5	VKEFQWIV:0.5	QKNSGKMR:0.3333333333333333	FIVDSDDY:0.5	EYFFIVDS:0.5	EGIYFFEY:0.5	DGDKAEVF:0.5	TDILKKNP:0.3333333333333333	YFFIVDSD:0.5	RYIDEGIY:0.6666666666666666	EFEGEKFI:0.3333333333333333	EYRIDSSP:0.5	YIDEGIYF:0.5	FEYLEDGY:0.6666666666666666	PEATVWVK:0.3333333333333333	PIEIVYKL:0.3333333333333333	EIVYKLGI:0.3333333333333333	YFFEYLED:0.5	SSPIEIVY:0.5	ATVWVKIG:0.3333333333333333	DILKKNPF:0.3333333333333333	EYKMRYID:0.5	DKAEVFKT:0.3333333333333333	FEFYYKEM:0.3333333333333333	SPIEIVYK:0.3333333333333333	IYFFEYLE:0.5	GMIFRKID:0.5	IDSSPIEI:0.5	PENLGGMI:0.3333333333333333	VWVKIGEE:0.5	EEYKMRYI:0.5	DGYTKNFN:0.3333333333333333	EYLEDGYT:0.6666666666666666	EDGYTKNF:0.3333333333333333	LPENLGGM:0.3333333333333333	FFEYLEDG:0.5	YLEDGYTK:0.3333333333333333	LGIDGDKA:0.3333333333333333	LKRQTVKE:0.5	FEGEKFIP:0.3333333333333333	IDGDKAEV:0.5	KIKFIIRL:0.3333333333333333	GGMIFRKI:0.5	VYKLGIDG:0.3333333333333333	KIGEEYKM:0.5	WIVVDDGS:0.6666666666666666	KPYPEYRI:0.5	YPEYRIDS:0.5	LEDGYTKN:0.3333333333333333	GFEFYYKE:0.3333333333333333	GDKAEVFK:0.3333333333333333	IPEATVWV:0.3333333333333333	DSDDYITD:0.5	GEEYKMRY:0.5	YRIDSSPI:0.5	KEFQWIVV:0.6666666666666666	GIDGDKAE:0.5	MRAVNRGV:0.5	EGEKFIPE:0.5	FFIVDSDD:0.5	KNPFKEFE:0.3333333333333333	KNSGKMRA:0.3333333333333333	TVWVKIGE:0.3333333333333333	LYESLKRQ:0.5	EATVWVKI:0.3333333333333333	LKKNPFKE:0.3333333333333333	MIFRKIDM:0.3333333333333333	TVKEFQWI:0.5	VNRGVQLA:0.5	EKFIPEAT:0.3333333333333333	YKMRYIDE:0.6666666666666666	FIPEATVW:0.3333333333333333	IFRKIDMA:0.3333333333333333	DEGIYFFE:0.5	EFQWIVVD:0.6666666666666666	YESLKRQT:0.5	NKIKFIIR:0.3333333333333333	FYYKEMLK:0.3333333333333333	GKMRAVNR:0.5	KMRAVNRG:0.5	KKNPFKEF:0.3333333333333333	PEYRIDSS:0.5	IVDSDDYI:0.6666666666666666	YKEMLKYN:0.3333333333333333	GEKFIPEA:0.6666666666666666	NSGKMRAV:0.5	KRQTVKEF:0.5	KMRYIDEG:0.6666666666666666	RQTVKEFQ:0.5	RAVNRGVQ:0.5	KLGIDGDK:0.3333333333333333	FQWIVVDD:0.6666666666666666	NLGGMIFR:0.5	ILKKNPFK:0.3333333333333333	WVKIGEEY:0.5	FTPSYNRK:0.3333333333333333	SLKRQTVK:0.5	VKIGEEYK:0.5	IGEEYKMR:0.5	FRKIDMAS:0.3333333333333333	FKEFEGEK:0.3333333333333333	QTVKEFQW:0.5	IEIVYKLG:0.3333333333333333	RKIDMASG:0.3333333333333333	LGGMIFRK:0.5	GIYFFEYL:0.5	NRGVQLAQ:0.5	STDGGGEL:0.3333333333333333	IFTPVYNR:0.3333333333333333	VVDDGSTD:0.6666666666666666	DKAEVFRT:0.3333333333333333	EDGYTRNF:0.3333333333333333	GSTDGGGE:0.3333333333333333	DDGSTDGG:0.3333333333333333	GDKAEVFR:0.3333333333333333	YLEDGYTR:0.3333333333333333	TIFTPVYN:0.3333333333333333	VDDGSTDG:0.6666666666666666	LEDGYTRN:0.3333333333333333	KITGKPYP:0.5	NKIKFLIR:0.3333333333333333	IVVDDGST:0.5	DGSTDGGG:0.3333333333333333	QGEYFFIV:0.3333333333333333	NLPLSNKI:0.3333333333333333	RGVQLAQG:0.3333333333333333	GSTDGTKE:0.3333333333333333	PNGFEFYY:0.3333333333333333	TLLRLYES:0.3333333333333333	YNLPLSNK:0.3333333333333333	DGSTDGTK:0.3333333333333333	NPNGFEFY:0.3333333333333333	LAQGEYFF:0.3333333333333333	KNPNGFEF:0.3333333333333333	RLIQSKYY:0.3333333333333333	LPLSNKIK:0.3333333333333333	IRLIQSKY:0.3333333333333333	DDGSTDGT:0.3333333333333333	QLAQGEYF:0.3333333333333333	GEYFFIVD:0.3333333333333333	VQLAQGEY:0.3333333333333333	AQGEYFFI:0.3333333333333333	KKNPNGFE:0.3333333333333333	ITGKPYPE:0.3333333333333333	LLRLYESL:0.3333333333333333	LIQSKYYK:0.3333333333333333	LRLYESLK:0.3333333333333333	GVQLAQGE:0.3333333333333333	PLSNKIKF:0.3333333333333333	SGKITGKP:0.3333333333333333	GKITGKPY:0.3333333333333333	
