cluster number:2447
GT2:19	GT2:19
ELIIIDDN:0.3157894736842105	LIRKRQDF:0.3684210526315789	SVIMPCYN:0.21052631578947367	GKQYMPLI:0.2631578947368421	GNVIGCLT:0.21052631578947367	DSGMTQNK:0.2631578947368421	LELIIIDD:0.2631578947368421	KQYMPLIR:0.2631578947368421	LYGNVIGC:0.21052631578947367	GRFIAFLD:0.631578947368421	GCLTVIYD:0.3157894736842105	IRKRQDFG:0.21052631578947367	YRTDSGMT:0.2631578947368421	VSVIMPCY:0.21052631578947367	YGNVIGCL:0.21052631578947367	YMPLIRKR:0.2631578947368421	LDSDDIWL:0.21052631578947367	RFIAFLDS:0.631578947368421	KRQDFGLW:0.21052631578947367	VIGCLTVI:0.2631578947368421	RKRQDFGL:0.21052631578947367	QYMPLIRK:0.2631578947368421	PLIRKRQD:0.5263157894736842	FLDSDDIW:0.2631578947368421	TDSGMTQN:0.21052631578947367	MPLIRKRQ:0.3684210526315789	AFLDSDDI:0.2631578947368421	VIMPCYNA:0.21052631578947367	CLTVIYDA:0.21052631578947367	RTDSGMTQ:0.21052631578947367	LVSVIMPC:0.21052631578947367	FIAFLDSD:0.6842105263157895	RQDFGLWL:0.21052631578947367	LIIIDDNS:0.3157894736842105	IAFLDSDD:0.7894736842105263	PLVSVIMP:0.21052631578947367	IGCLTVIY:0.3157894736842105	AFLDSDDL:0.3684210526315789	FLDSDDLW:0.3684210526315789	AQGRFIAF:0.21052631578947367	QGRFIAFL:0.21052631578947367	LDSDDLWL:0.21052631578947367	IGCLTAIY:0.2631578947368421	GCLTAIYD:0.2631578947368421	SGAAVARN:0.3157894736842105	ENSGAAVA:0.21052631578947367	NSGAAVAR:0.3157894736842105	
