cluster number:1439
GT2:24	GT2:24
LTEDYELG:0.7083333333333334	IAFQGWDR:0.25	QGWDRLGW:0.4166666666666667	TKADCLNR:0.625	DRRGPLTA:0.3333333333333333	TTKADCLN:0.4583333333333333	ATRAYFPS:0.20833333333333334	GPTTKADC:0.5	KADCLNRL:0.5416666666666666	LRDRRGPL:0.3333333333333333	RGPLTALV:0.20833333333333334	LRAVLRIP:0.20833333333333334	AFQGWDRL:0.25	GPLTALVL:0.20833333333333334	GLRAVLRI:0.20833333333333334	ADCLNRLY:0.4583333333333333	VATRAYFP:0.2916666666666667	CLTEDYEL:0.20833333333333334	ADFVQLPV:0.25	EGLRAVLR:0.2916666666666667	PTTKADCL:0.5	IMAGRRAL:0.20833333333333334	GIAFQGWD:0.25	HGIAFQGW:0.20833333333333334	FQGWDRLG:0.3333333333333333	LVATRAYF:0.2916666666666667	RDRRGPLT:0.3333333333333333	RRGPLTAL:0.25	KAMVVRDA:0.3333333333333333	LHDAEDMV:0.375	VLHDAEDM:0.25	TEDYELGL:0.625	AMVVRDAL:0.25	HYADEFAE:0.20833333333333334	GKAMVVRD:0.2916666666666667	HGKAMVVR:0.3333333333333333	EFAESHGK:0.20833333333333334	MVVRDALG:0.20833333333333334	VVLHDAED:0.2916666666666667	LPSAGVGC:0.20833333333333334	PSAGVGCA:0.20833333333333334	EDYELGLR:0.20833333333333334	SHYCEEFA:0.4583333333333333	EHELLLFA:0.20833333333333334	AEAHGKAM:0.20833333333333334	RLRDRRGP:0.2916666666666667	MRLRDRRG:0.2916666666666667	STKADCLN:0.25	DMVDPAAL:0.25	EDMVDPAA:0.25	EEFAEAHG:0.20833333333333334	AEDMVDPA:0.3333333333333333	WMRLRDRR:0.2916666666666667	GPSTKADC:0.25	FAEAHGKA:0.25	PSTKADCL:0.25	HDAEDMVD:0.5	HYCEEFAE:0.5	EFAEAHGK:0.375	HELLLFAG:0.3333333333333333	CEEFAEAH:0.2916666666666667	FFLIGALD:0.20833333333333334	DAEDMVDP:0.4166666666666667	YCEEFAEA:0.3333333333333333	RAAVFIPA:0.20833333333333334	PAAGVGCA:0.2916666666666667	GSHYCEEF:0.4166666666666667	AAGVGCAF:0.20833333333333334	GIALQGWD:0.25	IALQGWDR:0.25	AAVFIPAW:0.3333333333333333	DSLTEDYE:0.5	LLFAGVFF:0.2916666666666667	GRAAVFIP:0.25	SLTEDYEL:0.5	ELLLFAGV:0.3333333333333333	FVQLPVLP:0.20833333333333334	DGRLIATR:0.20833333333333334	DGPTTKAD:0.20833333333333334	LFAGVFFL:0.25	HGIALQGW:0.25	LLLFAGVF:0.3333333333333333	YVGCYRND:0.2916666666666667	LPAAGVGC:0.20833333333333334	QHELLLFA:0.25	QLPVEPLV:0.20833333333333334	RFAFTARE:0.20833333333333334	AIMAGRRA:0.20833333333333334	IAIMAGRR:0.20833333333333334	VGCYRNDP:0.25	CYRNDPAT:0.20833333333333334	GCYRNDPA:0.20833333333333334	
