cluster number:472
GT2:26	GT2:26
IYNVEKYL:0.5384615384615384	SVIVPIYN:0.3076923076923077	YNVEKYLP:0.2692307692307692	VPIYNVEK:0.2692307692307692	IVPIYNVE:0.3076923076923077	PIYNVEKY:0.5384615384615384	VIVPIYNV:0.3076923076923077	IICVNDCS:0.38461538461538464	EIICVNDC:0.38461538461538464	EKYLPKCL:0.23076923076923078	VEKYLPKC:0.23076923076923078	NVEKYLPK:0.23076923076923078	YLKKCLDS:0.23076923076923078	YNNNAKYY:0.34615384615384615	VYIMKTYD:0.34615384615384615	EKENTPEY:0.34615384615384615	KIESIKKK:0.38461538461538464	FTNNIYTV:0.3076923076923077	NQTLKDIE:0.4230769230769231	MKTYDDYN:0.38461538461538464	TYDDYNIY:0.3076923076923077	NKNEFYKK:0.23076923076923078	KTYDDYNI:0.3076923076923077	IPSITLRE:0.38461538461538464	NTPEYPLV:0.3076923076923077	IESIKKKV:0.38461538461538464	DIVFTNNI:0.3076923076923077	PSITLREK:0.38461538461538464	NEFYKKCH:0.23076923076923078	KNEFYKKC:0.23076923076923078	TLREKYKK:0.38461538461538464	SIKKKVFD:0.23076923076923078	WIPSITLR:0.38461538461538464	KPYYHNRL:0.23076923076923078	VFTNNIYT:0.3076923076923077	IMKTYDDY:0.38461538461538464	NNNAKYYY:0.34615384615384615	SFIDSDDF:0.3076923076923077	YIMKTYDD:0.38461538461538464	SITLREKY:0.38461538461538464	TNNIYTVN:0.3076923076923077	LKDIEIIC:0.38461538461538464	YISFIDSD:0.3076923076923077	ESIKKKVF:0.38461538461538464	WWIPSITL:0.38461538461538464	KLDVEIDR:0.34615384615384615	AWWIPSIT:0.38461538461538464	ISFIDSDD:0.3076923076923077	IKPYYHNR:0.34615384615384615	EFYKKCHE:0.23076923076923078	IVFTNNIY:0.3076923076923077	EKIESIKK:0.34615384615384615	ENTPEYPL:0.34615384615384615	TLKDIEII:0.4230769230769231	QTLKDIEI:0.4230769230769231	NNIYTVNE:0.3076923076923077	KENTPEYP:0.34615384615384615	ITLREKYK:0.38461538461538464	KKLDVEID:0.34615384615384615	INQTLKDI:0.4230769230769231	KHAFYAYS:0.23076923076923078	DIEIICVN:0.3076923076923077	KDIEIICV:0.2692307692307692	MYYNNNAK:0.23076923076923078	VINQTLKD:0.23076923076923078	PKMYYNNN:0.23076923076923078	HTFNNYKA:0.23076923076923078	IEIICVND:0.34615384615384615	KMYYNNNA:0.23076923076923078	NPKMYYNN:0.23076923076923078	YYNNNAKY:0.23076923076923078	SVINQTLK:0.23076923076923078	FNNYKADN:0.23076923076923078	TFNNYKAD:0.23076923076923078	NNYKADNK:0.23076923076923078	
