cluster number:1751
GT2:61	GT2:61|GT32:1
ILVDDGST:0.2459016393442623	DDGSTDSS:0.21311475409836064	VDDGSTDS:0.21311475409836064	LVDDGSTD:0.36065573770491804	VLYAPTWR:0.4098360655737705	PTWREDRP:0.21311475409836064	VVLYAPTW:0.3770491803278688	HYRDTLRG:0.4098360655737705	GRQYSDSP:0.26229508196721313	FDFAQTGR:0.2786885245901639	VSPNSFST:0.2786885245901639	GYPRNDLL:0.29508196721311475	VRRHYLVG:0.26229508196721313	YAPTWRED:0.2786885245901639	DVLVTDYS:0.26229508196721313	DFAQTGRP:0.2786885245901639	GTPLKRIG:0.36065573770491804	LYAPTWRE:0.3114754098360656	YLVGGSVP:0.22950819672131148	LVSPNSFS:0.29508196721311475	ECGYPRND:0.21311475409836064	RHYLVGGS:0.22950819672131148	TWHGTPLK:0.5901639344262295	GDRIACNK:0.26229508196721313	PRLTVVVP:0.2459016393442623	AQTGRPML:0.21311475409836064	LLGDRIAC:0.26229508196721313	RQYSDSPR:0.2459016393442623	AGLGAARN:0.36065573770491804	EHLWVVRD:0.26229508196721313	QYSDSPRA:0.39344262295081966	APTWREDR:0.21311475409836064	PLKRIGRD:0.2459016393442623	LKRIGRDL:0.2459016393442623	VVQTWHGT:0.47540983606557374	VLVTDYSS:0.26229508196721313	DRIACNKV:0.2786885245901639	VLLVRRHY:0.26229508196721313	QTWHGTPL:0.5901639344262295	LVRRHYLV:0.2786885245901639	LGDRIACN:0.26229508196721313	QTGRPMLF:0.21311475409836064	ENAGLGAA:0.2786885245901639	IACNKVFR:0.2786885245901639	RRHYLVGG:0.26229508196721313	MFDFAQTG:0.2786885245901639	HGTPLKRI:0.36065573770491804	TPLKRIGR:0.2459016393442623	FAQTGRPM:0.2786885245901639	NAGLGAAR:0.36065573770491804	GRPMLFHT:0.21311475409836064	HYLVGGSV:0.22950819672131148	VQTWHGTP:0.5081967213114754	YRDTLRGF:0.4098360655737705	TGRPMLFH:0.21311475409836064	QENAGLGA:0.26229508196721313	SDVLVTDY:0.22950819672131148	RIACNKVF:0.2786885245901639	WHGTPLKR:0.4098360655737705	SPNSFSTP:0.2786885245901639	RVVLYAPT:0.2459016393442623	LLVRRHYL:0.2786885245901639	HVLLVRRH:0.36065573770491804	WFERAEGQ:0.22950819672131148	DHVLLVRR:0.22950819672131148	SPRAVHEE:0.26229508196721313	PRAVHEEL:0.22950819672131148	DSPRAVHE:0.26229508196721313	YSDSPRAV:0.26229508196721313	SDSPRAVH:0.2786885245901639	DYSSLMFD:0.3114754098360656	YSSLMFDF:0.21311475409836064	MVDDGSTD:0.2459016393442623	TDYSSLMF:0.3114754098360656	DTLRGFYF:0.22950819672131148	RDTLRGFY:0.22950819672131148	TLRGFYFD:0.21311475409836064	ESGYPRND:0.21311475409836064	RGFYFDFE:0.3114754098360656	YAPTWRDD:0.26229508196721313	LRGFYFDF:0.32786885245901637	WHGTPLKK:0.21311475409836064	VILVDDGS:0.21311475409836064	
