cluster number:2455
GT2:43	GT2:43
AIKAGFDY:0.3023255813953488	FAYLWMKK:0.627906976744186	DTGCPLKI:0.46511627906976744	SAAIKAGF:0.6744186046511628	GMDDTGCP:0.7441860465116279	AAIKAGFD:0.7441860465116279	CFAYLWMK:0.7209302325581395	LHRFLPAM:0.9069767441860465	LMDCFAYL:0.4418604651162791	MDDTGCPL:0.7441860465116279	TDYAKRIP:0.23255813953488372	LPAMILLQ:0.6744186046511628	HDGMDDTG:0.4883720930232558	LSAAIKAG:0.6744186046511628	HRFLPAMI:0.8604651162790697	VLFVNDGS:0.3023255813953488	THDGMDDT:0.4883720930232558	YAKRIPMF:0.4418604651162791	PLMDCFAY:0.4418604651162791	DCFAYLWM:0.7209302325581395	FTHDGMDD:0.4883720930232558	FVNDGSKD:0.46511627906976744	DDTGCPLK:0.7674418604651163	MDCFAYLW:0.4418604651162791	YIDSDLQT:0.6744186046511628	LFVNDGSK:0.46511627906976744	DYAKRIPM:0.37209302325581395	GLHRFLPA:0.9069767441860465	GLSAAIKA:0.6744186046511628	GYIDSDLQ:0.6744186046511628	RFLPAMIL:0.6744186046511628	TGCPLKII:0.3953488372093023	DGMDDTGC:0.7441860465116279	FLPAMILL:0.6744186046511628	ILFVNDGS:0.27906976744186046	LVGYIDSD:0.4186046511627907	LWNRLLGP:0.23255813953488372	FKGLHRFL:0.5581395348837209	DLVTGVRA:0.32558139534883723	LLGPLMDC:0.3023255813953488	TGCPLKVI:0.4186046511627907	PVYNEEDN:0.37209302325581395	VGYIDSDL:0.4883720930232558	GPLMDCFA:0.4418604651162791	VPVYNEED:0.2558139534883721	RKDSFVKN:0.32558139534883723	MKKKYINY:0.627906976744186	NRKDSFVK:0.20930232558139536	PMFKGLHR:0.5581395348837209	SFVKNMSS:0.37209302325581395	LGPLMDCF:0.3023255813953488	KKKYINYK:0.2558139534883721	CPLKVIKT:0.3488372093023256	AYLWMKKK:0.6046511627906976	MFKGLHRF:0.5581395348837209	TIVVPVYN:0.2558139534883721	WMKKKYIN:0.627906976744186	WNRLLGPL:0.4186046511627907	IPMFKGLH:0.5348837209302325	TIANGIRR:0.20930232558139536	NRLLGPLM:0.3023255813953488	TELVGYID:0.3023255813953488	KGLHRFLP:0.5581395348837209	KDSFVKNM:0.3023255813953488	VVPVYNEE:0.23255813953488372	IVVPVYNE:0.2558139534883721	DSFVKNMS:0.37209302325581395	LWMKKKYI:0.5813953488372093	SSTIANGI:0.20930232558139536	STIANGIR:0.20930232558139536	ELVGYIDS:0.2558139534883721	VYNEEDNL:0.37209302325581395	DTGCPLKV:0.4418604651162791	RLLGPLMD:0.3023255813953488	GCPLKVIK:0.37209302325581395	YLWMKKKY:0.6046511627906976	IDSDLQTA:0.23255813953488372	SFTHDGMD:0.23255813953488372	DSDLQTAP:0.23255813953488372	MSSKIANG:0.37209302325581395	NGIRRSFT:0.2558139534883721	KFGVWNRL:0.20930232558139536	RSFTHDGM:0.23255813953488372	FVKNMSSK:0.3023255813953488	ANGIRRSF:0.2558139534883721	PAMILLQN:0.4186046511627907	SSKIANGI:0.3488372093023256	NMSSKIAN:0.32558139534883723	IANGIRRS:0.2558139534883721	AGEAKFGV:0.20930232558139536	KIANGIRR:0.3488372093023256	VKNMSSKI:0.3023255813953488	SKIANGIR:0.3488372093023256	KNMSSKIA:0.32558139534883723	IRRSFTHD:0.23255813953488372	AMILLQNG:0.4186046511627907	GIRRSFTH:0.23255813953488372	RRSFTHDG:0.23255813953488372	CPLKIIKT:0.20930232558139536	GCPLKIIK:0.27906976744186046	TIIVPVYN:0.27906976744186046	AIKAGFDH:0.27906976744186046	IIVPVYNE:0.27906976744186046	MILLQNGK:0.27906976744186046	VQHFPRIA:0.20930232558139536	QHFPRIAG:0.20930232558139536	NRGLSAAI:0.20930232558139536	RGLSAAIK:0.20930232558139536	RIPMFKGL:0.4418604651162791	AKRIPMFK:0.32558139534883723	KRIPMFKG:0.32558139534883723	YDLVTGVR:0.3953488372093023	NGIRRAFT:0.23255813953488372	IANGIRRA:0.23255813953488372	ANGIRRAF:0.23255813953488372	VTGVRADR:0.20930232558139536	LVTGVRAD:0.20930232558139536	DSDLQTSP:0.20930232558139536	KVLFVNDG:0.20930232558139536	ILLQNGKI:0.20930232558139536	CGLSAAIK:0.20930232558139536	NCGLSAAI:0.23255813953488372	
