cluster number:1046
GT2:21	GT2:21
FLDADDVW:0.2857142857142857	ISNYNYAR:0.23809523809523808	IISNYNYA:0.23809523809523808	SNYNYARY:0.2857142857142857	SVIISNYN:0.23809523809523808	IIAFLDAD:0.38095238095238093	AFLDADDV:0.2857142857142857	NYNYARYL:0.3333333333333333	DADDVWKP:0.2857142857142857	VIISNYNY:0.23809523809523808	LDADDVWK:0.23809523809523808	IAFLDADD:0.47619047619047616	IFQANQGQ:0.23809523809523808	FQANQGQG:0.23809523809523808	AFLDADDI:0.2857142857142857	VDDGSTDN:0.38095238095238093	DDGSTDNS:0.38095238095238093	FLDADDIW:0.2857142857142857	GEIIAFLD:0.23809523809523808	NQGQGGAF:0.23809523809523808	DGCIIYCT:0.23809523809523808	WADGCIIY:0.23809523809523808	RIHGANNH:0.23809523809523808	YRIHGANN:0.23809523809523808	QGQGGAFN:0.23809523809523808	EIIAFLDA:0.23809523809523808	ISRLILGW:0.23809523809523808	DGSTDNSR:0.2857142857142857	STDNSRDV:0.23809523809523808	GSTDNSRD:0.23809523809523808	TDNSRDVI:0.23809523809523808	
