cluster number:1186
GT2:11	GT2:11
YITGLDDD:0.2727272727272727	VSIYIPTH:0.36363636363636365	PAWQDYDA:0.2727272727272727	QVLVCNDG:0.2727272727272727	TYKNFQVL:0.2727272727272727	EEGRISNS:0.2727272727272727	SIYIPTHN:0.36363636363636365	FQVLVCND:0.2727272727272727	LDDDDEFL:0.36363636363636365	ITGLDDDD:0.7272727272727273	DDDDEFLP:0.36363636363636365	LINIADGE:0.2727272727272727	GEYITGLD:0.2727272727272727	AWQDYDAW:0.2727272727272727	QTYKNFQV:0.2727272727272727	TGLDDDDE:0.8181818181818182	IYIPTHNR:0.36363636363636365	GLDDDDEF:0.8181818181818182	DDDEFLPS:0.2727272727272727	DDEFLPSR:0.2727272727272727	KNFQVLVC:0.2727272727272727	NFQVLVCN:0.2727272727272727	EYITGLDD:0.2727272727272727	NIVGNQVF:0.2727272727272727	VLVCNDGS:0.2727272727272727	DHEEGRIS:0.2727272727272727	YKNFQVLV:0.2727272727272727	DEFLPSRL:0.2727272727272727	HEEGRISN:0.2727272727272727	YIPTHNRP:0.36363636363636365	ETFPAWQD:0.2727272727272727	GFDETFPA:0.2727272727272727	FPAWQDYD:0.2727272727272727	SVYIPTHN:0.45454545454545453	FITGLDDD:0.45454545454545453	VYIPTHNR:0.45454545454545453	FDETFPAW:0.2727272727272727	DETFPAWQ:0.2727272727272727	TFPAWQDY:0.2727272727272727	GEFITGLD:0.2727272727272727	EFITGLDD:0.2727272727272727	GGFDETFP:0.2727272727272727	NVIGNQVF:0.2727272727272727	ICDDGSTD:0.2727272727272727	LDDDDEFT:0.45454545454545453	VTGLDDDD:0.2727272727272727	VESVLRQT:0.2727272727272727	VSVYIPTH:0.36363636363636365	YIPTHNRA:0.2727272727272727	LICDDGST:0.2727272727272727	EILICDDG:0.2727272727272727	DDDDEFTP:0.36363636363636365	AVESVLRQ:0.2727272727272727	VIGNQVFA:0.2727272727272727	ILICDDGS:0.2727272727272727	LVSVYIPT:0.2727272727272727	
