cluster number:1690
GT2:27	GT2:27|GT0:12|GT83:2
IIVVDDGS:0.3333333333333333	EIIVVDDG:0.3333333333333333	SGFFAFRR:0.2962962962962963	KILLELLM:0.37037037037037035	LGLLGIAA:0.2222222222222222	NDATSGFF:0.25925925925925924	DDGSTDGT:0.37037037037037035	NYLGSAFY:0.2962962962962963	DADLSHPP:0.4444444444444444	KYTLGLLG:0.2222222222222222	ALARNLYD:0.25925925925925924	MVAWLIWL:0.2962962962962963	HPPMVAWL:0.4074074074074074	FGVRIGAF:0.2222222222222222	CDVNDATS:0.2222222222222222	AWAATLYY:0.2962962962962963	GSAFYVFP:0.2962962962962963	PDLTASIL:0.25925925925925924	LYYMERAL:0.3333333333333333	VNYLGSAF:0.2222222222222222	QLIPDEAY:0.37037037037037035	DEAYYWQY:0.25925925925925924	EFGVRIGA:0.4444444444444444	VMDADLSH:0.48148148148148145	LGSAFYVF:0.2962962962962963	WAATLYYM:0.4074074074074074	YLGSAFYV:0.2962962962962963	VNDATSGF:0.2222222222222222	AYYWQYAQ:0.2222222222222222	EAYYWQYA:0.2222222222222222	TSGFFAFR:0.3333333333333333	GLLGIAAL:0.2962962962962963	LARNLYDK:0.25925925925925924	PPMVAWLI:0.4074074074074074	DVNDATSG:0.2222222222222222	PMVAWLIW:0.4074074074074074	GYKILLEL:0.3333333333333333	ATLYYMER:0.4074074074074074	YKILLELL:0.3333333333333333	VAWLIWLG:0.37037037037037035	TLYYMERA:0.3333333333333333	LITLAGGT:0.25925925925925924	NEFGVRIG:0.37037037037037035	AQLIPDEA:0.2962962962962963	DHPPMVAW:0.4444444444444444	AAWAATLY:0.2962962962962963	VDDGSTDG:0.37037037037037035	DATSGFFA:0.2962962962962963	YYWQYAQH:0.2222222222222222	LSKYTLGL:0.2222222222222222	AATLYYME:0.4074074074074074	SKYTLGLL:0.2222222222222222	PDEAYYWQ:0.25925925925925924	LIPDEAYY:0.37037037037037035	FFAFRREL:0.2222222222222222	IPDEAYYW:0.37037037037037035	MDADLSHP:0.4444444444444444	AWLIWLGT:0.37037037037037035	ATSGFFAF:0.2962962962962963	VIFVDDGS:0.25925925925925924	ADLSHPPE:0.4444444444444444	YYWNYAQH:0.2962962962962963	LHYVVLGI:0.25925925925925924	LDHPPMVA:0.2222222222222222	YVVLGIPG:0.25925925925925924	YALARNLY:0.2222222222222222	FEVIFVDD:0.2222222222222222	AYYWNYAQ:0.25925925925925924	SFEVIFVD:0.2222222222222222	ILLELLMA:0.25925925925925924	MGYLYALA:0.2222222222222222	GSFEVIFV:0.2222222222222222	WLIWLGTA:0.25925925925925924	HYVVLGIP:0.25925925925925924	EAYYWNYA:0.25925925925925924	EVIFVDDG:0.25925925925925924	EHYFWRET:0.2222222222222222	FGRFLTVG:0.2222222222222222	GLGLLSKY:0.25925925925925924	DIRSRNMF:0.2222222222222222	DVIVVMDA:0.2222222222222222	IVVMDADL:0.2222222222222222	QFGRFLTV:0.2222222222222222	THGTSKLS:0.2222222222222222	CGLITMGY:0.2222222222222222	IRSRNMFG:0.2222222222222222	AQHMDLSF:0.2962962962962963	RTHGTSKL:0.2222222222222222	AFGLGLLS:0.2222222222222222	TMGYLYAL:0.2222222222222222	FGLGLLSK:0.2222222222222222	VVMDADLS:0.3333333333333333	FEIIVVDD:0.25925925925925924	YAQHMDLS:0.2962962962962963	DRTHGTSK:0.2222222222222222	LALLLFSP:0.2222222222222222	VIVVMDAD:0.2222222222222222	VVDDGSTD:0.2962962962962963	IVVDDGST:0.25925925925925924	LMTPDAPL:0.25925925925925924	
