cluster number:1380
GT2:21	GT2:21
VIIVDDGS:0.5238095238095238	IVDDGSTD:0.7142857142857143	VDDGSTDG:0.6666666666666666	SVIIPVYN:0.23809523809523808	IIVDDGST:0.7142857142857143	DEEFTPRL:0.42857142857142855	RRVRAGSI:0.3333333333333333	HEDEEFTP:0.42857142857142855	EFTPRLFF:0.23809523809523808	VRAGSIMQ:0.3333333333333333	KRRVRAGS:0.3333333333333333	IIHEDEEF:0.42857142857142855	RVRAGSIM:0.3333333333333333	EEFTPRLF:0.42857142857142855	FKRRVRAG:0.3333333333333333	EDEEFTPR:0.42857142857142855	YYFDSDDV:0.23809523809523808	IHEDEEFT:0.42857142857142855	SVVIPVYN:0.23809523809523808	PIIHEDEE:0.2857142857142857	DGSTDGSG:0.47619047619047616	DDGSTDGS:0.6190476190476191	FAFSAESF:0.2857142857142857	IYYFDSDD:0.2857142857142857	EVIIVDDG:0.42857142857142855	FEVIIVDD:0.2857142857142857	AIDSVINQ:0.23809523809523808	PNAWLYIF:0.23809523809523808	GSTDGSGD:0.23809523809523808	
