cluster number:1521
GT2:99	GT2:99
YALTLGIK:0.6363636363636364	ALTLGIKA:0.43434343434343436	KKYALTLG:0.6767676767676768	KYALTLGI:0.6464646464646465	GVGRNLAY:0.6060606060606061	MGVGRNLA:0.6060606060606061	CAKNEAEN:0.21212121212121213	VSVIVCAK:0.20202020202020202	PYMGVGRN:0.6060606060606061	VIVCAKNE:0.24242424242424243	SVIVCAKN:0.25252525252525254	RFETLLTA:0.2222222222222222	LNKLIRFE:0.2222222222222222	KLIRFETL:0.2222222222222222	VGRNLAYT:0.2828282828282828	YMGVGRNL:0.6262626262626263	NKLIRFET:0.2727272727272727	SGDDDLFV:0.2727272727272727	GDDDLFVN:0.35353535353535354	RSGDDDLF:0.35353535353535354	LTAIQYFS:0.21212121212121213	NKKYALTL:0.5757575757575758	VGRNLAYK:0.23232323232323232	IVLGYGAY:0.29292929292929293	YLLFTDAD:0.2222222222222222	WGNKKYAL:0.41414141414141414	LLFTDADC:0.43434343434343436	GNKKYALT:0.41414141414141414	FWGNKKYA:0.41414141414141414	AFWGNKKY:0.30303030303030304	SGDDDLFI:0.40404040404040403	GDDDLFIN:0.36363636363636365	EAFWGNKK:0.3939393939393939	KTIVLGYG:0.21212121212121213	NEAFWGNK:0.26262626262626265	TLGIKAAK:0.21212121212121213	LTLGIKAA:0.36363636363636365	NNEAFWGN:0.24242424242424243	SVIICAKN:0.24242424242424243	QKRRHIST:0.25252525252525254	VIICAKNE:0.24242424242424243	KRRHISTA:0.25252525252525254	
