cluster number:1359
GT2:13	GT2:13
RLTHFDSV:0.38461538461538464	NRGKGAAL:0.38461538461538464	THFDSVRD:0.38461538461538464	LTHFDSVR:0.38461538461538464	SNRISNFF:0.3076923076923077	SVRDPARI:0.38461538461538464	FDSVRDPA:0.38461538461538464	GAALRTGM:0.38461538461538464	RDDGYAFE:0.23076923076923078	LVLGIRDL:0.3076923076923077	DGYAFEAE:0.23076923076923078	AALRTGME:0.38461538461538464	ADTQCGLR:0.3076923076923077	GYAFEAEI:0.3076923076923077	HFDSVRDP:0.38461538461538464	RGKGAALR:0.38461538461538464	TQCGLRRY:0.46153846153846156	KGAALRTG:0.46153846153846156	ALVLGIRD:0.3076923076923077	IDADGQHP:0.46153846153846156	VTIDADGQ:0.46153846153846156	ERLTHFDS:0.38461538461538464	CGLRRYPL:0.38461538461538464	NRISNFFL:0.3076923076923077	TIDADGQH:0.6153846153846154	VVTIDADG:0.23076923076923078	DSVRDPAR:0.38461538461538464	DDGYAFEA:0.23076923076923078	RISNFFLS:0.3076923076923077	GKGAALRT:0.5384615384615384	DTQCGLRR:0.46153846153846156	QCGLRRYP:0.46153846153846156	AGAPRANQ:0.3076923076923077	QISNRISN:0.23076923076923078	ADGQHPPE:0.23076923076923078	DRTAERAR:0.23076923076923078	DGSSDRTA:0.3076923076923077	ICAIIPAY:0.23076923076923078	FAGRPFAD:0.23076923076923078	AERNVGDV:0.23076923076923078	TGMEFALA:0.23076923076923078	VDDGSSDR:0.38461538461538464	ANQISNRI:0.23076923076923078	FADTQCGL:0.23076923076923078	VVDDGSSD:0.38461538461538464	EAEILLRA:0.23076923076923078	FFLSLFAG:0.3076923076923077	ISNRISNF:0.23076923076923078	TRGLRHVP:0.23076923076923078	NFFLSLFA:0.23076923076923078	RTGMEFAL:0.23076923076923078	AFEAEILL:0.23076923076923078	VRDPARIV:0.23076923076923078	PFADTQCG:0.23076923076923078	EILLRAVA:0.23076923076923078	FLSLFAGR:0.3076923076923077	YAFEAEIL:0.23076923076923078	LALTRGLR:0.3076923076923077	AGRPFADT:0.23076923076923078	RICAIIPA:0.23076923076923078	GSSDRTAE:0.3076923076923077	ISNFFLSL:0.23076923076923078	FEAEILLR:0.23076923076923078	RPFADTQC:0.23076923076923078	RGLRHVPA:0.23076923076923078	TAERARAA:0.23076923076923078	DPEALVLG:0.3076923076923077	RANQISNR:0.23076923076923078	LTRGLRHV:0.23076923076923078	ERNVGDVT:0.23076923076923078	PIRVIYPP:0.23076923076923078	LSLFAGRP:0.23076923076923078	ALTRGLRH:0.23076923076923078	RTAERARA:0.23076923076923078	GLRRYPLR:0.3076923076923077	ERARAAGA:0.23076923076923078	ILLRAVAA:0.23076923076923078	GQHPPEEA:0.23076923076923078	ALRTGMEF:0.23076923076923078	ATLALTRG:0.23076923076923078	GAPRANQI:0.3076923076923077	DGQHPPEE:0.23076923076923078	AERARAAG:0.23076923076923078	VVATLALT:0.23076923076923078	DDGSSDRT:0.38461538461538464	SLFAGRPF:0.23076923076923078	IRVIYPPE:0.23076923076923078	GRPFADTQ:0.23076923076923078	LLRAVAAG:0.23076923076923078	LRTGMEFA:0.23076923076923078	TLALTRGL:0.3076923076923077	MRICAIIP:0.23076923076923078	RNVGDVTR:0.23076923076923078	LFAGRPFA:0.23076923076923078	APRANQIS:0.3076923076923077	PRANQISN:0.3076923076923077	SSDRTAER:0.23076923076923078	NQISNRIS:0.23076923076923078	VATLALTR:0.23076923076923078	RVVATLAL:0.23076923076923078	AEILLRAV:0.23076923076923078	DADGQHPP:0.3076923076923077	SNFFLSLF:0.23076923076923078	SDRTAERA:0.23076923076923078	ARAAGATV:0.23076923076923078	EALVLGIR:0.23076923076923078	RAAGATVL:0.23076923076923078	PEALVLGI:0.23076923076923078	
