cluster number:1922
GT2:6	GT2:6
GMNSSTWT:0.8333333333333334	KNHKLWKL:0.5	PAAASWNG:0.5	YGGLDREL:1.0	HKLWKLSS:0.3333333333333333	ITPAAASW:0.5	QPKNHKLW:0.5	IGVVITTY:1.0	WHEDDGFR:0.5	LIAVNGFN:0.5	TMPVSEAI:0.3333333333333333	AVNGFNED:0.5	IFTDGDCI:0.6666666666666666	SPLWLSKV:0.3333333333333333	AAASWNGM:0.5	TDGDCIPE:0.6666666666666666	RAIRKAVK:0.5	DCIPEPDF:0.5	NGMNSSTW:0.8333333333333334	FLSGGYIK:0.8333333333333334	LSGGYIKL:0.8333333333333334	DGFRKCQI:0.5	KDLIAVNG:0.5	NSSTWTKD:0.5	VIIADDGS:0.5	NRAIRKAV:0.5	VVITTYNS:0.6666666666666666	NEDMQYGG:0.8333333333333334	GGYIKLTM:0.6666666666666666	GYIKLTMP:0.6666666666666666	WNGMNSST:0.8333333333333334	SGGYIKLT:0.8333333333333334	FRVIIADD:0.5	TTYNSPLW:0.5	ELGERLWN:0.8333333333333334	YNSPLWLS:0.3333333333333333	ECDYLIFT:0.3333333333333333	LGERLWNY:0.5	IRYSTVCL:0.6666666666666666	GYSKPEIW:0.5	LDRELGER:1.0	WLSKVLTG:0.3333333333333333	CIPEPDFI:0.3333333333333333	VITTYNSP:0.5	TECDYLIF:0.3333333333333333	PKNHKLWK:0.5	QIRYSTVC:0.6666666666666666	YSTVCLHL:0.6666666666666666	HLDHARGY:0.6666666666666666	NGFNEDMQ:0.8333333333333334	GERLWNYG:0.5	EDDGFRKC:0.5	HARGYSKP:0.5	LDHARGYS:0.5	AASWNGMN:0.5	HGQPKNHK:0.3333333333333333	RGYSKPEI:0.5	TVCLHLDH:0.6666666666666666	VWHEDDGF:0.5	LTMPVSEA:0.3333333333333333	RYSTVCLH:0.6666666666666666	HEDDGFRK:0.5	TFWAENGI:0.3333333333333333	VCLHLDHA:0.6666666666666666	DYLIFTDG:0.8333333333333334	LNKAIRET:0.3333333333333333	GVVITTYN:1.0	QILNKAIR:0.3333333333333333	CDYLIFTD:0.8333333333333334	DRELGERL:1.0	YSKPEIWA:0.5	DLIAVNGF:0.5	DDGFRKCQ:0.5	GDCIPEPD:0.5	SSTWTKDL:0.5	IAVNGFNE:0.5	MNSSTWTK:0.5	ITTYNSPL:0.5	GLDRELGE:1.0	SWNGMNSS:0.6666666666666666	KCQILNKA:0.8333333333333334	FNEDMQYG:0.8333333333333334	FTDGDCIP:0.8333333333333334	EDMQYGGL:0.8333333333333334	SIGVVITT:0.5	IRKAVKDN:0.5	DGDCIPEP:0.6666666666666666	IKLTMPVS:0.6666666666666666	FRKCQILN:0.6666666666666666	HVWHEDDG:0.5	MQYGGLDR:1.0	DMQYGGLD:0.8333333333333334	RLWNYGHK:0.3333333333333333	ARGYSKPE:0.5	KLWKLSSS:0.3333333333333333	ILNKAIRE:0.3333333333333333	DHVWHEDD:0.5	LHLDHARG:0.6666666666666666	TKDLIAVN:0.5	STWTKDLI:0.5	NSPLWLSK:0.3333333333333333	CLHLDHAR:0.6666666666666666	RVIIADDG:0.5	SKVLTGYE:0.3333333333333333	VNGFNEDM:0.5	TYNSPLWL:0.5	GGLDRELG:1.0	RKCQILNK:0.6666666666666666	PLWLSKVL:0.3333333333333333	WTKDLIAV:0.5	KLTMPVSE:0.5	GFRKCQIL:0.6666666666666666	GQPKNHKL:0.5	ASWNGMNS:0.5	YLIFTDGD:0.8333333333333334	LWLSKVLT:0.3333333333333333	AIRKAVKD:0.5	ERLWNYGH:0.5	YIKLTMPV:0.6666666666666666	IDHVWHED:0.5	TWTKDLIA:0.5	LIFTDGDC:0.8333333333333334	TPAAASWN:0.5	GFNEDMQY:0.8333333333333334	LWNYGHKS:0.3333333333333333	NHKLWKLS:0.5	CQILNKAI:0.8333333333333334	STVCLHLD:0.6666666666666666	RELGERLW:0.8333333333333334	DHARGYSK:0.5	QYGGLDRE:1.0	LSKVLTGY:0.3333333333333333	SKQIRYST:0.3333333333333333	VIVADDGS:0.3333333333333333	DDDIRSGV:0.3333333333333333	WAKNRAIR:0.3333333333333333	ISDDDIRS:0.3333333333333333	PQSIGVVI:0.3333333333333333	AKNRAIRK:0.3333333333333333	DDIRSGVI:0.3333333333333333	KPEIWAKN:0.5	SKPEIWAK:0.3333333333333333	KNRAIRKA:0.3333333333333333	KAVKDNRT:0.3333333333333333	QSIGVVIT:0.3333333333333333	VKDNRTFW:0.3333333333333333	AVKDNRTF:0.3333333333333333	EIWAKNRA:0.3333333333333333	SDDDIRSG:0.3333333333333333	KDNRTFWA:0.3333333333333333	PEIWAKNR:0.3333333333333333	RKAVKDNR:0.3333333333333333	IWAKNRAI:0.3333333333333333	DIRSGVIF:0.3333333333333333	KVLTGYEN:0.3333333333333333	VLTGYENQ:0.3333333333333333	SRQIRYST:0.3333333333333333	LTGYENQS:0.3333333333333333	TDCDYLIF:0.3333333333333333	ETDCDYLI:0.3333333333333333	DCDYLIFT:0.3333333333333333	RQIRYSTV:0.3333333333333333	DFRVIIAD:0.3333333333333333	QILNKAIA:0.3333333333333333	PTKATWNG:0.3333333333333333	TPTKATWN:0.3333333333333333	
