cluster number:1973
GT2:6	GT2:6
IAEGQYIA:0.5	KIEWMRQS:0.5	RLDADDIA:0.6666666666666666	NEQLTKSL:0.5	EQLTKSLN:0.5	SILNQTFS:0.6666666666666666	RQSIDSIL:0.6666666666666666	NQLLTSEY:0.5	IHNEQLTK:0.5	NEKIEWMR:0.5	IARLDADD:0.6666666666666666	IMAIYNEK:0.3333333333333333	AIYNEKIE:0.5	HNEQLTKS:0.5	YFEGKCLF:0.5	IEWMRQSI:0.5	DSILNQTF:0.6666666666666666	KGLKIAEG:0.5	GLKIAEGQ:0.5	LNQTFSDF:0.3333333333333333	NQTFSDFE:0.3333333333333333	DFEFIIIN:0.3333333333333333	ALPKRFEK:0.6666666666666666	EKIEWMRQ:0.5	QVYFEGKC:0.5	LPKRFEKQ:0.6666666666666666	TKSLNKGL:0.6666666666666666	YNEKIEWM:0.5	PKRFEKQV:0.6666666666666666	KSLNKGLK:0.6666666666666666	IIINDNPQ:0.6666666666666666	DDIALPKR:0.6666666666666666	LTKSLNKG:0.6666666666666666	ADDIALPK:0.6666666666666666	QSIDSILN:0.8333333333333334	FEFIIIND:0.6666666666666666	SLNKGLKI:0.6666666666666666	ARLDADDI:0.6666666666666666	QYIARLDA:0.5	FEGKCLFI:0.5	EKQVYFEG:0.5	TFSDFEFI:0.3333333333333333	DADDIALP:0.8333333333333334	NKGLKIAE:0.5	FIIINDNP:0.6666666666666666	QTFSDFEF:0.3333333333333333	RFEKQVYF:0.5	YIARLDAD:0.6666666666666666	KIAEGQYI:0.5	EWMRQSID:0.5	FSDFEFII:0.3333333333333333	SDFEFIII:0.3333333333333333	MAIYNEKI:0.3333333333333333	IDSILNQT:0.8333333333333334	AEGQYIAR:0.5	SIDSILNQ:0.8333333333333334	LKIAEGQY:0.5	VYFEGKCL:0.5	ILNQTFSD:0.3333333333333333	LNKGLKIA:0.6666666666666666	FEKQVYFE:0.5	DIALPKRF:0.6666666666666666	DNQLLTSE:0.5	EGQYIARL:0.5	KQVYFEGK:0.5	IYNEKIEW:0.5	GQYIARLD:0.5	WMRQSIDS:0.5	QLTKSLNK:0.5	EFIIINDN:0.6666666666666666	MRQSIDSI:0.6666666666666666	IALPKRFE:0.6666666666666666	KRFEKQVY:0.5	LDADDIAL:0.6666666666666666	RIKIIHNE:0.3333333333333333	IINDNPQR:0.5	EYAKKDKR:0.3333333333333333	IKIIHNEQ:0.3333333333333333	SNFEFIII:0.3333333333333333	NFEFIIIN:0.3333333333333333	QTFSNFEF:0.3333333333333333	NQTFSNFE:0.3333333333333333	KRIKIIHN:0.3333333333333333	DKRIKIIH:0.3333333333333333	QRKDNQLL:0.3333333333333333	KDKRIKII:0.3333333333333333	ILNQTFSN:0.3333333333333333	YAKKDKRI:0.3333333333333333	RKDNQLLT:0.3333333333333333	TFSNFEFI:0.3333333333333333	KKDKRIKI:0.3333333333333333	SEYAKKDK:0.3333333333333333	INDNPQRK:0.5	DNPQRKDN:0.5	PQRKDNQL:0.3333333333333333	NPQRKDNQ:0.5	NDNPQRKD:0.5	KDNQLLTS:0.3333333333333333	FSNFEFII:0.3333333333333333	LNQTFSNF:0.3333333333333333	KIIHNEQL:0.3333333333333333	AKKDKRIK:0.3333333333333333	IIHNEQLT:0.3333333333333333	
