cluster number:1659
GT2:102	GT2:102
GGFDERFT:0.5196078431372549	TDDDTIPD:0.3235294117647059	FTDDDTIP:0.38235294117647056	LIAFTDDD:0.38235294117647056	AWREDSDL:0.45098039215686275	QGPAGARN:0.4803921568627451	TQGPAGAR:0.4803921568627451	DDDTIPDP:0.27450980392156865	PAGARNAG:0.29411764705882354	WREDSDLQ:0.22549019607843138	IAFTDDDT:0.6764705882352942	VVHPVRPA:0.24509803921568626	AFTDDDTI:0.5196078431372549	AGARNAGW:0.28431372549019607	GPAGARNA:0.29411764705882354	VHPVRPAR:0.4117647058823529	REDSDLQF:0.22549019607843138	PTDYERDA:0.46078431372549017	TANCFVRR:0.5196078431372549	TSIAIPPV:0.3431372549019608	REDADLMF:0.37254901960784315	IPPVSLYW:0.38235294117647056	FDERFTRA:0.39215686274509803	FTRAWRED:0.4019607843137255	EFATANCF:0.4117647058823529	TRAWREDA:0.37254901960784315	VGGFDERF:0.3627450980392157	IAIPPVSL:0.3431372549019608	VVSVVVPT:0.2647058823529412	FATANCFV:0.4117647058823529	PPVSLYWR:0.38235294117647056	EDADLMFA:0.35294117647058826	ERFTRAWR:0.38235294117647056	AIPPVSLY:0.35294117647058826	FDALLYKK:0.5392156862745098	ATANCFVR:0.4117647058823529	RFTRAWRE:0.38235294117647056	AWREDADL:0.38235294117647056	RAWREDAD:0.38235294117647056	DADLMFAL:0.35294117647058826	SIAIPPVS:0.3431372549019608	GFDERFTR:0.39215686274509803	DERFTRAW:0.39215686274509803	WREDADLM:0.37254901960784315	AEFATANC:0.4117647058823529	VVVPTYRR:0.4117647058823529	VVPTYRRP:0.4803921568627451	SVVVPTYR:0.4019607843137255	KVYFDALL:0.28431372549019607	VYFDALLY:0.2647058823529412	YFDALLYK:0.2647058823529412	DALLYKKH:0.5098039215686274	LYWRLRGA:0.21568627450980393	TPSHVAEM:0.28431372549019607	ANCFVRRA:0.38235294117647056	AGRIDVPL:0.20588235294117646	RPDLLERC:0.29411764705882354	YRRPDLLE:0.27450980392156865	PVRPARWG:0.46078431372549017	NCFVRRAA:0.3431372549019608	AALERVGG:0.24509803921568626	ERVGGFDE:0.24509803921568626	AGARNVGW:0.20588235294117646	PRPTDYER:0.21568627450980393	MIVTSIAI:0.28431372549019607	VTSIAIPP:0.30392156862745096	DTQGPAGA:0.22549019607843138	RGALHFRV:0.30392156862745096	SHVAEMIV:0.27450980392156865	QSKVYFDA:0.2549019607843137	TDYERDAA:0.24509803921568626	GLAHAEFA:0.3333333333333333	SKVYFDAL:0.2549019607843137	TYRRPDLL:0.3137254901960784	HPVRPARW:0.46078431372549017	PDLLERCL:0.29411764705882354	GPAGARNV:0.20588235294117646	AHAEFATA:0.3333333333333333	TYRRHIRP:0.21568627450980393	RRAALERV:0.24509803921568626	VAEMIVTS:0.27450980392156865	ERDAAGLA:0.24509803921568626	LLERCLDA:0.21568627450980393	CFVRRAAL:0.3431372549019608	GARNVGWR:0.20588235294117646	YERDAAGL:0.23529411764705882	EMIVTSIA:0.28431372549019607	LERVGGFD:0.24509803921568626	YEIVVVDD:0.30392156862745096	IVTSIAIP:0.28431372549019607	DLLERCLD:0.21568627450980393	VPTYRRPD:0.3431372549019608	RRPDLLER:0.29411764705882354	ALLYKKHR:0.3333333333333333	VRRAALER:0.3235294117647059	PAGARNVG:0.20588235294117646	ALERVGGF:0.24509803921568626	FVRRAALE:0.3333333333333333	PTYRRPDL:0.3235294117647059	ADLMFALR:0.3333333333333333	RPTDYERD:0.23529411764705882	PVVSVVVP:0.22549019607843138	DYERDAAG:0.23529411764705882	LAHAEFAT:0.3333333333333333	RVGGFDER:0.2549019607843137	PSHVAEMI:0.2549019607843137	AEMIVTSI:0.28431372549019607	GRIDVPLR:0.20588235294117646	LTPSHVAE:0.20588235294117646	IVHPVRPA:0.29411764705882354	DLMFALRE:0.29411764705882354	HVAEMIVT:0.27450980392156865	EIVVVDDD:0.28431372549019607	HAEFATAN:0.3333333333333333	RAALERVG:0.24509803921568626	RIVHPVRP:0.20588235294117646	LERCLDAL:0.21568627450980393	LMFALREH:0.20588235294117646	VSVVVPTY:0.3431372549019608	ARIVHPVR:0.20588235294117646	ERCLDALC:0.21568627450980393	RPARWGVS:0.22549019607843138	VRPARWGV:0.23529411764705882	TYEIVVVD:0.21568627450980393	
