cluster number:2520
GT2:30	GT2:30
GGFSAGMR:0.2	FIWFDDAE:0.23333333333333334	VGGAGGFS:0.2	SFVSVLIP:0.36666666666666664	CSFVSVLI:0.26666666666666666	VTFNRLEK:0.23333333333333334	FVSVLIPR:0.36666666666666664	VWIFDDDG:0.2	GYELGADF:0.23333333333333334	VVVTFNRL:0.3333333333333333	ELGADFVW:0.2	TFNRLEKL:0.23333333333333334	VLIPRWVM:0.2	YFIWFDDA:0.26666666666666666	VSVLIPRW:0.36666666666666664	GLPYKEYF:0.2	VVTFNRLE:0.2	EYFIWFDD:0.5333333333333333	GAGGFSAG:0.4	GGAGGFSA:0.4	SVLIPRWV:0.26666666666666666	AGGFSAGM:0.3333333333333333	IPRWVMEA:0.2	WFDDAEYT:0.23333333333333334	YKEYFIWF:0.2	WIFDDDGY:0.23333333333333334	LGADFVWI:0.23333333333333334	PYKEYFIW:0.2	IWFDDAEY:0.23333333333333334	KEYFIWFD:0.26666666666666666	IFDDDGYP:0.23333333333333334	VAAVVVTF:0.23333333333333334	NVGGAGGF:0.2	YELGADFV:0.2	LIPRWVME:0.2	LPYKEYFI:0.2	ENVGGAGG:0.2	AVVVTFNR:0.26666666666666666	FNRLEKLK:0.23333333333333334	PTWDWGRL:0.23333333333333334	AAVVVTFN:0.23333333333333334	VWIMDDDC:0.26666666666666666	NTGGAGGF:0.36666666666666664	NASTDGTA:0.4666666666666667	TTWDWGRL:0.23333333333333334	WIMDDDCY:0.26666666666666666	SVVVHDMG:0.26666666666666666	AVVVTYNR:0.2	ASTDGTAE:0.3	IMDDDCYP:0.2	VDNASTDG:0.4	DNASTDGT:0.6333333333333333	CPGVQVLD:0.26666666666666666	DSVVVHDM:0.23333333333333334	LDSVVVHD:0.23333333333333334	PGVQVLDS:0.26666666666666666	GVQVLDSV:0.26666666666666666	VLDSVVVH:0.23333333333333334	QVLDSVVV:0.23333333333333334	VQVLDSVV:0.23333333333333334	IVDNASTD:0.26666666666666666	ICEMNNPV:0.2	IDNASTDG:0.23333333333333334	DGSICEMN:0.2	SICEMNNP:0.2	GSICEMNN:0.2	VIDNASTD:0.23333333333333334	STDGTAEY:0.23333333333333334	TDGTAEYL:0.23333333333333334	
