cluster number:872
GT2:147	GT2:147
GFEPEVTA:0.2857142857142857	ADVVYGSR:0.35374149659863946	HRILFFWH:0.24489795918367346	FEPEVTAK:0.2789115646258503	DMETCYKL:0.24489795918367346	NLNLTDME:0.42857142857142855	PHRILFFW:0.20408163265306123	DVVYGSRF:0.3673469387755102	IIQDADLE:0.2925170068027211	TDMETCYK:0.7619047619047619	FGFEPEVT:0.35374149659863946	IYEVGISY:0.38095238095238093	RFGFEPEV:0.35374149659863946	YEVGISYY:0.3877551020408163	LTDMETCY:0.7414965986394558	IQDADLEY:0.46258503401360546	EVGISYYG:0.4557823129251701	VGISYYGR:0.4557823129251701	QDADLEYD:0.7687074829931972	DADLEYDP:0.7755102040816326	GISYYGRT:0.46258503401360546	METCYKLF:0.20408163265306123	LNLTDMET:0.5170068027210885	RIYEVGIS:0.3469387755102041	NLTDMETC:0.6666666666666666	ISYYGRTY:0.4489795918367347	EGKKIGWK:0.3741496598639456	ENRFGFEP:0.36054421768707484	DGFRAIYC:0.2108843537414966	DMETCYKA:0.29931972789115646	GRTYAEGK:0.23809523809523808	DVVFGSRF:0.3945578231292517	TYAEGKKI:0.23129251700680273	RTYAEGKK:0.23129251700680273	VIVQDADL:0.20408163265306123	EPEITAKV:0.23809523809523808	GKKIGWKD:0.40816326530612246	ETCYKAFR:0.2585034013605442	KKIGWKDG:0.4013605442176871	FEPEITAK:0.3741496598639456	KGAALRTG:0.32653061224489793	VQDADLEY:0.3945578231292517	METCYKAF:0.272108843537415	FGFEPEIT:0.38095238095238093	GFRAIYCI:0.2108843537414966	NRFGFEPE:0.41496598639455784	GFEPEITA:0.3673469387755102	RFGFEPEI:0.3945578231292517	ADVVFGSR:0.40816326530612246	GAALRTGF:0.2789115646258503	GKGAALRT:0.3401360544217687	IVQDADLE:0.3129251700680272	TYEEGKKI:0.2789115646258503	RTYEEGKK:0.2789115646258503	GRTYEEGK:0.2789115646258503	YEEGKKIG:0.2585034013605442	EEGKKIGW:0.2108843537414966	TNLNLTDM:0.29931972789115646	NQGKGAAL:0.3673469387755102	QGKGAALR:0.2857142857142857	KIGWKDGV:0.20408163265306123	
