cluster number:2582
GT2:45	GT2:45
DADFSHDP:0.5777777777777777	RVGQSKMS:0.26666666666666666	GGFKCFRR:0.28888888888888886	VIDDNSPD:0.26666666666666666	DLVLGSRY:0.4444444444444444	SHDPRYLP:0.2	IDDNSPDG:0.26666666666666666	RRVGQSKM:0.26666666666666666	RKIISRGG:0.2	EMDADFSH:0.7111111111111111	AFQIELTY:0.3333333333333333	GFKCFRRE:0.2222222222222222	YAFQIELT:0.3333333333333333	DDNSPDGT:0.7555555555555555	DFSHDPRY:0.24444444444444444	GLGRAYLA:0.3333333333333333	DLTGGFKC:0.35555555555555557	ADLVLGSR:0.35555555555555557	DRRVGQSK:0.26666666666666666	RDLTGGFK:0.2222222222222222	EGLGRAYL:0.3111111111111111	LEMDADFS:0.28888888888888886	SRGGSLYA:0.28888888888888886	RGGSLYAR:0.26666666666666666	GYAFQIEL:0.4	QIELTYRA:0.2	FQIELTYR:0.35555555555555557	FSHDPRYL:0.2222222222222222	VLVIDDNS:0.2222222222222222	LTGGFKCF:0.35555555555555557	LVLGSRYV:0.35555555555555557	ISRGGSLY:0.28888888888888886	SRYVPGGG:0.2	GSRYVPGG:0.24444444444444444	KEGLGRAY:0.35555555555555557	LVIDDNSP:0.26666666666666666	DNSPDGTG:0.6	GGGTVNWG:0.28888888888888886	YARTILGV:0.2	ADFSHDPR:0.28888888888888886	TGGFKCFR:0.28888888888888886	MDADFSHD:0.5555555555555556	VCIPTYNE:0.2222222222222222	ILEMDADF:0.2	KKEGLGRA:0.2222222222222222	PTYNEREN:0.2	IVFEDRRV:0.2222222222222222	VDDNSPDG:0.4888888888888889	NSPDGTGQ:0.2	RVLHREKK:0.2	CIPTYNER:0.2	STGYAFQI:0.2222222222222222	TGYAFQIE:0.24444444444444444	VFEDRRVG:0.2222222222222222	PIVFEDRR:0.2222222222222222	LVCIPTYN:0.2222222222222222	TYNERENI:0.2	ALVCIPTY:0.2222222222222222	LVVDDNSP:0.35555555555555557	VVDDNSPD:0.35555555555555557	ILVVDDNS:0.2222222222222222	
