cluster number:159
GT2:84	GT2:84
HEVNKGVG:0.2261904761904762	AYNEELLI:0.2619047619047619	PYYGYCND:0.20238095238095238	DIVAVMAG:0.21428571428571427	YYGYCNDL:0.3333333333333333	PMIFRGFL:0.21428571428571427	EVNKGVGA:0.21428571428571427	LLFGMLFD:0.20238095238095238	LFDMQVEK:0.20238095238095238	APMIFRGF:0.21428571428571427	PAYNEELL:0.2619047619047619	GIPEYVDR:0.20238095238095238	MLFDMQVE:0.20238095238095238	NDLLIKLN:0.2857142857142857	GYTAISRQ:0.21428571428571427	YVDRIYVI:0.21428571428571427	CNDLLIKL:0.2857142857142857	YCNDLLIK:0.2857142857142857	TVLDFHPL:0.20238095238095238	RIGVVVPA:0.25	FGMLFDMQ:0.20238095238095238	IFRGFLWR:0.21428571428571427	GYCNDLLI:0.2857142857142857	AVMAGDNQ:0.47619047619047616	YTVLDFHP:0.20238095238095238	LDFHPLVL:0.32142857142857145	ITKIGSGY:0.2261904761904762	YGYCNDLL:0.35714285714285715	VVPAYNEE:0.5714285714285714	NGYTAISR:0.2976190476190476	LIKLNAFG:0.23809523809523808	PQNGYTAI:0.4523809523809524	AGDNQMDP:0.5	MAGDNQMD:0.5	YTAISRQA:0.21428571428571427	IPEYVDRI:0.21428571428571427	QNGYTAIS:0.4523809523809524	IGVVVPAY:0.4880952380952381	TKIGSGYW:0.4523809523809524	DLLIKLNA:0.27380952380952384	YTKGNRLL:0.32142857142857145	LLIKLNAF:0.2261904761904762	GVVVPAYN:0.4880952380952381	STDRTMEV:0.20238095238095238	VLDFHPLV:0.27380952380952384	DYTKGNRL:0.5714285714285714	KYTVLDFH:0.20238095238095238	KLNAFGMR:0.20238095238095238	MDPQNGYT:0.36904761904761907	YPYYGYCN:0.20238095238095238	VAVMAGDN:0.38095238095238093	IKLNAFGM:0.20238095238095238	FRGFLWRL:0.30952380952380953	TAISRQAL:0.21428571428571427	VMAGDNQM:0.5	HPLVLFYF:0.23809523809523808	MDIVAVMA:0.21428571428571427	PEYVDRIY:0.21428571428571427	TDRTMEVA:0.20238095238095238	IVAVMAGD:0.21428571428571427	ADYTKGNR:0.5595238095238095	DFHPLVLF:0.32142857142857145	GSTDRTME:0.20238095238095238	KVAPMIFR:0.21428571428571427	LFGMLFDM:0.20238095238095238	MIFRGFLW:0.21428571428571427	DPQNGYTA:0.4642857142857143	VVVPAYNE:0.5833333333333334	VPAYNEEL:0.25	FHPLVLFY:0.35714285714285715	LNAFGMRV:0.20238095238095238	VAPMIFRG:0.21428571428571427	IIEGKADY:0.21428571428571427	GKADYTKG:0.21428571428571427	KADYTKGN:0.23809523809523808	PIIEGKAD:0.21428571428571427	IEGKADYT:0.20238095238095238	EGKADYTK:0.20238095238095238	FAMFFDMQ:0.2261904761904762	LTKIGSGY:0.21428571428571427	GDNQMDPA:0.21428571428571427	
