cluster number:1382
GT2:7	GT2:7
IPVKNGGA:0.5714285714285714	RSVWEKLP:0.2857142857142857	FGVWETLQ:0.2857142857142857	EFGHGRTR:0.5714285714285714	AEDQTWAL:0.42857142857142855	AFAEDQTW:0.42857142857142855	APWPFEVI:0.2857142857142857	GAFGPHRA:0.2857142857142857	GYAKAFVP:0.42857142857142855	PGYRQWLH:0.2857142857142857	HDFGVWET:0.42857142857142855	PLPDVAFA:0.2857142857142857	YHSHDFGV:0.2857142857142857	DVAFAEDQ:0.2857142857142857	AGAFGPHR:0.2857142857142857	LQRNFDEA:0.42857142857142855	RLPAWLLG:0.2857142857142857	TLQRNFDE:0.42857142857142855	VLIPVKNG:0.5714285714285714	NFDEARSF:0.42857142857142855	EFLVFITQ:0.2857142857142857	GVWETLQR:0.2857142857142857	FLVFITQD:0.42857142857142855	DFGVWETL:0.2857142857142857	ETLQRNFD:0.42857142857142855	YRQWLHFF:0.42857142857142855	GHGRTRNL:0.2857142857142857	VVDSGSSD:0.2857142857142857	LHFFSSNN:0.2857142857142857	VIVVDSGS:0.2857142857142857	VYHSHDFG:0.2857142857142857	ASVLIPVK:0.5714285714285714	HSHDFGVW:0.42857142857142855	GEFLVFIT:0.2857142857142857	RASVLIPV:0.5714285714285714	LPDVAFAE:0.2857142857142857	PWPFEVIV:0.2857142857142857	AFGPHRAH:0.2857142857142857	AEFGHGRT:0.42857142857142855	RNFDEARS:0.42857142857142855	RRSVWEKL:0.2857142857142857	VAGAFGPH:0.5714285714285714	QRNFDEAR:0.42857142857142855	DPGYRQWL:0.2857142857142857	GYRQWLHF:0.42857142857142855	RQWLHFFS:0.42857142857142855	FGHGRTRN:0.7142857142857143	VWETLQRN:0.2857142857142857	FGPHRAHP:0.2857142857142857	LVFITQDA:0.42857142857142855	AGYAKAFV:0.42857142857142855	SVLIPVKN:0.5714285714285714	FAEDQTWA:0.42857142857142855	FITQDARP:0.42857142857142855	ITQDARPA:0.42857142857142855	SHDFGVWE:0.42857142857142855	VAFAEDQT:0.42857142857142855	PDVAFAED:0.2857142857142857	LIPVKNGG:0.5714285714285714	IVVDSGSS:0.2857142857142857	VDSGSSDG:0.2857142857142857	EVIVVDSG:0.2857142857142857	VFITQDAR:0.42857142857142855	WETLQRNF:0.42857142857142855	FGYDMQRS:0.2857142857142857	KNGGALLG:0.42857142857142855	SNNNSCLR:0.2857142857142857	EAGYGKAY:0.2857142857142857	AVFHSHDF:0.2857142857142857	NNNSCLRR:0.2857142857142857	RDQALQRG:0.2857142857142857	NNSCLRRS:0.42857142857142855	RTSGQFLG:0.2857142857142857	PVKNGGAL:0.42857142857142855	AAVFHSHD:0.2857142857142857	VFHSHDFG:0.2857142857142857	DVAGAFGP:0.2857142857142857	SRDQALQR:0.2857142857142857	GIELARTS:0.2857142857142857	MRASVLIP:0.2857142857142857	IELARTSG:0.2857142857142857	AYMAGIEL:0.2857142857142857	VKNGGALL:0.42857142857142855	NSCLRRSV:0.42857142857142855	AGYGKAYA:0.2857142857142857	AGAFGPHL:0.2857142857142857	SCLRRSVW:0.42857142857142855	PDVAGAFG:0.42857142857142855	FFSNNNSC:0.2857142857142857	FSNNNSCL:0.2857142857142857	LHFFSNNN:0.2857142857142857	QWLHFFSN:0.2857142857142857	YMAGIELA:0.2857142857142857	VLDAVLAQ:0.42857142857142855	AGIELART:0.2857142857142857	SAYMAGIE:0.2857142857142857	TSGQFLGT:0.2857142857142857	CLRRSVWE:0.42857142857142855	ARTSGQFL:0.2857142857142857	ELARTSGQ:0.2857142857142857	ISRDQALQ:0.2857142857142857	MAGIELAR:0.2857142857142857	WLHFFSNN:0.2857142857142857	GAFGPHLA:0.2857142857142857	HFFSNNNS:0.2857142857142857	DQALQRGR:0.2857142857142857	LARTSGQF:0.2857142857142857	YAKAFVPE:0.2857142857142857	EVLDAVLA:0.2857142857142857	GGALLGEV:0.2857142857142857	LGEVLDAV:0.2857142857142857	GEVLDAVL:0.2857142857142857	KAGYAKAF:0.2857142857142857	AKAFVPEA:0.2857142857142857	LLGEVLDA:0.2857142857142857	NGGALLGE:0.2857142857142857	AFVPEAAV:0.2857142857142857	APDVAGAF:0.2857142857142857	KAFVPEAA:0.2857142857142857	ALLGEVLD:0.2857142857142857	GALLGEVL:0.2857142857142857	
