cluster number:2106
GT2:22	GT2:22
GSVIHSEA:0.2727272727272727	MGSVIHSE:0.2727272727272727	KVSVVIPF:0.3181818181818182	LAQSYPDI:0.2727272727272727	YNCPYVDL:0.2727272727272727	QDYDLWLR:0.5	WLSADDLF:0.3181818181818182	SVIHSEAQ:0.2727272727272727	NCPYVDLA:0.2727272727272727	IPFYNCPY:0.36363636363636365	FAWLSADD:0.5454545454545454	IEEPLLDY:0.36363636363636365	VNGSTVLL:0.3181818181818182	VLAQSYPD:0.2727272727272727	YDLWLRIL:0.5454545454545454	EEPLLDYR:0.4090909090909091	IIVVDDGS:0.2727272727272727	TQDYDLWL:0.5	DYDLWLRI:0.5454545454545454	MTGCPVNG:0.22727272727272727	PFYNCPYV:0.36363636363636365	LYTQDYDL:0.5	EMGSVIHS:0.2727272727272727	VVIPFYNC:0.36363636363636365	TGCPVNGS:0.22727272727272727	WSYIEEPL:0.36363636363636365	SYIEEPLL:0.36363636363636365	GCPVNGST:0.4090909090909091	YFAWLSAD:0.5454545454545454	HTAYYYIN:0.36363636363636365	EIIVVDDG:0.2727272727272727	NHTAYYYI:0.22727272727272727	CPVNGSTV:0.45454545454545453	LSADDLFH:0.2727272727272727	NGGTASAL:0.5909090909090909	IEIIVVDD:0.22727272727272727	SVLAQSYP:0.3181818181818182	VSVVIPFY:0.36363636363636365	YTQDYDLW:0.5	SVVIPFYN:0.36363636363636365	DLWLRILP:0.45454545454545453	LWLRILPH:0.2727272727272727	FNHTAYYY:0.22727272727272727	GGTASALN:0.5909090909090909	FLYTQDYD:0.22727272727272727	YIEEPLLD:0.36363636363636365	SADDLFHP:0.2727272727272727	PVNGSTVL:0.3181818181818182	AWLSADDL:0.3181818181818182	VIPFYNCP:0.2727272727272727	TAYYYINE:0.45454545454545453	ESVLAQSY:0.22727272727272727	AQSYPDIE:0.2727272727272727	FYNCPYVD:0.36363636363636365	IVVDDGST:0.5909090909090909	YINELGER:0.22727272727272727	YYINELGE:0.22727272727272727	AYYYINEL:0.22727272727272727	YYYINELG:0.22727272727272727	IELIVVDD:0.5454545454545454	AYFAWLSA:0.22727272727272727	KTNGGTAS:0.22727272727272727	EPLLDYRV:0.36363636363636365	GAYFAWLS:0.22727272727272727	PLLDYRVH:0.4090909090909091	ELIVVDDG:0.5454545454545454	TNGGTASA:0.22727272727272727	SGAYFAWL:0.22727272727272727	ASGAYFAW:0.22727272727272727	LIVVDDGS:0.5454545454545454	NIELIVVD:0.36363636363636365	SVIIPFYN:0.22727272727272727	VVDDGSTL:0.2727272727272727	IPFYNCSY:0.22727272727272727	VIIPFYNC:0.22727272727272727	VSVIIPFY:0.22727272727272727	LLYTQDYD:0.2727272727272727	IIPFYNCS:0.22727272727272727	YPNIELIV:0.22727272727272727	PNIELIVV:0.22727272727272727	GTYFAWLS:0.22727272727272727	GTASALNK:0.22727272727272727	TASALNKG:0.22727272727272727	
