cluster number:2421
GT2:6	GT2:6
GFGWANNQ:0.5	FDDGFFLY:0.5	DGFFLYFE:0.5	DDGFFLYF:0.5	GFFLYFEE:0.5	LFDDGFFL:0.5	NGGFGWAN:0.5	YFEEVELM:0.5	GWANNQAM:0.3333333333333333	WVTGASVM:0.5	LVVIVNYR:0.3333333333333333	WANNQAML:0.3333333333333333	VVIVNYRT:0.5	FGWANNQA:0.5	DWVTGASV:0.5	VTGASVML:0.3333333333333333	SAFRFPSV:0.3333333333333333	TGASVMLR:0.3333333333333333	LYFEEVEL:0.5	GGFGWANN:0.5	GLFDDGFF:0.5	FFLYFEEV:0.6666666666666666	FLYFEEVE:0.6666666666666666	VIVNYRTP:0.5	IVNYRTPD:0.3333333333333333	LTRGQPAA:0.3333333333333333	LLNPDTEI:0.3333333333333333	WFNSRRRY:0.3333333333333333	HVGGAATG:0.3333333333333333	RRPAYWFN:0.3333333333333333	VNYRTPDL:0.3333333333333333	IHLLNPDT:0.3333333333333333	VGGAATGV:0.3333333333333333	RPAYWFNS:0.3333333333333333	FNSRRRYF:0.3333333333333333	GSAFRFPS:0.3333333333333333	YWFNSRRR:0.5	HLLNPDTE:0.3333333333333333	AYWFNSRR:0.3333333333333333	PDWVTGAS:0.3333333333333333	PAYWFNSR:0.3333333333333333	FLYYEETD:0.3333333333333333	YFLYYEET:0.3333333333333333	
