cluster number:1845
GT2:13	GT2:13
GPLDAIYI:0.23076923076923078	QTGPLDAI:0.23076923076923078	NASTDGTP:0.5384615384615384	TGGAGGFY:0.23076923076923078	WLMDDDVE:0.3076923076923077	RKDLLVEC:0.23076923076923078	NRKDLLVE:0.23076923076923078	LEALRRQT:0.38461538461538464	VVVTYNRK:0.6153846153846154	IYIIDNAS:0.46153846153846156	VTYNRKDL:0.23076923076923078	AIYIIDNA:0.46153846153846156	RQTGPLDA:0.23076923076923078	RRQTGPLD:0.23076923076923078	VECLEALR:0.23076923076923078	DWIWLMDD:0.5384615384615384	LRRQTGPL:0.23076923076923078	IDNASTDG:0.6153846153846154	DLLVECLE:0.23076923076923078	LDAIYIID:0.23076923076923078	DAIYIIDN:0.23076923076923078	DGYDWIWL:0.38461538461538464	GYDWIWLM:0.46153846153846156	LLVECLEA:0.23076923076923078	CAVVVTYN:0.38461538461538464	WIWLMDDD:0.5384615384615384	ALRRQTGP:0.23076923076923078	YIIDNAST:0.5384615384615384	PLDAIYII:0.23076923076923078	TGPLDAIY:0.23076923076923078	YNRKDLLV:0.23076923076923078	LMDDDVEP:0.3076923076923077	TYNRKDLL:0.23076923076923078	CLEALRRQ:0.38461538461538464	NTGGAGGF:0.6153846153846154	LVECLEAL:0.23076923076923078	GFYEGVKR:0.23076923076923078	GGAGGFYE:0.3076923076923077	IIDNASTD:0.5384615384615384	GGFYEGVK:0.3076923076923077	YDWIWLMD:0.5384615384615384	DNASTDGT:0.6153846153846154	EALRRQTG:0.23076923076923078	MKICAVVV:0.23076923076923078	KDLLVECL:0.23076923076923078	ENTGGAGG:0.38461538461538464	AVVVTYNR:0.6153846153846154	KICAVVVT:0.23076923076923078	ECLEALRR:0.38461538461538464	VVTYNRKD:0.23076923076923078	AGGFYEGV:0.3076923076923077	GAGGFYEG:0.3076923076923077	LMDDDAEP:0.5384615384615384	IDHASFVG:0.3076923076923077	EIDHASFV:0.23076923076923078	DDDAEPLP:0.38461538461538464	WLMDDDAE:0.5384615384615384	DHASFVGI:0.23076923076923078	STDGTPEL:0.3076923076923077	DDAEPLPD:0.3076923076923077	FHEGVKRA:0.38461538461538464	TDGTPELL:0.3076923076923077	DAEPLPDS:0.23076923076923078	ASFVGILI:0.38461538461538464	SFVGILIN:0.3076923076923077	FVGILINS:0.3076923076923077	GFHEGVKR:0.38461538461538464	GGFHEGVK:0.38461538461538464	VCAVVVTY:0.23076923076923078	AEPLPDSL:0.23076923076923078	MDDDAEPL:0.38461538461538464	GGAGGFHE:0.46153846153846156	IWLMDDDA:0.38461538461538464	HASFVGIL:0.23076923076923078	TGGAGGFH:0.38461538461538464	GAGGFHEG:0.46153846153846156	AGGFHEGV:0.46153846153846156	ASTDGTPE:0.3076923076923077	DDTDYAIR:0.23076923076923078	YLDRKYGE:0.23076923076923078	DTDYAIRL:0.23076923076923078	LDRKYGEN:0.23076923076923078	AAVVVTYN:0.23076923076923078	WLWLMDDD:0.23076923076923078	HEGVKRAY:0.3076923076923077	VVVTFNRK:0.3076923076923077	VTYNRKEL:0.23076923076923078	DNEKPKRI:0.23076923076923078	TYNRKELL:0.23076923076923078	EKPKRILY:0.23076923076923078	NEKPKRIL:0.23076923076923078	FDNEKPKR:0.23076923076923078	VVTYNRKE:0.23076923076923078	AVVVTFNR:0.23076923076923078	KPKRILYG:0.23076923076923078	
