cluster number:396
GT2:21	GT2:21
CGMSGFSA:0.3333333333333333	NKARNLGV:0.3333333333333333	GNTYCGMS:0.7142857142857143	YWFKKRVC:0.23809523809523808	KKRVCEQI:0.23809523809523808	FLYRFQNE:0.42857142857142855	NRPDCLLE:0.2857142857142857	KISVVITT:0.2857142857142857	FLDDDDIW:0.42857142857142855	ANKARNLG:0.3333333333333333	LPEYLTTL:0.3333333333333333	CEQILFSL:0.23809523809523808	FKKRVCEQ:0.23809523809523808	IDKRLGSA:0.23809523809523808	LYRFQNED:0.42857142857142855	GIGAKVRK:0.2857142857142857	ITTYNRPD:0.42857142857142855	YRFQNEDG:0.42857142857142855	IIIIDDNS:0.23809523809523808	NEDGIGAK:0.42857142857142855	IWLPEYLT:0.23809523809523808	WLPEYLTT:0.3333333333333333	TYCGMSGF:0.7142857142857143	FQNEDGIG:0.42857142857142855	LLRGNTYC:0.5714285714285714	AFLDDDDI:0.47619047619047616	VCEQILFS:0.23809523809523808	QDWDMYVR:0.3333333333333333	VSGFKQLG:0.3333333333333333	DWDMYVRL:0.3333333333333333	RGNTYCGM:0.6190476190476191	LDDDDIWL:0.42857142857142855	NNGQDWDM:0.38095238095238093	RPDCLLEA:0.2857142857142857	DGIGAKVR:0.42857142857142855	VIAFLDDD:0.42857142857142855	VVITTYNR:0.47619047619047616	NGQDWDMY:0.3333333333333333	TYNRPDCL:0.2857142857142857	DMYVRLFQ:0.3333333333333333	ISVVITTY:0.38095238095238093	SLLRGNTY:0.5714285714285714	WDMYVRLF:0.3333333333333333	DIDKRLGS:0.23809523809523808	LRGNTYCG:0.5714285714285714	IIIDDNSS:0.3333333333333333	GANKARNL:0.3333333333333333	RFQNEDGI:0.42857142857142855	LGDYWFKK:0.3333333333333333	AKVRKMKP:0.23809523809523808	EIIIIDDN:0.23809523809523808	DDIWLPEY:0.2857142857142857	VSCGANKA:0.3333333333333333	DYWFKKRV:0.38095238095238093	EDGIGAKV:0.42857142857142855	GAKVRKMK:0.23809523809523808	IAFLDDDD:0.7619047619047619	ILFSLKHK:0.23809523809523808	RKMKPTDI:0.23809523809523808	MKISVVIT:0.23809523809523808	DIWLPEYL:0.2857142857142857	YNRPDCLL:0.2857142857142857	SVVITTYN:0.5238095238095238	WFKKRVCE:0.23809523809523808	NTYCGMSG:0.7142857142857143	RVCEQILF:0.23809523809523808	SCGANKAR:0.3333333333333333	KRVCEQIL:0.23809523809523808	EQILFSLK:0.23809523809523808	VRKMKPTD:0.23809523809523808	PDCLLEAL:0.2857142857142857	GQDWDMYV:0.3333333333333333	DDDIWLPE:0.3333333333333333	VITTYNRP:0.47619047619047616	GDYWFKKR:0.3333333333333333	CGANKARN:0.3333333333333333	TTYNRPDC:0.2857142857142857	KVRKMKPT:0.23809523809523808	YCGMSGFS:0.7142857142857143	LFSLKHKN:0.23809523809523808	QNEDGIGA:0.42857142857142855	FLGDYWFK:0.3333333333333333	IGAKVRKM:0.23809523809523808	QILFSLKH:0.23809523809523808	LNNGQDWD:0.42857142857142855	DDDDIWLP:0.42857142857142855	LDDDDVWL:0.3333333333333333	EQVLFSLK:0.2857142857142857	AFLDDDDV:0.3333333333333333	DDDDVWLP:0.3333333333333333	ADAVVTGF:0.23809523809523808	FLDDDDVW:0.3333333333333333	CGMSGFSC:0.38095238095238093	SEQVLFSL:0.2857142857142857	GADAVVTG:0.23809523809523808	GQDWDMFV:0.2857142857142857	FKKRVSEQ:0.3333333333333333	GMSGFSCK:0.23809523809523808	KKRVSEQV:0.23809523809523808	RVSEQVLF:0.23809523809523808	WFKKRVSE:0.3333333333333333	DWDMFVRL:0.2857142857142857	QDWDMFVR:0.2857142857142857	NGQDWDMF:0.2857142857142857	YWFKKRVS:0.3333333333333333	GFKQLGKE:0.38095238095238093	AVVTGFKQ:0.23809523809523808	KRVSEQVL:0.23809523809523808	VSEQVLFS:0.23809523809523808	LFLYRFQN:0.23809523809523808	IIAFLDDD:0.2857142857142857	NTFDESLN:0.23809523809523808	TFDESLNN:0.23809523809523808	GMSGFSAK:0.23809523809523808	FDESLNNG:0.23809523809523808	VRLFQLGV:0.23809523809523808	KQLGKEEV:0.23809523809523808	FKQLGKEE:0.23809523809523808	QLGKEEVV:0.23809523809523808	IFLYRFQN:0.23809523809523808	ESLNNGQD:0.23809523809523808	PEYLTTLN:0.23809523809523808	LGKEEVVV:0.23809523809523808	MYVRLFQL:0.23809523809523808	PIFLYRFQ:0.23809523809523808	KEEVVVVN:0.23809523809523808	SGFKQLGK:0.23809523809523808	KARNLGVE:0.23809523809523808	YVRLFQLG:0.23809523809523808	SLNNGQDW:0.23809523809523808	GKEEVVVV:0.23809523809523808	DESLNNGQ:0.23809523809523808	
