cluster number:949
GT2:12	GT2:12
DSAGYSFQ:0.5	TAGFNLWS:0.25	MSVLHRTE:0.4166666666666667	ITAGFNLW:0.25	YARAVLGT:0.25	VDDSSPDG:0.75	DITAGFNL:0.25	PDGTGRIA:0.25	VVMPTYNE:0.75	AHRVLLSR:0.25	VQMDADGS:0.5	QMDADGSH:0.9166666666666666	LESAVVPL:0.25	DGTGRIAE:0.25	AGYSFQVE:0.5833333333333334	VVQMDADG:0.5	TEKDGLGR:0.4166666666666667	SAGYSFQV:0.5833333333333334	SVLHRTEK:0.4166666666666667	DSSPDGTG:0.6666666666666666	MTLRTQLE:0.3333333333333333	LVVDDSSP:0.5	SFQVELKY:0.5	KMTLRTQL:0.3333333333333333	SAVVPLRL:0.25	VTVVMPTY:0.3333333333333333	QLESAVVP:0.25	HRTEKDGL:0.4166666666666667	SKMTLRTQ:0.3333333333333333	GRIAEELA:0.25	VMPTYNEA:0.75	LLVVDDSS:0.3333333333333333	WGAHRVLL:0.25	GYSFQVEL:0.5	GFNLWSAA:0.25	GLRLLVVD:0.4166666666666667	LRTQLESA:0.3333333333333333	VLLSRFAN:0.3333333333333333	GTGRIAEE:0.25	TQLESAVV:0.25	LHRTEKDG:0.4166666666666667	MPTYNEAG:0.25	VVPLRLRL:0.25	TGRIAEEL:0.25	RTEKDGLG:0.4166666666666667	RLLVVDDS:0.25	RVLLSRFA:0.3333333333333333	KDGLGRAY:0.75	DADGSHPA:0.25	GRAYVAGM:0.3333333333333333	AGFNLWSA:0.25	TLRTQLES:0.3333333333333333	ESAVVPLR:0.25	VVDDSSPD:0.6666666666666666	LRLLVVDD:0.4166666666666667	SPDGTGRI:0.3333333333333333	AVVPLRLR:0.25	YSFQVELK:0.5	RTQLESAV:0.25	EKDGLGRA:0.5	RMSVLHRT:0.5	LGRAYVAG:0.3333333333333333	LDSAGYSF:0.3333333333333333	DDSSPDGT:0.75	GLVVGSRY:0.4166666666666667	GAHRVLLS:0.25	MDADGSHP:0.9166666666666666	GLGRAYVA:0.3333333333333333	DGLGRAYV:0.3333333333333333	GAGLVVGS:0.3333333333333333	HRVLLSRF:0.3333333333333333	SSPDGTGR:0.25	AGLVVGSR:0.4166666666666667	VLHRTEKD:0.4166666666666667	TVVMPTYN:0.6666666666666666	RRLLSRWA:0.25	AKDGLGRA:0.25	RLLSRWAN:0.25	YVLQMDAD:0.4166666666666667	SVLHRTAK:0.25	LHRTAKDG:0.25	VLQMDADG:0.4166666666666667	PGLRLLVV:0.3333333333333333	HRTAKDGL:0.25	TAKDGLGR:0.25	VLHRTAKD:0.25	HRRLLSRW:0.25	LPGLRLLV:0.25	ADGSHPVE:0.5833333333333334	DADGSHPV:0.6666666666666666	LTVVMPTY:0.3333333333333333	PLTVVMPT:0.3333333333333333	LQMDADGS:0.4166666666666667	RTAKDGLG:0.25	NLPRMAEA:0.25	YNEAANLP:0.25	TEGASKMT:0.25	VVGSRYVE:0.25	NLPGMAEA:0.25	RRMSVLHR:0.25	FQVELKYK:0.25	ASKMTLRT:0.25	PTYNEAAN:0.3333333333333333	QVELKYKA:0.25	GSHPVEAV:0.25	LWSAATLR:0.25	DGSHPVEA:0.3333333333333333	NLWSAATL:0.25	RRRMSVLH:0.25	MPTYNEAA:0.3333333333333333	GRRRMSVL:0.25	GSRYVEGG:0.3333333333333333	GASKMTLR:0.25	EGASKMTL:0.25	VGSRYVEG:0.25	ERTEGASK:0.25	RTEGASKM:0.25	LVVGSRYV:0.3333333333333333	TYNEAANL:0.25	RVRDITGG:0.25	GLGRAYAA:0.25	LGRAYAAG:0.25	RDITGGFN:0.25	GRAYAAGM:0.25	VRDITGGF:0.25	DITGGFNL:0.25	TRVRDITG:0.25	MEVPIHFE:0.25	VPIHFEDR:0.25	GTRVRDIT:0.25	TILGTRVR:0.25	ITGGFNLW:0.25	GYSFQVEM:0.25	LLSRWANA:0.25	SRWANAYA:0.25	YSFQVEMK:0.25	LSRWANAY:0.25	ILGTRVRD:0.25	VMEVPIHF:0.25	DGLGRAYA:0.25	EVPIHFED:0.25	LGTRVRDI:0.25	
