cluster number:2564
GT2:23	GT2:23
GFGVETGL:0.34782608695652173	VVVVDDGS:0.8260869565217391	CLTRAAFE:0.43478260869565216	PLAPGFGV:0.21739130434782608	EQPLNGQR:0.21739130434782608	LPGVDLVV:0.34782608695652173	AMETGAEG:0.21739130434782608	PLNGQRCL:0.391304347826087	RHLLFLDA:0.5652173913043478	GGHGFVVR:0.34782608695652173	TRAAFEAA:0.43478260869565216	EHRATGTD:0.21739130434782608	PGVDLVVV:0.4782608695652174	GQRCLTRA:0.4782608695652174	AFEAARPL:0.30434782608695654	RHSRNRGK:0.43478260869565216	GHGFVVRL:0.34782608695652173	GVETGLTI:0.30434782608695654	RGKGAAME:0.21739130434782608	KGAAMETG:0.21739130434782608	LGGHGFVV:0.2608695652173913	HGFVVRLA:0.2608695652173913	RCLTRAAF:0.5217391304347826	DLVVVVDD:0.782608695652174	ALPGVDLV:0.21739130434782608	AAMETGAE:0.34782608695652173	VVDDGSAD:0.30434782608695654	FGVETGLT:0.30434782608695654	HRATGTDL:0.21739130434782608	NGQRCLTR:0.34782608695652173	FEAARPLA:0.30434782608695654	RAAFEAAR:0.30434782608695654	APGFGVET:0.21739130434782608	GAAMETGA:0.21739130434782608	VVVDDGSA:0.2608695652173913	NRGKGAAM:0.21739130434782608	PRHLLFLD:0.5217391304347826	LAPGFGVE:0.21739130434782608	LTRAAFEA:0.43478260869565216	GVDLVVVV:0.5217391304347826	VDLVVVVD:0.782608695652174	LLFLDADL:0.6521739130434783	QRCLTRAA:0.4782608695652174	GFVVRLAR:0.2608695652173913	LNGQRCLT:0.34782608695652173	RNRGKGAA:0.21739130434782608	AAFEAARP:0.30434782608695654	LVVVVDDG:0.8260869565217391	VETGLTID:0.30434782608695654	METGAEGV:0.21739130434782608	HLLFLDAD:0.5652173913043478	QPLNGQRC:0.4782608695652174	GKGAAMET:0.21739130434782608	AHRATGTD:0.21739130434782608	GKAAAMET:0.2608695652173913	LFLDADLG:0.30434782608695654	GVETALTI:0.21739130434782608	RVVRHSRN:0.2608695652173913	VRHSRNRG:0.2608695652173913	NRGKAAAM:0.4782608695652174	KAAAMETG:0.2608695652173913	RGKAAAME:0.43478260869565216	ALTIDLLR:0.21739130434782608	ARVVRHSR:0.2608695652173913	GEADMTIA:0.2608695652173913	ETALTIDL:0.21739130434782608	GFGVETAL:0.21739130434782608	TALTIDLL:0.21739130434782608	RATGTDWR:0.21739130434782608	AAAMETGA:0.2608695652173913	GARVVRHS:0.2608695652173913	RNRGKAAA:0.5217391304347826	VETALTID:0.21739130434782608	AGEADMTI:0.30434782608695654	AGARVVRH:0.2608695652173913	HSRNRGKA:0.2608695652173913	HRATGTDW:0.30434782608695654	SRNRGKAA:0.2608695652173913	VVRHSRNR:0.2608695652173913	QPLSGQRC:0.21739130434782608	VVDDGSTD:0.21739130434782608	LSGQRCLT:0.2608695652173913	SGQRCLTR:0.2608695652173913	PLSGQRCL:0.30434782608695654	AFEAALPL:0.21739130434782608	TIDLLRAG:0.21739130434782608	FEAALPLA:0.21739130434782608	
