cluster number:2390
GT2:6	GT2:6
VVVCDLAE:0.3333333333333333	TGGGRRGS:0.5	LRYALQAR:0.3333333333333333	QDWDWLIR:0.3333333333333333	WDWLIRAA:0.3333333333333333	PRHQDWDW:0.5	PDVSVVIP:0.5	VVSSRILQ:0.3333333333333333	VCTGGGRR:0.5	GGGRRGSY:0.5	IPTTGRPS:0.5	CTGGGRRG:0.5	VVIPTTGR:0.5	WARRWEGV:0.3333333333333333	SYARNLGV:0.5	RNLGVAHA:0.3333333333333333	VSVVIPTT:0.5	DETLPRHQ:0.5	MPDVSVVI:0.5	DAWLPEKL:0.3333333333333333	VSSRILQR:0.3333333333333333	EDYLFRRR:0.5	AQRGVSVH:0.3333333333333333	TLRYALQA:0.3333333333333333	CRWDETLP:0.3333333333333333	WEWARRWE:0.3333333333333333	RWDETLPR:0.3333333333333333	EVVCTGGG:0.3333333333333333	LGVAHAAP:0.3333333333333333	TLPRHQDW:0.5	DVSVVIPT:0.5	SARAQRGV:0.3333333333333333	RYALQARD:0.3333333333333333	FLDDDDAW:1.0	GRRGSYAR:0.5	GSPGSISA:0.5	ARAQRGVS:0.3333333333333333	RRGSYARN:0.5	TSWEWARR:0.3333333333333333	VQIEEATA:0.3333333333333333	DWDWLIRA:0.3333333333333333	VCDLAEVP:0.3333333333333333	AFLDDDDA:0.6666666666666666	ARRWEGVW:0.3333333333333333	LDDDDAWL:0.6666666666666666	HQDWDWLI:0.3333333333333333	EWARRWEG:0.3333333333333333	QLPVLERL:0.3333333333333333	WDETLPRH:0.5	RAQRGVSV:0.3333333333333333	VVCTGGGR:0.3333333333333333	PTTGRPSL:0.3333333333333333	LPTSTLLT:0.5	DEVVCTGG:0.3333333333333333	YTVGSPGS:0.5	DDDDAWLP:0.6666666666666666	IVQIEEAT:0.3333333333333333	PVVSSRIL:0.3333333333333333	GGRRGSYA:0.5	ETLPRHQD:0.5	VGSPGSIS:0.5	GSYARNLG:0.5	ARNLGVAH:0.3333333333333333	PEDYLFRR:0.5	RGSYARNL:0.5	AQTLRYAL:0.3333333333333333	DDAWLPEK:0.3333333333333333	VVCDLAEV:0.3333333333333333	HVAFLDDD:0.3333333333333333	NLGVAHAA:0.3333333333333333	RHQDWDWL:0.5	TVGSPGSI:0.5	LPRHQDWD:0.5	RTSWEWAR:0.3333333333333333	ADWRTSWE:0.3333333333333333	SHVAFLDD:0.3333333333333333	DWRTSWEW:0.3333333333333333	SWEWARRW:0.3333333333333333	DWLIRAAR:0.3333333333333333	WRTSWEWA:0.3333333333333333	DDDAWLPE:0.3333333333333333	YARNLGVA:0.3333333333333333	PTSTLLTT:0.5	QTLRYALQ:0.3333333333333333	DYLFRRRR:0.3333333333333333	SVVIPTTG:0.5	VIPTTGRP:0.5	VAFLDDDD:0.3333333333333333	ERVAMRGS:0.3333333333333333	ATAIYTVG:0.3333333333333333	RVAMRGSR:0.3333333333333333	GRQSLPTS:0.3333333333333333	QSLPTSTL:0.3333333333333333	AIYTVGSP:0.3333333333333333	GWLPVVSS:0.3333333333333333	LGVGRQSL:0.3333333333333333	VGRQSLPT:0.3333333333333333	AAQTLRYA:0.3333333333333333	RWEGVWAP:0.3333333333333333	LERVAMRG:0.3333333333333333	LPEDYLFR:0.3333333333333333	TAIYTVGS:0.3333333333333333	ALERVAMR:0.3333333333333333	RQSLPTST:0.3333333333333333	GVGRQSLP:0.3333333333333333	WLPVVSSR:0.3333333333333333	IYTVGSPG:0.3333333333333333	SLPTSTLL:0.3333333333333333	IAFLDDDD:0.3333333333333333	RNGAPGPS:0.3333333333333333	PGPSASRN:0.3333333333333333	LFLDDDDA:0.3333333333333333	YLYVYRRH:0.3333333333333333	APGPSASR:0.3333333333333333	GAPGPSAS:0.3333333333333333	NGAPGPSA:0.3333333333333333	RRNGAPGP:0.3333333333333333	DYLYVYRR:0.3333333333333333	
