cluster number:737
GT2:17	GT2:17
TFFASNVC:0.23529411764705882	NFDLAVSQ:0.6470588235294118	VSQADHPE:0.35294117647058826	KTFFASNV:0.23529411764705882	YTRSFNYP:0.23529411764705882	SEGEGIRL:0.23529411764705882	AVSQADHP:0.35294117647058826	YPIRRIII:0.23529411764705882	TRSFNYPE:0.23529411764705882	LAVSQADH:0.35294117647058826	FDLAVSQA:0.35294117647058826	IFNEDMIY:0.29411764705882354	PIRRIIIM:0.23529411764705882	VFMTDDAV:0.23529411764705882	FASNVCCA:0.23529411764705882	GIKTFFAS:0.23529411764705882	IKTFFASN:0.23529411764705882	MVFMTDDA:0.23529411764705882	RIIIMNTE:0.23529411764705882	QADHPEVF:0.35294117647058826	SQADHPEV:0.35294117647058826	RNFDLAVS:0.6470588235294118	FMTDDAVP:0.23529411764705882	FFASNVCC:0.23529411764705882	FNEDMIYA:0.35294117647058826	ASNVCCAY:0.23529411764705882	MTDDAVPA:0.23529411764705882	NVCCAYDR:0.23529411764705882	IRRIIIMN:0.23529411764705882	SNVCCAYD:0.23529411764705882	EGEGIRLV:0.29411764705882354	TIFNEDMI:0.6470588235294118	KTIFNEDM:0.47058823529411764	DLAVSQAD:0.35294117647058826	TDDAVPAD:0.23529411764705882	RRIIIMNT:0.23529411764705882	IVKSGFKY:0.23529411764705882	EFDHGGTR:0.4117647058823529	ELGIKTFF:0.23529411764705882	EEFDHGGT:0.23529411764705882	IFNEDMIF:0.23529411764705882	DVIIPTYK:0.23529411764705882	HRNFDLAV:0.4117647058823529	QFHRNFDL:0.47058823529411764	AEARVIHS:0.23529411764705882	FNEDMIFA:0.23529411764705882	DAVPADER:0.23529411764705882	EARVIHSH:0.23529411764705882	FHRNFDLA:0.29411764705882354	VIIPTYKP:0.23529411764705882	GIKTFFCS:0.5294117647058824	QQFHRNFD:0.29411764705882354	FCSNVCAA:0.35294117647058826	FFCSNVCA:0.29411764705882354	LGIKTFFC:0.4117647058823529	IKTFFCSN:0.4117647058823529	TFFCSNVC:0.4117647058823529	KTFFCSNV:0.4117647058823529	CSNVCAAY:0.35294117647058826	KTYFCSNV:0.23529411764705882	RNFDLGVS:0.29411764705882354	GIKTYFCS:0.23529411764705882	YFCSNVCA:0.23529411764705882	TYFCSNVC:0.23529411764705882	IKTYFCSN:0.23529411764705882	NFDLGVSQ:0.23529411764705882	LGIKTYFC:0.23529411764705882	
