cluster number:2198
GT2:15	GT2:15
FAGAEAYH:0.2	AEAYHRGG:0.2	VMGAFLLI:0.26666666666666666	LAQAVGLD:0.2	LRARRAGW:0.2	SLFEELGG:0.2	FAAACNQG:0.4666666666666667	LLIRRSLF:0.26666666666666666	SRADWLLF:0.2	QVMGAFLL:0.26666666666666666	PGRILAQA:0.26666666666666666	AAACNQGA:0.4666666666666667	ELGGFDER:0.2	APTPGRIL:0.2	CARAPTPG:0.2	RAVLRGSA:0.2	LFLNPDTR:0.4666666666666667	LIRRSLFE:0.2	RPVDQVMG:0.3333333333333333	VDQVMGAF:0.4	VVHFAGAE:0.26666666666666666	ARAPTPGR:0.2	DDVDLCLR:0.26666666666666666	RADWLLFL:0.2	AQAVGLDR:0.2	SPADARAV:0.2	PADARAVL:0.2	QAVGLDRL:0.2	GRILAQAV:0.2	DERFFVYY:0.2	RAPTPGRI:0.2	WLLFLNPD:0.26666666666666666	ILAQAVGL:0.2	ADARAVLR:0.2	DQVMGAFL:0.3333333333333333	AFLLIRRS:0.26666666666666666	RSPADARA:0.2	GFAAACNQ:0.4666666666666667	FEELGGFD:0.26666666666666666	HFMTEWDH:0.2	EELGGFDE:0.26666666666666666	GGFDERFF:0.4	VHFAGAEA:0.26666666666666666	LLFLNPDT:0.7333333333333333	LFEELGGF:0.26666666666666666	GAFLLIRR:0.26666666666666666	VDLCLRAR:0.2	RSLFEELG:0.2	ADWLLFLN:0.2	PPHFMTEW:0.2	IRRSLFEE:0.2	GFDERFFV:0.4666666666666667	RILAQAVG:0.2	FLLIRRSL:0.26666666666666666	PHFMTEWD:0.2	FPPHFMTE:0.2	HFAGAEAY:0.2	GAEAYHRG:0.2	PTPGRILA:0.26666666666666666	AACNQGAA:0.4	VVDNASTD:0.3333333333333333	DNASTDGS:0.26666666666666666	AGAEAYHR:0.2	LNPDTRLS:0.26666666666666666	DVDLCLRA:0.2	NASTDGSA:0.2	EAYHRGGG:0.2	SRPVDQVM:0.2	FDERFFVY:0.4666666666666667	WNAGDLLR:0.2	FLNPDTRL:0.4666666666666667	DARAVLRG:0.2	NWNAGDLL:0.2	VDNASTDG:0.26666666666666666	NRGFAAAC:0.4	TVNWNAGD:0.2	DWLLFLNP:0.26666666666666666	DSRPVDQV:0.2	MGAFLLIR:0.26666666666666666	AYHRGGGT:0.2	VRDLRLFY:0.2	TPGRILAQ:0.26666666666666666	ARAVLRGS:0.2	RRSLFEEL:0.2	VNWNAGDL:0.2	RGFAAACN:0.4	PVDQVMGA:0.3333333333333333	LGGFDERF:0.3333333333333333	ACNQGAAG:0.2	LFPPHFMT:0.2	GSRADWLL:0.2	ENRGFAAA:0.2	DERFFVYF:0.26666666666666666	GRTQRSCA:0.2	VDNASADG:0.26666666666666666	DGSADGLE:0.2	ERFFVYFD:0.2	MVVVDNAS:0.2	YFDDVDLC:0.2	EVVHFAGA:0.2	VVDNASAD:0.26666666666666666	RTQRSCAR:0.2	VYFDDVDL:0.2	RFFVYFDD:0.2	FDDVDLCL:0.2	DNASADGS:0.26666666666666666	FFVYFDDV:0.2	WEVVHFAG:0.2	GWEVVHFA:0.2	NASADGSA:0.26666666666666666	TGILGIRL:0.2	FVYFDDVD:0.2	VVVDNASA:0.2	LGGFDERY:0.2	RLGGFDER:0.2	GGFDERYF:0.2	DYLLFLNP:0.4	DIVIVNWN:0.2	YLLFLNPD:0.4	VDQVIGAF:0.2	VVVDNAST:0.2	DQVIGAFF:0.2	
