cluster number:2289
GT2:18	GT2:18
AAASTGYD:0.2222222222222222	DEIIVVDN:0.3888888888888889	DDLDLAFH:0.5555555555555556	IPAAASTG:0.2222222222222222	DLAFHLGE:0.2777777777777778	FGSNLAFR:0.2777777777777778	PLFGSNLA:0.5555555555555556	AASTGYDA:0.2222222222222222	LDLAFHLG:0.3888888888888889	SNLAFRRE:0.2222222222222222	PAAASTGY:0.2222222222222222	GSNLAFRR:0.2777777777777778	VVVPVKDD:0.2222222222222222	LFGSNLAF:0.2777777777777778	NLAFRREA:0.2222222222222222	ASTGYDAA:0.2222222222222222	GIPAAAST:0.2222222222222222	PGIPAAAS:0.2222222222222222	LAFRREAW:0.2222222222222222	VVPVKDDA:0.2222222222222222	HDDLDLAF:0.5555555555555556	DLDLAFHL:0.3888888888888889	LILRLDAD:0.2777777777777778	ELILRLDA:0.2222222222222222	EIIVVDNG:0.2222222222222222	LGHLPLFG:0.3333333333333333	IIVVDNGS:0.2777777777777778	GHLPLFGS:0.3333333333333333	HLPLFGSN:0.3333333333333333	VVIPVKDD:0.4444444444444444	LPLFGSNL:0.2777777777777778	VIPVKDDA:0.3888888888888889	SVVIPVKD:0.4444444444444444	GELILRLD:0.2222222222222222	ILRLDADC:0.3888888888888889	EIVVVDNG:0.2222222222222222	PDEIVVVD:0.2222222222222222	VSVVIPVK:0.2222222222222222	DEIVVVDN:0.3333333333333333	LRRCLRAL:0.2222222222222222	MGISMRPF:0.4444444444444444	IVVVDNGS:0.2222222222222222	PELHDDLD:0.2222222222222222	DPELHDDL:0.2222222222222222	ELHDDLDL:0.2777777777777778	LHDDLDLA:0.2777777777777778	PDEIIVVD:0.2222222222222222	GIPAASAT:0.2222222222222222	PAASATGY:0.2222222222222222	FGSNLALR:0.2222222222222222	GSNLALRR:0.2222222222222222	AASATGYD:0.2222222222222222	IPAASATG:0.2222222222222222	LFGSNLAL:0.2222222222222222	
