cluster number:1737
GT2:29	GT2:29
FDFCRRYA:0.41379310344827586	QPSSITNR:0.3793103448275862	VWIINPDA:0.3793103448275862	YEDFDFCR:0.41379310344827586	DPAYFLYY:0.3103448275862069	AYFLYYED:0.5517241379310345	YFLYYEDF:0.8275862068965517	IVWIINPD:0.3103448275862069	FCRRYANQ:0.27586206896551724	CRRYANQG:0.27586206896551724	WIINPDAY:0.5517241379310345	NLGFGGGC:0.2413793103448276	FAGGRFIP:0.20689655172413793	DFDFCRRY:0.41379310344827586	PAYFLYYE:0.3103448275862069	LGFGGGCN:0.2413793103448276	IINPDAYL:0.3448275862068966	YYEDFDFC:0.7931034482758621	TGCSFIIN:0.20689655172413793	FLYYEDFD:0.7931034482758621	WFAGGRFI:0.2413793103448276	FDPAYFLY:0.3103448275862069	HQPSSITN:0.5172413793103449	LYYEDFDF:0.7931034482758621	DFCRRYAN:0.27586206896551724	EDFDFCRR:0.41379310344827586	AIVWIINP:0.27586206896551724	GCSFIINL:0.20689655172413793	PEISILGT:0.2413793103448276	IWIINPDA:0.2413793103448276	IIWIINPD:0.20689655172413793	IWFAGGRF:0.20689655172413793	EDFDFCQR:0.27586206896551724	IYFLTVNY:0.3793103448275862	FGNACNLG:0.20689655172413793	LTVNYYST:0.3448275862068966	IINPDAYF:0.20689655172413793	FLTVNYYS:0.3448275862068966	YFLTVNYY:0.3448275862068966	VIHQPSSI:0.27586206896551724	GFGNACNL:0.20689655172413793	IHQPSSIT:0.3448275862068966	MIYFLTVN:0.3793103448275862	YEDFDFCQ:0.27586206896551724	DFDFCQRY:0.27586206896551724	DWVSGCSL:0.4482758620689655	CDWVSGCS:0.5517241379310345	VSGCSLII:0.27586206896551724	SGCSLIIN:0.27586206896551724	WVSGCSLI:0.3448275862068966	TYSYLLTL:0.27586206896551724	STYSYLLT:0.3448275862068966	HSTYSYLL:0.3448275862068966	SVIHQPSS:0.20689655172413793	GCSLIINL:0.27586206896551724	YSYLLTLE:0.2413793103448276	PSSITNRN:0.20689655172413793	
