cluster number:1114
GT2:13	GT2:13
EKYFMYCE:0.38461538461538464	IDICWRAN:0.23076923076923078	EDIDICWR:0.46153846153846156	LYRDFDKK:0.3076923076923077	HLAQFNNR:0.3076923076923077	GFNEKYFM:0.3076923076923077	DICWRANK:0.23076923076923078	FNEKYFMY:0.3076923076923077	NEKYFMYC:0.3076923076923077	WAAGSFLI:0.46153846153846156	IIKDNLGE:0.3076923076923077	YVDWAAGS:0.46153846153846156	KLNGFNEK:0.3076923076923077	DFFVVMNP:0.3076923076923077	VMNPDVFI:0.23076923076923078	DIDICWRA:0.46153846153846156	YCEDIDIC:0.6923076923076923	KYFMYCED:0.46153846153846156	FMYCEDID:0.7692307692307693	YFMYCEDI:0.7692307692307693	NLYRDFDK:0.3076923076923077	MYCEDIDI:0.6923076923076923	GSFLIFKA:0.23076923076923078	CEDIDICW:0.46153846153846156	AGSFLIFK:0.3076923076923077	LNGFNEKY:0.3076923076923077	AAGSFLIF:0.46153846153846156	VDWAAGSF:0.7692307692307693	DWAAGSFL:0.8461538461538461	SKLNGFNE:0.3076923076923077	FFVVMNPD:0.3076923076923077	NGFNEKYF:0.3076923076923077	VMNPDIYI:0.23076923076923078	IKSIILFL:0.23076923076923078	WHIKSIIL:0.23076923076923078	HIKSIILF:0.23076923076923078	GFGENNNE:0.23076923076923078	KGFGENNN:0.3076923076923077	DNSVRKFP:0.23076923076923078	LGFGANNN:0.23076923076923078	KHFFWHVK:0.23076923076923078	AAGSFLMF:0.23076923076923078	SKHFFWHV:0.23076923076923078	FFWHVKSI:0.23076923076923078	HFFWHVKS:0.23076923076923078	WAAGSFLM:0.23076923076923078	FLVLNPDV:0.23076923076923078	
