cluster number:2113
GT2:31	GT2:31
VPPLSLLV:0.41935483870967744	DLCVPPLS:0.2903225806451613	KGYALDYG:0.6451612903225806	IVIADNCT:0.25806451612903225	LYILWKIP:0.22580645161290322	PVQATYLM:0.3225806451612903	VIADNCTD:0.3548387096774194	CVPPLSLL:0.2903225806451613	LCVPPLSL:0.2903225806451613	KGKGYALD:0.25806451612903225	GYALDYGL:0.5806451612903226	TRWEHGHL:0.6129032258064516	LDLCVPPL:0.2903225806451613	ADNCTDAT:0.22580645161290322	PLYILWKI:0.22580645161290322	GKGYALDY:0.6451612903225806	RWEHGHLQ:0.5483870967741935	LIVIADNC:0.22580645161290322	VLVPAHNE:0.3548387096774194	YALDYGLQ:0.25806451612903225	LVPAHNEE:0.45161290322580644	DNCTDATA:0.22580645161290322	TGMAFPWS:0.5483870967741935	GTGMAFPW:0.8064516129032258	RGKGYALD:0.4838709677419355	SQRTRWEH:0.3870967741935484	RTRWEHGH:0.7096774193548387	PWSVIRSV:0.22580645161290322	GMAFPWSV:0.3870967741935484	FPWSVIRS:0.25806451612903225	VIADNCSD:0.25806451612903225	RPVQATYL:0.2903225806451613	AFPWSVIR:0.3225806451612903	QRTRWEHG:0.7419354838709677	MAFPWSVI:0.3870967741935484	FKVKNLVR:0.22580645161290322	AFAFKVKN:0.25806451612903225	TGTGMAFP:0.2903225806451613	PCLLTGTG:0.25806451612903225	FAFKVKNL:0.22580645161290322	LLTGTGMA:0.25806451612903225	LTGTGMAF:0.2903225806451613	AFKVKNLV:0.22580645161290322	CLLTGTGM:0.25806451612903225	SAFAFKVK:0.25806451612903225	ILWKIPLY:0.2903225806451613	IVEDMKLG:0.25806451612903225	YILWKIPL:0.2903225806451613	VEDMKLGL:0.3225806451612903	WEHGHLQT:0.2903225806451613	EHGHLQTL:0.22580645161290322	DMKLGLDL:0.2903225806451613	EDMKLGLD:0.2903225806451613	
