cluster number:989
GT2:21	GT2:21
KANVLAQL:0.47619047619047616	PVTAMGNN:0.2857142857142857	QRKRWMRG:0.38095238095238093	TAMGNNMA:0.23809523809523808	SILIAARN:0.6190476190476191	VSILIAAR:0.42857142857142855	GKANVLAQ:0.47619047619047616	LHQRKRWM:0.2857142857142857	ANVLAQLA:0.42857142857142855	VTAMGNNM:0.2857142857142857	RKRWMRGA:0.3333333333333333	ILIAARNE:0.6190476190476191	MGNNMAVS:0.23809523809523808	PFSVVEDY:0.23809523809523808	LIAARNEE:0.42857142857142855	KVSILIAA:0.23809523809523808	KGKANVLA:0.23809523809523808	IPFSITED:0.23809523809523808	TDADIEVP:0.23809523809523808	
