cluster number:1484
GT2:18	GT2:18
GVLFVDGD:0.3333333333333333	SHGPHAVS:0.4444444444444444	HGPHAVSR:0.4444444444444444	LTNCYPYI:0.4444444444444444	VLFVDGDM:0.2777777777777778	SPSHGPHA:0.2222222222222222	LGIDVPRA:0.4444444444444444	ALTNCYPY:0.4444444444444444	DVPRAVGA:0.2222222222222222	PSHGPHAV:0.4444444444444444	THGPHALS:0.3888888888888889	ARLIAETI:0.4444444444444444	LGIDIPRA:0.5	IDIPRAIG:0.2222222222222222	RLIAETII:0.4444444444444444	DVALTNCY:0.2777777777777778	GIDIPRAI:0.2222222222222222	LATPTHGP:0.2222222222222222	PLGIDIPR:0.2777777777777778	RAIGALYA:0.2777777777777778	TPTHGPHA:0.3888888888888889	IAETIIGD:0.5555555555555556	DIPRAIGA:0.2222222222222222	AETIIGDC:0.5	PTHGPHAL:0.3888888888888889	LGLATPTH:0.2222222222222222	AIGALYAR:0.2777777777777778	LVLNGCTD:0.3333333333333333	LIAETIIG:0.4444444444444444	ETIIGDCL:0.3333333333333333	ILVLNGCT:0.3333333333333333	HARLIAET:0.4444444444444444	ATPTHGPH:0.3888888888888889	VALTNCYP:0.2777777777777778	GLATPTHG:0.2222222222222222	IILVLNGC:0.2222222222222222	PRAIGALY:0.2777777777777778	NEEKSILA:0.3888888888888889	DVPRAIGA:0.2222222222222222	LGYHPERR:0.3333333333333333	HGPHALSA:0.2222222222222222	IDVPRAIG:0.2222222222222222	QDLKSPRK:0.2222222222222222	KSILAVLA:0.2222222222222222	ILAVLATV:0.2222222222222222	VLNGCTDR:0.2777777777777778	RIHTIYFA:0.2222222222222222	LAVLATVL:0.2222222222222222	IAIPPLTL:0.2222222222222222	GIDVPRAI:0.2222222222222222	EPLGIDVP:0.2777777777777778	LNGCTDRT:0.2777777777777778	EAIAIPPL:0.2777777777777778	PEAIAIPP:0.2222222222222222	AIAIPPLT:0.2222222222222222	GYHPERRF:0.3333333333333333	EKSILAVL:0.2777777777777778	HQDLKSPR:0.2222222222222222	YHPERRFD:0.3333333333333333	EEKSILAV:0.2777777777777778	RHQDLKSP:0.2222222222222222	NGCTDRTL:0.2222222222222222	TNCYPYIT:0.2777777777777778	SILAVLAT:0.2222222222222222	PLGIDVPR:0.3333333333333333	TPSHGPHA:0.2222222222222222	ATPSHGPH:0.2222222222222222	GPHAVSRR:0.3333333333333333	IDIPRAVG:0.2222222222222222	GIDIPRAV:0.2222222222222222	DIPRAVGA:0.2222222222222222	
