cluster number:1601
GT2:23	GT2:23
STDNTLNI:0.2608695652173913	YDAMNKGV:0.2608695652173913	IDGASTDN:0.2608695652173913	DNGIYDAM:0.4782608695652174	YIIIDGAS:0.34782608695652173	IIIDGAST:0.2608695652173913	NGIYDAMN:0.4782608695652174	IIDGASTD:0.30434782608695654	EYIIIDGA:0.34782608695652173	ASTDNTLN:0.21739130434782608	GASTDNTL:0.2608695652173913	DGASTDNT:0.2608695652173913	IEYIIIDG:0.34782608695652173	GIYDAMNK:0.6956521739130435	IYDAMNKG:0.6521739130434783	YDAMNKGI:0.34782608695652173	KDNGIYDA:0.30434782608695654	SEKDNGIY:0.30434782608695654	ISEKDNGI:0.30434782608695654	EKDNGIYD:0.30434782608695654	
