cluster number:566
GT2:77	GT2:77|GT4:1
YIAFLDAD:0.33766233766233766	IAFLDADD:0.35064935064935066	DDGSTDET:0.2857142857142857	VDDGSTDE:0.23376623376623376	DDGSTDDT:0.3246753246753247	AAARNTGI:0.2077922077922078	GVAAARNT:0.22077922077922077	VAAARNTG:0.2077922077922078	VVDDGSTD:0.4025974025974026	DGSTDDTA:0.2077922077922078	VDDGSTDD:0.2597402597402597	IVVDDGST:0.37662337662337664	IIVVDDGS:0.2857142857142857	EIIVVDDG:0.2727272727272727	KFAALKDW:0.2597402597402597	DDLWHPTY:0.23376623376623376	LRTAEHFK:0.2857142857142857	NGSGFMVR:0.24675324675324675	NRGVAAAR:0.2597402597402597	AHLYAFSK:0.2727272727272727	FVGNGSGF:0.2857142857142857	VGNGSGFM:0.2857142857142857	AVYALHRF:0.22077922077922077	ENRGVAAA:0.24675324675324675	SKFAALKD:0.2597402597402597	AFLDADDL:0.2857142857142857	GGWSRFRT:0.2597402597402597	EDFDFELR:0.2857142857142857	RGVAAARN:0.2727272727272727	GWSRFRTK:0.2597402597402597	GIGGCEDF:0.2857142857142857	FDFELRTA:0.2857142857142857	PLVGGWSR:0.2597402597402597	AWGAVYAL:0.2077922077922078	STENRGVA:0.24675324675324675	FLDADDLW:0.2857142857142857	HLYAFSKF:0.2597402597402597	VPLGLVGY:0.2857142857142857	FELRTAEH:0.2857142857142857	WGAVYALH:0.2857142857142857	IGGCEDFD:0.2857142857142857	FRFVGNGS:0.2857142857142857	FSKFAALK:0.2597402597402597	GFMVRRAV:0.24675324675324675	TAEHFKIE:0.2857142857142857	DADDLWHP:0.2727272727272727	TENRGVAA:0.24675324675324675	GCEDFDFE:0.2857142857142857	LDADDLWH:0.22077922077922077	CEDFDFEL:0.2857142857142857	AFSKFAAL:0.2597402597402597	GGCEDFDF:0.2857142857142857	LVFRFVGN:0.2857142857142857	RFVGNGSG:0.2857142857142857	SGFMVRRA:0.24675324675324675	VFRFVGNG:0.2857142857142857	WHPTYVER:0.2077922077922078	VGGWSRFR:0.2597402597402597	GSGFMVRR:0.24675324675324675	PLGLVGYR:0.2857142857142857	HLVFRFVG:0.2857142857142857	LVGGWSRF:0.2597402597402597	LYAFSKFA:0.2727272727272727	RHLVFRFV:0.2857142857142857	RTAEHFKI:0.2857142857142857	GNGSGFMV:0.24675324675324675	SAHLYAFS:0.2727272727272727	GAVYALHR:0.2857142857142857	ELRTAEHF:0.2857142857142857	DFDFELRT:0.2857142857142857	YAFSKFAA:0.2597402597402597	DFELRTAE:0.2857142857142857	ADDLWHPT:0.23376623376623376	MLSALHPL:0.2077922077922078	WSRFRTKA:0.2077922077922078	VVIPAYNA:0.22077922077922077	RMLSALHP:0.2077922077922078	VAVVIPAY:0.2077922077922078	LSALHPLP:0.2077922077922078	AVVIPAYN:0.2077922077922078	ERMLSALH:0.2077922077922078	SRFRTKAL:0.2077922077922078	
