cluster number:1001
GT2:48	GT2:48
TDRNLRIY:0.20833333333333334	CYDRLGQH:0.20833333333333334	CMIVRNEE:0.375	LCMIVRNE:0.3125	GPVHEYLE:0.20833333333333334	LRRNRLVR:0.2708333333333333	WIGPVHEY:0.25	ILWLDADD:0.3541666666666667	RNRLVRRS:0.20833333333333334	MIVRNEEK:0.22916666666666666	HPSMLYNR:0.22916666666666666	RNFAFSKA:0.3541666666666667	YILWLDAD:0.375	LALCYDRL:0.20833333333333334	YTDRNLRI:0.20833333333333334	DQYYYANE:0.22916666666666666	RDQYYYAN:0.22916666666666666	QYYYANEL:0.20833333333333334	FSAARNFA:0.4583333333333333	IVDTGSTD:0.6041666666666666	NFAFSKAT:0.2916666666666667	DTGSTDKT:0.25	PRDQYYYA:0.22916666666666666	SPRDQYYY:0.22916666666666666	SAARNFAF:0.375	EYILWLDA:0.20833333333333334	FSPRDQYY:0.22916666666666666	SLRRNRLV:0.25	ALCYDRLG:0.20833333333333334	AARNFAFS:0.3541666666666667	QLALCYDR:0.20833333333333334	IGPVHEYL:0.25	RRNRLVRR:0.2708333333333333	LCYDRLGQ:0.20833333333333334	SLCMIVRN:0.3125	ISLCMIVR:0.3333333333333333	LQLALCYD:0.20833333333333334	YANELRDH:0.22916666666666666	ARNFAFSK:0.3541666666666667	VDTGSTDK:0.25	TISLCMIV:0.25	YYANELRD:0.22916666666666666	YYYANELR:0.22916666666666666	IIVDTGST:0.4375	DDFSAARN:0.20833333333333334	VDTGSTDR:0.20833333333333334	DTGSTDRT:0.20833333333333334	EDNIQACL:0.20833333333333334	DFSAARNF:0.3958333333333333	DEIIIVDT:0.3958333333333333	HEYLEVYG:0.25	EIIIVDTG:0.4166666666666667	IIIVDTGS:0.4166666666666667	VHEYLEVY:0.25	
