cluster number:276
GT2:37	GT2:37|GT4:1
SVIVPVYN:0.2972972972972973	IILVDDGS:0.32432432432432434	EIILVDDG:0.2972972972972973	LVDDGSTD:0.24324324324324326	ILVDDGST:0.21621621621621623	LEIILVDD:0.24324324324324326	ISVIVPVY:0.21621621621621623	VIVPVYNV:0.2702702702702703	VVDDGSTD:0.32432432432432434	IIVVDDGS:0.35135135135135137	LEIIVVDD:0.24324324324324326	EIIVVDDG:0.35135135135135137	SIIVPVYN:0.21621621621621623	IGFVDSDD:0.35135135135135137	YIGFVDSD:0.35135135135135137	IVVDDGST:0.32432432432432434	IVPVYNVE:0.43243243243243246	PVYNVERY:0.2702702702702703	VERYLDQC:0.21621621621621623	VYNVERYL:0.2702702702702703	YNVERYLD:0.21621621621621623	DDGSTDSS:0.4594594594594595	GFVDSDDY:0.21621621621621623	NVERYLDQ:0.21621621621621623	VDDGSTDS:0.3783783783783784	DGSTDSSG:0.21621621621621623	VPVYNVER:0.24324324324324326	
