cluster number:729
GT2:11	GT2:11
VDGGSTDR:0.5454545454545454	VVDGGSTD:0.45454545454545453	GSTDRTRE:0.5454545454545454	DGGSTDRT:0.6363636363636364	TDRTREIA:0.2727272727272727	GGSTDRTR:0.6363636363636364	STDRTREI:0.45454545454545453	VIVRMDAH:0.45454545454545453	PSREGFVE:0.36363636363636365	IVRMDAHA:0.36363636363636365	IEAGGAVY:0.2727272727272727	TNEDAELN:0.5454545454545454	LSSPLGVG:0.36363636363636365	AYRDPSRE:0.36363636363636365	YLSREIVA:0.2727272727272727	FQRALCAA:0.5454545454545454	LAYAALVI:0.2727272727272727	DYVAASVA:0.2727272727272727	PLAERPRC:0.2727272727272727	AHGLGFWA:0.2727272727272727	NAGGAARP:0.2727272727272727	QRIIEAGG:0.36363636363636365	RPLAERPR:0.2727272727272727	ALSSPLGV:0.36363636363636365	AGGAARPR:0.2727272727272727	REAFEIAG:0.2727272727272727	AGLLRGAR:0.2727272727272727	PRVTLLHN:0.2727272727272727	SREGFVES:0.36363636363636365	LAERPRCS:0.2727272727272727	HGLGFWAG:0.2727272727272727	RMDAHADY:0.36363636363636365	SPLGVGGS:0.36363636363636365	AALSSPLG:0.36363636363636365	REGFVESV:0.36363636363636365	NEDAELNQ:0.5454545454545454	LLCAIFPA:0.2727272727272727	FRREAFEI:0.2727272727272727	HAAHGLGF:0.2727272727272727	YNEERYIE:0.2727272727272727	PLGVGGSA:0.36363636363636365	PCYNEERY:0.2727272727272727	CAALSSPL:0.36363636363636365	RIIEAGGA:0.2727272727272727	VRMDAHAD:0.36363636363636365	AYAALVIA:0.2727272727272727	EDAELNQR:0.5454545454545454	LGFWAGLL:0.2727272727272727	LNQRIIEA:0.36363636363636365	DAELNQRI:0.5454545454545454	RIQAAAMN:0.2727272727272727	GGAVYLSR:0.2727272727272727	EAFEIAGL:0.2727272727272727	GAFRREAF:0.2727272727272727	AAHGLGFW:0.2727272727272727	GAVYLSRE:0.2727272727272727	VYLSREIV:0.2727272727272727	AITNEDAE:0.45454545454545453	LGVGGSAY:0.36363636363636365	AFRREAFE:0.2727272727272727	CYNEERYI:0.2727272727272727	ALCAALSS:0.36363636363636365	GVGGSAYR:0.36363636363636365	ARTLLRRR:0.2727272727272727	GGAARPRH:0.2727272727272727	RREAFEIA:0.2727272727272727	ITNEDAEL:0.45454545454545453	WAGLLRGA:0.2727272727272727	AFEIAGLY:0.2727272727272727	IIEAGGAV:0.2727272727272727	RDPSREGF:0.36363636363636365	YRDPSREG:0.36363636363636365	GSAYRDPS:0.36363636363636365	RARTLLRR:0.2727272727272727	VGGSAYRD:0.36363636363636365	GGSAYRDP:0.36363636363636365	DPSREGFV:0.36363636363636365	QRALCAAL:0.5454545454545454	FEIAGLYD:0.2727272727272727	LCAALSSP:0.36363636363636365	AELNQRII:0.36363636363636365	AVYLSREI:0.2727272727272727	GLGFWAGL:0.2727272727272727	EIAGLYDP:0.2727272727272727	AGGAVYLS:0.2727272727272727	SAYRDPSR:0.36363636363636365	MDAHADYA:0.36363636363636365	ELNQRIIE:0.36363636363636365	AERPRCSI:0.2727272727272727	SSPLGVGG:0.36363636363636365	ALNAGGAA:0.2727272727272727	RVTLLHNP:0.2727272727272727	RALCAALS:0.36363636363636365	GRARTLLR:0.2727272727272727	LNAGGAAR:0.2727272727272727	EAGGAVYL:0.2727272727272727	GFWAGLLR:0.2727272727272727	NQRIIEAG:0.36363636363636365	FWAGLLRG:0.2727272727272727	
