cluster number:189
GT2:65	GT2:65
ADLTMPPE:0.23076923076923078	FDLLFGAA:0.2923076923076923	AYFGDFDP:0.2153846153846154	KDTLCGTK:0.3076923076923077	GKGKGDAV:0.4307692307692308	FGDFDLLF:0.3384615384615385	LDADLTMP:0.23076923076923078	ILDADLTM:0.23076923076923078	GDFDPFGD:0.8	DADLTMPP:0.23076923076923078	GDFDLLFG:0.3384615384615385	PARNEAGN:0.3384615384615385	YFGDFDPF:0.676923076923077	ILMILDAD:0.3230769230769231	FDPFGDFD:0.8307692307692308	DILMILDA:0.2923076923076923	TLCGTKVL:0.6461538461538462	DFDLLFGA:0.3384615384615385	DPFGDFDL:0.8307692307692308	MILDADLT:0.4461538461538462	ARNEAGNI:0.35384615384615387	PFGDFDLL:0.36923076923076925	FGDFDPFG:0.7538461538461538	LMILDADL:0.4307692307692308	GDILMILD:0.2923076923076923	DFDPFGDF:0.8	DTLCGTKV:0.7538461538461538	KGKGDAVR:0.4307692307692308	ADLTVPPE:0.26153846153846155	DLLFGAAK:0.23076923076923078	LCGTKVLW:0.3384615384615385	CGTKVLWR:0.2	DADLTVPP:0.26153846153846155	LLFGAAKL:0.23076923076923078	NGSRLVYP:0.2923076923076923	EFINGSRL:0.2	LDADLTVP:0.26153846153846155	ILDADLTV:0.4307692307692308	PPEDLPKF:0.2153846153846154	DFDLIFGA:0.46153846153846156	FGASKLNL:0.2153846153846154	TDTLCGTK:0.38461538461538464	IFGASKLN:0.2	GDFDLIFG:0.46153846153846156	PFGDFDLI:0.46153846153846156	LIFGASKL:0.2	FGDFDLIF:0.46153846153846156	GKGEFING:0.2	FDLIFGAS:0.2	DLIFGASK:0.2	GEFINGTR:0.2	MKQPGKGK:0.2	YGETQISR:0.2923076923076923	FDLIFGAA:0.23076923076923078	RNERGNIE:0.26153846153846155	RFTDTLCG:0.2	GETQISRF:0.3384615384615385	NGTRLVYP:0.24615384615384617	GTRLVYPM:0.24615384615384617	GSRLVYPM:0.2153846153846154	VLMILDAD:0.2153846153846154	
