cluster number:1783
GT2:69	GT2:69
GKGAALNA:0.2753623188405797	RTGSVGLG:0.2463768115942029	FLTQRTRW:0.30434782608695654	LGGNGQFT:0.34782608695652173	AHVWVIDD:0.21739130434782608	TRWAQGNI:0.2028985507246377	WHFFVPCR:0.4057971014492754	AKTRRNAE:0.30434782608695654	TQRTRWAQ:0.4057971014492754	GWAKTRRN:0.5072463768115942	FVPCRDEE:0.30434782608695654	GSVGLGGN:0.2608695652173913	ALLEDYEL:0.34782608695652173	SVGLGGNG:0.30434782608695654	GAALNAAY:0.21739130434782608	GLGGNGQF:0.391304347826087	LTQRTRWA:0.34782608695652173	TGSVGLGG:0.2608695652173913	RTRWAQGN:0.36231884057971014	VGLGGNGQ:0.4057971014492754	QRTRWAQG:0.4492753623188406	HFFVPCRD:0.4057971014492754	GGNGQFTR:0.6666666666666666	FFVPCRDE:0.4057971014492754	RRFLTQRT:0.2753623188405797	RFLTQRTR:0.30434782608695654	WAKTRRNA:0.36231884057971014	GNGQFTRL:0.6231884057971014	LLEDYELG:0.3333333333333333	KGAALNAA:0.2608695652173913	GKGDALNA:0.391304347826087	DLEFRTAI:0.21739130434782608	GSLLEDFE:0.21739130434782608	LLEDFELG:0.2898550724637681	FELGVHLL:0.2028985507246377	SLLEDFEL:0.21739130434782608	MQDLEFRT:0.2463768115942029	NGQFTRLS:0.4492753623188406	QRTRWGQG:0.2318840579710145	FTRLSALD:0.2753623188405797	LEDFELGV:0.21739130434782608	ARTGKGDA:0.42028985507246375	RTRWGQGT:0.21739130434782608	LYSLRRFL:0.2028985507246377	RMQDLEFR:0.2028985507246377	QDLEFRTA:0.21739130434782608	ELGVHLLT:0.2028985507246377	RWGQGTMQ:0.21739130434782608	GQFTRLSA:0.30434782608695654	RTGKGDAL:0.42028985507246375	EDFELGVH:0.21739130434782608	DFELGVHL:0.2028985507246377	TRWGQGTM:0.21739130434782608	QFTRLSAL:0.30434782608695654	TGKGDALN:0.42028985507246375	VVDADGRP:0.2028985507246377	WRGSLLED:0.21739130434782608	VVVDADGR:0.21739130434782608	WGQGTMQC:0.21739130434782608	PWRGSLLE:0.21739130434782608	RGSLLEDF:0.21739130434782608	VPCRDEEA:0.2753623188405797	CRDEEAVI:0.2318840579710145	GDALNAAY:0.36231884057971014	MGGNGQFT:0.3188405797101449	NGWAKTRR:0.30434782608695654	KGDALNAA:0.36231884057971014	PCRDEEAV:0.3188405797101449	GRNGWAKT:0.2318840579710145	RNGWAKTR:0.2318840579710145	PEARTGKG:0.2318840579710145	EARTGKGD:0.21739130434782608	EDYELGLH:0.21739130434782608	LEDYELGL:0.2463768115942029	
