cluster number:688
GT2:19	GT2:19
RNGHLRLF:0.21052631578947367	AFYAFLKY:0.3684210526315789	GHLRLFDR:0.21052631578947367	HLRLFDRR:0.2631578947368421	WADEIVVL:0.2631578947368421	KYAKLHEA:0.21052631578947367	FIASVTGA:0.2631578947368421	DSGSTDDT:0.3684210526315789	IVVLDSGS:0.3157894736842105	WAGFIASV:0.2631578947368421	PFDDYGPQ:0.21052631578947367	LDSGSTDD:0.3157894736842105	ADEIVVLD:0.3157894736842105	LNGWAGFI:0.2631578947368421	YAKLHEAR:0.21052631578947367	YFLNGWAG:0.21052631578947367	NNADTLDA:0.21052631578947367	GWAGFIAS:0.2631578947368421	FLNGWAGF:0.2631578947368421	IASVTGAF:0.2631578947368421	LPRRERMF:0.21052631578947367	ADTLDACL:0.21052631578947367	NADTLDAC:0.21052631578947367	LRLFDRRR:0.21052631578947367	SVTGAFYA:0.21052631578947367	MFWTVQHR:0.21052631578947367	DEIVVLDS:0.3157894736842105	SGSTDDTV:0.21052631578947367	KRYFLNGW:0.21052631578947367	LKYAKLHE:0.2631578947368421	NGHLRLFD:0.21052631578947367	GFIASVTG:0.2631578947368421	AFLKYAKL:0.42105263157894735	RFTGLRMV:0.21052631578947367	ASVTGAFY:0.2631578947368421	FYAFLKYA:0.3684210526315789	RRERMFWT:0.21052631578947367	YAFLKYAK:0.42105263157894735	ERMFWTVQ:0.21052631578947367	VVLDSGST:0.2631578947368421	DDYGPQKQ:0.21052631578947367	AGFIASVT:0.2631578947368421	RYFLNGWA:0.21052631578947367	REPLSVVV:0.21052631578947367	STDDTVAI:0.2631578947368421	EIVVLDSG:0.3157894736842105	QRFTGLRM:0.21052631578947367	RMFWTVQH:0.21052631578947367	GSTDDTVA:0.2631578947368421	TDDTVAIA:0.2631578947368421	YGPQKQRA:0.21052631578947367	TGAFYAFL:0.21052631578947367	RERMFWTV:0.21052631578947367	GAFYAFLK:0.21052631578947367	DYGPQKQR:0.21052631578947367	FDDYGPQK:0.21052631578947367	VLDSGSTD:0.47368421052631576	RLPRRERM:0.21052631578947367	NGWAGFIA:0.2631578947368421	FLKYAKLH:0.2631578947368421	VTGAFYAF:0.21052631578947367	PRRERMFW:0.21052631578947367	HPFDDYGP:0.21052631578947367	HDWILNLD:0.21052631578947367	ILNLDADE:0.2631578947368421	WILNLDAD:0.2631578947368421	DWILNLDA:0.21052631578947367	FLKYAKLY:0.21052631578947367	LKYAKLYE:0.21052631578947367	
