cluster number:1849
GT2:15	GT2:15|GT4:13
SRFESFGL:0.4666666666666667	DETDVCLR:0.26666666666666666	LDETDVCL:0.26666666666666666	RFESFGLI:0.26666666666666666	FVAPSRFE:0.4	APSRFESF:0.4	VVNGPSTD:0.6	DIFVAPSR:0.26666666666666666	PSRFESFG:0.4666666666666667	IVVNGPST:0.4	VAPSRFES:0.4	VAFIDDDA:0.5333333333333333	DDDAIPEP:0.4	IDDDAIPE:0.4	FIDDDAIP:0.4	PNFEIIVV:0.2	IVAFIDDD:0.26666666666666666	AFIDDDAI:0.4	EYFLDETD:0.3333333333333333	IVINTLNR:0.2	VANLSVSR:0.2	FEVIVVNG:0.2	FDEEFEYF:0.2	PLVTSLHT:0.2	DDAIPEPE:0.26666666666666666	AIPEPEWL:0.26666666666666666	RKGIDVLL:0.26666666666666666	DEEFEYFL:0.2	SVSRNIGI:0.2	EFEYFLDE:0.2	CDVFVAPS:0.2	EVIVVNGP:0.26666666666666666	DVVAFIDD:0.2	VLFVGRLE:0.26666666666666666	EEFEYFLD:0.2	SIVINTLN:0.2	ANLSVSRN:0.2	PSRYESFG:0.3333333333333333	LVTSLHTT:0.2	GGFDEEFE:0.2	SRYESFGL:0.3333333333333333	VAPSRYES:0.26666666666666666	LSVSRNIG:0.2	WPLVTSLH:0.2	NLSVSRNI:0.2	YFLDETDV:0.5333333333333333	FVAPSRYE:0.26666666666666666	FEYFLDET:0.2	GDVVAFID:0.2	GFDEEFEY:0.2	DAIPEPEW:0.26666666666666666	VVAFIDDD:0.3333333333333333	FLDETDVC:0.3333333333333333	APSRYESF:0.3333333333333333	AAGDVVAF:0.2	VIVVNGPS:0.26666666666666666	DVFVAPSR:0.2	FLDETDVI:0.2	YAYFLDET:0.2	CDIFVAPS:0.26666666666666666	YESFGLIY:0.2	GDIVAFID:0.2	AYFLDETD:0.2	VHHKYAPS:0.2	RYESFGLI:0.2	DIVAFIDD:0.2	LEIGGFDE:0.2	GVWVHRIV:0.26666666666666666	GTNSSFRR:0.2	EDGVWVHR:0.26666666666666666	VWVHRIVP:0.2	LLEIGGFD:0.2	IGGFDEEY:0.2	EANLSKSR:0.2	ANLSKSRN:0.2	ALLEIGGF:0.2	EIGGFDEE:0.3333333333333333	NLSKSRNI:0.2	ESFGLIYV:0.26666666666666666	IGGFDEEF:0.2	LIYVEAMM:0.26666666666666666	GLIYVEAM:0.26666666666666666	SKSRNIGI:0.2	FGLIYVEA:0.26666666666666666	FESFGLIY:0.2	SFGLIYVE:0.26666666666666666	LSKSRNIG:0.2	ALESHPEW:0.2	TDVCVRVI:0.2	ILKNTLYF:0.2	IYVEAMMF:0.2	SRNIGIAA:0.2	DETDVCVR:0.2	FPVVVSLQ:0.2	GRLELRKG:0.2	PVVVSLQT:0.2	GFDEEYEY:0.2	LELRKGID:0.2	DVCVRVID:0.2	RLELRKGI:0.2	HYPILKNT:0.2	PILKNTLY:0.2	ETDVCVRV:0.2	VHHKFLPS:0.2	VVVSLQTS:0.2	YPILKNTL:0.2	LDETDVCV:0.2	IALESHPE:0.2	VVVNGPST:0.2	RFESFGLV:0.2	VNGPSTDN:0.2	
