cluster number:1123
GT2:6	GT2:6
YLDADLQT:0.6666666666666666	VTGWRKQR:0.3333333333333333	MFKGLQRF:0.6666666666666666	KAAFDHID:0.3333333333333333	CFAYVWMK:0.3333333333333333	IPHYPRLA:0.5	LQRFLPAM:0.6666666666666666	CPLKIIKT:0.3333333333333333	WRKQRKDT:0.3333333333333333	LDADLQTY:0.5	TPLLGYLD:0.3333333333333333	HMHDTGCP:0.3333333333333333	GCPLKIIK:0.3333333333333333	RFMGPLLD:0.3333333333333333	EVEIPHYP:0.3333333333333333	GKGAALKA:0.6666666666666666	TGWRKQRK:0.3333333333333333	DTGCPLKI:0.5	IVPVYNEQ:0.3333333333333333	AALKAAFD:0.6666666666666666	GYLDADLQ:0.6666666666666666	KGAALKAA:0.6666666666666666	MNYEFTII:0.3333333333333333	LLDCFAYV:0.3333333333333333	IPMFKGLQ:0.6666666666666666	VWMKKSYI:0.3333333333333333	GLQRFLPA:0.6666666666666666	KGLQRFLP:0.6666666666666666	AAFDHIDT:0.3333333333333333	PMFKGLQR:0.6666666666666666	TIIVPVYN:0.5	FERNFGKG:0.3333333333333333	MGPLLDCF:0.3333333333333333	YVWMKKSY:0.3333333333333333	FAYVWMKK:0.3333333333333333	YLLFERNF:0.3333333333333333	HDTGCPLK:0.6666666666666666	LLFERNFG:0.3333333333333333	GWRKQRKD:0.3333333333333333	PLLGYLDA:0.3333333333333333	YEFTIIVP:0.3333333333333333	AYVWMKKS:0.3333333333333333	AFDHIDTP:0.3333333333333333	VEIPHYPR:0.3333333333333333	FTIIVPVY:0.5	FGKGAALK:0.5	EIPHYPRL:0.5	LKAAFDHI:0.3333333333333333	LDCFAYVW:0.3333333333333333	LGYLDADL:0.6666666666666666	NFGKGAAL:0.5	PHYPRLAG:0.5	LLGYLDAD:0.3333333333333333	QRFLPAMV:0.3333333333333333	ALKAAFDH:0.6666666666666666	FKGLQRFL:0.6666666666666666	DHMHDTGC:0.3333333333333333	RNFGKGAA:0.3333333333333333	NRFMGPLL:0.3333333333333333	DCFAYVWM:0.5	LFERNFGK:0.3333333333333333	FLPAMVLL:0.3333333333333333	DLVTGWRK:0.5	GAALKAAF:0.6666666666666666	MHDTGCPL:0.5	TGCPLKII:0.3333333333333333	EFTIIVPV:0.3333333333333333	LPAMVLLQ:0.3333333333333333	IIVPVYNE:0.5	ERNFGKGA:0.3333333333333333	DADLQTYP:0.5	LVTGWRKQ:0.3333333333333333	NYEFTIIV:0.3333333333333333	PLLDCFAY:0.3333333333333333	FMGPLLDC:0.3333333333333333	GPLLDCFA:0.3333333333333333	RFLPAMVL:0.3333333333333333	QTYPEDFE:0.3333333333333333	DDGSSDGS:0.3333333333333333	KIPMFKGL:0.5	KNRFMGPL:0.3333333333333333	FKNRFMGP:0.3333333333333333	AKKIPMFK:0.5	ADLQTYPE:0.3333333333333333	LQTYPEDF:0.3333333333333333	SYAKKIPM:0.3333333333333333	QRFLPAMI:0.3333333333333333	DLQTYPED:0.3333333333333333	TSYAKKIP:0.3333333333333333	LPAMILLQ:0.3333333333333333	QFTIIVPV:0.3333333333333333	KKIPMFKG:0.5	LVDDGSSD:0.3333333333333333	RFLPAMIL:0.3333333333333333	KTSYAKKI:0.3333333333333333	VDDGSSDG:0.3333333333333333	FLPAMILL:0.3333333333333333	YAKKIPMF:0.5	LLVDDGSS:0.3333333333333333	SKYNFKNR:0.3333333333333333	VLLVDDGS:0.5	KYNFKNRF:0.3333333333333333	LVDDGSTD:0.3333333333333333	VDDGSTDG:0.3333333333333333	DGSTDGSP:0.3333333333333333	DDGSTDGS:0.3333333333333333	GSTDGSPA:0.3333333333333333	
