cluster number:851
GT2:22	GT2:22
PRHFQHFG:0.22727272727272727	GNDAVGGR:0.22727272727272727	QHFGASIA:0.22727272727272727	IIASTDGD:0.36363636363636365	IASTDGDT:0.4090909090909091	DAVGGRIL:0.5	WPRHFQHF:0.22727272727272727	IVPVRNEA:0.4090909090909091	PWPRHFQH:0.22727272727272727	MDEAYRRL:0.36363636363636365	GIIASTDG:0.36363636363636365	NDAVGGRI:0.22727272727272727	AVGGRILT:0.45454545454545453	LMDEAYRR:0.4090909090909091	HFGASIAV:0.22727272727272727	HDPWPRHF:0.22727272727272727	FGASIAVT:0.22727272727272727	HFQHFGAS:0.22727272727272727	DPWPRHFQ:0.22727272727272727	RHFQHFGA:0.22727272727272727	VIVPVRNE:0.45454545454545453	RRLLMDEA:0.2727272727272727	SVIVPVRN:0.22727272727272727	LLMDEAYR:0.22727272727272727	GADAVGGR:0.5454545454545454	QHFGASLA:0.22727272727272727	ADAVGGRI:0.5454545454545454	HYQHYGAS:0.22727272727272727	IASTDGDS:0.3181818181818182	TPEDVAFY:0.22727272727272727	HYGASLAV:0.2727272727272727	RHYQHYGA:0.22727272727272727	AVGGRIIT:0.22727272727272727	QHYGASLA:0.2727272727272727	VRTPEDVA:0.2727272727272727	PRHYQHYG:0.22727272727272727	DAVGGRII:0.22727272727272727	YGASLAVT:0.2727272727272727	RTPEDVAF:0.22727272727272727	GVIASTDG:0.3181818181818182	VIASTDGD:0.36363636363636365	
