cluster number:1050
GT2:19	GT2:19
LVARADSD:0.3157894736842105	EFFIWNDD:0.21052631578947367	DFSVLMSV:0.21052631578947367	SFVSILMD:0.21052631578947367	VSILMDAQ:0.21052631578947367	VWTNGEDH:0.21052631578947367	RVVWTNGE:0.21052631578947367	AIQRRLYT:0.21052631578947367	VVWTNGED:0.21052631578947367	NMGGAGGF:0.2631578947368421	KLWVFTRS:0.21052631578947367	SVLMSVYA:0.2631578947368421	VARADSDD:0.3684210526315789	WVFTRSRT:0.21052631578947367	AVGIDRAL:0.21052631578947367	FYNDVRNK:0.2631578947368421	EKLLYGGS:0.21052631578947367	RPIRSASF:0.3157894736842105	KTFGTTNA:0.21052631578947367	RTVAVVVT:0.21052631578947367	IRSASFVS:0.3157894736842105	HPMNTPRT:0.21052631578947367	FIWNDDFE:0.3157894736842105	DFEFSTRL:0.3684210526315789	DDFEFSTR:0.3684210526315789	AVGARPIR:0.21052631578947367	FVSILMDA:0.21052631578947367	LVWVMDDD:0.3157894736842105	WNDDFEFS:0.3684210526315789	NGEDHPMN:0.21052631578947367	AVVVTYNR:0.2631578947368421	MDDDTEPT:0.2631578947368421	GEDHPMNT:0.21052631578947367	IWNDDFEF:0.3157894736842105	VMDDDTEP:0.3684210526315789	RYRVGAGA:0.3157894736842105	PLEKLLYG:0.21052631578947367	AGGFAVGI:0.3157894736842105	GAGGFAVG:0.3684210526315789	ASRVVWTN:0.21052631578947367	GAEDWWLW:0.2631578947368421	HNPDLVWV:0.21052631578947367	FAVGIDRA:0.2631578947368421	PDFSVLMS:0.21052631578947367	GARPIRSA:0.2631578947368421	RFYNDVRN:0.2631578947368421	DGPLTPEL:0.21052631578947367	DLVWVMDD:0.3157894736842105	FFIWNDDF:0.3157894736842105	ASFVSILM:0.21052631578947367	TVAVVVTY:0.21052631578947367	LEKLLYGG:0.21052631578947367	VDNASTDG:0.47368421052631576	DDDTEPTE:0.2631578947368421	ALVRYRVG:0.21052631578947367	FSVLMSVY:0.3157894736842105	TNGEDHPM:0.21052631578947367	VRNKLWVF:0.21052631578947367	ELVARADS:0.2631578947368421	GGFAVGID:0.2631578947368421	MGGAGGFA:0.2631578947368421	TEPTENTL:0.2631578947368421	VPGAEDWW:0.2631578947368421	NDVRNKLW:0.21052631578947367	WTNGEDHP:0.21052631578947367	NASTDGTA:0.3157894736842105	NPDLVWVM:0.21052631578947367	PRFYNDVR:0.2631578947368421	DTEPTENT:0.2631578947368421	TKTFGTTN:0.21052631578947367	LVRYRVGA:0.3157894736842105	SRVVWTNG:0.21052631578947367	HTKTFGTT:0.2631578947368421	DDTEPTEN:0.2631578947368421	PDLVWVMD:0.2631578947368421	PGPRFYND:0.2631578947368421	YRVGAGAY:0.3684210526315789	VAVVVTYN:0.3157894736842105	PGAEDWWL:0.2631578947368421	RSASFVSI:0.21052631578947367	NDDFEFST:0.3684210526315789	GGAGGFAV:0.3684210526315789	NKLWVFTR:0.21052631578947367	DVRNKLWV:0.2631578947368421	GFAVGIDR:0.2631578947368421	ASTDGTAE:0.21052631578947367	DHPMNTPR:0.2631578947368421	QRRLYTGH:0.21052631578947367	YNDVRNKL:0.21052631578947367	RHNPDLVW:0.21052631578947367	HHTKTFGT:0.2631578947368421	ARPIRSAS:0.2631578947368421	PIRSASFV:0.3157894736842105	IQRRLYTG:0.21052631578947367	YELVARAD:0.21052631578947367	VWVMDDDT:0.3157894736842105	RVGAGAYT:0.2631578947368421	IAVPSSVA:0.21052631578947367	EALVRYRV:0.2631578947368421	WVMDDDTE:0.3684210526315789	GPRFYNDV:0.2631578947368421	VGARPIRS:0.2631578947368421	VRYRVGAG:0.3157894736842105	DNASTDGT:0.42105263157894735	VFTRSRTL:0.21052631578947367	RNKLWVFT:0.21052631578947367	SASFVSIL:0.21052631578947367	PEALVRYR:0.21052631578947367	VVDNASTD:0.3684210526315789	VVVVDNAS:0.42105263157894735	VVVDNAST:0.3684210526315789	AVVVVDNA:0.2631578947368421	FEFSTRLA:0.21052631578947367	GGAGGFAA:0.21052631578947367	GAGGFAAG:0.21052631578947367	ARADSDDI:0.21052631578947367	
