cluster number:2061
GT2:18	GT2:18
ISGEDYDL:0.2222222222222222	TPRTACVL:0.3333333333333333	VVDDGSTD:0.6666666666666666	YVAFLDSD:0.3888888888888889	VLVVDDGS:0.6111111111111112	ACVLAVRT:0.3333333333333333	VFAQEERD:0.2777777777777778	FFSVVIPT:0.2777777777777778	GTEPGFAW:0.2222222222222222	RERLEMLL:0.2222222222222222	PRTACVLA:0.3333333333333333	GPGAARNL:0.3888888888888889	LAVRTEAL:0.3333333333333333	SVVIPTYN:0.2777777777777778	GSTDDTLE:0.2222222222222222	VIPTYNRA:0.2777777777777778	VAFLDSDD:0.3888888888888889	TEALRRVG:0.2222222222222222	EALRRVGG:0.2777777777777778	NAGPGAAR:0.3333333333333333	RTEALRRV:0.2777777777777778	FSVVIPTY:0.2777777777777778	DDGSTDDT:0.6111111111111112	RTPRTACV:0.2777777777777778	EVLVVDDG:0.6111111111111112	NLGIQEAR:0.2777777777777778	TACVLAVR:0.3333333333333333	SVFAQEER:0.2777777777777778	RTACVLAV:0.3333333333333333	PWTLATYR:0.2222222222222222	PTYNRARL:0.4444444444444444	GFAWVRAP:0.2777777777777778	EDYDLLYR:0.2777777777777778	GEDYDLLY:0.2222222222222222	ALRRVGGF:0.2777777777777778	GAARNLGI:0.3888888888888889	CVLAVRTE:0.3333333333333333	VRTEALRR:0.2777777777777778	MPFFSVVI:0.2222222222222222	PFFSVVIP:0.2777777777777778	TEPGFAWV:0.2222222222222222	IPTYNRAR:0.3888888888888889	YDLLYRLG:0.2222222222222222	VLAVRTEA:0.3333333333333333	AVRTEALR:0.3333333333333333	RISGEDYD:0.2222222222222222	RNLGIQEA:0.2777777777777778	YNRARLLE:0.3888888888888889	VVIPTYNR:0.2777777777777778	DLLYRLGT:0.2222222222222222	ARNLGIQE:0.2777777777777778	DRTPRTAC:0.2777777777777778	RLGRYPGG:0.2222222222222222	RLGTEPGF:0.2222222222222222	SGEDYDLL:0.2222222222222222	LVVDDGST:0.4444444444444444	EPGFAWVR:0.2222222222222222	AARNLGIQ:0.2777777777777778	VDDGSTDD:0.6111111111111112	LGIQEARG:0.2777777777777778	AGPGAARN:0.3333333333333333	PGFAWVRA:0.2777777777777778	ERLGRYPG:0.2222222222222222	DYDLLYRL:0.2222222222222222	ERLEMLLY:0.2222222222222222	QERLGRYP:0.2222222222222222	LALDLYRR:0.2222222222222222	DFEVLVVD:0.3333333333333333	TYNRARLL:0.4444444444444444	WFPWTLAT:0.2222222222222222	FEVLVVDD:0.3888888888888889	DGSTDDTL:0.2777777777777778	PGAARNLG:0.3888888888888889	FPWTLATY:0.2222222222222222	LRRVGGFT:0.2777777777777778	LASVFAQE:0.2222222222222222	ASVFAQEE:0.2222222222222222	FSVIIPTY:0.2222222222222222	VIIPTYNR:0.3888888888888889	IIPTYNRA:0.3888888888888889	SVIIPTYN:0.3888888888888889	SDDLWFPW:0.2222222222222222	FLDSDDLW:0.2222222222222222	DLWFPWTL:0.2222222222222222	DDLWFPWT:0.2222222222222222	DSDDLWFP:0.2222222222222222	LDSDDLWF:0.2222222222222222	FLDSDDEW:0.2222222222222222	AFLDSDDE:0.2222222222222222	
