cluster number:1109
GT2:284	GT2:284
YNVTEDAD:0.5352112676056338	PLGGTSNH:0.8838028169014085	VTEDADLG:0.852112676056338	PRTKPKAL:0.24295774647887325	NVTEDADL:0.8626760563380281	IPLGGTSN:0.6232394366197183	LGGTSNHF:0.7183098591549296	GGTSNHFR:0.5387323943661971	NWIRQRSR:0.39436619718309857	PIPLGGTS:0.5105633802816901	TEDADLGV:0.34507042253521125	RSRWIKGY:0.20422535211267606	WIRQRSRW:0.397887323943662	PFNVTEDA:0.23591549295774647	TKPKACNY:0.4823943661971831	QRSRWIKG:0.23943661971830985	WDPFNVTE:0.24647887323943662	PKTKPKAC:0.29225352112676056	DPFNVTED:0.24295774647887325	KPKACNYG:0.3345070422535211	PKACNYGL:0.2852112676056338	KTKPKACN:0.29225352112676056	FNVTEDAD:0.28169014084507044	EDADLGVR:0.352112676056338	TEDADLGI:0.23591549295774647	EDADLGIR:0.23591549295774647	KGYMQTWL:0.22183098591549297	PYNVTEDA:0.3908450704225352	DPYNVTED:0.397887323943662	YMQTWLVH:0.22183098591549297	WDPYNVTE:0.397887323943662	QTWLVHMR:0.29225352112676056	AWDPYNVT:0.31338028169014087	MQTWLVHM:0.21830985915492956	GYMQTWLV:0.22183098591549297	RTKPKACN:0.22183098591549297	RSRWYKGY:0.21830985915492956	PRTKPKAC:0.22183098591549297	QRSRWYKG:0.22183098591549297	RWYKGYLQ:0.20422535211267606	RQRSRWYK:0.21830985915492956	SRWYKGYL:0.20422535211267606	
