cluster number:2316
GT2:48	GT2:48
NPDTVVAE:0.4166666666666667	IIVVDNNS:0.375	EDIDLSYK:0.25	VDILVGAF:0.2916666666666667	YGEDIDLS:0.375	YFMYGEDI:0.4375	GEDIDLSY:0.375	DTVVAEDT:0.4166666666666667	IHYKGEST:0.4791666666666667	DILVGAFM:0.3333333333333333	EIIVVDNN:0.375	MYGEDIDL:0.375	FMYGEDID:0.4375	ILNPDTVV:0.7291666666666666	PDTVVAED:0.4166666666666667	VIHYKGES:0.3958333333333333	TVVAEDTF:0.4166666666666667	LNPDTVVA:0.4166666666666667	FLPESKRG:0.2916666666666667	SKGNNIGV:0.2708333333333333	FDEDYFMY:0.4166666666666667	IFYKKHFK:0.20833333333333334	DEDYFMYG:0.375	GFDEDYFM:0.3958333333333333	KLIENKEN:0.25	CILNPDTV:0.7291666666666666	VKLIENKE:0.20833333333333334	FSKGNNIG:0.2708333333333333	YGAMQIFY:0.20833333333333334	EDYFMYGE:0.375	LGIVGCKL:0.22916666666666666	DYFMYGED:0.375	RFYGAMQI:0.20833333333333334	YLCILNPD:0.20833333333333334	GIVGCKLI:0.20833333333333334	FYGAMQIF:0.20833333333333334	LCILNPDT:0.20833333333333334	GFSKGNNI:0.2708333333333333	VCILNPDT:0.25	FLPESKRN:0.2916666666666667	LNYNVRYF:0.4791666666666667	YVCILNPD:0.20833333333333334	GNFLPESK:0.20833333333333334	ILNYNVRY:0.4791666666666667	SVIILNYN:0.4583333333333333	NYNVRYFL:0.4791666666666667	NFLPESKR:0.20833333333333334	IILNYNVR:0.4166666666666667	YNVRYFLE:0.4791666666666667	LSVIILNY:0.4583333333333333	GGFDEDYF:0.25	VIILNYNV:0.4375	AEIIVVDN:0.3958333333333333	DAEIIVVD:0.3125	QLSVIILN:0.3125	FPKGNNIG:0.3125	MQLSVIIL:0.2916666666666667	PTPWVAFT:0.25	HYKGESTV:0.20833333333333334	YICILNPD:0.3125	ICILNPDT:0.3541666666666667	TPWVAFTK:0.25	GFPKGNNI:0.3333333333333333	PWVAFTKI:0.22916666666666666	SDDIDLSY:0.22916666666666666	MYSDDIDL:0.22916666666666666	YSDDIDLS:0.22916666666666666	FMYSDDID:0.22916666666666666	TVIHYKGE:0.22916666666666666	PKGNNIGV:0.2708333333333333	TTVIHYKG:0.22916666666666666	CFMYSDDI:0.22916666666666666	KGNNIGVA:0.3125	NVRYFLEL:0.3125	VRYFLELC:0.3125	RYFLELCL:0.22916666666666666	
