cluster number:543
GT2:30	GT2:30
ANGHVHGA:0.3	VHGANLGV:0.6666666666666666	VGRTPGGY:0.2	CTDADSAV:0.2	HGANLGVR:0.6	ACTDADSA:0.2	GRTPGGYA:0.43333333333333335	PARDEEEL:0.23333333333333334	VGTVRPEL:0.2	TDADSAVP:0.26666666666666666	DVVVGTVR:0.26666666666666666	HVHGANLG:0.8	NGHVHGAN:0.4	GHVHGANL:0.43333333333333335	AAGEVLTS:0.23333333333333334	VVGTVRPE:0.2	VVVGTVRP:0.26666666666666666	ANLGVRAD:0.5333333333333333	NLGVRADA:0.4666666666666667	LGVRADAY:0.43333333333333335	GANLGVRA:0.6333333333333333	HPHVHGAN:0.26666666666666666	PHVHGANL:0.26666666666666666	AEHEDVDL:0.23333333333333334	EHEDVDLV:0.3	VIPARDEE:0.26666666666666666	VVIPARDE:0.26666666666666666	GRVGAARA:0.2	ADVVVGTV:0.2	TPGGYAGY:0.23333333333333334	PGGYAGYL:0.23333333333333334	WIACTDAD:0.2	RTPGGYAG:0.26666666666666666	GADVVVGT:0.2	IACTDADS:0.2	
