cluster number:1574
GT2:12	GT2:12
VVADNCTD:0.4166666666666667	ADNCTDDT:0.25	DNCTDDTA:0.25	AVSGTGFL:0.25	TSYRNSKN:0.75	NWISAGYA:0.3333333333333333	SCAVSGTG:0.6666666666666666	LLTEDIEF:0.5833333333333334	LTEDIEFS:0.5	YRNSKNYD:0.25	HLLTEDIE:0.5833333333333334	GEKIGYCR:0.25	SYRNSKNY:0.4166666666666667	FMFTYIPI:0.25	AKGFYQVF:0.5833333333333334	GKGYALDY:0.4166666666666667	WAKGFYQV:0.5833333333333334	CAVSGTGF:0.6666666666666666	RWAKGFYQ:0.5833333333333334	VFDADNLL:0.25	YFVFDADN:0.4166666666666667	VAREAGAI:0.3333333333333333	VFDADNVL:0.4166666666666667	EQPITFRD:0.3333333333333333	TLNTSCAV:0.3333333333333333	EAGAIVFP:0.25	DSNWISAG:0.25	TGFFIAAD:0.25	VLTTFVEW:0.25	DMLMTIAP:0.3333333333333333	LNQARLTL:0.25	FVEWDSIR:0.25	LMTIAPGM:0.3333333333333333	STSYRNSK:0.3333333333333333	VFVIADNC:0.25	GVLTTFVE:0.25	KGYALDYG:0.3333333333333333	LNTSCAVS:0.3333333333333333	TIAPGMLL:0.3333333333333333	TTFVEWDS:0.25	FRWAKGFY:0.25	DLIHSIKV:0.25	LTLNTSCA:0.3333333333333333	DSWNQRFR:0.25	VIADNCTD:0.4166666666666667	WFLREAKF:0.25	ARLTLNTS:0.25	DNVLDVNY:0.3333333333333333	TFRDSWNQ:0.25	VSGTGFFI:0.3333333333333333	REAGAIVF:0.25	RDSWNQRF:0.25	IHSIKVQN:0.25	QARLTLNT:0.25	YEAYFVFD:0.25	RFACYDML:0.3333333333333333	FACYDMLM:0.3333333333333333	AKASTSYR:0.25	WNQRFRWA:0.25	GAKASTSY:0.25	LDVNYFRE:0.3333333333333333	FVDIFNFC:0.25	GGWKWHLL:0.25	SNWISAGY:0.3333333333333333	NQARLTLN:0.25	MTIAPGML:0.3333333333333333	IAPGMLLT:0.25	AKFLNQAR:0.25	QRFRWAKG:0.25	GWKWHLLT:0.3333333333333333	LIHSIKVQ:0.25	WHLLTEDI:0.3333333333333333	TSCAVSGT:0.5	FDADNVLD:0.4166666666666667	DADNVLDV:0.3333333333333333	FRDSWNQR:0.25	VWFLREAK:0.3333333333333333	GFFIAADI:0.25	VNYFREMN:0.3333333333333333	KWHLLTED:0.3333333333333333	GYEAYFVF:0.25	PITFRDSW:0.3333333333333333	YDEQPITF:0.3333333333333333	RFRWAKGF:0.25	WKWHLLTE:0.3333333333333333	KASTSYRN:0.25	VDIFNFCV:0.25	FLNQARLT:0.25	EAKFLNQA:0.25	DVNYFREM:0.3333333333333333	YDMLMTIA:0.3333333333333333	EAYFVFDA:0.25	KFLNQARL:0.25	NQRFRWAK:0.25	AGAIVFPR:0.25	DIFNFCVF:0.25	AREAGAIV:0.3333333333333333	SGTGFFIA:0.3333333333333333	NVLDVNYF:0.3333333333333333	FVIADNCT:0.3333333333333333	MLMTIAPG:0.3333333333333333	LREAKFLN:0.25	FGVLTTFV:0.25	FNFCVFLT:0.25	SFVDIFNF:0.25	RLTLNTSC:0.3333333333333333	DVFVIADN:0.25	TEDIEFSA:0.25	AYFVFDAD:0.25	CYDMLMTI:0.3333333333333333	HSIKVQNY:0.25	FVFDADNV:0.4166666666666667	LTTFVEWD:0.25	FLREAKFL:0.25	ASTSYRNS:0.3333333333333333	REAKFLNQ:0.25	NFCVFLTF:0.25	VGKGYALD:0.3333333333333333	ACYDMLMT:0.3333333333333333	ADNVLDVN:0.3333333333333333	FCVFLTFT:0.25	NTSCAVSG:0.3333333333333333	VLDVNYFR:0.3333333333333333	DEQPITFR:0.3333333333333333	SIKVQNYP:0.25	TFVEWDSI:0.25	AVSGTGFF:0.4166666666666667	ITFRDSWN:0.25	SWNQRFRW:0.25	QPITFRDS:0.3333333333333333	GTGFFIAA:0.3333333333333333	LYDEQPIT:0.3333333333333333	KGFYQVFA:0.25	QVGKGYAL:0.25	SYRNSKNF:0.3333333333333333	AVLYDEQP:0.3333333333333333	NWISAGYG:0.25	TAVLYDEQ:0.25	ADNCTDNT:0.4166666666666667	IADNCTDN:0.25	DNCTDNTA:0.4166666666666667	NCTDNTAE:0.25	VFVVADNC:0.25	FVVADNCT:0.25	
