cluster number:1011
GT2:12	GT2:12
KSNGYAFQ:0.3333333333333333	AFQIEMVY:0.25	SVVGWDFK:0.25	YAFQIEMV:0.25	EIPIIFYE:0.3333333333333333	GWDFKRLL:0.25	VLPTYNEA:0.25	KIALEAAI:0.25	FEMDADLS:0.9166666666666666	IPIIFYER:0.3333333333333333	EMDADLSH:0.9166666666666666	TISVVGWD:0.3333333333333333	SNGYAFQI:0.5833333333333334	VGWDFKRL:0.25	VVGWDFKR:0.25	WYATTILG:0.25	ISVVGWDF:0.3333333333333333	DADLSHDP:0.75	GYAFQIEM:0.3333333333333333	NGYAFQIE:0.5833333333333334	MDADLSHD:0.8333333333333334	NWYATTIL:0.25	FFEMDADL:0.5	IKSNGYAF:0.3333333333333333	RVVEVPIV:0.3333333333333333	YRALRKGL:0.25	RHVLSKGG:0.25	KMSRRIFA:0.25	QRALDGGY:0.25	TPTYNERD:0.4166666666666667	AKLGLGTA:0.3333333333333333	QIETTYRA:0.3333333333333333	FQRALDGG:0.25	YAFQIETT:0.25	GGVEGWGL:0.3333333333333333	LTTGYKAF:0.25	DASPDGTG:0.4166666666666667	RALRKGLR:0.25	VEVPIVFV:0.3333333333333333	HVLSKGGS:0.25	VFVDRRAG:0.3333333333333333	ALRKGLRV:0.25	LHRPAKLG:0.25	VDDASPDG:0.4166666666666667	SLYARTIL:0.3333333333333333	GSVRSNGY:0.25	DVVLGSRN:0.3333333333333333	YKAFTRRA:0.4166666666666667	GFQRALDG:0.25	DDASPDGT:0.4166666666666667	LDGGYDVA:0.25	SRRIFAEA:0.25	LRKGLRVV:0.25	HRPAKLGL:0.25	RPAKLGLG:0.3333333333333333	AIVEVFRL:0.25	PTYNERDN:0.4166666666666667	ADVVLGSR:0.4166666666666667	RALDGGYD:0.25	PDGTGALG:0.25	EGWGLGRH:0.3333333333333333	KGLRVVEV:0.25	DLTTGYKA:0.25	EAIVEVFR:0.25	DLGSVRSN:0.25	RKGLRVVE:0.25	GSLYARTI:0.3333333333333333	KLGLGTAY:0.5833333333333334	VEGWGLGR:0.3333333333333333	LAARDGRV:0.25	GYDVAFEM:0.3333333333333333	IETTYRAL:0.3333333333333333	LRVVEVPI:0.3333333333333333	FQIETTYR:0.3333333333333333	GGGVEGWG:0.4166666666666667	KAFTRRAL:0.4166666666666667	WGLGRHVL:0.25	YNERDNLA:0.3333333333333333	ALDGGYDV:0.25	ARTILGVG:0.25	LGRHVLSK:0.25	SKMSRRIF:0.25	RIFAEAIV:0.25	RDNLAEFV:0.25	ETTYRALR:0.3333333333333333	RRIFAEAI:0.25	PIVFVDRR:0.3333333333333333	TYNERDNL:0.4166666666666667	EVPIVFVD:0.4166666666666667	VVDDASPD:0.4166666666666667	GGSLYART:0.3333333333333333	VVEVPIVF:0.3333333333333333	SKGGSLYA:0.3333333333333333	LGLGTAYL:0.3333333333333333	GLGRHVLS:0.25	VPIVFVDR:0.4166666666666667	GYAFQIET:0.25	LVVDDASP:0.4166666666666667	VAFEMDAD:0.3333333333333333	TTGYKAFT:0.3333333333333333	IFAEAIVE:0.25	DGGYDVAF:0.25	ITPTYNER:0.3333333333333333	MSRRIFAE:0.25	GWGLGRHV:0.25	EAHVLVVD:0.25	LGSVRSNG:0.25	IVFVDRRA:0.3333333333333333	VLVVDDAS:0.4166666666666667	PEAHVLVV:0.25	SVRSNGYA:0.25	NERDNLAE:0.3333333333333333	AFTRRALL:0.25	RSNGYAFQ:0.25	PAKLGLGT:0.3333333333333333	AFQIETTY:0.25	RDLTTGYK:0.25	AFEMDADL:0.3333333333333333	LYARTILG:0.3333333333333333	KGGSLYAR:0.3333333333333333	ASPDGTGA:0.3333333333333333	TTYRALRK:0.25	TYRALRKG:0.3333333333333333	SPDGTGAL:0.3333333333333333	DGTGALGD:0.25	AHVLVVDD:0.4166666666666667	HVLVVDDA:0.4166666666666667	YDVAFEMD:0.3333333333333333	FAEAIVEV:0.25	VRSNGYAF:0.25	LSKGGSLY:0.4166666666666667	TGYKAFTR:0.3333333333333333	GGYDVAFE:0.25	LDLGSVRS:0.25	ERDNLAEF:0.25	GVEGWGLG:0.3333333333333333	VLSKGGSL:0.25	GLRVVEVP:0.3333333333333333	DVAFEMDA:0.3333333333333333	GYKAFTRR:0.4166666666666667	YARTILGV:0.3333333333333333	GRHVLSKG:0.25	PGGGVEGW:0.4166666666666667	GADVVLGS:0.4166666666666667	AEAIVEVF:0.25	GKLGLGTA:0.25	NGYSFQIE:0.25	SNGYSFQI:0.25	ADLSHDPR:0.25	TYNEAENI:0.3333333333333333	PTYNEAEN:0.3333333333333333	PIIFYERN:0.25	YATTILGL:0.25	LPTYNEAE:0.25	
