cluster number:2191
GT2:89	GT2:89
FERDPRFA:0.3146067415730337	AMPERNRY:0.3146067415730337	PERNRYIR:0.4943820224719101	AVTAGLNF:0.5730337078651685	LDADLQDP:0.39325842696629215	LGEYIGRI:0.6741573033707865	ERNRYIRG:0.5056179775280899	PLYTLAEV:0.20224719101123595	LNAMPERN:0.3146067415730337	PTDTGDFC:0.4044943820224719	HQIAVTAG:0.5730337078651685	LSLARNFG:0.30337078651685395	VTAGLNFV:0.3146067415730337	RPLYTLAE:0.25842696629213485	ERDPRFAG:0.3146067415730337	IGRIYEEV:0.5056179775280899	ARNFGHQI:0.5842696629213483	WFKRFTAY:0.2247191011235955	GRIYEEVK:0.5955056179775281	ILDADLQD:0.25842696629213485	SIGILGEY:0.3146067415730337	RNRYIRGL:0.5056179775280899	RGLRAWVG:0.449438202247191	SLARNFGH:0.3707865168539326	TDTGDFCL:0.4044943820224719	RYIRGLRA:0.5168539325842697	GLRAWVGF:0.43820224719101125	IVPIYNEE:0.20224719101123595	IRGLRAWV:0.4157303370786517	PRFAGEVK:0.33707865168539325	FAGEVKYT:0.3595505617977528	DLQDPPEL:0.8314606741573034	RFAGEVKY:0.3595505617977528	DPPELIPD:0.20224719101123595	QDPPELIP:0.3707865168539326	VDIPTDTG:0.2247191011235955	YLSLARNF:0.30337078651685395	IGILGEYI:0.4606741573033708	GILGEYIG:0.6966292134831461	GEYIGRIY:0.6629213483146067	EYIGRIYE:0.550561797752809	IPTDTGDF:0.4044943820224719	KRFTAYAF:0.20224719101123595	YIGRIYEE:0.550561797752809	GHQIAVTA:0.5730337078651685	NFGHQIAV:0.5842696629213483	RNFGHQIA:0.6179775280898876	DIPTDTGD:0.2247191011235955	YIRGLRAW:0.5168539325842697	DADLQDPP:0.8089887640449438	ADLQDPPE:0.8314606741573034	LARNFGHQ:0.4157303370786517	VSFSKVPL:0.2247191011235955	ILGEYIGR:0.6853932584269663	RDPRFAGE:0.2696629213483146	NAMPERNR:0.3146067415730337	FTAYAFYR:0.20224719101123595	LQDPPELI:0.6853932584269663	NDGSRDRS:0.25842696629213485	DPRFAGEV:0.23595505617977527	IAVTAGLN:0.48314606741573035	AGEVKYTF:0.3707865168539326	QIAVTAGL:0.5617977528089888	RFTAYAFY:0.20224719101123595	MPERNRYI:0.47191011235955055	NRYIRGLR:0.5280898876404494	FGHQIAVT:0.5730337078651685	DGSRDRSL:0.38202247191011235	IFFLGAVQ:0.24719101123595505	VPLRLSTY:0.20224719101123595	VKYTFRKS:0.2696629213483146	KYTFRKSL:0.23595505617977527	AIFFLGAV:0.23595505617977527	SFSKVPLR:0.23595505617977527	FFLGAVQL:0.30337078651685395	YLSFARNF:0.25842696629213485	RAWVGFRQ:0.24719101123595505	GDFCLMDR:0.5393258426966292	RIYEEVKG:0.33707865168539325	YEEVKGRP:0.33707865168539325	DFCLMDRQ:0.3707865168539326	CLMDRQVV:0.3146067415730337	CIGILGEY:0.2247191011235955	TGDFCLMD:0.5168539325842697	FARNFGHQ:0.38202247191011235	DTGDFCLM:0.5955056179775281	FCLMDRQV:0.3146067415730337	LSFARNFG:0.25842696629213485	MDADLQDP:0.3595505617977528	FFLGSVQL:0.34831460674157305	IYEEVKGR:0.33707865168539325	SFARNFGH:0.3595505617977528	AWVGFRQT:0.24719101123595505	LRAWVGFR:0.24719101123595505	VMDADLQD:0.2247191011235955	GYQVVYAQ:0.30337078651685395	YQVVYAQR:0.33707865168539325	QGYQVVYA:0.24719101123595505	LLVLYWRL:0.21348314606741572	LMDRQVVD:0.2696629213483146	EVKGRPLY:0.20224719101123595	VTAGLNFA:0.20224719101123595	RQVVDILN:0.20224719101123595	IPIYNEEE:0.23595505617977527	RGLRSWVG:0.21348314606741572	
