cluster number:1232
GT2:9	GT2:9
RQKWNYGR:0.3333333333333333	GIAAARGD:0.2222222222222222	YRGGGEDM:0.2222222222222222	RGGGEDMD:0.2222222222222222	VRNGARTL:0.2222222222222222	RNGARTLA:0.2222222222222222	GFERRDGR:0.2222222222222222	AQTDFLPF:0.2222222222222222	ARMHYRLR:0.3333333333333333	DFLPFARG:0.3333333333333333	CDADDVAD:0.3333333333333333	EVLVVDNG:0.2222222222222222	GGGEDMDL:0.3333333333333333	VAFCDADD:0.3333333333333333	KWNYGRSG:0.3333333333333333	QTDFLPFA:0.3333333333333333	EDMDLSWR:0.3333333333333333	NGARTLAA:0.2222222222222222	NRGIAAAR:0.2222222222222222	DARMHYRL:0.3333333333333333	RNRGIAAA:0.2222222222222222	RGIAAARG:0.2222222222222222	ARNRGIAA:0.2222222222222222	VVDNGSTD:0.3333333333333333	ARQKWNYG:0.3333333333333333	GEDMDLSW:0.3333333333333333	FCDADDVA:0.4444444444444444	AFCDADDV:0.3333333333333333	TDFLPFAR:0.3333333333333333	GGEDMDLS:0.3333333333333333	QKWNYGRS:0.3333333333333333	WNYGRSGA:0.3333333333333333	LVVDNGST:0.3333333333333333	PVRNGART:0.2222222222222222	LARQKWNY:0.3333333333333333	LPFARGAN:0.3333333333333333	PFARGANC:0.3333333333333333	AGFERRDG:0.2222222222222222	DMDLSWRA:0.3333333333333333	FLPFARGA:0.3333333333333333	VLVVDNGS:0.3333333333333333	LMNWSWLL:0.2222222222222222	ARNRGIAE:0.2222222222222222	YAPDARMH:0.2222222222222222	RGANCAAW:0.2222222222222222	PDARMHYR:0.2222222222222222	ALTLPAQL:0.2222222222222222	APDARMHY:0.2222222222222222	YARNRGIA:0.3333333333333333	VRDGALTL:0.2222222222222222	GRSGARLY:0.2222222222222222	GYAPDARM:0.2222222222222222	ARGDLVAF:0.2222222222222222	VSVVLPVR:0.2222222222222222	NYGRSGAR:0.2222222222222222	RPELVSVV:0.2222222222222222	ARGANCAA:0.2222222222222222	GDLVAFCD:0.2222222222222222	FARGANCA:0.2222222222222222	TVLMNWSW:0.2222222222222222	YGRSGARL:0.2222222222222222	NWSWLLLH:0.2222222222222222	LVAFCDAD:0.2222222222222222	RRPELVSV:0.2222222222222222	GANCAAWK:0.2222222222222222	DLVAFCDA:0.2222222222222222	GALTLPAQ:0.2222222222222222	VLMNWSWL:0.2222222222222222	RDGALTLP:0.2222222222222222	SLARQKWN:0.2222222222222222	PVRDGALT:0.2222222222222222	RGDLVAFC:0.2222222222222222	SYARNRGI:0.2222222222222222	DGALTLPA:0.2222222222222222	MNWSWLLL:0.2222222222222222	DDVADPGW:0.2222222222222222	DADDVADP:0.2222222222222222	IAFCDADD:0.2222222222222222	VDNGSTDA:0.2222222222222222	LVSVVIPV:0.2222222222222222	DNGSTDAT:0.2222222222222222	ADDVADPG:0.2222222222222222	
