cluster number:1005
GT2:30	GT2:30
AGVGLARK:0.3333333333333333	RVPFGTGP:0.3333333333333333	GVGLARKI:0.6666666666666666	VGLARKIG:0.5666666666666667	EDFYFLQK:0.23333333333333334	GLARKIGM:0.3	LARKIGMD:0.3	GEDFYFLQ:0.6	VPFGTGPA:0.26666666666666666	DFYFLQQL:0.23333333333333334	EDFYFLQQ:0.26666666666666666	AGEDFYFL:0.5333333333333333	RVPFGTGR:0.3	VPFGTGRA:0.2	SDRVPFGT:0.2	DRVPFGTG:0.2	SPYAFHTV:0.2	YAFHTVGS:0.2	AGSPYAFH:0.2	GSPYAFHT:0.2	PYAFHTVG:0.2	QAGEDFYF:0.26666666666666666	RQAGEDFY:0.23333333333333334	
