cluster number:1736
GT2:11	GT2:11
EFFEYFLE:0.36363636363636365	LDDDVIPP:0.2727272727272727	AKNTTYFA:0.7272727272727273	LIYRCLLR:0.45454545454545453	YRCLLRIL:0.2727272727272727	YSLAKNTT:0.7272727272727273	CLRLLEAG:0.2727272727272727	CLLRILRL:0.2727272727272727	LEETDVCL:0.36363636363636365	YFLEETDV:0.36363636363636365	EYFLEETD:0.36363636363636365	LRILRLKF:0.2727272727272727	LLIYRCLL:0.45454545454545453	HLTCWYSL:0.8181818181818182	ETDVCLRL:0.7272727272727273	LTCWYSLA:0.7272727272727273	TTYFALKH:0.6363636363636364	WYSLAKNT:0.7272727272727273	ILRLKFTH:0.2727272727272727	RILRLKFT:0.2727272727272727	SLAKNTTY:0.7272727272727273	LLRILRLK:0.2727272727272727	FFEYFLEE:0.36363636363636365	DEFFEYFL:0.6363636363636364	FDEFFEYF:0.36363636363636365	EETDVCLR:0.36363636363636365	YLDDDVIP:0.2727272727272727	FEYFLEET:0.36363636363636365	IYRCLLRI:0.45454545454545453	LKFTHNLP:0.2727272727272727	DDDVIPPQ:0.2727272727272727	FLEETDVC:0.36363636363636365	LAKNTTYF:0.7272727272727273	KNTTYFAL:0.6363636363636364	CWYSLAKN:0.7272727272727273	VMGANASY:0.36363636363636365	RLKFTHNL:0.36363636363636365	TCWYSLAK:0.7272727272727273	RCLLRILR:0.2727272727272727	LRLLEAGY:0.2727272727272727	NTTYFALK:0.6363636363636364	EYFLDETD:0.2727272727272727	NGLMGTNS:0.36363636363636365	LIQAGYEI:0.2727272727272727	AGVGGTVR:0.2727272727272727	KHLTCWYS:0.6363636363636364	EKINGYDE:0.36363636363636365	YDEFFEYF:0.2727272727272727	WFNGLMGT:0.2727272727272727	FNGLMGTN:0.2727272727272727	DETDVCLR:0.45454545454545453	EFFEYFLD:0.2727272727272727	KINGYDEF:0.36363636363636365	QKHLTCWY:0.6363636363636364	LLEKINGY:0.2727272727272727	GTNSSYRK:0.2727272727272727	CLRLIQAG:0.36363636363636365	VGGTVRDM:0.2727272727272727	LDETDVCL:0.45454545454545453	LEKINGYD:0.36363636363636365	LMGTNSSY:0.2727272727272727	DHYPQPSH:0.2727272727272727	GLMGTNSS:0.36363636363636365	RLIQAGYE:0.36363636363636365	DVCLRLIQ:0.45454545454545453	GGTVRDMT:0.2727272727272727	LRLIQAGY:0.36363636363636365	HYPQPSHN:0.36363636363636365	INGYDEFF:0.45454545454545453	YFLDETDV:0.45454545454545453	FIDDDAIP:0.2727272727272727	FEYFLDET:0.2727272727272727	YPQPSHNR:0.36363636363636365	GYDEFFEY:0.2727272727272727	FLDETDVC:0.45454545454545453	VCLRLIQA:0.36363636363636365	IQAGYEIH:0.2727272727272727	KCAGVGGT:0.2727272727272727	IDDDAIPP:0.2727272727272727	LRIIRLKF:0.45454545454545453	DQKHLTCW:0.6363636363636364	MGTNSSYR:0.2727272727272727	TYFALKHA:0.45454545454545453	FFEYFLDE:0.2727272727272727	IIRLKFTH:0.36363636363636365	AFIDDDAI:0.2727272727272727	GVGGTVRD:0.2727272727272727	NGYDEFFE:0.2727272727272727	TDVCLRLI:0.5454545454545454	RIIRLKFT:0.36363636363636365	CAGVGGTV:0.2727272727272727	LLLIYRCL:0.2727272727272727	VARNLGLK:0.2727272727272727	YFALKHAF:0.2727272727272727	LTLLLIYR:0.2727272727272727	RLTLLLIY:0.2727272727272727	IRLTLLLI:0.2727272727272727	VSVARNLG:0.2727272727272727	TLLLIYRC:0.2727272727272727	NVSVARNL:0.2727272727272727	SVARNLGL:0.2727272727272727	
