cluster number:674
GT2:46	GT2:46
DNGSTDGT:0.2608695652173913	ELVVVDNG:0.6521739130434783	VDNGSTDG:0.2826086956521739	VVDNGSTD:0.6521739130434783	VVVDNGST:0.5869565217391305	LVVVDNGS:0.6739130434782609	VVDNGSSD:0.2391304347826087	DNGSSDRT:0.2608695652173913	VDNGSSDR:0.2391304347826087	AEDTDYLV:0.6304347826086957	RPGLAAAR:0.45652173913043476	FIVCTRNR:0.2608695652173913	SHWPIVSM:0.30434782608695654	GGFVLGCN:0.5869565217391305	FVLGCNMT:0.5869565217391305	ARGRILVF:0.2391304347826087	GIPVEYVP:0.43478260869565216	IPVEYVPD:0.43478260869565216	PGGFVLGC:0.5869565217391305	ERFGAGAP:0.2608695652173913	DLPFTIKR:0.4782608695652174	LPFTIKRS:0.45652173913043476	SLGNGGLC:0.391304347826087	GPFDERFG:0.2391304347826087	LQLSHWPI:0.21739130434782608	RARGRILV:0.2391304347826087	ASFIVCTR:0.3695652173913043	CNMTMHRD:0.2826086956521739	VLGCNMTM:0.5869565217391305	TMHRDVAA:0.2608695652173913	PRPGLAAA:0.41304347826086957	PFASFIVC:0.21739130434782608	VHPGGFVL:0.5	SFIVCTRN:0.2608695652173913	LGCNMTMH:0.6304347826086957	GFVLGCNM:0.5869565217391305	GCNMTMHR:0.6304347826086957	RLTRDVHP:0.2826086956521739	HWPIVSMN:0.30434782608695654	RFGAGAPL:0.2608695652173913	PGLAAARN:0.45652173913043476	FDERFGAG:0.6304347826086957	GGRVELGD:0.2826086956521739	NMTMHRDV:0.2608695652173913	IRGGRVEL:0.34782608695652173	FASFIVCT:0.2391304347826087	PFTIKRSK:0.2826086956521739	MTMHRDVA:0.2608695652173913	DERFGAGA:0.2826086956521739	LGNGGLCL:0.3695652173913043	QLSHWPIV:0.21739130434782608	TRDVHPGG:0.2826086956521739	YSLGNGGL:0.391304347826087	LTRDVHPG:0.2826086956521739	DVHPGGFV:0.45652173913043476	PVEYVPDM:0.43478260869565216	LGIPVEYV:0.41304347826086957	PFDERFGA:0.2391304347826087	HPGGFVLG:0.5869565217391305	EDTDYLVR:0.6304347826086957	EPRPGLAA:0.41304347826086957	NGGLCLKH:0.3695652173913043	LSHWPIVS:0.30434782608695654	RGGRVELG:0.6086956521739131	GNGGLCLK:0.3695652173913043	RDVHPGGF:0.30434782608695654	LRDLERHY:0.2826086956521739	YLRDLERH:0.30434782608695654	GGRVELGN:0.2826086956521739	WPIVSMNL:0.2391304347826087	TDYLVRAF:0.21739130434782608	DTDYLVRA:0.6086956521739131	LVFVDDDC:0.30434782608695654	LHRDYSLG:0.21739130434782608	ERFGAGGP:0.2391304347826087	AGGPLRSA:0.2391304347826087	SAEDTDYL:0.5434782608695652	LAAARNAG:0.3695652173913043	RFGAGGPL:0.2391304347826087	DERFGAGG:0.2391304347826087	AAARNAGL:0.2391304347826087	RDYSLGNG:0.21739130434782608	FHHHGRRD:0.21739130434782608	GLAAARNA:0.3695652173913043	HRDYSLGN:0.21739130434782608	GGPLRSAE:0.2391304347826087	PLRSAEDT:0.2391304347826087	LRSAEDTD:0.2391304347826087	FGAGGPLR:0.2391304347826087	RDLPFTIK:0.2391304347826087	APWLLRHF:0.5217391304347826	RSAEDTDY:0.2391304347826087	GAGGPLRS:0.2391304347826087	GPLRSAED:0.2391304347826087	VEYVPDMT:0.391304347826087	LLRHFCWT:0.30434782608695654	LHRSYSLG:0.2608695652173913	TMHREVAA:0.21739130434782608	EYVPDMTV:0.2608695652173913	MTMHREVA:0.30434782608695654	IEKLHRSY:0.21739130434782608	CIRSIEAA:0.2391304347826087	EKLHRSYS:0.21739130434782608	WLLRHFCW:0.30434782608695654	RSYSLGNG:0.2608695652173913	CNMTMHRE:0.34782608695652173	VRGGRVEL:0.2391304347826087	YVPDMTVF:0.21739130434782608	VDNGSTDD:0.30434782608695654	NMTMHREV:0.30434782608695654	DNGSTDDT:0.30434782608695654	HRSYSLGN:0.2608695652173913	PWLLRHFC:0.30434782608695654	VPDMTVFH:0.21739130434782608	KLHRSYSL:0.21739130434782608	
