cluster number:2114
GT2:18	GT2:18|GT4:1
VSASSGGE:0.2222222222222222	DNGSTDGS:0.3333333333333333	IWHRVSAS:0.2222222222222222	WHRVSASS:0.2222222222222222	RVSASSGG:0.2222222222222222	ASRIWHRV:0.2222222222222222	LGFAGGNN:0.2777777777777778	RIWHRVSA:0.2222222222222222	NLGFAGGN:0.2777777777777778	SRIWHRVS:0.2222222222222222	VVFLNNDT:0.2777777777777778	YGEDVDLS:0.2222222222222222	HRVSASSG:0.2222222222222222	NGSTDGSV:0.2222222222222222	GFAGGNNA:0.3333333333333333	PASRIWHR:0.2222222222222222	AGGNNAGF:0.2222222222222222	LNNDTVVD:0.2777777777777778	FLNNDTVV:0.4444444444444444	VFLNNDTV:0.2222222222222222	FAGGNNAG:0.2222222222222222	VDLSLRVR:0.2222222222222222	LNNDTVVA:0.2222222222222222	DVDLSLRV:0.2222222222222222	VVDNGSTD:0.2777777777777778	EDVDLSLR:0.2777777777777778	LVVDNGST:0.2222222222222222	VDNGSTDG:0.2777777777777778	
