cluster number:922
GT2:15	GT2:15
LAERSPRE:0.2	AGYRKSLW:0.26666666666666666	LSTLPLGL:0.2	LLQWSWLS:0.26666666666666666	RAIKAAGG:0.26666666666666666	VVEPHAFT:0.26666666666666666	LQWSWLST:0.2	LLRAIKAA:0.26666666666666666	LVSPYPRQ:0.5333333333333333	DLVSPYPR:0.5333333333333333	SPYPRQVA:0.26666666666666666	IKAAGGRG:0.26666666666666666	TGGRAWPD:0.26666666666666666	RAGYRKSL:0.26666666666666666	VEPHAFTS:0.26666666666666666	IALLRAIK:0.3333333333333333	ALLRAIKA:0.26666666666666666	WSWLSTLP:0.2	DVVLEDIA:0.26666666666666666	LGLAERSP:0.2	WACAQLAD:0.26666666666666666	LDLVSPYP:0.5333333333333333	ERLVQPLL:0.5333333333333333	PLGLAERS:0.26666666666666666	GRGVVAEG:0.26666666666666666	VSPYPRQV:0.26666666666666666	DADVVVEP:0.26666666666666666	AIKAAGGR:0.26666666666666666	SLWSAFGS:0.4	LPLGLAER:0.26666666666666666	EPHAFTSS:0.26666666666666666	VLDDGSVD:0.26666666666666666	RTGGRAWP:0.2	GGRGVVAE:0.26666666666666666	RAGGHAAV:0.2	ERSPRESL:0.2	YPRQVAVG:0.2	RKSLWSAF:0.3333333333333333	LVLDDGSV:0.26666666666666666	ADVVVEPH:0.26666666666666666	KSLWSAFG:0.4	DIALLRAI:0.3333333333333333	TLPLGLAE:0.26666666666666666	GYRKSLWS:0.3333333333333333	LDDGSVDG:0.26666666666666666	YRKSLWSA:0.3333333333333333	YRRAGGHA:0.2	LEDIALLR:0.4	DGSVDGTD:0.2	AGGRGVVA:0.3333333333333333	PRQVAVGA:0.2	EDIALLRA:0.4666666666666667	LVQPLLQW:0.5333333333333333	SWLSTLPL:0.2	QPLLQWSW:0.8	PYPRQVAV:0.2	DDGSVDGT:0.26666666666666666	STLPLGLA:0.26666666666666666	NGQFLVVD:0.2	GGRAWPDA:0.2	NWACAQLA:0.26666666666666666	GKNWACAQ:0.26666666666666666	LRAIKAAG:0.26666666666666666	ANGQFLVV:0.2	AGLDLVSP:0.26666666666666666	PPPGWLGK:0.26666666666666666	GLAERSPR:0.2	KAAGGRGV:0.26666666666666666	TYRRAGGH:0.2	AAGGRGVV:0.26666666666666666	VLEDIALL:0.4	VVLEDIAL:0.26666666666666666	VQPLLQWS:0.5333333333333333	RLVQPLLQ:0.5333333333333333	WLSTLPLG:0.2	VVVEPHAF:0.26666666666666666	EVRAGYRK:0.26666666666666666	GSVDGTDA:0.2	SLSAANGQ:0.2	DVVVEPHA:0.26666666666666666	QWSWLSTL:0.2	AANGQFLV:0.2	RGVVAEGS:0.26666666666666666	GQFLVVDA:0.2	GLDLVSPY:0.5333333333333333	AERSPRES:0.2	PLLQWSWL:0.4666666666666667	KNWACAQL:0.26666666666666666	VRAGYRKS:0.26666666666666666	LWSAFGSP:0.4	AAERLVQP:0.26666666666666666	SVLIPMRN:0.2	ESLTAANG:0.2	EPLSVLIP:0.26666666666666666	PPPPGWLG:0.2	YLAGVASR:0.2	RESLTAAN:0.2	SLTAANGQ:0.2	VRDVVLED:0.2	AERLVQPL:0.26666666666666666	WSAFGSPA:0.26666666666666666	TAANGQFL:0.2	VLIPMRNE:0.2	VLVLDDGS:0.2	SPPPPGWL:0.2	GSPPPPGW:0.2	LAFVDADV:0.26666666666666666	SAFGSPAG:0.26666666666666666	RDVVLEDI:0.2	GYLAGVAS:0.2	AEPLSVLI:0.2	GLVGYLAG:0.2	VGYLAGVA:0.26666666666666666	LTAANGQF:0.2	LSVLIPMR:0.26666666666666666	LVGYLAGV:0.2	PLSVLIPM:0.26666666666666666	VDAAAYRR:0.26666666666666666	DAAAYRRA:0.26666666666666666	AAYRRAGG:0.3333333333333333	AYRRAGGH:0.3333333333333333	AAAYRRAG:0.26666666666666666	LQWSWMST:0.3333333333333333	PLLQWSWM:0.3333333333333333	LLQWSWMS:0.3333333333333333	QWSWMSTL:0.26666666666666666	WSWMSTLP:0.26666666666666666	SWMSTLPL:0.26666666666666666	FVDADVRV:0.2	RLIQPLLQ:0.26666666666666666	AERLIQPL:0.2	LIQPLLQW:0.26666666666666666	IQPLLQWS:0.3333333333333333	AFGSPAGA:0.2	ERLIQPLL:0.26666666666666666	WLGKPWAC:0.2	DDGSTDGT:0.26666666666666666	GWLGKPWA:0.26666666666666666	LRWKGRPV:0.2	VLLPVRDE:0.2	LLQWSWLA:0.2	LPLRLAER:0.2	FVDADVTV:0.2	LRDGYAKS:0.26666666666666666	VLVFVDAD:0.2	GTVLVFVD:0.2	TVLVFVDA:0.2	RDGYAKSL:0.26666666666666666	ATGTVLVF:0.2	TGTVLVFV:0.2	LVFVDADV:0.2	WLGKPHAC:0.2	WPDAAAHP:0.2	GWLGKPHA:0.2	CVDAAAYR:0.2	PDGWLGKP:0.2	DGYAKSLW:0.2	GGRGVVAD:0.2	GRGVVADG:0.2	LCVDAAAY:0.2	
