cluster number:1374
GT2:26	GT2:26
IAKFDDDD:0.6153846153846154	VSIITCTN:0.4230769230769231	KFDDDDYY:0.8461538461538461	AKFDDDDY:0.7307692307692307	GVSIITCT:0.4230769230769231	FDDDDYYA:0.7692307692307693	GATLVFKR:0.23076923076923078	DDDDYYAP:0.8846153846153846	NVGEDDLF:0.3076923076923077	SIITCTNR:0.5	NHTWIISD:0.23076923076923078	QGVSIITC:0.23076923076923078	LGACLNYA:0.3076923076923077	GSKTLILR:0.46153846153846156	SKTLILRF:0.46153846153846156	VGEDDLFC:0.38461538461538464	SLGACLNY:0.23076923076923078	NFVAIRRK:0.2692307692307692	VAIRRKNS:0.2692307692307692	FVAIRRKN:0.2692307692307692	KELIIVVN:0.23076923076923078	AIRRKNSS:0.3076923076923077	KTLILRFA:0.2692307692307692	GKRAHYMY:0.38461538461538464	DDYYAPHY:0.2692307692307692	DDDYYAPH:0.2692307692307692	DYYAPHYL:0.2692307692307692	KRAHYMYL:0.38461538461538464	PYYLTDSL:0.23076923076923078	DYYAPYYL:0.23076923076923078	YAPYYLTD:0.23076923076923078	DDYYAPYY:0.23076923076923078	DDDYYAPY:0.23076923076923078	APYYLTDS:0.23076923076923078	YYAPYYLT:0.23076923076923078	GACLNYAV:0.23076923076923078	
