cluster number:2224
GT2:31	GT2:31
VSYVMPVL:0.5161290322580645	YLGVFRRD:0.22580645161290322	GSRVGLGG:0.3870967741935484	GSTPAGLN:0.5806451612903226	RGQDWELN:0.8709677419354839	VMPVLNEV:0.3548387096774194	LPGVSYVM:0.3225806451612903	QDWELNRR:0.8709677419354839	GGTPHHVG:0.2903225806451613	PAETAYLG:0.3548387096774194	VVRVDAHS:0.25806451612903225	YGSRVGLG:0.3870967741935484	WRGELARR:0.6129032258064516	RVDAHSVL:0.5161290322580645	VGLGGTPH:0.22580645161290322	VRVDAHSV:0.25806451612903225	KRGQDWEL:0.6451612903225806	RGELARRF:0.45161290322580644	ATGLWRGE:0.25806451612903225	ELNRRLRQ:0.25806451612903225	ADNVGGIM:0.41935483870967744	YVMPVLNE:0.41935483870967744	LGVFRRDR:0.22580645161290322	AYGSRVGL:0.3870967741935484	PGVSYVMP:0.3870967741935484	IKRGQDWE:0.6129032258064516	GTPHHVGG:0.2903225806451613	LGPSIDGT:0.3870967741935484	DWELNRRL:0.7419354838709677	TGLWRGEL:0.5483870967741935	MPVLNEVT:0.25806451612903225	GQDWELNR:0.8709677419354839	WELNRRLR:0.7419354838709677	GLWRGELA:0.45161290322580644	ELARRFPA:0.2903225806451613	GVSYVMPV:0.5161290322580645	ALGPSIDG:0.3870967741935484	LWRGELAR:0.45161290322580644	SYVMPVLN:0.5161290322580645	GPAETAYL:0.3548387096774194	SRVGLGGT:0.3548387096774194	GADNVGGI:0.3548387096774194	VDAHSVLP:0.5161290322580645	TPFERAVA:0.2903225806451613	GVFRRDRL:0.22580645161290322	EVGLFDEG:0.25806451612903225	LGGTPHHV:0.2903225806451613	GELARRFP:0.41935483870967744	VTYRPRPS:0.22580645161290322	AEGRTPFE:0.25806451612903225	GLGGTPHH:0.2903225806451613	TGADNVGG:0.6129032258064516	RTGADNVG:0.2903225806451613	LVVLPCIH:0.45161290322580644	DYTRIAVE:0.22580645161290322	WFLVVLPC:0.41935483870967744	NVGGIMDA:0.3225806451612903	VYLGVFRR:0.3225806451612903	STPAGLNL:0.25806451612903225	DNVGGIMD:0.22580645161290322	STGLWRGE:0.2903225806451613	VGSTPAGL:0.41935483870967744	GGLVWFTP:0.3225806451612903	TVYLGVFR:0.3225806451612903	GLVWFTPR:0.22580645161290322	FLVVLPCI:0.41935483870967744	DTVYLGVF:0.22580645161290322	WGTGFVLG:0.25806451612903225	PSIDGTTE:0.22580645161290322	VRAAVDSL:0.25806451612903225	VARAYGSR:0.3225806451612903	ARAYGSRV:0.2903225806451613	RAVARAYG:0.25806451612903225	GPSIDGTT:0.22580645161290322	SIDGTTEL:0.22580645161290322	THVRAAVD:0.22580645161290322	RAYGSRVG:0.2903225806451613	AVARAYGS:0.3870967741935484	IDGTTELV:0.22580645161290322	HVRAAVDS:0.3548387096774194	IRVDAHSV:0.25806451612903225	RAAVDSLL:0.25806451612903225	EKAVARAY:0.25806451612903225	FEKAVARA:0.25806451612903225	ALGPSTDG:0.22580645161290322	GKEGPAET:0.25806451612903225	HHVGGKEG:0.25806451612903225	VIRVDAHS:0.41935483870967744	GGKEGPAE:0.25806451612903225	EGPAETAY:0.25806451612903225	LGPSTDGT:0.22580645161290322	VGGKEGPA:0.25806451612903225	ADNVGGLM:0.3225806451612903	KEGPAETA:0.25806451612903225	GLNAAIRA:0.22580645161290322	LALGPSTD:0.22580645161290322	TRIAVETL:0.22580645161290322	KAVARAYG:0.22580645161290322	GADNVGGL:0.3225806451612903	PFEKAVAR:0.22580645161290322	HVGGKEGP:0.3225806451612903	RRGQDWEL:0.22580645161290322	YTRIAVET:0.22580645161290322	TPFEKAVA:0.22580645161290322	LWFLVVLP:0.3225806451612903	GGTVWFTP:0.2903225806451613	VVLPCIHF:0.3225806451612903	VGGIMDAQ:0.22580645161290322	GGIMDAQG:0.22580645161290322	ERAVARAY:0.22580645161290322	YFAPPVMV:0.25806451612903225	LRYFAPPV:0.2903225806451613	RYFAPPVM:0.25806451612903225	FERAVARA:0.22580645161290322	IVIRVDAH:0.25806451612903225	PIVIRVDA:0.25806451612903225	GLRYFAPP:0.25806451612903225	NGLRYFAP:0.25806451612903225	
