cluster number:1428
GT2:6	GT2:6
IMPVYNTE:0.6666666666666666	VERAVVSL:0.3333333333333333	EQTLDDVQ:0.5	FIIIDDGS:0.3333333333333333	ERAVVSLM:0.3333333333333333	KVSVIMPV:0.6666666666666666	YVERAVVS:0.3333333333333333	TLDDVQFI:0.5	DDGSNDNS:0.3333333333333333	YVIHLDSD:0.3333333333333333	QFIIIDDG:0.3333333333333333	IFTPKVSV:0.3333333333333333	QTLDDVQF:0.5	YNTELYVE:0.3333333333333333	VIHLDSDD:0.3333333333333333	VQFIIIDD:0.3333333333333333	IIIDDGSN:0.3333333333333333	LMEQTLDD:0.5	ELYVERAV:0.3333333333333333	LDDVQFII:0.5	SVIMPVYN:0.6666666666666666	IHLDSDDW:0.5	VSVIMPVY:0.6666666666666666	PVYNTELY:0.3333333333333333	DVQFIIID:0.3333333333333333	VVSLMEQT:0.3333333333333333	DGSNDNSI:0.3333333333333333	MPVYNTEL:0.3333333333333333	TPKVSVIM:0.3333333333333333	IIDDGSND:0.3333333333333333	TELYVERA:0.3333333333333333	HLDSDDWA:0.5	LDSDDWAE:0.5	IDDGSNDN:0.3333333333333333	VIMPVYNT:0.6666666666666666	VYNTELYV:0.3333333333333333	NTELYVER:0.3333333333333333	VSLMEQTL:0.3333333333333333	FTPKVSVI:0.3333333333333333	SRENRGVA:0.3333333333333333	DDVQFIII:0.5	AVVSLMEQ:0.3333333333333333	RAVVSLME:0.3333333333333333	PKVSVIMP:0.6666666666666666	LYVERAVV:0.3333333333333333	MEQTLDDV:0.5	SLMEQTLD:0.5	GSKDNSLS:0.3333333333333333	SKDNSLSI:0.3333333333333333	DGSKDNSL:0.5	IDDGSKDN:0.3333333333333333	DDGSKDNS:0.3333333333333333	
