cluster number:2555
GT2:12	GT2:12
NWLYFPSI:0.75	GNWLYFPS:0.75	AASVLRGN:0.4166666666666667	RFAEAERY:0.25	NLGITKNF:0.4166666666666667	ASVLRGNW:0.4166666666666667	GITKNFQK:0.4166666666666667	FMLPYYGD:0.4166666666666667	EELAASVL:0.4166666666666667	QPGVEVID:0.75	GTRFAEAE:0.3333333333333333	CVRLSEAD:0.25	DDLLHPHY:0.3333333333333333	LAASVLRG:0.4166666666666667	FSGTRFAE:0.3333333333333333	RLMGGEEL:0.4166666666666667	FHSASRLH:0.25	MVQPGVEV:0.4166666666666667	QDLALVVD:0.5	ARAARFHS:0.25	LGITKNFQ:0.4166666666666667	RLHALTML:0.3333333333333333	QKCVRLSE:0.25	AARMDARG:0.25	PGVEVIDG:0.5	RRHAVSES:0.4166666666666667	AARAARFH:0.25	FAEAERYF:0.25	HALTMLPG:0.3333333333333333	ALVVDLLE:0.4166666666666667	FQYRRHAV:0.6666666666666666	ASRLHALT:0.3333333333333333	TKNFQKCV:0.4166666666666667	QYRRHAVS:0.6666666666666666	ARGWPKAA:0.3333333333333333	SGTRFAEA:0.3333333333333333	YSVIQDLA:0.4166666666666667	AFSGTRFA:0.3333333333333333	MLPYYGDV:0.5	DAVRSVLA:0.4166666666666667	SASRLHAL:0.3333333333333333	GGEELAAS:0.5	LMGGEELA:0.5	YRRHAVSE:0.4166666666666667	ARFHSASR:0.25	KGRRLMGG:0.3333333333333333	LHALTMLP:0.3333333333333333	ELAASVLR:0.4166666666666667	QNLGITKN:0.4166666666666667	PKAARAAR:0.3333333333333333	MQDAVRSV:0.4166666666666667	HPHYLETV:0.4166666666666667	SSVQAFSG:0.4166666666666667	DLALVVDL:0.5	SESSVQAF:0.4166666666666667	FRLVVIDD:0.25	LTMLPGAL:0.25	DARGWPKA:0.3333333333333333	GEELAASV:0.4166666666666667	VRSVLAQT:0.4166666666666667	TVFQYRRH:0.3333333333333333	GKEPDVPG:0.25	VQPGVEVI:0.4166666666666667	KAARAARF:0.25	ITKNFQKC:0.4166666666666667	DGKEPDVP:0.25	DDGKEPDV:0.25	VLRGNWLY:0.4166666666666667	AVSESSVQ:0.4166666666666667	RHAVSESS:0.4166666666666667	RAARFHSA:0.25	RRLMGGEE:0.4166666666666667	RLVVIDDG:0.25	PHYLETVR:0.4166666666666667	GRRLMGGE:0.4166666666666667	AVRSVLAQ:0.5833333333333334	SRLHALTM:0.3333333333333333	LALVVDLL:0.5	RGNWLYFP:0.5	VQAFSGTR:0.4166666666666667	TMLPGALR:0.3333333333333333	SVQAFSGT:0.4166666666666667	RMDARGWP:0.3333333333333333	SVLRGNWL:0.4166666666666667	FDFMLPYY:0.25	VFQYRRHA:0.4166666666666667	TTVFQYRR:0.25	KEPDVPGW:0.25	LMQDAVRS:0.3333333333333333	MGCDDLLH:0.3333333333333333	DFMLPYYG:0.25	CDDLLHPH:0.3333333333333333	ESSVQAFS:0.4166666666666667	RNEQNLGI:0.4166666666666667	GWPKAARA:0.3333333333333333	WPKAARAA:0.3333333333333333	LHPHYLET:0.4166666666666667	KCVRLSEA:0.25	SVIQDLAL:0.5	DFRLVVID:0.25	TRFAEAER:0.25	EQNLGITK:0.4166666666666667	RSVLAQTD:0.4166666666666667	GCDDLLHP:0.3333333333333333	QAFSGTRF:0.4166666666666667	VSESSVQA:0.4166666666666667	MGGEELAA:0.5	ALTMLPGA:0.3333333333333333	PDVPGWFA:0.25	EPDVPGWF:0.25	HAVSESSV:0.4166666666666667	IQDLALVV:0.5	RFHSASRL:0.25	LLHPHYLE:0.3333333333333333	NFQKCVRL:0.25	QDAVRSVL:0.4166666666666667	ARMDARGW:0.25	LRGNWLYF:0.5	AARFHSAS:0.25	HSASRLHA:0.25	AVAARMDA:0.25	FQKCVRLS:0.25	RGWPKAAR:0.3333333333333333	VKGRRLMG:0.3333333333333333	KNFQKCVR:0.25	MDARGWPK:0.3333333333333333	VAARMDAR:0.25	NEQNLGIT:0.4166666666666667	DLLHPHYL:0.3333333333333333	VIQDLALV:0.5833333333333334	GMVQPGVE:0.4166666666666667	VVDDGTEP:0.25	LPYYGDVA:0.3333333333333333	WRLTVVDD:0.5	DWRLTVVD:0.3333333333333333	PGVPEWFA:0.4166666666666667	PDWRLTVV:0.25	YYGDVALM:0.3333333333333333	LTVVDDGT:0.25	DPDWRLTV:0.25	RLTVVDDG:0.6666666666666666	TVVDDGTE:0.25	DGTEPGVP:0.25	EPGVPEWF:0.5	YGDVALMQ:0.3333333333333333	PYYGDVAL:0.3333333333333333	GTEPGVPE:0.25	DDGTEPGV:0.25	VDDGTEPG:0.25	TEPGVPEW:0.25	VVIMGCDD:0.3333333333333333	ADHVVIMG:0.25	WLYFPSIC:0.3333333333333333	IMGCDDLL:0.25	LTVVDDGK:0.25	DEYSVIQD:0.25	LMQAAVRS:0.25	VVDDGKEP:0.25	FRDEYSVI:0.25	VIMGCDDL:0.25	AGLGDDRV:0.25	RDEYSVIQ:0.25	GWFAGLGD:0.25	DHVVIMGC:0.25	YFPSICWR:0.4166666666666667	PGWFAGLG:0.25	VNFRDEYS:0.25	WFAGLGDD:0.25	LYFPSICW:0.3333333333333333	NFRDEYSV:0.25	VPGWFAGL:0.25	RVRYLRNE:0.25	TVVDDGKE:0.25	HVVIMGCD:0.25	FAGLGDDR:0.25	EYSVIQDL:0.25	FPSICWRT:0.25	KRRLYAPR:0.25	PRAARAAR:0.25	GWPRAARA:0.25	WPRAARAA:0.25	VLAQTDPD:0.25	SVLAQTDP:0.25	
