cluster number:1617
GT2:34	GT2:34
YLWLNDDT:0.7941176470588235	LWLNDDTL:0.20588235294117646	KNSIRNSW:0.2647058823529412	HSLGDLDY:0.3235294117647059	DYGLRARK:0.2647058823529412	LRARKLGC:0.35294117647058826	WYSNKFEF:0.2647058823529412	LDYGLRAR:0.20588235294117646	IHSLGDLD:0.29411764705882354	PYIRAIIG:0.29411764705882354	WFLPYIRA:0.2647058823529412	NKFEFLEP:0.20588235294117646	VGGMRLAF:0.23529411764705882	WVAPGYVG:0.20588235294117646	MYGNCVLI:0.38235294117647056	DLDYGLRA:0.2647058823529412	LPYIRAII:0.2647058823529412	GDLDYGLR:0.29411764705882354	YIRAIIGY:0.29411764705882354	YGNCVLIP:0.38235294117647056	YWFLPYIR:0.2647058823529412	FLPYIRAI:0.2647058823529412	YYLWLNDD:0.6764705882352942	AFIHSLGD:0.2647058823529412	YSNKFEFL:0.2647058823529412	FDVYLTDD:0.2647058823529412	SNKFEFLE:0.20588235294117646	WVGGMRLA:0.23529411764705882	GGMRLAFA:0.23529411764705882	LGDLDYGL:0.20588235294117646	FIHSLGDL:0.29411764705882354	DAMYGNCV:0.20588235294117646	DGSSDGTA:0.20588235294117646	DDGSSDGT:0.5	TYGGAVKS:0.23529411764705882	KSKKWYSN:0.20588235294117646	GDLDYALR:0.20588235294117646	LWLNDDTF:0.2647058823529412	TDDGSSDG:0.29411764705882354	KCDAMYGN:0.20588235294117646	CDAMYGNC:0.20588235294117646	GAVKSKKW:0.20588235294117646	QGNGNLFW:0.23529411764705882	RRNTTLAC:0.20588235294117646	NRRNTTLA:0.20588235294117646	IRAIIGYK:0.23529411764705882	GGAVKSKK:0.20588235294117646	DYYLWLND:0.5882352941176471	SKKWYSNK:0.20588235294117646	RNTTLACL:0.20588235294117646	ILQGNGNL:0.2647058823529412	DVYLTDDG:0.29411764705882354	AVKSKKWY:0.20588235294117646	VKSKKWYS:0.20588235294117646	DLDYALRA:0.20588235294117646	LNDDTFLE:0.20588235294117646	AMYGNCVL:0.20588235294117646	YGGAVKSK:0.23529411764705882	YLTDDGSS:0.29411764705882354	ATYGGAVK:0.20588235294117646	LTDDGSSD:0.29411764705882354	VYLTDDGS:0.35294117647058826	LGDLDYAL:0.20588235294117646	LDYALRAR:0.20588235294117646	YDYYLWLN:0.5294117647058824	KWYSNKFE:0.20588235294117646	LQGNGNLF:0.23529411764705882	GNGNLFWV:0.29411764705882354	WLNDDTFL:0.23529411764705882	KKWYSNKF:0.20588235294117646	DDGSTDGT:0.2647058823529412	WLNDDTIL:0.20588235294117646	NGNLFWVG:0.2647058823529412	NLFWVGGM:0.35294117647058826	GNLFWVGG:0.35294117647058826	LWLNDDTI:0.20588235294117646	GNCVLIPR:0.20588235294117646	APGYIGTC:0.20588235294117646	LFWVGGMH:0.20588235294117646	VYLVDDGS:0.2647058823529412	FWVGGMHL:0.20588235294117646	WVGGMHLA:0.20588235294117646	VGGMHLAF:0.20588235294117646	
