cluster number:1667
GT2:12	GT2:12
ELIAFLDA:0.25	DSVLQQSF:0.4166666666666667	VLQQSFTD:0.3333333333333333	RNGKDYLQ:0.3333333333333333	YDRYALQD:0.4166666666666667	PRVSVVIP:0.25	LVGMNTAV:0.5	LINDGSTD:0.25	GVSRARNV:0.4166666666666667	QEALDSVL:0.4166666666666667	DYLQEALD:0.3333333333333333	VSRARNVG:0.4166666666666667	INDGSTDD:0.25	PVRNGKDY:0.3333333333333333	GSTDDDYD:0.3333333333333333	RIHGASAM:0.4166666666666667	YLQEALDS:0.3333333333333333	DDYDRYAL:0.3333333333333333	QSRGELIA:0.25	ALDSVLQQ:0.4166666666666667	VGMNTAVI:0.25	GTGVSRAR:0.25	KFIRWPAL:0.25	TGTGVSRA:0.25	NGKDYLQE:0.3333333333333333	VFGKFIRW:0.4166666666666667	VGVVFGKF:0.3333333333333333	PVALYRIH:0.5	RIRVIHLT:0.25	STDDDYDR:0.3333333333333333	EALDSVLQ:0.4166666666666667	LQQSFTDL:0.3333333333333333	VVFGKFIR:0.3333333333333333	AFLDADDL:0.25	DDDYDRYA:0.3333333333333333	GFAPASSL:0.25	SVLQQSFT:0.4166666666666667	LIAFLDAD:0.25	LKGLLVGM:0.25	GEDYDFWL:0.4166666666666667	GKDYLQEA:0.3333333333333333	DYDRYALQ:0.3333333333333333	IRVIHLTG:0.25	LLVGMNTA:0.5	ALYRIHGA:0.4166666666666667	MHSLNGPV:0.4166666666666667	KPRVSVVI:0.25	HSLNGPVA:0.4166666666666667	SVVIPVRN:0.25	MNTAVIRR:0.25	KDYLQEAL:0.3333333333333333	VALYRIHG:0.4166666666666667	NGPVALYR:0.4166666666666667	LLLINDGS:0.25	VYEAIGGF:0.4166666666666667	GPVALYRI:0.5	DGSTDDDY:0.3333333333333333	LLINDGST:0.25	FLDADDLW:0.25	VIPVRNGK:0.25	DVGVVFGK:0.25	HPDVGVVF:0.25	SFTDLELL:0.3333333333333333	GLLVGMNT:0.5	LTGTGVSR:0.25	LYRIHGAS:0.4166666666666667	RVSVVIPV:0.25	PERSGWLY:0.4166666666666667	EMHSLNGP:0.4166666666666667	IPVRNGKD:0.4166666666666667	DLELLLIN:0.25	LDSVLQQS:0.4166666666666667	LDADDLWF:0.25	GKFIRWPA:0.25	TDDDYDRY:0.3333333333333333	VSVVIPVR:0.25	VRNGKDYL:0.3333333333333333	RGELIAFL:0.25	EDYDFWLK:0.3333333333333333	FTDLELLL:0.3333333333333333	IAFLDADD:0.3333333333333333	LELLLIND:0.25	WFPGKLQA:0.3333333333333333	YRIHGASA:0.4166666666666667	IHGASAMH:0.4166666666666667	PDVGVVFG:0.25	IHLTGTGV:0.25	FGKFIRWP:0.25	DADDLWFP:0.25	GELIAFLD:0.25	KGLLVGMN:0.25	QSFTDLEL:0.3333333333333333	VIHLTGTG:0.25	FPGKLQAQ:0.3333333333333333	TGVSRARN:0.25	RVIHLTGT:0.25	HLTGTGVS:0.25	LLKGLLVG:0.25	SLNGPVAL:0.4166666666666667	VVIPVRNG:0.25	QGEDYDFW:0.3333333333333333	TDLELLLI:0.3333333333333333	PGKLQAQV:0.4166666666666667	SRGELIAF:0.25	QQSFTDLE:0.3333333333333333	RLLKGLLV:0.25	GGFAPASS:0.25	LNGPVALY:0.4166666666666667	ELLLINDG:0.25	LQEALDSV:0.4166666666666667	RQGEDYDF:0.3333333333333333	GMNTAVIR:0.25	GVVFGKFI:0.3333333333333333	MRQGEDYD:0.25	SRARNVGM:0.3333333333333333	ARNVGMAQ:0.25	VGMAQSRG:0.25	RNVGMAQS:0.25	RARNVGMA:0.25	NVGMAQSR:0.25	LLLIDDGS:0.3333333333333333	LLIDDGST:0.3333333333333333	ELLLIDDG:0.3333333333333333	LIDDGSTD:0.3333333333333333	DADDVWFP:0.3333333333333333	EAIGGFNE:0.25	DPERSGWL:0.25	FLDADDVW:0.4166666666666667	RRTVYEAI:0.25	LDADDVWF:0.3333333333333333	ASAMHRLS:0.25	RTVYEAIG:0.25	ADPERSGW:0.25	VGMNTAVV:0.25	LAFLDADD:0.25	TAVVRRTV:0.25	VVRRTVYE:0.25	VRRTVYEA:0.25	AVVRRTVY:0.25	SGWLYTRL:0.25	AFLDADDV:0.4166666666666667	GMNTAVVR:0.25	ADDVWFPG:0.3333333333333333	NTAVVRRT:0.25	SAMHRLSP:0.25	GWLYTRLL:0.25	DLLAFLDA:0.25	GASAMHRL:0.25	ERSGWLYT:0.25	HGASAMHR:0.25	DDVWFPGK:0.3333333333333333	RSGWLYTR:0.25	MNTAVVRR:0.25	TVYEAIGG:0.25	YEAIGGFN:0.25	AIGGFNEA:0.25	DVWFPGKL:0.3333333333333333	LLAFLDAD:0.25	
