cluster number:1190
GT2:43	GT2:43
YQLRYLAR:0.3488372093023256	GNGSAPVI:0.4418604651162791	RNPVGNGS:0.5116279069767442	NGSAPVIR:0.4418604651162791	PVGNGSAP:0.4883720930232558	NPVGNGSA:0.5116279069767442	FRQSEDIE:0.3953488372093023	VGNGSAPV:0.4883720930232558	FELILVND:0.23255813953488372	YVAFIDSD:0.20930232558139536	QLRYLARQ:0.20930232558139536	ARAYQLRY:0.37209302325581395	RAYQLRYL:0.32558139534883723	QSEDIECW:0.4186046511627907	LCRNPVGN:0.27906976744186046	LLCRNPVG:0.27906976744186046	EDIECWLR:0.20930232558139536	SAPVIRRE:0.27906976744186046	RQSEDIEC:0.4186046511627907	CRNPVGNG:0.4186046511627907	AYQLRYLA:0.32558139534883723	GSAPVIRR:0.3488372093023256	VGISFSRS:0.20930232558139536	SEDIECWL:0.20930232558139536	VAFIDSDD:0.20930232558139536	GLAAARNT:0.20930232558139536	RNTGIRHA:0.23255813953488372	AARNTGIR:0.23255813953488372	LAAARNTG:0.20930232558139536	AAARNTGI:0.20930232558139536	ARNTGIRH:0.2558139534883721	
