cluster number:216
GT2:241	GT2:241|2.4.1.-:1
AVALIVKN:0.31950207468879666	ALIVKNEA:0.2074688796680498	GFGKQRQL:0.4190871369294606	TLAVALIV:0.2821576763485477	LDADERVT:0.5103734439834025	LWLDADER:0.6431535269709544	TSDYVLWL:0.24066390041493776	ADERVTPE:0.2821576763485477	DADERVTP:0.4066390041493776	VLWLDADE:0.7136929460580913	VALIVKNE:0.3236514522821577	FGKQRQLA:0.4149377593360996	WPGFGKQR:0.2157676348547718	LAVALIVK:0.2987551867219917	DERVTPEL:0.2821576763485477	WLDADERV:0.5062240663900415	SDYVLWLD:0.4024896265560166	VTSDYVLW:0.2157676348547718	DYVLWLDA:0.5311203319502075	GKQRQLAQ:0.4149377593360996	KQRQLAQQ:0.2946058091286307	PTLAVALI:0.27385892116182575	YVLWLDAD:0.5352697095435685	PDRVLRLY:0.25311203319502074	TFVKYADL:0.4896265560165975	GFLDGKQG:0.5560165975103735	GWYPDRVL:0.2572614107883817	VKSAGYAK:0.3236514522821577	HSTFVKYA:0.4896265560165975	YLVKSAGY:0.47717842323651455	SAHSTFVK:0.4896265560165975	LVKSAGYA:0.46887966804979253	LKAGFLDG:0.36929460580912865	LSAHSTFV:0.4896265560165975	RLSWVFGR:0.3112033195020747	DRVLRLYP:0.25311203319502074	KPTLAVAL:0.23236514522821577	HYLVKSAG:0.47717842323651455	YPDRVLRL:0.2572614107883817	DGKQGFLL:0.3236514522821577	AGYAKAWA:0.3236514522821577	FLDGKQGF:0.3775933609958506	FVKYADLW:0.4896265560165975	LDGKQGFL:0.37344398340248963	KAGFLDGK:0.46473029045643155	HHYLVKSA:0.3983402489626556	AGFLDGKQ:0.49377593360995853	STFVKYAD:0.4896265560165975	KSAGYAKA:0.3236514522821577	IHHYLVKS:0.2697095435684647	WYPDRVLR:0.2572614107883817	AHSTFVKY:0.4896265560165975	SAGYAKAW:0.3236514522821577	AVLSAHST:0.2074688796680498	LDSGSTDN:0.24896265560165975	VLSAHSTF:0.2157676348547718	DSGSTDNT:0.2157676348547718	LDTVKDWV:0.2074688796680498	QRQLAQQY:0.27800829875518673	VAMIVKNE:0.2572614107883817	QGFGKQRQ:0.24066390041493776	VDEIIILD:0.21161825726141079	SVAMIVKN:0.24481327800829875	YLLKAGFL:0.24481327800829875	FLLAVLSA:0.2074688796680498	AMIVKNEA:0.21991701244813278	DTVKDWVD:0.2074688796680498	ILDSGSTD:0.42323651452282157	VKDWVDEI:0.21991701244813278	SGWYPDYV:0.23236514522821577	CLDTVKDW:0.22821576763485477	KMYLLKAG:0.24481327800829875	DEIIILDS:0.21991701244813278	IIILDSGS:0.23236514522821577	HSGWYPDY:0.21161825726141079	QLAQQYVT:0.2572614107883817	MYLLKAGF:0.24896265560165975	LLKAGFLD:0.24481327800829875	WQGFGKQR:0.24481327800829875	RQLAQQYV:0.26556016597510373	TVKDWVDE:0.2157676348547718	IILDSGST:0.21161825726141079	GFLLAVLS:0.2074688796680498	EIIILDSG:0.23236514522821577	DEIVILDS:0.2987551867219917	EIVILDSG:0.3112033195020747	VDEIVILD:0.2821576763485477	WVDEIVIL:0.23236514522821577	IVILDSGS:0.3278008298755187	VILDSGST:0.2033195020746888	IRHSGWYP:0.4066390041493776	GDLLHFTY:0.2074688796680498	DWQGFGKQ:0.21991701244813278	RHSGWYPD:0.4066390041493776	
