cluster number:356
GT2:33	GT2:33
KGRAKQMN:0.5454545454545454	EKGRAKQM:0.3333333333333333	DGGSTDGS:0.24242424242424243	YFLHADSF:0.5151515151515151	IVVDGGST:0.24242424242424243	LYFLHADS:0.7272727272727273	LHADSFPP:0.5151515151515151	LINELYKR:0.24242424242424243	HADSFPPK:0.24242424242424243	IIVVDGGS:0.5757575757575758	VDGGSTDG:0.2727272727272727	VVDGGSTD:0.3333333333333333	EIIVVDGG:0.42424242424242425	ILYFLHAD:0.6363636363636364	FLHADSFP:0.5151515151515151	SEKGRAKQ:0.3333333333333333	IIIPVLNE:0.30303030303030304	CRGGDQSQ:0.6060606060606061	SIIIPVLN:0.30303030303030304	GGDQSQFI:0.6666666666666666	RGGDQSQF:0.6666666666666666	WLTTSARR:0.21212121212121213	LTTSARRY:0.21212121212121213	IYEDNILI:0.45454545454545453	KWRACRGG:0.24242424242424243	WRACRGGD:0.5454545454545454	IIYEDNIL:0.3333333333333333	NHWWLRLA:0.3333333333333333	GRAKQMNT:0.21212121212121213	HFWTIYVK:0.24242424242424243	DQSQFITK:0.42424242424242425	ACRGGDQS:0.5454545454545454	NILINELY:0.3939393939393939	DNILINEL:0.45454545454545453	GDQSQFIT:0.6363636363636364	EDNILINE:0.45454545454545453	ILINELYK:0.21212121212121213	FKWRACRG:0.24242424242424243	LASWLTQF:0.24242424242424243	RACRGGDQ:0.5454545454545454	HWWLRLAS:0.30303030303030304	WLRLASWL:0.2727272727272727	QYHFWTIY:0.24242424242424243	AKQMNTGA:0.21212121212121213	YIIYEDNI:0.2727272727272727	WWLRLASW:0.2727272727272727	RLASWLTQ:0.24242424242424243	YHFWTIYV:0.24242424242424243	RAKQMNTG:0.21212121212121213	LRLASWLT:0.2727272727272727	YEDNILIN:0.45454545454545453	FDSNHWWL:0.2727272727272727	IVVDGGSS:0.21212121212121213	IYEDNDLI:0.21212121212121213	VVDGGSSD:0.21212121212121213	TQFSWRAC:0.21212121212121213	SWRACRGG:0.24242424242424243	QFSWRACR:0.21212121212121213	WLTQFSWR:0.21212121212121213	LTQFSWRA:0.21212121212121213	FSWRACRG:0.24242424242424243	
