cluster number:2497
GT2:15	GT2:15
GHALFVRV:0.2	AVVTVSYN:0.2	VYPSARSI:0.2	TAVVTVSY:0.2	RILNEDGT:0.2	RYEPAASV:0.2	DGTVYPSA:0.3333333333333333	TGIGHALF:0.2	RDVGWLSG:0.2	GPLLAPVR:0.2	YPSARSIP:0.2	IGHALFVR:0.2	TVYPSARS:0.2	PSLRTGIG:0.2	FMYFEDVD:0.8666666666666667	HALFVRVW:0.2	GTVYPSAR:0.3333333333333333	VSYNSSGQ:0.2	ATAVVTVS:0.2	WPTNPWTR:0.2	GACVLVRR:0.3333333333333333	AYFMYFED:0.2	YFMYFEDV:0.8666666666666667	VIADNGSA:0.2	ALFVRVWP:0.2	RTGIGHAL:0.2	FEDVDLGF:0.26666666666666666	RNRYEPAA:0.2	TVSYNSSG:0.2	AVGPRILN:0.2	ARDVGWLS:0.2	WLSGACVL:0.3333333333333333	MYFEDVDL:0.8666666666666667	SLRTGIGH:0.2	GWLSGACV:0.3333333333333333	PRILNEDG:0.2	GPRILNED:0.2	PSARSIPS:0.2	NRYEPAAS:0.2	YFEDVDLG:0.8666666666666667	VVIADNGS:0.2	VGWLSGAC:0.26666666666666666	EATAVVTV:0.2	IADNGSAD:0.2	SGACVLVR:0.3333333333333333	GIGHALFV:0.2	IPSLRTGI:0.2	DVGWLSGA:0.2	VVTVSYNS:0.2	LRTGIGHA:0.2	VGPRILNE:0.2	EDVDLGFR:0.26666666666666666	LSGACVLV:0.3333333333333333	VTVSYNSS:0.2	WLSGACLL:0.2	TIGAVGPR:0.2	FEDVDLGY:0.2	GACLLVRR:0.2	DEGYFMYF:0.26666666666666666	GFDEGYFM:0.3333333333333333	GYFMYFED:0.26666666666666666	GWLSGACL:0.26666666666666666	FDEGYFMY:0.3333333333333333	EDVDLGYR:0.2	EGYFMYFE:0.26666666666666666	SGACLLVR:0.2	GGFDEGYF:0.3333333333333333	LSGACLLV:0.2	HTGAHSTS:0.2	SYFMYFED:0.2	LVSNPDVV:0.2	VVTHTGAH:0.2	AVVTHTGA:0.2	VSNPDVVL:0.2	THTGAHST:0.2	VTHTGAHS:0.2	PSLRTGLG:0.2	AWWLWPLR:0.2	SLRTGLGH:0.2	AGWLSGAC:0.4	LWPLRAVL:0.2	LRTGLGHA:0.2	DAGWLSGA:0.3333333333333333	ACVLVRRD:0.2	RRDAGWLS:0.2	RDAGWLSG:0.3333333333333333	
