cluster number:1332
GT2:15	GT2:15
ELYNGKTD:0.2	LFLLNPKL:0.2	HLSELYNG:0.2	PRAIFGNM:0.2	DDGSDDNS:0.26666666666666666	SVIVPVYN:0.6	YKMWKKFK:0.2	VDDGSDDN:0.26666666666666666	VSVIVPVY:0.5333333333333333	IIVVDDGS:0.2	GEDTEFAL:0.2	SGVSVARN:0.26666666666666666	LSELYNGK:0.2	TSRIPRAI:0.2	LLNPKLYY:0.2	SRIPRAIF:0.2	RAIFGNMN:0.2	LYNGKTDF:0.2	RIPRAIFG:0.2	SDDNSLDI:0.2	EDTEFALK:0.2	YYKMWKKF:0.2	FGNMNYFF:0.3333333333333333	KMWKKFKN:0.2	TEFALKAL:0.2	DTEFALKA:0.2	GNMNYFFY:0.3333333333333333	FLLNPKLY:0.2	IPRAIFGN:0.2	YGEDTEFA:0.26666666666666666	NHLSELYN:0.2	KVSVIVPV:0.3333333333333333	VIVPVYNG:0.3333333333333333	VYGEDTEF:0.26666666666666666	NSGVSVAR:0.26666666666666666	IVPVYNGE:0.3333333333333333	EIIVVDDG:0.2	SELYNGKT:0.2	GSDDNSLD:0.2	IFGNMNYF:0.3333333333333333	DGSDDNSL:0.2	AVYGEDTE:0.2	AIFGNMNY:0.26666666666666666	KLSKFKGD:0.2	NMNYFFYN:0.2	VIVPVYNL:0.2	IVIDDGST:0.2	VIDDGSTD:0.2	VPVYNGEK:0.26666666666666666	GEYIVFVD:0.2	
