cluster number:837
GT2:27	GT2:27
EPGFAWDV:0.2222222222222222	VGSRRHPD:0.4444444444444444	RFLGDGFA:0.25925925925925924	LAVGSRRH:0.6666666666666666	PGFAWDVE:0.2222222222222222	GAAITAGF:0.7407407407407407	AAITAGFE:0.7407407407407407	SVGVVVPA:0.25925925925925924	VGVVVPAY:0.25925925925925924	AWDVELVA:0.2222222222222222	RRGKGAAI:0.8148148148148148	VPYRRGKG:0.2222222222222222	YDYQCGAK:0.6666666666666666	YRRGKGAA:0.2222222222222222	GDGFAWLA:0.5925925925925926	GFAWDVEL:0.4074074074074074	DYQCGAKA:0.8888888888888888	DGFAWLAR:0.4074074074074074	RGKGAAIT:0.8148148148148148	LYDYQCGA:0.6296296296296297	GFAWLARR:0.25925925925925924	LGDGFAWL:0.5925925925925926	AVGSRRHP:0.7037037037037037	ADLAVGSR:0.4444444444444444	GKGAAITA:0.7407407407407407	VLAFADAD:0.2962962962962963	KGAAITAG:0.7407407407407407	FAWDVELV:0.2222222222222222	YQCGAKAI:0.4074074074074074	DLAVGSRR:0.6666666666666666	RRFLGDGF:0.25925925925925924	VVPAYRPD:0.37037037037037035	PYRRGKGA:0.2222222222222222	FLGDGFAW:0.25925925925925924	AFADADGS:0.5555555555555556	GVVVPAYR:0.2962962962962963	LAFADADG:0.5555555555555556	GSRRHPDA:0.4444444444444444	VVVPAYRP:0.2962962962962963	FAWLARRL:0.2222222222222222	TDVLAFAD:0.2222222222222222	AWLARRLL:0.2222222222222222	FADADGST:0.5925925925925926	LETDVLAF:0.2222222222222222	DVLAFADA:0.25925925925925924	AITAGFEA:0.37037037037037035	SRRHPDAT:0.25925925925925924	YQCGAKAL:0.2962962962962963	GFEALDTD:0.2222222222222222	ITAGFEAL:0.25925925925925924	RRHPDATV:0.25925925925925924	FAWDIELI:0.25925925925925924	EPGFAWDI:0.25925925925925924	DADGSTPA:0.4074074074074074	PGFAWDIE:0.2962962962962963	WDIELIAV:0.25925925925925924	YEPGFAWD:0.37037037037037035	ADADGSTP:0.4074074074074074	HLYEPGFA:0.37037037037037035	GFAWDIEL:0.4444444444444444	AWDIELIA:0.25925925925925924	LYEPGFAW:0.37037037037037035	YLGDGFAW:0.2222222222222222	RYLGDGFA:0.2222222222222222	RRYLGDGF:0.2222222222222222	
