cluster number:2255
GT2:17	GT2:17
LIDDCTLA:0.5882352941176471	DVTVLIPA:0.23529411764705882	GWAGKLWA:0.23529411764705882	WAGKLWAL:0.23529411764705882	RDALIDDC:0.29411764705882354	IDDCTLAA:0.29411764705882354	DALIDDCT:0.35294117647058826	VARTAFTQ:0.5294117647058824	SALRYWRG:0.23529411764705882	LRDALIDD:0.23529411764705882	GLSHAARS:0.23529411764705882	YLAMTWSS:0.29411764705882354	LWALEQGR:0.23529411764705882	KLWALEQG:0.7647058823529411	LAMTWSSA:0.29411764705882354	AGKLWALE:0.23529411764705882	VTVLIPAR:0.23529411764705882	MVARTAFT:0.4117647058823529	AAAAGGCI:0.7647058823529411	GKLWALEQ:0.8235294117647058	ERLLMPAF:0.23529411764705882	ARTAFTQL:0.6470588235294118	ALIDDCTL:0.5882352941176471	AAAGGCIL:0.7058823529411765	FFKLLYPF:0.5882352941176471	YFFKLLYP:0.23529411764705882	LALVSLMA:0.29411764705882354	TAFTQLRY:0.35294117647058826	AFTQLRYS:0.35294117647058826	RTAFTQLR:0.35294117647058826	ITVLIPAR:0.5294117647058824	VLIPARNE:0.7058823529411765	SGKLWALE:0.4117647058823529	GWSGKLWA:0.35294117647058826	WSGKLWAL:0.5294117647058824	TVLIPARN:0.7058823529411765	LLPWRPWS:0.23529411764705882	IAAAAGGC:0.23529411764705882	LIPARNEA:0.4117647058823529	ALIDDCAL:0.23529411764705882	LIDDCALA:0.29411764705882354	AFTQLGYS:0.23529411764705882	FKLLYPFA:0.29411764705882354	VAAAAGGC:0.29411764705882354	SALRYWQG:0.23529411764705882	IDDCTLAR:0.29411764705882354	EMVARTAF:0.29411764705882354	EGPYIRHT:0.23529411764705882	IYYQRSPL:0.23529411764705882	NENLALVS:0.23529411764705882	LIYYQRSP:0.23529411764705882	HYTLLLDA:0.23529411764705882	NEGPYIRH:0.23529411764705882	YYQRSPLW:0.23529411764705882	LWALEQGL:0.35294117647058826	RIIVIDDQ:0.23529411764705882	YTLLLDAD:0.4117647058823529	AARSHRGY:0.23529411764705882	MTWTSALR:0.23529411764705882	IIVIDDQS:0.47058823529411764	RNEGPYIR:0.23529411764705882	WTSALRYW:0.23529411764705882	ENLALVSL:0.23529411764705882	PARNEGPY:0.23529411764705882	DLSNITVL:0.23529411764705882	THYTLLLD:0.23529411764705882	AAGGCILV:0.5294117647058824	IWEMVART:0.23529411764705882	IPARNEGP:0.23529411764705882	PWRPWSTR:0.29411764705882354	NLALVSLM:0.23529411764705882	LLLDADIE:0.29411764705882354	TLIYYQRS:0.23529411764705882	MPAFIFFF:0.23529411764705882	NITVLIPA:0.23529411764705882	WRPWSTRE:0.29411764705882354	LLDADIEL:0.29411764705882354	LLMPAFIF:0.23529411764705882	LIPARNEG:0.29411764705882354	LSNITVLI:0.23529411764705882	GPYIRHTL:0.23529411764705882	ARNEGPYI:0.23529411764705882	LMPAFIFF:0.23529411764705882	TLLLDADI:0.6470588235294118	WEMVARTA:0.23529411764705882	PTLIYYQR:0.23529411764705882	SNITVLIP:0.23529411764705882	TWTSALRY:0.23529411764705882	PAFIFFFK:0.29411764705882354	GGCILVET:0.35294117647058826	FIFFFKLL:0.29411764705882354	IFFFKLLY:0.29411764705882354	FFFKLLYP:0.35294117647058826	AFIFFFKL:0.29411764705882354	AGGCILVE:0.35294117647058826	MTWTSAFR:0.23529411764705882	DDCTLARQ:0.23529411764705882	FVYYFKLL:0.23529411764705882	VYYFKLLY:0.23529411764705882	YYFKLLYP:0.23529411764705882	YFKLLYPF:0.23529411764705882	
