cluster number:610
GT2:23	GT2:23
GLLDERFF:0.30434782608695654	LGFAAGNN:0.391304347826087	ANLGFAAG:0.21739130434782608	LLNNDTEV:0.34782608695652173	NLGFAAGN:0.391304347826087	LLDERFFM:0.30434782608695654	NDTEVAPD:0.30434782608695654	DERFFMYF:0.21739130434782608	LDERFFMY:0.30434782608695654	AGNNVGLR:0.21739130434782608	AGLLDERF:0.21739130434782608	LNNDTEVA:0.2608695652173913	GFAAGNNV:0.391304347826087	NNDTEVAP:0.30434782608695654	AAGNNVGL:0.21739130434782608	FAAGNNVG:0.34782608695652173	GNNVGLRY:0.21739130434782608	NNVGLRYA:0.21739130434782608	LLLNNDTE:0.34782608695652173	ERFFMYFE:0.21739130434782608	YVLLLNND:0.30434782608695654	VLLLNNDT:0.2608695652173913	DYVLLLNN:0.21739130434782608	
