cluster number:1770
GT2:60	GT2:60
YVPGPPLE:0.38333333333333336	LLNTKEHV:0.26666666666666666	NDVVVTPG:0.21666666666666667	KYVVFIDN:0.2	NKYKRLGW:0.21666666666666667	PRERFSYT:0.4166666666666667	DNDVVVTP:0.23333333333333334	VPGPPLEW:0.3333333333333333	YKRLGWRR:0.25	GLAEFHCM:0.3333333333333333	ESLESIYE:0.2833333333333333	LVTYVPGP:0.26666666666666666	FKLIYVDG:0.26666666666666666	RESLESIY:0.35	VVFIDNDV:0.26666666666666666	LSPNHARN:0.3	FIDNDVVV:0.25	YVVFIDND:0.26666666666666666	VFIDNDVV:0.25	TGLAEFHC:0.36666666666666664	TRESLESI:0.31666666666666665	VHCAGGES:0.23333333333333334	SYTRESLE:0.2833333333333333	RFSYTRES:0.31666666666666665	IDNDVVVT:0.21666666666666667	FSYTRESL:0.31666666666666665	SLVTYVPG:0.2833333333333333	ERFSYTRE:0.31666666666666665	YTRESLES:0.2833333333333333	VTYVPGPP:0.4	YYMLRWSD:0.36666666666666664	HCAGGESG:0.21666666666666667	VVVTPGWL:0.21666666666666667	DVVVTPGW:0.21666666666666667	NTKEHVDL:0.21666666666666667	EVHCAGGE:0.31666666666666665	SLESIYEH:0.21666666666666667	LNTKEHVD:0.26666666666666666	TYVPGPPL:0.43333333333333335	YLSPNHAR:0.3	KYKRLGWR:0.21666666666666667	TKEHVDLC:0.31666666666666665	RERFSYTR:0.3333333333333333	LESIYEHT:0.25	RWSDAWEL:0.3333333333333333	SDAWELAS:0.25	VSPRERFS:0.2	YMLRWSDA:0.48333333333333334	EKIYKQGR:0.2	DAWELASL:0.25	KWNLTEDE:0.2	HYYMLRWS:0.3	MLRWSDAW:0.5833333333333334	WSDAWELA:0.25	PRERFSCT:0.23333333333333334	LRWSDAWE:0.43333333333333335	VVPRERFS:0.48333333333333334	VVVPRERF:0.4666666666666667	VPRERFSY:0.3	LREKMYKQ:0.25	KEHLDFCM:0.23333333333333334	PFKLIYVD:0.2833333333333333	LHYYMLRW:0.21666666666666667	TKEHLDFC:0.2	LIYVDGNS:0.23333333333333334	IYVDGNSP:0.23333333333333334	REKMYKQG:0.25	ATVVGPLM:0.21666666666666667	DLHYYMLR:0.21666666666666667	VTIVVVPR:0.35	FYMLRWSD:0.2833333333333333	IVVVPRER:0.36666666666666664	TIVVVPRE:0.36666666666666664	TELAEFHC:0.2	HFYMLRWS:0.2	GPPLEWTD:0.23333333333333334	PGPPLEWT:0.23333333333333334	QVTIVVVP:0.2	EFHCMLVR:0.25	AEFHCMLV:0.21666666666666667	
