cluster number:1579
GT2:11	GT2:11|GT4:1
GIERARAP:0.36363636363636365	RNAGIERA:0.45454545454545453	VVDDGSTD:0.5454545454545454	TVITPTHN:0.45454545454545453	GAKWRGAN:0.45454545454545453	KYNSENSI:0.2727272727272727	ITVITPTH:0.36363636363636365	MQDRELLL:0.45454545454545453	NSENSISG:0.2727272727272727	SISGRRDG:0.36363636363636365	RRDGYVEA:0.36363636363636365	RMQDRELL:0.45454545454545453	GANAARNA:0.45454545454545453	YNSENSIS:0.2727272727272727	GYVEAYAN:0.2727272727272727	ANRSSKAL:0.2727272727272727	NRSSKALG:0.2727272727272727	RSSKALGY:0.2727272727272727	ENSISGRR:0.2727272727272727	VITPTHNR:0.45454545454545453	AARNAGIE:0.45454545454545453	WRGANAAR:0.45454545454545453	DGYVEAYA:0.36363636363636365	NSISGRRD:0.36363636363636365	SGRRDGYV:0.36363636363636365	AGIERARA:0.36363636363636365	NAGIERAR:0.36363636363636365	RRWRRDLY:0.2727272727272727	AKWRGANA:0.45454545454545453	RGANAARN:0.45454545454545453	PLITVITP:0.36363636363636365	KALGYSLP:0.2727272727272727	YVGAKWRG:0.45454545454545453	SKALGYSL:0.2727272727272727	NAARNAGI:0.45454545454545453	RWRRDLYD:0.2727272727272727	SAITARRE:0.36363636363636365	RDGYVEAY:0.36363636363636365	IGGYDSDI:0.45454545454545453	KWRGANAA:0.45454545454545453	FIAGSAIT:0.36363636363636365	ISGRRDGY:0.36363636363636365	ANAARNAG:0.45454545454545453	VGAKWRGA:0.45454545454545453	AGSAITAR:0.45454545454545453	ARNAGIER:0.45454545454545453	GRRDGYVE:0.36363636363636365	SENSISGR:0.2727272727272727	IFIAGSAI:0.2727272727272727	WRRDLYDE:0.2727272727272727	FEHIVVDD:0.2727272727272727	LITVITPT:0.36363636363636365	LAIGGYDS:0.45454545454545453	GRRWRRDL:0.45454545454545453	SSKALGYS:0.2727272727272727	IAGSAITA:0.36363636363636365	QDRELLLR:0.5454545454545454	ITPTHNRR:0.45454545454545453	HIVVDDGS:0.36363636363636365	EHIVVDDG:0.36363636363636365	AIGGYDSD:0.45454545454545453	LLAIGGYD:0.45454545454545453	IVVDDGST:0.5454545454545454	GSAITARR:0.45454545454545453	YVEAYANL:0.2727272727272727	ALGYSLPE:0.36363636363636365	RELLLRLA:0.36363636363636365	GTEAALAR:0.36363636363636365	MGKHPHIA:0.2727272727272727	LRLARRFG:0.2727272727272727	ELLLRLAR:0.36363636363636365	RLARRFGA:0.2727272727272727	GYDSDITR:0.2727272727272727	YVHGRRWR:0.2727272727272727	TDGTEAAL:0.36363636363636365	DRELLLRL:0.36363636363636365	DDGSTDGT:0.45454545454545453	TEAALARI:0.36363636363636365	GYMANRSS:0.36363636363636365	IYVGAKWR:0.36363636363636365	ITRMQDRE:0.2727272727272727	ARRFGAQL:0.2727272727272727	GYVHGRRW:0.2727272727272727	LLRLARRF:0.2727272727272727	LIYVGAKW:0.36363636363636365	TRMQDREL:0.2727272727272727	VHGRRWRR:0.2727272727272727	PRLIYVGA:0.36363636363636365	VTFLDSDD:0.5454545454545454	LLLRLARR:0.2727272727272727	DGTEAALA:0.36363636363636365	GSTDGTEA:0.36363636363636365	GGYDSDIT:0.2727272727272727	SDITRMQD:0.2727272727272727	VDDGSTDG:0.45454545454545453	VLRAVESV:0.2727272727272727	DPRLIYVG:0.36363636363636365	YDSDITRM:0.2727272727272727	LARRFGAQ:0.2727272727272727	DGSTDGTE:0.36363636363636365	STDGTEAA:0.36363636363636365	RLIYVGAK:0.36363636363636365	LGYSLPEL:0.36363636363636365	HGRRWRRD:0.36363636363636365	RRFGAQLS:0.2727272727272727	DITRMQDR:0.2727272727272727	ALLAIGGY:0.36363636363636365	LMGKHPHI:0.2727272727272727	DSDITRMQ:0.2727272727272727	PTHNRRET:0.2727272727272727	NRRETVLR:0.2727272727272727	ADILRGRI:0.2727272727272727	ITARREAL:0.2727272727272727	AITARREA:0.2727272727272727	PLVTFLDS:0.2727272727272727	THNRRETV:0.2727272727272727	TFLDSDDI:0.2727272727272727	RRETVLRA:0.2727272727272727	ARREALLA:0.2727272727272727	REALLAIG:0.2727272727272727	FLDSDDIY:0.2727272727272727	DILRGRIP:0.2727272727272727	IADILRGR:0.2727272727272727	TPTHNRRE:0.2727272727272727	HNRRETVL:0.2727272727272727	RETVLRAV:0.2727272727272727	PHRLERTL:0.2727272727272727	RREALLAI:0.2727272727272727	TARREALL:0.2727272727272727	EALLAIGG:0.2727272727272727	LVTFLDSD:0.2727272727272727	
