cluster number:1551
GT2:21	GT2:21
EVIVVDNA:0.42857142857142855	SMHAIGND:0.2857142857142857	KILWSDDL:0.3333333333333333	DNASTDDT:0.2857142857142857	VIVVDNAS:0.47619047619047616	SILIPVYN:0.23809523809523808	DFSMHAIG:0.2857142857142857	VSILIPVY:0.23809523809523808	HAIGNDLL:0.2857142857142857	VDNASTDD:0.3333333333333333	MHAIGNDL:0.2857142857142857	PVRNWLRC:0.23809523809523808	LVSILIPV:0.23809523809523808	FSMHAIGN:0.2857142857142857	ILWSDDLI:0.3333333333333333	VVDNASTD:0.7142857142857143	ILIPVYNR:0.23809523809523808	SDFSMHAI:0.2857142857142857	GPVRNWLR:0.23809523809523808	IVVDNAST:0.5238095238095238	
