cluster number:990
GT2:180	GT2:180|CBM47:12|GT9:1|GT8:1|GT32:1|GT4:1
CIEECVPR:0.26666666666666666	IFLDSDDY:0.36666666666666664	ELNCIEEC:0.4444444444444444	DERFILFD:0.23333333333333334	KTVGVVIP:0.26666666666666666	KEYTLKDE:0.24444444444444444	DENSLNIA:0.4888888888888889	TLKDERFI:0.2388888888888889	NVEKYLRE:0.2722222222222222	VVIPIYNV:0.6111111111111112	IDYIIFLD:0.5944444444444444	LKDERFIL:0.2388888888888889	WELNCIEE:0.4444444444444444	KDERFILF:0.23333333333333334	ENSLNIAK:0.4888888888888889	ECVPRMDG:0.25555555555555554	ERFILFDK:0.23333333333333334	LVNDGSTD:0.7888888888888889	VIPIYNVE:0.6444444444444445	FLDSDDYW:0.3611111111111111	IPIYNVEK:0.6111111111111112	IAKEYTLK:0.5611111111111111	TVGVVIPI:0.26666666666666666	GVVIPIYN:0.6111111111111112	DYWELNCI:0.3055555555555556	YTLKDERF:0.2388888888888889	VEKYLREC:0.2722222222222222	VLVNDGST:0.2222222222222222	DGSTDENS:0.5833333333333334	VNDGSTDE:0.65	LNCIEECV:0.49444444444444446	VGVVIPIY:0.43333333333333335	IEECVPRM:0.26666666666666666	EKYLRECL:0.2722222222222222	YNVEKYLR:0.2777777777777778	CVPRMDGV:0.25555555555555554	SDDYWELN:0.3055555555555556	EYTLKDER:0.24444444444444444	YIIFLDSD:0.5888888888888889	LFDKENGG:0.25555555555555554	YWELNCIE:0.40555555555555556	IYNVEKYL:0.6333333333333333	YLRECLDS:0.3055555555555556	NSLNIAKE:0.4444444444444444	LNIAKEYT:0.4722222222222222	LDSDDYWE:0.3388888888888889	NDGSTDEN:0.5833333333333334	DYIIFLDS:0.5833333333333334	NQTYKNLQ:0.22777777777777777	EECVPRMD:0.25555555555555554	NCIEECVP:0.2722222222222222	SLNIAKEY:0.5222222222222223	DSDDYWEL:0.3388888888888889	KYLRECLD:0.2388888888888889	GSTDENSL:0.5222222222222223	AKEYTLKD:0.5611111111111111	PIYNVEKY:0.6277777777777778	DDYWELNC:0.3055555555555556	STDENSLN:0.49444444444444446	TDENSLNI:0.49444444444444446	NIAKEYTL:0.5388888888888889	LRECLDSV:0.3055555555555556	IIFLDSDD:0.4111111111111111	NGGLSSAR:0.5111111111111111	ILVNDGST:0.5333333333333333	IILVNDGS:0.5333333333333333	GGLSSARN:0.5166666666666667	SSARNVGI:0.3333333333333333	SARNVGIE:0.31666666666666665	LSSARNVG:0.38333333333333336	GLSSARNV:0.38333333333333336	DKRITLFD:0.3055555555555556	YTNLEIIL:0.2777777777777778	LDSVINQT:0.5277777777777778	ECLDSVIN:0.48333333333333334	CLDSVINQ:0.5611111111111111	EIILVNDG:0.5	KRITLFDK:0.3055555555555556	NQTYTNLE:0.29444444444444445	EKYLKECL:0.3277777777777778	IKENSLIE:0.3333333333333333	EYFSGEYK:0.2777777777777778	YNVEKYLK:0.3333333333333333	YTLKDKRI:0.34444444444444444	ITLFDKKN:0.23333333333333334	YKLKNKTQ:0.2777777777777778	INQTYTNL:0.28888888888888886	SVINQTYT:0.28888888888888886	KDKRITLF:0.31666666666666665	TLKDKRIT:0.28888888888888886	TNLEIILV:0.2777777777777778	LKDKRITL:0.31666666666666665	NLEIILVN:0.40555555555555556	LFDKKNGG:0.36666666666666664	LEIILVND:0.4888888888888889	EYKLKNKT:0.2388888888888889	KECLDSVI:0.3	NVEKYLKE:0.3277777777777778	SGEYKLKN:0.26666666666666666	VINQTYTN:0.28888888888888886	IEYFSGEY:0.35555555555555557	YFSGEYKL:0.2777777777777778	GIEYFSGE:0.3611111111111111	TYTNLEII:0.25555555555555554	DSVINQTY:0.5277777777777778	VEKYLKEC:0.3277777777777778	KYLKECLD:0.3333333333333333	LKECLDSV:0.32222222222222224	EYTLKDKR:0.32222222222222224	KENSLIEF:0.3333333333333333	GEYKLKNK:0.23333333333333334	YLKECLDS:0.3333333333333333	RITLFDKK:0.23333333333333334	TLFDKKNG:0.23333333333333334	FSGEYKLK:0.26666666666666666	KEYTLKDK:0.32222222222222224	QTYTNLEI:0.29444444444444445	SVINQTYK:0.21666666666666667	IINEDIHF:0.2388888888888889	VGSRDISF:0.2111111111111111	SISNHDKK:0.23333333333333334	NSISNHDK:0.23333333333333334	INEDIHFG:0.2388888888888889	KKNGGLSS:0.31666666666666665	DKKNGGLS:0.29444444444444445	ARNVGIEY:0.37222222222222223	KNGGLSSA:0.32222222222222224	NVGIEYFS:0.3888888888888889	VGIEYFSG:0.3888888888888889	FDKKNGGL:0.2833333333333333	RNVGIEYF:0.37222222222222223	DLTNFTYP:0.22777777777777777	
