cluster number:1302
GT2:18	GT2:18
HNAYSSWE:0.2222222222222222	LKLGFLDG:0.2777777777777778	FLKLGFLD:0.2222222222222222	LDMEVHEH:0.2777777777777778	DMEVHEHP:0.3333333333333333	LFLDADEF:0.2777777777777778	YFLKLGFL:0.2222222222222222	ILFLDADE:0.2222222222222222	NAYSSWEA:0.2222222222222222	KLGFLDGK:0.2777777777777778	WILFLDAD:0.2222222222222222	VLFLDADE:0.5	DWVLFLDA:0.2777777777777778	WVLFLDAD:0.5	
