cluster number:728
GT2:12	GT2:12
AGGISQND:0.25	YRAHAGGI:0.4166666666666667	GISQNDNK:0.25	LIANYNNG:0.25	GGISQNDN:0.3333333333333333	IAEDQDLY:0.5833333333333334	RAHAGGIS:0.4166666666666667	ISQNDNKG:0.25	HAGGISQN:0.4166666666666667	KIAEDQDL:0.25	MKFSVLIA:0.4166666666666667	AHAGGISQ:0.4166666666666667	YLYRAHAG:0.3333333333333333	LIAHYNNA:0.4166666666666667	MYEKGDVY:0.3333333333333333	RIKKNIAI:0.25	DQDLYLKM:0.4166666666666667	RIAEDQDL:0.3333333333333333	FSILIAHY:0.25	KNIAITLQ:0.25	YLKMYEKG:0.4166666666666667	CGFVDPDD:0.8333333333333334	LRIAEDQD:0.3333333333333333	ILIAHYNN:0.25	EICGFVDP:0.5833333333333334	RKDIYEQT:0.25	DLYLKMYE:0.4166666666666667	YEKGDVYF:0.3333333333333333	LYRAHAGG:0.3333333333333333	ELRIAEDQ:0.3333333333333333	IAITLQKL:0.25	ENEKNSGV:0.25	MKFSILIA:0.25	SILIAHYN:0.25	KKNIAITL:0.25	DPYFFNYP:0.3333333333333333	GFVDPDDA:0.8333333333333334	FENEKNSG:0.25	LYLKMYEK:0.4166666666666667	NIAITLQK:0.25	IKKNIAIT:0.25	ASSEAEKE:0.25	NGDPYFFN:0.3333333333333333	ITLQKLFR:0.3333333333333333	QTYPDWEA:0.25	GDPYFFNY:0.3333333333333333	ATGEICGF:0.3333333333333333	KMYEKGDV:0.3333333333333333	EDQDLYLK:0.5	DASSEAEK:0.25	DDASSEAE:0.25	AITLQKLF:0.25	EKGDVYFI:0.3333333333333333	TFRKDIYE:0.25	GEICGFVD:0.5833333333333334	VVLTYSRF:0.4166666666666667	QDLYLKMY:0.4166666666666667	FRKDIYEQ:0.25	WEAVIVDD:0.25	TGEICGFV:0.3333333333333333	NYLYRAHA:0.3333333333333333	LKMYEKGD:0.3333333333333333	ICGFVDPD:0.8333333333333334	NEKNSGVG:0.25	AEDQDLYL:0.5	FFENEKNS:0.25	VLTYSRFM:0.4166666666666667	LATGEICG:0.3333333333333333	FFNYPIQI:0.4166666666666667	KGVGYTKR:0.25	VDPDDAIL:0.3333333333333333	NKGVGYTK:0.25	FVDPDDAI:0.5833333333333334	VLIAHYNN:0.3333333333333333	DPDDAILP:0.3333333333333333	SVLIAHYN:0.3333333333333333	ELATGEIC:0.25	KFSVLIAH:0.3333333333333333	FSVLIAHY:0.3333333333333333	IELATGEI:0.25	TKSKLIEL:0.4166666666666667	TYSRFMAC:0.3333333333333333	KMNPELRI:0.25	KGDVYFIN:0.25	MNPELRIA:0.25	KSKLIELA:0.4166666666666667	NVVLTYSR:0.25	FNYPIQIG:0.25	NSGVGITK:0.25	VGITKSKL:0.25	PYFFNYPI:0.25	KNVVLTYS:0.25	SGVGITKS:0.25	YSRFMACD:0.3333333333333333	PIQIGHFT:0.25	QIGHFTTF:0.25	KKNVVLTY:0.25	NPELRIAE:0.25	ITKSKLIE:0.25	IQIGHFTT:0.25	SRFMACDK:0.25	GITKSKLI:0.25	YFFNYPIQ:0.25	GVGITKSK:0.25	GHFTTFRK:0.25	LTYSRFMA:0.3333333333333333	PELRIAED:0.25	IGHFTTFR:0.25	NYPIQIGH:0.25	YPIQIGHF:0.25	GDICGFVD:0.25	DICGFVDP:0.25	VDQDLYLK:0.25	AVDQDLYL:0.25	SAVDQDLY:0.25	
