cluster number:2641
GT2:12	GT2:12
AYSAFWKR:0.25	VFTQAYSA:0.25	WIRISAIT:0.25	YRWHNHGQ:0.25	VVDDGSTD:0.5833333333333334	AFYRWHNH:0.25	FWKRDLVS:0.3333333333333333	EGGENGPA:0.25	WQVRKDFV:0.25	HAALVRRE:0.3333333333333333	LDADDYWA:0.3333333333333333	GGENGPAY:0.25	RWHNHGQI:0.25	EVLAFYRW:0.4166666666666667	TQAYSAFW:0.25	VIMPCYNA:0.25	NVELIVVD:0.3333333333333333	FTQAYSAF:0.25	PEVLAFYR:0.3333333333333333	SAMDYDLW:0.25	WRFKDLKY:0.25	LIVVDDGS:0.5833333333333334	FIAFLDAD:0.4166666666666667	VKWRQVLD:0.3333333333333333	YSAFWKRD:0.25	PIHAALVR:0.5	FYRWHNHG:0.25	ISVIMPCY:0.3333333333333333	RRFSAMDY:0.25	SVIMPCYN:0.3333333333333333	VELIVVDD:0.5	VPEVLAFY:0.3333333333333333	AFWKRDLV:0.3333333333333333	RFSAMDYD:0.25	WPIHAALV:0.5	FLDADDYW:0.4166666666666667	SAFWKRDL:0.25	KWRQVLDA:0.4166666666666667	IHAALVRR:0.5	HNHGQISS:0.25	IAFLDADD:0.5	RFKDLKYI:0.25	VLAFYRWH:0.4166666666666667	SCPWPIHA:0.3333333333333333	PWPIHAAL:0.5833333333333334	CPWPIHAA:0.5	FSAMDYDL:0.25	WRQVLDAW:0.25	ELIVVDDG:0.5833333333333334	AFLDADDY:0.5	VEGGENGP:0.25	QAYSAFWK:0.25	EFIAFLDA:0.4166666666666667	GEFIAFLD:0.4166666666666667	GPFPARNL:0.25	LAFYRWHN:0.25	IVVDDGST:0.5	WHNHGQIS:0.25	AALVRREI:0.25	VVDDGSSD:0.25	WKRDLVSA:0.25	KRDLVSAQ:0.25	VRVPEVLA:0.25	SAVKWRQV:0.25	KGPYPARN:0.25	IAYCGWQN:0.25	AYCGWQNV:0.5	GWQNVGEG:0.25	GPYPARNL:0.25	YCGWQNVG:0.5	CGWQNVGE:0.25	RKGPYPAR:0.25	AVKWRQVL:0.25	VAFLDADD:0.3333333333333333	MDYDLWLR:0.25	
