cluster number:462
GT2:19	GT2:19|GT4:3
TGDWILFL:0.3157894736842105	ATGDWILF:0.3157894736842105	IIVVDTGS:0.21052631578947367	NIARCINS:0.2631578947368421	VVDTGSTD:0.3157894736842105	GDWILFLD:0.3684210526315789	ILFLDADE:0.5263157894736842	DWILFLDA:0.47368421052631576	WILFLDAD:0.5263157894736842	LFLDADEE:0.42105263157894735	IVVVDTGS:0.3157894736842105	EYGKAKEE:0.21052631578947367	AKWEDDFS:0.21052631578947367	YMTIVGEM:0.21052631578947367	INSVKDIV:0.2631578947368421	DEIVVVDT:0.2631578947368421	LDADEEIK:0.21052631578947367	RLFRNNGK:0.2631578947368421	CLITKDEE:0.21052631578947367	DEEKNIAR:0.21052631578947367	KLYMTIVG:0.21052631578947367	DLAVEAYI:0.21052631578947367	VTILHYGY:0.2631578947368421	SDKKLYMT:0.21052631578947367	RNNGKLKY:0.2631578947368421	EDDFSKAR:0.2631578947368421	FRNNGKLK:0.2631578947368421	IVGEMKAK:0.21052631578947367	KDIVDEIV:0.2631578947368421	KALKHLLI:0.2631578947368421	LFRNNGKL:0.2631578947368421	KWEDDFSK:0.2631578947368421	IVDEIVVV:0.2631578947368421	ARCINSVK:0.21052631578947367	ADEEIKKE:0.21052631578947367	DADEEIKK:0.21052631578947367	EKNIARCI:0.21052631578947367	VDEIVVVD:0.2631578947368421	SLCLITKD:0.21052631578947367	IARCINSV:0.21052631578947367	DKKLYMTI:0.21052631578947367	LAVEAYIK:0.21052631578947367	YGKAKEEA:0.21052631578947367	ITKDEEKN:0.2631578947368421	KDEEKNIA:0.2631578947368421	SSDKKLYM:0.2631578947368421	CINSVKDI:0.2631578947368421	DDFSKARN:0.2631578947368421	TKDEEKNI:0.2631578947368421	VEAYIKAA:0.21052631578947367	ALKHLLIA:0.2631578947368421	DIVDEIVV:0.2631578947368421	TMGGTGSY:0.2631578947368421	LCLITKDE:0.21052631578947367	MTIVGEMK:0.21052631578947367	WEDDFSKA:0.2631578947368421	DVTILHYG:0.2631578947368421	SVKDIVDE:0.2631578947368421	LNDAVKEY:0.21052631578947367	DSSDKKLY:0.21052631578947367	NSVKDIVD:0.2631578947368421	RCINSVKD:0.2631578947368421	LKHLLIAT:0.2631578947368421	FLDADEEI:0.3157894736842105	DEEIKKED:0.21052631578947367	LYMTIVGE:0.21052631578947367	GGTGSYRA:0.2631578947368421	EIVVVDTG:0.2631578947368421	AVEAYIKA:0.21052631578947367	TLSLCLIT:0.2631578947368421	VGEMKAKF:0.21052631578947367	EEKNIARC:0.21052631578947367	LITKDEEK:0.21052631578947367	TILHYGYL:0.2631578947368421	ADVTILHY:0.2631578947368421	KNIARCIN:0.21052631578947367	LSLCLITK:0.2631578947368421	KKLYMTIV:0.21052631578947367	MGGTGSYR:0.2631578947368421	VKDIVDEI:0.2631578947368421	KHLLIATK:0.2631578947368421	
