cluster number:1495
GT2:18	GT2:18
YVFRLGFL:0.2222222222222222	EAHRIEAC:0.2777777777777778	DYVFFLDA:0.3333333333333333	DEVMTPAF:0.2222222222222222	AAFADQLL:0.2222222222222222	RSAAFADQ:0.2777777777777778	VRGSLEKL:0.3888888888888889	FRYAALHY:0.2222222222222222	LRSAAFAD:0.2777777777777778	GFLYCLFV:0.3333333333333333	RLLHYSRT:0.2222222222222222	QLLVVDSG:0.2777777777777778	WRMVAYGH:0.2222222222222222	FRLGFLCG:0.2222222222222222	DSGSTDDT:0.3333333333333333	FADQLLVV:0.2777777777777778	RLYVFRLG:0.2222222222222222	LDADEVMT:0.2777777777777778	MVAYGHEL:0.2222222222222222	LVVDSGST:0.3888888888888889	VVDSGSTD:0.6111111111111112	TQYVMLGA:0.2222222222222222	TIRWRMVA:0.2222222222222222	LEGFFRYA:0.2222222222222222	IEACLRSA:0.2222222222222222	FLYCLFVA:0.3333333333333333	PTLTVAVL:0.2777777777777778	SGSTDDTV:0.3333333333333333	RGSLEKLT:0.3888888888888889	KLTQYVML:0.2222222222222222	QGFAVQRN:0.5	WQGFAVQR:0.5	DADEVMTP:0.2777777777777778	AHRIEACL:0.2777777777777778	LLVVDSGS:0.3333333333333333	VWTIRWRM:0.2222222222222222	VDSGSTDD:0.3333333333333333	EVMTPAFA:0.2222222222222222	YPDWQGFA:0.2777777777777778	LQAIVRSG:0.2222222222222222	GFFRYAAL:0.2222222222222222	DQLLVVDS:0.2777777777777778	AFADQLLV:0.2222222222222222	QRNRLLAH:0.2777777777777778	YCLFVALE:0.3333333333333333	CLRSAAFA:0.2777777777777778	PDWQGFAV:0.4444444444444444	TVRGSLEK:0.3333333333333333	ELQAIVRS:0.2222222222222222	GFAVQRNR:0.6111111111111112	RGDYVFFL:0.2222222222222222	TGVVHEQA:0.2777777777777778	VQRNRLLA:0.2777777777777778	STDDTVAI:0.2222222222222222	YVFFLDAD:0.3333333333333333	VFRLGFLC:0.2222222222222222	RGGVLRGL:0.3333333333333333	EGFFRYAA:0.2222222222222222	GSTDDTVA:0.3333333333333333	LYVFRLGF:0.2222222222222222	TDDTVAIA:0.2222222222222222	ARLLHYSR:0.3333333333333333	LTQYVMLG:0.2222222222222222	VFFLDADE:0.2777777777777778	RYAALHYD:0.2222222222222222	PPTLTVAV:0.2222222222222222	RLGFLCGG:0.2777777777777778	AVQRNRLL:0.4444444444444444	SMFLRLYV:0.2222222222222222	FFRYAALH:0.2222222222222222	FAVQRNRL:0.5	GDYVFFLD:0.2222222222222222	IERLFVRA:0.2222222222222222	DWQGFAVQ:0.5	FFLDADEV:0.3888888888888889	LYCLFVAL:0.3333333333333333	RMVAYGHE:0.2222222222222222	ADEVMTPA:0.2222222222222222	MLGAAKRA:0.4444444444444444	RIEACLRS:0.2222222222222222	NEAHRIEA:0.2777777777777778	FLDADEVM:0.2777777777777778	SLEKLTQY:0.3888888888888889	ADQLLVVD:0.2777777777777778	WTIRWRMV:0.2222222222222222	SAAFADQL:0.2222222222222222	GSLEKLTQ:0.3888888888888889	GAGFLYCL:0.2777777777777778	GGAGFLYC:0.3333333333333333	GVLRGLAS:0.2222222222222222	TLTVAVLT:0.2222222222222222	LCGGAGFL:0.3333333333333333	LAHARGDY:0.2222222222222222	RNRLLAHA:0.2222222222222222	GFLCGGAG:0.3333333333333333	VLRGLASG:0.2222222222222222	CGGAGFLY:0.3333333333333333	RLLAHARG:0.2222222222222222	GGVLRGLA:0.2222222222222222	LGFLCGGA:0.3333333333333333	NRLLAHAR:0.2222222222222222	AGFLYCLF:0.2777777777777778	FLCGGAGF:0.3333333333333333	LLAHARGD:0.2222222222222222	AMLGAAKR:0.2777777777777778	YAMLGAAK:0.2777777777777778	TQYAMLGA:0.2222222222222222	VALEAFFR:0.2222222222222222	QYAMLGAA:0.2777777777777778	CLFVALEA:0.2222222222222222	FVALEAFF:0.2222222222222222	LFVALEAF:0.2222222222222222	LHHSRETV:0.2222222222222222	YIFFLDAD:0.3333333333333333	IFFLDADE:0.4444444444444444	LLHHSRET:0.2222222222222222	HHSRETVR:0.2222222222222222	KRGGVLRG:0.2222222222222222	DYIFFLDA:0.2222222222222222	GKRGGVLR:0.2222222222222222	
