cluster number:2025
GT2:61	GT2:61|GT0:3|2.4.1.83:1
QHPPEVIP:0.4918032786885246	VMDADLQH:0.819672131147541	NNFTWNDL:0.2459016393442623	VVDDDSPD:0.3770491803278688	VPTYNERD:0.21311475409836064	RKLISKGA:0.39344262295081966	TWNDLWTF:0.2459016393442623	NFTWNDLW:0.2459016393442623	YNERDNLE:0.22950819672131148	RLMKWEGE:0.2786885245901639	PIGFKILM:0.2459016393442623	LMEILIKG:0.3442622950819672	ADIAIASR:0.2786885245901639	YEIIVVDD:0.21311475409836064	FTWNDLWT:0.2459016393442623	ADLQHPPE:0.7540983606557377	FKILMEIL:0.39344262295081966	SAVIRGFK:0.3770491803278688	VIRGFKEA:0.3770491803278688	TYNERDNL:0.2786885245901639	MDADLQHP:0.819672131147541	KILMEILI:0.3442622950819672	LNPIGFKI:0.2786885245901639	VFVVMDAD:0.4426229508196721	WYWYRKLI:0.3114754098360656	GFKILMEI:0.39344262295081966	ELAILNNF:0.3770491803278688	DVFVVMDA:0.4426229508196721	EIIVVDDD:0.2786885245901639	KDPVSGFF:0.5573770491803278	LNNFTWND:0.26229508196721313	NWYWYRKL:0.3114754098360656	DLQHPPEV:0.5737704918032787	DPVSGFFA:0.6229508196721312	ISKGAIMI:0.3442622950819672	SKGAIMIG:0.32786885245901637	YRKLISKG:0.32786885245901637	VIVPTYNE:0.22950819672131148	IVVDDDSP:0.26229508196721313	VNRHVTWG:0.26229508196721313	WNDLWTFR:0.2786885245901639	NLEELFER:0.2459016393442623	PVSGFFAL:0.5901639344262295	PTYNERDN:0.36065573770491804	LEELFERI:0.2459016393442623	KGLSSAVI:0.4918032786885246	IIVVDDDS:0.2786885245901639	YRLMKWEG:0.26229508196721313	NDLWTFRD:0.2786885245901639	WYRKLISK:0.2459016393442623	VKDPVSGF:0.2786885245901639	KLISKGAI:0.39344262295081966	LSSAVIRG:0.5737704918032787	EKGLSSAV:0.4918032786885246	DADLQHPP:0.819672131147541	GADIAIAS:0.2786885245901639	IVPTYNER:0.45901639344262296	FVVMDADL:0.5573770491803278	NERDNLEE:0.22950819672131148	ILNNFTWN:0.2459016393442623	LISKGAIM:0.4262295081967213	VVMDADLQ:0.7540983606557377	IAIASRYV:0.2786885245901639	SSAVIRGF:0.5737704918032787	KGAIMIGR:0.32786885245901637	DLWTFRDL:0.26229508196721313	LAILNNFT:0.2459016393442623	YWYRKLIS:0.3114754098360656	IGFKILME:0.2459016393442623	ERDNLEEL:0.22950819672131148	AVIRGFKE:0.3770491803278688	DIAIASRY:0.29508196721311475	ILMEILIK:0.3442622950819672	VSGFFALR:0.3770491803278688	RDNLEELF:0.22950819672131148	NPIGFKIL:0.2786885245901639	LQHPPEVI:0.4918032786885246	SVIVPTYN:0.22950819672131148	GLSSAVIR:0.5737704918032787	AILNNFTW:0.2459016393442623	IIVDDDSP:0.21311475409836064	VPTYNERE:0.26229508196721313	IIIVDDDS:0.21311475409836064	MKWEGEID:0.21311475409836064	NPVGFKIL:0.3114754098360656	NDLWTFKD:0.22950819672131148	LNPVGFKI:0.3114754098360656	IKDPVSGF:0.2786885245901639	SGFFALRR:0.32786885245901637	KWEGEIDR:0.21311475409836064	YNERENLE:0.29508196721311475	TELAILNN:0.36065573770491804	SIIVPTYN:0.2786885245901639	ERENLEEL:0.29508196721311475	NERENLEE:0.29508196721311475	PTYNEREN:0.3442622950819672	WEGEIDRL:0.21311475409836064	LMKWEGEI:0.21311475409836064	ATELAILN:0.36065573770491804	GDVFVVMD:0.4262295081967213	TYNERENL:0.3442622950819672	IVDDDSPD:0.2786885245901639	WNDLWTFK:0.22950819672131148	IIVPTYNE:0.2459016393442623	EIIIVDDD:0.21311475409836064	FFALRREV:0.26229508196721313	IASRYVPG:0.2459016393442623	DSPDRTWE:0.22950819672131148	GFFALRRE:0.26229508196721313	LRKAGESK:0.2459016393442623	FALRREVV:0.2459016393442623	FGLRKAGE:0.2459016393442623	AIASRYVP:0.26229508196721313	ALRREVVE:0.2459016393442623	GLRKAGES:0.2459016393442623	DDDSPDRT:0.22950819672131148	VDDDSPDR:0.22950819672131148	PATELAIL:0.29508196721311475	DDSPDRTW:0.22950819672131148	SRYVPGGG:0.21311475409836064	YPVKVIRR:0.3442622950819672	RYVPGGGV:0.21311475409836064	RKAGESKL:0.2459016393442623	ASRYVPGG:0.2786885245901639	PVKVIRRT:0.21311475409836064	SGDVFVVM:0.2459016393442623	YRLMRWEG:0.2459016393442623	EASGDVFV:0.22950819672131148	RLMRWEGE:0.2459016393442623	RENLEELF:0.2459016393442623	EGFLWLFV:0.26229508196721313	ASGDVFVV:0.2459016393442623	VNEGFLWL:0.26229508196721313	LVNEGFLW:0.2459016393442623	NEGFLWLF:0.26229508196721313	HVYRLMRW:0.21311475409836064	SGFFALKR:0.21311475409836064	
