cluster number:1721
GT2:13	GT2:13
TRTNPAYA:0.23076923076923078	VRNEERFL:0.38461538461538464	RPERTTRT:0.23076923076923078	DVDPRKIG:0.3076923076923077	LFVESPFV:0.38461538461538464	FVESPFVH:0.38461538461538464	PVRNEERF:0.38461538461538464	NEERFLPA:0.23076923076923078	FFWRERPE:0.38461538461538464	MDGDDIAH:0.23076923076923078	RMDGDDIA:0.3076923076923077	ILMPVRNE:0.38461538461538464	ARMDGDDI:0.6153846153846154	PEDYDLWL:0.23076923076923078	LMTVGARG:0.3076923076923077	VESPFVHP:0.38461538461538464	WRERPERT:0.23076923076923078	PERTTRTN:0.23076923076923078	MTVGARGA:0.3076923076923077	AVDDGSTD:0.3076923076923077	ERTTRTNP:0.23076923076923078	WPEDYDLW:0.23076923076923078	ILAGAGLE:0.23076923076923078	DLFVESPF:0.38461538461538464	LVARMDGD:0.5384615384615384	RTNPAYAP:0.23076923076923078	GAPVLATG:0.23076923076923078	EVILAGAG:0.23076923076923078	SILMPVRN:0.38461538461538464	LFFWRERP:0.38461538461538464	DLWLRLAA:0.46153846153846156	ERPERTTR:0.23076923076923078	RNEERFLP:0.23076923076923078	LMPVRNEE:0.46153846153846156	DGDDIAHP:0.23076923076923078	RTTRTNPA:0.23076923076923078	VILAGAGL:0.23076923076923078	VGARGARA:0.23076923076923078	ADLFVESP:0.23076923076923078	AGAGLEGR:0.38461538461538464	HGAPVLAT:0.23076923076923078	TTRTNPAY:0.23076923076923078	TVGARGAR:0.38461538461538464	GWPEDYDL:0.23076923076923078	WLDVDPRK:0.3076923076923077	RERPERTT:0.23076923076923078	ESPFVHPS:0.38461538461538464	EDYDLWLR:0.6153846153846154	MPVRNEER:0.46153846153846156	SPFVHPSV:0.38461538461538464	LHGAPVLA:0.3076923076923077	HFPRQQVG:0.23076923076923078	EERFLPAA:0.23076923076923078	DYDLWLRL:0.6153846153846154	VDPRKIGR:0.23076923076923078	PFVHPSVM:0.38461538461538464	TLFFWRER:0.23076923076923078	VARMDGDD:0.5384615384615384	GAGLEGRA:0.38461538461538464	AGLEGRAW:0.38461538461538464	ERFLPAAL:0.23076923076923078	FWRERPER:0.38461538461538464	YDLWLRLA:0.6153846153846154	LAGAGLEG:0.38461538461538464	LWLRLAAA:0.23076923076923078	DWELVAVD:0.38461538461538464	LVAVDDGS:0.5384615384615384	RLCKLHHL:0.23076923076923078	AFRLCKLH:0.23076923076923078	RAELVARM:0.23076923076923078	ELVARMDG:0.23076923076923078	ELVAVDDG:0.5384615384615384	RDWELVAV:0.23076923076923078	ERWQNSLL:0.23076923076923078	AELVARMD:0.23076923076923078	FRLCKLHH:0.23076923076923078	YERWQNSL:0.23076923076923078	CRAELVAR:0.23076923076923078	GGYRDMGW:0.23076923076923078	WELVAVDD:0.38461538461538464	VSILMPVR:0.23076923076923078	VAVDDGST:0.23076923076923078	IARMDGDD:0.23076923076923078	FRACKIHH:0.23076923076923078	GTRGARDG:0.23076923076923078	RACKIHHL:0.23076923076923078	GWAEDYDL:0.46153846153846156	MDGDDISH:0.23076923076923078	RMDGDDIS:0.23076923076923078	AFRACKIH:0.23076923076923078	DGDDISHP:0.23076923076923078	AEDYDLWL:0.38461538461538464	WAEDYDLW:0.46153846153846156	APLVARMD:0.23076923076923078	PLVARMDG:0.23076923076923078	LPAALASL:0.23076923076923078	
