cluster number:1498
GT2:49	GT2:49
NNDTVVDP:0.22448979591836735	NWNGWKDT:0.22448979591836735	ILLLNNDT:0.3469387755102041	DTIECLES:0.6326530612244898	LLNNDTVV:0.673469387755102	IIILNWNG:0.673469387755102	LNNDTVVD:0.6326530612244898	IILNWNGW:0.7142857142857143	LLLNNDTV:0.5918367346938775	YILLLNND:0.2857142857142857	LNWNGWKD:0.22448979591836735	ILNWNGWK:0.22448979591836735	NGWEDTIE:0.2653061224489796	IECLESLY:0.3673469387755102	WEDTIECL:0.2653061224489796	GWEDTIEC:0.2653061224489796	NWNGWEDT:0.3469387755102041	WNGWEDTI:0.2653061224489796	TIECLESL:0.4489795918367347	ILNWNGWE:0.30612244897959184	LNWNGWED:0.3469387755102041	EDTIECLE:0.2653061224489796	NVGIKFAL:0.2653061224489796	NNVGIKFA:0.2653061224489796	CLESLYRI:0.30612244897959184	AGGNNVGI:0.24489795918367346	GFAGGNNV:0.32653061224489793	GIKFALSV:0.20408163265306123	NYGFAGGN:0.32653061224489793	YVLLLNND:0.32653061224489793	PRVSIIIL:0.30612244897959184	GGNNVGIK:0.2653061224489796	VIVVDNGS:0.24489795918367346	SIIILNWN:0.46938775510204084	RVSIIILN:0.30612244897959184	YGFAGGNN:0.32653061224489793	VLLLNNDT:0.32653061224489793	FAGGNNVG:0.30612244897959184	VSIIILNW:0.4489795918367347	DYVLLLNN:0.24489795918367346	ECLESLYR:0.30612244897959184	GNNVGIKF:0.2653061224489796	YDVIVVDN:0.24489795918367346	NYDVIVVD:0.22448979591836735	DNYGFAGG:0.22448979591836735	NKPIKVFE:0.20408163265306123	
