cluster number:669
GT2:28	GT2:28
TYNRPDAL:0.32142857142857145	LIITTYNR:0.21428571428571427	ITTYNRPD:0.21428571428571427	DFVGWGRE:0.21428571428571427	NEVIIADD:0.21428571428571427	RPDALEAV:0.25	EVIIADDG:0.6071428571428571	LPNEVIIA:0.21428571428571427	GREDSEFV:0.25	DGDMVLHP:0.2857142857142857	IIADDGST:0.32142857142857145	WGREDSEF:0.39285714285714285	IDGDMVLH:0.32142857142857145	PDALEAVL:0.21428571428571427	VIIADDGS:0.6071428571428571	NRPDALEA:0.25	IITTYNRP:0.21428571428571427	FVGWGRED:0.2857142857142857	GWGREDSE:0.5357142857142857	TTYNRPDA:0.2857142857142857	VGWGREDS:0.32142857142857145	YNRPDALE:0.25	PNEVIIAD:0.21428571428571427	IRGCNMAF:0.21428571428571427	SLIITTYN:0.25	PDEVIIAD:0.25	LPDEVIIA:0.25	DEVIIADD:0.25	
