cluster number:1982
GT2:18	GT2:18
EIIVVNDG:0.6666666666666666	SRARNVGM:0.2222222222222222	GGYDESRH:0.2222222222222222	HYDRGKRG:0.2777777777777778	ESRHYAED:0.2222222222222222	GVSRARNV:0.2222222222222222	FYIAITIF:0.2222222222222222	RGFGVSGL:0.2222222222222222	ALLDSDDE:0.4444444444444444	VSRARNVG:0.2222222222222222	FDEIGGYD:0.2222222222222222	FIGGNHTP:0.2222222222222222	QTSTVLFK:0.2777777777777778	IIVVNDGS:0.6666666666666666	DGQYFLKI:0.2777777777777778	GFGVSGLS:0.2222222222222222	IPAYNAEK:0.2777777777777778	IFDEIGGY:0.2222222222222222	YYYLPEQN:0.2777777777777778	TWIALLDS:0.2777777777777778	ISVIIPAY:0.2777777777777778	GYDESRHY:0.2222222222222222	YYLPEQNV:0.2777777777777778	QENAGVSR:0.2777777777777778	FPQTSTVL:0.2777777777777778	DSDDEWFE:0.2777777777777778	WIALLDSD:0.5555555555555556	SRHYAEDG:0.2222222222222222	FKKSIFDE:0.2777777777777778	AGVSRARN:0.2777777777777778	SISVIIPA:0.2222222222222222	LINQENAG:0.2777777777777778	VHYDRGKR:0.2777777777777778	KGMQEGNR:0.2222222222222222	PEQNVHYD:0.2777777777777778	EQNVHYDR:0.2777777777777778	DESRHYAE:0.2222222222222222	LDSDDEWF:0.3888888888888889	EDGQYFLK:0.2777777777777778	DRGKRGFG:0.2777777777777778	MFPQTSTV:0.2777777777777778	SIFDEIGG:0.2222222222222222	LESVRLQT:0.2222222222222222	KSIFDEIG:0.2222222222222222	YINEIIVV:0.2222222222222222	EWFENKIE:0.2222222222222222	STVLFKKS:0.2222222222222222	CIKMFPQT:0.3333333333333333	YDESRHYA:0.2222222222222222	KRGFGVSG:0.2222222222222222	AYGYYYLP:0.2222222222222222	NAGVSRAR:0.2777777777777778	RALESVRL:0.2222222222222222	IDFIGGNH:0.2777777777777778	GKRGFGVS:0.2222222222222222	YAEDGQYF:0.2777777777777778	NEIIVVND:0.2222222222222222	ALESVRLQ:0.2222222222222222	KMFPQTST:0.2777777777777778	VIIPAYNA:0.2777777777777778	YGYYYLPE:0.2777777777777778	PFYIAITI:0.2222222222222222	IGGYDESR:0.2222222222222222	IKMFPQTS:0.3333333333333333	VVNDGSKD:0.2222222222222222	RHYAEDGQ:0.2222222222222222	INEIIVVN:0.2222222222222222	DICIKMFP:0.2222222222222222	YDRGKRGF:0.2777777777777778	DDEWFENK:0.2222222222222222	DEWFENKI:0.2222222222222222	AEDGQYFL:0.2777777777777778	KKSIFDEI:0.2777777777777778	NVHYDRGK:0.2777777777777778	QNVHYDRG:0.2777777777777778	HYAEDGQY:0.2222222222222222	DEIGGYDE:0.2222222222222222	SDDEWFEN:0.2222222222222222	IIPAYNAE:0.3333333333333333	NQENAGVS:0.2777777777777778	FENKIERQ:0.2222222222222222	IALLDSDD:0.5555555555555556	IVVNDGSK:0.2222222222222222	TVLFKKSI:0.2222222222222222	GYYYLPEQ:0.2777777777777778	INQENAGV:0.2777777777777778	DFIGGNHT:0.2777777777777778	ENAGVSRA:0.2777777777777778	LPEQNVHY:0.2777777777777778	GTWIALLD:0.2777777777777778	GQYFLKIC:0.2777777777777778	VLFKKSIF:0.2222222222222222	LLDSDDEW:0.4444444444444444	YLPEQNVH:0.2777777777777778	PQTSTVLF:0.2777777777777778	TSTVLFKK:0.2777777777777778	LFKKSIFD:0.2222222222222222	WFENKIER:0.2222222222222222	ICIKMFPQ:0.3333333333333333	SVIIPAYN:0.3333333333333333	EIGGYDES:0.2222222222222222	NGGVSSAR:0.2222222222222222	IVVNDGST:0.3333333333333333	GGVSSARN:0.2222222222222222	VVNDGSTD:0.3888888888888889	
