cluster number:2644
GT2:89	GT2:89|CE14:1
ARGGFGDY:0.30337078651685395	VEVLVVLD:0.24719101123595505	CHEDVHLV:0.2247191011235955	HIHGANLG:0.8651685393258427	DGHRHIHG:0.6966292134831461	LVVLDSCT:0.4044943820224719	VLDSCTDR:0.2808988764044944	GHRHIHGA:0.797752808988764	RGGFGDYL:0.30337078651685395	RNVGQARA:0.34831460674157305	ARNVGQAR:0.38202247191011235	IGILIPVH:0.449438202247191	LIPVHNEE:0.47191011235955055	ILIPVHNE:0.449438202247191	HRHIHGAN:0.8426966292134831	DSCTDRSA:0.2247191011235955	VVLDSCTD:0.43820224719101125	DAVCGTVT:0.7415730337078652	RDGHRHIH:0.5955056179775281	ADAVCGTV:0.4044943820224719	IHGANLGV:0.6067415730337079	GILIPVHN:0.449438202247191	EVLVVLDS:0.24719101123595505	LDSCTDRS:0.2808988764044944	VLVVLDSC:0.3707865168539326	RHIHGANL:0.8314606741573034	HGANLGVS:0.5955056179775281	MIGILIPV:0.449438202247191	VCGTVTVD:0.42696629213483145	HGANLGIS:0.21348314606741572	DWLVAQLA:0.47191011235955055	AGGFEPLA:0.25842696629213485	GANLGISA:0.20224719101123595	ILIPAHNE:0.2247191011235955	GGFEPLAC:0.29213483146067415	AVCGTVTV:0.5730337078651685	GILIPAHN:0.2247191011235955	MIGILIPA:0.2247191011235955	RARGGFGD:0.25842696629213485	GGFGDYLR:0.21348314606741572	IGILIPAH:0.2247191011235955	ARDGHRHI:0.42696629213483145	RAGGFEPL:0.24719101123595505	WLVAQLAL:0.4044943820224719	CTDADSRV:0.48314606741573035	TDADSRVA:0.4157303370786517	GANLGVSA:0.449438202247191	VQLVRNLE:0.20224719101123595	CHEDVQLV:0.3707865168539326	EARDGHRH:0.24719101123595505	ARWISCTD:0.3146067415730337	RWISCTDA:0.33707865168539325	DPAAQIRY:0.21348314606741572	VVLDSCSD:0.2696629213483146	LACHEDVQ:0.25842696629213485	DVQLVRNL:0.20224719101123595	YEARDGHR:0.24719101123595505	CGTVTVDA:0.30337078651685395	SRVAPDWL:0.34831460674157305	FDPAAQIR:0.21348314606741572	EDVQLVRN:0.20224719101123595	SCTDADSR:0.3707865168539326	RAQGGFGD:0.2808988764044944	DSRVAPDW:0.34831460674157305	FGDYLKSL:0.3258426966292135	GARWISCT:0.3146067415730337	HNEEALLG:0.2247191011235955	GVGARHLL:0.24719101123595505	GASIAWSH:0.42696629213483145	DADSRVAP:0.34831460674157305	TVDAWSEG:0.23595505617977527	PDWLVAQL:0.33707865168539325	IPVHNEEA:0.2247191011235955	VAPDWLVA:0.33707865168539325	GFEPLACH:0.24719101123595505	AQGGFGDY:0.2808988764044944	APDWLVAQ:0.33707865168539325	GTVTVDAW:0.30337078651685395	GGFGDYLK:0.4157303370786517	RVAPDWLV:0.34831460674157305	FEPLACHE:0.24719101123595505	AYVRAGGF:0.2808988764044944	VTVDAWSE:0.24719101123595505	VDAWSEGF:0.23595505617977527	DAWSEGFD:0.2247191011235955	ADSRVAPD:0.34831460674157305	WISCTDAD:0.33707865168539325	RGVGARHL:0.24719101123595505	VHNEEALL:0.2247191011235955	PVHNEEAL:0.2247191011235955	EPLACHED:0.24719101123595505	ISCTDADS:0.33707865168539325	TVTVDAWS:0.2696629213483146	CGASIAWS:0.4044943820224719	GDYLKSLM:0.25842696629213485	VGARHLLN:0.23595505617977527	HEDVQLVR:0.3707865168539326	PQVITSAR:0.29213483146067415	GARHLLNQ:0.20224719101123595	YVRAGGFE:0.25842696629213485	ACHEDVQL:0.25842696629213485	VITSARLD:0.2696629213483146	LVVLDSCS:0.2696629213483146	QGGFGDYL:0.29213483146067415	QGARWISC:0.2247191011235955	PLACHEDV:0.29213483146067415	QVITSARL:0.29213483146067415	GFGDYLKS:0.3258426966292135	AAQIRYHQ:0.23595505617977527	LVAQLALG:0.30337078651685395	SARLDCRA:0.23595505617977527	TSARLDCR:0.23595505617977527	ERCGASIA:0.21348314606741572	LERCGASI:0.21348314606741572	ILVVLDSC:0.3258426966292135	RCGASIAW:0.25842696629213485	
