cluster number:2261
GT2:28	GT2:28|GT4:1
FQPGKTIN:0.21428571428571427	YITFLDSD:0.2857142857142857	GKTINLRE:0.25	LKHQNKKQ:0.25	GPTFFGKR:0.42857142857142855	NAGIQASF:0.35714285714285715	RECVLGPT:0.39285714285714285	IQASFGKY:0.25	GIQASFGK:0.25	PEIDLIEG:0.25	ECVLGPTF:0.39285714285714285	KNAGIQAS:0.35714285714285715	INLRECVL:0.39285714285714285	ITFLDSDD:0.32142857142857145	YFQPGKTI:0.21428571428571427	VADYFQPG:0.25	PGKTINLR:0.25	QASFGKYI:0.25	SFGKYITF:0.21428571428571427	VDDGSTDN:0.2857142857142857	EIDLIEGG:0.25	IRYLKHQN:0.42857142857142855	AGIQASFG:0.35714285714285715	AKNAGIQA:0.35714285714285715	DDGSTDNT:0.2857142857142857	YGEDTDFW:0.35714285714285715	IVDDGSTD:0.5	CVLGPTFF:0.35714285714285715	ASFGKYIT:0.25	RYLKHQNK:0.32142857142857145	TINLRECV:0.32142857142857145	DYFQPGKT:0.21428571428571427	ELIIVDDG:0.7857142857142857	NIRYLKHQ:0.42857142857142855	IDLIEGGF:0.2857142857142857	PNIRYLKH:0.25	DWELIIVD:0.5357142857142857	NLRECVLG:0.39285714285714285	VLGPTFFG:0.35714285714285715	LIIVDDGS:0.7857142857142857	YLKHQNKK:0.32142857142857145	ADYFQPGK:0.25	WELIIVDD:0.7857142857142857	IIVDDGST:0.5357142857142857	LGPTFFGK:0.42857142857142855	LRECVLGP:0.39285714285714285	KTINLREC:0.2857142857142857	QPGKTINL:0.25	SVINQTFK:0.21428571428571427	INQTFKDW:0.21428571428571427	VINQTFKD:0.21428571428571427	NQTFKDWE:0.21428571428571427	QTFKDWEL:0.25	YAKNAGIQ:0.25	
