cluster number:570
GT2:11	GT2:11
RNSIKEYP:0.2727272727272727	FHNALITY:0.36363636363636365	FSSDGTRE:0.36363636363636365	DFSSDGTR:0.36363636363636365	INFLETLK:0.45454545454545453	YRNSIKEY:0.2727272727272727	DMYSNINR:0.2727272727272727	MGKNGGIN:0.45454545454545453	FPIEILVG:0.45454545454545453	LLDAHPDY:0.36363636363636365	GEDEIWFM:0.5454545454545454	GGINFLET:0.45454545454545453	DPLKLQKQ:0.2727272727272727	PIEILVGD:0.45454545454545453	MYSNINRE:0.2727272727272727	KYDDAVFL:0.2727272727272727	GDDFSSDG:0.36363636363636365	GKNGGINF:0.45454545454545453	SIKEYPAW:0.2727272727272727	PDVMSVYR:0.36363636363636365	GDIPRLIL:0.45454545454545453	LITYEDGS:0.2727272727272727	IWFMATSS:0.5454545454545454	NALITYED:0.45454545454545453	GTREIIQE:0.36363636363636365	IEILVGDD:0.45454545454545453	VSGDIPRL:0.36363636363636365	IGYLPDVM:0.2727272727272727	VGDDFSSD:0.36363636363636365	SDGTREII:0.36363636363636365	YEDGSPSH:0.2727272727272727	KNIARYYR:0.2727272727272727	SVLIITYN:0.45454545454545453	EIWFMATS:0.6363636363636364	EILVGDDF:0.5454545454545454	VMSVYRKN:0.5454545454545454	LIGEDEIW:0.36363636363636365	NRIDMYSN:0.2727272727272727	RNMGKNGG:0.2727272727272727	ESVSGDIP:0.36363636363636365	WFMATSST:0.45454545454545453	HNALITYE:0.45454545454545453	GINFLETL:0.45454545454545453	EIIQEYER:0.36363636363636365	IDMYSNIN:0.2727272727272727	DGTREIIQ:0.45454545454545453	DEIWFMAT:0.5454545454545454	DLLDAHPD:0.36363636363636365	NGGINFLE:0.45454545454545453	LVGDDFSS:0.36363636363636365	REIIQEYE:0.36363636363636365	SSDGTREI:0.36363636363636365	TREIIQEY:0.36363636363636365	TTFPIEIL:0.36363636363636365	TYNQKNFI:0.2727272727272727	PLKLQKQV:0.2727272727272727	SHVLNGPD:0.2727272727272727	ILVGDDFS:0.5454545454545454	EDEIWFMA:0.5454545454545454	SGDIPRLI:0.45454545454545453	KNGGINFL:0.45454545454545453	DVMSVYRK:0.36363636363636365	YLPDVMSV:0.2727272727272727	DLIGEDEI:0.36363636363636365	PSHVLNGP:0.2727272727272727	ARYYRMML:0.36363636363636365	GTSFTDKY:0.2727272727272727	SVSGDIPR:0.45454545454545453	DKYDDAVF:0.2727272727272727	GYLPDVMS:0.2727272727272727	KIGYLPDV:0.2727272727272727	IKEYPAWF:0.2727272727272727	IARYYRMM:0.36363636363636365	TYEDGSPS:0.2727272727272727	LDAHPDYS:0.45454545454545453	NIARYYRM:0.45454545454545453	KVSVLIIT:0.45454545454545453	ITYEDGSP:0.2727272727272727	NMGKNGGI:0.45454545454545453	PRNMGKNG:0.2727272727272727	DIPRLILK:0.45454545454545453	GKIGYLPD:0.36363636363636365	LNGPDMKP:0.2727272727272727	HPRNMGKN:0.2727272727272727	LHPRNMGK:0.2727272727272727	DDFSSDGT:0.36363636363636365	NSIKEYPA:0.2727272727272727	RIDMYSNI:0.2727272727272727	LKLQKQVD:0.2727272727272727	LPDVMSVY:0.2727272727272727	ALITYEDG:0.45454545454545453	YSNINREL:0.2727272727272727	IPRLILKA:0.45454545454545453	VSVLIITY:0.45454545454545453	VLIITYNQ:0.45454545454545453	TFPIEILV:0.36363636363636365	IGEDEIWF:0.36363636363636365	PRLILKAK:0.45454545454545453	EYYALMDG:0.2727272727272727	DGDDYWTD:0.2727272727272727	LKLQKQAD:0.2727272727272727	AIDSALAQ:0.36363636363636365	GEYYALMD:0.2727272727272727	TSSTMYRN:0.2727272727272727	IDSALAQQ:0.36363636363636365	FMATSSTM:0.36363636363636365	AKGEYYAL:0.2727272727272727	KQADLLDA:0.2727272727272727	QADLLDAH:0.2727272727272727	KAIDSALA:0.2727272727272727	MATSSTMY:0.2727272727272727	MSVYRKNR:0.36363636363636365	MDGDDYWT:0.36363636363636365	RNIARYYR:0.2727272727272727	ALMDGDDY:0.2727272727272727	YALMDGDD:0.2727272727272727	ATSSTMYR:0.2727272727272727	DSALAQQT:0.36363636363636365	QKQADLLD:0.2727272727272727	ADLLDAHP:0.2727272727272727	YYALMDGD:0.2727272727272727	KLQKQVDF:0.2727272727272727	
