cluster number:1881
GT2:42	GT2:42
QSSDRRVA:0.42857142857142855	LCFLHADT:0.6190476190476191	LHNYLKTY:0.4523809523809524	RLLFGDQV:0.6428571428571429	KATAIYLY:0.30952380952380953	SLHNYLKT:0.42857142857142855	GISLHNYL:0.3333333333333333	GLRLLFGD:0.5952380952380952	IMEEADLC:0.2619047619047619	VQSSDRRV:0.4523809523809524	ISLHNYLK:0.3333333333333333	TRWGISLH:0.38095238095238093	LPIMEEAD:0.23809523809523808	LKTYYAPL:0.47619047619047616	KGLRLLFG:0.2857142857142857	CFLHADTL:0.2857142857142857	PIMEEADL:0.21428571428571427	RWGISLHN:0.38095238095238093	LHADTLVP:0.21428571428571427	HNYLKTYY:0.4523809523809524	VSIIIPTL:0.38095238095238093	LLFGDQVI:0.2619047619047619	IIIPTLNE:0.42857142857142855	ATAIYLYI:0.2619047619047619	TAIYLYIG:0.2619047619047619	YLKTYYAP:0.4523809523809524	EEADLCLK:0.21428571428571427	LRLLFGDQ:0.5952380952380952	FLHADTLV:0.23809523809523808	HADTLVPD:0.21428571428571427	IIPTLNEA:0.38095238095238093	SIIIPTLN:0.42857142857142855	WGISLHNY:0.3333333333333333	ADTLVPDD:0.21428571428571427	NYLKTYYA:0.4523809523809524	TTRWGISL:0.21428571428571427	CGGFISLM:0.2619047619047619	EVIVVDGG:0.23809523809523808	ILCFLHAD:0.38095238095238093	IVVDGGSE:0.21428571428571427	FGDQVMFC:0.38095238095238093	LLFGDQVM:0.38095238095238093	IMEDGDLC:0.2857142857142857	NRIVQSSD:0.23809523809523808	VNRIVQSS:0.21428571428571427	RTLRQLTL:0.23809523809523808	KTYYAPLL:0.38095238095238093	TLRQLTLL:0.23809523809523808	LPIMEDGD:0.2857142857142857	VVDGGSED:0.2857142857142857	DRRVARWG:0.30952380952380953	DQVMFCRR:0.35714285714285715	GDQVMFCR:0.38095238095238093	RIVQSSDR:0.23809523809523808	MEDGDLCL:0.23809523809523808	PIMEDGDL:0.2857142857142857	TYYAPLLF:0.38095238095238093	VIVVDGGS:0.23809523809523808	DGGSEDET:0.2619047619047619	IVQSSDRR:0.23809523809523808	VDGGSEDE:0.21428571428571427	SSDRRVAR:0.2857142857142857	LFGDQVMF:0.38095238095238093	SDRRVARW:0.30952380952380953	GFISLMTG:0.21428571428571427	RRVARWGS:0.23809523809523808	LFRPHLFF:0.2619047619047619	YAPLLFRP:0.40476190476190477	PLLFRPHL:0.35714285714285715	YYAPLLFR:0.3333333333333333	LLFRPHLF:0.3333333333333333	APLLFRPH:0.35714285714285715	RGLRLLFG:0.21428571428571427	LFGDQVIF:0.2619047619047619	GEILCFLH:0.21428571428571427	FKGLRLLF:0.21428571428571427	FFKGLRLL:0.21428571428571427	EILCFLHA:0.21428571428571427	
