cluster number:2029
GT2:35	GT2:35
VTVGRRRH:0.34285714285714286	YGGEDWEW:0.4	TVGRRRHA:0.4	VAWHDGPD:0.5142857142857142	RNLGAAAA:0.2	AVAWHDGP:0.7428571428571429	GRRRHADL:0.34285714285714286	VADDGSPE:0.2	IVADDGSP:0.37142857142857144	VGRRRHAD:0.5142857142857142	AAAARNLG:0.42857142857142855	RAAAARNL:0.42857142857142855	VLCFLDAD:0.34285714285714286	AYGGEDWE:0.22857142857142856	DAVAWHDG:0.2571428571428571	LCFLDADT:0.5428571428571428	WHDGPDWA:0.2857142857142857	GFRAAAAR:0.5428571428571428	FRAAAARN:0.5142857142857142	VPGNRWDL:0.2571428571428571	AWHDGPDW:0.37142857142857144	PGNRWDLL:0.2	AAARNLGA:0.4	FLDADTVP:0.34285714285714286	YGGEDWEF:0.2	VGYGGEDW:0.3142857142857143	VIVADDGS:0.34285714285714286	DADTVPEP:0.3142857142857143	SRDLLDAD:0.3142857142857143	ILCFLDAD:0.2	CFLDADTV:0.2857142857142857	LDADTVPE:0.3142857142857143	AVTVGRRR:0.2571428571428571	FVGYGGED:0.22857142857142856	GEDWEWAH:0.22857142857142856	EDWEWAHR:0.22857142857142856	GGEDWEWA:0.3142857142857143	RGFRAAAA:0.2	DRGFRAAA:0.22857142857142856	LDADDRSY:0.2	LLDADDRS:0.2	DADDRSYR:0.22857142857142856	VVVADDGS:0.22857142857142856	VAWHDGPE:0.22857142857142856	VVADDGSA:0.2	AWHDGPEW:0.22857142857142856	WHDGPEWA:0.22857142857142856	GYGGEDWD:0.2	
