cluster number:952
GT2:11	GT2:11|GT4:1
TKENGGHG:0.6363636363636364	IQEAKGKF:0.36363636363636365	IRLSEKTF:0.36363636363636365	VITKENGG:0.2727272727272727	NIESMKRN:0.36363636363636365	QYTLFPLE:0.36363636363636365	LLTIVMPS:0.36363636363636365	GRPEQSMN:0.36363636363636365	GIQEAKGK:0.36363636363636365	GGHGSTIN:0.8181818181818182	INRGIQEA:0.36363636363636365	PLEYVHSF:0.36363636363636365	RGIQEAKG:0.36363636363636365	YVDIQYTL:0.36363636363636365	CLLTIVMP:0.36363636363636365	TINRGIQE:0.36363636363636365	FPLEYVHS:0.36363636363636365	LVYLISLQ:0.2727272727272727	MPSYNIQD:0.36363636363636365	YYIGRPEQ:0.36363636363636365	LSEKTFYV:0.36363636363636365	GKFFKVID:0.45454545454545453	ISKGIESF:0.2727272727272727	TFYVDIQY:0.36363636363636365	EQSMNIES:0.36363636363636365	FYVDIQYT:0.36363636363636365	IQYTLFPL:0.36363636363636365	KGKFFKVI:0.45454545454545453	DIQYTLFP:0.36363636363636365	IPMHSVTY:0.36363636363636365	PSYNIQDY:0.36363636363636365	RPEQSMNI:0.36363636363636365	QQVHPDYK:0.36363636363636365	ENGGHGST:0.8181818181818182	IGRPEQSM:0.36363636363636365	TDFTEQHV:0.36363636363636365	EKTFYVDI:0.36363636363636365	KENGGHGS:0.9090909090909091	FKVIDGDD:0.7272727272727273	IESFQQVH:0.36363636363636365	IQDYISKG:0.2727272727272727	ITKENGGH:0.6363636363636364	KTFYVDIQ:0.36363636363636365	QYYIGRPE:0.36363636363636365	GIESFQQV:0.36363636363636365	TIVMPSYN:0.36363636363636365	QSMNIESM:0.36363636363636365	DYISKGIE:0.2727272727272727	FQQVHPDY:0.36363636363636365	AKGKFFKV:0.36363636363636365	ESFQQVHP:0.36363636363636365	YQYYIGRP:0.36363636363636365	GSTINRGI:0.5454545454545454	VIDGDDWV:0.36363636363636365	QDYISKGI:0.2727272727272727	LTIVMPSY:0.36363636363636365	SEKTFYVD:0.5454545454545454	SFQQVHPD:0.36363636363636365	QECLLTIV:0.36363636363636365	YIGRPEQS:0.36363636363636365	NIQDYISK:0.2727272727272727	SKGIESFQ:0.2727272727272727	MQECLLTI:0.36363636363636365	TLVYLISL:0.2727272727272727	DGDDWVIP:0.2727272727272727	VDIQYTLF:0.36363636363636365	QEAKGKFF:0.36363636363636365	YISKGIES:0.2727272727272727	NRGIQEAK:0.36363636363636365	FFKVIDGD:0.45454545454545453	YNIQDYIS:0.36363636363636365	IDGDDWVI:0.2727272727272727	IESMKRNV:0.36363636363636365	ECLLTIVM:0.36363636363636365	SYNIQDYI:0.36363636363636365	SMNIESMK:0.36363636363636365	GHGSTINR:0.5454545454545454	KGIESFQQ:0.2727272727272727	HGSTINRG:0.5454545454545454	PEQSMNIE:0.36363636363636365	NGGHGSTI:0.8181818181818182	MNIESMKR:0.36363636363636365	VMPSYNIQ:0.36363636363636365	TLFPLEYV:0.36363636363636365	EAKGKFFK:0.36363636363636365	RLSEKTFY:0.36363636363636365	YTLFPLEY:0.36363636363636365	VYLISLQV:0.2727272727272727	STINRGIQ:0.36363636363636365	KFFKVIDG:0.45454545454545453	IVMPSYNI:0.36363636363636365	RIPMHSVT:0.36363636363636365	KVIDGDDW:0.7272727272727273	LFPLEYVH:0.36363636363636365	VIDGDDWI:0.36363636363636365	NDGSTDNS:0.36363636363636365	KYFKVIDG:0.2727272727272727	TEQHVYNN:0.36363636363636365	YFKVIDGD:0.2727272727272727	RIITKENG:0.36363636363636365	GKYFKVID:0.2727272727272727	IITKENGG:0.36363636363636365	VNDGSTDD:0.2727272727272727	IVNDGSTD:0.2727272727272727	LIVNDGST:0.2727272727272727	NDGSTDDT:0.2727272727272727	
