cluster number:1892
GT2:29	GT2:29
WLNLLKKI:0.2413793103448276	LLSSMYDS:0.20689655172413793	TMAKYRMH:0.20689655172413793	GSKREDHV:0.2413793103448276	PEGSKRED:0.20689655172413793	RLSLLSSM:0.20689655172413793	PLPKTMAK:0.20689655172413793	DQYLVYKD:0.41379310344827586	EGSKREDH:0.20689655172413793	KPLPKTMA:0.20689655172413793	LNLLKKIP:0.20689655172413793	KTMAKYRM:0.3103448275862069	SLYYTANW:0.2413793103448276	PKTMAKYR:0.20689655172413793	GKPLPKTM:0.20689655172413793	VSIITPCY:0.4827586206896552	LSLLSSMY:0.20689655172413793	LYYTANWA:0.2413793103448276	IKDQYLVY:0.3103448275862069	SLLSSMYD:0.20689655172413793	DHVMWLNL:0.41379310344827586	KDQYLVYK:0.3448275862068966	HVMWLNLL:0.41379310344827586	FPEGSKRE:0.20689655172413793	SIITPCYN:0.4827586206896552	ITFLDADD:0.2413793103448276	LLKTCRLS:0.2413793103448276	NLLKTCRL:0.41379310344827586	KSLYYTAN:0.2413793103448276	IITPCYNS:0.3103448275862069	VMWLNLLK:0.41379310344827586	WEWLITDD:0.27586206896551724	CRLSLLSS:0.2413793103448276	IIKDQYLV:0.3103448275862069	TCRLSLLS:0.2413793103448276	REDHVMWL:0.41379310344827586	EDHVMWLN:0.41379310344827586	LKTCRLSL:0.2413793103448276	KTCRLSLL:0.2413793103448276	KREDHVMW:0.41379310344827586	LPKTMAKY:0.20689655172413793	SKREDHVM:0.41379310344827586	MWLNLLKK:0.2413793103448276	YLVYKDFM:0.3448275862068966	QYLVYKDF:0.3448275862068966	DLVSIITP:0.2413793103448276	GRYIAFLD:0.2413793103448276	ERAQGRYI:0.20689655172413793	QGRYIAFL:0.20689655172413793	LVSIITPC:0.20689655172413793	NGFLKYSK:0.2413793103448276	RYIAFLDS:0.20689655172413793	RAQGRYIA:0.20689655172413793	AQGRYIAF:0.20689655172413793	NIIKDQYL:0.2413793103448276	IAFLDSDD:0.41379310344827586	YIAFLDSD:0.3793103448275862	STLKSLYY:0.2413793103448276	AFLDSDDY:0.20689655172413793	LKSLYYTA:0.20689655172413793	FSTLKSLY:0.2413793103448276	TLKSLYYT:0.2413793103448276	
