cluster number:1278
GT2:60	GT2:60|GT4:1
IDDGSTDG:0.2	DDGSTDGS:0.4	VIDDGSTD:0.36666666666666664	YPSPPASG:0.65	VLVIDDGS:0.21666666666666667	PASGNAYR:0.5	SPPASGNA:0.6333333333333333	RYGADFYA:0.31666666666666665	NGGQVSAY:0.4166666666666667	PSPPASGN:0.6333333333333333	DFYAIYGV:0.21666666666666667	QFRLDVID:0.21666666666666667	AIDSALAQ:0.43333333333333335	YGADFYAI:0.36666666666666664	ASGNAYRV:0.31666666666666665	PPASGNAY:0.6333333333333333	VQFRLDVI:0.23333333333333334	TIAICNYN:0.26666666666666666	GGQVSAYN:0.4166666666666667	LYPSPPAS:0.65	KVQFRLDV:0.36666666666666664	ADFYAIYG:0.6	GADFYAIY:0.6	WLYPSPPA:0.65	GWLYPSPP:0.6666666666666666	ICNYNYER:0.21666666666666667	LVIDDGST:0.2	DDGSTDDS:0.38333333333333336	IDSALAQT:0.23333333333333334	YAIYGIAL:0.26666666666666666	KENGGQVS:0.2	ENGGQVSA:0.26666666666666666	FYAIYGIA:0.26666666666666666	DFYAIYGI:0.2833333333333333	DGSTDGSR:0.35	YIANPLAR:0.23333333333333334	RYIANPLA:0.23333333333333334	NRYGADFY:0.26666666666666666	VICNYNYE:0.21666666666666667	GSTDGSRA:0.2	AKVQFRLD:0.23333333333333334	HGADFYAI:0.23333333333333334	DFVKVHFR:0.21666666666666667	STDDSRDI:0.21666666666666667	AIYGIALL:0.2	FASGDFVK:0.2	LLRAGWLY:0.2	FVKVHFRL:0.21666666666666667	LSLACLLP:0.2	RGQVAAYN:0.21666666666666667	NRGQVAAY:0.21666666666666667	VAAYNRAL:0.2	RAGWLYPS:0.2	SLACLLPS:0.2	KVHFRLDV:0.21666666666666667	QENRGQVA:0.2	LDADDLLY:0.2	LHGADFYA:0.2	SGDFVKVH:0.2	VFQENRGQ:0.2	DNLHGADF:0.2	DLTIAICN:0.2	RIFPVPVT:0.21666666666666667	GQVAAYNR:0.21666666666666667	GSTDDSRD:0.23333333333333334	ASGDFVKV:0.2	VKVHFRLD:0.21666666666666667	IAICNYNH:0.21666666666666667	FQENRGQV:0.2	ENRGQVAA:0.2	GDFVKVHF:0.21666666666666667	VDDGSTDD:0.23333333333333334	AGWLYPSP:0.26666666666666666	AICNYNHG:0.2	LTIAICNY:0.21666666666666667	TVLRNPFW:0.21666666666666667	TDDSRDII:0.2	QVAAYNRA:0.21666666666666667	LRAGWLYP:0.2	VHFRLDVI:0.21666666666666667	DGSTDDSR:0.31666666666666665	IYGIALLG:0.2	NLHGADFY:0.2	AAYNRALE:0.2	PYSPLSDF:0.23333333333333334	INRYGADF:0.21666666666666667	VVDDGSTD:0.21666666666666667	
