cluster number:2442
GT2:15	GT2:15
IATDLADM:0.3333333333333333	DLADMDEA:0.26666666666666666	ELLFVAAG:0.3333333333333333	RGELLFVA:0.2	RYRRGGLS:0.3333333333333333	GRRPDLIA:0.2	KLGLRIRM:0.26666666666666666	SRRLFERF:0.2	TYAAIEAA:0.2	LGLRIRMF:0.26666666666666666	HGRRPDLI:0.2	PLEIIISD:0.3333333333333333	LEIIISDD:0.3333333333333333	ADMDEAGN:0.2	IIISDDAS:0.26666666666666666	LAREQFIH:0.2	LIATDLAD:0.3333333333333333	LADMDEAG:0.26666666666666666	AAGDDMSA:0.2	LVRYRRGG:0.4	GGALSLRE:0.2	AGDDMSAP:0.2	SGGALSLR:0.2	PLVRYRRG:0.4	ATDLADMD:0.3333333333333333	AHTWSRRL:0.26666666666666666	GAAHTWSR:0.26666666666666666	RPDLIATD:0.3333333333333333	REQFIHAM:0.2	AREQFIHA:0.2	RRLFERFG:0.2	KLAREQFI:0.3333333333333333	GLRIRMFL:0.26666666666666666	MARGELLF:0.2	EIIISDDA:0.26666666666666666	ALSLREPL:0.2	ISDDASSD:0.2	RRPDLIAT:0.3333333333333333	TDLADMDE:0.3333333333333333	LFERFGPM:0.2	LSLREPLV:0.2	LFVAAGDD:0.3333333333333333	PKLAREQF:0.3333333333333333	LRIRMFLY:0.26666666666666666	LREPLVRY:0.3333333333333333	AAHTWSRR:0.26666666666666666	SLREPLVR:0.3333333333333333	GELLFVAA:0.3333333333333333	EQFIHAMF:0.2	RLFERFGP:0.2	PDLIATDL:0.4	EPLVRYRR:0.3333333333333333	LLFVAAGD:0.3333333333333333	REPLVRYR:0.3333333333333333	VRYRRGGL:0.3333333333333333	APKLAREQ:0.3333333333333333	VKLGLRIR:0.26666666666666666	GALSLREP:0.2	DLIATDLA:0.3333333333333333	WSRRLFER:0.2	ARGELLFV:0.2	IEGAFAQT:0.2	FEIMQEMA:0.2	EIMQEMAA:0.2	EPLEIILS:0.3333333333333333	AFAQTYEP:0.2	FAQTYEPL:0.2	TFEIMQEM:0.2	GAFAQTYE:0.2	AQTYEPLE:0.4666666666666667	YEPLEIIL:0.3333333333333333	EGAFAQTY:0.2	TYEPLEII:0.6	LEIILSDD:0.3333333333333333	AIEGAFAQ:0.2	QTYEPLEI:0.6	EIILSDDC:0.3333333333333333	PLEIILSD:0.3333333333333333	IILSDDCS:0.3333333333333333	IIVSDDAS:0.2	RGGLSRKR:0.26666666666666666	GPMLPGAA:0.2	LAQLQRDA:0.26666666666666666	ERFGPMLP:0.2	RQSNRYGL:0.2	LRAILSGG:0.26666666666666666	LEIIVSDD:0.2	EIIVSDDA:0.2	NQGISAHL:0.26666666666666666	FGPMLPGA:0.2	MVLRAILS:0.26666666666666666	MRQSNRYG:0.2	RMFLYASC:0.2	GVKLGLRI:0.2	ARMRQSNR:0.2	MFLYASCP:0.2	AGVGERMR:0.26666666666666666	EDQIMVLR:0.26666666666666666	RRGGLSRK:0.26666666666666666	RMRQSNRY:0.2	IAGVGERM:0.2	MAPKLARE:0.26666666666666666	DQIMVLRA:0.26666666666666666	AHLSQLAQ:0.2	LPGAAAED:0.2	GLAELAQL:0.2	RFGPMLPG:0.26666666666666666	PMLPGAAA:0.2	LAQTYEPL:0.26666666666666666	AMAPKLAR:0.26666666666666666	MLPGAAAE:0.2	ALAQTYEP:0.26666666666666666	AGVKLGLR:0.2	GISAHLSQ:0.26666666666666666	PGAAAEDQ:0.26666666666666666	RYGLAELA:0.2	QGISAHLS:0.26666666666666666	SAHLSQLA:0.26666666666666666	AELAQLQR:0.2	GAAAEDQI:0.26666666666666666	LAELAQLQ:0.2	VLRAILSG:0.26666666666666666	IMVLRAIL:0.26666666666666666	SNRYGLAE:0.2	GLSRKRRY:0.2	AEDQIMVL:0.26666666666666666	QIMVLRAI:0.26666666666666666	AAEDQIMV:0.2	QSNRYGLA:0.2	AAAEDQIM:0.26666666666666666	RAILSGGA:0.26666666666666666	NRYGLAEL:0.2	ISAHLSQL:0.26666666666666666	SAGVKLGL:0.2	YGLAELAQ:0.2	PWLIGAAH:0.2	RPWLIGAA:0.2	YRRGGLSR:0.26666666666666666	GGLSRKRR:0.2	ELAQLQRD:0.26666666666666666	VAAGDDIS:0.4666666666666667	AAGDDISA:0.2	FVAAGDDI:0.26666666666666666	AGDDISAP:0.2	AQLQRDAE:0.2	
