cluster number:684
GT2:17	GT2:17
ISEPDKGL:0.23529411764705882	SIITVVYN:0.4117647058823529	IITVVYNG:0.4117647058823529	GHLSFFAK:0.23529411764705882	RLRANRED:0.23529411764705882	IEYIIVDG:0.29411764705882354	MKSAADYE:0.23529411764705882	PDKGLYDA:0.23529411764705882	IGLLNADD:0.23529411764705882	AADYELML:0.5294117647058824	AVYGDMLY:0.23529411764705882	STDGTVDI:0.23529411764705882	DYELMLRF:0.35294117647058826	KGLYDAMN:0.23529411764705882	VSIITVVY:0.4117647058823529	ITVVYNGA:0.29411764705882354	NADDFYRH:0.23529411764705882	SAADYELM:0.47058823529411764	LKRYWRSG:0.23529411764705882	LSFFAKRW:0.23529411764705882	MPGHLSFF:0.23529411764705882	GDMLYVDR:0.23529411764705882	YGDMLYVD:0.23529411764705882	KRYWRSGW:0.23529411764705882	RFISEPDK:0.23529411764705882	PGHLSFFA:0.23529411764705882	YDAMNKGI:0.5882352941176471	VYGDMLYV:0.23529411764705882	GWMPGHLS:0.23529411764705882	SDAVYGDM:0.23529411764705882	LDMKSAAD:0.23529411764705882	DGKSTDGT:0.35294117647058826	RLDMKSAA:0.23529411764705882	RYWRSGWY:0.23529411764705882	GLYDAMNK:0.47058823529411764	MKVSIITV:0.29411764705882354	KLKRYWRS:0.23529411764705882	HLSFFAKR:0.23529411764705882	GKSTDGTV:0.23529411764705882	YELMLRFI:0.23529411764705882	EPDKGLYD:0.23529411764705882	WGWMPGHL:0.23529411764705882	GLFRLDMK:0.23529411764705882	LLNADDFY:0.23529411764705882	DKGLYDAM:0.23529411764705882	SEPDKGLY:0.23529411764705882	KSAADYEL:0.23529411764705882	LYDAMNKG:0.47058823529411764	FRLDMKSA:0.23529411764705882	ELMLRFIH:0.23529411764705882	NRLRANRE:0.23529411764705882	ADYELMLR:0.5294117647058824	ARFISEPD:0.23529411764705882	KVSIITVV:0.35294117647058826	LNADDFYR:0.23529411764705882	WMPGHLSF:0.23529411764705882	TVVYNGAE:0.23529411764705882	LFRLDMKS:0.23529411764705882	FISEPDKG:0.23529411764705882	GLLNADDF:0.23529411764705882	DAVYGDML:0.23529411764705882	DMKSAADY:0.23529411764705882	IIDGKSTD:0.23529411764705882	IIIDGKST:0.23529411764705882	DAMNKGIQ:0.29411764705882354	WLKPLRKI:0.35294117647058826	GWMPPHPT:0.4117647058823529	WMPPHPTF:0.4117647058823529	IDGKSTDG:0.23529411764705882	TLWLKPLR:0.29411764705882354	LWLKPLRK:0.29411764705882354	FTLWLKPL:0.23529411764705882	TGDVIGIL:0.23529411764705882	PPHPTFFV:0.23529411764705882	DVIGILNA:0.23529411764705882	MPPHPTFF:0.29411764705882354	GDVIGILN:0.23529411764705882	IGILNADD:0.23529411764705882	ATGDVIGI:0.23529411764705882	VIGILNAD:0.23529411764705882	
