cluster number:1148
GT2:11	GT2:11
EARLFPDE:0.36363636363636365	VRRSAALL:0.36363636363636365	ALLGAKYG:0.36363636363636365	VEARLFPD:0.36363636363636365	FMYCEDVD:0.6363636363636364	RRSAALLG:0.36363636363636365	YCEDVDLS:0.8181818181818182	VGGFDERF:0.2727272727272727	MYCEDVDL:0.7272727272727273	THETPWCS:0.2727272727272727	GFDERFFM:0.45454545454545453	LFPDEHPK:0.2727272727272727	GGFDERFF:0.36363636363636365	LLGAKYGD:0.36363636363636365	DERFFMYC:0.45454545454545453	FDERFFMY:0.45454545454545453	SAALLGAK:0.36363636363636365	SWRARAAG:0.2727272727272727	RFFMYCED:0.45454545454545453	RSAALLGA:0.36363636363636365	LSWRARAA:0.2727272727272727	DLSWRARA:0.45454545454545453	LVEARLFP:0.36363636363636365	WRARAAGF:0.2727272727272727	ETPWCSGC:0.36363636363636365	VDLSWRAR:0.5454545454545454	CEDVDLSW:0.8181818181818182	DVDLSWRA:0.6363636363636364	FFMYCEDV:0.6363636363636364	GLVEARLF:0.36363636363636365	ARLFPDEH:0.2727272727272727	HETPWCSG:0.2727272727272727	TGLVEARL:0.36363636363636365	RLFPDEHP:0.2727272727272727	AALLGAKY:0.36363636363636365	RARAAGFS:0.2727272727272727	LGFGAAHN:0.2727272727272727	LGAKYGDA:0.2727272727272727	EDVDLSWR:0.9090909090909091	NLGFGAAH:0.2727272727272727	GFGAAHNR:0.2727272727272727	ERFFMYCE:0.45454545454545453	LVHHYTVT:0.2727272727272727	ALVHHYTV:0.2727272727272727	VHHYTVTR:0.2727272727272727	HHYTVTRE:0.2727272727272727	PWCSGCVL:0.36363636363636365	WCSGCVLL:0.36363636363636365	YVCVNPDG:0.2727272727272727	TPWCSGCV:0.36363636363636365	
