cluster number:1903
GT2:12	GT2:12|2.4.1.-:1
VIVFDGPV:0.25	AARRSGLK:0.25	PETLVYAR:0.25	IRFSKKRN:0.25	IIRFSKKR:0.25	NEYLYEDY:0.4166666666666667	PFNHMAVA:0.25	NLPETLVY:0.25	YQNEYLYE:0.25	IVFDGPVT:0.25	FRMDTDDI:0.4166666666666667	NGMAARRS:0.25	GVITANLP:0.25	LPETLVYA:0.25	ARTGNGMA:0.25	YARTGNGM:0.3333333333333333	VITANLPE:0.25	LRNLAIRL:0.25	HMAVAFKK:0.25	FNHMAVAF:0.25	QNGVITAN:0.4166666666666667	RMIQNGVI:0.4166666666666667	LVYARTGN:0.3333333333333333	RNLAIRLP:0.25	DTDDICHP:0.25	IQNGVITA:0.4166666666666667	YVFRMDTD:0.25	ARRSGLKY:0.25	GGYQNEYL:0.25	SGLKYAKS:0.25	ITANLPET:0.25	GLKYAKSE:0.3333333333333333	MIQNGVIT:0.4166666666666667	NPDVGLLS:0.25	NPFNHMAV:0.5	FSKKRNPF:0.3333333333333333	MAARRSGL:0.25	NLAIRLPL:0.25	RMDTDDIC:0.5	SVLLSLYI:0.25	RNPFNHMA:0.5	SKKRNPFN:0.3333333333333333	ELLRNLAI:0.25	QNEYLYED:0.25	GMAARRSG:0.25	GNGMAARR:0.25	AIRLPLRL:0.25	RRSGLKYA:0.25	KKRNPFNH:0.4166666666666667	ANLPETLV:0.25	MDTDDICH:0.4166666666666667	RFSKKRNP:0.25	NHMAVAFK:0.25	VFRMDTDD:0.4166666666666667	NGVITANL:0.4166666666666667	LLRNLAIR:0.25	TANLPETL:0.25	KRNPFNHM:0.4166666666666667	GYQNEYLY:0.25	LAIRLPLR:0.25	RSGLKYAK:0.25	AGGYQNEY:0.25	VYARTGNG:0.3333333333333333	EDYALWVR:0.4166666666666667	YALWVRMI:0.3333333333333333	YLYEDYAL:0.5833333333333334	DYALWVRM:0.3333333333333333	EYLYEDYA:0.4166666666666667	LYEDYALW:0.5833333333333334	YEDYALWV:0.3333333333333333	
