cluster number:2406
GT2:12	GT2:12
YNRPDALA:0.5	TYNRPDAL:0.75	ATEVFHLW:0.75	TEVFHLWH:0.75	CATEVFHL:0.5833333333333334	EVFHLWHR:0.6666666666666666	TTYNRPDA:0.5833333333333334	VFHLWHRE:0.6666666666666666	VIVADDGS:0.6666666666666666	AAEIRNRG:0.4166666666666667	RAAEIRNR:0.4166666666666667	GFRAAEIR:0.4166666666666667	FRAAEIRN:0.4166666666666667	KSCNLGVW:0.5	CVPRPDFV:0.5	DDGSRDDT:0.5	WHPDDGFR:0.5	YNAGVRRK:0.5	IVTTYNRP:0.4166666666666667	GRLLSGSR:0.3333333333333333	RNRGVLAT:0.5	RLYNAGVR:0.5	DVIVADDG:0.5	TSLRGIKS:0.5	VTTYNRPD:0.4166666666666667	INKFLPLL:0.4166666666666667	RMMARRNT:0.5	DTSLRGIK:0.5	YLVFLDGD:0.5	DADYLVFL:0.5	RTFKDTSL:0.25	TRVAVEAA:0.25	QIDIHLKD:0.3333333333333333	GSRILLNE:0.25	SRDDTRVA:0.25	DIHLKDRA:0.3333333333333333	FVGWGHED:0.5833333333333334	ATDADYLV:0.5	FCATEVFH:0.5	VWHPDDGF:0.5	AFDVIVAD:0.5	QSREQESP:0.5	PRPDFVAR:0.5	VPRPDFVA:0.5	VLATDADY:0.5	LSGSRILL:0.5	ADDGSRDD:0.5	GIKSCNLG:0.5	AVRLYNAG:0.5	FDQSFVGW:0.5	HLWHREQS:0.5	IVADDGSR:0.5	ADYLVFLD:0.5	WRSDFERV:0.5	VWRSDFER:0.5	SLRGIKSC:0.5	LYNAGVRR:0.5	RGVLATDA:0.5	FDVIVADD:0.5	RSDFERVN:0.5	VFLDGDCV:0.6666666666666666	WHREQSRE:0.5	LIVTTYNR:0.3333333333333333	IHLKDRAY:0.3333333333333333	SREQESPN:0.5	DFVARHRA:0.5	GLAELREQ:0.3333333333333333	NRGVLATD:0.5	EDADLAVR:0.5	HVWHPDDG:0.5	ALIVTTYN:0.3333333333333333	GRINKFLP:0.4166666666666667	RVAVEAAA:0.25	VADDGSRD:0.5	RRKRGFCA:0.5	AGRINKFL:0.4166666666666667	PLRHVWHP:0.5	IALIVTTY:0.3333333333333333	DYLVFLDG:0.5	GVWRSDFE:0.5	GFCATEVF:0.5	SRILLNEA:0.25	PRTFKDTS:0.25	REQESPNY:0.5	FLPLLVPG:0.4166666666666667	RDDTRVAV:0.25	DCVPRPDF:0.5	RGIKSCNL:0.5833333333333334	RGFCATEV:0.5	LRGIKSCN:0.5	HLKDRAYW:0.3333333333333333	DQSFVGWG:0.5	PDFVARHR:0.5	FVARHRAL:0.5	WGHEDADL:0.5833333333333334	DDTRVAVE:0.25	EQSREQES:0.5	LDGDCVPR:0.5833333333333334	RRIALIVT:0.3333333333333333	SFVGWGHE:0.5	RIALIVTT:0.3333333333333333	QQIDIHLK:0.3333333333333333	GFDQSFVG:0.5	DTRVAVEA:0.25	RHVWHPDD:0.5	HPDDGFRA:0.5	QSFVGWGH:0.5	RINKFLPL:0.4166666666666667	TDADYLVF:0.5	FKDTSLRG:0.25	KDTSLRGI:0.3333333333333333	VAVEAAAK:0.25	PLLVPGLP:0.4166666666666667	SCNLGVWR:0.5	RVNGFDQS:0.5	HREQSREQ:0.5	LVFLDGDC:0.5	PRRIALIV:0.3333333333333333	GDCVPRPD:0.5	NGFDQSFV:0.5	VNGFDQSF:0.5	HEDADLAV:0.5	DLAVRLYN:0.5	NAGVRRKR:0.5	DFERVNGF:0.5	VARHRALA:0.5	TFKDTSLR:0.25	ERVNGFDQ:0.5	GVLATDAD:0.5	DADLAVRL:0.5	KFLPLLVP:0.4166666666666667	IDIHLKDR:0.3333333333333333	YPLRHVWH:0.5	LKDRAYWF:0.3333333333333333	RAGRINKF:0.4166666666666667	KRGFCATE:0.5	DGSRDDTR:0.5	LAVRLYNA:0.5	PYPLRHVW:0.3333333333333333	REQSREQE:0.5	LGVWRSDF:0.5	ADLAVRLY:0.5	RPDFVARH:0.5	NLGVWRSD:0.5	CNLGVWRS:0.5	LPLLVPGL:0.3333333333333333	RKRGFCAT:0.5	MMARRNTD:0.5	APYPLRHV:0.3333333333333333	VGWGHEDA:0.5833333333333334	IKSCNLGV:0.5	LLSGSRIL:0.3333333333333333	LRHVWHPD:0.5	RLLSGSRI:0.3333333333333333	AGVRRKRG:0.5	VRRKRGFC:0.5	SDFERVNG:0.5	LATDADYL:0.5	FHLWHREQ:0.5	NKFLPLLV:0.4166666666666667	ARHRALAE:0.5	VRLYNAGV:0.5	GSRDDTRV:0.25	FERVNGFD:0.5	GHEDADLA:0.5	DGDCVPRP:0.5	IRNRGVLA:0.5	GVRRKRGF:0.5	GWGHEDAD:0.75	LWHREQSR:0.5	FLDGDCVP:0.75	EIRNRGVL:0.5	GFRAAAIR:0.25	GSRILLDE:0.25	FRAAAIRN:0.25	RRNTDVIR:0.3333333333333333	PNYRRMMA:0.3333333333333333	HRALAEPG:0.3333333333333333	REVVAQQI:0.25	VVAQQIDI:0.25	RRMMARRN:0.3333333333333333	VAQQIDIH:0.25	MTREVVAQ:0.25	PDDGFRAA:0.3333333333333333	AAKTAPYP:0.25	RALAEPGR:0.3333333333333333	DGFRAAEI:0.3333333333333333	EAAAKTAP:0.25	YRRMMARR:0.3333333333333333	LARVLAGC:0.3333333333333333	QESPNYRR:0.3333333333333333	TREVVAQQ:0.25	VEAAAKTA:0.3333333333333333	ESPNYRRM:0.3333333333333333	RHRALAEP:0.3333333333333333	AQQIDIHL:0.25	AWRAGRIN:0.3333333333333333	AEIRNRGV:0.3333333333333333	AVEAAAKT:0.3333333333333333	NTDVIRAE:0.3333333333333333	EQESPNYR:0.3333333333333333	RNTDVIRA:0.3333333333333333	WRAGRINK:0.3333333333333333	NYRRMMAR:0.3333333333333333	TAPYPLRH:0.25	KTAPYPLR:0.25	DDGFRAAE:0.3333333333333333	AKTAPYPL:0.25	ARRNTDVI:0.3333333333333333	EVVAQQID:0.25	MARRNTDV:0.3333333333333333	ALARVLAG:0.3333333333333333	SPNYRRMM:0.3333333333333333	AAAKTAPY:0.25	
