cluster number:538
GT2:75	GT2:75
GDRLLVVA:0.5066666666666667	TRWEHGHL:0.64	LLVVADNC:0.6133333333333333	DRLLVVAD:0.5733333333333334	RLLVVADN:0.5733333333333334	AGAEVVER:0.4	EDLKLGLD:0.21333333333333335	QLMGTGMA:0.26666666666666666	VAVLVPAH:0.5333333333333333	LYAPFYAA:0.30666666666666664	FAWRVKNL:0.4533333333333333	EWVRSKRD:0.41333333333333333	VKNLVRPR:0.4533333333333333	EFAWRVKN:0.4266666666666667	WRVKNLVR:0.4666666666666667	QVAEFAWR:0.36	CQLMGTGM:0.25333333333333335	RGKGYALD:0.72	VLLYAPFY:0.38666666666666666	KNLVRPRG:0.4533333333333333	IKRQVEWV:0.3466666666666667	RRGKGYAL:0.25333333333333335	VQVAEFAW:0.36	FSVLLYAP:0.41333333333333333	RQVEWVRS:0.4666666666666667	KRQVEWVR:0.4533333333333333	LPCQLMGT:0.21333333333333335	IPLYLGFL:0.2	AVLVPAHN:0.28	RVAVLVPA:0.3466666666666667	PRVAVLVP:0.30666666666666664	PCQLMGTG:0.25333333333333335	NLVRPRGW:0.41333333333333333	WVRSKRDD:0.36	VRPRGWAR:0.4	RVKNLVRP:0.49333333333333335	KIPLYLGF:0.2	VEWVRSKR:0.4	RPRVAVLV:0.28	GLPCQLMG:0.5866666666666667	QVLLACLP:0.22666666666666666	VLVPAHNE:0.29333333333333333	AEFAWRVK:0.4266666666666667	AWRVKNLV:0.4666666666666667	LLYAPFYA:0.41333333333333333	FLIKRQVE:0.3466666666666667	SVLLYAPF:0.38666666666666666	LIKRQVEW:0.3466666666666667	LVRPRGWA:0.4	QVEWVRSK:0.4	VAEFAWRV:0.37333333333333335	DFGVRHLA:0.30666666666666664	DLCQQGKP:0.25333333333333335	MLADAPKR:0.2	PCQLMGAG:0.32	QVGEGAID:0.21333333333333335	RWEHGHLG:0.4533333333333333	AVLVPAHD:0.41333333333333333	PFSVLLYA:0.36	NGHLVEDV:0.30666666666666664	LDLCQQGK:0.25333333333333335	ALDFGVRH:0.36	WEHGHLGL:0.25333333333333335	RPVQALYL:0.37333333333333335	GLMLADAP:0.24	LAMTLDLL:0.21333333333333335	TLDLLVPP:0.32	YAPFYAAR:0.25333333333333335	HLGLMLAD:0.24	LLVPPLAL:0.38666666666666666	LANGHLVE:0.36	ANGHLVED:0.36	LAWARFCR:0.26666666666666666	ALVTSQFP:0.24	VIVVDADC:0.26666666666666666	VVDADCQV:0.25333333333333335	DVKLGLDL:0.32	LDFGVRHL:0.36	VEDVKLGL:0.30666666666666664	GHLVEDVK:0.32	KLGLDLCQ:0.30666666666666664	RLGLPCQL:0.38666666666666666	PRGWARLG:0.28	EVVIVVDA:0.26666666666666666	PPEVVIVV:0.25333333333333335	VVIVVDAD:0.26666666666666666	LGLPCQLM:0.49333333333333335	CQVGEGAI:0.28	DADCQVGE:0.29333333333333333	LMLADAPK:0.2	SQRTRWEH:0.4	RPRGWARL:0.32	DLLVPPLA:0.37333333333333335	YALDFGVR:0.38666666666666666	VLVPAHDE:0.41333333333333333	KGYALDFG:0.5733333333333334	AWARFCRE:0.24	PEVVIVVD:0.26666666666666666	RTRWEHGH:0.6666666666666666	MGAGMAFG:0.25333333333333335	LYLMRAPA:0.22666666666666666	LVPAHDEA:0.36	IVVDADCQ:0.26666666666666666	HGHLGLML:0.24	IPFSVLLY:0.36	RGWARLGL:0.28	VKLGLDLC:0.30666666666666664	ARLGLPCQ:0.3333333333333333	EHGHLGLM:0.24	GLDLCQQG:0.25333333333333335	HLVEDVKL:0.30666666666666664	GHLGLMLA:0.24	CQLMGAGM:0.32	NSQRTRWE:0.24	PVQALYLM:0.37333333333333335	ADCQVGEG:0.29333333333333333	YLMRAPAG:0.22666666666666666	LVEDVKLG:0.30666666666666664	WARLGLPC:0.30666666666666664	AMTLDLLV:0.22666666666666666	LGLMLADA:0.24	APFYAARK:0.25333333333333335	GYALDFGV:0.38666666666666666	PPLALLVL:0.37333333333333335	VPPLALLV:0.44	QLMGAGMA:0.32	GWARLGLP:0.30666666666666664	QRTRWEHG:0.6666666666666666	GKGYALDF:0.5733333333333334	MTLDLLVP:0.22666666666666666	LVPPLALL:0.4533333333333333	EDVKLGLD:0.32	GAGMAFGW:0.25333333333333335	LDLLVPPL:0.36	LLAMTLDL:0.22666666666666666	LGLDLCQQ:0.25333333333333335	LCQQGKPP:0.25333333333333335	LPCQLMGA:0.32	DCQVGEGA:0.28	LMGAGMAF:0.30666666666666664	VDADCQVG:0.28	LAREAGAE:0.21333333333333335	VVADNCTD:0.3333333333333333	ADNCTDDT:0.3333333333333333	LVVADNCT:0.30666666666666664	VADNCTDD:0.29333333333333333	AREAGAEV:0.21333333333333335	EAGAEVVE:0.21333333333333335	LRGKGYAL:0.41333333333333333	DNCTDDTA:0.32	REAGAEVV:0.21333333333333335	VVADNCSD:0.38666666666666666	LVVADNCS:0.32	LMGTGMAF:0.28	DNCSDDTA:0.32	VADNCSDD:0.32	ADNCSDDT:0.3466666666666667	GTGMAFPW:0.22666666666666666	
