cluster number:1851
GT2:23	GT2:23
SDTQTGLR:0.782608695652174	ISDTQTGL:0.7391304347826086	QHTVGALS:0.21739130434782608	EQPIPTIY:0.6086956521739131	RDSLAIYA:0.2608695652173913	PFRSQFGN:0.34782608695652173	GKGAALKT:0.6956521739130435	GAALKTGF:0.5652173913043478	GDRFEFEF:0.5217391304347826	QTGLRVIP:0.4782608695652174	KGAALKTG:0.6086956521739131	DTQTGLRV:0.43478260869565216	DADGQHTV:0.21739130434782608	DGQHTVGA:0.21739130434782608	GQHTVGAL:0.21739130434782608	TQTGLRVI:0.4782608695652174	EFEFDMLL:0.8260869565217391	HQNISDTQ:0.43478260869565216	NRGKGAAL:0.43478260869565216	VVRDSLAI:0.30434782608695654	RFEFEFDM:0.6956521739130435	HFRVVRDS:0.391304347826087	SSHFRVVR:0.34782608695652173	DRFEFEFD:0.4782608695652174	IPTIYLDG:0.6086956521739131	TMDSDGQH:0.4782608695652174	IPFRSQFG:0.2608695652173913	VRLLTHQN:0.2608695652173913	NLLTSGLV:0.21739130434782608	THQNISDT:0.43478260869565216	AIYSRFLK:0.21739130434782608	PTIYLDGN:0.6086956521739131	TSGLVRLL:0.21739130434782608	LVIGVRHF:0.30434782608695654	LTHQNISD:0.43478260869565216	PIPTIYLD:0.5652173913043478	ILIPALNP:0.30434782608695654	GIATMDSD:0.34782608695652173	RLLTHQNI:0.2608695652173913	IYSRFLKF:0.21739130434782608	GNLLTSGL:0.21739130434782608	EFDMLLQA:0.4782608695652174	LIPALNPD:0.43478260869565216	VRDSLAIY:0.30434782608695654	PGDRFEFE:0.43478260869565216	IATMDSDG:0.34782608695652173	RGKGAALK:0.43478260869565216	FRVVRDSL:0.30434782608695654	MLLQAKKY:0.30434782608695654	GILIPALN:0.30434782608695654	GLVRLLTH:0.21739130434782608	DMLLQAKK:0.30434782608695654	RVVRDSLA:0.30434782608695654	LLTHQNIS:0.43478260869565216	VIGVRHFT:0.30434782608695654	FDMLLQAK:0.30434782608695654	FPGDRFEF:0.391304347826087	FGNLLTSG:0.21739130434782608	SGLVRLLT:0.21739130434782608	NISDTQTG:0.5217391304347826	QNISDTQT:0.5217391304347826	FEFEFDML:0.7391304347826086	IGVRHFTN:0.30434782608695654	LLTSGLVR:0.21739130434782608	ATMDSDGQ:0.4782608695652174	MDSDGQHT:0.4782608695652174	FEFDMLLQ:0.4782608695652174	LVRLLTHQ:0.30434782608695654	SHFRVVRD:0.391304347826087	DTQTGLRI:0.34782608695652173	QTGLRIIP:0.34782608695652173	TQTGLRII:0.34782608695652173	KSSHFRVV:0.2608695652173913	YARFFKFA:0.391304347826087	SQFGNVLT:0.34782608695652173	QFGNVLTS:0.2608695652173913	SGYLTDLV:0.2608695652173913	RSQFGNVL:0.34782608695652173	TIYLDGNK:0.2608695652173913	VIEQPIPT:0.2608695652173913	LNPDQKLI:0.21739130434782608	DGNKSSHF:0.2608695652173913	IYARFFKF:0.391304347826087	SLAIYARF:0.2608695652173913	QPIPTIYL:0.5217391304347826	FIISYQIQ:0.391304347826087	YLDGNKSS:0.2608695652173913	IPALNPDQ:0.2608695652173913	TLFIISYQ:0.30434782608695654	DFTLFIIS:0.30434782608695654	DSDGQHTV:0.5217391304347826	DSLAIYAR:0.2608695652173913	FTLFIISY:0.30434782608695654	GNKSSHFR:0.2608695652173913	ALNPDQKL:0.21739130434782608	LFIISYQI:0.391304347826087	PALNPDQK:0.21739130434782608	NKSSHFRV:0.2608695652173913	IYLDGNKS:0.2608695652173913	AIYARFFK:0.391304347826087	VDFTLFII:0.30434782608695654	LAIYARFF:0.21739130434782608	IEQPIPTI:0.30434782608695654	GYLTDLVT:0.2608695652173913	LDGNKSSH:0.2608695652173913	VNYTLNHR:0.2608695652173913	TIYLDGNS:0.21739130434782608	NSSSHFRV:0.2608695652173913	GNSSSHFR:0.2608695652173913	HFRVIRDS:0.30434782608695654	DGNSSSHF:0.21739130434782608	IIVDDGSD:0.21739130434782608	SSHFRVIR:0.2608695652173913	SHFRVIRD:0.30434782608695654	IYLDGNSS:0.21739130434782608	YLDGNSSS:0.21739130434782608	LDGNSSSH:0.21739130434782608	IIPALNPD:0.21739130434782608	SSSHFRVI:0.2608695652173913	GQHTVAAL:0.2608695652173913	DGQHTVAA:0.2608695652173913	SDGQHTVA:0.21739130434782608	NYTLNHRV:0.21739130434782608	TLNHRVVF:0.21739130434782608	YGILIPAL:0.21739130434782608	YTLNHRVV:0.21739130434782608	TMDADGQH:0.2608695652173913	YQIQRDFI:0.21739130434782608	IATMDADG:0.21739130434782608	ATMDADGQ:0.2608695652173913	GIATMDAD:0.21739130434782608	IQRDFIFK:0.21739130434782608	QRDFIFKE:0.21739130434782608	ISYQIQRD:0.30434782608695654	QIQRDFIF:0.21739130434782608	SYQIQRDF:0.21739130434782608	IISYQIQR:0.21739130434782608	
