cluster number:1701
GT2:14	GT2:14
VMDADLQH:0.7857142857142857	ADLQHPPG:0.21428571428571427	YKVLVEIL:0.21428571428571427	LVEILGEL:0.21428571428571427	GFPLVRRI:0.21428571428571427	VCEEPIVF:0.21428571428571427	ASRYIPGG:0.2857142857142857	PTYNEREN:0.2857142857142857	EGFPLVRR:0.21428571428571427	DDNSPDGT:0.9285714285714286	DAVSGFFA:0.21428571428571427	MDADLQHP:0.7857142857142857	PDGTAEEA:0.2857142857142857	DADLQHPP:0.7857142857142857	VASRYIPG:0.2857142857142857	GTAEEALK:0.21428571428571427	KVLVEILG:0.21428571428571427	SPDGTAEE:0.2857142857142857	VVMDADLQ:0.5714285714285714	SGFFAAKR:0.21428571428571427	GSILLAHL:0.21428571428571427	NSPDGTAE:0.6428571428571429	GYKVLVEI:0.21428571428571427	RDAVSGFF:0.21428571428571427	DIVVASRY:0.2857142857142857	VSGFFAAK:0.21428571428571427	AVSGFFAA:0.21428571428571427	AEEALKLS:0.21428571428571427	TYNERENI:0.21428571428571427	VVASRYIP:0.21428571428571427	DGTAEEAL:0.21428571428571427	DNSPDGTA:0.8571428571428571	TAEEALKL:0.21428571428571427	VLVEILGE:0.21428571428571427	VDDNSPDG:0.7857142857142857	VVVMDADL:0.35714285714285715	ADLQHPPE:0.5	VVDDNSPD:0.35714285714285715	VVPTYNER:0.21428571428571427	IVDDNSPD:0.21428571428571427	FVDDNSPD:0.21428571428571427	YVVVMDAD:0.21428571428571427	LWTFRDRR:0.21428571428571427	DLQHPPEV:0.21428571428571427	VVVPTYNE:0.21428571428571427	
