cluster number:2419
GT2:181	GT2:181|GT0:7
IDDFSAAR:0.20441988950276244	ILWLDADD:0.292817679558011	YILWLDAD:0.292817679558011	SLCMIVKN:0.569060773480663	IVDTGSTD:0.5524861878453039	DDFSAARN:0.23204419889502761	LCMIVKNE:0.585635359116022	DYILWLDA:0.24861878453038674	ISLCMIVK:0.4585635359116022	WIDDFSAA:0.20441988950276244	IIVDTGST:0.47513812154696133	ARNFSFSK:0.27071823204419887	ITISLCMI:0.30939226519337015	DEIIIVDT:0.6022099447513812	AARNFSFS:0.2265193370165746	RNFSFSKA:0.27071823204419887	EIIIVDTG:0.6298342541436464	CMIVKNEE:0.5524861878453039	IIIVDTGS:0.6408839779005525	TISLCMIV:0.35911602209944754	MITISLCM:0.26519337016574585	VDEIIIVD:0.43646408839779005	DFSAARNF:0.22099447513812154	
