cluster number:781
GT2:17	GT2:17|GT4:13|GT0:1
ILADDCST:0.47058823529411764	LADDCSTD:0.47058823529411764	YYEDTDLA:0.4117647058823529	AYYEDTDL:0.23529411764705882	DAILTYNA:0.23529411764705882	EVILADDC:0.47058823529411764	HRVFVAPL:0.29411764705882354	GIKGKVLE:0.35294117647058826	LSGAGIKG:0.47058823529411764	VFVAPLLS:0.35294117647058826	FNNADLHF:0.5882352941176471	IIVPAYNK:0.4117647058823529	QKMGVEVL:0.23529411764705882	GSKLLNLD:0.29411764705882354	TGSKLLNL:0.29411764705882354	ELTYHCIA:0.23529411764705882	NNADLHFL:0.5882352941176471	FLNNDTEV:0.5294117647058824	VFHNHRVF:0.23529411764705882	CYYEDTDL:0.29411764705882354	GAGIKGKV:0.6470588235294118	GKVLESMA:0.29411764705882354	TDLAFKVR:0.35294117647058826	LTGSKLLN:0.23529411764705882	DDVFHNHR:0.23529411764705882	AGIKGKVL:0.5294117647058824	VLESMAYG:0.29411764705882354	LGFKVTFV:0.4117647058823529	KGKVLESM:0.29411764705882354	EMDAVYIT:0.47058823529411764	NADLHFLR:0.6470588235294118	VAPLLSGA:0.35294117647058826	PLLSGAGI:0.47058823529411764	SGAGIKGK:0.5882352941176471	ILTYNATE:0.23529411764705882	AAEGTGLT:0.23529411764705882	LTYNATEH:0.23529411764705882	PCYYEDTD:0.29411764705882354	YITRYYVA:0.23529411764705882	FEGQSHGT:0.23529411764705882	HFEGQSHG:0.29411764705882354	TYNATEHA:0.23529411764705882	PKVSIIVP:0.29411764705882354	NHRVFVAP:0.23529411764705882	VSIIVPAY:0.4117647058823529	PAYNKFEL:0.23529411764705882	GFKVTFVP:0.4117647058823529	EAGGIVWG:0.4117647058823529	HITPWVLE:0.29411764705882354	APLLSGAG:0.47058823529411764	KVLESMAY:0.29411764705882354	NKFELTYH:0.23529411764705882	LQKMGVEV:0.23529411764705882	AYNKFELT:0.23529411764705882	IKGKVLES:0.29411764705882354	GLTGSKLL:0.23529411764705882	HNHRVFVA:0.23529411764705882	FVAPLLSG:0.35294117647058826	KFELTYHC:0.23529411764705882	SKLLNLDG:0.29411764705882354	ADLHFLRE:0.6470588235294118	LESMAYGL:0.29411764705882354	FHNHRVFV:0.23529411764705882	LTYHCIAS:0.29411764705882354	GGIVWGNG:0.4117647058823529	YEDTDLAF:0.35294117647058826	DAVYITRY:0.47058823529411764	DTDLAFKV:0.35294117647058826	AILTYNAT:0.23529411764705882	IVPAYNKF:0.35294117647058826	QEAGGIVW:0.6470588235294118	LDDVFHNH:0.23529411764705882	LLSGAGIK:0.47058823529411764	VAAEGTGL:0.29411764705882354	EDTDLAFK:0.4117647058823529	VYITRYYV:0.23529411764705882	FELTYHCI:0.23529411764705882	AGGIVWGN:0.4117647058823529	SIIVPAYN:0.4117647058823529	ESMAYGLP:0.29411764705882354	MDAVYITR:0.47058823529411764	RVFVAPLL:0.29411764705882354	ADDCSTDE:0.29411764705882354	EGQSHGTD:0.23529411764705882	YNATEHAV:0.29411764705882354	SLGFKVTF:0.29411764705882354	DVFHNHRV:0.23529411764705882	YEVILADD:0.23529411764705882	DDCSTDET:0.29411764705882354	VDAILTYN:0.23529411764705882	NATEHAVI:0.29411764705882354	VILADDCS:0.47058823529411764	YNKFELTY:0.23529411764705882	KVSIIVPA:0.29411764705882354	WGNGEPWN:0.29411764705882354	LQEAGGIV:0.5294117647058824	IVWGNGEP:0.29411764705882354	GIVWGNGE:0.29411764705882354	VWGNGEPW:0.29411764705882354	ILFNNADL:0.23529411764705882	LFNNADLH:0.29411764705882354	HFLRELRA:0.23529411764705882	DAGSYAAV:0.23529411764705882	VDYLTGAA:0.23529411764705882	DLHFLREL:0.29411764705882354	LHFLRELR:0.29411764705882354	LNNDTEVT:0.29411764705882354	VFLNNDTE:0.4117647058823529	NNDTEVTS:0.23529411764705882	TLQEAGGI:0.29411764705882354	IVFLNNDT:0.35294117647058826	DGTLQEAG:0.29411764705882354	GTLQEAGG:0.29411764705882354	YIVFLNND:0.29411764705882354	ENLRFLKS:0.23529411764705882	GEPWNAGR:0.23529411764705882	LRFLKSCN:0.23529411764705882	FLKSCNKA:0.23529411764705882	RFLKSCNK:0.23529411764705882	NLRFLKSC:0.23529411764705882	SFEVILAD:0.23529411764705882	FEVILADD:0.23529411764705882	
