cluster number:777
GT2:27	GT2:27
SLGMEAAS:0.25925925925925924	EAASNAGI:0.3333333333333333	GMEAASNA:0.37037037037037035	IHDDDDSW:0.25925925925925924	LGMEAASN:0.25925925925925924	MEAASNAG:0.4444444444444444	IHDDDDTW:0.2222222222222222	VVIHDDDD:0.2962962962962963	FVVIHDDD:0.25925925925925924	EFVVIHDD:0.2222222222222222	NRAVPISF:0.2222222222222222	PVVGDWEF:0.2962962962962963	LPVVGDWE:0.3333333333333333	SVGMEAAS:0.25925925925925924	VGMEAASN:0.25925925925925924	LVIVNDGG:0.2962962962962963	GDWEFHLR:0.25925925925925924	VPISFLYR:0.25925925925925924	GVMVRTEI:0.2222222222222222	VGDWEFHL:0.25925925925925924	PISFLYRR:0.25925925925925924	VMVRTEIV:0.2222222222222222	VVGDWEFH:0.2222222222222222	IVTRTKNR:0.2222222222222222	VTRTKNRP:0.2222222222222222	
