cluster number:909
GT2:14	GT2:14
IVDSFSTD:0.2857142857142857	ILFLDADE:0.35714285714285715	DEIVIVDS:0.21428571428571427	LFLDADEV:0.35714285714285715	VDSFSTDK:0.21428571428571427	DSFSTDKT:0.21428571428571427	WILFLDAD:0.35714285714285715	KKFNGYGE:0.21428571428571427	TFLKYIKL:0.2857142857142857	RFKIIVSP:0.21428571428571427	KTMSYYTF:0.2857142857142857	YIAKTMSY:0.21428571428571427	LAVITYNE:0.21428571428571427	KKINRFKI:0.21428571428571427	EKKFNGYG:0.21428571428571427	FEKGKKIN:0.21428571428571427	IFKLGFLD:0.21428571428571427	GFLDGFPG:0.2857142857142857	YGEQKNHA:0.2857142857142857	DHYTYKSI:0.2857142857142857	KVFIFKLG:0.21428571428571427	YTFLKYIK:0.2857142857142857	GEQKNHAL:0.2857142857142857	LKYIKLYE:0.21428571428571427	AVITYNEE:0.21428571428571427	FKLGFLDG:0.21428571428571427	GFPGFYIA:0.21428571428571427	FIFKLGFL:0.21428571428571427	KMFEKGKK:0.21428571428571427	FLKYIKLY:0.21428571428571427	KYIKLYEK:0.21428571428571427	TMSYYTFL:0.2857142857142857	KGKKINRF:0.21428571428571427	FNGYGEQK:0.21428571428571427	KINRFKII:0.21428571428571427	KLGFLDGF:0.35714285714285715	IKLYEKIR:0.21428571428571427	YSDDKVHE:0.2857142857142857	YIKLYEKI:0.21428571428571427	DGFPGFYI:0.21428571428571427	SYYTFLKY:0.35714285714285715	AKTMSYYT:0.2857142857142857	MSYYTFLK:0.2857142857142857	NGYGEQKN:0.21428571428571427	FFEKKFNG:0.21428571428571427	EKGKKINR:0.21428571428571427	LDGFPGFY:0.2857142857142857	GKKINRFK:0.21428571428571427	FYIAKTMS:0.21428571428571427	KLYEKIRL:0.21428571428571427	KFNGYGEQ:0.21428571428571427	FLDADEVP:0.2857142857142857	GYGEQKNH:0.2857142857142857	FEKKFNGY:0.21428571428571427	YYTFLKYI:0.2857142857142857	LGFLDGFP:0.2857142857142857	VFIFKLGF:0.21428571428571427	FLDGFPGF:0.2857142857142857	IAKTMSYY:0.21428571428571427	EWILFLDA:0.21428571428571427	MFEKGKKI:0.21428571428571427	LDHYTYKS:0.21428571428571427	INKYSDMM:0.21428571428571427	YSDMMAEK:0.21428571428571427	KINKYSDM:0.21428571428571427	WVLFLDAD:0.5	KYSDMMAE:0.21428571428571427	VLFLDADE:0.5	SDMMAEKM:0.21428571428571427	DMMAEKMF:0.21428571428571427	NKYSDMMA:0.21428571428571427	PAQRNRAL:0.21428571428571427	LFLDADER:0.35714285714285715	FPAQRNRA:0.21428571428571427	
