cluster number:1607
GT2:6	GT2:6
PMIGAYYT:0.5	ENIIGSLT:0.3333333333333333	YKENGGLP:0.3333333333333333	FIYTPMIG:0.5	GCYLERSV:0.3333333333333333	QGCYLERS:0.3333333333333333	CFNQGCYL:0.3333333333333333	ENGGLPSS:0.3333333333333333	GEWIQCLD:0.5	DKIRFQLS:0.3333333333333333	QGEWIQCL:0.5	NGGLPSSR:0.3333333333333333	IRFQLSYL:0.3333333333333333	KYYYKENG:0.3333333333333333	QCLDADDW:0.5	KALGDRYF:0.5	IHEDKIRF:0.5	TKDELIQR:0.3333333333333333	LTKDELIQ:0.3333333333333333	DSPHPALQ:0.3333333333333333	PSSRNFGI:0.3333333333333333	KENGGLPS:0.3333333333333333	DDWIHEDK:0.5	QLSYLEQV:0.3333333333333333	IPDFLADS:0.5	YYTKHQSN:0.3333333333333333	YTPMIGAY:0.5	FQLSYLEQ:0.3333333333333333	YTKHQSNR:0.3333333333333333	KHQSNRTN:0.3333333333333333	MLMKKSIL:0.3333333333333333	VDDGSTDN:0.5	CLDADDWI:0.5	DADDWIHE:0.5	FNQGCYLE:0.3333333333333333	IVDDGSTD:0.8333333333333334	GLPSSRNF:0.5	FLADSPHP:0.5	SPHPALQQ:0.3333333333333333	IQCLDADD:0.5	YYYKENGG:0.3333333333333333	RLLIPDFL:0.5	QENIIGSL:0.3333333333333333	LADSPHPA:0.3333333333333333	LGDRYFAV:0.3333333333333333	DYERVFID:0.3333333333333333	YYKENGGL:0.3333333333333333	GAYYTKHQ:0.5	YERVFIDA:0.3333333333333333	PHPALQQA:0.3333333333333333	ALGDRYFA:0.5	QKAQGEWI:0.3333333333333333	LLIPDFLA:0.5	LKALGDRY:0.5	EDKIRFQL:0.5	ADDWIHED:0.5	RTNNWNYM:0.3333333333333333	ELIQRLLI:0.3333333333333333	HQSNRTNN:0.3333333333333333	TKHQSNRT:0.3333333333333333	WIHEDKIR:0.5	DGSTDNTR:0.3333333333333333	WIQCLDAD:0.5	DIECLIVD:0.3333333333333333	DFLADSPH:0.5	LQQAMLMK:0.3333333333333333	IYTPMIGA:0.5	HEDKIRFQ:0.5	EKYRGPRS:0.3333333333333333	LIQRLLIP:0.5	VKYYYKEN:0.3333333333333333	ALQQAMLM:0.3333333333333333	KIRFQLSY:0.3333333333333333	QSNRTNNW:0.3333333333333333	NQGCYLER:0.3333333333333333	ECLIVDDG:0.3333333333333333	TPMIGAYY:0.5	YEKYRGPR:0.3333333333333333	MIGAYYTK:0.5	AQGEWIQC:0.5	QRLLIPDF:0.5	IGAYYTKH:0.5	AYYTKHQS:0.3333333333333333	IQRLLIPD:0.5	LSYLEQVN:0.3333333333333333	KAQGEWIQ:0.3333333333333333	LDADDWIH:0.6666666666666666	DWIHEDKI:0.5	DDGSTDNT:0.3333333333333333	RFQLSYLE:0.3333333333333333	NCFNQGCY:0.3333333333333333	IECLIVDD:0.3333333333333333	RVKYYYKE:0.3333333333333333	ANFIYTPM:0.5	ADSPHPAL:0.3333333333333333	EWIQCLDA:0.5	LIVDDGST:0.3333333333333333	HPALQQAM:0.3333333333333333	NFIYTPMI:0.5	QAMLMKKS:0.3333333333333333	NRTNNWNY:0.3333333333333333	CLIVDDGS:0.3333333333333333	PALQQAML:0.3333333333333333	GGLPSSRN:0.3333333333333333	DELIQRLL:0.3333333333333333	QQAMLMKK:0.3333333333333333	KDELIQRL:0.3333333333333333	AMLMKKSI:0.3333333333333333	LIPDFLAD:0.5	PDFLADSP:0.5	LPSSRNFG:0.5	CVIVDDGS:0.3333333333333333	SVKSVLSQ:0.3333333333333333	ERSVKSVL:0.3333333333333333	VKSVLSQT:0.3333333333333333	VSIIVNCF:0.3333333333333333	ECVIVDDG:0.3333333333333333	GANFIYTP:0.3333333333333333	RSVKSVLS:0.3333333333333333	LERSVKSV:0.3333333333333333	IVNCFNQG:0.3333333333333333	SIIVNCFN:0.3333333333333333	VIVDDGST:0.3333333333333333	AGANFIYT:0.3333333333333333	YLERSVKS:0.3333333333333333	PLVSIIVN:0.3333333333333333	IIVNCFNQ:0.3333333333333333	LVSIIVNC:0.3333333333333333	KGANACRN:0.3333333333333333	ANACRNYG:0.3333333333333333	GANACRNY:0.3333333333333333	WFDSDDIM:0.3333333333333333	NACRNYGF:0.3333333333333333	
