cluster number:784
GT2:366	GT2:366|2.4.1.16:15
LPGAFSAY:0.49453551912568305	VASQNFEY:0.3797814207650273	ISQRRRWL:0.3333333333333333	LAEDRILC:0.6885245901639344	SVLPGAFS:0.3797814207650273	EYKMSNIL:0.35792349726775957	NFEYKMSN:0.3633879781420765	DRILCFEL:0.30601092896174864	RRRWLNGS:0.4672131147540984	PGAFSAYR:0.49453551912568305	PLVASQNF:0.3770491803278688	YKMSNILD:0.3551912568306011	KMSNILDK:0.3551912568306011	NMYLAEDR:0.505464480874317	RILCFELV:0.2814207650273224	YLAEDRIL:0.5	SQRRRWLN:0.3825136612021858	NPLVASQN:0.3770491803278688	FISQRRRW:0.3005464480874317	EFISQRRR:0.29508196721311475	FEYKMSNI:0.36065573770491804	GAFSAYRY:0.20765027322404372	LVASQNFE:0.3770491803278688	VLPGAFSA:0.4972677595628415	ASQNFEYK:0.39617486338797814	MSNILDKP:0.22950819672131148	MYLAEDRI:0.5	EDRILCFE:0.44808743169398907	SQNFEYKM:0.2814207650273224	AEDRILCF:0.44808743169398907	QNFEYKMS:0.366120218579235	QRRRWLNG:0.6721311475409836	FEYKISNI:0.2814207650273224	FLAEDRIL:0.22404371584699453	YKISNILD:0.273224043715847	EYKISNIL:0.273224043715847	NFEYKISN:0.2896174863387978	ILDKPLES:0.40437158469945356	FEYTTQLS:0.2185792349726776	HRWLFNAF:0.2896174863387978	VSWGTKGS:0.3005464480874317	SHRWLFNA:0.36885245901639346	YVSVLPGA:0.20218579234972678	INSHRWLF:0.412568306010929	AAQNFEYK:0.20218579234972678	KNMFLAED:0.21311475409836064	KISNILDK:0.273224043715847	LALGNRPK:0.20218579234972678	GAFSAYRF:0.2568306010928962	SWGTKGSD:0.20491803278688525	RWLNGSFA:0.2185792349726776	QNFEYKIS:0.2896174863387978	LCFELVAK:0.2540983606557377	VSVLPGAF:0.2103825136612022	NILDKPLE:0.40437158469945356	SNILDKPL:0.40710382513661203	MFLAEDRI:0.21584699453551912	FGYVSVLP:0.20218579234972678	NMFLAEDR:0.21584699453551912	DVSWGTKG:0.3879781420765027	NSHRWLFN:0.3825136612021858	RRWLNGSF:0.40437158469945356	KKINSHRW:0.6120218579234973	KINSHRWL:0.41530054644808745	GYVSVLPG:0.20218579234972678	ISNILDKP:0.2459016393442623	HDVSWGTK:0.3825136612021858	ILCFELVA:0.2540983606557377	WLNGSFAA:0.20218579234972678	AEDRILCW:0.22950819672131148	PGALSAYR:0.22950819672131148	ANMYLAED:0.24043715846994534	RILCWELV:0.22131147540983606	VLPGALSA:0.22950819672131148	YHLWKAFD:0.2103825136612022	LLNPLVAS:0.273224043715847	LNPLVASQ:0.25136612021857924	DRILCWEL:0.22950819672131148	RRRWLNGA:0.20491803278688525	EDRILCWE:0.22950819672131148	GALSAYRY:0.21584699453551912	LPGALSAY:0.22950819672131148	KLLNPLVA:0.28415300546448086	SNVAGAAG:0.20765027322404372	NQKKINSH:0.2459016393442623	QKKINSHR:0.2459016393442623	
