cluster number:907
GT2:11	GT2:11
YDLWLRLD:0.45454545454545453	DYDLWLRL:0.5454545454545454	WLRLDAAG:0.2727272727272727	SVLLPYRQ:0.36363636363636365	TVVVAVGA:0.2727272727272727	DIDPRKIG:0.6363636363636364	DLWLRLDA:0.36363636363636365	VVVAVGAR:0.36363636363636365	VAVGARGA:0.5454545454545454	EDYDLWLR:0.7272727272727273	AVGARGAR:0.5454545454545454	IDPRKIGR:0.5454545454545454	VVAVGARG:0.5454545454545454	LWLRLDAA:0.36363636363636365	KIGRIAQG:0.36363636363636365	GRIAQGAP:0.36363636363636365	GFVEGSDY:0.2727272727272727	AQGAPIVD:0.36363636363636365	SPLCHPSV:0.5454545454545454	IAQGAPIV:0.36363636363636365	FVDIDPRK:0.5454545454545454	LVSVLLPY:0.36363636363636365	VVGARVEA:0.36363636363636365	VESPLCHP:0.45454545454545453	VSVLLPYR:0.45454545454545453	PRKIGRIA:0.45454545454545453	RKIGRIAQ:0.36363636363636365	VGARVEAF:0.36363636363636365	PVAVWGAG:0.36363636363636365	GARVEAFA:0.36363636363636365	ESPLCHPS:0.45454545454545453	QGAPIVDP:0.36363636363636365	VARMDADD:0.2727272727272727	DPRKIGRI:0.45454545454545453	AEDYDLWL:0.5454545454545454	WAEDYDLW:0.5454545454545454	PLVSVLLP:0.36363636363636365	VDIDPRKI:0.5454545454545454	IGRIAQGA:0.36363636363636365	RIAQGAPI:0.36363636363636365	GVGIARAL:0.2727272727272727	PLCHPSVM:0.5454545454545454	FVESPLCH:0.45454545454545453	AVWGAGKT:0.36363636363636365	PWAEDYDL:0.36363636363636365	VWGAGKTG:0.36363636363636365	RFVDIDPR:0.36363636363636365	LARMDGDD:0.2727272727272727	ATIEEALE:0.2727272727272727	GAPIVDPS:0.2727272727272727	GLRWRHRE:0.2727272727272727	YRQAEATI:0.2727272727272727	EQVGGFRE:0.2727272727272727	RQAEATIE:0.2727272727272727	LLPYRQAE:0.2727272727272727	HPSVMLRR:0.2727272727272727	LEAKAHYL:0.2727272727272727	EAKAHYLA:0.2727272727272727	SALEQVGG:0.2727272727272727	GKTGRRLA:0.2727272727272727	MLRRSALE:0.2727272727272727	EMFVESPL:0.2727272727272727	LGLRWRHR:0.2727272727272727	PIVDPSRL:0.2727272727272727	DGDDISVG:0.2727272727272727	GRATFADP:0.2727272727272727	RSALEQVG:0.2727272727272727	TIEEALES:0.2727272727272727	ATFADPRY:0.2727272727272727	VMLRRSAL:0.2727272727272727	LRWRHREG:0.2727272727272727	RRSALEQV:0.2727272727272727	ARMDGDDI:0.2727272727272727	RGARALIR:0.2727272727272727	ATGGVGIA:0.2727272727272727	EGRATFAD:0.2727272727272727	RHREGRAT:0.2727272727272727	RVEAFAAG:0.2727272727272727	WRHREGRA:0.2727272727272727	ALEQVGGF:0.2727272727272727	ARPVAVWG:0.2727272727272727	LEQVGGFR:0.2727272727272727	APLVSVLL:0.2727272727272727	AVDDGSTD:0.2727272727272727	QAEATIEE:0.2727272727272727	VLLPYRQA:0.2727272727272727	TGRRLARA:0.2727272727272727	RATFADPR:0.2727272727272727	IEEALESV:0.2727272727272727	ELGLRWRH:0.2727272727272727	RRLARALA:0.2727272727272727	VAVWGAGK:0.2727272727272727	RMDGDDIS:0.2727272727272727	LPYRQAEA:0.2727272727272727	ARVEAFAA:0.2727272727272727	VEAFAAGP:0.2727272727272727	PSVMLRRS:0.2727272727272727	VGARGARA:0.2727272727272727	RWRHREGR:0.2727272727272727	FLEAKAHY:0.2727272727272727	MFVESPLC:0.2727272727272727	REMFVESP:0.2727272727272727	CHPSVMLR:0.2727272727272727	GAGKTGRR:0.2727272727272727	EALESVLA:0.2727272727272727	PELGLRWR:0.2727272727272727	EEALESVL:0.2727272727272727	SVMLRRSA:0.2727272727272727	GRRLARAL:0.2727272727272727	AEATIEEA:0.2727272727272727	RFLEAKAH:0.2727272727272727	EATIEEAL:0.2727272727272727	AGKTGRRL:0.2727272727272727	PYRQAEAT:0.2727272727272727	LESVLAER:0.2727272727272727	ALESVLAE:0.2727272727272727	HREGRATF:0.2727272727272727	GEGMLRYV:0.2727272727272727	ARGARALI:0.2727272727272727	GARGARAL:0.2727272727272727	RPVAVWGA:0.2727272727272727	MDGDDISV:0.2727272727272727	WGAGKTGR:0.2727272727272727	LCHPSVML:0.2727272727272727	LRRSALEQ:0.2727272727272727	REGRATFA:0.2727272727272727	KTGRRLAR:0.2727272727272727	APIVDPSR:0.2727272727272727	
