cluster number:547
GT2:27	GT2:27|GT4:1
KVVDGDDW:0.6666666666666666	ATGKYFKV:0.5185185185185185	YFKVVDGD:0.5925925925925926	KENGGHGS:0.8148148148148148	VVDGDDWL:0.25925925925925924	GKYFKVVD:0.6296296296296297	KYFKVVDG:0.5925925925925926	FKVVDGDD:0.6296296296296297	TGKYFKVV:0.48148148148148145	GGHGSTIN:0.7777777777777778	ENGGHGST:0.7407407407407407	VDGDDWLD:0.2222222222222222	SKENGGHG:0.2222222222222222	NGGHGSTI:0.7777777777777778	GTQSMAIG:0.3333333333333333	TVPSYNTE:0.25925925925925924	SMAIGNMV:0.3333333333333333	QVYLDFPV:0.2222222222222222	KILTITVP:0.25925925925925924	NSGTQSMA:0.37037037037037035	PYFEHDEV:0.37037037037037035	TEKYIDEC:0.3333333333333333	YVDVEYIT:0.2222222222222222	EYITFPLP:0.25925925925925924	YRVNSGTQ:0.25925925925925924	VYVYRVNS:0.25925925925925924	VDVEYITF:0.2222222222222222	PMHTVTYK:0.25925925925925924	VYRVNSGT:0.25925925925925924	IGNMVKNR:0.3333333333333333	SGTQSMAI:0.37037037037037035	LILAQYVV:0.2222222222222222	FPVYVYRV:0.2222222222222222	IDEKMFYV:0.37037037037037035	PPMHTVTY:0.25925925925925924	QYVVNLSI:0.2222222222222222	IKIPPMHT:0.37037037037037035	VVDGDDWV:0.4074074074074074	TITVPSYN:0.3333333333333333	VPSYNTEK:0.2222222222222222	VVSDGSKD:0.2222222222222222	KIDEKMFY:0.3333333333333333	NMVKNRAM:0.2222222222222222	FEHDEVTK:0.2222222222222222	QRFSELIL:0.2222222222222222	KIPPMHTV:0.25925925925925924	MVKNRAMH:0.2222222222222222	SELILAQY:0.2222222222222222	IPPMHTVT:0.25925925925925924	EILVVSDG:0.2222222222222222	ILVVSDGS:0.2222222222222222	IEKENGGH:0.25925925925925924	ITVPSYNT:0.25925925925925924	TINRGILE:0.2962962962962963	YNTEKYID:0.3333333333333333	VNSGTQSM:0.25925925925925924	PVYVYRVN:0.25925925925925924	ILEATGKY:0.2222222222222222	LTITVPSY:0.3333333333333333	INNPYFEH:0.37037037037037035	YLDFPVYV:0.2222222222222222	LDFPVYVY:0.2222222222222222	LEATGKYF:0.2222222222222222	FYVDVEYI:0.3333333333333333	PSYNTEKY:0.3333333333333333	RFSELILA:0.2222222222222222	VDLINNPY:0.3333333333333333	IEILVVSD:0.2222222222222222	NNPYFEHD:0.37037037037037035	MFYVDVEY:0.3333333333333333	YVYRVNSG:0.25925925925925924	RVIEKENG:0.25925925925925924	RGILEATG:0.2222222222222222	DVDLINNP:0.3333333333333333	MAIGNMVK:0.3333333333333333	EKYIDECM:0.2222222222222222	AQYVVNLS:0.2222222222222222	GSTINRGI:0.37037037037037035	VYLDFPVY:0.2222222222222222	EATGKYFK:0.25925925925925924	LAQYVVNL:0.2222222222222222	IKIDEKMF:0.3333333333333333	EKENGGHG:0.25925925925925924	FSELILAQ:0.2222222222222222	DVEYITFP:0.2222222222222222	YITFPLPF:0.25925925925925924	DLINNPYF:0.3333333333333333	DGDDWVKT:0.2222222222222222	TQSMAIGN:0.3333333333333333	NRGILEAT:0.2222222222222222	DEKMFYVD:0.37037037037037035	IRVIEKEN:0.25925925925925924	INRGILEA:0.2962962962962963	SYNTEKYI:0.3333333333333333	VIEKENGG:0.25925925925925924	NKILTITV:0.2222222222222222	TFPLPFVK:0.2222222222222222	NTEKYIDE:0.3333333333333333	ITFPLPFV:0.2222222222222222	GHGSTINR:0.37037037037037035	NPYFEHDE:0.37037037037037035	HGSTINRG:0.37037037037037035	ILTITVPS:0.25925925925925924	AIGNMVKN:0.3333333333333333	YFEHDEVT:0.37037037037037035	ELILAQYV:0.2222222222222222	RVNSGTQS:0.25925925925925924	STINRGIL:0.2962962962962963	FPLPFVKT:0.2222222222222222	ILAQYVVN:0.2222222222222222	QSMAIGNM:0.3333333333333333	HTVTYKTE:0.2222222222222222	LINNPYFE:0.3333333333333333	DDIEILVV:0.2222222222222222	MHTVTYKT:0.25925925925925924	VEYITFPL:0.2222222222222222	EKMFYVDV:0.3333333333333333	KYIDECMP:0.2222222222222222	KMFYVDVE:0.3333333333333333	DFPVYVYR:0.2222222222222222	GILEATGK:0.2222222222222222	DIEILVVS:0.2222222222222222	DKENGGHG:0.2962962962962963	IDKENGGH:0.25925925925925924	VIDKENGG:0.2222222222222222	
