cluster number:1807
GT2:21	GT2:21
VIIPTIGR:0.6666666666666666	PKPSPTIM:0.23809523809523808	GLFCYSEP:0.38095238095238093	IIPTIGRK:0.5714285714285714	IPTIGRKK:0.2857142857142857	IGRKKYLY:0.23809523809523808	ACNARNLA:0.42857142857142855	TIGRKKYL:0.2857142857142857	DVIIPTIG:0.6666666666666666	TIDVIIPT:0.5238095238095238	CNARNLAL:0.5238095238095238	IDVIIPTI:0.5238095238095238	GACNARNL:0.42857142857142855	PTIGRKKY:0.2857142857142857	HLKAPIGG:0.42857142857142855	LKAPIGGF:0.38095238095238093	KAPIGGFR:0.38095238095238093	KFVKQHYK:0.23809523809523808	DFGMQLRN:0.3333333333333333	QPKPSPTI:0.23809523809523808	LEFGYGED:0.23809523809523808	YGEDTDFG:0.23809523809523808	IQPKPSPT:0.3333333333333333	PKPSPTVM:0.2857142857142857	VIIVEQNP:0.38095238095238093	MADDDIRI:0.23809523809523808	FMADDDIR:0.23809523809523808	KVIIVEQN:0.23809523809523808	
