cluster number:301
GT2:13	GT2:13
NFELIVVD:0.6153846153846154	YRNFELIV:0.6153846153846154	RNFELIVV:0.6153846153846154	ARFKYLSV:0.3076923076923077	GFDESLGV:0.3076923076923077	LESLDAQD:0.38461538461538464	SRARNAGL:0.3076923076923077	WRGAIEFS:0.46153846153846156	RSLRHGFK:0.23076923076923078	QNGDDRLV:0.3076923076923077	DVIAFPDD:0.46153846153846156	TDYLLRSL:0.46153846153846156	LRSLRHGF:0.23076923076923078	LADGDVIA:0.23076923076923078	IFLRRRVV:0.3076923076923077	LRHGFKLK:0.23076923076923078	IVVDQNGD:0.3076923076923077	KKYETGIG:0.23076923076923078	KARFKYLS:0.3076923076923077	LNRYNVWR:0.3076923076923077	FKLKFLVD:0.23076923076923078	TGRFTDGD:0.38461538461538464	AQDYRNFE:0.46153846153846156	EGTDYLLR:0.46153846153846156	FELIVVDQ:0.46153846153846156	FLKARFKY:0.3076923076923077	GFKLKFLV:0.23076923076923078	VWRGAIEF:0.46153846153846156	DAQDYRNF:0.46153846153846156	DGITGRFT:0.46153846153846156	DESLGVGA:0.38461538461538464	VVDQNGDD:0.3076923076923077	MKFSLVLA:0.38461538461538464	LKARFKYL:0.3076923076923077	ASRARNAG:0.23076923076923078	KFSLVLAT:0.38461538461538464	GAAEGTDY:0.46153846153846156	NRYNVWRG:0.3076923076923077	IAFPDDDC:0.6923076923076923	SIFLRRRV:0.38461538461538464	VGGFDESL:0.23076923076923078	AIEFSIFL:0.46153846153846156	ELIVVDQN:0.46153846153846156	DYLLRSLR:0.38461538461538464	DMTLHHPV:0.38461538461538464	VIAFPDDD:0.46153846153846156	AAEGTDYL:0.46153846153846156	AFPDDDCW:0.6153846153846154	YLLRSLRH:0.23076923076923078	DYRNFELI:0.5384615384615384	GAIEFSIF:0.46153846153846156	NVWRGAIE:0.46153846153846156	GTDYLLRS:0.46153846153846156	ELDGITGR:0.46153846153846156	GGFDESLG:0.3076923076923077	ITGRFTDG:0.46153846153846156	FDESLGVG:0.38461538461538464	ESLGVGAG:0.3076923076923077	EFSIFLRR:0.38461538461538464	MTLHHPVK:0.38461538461538464	LVLATVGR:0.3076923076923077	QKKYETGI:0.23076923076923078	HGFKLKFL:0.23076923076923078	QDYRNFEL:0.6153846153846154	GIGRVMRI:0.38461538461538464	YNVWRGAI:0.38461538461538464	LIVVDQNG:0.3076923076923077	SLVLATVG:0.3076923076923077	TLHHPVKT:0.46153846153846156	AEGTDYLL:0.46153846153846156	RHGFKLKF:0.23076923076923078	WGAAEGTD:0.46153846153846156	DGDVIAFP:0.38461538461538464	RQKKYETG:0.23076923076923078	FSIFLRRR:0.38461538461538464	HPELDGIT:0.38461538461538464	GRFTDGDG:0.38461538461538464	LLNRYNVW:0.3076923076923077	KYLSVLAR:0.3076923076923077	ESLDAQDY:0.38461538461538464	DQNGDDRL:0.3076923076923077	VDQNGDDR:0.3076923076923077	GITGRFTD:0.46153846153846156	RFTDGDGN:0.3076923076923077	LLRSLRHG:0.23076923076923078	SLDAQDYR:0.46153846153846156	RYNVWRGA:0.38461538461538464	FKYLSVLA:0.3076923076923077	SLGVGAGT:0.3076923076923077	ADGDVIAF:0.23076923076923078	RFKYLSVL:0.3076923076923077	IGRVMRIN:0.38461538461538464	IEFSIFLR:0.46153846153846156	LDGITGRF:0.46153846153846156	SHPELDGI:0.3076923076923077	RGAIEFSI:0.46153846153846156	LDAQDYRN:0.46153846153846156	PDDDCWYP:0.5384615384615384	FSLVLATV:0.3076923076923077	SLRHGFKL:0.23076923076923078	PELDGITG:0.38461538461538464	FPDDDCWY:0.6923076923076923	GDVIAFPD:0.46153846153846156	GASRARNA:0.23076923076923078	TAWGAAEG:0.3076923076923077	DDDCWYPA:0.23076923076923078	VGAGTAWG:0.3076923076923077	LGVGAGTA:0.3076923076923077	RFLESLDA:0.23076923076923078	FDETLGVG:0.23076923076923078	AGTAWGAA:0.3076923076923077	AWGAAEGT:0.3076923076923077	DDCWYPAG:0.23076923076923078	GVGAGTAW:0.3076923076923077	DCWYPAGL:0.23076923076923078	EAGIGRVM:0.23076923076923078	FLESLDAQ:0.23076923076923078	GTAWGAAE:0.3076923076923077	EGRWLESS:0.23076923076923078	GAGTAWGA:0.3076923076923077	YEAGIGRV:0.23076923076923078	AGIGRVMR:0.23076923076923078	KYEAGIGR:0.23076923076923078	
