cluster number:1442
GT2:12	GT2:12
DFEWLIVD:0.5833333333333334	KGQALYHN:0.25	ICLDSDDE:0.25	PKGQALYH:0.25	YVNEKIEI:0.25	DDGSTDGT:0.5	GELFICLD:0.4166666666666667	IVDDGSTD:0.5833333333333334	VNEKIEIK:0.25	WLIVDDGS:0.5833333333333334	GLMFRTEI:0.25	NPKGQALY:0.3333333333333333	LNNAVYYK:0.3333333333333333	QALYHNEI:0.25	RDFEWLIV:0.3333333333333333	FICLDSDD:0.4166666666666667	EAVVYNRI:0.25	LFICLDSD:0.4166666666666667	CLDSDDEY:0.25	ALYHNEIN:0.25	DKGLMFRT:0.25	ENGGKQRA:0.3333333333333333	NAVYYKFC:0.25	KGLMFRTE:0.25	GGKQRAYN:0.4166666666666667	EWLIVDDG:0.5833333333333334	GKQRAYNF:0.25	VDDGSTDG:0.5	GDKGLMFR:0.25	DGLTAKYN:0.25	YRDFEWLI:0.25	GQALYHNE:0.25	IAGMGYLS:0.25	FEWLIVDD:0.5833333333333334	LIVDDGST:0.5	NNAVYYKF:0.3333333333333333	ELFICLDS:0.4166666666666667	TEAVVYNR:0.25	NGGKQRAY:0.4166666666666667	EKFITEAV:0.25	TIFTPTYN:0.25	IFTPTYNR:0.3333333333333333	KENGGKQR:0.25	DGSTDGTG:0.25	FTPTYNRA:0.25	
