cluster number:2476
GT2:12	GT2:12|GT4:1
VVDGASTD:0.25	TDYRIAGD:0.25	VLRACREN:0.25	EVLRACRE:0.25	FRTDYRIA:0.25	GISTGGWR:0.25	YDAMNKGL:0.3333333333333333	DYRIAGDF:0.25	RTDYRIAG:0.25	AHPALFLR:0.25	VYDAMNKG:0.3333333333333333	HPALFLRR:0.25	GVYDAMNK:0.3333333333333333	MPAHPALF:0.25	IVVDGAST:0.25	GWMPAHPA:0.25	GGISTGGW:0.25	PAHPALFL:0.25	WMPAHPAL:0.25	YRIAGDFE:0.25	GIYDAMNK:0.3333333333333333	IYDAMNKG:0.3333333333333333	
