cluster number:2570
GT2:15	GT2:15
RIRVIVGP:0.2	LTEDYELG:0.8666666666666667	VSGHYADE:0.4666666666666667	VIVGPRDG:0.2	VGVYPNDP:0.3333333333333333	GHYADEFA:0.3333333333333333	EDYELGLH:0.2	AVRAYFPD:0.2	AVVLHDAE:0.2	RWMTGIAL:0.3333333333333333	GSLVSGHY:0.2	WDRTGWGR:0.2	VVQLPVLP:0.26666666666666666	VQLPVLPL:0.26666666666666666	KARWMTGI:0.3333333333333333	GWDRTGWG:0.2	TSLTEDYE:0.26666666666666666	PLAGTGCA:0.26666666666666666	TTKADCLN:0.6666666666666666	TEDYELGL:0.6666666666666666	GPTTKADC:0.6	YVGVYPND:0.26666666666666666	IALAGWDR:0.4666666666666667	LVSGHYAD:0.4666666666666667	LAGTGCAI:0.2	YADEFAYA:0.2	GPRDGPTT:0.2	IRVIVGPR:0.2	QKARWMTG:0.3333333333333333	MPLAGTGC:0.2	AGWDRTGW:0.26666666666666666	TGIALAGW:0.4	IVGPRDGP:0.2	LHDAEDVV:0.6	ARWMTGIA:0.3333333333333333	WDKTAHAF:0.2	RQKARWMT:0.3333333333333333	DKTAHAFP:0.2	AVVQLPVL:0.26666666666666666	QPVRAMLG:0.2	KAVVLHDA:0.2	PRIRVIVG:0.2	SLTEDYEL:0.8	SLVSGHYA:0.2	PTTKADCL:0.6	VLHDAEDV:0.6	ADEFAYAH:0.2	QLPVLPLV:0.2	WMTGIALA:0.26666666666666666	SGHYADEF:0.4666666666666667	PRDGPTTK:0.2	ALAGWDRT:0.26666666666666666	MTGIALAG:0.26666666666666666	HYADEFAY:0.2	QQPVRAML:0.2	DGPTTKAD:0.3333333333333333	RDGPTTKA:0.26666666666666666	LAGWDRTG:0.26666666666666666	RVIVGPRD:0.2	DPRIRVIV:0.2	GIALAGWD:0.4666666666666667	VVLHDAED:0.4	PVRAMLGA:0.2	HDAEDVVH:0.6666666666666666	VGPRDGPT:0.2	LVAVRAYF:0.3333333333333333	DAEDVVHP:0.5333333333333333	VAVRAYFP:0.4666666666666667	HWMRMRDR:0.26666666666666666	GVYPNDPA:0.2	DVVHPAEL:0.2	MRMRDRRA:0.3333333333333333	WMRMRDRR:0.3333333333333333	VYPNDPAT:0.2	YPNDPATI:0.2	AEDVVHPA:0.2	EDVVHPAE:0.2	PAWDEADV:0.2	AWDEADVI:0.2	WDEADVIG:0.2	VPAWDEAD:0.2	DSLTEDYE:0.4	GGRGVFVR:0.26666666666666666	VFVPAWDE:0.3333333333333333	AEDVVHPD:0.2	DVVHPDEL:0.2	AVFVPAWD:0.3333333333333333	FVPAWDEA:0.3333333333333333	EDVVHPDE:0.2	ADCLNTLW:0.2	IVLHDAED:0.3333333333333333	VRAYFPAT:0.26666666666666666	AIVLHDAE:0.3333333333333333	AWDEAAVI:0.2	RAYFPATL:0.2	KAIVLHDA:0.2	EDYELGLR:0.26666666666666666	AVRQKARW:0.3333333333333333	AVRAYFPA:0.3333333333333333	VRQKARWM:0.2	PAWDEAAV:0.2	TKADCLNT:0.2	KADCLNTL:0.2	AAVRQKAR:0.26666666666666666	WDEAAVIG:0.2	DYELGLRI:0.2	TKADCLNA:0.2	HYLDEFAE:0.2	VREAIGAA:0.2	GHYLDEFA:0.2	DEFAEAHG:0.2	EFAEAHGK:0.2	ADSLTEDY:0.2	GVGCAIAR:0.2	PFDADSLT:0.2	DADSLTED:0.2	AGWDRLGW:0.2	AGVGCAIA:0.2	FDADSLTE:0.2	
