cluster number:2012
GT2:12	GT2:12
EVGLSIDV:0.25	AVTVRHSV:0.5	QAGAGGRG:0.4166666666666667	VVVVDDGS:0.4166666666666667	GLSIDVLV:0.25	GLAVIEVP:0.25	SIDVLVAG:0.25	QDHARAAG:0.25	PKQAGAGG:0.4166666666666667	LLFIDADL:0.3333333333333333	LFIDADLG:0.3333333333333333	DHARAAGA:0.25	VVDDGSTD:0.5	IDVLVAGL:0.3333333333333333	VPCDITHR:0.4166666666666667	TQDHARAA:0.25	DGSTDGTQ:0.25	GWGVEVGL:0.4166666666666667	RACRAIPR:0.4166666666666667	VSRGKASA:0.5	VAPLSGQR:0.4166666666666667	GRGRVVRA:0.5833333333333334	VDLVVVVD:0.4166666666666667	PPKQAGAG:0.3333333333333333	LVPPVLDG:0.25	AGAVTVRH:0.5833333333333334	APLSGQRC:0.6666666666666666	QRCLTRAA:0.25	VVRAARAA:0.25	ATGWAPVA:0.25	VRAARAAI:0.25	RGKASAME:0.5	AKDEAERI:0.25	IPAKDEAE:0.3333333333333333	KQAGAGGR:0.4166666666666667	IDADLGDS:0.3333333333333333	VIEVPCDI:0.5833333333333334	RVVRAARA:0.25	VDDGSTDG:0.25	PCDITHRV:0.4166666666666667	IPRVDLVV:0.3333333333333333	EVPCDITH:0.4166666666666667	GQRCLTRA:0.25	SRGKASAM:0.4166666666666667	CRAIPRVD:0.4166666666666667	VEVGLSID:0.25	LVAGLAVI:0.25	DDGSTDGT:0.25	HSVSRGKA:0.4166666666666667	RGRVVRAA:0.5833333333333334	GVEVGLSI:0.25	IEVPCDIT:0.4166666666666667	DVLVAGLA:0.25	RAARAAIA:0.25	RCLTRAAY:0.25	HARAAGAV:0.3333333333333333	SVSRGKAS:0.4166666666666667	AMETGASV:0.3333333333333333	LAVIEVPC:0.25	VRACRAIP:0.5833333333333334	GVADMSIA:0.3333333333333333	VVVDDGST:0.25	DADLGDSA:0.5	GAVTVRHS:0.5	CAELVPPV:0.25	ACRAIPRV:0.4166666666666667	RHSVSRGK:0.4166666666666667	METGASVV:0.3333333333333333	RLLLFIDA:0.3333333333333333	LSIDVLVA:0.25	AGGRGRVV:0.5833333333333334	WAPVAPLS:0.25	RVDLVVVV:0.4166666666666667	VGLSIDVL:0.25	ATVRACRA:0.5833333333333334	LVVVVDDG:0.4166666666666667	RAIPRVDL:0.4166666666666667	VLVAGLAV:0.25	DLVVVVDD:0.4166666666666667	GRVVRAAR:0.5833333333333334	VTVRHSVS:0.4166666666666667	VRHSVSRG:0.4166666666666667	AAGAVTVR:0.3333333333333333	AIPRVDLV:0.4166666666666667	FIDADLGD:0.3333333333333333	KASAMETG:0.5	LSGQRCLT:0.5833333333333334	ASAMETGA:0.5	TVRHSVSR:0.4166666666666667	TGWAPVAP:0.25	ARAAGAVT:0.3333333333333333	PAKDEAER:0.3333333333333333	GKASAMET:0.5	AVIEVPCD:0.25	PRVDLVVV:0.4166666666666667	LLLFIDAD:0.3333333333333333	GGRGRVVR:0.5833333333333334	DGVADMSI:0.3333333333333333	SGQRCLTR:0.5833333333333334	WGVEVGLS:0.3333333333333333	APVAPLSG:0.25	TVRACRAI:0.5833333333333334	PLSGQRCL:0.6666666666666666	AGLAVIEV:0.25	GWAPVAPL:0.25	VAGLAVIE:0.25	SAMETGAS:0.3333333333333333	GAGGRGRV:0.5833333333333334	RAAGAVTV:0.3333333333333333	AGAGGRGR:0.5	PVAPLSGQ:0.4166666666666667	TVIEVPCD:0.25	RVAVVIPA:0.4166666666666667	AATVRACR:0.5	CDITHRVT:0.25	CADLVPPV:0.25	TGAGVVAM:0.25	DLGDSAAS:0.25	AGVVAMRD:0.25	QRVAVVIP:0.3333333333333333	DGPTRLLL:0.25	GDSAASCA:0.25	GAGVVAMR:0.25	ADLGDSAA:0.3333333333333333	IAATVRAC:0.25	GPTRLLLF:0.25	RIAATVRA:0.3333333333333333	GVVAMRDY:0.25	DQRVAVVI:0.3333333333333333	LGDSAASC:0.25	ETGAGVVA:0.25	VIPAKDEA:0.5	ASVVAMRD:0.3333333333333333	AEGWGVEV:0.3333333333333333	TGASVVAM:0.3333333333333333	GDSAAACA:0.25	GPARLLLF:0.25	DLGDSAAA:0.25	EGWGVEVG:0.3333333333333333	VIVVDDGS:0.25	VAMRDYED:0.25	AMRDYEDG:0.25	SVVAMRDY:0.25	GASVVAMR:0.3333333333333333	VDLVIVVD:0.25	LVIVVDDG:0.25	DLVIVVDD:0.25	ETGASVVA:0.3333333333333333	LGDSAAAC:0.25	VVAMRDYE:0.3333333333333333	MRDYEDGP:0.25	IVVDDGST:0.25	PAKDEADR:0.25	VVIPAKDE:0.4166666666666667	AKDEADRI:0.25	VEVGMTID:0.25	WGVEVGMT:0.25	VAVVIPAK:0.4166666666666667	QRCLTREA:0.3333333333333333	IPAKDEAD:0.25	GQRCLTRE:0.25	GWGVEVGM:0.25	GVEVGMTI:0.25	AVVIPAKD:0.4166666666666667	VAATVRAC:0.25	VRAARRAI:0.3333333333333333	VVRAARRA:0.3333333333333333	TIDVLVAG:0.25	RVVRAARR:0.3333333333333333	
