cluster number:1274
GT2:28	GT2:28
LCIFQLRL:0.39285714285714285	QIPHWRLE:0.2857142857142857	IIIIDNNS:0.2857142857142857	AIPTYNGA:0.32142857142857145	IWYNPAMH:0.21428571428571427	GLCIFQLR:0.39285714285714285	CGLCIFQL:0.39285714285714285	ARGCGLCI:0.4642857142857143	GAALVVRK:0.2857142857142857	LRLPPGAA:0.32142857142857145	GQIHGDFE:0.5	IQAFLAIR:0.2857142857142857	VAIPTYNG:0.35714285714285715	LARGCGLC:0.35714285714285715	DFTVAIPT:0.2857142857142857	WEIIIIDN:0.25	QLRLINAK:0.25	EIIIIDNN:0.25	TVAIPTYN:0.2857142857142857	NLRLPPGA:0.39285714285714285	GCGLCIFQ:0.39285714285714285	EHPQAGAW:0.25	FDADNLRL:0.21428571428571427	ADNLRLPP:0.21428571428571427	PQAGAWSG:0.25	AWSGQIHG:0.42857142857142855	AALVVRKQ:0.25	QAGAWSGQ:0.25	LPPGAALV:0.5	LVVRKQAW:0.25	AGAWSGQI:0.42857142857142855	RLPPGAAL:0.32142857142857145	FLAIREHG:0.35714285714285715	AFLAIREH:0.32142857142857145	SGQIHGDF:0.39285714285714285	AGWEIWYN:0.39285714285714285	RGCGLCIF:0.42857142857142855	IFQLRLIN:0.39285714285714285	HPQAGAWS:0.21428571428571427	PGAALVVR:0.32142857142857145	RIQAFLAI:0.21428571428571427	GAWSGQIH:0.42857142857142855	QAFLAIRE:0.2857142857142857	PPGAALVV:0.32142857142857145	EIWYNPAM:0.25	IPHWRLEK:0.25	WSGQIHGD:0.35714285714285715	KAGWEIWY:0.21428571428571427	DADNLRLP:0.21428571428571427	FQLRLINA:0.25	WEIWYNPA:0.25	DNLRLPPG:0.25	CIFQLRLI:0.39285714285714285	HQIPHWRL:0.2857142857142857	GWEIWYNP:0.5	QIHGDFEV:0.4642857142857143	FLDDDNLP:0.35714285714285715	EVIVIDNN:0.25	VIVIDNNS:0.25	LDDDNLAA:0.21428571428571427	IHGDFEVK:0.21428571428571427	IAFLDDDN:0.2857142857142857	HGDFEVKP:0.21428571428571427	GDFEVKPP:0.21428571428571427	AFLDDDNL:0.42857142857142855	FLDDDNLA:0.21428571428571427	MHTYHQIP:0.21428571428571427	LDDDNLPA:0.21428571428571427	WEVIVIDN:0.21428571428571427	
