cluster number:933
GT2:17	GT2:17|GT4:1
VVDDGSTD:0.7647058823529411	EIVVVDDG:0.29411764705882354	IVVVDDGS:0.29411764705882354	VDDGSTDG:0.7058823529411765	VVVDDGST:0.7058823529411765	DDGSTDGS:0.6470588235294118	LGPEALER:0.23529411764705882	GPEALERM:0.23529411764705882	ELVVVDDG:0.29411764705882354	SGGAGRPR:0.23529411764705882	PPARFRIE:0.23529411764705882	LELDLGGP:0.23529411764705882	VFFCDADD:0.23529411764705882	DHLLRRHF:0.23529411764705882	LGGPPARF:0.23529411764705882	LDLGGPPA:0.23529411764705882	LRDHLLRR:0.23529411764705882	GRYVFFCD:0.23529411764705882	ELDLGGPP:0.23529411764705882	GGAGRPRN:0.23529411764705882	DVSVVIPV:0.23529411764705882	DLGGPPAR:0.23529411764705882	GPPARFRI:0.23529411764705882	GTWDAYLE:0.23529411764705882	LVVVDDGS:0.35294117647058826	TWDAYLEL:0.23529411764705882	YVFFCDAD:0.23529411764705882	SVVIPVHN:0.23529411764705882	VSVVIPVH:0.23529411764705882	RDHLLRRH:0.23529411764705882	GGPPARFR:0.23529411764705882	YLELDLGG:0.23529411764705882	AGRPRNVG:0.23529411764705882	WDAYLELD:0.23529411764705882	RYVFFCDA:0.23529411764705882	DAYLELDL:0.23529411764705882	DGSTDGSG:0.23529411764705882	AYLELDLG:0.23529411764705882	GAGRPRNV:0.23529411764705882	HLLRRHFR:0.23529411764705882	
