cluster number:548
GT2:35	GT2:35
VFYSKEDP:0.5142857142857142	MSIQALVA:0.2	YITYLDPD:0.37142857142857144	GGSGSASR:0.45714285714285713	ITYLDPDN:0.37142857142857144	SGSASRPR:0.9142857142857143	GSGSASRP:0.8571428571428571	TYLDPDNE:0.6285714285714286	YLDPDNEA:0.5714285714285714	GSASRPRN:0.9142857142857143	TGGSGSAS:0.22857142857142856	PYITYLDP:0.2857142857142857	LDPDNEAI:0.37142857142857144	ESGSGSAS:0.2	NNGRYLED:0.2	AVSGSVTN:0.2857142857142857	VSGSVTNS:0.2571428571428571	YSVGVNNQ:0.2571428571428571	RAQSIQAL:0.2857142857142857	SKEDPVNF:0.2857142857142857	YYAAVSGS:0.3142857142857143	EIIFVDDG:0.2	NNIKMVEG:0.2	STPYITYL:0.2	IHMYYAAV:0.3142857142857143	ASRPRNKG:0.8285714285714286	DGSTDEET:0.2	SGSVTNSI:0.2571428571428571	GVNPHYHN:0.2	KMVEGAAG:0.2	GNLIISNY:0.22857142857142856	CDYIFTTA:0.2	SKKLFDKY:0.2571428571428571	ELQAFGNL:0.3142857142857143	MVEGAAGQ:0.2	MVIGNIIK:0.2	IVPIHNNG:0.2	LRAQSIQA:0.2857142857142857	IFVDDGST:0.2	YSETMFAN:0.2857142857142857	FYSKEDPV:0.5142857142857142	AAVSGSVT:0.2857142857142857	ISKKLFDK:0.2571428571428571	NSISKKLF:0.2571428571428571	GNIIKEDN:0.2571428571428571	SVKYSETM:0.2857142857142857	AFGNLIIS:0.2	EDPVNFHL:0.2571428571428571	KYSETMFA:0.2857142857142857	IIFVDDGS:0.2	VEGAAGQD:0.2	GIIADEFL:0.34285714285714286	DKCMRSLR:0.2571428571428571	SVTNSISK:0.2571428571428571	ETMFANRV:0.2	SRPRNKGV:0.34285714285714286	VIVPIHNN:0.2	FELQAFGN:0.2571428571428571	YHNPIGTR:0.2857142857142857	IGNIIKED:0.2	VTNSISKK:0.2571428571428571	FVDDGSTD:0.2	MYYAAVSG:0.2857142857142857	YAAVSGSV:0.2857142857142857	KKLFDKYY:0.2571428571428571	YLEDKCMR:0.2571428571428571	KEDPVNFH:0.2571428571428571	VGVNNQFP:0.2571428571428571	NGRYLEDK:0.2	HMYYAAVS:0.2857142857142857	TNSISKKL:0.2571428571428571	NSVKYSET:0.2857142857142857	EDKCMRSL:0.2571428571428571	GSVTNSIS:0.2571428571428571	SVGVNNQF:0.2571428571428571	IGIIADEF:0.3142857142857143	KCMRSLRR:0.2571428571428571	LEDKCMRS:0.2571428571428571	FGNLIISN:0.2	GLRAQSIQ:0.2857142857142857	EGAAGQDT:0.3142857142857143	DMVIGNII:0.2	SNYSVGVN:0.2857142857142857	NVNSVKYS:0.3142857142857143	IIADEFLF:0.22857142857142856	SISKKLFD:0.2571428571428571	VIFAGSWT:0.2571428571428571	MRSLRRSS:0.2571428571428571	GRYLEDKC:0.2	NIKMVEGA:0.2	GVNNQFPN:0.2571428571428571	SGSGSASR:0.2	NLIISNYS:0.22857142857142856	PRNKGVEL:0.3142857142857143	FGVNPHYH:0.2	FESGSGSA:0.2	VNPHYHNP:0.2	ASTPYITY:0.2	VKYSETMF:0.2857142857142857	NYSVGVNN:0.2857142857142857	ELASTPYI:0.2	RNKGVELA:0.3142857142857143	VIGNIIKE:0.2	TPYITYLD:0.2	RPRNKGVE:0.34285714285714286	CMRSLRRS:0.2571428571428571	LQAFGNLI:0.2857142857142857	SVIVPIHN:0.2	QAFGNLII:0.2	LASTPYIT:0.2	YSKEDPVN:0.5428571428571428	VNSVKYSE:0.2571428571428571	SASRPRNK:0.8285714285714286	SETMFANR:0.2857142857142857	YGEYYLED:0.2	LVDDGSTD:0.3142857142857143	SKEDPVNY:0.2571428571428571	VTYLDPDN:0.2571428571428571	TMFANRVY:0.22857142857142856	SRPRNKGL:0.22857142857142856	FANRVYEL:0.22857142857142856	MFANRVYE:0.22857142857142856	NRVYELQA:0.22857142857142856	ANRVYELQ:0.22857142857142856	PRNKGLEL:0.2	RPRNKGLE:0.2	GNLILSNY:0.2	NLILSNYS:0.2	IILVDDGS:0.2	EIILVDDG:0.2	TFLDPDNE:0.22857142857142856	
