cluster number:2380
GT2:28	GT2:28|GT4:3
ILVLDADE:0.32142857142857145	VDNGSSDG:0.21428571428571427	WILVLDAD:0.32142857142857145	NFEDDDFC:0.21428571428571427	LCMIVKDE:0.21428571428571427	ILVDNGSS:0.21428571428571427	GNFEDDDF:0.21428571428571427	VVDTGSSD:0.2857142857142857	VILVDNGS:0.2857142857142857	DNGSTDGT:0.21428571428571427	
