cluster number:1138
GT2:12	GT2:12
QRPIHIFG:0.3333333333333333	LHRFIPVL:0.5	LYGELHRF:0.4166666666666667	FNKNYGQT:0.3333333333333333	TSKYGLNR:0.25	EDWDVVAG:0.25	DDGSTDQT:0.25	FVLRKLPS:0.3333333333333333	GEDIWGRP:0.3333333333333333	QTTALAAG:0.25	KHHPRIHG:0.3333333333333333	IAQNMGLY:0.3333333333333333	YELILVDD:0.4166666666666667	NMGLYGEL:0.3333333333333333	HRFIPVLA:0.5	AKQEGARM:0.25	TALAAGID:0.25	IPVLAKQE:0.3333333333333333	AQNMGLYG:0.3333333333333333	TTALAAGI:0.25	VKHHPRIH:0.3333333333333333	TGIVAEII:0.3333333333333333	FIPVLAKQ:0.3333333333333333	GFVLRKLP:0.3333333333333333	ELHRFIPV:0.5	GELHRFIP:0.5833333333333334	LILMLFFQ:0.3333333333333333	VDDGSTDQ:0.25	IVRTYFES:0.25	QLITTGIV:0.3333333333333333	EIIVRTYF:0.25	GLYGELHR:0.3333333333333333	LQNDPSDI:0.4166666666666667	ITTGIVAE:0.3333333333333333	TMDGDLQN:0.4166666666666667	MGLYGELH:0.3333333333333333	ELILVDDG:0.5	ADLILMLF:0.3333333333333333	IVAEIIVR:0.3333333333333333	SKYGLNRT:0.25	GIVAEIIV:0.3333333333333333	DIWGRPIL:0.3333333333333333	DGDLQNDP:0.5	PVLAKQEG:0.3333333333333333	ILMLFFQK:0.3333333333333333	LVDDGSTD:0.75	IIVRTYFE:0.25	EDIWGRPI:0.3333333333333333	IWGRPILL:0.3333333333333333	WGRPILLV:0.3333333333333333	GRPILLVG:0.3333333333333333	ILVDDGST:0.6666666666666666	LMLFFQKY:0.3333333333333333	LAKQEGAR:0.25	EGARMTEV:0.25	IVTMDGDL:0.4166666666666667	KQEGARMT:0.25	MDGDLQND:0.4166666666666667	VLAKQEGA:0.3333333333333333	VAEIIVRT:0.3333333333333333	KNYGQTTA:0.3333333333333333	NDPSDIPM:0.3333333333333333	LITTGIVA:0.3333333333333333	AEIIVRTY:0.3333333333333333	VLRKLPSK:0.3333333333333333	GQTTALAA:0.25	DLILMLFF:0.3333333333333333	YIVTMDGD:0.3333333333333333	DGFVLRKL:0.3333333333333333	VTMDGDLQ:0.4166666666666667	YGELHRFI:0.5833333333333334	QNDPSDIP:0.3333333333333333	DLQNDPSD:0.4166666666666667	QEGARMTE:0.25	YGQTTALA:0.3333333333333333	GTSKYGLN:0.25	RFIPVLAK:0.3333333333333333	LILVDDGS:0.5	GDLQNDPS:0.4166666666666667	NKNYGQTT:0.3333333333333333	TTGIVAEI:0.3333333333333333	NYGQTTAL:0.3333333333333333	QNMGLYGE:0.3333333333333333	VRTYFESQ:0.25	
