cluster number:496
GT2:12	GT2:12
RLVLLHDD:0.6666666666666666	SRETALSI:0.4166666666666667	PTCNRPAL:0.25	EVGEACDF:0.25	DFGLRLSV:0.25	ISICIPTC:0.5833333333333334	RDRLRARF:0.4166666666666667	APRAASAY:0.5	VSVSRETA:0.4166666666666667	VSRETALS:0.4166666666666667	THALPAMH:0.5	LVLLHDDD:0.6666666666666666	AAFGKQRV:0.5	CIPTCNRP:0.5	ALSISTHA:0.4166666666666667	PALLEQAI:0.25	DDGTPRPD:0.3333333333333333	ALAGIDQM:0.5	SAYARAGE:0.5	GIDQMFPN:0.5	VPALAGID:0.4166666666666667	HYPMRDRL:0.25	DQMFPNNG:0.5	GEACDFDF:0.5	IDQMFPNN:0.5	LAGIDQMF:0.5	ASAYARAG:0.5	TYGEFEIV:0.3333333333333333	FPNNGYLV:0.5	HALPAMHA:0.5	RNVPRLGQ:0.3333333333333333	TALSISTH:0.4166666666666667	RYERNVPR:0.3333333333333333	FVDEFVSV:0.25	NRPALLEQ:0.25	DGTPRPDA:0.3333333333333333	LSISTHAL:0.4166666666666667	SVSRETAL:0.4166666666666667	AAWRVLLS:0.4166666666666667	AGIDQMFP:0.5	VPAAARAA:0.25	NVNRLFAR:0.5	MFPNNGYL:0.5	NVPRLGQA:0.3333333333333333	LLHDDDLL:0.5833333333333334	PAAARAAR:0.25	RRVAPRAA:0.5	ALRRVAPR:0.5	MRDRLRAR:0.25	LHDDDLLE:0.4166666666666667	FVSVSRET:0.4166666666666667	AASAYARA:0.5	EFVSVSRE:0.4166666666666667	CFVDEFVS:0.3333333333333333	YGEFEIVI:0.3333333333333333	MHAFAQLR:0.25	VDEFVSVS:0.25	EFEIVIGD:0.3333333333333333	YPMRDRLR:0.25	LISICIPT:0.75	ICIPTCNR:0.5	FARARGAR:0.3333333333333333	AICFVDEF:0.25	ARARGARL:0.3333333333333333	FGKQRVIA:0.5	VIADDGTP:0.4166666666666667	CDFDFGLR:0.5833333333333334	STHALPAM:0.5	TCNRPALL:0.25	DFDFGLRL:0.5833333333333334	AARRIGYR:0.25	QMFPNNGY:0.5	ARLVLLHD:0.5	AFGKQRVI:0.5	DEFVSVSR:0.4166666666666667	PAMHAFAQ:0.5	PALAGIDQ:0.5	KQRVIADD:0.5	LIRYERNV:0.25	AEVGEACD:0.25	VAPRAASA:0.5	NRLFARAR:0.3333333333333333	LAARRIGY:0.25	CNRPALLE:0.25	ISTHALPA:0.5	ICFVDEFV:0.25	YERNVPRL:0.3333333333333333	PRAASAYA:0.5	EIVIGDDS:0.6666666666666666	IADDGTPR:0.4166666666666667	IRYERNVP:0.3333333333333333	SICIPTCN:0.5833333333333334	HDDDLLEP:0.4166666666666667	EACDFDFG:0.5	TLAARRIG:0.25	LRRVAPRA:0.5	RVAPRAAS:0.5	FEIVIGDD:0.6666666666666666	ERNVPRLG:0.3333333333333333	LNRDYRRV:0.25	LFARARGA:0.3333333333333333	RARGARLV:0.3333333333333333	LTAAFGKQ:0.5	ETALSIST:0.4166666666666667	GARLVLLH:0.5	VLLHDDDL:0.5833333333333334	FDFGLRLS:0.25	AMHAFAQL:0.5	ACDFDFGL:0.5833333333333334	QRVIADDG:0.5	LPAMHAFA:0.5	GKQRVIAD:0.5	ADDGTPRP:0.4166666666666667	GEFEIVIG:0.3333333333333333	RPALLEQA:0.25	AQTYGEFE:0.3333333333333333	ARGARLVL:0.3333333333333333	PMRDRLRA:0.25	TAAFGKQR:0.3333333333333333	RETALSIS:0.4166666666666667	ALPAMHAF:0.5	RGARLVLL:0.3333333333333333	RAASAYAR:0.5	VNRLFARA:0.5	QTYGEFEI:0.3333333333333333	RLNRDYRR:0.25	SISTHALP:0.5	RVIADDGT:0.4166666666666667	VGEACDFD:0.5	RLFARARG:0.3333333333333333	AYARAGEA:0.25	RLAVPALA:0.25	DFEIVIGD:0.25	LLSKHYAL:0.25	PRLGQASN:0.3333333333333333	QLCESDVP:0.25	LYHVLLAT:0.25	RLGQASNV:0.3333333333333333	VPRLGQAS:0.25	SNVNRLFA:0.3333333333333333	AQLISICI:0.25	CWQAHPDL:0.25	HYALRDRL:0.25	AVPALAGI:0.25	RSCEAQTY:0.25	RFLYHVLL:0.3333333333333333	NAQLISIC:0.25	RIGYRLAA:0.25	NNGYLVDT:0.3333333333333333	ACWQAHPD:0.25	AQVGEACD:0.25	AGRLAVPA:0.25	RVLLSKHY:0.4166666666666667	ASNVNRLF:0.3333333333333333	LSKHYALR:0.25	TARLNRDY:0.25	LLATRSTL:0.25	IGYRLAAQ:0.25	RVPERAGR:0.3333333333333333	ARRIGYRL:0.25	LAAQVGEA:0.25	DFGLRLCV:0.25	IGDDSSDD:0.25	NGYLVDTL:0.25	VPERAGRL:0.3333333333333333	LGQASNVN:0.3333333333333333	ATARLNRD:0.25	DATARLNR:0.25	YRLAAQVG:0.25	PNNGYLVD:0.3333333333333333	YHVLLATR:0.25	AQLCESDV:0.25	HVLLATRS:0.25	QASNVNRL:0.3333333333333333	IVIGDDSS:0.4166666666666667	RRIGYRLA:0.25	PERAGRLA:0.25	AWRVLLSK:0.4166666666666667	GYRLAAQV:0.25	QLISICIP:0.25	KHYALRDR:0.25	FAQLCESD:0.25	AFAQLCES:0.25	ARFLYHVL:0.3333333333333333	SKHYALRD:0.25	RLAAQVGE:0.25	MHAFAQLC:0.25	FDFGLRLC:0.25	HAFAQLCE:0.25	QVGEACDF:0.25	LNAQLISI:0.25	GQASNVNR:0.3333333333333333	GRLAVPAL:0.25	ERAGRLAV:0.25	VIGDDSSD:0.3333333333333333	FLYHVLLA:0.3333333333333333	AAQVGEAC:0.25	RAGRLAVP:0.25	VLLSKHYA:0.25	VLLATRST:0.25	LAVPALAG:0.25	WRVLLSKH:0.4166666666666667	DLTAAFGK:0.25	PDLTAAFG:0.25	RARFLYHV:0.25	DRLRARFL:0.25	LRARFLYH:0.25	RLRARFLY:0.25	DALRRVAP:0.25	
