cluster number:740
GT2:18	GT2:18
ARMDADDI:1.0	IARMDADD:1.0	FIARMDAD:0.6111111111111112	CPFVHPTV:0.2222222222222222	NQTYSNFV:0.2222222222222222	KGLAYALN:0.2222222222222222	MDADDISL:0.5	VHPTVMFK:0.2222222222222222	NFVFFIYA:0.2222222222222222	VFFIYADG:0.2222222222222222	TYSNFVFF:0.2222222222222222	KKCPFVHP:0.2222222222222222	FKKCPFVH:0.2222222222222222	DFIARMDA:0.3333333333333333	FVHPTVMF:0.2222222222222222	INQTYSNF:0.2222222222222222	RMDADDIS:0.7777777777777778	FVFFIYAD:0.2222222222222222	AYALNKLI:0.2222222222222222	LCQEFGGE:0.2222222222222222	ANIDSVLL:0.2222222222222222	YSNFVFFI:0.2222222222222222	GLAYALNK:0.2222222222222222	EFGGESAR:0.2222222222222222	PFVHPTVM:0.2222222222222222	VVGGLCQE:0.2222222222222222	QTYSNFVF:0.2222222222222222	FANIDSVL:0.2222222222222222	QEFGGESA:0.2222222222222222	CQEFGGES:0.2222222222222222	VGGLCQEF:0.2222222222222222	GGLCQEFG:0.2222222222222222	SIINQTYS:0.2222222222222222	DVVGGLCQ:0.2222222222222222	LAYALNKL:0.2222222222222222	KCPFVHPT:0.2222222222222222	IINQTYSN:0.2222222222222222	SNFVFFIY:0.2222222222222222	NKGLAYAL:0.2222222222222222	GLCQEFGG:0.2222222222222222	DADDISLP:0.2222222222222222	YIARMDAD:0.3888888888888889	
