cluster number:1238
GT2:66	GT2:66
LDVDCIPG:0.22727272727272727	LPLARARN:0.25757575757575757	YGGEDTDF:0.7272727272727273	FWSLSFAV:0.5909090909090909	SDPPVEHL:0.21212121212121213	LLCGPVTY:0.3333333333333333	GEDTDFAQ:0.24242424242424243	VTYLPPPG:0.21212121212121213	FLDVDCIP:0.5	RGYGGEDT:0.25757575757575757	VSDPPVEH:0.22727272727272727	PHPARPAP:0.25757575757575757	GGEDTDFA:0.6212121212121212	YRGYGGED:0.24242424242424243	PVTYLPPP:0.24242424242424243	LFWSLSFA:0.8484848484848485	CGPVTYLP:0.3484848484848485	HPVSDPPV:0.21212121212121213	GPVTYLPP:0.3181818181818182	GYGGEDTD:0.803030303030303	LCGPVTYL:0.42424242424242425	GAHAFHQH:0.21212121212121213	GGAHAFHQ:0.2727272727272727	VGGAHAFH:0.2727272727272727	AHAFHQHH:0.21212121212121213	WVGGAHAF:0.2727272727272727	HLDDILRN:0.2878787878787879	LLVFLDVD:0.48484848484848486	LVFLDVDC:0.6060606060606061	ELLVFLDV:0.25757575757575757	RWVGGAHA:0.25757575757575757	AELLVFLD:0.25757575757575757	VFLDVDCI:0.4090909090909091	PPVEHLDD:0.21212121212121213	PVEHLDDI:0.21212121212121213	DLFWSLSF:0.30303030303030304	WSLSFAVT:0.2727272727272727	
