cluster number:2488
GT2:30	GT2:30
IASGDDIF:0.23333333333333334	NSPKKDAI:0.6666666666666666	SNSPKKDA:0.5666666666666667	RVSNSPKK:0.26666666666666666	IITTDADC:0.26666666666666666	VSNSPKKD:0.23333333333333334	FEVILVDD:0.36666666666666664	FSIIVPFR:0.26666666666666666	TKFSIIVP:0.2	WIVTTDAD:0.2	KFSIIVPF:0.2	SIIVPFRN:0.26666666666666666	IVTTDADC:0.2	IIVPFRNE:0.26666666666666666	DDVFLLQK:0.4666666666666667	VFLLQKAI:0.2	RVRWASKT:0.43333333333333335	DVFLLQKA:0.3	PFLCNGAN:0.23333333333333334	IVVPFRNE:0.2	SIVVPFRN:0.2	FSIVVPFR:0.2	VRWASKTG:0.3333333333333333	QRVRWASK:0.5333333333333333	GDDVFLLQ:0.4666666666666667	NYPKDLFE:0.2	VSVLLMNL:0.2	VITTDADC:0.26666666666666666	LQGTTIGS:0.3333333333333333	YPKDLFEV:0.2	NGANFCYQ:0.23333333333333334	WVITTDAD:0.26666666666666666	ASGDDVFL:0.5333333333333333	CNGANFCY:0.23333333333333334	LSLQGTTI:0.3	SGDDVFLL:0.6333333333333333	FNQRVRWA:0.23333333333333334	RWASKTGN:0.3	KDAINTAI:0.2	TIASGDDV:0.2	TTIGSFGN:0.26666666666666666	PKKDAINT:0.2	WASKTGNY:0.23333333333333334	GVSVLLMN:0.2	SPKKDAIN:0.36666666666666664	LNYPKDLF:0.2	GANFCYQK:0.23333333333333334	PKDLFEVI:0.2	VILVDDDS:0.26666666666666666	QGTTIGSF:0.3333333333333333	NQRVRWAS:0.43333333333333335	SLQGTTIG:0.3333333333333333	GTTIGSFG:0.36666666666666664	EVILVDDD:0.26666666666666666	LFEVILVD:0.3333333333333333	IASGDDVF:0.4666666666666667	KKDAINTA:0.2	QAFMCNGA:0.26666666666666666	CNGANLCY:0.2	AFMCNGAN:0.3	LDLLSLQG:0.2	FMCNGANL:0.26666666666666666	FMCNGANF:0.2	
