cluster number:2024
GT2:18	GT2:18
PEPHDPWI:0.2777777777777778	CCQEHELY:0.3888888888888889	WILLARWY:0.3333333333333333	QYLDADDY:0.3888888888888889	VVDDGSTD:0.5555555555555556	TGEWLQYL:0.3333333333333333	PIPEPHDP:0.2222222222222222	DADDYLLP:0.4444444444444444	STVCKRDK:0.2222222222222222	QPCCQEHE:0.4444444444444444	LDADDYLL:0.5	QEHELYLR:0.4444444444444444	LLELSTGE:0.3333333333333333	HDPWILLA:0.4444444444444444	LSTGEWLQ:0.2777777777777778	IPEPHDPW:0.2777777777777778	GEWLQYLD:0.4444444444444444	WLQYLDAD:0.3888888888888889	LLARWYLP:0.3888888888888889	LPIPEPHD:0.2222222222222222	PCCQEHEL:0.4444444444444444	YLPQTGSP:0.2222222222222222	CQEHELYL:0.4444444444444444	KVSILIPC:0.4444444444444444	LYLRLLIA:0.2777777777777778	EPHDPWIL:0.3333333333333333	WYLPQTGS:0.2222222222222222	DGSTDGSL:0.2777777777777778	ELYLRLLI:0.2777777777777778	ARWYLPQT:0.3333333333333333	YSPSIFEY:0.2222222222222222	EWLQYLDA:0.3888888888888889	YLRLLIAG:0.2222222222222222	PWILLARW:0.3888888888888889	RWYLPQTG:0.2222222222222222	ILLARWYL:0.3333333333333333	ELSTGEWL:0.2222222222222222	VSILIPCY:0.5	NAINQTRF:0.2777777777777778	EHELYLRL:0.4444444444444444	LQYLDADD:0.3333333333333333	ESALNQTY:0.2222222222222222	VCKRDKSE:0.2222222222222222	VDDGSTDG:0.2777777777777778	LRLLIAGK:0.2222222222222222	ILIPCYNA:0.5	CKRDKSET:0.2222222222222222	ESTVCKRD:0.2222222222222222	SILIPCYN:0.5	AINQTRFE:0.2777777777777778	PHDPWILL:0.4444444444444444	LIPCYNAE:0.4444444444444444	YLDADDYL:0.3888888888888889	DDGSTDGS:0.2777777777777778	DQPCCQEH:0.3333333333333333	HELYLRLL:0.4444444444444444	LELSTGEW:0.3333333333333333	TVCKRDKS:0.2222222222222222	LARWYLPQ:0.3333333333333333	IVVDDGST:0.5555555555555556	IESALNQT:0.2222222222222222	DPWILLAR:0.3888888888888889	STGEWLQY:0.3333333333333333	EVIVVDDG:0.6666666666666666	PLWRKQAI:0.2222222222222222	NKEVIVVD:0.2777777777777778	RLLELSTG:0.2777777777777778	SPLWRKQA:0.2222222222222222	KEVIVVDD:0.3888888888888889	ADDYLLPD:0.2222222222222222	RNRLLELS:0.2777777777777778	AQAIESAL:0.2222222222222222	DDYLLPDK:0.2777777777777778	IAQAIESA:0.2222222222222222	VIVVDDGS:0.6666666666666666	NRLLELST:0.2777777777777778	PKVSILIP:0.2777777777777778	QTGSPLWR:0.2222222222222222	GSVYRQWS:0.2222222222222222	LPQTGSPL:0.2777777777777778	IVVDDGSI:0.2222222222222222	PQTGSPLW:0.2777777777777778	YRQWSEST:0.2222222222222222	VVDDGSID:0.2222222222222222	VYRQWSES:0.2222222222222222	SVYRQWSE:0.2777777777777778	
