cluster number:196
GT2:26	GT2:26
KLIVQIPC:0.5769230769230769	IVNTDGDN:0.4230769230769231	EKTRESRL:0.34615384615384615	ILIIDDGS:0.38461538461538464	DIIVNTDG:0.4230769230769231	IVQIPCFN:0.2692307692307692	VQIPCFNE:0.2692307692307692	MKLIVQIP:0.5769230769230769	KTRESRLF:0.38461538461538464	EILIIDDG:0.38461538461538464	LIIDDGST:0.5384615384615384	NEKTRESR:0.34615384615384615	ADIIVNTD:0.4230769230769231	LIVQIPCF:0.2692307692307692	NTDGDNQY:0.46153846153846156	IIVNTDGD:0.4230769230769231	DAVSGFRA:0.5769230769230769	TNEKTRES:0.34615384615384615	VNTDGDNQ:0.46153846153846156	VEILIIDD:0.23076923076923078	IIDDGSTD:0.6923076923076923	STLVRVYT:0.3076923076923077	GVIPIMRF:0.3076923076923077	EKVLHRIE:0.3076923076923077	CGVIPIMR:0.3076923076923077	LHRIEVLE:0.3076923076923077	IDDGSTDG:0.5769230769230769	YTIEMLIQ:0.3076923076923077	FSYTIEML:0.34615384615384615	LQVFLFIG:0.3076923076923077	GSTDGTSE:0.2692307692307692	FITLLMGL:0.3076923076923077	TRESRLFK:0.3076923076923077	MLIQASAK:0.3076923076923077	LTEKVLHR:0.3076923076923077	ILGFITLL:0.3076923076923077	HADIIVNT:0.3076923076923077	SDFSYTIE:0.3076923076923077	LGFITLLM:0.3076923076923077	AVSGFRAI:0.4230769230769231	RTNEKTRE:0.3076923076923077	RAISRSAA:0.34615384615384615	ESRLFKSI:0.38461538461538464	EVLEEKLE:0.2692307692307692	KLTEKVLH:0.3076923076923077	LMGLVADL:0.3076923076923077	IVSDFSYT:0.3076923076923077	RKLTEKVL:0.3076923076923077	IEMLIQAS:0.3076923076923077	DDGSTDGT:0.6153846153846154	VVGDRGGY:0.3076923076923077	GFNRKLTE:0.3076923076923077	GFITLLMG:0.3076923076923077	SRLFKSIP:0.38461538461538464	TIEMLIQA:0.3076923076923077	LILGFITL:0.3076923076923077	VGDRGGYS:0.3076923076923077	IEVLEEKL:0.2692307692307692	RIEVLEEK:0.2692307692307692	VLGSTLLI:0.3076923076923077	LVLGSTLL:0.3076923076923077	FKSIPQFL:0.38461538461538464	IRTNEKTR:0.3076923076923077	VVSVPIRT:0.2692307692307692	EMLIQASA:0.3076923076923077	TLVRVYTM:0.3076923076923077	YRPLQVFL:0.3076923076923077	RESRLFKS:0.38461538461538464	TLLILGFI:0.3076923076923077	RPLQVFLF:0.3076923076923077	NIVSDFSY:0.3076923076923077	VIPIMRFL:0.3076923076923077	STLLILGF:0.3076923076923077	KSIPQFLK:0.3076923076923077	PIMRFLYF:0.3076923076923077	VADLIGFN:0.3076923076923077	DGSTDGTS:0.2692307692307692	TDGDNQYN:0.3076923076923077	IPQFLKMS:0.3076923076923077	NRKLTEKV:0.3076923076923077	MYRPLQVF:0.3076923076923077	SYTIEMLI:0.3076923076923077	LLILGFIT:0.3076923076923077	LVADLIGF:0.3076923076923077	ITLLMGLV:0.3076923076923077	VSVPIRTN:0.2692307692307692	LGSTLLIL:0.3076923076923077	DFSYTIEM:0.3076923076923077	SIPQFLKM:0.3076923076923077	RVYTMYRP:0.3076923076923077	DGDNQYNG:0.3076923076923077	VSDFSYTI:0.3076923076923077	IGFNRKLT:0.3076923076923077	AEIVVGDR:0.3076923076923077	IPIMRFLY:0.3076923076923077	TEKVLHRI:0.3076923076923077	AISRSAAQ:0.3076923076923077	ADLIGFNR:0.34615384615384615	RLFKSIPQ:0.38461538461538464	SLVLGSTL:0.3076923076923077	YTMYRPLQ:0.3076923076923077	GSTLLILG:0.3076923076923077	TLLMGLVA:0.3076923076923077	EIVVGDRG:0.3076923076923077	GLVADLIG:0.3076923076923077	PLQVFLFI:0.3076923076923077	LVRVYTMY:0.3076923076923077	LIQASAKR:0.3076923076923077	VPIRTNEK:0.2692307692307692	HRIEVLEE:0.3076923076923077	VRVYTMYR:0.3076923076923077	VYTMYRPL:0.3076923076923077	KVLHRIEV:0.3076923076923077	LFKSIPQF:0.38461538461538464	SGFRAISR:0.4230769230769231	LLMGLVAD:0.3076923076923077	GDRGGYSN:0.3076923076923077	QSLVLGST:0.3076923076923077	IVVGDRGG:0.3076923076923077	FNRKLTEK:0.34615384615384615	ISRSAAQQ:0.3076923076923077	IMRFLYFF:0.3076923076923077	VSGFRAIS:0.4230769230769231	PIRTNEKT:0.2692307692307692	VLHRIEVL:0.3076923076923077	QIPCFNEA:0.23076923076923078	TMYRPLQV:0.3076923076923077	FRAISRSA:0.34615384615384615	DLIGFNRK:0.34615384615384615	LIGFNRKL:0.34615384615384615	GFRAISRS:0.34615384615384615	MGLVADLI:0.3076923076923077	SVPIRTNE:0.2692307692307692	LIVQIPCY:0.3076923076923077	IVQIPCYN:0.3076923076923077	VQIPCYNE:0.3076923076923077	DGSTDGTA:0.23076923076923078	GSTDGTAE:0.23076923076923078	
