cluster number:1875
GT2:90	GT2:90
LRRTIIGC:0.25555555555555554	PEEEVFYR:0.2111111111111111	DILIPTYN:0.32222222222222224	FLTRTVGF:0.4888888888888889	AKAGNLNH:0.4222222222222222	TRTVGFFQ:0.45555555555555555	WRSLSTLN:0.24444444444444444	EKLSAGLA:0.36666666666666664	QRLAHLEG:0.32222222222222224	FDADFIPT:0.25555555555555554	DNRHAKAG:0.2111111111111111	HAKAGNLN:0.5333333333333333	LTRTVGFF:0.4888888888888889	RTVGFFQD:0.35555555555555557	DPIARNLG:0.2222222222222222	IARNLGLE:0.2111111111111111	PIARNLGL:0.2222222222222222	RRTIIGCQ:0.3333333333333333	RGTLQAFF:0.25555555555555554	LIAVFDAD:0.32222222222222224	ILIPTYNE:0.32222222222222224	LSAGLAAE:0.37777777777777777	KLSAGLAA:0.34444444444444444	ELIAVFDA:0.23333333333333334	WARGTLQA:0.23333333333333334	LIPTYNEP:0.34444444444444444	ILRRTIIG:0.23333333333333334	NRHAKAGN:0.2111111111111111	RTIIGCQA:0.43333333333333335	TIIGCQAL:0.28888888888888886	ARGTLQAF:0.2222222222222222	GTSFVVRR:0.26666666666666666	RWARGTLQ:0.28888888888888886	NFLTRTVG:0.4777777777777778	QRLRWARG:0.2111111111111111	IAVFDADF:0.32222222222222224	VFDADFIP:0.4	KAGNLNHA:0.4444444444444444	EEEVFYRQ:0.2	GELIAVFD:0.2	VDILIPTY:0.35555555555555557	KNFLTRTV:0.2	AKAGNLNN:0.2777777777777778	KAGNLNNA:0.3	AGNLNNAL:0.25555555555555554	IYLLDDTR:0.2	LLDDTRRP:0.25555555555555554	YLLDDTRR:0.25555555555555554	SEDYFTGI:0.3	VQTPQSFY:0.35555555555555557	ALVQTPQS:0.28888888888888886	VVFDADFI:0.2111111111111111	AGNLNHAL:0.3	QTPQSFYN:0.35555555555555557	LVQTPQSF:0.32222222222222224	VFDADFVP:0.3111111111111111	LSEDYFTG:0.26666666666666666	GGFVTESL:0.2222222222222222	TESLSEDY:0.2111111111111111	FVTESLSE:0.2	LFCRPGQW:0.32222222222222224	LAHLEGLL:0.2111111111111111	SAGLAAEN:0.2777777777777778	VTESLSED:0.2	GFVTESLS:0.2	SLSEDYFT:0.28888888888888886	RWAQGTLQ:0.2	NPLTIPGL:0.23333333333333334	ESLSEDYF:0.2111111111111111	RLAHLEGL:0.2222222222222222	VDIFIPTY:0.2	GTLQAFFI:0.37777777777777777	MLFCRPGQ:0.2111111111111111	GFKVTPKG:0.3888888888888889	EMLFCRPG:0.2111111111111111	HLEGLLHW:0.23333333333333334	IVVFDADF:0.2222222222222222	FDADFVPT:0.3111111111111111	EDYFTGIR:0.2111111111111111	KGFKVTPK:0.2222222222222222	LEGLLHWF:0.23333333333333334	AGLAAENI:0.25555555555555554	LVEMLFCR:0.2	VEMLFCRP:0.2	FCRPGQWK:0.2111111111111111	YLDEKLSA:0.24444444444444444	LDEKLSAG:0.24444444444444444	DEKLSAGL:0.2222222222222222	
