cluster number:1569
GT2:28	GT2:28
RDEHGPLG:0.32142857142857145	MPRRPSPT:0.5714285714285714	KGVGCAVD:0.2857142857142857	RRDEHGPL:0.32142857142857145	PYRMHAGN:0.5357142857142857	PEKGVGCA:0.2857142857142857	YRMHAGNN:0.5357142857142857	SPTDRLFL:0.32142857142857145	RMHAGNNM:0.5357142857142857	GATLLART:0.2857142857142857	TRRLRAYG:0.35714285714285715	MHAGNNMA:0.5714285714285714	LARTDADC:0.6428571428571429	NSTRRLRA:0.35714285714285715	DADCLPRP:0.39285714285714285	RTDADCLP:0.6785714285714286	YLAPYRMH:0.25	EHGPLGRA:0.35714285714285715	ADCLPRPG:0.35714285714285715	AALFGRLR:0.21428571428571427	MVVENSTR:0.4642857142857143	DTGFRHAI:0.35714285714285715	DFTLLVVD:0.2857142857142857	ARWYLDQG:0.21428571428571427	ENSTRRLR:0.35714285714285715	AVDTGFRH:0.21428571428571427	VDTGFRHA:0.21428571428571427	GYLAPYRM:0.21428571428571427	PSPTDRLF:0.32142857142857145	DCLPRPGW:0.35714285714285715	ALFGRLRP:0.21428571428571427	RRPSPTDR:0.5714285714285714	GVGCAVDT:0.25	VENSTRRL:0.42857142857142855	AGNNMAIT:0.4642857142857143	GGMPRRPS:0.5714285714285714	ATLLARTD:0.2857142857142857	HAGNNMAI:0.4642857142857143	VVENSTRR:0.4642857142857143	PTDRLFLN:0.32142857142857145	TLLARTDA:0.2857142857142857	STRRLRAY:0.35714285714285715	HGPLGRAG:0.21428571428571427	CAVDTGFR:0.21428571428571427	ARRDEHGP:0.5	RPSPTDRL:0.32142857142857145	GNNMAITA:0.4642857142857143	LLARTDAD:0.39285714285714285	DEHGPLGR:0.35714285714285715	EKGVGCAV:0.2857142857142857	GMPRRPSP:0.5714285714285714	TARWYLDQ:0.21428571428571427	PRRPSPTD:0.5714285714285714	GPLGRAGF:0.21428571428571427	VGCAVDTG:0.21428571428571427	LLVVDNAS:0.2857142857142857	APYRMHAG:0.42857142857142855	EPEKGVGC:0.2857142857142857	TDADCLPR:0.42857142857142855	GTARWYLD:0.2857142857142857	TLLVVDNA:0.25	ARTDADCL:0.7142857142857143	CGGMPRRP:0.21428571428571427	ALAAQRDR:0.25	GCAVDTGF:0.21428571428571427	LAPYRMHA:0.2857142857142857	FTLLVVDN:0.35714285714285715	KGVGSAVD:0.21428571428571427	LWVVVPAY:0.21428571428571427	EKGVGSAV:0.21428571428571427	EPEKGVGS:0.21428571428571427	TGFRHAIA:0.2857142857142857	TARRDEHG:0.2857142857142857	GVGSAVDT:0.21428571428571427	PEKGVGSA:0.21428571428571427	APFPVHVL:0.21428571428571427	LVVVDNAS:0.25	VVDNASTD:0.42857142857142855	VVVDNAST:0.25	RRLRAYGL:0.21428571428571427	NASTDGTA:0.21428571428571427	DNASTDGT:0.21428571428571427	VDTGFRYA:0.21428571428571427	AVGGMPRR:0.25	AVDTGFRY:0.21428571428571427	DTGFRYAI:0.21428571428571427	VGGMPRRP:0.2857142857142857	PGWTAAAR:0.21428571428571427	
