cluster number:608
GT2:11	GT2:11
FGSGEETD:0.45454545454545453	DIIFHPAK:0.2727272727272727	VKSITFFV:0.45454545454545453	YVLTLLHK:0.36363636363636365	KVSLIMPT:0.45454545454545453	LTLLHKGY:0.36363636363636365	PAKKGNYD:0.2727272727272727	GSGEETDY:0.5454545454545454	EETDYVLT:0.36363636363636365	RGKDYGTG:0.2727272727272727	TLLHKGYK:0.36363636363636365	MKVSLIMP:0.45454545454545453	SLIMPTIN:0.45454545454545453	FPDDDCEY:0.5454545454545454	YSCRTLER:0.45454545454545453	LERGKDYG:0.2727272727272727	IFHPAKKG:0.36363636363636365	GALVKKEV:0.36363636363636365	SITFFVNY:0.45454545454545453	IMPTINVT:0.2727272727272727	SCRTLERG:0.5454545454545454	KSITFFVN:0.5454545454545454	RTLERGKD:0.2727272727272727	SGEETDYV:0.5454545454545454	AKKGNYDD:0.2727272727272727	GFPDDDCE:0.36363636363636365	FDENLGVG:0.2727272727272727	TDYVLTLL:0.36363636363636365	KGLSLNRN:0.36363636363636365	VLTLLHKG:0.36363636363636365	ERGKDYGT:0.2727272727272727	ETDYVLTL:0.36363636363636365	TLERGKDY:0.2727272727272727	GEETDYVL:0.5454545454545454	CRTLERGK:0.5454545454545454	VSLIMPTI:0.45454545454545453	LLHKGYKG:0.36363636363636365	FHPAKKGN:0.36363636363636365	TVKSITFF:0.45454545454545453	LIMPTINV:0.36363636363636365	IYSCRTLE:0.45454545454545453	IIFHPAKK:0.2727272727272727	LFDENLGV:0.2727272727272727	HPAKKGNY:0.5454545454545454	DYVLTLLH:0.36363636363636365	NYALGFGA:0.2727272727272727	KGYKGRYF:0.2727272727272727	YALGFGAL:0.2727272727272727	RAYNYALG:0.2727272727272727	AYNYALGF:0.2727272727272727	GYKGRYFA:0.2727272727272727	ALVKKEVK:0.2727272727272727	YNYALGFG:0.2727272727272727	EKGLSLNR:0.2727272727272727	HKGYKGRY:0.2727272727272727	LHKGYKGR:0.2727272727272727	DEQLGVGA:0.2727272727272727	QTFKDFEL:0.2727272727272727	FDEQLGVG:0.2727272727272727	IVAFPDDD:0.2727272727272727	VAFPDDDC:0.2727272727272727	
