cluster number:1470
GT2:38	GT2:38
TQSGFRAI:0.2894736842105263	RREFLPEI:0.2631578947368421	EIIKLVEP:0.23684210526315788	DADGQHKP:0.2631578947368421	ETEVLIKA:0.23684210526315788	IIKLVEPI:0.2631578947368421	RYEVETEV:0.3157894736842105	EVETEVLI:0.2894736842105263	VETEVLIK:0.2894736842105263	YEVETEVL:0.3157894736842105	ADGQHKPE:0.23684210526315788	DTQSGFRA:0.7368421052631579	EVPVSMIY:0.39473684210526316	KEVPVSMI:0.3157894736842105	REFLPEIE:0.42105263157894735	EFLPEIES:0.39473684210526316	IIPAYNEE:0.3684210526315789	GQHRPEEI:0.21052631578947367	EVIVVDDG:0.5263157894736842	EFVDEVIV:0.21052631578947367	VIVVDDGS:0.5263157894736842	PEFVDEVI:0.21052631578947367	DEVIVVDD:0.4473684210526316	DADGQHRP:0.2631578947368421	IPAYNEEK:0.21052631578947367	ADGQHRPE:0.23684210526315788	VDEVIVVD:0.4473684210526316	FVDEVIVV:0.4473684210526316	DGQHRPEE:0.21052631578947367	IVFMDADG:0.21052631578947367	VFMDADGQ:0.5526315789473685	DFVDEVIV:0.23684210526315788	FMDADGQH:0.5789473684210527	PDFVDEVI:0.23684210526315788	IPDFVDEV:0.2894736842105263	ISVIIPAY:0.21052631578947367	VIIPAYNE:0.39473684210526316	VVFMDADG:0.34210526315789475	SVIIPAYN:0.2631578947368421	YEVETEML:0.42105263157894735	KRPLHRRL:0.23684210526315788	NCGKGCAM:0.39473684210526316	ETEMLIKA:0.23684210526315788	DDGSSDGT:0.23684210526315788	ESDRYEVE:0.3684210526315789	VPVSMIYD:0.23684210526315788	HRRLSNII:0.2631578947368421	EKNCGKGC:0.23684210526315788	KNCGKGCA:0.2894736842105263	LEKNCGKG:0.23684210526315788	IESDRYEV:0.3157894736842105	RRLSNIIT:0.2631578947368421	LPEIESDR:0.23684210526315788	VETEMLIK:0.23684210526315788	SNIITTRL:0.2631578947368421	NIITTRLI:0.23684210526315788	GKGCAMRE:0.34210526315789475	TTRLIRLK:0.2894736842105263	EVETEMLI:0.23684210526315788	GARIKEVP:0.2631578947368421	GKRPLHRR:0.2631578947368421	PVSMIYDP:0.23684210526315788	VIGARKVE:0.21052631578947367	YVYDTQSG:0.3684210526315789	RYEVETEM:0.3684210526315789	TQSGFRAF:0.21052631578947367	RLSNIITT:0.2631578947368421	VVDDGSSD:0.3157894736842105	KGCAMREG:0.34210526315789475	IKEVPVSM:0.23684210526315788	RIKEVPVS:0.23684210526315788	TRLIRLKL:0.3157894736842105	LSNIITTR:0.2631578947368421	RLIRLKLR:0.2631578947368421	SDRYEVET:0.39473684210526316	IITTRLIR:0.23684210526315788	VYDTQSGF:0.39473684210526316	PLHRRLSN:0.23684210526315788	ARIKEVPV:0.2631578947368421	RLEKNCGK:0.21052631578947367	CGKGCAMR:0.3684210526315789	EIESDRYE:0.2631578947368421	RPLHRRLS:0.23684210526315788	PEIESDRY:0.2631578947368421	VDDGSSDG:0.23684210526315788	YDTQSGFR:0.4473684210526316	LHRRLSNI:0.21052631578947367	FLPEIESD:0.23684210526315788	MDADGQHR:0.23684210526315788	ITTRLIRL:0.23684210526315788	DRYEVETE:0.42105263157894735	IVVDDGSS:0.21052631578947367	
