cluster number:258
GT2:12	GT2:12
RNWIFSLR:0.6666666666666666	WIFSLREP:0.6666666666666666	GILKRHSF:0.25	VYRNWIFS:0.5	IDIEWCYR:0.8333333333333334	AYAQNIGF:0.75	KAEWFIDS:0.75	CYRARYLG:0.75	SIDIEWCY:0.75	FSLREPHF:0.25	YYVYRNWI:0.25	VITFDQDS:0.5	EWFIDSID:0.75	YVYRNWIF:0.25	AIGLNKAE:0.25	DSIDIEWC:0.75	IDSIDIEW:0.75	GIAYAQNI:0.8333333333333334	NKAEWFID:0.75	ADFVITFD:0.3333333333333333	WCYRARYL:0.75	NWIFSLRE:0.6666666666666666	AEWFIDSI:0.75	ACIGPSVI:0.75	IFSLREPH:0.25	KIACIGPS:0.6666666666666666	DIKIACIG:0.25	YAQNIGFV:0.5	YRARYLGY:0.75	DGILKRHS:0.25	ISEQVDRV:0.25	MMPIKFII:0.3333333333333333	IACIGPSV:0.75	IISSGTLY:0.5	DIEWCYRA:0.8333333333333334	DFVITFDQ:0.3333333333333333	FDQDSSVE:0.5833333333333334	IGLNKAEW:0.25	TFDQDSSV:0.75	IKIACIGP:0.4166666666666667	CIGPSVIN:0.75	FIDSIDIE:0.75	IEWCYRAR:0.8333333333333334	FHNSVKIN:0.25	FVITFDQD:0.3333333333333333	IAYAQNIG:0.8333333333333334	ITFDQDSS:0.5833333333333334	EWCYRARY:0.75	AQNIGFVY:0.25	YRNWIFSL:0.5	YFHNSVKI:0.25	GLNKAEWF:0.25	LNKAEWFI:0.25	WFIDSIDI:0.75	RLYYVYRN:0.25	INIGSPFR:0.5	RARYLGYH:0.5833333333333334	FAAIGFNK:0.25	KSINIGSP:0.5	SSVEDGLI:0.25	LIQPNENL:0.25	SPFRLYYV:0.4166666666666667	DQDSSVED:0.25	ARYLGYHV:0.5833333333333334	KSIISSGT:0.3333333333333333	GKSINIGS:0.5	GFNKAEWF:0.5	FMLRGIKD:0.25	MRHNLGAK:0.25	VFAAIGFN:0.25	DSSVEDGL:0.25	LGIAYAQN:0.5833333333333334	LGYHVLMT:0.5833333333333334	ENLGIAYA:0.5833333333333334	NPDLDSFG:0.25	YLGYHVLM:0.5833333333333334	GSPFRLYY:0.3333333333333333	VAMRHNLG:0.25	ALIVTFNP:0.25	FSVKSIIS:0.3333333333333333	VILIQPNE:0.25	SIISSGTL:0.3333333333333333	IGSPFRLY:0.5	NTRYEKYF:0.25	QDSSVEDG:0.25	SVKSIISS:0.5833333333333334	LIVTFNPD:0.25	AIGFNKAE:0.5	SINIGSPF:0.5	PFRLYYVY:0.25	ILIQPNEN:0.25	ISSGTLYN:0.3333333333333333	QPNENLGI:0.25	FNKAEWFI:0.5	MKKHSFLK:0.3333333333333333	AMRHNLGA:0.25	IGFNKAEW:0.5	NLGIAYAQ:0.5833333333333334	LYYVYRNW:0.25	VTFNPDLD:0.25	IVTFNPDL:0.25	RYLGYHVL:0.5833333333333334	IQPNENLG:0.25	TFNPDLDS:0.25	PNENLGIA:0.25	NIGSPFRL:0.5	FNPDLDSF:0.25	IGPSVINE:0.5833333333333334	AAIGFNKA:0.25	FRLYYVYR:0.25	VKSIISSG:0.5833333333333334	MLRGIKDG:0.25	GYHVLMTT:0.5833333333333334	NENLGIAY:0.25	RHNLGAKD:0.25	GPSVINER:0.5833333333333334	HVLMTTKV:0.25	KIFALIVT:0.25	LYFVYRNW:0.3333333333333333	FVYRNWIF:0.25	SVINERNN:0.5	NERNNTRY:0.25	RLYFVYRN:0.3333333333333333	IFSTVSPR:0.25	YHVLMTTK:0.25	VINERNNT:0.25	SPFRLYFV:0.3333333333333333	PFRLYFVY:0.3333333333333333	SLREPQFE:0.3333333333333333	FSLREPQF:0.5	IFSLREPQ:0.4166666666666667	GSPFRLYF:0.25	YFVYRNWI:0.25	FRLYFVYR:0.3333333333333333	HNLGAKDM:0.25	VIIVDNSN:0.25	LKIFALIV:0.25	SSGTLYNV:0.25	PSVINERN:0.5	INERNNTR:0.25	KSIISSGS:0.25	SIISSGSL:0.25	LIQPKENL:0.25	IQPKENLG:0.25	DVFSAIGF:0.25	FSAIGFNK:0.25	KENLGIAY:0.25	EKYFKNST:0.25	PKENLGIA:0.25	AMKHNLGA:0.25	QPKENLGI:0.25	VFSAIGFN:0.25	IISSGSLY:0.25	RYEKYFKN:0.25	SAIGFNKA:0.25	MLKGIKDG:0.25	YEKYFKNS:0.25	VAMKHNLG:0.25	YAQNIGFM:0.25	KGIKDGLL:0.25	SVYSVKSI:0.25	MPIKFIIF:0.25	VYSVKSII:0.25	YSVKSIIS:0.25	
