cluster number:1823
GT2:13	GT2:13
LLAPLRAG:0.23076923076923078	EEVPITYH:0.23076923076923078	NRLFDVRS:0.23076923076923078	GWRHLRFM:0.3076923076923077	SDAHSGMR:0.38461538461538464	PITYHPRV:0.23076923076923078	AYLAGFAA:0.3076923076923077	RRGYGNAY:0.3076923076923077	YGNAYLAG:0.3076923076923077	FMLLLAPR:0.23076923076923078	ASELVIAA:0.23076923076923078	GRADYVLG:0.23076923076923078	NGSTDGSA:0.23076923076923078	DGWRHLRF:0.38461538461538464	FGSFFLRL:0.23076923076923078	CVRKALAG:0.23076923076923078	GWQLVLLG:0.23076923076923078	LRFMLLLA:0.23076923076923078	HSGMRAFT:0.23076923076923078	RADYVLGS:0.23076923076923078	VVMPCLNE:0.38461538461538464	WRHLRFML:0.23076923076923078	VDNGSTDG:0.3076923076923077	LRDGWRHL:0.23076923076923078	QERRRWPL:0.23076923076923078	RSSDAHSG:0.23076923076923078	GFHRLDLH:0.23076923076923078	SVVMPCLN:0.38461538461538464	LHSLRDGW:0.23076923076923078	LFVLPGLV:0.23076923076923078	RAGRADYV:0.23076923076923078	HRLDLHFS:0.23076923076923078	PLRAGRAD:0.3076923076923077	KLHSLRDG:0.23076923076923078	VVDNGSTD:0.5384615384615384	LHRYVGNP:0.3076923076923077	MPWLHRYV:0.3076923076923077	ILPGAMPW:0.23076923076923078	MVLGAQTA:0.23076923076923078	PGAMPWLH:0.3076923076923077	HLRFMLLL:0.23076923076923078	FTLERGLA:0.3076923076923077	LRIEEVPI:0.23076923076923078	GMELASEL:0.3076923076923077	DVRSSDAH:0.23076923076923078	LGAQTAFG:0.23076923076923078	IEEVPITY:0.23076923076923078	WLHRYVGN:0.3076923076923077	RCEGMELA:0.23076923076923078	EGMELASE:0.23076923076923078	TAFGSFFL:0.23076923076923078	TAGPSGGH:0.23076923076923078	LNRLFDVR:0.23076923076923078	SSDAHSGM:0.3076923076923077	LAPLRAGR:0.23076923076923078	AQTAFGSF:0.23076923076923078	ITYHPRVG:0.23076923076923078	NAYLAGFA:0.23076923076923078	SVGVCVRK:0.23076923076923078	WQLVLLGV:0.23076923076923078	RDGWRHLR:0.3076923076923077	VLGSRFAG:0.3076923076923077	RLFDVRSS:0.23076923076923078	AGRADYVL:0.23076923076923078	DNGSTDGS:0.23076923076923078	GWQERRRW:0.23076923076923078	CEGMELAS:0.23076923076923078	LRAGRADY:0.23076923076923078	GAQTAFGS:0.23076923076923078	VVVVDNGS:0.5384615384615384	LTGILNRL:0.23076923076923078	WQERRRWP:0.23076923076923078	VLGAQTAF:0.23076923076923078	GILNRLFD:0.23076923076923078	AMPWLHRY:0.3076923076923077	SKLHSLRD:0.3076923076923077	SGMRAFTR:0.23076923076923078	ILNRLFDV:0.23076923076923078	LFDVRSSD:0.23076923076923078	VGVCVRKA:0.23076923076923078	RKALAGLA:0.23076923076923078	VRSSDAHS:0.23076923076923078	LRCEGMEL:0.23076923076923078	VRKALAGL:0.23076923076923078	SLRDGWRH:0.3076923076923077	ADYVLGSR:0.3076923076923077	AHSGMRAF:0.38461538461538464	GAMPWLHR:0.3076923076923077	FHRLDLHF:0.23076923076923078	GVCVRKAL:0.23076923076923078	VSVVMPCL:0.38461538461538464	VCVRKALA:0.23076923076923078	EVPITYHP:0.3076923076923077	ELASELVI:0.23076923076923078	FVLPGLVL:0.23076923076923078	DAHSGMRA:0.46153846153846156	GNAYLAGF:0.3076923076923077	VVVDNGST:0.46153846153846156	GEVVVVDN:0.23076923076923078	APLRAGRA:0.23076923076923078	RGYGNAYL:0.38461538461538464	MELASELV:0.3076923076923077	AFGSFFLR:0.23076923076923078	YLAGFAAA:0.3076923076923077	PWLHRYVG:0.3076923076923077	QTAFGSFF:0.23076923076923078	HSLRDGWR:0.23076923076923078	RHLRFMLL:0.23076923076923078	LPGAMPWL:0.23076923076923078	TGILNRLF:0.23076923076923078	EVVVVDNG:0.46153846153846156	LASELVIA:0.23076923076923078	YVLGSRFA:0.3076923076923077	RIEEVPIT:0.23076923076923078	GYGNAYLA:0.3076923076923077	RFMLLLAP:0.23076923076923078	DYVLGSRF:0.3076923076923077	LGWQLVLL:0.23076923076923078	VPITYHPR:0.3076923076923077	LMVLGAQT:0.23076923076923078	FDVRSSDA:0.23076923076923078	LAGFAAAR:0.23076923076923078	AGFAAARG:0.23076923076923078	
