cluster number:1861
GT2:22	GT2:22|2.4.1.-:1
QFILFRRE:0.22727272727272727	KNLFAGLG:0.4090909090909091	LLLFTDAD:0.6818181818181818	WHGKAWAC:0.5	GELLLFTD:0.4090909090909091	SKNLFAGL:0.45454545454545453	LLFTDADT:0.8181818181818182	HGKAWACQ:0.3181818181818182	ELLLFTDA:0.45454545454545453	FTDADTRH:0.22727272727272727	EDVWLCKA:0.3181818181818182	FSKNLFAG:0.5	KAWACQQL:0.3181818181818182	LVPARNEE:0.5	VWLCKAVK:0.2727272727272727	GQFILFRR:0.2727272727272727	GKAWACQQ:0.3181818181818182	GFSKNLFA:0.5454545454545454	LFTDADTR:0.22727272727272727	GWHGKAWA:0.4090909090909091	FEVIVLDD:0.2727272727272727	IVEDVWLC:0.2727272727272727	VEDVWLCK:0.4090909090909091	DVWLCKAV:0.2727272727272727	ADMLSLTP:0.3181818181818182	GQFMLFRR:0.22727272727272727	GADMLSLT:0.2727272727272727	SGADMLSL:0.2727272727272727	AWACQQLG:0.22727272727272727	ESGADMLS:0.22727272727272727	CFANGQFI:0.36363636363636365	VLVPARNE:0.45454545454545453	VSVLVPAR:0.45454545454545453	NLFAGLGY:0.2727272727272727	LVEDVWLC:0.3181818181818182	SVLVPARN:0.45454545454545453	ANGQFILF:0.22727272727272727	FANGQFIL:0.2727272727272727	
