cluster number:2622
GT2:13	GT2:13
HQENSGGP:0.23076923076923078	GISVVADY:0.23076923076923078	NDGSTDGT:0.3076923076923077	NQPRTDVF:0.23076923076923078	FLDADDYL:0.3076923076923077	VLGKMVGV:0.23076923076923078	SVVADYDC:0.38461538461538464	VVADYDCL:0.3076923076923077	ISVVADYD:0.3076923076923077	FVFFLDAD:0.38461538461538464	TELVLRER:0.3076923076923077	VNDGSTDG:0.3076923076923077	RNQPRTDV:0.23076923076923078	VFFLDADD:0.46153846153846156	FFLDADDY:0.3076923076923077	SVVIAAYN:0.23076923076923078	VVDDGSTD:0.3076923076923077	EVIVVDDG:0.3076923076923077	VSVVIAAY:0.23076923076923078	TVSVVIAA:0.23076923076923078	VVIAAYNA:0.23076923076923078	VIVVDDGS:0.3076923076923077	LEVIVVDD:0.3076923076923077	IVVDDGST:0.3076923076923077	SRVYWTLN:0.46153846153846156	AYNAMPYL:0.38461538461538464	FSSRVYWT:0.46153846153846156	RVYWTLNP:0.46153846153846156	YWTLNPMK:0.46153846153846156	IAAYNAMP:0.38461538461538464	YNAMPYLT:0.38461538461538464	WTLNPMKL:0.46153846153846156	VIIAAYNA:0.3076923076923077	SVIIAAYN:0.23076923076923078	VYWTLNPM:0.46153846153846156	VFSSRVYW:0.46153846153846156	TDVFSSRV:0.46153846153846156	DVFSSRVY:0.46153846153846156	IIAAYNAM:0.3076923076923077	SSRVYWTL:0.46153846153846156	AAYNAMPY:0.46153846153846156	GKMVGVGG:0.23076923076923078	DHLAHRHL:0.23076923076923078	PGPGRDHL:0.23076923076923078	DQLFVGAA:0.23076923076923078	RYPFLRDP:0.23076923076923078	DDGSTDGT:0.23076923076923078	QPRTDVFS:0.23076923076923078	GRDHLAHR:0.23076923076923078	ALARYPFL:0.23076923076923078	HTATPGLG:0.23076923076923078	TATPGLGA:0.23076923076923078	QLFVGAAY:0.23076923076923078	GRALARYP:0.23076923076923078	EDQLFVGA:0.23076923076923078	TLNPMKLF:0.38461538461538464	ARLRLHLV:0.23076923076923078	DVTTELVL:0.3076923076923077	NPMKLFRR:0.38461538461538464	TDGTAAEL:0.38461538461538464	LARYPFLR:0.23076923076923078	LNPMKLFR:0.38461538461538464	GLWDISLA:0.23076923076923078	MKLFRREL:0.3076923076923077	YDVTAQLG:0.23076923076923078	GPGRDHLA:0.23076923076923078	RTDVFSSR:0.3076923076923077	KMVGVGGR:0.23076923076923078	LAHRHLTV:0.23076923076923078	DGSTDGTA:0.38461538461538464	VGAAYLHA:0.23076923076923078	HLAHRHLT:0.23076923076923078	PMKLFRRE:0.3076923076923077	GSTDGTAA:0.3076923076923077	LRLHLVRH:0.23076923076923078	RALARYPF:0.23076923076923078	VTTELVLR:0.3076923076923077	GPEALERM:0.23076923076923078	RLHLVRHR:0.23076923076923078	RDHLAHRH:0.23076923076923078	STDGTAAE:0.3076923076923077	PRTDVFSS:0.23076923076923078	GMNERLSA:0.23076923076923078	ARYPFLRD:0.23076923076923078	TTELVLRE:0.23076923076923078	VDDGSTDG:0.23076923076923078	EVRIGSKR:0.23076923076923078	GEDQLFVG:0.23076923076923078	RLRLHLVR:0.23076923076923078	LFVGAAYL:0.23076923076923078	CYDVTAQL:0.23076923076923078	PEALERMV:0.3076923076923077	FVGAAYLH:0.23076923076923078	PGRDHLAH:0.23076923076923078	IGEDQLFV:0.23076923076923078	VVNDGSTD:0.23076923076923078	IVVNDGST:0.23076923076923078	
