cluster number:1904
GT2:6	GT2:6
RLEDGMVM:0.3333333333333333	EDKVRLED:0.5	LADYDYYF:0.5	VLRSLSPQ:0.3333333333333333	VYNAMPYL:0.5	KVRLEDGM:0.6666666666666666	VIHQENSG:0.5	ELLNSLEA:0.3333333333333333	EGYTWSVG:0.3333333333333333	TWSVGEIA:0.3333333333333333	VFFCDADD:0.5	IAVDDGST:0.3333333333333333	NAMPYLTE:0.5	NSGWPGKP:0.8333333333333334	DKVRLEDG:0.5	LYRRKCLR:0.3333333333333333	HEDKVRLE:0.3333333333333333	TELLNSLE:0.5	FRVIHQEN:0.3333333333333333	YVFFCDAD:0.3333333333333333	LDLYRRKC:0.3333333333333333	DYYFIRTR:0.5	AVDDGSTD:0.5	DADDRLGP:0.5	HQENSGWP:0.5	NSLEAQDL:0.3333333333333333	GYTWSVGE:0.3333333333333333	IHQENSGW:0.5	SVGEIARI:0.3333333333333333	DSGPSSSA:0.3333333333333333	FFCDADDR:0.5	QENSGWPG:0.5	VLDLYRRK:0.3333333333333333	LRSLSPQK:0.3333333333333333	LTELLNSL:0.5	CDADDRLG:0.5	LRRMVDYA:0.6666666666666666	GEILDVYA:0.3333333333333333	SGWPGKPR:0.8333333333333334	SILADYDY:0.3333333333333333	DYDYYFIR:0.5	FHEDKVRL:0.3333333333333333	RVIHQENS:0.3333333333333333	WPGKPRNV:0.8333333333333334	WSVGEIAR:0.3333333333333333	DLYRRKCL:0.3333333333333333	YLTELLNS:0.5	PEGYTWSV:0.3333333333333333	MPYLTELL:0.5	ILADYDYY:0.3333333333333333	RRVQASLF:0.5	NFRVIHQE:0.3333333333333333	GWPGKPRN:0.8333333333333334	VRLEDGMV:0.5	YNAMPYLT:0.5	ADYDYYFI:0.5	AMPYLTEL:0.3333333333333333	TSILADYD:0.3333333333333333	PYLTELLN:0.5	LNSLEAQD:0.3333333333333333	PVYNAMPY:0.5	ENSGWPGK:0.5	GDSGPSSS:0.3333333333333333	YTWSVGEI:0.3333333333333333	PGKPRNVG:0.8333333333333334	LLNSLEAQ:0.3333333333333333	ALRRMVDY:0.5	YDYYFIRT:0.5	GKPRNVGM:0.3333333333333333	GGRRVQAS:0.3333333333333333	GRRVQASL:0.5	FCDADDRL:0.5	ADDRLGPE:0.3333333333333333	KPRNVGIA:0.5	VSVIIPVY:0.3333333333333333	GPEALRRM:0.3333333333333333	PEALRRMV:0.3333333333333333	EALRRMVD:0.3333333333333333	GKPRNVGI:0.5	VIAVDDGS:0.3333333333333333	LGPEALRR:0.3333333333333333	RNVGIAAS:0.5	SVIIPVYN:0.3333333333333333	PRNVGIAA:0.5	LGTLSPQK:0.3333333333333333	ILGTLSPQ:0.3333333333333333	GTLSPQKM:0.3333333333333333	RFLKYREA:0.3333333333333333	
