cluster number:1781
GT2:26	GT2:26|GT4:2|2.4.1.-:1
VDDCSTDG:0.23076923076923078	IIIVDDCS:0.23076923076923078	IIVDDCST:0.23076923076923078	IVDDCSTD:0.23076923076923078	EIIIVDDC:0.23076923076923078	RAMGAGQV:0.23076923076923078	VRHGEDFL:0.2692307692307692	ALRRRLCH:0.23076923076923078	TQRQGSVS:0.2692307692307692	GQVTGRAM:0.2692307692307692	RHGEDFLL:0.2692307692307692	PAFLPAMI:0.2692307692307692	LDADDAFA:0.34615384615384615	VTGRAMGA:0.2692307692307692	AFLDADDA:0.2692307692307692	ATYLYTQR:0.2692307692307692	VADDLAYY:0.2692307692307692	ALALARDP:0.23076923076923078	GGPSVARN:0.23076923076923078	DWGLLKPV:0.23076923076923078	DADDAFAP:0.34615384615384615	YTQRQGSV:0.2692307692307692	LRRRLCHS:0.23076923076923078	RPAFLPAM:0.2692307692307692	DAFAPDRL:0.23076923076923078	FLPAMIRQ:0.23076923076923078	FDWGLLKP:0.2692307692307692	DDLAYYDA:0.2692307692307692	LYTQRQGS:0.2692307692307692	GFDWGLLK:0.2692307692307692	LALARDPR:0.23076923076923078	ALARDPRI:0.23076923076923078	YLYTQRQG:0.2692307692307692	RASGMSRT:0.23076923076923078	DDAFAPDR:0.23076923076923078	TGRAMGAG:0.2692307692307692	GRAMGAGQ:0.23076923076923078	TYLYTQRQ:0.23076923076923078	NGGPSVAR:0.23076923076923078	AMGAGQVP:0.23076923076923078	AFLPAMIR:0.23076923076923078	QVTGRAMG:0.3076923076923077	AGQVTGRA:0.2692307692307692	ADDLAYYD:0.2692307692307692	GLQRLDDS:0.2692307692307692	GDWVAFLD:0.2692307692307692	IIVVDDCS:0.23076923076923078	IVVDDCST:0.23076923076923078	VVDDCSTD:0.4230769230769231	EIIVVDDC:0.23076923076923078	
