cluster number:1137
GT2:18	GT2:18
KFDDFSSQ:0.6666666666666666	IIPTLNEE:0.6111111111111112	IKRKFDDF:0.5555555555555556	YSGWQRDK:0.2777777777777778	SSQKNFAI:0.5555555555555556	DFSSQKNF:0.5555555555555556	RYIKLWLL:0.2777777777777778	YIKLWLLN:0.3333333333333333	AIIPTLNE:0.6111111111111112	IRLGFLDG:0.3888888888888889	RKFDDFSS:0.6666666666666666	LDADERVT:0.5555555555555556	DDFSSQKN:0.6666666666666666	ILDADERV:0.5	PWIYILDA:0.2222222222222222	EIIVIDSY:0.4444444444444444	ITAIIPTL:0.5	KRKFDDFS:0.5555555555555556	LNEEIHIE:0.2222222222222222	RLGFLDGF:0.4444444444444444	SGWQRDKV:0.2777777777777778	KIIKRKFD:0.5555555555555556	DADERVTP:0.3888888888888889	FADEIIVI:0.6666666666666666	FSSQKNFA:0.5555555555555556	VIDSYSTD:0.4444444444444444	VGFYVRRS:0.2222222222222222	MTKITAII:0.5	IPTLNEEI:0.5555555555555556	KNFAIDQA:0.3888888888888889	KVVRLFLK:0.2222222222222222	RDKVVRLF:0.2222222222222222	IIVIDSYS:0.4444444444444444	SQKNFAID:0.3333333333333333	VKIIKRKF:0.5555555555555556	DSYSTDKT:0.2777777777777778	KITAIIPT:0.5555555555555556	QKNFAIDQ:0.3888888888888889	TLNEEIHI:0.5555555555555556	FDDFSSQK:0.6666666666666666	WIYILDAD:0.5	WQRDKVVR:0.2222222222222222	DEIIVIDS:0.7222222222222222	HPWIYILD:0.2222222222222222	DKVVRLFL:0.2222222222222222	QRDKVVRL:0.2222222222222222	IIKRKFDD:0.5555555555555556	IVIDSYST:0.4444444444444444	GFYVRRSF:0.2222222222222222	PTLNEEIH:0.5555555555555556	YVRRSFYF:0.2222222222222222	TAIIPTLN:0.5	YILDADER:0.5	TKITAIIP:0.5	TRYIKLWL:0.3888888888888889	GWQRDKVV:0.2222222222222222	IDSYSTDK:0.2777777777777778	FYVRRSFY:0.2222222222222222	ADEIIVID:0.7222222222222222	IYILDADE:0.5	NVKIIKRK:0.4444444444444444	ERVTPEVE:0.2777777777777778	ILEAVKNP:0.2777777777777778	EILEAVKN:0.2777777777777778	ADERVTPE:0.2222222222222222	LTRYIKLW:0.3333333333333333	FFKHKIDH:0.2222222222222222	EKEILEAV:0.2777777777777778	FKHKIDHF:0.2222222222222222	VEKEILEA:0.2222222222222222	VLTRYIKL:0.3333333333333333	GFFKHKID:0.2222222222222222	DERVTPEV:0.2777777777777778	NFAIDQAK:0.2222222222222222	KEILEAVK:0.2777777777777778	VIRLFLKE:0.2222222222222222	IIVIDSFS:0.2777777777777778	YRNYDHYI:0.2222222222222222	RNYDHYIS:0.2222222222222222	EIIVIDSF:0.2777777777777778	STDKTLEI:0.2222222222222222	SYRNYDHY:0.2222222222222222	TDKTLEIA:0.2222222222222222	NYDHYISK:0.2222222222222222	VRRTFYFC:0.2222222222222222	QAYGVLTR:0.2222222222222222	GFQRDKVI:0.2222222222222222	KVIRLFLK:0.2777777777777778	YDHYISKM:0.2777777777777778	SGFQRDKV:0.2222222222222222	DKVIRLFL:0.3333333333333333	GVLTRYIK:0.2222222222222222	KIDHFSYR:0.2222222222222222	ISKMNHYA:0.2222222222222222	VNIYHVMI:0.2222222222222222	YSGFQRDK:0.2222222222222222	TQAYGVLT:0.2222222222222222	YISKMNHY:0.2777777777777778	RDKVIRLF:0.3333333333333333	AYGVLTRY:0.2222222222222222	NIYHVMIK:0.2222222222222222	YGVLTRYI:0.2222222222222222	SVSFADEI:0.3333333333333333	SFADEIIV:0.3333333333333333	HYISKMNH:0.2777777777777778	VSFADEII:0.3888888888888889	FQRDKVIR:0.2222222222222222	IYHVMIKP:0.2222222222222222	DHYISKMN:0.2777777777777778	QRDKVIRL:0.3333333333333333	KVNIYHVM:0.2222222222222222	IKSVSFAD:0.2777777777777778	AIKSVSFA:0.2777777777777778	KSVSFADE:0.2777777777777778	
