cluster number:980
GT2:65	GT2:65|CE4:1
GLLLISGA:0.3384615384615385	ENGGKADA:0.36923076923076925	IPDPLCWT:0.5230769230769231	KENGGKAD:0.36923076923076925	DPLCWTEA:0.3384615384615385	KADALNVG:0.2	CIDVDCIL:0.38461538461538464	VCIDVDCI:0.23076923076923078	IAPAYNEG:0.35384615384615387	YIPDPLCW:0.3384615384615385	VDKENGGK:0.3230769230769231	AYNEGLTI:0.23076923076923078	APAYNEGL:0.24615384615384617	LLISGAFG:0.3230769230769231	SGAFGAFD:0.2	GKADALNV:0.2	DKENGGKA:0.36923076923076925	VVDKENGG:0.23076923076923078	ISGAFGAF:0.2	NGGKADAL:0.5692307692307692	DGLLLISG:0.23076923076923078	GGKADALN:0.5692307692307692	VVNDGSKD:0.3230769230769231	LLLISGAF:0.3230769230769231	TKTVGEDM:0.2	PDPLCWTE:0.6307692307692307	RAFLLGRM:0.24615384615384617	TVGEDMEL:0.49230769230769234	LISGAFGA:0.2	PAYNEGLT:0.23076923076923078	PLCWTEAP:0.35384615384615387	FLLGRMAW:0.36923076923076925	KTVGEDME:0.27692307692307694	AFLLGRMA:0.23076923076923078	DGSKDDTL:0.27692307692307694	VIRVANSC:0.2	KSDALNTG:0.2	ENGGKSDA:0.2	GVIRVANS:0.2	GGKSDALN:0.26153846153846155	IDKENGGK:0.24615384615384617	LLIISGAF:0.23076923076923078	NGGKSDAL:0.26153846153846155	GKSDALNT:0.2	VIDKENGG:0.24615384615384617	NDGSKDDT:0.3230769230769231	VIAVGGVI:0.2153846153846154	VNDGSKDD:0.36923076923076925	IDVDCLLL:0.2153846153846154	GGVIRVAN:0.2	ISGAFGFF:0.24615384615384617	DKENGGKS:0.2	LIISGAFG:0.23076923076923078	KENGGKSD:0.2	CIDVDCLL:0.2923076923076923	LCWTEVPE:0.3230769230769231	TVGEDMEI:0.27692307692307694	ENVRSLLS:0.3076923076923077	DPLCWTEV:0.3384615384615385	LVVRMRRY:0.23076923076923078	PLCWTEVP:0.38461538461538464	IVENVRSL:0.23076923076923078	ELVVRMRR:0.23076923076923078	VGEDMELV:0.3076923076923077	LGRMAWSR:0.24615384615384617	IDVDCILE:0.23076923076923078	EDMELVVR:0.3076923076923077	GEDMELVV:0.3076923076923077	DMELVVRM:0.27692307692307694	VENVRSLL:0.3230769230769231	NVRSLLSL:0.2	MELVVRMR:0.27692307692307694	VVRMRRYM:0.24615384615384617	RNRWTRGT:0.3384615384615385	QRNRWTRG:0.3384615384615385	NRWTRGTI:0.2153846153846154	NDGSKDDS:0.2153846153846154	IIAPAYNE:0.3230769230769231	RWTRGTIE:0.2153846153846154	ISGAFGMF:0.2	IINDGSKD:0.23076923076923078	RQRNRWTR:0.2	
