cluster number:1890
GT2:57	GT2:57
IHHDDRKP:0.24561403508771928	WLWAQDRY:0.6491228070175439	CVFGKPLR:0.3684210526315789	ITPLILTY:0.6491228070175439	AQDRYMVI:0.3157894736842105	YCVFGKPL:0.40350877192982454	LSLDADYV:0.3684210526315789	DDRKPLSR:0.42105263157894735	WAQDRYMV:0.40350877192982454	RFKYCVFG:0.2807017543859649	VIDSYSTD:0.42105263157894735	RKPLSRWL:0.42105263157894735	DGWHGWYY:0.3333333333333333	QDRYMVIE:0.3157894736842105	LDGWHGWY:0.24561403508771928	GKPLRGTL:0.2982456140350877	IIVIDSYS:0.2631578947368421	YIHHDDRK:0.2631578947368421	KPLRGTLL:0.2631578947368421	PLRGTLLP:0.2807017543859649	HDDRKPLS:0.42105263157894735	RVLAEILL:0.2631578947368421	KYCVFGKP:0.43859649122807015	SRWLWAQD:0.5087719298245614	LRGTLLPP:0.2807017543859649	LSRWLWAQ:0.5614035087719298	EWVLSLDA:0.45614035087719296	RWLWAQDR:0.6491228070175439	SEWVLSLD:0.3157894736842105	HHDDRKPL:0.2631578947368421	IVIDSYST:0.22807017543859648	LDADYVLT:0.22807017543859648	FGKPLRGT:0.43859649122807015	WVLSLDAD:0.7368421052631579	ILDGWHGW:0.21052631578947367	SLDADYVL:0.3333333333333333	DRKPLSRW:0.42105263157894735	TPLILTYN:0.7192982456140351	RGTLLPPR:0.2807017543859649	KPLSRWLW:0.43859649122807015	PLSRWLWA:0.43859649122807015	VFGKPLRG:0.3333333333333333	FKYCVFGK:0.45614035087719296	PLILTYNE:0.7192982456140351	LWAQDRYM:0.5614035087719298	VLSLDADY:0.7368421052631579	GWYYAFQR:0.42105263157894735	CLILKGGI:0.40350877192982454	AFQRVLAE:0.22807017543859648	YAFQRVLA:0.22807017543859648	IVVIDSYS:0.24561403508771928	YCLILKGG:0.42105263157894735	YYAFQRVL:0.22807017543859648	FYCLILKG:0.2807017543859649	TYNEAPNI:0.5087719298245614	LSLGDRIR:0.22807017543859648	IYHDDRKP:0.2807017543859649	YHDDRKPL:0.22807017543859648	GDRIRKQK:0.24561403508771928	ILTYNEAP:0.47368421052631576	RKQKILAP:0.3157894736842105	IRKQKILA:0.2631578947368421	LSLDADYI:0.2982456140350877	DRIRKQKI:0.3157894736842105	LILTYNEA:0.5614035087719298	KGGILDGW:0.38596491228070173	SLGDRIRK:0.21052631578947367	RIRKQKIL:0.2631578947368421	ELSLGDRI:0.21052631578947367	LTYNEAPN:0.5087719298245614	YIYHDDRK:0.2807017543859649	YCIFGKPL:0.22807017543859648	RGTILPPR:0.24561403508771928	ILKGGILD:0.24561403508771928	IDDGHTQL:0.42105263157894735	LILKGGIL:0.24561403508771928	GTILPPRQ:0.2631578947368421	YIDDGHTQ:0.5263157894736842	LKGGILDG:0.24561403508771928	LRGTILPP:0.24561403508771928	DDGHTQLL:0.43859649122807015	IYIDDGHT:0.3508771929824561	PLRGTILP:0.24561403508771928	AEILLSIR:0.21052631578947367	EILLSIRL:0.21052631578947367	LLSIRLIE:0.22807017543859648	ILLSIRLI:0.21052631578947367	LAEILLSI:0.2807017543859649	KAIYIDDG:0.24561403508771928	AIYIDDGH:0.2631578947368421	LPPRQVLF:0.24561403508771928	GILDGWHG:0.21052631578947367	GGILDGWH:0.21052631578947367	WHGWYYAF:0.22807017543859648	GWHGWYYA:0.24561403508771928	
