cluster number:585
GT2:64	GT2:64
ISDNASTD:0.671875	EIPEYLFF:0.328125	SIGLPVYN:0.453125	LIISDNAS:0.625	AYDDLHAP:0.25	IGLPVYNG:0.484375	YDDLHAPD:0.234375	FKWAAYDD:0.203125	PVYNGEKF:0.3125	FYEIPEYL:0.375	KWAAYDDL:0.203125	ELIISDNA:0.625	DNASTDNT:0.25	DLHAPDFI:0.203125	IPEYLFFA:0.28125	YFKWAAYD:0.203125	IISDNAST:0.625	DSLLAQTF:0.234375	LSIGLPVY:0.359375	FELIISDN:0.703125	LPVYNGEK:0.359375	GLPVYNGE:0.46875	DFELIISD:0.671875	DDLHAPDF:0.28125	SDNASTDN:0.25	PEYLFFAR:0.28125	WAAYDDLH:0.203125	YEIPEYLF:0.375	GRFYEIPE:0.21875	AQTFEDFE:0.21875	LAQTFEDF:0.21875	RLSIGLPV:0.25	DNASTDKT:0.234375	RFYEIPEY:0.21875	EDFELIIS:0.21875	PRLSIGLP:0.203125	QTFEDFEL:0.265625	TFEDFELI:0.265625	FEDFELII:0.25	SDNASTDK:0.203125	QTFTDFEL:0.265625	FTDFELII:0.296875	TDFELIIS:0.234375	TFTDFELI:0.265625	YLFFARSH:0.203125	EYLFFARS:0.203125	
