cluster number:716
GT2:26	GT2:26
VVVVDDGS:0.7307692307692307	VVDDGSTD:0.8846153846153846	DDGSTDGT:0.4230769230769231	VDDGSTDG:0.5	VVVDDGST:0.8461538461538461	NEQDWIDR:0.23076923076923078	ATYHGRDS:0.23076923076923078	VALAAAGS:0.23076923076923078	DWIDRSVG:0.23076923076923078	EVVVVDDG:0.46153846153846156	SEHNPYAG:0.2692307692307692	HPERTVWN:0.23076923076923078	ERTVWNGH:0.23076923076923078	LRDQLVDH:0.23076923076923078	FLRDQLVD:0.23076923076923078	NGHINVAS:0.2692307692307692	VYNEQDWI:0.3076923076923077	PERTVWNG:0.23076923076923078	WIDRSVGA:0.23076923076923078	NSGRFEAR:0.2692307692307692	HGRDSFKK:0.23076923076923078	FEARRAGI:0.23076923076923078	YAGFMAGL:0.3076923076923077	YNEQDWID:0.23076923076923078	SGRFEARR:0.23076923076923078	IPVYNEQD:0.3076923076923077	QLVDHPER:0.23076923076923078	ASEHNPYA:0.2692307692307692	LLLDSRVI:0.23076923076923078	VVIPVYNE:0.3076923076923077	NPYAGFMA:0.3076923076923077	LDSRVIVD:0.2692307692307692	RDQLVDHP:0.23076923076923078	GFMAGLVK:0.2692307692307692	YHGRDSFK:0.23076923076923078	CANPRLMS:0.23076923076923078	TYHGRDSF:0.23076923076923078	GRDSFKKF:0.2692307692307692	LLDSRVIV:0.3076923076923077	VGALIASA:0.23076923076923078	PVFAAGFG:0.23076923076923078	QDWIDRSV:0.23076923076923078	PVYNEQDW:0.3076923076923077	NVASEHNP:0.2692307692307692	RFEARRAG:0.2692307692307692	VIPVYNEQ:0.3076923076923077	ARRAGIAK:0.23076923076923078	HNPYAGFM:0.2692307692307692	SVVIPVYN:0.34615384615384615	SVGALIAS:0.23076923076923078	GHINVASE:0.2692307692307692	DRSVGALI:0.23076923076923078	RSVGALIA:0.23076923076923078	DQLVDHPE:0.23076923076923078	TVWNGHIN:0.23076923076923078	YCANPRLM:0.23076923076923078	SATYHGRD:0.23076923076923078	FPKGTGFF:0.23076923076923078	RTVWNGHI:0.23076923076923078	EARRAGIA:0.23076923076923078	AGFMAGLV:0.3076923076923077	INVASEHN:0.2692307692307692	EHNPYAGF:0.2692307692307692	LSVVIPVY:0.34615384615384615	ASPGPARN:0.23076923076923078	WNGHINVA:0.2692307692307692	VWNGHINV:0.23076923076923078	EQDWIDRS:0.23076923076923078	GRFEARRA:0.2692307692307692	VASEHNPY:0.2692307692307692	PYAGFMAG:0.3076923076923077	VEVVVVDD:0.34615384615384615	IDRSVGAL:0.23076923076923078	HINVASEH:0.2692307692307692	DGSTDATP:0.23076923076923078	VDDGSTDA:0.34615384615384615	DDGSTDAT:0.3076923076923077	
