cluster number:2360
GT2:68	GT2:68
LYQGTLVA:0.5	DYFLGIAS:0.3088235294117647	QGLYQGTL:0.35294117647058826	QGTLVAQG:0.6764705882352942	TLDADTLL:0.3382352941176471	GEDIVLTW:0.7647058823529411	IGEDIVLT:0.5	LGIASIKR:0.3088235294117647	RSRWARGM:0.4264705882352941	AQGAFSLY:0.47058823529411764	YFLGIASI:0.29411764705882354	LVAQGAFS:0.7647058823529411	EDIVLTWK:0.23529411764705882	IQEWDYFL:0.3088235294117647	RQRSRWAR:0.3088235294117647	GAFSLYKT:0.25	ITLDADTL:0.27941176470588236	TLVAQGAF:0.7647058823529411	QRSRWARG:0.4264705882352941	EWDYFLGI:0.4264705882352941	FLGIASIK:0.29411764705882354	GTLVAQGA:0.7205882352941176	VAQGAFSL:0.4852941176470588	GLYQGTLV:0.35294117647058826	QEWDYFLG:0.4264705882352941	LDADTLLH:0.35294117647058826	QGAFSLYK:0.2647058823529412	YQGTLVAQ:0.5294117647058824	WDYFLGIA:0.38235294117647056	DAIGEDIV:0.35294117647058826	RWARGMIE:0.4264705882352941	WARGMIEG:0.20588235294117646	ARGMIEGL:0.20588235294117646	AIGEDIVL:0.36764705882352944	SRWARGMI:0.27941176470588236	GGWPDAIG:0.23529411764705882	WPDAIGED:0.29411764705882354	WARGMIEA:0.22058823529411764	FEPLAVAF:0.20588235294117646	VYFEPLAV:0.20588235294117646	GWPDAIGE:0.29411764705882354	EPLAVAFT:0.23529411764705882	PDAIGEDI:0.29411764705882354	WDYFHGIA:0.20588235294117646	VGEDIVLT:0.2647058823529412	VAQGAFSI:0.25	AQGAFSIY:0.25	ASIKRLQG:0.22058823529411764	IASIKRLQ:0.22058823529411764	
