cluster number:239
GT2:45	GT2:45
LIIDDGSS:0.2	IIDDGSSD:0.2	DDGSSDNT:0.24444444444444444	IDDGSSDN:0.2222222222222222	EKYVGLAY:0.3333333333333333	RKELMKLP:0.26666666666666666	NVCIDSDD:0.6444444444444445	VFTPTYNR:0.4444444444444444	KGFAFYRK:0.2	KYVGLAYK:0.3333333333333333	NQGMHGAH:0.5555555555555556	ENQGMHGA:0.26666666666666666	TELNVCID:0.6	YQENQGMH:0.24444444444444444	PKGFAFYR:0.2222222222222222	TVFTPTYN:0.4444444444444444	IWLIIDDG:0.26666666666666666	LTVFTPTY:0.3333333333333333	YRKELMKL:0.3111111111111111	FYRKELMK:0.3111111111111111	NPKGFAFY:0.2222222222222222	MHGAHNTA:0.5111111111111111	QENQGMHG:0.26666666666666666	AIHYVSSS:0.2	GDKKLVYR:0.6	KKLVYRTE:0.26666666666666666	VGLAYKYY:0.3333333333333333	PTYNRAYC:0.4	LIIDDGST:0.35555555555555557	LNVCIDSD:0.6222222222222222	FIWLIIDD:0.26666666666666666	TPTYNRAY:0.6	WLIIDDGS:0.6444444444444445	AFYRKELM:0.28888888888888886	QGMHGAHN:0.5555555555555556	DKKLVYRT:0.4444444444444444	GMHGAHNT:0.5111111111111111	GFAFYRKE:0.28888888888888886	YVGLAYKY:0.37777777777777777	ELNVCIDS:0.6	LVYRTELT:0.24444444444444444	HGAHNTAY:0.5111111111111111	TYNRAYCL:0.4	KLVYRTEL:0.24444444444444444	FTPTYNRA:0.7111111111111111	IIDDGSTD:0.37777777777777777	FAFYRKEL:0.28888888888888886	IDSDDYMP:0.4444444444444444	GAHNTAYE:0.35555555555555557	CIDSDDYM:0.4888888888888889	VCIDSDDY:0.4888888888888889	VKGDKKLV:0.2222222222222222	CYESLKRQ:0.2222222222222222	DYMPDDAV:0.2222222222222222	DSDDYMPD:0.3111111111111111	HGVTGDKK:0.24444444444444444	KHGVTGDK:0.2222222222222222	DDYMPDDA:0.24444444444444444	VTGDKKLV:0.28888888888888886	YMPDDAVE:0.2	GVTGDKKL:0.26666666666666666	TGDKKLVY:0.3333333333333333	SDDYMPDD:0.24444444444444444	VWLIIDDG:0.28888888888888886	FVWLIIDD:0.28888888888888886	DFVWLIID:0.2222222222222222	TIFTPTYN:0.28888888888888886	IFTPTYNR:0.28888888888888886	GLAYKYYM:0.24444444444444444	LTKKYPYP:0.2	LTIFTPTY:0.26666666666666666	AYKYYMLD:0.24444444444444444	LAYKYYML:0.24444444444444444	IDTELNVC:0.35555555555555557	VYRTELTK:0.2222222222222222	DGSSDNTK:0.2	HYVSSSFI:0.2	NEKYVGLA:0.2222222222222222	DTELNVCI:0.35555555555555557	KELMKLPF:0.24444444444444444	LIDTELNV:0.2	AYELIDTE:0.2222222222222222	YELIDTEL:0.2222222222222222	ELIDTELN:0.2222222222222222	
