cluster number:1610
GT2:17	GT2:17|GT8:1
NDGSTDKT:0.35294117647058826	DGSTDKTG:0.29411764705882354	RRVRHGSV:0.35294117647058826	STDKTGTI:0.23529411764705882	RHGSVMTQ:0.35294117647058826	VMTQKKGD:0.35294117647058826	IHTENKGQ:0.29411764705882354	VRHGSVMT:0.35294117647058826	TDKTGTIL:0.23529411764705882	NYIVSPCL:0.35294117647058826	RVRHGSVM:0.35294117647058826	SVMTQKKG:0.35294117647058826	HEDNIFTT:0.35294117647058826	HTENKGQS:0.29411764705882354	HGSVMTQK:0.35294117647058826	IVSPCLYI:0.29411764705882354	YIVSPCLY:0.35294117647058826	GSVMTQKK:0.35294117647058826	GSTDKTGT:0.23529411764705882	EGIIHEDN:0.23529411764705882	FLDSDDKL:0.23529411764705882	INDGSTDR:0.23529411764705882	QSAARNTG:0.23529411764705882	TGDYILFL:0.23529411764705882	EIIIINDG:0.23529411764705882	IIINDGST:0.23529411764705882	IIIINDGS:0.23529411764705882	LFLDSDDK:0.23529411764705882	NKGQSAAR:0.23529411764705882	GDYILFLD:0.4117647058823529	DYILFLDS:0.4117647058823529	YILFLDSD:0.4117647058823529	ATGDYILF:0.23529411764705882	GQSAARNT:0.23529411764705882	ENKGQSAA:0.23529411764705882	KGQSAARN:0.23529411764705882	ILFLDSDD:0.4117647058823529	
