cluster number:528
GT2:26	GT2:26
GAALMLKR:0.23076923076923078	LGFSGGNN:0.46153846153846156	NKALGMGC:0.23076923076923078	PFVRTLRS:0.23076923076923078	KAGLMPEI:0.23076923076923078	LMLKREVI:0.23076923076923078	IVVDNASR:0.38461538461538464	VIWKAGLM:0.23076923076923078	DDGTFDTP:0.3076923076923077	NNDTYLTE:0.23076923076923078	GCPDDGTF:0.2692307692307692	YTMRNKAL:0.23076923076923078	FITICYNG:0.34615384615384615	YLFLINND:0.2692307692307692	LYYEELDW:0.6538461538461539	LKREVIWK:0.23076923076923078	YEIIVVDN:0.4230769230769231	EVIWKAGL:0.23076923076923078	RMLYAWRN:0.23076923076923078	ALGMGCPD:0.23076923076923078	YPFVRTLR:0.23076923076923078	IIVVDNAS:0.5	FVRTLRSE:0.23076923076923078	HGAALMLK:0.23076923076923078	QLWYEPRC:0.23076923076923078	EIYFLYYE:0.23076923076923078	IQERYPFV:0.23076923076923078	NASRQDEA:0.23076923076923078	TYLTEDGL:0.23076923076923078	LWYEPRCT:0.38461538461538464	SFITICYN:0.34615384615384615	FYMMRNRM:0.23076923076923078	MLYAWRNL:0.23076923076923078	MLKREVIW:0.23076923076923078	MTRAGYQL:0.23076923076923078	VRTLRSEK:0.23076923076923078	LGMGCPDD:0.23076923076923078	FHKESQST:0.4230769230769231	RPSAYLHG:0.23076923076923078	SQSTGRQS:0.23076923076923078	AALMLKRE:0.23076923076923078	AVSPKIRF:0.3076923076923077	RAGYQLWY:0.23076923076923078	FLYYEELD:0.6923076923076923	MPEIYFLY:0.23076923076923078	RNKALGMG:0.23076923076923078	REVIWKAG:0.23076923076923078	STGRQSPL:0.23076923076923078	RSEKNLGF:0.2692307692307692	KREVIWKA:0.23076923076923078	NNLGIQIA:0.23076923076923078	SGGNNLGI:0.4230769230769231	RIGAVSPK:0.23076923076923078	CTIFHKES:0.23076923076923078	MRNKALGM:0.23076923076923078	YFLYYEEL:0.38461538461538464	YMMRNRML:0.23076923076923078	LHGAALML:0.23076923076923078	PDDGTFDT:0.3076923076923077	RYPFVRTL:0.23076923076923078	QERYPFVR:0.23076923076923078	AGYQLWYE:0.23076923076923078	ISFITICY:0.34615384615384615	VDNASRQD:0.23076923076923078	PRIGAVSP:0.23076923076923078	SPKIRFAF:0.4230769230769231	MMRNRMLY:0.23076923076923078	IWKAGLMP:0.23076923076923078	AGLMPEIY:0.23076923076923078	TRAGYQLW:0.23076923076923078	YLTEDGLP:0.23076923076923078	KESQSTGR:0.23076923076923078	GYQLWYEP:0.23076923076923078	RNRMLYAW:0.23076923076923078	PEIYFLYY:0.23076923076923078	IYFLYYEE:0.23076923076923078	VSPKIRFA:0.4230769230769231	GGNNLGIQ:0.3076923076923077	NLGIQIAQ:0.23076923076923078	EIIVVDNA:0.5	SEKNLGFS:0.23076923076923078	ITICYNGL:0.23076923076923078	WKAGLMPE:0.23076923076923078	SAYLHGAA:0.23076923076923078	FSGGNNLG:0.4230769230769231	TPRPSAYL:0.23076923076923078	LINNDTYL:0.23076923076923078	LGIQIAQG:0.23076923076923078	LFLINNDT:0.2692307692307692	ALMLKREV:0.23076923076923078	LRSEKNLG:0.23076923076923078	YLHGAALM:0.3076923076923077	ESQSTGRQ:0.23076923076923078	KALGMGCP:0.23076923076923078	TSMTRAGY:0.2692307692307692	YQLWYEPR:0.23076923076923078	MRNRMLYA:0.23076923076923078	RTLRSEKN:0.23076923076923078	TIFHKESQ:0.23076923076923078	YYEELDWC:0.2692307692307692	YEELDWCT:0.23076923076923078	PKIRFAFP:0.4230769230769231	TGRQSPLR:0.23076923076923078	TMRNKALG:0.23076923076923078	DNASRQDE:0.23076923076923078	IGAVSPKI:0.3076923076923077	SYEIIVVD:0.4230769230769231	DTYLTEDG:0.23076923076923078	VSYEIIVV:0.38461538461538464	GNNLGIQI:0.23076923076923078	NLGFSGGN:0.46153846153846156	PSAYLHGA:0.23076923076923078	GLMPEIYF:0.23076923076923078	FLINNDTY:0.4230769230769231	IRFAFPPQ:0.4230769230769231	VVDNASRQ:0.23076923076923078	GAVSPKIR:0.3076923076923077	IFHKESQS:0.23076923076923078	NRMLYAWR:0.23076923076923078	PRPSAYLH:0.23076923076923078	SVSYEIIV:0.38461538461538464	HKESQSTG:0.4230769230769231	CPDDGTFD:0.3076923076923077	EKNLGFSG:0.23076923076923078	LMPEIYFL:0.23076923076923078	ERYPFVRT:0.23076923076923078	AYLHGAAL:0.23076923076923078	TLRSEKNL:0.23076923076923078	GFSGGNNL:0.4230769230769231	QSTGRQSP:0.23076923076923078	INNDTYLT:0.23076923076923078	NDTYLTED:0.23076923076923078	KIRFAFPP:0.4230769230769231	KNLGFSGG:0.2692307692307692	YYEELDWS:0.3076923076923077	FFLYYEEL:0.3076923076923077	TCELIESL:0.23076923076923078	DTCELIES:0.23076923076923078	
