cluster number:2284
GT2:18	GT2:18
CDQDDVWM:0.2777777777777778	DGSSDNTV:0.2777777777777778	LIRDDGSS:0.2222222222222222	ILIRDDGS:0.3333333333333333	DDGSSDNT:0.2777777777777778	QNIAVGAT:0.2222222222222222	CFCDQDDV:0.3333333333333333	RDDGSSDN:0.2222222222222222	VQNIAVGA:0.2222222222222222	IRDDGSSD:0.3333333333333333	FCDQDDVW:0.4444444444444444	YCFCDQDD:0.2222222222222222	GEKYIEEQ:0.3333333333333333	EKYIEEQL:0.2222222222222222	YNGEKYIE:0.3333333333333333	MHDWWAYL:0.2222222222222222	TYNGEKYI:0.3888888888888889	NGEKYIEE:0.3333333333333333	VLLSTYNG:0.3333333333333333	LLSTYNGE:0.2222222222222222	VQVLLSTY:0.2222222222222222	QVLLSTYN:0.2777777777777778	CDQDDVWL:0.3333333333333333	ATYNGEKY:0.2777777777777778	LATYNGEK:0.2222222222222222	
