cluster number:985
GT2:23	GT2:23
NLYYFIWK:0.2608695652173913	NGGVSSAR:0.7391304347826086	FHKENGGV:0.21739130434782608	PYYHYIIH:0.34782608695652173	VDPDDWIE:0.2608695652173913	ENGGVSSA:0.6521739130434783	GVSSARNV:0.391304347826087	NKLFSVDL:0.21739130434782608	GFVDPDDW:0.5652173913043478	FCEDLLFC:0.391304347826087	IGFVDPDD:0.5217391304347826	VYDSTPYY:0.34782608695652173	LFSVDLFR:0.21739130434782608	NISLLMNG:0.2608695652173913	GGVSSARN:0.8260869565217391	DLLFCCQA:0.2608695652173913	HFCEDLLF:0.34782608695652173	IVYDSTPY:0.34782608695652173	NDGSTDQS:0.21739130434782608	FLCNKLFS:0.21739130434782608	CNKLFSVD:0.21739130434782608	YIGFVDPD:0.5217391304347826	YDSTPYYH:0.34782608695652173	LVNDGSTD:0.43478260869565216	KLFSVDLF:0.21739130434782608	IVPIYNVE:0.21739130434782608	VSSARNVG:0.391304347826087	DSTPYYHY:0.34782608695652173	HKENGGVS:0.43478260869565216	EIVLVNDG:0.21739130434782608	FLPRCLDS:0.2608695652173913	KENGGVSS:0.6521739130434783	LEIVLVND:0.21739130434782608	CEDLLFCC:0.391304347826087	FVDPDDWI:0.4782608695652174	VLVNDGST:0.2608695652173913	LCNKLFSV:0.21739130434782608	STPYYHYI:0.34782608695652173	IVLVNDGS:0.21739130434782608	EDLLFCCQ:0.2608695652173913	TPYYHYII:0.34782608695652173	SLKKLTAL:0.2608695652173913	VNDGSTDQ:0.21739130434782608	IHFCEDLL:0.2608695652173913	GVSSARNA:0.21739130434782608	IHKENGGV:0.21739130434782608	VIHKENGG:0.21739130434782608	EIILVNDG:0.21739130434782608	IILVNDGS:0.21739130434782608	
