cluster number:2112
GT2:6	GT2:6
SFKYVPSM:0.3333333333333333	NSLKVDQF:0.5	LEGFKAAR:0.3333333333333333	HRLGKGGG:0.5	WRLKNAGC:0.3333333333333333	LKVDQFLR:0.3333333333333333	PAYNEEKR:0.8333333333333334	LRDYSEGL:0.3333333333333333	GGVLEGFK:0.5	MISVIVPA:0.3333333333333333	LSRAIFGL:0.3333333333333333	VPVVWKDD:0.5	ISVIVPAY:0.3333333333333333	VVGFTDAD:0.3333333333333333	TFSFKYVP:0.3333333333333333	AGCVIADR:0.5	QCGGKVFK:0.3333333333333333	CVIADRKS:0.5	AYNEEKRI:0.8333333333333334	GGKVFKRE:0.3333333333333333	GVLEGFKA:0.3333333333333333	KVRLGLYK:0.3333333333333333	GAGCVIAD:0.5	GLRIRDSQ:0.3333333333333333	PVVWKDDK:0.5	DNSLKVDQ:0.5	GCVIADRK:0.5	VGFTDADN:0.5	KVDQFLRL:0.3333333333333333	GGGVLEGF:0.5	EFDVELLW:0.5	TDADNSLK:0.5	ELLWRLKN:0.3333333333333333	GFEFDVEL:0.5	KYVPSMFF:0.3333333333333333	GFTDADNS:0.5	IADRKSKE:0.5	FSFKYVPS:0.3333333333333333	LRIRDSQC:0.3333333333333333	VIADRKSK:0.5	DADNSLKV:0.5	FDVELLWR:0.5	KGGGVLEG:0.5	VELLWRLK:0.3333333333333333	VIVPAYNE:0.6666666666666666	FTDADNSL:0.5	FEFDVELL:0.5	SVIVPAYN:0.6666666666666666	RIRDSQCG:0.3333333333333333	IVPAYNEE:0.8333333333333334	RDSQCGGK:0.3333333333333333	RTGAGCVI:0.3333333333333333	YNEEKRIE:0.5	LGKGGGVL:0.5	EVPVVWKD:0.5	TGAGCVIA:0.5	VLEGFKAA:0.3333333333333333	EGFKAARG:0.3333333333333333	GKVFKREY:0.3333333333333333	LMKVRLGL:0.3333333333333333	LLWRLKNA:0.3333333333333333	DSQCGGKV:0.3333333333333333	SRAIFGLR:0.3333333333333333	SQCGGKVF:0.3333333333333333	ADRKSKES:0.3333333333333333	DVELLWRL:0.3333333333333333	MKVRLGLY:0.3333333333333333	IFGLRIRD:0.3333333333333333	STFSFKYV:0.3333333333333333	GKGGGVLE:0.5	LWRLKNAG:0.3333333333333333	FGLRIRDS:0.3333333333333333	SLKVDQFL:0.5	ADNSLKVD:0.5	VPAYNEEK:0.6666666666666666	TLRDYSEG:0.3333333333333333	RLGKGGGV:0.5	AIFGLRIR:0.3333333333333333	CGGKVFKR:0.3333333333333333	FKYVPSMF:0.3333333333333333	KVFKREYI:0.3333333333333333	IRDSQCGG:0.3333333333333333	RAIFGLRI:0.3333333333333333	KVAPLMVC:0.3333333333333333	IREVPVVW:0.3333333333333333	EKVAPLMV:0.3333333333333333	REVPVVWK:0.3333333333333333	LSVIVPAY:0.3333333333333333	EKRIERTL:0.3333333333333333	NEEKRIER:0.3333333333333333	EEKRIERT:0.3333333333333333	RGFEFDVE:0.3333333333333333	
