cluster number:2247
GT2:17	GT2:17|GT4:1
TGRPLLVR:0.23529411764705882	PAALNAGD:0.23529411764705882	RPLLVRAY:0.23529411764705882	KPAALNAG:0.23529411764705882	FGRGAIAL:0.23529411764705882	LFGRGAIA:0.35294117647058826	GAIALSAA:0.23529411764705882	VVVAAHDE:0.23529411764705882	ALFGRGAI:0.23529411764705882	GRGAIALS:0.23529411764705882	ADDLFLDG:0.23529411764705882	AIALSAAG:0.23529411764705882	VADDLFLD:0.29411764705882354	IALSAAGR:0.23529411764705882	LVRAYYAI:0.23529411764705882	WGRDESSR:0.35294117647058826	RGAIALSA:0.23529411764705882	VRAYYAIN:0.23529411764705882	DVVLPRPW:0.4117647058823529	SVVVAAHD:0.23529411764705882	GFPRIYLD:0.23529411764705882	VVVVANGC:0.23529411764705882	PRIYLDAD:0.4117647058823529	VVANGCTD:0.5294117647058824	RIYLDADI:0.29411764705882354	GRPLLVRA:0.23529411764705882	FPRIYLDA:0.29411764705882354	VVLPRPWL:0.4117647058823529	PRLYLDAD:0.29411764705882354	FPRLYLDA:0.29411764705882354	RDGLFGRG:0.23529411764705882	PRVYLDAD:0.29411764705882354	GFPRVYLD:0.29411764705882354	ADDLFLDS:0.35294117647058826	FPRVYLDA:0.29411764705882354	RCLDALLA:0.23529411764705882	VGFPRVYL:0.23529411764705882	TVVANGCT:0.29411764705882354	CLDALLAD:0.23529411764705882	GRCLDALL:0.23529411764705882	WLRDVVLP:0.4117647058823529	LPRPWLAP:0.29411764705882354	IGRCLDAL:0.23529411764705882	AVGFPRVY:0.23529411764705882	PRPWLAPA:0.29411764705882354	YLDADVVL:0.23529411764705882	VIGRCLDA:0.23529411764705882	AVIGRCLD:0.23529411764705882	RDVVLPRP:0.29411764705882354	RPWLAPAA:0.29411764705882354	VLPRPWLA:0.29411764705882354	LDADVVLS:0.23529411764705882	LRDVVLPR:0.29411764705882354	SWLRDVVL:0.29411764705882354	
