cluster number:1055
GT2:21	GT2:21
LRKHQDWD:0.23809523809523808	ISVVIPTF:0.23809523809523808	LISVVIPT:0.2857142857142857	IAFLDSDD:0.23809523809523808	YIAFLDSD:0.23809523809523808	ALLDSDDE:0.23809523809523808	PLISVVIP:0.23809523809523808	VVDDASTD:0.2857142857142857	IALLDSDD:0.23809523809523808	LLDSDDEW:0.23809523809523808	SVVIPTYN:0.3333333333333333	VIPTYNRA:0.38095238095238093	VVIPTYNR:0.42857142857142855	ISVVIPTY:0.23809523809523808	IPTYNRAD:0.2857142857142857	
