cluster number:2194
GT2:23	GT2:23
VFNGEKTI:0.21739130434782608	LWTPDKLE:0.34782608695652173	ENGSNPLI:0.5217391304347826	AKGEYISF:0.21739130434782608	AAVAYSWT:0.391304347826087	VAYSWTDY:0.34782608695652173	PVFNGEKT:0.21739130434782608	YISFIDAD:0.34782608695652173	KYLTFKAI:0.21739130434782608	AVAYSWTD:0.30434782608695654	DADDLWTP:0.30434782608695654	YLTFKAIE:0.21739130434782608	IPVFNGEK:0.21739130434782608	ISFIDADD:0.43478260869565216	GEYISFID:0.30434782608695654	GSNPLIRK:0.30434782608695654	YKYLTFKA:0.2608695652173913	DDLWTPDK:0.34782608695652173	LENGSNPL:0.5652173913043478	EYISFIDA:0.2608695652173913	VIIPVFNG:0.2608695652173913	IDADDLWT:0.4782608695652174	QAAVAYSW:0.2608695652173913	NFLENGSN:0.5217391304347826	NGSNPLIR:0.391304347826087	DLWTPDKL:0.34782608695652173	IIPVFNGE:0.2608695652173913	SVIIPVFN:0.2608695652173913	ISVIIPVF:0.21739130434782608	AYSWTDYI:0.4782608695652174	FLENGSNP:0.5217391304347826	SFIDADDL:0.43478260869565216	FIDADDLW:0.5217391304347826	SASRNRGI:0.2608695652173913	ADDLWTPD:0.30434782608695654	LSASRNRG:0.21739130434782608	YSWTDYID:0.43478260869565216	DMWLRLAA:0.21739130434782608	IFSYPNAG:0.391304347826087	VGGFDESL:0.391304347826087	IIINDGST:0.21739130434782608	FSYPNAGL:0.391304347826087	AGLSASRN:0.21739130434782608	NAGLSASR:0.21739130434782608	IINDGSTD:0.21739130434782608	SWTDYIDE:0.21739130434782608	GLSASRNR:0.21739130434782608	SYPNAGLS:0.21739130434782608	KIFSYPNA:0.2608695652173913	PQAAVAYS:0.21739130434782608	NPQAAVAY:0.21739130434782608	PVYNGEKT:0.2608695652173913	DWDMWLRL:0.2608695652173913	IPVYNGEK:0.21739130434782608	VYNGEKTI:0.21739130434782608	AEDWDMWL:0.21739130434782608	WDMWLRLA:0.2608695652173913	AAEDWDMW:0.21739130434782608	EDWDMWLR:0.2608695652173913	
