cluster number:286
GT2:57	GT2:57|GT32:1
LANTKLFR:0.5087719298245614	VVAVDDGS:0.3684210526315789	LGPEALER:0.2631578947368421	AVDDGSTD:0.8947368421052632	TKLFRREL:0.5087719298245614	RISVLADY:0.38596491228070173	QPNSGGPA:0.3157894736842105	HQPNSGGP:0.3157894736842105	VYNTMPYL:0.5964912280701754	RRISVLAD:0.2982456140350877	ATGRYVFF:0.3333333333333333	PEALERLV:0.22807017543859648	RARRISVL:0.22807017543859648	VAVDDGST:0.7017543859649122	ARRISVLA:0.2982456140350877	GPEALERL:0.24561403508771928	ANTKLFRR:0.5087719298245614	YNTMPYLT:0.5964912280701754	NTKLFRRE:0.5087719298245614	PFTIEACV:0.3508771929824561	QPFTIEAC:0.3508771929824561	AVYNTMPY:0.5263157894736842	SGGPAAPS:0.49122807017543857	GGPAAPSN:0.49122807017543857	DQPFTIEA:0.3508771929824561	FTIEACVR:0.3333333333333333	ISVLADYD:0.22807017543859648	NSGGPAAP:0.5964912280701754	MPVGSDQP:0.2807017543859649	LSNTKLFR:0.22807017543859648	GSDQPFTI:0.3508771929824561	SVLADYDY:0.2631578947368421	TIEACVRA:0.3333333333333333	VGSDQPFT:0.47368421052631576	PVGSDQPF:0.43859649122807015	IEACVRAR:0.2631578947368421	VDDGSTDG:0.49122807017543857	DGSTDGSG:0.43859649122807015	SDQPFTIE:0.3508771929824561	SNTKLFRR:0.22807017543859648	GPAAPSNR:0.47368421052631576	DDGSTDGS:0.43859649122807015	VLADYDYY:0.2807017543859649	IVAVDDGS:0.3333333333333333	QANSGGPA:0.40350877192982454	HQANSGGP:0.3684210526315789	VVVAVYNT:0.38596491228070173	VVAVYNTM:0.38596491228070173	PEDMPVGS:0.2631578947368421	DMPVGSDQ:0.2631578947368421	EDMPVGSD:0.2631578947368421	EIVAVDDG:0.2631578947368421	VAVYNTMP:0.42105263157894735	ANSGGPAA:0.2631578947368421	GTNGRYVH:0.24561403508771928	AVKRGDAS:0.24561403508771928	KRGDASNI:0.24561403508771928	VKRGDASN:0.24561403508771928	DDGSTDDS:0.2631578947368421	RFPEDMPV:0.24561403508771928	SALPFTLA:0.21052631578947367	TVVVAVYN:0.2982456140350877	VGTNGRYV:0.22807017543859648	MVGTNGRY:0.22807017543859648	TNGRYVHQ:0.24561403508771928	KMVGTNGR:0.22807017543859648	DVTVVVAV:0.3157894736842105	YYAVKRGD:0.2982456140350877	DGSTDDSG:0.2631578947368421	PFTLANTK:0.2807017543859649	LRFPEDMP:0.24561403508771928	SNITYRAD:0.2631578947368421	VDDGSTDD:0.2982456140350877	YAVKRGDA:0.24561403508771928	APSNRALE:0.22807017543859648	TMPYLTEC:0.3508771929824561	LPFTLANT:0.2807017543859649	LTECLNSL:0.24561403508771928	ITYRADHL:0.2631578947368421	GKMVGTNG:0.22807017543859648	GRLVITTA:0.22807017543859648	MPYLTECL:0.3508771929824561	ASNITYRA:0.2631578947368421	NTMPYLTE:0.3333333333333333	KGRLVITT:0.24561403508771928	PDVTVVVA:0.3157894736842105	VTVVVAVY:0.3157894736842105	PAAPSNRA:0.38596491228070173	YLTECLNS:0.24561403508771928	ALPFTLAN:0.21052631578947367	RGDASNIT:0.2631578947368421	TLANTKLF:0.3333333333333333	PYLTECLN:0.24561403508771928	DASNITYR:0.2631578947368421	FTLANTKL:0.2807017543859649	NITYRADH:0.2631578947368421	GDASNITY:0.2631578947368421	AAPSNRAL:0.38596491228070173	PNSGGPAA:0.22807017543859648	LFRRELVE:0.3333333333333333	KLFRRELV:0.3508771929824561	EVVAVDDG:0.2982456140350877	LEVVAVDD:0.21052631578947367	LGEEALER:0.21052631578947367	EEALERMV:0.21052631578947367	GEEALERM:0.21052631578947367	
