cluster number:442
GT2:150	GT2:150|GT4:7
EGSQDYDL:0.49333333333333335	NDVDLCLK:0.34	GGFRKGYE:0.34	GYEGSQDY:0.46	IYSDEDKI:0.43333333333333335	FNDVDLCL:0.3466666666666667	NYSAVTAA:0.28	VAFNDVDL:0.3466666666666667	WELCIADD:0.21333333333333335	FRKGYEGS:0.31333333333333335	SAVTAACL:0.20666666666666667	AFNDVDLC:0.35333333333333333	SQDYDLVL:0.46	QDYDLVLR:0.5066666666666667	YEGSQDYD:0.4533333333333333	YSAVTAAC:0.28	GSQDYDLV:0.46	KGYEGSQD:0.31333333333333335	GFRKGYEG:0.34	YSDEDKID:0.3933333333333333	LIYSDEDK:0.35333333333333333	RKGYEGSQ:0.31333333333333335	IIIADNGS:0.21333333333333335	KSRGYEDT:0.2	NYISHLGV:0.32	LNNDTEVI:0.37333333333333335	ADNGSTDP:0.25333333333333335	FLNNDTEV:0.4	SRGYEDTP:0.2	LFLNNDTE:0.42	YEIIIADN:0.21333333333333335	ALLDNDDE:0.3	DNGSTDPK:0.25333333333333335	VSVIIPTK:0.25333333333333335	DLIYSDED:0.32	IGCVGAKL:0.30666666666666664	ELDLIYSD:0.20666666666666667	SVIIPTKN:0.26	NGSTDPKM:0.25333333333333335	LVSVIIPT:0.26666666666666666	GNRFDPHF:0.22	AELYHFES:0.23333333333333334	NRFDPHFK:0.22	VIIPTKNG:0.25333333333333335	LLDNDDEL:0.4066666666666667	LDLIYSDE:0.20666666666666667	YISHLGVY:0.32	NYEIIIAD:0.21333333333333335	ESKSRGYE:0.21333333333333335	EIIIADNG:0.21333333333333335	ISHLGVYR:0.32	RIGCVGAK:0.2733333333333333	SKSRGYED:0.20666666666666667	DVDLCLKV:0.24	IIPTKNGY:0.38	ISEATNSA:0.26666666666666666	YNVEEKWL:0.29333333333333333	DYDFVLRA:0.24	NWELCLAD:0.26	PVYNVEEK:0.29333333333333333	DDELAPQA:0.21333333333333335	NYITHFVV:0.22666666666666666	QDYDFVLR:0.24666666666666667	DFVLRATE:0.23333333333333334	DELAPQAL:0.21333333333333335	WELCLADD:0.26	VYNVEEKW:0.29333333333333333	FMDNDDEL:0.24666666666666667	MDNDDELA:0.24	NGHISEAT:0.2866666666666667	GHISEATN:0.2866666666666667	GFMDNDDE:0.24666666666666667	HISEATNS:0.26666666666666666	HNYITHFV:0.24666666666666667	YDFVLRAT:0.24	DNDDELAP:0.25333333333333335	NDDELAPQ:0.21333333333333335	YITHFVVV:0.22666666666666666	SEATNSAL:0.25333333333333335	LLFLNNDT:0.31333333333333335	YLLFLNND:0.34	LVSIIIPT:0.26	YDLVLRFT:0.22	LVLRFTEK:0.21333333333333335	DLVLRFTE:0.22666666666666666	VGAKLYYP:0.2	DYDLVLRF:0.3	VNYSAVTA:0.2	IDIPFNFS:0.23333333333333334	VLRFTEKT:0.20666666666666667	IGGFRKGY:0.2	FKPDWSPD:0.2	VSIIIPTK:0.22	
