cluster number:1800
GT2:6	GT2:6
MHGFTVTE:0.3333333333333333	ALALMHGF:0.6666666666666666	EGMHRFFP:0.3333333333333333	AVRWMQHR:0.3333333333333333	FTVTEVPV:0.3333333333333333	IFVDDGST:0.3333333333333333	IKDERDNL:0.5	WASVIIPI:0.3333333333333333	IPIKDERD:0.5	LMHGFTVT:0.3333333333333333	YDLIAVRW:0.5	PWASVIIP:0.3333333333333333	GFTVTEVP:0.3333333333333333	LYDLIAVR:0.5	SLYDLIAV:0.5	PIKDERDN:0.5	GMHRFFPA:0.5	GNRLFKSL:0.5	SVIIPIKD:0.3333333333333333	VDDGSTDG:0.5	FPALALMH:0.6666666666666666	KSLYDLIA:0.5	EVPVRHYP:0.6666666666666666	LSSRIANR:0.3333333333333333	LALMHGFT:0.5	VTEVPVRH:0.5	HDTGCPLK:0.3333333333333333	RLFKSLYD:0.5	FFPALALM:0.6666666666666666	RFFPALAL:0.6666666666666666	HRFFPALA:0.6666666666666666	YDLVCGWR:0.3333333333333333	KLSSRIAN:0.5	TVTEVPVR:0.3333333333333333	SYDLVCGW:0.3333333333333333	PALALMHG:0.6666666666666666	VIIPIKDE:0.3333333333333333	DLIAVRWM:0.5	FKSLYDLI:0.5	ASVIIPIK:0.3333333333333333	LFKSLYDL:0.5	HGFTVTEV:0.3333333333333333	TEVPVRHY:0.6666666666666666	RVLRYKFR:0.3333333333333333	DDGSTDGS:0.6666666666666666	FVDDGSTD:0.3333333333333333	IIPIKDER:0.3333333333333333	MHRFFPAL:0.5	ALMHGFTV:0.3333333333333333	NRLFKSLY:0.5	LIAVRWMQ:0.3333333333333333	VPVRHYPR:0.6666666666666666	TDGSSELL:0.3333333333333333	DRNYGQSS:0.3333333333333333	YGVGNRLF:0.3333333333333333	VHDTGCSL:0.3333333333333333	FRRAVVEK:0.3333333333333333	HDTGCSLK:0.3333333333333333	DGSSELLD:0.3333333333333333	RKLSSRIA:0.3333333333333333	GDLQNDPA:0.5	STDGSSEL:0.3333333333333333	MDGDLQND:0.3333333333333333	QSSAFDAG:0.3333333333333333	SSAFDAGF:0.3333333333333333	SKYGVGNR:0.3333333333333333	HFDRNYGQ:0.3333333333333333	RNYGQSSA:0.3333333333333333	DTGCSLKI:0.3333333333333333	AVTGDRVH:0.3333333333333333	GDRVHDTG:0.3333333333333333	DGSTDGSS:0.3333333333333333	VRSAVTGD:0.3333333333333333	VGNRLFKS:0.3333333333333333	VTGDRVHD:0.3333333333333333	FDRNYGQS:0.5	GSTDGSSE:0.3333333333333333	DLQNDPAD:0.5	ITMDGDLQ:0.3333333333333333	YGQSSAFD:0.3333333333333333	GVGNRLFK:0.5	TMDGDLQN:0.3333333333333333	SAVTGDRV:0.3333333333333333	DRVHDTGC:0.3333333333333333	TGDRVHDT:0.3333333333333333	GQSSAFDA:0.3333333333333333	KYGVGNRL:0.3333333333333333	RVHDTGCS:0.3333333333333333	LQNDPADI:0.5	NYGQSSAF:0.3333333333333333	RSAVTGDR:0.3333333333333333	DGDLQNDP:0.5	VCGWRKDR:0.3333333333333333	YDVVCGWR:0.3333333333333333	
