cluster number:658
GT2:37	GT2:37|GT4:8
SVIIPTYN:0.21621621621621623	SVIIPAYN:0.24324324324324326	DDGSTDNT:0.3783783783783784	VVDDGSTD:0.2972972972972973	IVVDDGST:0.35135135135135137	DDGSTDST:0.21621621621621623	IIVVDDGS:0.35135135135135137	EIIVVDDG:0.35135135135135137	IIVIDDGS:0.3783783783783784	LPSAMMFR:0.21621621621621623	YEIIVIDD:0.24324324324324326	IVIDDGST:0.32432432432432434	EIIVIDDG:0.3783783783783784	PSAMMFRR:0.21621621621621623	VIDDGSTD:0.35135135135135137	IDDGSTDN:0.2702702702702703	DGSTDNTR:0.21621621621621623	
