cluster number:657
GT2:34	GT2:34
GEYIAPID:0.23529411764705882	VSVIIPAY:0.7941176470588235	APIDADDI:0.4411764705882353	LVSVIIPA:0.7352941176470589	VVDDGSQD:0.20588235294117646	GVAAARNL:0.35294117647058826	EYIAPIDA:0.23529411764705882	ASVPLIRR:0.2647058823529412	AAARNLAI:0.2647058823529412	IPAYNAEA:0.20588235294117646	NASVPLIR:0.2647058823529412	VIIPAYNA:0.7941176470588235	YIAPIDAD:0.2647058823529412	IAPIDADD:0.4117647058823529	NAQGCEDW:0.20588235294117646	EFLVGYRQ:0.23529411764705882	PIDADDIW:0.47058823529411764	AQGCEDWD:0.29411764705882354	IIPAYNAE:0.7058823529411765	VAAARNLA:0.2647058823529412	QNAQGCED:0.23529411764705882	PLVSVIIP:0.5882352941176471	SVIIPAYN:0.7941176470588235	NGGVSSAR:0.20588235294117646	AYNAEKFI:0.35294117647058826	IPAYNAEK:0.38235294117647056	GVSSARNE:0.20588235294117646	SSARNEGI:0.20588235294117646	GGVSSARN:0.20588235294117646	PAYNAEKF:0.38235294117647056	YNAEKFIG:0.23529411764705882	VSSARNEG:0.20588235294117646	DADDIWYP:0.3235294117647059	IDADDIWY:0.35294117647058826	LPLVSVII:0.2647058823529412	NAGVAAAR:0.20588235294117646	AGVAAARN:0.20588235294117646	
