cluster number:1832
GT2:59	GT2:59
VIGFLHSD:0.22033898305084745	QAASGDVI:0.2033898305084746	DTTKRIRL:0.23728813559322035	SDDLLAYD:0.2033898305084746	RLWKSGSF:0.23728813559322035	VAQNDTTK:0.22033898305084745	TKRIRLWK:0.2542372881355932	LLRYILKQ:0.23728813559322035	PDKGIYDA:0.2033898305084746	FSLDYRIS:0.2542372881355932	ISIITATY:0.4067796610169492	DTLLSLEK:0.2711864406779661	DALNKGIQ:0.2711864406779661	ASGDVIGF:0.22033898305084745	VLVKMRVG:0.288135593220339	KGIYDALN:0.3559322033898305	IQAASGDV:0.2033898305084746	RVGGISNR:0.3220338983050847	DNTIKLIK:0.22033898305084745	YVAQNDTT:0.22033898305084745	LRYILKQR:0.23728813559322035	GASKDNTI:0.2033898305084746	MRISIITA:0.2542372881355932	YIVVDGAS:0.23728813559322035	PDIEYIVV:0.2033898305084746	VKMRVGGI:0.2711864406779661	YLPKVLVK:0.23728813559322035	PKVLVKMR:0.23728813559322035	RISIITAT:0.2542372881355932	IEYIVVDG:0.2542372881355932	VDGASKDN:0.2711864406779661	QNDTTKRI:0.22033898305084745	AASGDVIG:0.2033898305084746	YGDLEYVA:0.2542372881355932	EYVAQNDT:0.22033898305084745	TATYNSEK:0.3050847457627119	NKGIQAAS:0.23728813559322035	ATYNSEKT:0.288135593220339	DIEYIVVD:0.23728813559322035	DLEYVAQN:0.23728813559322035	DSLLRYIL:0.23728813559322035	DDLLAYDD:0.2033898305084746	PHPSFYMK:0.3220338983050847	TTKRIRLW:0.2542372881355932	VGGISNRS:0.3220338983050847	SNRSVSSM:0.22033898305084745	LPKVLVKM:0.23728813559322035	GGISNRSV:0.23728813559322035	KMRVGGIS:0.3389830508474576	EYIVVDGA:0.23728813559322035	RIRLWKSG:0.2542372881355932	ALNKGIQA:0.23728813559322035	FLHSDDLL:0.2711864406779661	LEYVAQND:0.22033898305084745	VSKIICEP:0.2033898305084746	DGASKDNT:0.3050847457627119	SIITATYN:0.4406779661016949	GFLHSDDL:0.3389830508474576	LNKGIQAA:0.23728813559322035	SKLPQFIK:0.288135593220339	YDDAIADI:0.22033898305084745	HPSFYMKR:0.3220338983050847	NDTTKRIR:0.23728813559322035	WMPPHPSF:0.2542372881355932	LSLEKQTH:0.22033898305084745	AQNDTTKR:0.22033898305084745	KVLVKMRV:0.23728813559322035	SKIICEPD:0.2033898305084746	MRVGGISN:0.3389830508474576	TLLSLEKQ:0.2711864406779661	LLSLEKQT:0.2711864406779661	KLPQFIKK:0.2542372881355932	GIYDALNK:0.7288135593220338	IITATYNS:0.423728813559322	GWMPPHPS:0.2542372881355932	YDSLLRYI:0.23728813559322035	IRLWKSGS:0.23728813559322035	ITATYNSE:0.3898305084745763	SGDVIGFL:0.22033898305084745	DVIGFLHS:0.22033898305084745	EPDKGIYD:0.2033898305084746	TYNSEKTL:0.3898305084745763	KGIQAASG:0.23728813559322035	YILKQRIS:0.23728813559322035	WKSGSFSR:0.23728813559322035	RYILKQRI:0.23728813559322035	ISNRSVSS:0.22033898305084745	PPHPSFYM:0.4406779661016949	DYDSLLRY:0.2542372881355932	IGFLHSDD:0.3389830508474576	MPPHPSFY:0.2542372881355932	DKGIYDAL:0.3559322033898305	IYDALNKG:0.7288135593220338	GIQAASGD:0.23728813559322035	YDALNKGI:0.5423728813559322	LVKMRVGG:0.288135593220339	AYDDAIAD:0.22033898305084745	LHSDDLLA:0.2711864406779661	HSDDLLAY:0.2542372881355932	GISNRSVS:0.22033898305084745	SLLRYILK:0.23728813559322035	GDVIGFLH:0.23728813559322035	GDLEYVAQ:0.23728813559322035	KRIRLWKS:0.2542372881355932	LWKSGSFS:0.23728813559322035	ILKQRISI:0.22033898305084745	NSEKTLLD:0.22033898305084745	SADYDSLL:0.23728813559322035	SLDYRISA:0.23728813559322035	RISADYDS:0.23728813559322035	EKTLLDTL:0.22033898305084745	LDYRISAD:0.23728813559322035	TLLDTLLS:0.2033898305084746	ADYDSLLR:0.23728813559322035	YNSEKTLL:0.22033898305084745	LDTLLSLE:0.2033898305084746	YRISADYD:0.23728813559322035	LLDTLLSL:0.2033898305084746	ISADYDSL:0.3220338983050847	SEKTLLDT:0.22033898305084745	DYRISADY:0.23728813559322035	KTLLDTLL:0.2033898305084746	NGIYDALN:0.2542372881355932	DNGIYDAL:0.2542372881355932	MRLGGEST:0.22033898305084745	KMRLGGES:0.23728813559322035	IITVTYNS:0.22033898305084745	SIITVTYN:0.22033898305084745	VKMRLGGE:0.23728813559322035	FVKMRLGG:0.22033898305084745	IAADYDQM:0.22033898305084745	VSIITVTY:0.2033898305084746	VFVKMRLG:0.22033898305084745	IEYIIIDG:0.2033898305084746	ITVTYNSE:0.2033898305084746	
