cluster number:2628
GT2:27	GT2:27
RLDADDIA:0.6296296296296297	ARLDADDI:0.6296296296296297	LLVIDDGS:0.4074074074074074	ELLVIDDG:0.4074074074074074	DADDIALP:0.2962962962962963	VIDDGSTD:0.2222222222222222	ALPDRLAR:0.2222222222222222	LPDRLARQ:0.2222222222222222	KSPFIHPT:0.25925925925925924	QIYSARLA:0.25925925925925924	RQIYSARL:0.25925925925925924	YSARLAKL:0.2222222222222222	FEAGEDYD:0.25925925925925924	LDADDIAL:0.25925925925925924	GEDYDFWL:0.25925925925925924	IARLDADD:0.48148148148148145	VVLLGGWA:0.25925925925925924	DFWLRLAD:0.2222222222222222	RAPLIARL:0.25925925925925924	LRQIYSAR:0.25925925925925924	AAFEAGED:0.2222222222222222	DYDFWLRL:0.2222222222222222	PLIARLDA:0.25925925925925924	LTAGERKF:0.2222222222222222	APLIARLD:0.25925925925925924	EDYDFWLR:0.25925925925925924	LIARLDAD:0.25925925925925924	AARRVGGY:0.2222222222222222	PFIHPTVM:0.2222222222222222	SPFIHPTV:0.25925925925925924	AGEDYDFW:0.25925925925925924	ARAPLIAR:0.25925925925925924	AFEAGEDY:0.25925925925925924	EAGEDYDF:0.25925925925925924	IYSARLAK:0.25925925925925924	YDFWLRLA:0.2222222222222222	SARLAKLA:0.2222222222222222	AALLNLLR:0.2222222222222222	TAGERKFA:0.2222222222222222	
