cluster number:2364
GT2:23	GT2:23
CDDGSTDN:0.391304347826087	ICDDGSTD:0.6086956521739131	IICDDGST:0.5652173913043478	DDGSTDNT:0.30434782608695654	LIICDDGS:0.6086956521739131	ELIICDDG:0.6086956521739131	FELIICDD:0.6086956521739131	NSAKWGKD:0.21739130434782608	YFLPELLM:0.21739130434782608	QVGSTLFR:0.6086956521739131	IKFDDDDG:0.2608695652173913	QADGCEDF:0.34782608695652173	LQVGSTLF:0.6086956521739131	GEYFIKFD:0.30434782608695654	FDDDDGLT:0.2608695652173913	GGQTSLKQ:0.391304347826087	MEYRFHGG:0.43478260869565216	YQSLQVGS:0.43478260869565216	QSLQVGST:0.6086956521739131	YFIKFDDD:0.6521739130434783	LPELLMEY:0.21739130434782608	KDYTEQVR:0.21739130434782608	LMEYRFHG:0.5652173913043478	YRFHGGQT:0.43478260869565216	LLMEYRFH:0.21739130434782608	ADGCEDFD:0.6521739130434783	GCEDFDLL:0.6521739130434783	HGGQTSLK:0.391304347826087	DFDLLVRL:0.6086956521739131	RFHGGQTS:0.43478260869565216	PELLMEYR:0.21739130434782608	DGCEDFDL:0.6521739130434783	EYFIKFDD:0.30434782608695654	IPTYNRAD:0.21739130434782608	ELLMEYRF:0.21739130434782608	CIPTYNRA:0.391304347826087	FDLLVRLA:0.6086956521739131	EDFDLLVR:0.6521739130434783	EYRFHGGQ:0.43478260869565216	FIKFDDDD:0.6521739130434783	CEDFDLLV:0.6521739130434783	FLPELLME:0.21739130434782608	KFDDDDGL:0.2608695652173913	DLLVRLAL:0.21739130434782608	SLQVGSTL:0.6086956521739131	FHGGQTSL:0.43478260869565216	QEVDYMRP:0.2608695652173913	LGLRLIEK:0.2608695652173913	LVRLAIAG:0.21739130434782608	STLFRRAC:0.30434782608695654	DYMRPQAD:0.30434782608695654	KQGYFLPE:0.2608695652173913	EVDYMRPQ:0.21739130434782608	DLLVRLAI:0.391304347826087	LLVRLAIA:0.391304347826087	VDYMRPQA:0.30434782608695654	CLQEVDYM:0.2608695652173913	LFRRACLQ:0.2608695652173913	PQADGCED:0.30434782608695654	LQEVDYMR:0.2608695652173913	RPQADGCE:0.30434782608695654	VGSTLFRR:0.34782608695652173	IKFDDDDA:0.391304347826087	RACLQEVD:0.2608695652173913	VRLAIAGK:0.21739130434782608	GLRLIEKG:0.2608695652173913	MRPQADGC:0.30434782608695654	ACLQEVDY:0.2608695652173913	GSTLFRRA:0.30434782608695654	FRRACLQE:0.2608695652173913	RRACLQEV:0.2608695652173913	TLFRRACL:0.30434782608695654	YMRPQADG:0.30434782608695654	TDFELIIC:0.30434782608695654	DFELIICD:0.4782608695652174	VTVCIPTY:0.21739130434782608	TVCIPTYN:0.21739130434782608	FRQLRPKD:0.34782608695652173	RQLRPKDY:0.34782608695652173	VCIPTYNR:0.43478260869565216	KVTVCIPT:0.21739130434782608	LPEFLMEY:0.34782608695652173	VSVCIPTY:0.2608695652173913	DDDDALTP:0.2608695652173913	EFLMEYRF:0.34782608695652173	SVCIPTYN:0.2608695652173913	YFLPEFLM:0.34782608695652173	PEFLMEYR:0.391304347826087	GYFLPEFL:0.34782608695652173	FDDDDALT:0.2608695652173913	FLPEFLME:0.34782608695652173	FLMEYRFH:0.34782608695652173	SLKQNLHF:0.30434782608695654	LKQNLHFL:0.30434782608695654	KFDDDDAL:0.2608695652173913	KVSVCIPT:0.2608695652173913	RSRNMRSG:0.391304347826087	QTSLKQNL:0.21739130434782608	LTPEFLEK:0.2608695652173913	QLRPKDYT:0.2608695652173913	TPEFLEKT:0.2608695652173913	DFVCTNHW:0.391304347826087	LRPKDYTE:0.2608695652173913	PEFLEKTV:0.21739130434782608	DDALTPEF:0.21739130434782608	ALTPEFLE:0.21739130434782608	VDFVCTNH:0.30434782608695654	DDDALTPE:0.21739130434782608	GRSRNMRS:0.391304347826087	DALTPEFL:0.21739130434782608	RNMRSGFE:0.2608695652173913	YTDFELII:0.21739130434782608	GQTSLKQN:0.2608695652173913	SRNMRSGF:0.391304347826087	TSLKQNLH:0.21739130434782608	NMRSGFEA:0.2608695652173913	EADGCEDF:0.21739130434782608	FVCTNHWI:0.30434782608695654	RPEADGCE:0.21739130434782608	PEADGCED:0.21739130434782608	MRPEADGC:0.21739130434782608	CTNHWIIN:0.2608695652173913	TNHWIINQ:0.2608695652173913	YMRPEADG:0.21739130434782608	VCTNHWII:0.30434782608695654	
