cluster number:2530
GT2:60	GT2:60
SLHDWYCY:0.3	HDWYCYAF:0.4166666666666667	YRQHANNQ:0.21666666666666667	YCYAFARS:0.38333333333333336	FGGASRNF:0.4	GPGCTYVL:0.3	VLLAAYNG:0.6	LHDWYCYA:0.4166666666666667	FSDQDDIW:0.31666666666666665	AGPGCTYV:0.7666666666666667	SRNFFRLI:0.35	AFSDQDDI:0.21666666666666667	CYAFARSH:0.3	NQVGANTG:0.3	WYCYAFAR:0.4	LLAAYNGM:0.45	RNFFRLIR:0.4	AAGPGCTY:0.7666666666666667	NFFRLIRD:0.48333333333333334	ASRNFFRL:0.4	QVGANTGL:0.25	QHANNQVG:0.21666666666666667	GGASRNFF:0.4	EAAGPGCT:0.7666666666666667	RQHANNQV:0.21666666666666667	FEAAGPGC:0.8	DWYCYAFA:0.4	FFRLIRDV:0.48333333333333334	FRLIRDVD:0.4	YAFARSHG:0.31666666666666665	GASRNFFR:0.4	LDKAQPQV:0.21666666666666667	RLIRDVDF:0.3333333333333333	VAVLLAAY:0.45	AVLLAAYN:0.5166666666666667	VSLHDWYC:0.3	PKVAVLLA:0.26666666666666666	KVAVLLAA:0.2833333333333333	FADQDDIW:0.31666666666666665	FLFEAAGP:0.3	GMQWIEEQ:0.21666666666666667	WDFLFEAA:0.2833333333333333	VAFADQDD:0.25	DFLFEAAG:0.3	NGMQWIEE:0.21666666666666667	LFEAAGPG:0.7	YLFEAAGP:0.25	DYLFEAAG:0.25	GPGCTYVF:0.23333333333333334	FARSHGFR:0.2	YSSNVTAF:0.25	SSNVTAFW:0.31666666666666665	VTAFWPDG:0.23333333333333334	AYSSNVTA:0.21666666666666667	AFARSHGF:0.2	SNVTAFWP:0.21666666666666667	ARSHGFRW:0.2	NVTAFWPD:0.23333333333333334	DAYSSNVT:0.2	GPGCTYVM:0.21666666666666667	
