cluster number:1526
GT2:37	GT2:37
RDTQCGFK:0.3783783783783784	AIGSRAHL:0.2702702702702703	GVAIGSRA:0.24324324324324326	TQCGFKLF:0.7297297297297297	LFADADGA:0.21621621621621623	CGFKLFTR:0.21621621621621623	IRDTQCGF:0.35135135135135137	QCGFKLFT:0.21621621621621623	IGSRAHLV:0.2972972972972973	FADADGAS:0.5405405405405406	VAIGSRAH:0.24324324324324326	NRGKGGAV:0.40540540540540543	DTQCGFKL:0.7837837837837838	VVIPAYNE:0.21621621621621623	EAVVKRSA:0.2702702702702703	QCGFKLFS:0.4594594594594595	CGFKLFSR:0.4594594594594595	GGAVTHGM:0.32432432432432434	KGGAVTHG:0.35135135135135137	PYMHSEGW:0.2972972972972973	VTHGMRHV:0.21621621621621623	DADGASRF:0.40540540540540543	HSEGWIFD:0.2972972972972973	HGMRHVRG:0.21621621621621623	EGWIFDVE:0.35135135135135137	DVEMLMLA:0.32432432432432434	AHLVGSEA:0.2702702702702703	RAHLVGSE:0.2702702702702703	WIFDVEML:0.32432432432432434	GSEAVVKR:0.40540540540540543	GAVTHGMR:0.32432432432432434	GKGGAVTH:0.35135135135135137	RGKGGAVT:0.35135135135135137	FDVEMLML:0.32432432432432434	SRAHLVGS:0.2702702702702703	SEAVVKRS:0.40540540540540543	THGMRHVR:0.21621621621621623	VGSEAVVK:0.43243243243243246	YMHSEGWI:0.2972972972972973	HLVGSEAV:0.2972972972972973	LVGSEAVV:0.35135135135135137	IKDTQCGF:0.35135135135135137	GFKLFSRA:0.2702702702702703	GSRAHLVG:0.2702702702702703	SEGWIFDV:0.2702702702702703	KDTQCGFK:0.3783783783783784	VEMLMLAE:0.32432432432432434	GWIFDVEM:0.32432432432432434	ADADGASR:0.40540540540540543	MHSEGWIF:0.2972972972972973	AVTHGMRH:0.32432432432432434	IFDVEMLM:0.32432432432432434	EMLMLAES:0.43243243243243246	MLMLAESA:0.43243243243243246	VVFADADG:0.24324324324324326	VVPAYNEE:0.2972972972972973	RGVAIGSR:0.24324324324324326	YVVFADAD:0.24324324324324326	VFADADGA:0.3783783783783784	NFLMRSFH:0.21621621621621623	LMLAESAP:0.2972972972972973	EVGGSKLN:0.24324324324324326	AVLRASWM:0.24324324324324326	LTPPATSR:0.2702702702702703	LAVLRASW:0.24324324324324326	FDIEMLML:0.24324324324324326	RNFLMRSF:0.21621621621621623	VGGSKLNV:0.24324324324324326	EGWIFDIE:0.24324324324324326	WIFDIEML:0.24324324324324326	LPCWYDRW:0.24324324324324326	GLAVLRAS:0.24324324324324326	MLAESAPA:0.24324324324324326	DIEMLMLA:0.24324324324324326	GWIFDIEM:0.24324324324324326	IEMLMLAE:0.24324324324324326	ILTPPATS:0.24324324324324326	GVYRRRLT:0.21621621621621623	IFDIEMLM:0.24324324324324326	GIKVAEVP:0.21621621621621623	LAESAPAT:0.21621621621621623	TSRIRDTQ:0.24324324324324326	TPPATSRI:0.24324324324324326	SRIRDTQC:0.24324324324324326	PATSRIRD:0.24324324324324326	AESAPATP:0.21621621621621623	PPATSRIR:0.24324324324324326	ESAPATPV:0.21621621621621623	RIRDTQCG:0.24324324324324326	ATSRIRDT:0.24324324324324326	VGSRAHMV:0.21621621621621623	GSRAHMVG:0.21621621621621623	
