cluster number:1665
GT2:22	GT2:22
HGVGVLAK:0.22727272727272727	KKYGDVLV:0.3181818181818182	EADLVIGS:0.5454545454545454	VLVVDDGS:0.7727272727272727	LTLNVLAR:0.22727272727272727	LTIGSVVA:0.5	AKKYGDVL:0.2727272727272727	PINVRYDV:0.36363636363636365	PLYRRLGL:0.2727272727272727	NEELTIGS:0.5909090909090909	LYRRLGLW:0.2727272727272727	GYKRPLLL:0.2727272727272727	LVIGSRYL:0.5454545454545454	EELTIGSV:0.5454545454545454	SVVALAKK:0.36363636363636365	QSGFRALN:0.22727272727272727	LFIAGLTL:0.2727272727272727	DADGQHNP:0.5909090909090909	SHGVGVLA:0.22727272727272727	VCLDADGQ:0.22727272727272727	DVLVVDDG:0.6363636363636364	SQSGFRAL:0.36363636363636365	GLIGYKRP:0.2727272727272727	YGDVLVVD:0.5454545454545454	DSQSGFRA:0.7727272727272727	IGIQLFIA:0.2727272727272727	LDADGQHN:0.3181818181818182	NVLARMVR:0.22727272727272727	IGYKRPLL:0.2727272727272727	VIPAYNEE:0.22727272727272727	RRLGLWVL:0.36363636363636365	VVALAKKY:0.3181818181818182	AGLTLNVL:0.5	IPLYRRLG:0.22727272727272727	VPINVRYD:0.36363636363636365	ADLVIGSR:0.8181818181818182	GDVLVVDD:0.6363636363636364	VVCLDADG:0.22727272727272727	CLDADGQH:0.22727272727272727	DLVIGSRY:0.6818181818181818	SGFRALNR:0.22727272727272727	GIQLFIAG:0.2727272727272727	GLTLNVLA:0.36363636363636365	LIGYKRPL:0.2727272727272727	LAKKYGDV:0.2727272727272727	YRRLGLWV:0.36363636363636365	TLNVLARM:0.22727272727272727	GEADLVIG:0.36363636363636365	VALAKKYG:0.3181818181818182	AYNEELTI:0.6363636363636364	IGSVVALA:0.5	EVPINVRY:0.36363636363636365	QHNPDEIP:0.3181818181818182	LGLWVLNK:0.22727272727272727	QLFIAGLT:0.2727272727272727	IQLFIAGL:0.2727272727272727	ALAKKYGD:0.2727272727272727	GSVVALAK:0.45454545454545453	RLGLWVLN:0.36363636363636365	LIVIPAYN:0.22727272727272727	TIGSVVAL:0.5	PAYNEELT:0.6818181818181818	NPDEIPLL:0.22727272727272727	FIAGLTLN:0.2727272727272727	HNPDEIPL:0.22727272727272727	ADGQHNPD:0.3181818181818182	ELTIGSVV:0.5454545454545454	YKRPLLLF:0.3181818181818182	KYGDVLVV:0.45454545454545453	DGQHNPDE:0.3181818181818182	GQHNPDEI:0.3181818181818182	VGLIGYKR:0.22727272727272727	VIGSRYLN:0.5	IAGLTLNV:0.2727272727272727	IVIPAYNE:0.22727272727272727	INVRYDVP:0.4090909090909091	YNEELTIG:0.6363636363636364	LNVLARMV:0.2727272727272727	IPAYNEEL:0.6818181818181818	GQHNPEEI:0.2727272727272727	LVVDDGSK:0.4090909090909091	RTSEIARE:0.2727272727272727	ADGQHNPE:0.2727272727272727	VDDGSKDR:0.3181818181818182	SKDRTSEI:0.22727272727272727	QHNPEEIP:0.2727272727272727	EIPLLLKP:0.22727272727272727	DGSKDRTS:0.2727272727272727	IPLLLKPI:0.22727272727272727	DRTSEIAR:0.2727272727272727	TDSQSGFR:0.45454545454545453	GSKDRTSE:0.22727272727272727	KITDSQSG:0.36363636363636365	ITDSQSGF:0.4090909090909091	VVDDGSKD:0.4090909090909091	DDGSKDRT:0.3181818181818182	KDRTSEIA:0.22727272727272727	DGQHNPEE:0.2727272727272727	QLFVAGLT:0.22727272727272727	LFVAGLTL:0.22727272727272727	VAGLTLNV:0.22727272727272727	FVAGLTLN:0.22727272727272727	GIQLFVAG:0.3181818181818182	IQLFVAGL:0.3181818181818182	IGIQLFVA:0.3181818181818182	GIFVIIGI:0.22727272727272727	GAGIFVII:0.22727272727272727	NVLAKMVR:0.22727272727272727	IFVIIGIQ:0.22727272727272727	RYDVPNKH:0.3181818181818182	AGIFVIIG:0.22727272727272727	IGAGIFVI:0.22727272727272727	IDADGQHN:0.22727272727272727	VRYDVPNK:0.3181818181818182	TLIIIPAY:0.3181818181818182	IIPAYNEE:0.45454545454545453	KADLVIGS:0.2727272727272727	LIIIPAYN:0.36363636363636365	LNVLAKMV:0.22727272727272727	VTIDADGQ:0.2727272727272727	TIDADGQH:0.2727272727272727	YDVPNKHK:0.3181818181818182	IIIPAYNE:0.36363636363636365	DVPNKHKK:0.2727272727272727	GYRRPLLL:0.2727272727272727	LIGYRRPL:0.2727272727272727	RRPLLLFG:0.22727272727272727	YRRPLLLF:0.2727272727272727	VPNKHKKN:0.22727272727272727	IIGIQLFV:0.22727272727272727	IGYRRPLL:0.2727272727272727	PNKHKKNP:0.22727272727272727	IGSRYLNG:0.22727272727272727	RPLLLFGV:0.2727272727272727	LLFGVLSL:0.22727272727272727	PLLLFGVL:0.22727272727272727	LLLFGVLS:0.22727272727272727	NVRYDVPN:0.22727272727272727	IDADGQHD:0.3181818181818182	
