cluster number:2212
GT2:13	GT2:13
FKGLEKNQ:0.23076923076923078	GVKEATGE:0.23076923076923078	PNWLGKNH:0.3076923076923077	AVYQGVKE:0.23076923076923078	IEWRGTFY:0.23076923076923078	LVNDRSTD:0.23076923076923078	KEATGEWL:0.3076923076923077	IGGYEAIP:0.23076923076923078	WLGKNHAV:0.3076923076923077	EWRGTFYP:0.23076923076923078	EIGGYEAI:0.23076923076923078	EWLLLTDA:0.23076923076923078	KQGFGFSK:0.23076923076923078	PACNEEES:0.23076923076923078	AFNLIKRS:0.23076923076923078	LGKNHAVY:0.3076923076923077	VGIGAFNL:0.23076923076923078	WLLLTDAD:0.23076923076923078	IGAFNLIK:0.23076923076923078	GGIEWRGT:0.23076923076923078	GAFNLIKR:0.23076923076923078	IPACNEEE:0.23076923076923078	GEWLLLTD:0.23076923076923078	KGYKQGFG:0.23076923076923078	HAVYQGVK:0.23076923076923078	ATGEWLLL:0.23076923076923078	VIIPACNE:0.23076923076923078	DRSTDQTG:0.3076923076923077	RGGIEWRG:0.23076923076923078	TGEWLLLT:0.23076923076923078	RGTFYPLE:0.38461538461538464	NDRSTDQT:0.38461538461538464	VKTLSRGG:0.23076923076923078	GIEWRGTF:0.23076923076923078	PPNWLGKN:0.3076923076923077	LPPNWLGK:0.3076923076923077	GKNHAVYQ:0.23076923076923078	VYQGVKEA:0.23076923076923078	KGLEKNQF:0.23076923076923078	VKEATGEW:0.23076923076923078	YKQGFGFS:0.23076923076923078	PQLKVITI:0.3076923076923077	KNHAVYQG:0.23076923076923078	ACNEEESI:0.3076923076923077	DLPPNWLG:0.3076923076923077	GIGAFNLI:0.38461538461538464	VYQEIGGY:0.23076923076923078	YPQLKVIT:0.3076923076923077	LSVIIPAC:0.23076923076923078	YQGVKEAT:0.23076923076923078	VNDRSTDQ:0.38461538461538464	NWLGKNHA:0.38461538461538464	EATGEWLL:0.3076923076923077	QEIGGYEA:0.23076923076923078	SVIIPACN:0.23076923076923078	YQEIGGYE:0.3076923076923077	QGVKEATG:0.23076923076923078	GLEKNQFA:0.23076923076923078	GYKQGFGF:0.23076923076923078	WRGTFYPL:0.38461538461538464	SVYQEIGG:0.23076923076923078	NHAVYQGV:0.23076923076923078	TDADVMFS:0.3076923076923077	VIVVNDRS:0.23076923076923078	DADVMFSP:0.23076923076923078	WLLFTDAD:0.46153846153846156	PQLKVVTI:0.23076923076923078	FTDADVMF:0.38461538461538464	EWLLFTDA:0.38461538461538464	LLFTDADV:0.5384615384615384	GEWLLFTD:0.38461538461538464	EVIVVNDR:0.23076923076923078	LFTDADVM:0.38461538461538464	NDRSTDNT:0.23076923076923078	VVNDRSTD:0.3076923076923077	IVVNDRST:0.23076923076923078	VNDRSTDN:0.23076923076923078	LEKNTFAG:0.23076923076923078	RPDDDLML:0.23076923076923078	GLEKNTFA:0.23076923076923078	EGWLGKNH:0.23076923076923078	PDDDLMLG:0.23076923076923078	GWLGKNHA:0.38461538461538464	EKNTFAGL:0.23076923076923078	WLGKNHAL:0.23076923076923078	
