cluster number:25
GT2:155	GT2:155
DSRIRLLS:0.2	KINVVGKT:0.2129032258064516	EARGRYIA:0.24516129032258063	EAKGIQQV:0.23225806451612904	YFSKYAYH:0.21935483870967742	DSDDIWLP:0.2645161290322581	GNTIIGCL:0.23870967741935484	NQSYENWE:0.2129032258064516	SYASYSLI:0.2129032258064516	VITPSYNS:0.21935483870967742	LDSDDIWL:0.2645161290322581	LKTQLLFM:0.21935483870967742	QVLAKYRI:0.23225806451612904	LPHKLKTQ:0.21935483870967742	RYIAFLDS:0.27741935483870966	FYYFSKYA:0.21935483870967742	IQQVLAKY:0.23225806451612904	PHKLKTQL:0.2129032258064516	FLDSDDIW:0.3096774193548387	NWEMIIVD:0.2709677419354839	AFLDSDDI:0.2967741935483871	SYSLIDEN:0.22580645161290322	NTIIGCLT:0.6838709677419355	IWLPHKLK:0.21935483870967742	QPEDTALW:0.23225806451612904	WEMIIVDD:0.4258064516129032	WLPHKLKT:0.21935483870967742	YASYSLID:0.2129032258064516	DDIWLPHK:0.21935483870967742	KGIQQVLA:0.23225806451612904	VQNQSYEN:0.2064516129032258	FRYWKLLR:0.2064516129032258	YENWEMII:0.2	QNQSYENW:0.2064516129032258	GRYIAFLD:0.2838709677419355	AAFRYWKL:0.21935483870967742	QLLFMEEM:0.21935483870967742	ASYSLIDE:0.2129032258064516	FSKYAYHA:0.21935483870967742	VSVITPSY:0.43870967741935485	FSYASYSL:0.2129032258064516	TQLLFMEE:0.22580645161290322	GIQQVLAK:0.23225806451612904	PEDTALWL:0.23225806451612904	HKLKTQLL:0.2129032258064516	INVVGKTQ:0.2064516129032258	SRIRLLSL:0.2	SKYAYHAY:0.21935483870967742	IIEGDSRI:0.2064516129032258	RGRYIAFL:0.25806451612903225	QSYENWEM:0.2129032258064516	SDDIWLPH:0.2129032258064516	DIWLPHKL:0.21935483870967742	ARGRYIAF:0.25806451612903225	SVQNQSYE:0.2129032258064516	AFRYWKLL:0.21935483870967742	EGDSRIRL:0.21935483870967742	AKGIQQVL:0.23225806451612904	VLAKYRIV:0.23225806451612904	KTQLLFME:0.21935483870967742	TIIGCLTV:0.6838709677419355	IEGDSRIR:0.21935483870967742	SYENWEMI:0.2	SVITPSYN:0.5225806451612903	YYFSKYAY:0.2064516129032258	KNKINVVG:0.2129032258064516	IAFLDSDD:0.4967741935483871	KLKTQLLF:0.21935483870967742	LLFMEEMN:0.2064516129032258	NKINVVGK:0.2129032258064516	QQVLAKYR:0.23225806451612904	YIAFLDSD:0.3096774193548387	GCLTVMID:0.4838709677419355	LTVMIDRE:0.4645161290322581	MIIVDDCS:0.2967741935483871	EMIIVDDC:0.2967741935483871	CLTVMIDR:0.4774193548387097	IIVDDCST:0.2903225806451613	IVDDCSTD:0.3032258064516129	IIGCLTVM:0.6258064516129033	IGCLTVMI:0.4838709677419355	WKAAKKTW:0.3419354838709677	AFSFTGYS:0.2129032258064516	CAFSFTGY:0.23225806451612904	YVAFLDSD:0.3225806451612903	VITPSYNA:0.2967741935483871	KWKAAKKT:0.3419354838709677	RTRQDLAT:0.432258064516129	STDGTRDI:0.2967741935483871	RYVAFLDS:0.2903225806451613	LATWLSLL:0.23225806451612904	PNIRTRQD:0.3225806451612903	FVYREIER:0.23870967741935484	LKNTIIGC:0.432258064516129	ATWLSLLK:0.23225806451612904	TDGTRDIL:0.2967741935483871	AAKKTWFV:0.32903225806451614	VAFLDSDD:0.34838709677419355	REIERLHF:0.23225806451612904	MIDREQTG:0.2903225806451613	SISSNKWK:0.36774193548387096	AKKTWFVY:0.32903225806451614	NKWKAAKK:0.3419354838709677	QDLATWLS:0.432258064516129	NSISSNKW:0.34838709677419355	KKTWFVYR:0.32903225806451614	ALKNTIIG:0.3419354838709677	SNKWKAAK:0.3419354838709677	KAAKKTWF:0.32903225806451614	IRTRQDLA:0.432258064516129	CSTDGTRD:0.3096774193548387	GRYVAFLD:0.3032258064516129	ERSCAFSF:0.2129032258064516	EQTGQIQM:0.22580645161290322	KTWFVYRE:0.36129032258064514	TWFVYREI:0.36129032258064514	VYREIERL:0.3161290322580645	QTGQIQMP:0.22580645161290322	TVMIDREQ:0.2903225806451613	SSNKWKAA:0.36774193548387096	SCAFSFTG:0.22580645161290322	DLATWLSL:0.23225806451612904	VMIDREQT:0.2903225806451613	DREQTGQI:0.22580645161290322	KNTIIGCL:0.432258064516129	REQTGQIQ:0.22580645161290322	WFVYREIE:0.36129032258064514	DCSTDGTR:0.4129032258064516	DDCSTDGT:0.41935483870967744	TRQDLATW:0.432258064516129	NIRTRQDL:0.3161290322580645	IDREQTGQ:0.23225806451612904	RSCAFSFT:0.2129032258064516	MPNIRTRQ:0.3225806451612903	RQDLATWL:0.432258064516129	ISSNKWKA:0.36774193548387096	YREIERLH:0.3096774193548387	IADDCSTD:0.3032258064516129	IIADDCST:0.2903225806451613	ADDCSTDG:0.2838709677419355	EALKNTII:0.2	
