cluster number:2365
GT2:22	GT2:22|GT9:1|GT27:1
VSAARNAG:0.22727272727272727	VAYLDSDN:0.36363636363636365	GVSAARNA:0.22727272727272727	SAARNAGL:0.22727272727272727	GGVSAARN:0.2727272727272727	HSFDARAR:0.2727272727272727	DDGSTDGT:0.5	GSTDGTAE:0.5	DGSTDGTA:0.5	STDGTAEA:0.36363636363636365	GVVLNDHW:0.3181818181818182	YLDSDNVW:0.22727272727272727	AYLDSDNV:0.22727272727272727	VDDGSTDG:0.36363636363636365	AGVVLNDH:0.3181818181818182	TDGTAEAI:0.2727272727272727	GAGVVLND:0.3181818181818182	AGAGVVLN:0.3181818181818182	EHSFDARA:0.3181818181818182	VVDDGSTD:0.3181818181818182	YAGAGVVL:0.3181818181818182	
