cluster number:791
GT2:31	GT2:31
KGIYDAMN:0.6774193548387096	PDKGIYDA:0.6129032258064516	DAMNKGIK:0.22580645161290322	MKISIITV:0.22580645161290322	IITVCYNS:0.22580645161290322	IEYIVIDG:0.2903225806451613	DKGIYDAM:0.6774193548387096	YDAMNKGI:0.5161290322580645	SEPDKGIY:0.5483870967741935	KISIITVC:0.22580645161290322	EPDKGIYD:0.5483870967741935	DIEYIVID:0.25806451612903225	GIYDAMNK:0.7419354838709677	SIITVCYN:0.25806451612903225	IYDAMNKG:0.7419354838709677	
