cluster number:1835
GT2:520	GT2:520|2.4.1.-:1
NRFSKGIF:0.5153846153846153	EYNRFSKG:0.4230769230769231	YNRFSKGI:0.35192307692307695	FSRNFGKE:0.801923076923077	SRNFGKEA:0.6788461538461539	RFSKGIFS:0.37115384615384617	KIFLETKK:0.2519230769230769	VDLQDPPE:0.40192307692307694	RLMTRQVV:0.26346153846153847	VMDVDLQD:0.45	SKGIFSWV:0.35192307692307695	LQDPPELL:0.40576923076923077	KGIFSWVG:0.3576923076923077	IFLETKKR:0.25769230769230766	QDPPELLP:0.2326923076923077	EVNRFSKG:0.20384615384615384	DLQDPPEL:0.4269230769230769	TVMDVDLQ:0.25	LMTRQVVD:0.21923076923076923	MDVDLQDP:0.5134615384615384	FSKGIFSW:0.37115384615384617	FLETKKRP:0.29423076923076924	DVDLQDPP:0.5153846153846153	EAALYAGL:0.27307692307692305	FGKEAALY:0.2923076923076923	SFSRNFGK:0.7480769230769231	MDADLQDP:0.36346153846153845	ISFSRNFG:0.3596153846153846	DADLQDPP:0.37115384615384617	GKEAALYA:0.27692307692307694	NFGKEAAL:0.40576923076923077	YISFSRNF:0.3096153846153846	AALYAGLQ:0.2423076923076923	RNFGKEAA:0.5076923076923077	NRFSKGLF:0.2653846153846154	VMDADLQD:0.3230769230769231	KEAALYAG:0.27692307692307694	LSFSRNFG:0.22884615384615384	FSWVGFKT:0.20576923076923076	YLSFSRNF:0.2230769230769231	RDFRLMTR:0.2326923076923077	DFRLMTRQ:0.23076923076923078	GIFSWVGF:0.27307692307692305	GARDFRLM:0.3403846153846154	DGARDFRL:0.29615384615384616	VDGARDFR:0.35	ARDFRLMT:0.20576923076923076	MVDGARDF:0.20192307692307693	
