cluster number:970
GT2:9	GT2:9
YGWGIING:0.4444444444444444	IINGLRWA:0.3333333333333333	GWGIINGL:0.4444444444444444	VWREGDPA:0.2222222222222222	LIFNKLFV:0.2222222222222222	FVYTFKVN:0.4444444444444444	NQGYGWGI:0.3333333333333333	LGFMGGDG:0.4444444444444444	SLIFNKLF:0.2222222222222222	TFKVNVGD:0.4444444444444444	NKLFVYTF:0.3333333333333333	LVDNGSTD:0.5555555555555556	GFMGGDGQ:0.4444444444444444	VDNGSTDH:0.2222222222222222	DNGSTDHT:0.2222222222222222	LFVYTFKV:0.3333333333333333	VLVDNGST:0.5555555555555556	IFNKLFVY:0.3333333333333333	GYGWGIIN:0.4444444444444444	LVLVDNGS:0.4444444444444444	NGSTDHTG:0.2222222222222222	DWFLDAEI:0.2222222222222222	KLFVYTFK:0.3333333333333333	YLGFMGGD:0.4444444444444444	WGIINGLR:0.3333333333333333	FKVNVGDI:0.4444444444444444	ELVLVDNG:0.3333333333333333	FNKLFVYT:0.3333333333333333	YTFKVNVG:0.4444444444444444	SKDWFLDA:0.2222222222222222	GIINGLRW:0.3333333333333333	FMGGDGQI:0.4444444444444444	VYTFKVNV:0.4444444444444444	KVNVGDIN:0.4444444444444444	QGYGWGII:0.3333333333333333	KDWFLDAE:0.4444444444444444	VDNGSTDR:0.3333333333333333	HELVLVDN:0.2222222222222222	INGSPKIM:0.3333333333333333	GGDGQIDP:0.2222222222222222	DNGSTDRT:0.2222222222222222	DINGSPKI:0.3333333333333333	VLPMYNEE:0.2222222222222222	NHELVLVD:0.2222222222222222	LSLVLPMY:0.2222222222222222	VNVGDING:0.3333333333333333	NGSPKIMT:0.2222222222222222	ANGDYLGF:0.2222222222222222	DYLGFMGG:0.3333333333333333	VGDINGSP:0.3333333333333333	INHELVLV:0.2222222222222222	GDINGSPK:0.3333333333333333	GDYLGFMG:0.3333333333333333	NVGDINGS:0.3333333333333333	SLVLPMYN:0.2222222222222222	WANGDYLG:0.2222222222222222	LVLPMYNE:0.2222222222222222	GSPKIMTR:0.2222222222222222	MGGDGQID:0.2222222222222222	IGEVPVVF:0.2222222222222222	YHLCKVNR:0.2222222222222222	NGDYLGFM:0.2222222222222222	DWFLDAEV:0.2222222222222222	ELILVNNG:0.4444444444444444	LVNNGSTD:0.4444444444444444	LILVNNGS:0.4444444444444444	ILVNNGST:0.4444444444444444	YELILVNN:0.3333333333333333	NNGSTDNT:0.2222222222222222	VNNGSTDN:0.2222222222222222	
