cluster number:924
GT2:24	GT2:24
ISDNASTD:0.25	PTYNREAY:0.20833333333333334	IKLSICIP:0.4166666666666667	EIVISDNA:0.20833333333333334	GGLEYFLY:0.375	YNREAYLR:0.20833333333333334	TYNREAYL:0.20833333333333334	SGIKLSIC:0.3333333333333333	SICIPTYN:0.8333333333333334	MSGIKLSI:0.3333333333333333	HIFPEIAI:0.20833333333333334	CIPTYNRE:0.4583333333333333	IFPEIAIY:0.20833333333333334	FIKAYELY:0.20833333333333334	FPEIAIYR:0.20833333333333334	NREAYLRN:0.20833333333333334	KLSICIPT:0.5416666666666666	RHIFPEIA:0.2916666666666667	ERHIFPEI:0.3333333333333333	FTLNRMAV:0.4166666666666667	LSICIPTY:0.7916666666666666	IKAYELYT:0.25	YRGGLEYF:0.4166666666666667	GIKLSICI:0.3333333333333333	RGGLEYFL:0.375	KAYELYTR:0.25	TLNRMAVA:0.4166666666666667	ICIPTYNR:0.7916666666666666	EIAIYRSS:0.20833333333333334	IVISDNAS:0.20833333333333334	YEIVISDN:0.20833333333333334	IPTYNREA:0.20833333333333334	PEIAIYRS:0.20833333333333334	FPEIGIYR:0.20833333333333334	SALRSAWV:0.20833333333333334	LRSAWVPR:0.25	YRASALRS:0.20833333333333334	ASALRSAW:0.20833333333333334	RASALRSA:0.20833333333333334	ALRSAWVP:0.20833333333333334	YLADDDIL:0.2916666666666667	LADDDILI:0.2916666666666667	WDRYRGGL:0.25	DRYRGGLE:0.25	LIYLADDD:0.3333333333333333	RYRGGLEY:0.25	YLIYLADD:0.3333333333333333	LGKGEYLI:0.2916666666666667	HFLDQGAV:0.2916666666666667	MAVAFRFW:0.2916666666666667	KFDFPFEI:0.20833333333333334	FLDQGAVS:0.20833333333333334	QVVEEFIA:0.20833333333333334	GEYLIYLA:0.2916666666666667	AVAFRFWA:0.2916666666666667	MTSWDRYR:0.2916666666666667	AHFLDQGA:0.2916666666666667	ASTDGTQQ:0.2916666666666667	DQGAVSFL:0.20833333333333334	WVPREFCF:0.20833333333333334	DFPFEIVI:0.20833333333333334	EYLIYLAD:0.2916666666666667	VMTSWDRY:0.2916666666666667	FLAHFLDQ:0.25	STDGTQQV:0.2916666666666667	TDGTQQVV:0.2916666666666667	AWVPREFC:0.20833333333333334	PREFCFYP:0.2916666666666667	NASTDGTQ:0.3333333333333333	LNRMAVAF:0.2916666666666667	TQQVVEEF:0.2916666666666667	FEIVICDN:0.25	FPFEIVIC:0.25	YKFDFPFE:0.20833333333333334	DGTQQVVE:0.2916666666666667	FDFPFEIV:0.20833333333333334	ICDNASTD:0.2916666666666667	CDNASTDG:0.2916666666666667	APWFLYDE:0.25	PWFLYDEV:0.25	RMAVAFRF:0.2916666666666667	VICDNAST:0.2916666666666667	VVEEFIAR:0.20833333333333334	SAWVPREF:0.20833333333333334	QQVVEEFI:0.2916666666666667	RLGKGEYL:0.2916666666666667	LDQGAVSF:0.20833333333333334	EIVICDNA:0.25	NRMAVAFR:0.2916666666666667	IFTLNRMA:0.25	LAHFLDQG:0.3333333333333333	GKGEYLIY:0.2916666666666667	GTQQVVEE:0.2916666666666667	PFEIVICD:0.25	IVICDNAS:0.25	LTYCENDY:0.25	KGEYLIYL:0.2916666666666667	REFCFYPF:0.2916666666666667	DNASTDGT:0.375	IYLADDDI:0.25	GYLPNLVF:0.25	
