cluster number:914
GT2:30	GT2:30|GT4:12
GYSQVINP:0.26666666666666666	CNMAFRAS:0.23333333333333334	SGRKLGYS:0.2	VHLGVKRG:0.23333333333333334	GLRFDERL:0.36666666666666664	LDDDFLMH:0.2	QVINPLYL:0.2	YGCNMAFR:0.7	DRDFGGQI:0.2	FDERLVLY:0.8333333333333334	NTALGVHL:0.2	LGYSQVIN:0.23333333333333334	VKRGRVSG:0.23333333333333334	RVSGRKLG:0.2	LYGWQEDR:0.23333333333333334	PYGCNMAF:0.6666666666666666	EDRDFGGQ:0.2	KRGRVSGR:0.23333333333333334	LGVKRGRV:0.23333333333333334	GVKRGRVS:0.23333333333333334	INTALGVH:0.2	IAGLRFDE:0.2	ASRPGLLV:0.2	QEDRDFGG:0.2	ERLVLYGW:0.8333333333333334	RFDERLVL:0.7666666666666667	VRINTALG:0.2	LASRPGLL:0.2	LRFDERLV:0.5	GRKLGYSQ:0.2	AGLRFDER:0.2	TALGVHLG:0.2	DERLVLYG:0.8333333333333334	RLVLYGWQ:0.23333333333333334	GRLTPERA:0.2	YGWQEDRD:0.23333333333333334	VLYGWQED:0.23333333333333334	SQVINPLY:0.2	HLGVKRGR:0.23333333333333334	GVHLGVKR:0.23333333333333334	RGRLTPER:0.2	GCNMAFRA:0.3333333333333333	TPERAAKL:0.2	WQEDRDFG:0.23333333333333334	RKLGYSQV:0.2	YSQVINPL:0.2	LVLYGWQE:0.23333333333333334	VSGRKLGY:0.2	GRVSGRKL:0.2	RINTALGV:0.2	GWQEDRDF:0.23333333333333334	RLTPERAA:0.2	GRLEPERA:0.3333333333333333	PEPFIDRR:0.23333333333333334	LRGRLEPE:0.26666666666666666	EPFIDRRG:0.3	RGRLEPER:0.26666666666666666	PFIDRRGR:0.3	GYSQVVNP:0.23333333333333334	RLEPERAA:0.3	SPYGCNMA:0.5	EVCGDAAL:0.3	PEVCGDAA:0.3	VLYGWLED:0.6	AFFDDDFV:0.23333333333333334	SLTEGFGL:0.23333333333333334	MPEVCGDA:0.23333333333333334	GVKSGRVS:0.23333333333333334	LPNGHEHA:0.3	LLNLCNTA:0.3	DRDFAAAL:0.26666666666666666	LEDRDFAA:0.26666666666666666	LNLCNTAP:0.3	VAFFDDDF:0.3	PSLTEGFG:0.23333333333333334	LVLYGWLE:0.6	DGIKGPGI:0.2	PFVLALGS:0.2	EDRDFAAA:0.26666666666666666	FFDDDFVA:0.26666666666666666	FGLPIVEA:0.3	RPFVLALG:0.2	GVHMGVKS:0.23333333333333334	IVCIHDAN:0.26666666666666666	AFPSLTEG:0.2	GRVSGERL:0.2	RLVLYGWL:0.6	VLPNGHEH:0.3	GERLGYSQ:0.2	SMPEVCGD:0.23333333333333334	YGWLEDRD:0.4	GWLEDRDF:0.4	ALCLAFPS:0.26666666666666666	LYGWLEDR:0.4	RLLNLCNT:0.3	FVLALGSR:0.2	PNGHEHAL:0.26666666666666666	FPSLTEGF:0.23333333333333334	HMGVKSGR:0.23333333333333334	MGVKSGRV:0.23333333333333334	RDFAAALA:0.2	VHMGVKSG:0.23333333333333334	ADGIKGPG:0.23333333333333334	PIVEAMAR:0.23333333333333334	LTEGFGLP:0.23333333333333334	RALCLAFP:0.2	GLPIVEAM:0.3	TEGFGLPI:0.3333333333333333	SGERLGYS:0.2	VKSGRVSG:0.23333333333333334	CLAFPSLT:0.2	LPIVEAMA:0.3	CIHDANIF:0.23333333333333334	VSGERLGY:0.2	QIVCIHDA:0.26666666666666666	DQIVCIHD:0.26666666666666666	GFGLPIVE:0.3	INGRFLTQ:0.2	RVSGERLG:0.2	ASMPEVCG:0.3	WLEDRDFA:0.26666666666666666	EGFGLPIV:0.3	VCIHDANI:0.2	LAFPSLTE:0.2	YSPYGCNM:0.3333333333333333	VVFFDDDF:0.2	EPYSPYGC:0.23333333333333334	DIAVLPNG:0.23333333333333334	NLCNTAPA:0.2	EAMARGCP:0.2	IAVLPNGH:0.23333333333333334	AVLPNGHE:0.23333333333333334	PYSPYGCN:0.23333333333333334	AMARGCPV:0.2	GYSQIVNP:0.2	
