cluster number:2592
GT2:738	GT2:738|2.4.1.16:12
AGMGVYQE:0.5474254742547425	LKEKNQKK:0.6476964769647696	NDVVTLVP:0.23306233062330622	VVTLVPKQ:0.23306233062330622	DVTAHIYE:0.7642276422764228	VTLVPKQQ:0.23306233062330622	HIYEYTSQ:0.2764227642276423	EYTSQVGM:0.2682926829268293	RTRALLAG:0.537940379403794	VYQEGIAK:0.5691056910569106	DVVTLVPK:0.23306233062330622	QEGIAKQQ:0.5623306233062331	LVPKQQPV:0.46747967479674796	PKQQPVQM:0.4796747967479675	RAKINPRT:0.5826558265582655	GVYQEGIA:0.5745257452574526	KNQKKINS:0.5677506775067751	NQKKINSH:0.6029810298102981	GRAKINPR:0.5785907859078591	AHIYEYTS:0.2764227642276423	LFCLKEKN:0.6734417344173442	TLVPKQQP:0.23441734417344173	RALLAGMG:0.5271002710027101	VTAHIYEY:0.8184281842818428	KDVTAHIY:0.7452574525745257	KQQPVQML:0.481029810298103	YEYTSQVG:0.2682926829268293	IKNDVVTL:0.26558265582655827	EKNQKKIN:0.5691056910569106	KNDVVTLV:0.23306233062330622	VVSDGRAK:0.45121951219512196	VQMLFCLK:0.5257452574525745	KEKNQKKI:0.6111111111111112	QMLFCLKE:0.5474254742547425	NPRTRALL:0.521680216802168	AKINPRTR:0.5799457994579946	CVVSDGRA:0.45121951219512196	VPKQQPVQ:0.46747967479674796	SDGRAKIN:0.5853658536585366	INPRTRAL:0.5203252032520326	PVQMLFCL:0.5311653116531165	LAGMGVYQ:0.5636856368563685	TAHIYEYT:0.8197831978319783	EGIAKQQV:0.5636856368563685	MGVYQEGI:0.5609756097560976	ALLAGMGV:0.5447154471544715	VSDGRAKI:0.5487804878048781	QPVQMLFC:0.505420054200542	CLKEKNQK:0.6517615176151762	GMGVYQEG:0.559620596205962	IYEYTSQV:0.2696476964769648	YQEGIAKQ:0.5677506775067751	MLFCLKEK:0.5271002710027101	QQPVQMLF:0.47696476964769646	LLAGMGVY:0.5474254742547425	TRALLAGM:0.5257452574525745	GIAKQQVN:0.7804878048780488	PRTRALLA:0.5230352303523035	DGRAKINP:0.5718157181571816	FCLKEKNQ:0.6544715447154471	KINPRTRA:0.6327913279132791	VNGKDVTA:0.4742547425474255	GKDVTAHI:0.481029810298103	DAWKKIVV:0.3170731707317073	KKIVVCVV:0.44986449864498645	YQDGIAKQ:0.22357723577235772	QVNGKDVT:0.47560975609756095	KKINSHRW:0.5677506775067751	IVVCVVSD:0.48509485094850946	IAKQQVNG:0.510840108401084	QQVNGKDV:0.4742547425474255	QDGIAKQQ:0.22357723577235772	QKKINSHR:0.532520325203252	KQQVNGKD:0.4742547425474255	NGKDVTAH:0.4742547425474255	WGKDAWKK:0.2127371273712737	KIVVCVVS:0.45121951219512196	WKKIVVCV:0.46747967479674796	VCVVSDGR:0.5365853658536586	VVCVVSDG:0.5257452574525745	AWKKIVVC:0.494579945799458	GKDAWKKI:0.22899728997289973	KINSHRWF:0.4878048780487805	KDAWKKIV:0.24254742547425473	HIYEYTTQ:0.5447154471544715	AKQQVNGK:0.48644986449864497	DGIAKQQV:0.22357723577235772	AHIYEYTT:0.5487804878048781	VVSLVPKQ:0.2181571815718157	IKNDVVSL:0.22493224932249323	DVVSLVPK:0.2140921409214092	MTIKNDVV:0.3333333333333333	IYEYTTQV:0.3143631436314363	VSLVPKQQ:0.2181571815718157	QVGMTIKN:0.33875338753387535	VGMTIKND:0.3346883468834688	KNDVVSLV:0.21951219512195122	NDVVSLVP:0.21544715447154472	YEYTTQVG:0.3116531165311653	EYTTQVGM:0.25474254742547425	TIKNDVVS:0.2127371273712737	GMTIKNDV:0.3346883468834688	SLVPKQQP:0.2181571815718157	INSHRWFF:0.45799457994579945	NSHRWFFQ:0.22493224932249323	
