cluster number:1862
GT2:30	GT2:30
SLGIIGEY:0.43333333333333335	LSRNFGKE:0.4	FVDDGSKD:0.23333333333333334	TGDFRLLD:0.36666666666666664	GDFRLLDR:0.26666666666666666	DLQDPPEL:0.6333333333333333	QDPPELIP:0.36666666666666664	KALFSWIG:0.23333333333333334	ALFSWIGF:0.23333333333333334	LFVDDGSK:0.2	LFLGGVQL:0.23333333333333334	IDADLQDP:0.5	DADLQDPP:0.5666666666666667	ADLQDPPE:0.5666666666666667	LQDPPELI:0.6333333333333333	VDVPGYAS:0.2	LGGIQLLS:0.2	IEFLYDRD:0.2	KIEFLYDR:0.2	AGKTKWNY:0.23333333333333334	RNSKALFS:0.2	LSLGIIGE:0.4	IFLSRNFG:0.2	GEYLGRVF:0.36666666666666664	LGIIGEYL:0.43333333333333335	IIDADLQD:0.43333333333333335	LFSWIGFK:0.2	GYDDVYAR:0.2	IGEYLGRV:0.36666666666666664	GIQLLSLG:0.2	NSKALFSW:0.2	VIIDADLQ:0.26666666666666666	GGIQLLSL:0.2	SKALFSWI:0.2	LLSLGIIG:0.4	QLLSLGII:0.4	FSWIGFKK:0.23333333333333334	GVDVPGYA:0.2	IIGEYLGR:0.43333333333333335	GDFRLLDH:0.23333333333333334	DTGDFRLL:0.43333333333333335	YDDVYARR:0.2	GIIGEYLG:0.4666666666666667	IQLLSLGI:0.2	FLSRNFGK:0.2	LGVIGEYL:0.2	EYLGRVFT:0.23333333333333334	YLGRVFTE:0.23333333333333334	VQLLSLGI:0.2	LGGVQLLS:0.23333333333333334	TSFTTAPL:0.26666666666666666	GITSFTTA:0.23333333333333334	SFTTAPLR:0.26666666666666666	GGVQLLSL:0.23333333333333334	EGITSFTT:0.23333333333333334	ITSFTTAP:0.23333333333333334	GVQLLSLG:0.23333333333333334	FTTAPLRL:0.23333333333333334	FLGGVQLL:0.2	
