cluster number:745
GT2:19	GT2:19
DDGSSDGT:0.21052631578947367	TAYDVELL:0.21052631578947367	VIVADDGS:0.21052631578947367	VNPLRDSW:0.21052631578947367	SWRNLRDV:0.2631578947368421	KVNPLRDS:0.21052631578947367	AYNEERRL:0.3157894736842105	TQCGFKAL:0.21052631578947367	VIPAYNEE:0.3684210526315789	DSWRNLRD:0.2631578947368421	QCGFKALR:0.21052631578947367	YNEERRLP:0.3157894736842105	PAYNEERR:0.3157894736842105	TKVNPLRD:0.21052631578947367	VTAYDVEL:0.21052631578947367	IPAYNEER:0.42105263157894735	WRNLRDVL:0.2631578947368421	RDSWRNLR:0.2631578947368421	DTQCGFKA:0.3684210526315789	IVADDGSS:0.21052631578947367	CGFKALRR:0.21052631578947367	ETKVNPLR:0.21052631578947367	LRDSWRNL:0.21052631578947367	VADDGSSD:0.21052631578947367	VVIPAYNE:0.21052631578947367	AVTAYDVE:0.21052631578947367	SVVIPAYN:0.21052631578947367	PLRDSWRN:0.21052631578947367	NPLRDSWR:0.21052631578947367	EVIVADDG:0.21052631578947367	QDTQCGFK:0.21052631578947367	EVIVVDDG:0.21052631578947367	VIVVDDGS:0.21052631578947367	DVELLFLA:0.21052631578947367	LSIVIPAY:0.2631578947368421	IVIPAYNE:0.42105263157894735	SIVIPAYN:0.3684210526315789	
