cluster number:923
GT2:11	GT2:11
AGAVLAVL:0.36363636363636365	AVLAVLDR:0.45454545454545453	IPAYNEAA:0.36363636363636365	SKPAALNA:0.2727272727272727	VVCNGCSD:0.2727272727272727	WGAGAYGL:0.2727272727272727	SLLAILRR:0.36363636363636365	NEAAVIER:0.5454545454545454	GDVLAARP:0.36363636363636365	LDRLARGD:0.36363636363636365	GAVLAVLD:0.36363636363636365	AAVIERTL:0.5454545454545454	AYNEAAVI:0.5454545454545454	LLAILRRS:0.36363636363636365	VLDRLARG:0.36363636363636365	GSKPAALN:0.45454545454545453	IIPAYNEA:0.36363636363636365	RLARGDVL:0.36363636363636365	RGDVLAAR:0.36363636363636365	ARGDVLAA:0.36363636363636365	PAALNAGD:0.2727272727272727	VLAVLDRL:0.45454545454545453	KPAALNAG:0.2727272727272727	YLDADIQI:0.2727272727272727	YNEAAVIE:0.5454545454545454	VIIPAYNE:0.2727272727272727	EAAVIERT:0.5454545454545454	AVLDRLAR:0.36363636363636365	LARGDVLA:0.36363636363636365	MWGAGAYG:0.2727272727272727	PRLYLDAD:0.5454545454545454	PAYNEAAV:0.5454545454545454	AMWGAGAY:0.2727272727272727	WPRLYLDA:0.5454545454545454	EGSKPAAL:0.36363636363636365	DRLARGDV:0.36363636363636365	SAGAVLAV:0.36363636363636365	ISAGAVLA:0.36363636363636365	GAGAYGLS:0.2727272727272727	LAVLDRLA:0.36363636363636365	RLYLDADI:0.5454545454545454	LYLDADIQ:0.2727272727272727	PGVHVVEL:0.2727272727272727	LVRSYYRA:0.2727272727272727	VRSYYRAR:0.2727272727272727	WERDESSR:0.2727272727272727	DDLFVDSL:0.2727272727272727	LYLDADIR:0.2727272727272727	GCTDDTAA:0.5454545454545454	NGCTDDTA:0.5454545454545454	CTDDTAAV:0.36363636363636365	TDDTAAVA:0.36363636363636365	GAVIVPAY:0.2727272727272727	RGAVIVPA:0.2727272727272727	PWERDESS:0.2727272727272727	VIVPAYNE:0.2727272727272727	AVIVPAYN:0.2727272727272727	IPGVHVVE:0.2727272727272727	DLFVDSLF:0.2727272727272727	DDTAAVAR:0.2727272727272727	ANGCTDDT:0.36363636363636365	
