cluster number:1116
GT2:23	GT2:23
AFLDSDDL:0.21739130434782608	FLDSDDLW:0.21739130434782608	WIAFLDSD:0.30434782608695654	DIKKNNDY:0.2608695652173913	KKNNDYAM:0.2608695652173913	KNNDYAMW:0.2608695652173913	PGCLTVMY:0.2608695652173913	IKKNNDYA:0.2608695652173913	GCLTVMYD:0.2608695652173913	IAFLDSDD:0.34782608695652173	YCWPGCLT:0.21739130434782608	CWPGCLTV:0.21739130434782608	PEKLEKQI:0.21739130434782608	ELIIVDDC:0.43478260869565216	WELIIVDD:0.43478260869565216	IIVDDCST:0.391304347826087	IVDDCSTD:0.4782608695652174	WPGCLTVM:0.21739130434782608	NDYAMWLK:0.21739130434782608	LIIVDDCS:0.43478260869565216	NNDYAMWL:0.21739130434782608	SWELIIVD:0.21739130434782608	VDDCSTDD:0.30434782608695654	
