cluster number:281
GT2:11	GT2:11
LKGLDYEI:0.36363636363636365	GLDYEIII:0.2727272727272727	KGLDYEII:0.36363636363636365	KELKGLDY:0.2727272727272727	GLKVFKRE:0.2727272727272727	LKLDVSDT:0.2727272727272727	RGKGYALK:0.2727272727272727	FNSSINYR:0.2727272727272727	REVLEKAF:0.36363636363636365	GYKIYELP:0.2727272727272727	GSKYLPGA:0.36363636363636365	YALKKGFE:0.36363636363636365	VKKYAFDV:0.5454545454545454	NILHYYNG:0.5454545454545454	EIIVFFDA:0.2727272727272727	VLEKAFSK:0.36363636363636365	TMKELKGL:0.36363636363636365	LKVFKREV:0.2727272727272727	KYAFDVEL:0.5454545454545454	ILHYYNGD:0.36363636363636365	KVFKREVL:0.2727272727272727	NRGKGYAL:0.2727272727272727	MYGYKIYE:0.2727272727272727	ELPIKIEH:0.2727272727272727	DVELLTVI:0.36363636363636365	YELPIKIE:0.2727272727272727	IWYRTLVK:0.2727272727272727	SKYLPGAR:0.36363636363636365	PIKIEHKS:0.2727272727272727	YGYKIYEL:0.2727272727272727	VIGSKYLP:0.36363636363636365	FFDADLDI:0.2727272727272727	IIIINDGS:0.2727272727272727	LDIPPSQI:0.45454545454545453	IYELPIKI:0.2727272727272727	LPIKIEHK:0.2727272727272727	YSEKRRLF:0.2727272727272727	VLVKKYAF:0.36363636363636365	LLTVINMY:0.2727272727272727	LVKKYAFD:0.5454545454545454	YAFDVELL:0.5454545454545454	ELLTVINM:0.2727272727272727	YDVVIGSK:0.45454545454545453	GYALKKGF:0.36363636363636365	YRAIARMF:0.2727272727272727	YKIYELPI:0.2727272727272727	VSDTQVGL:0.2727272727272727	LKKGFEKS:0.36363636363636365	VELLTVIN:0.2727272727272727	LMPAYNEG:0.2727272727272727	DVSDTQVG:0.2727272727272727	SIWYRTLV:0.2727272727272727	IIVFFDAD:0.2727272727272727	LLKLDVSD:0.2727272727272727	YRKNILHY:0.5454545454545454	VFFDADLD:0.2727272727272727	GKGYALKK:0.36363636363636365	NGYDVVIG:0.2727272727272727	EVLEKAFS:0.36363636363636365	VVIGSKYL:0.36363636363636365	GYDVVIGS:0.45454545454545453	LTVINMYG:0.2727272727272727	DTQVGLKV:0.36363636363636365	IVFFDADL:0.2727272727272727	FDADLDIP:0.2727272727272727	LFSIWYRT:0.2727272727272727	ETMKELKG:0.2727272727272727	MKELKGLD:0.36363636363636365	LDVSDTQV:0.2727272727272727	KYLPGARV:0.36363636363636365	TVINMYGY:0.2727272727272727	AFDVELLT:0.5454545454545454	KKYAFDVE:0.5454545454545454	KIYELPIK:0.2727272727272727	RLFSIWYR:0.2727272727272727	RKNILHYY:0.5454545454545454	KNILHYYN:0.5454545454545454	KGYALKKG:0.36363636363636365	FSIWYRTL:0.2727272727272727	ALKKGFEK:0.36363636363636365	FDVELLTV:0.5454545454545454	GEIIVFFD:0.2727272727272727	RRLFSIWY:0.2727272727272727	DADLDIPP:0.45454545454545453	DVVIGSKY:0.5454545454545454	KLDVSDTQ:0.2727272727272727	EKRRLFSI:0.2727272727272727	SDTQVGLK:0.2727272727272727	IKIEHKSF:0.2727272727272727	ELKGLDYE:0.2727272727272727	EIIIINDG:0.2727272727272727	IGSKYLPG:0.36363636363636365	ADLDIPPS:0.36363636363636365	DLDIPPSQ:0.45454545454545453	SEKRRLFS:0.2727272727272727	TQVGLKVF:0.36363636363636365	SVLMPAYN:0.36363636363636365	ISVLMPAY:0.2727272727272727	FYRKNILH:0.36363636363636365	PGARVKYS:0.2727272727272727	GARVKYSE:0.2727272727272727	VLMPAYNE:0.36363636363636365	NDGSKDNT:0.36363636363636365	GLKVFRRE:0.36363636363636365	IIINDGSK:0.2727272727272727	VFRREVLE:0.36363636363636365	AIFYRKNI:0.2727272727272727	IINDGSKD:0.36363636363636365	LKVFRREV:0.36363636363636365	QVGLKVFR:0.36363636363636365	INDGSKDN:0.36363636363636365	IFYRKNIL:0.2727272727272727	KVFRREVL:0.36363636363636365	MPAYNEEK:0.2727272727272727	DGSKDNTL:0.2727272727272727	AVRETMKE:0.2727272727272727	VGLKVFRR:0.36363636363636365	DGSTDRTG:0.2727272727272727	GSTDRTGE:0.2727272727272727	STDRTGEI:0.2727272727272727	TDRTGEIA:0.2727272727272727	NDGSTDRT:0.2727272727272727	
