cluster number:1472
GT2:26	GT2:26
ILLFLDGD:0.5769230769230769	LLFLDGDM:0.6153846153846154	EIIVVLNG:0.5	NVIKHNRL:0.34615384615384615	GYRELMVP:0.23076923076923078	VIKHNRLR:0.38461538461538464	DVALNDLD:0.34615384615384615	RELMVPPK:0.23076923076923078	VSSMTAVP:0.38461538461538464	LGVSSMTA:0.38461538461538464	GGVDVALN:0.23076923076923078	DILLFLDG:0.5	AKLSRGDI:0.38461538461538464	AVDGGVDV:0.23076923076923078	IKHNRLRQ:0.34615384615384615	ARNEEQTL:0.23076923076923078	SMTAVPHA:0.7307692307692307	IGYRELMV:0.23076923076923078	ISARNEEQ:0.23076923076923078	IVVLNGCS:0.34615384615384615	ESAGHDVG:0.23076923076923078	SAGHDVGR:0.23076923076923078	GDHAEALA:0.2692307692307692	VNVIKHNR:0.34615384615384615	KLSRGDIL:0.38461538461538464	LSRGDILL:0.4230769230769231	MTAVPHAL:0.7307692307692307	SARNEEQT:0.23076923076923078	GDILLFLD:0.46153846153846156	AGTVNVIK:0.3076923076923077	RGDILLFL:0.4230769230769231	GVSSMTAV:0.38461538461538464	SSMTAVPH:0.4230769230769231	FLDGDMVI:0.46153846153846156	GTVNVIKH:0.3076923076923077	VDGGVDVA:0.23076923076923078	DGGVDVAL:0.23076923076923078	DLGVSSMT:0.38461538461538464	VVLNGCSD:0.34615384615384615	YRELMVPP:0.23076923076923078	LGAKLSRG:0.23076923076923078	TAVPHALS:0.7307692307692307	LDGDMVIP:0.4230769230769231	LFLDGDMV:0.46153846153846156	TVNVIKHN:0.3076923076923077	DGDMVIPA:0.38461538461538464	ELMVPPKA:0.23076923076923078	SRGDILLF:0.4230769230769231	IIVVLNGC:0.46153846153846156	AVPHALSR:0.7307692307692307	GAKLSRGD:0.38461538461538464	PESAGHDV:0.23076923076923078	VPHALSRR:0.5384615384615384	HALSRRAL:0.4230769230769231	DVGRAIGA:0.2692307692307692	HDVGRAIG:0.34615384615384615	PHALSRRA:0.46153846153846156	GHDVGRAI:0.34615384615384615	AGHDVGRA:0.2692307692307692	VGRAIGAK:0.23076923076923078	LAVPPKAQ:0.23076923076923078	GRAIGAKL:0.23076923076923078	IISARNEE:0.23076923076923078	SVIISARN:0.23076923076923078	VIISARNE:0.23076923076923078	ALSRRALE:0.38461538461538464	IIGDHAEA:0.2692307692307692	IGDHAEAL:0.2692307692307692	IIGDHLEA:0.2692307692307692	VNVIKRNR:0.23076923076923078	QGADVALN:0.23076923076923078	
