cluster number:2321
GT2:21	GT2:21|GT101:8|GT8:2|2.4.1.-:1
GHIDSEYE:0.3333333333333333	LVCLPDVF:0.23809523809523808	TSRSGVGN:0.2857142857142857	RIICPSKN:0.3333333333333333	SGVGNDLF:0.23809523809523808	DLGHIDSE:0.23809523809523808	LLLINDGS:0.3333333333333333	LLINDGST:0.23809523809523808	SRSGVGND:0.23809523809523808	HIDSEYEW:0.3333333333333333	EGETSRSG:0.23809523809523808	ELLLINDG:0.3333333333333333	IICPSKNA:0.3333333333333333	RSGVGNDL:0.23809523809523808	LINDGSTD:0.3333333333333333	RFGDGEID:0.23809523809523808	FELLLIND:0.23809523809523808	HKHTAEFN:0.23809523809523808	IDLGHIDS:0.23809523809523808	IIVPVYNV:0.23809523809523808	VEGETSRS:0.23809523809523808	LISIIVPV:0.2857142857142857	IDSEYEWF:0.2857142857142857	QAIDLGHI:0.23809523809523808	LGHIDSEY:0.23809523809523808	ISIIVPVY:0.3333333333333333	REDDATIY:0.23809523809523808	SIIVPVYN:0.38095238095238093	AIDLGHID:0.23809523809523808	SVIVPVYN:0.23809523809523808	ISVIVPVY:0.2857142857142857	VIVPVYNV:0.23809523809523808	LMLGPTAK:0.23809523809523808	
