cluster number:2355
GT2:94	GT2:94
FLHADTRL:0.3829787234042553	LHADTRLP:0.3829787234042553	MPYGDQAI:0.425531914893617	IMEDFELI:0.2872340425531915	QMPYGDQA:0.3829787234042553	EDFELIRR:0.20212765957446807	MEDFELIR:0.24468085106382978	PYGDQAIF:0.5531914893617021	PIMEDFEL:0.40425531914893614	GEILLFLH:0.40425531914893614	DFELIRRL:0.20212765957446807	ILLFLHAD:0.5638297872340425	EVIVVDGG:0.35106382978723405	IVVDGGSQ:0.23404255319148937	VIVVDGGS:0.35106382978723405	VVDGGSQD:0.23404255319148937	GDQAIFLT:0.20212765957446807	EILLFLHA:0.3617021276595745	LLFLHADT:0.6808510638297872	YGDQAIFL:0.2765957446808511	LFLHADTR:0.3404255319148936	IIIPTLNE:0.3191489361702128	ISIIIPTL:0.24468085106382978	IIPTLNEA:0.2765957446808511	SIIIPTLN:0.3404255319148936	FPELPIME:0.26595744680851063	ELPIMEDF:0.32978723404255317	LPIMEDFE:0.40425531914893614	PELPIMED:0.2978723404255319	NQIVIIAY:0.23404255319148937	
