cluster number:233
GT2:26	GT2:26
ARNEEKNL:0.4230769230769231	SVIIPARN:0.6923076923076923	KISVIIPA:0.34615384615384615	LYSFYQVK:0.23076923076923078	GIAKSAAL:0.2692307692307692	VNILGVFA:0.2692307692307692	NILGVFAF:0.2692307692307692	VIIPARNE:0.6923076923076923	IIVVDDFS:0.38461538461538464	ILIFLDAD:0.2692307692307692	PARNEEKN:0.4230769230769231	LIFLDADV:0.34615384615384615	SAALSMQL:0.2692307692307692	GKNWALWN:0.34615384615384615	YSFYQVKF:0.23076923076923078	RNEEKNLP:0.4230769230769231	ISVIIPAR:0.4230769230769231	NWALWNGY:0.2692307692307692	AKSAALSM:0.2692307692307692	TDDLSLGK:0.2692307692307692	LDADVRLS:0.4230769230769231	KGMYGSCI:0.2692307692307692	GWTGKNWA:0.4230769230769231	IPARNEEK:0.5	EIIVVDDF:0.38461538461538464	IVNILGVF:0.2692307692307692	IFLDADVR:0.34615384615384615	AISVIPYH:0.34615384615384615	VTDDLSLG:0.2692307692307692	WALWNGYL:0.2692307692307692	TGKNWALW:0.34615384615384615	KNWALWNG:0.34615384615384615	IVVDDFSE:0.4230769230769231	VVDDFSED:0.4230769230769231	IAKSAALS:0.2692307692307692	WTGKNWAL:0.34615384615384615	KSAALSMQ:0.2692307692307692	FLDADVRL:0.46153846153846156	AALSMQLL:0.2692307692307692	IIPARNEE:0.7692307692307693	GAISVIPY:0.34615384615384615	NEEKNLPY:0.23076923076923078	KGLYGSCI:0.2692307692307692	LVSFRMYP:0.23076923076923078	VSVIIPAR:0.2692307692307692	
