cluster number:1750
GT2:32	GT2:32
RGGQLRRG:0.28125	LPYGDQAL:0.21875	SVIIPTLN:0.25	PLMEDVAL:0.28125	LLFLHADT:0.28125	ISVIIPTL:0.28125	WLLFLHAD:0.3125	VIIPTLNA:0.21875	LLVLHADT:0.28125	WLLVLHAD:0.28125	LRRGARNL:0.25	WLRRGARN:0.25	GWLRRGAR:0.25	YGDQGLLI:0.25	LMEDVALA:0.25	LPYGDQGL:0.59375	PYGDQGLL:0.53125	FGLPYGDQ:0.28125	GLPYGDQG:0.34375	SRGGQLRR:0.21875	VAGWANLR:0.28125	
