cluster number:936
GT2:107	GT2:107
QSPYSLVS:0.6542056074766355	YQNLGVVL:0.27102803738317754	CSKLGALY:0.6635514018691588	YSLVSRLF:0.6728971962616822	LKLGAYNN:0.5046728971962616	LGAYNNLG:0.411214953271028	SPYSLVSR:0.6542056074766355	SLVSRLFR:0.6728971962616822	PYSLVSRL:0.6728971962616822	KLGAYNNL:0.411214953271028	AYQNLGVV:0.48598130841121495	GDWVLVLD:0.27102803738317754	DWVLVLDA:0.32710280373831774	EAYQNLGV:0.3925233644859813	VLVLDADE:0.48598130841121495	AEAYQNLG:0.35514018691588783	WVLVLDAD:0.48598130841121495	LDADETLT:0.2616822429906542	ELHYHLGI:0.38317757009345793	PYVCSKLG:0.514018691588785	NDFSAARN:0.2803738317757009	YELHYHLG:0.4953271028037383	VTGDWVLV:0.21495327102803738	TGDWVLVL:0.2336448598130841	YAEAYQNL:0.37383177570093457	LVLDADET:0.3925233644859813	DPYVCSKL:0.5046728971962616	VLDADETL:0.3925233644859813	ILVLDADE:0.3364485981308411	LSLCMIVK:0.411214953271028	WILVLDAD:0.3364485981308411	SLCMIVKN:0.4392523364485981	LCMIVKNE:0.45794392523364486	GDWILVLD:0.2897196261682243	TGDWILVL:0.2523364485981308	VTGDWILV:0.24299065420560748	DWILVLDA:0.3177570093457944	GAYNNLGN:0.308411214953271	AIKLPIYP:0.2897196261682243	NLGVVLLK:0.24299065420560748	DTGSSDRT:0.22429906542056074	QNLGVVLL:0.24299065420560748	LHYHLGIA:0.3644859813084112	SRLFRNHP:0.32710280373831774	HALVDDSV:0.3177570093457944	YNNLGNLL:0.29906542056074764	LDTGSSDR:0.205607476635514	YVCSKLGA:0.5327102803738317	YHALVDDS:0.35514018691588783	VLDTGSSD:0.205607476635514	SKLGALYV:0.4485981308411215	VCSKLGAL:0.5233644859813084	AAIKLPIY:0.22429906542056074	RPYHALVD:0.35514018691588783	NNLGNLLK:0.2803738317757009	QAAIKLPI:0.205607476635514	AYNNLGNL:0.3177570093457944	KLGALYVE:0.308411214953271	HYQAAIKL:0.205607476635514	YQAAIKLP:0.205607476635514	ILYELHYH:0.2803738317757009	VSRLFRNH:0.32710280373831774	LYELHYHL:0.3364485981308411	PYHALVDD:0.35514018691588783	LVSRLFRN:0.32710280373831774	LKYVTGDW:0.3925233644859813	YHLGIAYS:0.21495327102803738	GAEQSPYS:0.22429906542056074	AEQSPYSL:0.22429906542056074	YLLINLVR:0.22429906542056074	WCNDFSAA:0.21495327102803738	EQSPYSLV:0.22429906542056074	KYVTGDWI:0.21495327102803738	YVTGDWIL:0.21495327102803738	DADETLTP:0.205607476635514	HYHLGIAY:0.308411214953271	CMIVKNEA:0.2616822429906542	CNDFSAAR:0.21495327102803738	ALKYVTGD:0.3644859813084112	KLSLCMIV:0.24299065420560748	NLVRQEVG:0.205607476635514	ARNEALKY:0.2523364485981308	RNEALKYV:0.24299065420560748	EALKYVTG:0.205607476635514	NEALKYVT:0.21495327102803738	SRLFRRHP:0.2616822429906542	FSRPYHAL:0.21495327102803738	
