cluster number:167
GT2:121	GT2:121
NQGVGGAV:0.2809917355371901	TNGYTAIH:0.49586776859504134	YTKGNRFY:0.24793388429752067	GGAVMTGY:0.2727272727272727	DLFDPTNG:0.21487603305785125	RLFGNAVL:0.32231404958677684	YWDLFDPT:0.21487603305785125	PTNGYTAI:0.6198347107438017	DYTKGNRF:0.7933884297520661	GVGGAVMT:0.2727272727272727	FYNYYLRD:0.23140495867768596	VKVDGDGQ:0.24793388429752067	GEADYTKG:0.33884297520661155	GYWDLFDP:0.21487603305785125	VGGAVMTG:0.2727272727272727	FDPTNGYT:0.6611570247933884	WDLFDPTN:0.21487603305785125	ADYTKGNR:0.7603305785123967	NYYLRDMS:0.24793388429752067	EADYTKGN:0.35537190082644626	YNYYLRDM:0.24793388429752067	DPTNGYTA:0.8181818181818182	LFDPTNGY:0.3305785123966942	VDGDGQMD:0.2396694214876033	DGDGQMDP:0.7768595041322314	LFGNAVLS:0.32231404958677684	KVDGDGQM:0.24793388429752067	RYFFETDM:0.33884297520661155	FETDMLFR:0.33884297520661155	FFETDMLF:0.33884297520661155	ETDMLFRL:0.33884297520661155	YFFETDML:0.33884297520661155	DGQMDPAL:0.2809917355371901	TDMLFRLN:0.32231404958677684	YTKGNRFF:0.39669421487603307	GDGQMDPA:0.32231404958677684	DMLFRLNT:0.33884297520661155	RRYFFETD:0.2066115702479339	AVLSFMTK:0.23140495867768596	FGNAVLSF:0.2727272727272727	IDGDGQMD:0.39669421487603307	GTVMLAAL:0.21487603305785125	KIDGDGQM:0.4297520661157025	TVMLAALP:0.21487603305785125	NAVLSFMT:0.23140495867768596	LSFMTKLS:0.21487603305785125	GNAVLSFM:0.2644628099173554	VKIDGDGQ:0.4214876033057851	IVKIDGDG:0.2231404958677686	
