cluster number:1049
GT2:338	GT2:338|2.4.1.16:10
CGETKIAN:0.3224852071005917	TLHKKNLL:0.46153846153846156	IQVFEYYI:0.2514792899408284	DLCGTFCF:0.35798816568047337	ADTKVFPD:0.2781065088757396	GTFCFSMQ:0.3609467455621302	MGLCGETK:0.3520710059171598	KNLLLLGE:0.42011834319526625	INSTIHNL:0.2485207100591716	QRRRWINS:0.9260355029585798	VTCLPGCF:0.7958579881656804	LGEDRYLT:0.4319526627218935	CLPGCFSM:0.3076923076923077	HKKNLLLL:0.3254437869822485	TTDYPNSH:0.2455621301775148	VFEYYISH:0.26627218934911245	FCFSMQFV:0.3224852071005917	TDYPNSHK:0.2988165680473373	YWVPILAN:0.20710059171597633	TCLPGCFS:0.4378698224852071	FGGVTCLP:0.28106508875739644	TFCFSMQF:0.3609467455621302	GNRGKRDS:0.772189349112426	RRWINSTI:0.257396449704142	VDADTKVF:0.2781065088757396	GGVTCLPG:0.28106508875739644	LCGTFCFS:0.3875739644970414	RRRWINST:0.9289940828402367	RWINSTIH:0.25443786982248523	MLKTFPKR:0.20118343195266272	PIWNFVLP:0.2781065088757396	LHKKNLLL:0.3254437869822485	LLLGEDRY:0.2455621301775148	LLSQRRRW:0.7071005917159763	LPGCFSMY:0.27514792899408286	NRGKRDSQ:0.7662721893491125	LPIWNFVL:0.2692307692307692	GVTCLPGC:0.28106508875739644	KKNLLLLG:0.32840236686390534	VLLSQRRR:0.5887573964497042	DADTKVFP:0.2781065088757396	QVFEYYIS:0.26627218934911245	LMLKTFPK:0.20118343195266272	RGKRDSQI:0.39644970414201186	LLGEDRYL:0.2514792899408284	SQRRRWIN:0.9201183431952663	LSQRRRWI:0.8017751479289941	DTKVFPDS:0.20118343195266272	DYPNSHKL:0.20710059171597633	FEYYISHH:0.26331360946745563	NLLLLGED:0.42011834319526625	RDLCGTFC:0.26331360946745563	LCGETKIA:0.31952662721893493	LLLLGEDR:0.42011834319526625	WVPILANP:0.24260355029585798	GLRTTLDS:0.21597633136094674	LANPDIVE:0.22485207100591717	GCFSMYRI:0.23076923076923078	VPILANPD:0.2485207100591716	GETKIANK:0.3224852071005917	GEDRYLTT:0.41420118343195267	DTLHKKNL:0.3757396449704142	PGCFSMYR:0.27218934911242604	GLCGETKI:0.3609467455621302	LKTFPKRK:0.21005917159763313	VDTLHKKN:0.3136094674556213	IMGLCGET:0.3343195266272189	CGTFCFSM:0.3875739644970414	WINSTIHN:0.25443786982248523	EDRYLTTL:0.3994082840236686	PGNRGKRD:0.7396449704142012	GSKRHNMA:0.21893491124260356	LMVDADTK:0.3047337278106509	MVDADTKV:0.3165680473372781	KFDDFSWG:0.2781065088757396	LPGCFCMY:0.23076923076923078	VFGGVTCL:0.21597633136094674	WKFDDFSW:0.27514792899408286	TAIQVFEY:0.21893491124260356	KRDSQIIL:0.2603550295857988	SQIILMSF:0.2455621301775148	SVFGGVTC:0.20414201183431951	SKRHNMAK:0.21597633136094674	RDSQIILM:0.2603550295857988	QIILMSFL:0.2455621301775148	FESVFGGV:0.20118343195266272	PGCFCMYR:0.23076923076923078	TCLPGCFC:0.23668639053254437	GKRDSQII:0.26331360946745563	VTAIQVFE:0.20414201183431951	SFLFQNVN:0.22189349112426035	KPGNRGKR:0.5769230769230769	CLPGCFCM:0.23076923076923078	WVTAIQVF:0.20414201183431951	SKPGNRGK:0.21301775147928995	DSQIILMS:0.2485207100591716	FLFQNVNG:0.21597633136094674	ESVFGGVT:0.20118343195266272	LLHLGEDR:0.22781065088757396	FGSVTCLP:0.46449704142011833	SLFGSVTC:0.32840236686390534	TMIQVYEY:0.2692307692307692	RRWINSTV:0.5976331360946746	KAFESLFG:0.35502958579881655	WINSTVHN:0.5946745562130178	CGFCCFSM:0.23964497041420119	HLGEDRYL:0.21301775147928995	KNLLHLGE:0.22781065088757396	KVYSGLYE:0.22485207100591717	GFCCFSMR:0.24260355029585798	FESLFGSV:0.32840236686390534	ESLFGSVT:0.32840236686390534	IVLDILGV:0.25443786982248523	GSVTCLPG:0.46449704142011833	GKVYSGLY:0.20118343195266272	LHLGEDRY:0.21301775147928995	LCGFCCFS:0.21301775147928995	VYEYYISH:0.20118343195266272	AFESLFGS:0.33727810650887574	RWINSTVH:0.5976331360946746	FCCFSMRF:0.24260355029585798	NLLHLGED:0.22781065088757396	INSTVHNL:0.5443786982248521	LFGSVTCL:0.3254437869822485	SVTCLPGC:0.46745562130177515	CFSMRFVV:0.21005917159763313	KVLLSQRR:0.23668639053254437	DFSWGDTR:0.21597633136094674	FKVLLSQR:0.20414201183431951	FDDFSWGD:0.21597633136094674	DDFSWGDT:0.21597633136094674	VLMVDADT:0.28402366863905326	KAFESVFG:0.23076923076923078	AKPGNRGK:0.22781065088757396	
