cluster number:1822
GT2:34	GT2:34
KARLYGRK:0.5	HTRLFFGM:0.35294117647058826	NWLISKMH:0.20588235294117646	MCGFRLYP:0.5588235294117647	DGMCGFRL:0.5294117647058824	PKARLYGR:0.5	CGFRLYPL:0.5588235294117647	DNWLISKM:0.20588235294117646	RLYGRKIT:0.9117647058823529	GGKGAAVK:0.23529411764705882	LYGRKITN:0.20588235294117646	YGRKITNF:0.2647058823529412	ARLYGRKI:0.5294117647058824	VQVDADGQ:0.20588235294117646	GRKITNFW:0.2647058823529412	VLIVDDGS:0.4411764705882353	NGGKGAAV:0.3235294117647059	DAPKARLY:0.5	PVLIVDDG:0.3235294117647059	APKARLYG:0.5	LPVLIVDD:0.3235294117647059	MHTRLFFG:0.23529411764705882	GMCGFRLY:0.5294117647058824	QVDADGQH:0.4411764705882353	TRLFFGML:0.35294117647058826	KSRLYGRK:0.38235294117647056	APKSRLYG:0.29411764705882354	DAPKSRLY:0.20588235294117646	IKDGMCGF:0.6470588235294118	KDGMCGFR:0.6470588235294118	PKSRLYGR:0.4117647058823529	DIKDGMCG:0.5882352941176471	LYGRKITD:0.7058823529411765	MDFDIEIL:0.23529411764705882	GNRMDFDI:0.2647058823529412	RMDFDIEI:0.20588235294117646	GRKITDFW:0.7058823529411765	YGRKITDF:0.7058823529411765	RKITDFWN:0.6176470588235294	SRLYGRKI:0.38235294117647056	MCGFRIYP:0.2647058823529412	GMCGFRIY:0.20588235294117646	DGMCGFRI:0.20588235294117646	IYGEDAPK:0.2647058823529412	PIYGEDAP:0.29411764705882354	IPHYNHSA:0.23529411764705882	KITDFWNA:0.29411764705882354	DGQHHLPD:0.20588235294117646	NPTALICG:0.23529411764705882	KNPTALIC:0.23529411764705882	GGKGAAMK:0.29411764705882354	MQKNPTAL:0.23529411764705882	YNHSATVG:0.23529411764705882	ADGQHHLP:0.20588235294117646	DADGQHHL:0.23529411764705882	SHFRGFAD:0.20588235294117646	GFRLYPLA:0.35294117647058826	VDADGQHH:0.23529411764705882	EMQKNPTA:0.20588235294117646	WNAIHTLS:0.20588235294117646	FWNAIHTL:0.20588235294117646	DFWNAIHT:0.20588235294117646	PHYNHSAT:0.23529411764705882	IIPHYNHS:0.29411764705882354	TDFWNAIH:0.20588235294117646	QKNPTALI:0.23529411764705882	NGGKGAAM:0.29411764705882354	HYNHSATV:0.23529411764705882	ITDFWNAI:0.29411764705882354	HFRGFADN:0.20588235294117646	HAIQVDAD:0.20588235294117646	SKMHARLF:0.35294117647058826	ISKMHARL:0.3235294117647059	LISKMHAR:0.29411764705882354	FDIKDGMC:0.23529411764705882	SFDIKDGM:0.23529411764705882	KMHARLFF:0.20588235294117646	LIVDDGSS:0.20588235294117646	IQVDADGQ:0.20588235294117646	
