cluster number:1889
GT2:21	GT2:21
VDDGSTDN:0.2857142857142857	EIIIVDDG:0.23809523809523808	FLDSDDIW:0.2857142857142857	IVDDGSTD:0.23809523809523808	AFLDSDDI:0.38095238095238093	IIIVDDGS:0.23809523809523808	YEIIIVDD:0.23809523809523808	DDGSTDNT:0.23809523809523808	IAFLDSDD:0.6666666666666666	IIVDDGST:0.23809523809523808	YIAFLDSD:0.5714285714285714	GDYIAFLD:0.2857142857142857	IIVVDDGS:0.23809523809523808	EIIVVDDG:0.23809523809523808	DYIAFLDS:0.3333333333333333	
