cluster number:554
GT2:21	GT2:21
FKPAWNPD:0.2857142857142857	GGVAGHAH:0.23809523809523808	SDEDKIDE:0.3333333333333333	HHESASRG:0.38095238095238093	LNNDTEVI:0.2857142857142857	ELYHHESA:0.42857142857142855	WQLCIADD:0.38095238095238093	PFAELYHH:0.23809523809523808	NVWTPFAE:0.3333333333333333	DTIQHAGV:0.38095238095238093	LLNDPAYN:0.23809523809523808	SIVLPVRD:0.23809523809523808	LYSDEDKI:0.23809523809523808	ISIVLPVR:0.23809523809523808	GACLAIRR:0.23809523809523808	NDVDLCLR:0.2857142857142857	TGACLAIR:0.23809523809523808	GYLGRAGV:0.23809523809523808	NGYLGRAG:0.23809523809523808	NHGHICEA:0.23809523809523808	VGGMLYYP:0.23809523809523808	VWTPFAEL:0.2857142857142857	TPFAELYH:0.23809523809523808	VGAVGGML:0.23809523809523808	YHHESASR:0.38095238095238093	AFNDVDLC:0.23809523809523808	DEDKIDES:0.23809523809523808	LYHHESAS:0.38095238095238093	GAVGGMLY:0.23809523809523808	AYNPNLSL:0.38095238095238093	AVTGACLA:0.38095238095238093	LNDPAYNP:0.23809523809523808	AVGGMLYY:0.23809523809523808	VTGACLAI:0.23809523809523808	QHAGVILG:0.42857142857142855	PAYNPNLS:0.38095238095238093	NDPAYNPN:0.2857142857142857	LLNNDTEV:0.23809523809523808	TIQHAGVI:0.3333333333333333	FLDHDDEL:0.23809523809523808	GHICEASN:0.23809523809523808	IQHAGVIL:0.38095238095238093	RGYRNVWT:0.23809523809523808	DPAYNPNL:0.38095238095238093	EDKIDESG:0.23809523809523808	WTPFAELY:0.23809523809523808	GYRNVWTP:0.42857142857142855	PAWNPDLL:0.2857142857142857	YSDEDKID:0.42857142857142855	EGAQDHDL:0.2857142857142857	CLLNNDTE:0.38095238095238093	RNVWTPFA:0.3333333333333333	FNDVDLCL:0.2857142857142857	YRNVWTPF:0.3333333333333333	SNGYLGRA:0.23809523809523808	HGHICEAS:0.23809523809523808	VLCLLNND:0.23809523809523808	FAELYHHE:0.23809523809523808	KPAWNPDL:0.2857142857142857	LCLLNNDT:0.3333333333333333	AELYHHES:0.5238095238095238	FNYSAINN:0.2857142857142857	NYSAINNF:0.23809523809523808	FNDIDLCL:0.3333333333333333	QLCIADDA:0.3333333333333333	AFNDIDLC:0.2857142857142857	SAVTGACL:0.38095238095238093	NDIDLCLR:0.3333333333333333	LCIADDAS:0.2857142857142857	HAGVILGI:0.23809523809523808	
