cluster number:670
GT2:91	GT2:91
ITIDSDGQ:0.5384615384615384	IDSDGQHF:0.2857142857142857	AITIDSDG:0.4945054945054945	YAITIDSD:0.45054945054945056	TIDSDGQH:0.7142857142857143	HFRPFKDF:0.26373626373626374	ERVSHFRP:0.5824175824175825	VSHFRPFR:0.25274725274725274	APFWGFQT:0.21978021978021978	VPKKSSFG:0.3516483516483517	SGYRLYPL:0.4835164835164835	QSGYRLYP:0.6043956043956044	SHFRPFRD:0.25274725274725274	KFEFEIEI:0.25274725274725274	TQSGYRLY:0.6043956043956044	IDSDGQHY:0.42857142857142855	NKGKGNAL:0.23076923076923078	HFRPFRDF:0.26373626373626374	DTQSGYRL:0.6043956043956044	VLIPTYNN:0.2087912087912088	DSDGQHYP:0.42857142857142855	RVSHFRPF:0.5604395604395604	SFGNKFSN:0.2087912087912088	DFTRISIL:0.4065934065934066	SSFGNKFS:0.2087912087912088	FSNFWFWF:0.2087912087912088	SNFWFWFE:0.2087912087912088	FWFWFETG:0.27472527472527475	FGNKFSNF:0.2087912087912088	NKFSNFWF:0.3076923076923077	TRISILNT:0.4065934065934066	FTRISILN:0.4065934065934066	PKKSSFGN:0.34065934065934067	NFWFWFET:0.2087912087912088	GNKFSNFW:0.24175824175824176	NDGSTDST:0.3626373626373626	DGQHYPDD:0.3076923076923077	WFWFETGI:0.2087912087912088	SSFGNRFS:0.2087912087912088	NRFSNFWF:0.2087912087912088	SDGQHYPD:0.3076923076923077	IVVNDGST:0.26373626373626374	VVNDGSTD:0.38461538461538464	RPFKDFTR:0.23076923076923078	VSHFRPFK:0.21978021978021978	KDFTRISI:0.24175824175824176	FRPFKDFT:0.23076923076923078	FKDFTRIS:0.23076923076923078	PFKDFTRI:0.23076923076923078	SHFRPFKD:0.23076923076923078	VNDGSTDS:0.26373626373626374	
