cluster number:2439
GT2:21	GT2:21
VVDDGSTD:0.6190476190476191	LIVVDDGS:0.5238095238095238	GRYIAFLD:0.3333333333333333	RGRYIAFL:0.23809523809523808	ELIVVDDG:0.47619047619047616	IVVDDGST:0.47619047619047616	DEWLPGKL:0.23809523809523808	LDSDDEWL:0.23809523809523808	AFLDSDDE:0.23809523809523808	SDDEWLPG:0.23809523809523808	FLDSDDEW:0.23809523809523808	DDEWLPGK:0.23809523809523808	DSDDEWLP:0.23809523809523808	GAAAARNT:0.23809523809523808	RYIAFLDS:0.23809523809523808	NRGAAAAR:0.23809523809523808	RGAAAARN:0.23809523809523808	WELIVVDD:0.3333333333333333	AAAARNTG:0.23809523809523808	IAFLDSDD:0.3333333333333333	YIAFLDSD:0.38095238095238093	AAARNTGV:0.23809523809523808	VDDGSTDG:0.23809523809523808	DDGSTDGS:0.2857142857142857	
