cluster number:1337
GT2:14	GT2:14
VDNGSTDR:0.42857142857142855	TYGWNLEM:0.5	DNGSTDRT:0.42857142857142855	VVDNGSTD:0.8571428571428571	FLDGDGSD:0.35714285714285715	GVSKVSGN:0.42857142857142855	VVVDNGST:0.21428571428571427	CFLDGDGS:0.21428571428571427	NGSTDRTA:0.35714285714285715	DMSPFRAM:0.21428571428571427	VCFLDGDG:0.21428571428571427	IVCFLDGD:0.21428571428571427	YGRACAAG:0.21428571428571427	YGWNLEMQ:0.35714285714285715	IVVVDNGS:0.21428571428571427	GGVSKVSG:0.42857142857142855	KVSGNLVA:0.21428571428571427	GSTDRTAE:0.2857142857142857	MSPFRAMR:0.21428571428571427	SKVSGNLV:0.21428571428571427	GWNLEMQM:0.21428571428571427	GYGRACAA:0.21428571428571427	ACAAGVAA:0.21428571428571427	VSKVSGNL:0.42857142857142855	RACAAGVA:0.21428571428571427	VSGNLVAG:0.21428571428571427	GRACAAGV:0.21428571428571427	IVVDNGST:0.6428571428571429	VDNGSTDD:0.42857142857142855	DNGSTDDT:0.2857142857142857	VIVVDNGS:0.2857142857142857	NGSTDDTA:0.2857142857142857	QTYGWNLE:0.21428571428571427	GSTDDTAR:0.21428571428571427	EQTYGWNL:0.21428571428571427	EVIVVDNG:0.21428571428571427	
