cluster number:515
GT2:24	GT2:24|GT25:2|GT0:1
DNIGYLHN:0.375	YLHNKCYR:0.375	IPVYNAEK:0.20833333333333334	SDNIGYLH:0.375	MSEDLLFN:0.375	ISMSEDLL:0.2916666666666667	GISMSEDL:0.2916666666666667	EIILVNDG:0.375	DMQIVTAM:0.375	VNDGSKDN:0.20833333333333334	GYLHNKCY:0.375	IIIPVYNA:0.2916666666666667	DYVIFIDS:0.20833333333333334	PVYNAEKT:0.20833333333333334	VDLMVGNL:0.20833333333333334	IIPVYNAE:0.20833333333333334	NIGYLHNK:0.375	IGYLHNKC:0.375	SMSEDLLF:0.375	LDMQIVTA:0.375	FSIIIPVY:0.4166666666666667	LFSIIIPV:0.3333333333333333	YVIFIDSD:0.20833333333333334	MQIVTAMY:0.375	ILVNDGSK:0.20833333333333334	GDYVIFID:0.20833333333333334	IILVNDGS:0.375	SEDLLFNL:0.375	YEIILVND:0.2916666666666667	SIIIPVYN:0.4583333333333333	LVNDGSKD:0.20833333333333334	LFLDADDW:0.25	YVLFLDAD:0.375	VLFLDADD:0.3333333333333333	EYVLFLDA:0.25	GEYVLFLD:0.20833333333333334	FLDADDWV:0.20833333333333334	AGVSAARN:0.25	NAGVSAAR:0.25	YYFLYALY:0.20833333333333334	ISKRVLAL:0.20833333333333334	KRVLALDM:0.20833333333333334	YFLYALYR:0.20833333333333334	LYALYRMR:0.20833333333333334	QIVTAMYH:0.20833333333333334	FLYALYRM:0.20833333333333334	ALDMQIVT:0.20833333333333334	EDLLFNLK:0.20833333333333334	TAYYFLYA:0.20833333333333334	LHNKCYRR:0.20833333333333334	LALDMQIV:0.20833333333333334	RVLALDMQ:0.20833333333333334	AYYFLYAL:0.20833333333333334	ALYRMRAF:0.20833333333333334	VLALDMQI:0.20833333333333334	YALYRMRA:0.20833333333333334	SKRVLALD:0.20833333333333334	VNDGSTDS:0.20833333333333334	VVVNDGST:0.20833333333333334	VVNDGSTD:0.20833333333333334	VVVVNDGS:0.20833333333333334	
