cluster number:2215
GT2:12	GT2:12|GT4:9
PQADWFYP:0.25	AARFPRFA:0.25	ADGVVIDL:0.25	AARNRGIA:0.25	NLCEAGSL:0.5	WLFNTPKL:0.25	PSHYEGLP:0.3333333333333333	EAQRCGVV:0.25	PLRVLFMG:0.3333333333333333	AYDLILTC:0.25	NHAPAYLV:0.25	HAPAYLVF:0.25	LSVLEAQR:0.3333333333333333	YRCHLFVI:0.25	GGVEKVAA:0.3333333333333333	DHRLLHSF:0.25	MGRLDPQK:0.3333333333333333	GGVVFPLL:0.3333333333333333	FLLDADNM:0.25	DWFYPDFD:0.5	GGLSAARN:0.5833333333333334	AQRCGVVV:0.25	GRLDPQKG:0.4166666666666667	GPPKLALA:0.3333333333333333	LALEAARF:0.3333333333333333	TAEPSWGN:0.4166666666666667	GVEKVAAS:0.3333333333333333	LHSFFWNA:0.25	RFRAALGQ:0.25	DVGFVLPI:0.25	SHYEGLPL:0.3333333333333333	GSLIRRRV:0.4166666666666667	PIFDFGGV:0.5	EPFANHAP:0.25	LFVISDRP:0.25	ADWFYPDF:0.3333333333333333	LEAARFPR:0.4166666666666667	RKRPVSML:0.3333333333333333	SRFRAALG:0.25	GFVLPIFD:0.25	GTAEPSWG:0.4166666666666667	RPVSMLSN:0.25	CEAGSLIR:0.5833333333333334	SDRPIHPD:0.25	RLDPQKGV:0.4166666666666667	GYRCHLFV:0.25	YDLILTCS:0.25	VSMLSNSH:0.25	SAAQKGFR:0.25	VWMHGQGV:0.25	QRCGVVVL:0.25	GYEDWDFW:0.9166666666666666	FANHAPAY:0.25	SMARELAQ:0.25	RLLHSFFW:0.25	WMHGQGVP:0.25	ELERQIMA:0.25	HRLLHSFF:0.25	PLLLYRKR:0.25	LFNTPKLL:0.25	AEPFANHA:0.25	PKLALAYE:0.3333333333333333	GLSAARNR:0.5	DAIFLLDA:0.25	HYEGLPLS:0.3333333333333333	RSRFRAAL:0.25	FWLSAAQK:0.25	RCGVVVLA:0.25	VGFVLPIF:0.25	FPLLKQAG:0.25	FWNAERRW:0.25	ALEAARFP:0.3333333333333333	SFFWNAER:0.25	LYRKRPVS:0.3333333333333333	FDFGGVEK:0.5	PDFDFFGQ:0.5	NGYRCHLF:0.25	ASMARELA:0.25	PIKGHPVL:0.3333333333333333	AAQKGFRG:0.25	RVLFMGRL:0.3333333333333333	FVLPIFDF:0.3333333333333333	ARFPRFAV:0.25	LCEAGSLI:0.4166666666666667	GLLSSMDV:0.25	PQKGVHRL:0.4166666666666667	HPVLLDDA:0.4166666666666667	FVISDRPI:0.25	LSAAQKGF:0.25	EAARFPRF:0.25	RGYEDWDF:0.25	FFWNAERR:0.25	LERQIMAH:0.25	VFPLLKQA:0.25	AGSLIRRR:0.5833333333333334	WDFWLSAA:0.5	WFYPDFDF:0.5	GLPLSVLE:0.4166666666666667	AAQPLLLY:0.25	SMLSNSHD:0.25	KRPVSMLS:0.3333333333333333	YEGLPLSV:0.3333333333333333	VNAPGYPL:0.3333333333333333	LFMGRLDP:0.3333333333333333	MARELAQN:0.25	VISDRPIH:0.25	AIFLLDAD:0.25	AHSGALHK:0.25	APAYLVFL:0.25	EGLPLSVL:0.4166666666666667	FPRFAVIE:0.25	ANHAPAYL:0.25	LRVWMHGQ:0.25	YRKRPVSM:0.3333333333333333	SLIRRRVF:0.25	IKGHPVLL:0.25	QTDPGQSR:0.25	HLFVISDR:0.25	ISDRPIHP:0.25	LDADNMLA:0.25	SGALHKVA:0.25	LPLSVLEA:0.4166666666666667	DADNMLAP:0.25	VVFPLLKQ:0.3333333333333333	DWDFWLSA:0.6666666666666666	NAHSGALH:0.25	DPQKGVHR:0.4166666666666667	VLFMGRLD:0.3333333333333333	CHLFVISD:0.25	LGTAEPSW:0.3333333333333333	VLPIFDFG:0.5	FMGRLDPQ:0.3333333333333333	LSAARNRG:0.5	EAGSLIRR:0.5833333333333334	LEAQRCGV:0.25	LDPQKGVH:0.4166666666666667	DFWLSAAQ:0.25	FYPDFDFF:0.5	YGPPKLAL:0.3333333333333333	PAYLVFLR:0.25	DFGGVEKV:0.6666666666666666	SAARNRGI:0.5	FGGVEKVA:0.3333333333333333	YPDFDFFG:0.5	DLDAIFLL:0.25	LLALEAAR:0.3333333333333333	CGVVVLAT:0.25	DAGVRFDE:0.25	GHPVLLDD:0.4166666666666667	PDLDAIFL:0.25	LLHSFFWN:0.25	LLDADNML:0.25	AQPLLLYR:0.25	LPIFDFGG:0.5	LRVLFMGR:0.3333333333333333	LLYRKRPV:0.25	QADWFYPD:0.25	LLLYRKRP:0.25	PPKLALAY:0.3333333333333333	NGGLSAAR:0.5833333333333334	PRFAVIEG:0.25	WLSAAQKG:0.25	VFLRDGVS:0.25	HSFFWNAE:0.25	LDAIFLLD:0.25	QPLLLYRK:0.25	DPDLDAIF:0.25	RCHLFVIS:0.25	EDWDFWLS:0.8333333333333334	HSGALHKV:0.25	LPSHYEGL:0.3333333333333333	PVSMLSNS:0.25	PLSVLEAQ:0.3333333333333333	GVVFPLLK:0.3333333333333333	RVWMHGQG:0.25	IFDFGGVE:0.5	ARELAQNG:0.25	KGHPVLLD:0.25	YEDWDFWL:0.8333333333333334	IFLLDADN:0.3333333333333333	PFANHAPA:0.25	NNGVASAL:0.25	NGVASALF:0.25	VASALFRK:0.25	GVASALFR:0.25	ILTLDADD:0.25	LALAYEHA:0.3333333333333333	VNLCEAGS:0.3333333333333333	QKGVHRLA:0.25	FPLLKQPG:0.25	VFPLLKQP:0.25	PVLLDDAI:0.25	VVVLATDV:0.25	VVLATDVG:0.25	QGYEDWDF:0.25	GVVVLATD:0.25	VLATDVGA:0.25	
