cluster number:2581
GT2:182	GT2:182
PDPVCWTE:0.25824175824175827	ENGGKADA:0.4010989010989011	KENGGKAD:0.4175824175824176	DTVGEDME:0.21428571428571427	DKENGGKA:0.3901098901098901	EDMELVVR:0.37362637362637363	NGGKADAL:0.5714285714285714	GGKADALN:0.5714285714285714	KADALNAG:0.5	GEDMELVV:0.43956043956043955	LIISGAFG:0.32967032967032966	TVGEDMEL:0.46153846153846156	VGEDMELV:0.4230769230769231	GKADALNA:0.5054945054945055	DALNAGIN:0.43956043956043955	ADALNAGI:0.42857142857142855	VDKENGGK:0.2032967032967033	ISGAFGLF:0.24725274725274726	DMELVVRL:0.34065934065934067	IISGAFGL:0.21978021978021978	LLIVSGAF:0.21978021978021978	ILVPAYNE:0.24725274725274726	LENFGYRQ:0.2087912087912088	VEYLRAFL:0.25824175824175827	LVPAYNEE:0.33516483516483514	SILVPAYN:0.24725274725274726	LIVSGAFG:0.21978021978021978	DPVCWTEA:0.26373626373626374	PVCWTEAP:0.31868131868131866	MELVVRLH:0.3241758241758242	ELVVRLHR:0.3241758241758242	VIVINDGS:0.21978021978021978	EVIVINDG:0.22527472527472528	VCWTEAPE:0.23626373626373626	
