cluster number:1249
GT2:52	GT2:52
RFINRVVR:0.28846153846153844	IVDDGSTD:0.21153846153846154	LDSDDEMP:0.23076923076923078	ESLVWWAI:0.3076923076923077	LVWWAIAR:0.23076923076923078	FVPESLVW:0.5769230769230769	SLVWWAIA:0.23076923076923078	GLCARPDG:0.4807692307692308	AFNRGVRE:0.36538461538461536	PESLVWWA:0.38461538461538464	FNRGVREA:0.36538461538461536	TGLCARPD:0.4807692307692308	GFVPESLV:0.5769230769230769	VPESLVWW:0.4230769230769231	VVDDGSTD:0.6153846153846154	MAAARYTR:0.5	FPIRYVWQ:0.36538461538461536	LMAAARYT:0.21153846153846154	FLMAAARY:0.21153846153846154	AAARYTRF:0.5576923076923077	DGSTDNTH:0.3076923076923077	DTPGGLSQ:0.23076923076923078	GLYLLAWD:0.40384615384615385	RDRRRGVA:0.2692307692307692	RPDGSIVG:0.36538461538461536	TAVDVYFR:0.21153846153846154	VTGLCARP:0.36538461538461536	RDFEWVVV:0.21153846153846154	STAVDVYF:0.21153846153846154	AQGLYLLA:0.3076923076923077	RAGTLHRV:0.21153846153846154	FRYRPREF:0.21153846153846154	LAWDMLQH:0.38461538461538464	KFGCMRTD:0.23076923076923078	HKKTAFNR:0.36538461538461536	YTRFRLHL:0.3269230769230769	YNRAGTLH:0.21153846153846154	KTAFNRGV:0.36538461538461536	IKGEKFGC:0.23076923076923078	YRRDRRRG:0.2692307692307692	TLHRVYES:0.25	CARPDGSI:0.34615384615384615	VDDGSTDN:0.46153846153846156	AARYTRFR:0.4423076923076923	RYTRFRLH:0.3269230769230769	AGTLHRVY:0.21153846153846154	LCARPDGS:0.36538461538461536	DFEWVVVD:0.3269230769230769	ARYTRFRL:0.4230769230769231	FDSTAVDV:0.21153846153846154	NRAGTLHR:0.21153846153846154	QGLYLLAW:0.40384615384615385	ARPDGSIV:0.34615384615384615	DVAGFVPE:0.2692307692307692	TYNRAGTL:0.21153846153846154	PDGSIVGD:0.36538461538461536	FFTVLTPT:0.23076923076923078	AGFVPESL:0.3269230769230769	RAGYLSRF:0.2692307692307692	LYRRDRRR:0.23076923076923078	PTYNRAGT:0.21153846153846154	KGEKFGCM:0.21153846153846154	YPQDVFDS:0.21153846153846154	DMLQHHLE:0.21153846153846154	RIKGEKFG:0.23076923076923078	VGDRYPQD:0.21153846153846154	LHRVYESL:0.25	YLLAWDML:0.38461538461538464	WDMLQHHL:0.2692307692307692	TPTYNRAG:0.21153846153846154	EKFGCMRT:0.2692307692307692	DVFDSTAV:0.2692307692307692	TAFNRGVR:0.34615384615384615	EWVVVDDG:0.40384615384615385	YHDTPGGL:0.25	LLAWDMLQ:0.38461538461538464	EDVAGFVP:0.2692307692307692	SRFINRVV:0.2692307692307692	QTFRDFEW:0.2692307692307692	TVLTPTYN:0.4807692307692308	GDRYPQDV:0.21153846153846154	KKTAFNRG:0.36538461538461536	VLTPTYNR:0.4807692307692308	AVTGLCAR:0.3269230769230769	DDGSTDNT:0.4423076923076923	TRFRLHLK:0.21153846153846154	WVVVDDGS:0.4230769230769231	GSTDNTHE:0.25	VVVDDGST:0.40384615384615385	TPGGLSQG:0.23076923076923078	AWDMLQHH:0.38461538461538464	RRDRRRGV:0.25	DGSIVGDR:0.3269230769230769	AGYLSRFI:0.2692307692307692	PFPEDVAG:0.2692307692307692	GYLSRFIN:0.2692307692307692	PEDVAGFV:0.2692307692307692	FTVLTPTY:0.4230769230769231	VFDSTAVD:0.2692307692307692	NAQGLYLL:0.3076923076923077	HDTPGGLS:0.25	QDVFDSTA:0.2692307692307692	FEWVVVDD:0.40384615384615385	GEKFGCMR:0.3269230769230769	LTPTYNRA:0.4423076923076923	PQDVFDST:0.2692307692307692	VAGFVPES:0.28846153846153844	LYLLAWDM:0.38461538461538464	VAVTGLCA:0.28846153846153844	GTLHRVYE:0.21153846153846154	FPEDVAGF:0.2692307692307692	DSTAVDVY:0.21153846153846154	NQHKKTAF:0.40384615384615385	IVALDSDD:0.2692307692307692	LIVALDSD:0.23076923076923078	QHKKTAFN:0.40384615384615385	NRGVREAR:0.3076923076923077	RGVREARG:0.3076923076923077	
