cluster number:916
GT2:14	GT2:14
IKYFNKWG:0.5714285714285714	YFMYMEDY:0.21428571428571427	FRRFLPFK:0.21428571428571427	RYFMYMED:0.21428571428571427	NKGFGAGH:0.2857142857142857	MEDYDLCR:0.2857142857142857	ERYFMYME:0.21428571428571427	LSGCFIFV:0.21428571428571427	KYFNKWGW:0.5714285714285714	YFNKWGWF:0.42857142857142855	NNSNKGFG:0.2857142857142857	HEHGKASY:0.21428571428571427	KSAIKYFN:0.2857142857142857	YDLCRRIG:0.2857142857142857	SAIKYFNK:0.5	DYDLCRRI:0.42857142857142855	GKASYKSR:0.21428571428571427	VPILSGCF:0.2857142857142857	ISDNSEKD:0.21428571428571427	EDYDLCRR:0.42857142857142855	MEVPILSG:0.21428571428571427	WGWFFDKE:0.35714285714285715	FNNSNKGF:0.2857142857142857	YHLIINPD:0.21428571428571427	YMEDYDLC:0.2857142857142857	FMYMEDYD:0.2857142857142857	EHGKASYK:0.21428571428571427	NKWGWFFD:0.5	GWFFDKER:0.35714285714285715	PILSGCFI:0.2857142857142857	KASYKSRK:0.21428571428571427	FNKWGWFF:0.42857142857142855	ILSGCFIF:0.2857142857142857	IGQIGPKI:0.21428571428571427	DERYFMYM:0.21428571428571427	HLIINPDI:0.21428571428571427	ASYKSRKM:0.21428571428571427	NSNKGFGA:0.2857142857142857	KWGWFFDK:0.42857142857142855	FDERYFMY:0.21428571428571427	SNKGFGAG:0.2857142857142857	HGKASYKS:0.2857142857142857	TACIVTYN:0.2857142857142857	EVPILSGC:0.2857142857142857	ACIVTYNT:0.2857142857142857	SYKSRKMM:0.21428571428571427	AIKYFNKW:0.5714285714285714	KGFGAGHN:0.2857142857142857	MYMEDYDL:0.2857142857142857	FTACIVTY:0.21428571428571427	DKERKIKN:0.21428571428571427	FKLWISDN:0.21428571428571427	KLWISDNS:0.21428571428571427	MYDFTACI:0.21428571428571427	IFNNSNKG:0.21428571428571427	GFDERFFM:0.21428571428571427	FDKERKIK:0.21428571428571427	YDFTACIV:0.21428571428571427	FDERFFMY:0.2857142857142857	LWISDNSE:0.21428571428571427	YIFNNSNK:0.21428571428571427	IKSAIKYF:0.21428571428571427	GFGAGHNV:0.21428571428571427	HIKSAIKY:0.21428571428571427	DFTACIVT:0.21428571428571427	
