cluster number:1657
GT2:17	GT2:17
STSFGIRM:0.29411764705882354	DDFYLPNH:0.29411764705882354	DDDLFLRI:0.4117647058823529	FYNGADFI:0.29411764705882354	DFYLPNHI:0.29411764705882354	ADFIERSV:0.29411764705882354	FEAVGGFD:0.29411764705882354	DGSRPEER:0.29411764705882354	IVVNDGSR:0.29411764705882354	ENGGQGSA:0.5294117647058824	FLDQDDFY:0.4117647058823529	VIVVNDGS:0.29411764705882354	ICFLDQDD:0.5882352941176471	AVTVWCIH:0.29411764705882354	DDLFLRIF:0.4117647058823529	DMFVLPSA:0.5294117647058824	QGSARNAG:0.35294117647058826	VNDGSRPE:0.29411764705882354	YNGADFIE:0.29411764705882354	NGADFIER:0.29411764705882354	LFLRIFRK:0.35294117647058826	QDDFYLPN:0.29411764705882354	SARNAGVA:0.23529411764705882	DQDDFYLP:0.29411764705882354	RNAGVAAS:0.23529411764705882	FLRIFRKG:0.35294117647058826	VVNDGSRP:0.29411764705882354	NDGSRPEE:0.29411764705882354	EVIVVNDG:0.29411764705882354	YADLYEAD:0.29411764705882354	PFYNGADF:0.29411764705882354	EDDDLFLR:0.7058823529411765	LRIFRKGY:0.29411764705882354	IPFYNGAD:0.29411764705882354	GSARNAGV:0.4117647058823529	NGGQGSAR:0.7058823529411765	DLFLRIFR:0.35294117647058826	AFEAVGGF:0.29411764705882354	KENGGQGS:0.5294117647058824	VTVWCIHT:0.29411764705882354	LDQDDFYL:0.4117647058823529	CFLDQDDF:0.5882352941176471	FICFLDQD:0.29411764705882354	DKENGGQG:0.29411764705882354	ARNAGVAA:0.29411764705882354	GQGSARNA:0.35294117647058826	GGQGSARN:0.7058823529411765	GADFIERS:0.29411764705882354	FYLPNHIE:0.29411764705882354	VSRKAFEA:0.23529411764705882	SRKAFEAV:0.29411764705882354	YEDDDLFL:0.5294117647058824	LDQDDFFL:0.29411764705882354	MGYEDDDL:0.23529411764705882	QFMGYEDD:0.23529411764705882	FMGYEDDD:0.23529411764705882	AVTVWCIN:0.29411764705882354	GYEDDDLF:0.5294117647058824	DPQFTGYE:0.23529411764705882	IIPYYNGS:0.23529411764705882	GQGSARNF:0.29411764705882354	FTGYEDDD:0.23529411764705882	GFDPQFTG:0.23529411764705882	RDCLVPRF:0.23529411764705882	QFTGYEDD:0.23529411764705882	FLDQDDFF:0.23529411764705882	GSARNFGV:0.29411764705882354	FDPQFTGY:0.23529411764705882	PQFTGYED:0.23529411764705882	VIIPYYNG:0.23529411764705882	NGSKYIER:0.23529411764705882	VGGFDPQF:0.29411764705882354	KAVTVWCI:0.35294117647058826	GGFDPQFT:0.23529411764705882	YNGSKYIE:0.23529411764705882	QGSARNFG:0.29411764705882354	RKENGGQG:0.23529411764705882	YICFLDQD:0.29411764705882354	VIIPFYNG:0.35294117647058826	GNVIRTGV:0.23529411764705882	VFEQSVPA:0.23529411764705882	GRKKKLRL:0.23529411764705882	GFDSQFMG:0.23529411764705882	IIPFYNGA:0.23529411764705882	VDKAVTVW:0.23529411764705882	GGFDSQFM:0.23529411764705882	SVFEQSVP:0.23529411764705882	ANPYVGRK:0.23529411764705882	VWCIHTAS:0.23529411764705882	ASTSFGIR:0.23529411764705882	NPYVGRKK:0.23529411764705882	YLPNHIET:0.23529411764705882	VVVIIPFY:0.23529411764705882	VGRKKKLR:0.23529411764705882	GSRPEERA:0.23529411764705882	HTASTSFG:0.23529411764705882	RFKYFKKL:0.23529411764705882	DGNVIRTG:0.23529411764705882	RSRFKYFK:0.23529411764705882	SRFKYFKK:0.23529411764705882	YVGRKKKL:0.23529411764705882	TVWCIHTA:0.23529411764705882	IHTASTSF:0.23529411764705882	CIHTASTS:0.23529411764705882	FVDKAVTV:0.23529411764705882	WCIHTAST:0.23529411764705882	VGGFDSQF:0.23529411764705882	TASTSFGI:0.23529411764705882	AVGGFDSQ:0.23529411764705882	LPNHIETL:0.23529411764705882	DKAVTVWC:0.23529411764705882	VVIIPFYN:0.23529411764705882	PYVGRKKK:0.23529411764705882	
