cluster number:776
GT2:28	GT2:28|GT41:6|GT4:1
SICIPTYN:0.32142857142857145	YIKFLFQD:0.39285714285714285	PLVSICIP:0.2857142857142857	KYIKFLFQ:0.32142857142857145	IKFLFQDD:0.5357142857142857	KFLFQDDI:0.25	VSICIPTY:0.2857142857142857	ICIPTYNG:0.32142857142857145	GKYIKFLF:0.2857142857142857	EIGLVFSP:0.21428571428571427	IGLVFSPR:0.21428571428571427	PINKIGEP:0.2857142857142857	LVSICIPT:0.32142857142857145	NKIGEPTT:0.21428571428571427	FLFQDDLL:0.2857142857142857	KFLFQDDL:0.32142857142857145	
