cluster number:1206
GT2:14	GT2:14
FEILIHDD:0.21428571428571427	TMLQINQR:0.21428571428571427	DVKGAWSE:0.21428571428571427	EGDDFWTD:0.5	GDYPLAIH:0.21428571428571427	QYSEALNK:0.21428571428571427	VVGKVRPS:0.21428571428571427	GAWSEKTL:0.21428571428571427	IAICEGDD:0.35714285714285715	ELFPTNSM:0.21428571428571427	YKLQKQVD:0.35714285714285715	EALNKVVG:0.21428571428571427	RRAKGKYI:0.21428571428571427	VSVDCLAY:0.21428571428571427	ILIHDDAS:0.21428571428571427	LVSVDCLA:0.21428571428571427	GELFPTNS:0.21428571428571427	AICEGDDF:0.35714285714285715	LIHDDAST:0.21428571428571427	SVDCLAYN:0.21428571428571427	MLQINQRR:0.21428571428571427	LNKVVGKV:0.21428571428571427	YEEKYPDL:0.21428571428571427	AEAIESFL:0.21428571428571427	DYPLAIHL:0.21428571428571427	KGKYIAIC:0.42857142857142855	YQYSEALN:0.21428571428571427	EEKYPDLI:0.21428571428571427	HDDASTDK:0.21428571428571427	NKVVGKVR:0.21428571428571427	WSEKTLTN:0.21428571428571427	INQRRAKG:0.21428571428571427	QKQVDYLE:0.21428571428571427	EILIHDDA:0.21428571428571427	ALNKVVGK:0.21428571428571427	QINQRRAK:0.21428571428571427	AKGKYIAI:0.35714285714285715	CEGDDFWT:0.5	ICEGDDFW:0.35714285714285715	LQKQVDYL:0.2857142857142857	LGGGELFP:0.21428571428571427	KGAWSEKT:0.21428571428571427	KVVGKVRP:0.21428571428571427	SEALNKVV:0.21428571428571427	IHDDASTD:0.35714285714285715	DCLAYNHE:0.21428571428571427	YIAICEGD:0.35714285714285715	IAEAIESF:0.21428571428571427	VDYLEANP:0.21428571428571427	NQRRAKGK:0.21428571428571427	AYQYSEAL:0.21428571428571427	QVDYLEAN:0.21428571428571427	DDASTDKT:0.2857142857142857	VDCLAYNH:0.21428571428571427	ATMLQINQ:0.21428571428571427	AIESFLMQ:0.35714285714285715	QRRAKGKY:0.21428571428571427	GGELFPTN:0.21428571428571427	AWSEKTLT:0.21428571428571427	DASTDKTA:0.2857142857142857	EAIESFLM:0.21428571428571427	LQINQRRA:0.21428571428571427	RAKGKYIA:0.35714285714285715	VKGAWSEK:0.21428571428571427	KLQKQVDY:0.2857142857142857	KYIAICEG:0.35714285714285715	KQVDYLEA:0.21428571428571427	GGGELFPT:0.21428571428571427	YPLAIHLA:0.21428571428571427	YSEALNKV:0.21428571428571427	GKYIAICE:0.35714285714285715	FWTDPYKL:0.2857142857142857	DDFWTDPY:0.2857142857142857	SFLMQKTN:0.2857142857142857	TDPYKLQK:0.2857142857142857	GDDFWTDP:0.42857142857142855	DFWTDPYK:0.2857142857142857	WTDPYKLQ:0.2857142857142857	IESFLMQK:0.2857142857142857	PYKLQKQV:0.21428571428571427	DPYKLQKQ:0.2857142857142857	FLMQKTNF:0.35714285714285715	ESFLMQKT:0.2857142857142857	TNFKFEIL:0.21428571428571427	NFKFEILI:0.21428571428571427	KTNFKFEI:0.21428571428571427	QKTNFKFE:0.21428571428571427	LMQKTNFK:0.21428571428571427	KLQKQVDF:0.2857142857142857	
