cluster number:855
GT2:26	GT2:26
LQCTDPEL:0.23076923076923078	EDVDFCLK:0.34615384615384615	SFKIQHTG:0.2692307692307692	VDDANRVT:0.23076923076923078	YFTALSLG:0.23076923076923078	DDANRVTK:0.23076923076923078	VLRGLSRY:0.23076923076923078	VDFCLKLL:0.23076923076923078	LGLKKELE:0.23076923076923078	KLLKKGYK:0.23076923076923078	HYEFGTQE:0.2692307692307692	YKHDLLFV:0.23076923076923078	TALSLGKS:0.23076923076923078	EPTYGWLN:0.2692307692307692	FREENGFI:0.23076923076923078	KSFKKFGW:0.23076923076923078	KIIKDLLP:0.23076923076923078	LSNRLFDA:0.2692307692307692	CDYCFTGS:0.3076923076923077	YCFTGSYW:0.4230769230769231	SVNSRVFD:0.5	ALSLGKSF:0.23076923076923078	TYGWLNQM:0.2692307692307692	LGKSFKKF:0.23076923076923078	IIKDLLPT:0.2692307692307692	KEYGSVNS:0.23076923076923078	YLLFLNND:0.23076923076923078	QCTDPELF:0.23076923076923078	SRVFDAIA:0.3076923076923077	FLSNRLFD:0.2692307692307692	LLFVGNSR:0.38461538461538464	HDLLFVGN:0.23076923076923078	RKIIKDLL:0.23076923076923078	IMWNISHP:0.34615384615384615	RVFDAIAS:0.2692307692307692	FTALSLGK:0.23076923076923078	CFTGSYWK:0.23076923076923078	EYGSVNSR:0.23076923076923078	DFCLKLLK:0.23076923076923078	DPELFYPD:0.23076923076923078	TKEYGSVN:0.23076923076923078	DLLFVGNS:0.23076923076923078	GFLSNRLF:0.2692307692307692	KLVYPDCS:0.23076923076923078	SLLDAYDI:0.23076923076923078	SLGKSFKK:0.23076923076923078	YEDVDFCL:0.34615384615384615	AKLVYPDC:0.23076923076923078	VYGYEDVD:0.2692307692307692	GYEDVDFC:0.38461538461538464	VTKEYGSV:0.23076923076923078	FKIQHTGI:0.23076923076923078	NSFKIQHT:0.23076923076923078	PTYGWLNQ:0.2692307692307692	ESQKKELY:0.23076923076923078	LLDAYDIR:0.23076923076923078	LLKKGYKN:0.23076923076923078	LKLLKKGY:0.2692307692307692	GAVGAKLV:0.23076923076923078	TDPELFYP:0.23076923076923078	VGAKLVYP:0.23076923076923078	LKKGYKNI:0.23076923076923078	KHDLLFVG:0.23076923076923078	DYFTALSL:0.23076923076923078	LFHYEFGT:0.23076923076923078	YGYEDVDF:0.38461538461538464	CTDPELFY:0.23076923076923078	GDGDARCD:0.23076923076923078	IVVDDANR:0.23076923076923078	GSVNSRVF:0.4230769230769231	MLQCTDPE:0.23076923076923078	FVVTETGE:0.23076923076923078	MWNISHPD:0.4230769230769231	LSLGKSFK:0.23076923076923078	AVGAKLVY:0.23076923076923078	DYCFTGSY:0.4230769230769231	LTESQKKE:0.23076923076923078	VLVLRGLS:0.3076923076923077	DVDFCLKL:0.34615384615384615	FHYEFGTQ:0.23076923076923078	GKSFKKFG:0.23076923076923078	YGWLNQMM:0.2692307692307692	NSRVFDAI:0.4230769230769231	ISHPDEVT:0.23076923076923078	FCLKLLKK:0.23076923076923078	SAGDYFTA:0.2692307692307692	AGDYFTAL:0.3076923076923077	GDYFTALS:0.23076923076923078	YGSVNSRV:0.34615384615384615	CLKLLKKG:0.23076923076923078	TESQKKEL:0.23076923076923078	NIMWNISH:0.34615384615384615	SQKKELYE:0.23076923076923078	VFDAIASG:0.2692307692307692	SFKKFGWE:0.23076923076923078	GAKLVYPD:0.23076923076923078	VNSRVFDA:0.46153846153846156	VVDDANRV:0.23076923076923078	ALGLKKEL:0.23076923076923078	RNSFKIQH:0.23076923076923078	SDYCFTGS:0.23076923076923078	
