cluster number:306
GT2:19	GT2:19
PTYNRSEL:0.21052631578947367	TYNRSELL:0.21052631578947367	IPTYNRSE:0.21052631578947367	DQWLPDKL:0.21052631578947367	LPDKLEKQ:0.21052631578947367	LDSDDQWL:0.42105263157894735	SDDQWLPD:0.2631578947368421	DSDDQWLP:0.47368421052631576	QWLPDKLE:0.21052631578947367	FLDSDDQW:0.42105263157894735	WLPDKLEK:0.21052631578947367	DDQWLPDK:0.2631578947368421	VVYTGVQV:0.21052631578947367	GVQVVNEN:0.21052631578947367	DLYIRLAQ:0.3157894736842105	VLFYHHSG:0.3157894736842105	WDLYIRLA:0.3157894736842105	GFLDSDDQ:0.3157894736842105	YTGVQVVN:0.21052631578947367	RSELLKKA:0.2631578947368421	DTTSSVLV:0.3157894736842105	TGVQVVNE:0.21052631578947367	PSCQDWDL:0.3157894736842105	FYHHSGER:0.3157894736842105	DWDLYIRL:0.3157894736842105	DRIIYLKH:0.21052631578947367	HSGERITT:0.3157894736842105	IGFLDSDD:0.3157894736842105	YHHSGERI:0.3157894736842105	DDRIIYLK:0.21052631578947367	NYIDTTSS:0.21052631578947367	VYTGVQVV:0.21052631578947367	SGERITTN:0.3157894736842105	KVSVIIPT:0.5263157894736842	GGSEARNT:0.2631578947368421	LEIIIIDD:0.2631578947368421	QDWDLYIR:0.3157894736842105	YIDTTSSV:0.21052631578947367	DKVSVIIP:0.3157894736842105	KGGSEARN:0.2631578947368421	LFYHHSGE:0.3157894736842105	FIGFLDSD:0.2631578947368421	HHSGERIT:0.3157894736842105	NLEIIIID:0.2631578947368421	NKGGSEAR:0.2631578947368421	IDTTSSVL:0.3157894736842105	NDKVSVII:0.2631578947368421	GSEARNTG:0.2631578947368421	FNYIDTTS:0.21052631578947367	LPSCQDWD:0.3157894736842105	CQDWDLYI:0.3157894736842105	GVVYTGVQ:0.21052631578947367	SCQDWDLY:0.3157894736842105	NRSELLKK:0.2631578947368421	EFNYIDTT:0.21052631578947367	MVLFYHHS:0.21052631578947367	GERITTNK:0.2631578947368421	YIRLAQVT:0.21052631578947367	IIIDDFST:0.2631578947368421	SVLNGHLS:0.21052631578947367	IDDFSTDD:0.2631578947368421	IIDDFSTD:0.2631578947368421	EIIIIDDF:0.3157894736842105	IIPTYNRS:0.2631578947368421	IIIIDDFS:0.3157894736842105	LNGHLSIF:0.21052631578947367	VLNGHLSI:0.21052631578947367	DDFSTDDT:0.2631578947368421	VIIPTYNR:0.42105263157894735	DFSTDDTA:0.21052631578947367	VSVIIPTY:0.42105263157894735	LYIRLAQV:0.21052631578947367	SVIIPTYN:0.42105263157894735	GHLSIFEK:0.21052631578947367	HLSIFEKY:0.21052631578947367	
