cluster number:650
GT2:31	GT2:31|GT1:1
RTPGLAGA:0.41935483870967744	PGLAGARN:0.7096774193548387	TPGLAGAR:0.5483870967741935	LAGARNSG:0.25806451612903225	GLAGARNS:0.25806451612903225	AFCDDDDE:0.5483870967741935	DDDEWLPG:0.5161290322580645	NPREPRAY:0.3870967741935484	RAYLALAV:0.6129032258064516	RNPREPRA:0.22580645161290322	REPRAYLA:0.45161290322580644	CDDDDEWL:0.5483870967741935	YFAQRWDT:0.3225806451612903	LAGARNTG:0.6129032258064516	GSYAEDYE:0.5483870967741935	PYVLVRWH:0.25806451612903225	PGKLAAQV:0.25806451612903225	LVAFCDDD:0.5161290322580645	AEDYEFLL:0.45161290322580644	WLPGKLAA:0.3548387096774194	EPRAYLAL:0.4838709677419355	TELHPSTF:0.6129032258064516	RLTELHPS:0.25806451612903225	FVSCGIRV:0.22580645161290322	LALAVAGR:0.3225806451612903	LPGKLAAQ:0.3548387096774194	QIAFARAA:0.2903225806451613	DGFGLVDE:0.3225806451612903	GLAGARNT:0.6129032258064516	FAQRWDTI:0.3225806451612903	RDGFGLVD:0.3225806451612903	EDYEFLLR:0.45161290322580644	PGSYAEDY:0.5483870967741935	SYAEDYEF:0.45161290322580644	DDEWLPGK:0.5161290322580645	ALRDGFGL:0.3225806451612903	DEWLPGKL:0.5161290322580645	PRAYLALA:0.4838709677419355	YLALAVAG:0.3870967741935484	AYLALAVA:0.5161290322580645	VVPTRDRP:0.5483870967741935	GELVAFCD:0.2903225806451613	IPGSYAED:0.5483870967741935	GQIAFARA:0.2903225806451613	EWLPGKLA:0.3225806451612903	SYFAQRWD:0.3225806451612903	ELVAFCDD:0.3225806451612903	FCDDDDEW:0.5483870967741935	VAFCDDDD:0.5806451612903226	RSYFAQRW:0.45161290322580644	DDDDEWLP:0.5483870967741935	YAEDYEFL:0.45161290322580644	LRDGFGLV:0.3225806451612903	LTELHPST:0.25806451612903225	VVVPTRDR:0.3548387096774194	PREPRAYL:0.41935483870967744	ELHPSTFL:0.6129032258064516	WHKRSYFA:0.3870967741935484	LHPSTFLI:0.5483870967741935	VVYDQSEP:0.22580645161290322	HKRSYFAQ:0.3870967741935484	RPELLRAA:0.3548387096774194	TLHKRGRG:0.3870967741935484	VRWHKRSY:0.3870967741935484	RVAGQIAF:0.3548387096774194	RWHKRSYF:0.3870967741935484	LHKRGRGI:0.3870967741935484	LRTLHKRG:0.3870967741935484	VYDQSEPD:0.22580645161290322	PSTFLIRR:0.22580645161290322	DYEFLLRA:0.41935483870967744	VPTRDRPE:0.4838709677419355	KRSYFAQR:0.3870967741935484	PTRDRPEL:0.4838709677419355	SVVVPTRD:0.22580645161290322	HPSTFLIR:0.5483870967741935	TRDRPELL:0.5161290322580645	EARVAGQI:0.22580645161290322	LVRWHKRS:0.3548387096774194	YEFLLRAA:0.41935483870967744	RTLHKRGR:0.3870967741935484	CGIRVSYD:0.2903225806451613	AGARNTGI:0.45161290322580644	GEARVAGQ:0.22580645161290322	RDRPELLR:0.5161290322580645	DRPELLRA:0.3225806451612903	ARVAGQIA:0.3548387096774194	EFLLRAAR:0.41935483870967744	VLVRWHKR:0.3548387096774194	VLRTLHKR:0.3870967741935484	VAGQIAFA:0.3548387096774194	DEEIPGSY:0.41935483870967744	GLVDEEIP:0.41935483870967744	LLRDRMTE:0.2903225806451613	GIRVSYDG:0.25806451612903225	LRAARSAP:0.3225806451612903	EIPGSYAE:0.45161290322580644	FLLRAARS:0.3225806451612903	DRMTELHP:0.2903225806451613	RWDTISEA:0.25806451612903225	ADAVLRTL:0.25806451612903225	DTISEALQ:0.25806451612903225	ELLRAAVR:0.22580645161290322	SEALQWLL:0.25806451612903225	RAARSAPL:0.3225806451612903	PSTFLIRA:0.3225806451612903	LVDEEIPG:0.41935483870967744	AVLRTLHK:0.22580645161290322	DAVLRTLH:0.25806451612903225	DLLRDRMT:0.25806451612903225	TISEALQW:0.25806451612903225	MTELHPST:0.2903225806451613	FGLVDEEI:0.3225806451612903	RDRMTELH:0.2903225806451613	AQRWDTIS:0.25806451612903225	QRWDTISE:0.25806451612903225	RMTELHPS:0.2903225806451613	LRDRMTEL:0.2903225806451613	EEIPGSYA:0.45161290322580644	GFGLVDEE:0.3225806451612903	RADAVLRT:0.22580645161290322	PELLRAAV:0.25806451612903225	ISEALQWL:0.25806451612903225	WDTISEAL:0.25806451612903225	LLRAARSA:0.3225806451612903	VDEEIPGS:0.41935483870967744	GARNTGIL:0.3548387096774194	ARNTGILA:0.3548387096774194	FARAASGD:0.22580645161290322	RNTGILAA:0.2903225806451613	ARAASGDR:0.22580645161290322	AFARAASG:0.22580645161290322	IAFARAAS:0.22580645161290322	IAFCDDDD:0.22580645161290322	
