cluster number:2059
GT2:17	GT2:17
FVDDGSRD:0.35294117647058826	GYDLVSGW:0.47058823529411764	PLHDFNCG:0.35294117647058826	FTTGLLGE:0.23529411764705882	DADLQDDP:0.7647058823529411	KSAALAVG:0.29411764705882354	DFNCGLKA:0.35294117647058826	IPLHDFNC:0.23529411764705882	RRNYGKSA:0.4117647058823529	HRYIPLLA:0.29411764705882354	LDADLQDD:0.5294117647058824	SAALAVGF:0.29411764705882354	ELHRYIPL:0.29411764705882354	NYGKSAAL:0.4117647058823529	GIPLHDFN:0.23529411764705882	SGYDLVSG:0.23529411764705882	YDLVSGWK:0.4117647058823529	GKSAALAV:0.29411764705882354	DLVSGWKK:0.4117647058823529	MFTTGLLG:0.23529411764705882	LHRYIPLL:0.29411764705882354	FNCGLKAY:0.35294117647058826	TLDADLQD:0.47058823529411764	LRRNYGKS:0.23529411764705882	DDGSRDGS:0.4117647058823529	GFLDLITV:0.23529411764705882	GELHRYIP:0.47058823529411764	VTLDADLQ:0.29411764705882354	RNYGKSAA:0.47058823529411764	HDFNCGLK:0.5294117647058824	VVTLDADL:0.23529411764705882	LHDFNCGL:0.47058823529411764	DGSRDGSW:0.35294117647058826	VYGELHRY:0.35294117647058826	VDDGSRDG:0.35294117647058826	QDDPAEIP:0.6470588235294118	DLQDDPAE:0.7058823529411765	YGKSAALA:0.35294117647058826	LQDDPAEI:0.6470588235294118	ADLQDDPA:0.5882352941176471	RPLLLLGV:0.23529411764705882	RDGSWEVI:0.23529411764705882	ESGYDLVS:0.23529411764705882	NCGLKAYR:0.35294117647058826	QMFTTGLL:0.23529411764705882	SRDGSWEV:0.23529411764705882	GSRDGSWE:0.29411764705882354	LESGYDLV:0.23529411764705882	YGELHRYI:0.4117647058823529	GFLDLLTV:0.35294117647058826	DDPAEIPR:0.29411764705882354	DGDLQDDP:0.23529411764705882	PWHKVYPS:0.29411764705882354	DPWHKVYP:0.29411764705882354	
