cluster number:292
GT2:67	GT2:67
LPYFDHMH:0.6119402985074627	RFQSKVAN:0.31343283582089554	PDSGCGLK:0.22388059701492538	DGQNDPSD:0.2537313432835821	WNRAWVGI:0.22388059701492538	FDHMHRFL:0.31343283582089554	SVVIPAKN:0.29850746268656714	SCGQSTAV:0.208955223880597	VPDSGCGL:0.22388059701492538	RAWVGIVD:0.22388059701492538	ADGQNDPS:0.2537313432835821	LRLPYFDH:0.2537313432835821	SNYNAWNR:0.22388059701492538	RLPYFDHM:0.2537313432835821	AWNRAWVG:0.22388059701492538	YFDHMHRF:0.34328358208955223	DGVPDSGC:0.208955223880597	GVPDSGCG:0.208955223880597	DHMHRFLP:0.31343283582089554	DADGQNDP:0.746268656716418	HMHRFLPA:0.3283582089552239	HFCIAGYR:0.2835820895522388	NRAWVGIV:0.22388059701492538	VIPAKNEQ:0.208955223880597	VVIPAKNE:0.29850746268656714	ISVVIPAK:0.3880597014925373	YNAWNRAW:0.22388059701492538	HRFLPALI:0.2835820895522388	PYFDHMHR:0.6716417910447762	MHRFLPAL:0.3283582089552239	VDDGSQDD:0.208955223880597	DGQNDPAD:0.582089552238806	PDTGCGLK:0.582089552238806	VTLDADGQ:0.3880597014925373	TAWKRFQS:0.3582089552238806	CIAGYRKN:0.29850746268656714	GVPDTGCG:0.29850746268656714	DTGCGLKL:0.417910447761194	YFDHMHRY:0.3283582089552239	RKDTAWKR:0.3582089552238806	TGCGLKLF:0.208955223880597	SKYTAWNR:0.208955223880597	VVDDGSQD:0.208955223880597	GQNDPADI:0.5671641791044776	RKNRKDTA:0.2835820895522388	NRKDTAWK:0.31343283582089554	GCGLKLFP:0.23880597014925373	NDPADIPA:0.2835820895522388	YIVTLDAD:0.208955223880597	IAGYRKNR:0.29850746268656714	IVTLDADG:0.2835820895522388	DPADIPAM:0.2537313432835821	YRKNRKDT:0.26865671641791045	VPDTGCGL:0.29850746268656714	ADGQNDPA:0.4925373134328358	DTAWKRFQ:0.3582089552238806	HDGVPDTG:0.22388059701492538	AWKRFQSR:0.26865671641791045	MHRYIPAL:0.3880597014925373	HRYIPALV:0.208955223880597	KDTAWKRF:0.3582089552238806	TLDADGQN:0.5522388059701493	AGYRKNRK:0.26865671641791045	LDADGQND:0.5522388059701493	LHDGVPDT:0.22388059701492538	DHMHRYIP:0.373134328358209	FCIAGYRK:0.31343283582089554	FDHMHRYI:0.373134328358209	KNRKDTAW:0.2835820895522388	GYRKNRKD:0.26865671641791045	QNDPADIP:0.5373134328358209	HMHRYIPA:0.3880597014925373	CGLKLFPR:0.208955223880597	DDGSQDDT:0.208955223880597	DGVPDTGC:0.29850746268656714	TPDTGCGL:0.2835820895522388	DDTPDTGC:0.2537313432835821	DTPDTGCG:0.2537313432835821	
