cluster number:2404
GT2:22	GT2:22
LVSVIVPN:0.5454545454545454	PLVSVIVP:0.5454545454545454	FVDSDVAA:0.22727272727272727	TDDSVAVA:0.2727272727272727	DLGMYRFV:0.3181818181818182	STDDSVAV:0.2727272727272727	PEPLIRDS:0.22727272727272727	VVDDGSTD:0.4090909090909091	EVIVVDDG:0.2727272727272727	DDGSTDDS:0.3181818181818182	VIVPNYNY:0.5	VSVIVPNY:0.5454545454545454	VIVVDDGS:0.2727272727272727	IVPNYNYA:0.5	VDDGSTDD:0.3181818181818182	AAARNLGA:0.22727272727272727	IEVIVVDD:0.2727272727272727	SVIVPNYN:0.5454545454545454	IVVDDGST:0.4090909090909091	
