cluster number:1562
GT2:6	GT2:6
LAGHVAVQ:0.3333333333333333	LDLMLARI:0.3333333333333333	LMLARIHK:0.3333333333333333	GRYVLLLD:0.5	HNAEAARK:0.3333333333333333	WVVDDGST:0.5	PDGRERAH:0.3333333333333333	PDVGLWLA:0.5	MSAKPLLS:0.5	VVDDGSTD:0.6666666666666666	ELWVVDDG:0.5	SAARNNGV:0.3333333333333333	DEVFLKLP:0.3333333333333333	SLFRTCLL:0.5	ERPYPEHL:0.3333333333333333	IPTYNYAG:0.3333333333333333	DIPVFAYC:0.5	GPSAARNN:0.5	ELLLERPY:0.5	CLSLFRTC:0.5	SAKPLLSV:0.3333333333333333	LKPAYRAQ:0.5	LPAGLQSL:0.3333333333333333	RTDWRVLF:0.5	SVVIPTYN:0.3333333333333333	NGVQLAQG:0.3333333333333333	AALSQRHG:0.3333333333333333	LRTDWRVL:0.3333333333333333	LERPYPEH:0.3333333333333333	DDGSTDDT:1.0	PVFAYCLT:0.5	LRHNAEAA:0.5	LQSLKPAY:0.5	QSLKPAYR:0.5	GSTDDTPA:0.6666666666666666	LSLFRTCL:0.5	YPEHLRHS:0.3333333333333333	LVDEVFLK:0.3333333333333333	ARIHKHPG:0.5	VVIPTYNY:0.3333333333333333	IPVFAYCL:0.5	LLLERPYP:0.5	SLRHNAEA:0.5	AYCLTQRQ:0.3333333333333333	QRCLSLFR:0.5	EVFLKLPA:0.3333333333333333	LLLDADDE:0.5	AVESVLAQ:0.3333333333333333	RAVESVLA:0.3333333333333333	DLMLARIH:0.3333333333333333	GHVAVQPD:0.3333333333333333	STDDTPAV:0.5	VESVLAQA:0.3333333333333333	AARNNGVQ:0.3333333333333333	AQRCLSLF:0.5	VLDLMLAR:0.3333333333333333	AQGRYVLL:0.5	NNGVQLAQ:0.3333333333333333	PEHLRHSE:0.3333333333333333	LWLAGHVA:0.3333333333333333	RYVLLLDA:0.5	YRAQRCLS:0.5	LPRAVESV:0.3333333333333333	RAQRCLSL:0.5	YNYAGVLP:0.5	LRELLLER:0.5	AGVLPRAV:0.5	CVFLRELL:0.5	GLQSLKPA:0.3333333333333333	KPAYRAQR:0.5	NYAGVLPR:0.5	LLSVVIPT:0.3333333333333333	RPYPEHLR:0.3333333333333333	YYREALRT:0.3333333333333333	MLARIHKH:0.3333333333333333	PLLSVVIP:0.3333333333333333	VLLLDADD:0.5	VAVQPDGR:0.3333333333333333	LWVVDDGS:0.5	EAARKVGL:0.3333333333333333	VIPTYNYA:0.3333333333333333	EVELWVVD:0.5	LFRTCLLA:0.5	HSEDIPVF:0.5	ALSQRHGA:0.3333333333333333	YVLLLDAD:0.5	AYRAQRCL:0.5	WLAGHVAV:0.3333333333333333	PTYNYAGV:0.3333333333333333	GVLPRAVE:0.3333333333333333	AKPLLSVV:0.3333333333333333	HLRHSEDI:0.3333333333333333	YAGVLPRA:0.5	ESVLAQAT:0.3333333333333333	NAEAARKV:0.3333333333333333	GLWLAGHV:0.5	FLRELLLE:0.5	YREALRTD:0.3333333333333333	LLERPYPE:0.5	VELWVVDD:0.5	LAQGRYVL:0.5	EHLRHSED:0.3333333333333333	RNNGVQLA:0.3333333333333333	QPDVGLWL:0.3333333333333333	SLKPAYRA:0.5	KHPGSLRH:0.5	LLDADDEL:0.5	VFLRELLL:0.5	EALRTDWR:0.3333333333333333	DGSTDDTP:1.0	IHKHPGSL:0.5	TYNYAGVL:0.3333333333333333	LARIHKHP:0.5	VDDGSTDD:0.8333333333333334	RCLSLFRT:0.5	LRHSEDIP:0.5	FAYCLTQR:0.3333333333333333	AGHVAVQP:0.3333333333333333	RHNAEAAR:0.5	YCLTQRQV:0.3333333333333333	VQLAQGRY:0.3333333333333333	PYPEHLRH:0.3333333333333333	AEAARKVG:0.3333333333333333	VGLWLAGH:0.5	SEDIPVFA:0.5	LSVVIPTY:0.3333333333333333	VFAYCLTQ:0.3333333333333333	ALRTDWRV:0.3333333333333333	AGLQSLKP:0.3333333333333333	VQPDGRER:0.3333333333333333	TDWRVLFK:0.5	KPLLSVVI:0.3333333333333333	GVQLAQGR:0.3333333333333333	VDEVFLKL:0.3333333333333333	PRAVESVL:0.3333333333333333	QGRYVLLL:0.5	DVGLWLAG:0.5	HPGSLRHN:0.5	GSLRHNAE:0.5	QLAQGRYV:0.5	PSAARNNG:0.5	HVAVQPDG:0.3333333333333333	RELLLERP:0.5	PAGLQSLK:0.3333333333333333	RHSEDIPV:0.5	RTCLLAGE:0.3333333333333333	VLPRAVES:0.3333333333333333	REALRTDW:0.3333333333333333	PGSLRHNA:0.5	AVQPDGRE:0.3333333333333333	ARNNGVQL:0.3333333333333333	HKHPGSLR:0.5	FRTCLLAG:0.5	PAYRAQRC:0.5	EDIPVFAY:0.5	RIHKHPGS:0.5	ATPEVELW:0.3333333333333333	PGVLPGLC:0.3333333333333333	IALSHGAC:0.3333333333333333	TPEVELWV:0.3333333333333333	DELAPGVL:0.3333333333333333	QATPEVEL:0.3333333333333333	RKALRLWL:0.3333333333333333	ADDELAPG:0.3333333333333333	DDELAPGV:0.3333333333333333	KIALSHGA:0.3333333333333333	HGACVFLR:0.3333333333333333	ACVFLREL:0.3333333333333333	GACVFLRE:0.3333333333333333	LDADDELA:0.3333333333333333	TDDTPAVF:0.3333333333333333	FQGVRQAN:0.3333333333333333	SHGACVFL:0.3333333333333333	LAPGVLPG:0.3333333333333333	KALRLWLK:0.3333333333333333	PEVELWVV:0.3333333333333333	ALSHGACV:0.3333333333333333	ELAPGVLP:0.3333333333333333	KKIALSHG:0.3333333333333333	DADDELAP:0.3333333333333333	APGVLPGL:0.3333333333333333	LSHGACVF:0.3333333333333333	
