cluster number:2203
GT2:15	GT2:15
FLKAIADP:0.2	AMNKGLAR:0.26666666666666666	CGCLPHQG:0.26666666666666666	IADPSVTL:0.2	ELKRRLAE:0.2	DTRWRVHA:0.26666666666666666	TVASFGLG:0.26666666666666666	GASTDGTL:0.26666666666666666	EPDGGIYD:0.26666666666666666	GDIEVRLP:0.2	GGSVIHTP:0.2	SFLAVRLE:0.2	AWLRRRIE:0.26666666666666666	SFGLGGTS:0.26666666666666666	PEGGSVIH:0.2	PEVYAIQN:0.26666666666666666	DPSVTLMH:0.2	YDAMNKGL:0.26666666666666666	QSEAWLRR:0.26666666666666666	VFDRTGPF:0.26666666666666666	TRWRVHAD:0.26666666666666666	RWRVHADY:0.26666666666666666	SEAWLRRR:0.26666666666666666	MHMPVTVA:0.2	LPFYQSEA:0.2	LAKGQPEV:0.26666666666666666	HQGTFARR:0.26666666666666666	NKGLARAT:0.26666666666666666	EVRLPEGG:0.2	SEPDGGIY:0.26666666666666666	SSNLAKGQ:0.26666666666666666	TSSNLAKG:0.26666666666666666	QNALPFYQ:0.2	IEHIIIDG:0.2	SVTLMHMP:0.2	ALPFYQSE:0.2	LFYGDIEV:0.26666666666666666	ADPSVTLM:0.2	MPVTVASF:0.26666666666666666	MNKGLARA:0.26666666666666666	DGASTDGT:0.3333333333333333	GPFDTRWR:0.26666666666666666	RLENAELK:0.2	LENAELKR:0.2	VRLENAEL:0.2	ASFGLGGT:0.26666666666666666	DWFLKAIA:0.26666666666666666	RLPEGGSV:0.2	ADKAAEAM:0.2	QPEVYAIQ:0.26666666666666666	NALPFYQS:0.2	AELKRRLA:0.2	DLFYGDIE:0.26666666666666666	FDRTGPFD:0.26666666666666666	VRLPEGGS:0.2	WRVHADYD:0.26666666666666666	HMPVTVAS:0.26666666666666666	LMHMPVTV:0.2	GLARATGD:0.26666666666666666	KAIADPSV:0.2	GSVIHTPQ:0.2	AVRLENAE:0.2	NAELKRRL:0.26666666666666666	EAWLRRRI:0.26666666666666666	AKGQPEVY:0.26666666666666666	KGQPEVYA:0.26666666666666666	DRTGPFDT:0.26666666666666666	FYQSEAWL:0.2	GGIYDAMN:0.3333333333333333	GCLPHQGT:0.26666666666666666	TGPFDTRW:0.26666666666666666	IEVRLPEG:0.2	VYAIQNAL:0.2	GTSSNLAK:0.26666666666666666	HFLNAEDW:0.2	PFDTRWRV:0.26666666666666666	YDWFLKAI:0.26666666666666666	VTLMHMPV:0.2	VTVASFGL:0.26666666666666666	PSVTLMHM:0.2	NIEHIIID:0.2	RVHADYDW:0.26666666666666666	EVYAIQNA:0.2	FLAVRLEN:0.2	LKAIADPS:0.2	CLPHQGTF:0.26666666666666666	RTGPFDTR:0.26666666666666666	KGLARATG:0.26666666666666666	DAMNKGLA:0.26666666666666666	DIEVRLPE:0.2	FGLGGTSS:0.26666666666666666	YAIQNALP:0.2	IQNALPFY:0.2	PDGGIYDA:0.26666666666666666	HADYDWFL:0.26666666666666666	VASFGLGG:0.26666666666666666	LPHQGTFA:0.26666666666666666	IDGASTDG:0.2	ENAELKRR:0.26666666666666666	FDTRWRVH:0.26666666666666666	LRRRIELY:0.26666666666666666	WFLKAIAD:0.26666666666666666	ADYDWFLK:0.26666666666666666	RRRIELYQ:0.26666666666666666	LPEGGSVI:0.2	TLMHMPVT:0.2	VHADYDWF:0.26666666666666666	PVTVASFG:0.26666666666666666	FYGDIEVR:0.26666666666666666	LAVRLENA:0.2	GGTSSNLA:0.26666666666666666	DYDWFLKA:0.26666666666666666	LGGTSSNL:0.26666666666666666	PHQGTFAR:0.26666666666666666	AIQNALPF:0.2	SNLAKGQP:0.26666666666666666	IHFLNAED:0.2	GQPEVYAI:0.26666666666666666	EGGSVIHT:0.2	DGGIYDAM:0.3333333333333333	AIADPSVT:0.2	YGDIEVRL:0.2	GIYDAMNK:0.8	WLRRRIEL:0.26666666666666666	GLGGTSSN:0.26666666666666666	YQSEAWLR:0.26666666666666666	NLAKGQPE:0.26666666666666666	PFYQSEAW:0.2	IYDAMNKG:0.5333333333333333	AVRFVERH:0.2	QTYGNIEH:0.2	MVCGCLPH:0.2	VCGCLPHQ:0.2	LARATGDL:0.2	TYGNIEHI:0.2	VRFVERHP:0.2	GDLFYGDI:0.2	YDAMNKAV:0.2	IYDAMNKA:0.26666666666666666	DAGIYDAM:0.2	AGIYDAMN:0.2	YDAMNKGI:0.2	
