cluster number:2541
GT2:14	GT2:14
YIAKFDDD:0.5714285714285714	IAKFDDDD:1.0	KFDDDDYY:1.0	DDDDYYGP:0.21428571428571427	FDDDDYYG:0.21428571428571427	AKFDDDDY:1.0	DYIAKFDD:0.21428571428571427	YDYIAKFD:0.21428571428571427	AAKKHKNV:0.2857142857142857	NVFQQISF:0.21428571428571427	ADIVGKRA:0.6428571428571429	LNDKKLLL:0.21428571428571427	VKNFKKYV:0.2857142857142857	YLNDKKLL:0.21428571428571427	KNFKKYVT:0.2857142857142857	GFCLNFGV:0.21428571428571427	FQQISFPD:0.21428571428571427	TNVQGATL:0.21428571428571427	KVKNFKKY:0.2857142857142857	FKIYAGNK:0.2857142857142857	KKLLLLRY:0.2857142857142857	KRNVFQQI:0.21428571428571427	GNKYNFAA:0.2857142857142857	VKVLKVKN:0.21428571428571427	HTWIVSDK:0.42857142857142855	KFCADCAA:0.21428571428571427	KIYAGNKY:0.2857142857142857	KNSKDHTW:0.2857142857142857	IVIINNDS:0.21428571428571427	VTNVQGAT:0.21428571428571427	DHTWIVSD:0.35714285714285715	AVSILTCT:0.2857142857142857	KDHTWIVS:0.21428571428571427	LHKTKADI:0.21428571428571427	GATLLVKR:0.35714285714285715	HKTKADIV:0.21428571428571427	SAVSILTC:0.2857142857142857	RKNSKDHT:0.2857142857142857	WIVSDKKL:0.21428571428571427	RSLGFCLN:0.21428571428571427	NFKKYVTR:0.2857142857142857	KLLLLRYL:0.21428571428571427	VIINNDSL:0.21428571428571427	KELIVIIN:0.2857142857142857	TKADIVGK:0.21428571428571427	QGATLLVK:0.42857142857142855	ECVKFCAD:0.2857142857142857	GKRAHYMY:0.35714285714285715	VSILTCTK:0.2857142857142857	DIVGKRAH:0.6428571428571429	LIVIINND:0.21428571428571427	NVQGATLL:0.21428571428571427	VGKRAHYM:0.35714285714285715	AKKHKNVR:0.21428571428571427	NSKDHTWI:0.2857142857142857	DKKLLLLR:0.21428571428571427	KTKADIVG:0.21428571428571427	VQGATLLV:0.42857142857142855	ILHKTKAD:0.21428571428571427	MYLNDKKL:0.21428571428571427	VKFCADCA:0.21428571428571427	RRKNSKDH:0.2857142857142857	KADIVGKR:0.2857142857142857	GFKIYAGN:0.35714285714285715	SKDHTWIV:0.21428571428571427	TWIVSDKK:0.21428571428571427	SILTCTKR:0.2857142857142857	SLGFCLNF:0.21428571428571427	RNVFQQIS:0.21428571428571427	LGFCLNFG:0.21428571428571427	CVKFCADC:0.2857142857142857	IVSDKKLL:0.21428571428571427	IYAGNKYN:0.2857142857142857	NVKVLKVK:0.21428571428571427	KRAHYMYL:0.35714285714285715	IVGKRAHY:0.35714285714285715	GECVKFCA:0.21428571428571427	VFQQISFP:0.21428571428571427	ELIVIINN:0.2857142857142857	RAHYMYLN:0.21428571428571427	YAGNKYNF:0.2857142857142857	AGNKYNFA:0.2857142857142857	FDDDDYYA:0.6428571428571429	SYIAKFDD:0.35714285714285715	YNFAAIRR:0.2857142857142857	KRAHFMYL:0.21428571428571427	FAAIRRKN:0.35714285714285715	NFAAIRRK:0.2857142857142857	DDDDYYAP:0.42857142857142855	GKRAHFMY:0.21428571428571427	GECVKFCS:0.2857142857142857	ELIVILNH:0.2857142857142857	SIITCTKR:0.35714285714285715	LVQGATLL:0.2857142857142857	DYYAPGYL:0.21428571428571427	LIAKFDDD:0.2857142857142857	TLLVKRHV:0.21428571428571427	RGECVKFC:0.35714285714285715	NKELIVIL:0.35714285714285715	DDYYAPGY:0.21428571428571427	KELIVILN:0.35714285714285715	NRGECVKF:0.2857142857142857	ATLLVKRH:0.21428571428571427	DDDYYAPG:0.21428571428571427	LLVKRHVF:0.21428571428571427	IITCTKRR:0.2857142857142857	VSIITCTK:0.35714285714285715	GSCLNYGV:0.21428571428571427	YSYIAKFD:0.21428571428571427	SLGSCLNY:0.21428571428571427	AVSIITCT:0.2857142857142857	LGSCLNYG:0.21428571428571427	AAIRRKNS:0.2857142857142857	RNKELIVI:0.21428571428571427	IVGKRAHF:0.2857142857142857	RQNYRNKE:0.21428571428571427	YRNKELIV:0.21428571428571427	NYRNKELI:0.21428571428571427	VGKRAHFM:0.2857142857142857	QNYRNKEL:0.21428571428571427	IRRKNSKD:0.21428571428571427	GATLLIKR:0.21428571428571427	AIRRKNSK:0.21428571428571427	RNRGECVK:0.21428571428571427	QGATLLIK:0.21428571428571427	KYNFAAIR:0.21428571428571427	NKYNFAAI:0.21428571428571427	
