cluster number:2567
GT2:38	GT2:38
ENGSNPLI:0.5526315789473685	LIVINDGS:0.3157894736842105	YSWTDYID:0.39473684210526316	NDGSQDST:0.2631578947368421	VAYSWTDY:0.4473684210526316	LANLYKYL:0.21052631578947367	ISVIIPAY:0.34210526315789475	VINDGSQD:0.23684210526315788	FELIVIND:0.21052631578947367	INDGSQDS:0.23684210526315788	GGNVSRNR:0.3684210526315789	LENGSNPL:0.5526315789473685	LGGFDESL:0.2894736842105263	FVSFLDAD:0.3157894736842105	VSFLDADD:0.34210526315789475	NGSNPLIC:0.23684210526315788	FLDADDLW:0.34210526315789475	KVAYSWTD:0.21052631578947367	NFLENGSN:0.4473684210526316	ELIVINDG:0.3157894736842105	NAGGNVSR:0.34210526315789475	AGGNVSRN:0.34210526315789475	SFLDADDL:0.23684210526315788	AYSWTDYI:0.4473684210526316	FLENGSNP:0.4473684210526316	IVINDGSQ:0.21052631578947367	NVSRNRGL:0.42105263157894735	DGSQDSTL:0.2631578947368421	GNVSRNRG:0.3684210526315789	LDADDLWT:0.3157894736842105	SVIIPAYN:0.39473684210526316	IESVLNQT:0.21052631578947367	TIESVLNQ:0.23684210526315788	DWDMWLRL:0.4473684210526316	AQDWDMWL:0.34210526315789475	WDMWLRLA:0.42105263157894735	NNFLENGS:0.21052631578947367	AAQDWDMW:0.34210526315789475	QDWDMWLR:0.34210526315789475	SWTDYIDE:0.21052631578947367	LIIINDGS:0.2631578947368421	ELIIINDG:0.2631578947368421	YLTCKALQ:0.2631578947368421	YKYLTCKA:0.23684210526315788	KYLTCKAL:0.23684210526315788	LDADDIWT:0.21052631578947367	SFLDADDI:0.23684210526315788	FLDADDIW:0.23684210526315788	IIPAYNCE:0.21052631578947367	VIIPAYNC:0.23684210526315788	
