cluster number:1497
GT2:7	GT2:7|2.4.1.-:1
VEPGWLAG:0.2857142857142857	LAAVEAAV:0.2857142857142857	VIPHYNDP:0.2857142857142857	LEWCHRAI:0.2857142857142857	VGHPPRPD:0.2857142857142857	KTRRIQRE:0.42857142857142855	TVTANLFV:0.42857142857142855	VEAAVAGR:0.2857142857142857	RIVTILEK:0.2857142857142857	AEALEMAL:0.2857142857142857	PARNGAAA:0.42857142857142855	KILRTPGT:0.2857142857142857	EALEMALA:0.2857142857142857	LFVMRADF:0.42857142857142855	LEMALAFD:0.2857142857142857	EMALAFDN:0.2857142857142857	SDCVVEPG:0.2857142857142857	RARIVTIL:0.2857142857142857	ANLFVMRA:0.42857142857142855	CGLAAVEA:0.2857142857142857	FTVTANLF:0.2857142857142857	GRARIVTI:0.2857142857142857	DFERVGGF:0.42857142857142855	GDNNSPCG:0.42857142857142855	GAEALEMA:0.2857142857142857	AAVAGRAR:0.2857142857142857	NLFVMRAD:0.42857142857142855	FTDSDCVV:0.5714285714285714	RRIQRELY:0.2857142857142857	SVVIPHYN:0.42857142857142855	EWCHRAIA:0.42857142857142855	NSPCGLAA:0.2857142857142857	VAGRARIV:0.2857142857142857	AAAAARGE:0.2857142857142857	FDNEGYVR:0.42857142857142855	LAFDNEGY:0.2857142857142857	DNNSPCGL:0.2857142857142857	AKILRTPG:0.2857142857142857	AGLLQLLG:0.2857142857142857	VSEDLEWC:0.2857142857142857	VVIPHYND:0.42857142857142855	ADFERVGG:0.42857142857142855	ALAFDNEG:0.2857142857142857	ASVGHPPR:0.42857142857142855	RISVVIPH:0.42857142857142855	PCGLAAVE:0.2857142857142857	DCVVEPGW:0.2857142857142857	MRADFERV:0.42857142857142855	DNEGYVRR:0.42857142857142855	NNSPCGLA:0.2857142857142857	ARIVTILE:0.2857142857142857	TANLFVMR:0.42857142857142855	RGEILAFT:0.2857142857142857	GAGPARNG:0.42857142857142855	IIVGDNNS:0.42857142857142855	AGRARIVT:0.2857142857142857	FERVGGFR:0.2857142857142857	AFEIIVGD:0.2857142857142857	FVMRADFE:0.42857142857142855	RADFERVG:0.5714285714285714	KGAGPARN:0.42857142857142855	AAVEAAVA:0.2857142857142857	ILEKGAGP:0.2857142857142857	ISVVIPHY:0.42857142857142855	PRISVVIP:0.42857142857142855	LVKTRRIQ:0.42857142857142855	GHPPRPDW:0.2857142857142857	SVGHPPRP:0.2857142857142857	DSDCVVEP:0.2857142857142857	IVGDNNSP:0.42857142857142855	ILAFTDSD:0.7142857142857143	TRRIQREL:0.42857142857142855	AFTDSDCV:0.5714285714285714	AVEAAVAG:0.2857142857142857	ALLVKTRR:0.2857142857142857	AFDNEGYV:0.42857142857142855	IQRELYLF:0.2857142857142857	VMRADFER:0.42857142857142855	GAAAAARG:0.2857142857142857	EIIVGDNN:0.42857142857142855	VGDNNSPC:0.42857142857142855	ALEMALAF:0.2857142857142857	TILEKGAG:0.2857142857142857	ARNGAAAA:0.2857142857142857	FEIIVGDN:0.42857142857142855	GLAAVEAA:0.2857142857142857	LLVKTRRI:0.42857142857142855	VTANLFVM:0.42857142857142855	GPARNGAA:0.42857142857142855	VTILEKGA:0.2857142857142857	AVAGRARI:0.2857142857142857	GAGLLQLL:0.2857142857142857	EPGWLAGG:0.2857142857142857	CVVEPGWL:0.2857142857142857	EAAVAGRA:0.2857142857142857	DLEWCHRA:0.2857142857142857	MALAFDNE:0.2857142857142857	RNGAAAAA:0.2857142857142857	EDLEWCHR:0.2857142857142857	LAFTDSDC:0.8571428571428571	IVTILEKG:0.2857142857142857	GEILAFTD:0.7142857142857143	ARGEILAF:0.2857142857142857	EKGAGPAR:0.42857142857142855	AGPARNGA:0.42857142857142855	NGAAAAAR:0.2857142857142857	SPCGLAAV:0.2857142857142857	VVEPGWLA:0.2857142857142857	RIQRELYL:0.2857142857142857	LEKGAGPA:0.42857142857142855	TDSDCVVE:0.2857142857142857	EILAFTDS:0.7142857142857143	SEDLEWCH:0.2857142857142857	VKTRRIQR:0.42857142857142855	GVSEDLEW:0.2857142857142857	GLLQLLGR:0.42857142857142855	GRFVGGHM:0.2857142857142857	LLQLLGRP:0.2857142857142857	NEGYVRRA:0.2857142857142857	VAPGRFVG:0.2857142857142857	PGWLAGGV:0.2857142857142857	RLRWLARS:0.2857142857142857	GRLRWLAR:0.2857142857142857	GWLAGGVA:0.2857142857142857	FRTGVSED:0.2857142857142857	PGRFVGGH:0.2857142857142857	APGRFVGG:0.2857142857142857	
