cluster number:1372
GT2:30	GT2:30
RLRWQRGA:0.6333333333333333	AALTEDNE:0.4	QRGALENL:0.5666666666666667	WQRGALEN:0.6333333333333333	IVVVADNC:0.26666666666666666	VVADNCTD:0.7333333333333333	RWQRGALE:0.6333333333333333	VVVADNCT:0.36666666666666664	LRWQRGAL:0.6	RIVVVADN:0.26666666666666666	QRLRWQRG:0.6333333333333333	TVLIPAHN:0.43333333333333335	GALENLGA:0.4	IVVADNCT:0.3	LENLGAYG:0.4	RGALENLG:0.43333333333333335	WAQQLGIG:0.2	VTEVMPTW:0.2	EDNELTLA:0.3333333333333333	ALMAVGGL:0.43333333333333335	QQLGIGYG:0.36666666666666664	YWAQQLGI:0.2	ALTEDNEL:0.43333333333333335	LWAQRLRW:0.26666666666666666	ELTLALKS:0.2	QLGIGYGV:0.2	GGWRARLL:0.23333333333333334	ALENLGAY:0.4	AQQLGIGY:0.2	GWRARLLA:0.26666666666666666	AQRLRWQR:0.26666666666666666	VGGLFYGE:0.4	VTVTVLIP:0.23333333333333334	VTVLIPAH:0.26666666666666666	IGYGVIAL:0.3333333333333333	MAVGGLFY:0.4	WAQRLRWQ:0.26666666666666666	DNELTLAL:0.3	DRALMAVG:0.43333333333333335	LAPKIVMA:0.3	LGIGYGVI:0.2	RYWAQQLG:0.2	LMAVGGLF:0.43333333333333335	GIGYGVIA:0.3333333333333333	AVGGLFYG:0.43333333333333335	KKAGALNQ:0.3	PLAPKIVM:0.3	NELTLALK:0.26666666666666666	VLIPAHNE:0.43333333333333335	LTLALKSL:0.2	RALMAVGG:0.43333333333333335	VVTEVMPT:0.2	TLALKSLG:0.2	TEDNELTL:0.3333333333333333	TVTVLIPA:0.26666666666666666	SDRALMAV:0.26666666666666666	LTEDNELT:0.6	PFWMLLGL:0.23333333333333334	DNELTIAL:0.26666666666666666	TEDNELTI:0.26666666666666666	CTVVTELM:0.23333333333333334	GRVFVLTG:0.5	ELTIALKS:0.23333333333333334	TAALTEDN:0.36666666666666664	VFVLTGTA:0.5	TIALKSLG:0.23333333333333334	YDTAALTE:0.36666666666666664	GQFQRNEY:0.26666666666666666	TWVWFPFW:0.2	NELTIALK:0.26666666666666666	TVVTELMP:0.23333333333333334	VYDTAALT:0.36666666666666664	LTIALKSL:0.23333333333333334	LIPAHNEE:0.3333333333333333	FVLTGTAS:0.4666666666666667	DTAALTED:0.36666666666666664	EDNELTIA:0.26666666666666666	RVFVLTGT:0.5	MAETRGVF:0.23333333333333334	KAGGLNQA:0.23333333333333334	QRNEYTRY:0.3	RGRVFVLT:0.4	AGGLNQAL:0.23333333333333334	VMAETRGV:0.3	ETRGVFHG:0.23333333333333334	RRGRVFVL:0.4	KKAGGLNQ:0.26666666666666666	VLVPAHNE:0.2	LVPAHNEA:0.2	AETRGVFH:0.23333333333333334	TRGVFHGP:0.23333333333333334	RRRGRVFV:0.4	AHNEEASL:0.2	IPAHNEEA:0.26666666666666666	PAHNEEAS:0.23333333333333334	IVMIVDAD:0.2	SAFRPRGL:0.2	ADNCTDET:0.2	QYQRNEYT:0.2	VADNCTDE:0.2	YWFQQLGI:0.2	APKIVMAE:0.23333333333333334	YTRYSRDI:0.2	ALKSLGGL:0.26666666666666666	AHNEAERI:0.23333333333333334	RNEYTRYS:0.2	GWLGQYQR:0.2	LTGTASAF:0.2	HQRLRWQR:0.2	WHQRLRWQ:0.2	YQRNEYTR:0.2	ASAFRPRG:0.2	PERIVVVA:0.2	PKIVMAET:0.23333333333333334	LWHQRLRW:0.2	VMIVDADT:0.2	TASAFRPR:0.2	LGQYQRNE:0.2	GTASAFRP:0.2	TGTASAFR:0.2	EYTRYSRD:0.2	FQQLGIGY:0.2	GDVYDTAA:0.23333333333333334	IVMAETRG:0.23333333333333334	NDIVMIVD:0.2	ERIVVVAD:0.2	KIVMAETR:0.23333333333333334	WFQQLGIG:0.2	WLGQYQRN:0.2	DIVMIVDA:0.2	NEYTRYSR:0.2	LKSLGGLM:0.23333333333333334	PAHNEAER:0.23333333333333334	RYWFQQLG:0.2	DVYDTAAL:0.23333333333333334	GQYQRNEY:0.2	AFRPRGLR:0.2	VLTGTASA:0.2	AGALNQAL:0.23333333333333334	KAGALNQA:0.26666666666666666	IIVVADNC:0.2	
