cluster number:2185
GT2:14	GT2:14
VVDGNSTD:0.21428571428571427	DGDTTYPA:0.21428571428571427	EPRKGYGR:0.35714285714285715	GNSTDGTA:0.21428571428571427	GRAYKTGF:0.35714285714285715	NEPRKGYG:0.2857142857142857	DSQSGMWI:0.42857142857142855	TLNEGESI:0.21428571428571427	GESIGPTI:0.21428571428571427	SDGMPLSE:0.21428571428571427	IVVDGNST:0.21428571428571427	QSGMWIFR:0.2857142857142857	EGESIGPT:0.21428571428571427	SQSGMWIF:0.42857142857142855	KGYGRAYK:0.42857142857142855	IPTLNEGE:0.21428571428571427	GYGRAYKT:0.5	TSDGMPLS:0.21428571428571427	PTLNEGES:0.21428571428571427	NEGESIGP:0.21428571428571427	LTSDGMPL:0.21428571428571427	NLWFLVTK:0.21428571428571427	DGNSTDGT:0.21428571428571427	DGMPLSEE:0.21428571428571427	VDGNSTDG:0.21428571428571427	RAYKTGFA:0.21428571428571427	LNEGESIG:0.21428571428571427	PRKGYGRA:0.35714285714285715	LWFLVTKM:0.21428571428571427	YGRAYKTG:0.5	ESIGPTID:0.21428571428571427	IIVVDGNS:0.21428571428571427	RKGYGRAY:0.5	KLNTWEDG:0.21428571428571427	KDSQSGMW:0.5	VIIPTLNE:0.2857142857142857	NIKDSQSG:0.2857142857142857	SQSGMWVF:0.35714285714285715	NLTSDGMP:0.2857142857142857	GEVKLNTW:0.2857142857142857	DSQSGMWV:0.35714285714285715	IKDSQSGM:0.42857142857142855	QSGMWVFR:0.21428571428571427	ISCDRMTL:0.21428571428571427	VRITKPKL:0.21428571428571427	FISCDRMT:0.21428571428571427	SCDRMTLR:0.21428571428571427	VDFISCDR:0.2857142857142857	YGVRITKP:0.21428571428571427	DFISCDRM:0.21428571428571427	GVRITKPK:0.21428571428571427	
