cluster number:1608
GT2:46	GT2:46
RNWGALQS:0.6086956521739131	TDNTLALA:0.34782608695652173	VGVLHYCR:0.2826086956521739	AKARNWGA:0.5434782608695652	ENGALQVA:0.30434782608695654	DASTDNTL:0.2608695652173913	VIIPCYNA:0.4782608695652174	LIDDASTD:0.2826086956521739	LACGGFPQ:0.5869565217391305	GVLHYCRE:0.2391304347826087	ARNWGALQ:0.5869565217391305	AYENGALQ:0.30434782608695654	WLIDDAST:0.2826086956521739	AFLDADDA:0.6956521739130435	HYCREGMH:0.2391304347826087	LWLIDDAS:0.2826086956521739	GGEDGALG:0.6304347826086957	DDASTDNT:0.34782608695652173	IAFLDADD:0.717391304347826	IIPCYNAE:0.41304347826086957	EGMHAERL:0.21739130434782608	LGIATTQI:0.21739130434782608	GEDGALGI:0.5869565217391305	IDDASTDN:0.32608695652173914	DVGVLHYC:0.21739130434782608	LIAFLDAD:0.2826086956521739	VLHYCREG:0.2391304347826087	RAVQSVLN:0.2608695652173913	FLACGGFP:0.5652173913043478	NWGALQSE:0.34782608695652173	GFPQHQLF:0.2826086956521739	CREGMHAE:0.2608695652173913	FLDADDAY:0.6956521739130435	DDAYENGA:0.30434782608695654	NGGVAKAR:0.2391304347826087	KARNWGAL:0.5217391304347826	DAYENGAL:0.30434782608695654	GALGIATT:0.6086956521739131	CGGFPQHQ:0.2608695652173913	LHYCREGM:0.2391304347826087	GGFPQHQL:0.2608695652173913	DADDAYEN:0.2826086956521739	AVQSVLNQ:0.2608695652173913	VAKARNWG:0.5	DGALGIAT:0.6086956521739131	LGGEDGAL:0.5434782608695652	EDGALGIA:0.6086956521739131	ADDAYENG:0.2826086956521739	YENGALQV:0.30434782608695654	ELGGEDGA:0.45652173913043476	GVAKARNW:0.5	FFLACGGF:0.5217391304347826	LDADDAYE:0.6304347826086957	ACGGFPQH:0.30434782608695654	YCREGMHA:0.2391304347826087	GGVAKARN:0.2391304347826087	GMHAERLL:0.43478260869565216	STDNTLAL:0.34782608695652173	ASTDNTLA:0.2608695652173913	ALGIATTQ:0.30434782608695654	WQHMRMTC:0.32608695652173914	HMRMTCGG:0.32608695652173914	DNTLALAQ:0.2608695652173913	FRELGGED:0.41304347826086957	QHMRMTCG:0.32608695652173914	SGVAKARN:0.2391304347826087	RELGGEDG:0.41304347826086957	IDVIIPCY:0.3695652173913043	VRLALKPI:0.2608695652173913	NSGVAKAR:0.2391304347826087	AWQHMRMT:0.32608695652173914	GALQSEAD:0.2391304347826087	WGALQSEA:0.2826086956521739	MRMTCGGN:0.32608695652173914	MIDVIIPC:0.2608695652173913	DVIIPCYN:0.43478260869565216	PQHQLFRE:0.21739130434782608	QLFRELGG:0.2608695652173913	FPQHQLFR:0.21739130434782608	QHQLFREL:0.21739130434782608	DFIAFLDA:0.21739130434782608	RLLDAILF:0.2391304347826087	LFRELGGE:0.34782608695652173	IPCYNAEQ:0.21739130434782608	VPHKIRVE:0.2608695652173913	HAERLLDA:0.2826086956521739	ERLLDAIL:0.2391304347826087	FIAFLDAD:0.2826086956521739	HQLFRELG:0.2608695652173913	QVPHKIRV:0.2608695652173913	PCYNAEQT:0.21739130434782608	CYNAEQTL:0.21739130434782608	MHAERLLD:0.2826086956521739	VVRLALKP:0.32608695652173914	GGNTVFRR:0.2608695652173913	AERLLDAI:0.2391304347826087	RAFFLACG:0.3695652173913043	ACGGFPQD:0.2391304347826087	AFFLACGG:0.391304347826087	LGIATTKI:0.2608695652173913	ALGIATTK:0.30434782608695654	FRRAFFLA:0.32608695652173914	RRAFFLAC:0.32608695652173914	VFRRAFFL:0.32608695652173914	
