cluster number:1530
GT2:23	GT2:23
KSIVYHKE:0.21739130434782608	SKSIVYHK:0.21739130434782608	SIVYHKEG:0.2608695652173913	DYFLYYEE:0.43478260869565216	IVYHKEGA:0.21739130434782608	CEDYFLYY:0.21739130434782608	ASKSIVYH:0.21739130434782608	EDYFLYYE:0.43478260869565216	GFAGGNNV:0.6521739130434783	FAGGNNVA:0.21739130434782608	KNLGFAGG:0.21739130434782608	LGFAGGNN:0.7391304347826086	IWLLNNDT:0.30434782608695654	NLGFAGGN:0.7391304347826086	YIWLLNND:0.21739130434782608	AGGNNVGI:0.43478260869565216	FAGGNNVG:0.43478260869565216	GGNNVGIR:0.34782608695652173	GNNVGIRY:0.21739130434782608	ENLGFAGG:0.21739130434782608	WLLNNDTV:0.21739130434782608	
