cluster number:635
GT2:19	GT2:19|2.4.1.-:1|GT4:1
VVDTGSTD:0.5263157894736842	FLDADEYF:0.3157894736842105	IIVVDTGS:0.47368421052631576	EIIVVDTG:0.47368421052631576	IVVDTGST:0.47368421052631576	DEIIVVDT:0.3684210526315789	VDEIIVVD:0.2631578947368421	
