cluster number:1588
GT2:85	GT2:85
LFRPYLTT:0.5882352941176471	SQWRRYGR:0.43529411764705883	FCPYGQTA:0.29411764705882354	IQSSYAAR:0.8235294117647058	QETLSQKH:0.21176470588235294	PYLTTGGD:0.6	RPYLTTGG:0.6	ETLSQKHT:0.3058823529411765	NRYLHELH:0.36470588235294116	RSNRYLHE:0.47058823529411764	GLFRPYLT:0.6470588235294118	SNRYLHEL:0.5411764705882353	GQTANLAI:0.6235294117647059	QIQSSYAA:0.4588235294117647	TGGDADIC:0.6235294117647059	RRYGRSNR:0.4235294117647059	LTTGGDAD:0.6823529411764706	YGQTANLA:0.7176470588235294	ADICWRIL:0.4588235294117647	AFTDADCR:0.5176470588235295	VGLFRPYL:0.38823529411764707	TTGGDADI:0.611764705882353	QSSYAARN:0.8352941176470589	LQSQWRRY:0.21176470588235294	RYLHELHG:0.36470588235294116	CPYGQTAN:0.3176470588235294	DADICWRI:0.6823529411764706	QWRRYGRS:0.43529411764705883	RYGRSNRY:0.5058823529411764	GRSNRYLH:0.5058823529411764	GGDADICW:0.6823529411764706	PYGQTANL:0.5882352941176471	FRPYLTTG:0.6	QSQWRRYG:0.21176470588235294	FTDADCRP:0.7058823529411765	GDADICWR:0.6823529411764706	WRRYGRSN:0.4235294117647059	TLSQKHTL:0.5294117647058824	YGRSNRYL:0.5058823529411764	YLTTGGDA:0.6235294117647059	QTANLAIR:0.6235294117647059	YLLVDNNS:0.5529411764705883	EYLLVDNN:0.5529411764705883	TANLAIRR:0.5529411764705883	VEYLLVDN:0.5411764705882353	EIIAFTDA:0.32941176470588235	SYAARNTG:0.38823529411764707	IAFTDADC:0.4117647058823529	LLVDNNSS:0.4823529411764706	GEIIAFTD:0.3176470588235294	YAARNTGI:0.38823529411764707	SSYAARNT:0.3764705882352941	AARNTGIR:0.3764705882352941	IIAFTDAD:0.35294117647058826	DRVEYLLV:0.21176470588235294	VSVVVPIY:0.36470588235294116	TPIGLFTA:0.23529411764705882	SVVVPIYN:0.36470588235294116	LVDNNSSD:0.5411764705882353	VVVPIYNG:0.3176470588235294	AGLFRPYL:0.2	AIVQHRHR:0.2823529411764706	LSQKHTLA:0.4	RVEYLLVD:0.2823529411764706	IYNGEADL:0.35294117647058826	YNGEADLP:0.36470588235294116	VPIYNGEA:0.2823529411764706	PIYNGEAD:0.36470588235294116	SENQIQSS:0.29411764705882354	CRPQPQWL:0.32941176470588235	LSENQIQS:0.24705882352941178	NQIQSSYA:0.36470588235294116	DNNSSDRT:0.47058823529411764	NNSSDRTL:0.2823529411764706	DCRPQPQW:0.32941176470588235	DADCRPQP:0.47058823529411764	VDNNSSDR:0.47058823529411764	ADCRPQPQ:0.32941176470588235	RNTGIRAA:0.29411764705882354	TDADCRPQ:0.5058823529411764	ARNTGIRA:0.29411764705882354	VVPIYNGE:0.3058823529411765	ENQIQSSY:0.36470588235294116	YLHELHGV:0.25882352941176473	MVSVVVPI:0.21176470588235294	SQKHTLAH:0.29411764705882354	PMVSVVVP:0.2235294117647059	VVIVAGEI:0.21176470588235294	LPMVSVVV:0.2235294117647059	EKVGLFRP:0.21176470588235294	KVGLFRPY:0.24705882352941178	YLHELYGV:0.2	ADICWRIQ:0.2235294117647059	
