cluster number:1427
GT2:73	GT2:73
DGHRHVHG:0.3972602739726027	VHGANLGV:0.2876712328767123	PRVTTSAR:0.2465753424657534	HRHVHGAN:0.4931506849315068	GHRHVHGA:0.4383561643835616	FTDADSRV:0.2876712328767123	AFTDADSR:0.2876712328767123	RHVHGANL:0.4657534246575342	ARWLAFTD:0.6986301369863014	HVHGANLG:0.4931506849315068	LAFTDADS:0.3561643835616438	RWLAFTDA:0.7808219178082192	GARWLAFT:0.6712328767123288	WLAFTDAD:0.7945205479452054	PRVVTSAR:0.2328767123287671	VRIVVVLD:0.2465753424657534	HGANLGVS:0.410958904109589	HIHGANLG:0.2602739726027397	HRHIHGAN:0.3013698630136986	IHGANLGV:0.2328767123287671	RHIHGANL:0.2054794520547945	GARIAWSA:0.3424657534246575	ARGGFGDT:0.2054794520547945	DGHRHIHG:0.2328767123287671	ARIAWSAA:0.2191780821917808	GHRHIHGA:0.2328767123287671	RGGFGDTL:0.3424657534246575	RARGGFGD:0.2191780821917808	RIAWSAAP:0.2328767123287671	AWSAAPRV:0.3561643835616438	RAGGFPPL:0.3013698630136986	GANLGVSA:0.3835616438356164	CSEDVALV:0.2054794520547945	IAWSAAPR:0.3561643835616438	LGARWLAF:0.2191780821917808	LAFTDADT:0.410958904109589	VHGANLGI:0.2191780821917808	
