cluster number:1316
GT2:17	GT2:17
HSPFRRYY:0.23529411764705882	KFFNVPVH:0.23529411764705882	ATAQNKGI:0.35294117647058826	YFIDYVDT:0.47058823529411764	LHSTLLIS:0.23529411764705882	GAIGPRFI:0.29411764705882354	STLLISSG:0.4117647058823529	RFIDDRYN:0.29411764705882354	IGPRFIDD:0.29411764705882354	LKFFNVPV:0.23529411764705882	LLISSGSL:0.35294117647058826	FFDQDSSI:0.47058823529411764	YKTISVTK:0.23529411764705882	TLLISSGS:0.4117647058823529	NLKFFNVP:0.23529411764705882	FFNVPVHS:0.23529411764705882	IDYVDTEW:0.8235294117647058	YVDTEWCL:0.5882352941176471	VPVHSAFR:0.35294117647058826	NVPVHSAF:0.23529411764705882	MRHTIGDN:0.23529411764705882	FIDYVDTE:0.8235294117647058	TEWCLRAE:0.29411764705882354	DYVDTEWC:0.7647058823529411	AIGPRFID:0.35294117647058826	ISSGSLIS:0.23529411764705882	LFFDQDSS:0.35294117647058826	PVHSAFRR:0.4117647058823529	RHTIGDNV:0.23529411764705882	DYILFFDQ:0.23529411764705882	GPRFIDDR:0.29411764705882354	PLHSTLLI:0.23529411764705882	YILFFDQD:0.23529411764705882	DTEWCLRA:0.5882352941176471	TAQNKGIE:0.35294117647058826	HSTLLISS:0.29411764705882354	FDQDSSIP:0.35294117647058826	GIATAQNK:0.4117647058823529	VDTEWCLR:0.5882352941176471	IATAQNKG:0.4117647058823529	FNVPVHSA:0.23529411764705882	ILFFDQDS:0.35294117647058826	PRFIDDRY:0.29411764705882354	FIDDRYNF:0.29411764705882354	VHSAFRRY:0.4117647058823529	LGIATAQN:0.29411764705882354	NYFIDYVD:0.23529411764705882	HSAFRRYY:0.29411764705882354	NLGIATAQ:0.29411764705882354	SAFRRYYR:0.29411764705882354	RRYYRIRN:0.23529411764705882	LISSGSLV:0.23529411764705882	ISSGSLVS:0.23529411764705882	LFIDYVDT:0.29411764705882354	
