cluster number:1284
GT2:11	GT2:11
WALSAGLR:0.2727272727272727	WLSGACLL:0.8181818181818182	GSLDVLID:0.45454545454545453	WPSNPFSA:0.2727272727272727	FFEDVDLG:1.0	IAVRAARR:0.2727272727272727	IVVANPDL:0.36363636363636365	GYFMFFED:0.2727272727272727	VTVAYNPG:0.36363636363636365	GACLLLPA:0.5454545454545454	YFMFFEDV:0.9090909090909091	PLRWALSA:0.2727272727272727	SLDVLIDA:0.45454545454545453	IRAHHASA:0.6363636363636364	VVTVAYNP:0.2727272727272727	LRWALSAG:0.2727272727272727	WRELGGFD:0.2727272727272727	GARVVGDG:0.45454545454545453	GYGGGANL:0.2727272727272727	PSGRALPS:0.5454545454545454	TVYPSGRA:0.45454545454545453	REEIAVRA:0.2727272727272727	MFFEDVDL:1.0	MIRAHHAS:0.6363636363636364	LSGACLLL:0.7272727272727273	SGACLLLP:0.5454545454545454	SAGLRARE:0.2727272727272727	AVRAARRG:0.2727272727272727	LSAGLRAR:0.2727272727272727	VYPSGRAL:0.6363636363636364	WKARPERM:0.2727272727272727	GWLSGACL:1.0	VWRELGGF:0.2727272727272727	ALSAGLRA:0.2727272727272727	GGGANLAA:0.2727272727272727	RWALSAGL:0.2727272727272727	PGSLDVLI:0.45454545454545453	RGYGGGAN:0.2727272727272727	HAVGWLSG:0.2727272727272727	EDWIVVAN:0.36363636363636365	SGRALPSL:0.5454545454545454	NPDLVWRP:0.36363636363636365	ANPDLVWR:0.36363636363636365	DLVWRPGS:0.36363636363636365	ARPERMIR:0.2727272727272727	KARPERMI:0.2727272727272727	EEIAVRAA:0.2727272727272727	GTVYPSGR:0.45454545454545453	DGTVYPSG:0.45454545454545453	EIAVRAAR:0.2727272727272727	APLRWALS:0.2727272727272727	RPERMIRA:0.36363636363636365	VVANPDLV:0.36363636363636365	ERMIRAHH:0.36363636363636365	PDLVWRPG:0.36363636363636365	RVVTVAYN:0.2727272727272727	YGGGANLA:0.2727272727272727	FEDVDLGA:0.45454545454545453	LVWRPGSL:0.36363636363636365	AGLRAREE:0.2727272727272727	VWPSNPFS:0.2727272727272727	RPGSLDVL:0.45454545454545453	EDVDLGAR:0.45454545454545453	AVGWLSGA:0.2727272727272727	AREEIAVR:0.2727272727272727	WRPGSLDV:0.45454545454545453	RVWPSNPF:0.2727272727272727	HGARVVGD:0.36363636363636365	YPSGRALP:0.6363636363636364	THAVGWLS:0.2727272727272727	VGWLSGAC:0.7272727272727273	DWIVVANP:0.36363636363636365	VANPDLVW:0.36363636363636365	WIVVANPD:0.36363636363636365	FMFFEDVD:1.0	VWRPGSLD:0.5454545454545454	HHASARRY:0.5454545454545454	NRGYGGGA:0.2727272727272727	RMIRAHHA:0.36363636363636365	RAHHASAR:0.6363636363636364	PERMIRAH:0.36363636363636365	SWKARPER:0.2727272727272727	AHHASARR:0.5454545454545454	HEQGASWK:0.45454545454545453	YPSARALP:0.36363636363636365	EQGASWKA:0.36363636363636365	VHEQGASW:0.36363636363636365	VVHEQGAS:0.36363636363636365	GASWKARP:0.36363636363636365	QGASWKAR:0.36363636363636365	VVVHEQGA:0.36363636363636365	AVVVHEQG:0.2727272727272727	PSARALPS:0.2727272727272727	HASARRYL:0.2727272727272727	FEDVDLGE:0.36363636363636365	EDVDLGER:0.36363636363636365	PWQAPLRW:0.2727272727272727	GYGAGANL:0.36363636363636365	AFNPGEEL:0.2727272727272727	DVDLGARV:0.36363636363636365	WQAPLRWA:0.2727272727272727	NPFSAAYH:0.2727272727272727	LDVLIDAG:0.2727272727272727	ASWKARPE:0.2727272727272727	CLLLPAAA:0.2727272727272727	VIADNGTE:0.2727272727272727	NPGEELER:0.2727272727272727	GEELERFL:0.2727272727272727	PGEELERF:0.2727272727272727	ARVVGDGT:0.2727272727272727	YGAGANLA:0.2727272727272727	RVGRAGWL:0.2727272727272727	LLLPAAAW:0.2727272727272727	ACLLLPAA:0.2727272727272727	IADNGTEH:0.2727272727272727	GAGANLAA:0.2727272727272727	GRALPSLV:0.2727272727272727	RVVGDGTN:0.2727272727272727	VGRAGWLN:0.2727272727272727	VVIADNGT:0.2727272727272727	
