cluster number:389
GT2:32	GT2:32
CDMYSNNS:0.4375	VDIFVCTA:0.6875	QHKRWSEG:0.5	VINTVLSV:0.21875	FHRREILC:0.21875	LSVYLSDD:0.34375	LVQHKRWS:0.25	ITFYALLE:0.21875	LNVDCDMY:0.34375	GCFHRREI:0.21875	TGCFHRRE:0.46875	DIFVCTAD:0.6875	ILNVDCDM:0.34375	TFYALLEA:0.40625	IILNVDCD:0.21875	CFHRREIL:0.21875	NVDCDMYS:0.5	VDCDMYSN:0.5	HRREILCG:0.21875	VQHKRWSE:0.25	LAREKRPQ:0.21875	NTVLSVMA:0.3125	IFVCTADP:0.6875	MVINTVLS:0.34375	DCDMYSNN:0.53125	YLAREKRP:0.25	FYALLEAS:0.34375	LVYLAREK:0.25	TVLSVMAY:0.4375	HNFKAGAM:0.40625	YLSDDAGS:0.3125	INTVLSVM:0.21875	GTGCFHRR:0.59375	NFKAGAMN:0.40625	RLSQRYEK:0.25	VYLAREKR:0.25	KLSVYLSD:0.34375	VYLSDDGG:0.46875	SVYLSDDG:0.40625	AELWFGFY:0.3125	ELWFGFYW:0.34375	EPRSPAAY:0.40625	VEPRSPAA:0.25	YLSDDGGS:0.46875	PRSPAAYF:0.46875	SDDGGSIL:0.21875	NALIRVSS:0.46875	KAGAMNAL:0.3125	IVQILIDG:0.25	HHNFKAGA:0.21875	LWFGFYWV:0.25	ALCFFLDE:0.3125	LQHKRWSE:0.21875	RDALCFFL:0.28125	LSDDGGSI:0.21875	YIGTGCFH:0.3125	IRDALCFF:0.28125	AMNALIRV:0.25	MNALIRVS:0.25	AREKRPQY:0.28125	AGAMNALI:0.25	HKRWSEGN:0.21875	ALIRVSSV:0.25	FKAGAMNA:0.3125	DDGGSILT:0.21875	LYIGTGCF:0.25	DALCFFLD:0.3125	VEDVITGL:0.375	LCFFLDEE:0.3125	IGTGCFHR:0.3125	GAMNALIR:0.25	PGVDIFVC:0.21875	LPGVDIFV:0.28125	GVDIFVCT:0.21875	ALCFFMDE:0.28125	DALCFFMD:0.25	LCFFMDEE:0.21875	RDALCFFM:0.25	CFFMDEEK:0.21875	LIRVSSVI:0.21875	IRVSSVIS:0.21875	GCPVEDVI:0.25	SVMAYDYP:0.25	YGCPVEDV:0.25	VLSVMAYD:0.3125	PVEDVITG:0.25	VRDALCFF:0.21875	CPVEDVIT:0.25	LSVMAYDY:0.3125	TLVYMARE:0.21875	LPTLVYMA:0.21875	PTLVYMAR:0.21875	LVYMAREK:0.21875	KYGCPVED:0.21875	
