cluster number:2141
GT2:11	GT2:11
AMGNNMLV:0.5454545454545454	AVVWKGRR:0.2727272727272727	ATGGYEAL:0.36363636363636365	VQGPRLFD:0.2727272727272727	RGKANVLA:0.6363636363636364	GTARGKAN:0.2727272727272727	MLVTRAAY:0.45454545454545453	TDGTAAVA:0.2727272727272727	RCLASLRA:0.2727272727272727	LPFSVTED:0.6363636363636364	PRCLASLR:0.2727272727272727	LDWLLSLG:0.2727272727272727	DWLLSLGL:0.2727272727272727	ALPLRLRL:0.2727272727272727	NMLVTRAA:0.45454545454545453	VLAHLARR:0.2727272727272727	TGGYEALP:0.36363636363636365	APGVGTVT:0.2727272727272727	EALPFSVT:0.45454545454545453	ALPFSVTE:0.45454545454545453	LGTARGKA:0.2727272727272727	ARGKANVL:0.6363636363636364	VGTVTGIT:0.2727272727272727	PVTAMGNN:0.5454545454545454	NNMLVTRA:0.45454545454545453	PLRLRLEL:0.2727272727272727	PGVGTVTG:0.36363636363636365	GAVVWKGR:0.2727272727272727	GLDWLLSL:0.45454545454545453	LPRCLASL:0.2727272727272727	RLQGLDWL:0.45454545454545453	LRLRLELL:0.2727272727272727	GKANVLAH:0.7272727272727273	STDGTAAV:0.2727272727272727	LAHLARRA:0.2727272727272727	GGAVVWKG:0.2727272727272727	LPLRLRLE:0.2727272727272727	CLASLRAL:0.2727272727272727	ANVLAHLA:0.6363636363636364	ALPRCLAS:0.36363636363636365	GGYEALPF:0.5454545454545454	TARGKANV:0.2727272727272727	YPPELLEI:0.2727272727272727	LQGLDWLL:0.45454545454545453	TAMGNNML:0.6363636363636364	RPVTAMGN:0.5454545454545454	KANVLAHL:0.7272727272727273	MGNNMLVT:0.5454545454545454	VTAMGNNM:0.6363636363636364	PLPRVSVL:0.2727272727272727	GVGTVTGI:0.2727272727272727	GTVTGITA:0.2727272727272727	NVLAHLAR:0.45454545454545453	VVWKGRRY:0.2727272727272727	AHLARRAT:0.2727272727272727	YEALPFSV:0.45454545454545453	TVTGITAV:0.2727272727272727	QGLDWLLS:0.45454545454545453	GYEALPFS:0.5454545454545454	PPELLEIL:0.2727272727272727	GRPVTAMG:0.5454545454545454	GNNMLVTR:0.5454545454545454	PFSVTEDY:0.2727272727272727	GDDGSTDG:0.2727272727272727	AALPRCLA:0.2727272727272727	VTRAAYEA:0.2727272727272727	AYEATGGY:0.36363636363636365	LVTRAAYE:0.2727272727272727	YEATGGYE:0.36363636363636365	PFSVTEDF:0.45454545454545453	AARNEAAA:0.2727272727272727	ILIAARNE:0.2727272727272727	LIAARNEE:0.2727272727272727	SLGLVQVV:0.2727272727272727	TDADIAVP:0.2727272727272727	LLHQRRRW:0.2727272727272727	ITDADIAV:0.2727272727272727	
