cluster number:1858
GT2:13	GT2:13
SDADVHLA:0.3076923076923077	PGLEWLKM:0.23076923076923078	RSALERTP:0.23076923076923078	VRRSALER:0.23076923076923078	DADVHLAP:0.46153846153846156	VLVDDRST:0.23076923076923078	PRVSLVMP:0.23076923076923078	ECGFLAGV:0.23076923076923078	STDATGAI:0.23076923076923078	WPRVSLVM:0.23076923076923078	FNLVRRSA:0.38461538461538464	LVDDRSTD:0.23076923076923078	RSAVLALV:0.23076923076923078	LPEGWLGK:0.6153846153846154	GLEWLKME:0.23076923076923078	DRSTDATG:0.6923076923076923	SAVLALVR:0.23076923076923078	LECGFLAG:0.23076923076923078	VDDRSTDA:0.23076923076923078	GAFNLVRR:0.46153846153846156	RSTDATGA:0.38461538461538464	MLKRSGAK:0.23076923076923078	ADVHLAPG:0.3076923076923077	LERASGEW:0.3076923076923077	FYPSLGAF:0.23076923076923078	DDRSTDAT:0.23076923076923078	SLEFYPSL:0.23076923076923078	GWLGKVHA:0.46153846153846156	LEWLKMEI:0.23076923076923078	FSDADVHL:0.3076923076923077	WRGTFYPT:0.23076923076923078	LFSDADVH:0.3076923076923077	RVSLVMPA:0.23076923076923078	QRGLERAS:0.3076923076923077	HLPEGWLG:0.23076923076923078	VLALVRGG:0.23076923076923078	RWPRVSLV:0.3076923076923077	ERTPGLEW:0.23076923076923078	TPGLEWLK:0.23076923076923078	AFNLVRRS:0.3076923076923077	VSDPRSSA:0.23076923076923078	LVRRSALE:0.23076923076923078	DVHLAPGA:0.23076923076923078	PEGWLGKV:0.46153846153846156	LEFYPSLG:0.23076923076923078	AVLALVRG:0.23076923076923078	EFYPSLGA:0.23076923076923078	VHLAPGAL:0.23076923076923078	EPRLQVVH:0.3076923076923077	SALERTPG:0.23076923076923078	IGAFNLVR:0.3076923076923077	AMRSKLGN:0.23076923076923078	GIGAFNLV:0.3076923076923077	ALERTPGL:0.23076923076923078	PARWPRVS:0.23076923076923078	VSLEFYPS:0.23076923076923078	VSLVMPAR:0.23076923076923078	LESAMRSK:0.23076923076923078	RGLERASG:0.3076923076923077	LALVRGGV:0.23076923076923078	NLVRRSAL:0.23076923076923078	RTPGLEWL:0.23076923076923078	EGWLGKVH:0.46153846153846156	GLERASGE:0.3076923076923077	RRSALERT:0.23076923076923078	ESAMRSKL:0.23076923076923078	LERTPGLE:0.23076923076923078	NDRSTDAT:0.5384615384615384	YPELELVL:0.23076923076923078	WLGKVHAM:0.38461538461538464	LGKVHAMQ:0.23076923076923078	KVHAMQRG:0.23076923076923078	AMQRGLER:0.23076923076923078	HAMQRGLE:0.23076923076923078	GKVHAMQR:0.23076923076923078	PELELVLV:0.23076923076923078	MQRGLERA:0.23076923076923078	VHAMQRGL:0.23076923076923078	VNDRSTDA:0.38461538461538464	VVNDRSTD:0.3076923076923077	WLLFTDAD:0.23076923076923078	LLFTDADV:0.23076923076923078	
