cluster number:2121
GT2:14	GT2:14
RAVQMNTG:0.2857142857142857	YEDNEIIR:0.21428571428571427	FIEIYWKR:0.21428571428571427	EIYWKRRR:0.21428571428571427	GDQSLFVE:0.2857142857142857	KAGCFQMK:0.2857142857142857	ITTSARLY:0.35714285714285715	CRGGDQSL:0.7142857142857143	GRAVQMNT:0.2857142857142857	KKQFTVIK:0.21428571428571427	IYWKRRRG:0.21428571428571427	QFTVIKSW:0.21428571428571427	NEIIRRLY:0.21428571428571427	KGRAVQMN:0.2857142857142857	DNEIIRRL:0.21428571428571427	FTVIKSWI:0.21428571428571427	EILIVDGG:0.2857142857142857	YKVYEDNE:0.21428571428571427	LYFLHADS:0.5714285714285714	GGSTDGTA:0.21428571428571427	KFDKNHWW:0.21428571428571427	DGGSTDGT:0.2857142857142857	MKFDKNHW:0.21428571428571427	EDNEIIRR:0.21428571428571427	TVIKSWIT:0.21428571428571427	ILIVDGGS:0.2857142857142857	GCFQMKFD:0.35714285714285715	DQSLFVEK:0.21428571428571427	CFQMKFDK:0.35714285714285715	LHADSLPP:0.21428571428571427	YWKRRRGA:0.21428571428571427	DKNHWWLN:0.21428571428571427	KSWITTSA:0.2857142857142857	VYEDNEII:0.2857142857142857	KNHWWLNL:0.21428571428571427	NHWWLNLM:0.21428571428571427	VDGGSTDG:0.2857142857142857	IKSWITTS:0.2857142857142857	AVQMNTGA:0.2857142857142857	IEIYWKRR:0.21428571428571427	AGCFQMKF:0.35714285714285715	ILYFLHAD:0.5714285714285714	GGDQSLFV:0.6428571428571429	FDKNHWWL:0.21428571428571427	WITTSARL:0.35714285714285715	RGGDQSLF:0.7142857142857143	LIVDGGST:0.2857142857142857	IVDGGSTD:0.2857142857142857	FLHADSLP:0.21428571428571427	VIKSWITT:0.2857142857142857	HWWLNLMG:0.42857142857142855	YFLHADSL:0.21428571428571427	KQFTVIKS:0.21428571428571427	SWITTSAR:0.2857142857142857	IIIPVFNE:0.21428571428571427	SIIIPVFN:0.21428571428571427	YFLHADSF:0.21428571428571427	IVVDGGST:0.5	LHADSFPP:0.21428571428571427	VNHISCRG:0.21428571428571427	IIVVDGGS:0.42857142857142855	VDGGSTDR:0.21428571428571427	FDQLIIDA:0.21428571428571427	IIPVFNEE:0.21428571428571427	VVDGGSTD:0.5	NHISCRGG:0.35714285714285715	SCRGGDQS:0.35714285714285715	HISCRGGD:0.35714285714285715	DGGSTDRT:0.21428571428571427	ISCRGGDQ:0.35714285714285715	FLHADSFP:0.21428571428571427	DQLIIDAV:0.21428571428571427	EILYFLHA:0.2857142857142857	EIIVVDGG:0.42857142857142855	KFDKDHWW:0.21428571428571427	QMKFDKDH:0.21428571428571427	DHWWLNLM:0.21428571428571427	YRVYEDNE:0.21428571428571427	DKDHWWLN:0.21428571428571427	FQMKFDKD:0.21428571428571427	DGGSTDNT:0.21428571428571427	MKFDKDHW:0.21428571428571427	KDHWWLNL:0.21428571428571427	VDGGSTDN:0.21428571428571427	FDKDHWWL:0.21428571428571427	AGCFRMKF:0.21428571428571427	GCFRMKFD:0.2857142857142857	MISIIIPV:0.21428571428571427	GDQSLFVT:0.21428571428571427	
