cluster number:2400
GT2:23	GT2:23
VITSARRW:0.34782608695652173	SLPYGDQG:0.4782608695652174	DILLFLHG:0.34782608695652173	IMEDFELI:0.43478260869565216	FSLPYGDQ:0.30434782608695654	AVITSARR:0.21739130434782608	RSYQMNLG:0.21739130434782608	GDILLFLH:0.391304347826087	ILLFLHGD:0.5217391304347826	LPYGDQGI:0.4782608695652174	LLFLHGDT:0.4782608695652174	PYGDQGIF:0.5217391304347826	AFELKIDG:0.2608695652173913	KIAKGDIL:0.2608695652173913	IIPTLNEE:0.391304347826087	FPELPIME:0.2608695652173913	PTLNEELR:0.2608695652173913	TDKTREIA:0.21739130434782608	VNQLVIIG:0.21739130434782608	EKLVNWRS:0.2608695652173913	FELIQRLK:0.34782608695652173	QLVIIGYY:0.21739130434782608	IAATLKQI:0.2608695652173913	AKGDILLF:0.30434782608695654	ELIQRLKK:0.2608695652173913	DGGSTDKT:0.34782608695652173	LGGFPELP:0.2608695652173913	GIFLKASI:0.2608695652173913	LNEELRIA:0.2608695652173913	GYYLKIPP:0.2608695652173913	LVNQLVII:0.21739130434782608	LKIDGEEK:0.2608695652173913	FLHGDTLL:0.30434782608695654	STDKTREI:0.21739130434782608	ITSARRWQ:0.2608695652173913	MNLGAKIA:0.21739130434782608	QEQIINTL:0.21739130434782608	KLVNWRSR:0.21739130434782608	IVVDGGST:0.391304347826087	GAKIAKGD:0.2608695652173913	ADLGGFPE:0.21739130434782608	NEELRIAA:0.2608695652173913	KKRGKIAI:0.2608695652173913	DQGIFLKA:0.2608695652173913	EQIINTLS:0.21739130434782608	IIGYYLKI:0.30434782608695654	INTLSQSG:0.21739130434782608	ELPIMEDF:0.2608695652173913	DKTREIAE:0.21739130434782608	IAKGDILL:0.30434782608695654	MEDFELIQ:0.34782608695652173	LPIMEDFE:0.30434782608695654	IIVVDGGS:0.43478260869565216	TLVNQLVI:0.21739130434782608	LIQRLKKR:0.2608695652173913	LHGDTLLP:0.30434782608695654	QIINTLSQ:0.2608695652173913	GAFELKID:0.2608695652173913	LVEKLVNW:0.2608695652173913	IQRLKKRG:0.2608695652173913	VEKLVNWR:0.2608695652173913	NQLVIIGY:0.21739130434782608	QGIFLKAS:0.2608695652173913	NLGAKIAK:0.21739130434782608	LSLPYGDQ:0.30434782608695654	DLGGFPEL:0.2608695652173913	DFELIQRL:0.34782608695652173	TTLVNQLV:0.21739130434782608	VIIGYYLK:0.21739130434782608	EDFELIQR:0.34782608695652173	VVDGGSTD:0.43478260869565216	RLVEKLVN:0.2608695652173913	LVIIGYYL:0.21739130434782608	FELKIDGE:0.2608695652173913	VAGAFELK:0.21739130434782608	LGAKIAKG:0.21739130434782608	AATLKQIG:0.2608695652173913	AKIAKGDI:0.2608695652173913	ELKIDGEE:0.2608695652173913	EELRIAAT:0.2608695652173913	VEIIVVDG:0.30434782608695654	KGDILLFL:0.30434782608695654	IINTLSQS:0.2608695652173913	HGDTLLPQ:0.21739130434782608	YGDQGIFL:0.34782608695652173	RIAATLKQ:0.2608695652173913	GFPELPIM:0.2608695652173913	LVNWRSRW:0.21739130434782608	PELPIMED:0.2608695652173913	PIMEDFEL:0.34782608695652173	KGRAFQMN:0.21739130434782608	AGAFELKI:0.2608695652173913	GVEIIVVD:0.2608695652173913	GGFPELPI:0.2608695652173913	IIIPTLNE:0.2608695652173913	LRIAATLK:0.2608695652173913	QRLKKRGK:0.2608695652173913	FQMNLGAK:0.21739130434782608	RLKKRGKI:0.2608695652173913	GDQGIFLK:0.30434782608695654	KTREIAEQ:0.21739130434782608	IPTLNEEL:0.2608695652173913	SIIIPTLN:0.2608695652173913	GSTDKTRE:0.21739130434782608	GGSTDKTR:0.21739130434782608	TLNEELRI:0.2608695652173913	LRLVEKLV:0.2608695652173913	IGYYLKIP:0.2608695652173913	QMNLGAKI:0.21739130434782608	VDGGSTDK:0.34782608695652173	LFLHGDTL:0.30434782608695654	LKKRGKIA:0.2608695652173913	ELRIAATL:0.2608695652173913	EIIVVDGG:0.43478260869565216	KTTLVNQL:0.2608695652173913	RRWQKLGV:0.30434782608695654	TSARRWQK:0.34782608695652173	SVIIPTLN:0.2608695652173913	SARRWQKL:0.34782608695652173	KRGKIAIV:0.21739130434782608	ARRWQKLG:0.34782608695652173	NQLIIIGY:0.21739130434782608	LSVIIPTL:0.2608695652173913	VIIPTLNE:0.2608695652173913	
