cluster number:2558
GT2:28	GT2:28
GGCGIIPS:0.2857142857142857	DVLAQLRV:0.35714285714285715	AALAVTLT:0.32142857142857145	HLHSAANL:0.25	HCGEDVLA:0.39285714285714285	CGFVGSAL:0.2857142857142857	EDVLAQLR:0.35714285714285715	FVGSALHG:0.25	AQLRVMAR:0.42857142857142855	HHLHSAAN:0.25	RCGFVGSA:0.35714285714285715	GSALHGLS:0.25	LFDTAKLR:0.21428571428571427	GCGIIPSG:0.2857142857142857	VGSALHGL:0.25	CGEDVLAQ:0.42857142857142855	LAQLRVMA:0.32142857142857145	VLAQLRVM:0.35714285714285715	VAWIGGCV:0.21428571428571427	AEQRAFLL:0.21428571428571427	GEDVLAQL:0.42857142857142855	FDTAKLRA:0.21428571428571427	RHHLHSAA:0.25	EQRAFLLA:0.21428571428571427	GFVGSALH:0.25	VLFDTAKL:0.21428571428571427	GGCVLFDT:0.25	CVLFDTAK:0.21428571428571427	GCVLFDTA:0.25	ALAVTLTS:0.32142857142857145	PSGVYHQE:0.25	RPAALAVT:0.35714285714285715	SGVYHQEL:0.21428571428571427	RRGLAEQR:0.21428571428571427	VYHQELPT:0.21428571428571427	GSAVIGLS:0.21428571428571427	LPRRGLAE:0.21428571428571427	LAVTLTSL:0.32142857142857145	RLHNAANL:0.32142857142857145	GFVGSAVI:0.2857142857142857	AEQRQFLL:0.2857142857142857	PAALAVTL:0.35714285714285715	FLDDDLIL:0.21428571428571427	CGFVGSAV:0.2857142857142857	HNAANLYH:0.32142857142857145	FVGSAVIG:0.2857142857142857	YHQELPTT:0.42857142857142855	VGSAVIGL:0.21428571428571427	GVYHQELP:0.21428571428571427	LHNAANLY:0.32142857142857145	HQELPTTV:0.25	LFLDDDLI:0.25	HLPRRGLA:0.21428571428571427	LDDDLILE:0.21428571428571427	PRRGLAEQ:0.21428571428571427	LIPTCDRP:0.2857142857142857	AANLYHVQ:0.2857142857142857	HQELPTTI:0.25	DRLSILAL:0.21428571428571427	LALKIHHM:0.21428571428571427	VLIPTCDR:0.25	YRVAWVGG:0.25	RLSILALK:0.21428571428571427	WVGGCVLF:0.21428571428571427	VAWVGGCV:0.39285714285714285	SILALKIH:0.21428571428571427	AVDVLIPT:0.21428571428571427	RVAWVGGC:0.25	ILALKIHH:0.21428571428571427	AWVGGCVL:0.2857142857142857	HSAANLYH:0.25	DVLIPTCD:0.25	VDVLIPTC:0.32142857142857145	VGGCVLFD:0.21428571428571427	LSILALKI:0.21428571428571427	LHSAANLY:0.25	MARYGGCG:0.2857142857142857	VMARYGGC:0.32142857142857145	YVLFLDDD:0.21428571428571427	PYVLFLDD:0.21428571428571427	RVMARYGG:0.2857142857142857	AYHQELPT:0.21428571428571427	APYVLFLD:0.21428571428571427	
