cluster number:1352
GT2:15	GT2:15
TYNGAQTV:0.2	YVRHGDNV:0.2	GYTGAMMA:0.3333333333333333	WRMWRAYR:0.2	MATYNGAQ:0.2	NGYTGAMM:0.3333333333333333	LSDQDDIW:0.5333333333333333	GRWRMWRA:0.2	MLSVCMAT:0.2	CMATYNGA:0.2	VCMATYNG:0.6666666666666666	HADLIVHD:0.2	EMHDQWLF:0.26666666666666666	YNGAQTVA:0.2	ATYNGAQT:0.2	HDQWLFLV:0.26666666666666666	SDQDDIWF:0.26666666666666666	VIVDDRST:0.2	VVIVDDRS:0.2	FLSDQDDI:0.4	DQWLFLVA:0.26666666666666666	IFLSDQDD:0.3333333333333333	IVDDRSTD:0.26666666666666666	RWRMWRAY:0.2	SVCMATYN:0.6666666666666666	VRHGDNVT:0.2	MHDQWLFL:0.26666666666666666	KNGYTGAM:0.3333333333333333	IEMHDQWL:0.26666666666666666	HGDNVTGM:0.2	QQIAASWN:0.2	RHGDNVTG:0.2	LSVCMATY:0.2	LVFLSDQD:0.2	VFLSDQDD:0.2	FLADQDDI:0.2	LADQDDIW:0.2	GPIKSFEK:0.2	MISVCMAT:0.2	CMATYNGQ:0.26666666666666666	ISVCMATY:0.26666666666666666	PIKSFEKA:0.2	CMATYNGE:0.2	SDQDDIWL:0.2	
