cluster number:2158
GT2:18	GT2:18
YYLWVRMA:0.3333333333333333	DYYLWVRM:0.4444444444444444	EDYYLWVR:0.4444444444444444	RMDTDDIA:0.2222222222222222	ARMDTDDI:0.2222222222222222	HPEIDILG:0.2222222222222222	EHPEIDIL:0.2222222222222222	PEIDILGS:0.2222222222222222	YSVLMSVY:0.2222222222222222	DSDDIAKP:0.2222222222222222	MDSDDIAK:0.2222222222222222	ARMDSDDI:0.3888888888888889	LVARMDSD:0.2777777777777778	ELVARMDS:0.2777777777777778	VARMDSDD:0.2777777777777778	VKDGPLTD:0.2777777777777778	DGPLTDEL:0.3333333333333333	KDGPLTDE:0.2777777777777778	LVKDGPLT:0.3888888888888889	GPLTDELE:0.2777777777777778	GLGLALRE:0.2777777777777778	ELVLVKDG:0.2222222222222222	LGLALREG:0.2777777777777778	VLVKDGPL:0.2777777777777778	MAAQGCRF:0.2777777777777778	NPFCHMTV:0.2777777777777778	RNPFCHMT:0.3333333333333333	RMAAQGCR:0.2777777777777778	LVEDYYLW:0.3333333333333333	RRNPFCHM:0.2777777777777778	AQGCRFAN:0.2222222222222222	AAQGCRFA:0.2222222222222222	YARIGNGM:0.2222222222222222	SLESILVN:0.2222222222222222	LGSAVTEI:0.2222222222222222	WVRMAAQG:0.2222222222222222	VYARIGNG:0.2222222222222222	SDSLESIL:0.2222222222222222	LSDSLESI:0.2222222222222222	DSLESILV:0.2222222222222222	VEDYYLWV:0.2222222222222222	LESILVNQ:0.2222222222222222	QSLVYARI:0.2222222222222222	YLSDSLES:0.2222222222222222	LVYARIGN:0.2222222222222222	YLWVRMAA:0.2222222222222222	SLVYARIG:0.2222222222222222	ARIGNGMH:0.2222222222222222	LWVRMAAQ:0.2222222222222222	VRMAAQGC:0.2222222222222222	RMDSDDIA:0.2222222222222222	KFSVLMSV:0.2777777777777778	FSVLMSVY:0.2777777777777778	
