cluster number:542
GT2:21	GT2:21
DGQNDPAD:0.2857142857142857	IFVDDGST:0.42857142857142855	LFVGIHDL:0.23809523809523808	LALPHFNH:0.2857142857142857	DTGCSLKL:0.23809523809523808	DGDGQNDP:0.47619047619047616	SLKLFPRD:0.23809523809523808	TLDGDGQN:0.3333333333333333	ALFKRAGF:0.2857142857142857	FLPALFKR:0.23809523809523808	VIFVDDGS:0.23809523809523808	GVMNRLFV:0.23809523809523808	PVYNEVDN:0.23809523809523808	VTLDGDGQ:0.2857142857142857	GQNDPADI:0.2857142857142857	PALFKRAG:0.2857142857142857	CSLKLFPR:0.23809523809523808	LFKRAGFK:0.23809523809523808	GVRWLLKR:0.23809523809523808	VDDGSTDG:0.6190476190476191	SKYGVMNR:0.23809523809523808	CPDTGCSL:0.2857142857142857	FLALPHFN:0.2857142857142857	DDGSTDGT:0.7142857142857143	EVIFVDDG:0.23809523809523808	RWLLKRPC:0.2857142857142857	RFLPALFK:0.2857142857142857	GCSLKLFP:0.23809523809523808	VSKYGVMN:0.23809523809523808	NRLFVGIH:0.23809523809523808	HGVSKYGV:0.23809523809523808	VRWLLKRP:0.23809523809523808	YNEVDNVE:0.23809523809523808	AFLALPHF:0.23809523809523808	GVSKYGVM:0.23809523809523808	GDGQNDPA:0.2857142857142857	RLFVGIHD:0.23809523809523808	LPALFKRA:0.2857142857142857	YGVMNRLF:0.23809523809523808	PDTGCSLK:0.2857142857142857	QNDPADIP:0.23809523809523808	FVDDGSTD:0.5238095238095238	MNRLFVGI:0.2857142857142857	TGCSLKLF:0.23809523809523808	KYGVMNRL:0.23809523809523808	VYNEVDNV:0.23809523809523808	LDGDGQND:0.2857142857142857	IPVYNEVD:0.23809523809523808	VMNRLFVG:0.23809523809523808	HRFLPALF:0.38095238095238093	LSSRIGNG:0.23809523809523808	MHRFLPAL:0.23809523809523808	
