cluster number:1095
GT2:36	GT2:36
EWVHDEWL:0.2777777777777778	LLHTDARL:0.2222222222222222	RRNLVTGA:0.3611111111111111	IALSDQDD:0.5277777777777778	HTDARLVD:0.25	LIALSDQD:0.3333333333333333	LHTDARLV:0.2222222222222222	RNLVTGAT:0.3611111111111111	LRRNLVTG:0.2777777777777778	NLVTGATT:0.2222222222222222	ALSDQDDV:0.3888888888888889	LSDQDDVW:0.4444444444444444	WVHDEWLA:0.4722222222222222	VHDEWLAI:0.25	SVALCTYN:0.2222222222222222	VALCTYNG:0.2222222222222222	
