cluster number:1088
GT2:300	GT2:300
IGSRYVPG:0.37666666666666665	DGSHAPEQ:0.5	DLVIGSRY:0.3	DDGSPDGT:0.27666666666666667	TFTEREIG:0.21	PITFTERE:0.5333333333333333	MDADGSHA:0.6566666666666666	VPITFTER:0.6133333333333333	GADLVIGS:0.27	EMDADGSH:0.75	VDDGSPDG:0.26666666666666666	GYCFQIDL:0.34	ITFTEREI:0.20666666666666667	VLVEMDAD:0.35	EVPITFTE:0.6133333333333333	LVEMDADG:0.37333333333333335	GSHAPEQL:0.49	ADLVIGSR:0.31666666666666665	LVIGSRYV:0.26	DADGSHAP:0.66	VIGSRYVP:0.20333333333333334	ADGSHAPE:0.6533333333333333	DGSPDGTG:0.27666666666666667	GSRYVPGG:0.47	VEMDADGS:0.51	DMTAGYRA:0.2	SHAPEQLH:0.30666666666666664	VREVPITF:0.25	REVPITFT:0.25333333333333335	DVREVPIT:0.23	GFDVREVP:0.20333333333333334	VVEVPITF:0.21666666666666667	CEMDADGS:0.22	TLVIIPTY:0.32666666666666666	VIIPTYNE:0.37333333333333335	AYRREVLE:0.24666666666666667	GYRAYRRE:0.32666666666666666	LVIIPTYN:0.36333333333333334	RAYRREVL:0.25	YRAYRREV:0.24333333333333335	YSVLVEMD:0.20333333333333334	AGYRAYRR:0.29	ITAGYRAY:0.2833333333333333	HDITAGYR:0.23	DSKGYCFQ:0.21	LAIGSRYV:0.2633333333333333	ADLAIGSR:0.2833333333333333	DLAIGSRY:0.26666666666666666	SVLVEMDA:0.20333333333333334	DITAGYRA:0.3	SKGYCFQI:0.21	TAGYRAYR:0.31333333333333335	GADLAIGS:0.27666666666666667	SKMSGSNI:0.21	LAGFAWGL:0.22666666666666666	DDNSPDGT:0.33666666666666667	AYLAGFAW:0.23666666666666666	YLAGFAWG:0.23333333333333334	DNSPDGTG:0.3233333333333333	VDDNSPDG:0.2966666666666667	YCFQIDLT:0.21666666666666667	
