cluster number:962
GT2:28	GT2:28
VKHLRPTG:0.5714285714285714	IFPSNYLE:0.21428571428571427	MGWDTADE:0.5357142857142857	DTADELLA:0.5	SVFYRLRY:0.4642857142857143	RFYGWEVK:0.21428571428571427	TADELLAR:0.5	LRPTGAGY:0.5714285714285714	KEAMGWDT:0.21428571428571427	LRYGFLLS:0.21428571428571427	FEAIGGLK:0.42857142857142855	GSVFYRLR:0.4642857142857143	LIFPSNYL:0.21428571428571427	GPIKAYRK:0.21428571428571427	CKFDADLI:0.7142857142857143	FDADLIFP:0.7142857142857143	WDTADELL:0.5357142857142857	DDHSTDNT:0.21428571428571427	IVIPAHNE:0.35714285714285715	LQGSVFYR:0.5714285714285714	HLRPTGAG:0.5714285714285714	GGLKEAMG:0.21428571428571427	RLRYGFLL:0.21428571428571427	LARFYGWE:0.21428571428571427	DLIFPSNY:0.21428571428571427	ARYLQGSV:0.39285714285714285	HLPGAKVV:0.32142857142857145	ADLIFPSN:0.21428571428571427	VDDHSTDN:0.21428571428571427	ADELLARF:0.25	IVVDDHST:0.21428571428571427	LHVKHLRP:0.39285714285714285	ELLARFYG:0.25	AMGWDTAD:0.5357142857142857	ICKFDADL:0.7857142857142857	QGSVFYRL:0.4642857142857143	CFEAIGGL:0.42857142857142855	DELLARFY:0.2857142857142857	VFYRLRYG:0.5357142857142857	KHLRPTGA:0.5714285714285714	FGIVIPAH:0.2857142857142857	LKEAMGWD:0.21428571428571427	DADLIFPS:0.25	YLQGSVFY:0.5	RYLQGSVF:0.39285714285714285	FYRLRYGF:0.39285714285714285	VICKFDAD:0.6428571428571429	YRLRYGFL:0.21428571428571427	IGGLKEAM:0.21428571428571427	IPAHNEAQ:0.25	ARFYGWEV:0.21428571428571427	VVDDHSTD:0.21428571428571427	HVKHLRPT:0.39285714285714285	LLARFYGW:0.25	RGPIKAYR:0.21428571428571427	GKWIRAYR:0.21428571428571427	GLKEAMGW:0.21428571428571427	GWDTADEL:0.5357142857142857	KFDADLIF:0.7142857142857143	VIPAHNEA:0.25	GIVIPAHN:0.2857142857142857	TGAGYKSN:0.25	GKWVRQYR:0.21428571428571427	EGKWVRQY:0.21428571428571427	VVDDGSTD:0.2857142857142857	SNARYLQG:0.21428571428571427	AYNEAESI:0.21428571428571427	RQYRWKGI:0.25	KAKQEKQP:0.21428571428571427	AVKSYRKA:0.25	ACFEAIGG:0.25	LRGAVKSY:0.32142857142857145	HLRGAVKS:0.32142857142857145	KDHLRGAV:0.32142857142857145	IIVVDDGS:0.32142857142857145	LGMFGGFC:0.21428571428571427	VRQYRWKG:0.21428571428571427	WVLENLTN:0.32142857142857145	GFYKAKQE:0.21428571428571427	GMFGGFCY:0.21428571428571427	QYRWKGIF:0.25	LLARYHGW:0.25	LDYCKGFY:0.21428571428571427	SYRKACFE:0.25	KLFLDYCK:0.21428571428571427	EVICKFDA:0.25	TLHVKHLR:0.25	CKGFYKAK:0.21428571428571427	LTNKDHLR:0.2857142857142857	RGAVKSYR:0.32142857142857145	AGYKSNAR:0.21428571428571427	KWVRQYRW:0.21428571428571427	NARYLQGS:0.21428571428571427	AKQEKQPY:0.21428571428571427	EEGKWVRQ:0.21428571428571427	EKGEHLPG:0.25	PTGAGYKS:0.2857142857142857	VKSYRKAC:0.25	YKAKQEKQ:0.21428571428571427	YRKACFEA:0.25	YRWKGIFS:0.25	QEKQPYLL:0.21428571428571427	GYKSNARY:0.21428571428571427	FGGFCYIE:0.21428571428571427	IPAYNEAE:0.21428571428571427	GEHLPGAK:0.25	KGFYKAKQ:0.21428571428571427	VLENLTNK:0.2857142857142857	DHLRGAVK:0.39285714285714285	YNEAESIG:0.21428571428571427	GKLFLDYC:0.21428571428571427	NPQLGMFG:0.21428571428571427	QIIVVDDG:0.2857142857142857	KACFEAIG:0.25	PAYNEAES:0.21428571428571427	NLTNKDHL:0.2857142857142857	KGEHLPGA:0.25	ADELLARY:0.25	YCKGFYKA:0.21428571428571427	LFLDYCKG:0.21428571428571427	RKACFEAI:0.25	GAGYKSNA:0.25	DYCKGFYK:0.21428571428571427	WVRQYRWK:0.21428571428571427	ENLTNKDH:0.2857142857142857	DELLARYH:0.2857142857142857	KQEKQPYL:0.21428571428571427	FLDYCKGF:0.21428571428571427	GAVKSYRK:0.32142857142857145	MFGGFCYI:0.21428571428571427	NKDHLRGA:0.2857142857142857	KSNARYLQ:0.21428571428571427	KSYRKACF:0.25	RPTGAGYK:0.2857142857142857	LENLTNKD:0.2857142857142857	PQLGMFGG:0.21428571428571427	ELLARYHG:0.25	QLGMFGGF:0.21428571428571427	YKSNARYL:0.21428571428571427	TNKDHLRG:0.2857142857142857	RWKGIFSK:0.21428571428571427	IIIPAYNE:0.32142857142857145	IVVDDGST:0.25	FYKAKQEK:0.21428571428571427	DVICKFDA:0.21428571428571427	GFCYIEKN:0.21428571428571427	VKHLKPTG:0.25	LSLLASAK:0.25	SLLASAKL:0.25	LLASAKLA:0.25	
