cluster number:2219
GT2:303	GT2:303|GT0:1
EMDADFSH:0.8613861386138614	VDDNSPDG:0.29372937293729373	DDNSPDGT:0.33663366336633666	MDADFSHN:0.7227722772277227	DADFSHNP:0.7227722772277227	YIFEMDAD:0.5247524752475248	IFEMDADF:0.636963696369637	FEMDADFS:0.7656765676567657	DNSPDGTA:0.30363036303630364	DDGSPDGT:0.33663366336633666	LGLGTAYI:0.3465346534653465	GKLGLGTA:0.37293729372937295	AFQIEMKF:0.44554455445544555	YAFQIEMK:0.7887788778877888	VNVVNWPM:0.42244224422442245	GLGTAYIH:0.39933993399339934	KLGLGTAY:0.38283828382838286	DGSPDGTA:0.33993399339933994	VIIPTYNE:0.6600660066006601	EVPIIFTD:0.33003300330033003	GVNVVNWP:0.7128712871287128	VGYAFQIE:0.429042904290429	LVIIPTYN:0.31353135313531355	GTAYIHGF:0.39603960396039606	GYAFQIEM:0.7920792079207921	FVGYAFQI:0.429042904290429	VPIIFTDR:0.33003300330033003	LGTAYIHG:0.39603960396039606	TAYIHGFK:0.3234323432343234	IDDGSPDG:0.23432343234323433	PIIFTDRT:0.31683168316831684	YNEKENIE:0.22772277227722773	ADFSHNPN:0.24092409240924093	YFASKYVR:0.2739273927392739	IIPTYNEK:0.32673267326732675	TYNEKENI:0.2739273927392739	VNWPMGRV:0.22442244224422442	IPTYNEKE:0.32673267326732675	KGVNVVNW:0.264026402640264	AYIHGFKW:0.37623762376237624	NWPMGRVL:0.22112211221122113	DFSHNPND:0.24092409240924093	YDYIFEMD:0.2871287128712871	FSHNPNDL:0.24092409240924093	SYFASKYV:0.30363036303630364	NVVNWPMG:0.22442244224422442	DYIFEMDA:0.24422442244224424	PTYNEKEN:0.3234323432343234	VVNWPMGR:0.22442244224422442	DTTAGFVC:0.3432343234323432	YIHGFKWA:0.3201320132013201	AFQIEMKY:0.31353135313531355	IPTYNEIE:0.2607260726072607	YNEIENIE:0.20132013201320131	IIPTYNEI:0.22772277227722773	TYNEIENI:0.2376237623762376	IVIIPTYN:0.29042904290429045	DVAIGSRY:0.2145214521452145	PTYNEIEN:0.2706270627062706	KFVGYAFQ:0.21782178217821782	IKFVGYAF:0.20462046204620463	IHGFKWAL:0.22442244224422442	VLMSYFAS:0.26732673267326734	RVLMSYFA:0.30033003300330036	TTAGFVCY:0.2145214521452145	
