cluster number:2569
GT2:71	GT2:71|CE4:47|GH18:46|GT4:1
IEVIVIDD:0.23943661971830985	EVIVIDDG:0.352112676056338	IVIDDGST:0.2112676056338028	VIVIDDGS:0.352112676056338	TVVPGAVG:0.5352112676056338	AGNAKVGN:0.38028169014084506	GTLQCLWK:0.5352112676056338	FRWAFGTL:0.23943661971830985	TLQCLWKH:0.5352112676056338	FRAPYFGD:0.36619718309859156	GGKARALN:0.23943661971830985	DLTIAIQR:0.323943661971831	VAWTEAPE:0.39436619718309857	APYFGDAE:0.38028169014084506	TIAIQRAG:0.2676056338028169	EDQDLTIA:0.4084507042253521	LGAVAGNA:0.2112676056338028	AVAWTEAP:0.4507042253521127	LAEDQDLT:0.5915492957746479	AVAGNAKV:0.38028169014084506	GAVAGNAK:0.38028169014084506	DTLAEDQD:0.4084507042253521	PYFGDAEP:0.4225352112676056	RFRWAFGT:0.23943661971830985	TLAEDQDL:0.5915492957746479	WQALEYIT:0.3380281690140845	TAQNLERR:0.5352112676056338	LFRAPYFG:0.352112676056338	WAFGTLQC:0.43661971830985913	QDLTIAIQ:0.352112676056338	RAPYFGDA:0.38028169014084506	VPGAVGAW:0.5633802816901409	PGAVGAWR:0.5633802816901409	ITVVPGAV:0.2112676056338028	LDADTQFE:0.4084507042253521	EYITAQNL:0.4507042253521127	DQDLTIAI:0.352112676056338	NGGKARAL:0.23943661971830985	AEDQDLTI:0.5352112676056338	LTIAIQRA:0.2676056338028169	IAIQRAGW:0.2676056338028169	VAGNAKVG:0.38028169014084506	AFGTLQCL:0.4225352112676056	ALTFDDGP:0.6056338028169014	GNRVNLVT:0.28169014084507044	ITAQNLER:0.4507042253521127	FGTLQCLW:0.4225352112676056	YITAQNLE:0.4507042253521127	RQIMYYVV:0.2112676056338028	IALDADTQ:0.3380281690140845	QRFRWAFG:0.23943661971830985	LEYITAQN:0.30985915492957744	LQCLWKHR:0.352112676056338	YRQIMYYV:0.2112676056338028	VVPGAVGA:0.5633802816901409	ALDADTQF:0.39436619718309857	QALEYITA:0.30985915492957744	DADTQFEP:0.4084507042253521	VIALDADT:0.22535211267605634	HTYTHPNL:0.2112676056338028	ALEYITAQ:0.30985915492957744	AQNLERRA:0.5352112676056338	VGNRVNLV:0.28169014084507044	RWAFGTLQ:0.43661971830985913	LTFDDGPD:0.6338028169014085	GNAKVGNR:0.38028169014084506	RLFRAPYF:0.2535211267605634	TFDDGPDP:0.323943661971831	LLHDSGGD:0.2112676056338028	GLHVDPND:0.2676056338028169	ALWRLGSE:0.323943661971831	VGLHVDPN:0.2676056338028169	AKVGNRIN:0.2535211267605634	VALGSYAY:0.23943661971830985	PKILDILK:0.2112676056338028	DAEPTTAD:0.36619718309859156	MTVVPGAV:0.30985915492957744	HVDPNDWQ:0.2676056338028169	KVGNRINL:0.22535211267605634	NAKVGNRI:0.2535211267605634	VDPNDWQR:0.23943661971830985	TPKILDIL:0.23943661971830985	FGDAEPTT:0.43661971830985913	DPNDWQRP:0.23943661971830985	LHDSGGDR:0.2112676056338028	WTPKILDI:0.23943661971830985	AEPTTADE:0.36619718309859156	LWRLGSED:0.3380281690140845	TRWQALEY:0.28169014084507044	AMTVVPGA:0.30985915492957744	WRLGSEDP:0.38028169014084506	LHVDPNDW:0.2676056338028169	IALTFDDG:0.23943661971830985	RWQALEYI:0.2535211267605634	GDAEPTTA:0.36619718309859156	VSVIIPAY:0.23943661971830985	VNLVTRWQ:0.22535211267605634	NLERRALA:0.36619718309859156	QNLERRAL:0.38028169014084506	GAVGAWRR:0.3380281690140845	RVNLVTRW:0.22535211267605634	PATFFVIG:0.2112676056338028	VGWGKLER:0.323943661971831	PQAWLFQI:0.2112676056338028	ATFFVIGE:0.2112676056338028	NLVTRWQA:0.29577464788732394	TFFVIGEN:0.22535211267605634	YFGDAEPT:0.3380281690140845	SVIIPAYN:0.23943661971830985	FFVIGENA:0.2112676056338028	VIIPAYNE:0.23943661971830985	NRVNLVTR:0.22535211267605634	AWTEAPES:0.23943661971830985	RLGSEDPG:0.22535211267605634	VALWRLGS:0.2112676056338028	
