cluster number:1606
GT2:12	GT2:12
IMDDDTIP:0.6666666666666666	WGDDTEYT:0.8333333333333334	DVVVVTYN:0.25	MDDDTIPN:0.3333333333333333	TYNRLPLL:0.25	MYRNLIYI:0.25	YIWIMDDD:0.25	DRIWRFKS:0.25	DDTEYTTR:0.5	VTYNRLPL:0.25	STDGTTEY:0.25	IWGDDTEY:0.8333333333333334	LPLLKECL:0.25	GDDTEYTT:0.5	IGGAAGFE:0.3333333333333333	AGFEYGVN:0.25	GGAAGFEY:0.3333333333333333	GAAGFEYG:0.3333333333333333	VVTYNRLP:0.25	GTWNGFFF:0.25	GFLCSNVR:0.6666666666666666	IWRFKSMY:0.25	KSMYRNLI:0.25	DNIGGAAG:0.25	NRLPLLKE:0.25	TDGTTEYL:0.25	TWNGFFFN:0.25	WNGFFFNP:0.25	WRFKSMYR:0.25	FKSMYRNL:0.25	LCSNVRWT:0.4166666666666667	SNVRWTDG:0.25	MQIWGDDT:0.3333333333333333	NIGGAAGF:0.4166666666666667	IWIMDDDT:0.3333333333333333	YNRLPLLK:0.25	RLPLLKEC:0.25	TEYTTRLS:0.3333333333333333	SMYRNLIY:0.25	RIWRFKSM:0.25	RFKSMYRN:0.25	ATFVSILV:0.3333333333333333	WIMDDDTI:0.6666666666666666	DDDTIPNI:0.25	VVVTYNRL:0.3333333333333333	QIWGDDTE:0.3333333333333333	FGFLCSNV:0.5833333333333334	FLCSNVRW:0.6666666666666666	DTEYTTRL:0.3333333333333333	CSNVRWTD:0.3333333333333333	VVVVTYNR:0.25	AAGFEYGV:0.25	ATFVSVLV:0.25	DFGFLCSN:0.25	DYFWIMDD:0.25	YLYRNLIY:0.25	FWIMDDDT:0.4166666666666667	YFWIMDDD:0.3333333333333333	LYRNLIYI:0.25	FIWGDDTE:0.4166666666666667	ELFIWGDD:0.3333333333333333	NNKSTDGT:0.25	LFIWGDDT:0.3333333333333333	NLGGAGGF:0.25	
