cluster number:1146
GT2:14	GT2:14
ADDLAASL:0.5	RVWQRLPA:0.42857142857142855	GPRVRVVE:0.2857142857142857	VAALAARR:0.21428571428571427	TWLRDESS:0.42857142857142855	AVREGLFG:0.42857142857142855	MADDLAAS:0.5	LAARRGAR:0.21428571428571427	VVCNGCTD:0.8571428571428571	CNGCTDDT:0.6428571428571429	DDLAASLA:0.5	PVRAYYRV:0.35714285714285715	YYRVWQRL:0.42857142857142855	LRVGDEHA:0.2857142857142857	DFSTWLRD:0.2857142857142857	IAALPPLM:0.5	VRAYYRVW:0.5	SIVIPAHN:0.5	DEHARGFP:0.21428571428571427	TSIVIPAH:0.42857142857142855	RIAALPPL:0.5	PAVREGLF:0.42857142857142855	MTSIVIPA:0.42857142857142855	HARGFPRL:0.21428571428571427	DLRALLRA:0.2857142857142857	GCAWPVRA:0.2857142857142857	RGFPRLYV:0.21428571428571427	GRLLDALL:0.2857142857142857	GDEHARGF:0.21428571428571427	GLFGRGVI:0.5	VIGRLLDA:0.21428571428571427	LMADDLAA:0.5	ARGFPRLY:0.21428571428571427	IVIPAHNE:0.5	IVVVCNGC:0.35714285714285715	VRVVEIPT:0.21428571428571427	GFPRLYVD:0.35714285714285715	RVGDEHAR:0.21428571428571427	DIVVVCNG:0.35714285714285715	LAAAPGRD:0.21428571428571427	RVVEIPTP:0.21428571428571427	YRVWQRLP:0.42857142857142855	ALRVGDEH:0.2857142857142857	ARIAALPP:0.35714285714285715	FGRGVIAV:0.5	RLLDALLA:0.2857142857142857	PPLMADDL:0.5	RVRVVEIP:0.2857142857142857	WQRLPAVR:0.35714285714285715	GRVIGRLL:0.2857142857142857	GHARIAAL:0.35714285714285715	NEGRVIGR:0.2857142857142857	AHNEGRVI:0.2857142857142857	RLYVDADV:0.42857142857142855	ALAARRGA:0.21428571428571427	LLAAAPGR:0.21428571428571427	LRDESSRQ:0.2857142857142857	NGCTDDTA:0.7142857142857143	QRLPAVRE:0.35714285714285715	VIPAHNEG:0.2857142857142857	HARIAALP:0.35714285714285715	LPPLMADD:0.5	WPVRAYYR:0.35714285714285715	IPAHNEGR:0.2857142857142857	VVEIPTPS:0.21428571428571427	AALAARRG:0.2857142857142857	AYYRVWQR:0.42857142857142855	RAYYRVWQ:0.5	EHARGFPR:0.21428571428571427	RLPAVREG:0.35714285714285715	GPDIVVVC:0.2857142857142857	WLRDESSR:0.42857142857142855	AALPPLMA:0.5	FPRLYVDA:0.35714285714285715	VEIPTPSK:0.21428571428571427	REGLFGRG:0.42857142857142855	PRVRVVEI:0.21428571428571427	CAWPVRAY:0.2857142857142857	GRGVIAVS:0.2857142857142857	VCNGCTDD:0.6428571428571429	VRAATSSA:0.2857142857142857	PRLYVDAD:0.42857142857142855	PAHNEGRV:0.2857142857142857	EGRVIGRL:0.2857142857142857	EIPTPSKH:0.21428571428571427	LAASLAFA:0.21428571428571427	IGRLLDAL:0.21428571428571427	EGLFGRGV:0.42857142857142855	RGPRVRVV:0.21428571428571427	VWQRLPAV:0.42857142857142855	HNEGRVIG:0.2857142857142857	PPRTWSDL:0.21428571428571427	DLAASLAF:0.5	PDIVVVCN:0.35714285714285715	AWPVRAYY:0.2857142857142857	PLMADDLA:0.5	ARGPRVRV:0.21428571428571427	ALPPLMAD:0.5	RVIGRLLD:0.2857142857142857	VREGLFGR:0.42857142857142855	STWLRDES:0.2857142857142857	FSTWLRDE:0.2857142857142857	VGDEHARG:0.21428571428571427	LPAVREGL:0.42857142857142855	VVVCNGCT:0.7142857142857143	GDLRALLR:0.21428571428571427	RAATSSAE:0.2857142857142857	LFGRGVIA:0.5	LLDALLAD:0.21428571428571427	YVDADVVI:0.21428571428571427	LAFGPGER:0.21428571428571427	PGERRVVE:0.21428571428571427	LYVDADVV:0.2857142857142857	VVRPPRTW:0.2857142857142857	RVVVRPPR:0.2857142857142857	VVVRPPRT:0.2857142857142857	AASLAFGP:0.21428571428571427	GPGERRVV:0.21428571428571427	ARVVVRPP:0.2857142857142857	FGPGERRV:0.21428571428571427	LAASLAFG:0.21428571428571427	AFGPGERR:0.21428571428571427	SLAFGPGE:0.21428571428571427	ASLAFGPG:0.21428571428571427	VVVVCNGC:0.2857142857142857	DVVVVCNG:0.21428571428571427	
