cluster number:1874
GT2:23	GT2:23
DDGSTDDG:0.4782608695652174	DGSTDDGP:0.4782608695652174	EYSWQTLI:0.21739130434782608	GAQLSKQQ:0.21739130434782608	RLPDHVIV:0.391304347826087	GSTDDGPQ:0.43478260869565216	STDDGPQR:0.43478260869565216	VIMQLGGF:0.2608695652173913	FLDADDRW:0.2608695652173913	QANEGQAS:0.30434782608695654	PDHVIVID:0.34782608695652173	GQASARNH:0.34782608695652173	RFMWTRIA:0.34782608695652173	WTRIAEHW:0.4782608695652174	TRIAEHWE:0.4782608695652174	ANEGQASA:0.30434782608695654	ASARNHGL:0.21739130434782608	TDDGPQRV:0.43478260869565216	TRLPDHVI:0.391304347826087	NGADSIEQ:0.2608695652173913	MYNGADSI:0.2608695652173913	YSWQTLIF:0.21739130434782608	RQGRPVGL:0.21739130434782608	MWTRIAEH:0.391304347826087	GADSIEQT:0.2608695652173913	EDRFMWTR:0.34782608695652173	IDDGSTDD:0.391304347826087	RYSEDRFM:0.2608695652173913	QASARNHG:0.34782608695652173	YSEDRFMW:0.2608695652173913	ASLRYSED:0.34782608695652173	RDVIMQLG:0.21739130434782608	DRFMWTRI:0.34782608695652173	EGQASARN:0.34782608695652173	ADSIEQTL:0.2608695652173913	HTVPEVLL:0.21739130434782608	NEGQASAR:0.34782608695652173	SEDRFMWT:0.2608695652173913	LPDHVIVI:0.30434782608695654	SKQQRIDF:0.21739130434782608	SLRYSEDR:0.34782608695652173	ANVLNGVS:0.2608695652173913	DHVIVIDD:0.34782608695652173	DVIMQLGG:0.21739130434782608	QLSKQQRI:0.21739130434782608	YNGADSIE:0.2608695652173913	FMWTRIAE:0.34782608695652173	APFRLTLL:0.4782608695652174	LRYSEDRF:0.2608695652173913	QTRLPDHV:0.391304347826087	AFLDADDR:0.2608695652173913	HVIVIDDG:0.34782608695652173	LSKQQRID:0.21739130434782608	IVIDDGST:0.391304347826087	VIVIDDGS:0.4782608695652174	VIDDGSTD:0.391304347826087	VAFLDADD:0.30434782608695654	LTLLQQAN:0.30434782608695654	IDFVLGNH:0.2608695652173913	EHWEIHTV:0.34782608695652173	ELQLALYD:0.2608695652173913	TFVAMLDA:0.21739130434782608	DFVLGNHT:0.2608695652173913	VLLERTVN:0.2608695652173913	PQKLELQL:0.21739130434782608	SIEQTLTS:0.2608695652173913	TLRYLYAR:0.21739130434782608	GKPTLRYL:0.43478260869565216	LGGFDASL:0.21739130434782608	ETFVAMLD:0.21739130434782608	LGNHTDFL:0.2608695652173913	QKLELQLA:0.21739130434782608	VLGNHTDF:0.2608695652173913	KLELQLAL:0.2608695652173913	QLALYDEL:0.2608695652173913	FVAMLDAD:0.21739130434782608	WEIHTVPQ:0.2608695652173913	VCVVIPMY:0.21739130434782608	HWEIHTVP:0.34782608695652173	RLTLLQQA:0.30434782608695654	FVLGNHTD:0.2608695652173913	VAMLDADD:0.21739130434782608	LELQLALY:0.2608695652173913	PTLRYLYA:0.391304347826087	KPTLRYLY:0.43478260869565216	VIVVDDGS:0.2608695652173913	CVVIPMYN:0.21739130434782608	SVCVVIPM:0.21739130434782608	FLNAFSRR:0.2608695652173913	RIAEHWEI:0.34782608695652173	IEQTLTSL:0.2608695652173913	AMLDADDQ:0.21739130434782608	IAEHWEIH:0.34782608695652173	PFRLTLLQ:0.30434782608695654	LQLALYDE:0.2608695652173913	NGKPTLRY:0.21739130434782608	FRLTLLQQ:0.30434782608695654	GGFDASLR:0.2608695652173913	AEHWEIHT:0.34782608695652173	DADDQWHP:0.21739130434782608	LNAFSRRG:0.21739130434782608	LDADDQWH:0.21739130434782608	FIAFLDAD:0.21739130434782608	IAFLDADD:0.2608695652173913	QGRPVGLI:0.30434782608695654	GRPVGLID:0.30434782608695654	GPQRVRDF:0.30434782608695654	DGPQRVRD:0.30434782608695654	DDGPQRVR:0.30434782608695654	PVGLIDCY:0.30434782608695654	RPVGLIDC:0.30434782608695654	DSIEQTLT:0.21739130434782608	
