cluster number:1684
GT2:12	GT2:12
EIIVIDNG:0.25	ILKKRRRV:0.25	VKPGSYAA:0.25	YVAFTDSD:0.25	CITANWLS:0.4166666666666667	PVWNDARR:0.25	SGGDHDMA:0.25	KGVCITAN:0.25	KPGSYAAR:0.3333333333333333	GSYAARNK:0.8333333333333334	AARNKGLS:0.25	DHDMAKRL:0.25	KRRRVIGG:0.4166666666666667	PGSYAARN:0.6666666666666666	ITANWLSK:0.25	VPVWNDAR:0.25	YAARNKGL:0.5833333333333334	VSVIVPVW:0.3333333333333333	KSGGDHDM:0.3333333333333333	IVIDNGST:0.25	KVSVIVPV:0.25	VCITANWL:0.3333333333333333	KASLKQRL:0.25	GGDHDMAK:0.25	LKKRRRVI:0.3333333333333333	LKSGGDHD:0.25	VIVPVWND:0.4166666666666667	VAFTDSDC:0.25	SYAARNKG:0.75	HDMAKRLT:0.25	IVPVWNDA:0.25	EVKPGSYA:0.25	EILKKRRR:0.25	GDHDMAKR:0.25	IIVIDNGS:0.25	SVIVPVWN:0.3333333333333333	KKRRRVIG:0.3333333333333333	GVCITANW:0.3333333333333333	TDSDCVPD:0.25	FTDSDCVP:0.25	DSDCVPDE:0.25	AFTDSDCV:0.25	VIGGAWDK:0.25	FTDADCIP:0.3333333333333333	AFTDADCI:0.3333333333333333	GEIIAFTD:0.25	AKGEIIAF:0.25	KGEIIAFT:0.25	IAFTDADC:0.25	LKSGGDHE:0.25	
