cluster number:1761
GT2:92	GT2:92
LCYGYNAF:0.717391304347826	YTDLCYGY:0.20652173913043478	WGDGFEIE:0.5652173913043478	DADGSADP:0.29347826086956524	CYGYNAFW:0.6956521739130435	GDGFEIET:0.5869565217391305	TDLCYGYN:0.42391304347826086	YGYNAFWA:0.21739130434782608	DLCYGYNA:0.7391304347826086	GWRVLKTI:0.20652173913043478	ADFVKGSR:0.2608695652173913	FSDLCYGY:0.2391304347826087	IVMLDADG:0.20652173913043478	DGWRVLKT:0.20652173913043478	VMLDADGS:0.25	DGFEIETL:0.358695652173913	GADFVKGS:0.2608695652173913	DFVKGSRF:0.20652173913043478	GFEIETLI:0.2717391304347826	FEIETLIN:0.2391304347826087	KGNALACG:0.3804347826086957	GDIIVMID:0.20652173913043478	GADFAKGS:0.33695652173913043	DFAKGSRF:0.29347826086956524	IVMIDADG:0.2717391304347826	ADFAKGSR:0.33695652173913043	MIDADGST:0.2826086956521739	DIIVMIDA:0.25	GNALACGF:0.358695652173913	SDLCYGYN:0.2826086956521739	IDADGSTD:0.2826086956521739	DADGSTDP:0.22826086956521738	VMIDADGS:0.2826086956521739	LWGDGFEI:0.25	GKGNALAC:0.3804347826086957	IIVMIDAD:0.2608695652173913	KGKGNALA:0.2391304347826087	RKGKGNAL:0.2717391304347826	QTRKGKGN:0.2391304347826087	YGYNAFWR:0.41304347826086957	TRKGKGNA:0.2391304347826087	QWGDGFEI:0.21739130434782608	FTDLCYGY:0.21739130434782608	
