cluster number:2546
GT2:19	GT2:19
LWKIPLYL:0.21052631578947367	ILWKIPLY:0.3157894736842105	YILWKIPL:0.3157894736842105	WKIPLYLA:0.21052631578947367	VLIPAHNE:0.3157894736842105	VPPLSLLV:0.47368421052631576	GRPVQATY:0.21052631578947367	KGYALDYG:0.3684210526315789	PVQATYLM:0.3157894736842105	PPLSLLVM:0.21052631578947367	RGKGYALD:0.5263157894736842	RWEHGHIE:0.2631578947368421	GYALDYGL:0.2631578947368421	SGMAFPWS:0.3157894736842105	GMAFPWSV:0.2631578947368421	GSGMAFPW:0.42105263157894735	LLTGSGMA:0.3684210526315789	GKGYALDY:0.5263157894736842	RPVQATYL:0.3157894736842105	VLVPAHNE:0.3684210526315789	AFPWSVIS:0.21052631578947367	LVPAHNEA:0.47368421052631576	LTGSGMAF:0.3684210526315789	TGSGMAFP:0.3684210526315789	MAFPWSVI:0.2631578947368421	SQRSRWEH:0.2631578947368421	CLLTGSGM:0.3684210526315789	QRSRWEHG:0.2631578947368421	LIPAHNEA:0.2631578947368421	IADNCTDD:0.2631578947368421	PPLSLLVL:0.2631578947368421	IVIADNCT:0.3684210526315789	TLETLLPQ:0.21052631578947367	NCTDDTAA:0.21052631578947367	VIADNCTD:0.47368421052631576	LPCLLTGS:0.2631578947368421	LGLPCLLT:0.2631578947368421	IYILWKIP:0.21052631578947367	ADNCTDDT:0.2631578947368421	RRGKGYAL:0.2631578947368421	KGYALDFG:0.21052631578947367	PCLLTGSG:0.3157894736842105	AVLVPAHN:0.2631578947368421	ERRGKGYA:0.21052631578947367	RSRWEHGH:0.21052631578947367	DRLIVIAD:0.2631578947368421	GLPCLLTG:0.21052631578947367	LIVIADNC:0.3684210526315789	DNCTDDTA:0.2631578947368421	PIYILWKI:0.21052631578947367	GKGYALDF:0.21052631578947367	RLIVIADN:0.2631578947368421	QDRLIVIA:0.21052631578947367	
