cluster number:1503
GT2:11	GT2:11
SLYPEKIT:0.2727272727272727	NIGAGRNY:0.2727272727272727	SSYAYRRS:0.5454545454545454	LVKYRCNP:0.45454545454545453	GGAYLASK:0.2727272727272727	FMEWFFAM:0.6363636363636364	MEWFFAMD:0.6363636363636364	TVAVHSSY:0.2727272727272727	GDDVMLPG:0.5454545454545454	QSLYPEKI:0.2727272727272727	VVSCYNQK:0.36363636363636365	GKLQKQFD:0.2727272727272727	VMLPGKLQ:0.36363636363636365	AVHSSYAY:0.7272727272727273	FHRALYFS:0.36363636363636365	EILVKYRC:0.2727272727272727	GTVAVHSS:0.2727272727272727	DDVMLPGK:0.5454545454545454	IGAGRNYI:0.2727272727272727	VHSSYAYR:0.8181818181818182	REFMEWFF:0.6363636363636364	RKVMDPKR:0.2727272727272727	WGTVAVHS:0.2727272727272727	HRALYFSD:0.36363636363636365	PALRKELY:0.2727272727272727	DVMLPGKL:0.5454545454545454	VAVHSSYA:0.45454545454545453	RALYFSDD:0.36363636363636365	EFMEWFFA:0.45454545454545453	YQSLYPEK:0.2727272727272727	HSSYAYRR:0.8181818181818182	TVVVSCYN:0.45454545454545453	DGDDVMLP:0.6363636363636364	VVVSCYNQ:0.6363636363636364	ILVKYRCN:0.2727272727272727	ATVVVSCY:0.5454545454545454	NEILVKYR:0.2727272727272727	ARKVMDPK:0.2727272727272727	GAGRNYIE:0.2727272727272727	FAMDSLIP:0.36363636363636365	FFAMDSLI:0.45454545454545453	AMDSLIPE:0.2727272727272727	WFFAMDSL:0.5454545454545454	EWFFAMDS:0.5454545454545454	MDSLIPEG:0.2727272727272727	DSLIPEGK:0.2727272727272727	CSTDRTQE:0.36363636363636365	NPSAGSYL:0.2727272727272727	EVIVSDDC:0.2727272727272727	LRDKNVGA:0.2727272727272727	DSILSQEI:0.2727272727272727	VNVVFHKA:0.36363636363636365	NVVFHKAV:0.2727272727272727	VVSCYNQE:0.36363636363636365	DDCSTDRT:0.36363636363636365	NVGAALNY:0.2727272727272727	VFHKAVYF:0.2727272727272727	IAVHSSYA:0.2727272727272727	ILSQEINF:0.2727272727272727	VIVSDDCS:0.2727272727272727	AALNYHGV:0.2727272727272727	RCNPSAGS:0.2727272727272727	IVSDDCST:0.36363636363636365	SILSQEIN:0.2727272727272727	CLDSILSQ:0.36363636363636365	VVFHKAVY:0.2727272727272727	VSDDCSTD:0.36363636363636365	LDSILSQE:0.2727272727272727	CEVIVSDD:0.2727272727272727	IEECLDSI:0.2727272727272727	KAVYFSDD:0.2727272727272727	GAALNYHG:0.2727272727272727	VGAALNYH:0.2727272727272727	HKAVYFSD:0.2727272727272727	ALNYHGVH:0.2727272727272727	SAGSYLST:0.2727272727272727	HFDGDDVM:0.45454545454545453	FDGDDVML:0.36363636363636365	DCSTDRTQ:0.36363636363636365	YIEECLDS:0.2727272727272727	PSAGSYLS:0.2727272727272727	SDDCSTDR:0.36363636363636365	CNPSAGSY:0.2727272727272727	RDKNVGAA:0.2727272727272727	YRCNPSAG:0.2727272727272727	KNVGAALN:0.2727272727272727	FHKAVYFS:0.2727272727272727	EECLDSIL:0.2727272727272727	ECLDSILS:0.36363636363636365	AYRRSSRK:0.2727272727272727	VFHFDGDD:0.2727272727272727	YAYRRSSR:0.36363636363636365	FHFDGDDV:0.2727272727272727	SYAYRRSS:0.36363636363636365	
