cluster number:2123
GT2:11	GT2:11
QSYAGGNT:0.2727272727272727	SILMGTYN:0.2727272727272727	MGTYNGEK:0.2727272727272727	LQSYAGGN:0.2727272727272727	SYAGGNTM:0.2727272727272727	YNGEKYLE:0.5454545454545454	TYNGEKYL:0.7272727272727273	LMGTYNGE:0.2727272727272727	NALLQSYA:0.2727272727272727	ILMGTYNG:0.2727272727272727	LIVSDDGS:0.2727272727272727	YAGGNTMV:0.2727272727272727	GEKYLEEQ:0.45454545454545453	GTYNGEKY:0.2727272727272727	IICSAMNG:0.2727272727272727	NGEKYLEE:0.45454545454545453	IVSDDGST:0.2727272727272727	QSIASQTY:0.2727272727272727	AGGNTMVF:0.45454545454545453	FCDQDDIW:0.6363636363636364	AFCDQDDI:0.6363636363636364	QLQSIASQ:0.2727272727272727	RLFAGEFK:0.2727272727272727	EKYLEEQL:0.36363636363636365	LQSIASQT:0.2727272727272727	ALLQSYAG:0.2727272727272727	LLQSYAGG:0.2727272727272727	VSDDGSTD:0.2727272727272727	YIICSAMN:0.2727272727272727	LYIICSAM:0.2727272727272727	YAFCDQDD:0.6363636363636364	YYAFCDQD:0.5454545454545454	DYYAFCDQ:0.5454545454545454	GGNTMVFN:0.2727272727272727	ADYYAFCD:0.2727272727272727	EADYYAFC:0.2727272727272727	IEADYYAF:0.2727272727272727	LLSTYNGE:0.2727272727272727	YLEEQLDS:0.2727272727272727	FCDQDDYW:0.2727272727272727	LSTYNGEK:0.2727272727272727	VYIRDDGS:0.2727272727272727	STYNGEKY:0.36363636363636365	KYLEEQLD:0.2727272727272727	
