cluster number:2066
GT2:13	GT2:13
VAMHDWWI:0.38461538461538464	ILKRLSGS:0.23076923076923078	ILVHTDLE:0.23076923076923078	VVGATKVN:0.3076923076923077	KRLSGSAH:0.23076923076923078	AVAMHDWW:0.3076923076923077	MCWNSKLN:0.23076923076923078	LGFILKRL:0.23076923076923078	FILKRLSG:0.23076923076923078	HTDLEVVD:0.3076923076923077	RLSGSAHV:0.23076923076923078	LVHTDLEV:0.3076923076923077	TLGFILKR:0.23076923076923078	VGATKVNT:0.3076923076923077	GFILKRLS:0.23076923076923078	ATKVNTLG:0.23076923076923078	SDQDDYWK:0.3076923076923077	TIKYRQHG:0.38461538461538464	VNTLGFIL:0.23076923076923078	GATKVNTL:0.23076923076923078	LATYNGAK:0.23076923076923078	TYNGAKYL:0.23076923076923078	FSDQDDYW:0.46153846153846156	YYMFSDQD:0.46153846153846156	PILVHTDL:0.23076923076923078	TKVNTLGF:0.23076923076923078	VHTDLEVV:0.38461538461538464	NVVGATKV:0.3076923076923077	ATYNGAKY:0.38461538461538464	YMFSDQDD:0.46153846153846156	KVNTLGFI:0.23076923076923078	NTLGFILK:0.23076923076923078	LKRLSGSA:0.23076923076923078	MFSDQDDY:0.46153846153846156	VQVIGELM:0.23076923076923078	QYYMFSDQ:0.23076923076923078	LYIRDDGS:0.46153846153846156	WWIALVAA:0.3076923076923077	HDWWIALV:0.38461538461538464	MHDWWIAL:0.23076923076923078	AAIQKWVT:0.23076923076923078	FAAIQKWV:0.23076923076923078	NFAAIQKW:0.23076923076923078	NNITGCTM:0.3076923076923077	QNNITGCT:0.3076923076923077	DWWIALVA:0.38461538461538464	LKEQIESI:0.3076923076923077	YLKEQIES:0.3076923076923077	LIQNNITG:0.23076923076923078	TGCTMLWN:0.23076923076923078	ITGCTMLW:0.23076923076923078	IQNNITGC:0.23076923076923078	NITGCTML:0.23076923076923078	GCTMMINQ:0.3076923076923077	TGCTMMIN:0.3076923076923077	ILMSTYNG:0.23076923076923078	CVTGCTMM:0.3076923076923077	VTGCTMMI:0.3076923076923077	STILYRQH:0.38461538461538464	AILMSTYN:0.23076923076923078	IRDDGSTD:0.3076923076923077	NCVTGCTM:0.3076923076923077	LMSTYNGE:0.3076923076923077	YIRDDGST:0.3076923076923077	VAILMSTY:0.23076923076923078	VMHDWWIA:0.23076923076923078	ESTILYRQ:0.23076923076923078	
