cluster number:2210
GT2:17	GT2:17
ITFACYNQ:0.29411764705882354	GYEDTLFF:0.5294117647058824	VVDNGSRD:0.23529411764705882	AMKQERGL:0.35294117647058826	NQGALALQ:0.23529411764705882	ASWLHHYG:0.29411764705882354	GASWLHHY:0.29411764705882354	YTRQCIDS:0.29411764705882354	AWNQGALA:0.23529411764705882	QTAMKQER:0.35294117647058826	TVVMNNDV:0.5882352941176471	TQTAMKQE:0.35294117647058826	TRQCIDSM:0.23529411764705882	VPKLLGYE:0.35294117647058826	LLGYEDTL:0.5294117647058824	LGYEDTLF:0.5294117647058824	TAMKQERG:0.35294117647058826	VVMNNDVL:0.5882352941176471	YFQPVPKL:0.29411764705882354	PKLLGYED:0.4117647058823529	TGASWLHH:0.23529411764705882	AEWTVVMN:0.47058823529411764	QPVPKLLG:0.29411764705882354	FQPVPKLL:0.29411764705882354	EDTLFFHE:0.23529411764705882	WTVVMNND:0.6470588235294118	PVPKLLGY:0.29411764705882354	EWTVVMNN:0.6470588235294118	KLLGYEDT:0.35294117647058826	MKQERGLS:0.35294117647058826	SWLHHYGS:0.29411764705882354	QAEWTVVM:0.47058823529411764	WNQGALAL:0.23529411764705882	GYFQPVPK:0.29411764705882354	ITQTAMKQ:0.23529411764705882	WLTRKMNK:0.23529411764705882	LDRVVAVD:0.23529411764705882	QSWLTRKM:0.23529411764705882	GALHQQAE:0.29411764705882354	QQAEWTVV:0.35294117647058826	DRVVAVDN:0.23529411764705882	YRLLNQSW:0.29411764705882354	HYGSITQT:0.23529411764705882	RLLNQSWL:0.29411764705882354	GPLDYDFD:0.29411764705882354	PLDRVVAV:0.23529411764705882	ALHQQAEW:0.29411764705882354	LHQQAEWT:0.35294117647058826	AWLHHYGS:0.35294117647058826	NQGALHQQ:0.29411764705882354	YGSITQTA:0.23529411764705882	RVVAVDNA:0.23529411764705882	WLHHYGSI:0.5294117647058824	HGTPLDRV:0.35294117647058826	QGALHQQA:0.29411764705882354	AWNQGALH:0.29411764705882354	HAVCLAVH:0.23529411764705882	HQQAEWTV:0.35294117647058826	NNDVLVSA:0.5294117647058824	VVAVDNAS:0.23529411764705882	AAWLHHYG:0.29411764705882354	KHGTPLDR:0.29411764705882354	GSITQTAM:0.29411764705882354	NYRLLNQS:0.29411764705882354	LKVASPAL:0.29411764705882354	VMNNDVLV:0.5294117647058824	SWLTRKMN:0.23529411764705882	MNNDVLVS:0.5882352941176471	SITQTAMK:0.29411764705882354	ELARYGMT:0.29411764705882354	TPLDRVVA:0.23529411764705882	EGPLDYDF:0.29411764705882354	WNQGALHQ:0.29411764705882354	GTPLDRVV:0.35294117647058826	HHYGSITQ:0.5294117647058824	LHHYGSIT:0.5294117647058824	GAAWLHHY:0.29411764705882354	WMEVGYFR:0.23529411764705882	SWLSRKLD:0.23529411764705882	TLPLGGRI:0.29411764705882354	AMKRERGL:0.23529411764705882	VHRSVWME:0.23529411764705882	HYGSITQS:0.29411764705882354	HRSVWMEV:0.23529411764705882	LDRVVVVD:0.23529411764705882	VVVVDNAS:0.23529411764705882	SANWIENL:0.23529411764705882	VWMEVGYF:0.23529411764705882	IENLIGTA:0.29411764705882354	NWIENLIG:0.23529411764705882	ANWIENLI:0.23529411764705882	WIENLIGT:0.29411764705882354	WLSRKLDK:0.23529411764705882	RVVVVDNA:0.23529411764705882	MKRERGLS:0.29411764705882354	QSWLSRKL:0.23529411764705882	MEVGYFRA:0.23529411764705882	PLDRVVVV:0.23529411764705882	DRVVVVDN:0.23529411764705882	RSVWMEVG:0.23529411764705882	LVSANWIE:0.23529411764705882	NDVLVSAN:0.23529411764705882	SVWMEVGY:0.23529411764705882	VSANWIEN:0.23529411764705882	DVLVSANW:0.23529411764705882	VLVSANWI:0.23529411764705882	GAAWNQGI:0.23529411764705882	AAWNQGIL:0.23529411764705882	CGAAWNQG:0.23529411764705882	AWNQGILH:0.23529411764705882	
