cluster number:1264
GT2:15	GT2:15
RYGMNICH:0.2	KGIYDAMN:0.2	NVRDIEHT:0.2	GMNICHQA:0.2	SIITVVYN:0.26666666666666666	TIPNLFNH:0.2	ADILYGET:0.2	CADIDWVI:0.2	FSIITVVY:0.26666666666666666	YLVGGMSK:0.2	EKDKGIYD:0.2	GGMSKQRH:0.2	NSGDELYS:0.2	NNVRDIEH:0.2	YDAMNKGL:0.4	KDKGIYDA:0.2	YYGTIPNL:0.2	NICHQAIY:0.2	LFLNSGDE:0.3333333333333333	VYNNVRDI:0.26666666666666666	ATGDYVLF:0.3333333333333333	VVYNNVRD:0.2	TVVYNNVR:0.2	VLFLNSGD:0.3333333333333333	LNSGDELY:0.2	DAMNKGLA:0.4666666666666667	IITVVYNN:0.2	IEYIVIDG:0.2	YNNVRDIE:0.2	DKGIYDAM:0.2	YVLFLNSG:0.3333333333333333	SFRYGMNI:0.2	FRYGMNIC:0.2	MNICHQAI:0.2	VGGMSKQR:0.2	GDYVLFLN:0.4	YGMNICHQ:0.2	ITVVYNNV:0.2	RYLVGGMS:0.2	DYVLFLNS:0.3333333333333333	WKSFRYGM:0.2	LCADIDWV:0.2	ARYLVGGM:0.2	LVGGMSKQ:0.2	SEKDKGIY:0.2	FLNSGDEL:0.26666666666666666	VARYLVGG:0.2	TGDYVLFL:0.26666666666666666	GTIPNLFN:0.2	GIYDAMNK:0.3333333333333333	YGTIPNLF:0.2	KSFRYGMN:0.2	IYDAMNKG:0.3333333333333333	NKGLALAT:0.4	AMNKGLAL:0.26666666666666666	LALATGDY:0.26666666666666666	KGLALATG:0.4	MNKGLALA:0.26666666666666666	CHQAIYIK:0.2	GLALATGD:0.3333333333333333	HQAIYIKR:0.2	
