cluster number:2245
GT2:18	GT2:18
GSTDGTSE:0.2777777777777778	VVDDGSTD:0.4444444444444444	DDGSTDGT:0.5555555555555556	DGSTDGTS:0.2777777777777778	VDDGSTDG:0.5	EVIVVDDG:0.3888888888888889	GSTDGTAE:0.2222222222222222	VIVVDDGS:0.4444444444444444	DGSTDGTA:0.2777777777777778	IVVDDGST:0.3888888888888889	PRIGAVLA:0.2777777777777778	APRIGAVL:0.2777777777777778	AYNEAPRI:0.2222222222222222	EAPRIGAV:0.2777777777777778	NEAPRIGA:0.2777777777777778	IIVVDDGS:0.3888888888888889	VDDGSNDG:0.3888888888888889	VVDDGSND:0.3888888888888889	IVVDDGSN:0.3888888888888889	DDGSNDGT:0.2777777777777778	EIIVVDDG:0.2777777777777778	DFVSGERV:0.2222222222222222	AEWRMIAD:0.2222222222222222	MLLDADLK:0.2222222222222222	LDFVSGER:0.2222222222222222	FVSGERVV:0.2222222222222222	IGLDFVSG:0.2222222222222222	KTEKLGYW:0.2222222222222222	LDADLKGL:0.2222222222222222	LLDADLKG:0.2222222222222222	EWRMIADL:0.2222222222222222	LMLLDADL:0.2222222222222222	RAEWRMIA:0.2222222222222222	RKTEKLGY:0.2222222222222222	GLDFVSGE:0.2222222222222222	
