cluster number:166
GT2:38	GT2:38|GT0:1
IDDGSTDG:0.5263157894736842	LILIDDGS:0.34210526315789475	ELILIDDG:0.2894736842105263	LIDDGSTD:0.3157894736842105	ILIDDGST:0.3157894736842105	DDGSTDGS:0.42105263157894735	LLFHCCIC:0.2631578947368421	HAEDYELW:0.23684210526315788	PRASVILP:0.21052631578947367	RMDSDDIS:0.3684210526315789	FELIVIDD:0.3157894736842105	PVYNNAAF:0.21052631578947367	LEAIHSIL:0.21052631578947367	ISTPDRLA:0.21052631578947367	VYNNAAFV:0.21052631578947367	NYPHAEDY:0.23684210526315788	AEDYELWN:0.23684210526315788	YNNAAFVL:0.21052631578947367	TPDRLAVQ:0.21052631578947367	SDDISTPD:0.21052631578947367	NAAFVLEA:0.21052631578947367	ILPVYNNA:0.21052631578947367	PDRLAVQI:0.21052631578947367	ASVILPVY:0.21052631578947367	GEYIVRMD:0.21052631578947367	MPRASVIL:0.21052631578947367	VILPVYNN:0.21052631578947367	TWLLFHCC:0.2631578947368421	MDSDDIST:0.2631578947368421	DPRVIKIF:0.21052631578947367	VRMDSDDI:0.23684210526315788	LSDEENQI:0.23684210526315788	WLLFHCCI:0.2631578947368421	EDYELWNR:0.34210526315789475	DEENQIML:0.21052631578947367	FHCCICHP:0.2631578947368421	RASVILPV:0.21052631578947367	RRIRQRQF:0.21052631578947367	TARRIRQR:0.21052631578947367	ARRIRQRQ:0.21052631578947367	LIVIDDGS:0.2631578947368421	IVRMDSDD:0.2894736842105263	SDEENQIM:0.23684210526315788	DYELWNRL:0.34210526315789475	HCCICHPA:0.21052631578947367	DSDDISTP:0.21052631578947367	PHAEDYEL:0.23684210526315788	DFELIVID:0.3157894736842105	YELWNRLA:0.2894736842105263	SVILPVYN:0.21052631578947367	DDISTPDR:0.21052631578947367	DISTPDRL:0.21052631578947367	ELIVIDDG:0.2631578947368421	EENQIMLD:0.21052631578947367	LELSDEEN:0.23684210526315788	EYIVRMDS:0.21052631578947367	YIVRMDSD:0.2894736842105263	GLELSDEE:0.23684210526315788	LPVYNNAA:0.21052631578947367	RIRQRQFS:0.21052631578947367	NNAAFVLE:0.21052631578947367	IVIDDGST:0.23684210526315788	VIDDGSTD:0.23684210526315788	ELSDEENQ:0.23684210526315788	STPDRLAV:0.21052631578947367	LFHCCICH:0.2631578947368421	YPHAEDYE:0.2631578947368421	PRVIKIFH:0.21052631578947367	
