cluster number:1297
GT2:15	GT2:15
HPLLRINS:0.2	ANLTAFSL:0.26666666666666666	LRINSYGT:0.2	LFFLKVPP:0.2	VQLANLTA:0.3333333333333333	HADVGIHP:0.2	FVIMEDFE:0.2	CYRFRFDS:0.4	GCYRFRFD:0.4	TAFSLFFL:0.2	DGTAAAAR:0.2	GRAAQMNH:0.2	AAGCYRFR:0.2	RTYKALLN:0.2	IARTYKAL:0.2	RVQLANLT:0.4	PTYNEAAN:0.2	PGRAAQMN:0.4	IMSRGGDQ:0.3333333333333333	RINSYGTR:0.2	SLFFLKVP:0.2	VSARKYET:0.4666666666666667	RIARTYKA:0.4	RFVIMEDF:0.3333333333333333	RAAQMNHG:0.2	RQAGATVL:0.2	QLANLTAF:0.3333333333333333	GDQTLFVT:0.2	AARQAGAT:0.2	PQDVVVSA:0.2	AANIGRLV:0.2	SARKYETN:0.4666666666666667	GGDQTLFV:0.2	YKALLNYR:0.2	IVPQDVVV:0.2	FVHADVGI:0.26666666666666666	AAQMNHGA:0.2	WLRVQLAN:0.5333333333333333	DVVVSARK:0.2	PPRIARTY:0.2	LLRINSYG:0.2	LTAFSLFF:0.2	MSRGGDQT:0.4666666666666667	DQTLFVTR:0.2	VHADVGIH:0.2	YFVHADVG:0.26666666666666666	SIIIPTYN:0.2	SPDGTAAA:0.2	IIIPTYNE:0.2	QDVVVSAR:0.2	VVSARKYE:0.4666666666666667	VPQDVVVS:0.2	AGCYRFRF:0.4	LANLTAFS:0.26666666666666666	PDGTAAAA:0.2	ADVGIHPD:0.2	INSYGTRF:0.2	SRGGDQTL:0.5333333333333333	TYNEAANI:0.2	IIPTYNEA:0.5333333333333333	NLTAFSLF:0.2	GIMSRGGD:0.3333333333333333	EAANIGRL:0.2	RPGRAAQM:0.2	IPTYNEAA:0.2	ARQAGATV:0.2	PLLRINSY:0.2	TYKALLNY:0.2	ERFVIMED:0.3333333333333333	RGGDQTLF:0.8	PRIARTYK:0.2	LRVQLANL:0.5333333333333333	ARTYKALL:0.2	VVVSARKY:0.4	SWLRVQLA:0.4	VLYFVHAD:0.26666666666666666	YRFRFDSD:0.2	DERFVIME:0.2	NSWLRVQL:0.4	LYFVHADV:0.5333333333333333	IMEDFDII:0.26666666666666666	VIMEDFDI:0.26666666666666666	GFDERFVI:0.2	FDERFVIM:0.2	GGDQTLFI:0.5333333333333333	WCRGGDQT:0.2	CRGGDQTL:0.2	ARKYETNS:0.3333333333333333	ILYFVHAD:0.3333333333333333	VIIPTYNE:0.4	ISVIIPTY:0.2	SVIIPTYN:0.3333333333333333	IARTYKAM:0.2	ETNSWLRV:0.26666666666666666	YETNSWLR:0.26666666666666666	DQTLFITR:0.26666666666666666	PTRIARTY:0.2	GDQTLFIT:0.26666666666666666	KYETNSWL:0.26666666666666666	TNSWLRVQ:0.26666666666666666	RKYETNSW:0.26666666666666666	GDQTLFIK:0.2	LSVIIPTY:0.2	RFKGIMSR:0.2	GTRFKGIM:0.2	FKGIMSRG:0.2	TLFITRAL:0.2	SYGTRFKG:0.2	YGTRFKGI:0.2	TRFKGIMS:0.2	LFITRALF:0.2	KGIMSRGG:0.2	NSYGTRFK:0.2	QTLFITRA:0.2	TGDILYFV:0.2	ATGDILYF:0.2	GDILYFVH:0.2	DILYFVHA:0.2	
