cluster number:2144
GT2:240	GT2:240|GT4:1
DGDGQNDP:0.8416666666666667	GDGQNDPA:0.7791666666666667	LPYFDHMH:0.5958333333333333	DGQNDPAD:0.7708333333333334	PDTGCGLK:0.3458333333333333	DTGCGLKL:0.25833333333333336	AGHRVNRR:0.20416666666666666	VVDDGSTD:0.2708333333333333	TLDGDGQN:0.7916666666666666	YFDHMHRY:0.37916666666666665	GQNDPADI:0.6666666666666666	WLATLDGD:0.25833333333333336	LRLPYFDH:0.25416666666666665	TPDTGCGL:0.29583333333333334	GHRVNRRD:0.2375	RLPYFDHM:0.25833333333333336	DDTPDTGC:0.2375	FLRLPYFD:0.25416666666666665	AFLRLPYF:0.22916666666666666	ASKRWASR:0.22083333333333333	QNDPADIP:0.6666666666666666	RTAGVSKY:0.29583333333333334	LATLDGDG:0.25833333333333336	LDGDGQND:0.8291666666666667	DTPDTGCG:0.2375	PYFDHMHR:0.5958333333333333	ATLDGDGQ:0.6916666666666667	DDHSRDDT:0.2	QSGQSTAV:0.2625	PVFNERDN:0.30833333333333335	TGCGIKLF:0.2875	MHRYLPAL:0.3375	SGSKRWAS:0.26666666666666666	NDPADIPK:0.2875	VNRQDSGS:0.24166666666666667	RWASKWAN:0.26666666666666666	PALMQRAG:0.275	LITRSKRT:0.20416666666666666	QDSGSKRW:0.2625	LDLPYFDH:0.25416666666666665	GIRDLRGV:0.22916666666666666	AFLDLPYF:0.24583333333333332	FNERDNVA:0.2375	WIATLDGD:0.37916666666666665	RYLPALMQ:0.2791666666666667	SKYNNLNR:0.2	ALMQRAGW:0.2625	RVNRQDSG:0.24166666666666667	TAGVSKYN:0.22083333333333333	VPVFNERD:0.30833333333333335	VGIRDLRG:0.22916666666666666	GWRVNRQD:0.24583333333333332	LNRALVGI:0.2	FLDLPYFD:0.25416666666666665	VAWLITRS:0.20416666666666666	YLPALMQR:0.2791666666666667	KYNNLNRA:0.2	KLFAGWRV:0.2625	YNNLNRAL:0.2	GVAWLITR:0.20416666666666666	SKWANAIR:0.225	GVSKYNNL:0.31666666666666665	DSGSKRWA:0.26666666666666666	HRYLPALM:0.2791666666666667	SKRWASKW:0.26666666666666666	VVVPVFNE:0.375	NNLNRALV:0.2	NLNRALVG:0.2	ELRVLHHV:0.25416666666666665	GCGIKLFE:0.2791666666666667	DTGCGIKL:0.3375	GSKRWASK:0.22916666666666666	IATLDGDG:0.4166666666666667	HRTAGVSK:0.22083333333333333	WASKWANA:0.225	TPELRVLH:0.2125	ALVGIRDL:0.2833333333333333	RDLRGVAW:0.23333333333333334	KRWASKWA:0.26666666666666666	ASKWANAI:0.225	RHRTAGVS:0.22083333333333333	LSVVVPVF:0.36666666666666664	PADIPKLL:0.26666666666666666	PELRVLHH:0.275	PDTGCGIK:0.35	FDHMHRYL:0.32916666666666666	TPDTGCGI:0.35	DLPYFDHM:0.25416666666666665	QVKLFAGW:0.2125	RALVGIRD:0.2833333333333333	DHMHRYLP:0.32916666666666666	LFAGWRVN:0.2375	HRHRTAGV:0.22083333333333333	VVPVFNER:0.30416666666666664	DPADIPKL:0.2833333333333333	LVGIRDLR:0.225	RQDSGSKR:0.26666666666666666	NRQDSGSK:0.24166666666666667	VFNERDNV:0.2791666666666667	SVVVPVFN:0.37083333333333335	VKLFAGWR:0.25833333333333336	CGIKLFER:0.32083333333333336	AWLITRSK:0.20416666666666666	IRDLRGVA:0.22916666666666666	LRGVAWLI:0.275	WRVNRQDS:0.24166666666666667	FEIVYVDD:0.26666666666666666	AGWRVNRQ:0.24583333333333332	AGVSKYNN:0.23333333333333334	LPALMQRA:0.275	FAGWRVNR:0.2375	WLITRSKR:0.20416666666666666	SGQSTAVR:0.2625	DLRGVAWL:0.30416666666666664	HMHRYLPA:0.3375	DHSRDDTL:0.2	GNLDRALV:0.22083333333333333	YGNLDRAL:0.22083333333333333	YFDHMHRF:0.21666666666666667	NLDRALVG:0.22083333333333333	LDRALVGI:0.22916666666666666	LRDDTPDT:0.20833333333333334	
