cluster number:1673
GT2:19	GT2:19|GT4:18
QDFIRADP:0.2631578947368421	GYGEEVDW:0.7894736842105263	EEVDWCRR:0.3157894736842105	GRGYGEEV:0.631578947368421	LLNSDALV:0.3157894736842105	TGVGFCMA:0.5789473684210527	GVGFCMAL:0.42105263157894735	PSVWPETF:0.21052631578947367	VQDFIRAD:0.2631578947368421	PMSNDAEI:0.3157894736842105	SVWPETFS:0.21052631578947367	RGYGEEVD:0.631578947368421	APTGVGFC:0.3684210526315789	YGEEVDWC:0.7368421052631579	EVDWCRRA:0.2631578947368421	TPMSNDAE:0.3157894736842105	LNSDALVP:0.3157894736842105	AFDLGAQG:0.21052631578947367	LFVEHRGG:0.3157894736842105	GEEVDWCR:0.47368421052631576	FGRGYGEE:0.6842105263157895	PTGVGFCM:0.5789473684210527	MSNDAEIF:0.3157894736842105	DASPDPRV:0.21052631578947367	FDLGAQGD:0.21052631578947367	DFIRADPL:0.2631578947368421	SVTPMSND:0.21052631578947367	VASVTPMS:0.2631578947368421	VTPMSNDA:0.2631578947368421	TFSFTTHE:0.21052631578947367	ASVTPMSN:0.2631578947368421	GEEVDWCQ:0.2631578947368421	VIGVLGNI:0.21052631578947367	ETFSFTTH:0.21052631578947367	PVIGVLGN:0.2631578947368421	IGVLGNIG:0.21052631578947367	GVGFCMAM:0.3157894736842105	PETFSFTT:0.21052631578947367	HVVLLNSD:0.3157894736842105	VVLLNSDA:0.3684210526315789	WLIPSIWP:0.21052631578947367	PSIWPETF:0.2631578947368421	LATGLPVF:0.21052631578947367	LIPSIWPE:0.21052631578947367	IPSIWPET:0.21052631578947367	GTVNRGLA:0.21052631578947367	NLGFIGTV:0.2631578947368421	IGTVNRGL:0.21052631578947367	GFIGTVNR:0.2631578947368421	LGFIGTVN:0.2631578947368421	QNLGFIGT:0.21052631578947367	FIGTVNRG:0.2631578947368421	FIRADPLR:0.21052631578947367	DGHVVLLN:0.21052631578947367	AFGRGYGE:0.3684210526315789	VVGLGLPV:0.21052631578947367	RYPEFDAE:0.21052631578947367	EVVGLGLP:0.21052631578947367	RLNPDGHV:0.21052631578947367	EVQDFIRA:0.21052631578947367	GAPAERLR:0.21052631578947367	GFCMALNR:0.21052631578947367	EFDAEVQD:0.21052631578947367	DEVVGLGL:0.21052631578947367	NAGTICGF:0.21052631578947367	IRADPLRP:0.21052631578947367	LDEVVGLG:0.21052631578947367	NPDGHVVL:0.21052631578947367	QRYPEFDA:0.21052631578947367	GHVVLLNT:0.21052631578947367	VLLNTDVE:0.21052631578947367	CPSLNLID:0.21052631578947367	DAEVQDFI:0.21052631578947367	AEVQDFIR:0.21052631578947367	PDGHVVLL:0.21052631578947367	VGFCMALN:0.21052631578947367	VVLLNTDV:0.21052631578947367	TNAGTICG:0.21052631578947367	FDAEVQDF:0.21052631578947367	FDLADRHV:0.21052631578947367	DDGNPDRS:0.21052631578947367	IRQRYPEF:0.21052631578947367	AGTICGFP:0.21052631578947367	GWLERLVG:0.21052631578947367	PEFDAEVQ:0.21052631578947367	YPEFDAEV:0.21052631578947367	LNPDGHVV:0.21052631578947367	RQRYPEFD:0.21052631578947367	HVVLLNTD:0.21052631578947367	TPLSNDAE:0.21052631578947367	VTPLSNDA:0.21052631578947367	SVTPLSND:0.21052631578947367	LIDDASPD:0.21052631578947367	SDALVPPG:0.21052631578947367	IDDASPDP:0.21052631578947367	DALVPPGW:0.21052631578947367	VLLNSDAL:0.2631578947368421	NSDALVPP:0.21052631578947367	GHVVLLNS:0.21052631578947367	
