cluster number:2575
GT2:14	GT2:14
NQGYGYGI:0.42857142857142855	YNEAANLP:0.2857142857142857	FIKRTVDF:0.21428571428571427	DDSPAVLA:0.21428571428571427	GLRAARGD:0.21428571428571427	RTVDFSLR:0.21428571428571427	THADMQTD:0.7142857142857143	KGRRYGRP:0.35714285714285715	GWTHADMQ:0.5	PLLVARLR:0.21428571428571427	INAQPTLF:0.35714285714285715	VEVNQGYG:0.42857142857142855	AQPTLFPR:0.21428571428571427	WDINAQPT:0.5714285714285714	DNGSTDDS:0.21428571428571427	DMQTDPQD:0.21428571428571427	RFIKRTVD:0.21428571428571427	LGWTHADM:0.35714285714285715	IRSVRVEV:0.21428571428571427	ILTGLRAA:0.21428571428571427	AKLRFIKR:0.21428571428571427	DLYAYYQA:0.21428571428571427	STDDSPAV:0.21428571428571427	RMWDINAQ:0.21428571428571427	ANLPLLVA:0.21428571428571427	CYNEAANL:0.2857142857142857	VNQGYGYG:0.35714285714285715	VKGRRYGR:0.35714285714285715	NAQPTLFP:0.21428571428571427	TLFPRAFF:0.21428571428571427	VDFSLRLR:0.21428571428571427	TDDSPAVL:0.21428571428571427	HADMQTDP:0.7142857142857143	IKRTVDFS:0.21428571428571427	LDLYAYYQ:0.21428571428571427	VIPCYNEA:0.5	LSLVIPCY:0.42857142857142855	LLVARLRE:0.21428571428571427	PAVLARLL:0.21428571428571427	NLPLLVAR:0.21428571428571427	SVRVEVNQ:0.2857142857142857	LVARLRET:0.21428571428571427	WTHADMQT:0.7142857142857143	TGLRAARG:0.21428571428571427	IPCYNEAA:0.2857142857142857	DINAQPTL:0.35714285714285715	MWDINAQP:0.2857142857142857	VARLRETF:0.21428571428571427	LTGLRAAR:0.21428571428571427	VRFGERAH:0.35714285714285715	QGYGYGIL:0.35714285714285715	RFGERAHG:0.35714285714285715	PTLFPRAF:0.21428571428571427	RLFVKGRR:0.21428571428571427	RSVRVEVN:0.35714285714285715	TVDFSLRL:0.21428571428571427	GILTGLRA:0.21428571428571427	EAANLPLL:0.2857142857142857	LVDNGSTD:0.42857142857142855	LRFIKRTV:0.21428571428571427	VDNGSTDD:0.2857142857142857	NEAANLPL:0.2857142857142857	VLVDNGST:0.21428571428571427	LFVKGRRY:0.2857142857142857	RIRSVRVE:0.21428571428571427	KLRFIKRT:0.21428571428571427	VRVEVNQG:0.35714285714285715	SPAVLARL:0.21428571428571427	DSPAVLAR:0.21428571428571427	FALDLYAY:0.2857142857142857	LPLLVARL:0.21428571428571427	AANLPLLV:0.21428571428571427	LVIPCYNE:0.5	DFALDLYA:0.2857142857142857	QPTLFPRA:0.21428571428571427	DVAFTVGM:0.21428571428571427	VAFTVGMS:0.21428571428571427	ADMQTDPQ:0.21428571428571427	QTDPQDAL:0.21428571428571427	MQTDPQDA:0.21428571428571427	KRTVDFSL:0.21428571428571427	SLVIPCYN:0.5	LFPRAFFE:0.21428571428571427	PCYNEAAN:0.2857142857142857	RVEVNQGY:0.35714285714285715	NGSTDDSP:0.21428571428571427	RRMWDINA:0.21428571428571427	GSTDDSPA:0.21428571428571427	VLGWTHAD:0.21428571428571427	FVKGRRYG:0.35714285714285715	ALDLYAYY:0.21428571428571427	QGYGFGIL:0.2857142857142857	INAQPTMF:0.21428571428571427	NQGYGFGI:0.35714285714285715	EVNQGYGF:0.2857142857142857	ILVDNGST:0.21428571428571427	VNQGYGFG:0.35714285714285715	PLLLERCK:0.21428571428571427	EVILVDNG:0.21428571428571427	DINAQPTM:0.21428571428571427	VILVDNGS:0.21428571428571427	DFSLDLYA:0.2857142857142857	LWDINAQP:0.2857142857142857	HDFSLDLY:0.21428571428571427	AWTHADMQ:0.21428571428571427	PHDFSLDL:0.21428571428571427	LAWTHADM:0.21428571428571427	
