cluster number:1798
GT2:19	GT2:19
LIGSGMAF:0.3684210526315789	SSALIGSG:0.2631578947368421	ALIGSGMA:0.42105263157894735	SALIGSGM:0.2631578947368421	RKRWIAAQ:0.3157894736842105	PAYKEDAV:0.21052631578947367	LFPAYKED:0.2631578947368421	AYKEDAVI:0.21052631578947367	QRKRWIAA:0.3157894736842105	ISEEINNS:0.3684210526315789	EINNSIFR:0.5263157894736842	SEEINNSI:0.5263157894736842	NQRKRWIA:0.3157894736842105	EEINNSIF:0.5263157894736842	LGLSSALI:0.21052631578947367	GLSSALIG:0.21052631578947367	LSSALIGS:0.21052631578947367	NSIFRLGH:0.2631578947368421	SAALIGSG:0.2631578947368421	LDAISEEI:0.42105263157894735	DAISEEIN:0.3684210526315789	AISEEINN:0.3684210526315789	NNSIFRLG:0.2631578947368421	INNSIFRL:0.2631578947368421	DKELEALL:0.2631578947368421	GEDKELEA:0.3157894736842105	EDKELEAL:0.2631578947368421	VLFPAYKE:0.21052631578947367	DEKTQKKE:0.21052631578947367	KKFIHTEH:0.21052631578947367	NKKFIHTE:0.21052631578947367	KFIHTEHG:0.21052631578947367	VVIMDADN:0.21052631578947367	GSGMAFEY:0.21052631578947367	SGEDKELE:0.21052631578947367	KELEALLL:0.21052631578947367	TSGEDKEL:0.21052631578947367	DIALVLDA:0.21052631578947367	IALVLDAD:0.21052631578947367	YDIALVLD:0.21052631578947367	ALVLDADN:0.21052631578947367	QRRRWLSA:0.21052631578947367	AALIGSGM:0.21052631578947367	RRRWLSAQ:0.21052631578947367	AYREDAVI:0.21052631578947367	
