cluster number:1843
GT2:47	GT2:47
PLYVGSWT:0.2553191489361702	PENLGIPA:0.48936170212765956	LNARNRVW:0.5957446808510638	RNRVWLAR:0.723404255319149	VVCVGNGW:0.2127659574468085	YYRLNARN:0.40425531914893614	RRNLPAVL:0.23404255319148937	DVVCVGNG:0.2553191489361702	LGIPAGRN:0.6382978723404256	FFLDDDAS:0.2127659574468085	WRTVWRMT:0.2127659574468085	WLARRNLP:0.6808510638297872	GIPAGRNR:0.2553191489361702	GVVVLTQG:0.2127659574468085	VWLARRNL:0.7021276595744681	FFYAHEGI:0.5319148936170213	YAHEGIEL:0.8085106382978723	PRRWIPRI:0.40425531914893614	IPAGRNRG:0.2553191489361702	ENLGIPAG:0.5957446808510638	RVWLARRN:0.7021276595744681	HEGIELAW:0.7872340425531915	ARNRVWLA:0.851063829787234	NRVWLARR:0.723404255319149	RWIPRIRK:0.40425531914893614	IELAWRVW:0.6382978723404256	ARRNLPAV:0.2553191489361702	LPENLGIP:0.46808510638297873	RRWIPRIR:0.3829787234042553	WIPRIRKG:0.40425531914893614	NARNRVWL:0.7021276595744681	PAGRNRGV:0.2127659574468085	NLGIPAGR:0.6382978723404256	YYYRLNAR:0.2127659574468085	FSVWEGAV:0.2978723404255319	EGIELAWR:0.7872340425531915	LARRNLPA:0.3191489361702128	AHEGIELA:0.7872340425531915	PFFYAHEG:0.3191489361702128	YRLNARNR:0.5106382978723404	RLNARNRV:0.6170212765957447	VFSVWEGA:0.3404255319148936	FYAHEGIE:0.574468085106383	GIELAWRV:0.6382978723404256	RMTRAGRP:0.23404255319148937	MTRAGRPP:0.23404255319148937	ELAWRVWD:0.5106382978723404	RAGRPPVI:0.2127659574468085	DVVVVGNG:0.2978723404255319	LDVVVVGN:0.2127659574468085	VVVVGNGW:0.2978723404255319	WYAGDLVA:0.23404255319148937	IPAGRNAG:0.6382978723404256	PAGRNAGV:0.5319148936170213	GIPAGRNA:0.6382978723404256	IPRIRKGD:0.3191489361702128	AGRNAGVP:0.425531914893617	PRIRKGDP:0.3191489361702128	LFFLDDDA:0.5106382978723404	VVGNGWDP:0.2127659574468085	NVGIPAGR:0.23404255319148937	VGIPAGRN:0.23404255319148937	FWYAHEGI:0.2127659574468085	WYAHEGIE:0.2127659574468085	
