cluster number:762
GT2:94	GT2:94
IVVADGGS:0.40425531914893614	YLIRIDAH:0.4574468085106383	VGGYDETF:0.40425531914893614	DETFSHNE:0.39361702127659576	GYDETFSH:0.39361702127659576	GHHALMRI:0.5957446808510638	RIWMTDRT:0.20212765957446807	HHALMRIA:0.3404255319148936	FSHNEDAE:0.7446808510638298	GADSVVVA:0.3404255319148936	AEHGHHAL:0.23404255319148937	NEDAELDF:0.20212765957446807	ALMRIAAF:0.3404255319148936	SKLGNGGS:0.425531914893617	IWMTDRTS:0.20212765957446807	ETFSHNED:0.39361702127659576	QNSKLGNG:0.4574468085106383	TFSHNEDA:0.39361702127659576	DAELDFRL:0.20212765957446807	AQNSKLGN:0.4574468085106383	LGNGGSKH:0.425531914893617	ADSVVVAM:0.43617021276595747	AWSAGFWR:0.23404255319148937	MVMHLAWS:0.26595744680851063	YDETFSHN:0.39361702127659576	IVIPCLNE:0.46808510638297873	AMVMHLAW:0.26595744680851063	KLGNGGSK:0.4148936170212766	HNEDAELD:0.6808510638297872	HWAEHGHH:0.22340425531914893	YRIWMTDR:0.20212765957446807	GGYDETFS:0.39361702127659576	NPKRIQSA:0.2978723404255319	WSAGFWRE:0.22340425531914893	AGYRIWMT:0.2553191489361702	NGGSKHRT:0.22340425531914893	DYLIRIDA:0.35106382978723405	HGHHALMR:0.723404255319149	NSKLGNGG:0.4574468085106383	SAMVMHLA:0.2127659574468085	GGSKHRTG:0.22340425531914893	VIPCLNEA:0.40425531914893614	GYRIWMTD:0.24468085106382978	WAEHGHHA:0.23404255319148937	HALMRIAA:0.3404255319148936	DSVVVAMQ:0.24468085106382978	NPYGPLAA:0.39361702127659576	PKRIQSAA:0.20212765957446807	WMTDRTSM:0.20212765957446807	EHGHHALM:0.26595744680851063	ATGADSVV:0.2765957446808511	RNPYGPLA:0.24468085106382978	GSKHRTGA:0.2127659574468085	LIVIPCLN:0.43617021276595747	TGADSVVV:0.425531914893617	SVVVAMQT:0.24468085106382978	EDAELDFR:0.20212765957446807	GNGGSKHR:0.425531914893617	SHNEDAEL:0.6702127659574468	YDESFSHN:0.2978723404255319	EDAELDYR:0.3617021276595745	LGYGRGRA:0.23404255319148937	DAELDYRL:0.3617021276595745	SFSHNEDA:0.2978723404255319	QSAAINLA:0.2978723404255319	NEDAELDY:0.3617021276595745	GYDESFSH:0.2978723404255319	ESFSHNED:0.2978723404255319	GGYDESFS:0.2978723404255319	YLGYGRGR:0.24468085106382978	QYLGYGRG:0.24468085106382978	DESFSHNE:0.2978723404255319	VGGYDESF:0.26595744680851063	AVGGYDES:0.2127659574468085	VVADGGST:0.35106382978723405	VADGGSTD:0.40425531914893614	TSMVYYPR:0.2127659574468085	GHWAEHGH:0.2127659574468085	ALATGADS:0.20212765957446807	AVGGYDET:0.2872340425531915	GYGRGRAK:0.30851063829787234	YGRGRAKN:0.43617021276595747	RIVVADGG:0.32978723404255317	DHGHHALM:0.46808510638297873	RIQSAAIN:0.22340425531914893	SAAINLAV:0.26595744680851063	LIRIDAHG:0.3723404255319149	IQSAAINL:0.20212765957446807	DGGSTDGT:0.5638297872340425	ADGGSTDG:0.46808510638297873	GGSTDGTR:0.35106382978723405	VDHGHHAL:0.2553191489361702	
