cluster number:1510
GT2:18	GT2:18|GT4:1
ARMDADDI:0.3333333333333333	IEVIIIDD:0.2222222222222222	IDDGSTDS:0.2777777777777778	IARMDADD:0.2222222222222222	VIIIDDGS:0.2222222222222222	EVIIIDDG:0.2222222222222222	VSVVIPVY:0.2222222222222222	SVVIPVYN:0.2222222222222222	IDVSVVIP:0.2222222222222222	DVSVVIPV:0.2222222222222222	IIIDDGST:0.6111111111111112	IIDDGSTD:0.5555555555555556	LIIIDDGS:0.5555555555555556	IELIIIDD:0.4444444444444444	ELIIIDDG:0.5555555555555556	NIELIIID:0.3888888888888889	
