cluster number:351
GT2:23	GT2:23
FTVGLRRQ:0.391304347826087	RRQQELDW:0.391304347826087	ELDWTLRA:0.34782608695652173	LRRQQELD:0.391304347826087	DDDEWLPE:0.30434782608695654	PDVSVVIP:0.391304347826087	RGLFHGDG:0.2608695652173913	DDEWLPEK:0.30434782608695654	QDEDRPRI:0.2608695652173913	SVVIPTCD:0.21739130434782608	RTPRAEFV:0.2608695652173913	LDDDDEWL:0.8260869565217391	VGLRRQQE:0.391304347826087	RRGLFHGD:0.2608695652173913	PFTVGLRR:0.5217391304347826	TELLRRVP:0.2608695652173913	WHQDEDRP:0.2608695652173913	VPFTVGLR:0.5217391304347826	PNARNVGV:0.21739130434782608	RVPFTVGL:0.34782608695652173	DVSVVIPT:0.43478260869565216	LRRVPFTV:0.30434782608695654	GAPNARNV:0.21739130434782608	ELLRRVPF:0.2608695652173913	DGFIQTST:0.391304347826087	GFIQTSTI:0.43478260869565216	VIPTCDRP:0.21739130434782608	YLTVRRGL:0.30434782608695654	FLDDDDEW:0.30434782608695654	VVIPTCDR:0.21739130434782608	RRVPFTVG:0.30434782608695654	VSVVIPTC:0.34782608695652173	RQQELDWT:0.30434782608695654	TPDVSVVI:0.21739130434782608	APTELLRR:0.2608695652173913	HGDGFIQT:0.2608695652173913	PTELLRRV:0.2608695652173913	LFHGDGFI:0.2608695652173913	QELDWTLR:0.34782608695652173	LTVRRGLF:0.30434782608695654	HQDEDRPR:0.2608695652173913	GGAPNARN:0.21739130434782608	VRRGLFHG:0.2608695652173913	GLRRQQEL:0.391304347826087	GDGFIQTS:0.391304347826087	APNARNVG:0.21739130434782608	GLFHGDGF:0.2608695652173913	AFLDDDDE:0.30434782608695654	DDDDEWLP:0.8260869565217391	EYLTVRRG:0.30434782608695654	NRTPRAEF:0.2608695652173913	DEWLPEKL:0.2608695652173913	LLRRVPFT:0.30434782608695654	TVRRGLFH:0.2608695652173913	TVGLRRQQ:0.391304347826087	FHGDGFIQ:0.2608695652173913	QQELDWTL:0.30434782608695654	TSTILAPT:0.2608695652173913	QTSTILAP:0.2608695652173913	TALLDDDD:0.21739130434782608	FIQTSTIL:0.30434782608695654	TILAPTEL:0.21739130434782608	IQTSTILA:0.30434782608695654	STILAPTE:0.21739130434782608	LLDDDDEW:0.4782608695652174	SSMAAPTR:0.2608695652173913	VVVDGPDE:0.30434782608695654	ALLDDDDE:0.4782608695652174	IVVVDGPD:0.2608695652173913	EPLVLWHQ:0.2608695652173913	LVLWHQDE:0.2608695652173913	VIVVVDGP:0.2608695652173913	EVIVVVDG:0.391304347826087	PLVLWHQD:0.2608695652173913	LEVIVVVD:0.30434782608695654	TPRAYAAF:0.21739130434782608	RGLFYGDG:0.21739130434782608	FTPRAYAA:0.21739130434782608	RELLAEAR:0.21739130434782608	LFTPRAYA:0.21739130434782608	VRRGLFYG:0.21739130434782608	FRELLAEA:0.21739130434782608	GLFYGDGF:0.21739130434782608	RRGLFYGD:0.21739130434782608	
