cluster number:1162
GT2:84	GT2:84
NGWWSCLI:0.35714285714285715	GRFPASYW:0.30952380952380953	FPASYWQR:0.30952380952380953	YNGWWSCL:0.35714285714285715	VGGQMLNL:0.21428571428571427	WDEWHRYF:0.2857142857142857	HRYFNLRN:0.25	PNLGGAGG:0.8214285714285714	NTYFGRFP:0.2261904761904762	FGRFPASY:0.32142857142857145	GWWSCLIP:0.35714285714285715	GAGVWHAD:0.20238095238095238	IVGGQMLN:0.21428571428571427	YFGRFPAS:0.2976190476190476	GVWHADFH:0.27380952380952384	PASYWQRW:0.32142857142857145	LGGAGGFT:0.6428571428571429	DWDEWHRY:0.2857142857142857	KDWDEWHR:0.2857142857142857	GYNGWWSC:0.25	RFPASYWQ:0.30952380952380953	LPGAGVWH:0.20238095238095238	GGAGGFTR:0.6547619047619048	QPNLGGAG:0.8214285714285714	AGYNGWWS:0.25	WHRYFNLR:0.25	AGVWHADF:0.38095238095238093	EWHRYFNL:0.2261904761904762	NLGGAGGF:0.9047619047619048	DEWHRYFN:0.2857142857142857	TYFGRFPA:0.2857142857142857	DAGYNGWW:0.23809523809523808	AGGFTRGL:0.4642857142857143	ASYWQRWT:0.5952380952380952	AMPELTSR:0.23809523809523808	GAGGFTRG:0.6428571428571429	VWHADFYW:0.34523809523809523	WHADFYWK:0.34523809523809523	FFQWDDVE:0.30952380952380953	SYWQRWTT:0.2619047619047619	FQWDDVEY:0.2619047619047619	ICTFNRAD:0.40476190476190477	LGGAGGFS:0.21428571428571427	GGAGGFSR:0.2261904761904762	VYVVDQGT:0.25	WWSCLIPA:0.2261904761904762	DAVYVVDQ:0.23809523809523808	AIAICTFN:0.25	FNRADDCA:0.34523809523809523	IAICTFNR:0.25	CLIPAEVV:0.2976190476190476	TFNRADDC:0.4166666666666667	YVVDQGTD:0.27380952380952384	CTFNRADD:0.4166666666666667	AICTFNRA:0.40476190476190477	HADFYWKD:0.34523809523809523	GAGGFSRG:0.2261904761904762	AVYVVDQG:0.25	VVTDASQS:0.2261904761904762	FGRFAASY:0.2857142857142857	RWTTVTEV:0.21428571428571427	MDDDILCE:0.4166666666666667	FQWDDIEY:0.36904761904761907	VILMDDDI:0.27380952380952384	ENWARLYG:0.2857142857142857	VTDASQSG:0.2261904761904762	TYFGRFAA:0.3333333333333333	RQPNLGGA:0.40476190476190477	HADFHWKD:0.2261904761904762	VTVTLPNA:0.2857142857142857	LCEPETVL:0.20238095238095238	DASQSGVR:0.2976190476190476	IDAVYVVD:0.2261904761904762	WWHVSLFD:0.25	YNAWWSCL:0.20238095238095238	CEPETVLR:0.20238095238095238	SQSGVRVR:0.20238095238095238	HWWHVSLF:0.2857142857142857	WHADFHWK:0.2261904761904762	AGFVTVTL:0.20238095238095238	AVVTDASQ:0.27380952380952384	GFVTVTLP:0.2976190476190476	DDILCEPE:0.40476190476190477	TLVGAQML:0.2261904761904762	ILMDDDIL:0.34523809523809523	ILCEPETV:0.2261904761904762	PTLVGAQM:0.2857142857142857	AHWWHVSL:0.30952380952380953	YFGRFAAS:0.2976190476190476	VDAGYNAW:0.27380952380952384	TDASQSGV:0.2976190476190476	RVDAGYNA:0.27380952380952384	QRWTTVTE:0.21428571428571427	FVTVTLPN:0.2857142857142857	RENWARLY:0.40476190476190477	EPTLVGAQ:0.2857142857142857	QWDDIEYG:0.36904761904761907	LMDDDILC:0.34523809523809523	ASQSGVRV:0.20238095238095238	YLVSMQYG:0.21428571428571427	DDDILCEP:0.40476190476190477	DILCEPET:0.2261904761904762	FFQWDDIE:0.38095238095238093	DAGYNAWW:0.27380952380952384	VWHADFHW:0.2261904761904762	VGAQMLYL:0.2261904761904762	TNTYFGRF:0.35714285714285715	NTYFGRFA:0.23809523809523808	GAAVWHAD:0.27380952380952384	GGQMLNLL:0.21428571428571427	DASQEGVR:0.20238095238095238	LTSRENWA:0.30952380952380953	TDASQEGV:0.20238095238095238	TSRENWAR:0.30952380952380953	QMLNLLHP:0.21428571428571427	GQMLNLLH:0.21428571428571427	VTDASQEG:0.20238095238095238	PGAAVWHA:0.21428571428571427	SRENWARL:0.32142857142857145	AAVWHADF:0.5	GFTRGLYE:0.42857142857142855	FTRGLYEV:0.34523809523809523	PLFFQWDD:0.21428571428571427	YWQRWTTV:0.23809523809523808	SQEGVRVR:0.2261904761904762	WQRWTTVT:0.21428571428571427	GGFTRGLY:0.42857142857142855	WKDWDEWH:0.27380952380952384	AVWHADFY:0.3333333333333333	PQLTSREN:0.23809523809523808	QLTSRENW:0.23809523809523808	DDWARYFS:0.27380952380952384	QWDDVEYG:0.20238095238095238	VLRLNAFA:0.21428571428571427	ERRVDAGY:0.20238095238095238	QERRVDAG:0.20238095238095238	LRLNAFAN:0.21428571428571427	EPETVLRL:0.2261904761904762	YNAWWTCL:0.21428571428571427	ADVILMDD:0.2261904761904762	DVILMDDD:0.2261904761904762	
