cluster number:1411
GT2:13	GT2:13
IITPVYNA:0.3076923076923077	TYENWELI:0.23076923076923078	SKGKYIAF:0.3076923076923077	ISHGNYYF:0.23076923076923078	HEDYAFFL:0.23076923076923078	AFLDSDDL:0.46153846153846156	KYIAFLDS:0.6153846153846154	AEEFLEET:0.23076923076923078	SIITPVYN:0.3076923076923077	GNYYFCNL:0.23076923076923078	FLEETILS:0.3076923076923077	LDSDDLWY:0.23076923076923078	FLDSDDLW:0.46153846153846156	KLLLGNQF:0.23076923076923078	LGNQFKTM:0.23076923076923078	VSIITPVY:0.3076923076923077	TPVYNAEE:0.23076923076923078	PVYNAEEF:0.23076923076923078	DKRIKYLK:0.23076923076923078	WELILIDD:0.3076923076923077	NAEEFLEE:0.23076923076923078	KRIKYLKN:0.23076923076923078	LKISHGNY:0.23076923076923078	YENWELIL:0.23076923076923078	RNNGINIS:0.3076923076923077	TRNNGINI:0.23076923076923078	IKHEDYAF:0.23076923076923078	EEFLEETI:0.23076923076923078	SDDLWYKD:0.23076923076923078	DDLWYKDK:0.23076923076923078	LLLGNQFK:0.23076923076923078	EETILSVL:0.3076923076923077	LEETILSV:0.3076923076923077	GNQFKTMT:0.23076923076923078	LLGNQFKT:0.23076923076923078	DSDDLWYK:0.23076923076923078	NGINISKG:0.3076923076923077	HGNYYFCN:0.23076923076923078	YNAEEFLE:0.23076923076923078	GKYIAFLD:0.6153846153846154	EFLEETIL:0.23076923076923078	KKLLLGNQ:0.23076923076923078	NWELILID:0.3076923076923077	VYNAEEFL:0.23076923076923078	SHGNYYFC:0.23076923076923078	DLWYKDKL:0.23076923076923078	YKKLLLGN:0.23076923076923078	ITPVYNAE:0.46153846153846156	KISHGNYY:0.23076923076923078	ENWELILI:0.23076923076923078	IAFLDSDD:0.6923076923076923	KHEDYAFF:0.23076923076923078	YIAFLDSD:0.6923076923076923	NNGINISK:0.3076923076923077	KGKYIAFL:0.38461538461538464	LVSIITPV:0.3076923076923077	QTYENWEL:0.38461538461538464	RIKYLKNK:0.23076923076923078	TILSVLNQ:0.23076923076923078	NQTYENWE:0.23076923076923078	ETILSVLN:0.23076923076923078	GCLTVMID:0.23076923076923078	VYNAEKYL:0.23076923076923078	TPVYNAEK:0.3076923076923077	HEDYATWL:0.23076923076923078	PVYNAEKY:0.23076923076923078	IGCLTVMI:0.23076923076923078	
