cluster number:1682
GT2:44	GT2:44
DLQDPPEV:0.3181818181818182	PAQAGDFR:0.5	GRTKYPLG:0.20454545454545456	RTKYPLGR:0.20454545454545456	DADLQDPP:0.9090909090909091	ADLQDPPE:0.9318181818181818	AGRTKYPL:0.3409090909090909	TKYPLGRM:0.25	PLRLATWL:0.3181818181818182	LRPVLDGL:0.22727272727272727	EVVAVDDG:0.6590909090909091	VVAVDDGS:0.6590909090909091	APLRLATW:0.36363636363636365	IDADLQDP:0.6136363636363636	LRLATWLG:0.3181818181818182	RLRPVLDG:0.25	YEVVAVDD:0.5	KYPLGRMI:0.25	TVPGWTSL:0.3181818181818182	LTAGLDRA:0.22727272727272727	HQAALTAG:0.45454545454545453	LDADLQDP:0.2727272727272727	LRRNSGHQ:0.5	VGLLGEYV:0.2727272727272727	LLGEYVGR:0.25	PDQQRVYR:0.2727272727272727	DQQRVYRL:0.2727272727272727	VTGFSAAP:0.20454545454545456	DIVYGVRA:0.20454545454545456	YYRLMRRL:0.2727272727272727	VPGWTSLF:0.2727272727272727	LKALPDQQ:0.22727272727272727	QRVYRLLV:0.2727272727272727	LGWPELRV:0.20454545454545456	YRLLVPWL:0.4318181818181818	RLLSRAAV:0.38636363636363635	CVGLLGEY:0.38636363636363635	LRIATWLG:0.22727272727272727	ALPDQQRV:0.22727272727272727	LDIVYGVR:0.4772727272727273	SAAPLRIA:0.22727272727272727	GEYVGRIY:0.29545454545454547	LGRTVPGW:0.20454545454545456	PWLGFPSG:0.5	AAPLRIAT:0.22727272727272727	YTAVQNRP:0.22727272727272727	KALPDQQR:0.22727272727272727	LQDPPEKI:0.4090909090909091	AFRLGWPE:0.22727272727272727	QQRVYRLL:0.2727272727272727	FSAAPLRI:0.22727272727272727	GLDIVYGV:0.22727272727272727	NSGHQAAL:0.7045454545454546	IYTAVQNR:0.22727272727272727	DFRLLSRA:0.4318181818181818	GRIYTAVQ:0.22727272727272727	VPWLGFPS:0.5	RRNSGHQA:0.5	PLGRMIRL:0.22727272727272727	ALGRTVPG:0.20454545454545456	RTVPGWTS:0.20454545454545456	YVVSLDAD:0.20454545454545456	EYVGRIYT:0.20454545454545456	RLGWPELR:0.22727272727272727	DLQDPPEK:0.4090909090909091	RIYTAVQN:0.22727272727272727	DSVTGFSA:0.20454545454545456	RNSGHQAA:0.6590909090909091	GDFRLLSR:0.6136363636363636	LPDQQRVY:0.2727272727272727	QAGDFRLL:0.5454545454545454	SGHQAALT:0.45454545454545453	VPAQAGDF:0.45454545454545453	GRTVPGWT:0.20454545454545456	AALTAGLD:0.25	APLRIATW:0.22727272727272727	QDPPEKIP:0.3409090909090909	AQAGDFRL:0.4772727272727273	TAVQNRPT:0.20454545454545456	TGFSAAPL:0.29545454545454547	SLDADLQD:0.20454545454545456	FRLLSRAA:0.3409090909090909	LGEYVGRI:0.29545454545454547	AVQNRPTY:0.20454545454545456	LLVPWLGF:0.4090909090909091	SVTGFSAA:0.20454545454545456	PLRIATWL:0.22727272727272727	ALTAGLDR:0.22727272727272727	FRLGWPEL:0.22727272727272727	QAALTAGL:0.38636363636363635	AGDFRLLS:0.6136363636363636	GLLGEYVG:0.25	VQNRPTYF:0.20454545454545456	RVYRLLVP:0.2727272727272727	VYRLLVPW:0.45454545454545453	GFSAAPLR:0.29545454545454547	ALKALPDQ:0.25	VTYERAPR:0.20454545454545456	GHQAALTA:0.45454545454545453	YGVRADRS:0.22727272727272727	YPLGRMIR:0.22727272727272727	LVPWLGFP:0.36363636363636365	RLLVPWLG:0.4318181818181818	VYGVRADR:0.2727272727272727	QNRPTYFV:0.20454545454545456	LSVVVPMY:0.20454545454545456	FSAAPLRL:0.2727272727272727	PVYRLLVP:0.20454545454545456	SAAPLRLA:0.2727272727272727	SIDADLQD:0.4772727272727273	VVSIDADL:0.3409090909090909	VSIDADLQ:0.36363636363636365	LGEYVARI:0.22727272727272727	CLGLLGEY:0.3409090909090909	GLLGEYVA:0.2727272727272727	LLGEYVAR:0.2727272727272727	DLQDPPET:0.20454545454545456	GEYVARIY:0.20454545454545456	LQDPPETI:0.20454545454545456	AAPLRLAT:0.2727272727272727	LGLLGEYV:0.25	DPPEKIPE:0.20454545454545456	RAAVDALK:0.22727272727272727	LGFPSGEV:0.2727272727272727	LSRAAVDA:0.22727272727272727	WLGFPSGE:0.25	PPEKIPEM:0.20454545454545456	LLSRAAVD:0.22727272727272727	YVVSIDAD:0.29545454545454547	SRAAVDAL:0.22727272727272727	LQDPPEVI:0.25	QLLCLGLL:0.22727272727272727	LCLGLLGE:0.22727272727272727	LLCLGLLG:0.22727272727272727	RLRRNSGH:0.25	RPVLDGLG:0.20454545454545456	VYGVRSDR:0.20454545454545456	LICVGLLG:0.25	QLICVGLL:0.25	VQLICVGL:0.22727272727272727	ICVGLLGE:0.25	YGVRSDRS:0.20454545454545456	
