cluster number:148
GT2:52	GT2:52|GT4:1
AGDCLVHH:0.23076923076923078	QELVERNR:0.25	RLLIAGDC:0.21153846153846154	GDELLLLN:0.28846153846153844	LVHHEGSA:0.34615384615384615	DDYCYRAR:0.34615384615384615	LLLNNDVI:0.25	VHHEGSAS:0.34615384615384615	DYCYRARL:0.21153846153846154	VTNYASGR:0.3076923076923077	EIIVVDNA:0.40384615384615385	TSIIIPTY:0.5	HHEGSASF:0.36538461538461536	IGLLDERF:0.28846153846153844	LLLLNNDV:0.4423076923076923	DELLLLNN:0.28846153846153844	LLNNDVIV:0.23076923076923078	YEIIVVDN:0.5384615384615384	IIVVDNAS:0.40384615384615385	PYEIIVVD:0.5	VGPVTNYA:0.4230769230769231	LLIAGDCL:0.23076923076923078	YRLLIAGD:0.21153846153846154	CLVHHEGS:0.3076923076923077	LTSIIIPT:0.36538461538461536	LLDERFSP:0.34615384615384615	LDERFSPG:0.40384615384615385	LIAGDCLV:0.23076923076923078	ELLLLNND:0.3076923076923077	SIIIPTYN:0.5192307692307693	LPENRGFP:0.34615384615384615	GPVTNYAS:0.46153846153846156	GLLDERFS:0.34615384615384615	PVTNYASG:0.46153846153846156	DERFSPGH:0.4230769230769231	GYRLLIAG:0.25	DCLVHHEG:0.2692307692307692	TNYASGRQ:0.3269230769230769	LNNDVIVS:0.21153846153846154	IAGDCLVH:0.23076923076923078	DDDYCYRA:0.46153846153846156	EDDDYCYR:0.4807692307692308	GDCLVHHE:0.2692307692307692	NYASGRQQ:0.2692307692307692	LQELVERN:0.23076923076923078	GIVGPVTN:0.34615384615384615	VGLCFLFK:0.2692307692307692	EIIVVDNG:0.21153846153846154	LCFLFKRE:0.25	IIIPTYNG:0.2692307692307692	GLCFLFKR:0.28846153846153844	IIVVDNGS:0.21153846153846154	DDDYCLRA:0.21153846153846154	SPGHYEDD:0.6153846153846154	IVGPVTNY:0.3076923076923077	PGHYEDDD:0.6538461538461539	ASGDELLL:0.21153846153846154	LVGLCFLF:0.21153846153846154	YSPGHYED:0.21153846153846154	HEGSASFK:0.28846153846153844	RLVGLCFL:0.21153846153846154	SGDELLLL:0.21153846153846154	LASGDELL:0.21153846153846154	ERFSPGHY:0.36538461538461536	IIPTYNGL:0.23076923076923078	LVGPVTNY:0.21153846153846154	RFSPGHYE:0.36538461538461536	NRGFPAAC:0.3076923076923077	RGFPAACN:0.3076923076923077	FSPGHYED:0.40384615384615385	ERIGLLDE:0.21153846153846154	HYEDDDYC:0.6346153846153846	GLVGPVTN:0.21153846153846154	GHYEDDDY:0.6346153846153846	YEDDDYCY:0.38461538461538464	
