cluster number:850
GT2:30	GT2:30
EFIIINDG:0.3	INDGSTDD:0.23333333333333334	ARMDGDDI:0.26666666666666666	GEYIARMD:0.4	PVYNAEKY:0.2	MPVYNAEK:0.2	NFEFIIIN:0.2	YIARMDGD:0.3	IARMDGDD:0.3333333333333333	NQTYKNFE:0.3333333333333333	ESIESILN:0.23333333333333334	IIINDGST:0.3	LNQTYKNF:0.3333333333333333	EYIARMDG:0.26666666666666666	FIIINDGS:0.3	IMPVYNAE:0.2	SILNQTYK:0.3333333333333333	ILNQTYKN:0.3333333333333333	TYKNFEFI:0.3	FEFIIIND:0.26666666666666666	IINDGSTD:0.36666666666666664	ESILNQTY:0.2	SIESILNQ:0.26666666666666666	YKNFEFII:0.3333333333333333	IESILNQT:0.23333333333333334	NDGSTDDS:0.2	QTYKNFEF:0.3	KGEYIARM:0.23333333333333334	AKGEYIAR:0.2	
