cluster number:2262
GT2:18	GT2:18
VVICTRNR:0.2777777777777778	IAFTDDDV:0.2777777777777778	IIVVDNAP:0.2222222222222222	VTALLVQF:0.2222222222222222	AGASGCSE:0.3888888888888889	CTRNRPEQ:0.2222222222222222	RPEQLARC:0.2222222222222222	AFTDDDVE:0.2222222222222222	DERLGAGA:0.3888888888888889	LGAGASGC:0.3888888888888889	ERLGAGAS:0.3333333333333333	MRGHVTAL:0.2222222222222222	ISVVICTR:0.3333333333333333	LARCLRSL:0.2222222222222222	GAGANMAF:0.7777777777777778	IVVDNAPS:0.2222222222222222	TRNRPEQL:0.2222222222222222	HWGNLRRL:0.2222222222222222	GHVTALLV:0.2222222222222222	PEQLARCL:0.2222222222222222	GAGASGCS:0.3888888888888889	YQYMRGHV:0.2222222222222222	RGHVTALL:0.2222222222222222	IGAGANMA:0.7222222222222222	CRYEPTSV:0.2222222222222222	GASGCSED:0.3888888888888889	YMRGHVTA:0.2222222222222222	VVDNAPSD:0.2222222222222222	SEMWYRIL:0.2222222222222222	GFKAPLPV:0.2222222222222222	AGANMAFR:0.7777777777777778	GANMAFRR:0.6111111111111112	FDERLGAG:0.3888888888888889	EMWYRILA:0.2222222222222222	QLARCLRS:0.2222222222222222	SGCSEDSE:0.4444444444444444	RNRPEQLA:0.2222222222222222	IIAFTDDD:0.3333333333333333	WYRILAEG:0.2777777777777778	ANMAFRRQ:0.2222222222222222	NRPEQLAR:0.2222222222222222	HVTALLVQ:0.2222222222222222	RLGAGASG:0.3333333333333333	ASGCSEDS:0.3888888888888889	YRILAEGW:0.2222222222222222	SVVICTRN:0.2222222222222222	EQLARCLR:0.2222222222222222	DSEMWYRI:0.2222222222222222	AAGCNGDS:0.2777777777777778	EIGAGANM:0.2222222222222222	CNGDSEMW:0.2777777777777778	AGCNGDSE:0.2777777777777778	GCNGDSEM:0.2777777777777778	GAAGCNGD:0.2777777777777778	HWSFNRGY:0.2222222222222222	WEIGAGAN:0.2222222222222222	CSEDSELW:0.2222222222222222	GCSEDSEL:0.2777777777777778	GANMAFRK:0.2222222222222222	GYFDELLD:0.2222222222222222	
