cluster number:1703
GT2:120	GT2:120|GT4:1
LIRRGFLD:0.25	PQKNRALD:0.49166666666666664	KNRALDLA:0.275	IRRGFLDG:0.26666666666666666	SIDADERV:0.5916666666666667	DADERVTP:0.5	QKNRALDL:0.275	RRGFLDGR:0.25833333333333336	VVDSGSTD:0.4166666666666667	YLIRRGFL:0.25	IVVDSGST:0.36666666666666664	IDADERVT:0.38333333333333336	FGPQKNRA:0.7333333333333333	GFGPQKNR:0.7333333333333333	GPQKNRAL:0.725	VLSLDADE:0.21666666666666667	DSGSTDGT:0.225	WVLSLDAD:0.21666666666666667	WPGFGPQK:0.7666666666666667	DWPGFGPQ:0.575	ADERVTPE:0.44166666666666665	PRLSQFCG:0.25	PDYVLRLF:0.2916666666666667	DERVTPEL:0.45	PGFGPQKN:0.7583333333333333	ITKNEAAN:0.225	VLRLFKRG:0.2	TKNEAANI:0.225	RIYLIRRG:0.24166666666666667	LDGRHGLV:0.21666666666666667	HSGWWPDY:0.25	FVRIYLIR:0.225	VTAAAGSF:0.21666666666666667	DGRHGLVL:0.21666666666666667	RHGLVLAV:0.20833333333333334	VLSIDADE:0.6	HGLVLAVT:0.23333333333333334	RYSSDAAA:0.26666666666666666	AFADEFIV:0.20833333333333334	VAFADEFI:0.20833333333333334	TFVRIYLI:0.225	FLDGRHGL:0.21666666666666667	WPDYVLRL:0.225	LATGDWVL:0.23333333333333334	IRHSGWWP:0.2916666666666667	LSIDADER:0.5833333333333334	AAAGSFFR:0.21666666666666667	RGFLDGRH:0.21666666666666667	IYLIRRGF:0.24166666666666667	WVLSIDAD:0.6	AVTAAAGS:0.21666666666666667	EFIVVDSG:0.25833333333333336	RHSGWWPD:0.35	FIVVDSGS:0.25833333333333336	ATGDWVLS:0.24166666666666667	LVLAVTAA:0.23333333333333334	NRALDLAT:0.23333333333333334	FWTFVRIY:0.24166666666666667	GRHGLVLA:0.21666666666666667	ADEFIVVD:0.25833333333333336	VRIYLIRR:0.225	NRYSSDAA:0.325	FADEFIVV:0.25833333333333336	LAVTAAAG:0.21666666666666667	RALDLATG:0.23333333333333334	GFLDGRHG:0.21666666666666667	GDWVLSID:0.20833333333333334	YSSDAAAM:0.24166666666666667	SGWWPDYV:0.25	GWWPDYVL:0.225	AAGSFFRY:0.21666666666666667	GLVLAVTA:0.23333333333333334	VLAVTAAA:0.21666666666666667	TAAAGSFF:0.21666666666666667	WTFVRIYL:0.23333333333333334	DEFIVVDS:0.25833333333333336	ERVTPELA:0.4083333333333333	DWVLSIDA:0.21666666666666667	SSDAAAMM:0.24166666666666667	SVAFADEF:0.20833333333333334	WWPDYVLR:0.225	PDWPGFGP:0.24166666666666667	RFIRHSGW:0.23333333333333334	VTPDWPGF:0.20833333333333334	TPDWPGFG:0.225	CGRFIRHS:0.23333333333333334	GRFIRHSG:0.23333333333333334	LRRGFLDG:0.325	LSLDADER:0.21666666666666667	VLRRGFLD:0.25	VHHSGWRP:0.20833333333333334	SLLHYSYT:0.20833333333333334	HHSGWRPD:0.20833333333333334	LLHYSYTS:0.20833333333333334	WVHHSGWR:0.20833333333333334	TSLLHYSY:0.20833333333333334	EWVLSIDA:0.275	GEWVLSID:0.23333333333333334	IDADERVP:0.21666666666666667	SGSTDATR:0.2	ADEVIVLD:0.2	LDSGSTDA:0.2	YAIPRLSQ:0.2	DADERVPP:0.21666666666666667	DSGSTDAT:0.2	IPRLSQFC:0.21666666666666667	EVIVLDSG:0.2	VLDSGSTD:0.23333333333333334	GFLDGGTG:0.2	DEVIVLDS:0.2	ADERVPPE:0.2	DERVPPEL:0.2	IVLDSGST:0.20833333333333334	RLFRRGKA:0.2	AIPRLSQF:0.2	VIVLDSGS:0.2	
