cluster number:2500
GT2:46	GT2:46
DADLSTPI:0.21739130434782608	ELIVVDDG:0.43478260869565216	LIVVDDGS:0.45652173913043476	VVDDGSTD:0.5652173913043478	VVPAYNEE:0.2608695652173913	DTQCGFKL:0.6739130434782609	TQCGFKLF:0.6304347826086957	VVVPAYNE:0.2608695652173913	IVVDDGST:0.5217391304347826	RDTQCGFK:0.34782608695652173	ALAAFAPP:0.2391304347826087	GFKLFDGD:0.34782608695652173	SHANAHPN:0.2608695652173913	EQNAFYGW:0.2608695652173913	LAAFAPPM:0.30434782608695654	TEQNAFYG:0.2608695652173913	WPVAEVPV:0.30434782608695654	QNQWEWFF:0.3695652173913043	HANAHPNF:0.2608695652173913	QDQNQWEW:0.3695652173913043	QFFGPQSY:0.21739130434782608	TVMLGLSV:0.2826086956521739	NTVMLGLS:0.2826086956521739	CGFKLFDG:0.34782608695652173	VAEVPVRW:0.2826086956521739	DQNQWEWF:0.3695652173913043	WQFFGPQS:0.21739130434782608	GWPVAEVP:0.21739130434782608	PVAEVPVR:0.2826086956521739	IRDTQCGF:0.2608695652173913	MLGLSVPL:0.2391304347826087	QNAFYGWP:0.2608695652173913	GIRDTQCG:0.2608695652173913	VMLGLSVP:0.2826086956521739	QCGFKLFD:0.3695652173913043	NAFYGWPL:0.2826086956521739	VIPAYNEE:0.2391304347826087	LMANTVML:0.2391304347826087	SVIESRVA:0.2391304347826087	LFESVIES:0.2391304347826087	FLGEEPLL:0.2391304347826087	GGYFNGPW:0.21739130434782608	PLFESVIE:0.34782608695652173	GVNLMANT:0.3695652173913043	MANTVMLG:0.2391304347826087	GEEPLLLA:0.2391304347826087	EVPVRWSH:0.2826086956521739	QWEWFFAV:0.2826086956521739	YQIFLGEE:0.2826086956521739	NLMANTVM:0.2391304347826087	VNLMANTV:0.2391304347826087	FFAVTADN:0.21739130434782608	WEWFFAVT:0.2608695652173913	FESVIESR:0.2608695652173913	WFFAVTAD:0.2608695652173913	ANTVMLGL:0.2391304347826087	ESVIESRV:0.2391304347826087	WELIVVDD:0.2826086956521739	EWFFAVTA:0.2608695652173913	DDGSTDAT:0.21739130434782608	NQWEWFFA:0.2608695652173913	GYFNGPWG:0.21739130434782608	LGEEPLLL:0.2391304347826087	PGGYFNGP:0.30434782608695654	DDGSTDGT:0.2391304347826087	PDGVNLMA:0.21739130434782608	AEVPVRWS:0.21739130434782608	DGVNLMAN:0.21739130434782608	LVTDADLA:0.2391304347826087	VLVTDADL:0.2391304347826087	RVLVTDAD:0.2391304347826087	
