cluster number:1675
GT2:22	GT2:22|GT8:4
SVIVPVYN:0.45454545454545453	EIILVNDG:0.6363636363636364	ILVNDGST:0.6363636363636364	NDGSTDSS:0.22727272727272727	LVNDGSTD:0.6363636363636364	VTFVDSDD:0.22727272727272727	TFVDSDDY:0.3181818181818182	IILVNDGS:0.6363636363636364	IVPVYNVE:0.4090909090909091	VNDGSTDS:0.2727272727272727	NLEIILVN:0.2727272727272727	LEIILVND:0.2727272727272727	ISVIVPVY:0.36363636363636365	VIVPVYNV:0.45454545454545453	FVDSDDYL:0.22727272727272727	DGSTDSSG:0.2727272727272727	VNDGSTDG:0.22727272727272727	NDGSTDGS:0.22727272727272727	
