cluster number:357
GT2:30	GT2:30
LIISDDGS:0.3	YNGEKYLA:0.23333333333333334	MISVCIAT:0.3	SVCIATYN:0.5	GQGVIANF:0.2	VIFLADQD:0.2	ADQDDVWL:0.43333333333333335	DELIISDD:0.3	ISVCIATY:0.5	VIANFAFA:0.2	TYNGEKYL:0.3	GVIANFAF:0.2	DDVWLPNK:0.3	IGAGMAFR:0.23333333333333334	NGEKYLAE:0.2	FLADQDDV:0.36666666666666664	MHDMWIGL:0.26666666666666666	IATYNGEK:0.36666666666666664	QGVIANFA:0.2	PMHDMWIG:0.3	VCIATYNG:0.4666666666666667	TKTSFQQK:0.2	YIGAGMAF:0.23333333333333334	AEQLDSIL:0.2	CIATYNGE:0.4666666666666667	IFLADQDD:0.43333333333333335	DVWLPNKV:0.23333333333333334	GPGQGVIA:0.2	ISDDGSTD:0.3333333333333333	ATYNGEKY:0.4666666666666667	DQDDVWLP:0.5	IISDDGST:0.3	LADQDDVW:0.4	LAEQLDSI:0.2	EKYLAEQL:0.2	QDDVWLPN:0.3	VPMHDMWI:0.23333333333333334	ELIISDDG:0.3	KTSFQQKL:0.2	PGQGVIAN:0.2	GEKYLAEQ:0.2	TYNGEKYI:0.2	
