cluster number:450
GT2:17	GT2:17
GGSTDGTA:0.47058823529411764	DGGSTDGT:0.6470588235294118	STDGTAEW:0.23529411764705882	GSTDGTAE:0.23529411764705882	LYGDALER:0.23529411764705882	THHQAMIY:0.29411764705882354	SHVLFLNA:0.4117647058823529	GMFTHHQA:0.5882352941176471	LLKRARSH:0.23529411764705882	LFAPGGLS:0.29411764705882354	AADYAFTL:0.35294117647058826	FAPGGLSQ:0.29411764705882354	FGMFTHHQ:0.29411764705882354	DGRILLKR:0.29411764705882354	MFTHHQAM:0.5882352941176471	GRILLKRA:0.29411764705882354	GDRLAAAD:0.23529411764705882	ADGGSTDG:0.5294117647058824	FTHHQAMI:0.29411764705882354	CLFAPGGL:0.29411764705882354	RLAILTVV:0.23529411764705882	APGGLSQR:0.29411764705882354	AYAKLRFR:0.29411764705882354	YGDALERQ:0.23529411764705882	AGDRLAAA:0.23529411764705882	FLNAGDRL:0.47058823529411764	YAKLRFRC:0.23529411764705882	LLYGDALE:0.23529411764705882	AKLRFRCP:0.23529411764705882	HVLFLNAG:0.4117647058823529	VLFLNAGD:0.4117647058823529	LFLNAGDR:0.47058823529411764	ILLKRARS:0.29411764705882354	VADGGSTD:0.47058823529411764	LNAGDRLA:0.5294117647058824	RILLKRAR:0.29411764705882354	LKRARSHR:0.23529411764705882	NAGDRLAA:0.29411764705882354	ARSHRRAL:0.23529411764705882	LFYGDALE:0.23529411764705882	RRALLGMF:0.23529411764705882	VTVVRDDL:0.23529411764705882	AVVTVVRD:0.23529411764705882	LLGMFTHH:0.23529411764705882	RRELLGLG:0.23529411764705882	NAGDRLAD:0.23529411764705882	LAADYAFT:0.23529411764705882	FTHHQAMV:0.29411764705882354	ALLGMFTH:0.23529411764705882	PWLYAKYR:0.23529411764705882	THHQAMVY:0.29411764705882354	SHRRALLG:0.23529411764705882	HRRALLGM:0.23529411764705882	CSHVLFLN:0.23529411764705882	LPLSVCIF:0.23529411764705882	RLPLSVCI:0.23529411764705882	TRASLRAQ:0.23529411764705882	HHQAMVYR:0.23529411764705882	RASLRAQT:0.23529411764705882	PARGRREQ:0.23529411764705882	HQAMVYRL:0.23529411764705882	RALLGMFT:0.23529411764705882	VVTVVRDD:0.23529411764705882	RSHRRALL:0.23529411764705882	LERLLPIL:0.23529411764705882	LYAKYRFS:0.23529411764705882	ATRASLRA:0.23529411764705882	LGMFTHHQ:0.29411764705882354	ARGRREQA:0.23529411764705882	VLERLLPI:0.23529411764705882	WLYAKYRF:0.23529411764705882	IRRELLGL:0.23529411764705882	DSLRGQLG:0.23529411764705882	SLRGQLGP:0.23529411764705882	
