cluster number:1685
GT2:11	GT2:11
DDYYSPYY:0.7272727272727273	ADIVGKRA:0.2727272727272727	NSIRGGVS:0.2727272727272727	VINKDSMS:0.2727272727272727	QQMNDLHR:0.2727272727272727	KQQMNDLH:0.2727272727272727	VRGYKNIS:0.2727272727272727	DYYSPYYL:0.7272727272727273	IAKFDDDD:0.8181818181818182	VPERVSLG:0.2727272727272727	RVSLGRCL:0.2727272727272727	SLGRCLNY:0.2727272727272727	FIAKFDDD:0.36363636363636365	YLKQQMND:0.2727272727272727	YYSPYYLK:0.45454545454545453	LGRCLNYA:0.2727272727272727	DLHRTGAD:0.2727272727272727	ERVSLGRC:0.2727272727272727	KFDDDDYY:0.8181818181818182	NIIANYKT:0.2727272727272727	IANYKTQL:0.2727272727272727	FFNNIIAN:0.2727272727272727	QMNDLHRT:0.2727272727272727	PRNYIAVR:0.2727272727272727	IIANYKTQ:0.2727272727272727	INKDSMSL:0.2727272727272727	KVRGYKNI:0.2727272727272727	NNIIANYK:0.2727272727272727	KVPERVSL:0.2727272727272727	NDLHRTGA:0.2727272727272727	FNNIIANY:0.2727272727272727	PERVSLGR:0.2727272727272727	FDDDDYYS:0.9090909090909091	RNYIAVRR:0.2727272727272727	MNDLHRTG:0.2727272727272727	AKFDDDDY:0.8181818181818182	IVINKDSM:0.2727272727272727	LKQQMNDL:0.2727272727272727	DDDYYSPY:0.6363636363636364	DDDDYYSP:0.9090909090909091	VSLGRCLN:0.2727272727272727	GGTLLFRK:0.2727272727272727	CTNRPRFF:0.2727272727272727	SDIVGKHA:0.36363636363636365	SIIVCTNR:0.36363636363636365	VGKHACLV:0.36363636363636365	GQCLNCGI:0.2727272727272727	DIVGKHAC:0.36363636363636365	IVGKHACL:0.36363636363636365	LGQCLNCG:0.2727272727272727	KELIIILN:0.45454545454545453	VSIIVCTN:0.36363636363636365	GKHACLVY:0.5454545454545454	YSPYYLKE:0.36363636363636365	KHACLVYL:0.5454545454545454	SLGQCLNC:0.2727272727272727	IIVCTNRP:0.36363636363636365	SPYYLKEQ:0.36363636363636365	RYPLIAKF:0.2727272727272727	ARYPLIAK:0.2727272727272727	DRSVGEDV:0.36363636363636365	IILNKDSM:0.2727272727272727	YPLIAKFD:0.2727272727272727	SHTWKAKD:0.2727272727272727	LIAKFDDD:0.2727272727272727	GSHTWKAK:0.2727272727272727	KARYPLIA:0.2727272727272727	KGSHTWKA:0.2727272727272727	ELIIILNK:0.2727272727272727	IIILNKDS:0.2727272727272727	PLIAKFDD:0.2727272727272727	LIIILNKD:0.2727272727272727	HACLVYLE:0.45454545454545453	ISLGQCLN:0.2727272727272727	
