cluster number:546
GT2:23	GT2:23
SVVIPCYN:0.5652173913043478	VVIPCYNH:0.2608695652173913	PLVSVVIP:0.6086956521739131	LVSVVIPC:0.5652173913043478	VSVVIPCY:0.5217391304347826	LIIIDDGS:0.21739130434782608	IELIIIDD:0.21739130434782608	ELIIIDDG:0.21739130434782608	NIELIIID:0.21739130434782608	
