cluster number:1716
GT2:17	GT2:17
NKGLSGAR:0.29411764705882354	INDGSTDN:0.23529411764705882	GLSGARNT:0.5882352941176471	AGLVYTWT:0.23529411764705882	GEYIAFID:0.35294117647058826	TLYRRHSQ:0.23529411764705882	YIAFIDAD:0.35294117647058826	ENKGLSGA:0.29411764705882354	IAFIDADD:0.35294117647058826	LSGARNTG:0.5882352941176471	QENKGLSG:0.29411764705882354	SGARNTGI:0.47058823529411764	LTLYRRHS:0.29411764705882354	EYIAFIDA:0.35294117647058826	EDRDMWIR:0.23529411764705882	GLVYTWTA:0.29411764705882354	KGLSGARN:0.29411764705882354	FIDADDLW:0.29411764705882354	AFIDADDL:0.29411764705882354	EILIINDG:0.35294117647058826	LIINDGSS:0.29411764705882354	ILIINDGS:0.35294117647058826	IINDGSSD:0.29411764705882354	CFDKVGLF:0.23529411764705882	IEILIIND:0.29411764705882354	QGLSGARN:0.23529411764705882	NQGLSGAR:0.23529411764705882	FDKVGLFD:0.23529411764705882	
