cluster number:882
GT2:18	GT2:18
PYIDGLIF:0.5555555555555556	YIDGLIFR:0.4444444444444444	DDDFQNPP:0.7777777777777778	NAVMCGLN:0.3333333333333333	DGSRDRSE:0.2222222222222222	VNDGSRDR:0.2222222222222222	LSSFKLIR:0.3333333333333333	EFNAVMCG:0.2777777777777778	PYPYIDGL:0.5555555555555556	GEFNAVMC:0.2777777777777778	GPYPYIDG:0.5555555555555556	LYLSSFKL:0.5	KDLYLSSF:0.2222222222222222	KPKDLYLS:0.2222222222222222	YPYIDGLI:0.5555555555555556	NDGSRDRS:0.2222222222222222	DDFQNPPE:0.3888888888888889	IDDDFQNP:0.7222222222222222	FNAVMCGL:0.2777777777777778	YLSSFKLI:0.5	DLYLSSFK:0.4444444444444444	PKDLYLSS:0.2222222222222222	AVIIDDDF:0.2777777777777778	VIIDDDFQ:0.4444444444444444	IIDDDFQN:0.5555555555555556	DFQNPPSE:0.2222222222222222	NFGEFNAV:0.5	FQNPPSEI:0.2222222222222222	FGEFNAVM:0.2222222222222222	DDFQNPPS:0.2222222222222222	SSFKLIRR:0.2222222222222222	GYSLWPIR:0.2222222222222222	YLGKLFMA:0.2222222222222222	VLGEYLGK:0.2222222222222222	DVVYSRYA:0.2777777777777778	RNFGEFNA:0.3333333333333333	VFIGYSLW:0.2222222222222222	IGYSLWPI:0.2222222222222222	VVYSRYAQ:0.2222222222222222	LGEYLGKL:0.2222222222222222	RRNFGEFN:0.3333333333333333	FIGYSLWP:0.2222222222222222	SLRRNFGE:0.3888888888888889	LGVLGEYL:0.2222222222222222	GVLGEYLG:0.2777777777777778	IDGLIFRV:0.2777777777777778	EYLGKLFM:0.2222222222222222	ISLRRNFG:0.3333333333333333	LFLGVLGE:0.2222222222222222	DGLIFRVT:0.2777777777777778	VYSRYAQK:0.2222222222222222	FLGVLGEY:0.2222222222222222	GEFNAVLC:0.2777777777777778	LLFLGVLG:0.2222222222222222	NVFIGYSL:0.2222222222222222	FISLRRNF:0.2222222222222222	LSVVIPVY:0.2222222222222222	LRRNFGEF:0.3888888888888889	FNAVLCGL:0.2777777777777778	EFNAVLCG:0.2777777777777778	FGEFNAVL:0.2777777777777778	GEYLGKLF:0.2222222222222222	PVYNSERT:0.3333333333333333	IPVYNSER:0.3333333333333333	IRREVVDE:0.2222222222222222	EIILVNDG:0.2777777777777778	RREVVDEI:0.2222222222222222	VYNSERTI:0.2222222222222222	FEIILVND:0.2222222222222222	VIPVYNSE:0.2777777777777778	YKGPYPYI:0.2222222222222222	KGPYPYID:0.2222222222222222	IILVNDGS:0.2777777777777778	YDVVYSRY:0.2777777777777778	LVNDGSRD:0.2222222222222222	
