cluster number:2150
GT2:43	GT2:43|GT4:1
ALCEGDDY:0.7209302325581395	IALCEGDD:0.7209302325581395	IISDDCST:0.37209302325581395	EIIISDDC:0.32558139534883723	LLVFSKFG:0.2558139534883721	PFEIIISD:0.2558139534883721	LCEGDDYW:0.7209302325581395	FEIIISDD:0.27906976744186046	TDFPFEII:0.23255813953488372	GKYIALCE:0.627906976744186	YIALCEGD:0.7209302325581395	DDCSTDGT:0.20930232558139536	EGDDYWID:0.27906976744186046	CEGDDYWI:0.27906976744186046	DFPFEIII:0.23255813953488372	FPFEIIIS:0.2558139534883721	RGKYIALC:0.3023255813953488	KYIALCEG:0.6511627906976745	IIISDDCS:0.32558139534883723	ISDDCSTD:0.4418604651162791	EGDDYWTD:0.5116279069767442	GDDYWTDS:0.23255813953488372	CEGDDYWT:0.4883720930232558	GDDYWTDP:0.20930232558139536	FMGCGHNT:0.27906976744186046	QYSKGALP:0.20930232558139536	ALPIRDFI:0.2558139534883721	GALPIRDF:0.2558139534883721	SKGALPIR:0.23255813953488372	LPIRDFIL:0.2558139534883721	PIRDFILP:0.2558139534883721	YSKGALPI:0.23255813953488372	KGALPIRD:0.23255813953488372	NQYSKGAL:0.20930232558139536	CGHNTRFL:0.23255813953488372	GCGHNTRF:0.23255813953488372	VYRMNDGG:0.23255813953488372	DGGIWSGA:0.20930232558139536	SVKRNDVY:0.23255813953488372	YLAKYSSV:0.23255813953488372	AYNQEKYI:0.2558139534883721	YNQEKYIE:0.23255813953488372	LIMFLHGC:0.23255813953488372	YRMNDGGI:0.23255813953488372	AKYSSVKR:0.23255813953488372	NDGGIWSG:0.23255813953488372	EYLAKYSS:0.23255813953488372	RNDVYMLL:0.23255813953488372	ELTDRLFV:0.20930232558139536	YSSVKRND:0.23255813953488372	VKRNDVYM:0.23255813953488372	IMSVYRMN:0.20930232558139536	MGCGHNTR:0.23255813953488372	CTAYNQEK:0.23255813953488372	MSVYRMND:0.23255813953488372	SVYRMNDG:0.23255813953488372	KYSSVKRN:0.23255813953488372	RMNDGGIW:0.23255813953488372	GELTDRLF:0.20930232558139536	CCTAYNQE:0.23255813953488372	MLLVFSKF:0.20930232558139536	SSVKRNDV:0.23255813953488372	EFMGCGHN:0.23255813953488372	DVYMLLVF:0.23255813953488372	KRNDVYML:0.23255813953488372	MNDGGIWS:0.23255813953488372	NDVYMLLV:0.23255813953488372	YMLLVFSK:0.23255813953488372	NGELTDRL:0.20930232558139536	LAKYSSVK:0.23255813953488372	TAYNQEKY:0.23255813953488372	VYMLLVFS:0.23255813953488372	TRFLINGE:0.20930232558139536	NTRFLING:0.20930232558139536	HTTSLVFR:0.20930232558139536	GHNTRFLI:0.20930232558139536	TSLVFRYD:0.20930232558139536	HNTRFLIN:0.20930232558139536	TTSLVFRY:0.20930232558139536	LINGELTD:0.20930232558139536	RFLINGEL:0.20930232558139536	FLINGELT:0.20930232558139536	DDCSTDRT:0.23255813953488372	SDDCSTDR:0.23255813953488372	
