cluster number:2431
GT2:11	GT2:11
FGDQSLFV:0.8181818181818182	SARKYLAN:0.2727272727272727	VTTSARKY:0.36363636363636365	DQEIVARL:0.2727272727272727	RKYLANGV:0.2727272727272727	DQSLFVRR:0.5454545454545454	ILVVDGGS:0.2727272727272727	TSARKYLA:0.2727272727272727	VRFGDQSL:0.36363636363636365	LYFLHADS:0.36363636363636365	GCYRLAFD:0.2727272727272727	DGGSTDGT:0.36363636363636365	EDQEIVAR:0.2727272727272727	LVVDGGST:0.36363636363636365	RFGDQSLF:0.8181818181818182	MEDQEIVA:0.2727272727272727	VDGGSTDG:0.2727272727272727	VVDGGSTD:0.36363636363636365	GGYREDLL:0.2727272727272727	GDQSLFVR:0.5454545454545454	TTSARKYL:0.2727272727272727	YFLHADSY:0.2727272727272727	LHADSYPP:0.2727272727272727	ARKYLANG:0.2727272727272727	AVRFGDQS:0.36363636363636365	FLHADSYP:0.2727272727272727	EILVVDGG:0.2727272727272727	QEIVARLR:0.2727272727272727	AGCYRLAF:0.2727272727272727	WFLRLNAW:0.2727272727272727	HWFLRLNA:0.2727272727272727	KGRAAQLN:0.2727272727272727	ILYFLHAD:0.6363636363636364	QSLFVRRD:0.2727272727272727	LFVRRDVF:0.2727272727272727	LNAWFTRF:0.2727272727272727	FVRRDVFE:0.2727272727272727	VRRDVFEK:0.2727272727272727	SLFVRRDV:0.2727272727272727	LYFLHADT:0.45454545454545453	RRDVFEKA:0.2727272727272727	
