cluster number:2594
GT2:41	GT2:41|2.4.1.-:1
IATALNQG:0.3902439024390244	GIATALNQ:0.3902439024390244	NLGIATAL:0.34146341463414637	LGIATALN:0.34146341463414637	PIDVDFLI:0.34146341463414637	LRGVAPFV:0.21951219512195122	MDDSLFID:0.24390243902439024	DSLFIDFV:0.24390243902439024	VAPFVRFG:0.34146341463414637	WKSTELVK:0.3170731707317073	IDVDFLIT:0.2926829268292683	DDSLFIDF:0.24390243902439024	GVAPFVRF:0.4878048780487805	VRHYYLFR:0.21951219512195122	RHYYLFRN:0.36585365853658536	ELVKLPVR:0.24390243902439024	FLITSGSC:0.5121951219512195	PAYEDARL:0.3170731707317073	VDFLITSG:0.5121951219512195	TSGSCVNL:0.2926829268292683	APFVRFGY:0.21951219512195122	HYYLFRNA:0.34146341463414637	SLFIDFVD:0.2926829268292683	DVDFLITS:0.34146341463414637	LLFDQDSE:0.24390243902439024	RLRGVAPF:0.21951219512195122	RGVAPFVR:0.21951219512195122	LFDQDSEP:0.4634146341463415	ITSGSCVN:0.2926829268292683	LITSGSCV:0.2926829268292683	GPAYEDAR:0.34146341463414637	DFLITSGS:0.5121951219512195	DLEWCVRA:0.6341463414634146	RHYYQFRN:0.3902439024390244	DFVDLEWC:0.6341463414634146	FVDLEWCV:0.6097560975609756	VARANRLA:0.2926829268292683	ALFIDFVD:0.2926829268292683	EPVRVLGR:0.21951219512195122	LEWCVRAK:0.34146341463414637	HELGGEPV:0.43902439024390244	PLRHYYQF:0.21951219512195122	LFIDFVDL:0.6341463414634146	CVARANRL:0.2926829268292683	LRHYYQFR:0.21951219512195122	GGEPVRVL:0.21951219512195122	VDLEWCVR:0.6341463414634146	GEPVRVLG:0.21951219512195122	IDFVDLEW:0.6341463414634146	LGGEPVRV:0.34146341463414637	FIDFVDLE:0.6341463414634146	ELGGEPVR:0.3170731707317073	ITSGSCIN:0.21951219512195122	HYYQFRNV:0.21951219512195122	TSGSCINL:0.21951219512195122	LITSGSCI:0.21951219512195122	SGSCINLR:0.21951219512195122	RVALVGPA:0.3170731707317073	VALVGPAY:0.3170731707317073	FDQDSEPS:0.2682926829268293	EWCVRARS:0.21951219512195122	GPMDDSLF:0.21951219512195122	RLAIYALF:0.21951219512195122	TALNQGIE:0.21951219512195122	RDIGPMDD:0.21951219512195122	YVPWSWKS:0.21951219512195122	PWSWKSTE:0.21951219512195122	AYEDARLG:0.21951219512195122	YEDARLGG:0.21951219512195122	KSTELVKM:0.21951219512195122	PMDDSLFI:0.21951219512195122	ATALNQGI:0.21951219512195122	GGVAPFVR:0.2682926829268293	WCVRARSK:0.21951219512195122	WRDIGPMD:0.24390243902439024	VRARSKGY:0.21951219512195122	CVRARSKG:0.21951219512195122	VPWSWKST:0.21951219512195122	YALFMQPR:0.21951219512195122	CVVVDNTE:0.21951219512195122	ANLGIATA:0.21951219512195122	SWKSTELV:0.24390243902439024	LGGVAPFV:0.2682926829268293	LEWCVRAR:0.2926829268292683	GANLGIAT:0.21951219512195122	WSWKSTEL:0.21951219512195122	PCVVVDNT:0.21951219512195122	DARLGGVA:0.21951219512195122	RLGGVAPF:0.2682926829268293	IYALFMQP:0.21951219512195122	NGANLGIA:0.21951219512195122	STELVKMP:0.21951219512195122	
