cluster number:1398
GT2:115	GT2:115
VSNYGFFD:0.3130434782608696	IIYVNDGS:0.20869565217391303	LIRRKKPT:0.2	IVVPVRNE:0.28695652173913044	TLDGDGQN:0.7304347826086957	LWIGIMDL:0.23478260869565218	AAVRSGVR:0.22608695652173913	VSIVVPVR:0.28695652173913044	MDLAGVWW:0.2608695652173913	DGLHRFLP:0.3217391304347826	WLIRRKKP:0.20869565217391303	IGIMDLAG:0.2	AGQRVGRK:0.2956521739130435	RVGRKDTG:0.30434782608695654	PALVRREG:0.3391304347826087	DRLWIGIM:0.23478260869565218	NYGFFDRL:0.34782608695652173	WWLIRRKK:0.3130434782608696	LAAGQRVG:0.25217391304347825	YVNDGSTD:0.22608695652173913	HRFLPALV:0.33043478260869563	SGVRAARG:0.22608695652173913	EIIYVNDG:0.20869565217391303	IRRKKPTP:0.2	SIVVPVRN:0.28695652173913044	FDRLWIGI:0.25217391304347825	PAFLPDLI:0.2	GLHRFLPA:0.3217391304347826	DTGCGLKA:0.5130434782608696	VGLAAGQR:0.23478260869565218	VGRKDTGF:0.30434782608695654	RFLPALVR:0.33043478260869563	LPALVRRE:0.33043478260869563	LHRFLPAL:0.3565217391304348	RLWIGIMD:0.23478260869565218	IYVNDGST:0.22608695652173913	ATLDGDGQ:0.5652173913043478	RKDTGFKK:0.28695652173913044	GQRVGRKD:0.3652173913043478	QSAAVRSG:0.3565217391304348	GRKDTGFK:0.3739130434782609	VPVRNEAD:0.23478260869565218	PVRNEADN:0.23478260869565218	VVPVRNEA:0.33043478260869563	VWWLIRRK:0.3565217391304348	DGDGQNDP:0.30434782608695654	YEIIYVND:0.20869565217391303	QRVGRKDT:0.30434782608695654	TGCGLKAF:0.43478260869565216	IMDLAGVW:0.2	VATLDGDG:0.45217391304347826	WIGIMDLA:0.2	AAGQRVGR:0.25217391304347825	GVWWLIRR:0.6	YFDGLHRF:0.3217391304347826	GQSAAVRS:0.3565217391304348	GVSNYGFF:0.3130434782608696	RDTGCGLK:0.7565217391304347	SAAVRSGV:0.30434782608695654	GTRDTGCG:0.5391304347826087	AGVWWLIR:0.48695652173913045	DLAGVWWL:0.4956521739130435	YGFFDRLW:0.34782608695652173	ALVRREGY:0.21739130434782608	GIMDLAGV:0.2	FLPALVRR:0.33043478260869563	GLAAGQRV:0.25217391304347825	LAGVWWLI:0.4956521739130435	TRDTGCGL:0.7478260869565218	SGVSNYGF:0.2956521739130435	FDGLHRFL:0.3217391304347826	IVATLDGD:0.30434782608695654	GFFDRLWI:0.25217391304347825	PYFDGLHR:0.3217391304347826	DGTRDTGC:0.5391304347826087	FFDRLWIG:0.25217391304347825	LDGDGQND:0.2782608695652174	SNYGFFDR:0.34782608695652173	SGGQSAAV:0.20869565217391303	CGLKAFRR:0.45217391304347826	ILKDGTRD:0.2956521739130435	LKDGTRDT:0.3565217391304348	QNNPAFLP:0.24347826086956523	NPAFLPDL:0.2	KDGTRDTG:0.3565217391304348	NNPAFLPD:0.2	GDGQNNPA:0.30434782608695654	DGQNNPAF:0.2956521739130435	LDGDGQNN:0.3217391304347826	AIVATLDG:0.2	DGDGQNNP:0.3217391304347826	GQNNPAFL:0.24347826086956523	GCGLKAFR:0.45217391304347826	LDGDGQNP:0.2608695652173913	GLVAGQRV:0.23478260869565218	RLWVGILD:0.21739130434782608	LDLAGVWW:0.21739130434782608	DRLWVGIL:0.21739130434782608	LWVGILDL:0.21739130434782608	VAGQRVGR:0.22608695652173913	DGDGQNPP:0.25217391304347825	GLKAFRRD:0.30434782608695654	LVAGQRVG:0.21739130434782608	SRIANGVR:0.21739130434782608	YFDALHRF:0.24347826086956523	DDGSTDAT:0.25217391304347825	LPYFDALH:0.24347826086956523	QSRIANGV:0.21739130434782608	DALHRFMP:0.21739130434782608	YVDDGSTD:0.2782608695652174	HRFMPALV:0.21739130434782608	PYFDALHR:0.24347826086956523	ALHRFMPA:0.21739130434782608	LHRFMPAL:0.22608695652173913	FDALHRFM:0.21739130434782608	VDDGSTDA:0.24347826086956523	VWWLIRRR:0.22608695652173913	WWLIRRRR:0.2	
