cluster number:1956
GT2:7	GT2:7
LEGDDYWS:0.2857142857142857	LSVLLVTY:0.42857142857142855	VLLVTYNH:0.42857142857142855	NLGITRNY:0.2857142857142857	EEPMSVYR:0.42857142857142855	YVAVLEGD:0.2857142857142857	SYDWIVNI:0.42857142857142855	ADNLVGNF:0.42857142857142855	LLVTYNHE:0.42857142857142855	TRNYQRGF:0.2857142857142857	VAVLEGDD:0.2857142857142857	YDWIVNIC:0.42857142857142855	TARELIAD:0.2857142857142857	VLEGDDYW:0.8571428571428571	LIGFLEEP:0.2857142857142857	ITRNYQRG:0.2857142857142857	IADNLVGN:0.42857142857142855	NLVGNFST:0.42857142857142855	FLEEPMSV:0.42857142857142855	IGFLEEPM:0.42857142857142855	NFSTCLYR:0.2857142857142857	GITRNYQR:0.2857142857142857	PMSVYRVH:0.2857142857142857	GNFSTCLY:0.2857142857142857	GFLEEPMS:0.42857142857142855	LVGNFSTC:0.42857142857142855	VGNFSTCL:0.2857142857142857	SVLLVTYN:0.42857142857142855	ARELIADN:0.2857142857142857	DNLVGNFS:0.42857142857142855	LIADNLVG:0.42857142857142855	LEEPMSVY:0.42857142857142855	MSVYRVHS:0.2857142857142857	LGITRNYQ:0.2857142857142857	AVLEGDDY:0.8571428571428571	IRSYDWIV:0.2857142857142857	RDLIADNL:0.2857142857142857	ASRLRHVI:0.2857142857142857	IAVLEGDD:0.5714285714285714	ARDLIADN:0.42857142857142855	IELVIADD:0.2857142857142857	LVTYNHEK:0.2857142857142857	EPMSVYRL:0.42857142857142855	NLGITKNY:0.42857142857142855	GEYIAVLE:0.5714285714285714	EYIAVLEG:0.5714285714285714	KIELVIAD:0.2857142857142857	DLIADNLV:0.2857142857142857	LASRLRHV:0.2857142857142857	YIAVLEGD:0.5714285714285714	PMSVYRLH:0.42857142857142855	RSYDWIVN:0.2857142857142857	STDSTLSI:0.2857142857142857	GNFSTCMY:0.5714285714285714	SARDLIAD:0.2857142857142857	NFSTCMYR:0.5714285714285714	TDSTLSII:0.2857142857142857	ACSGEYIA:0.2857142857142857	VYDWMFNM:0.2857142857142857	IGNFSTCM:0.42857142857142855	STCMYRKS:0.2857142857142857	FSTCMYRK:0.2857142857142857	LGITKNYK:0.2857142857142857	ADNIIGNF:0.2857142857142857	LIADNIIG:0.2857142857142857	DNIIGNFS:0.2857142857142857	NIIGNFST:0.2857142857142857	IIGNFSTC:0.2857142857142857	IADNIIGN:0.2857142857142857	
