cluster number:1633
GT2:41	GT2:41
IETEISVE:0.3902439024390244	TGFEIETE:0.4634146341463415	ILSGYRAF:0.6585365853658537	VPITYLPR:0.24390243902439024	PITYLPRS:0.2926829268292683	SGYRAFTL:0.4878048780487805	EAEGAKVV:0.21951219512195122	GFSNILVI:0.2682926829268293	GFEIETEI:0.4634146341463415	LKKQRVEE:0.2926829268292683	IAEAEGAK:0.21951219512195122	ADHVIGNR:0.4878048780487805	LKDILSGY:0.21951219512195122	KLNPVKDG:0.34146341463414637	ATKLNPVK:0.24390243902439024	LIPTLNEA:0.4146341463414634	LNEAATIG:0.34146341463414637	GDGTYLAR:0.21951219512195122	GATKLNPV:0.24390243902439024	MFYFGIIG:0.4146341463414634	NKTGFEIE:0.4146341463414634	PTLNEAAT:0.34146341463414637	GAFTRLNL:0.2926829268292683	IMVDGDGT:0.24390243902439024	STIYRLAK:0.3902439024390244	GQAMIQAF:0.3170731707317073	TLNEAATI:0.34146341463414637	ELNKTGFE:0.4146341463414634	LNKTGFEI:0.4146341463414634	SNILVIDG:0.2682926829268293	PMFYFGII:0.4146341463414634	ELELNKTG:0.36585365853658536	ILVIDGNS:0.3170731707317073	IPTLNEAA:0.34146341463414637	AEAEGAKV:0.21951219512195122	NILVIDGN:0.2926829268292683	DHVIGNRL:0.4878048780487805	FSNILVID:0.2682926829268293	EVPITYLP:0.24390243902439024	GYRAFTLE:0.36585365853658536	DGTYLARE:0.21951219512195122	IGSTIYRL:0.3170731707317073	EGFSNILV:0.24390243902439024	LSGYRAFT:0.6341463414634146	VDGDGTYL:0.36585365853658536	HVIGNRLE:0.3170731707317073	ETEISVEC:0.36585365853658536	NPMFYFGI:0.6097560975609756	VEEVPITY:0.21951219512195122	TGKGKGQA:0.3170731707317073	GSTIYRLA:0.3170731707317073	HNPMFYFG:0.5853658536585366	YRAFTLES:0.36585365853658536	LELNKTGF:0.3902439024390244	CILIPTLN:0.7317073170731707	KTGFEIET:0.3902439024390244	DGDGTYLA:0.5609756097560976	DILSGYRA:0.6585365853658537	EEVPITYL:0.21951219512195122	VCILIPTL:0.6829268292682927	ILIPTLNE:0.7317073170731707	GKGQAMIQ:0.3170731707317073	TKLNPVKD:0.34146341463414637	QTGKGKGQ:0.3170731707317073	FEIETEIS:0.43902439024390244	KDILSGYR:0.21951219512195122	DVCILIPT:0.5365853658536586	QIAEAEGA:0.2682926829268293	EIETEISV:0.3902439024390244	GTYLAREA:0.21951219512195122	MVDGDGTY:0.3902439024390244	KGQAMIQA:0.3170731707317073	MIDGDGTY:0.21951219512195122	GKGKGQAV:0.2682926829268293	QMFIFGML:0.34146341463414637	FGMLSDLI:0.2682926829268293	IDGDGTYL:0.2926829268292683	GMLSDLIV:0.2682926829268293	FIFGMLSD:0.34146341463414637	MFIFGMLS:0.34146341463414637	IFGMLSDL:0.34146341463414637	GNRLEKYS:0.21951219512195122	ADVCILIP:0.3170731707317073	VIGNRLEK:0.21951219512195122	FGLQMFIF:0.3170731707317073	IGNRLEKY:0.21951219512195122	IFGLQMFI:0.3170731707317073	GLQMFIFG:0.3170731707317073	IIFGLQMF:0.3170731707317073	FYFGIIGF:0.21951219512195122	TIYRLAKV:0.2682926829268293	LIVTLHRQ:0.21951219512195122	IRELELNK:0.21951219512195122	YRLAKVHN:0.2682926829268293	KVHNPMFY:0.2926829268292683	AKVHNPMF:0.2926829268292683	SDLIVTLH:0.21951219512195122	SIRELELN:0.21951219512195122	RLAKVHNP:0.2682926829268293	RELELNKT:0.24390243902439024	DLIVTLHR:0.21951219512195122	IVTLHRQT:0.21951219512195122	VHNPMFYF:0.2926829268292683	LRDILSGY:0.24390243902439024	RDILSGYR:0.24390243902439024	VTLHRQTV:0.21951219512195122	LAKVHNPM:0.2926829268292683	IYRLAKVH:0.2682926829268293	LEGRADHV:0.21951219512195122	VIDGNSRD:0.21951219512195122	GRADHVIG:0.34146341463414637	RADHVIGN:0.34146341463414637	DGDGTYLP:0.21951219512195122	
