cluster number:1941
GT2:13	GT2:13
TTNGFRAY:0.6923076923076923	DGGSTDGS:0.8461538461538461	FIPGGKAI:0.23076923076923078	TDTTNGFR:0.8461538461538461	GGKAINTP:0.23076923076923078	GPGKLSAQ:0.38461538461538464	GSRFIPGG:0.38461538461538464	ELHYYLAI:0.23076923076923078	IADGGSTD:0.46153846153846156	DTTNGFRA:0.6923076923076923	LTKTGPGK:0.23076923076923078	IPGGKAIN:0.23076923076923078	PGGKAINT:0.23076923076923078	KISPIKGN:0.23076923076923078	KTGPGKLS:0.23076923076923078	SRFIPGGK:0.38461538461538464	TNGFRAYS:0.6923076923076923	GKTPTKIS:0.3076923076923077	RFIPGGKA:0.23076923076923078	HIQGSRFI:0.23076923076923078	IQGSRFIP:0.23076923076923078	FVINEGDK:0.3076923076923077	PTKISPIK:0.23076923076923078	ADGGSTDG:0.6153846153846154	TKISPIKG:0.23076923076923078	QGSRFIPG:0.38461538461538464	ISPIKGNL:0.23076923076923078	KTPTKISP:0.23076923076923078	TPTKISPI:0.23076923076923078	DHIQGSRF:0.23076923076923078	GSTDGSLE:0.23076923076923078	YELHYYLA:0.23076923076923078	TGPGKLSA:0.23076923076923078	TKTGPGKL:0.23076923076923078	GGSTDGSL:0.46153846153846156	VIDGNNKD:0.23076923076923078	GFKYTDTT:0.38461538461538464	IFVINEGD:0.23076923076923078	GGSTDGST:0.38461538461538464	YTDTTNGF:0.5384615384615384	GKLGSQMR:0.3076923076923077	KYTDTTNG:0.3076923076923077	FKYTDTTN:0.3076923076923077	SGFKYTDT:0.38461538461538464	IDGNNKDS:0.38461538461538464	VINEGDKL:0.23076923076923078	GVNTLLVK:0.23076923076923078	DGNNKDSV:0.23076923076923078	LGVNTLLV:0.23076923076923078	TIDGNNKD:0.23076923076923078	VIADGGST:0.23076923076923078	NGFRAYSA:0.3076923076923077	IVTIDGNG:0.23076923076923078	VTIDGNGK:0.23076923076923078	GIVTIDGN:0.3076923076923077	GYDGIVTI:0.23076923076923078	HAPLLSLA:0.23076923076923078	PGKLSAQL:0.3076923076923077	HALVIPVI:0.23076923076923078	SAQLRMAY:0.3076923076923077	DYVQGSRY:0.3076923076923077	LVIPVINE:0.3076923076923077	LSAQLRMA:0.3076923076923077	ALVIPVIN:0.23076923076923078	TIDGNGKD:0.23076923076923078	YDGIVTID:0.23076923076923078	GKLSAQLR:0.3076923076923077	KLSAQLRM:0.3076923076923077	AQLRMAYA:0.3076923076923077	QLRMAYAW:0.23076923076923078	DGNGKDGV:0.23076923076923078	DGIVTIDG:0.23076923076923078	VIPVINEG:0.3076923076923077	PVINEGER:0.23076923076923078	TVDGNGKD:0.23076923076923078	
