cluster number:860
GT2:18	GT2:18
PTYNRKEK:0.3333333333333333	TDGTEEMI:0.2222222222222222	VIVVDDAS:0.2222222222222222	FHRDLDPL:0.2777777777777778	EGKVIEVD:0.2222222222222222	QYKIKKLG:0.3333333333333333	KSKIVFHR:0.2777777777777778	EVDIFANS:0.2222222222222222	APVTCYYS:0.3333333333333333	LEGKVIEV:0.2222222222222222	KEKLRRLL:0.2777777777777778	IVVDDAST:0.8888888888888888	SVAIPTYN:0.3888888888888889	NRKEKLRR:0.2777777777777778	RYNEMRLY:0.3888888888888889	FEVIVVDD:0.2222222222222222	VKVSVAIP:0.3333333333333333	MFRKEAIK:0.2222222222222222	RKEKLRRL:0.2777777777777778	EDGYLQYK:0.3333333333333333	ANSYMFRK:0.3333333333333333	PDKVMYAG:0.2777777777777778	SKFMRRTI:0.2222222222222222	YNRKEKLR:0.2777777777777778	RRTISLYS:0.3333333333333333	ESTFKDFE:0.3333333333333333	IPTYNRKE:0.3333333333333333	IFFIDDDN:0.3333333333333333	YNEMRLYY:0.3888888888888889	DASTDGTE:0.4444444444444444	FIDDDNVV:0.2777777777777778	IKKAGLIP:0.2222222222222222	LVAKSRND:0.4444444444444444	FANSYMFR:0.3333333333333333	VDDASTDG:0.8333333333333334	RKEAIKKA:0.2222222222222222	FFIDDDNV:0.3333333333333333	TLVAKSRN:0.3888888888888889	TYNRKEKL:0.3333333333333333	AKSRNDAI:0.4444444444444444	RRYNEMRL:0.2777777777777778	SKIVFHRD:0.2777777777777778	SLKESTFK:0.3333333333333333	FMRRTISL:0.2222222222222222	EVIVVDDA:0.2222222222222222	HEKPTLVA:0.2777777777777778	GSARVYHD:0.3333333333333333	LKESTFKD:0.3333333333333333	VAKSRNDA:0.4444444444444444	KSRNDAIE:0.4444444444444444	KKAGLIPW:0.2222222222222222	NGEDGYLQ:0.3888888888888889	STFKDFEV:0.2222222222222222	IVFHRDLD:0.2777777777777778	EMRLYYAI:0.2222222222222222	EAIKKAGL:0.2222222222222222	GYLQYKIK:0.3333333333333333	RIPWNGED:0.4444444444444444	MRRTISLY:0.3333333333333333	AIPTYNRK:0.4444444444444444	YKIKKLGY:0.3333333333333333	MVKVSVAI:0.3333333333333333	KVSVAIPT:0.3888888888888889	KEAIKKAG:0.2222222222222222	IFANSYMF:0.2222222222222222	IDDDNVVE:0.2777777777777778	LGSARVYH:0.3333333333333333	YIFFIDDD:0.2222222222222222	IEVDIFAN:0.2222222222222222	KIVFHRDL:0.2777777777777778	DDASTDGT:0.8333333333333334	TLGSARVY:0.3333333333333333	PTLVAKSR:0.3888888888888889	NEMRLYYA:0.3888888888888889	ASTDGTEE:0.2222222222222222	SYMFRKEA:0.3333333333333333	EKPTLVAK:0.2777777777777778	TFKDFEVI:0.2222222222222222	KESTFKDF:0.3333333333333333	DFEVIVVD:0.2777777777777778	GEDGYLQY:0.3888888888888889	FKDFEVIV:0.2777777777777778	AIKKAGLI:0.2222222222222222	DGYLQYKI:0.3333333333333333	ARVYHDVD:0.2777777777777778	YLQYKIKK:0.3333333333333333	RTISLYSG:0.3333333333333333	PWNGEDGY:0.4444444444444444	FRKEAIKK:0.2222222222222222	KDFEVIVV:0.2777777777777778	VDIFANSY:0.2222222222222222	IPWNGEDG:0.4444444444444444	WNGEDGYL:0.4444444444444444	VSVAIPTY:0.3888888888888889	VVDDASTD:0.8888888888888888	NSYMFRKE:0.3333333333333333	DGTEEMIK:0.2222222222222222	VFHRDLDP:0.2777777777777778	LQYKIKKL:0.3333333333333333	DIFANSYM:0.2777777777777778	STDGTEEM:0.2222222222222222	IKKLGYKN:0.3333333333333333	KPTLVAKS:0.3888888888888889	SARVYHDV:0.2777777777777778	DDDNVVER:0.2222222222222222	YMFRKEAI:0.3333333333333333	KIKKLGYK:0.3333333333333333	VAIPTYNR:0.4444444444444444	YVKYIKHE:0.2222222222222222	VTLGSARV:0.2777777777777778	GLIPWKRI:0.2777777777777778	LIPWKRIP:0.2777777777777778	KHEKPTLV:0.2222222222222222	GYKNVTLG:0.2777777777777778	PWKRIPWN:0.2777777777777778	YKNVTLGS:0.2777777777777778	KRIPWNGE:0.2777777777777778	WKRIPWNG:0.2777777777777778	LGYKNVTL:0.2777777777777778	VKYIKHEK:0.2222222222222222	YIKHEKPT:0.2222222222222222	IPWKRIPW:0.2777777777777778	KLGYKNVT:0.2777777777777778	IKHEKPTL:0.2222222222222222	AGLIPWKR:0.2222222222222222	KAGLIPWK:0.2222222222222222	KKLGYKNV:0.2777777777777778	NVTLGSAR:0.2777777777777778	KNVTLGSA:0.2777777777777778	KYIKHEKP:0.2222222222222222	EIIVVDDA:0.6111111111111112	IIVVDDAS:0.6666666666666666	FEIIVVDD:0.2222222222222222	
