cluster number:2417
GT2:13	GT2:13|GT4:1
YLAEAIES:0.3076923076923077	NRDRYLAE:0.3076923076923077	ESDPNLEA:0.23076923076923078	TYPAIELI:0.23076923076923078	YAQQFYSP:0.3076923076923077	ETFRQRIR:0.23076923076923078	QTYPAIEL:0.3076923076923077	PELDETFR:0.23076923076923078	FYSPELDE:0.23076923076923078	QQFYSPEL:0.23076923076923078	YNRDRYLA:0.3076923076923077	VIIPVYNR:0.38461538461538464	PVYNRDRY:0.3076923076923077	ANQSSSIQ:0.23076923076923078	FGYAQQFY:0.3076923076923077	DRYLAEAI:0.3076923076923077	SWYISAIE:0.23076923076923078	RQRANQSS:0.23076923076923078	RYLAEAIE:0.23076923076923078	QFYSPELD:0.23076923076923078	TGEFLAFL:0.23076923076923078	AQQFYSPE:0.23076923076923078	IELIVVDD:0.23076923076923078	GEFLAFLD:0.3076923076923077	PNLEAVFG:0.3076923076923077	PLISVIIP:0.3076923076923077	SDPNLEAV:0.3076923076923077	LAFLDSDD:0.46153846153846156	RDRYLAEA:0.3076923076923077	LDETFRQR:0.23076923076923078	EAVFGYAQ:0.3076923076923077	GYAQQFYS:0.3076923076923077	PAIELIVV:0.23076923076923078	LEAVFGYA:0.3076923076923077	RQRIRCPE:0.23076923076923078	VDDGSSDR:0.38461538461538464	SVIIPVYN:0.46153846153846156	VVDDGSSD:0.38461538461538464	IIPVYNRD:0.3076923076923077	FLDSDDIW:0.5384615384615384	ELDETFRQ:0.23076923076923078	IVVDDGSS:0.3076923076923077	QRIRCPEQ:0.23076923076923078	YPAIELIV:0.23076923076923078	AFLDSDDI:0.5384615384615384	DPNLEAVF:0.3076923076923077	RIRCPEQP:0.23076923076923078	TFRQRIRC:0.23076923076923078	AQTYPAIE:0.3076923076923077	AIELIVVD:0.23076923076923078	LAQTYPAI:0.3076923076923077	LPLISVII:0.23076923076923078	NLEAVFGY:0.3076923076923077	ELIVVDDG:0.38461538461538464	VYNRDRYL:0.3076923076923077	YSPELDET:0.23076923076923078	LDSDDIWV:0.3076923076923077	ATGEFLAF:0.23076923076923078	LISVIIPV:0.3076923076923077	AVFGYAQQ:0.3076923076923077	ISSAMLIK:0.23076923076923078	SSAMLIKR:0.23076923076923078	FESDPNLE:0.23076923076923078	LIVVDDGS:0.46153846153846156	LATGEFLA:0.23076923076923078	QRANQSSS:0.23076923076923078	SPELDETF:0.23076923076923078	ISVIIPVY:0.3076923076923077	DETFRQRI:0.23076923076923078	IPVYNRDR:0.3076923076923077	FRQRIRCP:0.23076923076923078	EFLAFLDS:0.3076923076923077	FLAFLDSD:0.3076923076923077	RANQSSSI:0.23076923076923078	VFGYAQQF:0.3076923076923077	AIESVLAQ:0.23076923076923078	SVLAQTYP:0.3076923076923077	LAEAIESV:0.23076923076923078	VLAQTYPA:0.23076923076923078	DDGSSDRS:0.23076923076923078	IESVLAQT:0.23076923076923078	EAIESVLA:0.23076923076923078	GSSDRSAE:0.23076923076923078	ESVLAQTY:0.23076923076923078	DGSSDRSA:0.23076923076923078	AEAIESVL:0.23076923076923078	IDSVLAQT:0.23076923076923078	LVSVIIPV:0.23076923076923078	EAIDSVLA:0.23076923076923078	PLVSVIIP:0.23076923076923078	AIDSVLAQ:0.23076923076923078	
