cluster number:773
GT2:12	GT2:12
FLIVILQA:0.3333333333333333	AHRAKRHE:0.3333333333333333	LTGKVITF:0.5833333333333334	LIVDDCSS:0.25	VLSYRTQP:0.25	WNNYPGGV:0.4166666666666667	PLFNDWQA:0.3333333333333333	MDTTAVRL:0.25	VFGIGVVV:0.25	SAVSVLMD:0.3333333333333333	GRRLAGES:0.3333333333333333	LIVILQAF:0.3333333333333333	LQAFLISL:0.4166666666666667	DTAVPGWA:0.25	PLERGRRL:0.3333333333333333	YVSEIWNN:0.25	GEDRPEDI:0.25	QAFLISLL:0.4166666666666667	SVLMDTTA:0.3333333333333333	VILQAFLI:0.4166666666666667	FSFLIVIL:0.25	SEIWNNYP:0.6666666666666666	MNFVSLVL:0.6666666666666666	SLPDQYPT:0.25	FAHRAKRH:0.3333333333333333	FGNFSLIP:0.25	YLVFSFLI:0.25	VGHQKAIA:0.5	DFVEKVEK:0.25	QFIPARQF:0.3333333333333333	LFNDWQAL:0.25	ILQAFLIS:0.4166666666666667	IVMDSDGE:0.25	LSAVSVLM:0.3333333333333333	VVFAHRAK:0.25	PQFIPARQ:0.3333333333333333	FRNVGHQK:0.25	GESKMNFV:0.5833333333333334	FVEKVEKV:0.25	ERGRRLAG:0.3333333333333333	SFLIVILQ:0.3333333333333333	SLVLHGLS:0.5833333333333334	VSEIWNNY:0.5833333333333334	WQALGLLL:0.25	SVFGIGVV:0.25	RLFYEVYK:0.3333333333333333	LISLLLVF:0.3333333333333333	RNVGHQKA:0.5	AYVSEIWN:0.25	ESKMNFVS:0.5833333333333334	QKAIALGL:0.3333333333333333	HQKAIALG:0.4166666666666667	IPLFNDWQ:0.3333333333333333	LRLFRNVG:0.25	GKVITFGN:0.5833333333333334	RLFRNVGH:0.25	FLIVDDCS:0.3333333333333333	LLTGKVIT:0.3333333333333333	YPGGVIRS:0.5	QPQFIPAR:0.3333333333333333	RGRRLAGE:0.3333333333333333	AVSVLMDT:0.3333333333333333	LVFSFLIV:0.25	MDSDGEDR:0.3333333333333333	ITFGNFSL:0.5833333333333334	YTAVPLER:0.25	LFRNVGHQ:0.25	TAVPLERG:0.25	RRLAGESK:0.4166666666666667	TIVMDSDG:0.25	IWNNYPGG:0.6666666666666666	LAGESKMN:0.6666666666666666	VMDSDGED:0.3333333333333333	LPDQYPTI:0.25	NVGHQKAI:0.5	KAIALGLS:0.25	VLMDTTAV:0.3333333333333333	VIPLFNDW:0.3333333333333333	TGKVITFG:0.5833333333333334	AVPLERGR:0.25	RLAGESKM:0.6666666666666666	VITFGNFS:0.6666666666666666	VFAHRAKR:0.3333333333333333	FNDWQALG:0.25	DWQALGLL:0.25	HGLSAVSV:0.5	DGEDRPED:0.3333333333333333	IVILQAFL:0.4166666666666667	VFSFLIVI:0.25	VEKVEKVY:0.25	SKMNFVSL:0.6666666666666666	FRLFYEVY:0.3333333333333333	DQYPTIVM:0.25	TDTAVPGW:0.25	KMNFVSLV:0.6666666666666666	YRTQPQFI:0.3333333333333333	RTQPQFIP:0.3333333333333333	QALGLLLE:0.25	GLSAVSVL:0.4166666666666667	FVSLVLHG:0.6666666666666666	EDRPEDIP:0.25	LSYRTQPQ:0.3333333333333333	TFGNFSLI:0.25	TQPQFIPA:0.3333333333333333	LGLLLERI:0.25	LHGLSAVS:0.4166666666666667	LPYTAVPL:0.25	KVITFGNF:0.6666666666666666	KLAYVSEI:0.25	NNYPGGVI:0.4166666666666667	EIWNNYPG:0.6666666666666666	RKLAYVSE:0.25	QYPTIVMD:0.3333333333333333	GHQKAIAL:0.4166666666666667	HRAKRHES:0.3333333333333333	PTIVMDSD:0.25	VSLVLHGL:0.5833333333333334	VSVLMDTT:0.3333333333333333	PDQYPTIV:0.25	VLHGLSAV:0.4166666666666667	SYRTQPQF:0.3333333333333333	DSDGEDRP:0.3333333333333333	AGESKMNF:0.6666666666666666	NYPGGVIR:0.4166666666666667	NFVSLVLH:0.6666666666666666	SDGEDRPE:0.3333333333333333	NDWQALGL:0.25	VPLERGRR:0.25	LMDTTAVR:0.3333333333333333	LERGRRLA:0.3333333333333333	YPTIVMDS:0.25	FLISLLLV:0.3333333333333333	AFLISLLL:0.4166666666666667	ALGLLLER:0.25	GLLLERIR:0.25	PYTAVPLE:0.25	LAYVSEIW:0.25	LVLHGLSA:0.5	FGNFSLVP:0.4166666666666667	SLFLVFMV:0.25	TFGNFSLV:0.3333333333333333	VMDADGED:0.4166666666666667	WNNYPGGI:0.25	IVMDADGE:0.25	LFLVFMVL:0.25	ISLFLVFM:0.25	NNYPGGII:0.25	LYRNLGHQ:0.25	GGVIRSRL:0.3333333333333333	IRSRLPYT:0.3333333333333333	PGGVIRSR:0.3333333333333333	VIRSRLPY:0.25	RSRLPYTA:0.3333333333333333	GVIRSRLP:0.25	QSLSILRL:0.25	VGQSLSIL:0.25	GQSLSILR:0.25	
