cluster number:1192
GT2:11	GT2:11
VSIICTSY:0.2727272727272727	ARCDADDY:0.2727272727272727	RGKYIARC:0.2727272727272727	DPKKLQKQ:0.2727272727272727	DDYWIDPK:0.2727272727272727	ILVDDCST:0.36363636363636365	DDCSTDNS:0.6363636363636364	DADDYWID:0.2727272727272727	IICTSYNY:0.2727272727272727	IILVDDCS:0.2727272727272727	IARCDADD:0.2727272727272727	YWIDPKKL:0.2727272727272727	MVSIICTS:0.2727272727272727	GKYIARCD:0.2727272727272727	DYWIDPKK:0.2727272727272727	QKQVDLLE:0.2727272727272727	YIARCDAD:0.2727272727272727	DCSTDNSR:0.36363636363636365	KYIARCDA:0.2727272727272727	SIICTSYN:0.2727272727272727	LVDDCSTD:0.36363636363636365	LMVSIICT:0.2727272727272727	LATKGMTL:0.2727272727272727	LQKQVDLL:0.2727272727272727	WIDPKKLQ:0.2727272727272727	EIILVDDC:0.2727272727272727	KLQKQVDL:0.2727272727272727	PKKLQKQV:0.2727272727272727	RCDADDYW:0.2727272727272727	CDADDYWI:0.2727272727272727	IDPKKLQK:0.2727272727272727	VDDCSTDN:0.7272727272727273	IIVVDDCS:0.45454545454545453	IVVDDCST:0.45454545454545453	VVDDCSTD:0.45454545454545453	EIIVVDDC:0.45454545454545453	
