cluster number:1539
GT2:14	GT2:14
DEIIVVDN:0.5714285714285714	WLGNPPIF:0.21428571428571427	IFGSNFAM:0.21428571428571427	DIIARLDA:0.35714285714285715	RPFSTWRG:0.21428571428571427	GRGVFYDG:0.21428571428571427	NGSSDGTA:0.21428571428571427	VGVLTGRG:0.21428571428571427	VLTGRGVF:0.21428571428571427	RLDADSRP:0.42857142857142855	RPADEIIV:0.42857142857142855	LRPADEII:0.2857142857142857	ARPFSTWR:0.21428571428571427	TVGISARP:0.2857142857142857	SRPPADWL:0.2857142857142857	TGDIIARL:0.21428571428571427	ARAAGARV:0.2857142857142857	ADSRPPAD:0.2857142857142857	RGIWPAAS:0.21428571428571427	IVVDNGSS:0.35714285714285715	PIFGSNFA:0.21428571428571427	DAATGDII:0.21428571428571427	DSRPPADW:0.2857142857142857	AAQLRPAD:0.35714285714285715	VVDNGSSD:0.35714285714285715	VVIPALDD:0.21428571428571427	RLTVGISA:0.2857142857142857	YDAATGDI:0.21428571428571427	VDNGSSDG:0.2857142857142857	EIIVVDNG:0.42857142857142855	DADSRPPA:0.2857142857142857	LTGRGVFY:0.21428571428571427	IPALDDAE:0.21428571428571427	NFAMRREV:0.2857142857142857	IIARLDAD:0.35714285714285715	GVLTGRGV:0.21428571428571427	PPADWLLH:0.21428571428571427	VLYIGGYF:0.21428571428571427	PPIFGSNF:0.21428571428571427	PADEIIVV:0.5	FGSNFAMR:0.2857142857142857	ALDDAEML:0.21428571428571427	VGISARPF:0.35714285714285715	GNPPIFGS:0.21428571428571427	TGRGVFYD:0.21428571428571427	DNGSSDGT:0.2857142857142857	NPPIFGSN:0.21428571428571427	SARPFSTW:0.2857142857142857	GYDAATGD:0.21428571428571427	SSDGTADV:0.21428571428571427	GSSDGTAD:0.21428571428571427	AATGDIIA:0.21428571428571427	GISARPFS:0.2857142857142857	GQVLYIGG:0.21428571428571427	PADWLLHI:0.21428571428571427	SNFAMRRE:0.2857142857142857	LDADSRPP:0.2857142857142857	LYIGGYFW:0.21428571428571427	HDDLDLAF:0.21428571428571427	VIPALDDA:0.21428571428571427	AQLRPADE:0.35714285714285715	PEVGVLTG:0.21428571428571427	IARLDADS:0.5714285714285714	DWLLHIEA:0.21428571428571427	RPPADWLL:0.21428571428571427	RGVFYDGN:0.21428571428571427	DIHDDLDL:0.21428571428571427	IGGYFWSM:0.21428571428571427	SDGTADVA:0.21428571428571427	FAMRREVW:0.2857142857142857	ADEIIVVD:0.5714285714285714	LAAQLRPA:0.2857142857142857	YIGGYFWS:0.21428571428571427	GDIIARLD:0.2857142857142857	ARLDADSR:0.42857142857142855	VARAAGAR:0.21428571428571427	HIEAELVD:0.21428571428571427	GSNFAMRR:0.2857142857142857	ISARPFST:0.2857142857142857	PALDDAEM:0.21428571428571427	DGTADVAR:0.21428571428571427	LGNPPIFG:0.21428571428571427	EVGVLTGR:0.21428571428571427	ADWLLHIE:0.21428571428571427	ATGDIIAR:0.21428571428571427	LTVGISAR:0.2857142857142857	IIVVDNGS:0.42857142857142855	QLRPADEI:0.35714285714285715	QVLYIGGY:0.21428571428571427	RAAGARVI:0.21428571428571427	ARLDADSV:0.21428571428571427	RLDADSVP:0.21428571428571427	
