cluster number:897
GT2:31	GT2:31
YKNWELII:0.3870967741935484	AFLDSDDL:0.5483870967741935	SNVIGCLT:0.3225806451612903	KRYMPLIR:0.3548387096774194	AVKGTMKH:0.22580645161290322	TPKAYCLP:0.22580645161290322	YAVKGTMK:0.22580645161290322	GKRYMPLI:0.3548387096774194	KGRFIAFL:0.25806451612903225	GASRNFAI:0.22580645161290322	GRFIAFLD:0.4838709677419355	RQDMGLWL:0.45161290322580644	AGASRNFA:0.22580645161290322	KDTPKAYC:0.22580645161290322	CLTAVYDT:0.25806451612903225	FLDSDDLW:0.5483870967741935	LIRKRQDM:0.3870967741935484	YMPLIRKR:0.3870967741935484	VKGTMKHR:0.22580645161290322	FYRDVVGL:0.25806451612903225	VIGCLTAV:0.3870967741935484	IRKRQDMG:0.41935483870967744	RFIAFLDS:0.45161290322580644	YPLTYTHY:0.22580645161290322	TYKNWELI:0.3870967741935484	NWELIIVD:0.3548387096774194	DTPKAYCL:0.22580645161290322	QTYKNWEL:0.41935483870967744	LGKRYMPL:0.3548387096774194	ELIIVDDR:0.25806451612903225	PLIRKRQD:0.41935483870967744	GAGASRNF:0.22580645161290322	MPLIRKRQ:0.41935483870967744	IGCLTAVY:0.3870967741935484	GCLTAVYD:0.3870967741935484	NVIGCLTA:0.45161290322580644	LIIVDDRS:0.25806451612903225	YSNVIGCL:0.2903225806451613	RYMPLIRK:0.3548387096774194	KRQDMGLW:0.41935483870967744	VYAVKGTM:0.22580645161290322	FIAFLDSD:0.5161290322580645	KNWELIIV:0.3225806451612903	RKRQDMGL:0.41935483870967744	PKAYCLPK:0.22580645161290322	WELIIVDD:0.3870967741935484	IAFLDSDD:0.7419354838709677	LKDTPKAY:0.22580645161290322	AKGRFIAF:0.22580645161290322	ILKDTPKA:0.25806451612903225	LMYSNVIG:0.22580645161290322	DLWTEDKL:0.22580645161290322	YKKLMYSN:0.22580645161290322	FSVYAVKG:0.22580645161290322	YTTYKKLM:0.22580645161290322	DDLWTEDK:0.22580645161290322	TYKKLMYS:0.22580645161290322	KKLMYSNV:0.22580645161290322	SDDLWTED:0.22580645161290322	MYSNVIGC:0.22580645161290322	LTYTHYSR:0.22580645161290322	DSDDLWTE:0.25806451612903225	SVYAVKGT:0.22580645161290322	KLMYSNVI:0.22580645161290322	LDSDDLWT:0.25806451612903225	TTYKKLMY:0.22580645161290322	TFSVYAVK:0.22580645161290322	TYTHYSRF:0.22580645161290322	
