cluster number:2625
GT2:38	GT2:38
PSPCWMVH:0.23684210526315788	DYDLAFRF:0.4473684210526316	VLHLWRDY:0.21052631578947367	KECVIPSP:0.8157894736842105	YKECVIPS:0.8157894736842105	KKIGKHIY:0.3157894736842105	DLAFRFYK:0.2894736842105263	YPEDYDLA:0.47368421052631576	WGAGKKGK:0.3684210526315789	PEDYDLAF:0.47368421052631576	EIYKECVI:0.8157894736842105	EDYDLAFR:0.47368421052631576	RDYSTRTS:0.23684210526315788	GAGKKGKT:0.23684210526315788	CVIPSPCW:0.7368421052631579	ECVIPSPC:0.7368421052631579	IYKECVIP:0.7894736842105263	VIPSPCWM:0.7368421052631579	SEIYKECV:0.5526315789473685	YDLAFRFY:0.39473684210526316	YSTRTSRT:0.23684210526315788	IPSPCWMV:0.4473684210526316	DYSTRTSR:0.23684210526315788	WRDYSTRT:0.23684210526315788	CDNPKKIG:0.3684210526315789	NPKKIGKH:0.21052631578947367	YITRMDSD:0.3157894736842105	DNPKKIGK:0.3684210526315789	QSIITVAN:0.2631578947368421	WICDNPKK:0.2631578947368421	ITRMDSDD:0.631578947368421	ICDNPKKI:0.2631578947368421	PKKIGKHI:0.21052631578947367	RYPEDYDL:0.5789473684210527	EDYDLTFR:0.3684210526315789	SEHYAQNY:0.2894736842105263	YDLTFRFY:0.34210526315789475	PEDYDLTF:0.3684210526315789	PLVSILIP:0.23684210526315788	EHYAQNYF:0.3684210526315789	ILIPFKNT:0.2631578947368421	YAQNYFLD:0.2894736842105263	DYDLTFRF:0.34210526315789475	RTSEHYAQ:0.2631578947368421	RMDSDDIM:0.631578947368421	SILIPFKN:0.39473684210526316	NYFLDIKL:0.3157894736842105	AQNYFLDI:0.2894736842105263	QNYFLDIK:0.2894736842105263	LVSILIPF:0.3157894736842105	TSEHYAQN:0.2631578947368421	TSRTSEHY:0.2631578947368421	VSILIPFK:0.34210526315789475	TRMDSDDI:0.631578947368421	HYAQNYFL:0.3684210526315789	NYSEIYKE:0.4473684210526316	SRTSEHYA:0.2631578947368421	YPEDYDLT:0.3684210526315789	RTSRTSEH:0.2631578947368421	YSEIYKEC:0.4473684210526316	VWGAGKKG:0.23684210526315788	LITRMDSD:0.21052631578947367	DLTFRFYE:0.21052631578947367	FLDIKLHY:0.23684210526315788	PNRYPEDY:0.2631578947368421	KLHYFLKL:0.23684210526315788	DIKLHYFL:0.2631578947368421	YFLDIKLH:0.23684210526315788	IKLHYFLK:0.23684210526315788	NRYPEDYD:0.3157894736842105	LDIKLHYF:0.23684210526315788	AGKKGKTI:0.21052631578947367	GTNYSEIY:0.21052631578947367	TNYSEIYK:0.21052631578947367	GKKGKTIA:0.21052631578947367	
