cluster number:1420
GT2:36	GT2:36
YPDDSIPG:0.25	YFPSLGWR:0.2222222222222222	VVDDGYPD:0.3888888888888889	MGADDVML:0.5	TVMGADDV:0.2222222222222222	DGYPDDSI:0.25	DDGYPDDS:0.2777777777777778	GADDVMLP:0.5	ADDVMLPN:0.4722222222222222	VDDGYPDD:0.25	NLGANGNY:0.5	VMGADDVM:0.5	GYPDDSIP:0.25	DDVMLPNY:0.5	PDDSIPGW:0.25	DDSIPGWF:0.25	GNWTYFPS:0.25	VVVMGADD:0.3888888888888889	YRRHSASD:0.25	DSSVRALD:0.2222222222222222	DVVQDLAL:0.3611111111111111	MLPYYGDV:0.2777777777777778	SDSSVRAL:0.3333333333333333	SVRALDGR:0.2222222222222222	GANGNYRK:0.3888888888888889	NWTYFPSL:0.2222222222222222	RALDGRRF:0.2222222222222222	RHSASDSS:0.25	LGANGNYR:0.4444444444444444	LDVVQDLA:0.25	TNLGANGN:0.2222222222222222	VRALDGRR:0.2222222222222222	FLYRRHSA:0.2222222222222222	VVQDLALL:0.2777777777777778	LYRRHSAS:0.2222222222222222	SSVRALDG:0.2222222222222222	HSASDSSV:0.25	RRHSASDS:0.25	GTRFDEER:0.2222222222222222	LAVSLLRG:0.25	QPGVVVID:0.25	PGVVVIDE:0.2777777777777778	FQPGVVVI:0.25	IFQPGVVV:0.2222222222222222	DVMLPNYV:0.25	VVMGADDV:0.25	
