cluster number:41
GT2:77	GT2:77|GT4:2
ISEPDKGL:0.22077922077922077	VLSQTYPN:0.2077922077922078	NHKASLKE:0.2727272727272727	PDKGLYDA:0.5324675324675324	VDGASPDN:0.22077922077922077	ADFDWCIR:0.44155844155844154	YDAMNKGL:0.42857142857142855	KGLYDAMN:0.5714285714285714	DAMNKGLR:0.24675324675324675	LPDVLYGD:0.2077922077922078	LSQTYPNI:0.2077922077922078	PDVLYGDT:0.2077922077922078	FSADFDWC:0.42857142857142855	GMLVCHQA:0.7402597402597403	FSIITVCY:0.2077922077922078	SADFDWCI:0.4805194805194805	HKASLKER:0.2727272727272727	KASLKERF:0.35064935064935066	DFDWCIRI:0.37662337662337664	EPDKGLYD:0.5194805194805194	DKGLYDAM:0.5714285714285714	SEPDKGLY:0.5194805194805194	MLVCHQAF:0.7402597402597403	LYDAMNKG:0.7142857142857143	SVLSQTYP:0.2077922077922078	SQTYPNIE:0.2077922077922078	LVCHQAFI:0.22077922077922077	TYPNIEYI:0.2077922077922078	DGASPDNT:0.22077922077922077	QTYPNIEY:0.2077922077922078	VVDGASPD:0.2077922077922078	DGMLVCHQ:0.2727272727272727	GLYDAMNK:0.7922077922077922	KYRFSADF:0.23376623376623376	RFSADFDW:0.4025974025974026	YPNIEYIV:0.2077922077922078	GASPDNTA:0.2077922077922078	YRFSADFD:0.4025974025974026	KQGMLVCH:0.2987012987012987	VSEPDKGL:0.2077922077922078	YLCFLNAG:0.2987012987012987	SFKQGMLV:0.2987012987012987	DYLCFLNA:0.2987012987012987	QGMLVCHQ:0.36363636363636365	YDAMNKGI:0.2727272727272727	MRRLSAPE:0.2077922077922078	WKSFKQGM:0.24675324675324675	KSFKQGML:0.24675324675324675	FKQGMLVC:0.2987012987012987	LCFLNAGD:0.2987012987012987	LVCHQAFF:0.2857142857142857	GDYLCFLN:0.2987012987012987	DWCIRIMK:0.22077922077922077	SADVDWCI:0.24675324675324675	YRYSADVD:0.2077922077922078	VCHQAFYA:0.2077922077922078	LVCHQAFY:0.2077922077922078	
