cluster number:2458
GT2:24	GT2:24|GT4:1
VDDCSTDN:0.5416666666666666	ELIIVDDC:0.2916666666666667	IIVDDCST:0.4166666666666667	IVDDCSTD:0.4166666666666667	DDCSTDNT:0.4583333333333333	LIIVDDCS:0.2916666666666667	DCSTDNTV:0.2916666666666667	FYHLAPAG:0.25	NLLYRIIN:0.20833333333333334	YETVNGNL:0.2916666666666667	KPRNLSID:0.25	NKTDYATG:0.375	IDLSKGKY:0.20833333333333334	VVYCANRY:0.25	FFAEVFFN:0.2916666666666667	RKSFYHLA:0.2916666666666667	VSILISTY:0.2916666666666667	FIKEIDTL:0.20833333333333334	YHLAPAGR:0.25	KSFYHLAP:0.375	ILISTYNK:0.2916666666666667	KTDYATGL:0.375	QFFAEVFF:0.375	TDYATGLT:0.375	FRKSFYHL:0.25	ATGLTKYV:0.2916666666666667	PRNLSIDL:0.3333333333333333	STTQDVVY:0.20833333333333334	FYKKGFIK:0.20833333333333334	IRFPEMIF:0.2916666666666667	LLYRIINK:0.20833333333333334	KEIDTLLP:0.20833333333333334	RSGVALSK:0.25	ETVNGNLG:0.2916666666666667	IKEIDTLL:0.20833333333333334	SGTPAKPR:0.2916666666666667	AKPRNLSI:0.25	TPAKPRNL:0.2916666666666667	NLSIDLSK:0.20833333333333334	LYRIINKD:0.20833333333333334	GVALSKIA:0.25	LQFFAEVF:0.375	RNLSIDLS:0.3333333333333333	KVSILIST:0.2916666666666667	SIDLSKGK:0.20833333333333334	EDLQFFAE:0.375	NSGTPAKP:0.2916666666666667	YATGLTKY:0.2916666666666667	LSIDLSKG:0.20833333333333334	DLQFFAEV:0.375	GTPAKPRN:0.2916666666666667	SGVALSKI:0.25	TTQDVVYC:0.20833333333333334	SILISTYN:0.2916666666666667	SFYHLAPA:0.25	TGLTKYVY:0.20833333333333334	KFYKKGFI:0.20833333333333334	DYATGLTK:0.2916666666666667	PAKPRNLS:0.25	LIVVDDCS:0.375	IVVDDCST:0.4583333333333333	VVDDCSTD:0.4166666666666667	ELIVVDDC:0.375	IDGDDWLP:0.20833333333333334	DFELIVVD:0.20833333333333334	FIDGDDWL:0.20833333333333334	MFIDGDDW:0.20833333333333334	FELIVVDD:0.25	RFPEMIFA:0.20833333333333334	VSLVKSKE:0.20833333333333334	LVKSKEST:0.20833333333333334	FAEDLQFF:0.20833333333333334	PEMIFAED:0.20833333333333334	LISTYNKG:0.20833333333333334	AEDLQFFA:0.20833333333333334	NYKLVQLD:0.20833333333333334	EMIFAEDL:0.20833333333333334	MIFAEDLQ:0.20833333333333334	NVSLVKSK:0.20833333333333334	FPEMIFAE:0.20833333333333334	IFAEDLQF:0.20833333333333334	SLVKSKES:0.20833333333333334	
