cluster number:2021
GT2:11	GT2:11
EVDLSLRL:0.2727272727272727	ESSWLRVF:0.2727272727272727	FVGCGCAY:0.2727272727272727	IIIHIDGN:0.2727272727272727	AYRKEVFQ:0.2727272727272727	GCGCAYRK:0.2727272727272727	CGCAYRKE:0.2727272727272727	CAYRKEVF:0.2727272727272727	SWLRVFHN:0.2727272727272727	GMEEVDLS:0.36363636363636365	YGMEEVDL:0.45454545454545453	LLAYLRYP:0.5454545454545454	IIHIDGND:0.2727272727272727	VVIPTYNR:0.2727272727272727	EIIIHIDG:0.2727272727272727	EEVDLSLR:0.2727272727272727	SSWLRVFH:0.45454545454545453	DDDSYPID:0.2727272727272727	AYGMEEVD:0.45454545454545453	MEEVDLSL:0.36363636363636365	QVGPGGGR:0.36363636363636365	ITVVIPTY:0.2727272727272727	VGCGCAYR:0.2727272727272727	ITAASIAN:0.2727272727272727	GCAYRKEV:0.2727272727272727	WLRVFHNT:0.2727272727272727	TVVIPTYN:0.2727272727272727	VGPGGGRN:0.45454545454545453	ASFDDDSY:0.45454545454545453	FDDDSYPL:0.36363636363636365	SFDDDSYP:0.45454545454545453	IASFDDDS:0.2727272727272727	DDDSYPLD:0.36363636363636365	GPGGGRNK:0.36363636363636365	ALLAYLRY:0.2727272727272727	VASFDDDS:0.2727272727272727	IVASFDDD:0.2727272727272727	
