cluster number:844
GT2:53	GT2:53
KGIYDALN:0.3018867924528302	MKVSIITA:0.4716981132075472	GWMPPHPT:0.4339622641509434	KVSIITAT:0.4716981132075472	GIYDALNK:0.5471698113207547	DKGIYDAL:0.3018867924528302	IYDALNKG:0.5471698113207547	MRVGGASN:0.20754716981132076	PDKGIYDA:0.37735849056603776	IISEPDKG:0.20754716981132076	ISEPDKGI:0.2830188679245283	DGASKDNT:0.20754716981132076	GASKDNTL:0.20754716981132076	SEPDKGIY:0.41509433962264153	EPDKGIYD:0.41509433962264153	PPHPTFYM:0.2830188679245283	ADYDSLLR:0.2641509433962264	PHPTFYMK:0.2641509433962264	VSIITATY:0.41509433962264153	SIITATYN:0.41509433962264153	MPPHPTFY:0.32075471698113206	HPTFYMKR:0.2641509433962264	YDSLLRYL:0.2641509433962264	IITATYNS:0.4339622641509434	DSLLRYLW:0.24528301886792453	WMPPHPTF:0.33962264150943394	DYDSLLRY:0.2641509433962264	YDALNKGI:0.4716981132075472	GWMPAHPT:0.22641509433962265	KNLSKIPQ:0.20754716981132076	IEYIIIDG:0.2830188679245283	SADYDSLL:0.20754716981132076	ISADYDSL:0.22641509433962265	ITATYNSA:0.2641509433962264	IIDGGSKD:0.20754716981132076	VGFLHSDD:0.20754716981132076	IVGFLHSD:0.20754716981132076	
