cluster number:1336
GT2:15	GT2:15|GT4:1
GGMSGKRR:0.2	ADDYDLWL:0.2	LDSDNYWP:0.2	KRRVADDY:0.2	CFLDSDNY:0.2	IVDDGSTD:0.6666666666666666	FICFLDSD:0.26666666666666666	FLDSDNYW:0.2	RVADDYDL:0.2	EFLIVDDG:0.2	DYDLWLRF:0.2	IITPTYNR:0.2	VADDYDLW:0.2	RRVADDYD:0.2	GMSGKRRV:0.2	FEFLIVDD:0.2	MSGKRRVA:0.2	LIVDDGST:0.2	ICFLDSDN:0.2	SGKRRVAD:0.2	FLIVDDGS:0.2	GKRRVADD:0.2	AIESVLAQ:0.2	VDDGSTDN:0.4666666666666667	GDFICFLD:0.2	ELIIVDDG:0.4666666666666667	DFICFLDS:0.2	LIIVDDGS:0.4666666666666667	EFELIIVD:0.2	FELIIVDD:0.4	DDGSTDNS:0.3333333333333333	DGSTDNSR:0.2	IIVDDGST:0.4	ICFLDSDD:0.2	
