cluster number:1178
GT2:75	GT2:75
AAARNHAI:0.32	CVIIAAKN:0.3466666666666667	VVVIDDGS:0.5066666666666667	ILDADDFF:0.4266666666666667	PAAARNHA:0.32	RLGEDYDL:0.28	GPAAARNH:0.32	EIGFLKPL:0.3333333333333333	ISILDADD:0.21333333333333335	IGFLKPLM:0.3333333333333333	LDADDFFF:0.5466666666666666	LISILDAD:0.21333333333333335	VIIAAKNA:0.3466666666666667	DLRRLYEA:0.24	APLISILD:0.21333333333333335	VVIDDGST:0.4666666666666667	RGPAAARN:0.3333333333333333	VAEVVVID:0.2	LYEADRAI:0.30666666666666664	EVVVIDDG:0.49333333333333335	IIAAKNAS:0.21333333333333335	RYKIIHSC:0.24	GEIGFLKP:0.48	DDFFFPGR:0.3466666666666667	VRRGEIGF:0.37333333333333335	KIIHSCGY:0.24	RGVRRGEI:0.37333333333333335	RLYEADRA:0.30666666666666664	LGEDYDLY:0.28	YEADRAIL:0.30666666666666664	YKIIHSCG:0.24	ADDFFFPG:0.3466666666666667	AEVVVIDD:0.3333333333333333	EADRAILA:0.30666666666666664	RRGEIGFL:0.4533333333333333	RGEIGFLK:0.48	LRLGEDYD:0.21333333333333335	DADDFFFP:0.3466666666666667	EPEVAEVV:0.2	PEVAEVVV:0.21333333333333335	ARYKIIHS:0.24	RYELRHFL:0.38666666666666666	PLISILDA:0.21333333333333335	SILDADDF:0.21333333333333335	YELRHFLD:0.4266666666666667	GVRRGEIG:0.37333333333333335	FLKPLMRR:0.36	NRGPAAAR:0.3333333333333333	GFLKPLMR:0.36	VIDDGSTD:0.5066666666666667	LRRLYEAD:0.22666666666666666	NRGPSAAR:0.30666666666666664	WDFIADNI:0.29333333333333333	VRGNSLSG:0.37333333333333335	RGPSAARN:0.30666666666666664	FIADNIAF:0.28	RNHAIAIS:0.2	GPSAARNH:0.30666666666666664	ARNHAIAI:0.2	SLSGSHRT:0.3333333333333333	DFIADNIA:0.28	SAARNHAI:0.30666666666666664	AARNHAIA:0.29333333333333333	PSAARNHA:0.30666666666666664	LKRLYEAD:0.21333333333333335	KRLYEADR:0.21333333333333335	DLKRLYEA:0.21333333333333335	VVVVDDGS:0.22666666666666666	EVVVVDDG:0.21333333333333335	RNHAISIS:0.21333333333333335	AADDGTGR:0.29333333333333333	ADDGTGRL:0.29333333333333333	FVEGNISR:0.4266666666666667	SLSGRHRT:0.2	ARNHAISI:0.21333333333333335	AARNHAIS:0.21333333333333335	SRRGVRRG:0.26666666666666666	ENRGPAAA:0.25333333333333335	IIAAKNAA:0.4	FEENRGPA:0.21333333333333335	GRLNVVRF:0.24	IADNIAFI:0.32	GFVEGNIS:0.29333333333333333	CIIIAAKN:0.30666666666666664	SGSHRTID:0.22666666666666666	HIRDRYEL:0.2	RDRYELRH:0.28	TLRLGEDY:0.21333333333333335	EGNISRRG:0.32	LSGSHRTI:0.22666666666666666	IRDRYELR:0.2	DLYARALA:0.24	VCIIIAAK:0.28	DLVGFVEG:0.2	NETLRLGE:0.21333333333333335	VGFVEGNI:0.22666666666666666	RYNETLRL:0.2	VVRFEENR:0.21333333333333335	LVGFVEGN:0.2	GSHRTIDL:0.22666666666666666	ELRHFLDL:0.32	DNIAFIDA:0.30666666666666664	IDDGSTDD:0.25333333333333335	VEGNISRR:0.28	IIIAAKNA:0.30666666666666664	IHSCGYAA:0.24	AKNAADTI:0.30666666666666664	LRHFLDLK:0.32	SCGYAAVV:0.26666666666666666	NIAFIDAA:0.21333333333333335	IAAKNAAD:0.29333333333333333	DRYELRHF:0.28	IIHSCGYA:0.2	ETLRLGED:0.3333333333333333	RRGVRRGE:0.26666666666666666	AAKNAADT:0.29333333333333333	PAPVALGG:0.21333333333333335	ISRRGVRR:0.26666666666666666	ADNIAFID:0.30666666666666664	RRHERHIR:0.22666666666666666	LRYNETLR:0.2	CGYAAVVR:0.26666666666666666	YNETLRLG:0.21333333333333335	NISRRGVR:0.26666666666666666	VRFEENRG:0.21333333333333335	RFEENRGP:0.2	EENRGPAA:0.21333333333333335	HSCGYAAV:0.21333333333333335	GYAAVVRG:0.25333333333333335	GNISRRGV:0.26666666666666666	
