cluster number:482
GT2:48	GT2:48
SDLQDPPE:0.3958333333333333	DLQDPPEL:0.3958333333333333	LQDPPELI:0.2708333333333333	TGFGLYDR:0.4791666666666667	PYPYFRGL:0.375	FTGFGLYD:0.4583333333333333	NFGHIRSP:0.6041666666666666	FGHIRSPY:0.3125	NFTGFGLY:0.3958333333333333	GITKNNFY:0.4375	DPYPYFRG:0.4791666666666667	DLQDPPEM:0.22916666666666666	LQDPPEMI:0.22916666666666666	NNFYTLYD:0.4791666666666667	TKNNFYTL:0.4375	ARNFGHIR:0.4166666666666667	DIAMLGIT:0.2916666666666667	ASDLQDPP:0.2916666666666667	YDIAMLGI:0.3333333333333333	YEHIFIDN:0.3125	NFYTLYDI:0.25	TLYDIAML:0.2708333333333333	RGITKNNF:0.4583333333333333	DDPYPYFR:0.25	NARNFGHI:0.4375	VTPCYNEE:0.2916666666666667	ITKNNFYT:0.3958333333333333	FYTLYDIA:0.25	KNNFYTLY:0.4791666666666667	LYDIAMLG:0.3541666666666667	YTLYDIAM:0.2708333333333333	RNFGHIRS:0.5833333333333334	HSKVPLRL:0.25	IVNARNFG:0.3541666666666667	SVQLFFIG:0.375	VQLFFIGI:0.20833333333333334	VIVNARNF:0.20833333333333334	VNARNFGH:0.22916666666666666	GIIGEYIG:0.22916666666666666	ADLQDPPE:0.25	VADLQDPP:0.3125	ASVQLFFI:0.20833333333333334	KRPLVVER:0.2708333333333333	RPLVVERE:0.2916666666666667	PLVVERER:0.3125	AMLGITSH:0.2916666666666667	CYNEEENV:0.20833333333333334	MLGITSHS:0.2916666666666667	VVERERIN:0.20833333333333334	LVVERERI:0.20833333333333334	
