cluster number:2079
GT2:24	GT2:24
FAFDVELL:0.5416666666666666	AAVRRGLL:0.25	ASRHAPGA:0.25	GIADTQCG:0.20833333333333334	IADTQCGF:0.3333333333333333	GFAFDVEL:0.5833333333333334	RGKGAAVR:0.25	DTQCGFKF:0.75	GAAVRRGL:0.3333333333333333	RRGKGAAV:0.20833333333333334	ADTQCGFK:0.5416666666666666	AVIASRHA:0.2916666666666667	VIASRHAP:0.2916666666666667	KGAAVRRG:0.5416666666666666	AAAVIASR:0.25	TQCGFKFF:0.75	AAVIASRH:0.2916666666666667	IASRHAPG:0.3333333333333333	GAAAVIAS:0.25	GKGAAVRR:0.5833333333333334	DGFAFDVE:0.25	VADTQCGF:0.20833333333333334	RDTQCGFK:0.25	VVDNGSVD:0.20833333333333334	QCGFKFFR:0.25	
