cluster number:2001
GT2:11	GT2:11
ELIAFLDA:0.8181818181818182	SHDVDLVL:0.36363636363636365	ENQGSAVA:0.2727272727272727	LDADDFWL:0.2727272727272727	LRLALMGC:0.45454545454545453	DLVLRLAL:0.45454545454545453	HDVDLVLR:0.36363636363636365	LIAFLDAD:0.8181818181818182	FWLLPEKL:0.2727272727272727	QSHDVDLV:0.36363636363636365	LVLRLALM:0.45454545454545453	DVDLVLRL:0.36363636363636365	NQGSAVAR:0.2727272727272727	DADDFWLL:0.2727272727272727	LRQSHDVD:0.36363636363636365	FLDADDFW:0.2727272727272727	TLVWIAWY:0.36363636363636365	VRYHTLVW:0.36363636363636365	ESWLMYKP:0.2727272727272727	YQENQGSA:0.2727272727272727	VDLVLRLA:0.2727272727272727	AFLDADDF:0.45454545454545453	QENQGSAV:0.2727272727272727	TGWRIVDE:0.2727272727272727	VLRLALMG:0.45454545454545453	DFWLLPEK:0.2727272727272727	IAFLDADD:0.9090909090909091	VAVGYRRY:0.2727272727272727	LESWLMYK:0.2727272727272727	ELRQSHDV:0.2727272727272727	GELIAFLD:0.8181818181818182	DDFWLLPE:0.2727272727272727	RQSHDVDL:0.36363636363636365	ADDFWLLP:0.2727272727272727	QGSAVARN:0.2727272727272727	EIIVIDDG:0.45454545454545453	IIVIDDGS:0.45454545454545453	IVIDDGST:0.2727272727272727	VIDDGSTD:0.36363636363636365	LALMGCEA:0.2727272727272727	KGELIAFL:0.36363636363636365	AKGELIAF:0.36363636363636365	RLALMGCE:0.2727272727272727	LGIVHSGW:0.2727272727272727	WKPVLPSA:0.2727272727272727	VTVCYRQH:0.2727272727272727	RFPPAEDT:0.2727272727272727	FLDADDYF:0.2727272727272727	KPVLPSAM:0.2727272727272727	AFLDADDY:0.36363636363636365	
