cluster number:1543
GT2:21	GT2:21
GRRGEVTP:0.23809523809523808	VGFARGAN:0.2857142857142857	LHVEDIDL:0.6666666666666666	FARGANLG:0.2857142857142857	EGYFLHVE:0.5238095238095238	VEDIDLCW:0.47619047619047616	PTISGACF:0.5238095238095238	EQRGGRRG:0.47619047619047616	GGRRGEVT:0.23809523809523808	TPTISGAC:0.23809523809523808	RGGRRGEV:0.23809523809523808	ARGANLGA:0.2857142857142857	DGTEQRGG:0.2857142857142857	TEQRGGRR:0.2857142857142857	FLHVEDID:0.7619047619047619	HVEDIDLC:0.6666666666666666	GNVGFARG:0.42857142857142855	FDEGYFLH:0.47619047619047616	GFDEGYFL:0.47619047619047616	DIDLCWRA:0.47619047619047616	NVGFARGA:0.2857142857142857	EDIDLCWR:0.47619047619047616	VFLNPDAF:0.3333333333333333	IDLCWRAR:0.47619047619047616	GFARGANL:0.2857142857142857	DEGYFLHV:0.5238095238095238	FLNPDAFL:0.3333333333333333	YFLHVEDI:0.7619047619047619	GYFLHVED:0.5238095238095238	TISGACFA:0.2857142857142857	GTEQRGGR:0.2857142857142857	LVFLNPDA:0.2857142857142857	QRGGRRGE:0.42857142857142855	HLGHTSLE:0.23809523809523808	DEFVIVDN:0.23809523809523808	LGHTSLEH:0.23809523809523808	VEFHKGVG:0.2857142857142857	PMPTISGA:0.23809523809523808	MPTISGAC:0.23809523809523808	EFVIVDNG:0.23809523809523808	EFHKGVGL:0.2857142857142857	NTDGTEQR:0.23809523809523808	TDGTEQRG:0.23809523809523808	FVIVDNGS:0.23809523809523808	HGNVGFAR:0.23809523809523808	KVEFHKGV:0.2857142857142857	RYFIKRAD:0.23809523809523808	GHGNVGFA:0.23809523809523808	VDEFVIVD:0.23809523809523808	QGHGNVGF:0.23809523809523808	VHLGHTSL:0.23809523809523808	VVHLGHTS:0.23809523809523808	GHTSLEHP:0.23809523809523808	NPDAFLTP:0.23809523809523808	LNPDAFLT:0.23809523809523808	VSVVMVVY:0.23809523809523808	DLCWRARR:0.3333333333333333	GGFDEGYF:0.2857142857142857	ARAANLGA:0.23809523809523808	FARAANLG:0.23809523809523808	GFARAANL:0.23809523809523808	LGGFDEGY:0.23809523809523808	IGFARAAN:0.23809523809523808	TPVTTLLS:0.23809523809523808	GNIGFARA:0.23809523809523808	NIGFARAA:0.23809523809523808	
