cluster number:2387
GT2:37	GT2:37
YIIIDGGS:0.8378378378378378	VINQTYPN:0.2702702702702703	IAYWVSEP:0.21621621621621623	EQTILSVI:0.24324324324324326	DGGSTDGT:0.7567567567567568	GGSTDGTV:0.3783783783783784	IEQTILSV:0.2702702702702703	NIEYIIID:0.4594594594594595	SVINQTYP:0.32432432432432434	SEPDKGIY:0.5675675675675675	PNIEYIII:0.21621621621621623	ILSVINQT:0.3783783783783784	IDGGSTDG:0.7567567567567568	AYWVSEPD:0.21621621621621623	YPNIEYII:0.21621621621621623	YWVSEPDK:0.3783783783783784	KGIYDAMN:0.5675675675675675	PDKGIYDA:0.5405405405405406	IIDGGSTD:0.8648648648648649	LSVINQTY:0.3783783783783784	WVSEPDKG:0.40540540540540543	TIEQTILS:0.2702702702702703	EYIIIDGG:0.8378378378378378	DKGIYDAM:0.5675675675675675	QTILSVIN:0.24324324324324326	VSEPDKGI:0.40540540540540543	TILSVINQ:0.3783783783783784	IIIDGGST:0.8108108108108109	EPDKGIYD:0.5405405405405406	IEYIIIDG:0.5405405405405406	GIYDAMNK:0.7297297297297297	IYDAMNKG:0.7297297297297297	KIAYWVSE:0.21621621621621623	GSTDGTVD:0.2702702702702703	TDGTVDII:0.21621621621621623	STDGTVDI:0.21621621621621623	VEYIIIDG:0.2702702702702703	NVEYIIID:0.24324324324324326	DKIAYWVS:0.21621621621621623	YDAMNKGI:0.43243243243243246	GGSTDGTL:0.24324324324324326	
