cluster number:1269
GT2:320	GT2:320
GEMHRYIP:0.728125	TMDADLQD:0.871875	VYGEMHRY:0.325	RYIPVLAK:0.384375	ITMDADLQ:0.796875	PDEIPELY:0.296875	IEVYGEMH:0.24375	GWKKKRYD:0.503125	YDLVSGWK:0.34375	DLVSGWKK:0.35625	VITMDADL:0.596875	MHRYIPVL:0.503125	QDSPDEIP:0.46875	LVSGWKKK:0.38125	HRYIPVLA:0.496875	SGWKKKRY:0.5	KRPMHFFG:0.25	DADLQDSP:0.5625	MDADLQDS:0.559375	EVYGEMHR:0.25625	DLQDSPDE:0.465625	LQDSPDEI:0.45625	VVITMDAD:0.584375	YGEMHRYI:0.378125	EMHRYIPV:0.553125	DSPDEIPE:0.303125	ADLQDSPD:0.465625	FVDDGSTD:0.21875	SPDEIPEL:0.303125	VSGWKKKR:0.5125	VSGEMHRY:0.2	LFNWAARK:0.2	GKSQALHA:0.340625	DFNCGLKA:0.8375	SKLFNWAA:0.2625	RFINGFLD:0.28125	NCGLKAYK:0.340625	IPVLAKNA:0.253125	FINGFLDL:0.278125	KNLPSKLF:0.3	PVLAKNAG:0.253125	FNCGLKAY:0.8125	SGEMHRYI:0.2	PSKLFNWA:0.2625	YGKSQALH:0.2125	GFLDLITI:0.296875	WKKKRYDS:0.259375	NGFLDLIT:0.26875	NLPSKLFN:0.3	SQALHAGF:0.284375	HDFNCGLK:0.70625	LHDFNCGL:0.684375	KVVQHQAR:0.2	YIPVLAKN:0.31875	KSQALHAG:0.284375	VQHQARKY:0.253125	VLAKNAGF:0.21875	NYGKSQAL:0.290625	VVQHQARK:0.215625	QHQARKYG:0.25625	KLFNWAAR:0.253125	INGFLDLI:0.20625	DADLQDNP:0.221875	TQLFLAGF:0.228125	DVVITMDA:0.29375	KRPMHLFG:0.209375	KLHDFNCG:0.23125	GDVVITMD:0.29375	GTQLFLAG:0.228125	MDADLQDN:0.221875	GKRPMHLF:0.2	GYDLVSGW:0.221875	FRRNYGKS:0.234375	KFRRNYGK:0.209375	IKFRRNYG:0.203125	IGEKVVQH:0.215625	NCGLKAYR:0.3625	QLFLAGFL:0.2125	FLAGFLGE:0.234375	LFLAGFLG:0.20625	FIDDGSTD:0.278125	
