cluster number:1255
GT2:73	GT2:73
LSLLFLNF:0.2876712328767123	MQYKHIPE:0.3287671232876712	TIVGNRWF:0.2602739726027397	TYNRAELL:0.2876712328767123	TIAIPTYN:0.6575342465753424	LVSDNCST:0.3561643835616438	TGEPVHPP:0.2602739726027397	IPTYNRAE:0.3287671232876712	LGALRRWP:0.4520547945205479	YVWTIGDD:0.4520547945205479	GDDDPIQE:0.2054794520547945	LFLNFSGR:0.3561643835616438	VHPPTIVG:0.2602739726027397	FLNFSGRN:0.4383561643835616	YLAGYCAA:0.3972602739726027	WISLAYLA:0.3287671232876712	NNWISLAY:0.2465753424657534	LTIAIPTY:0.6575342465753424	SALLMQYK:0.3561643835616438	YNRAELLD:0.2328767123287671	ISLAYLAG:0.3287671232876712	SLAYLAGY:0.3424657534246575	PPTIVGNR:0.2602739726027397	IKGFESEC:0.2191780821917808	VWTIGDDD:0.4657534246575342	SVGAVIFL:0.410958904109589	LAYLAGYC:0.410958904109589	VFLGALRR:0.3561643835616438	GAVIFLTA:0.4246575342465753	IGDDDPIQ:0.4657534246575342	VSDNCSTD:0.4246575342465753	NRAELLDK:0.2328767123287671	PTIVGNRW:0.2602739726027397	KHIPEVIL:0.2876712328767123	KSVGAVIF:0.3972602739726027	HPPTIVGN:0.2602739726027397	VGAVIFLT:0.3835616438356164	QYKHIPEV:0.3150684931506849	LECIVGVS:0.2465753424657534	TIGDDDPI:0.4657534246575342	LLMQYKHI:0.3287671232876712	HIPEVILK:0.3287671232876712	FLGALRRW:0.3835616438356164	LMQYKHIP:0.3287671232876712	AYLAGYCA:0.410958904109589	AIPTYNRA:0.6164383561643836	KVFLGALR:0.2876712328767123	RAELLDKQ:0.2328767123287671	LLFLNFSG:0.3561643835616438	KYVWTIGD:0.4383561643835616	EILVSDNC:0.3835616438356164	CEILVSDN:0.3561643835616438	ILVSDNCS:0.3972602739726027	IAIPTYNR:0.6575342465753424	AVIFLTAT:0.2876712328767123	DLSLLFLN:0.2054794520547945	SLLFLNFS:0.3013698630136986	WTIGDDDP:0.4794520547945205	NLKVFLGA:0.2191780821917808	YKHIPEVI:0.3013698630136986	ITGEPVHP:0.2191780821917808	KGFESECE:0.2465753424657534	GFESECEI:0.3013698630136986	IVGNRWFD:0.3150684931506849	NWISLAYL:0.3424657534246575	PTYNRAEL:0.2876712328767123	ALLMQYKH:0.3698630136986301	LKVFLGAL:0.2465753424657534	AELLDKQL:0.2328767123287671	KLLTIAIP:0.6575342465753424	VGVSYWQK:0.410958904109589	TKYVWTIG:0.3835616438356164	DCEILVSD:0.2054794520547945	GYSKQFCR:0.2054794520547945	DNCSTDNT:0.3698630136986301	FSGRNKIT:0.273972602739726	KSALLMQY:0.2876712328767123	TTKYVWTI:0.3287671232876712	GRNKITGE:0.2054794520547945	NFSGRNKI:0.273972602739726	LNFSGRNK:0.3013698630136986	SDNCSTDN:0.3561643835616438	SGRNKITG:0.2328767123287671	PKSALLMQ:0.273972602739726	LLTIAIPT:0.7945205479452054	DGKAIFEH:0.2465753424657534	EPKSALLM:0.2465753424657534	DKQLAWLA:0.2054794520547945	GDDDPIQD:0.2465753424657534	GVSYWQKE:0.3698630136986301	WQKEPKSA:0.2328767123287671	GDGKAIFE:0.2602739726027397	LDKQLAWL:0.2465753424657534	QKEPKSAL:0.2328767123287671	DDDPIQDR:0.2054794520547945	NCSTDNTQ:0.2876712328767123	PEVILKLE:0.2465753424657534	SYWQKEPK:0.2465753424657534	IPEVILKL:0.3150684931506849	LLDKQLAW:0.2465753424657534	KEPKSALL:0.2328767123287671	KAIFEHCF:0.273972602739726	YWQKEPKS:0.2328767123287671	VSYWQKEP:0.3424657534246575	GKAIFEHC:0.2602739726027397	ATTKYVWT:0.2602739726027397	SATTKYVW:0.2054794520547945	CIVGVSYW:0.2876712328767123	IVGVSYWQ:0.2876712328767123	ECIVGVSY:0.2876712328767123	LAGYCAAN:0.273972602739726	AGYCAANG:0.2876712328767123	CSTDNTQE:0.2191780821917808	ISDNCSTD:0.2054794520547945	GALRRWPV:0.2191780821917808	MNKLLTIA:0.4657534246575342	NKLLTIAI:0.410958904109589	GNRWFDAD:0.2191780821917808	
