cluster number:1725
GT2:21	GT2:21
YCMETIIQ:0.5714285714285714	DNQYPQER:0.2857142857142857	PDAASGFR:0.9523809523809523	GDNQYPQE:0.3333333333333333	NQYPQERI:0.2857142857142857	ADIVVNTD:0.6666666666666666	NPKTRESR:0.47619047619047616	GADIVVNT:0.6666666666666666	AASGFRAY:0.9523809523809523	KTRESRLF:0.8095238095238095	DRTVEVAK:0.23809523809523808	DGDNQYPQ:0.8095238095238095	TIIQAGNK:0.5714285714285714	ASGFRAYS:0.9047619047619048	TNPKTRES:0.47619047619047616	SYCMETII:0.5714285714285714	IVVNTDGD:0.6666666666666666	LPDAASGF:0.8571428571428571	FSYCMETI:0.7619047619047619	DDGSSDRT:0.23809523809523808	NTDGDNQY:0.9047619047619048	DIVVNTDG:0.6666666666666666	CMETIIQA:0.5714285714285714	PKTRESRL:0.47619047619047616	ETIIQAGN:0.5714285714285714	VNTDGDNQ:0.9047619047619048	VVNTDGDN:0.8095238095238095	TDGDNQYP:0.8571428571428571	METIIQAG:0.7142857142857143	SGFRAYSR:0.5238095238095238	DAASGFRA:0.9523809523809523	SGFRAYSK:0.3333333333333333	FRDGVDYA:0.42857142857142855	MGLARSFR:0.5714285714285714	RAYSKYSL:0.23809523809523808	IQAGNKRL:0.42857142857142855	DDGSTDRT:0.42857142857142855	DEIEILVI:0.2857142857142857	KYSLIRLN:0.23809523809523808	IEILVIDD:0.23809523809523808	SFRDGVDY:0.42857142857142855	GVVADLTR:0.23809523809523808	LVIDDGST:0.38095238095238093	FSPFKKAM:0.23809523809523808	IIQAGNKR:0.47619047619047616	RSFRDGVD:0.5238095238095238	HGADIVVN:0.5714285714285714	HFSPFKKA:0.23809523809523808	FRAYSKYS:0.23809523809523808	SKYSLIRL:0.23809523809523808	SPFKKAMQ:0.23809523809523808	GFRAYSKY:0.23809523809523808	NMGLARSF:0.47619047619047616	EILVIDDG:0.3333333333333333	ILVIDDGS:0.38095238095238093	QIPCLNEE:0.5714285714285714	LHGADIVV:0.23809523809523808	ARSFRDGV:0.6666666666666666	EIEILVID:0.23809523809523808	YSKYSLIR:0.23809523809523808	LARSFRDG:0.8095238095238095	GLARSFRD:0.8095238095238095	RDGVDYAL:0.38095238095238093	VIDDGSTD:0.47619047619047616	AYSKYSLI:0.23809523809523808	IDDGSTDR:0.38095238095238093	QFSYCMET:0.38095238095238093	DGSTDRTV:0.2857142857142857	STDRTVEV:0.23809523809523808	NVVTQFSY:0.23809523809523808	TQFSYCME:0.38095238095238093	TDRTVEVA:0.23809523809523808	VTQFSYCM:0.2857142857142857	TNAKTRES:0.23809523809523808	AKTRESRL:0.23809523809523808	NAKTRESR:0.23809523809523808	LNVVTQFS:0.23809523809523808	GSTDRTVE:0.23809523809523808	RNMGLARS:0.3333333333333333	ESRLFKNI:0.2857142857142857	TRESRLFK:0.3333333333333333	VQIPCLNE:0.47619047619047616	KRLRIASV:0.23809523809523808	IEHFSGFK:0.23809523809523808	TIEHFSGF:0.23809523809523808	TDLPDAAS:0.2857142857142857	RLRIASVP:0.23809523809523808	LFVQIPCL:0.3333333333333333	RESRLFKN:0.3333333333333333	EHFSGFKK:0.23809523809523808	DRTVEVAR:0.23809523809523808	QAGNKRLR:0.2857142857142857	FVQIPCLN:0.3333333333333333	DLPDAASG:0.5238095238095238	AGNKRLRI:0.2857142857142857	GFRAYSRA:0.23809523809523808	PITTNPKT:0.2857142857142857	ITTNPKTR:0.2857142857142857	TTNPKTRE:0.3333333333333333	KLFVQIPC:0.2857142857142857	RLFKNIWQ:0.23809523809523808	SRLFKNIW:0.23809523809523808	MKLFVQIP:0.2857142857142857	IVIGDRQT:0.23809523809523808	LFKNIWQH:0.23809523809523808	FKNIWQHM:0.23809523809523808	
