cluster number:1513
GT2:21	GT2:21
INDGSTDN:0.3333333333333333	GLPVARNR:0.23809523809523808	DADDLWTP:0.3333333333333333	VINDGSTD:0.38095238095238093	DDLWTPDK:0.23809523809523808	IDADDLWT:0.2857142857142857	NGGLPVAR:0.23809523809523808	IVINDGST:0.38095238095238093	LPVARNRG:0.23809523809523808	NDGSTDNT:0.3333333333333333	DLWTPDKL:0.23809523809523808	PVARNRGI:0.23809523809523808	AGVAYSWT:0.23809523809523808	SYENGGLP:0.23809523809523808	GGLPVARN:0.23809523809523808	FIDADDLW:0.38095238095238093	ADDLWTPD:0.23809523809523808	TFIDADDL:0.23809523809523808	LIIINDGS:0.38095238095238093	IIINDGST:0.42857142857142855	FELIIIND:0.23809523809523808	ELIIINDG:0.38095238095238093	ITFIDADD:0.23809523809523808	IINDGSTD:0.42857142857142855	FELIVIND:0.2857142857142857	DFELIVIN:0.23809523809523808	ELIVINDG:0.3333333333333333	LIVINDGS:0.3333333333333333	
