cluster number:1163
GT2:11	GT2:11
LDGDGQHD:0.36363636363636365	IIPAYNEE:0.36363636363636365	QCGFRAIS:0.2727272727272727	VVDDGSTD:0.36363636363636365	VLVVDDGS:0.7272727272727273	TIIPAYNE:0.45454545454545453	TDSQCGFR:0.6363636363636364	GKGAAIKT:0.9090909090909091	DGDGQHDP:0.5454545454545454	LVVDDGST:0.36363636363636365	DVLVVDDG:0.5454545454545454	GAAIKTGL:0.7272727272727273	ITIIPAYN:0.45454545454545453	LTDSQCGF:0.2727272727272727	SDVLVVDD:0.36363636363636365	KGAAIKTG:0.9090909090909091	SQCGFRAI:0.2727272727272727	YSDVLVVD:0.36363636363636365	AAIKTGLK:0.5454545454545454	DSQCGFRA:0.2727272727272727	TGYHITDS:0.36363636363636365	CKASENDL:0.36363636363636365	NMPLHRRF:0.2727272727272727	LVVAEKPI:0.2727272727272727	LIGSRFLD:0.2727272727272727	VISKKAAP:0.36363636363636365	FTGISYND:0.36363636363636365	VDDGSLDE:0.2727272727272727	QCGFRVIS:0.36363636363636365	HITDSQCG:0.36363636363636365	SEVLCKAS:0.36363636363636365	SQCGFRVI:0.36363636363636365	GISYNDYV:0.36363636363636365	GVDLLIGS:0.36363636363636365	GTEKSYVR:0.2727272727272727	GQHDPQCI:0.2727272727272727	DLLIGSRF:0.45454545454545453	MPLHRRFS:0.2727272727272727	GDGQHDPQ:0.2727272727272727	RVISKKAA:0.36363636363636365	DYVYESEV:0.45454545454545453	DDGSLDET:0.2727272727272727	NDYVYESE:0.45454545454545453	DGSLDETA:0.2727272727272727	CGFRVISK:0.36363636363636365	ISYNDYVY:0.36363636363636365	YVYESEVL:0.45454545454545453	PLHRRFSN:0.2727272727272727	VLCKASEN:0.36363636363636365	YHITDSQC:0.36363636363636365	ITDSQCGF:0.36363636363636365	FRVISKKA:0.36363636363636365	LCKASEND:0.36363636363636365	VVDDGSLD:0.36363636363636365	KASENDLV:0.36363636363636365	ESEVLCKA:0.45454545454545453	VYESEVLC:0.45454545454545453	QHDPQCIP:0.2727272727272727	LLIGSRFL:0.45454545454545453	YESEVLCK:0.45454545454545453	GYHITDSQ:0.36363636363636365	DSQCGFRV:0.36363636363636365	YGTEKSYV:0.2727272727272727	YNDYVYES:0.45454545454545453	TGISYNDY:0.36363636363636365	VDLLIGSR:0.36363636363636365	DGQHDPQC:0.2727272727272727	GFRVISKK:0.36363636363636365	EVLCKASE:0.36363636363636365	MAPQNMPL:0.2727272727272727	ASENDLVV:0.36363636363636365	SYNDYVYE:0.36363636363636365	KYSDVLVV:0.2727272727272727	EKSYVRAR:0.2727272727272727	IITIIPAY:0.2727272727272727	HYLMFTLR:0.2727272727272727	MFTLRLLV:0.2727272727272727	MRIITIIP:0.2727272727272727	YLMFTLRL:0.2727272727272727	KSYVRARH:0.2727272727272727	LMFTLRLL:0.2727272727272727	RIITIIPA:0.2727272727272727	VRKLLRRI:0.36363636363636365	LRLLVRKL:0.2727272727272727	FTLRLLVR:0.2727272727272727	LLVRKLLR:0.2727272727272727	LVRKLLRR:0.36363636363636365	TLRLLVRK:0.2727272727272727	SYVRARHV:0.2727272727272727	RLLVRKLL:0.2727272727272727	RGKGAAIK:0.36363636363636365	NRGKGAAI:0.36363636363636365	KNRGKGAA:0.2727272727272727	
