cluster number:2081
GT2:27	GT2:27
FHVSNHVA:0.2222222222222222	QTMHGTPL:0.7407407407407407	LIDDGSKD:0.2222222222222222	YVDPDDIV:0.2222222222222222	ARNRGTNL:0.2222222222222222	FTDRVKGM:0.2222222222222222	MPLRWGKS:0.2222222222222222	LFENGGLG:0.2222222222222222	LYLFENGG:0.2222222222222222	GAVRRFNS:0.2222222222222222	VVVPMYNV:0.2222222222222222	ILIDDGSK:0.2222222222222222	ARAKYFVN:0.4074074074074074	KYFVNNVN:0.6666666666666666	NWDYLTVP:0.2962962962962963	LGAARNRG:0.37037037037037035	QVILIDDG:0.2222222222222222	ALDSLLRQ:0.2222222222222222	TYVDPDDI:0.2222222222222222	VILIDDGS:0.2222222222222222	FTMPLRWG:0.2222222222222222	SVVVPMYN:0.2222222222222222	GAARNRGT:0.37037037037037035	IGGAVRRF:0.2222222222222222	DAPGPLVY:0.2222222222222222	AKYFVNNV:0.48148148148148145	VVPMYSLA:0.2222222222222222	ELYLFENG:0.2222222222222222	VSNHVATL:0.2222222222222222	DYLTVPSD:0.2962962962962963	GGAVRRFN:0.2222222222222222	YFVNNVNF:0.6666666666666666	RAKYFVNN:0.4074074074074074	TDRVKGMK:0.2222222222222222	SNHVATLA:0.2222222222222222	FVNNVNFE:0.2222222222222222	WDYLTVPS:0.4074074074074074	LSVVVPMY:0.2222222222222222	HVSNHVAT:0.2222222222222222	LDSLLRQG:0.2222222222222222	GLGAARNR:0.37037037037037035	YLFENGGL:0.2222222222222222	FELYLFEN:0.2222222222222222	TMPLRWGK:0.2222222222222222	TMHGTPLK:0.7407407407407407	RNRGTNLA:0.2222222222222222	YSSVMFDY:0.4074074074074074	TDYSSVMF:0.4074074074074074	LYEDIPVT:0.2962962962962963	DYSSVMFD:0.4074074074074074	IQTMHGTP:0.2962962962962963	YDTTAWNK:0.2962962962962963	EIQTMHGT:0.2962962962962963	ITDYSSVM:0.4074074074074074	LITDYSSV:0.3333333333333333	MHGTPLKT:0.5185185185185185	SSVMFDYA:0.2222222222222222	GTPLKTLG:0.4074074074074074	GYPRNDKL:0.3333333333333333	HGTPLKTL:0.4074074074074074	YPRNDKLF:0.3333333333333333	ELQTMHGT:0.25925925925925924	LQTMHGTP:0.25925925925925924	MARAKYFV:0.2222222222222222	YMARAKYF:0.2222222222222222	TPLKTLGL:0.25925925925925924	PLKTLGLD:0.25925925925925924	
