cluster number:1082
GT2:22	GT2:22
PIGAGMAL:0.36363636363636365	FAPIGAGM:0.3181818181818182	GGKSLPEF:0.36363636363636365	APIGAGMA:0.36363636363636365	VIIPTHNP:0.22727272727272727	ISVIIPTH:0.2727272727272727	AIGGKSLP:0.3181818181818182	NPLISVII:0.22727272727272727	LQSGGDCD:0.2727272727272727	GDCDINLT:0.2727272727272727	GGDCDINL:0.2727272727272727	SVIIPTHN:0.2727272727272727	IGGKSLPE:0.36363636363636365	LQLTHLIS:0.22727272727272727	IIPTHNPN:0.22727272727272727	SGGDCDIN:0.2727272727272727	CLALRDLG:0.2727272727272727	CDINLTLL:0.22727272727272727	LISVIIPT:0.22727272727272727	PLISVIIP:0.22727272727272727	LVFVDDDN:0.6363636363636364	GAIGGKSL:0.3181818181818182	QSGGDCDI:0.2727272727272727	GKSLPEFE:0.3181818181818182	VFVDDDNV:0.5	LGAIGGKS:0.3181818181818182	MNPLISVI:0.22727272727272727	DCDINLTL:0.2727272727272727	FVDDDNVL:0.6818181818181818	VDDDNVLD:0.4090909090909091	VIICTHNP:0.2727272727272727	IICTHNPR:0.3181818181818182	SVIICTHN:0.22727272727272727	VLVFVDDD:0.22727272727272727	EVLVFVDD:0.22727272727272727	ARLRGIKE:0.22727272727272727	PEWTKPYW:0.22727272727272727	LGLTPARL:0.3181818181818182	QLGLTPAR:0.22727272727272727	TPARLRGI:0.22727272727272727	LTPARLRG:0.2727272727272727	GLTPARLR:0.2727272727272727	SLQSGGDC:0.22727272727272727	IGAGMALQ:0.22727272727272727	SRSWVQVL:0.22727272727272727	GYFPQLQL:0.22727272727272727	SSRSWVQV:0.22727272727272727	VGYFPQLQ:0.22727272727272727	
