cluster number:1292
GT2:18	GT2:18|GT4:14
LLNSDTIV:0.4444444444444444	ENDFCMRA:0.2222222222222222	DNAGAFSF:0.2222222222222222	WNEWAEGT:0.2222222222222222	NAGAFSFP:0.2222222222222222	YGEENDFC:0.4444444444444444	GYGEENDF:0.4444444444444444	SSNIPKKG:0.2777777777777778	RGYGEEND:0.4444444444444444	PTGSGFCM:0.2222222222222222	GEENDFCM:0.3888888888888889	CVCWANEN:0.2222222222222222	FCVCWANE:0.2777777777777778	VPTGSGFC:0.2222222222222222	VTAMSDNA:0.2222222222222222	TAMSDNAG:0.2222222222222222	FPRGYGEE:0.3888888888888889	WGKGFTEW:0.2222222222222222	SDTIVTPK:0.3333333333333333	INAWNEWA:0.3333333333333333	EENDFCMR:0.4444444444444444	VSSNIPKK:0.2222222222222222	FAESFGRT:0.3333333333333333	AMSDNAGA:0.2222222222222222	SFGRTVAE:0.2222222222222222	LNSDTIVT:0.3888888888888889	NAWNEWAE:0.3333333333333333	VCWANENW:0.2222222222222222	IVLLNSDT:0.2222222222222222	MSDNAGAF:0.2222222222222222	TIVTPKWL:0.3333333333333333	VLLNSDTI:0.3333333333333333	AESFGRTV:0.3333333333333333	PRGYGEEN:0.3888888888888889	FINAWNEW:0.3333333333333333	NSDTIVTP:0.3888888888888889	AWNEWAEG:0.2222222222222222	ESFGRTVA:0.2222222222222222	DTIVTPKW:0.3333333333333333	TVTAMSDN:0.2222222222222222	SDNAGAFS:0.2222222222222222	LSHFAESF:0.2777777777777778	LPQFHPIP:0.2222222222222222	PQFHPIPE:0.2222222222222222	SHFAESFG:0.2777777777777778	VVLLNSDT:0.2777777777777778	AFYLPQFH:0.2222222222222222	DVVLLNSD:0.2777777777777778	NDVVLLNS:0.2222222222222222	HFAESFGR:0.2777777777777778	LNLSHFAE:0.2222222222222222	GFTEWTNV:0.2222222222222222	YLPQFHPI:0.2222222222222222	FYLPQFHP:0.2222222222222222	QFHPIPEN:0.2222222222222222	FHPIPEND:0.2222222222222222	NLSHFAES:0.2222222222222222	PTGNGFCL:0.2222222222222222	ESFGRTVL:0.2222222222222222	SFGRTVLE:0.2222222222222222	
