cluster number:1058
GT2:22	GT2:22
DNGSTDGS:0.4090909090909091	VDNGSTDG:0.4090909090909091	VVDNGSTD:0.4090909090909091	LVVDNGST:0.36363636363636365	AIYRREVF:0.3181818181818182	ILLNNDTE:0.22727272727272727	ACAGAAIY:0.3181818181818182	TSGSKYNS:0.22727272727272727	YHVGSGTS:0.3181818181818182	SKYNSFKV:0.22727272727272727	ELMDDAGD:0.22727272727272727	VILLNNDT:0.22727272727272727	GWAYQRGV:0.22727272727272727	GSGTSGSK:0.22727272727272727	NTGFSGAV:0.22727272727272727	MDDAGDMY:0.22727272727272727	LGWAYQRG:0.22727272727272727	VGSGTSGS:0.36363636363636365	TGFSGAVN:0.22727272727272727	VYHVGSGT:0.3181818181818182	PYVILLNN:0.22727272727272727	YLNYKNMP:0.22727272727272727	TPYVILLN:0.22727272727272727	GAAIYRRE:0.36363636363636365	WAYQRGVG:0.22727272727272727	CAGAAIYR:0.5909090909090909	HVGSGTSG:0.36363636363636365	LMDDAGDM:0.22727272727272727	SGSKYNSF:0.22727272727272727	YVILLNND:0.22727272727272727	SGTSGSKY:0.22727272727272727	AGAAIYRR:0.36363636363636365	GSKYNSFK:0.22727272727272727	GTSGSKYN:0.22727272727272727	AAIYRREV:0.3181818181818182	SCAGAAIY:0.22727272727272727	FAYLEDLD:0.22727272727272727	FSACAGAA:0.22727272727272727	HFAYLEDL:0.22727272727272727	SACAGAAI:0.22727272727272727	
