cluster number:1924
GT2:23	GT2:23|GT4:1
PDPVCWTE:0.4782608695652174	ALNVGINV:0.34782608695652173	SLLRVMKP:0.2608695652173913	ENGGKADA:0.21739130434782608	KENGGKAD:0.21739130434782608	GINVSQYP:0.2608695652173913	INVSQYPY:0.2608695652173913	NVSQYPYF:0.2608695652173913	FVPDPVCW:0.21739130434782608	RRRWHQGL:0.391304347826087	IDGDSILD:0.34782608695652173	LSKFNLVL:0.2608695652173913	KADALNVG:0.391304347826087	LNVGINVS:0.34782608695652173	IEFVPDPV:0.21739130434782608	NLVLIISG:0.34782608695652173	DALNVGIN:0.391304347826087	KRIEFVPD:0.21739130434782608	EYLRAFLM:0.21739130434782608	NVGINVSQ:0.2608695652173913	IISGAFSV:0.4782608695652174	DPVCWTEA:0.4782608695652174	PVCWTEAP:0.4782608695652174	YFCSIDGD:0.4782608695652174	VPDPVCWT:0.21739130434782608	SKFNLVLI:0.2608695652173913	SQYPYFCS:0.2608695652173913	QYPYFCSI:0.2608695652173913	KFNLVLII:0.2608695652173913	DGEVIAAG:0.21739130434782608	VGINVSQY:0.2608695652173913	FWYRPLTL:0.34782608695652173	EVIAAGGN:0.21739130434782608	GAFSVFSK:0.4782608695652174	AFSVFSKK:0.34782608695652173	GKADALNV:0.391304347826087	ISGAFSVF:0.4782608695652174	EIIIINDG:0.43478260869565216	VLIISGAF:0.391304347826087	RIEFVPDP:0.21739130434782608	CSIDGDSI:0.4782608695652174	IIINDGST:0.5652173913043478	PYFCSIDG:0.4782608695652174	NGGKADAL:0.5217391304347826	VSQYPYFC:0.2608695652173913	GGKADALN:0.5217391304347826	SDGEVIAA:0.21739130434782608	LIISGAFS:0.4782608695652174	IIIINDGS:0.43478260869565216	GEDMELVV:0.4782608695652174	ALSKFNLV:0.2608695652173913	FCSIDGDS:0.4782608695652174	YLRAFLMG:0.21739130434782608	SGAFSVFS:0.4782608695652174	LLRVMKPI:0.34782608695652173	EFVPDPVC:0.21739130434782608	FNLVLIIS:0.2608695652173913	YPYFCSID:0.34782608695652173	QRRRWHQG:0.4782608695652174	LRAFLMGR:0.21739130434782608	SIDGDSIL:0.4782608695652174	IINDGSTD:0.5652173913043478	ADALNVGI:0.391304347826087	LVLIISGA:0.34782608695652173	IGEDMELV:0.30434782608695654	GEVIAAGG:0.21739130434782608	FSVFSKKW:0.34782608695652173	DGSTDNTE:0.21739130434782608	EDMELVVK:0.21739130434782608	MELVVKLH:0.21739130434782608	IIVPAYNE:0.2608695652173913	NDGSTDNT:0.6521739130434783	VNGGKADA:0.2608695652173913	DMELVVKL:0.21739130434782608	SLTEVFWY:0.21739130434782608	VNDGSTDN:0.21739130434782608	TQRRRWHQ:0.2608695652173913	KVNGGKAD:0.2608695652173913	LLFILYGS:0.21739130434782608	VCWTEAPD:0.2608695652173913	INDGSTDN:0.43478260869565216	DGSTDNTL:0.21739130434782608	
