cluster number:1738
GT2:23	GT2:23
LPLAAARN:0.5652173913043478	LAAARNAA:0.21739130434782608	DTDFGFRA:0.4782608695652174	GYGAEDTD:0.7391304347826086	YGAEDTDF:0.6956521739130435	LVFLDVDC:0.43478260869565216	GAEDTDFG:0.5217391304347826	EDTDFGFR:0.5217391304347826	PLAAARNA:0.2608695652173913	AEDTDFGF:0.4782608695652174	SLAFALRR:0.21739130434782608	FWSLAFAL:0.21739130434782608	GLFWSLAF:0.4782608695652174	LFWSLAFA:0.2608695652173913	LLFLDVDC:0.34782608695652173	ELIVVDMS:0.21739130434782608	WSLAFALR:0.21739130434782608	LFLDVDCI:0.34782608695652173	FLDVDCIP:0.7391304347826086	LDVDCIPA:0.21739130434782608	VFLDVDCI:0.391304347826087	HLAQLVEG:0.2608695652173913	YGGEDTDF:0.2608695652173913	LAQLVEGL:0.2608695652173913	LVEGLRRS:0.2608695652173913	SVLTIVRN:0.30434782608695654	GGEDTDFG:0.21739130434782608	QLVEGLRR:0.21739130434782608	LFWSLAFG:0.21739130434782608	ISVLTIVR:0.21739130434782608	GYGGEDTD:0.2608695652173913	VLTIVRNR:0.30434782608695654	DVDCIPMR:0.21739130434782608	RYLGPDDA:0.21739130434782608	FDEAFTGY:0.21739130434782608	GGFDEAFT:0.21739130434782608	AGLFWSLA:0.30434782608695654	LDVDCIPM:0.30434782608695654	YLGPDDAR:0.2608695652173913	DEAFTGYG:0.21739130434782608	NAGLFWSL:0.43478260869565216	GLPLAAAR:0.391304347826087	GFDEAFTG:0.21739130434782608	PLAAARNR:0.2608695652173913	AAARNRAA:0.21739130434782608	LAAARNRA:0.21739130434782608	TGYGAEDT:0.2608695652173913	FTGYGAED:0.2608695652173913	
