cluster number:223
GT2:12	GT2:12
ATHRRPEA:0.4166666666666667	DWELIRRY:0.4166666666666667	PDGVYTAL:0.25	LRRTPEVL:0.5	VLFEARNK:0.5833333333333334	REDWELIR:0.4166666666666667	LRRVLPDG:0.5	DGVYTALR:0.25	PSALVATV:0.25	PEALRAAV:0.4166666666666667	RLRRTPEV:0.5833333333333334	LWEPDHLE:0.5	LRAAVRSA:0.5	VVRNVGIR:0.6666666666666666	RAPWTLLK:0.25	DDNLWEPD:0.5833333333333334	SRLRRTPE:0.5833333333333334	ALRAAVRS:0.5	AVSLARNT:0.3333333333333333	FGWLVLFE:0.5833333333333334	GIRLTRSR:0.5833333333333334	VIATHRRP:0.5833333333333334	NLWEPDHL:0.5833333333333334	IVVDDGAG:0.5833333333333334	RRTPEVLP:0.5	GGPDGVYT:0.25	LFAVSLAR:0.3333333333333333	RYVAFLDD:0.75	RSRYVAFL:0.5833333333333334	VVIVVDDG:0.5	SRYVAFLD:0.6666666666666666	TRSRYVAF:0.5833333333333334	APWTLLKA:0.25	EAFLDTNA:0.5	TVIATHRR:0.5833333333333334	EDAETRRL:0.25	LVATVIAT:0.3333333333333333	NTGVAGVV:0.25	FLDDDNLW:0.5833333333333334	DTNAFVAR:0.6666666666666666	EDWELIRR:0.4166666666666667	SALVATVI:0.25	VAGVVRNV:0.25	VGIRLTRS:0.5833333333333334	FLDTNAFV:0.6666666666666666	VATVIATH:0.5	TNAFVARR:0.6666666666666666	RPEALRAA:0.4166666666666667	DQVVIVVD:0.5	TALRRVLP:0.4166666666666667	ATVIATHR:0.5	RNVGIRLT:0.6666666666666666	WLVLFEAR:0.5833333333333334	PEVLPRED:0.5	GVAGVVRN:0.25	QVVIVVDD:0.5	EALRAAVR:0.3333333333333333	RRPEALRA:0.4166666666666667	RLTRSRYV:0.5833333333333334	VAFLDDDN:0.8333333333333334	LHFSRLRR:0.5	AFLDTNAF:0.5833333333333334	FAVSLARN:0.3333333333333333	AGVVRNVG:0.5833333333333334	AFVARRSR:0.25	PREDWELI:0.5	DDDNLWEP:0.5833333333333334	RTPEVLPR:0.5	DNLWEPDH:0.5833333333333334	PGGPDGVY:0.3333333333333333	YVAFLDDD:0.8333333333333334	GWLVLFEA:0.5833333333333334	HRRPEALR:0.5	AFGWLVLF:0.3333333333333333	VDDGAGLP:0.75	GVYTALRR:0.25	LPREDWEL:0.5833333333333334	DDGAGLPE:0.5833333333333334	PRLFAVSL:0.5833333333333334	GAGLPELP:0.5833333333333334	AFLDDDNL:0.5833333333333334	GPDGVYTA:0.25	LVLFEARN:0.5833333333333334	LTRSRYVA:0.5833333333333334	AETRRLAA:0.25	VRNVGIRL:0.6666666666666666	VIVVDDGA:0.5833333333333334	THRRPEAL:0.5	RLFAVSLA:0.5	NVGIRLTR:0.5833333333333334	ALVATVIA:0.3333333333333333	TGVAGVVR:0.25	LDTNAFVA:0.6666666666666666	IRLTRSRY:0.5833333333333334	HFSRLRRT:0.5	EVLPREDW:0.5	ARAPWTLL:0.25	TPEVLPRE:0.5	IATHRRPE:0.4166666666666667	LDDDNLWE:0.5833333333333334	DPRLFAVS:0.5833333333333334	FSRLRRTP:0.75	ALRRVLPD:0.5	GVVRNVGI:0.5833333333333334	DGAGLPEL:0.5833333333333334	VYTALRRV:0.4166666666666667	VLPREDWE:0.5833333333333334	VVDDGAGL:0.75	NAFVARRS:0.25	YTALRRVL:0.4166666666666667	RAAVRSAL:0.5	RIARAPWE:0.25	ATAGVVRN:0.25	EPDHLEQA:0.4166666666666667	SVPFDRRR:0.4166666666666667	TAGVVRNV:0.3333333333333333	DHLEQALA:0.3333333333333333	AHEAFLDT:0.3333333333333333	RRVLPDGT:0.3333333333333333	RNKVLLAP:0.25	AAHEAFLD:0.25	FDRRRAAH:0.25	VARRNRSL:0.25	LARNTATA:0.25	RAAHEAFL:0.25	DVLSVPFD:0.6666666666666666	SFYTAWDG:0.25	DAVYTALR:0.4166666666666667	FVARRNRS:0.25	PDAVYTAL:0.4166666666666667	ARAPWELL:0.3333333333333333	RRIARAPW:0.25	TVRYLVNP:0.5833333333333334	PFDRRRAA:0.3333333333333333	SLARNTAT:0.25	WEPDHLEQ:0.4166666666666667	LSVPFDRR:0.5	IARAPWEL:0.25	PDHLEQAL:0.4166666666666667	RAPWELLK:0.4166666666666667	VPFDRRRA:0.3333333333333333	TATAGVVR:0.25	PREDWELV:0.25	NAFVARRN:0.25	AVYTALRR:0.4166666666666667	GPDAVYTA:0.4166666666666667	LPDDPRLF:0.25	HEAFLDTN:0.3333333333333333	APWELLKR:0.4166666666666667	VLSVPFDR:0.6666666666666666	RNTATAGV:0.25	NTATAGVV:0.25	RDVLSVPF:0.5	VSLARNTA:0.25	AFVARRNR:0.25	MRRIARAP:0.25	LRRFEDAE:0.25	LFEARNKL:0.25	ERDVLSVP:0.3333333333333333	DGTERDVL:0.3333333333333333	PTVRYLVN:0.5	LPDGTERD:0.25	LPRPTVRY:0.25	TERDVLSV:0.3333333333333333	RRFEDAET:0.25	EARNKLLL:0.25	AVRLRRFE:0.25	VRLRRFED:0.25	ALHFSRLR:0.3333333333333333	PRPTVRYL:0.3333333333333333	RLRRFEDA:0.25	FEARNKLL:0.25	PDGTERDV:0.3333333333333333	RVLPDGTE:0.25	RPTVRYLV:0.3333333333333333	WELIRRYA:0.25	ELIRRYAR:0.25	GGPDAVYT:0.3333333333333333	GTERDVLS:0.3333333333333333	AAVRSALA:0.25	PGGPDAVY:0.25	HLPRPTVR:0.25	AVRSALAQ:0.25	LPADPRLF:0.25	PADPRLFA:0.25	ADPRLFAV:0.25	
