cluster number:2551
GT2:44	GT2:44|GT94:1
SAARNRAL:0.25	VAATNNLL:0.3181818181818182	PGISAARN:0.2727272727272727	AATNNLLL:0.38636363636363635	TNNLLLDL:0.36363636363636365	GISAARNR:0.2727272727272727	ATNNLLLD:0.4318181818181818	ISAARNRA:0.2727272727272727	FIDDDERP:0.20454545454545456	VLLQGGRR:0.2727272727272727	AVHAEGGT:0.22727272727272727	LLQGGRRQ:0.29545454545454547	YWEDVDLS:0.38636363636363635	EVLLQGGR:0.25	LYWEDVDL:0.4318181818181818	YFLYWEDV:0.4772727272727273	VHAEGGTQ:0.25	FLYWEDVD:0.4772727272727273	LVFLDDDE:0.22727272727272727	IAAARNRA:0.25	GIAAARNR:0.25	PGIAAARN:0.22727272727272727	VVDNDPAG:0.2727272727272727	VVVDNDPA:0.25	AARNRALD:0.3409090909090909	AAARNRAL:0.22727272727272727	LLNPDATI:0.22727272727272727	LQGGRRQF:0.22727272727272727	GEDTLFTR:0.25	GGEDTLFT:0.25	AYEVLLQG:0.20454545454545456	LLLNPDAT:0.22727272727272727	NNLLLDLR:0.22727272727272727	LTYRRPDD:0.25	DYFLYWED:0.20454545454545456	AVVVVNYG:0.20454545454545456	YVHEPTPG:0.20454545454545456	WEDVDLSR:0.20454545454545456	EDTLFTRQ:0.22727272727272727	RTLARGAG:0.20454545454545456	TPGISAAR:0.20454545454545456	DTLFTRQL:0.22727272727272727	IAYEVLLQ:0.20454545454545456	YEVLLQGG:0.20454545454545456	VHEPTPGI:0.20454545454545456	TLFTRQLV:0.20454545454545456	
