cluster number:1243
GT2:76	GT2:76|GT4:1
HAGVVLGY:0.23684210526315788	VSLIIPTK:0.2236842105263158	RIQHAGVV:0.25	INNDIEVI:0.23684210526315788	AYNPNLTL:0.21052631578947367	PEKAARFN:0.2236842105263158	GYGGGAGH:0.2631578947368421	QHAGVVLG:0.32894736842105265	GCVGAKLL:0.25	AFNDVDFC:0.6578947368421053	HHESVSRG:0.3157894736842105	NNDIEVIS:0.27631578947368424	PLVSLIIP:0.23684210526315788	SAVTAACL:0.6973684210526315	NDVDFCLR:0.2894736842105263	IQHAGVVL:0.25	IGCVGAKL:0.47368421052631576	YGGGAGHA:0.2631578947368421	VGAKLLYS:0.21052631578947367	LIIPTKNG:0.2236842105263158	AVTAACLL:0.5657894736842105	SLIIPTKN:0.2236842105263158	VVLGYGGG:0.2236842105263158	YSAVTAAC:0.32894736842105265	IIPTKNGK:0.2236842105263158	TAACLLVK:0.2236842105263158	GGGAGHAH:0.2631578947368421	GGAGHAHK:0.2631578947368421	LINNDIEV:0.23684210526315788	VAFNDVDF:0.5921052631578947	GAKLLYSD:0.21052631578947367	CVGAKLLY:0.25	VTAACLLV:0.39473684210526316	AGVVLGYG:0.23684210526315788	FNDVDFCL:0.631578947368421	GLINNDIE:0.25	VLGYGGGA:0.2236842105263158	ESVSRGLD:0.2236842105263158	NYSAVTAA:0.2631578947368421	LVSLIIPT:0.23684210526315788	HESVSRGL:0.2236842105263158	LGYGGGAG:0.2236842105263158	AELYHHES:0.4342105263157895	GVVLGYGG:0.2236842105263158	VGAKLYYP:0.23684210526315788	FNYSAINN:0.8289473684210527	EIGCVGAK:0.2894736842105263	GIGGVAGH:0.23684210526315788	WELCIADD:0.27631578947368424	RPEIGCVG:0.23684210526315788	LSAVTAAC:0.25	VALLDHDD:0.2236842105263158	TPYAELYH:0.23684210526315788	LGIGGVAG:0.23684210526315788	NDVDFCLK:0.3684210526315789	LWTPYAEL:0.21052631578947367	VILGIGGV:0.2631578947368421	HPFNYSAI:0.2894736842105263	ILGIGGVA:0.23684210526315788	GVAGHSHK:0.21052631578947367	NLWTPYAE:0.2236842105263158	DVDFCLKV:0.3684210526315789	CVGAKLYY:0.40789473684210525	GGVAGHSH:0.21052631578947367	PEIGCVGA:0.23684210526315788	GVILGIGG:0.2631578947368421	GCVGAKLY:0.40789473684210525	PFNYSAIN:0.631578947368421	WTPYAELY:0.23684210526315788	NYSAINNF:0.631578947368421	YSAINNFA:0.21052631578947367	SAINNFGV:0.2631578947368421	YSAINNFG:0.42105263157894735	VGCVGAKL:0.21052631578947367	HHESISRG:0.23684210526315788	LCIADDAS:0.23684210526315788	REAGYRNL:0.21052631578947367	GYRNLWTP:0.2894736842105263	YRNLWTPY:0.21052631578947367	RNLWTPYA:0.2236842105263158	EAGYRNLW:0.21052631578947367	VREAGYRN:0.21052631578947367	AGYRNLWT:0.25	
