cluster number:1064
GT2:41	GT2:41
GPSADGTT:0.3902439024390244	GTTGMVRD:0.24390243902439024	IVVNGPSA:0.24390243902439024	ALDGFDEY:0.4634146341463415	TTGMVRDR:0.24390243902439024	NGPSADGT:0.4878048780487805	VVVPTLNG:0.4146341463414634	ADGTTGMV:0.36585365853658536	VVPTLNGR:0.4146341463414634	LDGFDEYL:0.7560975609756098	DGTTGMVR:0.3902439024390244	SADGTTGM:0.3902439024390244	PSADGTTG:0.3902439024390244	VIVVNGPS:0.3902439024390244	VVNGPSAD:0.43902439024390244	EVIVVNGP:0.36585365853658536	LEALDGFD:0.21951219512195122	VNGPSADG:0.43902439024390244	EALDGFDE:0.3170731707317073	SVVVPTLN:0.4634146341463415	LSVVVPTL:0.34146341463414637	YRLVKNYG:0.2926829268292683	RDAAHRLA:0.3902439024390244	NVARNAGI:0.2682926829268293	LNVARNAG:0.24390243902439024	TYFNGGNV:0.21951219512195122	VTYFNGGN:0.21951219512195122	TGGARDAA:0.24390243902439024	GGARDAAH:0.2926829268292683	GARDAAHR:0.2926829268292683	YFNGGNVA:0.21951219512195122	ARDAAHRL:0.36585365853658536	YRLAKNYG:0.3902439024390244	DDVDVLVE:0.2926829268292683	VLVEISER:0.2926829268292683	DVLVEISE:0.2926829268292683	DVDVLVEI:0.43902439024390244	RDDVDVLV:0.2926829268292683	VDVLVEIS:0.34146341463414637	VNGPSSDG:0.34146341463414637	GPSSDGTT:0.24390243902439024	LVEISERN:0.2682926829268293	IVVNGPSS:0.24390243902439024	PSSDGTTG:0.24390243902439024	VSTLNDRE:0.24390243902439024	NGPSSDGT:0.34146341463414637	SVVVSTLN:0.24390243902439024	VVVSTLND:0.24390243902439024	VVNGPSSD:0.34146341463414637	VVSTLNDR:0.2682926829268293	DGFDEYLE:0.3170731707317073	DAAHRLAG:0.2926829268292683	
