cluster number:775
GT2:12	GT2:12|GT4:11
YPDVAAAG:0.3333333333333333	DDWAHPQK:0.5	ADTEYYYR:0.25	IFGAERSL:0.3333333333333333	FGAERSLL:0.5833333333333334	DADDWAHP:0.4166666666666667	ADDWAHPQ:0.4166666666666667	ERSLLDLA:0.25	SFGRTVAE:0.6666666666666666	NADTEYYY:0.25	FGRTVAEA:0.75	AERSLLDL:0.25	ESFGRTVA:0.6666666666666666	GAERSLLD:0.6666666666666666	GRTVAEAM:0.6666666666666666	RTVAEAML:0.25	SSNLPKKG:0.25	VTQYGGVR:0.3333333333333333	RTVAEAMS:0.3333333333333333	TQYGGVRK:0.3333333333333333	VRELVEFD:0.3333333333333333	KESFGRTV:0.4166666666666667	LTVMDADD:0.3333333333333333	EGRYPSPL:0.25	SNVKKKGV:0.3333333333333333	HVRELVEF:0.3333333333333333	TVSHWVRC:0.3333333333333333	GVRKQYMD:0.3333333333333333	ADTEFYER:0.4166666666666667	VNADTEFY:0.3333333333333333	FKESFGRT:0.4166666666666667	GRYPSPLF:0.25	SSNVKKKG:0.3333333333333333	PQKIEKQV:0.3333333333333333	AERSLLDM:0.3333333333333333	NADTEFYE:0.4166666666666667	AHPQKIEK:0.5	HPQKIEKQ:0.5	YGGVRKQY:0.3333333333333333	KGTVSHWV:0.25	GTVSHWVR:0.25	QYGGVRKQ:0.3333333333333333	GGVRKQYM:0.3333333333333333	PLSFGRTH:0.25	SDYFIANS:0.25	THLVTQYG:0.3333333333333333	VKVNADTE:0.25	IIAVDDAS:0.25	VMDADDWA:0.3333333333333333	FDPEWYLK:0.25	LSSNVKKK:0.25	EIIAVDDA:0.25	HLVTQYGG:0.3333333333333333	DEVKVNAD:0.25	IAVDDAST:0.25	WDEVKVNA:0.25	HRNVSSLL:0.25	AVDDASTD:0.25	WAHPQKIE:0.4166666666666667	MLSSNVKK:0.25	DWAHPQKI:0.4166666666666667	MDADDWAH:0.3333333333333333	NIEIIAVD:0.25	WVHRNVSS:0.25	VSIIVPVF:0.25	CMLSSNVK:0.25	TVAEAMSL:0.25	FLTVMDAD:0.25	TVMDADDW:0.3333333333333333	EVKVNADT:0.25	KVNADTEF:0.25	KEYFDPEW:0.25	LVTQYGGV:0.25	YFDPEWYL:0.25	IIVPVFNA:0.25	IEIIAVDD:0.25	KVSIIVPV:0.25	VAEAMSLG:0.25	DTEFYERC:0.25	EYFDPEWY:0.25	VHRNVSSL:0.4166666666666667	SIIVPVFN:0.25	VPLSFGRT:0.3333333333333333	
