cluster number:2126
GT2:301	GT2:301
VGDFRLLS:0.47840531561461797	KYISFSRN:0.2292358803986711	VKYISFSR:0.2159468438538206	YIGRIYYE:0.6179401993355482	SFNNKPLR:0.29900332225913623	MDADLQHP:0.4983388704318937	SFSRNFGK:0.6611295681063123	DGVGDFRL:0.5116279069767442	GRIYYETK:0.3089700996677741	ISFSRNFG:0.4717607973421927	IGEYIGRI:0.4584717607973422	GDFRLLSR:0.4219269102990033	GEYIGRIY:0.6511627906976745	EYIGRIYY:0.6179401993355482	YISFSRNF:0.3089700996677741	RNFGKEAA:0.6611295681063123	NRFSKGLF:0.627906976744186	EGYDQVIA:0.25249169435215946	FSRNFGKE:0.770764119601329	GVGDFRLL:0.47840531561461797	SRNFGKEA:0.6511627906976745	IGRIYYET:0.30564784053156147	YNRFSKGL:0.4485049833887043	LQHPPELI:0.23588039867109634	EYNRFSKG:0.5083056478405316	ISFNNKPL:0.2026578073089701	DLQHPPEL:0.31561461794019935	NYGIDGLI:0.21926910299003322	FRLLSQRA:0.2159468438538206	IGRIYYEV:0.3023255813953488	IDGLISFN:0.26245847176079734	RLLSQRAV:0.2026578073089701	GRIYYEVK:0.37209302325581395	YGIDGLIS:0.21926910299003322	DFRLLSQR:0.23920265780730898	GDFRLLSQ:0.2425249169435216	YDQVIAKR:0.21926910299003322	GYDQVIAK:0.21926910299003322	GIDGLISF:0.21926910299003322	NFGKEAAM:0.38870431893687707	LLNYGIDG:0.24916943521594684	SFNNRPLR:0.21926910299003322	ADLQHPPE:0.31893687707641194	DADLQHPP:0.4883720930232558	SKGLFSWI:0.21262458471760798	KGLFSWIG:0.21262458471760798	RFSKGLFS:0.24916943521594684	FSKGLFSW:0.24916943521594684	DFRLLSRR:0.2159468438538206	VIGEYIGR:0.24584717607973422	GVIGEYIG:0.24584717607973422	IMDADLQH:0.24584717607973422	
