cluster number:183
GT2:38	GT2:38
SVVGAAGE:0.39473684210526316	KWDAELYS:0.23684210526315788	LKKWDAEL:0.23684210526315788	VLRWTITP:0.21052631578947367	KKWDAELY:0.23684210526315788	YSVVGAAG:0.3157894736842105	LYSVVGAA:0.2894736842105263	SHRVLRWT:0.7105263157894737	HRVLRWTI:0.2631578947368421	GAAGELFS:0.4473684210526316	VVGAAGEL:0.4473684210526316	ELYSVVGA:0.2894736842105263	VGAAGELF:0.6842105263157895	RVLRWTIT:0.21052631578947367	EGFYWKYE:0.3684210526315789	TDANTFLN:0.34210526315789475	GEGFYWKY:0.3684210526315789	EELKRKVR:0.2894736842105263	SFQYISHR:0.3157894736842105	ISHRVLRW:0.5526315789473685	VVFTDANT:0.21052631578947367	QYISHRVL:0.5263157894736842	IAAGGIQS:0.21052631578947367	GFYWKYES:0.3684210526315789	RIAAGGIQ:0.2631578947368421	ALFVPYYF:0.21052631578947367	VLRWTVTP:0.21052631578947367	YISHRVLR:0.5263157894736842	FTDANTFL:0.34210526315789475	AAGGIQSI:0.21052631578947367	WKYESALK:0.23684210526315788	AGEGFYWK:0.3684210526315789	HRVLRWTV:0.23684210526315788	YWKYESAL:0.23684210526315788	VFTDANTF:0.3157894736842105	KALFVPYY:0.21052631578947367	QSAAWEKS:0.21052631578947367	FYWKYESA:0.21052631578947367	LSFQYISH:0.3157894736842105	FQYISHRV:0.5263157894736842	ELKRKVRI:0.2894736842105263	RVLRWTVT:0.21052631578947367	VGAVAGEK:0.39473684210526316	GAVAGEKR:0.34210526315789475	KVGAVAGE:0.34210526315789475	AVAGEKRI:0.2894736842105263	GELFSIRT:0.21052631578947367	AAGELFSI:0.2894736842105263	ELKRKIRI:0.5263157894736842	EELKRKIR:0.5263157894736842	AGELFSIR:0.2631578947368421	LIAAYNEE:0.21052631578947367	RKVRISAG:0.21052631578947367	VKEELKRK:0.34210526315789475	AAGELFAI:0.2631578947368421	PYYFFIMN:0.23684210526315788	AYAIETAS:0.21052631578947367	KVGCVSGE:0.23684210526315788	SANVKEEL:0.21052631578947367	GELFAIRT:0.2894736842105263	YYFFIMNL:0.23684210526315788	FVPYYFFI:0.23684210526315788	AGELFAIR:0.2631578947368421	ISAGGIQS:0.23684210526315788	ASANVKEE:0.21052631578947367	ANVKEELK:0.21052631578947367	RISAGGIQ:0.2631578947368421	CVSGEKRI:0.21052631578947367	LDDFIISL:0.21052631578947367	VPYYFFIM:0.23684210526315788	KRKVRISA:0.21052631578947367	LFVPYYFF:0.21052631578947367	VGCVSGEK:0.2631578947368421	DDFIISLR:0.21052631578947367	GAAGELFA:0.2631578947368421	NVKEELKR:0.2631578947368421	GCVSGEKR:0.2631578947368421	MIAMRIAE:0.21052631578947367	KRKIRIAA:0.3157894736842105	TFQYISHR:0.21052631578947367	SSAGEGFY:0.21052631578947367	RKIRIAAG:0.3157894736842105	DDHMIAMR:0.21052631578947367	LKRKIRIA:0.3157894736842105	KEELKRKI:0.2631578947368421	DTIIDDHM:0.21052631578947367	DASSAGEG:0.21052631578947367	IRIAAGGI:0.21052631578947367	KIRIAAGG:0.3157894736842105	SAGEGFYW:0.21052631578947367	IIDDHMIA:0.21052631578947367	DHMIAMRI:0.21052631578947367	HMIAMRIA:0.21052631578947367	TIIDDHMI:0.21052631578947367	GKMAAIKR:0.21052631578947367	IDDHMIAM:0.21052631578947367	ASSAGEGF:0.21052631578947367	HRVLRWTL:0.21052631578947367	
