cluster number:2034
GT2:12	GT2:12
VGPYLDAS:0.25	IINDASTD:0.25	GDYFYEDN:0.4166666666666667	YPEGDYFY:0.25	FVDSDDWV:0.25	IIIIDDGS:0.25	PYLDASIL:0.25	EDNPLHWF:0.3333333333333333	GFVDSDDW:0.25	TLGGAGIP:0.3333333333333333	PVPWRKLY:0.5	AGRARNSV:0.25	FNTLGGAG:0.25	LINYPWNR:0.4166666666666667	ISYHRMAR:0.25	RARNSVIP:0.25	IIIDDGSN:0.3333333333333333	KYIGFVDS:0.25	NYPWNRII:0.25	VVHNDIPY:0.25	MPVFNVGP:0.25	EGDYFYED:0.4166666666666667	VPWRKLYL:0.25	HRMAREGQ:0.25	YFYEDNPL:0.3333333333333333	LHDENIFF:0.25	IIDDGSND:0.3333333333333333	FNVGPYLD:0.25	FGPTVVHN:0.25	YPWNRIIK:0.25	IDDGSNDN:0.3333333333333333	SYHRMARE:0.25	IGFVDSDD:0.25	DYFYEDNP:0.4166666666666667	NTLGGAGI:0.3333333333333333	LGGAGIPS:0.3333333333333333	GPYLDASI:0.25	INYPWNRI:0.25	TVVHNDIP:0.25	TYFLDADD:0.25	GAGIPSNI:0.4166666666666667	GRARNSVI:0.25	LSPVPWRK:0.3333333333333333	GPTVVHND:0.25	AGIPSNIG:0.4166666666666667	IFFGPTVV:0.25	HDENIFFG:0.25	FFGPTVVH:0.25	MAREGQTM:0.25	PEGDYFYE:0.4166666666666667	FYEDNPLH:0.3333333333333333	IIINDAST:0.25	ITNISDSR:0.25	FRLSPVPW:0.25	NDIPYHWH:0.25	IPYHWHSI:0.25	DASILSVL:0.25	NIFFGPTV:0.25	TNISDSRR:0.25	GAGRARNS:0.3333333333333333	LDASILSV:0.25	DNPLHWFV:0.3333333333333333	DIPYHWHS:0.25	YLDASILS:0.25	GIPSNIGI:0.3333333333333333	RMAREGQT:0.25	YEDNPLHW:0.3333333333333333	LLHDENIF:0.25	LIIINDAS:0.25	NVGPYLDA:0.25	VDSDDWVS:0.25	VHNDIPYH:0.25	KGKYIGFV:0.25	YTYFLDAD:0.25	PWNRIIKT:0.25	GGAGIPSN:0.4166666666666667	RLSPVPWR:0.3333333333333333	AKGKYIGF:0.25	DDGSNDNT:0.3333333333333333	VFNVGPYL:0.25	GKYIGFVD:0.3333333333333333	QITNISDS:0.25	SPVPWRKL:0.4166666666666667	NPLHWFVL:0.3333333333333333	PVFNVGPY:0.25	PLHWFVLS:0.25	HNDIPYHW:0.25	AELVIGDF:0.25	YHRMAREG:0.25	YIGFVDSD:0.25	ARNSVIPL:0.25	
