cluster number:130
GT2:73	GT2:73|GH5_2:1
SFYNADIF:0.4520547945205479	NEQDFFSR:0.4794520547945205	VQTPQSFY:0.589041095890411	YNADIFQF:0.4246575342465753	RWGEIQET:0.2191780821917808	EQDFFSRD:0.3150684931506849	LFTGSNAV:0.2054794520547945	KAKKFKVT:0.2054794520547945	ALFTGSNA:0.2328767123287671	RTRWARGV:0.2602739726027397	GGFPTDTI:0.4246575342465753	ARGVIQSC:0.2054794520547945	GSVITFWL:0.3424657534246575	DDGNRPEV:0.2328767123287671	IKQRTRWA:0.2602739726027397	DTITEDFE:0.4520547945205479	TPQSFYNA:0.5342465753424658	QSFYNADI:0.4520547945205479	TITEDFEL:0.4931506849315068	RGVIQSCR:0.2191780821917808	FTGSNAVF:0.2328767123287671	RWARGVIQ:0.2465753424657534	APGYFLLH:0.2876712328767123	GFPTDTIT:0.4246575342465753	NADIFQFN:0.4246575342465753	VGGFPTDT:0.3972602739726027	GIKAKKFK:0.2054794520547945	FPTDTITE:0.4657534246575342	TRWARGVI:0.2054794520547945	TFFAPYLF:0.3013698630136986	FVQTPQSF:0.5342465753424658	IRNERWGE:0.2602739726027397	LIFALLLV:0.2191780821917808	FAPYLFIP:0.3698630136986301	APYLFIPV:0.2191780821917808	QRTRWARG:0.3150684931506849	VGSVITFW:0.2465753424657534	DYPDKSKV:0.2191780821917808	GFVQTPQS:0.5342465753424658	GVIQSCRN:0.2191780821917808	ADIFQFNL:0.4246575342465753	WAPGYFLL:0.2876712328767123	IKAKKFKV:0.2054794520547945	QDFFSRDV:0.2328767123287671	ITEDFELG:0.4931506849315068	FYNADIFQ:0.4520547945205479	PTDTITED:0.4657534246575342	QETFFAPY:0.3013698630136986	TEDFELGT:0.2465753424657534	KQRTRWAR:0.3013698630136986	DFFSRDVN:0.2328767123287671	VIKQRTRW:0.2465753424657534	QVVNANFW:0.2328767123287671	ETFFAPYL:0.3287671232876712	FFAPYLFI:0.2191780821917808	GSNAVFLR:0.2054794520547945	DIFQFNLF:0.4246575342465753	TGSNAVFL:0.2054794520547945	QTPQSFYN:0.8356164383561644	PQSFYNAD:0.5616438356164384	TDTITEDF:0.4657534246575342	WARGVIQS:0.2465753424657534	QSFYNPDL:0.2054794520547945	ATFDADMI:0.5068493150684932	SPLIATFD:0.2054794520547945	PLIATFDA:0.2054794520547945	IATFDADM:0.2465753424657534	FYNPDLFQ:0.2191780821917808	TPQSFYNP:0.2602739726027397	AKAGNLNN:0.2328767123287671	PQSFYNPD:0.273972602739726	ITEDFATG:0.2328767123287671	KAGNLNNA:0.2602739726027397	SFYNPDLF:0.2054794520547945	LIATFDAD:0.2054794520547945	TFDADMIP:0.589041095890411	PDKSKVHI:0.3013698630136986	YPDKSKVH:0.3835616438356164	DKSKVHIY:0.2191780821917808	VATFDADM:0.273972602739726	PLVATFDA:0.273972602739726	NYGKFGSE:0.3287671232876712	IPNEQDFF:0.2876712328767123	LVATFDAD:0.273972602739726	FNYGKFGS:0.3287671232876712	PNEQDFFS:0.4931506849315068	SPLVATFD:0.273972602739726	DVLIATHN:0.2465753424657534	VLIATHNE:0.2465753424657534	LGFVQTPQ:0.2876712328767123	FDADMIPY:0.3424657534246575	ETIFAPYL:0.2328767123287671	PMASGLTP:0.273972602739726	SVITFWLL:0.2465753424657534	ASGLTPTD:0.2465753424657534	MASGLTPT:0.2465753424657534	ITFWLLMH:0.2054794520547945	PLGFVQTP:0.273972602739726	VITFWLLM:0.2054794520547945	IFQFNLFS:0.3424657534246575	SCRNLHIF:0.2465753424657534	FQFNLFSE:0.3424657534246575	QSCRNLHI:0.2328767123287671	YTGSNTVI:0.2054794520547945	FLLETVPY:0.273972602739726	TEDFELGV:0.2328767123287671	LLETVPYF:0.273972602739726	IQTPQSFY:0.2465753424657534	EDFELGVR:0.2191780821917808	APILYTVF:0.2465753424657534	LETVPYFV:0.2054794520547945	
