cluster number:961
GT2:45	GT2:45
IIDDGSSD:0.2222222222222222	DDGSSDKT:0.2	IDDGSSDK:0.2	GGLQRFFD:0.7111111111111111	DDLDLSFR:0.5333333333333333	TDDLDLSF:0.5333333333333333	GGGKSGAL:0.8222222222222222	SGGGKSGA:0.2222222222222222	AVQLRKAV:0.4	RWAEGGLQ:0.8	LDLSFRLL:0.35555555555555557	LRGNGQLI:0.5555555555555556	GKSGALNY:0.2	SAVQLRKA:0.37777777777777777	SMEMAMDA:0.2	KSGALNYA:0.2	WAEGGLQR:0.8	LQRFFDYW:0.4444444444444444	GLQRFFDY:0.7111111111111111	ELRGNGQL:0.7111111111111111	QSMEMAMD:0.2	SGALNYAL:0.2	IPWVTIKM:0.2	GGKSGALN:0.8444444444444444	DLDLSFRL:0.35555555555555557	AEGGLQRF:0.8	VQLRKAVI:0.24444444444444444	EGGLQRFF:0.7111111111111111	VIPWVTIK:0.2	CQSMEMAM:0.2	TVTDDLDL:0.6666666666666666	PPVQEEAV:0.3111111111111111	GGFNEDTV:0.24444444444444444	KRLVWAKT:0.28888888888888886	QRWAEGGL:0.6444444444444445	IGILWDPP:0.28888888888888886	CGCAGAAP:0.2	DLACFFLL:0.2222222222222222	EMALDAVI:0.2	PKRLVWAK:0.28888888888888886	GWSAVQLR:0.4	DPPVQEEA:0.24444444444444444	GFNEDTVT:0.24444444444444444	EWLLVLDA:0.26666666666666666	AMEMALDA:0.24444444444444444	AGGGKSGA:0.5777777777777777	EDTVTDDL:0.4222222222222222	RQRQRWAE:0.24444444444444444	VTDDLDLS:0.5777777777777777	LLVLDADA:0.3333333333333333	VVVAARDE:0.3111111111111111	GILWDPPV:0.3333333333333333	ALWRQRQR:0.2222222222222222	DTVTDDLD:0.4222222222222222	QAMEMALD:0.24444444444444444	FNEDTVTD:0.4222222222222222	WSAVQLRK:0.6222222222222222	NEDTVTDD:0.4222222222222222	WFVVIPWV:0.28888888888888886	LACFFLLQ:0.2222222222222222	ACGCAGAA:0.2	FVVIPWVT:0.24444444444444444	AELRGNGQ:0.2222222222222222	WDPPVQEE:0.28888888888888886	GEWLLVLD:0.26666666666666666	QRQRWAEG:0.6444444444444445	HWFVVIPW:0.3111111111111111	GCAGAAPH:0.2	LPKRLVWA:0.2222222222222222	LDADAQLQ:0.35555555555555557	WLLVLDAD:0.35555555555555557	QRFFDYWP:0.4222222222222222	LWRQRQRW:0.24444444444444444	LVLDADAQ:0.2	GGWSAVQL:0.37777777777777777	LWDPPVQE:0.28888888888888886	WRQRQRWA:0.24444444444444444	VVAARDEE:0.28888888888888886	VLDADAQL:0.2222222222222222	CAGAAPHW:0.2	DVVVAARD:0.3111111111111111	MEMALDAV:0.2	RQRWAEGG:0.6444444444444445	ACFFLLQY:0.2222222222222222	MALDAVIQ:0.2	LVWAKTSH:0.28888888888888886	RLVWAKTS:0.2222222222222222	VSELRGNG:0.3333333333333333	AARDEENV:0.28888888888888886	NAGGGKSG:0.35555555555555557	HWFLVIPW:0.2222222222222222	RGNGQLIK:0.2222222222222222	LQRFFDYG:0.24444444444444444	AVQLRKSV:0.26666666666666666	WFLVIPWV:0.2222222222222222	VAARDEEN:0.28888888888888886	ARDEENVI:0.28888888888888886	SELRGNGQ:0.3333333333333333	LVAARDEE:0.35555555555555557	DLDLSLRL:0.2	GVSELRGN:0.3333333333333333	LDLSLRLL:0.2	SAVQLRKS:0.26666666666666666	ILDADAQL:0.24444444444444444	IIDDGSQD:0.2	GKSGALNT:0.24444444444444444	AARDEEAV:0.2	YWPLSIVA:0.24444444444444444	WPLSIVAF:0.24444444444444444	ARDEEAVV:0.2	DLSFRLLT:0.2	VAARDEEA:0.2	ALWKQRQR:0.2	AGAAPHWL:0.2222222222222222	KQRQRWAE:0.2222222222222222	IPWVTLRM:0.2222222222222222	GAAPHWLD:0.2	LWKQRQRW:0.2	WKQRQRWA:0.2	
