cluster number:825
GT2:23	GT2:23
VNGFDERM:0.391304347826087	HLDHARGY:0.2608695652173913	VIFTTYNS:0.21739130434782608	IFTTYNSP:0.21739130434782608	SGGYFKLP:0.5217391304347826	LEKVLWGF:0.2608695652173913	WLEKVLWG:0.34782608695652173	TDGDCIPR:0.43478260869565216	SVIFTTYN:0.21739130434782608	FLSGGYFK:0.43478260869565216	LSGGYFKL:0.5652173913043478	GGYFKLPM:0.34782608695652173	WNGHNASG:0.2608695652173913	PTWNGHNA:0.21739130434782608	GFDERMQY:0.2608695652173913	FDERMQYG:0.2608695652173913	TWNGHNAS:0.2608695652173913	NGFDERMQ:0.2608695652173913	IIADDGST:0.21739130434782608	DRELGERL:0.30434782608695654	DERMQYGG:0.30434782608695654	FTDGDCIP:0.391304347826087	NGHNASGW:0.2608695652173913	KCRILNKA:0.21739130434782608	SVIISTYN:0.21739130434782608	IFTDGDCI:0.21739130434782608	
