cluster number:613
GT2:23	GT2:23
FLDADDQL:0.21739130434782608	VSSARNLG:0.4782608695652174	VVDDGSTD:0.4782608695652174	NGGVSSAR:0.6086956521739131	ENGGVSSA:0.2608695652173913	GGVSSARN:0.6086956521739131	GVSSARNL:0.4782608695652174	VDDGSTDG:0.21739130434782608	LVVDDGST:0.43478260869565216	KENGGVSS:0.2608695652173913	DDGSTDGS:0.30434782608695654	LFLDADDQ:0.21739130434782608	ILFLDADD:0.21739130434782608	VLVVDDGS:0.30434782608695654	SSARNLGI:0.30434782608695654	KSNGGVSS:0.21739130434782608	EVLVVDDG:0.2608695652173913	SNGGVSSA:0.21739130434782608	
