cluster number:478
GT2:29	GT2:29|GT4:19
FEGSQDYD:0.2413793103448276	LCIADDCS:0.2413793103448276	ISAATNSA:0.3103448275862069	ELLLSYMY:0.3103448275862069	NWELCIAD:0.20689655172413793	VAIIIPTK:0.2413793103448276	SPELLLSY:0.3448275862068966	PQFKPDWS:0.3793103448275862	VMPVYNPP:0.2413793103448276	NLNLEGAP:0.20689655172413793	RFAPQFKP:0.3448275862068966	ELCIADDC:0.2413793103448276	GPSVAIII:0.20689655172413793	PGSTAASG:0.27586206896551724	PDWSPELL:0.3448275862068966	ADIFVCTS:0.20689655172413793	SVAIIIPT:0.20689655172413793	YSDDDKID:0.3793103448275862	KPDWSPEL:0.3448275862068966	KRFAPQFK:0.20689655172413793	AIIIPTKN:0.2413793103448276	FAPQFKPD:0.3103448275862069	WELCIADD:0.41379310344827586	FLNNDTEV:0.27586206896551724	GARLLYPD:0.3793103448275862	FAVAYNDA:0.27586206896551724	AVAYNDAD:0.27586206896551724	PELLLSYM:0.3103448275862069	LFLNNDTE:0.41379310344827586	GSTAASGD:0.20689655172413793	SAATNSAA:0.3103448275862069	WSPELLLS:0.3793103448275862	IIIPTKNQ:0.27586206896551724	AADIFVCT:0.20689655172413793	FKPDWSPE:0.3103448275862069	QFKPDWSP:0.3793103448275862	PDALAEIA:0.20689655172413793	HNLNLEGA:0.20689655172413793	GKRFAPQF:0.20689655172413793	PSVAIIIP:0.20689655172413793	GFEGSQDY:0.2413793103448276	DWSPELLL:0.3448275862068966	APQFKPDW:0.3448275862068966	ERKQRLGR:0.20689655172413793	GTVCERKG:0.27586206896551724	RSGTSLTA:0.2413793103448276	NISAATNS:0.20689655172413793	DNDDELTP:0.20689655172413793	ILLLGTVC:0.20689655172413793	LVLYHWRT:0.20689655172413793	DADYGYRL:0.20689655172413793	DFALRATE:0.20689655172413793	ESEPWQTY:0.20689655172413793	PLVLYHWR:0.20689655172413793	GNISAATN:0.2413793103448276	GLHHGLAG:0.20689655172413793	HHGLAGHA:0.20689655172413793	GLAGHAFK:0.27586206896551724	WKDPRTTL:0.20689655172413793	GMHRSGTS:0.2413793103448276	LFAGWCCH:0.20689655172413793	SQDYDFAL:0.2413793103448276	LDNDDELT:0.20689655172413793	LHHGLAGH:0.20689655172413793	VAYNDADY:0.20689655172413793	SGTSLTAS:0.2413793103448276	NYSAVTAA:0.2413793103448276	GSQDYDFA:0.2413793103448276	LYSDDDKI:0.2413793103448276	TVCERKGQ:0.27586206896551724	FLDNDDEL:0.20689655172413793	ENGNISAA:0.20689655172413793	HGLHHGLA:0.20689655172413793	SEPWQTYF:0.20689655172413793	DDELTPDA:0.20689655172413793	LPKISVVM:0.20689655172413793	YDFALRAT:0.20689655172413793	DELTPDAL:0.20689655172413793	HESEPWQT:0.20689655172413793	KISVVMPV:0.20689655172413793	PKISVVMP:0.20689655172413793	AYNDADYG:0.20689655172413793	GTSLTASL:0.2413793103448276	WGWKDPRT:0.2413793103448276	NGNISAAT:0.2413793103448276	EGSQDYDF:0.2413793103448276	QDYDFALR:0.27586206896551724	MHRSGTSL:0.2413793103448276	YSAVTAAC:0.27586206896551724	GWKDPRTT:0.20689655172413793	NDADYGYR:0.20689655172413793	DYDFALRA:0.20689655172413793	NDDELTPD:0.20689655172413793	HGLAGHAF:0.20689655172413793	YNDADYGY:0.20689655172413793	LAGHAFKL:0.27586206896551724	HRSGTSLT:0.2413793103448276	ISVVMPVY:0.20689655172413793	VAYNDVDY:0.20689655172413793	GAVGARLL:0.3793103448275862	AVGARLLY:0.3448275862068966	VGARLLYP:0.3448275862068966	VGAVGARL:0.4827586206896552	ARLLYPDG:0.27586206896551724	CTSRIESY:0.2413793103448276	PYRVIFVA:0.20689655172413793	TVCDRKGQ:0.20689655172413793	TSRIESYP:0.2413793103448276	LLLSYMYM:0.20689655172413793	LSYMYMGH:0.20689655172413793	SRIESYPR:0.2413793103448276	GTVCDRKG:0.20689655172413793	LLSYMYMG:0.20689655172413793	SAVTAACL:0.3448275862068966	TAACLLTP:0.20689655172413793	AVTAACLL:0.20689655172413793	VTAACLLT:0.20689655172413793	ITTPVFGI:0.2413793103448276	SVVMPVYN:0.20689655172413793	VVMPVYNP:0.20689655172413793	RIESYPRV:0.20689655172413793	QHAGVVIG:0.20689655172413793	RIQHAGVV:0.20689655172413793	HHESVSRG:0.20689655172413793	YPDGRIQH:0.2413793103448276	LLYPDGRI:0.2413793103448276	DGRIQHAG:0.2413793103448276	RLLYPDGR:0.2413793103448276	GRIQHAGV:0.2413793103448276	LYPDGRIQ:0.2413793103448276	PDGRIQHA:0.2413793103448276	
