cluster number:266
GT2:434	GT2:434
DADLQDDV:0.2534562211981567	AGESKYPL:0.47235023041474655	NHADYRLM:0.20967741935483872	FAGESKYP:0.2465437788018433	NLFLRGIV:0.2672811059907834	HQNALLAG:0.33410138248847926	LKKMLAFA:0.20276497695852536	HADYRLMS:0.23963133640552994	EVNLFLRG:0.26036866359447003	RFAGESKY:0.2465437788018433	ERFAGESK:0.23963133640552994	VVPCYNEE:0.35714285714285715	GHQNALLA:0.3387096774193548	ESKYPLKK:0.391705069124424	GEYIGKIY:0.3294930875576037	KYPLKKML:0.35253456221198154	YPLKKMLA:0.22350230414746544	LFLRGIVP:0.2488479262672811	IGEYIGKI:0.3548387096774194	PLKKMLAF:0.20276497695852536	GESKYPLK:0.391705069124424	QNALLAGL:0.2834101382488479	SKYPLKKM:0.45161290322580644	FVDDGSRD:0.20506912442396313	CYNEEEVL:0.2626728110599078	PCYNEEEV:0.31105990783410137	NHADFRLM:0.26036866359447003	SIDADLQD:0.3824884792626728	IDADLQDD:0.6152073732718893	HADFRLMS:0.26036866359447003	VPCYNEEE:0.24423963133640553	ISIDADLQ:0.22119815668202766	IVVPCYNE:0.41244239631336405	PNHADFRL:0.20276497695852536	TIDADLQD:0.2465437788018433	LLFVDDGS:0.2119815668202765	DADLQDDI:0.30414746543778803	
