cluster number:2579
GT2:6	GT2:6|2.4.1.-:1
GRMHYARK:0.5	NRCAAHAR:0.3333333333333333	RIVPSEGN:0.5	VRIVPSEG:0.5	HPEAAAWG:0.3333333333333333	IGGFDESF:0.3333333333333333	IGFGAGNN:0.5	NIGFGAGN:0.6666666666666666	VLNGGFMM:0.5	AAAWGGRS:0.5	EAAAWGGR:0.3333333333333333	LNGGFMMV:0.5	GNIGFGAG:0.5	FDESFFLY:0.3333333333333333	TTGRMHYA:0.5	VPSEGNIG:0.5	PSEGNIGF:0.5	SFFLYSEE:0.3333333333333333	GFGAGNNR:0.5	NGGGDTEA:0.3333333333333333	SEGNIGFG:0.5	DESFFLYS:0.3333333333333333	NGGFMMVR:0.3333333333333333	GNNRCAAH:0.3333333333333333	FGAGNNRC:0.3333333333333333	TGRMHYAR:0.5	GGFDESFF:0.3333333333333333	AGNNRCAA:0.3333333333333333	RMHYARKH:0.5	AAWGGRSY:0.5	IDNGGGDT:0.3333333333333333	GFDESFFL:0.3333333333333333	IVPSEGNI:0.5	NNRCAAHA:0.3333333333333333	GAGNNRCA:0.3333333333333333	ESFFLYSE:0.3333333333333333	DNGGGDTE:0.3333333333333333	MHYARKHF:0.5	EGNIGFGA:0.5	PEAAAWGG:0.3333333333333333	EVLNGGFM:0.3333333333333333	LYSEEIDL:0.5	EIDLFQRI:0.3333333333333333	LTTGRMHY:0.3333333333333333	GFFLYSEE:0.3333333333333333	EEIDLFQR:0.3333333333333333	LVNPDAIP:0.3333333333333333	VEVLNGGF:0.3333333333333333	GFDEGFFL:0.3333333333333333	SEEIDLFQ:0.3333333333333333	FLYSEEID:0.5	FDEGFFLY:0.3333333333333333	LLLVNPDA:0.3333333333333333	TPDVSILV:0.3333333333333333	PTPDVSIL:0.3333333333333333	YSEEIDLF:0.3333333333333333	LLVNPDAI:0.3333333333333333	IDLFQRIR:0.3333333333333333	HYARKHFG:0.3333333333333333	EGFFLYSE:0.3333333333333333	DVSILVVA:0.3333333333333333	PDVSILVV:0.3333333333333333	DEGFFLYS:0.3333333333333333	HVRIVPSE:0.3333333333333333	FFLYSEEI:0.5	FLYYEESD:0.3333333333333333	LYYEESDL:0.3333333333333333	VGGFDTNL:0.3333333333333333	LFLYYEES:0.3333333333333333	FDTNLFLY:0.3333333333333333	GGFDTNLF:0.3333333333333333	DVSCIIIN:0.3333333333333333	TNLFLYYE:0.3333333333333333	GFDTNLFL:0.3333333333333333	SCIIINYN:0.3333333333333333	CIIINYNT:0.3333333333333333	YYAFINND:0.3333333333333333	IIINYNTS:0.3333333333333333	CSPQMLDE:0.3333333333333333	DTNLFLYY:0.3333333333333333	VSCIIINY:0.3333333333333333	NLFLYYEE:0.3333333333333333	
