cluster number:826
GT2:12	GT2:12
PELCVRGM:0.8333333333333334	VFITSRKA:0.3333333333333333	IIAVNNNS:0.25	ACTFSLWS:0.3333333333333333	QRPELCVR:0.3333333333333333	GPGYARQC:0.3333333333333333	YARQCGLD:0.3333333333333333	NETKKGPG:0.25	CTFSLWSF:0.5	VACTFSLW:0.3333333333333333	VLIAHNEE:0.3333333333333333	IRGEDGSL:0.3333333333333333	KKGPGYAR:0.3333333333333333	RQCGLDHA:0.3333333333333333	LCVRGMAF:0.3333333333333333	RTDIIRGE:0.3333333333333333	TSRKARVL:0.3333333333333333	KARVLTSN:0.3333333333333333	IQRPELCV:0.3333333333333333	FITSRKAR:0.5	PLVSVVLI:0.3333333333333333	EGLRDIYL:0.25	TDIIRGED:0.3333333333333333	KGPGYARQ:0.3333333333333333	FRTDIIRG:0.3333333333333333	LVSVVLIA:0.3333333333333333	GKYHICID:0.25	AKGKYHIC:0.25	CGLDHAKG:0.3333333333333333	DGSLALAM:0.5	SRKARVLT:0.3333333333333333	IIRGEDGS:0.3333333333333333	HICIDADT:0.3333333333333333	YEGLRDIY:0.25	RPELCVRG:0.8333333333333334	YPPHYIET:0.25	TLYPPHYI:0.25	GFRTDIIR:0.3333333333333333	AVNNNSTD:0.3333333333333333	ALAMKPYG:0.5	ITSRKARV:0.3333333333333333	LALAMKPY:0.5	RKARVLTS:0.3333333333333333	SVVLIAHN:0.3333333333333333	FGFRTDII:0.25	DIIRGEDG:0.3333333333333333	LAMKPYGK:0.3333333333333333	RRFGFRTD:0.25	DTLYPPHY:0.25	YKDKDSNL:0.3333333333333333	VSVVLIAH:0.3333333333333333	QAIQRPEL:0.25	GSLALAMK:0.5	RFGFRTDI:0.25	VVLIAHNE:0.3333333333333333	YHICIDAD:0.3333333333333333	RGEDGSLA:0.75	SLALAMKP:0.5	AIQRPELC:0.25	KGKYHICI:0.25	PGYARQCG:0.3333333333333333	LYPPHYIE:0.25	EDGSLALA:0.6666666666666666	IAVNNNST:0.25	ARQCGLDH:0.3333333333333333	GYARQCGL:0.3333333333333333	ELCVRGMA:0.3333333333333333	QCGLDHAK:0.3333333333333333	EIIAVNNN:0.25	GEDGSLAL:0.75	IDADTMYP:0.3333333333333333	PGHARQCG:0.3333333333333333	YPIEILVV:0.3333333333333333	AIKRPELC:0.3333333333333333	TDIRRGED:0.3333333333333333	QAIKRPEL:0.3333333333333333	IQAIKRPE:0.3333333333333333	DGSLFNSF:0.3333333333333333	SLWSFIPD:0.5	IKRPELCV:0.4166666666666667	ADTMYPPH:0.3333333333333333	RRGEDGSL:0.4166666666666667	KGPGHARQ:0.3333333333333333	LLSCLWSL:0.3333333333333333	FGFRTDIR:0.25	GPGHARQC:0.3333333333333333	GFRTDIRR:0.25	CIDADTMY:0.3333333333333333	DTMYPPHY:0.3333333333333333	DADTMYPP:0.3333333333333333	KRPELCVR:0.5	IRRGEDGS:0.4166666666666667	DIRRGEDG:0.3333333333333333	IEILVVNN:0.3333333333333333	RTDIRRGE:0.3333333333333333	TMYPPHYI:0.3333333333333333	PIEILVVN:0.3333333333333333	FRTDIRRG:0.25	GHARQCGL:0.3333333333333333	IAHNEEPH:0.3333333333333333	ELCVRGMT:0.3333333333333333	FSLWSFIP:0.3333333333333333	LCVRGMTF:0.3333333333333333	YFNELKKG:0.25	NELKKGPG:0.25	FNELKKGP:0.25	TYFNELKK:0.25	TFSLWSFI:0.3333333333333333	ITSRKARA:0.25	FGFNTELG:0.25	GMTFGFNT:0.25	CVRGMTFG:0.25	VRGMTFGF:0.25	MTFGFNTE:0.25	RGMTFGFN:0.25	GFNTELGR:0.25	TFGFNTEL:0.25	
