cluster number:429
GT2:26	GT2:26
GLPQKEYF:0.6153846153846154	MVGLPQKE:0.3076923076923077	AAIVTYNR:0.38461538461538464	WGDDMEYT:0.4230769230769231	DDMEYTNR:0.38461538461538464	YNRLALLK:0.23076923076923078	VTYNRLAL:0.23076923076923078	MEYTNRIA:0.34615384615384615	VGLPQKEY:0.38461538461538464	DMEYTNRI:0.34615384615384615	NSTFVSVM:0.23076923076923078	EYFIWGDD:0.6538461538461539	FVSVMFSR:0.2692307692307692	MVAMVGLP:0.23076923076923078	TAAIVTYN:0.34615384615384615	WLMDDDTI:0.4230769230769231	EYTNRIAD:0.34615384615384615	NLGGAGGF:0.6923076923076923	VWLMDDDT:0.34615384615384615	QKEYFIWG:0.6538461538461539	YFIWGDDM:0.46153846153846156	VTAAIVTY:0.34615384615384615	LGGAGGFN:0.5384615384615384	LPQKEYFI:0.6153846153846154	IWGDDMEY:0.4230769230769231	VNSTFVSV:0.3076923076923077	VVNSTFVS:0.3076923076923077	AMVGLPQK:0.3076923076923077	EVVNSTFV:0.3076923076923077	GDDMEYTN:0.38461538461538464	KEYFIWGD:0.6538461538461539	FIWGDDME:0.46153846153846156	TFVSVMFS:0.2692307692307692	PQKEYFIW:0.6538461538461539	VAMVGLPQ:0.3076923076923077	TYNRLALL:0.23076923076923078	GNPSWMNV:0.2692307692307692	AIVTYNRL:0.3076923076923077	AVIVTYNR:0.23076923076923078	GGAGGFNQ:0.3076923076923077	EYRNRILT:0.23076923076923078	ENLGGAGG:0.5384615384615384	YNRLELLK:0.23076923076923078	TYNRLELL:0.23076923076923078	YRNRVLTA:0.2692307692307692	RIADIKRG:0.23076923076923078	NRIADIKR:0.23076923076923078	IADIKRGY:0.23076923076923078	EYRNRVLT:0.2692307692307692	HKSKENTK:0.23076923076923078	SVMFSREM:0.23076923076923078	FVNSQVRW:0.23076923076923078	YTNRIADI:0.23076923076923078	NPSWMNVT:0.23076923076923078	SWMNVTAP:0.23076923076923078	SRLWRYNY:0.23076923076923078	LWRYNYEY:0.23076923076923078	QAVRLFGE:0.23076923076923078	VMFSREMV:0.23076923076923078	LMDDDTIP:0.2692307692307692	GFVNSQVR:0.23076923076923078	WMNVTAPR:0.23076923076923078	KENTKPGD:0.23076923076923078	DDSRLWRY:0.23076923076923078	ENTKPGDI:0.23076923076923078	VNSQVRWG:0.23076923076923078	VSVMFSRE:0.23076923076923078	RGLWRGLF:0.23076923076923078	NQAVRLFG:0.23076923076923078	DIKRGYMV:0.23076923076923078	GFNQAVRL:0.23076923076923078	KSKENTKP:0.23076923076923078	NYEYRNRV:0.23076923076923078	NSIAVHKS:0.23076923076923078	DSRLWRYN:0.23076923076923078	PSWMNVTA:0.23076923076923078	LLKESLAA:0.2692307692307692	SIAVHKSK:0.23076923076923078	MFSREMVA:0.23076923076923078	WRYNYEYR:0.23076923076923078	SKENTKPG:0.23076923076923078	RNRVLTAR:0.2692307692307692	RYNYEYRN:0.23076923076923078	FNQAVRLF:0.23076923076923078	ADIKRGYM:0.23076923076923078	YNYEYRNR:0.23076923076923078	GGFNQAVR:0.23076923076923078	RLWRYNYE:0.23076923076923078	NRVLTARR:0.2692307692307692	MDDDTIPE:0.23076923076923078	TNRIADIK:0.23076923076923078	FSREMVAM:0.23076923076923078	GAGGFNQA:0.23076923076923078	AVHKSKEN:0.2692307692307692	AGGFNQAV:0.23076923076923078	IAVHKSKE:0.23076923076923078	VHKSKENT:0.3076923076923077	YEYRNRVL:0.2692307692307692	TDGTKEYL:0.23076923076923078	STDGTKEY:0.23076923076923078	
