cluster number:254
GT2:60	GT2:60
TPYVAFSD:0.48333333333333334	SWWAPGAL:0.2833333333333333	DDSWWAPG:0.36666666666666664	TLLAYDLA:0.38333333333333336	GGYHPLLF:0.26666666666666666	AGGYHPLL:0.25	LLTAWLRR:0.21666666666666667	RPLPPHVE:0.2	DDDSWWAP:0.36666666666666664	LGFLACAA:0.2	PYVAFSDD:0.48333333333333334	LTAWLRRP:0.3	RRPLPPHV:0.2	VAFSDDDS:0.5166666666666667	YHPLLFFG:0.25	YVAFSDDD:0.48333333333333334	SDDDSWWA:0.3	VVDNASTD:0.2833333333333333	DSWWAPGA:0.3	EETLLAYD:0.43333333333333335	VLGFLACA:0.21666666666666667	AFSDDDSW:0.5666666666666667	GYHPLLFF:0.25	TAWLRRPL:0.21666666666666667	ETLLAYDL:0.4166666666666667	FSDDDSWW:0.5666666666666667	RPPVVVVD:0.21666666666666667	ALPERPPV:0.26666666666666666	FGGEETLL:0.21666666666666667	GGEETLLA:0.2833333333333333	FFGGEETL:0.21666666666666667	LFFGGEET:0.2	LLFFGGEE:0.2	LAYDLAAR:0.2	LLAYDLAA:0.36666666666666664	DLAARGWG:0.2	YDLAARGW:0.2	AYDLAARG:0.2	VLGFLGCA:0.21666666666666667	VAFADDDS:0.2	GEETLLAY:0.2833333333333333	DDSWWEPG:0.2	DDDSWWEP:0.21666666666666667	
