cluster number:2560
GT2:12	GT2:12
SEEVNNHI:0.3333333333333333	TKSKALNK:0.3333333333333333	LFKLKGAN:0.3333333333333333	IGSGMALE:0.25	EVNNHIFR:0.3333333333333333	QRRRWLSA:0.6666666666666666	KKFIHTPH:0.25	ANKKFIHT:0.5	NHIFRKSQ:0.25	GSGMALEY:0.25	LSAAIIGS:0.25	GFDKEMGL:0.25	ISEEVNNH:0.25	FDIDNIAA:0.25	IFRKSQRV:0.25	GANKKFIH:0.5	IIGSGMAL:0.3333333333333333	KLKGANKK:0.3333333333333333	GGFDKEMG:0.25	FKLKGANK:0.4166666666666667	NKKFIHTP:0.25	EEVNNHIF:0.3333333333333333	VFDIDNIA:0.25	KGANKKFI:0.5	SAAIIGSG:0.25	AAIIGSGM:0.25	VNNHIFRK:0.3333333333333333	NNHIFRKS:0.25	LDAISEEV:0.25	LKGANKKF:0.4166666666666667	AIIGSGMA:0.5	DAISEEVN:0.25	WLSAQFNL:0.25	HIFRKSQR:0.25	RRRWLSAQ:0.6666666666666666	RRWLSAQF:0.5833333333333334	STKSKALN:0.4166666666666667	NLSAAIIG:0.25	DAVGGFDK:0.25	IDAVGGFD:0.25	RWLSAQFN:0.25	AISEEVNN:0.25	AVGGFDKE:0.5	VGGFDKEM:0.3333333333333333	KSKALNKA:0.3333333333333333	LLFKLKGA:0.25	ISEEINNH:0.25	ILDAISEE:0.4166666666666667	SEEINNHI:0.25	LDAISEEI:0.3333333333333333	AILDAISE:0.4166666666666667	NQRRRWLS:0.4166666666666667	DAISEEIN:0.3333333333333333	EEINNHIF:0.25	EINNHIFR:0.25	AISEEINN:0.3333333333333333	QGHRTAKN:0.3333333333333333	VQGHRTAK:0.3333333333333333	LIGSGMAF:0.3333333333333333	ALIGSGMA:0.25	GSGMAFDY:0.25	IGSGMAFD:0.25	IFRKGHRV:0.3333333333333333	AIGGFDKE:0.25	FRKGHRVL:0.3333333333333333	SKALNKAM:0.25	PPRILLLG:0.3333333333333333	GGFDKELE:0.25	RKGHRVLG:0.25	WLSAQFHY:0.25	RWLSAQFH:0.25	ANKTFIHT:0.25	VSFEKSTK:0.25	KGANKTFI:0.25	GANKTFIH:0.25	KSTKSKAL:0.25	QPPRILLL:0.25	VVLDADNV:0.25	VLDADNVM:0.25	AVVLDADN:0.25	
