cluster number:2373
GT2:15	GT2:15
NFSNQKNH:0.26666666666666666	FDNFSNQK:0.4	TVIIPTYN:0.2	YGVFSRYA:0.2	FYMNRFLY:0.5333333333333333	GVFSRYAK:0.2	GFLDGIPG:0.2	MNRFLYHH:0.3333333333333333	KLNFPHFY:0.26666666666666666	KFDNFSNQ:0.26666666666666666	FLDGIPGL:0.2	RKFDNFSN:0.26666666666666666	NFPHFYMN:0.4666666666666667	VIIPTYNE:0.6	DSYAWFQA:0.4	PHFYMNRF:0.5333333333333333	DNFSNQKN:0.4	GYKLNFPH:0.26666666666666666	KDSYAWFQ:0.4	FADEIIVV:0.2	ADEIIVVD:0.3333333333333333	DEIIVVDS:0.3333333333333333	LNFPHFYM:0.26666666666666666	SYAWFQAE:0.26666666666666666	SNQKNHAL:0.26666666666666666	HFYMNRFL:0.5333333333333333	LHYTYKGL:0.2	KKDSYAWF:0.4	FPHFYMNR:0.5333333333333333	YFHLAFKP:0.26666666666666666	YKLNFPHF:0.26666666666666666	FSNQKNHA:0.26666666666666666	NQKNHALQ:0.26666666666666666	YMNRFLYH:0.4666666666666667	HLAFKPFY:0.3333333333333333	PTYNEEKY:0.2	LFIDADER:0.3333333333333333	TYNEEKYI:0.2	IPTYNEEK:0.2	LSVIIPTY:0.3333333333333333	WILFIDAD:0.26666666666666666	FKPFYRFF:0.4	IDADERVT:0.2	IIPTYNEE:0.4	LAFKPFYR:0.3333333333333333	FIDADERV:0.2	SVIIPTYN:0.4666666666666667	ILFIDADE:0.26666666666666666	AFKPFYRF:0.3333333333333333	PFYRFFSS:0.3333333333333333	KPFYRFFS:0.3333333333333333	KINFPHFY:0.2	YKINFPHF:0.2	LKRGFLDG:0.2	INFPHFYM:0.2	NAYGVFSR:0.3333333333333333	ILKRGFLD:0.2	GYKINFPH:0.2	AYGVFSRY:0.3333333333333333	EIIVVDSF:0.26666666666666666	IIVVDSFS:0.3333333333333333	WFQAEQML:0.2	RFFSSYIL:0.26666666666666666	TYFHLAFK:0.2	GIPGLTVA:0.26666666666666666	SKKDSYAW:0.2	RFLYHHSD:0.26666666666666666	FYRFFSSY:0.26666666666666666	FFSSYILR:0.2	KKATYFHL:0.2	ATYFHLAF:0.2	QMLKKGKK:0.2	AEQMLKKG:0.2	SRYVKLML:0.2	FQAEQMLK:0.2	YRFFSSYI:0.26666666666666666	VFSRYVKL:0.2	AWFQAEQM:0.2	GKKATYFH:0.2	DGIPGLTV:0.26666666666666666	FHLAFKPF:0.26666666666666666	AGYKLNFP:0.2	FSRYVKLM:0.2	VNAYGVFS:0.2	KKGKKATY:0.2	KATYFHLA:0.2	LHFTYKGL:0.26666666666666666	MLKKGKKA:0.2	ISKKDSYA:0.2	PVLHFTYK:0.2	QAEQMLKK:0.2	NRFLYHHS:0.26666666666666666	LKKGKKAT:0.2	YGVFSRYV:0.2	GVFSRYVK:0.2	YISKKDSY:0.2	EQMLKKGK:0.2	KGKKATYF:0.2	NPVLHFTY:0.2	HYISKKDS:0.2	RYVKLMLL:0.26666666666666666	HAGYKLNF:0.2	VLHFTYKG:0.2	YAWFQAEQ:0.26666666666666666	AAVNAYGV:0.2	VAAVNAYG:0.2	AVNAYGVF:0.2	KLSVIIPT:0.2	IVVDSFST:0.26666666666666666	VVDSFSTD:0.26666666666666666	LFVDADER:0.2	
