cluster number:1678
GT2:12	GT2:12
KRVALSRA:0.25	VDEAGGRI:0.25	GSRWVSGG:0.3333333333333333	ADGSHRAE:0.5	VDDSSPDG:0.25	ESLPGALD:0.25	SRAGNLYI:0.3333333333333333	VYRADLLR:0.3333333333333333	GPAYLAGF:0.6666666666666666	EREAGESK:0.25	VEALGYGF:0.3333333333333333	RAEDLALL:0.4166666666666667	DSSPDGTG:0.25	LVVDDSSP:0.25	TYNEIESL:0.3333333333333333	DADGSHRA:0.5	LVIGSRWV:0.75	IFTEELAL:0.3333333333333333	GLGPAYLA:0.6666666666666666	LGPAYLAG:0.6666666666666666	EALGYGFQ:0.5	IPTYNEIE:0.3333333333333333	KNGLGPAY:0.4166666666666667	IGSRWVSG:0.3333333333333333	GRIVEMPI:0.5833333333333334	EAGGRIVE:0.25	VIGSRWVS:0.3333333333333333	PTYNEIES:0.3333333333333333	LPGALDRV:0.25	ALVVIPTY:0.25	MDADGSHR:0.6666666666666666	AGGRIVEM:0.3333333333333333	TEELALVT:0.3333333333333333	EKNGLGPA:0.3333333333333333	LAGFSWAL:0.25	VALSRAGN:0.3333333333333333	FRVYRADL:0.3333333333333333	REAGESKL:0.25	GFRVYRAD:0.3333333333333333	SRWVSGGA:0.3333333333333333	ALGYGFQV:0.5833333333333334	TAGFRVYR:0.5833333333333334	DEAGGRIV:0.25	YLAGFSWA:0.25	PAYLAGFS:0.4166666666666667	RIVEMPIT:0.5	PDLVIGSR:0.6666666666666666	GYGFQVNM:0.5833333333333334	EELALVTR:0.3333333333333333	YNEIESLP:0.3333333333333333	VVDDSSPD:0.25	LSRAGNLY:0.4166666666666667	GIFTEELA:0.3333333333333333	GSHRAEDL:0.5	RVYRADLL:0.3333333333333333	PGALDRVR:0.25	LGYGFQVN:0.5833333333333334	HRAEDLAL:0.4166666666666667	SHRAEDLA:0.4166666666666667	DLVIGSRW:0.75	GGRIVEMP:0.5833333333333334	VVIPTYNE:0.5833333333333334	AGFRVYRA:0.5	EMDADGSH:0.8333333333333334	RWVSGGAT:0.3333333333333333	FTEELALV:0.3333333333333333	RVALSRAG:0.3333333333333333	VIPTYNEI:0.4166666666666667	LALVTRWG:0.3333333333333333	IVEMPITF:0.5833333333333334	GGIFTEEL:0.3333333333333333	KALVVIPT:0.25	LVVIPTYN:0.5	YGFQVNMT:0.5833333333333334	ELALVTRW:0.3333333333333333	DDSSPDGT:0.25	ALSRAGNL:0.3333333333333333	SLPGALDR:0.25	GFQVNMTK:0.5833333333333334	YRADLLRR:0.3333333333333333	AYLAGFSW:0.4166666666666667	DGSHRAED:0.5	MKALVVIP:0.25	NGLGPAYL:0.4166666666666667	LVVDDNSP:0.5	ADILVVDD:0.25	VDDNSPDG:0.5	DDNSPDGT:0.5833333333333334	VVDDNSPD:0.5	DILVVDDN:0.3333333333333333	ILVVDDNS:0.4166666666666667	DAPDLVIG:0.4166666666666667	APDLVIGS:0.4166666666666667	VEMDADGS:0.5	DNSPDGTG:0.5	PDGTGALA:0.25	ATAGFRVY:0.5	RDATAGFR:0.3333333333333333	SPDGTGAL:0.25	DATAGFRV:0.5833333333333334	VRDATAGF:0.3333333333333333	LHRTEKNG:0.25	VLHRTEKN:0.25	HRTEKNGL:0.25	IHVLHRTE:0.25	HVLHRTEK:0.25	RTEKNGLG:0.25	FQVNMTKL:0.4166666666666667	YELLVEMD:0.25	GATEGWDA:0.3333333333333333	RVKDATAG:0.25	EMPITFLE:0.3333333333333333	VIGSRWVA:0.25	EDLALLIQ:0.3333333333333333	ELLVEMDA:0.25	RAEMADAP:0.3333333333333333	IQRAEMAD:0.4166666666666667	DLALLIQR:0.3333333333333333	AKRVALSR:0.25	LSGGIFTE:0.25	AEDLALLI:0.25	NMTKLVDE:0.25	LGLRVKDA:0.25	LYINAMLG:0.4166666666666667	ADAPDLVI:0.3333333333333333	ATEGWDAK:0.3333333333333333	KLSGGIFT:0.25	EREAGQSK:0.25	MLGLRVKD:0.25	SGGIFTEE:0.25	LIQRAEMA:0.4166666666666667	GYELLVEM:0.25	VKDATAGF:0.25	WDAKRVAL:0.3333333333333333	AGYELLVE:0.25	LEREAGQS:0.25	TEGWDAKR:0.3333333333333333	GQSKLSGG:0.25	KDATAGFR:0.25	GLRVKDAT:0.25	QRAEMADA:0.3333333333333333	SKLSGGIF:0.4166666666666667	LRVKDATA:0.25	IGSRWVAG:0.25	GGATEGWD:0.3333333333333333	MPITFLER:0.3333333333333333	SRWVAGGA:0.25	ALLIQRAE:0.3333333333333333	YINAMLGL:0.3333333333333333	VNMTKLVD:0.25	FLEREAGQ:0.25	DAKRVALS:0.3333333333333333	NLYINAML:0.4166666666666667	LLIQRAEM:0.4166666666666667	ITFLEREA:0.3333333333333333	LALLIQRA:0.3333333333333333	LVEMDADG:0.25	VEMPITFL:0.3333333333333333	GWDAKRVA:0.25	RAGNLYIN:0.25	QSKLSGGI:0.25	RWVAGGAT:0.25	AEMADAPD:0.3333333333333333	INAMLGLR:0.25	REAGQSKL:0.25	QVNMTKLV:0.4166666666666667	LLVEMDAD:0.25	MADAPDLV:0.3333333333333333	AGQSKLSG:0.3333333333333333	PITFLERE:0.3333333333333333	EAGQSKLS:0.25	AMLGLRVK:0.25	EMADAPDL:0.3333333333333333	TFLEREAG:0.3333333333333333	AGNLYINA:0.3333333333333333	NAMLGLRV:0.25	EGWDAKRV:0.3333333333333333	GNLYINAM:0.4166666666666667	GSRWVAGG:0.25	
