cluster number:2300
GT2:14	GT2:14
WLMQLYGW:0.21428571428571427	LMYALGFS:0.21428571428571427	MYALGFSQ:0.21428571428571427	CFRMTFDD:0.21428571428571427	DTEIIVSV:0.21428571428571427	VTTSARKY:0.35714285714285715	MNAGAKLA:0.21428571428571427	GWFTQFPL:0.21428571428571427	IHLMYALG:0.2857142857142857	CRGGDQSL:0.8571428571428571	KGRAVQMN:0.42857142857142855	GDQSLFIT:0.6428571428571429	FHILDSTV:0.21428571428571427	GGDQSLFI:0.7857142857142857	IFGTIHLM:0.2857142857142857	LQAIFGTI:0.2857142857142857	QMNAGAKL:0.21428571428571427	LMQLYGWF:0.21428571428571427	LYFLHADT:0.7142857142857143	DQSLFITK:0.2857142857142857	EIIVSVSG:0.21428571428571427	DWLMQLYG:0.21428571428571427	HLMYALGF:0.2857142857142857	QSLFITKE:0.21428571428571427	PVCRGGDQ:0.21428571428571427	ILYFLHAD:0.42857142857142855	LFITKELF:0.21428571428571427	AGCFRMTF:0.21428571428571427	GTIHLMYA:0.2857142857142857	RGGDQSLF:0.8571428571428571	FGTIHLMY:0.2857142857142857	TTSARKYH:0.2857142857142857	QAIFGTIH:0.2857142857142857	GCFRMTFD:0.21428571428571427	FRMTFDDP:0.21428571428571427	TEIIVSVS:0.21428571428571427	TIHLMYAL:0.2857142857142857	SLFITKEL:0.21428571428571427	RLQAIFGT:0.2857142857142857	VCRGGDQS:0.2857142857142857	AIFGTIHL:0.2857142857142857	MQLYGWFT:0.21428571428571427	LFITRELF:0.21428571428571427	QSLFITRE:0.21428571428571427	EDIDIIER:0.35714285714285715	LFERIGGF:0.21428571428571427	ICRGGDQS:0.2857142857142857	FERIGGFD:0.21428571428571427	DQSLFITR:0.2857142857142857	SLFITREL:0.21428571428571427	MEDIDIIE:0.35714285714285715	DIDIIERI:0.2857142857142857	LCRGGDQS:0.2857142857142857	VVTSARKY:0.21428571428571427	CRSEKGRA:0.21428571428571427	EIIVSDSG:0.21428571428571427	LHADTLPP:0.35714285714285715	YFLHADTL:0.2857142857142857	IDIIERIE:0.21428571428571427	VMEDIDII:0.35714285714285715	FLHADTLP:0.35714285714285715	DDPHWLMQ:0.21428571428571427	TFDDPHWL:0.21428571428571427	LSIIIPTY:0.21428571428571427	FDDPHWLM:0.21428571428571427	SIIIPTYN:0.2857142857142857	IIIPTYNE:0.35714285714285715	EIIVSDAS:0.2857142857142857	PKGRAVQM:0.21428571428571427	SPKGRAVQ:0.21428571428571427	
