cluster number:504
GT2:160	GT2:160
KSEKQLLD:0.2125	YIKSEKQL:0.20625	FLRKDIKK:0.2	AFRLLPAN:0.2	LDLKKQLK:0.2	IKSEKQLL:0.20625	EKQLLDLK:0.2125	YNTFLRKD:0.2	KQLLDLKK:0.20625	QLLDLKKQ:0.2	SAFRLLPA:0.2	SEKQLLDL:0.2125	NTFLRKDI:0.2	TFLRKDIK:0.2	RSAFRLLP:0.2	LKKQLKLQ:0.2	LLDLKKQL:0.2	IYNTFLRK:0.20625	GNGMVGRR:0.325	AKAEWRLF:0.3125	PDILVYAR:0.3375	VYARVGNG:0.49375	DILVYARV:0.35	NQAKAEWR:0.25625	RLLPTSLL:0.35	ANLPDILV:0.35	LPDILVYA:0.35	GMVGRRRG:0.2875	NLPDILVY:0.35	ARVGNGMV:0.49375	AEWRLFKL:0.39375	ILVYARVG:0.3625	NGMVGRRR:0.3	VGNGMVGR:0.325	LVYARVGN:0.51875	QAKAEWRL:0.3125	RVGNGMVG:0.325	LLPTSLLK:0.25	YARVGNGM:0.63125	VANLPDIL:0.25625	EWRLFKLK:0.39375	KAEWRLFK:0.3125	DEIVLVFD:0.3	EIVLVFDG:0.3125	FRMDTDDI:0.56875	RMDTDDIC:0.74375	EDYNLWLR:0.23125	VFRMDTDD:0.58125	WVFRMDTD:0.575	GGQIAEFG:0.48125	MDTDDICV:0.40625	QVAFIEQH:0.225	EDYYLWIK:0.4375	LWIKLVAQ:0.23125	VAYQKSAV:0.23125	HMTVAYQK:0.425	DYYLWIKL:0.4375	MSLYIKEN:0.28125	MTVAYQKS:0.3	AVINCGGY:0.24375	VINCGGYE:0.24375	CPFNHMTV:0.625	RLFKLKYR:0.24375	FTQKRCPF:0.29375	AYQKSAVI:0.2125	IFGGQIAE:0.30625	IIFGGQIA:0.25625	LGKALNEG:0.5125	INCGGYED:0.24375	SVLMSLYI:0.275	QKRCPFNH:0.43125	YQKSAVIN:0.23125	MKFSVLMS:0.425	EDLQEDYY:0.3375	DWVFRMDT:0.3875	SAVINCGG:0.23125	QEDYYLWI:0.4375	RFEKQVAF:0.3	EKQVAFIE:0.23125	VAYRNVPT:0.33125	TVAYQKSA:0.23125	VLMSLYIK:0.275	YDWVFRMD:0.28125	NCGGYEDL:0.24375	QKSAVINC:0.23125	NHMTVAYQ:0.425	PFNHMTVA:0.6125	KALNEGLL:0.23125	RCPFNHMT:0.625	DTDDICVP:0.375	CGGYEDLQ:0.325	DLQEDYYL:0.4375	TIIFGGQI:0.2	KSAVINCG:0.23125	YLWIKLVA:0.3625	VAFIEQHP:0.225	LRECFESL:0.3	LMSLYIKE:0.275	WIKLVAQG:0.21875	SLYIKENP:0.28125	GYEDLQED:0.325	YEDLQEDY:0.3375	YYLWIKLV:0.3625	FNHMTVAY:0.55625	GGYEDLQE:0.325	GKALNEGL:0.49375	WRLFKLKY:0.25625	KQVAFIEQ:0.3	FGGQIAEF:0.38125	LNEGLLHC:0.2375	IVAYRNVP:0.3125	FEKQVAFI:0.3	LQEDYYLW:0.4375	KFSVLMSL:0.44375	ALNEGLLH:0.2375	FSVLMSLY:0.4875	KRCPFNHM:0.525	GLGKALNE:0.5125	LYIKENPQ:0.26875	DIVAYRNV:0.3125	TQKRCPFN:0.29375	KFTQKRCP:0.2	AYRNVPTS:0.2	ADEIVLVF:0.29375	VGLGKALN:0.2	NVGLGKAL:0.2	KALNEGLK:0.25625	RGLGKALN:0.2125	NRGLGKAL:0.2125	QNRGLGKA:0.2125	GQIAEFGE:0.2	
