cluster number:1044
GT2:28	GT2:28
DTIECLES:0.5714285714285714	LLNNDTVV:0.4642857142857143	AEGNNIGI:0.21428571428571427	TIECLESV:0.25	WKDTIECL:0.25	GWKDTIEC:0.25	NGWKDTIE:0.25	FAEGNNIG:0.25	GFAEGNNI:0.25	LLLNNDTV:0.35714285714285715	KDTIECLE:0.25	EYFLYFEE:0.25	EEYFLYFE:0.25	TIECLESL:0.2857142857142857	NWNGWKDT:0.21428571428571427	LNNDTVVD:0.25	WLLNNDTV:0.25	
