cluster number:1733
GT2:31	GT2:31
EIIIVNDG:0.22580645161290322	IVNDGSTD:0.41935483870967744	IIIVNDGS:0.22580645161290322	NDGSTDNT:0.41935483870967744	IIVNDGST:0.41935483870967744	VNDGSTDN:0.41935483870967744	VDDGSTDN:0.25806451612903225	IVDDGSTD:0.22580645161290322	IIVDDGST:0.22580645161290322	DGSTDNTL:0.2903225806451613	LVSILIPC:0.22580645161290322	LDADDLLA:0.45161290322580644	TWKNIEII:0.22580645161290322	YLDADDLL:0.3870967741935484	PLVSILIP:0.2903225806451613	ADDLLAPD:0.2903225806451613	DADDLLAP:0.3548387096774194	VSILIPCY:0.25806451612903225	LLAPDKIE:0.2903225806451613	IQYLDADD:0.25806451612903225	QYLDADDL:0.22580645161290322	DLLAPDKI:0.2903225806451613	SILIPCYN:0.25806451612903225	DDLLAPDK:0.2903225806451613	QTWKNIEI:0.22580645161290322	EIIIVDDG:0.22580645161290322	IIIVDDGS:0.22580645161290322	
