cluster number:2251
GT2:12	GT2:12
RVRGLRLS:0.3333333333333333	AVLAMRES:0.25	KTFEQVKN:0.25	GKTFEQVK:0.3333333333333333	EWVVVLDC:0.25	FGIYHRKV:0.3333333333333333	LQDQPEEI:0.25	CDLQDQPE:0.25	YSDKPLRL:0.5833333333333334	RGYDLVLA:0.25	AYSDKPLR:0.3333333333333333	FEQVKNRP:0.25	GLRLSRNF:0.8333333333333334	VLGMVGLY:0.25	VLDCDLQD:0.3333333333333333	GEWVVVLD:0.25	DCDLQDQP:0.25	VVVLDCDL:0.25	DLQDQPEE:0.25	HRAITAGL:0.25	EEIPALFA:0.25	CRGEWVVV:0.25	RGLRLSRN:0.6666666666666666	QHRAITAG:0.25	RGEWVVVL:0.25	QDQPEEIP:0.25	VVLDCDLQ:0.25	EIPALFAE:0.25	LRLSRNFG:0.8333333333333334	QCRGEWVV:0.25	RLSRNFGQ:0.8333333333333334	GIYHRKVI:0.25	FGQHRAIT:0.25	NFGIYHRK:0.3333333333333333	PEEIPALF:0.25	PRVRGLRL:0.25	LVDDRSPD:0.4166666666666667	TFEQVKNR:0.25	VRGLRLSR:0.5833333333333334	SRNFGQHR:0.25	QRGYDLVL:0.25	NFGQHRAI:0.25	RNFGQHRA:0.25	LAYSDKPL:0.4166666666666667	WVVVLDCD:0.25	LSRNFGQH:0.9166666666666666	GQHRAITA:0.25	VKNRPLYI:0.3333333333333333	DRPEEIPA:0.3333333333333333	KPLRLTIK:0.3333333333333333	ANFGIYHR:0.3333333333333333	TMVRWVGF:0.25	CDLQDRPE:0.4166666666666667	VGLYIGKT:0.3333333333333333	FPTMVRWV:0.25	LIISIWFF:0.25	LYIGKTFE:0.3333333333333333	SDKPLRLT:0.5	FYRLLSYL:0.25	PAVANFGI:0.25	PTMVRWVG:0.25	IISIWFFS:0.25	RPEEIPAL:0.3333333333333333	LRLTIKLG:0.3333333333333333	RYFPTMVR:0.3333333333333333	MVRWVGFR:0.25	RLTIKLGL:0.3333333333333333	DCDLQDRP:0.5	YFPTMVRW:0.3333333333333333	LQDRPEEI:0.3333333333333333	GLYIGKTF:0.3333333333333333	QDRPEEIP:0.3333333333333333	DPAVANFG:0.25	ISIWFFSG:0.25	SLIISIWF:0.25	SIWFFSGL:0.3333333333333333	VANFGIYH:0.3333333333333333	YRLLSYLT:0.25	AVANFGIY:0.25	RLLSYLTE:0.25	PLRLTIKL:0.3333333333333333	DKPLRLTI:0.3333333333333333	DLQDRPEE:0.4166666666666667	EIILVDDR:0.3333333333333333	ILVDDRSP:0.3333333333333333	IILVDDRS:0.3333333333333333	GIVGLYVG:0.3333333333333333	VMDCDLQD:0.5	GEWIVVMD:0.25	IVVMDCDL:0.25	IVGLYVGK:0.3333333333333333	VVMDCDLQ:0.4166666666666667	SRNFGQHY:0.25	RNFGQHYA:0.25	NFGQHYAI:0.25	FSDKPLRL:0.25	DKPLRLVV:0.25	SDKPLRLV:0.25	LSVISPVY:0.25	TFEGVKNR:0.25	GKTFEGVK:0.25	KTFEGVKN:0.25	FEGVKNRP:0.25	MDCDLQDR:0.25	FFSGLIIF:0.25	
