cluster number:652
GT2:11	GT2:11
MPLVRRIG:0.36363636363636365	ISDSASGQ:0.36363636363636365	LFGALVLA:0.36363636363636365	PYKERSGR:0.2727272727272727	ALVLAVAG:0.36363636363636365	STYPPEYF:0.36363636363636365	TLYTTGTS:0.36363636363636365	GRSKLSVV:0.2727272727272727	YNPVRIFG:0.36363636363636365	LDADSTYP:0.36363636363636365	EMPLVRRI:0.36363636363636365	AFDLTNPA:0.36363636363636365	DDGSRDRT:0.45454545454545453	SWFAPVVS:0.36363636363636365	SDSASGQR:0.36363636363636365	PPEYFPQM:0.2727272727272727	DSTYPPEY:0.36363636363636365	VAGVTLYT:0.36363636363636365	WFAPVVSA:0.36363636363636365	VRISDSAS:0.36363636363636365	DGIAAIVE:0.36363636363636365	EDGIAAIV:0.36363636363636365	RISDSASG:0.36363636363636365	GVQLVSAW:0.36363636363636365	ADSTYPPE:0.36363636363636365	IPAYNEED:0.45454545454545453	PAYNEEDG:0.45454545454545453	IVWTALTY:0.36363636363636365	DGSRDRTA:0.45454545454545453	GVTLYTTG:0.36363636363636365	CIVVDDGS:0.36363636363636365	VVRDGLRF:0.2727272727272727	AAIVERVL:0.36363636363636365	IVERVLAI:0.36363636363636365	EEDGIAAI:0.36363636363636365	TTGTSFSY:0.36363636363636365	LAVAGVTL:0.36363636363636365	SLVAGVRI:0.36363636363636365	NEEDGIAA:0.36363636363636365	TLDFTPAM:0.36363636363636365	GSRDRTAE:0.45454545454545453	LVAGVRIS:0.36363636363636365	DADSTYPP:0.36363636363636365	LVLAVAGV:0.36363636363636365	ARVLAELS:0.36363636363636365	VAFDLTNP:0.36363636363636365	SIVWTALT:0.36363636363636365	AYNEEDGI:0.45454545454545453	LVIGSRMA:0.2727272727272727	PAMSTRAL:0.36363636363636365	VIPAYNEE:0.6363636363636364	YKERSGRS:0.2727272727272727	LECIVVDD:0.36363636363636365	GVRISDSA:0.36363636363636365	LTYNPVRI:0.36363636363636365	LDFTPAMS:0.36363636363636365	TYPPEYFP:0.45454545454545453	YPPEYFPQ:0.2727272727272727	VAGVRISD:0.36363636363636365	AVAGVTLY:0.36363636363636365	VIGSRMAG:0.45454545454545453	ADLVIGSR:0.2727272727272727	WTALTYNP:0.36363636363636365	PEYFPQMC:0.2727272727272727	VDDGSRDR:0.36363636363636365	GFLDADST:0.36363636363636365	IPYKERSG:0.2727272727272727	AVAFDLTN:0.36363636363636365	VLAVAGVT:0.36363636363636365	SRDRTAEI:0.45454545454545453	AGVRISDS:0.36363636363636365	TRALHENL:0.2727272727272727	IAAIVERV:0.36363636363636365	MSTRALHE:0.45454545454545453	VWTALTYN:0.36363636363636365	FDLTNPAL:0.36363636363636365	GALVLAVA:0.36363636363636365	DFTPAMST:0.36363636363636365	FTPAMSTR:0.36363636363636365	TALTYNPV:0.36363636363636365	PIPYKERS:0.2727272727272727	VTLYTTGT:0.36363636363636365	KSIVWTAL:0.36363636363636365	DLVIGSRM:0.2727272727272727	GIAAIVER:0.36363636363636365	DSASGQRV:0.36363636363636365	AAVAFDLT:0.36363636363636365	LARVLAEL:0.36363636363636365	GGALKTGF:0.36363636363636365	YGGALKTG:0.45454545454545453	YTTGTSFS:0.36363636363636365	LSVVIPAY:0.5454545454545454	LSLVAGVR:0.36363636363636365	AGVTLYTT:0.36363636363636365	KERSGRSK:0.2727272727272727	RSKLSVVR:0.2727272727272727	PLVRRIGN:0.36363636363636365	IVVDDGSR:0.2727272727272727	TLSVVIPA:0.2727272727272727	VVIPAYNE:0.6363636363636364	SEMPLVRR:0.36363636363636365	YNEEDGIA:0.36363636363636365	SVVIPAYN:0.6363636363636364	IGSRMAGA:0.45454545454545453	AMSTRALH:0.36363636363636365	KLSVVRDG:0.2727272727272727	NPVRIFGG:0.36363636363636365	AIVERVLA:0.36363636363636365	FGALVLAV:0.36363636363636365	ALTYNPVR:0.36363636363636365	GYGGALKT:0.45454545454545453	STRALHEN:0.2727272727272727	RDRTAEIV:0.36363636363636365	FLDADSTY:0.36363636363636365	ECIVVDDG:0.36363636363636365	ERSGRSKL:0.36363636363636365	VVDDGSRD:0.36363636363636365	SKLSVVRD:0.2727272727272727	LYTTGTSF:0.36363636363636365	TPAMSTRA:0.36363636363636365	TYNPVRIF:0.36363636363636365	ADIVIGSR:0.2727272727272727	NRGYGGAL:0.2727272727272727	RGYGGALK:0.2727272727272727	GADIVIGS:0.2727272727272727	MLSVVIPA:0.2727272727272727	
