cluster number:859
GT2:13	GT2:13
YAARNLAI:0.23076923076923078	EARGDWIA:0.23076923076923078	ARGDWIAF:0.38461538461538464	GPGGYAAR:0.46153846153846156	PMWTGAIA:0.3076923076923077	VRECPMWT:0.3076923076923077	EGRAVRGG:0.3076923076923077	GDWIAFLD:0.46153846153846156	DWIAFLDA:0.46153846153846156	GGYAARNL:0.38461538461538464	GGDKDLWL:0.3076923076923077	ECPMWTGA:0.3076923076923077	GYAARNLA:0.23076923076923078	GRAVRGGD:0.3076923076923077	FPEGRAVR:0.3076923076923077	PGGYAARN:0.46153846153846156	RGDWIAFL:0.38461538461538464	PGPGGYAA:0.46153846153846156	RAVRGGDK:0.3076923076923077	WIAFLDAD:0.8461538461538461	GLFPEGRA:0.3076923076923077	GDKDLWLR:0.3076923076923077	CPMWTGAI:0.3076923076923077	IAFLDADD:0.9230769230769231	AVRGGDKD:0.3076923076923077	RECPMWTG:0.3076923076923077	AGLFPEGR:0.3076923076923077	PEGRAVRG:0.3076923076923077	LFPEGRAV:0.3076923076923077	RGGDKDLW:0.3076923076923077	VVNDCSTD:0.23076923076923078	VRGGDKDL:0.3076923076923077	IVVNDCST:0.23076923076923078	AFLDADDL:0.46153846153846156	FLDADDLW:0.46153846153846156	EWIAFLDA:0.3076923076923077	
