cluster number:2256
GT2:29	GT2:29
PTWYVPAS:0.20689655172413793	VHLVGQST:0.2413793103448276	YVPASRVV:0.20689655172413793	VPASRVVH:0.20689655172413793	LEDPDGTP:0.4482758620689655	LVGQSTGV:0.27586206896551724	GWPTWYVP:0.20689655172413793	DPDGTPQR:0.27586206896551724	PDGTPQRS:0.27586206896551724	AGSRLEDP:0.41379310344827586	TIDCLRSL:0.2413793103448276	PASRVVHL:0.20689655172413793	YVLLLNPD:0.27586206896551724	TPQRSAFR:0.27586206896551724	GIAGSRLE:0.5862068965517241	SRLEDPDG:0.4482758620689655	VLLLNPDT:0.27586206896551724	WYVPASRV:0.20689655172413793	GTPQRSAF:0.27586206896551724	IAGSRLED:0.3793103448275862	VVHLVGQS:0.5172413793103449	TDWVAGAS:0.3103448275862069	WVAGASMI:0.27586206896551724	LTIDCLRS:0.2413793103448276	ASRVVHLV:0.20689655172413793	SRVVHLVG:0.5517241379310345	DGTPQRSA:0.27586206896551724	HLVGQSTG:0.27586206896551724	VGIAGSRL:0.4482758620689655	WPTWYVPA:0.20689655172413793	RVVHLVGQ:0.5517241379310345	RLEDPDGT:0.4482758620689655	GSRLEDPD:0.4482758620689655	TWYVPASR:0.20689655172413793	DWVAGASM:0.3103448275862069	PQRSAFRF:0.3103448275862069	EDPDGTPQ:0.4482758620689655	LGFTGGNN:0.3103448275862069	NLGFTGGN:0.3103448275862069	CWYVPESR:0.27586206896551724	VPESRVVH:0.27586206896551724	GGFAYGNN:0.20689655172413793	GASMIIRR:0.20689655172413793	VHLVGQSS:0.3103448275862069	PESRVVHL:0.27586206896551724	WYVPESRV:0.27586206896551724	LLVVIVNY:0.2413793103448276	NGGFAYGN:0.20689655172413793	YVPESRVV:0.27586206896551724	VGQSSGVT:0.27586206896551724	LVGQSSGV:0.27586206896551724	AGASMIIR:0.20689655172413793	LVVIVNYR:0.2413793103448276	HLVGQSSG:0.3103448275862069	VVIVNYRT:0.3448275862068966	LTIDCLHS:0.2413793103448276	ESRVVHLV:0.27586206896551724	YYEEVDFC:0.20689655172413793	VIVNYRTP:0.20689655172413793	LLLNPDTI:0.3448275862068966	FDSRRRYF:0.20689655172413793	AGIAGSRL:0.2413793103448276	DYVLLLNP:0.20689655172413793	PDYVLLLN:0.20689655172413793	DWVSGASM:0.20689655172413793	LLNPDTIV:0.20689655172413793	NPDTIVRP:0.20689655172413793	LNPDTIVR:0.20689655172413793	DPPEYVLL:0.20689655172413793	PPEYVLLL:0.20689655172413793	PEYVLLLN:0.20689655172413793	
