cluster number:1771
GT2:14	GT2:14
TGCVMACN:0.5	KGGVKENF:0.2857142857142857	LFFTGGIR:0.21428571428571427	GGVKENFY:0.21428571428571427	IMHDWYIG:0.2857142857142857	YRQHGNNQ:0.35714285714285715	SVRKTKEQ:0.21428571428571427	RSMFSYQK:0.21428571428571427	KPILIHSD:0.21428571428571427	DYVFFCDQ:0.35714285714285715	AKQSVRKT:0.21428571428571427	GCVMACNK:0.5	DADYVFFC:0.21428571428571427	QKKGGVKE:0.21428571428571427	KKGGVKEN:0.2857142857142857	SYQKLNKN:0.21428571428571427	ISDDSSND:0.21428571428571427	FCDQDDFW:0.21428571428571427	HDWYIGLL:0.21428571428571427	HGNNQVGA:0.35714285714285715	GVKENFYH:0.21428571428571427	NNQVGAKE:0.2857142857142857	KENFYHLI:0.21428571428571427	RKTKEQAE:0.21428571428571427	YVFFCDQD:0.35714285714285715	DWYIGLLA:0.21428571428571427	FSYQKLNK:0.21428571428571427	GLLASCYG:0.21428571428571427	MFSYQKLN:0.21428571428571427	LILYRQHG:0.35714285714285715	PILIHSDL:0.2857142857142857	NQVGAKEF:0.2857142857142857	DDSSNDNT:0.21428571428571427	RQHGNNQV:0.35714285714285715	MHDWYIGL:0.2857142857142857	KQSVRKTK:0.21428571428571427	GAKEFTLN:0.21428571428571427	KLFFTGGI:0.21428571428571427	LIHSDLCV:0.2857142857142857	HRSMFSYQ:0.21428571428571427	LYRQHGNN:0.21428571428571427	QHGNNQVG:0.35714285714285715	ILIHSDLC:0.2857142857142857	DQDDFWLP:0.35714285714285715	QSVRKTKE:0.21428571428571427	CVMACNKS:0.21428571428571427	LLISDDSS:0.21428571428571427	FFTGGIRK:0.21428571428571427	QVGAKEFT:0.21428571428571427	CRLLISDD:0.2857142857142857	IGLLASCY:0.21428571428571427	FFCDQDDF:0.21428571428571427	VKENFYHL:0.21428571428571427	ADYVFFCD:0.2857142857142857	VRKTKEQA:0.21428571428571427	GNNQVGAK:0.21428571428571427	AIMHDWYI:0.21428571428571427	HSDLCVAD:0.35714285714285715	VMACNKSL:0.21428571428571427	YIGLLASC:0.21428571428571427	VGAKEFTL:0.21428571428571427	SMFSYQKL:0.21428571428571427	LISDDSSN:0.21428571428571427	YQKLNKNP:0.21428571428571427	CDQDDFWL:0.21428571428571427	WYIGLLAS:0.21428571428571427	VFFCDQDD:0.35714285714285715	RLLISDDS:0.21428571428571427	SDDSSNDN:0.21428571428571427	ELLVSNSV:0.2857142857142857	SNSVTGCV:0.42857142857142855	TDADYVFF:0.2857142857142857	VSNSVTGC:0.35714285714285715	LLVSNSVT:0.2857142857142857	VTGCVMAC:0.42857142857142855	AELLVSNS:0.2857142857142857	SVTGCVMA:0.42857142857142855	NSVTGCVM:0.42857142857142855	LVSNSVTG:0.2857142857142857	SDLCVADN:0.21428571428571427	VHSDLCVA:0.21428571428571427	PILVHSDL:0.21428571428571427	ILVHSDLC:0.21428571428571427	LVHSDLCV:0.2857142857142857	QHGGNQVG:0.35714285714285715	LYRQHGGN:0.21428571428571427	LISDDGST:0.21428571428571427	YRQHGGNQ:0.35714285714285715	GGNQVGAK:0.35714285714285715	KIDVLLAT:0.2857142857142857	FCDQDDLW:0.21428571428571427	RQHGGNQV:0.35714285714285715	HGGNQVGA:0.35714285714285715	DQDDLWLP:0.21428571428571427	LATYNGEK:0.2857142857142857	LLATYNGE:0.2857142857142857	CDQDDLWL:0.21428571428571427	ILYRQHGG:0.21428571428571427	VLLATYNG:0.35714285714285715	FFCDQDDL:0.21428571428571427	DVLLATYN:0.2857142857142857	ISDDGSTD:0.21428571428571427	SIMHDWYI:0.21428571428571427	ATYNGEKY:0.2857142857142857	IDVLLATY:0.2857142857142857	NQVGAKSF:0.21428571428571427	TYNGEKYI:0.2857142857142857	SLILYRQH:0.21428571428571427	
