cluster number:2401
GT2:306	GT2:306|2.4.1.289:3
VGWLSGSC:0.3660130718954248	RYFMYMED:0.6372549019607843	YMEDVDLG:0.5882352941176471	VDLGDRLG:0.2875816993464052	FQADRHPH:0.20588235294117646	EDVDLGDR:0.738562091503268	AVVTVTYS:0.21241830065359477	GSTDGAPE:0.2647058823529412	GWLSGSCL:0.7516339869281046	RFQADRHP:0.27450980392156865	LADNGSTD:0.41830065359477125	YRFQADRH:0.2875816993464052	MEDVDLGD:0.5947712418300654	WLSGSCLL:0.7352941176470589	AYRFQADR:0.4084967320261438	HHESAYRF:0.22549019607843138	TGGNIGYG:0.3235294117647059	LSGSCLLL:0.25163398692810457	VVTVTYSP:0.3660130718954248	NGSTDGAP:0.28104575163398693	SAYRFQAD:0.4084967320261438	DVDLGDRL:0.48366013071895425	SGSCLLLR:0.24836601307189543	PDGSVYPS:0.24183006535947713	TVTYSPGE:0.24509803921568626	ADNGSTDG:0.5947712418300654	DNGSTDGA:0.28104575163398693	FMYMEDVD:0.6339869281045751	GSVYPSAR:0.2875816993464052	VTVTYSPG:0.43137254901960786	HESAYRFQ:0.20588235294117646	AHHESAYR:0.22549019607843138	MYMEDVDL:0.5784313725490197	DGSVYPSA:0.2875816993464052	YFMYMEDV:0.6339869281045751	PAHHESAY:0.20915032679738563	IGGFDERY:0.2908496732026144	GFDERYFM:0.5490196078431373	FDERYFMY:0.5490196078431373	GGFDERYF:0.5163398692810458	SGSCLLVR:0.39215686274509803	LSGSCLLV:0.3954248366013072	DVDLGDRF:0.20261437908496732	ERYFMYME:0.43137254901960786	DERYFMYM:0.42483660130718953	AGWLSGSC:0.42810457516339867	VGGFDERY:0.20588235294117646	TAGWLSGS:0.2647058823529412	ERTAGWLS:0.2581699346405229	DGSAYPSA:0.21568627450980393	GSAYPSAR:0.21568627450980393	RTAGWLSG:0.2679738562091503	DNGSTDGT:0.21241830065359477	NPDVQWGP:0.22875816993464052	NGSTDGTP:0.20915032679738563	ANPDVQWG:0.22875816993464052	
