cluster number:783
GT2:86	GT2:86|GT32:15
KNEGPFIL:0.5581395348837209	IYTNDCTD:0.20930232558139536	AESFLVKR:0.3372093023255814	MKNEGPFI:0.5581395348837209	LVKRDRGR:0.7093023255813954	AWGFKTLF:0.3023255813953488	DPWRAPLG:0.20930232558139536	LAYHRVIG:0.22093023255813954	ARAVANID:0.23255813953488372	KRDRGRVN:0.5232558139534884	WLAYHRVI:0.22093023255813954	GFKTLFRN:0.23255813953488372	HYAVRSAE:0.3372093023255814	DDFLIYTN:0.20930232558139536	GVHRPKGL:0.3372093023255814	DFLIYTND:0.22093023255813954	VRSAESFL:0.3372093023255814	TNDCTDGT:0.313953488372093	KLGVHRPK:0.313953488372093	LNHYAVRS:0.5232558139534884	DLVQLNHY:0.2558139534883721	LEWLAYHR:0.27906976744186046	ESFLVKRD:0.5232558139534884	YGYDLVQL:0.2558139534883721	SFLVKRDR:0.7093023255813954	NHYAVRSA:0.3372093023255814	DVDEFINI:0.23255813953488372	QLNHYAVR:0.313953488372093	EGPFILEW:0.6046511627906976	YWFRMNNN:0.29069767441860467	TYGYDLVQ:0.2558139534883721	ILEWLAYH:0.27906976744186046	LGVHRPKG:0.313953488372093	FLVKRDRG:0.7093023255813954	VKRDRGRV:0.5232558139534884	AVRSAESF:0.3372093023255814	RSAESFLV:0.3372093023255814	HQAWGFKT:0.3372093023255814	MDVDEFIN:0.26744186046511625	VQLNHYAV:0.313953488372093	FILEWLAY:0.26744186046511625	GPFILEWL:0.29069767441860467	YAVRSAES:0.3372093023255814	VDEFINIK:0.22093023255813954	LIYTNDCT:0.20930232558139536	TWRLFGNN:0.23255813953488372	NEGPFILE:0.5813953488372093	GYDLVQLN:0.2558139534883721	PFILEWLA:0.29069767441860467	CMDVDEFI:0.20930232558139536	LVQLNHYA:0.2558139534883721	PHQAWGFK:0.3372093023255814	QAWGFKTL:0.3372093023255814	YDLVQLNH:0.2558139534883721	SAESFLVK:0.3372093023255814	EWLAYHRV:0.22093023255813954	FLIYTNDC:0.2441860465116279	YTNDCTDG:0.27906976744186046	MTWRLFGN:0.2441860465116279	RDRGRVNH:0.5232558139534884	WGFKTLFR:0.2558139534883721	DVDEFVNI:0.38372093023255816	DEFVNIHV:0.37209302325581395	EFVNIHVG:0.37209302325581395	FVNIHVGD:0.3023255813953488	FILEWIAY:0.20930232558139536	ILEWIAYH:0.20930232558139536	FLVYTNDC:0.2558139534883721	PFILEWIA:0.22093023255813954	VNIHVGDG:0.29069767441860467	VDEFVNIH:0.37209302325581395	IGVHRPLK:0.36046511627906974	CMKNEGPF:0.2441860465116279	NDCTDGTD:0.313953488372093	TCMKNEGP:0.2441860465116279	TNDCDDGT:0.23255813953488372	PFILEWVA:0.26744186046511625	GPFILEWV:0.2441860465116279	RDQGLAYW:0.26744186046511625	DRGRVNHV:0.3372093023255814	FKKLGVHR:0.2558139534883721	KKLGVHRP:0.29069767441860467	DCTDGTDA:0.20930232558139536	
