cluster number:1742
GT2:11	GT2:11
APPQWLAL:0.2727272727272727	PEKNISLT:0.45454545454545453	AQVVVVDN:0.2727272727272727	LAMIDDDE:0.2727272727272727	PLGRHHAV:0.36363636363636365	KRALRGGQ:0.2727272727272727	IDDDERAP:0.6363636363636364	VVDNDAAG:0.36363636363636365	LDALLGDL:0.2727272727272727	SLTRNMTV:0.36363636363636365	VCIATYRR:0.5454545454545454	WPLGRHHA:0.36363636363636365	APAWVRRG:0.36363636363636365	EKNISLTR:0.45454545454545453	ALLGDLAA:0.2727272727272727	LLGDLAAQ:0.36363636363636365	GARIVWCD:0.2727272727272727	ANYGKLSV:0.2727272727272727	DDDERAPP:0.5454545454545454	ERAPPQWL:0.36363636363636365	PAQVVVVD:0.2727272727272727	RHHAVHWL:0.2727272727272727	GQDFAIHF:0.2727272727272727	NISLTRNM:0.2727272727272727	GKLSVLWG:0.2727272727272727	ARIVWCDE:0.2727272727272727	LRGGQDFA:0.6363636363636364	LGDLAAQT:0.36363636363636365	DALLGDLA:0.2727272727272727	MIDDDERA:0.2727272727272727	YGKLSVLW:0.2727272727272727	GDLAAQTL:0.2727272727272727	YANYGKLS:0.36363636363636365	AYANYGKL:0.36363636363636365	GGQDFAIH:0.36363636363636365	LGRHHAVH:0.2727272727272727	AVHWLGRA:0.2727272727272727	VVVDNDAA:0.36363636363636365	CIATYRRA:0.2727272727272727	KNISLTRN:0.6363636363636364	VDNDAAGS:0.36363636363636365	RAPPQWLA:0.2727272727272727	LTGGEDGD:0.5454545454545454	PPQWLALL:0.2727272727272727	WLAMIDDD:0.2727272727272727	ISLTRNMT:0.36363636363636365	NYGKLSVL:0.2727272727272727	DDERAPPQ:0.36363636363636365	YGLTGGED:0.45454545454545453	LSWPLGRH:0.2727272727272727	DYAIQPEK:0.2727272727272727	ADAVQAPV:0.2727272727272727	RGGQDFAI:0.36363636363636365	YAIQPEKN:0.2727272727272727	ALRGGQDF:0.6363636363636364	DERAPPQW:0.36363636363636365	RALRGGQD:0.6363636363636364	VWCDEAHV:0.2727272727272727	AIQPEKNI:0.2727272727272727	KLSVLWGG:0.2727272727272727	AMIDDDER:0.2727272727272727	GRHHAVHW:0.2727272727272727	VVVVDNDA:0.2727272727272727	LLDALLGD:0.2727272727272727	RAYANYGK:0.36363636363636365	DNDAAGSA:0.2727272727272727	GLTGGEDG:0.5454545454545454	QPEKNISL:0.45454545454545453	IQPEKNIS:0.2727272727272727	RIVWCDEA:0.2727272727272727	TGGEDGDL:0.2727272727272727	GEDGDLLM:0.2727272727272727	GGEDGDLL:0.36363636363636365	QIVVVDND:0.36363636363636365	DGDLLMRL:0.2727272727272727	ISVCIATY:0.2727272727272727	SVCIATYR:0.45454545454545453	IVVVDNDA:0.36363636363636365	EDGDLLMR:0.2727272727272727	AWLAFIDD:0.2727272727272727	WLAFIDDD:0.2727272727272727	FIDDDERA:0.36363636363636365	LAFIDDDE:0.2727272727272727	AFIDDDER:0.36363636363636365	
