cluster number:2026
GT2:17	GT2:17
GQFADETL:0.29411764705882354	LMERQWIS:0.29411764705882354	TFRKFGQF:0.47058823529411764	VGLVCTDT:0.35294117647058826	FGQFADET:0.29411764705882354	EADVFYRI:0.47058823529411764	VSVIMNCL:0.47058823529411764	DESLNVCE:0.47058823529411764	TDTEIFDG:0.29411764705882354	FDESLNVC:0.47058823529411764	LDCDDLWR:0.35294117647058826	KFGQFADE:0.29411764705882354	MERQWISM:0.29411764705882354	CEEADVFY:0.47058823529411764	RKFGQFAD:0.29411764705882354	SLNVCEEA:0.47058823529411764	EEADVFYR:0.47058823529411764	DCDDLWRP:0.35294117647058826	PAVSVIMN:0.23529411764705882	ERQWISMS:0.29411764705882354	AVSVIMNC:0.23529411764705882	LLTRRAAF:0.29411764705882354	ESLNVCEE:0.47058823529411764	NVCEEADV:0.47058823529411764	LTRRAAFQ:0.29411764705882354	SVIMNCLN:0.47058823529411764	FADETLRI:0.23529411764705882	VCEEADVF:0.47058823529411764	RVGLVCTD:0.29411764705882354	LNVCEEAD:0.5294117647058824	QWISMSSA:0.5294117647058824	ADVFYRIA:0.47058823529411764	FRKFGQFA:0.47058823529411764	RQWISMSS:0.29411764705882354	QFADETLR:0.23529411764705882	TRRAAFQK:0.29411764705882354	AFLDCDDL:0.47058823529411764	ADETLRIL:0.23529411764705882	FLDCDDLW:0.47058823529411764	VFWDNGST:0.29411764705882354	WFDESLNV:0.4117647058823529	RLYFALPA:0.23529411764705882	LGAARNLA:0.47058823529411764	NTTFRKFG:0.4117647058823529	WISMSSAV:0.4117647058823529	ARLYFALP:0.35294117647058826	VPLGAARN:0.47058823529411764	IAFLDCDD:0.6470588235294118	EIVFWDNG:0.35294117647058826	TTFRKFGQ:0.4117647058823529	IVFWDNGS:0.35294117647058826	TVPLGAAR:0.47058823529411764	PLGAARNL:0.47058823529411764	FWDNGSTD:0.4117647058823529	FIAFLDCD:0.5294117647058824	RRRAAFQR:0.23529411764705882	VIMNCLNC:0.23529411764705882	FRELMTTQ:0.23529411764705882	ANTTFRKF:0.23529411764705882	ALLRRRAA:0.23529411764705882	FLDCDDVW:0.23529411764705882	TQWISMSS:0.23529411764705882	LMTTQWIS:0.23529411764705882	PRVGLVCT:0.23529411764705882	FDDWEIVF:0.23529411764705882	KFRLFRLA:0.23529411764705882	PLTRWRVH:0.23529411764705882	TTQWISMS:0.23529411764705882	YADLVALL:0.23529411764705882	DWELDHVD:0.29411764705882354	FAQTFDDW:0.23529411764705882	TLRILDKH:0.23529411764705882	QVALFRAN:0.23529411764705882	MSSAVIRR:0.29411764705882354	HGANTTFR:0.23529411764705882	DVFYRIAW:0.23529411764705882	IAWDWELD:0.23529411764705882	DHVDAPLT:0.23529411764705882	FRLFRLAT:0.23529411764705882	AARNLAIA:0.29411764705882354	EFIAFLDC:0.23529411764705882	ARGEFIAF:0.23529411764705882	DDWEIVFW:0.23529411764705882	LLRRRAAF:0.23529411764705882	MTTQWISM:0.23529411764705882	DLVALLRR:0.23529411764705882	RVHGANTT:0.23529411764705882	LRILDKHR:0.23529411764705882	ELMTTQWI:0.23529411764705882	LVALLRRR:0.23529411764705882	DWEIVFWD:0.23529411764705882	VFRELMTT:0.23529411764705882	WELDHVDA:0.29411764705882354	RELMTTQW:0.23529411764705882	AVALWREG:0.23529411764705882	RQVALFRA:0.23529411764705882	YRIAWDWE:0.23529411764705882	GAARNLAI:0.29411764705882354	GANTTFRK:0.23529411764705882	WDWELDHV:0.23529411764705882	SVFAQTFD:0.23529411764705882	VHGANTTF:0.23529411764705882	ELDHVDAP:0.29411764705882354	ETLRILDK:0.23529411764705882	SMSSAVIR:0.29411764705882354	VFYRIAWD:0.23529411764705882	RIAWDWEL:0.23529411764705882	TFDDWEIV:0.23529411764705882	AQTFDDWE:0.23529411764705882	WRVHGANT:0.23529411764705882	ETVPLGAA:0.23529411764705882	ISMSSAVI:0.29411764705882354	QTFDDWEI:0.23529411764705882	VALWREGR:0.23529411764705882	ADLVALLR:0.23529411764705882	FYRIAWDW:0.23529411764705882	VFAQTFDD:0.23529411764705882	LRRRAAFQ:0.23529411764705882	LDHVDAPL:0.29411764705882354	VALFRANP:0.23529411764705882	GEFIAFLD:0.23529411764705882	AFLDCDDV:0.23529411764705882	VALLRRRA:0.23529411764705882	HWFDESLN:0.23529411764705882	AWDWELDH:0.23529411764705882	RGEFIAFL:0.23529411764705882	WEIVFWDN:0.23529411764705882	
