cluster number:1908
GT2:17	GT2:17
FANALMQN:0.23529411764705882	ANFLSLTC:0.29411764705882354	IGGGNTMV:0.5882352941176471	PAEGFAAN:0.23529411764705882	SIHFGPAE:0.23529411764705882	LMQNIGGG:0.23529411764705882	LIHLKRSG:0.29411764705882354	KRSGIYRQ:0.23529411764705882	AYSDQDDV:0.4117647058823529	MVFNNAAR:0.5882352941176471	RLIHLKRS:0.29411764705882354	LIPRLIHL:0.35294117647058826	FGPAEGFA:0.23529411764705882	GNTMVFNN:0.6470588235294118	ADYYAYSD:0.23529411764705882	SDQDDVWE:0.29411764705882354	PRLIHLKR:0.29411764705882354	GGGNTMVF:0.6470588235294118	YLAEQLDS:0.29411764705882354	HFGPAEGF:0.29411764705882354	TMVFNNAA:0.5882352941176471	IPRLIHLK:0.35294117647058826	GGNTMVFN:0.7647058823529411	YSDQDDVW:0.4117647058823529	EGFAANFL:0.23529411764705882	PKVAILLC:0.23529411764705882	GPAEGFAA:0.23529411764705882	PPSFANAL:0.29411764705882354	LLCTYHGQ:0.29411764705882354	FAANFLSL:0.35294117647058826	YYAYSDQD:0.29411764705882354	KVAILLCT:0.29411764705882354	SFANALMQ:0.23529411764705882	PSFANALM:0.23529411764705882	LAEQLDSF:0.29411764705882354	AEQLDSFA:0.23529411764705882	LKRSGIYR:0.23529411764705882	LSIHFGPA:0.23529411764705882	NTMVFNNA:0.6470588235294118	DQDDVWEA:0.29411764705882354	ITHDWWAY:0.35294117647058826	SLIPRLIH:0.29411764705882354	AANFLSLT:0.23529411764705882	YAYSDQDD:0.5294117647058824	ILLCTYHG:0.29411764705882354	NIGGGNTM:0.5294117647058824	ANALMQNI:0.23529411764705882	NALMQNIG:0.23529411764705882	MSLIPRLI:0.29411764705882354	QNIGGGNT:0.5294117647058824	AEGFAANF:0.23529411764705882	RSGIYRQT:0.23529411764705882	GFAANFLS:0.35294117647058826	ASDDGSED:0.23529411764705882	SGIYRQTL:0.35294117647058826	RLSIHFGP:0.23529411764705882	ALMQNIGG:0.23529411764705882	HLKRSGIY:0.23529411764705882	MQNIGGGN:0.23529411764705882	VAILLCTY:0.29411764705882354	WASDDGSE:0.23529411764705882	DYYAYSDQ:0.29411764705882354	IHLKRSGI:0.23529411764705882	GRLSIHFG:0.23529411764705882	VITHDWWA:0.29411764705882354	AILLCTYH:0.29411764705882354	IHFGPAEG:0.23529411764705882	PALYCSRT:0.35294117647058826	EVWASDDG:0.29411764705882354	LTPENREI:0.23529411764705882	VWASDDGS:0.4117647058823529	ALYCSRTR:0.29411764705882354	NWEVWASD:0.23529411764705882	WEVWASDD:0.29411764705882354	SRTRLVDA:0.23529411764705882	YCSRTRLV:0.35294117647058826	LYCSRTRL:0.35294117647058826	CSRTRLVD:0.35294117647058826	THDWWAYM:0.23529411764705882	PTLRYRQH:0.35294117647058826	TPENREIL:0.23529411764705882	LIQNIGGG:0.23529411764705882	NALIQNIG:0.23529411764705882	ALIQNIGG:0.23529411764705882	IQNIGGGN:0.23529411764705882	DWWAYMVV:0.23529411764705882	FYAYSDQD:0.23529411764705882	NREILQRF:0.23529411764705882	WWAYMVVT:0.23529411764705882	YRQTLLGN:0.23529411764705882	QDDVWEAD:0.23529411764705882	IYRQTLLG:0.23529411764705882	GIYRQTLL:0.23529411764705882	DVWEADKL:0.23529411764705882	YMVVTGCG:0.23529411764705882	DDVWEADK:0.23529411764705882	WAYMVVTG:0.23529411764705882	ADFYAYSD:0.23529411764705882	MVVTGCGG:0.23529411764705882	AYMVVTGC:0.23529411764705882	DFYAYSDQ:0.23529411764705882	AAAILGKI:0.23529411764705882	REILQRFA:0.23529411764705882	HDWWAYMV:0.23529411764705882	LLGNIGLI:0.23529411764705882	VAILLCTF:0.23529411764705882	
