cluster number:2254
GT2:11	GT2:11|GT4:5
EYIAFLDA:0.2727272727272727	GEYIAFLD:0.8181818181818182	YIAFLDAD:0.2727272727272727	IAFLDADD:0.2727272727272727	AKGEYIAF:0.45454545454545453	KGEYIAFL:0.45454545454545453	EYIAFLDS:0.45454545454545453	IAFLDSDD:0.45454545454545453	YIAFLDSD:0.45454545454545453	ENFPNTCL:0.36363636363636365	WENFPNTC:0.45454545454545453	NFPNTCLE:0.36363636363636365	AFLDADDR:0.2727272727272727	EIYHLLNQ:0.2727272727272727	WIKEFGDS:0.2727272727272727	VVIPSLWE:0.2727272727272727	HLLNQNGA:0.36363636363636365	LEVIIFND:0.36363636363636365	AWCVVIPS:0.2727272727272727	VAWNTEFP:0.36363636363636365	LAENLEDY:0.36363636363636365	VWVAWNTE:0.36363636363636365	ENLEDYEC:0.36363636363636365	SYQLAEEV:0.2727272727272727	WVGRMEKF:0.36363636363636365	CVVIPSLW:0.2727272727272727	TAIGGDTW:0.2727272727272727	YPADKMPS:0.2727272727272727	LNQNGASW:0.36363636363636365	IFNDGSTD:0.2727272727272727	SLWENFPN:0.36363636363636365	KVWVAWNT:0.36363636363636365	NLEDYECW:0.36363636363636365	GVCTVVRK:0.36363636363636365	TLGVCTVV:0.36363636363636365	LSDYWVGR:0.2727272727272727	PYLLCHNT:0.36363636363636365	SLNYPPHG:0.2727272727272727	VASWIKEF:0.36363636363636365	VIIFNDGS:0.36363636363636365	CHNTLGVC:0.36363636363636365	WCVVIPSL:0.2727272727272727	TCLESMLL:0.2727272727272727	IPSLWENF:0.2727272727272727	DTWYHLQG:0.2727272727272727	DIVYFGRL:0.2727272727272727	CLESMLLG:0.2727272727272727	HNTLGVCT:0.36363636363636365	PNTCLESM:0.2727272727272727	DYWVGRME:0.36363636363636365	LNYPPHGK:0.2727272727272727	NGASWLWD:0.36363636363636365	NVGFVASW:0.36363636363636365	YRIRSDSR:0.36363636363636365	GGDTWYHL:0.2727272727272727	WNTEFPYL:0.36363636363636365	YLLCHNTL:0.36363636363636365	GMEILSLV:0.2727272727272727	VGRMEKFC:0.36363636363636365	GDTWYHLQ:0.2727272727272727	FPNTCLES:0.2727272727272727	NIFPSLNY:0.2727272727272727	LTAIGGDT:0.36363636363636365	HYFYRIRS:0.36363636363636365	FGRLEVRK:0.36363636363636365	KLTAIGGD:0.2727272727272727	IVYFGRLE:0.2727272727272727	SWIKEFGD:0.2727272727272727	AENLEDYE:0.36363636363636365	MTGMEILS:0.2727272727272727	YWVGRMEK:0.36363636363636365	PSLNYPPH:0.2727272727272727	LLAENLED:0.2727272727272727	KAWCVVIP:0.2727272727272727	LLNQNGAS:0.36363636363636365	VIPSLWEN:0.2727272727272727	FVASWIKE:0.36363636363636365	PELQGVPI:0.2727272727272727	NTLGVCTV:0.36363636363636365	LESMLLGK:0.2727272727272727	TGMEILSL:0.2727272727272727	LYPADKMP:0.2727272727272727	LWENFPNT:0.36363636363636365	PSLWENFP:0.36363636363636365	IYHLLNQN:0.2727272727272727	SWLWDNPS:0.36363636363636365	AWNTEFPY:0.36363636363636365	QNGASWLW:0.36363636363636365	NTCLESML:0.2727272727272727	LLCHNTLG:0.36363636363636365	IGGDTWYH:0.2727272727272727	ELQGVPIV:0.2727272727272727	FYRIRSDS:0.36363636363636365	ASWIKEFG:0.36363636363636365	YFGRLEVR:0.36363636363636365	LCHNTLGV:0.36363636363636365	EVIIFNDG:0.36363636363636365	NQNGASWL:0.36363636363636365	GFVASWIK:0.36363636363636365	FPSLNYPP:0.2727272727272727	RIRSDSRL:0.36363636363636365	LHYFYRIR:0.36363636363636365	NTEFPYLL:0.36363636363636365	LEDYECWI:0.2727272727272727	YHLLNQNG:0.36363636363636365	YFYRIRSD:0.36363636363636365	GASWLWDN:0.36363636363636365	WVAWNTEF:0.36363636363636365	FKLTAIGG:0.2727272727272727	IIFNDGST:0.36363636363636365	LQGVPIVL:0.2727272727272727	PADKMPSY:0.2727272727272727	EFPYLLCH:0.36363636363636365	VYFGRLEV:0.36363636363636365	ASWLWDNP:0.36363636363636365	GRLEVRKG:0.36363636363636365	TEFPYLLC:0.36363636363636365	AIGGDTWY:0.2727272727272727	FPYLLCHN:0.36363636363636365	YQLAEEVI:0.2727272727272727	SDYWVGRM:0.2727272727272727	LGVCTVVR:0.36363636363636365	GWLGVVIP:0.2727272727272727	VGHVEMLQ:0.2727272727272727	VGFVASWI:0.36363636363636365	TWYHLQGC:0.2727272727272727	PELHYFYR:0.2727272727272727	ELHYFYRI:0.2727272727272727	IPELHYFY:0.2727272727272727	DLEVIIFN:0.2727272727272727	VCTVVRKA:0.2727272727272727	CTVVRKAA:0.2727272727272727	VVRKAAYL:0.2727272727272727	TVVRKAAY:0.2727272727272727	
