cluster number:1491
GT2:62	GT2:62
LYGEMHRF:0.532258064516129	SGWRKDRK:0.22580645161290322	GDLQNDPA:0.24193548387096775	GWRKDRKD:0.22580645161290322	QNDPADIP:0.3548387096774194	LQNDPADI:0.3225806451612903	DGDLQNDP:0.5806451612903226	DVVSGWRK:0.43548387096774194	VSGWRKDR:0.4032258064516129	VVSGWRKD:0.3548387096774194	DLMTVKFL:0.27419354838709675	PMDGDLQN:0.4032258064516129	VHLHDYGC:0.3548387096774194	YGEMHRFI:0.24193548387096775	GEMHRFIP:0.22580645161290322	LDLMTVKF:0.27419354838709675	MDGDLQND:0.5483870967741935	DLQNDPAD:0.3225806451612903	GVHLHDYG:0.3225806451612903	TLKAYRRE:0.24193548387096775	CTLKAYRR:0.43548387096774194	YDVVSGWR:0.5	LKAYRREV:0.24193548387096775	EGYDVVSG:0.41935483870967744	KAYRREVL:0.24193548387096775	LHDYGCTL:0.45161290322580644	GCTLKAYR:0.4838709677419355	GYDVVSGW:0.4838709677419355	TGVHLHDY:0.2903225806451613	HDYGCTLK:0.46774193548387094	RLYGEMHR:0.27419354838709675	RNFGQTAA:0.5806451612903226	HLHDYGCT:0.2903225806451613	YGCTLKAY:0.4838709677419355	DYGCTLKA:0.532258064516129	RRNFGQTA:0.5161290322580645	GQTAAMAA:0.3064516129032258	FGQTAAMA:0.3064516129032258	RFRRNFGQ:0.20967741935483872	FRRNFGQT:0.3548387096774194	TAAMAAGF:0.27419354838709675	NFGQTAAM:0.46774193548387094	QTAAMAAG:0.3064516129032258	MNRNPLLI:0.20967741935483872	RNPLLILT:0.20967741935483872	TKPIQLFG:0.20967741935483872	HRFVPALA:0.22580645161290322	YGEMHRFV:0.2903225806451613	LMTVKFLL:0.22580645161290322	PLLILTAF:0.20967741935483872	LLILTAFL:0.20967741935483872	NPLLILTA:0.20967741935483872	DEGYDVVS:0.22580645161290322	SMNRNPLL:0.20967741935483872	NRNPLLIL:0.24193548387096775	SKYGISRT:0.3387096774193548	LVDDGSSD:0.20967741935483872	GEMHRFVP:0.2903225806451613	VPMDGDLQ:0.24193548387096775	
