cluster number:2163
GT2:13	GT2:13|GT4:1
RAAVVIVT:0.23076923076923078	AVVIVTYN:0.6923076923076923	AAVVIVTY:0.23076923076923078	FLLYGEET:0.23076923076923078	RAGRWGTL:0.23076923076923078	VADNASRD:0.23076923076923078	VVIVTYNS:0.6923076923076923	VVADNASR:0.23076923076923078	GSLQPSLR:0.3076923076923077	VIVTYNSA:0.7692307692307693	TLGELITD:0.23076923076923078	GTLGELIT:0.23076923076923078	WGTLGELI:0.23076923076923078	RWGTLGEL:0.23076923076923078	RVAVVIVT:0.3076923076923077	VAVVIVTY:0.3076923076923077	GRNAGYAA:0.5384615384615384	AGRWGTLG:0.23076923076923078	NPDGSLQP:0.3076923076923077	ESGTNPML:0.23076923076923078	PDGSLQPS:0.3076923076923077	DGSLQPSL:0.3076923076923077	GRWGTLGE:0.23076923076923078	GESGTNPM:0.23076923076923078	GGESGTNP:0.3076923076923077	SLQPSLRR:0.3076923076923077	LGELITDP:0.3076923076923077	IVTYNSAD:0.3076923076923077	WDESFLLY:0.5384615384615384	LGRNAGYA:0.23076923076923078	GPWDESFL:0.46153846153846156	PWDESFLL:0.46153846153846156	TGAAMLIS:0.23076923076923078	LLRPSRRL:0.23076923076923078	YVLNPDCR:0.23076923076923078	AGYAAAIN:0.38461538461538464	IEHIGGDS:0.3076923076923077	IGGDSGVN:0.3076923076923077	FAWATGAA:0.23076923076923078	GGDSGVNP:0.3076923076923077	PASVIEHI:0.23076923076923078	SLRRMPTV:0.23076923076923078	PSLRRMPT:0.23076923076923078	ATGAAMLL:0.23076923076923078	RRMPTVGR:0.23076923076923078	WATGAAML:0.46153846153846156	GRRTSRAS:0.23076923076923078	SVIEHIGG:0.23076923076923078	VVVADNAS:0.46153846153846156	FLLYSEET:0.38461538461538464	YEPASVIE:0.23076923076923078	ESFLLYSE:0.38461538461538464	GELVTDPR:0.23076923076923078	HIGGDSGV:0.3076923076923077	VIEHIGGD:0.23076923076923078	VGPWDESF:0.23076923076923078	LQPSLRRM:0.23076923076923078	DESFLLYS:0.38461538461538464	LGELVTDP:0.23076923076923078	NPDCRLRP:0.23076923076923078	PGRGIAVP:0.3076923076923077	LYSEETDY:0.23076923076923078	ALLRPSRR:0.23076923076923078	GYAAAINA:0.38461538461538464	VLNPDCRL:0.23076923076923078	YAAAINAG:0.38461538461538464	VVADNASK:0.3076923076923077	AGRRTSRA:0.23076923076923078	RRTSRASV:0.23076923076923078	QPSLRRMP:0.23076923076923078	LRRMPTVG:0.23076923076923078	DGTLQPSL:0.23076923076923078	LLYSEETD:0.23076923076923078	AAAINAGI:0.23076923076923078	TLQPSLRR:0.23076923076923078	LAGRRTSR:0.23076923076923078	RNAGYAAA:0.38461538461538464	VYVLNPDC:0.23076923076923078	VRALAGRR:0.23076923076923078	SFLLYSEE:0.38461538461538464	RALAGRRT:0.23076923076923078	RMPTVGRA:0.23076923076923078	ALAGRRTS:0.23076923076923078	EHIGGDSG:0.3076923076923077	GTLQPSLR:0.23076923076923078	WYEPASVI:0.23076923076923078	VADNASKD:0.3076923076923077	EPASVIEH:0.23076923076923078	NAGYAAAI:0.38461538461538464	PDGTLQPS:0.23076923076923078	PDCRLRPG:0.23076923076923078	ASVIEHIG:0.23076923076923078	AWATGAAM:0.46153846153846156	VTYNSADV:0.23076923076923078	TYNSADVL:0.23076923076923078	LLYSEETE:0.23076923076923078	
