cluster number:2578
GT2:11	GT2:11
GQSAAVAT:0.2727272727272727	AGFRKKRD:0.2727272727272727	MDGDGQND:0.36363636363636365	DGQNDPAD:0.5454545454545454	PDTGCGLK:0.2727272727272727	FFLRDETP:0.2727272727272727	DETPDTGC:0.2727272727272727	KYGTLNRL:0.2727272727272727	FDHMHRFL:0.36363636363636365	DGDGQNDP:0.5454545454545454	CWLRMRAK:0.2727272727272727	FLRDETPD:0.2727272727272727	ETPDTGCG:0.2727272727272727	IATMDGDG:0.36363636363636365	DTGCGLKV:0.2727272727272727	FFDHMHRF:0.36363636363636365	PFFDHMHR:0.36363636363636365	VCWLRMRA:0.2727272727272727	VATGIRHA:0.2727272727272727	LRDETPDT:0.2727272727272727	GQNDPADI:0.36363636363636365	ATMDGDGQ:0.45454545454545453	AWRIICSK:0.2727272727272727	SYGQSAAV:0.2727272727272727	CGLKVFYR:0.2727272727272727	TGCGLKVF:0.2727272727272727	LRMRAKNV:0.2727272727272727	DDASTDET:0.2727272727272727	TPDTGCGL:0.2727272727272727	MRAKNVKI:0.2727272727272727	RMRAKNVK:0.2727272727272727	AAVATGIR:0.2727272727272727	YGQSAAVA:0.2727272727272727	RDETPDTG:0.2727272727272727	LIATMDGD:0.36363636363636365	RFLPALIK:0.2727272727272727	LPFFDHMH:0.36363636363636365	GLKVFYRS:0.2727272727272727	VDDASTDE:0.2727272727272727	MVAGFRKK:0.2727272727272727	LKVFYRSA:0.2727272727272727	SKYGTLNR:0.2727272727272727	GCGLKVFY:0.36363636363636365	YRRFFLRD:0.2727272727272727	RRFFLRDE:0.2727272727272727	VVDDASTD:0.6363636363636364	AVATGIRH:0.2727272727272727	YGTLNRLW:0.2727272727272727	DHMHRFLP:0.36363636363636365	QSAAVATG:0.2727272727272727	RFFLRDET:0.2727272727272727	HMHRFLPA:0.36363636363636365	GDGQNDPA:0.5454545454545454	GVCWLRMR:0.2727272727272727	SAAVATGI:0.2727272727272727	QNDPADIP:0.2727272727272727	VFYRSAFL:0.2727272727272727	WLRMRAKN:0.2727272727272727	TMDGDGQN:0.45454545454545453	KVFYRSAF:0.2727272727272727	GFRKKRDD:0.2727272727272727	HRFLPALI:0.36363636363636365	MHRFLPAL:0.45454545454545453	VAGFRKKR:0.2727272727272727	VVVDDAST:0.5454545454545454	EIVVVDDA:0.5454545454545454	IVVVDDAS:0.5454545454545454	
