cluster number:1672
GT2:14	GT2:14
SVIVPVYN:0.35714285714285715	VIVPVYNG:0.2857142857142857	ISVIVPVY:0.35714285714285715	QNEGINAT:0.2857142857142857	DMIMNIRL:0.2857142857142857	PHICFKKV:0.21428571428571427	EILWSRLN:0.21428571428571427	FIRYRLGL:0.21428571428571427	ILWSRLNG:0.21428571428571427	SFTDFELI:0.2857142857142857	QISVIVPV:0.21428571428571427	PVYNGERY:0.2857142857142857	FELILVDD:0.2857142857142857	ILVDDGSI:0.21428571428571427	NGERYLHE:0.2857142857142857	DDSLPQDA:0.2857142857142857	APHICFKK:0.21428571428571427	GINATRRR:0.2857142857142857	INATRRRG:0.2857142857142857	HKQNEGIN:0.2857142857142857	LTDDIFDF:0.21428571428571427	PREIDGEE:0.2857142857142857	MNIRLMFK:0.21428571428571427	EGINATRR:0.2857142857142857	DDIFDFPR:0.2857142857142857	VYNFRRNT:0.2857142857142857	TDDIFDFP:0.21428571428571427	MSEILWSR:0.21428571428571427	FKKVYNFR:0.2857142857142857	ILNQSFTD:0.2857142857142857	DNDDSLPQ:0.2857142857142857	NEGINATR:0.2857142857142857	RYRLGLNN:0.21428571428571427	TDIVIGFP:0.2857142857142857	IDGEEDMI:0.35714285714285715	PTPWAKLY:0.21428571428571427	KKVYNFRR:0.2857142857142857	NATRRRGV:0.2857142857142857	GEEDMIMN:0.35714285714285715	RVIHKQNE:0.21428571428571427	YNGERYLH:0.2857142857142857	YMSEILWS:0.21428571428571427	NIRLMFKI:0.21428571428571427	IMNIRLMF:0.21428571428571427	IRYRLGLN:0.21428571428571427	IHKQNEGI:0.2857142857142857	NPQISVIV:0.21428571428571427	TPWAKLYR:0.21428571428571427	ELILVDDG:0.35714285714285715	FDFPREID:0.2857142857142857	LNQSFTDF:0.2857142857142857	EIDGEEDM:0.2857142857142857	DSLPQDAL:0.2857142857142857	SEILWSRL:0.21428571428571427	PPTPWAKL:0.21428571428571427	NDDSLPQD:0.2857142857142857	NFIRYRLG:0.21428571428571427	REIDGEED:0.2857142857142857	KVYNFRRN:0.2857142857142857	PQISVIVP:0.21428571428571427	SVSHTKKA:0.2857142857142857	EDMIMNIR:0.35714285714285715	RAPHICFK:0.21428571428571427	EEDMIMNI:0.35714285714285715	DGEEDMIM:0.35714285714285715	HICFKKVY:0.21428571428571427	GERYLHEC:0.2857142857142857	CFKKVYNF:0.21428571428571427	KNFIRYRL:0.21428571428571427	CDNDDSLP:0.2857142857142857	FPREIDGE:0.2857142857142857	NQSFTDFE:0.2857142857142857	MIMNIRLM:0.21428571428571427	VIHKQNEG:0.21428571428571427	IVPVYNGE:0.2857142857142857	QSFTDFEL:0.2857142857142857	SHTKKASL:0.21428571428571427	MNPQISVI:0.21428571428571427	FCDNDDSL:0.2857142857142857	DFPREIDG:0.2857142857142857	LVDDGSID:0.21428571428571427	DIFDFPRE:0.2857142857142857	VYNGERYL:0.2857142857142857	IFDFPREI:0.2857142857142857	PWAKLYRR:0.21428571428571427	LILVDDGS:0.42857142857142855	KQNEGINA:0.2857142857142857	ICFKKVYN:0.21428571428571427	VPVYNGER:0.2857142857142857	VSHTKKAS:0.2857142857142857	LILLDDGS:0.21428571428571427	FELILLDD:0.21428571428571427	DFELILLD:0.21428571428571427	ELILLDDG:0.21428571428571427	LVDDGSKD:0.2857142857142857	ILVDDGSK:0.2857142857142857	VDDGSKDG:0.21428571428571427	DDGSKDGS:0.21428571428571427	
