cluster number:1871
GT2:24	GT2:24
SVLAQTYK:0.2916666666666667	RNTGIRHA:0.3333333333333333	AQTYKNFE:0.25	AARNTGIR:0.375	FLDGDDLW:0.20833333333333334	ARNTGIRH:0.375	LTLYRVNS:0.2916666666666667	ALTLYRVN:0.25	AFLDGDDL:0.20833333333333334	LAQTYKNF:0.2916666666666667	VLAQTYKN:0.2916666666666667	GVSFSRSA:0.25	VIIPVYKV:0.3333333333333333	VSFSRSAF:0.25	IPVYKVEK:0.2916666666666667	TGIRHAQG:0.25	GIRHAQGE:0.2916666666666667	IIPVYKVE:0.2916666666666667	VGVSFSRS:0.25	SFSRSAFI:0.25	NTGIRHAQ:0.2916666666666667	EALTLYRV:0.20833333333333334	PVYKVEKY:0.20833333333333334	ELLIIDDG:0.3333333333333333	FELLIIDD:0.2916666666666667	LLIIDDGS:0.3333333333333333	IIDDGSPD:0.2916666666666667	LIIDDGSP:0.2916666666666667	PEALTLYR:0.20833333333333334	DDGSPDKS:0.2916666666666667	EDVECWLR:0.2916666666666667	LLCRTPIG:0.25	PLDLLCRT:0.20833333333333334	EICQQFTD:0.3333333333333333	AMAYQLRH:0.20833333333333334	QTYKNFEL:0.2916666666666667	DLLCRTPI:0.25	CRTPIGNG:0.2916666666666667	IGNGSVPV:0.20833333333333334	TPLDLLCR:0.20833333333333334	SEDVECWL:0.20833333333333334	PSEDVECW:0.25	LCRTPIGN:0.25	ITPLDLLC:0.20833333333333334	HPSEDVEC:0.25	AAARNTGI:0.20833333333333334	YKNFELLI:0.20833333333333334	MAYQLRHL:0.20833333333333334	LHPSEDVE:0.2916666666666667	RHLARRAV:0.20833333333333334	TYKNFELL:0.2916666666666667	LARRAVTL:0.20833333333333334	GVAAARNT:0.20833333333333334	PIGNGSVP:0.25	LDLLCRTP:0.20833333333333334	RTPIGNGS:0.2916666666666667	VAAARNTG:0.20833333333333334	GNGSVPVI:0.20833333333333334	NGSVPVIR:0.20833333333333334	TPIGNGSV:0.25	GSVPVIRR:0.20833333333333334	IEICQQFT:0.20833333333333334	IRHAQGEY:0.25	SIEICQQF:0.25	VSVIIPVY:0.2916666666666667	NRGVAAAR:0.20833333333333334	LAFLDADD:0.2916666666666667	AFLDADDL:0.3333333333333333	RGVAAARN:0.20833333333333334	MKKVSVII:0.20833333333333334	KVSVIIPV:0.25	FLDADDLW:0.3333333333333333	GEYLAFLD:0.2916666666666667	EYLAFLDA:0.2916666666666667	QGEYLAFL:0.2916666666666667	YLAFLDAD:0.2916666666666667	KKVSVIIP:0.20833333333333334	EKYIAATV:0.20833333333333334	WRILLEEP:0.25	LLEEPRRT:0.20833333333333334	NFELLIID:0.20833333333333334	YWRILLEE:0.25	TYWRILLE:0.20833333333333334	RQLHPSED:0.20833333333333334	DRQLHPSE:0.20833333333333334	HAQGEYLA:0.25	AQGEYLAF:0.25	SVIIPVYK:0.2916666666666667	
