cluster number:2220
GT2:30	GT2:30
TYNEIGYI:0.2	DSFSTDGT:0.3333333333333333	SFSTDGTY:0.26666666666666666	ILFLDADE:0.2	ALIITYNE:0.26666666666666666	IVVDSFST:0.36666666666666664	VVDSFSTD:0.4	ITYNEIGY:0.2	VDSFSTDG:0.3333333333333333	SALIITYN:0.2	ICYLNALG:0.3	FSTDGTYE:0.26666666666666666	WILFLDAD:0.2	GILDGKKG:0.23333333333333334	DADERLTP:0.2	VVDSYSTD:0.3	LGILDGKK:0.23333333333333334	LFIDADER:0.4	IDADERLT:0.26666666666666666	IICYLNAL:0.23333333333333334	RLGILDGK:0.3	IVVDSYST:0.23333333333333334	IIICYLNA:0.2	GIIICYLN:0.2	FIDADERL:0.26666666666666666	KNYRLFRK:0.4	EIIVVDSF:0.4	IIVVDSFS:0.4	CYLNALGV:0.23333333333333334	DKNYRLFR:0.43333333333333335	FLDADEVV:0.3	FFNHYILR:0.23333333333333334	NHYILRLG:0.23333333333333334	PFENFTAQ:0.26666666666666666	QTDKNYRL:0.4	KVKVIQNP:0.2	NDWVLFLD:0.3	LRLGFLDG:0.23333333333333334	VIQNPFEN:0.3	WKFFNHYI:0.23333333333333334	VLFLDADE:0.3333333333333333	HPKVKVIQ:0.23333333333333334	WQTDKNYR:0.4	ENFTAQKS:0.23333333333333334	FADEIIVV:0.5333333333333333	ELAYYLVM:0.23333333333333334	SGWQTDKN:0.5	SFADEIIV:0.26666666666666666	ADEIIVVD:0.5333333333333333	NFTAQKSF:0.26666666666666666	KFFNHYIL:0.23333333333333334	NELAYYLV:0.23333333333333334	DGTYEYLL:0.2	VKVIQNPF:0.23333333333333334	KNELAYYL:0.26666666666666666	FENFTAQK:0.26666666666666666	GWQTDKNY:0.4	TDKNYRLF:0.4	KSFALKQA:0.2	DWVLFLDA:0.3333333333333333	IQNPFENF:0.3	WVLFLDAD:0.3333333333333333	LFLDADEV:0.3	NYRLFRKS:0.36666666666666664	GFLDGKKG:0.3333333333333333	FSGWQTDK:0.5333333333333333	SVSFADEI:0.26666666666666666	DEIIVVDS:0.5333333333333333	LGFLDGKK:0.3333333333333333	QNPFENFT:0.3	RLGFLDGK:0.3333333333333333	QKSFALKQ:0.2	FNHYILRL:0.23333333333333334	RLFRKSKA:0.3333333333333333	LAYYLVMP:0.26666666666666666	PKVKVIQN:0.2	TDGTYEYL:0.3	NPFENFTA:0.26666666666666666	STDGTYEY:0.3	YRLFRKSK:0.36666666666666664	KVIQNPFE:0.23333333333333334	TYNEMGYI:0.2	YWFYRKFM:0.2	ITYNEMGY:0.2	AYWFYRKF:0.2	WFYRKFMF:0.23333333333333334	YNEMGYIE:0.2	FYRKFMFQ:0.23333333333333334	RFSGWQTD:0.2	LRFSGWQT:0.2	DSYSTDGT:0.23333333333333334	VDSYSTDG:0.23333333333333334	VLFIDADE:0.23333333333333334	WVLFIDAD:0.23333333333333334	ALVITYNE:0.23333333333333334	
