cluster number:1724
GT2:19	GT2:19
IHVYDSMS:0.2631578947368421	RLINPVTI:0.21052631578947367	DDIHVYDS:0.47368421052631576	GCLQSVAW:0.21052631578947367	QDLPGCLQ:0.21052631578947367	VAWSDDIH:0.3684210526315789	SDDIHVYD:0.3684210526315789	QSVAWSDD:0.2631578947368421	YEYMIVLK:0.2631578947368421	DLPGCLQS:0.21052631578947367	RGFLDGSA:0.21052631578947367	VYDSMSTD:0.2631578947368421	AHQNWGLR:0.21052631578947367	DNWSAHQN:0.3684210526315789	SVLILTKN:0.631578947368421	INPVTIVD:0.21052631578947367	SAGLTYAL:0.21052631578947367	TDRTVEIA:0.21052631578947367	HQNWGLRN:0.21052631578947367	KNEQQDLP:0.3684210526315789	MSGISVLI:0.21052631578947367	STDRTVEI:0.21052631578947367	ILTKNEQQ:0.3157894736842105	WSDDIHVY:0.3684210526315789	DRTVEIAR:0.21052631578947367	QNWGLRNI:0.21052631578947367	LTKNEQQD:0.3684210526315789	GFLDGSAG:0.21052631578947367	ISVLILTK:0.5263157894736842	DHFPFSKG:0.3157894736842105	LINPVTIV:0.21052631578947367	CLQSVAWS:0.2631578947368421	AWSDDIHV:0.3684210526315789	PGCLQSVA:0.21052631578947367	DIHVYDSM:0.2631578947368421	AGLTYALL:0.2631578947368421	WGLRNIPF:0.21052631578947367	LDGSAGLT:0.21052631578947367	NEQQDLPG:0.3157894736842105	SVAWSDDI:0.3684210526315789	NPVTIVDG:0.21052631578947367	HVYDSMST:0.2631578947368421	DGSAGLTY:0.21052631578947367	SGISVLIL:0.21052631578947367	SAHQNWGL:0.3157894736842105	EQQDLPGC:0.3157894736842105	YGLRRGFL:0.21052631578947367	QQDLPGCL:0.3157894736842105	LPGCLQSV:0.21052631578947367	GSAGLTYA:0.21052631578947367	FDNWSAHQ:0.3684210526315789	LYGLRRGF:0.21052631578947367	TKNEQQDL:0.3684210526315789	LILTKNEQ:0.3157894736842105	NWSAHQNW:0.3684210526315789	NWGLRNIP:0.21052631578947367	GISVLILT:0.2631578947368421	VLILTKNE:0.631578947368421	ERLINPVT:0.21052631578947367	LRRGFLDG:0.21052631578947367	LQSVAWSD:0.2631578947368421	FLDGSAGL:0.21052631578947367	GLRRGFLD:0.21052631578947367	HFPFSKGM:0.21052631578947367	WSAHQNWG:0.3157894736842105	KMRYERLV:0.47368421052631576	YERLVNPI:0.21052631578947367	GFLDGRAG:0.21052631578947367	YIDADERM:0.2631578947368421	FDNWAAHQ:0.3157894736842105	KELFYRLP:0.21052631578947367	HVQTSPFY:0.21052631578947367	LILTKNEE:0.42105263157894735	FYIDADER:0.3157894736842105	QKELFYRL:0.21052631578947367	PWVFYIDA:0.2631578947368421	NWAAHQNW:0.3157894736842105	WAAHQNWG:0.2631578947368421	LFRPEKMR:0.2631578947368421	IDADERMT:0.2631578947368421	ERLVNPIS:0.21052631578947367	VFYIDADE:0.2631578947368421	EKMRYERL:0.2631578947368421	YLRLFRPE:0.2631578947368421	RLFRPEKM:0.2631578947368421	PFYLRLFR:0.21052631578947367	FRPEKMRY:0.2631578947368421	HQKELFYR:0.21052631578947367	RYERLVNP:0.5789473684210527	MRYERLVN:0.5789473684210527	SPFYLRLF:0.21052631578947367	DLPGCLES:0.3157894736842105	PEKMRYER:0.2631578947368421	AAHQNWGL:0.2631578947368421	RPEKMRYE:0.2631578947368421	WVFYIDAD:0.2631578947368421	DNWAAHQN:0.3157894736842105	MISVLILT:0.2631578947368421	DADERMTP:0.21052631578947367	DERMTPEL:0.21052631578947367	ADERMTPE:0.21052631578947367	FYLRLFRP:0.21052631578947367	LPGCLESV:0.2631578947368421	IYEYFIVL:0.5263157894736842	QSIYEYFI:0.47368421052631576	LQSIYEYF:0.42105263157894735	GTWLKHVQ:0.21052631578947367	HPWVFYID:0.21052631578947367	SIYEYFIV:0.47368421052631576	YEYFIVLK:0.47368421052631576	EYFIVLKT:0.3684210526315789	LKHAQISP:0.21052631578947367	YLDHYPFS:0.21052631578947367	LYIDADER:0.3157894736842105	EQDLPGCL:0.2631578947368421	GYLDHYPF:0.21052631578947367	VLYIDADE:0.3157894736842105	HYPFSKGF:0.21052631578947367	IDADERVS:0.2631578947368421	LTKNEEQD:0.21052631578947367	LDHYPFSK:0.47368421052631576	DHYPFSKG:0.5263157894736842	EEQDLPGC:0.2631578947368421	KNEEQDLP:0.21052631578947367	LPGCLASV:0.21052631578947367	WVLYIDAD:0.3157894736842105	NEEQDLPG:0.2631578947368421	WLKHAQIS:0.21052631578947367	ERLVNPVS:0.3157894736842105	HQNWGLAN:0.21052631578947367	QNWGLANI:0.21052631578947367	ILTKNEEQ:0.2631578947368421	TKNEEQDL:0.21052631578947367	YIDADERV:0.3157894736842105	YERLVNPV:0.3157894736842105	HYPFSKGI:0.21052631578947367	GFLDHYPF:0.2631578947368421	FLDHYPFS:0.2631578947368421	
