cluster number:1124
GT2:13	GT2:13
DRLRHPDV:0.23076923076923078	YGYPNDLL:0.46153846153846156	AATAALAA:0.23076923076923078	PRYGYPND:0.46153846153846156	LAATAALA:0.23076923076923078	WPRYGYPN:0.38461538461538464	AGDGQMDP:0.46153846153846156	TRRAAGLD:0.3076923076923077	QMDPRDLP:0.3076923076923077	DLLAALAA:0.23076923076923078	GDGQMDPR:0.23076923076923078	LSDSQCGY:0.3076923076923077	AVMAGDGQ:0.38461538461538464	GQMDPRDL:0.23076923076923078	TAALAALT:0.23076923076923078	AALAARRL:0.23076923076923078	IVVVDDGS:0.23076923076923078	NDLLAALA:0.23076923076923078	RRARALGA:0.23076923076923078	LTRRAAGL:0.3076923076923077	RGEASGLR:0.38461538461538464	MAGDGQMD:0.46153846153846156	GDRLRHPD:0.23076923076923078	AGLDALSD:0.3076923076923077	GYTAISAR:0.23076923076923078	YTAISARA:0.23076923076923078	LWPRYGYP:0.38461538461538464	ALTRRAAG:0.3076923076923077	RLAATAAL:0.23076923076923078	VYRGEASG:0.38461538461538464	RDLPRVVA:0.3076923076923077	RYGYPNDL:0.5384615384615384	DSQCGYTA:0.5384615384615384	RAAGLDAL:0.3076923076923077	RPVYRGEA:0.38461538461538464	GLDALSDS:0.3076923076923077	DYVKGDRL:0.23076923076923078	YRRARALG:0.23076923076923078	QCGYTAIS:0.46153846153846156	LAALAARR:0.23076923076923078	SDSQCGYT:0.46153846153846156	YRGEASGL:0.38461538461538464	PNDLLAAL:0.23076923076923078	ALAARRLR:0.23076923076923078	ATAALAAL:0.23076923076923078	ARDEARWI:0.23076923076923078	VRPVYRGE:0.38461538461538464	AAGLDALS:0.3076923076923077	GEASGLRA:0.3076923076923077	EASGLRAR:0.23076923076923078	AALAALTR:0.23076923076923078	ALAALTRR:0.23076923076923078	SGLRARHV:0.23076923076923078	DGQMDPRD:0.23076923076923078	LLAALAAR:0.23076923076923078	RGVGAAIV:0.46153846153846156	CGYTAISA:0.23076923076923078	ASGLRARH:0.23076923076923078	SQCGYTAI:0.46153846153846156	RRAAGLDA:0.3076923076923077	VKGDRLRH:0.23076923076923078	PARDEARW:0.23076923076923078	GYPNDLLA:0.3076923076923077	VAVMAGDG:0.38461538461538464	PVYRGEAS:0.38461538461538464	DALSDSQC:0.3076923076923077	YPNDLLAA:0.23076923076923078	YVKGDRLR:0.23076923076923078	GYRRARAL:0.23076923076923078	KGDRLRHP:0.23076923076923078	LDALSDSQ:0.3076923076923077	MDPRDLPR:0.3076923076923077	DLPRVVAP:0.3076923076923077	EADYVKGD:0.3076923076923077	AVAVMAGD:0.23076923076923078	VMAGDGQM:0.6153846153846154	LAARRLRV:0.23076923076923078	DPRDLPRV:0.3076923076923077	AALTRRAA:0.3076923076923077	PRDLPRVV:0.3076923076923077	GEADYVKG:0.3076923076923077	LAALTRRA:0.3076923076923077	ALSDSQCG:0.3076923076923077	ADYVKGDR:0.3076923076923077	LDLDGLWP:0.23076923076923078	ALDLDGLW:0.23076923076923078	VIVVDDAS:0.3076923076923077	IVVDDASR:0.3076923076923077	AAIVTGYR:0.23076923076923078	DGLWPRYG:0.23076923076923078	NRGVGAAI:0.23076923076923078	VGAAIVTG:0.23076923076923078	LDGLWPRY:0.23076923076923078	DLDGLWPR:0.23076923076923078	VVDDASRD:0.38461538461538464	GVGAAIVT:0.23076923076923078	HVIVVDDA:0.23076923076923078	DHVIVVDD:0.23076923076923078	GLWPRYGY:0.23076923076923078	VDHVIVVD:0.23076923076923078	GAAIVTGY:0.23076923076923078	CRGVGAAI:0.23076923076923078	ADYAKGNR:0.23076923076923078	
