cluster number:1950
GT2:30	GT2:30
YVAFCDDD:0.7	NALWTAWL:0.2	DNGSTDGT:0.2	TPYVAFCD:0.5666666666666667	LARNALWT:0.2	WTAWLRLP:0.26666666666666666	IGGEETLL:0.2	VAFCDDDT:0.5666666666666667	AAGRNLGV:0.5333333333333333	VDNGSTDG:0.2	ALWTAWLR:0.2	FIGGEETL:0.23333333333333334	NLGAAGRN:0.5666666666666667	AGRNLGVA:0.36666666666666664	VVDNGSTD:0.2	RNALWTAW:0.2	ARNALWTA:0.2	GAAGRNLG:0.6333333333333333	LGAAGRNL:0.5333333333333333	LWTAWLRL:0.23333333333333334	FCDDDTCW:0.2	PYVAFCDD:0.5666666666666667	AFCDDDTC:0.2	LLALDLAA:0.2	VVLTYNRR:0.2	RRLLARNA:0.26666666666666666	FCDDDTWW:0.3	RRRLLARN:0.3	AFCDDDTW:0.3	ANLGAAGR:0.3333333333333333	GFMAGACV:0.43333333333333335	LGFMAGAC:0.26666666666666666	RFFIGGEE:0.26666666666666666	IIVVDNGS:0.3	LLGFMAGA:0.26666666666666666	PRFFIGGE:0.26666666666666666	MAGACVMR:0.2	FMAGACVM:0.2	VVDNGSED:0.2	EEALLALD:0.23333333333333334	GEEALLAL:0.23333333333333334	FIGGEEAL:0.23333333333333334	GGEEALLA:0.2	DDDTWWAP:0.2	CDDDTWWA:0.2	RLLARNAL:0.2	IGGEEALL:0.2	
