cluster number:1772
GT2:17	GT2:17
ARNYSLEQ:0.23529411764705882	DEIVVVDT:0.4117647058823529	DDFAAARN:0.5882352941176471	QDDFAAAR:0.29411764705882354	FAAARNYS:0.35294117647058826	AARNYSLE:0.23529411764705882	WQDDFAAA:0.29411764705882354	QATGDWIL:0.29411764705882354	DFAAARNY:0.35294117647058826	AAARNYSL:0.35294117647058826	VDEIVVVD:0.29411764705882354	RNYSLEQA:0.23529411764705882	ATGDWILV:0.23529411764705882	EIVVVDTG:0.4117647058823529	IVVVDTGS:0.47058823529411764	ACLIVKNE:0.23529411764705882	VVDTGSTD:0.5882352941176471	VVVDTGST:0.47058823529411764	DTGSTDDT:0.35294117647058826	ILVLDADE:0.35294117647058826	WILVLDAD:0.35294117647058826	EWILVLDA:0.23529411764705882	VDTGSTDD:0.4117647058823529	GEWILVLD:0.23529411764705882	
