cluster number:2418
GT2:11	GT2:11
GKGFALAF:0.5454545454545454	AHDEAAGI:0.45454545454545453	RQRGLARL:0.2727272727272727	LHLLVPPL:0.2727272727272727	DPDRRGKG:0.2727272727272727	LGLHLLVP:0.2727272727272727	PALLTGSG:0.36363636363636365	LLVPPLAL:0.2727272727272727	VIPAHDEA:0.2727272727272727	GAPALLTG:0.36363636363636365	RNLVRQRG:0.2727272727272727	PDRRGKGF:0.36363636363636365	VRQRGLAR:0.2727272727272727	QRGLARLG:0.2727272727272727	GMAFPWAA:0.2727272727272727	PAHDEAAG:0.45454545454545453	RWEQGFLR:0.2727272727272727	RRGKGFAL:0.45454545454545453	RGKGFALA:0.5454545454545454	AGRLLLIP:0.2727272727272727	SGMAFPWA:0.2727272727272727	GLHLLVPP:0.2727272727272727	HLLVPPLA:0.2727272727272727	NLVRQRGL:0.36363636363636365	DEAAGIAA:0.2727272727272727	MAFPWAAF:0.2727272727272727	RGLARLGA:0.2727272727272727	ALLTGSGM:0.36363636363636365	LLVVADNC:0.36363636363636365	GSGMAFPW:0.45454545454545453	RLLVVADN:0.36363636363636365	APALLTGS:0.36363636363636365	SAGRLLLI:0.2727272727272727	LLTGSGMA:0.45454545454545453	TWSDPARR:0.2727272727272727	IPAHDEAA:0.45454545454545453	LTGSGMAF:0.5454545454545454	VPPLALLV:0.2727272727272727	HDEAAGIA:0.36363636363636365	VVVVDADC:0.2727272727272727	LVRQRGLA:0.2727272727272727	DRRGKGFA:0.36363636363636365	TGSGMAFP:0.5454545454545454	LVPPLALL:0.2727272727272727	GLARLGAP:0.2727272727272727	ILIPAHDE:0.2727272727272727	LIPAHDEA:0.2727272727272727	LAFGRDHL:0.45454545454545453	ALAFGRDH:0.45454545454545453	AFGRDHLR:0.36363636363636365	FGRDHLRA:0.36363636363636365	LTQRTRWE:0.2727272727272727	TLTQRTRW:0.2727272727272727	GTGMAFPW:0.36363636363636365	FALAFGRD:0.2727272727272727	TGTGMAFP:0.2727272727272727	VVADNCTD:0.2727272727272727	LVVADNCT:0.2727272727272727	VQISNFAF:0.2727272727272727	LTGTGMAF:0.2727272727272727	KGFALAFG:0.36363636363636365	GFALAFGR:0.2727272727272727	IVEDLALG:0.2727272727272727	NIVEDLAL:0.2727272727272727	VVADNCSD:0.2727272727272727	
