cluster number:1996
GT2:19	GT2:19
WWLYQLIS:0.2631578947368421	ALVQSIAG:0.47368421052631576	RQTLLGNL:0.42105263157894735	SDDGSQDG:0.21052631578947367	AHDWWLYQ:0.2631578947368421	FAWSDQDD:0.2631578947368421	QGRFHEWN:0.21052631578947367	PALYCGRT:0.5789473684210527	DFFAWSDQ:0.2631578947368421	FGNALVQS:0.21052631578947367	GLYRQTLL:0.3157894736842105	HVPALYCG:0.2631578947368421	YRQTLLGN:0.42105263157894735	RLRMVFQG:0.2631578947368421	WLYQLISG:0.2631578947368421	AARLVRLR:0.2631578947368421	SIAGGNTM:0.47368421052631576	MKYRQHAE:0.21052631578947367	FFAWSDQD:0.2631578947368421	LLGNLGLL:0.21052631578947367	KMKYRQHA:0.21052631578947367	HDWWLYQL:0.3157894736842105	SFERQTHS:0.21052631578947367	QSIAGGNT:0.47368421052631576	QLISGAGG:0.2631578947368421	QLDSFERQ:0.2631578947368421	TLLGNLGL:0.42105263157894735	YRQHAENV:0.21052631578947367	FQGRFHEW:0.21052631578947367	GGNTMVFN:0.6842105263157895	LYRQTLLG:0.3684210526315789	AGGNTMVF:0.42105263157894735	FERQTHSN:0.21052631578947367	QTLLGNLG:0.42105263157894735	VPAHDWWL:0.21052631578947367	VQSIAGGN:0.47368421052631576	LYQLISGA:0.21052631578947367	PAHDWWLY:0.21052631578947367	TGVHLGYS:0.21052631578947367	SDQDDIWS:0.21052631578947367	RMVFQGRF:0.3157894736842105	VLMCTYNG:0.21052631578947367	DSFERQTH:0.21052631578947367	ADFFAWSD:0.2631578947368421	PKMKYRQH:0.21052631578947367	WAARLVRL:0.2631578947368421	ETGVHLGY:0.21052631578947367	WLAGLYRQ:0.21052631578947367	PGFGNALV:0.21052631578947367	MVFQGRFH:0.21052631578947367	GFGNALVQ:0.21052631578947367	DDGSQDGT:0.21052631578947367	YCGRTQLI:0.3684210526315789	AANFLSLT:0.2631578947368421	LVQSIAGG:0.47368421052631576	IAGGNTMV:0.42105263157894735	CGRTQLIS:0.3157894736842105	GVHLGYSP:0.21052631578947367	DADFFAWS:0.2631578947368421	LMCTYNGQ:0.3157894736842105	AGLYRQTL:0.2631578947368421	WSDQDDIW:0.42105263157894735	KLEVALAW:0.2631578947368421	VFQGRFHE:0.21052631578947367	ERQTHSNW:0.21052631578947367	DWWLYQLI:0.3157894736842105	KYRQHAEN:0.21052631578947367	YQLISGAG:0.2631578947368421	LDSFERQT:0.21052631578947367	LAGLYRQT:0.2631578947368421	AWSDQDDI:0.42105263157894735	GNALVQSI:0.21052631578947367	VPALYCGR:0.42105263157894735	EQLDSFER:0.21052631578947367	ARLVRLRM:0.2631578947368421	LEVALAWL:0.2631578947368421	LYCGRTQL:0.47368421052631576	GRTQLISE:0.3157894736842105	ALYCGRTQ:0.5263157894736842	LRMVFQGR:0.2631578947368421	DKLEVALA:0.2631578947368421	VSDDGSQD:0.2631578947368421	FLAEQLDS:0.2631578947368421	NALVQSIA:0.47368421052631576	GFVANFLS:0.3157894736842105	IGGGNTMV:0.3157894736842105	FSNALVQS:0.3157894736842105	SIGGGNTM:0.2631578947368421	YAWSDQDD:0.21052631578947367	ALVQSIGG:0.3157894736842105	QSIGGGNT:0.2631578947368421	SNALVQSI:0.3157894736842105	GGGNTMVF:0.2631578947368421	FVANFLSL:0.3157894736842105	SHDWWAYQ:0.3684210526315789	LVQSIGGG:0.2631578947368421	VQSIGGGN:0.2631578947368421	HDWWAYQL:0.42105263157894735	NALVQSIG:0.3157894736842105	VSDDGSSD:0.21052631578947367	PSHDWWAY:0.2631578947368421	VANFLSLT:0.2631578947368421	ILMCTYNG:0.2631578947368421	GNTMVFNH:0.21052631578947367	DWWAYQLV:0.2631578947368421	KGFVANFL:0.21052631578947367	NTMVFNHA:0.21052631578947367	ANFLSLTC:0.21052631578947367	TMVFNQAA:0.21052631578947367	NFLSLTCR:0.21052631578947367	VPSHDWWA:0.21052631578947367	PHFSNALV:0.21052631578947367	FNQAAREL:0.21052631578947367	HFSNALVQ:0.21052631578947367	MVFNQAAR:0.21052631578947367	GNTMVFNQ:0.21052631578947367	NTMVFNQA:0.21052631578947367	VFNQAARE:0.21052631578947367	
