cluster number:1069
GT2:69	GT2:69|GT4:3
RGTGAQVH:0.43478260869565216	RVIGNHHL:0.5362318840579711	VHNETLVL:0.3188405797101449	GVVAALNA:0.30434782608695654	VAALNAGL:0.3188405797101449	LQWFGRVI:0.43478260869565216	DHYPAQRF:0.43478260869565216	NLVHNETL:0.36231884057971014	DDDAAPHP:0.43478260869565216	VLKGVNMS:0.5217391304347826	LVHNETLV:0.2898550724637681	DIVSITDD:0.2028985507246377	GAQVHFEM:0.37681159420289856	GNHHLGVG:0.4927536231884058	KGVNMSFR:0.6231884057971014	LIPTYRRP:0.2028985507246377	GTGAQVHF:0.5942028985507246	DQVIVVVR:0.21739130434782608	TDDDAAPH:0.6231884057971014	HFEMAFTL:0.2463768115942029	ITDDDAAP:0.4782608695652174	AAPHPDWL:0.36231884057971014	GWKIIYDP:0.2318840579710145	YPAQRFDE:0.5652173913043478	DVLKGVNM:0.5797101449275363	FGRVIGNH:0.5797101449275363	RMRGTGAQ:0.4057971014492754	EVDVLKGV:0.5362318840579711	DAAPHPDW:0.42028985507246375	TGAQVHFE:0.5942028985507246	HYPAQRFD:0.5652173913043478	ALKRAGWK:0.21739130434782608	INLVHNET:0.3333333333333333	AVDHYPAQ:0.391304347826087	VDHYPAQR:0.43478260869565216	VHFEMAFT:0.30434782608695654	VIGNHHLG:0.5362318840579711	VLIPTYRR:0.21739130434782608	NHHLGVGE:0.2318840579710145	QRFDEDQR:0.5507246376811594	AQRFDEDQ:0.5652173913043478	WFGRVIGN:0.5797101449275363	VSITDDDA:0.2318840579710145	RFDEDQRH:0.2028985507246377	VVAALNAG:0.30434782608695654	GDIVSITD:0.2028985507246377	GRWQGWQT:0.2028985507246377	APHPDWLE:0.2608695652173913	SITDDDAA:0.391304347826087	IVVVRDTD:0.2898550724637681	IVSITDDD:0.2028985507246377	PGVVAALN:0.30434782608695654	HNETLVLL:0.3333333333333333	TVLIPTYR:0.2028985507246377	AALNAGLA:0.2608695652173913	VIVVVRDT:0.2608695652173913	GRVIGNHH:0.6811594202898551	QWFGRVIG:0.4927536231884058	AQVHFEMA:0.3333333333333333	LKGVNMSF:0.6231884057971014	IGNHHLGV:0.4927536231884058	PAQRFDED:0.5942028985507246	DDAAPHPD:0.42028985507246375	MRGTGAQV:0.391304347826087	VDVLKGVN:0.5942028985507246	VAVDHYPA:0.3333333333333333	QVHFEMAF:0.3188405797101449	REVDVLKG:0.5652173913043478	PREVDVLK:0.3188405797101449	QVIVVVRD:0.21739130434782608	GWKLIYDP:0.36231884057971014	GVGGRDWV:0.2608695652173913	GVNMSFRR:0.21739130434782608	AGWKLIYD:0.2463768115942029	RAGWKLIY:0.21739130434782608	GGVGGRDW:0.2753623188405797	LKRAGWKL:0.21739130434782608	AREVDVLK:0.21739130434782608	KRAGWKLI:0.21739130434782608	IGGVGGRD:0.2898550724637681	VIVPTYRR:0.2608695652173913	NETLALLE:0.2028985507246377	NAVHNETL:0.2318840579710145	FTDDDAAP:0.2608695652173913	HNETLALL:0.2028985507246377	LGGLGGRD:0.21739130434782608	TQPGVVAA:0.2028985507246377	DERMRGTG:0.2898550724637681	NMSFRTQA:0.2028985507246377	GVNMSFRT:0.2608695652173913	FDERMRGT:0.2898550724637681	QPGVVAAL:0.2028985507246377	VNMSFRTQ:0.21739130434782608	RFDERMRG:0.2028985507246377	VTQPGVVA:0.2028985507246377	LTLKRAGW:0.2028985507246377	ERMRGTGA:0.2898550724637681	NETLVLLE:0.2753623188405797	TLVLLEHL:0.2028985507246377	ETLVLLEH:0.2318840579710145	PGVVAAMN:0.2028985507246377	
