cluster number:1115
GT2:31	GT2:31|2.4.1.-:1
CYVSDDGC:0.8387096774193549	VRAPFRYF:0.5483870967741935	TVLSLLAL:0.5161290322580645	SDDGCSPL:0.5161290322580645	RAPFRYFS:0.41935483870967744	ITVNTVLS:0.3225806451612903	ACYVSDDG:0.8387096774193549	PIITVNTV:0.22580645161290322	LACYVSDD:0.8709677419354839	IITVNTVL:0.22580645161290322	NTVLSLLA:0.7419354838709677	SLLALDYP:0.5161290322580645	DDGCSPLT:0.4838709677419355	LSLLALDY:0.5161290322580645	KLACYVSD:0.7419354838709677	QVRAPFRY:0.25806451612903225	WVPFCKKY:0.45161290322580644	VLSLLALD:0.5161290322580645	YVSDDGCS:0.8709677419354839	MFVTTADP:0.3548387096774194	VSDDGCSP:0.7741935483870968	TVNTVLSL:0.4838709677419355	VNTVLSLL:0.5806451612903226	YKAGAMNV:0.41935483870967744	YISREKRP:0.3870967741935484	FHRRKVIY:0.3870967741935484	AMNVLTRV:0.5161290322580645	KYGIPLST:0.22580645161290322	FYGGTGCF:0.22580645161290322	VLTRVSGL:0.2903225806451613	IWVPFCKK:0.22580645161290322	CDMFVNNP:0.25806451612903225	TGCFHRRK:0.45161290322580644	KAGAMNVL:0.5483870967741935	FMLNVDCD:0.3225806451612903	LHAMCLLL:0.3225806451612903	YDGLKDDP:0.22580645161290322	TNAPFMLN:0.41935483870967744	NVLTRVSG:0.45161290322580644	VPFCKKYN:0.3225806451612903	GCFHRRKV:0.3225806451612903	YGGTGCFH:0.22580645161290322	MLNVDCDM:0.5806451612903226	DCDMFVNN:0.2903225806451613	GKYGIPLS:0.22580645161290322	GLKDDPFG:0.25806451612903225	CFHRRKVI:0.3870967741935484	LKDDPFGN:0.5161290322580645	APFMLNVD:0.3225806451612903	LNVDCDMF:0.22580645161290322	NAPFMLNV:0.3225806451612903	PFMLNVDC:0.3225806451612903	HAMCLLLG:0.3870967741935484	KDDPFGNQ:0.6774193548387096	NHPTIIKV:0.22580645161290322	FYDGLKDD:0.22580645161290322	AGAMNVLT:0.5483870967741935	HRRKVIYG:0.41935483870967744	MNVLTRVS:0.5161290322580645	IYISREKR:0.22580645161290322	GAMNVLTR:0.5483870967741935	RWATGLLE:0.25806451612903225	GTGCFHRR:0.45161290322580644	TTADPVLE:0.3225806451612903	SETVFEVT:0.3225806451612903	RAPFELCY:0.25806451612903225	VFIPVTAL:0.22580645161290322	HYKAGAMN:0.3548387096774194	ADPVLEPP:0.3548387096774194	DDPFGNQL:0.22580645161290322	VDMFVTTA:0.2903225806451613	MCLLLGFD:0.22580645161290322	CLLLGFDD:0.25806451612903225	TADPVLEP:0.3225806451612903	QFRQCLAY:0.22580645161290322	LLLGFDDE:0.25806451612903225	MTNAPFML:0.3548387096774194	GRFTFDES:0.22580645161290322	FVTTADPV:0.3870967741935484	FRQCLAYL:0.22580645161290322	DMFVTTAD:0.3225806451612903	VTTADPVL:0.3225806451612903	LLALDYPA:0.25806451612903225	AMCLLLGF:0.25806451612903225	LQFRQCLA:0.22580645161290322	LMTNAPFM:0.25806451612903225	LTGQRIHA:0.22580645161290322	NNHRMQRI:0.25806451612903225	WNNHRMQR:0.25806451612903225	HHYKAGAM:0.3548387096774194	LNVDCDMY:0.2903225806451613	DPVLEPPI:0.2903225806451613	VLEPPIIT:0.22580645161290322	NKLACYVS:0.41935483870967744	PVLEPPII:0.22580645161290322	PFCKKYNV:0.22580645161290322	LTRVSGLM:0.22580645161290322	ANKLACYV:0.3548387096774194	SGLMTNAP:0.3870967741935484	VSGLMTNA:0.3870967741935484	RVSGLMTN:0.3870967741935484	YPANKLAC:0.3548387096774194	PANKLACY:0.3548387096774194	PPAFLGCA:0.25806451612903225	DDPFGNQM:0.22580645161290322	PAFLGCAP:0.25806451612903225	GLSETVFE:0.25806451612903225	LSETVFEV:0.25806451612903225	TVLSLLAV:0.25806451612903225	VDCDMYAN:0.22580645161290322	NVDCDMYA:0.22580645161290322	
