cluster number:1008
GT2:52	GT2:52
PFFRGIGL:0.5384615384615384	PDWEVEPP:0.25	LIPFFRGI:0.6346153846153846	RLPELLER:0.3269230769230769	IWYNPEME:0.34615384615384615	IIVVDNNS:0.6730769230769231	AYGSQIHP:0.34615384615384615	QIHPDWEV:0.25	IGFLDDDN:0.7884615384615384	AACEMQLF:0.2692307692307692	PPENFQRI:0.36538461538461536	FYLWKNGY:0.2692307692307692	AGLVVRKQ:0.21153846153846154	CEMQLFLS:0.2692307692307692	LVAACEMQ:0.25	IHPDWEVE:0.25	GNMLTSED:0.2692307692307692	VEPPENFQ:0.23076923076923078	PPSAGLVV:0.5192307692307693	NSTDNTAK:0.25	ACEMQLFL:0.21153846153846154	YPLKYCFE:0.25	EIWYNPEM:0.34615384615384615	AGAYGSQI:0.38461538461538464	YLIPFFRG:0.6538461538461539	DNNSTDNT:0.6153846153846154	VVDNNSTD:0.5384615384615384	GAYGSQIH:0.4807692307692308	LEMLSYIQ:0.23076923076923078	VAIPTYNG:0.5192307692307693	WEVEPPEN:0.2692307692307692	DFTVAIPT:0.3269230769230769	DYLIPFFR:0.25	WEIWYNPE:0.34615384615384615	AIPTYNGE:0.28846153846153844	FFRGIGLS:0.5384615384615384	DLVAACEM:0.23076923076923078	IVVDNNST:0.5192307692307693	TVAIPTYN:0.5192307692307693	MLTSEDLE:0.3076923076923077	IPFFRGIG:0.6346153846153846	AITERGNL:0.3076923076923077	NMLTSEDL:0.2692307692307692	SWEIIVVD:0.46153846153846156	IGLSRYVT:0.5769230769230769	YGSQIHPD:0.23076923076923078	SPFYLWKN:0.2692307692307692	RGIGLSRY:0.5	SRYVTRMV:0.3076923076923077	LPPSAGLV:0.7307692307692307	KDYLIPFF:0.23076923076923078	NNSTDNTA:0.5769230769230769	EDLEMLSY:0.3269230769230769	EPPENFQR:0.3269230769230769	VAACEMQL:0.25	MQLFLSSL:0.21153846153846154	EIIVVDNN:0.6730769230769231	SAGLVVRK:0.21153846153846154	GFLDDDNY:0.6346153846153846	SEDLEMLS:0.2692307692307692	RKQAWLES:0.21153846153846154	PSAGLVVR:0.5	FLAITERG:0.6923076923076923	PFYLWKNG:0.2692307692307692	VDNNSTDN:0.5384615384615384	ITERGNLP:0.3076923076923077	QGAAYARK:0.4807692307692308	LIGFLDDD:0.5769230769230769	WYNPEMEI:0.36538461538461536	EMLSYIQK:0.28846153846153844	FRGIGLSR:0.5576923076923077	EVEPPENF:0.28846153846153844	HPDWEVEP:0.25	LLPPSAGL:0.6730769230769231	GIGLSRYV:0.5769230769230769	GSQIHPDW:0.25	LPELLERL:0.3269230769230769	FTVAIPTY:0.40384615384615385	WEIIVVDN:0.6346153846153846	SQIHPDWE:0.3076923076923077	TERGNLPL:0.3076923076923077	LSRYVTRM:0.5	PFLAITER:0.5769230769230769	EMQLFLSS:0.2692307692307692	LTSEDLEM:0.2692307692307692	GNLPLLYE:0.21153846153846154	SRLPELLE:0.23076923076923078	RGNLPLLY:0.23076923076923078	ERGNLPLL:0.23076923076923078	LAITERGN:0.4423076923076923	TSEDLEML:0.2692307692307692	FLDDDNYP:0.6538461538461539	GWEIWYNP:0.6153846153846154	GLSRYVTR:0.5769230769230769	DLEMLSYI:0.23076923076923078	KQGAAYAR:0.36538461538461536	GAAYARKR:0.25	SSLISPFY:0.2692307692307692	KLLPPSAG:0.5769230769230769	APFLAITE:0.4230769230769231	QAWLESVP:0.28846153846153844	AGLVVRRQ:0.21153846153846154	IAPFLAIT:0.3269230769230769	GLVVRRQA:0.21153846153846154	EYLIPFFR:0.40384615384615385	SAGLVVRR:0.25	REYLIPFF:0.21153846153846154	KKLLPPSA:0.4423076923076923	RIAPFLAI:0.3269230769230769	SLISPFYL:0.3269230769230769	SGWEIWYN:0.21153846153846154	LSSLISPF:0.21153846153846154	ISPFYLWK:0.3076923076923077	AIPTYNGA:0.28846153846153844	PPSAGLVI:0.23076923076923078	NPEMEIYH:0.28846153846153844	TGEDLEML:0.25	YNPEMEIY:0.28846153846153844	PSAGLVIR:0.23076923076923078	GAYASQIH:0.21153846153846154	PENFQRIA:0.3076923076923077	LISPFYLW:0.3076923076923077	ELIGFLDD:0.21153846153846154	RVTGNMLT:0.21153846153846154	GRVTGNML:0.21153846153846154	QRIAPFLA:0.25	ENFQRIAP:0.23076923076923078	NFQRIAPF:0.23076923076923078	FQRIAPFL:0.25	AAYARKRA:0.23076923076923078	
