cluster number:1039
GT2:26	GT2:26
KGRYIAFL:0.34615384615384615	GRYIAFLD:0.5	LKSNVIGC:0.3076923076923077	SNVIGCLT:0.34615384615384615	VIGCLTAI:0.23076923076923078	IGCLTAIY:0.38461538461538464	LLITDDCS:0.46153846153846156	WELLITDD:0.5769230769230769	KSNVIGCL:0.34615384615384615	LITDDCST:0.38461538461538464	RYIAFLDS:0.38461538461538464	NWELLITD:0.5384615384615384	FLDSDDIW:0.23076923076923078	AFLDSDDI:0.23076923076923078	NVIGCLTA:0.34615384615384615	GCLTAIYD:0.38461538461538464	ITDDCSTD:0.38461538461538464	ELLKSNVI:0.2692307692307692	IAFLDSDD:0.6153846153846154	YIAFLDSD:0.5	ELLITDDC:0.46153846153846156	LLKSNVIG:0.3076923076923077	AFLDSDDL:0.34615384615384615	FLDSDDLW:0.34615384615384615	
