cluster number:1960
GT2:13	GT2:13|GT4:1
DDCSTDNT:0.38461538461538464	CSTDNTFE:0.23076923076923078	IDDCSTDN:0.38461538461538464	DCSTDNTF:0.23076923076923078	IMFDRTLG:0.3076923076923077	SSNKLKAV:0.23076923076923078	QSWEMIII:0.23076923076923078	SNKLKAVK:0.23076923076923078	EQTYQSWE:0.23076923076923078	HRIPYDLA:0.23076923076923078	KGRFIAFL:0.46153846153846156	IAEDFLAW:0.38461538461538464	SNQGPGST:0.3076923076923077	GRFIAFLD:0.6153846153846154	DYRHMSSD:0.23076923076923078	TIMFDRTL:0.3076923076923077	RFIAFLDA:0.6153846153846154	VGHRIPYD:0.23076923076923078	IIIDDCST:0.38461538461538464	SYHDYRHM:0.38461538461538464	DLARYRLS:0.38461538461538464	NTRSSNKL:0.23076923076923078	WEMIIIDD:0.23076923076923078	YRHMSSDG:0.23076923076923078	AEDFLAWS:0.38461538461538464	RIPYDLAR:0.38461538461538464	YHDYRHMS:0.38461538461538464	IAFLDADD:0.6153846153846154	LTIMFDRT:0.38461538461538464	VSIITPIY:0.3076923076923077	LAKGRFIA:0.3076923076923077	QTYQSWEM:0.23076923076923078	QGPGSTRN:0.3076923076923077	IITPIYNS:0.3076923076923077	YCKNAFLL:0.23076923076923078	LVSIITPI:0.3076923076923077	FLDADDEW:0.38461538461538464	PYDLARYR:0.38461538461538464	YQSWEMII:0.23076923076923078	EMIIIDDC:0.23076923076923078	ITPIYNSA:0.3076923076923077	SWEMIIID:0.23076923076923078	IPYDLARY:0.38461538461538464	HDYRHMSS:0.23076923076923078	GCLTIMFD:0.38461538461538464	IIDDCSTD:0.38461538461538464	CLTIMFDR:0.38461538461538464	SIITPIYN:0.3076923076923077	FIAFLDAD:0.6153846153846154	YDLARYRL:0.38461538461538464	GHRIPYDL:0.23076923076923078	AKGRFIAF:0.46153846153846156	MIIIDDCS:0.23076923076923078	TRSSNKLK:0.23076923076923078	RSSNKLKA:0.23076923076923078	TYQSWEMI:0.23076923076923078	NQGPGSTR:0.3076923076923077	CKNAFLLH:0.23076923076923078	LDADDEWC:0.23076923076923078	AFLDADDE:0.38461538461538464	ELIIIDDC:0.38461538461538464	LIIIDDCS:0.38461538461538464	DDCSNDNT:0.23076923076923078	IDDCSNDN:0.23076923076923078	IIDDCSND:0.3076923076923077	IIAEDFLA:0.23076923076923078	IIIDDCSN:0.23076923076923078	RGVGCLTI:0.23076923076923078	NIIAEDFL:0.23076923076923078	MSYHDYRH:0.23076923076923078	GVGCLTIM:0.23076923076923078	EDFLAWSN:0.23076923076923078	VGCLTIMF:0.23076923076923078	FLDADDYW:0.23076923076923078	AFLDADDY:0.23076923076923078	
