cluster number:707
GT2:17	GT2:17
LVAMRVSP:0.29411764705882354	AYSKKRNP:0.35294117647058826	LQAGNYSG:0.23529411764705882	PDFYARRG:0.35294117647058826	LDMVGSQV:0.23529411764705882	RHPTMVFR:0.23529411764705882	DFYARRGG:0.35294117647058826	YFEDWDLF:0.4117647058823529	TAPDEPIA:0.23529411764705882	HVAVCLVP:0.23529411764705882	EAYSKKRN:0.23529411764705882	SKDIEAYS:0.23529411764705882	NPFRHPTM:0.23529411764705882	VAVCLVPN:0.23529411764705882	YSKKRNPF:0.47058823529411764	INEPLVAM:0.23529411764705882	PEEIVLVE:0.29411764705882354	FEDWDLFN:0.35294117647058826	HPTMVFRK:0.23529411764705882	IEAYSKKR:0.23529411764705882	RNPFRHPT:0.23529411764705882	HLDMVGSQ:0.23529411764705882	PCDSKDIE:0.23529411764705882	DSDDYAFP:0.4117647058823529	KKRNPFRH:0.47058823529411764	VSPDFYAR:0.35294117647058826	SKKRNPFR:0.47058823529411764	PLVAMRVS:0.4117647058823529	RMDSDDYA:0.23529411764705882	EIVLVEDG:0.29411764705882354	FYARRGGP:0.29411764705882354	PTMVFRKS:0.23529411764705882	NINEPLVA:0.23529411764705882	DLFNRMLA:0.35294117647058826	FRHPTMVF:0.23529411764705882	DSKDIEAY:0.23529411764705882	HIWRFKTA:0.23529411764705882	SPDFYARR:0.35294117647058826	RVSPDFYA:0.35294117647058826	AMRVSPDF:0.29411764705882354	EDWDLFNR:0.35294117647058826	EPLVAMRV:0.23529411764705882	PHVAVCLV:0.23529411764705882	PDEPIAES:0.23529411764705882	DWDLFNRM:0.35294117647058826	LPCDSKDI:0.23529411764705882	CDSKDIEA:0.23529411764705882	APDEPIAE:0.23529411764705882	KRNPFRHP:0.47058823529411764	EEIVLVED:0.29411764705882354	PFRHPTMV:0.23529411764705882	MDSDDYAF:0.4117647058823529	WDLFNRML:0.35294117647058826	TMVFRKSR:0.23529411764705882	MRVSPDFY:0.35294117647058826	KDIEAYSK:0.23529411764705882	LYFEDWDL:0.35294117647058826	YARRGGPK:0.23529411764705882	LPHIWRFK:0.23529411764705882	PHIWRFKT:0.23529411764705882	ARMDSDDY:0.29411764705882354	VAMRVSPD:0.29411764705882354	QAGNYSGE:0.23529411764705882	NEPLVAMR:0.23529411764705882	DIEAYSKK:0.23529411764705882	YSVLMSVY:0.5294117647058824	DYAFPTRM:0.35294117647058826	CLVPNSVR:0.23529411764705882	VCLVPNSV:0.23529411764705882	PYSVLMSV:0.4117647058823529	DMVGSQIV:0.23529411764705882	IARMDSDD:0.23529411764705882	FRHPSMVF:0.23529411764705882	NPFRHPSM:0.23529411764705882	SDDYAFPT:0.35294117647058826	DDYAFPTR:0.35294117647058826	PFRHPSMV:0.23529411764705882	VPNSVRSF:0.23529411764705882	LDMVGSQI:0.23529411764705882	VGSQIVEF:0.23529411764705882	LVPNSVRS:0.23529411764705882	RNPFRHPS:0.23529411764705882	MVGSQIVE:0.23529411764705882	FPTRMEEQ:0.23529411764705882	YAFPTRME:0.23529411764705882	PTRMEEQL:0.23529411764705882	AFPTRMEE:0.23529411764705882	
