cluster number:1560
GT2:19	GT2:19
GYKILLSP:0.21052631578947367	YSRSSLKK:0.3157894736842105	GYFDEELV:0.3157894736842105	GVGNALFR:0.5263157894736842	IIIFGAHA:0.5263157894736842	VRNQDDEL:0.3157894736842105	GCVGGPIE:0.21052631578947367	HAYADKDF:0.2631578947368421	GNALFRYA:0.3684210526315789	LWKQYYQY:0.2631578947368421	WKQYYQYG:0.2631578947368421	EIGYFDEE:0.21052631578947367	GFWKVRVM:0.3157894736842105	LFNFYIFK:0.21052631578947367	IIFGAHAY:0.5263157894736842	QYYQYGFW:0.3684210526315789	FGVGNALF:0.5263157894736842	NGYKILLS:0.21052631578947367	PFGVGNAL:0.5263157894736842	IFGAHAYA:0.47368421052631576	RVMQKHGK:0.2631578947368421	KNGYKILL:0.21052631578947367	GIRYSKKD:0.21052631578947367	DGMSDDGT:0.2631578947368421	WKVRVMQK:0.3157894736842105	SLKKLWKQ:0.21052631578947367	DDELNFRV:0.21052631578947367	GGPIETIN:0.3157894736842105	SSLKKLWK:0.21052631578947367	EELVRNQD:0.47368421052631576	YQYGFWKV:0.3684210526315789	FWKVRVMQ:0.3157894736842105	RSSLKKLW:0.3157894736842105	KVRVMQKH:0.3157894736842105	FGAHAYAD:0.3157894736842105	LKKLWKQY:0.21052631578947367	QYGFWKVR:0.5263157894736842	TVSVVIPC:0.2631578947368421	NQDDELNF:0.21052631578947367	VGNALFRY:0.3684210526315789	SPFGVGNA:0.5263157894736842	TFVDTVAF:0.21052631578947367	MSSPFGVG:0.47368421052631576	RNQDDELN:0.5263157894736842	AYADKDFI:0.21052631578947367	DEELVRNQ:0.47368421052631576	YYQYGFWK:0.3684210526315789	IGYFDEEL:0.3684210526315789	YYSRSSLK:0.3684210526315789	YFDEELVR:0.3157894736842105	ILLSPKIK:0.3684210526315789	GMSDDGTR:0.21052631578947367	CVGGPIET:0.21052631578947367	SRSSLKKL:0.3157894736842105	VRVMQKHG:0.2631578947368421	YGFWKVRV:0.5263157894736842	FDEELVRN:0.42105263157894735	SSPFGVGN:0.47368421052631576	KQYYQYGF:0.2631578947368421	FVDTVAFG:0.3684210526315789	ETFVDTVA:0.21052631578947367	LVRNQDDE:0.47368421052631576	LLSPKIKS:0.3684210526315789	QDDELNFR:0.21052631578947367	VGGPIETI:0.21052631578947367	ELVRNQDD:0.47368421052631576	KLWKQYYQ:0.2631578947368421	GAHAYADK:0.2631578947368421	KILLSPKI:0.42105263157894735	AMSSPFGV:0.47368421052631576	AHAYADKD:0.2631578947368421	KYILLIFP:0.21052631578947367	NQDDELNY:0.3157894736842105	LIFPILHI:0.21052631578947367	PILHISYG:0.2631578947368421	DIIIIFGA:0.2631578947368421	VAFGAYRR:0.21052631578947367	SIRHLVPM:0.21052631578947367	YEVLVCDG:0.21052631578947367	VSIVIPCR:0.21052631578947367	LLIFPILH:0.21052631578947367	DTVAFGAY:0.47368421052631576	SIVIPCRN:0.21052631578947367	VDTVAFGA:0.47368421052631576	IVIPCRNE:0.21052631578947367	IIIIFGAH:0.3157894736842105	TVAFGAYR:0.21052631578947367	QDDELNYR:0.3157894736842105	IFPILHIS:0.2631578947368421	FPILHISY:0.2631578947368421	YILLIFPI:0.21052631578947367	CLDSFINQ:0.2631578947368421	LAMSSPFG:0.2631578947368421	LYEVLVCD:0.21052631578947367	ILLIFPIL:0.21052631578947367	YVDTVAFG:0.2631578947368421	DDELNYRL:0.21052631578947367	YFQYGFWK:0.21052631578947367	WKVRVIQK:0.21052631578947367	NALFRYAK:0.21052631578947367	DSFINQTY:0.21052631578947367	FQYGFWKV:0.21052631578947367	KIGYFDEE:0.21052631578947367	QYFQYGFW:0.21052631578947367	GFWKVRVI:0.21052631578947367	FWKVRVIQ:0.21052631578947367	LDSFINQT:0.21052631578947367	DGTREIIK:0.21052631578947367	KKLWRQYF:0.21052631578947367	LKKLWRQY:0.21052631578947367	WRQYFQYG:0.21052631578947367	KLWRQYFQ:0.21052631578947367	LWRQYFQY:0.21052631578947367	SLKKLWRQ:0.21052631578947367	
