cluster number:73
GT2:12	GT2:12
TILREVYK:1.0	VVSGSIRP:1.0	YKIPKLIK:1.0	VMKAKTIL:1.0	REVYKIPK:1.0	KAKTILRE:1.0	SYKQVIEA:1.0	RKKVCIAV:0.6666666666666666	KLIKARWF:1.0	SRLTALSD:1.0	KFFFLPTT:1.0	TEFICLAK:1.0	RKMLSDFS:1.0	IVPDGSNE:1.0	HFVNKFFF:1.0	IDSFLFDT:1.0	DAPFVLYT:1.0	RREPESYG:1.0	SVMKAKTI:1.0	FAVRYGVG:0.9166666666666666	AKRKKVCI:0.75	EVRSHWAT:1.0	MIRIDVVL:1.0	ADVVISRR:1.0	HSDEVRSH:1.0	VTFRIFIV:1.0	FVNKFFFL:1.0	TLDSYKQV:1.0	REAISRLT:1.0	CDYAKNRG:1.0	RYGVGQTD:0.9166666666666666	VVISRREP:1.0	KKIRLKRK:0.75	EVIYCDYA:0.9166666666666666	TDAPFVLY:1.0	DVVLPAYR:1.0	DVVISRRE:1.0	FRIFIVPD:1.0	AKNRGKGF:1.0	LDSYKQVI:1.0	SLSVMKAK:1.0	RFIFLQTR:1.0	RIDVVLPA:1.0	LLEGADVV:1.0	GRFIFLQT:1.0	NKFFFLPT:1.0	APFVLYTD:1.0	KNRGKGFA:1.0	ICLAKRKK:1.0	TGRFIFLQ:0.8333333333333334	IDVVLPAY:1.0	TSPWEVIY:0.9166666666666666	YTDYDLPF:1.0	LKRKMLSD:0.75	RSHWATSP:1.0	LPTTDTQG:1.0	QTDAPFVL:1.0	AYRPGQGW:0.9166666666666666	DLPFTLDS:1.0	VISRREPE:1.0	AVRYGVGQ:0.9166666666666666	VNKFFFLP:1.0	IRPDISLS:1.0	IRIDVVLP:1.0	YGVGQTDA:0.9166666666666666	LPFTLDSY:1.0	LYTDYDLP:1.0	VRYGVGQT:0.9166666666666666	DEVRSHWA:1.0	KQVIEALL:1.0	VVLPAYRP:1.0	EVYKIPKL:1.0	FLPTTDTQ:1.0	YGKKIRLK:0.75	VIEALLEG:1.0	PDGSNEGH:1.0	VPDGSNEG:1.0	EREAISRL:1.0	KMLSDFSH:1.0	PWEVIYCD:0.9166666666666666	ESYGKKIR:1.0	MLSDFSHF:1.0	WATSPWEV:0.9166666666666666	EALLEGAD:1.0	ALLEGADV:1.0	GKKIRLKR:0.75	DISLSVMK:1.0	KRKKVCIA:0.6666666666666666	EPESYGKK:1.0	PFTLDSYK:1.0	IEALLEGA:1.0	EGHSDEVR:1.0	SHWATSPW:1.0	SRREPESY:1.0	SHFVNKFF:1.0	FIFLQTRI:1.0	LSVMKAKT:1.0	FLFDTEFI:1.0	FLQTRIDS:1.0	TDTQGGLK:1.0	LREVYKIP:1.0	GQGWEREA:0.9166666666666666	IAVVSGSI:0.9166666666666666	PKLIKARW:1.0	RLKRKMLS:0.75	FSHFVNKF:1.0	GGLKGFSS:1.0	VGQTDAPF:1.0	GWEREAIS:1.0	TRIDSFLF:1.0	ATSPWEVI:0.9166666666666666	ISRREPES:1.0	VIYCDYAK:1.0	YDLPFTLD:1.0	GVGQTDAP:1.0	YCDYAKNR:1.0	KKVCIAVV:0.6666666666666666	QGGLKGFS:1.0	RIDSFLFD:1.0	IRLKRKML:0.75	FDTEFICL:1.0	DVTFRIFI:1.0	KIPKLIKA:1.0	SFLFDTEF:1.0	GFSSTGRF:0.8333333333333334	TDYDLPFT:1.0	VRSHWATS:1.0	KVCIAVVS:0.6666666666666666	PFVLYTDY:1.0	FSSTGRFI:0.8333333333333334	LPAYRPGQ:0.9166666666666666	EFICLAKR:1.0	RPGQGWER:0.9166666666666666	QTRIDSFL:1.0	RGKGFAVR:1.0	GADVVISR:1.0	CIAVVSGS:0.6666666666666666	FICLAKRK:1.0	WEVIYCDY:0.9166666666666666	VLPAYRPG:0.9166666666666666	LSDFSHFV:1.0	HWATSPWE:0.9166666666666666	MKAKTILR:1.0	SGSIRPDI:1.0	YKQVIEAL:1.0	SDEVRSHW:1.0	FFLPTTDT:1.0	GFAVRYGV:0.9166666666666666	FIVPDGSN:1.0	STGRFIFL:0.8333333333333334	GLKGFSST:0.8333333333333334	DSFLFDTE:1.0	REPESYGK:1.0	IPKLIKAR:1.0	FFFLPTTD:1.0	RPDISLSV:1.0	KIRLKRKM:0.75	LEGADVVI:1.0	AKTILREV:1.0	YRPGQGWE:0.9166666666666666	KTILREVY:1.0	RLTALSDS:1.0	TQGGLKGF:1.0	DTQGGLKG:1.0	KGFAVRYG:0.9166666666666666	ISRLTALS:1.0	FTLDSYKQ:1.0	IFIVPDGS:1.0	AISRLTAL:1.0	SYGKKIRL:0.75	DYDLPFTL:1.0	SPWEVIYC:0.9166666666666666	DGSNEGHS:1.0	DFSHFVNK:1.0	LFDTEFIC:1.0	WEREAISR:1.0	PTTDTQGG:1.0	GSNEGHSD:1.0	YAKNRGKG:1.0	VYKIPKLI:1.0	PAYRPGQG:0.9166666666666666	VLYTDYDL:1.0	QVIEALLE:1.0	AVVSGSIR:0.9166666666666666	IYCDYAKN:1.0	PDISLSVM:1.0	CLAKRKKV:1.0	NEGHSDEV:1.0	LQTRIDSF:1.0	LTALSDSI:1.0	PGQGWERE:0.9166666666666666	LKGFSSTG:0.8333333333333334	RIFIVPDG:1.0	QGWEREAI:1.0	DTEFICLA:1.0	LIKARWFS:1.0	DYAKNRGK:1.0	EAISRLTA:1.0	VCIAVVSG:0.6666666666666666	GQTDAPFV:1.0	SSTGRFIF:0.8333333333333334	ILREVYKI:1.0	SDFSHFVN:1.0	LAKRKKVC:0.75	ISLSVMKA:1.0	KGFSSTGR:0.8333333333333334	PESYGKKI:1.0	SIRPDISL:1.0	TTDTQGGL:1.0	KRKMLSDF:1.0	GKGFAVRY:0.9166666666666666	DSYKQVIE:1.0	GHSDEVRS:1.0	IFLQTRID:1.0	TFRIFIVP:1.0	NRGKGFAV:1.0	EGADVVIS:1.0	SNEGHSDE:1.0	FVLYTDYD:1.0	GSIRPDIS:1.0	VSGSIRPD:1.0	KKIRFKRK:0.25	DSIPDVTF:0.8333333333333334	IPDVTFRI:0.8333333333333334	SYGKKIRF:0.25	KKVRIAVV:0.25	PDVTFRIF:0.8333333333333334	KVRIAVVS:0.25	RFKRKMLS:0.25	KRKKVRIA:0.25	SIPDVTFR:0.8333333333333334	SDSIPDVT:0.8333333333333334	KIRFKRKM:0.25	VRIAVVSG:0.25	LSDSIPDV:0.8333333333333334	RIAVVSGS:0.25	RKKVRIAV:0.25	LAKRKKVR:0.25	IRFKRKML:0.25	GKKIRFKR:0.25	FKRKMLSD:0.25	AKRKKVRI:0.25	YGKKIRFK:0.25	TALSDSIP:0.8333333333333334	ALSDSIPD:0.8333333333333334	
