cluster number:2376
GT2:26	GT2:26|GT4:2
GYAAGINA:0.5384615384615384	VVVVTYNS:0.3076923076923077	ACGPWDES:0.23076923076923078	GPWDESFF:0.5	LYSEETEY:0.46153846153846156	FFLYSEET:0.6923076923076923	SFFLYSEE:0.7307692307692307	CGPWDESF:0.4230769230769231	DESFFLYS:0.6923076923076923	PWDESFFL:0.5384615384615384	WDESFFLY:0.7307692307692307	ESFFLYSE:0.7307692307692307	FLYSEETE:0.5384615384615384	ETDFALRA:0.3076923076923077	VLNPDVRL:0.34615384615384615	LVLNPDVR:0.34615384615384615	WHLTVADN:0.23076923076923078	LTLNRVRL:0.34615384615384615	LYSEETDF:0.3076923076923077	EETDFALR:0.3076923076923077	LTVADNAS:0.23076923076923078	GRNAGYAA:0.5769230769230769	EMGRNAGY:0.23076923076923078	NAGYAAGI:0.4230769230769231	RNAGYAAG:0.5	AVVVVTYN:0.23076923076923078	MGRNAGYA:0.3076923076923077	YSEETDFA:0.3076923076923077	LLTLNRVR:0.34615384615384615	AGYAAGIN:0.4230769230769231	SEETDFAL:0.3076923076923077	FLYSEETD:0.38461538461538464	LWTLLTLN:0.23076923076923078	PRLWTLLT:0.23076923076923078	SPRLWTLL:0.23076923076923078	VSPRLWTL:0.23076923076923078	TLNRVRLY:0.2692307692307692	LGGDSQVS:0.23076923076923078	RAALGRPA:0.23076923076923078	SQVSPRLW:0.23076923076923078	WRLVVADN:0.2692307692307692	HLGGDSQV:0.23076923076923078	RAAVLLRE:0.23076923076923078	GGDSQVSP:0.23076923076923078	EETEYCLR:0.2692307692307692	ETEYCLRA:0.2692307692307692	SEETEYCL:0.2692307692307692	DWATGALM:0.2692307692307692	RLVVADND:0.3076923076923077	YSEETEYC:0.2692307692307692	TEYCLRAR:0.2692307692307692	LVVADNDS:0.3076923076923077	FRAAVLLR:0.23076923076923078	DSQVSPRL:0.23076923076923078	EYCLRARD:0.2692307692307692	AFRAAVLL:0.23076923076923078	NRVRLYRR:0.23076923076923078	GDSQVSPR:0.23076923076923078	ADNDSADD:0.23076923076923078	VVADNDSA:0.3076923076923077	ADWATGAL:0.23076923076923078	SRAALGRP:0.2692307692307692	VADNDSAD:0.34615384615384615	AALGRPAS:0.23076923076923078	TGRNAGYA:0.23076923076923078	VRLYRRRH:0.23076923076923078	WATGALMA:0.2692307692307692	DWRLVVAD:0.23076923076923078	YAAGINAA:0.38461538461538464	DFALRARD:0.23076923076923078	TDFALRAR:0.23076923076923078	AAGINAAV:0.23076923076923078	AGINAAVA:0.23076923076923078	YFLYSEET:0.23076923076923078	
