cluster number:445
GT2:26	GT2:26
VIVVDDAS:0.2692307692307692	IVVDDAST:0.2692307692307692	VLFFLDSD:0.2692307692307692	SVIIPNYN:0.23076923076923078	GRHDDVDR:0.2692307692307692	LRDSEDVE:0.23076923076923078	DSEDVEYS:0.23076923076923078	RDSEDVEY:0.23076923076923078	RHDDVDRL:0.2692307692307692	VSVIIPNY:0.23076923076923078	EKTLRACL:0.23076923076923078	VVDDASTD:0.5	VDDASTDR:0.23076923076923078	VVVDDAST:0.23076923076923078	DSDIALAP:0.23076923076923078	VSAARNLG:0.2692307692307692	GVSAARNL:0.2692307692307692	DDASTDGS:0.23076923076923078	
