cluster number:1660
GT2:47	GT2:47|2.4.1.-:1
LLMFGVLS:0.48936170212765956	FGIETEMA:0.46808510638297873	ILSGYRAF:0.7659574468085106	DGFGIETE:0.3191489361702128	VLVIDGGS:0.2127659574468085	LMFGVLSD:0.48936170212765956	GFGIETEM:0.5106382978723404	GIETEMAV:0.46808510638297873	NPLFYFGS:0.7446808510638298	YVLMLDGD:0.3617021276595745	EAATIGDV:0.2765957446808511	GKGQAVRE:0.7872340425531915	QLLMFGVL:0.5531914893617021	ETEMAVEC:0.46808510638297873	KGQAVREA:0.6595744680851063	ADGFGIET:0.23404255319148937	PLFYFGSV:0.40425531914893614	IETEMAVE:0.46808510638297873	PYVLMLDG:0.2553191489361702	GSGKGQAV:0.3404255319148936	LSGYRAFT:0.7659574468085106	NNPLFYFG:0.5531914893617021	LFYFGSVG:0.40425531914893614	TNNPLFYF:0.5531914893617021	MFGVLSDM:0.2978723404255319	KTNNPLFY:0.5531914893617021	DILSGYRA:0.8297872340425532	AKTNNPLF:0.5531914893617021	SGKGQAVR:0.3617021276595745	QSGSGKGQ:0.3191489361702128	VIDGGSTD:0.2127659574468085	SGYRAFTR:0.3829787234042553	HVIGNRFA:0.3829787234042553	FGVLSDML:0.23404255319148937	GQAVREAV:0.3404255319148936	SGSGKGQA:0.3191489361702128	GVLSDMLV:0.2127659574468085	VIGNRFAD:0.3617021276595745	IGNRFADM:0.3617021276595745	TEMAVECA:0.2553191489361702	FTIETELA:0.23404255319148937	ADMDDDAM:0.2127659574468085	FADMDDDA:0.2127659574468085	DGFTIETE:0.23404255319148937	NRFADMDD:0.2127659574468085	LAVECVKH:0.23404255319148937	LAKTNNPL:0.23404255319148937	IETELAVE:0.2978723404255319	RFADMDDD:0.2127659574468085	LMLDGDGT:0.3404255319148936	LYSLAKTN:0.2127659574468085	LDSDGFTI:0.2127659574468085	LHREQRRR:0.2127659574468085	LALYSLAK:0.23404255319148937	LGVQLLMF:0.2553191489361702	DGDGTYDP:0.2553191489361702	LDGDGTYD:0.23404255319148937	AVECVKHG:0.23404255319148937	REQRRRLE:0.2127659574468085	SDGFTIET:0.2127659574468085	TELAVECV:0.2978723404255319	ELAVECVK:0.2553191489361702	VLMLDGDG:0.3404255319148936	PLFYFGSL:0.2553191489361702	LFYFGSLG:0.2553191489361702	EHVIGNRF:0.23404255319148937	GYEHVIGN:0.2127659574468085	SLAKTNNP:0.2127659574468085	YEHVIGNR:0.2127659574468085	YSLAKTNN:0.2127659574468085	GNRFADMD:0.2127659574468085	GFTIETEL:0.23404255319148937	ALYSLAKT:0.23404255319148937	GVQLLMFG:0.46808510638297873	TIETELAV:0.23404255319148937	MLDGDGTY:0.3829787234042553	VTLHREQR:0.2127659574468085	HREQRRRL:0.2127659574468085	ETELAVEC:0.3191489361702128	VQLLMFGV:0.46808510638297873	DSDGFTIE:0.2127659574468085	VIGDRFAD:0.2127659574468085	EHVIGDRF:0.2553191489361702	FGVQLLMF:0.23404255319148937	HVIGDRFA:0.2765957446808511	VCVLIPTL:0.2127659574468085	LIPTLDEA:0.2127659574468085	LLGVQLLM:0.23404255319148937	ILLGVQLL:0.2127659574468085	
