cluster number:982
GT2:519	GT2:519|2.4.1.-:1
PENVGDFR:0.3179190751445087	LSRNFGKE:0.649325626204239	DLQDPPEL:0.42196531791907516	QDPPELIP:0.41040462427745666	ENVGDFRL:0.325626204238921	DADLQDPP:0.6339113680154143	ADLQDPPE:0.44508670520231214	LQDPPELI:0.41811175337186895	LEGITSFS:0.3969171483622351	ALEGITSF:0.4026974951830443	VGDFRLMD:0.3179190751445087	NVGDFRLM:0.3063583815028902	EGITSFST:0.394990366088632	RNFGKEAA:0.5992292870905588	SRNFGKEA:0.43159922928709055	IDADLQDP:0.4258188824662813	NFGKEAAL:0.4605009633911368	ITSFSTVP:0.23699421965317918	FGKEAALT:0.3853564547206166	SFSTVPLR:0.23892100192678228	ERHRFMKG:0.2813102119460501	WNFALEGI:0.43159922928709055	GITSFSTV:0.23699421965317918	EAALTAGL:0.3044315992292871	RHRFMKGL:0.2813102119460501	GDFRLMDR:0.31213872832369943	MKGLFAWV:0.4046242774566474	AALTAGLD:0.2658959537572254	TSFSTVPL:0.23892100192678228	RFMKGLFA:0.4373795761078998	GKEAALTA:0.3815028901734104	NFALEGIT:0.43159922928709055	HRFMKGLF:0.30828516377649323	LWNFALEG:0.40655105973025046	KEAALTAG:0.37764932562620424	FALEGITS:0.3468208092485549	KGLFAWVG:0.4046242774566474	FMKGLFAW:0.4373795761078998	RRFMKGLF:0.23314065510597304	GLFAWVGF:0.24084778420038536	TGDFRLLS:0.22350674373795762	WRLWNFAL:0.3044315992292871	DTGDFRLL:0.22157996146435452	RLWNFALE:0.2350674373795761	
