cluster number:1100
GT2:90	GT2:90
GWTGKLWA:0.3	LTDADIEH:0.5	LIDDCSLA:0.3111111111111111	FFQKLYPF:0.7111111111111111	IPAFVFFF:0.8	VFFFQKLY:0.6222222222222222	LIPAFVFF:0.7777777777777778	FLLTDADI:0.32222222222222224	AFVFFFQK:0.6222222222222222	YFLLTDAD:0.32222222222222224	SFWEKLLI:0.24444444444444444	ALIDDCSL:0.3	PARNEAEL:0.2111111111111111	WEKLLIPA:0.37777777777777777	EKLLIPAF:0.37777777777777777	PAFVFFFQ:0.6333333333333333	FVFFFQKL:0.6444444444444445	RTAYTQLN:0.3888888888888889	LYTLMTID:0.26666666666666666	TLMTIDSA:0.2777777777777778	QALIDDCS:0.2111111111111111	VARTAYTQ:0.4	AAAAGGCI:0.5666666666666667	FWEKLLIP:0.2777777777777778	KLLIPAFV:0.3	MVARTAYT:0.4	LLIPAFVF:0.5111111111111111	AAGGCILI:0.4888888888888889	YTLMTIDS:0.2777777777777778	LLTDADIE:0.4111111111111111	FFFQKLYP:0.7	AAAGGCIL:0.5555555555555556	ARTAYTQL:0.4222222222222222	GWSGKLWA:0.5333333333333333	LPPGWSGK:0.2222222222222222	PGWSGKLW:0.28888888888888886	TAYTQLNY:0.36666666666666664	PPGWSGKL:0.2222222222222222	SGKLWAVE:0.25555555555555554	WSGKLWAV:0.28888888888888886	SLRPYDSL:0.2	TAAAAGGC:0.3111111111111111	KLWAVEQG:0.26666666666666666	GKLWAVEQ:0.26666666666666666	AFTQLNYS:0.2	VARTAFTQ:0.2222222222222222	IPARNEAD:0.35555555555555557	RTAFTQLN:0.2	AGGCILIR:0.3111111111111111	TAFTQLNY:0.2	MVARTAFT:0.2	PARNEADV:0.23333333333333334	ARTAFTQL:0.28888888888888886	YTQLNYSP:0.4444444444444444	AYTQLNYS:0.4444444444444444	IRQALIDD:0.35555555555555557	VIRQALID:0.2	RQALIDDC:0.45555555555555555	TIWDMVAR:0.2222222222222222	PDYFLLTD:0.2777777777777778	CAVIPARN:0.24444444444444444	LRCESFWE:0.24444444444444444	WDMVARTA:0.2	AVIPARNE:0.25555555555555554	ALIDDCAL:0.4111111111111111	LIDDCALA:0.45555555555555555	DYFLLTDA:0.2777777777777778	RHWQGRGG:0.4	VIPARNEA:0.36666666666666664	VVPARNEA:0.26666666666666666	AVVPARNE:0.24444444444444444	RGGAWKGR:0.45555555555555555	GRGGAWKG:0.45555555555555555	VSVMVRLR:0.2	TLMTLDSA:0.25555555555555554	FQKLYPFR:0.35555555555555557	QLNYSPLL:0.25555555555555554	QKLYPFRW:0.35555555555555557	SVMVRLRC:0.2222222222222222	AFLYTLMT:0.4111111111111111	AIAFLYTL:0.34444444444444444	LNYSPLLL:0.25555555555555554	RSLLLQDY:0.3	GRIWLGLS:0.2111111111111111	PAIAFLYT:0.3333333333333333	AAAAGGSI:0.2222222222222222	LLLQDYPG:0.3	AAAGGSIL:0.2222222222222222	YTLMTLDS:0.25555555555555554	AAGGSILI:0.23333333333333334	LYPFRWVN:0.4	KLYPFRWV:0.3888888888888889	LRSLLLQD:0.2777777777777778	LYTLMTLD:0.2222222222222222	TAAAAGGS:0.2	IAFLYTLM:0.4111111111111111	LPAIAFLY:0.35555555555555557	LTRSLRPY:0.2222222222222222	TQLNYSPL:0.26666666666666666	SLPAIAFL:0.2111111111111111	SLLLQDYP:0.3	TDADIEHD:0.4	QALIDDCA:0.32222222222222224	GGAWKGRV:0.4888888888888889	QGRGGAWK:0.36666666666666664	WQGRGGAW:0.36666666666666664	PFRWVNNP:0.2	YPFRWVNN:0.2111111111111111	HWQGRGGA:0.35555555555555557	LRRLVAKA:0.2222222222222222	LWAVEQGI:0.24444444444444444	GAWKGRVY:0.4888888888888889	FLYTLMTI:0.2111111111111111	AWKGRVYP:0.28888888888888886	GKLWAMEQ:0.2111111111111111	KLWAMEQG:0.2111111111111111	
