cluster number:1360
GT2:43	GT2:43
AFLDADDL:0.4186046511627907	FLDADDLW:0.4186046511627907	EYIAFLDA:0.627906976744186	YIAFLDAD:0.6511627906976745	VIPAYNAM:0.23255813953488372	IAFLDADD:0.6744186046511628	QGEYIAFL:0.37209302325581395	GEYIAFLD:0.627906976744186	AQGEYIAF:0.3023255813953488	QTFTDFEV:0.32558139534883723	VSVVIPAY:0.2558139534883721	VVIPAYNA:0.20930232558139536	SVVIPAYN:0.2558139534883721	DADDLWEP:0.23255813953488372	TDFEVLII:0.3023255813953488	TFTDFEVL:0.27906976744186046	LIINDGSS:0.23255813953488372	PKVSVVIP:0.20930232558139536	IINDGSSD:0.27906976744186046	FTDFEVLI:0.32558139534883723	KVSVVIPA:0.2558139534883721	FEVLIIND:0.20930232558139536	EVLIINDG:0.2558139534883721	VLIINDGS:0.2558139534883721	MPKVSVVI:0.20930232558139536	LDADDLWE:0.3023255813953488	DFEVLIIN:0.20930232558139536	MPKVSVII:0.20930232558139536	WEPTKLEK:0.20930232558139536	VIIPAYNA:0.20930232558139536	EPTKLEKQ:0.20930232558139536	
