cluster number:818
GT2:12	GT2:12
GWGYEDSD:0.5	WGYEDSDL:0.4166666666666667	IVTTYNRP:0.25	DRSQHDEN:0.25	KGFRAGTI:0.25	HEDKGFRA:0.25	YEDSDLVI:0.3333333333333333	AGTIRNKA:0.3333333333333333	FMDGDCIA:0.25	LAETGYFV:0.3333333333333333	FRAGTIRN:0.3333333333333333	GFRAGTIR:0.3333333333333333	IWHEDKGF:0.25	FLAVNGFD:0.25	LLFMDGDC:0.3333333333333333	HDENYRRL:0.25	AETGYFVP:0.3333333333333333	FEGWGYED:0.3333333333333333	TIRNKAAA:0.25	QHDENYRR:0.25	SVIVTTYN:0.4166666666666667	LISVIVTT:0.3333333333333333	WHEDKGFR:0.3333333333333333	KRKEGRFA:0.25	DKGFRAGT:0.25	YLLFMDGD:0.3333333333333333	DENYRRLL:0.25	GYFVPGNR:0.3333333333333333	VPGNRLLL:0.25	RAGTIRNK:0.3333333333333333	HIWHEDKG:0.25	DLVIRLIH:0.3333333333333333	LFMDGDCI:0.25	RSQHDENY:0.25	ISVIVTTY:0.4166666666666667	EDSDLVIR:0.4166666666666667	SDLVIRLI:0.3333333333333333	FVPGNRLL:0.25	VIVTTYNR:0.25	EDKGFRAG:0.25	DFLAVNGF:0.25	SQHDENYR:0.25	PVLHLWHP:0.25	YFVPGNRL:0.25	AVNGFDEL:0.25	NDRSQHDE:0.25	VNGFDELF:0.25	GYEDSDLV:0.3333333333333333	EGWGYEDS:0.3333333333333333	LAVNGFDE:0.25	GTIRNKAA:0.25	ETGYFVPG:0.3333333333333333	DSDLVIRL:0.4166666666666667	TGYFVPGN:0.3333333333333333	IIIADDGS:0.3333333333333333	TYNWPEAL:0.5	IVTTYNWP:0.25	VTTYNWPE:0.3333333333333333	IIADDGSD:0.25	TTYNWPEA:0.3333333333333333	EIIIADDG:0.3333333333333333	YLIFLDGD:0.25	LIFLDGDC:0.25	TYNRPDAL:0.25	RKEGRFAV:0.25	GRFAVPVF:0.25	AVPVFHLW:0.25	RFAVPVFH:0.25	EGRFAVPV:0.25	VPVFHLWH:0.25	FAVPVFHL:0.25	KEGRFAVP:0.25	
