cluster number:913
GT2:12	GT2:12
SIRREVAN:0.3333333333333333	VLCQTYLH:0.25	NSCEVIET:0.25	VIETYVQK:0.25	SALSIRRE:0.3333333333333333	CDDGSTDN:0.5833333333333334	VANYNYAK:0.25	FEVIVCDD:0.25	GSTDNSCE:0.4166666666666667	LCQTYLHF:0.25	IRREVANY:0.3333333333333333	GVATALNT:0.3333333333333333	AKYISETL:0.25	NGGVATAL:0.3333333333333333	IKSTPMFE:0.25	DNPLVSVL:0.25	GNFIKSTP:0.25	SETLESVL:0.4166666666666667	KQNGGVAT:0.25	CQTYLHFE:0.25	NPLVSVLV:0.25	EVANYIFP:0.3333333333333333	IVCDDGST:0.5	ASALSIRR:0.3333333333333333	QNGGVATA:0.25	SCEVIETY:0.25	GFVIHNVI:0.3333333333333333	YAKYISET:0.25	LVANYNYA:0.25	VLVANYNY:0.3333333333333333	DGSTDNSC:0.5833333333333334	ATALNTAY:0.3333333333333333	REVANYIF:0.3333333333333333	IPPASALS:0.5	ESVLCQTY:0.25	PLVSVLVA:0.3333333333333333	VIVCDDGS:0.3333333333333333	DNSCEVIE:0.5	RIKLIRKQ:0.25	LVSVLVAN:0.3333333333333333	YNYAKYIS:0.25	LPDNPLVS:0.25	LIRKQNGG:0.25	VSVLVANY:0.3333333333333333	NYNYAKYI:0.5833333333333334	NIPPASAL:0.4166666666666667	GGVATALN:0.3333333333333333	SLASGWMA:0.25	FIKSTPMF:0.25	ANYNYAKY:0.25	KLIRKQNG:0.25	LASGWMAP:0.25	DDGSTDNS:0.5833333333333334	SVLVANYN:0.3333333333333333	LSIRREVA:0.3333333333333333	EVIVCDDG:0.3333333333333333	VCDDGSTD:0.5	QTEKLQPI:0.25	ISETLESV:0.4166666666666667	FVIHNVIQ:0.25	RKQNGGVA:0.25	NFIKSTPM:0.25	VATALNTA:0.3333333333333333	IETYVQKD:0.25	IKLIRKQN:0.25	CEVIETYV:0.25	STDNSCEV:0.4166666666666667	SVLCQTYL:0.25	NYAKYISE:0.25	PPASALSI:0.3333333333333333	RKAHQQLI:0.25	PASALSIR:0.3333333333333333	PDNPLVSV:0.25	YISETLES:0.4166666666666667	ARVHQEQK:0.4166666666666667	RREVANYI:0.3333333333333333	TDNSCEVI:0.4166666666666667	ALSIRREV:0.3333333333333333	HFEVIVCD:0.25	IRKQNGGV:0.25	EVIETYVQ:0.25	KYISETLE:0.4166666666666667	NEAFVRNA:0.25	PLNEAFVR:0.25	FPLNEAFV:0.25	KYIGETLD:0.25	LNEAFVRN:0.25	NYAKYIGE:0.25	YIGETLDS:0.25	VLVPNYNY:0.3333333333333333	AKYIGETL:0.25	VPNYNYAK:0.3333333333333333	LVPNYNYA:0.3333333333333333	YNYAKYIG:0.3333333333333333	EAFVRNAD:0.25	PNYNYAKY:0.3333333333333333	IFPLNEAF:0.25	YAKYIGET:0.25	IGETLDSA:0.25	SVLVPNYN:0.3333333333333333	LLDADDIW:0.25	QIICLLDA:0.25	RNADSLIF:0.3333333333333333	GQIICLLD:0.25	FEIIVCDD:0.3333333333333333	ICLLDADD:0.3333333333333333	IIVCDDGS:0.4166666666666667	IICLLDAD:0.3333333333333333	CLLDADDI:0.25	EIIVCDDG:0.3333333333333333	LDADDIWM:0.3333333333333333	GGVASALN:0.25	NFEIIVCD:0.3333333333333333	KDSRIKLI:0.3333333333333333	NGGVASAL:0.25	NADSLIFR:0.25	DADDIWMN:0.25	IHNVIQID:0.25	HNVIQIDG:0.3333333333333333	VIQIDGQG:0.3333333333333333	QKDSRIKL:0.25	KVVEAFKS:0.25	IQIDGQGN:0.3333333333333333	QIDGQGNF:0.25	NVIQIDGQ:0.3333333333333333	VCDDGSKD:0.25	CDDGSKDN:0.25	IVCDDGSK:0.25	GGFVDNIP:0.25	FVDNIPPA:0.25	VDNIPPAS:0.25	DNIPPASA:0.25	NGGFVDNI:0.25	GFVDNIPP:0.25	
