cluster number:289
GT2:91	GT2:91
GGVSSITP:0.3076923076923077	TTSGYRLA:0.21978021978021978	IIPAYNEE:0.4945054945054945	VCSSILIA:0.26373626373626374	DGDGQHDI:0.8131868131868132	VIGSRFVG:0.26373626373626374	AYNEEESI:0.31868131868131866	MIIPAYNE:0.34065934065934067	GDGQHDIE:0.24175824175824176	QTGYKYAL:0.43956043956043955	PAYNEEES:0.31868131868131866	YPIKYPEP:0.27472527472527475	DGQHDIES:0.24175824175824176	VMNLGIGG:0.25274725274725274	VAVQFDGD:0.4945054945054945	AVQFDGDG:0.7802197802197802	LMIIPAYN:0.24175824175824176	LVMNLGIG:0.26373626373626374	NLGIGGAV:0.7472527472527473	MNLGIGGA:0.27472527472527475	LGIGGAVQ:0.7472527472527473	IGGAVQTG:0.7692307692307693	DTTSGYRL:0.34065934065934067	VINDGSTD:0.7252747252747253	VLMIIPAY:0.24175824175824176	GIGGAVQT:0.7692307692307693	GAVQTGYK:0.4835164835164835	VQTGYKYA:0.4835164835164835	YDVAVQFD:0.4945054945054945	VQFDGDGQ:0.7912087912087912	PIKYPEPE:0.27472527472527475	TGYKYALE:0.26373626373626374	FDGDGQHD:0.7582417582417582	DYVVINDG:0.5714285714285714	EVCSSILI:0.26373626373626374	GQHDIESL:0.24175824175824176	YVVINDGS:0.5824175824175825	DYDVAVQF:0.26373626373626374	FQTTFMRR:0.21978021978021978	VVINDGST:0.5164835164835165	DVAVQFDG:0.4945054945054945	IPAYNEEE:0.45054945054945056	AVQTGYKY:0.4835164835164835	RYPIKYPE:0.27472527472527475	QFDGDGQH:0.8241758241758241	GGAVQTGY:0.7252747252747253	LDYVVIND:0.5384615384615384	VEAPANMF:0.21978021978021978	EAPANMFE:0.23076923076923078	VVEAPANM:0.21978021978021978	APANMFER:0.23076923076923078	YDIAVQFD:0.26373626373626374	DIAVQFDG:0.26373626373626374	DVTSGYRA:0.3516483516483517	DGQHDIRS:0.21978021978021978	GDGQHDIR:0.21978021978021978	IAVQFDGD:0.27472527472527475	VQTGYLYA:0.27472527472527475	LVQNLGIG:0.23076923076923078	VQNLGIGG:0.23076923076923078	QLDYVVIN:0.24175824175824176	QNLGIGGA:0.31868131868131866	ADFTVGSR:0.2087912087912088	YPEPESYM:0.23076923076923078	PESYMHLF:0.2087912087912088	INDGSTDN:0.23076923076923078	EPESYMHL:0.21978021978021978	GYRAGNRK:0.23076923076923078	QYPEPESY:0.2087912087912088	GSTDNEEE:0.2087912087912088	DFTVGSRF:0.21978021978021978	KDVTSGYR:0.21978021978021978	RAGNRKVI:0.21978021978021978	SGYRAGNR:0.23076923076923078	VTSGYRAG:0.26373626373626374	IKDVTSGY:0.21978021978021978	TSGYRAGN:0.27472527472527475	DGSTDNEE:0.23076923076923078	PEPESYMH:0.23076923076923078	YRAGNRKV:0.21978021978021978	NDGSTDNE:0.23076923076923078	ILLIIPAY:0.2087912087912088	LIIPAYNE:0.34065934065934067	LLIIPAYN:0.2967032967032967	
