cluster number:331
GT2:39	GT2:39
DNCTDKTA:0.2564102564102564	VFIYSWIP:0.2564102564102564	SLTEDLEF:0.358974358974359	CYLDSKNP:0.23076923076923078	HDAIVYDE:0.38461538461538464	TTWAHDAI:0.3076923076923077	IFDADNLV:0.5641025641025641	VYDEKPLT:0.48717948717948717	WAHDAIVY:0.358974358974359	EDLEFTMK:0.23076923076923078	EKRGKGYA:0.20512820512820512	WGATSLTE:0.20512820512820512	ATSLTEDL:0.2564102564102564	DAIVYDEK:0.38461538461538464	LGGTGMCI:0.6153846153846154	PVFIYSWI:0.2564102564102564	VADNCTDK:0.28205128205128205	YPVFIYSW:0.28205128205128205	VVADNCTD:0.46153846153846156	GKGYALEW:0.28205128205128205	AIVYDEKP:0.3076923076923077	GATSLTED:0.20512820512820512	RGKGYALE:0.3333333333333333	ADNCTDKT:0.28205128205128205	GIKTTWAH:0.38461538461538464	IVYDEKPL:0.3076923076923077	MNSKLCQG:0.20512820512820512	YDEKPLTF:0.5128205128205128	TEDLEFTM:0.20512820512820512	AHDAIVYD:0.358974358974359	IKTTWAHD:0.38461538461538464	FVVADNCT:0.358974358974359	EMNSKLCQ:0.20512820512820512	DLEFTMKA:0.20512820512820512	TWAHDAIV:0.3076923076923077	TSLTEDLE:0.28205128205128205	DYPKELYD:0.2564102564102564	WSHTKHTR:0.358974358974359	LEFTMKAL:0.20512820512820512	QCYLDSKN:0.23076923076923078	FIYSWIPI:0.358974358974359	KRGKGYAL:0.28205128205128205	KTTWAHDA:0.41025641025641024	LYPVFIYS:0.28205128205128205	NSKLCQGH:0.20512820512820512	LTEDLEFT:0.23076923076923078	LDYPKELY:0.28205128205128205	GWGATSLT:0.20512820512820512	QRKRWAQG:0.5128205128205128	CLTEDMEF:0.3333333333333333	FDADNLVH:0.3333333333333333	RWAQGQFD:0.3076923076923077	GGTGMCIS:0.28205128205128205	RKRWAQGQ:0.4358974358974359	HNEEAVIG:0.2564102564102564	AHNEEAVI:0.2564102564102564	RWAQGQVD:0.2564102564102564	KRWAQGQV:0.2564102564102564	KNPYDTWV:0.3333333333333333	HLFQPALV:0.20512820512820512	GTGMCIST:0.2564102564102564	VLGGTGMC:0.3076923076923077	WAQGQVDV:0.23076923076923078	NEEAVIGP:0.23076923076923078	GYALEWMF:0.23076923076923078	VAAHNEEA:0.20512820512820512	WIPIVFLG:0.23076923076923078	AAHNEEAV:0.20512820512820512	SWIPIVFL:0.23076923076923078	YSWIPIVF:0.23076923076923078	KGYALEWM:0.23076923076923078	IPIVFLGF:0.23076923076923078	WVTNTFSI:0.20512820512820512	DTWVTNTF:0.20512820512820512	TWVTNTFS:0.20512820512820512	AQGQVDVA:0.23076923076923078	VVAAHNEE:0.23076923076923078	IYSWIPIV:0.23076923076923078	EEAVIGPL:0.23076923076923078	HDAVVYDE:0.20512820512820512	AVVYDEKP:0.20512820512820512	DAVVYDEK:0.20512820512820512	VVYDEKPL:0.20512820512820512	IFVVADNC:0.23076923076923078	DIFVVADN:0.20512820512820512	AHDAVVYD:0.20512820512820512	WAHDAVVY:0.20512820512820512	ATCLTEDM:0.2564102564102564	LTEDMEFT:0.2564102564102564	TCLTEDME:0.2564102564102564	TEDMEFTM:0.2564102564102564	EDMEFTMK:0.28205128205128205	WAQGQFDV:0.20512820512820512	DADNLVHP:0.3076923076923077	
