cluster number:1748
GT2:35	GT2:35
QIEVVDDC:0.2	PFWSVMIP:0.2	VMIPTYNC:0.5428571428571428	MIPTYNCA:0.4857142857142857	RVSFYRQP:0.2	PTYNCANY:0.22857142857142856	TYNCANYL:0.22857142857142856	SVLAQDPG:0.2857142857142857	SVMIPTYN:0.6285714285714286	IPTYNCAN:0.2571428571428571	MQIEVVDD:0.4857142857142857	FWSVMIPT:0.2	RPFWSVMI:0.2	EVVDDCST:0.2	IEVVDDCS:0.2	WSVMIPTY:0.6285714285714286	KDDPEAVV:0.34285714285714286	LWSVMIPT:0.42857142857142855	RPLWSVMI:0.5714285714285714	STKDDPEA:0.34285714285714286	PLWSVMIP:0.6285714285714286	TKDDPEAV:0.34285714285714286	EVMQIEVV:0.2	GEDWEMWV:0.2857142857142857	VMQIEVVD:0.22857142857142856	EDWEMWVR:0.42857142857142855	DWEMWVRI:0.5142857142857142	WEMWVRIA:0.42857142857142855	VVRREVYE:0.22857142857142856	VHLLHGDD:0.2571428571428571	LVHLLHGD:0.2	GAAFCRHI:0.2	IGAAFCRH:0.2	VGSLRNFE:0.2	NVGSLRNF:0.2	GSLRNFET:0.2	SLRNFETC:0.2	YGEDWEMW:0.2	
