cluster number:815
GT2:23	GT2:23|GT4:1
KYIARMDA:0.5652173913043478	ARMDADDI:0.6956521739130435	IARMDADD:0.6956521739130435	RMDADDIC:0.4782608695652174	KGKYIARM:0.5217391304347826	GKYIARMD:0.5652173913043478	AKGKYIAR:0.391304347826087	YIARMDAD:0.6086956521739131	SVVLPAYN:0.21739130434782608	RMDADDIS:0.21739130434782608	MDADDICF:0.2608695652173913	DADDICFP:0.2608695652173913	
