cluster number:303
GT2:36	GT2:36
VNQRVADD:0.4166666666666667	RVADDVLF:0.3333333333333333	LGPQGIMV:0.3333333333333333	NYNNEPYL:0.2777777777777778	QRVADDVL:0.3333333333333333	LHFVNQRV:0.4166666666666667	YNNEPYLE:0.2777777777777778	LVILDADD:0.3888888888888889	NNEPYLEK:0.2777777777777778	HFVNQRVA:0.4166666666666667	YLVILDAD:0.3888888888888889	MISWLRAL:0.3333333333333333	ANYNNEPY:0.2777777777777778	NQRVADDV:0.4166666666666667	DFMISWLR:0.2777777777777778	ADDVLFFY:0.3333333333333333	FVNQRVAD:0.4166666666666667	VILDADDW:0.3888888888888889	FMISWLRA:0.3333333333333333	DISKERFL:0.2222222222222222	VADDVLFF:0.3333333333333333	IANYNNEP:0.2777777777777778	ILDADDWY:0.4166666666666667	NEPYLEKM:0.2777777777777778	FVDDCSTD:0.2222222222222222	LFVDDRST:0.2222222222222222	SWLRALSY:0.3333333333333333	GGAHGPRN:0.6388888888888888	TGGAHGPR:0.6388888888888888	VIIANYNN:0.4444444444444444	TYVNRDDD:0.2222222222222222	SVIIANYN:0.4444444444444444	SLVNQSIG:0.25	FIDQRVAD:0.2222222222222222	LPYDFYNW:0.2222222222222222	DFYNWLGP:0.2222222222222222	VDFTLRWD:0.2222222222222222	HFIDQRVA:0.2222222222222222	FYNWLGPQ:0.2222222222222222	HGPRNVGL:0.3611111111111111	LERMMNSL:0.2222222222222222	YDFYNWLG:0.2222222222222222	GAHGPRNV:0.6388888888888888	NWLGPQGN:0.2222222222222222	GPRNVGLL:0.2222222222222222	YVNRDDDN:0.2222222222222222	DQRVADDV:0.2222222222222222	TTYVNRDD:0.2222222222222222	NTGGAHGP:0.6388888888888888	LHFIDQRV:0.2222222222222222	PYLERMMN:0.2222222222222222	FVDDRSTD:0.2222222222222222	WLGPQGNM:0.2222222222222222	FITRRLEW:0.2222222222222222	DFTLRWDT:0.2222222222222222	NLHFIDQR:0.2222222222222222	ERMMNSLV:0.2222222222222222	ITTYVNRD:0.2222222222222222	YLERMMNS:0.2222222222222222	AHGPRNVG:0.6388888888888888	IDQRVADD:0.2222222222222222	NSLVNQSI:0.25	ENTGGAHG:0.4166666666666667	LVDFTLRW:0.2222222222222222	YNWLGPQG:0.2222222222222222	PYDFYNWL:0.2222222222222222	TTYLNRDA:0.25	LTTYLNRD:0.3888888888888889	SLSKSINR:0.2222222222222222	NNLHFVNQ:0.2222222222222222	FFYEAMRF:0.2222222222222222	HGPRNVGI:0.2777777777777778	LRALSYIN:0.2222222222222222	IANYNNAP:0.3055555555555556	SKSINRTF:0.2222222222222222	LSKSINRT:0.2222222222222222	YLNRDADN:0.25	FYEAMRFS:0.2222222222222222	FLDADDWY:0.3888888888888889	NYNNAPYL:0.3055555555555556	NLHFVNQR:0.2222222222222222	LARRLEWL:0.2222222222222222	TYLNRDAD:0.25	KSINRTFM:0.2222222222222222	YEAMRFSK:0.2222222222222222	VFLDADDW:0.3888888888888889	LDADDWYD:0.4722222222222222	ANYNNAPY:0.3055555555555556	WLRALSYI:0.2222222222222222	IIANYNNA:0.3055555555555556	QRVADDVT:0.25	RVADDVTF:0.25	KVSVIIAN:0.25	PKVSVIIA:0.25	VADDVTFF:0.3055555555555556	VSVIIANY:0.25	KNTGGAHG:0.2222222222222222	WLGPQGIM:0.25	DADDWYDE:0.2222222222222222	LFIDDKST:0.2222222222222222	LVFLDADD:0.2222222222222222	EWLGPQGI:0.2222222222222222	YEWLGPQG:0.2222222222222222	AFYEWLGP:0.2222222222222222	FYEWLGPQ:0.2222222222222222	FIDDKSTD:0.25	
