cluster number:1103
GT2:30	GT2:30|CE14:1
YNDVDLCF:0.26666666666666666	VTGACLMI:0.26666666666666666	TGACLMIE:0.26666666666666666	MSTMFTCH:0.23333333333333334	WLAVTGAC:0.36666666666666664	AYNDVDLC:0.3333333333333333	DFIYSDED:0.36666666666666664	VGAVGAKL:0.3333333333333333	KPDWSPDT:0.5666666666666667	FLNDDTEV:0.36666666666666664	PKVLYHWR:0.36666666666666664	VFLDHDDE:0.2	GACLMIER:0.26666666666666666	PIAYNDVD:0.23333333333333334	AVGAKLLY:0.4666666666666667	IAYNDVDL:0.23333333333333334	YNWLAVTG:0.3333333333333333	LEYNWLAV:0.26666666666666666	NWLAVTGA:0.36666666666666664	IYSDEDKI:0.26666666666666666	LDHDDELT:0.26666666666666666	HIPKVLYH:0.26666666666666666	IPKVLYHW:0.26666666666666666	AVTGACLM:0.5	EYNWLAVT:0.3	GAVGAKLL:0.5	PLISIIIP:0.2	LAVTGACL:0.36666666666666664	FIYSDEDK:0.36666666666666664	VGAKLLYP:0.5333333333333333	HVGAVGAK:0.3	PFFKPDWS:0.3	LFLNDDIE:0.2	FKPDWSPD:0.5666666666666667	FFKPDWSP:0.3	HFKPDWSP:0.26666666666666666	VLYHWRII:0.3	PHFKPDWS:0.26666666666666666	PFNFSELN:0.2	CLYELALC:0.2	DWSPDTMM:0.3333333333333333	PDWSPDTM:0.3333333333333333	LLFLNDDT:0.4666666666666667	LHPNGINF:0.2	SPDTMMST:0.3	FNFSELNN:0.2	HHESVSRG:0.26666666666666666	DCLYELAL:0.2	WSPDTMMS:0.3	PDTMMSTM:0.3	LYHWRIIP:0.3333333333333333	HIGAVGAK:0.2	NLHPNGIN:0.2	LFLNDDTE:0.4	IGAVGAKL:0.2	KVLYHWRI:0.3	ALERRGLK:0.2	QHAGVLNL:0.2	SIIIPTRD:0.3	IIIPTRDN:0.23333333333333334	PLVSIIIP:0.26666666666666666	LVSIIIPT:0.2	SIVVPVYN:0.2	GAKLLYPG:0.2	YSDEDKID:0.23333333333333334	
