cluster number:1072
GT2:36	GT2:36
FLDADDYY:0.3888888888888889	LDADDYYL:0.3888888888888889	IAFLDADD:0.6111111111111112	SVIIPVYN:0.75	AFLDADDY:0.5555555555555556	DKSPDNAL:0.25	EGVYGALG:0.2777777777777778	PNRFDAEK:0.3333333333333333	IPVYNAEK:0.4166666666666667	DDYFLPNR:0.2777777777777778	ALGVHYYS:0.2777777777777778	LSYYLDLY:0.3333333333333333	FLFRLSYY:0.3055555555555556	YYLDLYPG:0.3055555555555556	GVYGALGV:0.3055555555555556	PVYNAEKY:0.4166666666666667	DTEFLFRL:0.3055555555555556	LPNRFDAE:0.4166666666666667	EDKSPDNA:0.2777777777777778	FDAEKELF:0.2222222222222222	DYFLPNRF:0.2777777777777778	VEGVYGAL:0.2777777777777778	FRLSYYLD:0.3055555555555556	VYGALGVH:0.3055555555555556	VYNAEKYV:0.25	EFLFRLSY:0.3055555555555556	LFRLSYYL:0.3055555555555556	RFDAEKEL:0.2222222222222222	FLDADDYF:0.3055555555555556	YGALGVHY:0.3055555555555556	SRNLGIEK:0.25	LGVHYYSE:0.25	SGLYNINF:0.2222222222222222	NRFDAEKE:0.2777777777777778	YLDLYPGI:0.2222222222222222	ADDYFLPN:0.2777777777777778	GVHYYSEK:0.25	RLSYYLDL:0.3333333333333333	SYYLDLYP:0.3055555555555556	DADDYFLP:0.2777777777777778	TEFLFRLS:0.3055555555555556	LDADDYFL:0.3055555555555556	KLYQHPDK:0.25	VHYYSEKA:0.25	GALGVHYY:0.3055555555555556	IIPVYNAE:0.5	KISVIIPV:0.3888888888888889	VIIPVYNA:0.7222222222222222	ISVIIPVY:0.6666666666666666	DYYLPNRF:0.3611111111111111	DDYYLPNR:0.3611111111111111	ADDYYLPN:0.3333333333333333	DADDYYLP:0.3333333333333333	SFGLFSID:0.2222222222222222	ESALQFDE:0.2222222222222222	DFIAFLDA:0.3888888888888889	HYYSEKAK:0.2222222222222222	VESALQFD:0.25	AVESALQF:0.3055555555555556	FIAFLDAD:0.4166666666666667	SALQFDEV:0.2222222222222222	GDFIAFLD:0.3888888888888889	EKAKEQYY:0.2222222222222222	VKLYQHPD:0.2777777777777778	QAVESALQ:0.2777777777777778	LGSFGLFS:0.2222222222222222	PDNALQVC:0.2222222222222222	GSFGLFSI:0.2222222222222222	MLGSFGLF:0.2222222222222222	SPDNALQV:0.2222222222222222	TGDFIAFL:0.2222222222222222	YLPNRFDA:0.2777777777777778	YYLPNRFD:0.2777777777777778	MKISVIIP:0.25	
