cluster number:694
GT2:13	GT2:13
NNFLGGEY:0.3076923076923077	ARNEEKNL:0.3076923076923077	NWAIWNGY:0.3076923076923077	KPYEVIVV:0.38461538461538464	SVIIPARN:0.8461538461538461	NFLGGEYI:0.3076923076923077	ILLFLDAD:0.3076923076923077	DLHFGNLC:0.23076923076923078	DKVVEDLH:0.23076923076923078	YQRFEKFY:0.46153846153846156	PEGWVGKN:0.3076923076923077	IWNGYLES:0.3076923076923077	YGGLISCW:0.3076923076923077	GKNWAIWN:0.3076923076923077	PYQRFEKF:0.5384615384615384	EVIVVNDN:0.38461538461538464	VVNDNSED:0.38461538461538464	GNLCIKKG:0.23076923076923078	VSWKGRKI:0.23076923076923078	VIIPARNE:0.8461538461538461	WNGYLESR:0.3076923076923077	LGGEYIKF:0.3076923076923077	EFIEVMLS:0.3076923076923077	VEDLHFGN:0.23076923076923078	VNNFLGGE:0.3076923076923077	VIVVNDNS:0.38461538461538464	LLFLDADV:0.5384615384615384	PARNEEKN:0.38461538461538464	FLDADVEP:0.5384615384615384	EKFYEHLN:0.38461538461538464	WKGRKINV:0.3076923076923077	GLISCWPY:0.3076923076923077	KFRMYPKG:0.23076923076923078	SWKGRKIN:0.23076923076923078	WVGKNWAI:0.3076923076923077	AIWNGYLE:0.3076923076923077	PYEVIVVN:0.3076923076923077	YEVIVVND:0.38461538461538464	WPYQRFEK:0.6153846153846154	TYKPYEVI:0.3076923076923077	FLGGEYIK:0.3076923076923077	QRFEKFYE:0.46153846153846156	EGWVGKNW:0.3076923076923077	EDLHFGNL:0.23076923076923078	SCWPYQRF:0.3076923076923077	IPARNEEK:0.38461538461538464	CWPYQRFE:0.3076923076923077	ISCWPYQR:0.3076923076923077	WAIWNGYL:0.5384615384615384	KFYEHLNF:0.23076923076923078	FEKFYEHL:0.46153846153846156	PVNNFLGG:0.23076923076923078	NGYLESRG:0.3076923076923077	GGLISCWP:0.3076923076923077	PPEGWVGK:0.38461538461538464	GEYIKFRM:0.3076923076923077	LFLDADVE:0.5384615384615384	LHFGNLCI:0.23076923076923078	YIKFRMYP:0.38461538461538464	YKPYEVIV:0.3076923076923077	FGNLCIKK:0.23076923076923078	KQTYKPYE:0.23076923076923078	HFGNLCIK:0.23076923076923078	LISCWPYQ:0.3076923076923077	GGEYIKFR:0.3076923076923077	KKEGAFGP:0.3076923076923077	FRMYPKGL:0.38461538461538464	GWVGKNWA:0.3076923076923077	VSVIIPAR:0.23076923076923078	KNWAIWNG:0.3076923076923077	IVVNDNSE:0.38461538461538464	IKFRMYPK:0.23076923076923078	IIPARNEE:0.6923076923076923	VVEDLHFG:0.23076923076923078	EYIKFRMY:0.3076923076923077	VGKNWAIW:0.3076923076923077	QTYKPYEV:0.3076923076923077	RFEKFYEH:0.46153846153846156	KVVEDLHF:0.23076923076923078	SVLEDIKL:0.3076923076923077	SLYLTIFK:0.23076923076923078	DSVLEDIK:0.3076923076923077	LYLTIFKK:0.23076923076923078	IWNGYLNS:0.23076923076923078	IKDSVLED:0.23076923076923078	LFEGFSKN:0.23076923076923078	QLFEGFSK:0.23076923076923078	SWAIWNGY:0.3076923076923077	ASNNLGFP:0.23076923076923078	KSWAIWNG:0.38461538461538464	GKSWAIWN:0.38461538461538464	VLEDIKLG:0.38461538461538464	FSKNMSSG:0.23076923076923078	KDSVLEDI:0.23076923076923078	YLLFLDAD:0.23076923076923078	SKNMSSGA:0.23076923076923078	FEGFSKNM:0.23076923076923078	LDADVEPS:0.3076923076923077	EGFSKNMS:0.23076923076923078	GFSKNMSS:0.23076923076923078	AIWNGYLN:0.23076923076923078	YASNNLGF:0.23076923076923078	KNMSSGAI:0.23076923076923078	SVWPYQRF:0.3076923076923077	WNGYLNSS:0.23076923076923078	VWPYQRFE:0.38461538461538464	NGYLNSSG:0.23076923076923078	GYLNSSGE:0.23076923076923078	WKGRKIRV:0.23076923076923078	KISVIIPA:0.46153846153846156	ISVIIPAR:0.5384615384615384	EPPEGWVG:0.23076923076923078	NDNSEDDT:0.23076923076923078	EEPPEGWV:0.23076923076923078	LGDYKWYD:0.23076923076923078	VNDNSEDD:0.23076923076923078	GLISVWPY:0.23076923076923078	ISVWPYQR:0.23076923076923078	EDIKLGKL:0.23076923076923078	WVGKSWAI:0.23076923076923078	DIKLGKLY:0.3076923076923077	VGKSWAIW:0.23076923076923078	LEDIKLGK:0.23076923076923078	GDYKWYDA:0.23076923076923078	LISVWPYQ:0.23076923076923078	GWVGKSWA:0.23076923076923078	
