cluster number:2630
GT2:19	GT2:19
KGEALAFC:0.21052631578947367	ALAFCDAD:0.2631578947368421	ADDEVAPG:0.5263157894736842	AAMGEALS:0.47368421052631576	GNNIGIKR:0.21052631578947367	EAVGGFDE:0.3157894736842105	EALANQQW:0.3157894736842105	EALSKYDF:0.3157894736842105	VAAMGEAL:0.3684210526315789	GEALAFCD:0.2631578947368421	IIADNGST:0.21052631578947367	EVAPGWVA:0.2631578947368421	ALSKYDFV:0.3157894736842105	AMGEALSK:0.3157894736842105	VAKGEALA:0.21052631578947367	IADNGSTD:0.21052631578947367	AFCDADDE:0.47368421052631576	HARNVGAS:0.21052631578947367	LEALANQQ:0.3157894736842105	SKYDFVAG:0.2631578947368421	GWVAAMGE:0.3684210526315789	WVAAMGEA:0.3684210526315789	RNVGASVA:0.2631578947368421	DEVAPGWV:0.2631578947368421	GASVAKGE:0.21052631578947367	APGWVAAM:0.3157894736842105	DADDEVAP:0.5263157894736842	AKGEALAF:0.21052631578947367	CDADDEVA:0.47368421052631576	FCDADDEV:0.5263157894736842	PGWVAAMG:0.42105263157894735	EALAFCDA:0.2631578947368421	MGEALSKY:0.3157894736842105	HEAVGGFD:0.3157894736842105	GEALSKYD:0.3157894736842105	GGNNIGIK:0.21052631578947367	ARNVGASV:0.2631578947368421	QLEALANQ:0.3684210526315789	LAFCDADD:0.47368421052631576	LSKYDFVA:0.2631578947368421	DDEVAPGW:0.5263157894736842	VAPGWVAA:0.42105263157894735	WEVIVADN:0.3684210526315789	VADNGSSD:0.21052631578947367	AVGGFDET:0.21052631578947367	IVADNGSS:0.21052631578947367	VIVADNGS:0.3684210526315789	PWEVIVAD:0.3684210526315789	EVIVADNG:0.3684210526315789	YPPYLPHA:0.21052631578947367	APGWLAAM:0.21052631578947367	WLAAMGEA:0.21052631578947367	EVAPGWLA:0.2631578947368421	LAAMGEAL:0.21052631578947367	VAPGWLAA:0.2631578947368421	GWLAAMGE:0.21052631578947367	PGWLAAMG:0.21052631578947367	DEVAPGWL:0.2631578947368421	DNGSTDNT:0.21052631578947367	ADNGSTDN:0.21052631578947367	MKLSVIIP:0.21052631578947367	SVIIPCYN:0.21052631578947367	
