cluster number:369
GT2:17	GT2:17
EVIVVDDG:0.47058823529411764	LVPYVEVV:0.23529411764705882	LAALAAQT:0.5294117647058824	EALARWHH:0.23529411764705882	TLAALAAQ:0.47058823529411764	RRDLRKDR:0.29411764705882354	KDRGRRWL:0.29411764705882354	DRGRRWLV:0.29411764705882354	RWLVPYVE:0.23529411764705882	WLVPYVEV:0.23529411764705882	REHIEALA:0.23529411764705882	VIVVDDGS:0.47058823529411764	LTLAALAA:0.4117647058823529	LDLTLAAL:0.4117647058823529	RKDRGRRW:0.29411764705882354	MEVIVVDD:0.23529411764705882	LRKDRGRR:0.29411764705882354	RNPYHVCT:0.23529411764705882	ALAAQTYP:0.4117647058823529	PPLRLPEI:0.29411764705882354	IEALARWH:0.23529411764705882	RGRRWLVP:0.29411764705882354	HIEALARW:0.23529411764705882	HLMEVIVV:0.23529411764705882	DLRKDRGR:0.29411764705882354	PLRLPEIA:0.23529411764705882	RDLRKDRG:0.29411764705882354	YHVCTGPT:0.23529411764705882	EHIEALAR:0.23529411764705882	NPYHVCTG:0.23529411764705882	GRRWLVPY:0.23529411764705882	CREHIEAL:0.23529411764705882	RRWLVPYV:0.23529411764705882	AALAAQTY:0.4117647058823529	PYHVCTGP:0.23529411764705882	PLRRDLRK:0.29411764705882354	LRRDLRKD:0.29411764705882354	LRLPEIAP:0.23529411764705882	SRNPYHVC:0.23529411764705882	LMEVIVVD:0.23529411764705882	DLTLAALA:0.4117647058823529	KLDLTLAA:0.23529411764705882	SVVIPAHG:0.29411764705882354	VSVVIPAH:0.35294117647058826	YPAHLMEV:0.23529411764705882	SVSVVIPA:0.35294117647058826	AQTYPAHL:0.23529411764705882	LAAQTYPA:0.29411764705882354	LSVSVVIP:0.23529411764705882	AAQTYPAH:0.23529411764705882	RWHHLADY:0.29411764705882354	HHLADYLV:0.23529411764705882	WHHLADYL:0.23529411764705882	
