cluster number:1460
GT2:26	GT2:26|GT4:10
TRTDLGGM:0.23076923076923078	IFQDHHPF:0.23076923076923078	GCSSGRNL:0.4230769230769231	IRHQPHQT:0.46153846153846156	SSGRNLGV:0.3076923076923077	VDNASSDG:0.3076923076923077	RTDLGGMI:0.3076923076923077	RNANYFKE:0.2692307692307692	ENGCSSGR:0.23076923076923078	GIRHQPHQ:0.46153846153846156	AGWFDATR:0.23076923076923078	HQPHQTTG:0.3076923076923077	GGGGIFQD:0.23076923076923078	VVDNASSD:0.3076923076923077	CFEDTDLC:0.3076923076923077	FEDTDLCF:0.3076923076923077	DPTCFEDT:0.5384615384615384	VIVVDNAS:0.6153846153846154	GGGIFQDH:0.23076923076923078	VILIHNNA:0.3076923076923077	GWNAGWFD:0.23076923076923078	DTFYDPTC:0.2692307692307692	PTCFEDTD:0.5384615384615384	GIFQDHHP:0.23076923076923078	IGWNAGWF:0.23076923076923078	TCFEDTDL:0.34615384615384615	RHQPHQTT:0.5384615384615384	FFDSDQWF:0.38461538461538464	FYDPTCFE:0.3076923076923077	GFDTFYDP:0.2692307692307692	IVVDNASS:0.3076923076923077	NANYFKEK:0.2692307692307692	YDPTCFED:0.5384615384615384	EDTDLCFQ:0.3076923076923077	CSSGRNLG:0.4230769230769231	NAGWFDAT:0.23076923076923078	DLGGMIAD:0.23076923076923078	GGMIADYC:0.23076923076923078	NGCSSGRN:0.4230769230769231	QPHQTTGA:0.3076923076923077	GGIFQDHH:0.23076923076923078	YCPNRAMN:0.2692307692307692	ANYFKEKW:0.2692307692307692	EVIVVDNA:0.5384615384615384	DGGAELVE:0.23076923076923078	DYCPNRAM:0.2692307692307692	FDTFYDPT:0.2692307692307692	TDLGGMIA:0.23076923076923078	TFYDPTCF:0.2692307692307692	WNAGWFDA:0.23076923076923078	LGGMIADY:0.23076923076923078	AFFDSDQW:0.34615384615384615	QLARCALK:0.23076923076923078	ETSLGGDW:0.2692307692307692	DLTGIRHQ:0.2692307692307692	ALYFGSLY:0.23076923076923078	FDSDQWFT:0.23076923076923078	DWETSLGG:0.2692307692307692	NSWFSRLD:0.23076923076923078	YFGSLYGE:0.3076923076923077	LYFGSLYG:0.3076923076923077	GSLYGEWF:0.3076923076923077	ISDAVSPI:0.3076923076923077	SDAVSPIK:0.3076923076923077	RDLTGIRH:0.2692307692307692	IDDWETSL:0.2692307692307692	VFELIDDW:0.2692307692307692	WETSLGGD:0.2692307692307692	TSLGGDWF:0.2692307692307692	GGGQRAAQ:0.2692307692307692	LAFFDSDQ:0.23076923076923078	GGQRAAQL:0.2692307692307692	GKISDAVS:0.2692307692307692	LPNAANEY:0.23076923076923078	KISDAVSP:0.2692307692307692	VCYRDLTG:0.23076923076923078	YRDLTGIR:0.2692307692307692	TGIRHQPH:0.2692307692307692	YLAFFDSD:0.23076923076923078	CYRDLTGI:0.2692307692307692	AQLARCAL:0.23076923076923078	FGSLYGEW:0.3076923076923077	ELIDDWET:0.2692307692307692	FELIDDWE:0.2692307692307692	YLPNAANE:0.2692307692307692	VVGTAKLL:0.2692307692307692	LTGIRHQP:0.2692307692307692	DDWETSLG:0.2692307692307692	PGKISDAV:0.2692307692307692	NEYIFDKY:0.23076923076923078	LIDDWETS:0.2692307692307692	VDNASADG:0.23076923076923078	IVVDNASA:0.2692307692307692	VVDNASAD:0.2692307692307692	
