cluster number:2487
GT2:95	GT2:95
DYSSVAFE:0.5263157894736842	KNDEILIK:0.25263157894736843	YLYKENGG:0.30526315789473685	ASARNLGL:0.49473684210526314	FEMAVLKK:0.21052631578947367	SIINQRLD:0.3368421052631579	ADDNAEHL:0.6631578947368421	AFEMAVLK:0.21052631578947367	DDKNDEIL:0.2631578947368421	DNAEHLYR:0.631578947368421	AVYNVEKY:0.5052631578947369	ILVDDGST:0.21052631578947367	IDDKNDEI:0.2631578947368421	EMAVLKKP:0.2	NVEKYLDD:0.45263157894736844	INQRLDFK:0.35789473684210527	DGSTDNSA:0.47368421052631576	SSVAFEMA:0.42105263157894735	DKNDEILI:0.24210526315789474	TDPDDFLD:0.3894736842105263	MAVLKKPV:0.21052631578947367	SARNLGLK:0.5052631578947369	YKENGGQA:0.5157894736842106	LYKENGGQ:0.29473684210526313	HALNFKFK:0.3157894736842105	FIFLQHGV:0.22105263157894736	QKKYPKNI:0.3894736842105263	NGGQASAR:0.5368421052631579	KYQKKYPK:0.35789473684210527	SSLMITDY:0.3473684210526316	SVAFEMAV:0.25263157894736843	ITDYSSVA:0.6210526315789474	ENGGQASA:0.5368421052631579	YNVEKYLD:0.5157894736842106	SLMITDYS:0.35789473684210527	KKYQKKYP:0.35789473684210527	IINQRLDF:0.3368421052631579	GGQASARN:0.5368421052631579	VYNVEKYL:0.5052631578947369	VDDGSTDN:0.5052631578947369	GQASARNL:0.5263157894736842	WVTFTDPD:0.37894736842105264	AEHLYRYI:0.23157894736842105	YQKKYPKN:0.3894736842105263	WLNQRKID:0.24210526315789474	MITDYSSV:0.5368421052631579	NAEHLYRY:0.6105263157894737	VTFTDPDD:0.4	YSSVAFEM:0.49473684210526314	ARNLGLKY:0.4631578947368421	IIKKYQKK:0.35789473684210527	RADDNAEH:0.29473684210526313	SAVYNVEK:0.49473684210526314	LVDDGSTD:0.2631578947368421	DPDDFLDR:0.3894736842105263	PWVTFTDP:0.29473684210526313	DDNAEHLY:0.6631578947368421	DDGSTDNS:0.49473684210526314	KSIINQRL:0.24210526315789474	FTDPDDFL:0.4	VAFEMAVL:0.2	FKSIINQR:0.24210526315789474	IMPTWREY:0.2631578947368421	TDYSSVAF:0.631578947368421	KENGGQAS:0.5684210526315789	IKKYQKKY:0.35789473684210527	LMITDYSS:0.42105263157894735	TFTDPDDF:0.3894736842105263	QASARNLG:0.5263157894736842	WVTFIDPD:0.28421052631578947	QADDNAEH:0.23157894736842105	TEWVTFID:0.2631578947368421	TFIDPDDF:0.2631578947368421	AEHLYRYV:0.3473684210526316	VTFIDPDD:0.28421052631578947	EWVTFIDP:0.25263157894736843	LDDFFKSI:0.2	CVDDGSTD:0.30526315789473685	ILIMPTWR:0.30526315789473685	YLDDFFKS:0.22105263157894736	ICVDDGST:0.30526315789473685	KYPKNIIY:0.21052631578947367	KKYPKNII:0.21052631578947367	QILIMPTW:0.2	PDDFLDRD:0.22105263157894736	YPKNIIYL:0.21052631578947367	RNLGLKYL:0.23157894736842105	YFYRKRED:0.2	FYRKREDG:0.2	EKYLDDFF:0.29473684210526313	IVSAVYNV:0.30526315789473685	EHLYRYVM:0.25263157894736843	VEKYLDDF:0.29473684210526313	VSAVYNVE:0.3157894736842105	IQLSVASC:0.2	DNSANIIK:0.25263157894736843	DRDYFYEV:0.21052631578947367	DDFLDRDY:0.21052631578947367	LDRDYFYE:0.21052631578947367	FLKNARYF:0.2	ANIIKKYQ:0.25263157894736843	FFKSIINQ:0.21052631578947367	KNARYFYR:0.2	SANIIKKY:0.25263157894736843	RDYFYEVD:0.22105263157894736	DFFKSIIN:0.21052631578947367	NSANIIKK:0.25263157894736843	NIIKKYQK:0.25263157894736843	GLKYLKEN:0.22105263157894736	STDNSANI:0.25263157894736843	GSTDNSAN:0.25263157894736843	NARYFYRK:0.2	DFLDRDYF:0.21052631578947367	FLDRDYFY:0.21052631578947367	PVIYYQFD:0.2736842105263158	NFEDGKFI:0.23157894736842105	LKNARYFY:0.2	KYLDDFFK:0.21052631578947367	NLGLKYLK:0.22105263157894736	KPVIYYQF:0.2736842105263158	ARYFYRKR:0.2	TDNSANII:0.25263157894736843	LGLKYLKE:0.22105263157894736	
