cluster number:1199
GT2:13	GT2:13
GTLQLACR:0.38461538461538464	VRYCPVGT:0.23076923076923078	AGCKVLNP:0.23076923076923078	GYIVRYCP:0.23076923076923078	AGYIVRYC:0.23076923076923078	CPVGTIIH:0.23076923076923078	LNPDGTLQ:0.3076923076923077	HYKGESSK:0.23076923076923078	CKVLNPDG:0.23076923076923078	GCKVLNPD:0.23076923076923078	LQLACRRM:0.23076923076923078	YGEEMDWC:0.23076923076923078	DETFFMYG:0.23076923076923078	YCPVGTII:0.23076923076923078	IIHYKGES:0.3076923076923077	KGESSKQL:0.23076923076923078	TFFMYGEE:0.3076923076923077	IHYKGESS:0.23076923076923078	LDETFFMY:0.23076923076923078	DGTLQLAC:0.38461538461538464	TLQLACRR:0.38461538461538464	VGTIIHYK:0.23076923076923078	PVGTIIHY:0.23076923076923078	NPDGTLQL:0.3076923076923077	IVRYCPVG:0.23076923076923078	RYCPVGTI:0.23076923076923078	YKGESSKQ:0.23076923076923078	FFMYGEEM:0.23076923076923078	KVLNPDGT:0.23076923076923078	PDGTLQLA:0.3076923076923077	ETFFMYGE:0.23076923076923078	ATYEFYRA:0.23076923076923078	KATYEFYR:0.23076923076923078	YIVRYCPV:0.23076923076923078	VLNPDGTL:0.23076923076923078	TIIHYKGE:0.23076923076923078	KAGYIVRY:0.23076923076923078	GTIIHYKG:0.23076923076923078	FMYGEEMD:0.23076923076923078	MYGEEMDW:0.23076923076923078	TYEFYRAM:0.23076923076923078	IIVVDNNS:0.5384615384615384	LLNPDTII:0.23076923076923078	VVDNNSSD:0.3076923076923077	FEIIVVDN:0.5384615384615384	IVVDNNSS:0.3076923076923077	EIIVVDNN:0.5384615384615384	LLLNPDTI:0.3076923076923077	
