cluster number:2016
GT2:21	GT2:21
DDGSTDRT:0.38095238095238093	DGSTDRTA:0.38095238095238093	VDDGSTDR:0.38095238095238093	TQCGFKAF:0.42857142857142855	FGFDVEVL:0.23809523809523808	ADTQCGFK:0.42857142857142855	GSTDRTAE:0.3333333333333333	GFGFDVEV:0.23809523809523808	QCGFKAFR:0.42857142857142855	STDRTAEV:0.23809523809523808	DTQCGFKA:0.42857142857142855	AEVALGSR:0.23809523809523808	DLPLLLAA:0.23809523809523808	EVALGSRR:0.23809523809523808	LPLLLAAL:0.23809523809523808	EVIVVDDG:0.47619047619047616	AEVIVVDD:0.3333333333333333	VIVVDDGS:0.5714285714285714	VVDDGSTD:0.5238095238095238	IVVDDGST:0.42857142857142855	DDGSTDGT:0.2857142857142857	VDDGSTDG:0.2857142857142857	GYRIAEVP:0.23809523809523808	
