cluster number:1641
GT2:12	GT2:12
REGGISSS:0.25	YIIIDGGS:0.3333333333333333	GGISSSGL:0.25	IKFGLMLP:0.25	FGLMLPHP:0.25	IIDGGSTD:0.4166666666666667	EGLYDAMN:0.25	YRVAADFE:0.3333333333333333	KMREGGIS:0.3333333333333333	EYIIIDGG:0.3333333333333333	RVAADFEL:0.3333333333333333	SSGLLWRV:0.25	GLLWRVHQ:0.25	SGLLWRVH:0.25	GLMLPHPT:0.25	GISSSGLL:0.25	DEGLYDAM:0.25	KVSIITVC:0.3333333333333333	IITVCYNS:0.25	MLPHPTFY:0.25	LPHPTFYV:0.25	YDAMNKGI:0.5833333333333334	DGGSTDNT:0.25	ILNSDDFF:0.25	EGGISSSG:0.25	GLYDAMNK:0.5833333333333334	MKVSIITV:0.3333333333333333	GILNSDDF:0.25	KFGLMLPH:0.25	VSIITVCY:0.25	ISSSGLLW:0.25	LLWRVHQN:0.25	LYDAMNKG:0.6666666666666666	IIIDGGST:0.3333333333333333	MREGGISS:0.25	VGILNSDD:0.3333333333333333	IEYIIIDG:0.3333333333333333	SSSGLLWR:0.25	LMLPHPTF:0.25	SIITVCYN:0.25	VKMREGGI:0.3333333333333333	NGLYDAMN:0.25	EKDNGLYD:0.25	KDNGLYDA:0.25	DNGLYDAM:0.25	SEKDNGLY:0.25	MATGDVIG:0.25	ATGDVIGI:0.25	
