cluster number:1035
GT2:15	GT2:15
YKLQKQVD:0.6	DYWTDPYK:0.6	DDYWTDPY:0.6	EGDDYWTD:0.6	TDPYKLQK:0.6	GDDYWTDP:0.6666666666666666	WTDPYKLQ:0.6	KLQKQVDF:0.4	DPYKLQKQ:0.6	PYKLQKQV:0.5333333333333333	CEGDDYWT:0.6	YWTDPYKL:0.6	LQKQVDFL:0.4	QKQVDFLE:0.4666666666666667	PFYLNAVV:0.26666666666666666	VCTSYNHG:0.26666666666666666	MTVHAADR:0.26666666666666666	AVVGDYPL:0.26666666666666666	ELFNHNRA:0.26666666666666666	YDDASTDH:0.26666666666666666	CTSYNHGD:0.26666666666666666	QVDYMEAH:0.26666666666666666	LNAVVGDY:0.26666666666666666	SIVCTSYN:0.26666666666666666	VCEGDDYW:0.3333333333333333	RVELFNHN:0.26666666666666666	YNHGDYLA:0.26666666666666666	GVRVELFN:0.26666666666666666	SYNHGDYL:0.26666666666666666	AVCEGDDY:0.3333333333333333	ILAALHGT:0.26666666666666666	SDKKKVLS:0.26666666666666666	DSFLMQKT:0.2	ADAIDSFL:0.2	YLNAVVGD:0.26666666666666666	VELFNHNR:0.26666666666666666	NHGDYLAD:0.2	YIAVCEGD:0.4	ATNSMVYS:0.26666666666666666	CSMTVHAA:0.26666666666666666	GDYLADAI:0.2	DKKKVLST:0.26666666666666666	VSIVCTSY:0.26666666666666666	IAVCEGDD:0.4	KKVLSTVR:0.26666666666666666	VRVELFNH:0.26666666666666666	TNSMVYSK:0.26666666666666666	KKKVLSTV:0.26666666666666666	LADAIDSF:0.2	LAALHGTV:0.26666666666666666	TSYNHGDY:0.26666666666666666	AIDSFLMQ:0.4	SMTVHAAD:0.26666666666666666	QKQVDYME:0.3333333333333333	TVHAADRV:0.26666666666666666	IVCTSYNH:0.26666666666666666	VDYMEAHP:0.26666666666666666	KGKYIAVC:0.2	HGDYLADA:0.2	DAIDSFLM:0.2	IDSFLMQK:0.2	SMVYSKEK:0.2	RAKGKYIA:0.2	NAVVGDYP:0.26666666666666666	KLQKQVDY:0.3333333333333333	GKYIAVCE:0.4	FYLNAVVG:0.26666666666666666	NSMVYSKE:0.2	AKGKYIAV:0.2	YLADAIDS:0.2	KYIAVCEG:0.4	DYLADAID:0.2	LQKQVDYM:0.3333333333333333	KVLSTVRP:0.26666666666666666	KQVDYMEA:0.26666666666666666	LHGTVDYL:0.2	DLIATNSM:0.2	IATNSMVY:0.2	LAPFYLNA:0.2	LEMKRYFP:0.2	SWTERELA:0.2	EAIDSFLM:0.2	QYSKGVRV:0.2	HGTVDYLD:0.2	YSKGVRVE:0.2	RVLSDKKK:0.2	DRVLSDKK:0.2	GVKGSWTE:0.2	SKGVRVEL:0.2	VHAADRVL:0.2	VDYLDDNM:0.2	HAADRVLS:0.2	AADRVLSD:0.2	LSDKKKVL:0.2	VLSDKKKV:0.2	KGSWTERE:0.2	AALHGTVD:0.2	YRVGVKGS:0.2	GDLIATNS:0.2	WTERELAT:0.2	DASTDHSP:0.2	NQYSKGVR:0.2	TVDYLDDN:0.2	LIATNSMV:0.2	GTVDYLDD:0.2	KGVRVELF:0.2	GSWTEREL:0.2	TERELATS:0.2	VKGSWTER:0.2	DDASTDHS:0.2	ADRVLSDK:0.2	APFYLNAV:0.2	VGVKGSWT:0.2	ALHGTVDY:0.2	RVGVKGSW:0.2	QTENQYSK:0.2	DSFLMQET:0.2	IDSFLMQE:0.2	ILIYDDAS:0.2	EILIYDDA:0.2	
