cluster number:7
CBM57:23	CBM57:23|GH2:22
SADFTFFG:0.30434782608695654	NLYQGWYG:0.30434782608695654	LKEMGGNF:0.34782608695652173	LSADFTFF:0.2608695652173913	GWNLYQGW:0.43478260869565216	EKGFFLNG:0.21739130434782608	VIWAYMNE:0.2608695652173913	TFFGGIYR:0.5652173913043478	FFGGIYRD:0.34782608695652173	WNLYQGWY:0.43478260869565216	FTFFGGIY:0.5652173913043478	IWAYMNEV:0.21739130434782608	EMGGNFLR:0.34782608695652173	LYQGWYGG:0.30434782608695654	GSWGYVGG:0.21739130434782608	KEMGGNFL:0.34782608695652173	FGGIYRDV:0.391304347826087	LLKEMGGN:0.34782608695652173	RISHYPQD:0.21739130434782608	PPLSADFT:0.2608695652173913	DFTFFGGI:0.5652173913043478	PLSADFTF:0.30434782608695654	ADFTFFGG:0.5217391304347826	PHINNKGL:0.21739130434782608	INNKGLLT:0.21739130434782608	EACDRLGI:0.21739130434782608	MGGNFLRV:0.391304347826087	HINNKGLL:0.21739130434782608	RQNYNHPS:0.21739130434782608	ACDRLGIL:0.2608695652173913	LRVAHYPQ:0.30434782608695654	NFLRVAHY:0.2608695652173913	GGNFLRVA:0.2608695652173913	YYRGTGWY:0.21739130434782608	VAHYPQDP:0.2608695652173913	KGFFLNGK:0.30434782608695654	GNFLRVAH:0.2608695652173913	FLRVAHYP:0.2608695652173913	RVAHYPQD:0.2608695652173913	FLRIAHYP:0.21739130434782608	LRIAHYPQ:0.21739130434782608	RIAHYPQD:0.21739130434782608	NFLRIAHY:0.21739130434782608	YNHPSVVI:0.21739130434782608	NHPSVVIW:0.21739130434782608	LGILASVE:0.21739130434782608	SEYGAGSD:0.21739130434782608	
