cluster number:2
CBM57:64	CBM57:64|GH43:1
VKLHFAEI:0.28125	RIFDVYIQ:0.21875	TVKLHFAE:0.28125	SLTYYGFC:0.234375	YTVKLHFA:0.28125	EIGMISAL:0.265625	ANKIGEGG:0.34375	MISALQHP:0.28125	LLVYEYME:0.40625	VYEYMENN:0.40625	KQGNREFV:0.21875	QLLLVYEY:0.484375	IGMISALQ:0.25	YMENNSLA:0.390625	FVNEIGMI:0.21875	SKQGNREF:0.375	LVYEYMEN:0.40625	REFVNEIG:0.21875	NEIGMISA:0.25	GMISALQH:0.265625	DLSYNNFT:0.3125	YGPLISAI:0.53125	SLGRRIFD:0.34375	NKIGEGGF:0.5625	GNREFVNE:0.25	LLLVYEYM:0.40625	EYMENNSL:0.40625	LGRRIFDV:0.203125	YEYMENNS:0.40625	EFVNEIGM:0.21875	KIGEGGFG:0.59375	QGNREFVN:0.25	KSKQGNRE:0.328125	VNEIGMIS:0.21875	NREFVNEI:0.21875	VIAVKQLS:0.203125	SSKSKQGN:0.296875	GPLISAIS:0.375	VKQLSSKS:0.46875	IAVKQLSS:0.484375	AVKQLSSK:0.46875	PLISAISV:0.328125	KQLSSKSK:0.28125	QLSSKSKQ:0.28125	LSSKSKQG:0.328125	IGYMAPEY:0.234375	KADVYSFG:0.484375	ICVGIARG:0.234375	GTIIAVKQ:0.21875	ADVYSFGV:0.34375	GYMAPEYA:0.546875	IIAVKQLS:0.21875	VKLYGCCV:0.203125	GEGGFGSV:0.203125	VYSFGVVA:0.28125	KISDFGLA:0.578125	LVKLYGCC:0.3125	GTIGYMAP:0.234375	KLYGCCVE:0.203125	DGTIIAVK:0.21875	TIIAVKQL:0.21875	YWAGKGTT:0.21875	DVYSFGVV:0.34375	LDLSFNKL:0.234375	CVGIARGL:0.234375	AGTIGYMA:0.234375	TIGYMAPE:0.234375	PKISDFGL:0.34375	VHRDIKAT:0.28125	IVHRDIKA:0.328125	KATNVLLD:0.28125	LNPKISDF:0.28125	KIVHRDIK:0.34375	GFGPVYKG:0.296875	EESRLKIV:0.203125	SRLKIVHR:0.21875	DIKATNVL:0.28125	GGFGPVYK:0.328125	EGGFGPVY:0.328125	RDIKATNV:0.28125	LHEESRLK:0.28125	RLKIVHRD:0.21875	IKATNVLL:0.28125	LKIVHRDI:0.265625	NPKISDFG:0.28125	HEESRLKI:0.203125	VDLSYNNF:0.203125	HRDIKATN:0.28125	LQHPNLVK:0.234375	LAFLHEES:0.3125	AFLHEESR:0.21875	QHPNLVKL:0.25	ESRLKIVH:0.21875	IGEGGFGP:0.40625	GEGGFGPV:0.40625	GLAFLHEE:0.3125	ISDFGLAK:0.46875	GYLTDKAD:0.28125	ATNVLLDK:0.234375	FGVVALEI:0.234375	VYGPLISA:0.34375	SFGVVALE:0.265625	DFGLAKLD:0.34375	TDKADVYS:0.328125	YLTDKADV:0.28125	GVVALEIV:0.25	YMAPEYAM:0.390625	HISTRIAG:0.21875	VGIARGLA:0.21875	DKADVYSF:0.3125	ISTRIAGT:0.21875	THISTRIA:0.21875	YSFGVVAL:0.265625	LTDKADVY:0.296875	SKSKQGNR:0.28125	SDFGLAKL:0.5	SPLSLTYY:0.21875	ALEIVSGK:0.28125	VALEIVSG:0.359375	EYAMRGYL:0.25	PEYAMRGY:0.25	MAPEYAMR:0.265625	YAMRGYLT:0.25	GVYGPLIS:0.234375	APEYAMRG:0.265625	NQLLLVYE:0.328125	SLARALFG:0.203125	ENNSLARA:0.28125	GLAKLDEE:0.234375	FGLAKLDE:0.234375	NSLARALF:0.21875	MENNSLAR:0.25	NNSLARAL:0.28125	GNQLLLVY:0.25	EGNQLLLV:0.25	DVYSFGIV:0.203125	
