cluster number:5
CBM57:12	CBM57:12
SAHDEIVY:0.25	CEVYFDAP:0.25	RTERYHTT:0.25	INAFALLK:0.25	DYALIMKF:0.25	KVFDVLLN:0.3333333333333333	FIAIGAFI:0.25	RGSAHDEI:0.25	RYHTTTFG:0.25	RLDFIKGA:0.25	KGALDNPK:0.25	FIPLLFCL:0.4166666666666667	FCEVYFDA:0.25	DEVLYRTE:0.3333333333333333	VFIAIGAF:0.25	VFDVLLNR:0.25	GRGSAHDE:0.25	IGAFIPLL:0.3333333333333333	EVLYRTER:0.3333333333333333	AFIPLLFC:0.3333333333333333	ASDYGKHL:0.25	GIASDYGK:0.3333333333333333	MKFCEVYF:0.3333333333333333	IAIGAFIP:0.25	IPLLFCLC:0.4166666666666667	GAFIPLLF:0.3333333333333333	GALDNPKI:0.25	YGKHLLMI:0.25	DGDYALIM:0.25	DGDGDYAL:0.25	VLYRTERY:0.3333333333333333	TERYHTTT:0.25	GDYALIMK:0.25	LIMKFCEV:0.25	KHLLMIGR:0.25	GDGDYALI:0.25	YHTTTFGY:0.25	HTTTFGYD:0.25	VGRGSAHD:0.25	DNPKINAF:0.5	KINAFALL:0.25	SDYGKHLL:0.25	DYGKHLLM:0.25	GKHLLMIG:0.25	HDEIVYFK:0.25	LYRTERYH:0.3333333333333333	LRLDFIKG:0.25	KFCEVYFD:0.3333333333333333	DEIVYFKI:0.25	PYSMDDSS:0.25	YALIMKFC:0.25	DFIKGALD:0.25	VGIASDYG:0.3333333333333333	PVFIAIGA:0.25	YSMDDSSI:0.25	IASDYGKH:0.25	NPKINAFA:0.3333333333333333	LDFIKGAL:0.25	LDNPKINA:0.25	AIGAFIPL:0.3333333333333333	HLLMIGRV:0.25	ALDNPKIN:0.25	YRTERYHT:0.3333333333333333	IKGALDNP:0.25	LLFCLCKL:0.4166666666666667	ALIMKFCE:0.25	AHDEIVYF:0.25	IMKFCEVY:0.25	FIKGALDN:0.25	PLLFCLCK:0.4166666666666667	NAFALLKG:0.25	ERYHTTTF:0.25	GSAHDEIV:0.25	PKINAFAL:0.3333333333333333	SMDDSSIL:0.25	VLKFSEVY:0.25	DQILYQTE:0.25	RYHTATFG:0.25	GRGVAHDE:0.3333333333333333	LKFSEVYF:0.3333333333333333	TERYHTAT:0.25	QTERYHTA:0.25	YQTERYHT:0.3333333333333333	NVGRGVAH:0.25	QILYQTER:0.25	ILYQTERY:0.5833333333333334	KVFDVVLN:0.5	ERYHTATF:0.25	HDQILYQT:0.25	YHTATFGY:0.25	VFDVVLNG:0.3333333333333333	LYQTERYH:0.3333333333333333	VGRGVAHD:0.3333333333333333	IKVEFIKG:0.25	LKFCEVYF:0.25	EADPLNVG:0.25	YEADPLNV:0.25	
