cluster number:161
GH0:12	GH0:12|CBM50:9
WYGPGFHG:0.3333333333333333	YGPGFHGR:0.3333333333333333	VVQPGDTL:0.25	VRINDRGP:0.5	RINDRGPF:0.4166666666666667	HGRRTASG:0.4166666666666667	FHGRRTAS:0.4166666666666667	PFGTRVRV:0.4166666666666667	IIDLSYAA:0.3333333333333333	IDLSYAAA:0.3333333333333333	VVRINDRG:0.5833333333333334	VVVRINDR:0.5833333333333334	SLPFGTRV:0.25	FGTRVRVT:0.5	GRRTASGE:0.4166666666666667	LPFGTRVR:0.4166666666666667	SVVVRIND:0.5833333333333334	GTRVRVTN:0.3333333333333333	VWYGPGFH:0.25	RYIIDLSY:0.25	YIIDLSYA:0.25	GGRYIIDL:0.25	RVRVTNLK:0.25	GPFGGRYI:0.25	VRVTNLKN:0.25	PGFHGRRT:0.25	DMHALTAA:0.25	AVWYGPGF:0.25	RVTNLKNG:0.25	HALTAAHP:0.25	PFGGRYII:0.25	TRVRVTNL:0.25	DRGPFGGR:0.25	MHALTAAH:0.25	ALSATRVR:0.25	SATRVRVE:0.25	GALSATRV:0.25	NDRGPFGG:0.25	YDMHALTA:0.25	INDRGPFG:0.3333333333333333	GRYIIDLS:0.25	FGGRYIID:0.25	RGPFGGRY:0.25	IGALSATR:0.25	GFHGRRTA:0.25	LSATRVRV:0.25	LAVWYGPG:0.25	GPGFHGRR:0.25	GLAVWYGP:0.25	KSVVVRIN:0.25	
