cluster number:139
GH0:12	GH0:12
FDYPIITF:0.3333333333333333	INNNRFLD:0.4166666666666667	NNNRFLDT:0.3333333333333333	SITISDTS:0.3333333333333333	KLVKGSAI:0.3333333333333333	IECTNANN:0.3333333333333333	SDTSLTGF:0.3333333333333333	DYPIITFT:0.25	GGKIECTN:0.3333333333333333	LDINNNRF:0.5	PIITFTNL:0.25	KNLKLVKG:0.4166666666666667	DINNNRFL:0.5833333333333334	TSLTGFSG:0.3333333333333333	LKLVKGSA:0.75	LVKGSAIV:0.3333333333333333	TISDTSLT:0.25	KIECTNAN:0.3333333333333333	KIIGGALE:0.3333333333333333	GKIECTNA:0.3333333333333333	YPIITFTN:0.25	ISEFDYPI:0.3333333333333333	ITISDTSL:0.3333333333333333	LKIIGGAL:0.3333333333333333	ISDTSLTG:0.5	GGALEIVG:0.25	EFDYPIIT:0.3333333333333333	ECTNANNE:0.3333333333333333	ILPILSNV:0.3333333333333333	NLKLVKGS:0.4166666666666667	TSRTKEDG:0.3333333333333333	NNRFLDTI:0.3333333333333333	RGGKIECT:0.3333333333333333	DTSLTGFS:0.3333333333333333	SLTGFSGF:0.3333333333333333	LTSLALIS:0.3333333333333333	IGGALEIV:0.25	SEFDYPII:0.3333333333333333	IIGGALEI:0.3333333333333333	ELTSLALI:0.3333333333333333	VKGSAKIK:0.25	SSVIRGGK:0.25	KLVKGSAK:0.25	ENLDINNN:0.3333333333333333	SAKIKSSD:0.25	KGSAKIKS:0.25	PNLVRIEA:0.25	WKVLPILN:0.25	LKSIGGTL:0.25	GGLMVVNN:0.25	DWKVLPIL:0.25	GGGLMVVN:0.25	LVKGSAKI:0.25	IRGGKIEC:0.25	GSAKIKSS:0.25	VIRGGKIE:0.25	NLDINNNR:0.3333333333333333	KSIGGTLS:0.25	SVIRGGKI:0.25	IIISDTSL:0.3333333333333333	IISDTSLT:0.3333333333333333	LKNLKLVK:0.25	ELVGNIKE:0.25	KLSIVGGA:0.25	PKLSIVGG:0.25	LPKLSIVG:0.25	FLPKLSIV:0.25	
