cluster number:180
GH0:19	GH0:19|CBM35:3
LDSFWDNM:0.42105263157894735	IDADHVVF:0.21052631578947367	MQAYRKGM:0.21052631578947367	TGMQAYRK:0.21052631578947367	YVHMRRIA:0.2631578947368421	VPFDNDMW:0.21052631578947367	GMQAYRKG:0.21052631578947367	MRRIACDA:0.631578947368421	LVYAAISP:0.631578947368421	DLDSFWDN:0.47368421052631576	TVTTGMQA:0.21052631578947367	GFKPGIYW:0.21052631578947367	KMLVYAAI:0.21052631578947367	HMRRIACD:0.631578947368421	IDLDSFWD:0.42105263157894735	YIDADHVV:0.21052631578947367	VTTGMQAY:0.3684210526315789	VHMRRIAC:0.2631578947368421	QAYRKGME:0.21052631578947367	VYAAISPN:0.3157894736842105	TTGMQAYR:0.2631578947368421	FIDLDSFW:0.2631578947368421	DSFWDNMV:0.21052631578947367	RRIACDAF:0.42105263157894735	MLVYAAIS:0.631578947368421	DLDSYWDN:0.2631578947368421	DPTHPGTQ:0.2631578947368421	LFVPFDND:0.42105263157894735	LKPGIYWA:0.21052631578947367	GLKPGIYW:0.21052631578947367	FDNDTFIS:0.47368421052631576	LDSYWDNL:0.21052631578947367	IYWAPFVD:0.21052631578947367	DGARALDP:0.2631578947368421	KPGIYWAP:0.2631578947368421	PFDNDTFI:0.5789473684210527	FVPFDNDT:0.3684210526315789	ESDHFYDP:0.21052631578947367	KIDFLGHA:0.3684210526315789	DNDTFISY:0.47368421052631576	WNSWGVMQ:0.21052631578947367	EMIKIDFL:0.3157894736842105	GARALDPT:0.2631578947368421	ALDPTHPG:0.5789473684210527	TPVGWNSW:0.47368421052631576	WAPFVDWG:0.21052631578947367	IDFLGHAA:0.3684210526315789	YDYIDADH:0.2631578947368421	YWAPFVDW:0.21052631578947367	FEMIKIDF:0.21052631578947367	GWNSWGVM:0.21052631578947367	AAISPSLA:0.3157894736842105	VGWNSWGV:0.47368421052631576	MIKIDFLG:0.47368421052631576	YAAISPSL:0.3157894736842105	VYAAISPS:0.21052631578947367	VPFDNDTF:0.42105263157894735	PGIYWAPF:0.3157894736842105	PVGWNSWG:0.47368421052631576	IDLDSYWD:0.21052631578947367	IKIDFLGH:0.47368421052631576	ARALDPTH:0.2631578947368421	RALDPTHP:0.47368421052631576	GFEMIKID:0.21052631578947367	GIYWAPFV:0.21052631578947367	LDPTHPGT:0.5789473684210527	LIYAAISP:0.2631578947368421	DGGRALDP:0.21052631578947367	AISPSLAT:0.2631578947368421	IYAAISPS:0.21052631578947367	GGRALDPT:0.21052631578947367	RRIACDAW:0.2631578947368421	ATPVGWNS:0.21052631578947367	LDGGRALD:0.21052631578947367	VYWAPFTD:0.3684210526315789	WAPFTDWG:0.5789473684210527	IACDAWKT:0.21052631578947367	IDADHLVF:0.2631578947368421	RIACDAWK:0.2631578947368421	GRALDPTH:0.21052631578947367	YWAPFTDW:0.5789473684210527	MLIYAAIS:0.2631578947368421	ACDAWKTI:0.21052631578947367	GVYWAPFT:0.3684210526315789	AHMRRIAC:0.3157894736842105	PGVYWAPF:0.3684210526315789	WNSWGVIQ:0.2631578947368421	GWNSWGVI:0.3157894736842105	IKIDFLAH:0.21052631578947367	NSVNYGWW:0.21052631578947367	MIKIDFLA:0.21052631578947367	AFRPVEGN:0.2631578947368421	YTLNSVNY:0.21052631578947367	KMIKIDFL:0.5263157894736842	FKMIKIDF:0.5263157894736842	YAHMRRIA:0.21052631578947367	RPVEGNTG:0.21052631578947367	LNSVNYGW:0.21052631578947367	APFTDWGF:0.21052631578947367	GFKMIKID:0.5263157894736842	CGFKMIKI:0.42105263157894735	FRPVEGNT:0.21052631578947367	SMLVYAAI:0.21052631578947367	TLNSVNYG:0.21052631578947367	RAIDPTHP:0.21052631578947367	LITGDDYS:0.21052631578947367	DYSKLKEF:0.21052631578947367	GDYSKLKE:0.21052631578947367	KLKEFADY:0.3157894736842105	YSKLKEFA:0.21052631578947367	NDTFISYN:0.2631578947368421	SKLKEFAD:0.3157894736842105	AISPNLAT:0.21052631578947367	AAISPNLA:0.21052631578947367	DPTHPGTK:0.21052631578947367	LKEFADYC:0.21052631578947367	KEFADYCK:0.21052631578947367	QMLVYAAI:0.21052631578947367	
