cluster number:142
GH0:35	GH0:35
LVSGFCFR:0.2	KHVFCEKP:0.42857142857142855	CGGRGTGA:0.5428571428571428	VAVDAPGV:0.2571428571428571	VFCEKPVA:0.34285714285714286	PVAVDAPG:0.4	VGLIGCGG:0.4	TTPPAFRP:0.2	VDVVLLTT:0.2	FCEKPVAV:0.5142857142857142	DVVLLTTP:0.2	IDSGVDVV:0.2571428571428571	AGKHVFCE:0.2857142857142857	DSGVDVVL:0.3142857142857143	GKHVFCEK:0.3142857142857143	EKPVAVDA:0.45714285714285713	GCGGRGTG:0.5428571428571428	GTGAAAQA:0.2	SGVDVVLL:0.34285714285714286	GLIGCGGR:0.45714285714285713	IGCGGRGT:0.4	KPVAVDAP:0.4	LTTPPAFR:0.2	GTGGRQVR:0.22857142857142856	KVGLIGCG:0.42857142857142855	GRGTGAAA:0.22857142857142856	LIGCGGRG:0.5428571428571428	HVFCEKPV:0.37142857142857144	GGRGTGAA:0.6	RGTGAAAQ:0.2	VVLLTTPP:0.2	VSGFCFRY:0.22857142857142856	TGAAAQAL:0.2	YYNWLSGD:0.22857142857142856	CEKPVAVD:0.5428571428571428	LKVGLIGC:0.34285714285714286	YGNIYDHF:0.22857142857142856	LSGDFIVE:0.2	GNIYDHFA:0.2	WLSGDFIV:0.2	TLKVGLIG:0.2	LVGCGGRG:0.22857142857142856	GLVGCGGR:0.22857142857142856	GVDVVLLA:0.2	DVVLLATP:0.2	VVLLATPP:0.2	VGLVGCGG:0.2	VDVVLLAT:0.2	KVGLVGCG:0.2	GRMAAYTG:0.2	AVDAPGVR:0.22857142857142856	GKHIFCEK:0.22857142857142856	KHIFCEKP:0.22857142857142856	
