cluster number:227
GH0:208	GH0:208
HLLWSGIV:0.5192307692307693	PVPYPTAC:0.20192307692307693	FSGWGVRT:0.4567307692307692	GHLLWSGI:0.5240384615384616	LFSGWGVR:0.33653846153846156	SGWGVRTL:0.4326923076923077	HNGSVWPH:0.39903846153846156	SYHNGSVW:0.39903846153846156	YHNGSVWP:0.39903846153846156	SVWPHDTA:0.22115384615384615	NGSVWPHD:0.39903846153846156	GSVWPHDT:0.22596153846153846	EEPGKILH:0.3317307692307692	DEEPGKIL:0.25961538461538464	EPGKILHE:0.34134615384615385	NIGHLLWS:0.3125	AWGLRRYG:0.21634615384615385	GWGVRTLA:0.40384615384615385	TCELQGYA:0.2548076923076923	IGHLLWSG:0.3125	ELQGYAYD:0.2644230769230769	RATCELQG:0.24519230769230768	DEYERWTG:0.22596153846153846	LQGYAYDA:0.2644230769230769	LDIPGRWG:0.3317307692307692	ATCELQGY:0.25961538461538464	SSNIGHLL:0.22596153846153846	QGYAYDAK:0.38461538461538464	LSSNIGHL:0.23076923076923078	PRATCELQ:0.24519230769230768	DIPGRWGR:0.23557692307692307	CELQGYAY:0.25961538461538464	LLDEYERW:0.34615384615384615	SNIGHLLW:0.3125	LLDIPGRW:0.23076923076923078	LLWSGIVD:0.27403846153846156	LDEYERWT:0.20673076923076922	LINQGWKD:0.20192307692307693	INQGWKDS:0.20192307692307693	GLINQGWK:0.20192307692307693	AGLPWFMT:0.2403846153846154	FMTLFGRD:0.3076923076923077	FEEQPHSP:0.23076923076923078	MTLFGRDS:0.3269230769230769	NQCWKDSW:0.24519230769230768	EQPHSPYY:0.21153846153846154	QCWKDSWD:0.24519230769230768	AAGLPWFM:0.2980769230769231	TLFGRDSL:0.24519230769230768	PAAGLPWF:0.23076923076923078	FGRDSLLT:0.23076923076923078	QPHSPYYG:0.21634615384615385	WFMTLFGR:0.3076923076923077	PWFMTLFG:0.3076923076923077	EEQPHSPY:0.23076923076923078	LFGRDSLL:0.25	EYERWTGD:0.22115384615384615	PTACSPQA:0.44711538461538464	PIALCEVQ:0.2548076923076923	CSPQAWAA:0.20673076923076922	GSVDATPL:0.20192307692307693	LPELFCGF:0.2932692307692308	YYGSVDAT:0.20673076923076922	NQGWKDSW:0.20192307692307693	YGSVDATP:0.20673076923076922	YGDRDGDG:0.22596153846153846	SVDATPLF:0.20192307692307693	DGDGFVEY:0.23076923076923078	YPTACSPQ:0.4423076923076923	AAGAPWFM:0.2980769230769231	GRLPELFC:0.24519230769230768	TACSPQAW:0.44711538461538464	WKDSWDGI:0.20192307692307693	RLPELFCG:0.28365384615384615	VAAGAPWF:0.2644230769230769	ACSPQAWS:0.2548076923076923	VDATPLFV:0.2403846153846154	
