cluster number:9
GH0:38	GH0:38
AFVPDPRP:0.5789473684210527	LNAYQLAT:0.2894736842105263	FDTAGAEL:0.23684210526315788	DYGADGVP:0.2894736842105263	QWNGLARR:0.47368421052631576	FVPDPRPN:0.21052631578947367	GGQCGTAG:0.21052631578947367	EPEPSLCT:0.21052631578947367	FGPMDAVF:0.2894736842105263	GEPEPSLC:0.21052631578947367	HDYGADGV:0.2894736842105263	PGDQWNGL:0.5	LPGDQWNG:0.5	GALLWAFV:0.6052631578947368	QPWWPTGL:0.23684210526315788	NAYQLATD:0.3684210526315789	PWWPTGLN:0.3157894736842105	GVPLPGDQ:0.23684210526315788	PTGLNAYQ:0.3157894736842105	GQKAAGTA:0.21052631578947367	YQLATDWS:0.34210526315789475	ELVGEPEP:0.21052631578947367	VAAWELVG:0.21052631578947367	ALLWAFVP:0.6052631578947368	FNAFQALA:0.42105263157894735	AAWELVGE:0.5	TRFNAFQA:0.42105263157894735	GDQWNGLA:0.47368421052631576	DGVPLPGD:0.2894736842105263	LWAFVPDP:0.7105263157894737	QLATDWSV:0.3157894736842105	GQPWWPTG:0.42105263157894735	AGTAGALL:0.3684210526315789	FFDTAGAE:0.23684210526315788	AAGTAGAL:0.3684210526315789	GADGVPLP:0.2894736842105263	TGLNAYQL:0.3157894736842105	WPTGLNAY:0.3157894736842105	TAGAELRA:0.23684210526315788	WAFVPDPR:0.8421052631578947	RFNAFQAL:0.42105263157894735	QYHDYGAD:0.5526315789473685	DTAGAELR:0.23684210526315788	DQWNGLAR:0.47368421052631576	GAMVDLDA:0.39473684210526316	ADGVPLPG:0.2894736842105263	GTAGALLW:0.3684210526315789	PSVAAWEL:0.21052631578947367	QKAAGTAG:0.21052631578947367	GLNAYQLA:0.42105263157894735	MVDLDAYF:0.39473684210526316	PLPGDQWN:0.47368421052631576	AWELVGEP:0.5	WWPTGLNA:0.3157894736842105	LQYHDYGA:0.21052631578947367	DGQPWWPT:0.42105263157894735	DFGPMDAV:0.2894736842105263	KAAGTAGA:0.21052631578947367	VGEPEPSL:0.21052631578947367	AMVDLDAY:0.39473684210526316	LATDWSVN:0.3157894736842105	LDGQPWWP:0.42105263157894735	AGALLWAF:0.6052631578947368	VDLDAYFG:0.3684210526315789	SVAAWELV:0.21052631578947367	TAGALLWA:0.3684210526315789	GCGAMVDL:0.5	CGAMVDLD:0.47368421052631576	NAFQALAV:0.2894736842105263	AYQLATDW:0.3684210526315789	YHDYGADG:0.4473684210526316	PEPSLCTD:0.21052631578947367	VPLPGDQW:0.34210526315789475	GGGQCGTA:0.21052631578947367	WNGLARRI:0.34210526315789475	LLWAFVPD:0.631578947368421	WELVGEPE:0.6052631578947368	YGADGVPL:0.2894736842105263	RDWVTTAV:0.21052631578947367	QDGACEDE:0.2894736842105263	IDAVFAAA:0.23684210526315788	VLQYHDYD:0.21052631578947367	DVLQYHDY:0.3157894736842105	DAVFAAAE:0.5	LTRFNAFQ:0.34210526315789475	PLLVAEIG:0.3157894736842105	KPLLVAEI:0.3157894736842105	SLTRFNAF:0.4473684210526316	ECTYDIGP:0.23684210526315788	GQCGTQGD:0.2894736842105263	LPPHSLTR:0.2894736842105263	WGCGAMVD:0.2631578947368421	VFAAAEAH:0.2894736842105263	LVGEPETS:0.3157894736842105	GKPLLVAE:0.2894736842105263	GGGQCGTQ:0.2894736842105263	TGFNAYQL:0.3157894736842105	DPRTLITA:0.23684210526315788	GFNAYQLG:0.23684210526315788	TGGGQCGT:0.2894736842105263	WWPTGFNA:0.3157894736842105	WPTGFNAY:0.3157894736842105	LAAWELVG:0.2894736842105263	PPHSLTRF:0.2894736842105263	AVFAAAEA:0.2894736842105263	ELVGEPET:0.3157894736842105	PRTLITAG:0.23684210526315788	CGTQGDEY:0.2894736842105263	FNAYQLGT:0.23684210526315788	PTGFNAYQ:0.3157894736842105	PHSLTRFN:0.2894736842105263	NWGCGAMV:0.2894736842105263	HSLTRFNA:0.2631578947368421	LLVAEIGE:0.2631578947368421	PWWPTGFN:0.21052631578947367	VNWGCGAM:0.2631578947368421	GGQCGTQG:0.2894736842105263	QCGTQGDE:0.2894736842105263	VQYHDYGA:0.34210526315789475	LDGKPWWP:0.2894736842105263	CGAQVDLD:0.21052631578947367	GCGAQVDL:0.21052631578947367	
