cluster number:164
GH0:22	GH0:22
LWTYYCCA:0.22727272727272727	LFTPPLDT:0.5909090909090909	SHLFTQWG:0.5454545454545454	GDAFLVYP:0.3181818181818182	PLFTPPLD:0.5909090909090909	WTYYCCAQ:0.22727272727272727	HLFTQWGA:0.6363636363636364	TPLFTPPL:0.5909090909090909	DAFLVYPG:0.3181818181818182	TQWGAKHA:0.22727272727272727	EALQDLRA:0.45454545454545453	IHTEWFHT:0.22727272727272727	FTQWGAKH:0.22727272727272727	TEWFHTDC:0.2727272727272727	GERPTVQL:0.2727272727272727	NLWTYYCC:0.22727272727272727	HTEWFHTD:0.2727272727272727	LTPLFTPP:0.5	ALQDLRAL:0.5	TPGLYPDP:0.4090909090909091	LQDLRALQ:0.36363636363636365	LFTQWGAK:0.36363636363636365	GGERPTVQ:0.2727272727272727	GLYPDPLY:0.2727272727272727	GFLQWGYN:0.22727272727272727	PGLYPDPL:0.5	QWGAKHAP:0.22727272727272727	WGAKHAPK:0.22727272727272727	WGYNFWYS:0.3181818181818182	LLTPLFTP:0.22727272727272727	LIHTEWFH:0.36363636363636365	YFHVSDEP:0.36363636363636365	LHWGYNFW:0.45454545454545453	FEFSHLFT:0.22727272727272727	AFLVYPGE:0.22727272727272727	FTPPLDTE:0.22727272727272727	FLHWGYNF:0.5454545454545454	GFLHWGYN:0.5454545454545454	HWGYNFWY:0.3181818181818182	YFEFSHLF:0.22727272727272727	MILTPLFT:0.2727272727272727	ILTPLFTP:0.2727272727272727	EFSHLFTQ:0.4090909090909091	NMILTPLF:0.2727272727272727	FSHLFTQW:0.4090909090909091	PSGDAFLV:0.22727272727272727	DLRALQLL:0.3181818181818182	SGDAFLVY:0.22727272727272727	AGFLHWGY:0.22727272727272727	WFHADCLA:0.22727272727272727	IAGFLHWG:0.22727272727272727	LRALQLLE:0.3181818181818182	IFGWETDA:0.22727272727272727	QDLRALQL:0.3181818181818182	FTPPLDTA:0.2727272727272727	LSSLSKVF:0.22727272727272727	RPTVQLVD:0.3181818181818182	VGGERPTV:0.22727272727272727	TPPLDTEV:0.22727272727272727	GLYPDPLL:0.22727272727272727	RSVGLVPS:0.2727272727272727	PPLDTEVG:0.22727272727272727	ERPTVQLV:0.36363636363636365	PTVQLVDV:0.3181818181818182	YYCCSQYK:0.22727272727272727	TFSFQVAY:0.22727272727272727	ETFSFQVA:0.22727272727272727	LYPDPLLP:0.22727272727272727	MPSARNRI:0.2727272727272727	SVGLVPSE:0.2727272727272727	
