cluster number:189
GH0:17	GH0:17
KNLKVGVG:0.6470588235294118	NLKVGVGL:0.5882352941176471	LMCRHCDA:0.29411764705882354	ASYAHGSK:0.35294117647058826	MCRHCDAR:0.29411764705882354	CGGRGTGA:0.8235294117647058	YAHGSKGS:0.23529411764705882	GLMCRHCD:0.29411764705882354	KLVAMADV:0.5882352941176471	EFASYAHG:0.5882352941176471	HGSKGSAV:0.23529411764705882	SKGSAVIS:0.23529411764705882	ALVGCGGR:0.5294117647058824	NVFMEKPV:0.47058823529411764	RGTGAAAN:0.29411764705882354	LVGCGGRG:0.5294117647058824	SVEYTFAD:0.23529411764705882	LVAMADVF:0.5882352941176471	FASYAHGS:0.35294117647058826	YNEVERGV:0.23529411764705882	YKKAMDCL:0.23529411764705882	YSVEYTFA:0.23529411764705882	VALVGCGG:0.29411764705882354	FLIHNIDE:0.4117647058823529	TPPAFRWV:0.5294117647058824	WMKDAWPV:0.23529411764705882	GCGGRGTG:0.8235294117647058	AFLWASGG:0.23529411764705882	RIQDGEIG:0.23529411764705882	DFLIHNID:0.4117647058823529	IQDGEIGD:0.23529411764705882	SYAHGSKG:0.29411764705882354	CWMKDAWP:0.23529411764705882	VGLMCRHC:0.47058823529411764	PPAFRWVH:0.29411764705882354	HAFLWASG:0.23529411764705882	GRGTGAAA:0.29411764705882354	LNVFMEKP:0.47058823529411764	FMEKPVTV:0.6470588235294118	GAAANALS:0.29411764705882354	VGVGLMCR:0.4117647058823529	MEKPVTVD:0.6470588235294118	GGRGTGAA:0.7058823529411765	FHAFLWAS:0.23529411764705882	GVGLMCRH:0.4117647058823529	VGCGGRGT:0.5294117647058824	TGAAANAL:0.23529411764705882	VFMEKPVT:0.5882352941176471	AHGSKGSA:0.23529411764705882	KVGVGLMC:0.4117647058823529	GTGAAANA:0.29411764705882354	VEYTFADG:0.35294117647058826	GSKGSAVI:0.23529411764705882	SDFLIHNI:0.47058823529411764	KGSAVIST:0.29411764705882354	LKVGVGLM:0.5882352941176471	GLNVFMEK:0.4117647058823529	ATPPAFRW:0.5882352941176471	FHGFLWAS:0.29411764705882354	EYTFADGT:0.23529411764705882	FASYAHGT:0.23529411764705882	MGRMAAHT:0.5882352941176471	RMAAHTGQ:0.5294117647058824	DTYSVEYT:0.4117647058823529	IHNIDECC:0.29411764705882354	ASYAHGTK:0.23529411764705882	KGVNVFME:0.23529411764705882	TSMGRMAA:0.47058823529411764	NIDECCWM:0.29411764705882354	IDECCWMK:0.29411764705882354	GRMAAHTG:0.6470588235294118	ALIGCGGR:0.4117647058823529	LIHNIDEC:0.29411764705882354	SMGRMAAH:0.5294117647058824	EKPVTVDG:0.5294117647058824	SYAHGTKG:0.23529411764705882	FDTYSVEY:0.4117647058823529	HNIDECCW:0.29411764705882354	TYSVEYTF:0.35294117647058826	VTSMGRMA:0.5294117647058824	LIGCGGRG:0.4117647058823529	PAFRWVQF:0.23529411764705882	PYQLEWDH:0.23529411764705882	DQNFDTYS:0.47058823529411764	GVNVFMEK:0.23529411764705882	PPAFRWVQ:0.23529411764705882	QNFDTYSV:0.4117647058823529	KPVTVDGP:0.5294117647058824	NFDTYSVE:0.4117647058823529	YSDFLIHN:0.23529411764705882	YTFADGTK:0.23529411764705882	YQLEWDHL:0.23529411764705882	GFLWASGG:0.29411764705882354	VDQNFDTY:0.23529411764705882	HGFLWASG:0.29411764705882354	KGLNVFME:0.29411764705882354	KFIGFDGY:0.23529411764705882	NPYQLEWD:0.23529411764705882	YAIEKGLN:0.23529411764705882	FLWASGGC:0.23529411764705882	LVTSMGRM:0.47058823529411764	SLVTSMGR:0.47058823529411764	VAIFATPP:0.23529411764705882	DVAIFATP:0.23529411764705882	PIKLVAMA:0.47058823529411764	IGCGGRGT:0.29411764705882354	PVTVDGPT:0.4117647058823529	DCLRPGDV:0.23529411764705882	PGDVAIFA:0.23529411764705882	PAFRWVHF:0.23529411764705882	AIFATPPA:0.23529411764705882	IKLVAMAD:0.47058823529411764	ASLVTSMG:0.47058823529411764	VTVDGPTS:0.29411764705882354	IFATPPAF:0.23529411764705882	GDVAIFAT:0.23529411764705882	FATPPAFR:0.23529411764705882	MAAHTGQV:0.23529411764705882	GPIKLVAM:0.35294117647058826	EASLVTSM:0.29411764705882354	CWMKNAWP:0.23529411764705882	QEFASYAH:0.23529411764705882	WMKNAWPV:0.23529411764705882	IDQNFDTY:0.29411764705882354	DCLKPGDV:0.29411764705882354	GGRHYRGD:0.23529411764705882	LATPPAFR:0.23529411764705882	HSPAKCRI:0.23529411764705882	FVGFDAYK:0.23529411764705882	
