cluster number:71
GH0:89	GH0:89
MRNWYYFN:0.550561797752809	QMRNWYYF:0.6067415730337079	VGLQRHYQ:0.29213483146067415	MEKPVATD:0.449438202247191	CGGRGTGA:0.6404494382022472	HNIDVANW:0.29213483146067415	VVILATPP:0.21348314606741572	ILATPPGF:0.3258426966292135	ADVVILAT:0.2247191011235955	GRMATYSG:0.38202247191011235	NWLCGDHI:0.550561797752809	NVVVGLQR:0.550561797752809	GKHVFMEK:0.4157303370786517	WYYFNWLC:0.5056179775280899	MGRMATYS:0.2247191011235955	KKLNVVVG:0.48314606741573035	ALIGCGGR:0.33707865168539325	GCGGRGTG:0.6404494382022472	VVGLQRHY:0.30337078651685395	VVVGLQRH:0.30337078651685395	IGCGGRGT:0.39325842696629215	YQMRNWYY:0.6292134831460674	FNWLCGDH:0.5168539325842697	DVVILATP:0.21348314606741572	KHVFMEKP:0.47191011235955055	GGRQVRTG:0.20224719101123595	NWYYFNWL:0.5056179775280899	LATPPGFR:0.4044943820224719	VFMEKPVA:0.5168539325842697	LIGCGGRG:0.4157303370786517	YYFNWLCG:0.5056179775280899	LNVVVGLQ:0.550561797752809	FMEKPVAT:0.449438202247191	QHIHNIDV:0.30337078651685395	GGRGTGAA:0.43820224719101125	YFNWLCGD:0.5168539325842697	EQHIHNID:0.30337078651685395	ATPPGFRP:0.449438202247191	RNWYYFNW:0.550561797752809	EKPVATDA:0.2808988764044944	KLNVVVGL:0.5280898876404494	HVFMEKPV:0.48314606741573035	VILATPPG:0.3258426966292135	HIVEQHVH:0.2696629213483146	IVEQHVHN:0.25842696629213485	GDHIVEQH:0.42696629213483145	EQHVHNID:0.30337078651685395	DHIVEQHV:0.2696629213483146	EYQMRNWY:0.5730337078651685	TEMEYQMR:0.449438202247191	PPGFRPIH:0.21348314606741572	LVAMADAF:0.42696629213483145	LCGDHIVE:0.25842696629213485	PGFRPIHF:0.2247191011235955	MEYQMRNW:0.4943820224719101	CGDHIVEQ:0.29213483146067415	TPPGFRPI:0.21348314606741572	RMATYSGQ:0.20224719101123595	EMEYQMRN:0.48314606741573035	WLCGDHIV:0.25842696629213485	VYWNSGGV:0.21348314606741572	KLVAMADA:0.25842696629213485	QTEMEYQM:0.3595505617977528	YWNSGGVW:0.21348314606741572	SGQVYWNS:0.20224719101123595	VGLQRRYQ:0.2808988764044944	MEKPVAVD:0.21348314606741572	VVGLQRRY:0.2808988764044944	KIALIGCG:0.21348314606741572	VVVGLQRR:0.2808988764044944	GQVYWNSG:0.21348314606741572	WNSGGVWV:0.2247191011235955	QVYWNSGG:0.21348314606741572	FMEKPVAV:0.21348314606741572	LVGCGGRG:0.23595505617977527	VGCGGRGT:0.2696629213483146	IMGRMATY:0.2247191011235955	
