cluster number:41
GH0:19	GH0:19|CBM13:12
FHGVNWAD:0.2631578947368421	QFHGVNWA:0.21052631578947367	SGLCLDVT:0.21052631578947367	HGVNWADP:0.21052631578947367	YTGAIDAA:0.21052631578947367	DEFGAPMD:0.21052631578947367	ANTVRLPI:0.631578947368421	DNFVRYFR:0.21052631578947367	NTVRLPIN:0.631578947368421	FGAPMDTG:0.21052631578947367	QFRGVNWA:0.2631578947368421	NLGANTVR:0.47368421052631576	GANTVRLP:0.6842105263157895	FKVVLSYW:0.2631578947368421	EFGAPMDT:0.21052631578947367	YWPGLGGK:0.21052631578947367	SLHHYTFF:0.21052631578947367	LHHYTFFS:0.21052631578947367	YTFFSGAK:0.21052631578947367	DWYAMQKL:0.21052631578947367	LGANTVRL:0.6842105263157895	VRYFRATT:0.21052631578947367	FRGVNWAR:0.21052631578947367	NFVRYFRA:0.21052631578947367	DDWYAMQK:0.21052631578947367	HYTFFSGA:0.21052631578947367	FVRYFRAT:0.21052631578947367	TVRLPINT:0.21052631578947367	GFKVVLSY:0.2631578947368421	HHYTFFSG:0.21052631578947367	VYFEPMNE:0.5789473684210527	TYLSLHHY:0.3684210526315789	MGSVYWPG:0.3157894736842105	GTYLSLHH:0.3684210526315789	YFEPMNEP:0.5789473684210527	GSVYWPGL:0.42105263157894735	PRDNFADD:0.21052631578947367	WPGLRTDD:0.21052631578947367	QSGADRLA:0.21052631578947367	LPINPYTV:0.2631578947368421	APMTTGLN:0.2631578947368421	VSGAGYND:0.21052631578947367	YLSLHHYG:0.3157894736842105	PINPYTVN:0.2631578947368421	SLHHYGFW:0.3157894736842105	VRLPINPY:0.2631578947368421	PMTTGLNY:0.3684210526315789	MNEPHGYT:0.2631578947368421	PMNEPHGY:0.2631578947368421	DEFGAPMT:0.21052631578947367	WADPRDNF:0.21052631578947367	AGYNDHVT:0.21052631578947367	RTVADEFG:0.21052631578947367	ADIAAKWL:0.21052631578947367	SGAGYNDH:0.21052631578947367	NQSGADRL:0.21052631578947367	ADPRDNFA:0.21052631578947367	VYWPGLRT:0.5263157894736842	VNWADPRD:0.5263157894736842	EFGAPMTT:0.21052631578947367	FRGVNWAD:0.3157894736842105	GVNWADPR:0.5263157894736842	RVYFEPMN:0.3157894736842105	MTTGLNYN:0.21052631578947367	GAPMTTGL:0.3684210526315789	VFVSGAGY:0.21052631578947367	RGVNWADP:0.2631578947368421	RLPINPYT:0.2631578947368421	NWADPRDN:0.5263157894736842	ATTNQSGA:0.21052631578947367	TTNQSGAD:0.21052631578947367	GAGYNDHV:0.21052631578947367	FEPMNEPH:0.2631578947368421	LATTNQSG:0.21052631578947367	TVRLPINP:0.42105263157894735	RVFVSGAG:0.2631578947368421	YWPGLRTD:0.21052631578947367	WADIAAKW:0.21052631578947367	SGADRLAW:0.2631578947368421	LHHYGFWK:0.2631578947368421	INPYTVNG:0.2631578947368421	LSLHHYGF:0.3157894736842105	NEPHGYTD:0.21052631578947367	FVSGAGYN:0.21052631578947367	DPRDNFAD:0.21052631578947367	FGAPMTTG:0.21052631578947367	TNQSGADR:0.21052631578947367	SVYWPGLR:0.3157894736842105	EPMNEPHG:0.2631578947368421	DPRDNYAD:0.21052631578947367	ADPRDNYA:0.3157894736842105	YWPGLRTG:0.3157894736842105	WPGLRTGD:0.3157894736842105	WADPRDNY:0.3157894736842105	VVPSGLST:0.21052631578947367	FEPMNEPF:0.2631578947368421	LLSLHFYG:0.21052631578947367	EPMNEPFG:0.2631578947368421	GTLLSLHF:0.21052631578947367	CNGGGNQS:0.21052631578947367	MNEPFGYS:0.21052631578947367	PMNEPFGY:0.2631578947368421	TLLSLHFY:0.21052631578947367	FKGVNWAD:0.21052631578947367	
