cluster number:24
GH0:41	GH0:41
GTPVVTLC:0.24390243902439024	GGTPVVTL:0.21951219512195122	GGPYLVMD:0.43902439024390244	TLCCAPDW:0.6097560975609756	GWGFTHTQ:0.6341463414634146	VGWGFTHT:0.43902439024390244	VWNEFKGF:0.8292682926829268	FTHTQFSA:0.21951219512195122	VGGPYLVM:0.43902439024390244	GLPLWWAE:0.2682926829268293	WWAEWYVE:0.24390243902439024	QNQHIMGW:0.34146341463414637	CAPDWMKG:0.6829268292682927	TPVVTLCC:0.24390243902439024	QHIMGWGA:0.4146341463414634	WGFTHTQF:0.21951219512195122	CCAPDWMK:0.6829268292682927	PDWMKGGR:0.36585365853658536	RYPDVRHF:0.43902439024390244	SGFYWNPE:0.2926829268292683	GPYLVMDS:0.4146341463414634	LCCAPDWM:0.6829268292682927	GFTHTQFS:0.21951219512195122	NQHIMGWG:0.34146341463414637	APDWMKGG:0.6829268292682927	WGAMDQRV:0.21951219512195122	NEFKGFWN:0.4634146341463415	GWGADNPE:0.3170731707317073	EYYVEPAD:0.3170731707317073	PDVRHFIV:0.2926829268292683	WGADNPEP:0.3170731707317073	IMVGGPYL:0.2682926829268293	RHFIVWNE:0.4146341463414634	GADFVVVD:0.6097560975609756	VLVVNTLD:0.21951219512195122	KAGADFVV:0.3902439024390244	VAKRYPDV:0.21951219512195122	DQRVLDAF:0.2926829268292683	FTHTQYSA:0.2926829268292683	FIVWNEFK:0.4146341463414634	DGDKVHGT:0.21951219512195122	DFVVVDGS:0.4878048780487805	VVDGSSYT:0.4634146341463415	AEYYVEPA:0.3170731707317073	MGWGADNP:0.3170731707317073	TLCCSPDW:0.2682926829268293	GADNPEPV:0.2926829268292683	AGADFVVV:0.3902439024390244	SPDWMKGG:0.21951219512195122	DVRHFIVW:0.2926829268292683	KRYPDVRH:0.21951219512195122	HKAGADFV:0.2926829268292683	YYVEPADG:0.2682926829268293	TVAKRYPD:0.21951219512195122	TPVITLCC:0.36585365853658536	FVVVDGSS:0.43902439024390244	GDKVHGTP:0.21951219512195122	ATVAKRYP:0.21951219512195122	PLWWAEYY:0.4634146341463415	VRHFIVWN:0.4146341463414634	WWAEYYVE:0.4634146341463415	AKRYPDVR:0.21951219512195122	GFTHTQYS:0.3170731707317073	FKGFWNDA:0.24390243902439024	THTQYSAD:0.34146341463414637	WNEFKGFW:0.6097560975609756	YPDVRHFI:0.2926829268292683	CSPDWMKG:0.2682926829268293	VVVDGSSY:0.43902439024390244	LVVNTLDR:0.2682926829268293	HFIVWNEF:0.4146341463414634	LCCSPDWM:0.2682926829268293	IMGWGADN:0.2682926829268293	CCSPDWMK:0.2682926829268293	IVWNEFKG:0.4146341463414634	WGFTHTQY:0.3170731707317073	ADFVVVDG:0.5853658536585366	EFKGFWND:0.2926829268292683	LPLWWAEY:0.4634146341463415	LWWAEYYV:0.4634146341463415	WAEYYVEP:0.4634146341463415	GAMDQRVL:0.21951219512195122	RWDHEGYT:0.24390243902439024	RWDYEGYT:0.34146341463414637	RLTALLGV:0.21951219512195122	RWRLTALL:0.21951219512195122	WRLTALLG:0.21951219512195122	PVITLCCA:0.2926829268292683	VITLCCAP:0.2926829268292683	ITLCCAPD:0.2926829268292683	MVGGPYLV:0.2682926829268293	PDWMKGGE:0.21951219512195122	
