cluster number:195
GH0:6	GH0:6
KGIDGFWI:0.3333333333333333	VYSYLNVG:0.3333333333333333	YSYLNVGS:0.3333333333333333	YLLEYTTD:0.6666666666666666	YLNVGSLE:0.3333333333333333	LTGVNQET:0.3333333333333333	ILTGVNQE:0.3333333333333333	VNQETVFS:0.3333333333333333	DGFWIDNV:0.3333333333333333	IDGFWIDN:0.3333333333333333	DILTGVNQ:0.3333333333333333	GIDGFWID:0.3333333333333333	NQQVDDIL:0.3333333333333333	DDILTGVN:0.3333333333333333	INGGNEFV:0.3333333333333333	GVNQETVF:0.3333333333333333	QQVDDILT:0.3333333333333333	GFWIDNVD:0.3333333333333333	VDDILTGV:0.3333333333333333	TGVNQETV:0.3333333333333333	SYLNVGSL:0.3333333333333333	LLEYTTDN:0.3333333333333333	QVDDILTG:0.3333333333333333	IYLLEYTT:0.3333333333333333	KGVDGFFL:0.3333333333333333	VDGFFLDN:0.3333333333333333	GVDGFFLD:0.3333333333333333	FVDNTDVY:0.3333333333333333	VDNTDVYY:0.3333333333333333	VYLLEYTT:0.3333333333333333	
