cluster number:86
GH0:112	GH0:112|GT4:16|3.2.1.23:1
RTVRDGLR:0.30357142857142855	VRASIAAI:0.23214285714285715	IWDLCHYG:0.6160714285714286	LKHQLVRA:0.48214285714285715	DGLRWHLI:0.6160714285714286	ELKHQLVR:0.48214285714285715	VIWDLCHY:0.5982142857142857	QVIWDLCH:0.5892857142857143	VRDGLRWH:0.5	YDWSSFLP:0.5178571428571429	IAAIDAIR:0.22321428571428573	QGTQVIWD:0.25892857142857145	DWSSFLPM:0.5089285714285714	RDGLRWHL:0.6160714285714286	SFWSWAGG:0.21428571428571427	QLVRASIA:0.24107142857142858	NFYPHNQW:0.25892857142857145	WSSFLPML:0.5089285714285714	TVRDGLRW:0.375	LDYPGWDD:0.20535714285714285	YPVLDYPG:0.36607142857142855	VLDYPGWD:0.20535714285714285	LVRASIAA:0.24107142857142858	GLRWHLIE:0.625	GTQVIWDL:0.5	PVLDYPGW:0.36607142857142855	TQVIWDLC:0.4642857142857143	GGAPEYLD:0.24107142857142858	YGWPDDID:0.25892857142857145	GVPVEGIC:0.24107142857142858	GFELKHQL:0.33035714285714285	GICLYPVL:0.26785714285714285	QFVERFAR:0.20535714285714285	PFYAPLNE:0.25892857142857145	DGRRLDLI:0.2857142857142857	APLNEISF:0.26785714285714285	VDPAIHVV:0.23214285714285715	DLCHYGWP:0.48214285714285715	CLYPVLDY:0.3125	WPGLGGAP:0.29464285714285715	VPVEGICL:0.23214285714285715	QVDPAIHV:0.2767857142857143	ICLYPVLD:0.26785714285714285	VEGICLYP:0.25892857142857145	FLGGFECS:0.21428571428571427	RGRGFELK:0.32142857142857145	HYGWPDDI:0.25892857142857145	QFEAWDML:0.20535714285714285	LGGAPEYL:0.24107142857142858	LYPVLDYP:0.3125	PVEGICLY:0.25	EGICLYPV:0.3125	PQFVERFA:0.20535714285714285	GRGFELKH:0.33035714285714285	LNEISFWA:0.26785714285714285	GRRLDLIA:0.25	VPFYAPLN:0.25892857142857145	PLNEISFW:0.2857142857142857	KHQLVRAT:0.2857142857142857	WDLCHYGW:0.48214285714285715	QLVRATIA:0.2857142857142857	WPDDIDIW:0.24107142857142858	FYAPLNEI:0.25892857142857145	QWPGLGGA:0.25	RGFELKHQ:0.33035714285714285	LVRATIAA:0.2857142857142857	FELKHQLV:0.32142857142857145	HQLVRATI:0.2857142857142857	CHYGWPDD:0.375	YAPLNEIS:0.2857142857142857	GLGGAPEY:0.24107142857142858	LCHYGWPD:0.41964285714285715	ARGRGFEL:0.30357142857142855	PGLGGAPE:0.25	AETGAEGD:0.25	NEISFWAW:0.33035714285714285	GWPDDIDI:0.25	GGFECSTH:0.20535714285714285	GFECSTHR:0.35714285714285715	FFMAGFEC:0.21428571428571427	SFFMAGFE:0.21428571428571427	YYSDNQWY:0.22321428571428573	FMAGFECS:0.21428571428571427	FECSTHRR:0.25	RRDGRRLD:0.20535714285714285	AQFEAWDM:0.23214285714285715	RFARFAAA:0.23214285714285715	FARFAAAA:0.20535714285714285	RRRDGRRL:0.20535714285714285	NYYSDNQW:0.26785714285714285	RDGRRLDL:0.20535714285714285	ARDGLRWH:0.22321428571428573	ARFAAAAA:0.20535714285714285	DGRRLDLL:0.23214285714285715	FVERFARF:0.21428571428571427	
