cluster number:75
GH0:11	GH0:11
AWIASLGV:0.2727272727272727	PAWIASLG:0.2727272727272727	HGKQFSVP:0.36363636363636365	GRAGQAGG:0.36363636363636365	GPEKFSTF:0.36363636363636365	AGRAGQAG:0.36363636363636365	YPGDEYVD:0.36363636363636365	RLAWEFNG:0.2727272727272727	AGGDNPVY:0.45454545454545453	WLGSGPEK:0.2727272727272727	KQFSVPEW:0.36363636363636365	PQARIDWA:0.2727272727272727	IIGIDSYD:0.2727272727272727	PWLGSGPE:0.2727272727272727	IGIDSYDQ:0.45454545454545453	GNVHSSLV:0.2727272727272727	DSYDQWPA:0.2727272727272727	DPQARIDW:0.2727272727272727	SVPEWGLV:0.36363636363636365	SGPEKFST:0.36363636363636365	QAGGDNPV:0.45454545454545453	VPGGMSGV:0.2727272727272727	AGQAGGDN:0.36363636363636365	GSGPEKFS:0.36363636363636365	FSVPEWGL:0.36363636363636365	QFSVPEWG:0.36363636363636365	GIDSYDQW:0.2727272727272727	LGSGPEKF:0.2727272727272727	RAGQAGGD:0.36363636363636365	SYDQWPAS:0.2727272727272727	STDPQARI:0.2727272727272727	GKQFSVPE:0.36363636363636365	GQAGGDNP:0.45454545454545453	AYPGDEYV:0.36363636363636365	IDSYDQWP:0.2727272727272727	AIRSTDPQ:0.36363636363636365	DIIGIDSY:0.2727272727272727	YVDIIGID:0.36363636363636365	TDPQARID:0.2727272727272727	RSTDPQAR:0.2727272727272727	VDIIGIDS:0.2727272727272727	GGDNPVYI:0.36363636363636365	IRSTDPQA:0.2727272727272727	VNCFRQVV:0.2727272727272727	YDQWPAST:0.2727272727272727	AYEAYFSD:0.2727272727272727	TGAGRAGQ:0.2727272727272727	DTGAGRAG:0.2727272727272727	LAYEAYFS:0.2727272727272727	GAGRAGQA:0.2727272727272727	YPGDQYVD:0.36363636363636365	VYPGDQYV:0.2727272727272727	VRLGWEFN:0.36363636363636365	DIVLVGGR:0.2727272727272727	VKIDWTFN:0.2727272727272727	DGRFILGF:0.2727272727272727	ADGRFILG:0.2727272727272727	GGGDNPFY:0.2727272727272727	IDWTFNAH:0.2727272727272727	PFYIQKMF:0.2727272727272727	VGVGEWGV:0.2727272727272727	EYVDYVGI:0.2727272727272727	RIGWEFNG:0.2727272727272727	NPFYIQKM:0.2727272727272727	GKKVGVGE:0.2727272727272727	HGKKVGVG:0.2727272727272727	GDNPFYIQ:0.2727272727272727	DEYVDYVG:0.2727272727272727	GGDNPFYI:0.2727272727272727	PGDEYVDY:0.2727272727272727	GDEYVDYV:0.2727272727272727	KVGVGEWG:0.2727272727272727	ACARGEYD:0.2727272727272727	YVDYVGID:0.2727272727272727	KKVGVGEW:0.2727272727272727	NGGQNPKA:0.2727272727272727	KIDWTFNA:0.2727272727272727	PGNVCSTI:0.2727272727272727	DNPFYIQK:0.2727272727272727	
