cluster number:106
GH0:7	GH0:7
LWGQKQER:0.2857142857142857	EKYKNHPN:0.2857142857142857	WGQKQERT:0.42857142857142855	PSEAGEYR:0.2857142857142857	REIEEPSA:0.2857142857142857	GREIEEPS:0.2857142857142857	YAFLWGQK:0.5714285714285714	ERTPTWYG:0.42857142857142855	QERTPTWY:0.42857142857142855	PTWYGMFN:0.2857142857142857	RSQGGHHE:0.2857142857142857	NANFPFMV:0.2857142857142857	SEAGEYRL:0.2857142857142857	TPTWYGMF:0.5714285714285714	WGREIEEP:0.2857142857142857	GQKQERTP:0.42857142857142855	GLMIAVGI:0.2857142857142857	ANANFPFM:0.2857142857142857	SQGGHHEE:0.2857142857142857	SYAFLWGQ:0.5714285714285714	AFLWGQKQ:0.7142857142857143	FLWGQKQE:0.7142857142857143	RTPTWYGM:0.42857142857142855	QKQERTPT:0.42857142857142855	EAGEYRLF:0.2857142857142857	VANANFPF:0.2857142857142857	GSYAFLWG:0.5714285714285714	KQERTPTW:0.42857142857142855	IEKYKNHP:0.2857142857142857	DPNHPVTF:0.2857142857142857	DYNDEAAV:0.42857142857142855	FGPVGHWE:0.2857142857142857	GFDYNDEA:0.42857142857142855	FDYNDEAA:0.42857142857142855	YNDEAAVA:0.2857142857142857	EFGPVGHW:0.2857142857142857	WGQKQETT:0.42857142857142855	PTWYGMFL:0.2857142857142857	RVPSIDYL:0.2857142857142857	GQKQETTP:0.2857142857142857	GLETLPQT:0.2857142857142857	LKYKDHPA:0.2857142857142857	EWGPTGHW:0.2857142857142857	GGLETLPQ:0.2857142857142857	ERHGFDYN:0.2857142857142857	GGNSLRTW:0.2857142857142857	HGFDYNDE:0.2857142857142857	LETLPQTL:0.2857142857142857	LWGQKQET:0.2857142857142857	YGGLETLP:0.2857142857142857	KYKDHPAL:0.2857142857142857	YKDHPALL:0.2857142857142857	TEWGPTGH:0.2857142857142857	RHGFDYND:0.2857142857142857	ALGSYAFL:0.2857142857142857	LGSYAFLW:0.42857142857142855	VPSIDYLS:0.2857142857142857	QKQETTPT:0.2857142857142857	VTEWGPTG:0.2857142857142857	NIYGGLET:0.2857142857142857	IYGGLETL:0.2857142857142857	ETTPTWYG:0.2857142857142857	SGGNSLRT:0.2857142857142857	KQETTPTW:0.2857142857142857	QETTPTWY:0.2857142857142857	VLKYKDHP:0.2857142857142857	
