cluster number:223
GH0:17	GH0:17
HPIESYWL:0.6470588235294118	RGAPFWAW:0.23529411764705882	IESYWLCF:0.29411764705882354	PGIDMLCD:0.29411764705882354	IDFDFISE:0.29411764705882354	ESYWLCFG:0.29411764705882354	GDWQAALG:0.6470588235294118	GMGGFHMH:0.23529411764705882	YDEDRWPS:0.47058823529411764	SYWLCFGP:0.29411764705882354	MGMGGFHM:0.23529411764705882	WQAALGVT:0.4117647058823529	VIHPIESY:0.6470588235294118	LYDEDRWP:0.47058823529411764	AVIHPIES:0.23529411764705882	FTFEGHKG:0.29411764705882354	EAKRDYPA:0.4117647058823529	DWQAALGV:0.4117647058823529	PNLRTIRS:0.23529411764705882	EYRGAPFW:0.23529411764705882	IHPIESYW:0.6470588235294118	FDFISESL:0.35294117647058826	DRWPSGFA:0.23529411764705882	DFDFISES:0.35294117647058826	EDRWPSGF:0.23529411764705882	DEDRWPSG:0.47058823529411764	RWPSGFAG:0.23529411764705882	PIESYWLC:0.29411764705882354	GEAKRDYP:0.5294117647058824	EMGMGGFH:0.4117647058823529	WPSGFAGG:0.23529411764705882	QGDWQAAL:0.23529411764705882	QSPWYKEY:0.23529411764705882	GEGKRDYP:0.23529411764705882	PFWAWNTK:0.23529411764705882	LAWLSMAG:0.23529411764705882	HLAWLSMA:0.23529411764705882	EGKRDYPA:0.23529411764705882	YQSPWYKE:0.23529411764705882	DWQAALGI:0.23529411764705882	RYRYHDHV:0.23529411764705882	GVIHPIES:0.4117647058823529	RWPSGAAG:0.4117647058823529	QGLPFYAG:0.29411764705882354	KRDYPASI:0.47058823529411764	YVEDHFAR:0.23529411764705882	VGVIHPIE:0.35294117647058826	IFTDEPQF:0.47058823529411764	FISESLLP:0.23529411764705882	DRWPSGAA:0.4117647058823529	HGLIDFDF:0.23529411764705882	WPSGAAGG:0.4117647058823529	HMMEEPTL:0.29411764705882354	WQAALGIT:0.23529411764705882	RVGVIHPI:0.23529411764705882	LHGLIDFD:0.23529411764705882	FWAWNTKL:0.23529411764705882	GLIDFDFI:0.29411764705882354	GHMMEEPT:0.29411764705882354	GLPFYAGN:0.29411764705882354	DFISESLL:0.23529411764705882	AWLSMAGE:0.23529411764705882	GVTNWDFD:0.29411764705882354	MRSYRSFQ:0.23529411764705882	ALGEAMRS:0.29411764705882354	YGVTNWDF:0.29411764705882354	WFNNQAYV:0.29411764705882354	ALGVTVRV:0.29411764705882354	YRSFQLPG:0.23529411764705882	MGGFHIHS:0.23529411764705882	KEMGMGGF:0.29411764705882354	LSELYGVT:0.29411764705882354	YLLGDFGV:0.23529411764705882	PAIFTDEP:0.29411764705882354	PWFNNQAY:0.29411764705882354	TNWDFDFR:0.29411764705882354	GEAMRSYR:0.35294117647058826	TLDRLEAF:0.23529411764705882	VLSELYGV:0.29411764705882354	SELYGVTN:0.35294117647058826	QAALGVTV:0.29411764705882354	LYGVTNWD:0.29411764705882354	AIFTDEPQ:0.29411764705882354	WDFDFRGH:0.23529411764705882	GVLSELYG:0.29411764705882354	VTNWDFDF:0.29411764705882354	GAAGGLVT:0.29411764705882354	RSYRSFQL:0.23529411764705882	EAMRSYRS:0.35294117647058826	EDRWPSGA:0.23529411764705882	MGMGGFHI:0.23529411764705882	AALGVTVR:0.29411764705882354	ARYRYHDH:0.23529411764705882	DFDFRGHK:0.23529411764705882	GMGGFHIH:0.23529411764705882	GGFHIHSR:0.29411764705882354	PSGAAGGL:0.29411764705882354	ELYGVTNW:0.35294117647058826	NWDFDFRG:0.29411764705882354	AMRSYRSF:0.35294117647058826	WLYDEDRW:0.35294117647058826	SGAAGGLV:0.29411764705882354	AKRDYPAS:0.29411764705882354	TAKQAQSA:0.29411764705882354	LGEAMRSY:0.29411764705882354	SYRSFQLP:0.23529411764705882	LQGDWQAA:0.23529411764705882	RGHKLQGD:0.23529411764705882	DFRGHKLQ:0.23529411764705882	KLQGDWQA:0.23529411764705882	FDFRGHKL:0.23529411764705882	FRGHKLQG:0.23529411764705882	GHKLQGDW:0.23529411764705882	DFDFIAES:0.23529411764705882	HKLQGDWQ:0.23529411764705882	VRVPHLSW:0.23529411764705882	QAYVDTLN:0.23529411764705882	
