cluster number:44
GH30:14	GH30_7:14|3.2.1.-:2|CBM1:1
APGYMKTN:0.6428571428571429	YMKTNNND:0.2857142857142857	NGGAGEGL:0.2857142857142857	THLGFLNE:0.5	SAYLYWIG:0.21428571428571427	TTSYASMR:0.21428571428571427	AGFSILRN:0.35714285714285715	LGFLNEPD:0.42857142857142855	FSILRNGI:0.2857142857142857	VRPGAVRV:0.35714285714285715	NAWSAPGY:0.35714285714285715	WAFANWSR:0.35714285714285715	YANYLVQY:0.2857142857142857	NDANGGSL:0.21428571428571427	TCCDAEGW:0.21428571428571427	ILRNGIGS:0.7142857142857143	NGIGSSPD:0.21428571428571427	SAPGYMKT:0.6428571428571429	TNNNDANG:0.2857142857142857	NNNDANGG:0.2857142857142857	SKRLWAFA:0.35714285714285715	ANAWSAPG:0.35714285714285715	NASAYLYW:0.21428571428571427	AYANYLVQ:0.2857142857142857	LTTSYASM:0.21428571428571427	AWSAPGYM:0.6428571428571429	SNGGAGEG:0.2857142857142857	RLWAFANW:0.35714285714285715	LRNGIGSS:0.5	SILRNGIG:0.42857142857142855	RNGIGSSP:0.2857142857142857	GAGFSILR:0.35714285714285715	ASAYLYWI:0.21428571428571427	LWAFANWS:0.35714285714285715	KTNNNDAN:0.2857142857142857	ITCCDAEG:0.21428571428571427	KRLWAFAN:0.2857142857142857	WSAPGYMK:0.6428571428571429	YANAWSAP:0.35714285714285715	ANGGSLCG:0.21428571428571427	ITHLGFLN:0.42857142857142855	GYMKTNNN:0.21428571428571427	MKTNNNDA:0.2857142857142857	YSNGGAGE:0.2857142857142857	PSKRLWAF:0.21428571428571427	NNDANGGS:0.21428571428571427	HLGFLNEP:0.5	LDLLFNRT:0.2857142857142857	DANGGSLC:0.21428571428571427	GFSILRNG:0.2857142857142857	PGYMKTNN:0.35714285714285715	AGFTILRN:0.21428571428571427	GAGFTILR:0.21428571428571427	TILRNGIG:0.2857142857142857	FVRPGARR:0.21428571428571427	GFTILRNG:0.21428571428571427	YADAWSAP:0.42857142857142855	FTILRNGI:0.21428571428571427	GFLNEPDY:0.21428571428571427	GEGLTWAN:0.21428571428571427	SWYSNGGA:0.21428571428571427	GAGEGLTW:0.21428571428571427	WYSNGGAG:0.21428571428571427	SRFVRPGA:0.21428571428571427	AGEGLTWA:0.21428571428571427	GGAGEGLT:0.21428571428571427	SGDWRQAY:0.35714285714285715	GDWRQAYA:0.35714285714285715	RQAYADYL:0.35714285714285715	ASGDWRQA:0.2857142857142857	AYADYLVQ:0.21428571428571427	WRQAYADY:0.35714285714285715	CASGDWRQ:0.2857142857142857	DWRQAYAD:0.35714285714285715	QAYADYLV:0.2857142857142857	TGAGFSIL:0.21428571428571427	AFQRANLI:0.21428571428571427	LRTAAFRN:0.21428571428571427	WDGKDSGQ:0.21428571428571427	DGKDSGQL:0.21428571428571427	RTAAFRNE:0.21428571428571427	TAAFRNED:0.21428571428571427	AAFRNEDG:0.21428571428571427	QAYANYLV:0.2857142857142857	NGGYLCGV:0.21428571428571427	ADAWSAPG:0.35714285714285715	IYADAWSA:0.21428571428571427	DAWSAPGY:0.2857142857142857	
