cluster number:39
GH30:19	GH30_4:18|GH30:1
PFNEPQWD:0.21052631578947367	IGAGSTEQ:0.21052631578947367	KGIGLSMW:0.21052631578947367	KLLWALGN:0.21052631578947367	IGLSMWRF:0.21052631578947367	NYARFVRP:0.2631578947368421	PKGIGLSM:0.21052631578947367	SFGASDCW:0.42105263157894735	GNPKGIGL:0.6842105263157895	HSYFTTSP:0.21052631578947367	GHSYFTTS:0.21052631578947367	SPFNEPQW:0.21052631578947367	NPKGIGLS:0.6842105263157895	YLSPFNEP:0.21052631578947367	LYVAKVIH:0.3684210526315789	SKLLWALG:0.21052631578947367	FGASDCWS:0.3684210526315789	CGHSYFTT:0.21052631578947367	NEPQWDWG:0.21052631578947367	GAGSTEQG:0.3684210526315789	HSFGASDC:0.42105263157894735	GNYARFVR:0.2631578947368421	FNEPQWDW:0.21052631578947367	LSPFNEPQ:0.21052631578947367	GIGLSMWR:0.21052631578947367	ADLLFSKE:0.3157894736842105	IADLLFSK:0.2631578947368421	LWALGNFS:0.21052631578947367	GIGLSLWR:0.42105263157894735	GLSLWRFN:0.3157894736842105	SPVNEPQW:0.21052631578947367	SGHSYFTT:0.21052631578947367	IGLSLWRF:0.3157894736842105	DYGLYVAK:0.21052631578947367	KGIGLSLW:0.3684210526315789	ISGHSYFT:0.21052631578947367	QTIHSFGA:0.2631578947368421	PKGIGLSL:0.3684210526315789	GLYVAKVI:0.21052631578947367	IHSFGASD:0.2631578947368421	YGLYVAKV:0.21052631578947367	LSPVNEPQ:0.21052631578947367	TIHSFGAS:0.2631578947368421	GASDCWSA:0.2631578947368421	EWRRSECF:0.3157894736842105	GAGSAEQG:0.21052631578947367	KIVVGEAG:0.21052631578947367	DGNPKGIG:0.2631578947368421	LGAGSAEQ:0.21052631578947367	WRFNLGAG:0.21052631578947367	QEGSPATN:0.21052631578947367	DEWRRSEC:0.3157894736842105	RFNLGAGS:0.21052631578947367	PINEPQWD:0.21052631578947367	QRWFLQAA:0.21052631578947367	IGLSIWRF:0.2631578947368421	DGLIYLDD:0.21052631578947367	YDWTKQAG:0.21052631578947367	SWQWWTAL:0.21052631578947367	ASSWQWWT:0.21052631578947367	ASDAWRCQ:0.3157894736842105	KDGLIYLD:0.3157894736842105	LSPINEPQ:0.2631578947368421	PKGIGLSI:0.2631578947368421	GASDAWRC:0.3157894736842105	YLSPINEP:0.2631578947368421	SKLLWAFG:0.21052631578947367	SQEGTPAT:0.3157894736842105	GFGASDAW:0.3157894736842105	HDSKLLWA:0.2631578947368421	KLLWAFGN:0.21052631578947367	DSKLLWAF:0.21052631578947367	SSWQWWTA:0.21052631578947367	QEGTPATN:0.47368421052631576	SPINEPQW:0.42105263157894735	NASSWQWW:0.21052631578947367	KGIGLSIW:0.2631578947368421	ANASSWQW:0.21052631578947367	FGASDAWR:0.3157894736842105	GLIYLDDG:0.21052631578947367	GIGLSIWR:0.3157894736842105	DYLSPINE:0.21052631578947367	INEPQWDW:0.21052631578947367	DGFGASDA:0.21052631578947367	GQRWFLQA:0.21052631578947367	GHSYFTTW:0.2631578947368421	HSYFTTWP:0.2631578947368421	GGGRDLGM:0.21052631578947367	FHDSKLLW:0.21052631578947367	ARFVRPGM:0.21052631578947367	YARFVRPG:0.21052631578947367	TSWQWWLA:0.21052631578947367	
