cluster number:41
GH30:15	GH30_2:15|3.2.1.37:1
WASPWCPP:0.26666666666666666	WGWRQNSL:0.2	SPWCPPAW:0.2	PWCPPAWM:0.2	WCPPAWMK:0.2	ISMVMPQN:0.4666666666666667	SMVMPQNE:0.4666666666666667	ASPWCPPA:0.2	FNELGWTS:0.4666666666666667	GFGACFNE:0.5333333333333333	DFSRDWYS:0.4666666666666667	SWDLMKHY:0.2	DWYSYNET:0.2	GANDFSRD:0.4666666666666667	PQNEFNSA:0.6666666666666666	NELGWTSL:0.4666666666666667	YNETDGDF:0.2	WSPPTWMK:0.4666666666666667	SPWSPPTW:0.4666666666666667	VMPQNEFN:0.8	PWSPPTWM:0.4666666666666667	WYSYNETD:0.2	IDGFGACF:0.4	TDGDFEMK:0.2	ANDFSRDW:0.4666666666666667	SYNETDGD:0.2	GLGVQWEG:0.2	FSRDWYSY:0.4666666666666667	ACFNELGW:0.5333333333333333	LWASPWSP:0.6	WASPWSPP:0.6	NETDGDFE:0.2	SHYVQPGA:0.3333333333333333	GWTSLSEL:0.2	ASPWSPPT:0.4666666666666667	GGVSRWGW:0.4666666666666667	ETDGDFEM:0.2	ETLVPFIK:0.2	FGACFNEL:0.5333333333333333	MVMPQNEF:0.7333333333333333	CFNELGWT:0.4	DGFGACFN:0.4666666666666667	LGVQWEGK:0.2	LGWTSLSE:0.2	MPQNEFNS:0.8666666666666667	RDWYSYNE:0.2	NDFSRDWY:0.4666666666666667	WTSLSELS:0.2	YSYNETDG:0.2	ELGWTSLS:0.26666666666666666	QNEFNSAQ:0.6666666666666666	GACFNELG:0.5333333333333333	SRDWYSYN:0.2	VGFQWAGK:0.3333333333333333	QTEQECGD:0.6	CGDGKNDW:0.26666666666666666	MPVGANDF:0.6	YFSKFIEA:0.2	VGANDFSR:0.26666666666666666	PVGANDFS:0.5333333333333333	ECGDGKND:0.26666666666666666	CRMPVGAN:0.6	TEQECGDG:0.6	QECGDGKN:0.26666666666666666	EQECGDGK:0.26666666666666666	YQTEQECG:0.6	FSKFIEAY:0.2	LYFSKFIE:0.2	RMPVGAND:0.6	LYQTEQEC:0.3333333333333333	KGVGFQWA:0.2	GVGFQWAG:0.3333333333333333	RDWYSYDE:0.26666666666666666	NSAQVFPS:0.2	FTICRMPV:0.2	ELFAPGVG:0.2	ICRMPVGA:0.2	LPADSFST:0.2	RELFAPGV:0.2	NFTICRMP:0.2	SAQVFPSC:0.2	VGANFTIC:0.2	DWYSYDET:0.2	FFGTMERP:0.2	SRDWYSYD:0.26666666666666666	FNSAQVFP:0.2	EFNSAQVF:0.2	WYSYDETP:0.2	NEFNSAQV:0.2	LRLWASPW:0.4	RLWASPWS:0.2	PGVGANFT:0.2	GVGANFTI:0.2	ANFTICRM:0.2	TICRMPVG:0.2	LFAPGVGA:0.2	GANFTICR:0.2	VFPSCTWT:0.26666666666666666	FPSCTWTP:0.3333333333333333	WYSYDEVD:0.4	YMYWNISL:0.2	AYMYWNIS:0.2	QNSLVVVD:0.4666666666666667	DWYSYDEV:0.4	QVFPSCTW:0.26666666666666666	NSLVVVDP:0.4	IYQTEQEC:0.2	DEGGVSRW:0.2	WNLALDEG:0.2	LALDEGGV:0.2	QECGDGRN:0.26666666666666666	NLALDEGG:0.2	NEFNSAQI:0.3333333333333333	TWTPEGLI:0.2	NPDGSVVV:0.2	GDGRNDWR:0.26666666666666666	ECGDGRND:0.26666666666666666	DISMVMPQ:0.2	CGDGRNDW:0.26666666666666666	CTWTPEGL:0.3333333333333333	LDEGGVSR:0.2	EGGVSRWG:0.3333333333333333	IDISMVMP:0.2	YWNLALDE:0.2	ALDEGGVS:0.2	EQECGDGR:0.26666666666666666	DLRLWASP:0.3333333333333333	PDLRLWAS:0.26666666666666666	GIDISMVM:0.2	SYDEVDGD:0.3333333333333333	WGWAQNSL:0.3333333333333333	KTNGHYAA:0.2	TDWYSYDE:0.26666666666666666	FQWAGKGA:0.26666666666666666	GWAQNSLV:0.3333333333333333	TNGHYAAA:0.2	VSRWGWAQ:0.2	WAGKGAIA:0.26666666666666666	SRWGWAQN:0.3333333333333333	GFQWAGKG:0.26666666666666666	FSTDWYSY:0.2	WAQNSLVV:0.26666666666666666	ANDFSTDW:0.2	RWGWAQNS:0.3333333333333333	WMKTNGHY:0.2	PSCTWTPE:0.2	QWAGKGAI:0.26666666666666666	AQNSLVVV:0.26666666666666666	VGANDFST:0.2	NDFSTDWY:0.2	GVSRWGWA:0.2	MKTNGHYA:0.2	SCTWTPEG:0.2	GANDFSTD:0.2	STDWYSYD:0.2	YSYDEVDG:0.3333333333333333	DFSTDWYS:0.2	FNSAQIFP:0.2	NLLAFRNP:0.2	SAQIFPSC:0.2	YDEVDGDF:0.26666666666666666	LLAFRNPD:0.2	EFNSAQIF:0.2	NSAQIFPS:0.2	SLVVVDPQ:0.2	
