cluster number:26
GH30:7	GH30_2:7
IGGAFNEI:0.5714285714285714	SPWSPPGW:0.5714285714285714	LFASPWSP:0.5714285714285714	TVTYNPDY:0.2857142857142857	YWNMILNE:0.5714285714285714	AIGASDFG:0.5714285714285714	NFCYWNMI:0.2857142857142857	GWKQNSLI:0.2857142857142857	SPPGWMKE:0.42857142857142855	RTAIGASD:0.5714285714285714	NEIGGEAL:0.42857142857142855	TAIGASDF:0.5714285714285714	PWSPPGWM:0.5714285714285714	PPGWMKES:0.42857142857142855	VTYNPDYA:0.2857142857142857	AFNEIGGE:0.42857142857142855	FGIDAYSY:0.2857142857142857	GIDAYSYS:0.2857142857142857	ASPWSPPG:0.5714285714285714	ASDFGIDA:0.2857142857142857	WGWKQNSL:0.2857142857142857	PGWMKESG:0.42857142857142855	DFGIDAYS:0.2857142857142857	GASDFGID:0.2857142857142857	CRTAIGAS:0.42857142857142855	FCYWNMIL:0.2857142857142857	CYWNMILN:0.2857142857142857	GAFNEIGG:0.7142857142857143	SGWGWKQN:0.2857142857142857	FASPWSPP:0.8571428571428571	FNEIGGEA:0.42857142857142855	WSPPGWMK:0.5714285714285714	DAYSYSEV:0.2857142857142857	GWGWKQNS:0.2857142857142857	GIGGAFNE:0.7142857142857143	SDFGIDAY:0.2857142857142857	AYSYSEVA:0.2857142857142857	GGAFNEIG:0.7142857142857143	IGASDFGI:0.2857142857142857	YEAYALYF:0.2857142857142857	YCYWNIIL:0.2857142857142857	EHFSIERE:0.2857142857142857	NIILNETS:0.2857142857142857	YWNIILNE:0.2857142857142857	MEHFSIER:0.2857142857142857	WMKESGKM:0.2857142857142857	WKQNSLIN:0.2857142857142857	NYCYWNII:0.2857142857142857	EAYALYFS:0.2857142857142857	NSLININR:0.2857142857142857	DYKMEHFS:0.2857142857142857	CYWNIILN:0.2857142857142857	YKMEHFSI:0.2857142857142857	SLININRE:0.2857142857142857	KQNSLINI:0.2857142857142857	WNIILNET:0.2857142857142857	QNSLININ:0.2857142857142857	NDADTKYP:0.2857142857142857	TKYPSCVF:0.2857142857142857	YPSCVFPA:0.2857142857142857	ISKFIQPG:0.2857142857142857	PGDVRIAS:0.2857142857142857	GDVRIASV:0.2857142857142857	IEGIGGAF:0.42857142857142855	WDWPQNSL:0.42857142857142855	MEHFSIDR:0.2857142857142857	ASPWSPPA:0.42857142857142855	CVFPAKEM:0.2857142857142857	ASYINSGS:0.2857142857142857	ILNETTKS:0.2857142857142857	TYWNMILN:0.2857142857142857	PQNSLINI:0.42857142857142855	FIQPGDVR:0.2857142857142857	DADTKYPS:0.2857142857142857	AGFTFCRT:0.42857142857142855	YNPDYNAM:0.2857142857142857	SGWDWPQN:0.42857142857142855	TTKSGWDW:0.2857142857142857	ETTKSGWD:0.2857142857142857	GWDWPQNS:0.42857142857142855	SCVFPAKE:0.2857142857142857	VKLNKGEA:0.2857142857142857	EGIGGAFN:0.42857142857142855	EHFSIDRD:0.2857142857142857	QNSLINID:0.42857142857142855	SPWSPPAW:0.42857142857142855	DTKYPSCV:0.2857142857142857	KYPSCVFP:0.2857142857142857	WNMILNET:0.42857142857142855	LPYIKSAL:0.2857142857142857	FTFCRTAI:0.42857142857142855	QNENDADT:0.2857142857142857	DWPQNSLI:0.42857142857142855	PSCVFPAK:0.2857142857142857	SYINSGST:0.2857142857142857	YINSGSTN:0.2857142857142857	LNETTKSG:0.2857142857142857	SKFIQPGD:0.2857142857142857	RICIQNEN:0.2857142857142857	PWSPPAWM:0.42857142857142855	NENDADTK:0.2857142857142857	TIEGIGGA:0.2857142857142857	FCRTAIGA:0.2857142857142857	ADTKYPSC:0.2857142857142857	WSPPAWMK:0.42857142857142855	ENDADTKY:0.2857142857142857	CIQNENDA:0.2857142857142857	IQNENDAD:0.2857142857142857	FTYWNMIL:0.2857142857142857	KSGWDWPQ:0.2857142857142857	GFTFCRTA:0.42857142857142855	NETTKSGW:0.2857142857142857	TKSGWDWP:0.2857142857142857	WPQNSLIN:0.42857142857142855	ICIQNEND:0.2857142857142857	NMILNETT:0.42857142857142855	MILNETTK:0.2857142857142857	QTIEGIGG:0.2857142857142857	TFCRTAIG:0.42857142857142855	IISKFIQP:0.2857142857142857	KFIQPGDV:0.2857142857142857	FHTEGHCY:0.2857142857142857	HTEGHCYN:0.2857142857142857	TEGHCYNG:0.2857142857142857	DFGLDAYS:0.2857142857142857	GLDAYSYS:0.2857142857142857	FGLDAYSY:0.2857142857142857	KYVLPYIK:0.2857142857142857	SDFGLDAY:0.2857142857142857	WNWKQNSL:0.2857142857142857	NSLINIDR:0.2857142857142857	SLINIDRK:0.2857142857142857	
