cluster number:20
GH30:97	GH30_3:97|CBM13:2|CBM5:1|CBM6:1|3.2.1.75:1
SAFHLYAG:0.24742268041237114	GSAFHLYA:0.24742268041237114	VDGSAFHL:0.32989690721649484	AITPQNEP:0.29896907216494845	DGSAFHLY:0.6391752577319587	RISIGASD:0.26804123711340205	GYTLTGGS:0.4020618556701031	ITPQNEPL:0.24742268041237114	IAHASKFV:0.31958762886597936	IDGSAFHL:0.28865979381443296	SAFHLYGG:0.31958762886597936	KNLYFTEQ:0.3711340206185567	YFTEQWVG:0.29896907216494845	EPLHPGNN:0.4742268041237113	NLYFTEQW:0.32989690721649484	ADRPDYPI:0.25773195876288657	PGNNPSLL:0.32989690721649484	YIDGSAFH:0.26804123711340205	LEWNLAAD:0.3917525773195876	GSAFHLYG:0.31958762886597936	NEPLHPGN:0.5154639175257731	FVRPGSVR:0.20618556701030927	YDHNADRP:0.29896907216494845	PDKNLYFT:0.23711340206185566	KFVRPGSV:0.20618556701030927	IKILGSPW:0.20618556701030927	DHNADRPD:0.28865979381443296	PLHPGNNP:0.4742268041237113	GNNPSLLM:0.31958762886597936	QNEPLHPG:0.5154639175257731	TVLEWNLA:0.23711340206185566	NADRPDYP:0.29896907216494845	HNADRPDY:0.29896907216494845	DKNLYFTE:0.23711340206185566	HPGNNPSL:0.41237113402061853	VLEWNLAA:0.3711340206185567	LHPGNNPS:0.4742268041237113	SIGASDLD:0.27835051546391754	KGGSLKPE:0.2268041237113402	DGFGYTLT:0.4329896907216495	FGYTLTGG:0.3917525773195876	YVDGSAFH:0.30927835051546393	YTLTGGSA:0.26804123711340205	GFGYTLTG:0.4020618556701031	KEILAINP:0.2268041237113402	ISIGASDL:0.23711340206185566	YYIIAHAS:0.3402061855670103	EWNLAADP:0.2268041237113402	AYYIIAHA:0.26804123711340205	YIIAHASK:0.32989690721649484	IIAHASKF:0.29896907216494845	TPQNEPLH:0.20618556701030927	LSIGASDL:0.2268041237113402	IDGFGYTL:0.24742268041237114	RLSIGASD:0.2268041237113402	HASKFVRP:0.24742268041237114	AHASKFVR:0.23711340206185566	ASKFVRPG:0.25773195876288657	
