cluster number:10
GH30:123	GH30_1:118|GH30:5|3.2.1.21:1|3.2.1.37:1
TDWNILLD:0.3252032520325203	YIGHFSKF:0.4878048780487805	GAITDASA:0.23577235772357724	VGNFCFAP:0.21951219512195122	IGGAITDA:0.3008130081300813	GWTDWNIL:0.21138211382113822	DWNILLDE:0.22764227642276422	AITDASAE:0.21951219512195122	VSPWSPPA:0.23577235772357724	YTAEEERD:0.3089430894308943	HVGNFCFA:0.21951219512195122	YYYIGHFS:0.5365853658536586	GFHWYETW:0.23577235772357724	PNHVGNFC:0.42276422764227645	WTDWNILL:0.34146341463414637	NHVGNFCF:0.21951219512195122	QNEPMATQ:0.21138211382113822	YYIGHFSK:0.5609756097560976	GGPNHVGN:0.6178861788617886	SCIYTAEE:0.22764227642276422	ESCIYTAE:0.25203252032520324	GPNHVGNF:0.42276422764227645	CIYTAEEE:0.22764227642276422	TAEEERDF:0.36585365853658536	SYYYIGHF:0.34146341463414637	GIGGAITD:0.3008130081300813	GGAITDAS:0.2601626016260163	WESCIYTA:0.2682926829268293	GHFSKFIR:0.21138211382113822	TGGPNHVG:0.2845528455284553	IGHFSKFI:0.4146341463414634	NFCFAPIH:0.21138211382113822	WDHNRDLI:0.2601626016260163	PWSPPAWM:0.5528455284552846	DETGGPNH:0.34959349593495936	WSPPAWMK:0.5528455284552846	LDETGGPN:0.34959349593495936	SPWSPPAW:0.5447154471544715	LLDETGGP:0.22764227642276422	TVQNEPMA:0.21951219512195122	ETGGPNHV:0.3170731707317073	GIGFHWYE:0.2032520325203252	WGIGFHWY:0.21138211382113822	HWYETWTG:0.23577235772357724	LFTEGCQE:0.23577235772357724	ASPWSPPA:0.3821138211382114	SPPAWMKT:0.3008130081300813	EEERDFVK:0.21951219512195122	AEEERDFV:0.24390243902439024	PPAWMKTN:0.2926829268292683	FGGAFTEA:0.24390243902439024	GAFTEAAA:0.2032520325203252	GGAFTEAA:0.21138211382113822	TEGCQEGG:0.21951219512195122	FTEGCQEG:0.23577235772357724	GFGGAFTE:0.2682926829268293	
