cluster number:48
GH30:27	GH30_4:25|GH30:2
PFNEPQWD:0.25925925925925924	KDEWRRAE:0.25925925925925924	AGHSYFTT:0.2222222222222222	NYSRFIRP:0.2222222222222222	IKDEWRRA:0.25925925925925924	FGASDAWS:0.48148148148148145	SPFNEPQW:0.2962962962962963	LGNYSRFI:0.2962962962962963	NFGASDAW:0.3333333333333333	GNYSRFIR:0.2222222222222222	FNEPQWDW:0.25925925925925924	DEWRRAES:0.2962962962962963	YDYKDGLI:0.2962962962962963	EWRRAESF:0.2962962962962963	DYKDGLIY:0.3333333333333333	RFNIGAGS:0.25925925925925924	WRFNIGAG:0.2962962962962963	MLWALGNY:0.3333333333333333	HSYFTTSP:0.5185185185185185	GHSYFTTS:0.48148148148148145	KMLWALGN:0.4074074074074074	QSEYCILG:0.25925925925925924	SKMLWALG:0.4074074074074074	SYFTTSPA:0.2222222222222222	WALGNYSR:0.3333333333333333	LWALGNYS:0.37037037037037035	WQSEYCIL:0.25925925925925924	ALGNYSRF:0.3333333333333333	EYCILGDN:0.2962962962962963	ASDAWSCQ:0.25925925925925924	GASDAWSC:0.25925925925925924	SEYCILGD:0.37037037037037035	SDAWSCQF:0.2222222222222222	SAWHWWLA:0.2222222222222222	NASAWHWW:0.25925925925925924	ANASAWHW:0.25925925925925924	ASAWHWWL:0.2222222222222222	YKDGLIYI:0.25925925925925924	KDGLIYID:0.25925925925925924	PVNEPQWD:0.4074074074074074	SPVNEPQW:0.5185185185185185	VNEPQWDW:0.4074074074074074	ISPVNEPQ:0.2962962962962963	YISPVNEP:0.25925925925925924	YKDGLVYI:0.2222222222222222	SGHSYFTT:0.3333333333333333	DYKDGLVY:0.3333333333333333	ISGHSYFT:0.2962962962962963	KDGLVYID:0.2222222222222222	GIGLSLWR:0.3333333333333333	GLSLWRFN:0.25925925925925924	IGLSLWRF:0.25925925925925924	KGIGLSLW:0.25925925925925924	PKGIGLSL:0.25925925925925924	EPQWDWSD:0.2222222222222222	NEPQWDWS:0.3333333333333333	PYDYKDGL:0.2962962962962963	SPYDYKDG:0.2962962962962963	WMSEYCIL:0.2962962962962963	MSEYCILG:0.25925925925925924	GAGSAEQG:0.2222222222222222	
