cluster number:6
GH30:12	GH30_3:12|CBM32:7|CBM13:3
GFGASLTD:0.5	FPDKGIWF:0.25	DVAFRNPD:0.3333333333333333	LVGGRLKD:0.25	ASTSFGTT:0.4166666666666667	LRQPIGSS:0.3333333333333333	NGQIMDVA:0.4166666666666667	IGVSFLRQ:0.5	PGGALATF:0.5	GWNGQIMD:0.4166666666666667	SLVGGRLK:0.25	ASLTDSAA:0.25	IWFTECSG:0.5833333333333334	VHNENDDP:0.25	ILAYDHNW:0.25	QPIGSSDF:0.3333333333333333	LPGGALAT:0.5	GVSFLRQP:0.5	GTPWSPPA:0.25	VSFLRQPI:0.25	WFTECSGS:0.5	TSFGTTGW:0.4166666666666667	KGIWFTEC:0.5	RNPDGSTA:0.5833333333333334	TGWNGQIM:0.4166666666666667	YPGTDMPV:0.3333333333333333	VNWNIALD:0.4166666666666667	GIGVSFLR:0.5	LPLLREAK:0.25	IMDVAFRN:0.3333333333333333	PPAWMKTT:0.3333333333333333	WNGQIMDV:0.4166666666666667	DKGIWFTE:0.3333333333333333	TPWSPPAW:0.5833333333333334	FRNPDGST:0.5833333333333334	PWSPPAWM:0.6666666666666666	IEALGPKL:0.25	VIEALGPK:0.25	SFLRQPIG:0.3333333333333333	RIASTSFG:0.3333333333333333	HNENDDPR:0.25	DGFGASLT:0.4166666666666667	FGTTGWNG:0.4166666666666667	GSSDFTAA:0.3333333333333333	STSFGTTG:0.4166666666666667	SFGTTGWN:0.4166666666666667	WSPPAWMK:0.8333333333333334	RQPIGSSD:0.3333333333333333	QIMDVAFR:0.3333333333333333	SPPAWMKT:0.8333333333333334	GIWFTECS:0.5	TTGWNGQI:0.4166666666666667	GQIMDVAF:0.4166666666666667	PDKGIWFT:0.3333333333333333	FGASLTDS:0.5	VQNEPQNR:0.4166666666666667	DAYARYLV:0.5	IASTSFGT:0.3333333333333333	MGTPWSPP:0.25	PIGSSDFT:0.25	AEYYTIGH:0.4166666666666667	GTTGWNGQ:0.5833333333333334	MDVAFRNP:0.3333333333333333	VAFRNPDG:0.3333333333333333	IGSSDFTA:0.25	GGPHNGGC:0.25	FLRQPIGS:0.3333333333333333	GASLTDSA:0.25	AFRNPDGS:0.5833333333333334	YDAYARYL:0.5	NIALDSTG:0.25	GGCGTCTG:0.3333333333333333	VGSSDFTA:0.25	NWNIALDS:0.3333333333333333	GCGTCTGL:0.25	DDVPAGQT:0.3333333333333333	STALVVHN:0.4166666666666667	FRGTLTWH:0.3333333333333333	NWAKSVVN:0.25	PPGEDPET:0.25	SFEYTLPG:0.25	DVPAGQTD:0.3333333333333333	KWLAGTAY:0.25	PAGKWLAG:0.25	IYDAYARY:0.3333333333333333	PDGSTALV:0.5833333333333334	AKSVVNWN:0.25	WHARTLAI:0.25	VVNWNIAL:0.4166666666666667	VAVGGRSF:0.25	PETDYPYR:0.25	YDDVPAGQ:0.3333333333333333	MRSLFDPR:0.25	ALVVHNEN:0.4166666666666667	HARTLAIG:0.25	DGSTALVV:0.5	TIGHLSKF:0.3333333333333333	AYARYLVK:0.3333333333333333	GGPHLGGC:0.25	FLRQPVGS:0.25	YTLPGGAL:0.4166666666666667	ILPLLRRA:0.25	GKWLAGTA:0.25	DAEYYTIG:0.3333333333333333	IALDSTGG:0.25	QPVGSSDF:0.25	EYYTIGHL:0.3333333333333333	TAYHCYSG:0.25	AGKWLAGT:0.25	VGGRSFEY:0.25	YHCYSGDP:0.25	WNIALDST:0.25	TECSGSHG:0.3333333333333333	ALATFTWP:0.25	IGHLSKFV:0.3333333333333333	VPAGQTDF:0.25	TLPGGALA:0.4166666666666667	LRQPVGSS:0.25	ILGYDHNW:0.3333333333333333	AYHCYSGD:0.25	FAVAVGGR:0.25	NPDGSTAL:0.5833333333333334	FTECSGSH:0.3333333333333333	GTLTWHAR:0.3333333333333333	EYTLPGGA:0.3333333333333333	RQPVGSSD:0.25	FEYTLPGG:0.4166666666666667	AVAVGGRS:0.25	TDYPYRLL:0.25	YYTIGHLS:0.25	ALDSTGGP:0.25	GRSFEYTL:0.25	GGALATFT:0.3333333333333333	TCTGLLTL:0.25	SVVNWNIA:0.4166666666666667	TLTWHART:0.3333333333333333	RNWAKSVV:0.25	LTWHARTL:0.3333333333333333	YTIGHLSK:0.25	AVGGRSFE:0.25	RSFEYTLP:0.25	LAGTAYHC:0.25	GSTALVVH:0.4166666666666667	ETDYPYRL:0.25	RGTLTWHA:0.3333333333333333	IGTTRNWA:0.25	SFLRQPVG:0.25	MDGFGASL:0.25	EDPETDYP:0.3333333333333333	GALATFTW:0.3333333333333333	LDSTGGPH:0.25	TALVVHNE:0.4166666666666667	GGRSFEYT:0.25	AGTAYHCY:0.5	DPETDYPY:0.3333333333333333	TPPGEDPE:0.25	TWHARTLA:0.25	WAKSVVNW:0.25	LVVHNEND:0.4166666666666667	WLAGTAYH:0.25	KSVVNWNI:0.3333333333333333	GEDPETDY:0.3333333333333333	GTAYHCYS:0.25	PGEDPETD:0.25	PVGSSDFT:0.25	VSFLRQPV:0.25	GYPGTDMP:0.25	LTVQNEPQ:0.3333333333333333	GASLTDSS:0.25	VRPGAVRI:0.25	RYLVKFVQ:0.25	RVWVTTPD:0.25	YARYLVKF:0.25	TYDDVPAG:0.25	ARVWVTTP:0.25	VWVTTPDR:0.25	ATPWSPPA:0.3333333333333333	SSDFTAAA:0.25	WVTTPDRA:0.25	HYTYDDVP:0.25	YTYDDVPA:0.25	ARYLVKFV:0.25	PPAWMKTG:0.3333333333333333	LLQNKLSA:0.25	LQNKLSAA:0.25	TVQNEPQN:0.25	QIFRGTLT:0.25	IFRGTLTW:0.25	DYLTVQNE:0.25	YLTVQNEP:0.25	
