cluster number:25
GH30:14	GH30_5:14|CBM42:2|GH43_20:2|CBM13:1|CBM66:1
WGTSLAWW:0.5	WVYWQAVE:0.2857142857142857	AWVYWQAV:0.2857142857142857	TSLAWWAN:0.2857142857142857	GWGTSLAW:0.5	GTSLAWWA:0.2857142857142857	YDDFADYL:0.2857142857142857	DDFADYLT:0.2857142857142857	GTSLAWWG:0.21428571428571427	ADYLTEVV:0.5	TEVVKHFR:0.21428571428571427	YNIGGGDN:0.21428571428571427	DYLTEVVK:0.5	EVVKHFRD:0.21428571428571427	LTEVVKHF:0.21428571428571427	DFADYLTE:0.21428571428571427	FADYLTEV:0.5	YLTEVVKH:0.2857142857142857	RYNIGGGD:0.35714285714285715	EGWGTSLA:0.42857142857142855	NIGGGDNP:0.21428571428571427	LGYNIFRY:0.2857142857142857	FSNSPPYW:0.7142857142857143	SNSPPYWM:0.7142857142857143	WQSESGPL:0.35714285714285715	ITFRTLEP:0.2857142857142857	IFRYNIGG:0.35714285714285715	DGSNNLRD:0.21428571428571427	SPPYWMTK:0.21428571428571427	GYNIFRYN:0.2857142857142857	YNIFRYNI:0.2857142857142857	GITFRTLE:0.2857142857142857	GSNNLRDD:0.21428571428571427	WGITFRTL:0.2857142857142857	FRYNIGGG:0.42857142857142855	EAFSNSPP:0.7857142857142857	GLGYNIFR:0.2857142857142857	NSPPYWMT:0.7142857142857143	AFSNSPPY:0.7142857142857143	NIFRYNIG:0.35714285714285715	YQTIEGWG:0.21428571428571427	PPYWMTKS:0.21428571428571427	FRTLNPLN:0.21428571428571427	RTLNPLNE:0.21428571428571427	AEAFSNSP:0.21428571428571427	DVPGFQPE:0.21428571428571427	NIGGGENP:0.35714285714285715	RPGGDVPG:0.2857142857142857	KLWMSEYG:0.21428571428571427	LRPGGDVP:0.2857142857142857	GFEGWGTS:0.21428571428571427	LWMSEYGT:0.2857142857142857	RYNIGGGE:0.42857142857142855	VYWQAVED:0.21428571428571427	FEGWGTSL:0.5	PGGDVPGF:0.2857142857142857	QINTHSYN:0.21428571428571427	GGDVPGFQ:0.2857142857142857	YNIGGGEN:0.35714285714285715	MSEYGTGG:0.2857142857142857	INTHSYNG:0.21428571428571427	GDVPGFQP:0.2857142857142857	WMSEYGTG:0.2857142857142857	TLNPLNEP:0.21428571428571427	YWQAVEDE:0.2857142857142857	IAEAFSNS:0.21428571428571427	LNIVRYNI:0.21428571428571427	NIVRYNIG:0.2857142857142857	IVRYNIGG:0.2857142857142857	VRYNIGGG:0.21428571428571427	AFADYLTE:0.21428571428571427	YGTGGSEP:0.21428571428571427	EYGTGGSE:0.21428571428571427	SGSVTGAV:0.21428571428571427	GSVTGAVD:0.21428571428571427	SVTGAVDG:0.21428571428571427	GTGGSEPH:0.21428571428571427	SEYGTGGS:0.21428571428571427	ANNNWGFI:0.21428571428571427	NNNWGFIH:0.21428571428571427	EGWGTSLC:0.21428571428571427	SQEGCHFD:0.21428571428571427	GSQEGCHF:0.21428571428571427	IFEAFSNS:0.2857142857142857	WGTSLCWW:0.21428571428571427	GTSLCWWA:0.21428571428571427	GWGTSLCW:0.21428571428571427	FEAFSNSP:0.35714285714285715	
