cluster number:9
CBM20:134	CBM20:134|GH77:134|2.4.1.25:2
FNLNGQAG:0.26119402985074625	NWGFPTYN:0.5149253731343284	LQILPIND:0.2537313432835821	LRILSLEI:0.26865671641791045	LGMVPDCV:0.22388059701492538	GVGDFGDL:0.2835820895522388	HTWTDSYP:0.23880597014925373	LKGDIPIG:0.4626865671641791	LGFFRIWE:0.6940298507462687	QNWGFPTY:0.5447761194029851	RILSLEIQ:0.26865671641791045	DTQRKVEA:0.208955223880597	VHGLLGQF:0.3208955223880597	YFNLNGQA:0.26119402985074625	QILPINDT:0.5	LNGQAGAP:0.26865671641791045	AVHGLLGQ:0.22388059701492538	GFPTYNWD:0.26865671641791045	SFGVGDFG:0.26119402985074625	THTWTDSY:0.23134328358208955	RINIPANP:0.20149253731343283	FRIWEIPV:0.21641791044776118	ILPINDTT:0.48507462686567165	YFDAYRID:0.3358208955223881	WGFPTYNW:0.5149253731343284	GQAGAPPD:0.373134328358209	NGQNWGFP:0.5149253731343284	EDLGMVPD:0.2462686567164179	FFRIWEIP:0.5597014925373134	HYWRYRMH:0.5223880597014925	FDAYRIDH:0.35074626865671643	NLNGQAGA:0.26119402985074625	TWTDSYPY:0.291044776119403	RDGLYALI:0.22388059701492538	KGDIPIGV:0.291044776119403	FGVGDFGD:0.26119402985074625	VGDFGDLK:0.2537313432835821	DLGMVPDC:0.22388059701492538	ERINIPAN:0.20149253731343283	GFFRIWEI:0.5746268656716418	DGLYALIS:0.22388059701492538	NGQAGAPP:0.3656716417910448	GQNWGFPT:0.5447761194029851	VAVPVFSL:0.26119402985074625	AGVAVPVF:0.26119402985074625	LICGEDLG:0.31343283582089554	RIDHILGF:0.8134328358208955	GDLPIGIY:0.26119402985074625	SVEAWTEP:0.30597014925373134	HILGFFRI:0.8208955223880597	PVFSLRSE:0.373134328358209	ILGFFRIW:0.8208955223880597	IDHILGFF:0.8134328358208955	GVAVPVFS:0.26119402985074625	SVYALHPQ:0.20149253731343283	MLICGEDL:0.29850746268656714	GEDLGMVP:0.2835820895522388	VPVFSLRS:0.26865671641791045	LKGDLPIG:0.23134328358208955	KGDLPIGI:0.29850746268656714	LPINDTTA:0.208955223880597	DHILGFFR:0.8208955223880597	DLPIGIYR:0.26119402985074625	CGEDLGMV:0.2835820895522388	WTDSYPYA:0.20149253731343283	AVPVFSLR:0.21641791044776118	VCTTSTHD:0.208955223880597	VCGEDLGM:0.2835820895522388	GAPPDDFS:0.34328358208955223	AYRIDHIL:0.30597014925373134	YRIDHILG:0.31343283582089554	KGDIPIGI:0.2537313432835821	CTTSTHDM:0.208955223880597	SVCTTSTH:0.208955223880597	YWRYRMHL:0.27611940298507465	LEIQRMPK:0.2835820895522388	CGEDLGMI:0.20149253731343283	GEDLGMIP:0.20149253731343283	ILSLEIQR:0.2537313432835821	SLEIQRMP:0.27611940298507465	FRIDHILG:0.23880597014925373	LSLEIQRM:0.26865671641791045	IGIYRHSV:0.21641791044776118	SYPYAAIS:0.22388059701492538	PIGIYRHS:0.21641791044776118	QAGAPPDD:0.3656716417910448	AGAPPDDF:0.3656716417910448	LPIGIYRH:0.21641791044776118	YPYAAISV:0.20149253731343283	DSYPYAAI:0.23134328358208955	DIPIGISR:0.208955223880597	LVCGEDLG:0.291044776119403	GDIPIGIS:0.208955223880597	MLVCGEDL:0.2835820895522388	
