cluster number:25
CBM20:90	CBM20:90|GH15:78|3.2.1.3:26|GH13_1:2
TWSYAALL:0.2111111111111111	DGPALRAT:0.4444444444444444	ALRATAMI:0.26666666666666666	QHRALVEG:0.35555555555555557	WSYAALLT:0.2111111111111111	RDGPALRA:0.7	TWTRDSAL:0.25555555555555554	AAAEQLYD:0.5555555555555556	YVAQYWNQ:0.26666666666666666	AVGRYPED:0.26666666666666666	WGRPQRDG:0.8444444444444444	TGSWGRPQ:0.2222222222222222	VAVGRYPE:0.26666666666666666	AVAVGRYP:0.2111111111111111	VAQYWNQT:0.26666666666666666	SWGRPQRD:0.26666666666666666	GRYPEDVY:0.2	PALRATAM:0.26666666666666666	QRDGPALR:0.7111111111111111	GSWGRPQR:0.25555555555555554	PQRDGPAL:0.7222222222222222	AAEQLYDA:0.5	LGEPKFNV:0.25555555555555554	GLGEPKFN:0.34444444444444444	YTWTRDSA:0.25555555555555554	HRALVEGS:0.2222222222222222	GPALRATA:0.4	SYAALLTA:0.2	GNPWYLAT:0.2777777777777778	LTWSYAAL:0.2222222222222222	GRPQRDGP:0.8444444444444444	LCFLQSYW:0.2	RPQRDGPA:0.7111111111111111	DPNRSYTV:0.2	EVNGSSFF:0.25555555555555554	WEEVNGSS:0.24444444444444444	DLWEEVNG:0.26666666666666666	LWEEVNGS:0.24444444444444444	VNGSSFFT:0.24444444444444444	VTWESDPN:0.2222222222222222	VDSFRSIY:0.35555555555555557	LAAAEQLY:0.36666666666666664	TLAAAEQL:0.34444444444444444	VVDSFRSI:0.28888888888888886	EEVNGSSF:0.24444444444444444	GGLGEPKF:0.36666666666666664	DLTWSYAA:0.4666666666666667	LTWSYAAF:0.2777777777777778	TWSYAAFL:0.2111111111111111	AEQLYDAL:0.3	NPDYFYTW:0.2	VGSISQLG:0.2222222222222222	EQLYDALY:0.2222222222222222	ARDLTWSY:0.2111111111111111	SARDLTWS:0.2111111111111111	DYFYTWTR:0.3	YFYTWTRD:0.3	PDYFYTWT:0.3	GEPKFNVD:0.2222222222222222	RDLTWSYA:0.2111111111111111	FYTWTRDS:0.25555555555555554	AQYWNQTG:0.2777777777777778	TFQPCSDK:0.3333333333333333	TGFDLWEE:0.3888888888888889	QYWNQTGF:0.2222222222222222	QTGFDLWE:0.23333333333333334	WNQTGFDL:0.23333333333333334	TRDSALVF:0.2	GPALRAIA:0.2222222222222222	YWNQTGFD:0.2222222222222222	RDSALVFK:0.2	WTRDSALV:0.2111111111111111	GFDLWEEV:0.45555555555555555	PCSDKALS:0.2	NQTGFDLW:0.23333333333333334	QPCSDKAL:0.32222222222222224	HRALVEGA:0.2222222222222222	TSTSLAFF:0.2	PALRAIAL:0.2111111111111111	FQPCSDKA:0.32222222222222224	DGPALRAI:0.2222222222222222	NGNPWYLA:0.2222222222222222	NTGGGRSG:0.2222222222222222	TGGGRSGK:0.2111111111111111	SGGLGEPK:0.2222222222222222	GGGRSGKD:0.24444444444444444	GRYPEDSY:0.26666666666666666	AWGRPQRD:0.2222222222222222	GAWGRPQR:0.2	RYPEDSYY:0.2111111111111111	
