cluster number:19
CBM20:21	CBM20:21|GH13_32:16|GH13:3|3.2.1.-:1|GH14:1
FTDNHDNQ:0.42857142857142855	GQSVYVVG:0.38095238095238093	NVFMLGWP:0.23809523809523808	WTRYQPVS:0.47619047619047616	YGYPQVMS:0.3333333333333333	TRYQPVSY:0.47619047619047616	EVIDLGGE:0.2857142857142857	YNLANVFM:0.23809523809523808	LANVFMLG:0.23809523809523808	PYGYPQVM:0.3333333333333333	WKCLKREE:0.23809523809523808	HDNQRGHG:0.5238095238095238	LGWPYGYP:0.3333333333333333	QVSPPNEH:0.3333333333333333	DNHDNQRG:0.5238095238095238	VFMLGWPY:0.3333333333333333	VQVSPPNE:0.2857142857142857	QSVYVVGN:0.23809523809523808	FRIDAAKH:0.38095238095238093	FMLGWPYG:0.3333333333333333	RIDAAKHM:0.3333333333333333	EWKCLKRE:0.23809523809523808	VFTDNHDN:0.42857142857142855	NGNNQIAF:0.38095238095238093	AVQVSPPN:0.2857142857142857	WPYGYPQV:0.3333333333333333	QRGHGAGG:0.3333333333333333	ANVFMLGW:0.23809523809523808	YPQVMSSY:0.3333333333333333	VVFTDNHD:0.42857142857142855	NLANVFML:0.23809523809523808	AVVFTDNH:0.42857142857142855	WWDNGNNQ:0.38095238095238093	TDNHDNQR:0.42857142857142855	DNQRGHGA:0.3333333333333333	MLGWPYGY:0.3333333333333333	VHLFEWKW:0.38095238095238093	DNGNNQIA:0.3333333333333333	QWWTRYQP:0.2857142857142857	GYPQVMSS:0.3333333333333333	WWTRYQPV:0.47619047619047616	GFRIDAAK:0.38095238095238093	NHDNQRGH:0.5238095238095238	NQRGHGAG:0.3333333333333333	WDNGNNQI:0.3333333333333333	VIDLGGEA:0.23809523809523808	FVAINREG:0.23809523809523808	IANMVAFR:0.3333333333333333	YGYPKVMS:0.3333333333333333	PYGYPKVM:0.3333333333333333	QVSPPQEH:0.2857142857142857	AFVHLFEW:0.2857142857142857	LAWPYGYP:0.38095238095238093	WPYGYPKV:0.2857142857142857	ANMVAFRN:0.23809523809523808	FQEVIDLG:0.23809523809523808	RYQPVSYQ:0.2857142857142857	GFVAINRE:0.23809523809523808	YPKVMSSY:0.3333333333333333	AVQVSPPQ:0.42857142857142855	FMLAWPYG:0.2857142857142857	VQVSPPQE:0.23809523809523808	IDLGGEAV:0.23809523809523808	GYPKVMSS:0.3333333333333333	QEVIDLGG:0.23809523809523808	MLAWPYGY:0.23809523809523808	TAFVHLFE:0.23809523809523808	VGVDIYVD:0.23809523809523808	YVDAVINH:0.5238095238095238	AGFRIDAA:0.2857142857142857	LGVAGFRI:0.23809523809523808	AVGVDIYV:0.23809523809523808	VAGFRIDA:0.3333333333333333	VDIYVDAV:0.2857142857142857	GVAGFRID:0.3333333333333333	GVDIYVDA:0.2857142857142857	PRTAFVHL:0.23809523809523808	VDAVINHM:0.42857142857142855	DIYVDAVI:0.2857142857142857	IYVDAVIN:0.42857142857142855	PYIFQEVI:0.23809523809523808	SRSGTRAE:0.2857142857142857	HLFEWKWT:0.23809523809523808	RSGTRAEF:0.3333333333333333	FVHLFEWK:0.23809523809523808	LFEWKWTD:0.2857142857142857	FEWKWTDI:0.23809523809523808	EWKWTDIA:0.23809523809523808	AAVQVSPP:0.2857142857142857	IEWKCLKR:0.23809523809523808	LGPKGFAA:0.23809523809523808	
