cluster number:301
GT0:12	GT0:12
VIDDLANR:0.4166666666666667	GHVMRCLT:0.5833333333333334	LANRKHDC:0.3333333333333333	RKHDCDLL:0.3333333333333333	NRKHDCDL:0.3333333333333333	IDDLANRK:0.3333333333333333	MVIDDLAN:0.4166666666666667	QIGSGHVM:0.25	KIMVIDDL:0.25	DDLANRKH:0.3333333333333333	IGSGHVMR:0.4166666666666667	VMRCLTLA:0.5833333333333334	HDCDLLLD:0.75	DLANRKHD:0.3333333333333333	KHDCDLLL:0.3333333333333333	GSGHVMRC:0.5833333333333334	HVMRCLTL:0.5833333333333334	ANRKHDCD:0.3333333333333333	IMVIDDLA:0.5833333333333334	SGHVMRCL:0.5833333333333334	CDLLLDQN:0.6666666666666666	DCDLLLDQ:0.6666666666666666	RCFLGLPT:0.25	YALLRPEF:0.4166666666666667	LLGPKYAL:0.25	CFLGLPTI:0.25	GPKYALLR:0.3333333333333333	LGPKYALL:0.25	ERCFLGLP:0.25	DALRERGA:0.25	TLADALRE:0.25	DRRHDCDL:0.4166666666666667	DDLADRRH:0.4166666666666667	LADRRHDC:0.4166666666666667	DLADRRHD:0.4166666666666667	ADRRHDCD:0.4166666666666667	RCLTLADA:0.25	IDDLADRR:0.4166666666666667	VIDDLADR:0.25	ALRERGAE:0.25	LTLADALR:0.25	RRHDCDLL:0.4166666666666667	MRCLTLAD:0.3333333333333333	MVIDDLAD:0.25	LADALRER:0.25	CLTLADAL:0.25	ADALRERG:0.25	RHDCDLLL:0.4166666666666667	DNMAELMA:0.25	VAIRADAS:0.3333333333333333	IRADASVQ:0.25	AIRADASV:0.25	KVAIRADA:0.3333333333333333	LGLPTIAI:0.25	LRERGAEV:0.25	DLLLDQNL:0.3333333333333333	VITVADNQ:0.25	ITVADNQI:0.25	
