cluster number:244
GT0:11	GT0:11
GIILEDDC:0.7272727272727273	DWDCEVKT:0.36363636363636365	WGWATWRR:0.5454545454545454	WATWRRAW:0.5454545454545454	ILEDDCLP:0.6363636363636364	CEVKTLFR:0.36363636363636365	LEDDCLPD:0.2727272727272727	DCEVKTLF:0.36363636363636365	IILEDDCL:0.6363636363636364	GWATWRRA:0.5454545454545454	WDCEVKTL:0.36363636363636365	YVAADGPR:0.2727272727272727	NWFFENEE:0.2727272727272727	LYVAADGP:0.2727272727272727	EEGIILED:0.2727272727272727	EGIILEDD:0.2727272727272727	
