cluster number:267
GT0:6	GT0:6
YIPNFEGY:0.3333333333333333	ITITDADV:0.5	HSKENLGK:0.3333333333333333	ITDADVLF:0.5	GCGHFVAT:0.5	GNLEPLIT:0.3333333333333333	IIPVYIPN:0.5	TITDADVL:0.5	LITITDAD:0.5	AGMVSPVP:0.3333333333333333	CGHFVATL:0.3333333333333333	TDADVLFK:0.3333333333333333	LEPLITIT:0.3333333333333333	PLITITDA:0.3333333333333333	VIIPVYIP:0.5	MGCGHFVA:0.3333333333333333	FHSKENLG:0.3333333333333333	AVMGCGHF:0.3333333333333333	IPNFEGYF:0.3333333333333333	VFHSKENL:0.3333333333333333	QVFHSKEN:0.3333333333333333	PVYIPNFE:0.3333333333333333	DQVFHSKE:0.3333333333333333	EPLITITD:0.6666666666666666	NLEPLITI:0.3333333333333333	VYIPNFEG:0.3333333333333333	VMGCGHFV:0.3333333333333333	NYAYHMGN:0.3333333333333333	SPVPSSKV:0.3333333333333333	HQVIIPVY:0.3333333333333333	YIPNEEGY:0.3333333333333333	QVIIPVYI:0.3333333333333333	PVYIPNEE:0.3333333333333333	GHFVATYR:0.5	IPVYIPNE:0.3333333333333333	IPNEEGYF:0.3333333333333333	VYIPNEEG:0.3333333333333333	
