cluster number:221
GT0:7	GT0:7
EWSRGKCA:0.5714285714285714	SGKPPEGL:0.42857142857142855	SVMSGKPP:0.42857142857142855	EQFLPYWK:0.2857142857142857	GKPVIASA:0.2857142857142857	YMAYGKPV:0.42857142857142855	LVDDEWSR:0.2857142857142857	VWLQRKLL:0.2857142857142857	FSVMSGKP:0.42857142857142855	YGKPVIAS:0.2857142857142857	AYGKPVIA:0.2857142857142857	GKPPEGLK:0.42857142857142855	YDYVWLQR:0.5714285714285714	SYRYRVEQ:0.42857142857142855	ASYRYRVE:0.42857142857142855	MAYGKPVI:0.2857142857142857	DEWSRGKC:0.5714285714285714	RYRVEQFL:0.42857142857142855	KYDYVWLQ:0.2857142857142857	LIYDYDDA:0.42857142857142855	KPVIASAV:0.2857142857142857	IASAVGAN:0.2857142857142857	WSRGKCAF:0.7142857142857143	GKCAFKLL:0.5714285714285714	KPPEGLKT:0.42857142857142855	DDEWSRGK:0.5714285714285714	VRFSVMSG:0.42857142857142855	KCAFKLLQ:0.5714285714285714	YRYRVEQF:0.42857142857142855	ASLVFAGS:0.2857142857142857	PLVDDEWS:0.2857142857142857	RVEQFLPY:0.2857142857142857	IYDYDDAL:0.42857142857142855	AFKLLQYM:0.5714285714285714	VDDEWSRG:0.2857142857142857	YVWLQRKL:0.2857142857142857	QASYRYRV:0.7142857142857143	VIASAVGA:0.2857142857142857	MSGKPPEG:0.42857142857142855	SRGKCAFK:0.7142857142857143	VEQFLPYW:0.2857142857142857	YRVEQFLP:0.42857142857142855	RGKCAFKL:1.0	YDYDDALY:0.5714285714285714	CAFKLLQY:0.5714285714285714	RFSVMSGK:0.5714285714285714	MPLVDDEW:0.2857142857142857	QYMAYGKP:0.42857142857142855	PVIASAVG:0.2857142857142857	VMSGKPPE:0.42857142857142855	FKLLQYMA:0.5714285714285714	DYVWLQRK:0.5714285714285714	IQYMAYGK:0.2857142857142857	KLIQYMAY:0.2857142857142857	LIQYMAYG:0.2857142857142857	AFKLIQYM:0.2857142857142857	FKLIQYMA:0.2857142857142857	CAFKLIQY:0.2857142857142857	IDIGIMPL:0.42857142857142855	GKCAFKLI:0.42857142857142855	KCAFKLIQ:0.2857142857142857	TVTIGWIG:0.2857142857142857	PEGLKTRW:0.2857142857142857	KLSIALRS:0.2857142857142857	SYPEKLSI:0.2857142857142857	TSKSYPEK:0.2857142857142857	RITSKSYP:0.2857142857142857	MIRILCLH:0.2857142857142857	SIDIGIMP:0.2857142857142857	GWIGNTGN:0.2857142857142857	QYMAHGKP:0.2857142857142857	IGNTGNLY:0.2857142857142857	FLPYWKEY:0.2857142857142857	YMAHGKPV:0.2857142857142857	LQYMAHGK:0.2857142857142857	LRITSKSY:0.2857142857142857	EGLKTRWE:0.2857142857142857	GLKTRWEF:0.2857142857142857	PEKLSIAL:0.2857142857142857	YPEKLSIA:0.2857142857142857	IGWIGNTG:0.2857142857142857	VWLQRKPL:0.2857142857142857	YERQRVQE:0.2857142857142857	RLIYDYDD:0.2857142857142857	YVWLQRKP:0.2857142857142857	LLQYMAHG:0.2857142857142857	NQASYRYR:0.42857142857142855	NTGNLYFL:0.2857142857142857	EKLSIALR:0.2857142857142857	ITSKSYPE:0.2857142857142857	DYDDALYA:0.42857142857142855	KLLQYMAH:0.42857142857142855	GNTGNLYF:0.2857142857142857	WLQRKPLS:0.2857142857142857	QFLPYWKE:0.2857142857142857	KSYPEKLS:0.2857142857142857	AENQASYR:0.42857142857142855	VFAGSDAL:0.2857142857142857	SSLVFAGS:0.2857142857142857	WIGNTGNL:0.2857142857142857	ENQASYRY:0.42857142857142855	TIGWIGNT:0.2857142857142857	SKSYPEKL:0.2857142857142857	ILCLHVAE:0.2857142857142857	
