cluster number:214
GT0:14	GT0:14
ASFAKQGG:0.35714285714285715	ALWIRAGT:0.21428571428571427	ALLLNATL:0.21428571428571427	LIGGQAGL:0.2857142857142857	HGWASFAK:0.2857142857142857	WASFAKQG:0.35714285714285715	IGGQAGLA:0.2857142857142857	GGQAGLAT:0.2857142857142857	NWPAILYP:0.2857142857142857	SFAKQGGR:0.35714285714285715	AALLLNAT:0.21428571428571427	LSAARLAA:0.21428571428571427	GWASFAKQ:0.2857142857142857	GQAGLATP:0.2857142857142857	EAYYWVWS:0.5714285714285714	DEAYYWVW:0.5714285714285714	AYYWVWSR:0.5714285714285714	PDEAYYWV:0.5714285714285714	SFLKQGGR:0.21428571428571427	LGGQIGLA:0.2857142857142857	IGLATPLI:0.21428571428571427	WNATHDWA:0.21428571428571427	GLAFDSKY:0.35714285714285715	NWPVVIYP:0.21428571428571427	RVQANWPV:0.2857142857142857	TPDEAYYW:0.42857142857142855	LAFDSKYT:0.35714285714285715	YLDHPPMV:0.35714285714285715	QIGLATPL:0.35714285714285715	LTPDEAYY:0.35714285714285715	LLGGQIGL:0.2857142857142857	TGDWHPAR:0.21428571428571427	AHHDVIAR:0.21428571428571427	AFDSKYTA:0.35714285714285715	ALWALGRL:0.21428571428571427	WPVVIYPA:0.21428571428571427	LWALGRLI:0.21428571428571427	YYWVWSRH:0.21428571428571427	QGGRTGDW:0.2857142857142857	GRVQANWP:0.21428571428571427	HHDVIARQ:0.21428571428571427	AATMTPDT:0.2857142857142857	LGELLGGQ:0.2857142857142857	VFVQHAFG:0.2857142857142857	ALQFLGEL:0.21428571428571427	SYLDHPPM:0.21428571428571427	VQHAFGGR:0.21428571428571427	HAFGGRVQ:0.21428571428571427	LNATLMLG:0.35714285714285715	HPARALQF:0.21428571428571427	GLATPLIF:0.35714285714285715	QFLGELLG:0.2857142857142857	DWHPARAL:0.21428571428571427	WASFLKQG:0.21428571428571427	VRWLGPVS:0.21428571428571427	VQANWPVV:0.21428571428571427	GAATMTPD:0.2857142857142857	SAHHDVIA:0.21428571428571427	QHAFGGRV:0.21428571428571427	GGQIGLAT:0.35714285714285715	FGLAFDSK:0.21428571428571427	LPLTPDEA:0.2857142857142857	GQIGLATP:0.35714285714285715	GELLGGQI:0.2857142857142857	AFGGRVQA:0.21428571428571427	LSAHHDVI:0.21428571428571427	QANWPVVI:0.21428571428571427	ANWPVVIY:0.21428571428571427	ELLGGQIG:0.2857142857142857	GGRVQANW:0.21428571428571427	RTGDWHPA:0.2857142857142857	LLNATLML:0.35714285714285715	LDHPPMVA:0.35714285714285715	AVFVQHAF:0.2857142857142857	WHPARALQ:0.21428571428571427	FLGELLGG:0.2857142857142857	RALQFLGE:0.21428571428571427	FVQHAFGG:0.21428571428571427	PARALQFL:0.21428571428571427	ATMTPDTP:0.2857142857142857	ASFLKQGG:0.21428571428571427	GVRWLGPV:0.21428571428571427	GGRTGDWH:0.2857142857142857	GDWHPARA:0.2857142857142857	FGGRVQAN:0.21428571428571427	YWVWSRHL:0.21428571428571427	PLTPDEAY:0.35714285714285715	GRTGDWHP:0.2857142857142857	LQFLGELL:0.21428571428571427	ARALQFLG:0.21428571428571427	NATHDWAS:0.21428571428571427	WVWSRHLQ:0.21428571428571427	MTPDTPLL:0.2857142857142857	YYWVWSRA:0.21428571428571427	SPDEAYYW:0.2857142857142857	PDTPLLFF:0.2857142857142857	TPDTPLLF:0.2857142857142857	TMTPDTPL:0.2857142857142857	YWVWSRAL:0.21428571428571427	GYLDHPPM:0.21428571428571427	DSKYTAVL:0.2857142857142857	LMLGLGAA:0.21428571428571427	LLLNATLM:0.21428571428571427	NATLMLGL:0.21428571428571427	FDSKYTAV:0.21428571428571427	ATLMLGLG:0.21428571428571427	TLMLGLGA:0.21428571428571427	MLGLGAAT:0.21428571428571427	VSPDEAYY:0.21428571428571427	DRVQPNWP:0.21428571428571427	GDRVQPNW:0.21428571428571427	HAFGDRVQ:0.21428571428571427	YGLASQLA:0.21428571428571427	FAKQGGRA:0.21428571428571427	
