cluster number:289
GT0:19	GT0:19|GT4:1
GFIGLRND:0.21052631578947367	LQFFHYSG:0.21052631578947367	ARTLGDSL:0.3684210526315789	SLVLTPHT:0.3157894736842105	ITELNTAV:0.631578947368421	VIYFDPDI:0.42105263157894735	NLGFIGLR:0.21052631578947367	HLNTGIFN:0.21052631578947367	EQHHLNTG:0.2631578947368421	GYNVAYWN:0.2631578947368421	NEQHHLNT:0.2631578947368421	SVNYLAQA:0.21052631578947367	TELNTAVK:0.631578947368421	PDIIVFQP:0.3157894736842105	YDITELNT:0.47368421052631576	NTGIFNLG:0.2631578947368421	LNTAVKPF:0.5789473684210527	YLAQARTL:0.42105263157894735	AQARTLGD:0.3684210526315789	TGIFNLGF:0.2631578947368421	QFFHYSGY:0.21052631578947367	LNTGIFNL:0.2631578947368421	RYDITELN:0.47368421052631576	YECRIDLC:0.3157894736842105	IYFDPDII:0.47368421052631576	CSVNYLAQ:0.21052631578947367	LGFIGLRN:0.21052631578947367	DIIVFQPL:0.3157894736842105	GIFNLGFI:0.21052631578947367	DPDIIVFQ:0.3157894736842105	PNEQHHLN:0.2631578947368421	QARTLGDS:0.3684210526315789	FNLGFIGL:0.21052631578947367	ELNTAVKP:0.7368421052631579	NYLAQART:0.42105263157894735	NTAVKPFF:0.21052631578947367	LAQARTLG:0.42105263157894735	IFNLGFIG:0.21052631578947367	TLAFTICS:0.21052631578947367	QHHLNTGI:0.2631578947368421	YFDPDIIV:0.47368421052631576	FDPDIIVF:0.3684210526315789	DITELNTA:0.47368421052631576	GLFVDQHW:0.3684210526315789	IIGLVDKL:0.21052631578947367	AYWNLHER:0.5789473684210527	VDQHWVNF:0.3157894736842105	CSINYLAQ:0.47368421052631576	FVDQHWVN:0.3157894736842105	SINYLAQA:0.47368421052631576	HWVNFAPV:0.21052631578947367	LFVDQHWV:0.3157894736842105	QHWVNFAP:0.3157894736842105	INYLAQAR:0.3684210526315789	DQHWVNFA:0.3157894736842105	ICSINYLA:0.42105263157894735	AMCDRYDI:0.21052631578947367	KDRLVYEC:0.21052631578947367	AAMCDRYD:0.21052631578947367	FTICSINY:0.3684210526315789	DRLVYECR:0.21052631578947367	LVYECRID:0.21052631578947367	AFTICSIN:0.2631578947368421	LGYNMAYW:0.21052631578947367	CDRYDITE:0.2631578947368421	RLVYECRI:0.21052631578947367	NMAYWNLH:0.2631578947368421	FAAMCDRY:0.21052631578947367	DRYDITEL:0.2631578947368421	WKDRLVYE:0.21052631578947367	TICSINYL:0.42105263157894735	VYECRIDL:0.21052631578947367	MCDRYDIT:0.2631578947368421	NTAVKPFY:0.3684210526315789	GYNMAYWN:0.21052631578947367	WWKDRLVY:0.21052631578947367	MAYWNLHE:0.2631578947368421	HSLVLTPH:0.2631578947368421	RTLGDSLR:0.21052631578947367	YPCVYIKP:0.21052631578947367	PCVYIKPP:0.21052631578947367	TAVKPFYF:0.21052631578947367	YWNLHERT:0.21052631578947367	WVNFAPVY:0.21052631578947367	GIYNLGFL:0.21052631578947367	
