cluster number:100
GT0:81	GT0:81
GANTAELG:0.7160493827160493	CLTTVGAN:0.5679012345679012	LDAMRAWD:0.25925925925925924	VLFLGGDQ:0.5061728395061729	FLLWGKTA:0.2839506172839506	ANTAELGA:0.49382716049382713	PMIVLLPT:0.48148148148148145	PVAPTLDL:0.37037037037037035	FLGGDQFF:0.5308641975308642	TTVGANTA:0.9012345679012346	LGGDQFFP:0.2716049382716049	VGANTAEL:0.7654320987654321	QLDAMRAW:0.24691358024691357	IPVAPTLD:0.35802469135802467	NTAELGAL:0.49382716049382713	LFLGGDQF:0.43209876543209874	AWPNIWAK:0.3333333333333333	DAMRAWDG:0.2962962962962963	LTTVGANT:0.7901234567901234	LCLTTVGA:0.2839506172839506	TVGANTAE:0.7654320987654321	NGPGEVTT:0.345679012345679	RPVVKALR:0.2962962962962963	GLLPGSKA:0.24691358024691357	ILSNGPGE:0.7407407407407407	PGSKAAKL:0.2962962962962963	TAELGALG:0.2962962962962963	IGLLPGSK:0.3950617283950617	GEVTTWVR:0.2839506172839506	AEWEARWH:0.2345679012345679	TWVRPVVK:0.41975308641975306	SNGPGEVT:0.2839506172839506	WVRPVVKA:0.32098765432098764	PGEVTTWV:0.2839506172839506	TTWVRPVV:0.4444444444444444	VRPVVKAL:0.2962962962962963	VTTWVRPV:0.2839506172839506	VYAEWEAR:0.24691358024691357	EVTTWVRP:0.2839506172839506	LSNGPGEV:0.35802469135802467	AWPNIWAQ:0.2222222222222222	YAEWEARW:0.5061728395061729	LPGSKAAK:0.2962962962962963	GPGEVTTW:0.345679012345679	LAWPNIWA:0.3950617283950617	GVVLFLGG:0.2962962962962963	RISVVLSP:0.32098765432098764	VVLFLGGD:0.2962962962962963	LPGLLANL:0.2345679012345679	ILILSNGP:0.5308641975308642	PGLLANLP:0.2716049382716049	YPEVDRVQ:0.5802469135802469	VDILILSN:0.2716049382716049	FVIPVAPT:0.25925925925925924	DGLPGLLA:0.2962962962962963	DILILSNG:0.5308641975308642	SVVLSPCP:0.2222222222222222	GLPGLLAN:0.2345679012345679	PTQQLDAM:0.5679012345679012	SYPEVDRV:0.4691358024691358	YAWPNIWA:0.20987654320987653	WDGLPGLL:0.3333333333333333	LILSNGPG:0.6419753086419753	KFTVVGDL:0.3333333333333333	ISVVLSPC:0.32098765432098764	FTVVGDLM:0.2839506172839506	VPMIVLLP:0.30864197530864196	QFLLWGKT:0.20987654320987653	LPTQQLDA:0.5185185185185185	VVFLGGDQ:0.20987654320987653	EIVPELVG:0.25925925925925924	IVLLPTQQ:0.37037037037037035	LLPTQQLD:0.5061728395061729	TQQLDAMR:0.5432098765432098	WQFLLWGK:0.20987654320987653	VIPVAPTL:0.25925925925925924	GKRLGYRT:0.24691358024691357	VLLPTQQL:0.4444444444444444	FWQFLLWG:0.2222222222222222	MIVLLPTQ:0.43209876543209874	HKFTVVGD:0.24691358024691357	GVPLTLAI:0.2222222222222222	VPLTLAIA:0.2222222222222222	GLLANLPG:0.20987654320987653	RISVILSP:0.20987654320987653	LANLPGVG:0.25925925925925924	ALSYPEVD:0.2222222222222222	ICLTTVGA:0.2716049382716049	ISVILSPC:0.20987654320987653	LSYPEVDR:0.2222222222222222	IALSYPEV:0.2222222222222222	QGVPLTLA:0.2222222222222222	PEVDRVQS:0.20987654320987653	ALTTVGAN:0.20987654320987653	IYAEWEAR:0.24691358024691357	LLAWPNIW:0.345679012345679	GLLAWPNI:0.32098765432098764	RKGLLAWP:0.20987654320987653	QQLDAMRS:0.2222222222222222	KGLLAWPN:0.2222222222222222	QLDAMRSW:0.25925925925925924	DAMRSWDG:0.25925925925925924	LDAMRSWD:0.25925925925925924	KLAQGVPL:0.2962962962962963	LSNGPGEI:0.25925925925925924	
