cluster number:125
GT0:11	GT0:11
HRDELYFL:0.7272727272727273	TANYGEAG:0.45454545454545453	ANYGEAGA:0.5454545454545454	YHRDELYF:1.0	WWLAAGAV:0.36363636363636365	VLTANYGE:0.45454545454545453	YGYHRDEL:1.0	NYGEAGAL:0.45454545454545453	LTANYGEA:0.45454545454545453	GYHRDELY:1.0	GYGYHRDE:0.36363636363636365	LLAREFGG:0.2727272727272727	GRYGYHRD:0.45454545454545453	LYFLLAGR:0.2727272727272727	LAGRYGYH:0.2727272727272727	YFLLAGRH:0.2727272727272727	RYGYHRDE:0.6363636363636364	DELYFLLA:0.2727272727272727	RDELYFLL:0.2727272727272727	AGRYGYHR:0.36363636363636365	FLLAGRHL:0.2727272727272727	ELYFLLAG:0.2727272727272727	YDAGETIG:0.36363636363636365	AGETIGWP:0.36363636363636365	NYDAGETI:0.36363636363636365	DAGETIGW:0.36363636363636365	VNYDAGET:0.36363636363636365	HRDELYFR:0.2727272727272727	NYGEAGAV:0.2727272727272727	VPIWIAGL:0.2727272727272727	AIAGGSSG:0.2727272727272727	GRGAQALA:0.2727272727272727	ELYFLAAG:0.2727272727272727	GGGRGAQA:0.2727272727272727	LYFLAAGR:0.2727272727272727	DELYFLAA:0.2727272727272727	RAIAGGSS:0.2727272727272727	GYPDQPPL:0.2727272727272727	AGGSSGTS:0.2727272727272727	RDELYFLA:0.2727272727272727	GGKAYYLG:0.2727272727272727	GGRGAQAL:0.2727272727272727	GGSSGTSD:0.2727272727272727	IAGGSSGT:0.2727272727272727	RGAQALAA:0.2727272727272727	WGYPDQPP:0.2727272727272727	
