cluster number:33
GH103:6	GH103:6
SFASAANY:0.5	LATLSFDK:0.5	TLSFDKRR:0.5	ATLSFDKR:0.5	INNYAIDY:0.3333333333333333	FASAANYL:0.3333333333333333	NYAIDYDK:0.3333333333333333	LYGSWAGA:0.8333333333333334	DSFASAAN:0.5	LSFDKRRS:0.5	EDSFASAA:0.3333333333333333	WNRSLRFA:0.6666666666666666	GNFQFMPS:0.3333333333333333	KYDRFQPE:0.3333333333333333	GFFQFMPS:0.6666666666666666	GAFGFFQF:0.6666666666666666	TNFGTYVG:0.6666666666666666	YDRFQPEF:0.6666666666666666	ILSSLATL:0.3333333333333333	YEDTKTYI:0.6666666666666666	WAGAFGFF:0.6666666666666666	CTLKDKFK:0.5	GTYVGKMD:0.6666666666666666	NYEVILKW:0.3333333333333333	GIETNFGT:0.8333333333333334	FQPEFYED:0.6666666666666666	DILSSLAT:0.3333333333333333	LKWNRSLR:0.6666666666666666	ITLLKLIE:0.3333333333333333	FFQFMPST:0.6666666666666666	VILKWNRS:0.3333333333333333	SLATLSFD:0.3333333333333333	TLKDKFKN:0.3333333333333333	EVILKWNR:0.3333333333333333	DRFQPEFY:0.6666666666666666	LAVCTLKD:0.5	IKYDRFQP:0.3333333333333333	KWNRSLRF:0.6666666666666666	ELITLLKL:0.5	GSWAGAFG:0.8333333333333334	FGTYVGKM:0.6666666666666666	NFGTYVGK:0.6666666666666666	LMGIETNF:0.8333333333333334	AFGFFQFM:0.6666666666666666	FGFFQFMP:0.6666666666666666	PEFYEDTK:0.6666666666666666	ETNFGTYV:0.6666666666666666	SWAGAFGF:0.6666666666666666	YEVILKWN:0.3333333333333333	QPEFYEDT:0.8333333333333334	IITPDKDI:0.6666666666666666	SSLATLSF:0.3333333333333333	VIKYDRFQ:0.3333333333333333	LSSLATLS:0.3333333333333333	YGSWAGAF:0.6666666666666666	KMDILSSL:0.3333333333333333	RFQPEFYE:0.6666666666666666	GWKKNEPC:0.3333333333333333	ALMGIETN:0.6666666666666666	GKMDILSS:0.3333333333333333	AVCTLKDK:0.5	YVGKMDIL:0.3333333333333333	AGAFGFFQ:0.6666666666666666	FQFMPSTI:0.8333333333333334	IGWKKNEP:0.3333333333333333	DKRRSEFF:0.3333333333333333	LKDKFKNE:0.3333333333333333	VCTLKDKF:0.5	LITLLKLI:0.3333333333333333	KSFKKYIK:0.3333333333333333	MGIETNFG:0.8333333333333334	FYEDTKTY:0.6666666666666666	LALMGIET:0.6666666666666666	ILKWNRSL:0.6666666666666666	MDILSSLA:0.3333333333333333	EFYEDTKT:0.6666666666666666	IETNFGTY:0.8333333333333334	TYVGKMDI:0.6666666666666666	VGKMDILS:0.3333333333333333	NKIGWKKN:0.3333333333333333	LNISAKKL:0.3333333333333333	TPDKDIIP:0.5	LLALMGIE:0.5	TLSYDQRR:0.3333333333333333	SSLATLSY:0.5	FLPDVIKY:0.3333333333333333	FFTKELIT:0.3333333333333333	PAYIVFDN:0.5	TYISKRTS:0.3333333333333333	KELLLALM:0.3333333333333333	FASAANYI:0.3333333333333333	AYIVFDNY:0.5	LSYDQRRS:0.3333333333333333	SLATLSYD:0.5	ATLSYDQR:0.3333333333333333	YIVFDNYE:0.3333333333333333	PDVIKYDR:0.3333333333333333	EKELLLAL:0.3333333333333333	NISAKKLH:0.3333333333333333	LATLSYDQ:0.3333333333333333	ELLLALMG:0.3333333333333333	ITPDKDII:0.5	LPDVIKYD:0.3333333333333333	LLLALMGI:0.5	NRSLRFAL:0.5	EDTKTYIG:0.3333333333333333	ALAVCTLK:0.3333333333333333	VGKMDIIS:0.3333333333333333	KVIEYDRF:0.3333333333333333	AIITPDKD:0.3333333333333333	ISSLATLS:0.3333333333333333	VIEYDRFQ:0.3333333333333333	KMDIISSL:0.3333333333333333	RSLRFALA:0.5	TKTYIGKR:0.3333333333333333	IEYDRFQP:0.3333333333333333	DTKTYIGK:0.3333333333333333	TLYGSWAG:0.3333333333333333	TYIGKRTS:0.3333333333333333	RFALAVCT:0.5	EYDRFQPE:0.3333333333333333	KTYIGKRT:0.3333333333333333	SLRFALAV:0.5	FALAVCTL:0.5	IISSLATL:0.3333333333333333	MDIISSLA:0.3333333333333333	GKMDIISS:0.3333333333333333	DIISSLAT:0.3333333333333333	YVGKMDII:0.3333333333333333	LRFALAVC:0.5	FMPSTITN:0.3333333333333333	QFMPSTIT:0.3333333333333333	
