cluster number:45
GH103:318	GH103:318
AESYALAI:0.46855345911949686	PLLDAQPE:0.20125786163522014	GDGDGRRD:0.3081761006289308	GVESDYGR:0.3270440251572327	LLDAQPEF:0.389937106918239	YNAAESYA:0.5786163522012578	LADRLRGG:0.20440251572327045	AAESYALA:0.4559748427672956	FRNYDAIY:0.2169811320754717	PDALASTA:0.4591194968553459	TTPIWDYL:0.22955974842767296	ARIAVDGD:0.20754716981132076	ALASTANY:0.27358490566037735	LVFRNYDA:0.2138364779874214	AVDGDGDG:0.3113207547169811	DGDGRRDL:0.7358490566037735	VAVWGVES:0.6446540880503144	GHTQFMPS:0.46855345911949686	LTGSWAGA:0.34276729559748426	GSWAGAFG:0.9716981132075472	VESDYGRV:0.22012578616352202	VLPLLDAQ:0.20125786163522014	QPEFTTPI:0.2389937106918239	DAQPEFTT:0.32075471698113206	EFTTPIWD:0.2389937106918239	IYSYNAAE:0.4968553459119497	ESYALAIA:0.5	FTTPIWDY:0.2389937106918239	TQFMPSTY:0.6446540880503144	HTQFMPST:0.46540880503144655	IVAVWGVE:0.3522012578616352	LASTANYL:0.27358490566037735	FGHTQFMP:0.4779874213836478	STYARIAV:0.2893081761006289	SYNAAESY:0.6289308176100629	MPSTYARI:0.3050314465408805	AGAFGHTQ:0.4937106918238994	AIYSYNAA:0.4937106918238994	TIVAVWGV:0.34276729559748426	LDAQPEFT:0.32075471698113206	GDGRRDLV:0.6572327044025157	WGVESDYG:0.33647798742138363	AALLLPAG:0.27044025157232704	YARIAVDG:0.20754716981132076	SWAGAFGH:0.4937106918238994	DGDGDGRR:0.3081761006289308	VDGDGDGR:0.29874213836477986	NAAESYAL:0.5786163522012578	DALASTAN:0.6792452830188679	SIPDALAS:0.27358490566037735	PEFTTPIW:0.2389937106918239	IAVDGDGD:0.22955974842767296	LPLLDAQP:0.20125786163522014	TPIWDYLA:0.279874213836478	ATIVAVWG:0.2169811320754717	VWGVESDY:0.33962264150943394	QFMPSTYA:0.3113207547169811	WPTDDPGL:0.4119496855345912	YSYNAAES:0.6163522012578616	IPDALAST:0.27358490566037735	GAFGHTQF:0.49056603773584906	WAGAFGHT:0.4937106918238994	GLTGSWAG:0.22641509433962265	AVWGVESD:0.3742138364779874	AFGHTQFM:0.4811320754716981	FMPSTYAR:0.3113207547169811	DAIYSYNA:0.49056603773584906	GRRQPFFR:0.20754716981132076	RIAVDGDG:0.23270440251572327	PSTYARIA:0.3081761006289308	TYARIAVD:0.2893081761006289	VFRNYDAI:0.2169811320754717	AQPEFTTP:0.3113207547169811	TGSWAGAF:0.5220125786163522	AWPTDDPG:0.36163522012578614	RLAVDFDG:0.2830188679245283	SWPTDDPG:0.20440251572327045	AESYGLAI:0.22327044025157233	QPEFSTPI:0.20125786163522014	NFDAIYSY:0.3081761006289308	ESYGLAIA:0.22327044025157233	LKGSWAGA:0.22955974842767296	FKNFDAIY:0.20754716981132076	WGVESNFG:0.44339622641509435	DYLSGLVD:0.2138364779874214	WDYLSGLV:0.2138364779874214	VDFDGDGR:0.5220125786163522	GRRQSYFR:0.21069182389937108	AVDFDGDG:0.5314465408805031	ALASTANF:0.4056603773584906	FDAIYSYN:0.3081761006289308	AHLSDRLR:0.25157232704402516	KGSWAGAF:0.24213836477987422	KNFDAIYS:0.25157232704402516	LAVDFDGD:0.41509433962264153	YNAAESYG:0.22327044025157233	HLSDRLRG:0.25471698113207547	IAHLSDRL:0.3490566037735849	DFDGDGRR:0.4716981132075472	VWGVESNF:0.42138364779874216	AVWGVESN:0.42452830188679247	FDGDGRRD:0.4716981132075472	AAESYGLA:0.22327044025157233	LASTANFL:0.4056603773584906	PEFSTPIW:0.20125786163522014	LAIAHLSD:0.4119496855345912	AIAHLSDR:0.36163522012578614	NAAESYGL:0.22327044025157233	GQTQFMPS:0.389937106918239	AGAFGQTQ:0.4779874213836478	FGQTQFMP:0.46226415094339623	SWAGAFGQ:0.4748427672955975	WAGAFGQT:0.4748427672955975	GAFGQTQF:0.4779874213836478	AFGQTQFM:0.46226415094339623	QTQFMPST:0.3836477987421384	TQFMPSTF:0.20754716981132076	EFKTPIWD:0.20125786163522014	YALAIAHL:0.31446540880503143	PTDDPGLS:0.2138364779874214	QPEFKTPI:0.20125786163522014	PEFKTPIW:0.20125786163522014	FKTPIWDY:0.20125786163522014	ALAIAHLS:0.29559748427672955	SYALAIAH:0.2641509433962264	TDDPGLSR:0.2138364779874214	TVVAVWGV:0.27672955974842767	VVAVWGVE:0.29245283018867924	
