cluster number:24
CE14:14	CE14:14|GT2:1
GGTIARLV:0.2857142857142857	APHPDDEV:0.5714285714285714	DAAMVAAR:0.21428571428571427	TVSETNWA:0.21428571428571427	IAPHPDDE:0.9285714285714286	VSETNWAA:0.21428571428571427	ETVSETNW:0.35714285714285715	FDAAMVAA:0.21428571428571427	LVIAPHPD:0.7142857142857143	THFLDFPA:0.21428571428571427	CGGTIARL:0.35714285714285715	PHPDDEVL:0.5	EVLGCGGT:0.35714285714285715	RILAYETV:0.21428571428571427	RPFPNERS:0.2857142857142857	DEVLGCGG:0.5714285714285714	PDDEVLGC:0.5	LGCGGTIA:0.35714285714285715	HPDDEVLG:0.5	LAYETVSE:0.35714285714285715	RALVIAPH:0.35714285714285715	VLGCGGTI:0.2857142857142857	YETVSETN:0.35714285714285715	ALVIAPHP:0.42857142857142855	AYETVSET:0.35714285714285715	HFLDFPAA:0.2857142857142857	AAMVAARP:0.2857142857142857	VIAPHPDD:0.9285714285714286	GCGGTIAR:0.35714285714285715	DDEVLGCG:0.5714285714285714	QRALVIAP:0.21428571428571427	ILAYETVS:0.21428571428571427	RALAMVRG:0.21428571428571427	VVTRGMAP:0.21428571428571427	EAFTLIRE:0.21428571428571427	FLDFPAAG:0.2857142857142857	AMVRGSCV:0.21428571428571427	ALAMVRGS:0.21428571428571427	LAMVRGSC:0.21428571428571427	FDHKLVFD:0.21428571428571427	AFTLIREV:0.21428571428571427	AEAFTLIR:0.21428571428571427	LHFDHKLV:0.21428571428571427	DHKLVFDA:0.21428571428571427	MVRGSCVS:0.21428571428571427	VRGSCVSC:0.21428571428571427	LRALAMVR:0.21428571428571427	GDLHFDHK:0.21428571428571427	DLHFDHKL:0.21428571428571427	DFPAAGLD:0.2857142857142857	TLRALAMV:0.21428571428571427	ETLRALAM:0.21428571428571427	HFDHKLVF:0.21428571428571427	AAEAFTLI:0.21428571428571427	LDFPAAGL:0.2857142857142857	YLGPAFQP:0.21428571428571427	SQVRPFPN:0.21428571428571427	LGPAFQPN:0.21428571428571427	PYLGPAFQ:0.21428571428571427	PFVGDLHF:0.21428571428571427	GTIARLVS:0.21428571428571427	VRPFPNER:0.21428571428571427	VGDLHFDH:0.21428571428571427	FVGDLHFD:0.21428571428571427	QVRPFPNE:0.21428571428571427	APYLGPAF:0.21428571428571427	KLLVIAPH:0.21428571428571427	VLGCGGLI:0.21428571428571427	EVLGCGGL:0.21428571428571427	GCGGLISK:0.21428571428571427	LGCGGLIS:0.21428571428571427	
