cluster number:66
CE14:6	CE14:6
AEQREAAR:0.3333333333333333	LVVVTDGG:0.3333333333333333	GQLEPTLE:0.3333333333333333	ALVIVAHP:0.5	VIVAHPDD:0.5	GPDDATDV:0.3333333333333333	FLDYPDGQ:0.3333333333333333	TDVSPEAR:0.3333333333333333	EQREAARI:0.3333333333333333	GGPDDATD:0.3333333333333333	DGQLEPTL:0.3333333333333333	ATDVSPEA:0.3333333333333333	VVVTDGGA:0.3333333333333333	EPTLELRR:0.3333333333333333	LDYPDGQL:0.3333333333333333	TDGGAGGP:0.3333333333333333	AGGPDDAT:0.3333333333333333	QREAARIL:0.3333333333333333	DYPDGQLE:0.3333333333333333	DGGAGGPD:0.3333333333333333	REAARILG:0.3333333333333333	LEPTLELR:0.3333333333333333	YAEEFHRI:0.3333333333333333	GAGGPDDA:0.3333333333333333	VTDGGAGG:0.3333333333333333	DDATDVSP:0.3333333333333333	DATDVSPE:0.3333333333333333	GGAGGPDD:0.3333333333333333	YPDGQLEP:0.3333333333333333	PDGQLEPT:0.3333333333333333	LVIVAHPD:0.5	QLEPTLEL:0.3333333333333333	PTLELRRD:0.3333333333333333	VVTDGGAG:0.3333333333333333	PDDATDVS:0.3333333333333333	FPELLAEG:0.3333333333333333	AHPDDAEF:0.3333333333333333	PELLAEGL:0.3333333333333333	
