cluster number:37
CE14:6	CE14:6
VLSSTEQQ:0.6666666666666666	IHADHRRV:0.3333333333333333	LGGGPVRQ:0.3333333333333333	GDIHADHR:0.3333333333333333	PHPRSLEA:0.3333333333333333	LVIAAHPD:0.5	HPGDIHAD:0.3333333333333333	SSTEQQTG:0.3333333333333333	PDDEVLGA:0.5	LHFEVLSS:0.3333333333333333	PGDIHADH:0.3333333333333333	DIHADHRR:0.3333333333333333	AKCRALAA:0.3333333333333333	ADGRLLAD:0.3333333333333333	HFEVLSST:0.3333333333333333	STEQQTGL:0.3333333333333333	AHPDDEVL:0.6666666666666666	EVLSSTEQ:0.6666666666666666	VLVIAAHP:0.3333333333333333	VIAAHPDD:0.6666666666666666	VRQVLHFE:0.3333333333333333	KCRALAAY:0.3333333333333333	AADGRLLA:0.3333333333333333	HPDDEVLG:0.6666666666666666	DEVLGAGA:0.5	GGPVRQVL:0.3333333333333333	FEVLSSTE:0.3333333333333333	GGGPVRQV:0.3333333333333333	PVRQVLHF:0.3333333333333333	DGRLLADL:0.3333333333333333	VEAKCRAL:0.3333333333333333	THHPGDIH:0.5	EAKCRALA:0.3333333333333333	EVLGAGAT:0.5	HHPGDIHA:0.3333333333333333	VLHFEVLS:0.3333333333333333	AAHPDDEV:0.5	LSSTEQQT:0.5	IAAHPDDE:0.8333333333333334	QVLHFEVL:0.3333333333333333	RQVLHFEV:0.3333333333333333	AEGVSLRH:0.5	GPVRQVLH:0.5	DDEVLGAG:0.5	ILAEGVSL:0.3333333333333333	VFTHHPGD:0.3333333333333333	FTHHPGDI:0.3333333333333333	LAEGVSLR:0.3333333333333333	
