cluster number:39
CE14:512	CE14:512
TLGEEGEV:0.5	VHAHPDDE:0.935546875	DQLGGYRI:0.27734375	TCTLGEEG:0.58984375	HAHPDDES:0.51953125	GEEGEVIG:0.333984375	VTCTLGEE:0.505859375	GGYGHPDH:0.818359375	GRWRDSGM:0.26953125	CTLGEEGE:0.58203125	LGEEGEVI:0.462890625	VVTCTLGE:0.3125	FVHAHPDD:0.201171875	ADQLGGYR:0.3125	RRLLLVHA:0.30859375	LVHAHPDD:0.50390625	YGHPDHIQ:0.43359375	AHPDDESI:0.353515625	RPQVLVTY:0.2265625	MRAHATQI:0.24609375	GYGHPDHI:0.634765625	TLVTCTLG:0.287109375	VTLVTCTL:0.283203125	LVTCTLGE:0.3203125	PQVLVTYD:0.228515625	LLVHAHPD:0.455078125	RLLLVHAH:0.390625	LLLVHAHP:0.427734375	AAMRAHAT:0.25390625	AMRAHATQ:0.322265625	PDGGYGHP:0.314453125	YGHPDHIR:0.203125	DGGYGHPD:0.357421875	PDHIQAHR:0.326171875	DHIQAHRV:0.287109375	HIQAHRVA:0.26171875	HPDHIQAH:0.3984375	GHPDHIQA:0.3984375	HAHPDDET:0.2578125	
