cluster number:45
CE14:15	CE14:15
TGLEARAR:0.4	HPDDVELS:0.6666666666666666	LEARARYF:0.4	AHPDDVEL:1.0	YALAFGAH:1.0	LTGLEARA:0.4	EFLTGLEA:0.4666666666666667	FGAHPDDV:1.0	EARARYFG:0.4	LAFGAHPD:1.0	ALAFGAHP:1.0	GATLLKII:0.4666666666666667	FLTGLEAR:0.4666666666666667	GLEARARY:0.4666666666666667	AFGAHPDD:1.0	ARARYFGE:0.4	GAHPDDVE:1.0	KEFLTGLE:0.3333333333333333	RKEFLTGL:0.3333333333333333	VELACGAT:0.3333333333333333	VLAFASQF:0.2	SSEKVYAL:0.2	CGATLLKI:0.8666666666666667	GVLAFASQ:0.2	LACGATLL:0.3333333333333333	DVELACGA:0.3333333333333333	ELACGATL:0.3333333333333333	ACGATLLK:0.3333333333333333	RARYFGEQ:0.3333333333333333	LLYYIQFK:0.26666666666666666	EQIGTLYG:0.2	RGEMGTLG:0.3333333333333333	MGTLGTPE:0.26666666666666666	GTLGTPET:0.2	GEQIGTLY:0.2	TLGTPETR:0.2	DDVELACG:0.3333333333333333	QIGTLYGE:0.2	RPAHLLYY:0.2	HLLYYIQF:0.4	VYALAFGA:0.8	EKVYALAF:0.2	EMGTLGTP:0.26666666666666666	LAFASQFY:0.26666666666666666	HPDDVELA:0.3333333333333333	VCDLTRGE:0.5333333333333333	LTRGEMGT:0.4	DLTRGEMG:0.4	CDLTRGEM:0.4	IQFKHLEP:0.2	GEMGTLGT:0.6	NVAVCDLT:0.2	SEKVYALA:0.2	IGTLYGEG:0.2	TRGEMGTL:0.3333333333333333	YIQFKHLE:0.2	PDDVELAC:0.3333333333333333	LDLGDSKL:0.2	RYFGEQIG:0.3333333333333333	AVCDLTRG:0.4666666666666667	KVYALAFG:0.26666666666666666	ARYFGEQI:0.3333333333333333	VAVCDLTR:0.4666666666666667	CNPPDERH:0.2	RVTLDLGD:0.2	IGVLYGEG:0.2	PPDERHPD:0.6666666666666666	SRKGVLAF:0.2	NPPDERHP:0.6666666666666666	GEQIGVLY:0.2	PDDVELSC:0.5333333333333333	ELSCGATL:0.5333333333333333	EQIGVLYG:0.2	SETFEASR:0.2	VELSCGAT:0.5333333333333333	GVLYGEGF:0.2	DVELSCGA:0.5333333333333333	SCGATLLK:0.5333333333333333	DDVELSCG:0.5333333333333333	LSCGATLL:0.5333333333333333	PDERHPDH:0.6666666666666666	QIGVLYGE:0.2	LIKRKEFL:0.2	EGRRVAVC:0.2	LFYNEENL:0.2	GRRVAVCD:0.2	TLIKRKEF:0.2	RVAVCDLT:0.2	RRVAVCDL:0.2	ATLLKIMD:0.26666666666666666	RARYLGEQ:0.2	GATLLKIM:0.4666666666666667	EARARYLG:0.2	LLKIMDEG:0.26666666666666666	TNPPDERH:0.2	LEARARYL:0.2	TLLKIMDE:0.26666666666666666	ARYLGEQI:0.2	ARARYLGE:0.2	RYLGEQIG:0.26666666666666666	FTNPPDER:0.2	ERHPDHMK:0.5333333333333333	LINRKEFL:0.2	LDLGDGKL:0.2	HPDHMKAS:0.4666666666666667	INRKEFLT:0.26666666666666666	NRKEFLTG:0.2	RHPDHMKA:0.5333333333333333	DERHPDHM:0.4666666666666667	TLINRKEF:0.2	SSTFERSR:0.2	FLPGLEAR:0.2	IGVMYGEG:0.2	RKEFLPGL:0.2	VSSTFERS:0.2	LGEQIGVM:0.2	AGLRKIET:0.2	SRQGVLAF:0.2	TMINRKEF:0.26666666666666666	DLTKGEMG:0.2	PDHMKASR:0.4	QIGVMYGE:0.2	VDVSSTFE:0.2	YAGLRKIE:0.2	LYYIQFKQ:0.2	LTKGEMGT:0.2	AVCDLTKG:0.2	GEQIGVMY:0.2	EFLPGLEA:0.2	EQIGVMYG:0.2	VCDLTKGE:0.2	MINRKEFL:0.26666666666666666	CDLTKGEM:0.2	KEFLPGLE:0.2	DVSSTFER:0.2	NRKEFLPG:0.2	PVYALAFG:0.26666666666666666	DHMKASRL:0.4	INRKEFLP:0.2	VAVCDLTK:0.2	KASRLVYD:0.2	HRPRHLLY:0.26666666666666666	HMKASRLV:0.26666666666666666	RPRHLLYY:0.26666666666666666	ASRLVYDA:0.2	MKASRLVY:0.2	ACYYAGLR:0.2	PRHLLYYI:0.2	RHLLYYIQ:0.2	RALGEQIG:0.2	
