cluster number:62
CE14:19	CE14:19
VASSTEWQ:0.2631578947368421	VVAAHPDD:0.42105263157894735	EHLARWRG:0.2631578947368421	VAAHPDDE:0.5789473684210527	EVASSTEW:0.2631578947368421	HLARWRGA:0.21052631578947367	LVVAAHPD:0.42105263157894735	GVAAAEAF:0.2631578947368421	FEVASSTE:0.2631578947368421	THHAGDVN:0.3157894736842105	YTHHAGDV:0.21052631578947367	GDVNIDHR:0.2631578947368421	AGDVNIDH:0.2631578947368421	DVNIDHRR:0.21052631578947367	SSTEWQPP:0.21052631578947367	VYTHHAGD:0.21052631578947367	HPDDEILG:0.21052631578947367	HVLILAEG:0.2631578947368421	HAGDVNID:0.2631578947368421	FFEVASST:0.21052631578947367	HHAGDVNI:0.2631578947368421	AAEAFILG:0.21052631578947367	AVVTACRP:0.21052631578947367	AEAFILGR:0.2631578947368421	VHVLILAE:0.2631578947368421	AHPDDEVL:0.631578947368421	PDDEVLGC:0.631578947368421	HPDDEVLG:0.631578947368421	AAHPDDEV:0.5789473684210527	DDEVLGCG:0.631578947368421	FEVPSSTE:0.21052631578947367	EVPSSTEW:0.21052631578947367	DEVLGCGG:0.5263157894736842	VPSSTEWQ:0.21052631578947367	EVLGCGGT:0.3684210526315789	VLVVAAHP:0.3157894736842105	
