cluster number:49
CE14:559	CE14:559
ENGGYPHP:0.7316636851520573	LPEGDPLP:0.554561717352415	MAVHAHPD:0.6082289803220036	GLPEGDPL:0.554561717352415	GDPLPPLP:0.5581395348837209	VHAHPDDE:0.8103756708407871	AHATQIDP:0.631484794275492	DSGLPEGD:0.6422182468694096	LRLMAVHA:0.40429338103756707	AVHAHPDD:0.7119856887298748	TYDENGGY:0.6654740608228981	WPTEEFEL:0.33810375670840787	RLMAVHAH:0.4776386404293381	TGGERGSI:0.26833631484794274	DENGGYPH:0.7298747763864043	SGLPEGDP:0.6422182468694096	YDENGGYP:0.7298747763864043	CTGGERGS:0.32737030411449014	LMAVHAHP:0.47942754919499103	GERGSILN:0.26833631484794274	NGGYPHPD:0.7298747763864043	TCTGGERG:0.516994633273703	GGERGSIL:0.26833631484794274	GGYPHPDH:0.9821109123434705	ERGSILNP:0.259391771019678	PTEEFELA:0.3363148479427549	PEGDPLPP:0.49731663685152055	EGDPLPPL:0.481216457960644	GFVDSGLP:0.5259391771019678	VLVVTCTG:0.23255813953488372	TTYDENGG:0.38461538461538464	KGAATMAK:0.2880143112701252	PLPPLPEG:0.4150268336314848	HPDDESSK:0.8658318425760286	SKGAATMA:0.4883720930232558	LGFVDSGL:0.5044722719141324	AHPDDESS:0.9051878354203936	PDDESSKG:0.8568872987477638	GAATMAKY:0.2880143112701252	PHPDHIMT:0.24686940966010734	AATMAKYV:0.23255813953488372	SSKGAATM:0.45796064400715564	GYPHPDHI:0.7853309481216458	LPEDDLFA:0.259391771019678	DDESSKGA:0.8425760286225402	VDSGLPEG:0.5348837209302325	PLPEGCFA:0.4418604651162791	LVVTCTGG:0.23255813953488372	HAHPDDES:0.9051878354203936	LPEGCFAL:0.4257602862254025	VTCTGGER:0.3148479427549195	DESSKGAA:0.8050089445438283	YPHPDHIM:0.3631484794275492	PPLPEGCF:0.45796064400715564	VVTCTGGE:0.3810375670840787	HATQIDPD:0.2182468694096601	DPLPPLPE:0.4275491949910555	ATQIDPDG:0.2110912343470483	LPPLPEGC:0.370304114490161	WLGFVDSG:0.5098389982110912	PEDDLFAG:0.3774597495527728	WPTEEYEL:0.22540250447227192	FVDSGLPE:0.46511627906976744	HPDHIMTH:0.23792486583184258	ESSKGAAT:0.7620751341681574	TGGERGDI:0.33273703041144903	GDILNPAM:0.26833631484794274	PHPDHIRC:0.23434704830053668	GERGDILN:0.31305903398926654	HPDHIRCH:0.23434704830053668	GGERGDIL:0.31305903398926654	RGDILNPA:0.26833631484794274	ERGDILNP:0.28622540250447226	YPHPDHIR:0.3041144901610018	DILNPAMD:0.22898032200357782	CTGGERGD:0.21645796064400716	RAHATQID:0.3184257602862254	LRAHATQI:0.3184257602862254	ALRAHATQ:0.37924865831842575	DDALRAHA:0.25760286225402507	RDDALRAH:0.3041144901610018	DALRAHAT:0.27549194991055453	LWPTEEFE:0.22898032200357782	EDDLFAGI:0.2522361359570662	
