cluster number:76
CE14:24	CE14:24
YHYIQNNY:0.20833333333333334	MGTRGTPE:0.2916666666666667	EARAREFG:0.4583333333333333	SDRHPDHG:0.20833333333333334	RHPDHGKG:0.5416666666666666	HPDDAELS:0.20833333333333334	LSARENLG:0.25	DRHPDHGK:0.5416666666666666	AAHPDDAE:0.3333333333333333	GTRGTPEI:0.2916666666666667	ARAREFGH:0.5	TRGTPEIR:0.2916666666666667	HYIQNNYI:0.20833333333333334	IAAHPDDA:0.20833333333333334	AHPDDAEL:0.375	EMGTRGTP:0.2916666666666667	GEMGTRGT:0.2916666666666667	FFRNDREH:0.2916666666666667	GLPDGFFR:0.20833333333333334	GLRMIETL:0.25	RGELGTRG:0.4166666666666667	RNDREHQL:0.2916666666666667	NLGLPDGF:0.20833333333333334	ENLGLPDG:0.20833333333333334	DFTRGELG:0.375	NDREHQLP:0.2916666666666667	KIGIVDFT:0.20833333333333334	PDDVEMSC:0.20833333333333334	FGAHPDDV:0.20833333333333334	LGLPDGFF:0.20833333333333334	FTRGELGT:0.3333333333333333	RHPDHGRG:0.20833333333333334	MEARAREF:0.3333333333333333	IVDFTRGE:0.2916666666666667	LPDGFFRN:0.20833333333333334	HPDDVEMS:0.2916666666666667	GFFRNDRE:0.2916666666666667	SVRENLGL:0.20833333333333334	FRNDREHQ:0.2916666666666667	GLSVRENL:0.20833333333333334	LAFGAHPD:0.20833333333333334	ILAFGAHP:0.20833333333333334	GIVDFTRG:0.2916666666666667	HDRHPDHG:0.20833333333333334	DILAFGAH:0.20833333333333334	RENLGLPD:0.20833333333333334	DRHPDHGR:0.2916666666666667	AFGAHPDD:0.20833333333333334	IGIVDFTR:0.20833333333333334	LGLSVREN:0.20833333333333334	AHPDDVEM:0.3333333333333333	DGFFRNDR:0.2916666666666667	VDFTRGEL:0.375	ELGTRGTP:0.3333333333333333	GELGTRGT:0.3333333333333333	ILGLSVRE:0.20833333333333334	FMEARARE:0.3333333333333333	GAHPDDVE:0.4583333333333333	PDGFFRND:0.20833333333333334	VYHYIQDR:0.2916666666666667	TRGELGTR:0.375	HPDHGKGA:0.2916666666666667	YQPEIVLA:0.20833333333333334	PEIVLANA:0.2916666666666667	QPEIVLAN:0.20833333333333334	TDRHPDHG:0.20833333333333334	GVEFGEGF:0.2916666666666667	ACFLSGLR:0.25	VEFGEGFT:0.2916666666666667	FLSGLRMI:0.25	LSGLRMIE:0.25	IGVEFGEG:0.25	SGLRMIET:0.25	CFLSGLRM:0.25	ALGAHPDD:0.20833333333333334	LALGAHPD:0.20833333333333334	LGAHPDDV:0.20833333333333334	
