cluster number:74
CE14:13	CE14:13
TSGEPTPH:0.23076923076923078	VLDLTSGE:0.38461538461538464	DLTSGEPT:0.6153846153846154	DAELGMGG:0.23076923076923078	VAPHPDDA:0.6153846153846154	HPDHVAAT:0.3076923076923077	LVVAPHPD:0.46153846153846156	DDAELGMG:0.23076923076923078	GVLDLTSG:0.38461538461538464	DAHPDHVA:0.3076923076923077	LDLTSGEP:0.46153846153846156	SGEPTPHG:0.23076923076923078	GEPTPHGS:0.23076923076923078	VGVLDLTS:0.38461538461538464	AELGMGGT:0.23076923076923078	AHPDHVAA:0.3076923076923077	HPDDAELG:0.5384615384615384	VVAPHPDD:0.5384615384615384	LTSGEPTP:0.6923076923076923	APHPDDAE:0.7692307692307693	EDAHPDHV:0.23076923076923078	ELGMGGTI:0.23076923076923078	PHPDDAEL:0.6153846153846154	PDDAELGM:0.23076923076923078	AARFWSKL:0.23076923076923078	DRARYWGW:0.23076923076923078	PAFVVDIS:0.23076923076923078	RDRARYWG:0.23076923076923078	PHPDDAEI:0.23076923076923078	DAHPDHTA:0.23076923076923078	DARFWSKL:0.23076923076923078	AHPDHTAA:0.23076923076923078	ARFWSKLS:0.38461538461538464	IPGEPFHP:0.23076923076923078	KSDIPGEP:0.23076923076923078	SDIPGEPF:0.23076923076923078	DIPGEPFH:0.23076923076923078	YWEDAHPD:0.38461538461538464	SQLVDNQP:0.23076923076923078	APYWEDAH:0.3076923076923077	ELGVGGTI:0.23076923076923078	KVGVLDLT:0.23076923076923078	LGLPNRSL:0.23076923076923078	GEPTPLGS:0.23076923076923078	HAEPFASR:0.23076923076923078	LSKSDIPG:0.23076923076923078	PYWEDAHP:0.38461538461538464	DDAELGVG:0.23076923076923078	KLSKSDIP:0.23076923076923078	RFWSKLSK:0.23076923076923078	FWSKLSKS:0.23076923076923078	FAPYWEDA:0.3076923076923077	DAELGVGG:0.23076923076923078	RSQLVDNQ:0.23076923076923078	SGEPTPLG:0.23076923076923078	SKLSKSDI:0.23076923076923078	CYRSQLVD:0.23076923076923078	NLGLPNRS:0.3076923076923077	YFSVHLRI:0.23076923076923078	WEDAHPDH:0.38461538461538464	AEPFASRE:0.3076923076923077	TSGEPTPL:0.23076923076923078	EPFASREP:0.23076923076923078	AELGVGGT:0.23076923076923078	YYFSVHLR:0.23076923076923078	PDDAELGV:0.23076923076923078	YRSQLVDN:0.23076923076923078	WSKLSKSD:0.23076923076923078	
