cluster number:44
CE14:17	CE14:17
YDWHGGYG:0.5882352941176471	HPDDEASQ:0.35294117647058826	RVVLVVAT:0.35294117647058826	LEVTMNRD:0.23529411764705882	PDDEASQT:0.35294117647058826	HAHPDDEA:0.47058823529411764	WLGYADSG:0.5294117647058824	YGHPDHVK:0.47058823529411764	DWHGGYGH:0.5882352941176471	GYGHPDHV:0.5294117647058824	HGGYGHPD:0.5882352941176471	HPDHVKVH:0.4117647058823529	WHGGYGHP:0.5882352941176471	GGYGHPDH:0.5882352941176471	LGYADSGM:0.5294117647058824	GHPDHVKV:0.4117647058823529	AHPDDEAS:0.4117647058823529	GYDWHGGY:0.47058823529411764	VFLHAHPD:0.35294117647058826	IVFLHAHP:0.23529411764705882	AAELAARR:0.23529411764705882	VAWLGYAD:0.23529411764705882	RVAWLGYA:0.23529411764705882	ADVLVGYD:0.29411764705882354	AWLGYADS:0.29411764705882354	EDADVLVG:0.23529411764705882	DVLVGYDW:0.23529411764705882	LHAHPDDE:0.4117647058823529	LVGYDWHG:0.47058823529411764	VLVGYDWH:0.29411764705882354	RAAELAAR:0.23529411764705882	AELAARRP:0.23529411764705882	ELAARRPR:0.23529411764705882	VGYDWHGG:0.47058823529411764	HRAAELAA:0.29411764705882354	FLHAHPDD:0.35294117647058826	DADVLVGY:0.23529411764705882	AARRPRVL:0.29411764705882354	ALACHASQ:0.35294117647058826	VAHRAAEL:0.23529411764705882	DHVKVHHV:0.23529411764705882	FFHAHPDD:0.35294117647058826	KVHHVAHR:0.23529411764705882	VHHVAHRA:0.23529411764705882	GTARVAWL:0.29411764705882354	DSGMTGWE:0.23529411764705882	HVKVHHVA:0.23529411764705882	VFFHAHPD:0.29411764705882354	ARRPRVLE:0.29411764705882354	HHVAHRAA:0.23529411764705882	TARVAWLG:0.23529411764705882	AHRAAELA:0.23529411764705882	PDHVKVHH:0.23529411764705882	ARVAWLGY:0.29411764705882354	HVAHRAAE:0.23529411764705882	VKVHHVAH:0.23529411764705882	FHAHPDDE:0.35294117647058826	GYADSGMT:0.35294117647058826	EALACHAS:0.23529411764705882	EGHRVVVV:0.23529411764705882	LACHASQS:0.23529411764705882	ADSGMTGW:0.35294117647058826	YADSGMTG:0.35294117647058826	GHRVVVVY:0.29411764705882354	GDDGNPIG:0.29411764705882354	ACHASQSD:0.23529411764705882	LDEEDADA:0.23529411764705882	DSGMTGWT:0.23529411764705882	IVFFHAHP:0.23529411764705882	HGNYGHPD:0.29411764705882354	TDIEGFTS:0.23529411764705882	AHPDDESS:0.29411764705882354	WPFEGGPW:0.23529411764705882	FEGGPWPG:0.23529411764705882	WHGNYGHP:0.23529411764705882	HPDDESSS:0.23529411764705882	LGYRDSGM:0.29411764705882354	DEEDADAL:0.23529411764705882	ATGGECGE:0.23529411764705882	EGGPWPGT:0.23529411764705882	ESSSTAGT:0.23529411764705882	YDWHGNYG:0.23529411764705882	SSTAGTMA:0.23529411764705882	SGMTGWTQ:0.23529411764705882	HAHPDDES:0.35294117647058826	DWHGNYGH:0.23529411764705882	IEGFTSLP:0.23529411764705882	GMTGWTQN:0.23529411764705882	PFEGGPWP:0.23529411764705882	EGFTSLPP:0.23529411764705882	RDSGMTGW:0.29411764705882354	GYRDSGMT:0.29411764705882354	DESSSTAG:0.23529411764705882	TIVFFHAH:0.23529411764705882	YRDSGMTG:0.29411764705882354	ADVLDEED:0.23529411764705882	LADVLDEE:0.23529411764705882	GNYGHPDH:0.29411764705882354	DDESSSTA:0.23529411764705882	VLDEEDAD:0.23529411764705882	PDDESSST:0.23529411764705882	DVLDEEDA:0.23529411764705882	WLGYRDSG:0.23529411764705882	GYDWHGNY:0.23529411764705882	SSSTAGTM:0.23529411764705882	GFTSLPPE:0.23529411764705882	YGHPDHVM:0.23529411764705882	DIEGFTSL:0.23529411764705882	DDEASQTS:0.23529411764705882	DLAPGETV:0.23529411764705882	GDRVVLVV:0.23529411764705882	DRVVLVVA:0.23529411764705882	RGDRVVLV:0.23529411764705882	
