cluster number:59
CE14:39	CE14:39
PLDEAVGR:0.23076923076923078	SLLAVFAH:0.2564102564102564	HPDDESLS:0.28205128205128205	AYGGLTGH:0.23076923076923078	PRMLGYAD:0.3333333333333333	APLDEAVG:0.3076923076923077	LARHAAAG:0.20512820512820512	LLAVFAHP:0.38461538461538464	AHPDDESL:0.6153846153846154	AGGVLARH:0.23076923076923078	ESLSAGGV:0.20512820512820512	AGARTAVV:0.38461538461538464	GGLTGHPD:0.20512820512820512	LGYADARV:0.23076923076923078	HDAYGGLT:0.23076923076923078	GGVLARHA:0.23076923076923078	LDEAVGRL:0.23076923076923078	VFAHPDDE:0.7948717948717948	HAAAGART:0.38461538461538464	LTGHPDHR:0.358974358974359	ARTAVVTA:0.46153846153846156	AAGARTAV:0.358974358974359	VTHDAYGG:0.20512820512820512	DAYGGLTG:0.23076923076923078	GYADARVP:0.23076923076923078	RMLGYADA:0.23076923076923078	GVLARHAA:0.23076923076923078	AAAGARTA:0.3333333333333333	GARTAVVT:0.5384615384615384	LSAGGVLA:0.20512820512820512	AVVTATWA:0.4358974358974359	ALYLATHP:0.41025641025641024	DDESLSAG:0.28205128205128205	GLTGHPDH:0.20512820512820512	FAHPDDES:0.5897435897435898	THDAYGGL:0.23076923076923078	TAVVTATW:0.5384615384615384	PDDESLSA:0.28205128205128205	AVFAHPDD:0.41025641025641024	LAVFAHPD:0.41025641025641024	DESLSAGG:0.28205128205128205	MLGYADAR:0.2564102564102564	SLSAGGVL:0.20512820512820512	DAPLDEAV:0.3333333333333333	DEAVGRLV:0.23076923076923078	VVTHDAYG:0.3076923076923077	RTAVVTAT:0.48717948717948717	PEAGEPWQ:0.20512820512820512	AAILAHRS:0.28205128205128205	GQLTGHPD:0.41025641025641024	LLAGGVLA:0.3076923076923077	YPEAGEPW:0.20512820512820512	LGVFAHPD:0.3076923076923077	AHPDDEAL:0.23076923076923078	SLLGVFAH:0.23076923076923078	LLGVFAHP:0.23076923076923078	LYPEAGEP:0.20512820512820512	GVFAHPDD:0.38461538461538464	QLTGHPDH:0.41025641025641024	EAGEPWQP:0.20512820512820512	DDESLLAG:0.2564102564102564	RLVDAPLD:0.20512820512820512	LAVEAAGL:0.23076923076923078	DESLLAGG:0.2564102564102564	AGAPRLLG:0.20512820512820512	GAPRLLGY:0.20512820512820512	PDDESLLA:0.2564102564102564	SLLAGGVL:0.2564102564102564	HPDDESLL:0.2564102564102564	RLLGYADA:0.28205128205128205	ESLLAGGV:0.2564102564102564	LAGGVLAQ:0.20512820512820512	LVDAPLDE:0.20512820512820512	AGGVLAQH:0.3076923076923077	LLGYADAR:0.20512820512820512	LGAGAPRL:0.20512820512820512	GAGAPRLL:0.20512820512820512	PRLLGYAD:0.2564102564102564	GVLAQHAA:0.358974358974359	PSALYLAT:0.3076923076923077	GGVLAQHA:0.358974358974359	VLAQHAAA:0.3076923076923077	SALYLATH:0.3076923076923077	TGHPDHVH:0.2564102564102564	AILAHRSE:0.28205128205128205	QPSALYLA:0.28205128205128205	AQHAAAGA:0.28205128205128205	LAQHAAAG:0.28205128205128205	WQPSALYL:0.28205128205128205	PWQPSALY:0.28205128205128205	QHAAAGAR:0.2564102564102564	LYLATHPH:0.20512820512820512	YLATHPHS:0.20512820512820512	VVTATWAE:0.20512820512820512	LATHPHSA:0.2564102564102564	
