cluster number:50
CE14:6	CE14:6
YARQGVDV:0.3333333333333333	ETFGMGGT:0.3333333333333333	VVITFDPI:0.3333333333333333	RDSGMPGS:0.3333333333333333	HPDHIAMH:0.3333333333333333	YRDSGMPG:0.3333333333333333	FGMGGTLA:0.3333333333333333	AHPDDETF:0.3333333333333333	ITFDPIGG:0.3333333333333333	DPIGGYRH:0.3333333333333333	VITFDPIG:0.3333333333333333	LALYARQG:0.3333333333333333	FLNYRDSG:0.5	GGTLALYA:0.3333333333333333	FDPIGGYR:0.3333333333333333	DETFGMGG:0.6666666666666666	IGGYRHPD:0.3333333333333333	NYRDSGMP:0.3333333333333333	GMGGTLAL:0.3333333333333333	HPDDETFG:0.5	GTLALYAR:0.3333333333333333	GGYRHPDH:0.3333333333333333	DDETFGMG:0.6666666666666666	LYARQGVD:0.3333333333333333	MGGTLALY:0.3333333333333333	LNYRDSGM:0.3333333333333333	TFDPIGGY:0.3333333333333333	TLALYARQ:0.3333333333333333	ALYARQGV:0.3333333333333333	TFGMGGTL:0.3333333333333333	HFLNYRDS:0.3333333333333333	LAHPDDET:0.3333333333333333	PIGGYRHP:0.3333333333333333	PDDETFGM:0.5	HQATVRAF:0.3333333333333333	CATRGEAG:0.3333333333333333	ICATRGEA:0.3333333333333333	VLAHPDDE:0.3333333333333333	AVLAHPDD:0.3333333333333333	LAVLAHPD:0.3333333333333333	LLAVLAHP:0.3333333333333333	ETFGMGGA:0.3333333333333333	TFGMGGAL:0.3333333333333333	WSYEISVQ:0.3333333333333333	
