cluster number:67
CE14:11	CE14:11
EAYEFEKR:0.2727272727272727	RAVILGEG:0.2727272727272727	PHPRSPEA:0.6363636363636364	DDELLGLG:0.5454545454545454	PDDELLGL:0.5454545454545454	DVIFTHHG:0.2727272727272727	YPHPRSPE:0.45454545454545453	HPDDELLG:0.6363636363636364	IFTHHGGD:0.5454545454545454	MEAYEFEK:0.2727272727272727	NRFDSVDL:0.2727272727272727	VVVAHPDD:0.6363636363636364	DELLGLGA:0.5454545454545454	RTFEAVVT:0.2727272727272727	GMEAYEFE:0.2727272727272727	AHPDDELL:0.6363636363636364	PDVIFTHH:0.2727272727272727	VIFTHHGG:0.36363636363636365	LVVVAHPD:0.5454545454545454	ELLGLGAT:0.45454545454545453	VVAHPDDE:0.9090909090909091	HPRSPEAL:0.6363636363636364	DNRFDSVD:0.2727272727272727	VAHPDDEL:0.6363636363636364	FDSVDLLD:0.2727272727272727	RFDSVDLL:0.2727272727272727	ILGEGITS:0.45454545454545453	FPDNRFDT:0.2727272727272727	LGEGITSR:0.45454545454545453	HGGDVNID:0.2727272727272727	HVVILGEG:0.2727272727272727	PDNRFDTV:0.2727272727272727	VNIDHQRT:0.2727272727272727	DPKHFIPN:0.2727272727272727	DVNIDHQR:0.2727272727272727	FTHHGGDV:0.36363636363636365	LLDIIKVV:0.36363636363636365	DNRFDTVA:0.2727272727272727	LLGLGATM:0.36363636363636365	AKIKGMES:0.2727272727272727	IDHQRTFE:0.2727272727272727	GGDVNIDH:0.2727272727272727	ITFETPSG:0.2727272727272727	NRFDTVAL:0.2727272727272727	TFETPSGT:0.36363636363636365	FETPSGTE:0.45454545454545453	ETPSGTEW:0.45454545454545453	KIKGMESY:0.2727272727272727	FDTVALLD:0.2727272727272727	IVVAHPDD:0.2727272727272727	YDFPDNRF:0.45454545454545453	RFDTVALL:0.2727272727272727	VALLDIIK:0.36363636363636365	NIDHQRTF:0.2727272727272727	VILGEGIT:0.36363636363636365	HHGGDVNI:0.2727272727272727	RSPEALKI:0.2727272727272727	ALLDIIKV:0.36363636363636365	PSGTEWRA:0.36363636363636365	TVALLDII:0.2727272727272727	PRSPEALK:0.2727272727272727	TPSGTEWR:0.36363636363636365	IKGMESYE:0.2727272727272727	GMESYEFE:0.2727272727272727	DFPDNRFD:0.45454545454545453	GDVNIDHQ:0.36363636363636365	KGMESYEF:0.2727272727272727	THVVILGE:0.2727272727272727	TIITFETP:0.2727272727272727	LDIIKVVE:0.36363636363636365	IITFETPS:0.2727272727272727	DTVALLDI:0.2727272727272727	VVILGEGI:0.2727272727272727	THHGGDVN:0.36363636363636365	EGITSRSD:0.2727272727272727	GEGITSRS:0.2727272727272727	DHQRTFEA:0.2727272727272727	GATMHKLI:0.2727272727272727	AHPDDEAF:0.2727272727272727	VAHPDDEA:0.2727272727272727	
