cluster number:15
CE14:30	CE14:30
HPDDVDFA:0.2	DGDAGGFD:0.23333333333333334	EGLEAWTV:0.2	YPDARNPY:0.2	LVVTAHPD:0.26666666666666666	DAVYPDAR:0.2	RVIRQVRP:0.4	TAHPDDVD:0.23333333333333334	VIRQVRPD:0.23333333333333334	AHPDDVDF:0.7	RVLVVTAH:0.23333333333333334	VVTAHPDD:0.26666666666666666	WTVREVWL:0.2	HPDHRAVG:0.3	VYPDARNP:0.7	SHPDHRAV:0.2	AVYPDARN:0.6666666666666666	LDAVYPDA:0.2	TDGDAGGF:0.23333333333333334	VLVVTAHP:0.26666666666666666	VTAHPDDV:0.23333333333333334	ARNPFAFP:0.23333333333333334	QRAAAAAV:0.3333333333333333	LPAGRLAE:0.26666666666666666	RAAAAAVG:0.3333333333333333	EQRAAAAA:0.3333333333333333	RNPFAFPE:0.23333333333333334	PDARNPFA:0.4	NPFAFPEL:0.2	DVRFLGYP:0.26666666666666666	FAFPELLA:0.2	AGRLAEAF:0.26666666666666666	FLGYPDGR:0.3	HPDDVDFG:0.4666666666666667	RFLGYPDG:0.3333333333333333	PAGRLAEA:0.26666666666666666	VTDGDAGG:0.26666666666666666	DARNPFAF:0.2	VRFLGYPD:0.3333333333333333	AAAAAVGV:0.36666666666666664	YPDARNPF:0.43333333333333335	RLAEAFTV:0.23333333333333334	FAHPDDVD:0.2	EAFTVLRT:0.23333333333333334	DHLAVGEA:0.23333333333333334	RRFRPDRV:0.2	AEAFTVLR:0.23333333333333334	AVFAHPDD:0.2	GLPAGRLA:0.23333333333333334	FRPDRVLT:0.2	PDHLAVGE:0.23333333333333334	LAVFAHPD:0.2	GGFDDTPR:0.26666666666666666	RFRPDRVL:0.2	GRLAEAFT:0.23333333333333334	AFTVLRTE:0.23333333333333334	HPDHLAVG:0.23333333333333334	VFAHPDDV:0.2	LAEAFTVL:0.23333333333333334	AEQRAAAA:0.26666666666666666	IRRFRPDR:0.2	PDDVDFGA:0.2	PSHPDHLA:0.23333333333333334	GPSHPDHL:0.2	SHPDHLAV:0.2	DARNPFAH:0.2	ARNPFAHP:0.2	CAVYPDAR:0.2	
