cluster number:6
CE14:51	CE14:51|GT0:1
AYETLSET:0.6666666666666666	IAPHPDDE:0.21568627450980393	ETLSETNW:0.6470588235294118	LILAYETL:0.27450980392156865	YETLSETN:0.6470588235294118	LAYETLSE:0.47058823529411764	PNVFVDIS:0.21568627450980393	APHPDDEV:0.6078431372549019	PHPDDEVL:0.6078431372549019	HPDDEVLG:0.5294117647058824	ILAYETLS:0.3333333333333333	DEVLGAGG:0.43137254901960786	VLGAGGTI:0.39215686274509803	LATLRGAT:0.43137254901960786	FGRTLVVA:0.27450980392156865	NWNAPYLS:0.27450980392156865	PDDEVLGA:0.37254901960784315	ALATLRGA:0.43137254901960786	LSETNWNA:0.45098039215686275	TNWNAPYL:0.3333333333333333	SETNWNAP:0.39215686274509803	LVACRPHQ:0.27450980392156865	LGAGGTIA:0.4117647058823529	MHMDHQLT:0.2549019607843137	PPHERSIA:0.2549019607843137	TLRGATVM:0.2549019607843137	ALVACRPH:0.27450980392156865	ETNWNAPY:0.37254901960784315	VVAPHPDD:0.5686274509803921	VACRPHQA:0.2549019607843137	SFGRTLVV:0.2549019607843137	WLRLPAAQ:0.27450980392156865	LRLPAAQL:0.27450980392156865	HMDHQLTF:0.27450980392156865	EVLGAGGT:0.4117647058823529	GRTLVVAP:0.27450980392156865	VAPHPDDE:0.5686274509803921	RTLVVAPH:0.27450980392156865	DMHMDHQL:0.2549019607843137	LVVAPHPD:0.39215686274509803	TLVVAPHP:0.27450980392156865	TLSETNWN:0.45098039215686275	ATLRGATV:0.4117647058823529	WNAPYLSP:0.27450980392156865	GDMHMDHQ:0.2549019607843137	SALVACRP:0.27450980392156865	DDEVLGAG:0.43137254901960786	IVTEGKPP:0.2549019607843137	LRALATLR:0.39215686274509803	TLRALATL:0.21568627450980393	RALATLRG:0.45098039215686275	AAEAFVLV:0.3137254901960784	AEAFVLVR:0.3137254901960784	GAGGTIAK:0.21568627450980393	AGGTIAKL:0.21568627450980393	TFTSALVA:0.2549019607843137	TSALVACR:0.2549019607843137	PAAQLAET:0.2549019607843137	AQLAETAH:0.2549019607843137	QLTFTSAL:0.2549019607843137	QLAETAHA:0.2549019607843137	FVAIVTEG:0.21568627450980393	LTFTSALV:0.2549019607843137	EAFVLVRH:0.23529411764705882	VFVAIVTE:0.21568627450980393	LPAAQLAE:0.2549019607843137	RLPAAQLA:0.2549019607843137	AAQLAETA:0.2549019607843137	FVLVRHVV:0.23529411764705882	FTSALVAC:0.2549019607843137	AFVLVRHV:0.23529411764705882	MDHQLTFT:0.2549019607843137	HQLTFTSA:0.2549019607843137	DHQLTFTS:0.2549019607843137	
