cluster number:77
CE14:9	CE14:9
YGISAAVA:0.3333333333333333	EAYLADLP:0.2222222222222222	AAVAAWTA:0.3333333333333333	DDLEYGIS:0.3333333333333333	LRAREQRA:0.2222222222222222	VVTSNFDL:0.2222222222222222	PLRAREQR:0.2222222222222222	DLEYGISA:0.3333333333333333	GVASLEAH:0.2222222222222222	AHEAYLAD:0.2222222222222222	GISAAVAA:0.3333333333333333	LPDHPAPR:0.2222222222222222	RAREQRAA:0.2222222222222222	ILDFPDGL:0.2222222222222222	VTSNFDLE:0.2222222222222222	RILCVVAH:0.4444444444444444	ILCVVAHP:0.4444444444444444	HPDDLEYG:0.5555555555555556	LADLPDHP:0.2222222222222222	LDFPDGLM:0.2222222222222222	CVVAHPDD:0.6666666666666666	VVAHPDDL:0.4444444444444444	AREQRAAC:0.2222222222222222	DFPDGLME:0.2222222222222222	VERILCVV:0.2222222222222222	GPLRAREQ:0.3333333333333333	KGVASLEA:0.2222222222222222	PDDLEYGI:0.3333333333333333	VDVTGEAL:0.2222222222222222	GVERILCV:0.2222222222222222	ERILCVVA:0.2222222222222222	AHPDDLEY:0.5555555555555556	EYGISAAV:0.3333333333333333	AVAAWTAA:0.3333333333333333	ISAAVAAW:0.3333333333333333	VAHPDDLE:0.4444444444444444	LEYGISAA:0.3333333333333333	HEAYLADL:0.2222222222222222	SAAVAAWT:0.3333333333333333	LCVVAHPD:0.6666666666666666	YLADLPDH:0.2222222222222222	TSGEAGMQ:0.4444444444444444	SLALRRDV:0.2222222222222222	YLLLTSGE:0.4444444444444444	LLLTSGEA:0.4444444444444444	QADHRVAG:0.2222222222222222	TWVFPELA:0.2222222222222222	VVAHPDDV:0.3333333333333333	LTILDHPD:0.2222222222222222	DNTWVFPE:0.2222222222222222	GWGLNQAD:0.2222222222222222	ALRRDVAR:0.2222222222222222	LADLPGHP:0.2222222222222222	ADNTWVFP:0.2222222222222222	DVEVGWGL:0.2222222222222222	DLTILDHP:0.2222222222222222	HPDDVEYG:0.4444444444444444	DADNTWVF:0.2222222222222222	SGEAGMQR:0.4444444444444444	QRPPAEVG:0.2222222222222222	PAEVGPLR:0.2222222222222222	AEVGPLRA:0.2222222222222222	VEVGWGLN:0.2222222222222222	LLTSGEAG:0.4444444444444444	VGWGLNQA:0.2222222222222222	NQADHRVA:0.2222222222222222	EGLEKWGT:0.2222222222222222	YLADLPGH:0.2222222222222222	DLPGHPAP:0.2222222222222222	EEGLEKWG:0.2222222222222222	TILDHPDG:0.2222222222222222	LALRRDVA:0.2222222222222222	DHRVAGLV:0.2222222222222222	EVGWGLNQ:0.2222222222222222	YSLALRRD:0.2222222222222222	RPPAEVGP:0.2222222222222222	EAGMQRPP:0.4444444444444444	MQRPPAEV:0.2222222222222222	AGMQRPPA:0.2222222222222222	RDADNTWV:0.3333333333333333	AHPDDVEY:0.4444444444444444	GLNQADHR:0.3333333333333333	LTSGEAGM:0.4444444444444444	LNQADHRV:0.2222222222222222	VAHPDDVE:0.4444444444444444	PPAEVGPL:0.2222222222222222	AEEGLEKW:0.2222222222222222	NTWVFPEL:0.2222222222222222	ADLPGHPA:0.2222222222222222	ADHRVAGL:0.3333333333333333	WGLNQADH:0.3333333333333333	GEAGMQRP:0.4444444444444444	GMQRPPAE:0.2222222222222222	GINHVDHR:0.2222222222222222	AGEAGMQR:0.3333333333333333	KEYLADLP:0.2222222222222222	TAGEAGMQ:0.3333333333333333	EAGMQREP:0.2222222222222222	LLTAGEAG:0.3333333333333333	AGMQREPE:0.2222222222222222	DDLEYGVS:0.2222222222222222	DAIRDAGT:0.2222222222222222	AWTAAGIE:0.2222222222222222	AAWTAAGI:0.2222222222222222	GEAGMQRE:0.2222222222222222	AIRDAGTR:0.2222222222222222	RDAGTRWI:0.2222222222222222	WGINHVDH:0.2222222222222222	IRDAGTRW:0.2222222222222222	HKEYLADL:0.2222222222222222	LTAGEAGM:0.3333333333333333	LLLTAGEA:0.3333333333333333	VAAWTAAG:0.2222222222222222	YLLLTAGE:0.3333333333333333	PDDLEYGV:0.2222222222222222	INHVDHRV:0.2222222222222222	WTAAGIEV:0.2222222222222222	AHKEYLAD:0.2222222222222222	VGPLRARE:0.2222222222222222	GPLRAKEQ:0.2222222222222222	DAVRDADN:0.3333333333333333	VRDADNTW:0.2222222222222222	AVRDADNT:0.2222222222222222	ACAEVGVT:0.2222222222222222	CAEVGVTD:0.2222222222222222	AEVGVTDL:0.2222222222222222	AAADAVRD:0.2222222222222222	ADAVRDAD:0.2222222222222222	GLAAADAV:0.2222222222222222	EPLERGIA:0.2222222222222222	ERGIASLE:0.2222222222222222	LAAADAVR:0.2222222222222222	PLERGIAS:0.2222222222222222	GEPLERGI:0.2222222222222222	AGLAAADA:0.2222222222222222	AADAVRDA:0.2222222222222222	LERGIASL:0.2222222222222222	
