cluster number:48
CE14:195	CE14:195
LGTRGTAE:0.2512820512820513	NAIDDRHI:0.3230769230769231	SKLVSDAC:0.358974358974359	KGSKLVSD:0.31794871794871793	VDLTRGEL:0.28205128205128205	VSDACFLS:0.5794871794871795	RGELGTRG:0.5692307692307692	LTRGELGT:0.5384615384615384	KVGIVDLT:0.2205128205128205	IDDRHIDH:0.35384615384615387	VGIVDLTR:0.2205128205128205	SDACFLSG:0.6358974358974359	AIDDRHID:0.3230769230769231	ELGTRGTA:0.2717948717948718	LCNAIDDR:0.3128205128205128	GSKLVSDA:0.3487179487179487	DLTRGELG:0.5641025641025641	DDRHIDHG:0.3230769230769231	IDHGKGSK:0.28717948717948716	VYHYIQWK:0.47692307692307695	GKKVGIVD:0.23076923076923078	KLVSDACF:0.49230769230769234	DRHIDHGK:0.3641025641025641	HYIQWKNI:0.3128205128205128	GKGSKLVS:0.24615384615384617	HGKGSKLV:0.24615384615384617	LVSDACFL:0.6	YIQWKNIE:0.2	HIDHGKGS:0.31794871794871793	VLCNAIDD:0.3128205128205128	KKVGIVDL:0.21025641025641026	RHIDHGKG:0.35384615384615387	IVLCNAID:0.28205128205128205	GELGTRGT:0.4358974358974359	CNAIDDRH:0.3487179487179487	DHGKGSKL:0.28717948717948716	GIVDLTRG:0.2358974358974359	DACFLSGL:0.6615384615384615	IQWKNIEP:0.2	IVDLTRGE:0.24102564102564103	YHYIQWKN:0.4205128205128205	TRGELGTR:0.5692307692307692	PEIVLCNA:0.358974358974359	YRARDLGR:0.2717948717948718	RARDLGRL:0.24615384615384617	ARDLGRLI:0.21025641025641026	RKYQPEIV:0.22564102564102564	IRKYQPEI:0.24615384615384617	LGTRGSAE:0.3128205128205128	AHPDDVEL:0.5897435897435898	ACFLSGLR:0.3128205128205128	FGAHPDDV:0.36923076923076925	AEGFTVER:0.2512820512820513	ELGTRGSA:0.3487179487179487	TRGSAEIR:0.26666666666666666	GTRGSAEI:0.26666666666666666	GELGTRGS:0.38974358974358975	GAHPDDVE:0.6102564102564103	DDVELGCG:0.2564102564102564	HPDDVELG:0.48717948717948717	ILAFGAHP:0.38461538461538464	LAFGAHPD:0.40512820512820513	DILAFGAH:0.37435897435897436	AFGAHPDD:0.40512820512820513	PDDVELGC:0.38974358974358975	TQGELGTR:0.2	QGELGTRG:0.2	AIGAHPDD:0.28717948717948716	LTQGELGT:0.2	DLTQGELG:0.20512820512820512	DILAIGAH:0.2512820512820513	ILAIGAHP:0.2512820512820513	LAIGAHPD:0.28717948717948716	KLDILAFG:0.3282051282051282	EIVLCNAI:0.2153846153846154	LDILAFGA:0.3230769230769231	MKLDILAF:0.29743589743589743	IGAHPDDV:0.2153846153846154	
