cluster number:32
GH15:105	GH15:105
FGLRAADD:0.24761904761904763	GLLPEQVW:0.3904761904761905	EHIKLLRS:0.2761904761904762	RVSTAVLA:0.20952380952380953	VWPRDLVE:0.3904761904761905	GRPSGSAM:0.3523809523809524	LAPHLVNA:0.2571428571428571	PFTLAVEI:0.29523809523809524	IKLLRSLR:0.21904761904761905	LAGERAHY:0.2	WPRDLVET:0.2571428571428571	ARWTSSAK:0.2571428571428571	APHLVNAG:0.2761904761904762	LAVEIAAL:0.2571428571428571	TAGGFLAA:0.21904761904761905	HIKLLRSL:0.26666666666666666	GIQMDECA:0.2	GYHLVWPR:0.5238095238095238	WTSSAKSG:0.24761904761904763	GYSPFTLA:0.2857142857142857	LLAPHLVN:0.26666666666666666	PLLAGERA:0.2	GDDDLGGY:0.3142857142857143	VETAGGFL:0.21904761904761905	YRVSTAVL:0.22857142857142856	SPFTLAVE:0.29523809523809524	RPSGSAMP:0.3523809523809524	PSGSAMPL:0.5619047619047619	AGGFLAAG:0.26666666666666666	EIAALLAA:0.23809523809523808	KLLRSLRD:0.22857142857142856	LLPEQVWD:0.47619047619047616	GGLLPEQV:0.34285714285714286	LGGYHLVW:0.4380952380952381	SGSAMPLV:0.49523809523809526	DGYGEHAD:0.24761904761904763	VRFGLRAA:0.24761904761904763	GERAHYEL:0.37142857142857144	AALLAAAD:0.24761904761904763	GLRAADDP:0.26666666666666666	QMDECAFP:0.2761904761904762	ALVRFGLR:0.3523809523809524	RDLVETAG:0.29523809523809524	DDLGGYHL:0.3619047619047619	LLAGERAH:0.2	LVWPRDLV:0.37142857142857144	GGFLAAGD:0.24761904761904763	GRPWPLLA:0.24761904761904763	RPWPLLAG:0.24761904761904763	AVFDMPPQ:0.2	AHYELAAG:0.3523809523809524	LALVRFGL:0.3523809523809524	GQGRPWPL:0.21904761904761905	MPLVWAHS:0.2	AVEIAALL:0.26666666666666666	DDDLGGYH:0.3523809523809524	ETAGGFLA:0.21904761904761905	IAALLAAA:0.2571428571428571	GSAMPLVW:0.5238095238095238	FTLAVEIA:0.26666666666666666	GGYHLVWP:0.5238095238095238	PRDLVETA:0.2571428571428571	HYELAAGR:0.3238095238095238	RFGLRAAD:0.24761904761904763	ALLAPHLV:0.24761904761904763	LVRFGLRA:0.3047619047619048	GDGYGEHA:0.21904761904761905	HLVWPRDL:0.41904761904761906	DLVETAGG:0.23809523809523808	QGRPWPLL:0.21904761904761905	GYFSEEKR:0.2761904761904762	YSPFTLAV:0.2857142857142857	RWTSSAKS:0.22857142857142856	YFSEEKRD:0.23809523809523808	LVETAGGF:0.21904761904761905	DALALVRF:0.3523809523809524	PWPLLAGE:0.24761904761904763	RAHYELAA:0.3619047619047619	YHLVWPRD:0.5333333333333333	WPLLAGER:0.26666666666666666	TLAVEIAA:0.2571428571428571	VFDMPPQG:0.22857142857142856	IQMDECAF:0.2	GYGEHADG:0.24761904761904763	ALALVRFG:0.3523809523809524	DLGGYHLV:0.38095238095238093	PLVWAHSE:0.2	AGERAHYE:0.2	SPDALALV:0.3333333333333333	KGDDDLGG:0.3142857142857143	AMPLVWAH:0.5238095238095238	VEIAALLA:0.24761904761904763	PDALALVR:0.3333333333333333	ERAHYELA:0.38095238095238093	LLRSLRDG:0.20952380952380953	SAMPLVWA:0.5047619047619047	YALLAPHL:0.20952380952380953	NGDGYGEH:0.2857142857142857	RYNGDGYG:0.29523809523809524	YNGDGYGE:0.29523809523809524	DRWEEDAG:0.2	ASLSIPWG:0.47619047619047616	VASLSIPW:0.2857142857142857	RAWPLLTG:0.21904761904761905	WPLLTGER:0.42857142857142855	WAHAEYIK:0.21904761904761905	AWPLLTGE:0.22857142857142856	AHAEYIKL:0.21904761904761905	LTGERAHY:0.2	GRAWPLLT:0.23809523809523808	GYGEHEDG:0.2857142857142857	MPLVWAHA:0.24761904761904763	DGYGEHED:0.2857142857142857	PLVWAHAE:0.3238095238095238	YHLVWTRD:0.24761904761904763	GYSPSTLA:0.22857142857142856	GIQLDEVA:0.2	TQQERWEE:0.2	GGYHLVWT:0.23809523809523808	GYHLVWTR:0.24761904761904763	RYNHDGYG:0.22857142857142856	EYIKLLRS:0.2	LTGERGHY:0.24761904761904763	PLLTGERG:0.2571428571428571	LLTGERGH:0.23809523809523808	PQIRDLGF:0.20952380952380953	
