cluster number:22
GH15:928	GH15:928
APTTSLPE:0.5818965517241379	VAAPTTSL:0.5506465517241379	IDWLCLPR:0.22952586206896552	GIVAAPTT:0.4515086206896552	IVAAPTTS:0.47629310344827586	NFPQAFSH:0.5743534482758621	AAPTTSLP:0.5851293103448276	WLLRAVAG:0.3760775862068966	WLCLPRFD:0.4978448275862069	DGSIDWLC:0.2629310344827586	GGVRNWDY:0.33512931034482757	LCLPRFDS:0.44612068965517243	RDGSIDWL:0.20905172413793102	GVRNWDYR:0.33620689655172414	DWLCLPRF:0.4849137931034483	GSIDWLCL:0.20474137931034483	LLRAVAGD:0.27478448275862066	TGGIVAAP:0.509698275862069	SIDWLCLP:0.20581896551724138	GNFPQAFS:0.5905172413793104	VRNWDYRY:0.22629310344827586	FPQAFSHI:0.2122844827586207	GGIVAAPT:0.5420258620689655	FLACSFWL:0.3771551724137931	HFVHSKVM:0.32219827586206895	RHFVHSKV:0.2834051724137931	RNWDYRYC:0.40948275862068967	WDYRYCWL:0.41379310344827586	IMYGIAGE:0.24461206896551724	DYRYCWLR:0.41379310344827586	VGNFPQAF:0.2823275862068966	MYGIAGER:0.24461206896551724	RYCWLRDA:0.2834051724137931	DLGLLAEE:0.24030172413793102	PTGGIVAA:0.5603448275862069	FPQAFSHV:0.2510775862068966	MAWVAFDR:0.2349137931034483	SKVMAWVA:0.4730603448275862	NDLGLLAE:0.25969827586206895	YCWLRDAT:0.22629310344827586	VMAWVAFD:0.2165948275862069	YRYCWLRD:0.41379310344827586	LLAEEYDP:0.27155172413793105	NWDYRYCW:0.43103448275862066	KVMAWVAF:0.21982758620689655	PVRVGNGA:0.23275862068965517	GLLAEEYD:0.3739224137931034	EPDEGIWE:0.28987068965517243	LACSFWLV:0.20474137931034483	QIMYGIAG:0.25	DYRFCWLR:0.2273706896551724	NWDYRFCW:0.2413793103448276	RNWDYRFC:0.23275862068965517	EGAFLACS:0.2704741379310345	WDYRFCWL:0.2273706896551724	GAFLACSF:0.2413793103448276	YRFCWLRD:0.2273706896551724	AFLACSFW:0.24676724137931033	SLITLKAL:0.4202586206896552	APTGGIVA:0.32112068965517243	DVGLLAEE:0.28771551724137934	RRHFVHSK:0.2629310344827586	ACFAALLG:0.3081896551724138	LKALTYAP:0.25754310344827586	VHSKVMAW:0.32219827586206895	LGNFPQAF:0.25	FVHSKVMA:0.31788793103448276	ITLKALTY:0.3114224137931034	EDYALIGD:0.35560344827586204	IEDYALIG:0.36530172413793105	YAPTGGIV:0.30280172413793105	KALTYAPT:0.2478448275862069	LITLKALT:0.3577586206896552	TYAPTGGI:0.3114224137931034	QLQLDVYG:0.3275862068965517	RIEDYALI:0.25538793103448276	LTYAPTGG:0.25862068965517243	NDVGLLAE:0.3459051724137931	TLKALTYA:0.2510775862068966	HSKVMAWV:0.38038793103448276	ALTYAPTG:0.2478448275862069	VGLLAEEY:0.2650862068965517	RSLITLKA:0.46012931034482757	DEGIWEVR:0.2974137931034483	EGIWEVRG:0.26185344827586204	QLDVYGEV:0.39655172413793105	PDEGIWEV:0.29310344827586204	LQLDVYGE:0.3254310344827586	LRAVAGDP:0.24568965517241378	LDASLLLI:0.2413793103448276	DASLLLIP:0.2273706896551724	
