cluster number:65
GH26:15	GH26:15|3.2.1.100:1|CE1:1
KGVMFGHQ:0.2	GVMFGHQD:0.2	VMFGHQDD:0.2	VGEYPAVV:0.2	WDLGHLEL:0.26666666666666666	AYGMGWKY:0.2	SLKGPKGE:0.2	GWDLGHLE:0.26666666666666666	RNGRPDHY:0.3333333333333333	HEHTGSWF:0.7333333333333333	QDALAYGM:0.2	HQDALAYG:0.26666666666666666	VNLDSVPF:0.2	EHTGSWFW:0.7333333333333333	GEYPAVVG:0.2	GSWFWWGR:0.2	FGHQDALA:0.2	HTGSWFWW:0.7333333333333333	RPDHYYAP:0.3333333333333333	RPLHEHTG:0.2	VVGWDLGH:0.2	DLGHLELK:0.2	VGWDLGHL:0.2	YPAVVGWD:0.2	FRPLHEHT:0.26666666666666666	AVVGWDLG:0.2	EPGRSDVK:0.2	GRPDHYYA:0.3333333333333333	DYLERYPG:0.26666666666666666	LAYGMGWK:0.2	PAVVGWDL:0.2	PLHEHTGS:0.2	YGMGWKYE:0.2	TGSWFWWG:0.6666666666666666	LVWRNGRP:0.4	WRFTVDYL:0.3333333333333333	ALAYGMGW:0.2	EYPAVVGW:0.2	VWRNGRPD:0.4666666666666667	WRNGRPDH:0.4666666666666667	DALAYGMG:0.2	TLSETGLE:0.2	LHEHTGSW:0.2	NGRPDHYY:0.3333333333333333	GHQDALAY:0.26666666666666666	YLERYPGD:0.5333333333333333	YVLVWRNG:0.26666666666666666	PVIFRPLH:0.2	APYPGQAS:0.2	AIPVIFRP:0.26666666666666666	LSYVLVWR:0.2	NLDSVPFD:0.2	VIFRPLHE:0.2	EAIPVIFR:0.26666666666666666	KGEAIPVI:0.26666666666666666	HFYAPYPG:0.26666666666666666	IPVIFRPL:0.2	GEAIPVIF:0.26666666666666666	SYVLVWRN:0.2	YAPYPGQA:0.2	IFRPLHEH:0.2	PYPGQASA:0.2	VLVWRNGR:0.26666666666666666	HNLLIAYS:0.2	HYLERYPG:0.3333333333333333	DHYYAPYP:0.2	YYAPYPGQ:0.3333333333333333	PDHYYAPY:0.2	HYYAPYPG:0.26666666666666666	GRSDVKSV:0.2	RPFHEHTG:0.4	FHEHTGSW:0.4	GHQDDLAY:0.2	IFRPFHEH:0.4	HQDDLAYG:0.2	VIFRPFHE:0.4	FRPFHEHT:0.4	PFHEHTGS:0.4	PVIFRPFH:0.4	GKSAWDTT:0.2	TKKLHNLL:0.2	ERYPGDGY:0.2	YPGDGYVD:0.2	RYPGDGYV:0.2	KKLHNLLI:0.2	SYPAVFGW:0.2	GSYPAVFG:0.2	ERYPGDAY:0.2	GSWFWWGK:0.2	ISWHLDNP:0.2	TISWHLDN:0.2	PGQASAAD:0.2	SWHLDNPH:0.2	NTISWHLD:0.2	YPGQASAA:0.2	AHYLERYP:0.2	WWTKTLLP:0.2	GQASAADF:0.2	VNTISWHL:0.2	VFGWELGH:0.2	IPVIFRPF:0.26666666666666666	
