cluster number:49
GH26:6	GH26:6|GH8:1
VDNVAFVW:0.3333333333333333	SYFGQPDQ:0.3333333333333333	DWSSQPMW:0.3333333333333333	CAYSYFGQ:0.3333333333333333	RPVFLRIG:0.8333333333333334	TKANWGAG:0.3333333333333333	IKAFSYIN:0.6666666666666666	DNVAFVWQ:0.3333333333333333	VFLRIGYE:0.8333333333333334	IGYEFDGW:0.5	VDWCAYSY:0.5	DDLVDWCA:0.3333333333333333	VAFVWQSK:0.5	WYPGDDLV:0.3333333333333333	EFDGWDWN:0.3333333333333333	NVAFVWQS:0.5	YEFDGWDW:0.3333333333333333	DWCAYSYF:0.5	FLRIGYEF:0.8333333333333334	GYEFDGWD:0.3333333333333333	AFVWQSKG:0.5	GDDLVDWC:0.3333333333333333	RIGYEFDG:0.6666666666666666	YPGDDLVD:0.3333333333333333	FVWQSKGT:0.3333333333333333	PVFLRIGY:0.8333333333333334	YSYFGQPD:0.3333333333333333	KANWGAGD:0.3333333333333333	LVDWCAYS:0.3333333333333333	PGDDLVDW:0.3333333333333333	DLVDWCAY:0.3333333333333333	LRIGYEFD:0.8333333333333334	WCAYSYFG:0.5	AYSYFGQP:0.3333333333333333	FSYINCDW:0.3333333333333333	KPVFIAEA:0.3333333333333333	IIKAFSYI:0.3333333333333333	DIIKAFSY:0.3333333333333333	LEAWYPGD:0.3333333333333333	VDSRIQES:0.3333333333333333	KAFSYINC:0.3333333333333333	AFSYINCD:0.3333333333333333	PRPVFLRI:0.3333333333333333	PGDEYVDW:0.3333333333333333	DEYVDWCA:0.3333333333333333	WYPGDEYV:0.3333333333333333	KAFSYINV:0.3333333333333333	GDEYVDWC:0.3333333333333333	YPGDEYVD:0.3333333333333333	
