cluster number:60
GH26:89	GH26:89|CBM16:2|CBM23:2|CBM2:1|CBM59:1|CBM35:1
AADIYNND:0.29213483146067415	VLWRPYHE:0.9101123595505618	LWVWSPNA:0.4943820224719101	ISGQHDYL:0.3595505617977528	WRPYHEMN:0.9213483146067416	LLWVWSPN:0.4943820224719101	ADIYNNDY:0.20224719101123595	WVWSPNAP:0.3707865168539326	RPYHEMNG:0.9325842696629213	LWRPYHEM:0.9101123595505618	SGQHDYLE:0.42696629213483145	VWSPNAPN:0.34831460674157305	NLLWVWSP:0.4943820224719101	VPVLWRPY:0.8314606741573034	PVLWRPYH:0.8764044943820225	LAADIYNN:0.29213483146067415	NGGWFWWG:0.33707865168539325	PYHEMNGD:0.24719101123595505	HEMNGDWF:0.24719101123595505	SDDGIRVW:0.39325842696629215	AGVPVLWR:0.5730337078651685	GVPVLWRP:0.5955056179775281	YHEMNGDW:0.24719101123595505	MNGDWFWW:0.24719101123595505	HDYLESPD:0.5168539325842697	EMNGDWFW:0.24719101123595505	DAGVPVLW:0.4943820224719101	GQHDYLES:0.5617977528089888	NGDWFWWG:0.24719101123595505	DDGIRVWV:0.24719101123595505	DYLESPDE:0.5168539325842697	QHDYLESP:0.5168539325842697	EMNGGWFW:0.3258426966292135	PYHEMNGG:0.3258426966292135	YHEMNGGW:0.3258426966292135	HEMNGGWF:0.3258426966292135	MNGGWFWW:0.3258426966292135	DIYNNDFK:0.2247191011235955	MTWGKMLT:0.2808988764044944	WGKMLTEN:0.2696629213483146	LNNLLWVW:0.47191011235955055	QLRDAGVP:0.2247191011235955	QLNNLLWV:0.20224719101123595	RWTGKIKP:0.20224719101123595	SVRWTGKI:0.21348314606741572	LDKVAVSL:0.24719101123595505	HGYEMGAI:0.23595505617977527	NNLLWVWS:0.25842696629213485	GKMLTENN:0.2696629213483146	LRDAGVPV:0.3595505617977528	WNIMYDRF:0.2696629213483146	VRWTGKIK:0.20224719101123595	RDAGVPVL:0.34831460674157305	TWGKMLTE:0.2808988764044944	LWNIMYDR:0.29213483146067415	GYEMGAIS:0.23595505617977527	DKVAVSLK:0.24719101123595505	YLESPDEL:0.2247191011235955	TGQHDYLE:0.2247191011235955	IYNNDFKQ:0.21348314606741572	FSVRWTGK:0.23595505617977527	HQLNNLLW:0.20224719101123595	YNNDFKQS:0.21348314606741572	KLNNLLWV:0.20224719101123595	LHGYELGA:0.3258426966292135	GYELGAIN:0.21348314606741572	GIVAMTFH:0.25842696629213485	DVLAADIY:0.20224719101123595	HKLNNLLW:0.20224719101123595	GGIVAMTF:0.25842696629213485	HGYELGAI:0.29213483146067415	YLESPDEF:0.23595505617977527	PYHEMNGN:0.23595505617977527	HEMNGNWF:0.23595505617977527	NGNWFWWG:0.23595505617977527	MNGNWFWW:0.23595505617977527	EMNGNWFW:0.23595505617977527	YHEMNGNW:0.23595505617977527	
