cluster number:12
CE2:13	CE2:13
GNSITCGA:0.46153846153846156	EFIGNSIT:0.9230769230769231	PRVARALN:0.23076923076923078	YGPRVARA:0.46153846153846156	QNCLTAIK:0.23076923076923078	YQAYGPRV:0.3076923076923077	PLIEFIGN:0.46153846153846156	KLQNCLTA:0.23076923076923078	QAYGPRVA:0.3076923076923077	ALGTNDLS:0.23076923076923078	NCLTAIKT:0.23076923076923078	IGNSITCG:0.8461538461538461	IALGTNDL:0.23076923076923078	ELISSAVH:0.3076923076923077	YLQYELDG:0.38461538461538464	IEFIGNSI:0.9230769230769231	QLELISSA:0.23076923076923078	LQNCLTAI:0.23076923076923078	FIGNSITC:0.8461538461538461	TMPQVYEK:0.3076923076923077	SIALGTND:0.5384615384615384	NSITCGAA:0.46153846153846156	NAYQAYGP:0.3076923076923077	VSIALGTN:0.46153846153846156	AYQAYGPR:0.3076923076923077	LSSVSGIG:0.5384615384615384	AYGPRVAR:0.46153846153846156	GPRVARAL:0.38461538461538464	LISSAVHF:0.3076923076923077	LELISSAV:0.3076923076923077	SSAVHFGF:0.3076923076923077	IVSIALGT:0.23076923076923078	ISSAVHFG:0.3076923076923077	GPTMPQVY:0.23076923076923078	VSGIGAYR:0.23076923076923078	LIEFIGNS:0.5384615384615384	PTMPQVYE:0.3076923076923077	SSVSGIGA:0.23076923076923078	SVSGIGAY:0.23076923076923078	IALLSSPM:0.3076923076923077	YHDQHNAY:0.38461538461538464	YELDGVYQ:0.3076923076923077	NYLQYELD:0.23076923076923078	ITCGAAAD:0.23076923076923078	ALLSSPMV:0.3076923076923077	QYELDGVY:0.3076923076923077	LQYELDGV:0.3076923076923077	KATEAHTG:0.23076923076923078	YKATEAHT:0.23076923076923078	SITCGAAA:0.23076923076923078	RRIEFIGN:0.23076923076923078	CLTSPMAD:0.23076923076923078	RIEFIGNS:0.23076923076923078	AVHFGFSF:0.23076923076923078	TNDFSNGD:0.3076923076923077	DFSNGDGK:0.23076923076923078	IALGTNDF:0.3076923076923077	GTNDFSNG:0.3076923076923077	HNAYQAYG:0.23076923076923078	HFGFSFEG:0.23076923076923078	QHNAYQAY:0.23076923076923078	FSNGDGKR:0.23076923076923078	NGDGKRPR:0.23076923076923078	SNGDGKRP:0.23076923076923078	SAVHFGFS:0.23076923076923078	ARIALLSS:0.23076923076923078	NDFSNGDG:0.3076923076923077	RIALLSSP:0.23076923076923078	VHFGFSFE:0.23076923076923078	APLIEFIG:0.23076923076923078	LGTNDFSN:0.3076923076923077	HDQHNAYQ:0.23076923076923078	FGFSFEGT:0.23076923076923078	SEVPCGTG:0.23076923076923078	DQHNAYQA:0.23076923076923078	VVSIALGT:0.23076923076923078	PRLPFDSA:0.23076923076923078	ALGTNDFS:0.3076923076923077	WYDQHNAY:0.23076923076923078	MLSSVSGI:0.23076923076923078	GNSITCGM:0.23076923076923078	NSITCGMG:0.23076923076923078	
