cluster number:13
CE2:18	CE2:18|3.1.1.72:1|3.1.1.-:1
GTNDFSTP:0.3888888888888889	TNDFSTPL:0.3888888888888889	HVVRLDKL:0.2222222222222222	VIGLGTND:0.4444444444444444	IGLGTNDF:0.4444444444444444	LGTNDFST:0.7222222222222222	PGEHVVRL:0.2777777777777778	GVYFEGRF:0.2777777777777778	RLDKLTES:0.2777777777777778	EHVVRLDK:0.2222222222222222	GPGEHVVR:0.2777777777777778	GEHVVRLD:0.2777777777777778	LGPGEHVV:0.2777777777777778	LDKLTESQ:0.2777777777777778	VVRLDKLT:0.2222222222222222	GGRVAPAP:0.2777777777777778	PGVYFEGR:0.2777777777777778	WPGVYFEG:0.2777777777777778	FGWPGVYF:0.3888888888888889	HDLTDTSL:0.2777777777777778	GLGTNDFS:0.4444444444444444	VRLDKLTE:0.2777777777777778	SGRGVVRN:0.5555555555555556	GRGVVRNY:0.5555555555555556	GWPGVYFE:0.3888888888888889	GDSHTVGY:0.6111111111111112	AISGRGVV:0.2777777777777778	HTVGYGVT:0.2222222222222222	LGTNDFTT:0.2222222222222222	TVGYGVTS:0.2222222222222222	ARRYGADY:0.2222222222222222	FVGDSHTV:0.2222222222222222	IEFVGDSH:0.2222222222222222	DTSRGFGA:0.2222222222222222	DSHTVGYG:0.6111111111111112	LARRYGAD:0.2222222222222222	NAISGRGV:0.2777777777777778	VNAISGRG:0.3888888888888889	ISGRGVVR:0.2777777777777778	TDTSRGFG:0.2222222222222222	VWATTDTS:0.2777777777777778	EFVGDSHT:0.2222222222222222	SHTVGYGV:0.2777777777777778	VGDSHTVG:0.2222222222222222	TTDTSRGF:0.2222222222222222	NAISGRGI:0.2222222222222222	IGDSHTVG:0.3888888888888889	GTNDFSTA:0.2222222222222222	ISGRGIVR:0.2222222222222222	IEFIGDSH:0.3888888888888889	EFIGDSHT:0.3888888888888889	AISGRGIV:0.2222222222222222	FIGDSHTV:0.3888888888888889	TNDFSTAL:0.2222222222222222	SGRGIVRN:0.2777777777777778	GRGIVRNY:0.2777777777777778	RNYNGFAA:0.2777777777777778	ALHADYEA:0.2222222222222222	DYQVNAIS:0.2777777777777778	GIVRNYNG:0.2222222222222222	RQIEFIGD:0.3888888888888889	VRNYNGFA:0.2777777777777778	YQVNAISG:0.3333333333333333	QIEFIGDS:0.4444444444444444	QVNAISGR:0.3333333333333333	HADYEATY:0.2222222222222222	LHADYEAT:0.2222222222222222	ADYQVNAI:0.2777777777777778	TVGYGNTS:0.2222222222222222	VGYGNTSP:0.2222222222222222	KLDRLGPG:0.2222222222222222	ALRKDYRD:0.2222222222222222	AALRKDYR:0.2222222222222222	GAYDFGWP:0.2222222222222222	LKLDRLGP:0.2222222222222222	FSGRGVVR:0.2222222222222222	GVVRNYNG:0.4444444444444444	TRLKLDRL:0.2222222222222222	RGVVRNYN:0.4444444444444444	IGGRVAPA:0.2222222222222222	LDRLGPGE:0.2222222222222222	DRLGPGEH:0.2222222222222222	AYDFGWPG:0.2222222222222222	AFSGRGVV:0.2222222222222222	RLKLDRLG:0.2222222222222222	NIGGRVAP:0.2222222222222222	RLGPGEHV:0.2222222222222222	DFGWPGVY:0.2222222222222222	DGVRKAEL:0.2222222222222222	YDFGWPGV:0.2222222222222222	DEAALRKD:0.2222222222222222	LNIGGRVA:0.2222222222222222	EAALRKDY:0.2222222222222222	VVRNYNGF:0.2222222222222222	TDLADGEI:0.2222222222222222	ATDLADGE:0.2222222222222222	
