cluster number:8
CE2:6	CE2:6
VINLGNND:0.3333333333333333	GVDVAFED:0.3333333333333333	KNEDISQA:0.3333333333333333	MAGCEPFD:0.3333333333333333	VIVDGKTE:0.3333333333333333	DPYGEDWH:0.8333333333333334	RQHWTKMQ:0.3333333333333333	SITCGYGN:0.6666666666666666	NCTGVDVA:0.3333333333333333	FRCNCTGV:0.3333333333333333	MNDNYPAG:0.5	ITCGYGNE:0.6666666666666666	PTYTEPNT:0.6666666666666666	VIVINLGN:0.3333333333333333	TYTEPNTG:0.6666666666666666	NVIVDGKT:0.3333333333333333	AGCEPFDP:0.3333333333333333	TNWVNVIV:0.3333333333333333	LGNNDFNV:0.5	EPNTGYHS:0.5	IVINLGNN:0.3333333333333333	HSKNEDIS:0.3333333333333333	LGRRFNAE:0.3333333333333333	INLGNNDF:0.5	NDNYPAGR:0.5	YAPTYTEP:0.3333333333333333	IYAPTYTE:0.3333333333333333	NEDISQAY:0.3333333333333333	CNCTGVDV:0.3333333333333333	APTYTEPN:0.6666666666666666	FIGDSITC:0.6666666666666666	QHWTKMQE:0.3333333333333333	NLGNNDFN:0.5	EDISQAYG:0.3333333333333333	PNTGYHSK:0.3333333333333333	PYGEDWHP:1.0	RCNCTGVD:0.3333333333333333	GDSITCGY:0.6666666666666666	HWTKMQEY:0.3333333333333333	TGVDVAFE:0.3333333333333333	GDPYGEDW:0.5	TGYHSKNE:0.3333333333333333	EHTNWVNV:0.3333333333333333	TKMQEYVS:0.3333333333333333	HTNWVNVI:0.3333333333333333	VNVIVDGK:0.3333333333333333	TCGYGNEA:0.5	NTGYHSKN:0.3333333333333333	YGEDWHPT:0.8333333333333334	EFIGDSIT:0.6666666666666666	NWVNVIVD:0.3333333333333333	TEPNTGYH:0.6666666666666666	DSITCGYG:0.6666666666666666	WTKMQEYV:0.3333333333333333	GCEPFDPW:0.3333333333333333	RFRCNCTG:0.3333333333333333	CTGVDVAF:0.5	YTEPNTGY:0.6666666666666666	WVNVIVDG:0.3333333333333333	SKNEDISQ:0.3333333333333333	IGDSITCG:0.6666666666666666	QGVLLDPP:0.3333333333333333	GYGNEASI:0.5	GEDWHPTA:0.6666666666666666	CGYGNEAS:0.5	GVLLDPPP:0.3333333333333333	IEIVKRTE:0.3333333333333333	VQGVLLDP:0.3333333333333333	SVQGVLLD:0.3333333333333333	NLGTNDFA:0.3333333333333333	RMEFIGDS:0.3333333333333333	LQFIGRMD:0.3333333333333333	PEVIVINL:0.3333333333333333	VPEVIVIN:0.3333333333333333	RLQFIGRM:0.3333333333333333	MEFIGDSI:0.3333333333333333	RRMEFIGD:0.3333333333333333	EVIVINLG:0.3333333333333333	GYGNEVRI:0.3333333333333333	CGYGNEVR:0.3333333333333333	EDWHPTAE:0.3333333333333333	RCDCTGVD:0.3333333333333333	DNYPAGRK:0.3333333333333333	CDCTGVDV:0.3333333333333333	
