cluster number:21
CE2:19	CE2:19
NLFQNDSW:0.7368421052631579	VVVVNLFQ:0.2631578947368421	LELFKRTE:0.21052631578947367	LFQNDSWI:0.5263157894736842	KSGIGITV:0.3157894736842105	VVVNLFQN:0.3157894736842105	GIGITVSW:0.3157894736842105	GNSITCGY:0.21052631578947367	SGIGITVS:0.3157894736842105	FQNDSWIV:0.5263157894736842	VNLFQNDS:0.42105263157894735	NSITCGYA:0.21052631578947367	VVNLFQND:0.3684210526315789	EFYGNSIT:0.47368421052631576	IEFYGNSI:0.47368421052631576	RKIEFYGN:0.3684210526315789	YKNTPGHP:0.21052631578947367	ELFKRTEW:0.3684210526315789	KRTEWDKG:0.2631578947368421	FYGNSITA:0.3157894736842105	FKRTEWDK:0.2631578947368421	YAALTARH:0.21052631578947367	LFKRTEWD:0.2631578947368421	GNSITAGY:0.21052631578947367	QNDSWIVN:0.3684210526315789	LTARHFNA:0.21052631578947367	VYTHFMPY:0.21052631578947367	YGNSITAG:0.3157894736842105	YTHFMPYK:0.21052631578947367	NNYLSYAA:0.21052631578947367	TNNYLSYA:0.21052631578947367	NSITAGYA:0.21052631578947367	DVVVVNLF:0.21052631578947367	KIEFYGNS:0.3684210526315789	VINLFQND:0.3157894736842105	MPEMYDRL:0.21052631578947367	INLFQNDS:0.3157894736842105	VVINLFQN:0.3157894736842105	TSKSGIGI:0.21052631578947367	VSWFPLIM:0.21052631578947367	LFQNDSWL:0.21052631578947367	PDVVVINL:0.21052631578947367	VVVINLFQ:0.21052631578947367	KRKIEFYG:0.21052631578947367	CICKSGIG:0.21052631578947367	IGIMVSWF:0.21052631578947367	GIGIMVSW:0.21052631578947367	
