cluster number:3
CE2:18	CE2:18|GH5_4:4|3.1.1.72:2|3.1.1.-:1|3.2.1.4:1|CBM2:1|CBM6:1|GH8:1
IEFIGDSI:0.6666666666666666	RKIEFIGD:0.3333333333333333	IGDSITCG:0.5555555555555556	FIGDSITC:0.7777777777777778	KIEFIGDS:0.3888888888888889	EFIGDSIT:0.6666666666666666	VKTHELMA:0.2222222222222222	TCGYGNEG:0.2777777777777778	SITCGYGN:0.2777777777777778	ITCGYGNE:0.2777777777777778	GDSITCGY:0.5	DSITCGYG:0.5	INLGTNDF:0.5	SSRVAHAE:0.2222222222222222	DSRVIVSI:0.2222222222222222	SYAAITAR:0.2777777777777778	LGFDFGSG:0.2222222222222222	KNNLSSRV:0.2222222222222222	QFLGFDFG:0.2222222222222222	ERKIEFIG:0.2222222222222222	IGEFGTID:0.2222222222222222	QVVVINLG:0.3888888888888889	LGTNDFST:0.3333333333333333	SELDAIYN:0.2222222222222222	NNLSSRVA:0.2222222222222222	LVIPNNDS:0.2222222222222222	PMLWGTGL:0.2222222222222222	SNVELNFY:0.2222222222222222	MSYAAITA:0.2777777777777778	WSGSNVEL:0.2222222222222222	EVVNYVLD:0.2222222222222222	GWNLGNTL:0.2222222222222222	GILYNGRF:0.2222222222222222	IDKNNLSS:0.2222222222222222	SITCAYGN:0.2222222222222222	ENSYMSYA:0.2222222222222222	NLGNTLDA:0.2222222222222222	PGILYNGR:0.2222222222222222	PKNENSYM:0.2222222222222222	GDSITCAY:0.2777777777777778	ITARNLNA:0.2222222222222222	GYGEDWHP:0.3888888888888889	LWKRTEAS:0.2222222222222222	YAAITARN:0.2222222222222222	NDLVIPNN:0.2222222222222222	GTIDKNNL:0.2222222222222222	VELNFYGT:0.2222222222222222	YGEDWHPS:0.3333333333333333	DKNNLSSR:0.2222222222222222	ITCAYGNE:0.2222222222222222	DFGSGKLL:0.2222222222222222	NLSSRVAH:0.2222222222222222	VGPMLWGT:0.2222222222222222	RNLNASAN:0.2222222222222222	ELNFYGTE:0.2222222222222222	SGSNVELN:0.2222222222222222	TCAYGNEG:0.2222222222222222	SFTPKNEN:0.2222222222222222	SYMSYAAI:0.2222222222222222	QSFTPKNE:0.2222222222222222	KEQSFTPK:0.2222222222222222	EFGTIDKN:0.2222222222222222	LSSRVAHA:0.2222222222222222	VEEVVNYV:0.2222222222222222	GEFGTIDK:0.2222222222222222	FDFGSGKL:0.2222222222222222	FTPKNENS:0.2222222222222222	NVELNFYG:0.2222222222222222	AAITARNL:0.2222222222222222	GEVQFLGF:0.2777777777777778	VVINLGTN:0.5	GFDFGSGK:0.2222222222222222	DLVIPNND:0.2222222222222222	VIPNNDSR:0.2222222222222222	SRVIVSIH:0.2222222222222222	NYPDAHIF:0.2222222222222222	YMSYAAIT:0.2777777777777778	CAWSGSNV:0.2222222222222222	ARNLNASA:0.2222222222222222	AITARNLN:0.2222222222222222	NENSYMSY:0.2222222222222222	YPDAHIFC:0.2222222222222222	PQVVVINL:0.4444444444444444	IGDSITCA:0.2777777777777778	NDSRVIVS:0.2222222222222222	TARNLNAS:0.2222222222222222	SKEQSFTP:0.2222222222222222	KNENSYMS:0.2222222222222222	TIDKNNLS:0.2222222222222222	NNDSRVIV:0.2222222222222222	NSYMSYAA:0.2222222222222222	TPKNENSY:0.2222222222222222	IPNNDSRV:0.2222222222222222	PNNDSRVI:0.2222222222222222	AWSGSNVE:0.2222222222222222	EQSFTPKN:0.2222222222222222	DSITCAYG:0.2777777777777778	GSNVELNF:0.2222222222222222	WNLGNTLD:0.2222222222222222	FLGFDFGS:0.2222222222222222	VINLGTND:0.5	GPMLWGTG:0.2222222222222222	RVEEVVNY:0.2222222222222222	GEDWHPSI:0.2222222222222222	EEVVNYVL:0.2222222222222222	VPQVVVIN:0.2222222222222222	FGTIDKNN:0.2222222222222222	NLGTNDFS:0.4444444444444444	VVVINLGT:0.4444444444444444	FETMNEPR:0.2222222222222222	RIEFIGDS:0.2222222222222222	NGYGEDWH:0.2222222222222222	
