cluster number:6
CBM25:11	CBM25:11
PTPITAGE:0.5454545454545454	YNGLLAQS:0.2727272727272727	VDPTPITA:0.6363636363636364	FPGGVVVD:0.2727272727272727	GVVVDPTP:0.6363636363636364	FYNGLLAQ:0.2727272727272727	VFYNGLLA:0.36363636363636365	PITAGEEV:0.2727272727272727	VVDPTPIT:0.6363636363636364	VVVDPTPI:0.6363636363636364	VVFYNGLL:0.2727272727272727	VVVFYNGL:0.2727272727272727	PGGVVVDP:0.5454545454545454	NGLLAQSG:0.2727272727272727	GGVVVDPT:0.5454545454545454	TPITAGEE:0.2727272727272727	DPTPITAG:0.6363636363636364	LLAQSGAD:0.2727272727272727	GLLAQSGA:0.36363636363636365	GAYRLKEM:0.2727272727272727	WDNNNGHN:0.2727272727272727	NWDNNNGH:0.2727272727272727	DNNNGHNW:0.2727272727272727	
