cluster number:7
CBM22:21	CBM22:21|GH10:20|3.2.1.8:1
ENEMKWYS:0.38095238095238093	SVSLQPFT:0.2857142857142857	YVMCLTDN:0.2857142857142857	CWSMLKGG:0.5714285714285714	CYVMCLTD:0.3333333333333333	NIPYMRSA:0.23809523809523808	PNIPYMRS:0.23809523809523808	WDVVNENL:0.8095238095238095	YMRSALDT:0.23809523809523808	GCYVMCLT:0.2857142857142857	TPNIPYMR:0.2857142857142857	DSVSLQPF:0.3333333333333333	LSAWLQVS:0.38095238095238093	VVNENLHF:0.5714285714285714	DVVNENLH:0.8095238095238095	GHNVFWDD:0.2857142857142857	RGHNVFWD:0.38095238095238093	TFENEMKW:0.47619047619047616	GCWSMLKG:0.2857142857142857	FENEMKWY:0.42857142857142855	EMKWYSTE:0.5714285714285714	GPAELYFE:0.23809523809523808	GLPIWLTE:0.2857142857142857	WVDSVSLQ:0.2857142857142857	SMLKGGLT:0.3333333333333333	LYTFSAWL:0.23809523809523808	TFSAWLQV:0.23809523809523808	GIGLESHF:0.23809523809523808	SVSQKVYL:0.23809523809523808	LKGGLTVD:0.23809523809523808	WSMLKGGL:0.42857142857142855	VSRYKGQL:0.2857142857142857	KPQYNGGI:0.2857142857142857	VDSVSLQP:0.2857142857142857	SGPAELYF:0.23809523809523808	YFEQVLRE:0.23809523809523808	PQYNGGII:0.2857142857142857	VVSRYKGQ:0.23809523809523808	MLKGGLTV:0.23809523809523808	YTFSAWLQ:0.23809523809523808	SVVSRYKG:0.2857142857142857	GWDVVNEN:0.47619047619047616	FSAWLQVS:0.23809523809523808	VNENLHFS:0.3333333333333333	PIWLTEVD:0.23809523809523808	NEMKWYST:0.5714285714285714	IWVDSVSL:0.38095238095238093	MCLTDNNF:0.23809523809523808	SRFTVTTF:0.2857142857142857	FTVTTFEN:0.3333333333333333	TTFENEMK:0.2857142857142857	VTTFENEM:0.2857142857142857	NENLHFSF:0.2857142857142857	NLHFSFFE:0.2857142857142857	RFTVTTFE:0.3333333333333333	ENLHFSFF:0.2857142857142857	TVTTFENE:0.3333333333333333	GDVVDKLI:0.23809523809523808	IAVRGHNV:0.2857142857142857	PIWLTEID:0.23809523809523808	IWLTEIDV:0.23809523809523808	GIAVRGHN:0.38095238095238093	HGIAVRGH:0.2857142857142857	YTLSAWLQ:0.23809523809523808	DTHYTLSA:0.23809523809523808	HYTLSAWL:0.23809523809523808	THYTLSAW:0.23809523809523808	AWDVVNEN:0.2857142857142857	VRGHNVFW:0.23809523809523808	IAWDVVNE:0.23809523809523808	TLSAWLQV:0.23809523809523808	WFASRFTV:0.2857142857142857	
