cluster number:15
CBM22:41	CBM22:41|GH10:32|CBM9:24|CE4:10|CBM6:8|GH43_16:8|CBM2:5|CBM5:4|CBM0:3|3.2.1.8:2
EWYRILGE:0.21951219512195122	GLTDGRSW:0.34146341463414637	INDYNTEQ:0.4146341463414634	SEWYRILG:0.24390243902439024	VGHQFHVS:0.34146341463414637	SVTVWGLT:0.21951219512195122	GVPVDGVG:0.2682926829268293	VWGLTDGR:0.3170731707317073	HMKPEAWY:0.24390243902439024	RGVPVDGV:0.21951219512195122	TQAVTELD:0.21951219512195122	LTDGRSWR:0.34146341463414637	RRSEWYRI:0.24390243902439024	PVTLFIND:0.2926829268292683	LFSVTVWG:0.21951219512195122	ENHMKPEA:0.24390243902439024	PVDGVGHQ:0.2682926829268293	VTVWGLTD:0.36585365853658536	FSVTVWGL:0.21951219512195122	DGVGHQFH:0.4146341463414634	VTLFINDY:0.2926829268292683	FINDYNTE:0.6585365853658537	GLRRSEWY:0.24390243902439024	LFINDYNT:0.6585365853658537	NHMKPEAW:0.24390243902439024	GVGHQFHV:0.3902439024390244	RSEWYRIL:0.24390243902439024	ALTFDDGP:0.24390243902439024	TVWGLTDG:0.2926829268292683	DGLRRSEW:0.3170731707317073	LRRSEWYR:0.24390243902439024	TLFINDYN:0.2926829268292683	WGLTDGRS:0.34146341463414637	VDGVGHQF:0.21951219512195122	GHQFHVSL:0.3170731707317073	AVTELDVT:0.34146341463414637	MKPEAWYD:0.24390243902439024	VPVDGVGH:0.2682926829268293	QAVTELDV:0.4878048780487805	GLDFQVND:0.2682926829268293	VTELDVTT:0.2682926829268293	DFPVGVAI:0.21951219512195122	PVGVAIDS:0.21951219512195122	DSVEIYVD:0.2926829268292683	FPVGVAID:0.21951219512195122	QSTARWGV:0.3170731707317073	GVAIDSRE:0.2682926829268293	TELDVTTG:0.2682926829268293	VGVAIDSR:0.21951219512195122	ELDVTTGT:0.2682926829268293	YADEAFND:0.21951219512195122	LDFQVNDA:0.24390243902439024	VAIDSRET:0.2682926829268293	LDVTTGTP:0.2682926829268293	GYQSTARW:0.24390243902439024	YQSTARWG:0.2926829268292683	YGHVLVWH:0.34146341463414637	LVWHSQTP:0.4146341463414634	WHSQTPAW:0.34146341463414637	VPIDGVGH:0.2926829268292683	PIDGVGHQ:0.34146341463414637	SQTPAWFF:0.3170731707317073	HSQTPAWF:0.3170731707317073	SFGTGDEA:0.21951219512195122	VSFGTGDE:0.2682926829268293	HVLVWHSQ:0.34146341463414637	KLFINDYN:0.24390243902439024	VYGHVLVW:0.2682926829268293	GHVLVWHS:0.34146341463414637	VLVWHSQT:0.3170731707317073	NTEQSGKQ:0.21951219512195122	NDYNTEQS:0.24390243902439024	DYNTEQSG:0.21951219512195122	YNTEQSGK:0.21951219512195122	TLYVLAEV:0.21951219512195122	
