cluster number:8
CBM22:24	CBM22:24|GH11:11|GH10:11|3.2.1.8:10|CBM37:10|CE1:7|CE4:6|CBM6:2|GH43_16:2|3.2.1.55:1|3.1.1.72:1|GH43_10:1|3.1.1.73:1|CBM9:1
YMCVYGWT:0.20833333333333334	PDSLTDFY:0.25	SLFVSGRT:0.20833333333333334	YEVALNIE:0.20833333333333334	SYMCVYGW:0.20833333333333334	NSYMCVYG:0.20833333333333334	GAIVLCHE:0.20833333333333334	VALNIEGY:0.20833333333333334	FDQYWSVR:0.20833333333333334	GNSYMCVY:0.20833333333333334	DSLTDFYI:0.25	EVALNIEG:0.20833333333333334	MYEVALNI:0.20833333333333334	SLTDFYID:0.25	TFDQYWSV:0.20833333333333334	RGHTLVWH:0.25	RMESYIKN:0.20833333333333334	LNLYAYDV:0.20833333333333334	YAYDVVNE:0.20833333333333334	LYAYDVVN:0.20833333333333334	TYARKYAP:0.20833333333333334	AFTYARKY:0.20833333333333334	EKAFTYAR:0.20833333333333334	FTYARKYA:0.20833333333333334	GHTLVWHS:0.20833333333333334	YYNDYNEY:0.20833333333333334	LYYNDYNE:0.2916666666666667	HTLVWHSQ:0.25	HGGGENEN:0.20833333333333334	ESYIKNMF:0.20833333333333334	YLMHGGGE:0.25	LNVYLPYG:0.25	KKYNIFYL:0.20833333333333334	FYLMHGGG:0.20833333333333334	IFYLMHGG:0.20833333333333334	VYLPYGYD:0.25	LIVVTPTF:0.20833333333333334	KLYYNDYN:0.25	YNIFYLMH:0.20833333333333334	HWWGYVRH:0.20833333333333334	MHGGGENE:0.20833333333333334	YFMPLSGD:0.20833333333333334	SLNVYLPY:0.20833333333333334	LMHGGGEN:0.20833333333333334	THWWGYVR:0.20833333333333334	NVYLPYGY:0.25	NIFYLMHG:0.20833333333333334	PLIVVTPT:0.20833333333333334	CKLYYNDY:0.25	WWGYVRHY:0.20833333333333334	YTSDFSKG:0.20833333333333334	IVVTPTFN:0.25	GGGENENT:0.20833333333333334	KYNIFYLM:0.20833333333333334	TSDFSKGN:0.20833333333333334	LVWHSQTP:0.20833333333333334	LAGKWRVQ:0.2916666666666667	LTPGMSYK:0.20833333333333334	IAVYLAGK:0.3333333333333333	VYLAGKWR:0.3333333333333333	GIAVYLAG:0.4166666666666667	PGMSYKVA:0.20833333333333334	AVYLAGKW:0.3333333333333333	YGIAVYLA:0.4166666666666667	YLAGKWRV:0.2916666666666667	TPGMSYKV:0.20833333333333334	TPKNLTPG:0.25	LTDFYIDN:0.20833333333333334	NPLVEYYI:0.3333333333333333	QADTPNSS:0.25	SRICIYGW:0.25	SGNSRICI:0.25	LHDNDGGF:0.25	HHEIWQAD:0.25	VEYYIIED:0.25	TLHDNDGG:0.25	MTLHDNDG:0.25	EGWESDGQ:0.25	WQADTPNS:0.25	YEVAFNVE:0.25	NSRICIYG:0.25	SYTIEGNK:0.20833333333333334	DNDGGFST:0.25	YVEAPDSL:0.25	SEHFKAWE:0.20833333333333334	GNSRICIY:0.25	FNVEGWES:0.25	HDNDGGFS:0.25	PLVEYYII:0.25	VEGWESDG:0.25	YYIIEDWK:0.25	GWESDGQA:0.25	QNPLVEYY:0.25	NKNFTQYI:0.25	EGNKNFTQ:0.20833333333333334	EVAFNVEG:0.25	GNKNFTQY:0.20833333333333334	NVEGWESD:0.25	KNFTQYIS:0.25	HEIWQADT:0.25	ESMGMKMG:0.25	WKCGPNNS:0.25	EIWQADTP:0.25	NFLARRGL:0.25	IWQADTPN:0.25	YIIEDWKN:0.25	YTIEGNKN:0.20833333333333334	TIEGNKNF:0.20833333333333334	LVEYYIIE:0.25	GNFLARRG:0.25	VAFNVEGW:0.25	IEGNKNFT:0.20833333333333334	ESDGQADV:0.25	SMGMKMGN:0.25	WESDGQAD:0.25	EYYIIEDW:0.25	AFNVEGWE:0.25	WESMGMKM:0.25	IIEDWKNW:0.25	YHHEIWQA:0.25	GTISVSEH:0.20833333333333334	TISVSEHF:0.20833333333333334	ISVSEHFK:0.20833333333333334	KYGIAVYL:0.20833333333333334	ADKYGIAV:0.20833333333333334	DKYGIAVY:0.20833333333333334	GADKYGIA:0.20833333333333334	
