cluster number:10
GH104:34	GH104:34
QDQGALFL:0.38235294117647056	YRVMFGGG:0.3235294117647059	SAAAGAYQ:1.0	FPTLAGRS:0.29411764705882354	AGRSFYGQ:0.20588235294117646	RVMFGGGL:0.3235294117647059	RYASAAAG:0.5882352941176471	GYRVMFGG:0.4117647058823529	AQDQGALF:0.20588235294117646	IRFAEGTW:0.47058823529411764	PEWASFPT:0.7941176470588235	YQFMPFTW:0.4117647058823529	DQGALFLI:0.2647058823529412	GRSFYGQP:0.23529411764705882	EWASFPTL:0.5	MFGGGLMP:0.20588235294117646	LAGRSFYG:0.20588235294117646	RAMLNTIR:0.23529411764705882	AAGAYQFM:0.5294117647058824	PTLAGRSF:0.20588235294117646	IYSSRYAS:0.29411764705882354	SRYASAAA:0.35294117647058826	APEWASFP:0.8823529411764706	LAPEWASF:0.8823529411764706	GAYQFMPF:0.4117647058823529	AAAGAYQF:1.0	AMLNTIRF:0.20588235294117646	VGYRVMFG:0.29411764705882354	NTIRFAEG:0.47058823529411764	DVGYRVMF:0.29411764705882354	AGAYQFMP:0.5294117647058824	YASAAAGA:0.6470588235294118	PERRAMLN:0.23529411764705882	ITPERRAM:0.23529411764705882	WASFPTLA:0.29411764705882354	SSRYASAA:0.29411764705882354	YSSRYASA:0.29411764705882354	VIYSSRYA:0.29411764705882354	RSFYGQPV:0.23529411764705882	ASAAAGAY:0.6470588235294118	TLAGRSFY:0.20588235294117646	ERRAMLNT:0.23529411764705882	TIRFAEGT:0.47058823529411764	AYQFMPFT:0.4117647058823529	RVIYSSRY:0.29411764705882354	ASFPTLAG:0.29411764705882354	LNTIRFAE:0.47058823529411764	MLNTIRFA:0.20588235294117646	RRAMLNTI:0.23529411764705882	SFPTLAGR:0.29411764705882354	VMFGGGLM:0.3235294117647059	TPERRAML:0.23529411764705882	TIRYAEGT:0.5294117647058824	LNTIRYAE:0.47058823529411764	ARLAPEWA:0.23529411764705882	PERRALLN:0.6470588235294118	RLAPEWAS:0.29411764705882354	LLNTIRYA:0.4411764705882353	ERRALLNT:0.6470588235294118	RALLNTIR:0.6764705882352942	ALLNTIRY:0.4411764705882353	QFMPFTWD:0.20588235294117646	NTIRYAEG:0.47058823529411764	SFYGQPVK:0.23529411764705882	RRALLNTI:0.6764705882352942	ITPERRAL:0.47058823529411764	TPERRALL:0.6764705882352942	IRYAEGTW:0.5294117647058824	SAYGQPVK:0.29411764705882354	AAGAYQFL:0.4411764705882353	GRSAYGQP:0.23529411764705882	RSAYGQPV:0.20588235294117646	DQAALHLV:0.29411764705882354	AGAYQFLP:0.4411764705882353	QDQAALHL:0.4117647058823529	YGQPVKSH:0.3235294117647059	LTPERRAL:0.20588235294117646	AYGQPVKS:0.29411764705882354	AKLAPEWA:0.4117647058823529	RYAEGTWK:0.35294117647058826	KLAPEWAS:0.4117647058823529	LAAKLAPE:0.2647058823529412	AAKLAPEW:0.2647058823529412	LDRHPNRV:0.2647058823529412	FGPEVQDQ:0.20588235294117646	GFGPEVQD:0.20588235294117646	SLDRHPNR:0.2647058823529412	ALLNTIRF:0.2647058823529412	LLNTIRFA:0.2647058823529412	DRHPNRVI:0.23529411764705882	SYYGQPVK:0.2647058823529412	LIQRRKAL:0.23529411764705882	RRKALGLT:0.23529411764705882	RHPNRVIY:0.2647058823529412	HPNRVIYS:0.20588235294117646	GVRGFGPE:0.23529411764705882	RSYYGQPV:0.23529411764705882	QRRKALGL:0.23529411764705882	NRVIYSSR:0.20588235294117646	QGALFLIQ:0.23529411764705882	RKALGLTD:0.23529411764705882	FAEGTWKG:0.20588235294117646	YGQPVKKY:0.20588235294117646	AEGTWKGG:0.23529411764705882	FLIQRRKA:0.23529411764705882	GRSYYGQP:0.23529411764705882	LFLIQRRK:0.23529411764705882	RFAEGTWK:0.4117647058823529	GALFLIQR:0.23529411764705882	ALFLIQRR:0.23529411764705882	PNRVIYSS:0.20588235294117646	YAEGTWKD:0.23529411764705882	HQDQAALH:0.3235294117647059	AEGTWKDG:0.29411764705882354	VITPERRA:0.2647058823529412	PYVITPER:0.23529411764705882	YVITPERR:0.23529411764705882	
