cluster number:8
GH104:11	GH104:11
RYQFIPAT:0.36363636363636365	PHAIGRYQ:0.6363636363636364	GQPHAIGR:0.6363636363636364	YQFIPATL:0.36363636363636365	PGQPHAIG:0.9090909090909091	YAGNRATI:0.2727272727272727	AESRRDGY:0.2727272727272727	TPGQPHAI:0.9090909090909091	YHGYAGNR:0.36363636363636365	IWAGLPTS:0.5454545454545454	QPHAIGRY:0.6363636363636364	YDAVQHGA:0.45454545454545453	GYAGNRAT:0.36363636363636365	WAGLPTSS:0.2727272727272727	GYDAVQHG:0.45454545454545453	HAIGRYQF:0.6363636363636364	SRRDGYDA:0.2727272727272727	IGRYQFIP:0.6363636363636364	GRYQFIPA:0.36363636363636365	DTPGQPHA:0.2727272727272727	ESRRDGYD:0.2727272727272727	AIGRYQFI:0.6363636363636364	AGLPTSSG:0.2727272727272727	HGYAGNRA:0.36363636363636365	NLAKIWAG:0.5454545454545454	NNLAKIWA:0.45454545454545453	MNNLAKIW:0.45454545454545453	AKIWAGLP:0.5454545454545454	KIWAGLPT:0.45454545454545453	FMNNLAKI:0.45454545454545453	LAKIWAGL:0.5454545454545454	HGHAGNRA:0.2727272727272727	YHGHAGNR:0.2727272727272727	ARIWAGLP:0.2727272727272727	RIWAGLPL:0.2727272727272727	LARIWAGL:0.2727272727272727	NLARIWAG:0.2727272727272727	
