cluster number:0
GH104:185	GH104:185|4.2.2.N1:1
GQREHSLE:0.24324324324324326	GTANHPLT:0.25405405405405407	DDIRAGRI:0.21621621621621623	AGYGQREH:0.7297297297297297	HPLTKNRG:0.2756756756756757	VTVWRTAG:0.23783783783783785	STASGRYQ:0.4594594594594595	DYSDHPFA:0.3027027027027027	DIRAGRIE:0.21621621621621623	NIAAFLDM:0.2810810810810811	LPDFSPLS:0.2702702702702703	AHGRPAKV:0.22702702702702704	LAIQLIRE:0.44324324324324327	TANHPLTK:0.24324324324324326	VFNRRGEK:0.3621621621621622	ASGRYQQL:0.4486486486486487	IQLIRERG:0.40540540540540543	GYGQREHS:0.4	EIFTDYSD:0.2756756756756757	EHSLEKLV:0.23783783783783785	HSLEKLVT:0.23783783783783785	QNIAAFLD:0.2756756756756757	NRGYDVIV:0.34594594594594597	GYDVIVTG:0.5135135135135135	PFAHGRPA:0.2594594594594595	INTHQNIA:0.25405405405405407	LTKNRGYD:0.2756756756756757	PDFSPLSQ:0.2702702702702703	ANHPLTKN:0.23783783783783785	RRGEKSTA:0.3621621621621622	RGYDVIVT:0.35135135135135137	HPFAHGRP:0.3027027027027027	RAGRIERA:0.21621621621621623	SRCRNIWA:0.3783783783783784	SGRYQQLY:0.4486486486486487	PGAGYGQR:0.745945945945946	IWASLPGA:0.8864864864864865	EGTANHPL:0.25405405405405407	LEKLVTVW:0.23783783783783785	KVFNRRGE:0.372972972972973	SLEKLVTV:0.23243243243243245	NRRGEKST:0.3621621621621622	TDYSDHPF:0.2864864864864865	TKNRGYDV:0.2756756756756757	PVINTHQN:0.25405405405405407	VINTHQNI:0.25405405405405407	DHPFAHGR:0.3081081081081081	YDVIVTGL:0.2702702702702703	EKSTASGR:0.4	YSDHPFAH:0.2918918918918919	AIQLIRER:0.4972972972972973	CRNIWASL:0.5135135135135135	GAGYGQRE:0.7513513513513513	KQLALPDF:0.3783783783783784	THQNIAAF:0.2648648648648649	PAKVFNRR:0.31891891891891894	DFSPLSQD:0.2702702702702703	QREHSLEK:0.24324324324324326	PLTKNRGY:0.2756756756756757	TASGRYQQ:0.4540540540540541	ASLPGAGY:0.9297297297297298	LVTVWRTA:0.23783783783783785	WASLPGAG:0.9297297297297298	VIVTGLDG:0.2702702702702703	DVIVTGLD:0.2702702702702703	LALPDFSP:0.3675675675675676	NIWASLPG:0.6810810810810811	FNRRGEKS:0.3621621621621622	IRAGRIER:0.21081081081081082	REHSLEKL:0.24324324324324326	IAAFLDML:0.2810810810810811	PEIFTDYS:0.2756756756756757	IFTDYSDH:0.2756756756756757	KNRGYDVI:0.2756756756756757	LPGAGYGQ:0.9135135135135135	KLVTVWRT:0.24324324324324326	AAFLDMLA:0.43783783783783786	HGRPAKVF:0.23243243243243245	AKVFNRRG:0.32432432432432434	KSTASGRY:0.4	SEGTANHP:0.25405405405405407	VWRTAGGV:0.24324324324324326	FAHGRPAK:0.2594594594594595	NHPLTKNR:0.24324324324324326	ALPDFSPL:0.24324324324324326	RPAKVFNR:0.33513513513513515	QLALPDFS:0.372972972972973	NTHQNIAA:0.2594594594594595	RNIWASLP:0.518918918918919	GRPAKVFN:0.3621621621621622	SDHPFAHG:0.2864864864864865	SLPGAGYG:0.9135135135135135	RGEKSTAS:0.3837837837837838	RCRNIWAS:0.3891891891891892	EKLVTVWR:0.23783783783783785	GEKSTASG:0.3945945945945946	HQNIAAFL:0.2648648648648649	YGQREHSL:0.3675675675675676	FTDYSDHP:0.2918918918918919	MPVINTHQ:0.25405405405405407	QLIRERGA:0.41621621621621624	TVWRTAGG:0.24324324324324326	STAAGRYQ:0.2594594594594595	LDMLAVSE:0.23783783783783785	VTGLDGKP:0.22162162162162163	LYLFWPHY:0.33513513513513515	QLYLFWPH:0.33513513513513515	KPEIFTDY:0.3837837837837838	TGLDGKPE:0.22162162162162163	RLAIQLIR:0.2972972972972973	SQDRLAIQ:0.3081081081081081	AFLDMLAV:0.23783783783783785	IVTGLDGK:0.22702702702702704	QQLYLFWP:0.33513513513513515	GRYQQLYL:0.3621621621621622	GLDGKPEI:0.21621621621621623	GKPEIFTD:0.3837837837837838	DGKPEIFT:0.3837837837837838	DRLAIQLI:0.2972972972972973	DMLAVSEG:0.23783783783783785	LDGKPEIF:0.21621621621621623	LIRERGAL:0.32432432432432434	FLDMLAVS:0.23783783783783785	MLAVSEGT:0.24324324324324326	QDRLAIQL:0.2972972972972973	RYQQLYLF:0.33513513513513515	YQQLYLFW:0.33513513513513515	GRIERAIS:0.3081081081081081	IERAISRC:0.31351351351351353	ERAISRCR:0.3081081081081081	AISRCRNI:0.31351351351351353	RIERAISR:0.3027027027027027	ISRCRNIW:0.31351351351351353	RAISRCRN:0.3081081081081081	AAGRYQFL:0.20540540540540542	LAFSEGTA:0.21081081081081082	EGTATHPL:0.22162162162162163	GTATHPLT:0.22162162162162163	SEGTATHP:0.21081081081081082	
