cluster number:6
GH104:37	GH104:37|GH0:1
AAGAYQVM:0.2702702702702703	RMLRVGEG:0.2972972972972973	MLRVGEGT:0.2972972972972973	STAAGAYQ:0.35135135135135137	SSAAGAYQ:0.4594594594594595	DGEVVAYR:0.2972972972972973	SAAGAYQI:0.2972972972972973	ADGEVVAY:0.2972972972972973	YEWASLPP:0.24324324324324326	SYEWASLP:0.24324324324324326	AAGAYQIM:0.2972972972972973	WASLPPGR:0.21621621621621623	ASLPPGRY:0.21621621621621623	LPPGRYGQ:0.21621621621621623	EWASLPPG:0.21621621621621623	SLPPGRYG:0.21621621621621623	TAAGAYQF:0.21621621621621623	AAGAYQFL:0.2702702702702703	EWASLPGS:0.21621621621621623	RAFLRMIR:0.21621621621621623	EARVRAFL:0.21621621621621623	ARVRAFLR:0.21621621621621623	
