cluster number:64
PL1:17	PL1_2:14|PL1:3|4.2.2.2:1|CE8:1
GQSAPGDG:0.29411764705882354	HGYGGIWG:0.5882352941176471	AFPGAEGF:0.4117647058823529	DGMPDAWE:0.35294117647058826	LREAIRKK:0.23529411764705882	SLREAIRK:0.23529411764705882	PGSLREAI:0.23529411764705882	WSIISESL:0.35294117647058826	QWSIISES:0.35294117647058826	QSAPGDGI:0.29411764705882354	TDESASFY:0.23529411764705882	FPGAEGFG:0.4117647058823529	SFHHNLLA:0.23529411764705882	SIISESLN:0.35294117647058826	IAGQSAPG:0.5294117647058824	FTLQWSII:0.35294117647058826	MVNNYYKA:0.23529411764705882	GSLREAIR:0.23529411764705882	EVYLNSLV:0.47058823529411764	LAFPGAEG:0.23529411764705882	GPGSLREA:0.23529411764705882	NFTLQWSI:0.35294117647058826	LTIAGQSA:0.35294117647058826	GYGGIWGG:0.5882352941176471	DLTIAGQS:0.29411764705882354	NMVNNYYK:0.29411764705882354	NIIIDHCS:0.23529411764705882	ASFHHNLL:0.29411764705882354	GDLTIAGQ:0.29411764705882354	AGQSAPGD:0.29411764705882354	TIAGQSAP:0.5294117647058824	PGAEGFGK:0.4117647058823529	LQWSIISE:0.35294117647058826	GASFHHNL:0.35294117647058826	VNNYYKAG:0.23529411764705882	TLQWSIIS:0.35294117647058826	LKAFPTAE:0.23529411764705882	AFPTAEGF:0.29411764705882354	NATGGRGG:0.23529411764705882	EGFGKNAT:0.23529411764705882	PTAEGFGK:0.23529411764705882	GFGKNATG:0.23529411764705882	TGGRGGKV:0.29411764705882354	FGKNATGG:0.23529411764705882	GQTAPGDG:0.23529411764705882	YYKPGPAT:0.23529411764705882	KAFPTAEG:0.23529411764705882	FPTAEGFG:0.29411764705882354	KNATGGRG:0.23529411764705882	AEGFGKNA:0.23529411764705882	NYYKPGPA:0.23529411764705882	GKNATGGR:0.23529411764705882	FYDNENFT:0.23529411764705882	SFYDNENF:0.23529411764705882	KGAHGYGG:0.23529411764705882	TNIEVYLN:0.23529411764705882	GKYTTGGR:0.29411764705882354	YTNIEVYL:0.23529411764705882	AEGFGKYT:0.29411764705882354	VTNLNDSG:0.23529411764705882	FGKYTTGG:0.29411764705882354	YTTGGRGG:0.29411764705882354	EGFGKYTT:0.29411764705882354	GFGKYTTG:0.29411764705882354	KYTTGGRG:0.29411764705882354	ASFHHNLI:0.23529411764705882	FRNNVIYN:0.23529411764705882	VDFRNNVI:0.29411764705882354	DFRNNVIY:0.23529411764705882	RNNVIYNW:0.23529411764705882	
