cluster number:12
PL1:31	PL1_2:30|CBM37:1|CBM35:1|CBM13:1|PL1:1
ARGGRGGK:0.3548387096774194	AATIGGDI:0.2903225806451613	TIGGDIGS:0.2903225806451613	IDESFSSR:0.3870967741935484	HGYAATIG:0.3225806451612903	NLLAHNYG:0.25806451612903225	SFSSRGAH:0.25806451612903225	GSFHHNLL:0.6451612903225806	VTIAGQTA:0.2903225806451613	EVNFVNNY:0.41935483870967744	IGPRTIVF:0.3225806451612903	VNNYYKPG:0.4838709677419355	AYKIVLSD:0.22580645161290322	NNVVYNWG:0.5483870967741935	GGDIGSFH:0.3870967741935484	TIAGQTAP:0.6129032258064516	GDIGSFHH:0.41935483870967744	GGRGGKVV:0.41935483870967744	LDIRNNVV:0.2903225806451613	DGMGLTGA:0.3870967741935484	ESFSSRGA:0.3225806451612903	GQTAPGKG:0.4838709677419355	DESFSSRG:0.3548387096774194	DIGPRTIV:0.22580645161290322	IRNNVVYN:0.3548387096774194	IGSFHHNL:0.45161290322580644	TNLNDSGP:0.3548387096774194	VMPGYFDE:0.2903225806451613	RNNVVYNW:0.3225806451612903	WTIDESFS:0.3870967741935484	LAHNYGRN:0.25806451612903225	VNFVNNYY:0.5161290322580645	HNLLAHNY:0.25806451612903225	NVMPGYFD:0.3225806451612903	GYAATIGG:0.3225806451612903	TYYWRVDE:0.41935483870967744	AHNYGRNW:0.25806451612903225	SFHHNLLA:0.6129032258064516	DSGPGSLR:0.3225806451612903	ATIGGDIG:0.2903225806451613	GNVMPGYF:0.2903225806451613	QTAPGKGI:0.4838709677419355	VTNLNDSG:0.6129032258064516	SIIDHCSI:0.41935483870967744	FVNNYYKP:0.4838709677419355	IAGQTAPG:0.6451612903225806	GMGLTGAN:0.22580645161290322	DIGSFHHN:0.41935483870967744	LNDSGPGS:0.3548387096774194	VLSDVGAN:0.2903225806451613	LSDVGANQ:0.25806451612903225	AGQTAPGK:0.4838709677419355	RGGRGGKV:0.3548387096774194	YAATIGGD:0.3225806451612903	HNYGRNWS:0.25806451612903225	NFVNNYYK:0.5806451612903226	IGGDIGSF:0.3870967741935484	LLAHNYGR:0.25806451612903225	NLNDSGPG:0.3548387096774194	SDVGANQP:0.25806451612903225	HHNLLAHN:0.45161290322580644	DIRNNVVY:0.3548387096774194	TIDESFSS:0.3870967741935484	NDSGPGSL:0.3225806451612903	FHHNLLAH:0.6129032258064516	RTLISEAL:0.41935483870967744	YDGMGLTG:0.22580645161290322	TLQRTLIS:0.3870967741935484	VTNLNDDG:0.22580645161290322	QRTLISEA:0.41935483870967744	LQRTLISE:0.41935483870967744	SISWTIDE:0.41935483870967744	TYDGMGLT:0.22580645161290322	YYWRVDEV:0.2903225806451613	NNYYKPGA:0.3225806451612903	DGLPNWWE:0.3548387096774194	DITNNVVY:0.25806451612903225	IDHCSISW:0.3225806451612903	ITLQRTLI:0.3870967741935484	TLISEALN:0.41935483870967744	HCSISWTI:0.3870967741935484	AQLAFPGA:0.22580645161290322	FPGAEGYG:0.3870967741935484	CSISWTID:0.3870967741935484	PGAEGYGR:0.41935483870967744	ISWTIDES:0.2903225806451613	AFPGAEGY:0.3870967741935484	DHCSISWT:0.45161290322580644	ITIAGQTA:0.25806451612903225	TNNVVYNW:0.25806451612903225	SWTIDESF:0.2903225806451613	LAFPGAEG:0.2903225806451613	SEALNVAG:0.22580645161290322	QLAFPGAE:0.22580645161290322	ITNNVVYN:0.25806451612903225	IIDHCSIS:0.3225806451612903	EALNVAGH:0.22580645161290322	GAEGYGRF:0.3548387096774194	AEGYGRFA:0.5483870967741935	FARGGRGG:0.3870967741935484	GRFARGGR:0.3870967741935484	YGRFARGG:0.3870967741935484	NITLQRTL:0.25806451612903225	RFARGGRG:0.3870967741935484	GYGRFARG:0.3870967741935484	EGYGRFAR:0.3870967741935484	ISEALNAA:0.22580645161290322	LISEALNA:0.22580645161290322	
