cluster number:21
CE12:17	CE12:17|PL10_1:1
GDSTMADK:0.35294117647058826	NGRSTRSF:0.29411764705882354	VPFIDLQY:0.29411764705882354	FIQFGHND:0.7058823529411765	VFIQFGHN:0.7058823529411765	IQFGHNDQ:0.7647058823529411	AVNGRSTR:0.23529411764705882	PFIDLQYL:0.23529411764705882	NHAVNGRS:0.47058823529411764	KKGDYVFI:0.23529411764705882	LKKGDYVF:0.23529411764705882	HAVNGRST:0.23529411764705882	YTIGDSTM:0.23529411764705882	KGDYVFIQ:0.4117647058823529	GRSTRSFI:0.29411764705882354	QFGHNDQK:0.7647058823529411	GDYVFIQF:0.5294117647058824	IVRRNFNE:0.5882352941176471	GSKKLHLH:0.35294117647058826	TIGDSTMA:0.29411764705882354	DYVFIQFG:0.5882352941176471	VNGRSTRS:0.23529411764705882	IGDSTMAD:0.35294117647058826	YVFIQFGH:0.5882352941176471	SIVRRNFN:0.5882352941176471	PEHGWGQV:0.23529411764705882	EHGWGQVL:0.23529411764705882	NGRSSKSF:0.29411764705882354	DTHGAYPL:0.23529411764705882	GDSTMANK:0.4117647058823529	LFSSIVRR:0.23529411764705882	IGDSTMAN:0.4117647058823529	NPEHGWGQ:0.4117647058823529	SSIVRRNF:0.35294117647058826	HGWGQVLP:0.23529411764705882	TSIVRRNF:0.35294117647058826	AVNGRSSR:0.23529411764705882	TNPYTQYR:0.23529411764705882	HAVNGRSS:0.23529411764705882	LFLIGDST:0.35294117647058826	NGRSSRSF:0.23529411764705882	PTLFLIGD:0.29411764705882354	FTNPYTQY:0.23529411764705882	GRSSRSFI:0.23529411764705882	TLFLIGDS:0.35294117647058826	LIGDSTMA:0.35294117647058826	FLIGDSTM:0.35294117647058826	VNGRSSRS:0.23529411764705882	RRNFNENG:0.35294117647058826	SKKLHLHF:0.29411764705882354	RNFNENGV:0.29411764705882354	NFNENGVL:0.29411764705882354	EGSKKLHL:0.23529411764705882	VRRNFNEN:0.29411764705882354	KNPEHGWG:0.23529411764705882	
