cluster number:36
CE12:26	CE12:26|3.1.1.-:2|CBM1:1
FGHNDGGS:0.8076923076923077	SARSYTNE:0.23076923076923078	GRSARSYT:0.7307692307692307	IEFGHNDG:0.6923076923076923	PNDHTHTS:0.3076923076923077	EFGHNDGG:0.8076923076923077	RSARSYTN:0.23076923076923078	GHNDGGSL:0.46153846153846156	AGRSARSY:0.34615384615384615	YPNDHTHT:0.34615384615384615	NDHTHTSP:0.3076923076923077	NDGGSLST:0.2692307692307692	DHTHTSPA:0.23076923076923078	HNDGGSLS:0.34615384615384615	HTHTSPAG:0.23076923076923078	LAGDSTMA:0.5	THTSPAGA:0.23076923076923078	YLAGDSTM:0.46153846153846156	SYTREGRF:0.3076923076923077	STDNGRTD:0.23076923076923078	SARSYTRE:0.3076923076923077	VIEFGHND:0.5769230769230769	KAIGGRSA:0.34615384615384615	DHTHTSPE:0.38461538461538464	RSARSYTR:0.3076923076923077	RSYTREGR:0.3076923076923077	HTHTSPEG:0.2692307692307692	IGGRSARS:0.4230769230769231	AIGGRSAR:0.4230769230769231	THTSPEGA:0.3076923076923077	GGRSARSY:0.4230769230769231	TDNGRTDC:0.23076923076923078	NKAIGGRS:0.34615384615384615	ARSYTREG:0.3076923076923077	ISSQTPNN:0.23076923076923078	VVIEFGHN:0.5769230769230769	VNKAIGGR:0.23076923076923078	GHNDGGSP:0.34615384615384615	LSSQTPNN:0.23076923076923078	NGRSDCPG:0.23076923076923078	DNGRSDCP:0.23076923076923078	IVVIEFGH:0.23076923076923078	DIVVIEFG:0.23076923076923078	AGDSTMAK:0.2692307692307692	
