cluster number:2
GH133:212	GH133:212
REWLVTNG:0.22169811320754718	LTWMDAKV:0.5188679245283019	AYHQGTVW:0.5	DWGRDTMI:0.5613207547169812	AQAWSVAE:0.330188679245283	QLTWMDAK:0.7122641509433962	RDAAYHQG:0.2169811320754717	WGRDTMIS:0.4669811320754717	DAAYHQGT:0.2028301886792453	GRDTMISL:0.42452830188679247	NALWYNAL:0.5283018867924528	VTPRIGKP:0.25471698113207547	NQIFAVSL:0.27358490566037735	QIFAVSLP:0.23113207547169812	GVQLTWMD:0.28773584905660377	EINALWYN:0.4716981132075472	RDGAYHQG:0.25	VQLTWMDA:0.25	PNQIFAVS:0.27358490566037735	DWVVTPRI:0.2358490566037736	WVVTPRIG:0.25	GAYHQGTV:0.2169811320754717	PRIGKPVE:0.2169811320754717	TRRYHGLL:0.20754716981132076	VEINALWY:0.2830188679245283	DGAYHQGT:0.24528301886792453	VVTPRIGK:0.25471698113207547	RDTMISLP:0.20754716981132076	INALWYNA:0.4481132075471698	RPNQIFAV:0.41509433962264153	TPRIGKPV:0.2169811320754717	DTMISLPG:0.20754716981132076	AKVGDWVV:0.23113207547169812	GDWVVTPR:0.30660377358490565	PWFTDWGR:0.22169811320754718	DAKVGDWV:0.23113207547169812	VGDWVVTP:0.2358490566037736	MDAKVGDW:0.2358490566037736	KVGDWVVT:0.23113207547169812	YHGLLVAA:0.3018867924528302	TWMDAKVG:0.30660377358490565	WMDAKVGD:0.2783018867924528	WFTDWGRD:0.33490566037735847	ALWYNALK:0.22641509433962265	FTDWGRDT:0.33490566037735847	QGTVWGWL:0.21226415094339623	HQGTVWGW:0.21226415094339623	NGLGGYAS:0.23113207547169812	YHQGTVWG:0.2169811320754717	NTVDASLW:0.22169811320754718	VDASLWFI:0.22641509433962265	IAQAWSVA:0.24528301886792453	TVDASLWF:0.20754716981132076	GCIAQAWS:0.2358490566037736	YNTVDASL:0.23113207547169812	IRPNQIFA:0.28773584905660377	CIAQAWSV:0.22169811320754718	GMLPNRFP:0.23113207547169812	MLPNRFPD:0.22169811320754718	
