cluster number:1
GH77:604	GH77:604|GT4:3|2.4.1.25:1
AVVVGEDL:0.2119205298013245	SVTTHDLP:0.3708609271523179	VTTHDLPP:0.4370860927152318	ILGLFRLW:0.2251655629139073	VVVGEDLG:0.3294701986754967	HDLAVGVH:0.2632450331125828	DHILGLFR:0.33774834437086093	DLAVGVHP:0.39403973509933776	GLFRLWWI:0.4817880794701987	LFRLWWIP:0.48013245033112584	HILGLFRL:0.3228476821192053	LGLFRLWW:0.34271523178807944	GQDWSQPP:0.3543046357615894	VVGEDLGT:0.34105960264900664	VGEDLGTV:0.3129139072847682	THDLPPTA:0.5182119205298014	TTHDLPPT:0.47516556291390727	YPNWRVPL:0.2119205298013245	HDLPPTAG:0.44867549668874174	DLPPTAGY:0.40066225165562913	YPNWRIPL:0.20364238410596028	MGLFRLWW:0.20198675496688742	NPLHAAEP:0.20033112582781457	RAQNQPGT:0.2582781456953642	GAVVIGED:0.21026490066225165	AVVIGEDL:0.24834437086092714	VIGEDLGT:0.38079470198675497	GTSVLWFE:0.3129139072847682	IGEDLGTV:0.26986754966887416	GLFRLWWV:0.2185430463576159	WGLPPWRP:0.20364238410596028	LGTSVLWF:0.20695364238410596	AGAVVIGE:0.2052980132450331	VHDLAVGV:0.22019867549668873	GLPPWRPD:0.20033112582781457	VVIGEDLG:0.2632450331125828	LFRLWWVP:0.21688741721854304	GEDLGTVE:0.43874172185430466	GTSILWFE:0.24668874172185432	LEAHRAGA:0.25662251655629137	LGTVEPWV:0.20198675496688742	PPWRPDRL:0.24834437086092714	DLGTVEPW:0.20860927152317882	LPPTAGYL:0.38741721854304634	EDLGTVEP:0.3923841059602649	GTVEPWVR:0.20198675496688742	PPTAGYLA:0.23178807947019867	AGAVRIDH:0.23509933774834438	YNQQGQDW:0.21026490066225165	QDWSQPPW:0.3029801324503311	LVNPLHAA:0.2251655629139073	
