cluster number:11
GH77:499	GH77:499|CBM34:12|GH13_39:12|2.4.1.25:10
AEDLGVIT:0.39478957915831664	TGTHDNDT:0.6012024048096193	GTHDNDTT:0.4909819639278557	EDLGVITP:0.3046092184368738	TGQRWGNP:0.24649298597194388	PPDYFSET:0.24448897795591182	YTGTHDND:0.5951903807615231	PDYFSETG:0.24448897795591182	AHDSADVW:0.21442885771543085	LGVITPEV:0.20841683366733466	VRIDHFRG:0.23847695390781562	LLHPTSLP:0.36472945891783565	DYFSETGQ:0.24448897795591182	VPPDYFSE:0.2865731462925852	GVPPDYFS:0.7995991983967936	VAHDSADV:0.21042084168336672	VVAGVPPD:0.2725450901803607	PLGPTGYG:0.27054108216432865	PIIAEDLG:0.22645290581162325	IRIDHFRG:0.24849699398797595	RIDHFRGF:0.503006012024048	TGQLWGNP:0.4789579158316633	GQLWGNPL:0.22845691382765532	QLWGNPLY:0.21643286573146292	DYALFMAL:0.2124248496993988	VAGVPPDY:0.501002004008016	VYTGTHDN:0.5971943887775552	LPIIAEDL:0.20040080160320642	VVYTGTHD:0.47695390781563124	AGVPPDYF:0.7675350701402806	LHPTSLPG:0.2605210420841683	IDHFRGFE:0.3226452905811623	AGNPLLIS:0.22244488977955912	PGMKILQF:0.20841683366733466	VPPDYFSA:0.3527054108216433	SGILLHPT:0.27054108216432865	GILLHPTS:0.3226452905811623	LPLGPTGY:0.23847695390781562	DHFRGFEA:0.3527054108216433	QLWGNPVY:0.27655310621242485	GQLWGNPV:0.2785571142284569	HFRGFEAY:0.24849699398797595	ATGQLWGN:0.24649298597194388	WQVLPLGP:0.2665330661322645	SATGQLWG:0.24048096192384769	DYFSATGQ:0.32064128256513025	FRGFEAYW:0.24649298597194388	VLPLGPTG:0.22645290581162325	YFSATGQL:0.23046092184368738	PDYFSATG:0.32064128256513025	FSATGQLW:0.24248496993987975	PPDYFSAT:0.32064128256513025	QVLPLGPT:0.24649298597194388	THDNDTTV:0.20040080160320642	ILLHPTSL:0.20440881763527055	
