cluster number:20
GH77:302	GH77:302|CBM48:2|GH13_10:2
HPNWRRRM:0.26158940397350994	SPYSPSSR:0.46357615894039733	GAYLRYPL:0.2913907284768212	RIDHILGL:0.28807947019867547	PYSPSSRL:0.40397350993377484	DGAYLRYP:0.2814569536423841	SPSSRLFL:0.2119205298013245	PSSRLFLN:0.2847682119205298	YSPSSRLF:0.2152317880794702	LESWRHRA:0.25496688741721857	GLIADLAV:0.5695364238410596	PNWRRRLP:0.304635761589404	LALSPVHA:0.20860927152317882	ESWRHRAI:0.23509933774834438	ALALSPVH:0.20860927152317882	RAIVIGED:0.3344370860927152	ALESWRHR:0.25165562913907286	IVIGEDLG:0.5099337748344371	GAPPDAFN:0.22185430463576158	TTTTHDLP:0.2251655629139073	DALALSPV:0.2052980132450331	LGAPPDAF:0.2119205298013245	EQPNLPGT:0.2847682119205298	GEDLGVVP:0.20198675496688742	IGLIADLA:0.4105960264900662	AIVIGEDL:0.3841059602649007	TTTHDLPT:0.33112582781456956	SWRHRAIV:0.20198675496688742	ADALALSP:0.2152317880794702	HRAIVIGE:0.33112582781456956	HPNWRRRL:0.41721854304635764	LIADLAVG:0.5695364238410596	RHRAIVIG:0.32781456953642385	VRIDHVLG:0.31456953642384106	GMAIGLIA:0.2913907284768212	AAQLYGLR:0.23178807947019867	QAWGVTTW:0.24503311258278146	GPPCGHPN:0.2185430463576159	GEDLGTVP:0.5463576158940397	GHPNWRRR:0.25165562913907286	WGVTTWTP:0.24503311258278146	RIDHVLGL:0.3609271523178808	STHDLPTV:0.3675496688741722	DSPYSPSS:0.25165562913907286	PTVAGWWR:0.26490066225165565	PGPPCGHP:0.2185430463576159	AGWWRGVD:0.23509933774834438	TVAGWWRG:0.27483443708609273	AGGVRIDH:0.24834437086092714	PLEDLLAL:0.27483443708609273	EDLGTVPA:0.31456953642384106	PPCGHPNW:0.2185430463576159	IDHVLGLA:0.2185430463576159	VIGEDLGT:0.423841059602649	VAGWWRGV:0.20860927152317882	IGEDLGTV:0.543046357615894	PNWRRRMP:0.23509933774834438	DHVLGLAR:0.2251655629139073	AQLYGLRR:0.23841059602649006	HAGGVRID:0.20860927152317882	THDLPTVA:0.41721854304635764	GQAWGVTT:0.24503311258278146	DLPTVAGW:0.41721854304635764	MAIGLIAD:0.2913907284768212	LPTVAGWW:0.4105960264900662	GGVRIDHV:0.32781456953642385	HDLPTVAG:0.41721854304635764	AWGVTTWT:0.24503311258278146	GVRIDHVL:0.31456953642384106	GWWRGVDL:0.23841059602649006	AIGLIADL:0.304635761589404	WGLTTFSP:0.24172185430463577	MTSTHDLP:0.2152317880794702	AMTSTHDL:0.22185430463576158	GADALALS:0.20198675496688742	TSTHDLPT:0.2781456953642384	GAPPDLFN:0.22185430463576158	
