cluster number:5
GH77:336	GH77:336|GT35:5|2.4.1.25:2
WGNPIYDW:0.44345238095238093	GDSPYQSF:0.8809523809523809	VAYTGTHD:0.3333333333333333	YQSFSAFA:0.4017857142857143	TGTHDNDT:0.20535714285714285	FAGNPYFI:0.26785714285714285	TSYGDSPY:0.6190476190476191	QLWGNPIY:0.6041666666666666	DSPYQSFS:0.8809523809523809	SLPGKYGI:0.20238095238095238	RIDHFRGF:0.43452380952380953	IDHFRGFE:0.3333333333333333	TGQLWGNP:0.48214285714285715	MHISSLPG:0.36904761904761907	TGFPGMKI:0.3244047619047619	LWGNPIYD:0.40476190476190477	YTGTHDND:0.22916666666666666	PYQSFSAF:0.4017857142857143	LMHISSLP:0.38392857142857145	HISSLPGK:0.2708333333333333	SPYQSFSA:0.7708333333333334	AYTGTHDN:0.4017857142857143	YWQILPLG:0.35119047619047616	SYGDSPYQ:0.6220238095238095	SFSAFAGN:0.39285714285714285	GQLWGNPI:0.6041666666666666	LPGKYGIG:0.20238095238095238	AGNPYFID:0.23809523809523808	QSFSAFAG:0.3958333333333333	YGDSPYQS:0.6994047619047619	YDFVDFLV:0.21726190476190477	IIAEDLGF:0.25	ATGQLWGN:0.2261904761904762	SATGQLWG:0.21428571428571427	HFRGFESY:0.24107142857142858	AYDFVDFL:0.37202380952380953	GVLMHISS:0.20833333333333334	RRPLLEKA:0.27976190476190477	RPLLEKAV:0.28869047619047616	GFPGMKIL:0.3005952380952381	QRYWQILP:0.20238095238095238	NIIAEDLG:0.24404761904761904	DHFRGFES:0.2648809523809524	ARRPLLEK:0.23809523809523808	PIYVAEDS:0.20238095238095238	FRGFESYW:0.21726190476190477	FSATGQLW:0.21428571428571427	SGVLMHIS:0.20535714285714285	AGNTHFID:0.40476190476190477	FSAFAGNT:0.2113095238095238	GDMPIYVA:0.23809523809523808	VRIDHFRG:0.30952380952380953	VLMHISSL:0.20833333333333334	GNTHFIDL:0.21428571428571427	RYWQILPL:0.20238095238095238	TTSYGDSP:0.40476190476190477	IIGDMPIY:0.43452380952380953	IGDMPIYV:0.4017857142857143	TYWQILPL:0.30952380952380953	YVSADSVE:0.27380952380952384	PYQSFSAI:0.2261904761904762	DGQLWGNP:0.32142857142857145	WQILPLTT:0.34523809523809523	DHFKGFSD:0.3601190476190476	SADSVEVW:0.29464285714285715	FSDFWEIP:0.21428571428571427	RIDHFKGF:0.38095238095238093	QTYWQILP:0.33630952380952384	DSVEVWTM:0.21726190476190477	GGNWQWRM:0.23809523809523808	MPIYVSAD:0.2767857142857143	ILPLTTTS:0.33630952380952384	IYVSADSV:0.27380952380952384	GDMPIYVS:0.31845238095238093	SFSAIAGN:0.2261904761904762	IDHFKGFS:0.35714285714285715	PIIAENLG:0.20833333333333334	QILPLTTT:0.34523809523809523	DMPIYVSA:0.2767857142857143	LPIIAENL:0.20535714285714285	VSADSVEV:0.25892857142857145	GFSDFWEI:0.21726190476190477	HFKGFSDF:0.25	KQTYWQIL:0.27380952380952384	TGTHDNEV:0.25595238095238093	SAIAGNTH:0.21428571428571427	PGMKILEF:0.2261904761904762	VYTGTHDN:0.2261904761904762	KGFSDFWE:0.21726190476190477	SVEVWTMP:0.21726190476190477	QSFSAIAG:0.2261904761904762	FKGFSDFW:0.25	ADSVEVWT:0.30357142857142855	YTGTHDNE:0.33035714285714285	FSAIAGNT:0.21726190476190477	YQSFSAIA:0.2261904761904762	YWQILPLT:0.3273809523809524	GMKILEFG:0.21428571428571427	PIYVSADS:0.28273809523809523	LRIDHFKG:0.3482142857142857	ETKQTYWQ:0.24107142857142858	TKQTYWQI:0.24404761904761904	GQLWGNPL:0.20535714285714285	LTTTSYGD:0.23511904761904762	PLTTTSYG:0.23511904761904762	LPLTTTSY:0.23511904761904762	TTTSYGDS:0.23511904761904762	
