cluster number:7
CBM63:6	CBM63:6
AAPPSSAK:0.3333333333333333	SYLDVTGP:0.5	ATFYDLAG:0.6666666666666666	YVALGPDE:0.3333333333333333	VFDKCPEC:0.5	ACAAPPSS:0.3333333333333333	LALAAGAP:0.3333333333333333	GGACAAPP:0.3333333333333333	TGPKGKVR:0.6666666666666666	ADDLYVAL:1.0	ALLLQNGG:0.3333333333333333	LSRTAFKK:0.5	ALGPDEYS:0.3333333333333333	CGSYLDVT:0.5	DDLYVALG:1.0	VKVFDKCP:0.5	GPKGKVRV:0.6666666666666666	ACGSYLDV:0.3333333333333333	YLDVTGPK:0.8333333333333334	SRTAFKKI:0.5	SVQAKGPG:0.3333333333333333	GKVRVKVF:0.6666666666666666	AKGPGGSF:0.3333333333333333	DLSRTAFK:0.5	VQAKGPGG:0.3333333333333333	GHLDLSRT:0.6666666666666666	RVKVFDKC:0.5	PKGKVRVK:0.6666666666666666	LGPDEYSG:0.3333333333333333	DLALAAGA:0.3333333333333333	GKATFYDL:0.8333333333333334	VTGPKGKV:0.6666666666666666	LYVALGPD:0.5	APPSSAKH:0.3333333333333333	LDLSRTAF:0.6666666666666666	KGKVRVKV:0.6666666666666666	KATFYDLA:0.6666666666666666	VRVKVFDK:0.5	VALGPDEY:0.3333333333333333	LDVTGPKG:0.8333333333333334	KVRVKVFD:0.6666666666666666	HLDLSRTA:0.6666666666666666	PADDLYVA:1.0	DLYVALGP:0.6666666666666666	CAAPPSSA:0.3333333333333333	QAKGPGGS:0.3333333333333333	GSYLDVTG:0.5	KVFDKCPE:0.5	PPADDLYV:0.5	DVTGPKGK:0.6666666666666666	WFAARIDN:0.5	RIDNHANL:0.5	EIDGIIPI:0.3333333333333333	SACAAPPS:0.6666666666666666	GSACAAPP:0.6666666666666666	YWFAARID:0.5	CAAPPSTT:0.5	IDNHANLL:0.5	KIGAEIDG:0.3333333333333333	SGNCSFEV:0.5	KKIGAEID:0.3333333333333333	SQYWFAAR:0.3333333333333333	TSGNCSFE:0.5	IKEGASQY:0.3333333333333333	AGTSGNCS:0.3333333333333333	AAGHLDLS:0.3333333333333333	GTSGNCSF:0.5	ECAAGHLD:0.3333333333333333	EGASQYWF:0.3333333333333333	AYLDVTGP:0.5	EVPADDLY:0.5	GNCSFEVP:0.5	AGHLDLSR:0.3333333333333333	VPADDLYV:0.5	CPECAAGH:0.3333333333333333	RIKEGASQ:0.3333333333333333	NCSFEVPA:0.5	PISVRIKE:0.3333333333333333	TGKATFYD:0.5	CAAGHLDL:0.3333333333333333	ARIDNHAN:0.5	NHANLLSS:0.5	PECAAGHL:0.3333333333333333	LKITDVYG:0.3333333333333333	TFYDLAGT:0.5	ACAAPPST:0.5	IIPIKYKL:0.3333333333333333	GAEIDGII:0.3333333333333333	CSFEVPAD:0.5	AARIDNHA:0.5	HANLLSSV:0.5	VRIKEGAS:0.5	ISVRIKEG:0.3333333333333333	CGAYLDVT:0.5	QYWFAARI:0.3333333333333333	GAYLDVTG:0.5	IPIKYKLV:0.3333333333333333	GASQYWFA:0.3333333333333333	FEVPADDL:0.5	LAGTSGNC:0.3333333333333333	IGAEIDGI:0.3333333333333333	ANLLSSVK:0.5	NLLSSVKV:0.5	FAARIDNH:0.5	DNHANLLS:0.5	KTGKATFY:0.3333333333333333	SVRIKEGA:0.3333333333333333	GIIPIKYK:0.3333333333333333	KEGASQYW:0.3333333333333333	SFEVPADD:0.5	ASQYWFAA:0.3333333333333333	VKVFDSCP:0.5	AFKKIGAE:0.3333333333333333	GASCGAYL:0.3333333333333333	LLSSVKVA:0.3333333333333333	YWLIDGGA:0.3333333333333333	IGVALVLQ:0.3333333333333333	AGIIGVAL:0.3333333333333333	SCGAYLDV:0.3333333333333333	FDSCPECA:0.3333333333333333	RVKVFDSC:0.5	RTAFKKIG:0.3333333333333333	NYWLIDGG:0.3333333333333333	TAFKKIGA:0.3333333333333333	GGSACAAP:0.5	ASCGAYLD:0.3333333333333333	APPSTTTK:0.3333333333333333	VRVKVFDS:0.5	VFDSCPEC:0.5	AAPPSTTT:0.3333333333333333	WLIDGGAG:0.3333333333333333	IIGVALVL:0.3333333333333333	KVFDSCPE:0.5	GIIGVALV:0.3333333333333333	LAGTQGNC:0.3333333333333333	AGTQGNCS:0.3333333333333333	DLAGTQGN:0.3333333333333333	YDLAGTQG:0.3333333333333333	FYDLAGTQ:0.3333333333333333	AVPNAPTP:0.3333333333333333	TVRVKVFD:0.3333333333333333	GTVRVKVF:0.3333333333333333	
