cluster number:0
CBM63:140	CBM63:140|GH5:31
GAYLEVTG:0.21428571428571427	ITDIRGKV:0.25	KAALAGAY:0.40714285714285714	GLDLSYNA:0.21428571428571427	GIKAALAG:0.21428571428571427	AYLEVTGP:0.2	GGLDLSYN:0.21428571428571427	PKGKTTVY:0.34285714285714286	TGSGYSGG:0.7571428571428571	RIKEGSSR:0.30714285714285716	ASGGLDLS:0.2785714285714286	GSGYSGGA:0.7571428571428571	LAGAYLEV:0.4142857142857143	IKAALAGA:0.21428571428571427	IRITDIRG:0.37142857142857144	GKTTVYVT:0.35714285714285715	LDPIPSDA:0.21428571428571427	AALAGAYL:0.55	GPKGKTTV:0.34285714285714286	LLDPIPSD:0.45714285714285713	KTTVYVTD:0.35714285714285715	ALAGAYLE:0.4142857142857143	SGGLDLSY:0.21428571428571427	AGAYLEVT:0.21428571428571427	YRIKEGSS:0.5857142857142857	RITDIRGK:0.3	TTVYVTDL:0.5285714285714286	LDLSYNAF:0.21428571428571427	YVTDLYPE:0.7071428571428572	VYVTDLYP:0.7857142857142857	KGKTTVYV:0.34285714285714286	TVYVTDLY:0.5428571428571428	GGVKAALA:0.20714285714285716	ALLLDPIP:0.35	SRWWAAIQ:0.22142857142857142	RWWAAIQV:0.22142857142857142	EGSSRWWA:0.22857142857142856	GVKAALAG:0.32857142857142857	WWAAIQVR:0.6785714285714286	VTDLYPEG:0.5428571428571428	GALLLDPI:0.35714285714285715	KEGSSRWW:0.22857142857142856	GGALLLDP:0.35714285714285715	GSSRWWAA:0.22857142857142856	SGYSGGAL:0.2785714285714286	YSGGALLL:0.2785714285714286	WAAIQVRN:0.6357142857142857	TDLYPEGA:0.29285714285714287	LLLDPIPS:0.22857142857142856	AAIQVRNH:0.6285714285714286	IKEGSSRW:0.2	SSRWWAAI:0.22142857142857142	SGGALLLD:0.2785714285714286	GYSGGALL:0.2785714285714286	AIQVRNHK:0.4357142857142857	TYTGSGYS:0.4357142857142857	SGGAFLLD:0.2571428571428571	RNHKYPVM:0.2714285714285714	IQVRNHKY:0.4357142857142857	KYPVMKME:0.25	YNHFVSTN:0.22142857142857142	ATYTGSGY:0.45	DYNHFVST:0.22857142857142856	QVRNHKYP:0.4357142857142857	GYSGGAFL:0.2571428571428571	LDPIPSDM:0.2785714285714286	NHKYPVMK:0.2714285714285714	HKYPVMKM:0.2642857142857143	YTGSGYSG:0.4357142857142857	GAFLLDPI:0.2642857142857143	ALDLSPNA:0.4642857142857143	GGAFLLDP:0.2571428571428571	LDLSPNAF:0.5357142857142857	GYATYTGS:0.30714285714285716	YATYTGSG:0.42857142857142855	YSGGAFLL:0.2571428571428571	GALDLSPN:0.4642857142857143	SGYSGGAF:0.2571428571428571	VRNHKYPV:0.38571428571428573	YPVMKMEY:0.2785714285714286	VRITDIRG:0.25	ATATGSGY:0.22857142857142856	AGAYLRVQ:0.2	AAMAGAYL:0.2	LRVQGPKG:0.2	MAGAYLRV:0.2	GAYLRVQG:0.2	YLRVQGPK:0.2	AYLRVQGP:0.2	AMAGAYLR:0.2	
