cluster number:11
CBM63:13	CBM63:13
WTPVSCDV:0.3076923076923077	PTGDLMVA:0.23076923076923078	GQCVDITG:0.23076923076923078	VAAMNTPQ:0.38461538461538464	PWWTAIQV:0.5384615384615384	NTPQYANS:0.23076923076923078	DGQQLEDT:0.23076923076923078	RNHRLPIQ:0.38461538461538464	WWTAIQVR:0.6923076923076923	IQKLEWRR:0.23076923076923078	SAACGQCV:0.46153846153846156	YANSAACG:0.23076923076923078	PSGGGVPL:0.23076923076923078	LDLSREAF:0.38461538461538464	LGRVDITW:0.23076923076923078	CGQCVDIT:0.23076923076923078	SGGGVPLG:0.23076923076923078	EWRRGTGG:0.23076923076923078	MVAAMNTP:0.38461538461538464	DPSGGGVP:0.23076923076923078	NPWWTAIQ:0.5384615384615384	GSVRVRIV:0.3076923076923077	LPIQKLEW:0.38461538461538464	ESYNYFVN:0.23076923076923078	DLSREAFA:0.3076923076923077	IQVRNHRL:0.46153846153846156	GSNPWWTA:0.6153846153846154	GIATFYDA:0.3076923076923077	RVRIVDRC:0.38461538461538464	ITWTPVSC:0.3076923076923077	NHRLPIQK:0.38461538461538464	PVSCDVAG:0.3076923076923077	HRLPIQKL:0.38461538461538464	VRVRIVDR:0.38461538461538464	GQQLEDTL:0.23076923076923078	PIQKLEWR:0.23076923076923078	HLDLSREA:0.38461538461538464	ACGQCVDI:0.46153846153846156	VRIVDRCP:0.38461538461538464	TAIQVRNH:0.8461538461538461	FKDGSNPW:0.23076923076923078	GGGVPLGE:0.23076923076923078	IVDRCPEC:0.38461538461538464	VSCDVAGN:0.3076923076923077	QYANSAAC:0.23076923076923078	LEWRRGTG:0.23076923076923078	TPVSCDVA:0.3076923076923077	VRNHRLPI:0.46153846153846156	DGSNPWWT:0.23076923076923078	QVRNHRLP:0.5384615384615384	KDGSNPWW:0.23076923076923078	KLEWRRGT:0.23076923076923078	QCVDITGP:0.23076923076923078	GDLMVAAM:0.3076923076923077	AGHLDLSR:0.3076923076923077	LMVAAMNT:0.23076923076923078	AACGQCVD:0.46153846153846156	QKLEWRRG:0.23076923076923078	TWTPVSCD:0.3076923076923077	GHLDLSRE:0.38461538461538464	RESYNYFV:0.46153846153846156	AIQVRNHR:0.5384615384615384	AAMNTPQY:0.38461538461538464	GGVPLGEE:0.23076923076923078	RRGTGGWQ:0.23076923076923078	ANSAACGQ:0.23076923076923078	RLPIQKLE:0.38461538461538464	WTAIQVRN:0.7692307692307693	NSAACGQC:0.3076923076923077	DLMVAAMN:0.3076923076923077	PQYANSAA:0.23076923076923078	GVPLGEEQ:0.23076923076923078	AMNTPQYA:0.38461538461538464	SNPWWTAI:0.5384615384615384	TGDLMVAA:0.23076923076923078	RIVDRCPE:0.38461538461538464	WRRGTGGW:0.23076923076923078	TPQYANSA:0.23076923076923078	SGMGDGPF:0.23076923076923078	MNTPQYAN:0.23076923076923078	SVRVRIVD:0.3076923076923077	KNGSNPWW:0.23076923076923078	FKNGSNPW:0.23076923076923078	YHFKNGSN:0.23076923076923078	ATGAGNCS:0.46153846153846156	GAGNCSYD:0.3076923076923077	TGAGNCSY:0.3076923076923077	FYDATGAG:0.38461538461538464	NGSNPWWT:0.23076923076923078	HFKNGSNP:0.23076923076923078	VDRCPECE:0.23076923076923078	YDATGAGN:0.46153846153846156	TFYDATGA:0.38461538461538464	DATGAGNC:0.46153846153846156	VRIVDSCP:0.3076923076923077	RVRIVDSC:0.3076923076923077	NSAVCGSC:0.23076923076923078	GPFSVRVT:0.23076923076923078	LGEEQQGI:0.23076923076923078	PFSVRVTA:0.23076923076923078	PLGEEQQG:0.23076923076923078	EEQQGIAT:0.23076923076923078	GEEQQGIA:0.23076923076923078	PRESYNYF:0.23076923076923078	GHLDLSRS:0.23076923076923078	QTLEDTLP:0.3076923076923077	DGQTLEDT:0.3076923076923077	LITFYDAT:0.23076923076923078	GLITFYDA:0.23076923076923078	GQTLEDTL:0.3076923076923077	IVDSCPDC:0.23076923076923078	LDLSRSAF:0.23076923076923078	VDSCPDCP:0.23076923076923078	HLDLSRSA:0.23076923076923078	TLEDTLPG:0.3076923076923077	ITFYDATG:0.23076923076923078	LRVRIVDS:0.23076923076923078	RIVDSCPD:0.23076923076923078	KGHLDLSR:0.23076923076923078	
