cluster number:9
CBM63:17	CBM63:17
IRYKTGSS:0.29411764705882354	AAMNTTDY:0.29411764705882354	IYGEQLTV:0.4117647058823529	IRVTDIYG:0.23529411764705882	PLPCAPGQ:0.35294117647058826	HRNPVARL:0.5294117647058824	QQAFAKLA:0.23529411764705882	TVRITNEC:0.35294117647058826	RVTDIYGE:0.23529411764705882	GDGACLFG:0.23529411764705882	IGHRNPVA:0.4117647058823529	VGRLPITW:0.23529411764705882	WCGIQVIG:0.35294117647058826	CGIQVIGH:0.29411764705882354	SQQAFAKL:0.23529411764705882	IQVIGHRN:0.29411764705882354	QVIGHRNP:0.29411764705882354	GHRNPVAR:0.4117647058823529	CPLPCAPG:0.35294117647058826	DGACLFGP:0.23529411764705882	NECPLPCA:0.35294117647058826	VLVRAANG:0.23529411764705882	VTDIYGEQ:0.23529411764705882	ACGAYVLV:0.23529411764705882	QAFAKLAD:0.23529411764705882	VIGHRNPV:0.29411764705882354	DLSQQAFA:0.23529411764705882	ITVRITNE:0.23529411764705882	SITVRITN:0.23529411764705882	YWCGIQVI:0.29411764705882354	TDIYGEQL:0.47058823529411764	RNPVARLE:0.5882352941176471	DIYGEQLT:0.47058823529411764	ECPLPCAP:0.35294117647058826	CGAYVLVR:0.23529411764705882	VRITNECP:0.35294117647058826	PVARLEVR:0.29411764705882354	LSQQAFAK:0.23529411764705882	GIQVIGHR:0.29411764705882354	NPVARLEV:0.5882352941176471	SIRYKTGS:0.35294117647058826	CAPGQLDL:0.5882352941176471	PCAPGQLD:0.4117647058823529	APGQLDLS:0.5882352941176471	RTDYNYFL:0.35294117647058826	TDYNYFLS:0.35294117647058826	QAIGHRNP:0.23529411764705882	YNYFLSPD:0.23529411764705882	LPCAPGQL:0.23529411764705882	DYETSKAC:0.23529411764705882	ETSKACGA:0.23529411764705882	YETSKACG:0.23529411764705882	AMNTTDYE:0.23529411764705882	RLTDIYGE:0.23529411764705882	NYFLSPDG:0.23529411764705882	LAGRIKPG:0.23529411764705882	GSSQYWCG:0.23529411764705882	SSQYWCGI:0.23529411764705882	SQYWCGIQ:0.23529411764705882	AAMNHTDY:0.23529411764705882	AMNHTDYE:0.23529411764705882	YGEQLTVD:0.29411764705882354	GEQLTVDG:0.23529411764705882	DVMTAAMN:0.29411764705882354	VMTAAMNT:0.23529411764705882	
