cluster number:32
PL0:11	PL0:11|CBM32:1|CBM70:1
AIGYDWLY:0.2727272727272727	GQRWTYYR:0.2727272727272727	SHFLDVAE:0.36363636363636365	RWTYYRLN:0.2727272727272727	DDYNLPGY:0.36363636363636365	WNQVCNGG:0.2727272727272727	NPSHFLDV:0.36363636363636365	NWNQVCNG:0.2727272727272727	PSHFLDVA:0.36363636363636365	DWNPSHFL:0.7272727272727273	QRWTYYRL:0.2727272727272727	ENNWNQVC:0.2727272727272727	WNPSHFLD:0.7272727272727273	HFLDVAEM:0.36363636363636365	DYNLPGYW:0.2727272727272727	WTYYRLNS:0.2727272727272727	EADGVRWA:0.36363636363636365	NPSHFLDT:0.36363636363636365	PDWNPSHF:0.2727272727272727	SHFLDTAE:0.36363636363636365	PSHFLDTA:0.36363636363636365	HFLDTAEM:0.2727272727272727	WNQVCHGG:0.2727272727272727	NQVCHGGL:0.2727272727272727	NWNQVCHG:0.2727272727272727	
