cluster number:36
PL0:11	PL0:11
LESKGVDL:0.2727272727272727	HAHMDAGS:0.36363636363636365	APGFMESA:0.2727272727272727	SKGVDLWN:0.36363636363636365	TLESKGVD:0.2727272727272727	AYRMTGDK:0.36363636363636365	THFLDVGE:0.2727272727272727	AALESAFG:0.2727272727272727	NNWNSVCN:0.36363636363636365	YLSYAYRM:0.45454545454545453	YITLESKG:0.2727272727272727	KGVDLWNM:0.36363636363636365	SYITLESK:0.2727272727272727	WNPTHFLD:0.2727272727272727	YGTSFQVM:0.2727272727272727	GTSFQVML:0.2727272727272727	PTHFLDVG:0.2727272727272727	ESKGVDLW:0.36363636363636365	KEGKRLLA:0.2727272727272727	AHMDAGSF:0.36363636363636365	YAYRMTGD:0.36363636363636365	HMDAGSFI:0.2727272727272727	NPTHFLDV:0.2727272727272727	LSYAYRMT:0.45454545454545453	HFLDVGEM:0.5454545454545454	QSYITLES:0.2727272727272727	ITLESKGV:0.2727272727272727	SYAYRMTG:0.36363636363636365	YPEGPGYW:0.36363636363636365	GPGYWNYG:0.36363636363636365	EGPGYWNY:0.36363636363636365	PSHFLDVG:0.2727272727272727	NPSHFLDV:0.2727272727272727	SHFLDVGE:0.2727272727272727	SWNPSHFL:0.2727272727272727	WNPSHFLD:0.2727272727272727	FYLSYAYR:0.2727272727272727	
