cluster number:30
PL0:18	PL0:18
LPAHNSYI:0.2777777777777778	WTVWCTQN:0.2777777777777778	MNNWTVWC:0.2222222222222222	GSFTIYKD:0.2222222222222222	AWQLPAHN:0.3888888888888889	RHAGLCLF:0.3333333333333333	YRHAGLCL:0.3888888888888889	QYYRHAGL:0.3333333333333333	YVNFADCS:0.2777777777777778	RFLDDIIN:0.2222222222222222	SFTIYKDG:0.2222222222222222	QLPAHNSY:0.3333333333333333	ETYTKKTF:0.2222222222222222	NHNDTGSF:0.3888888888888889	HNSYIRDT:0.2222222222222222	FLDDIING:0.2222222222222222	CGAREYLF:0.2777777777777778	AREYLFGK:0.2222222222222222	CDEGAQYY:0.2222222222222222	TYTKKTFS:0.3333333333333333	DVGVETYT:0.2222222222222222	EGAQYYRH:0.3888888888888889	NDTGSFTI:0.2222222222222222	PAHNSYIR:0.2777777777777778	HNHNDTGS:0.5	AQYYRHAG:0.3888888888888889	AHNSYIRD:0.2222222222222222	NDDSHNHN:0.2222222222222222	AGRCGARE:0.2777777777777778	SHNHNDTG:0.5	NWTVWCTQ:0.2777777777777778	TGSFTIYK:0.2222222222222222	YYVNFADC:0.2777777777777778	WQLPAHNS:0.3333333333333333	GVETYTKK:0.2222222222222222	YYRHAGLC:0.3888888888888889	LAVKAGDN:0.2777777777777778	DYFLDEYG:0.2222222222222222	VETYTKKT:0.2222222222222222	DTGSFTIY:0.2222222222222222	IDVGVETY:0.2222222222222222	DSHNHNDT:0.4444444444444444	NNWTVWCT:0.2222222222222222	GAQYYRHA:0.3888888888888889	HAGLCLFN:0.3333333333333333	GRFLDDII:0.2222222222222222	DDSHNHND:0.2222222222222222	GAREYLFG:0.2777777777777778	WCTQNVLL:0.5	VWCTQNVL:0.2222222222222222	TVWCTQNV:0.2222222222222222	HNDTGSFT:0.3333333333333333	LFAAETGA:0.4444444444444444	NGESHNHN:0.2222222222222222	AETGALLA:0.2222222222222222	SHNHNDVG:0.3888888888888889	DLFAAETG:0.4444444444444444	FAAETGAL:0.2222222222222222	RRYEIWTM:0.2222222222222222	AAETGALL:0.2222222222222222	GESHNHND:0.2222222222222222	NHNDVGSF:0.2777777777777778	HNHNDVGS:0.3333333333333333	EIWTMQSA:0.2777777777777778	YEIWTMQS:0.4444444444444444	VDLFAAET:0.2777777777777778	RYEIWTMQ:0.4444444444444444	AREFLFGK:0.2222222222222222	MQSAWHNL:0.2222222222222222	TMQSAWHN:0.2222222222222222	QSAWHNLP:0.2222222222222222	AWHNLPTF:0.2222222222222222	DSHNHNDV:0.2222222222222222	SAWHNLPT:0.2222222222222222	WTMQSAWH:0.2222222222222222	IWTMQSAW:0.2222222222222222	HFWWMGNG:0.3333333333333333	QNVLLTVF:0.2222222222222222	TQNVLLTV:0.2222222222222222	SLDCFLKD:0.2222222222222222	NVLLTVFL:0.2222222222222222	DCFLKDYG:0.2777777777777778	NGDSHNHN:0.3333333333333333	GDSHNHND:0.3333333333333333	LDCFLKDY:0.2222222222222222	CTQNVLLT:0.2777777777777778	
