cluster number:31
PL0:37	PL0:37
NDEPHNHN:0.40540540540540543	GGHNDEPH:0.32432432432432434	YWNYGFGY:0.5405405405405406	AKGGHNDE:0.2972972972972973	EPHNHNDL:0.6216216216216216	NYGFGYFV:0.24324324324324326	NWSAVCAG:0.2972972972972973	GHNDEPHN:0.40540540540540543	NHNDLGHF:0.40540540540540543	HNWSAVCA:0.2702702702702703	PHNHNDLG:0.6216216216216216	KGGHNDEP:0.32432432432432434	WNYGFGYF:0.5405405405405406	DEPHNHND:0.40540540540540543	HNHNDLGH:0.40540540540540543	HNDLGHFI:0.3783783783783784	HNDEPHNH:0.40540540540540543	DLFAAETA:0.2702702702702703	YGFGYFVY:0.32432432432432434	EYTWCLPA:0.5405405405405406	TWCLPAHL:0.43243243243243246	GFGYFTYY:0.32432432432432434	YTWCLPAH:0.5405405405405406	YGFGYFTY:0.32432432432432434	RHNWAAVC:0.21621621621621623	GEYTADYF:0.2972972972972973	FARTGSRL:0.21621621621621623	TYYSDLLR:0.24324324324324326	LGYWNYGF:0.4594594594594595	ERRRRLNT:0.40540540540540543	GLGYWNYG:0.4594594594594595	FGYFTYYS:0.2972972972972973	FERRRRLN:0.43243243243243246	GYWNYGFG:0.4594594594594595	LGSGEYTA:0.32432432432432434	DHCSRFAP:0.21621621621621623	AVCAGSIG:0.5945945945945946	VCAGSIGA:0.40540540540540543	SIGAAALL:0.21621621621621623	LEGLGYWN:0.3783783783783784	NDLGHFIL:0.2972972972972973	YFTYYSDL:0.2972972972972973	YDCNGSQG:0.4594594594594595	DEYTWCLP:0.2702702702702703	GSIGAAAL:0.2702702702702703	YFERRRRL:0.4864864864864865	WAAVCAGS:0.43243243243243246	PALRNLIW:0.2972972972972973	QGHSVPII:0.21621621621621623	ARTGSRLE:0.2702702702702703	VHMGLSHY:0.24324324324324326	NWAAVCAG:0.4594594594594595	MGLSHYLA:0.2972972972972973	EGLGYWNY:0.4594594594594595	ACLEGLGY:0.32432432432432434	ETGFTLSE:0.32432432432432434	HCSRFAPA:0.21621621621621623	WCLPAHLP:0.21621621621621623	NYGFGYFT:0.2972972972972973	GSGEYTAD:0.21621621621621623	SWTERFVT:0.21621621621621623	NGSQGHSV:0.43243243243243246	CNGSQGHS:0.4864864864864865	CLEGLGYW:0.3783783783783784	RRRRLNTY:0.2972972972972973	SQGHSVPI:0.24324324324324326	TGSRLEYE:0.32432432432432434	GACLEGLG:0.32432432432432434	GSQGHSVP:0.43243243243243246	ICDEYTWC:0.24324324324324326	IDLFSSET:0.21621621621621623	WTERFVTW:0.21621621621621623	RTGSRLEY:0.2972972972972973	GYFTYYSD:0.2972972972972973	CAGSIGAA:0.3783783783783784	GSRLEYER:0.3783783783783784	APALRNLI:0.2972972972972973	EYTADYFG:0.2972972972972973	CDEYTWCL:0.2702702702702703	AAVCAGSI:0.3783783783783784	DGACLEGL:0.40540540540540543	HMGLSHYL:0.2972972972972973	HNWAAVCA:0.3783783783783784	DLGSGEYT:0.35135135135135137	FTYYSDLL:0.2972972972972973	DCNGSQGH:0.4864864864864865	AGSIGAAA:0.3783783783783784	SGEYTADY:0.21621621621621623	AAKGGHND:0.24324324324324326	FAAKGGHN:0.4594594594594595	WSAVCAGS:0.24324324324324326	LFSAETGF:0.2702702702702703	IDLFSAET:0.2972972972972973	HCSRWAPA:0.32432432432432434	DLFSAETG:0.2702702702702703	SAVCAGSI:0.21621621621621623	VYFERRRR:0.40540540540540543	DHCSRWAP:0.35135135135135137	EDGACLEG:0.21621621621621623	SRLEYERV:0.35135135135135137	YERVYFER:0.3783783783783784	RLEYERVY:0.40540540540540543	GFGEDGAC:0.21621621621621623	EYERVYFE:0.40540540540540543	ERVYFERR:0.3783783783783784	RVYFERRR:0.3783783783783784	LEYERVYF:0.40540540540540543	KGGHNAEP:0.24324324324324326	YTEDHCSR:0.2702702702702703	GHNAEPHN:0.24324324324324326	EDHCSRWA:0.21621621621621623	NAEPHNHN:0.24324324324324326	HNAEPHNH:0.24324324324324326	AEPHNHND:0.24324324324324326	GGHNAEPH:0.24324324324324326	GFAAKGGH:0.2972972972972973	FGFAAKGG:0.2972972972972973	
