cluster number:25
PL0:37	PL0:37
LWLYNLHY:0.4864864864864865	PGHAHADT:0.5675675675675675	DTLSFELS:0.3783783783783784	AHADTLSF:0.4864864864864865	LGNHLFAN:0.2702702702702703	DGGHFELS:0.21621621621621623	GHAHADTL:0.5405405405405406	HFELSPMY:0.40540540540540543	GFRVARRA:0.40540540540540543	HAHADTLS:0.5405405405405406	KLWLYNLH:0.4594594594594595	ADTLSFEL:0.3783783783783784	FELSPMYH:0.4594594594594595	HADTLSFE:0.43243243243243246	EYHLLGNH:0.32432432432432434	LEYHLLGN:0.2702702702702703	YHLLGNHL:0.2702702702702703	WLYNLHYF:0.3783783783783784	LYNLHYFD:0.35135135135135137	YNLHYFDD:0.24324324324324326	HLLGNHLF:0.24324324324324326	SLRIVNWI:0.21621621621621623	NLHYFDDL:0.24324324324324326	GPDYLPGH:0.21621621621621623	DYLPGHAH:0.21621621621621623	LPGHAHAD:0.32432432432432434	YLPGHAHA:0.32432432432432434	FERSPMYH:0.21621621621621623	PDYLPGHA:0.21621621621621623	ERSPMYHA:0.21621621621621623	HFERSPMY:0.24324324324324326	FRVARRAY:0.21621621621621623	DGGHFERS:0.21621621621621623	
