cluster number:21
PL0:13	PL0:13
VKLENPIT:0.23076923076923078	LKRLEIRI:0.23076923076923078	GVRWSIDP:0.23076923076923078	VRWSIDPG:0.23076923076923078	NNYGHSTL:0.23076923076923078	DGGAVLTQ:0.3076923076923077	AVLTQDGK:0.3076923076923077	SHFLDVAE:0.23076923076923078	WNQVCNAG:0.3076923076923077	NFSDWNPS:0.23076923076923078	PLELDRQI:0.23076923076923078	RWSIDPGN:0.23076923076923078	GGAVLTQD:0.3076923076923077	VCNAGMIA:0.3076923076923077	YPEGSTYW:0.23076923076923078	FSDWNPSH:0.23076923076923078	NPSHFLDV:0.23076923076923078	APLELDRQ:0.23076923076923078	ALAIDWVG:0.23076923076923078	KRLEIRIP:0.23076923076923078	NAGMIAAS:0.23076923076923078	ENLSHPDI:0.23076923076923078	TDFGIGDY:0.3076923076923077	PSHFLDVA:0.23076923076923078	DWNPSHFL:0.23076923076923078	NWNQVCNA:0.3076923076923077	PAPLELDR:0.23076923076923078	WSIDPGNQ:0.23076923076923078	VDGGAVLT:0.3076923076923077	LLTKNNYG:0.23076923076923078	PDGAYPEG:0.3076923076923077	TNNWNQVC:0.6153846153846154	WNPSHFLD:0.23076923076923078	GTNNWNQV:0.46153846153846156	YGTNNWNQ:0.23076923076923078	NYGHSTLT:0.23076923076923078	HFLDVAEM:0.3076923076923077	GYYFGGKG:0.3076923076923077	GAVLTQDG:0.3076923076923077	CNAGMIAA:0.3076923076923077	YYFGGKGG:0.46153846153846156	FLDVAEMA:0.23076923076923078	LTKNNYGH:0.23076923076923078	KNNYGHST:0.23076923076923078	NQVCNAGM:0.3076923076923077	RLEIRIPA:0.23076923076923078	QVCNAGMI:0.3076923076923077	TKNNYGHS:0.23076923076923078	NNWNQVCN:0.6923076923076923	GHSTLTVN:0.23076923076923078	DFGIGDYP:0.3076923076923077	VALAIDWV:0.23076923076923078	SHGNMDAG:0.46153846153846156	WTLLTKNN:0.3076923076923077	PDGVYPEG:0.46153846153846156	RWTLLTKN:0.3076923076923077	LAMVYRIE:0.23076923076923078	PELAAKTI:0.3076923076923077	RLNEEVIA:0.23076923076923078	GVYPEGAT:0.23076923076923078	GPDGVYPE:0.23076923076923078	PTFAGQLK:0.23076923076923078	VYPEGATY:0.23076923076923078	FAGQLKSA:0.23076923076923078	ESAFGTDF:0.3076923076923077	WVNGTNNW:0.23076923076923078	DGGSFVFE:0.23076923076923078	MDGGSFVF:0.23076923076923078	TPTFAGQL:0.23076923076923078	TFAGQLKS:0.23076923076923078	YFGGKGGR:0.3076923076923077	FGGKGGRG:0.3076923076923077	SAFGTDFG:0.3076923076923077	YPEGATYW:0.38461538461538464	YGPDGVYP:0.23076923076923078	VNGTNNWN:0.23076923076923078	ATYWGYGT:0.23076923076923078	PEGATYWG:0.23076923076923078	NGTNNWNQ:0.23076923076923078	DGVYPEGA:0.23076923076923078	GATYWGYG:0.23076923076923078	EGATYWGY:0.23076923076923078	WNPKHFLD:0.3076923076923077	NNFGHSTL:0.23076923076923078	LDGVRWSI:0.23076923076923078	ISHGNMDA:0.23076923076923078	WNQVCNGG:0.38461538461538464	LDVGEMSL:0.3076923076923077	HGNMDAGS:0.38461538461538464	KHFLDVGE:0.3076923076923077	FLDVGEMS:0.3076923076923077	NWNQVCNG:0.38461538461538464	DGVRWSID:0.23076923076923078	PKHFLDVG:0.3076923076923077	KNNFGHST:0.38461538461538464	NPKHFLDV:0.3076923076923077	HFLDVGEM:0.46153846153846156	GNMDAGSF:0.38461538461538464	PTWNPKHF:0.23076923076923078	TWNPKHFL:0.23076923076923078	AFGTDFGI:0.23076923076923078	PSWPENGE:0.23076923076923078	EVIAACNF:0.23076923076923078	CNFPTWNP:0.23076923076923078	NQVCNGGL:0.23076923076923078	EEVIAACN:0.23076923076923078	IAACNFPT:0.23076923076923078	YPGFKESA:0.3076923076923077	ACNFPTWN:0.23076923076923078	FPTWNPKH:0.23076923076923078	NEEVIAAC:0.23076923076923078	NFPTWNPK:0.23076923076923078	VIAACNFP:0.23076923076923078	QVCNGGLV:0.23076923076923078	AACNFPTW:0.23076923076923078	TKNNFGHS:0.23076923076923078	FELNGVRW:0.23076923076923078	LTKNNFGH:0.23076923076923078	DYPGFKES:0.23076923076923078	LLTKNNFG:0.23076923076923078	ELNGVRWV:0.23076923076923078	MIAASIAI:0.23076923076923078	AMLESAFG:0.23076923076923078	IAASIAIA:0.23076923076923078	GMIAASIA:0.23076923076923078	AKKSLIEK:0.23076923076923078	LAKKSLIE:0.23076923076923078	FGTDFGIG:0.23076923076923078	IEDQIETN:0.23076923076923078	NMDAGSFI:0.23076923076923078	GTDFGIGD:0.23076923076923078	
