cluster number:5
GH104:6	GH104:6
SRKTWASL:0.8333333333333334	PDFGPASQ:1.0	LRETGALA:0.5	YRINSTAA:0.3333333333333333	ALADIKQG:0.3333333333333333	RAAIELLR:0.5	AEGVERFS:0.8333333333333334	RKTWASLP:0.8333333333333334	HPRKLVWL:0.3333333333333333	ASQDRAAI:0.5	ELLRETGA:0.5	GWISSAVR:0.6666666666666666	LWKTWNSL:0.5	DRAAIELL:0.5	TWNSLRNR:0.3333333333333333	LVWLPKYR:0.5	ISSAVRKS:0.6666666666666666	AIELLRET:0.5	FLWKTWNS:0.5	AAIELLRE:0.6666666666666666	RYQFLWKT:0.5	IELLRETG:0.5	YQFLWKTW:0.5	RKSRKTWA:0.8333333333333334	LRNRLRLP:0.3333333333333333	GYDVLVGG:0.5	QFLWKTWN:0.5	AHAEGVER:0.8333333333333334	WLPKYRIN:0.3333333333333333	LPKYRINS:0.3333333333333333	GALADIKQ:0.3333333333333333	SLRNRLRL:0.3333333333333333	LLRETGAL:0.5	KTWNSLRN:0.5	WISSAVRK:0.6666666666666666	KQGWISSA:0.3333333333333333	GRYQFLWK:0.5	AGRYQFLW:0.8333333333333334	RINSTAAG:0.3333333333333333	LRLPDFGP:0.6666666666666666	DIKQGWIS:0.3333333333333333	PASQDRAA:0.5	QDRAAIEL:0.5	NSLRNRLR:0.3333333333333333	WNSLRNRL:0.3333333333333333	SAVRKSRK:0.8333333333333334	HAEGVERF:0.8333333333333334	AGYGQREV:0.6666666666666666	KSRKTWAS:0.8333333333333334	LPDFGPAS:1.0	RETGALAD:0.5	DFGPASQD:1.0	RLPDFGPA:0.6666666666666666	TAAGRYQF:0.8333333333333334	QGWISSAV:0.3333333333333333	NSTAAGRY:0.3333333333333333	PRKLVWLP:0.3333333333333333	RLRLPDFG:0.3333333333333333	RKLVWLPK:0.3333333333333333	GPASQDRA:0.5	AAGRYQFL:0.8333333333333334	TGALADIK:0.6666666666666666	GYGQREVP:0.6666666666666666	EHPRKLVW:0.3333333333333333	SSAVRKSR:0.8333333333333334	GGYDVLVG:0.5	ETGALADI:0.6666666666666666	WKTWNSLR:0.5	FGPASQDR:0.6666666666666666	NRLRLPDF:0.3333333333333333	LADIKQGW:0.3333333333333333	VRKSRKTW:0.8333333333333334	AVRKSRKT:0.8333333333333334	RNRLRLPD:0.3333333333333333	KYRINSTA:0.3333333333333333	ADIKQGWI:0.3333333333333333	IKQGWISS:0.3333333333333333	PKYRINST:0.3333333333333333	STAAGRYQ:0.8333333333333334	KLVWLPKY:0.3333333333333333	INSTAAGR:0.3333333333333333	VWLPKYRI:0.6666666666666666	GQREVPLE:0.6666666666666666	SQDRAAIE:0.5	YGQREVPL:0.6666666666666666	FLDMIAHA:0.6666666666666666	WLPKYRIH:0.5	PLESLLVV:0.3333333333333333	IHSTAAGR:0.5	ALADIKKG:0.3333333333333333	GALADIKK:0.3333333333333333	LPDAGYGQ:0.6666666666666666	ESLLVVYQ:0.3333333333333333	HSTAAGRY:0.5	ASLPDAGY:0.6666666666666666	DMIAHAEG:0.6666666666666666	KYRIHSTA:0.5	SAEQAGGQ:0.5	QFLWRTWN:0.3333333333333333	DAGYGQRE:0.6666666666666666	TWASLPDA:0.6666666666666666	GVERFSEH:0.6666666666666666	MIAHAEGV:0.6666666666666666	EHGGYDVL:0.3333333333333333	MARLSAEQ:0.5	EGVERFSE:0.6666666666666666	RFSEHGGY:0.6666666666666666	VGGGRFTS:0.3333333333333333	PDAGYGQR:0.6666666666666666	YRIHSTAA:0.5	IAHAEGVE:0.6666666666666666	PKYRIHST:0.5	QKAGGQIA:0.5	HGGYDVLV:0.3333333333333333	ERFSEHGG:0.6666666666666666	ARLSAEQA:0.5	RLSAEQAG:0.5	VERFSEHG:0.6666666666666666	EVPLESLL:0.3333333333333333	WASLPDAG:0.6666666666666666	LSAEQAGG:0.5	AEQAGGQN:0.5	LADIKKGW:0.5	AFLDMIAH:0.6666666666666666	KLPDFGPA:0.3333333333333333	RYQFLWRT:0.3333333333333333	VYQKAGGQ:0.5	LKLPDFGP:0.3333333333333333	SLPDAGYG:0.6666666666666666	LDMIAHAE:0.6666666666666666	QREVPLES:0.3333333333333333	SEHGGYDV:0.6666666666666666	GRYQFLWR:0.3333333333333333	RIHSTAAG:0.5	FSEHGGYD:0.6666666666666666	GGGRFTSY:0.3333333333333333	KTWASLPD:0.6666666666666666	YQKAGGQI:0.5	EQAGGQNV:0.5	YQFLWRTW:0.3333333333333333	LPKYRIHS:0.5	LESLLVVY:0.3333333333333333	REVPLESL:0.3333333333333333	IKKGWISS:0.3333333333333333	ADIKKGWI:0.3333333333333333	VAFLDMIA:0.3333333333333333	KKGWISSA:0.3333333333333333	NVVAFLDM:0.3333333333333333	DIKKGWIS:0.3333333333333333	VVAFLDMI:0.3333333333333333	KGWISSAV:0.3333333333333333	LLAVYQKA:0.3333333333333333	LAVYQKAG:0.3333333333333333	AVYQKAGG:0.3333333333333333	
