cluster number:18
CE5:17	CE5:17|3.1.1.74:3
FIFARAST:0.4117647058823529	YSQGTAVM:0.47058823529411764	TGPAVCND:0.23529411764705882	IFARASTE:0.4117647058823529	STGPAVCN:0.35294117647058826	CQGVGPKY:0.23529411764705882	GGYSQGTA:0.5882352941176471	QIVAGGYS:0.29411764705882354	GPAVCNDL:0.23529411764705882	IVAGGYSQ:0.6470588235294118	TQIVAGGY:0.29411764705882354	CPDTQIVA:0.23529411764705882	DQIKGVVL:0.29411764705882354	KDQIKGVV:0.23529411764705882	DTQIVAGG:0.23529411764705882	KCPDTQIV:0.23529411764705882	QIKGVVLF:0.23529411764705882	ACQGVGPK:0.23529411764705882	TFIFARAS:0.29411764705882354	GYSQGTAV:0.5882352941176471	VAGGYSQG:0.6470588235294118	VACQGVGP:0.35294117647058826	PDTQIVAG:0.23529411764705882	AGGYSQGT:0.5882352941176471	PAVCNDLK:0.23529411764705882	IKGVVLFG:0.47058823529411764	NTKIVAGG:0.23529411764705882	KIVAGGYS:0.23529411764705882	CPNTKIVA:0.23529411764705882	SKCPNTKI:0.23529411764705882	TKIVAGGY:0.23529411764705882	KCPNTKIV:0.23529411764705882	PNTKIVAG:0.23529411764705882	GGYSQGAA:0.23529411764705882	KVACQGVG:0.23529411764705882	KVYCAVGD:0.23529411764705882	IFARGSTE:0.35294117647058826	VCDGTLIV:0.23529411764705882	GDLVCDGT:0.35294117647058826	LVCDGTLI:0.29411764705882354	TLIVTAAH:0.29411764705882354	DLVCDGTL:0.35294117647058826	GTLIVTAA:0.29411764705882354	ASTEPGLL:0.35294117647058826	FARASTEP:0.35294117647058826	GYTRNAQE:0.29411764705882354	RASTEPGL:0.35294117647058826	FGYTRNAQ:0.29411764705882354	TAAHFTYV:0.23529411764705882	ARASTEPG:0.35294117647058826	LFGYTRNA:0.29411764705882354	SQGTAVMD:0.23529411764705882	GLLGISTG:0.23529411764705882	LGISTGPA:0.23529411764705882	KGVVLFGY:0.35294117647058826	TEPGLLGI:0.23529411764705882	LIVTAAHF:0.23529411764705882	GVVLFGYT:0.35294117647058826	KIKGVVLF:0.23529411764705882	STEPGLLG:0.29411764705882354	VVLFGYTR:0.23529411764705882	EPGLLGIS:0.23529411764705882	GISTGPAV:0.23529411764705882	ISTGPAVC:0.23529411764705882	NFPKDKVK:0.23529411764705882	LLGISTGP:0.23529411764705882	VLFGYTRN:0.23529411764705882	PGLLGIST:0.23529411764705882	
