cluster number:0
CE5:159	CE5:159
TKMVLGGY:0.4716981132075472	VAAVVLFG:0.3584905660377358	HVAAVVLF:0.36477987421383645	KMVLGGYS:0.4716981132075472	TGEPPGVG:0.22012578616352202	VADHVAAV:0.31446540880503143	ADHVAAVV:0.22641509433962265	GQAFVDAL:0.3333333333333333	GYSQGAAV:0.5849056603773585	DHVAAVVL:0.24528301886792453	VLGGYSQG:0.6037735849056604	LGGYSQGA:0.610062893081761	MVLGGYSQ:0.4968553459119497	GGYSQGAA:0.5974842767295597	MPNVRAMN:0.2893081761006289	DPVCSDGM:0.22641509433962265	PGVGPTGQ:0.33962264150943394	NFAAHNTY:0.27672955974842767	EDPVCSDG:0.3584905660377358	VVFARGTG:0.4716981132075472	TEDPVCSD:0.20125786163522014	CSDGMNFA:0.22641509433962265	LFGMPNVR:0.31446540880503143	DVYPVNYP:0.31446540880503143	PNVRAMNF:0.3081761006289308	YPVNYPAT:0.20754716981132076	ATEDPVCS:0.20125786163522014	AVMGFVTS:0.389937106918239	DGMNFAAH:0.22641509433962265	GAAVMGFV:0.6163522012578616	QGAAVMGF:0.6352201257861635	AAVMGFVT:0.6163522012578616	RAMNFLGE:0.20125786163522014	GMNFAAHN:0.20754716981132076	PTGQAFVD:0.31446540880503143	VFARGTGE:0.5157232704402516	YSQGAAVM:0.4339622641509434	SQGAAVMG:0.6477987421383647	FGMPNVRA:0.31446540880503143	GPTGQAFV:0.34591194968553457	CATEDPVC:0.20125786163522014	AMNFLGEP:0.20125786163522014	PNTKMVLG:0.2389937106918239	DAGAHVVS:0.2389937106918239	NTKMVLGG:0.2389937106918239	VYPVNYPA:0.44025157232704404	GMPNVRAM:0.31446540880503143	GIRDAGAH:0.24528301886792453	VVLFGMPN:0.3270440251572327	VRAMNFLG:0.2389937106918239	VGPTGQAF:0.3522012578616352	VCSDGMNF:0.22641509433962265	CPNTKMVL:0.2389937106918239	VLFGMPNV:0.31446540880503143	MNFAAHNT:0.20754716981132076	AAHNTYAD:0.2138364779874214	GVGPTGQA:0.3522012578616352	EPPVVIGP:0.2138364779874214	VMGFVTSA:0.25157232704402516	FAAHNTYA:0.27672955974842767	QVVFARGT:0.24528301886792453	NVRAMNFL:0.3081761006289308	FDVYPVNY:0.2578616352201258	SFDVYPVN:0.2578616352201258	SDGMNFAA:0.22641509433962265	PVCSDGMN:0.22641509433962265	IRDAGAHV:0.2389937106918239	TGQAFVDA:0.31446540880503143	LGGFSQGA:0.3081761006289308	FSQGAAVM:0.20754716981132076	VLGGFSQG:0.3081761006289308	GGFSQGAA:0.2641509433962264	GFSQGAAV:0.24528301886792453	FARGTGEP:0.27044025157232704	GTGEPPGV:0.20125786163522014	RGTGEPPG:0.2389937106918239	ARGTGEPP:0.2389937106918239	EVVFARGT:0.33962264150943394	YPVNYPAS:0.23270440251572327	VEVVFARG:0.3081761006289308	PEVADHVA:0.23270440251572327	CPDVEVVF:0.31446540880503143	EVADHVAA:0.24528301886792453	PATVPKPL:0.31446540880503143	PDVEVVFA:0.3081761006289308	DPATVPKP:0.31446540880503143	DVEVVFAR:0.31446540880503143	
