cluster number:27
CE5:12	CE5:12
GNPIRGIG:0.25	YSQGANVV:0.6666666666666666	VLVGYSQG:0.8333333333333334	FVLVGYSQ:0.8333333333333334	PIVATLPA:0.4166666666666667	QKFVLVGY:0.3333333333333333	KFVLVGYS:0.3333333333333333	LFGNPIRG:0.25	FGNPIRGI:0.25	GYSQGANV:0.6666666666666666	LVGYSQGA:0.9166666666666666	LLFGNPIR:0.6666666666666666	VGYSQGAN:0.6666666666666666	RFVLVGYS:0.5	VLLFGNPI:0.5	AVLLFGNP:0.5833333333333334	QRFVLVGY:0.5	VDNSIGIS:0.3333333333333333	SIGISSAG:0.3333333333333333	IGISSAGA:0.3333333333333333	SQGANVVD:0.5	VVDNSIGI:0.3333333333333333	NQRFVLVG:0.3333333333333333	ANVVDNSI:0.4166666666666667	GANVVDNS:0.5	PNQRFVLV:0.3333333333333333	DNSIGISS:0.3333333333333333	NSIGISSA:0.3333333333333333	QGANVVDN:0.5	NVVDNSIG:0.4166666666666667	CPNQRFVL:0.3333333333333333	PADLSPTS:0.3333333333333333	VVGSPIVA:0.4166666666666667	SAGAVVGS:0.3333333333333333	AAQGNADL:0.3333333333333333	LSSYKVNY:0.25	SSYKVNYP:0.25	SSAGAVVG:0.3333333333333333	ARGTFEPG:0.5833333333333334	VNYPADLS:0.3333333333333333	AVVGSPIV:0.4166666666666667	SPIVATLP:0.3333333333333333	AGAVVGSP:0.3333333333333333	ISSAGAVV:0.3333333333333333	YKVNYPAD:0.3333333333333333	IVATLPAA:0.3333333333333333	ADLSPTSA:0.3333333333333333	NADLVNHV:0.25	EPGTLGFI:0.25	KVNYPADL:0.3333333333333333	KSVTGTYQ:0.25	PGTLGFIV:0.25	TGTYQSRT:0.3333333333333333	GTFEPGTL:0.4166666666666667	PTSAAQGN:0.3333333333333333	TSAAQGNA:0.3333333333333333	QGNADLVN:0.25	GAVVGSPI:0.4166666666666667	GNADLVNH:0.25	SYKVNYPA:0.25	GSPIVATL:0.3333333333333333	GTLGFIVG:0.25	LSPTSAAQ:0.3333333333333333	TFEPGTLG:0.4166666666666667	SVTGTYQS:0.3333333333333333	AQGNADLV:0.3333333333333333	LFGNPIRA:0.5	VTGTYQSR:0.3333333333333333	FEPGTLGF:0.25	YPADLSPT:0.3333333333333333	RGTFEPGT:0.4166666666666667	LGFIVGDP:0.25	GISSAGAV:0.3333333333333333	VGSPIVAT:0.4166666666666667	GFIVGDPV:0.25	GKSVTGTY:0.25	NYPADLSP:0.3333333333333333	DLSPTSAA:0.3333333333333333	SAAQGNAD:0.3333333333333333	SPTSAAQG:0.3333333333333333	CENGGGDV:0.25	TLGFIVGD:0.25	VVAARGTF:0.4166666666666667	VAARGTFE:0.5	AARGTFEP:0.5	ALGKSVTG:0.3333333333333333	IRLCLAAL:0.25	IRALGKSV:0.3333333333333333	MRIRLCLA:0.25	RIRLCLAA:0.25	RLCLAALS:0.25	LCLAALSL:0.25	VATLPAAV:0.25	AAVLLFGN:0.4166666666666667	RALGKSVT:0.3333333333333333	FGNPIRAL:0.3333333333333333	GNPIRALG:0.3333333333333333	DVVAARGT:0.25	NPIRALGK:0.3333333333333333	VAAVLLFG:0.3333333333333333	PIRALGKS:0.3333333333333333	
