cluster number:12
CE5:96	CE5:96
VEVVFARG:0.5833333333333334	ARGTFEPP:0.22916666666666666	RGTFEPPG:0.22916666666666666	CPDVEVVF:0.40625	FARGTFEP:0.23958333333333334	VAAVALFG:0.23958333333333334	PDVEVVFA:0.40625	VFARGTFE:0.4270833333333333	EVVFARGT:0.46875	HVAAVALF:0.22916666666666666	VVFARGTF:0.375	DVEVVFAR:0.5416666666666666	GYSQGAAV:0.6666666666666666	YSQGAAVA:0.59375	GGYSQGAA:0.6770833333333334	HVAAVTLF:0.3333333333333333	GPLYQPKT:0.21875	PLYQPKTL:0.20833333333333334	IGPLYQPK:0.21875	VAAVTLFG:0.34375	PKTLQLCA:0.20833333333333334	AIGPLYQP:0.20833333333333334	AVTLFGTP:0.21875	AAVTLFGT:0.21875	SQGAAVAG:0.5208333333333334	GAAVAGYV:0.20833333333333334	VAGYVTSA:0.22916666666666666	EPCPDVEV:0.21875	AAVAGYVT:0.20833333333333334	AVAGYVTS:0.22916666666666666	LGGYSQGA:0.6458333333333334	AEPCPDVE:0.20833333333333334	QGAAVAGY:0.5208333333333334	YAVNYPAS:0.40625	TVIDGIRD:0.2916666666666667	VIDGIRDA:0.2916666666666667	PCPDVEVV:0.3125	VLGGYSQG:0.6458333333333334	VYAVNYPA:0.375	NYPASLDF:0.2708333333333333	RGTFEAPG:0.20833333333333334	ARGTFEAP:0.20833333333333334	VNYPASLD:0.2604166666666667	AAVAGYTT:0.28125	GAAVAGYT:0.2916666666666667	FARGTFEA:0.20833333333333334	IVLGGYSQ:0.25	
