cluster number:34
CE5:28	CE5:28|CBM1:9|3.1.1.72:4
YCCNGNDA:0.21428571428571427	EAIVYPAC:0.21428571428571427	VGYSQGGQ:0.39285714285714285	DANSHQQY:0.21428571428571427	ACGGQSSC:0.2857142857142857	GGQSSCGG:0.2857142857142857	AAIFMGDP:0.2857142857142857	VLVGYSQG:0.5357142857142857	GGQIMDNA:0.25	QSSCGGVS:0.21428571428571427	GARETTAP:0.32142857142857145	GLPYNVGT:0.21428571428571427	CGGAGATL:0.21428571428571427	GYSQGGQI:0.6071428571428571	GQSSCGGV:0.25	IVLVGYSQ:0.25	GNDANSHQ:0.21428571428571427	DPYCCNGN:0.21428571428571427	KAAIFMGD:0.2857142857142857	IFGARETT:0.21428571428571427	IVYPACGG:0.21428571428571427	YGQQALAF:0.32142857142857145	CGGQSSCG:0.2857142857142857	HIFGARET:0.35714285714285715	YPACGGQS:0.35714285714285715	SSCGGVSY:0.21428571428571427	PYCCNGND:0.21428571428571427	SQGGQIMD:0.4642857142857143	PACGGQSS:0.2857142857142857	VKAAIFMG:0.2857142857142857	LVGYSQGG:0.5	KYGQQALA:0.21428571428571427	LPYNVGTC:0.21428571428571427	AIVYPACG:0.21428571428571427	VYPACGGQ:0.21428571428571427	FGARETTA:0.42857142857142855	QGGQIMDN:0.35714285714285715	YSQGGQIM:0.4642857142857143	NDANSHQQ:0.21428571428571427	IHIFGARE:0.25	SYCDAADP:0.21428571428571427	YCDAADPY:0.21428571428571427	PYCCTGND:0.32142857142857145	DPYCCTGN:0.32142857142857145	DAADPYCC:0.21428571428571427	YCCTGNDA:0.21428571428571427	CDAADPYC:0.21428571428571427	PACGGQAS:0.35714285714285715	YPACGGQA:0.35714285714285715	ACGGQASC:0.35714285714285715	LVLVGYSQ:0.25	GGQASCGG:0.32142857142857145	HVFGARET:0.4642857142857143	GQQALAFI:0.21428571428571427	VFGARETT:0.4642857142857143	FGARETTV:0.25	CGGQASCG:0.35714285714285715	IHVFGARE:0.2857142857142857	PGATSEAI:0.39285714285714285	VLIGYSQG:0.21428571428571427	DPYCCNGS:0.21428571428571427	LIGYSQGG:0.21428571428571427	RETTAPPG:0.21428571428571427	ARETTAPP:0.21428571428571427	NYPACGGQ:0.25	EAINYPAC:0.25	INYPACGG:0.25	AINYPACG:0.25	IGYSQGGQ:0.2857142857142857	
