cluster number:31
CE5:13	CE5:13|3.1.1.3:1
YLAGGDAA:0.3076923076923077	YNQLTDGT:0.46153846153846156	QLTDGTPC:0.5384615384615384	FNNLASRI:0.23076923076923078	GYSQGAQL:0.5384615384615384	YARGTTQA:0.23076923076923078	LAGGDAAG:0.3076923076923077	SGYSQGAQ:0.5384615384615384	AGYLAGGD:0.3076923076923077	LTDGTPCR:0.5384615384615384	GTPCRPVT:0.23076923076923078	TDGTPCRP:0.23076923076923078	VGDPAAVG:0.23076923076923078	GAQLVHNA:0.38461538461538464	ISGYSQGA:0.23076923076923078	GYLAGGDA:0.3076923076923077	NVGDPAAV:0.23076923076923078	ARGTTQAG:0.23076923076923078	RGTTQAGN:0.23076923076923078	IISGYSQG:0.23076923076923078	QGAQLVHN:0.38461538461538464	AGGDAAGS:0.38461538461538464	AQLVHNAA:0.38461538461538464	NNLASRIG:0.23076923076923078	GNVGDPAA:0.23076923076923078	IYARGTTQ:0.38461538461538464	NQLTDGTP:0.5384615384615384	GDPAAVGP:0.23076923076923078	YSQGAQLV:0.46153846153846156	TYNQLTDG:0.46153846153846156	DGTPCRPV:0.23076923076923078	SQGAQLVH:0.46153846153846156	IIISGYSQ:0.23076923076923078	VLSGYSQG:0.23076923076923078	VIYARGTT:0.23076923076923078	LSGYSQGA:0.23076923076923078	TVIYARGT:0.23076923076923078	
