cluster number:22
CE5:12	CE5:12|3.1.1.74:2
QGGQLVHN:0.6666666666666666	GGQLVHNA:0.6666666666666666	YSQGGQLV:0.6666666666666666	GQLVHNAA:0.6666666666666666	SGYSQGGQ:0.6666666666666666	SQGGQLVH:0.6666666666666666	GYSQGGQL:0.6666666666666666	FARGTTET:0.3333333333333333	IFARGTTE:0.6666666666666666	QLVHNAAK:0.5	ICHTGDNI:0.25	MLPAATMA:0.25	RGTTETGT:0.25	ARGTTETG:0.25	CHTGDNIC:0.3333333333333333	LPAATMAK:0.25	LSLLLLPL:0.25	MSGYSQGG:0.25	IVMSGYSQ:0.3333333333333333	VMSGYSQG:0.4166666666666667	KIVMSGYS:0.3333333333333333	VIFGDPDN:0.4166666666666667	IFGDPDNG:0.4166666666666667	SAVIFGDP:0.25	TAAAAFVK:0.25	VIFARGTT:0.4166666666666667	VTVIFARG:0.4166666666666667	TVIFARGT:0.5	AVIFGDPD:0.3333333333333333	LVHNAAKL:0.25	VHNAAKLL:0.25	DVTVIFAR:0.25	ICHAGDNI:0.25	HAGDNICQ:0.25	CHAGDNIC:0.25	IICHAGDN:0.25	KIICHAGD:0.3333333333333333	
