cluster number:35
CE5:18	CE5:18|3.1.1.74:1
ILEGYSQG:0.5555555555555556	KGVFLIGN:0.2777777777777778	AVKGVFLI:0.5	CIYGDGVC:0.3333333333333333	TIINTRGT:0.2777777777777778	GYSQGAAA:0.8333333333333334	FILEGYSQ:0.5555555555555556	DAVKGVFL:0.3888888888888889	LEGYSQGA:0.8333333333333334	SYTIINTR:0.2222222222222222	DGVCDTTH:0.2777777777777778	INTRGTGE:0.3888888888888889	GAAATVNA:0.2777777777777778	GDGVCDTT:0.2777777777777778	VKGVFLIG:0.5	WVSKTLDV:0.2777777777777778	YTIINTRG:0.2777777777777778	VSKTLDVC:0.2777777777777778	GVCDTTHG:0.2777777777777778	CFILEGYS:0.5555555555555556	EGYSQGAA:0.7222222222222222	SQGAAATV:0.7222222222222222	ADFSQNSA:0.2777777777777778	QGAAATVN:0.2777777777777778	GVFLIGNP:0.2777777777777778	YGDGVCDT:0.2777777777777778	ECFILEGY:0.2222222222222222	IINTRGTG:0.2777777777777778	IYGDGVCD:0.3333333333333333	YSQGAAAT:0.8333333333333334	FRTMNSQI:0.2222222222222222	AGFRTMNS:0.3333333333333333	FGDGVCDT:0.2222222222222222	PSAGFRTM:0.3888888888888889	GVFLIGDP:0.2222222222222222	GFRTMNSQ:0.2222222222222222	KGVFLIGD:0.2222222222222222	AAATVNAL:0.2222222222222222	QGPSAGFR:0.3888888888888889	SAGFRTMN:0.5	GPSAGFRT:0.3888888888888889	RTMNSQIT:0.2222222222222222	VDGNGGKT:0.2777777777777778	DAVKGVIL:0.3333333333333333	DICIYGDG:0.2222222222222222	AVKGVILI:0.3333333333333333	ACNVDGNG:0.2777777777777778	EYDTVYPA:0.3888888888888889	AFDAVKGV:0.2222222222222222	LACNVDGN:0.2777777777777778	NLACNVDG:0.2222222222222222	YDTVYPAG:0.2777777777777778	ICIYGDGV:0.2222222222222222	FDAVKGVI:0.3333333333333333	DGNGGKTT:0.2777777777777778	VKGVILIG:0.3333333333333333	NVDGNGGK:0.2777777777777778	PNLACNVD:0.2222222222222222	CNVDGNGG:0.2777777777777778	IDTRGTGE:0.3888888888888889	FDAVKGVF:0.2222222222222222	IIDTRGTG:0.3888888888888889	RGTGELQG:0.2222222222222222	FAIKALQG:0.2777777777777778	VIIDTRGT:0.2222222222222222	GANFAIKA:0.2222222222222222	NFAIKALQ:0.2222222222222222	TCFILEGY:0.2222222222222222	ANFAIKAL:0.2222222222222222	MGANFAIK:0.2222222222222222	YVIIDTRG:0.2222222222222222	
