cluster number:25
CE5:94	CE5:94
NYPASYDF:0.2127659574468085	AADGANDA:0.44680851063829785	YAVNYPAS:0.22340425531914893	TRLVLGGY:0.3191489361702128	AAADGAND:0.4148936170212766	ADGANDAS:0.40425531914893614	RGTDEPPG:0.20212765957446807	VVFARGTD:0.2765957446808511	VFARGTDE:0.32978723404255317	LAAADGAN:0.4148936170212766	RLVLGGYS:0.3191489361702128	DFLAAADG:0.4574468085106383	VLGGYSQG:0.9148936170212766	LVLGGYSQ:0.5638297872340425	FARGTDEP:0.2553191489361702	LGGYSQGA:0.9148936170212766	ARGTDEPP:0.20212765957446807	FLAAADGA:0.4574468085106383	YPASYDFL:0.20212765957446807	VNYPASYD:0.2127659574468085	GGYSQGAA:0.9574468085106383	AVAVFGNP:0.24468085106382978	SQGAAVVD:0.22340425531914893	AAVAVFGN:0.24468085106382978	VAAVAVFG:0.22340425531914893	DIEVVFAR:0.2127659574468085	IEVVFARG:0.2127659574468085	AVFGNPSA:0.24468085106382978	GYSQGAAV:0.8297872340425532	EVVFARGT:0.5212765957446809	YSQGAAVV:0.24468085106382978	TYGVNYPA:0.22340425531914893	GDPICSDG:0.23404255319148937	VFGNPSAK:0.2127659574468085	FARGTGEP:0.20212765957446807	TKLVLGGY:0.24468085106382978	FGNPSGRA:0.2978723404255319	KDFLAAAD:0.20212765957446807	KLVLGGYS:0.24468085106382978	YSQGAAVI:0.5425531914893617	LFGNPSGR:0.2978723404255319	GNPSGRAG:0.2978723404255319	EPPGLGRV:0.23404255319148937	PPGLGRVG:0.23404255319148937	ADHVAAVA:0.20212765957446807	SQGAAVID:0.5212765957446809	VEVVFARG:0.22340425531914893	AAVIDIVT:0.26595744680851063	GAAVIDIV:0.26595744680851063	QGAAVIDI:0.2978723404255319	AVIDIVTA:0.26595744680851063	VIDIVTAA:0.26595744680851063	ALFGNPSG:0.23404255319148937	IDIVTAAP:0.26595744680851063	QGAAVIDV:0.20212765957446807	
