cluster number:59
GT25:12	GT25:12
KEMTPYVR:0.3333333333333333	QAARAFTQ:0.25	AYAVSQQG:0.25	AASDITAP:0.25	CTQAYAVS:0.3333333333333333	YPPHTRVV:0.25	SDITAPGG:0.25	VFAQAARA:0.25	FAQAARAF:0.25	WDVLWLGH:0.4166666666666667	PHTRVVHA:0.3333333333333333	DVLWLGHC:0.4166666666666667	AQAARAFT:0.25	YAVSQQGA:0.25	DITAPGGG:0.25	QQGARKLL:0.25	DLMLRDWC:0.25	QMQVFAQA:0.25	QPPLFSHH:0.25	ALILEDDA:0.4166666666666667	ILEDDADW:0.4166666666666667	TQAYAVSQ:0.25	LWLGHCGT:0.4166666666666667	TSALILED:0.25	AARAFTQP:0.25	EDDADWDV:0.25	AVSQQGAR:0.25	ITAPGGGF:0.25	TAPGGGFV:0.25	QVFAQAAR:0.25	VLWLGHCG:0.4166666666666667	ASDITAPG:0.25	VSQQGARK:0.25	GSWRAHMN:0.25	GAASDITA:0.3333333333333333	SQQGARKL:0.25	LMLRDWCD:0.25	PPHTRVVH:0.3333333333333333	MQVFAQAA:0.25	SALILEDD:0.3333333333333333	LEDDADWD:0.5	QAYAVSQQ:0.25	LILEDDAD:0.4166666666666667	LEDDVDWD:0.5	ILEDDVDW:0.5	ALILEDDV:0.4166666666666667	LILEDDVD:0.5	VCVTVQPP:0.25	PVCVTVQP:0.25	CVTVQPPL:0.25	FVINLPER:0.25	TVQPPLFS:0.25	VQPPLFSH:0.25	GKGAASDI:0.25	VTVQPPLF:0.25	KGAASDIT:0.25	EDDVDWDI:0.25	TALILEDD:0.4166666666666667	ETALILED:0.25	
