cluster number:62
GT25:6	GT25:6
AVLVLESD:0.5	EKGCWRAH:0.3333333333333333	PAVLVLES:0.5	LESDAAWD:0.3333333333333333	VLVLESDA:0.5	KGCWRAHA:0.3333333333333333	ESDAAWDV:0.3333333333333333	GCWRAHAN:0.6666666666666666	PHRHDRFD:0.6666666666666666	HRHDRFDA:0.6666666666666666	LNLPHRHD:0.5	FLNLPHRH:0.5	LPHRHDRF:0.6666666666666666	NLPHRHDR:0.8333333333333334	LESDAGWD:0.3333333333333333	KGCFRAHA:0.3333333333333333	MGRLNGGF:0.3333333333333333	TTGYLVSL:0.5	VLESDAGW:0.3333333333333333	LVSLSGAA:0.3333333333333333	LSGAARML:0.3333333333333333	DAMAIQAH:0.3333333333333333	NVWQHMLE:0.6666666666666666	AHANVWQH:0.6666666666666666	SGAARMLV:0.3333333333333333	GAARMLVR:0.3333333333333333	LVLESDAG:0.6666666666666666	RHDRFDAM:0.3333333333333333	WLARSGTW:0.3333333333333333	MAIQAHLS:0.3333333333333333	PDDPWLAR:0.5	HANVWQHM:0.6666666666666666	DPWLARSG:0.5	LARSGTWD:0.3333333333333333	ANVWQHML:0.6666666666666666	PWLARSGT:0.3333333333333333	RPIMGRLN:0.6666666666666666	DDPWLARS:0.6666666666666666	YLVSLSGA:0.3333333333333333	HDRFDAMA:0.3333333333333333	GRLNGGFR:0.3333333333333333	IMGRLNGG:0.3333333333333333	SLSGAARM:0.3333333333333333	GYLVSLSG:0.3333333333333333	DRFDAMAI:0.3333333333333333	RFDAMAIQ:0.3333333333333333	FRAHANVW:0.3333333333333333	CFRAHANV:0.3333333333333333	EKGCFRAH:0.3333333333333333	AMAIQAHL:0.3333333333333333	RAHANVWQ:0.6666666666666666	CTTGYLVS:0.5	VWQHMLEK:0.3333333333333333	VSLSGAAR:0.3333333333333333	TGYLVSLS:0.3333333333333333	GCFRAHAN:0.3333333333333333	PIMGRLNG:0.5	YDDPHAPS:0.3333333333333333	QIPAVLVL:0.3333333333333333	IPAVLVLE:0.3333333333333333	SNRTLGLD:0.3333333333333333	NRTLGLDS:0.3333333333333333	DPDDPWLA:0.3333333333333333	DVNLRPIM:0.3333333333333333	LRPIMGRL:0.5	ASNRTLGL:0.3333333333333333	DFALGRAW:0.3333333333333333	WRAHANVW:0.3333333333333333	NLRPIMGR:0.3333333333333333	VNLRPIMG:0.3333333333333333	AASNRTLG:0.5	ARLLVRSS:0.3333333333333333	VCTTGYLV:0.3333333333333333	KSGSNSDI:0.3333333333333333	EAASNRTL:0.3333333333333333	GKSGSNSD:0.3333333333333333	IGKSGSNS:0.3333333333333333	CWRAHANV:0.3333333333333333	RTLGLDSI:0.3333333333333333	GAARLLVR:0.3333333333333333	GIGKSGSN:0.3333333333333333	AARLLVRS:0.3333333333333333	VLESDAGF:0.3333333333333333	FINLPHRH:0.3333333333333333	LESDAGFD:0.3333333333333333	INLPHRHD:0.3333333333333333	
