cluster number:96
GT25:6	GT25:6
PKSQRKPG:0.3333333333333333	FFTPKSQR:0.3333333333333333	IGSGGNFF:0.3333333333333333	SGGNFFTP:0.3333333333333333	LEDDAVFG:0.3333333333333333	KSQRKPGQ:0.3333333333333333	QQSCALKH:0.3333333333333333	NFFTPKSQ:0.3333333333333333	DDAVFGKD:0.3333333333333333	VFGKDLKL:0.3333333333333333	EQGSKNGL:0.3333333333333333	DAVFGKDL:0.3333333333333333	GGNFFTPK:0.3333333333333333	QGSKNGLF:0.3333333333333333	GKDLKLGL:0.3333333333333333	GNFFTPKS:0.3333333333333333	ALILEDDA:0.5	GSGGNFFT:0.3333333333333333	TPKSQRKP:0.3333333333333333	QSCALKHV:0.3333333333333333	SALEADPP:0.3333333333333333	FGKDLKLG:0.3333333333333333	FTPKSQRK:0.3333333333333333	AVFGKDLK:0.3333333333333333	LILEDDAV:0.6666666666666666	EDDAVFGK:0.3333333333333333	ILEDDAVL:0.5	EDDAVLHP:0.3333333333333333	LEDDAVLH:0.3333333333333333	CYLSHIHI:0.3333333333333333	YLSHIHIY:0.3333333333333333	LSHIHIYE:0.3333333333333333	GCYLSHIH:0.3333333333333333	
