cluster number:103
CBM13:13	CBM13:13
ATPPAPVA:0.23076923076923078	CNGAANQV:0.23076923076923078	NGAANQVW:0.23076923076923078	DCNGAANQ:0.38461538461538464	GAAALTAP:0.3076923076923077	GAANQVWH:0.23076923076923078	WDCNGAAN:0.38461538461538464	DGTVRALG:0.3076923076923077	RALGKCLD:0.23076923076923078	ALGKCLDV:0.23076923076923078	GTVRALGK:0.3076923076923077	TVRALGKC:0.38461538461538464	MRRTAALL:0.23076923076923078	PRATPPAP:0.23076923076923078	ALLAGAAA:0.38461538461538464	TPVQIYDC:0.38461538461538464	PVQIYDCN:0.38461538461538464	ATALLAGA:0.23076923076923078	APRATPPA:0.23076923076923078	GTPVQIYD:0.23076923076923078	AGAAALTA:0.3076923076923077	LAGAAALT:0.3076923076923077	IWDCNGAA:0.38461538461538464	GTCTGLDP:0.23076923076923078	AAALTAPA:0.3076923076923077	RATPPAPV:0.23076923076923078	LLAGAAAL:0.38461538461538464	VQIYDCNG:0.46153846153846156	VRALGKCL:0.3076923076923077	ANQVWHLP:0.23076923076923078	AALTAPAA:0.3076923076923077	TALLAGAA:0.3076923076923077	LGIWDCNG:0.46153846153846156	CLDDLGFS:0.23076923076923078	QIYDCNGT:0.38461538461538464	GIWDCNGA:0.3076923076923077	NGNQLGIW:0.23076923076923078	NGTGAQQW:0.3076923076923077	QLGIWDCN:0.38461538461538464	QSGRCLDD:0.23076923076923078	SGRCLDDL:0.23076923076923078	NQLGIWDC:0.3076923076923077	GTGAQQWQ:0.3076923076923077	LDDLGFST:0.23076923076923078	YDCNGTGA:0.23076923076923078	GNQLGIWD:0.3076923076923077	CNGTGAQQ:0.3076923076923077	DCNGTGAQ:0.23076923076923078	PQSGRCLD:0.23076923076923078	GRCLDDLG:0.23076923076923078	NPQSGRCL:0.23076923076923078	RCLDDLGF:0.23076923076923078	GLDPMQTW:0.23076923076923078	SGRCLDVR:0.23076923076923078	CLDVRGGS:0.23076923076923078	DCLGNVNQ:0.23076923076923078	WDCLGNVN:0.23076923076923078	KCLDVRGG:0.3076923076923077	RADGSILN:0.23076923076923078	VRADGSIL:0.23076923076923078	ADGSILNP:0.23076923076923078	NKCLDVRG:0.23076923076923078	
