cluster number:187
CBM13:41	CBM13:41|GH43_26:31|GH43_5:3|GH43_10:2|GH97:1|CBM42:1
KSPNPVFQ:0.21951219512195122	PDGTEDWI:0.24390243902439024	GYYYLATT:0.24390243902439024	PVFQRSDA:0.24390243902439024	DGTEDWIV:0.24390243902439024	LGLLTLTG:0.21951219512195122	LYYVAGQN:0.24390243902439024	GCDMNRST:0.3170731707317073	YYYLATTT:0.24390243902439024	APGHNGFF:0.24390243902439024	KLGLLTLT:0.21951219512195122	DYKLGLLT:0.21951219512195122	TTWNSTIT:0.21951219512195122	PDYKLGLL:0.21951219512195122	DGTPNFGT:0.3902439024390244	WYLYYVAG:0.36585365853658536	LESAGTDP:0.21951219512195122	ACWGPDYK:0.2682926829268293	GPDYKLGL:0.21951219512195122	YYVAGQNV:0.24390243902439024	YKLGLLTL:0.21951219512195122	SGGCDMNR:0.2682926829268293	TWNSTITM:0.21951219512195122	TQRLHVLE:0.21951219512195122	MWAPEFHL:0.34146341463414637	YSASACWG:0.2682926829268293	GTPNFGTP:0.3902439024390244	ASACWGPD:0.2682926829268293	GTEDWIVY:0.24390243902439024	PYTFKADL:0.21951219512195122	WNSTITMR:0.21951219512195122	STRAQKFT:0.21951219512195122	TPNFGTPV:0.36585365853658536	WGPDYKLG:0.2682926829268293	RWYLYYVA:0.36585365853658536	ATTTWNST:0.2926829268292683	HVLESAGT:0.21951219512195122	VLESAGTD:0.21951219512195122	CDMNRSTR:0.3170731707317073	SASGGCDM:0.24390243902439024	SACWGPDY:0.2682926829268293	ASGGCDMN:0.24390243902439024	TEDWIVYH:0.24390243902439024	GTDPMGPY:0.21951219512195122	MNRSTRAQ:0.3170731707317073	LVNRNSGK:0.21951219512195122	SPNPVFQR:0.21951219512195122	SPDGTEDW:0.2926829268292683	NRSTRAQK:0.21951219512195122	CWGPDYKL:0.2682926829268293	TTTWNSTI:0.21951219512195122	YLYYVAGQ:0.2926829268292683	YYLATTTW:0.3170731707317073	DMNRSTRA:0.3170731707317073	VYSASACW:0.24390243902439024	SASACWGP:0.2682926829268293	RAQKFTWN:0.4634146341463415	GPYTFKAD:0.21951219512195122	LATTTWNS:0.2926829268292683	YLATTTWN:0.2926829268292683	PTQRLHVL:0.21951219512195122	RSTRAQKF:0.21951219512195122	NPTQRLHV:0.21951219512195122	TRAQKFTW:0.4146341463414634	GGCDMNRS:0.34146341463414637	FTWNADGT:0.5365853658536586	GRWYLYYV:0.24390243902439024	FTSPDGTE:0.3902439024390244	NGFFTSPD:0.4878048780487805	HNGFFTSP:0.5121951219512195	FFTSPDGT:0.4146341463414634	GHNGFFTS:0.4878048780487805	GFFTSPDG:0.4878048780487805	WIVYHAND:0.3170731707317073	TWNADGTP:0.5609756097560976	IVYHANDS:0.21951219512195122	VYHANDSA:0.21951219512195122	PGHNGFFT:0.4878048780487805	AQKFTWNA:0.36585365853658536	RLVNVATG:0.21951219512195122	NADGTPNF:0.3902439024390244	NWIVYHAN:0.21951219512195122	KFTWNADG:0.34146341463414637	ENWIVYHA:0.24390243902439024	QKFTWNAD:0.34146341463414637	NRNSGKCL:0.2682926829268293	ADGTPNFG:0.3902439024390244	WNADGTPN:0.4634146341463415	GPGHNGFF:0.4634146341463415	GVYGPGHN:0.34146341463414637	VYGPGHNG:0.4146341463414634	YGPGHNGF:0.4146341463414634	WIVYHANS:0.21951219512195122	
