cluster number:26
CBM43:11	CBM43:11
SDIACNFG:0.5454545454545454	TLLSHASF:0.2727272727272727	NALDWACG:0.6363636363636364	ACNFGGTA:0.45454545454545453	DWACGLGM:0.5454545454545454	WACGLGMA:0.5454545454545454	LLSHASFA:0.2727272727272727	ACGLGMAD:0.36363636363636365	ALDWACGL:0.5454545454545454	LQNALDWA:0.5454545454545454	LSHASFAF:0.2727272727272727	LDWACGLG:0.5454545454545454	DLQNALDW:0.5454545454545454	IACNFGGT:0.45454545454545453	NSDIACNF:0.5454545454545454	YQQNGNSD:0.2727272727272727	NGNSDIAC:0.5454545454545454	QNALDWAC:0.6363636363636364	GNSDIACN:0.5454545454545454	DIACNFGG:0.5454545454545454	SHASFAFN:0.45454545454545453	CGLGMADC:0.36363636363636365	GTTWCVAR:0.2727272727272727	LSPPEGNT:0.36363636363636365	PEGNTTFI:0.45454545454545453	SPPEGNTT:0.6363636363636364	GNTTFIDG:0.45454545454545453	TLSPPEGN:0.36363636363636365	EGNTTFID:0.45454545454545453	PPEGNTTF:0.6363636363636364	TWCVARPG:0.2727272727272727	TNGNSDIA:0.36363636363636365	PDTLLSHA:0.2727272727272727	FNSYYQTN:0.36363636363636365	AFNSYYQT:0.45454545454545453	FAFNSYYQ:0.36363636363636365	SQADLQNA:0.2727272727272727	QTNGNSDI:0.36363636363636365	HASFAFNS:0.36363636363636365	DGTTWCVA:0.36363636363636365	QADLQNAL:0.2727272727272727	YYQTNGNS:0.36363636363636365	MARGIVVQ:0.2727272727272727	SFAFNSYY:0.36363636363636365	ASFAFNSY:0.36363636363636365	YQTNGNSD:0.36363636363636365	NSYYQTNG:0.36363636363636365	GVSQADLQ:0.2727272727272727	ADLQNALD:0.2727272727272727	VSQADLQN:0.2727272727272727	SYYQTNGN:0.36363636363636365	DTLLSHAS:0.2727272727272727	AGVSQADL:0.2727272727272727	SHASYAFN:0.2727272727272727	TTFIDGTT:0.36363636363636365	TFIDGTTW:0.36363636363636365	NTTFIDGT:0.36363636363636365	FIDGTTWC:0.36363636363636365	IDGTTWCV:0.2727272727272727	
