cluster number:14
CBM43:27	CBM43:27
LQKTLDYA:0.4074074074074074	KTLDYACG:0.4074074074074074	HCSYAVNS:0.2962962962962963	TLDYACGA:0.4444444444444444	CDFAGTAT:0.2222222222222222	ACGAGADC:0.7407407407407407	LDYACGAG:0.5185185185185185	YACGAGAD:0.7407407407407407	DYACGAGA:0.7407407407407407	TTPVTTTP:0.25925925925925924	QKTLDYAC:0.4074074074074074	QRKGQAQG:0.25925925925925924	VRAHCNYA:0.2962962962962963	NTVRAHCN:0.2962962962962963	TVRAHCNY:0.25925925925925924	RAHCNYAV:0.2962962962962963	AVNSYFQR:0.2962962962962963	NYAVNSYF:0.4074074074074074	VNSYFQRK:0.2962962962962963	QPNTVRAH:0.2222222222222222	PNTVRAHC:0.4074074074074074	HCNYAVNS:0.6296296296296297	CFQPNTVR:0.2222222222222222	SYFQRKGQ:0.2962962962962963	AHCNYAVN:0.2962962962962963	YAVNSYFQ:0.48148148148148145	NSYFQRKG:0.2962962962962963	CNYAVNSY:0.5925925925925926	FQRKGQAQ:0.25925925925925924	YFQRKGQA:0.2962962962962963	FQPNTVRA:0.2222222222222222	NGPCFQPN:0.2222222222222222	PCFQPNTV:0.2222222222222222	ILQKTLDY:0.25925925925925924	GADCNPLH:0.25925925925925924	AGADCNPL:0.25925925925925924	GAGADCNP:0.2962962962962963	QAQGSCDF:0.2222222222222222	RKGQAQGS:0.2222222222222222	CGAGADCN:0.2962962962962963	GPCFQPNT:0.2222222222222222	KGQAQGSC:0.3333333333333333	GQAQGSCD:0.25925925925925924	GTGTGTGT:0.2962962962962963	DAILQKTL:0.2222222222222222	TGTGTGTG:0.3333333333333333	TTPTTGTP:0.25925925925925924	AILQKTLD:0.2222222222222222	VNSYFQKK:0.2222222222222222	SYFQKKGQ:0.2222222222222222	AVNSYFQK:0.2222222222222222	YFQKKGQA:0.2222222222222222	NSYFQKKG:0.2222222222222222	VNSYYQRK:0.2222222222222222	NTVKDHCN:0.2962962962962963	TVKDHCNY:0.2962962962962963	QKAIDYAC:0.25925925925925924	KDHCNYAV:0.3333333333333333	QPNTVKDH:0.2962962962962963	IDYACGAG:0.2222222222222222	LQKAIDYA:0.25925925925925924	VKDHCNYA:0.2962962962962963	PILQNGAC:0.2222222222222222	YAVNSYYQ:0.25925925925925924	AVNSYYQR:0.2222222222222222	KAIDYACG:0.25925925925925924	PNTVKDHC:0.3333333333333333	DHCNYAVN:0.3333333333333333	YCVCKDGV:0.2222222222222222	
