cluster number:2
CBM43:85	CBM43:85|GH17:79
YVAVGNEP:0.5764705882352941	VGNEPFLS:0.2	VAVGNEPF:0.6352941176470588	VVNIYPFL:0.2	VNIYPFLS:0.5764705882352941	GNFERHWG:0.611764705882353	PGNFERHW:0.6	NFERHWGI:0.4823529411764706	NIYPFLSL:0.6941176470588235	RYVAVGNE:0.3411764705882353	IRYVAVGN:0.3058823529411765	IYPFLSLY:0.611764705882353	SYAFNSYY:0.3058823529411765	FERHWGIF:0.5764705882352941	DIRYVAVG:0.21176470588235294	AVGNEPFL:0.7294117647058823	FVVNIYPF:0.2	YAFNSYYQ:0.3058823529411765	GEVGWPTD:0.5058823529411764	TNVFDANF:0.36470588235294116	GWPTDGDK:0.3411764705882353	FDTLVSAL:0.27058823529411763	EVGWPTDG:0.5058823529411764	APGNFERH:0.29411764705882354	DANFDTLV:0.35294117647058826	FDANFDTL:0.36470588235294116	GNASYAFN:0.4470588235294118	NVFDANFD:0.3764705882352941	VGWPTDGD:0.4	YTNVFDAN:0.4470588235294118	VFDANFDT:0.36470588235294116	PFLSLYGN:0.2235294117647059	ANFDTLVS:0.24705882352941178	YPFLSLYG:0.2235294117647059	NFDTLVSA:0.27058823529411763	VGNEPFLK:0.2235294117647059	VPLNADVY:0.36470588235294116	DCTALGYG:0.21176470588235294	KYVAVGNE:0.27058823529411763	VMVGIPND:0.2	KVKLFDAD:0.3764705882352941	FTVNIYPF:0.38823529411764707	YLFSLIDE:0.21176470588235294	NISYAFNS:0.2	GEIGWPTD:0.21176470588235294	EIGWPTDG:0.21176470588235294	EVMVAIPN:0.23529411764705882	KATVPLNA:0.25882352941176473	PFTVNIYP:0.3764705882352941	IKYVAVGN:0.25882352941176473	ATVPLNAD:0.25882352941176473	TVNIYPFL:0.3176470588235294	APFTVNIY:0.32941176470588235	VGEVGWPT:0.38823529411764707	VPSAGRFR:0.2	TVPLNADV:0.3411764705882353	NASYAFNM:0.24705882352941178	ASYAFNMY:0.23529411764705882	IVGEVGWP:0.2	LGYGSSCN:0.24705882352941178	PTDGDKNA:0.2	WPTDGDKN:0.2	
