cluster number:1
CBM43:139	CBM43:139|GH72:139|2.4.1.-:4
YGINMYEW:0.6330935251798561	PVFFSEFG:0.30935251798561153	LAYMYFEE:0.2158273381294964	LGFFAGNE:0.762589928057554	FFAGNEVT:0.6115107913669064	GINMYEWC:0.7769784172661871	GLAYMYFE:0.2158273381294964	GFFAGNEV:0.7841726618705036	FFSEFGCN:0.35251798561151076	INMYEWCG:0.7769784172661871	ASPFVKAA:0.37410071942446044	RPRPFTEV:0.2805755395683453	DFYGINMY:0.6330935251798561	NVLGFFAG:0.6258992805755396	YMYFEEEN:0.33093525179856115	FVKAAIRD:0.60431654676259	SPFVKAAI:0.302158273381295	TSGYRERT:0.20863309352517986	PFVKAAIR:0.38848920863309355	ADFYGINM:0.6115107913669064	VRPRPFTE:0.2517985611510791	VLGFFAGN:0.6258992805755396	AGNEVTND:0.3597122302158273	MYEWCGYS:0.2949640287769784	NMYEWCGY:0.2949640287769784	VFFSEFGC:0.30935251798561153	GGLAYMYF:0.2158273381294964	FAGNEVTN:0.7410071942446043	VWSGGLAY:0.20863309352517986	SGGLAYMY:0.2158273381294964	FYGINMYE:0.6330935251798561	WSGGLAYM:0.2158273381294964	FSEFGCNL:0.2014388489208633	RKIPVGYS:0.302158273381295	VLLDLSEP:0.20863309352517986	IPVGYSTN:0.22302158273381295	FIKGIAYQ:0.2446043165467626	LLDLSEPD:0.2014388489208633	KADFYGIN:0.41007194244604317	YVLLDLSE:0.20863309352517986	PVGYSTND:0.26618705035971224	LSLQLSKL:0.2014388489208633	QFFIKGIA:0.2446043165467626	VKADFYGI:0.31654676258992803	VGYSTNDD:0.2589928057553957	DVKADFYG:0.31654676258992803	FFIKGIAY:0.2446043165467626	SLQLSKLY:0.2014388489208633	KLSLQLSK:0.2014388489208633	IVYMYFEE:0.4028776978417266	NNGSQFYI:0.2014388489208633	PIFFSEYG:0.2158273381294964	TDVWSGGI:0.5107913669064749	PVGYSSND:0.4172661870503597	FYSNNGSQ:0.381294964028777	DASPFVKA:0.2014388489208633	MTDVWSGG:0.5251798561151079	DAGIYVIA:0.2589928057553957	YTNVLGFF:0.26618705035971224	SNNGSQFY:0.3669064748201439	VWSGGIVY:0.60431654676259	CSRDIPYL:0.2014388489208633	AGNEVTNN:0.2949640287769784	FVKAAVRD:0.2158273381294964	KFFYSNNG:0.41007194244604317	IPVGYSSN:0.39568345323741005	IFFSEYGC:0.2158273381294964	ADYFACGD:0.33093525179856115	FFSEYGCN:0.5755395683453237	NTDASPFV:0.20863309352517986	YSNNGSQF:0.381294964028777	TNVLGFFA:0.26618705035971224	WSGGIVYM:0.5467625899280576	VGYSSNDD:0.41007194244604317	GIVYMYFE:0.4028776978417266	GGIVYMYF:0.4676258992805755	DVWSGGIV:0.5107913669064749	IYVIADLS:0.30935251798561153	AGIYVIAD:0.28776978417266186	NYTNVLGF:0.2446043165467626	FFYSNNGS:0.38848920863309355	GYSSNDDE:0.22302158273381295	NKFFYSNN:0.4028776978417266	GNKFFYSN:0.39568345323741005	GIYVIADL:0.302158273381295	TDASPFVK:0.2014388489208633	SGGIVYMY:0.5467625899280576	SEYGCNEV:0.3669064748201439	NTDASAFV:0.2446043165467626	ASAFVKAA:0.35251798561151076	FSEYGCNE:0.41007194244604317	DASAFVKA:0.2733812949640288	AFVKAAIR:0.2158273381294964	TDASAFVK:0.2446043165467626	SAFVKAAI:0.2158273381294964	TNVIRVYA:0.26618705035971224	VGNKFFYS:0.2805755395683453	PVFFSEYG:0.2589928057553957	VFFSEYGC:0.2589928057553957	SSSSSSSS:0.2014388489208633	IPVFFSEY:0.2158273381294964	
