cluster number:16
CBM43:11	CBM43:11
FGGTGAYG:0.2727272727272727	VCSYICNS:0.45454545454545453	GMGATCDF:0.36363636363636365	ALSPPFGG:0.36363636363636365	NSYYQSRS:0.45454545454545453	TGAGTGMG:0.2727272727272727	TDPSSGTC:0.45454545454545453	DAAFCVCK:0.45454545454545453	YICNSYYQ:0.45454545454545453	TCKFASGP:0.2727272727272727	MGAGAGTG:0.2727272727272727	GATCDFNG:0.36363636363636365	ATCDFNGV:0.36363636363636365	AGSTDYND:0.2727272727272727	GMGAGAGT:0.2727272727272727	GGTGAYGP:0.2727272727272727	ATLTGTDP:0.2727272727272727	LTGTDPSS:0.2727272727272727	CSYICNSY:0.45454545454545453	GTGAGTGM:0.2727272727272727	CDFNGVAT:0.2727272727272727	NGVATLTG:0.2727272727272727	DFNGVATL:0.2727272727272727	PSSGTCKF:0.2727272727272727	NKVAVCSY:0.45454545454545453	PCYGNGNK:0.45454545454545453	DPSSGTCK:0.6363636363636364	SPPFGGTG:0.2727272727272727	GTDPSSGT:0.2727272727272727	GAGSTDYN:0.2727272727272727	SSGTCKFA:0.2727272727272727	GSTDYNDA:0.2727272727272727	PPFGGTGA:0.2727272727272727	GNGNKVAV:0.45454545454545453	VATLTGTD:0.2727272727272727	GALSPPFG:0.2727272727272727	KVAVCSYI:0.45454545454545453	KFASGPSS:0.2727272727272727	GVATLTGT:0.2727272727272727	SYICNSYY:0.45454545454545453	YGNGNKVA:0.45454545454545453	GTGAGAGT:0.36363636363636365	SDAAFCVC:0.2727272727272727	CKFASGPS:0.2727272727272727	GTCKFASG:0.2727272727272727	SGTCKFAS:0.2727272727272727	GNKVAVCS:0.45454545454545453	NGNKVAVC:0.45454545454545453	VAVCSYIC:0.45454545454545453	GAPCYGNG:0.45454545454545453	FNGVATLT:0.2727272727272727	TGTDPSSG:0.2727272727272727	TLTGTDPS:0.2727272727272727	AGTGAGTG:0.2727272727272727	APCYGNGN:0.45454545454545453	PLLLLLLL:0.2727272727272727	ICNSYYQS:0.45454545454545453	AVCSYICN:0.45454545454545453	CNSYYQSR:0.45454545454545453	TGAGAGTG:0.36363636363636365	KGAPCYGN:0.45454545454545453	PFGGTGAY:0.2727272727272727	LSPPFGGT:0.2727272727272727	CYGNGNKV:0.45454545454545453	TCDFNGVA:0.36363636363636365	GAGTGAGT:0.2727272727272727	SSGTCKYP:0.36363636363636365	GATCDFGG:0.36363636363636365	GTCKYPAT:0.36363636363636365	PSSGTCKY:0.36363636363636365	VVAHCSYA:0.36363636363636365	SGTCKYPA:0.36363636363636365	CKYPATAS:0.36363636363636365	FLLLLLLA:0.45454545454545453	KYPATASA:0.2727272727272727	KGATCDFG:0.2727272727272727	TCKYPATA:0.36363636363636365	SVVAHCSY:0.36363636363636365	CAKGADCA:0.2727272727272727	CVCKTGVP:0.2727272727272727	MAAPLFLL:0.2727272727272727	AAIDYACA:0.2727272727272727	SKGAPCYG:0.2727272727272727	VPDQAMQA:0.2727272727272727	GVPDQAMQ:0.2727272727272727	AKGADCAS:0.2727272727272727	AFCVCKTG:0.2727272727272727	LLLLLAMF:0.2727272727272727	SASKGAPC:0.2727272727272727	AAPLFLLL:0.2727272727272727	LLLLLLAM:0.36363636363636365	QAAIDYAC:0.2727272727272727	APLFLLLL:0.2727272727272727	ACAKGADC:0.2727272727272727	IDYACAKG:0.2727272727272727	MQAAIDYA:0.2727272727272727	YYQSRSAT:0.2727272727272727	CKTGVPDQ:0.2727272727272727	DQAMQAAI:0.2727272727272727	LFLLLLLL:0.2727272727272727	CASASKGA:0.2727272727272727	TGVPDQAM:0.2727272727272727	PLFLLLLL:0.2727272727272727	LLLAMFTG:0.2727272727272727	AIDYACAK:0.2727272727272727	PDQAMQAA:0.2727272727272727	YQSRSATG:0.2727272727272727	DYACAKGA:0.2727272727272727	ASKGAPCY:0.2727272727272727	VCKTGVPD:0.2727272727272727	FCVCKTGV:0.2727272727272727	YACAKGAD:0.2727272727272727	ASASKGAP:0.2727272727272727	QAMQAAID:0.2727272727272727	LLAMFTGS:0.2727272727272727	AAFCVCKT:0.2727272727272727	ADCASASK:0.2727272727272727	AMQAAIDY:0.2727272727272727	KGADCASA:0.2727272727272727	DCASASKG:0.2727272727272727	GADCASAS:0.2727272727272727	SYYQSRSA:0.2727272727272727	KTGVPDQA:0.2727272727272727	LLLLAMFT:0.2727272727272727	QKAIDYAC:0.2727272727272727	VGTGAGTG:0.2727272727272727	MQKAIDYA:0.2727272727272727	AMQKAIDY:0.2727272727272727	GVGTGAGT:0.2727272727272727	STGTGTGV:0.2727272727272727	GTGTSTGT:0.2727272727272727	GTGTGTST:0.2727272727272727	TGTSTGTG:0.2727272727272727	GTSTGTGT:0.2727272727272727	
