cluster number:13
CBM43:11	CBM43:11
FGSVPPSP:0.2727272727272727	TVPDPIIQ:0.45454545454545453	KPTVPDPI:0.5454545454545454	CVAKPTVP:0.45454545454545453	PVPPSFEP:0.2727272727272727	YACGSGAE:0.2727272727272727	DQGQGGGG:0.2727272727272727	STTPNSPP:0.2727272727272727	VNPPDAPS:0.2727272727272727	GDQGQGGG:0.2727272727272727	AMDYACGS:0.5454545454545454	GPPASTTP:0.2727272727272727	GAGQTLWC:0.2727272727272727	AKPTVPDP:0.5454545454545454	DYACGSGA:0.5454545454545454	PIIQEAMD:0.45454545454545453	ASFAFNSY:0.2727272727272727	VPPSFEPS:0.2727272727272727	PGAGQTLW:0.2727272727272727	LFKLNFIR:0.2727272727272727	EAMDYACG:0.5454545454545454	PPITPVPP:0.2727272727272727	PPSFEPSP:0.2727272727272727	IQEAMDYA:0.45454545454545453	GSVPPSPI:0.2727272727272727	NSPFCVNP:0.2727272727272727	GGPFQPPI:0.2727272727272727	PPIVYPPP:0.2727272727272727	MDYACGSG:0.5454545454545454	WCVAKPTV:0.45454545454545453	TTPNSPPQ:0.2727272727272727	PTVPDPII:0.45454545454545453	QEAMDYAC:0.5454545454545454	CDSILPSG:0.2727272727272727	AGQTLWCV:0.2727272727272727	GGGDQGQG:0.2727272727272727	DPIIQEAM:0.6363636363636364	VAKPTVPD:0.45454545454545453	PFCVNPPD:0.2727272727272727	FAFNSYWQ:0.2727272727272727	GQTLWCVA:0.2727272727272727	PFGSVPPS:0.2727272727272727	ACGSGAEC:0.2727272727272727	YPPPLAPP:0.2727272727272727	PSFEPSPP:0.2727272727272727	LWCVAKPT:0.36363636363636365	HASFAFNS:0.2727272727272727	VPDPIIQE:0.6363636363636364	PPASTTPN:0.2727272727272727	GGDQGQGG:0.2727272727272727	IIQEAMDY:0.45454545454545453	ASTTPNSP:0.2727272727272727	CVNPPDAP:0.2727272727272727	PDPIIQEA:0.6363636363636364	FKLNFIRT:0.2727272727272727	TPVPPSFE:0.2727272727272727	ITPVPPSF:0.2727272727272727	LPPITPVP:0.2727272727272727	SFAFNSYW:0.2727272727272727	QTLWCVAK:0.2727272727272727	SPFCVNPP:0.2727272727272727	NFIRTVEP:0.2727272727272727	GGGQGQGG:0.2727272727272727	PASTTPNS:0.2727272727272727	LNFIRTVE:0.2727272727272727	SVPPSPIV:0.2727272727272727	PITPVPPS:0.2727272727272727	KLNFIRTV:0.2727272727272727	FCVNPPDA:0.2727272727272727	TLWCVAKP:0.36363636363636365	DFGGTAML:0.36363636363636365	AHASYAFN:0.5454545454545454	SYAFNSYW:0.5454545454545454	PPVVFPPP:0.2727272727272727	WCVAKPSV:0.36363636363636365	AMLITKDP:0.2727272727272727	FNSYWQRT:0.36363636363636365	LPPVVFPP:0.2727272727272727	CVAKPSVP:0.36363636363636365	MLITKDPS:0.2727272727272727	ACGSGADC:0.36363636363636365	TCDFGGTA:0.5454545454545454	YAFNSYWQ:0.5454545454545454	HASYAFNS:0.5454545454545454	YACGSGAD:0.2727272727272727	ASYAFNSY:0.5454545454545454	AFNSYWQR:0.45454545454545453	NSYWQRTK:0.45454545454545453	CDFGGTAM:0.36363636363636365	GTCDFGGT:0.36363636363636365	GGTCDFGG:0.36363636363636365	FGGTAMLV:0.2727272727272727	
