cluster number:23
CBM43:52	CBM43:52|GH72:49|2.4.1.-:3
FFAEYGCN:0.6346153846153846	YSVPVFFA:0.38461538461538464	VPVFFAEY:0.5	FSGGIVYM:0.23076923076923078	VFFAEYGC:0.5576923076923077	YVKAAVRD:0.21153846153846154	VIGFFAGN:0.34615384615384615	AGIYVISD:0.28846153846153844	NVIGFFAG:0.34615384615384615	IDFWGYNI:0.34615384615384615	PVFFAEYG:0.5576923076923077	NYSVPVFF:0.25	GFFAGNEV:0.7692307692307693	FAGNEVSN:0.46153846153846156	GIYVISDL:0.28846153846153844	VFSGGIVY:0.23076923076923078	YNIYEWCG:0.23076923076923078	DFWGYNIY:0.40384615384615385	SVPVFFAE:0.38461538461538464	FFAGNEVS:0.5	AYVKAAVR:0.21153846153846154	IGFFAGNE:0.40384615384615385	GGIVYMYF:0.6923076923076923	IYVISDLS:0.2692307692307692	GYNIYEWC:0.23076923076923078	SGGIVYMY:0.75	KAAVRDTK:0.3076923076923077	AFVKAAVR:0.5384615384615384	EANDYGLV:0.3076923076923077	GYNIYSWC:0.5384615384615384	SAFVKAAV:0.4807692307692308	FVKAAVRD:0.5384615384615384	VYMYFQEA:0.3269230769230769	GIVYMYFQ:0.5384615384615384	ASAFVKAA:0.46153846153846156	YGAYSMCS:0.23076923076923078	YNIYSWCG:0.5192307692307693	FQEANDYG:0.25	IVYMYFQE:0.5192307692307693	FAEYGCNE:0.25	YFQEANDY:0.25	DAGIYVIS:0.23076923076923078	WGYNIYSW:0.4807692307692308	YMYFQEAN:0.36538461538461536	QEANDYGL:0.28846153846153844	VKAAVRDT:0.3076923076923077	MYFQEAND:0.28846153846153844	MKGVAYQQ:0.21153846153846154	RDMKAYIK:0.25	AAVRDMKA:0.21153846153846154	LGFFAGNE:0.2692307692307692	VKAAVRDM:0.3076923076923077	VRDMKAYI:0.21153846153846154	IKGSKFFY:0.28846153846153844	KAAVRDMK:0.3076923076923077	AVRDMKAY:0.21153846153846154	SIDFWGYN:0.25	VWSGGIVY:0.5	GVGYATND:0.3076923076923077	VGYATNDD:0.34615384615384615	WSGGIVYM:0.46153846153846156	AGIYVIAD:0.23076923076923078	GIYVIADL:0.23076923076923078	FWGYNIYS:0.3269230769230769	NIYSWCGD:0.3076923076923077	YSWCGDSS:0.2692307692307692	IYSWCGDS:0.3076923076923077	DVWSGGIV:0.21153846153846154	
