cluster number:6
CBM43:31	CBM43:31|GH17:26
AHASYAFN:0.5483870967741935	ETGWPSKG:0.3870967741935484	GQTWCVAN:0.3225806451612903	ASYAFNSY:0.5483870967741935	LNVYLFAL:0.3548387096774194	TGWPSKGD:0.3870967741935484	SYAFNSYY:0.45161290322580644	YNGNLVRR:0.25806451612903225	YLFALFNE:0.5483870967741935	PLNVYLFA:0.3548387096774194	GGADCRPI:0.4838709677419355	NQKPGPTS:0.25806451612903225	GWPSKGDE:0.22580645161290322	VSETGWPS:0.25806451612903225	LFNENQKP:0.2903225806451613	ENQKPGPT:0.25806451612903225	NAAAYNGN:0.3225806451612903	NYGLFYPN:0.3870967741935484	AYNGNLVR:0.22580645161290322	VYLFALFN:0.5483870967741935	EPLNVYLF:0.3225806451612903	AAAYNGNL:0.3225806451612903	GAAYVVTQ:0.25806451612903225	QTWCVANG:0.3225806451612903	QKPGPTSE:0.25806451612903225	YGLFYPNE:0.3870967741935484	LFALFNEN:0.7419354838709677	NVYLFALF:0.3548387096774194	ALFNENQK:0.5483870967741935	FALFNENQ:0.5483870967741935	AFNSYYQK:0.5806451612903226	HASYAFNS:0.5483870967741935	FNENQKPG:0.2903225806451613	GADCRPIQ:0.4838709677419355	NENQKPGP:0.2903225806451613	AAYNGNLV:0.2903225806451613	FNSYYQKN:0.2903225806451613	YAFNSYYQ:0.45161290322580644	ADCRPIQP:0.3548387096774194	CGEGGADC:0.6451612903225806	LMVNAYPF:0.3548387096774194	QKTGPTSE:0.25806451612903225	NAYPFFAY:0.3870967741935484	SSPIALSA:0.25806451612903225	ACGEGGAD:0.6451612903225806	NTLEAHAS:0.2903225806451613	FDAQIDAV:0.25806451612903225	AVGNEVFV:0.4838709677419355	TLEAHASY:0.2903225806451613	GNEVFVDP:0.3870967741935484	FNSYYQKK:0.22580645161290322	LFDAQIDA:0.25806451612903225	PNTLEAHA:0.2903225806451613	FLFALFNE:0.22580645161290322	ENQKTGPT:0.25806451612903225	QIDAVFAA:0.25806451612903225	NENQKTGP:0.25806451612903225	CYNPNTLE:0.25806451612903225	LFNENQKT:0.25806451612903225	NPNTLEAH:0.25806451612903225	FNENQKTG:0.25806451612903225	YACGEGGA:0.5161290322580645	TGWPSAGD:0.22580645161290322	ISLDYALF:0.4838709677419355	LEAHASYA:0.3548387096774194	MVNAYPFF:0.3548387096774194	NQKTGPTS:0.25806451612903225	SPIALSAL:0.25806451612903225	DAQIDAVF:0.25806451612903225	VNAYPFFA:0.3870967741935484	AQIDAVFA:0.25806451612903225	EAHASYAF:0.3548387096774194	EPVIKPML:0.22580645161290322	VGNEVFVD:0.45161290322580644	ETGWPSAG:0.22580645161290322	YNPNTLEA:0.25806451612903225	EAIAVGNE:0.22580645161290322	SERNYGLF:0.5483870967741935	LDYACGEG:0.5161290322580645	PGPTSERN:0.3225806451612903	AIAVGNEV:0.2903225806451613	YLMVNAYP:0.2903225806451613	PIQPGATC:0.2903225806451613	VTETGWPS:0.45161290322580644	DCRPIQPG:0.2903225806451613	KPGPTSER:0.3225806451612903	LVKRVLTG:0.2903225806451613	GPTSERNY:0.5483870967741935	EGGADCRP:0.45161290322580644	TSERNYGL:0.5161290322580645	IAVGNEVF:0.5161290322580645	GDENEIGA:0.25806451612903225	GEGGADCR:0.5161290322580645	DYACGEGG:0.45161290322580644	GLVKRVLT:0.25806451612903225	RPIQPGAT:0.25806451612903225	SYLMVNAY:0.2903225806451613	CRPIQPGA:0.2903225806451613	IQPGATCY:0.2903225806451613	IEAIAVGN:0.22580645161290322	PTSERNYG:0.5483870967741935	RNYGLFYP:0.5161290322580645	ALDYACGE:0.3225806451612903	ERNYGLFY:0.5161290322580645	ANAAAYNG:0.25806451612903225	VGQTWCVA:0.25806451612903225	LVVTETGW:0.22580645161290322	LTGNGTPL:0.22580645161290322	TWCVANGK:0.22580645161290322	YNGGLVKR:0.22580645161290322	VLTGNGTP:0.22580645161290322	AAAYNGGL:0.22580645161290322	AYNGGLVK:0.22580645161290322	NAAAYNGG:0.22580645161290322	TGPTSERN:0.22580645161290322	NGGLVKRV:0.22580645161290322	VVTETGWP:0.3548387096774194	KTGPTSER:0.22580645161290322	AAYNGGLV:0.22580645161290322	GGLVKRVL:0.22580645161290322	AALDYACG:0.2903225806451613	SLDYALFR:0.2903225806451613	LQAALDYA:0.2903225806451613	QAALDYAC:0.2903225806451613	QTGSYLMV:0.2903225806451613	GSYLMVNA:0.22580645161290322	VISLDYAL:0.22580645161290322	TGSYLMVN:0.3548387096774194	DVISLDYA:0.22580645161290322	GINYGRVA:0.22580645161290322	
