cluster number:19
CBM43:26	CBM43:26|GH17:24|3.2.1.39:2
TIDRVKLF:0.23076923076923078	ENQKPGPI:0.23076923076923078	GTPLMPNR:0.46153846153846156	LGYGDVDI:0.23076923076923078	TTIDRVKL:0.23076923076923078	GKGTPLMP:0.4230769230769231	KGTPLMPN:0.3076923076923077	NQKPGPIA:0.23076923076923078	IDRVKLFD:0.23076923076923078	GYGDVDIA:0.23076923076923078	QKPGPIAE:0.23076923076923078	PDFTPVYD:0.34615384615384615	NINYVCSQ:0.23076923076923078	IFALFNEN:0.3076923076923077	PFHPQTKI:0.23076923076923078	MNAYYQAN:0.34615384615384615	TYIFALFN:0.23076923076923078	NAYYQANG:0.34615384615384615	NPYPYFGY:0.3076923076923077	ETYIFALF:0.23076923076923078	WCVPKADA:0.23076923076923078	VNPYPYFG:0.4230769230769231	KWCVPKAD:0.23076923076923078	VGETGWPS:0.2692307692307692	NPDILRAF:0.3076923076923077	MVNPYPYF:0.5384615384615384	KVTTAHSL:0.2692307692307692	PDILRAFA:0.3076923076923077	YIFALFNE:0.2692307692307692	AERNWGLF:0.4230769230769231	FMVNPYPY:0.4230769230769231	TKSPFMVN:0.2692307692307692	GVDCKPIQ:0.2692307692307692	PFMVNPYP:0.46153846153846156	KSPFMVNP:0.2692307692307692	SPFMVNPY:0.3076923076923077	ERNWGLFR:0.3076923076923077	GGKWCVAK:0.2692307692307692	GKWCVAKS:0.23076923076923078	AIGVNYGT:0.23076923076923078	GVNYGTLG:0.34615384615384615	TAERNWGL:0.2692307692307692	SAMKALGY:0.23076923076923078	MKALGYGD:0.23076923076923078	IGVNYGTL:0.5	KALGYGDV:0.23076923076923078	VNYGTLGN:0.3076923076923077	AMKALGYG:0.23076923076923078	FTPVYDVG:0.23076923076923078	SIGVNYGT:0.3076923076923077	ATDAQLQS:0.23076923076923078	TDAQLQSN:0.23076923076923078	DAQLQSNI:0.23076923076923078	EATDAQLQ:0.23076923076923078	NIDYVCSQ:0.23076923076923078	KKWCVPKA:0.23076923076923078	
