cluster number:10
CBM43:11	CBM43:11
CGYGGADC:0.45454545454545453	ADCSAIQP:0.45454545454545453	GADCSAIQ:0.45454545454545453	QLDDVPIV:0.2727272727272727	LDDVPIVN:0.2727272727272727	GYGGADCS:0.36363636363636365	IQPGASCY:0.2727272727272727	YGGADCSA:0.36363636363636365	ALDYACGY:0.7272727272727273	LDYACGYG:0.7272727272727273	GGADCSAI:0.45454545454545453	TPTTTTPT:0.2727272727272727	YACGYGGA:0.45454545454545453	DYACGYGG:0.6363636363636364	SAIQPGAS:0.2727272727272727	AIQPGASC:0.2727272727272727	QKNPVPTS:0.36363636363636365	DDVPIVNP:0.2727272727272727	KNPVPTSC:0.36363636363636365	ACGYGGAD:0.45454545454545453	DCSAIQPG:0.7272727272727273	CSAIQPGA:0.2727272727272727	RDHASYAF:0.36363636363636365	NTLRDHAS:0.2727272727272727	DHASYAFN:0.36363636363636365	TLRDHASY:0.2727272727272727	AFNSYYQK:0.2727272727272727	PNTLRDHA:0.2727272727272727	FNKYYQKN:0.2727272727272727	TDCSAIQP:0.2727272727272727	PGGSCYNP:0.2727272727272727	QPGGSCYN:0.2727272727272727	PVPNSCNF:0.2727272727272727	NKYYQKNP:0.2727272727272727	VALDYACG:0.5454545454545454	VPNSCNFG:0.2727272727272727	KNPVPNSC:0.2727272727272727	CSAIQPGG:0.36363636363636365	SAIQPGGS:0.2727272727272727	AFNKYYQK:0.2727272727272727	YYQKNPVP:0.5454545454545454	NPVPNSCN:0.2727272727272727	IQPGGSCY:0.36363636363636365	KYYQKNPV:0.2727272727272727	DHASFAFN:0.2727272727272727	QVALDYAC:0.5454545454545454	YQKNPVPN:0.2727272727272727	LQVALDYA:0.5454545454545454	PNSCNFGG:0.2727272727272727	QRDITTPI:0.2727272727272727	GGSCYNPN:0.2727272727272727	AIQPGGSC:0.36363636363636365	QKNPVPNS:0.2727272727272727	ALQVALDY:0.2727272727272727	YQKNPVPT:0.2727272727272727	
