cluster number:8
GH13:541	GH13_5:535|3.2.1.1:34|CBM20:11|GH13:5|3.2.1.98:2|3.2.1.-:2|CBM41:1|CBM48:1|GH13_14:1|3.2.1.41:1
VTFVDNHD:0.5489833641404805	QYFEWYLP:0.26062846580406657	KGTVRTKY:0.49168207024029575	VGYGVYDL:0.2643253234750462	MQYFEWYL:0.26247689463955637	QKGTVRTK:0.49168207024029575	GEFDQKGT:0.25693160813308685	AYALILLR:0.2957486136783734	YDLFDLGE:0.24029574861367836	DLFDLGEF:0.24029574861367836	DVGYGVYD:0.3826247689463956	DVVLNHKA:0.2199630314232902	DLGEFDQK:0.43253234750462105	LGEFDQKG:0.41589648798521256	FYGDYYGI:0.43253234750462105	FVDNHDTQ:0.2735674676524954	AVTFVDNH:0.43807763401109057	GTVRTKYG:0.5083179297597042	TFVDNHDT:0.3179297597042514	PLAYAFIL:0.3364140480591497	LAYAFILT:0.26247689463955637	AYAFILTR:0.26062846580406657	FKPLAYAF:0.33826247689463956	CVFYGDYY:0.2199630314232902	KPLAYAFI:0.3364140480591497	WFKPLAYA:0.41589648798521256	PCVFYGDY:0.24953789279112754	VNGGSVSV:0.2088724584103512	VFYGDYYG:0.4177449168207024	NYDYLMYA:0.4713493530499076	QPGQSLES:0.2643253234750462	ENGNYDYL:0.45471349353049906	GYGAYDLY:0.2365988909426987	WIPPAYKG:0.24584103512014788	TKYGTKAQ:0.2033271719038817	YDLGEFNQ:0.2643253234750462	GKAWDWEV:0.33826247689463956	FTVAEYWQ:0.21811460258780038	YDLYDLGE:0.5397412199630314	WYHFDGTD:0.2144177449168207	GAYDLYDL:0.2365988909426987	FRLDAVKH:0.4399260628465804	MFTVAEYW:0.21626617375231053	RLDAVKHI:0.4658040665434381	VGYGAYDL:0.24029574861367836	LDAVKHID:0.2735674676524954	DVIGWTRE:0.23105360443622922	GTLMQYFE:0.20517560073937152	IGWTREGD:0.23290203327171904	GNYDYLMY:0.49353049907578556	DVGYGAYD:0.24029574861367836	KAWDWEVS:0.2809611829944547	DLYDLGEF:0.5341959334565619	AWDWEVSS:0.21811460258780038	TVRTKYGT:0.3844731977818854	KEMFTVAE:0.2088724584103512	RTKYGTKA:0.24029574861367836	EFNQKGTV:0.24584103512014788	AYDLYDLG:0.24029574861367836	NQKGTVRT:0.2365988909426987	NGNYDYLM:0.45286506469500926	LMYADLDF:0.2199630314232902	YGAYDLYD:0.2365988909426987	LMQYFEWY:0.3290203327171904	DYLMYADL:0.33271719038817005	GFRLDAVK:0.4510166358595194	VIGWTREG:0.23105360443622922	YHFDGTDW:0.21256931608133087	DGFRLDAV:0.3049907578558225	IPPAYKGT:0.22365988909426987	HFDGTDWD:0.21811460258780038	GEFNQKGT:0.27911275415896486	LDGFRLDA:0.21811460258780038	TVAEYWQN:0.21626617375231053	LYDLGEFN:0.24399260628465805	VTLVENHD:0.20702402957486138	LGEFNQKG:0.30868761552680224	DLGEFNQK:0.3123844731977819	VWIPPAYK:0.25693160813308685	GKEMFTVA:0.20702402957486138	FNQKGTVR:0.2365988909426987	YDYLMYAD:0.4676524953789279	AVTLVENH:0.20702402957486138	YLMYADLD:0.33271719038817005	VRTKYGTK:0.4824399260628466	TGKEMFTV:0.20702402957486138	WDWEVSSE:0.2199630314232902	EMFTVAEY:0.2088724584103512	TLMQYFEW:0.33826247689463956	WHWYHFTG:0.20517560073937152	RLDAIKHI:0.2513863216266174	YDLGEFDQ:0.3179297597042514	FVDNHDSQ:0.25508317929759705	TFVDNHDS:0.2476894639556377	
