cluster number:20
GH13:657	GH13_23:638|GH13_17:11|GH13:4|3.2.1.20:3|GH13_16:2|GH13_36:1|GH13_31:1|2.4.1.-:1
DWYVWADP:0.4216133942161339	AIWLSPFF:0.2176560121765601	VDGFRLDA:0.2846270928462709	PMKDFGYD:0.3789954337899543	YQGEELGL:0.6727549467275494	PFFTSPMK:0.2252663622526636	NGDGVGDL:0.2161339421613394	VIYQVYPR:0.2420091324200913	GVDGFRLD:0.7595129375951294	SQPDLNFH:0.3561643835616438	ADWYVWAD:0.6681887366818874	VDAIWLSP:0.2526636225266362	FTSPMKDF:0.2313546423135464	GCRTPMPW:0.3409436834094368	TSPMKDFG:0.2313546423135464	WPEFKGRD:0.2694063926940639	KADWYVWA:0.5829528158295282	SPFFTSPM:0.3744292237442922	WYVWADPK:0.2374429223744292	QYYLHNFL:0.5692541856925418	PEFKGRDG:0.2694063926940639	KGRDGCRT:0.7534246575342466	GRDGCRTP:0.7853881278538812	EFKGRDGC:0.2633181126331811	IYQVYPRS:0.2572298325722983	MKDFGYDV:0.2785388127853881	DGCRTPMP:0.3409436834094368	GEELGLPE:0.2800608828006088	FWPEFKGR:0.228310502283105	QGEELGLP:0.3378995433789954	DAIWLSPF:0.2207001522070015	EELGLPEA:0.2724505327245053	YQVYPRSF:0.2557077625570776	WADPKPDG:0.2161339421613394	FKGRDGCR:0.6362252663622526	SPMKDFGY:0.3789954337899543	FFTSPMKD:0.2252663622526636	VWADPKPD:0.2161339421613394	RDGCRTPM:0.6864535768645358	GFRLDTVN:0.2054794520547945	ASLGVDAI:0.319634703196347	YDVSDYCD:0.2313546423135464	NWLSIFGG:0.4368340943683409	LGVDAIWL:0.2100456621004566	FGTLADFD:0.2754946727549467	RGVDGFRL:0.5844748858447488	FWLDRGVD:0.3789954337899543	WAFSNHDV:0.3637747336377473	VDGFRLDT:0.4277016742770167	GYDVSDYC:0.2557077625570776	SLGVDAIW:0.3622526636225266	DVSDYCDV:0.2252663622526636	LDRGVDGF:0.3622526636225266	GCRTPMVW:0.3165905631659056	CLYQGEEL:0.4550989345509893	SDYCDVDP:0.228310502283105	VSDYCDVD:0.2252663622526636	DGCRTPMV:0.3165905631659056	CWAFSNHD:0.3546423135464231	LYQGEELG:0.441400304414003	PNNWLSIF:0.4200913242009132	NNWLSIFG:0.4200913242009132	RFWLDRGV:0.2724505327245053	DRGVDGFR:0.3729071537290715	WLDRGVDG:0.3789954337899543	WRGAVIYQ:0.5372907153729072	KDFGYDVS:0.2252663622526636	WWRGAVIY:0.5388127853881278	PKADWYVW:0.3302891933028919	VIYQIYPR:0.5190258751902588	GSVCLYQG:0.2526636225266362	AVIYQIYP:0.4505327245053272	DWWRGAVI:0.3211567732115677	RGSVCLYQ:0.2420091324200913	IYQIYPRS:0.5951293759512938	RGAVIYQI:0.4063926940639269	GAVIYQIY:0.4368340943683409	YQIYPRSF:0.4307458143074581	VCLYQGEE:0.2770167427701674	NPKADWYV:0.3211567732115677	SVCLYQGE:0.2526636225266362	DSNGDGIG:0.30441400304414	NGDGIGDL:0.3866057838660578	DWYVWADA:0.2480974124809741	DGTPPNNW:0.4033485540334855	DFGYDVSD:0.2998477929984779	FGYDVSDY:0.2800608828006088	SPFFKSPM:0.3165905631659056	SNGDGIGD:0.30441400304414	PDGTPPNN:0.258751902587519	PDLNFHNP:0.2024353120243531	QPDLNFHN:0.30441400304414	TPPNNWLS:0.3485540334855403	ISPFFKSP:0.2100456621004566	DAIWISPF:0.4079147640791476	GTPPNNWL:0.3637747336377473	AIWISPFF:0.4063926940639269	WISPFFKS:0.2100456621004566	VDAIWISP:0.3089802130898021	LRGSVCLY:0.2009132420091324	IDQVLSHT:0.2313546423135464	DQVLSHTS:0.2359208523592085	GVDAIWIS:0.2754946727549467	DLQDPYGI:0.2770167427701674	EDLQDPYG:0.2237442922374429	LGVDAIWI:0.2785388127853881	NFLTSQPD:0.258751902587519	GFRLDTIN:0.2146118721461187	DGFRLDTI:0.2115677321156773	WISPFFTS:0.2100456621004566	PPNNWLSI:0.2846270928462709	SIFGGSAW:0.2146118721461187	LSHTSDQH:0.2009132420091324	WLSIFGGS:0.2343987823439878	FRLDTINF:0.2115677321156773	ISPFFTSP:0.2100456621004566	RLDTINFY:0.2115677321156773	HNFLTSQP:0.258751902587519	LSIFGGSA:0.2100456621004566	
