cluster number:198
GH13:38	GH13:38
GTEILMKN:0.2894736842105263	IPQLYYGT:0.2894736842105263	YGTEILMK:0.3157894736842105	TEILMKNF:0.23684210526315788	RGIPQLYY:0.42105263157894735	MPDRFSNG:0.5	PDRFSNGD:0.5263157894736842	IMPDRFSN:0.21052631578947367	DRFSNGDP:0.3157894736842105	YLIMPDRF:0.47368421052631576	PQLYYGTE:0.3684210526315789	EILMKNFS:0.23684210526315788	VIFLDNHD:0.23684210526315788	IYLIMPDR:0.2631578947368421	GIPQLYYG:0.4473684210526316	LIMPDRFS:0.21052631578947367	YYGTEILM:0.3157894736842105	GLVRSDFP:0.23684210526315788	PDGLVRSD:0.2894736842105263	DSMYYRHG:0.21052631578947367	LIMPDRFA:0.2631578947368421	MPDRFANG:0.3684210526315789	IMPDRFAN:0.23684210526315788	TTRGIPQL:0.21052631578947367	KVENPNYL:0.3157894736842105	LTTRGIPQ:0.23684210526315788	LLTTRGIP:0.21052631578947367	SMYYRHGG:0.21052631578947367	VRSDFPGG:0.2631578947368421	NRDSMYYR:0.21052631578947367	VENPNYLF:0.3684210526315789	DGLVRSDF:0.2894736842105263	RDSMYYRH:0.21052631578947367	ENPNYLFL:0.23684210526315788	NPNYLFLD:0.23684210526315788	RSDFPGGW:0.2894736842105263	PDRFANGD:0.23684210526315788	MYYRHGGD:0.21052631578947367	PNYLFLDL:0.21052631578947367	LVRSDFPG:0.23684210526315788	RHGGDIQG:0.2894736842105263	TRGIPQLY:0.21052631578947367	LTQNHIWW:0.21052631578947367	DGWFVPSM:0.2631578947368421	WWVGMKNP:0.21052631578947367	DNHDMSRF:0.3684210526315789	NHDMSRFY:0.3157894736842105	DYLKDLGV:0.2631578947368421	LKDLGVTA:0.23684210526315788	VGMKNPKL:0.23684210526315788	WVGMKNPK:0.21052631578947367	YLKDLGVT:0.3157894736842105	GMKNPKLQ:0.2631578947368421	LMPDRFSN:0.2894736842105263	NPKLQLLV:0.3157894736842105	KNPKLQLL:0.2631578947368421	LDYLKDLG:0.23684210526315788	HDMSRFYS:0.3157894736842105	KLQLLVHG:0.2631578947368421	DLGVTAIW:0.21052631578947367	PKLQLLVH:0.2894736842105263	MKNPKLQL:0.2631578947368421	KDLGVTAI:0.21052631578947367	KIDPRYGT:0.3157894736842105	YKIDPRYG:0.34210526315789475	RHGGDLKG:0.23684210526315788	PGGWAGDK:0.21052631578947367	FPGGWAGD:0.21052631578947367	WFVPSMPD:0.23684210526315788	DFPGGWAG:0.21052631578947367	GWFVPSMP:0.23684210526315788	DSMYARHG:0.2631578947368421	RDSMYARH:0.2631578947368421	MYARHGGD:0.2894736842105263	SMYARHGG:0.2631578947368421	RHGGDLQG:0.2631578947368421	FLDNHDMS:0.42105263157894735	TEVLMKNF:0.23684210526315788	YYGTEVLM:0.23684210526315788	GVYTYFRY:0.23684210526315788	EVLMKNFS:0.23684210526315788	YGTEVLMK:0.23684210526315788	GTEVLMKN:0.23684210526315788	LDNHDMSR:0.42105263157894735	IDPRYGTN:0.2631578947368421	ASYHGYAV:0.2631578947368421	WFDTTMPD:0.2631578947368421	DMSRFYSV:0.23684210526315788	RIDTYPYS:0.21052631578947367	DGVYTYFR:0.21052631578947367	YARHGGDL:0.21052631578947367	HGGDLKGI:0.21052631578947367	ARDSMYAR:0.23684210526315788	YHGYAVTD:0.2631578947368421	SYHGYAVT:0.2631578947368421	KNFSNPDG:0.2894736842105263	MKNFSNPD:0.2894736842105263	LMKNFSNP:0.2894736842105263	GNTVNRGF:0.21052631578947367	NTVNRGFD:0.21052631578947367	TVNRGFDT:0.21052631578947367	
