cluster number:160
GH13:94	GH13_1:94|3.2.1.1:28|CBM20:17|2.4.1.25:2|CBM21:2
SIYFLLTD:0.26595744680851063	LNYPIYYP:0.2765957446808511	GYWQQDIY:0.23404255319148937	YPIYYPLL:0.22340425531914893	GLRIDTVK:0.2553191489361702	ARTDGSTT:0.3723404255319149	SNYSIDGL:0.2978723404255319	AFKSTSGS:0.20212765957446807	YAGQEQHY:0.26595744680851063	IPIIYAGQ:0.2127659574468085	HGYWQQDI:0.23404255319148937	DTVKHVQK:0.2127659574468085	FTAIWITP:0.2872340425531915	IDTVKHVQ:0.22340425531914893	YSIDGLRI:0.5106382978723404	KLDYIQGM:0.3617021276595745	DGVLNYPI:0.2872340425531915	PIIYAGQE:0.2127659574468085	RFARTDGS:0.40425531914893614	VDVVANHM:0.2765957446808511	MGFTAIWI:0.5957446808510638	AYHGYWQQ:0.2978723404255319	TVSLPDLD:0.20212765957446807	VSNYSIDG:0.30851063829787234	YIQGMGFT:0.43617021276595747	RIDTVKHV:0.3191489361702128	SQSIYFLL:0.22340425531914893	NREATWLS:0.24468085106382978	EATWLSGY:0.24468085106382978	VVANHMGY:0.24468085106382978	QGMGFTAI:0.3723404255319149	RTDGSTTA:0.2978723404255319	RSQSIYFL:0.23404255319148937	DPAYTCPY:0.2553191489361702	LRIDTVKH:0.2978723404255319	IQGMGFTA:0.43617021276595747	DYIQGMGF:0.5212765957446809	GIIDKLDY:0.2765957446808511	LVSNYSID:0.30851063829787234	GMGFTAIW:0.3723404255319149	LLTDRFAR:0.22340425531914893	DGIPIIYA:0.2127659574468085	ENHDNPRF:0.3191489361702128	GVLNYPIY:0.2872340425531915	DNPRFASY:0.22340425531914893	AIWITPVT:0.2765957446808511	DVVANHMG:0.2978723404255319	IIDKLDYI:0.30851063829787234	VEDCWLGD:0.20212765957446807	GIPIIYAG:0.2127659574468085	MVDVVANH:0.35106382978723405	HDNPRFAS:0.22340425531914893	NYPIYYPL:0.26595744680851063	WQQDIYSL:0.20212765957446807	DGLRIDTV:0.2553191489361702	IYAGQEQH:0.2127659574468085	YHGYWQQD:0.26595744680851063	GQEQHYAG:0.2127659574468085	TAIWITPV:0.2765957446808511	IDGLRIDT:0.3404255319148936	MYLMVDVV:0.46808510638297873	VLNYPIYY:0.2978723404255319	IYFLLTDR:0.26595744680851063	IWITPVTA:0.20212765957446807	ADDLKALS:0.23404255319148937	GMYLMVDV:0.44680851063829785	NPRFASYT:0.22340425531914893	FARTDGST:0.39361702127659576	IDKLDYIQ:0.30851063829787234	LYNMINTV:0.20212765957446807	YLMVDVVA:0.32978723404255317	TADDLKAL:0.2978723404255319	GGTWQGII:0.2553191489361702	QGIIDKLD:0.20212765957446807	YFLLTDRF:0.26595744680851063	FLLTDRFA:0.20212765957446807	CGGTWQGI:0.2553191489361702	SIDGLRID:0.5106382978723404	VSLPDLDT:0.2127659574468085	IIYAGQEQ:0.2127659574468085	LTDRFART:0.30851063829787234	NHDNPRFA:0.2765957446808511	DRFARTDG:0.425531914893617	GDPAYTCP:0.24468085106382978	GFTAIWIT:0.2872340425531915	PAYTCPYQ:0.2553191489361702	REATWLSG:0.24468085106382978	LDYIQGMG:0.5212765957446809	YCGGTWQG:0.30851063829787234	GTADDLKA:0.2978723404255319	NYSIDGLR:0.46808510638297873	LMVDVVAN:0.35106382978723405	YWQQDIYS:0.2127659574468085	DKLDYIQG:0.2765957446808511	DLYNMINT:0.20212765957446807	YGTADDLK:0.20212765957446807	WRSQSIYF:0.2553191489361702	TDRFARTD:0.5319148936170213	QSIYFLLT:0.26595744680851063	RGMYLMVD:0.6063829787234043	GIPIIYQG:0.20212765957446807	GFTAIWIS:0.30851063829787234	DGIPIIYQ:0.20212765957446807	TAIWISPV:0.22340425531914893	IIYQGQEQ:0.22340425531914893	FTAIWISP:0.30851063829787234	AIWISPVV:0.22340425531914893	IPIIYQGQ:0.20212765957446807	PIIYQGQE:0.22340425531914893	IYQGQEQH:0.2127659574468085	
