cluster number:64
GH13:45	GH13_5:45|3.2.1.1:2|3.2.1.116:1|2.4.1.-:1
FSLFDAPL:0.3333333333333333	VMNHDTQP:0.26666666666666666	WTDVLGWE:0.2	KFSLFDAP:0.24444444444444444	PLAYALIL:0.5333333333333333	KPLAYALI:0.5333333333333333	FKPLAYAL:0.5777777777777777	ARKLYAYG:0.4222222222222222	LARKLYAY:0.26666666666666666	TDVLGWEQ:0.2	LAYALILL:0.4222222222222222	IWIPPGCK:0.2	WDAVLNHK:0.37777777777777777	GNYDYLMF:0.35555555555555557	NGNYDYLM:0.2	VLNHKAGA:0.4888888888888889	YDIYDLYD:0.5111111111111111	AYALILLR:0.37777777777777777	GNGYDIYD:0.4444444444444444	GYDIYDLY:0.5111111111111111	NGYDIYDL:0.4444444444444444	DIYDLYDL:0.4888888888888889	YDLYDLGE:0.6	DLYDLGEF:0.6	DAVLNHKA:0.5555555555555556	IYDLYDLG:0.4888888888888889	NYDYLMFA:0.3333333333333333	YWDAVLNH:0.37777777777777777	LNHKAGAD:0.4888888888888889	AVLNHKAG:0.4444444444444444	YSKQKYHW:0.2222222222222222	YDLGEFDQ:0.4444444444444444	GEFDQKGG:0.2222222222222222	DLGEFDQK:0.5555555555555556	LGEFDQKG:0.5555555555555556	LYDLGEFD:0.4444444444444444	GEFWKDSL:0.26666666666666666	GFDFPGRG:0.24444444444444444	SLFDAPLV:0.2	YHWYHFSG:0.24444444444444444	GEFDQKGS:0.2222222222222222	KGNYDYLM:0.2	VGEFWKDS:0.28888888888888886	KYHWYHFS:0.24444444444444444	EKGNYDYL:0.2	RKLYAYGE:0.2	YLMFADLD:0.2	KQKYHWYH:0.2	YDYLMFAD:0.26666666666666666	PGRGDKYS:0.24444444444444444	DYLMFADL:0.2	SKQKYHWY:0.2	QKYHWYHF:0.2	FPGRGDKY:0.24444444444444444	FRFDAVKH:0.24444444444444444	YIDAVLNH:0.2	HFTGVDYD:0.2222222222222222	VFYGDLYG:0.2	LVDNHDTQ:0.2	AVTLVDNH:0.2	TLVDNHDT:0.2	DAVTLVDN:0.2222222222222222	PCVFYGDL:0.2222222222222222	CVFYGDLY:0.2	GFRFDAVK:0.24444444444444444	VTLVDNHD:0.2	IEGWTKFT:0.2	EGWTKFTF:0.2	GWTKFTFP:0.2	
