cluster number:55
GH13:3936	GH13_11:3906|CBM48:3801|GH13:28|3.2.1.68:19|GH77:15|GH13_21:2|GH13_10:2|3.2.1.-:1|2.4.1.25:1|CBM34:1
IAEPWDIG:0.2629573170731707	NGEDNRDG:0.21671747967479674	DGFRFDLA:0.7876016260162602	PMLLAGDE:0.2842987804878049	GIEVILDV:0.4476626016260163	GFRFDLAS:0.29090447154471544	NNNAYCQD:0.5947662601626016	HVDGFRFD:0.5513211382113821	LIAEPWDI:0.2533028455284553	YGYRVHGP:0.25914634146341464	AGIEVILD:0.4504573170731707	GTPMLLAG:0.25177845528455284	IEVILDVV:0.4809451219512195	TPMLLAGD:0.25203252032520324	VDGFRFDL:0.786839430894309	HDGFTLRD:0.2787093495934959	GNNNAYCQ:0.6112804878048781	KLIAEPWD:0.6021341463414634	VTAHDGFT:0.27972560975609756	GGYQVGNF:0.2929369918699187	VKLIAEPW:0.4644308943089431	TAHDGFTL:0.5307418699186992	YQVGNFPP:0.21036585365853658	KHNEANGE:0.4476626016260163	TVIYEAHV:0.226880081300813	IYEAHVKG:0.2228150406504065	QVKLIAEP:0.2339939024390244	SQVKLIAE:0.22027439024390244	AHDGFTLR:0.24872967479674796	NNAYCQDN:0.49872967479674796	GYQVGNFP:0.3257113821138211	GFRFDLAA:0.210619918699187	VYNHTAEG:0.46722560975609756	MHVDGFRF:0.39176829268292684	VILDVVYN:0.5251524390243902	EVILDVVY:0.5160060975609756	LDVVYNHT:0.6056910569105691	LIAEPWDV:0.22179878048780488	IAEPWDVG:0.23348577235772358	NFVTAHDG:0.21595528455284552	ILDVVYNH:0.5472560975609756	YNHTAEGN:0.3628048780487805	DVVYNHTA:0.5210873983739838	EMHVDGFR:0.3252032520325203	FVTAHDGF:0.2184959349593496	VVYNHTAE:0.5190548780487805	MDSLRYWV:0.23958333333333334	KLLLDPYA:0.32240853658536583	NAYCQDNE:0.2624491869918699	NFITAHDG:0.21798780487804878	FITAHDGF:0.21722560975609756	ITAHDGFT:0.24390243902439024	GPGGYQVG:0.2583841463414634	
