cluster number:0
GH13:1739	GH13_31:1618|GH13_40:41|GH13_29:38|GH13:28|5.4.99.11:11|3.2.1.10:11|GH13_23:7|GH13_36:6|3.2.1.20:5|3.2.1.70:3|3.2.1.-:2|GH13_17:1|2.4.1.-:1
GIDGFRMD:0.21564117308798159	DSNGDGIG:0.320299022426682	NGDGIGDL:0.2783208740655549	GFRMDVIN:0.27889591719378953	DGFRMDVI:0.3939045428407131	SNGDGIGD:0.320299022426682	YQIYPRSF:0.48533640023001723	IDGFRMDV:0.2093156986774008	NARTPMQW:0.554916618746406	ARTPMQWD:0.3691776883266245	VMDLVVNH:0.26682001150086254	PNDDNGYD:0.20414031052328924	SPNDDNGY:0.20356526739505462	NDDNGYDI:0.20126509488211616	VYQIYPRS:0.38412880966072455	AVVYQIYP:0.22714203565267396	KQPDLNWE:0.3950546290971823	DDNGYDIS:0.44968372627947095	QPDLNWEN:0.6285221391604371	VNHTSDEH:0.5319148936170213	DLVVNHTS:0.6756756756756757	VVYQIYPR:0.34732604945370904	MDLVVNHT:0.6262219666474985	PDLNWENP:0.37492811960897066	VVNHTSDE:0.535365152386429	GRDNARTP:0.4019551466359977	LVVNHTSD:0.648073605520414	YQGEEIGM:0.4732604945370903	NGYDISDY:0.5491661874640598	IYQGEEIG:0.43243243243243246	RDNARTPM:0.5842438182863715	FSKKQPDL:0.288671650373778	SRDNARTP:0.2282921219091432	QGEEIGMT:0.43013225991949394	KKQPDLNW:0.32259919493962047	GEEIGMTN:0.4416331224841863	DNGYDISD:0.5514663599769982	SKKQPDLN:0.3070730304772858	TSDEHAWF:0.23116733755031627	NHTSDEHA:0.23116733755031627	GEELGMTN:0.20126509488211616	HTSDEHAW:0.23116733755031627	YQGEELGM:0.20184013801035078	DNARTPMQ:0.5520414031052329	KGIGGFRM:0.20414031052328924	SMVFQFEH:0.21966647498562392	GGFRMDVI:0.2190914318573893	PYIYQGEE:0.49856239217941345	GIGGFRMD:0.2098907418056354	IGGFRMDV:0.2093156986774008	TPYIYQGE:0.4870615296147211	YIYQGEEI:0.3709028177113283	ELSMVFQF:0.2351926394479586	GFRMDVID:0.21966647498562392	LSMVFQFE:0.22944220816561242	GTPYIYQG:0.5054629097182288	IMDLVVNH:0.2581943645773433	GYDISDYQ:0.2093156986774008	WNSLFWNN:0.2547441058079356	TVGETWGA:0.21391604370327774	FWNNHDLP:0.22656699252443932	GWNSLFWN:0.2219666474985624	PMDDNGYD:0.20069005175388155	NSLFWNNH:0.2564692351926394	SPMDDNGY:0.20069005175388155	VGETWGAT:0.21104082806210467	SLFWNNHD:0.25704427832087406	WNNHDLPR:0.22656699252443932	LFWNNHDL:0.22714203565267396	
