cluster number:5
GH13:222	GH13_39:206|CBM34:103|GH77:28|GH13:16
NHRYDTGD:0.22522522522522523	KPNSFIYG:0.23423423423423423	LDGVFNHV:0.3333333333333333	GWRLDVAD:0.7477477477477478	GEVWEDAS:0.6891891891891891	IGEVWEDA:0.6576576576576577	VPCLYYGD:0.23873873873873874	PGVPCLYY:0.23423423423423423	LIGEVWED:0.5630630630630631	PKPNSFIY:0.2072072072072072	CLYYGDEA:0.22072072072072071	VLIGEVWE:0.4144144144144144	GVPCLYYG:0.23873873873873874	HRYDTGDY:0.21621621621621623	VDGWRLDV:0.2882882882882883	WRLDVADE:0.7612612612612613	DGVFNHVG:0.3333333333333333	YQIFVDRF:0.25675675675675674	LPGVPCLY:0.20270270270270271	FVDRFNNG:0.24774774774774774	SNHRYDTG:0.22522522522522523	WDFYGGNL:0.36486486486486486	LDVADELP:0.6531531531531531	RLDVADEL:0.7792792792792793	RWDFYGGN:0.3783783783783784	PCLYYGDE:0.24324324324324326	ILDGVFNH:0.35585585585585583	DGWRLDVA:0.43243243243243246	VDRFNNGN:0.24774774774774774	DVADELPD:0.5180180180180181	GGKDPDNR:0.22072072072072071	GVDGWRLD:0.26126126126126126	IFVDRFNN:0.24774774774774774	VWEDASNK:0.46846846846846846	YYGDEAGL:0.4774774774774775	WEDASNKI:0.3063063063063063	IYYGDEAG:0.4144144144144144	DGVFSHTG:0.36486486486486486	EDASNKIS:0.24774774774774774	DASNKISY:0.2702702702702703	LDGVFSHT:0.35135135135135137	EVWEDASN:0.46846846846846846	ILDGVFSH:0.3333333333333333	PCIYYGDE:0.32882882882882886	PGVPCIYY:0.20270270270270271	DELPDEFI:0.21621621621621623	GVPCIYYG:0.20270270270270271	CIYYGDEA:0.21621621621621623	VPCIYYGD:0.20270270270270271	YQIFPDRF:0.3963963963963964	RWDFFGGN:0.2072072072072072	IILDGVFS:0.26576576576576577	GVFSHTGS:0.21621621621621623	WDFFGGNL:0.2072072072072072	HDTERILT:0.21621621621621623	
