cluster number:79
GH13:355	GH13_16:347|GH13_36:7|3.2.1.1:2|5.4.99.16:1|GH13:1
QLYDRGIR:0.2140845070422535	IDLVVNHT:0.30422535211267604	AVRTPMQW:0.4140845070422535	FLRNHDEL:0.3126760563380282	IIDLVVNH:0.2056338028169014	MQLYDRGI:0.2112676056338028	HDELDLGR:0.30422535211267604	DLVVNHTS:0.3295774647887324	DELDLGRL:0.30422535211267604	LYDRGIRR:0.2140845070422535	NHDELDLG:0.29859154929577464	GMVFPGVQ:0.24507042253521127	LVVNHTSD:0.2704225352112676	LRNHDELD:0.6845070422535211	VRTPMQWS:0.27323943661971833	YDRGIRRR:0.2619718309859155	RNHDELDL:0.6873239436619718	IRRRLAPM:0.6929577464788732	GFRMDAVP:0.2563380281690141	RRRLAPML:0.8422535211267606	RGIRRRLA:0.7014084507042253	LGVSGFRM:0.30422535211267604	SGFRMDAV:0.23380281690140844	GVSGFRMD:0.30985915492957744	VSGFRMDA:0.30985915492957744	QLGVSGFR:0.29859154929577464	GIRRRLAP:0.6929577464788732	DRGIRRRL:0.23098591549295774	FRMDAVPF:0.2563380281690141	RRLAPMLG:0.27323943661971833	TSDQHPWF:0.2028169014084507	GRGIRRRL:0.2140845070422535	HTSDQHPW:0.2028169014084507	ILLGEVDV:0.36056338028169016	RYAVRTPM:0.323943661971831	NPDAILLG:0.21971830985915494	YGDEIGMG:0.6169014084507042	DAILLGEV:0.21690140845070421	GDEIGMGD:0.5690140845070423	WLRNHDEL:0.37464788732394366	IGMGDDLS:0.2563380281690141	EIGMGDDL:0.6225352112676056	GVSGFRLD:0.3464788732394366	GFRLDAAS:0.323943661971831	PGVPVMRY:0.28732394366197184	MRYGDEIG:0.3352112676056338	GMGDDLSL:0.2563380281690141	SGFRLDAA:0.3492957746478873	GVPVMRYG:0.28732394366197184	NHDELDLE:0.37183098591549296	PPMFPGVE:0.3126760563380282	PVMRYGDE:0.29859154929577464	ELDLEGIG:0.2535211267605634	RLAPMLDG:0.2507042253521127	GDDLSLPE:0.22253521126760564	FRLDAASH:0.3267605633802817	RYGDEIGM:0.5943661971830986	GQYYRHMF:0.29859154929577464	YAVRTPMQ:0.323943661971831	MGDDLSLP:0.23380281690140844	RTPMQWSA:0.2	LNFWLNKY:0.29859154929577464	SGYGYRWF:0.21690140845070421	DEIGMGDD:0.5295774647887324	HDELDLEG:0.3183098591549296	ERYAVRTP:0.323943661971831	DDLSLPER:0.22253521126760564	NWLRNHDE:0.3267605633802817	DELDLEGI:0.30985915492957744	PDAILLGE:0.21971830985915494	VPVMRYGD:0.28732394366197184	RRLAPMLD:0.2535211267605634	QYYRHMFY:0.30985915492957744	HHEPDLNL:0.2084507042253521	VSGFRLDA:0.3408450704225352	HPWFQAAR:0.23380281690140844	HEPDLNLA:0.2563380281690141	VMRYGDEI:0.29859154929577464	YHHEPDLN:0.2084507042253521	PMFPGVEE:0.2028169014084507	FYHHEPDL:0.2112676056338028	RLDAASHL:0.30704225352112674	VLNFWLNK:0.323943661971831	AILLGEVD:0.3211267605633803	AGQYYRHM:0.29859154929577464	LSGYGYRW:0.21971830985915494	LPGVPVMR:0.28732394366197184	YRDWYVWS:0.2112676056338028	ELDLGRLT:0.2507042253521127	GFWIQLGV:0.22535211267605634	CARTPMQW:0.23943661971830985	RVGGLDYL:0.2084507042253521	KIMGFWIQ:0.22816901408450704	VGGLDYLL:0.2084507042253521	IMGFWIQL:0.22535211267605634	ARTPMQWS:0.23380281690140844	LKIMGFWI:0.23661971830985915	MGFWIQLG:0.22535211267605634	WIQLGVSG:0.21690140845070421	IQLGVSGF:0.21690140845070421	FREFLQWR:0.21971830985915494	FWIQLGVS:0.21690140845070421	MVFPGVQK:0.2112676056338028	ILKIMGFW:0.2	EILKIMGF:0.2	
