cluster number:149
GH13:1130	GH13_30:1118|GH13:5|GH13_23:5|3.2.1.20:3|GH13_17:1|GH13_16:1
GFRIDVAH:0.3823008849557522	DLVPNHTS:0.2088495575221239	GRDGCRVP:0.6371681415929203	SVFGGPAW:0.20442477876106194	YQVYPRSF:0.3663716814159292	FGGPAWTR:0.4663716814159292	FRIDVAHG:0.34601769911504426	DGFRIDVA:0.45663716814159294	LLMLALPG:0.24601769911504426	DGGYDVAD:0.25309734513274335	LMLALPGS:0.2168141592920354	WYLHLFAP:0.27079646017699116	GFRVDVAH:0.3035398230088496	GGYDVADY:0.2247787610619469	LFAPEQPD:0.22831858407079647	HLFAPEQP:0.22654867256637168	GLRRARAA:0.26194690265486725	YQGEELGL:0.7132743362831858	RDGCRVPL:0.4911504424778761	WVLSNHDV:0.4230088495575221	DGCRVPLP:0.4902654867256637	FRVDVAHG:0.24513274336283186	LHLFAPEQ:0.22566371681415928	YPRSFADS:0.23097345132743363	YLYQGEEL:0.3309734513274336	GCRVPLPW:0.4911504424778761	GQWYLHLF:0.36106194690265486	LADGGYDV:0.22654867256637168	GEELGLPE:0.42123893805309737	QGEELGLP:0.5203539823008849	YQIYPRSF:0.2911504424778761	YLHLFAPE:0.22566371681415928	GYDVADYR:0.40176991150442476	LYQGEELG:0.3345132743362832	EELGLPEV:0.2663716814159292	WLSPFYPS:0.252212389380531	TWVLSNHD:0.47345132743362833	IVDLVPNH:0.2176991150442478	DAGYDVAD:0.21858407079646017	LSNHDVVR:0.2345132743362832	VDGFRVDV:0.26548672566371684	VLSNHDVV:0.2150442477876106	DAVWLSPF:0.252212389380531	LGVDAVWL:0.23628318584070795	DGFRVDVA:0.30442477876106194	GGPAWTRV:0.26991150442477874	SNHDVVRH:0.26991150442477874	GVDGFRVD:0.26991150442477874	GVDAVWLS:0.20530973451327433	QVYPRSFA:0.3017699115044248	AGYDVADY:0.20265486725663717	QWYLHLFD:0.24513274336283186	AVWLSPFY:0.2407079646017699	VYPRSFAD:0.30265486725663715	VDAVWLSP:0.2097345132743363	VDGFRIDV:0.3973451327433628	GVDGFRID:0.39646017699115044	FWLDRGVD:0.2831858407079646	LRFWLDRG:0.3106194690265487	LDRGVDGF:0.28053097345132744	RGVDGFRI:0.3035398230088496	RARAAALL:0.24690265486725663	VYQGEELG:0.22920353982300884	RFWLDRGV:0.28761061946902655	YVYQGEEL:0.22743362831858407	DRGVDGFR:0.4469026548672566	WLDRGVDG:0.28938053097345134	AYLYQGEE:0.2168141592920354	DGCRVPIP:0.2610619469026549	MLALPGSA:0.21327433628318584	LALPGSAY:0.26991150442477874	GCRVPIPW:0.2610619469026549	GELPPNDW:0.23008849557522124	RDGCRVPI:0.2610619469026549	YLRPDELH:0.20530973451327433	RRARAAAL:0.22566371681415928	
