cluster number:113
GH13:176	GH13_18:176
ENLTYFGN:0.24431818181818182	YFNFIASH:0.30113636363636365	FRLDAVAF:0.35795454545454547	IITETNIP:0.32954545454545453	SHDGIGLR:0.5170454545454546	ITETNIPN:0.32954545454545453	FGNANEAH:0.38636363636363635	PNATQFTL:0.45454545454545453	FNFIASHD:0.3068181818181818	RLDAVAFL:0.5511363636363636	QPAFHPNA:0.42613636363636365	IASHDGIG:0.36363636363636365	FHPNATQF:0.5227272727272727	TYFGNANE:0.26704545454545453	NEAHAIYN:0.22727272727272727	AFHPNATQ:0.6420454545454546	EAHAIYNF:0.23863636363636365	GIGLRPAE:0.30113636363636365	LTYFGNAN:0.26704545454545453	YIHSLLGT:0.21022727272727273	PFFPYSSD:0.45454545454545453	NFIASHDG:0.4318181818181818	DAVAFLWK:0.5738636363636364	DDGFSVID:0.26704545454545453	YSSDDGFS:0.4090909090909091	HDQVDFDF:0.23295454545454544	DGIGLRPA:0.30113636363636365	DLVINHCS:0.3693181818181818	MPPAQNGT:0.21022727272727273	HILPFFPY:0.4375	NFSLPPLL:0.4772727272727273	WCTFSHDQ:0.5170454545454546	VHILPFFP:0.5625	YFGNANEA:0.38636363636363635	HPNATQFT:0.5113636363636364	FFPYSSDD:0.45454545454545453	LPFFPYSS:0.45454545454545453	ILPFFPYS:0.39204545454545453	CTFSHDQV:0.39204545454545453	FSHDQVDF:0.23863636363636365	IYNFSLPP:0.5056818181818182	WMMSMPPA:0.2159090909090909	LRPAEGLL:0.26704545454545453	PAFHPNAT:0.38636363636363635	SSDDGFSV:0.5340909090909091	TFSHDQVD:0.39204545454545453	IFRLDAVA:0.2159090909090909	DGFSVIDY:0.25	LDAVAFLW:0.5511363636363636	SHDQVDFD:0.23295454545454544	VWCTFSHD:0.5056818181818182	ASHDGIGL:0.5170454545454546	PYSSDDGF:0.5170454545454546	SDDGFSVI:0.3693181818181818	YNFSLPPL:0.5511363636363636	FPYSSDDG:0.4772727272727273	GLRPAEGL:0.26704545454545453	IGLRPAEG:0.2727272727272727	FIASHDGI:0.36363636363636365	HDGIGLRP:0.5056818181818182	NLTYFGNA:0.26704545454545453	NRAINRHR:0.20454545454545456	RAINRHRW:0.25	LMADLVIN:0.2215909090909091	VRPRTSPL:0.22727272727272727	RPRTSPLL:0.23295454545454544	LFGFWRQS:0.21022727272727273	HVWCTFSH:0.3693181818181818	NATQFTLH:0.2784090909090909	LVINHCSS:0.20454545454545456	VVRPRTSP:0.23863636363636365	MADLVINH:0.26704545454545453	KHVWCTFS:0.21022727272727273	ATQFTLHL:0.2727272727272727	ENLSYFGN:0.3352272727272727	PAFYIHSL:0.26136363636363635	ITETNVPN:0.21022727272727273	LEGIPAFY:0.2556818181818182	GIPAFYIH:0.2556818181818182	IPAFYIHS:0.22727272727272727	EGIPAFYI:0.25	TASHDGIG:0.42045454545454547	FTASHDGI:0.42045454545454547	GVHILPFF:0.2159090909090909	NFTASHDG:0.45454545454545453	LNFTASHD:0.29545454545454547	DLVLNHVS:0.22727272727272727	YLNFTASH:0.26704545454545453	LLTETNVP:0.20454545454545456	YIHSLLAT:0.2556818181818182	
