cluster number:60
GH13:48	GH13_1:45|3.2.1.1:6|CBM20:4|GH13:4|GH13_2:1|2.4.1.-:1
IQGMGFDA:0.25	YIQGMGFD:0.3333333333333333	DYIQGMGF:0.3541666666666667	LDYIQGMG:0.3541666666666667	ANREDLWR:0.20833333333333334	DGGYHGYW:0.20833333333333334	GIPIVYYG:0.22916666666666666	DVVANHMG:0.2708333333333333	IYFALTDR:0.20833333333333334	PANREDLW:0.20833333333333334	DTVKHVEK:0.20833333333333334	NREDLWRS:0.22916666666666666	MVDVVANH:0.22916666666666666	GGYHGYWA:0.3541666666666667	DPANREDL:0.20833333333333334	RIDTVKHV:0.3541666666666667	GMGFDAIW:0.4375	IRIDTVKH:0.22916666666666666	DGIRIDTV:0.25	FDGIRIDT:0.22916666666666666	MGFDAIWI:0.5208333333333334	YCGGTFKG:0.20833333333333334	GFDAIWIS:0.4166666666666667	MLDVVANH:0.20833333333333334	FDAIWISP:0.4166666666666667	
