cluster number:86
GH13:19	GH13_20:16|GH13:3|3.2.1.-:1|3.2.1.54:1
PMIYYGTE:0.21052631578947367	SDGIDGWR:0.3157894736842105	GDPSDGID:0.3157894736842105	DGDPSDGI:0.3157894736842105	QIFPERFR:0.3684210526315789	IIDGVFNH:0.42105263157894735	FPERFRNG:0.3684210526315789	DPSDGIDG:0.3157894736842105	DSHDTDRL:0.3684210526315789	DGIDGWRL:0.3684210526315789	YQIFPERF:0.6842105263157895	SHDTDRLA:0.3157894736842105	DPDCRKPM:0.21052631578947367	IDGVFNHV:0.21052631578947367	DDPDCRKP:0.21052631578947367	GIDGWRLD:0.5789473684210527	DGVFNHVG:0.3157894736842105	SPSLHKYD:0.2631578947368421	PDCRKPMV:0.21052631578947367	GWRLDVAE:0.21052631578947367	DCRKPMVW:0.21052631578947367	ERFRNGDP:0.2631578947368421	PERFRNGD:0.3684210526315789	HDTDRLAS:0.3157894736842105	IFPERFRN:0.3684210526315789	PSLHKYDA:0.3157894736842105	GGDIQGII:0.21052631578947367	DGWRLDVA:0.5789473684210527	PSDGIDGW:0.3157894736842105	IDGWRLDV:0.5789473684210527	WYQIFPER:0.5789473684210527	VWYQIFPE:0.5263157894736842	GMWGADDP:0.47368421052631576	NFGPDPEG:0.2631578947368421	YGDEAGMW:0.21052631578947367	WMDPNGDG:0.21052631578947367	YYGDEAGM:0.21052631578947367	PWTSDWYK:0.21052631578947367	RWMDPNGD:0.21052631578947367	GPDPEGDK:0.2631578947368421	AVWYQIFP:0.3157894736842105	GDEAGMWG:0.2631578947368421	IDGVFNHT:0.3157894736842105	DGVFNHTG:0.3157894736842105	FGPDPEGD:0.5263157894736842	SDWYKLQP:0.21052631578947367	GAPMIYYG:0.2631578947368421	LIDSHDTD:0.21052631578947367	AGMWGADD:0.3157894736842105	VIIDGVFN:0.2631578947368421	ADDPDDRK:0.2631578947368421	IDSHDTDR:0.21052631578947367	NLIDSHDT:0.21052631578947367	VGAPMIYY:0.2631578947368421	EAGMWGAD:0.3157894736842105	DDPDDRKP:0.3157894736842105	TYVGAPMI:0.21052631578947367	MWGADDPD:0.3684210526315789	WGADDPDD:0.3157894736842105	YVGAPMIY:0.2631578947368421	GADDPDDR:0.3157894736842105	GPDPEGDL:0.21052631578947367	DPDDRKPM:0.3157894736842105	QNLIDSHD:0.21052631578947367	DTDRLASM:0.21052631578947367	NGDGDPSD:0.21052631578947367	PNGDGDPS:0.21052631578947367	DPNGDGDP:0.21052631578947367	GDGDPSDG:0.3684210526315789	TDRLASMI:0.21052631578947367	TGRDFFAF:0.21052631578947367	GVFNHTGR:0.21052631578947367	ARSLHKYD:0.21052631578947367	SFDDPATP:0.21052631578947367	RVIIDGVF:0.21052631578947367	MTYVGAPM:0.2631578947368421	QMTYVGAP:0.2631578947368421	LFQMTYVG:0.21052631578947367	VFNHTGRD:0.21052631578947367	FNHTGRDF:0.21052631578947367	GFSATMNY:0.21052631578947367	HTGRDFFA:0.21052631578947367	YGGDLQGV:0.42105263157894735	RSLHKYDG:0.21052631578947367	RYGGDLQG:0.5263157894736842	NHTGRDFF:0.21052631578947367	FQMTYVGA:0.2631578947368421	GGDLQGVL:0.21052631578947367	RRYGGDLQ:0.5263157894736842	GDLQGVID:0.21052631578947367	GGDLQGVI:0.21052631578947367	
