cluster number:77
GH13:52	GH13:52
RFLENHDE:0.5769230769230769	NHVAPDHP:0.23076923076923078	WLMGVWER:0.25	DKRLYDRL:0.5384615384615384	YDKRLYDR:0.5576923076923077	CYDKRLYD:0.23076923076923078	DEPRAAAT:0.25	WTLQQQGF:0.21153846153846154	NHDEPRAA:0.5576923076923077	ENHDEPRA:0.5961538461538461	EWTLQQQG:0.21153846153846154	VPNHVAPD:0.28846153846153844	MGVWERSP:0.23076923076923078	LMGVWERS:0.25	GVWERSPA:0.21153846153846154	PNHVAPDH:0.2692307692307692	HDEPRAAA:0.34615384615384615	VWLMGVWE:0.23076923076923078	RCDMAMLL:0.3269230769230769	FLENHDEP:0.5	TLQQQGFD:0.21153846153846154	DAVWLMGV:0.21153846153846154	LENHDEPR:0.5	AVWLMGVW:0.23076923076923078	CDGVRCDM:0.5769230769230769	VRCDMAML:0.6923076923076923	GVRCDMAM:0.6923076923076923	DFVPNHVA:0.21153846153846154	QCDGVRCD:0.2692307692307692	ILDFVPNH:0.28846153846153844	DGVRCDMA:0.6923076923076923	LDFVPNHV:0.23076923076923078	LILDFVPN:0.2692307692307692	AYGRDPYF:0.25	DFVPNHTA:0.23076923076923078	LDFVPNHT:0.28846153846153844	LQQQGFDY:0.2692307692307692	ARFLENHD:0.25	TYDKRLYD:0.3269230769230769	YTYDKRLY:0.21153846153846154	GFDYTYDK:0.2692307692307692	EVYWDLEW:0.25	DYTYDKRL:0.21153846153846154	FDYTYDKR:0.21153846153846154	AEVYWDLE:0.2692307692307692	KRLYDRLR:0.21153846153846154	MLDFVPNH:0.2692307692307692	GWPDTLQL:0.25	LMLDFVPN:0.2692307692307692	AEAYWDLE:0.21153846153846154	CDMAMLVL:0.28846153846153844	RCDMAMLV:0.3076923076923077	VRFLENHD:0.21153846153846154	DMAMLVLP:0.21153846153846154	
