cluster number:13
GH13:763	GH13_20:738|CBM34:694|GH13_21:14|3.2.1.54:13|3.2.1.133:11|GH13:11|3.2.1.135:5|CBM48:3|CBM20:1
ILGEIWHD:0.22018348623853212	PCIYYGDE:0.32634338138925295	DIDGWRLD:0.3119266055045872	DVANEVDH:0.4954128440366973	PERFANGD:0.4089121887287025	IYYGDEIG:0.29882044560943644	HKYDTIDY:0.33551769331585846	WYQIFPER:0.6500655307994757	YYGDEIGM:0.2306684141546527	NLLDSHDT:0.32634338138925295	YQIFPERF:0.7640891218872871	QIFPERFA:0.7064220183486238	NHKYDTID:0.3892529488859764	FDIDGWRL:0.2621231979030144	TVWYQIFP:0.5570117955439057	WRLDVANE:0.7326343381389253	GDQFDAVM:0.25557011795543905	SNHKYDTI:0.3709043250327654	VWYQIFPE:0.5032765399737876	LDAVFNHS:0.21756225425950196	FNLLDSHD:0.3211009174311927	LDVANEVD:0.5163826998689384	YILGEIWH:0.44954128440366975	CIYYGDEI:0.2503276539973788	IFPERFAN:0.6867627785058977	LDSHDTPR:0.24639580602883354	FPERFANG:0.6920052424639581	EFDIDGWR:0.23328964613368283	DAVFNHSG:0.22804718217562253	RLDVANEV:0.5701179554390564	GWRLDVAN:0.5111402359108781	VMLDAVFN:0.47575360419397117	MLDAVFNH:0.7326343381389253	DGWRLDVA:0.5543905635648755	IDGWRLDV:0.546526867627785	NTANPEVQ:0.20445609436435125	PSNHKYDT:0.23853211009174313	FGGDLQGI:0.2686762778505898	IMLDAVFN:0.254259501965924	KLNTANPE:0.3302752293577982	FFGGDLQG:0.3944954128440367	LNTANPEV:0.3211009174311927	PKLNTANP:0.36435124508519	PCIYYGTE:0.2948885976408912	LDAVFNHI:0.2857142857142857	DFFGGDLQ:0.20052424639580602	GSPCIYYG:0.3735255570117955	MPKLNTAN:0.38794233289646135	GGDLQGII:0.20969855832241152	DAVFNHIG:0.2778505897771953	DIDAWRLD:0.23722149410222804	FDIDAWRL:0.21756225425950196	DAWRLDVA:0.26474442988204455	KVMLDAVF:0.272608125819135	IDAWRLDV:0.2765399737876802	AWRLDVAN:0.2214941022280472	
