cluster number:112
GH13:982	GH13_26:980|GH77:24|GH13:2
QFRNGMTF:0.23116089613034624	VDGLRIDH:0.3940936863543788	EKALREAK:0.2769857433808554	SLVDPDNR:0.8645621181262729	LVDPDNRR:0.8340122199592668	DTKRGEDA:0.34012219959266804	HIDGLADP:0.3625254582484725	HDTKRGED:0.3604887983706721	ISHLYASP:0.4775967413441955	THDTKRGE:0.35845213849287166	RIDHIDGL:0.42769857433808556	GLRIDHID:0.40427698574338083	FPVYRTYG:0.2494908350305499	TSTHDTKR:0.23625254582484725	SGTTGYEF:0.20875763747454176	GISHLYAS:0.47657841140529533	DIVPNHMA:0.3604887983706721	FSLVDPDN:0.5773930753564155	KRGEDARA:0.43686354378818737	LREAKLRT:0.23217922606924643	FRNGMTFD:0.2240325865580448	TGPLMAKS:0.20366598778004075	LTAPGVPD:0.20773930753564154	LRIDHIDG:0.40529531568228105	QLTGPLMA:0.20468431771894094	EDARARLY:0.24643584521384929	GTTGYEFI:0.2525458248472505	ALREAKLR:0.2739307535641548	IDHIDGLA:0.40122199592668023	FQQLTGPL:0.20468431771894094	DGLRIDHI:0.39613034623217924	APGVPDIY:0.20162932790224034	TTGYEFIA:0.225050916496945	TKRGEDAR:0.34012219959266804	PGVPDIYQ:0.23727087576374745	LTGPLMAK:0.20468431771894094	PDIYQGSE:0.21792260692464357	RNGMTFDR:0.2219959266802444	RGEDARAR:0.43686354378818737	GEDARARL:0.4175152749490835	RFQQLTGP:0.23116089613034624	STHGYDVT:0.23319755600814665	LGISHLYA:0.46741344195519346	THGYDVTD:0.20366598778004075	SHLYASPI:0.25661914460285135	AFPVYRTY:0.23727087576374745	DHIDGLAD:0.3625254582484725	GVPDIYQG:0.23727087576374745	KALREAKL:0.46741344195519346	STHDTKRG:0.2505091649694501	QQLTGPLM:0.20468431771894094	LATATHDH:0.31873727087576376	DFSLVDPD:0.3910386965376782	TATHDHKR:0.48879837067209775	VDPDNRRP:0.5458248472505092	ATATHDHK:0.3564154786150713	WDFSLVDP:0.3360488798370672	DPDNRRPV:0.5264765784114053	GVPDLYQG:0.45417515274949083	PDNRRPVD:0.5112016293279023	PGVPDLYQ:0.45519348268839105	DGTTGYDF:0.24439918533604887	THDHKRGE:0.5183299389002036	HDHKRGED:0.5773930753564155	GTTGYDFM:0.2780040733197556	ATHDHKRG:0.5356415478615071	DNRRPVDY:0.2219959266802444	LLSRNEVG:0.2576374745417515	VEDTAFYR:0.20977596741344195	AKAVEDTA:0.329938900203666	GLVDGLRI:0.20977596741344195	AADDINWR:0.2240325865580448	ADPRGYCR:0.2545824847250509	ADDINWRR:0.2240325865580448	LLSRNDVG:0.2820773930753564	VSNHMAVG:0.21690427698574338	AAKAVEDT:0.3105906313645621	MGLILDIV:0.3105906313645621	LLATATHD:0.2505091649694501	GYDVVDPT:0.2729124236252546	GTTGYEFM:0.20061099796334012	TVPGVPDL:0.20162932790224034	WRTAADDI:0.2219959266802444	LGGLRVER:0.20875763747454176	INWRRFFD:0.3727087576374745	LADPRGYC:0.25661914460285135	YRLASWRT:0.2708757637474542	RTAADDIN:0.2219959266802444	GSMHGYDV:0.20061099796334012	TAADDINW:0.2219959266802444	RARLAVLS:0.34725050916496947	TLGAIRRA:0.20061099796334012	LASWRTAA:0.21384928716904278	SWRTAADD:0.2219959266802444	DINWRRFF:0.2759674134419552	DNRRPVDF:0.25865580448065173	DGLADPRG:0.280040733197556	GLADPRGY:0.280040733197556	HGYDVVDP:0.285132382892057	DDINWRRF:0.2759674134419552	VPGVPDLY:0.23523421588594703	LVDGLRID:0.20977596741344195	SNHMAVGG:0.2158859470468432	RLASWRTA:0.2708757637474542	NELGGLRV:0.20875763747454176	LSRNDVGF:0.23727087576374745	DGTTGYEF:0.2158859470468432	ASWRTAAD:0.2219959266802444	LGAIRRAL:0.20162932790224034	ARLAVLSE:0.3268839103869654	ELGGLRVE:0.20977596741344195	VNPELGGE:0.3054989816700611	TGYEFMNQ:0.2209775967413442	HVDGLADP:0.2973523421588595	NWRRFFDI:0.3319755600814664	IDHVDGLA:0.2606924643584521	DHVDGLAD:0.2983706720977597	DGLRIDHV:0.20264765784114053	GLRIDHVD:0.24236252545824846	RIDHVDGL:0.3329938900203666	LRIDHVDG:0.24236252545824846	LDIVPNHM:0.29429735234215887	ILDIVPNH:0.2515274949083503	LILDIVPN:0.23421588594704684	GLILDIVP:0.22810590631364563	NPELGGEA:0.21792260692464357	
