cluster number:101
GH13:85	GH13:85|CBM48:65
GIYFYNDW:0.29411764705882354	IYFYNDWR:0.27058823529411763	GGIYFYND:0.5647058823529412	SHDEVANG:0.7647058823529411	FDGWSEND:0.21176470588235294	VIYELHVG:0.32941176470588235	ANGKARVP:0.21176470588235294	NDKGGIYF:0.2235294117647059	GIPMLFQG:0.35294117647058826	ENDKGGIY:0.2235294117647059	TPWGDTRP:0.5647058823529412	SWGYNPAH:0.36470588235294116	VYNHFGPS:0.36470588235294116	MLFQGQEF:0.3058823529411765	TFRVWAPN:0.2235294117647059	PMLFQGQE:0.38823529411764707	HDEVANGK:0.5058823529411764	WGDTRPDY:0.5294117647058824	GDTRPDYG:0.5294117647058824	ELHVGTFN:0.24705882352941178	ESHDEVAN:0.7647058823529411	DEVANGKA:0.3176470588235294	VANGKARV:0.25882352941176473	PGIPMLFQ:0.32941176470588235	LWQFDGWS:0.3176470588235294	YELHVGTF:0.32941176470588235	DVVYNHFG:0.5411764705882353	TAPGIPML:0.27058823529411763	IPMLFQGQ:0.35294117647058826	DKGGIYFY:0.23529411764705882	DLWQFDGW:0.4235294117647059	TESHDEVA:0.5294117647058824	PWGDTRPD:0.5294117647058824	YNHFGPSD:0.36470588235294116	WQFDGWSE:0.3411764705882353	LVIYELHV:0.27058823529411763	KGGIYFYN:0.32941176470588235	DTRPDYGR:0.5294117647058824	YTESHDEV:0.5294117647058824	EVANGKAR:0.3176470588235294	FRVWAPNA:0.29411764705882354	QFDGWSEN:0.3176470588235294	VVYNHFGP:0.49411764705882355	IYELHVGT:0.32941176470588235	APGIPMLF:0.25882352941176473	LFQGQEFL:0.2235294117647059	DLDLWQFD:0.3058823529411765	TTFRVWAP:0.29411764705882354	GRPEVRQY:0.21176470588235294	LDVVYNHF:0.32941176470588235	RPDYGRPE:0.32941176470588235	VIYTESHD:0.3411764705882353	IYTESHDE:0.4	GTTFRVWA:0.23529411764705882	RVIYTESH:0.3411764705882353	YGRPEVRQ:0.24705882352941178	LDLWQFDG:0.3058823529411765	PDYGRPEV:0.32941176470588235	FRVWAPHA:0.3058823529411765	DYGRPEVR:0.32941176470588235	MIFQGQEF:0.2823529411764706	PMIFQGQE:0.3411764705882353	IPMIFQGQ:0.2823529411764706	FQGQEFLE:0.3176470588235294	GIPMIFQG:0.2823529411764706	RVIYSESH:0.21176470588235294	PGIPMIFQ:0.25882352941176473	QGQEFLED:0.2	IYSESHDE:0.2235294117647059	IFQGQEFL:0.24705882352941178	SESHDEVA:0.2	YSESHDEV:0.2	VIYSESHD:0.21176470588235294	TRPDYGRP:0.25882352941176473	GDFSWGYN:0.21176470588235294	VILDVVYN:0.23529411764705882	ILDVVYNH:0.27058823529411763	AVILDVVY:0.2235294117647059	NHFGPSDL:0.3176470588235294	PSDLDLWQ:0.21176470588235294	HFGPSDLD:0.24705882352941178	FGPSDLDL:0.2235294117647059	SDLDLWQF:0.21176470588235294	GPSDLDLW:0.25882352941176473	
