cluster number:25
GH13:495	GH13_10:491|CBM48:439|3.2.1.141:6|GH13:4
NHDQIGNR:0.22828282828282828	LDAVHALV:0.29292929292929293	LIAESDLN:0.48282828282828283	WGYDGVLW:0.3939393939393939	HDQIGNRA:0.45656565656565656	DPRSRRQP:0.26262626262626265	PDPRSRRQ:0.2606060606060606	VYNHLGPS:0.3292929292929293	IAESDLND:0.4505050505050505	MLFMGEEW:0.6606060606060606	NHLGPSGN:0.6363636363636364	SPFTPMLF:0.23030303030303031	YNHLGPSG:0.3292929292929293	LFMGEEWG:0.4484848484848485	RLDAVHAL:0.7151515151515152	GPSGNYLP:0.3838383838383838	LGPSGNYL:0.47878787878787876	PMLFMGEE:0.6848484848484848	QFFTSHPE:0.23030303030303031	DAVHALVD:0.29292929292929293	QNHDQIGN:0.20404040404040405	NWGYDGVL:0.2101010101010101	PFTPMLFM:0.44242424242424244	HNWGYDGV:0.22424242424242424	VVYNHLGP:0.3595959595959596	FTPMLFMG:0.46060606060606063	LRLDAVHA:0.7878787878787878	TPMLFMGE:0.6404040404040404	GYDGVLWY:0.31313131313131315	HLGPSGNY:0.48484848484848486	AESDLNDP:0.46060606060606063	FMGEEWGA:0.41414141414141414	DVVYNHLG:0.36767676767676766	LYELHVGT:0.2404040404040404	AVHEPYGG:0.3696969696969697	VLDVVHNH:0.20606060606060606	WAVHEPYG:0.21616161616161617	DDFHHALH:0.2	ELHVGTFT:0.2787878787878788	VHEPYGGP:0.45656565656565656	DGLRLDAV:0.7414141414141414	VNLDAPGS:0.20404040404040405	YELHVGTF:0.3373737373737374	LDAPGSDE:0.20606060606060606	LGVVLDVV:0.2202020202020202	LDVVHNHL:0.2222222222222222	GLGVVLDV:0.2202020202020202	NLDAPGSD:0.2101010101010101	DAPGSDEV:0.20606060606060606	GTFTPEGT:0.3333333333333333	VHNHLGPS:0.2202020202020202	AVNLDAPG:0.20404040404040405	HGWGYDGV:0.22424242424242424	GNRALGDR:0.2101010101010101	APGSDEVR:0.20606060606060606	VLYELHVG:0.23636363636363636	VVLDVVHN:0.20606060606060606	GLRLDAVH:0.7333333333333333	VVHNHLGP:0.2383838383838384	LHVGTFTP:0.20606060606060606	DVVHNHLG:0.2383838383838384	HNHLGPSG:0.2202020202020202	PDPQDPAT:0.29292929292929293	YELHIGTF:0.27070707070707073	ELHIGTFT:0.25252525252525254	SLIAESDL:0.20606060606060606	RPLSLIAE:0.24444444444444444	VSGERQGY:0.22424242424242424	FFTSHPEP:0.20606060606060606	TSHPEPEL:0.20606060606060606	ESDLNDPR:0.3616161616161616	LDVVYNHL:0.21212121212121213	SGERQGYY:0.23232323232323232	GRPLSLIA:0.21414141414141413	FTSHPEPE:0.20606060606060606	LFMGEEWA:0.20606060606060606	FMGEEWAA:0.21616161616161617	LSLIAESD:0.2101010101010101	PLSLIAES:0.21212121212121213	SHPEPELA:0.22828282828282828	HVDGLRLD:0.2202020202020202	VDGLRLDA:0.2787878787878788	AVSGERQG:0.2101010101010101	THDQVGNR:0.2808080808080808	HDQVGNRA:0.39191919191919194	SDLNDPRL:0.23030303030303031	HEPYGGPD:0.2222222222222222	
