cluster number:15
GH13:76	GH13:76|CBM48:4
GIAVILDV:0.35526315789473684	RLMYKNLQ:0.23684210526315788	WQFGELGY:0.5	EYKIDGFR:0.23684210526315788	GYAESHDE:0.21052631578947367	RWDLTKGF:0.631578947368421	NESWGYNT:0.3157894736842105	SHDEERLM:0.5	DEERLMYK:0.34210526315789475	PGPKMIWH:0.2894736842105263	ESWGYNTS:0.23684210526315788	YAESHDEE:0.2236842105263158	DPYSTLVL:0.2236842105263158	AESHDEER:0.23684210526315788	GPKMIWHF:0.27631578947368424	DTKPQPQW:0.21052631578947367	GNESWGYN:0.4868421052631579	LDTKPQPQ:0.21052631578947367	YVIFEHLG:0.27631578947368424	EFEGNESW:0.27631578947368424	HDEERLMY:0.35526315789473684	ESHDEERL:0.5657894736842105	FEGNESWG:0.27631578947368424	CKLDTKPQ:0.21052631578947367	HAFGRNPM:0.23684210526315788	EERLMYKN:0.34210526315789475	IPGPKMIW:0.2894736842105263	SWGYNTSF:0.3026315789473684	IAVILDVA:0.25	KLDTKPQP:0.21052631578947367	YVAGSFNN:0.21052631578947367	ADPYSTLV:0.21052631578947367	WGYNTSFH:0.3026315789473684	TIPGPKMI:0.23684210526315788	MEFEGNES:0.27631578947368424	LTKGFTQN:0.5131578947368421	NHAFGRNP:0.25	DLTKGFTQ:0.75	ERLMYKNL:0.2236842105263158	WDLTKGFT:0.631578947368421	EGNESWGY:0.2894736842105263	SFHMALDK:0.34210526315789475	GYNTSFHM:0.21052631578947367	YNTSFHMA:0.21052631578947367	KIDGFRWD:0.35526315789473684	MPVMEFEG:0.2236842105263158	IWQFGELG:0.40789473684210525	DGFRWDLT:0.5394736842105263	TKGFTQNC:0.4605263157894737	IDGFRWDL:0.47368421052631576	PVMEFEGN:0.23684210526315788	MIWQFGEL:0.40789473684210525	PGPKMIWQ:0.4342105263157895	KGFTQNCT:0.21052631578947367	GFRWDLTK:0.5394736842105263	FRWDLTKG:0.5394736842105263	NGIAVILD:0.3815789473684211	GPKMIWQF:0.4342105263157895	QFGELGYD:0.35526315789473684	PKMIWQFG:0.42105263157894735	ALDKAYGT:0.23684210526315788	KMIWQFGE:0.42105263157894735	AFGRNPMV:0.21052631578947367	INAIELMP:0.2631578947368421	NPMVRMWM:0.2236842105263158	DLCHQNGI:0.2236842105263158	QNGIAVIL:0.32894736842105265	RNPMVRMW:0.2236842105263158	GRNPMVRM:0.2236842105263158	FGRNPMVR:0.21052631578947367	LCHQNGIA:0.2236842105263158	CHQNGIAV:0.32894736842105265	HQNGIAVI:0.34210526315789475	NAIELMPV:0.3026315789473684	VMEFEGNE:0.21052631578947367	LMPVMEFE:0.21052631578947367	VPGPKMIW:0.39473684210526316	FHMALDKY:0.25	MALDKYYG:0.27631578947368424	HMALDKYY:0.27631578947368424	YKIDGFRW:0.23684210526315788	MESHDEER:0.42105263157894735	FTVPGPKM:0.21052631578947367	TVPGPKMI:0.25	SWGYNPSF:0.21052631578947367	YMESHDEE:0.23684210526315788	
