cluster number:26
GH13:844	GH13_10:834|CBM48:790|GH77:12|GH13:10|3.2.1.141:1
QWNDDGHN:0.23696682464454977	YDGVLPFA:0.28554502369668244	LHVLLTGE:0.48104265402843605	HNALHVLL:0.245260663507109	NHDQIGNR:0.5864928909952607	IGNRAFGE:0.22156398104265404	YRFDGLRL:0.3187203791469194	RLDAVHAI:0.44786729857819907	LQNHDQIG:0.43838862559241704	ARWRLGDG:0.23696682464454977	PWGAAIDF:0.2713270142180095	HDQIGNRA:0.5497630331753555	RFDGLRLD:0.37203791469194314	AVREGRRR:0.21919431279620852	ITAIELMP:0.25355450236966826	VLFLQNHD:0.3400473933649289	GITAIELM:0.25355450236966826	IPLLFMGE:0.23104265402843602	DGLRLDAV:0.490521327014218	TPWGAAID:0.28791469194312796	VHLVLENE:0.2381516587677725	DGVLPFAP:0.28080568720379145	DVVYNHFG:0.840047393364929	WGYDGVLP:0.716824644549763	GNRAFGER:0.3933649289099526	GYDGVLPF:0.28554502369668244	LDVVYNHF:0.731042654028436	AQWNDDGH:0.31516587677725116	NRAFGERL:0.3684834123222749	VREGRRRE:0.22274881516587677	EYRFDGLR:0.35545023696682465	ALHVLLTG:0.3222748815165877	FLDVVYNH:0.2890995260663507	LFLQNHDQ:0.36492890995260663	REGRRREF:0.22393364928909953	QNHDQIGN:0.5675355450236966	NWGYDGVL:0.726303317535545	RHVHLVLE:0.30450236966824645	DQIGNRAF:0.23933649289099526	WGAAIDFR:0.23696682464454977	RNWGYDGV:0.6860189573459715	HVHLVLEN:0.29739336492890994	NALHVLLT:0.245260663507109	FVLFLQNH:0.3400473933649289	QIGNRAFG:0.23933649289099526	FDGLRLDA:0.4431279620853081	LRLDAVHA:0.46208530805687204	VFLDVVYN:0.2713270142180095	FLQNHDQI:0.4277251184834123	VVYNHFGP:0.8364928909952607	AFVLFLQN:0.2985781990521327	GLRLDAVH:0.46919431279620855	PLLFMGEE:0.2796208530805687	EAVIYELH:0.25829383886255924	VIYELHVG:0.30924170616113744	TAIELMPL:0.28554502369668244	AVIYELHV:0.273696682464455	NHDQVGNR:0.29739336492890994	QNHDQVGN:0.28199052132701424	HDQVGNRA:0.2890995260663507	HFGPDGNY:0.5699052132701422	NHFGPDGN:0.6635071090047393	FGPDGNYL:0.5343601895734598	VYNHFGPD:0.6090047393364929	YNHFGPDG:0.6741706161137441	RFDAVHAI:0.20616113744075829	FALWAPDA:0.23222748815165878	FLQNHDQV:0.22630331753554503	YDGVLPYA:0.43009478672985785	LADAVREG:0.28199052132701424	ADAVREGR:0.28199052132701424	DGVLPYAP:0.4158767772511848	DAVREGRR:0.3009478672985782	LQNHDQVG:0.23104265402843602	GYDGVLPY:0.4312796208530806	NRALGERL:0.22748815165876776	GNRALGER:0.23104265402843602	HVLLTGET:0.26303317535545023	ELADAVRE:0.2014218009478673	FDAQWNDD:0.26540284360189575	VPDPASRA:0.2037914691943128	LGVTAIEL:0.25	RFALWAPD:0.2109004739336493	PDPASRAQ:0.20616113744075829	VTAIELMP:0.22748815165876776	GVTAIELM:0.22748815165876776	DAQWNDDG:0.23696682464454977	RGEPSGHL:0.20023696682464456	DPASRFQP:0.2014218009478673	RPWHEAVI:0.2381516587677725	GPDGNYLH:0.21208530805687204	GRPWHEAV:0.24407582938388625	
