cluster number:188
GH13:239	GH13_23:224|GH13:11|3.2.1.20:4|GH13_17:3|3.2.1.10:1|GH13_36:1|3.2.1.28:1
PRSFQDSN:0.26778242677824265	DSNGDGIG:0.22594142259414227	RSFQDSNG:0.2301255230125523	IYPRSFQD:0.4309623430962343	PMADFGYD:0.40585774058577406	SPMADFGY:0.40585774058577406	YPRSFQDS:0.41841004184100417	QIYPRSFQ:0.41841004184100417	IYQIYPRS:0.3263598326359833	EQPDLNWR:0.4393305439330544	SNGDGIGD:0.22594142259414227	YQIYPRSF:0.5397489539748954	QPDLNWRN:0.7405857740585774	SFQDSNGD:0.25523012552301255	FQDSNGDG:0.25523012552301255	GWPNWVLG:0.2384937238493724	WVLGNHDR:0.22594142259414227	GGPPNNWL:0.2301255230125523	DGFRVDVI:0.3179916317991632	GFRVDVIW:0.30962343096234307	VDGFRVDV:0.497907949790795	VAAMLLLT:0.2510460251046025	PDGGPPNN:0.29707112970711297	PSPMADFG:0.3305439330543933	RGVDGFRV:0.39748953974895396	DPAPDGGP:0.2719665271966527	YYGDEIGM:0.3138075313807531	PAPDGGPP:0.27615062761506276	YIWRDPAP:0.2175732217573222	GTPTLYYG:0.28451882845188287	WPNWVLGN:0.5313807531380753	GVDGFRVD:0.5857740585774058	RVDVIWHL:0.24267782426778242	FGYDVADY:0.34309623430962344	DFGYDVAD:0.3472803347280335	PNWVLGNH:0.5564853556485355	MADFGYDV:0.25523012552301255	KRDWYIWR:0.3472803347280335	AMLLLTLR:0.3179916317991632	WRDPAPDG:0.2510460251046025	DWYIWRDP:0.2803347280334728	RVAAMLLL:0.24267782426778242	WYIWRDPA:0.24686192468619247	LDRGVDGF:0.21338912133891214	NWVLGNHD:0.5648535564853556	TPTLYYGD:0.28451882845188287	RGTPTLYY:0.2803347280334728	LLTLRGTP:0.6569037656903766	PTLYYGDE:0.28451882845188287	LTLRGTPT:0.5523012552301255	PKRDWYIW:0.3598326359832636	VLIGEIYL:0.28870292887029286	ILDLVPNH:0.200836820083682	ARVAAMLL:0.27615062761506276	DLVPNHTS:0.23430962343096234	QARVAAML:0.2803347280334728	RDWYIWRD:0.4100418410041841	RDPAPDGG:0.2510460251046025	LYYGDEIG:0.23430962343096234	GGWPNWVL:0.20502092050209206	GPPNNWLS:0.2301255230125523	YQVYPRSF:0.26778242677824265	FRVDVIWH:0.24267782426778242	LLLTLRGT:0.6150627615062761	PDLNWRNP:0.702928870292887	DGGPPNNW:0.3598326359832636	APDGGPPN:0.2594142259414226	TLYYGDEI:0.2301255230125523	DRGVDGFR:0.25523012552301255	MLLLTLRG:0.3514644351464435	AAMLLLTL:0.3179916317991632	LIGEIYLP:0.3514644351464435	TLRGTPTL:0.3305439330543933	LRGTPTLY:0.3305439330543933	WLDRGVDG:0.21338912133891214	RVLIGEIY:0.28870292887029286	NPKRDWYI:0.2719665271966527	RSSRDNPK:0.2594142259414226	SRDNPKRD:0.3054393305439331	SRSSRDNP:0.25523012552301255	RDNPKRDW:0.3138075313807531	SSRDNPKR:0.2594142259414226	DNPKRDWY:0.3305439330543933	DLNWRNPE:0.3305439330543933	LNWRNPEV:0.32217573221757323	AWPNWVLG:0.2217573221757322	PERTPMQW:0.22594142259414227	GRDPERTP:0.23430962343096234	WVLGNHDQ:0.25523012552301255	RDPERTPM:0.26359832635983266	GYDVADYC:0.2510460251046025	DPERTPMQ:0.22594142259414227	TSDQHPWF:0.23430962343096234	PNHTSDQH:0.24267782426778242	VPNHTSDQ:0.23430962343096234	DFVPNHTS:0.24686192468619247	NHTSDQHP:0.2301255230125523	FVPNHTSD:0.20502092050209206	HTSDQHPW:0.23430962343096234	TGQYYYHA:0.3179916317991632	NGDGIGDL:0.2510460251046025	ESRSSRDN:0.2594142259414226	QYYYHAFL:0.37656903765690375	HPWFVESR:0.21338912133891214	GQYYYHAF:0.32217573221757323	
