cluster number:90
GH13:3806	GH13_9:3803|CBM48:3747|2.4.1.18:24|GH77:4|GH13:3|GT5:2|GH13_3:1|GH0:1
AEESTAWP:0.28901734104046245	MGWMHDTL:0.30767209668943774	WNMGWMHD:0.4821334734629532	LPLSHDEV:0.4164477141355754	SHDEVVHG:0.8265895953757225	GLRVDAVA:0.5336311087756175	NMGWMHDT:0.27088807146610616	FAVWAPNA:0.39936941671045717	LRVDAVAS:0.6242774566473989	RVDAVASM:0.7243825538623226	WQKFANLR:0.28218602207041515	GVILDWVP:0.3307934839726747	SMLYLDYS:0.34813452443510245	MLYLDYSR:0.34839726747241195	PGKKLLFM:0.5436153441933789	LSHDEVVH:0.4616395165528113	AVASMLYL:0.3912243825538623	IAEESTAW:0.24724119810825013	IDGLRVDA:0.2947976878612717	EVVHGKGS:0.2840252233315817	DGLRVDAV:0.5980031529164477	VLPLSHDE:0.24382553862322648	VASMLYLD:0.3906988964792433	GKKLLFMG:0.546768260641093	HDEVVHGK:0.8168681029952706	VDAVASML:0.6001050972149238	KWNMGWMH:0.4821334734629532	ASMLYLDY:0.3857067787703626	DEVVHGKG:0.3423541776142932	HIDGLRVD:0.2614293221229637	VVHGKGSL:0.23384130320546506	DAVASMLY:0.6001050972149238	IGVILDWV:0.2911192853389385	HPGKKLLF:0.3723068838675775	FVLPLSHD:0.21071991592222805	PLSHDEVV:0.4211770888071466	DGRRHPMR:0.23909616395165528	FKWNMGWM:0.22569626904887022	WDGRRHPM:0.27167630057803466	YGGRENLE:0.21466106148187072	EESTAWPG:0.21255911718339465	VASMLYRD:0.20204939569101418	ASMLYRDY:0.20178665265370468	VSVVGDFN:0.2306883867577509	DWVPAHFP:0.4442984760903836	FGGSWGYQ:0.28665265370467685	AVASMLYR:0.2025748817656332	PFGGSWGY:0.28744088281660535	ESTAWPGV:0.20625328428796638	DWNTLIYN:0.20441408302679978	EHPFGGSW:0.26195480819758277	FDGTALYE:0.26878612716763006	HPFGGSWG:0.26694692590646346	KWNMGWMN:0.3000525486074619	GRENLEAI:0.2766684182869154	YKWNMGWM:0.28980557015239095	GGRENLEA:0.4232790331056227	LDWVPAHF:0.26195480819758277	WNMGWMND:0.3000525486074619	PISHDEVV:0.28244876510772465	LPISHDEV:0.28297425118234365	KFANLRAY:0.21807672096689437	EVVHGKKS:0.20677877036258538	LDWVPGHF:0.25985286389910667	ILDWVPGH:0.20415133998949028	ISHDEVVH:0.26878612716763006	DEVVHGKK:0.21098265895953758	GIGVILDW:0.20572779821334736	DWVPGHFP:0.24855491329479767	YEVHLGSW:0.3759852863899107	EVHLGSWR:0.2582764056752496	FDGSWGYQ:0.26694692590646346	QKFANLRA:0.21755123489227535	PFDGSWGY:0.26694692590646346	IYEVHLGS:0.2511823436678928	
