cluster number:195
GH13:19	GH13:19
RFLENHDE:0.42105263157894735	IASSPYSI:0.21052631578947367	CRFLENHD:0.3684210526315789	LQLNYANP:0.3684210526315789	QCDAVRCD:0.21052631578947367	RLMLDFVP:0.47368421052631576	TYDKPFYD:0.47368421052631576	AESYWNKE:0.42105263157894735	DAVRCDVA:0.42105263157894735	HLCRFLEN:0.21052631578947367	LAESYWNK:0.42105263157894735	PWTDTLQL:0.2631578947368421	PNHLALDN:0.3157894736842105	YFPPWTDT:0.21052631578947367	ESYWNKEW:0.42105263157894735	FVPNHLAL:0.2631578947368421	NHDEPRAA:0.3157894736842105	CDVAMLVL:0.2631578947368421	DFVPNHLA:0.2631578947368421	FLAESYWN:0.5263157894736842	IRLMLDFV:0.42105263157894735	DIASSPYS:0.21052631578947367	ENHDEPRA:0.3157894736842105	MLDFVPNH:0.6842105263157895	FLFLAESY:0.3157894736842105	DTLQLNYA:0.5263157894736842	KKKIPVQL:0.21052631578947367	TDTLQLNY:0.631578947368421	GIRLMLDF:0.3684210526315789	DPYFPPWT:0.21052631578947367	AVRCDVAM:0.42105263157894735	EINTRVWL:0.42105263157894735	VRCDVAML:0.5789473684210527	GFDYTYDK:0.3157894736842105	VPNHLALD:0.3157894736842105	PYFPPWTD:0.21052631578947367	LFLAESYW:0.3157894736842105	DVAMLVLK:0.2631578947368421	TLQLNYAN:0.42105263157894735	PGMHLVHQ:0.2631578947368421	YDKPFYDY:0.3684210526315789	FLENHDEP:0.21052631578947367	RCDVAMLV:0.2631578947368421	LCRFLENH:0.3684210526315789	LMLDFVPN:0.6842105263157895	LDFVPNHL:0.2631578947368421	DPESCFEY:0.21052631578947367	LENHDEPR:0.21052631578947367	WTDTLQLN:0.631578947368421	CDAVRCDV:0.3684210526315789	YWNKEWEL:0.3684210526315789	PVQLLRQA:0.2631578947368421	WNKEWELQ:0.3684210526315789	LVYEINTR:0.47368421052631576	FPLVYEIN:0.5263157894736842	VYEINTRI:0.21052631578947367	EINTRIWL:0.2631578947368421	PLVYEINT:0.47368421052631576	QGFDFTYD:0.21052631578947367	LKSVFNTT:0.21052631578947367	PGMHLIHQ:0.21052631578947367	KSVFNTTW:0.21052631578947367	YEINTRIW:0.21052631578947367	MFPLVYEI:0.5263157894736842	DVAMLILK:0.2631578947368421	GFDFTYDK:0.5789473684210527	CDVAMLIL:0.2631578947368421	FDFTYDKP:0.42105263157894735	RCDVAMLI:0.2631578947368421	ANFSATGI:0.21052631578947367	KIPVQLIR:0.21052631578947367	DFVPNHMA:0.47368421052631576	FVPNHMAL:0.3684210526315789	PNHMALDN:0.3684210526315789	AHGKDPYF:0.3684210526315789	HGKDPYFP:0.3684210526315789	QLNYANPA:0.3157894736842105	LNYANPAT:0.3157894736842105	DFTYDKPF:0.3684210526315789	FTYDKPFY:0.3684210526315789	LCDGVRCD:0.21052631578947367	RFIENHDE:0.42105263157894735	VPNHMALD:0.3684210526315789	LDFVPNHM:0.47368421052631576	LAHGKDPY:0.3684210526315789	NYANPATH:0.3684210526315789	DKPFYDYL:0.21052631578947367	CRFIENHD:0.3157894736842105	LANFSATG:0.21052631578947367	LGFDFTYD:0.21052631578947367	LCRFIENH:0.3157894736842105	AHGRDPYF:0.2631578947368421	HGRDPYFP:0.21052631578947367	FPSWTDTL:0.21052631578947367	PDFIFLAE:0.2631578947368421	TRIWLQKL:0.21052631578947367	YFPSWTDT:0.21052631578947367	PYFPSWTD:0.21052631578947367	DPYFPSWT:0.21052631578947367	INTRIWLQ:0.21052631578947367	PSWTDTLQ:0.21052631578947367	NTRIWLQK:0.21052631578947367	VQLLRQAS:0.21052631578947367	VYEINTRV:0.2631578947368421	WELQQQGF:0.2631578947368421	EWELQQQG:0.2631578947368421	ELQQQGFD:0.2631578947368421	LRQASEPF:0.21052631578947367	KEWELQQQ:0.2631578947368421	YEINTRVW:0.3157894736842105	LLRQASEP:0.21052631578947367	IHQGQLEG:0.21052631578947367	QLLRQASE:0.21052631578947367	LIHQGQLE:0.21052631578947367	LPVQLLRQ:0.2631578947368421	INTRVWLR:0.21052631578947367	LMGVWKPS:0.2631578947368421	AMLVLKSV:0.21052631578947367	WLMGVWKP:0.2631578947368421	VAMLVLKS:0.21052631578947367	VWLMGVWK:0.2631578947368421	LAHGRDPY:0.21052631578947367	NKEWELQQ:0.3157894736842105	SYWNKEWE:0.3157894736842105	APGMHLVH:0.21052631578947367	VRCDMAML:0.3157894736842105	GVRCDMAM:0.21052631578947367	AFVLANFS:0.21052631578947367	DGVRCDMA:0.21052631578947367	AWTDTLQL:0.21052631578947367	PAWTDTLQ:0.21052631578947367	FPAWTDTL:0.21052631578947367	DPYFPAWT:0.21052631578947367	YFPAWTDT:0.21052631578947367	PYFPAWTD:0.21052631578947367	
