cluster number:184
GH13:1844	GH13_29:1639|GH13_31:155|GH13:45|3.2.1.93:4|GH13_16:2|GH13_20:2|3.2.1.20:1|GH13_39:1
YQGEEIGM:0.5276572668112798	QADLNWEN:0.5216919739696312	VYQIYPKS:0.3351409978308026	YIYQGEEI:0.46203904555314534	VGEMSSTT:0.4631236442516269	IYQGEEIG:0.4609544468546638	TVGEMSST:0.7266811279826464	QGEEIGMT:0.47396963123644253	GEEIGMTN:0.4235357917570499	YQIYPKSF:0.7250542299349241	RIVSRFGD:0.35086767895878523	GDGRRFYT:0.3882863340563991	IYPKSFQD:0.31073752711496744	YPKSFQDT:0.21203904555314534	ADLNWENP:0.34598698481561824	PRIVSRFG:0.3855748373101952	DVINLISK:0.39804772234273317	PYIYQGEE:0.5824295010845987	HGMQGTPY:0.2635574837310195	RLDVINLI:0.30856832971800435	PQVDNGYD:0.31344902386117135	YRDVESLN:0.2917570498915401	EMSSTSLE:0.2017353579175705	FHHLKVDY:0.8150759219088937	IYQIYPKS:0.47885032537960953	AWNALFWC:0.2651843817787419	AILASKSR:0.2044468546637744	FNFHHLKV:0.6854663774403471	WQNGVIYQ:0.24891540130151843	WNALFWCN:0.47668112798264645	MVFNHTST:0.2608459869848156	KSFQDTTG:0.20119305856832972	LAILASKS:0.20065075921908893	VDNGYDVA:0.2559652928416486	NFHHLKVD:0.6854663774403471	LDVINLIS:0.30856832971800435	LSMTFNFH:0.3600867678958785	TFNFHHLK:0.4311279826464208	ILASKSRD:0.2131236442516269	VLHGMQGT:0.2185466377440347	QVDNGYDV:0.2868763557483731	GMQGTPYI:0.25704989154013014	VDGLRLDV:0.2592190889370933	CNHDQPRI:0.46800433839479394	GTPYIYQG:0.5813449023861171	QYYLHLFA:0.31182212581344904	GRRFYTDG:0.4452277657266811	MTVGEMSS:0.4625813449023861	QIYPKSFQ:0.31019522776572667	SPQVDNGY:0.31344902386117135	QGTPYIYQ:0.4940347071583514	SKFGGNAW:0.33405639913232105	NWRSKFGG:0.20553145336225598	GVIYQIYP:0.25162689804772237	NGVIYQIY:0.24566160520607375	NHDQPRIV:0.4566160520607375	NALFWCNH:0.47830802603036876	DGRRFYTD:0.4452277657266811	LHGMQGTP:0.2635574837310195	ALFWCNHD:0.559652928416486	NNWRSKFG:0.20498915401301518	MQGTPYIY:0.36550976138828634	QPRIVSRF:0.38611713665943603	TPYIYQGE:0.5813449023861171	VGEMSSTS:0.2532537960954447	VSRFGDEG:0.2727765726681128	EQADLNWE:0.3351409978308026	LFWCNHDQ:0.5732104121475055	MTFNFHHL:0.4311279826464208	PKSFQDTT:0.20065075921908893	FWCNHDQP:0.6550976138828634	WCNHDQPR:0.6865509761388287	RRFYTDGP:0.4316702819956616	LMTVGEMS:0.27711496746203906	SMTFNFHH:0.37147505422993493	MVLHGMQG:0.2158351409978308	HHLKVDYP:0.5195227765726681	ELSMTFNF:0.35683297180043383	LASKSRDN:0.2131236442516269	WWQNGVIY:0.24891540130151843	QNGVIYQI:0.23752711496746204	VIYQIYPK:0.37689804772234275	GEMSSTSL:0.22234273318872017	GVDGLRLD:0.26301518438177873	PNNWRSKF:0.20498915401301518	DMVFNHTS:0.2651843817787419	HDQPRIVS:0.45607375271149675	RFYTDGPR:0.3432754880694143	DQPRIVSR:0.455531453362256	IVSRFGDE:0.28470715835141	GFRFDVIN:0.21746203904555314	VVYQIYPK:0.2901301518438178	LKVDYPNG:0.2933839479392625	NWQSKFGG:0.23481561822125813	NGYDISDY:0.24240780911062906	GGGWNALF:0.2158351409978308	GWNALFWC:0.210412147505423	DYPNGEKW:0.21475054229934923	TDGPRVHE:0.25813449023861174	KVDYPNGE:0.21095444685466377	VDYPNGEK:0.21095444685466377	DNSRTPMQ:0.44414316702819956	FYTDGPRV:0.20119305856832972	GEMSSTTI:0.20119305856832972	KSRDNSRT:0.4837310195227766	FRLDVINL:0.27765726681127983	NSRTPMQW:0.44414316702819956	RDNSRTPM:0.4831887201735358	GQYYLHLF:0.23481561822125813	GGWNALFW:0.21149674620390455	GFRLDVIN:0.2977223427331887	SRDNSRTP:0.5265726681127982	DNGYDISD:0.24240780911062906	HLKVDYPN:0.34598698481561824	YTDGPRVH:0.27928416485900215	SKFGGSAW:0.3926247288503254	EEIGMTNP:0.3579175704989154	HWQQGMHN:0.21691973969631237	LGVDAIWL:0.22939262472885033	GVDAIWLT:0.22939262472885033	VDAIWLTP:0.23210412147505424	
