cluster number:204
GH13:47	GH13:47
GYLKRLGV:0.23404255319148937	YLREAMFG:0.2553191489361702	FLDVDPHF:0.23404255319148937	NFLDVDPH:0.2127659574468085	GYGIQNFL:0.5106382978723404	GLDAALGI:0.2127659574468085	QNFLDVDP:0.23404255319148937	GIPCIYYG:0.5531914893617021	CIYYGTEQ:0.5531914893617021	YHGYGIQN:0.5319148936170213	TGLDAALG:0.2978723404255319	IQNFLDVD:0.23404255319148937	PCIYYGTE:0.5106382978723404	IPCIYYGT:0.48936170212765956	YGIQNFLD:0.2765957446808511	GIQNFLDV:0.2127659574468085	IGEITGGR:0.2978723404255319	LDVDPHFG:0.23404255319148937	LRECMFGG:0.2765957446808511	HGYGIQNF:0.5319148936170213	YFDLFRNS:0.2127659574468085	NGIYVILD:0.2978723404255319	ILDIILNH:0.3829787234042553	LGIPCIYY:0.425531914893617	IPDKLEYL:0.2127659574468085	GTEQAFDG:0.3617021276595745	YKYWIAYA:0.2765957446808511	GIYVILDI:0.3404255319148936	ANGIYVIL:0.2553191489361702	RIDTVKHM:0.3829787234042553	YGTEQAFD:0.3617021276595745	YVILDIIL:0.3191489361702128	FRIDTVKH:0.2765957446808511	HGYGIQDF:0.2127659574468085	YHGYGIQD:0.2127659574468085	LFRNSLLV:0.23404255319148937	GYGIQDFL:0.2127659574468085	AHANGIYV:0.2553191489361702	DHDQVRKG:0.23404255319148937	KYWIAYAD:0.2765957446808511	IYYGTEQA:0.46808510638297873	TLGIPCIY:0.425531914893617	VILDIILN:0.3829787234042553	GFRIDTVK:0.2553191489361702	YYGTEQAF:0.48936170212765956	IYVILDII:0.3404255319148936	DDHDQVRK:0.23404255319148937	TYHGYGIQ:0.48936170212765956	HANGIYVI:0.2553191489361702	DGFRIDTV:0.2553191489361702	YGIQNFLE:0.23404255319148937	LLPDRFSD:0.2127659574468085	ETYHGYGI:0.2127659574468085	LRRGRQYL:0.3829787234042553	DFFDLKDI:0.2553191489361702	LDIILNHA:0.2127659574468085	RRGRQYLR:0.3829787234042553	DIILNHAG:0.2127659574468085	GDFFDLKD:0.2765957446808511	VDPHFGTR:0.2127659574468085	RECMFGGP:0.2127659574468085	ECMFGGPF:0.2127659574468085	CMFGGPFG:0.2127659574468085	DVDPHFGT:0.2127659574468085	DPRFGTRQ:0.2127659574468085	DCDGFRID:0.2127659574468085	ALRRGRQY:0.23404255319148937	RGRQYLRE:0.2127659574468085	
