cluster number:108
GH13:118	GH13:118|3.2.1.1:1
LIMPDRFA:0.3135593220338983	PQLYYGSE:0.288135593220339	MPDRFANG:0.5338983050847458	IMPDRFAN:0.3135593220338983	DYVTNHWG:0.4915254237288136	DRFANGNP:0.3220338983050847	LIQNAIWW:0.3644067796610169	KAITDEYP:0.2542372881355932	GFRVDTYS:0.211864406779661	GIIDHLDY:0.23728813559322035	IIDHLDYI:0.2033898305084746	YLIQNAIW:0.3644067796610169	DGFRVDTY:0.2457627118644068	NAIWWIEY:0.4745762711864407	PSVMDFTL:0.23728813559322035	RGIPQLYY:0.3474576271186441	LDGFRVDT:0.2457627118644068	IPQLYYGS:0.2796610169491525	QLYYGSEI:0.2796610169491525	YYGSEIGM:0.3135593220338983	FNIVGEVW:0.2033898305084746	VMDFTLHD:0.23728813559322035	MDFTLHDA:0.23728813559322035	YLIMPDRF:0.3389830508474576	NPLVLNYL:0.2457627118644068	LPSVMDFT:0.2457627118644068	NYLIQNAI:0.2288135593220339	AIWWIEYA:0.4322033898305085	DPRYGTNE:0.2033898305084746	GIPQLYYG:0.3474576271186441	NFVNDFLY:0.22033898305084745	PDRFANGN:0.4491525423728814	IQNAIWWI:0.22033898305084745	IDPRYGTN:0.288135593220339	FRVDTYSY:0.2033898305084746	QNAIWWIE:0.5084745762711864	TQNAIWWI:0.2627118644067797	YLTQNAIW:0.2627118644067797	DGLRVDTY:0.2033898305084746	IQGIIDHL:0.2033898305084746	DTYSYNDK:0.2542372881355932	GDIQGIID:0.22033898305084745	SYWQKDSP:0.2033898305084746	HGGDIQGI:0.4830508474576271	DVYKIDPR:0.2033898305084746	RVDTYSYN:0.3050847457627119	GRHGGDIQ:0.576271186440678	RQDFPGGW:0.2033898305084746	IRQDFPGG:0.2033898305084746	IWWIEYAD:0.2966101694915254	QGIIDHLD:0.211864406779661	DIQGIIDH:0.2033898305084746	LTQNAIWW:0.2627118644067797	RHGGDIQG:0.5932203389830508	LDGLRVDT:0.211864406779661	GGDIQGII:0.3305084745762712	VDTYSYND:0.2542372881355932	YKIDPRYG:0.23728813559322035	WWIEYADL:0.3135593220338983	DIRRDFPG:0.211864406779661	GIPQIYYG:0.2033898305084746	RRDFPGGW:0.211864406779661	LLMPDRFA:0.2033898305084746	IRRDFPGG:0.211864406779661	YLLMPDRF:0.2033898305084746	RGIPQIYY:0.2033898305084746	DLNQSNPL:0.2033898305084746	LGATAIWS:0.211864406779661	QNAIWWVE:0.23728813559322035	YPNFNIVG:0.3559322033898305	EYPNFNIV:0.3559322033898305	GATAIWST:0.211864406779661	PDLNQSNP:0.22033898305084745	MPDLNQSN:0.211864406779661	GGRHGGDI:0.5338983050847458	ATAIWSTP:0.211864406779661	PNFNIVGE:0.3559322033898305	DEYPNFNI:0.2711864406779661	MDYVTNHW:0.2288135593220339	KGGRHGGD:0.3898305084745763	PDRFANGD:0.288135593220339	LSGIRVDT:0.2966101694915254	IRVDTYSY:0.2966101694915254	GIRVDTYS:0.2966101694915254	FNIVGEEW:0.288135593220339	SGIRVDTY:0.2966101694915254	TMPDLNQR:0.2457627118644068	LPSVMDFP:0.2033898305084746	SVMDFPLQ:0.22033898305084745	PSVMDFPL:0.2033898305084746	NIVGEEWS:0.211864406779661	FKGGRHGG:0.22033898305084745	LTTRGIPQ:0.2796610169491525	LLTTRGIP:0.211864406779661	YHGYSTTD:0.2033898305084746	MPDLNQRN:0.2033898305084746	DHGIIRSD:0.2033898305084746	IRSDFPGG:0.2033898305084746	RSDFPGGW:0.2033898305084746	SYHGYSTT:0.2033898305084746	HGIIRSDF:0.2033898305084746	IIRSDFPG:0.2033898305084746	
