cluster number:171
GH13:1514	GH13_3:1505|GH13:226|2.4.99.16:2|GH0:1|GT4:1
YLDSEKYQ:0.22985468956406868	VDNPHTKP:0.8916776750330251	LPPIHPIG:0.30184940554821665	SYTYFTWR:0.7239101717305152	QSYTYFTW:0.7648612945838837	KKYQDIYP:0.4815059445178336	PKKYQDIY:0.48282694848084545	EYLDSEKY:0.4749009247027741	VGSPWAIG:0.2311756935270806	YLPPIHPI:0.30184940554821665	YAENPPKK:0.7701453104359313	PPIHPIGR:0.23778071334214002	NPPKKYQD:0.7285336856010568	WYELFPRS:0.4081902245706737	FLSEAFTR:0.2774108322324967	ENPPKKYQ:0.7285336856010568	RVDNPHTK:0.9412153236459709	SEEYLDSE:0.20805812417437253	FRVDNPHT:0.9346103038309115	EEYLDSEK:0.5092470277410832	AENPPKKY:0.8837516512549538	PPKKYQDI:0.7219286657859973	LSEAFTRP:0.27542932628797884	DVGSPWAI:0.23051519154557465	GFDVVYLP:0.2331571994715984	FVNTPDIL:0.27873183619550856	TIAYAENP:0.2476882430647292	KYQDIYPL:0.22060766182298547	GSPWAIGS:0.24702774108322326	AYAENPPK:0.37384412153236457	GTIAYAEN:0.2476882430647292	VYLPPIHP:0.21796565389696168	YLDSEKYE:0.24636723910171732	DGTIAYAE:0.2476882430647292	MGFDVVYL:0.24108322324966974	FDVVYLPP:0.23778071334214002	IAYAENPP:0.3705416116248349	VNTPDILH:0.21334214002642007	VRIFRVDN:0.2727873183619551	RKGRNNSL:0.2166446499339498	GVRIFRVD:0.2727873183619551	WYEFFPRS:0.28335535006605017	FLAEAFTR:0.4610303830911493	AEAFTRPA:0.25957727873183617	SQSYTYFT:0.3652575957727873	RIFRVDNP:0.30647291941875826	LAEAFTRP:0.4511228533685601	IFRVDNPH:0.5680317040951123	FSQSYTYF:0.285997357992074	GFSQSYTY:0.2866578599735799	FPPIHPIG:0.39365918097754293	PGSPYAIG:0.34015852047556144	LYFPPIHP:0.332892998678996	IVNVDFYA:0.22787318361955086	GFDVLYFP:0.31704095112285335	FFVNTPDI:0.4484808454425363	SWYELFPR:0.35072655217965654	QCSPDHPW:0.404887714663144	LDFAIQCS:0.2582562747688243	DNPHTKPL:0.36129458388375163	RYAENPPK:0.20805812417437253	PGKEEYLD:0.24174372523117568	YFPPIHPI:0.39365918097754293	DVLYFPPI:0.3130779392338177	GFLIRAAL:0.21070013210039631	VNTPDINP:0.3579920739762219	ASWYELFP:0.21598414795244386	FVNTPDIN:0.357331571994716	KEEYLDSE:0.23778071334214002	GKEEYLDS:0.23712021136063408	FDVLYFPP:0.3177014531043593	DIVNVDFY:0.27344782034346105	MGFDVLYF:0.34346103038309117	NPHTKPLP:0.2892998678996037	FASWYELF:0.2093791281373844	PHTKPLPF:0.2892998678996037	FLIRAALA:0.2404227212681638	VLYFPPIH:0.31175693527080584	ALDFAIQC:0.29722589167767505	HTKPLPFW:0.2892998678996037	GSPYAIGS:0.3104359313077939	DPGSPYAI:0.28797886393659183	WGMYSGFE:0.24966974900924702	SGLWGMYS:0.2192866578599736	DMGFDVLY:0.23249669749009247	PNFFVNTP:0.3606340819022457	VIFLAEAF:0.3005284015852048	HGLEIALD:0.20409511228533686	GLWGMYSG:0.2192866578599736	LEIALDFA:0.28269484808454426	IFLAEAFT:0.34081902245706736	KKYQDIVN:0.21070013210039631	GGHDAIHP:0.2476882430647292	NFFVNTPD:0.3619550858652576	GLEIALDF:0.23381770145310435	LWGMYSGF:0.22060766182298547	GMYSGFEL:0.22721268163804492	MYSGFELC:0.21334214002642007	RPNFFVNT:0.36261558784676357	PKKYQDIV:0.21466314398943198	YTYFTWRN:0.45970937912813736	YSGFELCE:0.2536327608982827	EAFTRPAM:0.20805812417437253	DNPHTKPV:0.20871862615587847	TYFTWRNT:0.285997357992074	YFTWRNTK:0.29260237780713344	
