cluster number:58
GH13:41	GH13:41|2.4.1.-:2|2.4.1.25:1
HALPKELE:0.24390243902439024	ETPDTPRI:0.4146341463414634	EKQPMNLG:0.2682926829268293	DPQPTWDD:0.43902439024390244	IDMGHALP:0.5121951219512195	PQPTWDDV:0.43902439024390244	PTWDDVTF:0.4878048780487805	NDPQPTWD:0.43902439024390244	QPMNLGLD:0.7804878048780488	ITPPGFSD:0.4146341463414634	ARIDMGHA:0.5121951219512195	RIDMGHAL:0.5121951219512195	DGARIDMG:0.5121951219512195	KQPMNLGL:0.2682926829268293	TPPGFSDW:0.2926829268292683	PPYVLFDV:0.2682926829268293	MGHALPKE:0.4634146341463415	DMGHALPK:0.5121951219512195	GARIDMGH:0.5121951219512195	IDGARIDM:0.5609756097560976	VETPDTPR:0.36585365853658536	GHALPKEL:0.4634146341463415	QPTWDDVT:0.4878048780487805	QPPYVLFD:0.21951219512195122	ESGTFLKM:0.3170731707317073	EHPDWFYW:0.6097560975609756	EEFKAFVE:0.2682926829268293	FKAFVEAC:0.2682926829268293	PDWFYWIK:0.5609756097560976	HPDWFYWI:0.7317073170731707	QPPWTDVT:0.3170731707317073	FVEACHIL:0.34146341463414637	FGIDGARI:0.34146341463414637	EFKAFVEA:0.34146341463414637	GIDGARID:0.5365853658536586	KAFVEACH:0.2682926829268293	AFVEACHI:0.34146341463414637	TFLRLYLD:0.4146341463414634	YGKLAFFD:0.5609756097560976	DDVTFLRL:0.4634146341463415	GIITPPGF:0.24390243902439024	DFIPRTAA:0.2926829268292683	LRLYLDHP:0.5121951219512195	IPRTAARD:0.2926829268292683	SGTFLKMI:0.2682926829268293	WDDVTFLR:0.4878048780487805	VLDFIPRT:0.21951219512195122	FYGKLAFF:0.3170731707317073	PMNLGLDN:0.3170731707317073	FGIITPPG:0.24390243902439024	DVTFLRLY:0.5121951219512195	IITPPGFS:0.24390243902439024	GSPYAVKN:0.3902439024390244	EFGIITPP:0.24390243902439024	FLRLYLDH:0.34146341463414637	LDFIPRTA:0.43902439024390244	FIPRTAAR:0.2926829268292683	VTFLRLYL:0.4634146341463415	TWDDVTFL:0.4634146341463415	IQPMNLGL:0.24390243902439024	EIQPMNLG:0.24390243902439024	GARLDMGH:0.36585365853658536	DGARLDMG:0.36585365853658536	PRTSARDS:0.2682926829268293	PGFSDWIN:0.21951219512195122	RLDMGHAL:0.43902439024390244	GFSDWIND:0.21951219512195122	IPRTSARD:0.2926829268292683	LDMGHALP:0.43902439024390244	ARLDMGHA:0.36585365853658536	LFDVIKSS:0.21951219512195122	KLAFFDHY:0.36585365853658536	GKLAFFDH:0.36585365853658536	FDHYVLHW:0.2926829268292683	SVETPDTP:0.2926829268292683	LAFFDHYV:0.2926829268292683	AFFDHYVL:0.2926829268292683	ILDFIPRT:0.2926829268292683	RTSARDSD:0.21951219512195122	LASVETPD:0.21951219512195122	FFDHYVLH:0.2926829268292683	ASVETPDT:0.2926829268292683	QKNFGIDG:0.24390243902439024	KNFGIDGA:0.24390243902439024	NFGIDGAR:0.2926829268292683	IDGARLDM:0.2926829268292683	VKRHLKKF:0.24390243902439024	YQKNFGID:0.21951219512195122	GIDGARLD:0.2926829268292683	QPPYVLYD:0.21951219512195122	GIRVILDF:0.21951219512195122	LGIRVILD:0.21951219512195122	IRVILDFI:0.21951219512195122	CHILGIRV:0.24390243902439024	LYDVIKAS:0.21951219512195122	FGKLAFFD:0.21951219512195122	ACHILGIR:0.36585365853658536	YLDHPEAS:0.2682926829268293	WFYWIKVE:0.24390243902439024	PPYVLYDV:0.21951219512195122	VILDFIPR:0.24390243902439024	QKKYGIDG:0.2926829268292683	LYLDHPEA:0.2682926829268293	DWFYWIKV:0.2926829268292683	INDPQPTW:0.2926829268292683	YQKKYGID:0.2682926829268293	KKYGIDGA:0.2682926829268293	RLYLDHPE:0.2682926829268293	VEACHILG:0.2926829268292683	RVILDFIP:0.24390243902439024	KYGIDGAR:0.2682926829268293	EACHILGI:0.4146341463414634	TYLRLYLD:0.21951219512195122	TTAPAFSD:0.24390243902439024	TAPAFSDC:0.24390243902439024	VTYLRLYL:0.21951219512195122	DVTYLRLY:0.21951219512195122	LEHPDWFY:0.24390243902439024	QPPYILFD:0.24390243902439024	SPYAVKNF:0.21951219512195122	FCFIAEEL:0.21951219512195122	ILEHPDWF:0.24390243902439024	PYAVKNFF:0.21951219512195122	DWFYWIKI:0.21951219512195122	
