cluster number:181
GH13:68	GH13_16:67|GH13:1
SGFRVDAV:0.6176470588235294	RDDGYDIT:0.3235294117647059	YGEEIGMG:0.6323529411764706	RVDAVPFL:0.5588235294117647	FYRHQPDL:0.25	AVRTPMQW:0.5588235294117647	DLWWKTAV:0.20588235294117646	VYCLDVET:0.39705882352941174	PDLNIANP:0.25	FYGEEIGM:0.6470588235294118	ELTLDKLS:0.4411764705882353	PVLFYGEE:0.6470588235294118	EEIGMGEN:0.4264705882352941	AVVYCLDV:0.4264705882352941	LGEVNLPY:0.45588235294117646	SLLFSLPG:0.29411764705882354	FVRNHDEL:0.6176470588235294	FSLPGTPV:0.5	LPGTPVLF:0.5735294117647058	VRNHDELT:0.6029411764705882	LLFSLPGT:0.29411764705882354	PDRDDGYD:0.2647058823529412	ELTMQFDF:0.23529411764705882	LFYGEEIG:0.6470588235294118	FRVDAVPF:0.7352941176470589	MVYSLLFS:0.22058823529411764	RMVYSLLF:0.22058823529411764	VYSLLFSL:0.23529411764705882	DGYDITDF:0.39705882352941174	VVYCLDVE:0.4117647058823529	HQPDLNIA:0.25	NFVRNHDE:0.22058823529411764	SLPGTPVL:0.47058823529411764	HDELTLDK:0.75	YSLLFSLP:0.29411764705882354	VLFYGEEI:0.5882352941176471	QPDLNIAN:0.25	TPVLFYGE:0.5882352941176471	DDGYDITD:0.5	GTPVLFYG:0.5882352941176471	GEEIGMGE:0.6323529411764706	DELTLDKL:0.75	PGTPVLFY:0.5882352941176471	GFRVDAVP:0.8088235294117647	NHDELTLD:0.8382352941176471	RNHDELTL:0.8382352941176471	YRHQPDLN:0.23529411764705882	LFSLPGTP:0.3235294117647059	DTSDLWWK:0.23529411764705882	GDPRRIRM:0.20588235294117646	TCLWLMPF:0.5441176470588235	PYRDYYVW:0.27941176470588236	FLRNHDEL:0.20588235294117646	DAVPFLLE:0.2647058823529412	LMPFYPSP:0.2647058823529412	LRNHDELT:0.20588235294117646	LWLMPFYP:0.4852941176470588	NHTSDRHP:0.23529411764705882	YCLDVETF:0.45588235294117646	TDTSDLWW:0.20588235294117646	YRDYYVWR:0.23529411764705882	WLMPFYPS:0.2647058823529412	TSDRHPWF:0.23529411764705882	VDAVPFLL:0.3088235294117647	LTLDKLSD:0.3382352941176471	LGVTCLWL:0.45588235294117646	LLGEVNLP:0.5	HTSDRHPW:0.23529411764705882	CLWLMPFY:0.5	YGYRWLRV:0.27941176470588236	GVTCLWLM:0.4411764705882353	VTCLWLMP:0.4411764705882353	DPRLGTLG:0.23529411764705882	QPDLNVAN:0.20588235294117646	WKNAVVYC:0.3382352941176471	DLWWKNAV:0.4264705882352941	KNAVVYCL:0.3235294117647059	RVIADLVV:0.38235294117647056	LWWKNAVV:0.27941176470588236	IADLVVNH:0.38235294117647056	EVFAAFGP:0.35294117647058826	LRRRLPPM:0.3088235294117647	WWKNAVVY:0.3382352941176471	ARDRGIRV:0.22058823529411764	WLMPFYPT:0.45588235294117646	DLVVNHTS:0.5588235294117647	LGLSGFRV:0.29411764705882354	GRGLRRRL:0.38235294117647056	RGLRRRLP:0.5	RDRGIRVI:0.20588235294117646	NAVVYCLD:0.3235294117647059	RRRLPPML:0.29411764705882354	VIADLVVN:0.38235294117647056	PDLNVANP:0.20588235294117646	LVVNHTSD:0.4264705882352941	GLSGFRVD:0.3235294117647059	YGRGLRRR:0.3382352941176471	VDPRLGTL:0.20588235294117646	LSGFRVDA:0.3235294117647059	LMPFYPTA:0.25	ADLVVNHT:0.38235294117647056	GLRRRLPP:0.3088235294117647	DRGMRVIA:0.2647058823529412	QLYGRGLR:0.22058823529411764	EIGMGENL:0.27941176470588236	FYKHQPDL:0.20588235294117646	GYDITDFY:0.22058823529411764	TSDQHPWF:0.27941176470588236	VLLGEVNL:0.3235294117647059	MQLYGRGL:0.25	TFVRNHDE:0.29411764705882354	RGMRVIAD:0.2647058823529412	NHTSDQHP:0.27941176470588236	AVLLGEVN:0.36764705882352944	HTSDQHPW:0.27941176470588236	VNHTSDQH:0.20588235294117646	VFPDQEDS:0.20588235294117646	VRTPMQWT:0.3235294117647059	LYGRGLRR:0.22058823529411764	PRLGTLGD:0.20588235294117646	WATFVRNH:0.2647058823529412	ATFVRNHD:0.2647058823529412	DAVLLGEV:0.23529411764705882	GDAVLLGE:0.22058823529411764	
