cluster number:106
GH13:42	GH13_17:40|3.2.1.20:7|GH13:1|3.2.1.-:1|GH13_20:1|3.2.1.1:1
FVPNHSSD:0.38095238095238093	DSNGDGIG:0.35714285714285715	NGDGIGDL:0.2619047619047619	DFVPNHSS:0.5714285714285714	DFGYDISN:0.30952380952380953	PDLNYRNP:0.40476190476190477	GIGDLNGI:0.2857142857142857	ARTPFQWD:0.21428571428571427	PMADFGYD:0.2619047619047619	IILDFVPN:0.40476190476190477	GVDGFRID:0.21428571428571427	GDGIGDLN:0.35714285714285715	PARTPFQW:0.30952380952380953	VDGFRIDA:0.21428571428571427	SPMADFGY:0.2619047619047619	ILDFVPNH:0.6190476190476191	LDFVPNHS:0.5238095238095238	FYQIYPRS:0.2619047619047619	MADFGYDI:0.2619047619047619	NWVLGNHD:0.30952380952380953	KQPDLNYR:0.2857142857142857	RDPARTPF:0.3333333333333333	GYEDYYVW:0.23809523809523808	SNGDGIGD:0.35714285714285715	DGIGDLNG:0.35714285714285715	YQIYPRSF:0.5476190476190477	ADFGYDIS:0.23809523809523808	DPARTPFQ:0.30952380952380953	VPNHSSDE:0.3333333333333333	QPDLNYRN:0.42857142857142855	KDSDGDGI:0.23809523809523808	SFKDSDGD:0.23809523809523808	YPRSFKDS:0.5	DFGYDISD:0.42857142857142855	FKDSDGDG:0.23809523809523808	PRSFKDSD:0.23809523809523808	IYPRSFKD:0.30952380952380953	RSFKDSDG:0.23809523809523808	QIYPRSFK:0.30952380952380953	FGYDISDF:0.38095238095238093	SDGDGIGD:0.3333333333333333	DGDGIGDL:0.3333333333333333	DSDGDGIG:0.3333333333333333	KIILDFVP:0.3333333333333333	SFKDSNGD:0.2857142857142857	KDSNGDGI:0.23809523809523808	SRDPARTP:0.3333333333333333	PRSFKDSN:0.2619047619047619	SPMVDFGY:0.40476190476190477	MVDFGYDI:0.40476190476190477	RSFKDSNG:0.2619047619047619	PMVDFGYD:0.40476190476190477	FKDSNGDG:0.2857142857142857	YQVYPRSF:0.21428571428571427	VDFGYDIS:0.4523809523809524	QQYYLHQF:0.38095238095238093	RQQYYLHQ:0.38095238095238093	QYYLHQFA:0.38095238095238093	SPIFKSPM:0.2619047619047619	LSPIFKSP:0.2619047619047619	WLSPIFKS:0.2619047619047619	IGDLNGIT:0.23809523809523808	
