cluster number:1
GH13:955	GH13_31:679|GH13_40:216|GH13:57|3.2.1.20:11|GH13_29:3|3.2.1.10:2
QGTPFIYQ:0.31308900523560207	GTPFIYQG:0.650261780104712	QPDLNWEN:0.6094240837696335	PDLNWENE:0.25654450261780104	ENHDQPRS:0.30052356020942406	YPRSFMDS:0.22094240837696336	SKDNPKRD:0.24293193717277486	IIDLVINH:0.2031413612565445	QIYPRSFM:0.21465968586387435	LVINHTSD:0.3162303664921466	KLDYLKDL:0.22722513089005236	NPKRDWYI:0.29842931937172773	NHTSDEHP:0.46596858638743455	RVDAISHI:0.27015706806282724	PRSFMDSN:0.2136125654450262	DAISHIKK:0.30261780104712044	YLKDLGID:0.22722513089005236	TSDEHPWF:0.46596858638743455	PKRDWYIW:0.33403141361256544	NWWLDKGI:0.2534031413612565	EHPWFIES:0.38219895287958117	FMDSNGDG:0.24083769633507854	DKGIDGFR:0.4816753926701571	MKLIIDLV:0.22303664921465968	DLVINHTS:0.3518324607329843	IYPRSFMD:0.21780104712041884	LDKGIDGF:0.4041884816753927	LDYLKDLG:0.23979057591623038	KSPNDDNG:0.23141361256544501	NDDNGYDI:0.34659685863874345	GYDISDYQ:0.3057591623036649	NGYDISDY:0.4743455497382199	PNDDNGYD:0.34345549738219894	SPNDDNGY:0.34345549738219894	DSNGDGIG:0.3675392670157068	IDGFRVDA:0.41361256544502617	SNGDGIGD:0.3675392670157068	NGDGIGDL:0.23350785340314137	KQPDLNWE:0.33403141361256544	HPWFIESR:0.2848167539267016	GFRVDAIS:0.2743455497382199	DYLKDLGI:0.2261780104712042	FRVDAISH:0.2743455497382199	PNNWESIF:0.45968586387434557	MDSNGDGI:0.21465968586387435	WFIESRSS:0.2261780104712042	WWLDKGID:0.40104712041884816	DNPKRDWY:0.2670157068062827	INHTSDEH:0.2806282722513089	EPNNWESI:0.41047120418848165	SSKDNPKR:0.23769633507853402	DGFRVDAI:0.4198952879581152	SFMDSNGD:0.24083769633507854	DDNGYDIS:0.3518324607329843	KGIDGFRV:0.41047120418848165	EFGTMEDF:0.24921465968586387	PWFIESRS:0.25968586387434556	GIDGFRVD:0.4157068062827225	WWKEAVAY:0.2513089005235602	DNGYDISD:0.4774869109947644	KLIIDLVI:0.2	VDAISHIK:0.25863874345549737	HTSDEHPW:0.46596858638743455	WLDKGIDG:0.4041884816753927	LIIDLVIN:0.20104712041884817	VINHTSDE:0.28272251308900526	FGTMEDFD:0.2670157068062827	DEHPWFIE:0.3706806282722513	WKEAVAYQ:0.24712041884816754	IMDEFGTM:0.22408376963350785	YQIYPRSF:0.4094240837696335	RSFMDSNG:0.21151832460732983	SDEHPWFI:0.3717277486910995	IDLVINHT:0.20523560209424083	GQEIGMTN:0.43455497382198954	TVGEANGV:0.45759162303664924	MIFQFEHL:0.2963350785340314	YQGQEIGM:0.47643979057591623	NALFIENH:0.20418848167539266	QEIGMTNV:0.21256544502617802	ALFIENHD:0.20523560209424083	DNSRTPMQ:0.4083769633507853	PFIYQGQE:0.6094240837696335	FIYQGQEI:0.44502617801047123	WNALFIEN:0.20418848167539266	QGQEIGMT:0.43664921465968587	NMIFQFEH:0.2198952879581152	NSRTPMQW:0.4094240837696335	FNMIFQFE:0.20732984293193718	RDNSRTPM:0.4356020942408377	TPFIYQGQ:0.6073298429319371	IYQGQEIG:0.4544502617801047	GWNALFIE:0.20418848167539266	KKQPDLNW:0.27225130890052357	MTVGEANG:0.40523560209424087	KRDWYIWR:0.22408376963350785	IFQFEHLG:0.2450261780104712	QFEHLGLW:0.25026178010471206	FQFEHLGL:0.25026178010471206	DIMTVGEA:0.31308900523560207	YDIMTVGE:0.3392670157068063	IMTVGEAN:0.3832460732984293	IYQGQELG:0.20837696335078534	DLVVNHTS:0.28900523560209423	LVVNHTSD:0.2670157068062827	
