cluster number:98
GH13:52	GH13:52|3.2.1.1:1
IYNGQEYD:0.2692307692307692	TKDIPKLK:0.23076923076923078	FTKDIPKL:0.23076923076923078	AFTKDIPK:0.23076923076923078	PLIYNGQE:0.2692307692307692	LDWVANHT:0.5192307692307693	LIYNGQEY:0.2692307692307692	AVIYEANI:0.5	IYEANIRQ:0.7307692307692307	IDGFRCDV:0.25	PLIYSGQE:0.5961538461538461	NAFTKDIP:0.36538461538461536	GMPLIYSG:0.6153846153846154	AFTKDIPQ:0.23076923076923078	LMNFVTNH:0.25	ETAVIYEA:0.21153846153846154	NIRQYSPE:0.6730769230769231	MNFVTNHD:0.34615384615384615	EANIRQYS:0.75	ERMGDASE:0.21153846153846154	ANIRQYSP:0.6153846153846154	FTKDIPQL:0.34615384615384615	TAVIYEAN:0.21153846153846154	NFVTNHDE:0.34615384615384615	YEANIRQY:0.75	DENSWNGT:0.46153846153846156	TKDIPQLK:0.34615384615384615	FNAFTKDI:0.36538461538461536	NHDENSWN:0.5	EGTFNAFT:0.38461538461538464	DWVANHTG:0.40384615384615385	HDENSWNG:0.5	PEGTFNAF:0.28846153846153844	GTFNAFTK:0.36538461538461536	LIYSGQEY:0.5576923076923077	QYSPEGTF:0.6153846153846154	RQYSPEGT:0.6153846153846154	PGMPLIYS:0.6153846153846154	VTNHDENS:0.40384615384615385	IYSGQEYD:0.40384615384615385	TFNAFTKD:0.36538461538461536	IRQYSPEG:0.6730769230769231	SPEGTFNA:0.28846153846153844	TNHDENSW:0.6538461538461539	VIYEANIR:0.6538461538461539	DGFRCDVA:0.4807692307692308	VILDWVAN:0.40384615384615385	YSPEGTFN:0.38461538461538464	MPLIYSGQ:0.5961538461538461	ILDWVANH:0.4230769230769231	LETAVIYE:0.21153846153846154	FVTNHDEN:0.40384615384615385	MYVILDWV:0.3269230769230769	KYLGSYYA:0.4230769230769231	RLKFFEKD:0.38461538461538464	VDGFRCDV:0.23076923076923078	FEKDTIPK:0.23076923076923078	GVKVIWLM:0.40384615384615385	NGMYVILD:0.28846153846153844	GMYVILDW:0.28846153846153844	LGVKVIWL:0.38461538461538464	GYNWEGHH:0.28846153846153844	MGYNWEGH:0.2692307692307692	YVILDWVA:0.4423076923076923	FDMGYNWE:0.21153846153846154	EKDTIPKT:0.21153846153846154	AFDMGYNW:0.21153846153846154	DTIPKTKG:0.21153846153846154	VANHTGWD:0.36538461538461536	FITNHDEN:0.21153846153846154	DMGYNWEG:0.21153846153846154	FFEKDTIP:0.28846153846153844	MNFITNHD:0.21153846153846154	NFITNHDE:0.21153846153846154	YLGSYYAV:0.28846153846153844	WVANHTGW:0.38461538461538464	KDTIPKTK:0.21153846153846154	ITNHDENS:0.21153846153846154	VKVIWLMP:0.40384615384615385	IPQLKELG:0.23076923076923078	WVPNHTGW:0.34615384615384615	MPGMPLIY:0.34615384615384615	PQLKELGV:0.23076923076923078	QLKELGVK:0.25	VPNHTGWD:0.28846153846153844	LKFFEKDS:0.21153846153846154	PNHTGWDH:0.28846153846153844	ERKKYLGS:0.2692307692307692	DIPQLKEL:0.23076923076923078	TGESWGWT:0.21153846153846154	FEKDSIPK:0.23076923076923078	ILDWVPNH:0.25	DWVPNHTG:0.34615384615384615	GESWGWTD:0.21153846153846154	KKYLGSYY:0.28846153846153844	FFEKDSIP:0.23076923076923078	YVILDWVP:0.23076923076923078	KFFEKDSI:0.21153846153846154	LDWVPNHT:0.28846153846153844	RKKYLGSY:0.2692307692307692	VILDWVPN:0.25	ANHTGWDH:0.23076923076923078	FTSNHDEN:0.21153846153846154	SWGWTDVA:0.25	NGIYVILD:0.3076923076923077	NIDGFRCD:0.2692307692307692	IYVILDWV:0.34615384615384615	GIYVILDW:0.3269230769230769	PWEYKILI:0.2692307692307692	LKELGVKV:0.21153846153846154	YSGQEYDM:0.25	TDVADLNY:0.3076923076923077	GSYYAVSD:0.21153846153846154	GWTDVADL:0.2692307692307692	WTDVADLN:0.4230769230769231	WGWTDVAD:0.25	LGSYYAVS:0.21153846153846154	DVADLNYD:0.25	VADLNYDN:0.25	SYYAVSDF:0.21153846153846154	GFRCDVAG:0.28846153846153844	
