cluster number:16
GH13:46	GH13_36:44|GH13:2|3.2.1.1:1|3.2.1.133:1
SPTYHKYD:0.21739130434782608	VDGFRLDA:0.717391304347826	DSNGDGIG:0.43478260869565216	SNGDGIGD:0.43478260869565216	YLYYGEEI:0.2391304347826087	PYLYYGEE:0.34782608695652173	YEIFVRSF:0.21739130434782608	DGIGDLNG:0.41304347826086957	YGEEIGML:0.2826086956521739	PSPTYHKY:0.21739130434782608	YYGEEIGM:0.5217391304347826	LYYGEEIG:0.30434782608695654	FRLDAARH:0.2826086956521739	GDGIGDLN:0.34782608695652173	GVDGFRLD:0.717391304347826	GFRLDAAR:0.2826086956521739	DGFRLDAA:0.5652173913043478	GEEIGMLG:0.2826086956521739	SYHKYDVT:0.21739130434782608	SPSYHKYD:0.391304347826087	HKYDVTDY:0.4782608695652174	SFADSNGD:0.2608695652173913	PSYHKYDV:0.30434782608695654	PSPSYHKY:0.30434782608695654	YHKYDVTD:0.4782608695652174	IREPFLWD:0.2608695652173913	TYHKYDVT:0.2608695652173913	VGVDGFRL:0.2826086956521739	GFRLDAAK:0.2826086956521739	GMPDLNFD:0.30434782608695654	FADSNGDG:0.2608695652173913	ADSNGDGI:0.2608695652173913	YYGEELGM:0.32608695652173914	PYRDYYVW:0.21739130434782608	DGDGIGDL:0.2826086956521739	IGDLNGVT:0.21739130434782608	GIGDLNGV:0.21739130434782608	SDGDGIGD:0.21739130434782608	DSDGDGIG:0.21739130434782608	
