cluster number:66
GH13:251	GH13:251
IDPRLGDD:0.30278884462151395	TFVGNHDV:0.4103585657370518	ELWKAIWS:0.46215139442231074	DPRLGDDA:0.2151394422310757	RIDPRLGD:0.2788844621513944	GLRRRHPW:0.29880478087649404	HGYDTLDH:0.22709163346613545	LRRRHPWL:0.3187250996015936	QYELWKAI:0.42231075697211157	YELWKAIW:0.46215139442231074	LIGLRRRH:0.20717131474103587	LWKAIWSS:0.3545816733067729	VTQYELWK:0.4820717131474104	TQYELWKA:0.601593625498008	LLDGVFNH:0.4063745019920319	LDGVFNHV:0.7529880478087649	VLLDGVFN:0.3386454183266932	SIYYGDEQ:0.2948207171314741	DGVFNHVS:0.2788844621513944	GNHDVTRI:0.7370517928286853	SVTQYELW:0.3705179282868526	VGNHDVTR:0.350597609561753	FVGNHDVT:0.350597609561753	PSIYYGDE:0.3147410358565737	DSVTQYEL:0.3665338645418327	WKAIWSSL:0.24701195219123506	NHDVTRIA:0.7211155378486056	THGYDTTD:0.26693227091633465	GWRLDAAY:0.6613545816733067	LDAAYAVP:0.5059760956175299	WRLDAAYA:0.649402390438247	RVLLDGVF:0.28286852589641437	WQVYPLGF:0.21912350597609562	GGDDAVRP:0.3386454183266932	DGWRLDAA:0.4541832669322709	RLDAAYAV:0.6135458167330677	FIGNHDVT:0.4342629482071713	HGYDTTDH:0.22310756972111553	GADGWRLD:0.2948207171314741	ADGWRLDA:0.2948207171314741	RGADGWRL:0.2908366533864542	LRVLLDGV:0.21115537848605578	VYPLGFVG:0.24701195219123506	IGNHDVTR:0.4342629482071713	HDVTRIAS:0.6175298804780877	GLRVLLDG:0.21115537848605578	YPLGFVGA:0.32270916334661354	RRRHPWLH:0.2151394422310757	SRTHGYDT:0.20717131474103587	WWQVYPLG:0.23107569721115537	DGVFNHVG:0.47808764940239046	RGLRVLLD:0.21115537848605578	GDDAVRPE:0.20717131474103587	TFIGNHDV:0.46215139442231074	DVTRIASQ:0.2788844621513944	GEVIHGDY:0.5338645418326693	WHVYPLGF:0.32669322709163345	EVIHGDYA:0.24701195219123506	QTFIGNHD:0.22310756972111553	PQTFIGNH:0.21912350597609562	IYYGDEQG:0.250996015936255	EVIHGDYP:0.2151394422310757	
