cluster number:192
GH13:729	GH13_26:725|GH77:52|5.4.99.15:11|GH13:4|GH57:1
DIVPNHMA:0.27709190672153633	TKRGEDVR:0.3113854595336077	VDPDNRRP:0.6872427983539094	LVDPDNRR:0.8299039780521262	THDTKRGE:0.4101508916323731	PGSTHGYD:0.22908093278463648	PDVYQGTE:0.27983539094650206	KRGEDVRA:0.2935528120713306	DTKRGEDV:0.3113854595336077	SLVDPDNR:0.6790123456790124	RGEDVRAR:0.2908093278463649	DPDNRRPV:0.6419753086419753	HDTKRGED:0.4060356652949246	PDNRRPVD:0.5679012345679012	GVPDVYQG:0.2784636488340192	MAKGVEDT:0.31275720164609055	DNRRPVDY:0.23182441700960219	STHDTKRG:0.28669410150891633	PGVPDVYQ:0.2757201646090535	EDTAFYRY:0.20027434842249658	VEDTAFYR:0.23319615912208505	VMAKGVED:0.24691358024691357	AKGVEDTA:0.2222222222222222	ELNYRRFF:0.2825788751714678	TTGYDALR:0.2030178326474623	AGTTGYDA:0.24554183813443073	HGYDVVDH:0.25102880658436216	GSTHGYDV:0.3429355281207133	GLRIDHPD:0.252400548696845	STHDTKRS:0.34705075445816186	LRIDHPDG:0.25651577503429357	RIDHPDGL:0.38271604938271603	LTMPGVPD:0.20027434842249658	STHGYDVV:0.2030178326474623	GTTGYDAL:0.44170096021947874	KRSEDVRA:0.2167352537722908	RSEDVRAR:0.21536351165980797	RVDHPDGL:0.3113854595336077	DHPDGLAD:0.30727023319615915	HPDGLADP:0.30727023319615915	LSTHDTKR:0.4334705075445816	TTLSTHDT:0.2606310013717421	DSLVDPDN:0.2194787379972565	DNRRPVDF:0.28532235939643347	TLSTHDTK:0.28532235939643347	MTTLSTHD:0.25651577503429357	HDTKRSED:0.25925925925925924	THDTKRSE:0.26474622770919065	IDHPDGLA:0.2030178326474623	
