cluster number:9
GH13:54	GH13:54|3.2.1.-:1
IFYHIYPL:0.2037037037037037	YSSHNDKN:0.3333333333333333	FYHIYPLG:0.3888888888888889	VLDGVFNH:0.2037037037037037	TNYECYKG:0.48148148148148145	LDGVFNHV:0.4444444444444444	MPGIPSIY:0.2037037037037037	ECYKGIYS:0.37037037037037035	NYECYKGI:0.37037037037037035	GVFNHVGR:0.5740740740740741	VFNHVGRD:0.35185185185185186	CYKGIYSS:0.37037037037037035	FNHVGRDF:0.35185185185185186	IPSIYYGS:0.4074074074074074	YECYKGIY:0.37037037037037035	IYSSHNDK:0.2777777777777778	NDKNYFEI:0.3888888888888889	SSHNDKNY:0.3333333333333333	KGIYSSHN:0.35185185185185186	GIPSIYYG:0.42592592592592593	SHNDKNYF:0.3333333333333333	HNDKNYFE:0.3333333333333333	PGIPSIYY:0.35185185185185186	YKGIYSSH:0.3148148148148148	PSIYYGSE:0.6111111111111112	GIYSSHND:0.35185185185185186	DGVFNHVG:0.5740740740740741	DIDGLRLD:0.35185185185185186	FWLMGEVI:0.5	PSVYYGSE:0.2222222222222222	SVTNYECY:0.35185185185185186	HDVNRLAS:0.24074074074074073	EFDIDGLR:0.2777777777777778	GLRLDAAD:0.37037037037037035	MGEVIHGD:0.42592592592592593	HGYDTKDY:0.2222222222222222	YDLVKLNL:0.25925925925925924	LYTMPGVP:0.2037037037037037	YTMPGVPS:0.24074074074074073	NFVDNHDV:0.5740740740740741	IDGLRLDA:0.4444444444444444	GEVIHGDY:0.48148148148148145	IDEFDIDG:0.2777777777777778	LYNFVDNH:0.4444444444444444	DEFDIDGL:0.24074074074074073	DGLRLDAA:0.4444444444444444	DKNYFEIA:0.2962962962962963	DNHDVNRL:0.24074074074074073	SWNGCYDL:0.2037037037037037	NGCYDLVK:0.24074074074074073	NHDVNRLA:0.24074074074074073	FDIDGLRL:0.3148148148148148	YNFVDNHD:0.48148148148148145	GCYDLVKL:0.24074074074074073	YYGSEYGI:0.2222222222222222	FVDNHDVN:0.37037037037037035	VNRLASTL:0.2037037037037037	LDSVTNYE:0.4444444444444444	CYDLVKLN:0.24074074074074073	WNGCYDLV:0.24074074074074073	DVNRLAST:0.24074074074074073	VTNYECYK:0.35185185185185186	DSVTNYEC:0.35185185185185186	LMGEVIHG:0.48148148148148145	VDNHDVNR:0.37037037037037035	WLMGEVIH:0.48148148148148145	WIDEFDID:0.2777777777777778	NRLASTLK:0.2037037037037037	GRDFFAFK:0.2037037037037037	RDFFAFKD:0.2037037037037037	VGRDFFAF:0.2222222222222222	NHVGRDFF:0.2222222222222222	YHIYPLGL:0.2037037037037037	HVGRDFFA:0.2222222222222222	YIGPLFES:0.24074074074074073	DFWLMGEV:0.4074074074074074	YYGSEFGI:0.2222222222222222	GVFNHTGR:0.2037037037037037	NYFEIAHT:0.2037037037037037	SIYYGSEF:0.2222222222222222	IYYGSEFG:0.2222222222222222	DGVFNHTG:0.2037037037037037	FEIAYSLN:0.25925925925925924	KNYFEIAY:0.25925925925925924	NYFEIAYS:0.3333333333333333	PGVPSIYY:0.2037037037037037	VPSIYYGS:0.2037037037037037	EIAYSLNR:0.25925925925925924	YFEIAYSL:0.2962962962962963	GVPSIYYG:0.2037037037037037	EDFWLMGE:0.2037037037037037	VGREFWAF:0.2037037037037037	HVGREFWA:0.2037037037037037	HNDHNYFE:0.2777777777777778	NDHNYFEI:0.2777777777777778	DHNYFEIA:0.25925925925925924	HNYFEIAH:0.25925925925925924	VFNHVGRE:0.2037037037037037	FNHVGREF:0.2037037037037037	EVIHGDYS:0.2037037037037037	VIHGDYSR:0.2037037037037037	VTNYELHK:0.2037037037037037	SVTNYELH:0.2037037037037037	GHNDHNYF:0.2037037037037037	SGHNDHNY:0.2037037037037037	
