cluster number:47
GH13:18	GH13:18|CBM26:2
PPQYGTPF:0.2222222222222222	LADLRTLV:0.2222222222222222	ADLRTLVD:0.2222222222222222	AGVTARLD:0.4444444444444444	VNPEFGTL:0.4444444444444444	SIKALGVN:0.3333333333333333	LMPIYPIG:0.2777777777777778	DSIKALGV:0.3333333333333333	VPMIYNGQ:0.2777777777777778	AVNPEFGT:0.3333333333333333	YLMPIYPI:0.2222222222222222	NVVYLMPI:0.2222222222222222	DVCAFTKT:0.3333333333333333	YTAVNPEF:0.2222222222222222	NIDGYRFD:0.2222222222222222	IKALGVNV:0.2777777777777778	LDSIKALG:0.5	FGTLADLR:0.2222222222222222	PMIYNGQE:0.2777777777777778	ANIDGYRF:0.2222222222222222	TAVNPEFG:0.2222222222222222	VRYTSNHD:0.2222222222222222	RLDSIKAL:0.5	VANHTSWD:0.3888888888888889	ANHTSWDN:0.3888888888888889	VTARLDSI:0.4444444444444444	KLLLLAEG:0.3333333333333333	NSPYAVKD:0.2222222222222222	TANVDGFR:0.3333333333333333	DGFRFDYA:0.2222222222222222	NVDGFRFD:0.2222222222222222	VLYLMPIY:0.2222222222222222	GVTARLDS:0.3333333333333333	FAGVTARL:0.3333333333333333	GVNVLYLM:0.2222222222222222	WVYTANVD:0.3333333333333333	VNMRAFSQ:0.3333333333333333	VNVLYLMP:0.2222222222222222	GTQQVVRY:0.2222222222222222	HKLLLLAE:0.3333333333333333	FPFTSVKV:0.2222222222222222	VNGSDGTP:0.3333333333333333	TNHDVNGS:0.3333333333333333	TSWDNPWI:0.2222222222222222	VMLDWVAN:0.3333333333333333	GNFAGVTA:0.3333333333333333	NHTSWDNP:0.2222222222222222	QVNMRAFS:0.3333333333333333	SWVYTANV:0.3333333333333333	HTSWDNPW:0.2222222222222222	DWVANHTS:0.4444444444444444	LRALVDGA:0.2222222222222222	VYTANVDG:0.3333333333333333	WVANHTSW:0.3333333333333333	LLLLAEGT:0.2777777777777778	NGSDGTPV:0.3333333333333333	GFRFDYAD:0.2222222222222222	CAFTKTAG:0.2222222222222222	RALVDGAH:0.2222222222222222	YQVNMRAF:0.3333333333333333	HDVNGSDG:0.3333333333333333	MLDWVANH:0.3333333333333333	KSWVYTAN:0.3333333333333333	DVNGSDGT:0.3333333333333333	DLRALVDG:0.2222222222222222	YTANVDGF:0.3333333333333333	LVDGAHQR:0.2222222222222222	SPYAVKDY:0.3333333333333333	LDWVANHT:0.4444444444444444	NVLYLMPI:0.2222222222222222	ANVDGFRF:0.2222222222222222	LLLAEGTR:0.2222222222222222	VNSPYAVK:0.2222222222222222	NHDVNGSD:0.3333333333333333	VDGFRFDY:0.2222222222222222	GFDYNFGF:0.3333333333333333	LYLMPIYP:0.2222222222222222	VCAFTKTA:0.2222222222222222	NFAGVTAR:0.3333333333333333	SGFDYNFG:0.2222222222222222	ARLDSIKA:0.5	TARLDSIK:0.3888888888888889	LMPIYPVG:0.2777777777777778	YLMPIYPV:0.2777777777777778	GMAVILDW:0.2222222222222222	YTTNHDVN:0.2222222222222222	VIYQVNMR:0.2222222222222222	TQQVVRYT:0.2222222222222222	RYTTNHDV:0.2222222222222222	IYQVNMRA:0.2222222222222222	VPNREDAV:0.2222222222222222	VVRYTTNH:0.2222222222222222	DAVIYQVN:0.2222222222222222	TTNHDVNG:0.2222222222222222	AVIYQVNM:0.2222222222222222	QVVRYTTN:0.2222222222222222	AGAMSAFV:0.2777777777777778	VRYTTNHD:0.2222222222222222	QQVVRYTT:0.2222222222222222	KTHKLLLL:0.2222222222222222	FDYNFGFN:0.2222222222222222	DYNFGFNF:0.2222222222222222	GAMSAFVI:0.2222222222222222	PMVYNGQE:0.2222222222222222	
