cluster number:99
GH13:76	GH13_19:76
TYGYHGYW:0.2236842105263158	DLGINAIW:0.3157894736842105	YGYHGYWT:0.21052631578947367	FYIMKWLT:0.21052631578947367	GYWTKDWT:0.3684210526315789	DFGDKKVD:0.21052631578947367	LDAVINHT:0.32894736842105265	LRGFEGGD:0.5131578947368421	VYFLLTDR:0.2894736842105263	IMKWLTDY:0.21052631578947367	RGFEGGDI:0.25	TLRSFMNW:0.5263157894736842	RAPRFYIM:0.27631578947368424	DWTALDPN:0.34210526315789475	LLDAVINH:0.25	GDATLRSF:0.5263157894736842	LLTDRFNN:0.6052631578947368	DTVKHTEE:0.2631578947368421	TDLGINAI:0.27631578947368424	LGINAIWM:0.27631578947368424	SQVYYGDE:0.4342105263157895	TPVVEQIH:0.2631578947368421	WKAEGRYE:0.2236842105263158	VINHTGPV:0.5394736842105263	GYHGYWTK:0.21052631578947367	YFLLTDRF:0.7631578947368421	YIMKWLTD:0.21052631578947367	GYFTDLGI:0.25	DAVINHTG:0.34210526315789475	RFYIMKWL:0.3157894736842105	ATLRSFMN:0.5263157894736842	KWKAEGRY:0.2894736842105263	HGYWTKDW:0.3684210526315789	KDWTALDP:0.3026315789473684	YFTDLGIN:0.27631578947368424	INAIWMTP:0.25	AVINHTGP:0.34210526315789475	WTALDPNF:0.34210526315789475	ALDPNFGT:0.32894736842105265	GINAIWMT:0.25	LTDRFNNG:0.6052631578947368	APRFYIMK:0.3026315789473684	DATLRSFM:0.5263157894736842	TALDPNFG:0.34210526315789475	INHTGPVT:0.5394736842105263	YHGYWTKD:0.23684210526315788	PRAPRFYI:0.3684210526315789	PRFYIMKW:0.3157894736842105	KWLTDYIT:0.2236842105263158	FLLTDRFN:0.6052631578947368	TDRFNNGD:0.4342105263157895	FTDLGINA:0.27631578947368424	EGYFTDLG:0.2631578947368421	FHGYWAKD:0.25	LLTPGASQ:0.2236842105263158	DPNFGTKE:0.21052631578947367	VGEVYNYG:0.3157894736842105	HGYWAKDW:0.3815789473684211	YIIKWLTD:0.32894736842105265	GFRVDTVK:0.27631578947368424	IIKWLTDY:0.32894736842105265	DIKGITQK:0.21052631578947367	QGDATLRS:0.2236842105263158	GYWAKDWT:0.3815789473684211	YYGDETAR:0.34210526315789475	GEVYNYGI:0.2631578947368421	NHTGPVTD:0.25	LDPNFGTK:0.25	FYMVGEVY:0.2236842105263158	VDTVKHTE:0.27631578947368424	QIYYGDET:0.21052631578947367	EVYNYGIS:0.2894736842105263	PVVEQIHG:0.2631578947368421	NHPAVGAG:0.2894736842105263	GDIKGITQ:0.21052631578947367	RVDTVKHT:0.3157894736842105	DGFRVDTV:0.2631578947368421	GGDIKGIT:0.2631578947368421	LLLTPGAS:0.2236842105263158	FRVDTVKH:0.27631578947368424	HDDGQPFD:0.42105263157894735	SHDDGQPF:0.42105263157894735	YWAKDWTA:0.2631578947368421	WQKLGQFR:0.4473684210526316	KLRGFEGG:0.27631578947368424	HWQKLGQF:0.40789473684210525	FGDKKVNY:0.21052631578947367	GINAIWFT:0.21052631578947367	VLNHTGPV:0.25	LGINAIWF:0.2236842105263158	IWFTPVVE:0.23684210526315788	GDKKVNYF:0.21052631578947367	NAIWFTPV:0.27631578947368424	NHTGPVTE:0.35526315789473684	INAIWFTP:0.21052631578947367	AIWFTPVV:0.23684210526315788	VVLNHTGP:0.23684210526315788	TSHDDGQP:0.27631578947368424	DVVLNHTG:0.23684210526315788	WFTPVVEQ:0.23684210526315788	KWKKEGRY:0.21052631578947367	DDGQPFDK:0.23684210526315788	LRSFMNWD:0.27631578947368424	LNHTGPVT:0.2631578947368421	TGYPRAPR:0.32894736842105265	SYGFHGYW:0.25	RTGYPRAP:0.3026315789473684	CTLVKNLP:0.3026315789473684	TLVKNLPD:0.3026315789473684	YGFHGYWA:0.2631578947368421	TYGFHGYW:0.21052631578947367	YLTSHDDG:0.3026315789473684	NYLTSHDD:0.32894736842105265	LNYLTSHD:0.23684210526315788	GKLRGFEG:0.2631578947368421	PFVWEGAN:0.25	VGDATLRS:0.2236842105263158	YLVGEVYN:0.2631578947368421	DGYRVDTV:0.2894736842105263	LVGEVYNY:0.2631578947368421	YRVDTVKH:0.27631578947368424	QVYYGDES:0.32894736842105265	TPIVEQIH:0.2631578947368421	LPDIKTES:0.2631578947368421	DRFNNGDT:0.2894736842105263	FYLVGEVY:0.2631578947368421	PIVEQIHG:0.21052631578947367	NLPDIKTE:0.2631578947368421	GYRVDTVK:0.27631578947368424	GIDGYRVD:0.27631578947368424	FGIDGYRV:0.2631578947368421	IDGYRVDT:0.27631578947368424	YYGDESAR:0.34210526315789475	LVKNLPDI:0.2236842105263158	FNSLINFE:0.21052631578947367	EFGIDGYR:0.2894736842105263	ANIYFLLT:0.2631578947368421	NIYFLLTD:0.2631578947368421	SLINFELK:0.2236842105263158	WEGANIYF:0.21052631578947367	IYFLLTDR:0.27631578947368424	GANIYFLL:0.21052631578947367	WPSDWVRT:0.25	VYYGDESA:0.25	VWPSDWVR:0.23684210526315788	
