cluster number:174
GH13:30	GH13:30
ADGNNDGI:0.7666666666666667	TSYEHPWF:0.7333333333333333	SFADGNND:0.5666666666666667	TLYLSPIH:0.5333333333333333	YDVIDYTD:0.5333333333333333	DTLYLSPI:0.5	HPWFQKAL:0.5666666666666667	SGMPDLNL:0.3333333333333333	HTSYEHPW:0.7333333333333333	DGIGDFIG:0.8	YFSNLGID:0.3	FSNLGIDT:0.3	GIGDFIGL:0.8	YQLTVYSF:0.4666666666666667	NNDGIGDF:0.8	GGLPTLYN:0.43333333333333335	MYQLTVYS:0.43333333333333335	WSGMPDLN:0.3333333333333333	HDVERWIN:0.26666666666666666	MPDLNLNN:0.3	PTLYNGNE:0.43333333333333335	LYLSPIHP:0.5666666666666667	YNGNEILM:0.36666666666666664	YEHPWFQK:0.5666666666666667	NHDVERWI:0.36666666666666664	LGIDTLYL:0.5333333333333333	ELGGMKAF:0.26666666666666666	SLLSRGGL:0.3333333333333333	EHPWFQKA:0.5666666666666667	KGVDGFRY:0.3	HGYDVIDY:0.6666666666666666	SRGGLPTL:0.43333333333333335	IDTLYLSP:0.5333333333333333	VDGFRYDA:0.6333333333333333	SNVMYQLT:0.5	IGDFIGLK:0.6333333333333333	LNHTSYEH:0.26666666666666666	DGFRYDAF:0.7	DNHDVERW:0.36666666666666664	VIDMVLNH:0.26666666666666666	GVDGFRYD:0.6333333333333333	FLDNHDVE:0.36666666666666664	EYFSNLGI:0.23333333333333334	MVLNHTSY:0.26666666666666666	TLYNGNEI:0.36666666666666664	LLSRGGLP:0.43333333333333335	GMPDLNLN:0.3	GYDVIDYT:0.5333333333333333	FADGNNDG:0.7666666666666667	FWSGMPDL:0.3333333333333333	VLNHTSYE:0.26666666666666666	SNLGIDTL:0.3	RKNDDGTY:0.2	DGNNDGIG:0.7666666666666667	GNNDGIGD:0.7666666666666667	GIDTLYLS:0.5333333333333333	NVMYQLTV:0.4	VYSFADGN:0.5333333333333333	VVIDMVLN:0.26666666666666666	LSRGGLPT:0.43333333333333335	DMVLNHTS:0.26666666666666666	GLPTLYNG:0.43333333333333335	LPTLYNGN:0.43333333333333335	VIDYTDVA:0.5333333333333333	IDMVLNHT:0.26666666666666666	YHGYDVID:0.6666666666666666	SYEHPWFQ:0.7333333333333333	NEILMQGA:0.2	RGGLPTLY:0.43333333333333335	LSPIHPSS:0.23333333333333334	LEYFSNLG:0.23333333333333334	YSFADGNN:0.5666666666666667	DTNVREAF:0.2	LYNGNEIL:0.36666666666666664	NLGIDTLY:0.5666666666666667	GNEILMQG:0.36666666666666664	LTVYSFAD:0.4666666666666667	HKFWAAKG:0.2	LDNHDVER:0.36666666666666664	NHTSYEHP:0.7333333333333333	ALFSLLSR:0.3	LFSLLSRG:0.3	QLTVYSFA:0.4666666666666667	DVIDYTDV:0.5333333333333333	NDGIGDFI:0.7333333333333333	VMYQLTVY:0.4	NGNEILMQ:0.36666666666666664	FSLLSRGG:0.3	TVYSFADG:0.4666666666666667	LDLVFNHT:0.26666666666666666	PFLDNHDV:0.5333333333333333	SSYHGYSV:0.2	YNFADGNN:0.23333333333333334	DLVFNHTS:0.26666666666666666	NFNEAKIF:0.2	LVFNHTSY:0.26666666666666666	FNHTSYEH:0.4	YLDLVFNH:0.2	GDFIGLKN:0.5333333333333333	GMPDLNLD:0.26666666666666666	LVYNFADG:0.23333333333333334	NFADGNND:0.23333333333333334	MPDLNLDN:0.3333333333333333	HGYSVIDY:0.2	VYNFADGN:0.23333333333333334	SYHGYSVI:0.23333333333333334	VFNHTSYE:0.36666666666666664	YHGYSVID:0.23333333333333334	GYSVIDYC:0.2	FWGGMPDL:0.2	APELGGME:0.2	GMPDLNLK:0.23333333333333334	LSPIHPAS:0.4	SYHGYDVI:0.5666666666666667	YTDVAPEL:0.4	KKGVDGFR:0.26666666666666666	IHPASSYH:0.43333333333333335	YLSPIHPA:0.4	DVAPELGG:0.5	SSYHGYDV:0.5666666666666667	ELGGMEAF:0.23333333333333334	MPDLNLKN:0.23333333333333334	ASSYHGYD:0.43333333333333335	IDYTDVAP:0.4	HPASSYHG:0.43333333333333335	GGMPDLNL:0.2	PIHPASSY:0.43333333333333335	VAPELGGM:0.5	PELGGMEA:0.2	DYTDVAPE:0.4	PASSYHGY:0.4666666666666667	TDVAPELG:0.4	WGGMPDLN:0.2	SPIHPASS:0.43333333333333335	PWFQKALQ:0.3	PHKLTDKE:0.2	WAAEFWSG:0.2	KRSNVMYQ:0.26666666666666666	YFVNLGID:0.23333333333333334	AAEFWSGM:0.2	RYDAFYHF:0.26666666666666666	GFRYDAFY:0.43333333333333335	FVNLGIDT:0.23333333333333334	FRYDAFYH:0.43333333333333335	NLDYFVNL:0.2	DFIGLKNN:0.36666666666666664	LKNNLDYF:0.3	AKRSNVMY:0.2	VNLGIDTL:0.23333333333333334	GLKNNLDY:0.3	EFWSGMPD:0.2	EWIPFLDN:0.23333333333333334	IPFLDNHD:0.4	AFMFGEWW:0.26666666666666666	IGLKNNLD:0.3	GIDGFRYD:0.2	FIGLKNNL:0.3333333333333333	WIPFLDNH:0.4	HKLTDKER:0.2	RSNVMYQL:0.26666666666666666	NNLDYFVN:0.2	KGIDGFRY:0.2	LDYFVNLG:0.23333333333333334	IDGFRYDA:0.2	REWIPFLD:0.23333333333333334	YDAFYHFF:0.23333333333333334	DYFVNLGI:0.23333333333333334	AEFWSGMP:0.2	PSSSYHGY:0.2	NVREAFWW:0.2	VIDYCDVA:0.2	
