cluster number:38
GH13:667	GH13_14:657|CBM48:546|CBM41:305|GH13_41:21|3.2.1.41:11|CBM20:8|CBM82:4|CBM83:4|GH13:3|CBM26:3|3.2.1.1:2|CBM68:2|3.2.1.-:2|3.2.1.68:1|GH0:1
FRFDLMGL:0.335832083958021	IDGFRFDL:0.48125937031484256	HIDGFRFD:0.29985007496251875	GFRFDLMG:0.7661169415292354	DGFRFDLM:0.848575712143928	RFDLMGIH:0.4032983508245877	GNDTASER:0.20389805097451275	FDLMGIHD:0.4032983508245877	FRFDLMGI:0.4107946026986507	EAHDNHTL:0.22338830584707647	MDVVYNHT:0.3313343328335832	VIMDVVYN:0.39730134932533734	CGNETASE:0.22338830584707647	DVVYNHTY:0.20689655172413793	IMDVVYNH:0.4062968515742129	NGSGCGNE:0.2698650674662669	WGYDPQNY:0.22788605697151423	GDHNSYKS:0.22938530734632684	NWGYDPQN:0.22788605697151423	GYDPQNYN:0.21889055472263869	VMDVVYNH:0.2623688155922039	VVMDVVYN:0.2353823088455772	EGSYSTNP:0.22488755622188905	NVPEGSYS:0.3583208395802099	DNHTLWDK:0.2098950524737631	HDNHTLWD:0.2143928035982009	QYNWGYDP:0.3268365817091454	IYELHVRD:0.22788605697151423	LDGFRFDL:0.22938530734632684	PEGSYSTN:0.22338830584707647	VPEGSYST:0.280359820089955	LTSQGIPF:0.26686656671664166	YNWGYDPK:0.22638680659670166	NWGYDPKN:0.28785607196401797	YNVPEGSY:0.272863568215892	NYNVPEGS:0.23088455772113944	EYHIDGFR:0.29685157421289354	YHIDGFRF:0.27436281859070466	YNWGYDPQ:0.20239880059970014	
