cluster number:144
GH13:79	GH13_4:77|GH13:2|2.4.1.4:2|CBM20:1
YARCHDDI:0.22784810126582278	LANRGVEV:0.3670886075949367	VFRLDAIA:0.3291139240506329	NSLMVQLW:0.27848101265822783	NWANPDVF:0.24050632911392406	ISGSLASL:0.24050632911392406	RIVAPAVA:0.3037974683544304	EVFRLDAI:0.3291139240506329	GSFARGLV:0.27848101265822783	DGGYAVAD:0.4810126582278481	RCHDDIGW:0.8607594936708861	FRLDAIAF:0.3670886075949367	GSLASLAG:0.24050632911392406	FARGLVFQ:0.35443037974683544	SFARGLVF:0.3037974683544304	SLASLAGL:0.22784810126582278	VEVFRLDA:0.3670886075949367	DNRWVHRP:0.5443037974683544	DDNRWVHR:0.22784810126582278	ADDNRWVH:0.21518987341772153	RGVEVFRL:0.25316455696202533	YHNSLMVQ:0.5822784810126582	RLDAIAFI:0.2911392405063291	LDAIAFIW:0.26582278481012656	NRGVEVFR:0.26582278481012656	DLKRLDEA:0.21518987341772153	GDRRISGS:0.24050632911392406	FLSDFYSG:0.4177215189873418	ARCHDDIG:0.22784810126582278	SGSLASLA:0.22784810126582278	HADDNRWV:0.20253164556962025	RRISGSLA:0.22784810126582278	IVAPAVAF:0.3037974683544304	GVEVFRLD:0.379746835443038	DLGTMDDL:0.25316455696202533	FPGSFARG:0.27848101265822783	TGDRRISG:0.5063291139240507	KRLDEARL:0.21518987341772153	LASLAGLE:0.26582278481012656	LMPLLQPR:0.24050632911392406	TYARCHDD:0.20253164556962025	DLNWANPD:0.24050632911392406	HLMPLLQP:0.24050632911392406	LKRLDEAR:0.21518987341772153	ANRGVEVF:0.26582278481012656	DAIAFIWK:0.26582278481012656	LHLMPLLQ:0.22784810126582278	QWDLNWAN:0.3291139240506329	HNSLMVQL:0.27848101265822783	RISGSLAS:0.24050632911392406	PGSFARGL:0.2911392405063291	WDLNWANP:0.3291139240506329	SLMVQLWS:0.27848101265822783	LNWANPDV:0.24050632911392406	YLHLMPLL:0.6455696202531646	RLDEARLL:0.26582278481012656	ENDGGYAV:0.24050632911392406	TYLHLMPL:0.34177215189873417	GENDGGYA:0.24050632911392406	PLLYMGDE:0.25316455696202533	PAVAFKAE:0.26582278481012656	AVAFKAEA:0.26582278481012656	GWVWTTFN:0.3670886075949367	PEVFPDFA:0.5063291139240507	NDGGYAVA:0.25316455696202533	DIGWAIDD:0.2911392405063291	APAVAFKA:0.26582278481012656	DDIGWAID:0.3037974683544304	CHDDIGWA:0.6708860759493671	HDDIGWAI:0.6075949367088608	AYHNSLMV:0.5063291139240507	LPEVFPDF:0.4936708860759494	ELGVTYLH:0.20253164556962025	VFPDFAPG:0.5189873417721519	EVFPDFAP:0.5189873417721519	PDFAPGNF:0.569620253164557	VTYLHLMP:0.34177215189873417	GVTYLHLM:0.34177215189873417	YVRCHDDI:0.3291139240506329	LGVTYLHL:0.4050632911392405	VRCHDDIG:0.3291139240506329	FPDFAPGN:0.569620253164557	DFAPGNFT:0.5063291139240507	GGYAVADY:0.3291139240506329	LDLVLNHV:0.2911392405063291	LAYHNSLM:0.26582278481012656	APGNFTWD:0.2911392405063291	NRWVHRPR:0.20253164556962025	FAPGNFTW:0.379746835443038	AYERTLPE:0.21518987341772153	LNHVAREH:0.27848101265822783	GYAVADYR:0.31645569620253167	YERTLPEV:0.24050632911392406	ERTLPEVF:0.27848101265822783	DLVLNHVA:0.5316455696202531	AFKAEAIV:0.27848101265822783	WVWTTFNS:0.21518987341772153	RTLPEVFP:0.27848101265822783	VEVLRLDA:0.22784810126582278	VLNHVARE:0.27848101265822783	LVLNHVAR:0.27848101265822783	EVLRLDAI:0.21518987341772153	VLRLDAIA:0.24050632911392406	GDRRISGT:0.25316455696202533	GVEVLRLD:0.22784810126582278	LRLDAIAF:0.2911392405063291	TLPEVFPD:0.379746835443038	PDAYERTL:0.20253164556962025	SDLAYHNS:0.20253164556962025	DLAYHNSL:0.20253164556962025	KAEAIVAP:0.3291139240506329	FKAEAIVA:0.22784810126582278	CQNQPEVH:0.27848101265822783	VAFKAEAI:0.25316455696202533	KAEAIVGP:0.26582278481012656	FKAEAIVG:0.25316455696202533	
