cluster number:67
GT32:11	GT32:11
ADLLRYLI:0.36363636363636365	HYAGSWKN:0.5454545454545454	LLRYLILY:0.36363636363636365	SWTIMAKP:0.5454545454545454	DLLRYLIL:0.36363636363636365	KADLLRYL:0.36363636363636365	ASWTIMAK:0.36363636363636365	HHYAGSWK:0.5454545454545454	YAGSWKND:0.2727272727272727	GGIWSDLD:0.36363636363636365	QFTSWTIM:0.36363636363636365	GIWSDLDV:0.36363636363636365	DGGIWSDL:0.2727272727272727	DVVDVTGP:0.2727272727272727	AANLVVGL:0.2727272727272727	VLILPGNA:0.2727272727272727	LVVGLEFD:0.2727272727272727	ILPGNAFA:0.2727272727272727	FTSWTIMA:0.2727272727272727	MAKPRSPH:0.2727272727272727	NLVVGLEF:0.2727272727272727	KVGPQGVS:0.2727272727272727	YKVGPQGV:0.2727272727272727	WTIMAKPR:0.2727272727272727	ANLVVGLE:0.2727272727272727	IMAKPRSP:0.2727272727272727	DVLILPGN:0.2727272727272727	HDVLILPG:0.2727272727272727	LILPGNAF:0.2727272727272727	TIMAKPRS:0.2727272727272727	WYKVGPQG:0.2727272727272727	LILYADGG:0.36363636363636365	PILKADLL:0.2727272727272727	ILKADLLR:0.2727272727272727	QFASWTIM:0.2727272727272727	FASWTIMA:0.2727272727272727	
