cluster number:12
GT32:32	GT32:32
FCPDYEII:0.28125	YEIIEWNE:0.4375	DYEIIEWN:0.34375	CPDYEIIE:0.4375	PDYEIIEW:0.46875	KFCPDYEI:0.28125	NGGIYLDT:0.28125	AFVSDYAR:0.625	IHYCWFGG:0.5	IYLDTDVE:0.5	KKFCPDYE:0.21875	KIHYCWFG:0.65625	HYCWFGGK:0.21875	KAWAFVSD:0.21875	GGIYLDTD:0.625	WKKFCPDY:0.21875	IPKKIHYC:0.6875	FVSDYARL:0.5	SWKKFCPD:0.25	MIPKKIHY:0.625	AWAFVSDY:0.21875	KKIHYCWF:0.6875	PKKIHYCW:0.6875	GIYLDTDV:0.5	WAFVSDYA:0.3125	SDYARLDI:0.21875	VSDYARLD:0.21875	DYARLDII:0.21875	YAFVSDYA:0.25	YLDTDVEL:0.40625	KYAFVSDY:0.28125	LDTDVELI:0.375	DTDVELIK:0.21875	HYCWFGGN:0.21875	YGGIYLDT:0.21875	VNTGLGFG:0.21875	
