cluster number:22
GT32:6	GT32:6|2.4.1.-:1
MENFVEHY:0.6666666666666666	SDASRLAI:0.3333333333333333	PEENFLAA:0.5	FLFPLDMK:0.3333333333333333	LMTRMLRV:0.5	WKYGGIYM:0.6666666666666666	SIRPIPEE:0.3333333333333333	MDTDVISI:0.5	LNISFLHP:0.3333333333333333	RMLRVWCK:0.3333333333333333	AIDNVFLF:0.3333333333333333	VEHYNSAI:0.3333333333333333	WRRYYEVW:0.5	SYALHLWN:0.6666666666666666	FLPHHPFL:0.5	YMDTDVIS:0.6666666666666666	IYMDTDVI:0.6666666666666666	IDNVFLFP:0.3333333333333333	RLAIIWKY:0.5	AIIWKYGG:0.5	PQRFYPIS:0.3333333333333333	IWKYGGIY:0.6666666666666666	ENLYRKHC:0.3333333333333333	CMENFVEH:0.6666666666666666	IIWKYGGI:0.5	ISFLHPQR:0.3333333333333333	VESAAKIY:0.3333333333333333	IRPIPEEN:0.3333333333333333	TDVISIRP:0.5	FQEVSDLR:0.5	DTPLFSWY:0.3333333333333333	KYGGIYMD:0.6666666666666666	GGIYMDTD:0.6666666666666666	DVISIRPI:0.5	QRFYPISY:0.3333333333333333	NFVEHYNS:0.5	EENFLAAQ:0.5	VSDLRCLN:0.5	VISIRPIP:0.5	SAIDNVFL:0.3333333333333333	TRMLRVWC:0.5	MTRMLRVW:0.5	QEVSDLRC:0.5	LFPLDMKR:0.3333333333333333	MLRVWCKL:0.3333333333333333	YGGIYMDT:0.6666666666666666	ESAAKIYP:0.3333333333333333	ASRLAIIW:0.3333333333333333	HPQRFYPI:0.6666666666666666	FVEHYNSA:0.3333333333333333	LSAIDNVF:0.3333333333333333	CLNISFLH:0.3333333333333333	RPIPEENF:0.3333333333333333	DASRLAII:0.3333333333333333	LAIIWKYG:0.5	IPEENFLA:0.5	YRKHCPRT:0.3333333333333333	SRLAIIWK:0.3333333333333333	FGFLPHHP:0.5	HYNSAIWG:0.3333333333333333	GIYMDTDV:0.6666666666666666	EWRRYYEV:0.3333333333333333	ISIRPIPE:0.3333333333333333	EVSDLRCL:0.5	FLHPQRFY:0.6666666666666666	DNVFLFPL:0.3333333333333333	DTDVISIR:0.5	ENFVEHYN:0.5	FPLDMKRL:0.3333333333333333	VFLFPLDM:0.3333333333333333	SAAKIYPE:0.3333333333333333	LHPQRFYP:0.6666666666666666	NISFLHPQ:0.3333333333333333	LPHHPFLW:0.5	RYYEVWDT:0.3333333333333333	GFLPHHPF:0.5	LYRKHCPR:0.3333333333333333	PIPEENFL:0.5	DFQEVSDL:0.5	NLYRKHCP:0.3333333333333333	NVFLFPLD:0.3333333333333333	RRYYEVWD:0.5	SFLHPQRF:0.6666666666666666	EHYNSAIW:0.3333333333333333	SSDASRLA:0.5	NGVFGFLP:0.5	LGDFQEVS:0.3333333333333333	LNLSFLHP:0.3333333333333333	LRCLNLSF:0.3333333333333333	CLNLSFLH:0.3333333333333333	ENFLAAQS:0.3333333333333333	VFGFLPHH:0.3333333333333333	SNGVFGFL:0.5	HVSSDASR:0.3333333333333333	VSSDASRL:0.3333333333333333	SSNGVFGF:0.6666666666666666	GDFQEVSD:0.3333333333333333	DLRCLNLS:0.3333333333333333	WLHVSSDA:0.3333333333333333	NFLAAQSS:0.3333333333333333	SFNDSYAL:0.3333333333333333	RCLNLSFL:0.3333333333333333	LSFLHPQR:0.3333333333333333	NLSFLHPQ:0.3333333333333333	GVFGFLPH:0.3333333333333333	FNDSYALH:0.3333333333333333	SDLRCLNL:0.3333333333333333	PQRFYPIP:0.3333333333333333	ISSNGVFG:0.3333333333333333	VSCAVESA:0.3333333333333333	DSYALHLW:0.3333333333333333	AIWGHQGP:0.3333333333333333	WNYMNKEG:0.3333333333333333	ALHLWNYM:0.3333333333333333	LWNYMNKE:0.3333333333333333	CAVESAAR:0.3333333333333333	AFSLLSAI:0.3333333333333333	SCAVESAA:0.3333333333333333	YALHLWNY:0.5	AVESAARI:0.3333333333333333	HLWNYMNK:0.3333333333333333	LHLWNYMN:0.3333333333333333	FNESYALH:0.3333333333333333	NESYALHL:0.3333333333333333	PGSNTLVE:0.3333333333333333	MVPGSNTL:0.3333333333333333	NTLVEHLY:0.3333333333333333	FIETTDRM:0.3333333333333333	SNTLVEHL:0.3333333333333333	GSNTLVEH:0.3333333333333333	VPGSNTLV:0.3333333333333333	
