cluster number:4
PL22:42	PL22_2:38|PL22:4|CE12:2|GH43_5:1|CE4:1
MYCHEGPW:0.35714285714285715	MEIAGHEF:0.40476190476190477	LMYCHEGP:0.21428571428571427	MVAHAPDG:0.2857142857142857	VAHAPDGK:0.2857142857142857	WYDLQTPR:0.35714285714285715	HDYRLEPN:0.40476190476190477	YDLQTPRG:0.4523809523809524	CHEGPWHK:0.4523809523809524	SINADETL:0.23809523809523808	MNMEIAGH:0.38095238095238093	RTMNMEIA:0.2619047619047619	HEGPWHKV:0.4523809523809524	GPWHKVDR:0.4523809523809524	WHKVDRIW:0.40476190476190477	VDRIWTIR:0.38095238095238093	EGPWHKVD:0.4523809523809524	YCHEGPWH:0.21428571428571427	HKVDRIWT:0.38095238095238093	GHEFFSPD:0.2619047619047619	NADETLLL:0.21428571428571427	IAGHEFFS:0.38095238095238093	HEFFSPDG:0.2619047619047619	TMNMEIAG:0.2619047619047619	AGHEFFSP:0.2619047619047619	EIAGHEFF:0.42857142857142855	ADETLLLG:0.21428571428571427	KVDRIWTI:0.3333333333333333	WLNHVQFS:0.21428571428571427	NMEIAGHE:0.38095238095238093	IWYDLQTP:0.2857142857142857	PDVAGIHA:0.21428571428571427	EMVAHAPD:0.21428571428571427	INADETLL:0.21428571428571427	PWHKVDRI:0.40476190476190477	DLQTPRGE:0.3333333333333333	WLNHIQFS:0.21428571428571427	IWTIRTDG:0.30952380952380953	RIWTIRTD:0.3333333333333333	WTIRTDGS:0.21428571428571427	LNHIQFSP:0.21428571428571427	DRIWTIRT:0.3333333333333333	LFAGDGGD:0.30952380952380953	FCHEGPWH:0.38095238095238093	MFCHEGPW:0.38095238095238093	LLMFCHEG:0.2619047619047619	LMFCHEGP:0.2857142857142857	FYFHNNPF:0.21428571428571427	
