cluster number:6
GH93:22	GH93:22|3.2.1.-:4
RPGMPTVA:0.22727272727272727	TPVWEPFL:0.6363636363636364	HQTTTDLK:0.2727272727272727	FPIYRSTD:0.36363636363636365	YYSDQRDN:0.2727272727272727	DQRDNATH:0.22727272727272727	YTDRPGMP:0.22727272727272727	GEARPNNG:0.22727272727272727	WENYSPEP:0.7727272727272727	SSIPTDLS:0.22727272727272727	GGEARPNN:0.22727272727272727	VSHIAAGG:0.22727272727272727	GSSIPTDL:0.2727272727272727	CYYSDQRD:0.4090909090909091	TWENYSPE:0.7727272727272727	SDQRDNAT:0.2727272727272727	ATWENYSP:0.5909090909090909	LICYYSDQ:0.3181818181818182	VHQTTTDL:0.2727272727272727	LLATWENY:0.45454545454545453	PVWEPFLM:0.36363636363636365	PNNGLTPV:0.3181818181818182	TYEYGGGP:0.22727272727272727	ARPNNGLT:0.22727272727272727	HIAAGGEA:0.2727272727272727	NGLTPVWE:0.4090909090909091	LATWENYS:0.5909090909090909	ENYSPEPP:0.7727272727272727	GLTPVWEP:0.5454545454545454	IYRSTDGG:0.22727272727272727	PIYRSTDG:0.22727272727272727	DPRVLYAR:0.22727272727272727	YSDQRDNA:0.2727272727272727	YFPIYRST:0.2727272727272727	RPNNGLTP:0.22727272727272727	LTPVWEPF:0.36363636363636365	EARPNNGL:0.22727272727272727	NNGLTPVW:0.3181818181818182	ICYYSDQR:0.36363636363636365	FVSHIAAG:0.22727272727272727	VYFPIYRS:0.36363636363636365	SHIAAGGE:0.2727272727272727	DLSKTKID:0.22727272727272727	TDLSKTKI:0.22727272727272727	ETPVWEPF:0.2727272727272727	SIPTDLSK:0.2727272727272727	YGQKLVHQ:0.2727272727272727	SPEPPLVY:0.3181818181818182	LRYQPFLY:0.5454545454545454	GQKLVHQT:0.2727272727272727	YYSDQRDP:0.3181818181818182	PNNGETPV:0.22727272727272727	GWGLRYQP:0.22727272727272727	NNGETPVW:0.22727272727272727	NSIPTDLS:0.4090909090909091	IPTDLSKT:0.2727272727272727	YSPEPPLV:0.3181818181818182	WGLRYQPF:0.2727272727272727	NGETPVWE:0.2727272727272727	NYSPEPPL:0.3181818181818182	GLRYQPFL:0.5454545454545454	PTDLSKTK:0.22727272727272727	GETPVWEP:0.2727272727272727	PPLVYFPI:0.2727272727272727	LLAGNSIP:0.2727272727272727	GNSIPTDL:0.4090909090909091	NGWGLRYQ:0.22727272727272727	PEPPLVYF:0.3181818181818182	FPVYYRIS:0.22727272727272727	EPPLVYFP:0.3181818181818182	NGLGLRYQ:0.22727272727272727	PVWEPFLL:0.2727272727272727	DTANGLGL:0.22727272727272727	QKLVHQTT:0.3181818181818182	ANGLGLRY:0.22727272727272727	GLGLRYQP:0.22727272727272727	TANGLGLR:0.22727272727272727	LVHQTTTD:0.22727272727272727	KLVHQTTT:0.22727272727272727	LGLRYQPF:0.22727272727272727	LYYSDQRD:0.22727272727272727	TGNSIPTD:0.22727272727272727	NWGLRYQP:0.3181818181818182	NNWGLRYQ:0.3181818181818182	
