cluster number:13
AA9:15	AA9:15|CBM1:10
GGNHDGPV:0.2	QTLYGQCG:0.26666666666666666	IIYMAKVD:0.2	GQTLYGQC:0.26666666666666666	FTSYTIPG:0.2	VTGGGSAS:0.26666666666666666	GQGWTGPT:0.26666666666666666	PVIIYMAK:0.2	GPTTCAQG:0.26666666666666666	YGQCGGQG:0.5333333333333333	HDGPVIIY:0.2	VIIYMAKV:0.2	TGGGSASP:0.26666666666666666	IGGNHDGP:0.2	QGWTGPTT:0.26666666666666666	GGQGWTGP:0.26666666666666666	TTCAQGTC:0.26666666666666666	QCGGQGWT:0.26666666666666666	AIGGNHDG:0.2	TCAQGTCK:0.26666666666666666	GPVIIYMA:0.2	TSYTIPGP:0.2	CGGQGWTG:0.26666666666666666	PTTCAQGT:0.26666666666666666	GWTGPTTC:0.26666666666666666	GQCGGQGW:0.5333333333333333	DGPVIIYM:0.2	WTGPTTCA:0.26666666666666666	TLYGQCGG:0.26666666666666666	LYGQCGGQ:0.5333333333333333	GNHDGPVI:0.2	NHDGPVII:0.2	SATDPGIL:0.26666666666666666	GAYSATDP:0.26666666666666666	PGAYSATD:0.26666666666666666	AYSATDPG:0.26666666666666666	FPGAYSAT:0.26666666666666666	YSATDPGI:0.4	TVSFPGAY:0.26666666666666666	HATFQELW:0.2	VSFPGAYS:0.26666666666666666	LVGLRAPS:0.2	KWFKVASE:0.2	VNGADQGL:0.2	NGADQGLL:0.2	LLVGLRAP:0.2	FKVASEGL:0.26666666666666666	INVTSGGS:0.2	QGLLVGLR:0.2	DQGLLVGL:0.2	QKVFVNGA:0.2	DPGILINI:0.26666666666666666	SCAQINVT:0.2	IFQKVFVN:0.2	GADQGLLV:0.2	FAAAANAH:0.2	NVKAGDTI:0.2	ADQGLLVG:0.2	SGGSFSPS:0.2	ASEGLSGG:0.2	QKWFKVAS:0.2	INVKAGDT:0.2	VFVNGADQ:0.2	YLAKVDNA:0.3333333333333333	TSGGSFSP:0.2	GLLVGLRA:0.2	FQKVFVNG:0.2	KVFVNGAD:0.2	LAKVDNAA:0.3333333333333333	VKAGDTIG:0.2	KVASEGLS:0.2	NDPDNPIA:0.26666666666666666	AQINVTSG:0.2	FVNGADQG:0.2	GQKWFKVA:0.2	TDPGILIN:0.26666666666666666	VTSGGSFS:0.2	CAQINVTS:0.2	VASEGLSG:0.2	WFKVASEG:0.26666666666666666	AKVDNAAT:0.2	AVDTMIAN:0.2	PGILINIY:0.26666666666666666	NVTSGGSF:0.2	ATDPGILI:0.2	WAVDTMIA:0.2	QINVTSGG:0.2	EVIALHVA:0.2	RAEVIALH:0.26666666666666666	ALHVAGSV:0.2	AEVIALHV:0.2	EMHQQPGD:0.2	AGSVGGAQ:0.2	HQQPGDRS:0.2	LLRAEVIA:0.2	VEMHQQPG:0.2	IALHVAGS:0.2	HVAGSVGG:0.2	YLLRAEVI:0.2	LHVAGSVG:0.2	LRAEVIAL:0.2	VIALHVAG:0.2	QQPGDRSC:0.2	VAGSVGGA:0.2	MHQQPGDR:0.2	GVSGVCSV:0.2	LAPGDYLL:0.2	APGDYLLR:0.2	YTPPGPAV:0.2	VIGGPQGS:0.2	VDNAASAS:0.2	IGGPQGSN:0.2	GGPQGSND:0.2	GSNDPDNP:0.2	QGSNDPDN:0.2	HVIGGPQG:0.2	SNDPDNPI:0.2	WQHVIGGP:0.2	RAPSNNNP:0.2	PQGSNDPD:0.2	KVDNAASA:0.2	AKVDNAAS:0.2	GPQGSNDP:0.2	QHVIGGPQ:0.2	GGQGWSGP:0.2	GQGWSGPT:0.2	QCGGQGWS:0.2	CGGQGWSG:0.2	
