cluster number:29
AA9:21	AA9:21|CBM1:11
FYMECAQI:0.3333333333333333	SYPGAQFY:0.38095238095238093	QFYMECAQ:0.38095238095238093	GPITDVTS:0.3333333333333333	TSNDIICN:0.23809523809523808	AQFYMECA:0.38095238095238093	MECAQINI:0.2857142857142857	GQGWTGPT:0.23809523809523808	YMECAQIN:0.3333333333333333	PGPRPFTC:0.3333333333333333	YPGAQFYM:0.38095238095238093	YGQCGGQG:0.23809523809523808	QGWTGPTT:0.23809523809523808	GGQGWTGP:0.23809523809523808	QCGGQGWT:0.23809523809523808	VTGLKWFK:0.38095238095238093	GAQFYMEC:0.38095238095238093	CGGQGWTG:0.23809523809523808	GWTGPTTC:0.23809523809523808	PGAQFYME:0.3333333333333333	ITDVTSND:0.2857142857142857	GQCGGQGW:0.23809523809523808	PITDVTSN:0.2857142857142857	ECAQINIT:0.23809523809523808	LYGQCGGQ:0.23809523809523808	TGLKWFKI:0.3333333333333333	IPGPRPFT:0.3333333333333333	GAYSGSDP:0.23809523809523808	SSYPGAQF:0.23809523809523808	ASSYPGAQ:0.3333333333333333	PGAYSGSD:0.23809523809523808	RVELIALH:0.23809523809523808	AYSGSDPG:0.23809523809523808	SFPGAYSG:0.23809523809523808	TVSFPGAY:0.47619047619047616	VSFPGAYS:0.23809523809523808	GLKWFKIY:0.23809523809523808	WFKIYEDG:0.38095238095238093	SYPGAQLY:0.2857142857142857	YPGAQLYM:0.2857142857142857	YDGPITDV:0.23809523809523808	PATVSFPG:0.23809523809523808	ATVSFPGA:0.23809523809523808	
