cluster number:25
AA9:21	AA9:21|1.-.-.-:3
PGAYKATD:0.38095238095238093	VSFPGAYK:0.3333333333333333	GAYKATDP:0.38095238095238093	NIYYPVPT:0.2857142857142857	SNGPVTDV:0.2857142857142857	YKATDPGI:0.23809523809523808	DPGILINI:0.23809523809523808	KATDPGIL:0.23809523809523808	TDPGILIN:0.23809523809523808	AYKATDPG:0.38095238095238093	EHIALHSA:0.5238095238095238	FPGAYKAT:0.3333333333333333	SFPGAYKA:0.3333333333333333	HIALHSAS:0.2857142857142857	GPVTDVTS:0.23809523809523808	YYPVPTSY:0.23809523809523808	PGILINIY:0.2857142857142857	IYYPVPTS:0.23809523809523808	IALHSASS:0.23809523809523808	IALHSAGS:0.23809523809523808	GGAQFYIS:0.23809523809523808	QFYISCAQ:0.2857142857142857	HIALHSAG:0.23809523809523808	GAQFYISC:0.2857142857142857	AQFYISCA:0.2857142857142857	LVSFPGAY:0.3333333333333333	LLRVEHIA:0.42857142857142855	YLLRVEHI:0.47619047619047616	HPGPLQFY:0.23809523809523808	RVEHIALH:0.47619047619047616	LRVEHIAL:0.47619047619047616	GDYLLRVE:0.23809523809523808	DYLLRVEH:0.23809523809523808	EYLLRVEH:0.23809523809523808	VEHIALHS:0.2857142857142857	GEYLLRVE:0.23809523809523808	
