cluster number:7
AA9:22	AA9:22|CBM1:11|1.-.-.-:3
FYISCAQI:0.45454545454545453	PQFYISCA:0.6363636363636364	TDPGYTAN:0.45454545454545453	QFYISCAQ:0.6818181818181818	DPGYTANI:0.45454545454545453	PGYTANIY:0.45454545454545453	PGYTVNIY:0.2727272727272727	GGWFKIKD:0.22727272727272727	DPGYTVNI:0.2727272727272727	GIPQFYIS:0.22727272727272727	AGIPQFYI:0.22727272727272727	YLLRIQSL:0.36363636363636365	SGGWFKIK:0.22727272727272727	ASAHYIFQ:0.36363636363636365	IQSLAIHN:0.2727272727272727	VYHQGPIS:0.36363636363636365	IPQFYISC:0.22727272727272727	LRIQSLAI:0.2727272727272727	QSLAIHNP:0.2727272727272727	NPWPAGIP:0.22727272727272727	PWPAGIPQ:0.22727272727272727	WPAGIPQF:0.22727272727272727	DLRCNVGA:0.22727272727272727	IHNPWPAG:0.3181818181818182	PAGIPQFY:0.22727272727272727	WFKIKDWG:0.3181818181818182	DGSGGWFK:0.22727272727272727	NYNSPVTD:0.36363636363636365	RIQSLAIH:0.2727272727272727	GWFKIKDW:0.22727272727272727	TNYNSPVT:0.4090909090909091	HNPWPAGI:0.22727272727272727	LLRIQSLA:0.2727272727272727	NTNYNSPV:0.4090909090909091	SAHYIFQQ:0.4090909090909091	YDGSGGWF:0.22727272727272727	YNSPVTDL:0.36363636363636365	HYIFQQLS:0.22727272727272727	AHYIFQQL:0.36363636363636365	TDPGYTVN:0.2727272727272727	FKIKDWGP:0.22727272727272727	GSGGWFKI:0.22727272727272727	GDYLLRIQ:0.2727272727272727	NIYSNFNS:0.22727272727272727	YSNFNSYT:0.22727272727272727	IYSNFNSY:0.22727272727272727	GEYLLRIQ:0.5	DGEYLLRI:0.22727272727272727	YTANIYSN:0.2727272727272727	GYTANIYS:0.2727272727272727	TANIYSNF:0.2727272727272727	EYLLRIQS:0.36363636363636365	YLLRIQQL:0.22727272727272727	YTVPGPAV:0.22727272727272727	GIHNPWPA:0.22727272727272727	AVYHQGPI:0.2727272727272727	YMSKAPGS:0.22727272727272727	AFKETDPG:0.2727272727272727	GAFKETDP:0.2727272727272727	KETDPGYT:0.2727272727272727	NGEYLLRI:0.22727272727272727	IPGAFKET:0.2727272727272727	PGAFKETD:0.2727272727272727	SNDLRCNV:0.2727272727272727	FKETDPGY:0.2727272727272727	NDLRCNVG:0.2727272727272727	DLRCNVGG:0.22727272727272727	FYISCAQV:0.22727272727272727	
