cluster number:223
GH5:52	GH5_7:50|3.2.1.78:6|GH5:2|CBM3:1|2.4.1.-:1
YKNHIKAV:0.23076923076923078	KNHIKAVL:0.2692307692307692	IGLEGFYG:0.21153846153846154	WELMNEPR:0.6538461538461539	AWELMNEP:0.5961538461538461	GLEGFYGE:0.21153846153846154	AGGLFWQL:0.2692307692307692	ANGFNAYW:0.38461538461538464	NGFNAYWL:0.5961538461538461	YANGFNAY:0.34615384615384615	GGLFWQLL:0.3076923076923077	QAWITEMA:0.2692307692307692	DFATVHSY:0.3076923076923077	RTWAFSDG:0.4807692307692308	LLEAGLEG:0.4230769230769231	NHLLEAGL:0.40384615384615385	VGTDFIAN:0.23076923076923078	MAWELMNE:0.46153846153846156	EAGLEGFY:0.4230769230769231	ELMNEPRC:0.5576923076923077	IQAWITEM:0.21153846153846154	IPGIDFAT:0.21153846153846154	AGLEGFYG:0.46153846153846156	IDFATVHS:0.3076923076923077	FGGKKQYV:0.28846153846153844	WAFSDGGY:0.36538461538461536	LEAGLEGF:0.4230769230769231	TDFIANNQ:0.21153846153846154	PGIDFATV:0.23076923076923078	VHSYPDQW:0.2692307692307692	TVHSYPDQ:0.2692307692307692	FNAYWLMY:0.4423076923076923	TWAFSDGG:0.4807692307692308	GTDFIANN:0.5384615384615384	IMAWELMN:0.4230769230769231	HLLEAGLE:0.4230769230769231	GIDFATVH:0.25	ATVHSYPD:0.3076923076923077	HSYPDQWL:0.28846153846153844	GFNAYWLM:0.6153846153846154	ARTWAFSD:0.46153846153846156	FATVHSYP:0.3076923076923077	LTVARTWA:0.2692307692307692	TVARTWAF:0.2692307692307692	VARTWAFS:0.3076923076923077	NEPRCTSD:0.25	DRNHLLEA:0.25	GLTVARTW:0.2692307692307692	ILSLVNNY:0.25	KDDPTIMA:0.3076923076923077	PYYANGFN:0.25	RNHLLEAG:0.25	PTIMAWEL:0.4230769230769231	HGLTVART:0.2692307692307692	YKDDPTIM:0.28846153846153844	FIANNRIP:0.21153846153846154	AFSDGGYR:0.28846153846153844	PRCTSDPS:0.23076923076923078	KSIDRNHL:0.21153846153846154	DFIANNRI:0.23076923076923078	LILSLVNN:0.2692307692307692	EPRCTSDP:0.23076923076923078	DPTIMAWE:0.36538461538461536	SIDRNHLL:0.21153846153846154	IDRNHLLE:0.21153846153846154	DDPTIMAW:0.34615384615384615	TDFIANNR:0.3076923076923077	RCTSDPSG:0.21153846153846154	GLEGFYGQ:0.3269230769230769	LSLVNNYE:0.25	LEGFYGQS:0.25	AYKDDPTI:0.23076923076923078	TIMAWELM:0.40384615384615385	MNEPRCTS:0.21153846153846154	LMNEPRCT:0.21153846153846154	YYANGFNA:0.21153846153846154	GVAYKDDP:0.25	VAYKDDPT:0.21153846153846154	
