cluster number:169
GH5:6	GH5:6|CBM35:1
GWAWNGDG:0.5	GGGSDDGD:0.3333333333333333	PDIETVRI:0.3333333333333333	VNLQPSYF:0.3333333333333333	LTATDNEG:0.3333333333333333	GDGVNLQP:0.5	CMIGEFGN:0.3333333333333333	NDHPDIET:0.3333333333333333	PCMIGEFG:0.3333333333333333	TVRIEIEP:0.5	DLMNDHPD:0.3333333333333333	FTVNLMNE:0.3333333333333333	IETVRIEI:0.3333333333333333	DGVNLQPS:0.3333333333333333	HPDIETVR:0.3333333333333333	GWDLMNDH:0.3333333333333333	GVNLQPSY:0.5	DIETVRIE:0.3333333333333333	FGDGVNLQ:0.5	TVALTATD:0.3333333333333333	ALTATDNE:0.3333333333333333	MNDHPDIE:0.3333333333333333	LMNDHPDI:0.3333333333333333	YTVALTAT:0.3333333333333333	TVNLMNEW:0.3333333333333333	ETVRIEIE:0.3333333333333333	ILSAHVYP:0.3333333333333333	VNLMNEWG:0.3333333333333333	WDLMNDHP:0.3333333333333333	VALTATDN:0.3333333333333333	LGWDLMND:0.3333333333333333	DHPDIETV:0.3333333333333333	WAWNGDGE:0.3333333333333333	GYGVIATY:0.3333333333333333	YGVIATYH:0.3333333333333333	LMNEWGSH:0.3333333333333333	NLMNEWGS:0.3333333333333333	INLMNEWG:0.3333333333333333	TINLMNEW:0.3333333333333333	
