cluster number:79
GH5:17	GH5_55:10|GH5:7|CBM32:7|3.2.1.78:2|3.2.1.-:1|CBM6:1|CBM3:1|CBM4:1
IELHDATG:0.29411764705882354	ELHDATGE:0.29411764705882354	LHDATGEW:0.23529411764705882	IVELHDAT:0.23529411764705882	LAWSWGAV:0.23529411764705882	LLVNIGNE:0.35294117647058826	PIVELHDA:0.23529411764705882	WLAWSWGA:0.23529411764705882	VAVTDPNS:0.23529411764705882	KTGANAVR:0.23529411764705882	NIGNEVGD:0.23529411764705882	IAKTGANA:0.23529411764705882	EIAKTGAN:0.6470588235294118	AVTDPNSI:0.23529411764705882	IPIVELHD:0.23529411764705882	VNIGNEVG:0.35294117647058826	EVAVTDPN:0.23529411764705882	GWLAWSWG:0.35294117647058826	VPLVIDAS:0.23529411764705882	VELHDATG:0.35294117647058826	AEIAKTGA:0.23529411764705882	LVNIGNEV:0.35294117647058826	PQTFLDMT:0.4117647058823529	NNPQTFLD:0.29411764705882354	TFLDMTTD:0.29411764705882354	LDMTTDGT:0.29411764705882354	VIKKHQEY:0.23529411764705882	NLPLIVGE:0.23529411764705882	WGPGNNPQ:0.29411764705882354	GNNPQTFL:0.29411764705882354	PLIVGEFG:0.23529411764705882	VHMWWPYM:0.35294117647058826	GPGNNPQT:0.29411764705882354	IKKHQEYL:0.23529411764705882	CRAEHMIP:0.23529411764705882	KKHQEYLL:0.23529411764705882	SVHMWWPY:0.35294117647058826	IMEQCYKN:0.29411764705882354	DMTTDGTF:0.35294117647058826	GEKVILYG:0.23529411764705882	NCRAEHMI:0.23529411764705882	QTFLDMTT:0.29411764705882354	VEGRFLYD:0.23529411764705882	LPLIVGEF:0.35294117647058826	FLDMTTDG:0.29411764705882354	PGNNPQTF:0.29411764705882354	RVEGRFLY:0.23529411764705882	NPQTFLDM:0.29411764705882354	EGRFLYDN:0.23529411764705882	MIPIIELH:0.23529411764705882	EAGIHVPL:0.23529411764705882	TGANCVRI:0.35294117647058826	TIMEQCYK:0.23529411764705882	AKTGANCV:0.29411764705882354	IIELHDAT:0.23529411764705882	HMWWPYMW:0.29411764705882354	PIIELHDA:0.23529411764705882	MREAGIHV:0.23529411764705882	KTGANCVR:0.29411764705882354	IAKTGANC:0.29411764705882354	REAGIHVP:0.23529411764705882	FSVHMWWP:0.29411764705882354	IPIIELHD:0.23529411764705882	MWWPYMWG:0.29411764705882354	KNLLFSVH:0.23529411764705882	INIGNEVG:0.23529411764705882	IPYKTIME:0.29411764705882354	PYKTIMEQ:0.23529411764705882	YKTIMEQC:0.29411764705882354	KTIMEQCY:0.23529411764705882	LQATGPYL:0.23529411764705882	ANCVRIVW:0.23529411764705882	GANCVRIV:0.23529411764705882	
