cluster number:178
GH5:68	GH5_2:66|CBM2:12|3.2.1.4:4|GH5:2|CBM22:1
ETFNEPLQ:0.5735294117647058	NIIYETFN:0.3382352941176471	NVVRAAMG:0.20588235294117646	GTTTWSQD:0.27941176470588236	YETFNEPL:0.5735294117647058	GMSLFWSS:0.23529411764705882	FNEPLQVD:0.45588235294117646	TTWSQDVD:0.29411764705882354	IYETFNEP:0.5	FVTEYGTV:0.4852941176470588	NEPLQVDW:0.47058823529411764	TTTWSQDV:0.27941176470588236	PPYGQLSV:0.27941176470588236	VVRAAMGV:0.20588235294117646	VRAAMGVE:0.39705882352941174	KNVIVLGT:0.20588235294117646	IIYETFNE:0.5	PNIIYETF:0.3382352941176471	TFNEPLQV:0.4852941176470588	AANNPVSG:0.22058823529411764	CIFVTEYG:0.29411764705882354	IFVTEYGT:0.39705882352941174	LGTTTWSQ:0.2647058823529412	DWHDHNAQ:0.4411764705882353	HYYAATHK:0.20588235294117646	GTPTWSQD:0.3382352941176471	SGSNLCYT:0.29411764705882354	LGTPTWSQ:0.29411764705882354	IVLGTPTW:0.20588235294117646	VSGSNLCY:0.29411764705882354	AAMGVEEG:0.25	CYTLHYYA:0.25	TWSQDVDV:0.29411764705882354	GIYVIVDW:0.25	WSQDVDVA:0.29411764705882354	YVIVDWHD:0.27941176470588236	PTWSQDVD:0.35294117647058826	IYVIVDWH:0.2647058823529412	TPTWSQDV:0.3382352941176471	VIVDWHDH:0.27941176470588236	LCYTLHYY:0.25	WHDHNAQN:0.4117647058823529	NLCYTLHY:0.25	NPVSGSNL:0.22058823529411764	SNLCYTLH:0.3088235294117647	HKQSLRDK:0.3088235294117647	RAAMGVEE:0.25	VLGTPTWS:0.22058823529411764	YTLHYYAA:0.39705882352941174	GSNLCYTL:0.3088235294117647	HDHNAQNH:0.38235294117647056	VIVLGTPT:0.20588235294117646	PVSGSNLC:0.23529411764705882	NVIVLGTP:0.22058823529411764	VDWHDHNA:0.4411764705882353	IVDWHDHN:0.2647058823529412	HYYAASHK:0.25	TLHYYAAS:0.25	WSQDVDIA:0.20588235294117646	TYIAKTYG:0.22058823529411764	FTYIAKTY:0.22058823529411764	YYAASHKQ:0.23529411764705882	FFTYIAKT:0.22058823529411764	LHYYAASH:0.25	RGMSLFWS:0.20588235294117646	LRGMSLFW:0.20588235294117646	GMSLFWSQ:0.22058823529411764	MSLFWSQW:0.22058823529411764	VALHGMSL:0.23529411764705882	ALHGMSLF:0.22058823529411764	LHGMSLFW:0.20588235294117646	HGMSLFWS:0.20588235294117646	
