cluster number:24
GH5:43	GH5_42:43
FDFYGNYD:0.27906976744186046	LFDFYGNY:0.32558139534883723	SYLNTGAD:0.20930232558139536	VDFVSFHY:0.23255813953488372	YLNTGADR:0.37209302325581395	SFHYYEDL:0.20930232558139536	HPVTIGWS:0.627906976744186	DRSKMLHT:0.20930232558139536	GADRSKML:0.3488372093023256	TLFDFYGN:0.32558139534883723	LNTGADRS:0.46511627906976744	TGADRSKM:0.3488372093023256	ADRSKMLH:0.3488372093023256	VTLFDFYG:0.5348837209302325	VSFHYYED:0.27906976744186046	MSWTLYDF:0.4186046511627907	PVTIGWSN:0.3953488372093023	RSKMLHTE:0.20930232558139536	NTGADRSK:0.37209302325581395	DFVSFHYY:0.3023255813953488	FDFYGDYS:0.20930232558139536	LFDFYGDY:0.627906976744186	KNEPDLDF:0.3023255813953488	TLFDFYGD:0.5813953488372093	FFSEDGQL:0.3023255813953488	FWRIRHLV:0.27906976744186046	IKGINYYP:0.4883720930232558	EDGFWRIR:0.6976744186046512	LLEDGFWR:0.8837209302325582	NDYLDAWY:0.32558139534883723	LEDGFWRI:0.6744186046511628	GFWRIRHL:0.3953488372093023	LDFESRGK:0.27906976744186046	WRIRHLVK:0.20930232558139536	PNLDFESR:0.2558139534883721	FMSWTLYD:0.3488372093023256	EFFSEDGQ:0.2558139534883721	WTLNHRHA:0.23255813953488372	NIKGINYY:0.23255813953488372	NLDFESRG:0.2558139534883721	YLDAWYVK:0.46511627906976744	DGFWRIRH:0.6744186046511628	KNEPNLDF:0.5581395348837209	TLNHRHAE:0.23255813953488372	YEDFGKAN:0.20930232558139536	NEPNLDFE:0.27906976744186046	LLLEDGFW:0.4418604651162791	KGINYYPK:0.2558139534883721	DYLDAWYV:0.4418604651162791	EPNLDFES:0.2558139534883721	MMLLEDGF:0.2558139534883721	FDFYGDYD:0.2558139534883721	MLLEDGFW:0.3023255813953488	VMMLLEDG:0.23255813953488372	TIGWSSPE:0.20930232558139536	FLNTGADR:0.27906976744186046	DWTLNHRH:0.20930232558139536	GINYYPQA:0.2558139534883721	ENDYLDAW:0.23255813953488372	VTIGWSNT:0.23255813953488372	KGINYYPQ:0.3488372093023256	DGFWRVRH:0.20930232558139536	LEDGFWRV:0.20930232558139536	EDGFWRVR:0.20930232558139536	WDIKNEPN:0.3953488372093023	LKVVVTLF:0.23255813953488372	KVVVTLFD:0.23255813953488372	DIKNEPNL:0.3953488372093023	IKNEPNLD:0.3953488372093023	VVTLFDFY:0.2558139534883721	VVVTLFDF:0.23255813953488372	ILLLEDGF:0.2558139534883721	WDIKNEPD:0.20930232558139536	DIKNEPDL:0.20930232558139536	AWDIKNEP:0.4418604651162791	IKNEPDLD:0.20930232558139536	LAWDIKNE:0.23255813953488372	
