cluster number:126
GH5:28	GH5_7:28|3.2.1.78:10|CBM1:9
DYGGMDVY:0.7857142857142857	WSDYGGMD:0.21428571428571427	ELANEPRC:0.6071428571428571	TNNWSDYG:0.21428571428571427	WELANEPR:0.6071428571428571	NNWSDYGG:0.21428571428571427	NWSDYGGM:0.21428571428571427	SDYGGMDV:0.21428571428571427	YGGMDVYV:0.25	TWGFNEVT:0.21428571428571427	GKYHDDFY:0.2857142857142857	KYHDDFYT:0.21428571428571427	GGKYHDDF:0.2857142857142857	YFAGSNAY:0.2857142857142857	FAGSNAYY:0.5357142857142857	FYFAGSNA:0.2857142857142857	DGKDFYFA:0.21428571428571427	LGGKYHDD:0.21428571428571427	ANEPRCGA:0.42857142857142855	LTVFRTWG:0.21428571428571427	GYSYGRNH:0.21428571428571427	MDVYTVNL:0.4642857142857143	LIVALTNN:0.35714285714285715	IMAWELAN:0.21428571428571427	TVNLGGKY:0.21428571428571427	VALTNNWA:0.42857142857142855	ADYGGMDV:0.6071428571428571	GKDFYFAG:0.21428571428571427	MAWELANE:0.2857142857142857	GLTVFRTW:0.21428571428571427	NWADYGGM:0.6071428571428571	VNLGGKYH:0.21428571428571427	AGLTVFRT:0.21428571428571427	DVYTVNLG:0.4642857142857143	YGGMDVYT:0.5357142857142857	LVTWGGEG:0.42857142857142855	VTWGGEGG:0.35714285714285715	WGGEGGFN:0.35714285714285715	SNAYYFPF:0.35714285714285715	VYTVNLGG:0.4642857142857143	SYGRNHDD:0.2857142857142857	GMDVYTVN:0.4642857142857143	TWGFNDKN:0.32142857142857145	QWIRDHAA:0.25	TVFRTWGF:0.21428571428571427	HDDFYTVP:0.25	NEPRCGAD:0.4642857142857143	HLVTWGGE:0.42857142857142855	IVALTNNW:0.35714285714285715	WADYGGMD:0.6071428571428571	NLGGKYHD:0.21428571428571427	AWELANEP:0.5	ALTNNWAD:0.5357142857142857	LANEPRCG:0.35714285714285715	KLIVALTN:0.25	YHDDFYTV:0.2857142857142857	VFRTWGFN:0.35714285714285715	KDFYFAGS:0.21428571428571427	GSNAYYFP:0.35714285714285715	YTVNLGGK:0.21428571428571427	FRTWGFND:0.32142857142857145	RTWGFNDK:0.32142857142857145	TNNWADYG:0.6071428571428571	NNWADYGG:0.6428571428571429	YSYGRNHD:0.25	NAYYFPFN:0.32142857142857145	GGMDVYTV:0.4642857142857143	LDGKDFYF:0.21428571428571427	NHLVTWGG:0.21428571428571427	DFYFAGSN:0.25	GADGGDFD:0.21428571428571427	GGEGGFNR:0.2857142857142857	TWGGEGGF:0.35714285714285715	AGSNAYYF:0.35714285714285715	LTNNWADY:0.6071428571428571	GDLIWQAG:0.21428571428571427	DLIWQAGS:0.21428571428571427	KPVVHEEY:0.2857142857142857	VVHEEYGW:0.2857142857142857	VHEEYGWL:0.25	FHSYPDWW:0.2857142857142857	GVFHSYPD:0.2857142857142857	SYPDWWSK:0.21428571428571427	GADGVRNL:0.21428571428571427	GFTIYLDD:0.21428571428571427	VFHSYPDW:0.2857142857142857	QYGGEGAG:0.25	SDDWAYNG:0.21428571428571427	ADGVRNLP:0.21428571428571427	YGGEGAGP:0.21428571428571427	HSYPDWWS:0.21428571428571427	IDFGVFHS:0.25	PRCGADGV:0.21428571428571427	HEEYGWLT:0.32142857142857145	FGVFHSYP:0.2857142857142857	YPDWWSKT:0.25	NHDDGFTI:0.21428571428571427	DGFTIYLD:0.21428571428571427	PQYGGEGA:0.25	YGRNHDDG:0.21428571428571427	GLPQYGGE:0.21428571428571427	PVVHEEYG:0.2857142857142857	LPQYGGEG:0.21428571428571427	RCGADGVR:0.21428571428571427	EPRCGADG:0.39285714285714285	DDGFTIYL:0.25	CGADGVRN:0.21428571428571427	DFGVFHSY:0.2857142857142857	EEYGWLTP:0.25	
