cluster number:137
GH5:32	GH5_22:32|3.2.1.37:1|3.2.1.4:1
VWNGEFGP:0.25	GIYTILDL:0.28125	ILFLDGNT:0.28125	YNPLNEPA:0.28125	VAGYNPLN:0.28125	GHLNMENF:0.25	SIWLYKDI:0.46875	MENFITGY:0.625	HLNMENFI:0.25	CAKYGIYT:0.21875	AGYNPLNE:0.4375	ENFITGYP:0.4375	GGHLNMEN:0.21875	NFITGYPG:0.4375	ISWSIWLY:0.25	WVAGYNPL:0.28125	HILFLDGN:0.28125	IYTILDLH:0.3125	NMENFITG:0.6875	IWLYKDIG:0.53125	SWSIWLYK:0.5	LNMENFIT:0.40625	NGEFGPVY:0.625	PVWNGEFG:0.21875	YKDIGYQG:0.21875	GYNPLNEP:0.4375	WNGEFGPV:0.625	WSIWLYKD:0.5625	SLGLNCIR:0.40625	LYKDIGFQ:0.3125	LGLNCIRI:0.3125	ASLGLNCI:0.28125	YKDIGFQG:0.34375	EDDMNPRV:0.34375	FFASLGLN:0.21875	GLNCIRIP:0.28125	WLYKDIGF:0.3125	DWHSDNPT:0.21875	FEDDMNPR:0.3125	KDIGFQGM:0.28125	HFEDDMNP:0.4375	FASLGLNC:0.3125	GEFGPVYQ:0.21875	FITGYPGH:0.3125	NQDWHSDS:0.34375	DGNTYAMD:0.3125	PFNYRHFI:0.3125	NTYAMDFR:0.21875	IPFNYRHF:0.28125	FNYRHFID:0.21875	GEFGPVYA:0.375	GQNQDWHS:0.375	QNQDWHSD:0.375	GNTYAMDF:0.3125	NYRHFIDD:0.25	RIPFNYRH:0.3125	ITGYPGHE:0.3125	GGQNQDWH:0.4375	QDWHSDSG:0.34375	PGGQNQDW:0.40625	HAVPGGQN:0.21875	FFFDKFLE:0.21875	PFNYRHFE:0.21875	DDMNPRVL:0.25	GWMNMENF:0.28125	FDKFLEYF:0.21875	DKFLEYFF:0.25	GAGLGGWM:0.21875	FFDKFLEY:0.21875	RHFEDDMN:0.34375	MNMENFIT:0.25	GGWMNMEN:0.28125	DMNPRVLK:0.25	FNYRHFED:0.21875	YRHFEDDM:0.34375	WMNMENFI:0.28125	NYRHFEDD:0.34375	PIWNGEFG:0.34375	GNPVIAGY:0.21875	NPVIAGYN:0.21875	VPIWNGEF:0.28125	IWNGEFGP:0.34375	
