cluster number:65
GH5:34	GH5_14:33|3.2.1.58:1|GH5:1|3.2.1.21:1
VNLGGWLV:0.4411764705882353	AVNLGGWL:0.2647058823529412	GLNAVRIP:0.3235294117647059	VIVDLHAA:0.20588235294117646	NGLNAVRI:0.2647058823529412	LNAVRIPV:0.3235294117647059	IVDLHAAP:0.20588235294117646	IKPSLFDG:0.2647058823529412	SLFDGIPN:0.23529411764705882	GWIKPSLF:0.3235294117647059	WIKPSLFD:0.3235294117647059	ALDNAFTW:0.23529411764705882	DNAFTWAQ:0.20588235294117646	IPVGWWIA:0.7058823529411765	LDNAFTWA:0.3235294117647059	PSLFDGIP:0.23529411764705882	RIPVGWWI:0.7352941176470589	KPSLFDGI:0.3235294117647059	AVRIPVGW:0.6176470588235294	NAVRIPVG:0.4117647058823529	EGWIKPSL:0.3235294117647059	VRIPVGWW:0.7058823529411765	LHAAPGSQ:0.47058823529411764	TVQVIDFL:0.23529411764705882	PVGWWIAS:0.3235294117647059	HAAPGSQN:0.4411764705882353	LLDGTQVQ:0.20588235294117646	KAVNLGNW:0.23529411764705882	ATFGWAYW:0.4117647058823529	GWWIASDP:0.2647058823529412	RATFGWAY:0.2647058823529412	PKPFVGGS:0.23529411764705882	MNVQQNID:0.20588235294117646	VGWWIASD:0.29411764705882354	AVNLGNWL:0.23529411764705882	DLLDGTQV:0.20588235294117646	WETFRLWR:0.23529411764705882	KPFVGGSL:0.23529411764705882	PPKPFVGG:0.2647058823529412	DLHAAPGS:0.4411764705882353	IIDLHAAP:0.23529411764705882	IDLHAAPG:0.23529411764705882	AAPGSQNG:0.2647058823529412	SGWETFKL:0.23529411764705882	GGWLVTEG:0.29411764705882354	SLQALDNA:0.20588235294117646	LTFVGEWV:0.2647058823529412	GSLQALDN:0.20588235294117646	LQALDNAF:0.20588235294117646	GWETFKLW:0.23529411764705882	NLGGWLVT:0.23529411764705882	SASGWETF:0.23529411764705882	GGSLQALD:0.20588235294117646	GWLVTEGW:0.29411764705882354	GPLTFVGE:0.23529411764705882	FVGEWVAE:0.3235294117647059	VGGSLQAL:0.20588235294117646	TFVGEWVA:0.2647058823529412	WETFKLWR:0.29411764705882354	NKDLLDGT:0.29411764705882354	VGEWVAEW:0.3235294117647059	WLVTEGWI:0.29411764705882354	KDLLDGTQ:0.29411764705882354	PLTFVGEW:0.2647058823529412	ASGWETFK:0.20588235294117646	LGGWLVTE:0.29411764705882354	VQQNIDYI:0.23529411764705882	GEYQLTNG:0.20588235294117646	EHSSSRDG:0.23529411764705882	VIMSNPLD:0.20588235294117646	KVIVDLHA:0.23529411764705882	YVIMSNPL:0.23529411764705882	AYVIMSNP:0.23529411764705882	
