cluster number:192
GH5:117	GH5_2:115|CBM2:45|CBM35:13|CBM5:5|CBM32:4|CBM12:2|CBM13:2|GH5:2|3.2.1.4:1|GH12:1|CBM73:1|3.2.1.132:1|GH18:1
AKTFFTEI:0.2222222222222222	KTFFTEIA:0.21367521367521367	FYAASHKD:0.26495726495726496	SLDALAND:0.20512820512820512	PVFVTEFG:0.3504273504273504	SMYIQEGG:0.20512820512820512	LDALANDW:0.20512820512820512	ANEPNGVS:0.38461538461538464	MYIQEGGY:0.21367521367521367	IANEPNGV:0.4188034188034188	PIQLRGMS:0.4444444444444444	NEPNGVSW:0.452991452991453	HFYAASHK:0.3162393162393162	MSTHGIQW:0.38461538461538464	TFHFYAAS:0.5213675213675214	FHFYAASH:0.8034188034188035	QLRGMSTH:0.6752136752136753	MYTFHFYA:0.6239316239316239	IPVIRAQD:0.20512820512820512	YIQEGGYE:0.20512820512820512	RGMSTHGI:0.37606837606837606	GMSTHGIQ:0.38461538461538464	LRGMSTHG:0.6752136752136753	YTFHFYAA:0.5299145299145299	FVTEFGTQ:0.5811965811965812	VFVTEFGT:0.3418803418803419	IQLRGMST:0.4700854700854701	YVQEGGYE:0.3076923076923077	NGQLRVCG:0.27350427350427353	VLRVSTYV:0.21367521367521367	IMYTFHFY:0.46153846153846156	VLVGTRAW:0.24786324786324787	NIMYTFHF:0.46153846153846156	DVLRVSTY:0.21367521367521367	NLDRAKTF:0.21367521367521367	QEGGYETD:0.3162393162393162	YEIANEPS:0.2222222222222222	YETDPAGF:0.26495726495726496	LPVFVTEF:0.2222222222222222	LDRAKTFF:0.21367521367521367	HFYAASHR:0.2564102564102564	GYETDPAG:0.27350427350427353	EGGYETDP:0.3162393162393162	VQEGGYET:0.28205128205128205	VLYEIANE:0.23931623931623933	LYEIANEP:0.37606837606837606	RVSTYVQE:0.2222222222222222	KISWTNWN:0.23931623931623933	KKISWTNW:0.2222222222222222	LRVSTYVQ:0.2222222222222222	VGTRAWSS:0.3418803418803419	ETDPAGFT:0.27350427350427353	LVGTRAWS:0.2905982905982906	PGDPNYNL:0.21367521367521367	GMSTHGLQ:0.2564102564102564	MSTHGLQW:0.2564102564102564	RGMSTHGL:0.23076923076923078	TRGWSSLG:0.28205128205128205	VGTRGWSS:0.26495726495726496	LPLFVTEF:0.24786324786324787	LFVTEFGT:0.3418803418803419	PLFVTEFG:0.3418803418803419	SDDFRSGA:0.2222222222222222	GTRGWSSL:0.28205128205128205	WSSLGVSD:0.21367521367521367	NVIYEIAN:0.2222222222222222	YAEQVIPV:0.3076923076923077	LKISYANW:0.23076923076923078	KKNVIYEI:0.23076923076923078	ISYANWTY:0.20512820512820512	DFHTLTPG:0.2564102564102564	SSLGVSDG:0.21367521367521367	EIANEPNG:0.4188034188034188	FVTEFGTV:0.23931623931623933	AFHFYAAS:0.23076923076923078	AEQVIPVI:0.2905982905982906	KISYANWT:0.23076923076923078	HTLTPGDP:0.2564102564102564	RGWSSLGV:0.27350427350427353	GWSSLGVS:0.3076923076923077	MYAFHFYA:0.23076923076923078	EQVIPVIR:0.2905982905982906	VIYEIANE:0.23076923076923078	IYEIANEP:0.2564102564102564	STHGIQWF:0.2222222222222222	IDFHTLTP:0.23076923076923078	YEIANEPN:0.41025641025641024	YAFHFYAA:0.23076923076923078	QVIPVIRA:0.28205128205128205	FHTLTPGD:0.2564102564102564	SYANWTYS:0.20512820512820512	SSLGVSEG:0.24786324786324787	VQLRGMST:0.20512820512820512	WSSLGVSE:0.24786324786324787	
