cluster number:2
GH46:176	GH46:176|3.2.1.132:10|CBM13:9|CBM32:7
TAGIIGFC:0.6704545454545454	LGQFIYYD:0.3068181818181818	PALREVDG:0.2215909090909091	GYTAGIIG:0.6761363636363636	GQFIYYDA:0.3068181818181818	IIGFCSGT:0.6590909090909091	LPALREVD:0.2215909090909091	AGIIGFCS:0.5965909090909091	YLPALREV:0.23863636363636365	DPAKKEIA:0.3806818181818182	YTAGIIGF:0.6761363636363636	GIIGFCSG:0.6590909090909091	DGRGYTAG:0.6363636363636364	IGFCSGTG:0.5795454545454546	DIGDGRGY:0.5397727272727273	YLNAFLDA:0.26704545454545453	YIEDIGDG:0.5397727272727273	NSSLDWKA:0.36363636363636365	VSSAENSS:0.6079545454545454	SSAENSSL:0.6079545454545454	IGDGRGYT:0.5397727272727273	ENSSLDWK:0.4034090909090909	SAENSSLD:0.5738636363636364	SLDWKAQY:0.35795454545454547	LNAFLDAR:0.3522727272727273	GFCSGTGD:0.6079545454545454	IEDIGDGR:0.5284090909090909	EDIGDGRG:0.5454545454545454	RGYTAGII:0.5795454545454546	NAFLDARV:0.2556818181818182	GDGRGYTA:0.4715909090909091	FCSGTGDM:0.5965909090909091	GRGYTAGI:0.6079545454545454	AENSSLDW:0.6079545454545454	CSGTGDML:0.5852272727272727	SSLDWKAQ:0.36363636363636365	DARVWAMK:0.26136363636363635	FLDARVWA:0.30113636363636365	AMKQEEAH:0.26704545454545453	HSDTSRVD:0.4147727272727273	AFLDARVW:0.30113636363636365	KQEEAHSD:0.23863636363636365	EEAHSDTS:0.375	TGDMLDLV:0.30113636363636365	SRVDTAQR:0.4034090909090909	YYDAIVMH:0.4943181818181818	SGTGDMLD:0.3068181818181818	AHSDTSRV:0.42045454545454547	EAHSDTSR:0.375	ARVWAMKQ:0.2556818181818182	QEEAHSDT:0.2784090909090909	LVSSAENS:0.6363636363636364	YDAIVMHG:0.48863636363636365	TSRVDTAQ:0.4034090909090909	DDPAKKEI:0.3465909090909091	AYYDAIVM:0.23863636363636365	RVWAMKQE:0.29545454545454547	GTGDMLDL:0.30113636363636365	GQFAYYDA:0.3693181818181818	DTSRVDTA:0.3977272727272727	LDDPAKKE:0.35795454545454547	FAYYDAIV:0.23863636363636365	QFAYYDAI:0.23863636363636365	GLDDPAKK:0.3409090909090909	DSHEGLDP:0.26136363636363635	RVDTAQRV:0.3465909090909091	SHEGLDPG:0.22727272727272727	VDTAQRVF:0.3409090909090909	TAQRVFLR:0.21022727272727273	LGQFAYYD:0.375	LDARVWAM:0.30113636363636365	PAKKEIAM:0.39204545454545453	MKQEEAHS:0.23863636363636365	SDTSRVDT:0.4090909090909091	GDMLDLVE:0.2215909090909091	VWAMKQEE:0.26704545454545453	DTAQRVFL:0.42045454545454547	WAMKQEEA:0.26704545454545453	DERDRVYF:0.3465909090909091	AKYLPALR:0.30113636363636365	RVYFNPAV:0.26136363636363635	TGDMLELV:0.2159090909090909	ENSSLDWR:0.20454545454545456	RDRVYFNP:0.3693181818181818	GNVLAKYL:0.23295454545454544	SGTGDMLE:0.22727272727272727	GTGDMLEL:0.2159090909090909	AKPPAQGG:0.26704545454545453	DRVYFNPA:0.26704545454545453	LAKYLPAL:0.3409090909090909	NVLAKYLP:0.2840909090909091	ERDRVYFN:0.3693181818181818	PGNVLAKY:0.23295454545454544	VLAKYLPA:0.2840909090909091	QLVSSAEN:0.3125	RVYFDPAV:0.25	HEGLDPGF:0.20454545454545456	AMQLVSSA:0.26136363636363635	DRVYFDPA:0.25	MQLVSSAE:0.26136363636363635	RDRVYFDP:0.25	ERDRVYFD:0.25	PPAQGGDE:0.2556818181818182	IAMQLVSS:0.26704545454545453	AQNDERDR:0.23863636363636365	DAIVMHGD:0.21022727272727273	AIVMHGDG:0.21022727272727273	QNDERDRV:0.23863636363636365	LDWKVYGD:0.20454545454545456	PLDWKVYG:0.2215909090909091	NDERDRVY:0.23863636363636365	
