cluster number:14
GT14:6	GT14:6
DWFVLLSG:0.5	FVLLSGAD:0.5	LTHTKPLQ:0.3333333333333333	WFVLLSGA:0.3333333333333333	MEDLPNLL:0.6666666666666666	SKCDLSVD:0.5	CHHDFSKC:0.5	LPFSKKLA:0.3333333333333333	SKNVLLVR:0.3333333333333333	GFILLTHT:0.3333333333333333	SGSQWFCA:0.5	SYQRYCTK:0.3333333333333333	DWSTGGPH:0.3333333333333333	LACFSGSQ:0.3333333333333333	LLASSAHF:0.3333333333333333	KILLMEDL:0.5	FSGSQWFC:0.5	NVLLVRPH:0.5	FILLTHTK:0.3333333333333333	PDWFVLLS:0.5	DFSKCDLS:0.5	PKILLMED:0.5	KLACFSGS:0.3333333333333333	LWLKNSYQ:0.3333333333333333	YFQTILAN:0.6666666666666666	VLLSGADY:0.5	ILLMEDLP:0.5	SIGFILLT:0.5	IYRLINKL:0.3333333333333333	FSKKLACF:0.3333333333333333	LMEDLPNL:0.5	FLPFSKKL:0.3333333333333333	HHDFSKCD:0.5	IVCHHDFS:0.6666666666666666	STGGPHPK:0.3333333333333333	SGADYPIK:0.3333333333333333	LLTHTKPL:0.3333333333333333	LPNLLASS:0.3333333333333333	PLQIYRLI:0.3333333333333333	KPLQIYRL:0.3333333333333333	FCANRKAA:0.5	HTKPLQIY:0.3333333333333333	YRLINKLN:0.3333333333333333	KNVLLVRP:0.5	IGFILLTH:0.5	MLWLKNSY:0.3333333333333333	WFCANRKA:0.5	LKNSYQRY:0.3333333333333333	NLLASSAH:0.3333333333333333	GSQWFCAN:0.5	LQIYRLIN:0.3333333333333333	SQWFCANR:0.5	LSGADYPI:0.3333333333333333	SKKLACFS:0.3333333333333333	PFSKKLAC:0.3333333333333333	ILLTHTKP:0.3333333333333333	WLKNSYQR:0.3333333333333333	KNSYQRYC:0.3333333333333333	CFSGSQWF:0.5	PHPKILLM:0.3333333333333333	LLSGADYP:0.5	PNLLASSA:0.3333333333333333	IDWSTGGP:0.3333333333333333	RYIDWSTG:0.3333333333333333	LLMEDLPN:0.5	DLPNLLAS:0.3333333333333333	WSTGGPHP:0.3333333333333333	YIDWSTGG:0.3333333333333333	THTKPLQI:0.3333333333333333	LSKNVLLV:0.3333333333333333	VCHHDFSK:0.6666666666666666	KKLACFSG:0.3333333333333333	EDLPNLLA:0.5	SSPYDAYI:0.3333333333333333	QIYRLINK:0.3333333333333333	GPHPKILL:0.3333333333333333	TGGPHPKI:0.3333333333333333	HPKILLME:0.3333333333333333	ACFSGSQW:0.5	FSKCDLSV:0.5	TKPLQIYR:0.3333333333333333	NSYQRYCT:0.3333333333333333	QWFCANRK:0.5	GGPHPKIL:0.5	LEHPLLTK:0.5	RKFDIDID:0.3333333333333333	HDFSKCDL:0.5	NILDELDR:0.3333333333333333	KCDLSVDS:0.3333333333333333	TILANASH:0.3333333333333333	SSAHFARK:0.3333333333333333	IDSNILDE:0.3333333333333333	DSNILDEL:0.3333333333333333	ILANASHL:0.3333333333333333	YIIDFHSK:0.3333333333333333	ASSAHFAR:0.3333333333333333	ESYFQTIL:0.5	SNILDELD:0.3333333333333333	ADESYFQT:0.6666666666666666	ANASHLKL:0.3333333333333333	SYFQTILA:0.5	SAHFARKF:0.5	CDLSVDSL:0.3333333333333333	APDWFVLL:0.3333333333333333	QTILANAS:0.3333333333333333	ILDELDRI:0.3333333333333333	DESYFQTI:0.6666666666666666	LANASHLK:0.3333333333333333	IRLEHPLL:0.3333333333333333	FQTILANA:0.5	HFARKFDI:0.3333333333333333	AHFARKFD:0.3333333333333333	AKQILDDL:0.3333333333333333	LDELDRIT:0.3333333333333333	IIDFHSKK:0.3333333333333333	DAPDWFVL:0.3333333333333333	FADESYFQ:0.5	MFADESYF:0.3333333333333333	SGSDYPIK:0.3333333333333333	
