cluster number:33
GT5:11	GT5:11
FCDVLTTV:0.2727272727272727	DVLTTVSP:0.36363636363636365	MRYGTVPV:0.2727272727272727	RYGTVPVV:0.2727272727272727	SQMIAMRY:0.2727272727272727	QMIAMRYG:0.45454545454545453	MPSLFEPC:0.7272727272727273	MIAMRYGT:0.45454545454545453	AMRYGTVP:0.2727272727272727	LMPSLFEP:0.7272727272727273	YGTVPVVR:0.2727272727272727	CDVLTTVS:0.36363636363636365	PSLFEPCG:0.7272727272727273	IAMRYGTV:0.2727272727272727	GGLKDTVK:0.2727272727272727	LKGGIVFS:0.2727272727272727	VNFLKGGI:0.36363636363636365	PTYAKEIL:0.36363636363636365	FLKGGIVF:0.36363636363636365	RDYLYGPP:0.2727272727272727	NFLKGGIV:0.36363636363636365	SPTYAKEI:0.5454545454545454	GILNGIDY:0.45454545454545453	TVSPTYAK:0.5454545454545454	GLKDTVKD:0.2727272727272727	TTVSPTYA:0.5454545454545454	VSPTYAKE:0.5454545454545454	AKTGGLAD:0.45454545454545453	IDYDVWNP:0.2727272727272727	LNGIDYDV:0.2727272727272727	GIDYDVWN:0.2727272727272727	DYDVWNPE:0.2727272727272727	ILNGIDYD:0.2727272727272727	NGIDYDVW:0.2727272727272727	ADFLLMPS:0.45454545454545453	KVNFLKGG:0.2727272727272727	NQMIAMRY:0.2727272727272727	KTGGLADV:0.2727272727272727	SEIYPFAK:0.2727272727272727	PFAKTGGL:0.36363636363636365	LNQMIAMR:0.2727272727272727	SSEIYPFA:0.2727272727272727	KPLFVFIG:0.2727272727272727	CGLNQMIA:0.5454545454545454	DFLLMPSL:0.5454545454545454	EPCGLNQM:0.5454545454545454	PCGLNQMI:0.5454545454545454	PLFVFIGR:0.2727272727272727	YPFAKTGG:0.36363636363636365	GLNQMIAM:0.2727272727272727	LFHMEALE:0.2727272727272727	EIYPFAKT:0.2727272727272727	IYPFAKTG:0.2727272727272727	FAKTGGLA:0.36363636363636365	IHNLAYQG:0.45454545454545453	AYQGIFDK:0.2727272727272727	LFEPCGLN:0.45454545454545453	FLLMPSLF:0.45454545454545453	SLFEPCGL:0.45454545454545453	TIHNLAYQ:0.45454545454545453	ITTVSPTY:0.2727272727272727	LLMPSLFE:0.5454545454545454	FEPCGLNQ:0.45454545454545453	LAYQGIFD:0.36363636363636365	NLAYQGIF:0.36363636363636365	HNLAYQGI:0.36363636363636365	AADFLLMP:0.36363636363636365	AAADFLLM:0.36363636363636365	FMKAGIAY:0.2727272727272727	NFMKAGIA:0.2727272727272727	YAAADFLL:0.36363636363636365	
