cluster number:3
GH57:11	GH57:11|3.2.1.41:1|3.2.1.54:1
QIDVLTSI:0.45454545454545453	DVLTSIYA:0.45454545454545453	HHQAPNYL:0.45454545454545453	YGKGPYHY:0.2727272727272727	ALDGENWM:0.8181818181818182	YNLSPSLL:0.45454545454545453	TYNLSPSL:0.7272727272727273	EMAFSMKL:0.36363636363636365	ATYNLSPS:0.5454545454545454	WHALDSDY:0.6363636363636364	ALDSDYWW:0.6363636363636364	APNYLPDG:0.45454545454545453	YAHTIGGF:0.45454545454545453	WHHHQAPN:0.45454545454545453	KPYGKGPY:0.2727272727272727	GKGPYHYH:0.2727272727272727	IDVLTSIY:0.45454545454545453	ARWALWHA:0.45454545454545453	HHHQAPNY:0.45454545454545453	WALWHALD:0.45454545454545453	PEMAFSMK:0.45454545454545453	WRNAYEFA:0.2727272727272727	LDSDYWWA:0.6363636363636364	QAPNYLPD:0.45454545454545453	DYWWAEFW:0.6363636363636364	KARWALWH:0.36363636363636365	AHTIGGFL:0.45454545454545453	NPPLTAYF:0.36363636363636365	SDYWWAEF:0.6363636363636364	WTPEMAFS:0.5454545454545454	VWHHHQAP:0.45454545454545453	MAFSMKLI:0.2727272727272727	HAWRNAYE:0.5454545454545454	LKPYGKGP:0.2727272727272727	ALWHALDS:0.5454545454545454	IYAHTIGG:0.45454545454545453	LWHALDSD:0.5454545454545454	DSDYWWAE:0.6363636363636364	TFRKWRGE:0.36363636363636365	AWRNAYEF:0.2727272727272727	TPEMAFSM:0.5454545454545454	PYGKGPYH:0.2727272727272727	GQIDVLTS:0.5454545454545454	RWALWHAL:0.45454545454545453	TSIYAHTI:0.45454545454545453	KATYNLSP:0.2727272727272727	HALDSDYW:0.6363636363636364	ITVFFRDH:0.2727272727272727	LTSIYAHT:0.45454545454545453	VLTSIYAH:0.45454545454545453	SIYAHTIG:0.45454545454545453	HQAPNYLP:0.5454545454545454	FRDHELSD:0.2727272727272727	ELSDVLSF:0.2727272727272727	LDDKCHFE:0.2727272727272727	RDYHATYN:0.2727272727272727	KLLLFLES:0.2727272727272727	NLSPSLIK:0.2727272727272727	KIPTNTWL:0.2727272727272727	DYHATYNL:0.2727272727272727	GRDPYSEK:0.2727272727272727	YWWAEFWS:0.36363636363636365	LLLFLESL:0.2727272727272727	SGKHIVVY:0.2727272727272727	ESGKHIVV:0.2727272727272727	LTLALDGE:0.36363636363636365	IHGPWAFI:0.2727272727272727	VLSFKNNF:0.2727272727272727	LDGENWMV:0.36363636363636365	AEFWSPKI:0.2727272727272727	WWAEFWSP:0.36363636363636365	FKNNFTSE:0.2727272727272727	SEKARWAL:0.2727272727272727	HRDYHATY:0.2727272727272727	KHRDYHAT:0.2727272727272727	LFLESLSD:0.2727272727272727	TLALDGEN:0.36363636363636365	AWTPEMAF:0.2727272727272727	PTNTWLCT:0.2727272727272727	DGENWMVF:0.36363636363636365	WAEFWSPK:0.2727272727272727	YHATYNLS:0.2727272727272727	LALDGENW:0.36363636363636365	ALNKESGK:0.2727272727272727	TPLGAWTP:0.2727272727272727	LVWHHHQA:0.2727272727272727	GENWMVFA:0.2727272727272727	EKARWALW:0.2727272727272727	YYDNGIEY:0.2727272727272727	KESGKHIV:0.2727272727272727	ALVWHHHQ:0.2727272727272727	HELSDVLS:0.2727272727272727	LSDVLSFK:0.2727272727272727	LNKESGKH:0.2727272727272727	TNTWLCTF:0.2727272727272727	LLFLESLS:0.2727272727272727	EFWSPKII:0.2727272727272727	DVLSFKNN:0.2727272727272727	DKLLLFLE:0.2727272727272727	LSFKNNFT:0.2727272727272727	KHIVVYFR:0.2727272727272727	YDNGIEYT:0.2727272727272727	RGQIDVLT:0.2727272727272727	HATYNLSP:0.2727272727272727	SPSLIKQW:0.2727272727272727	YNLSPSLI:0.2727272727272727	GAWTPEMA:0.2727272727272727	LALVWHHH:0.2727272727272727	LGAWTPEM:0.2727272727272727	NKESGKHI:0.2727272727272727	YSEKARWA:0.2727272727272727	SDVLSFKN:0.2727272727272727	DPYSEKAR:0.2727272727272727	IPTNTWLC:0.2727272727272727	RDPYSEKA:0.2727272727272727	HGPWAFIY:0.2727272727272727	PLGAWTPE:0.2727272727272727	LSPSLIKQ:0.2727272727272727	SFKNNFTS:0.2727272727272727	PGEEAKIH:0.2727272727272727	ELPATRIL:0.2727272727272727	GKHIVVYF:0.2727272727272727	PYSEKARW:0.2727272727272727	GIEYTVLD:0.2727272727272727	IALDGENW:0.2727272727272727	HNHQAPNY:0.36363636363636365	FVWHNHQA:0.36363636363636365	WHNHQAPN:0.36363636363636365	VWHNHQAP:0.36363636363636365	
