cluster number:29
GH8:29	GH8:29|CBM36:4|3.2.1.8:3|CBM6:3|3.2.1.4:1|GH5:1|CBM9:1|CE4:1|CBM2:1|GH26:1|3.2.1.-:1
YGMMIAVQ:0.4482758620689655	SEGMSYGM:0.6896551724137931	MSYGMMIA:0.4482758620689655	PAPDGEEY:0.41379310344827586	SYGMMIAV:0.4482758620689655	EGMSYGMM:0.8275862068965517	APDGEEYF:0.4482758620689655	RSEGMSYG:0.7241379310344828	GMSYGMMI:0.6206896551724138	MMIAVQLD:0.20689655172413793	DVRSEGMS:0.6206896551724138	RYYDGMLY:0.3448275862068966	VRSEGMSY:0.6206896551724138	YHLPAFYE:0.3793103448275862	MPAPDGEE:0.20689655172413793	GMMIAVQL:0.2413793103448276	SYHLPAFY:0.4827586206896552	TFTDPSYH:0.20689655172413793	TDPSYHLP:0.4827586206896552	FTDPSYHL:0.4482758620689655	AANRWGNG:0.20689655172413793	ATFTDPSY:0.20689655172413793	PSYHLPAF:0.3793103448275862	DPSYHLPA:0.41379310344827586	PDGEEYFV:0.2413793103448276	FAANRWGN:0.20689655172413793	NDVRSEGM:0.27586206896551724	GQYRYYDG:0.3103448275862069	PAFYELWA:0.20689655172413793	HLPAFYEL:0.20689655172413793	RWGNGEGI:0.20689655172413793	LPAFYELW:0.20689655172413793	YRYYDGML:0.20689655172413793	
