cluster number:10
GH116:30	GH116:30
DENLFNGE:0.3333333333333333	LVDQLVGQ:0.6	TAYPFGQV:0.3333333333333333	PGTYFWSN:0.23333333333333334	QHNTMDVE:0.6	NTMDVEYF:0.36666666666666664	TYFWSNGY:0.2	WYLGALKA:0.26666666666666666	MDENLFNG:0.23333333333333334	NPQMGFWY:0.26666666666666666	YFGPNPQM:0.3333333333333333	PNPQMGFW:0.26666666666666666	HYARSMMA:0.2	PYFTEVMT:0.23333333333333334	MEGSQHNT:0.36666666666666664	YARSMMAW:0.2	VMTGFEYT:0.3	FTEVMTGF:0.23333333333333334	NLFNGEYY:0.43333333333333335	TMDVEYFG:0.36666666666666664	WMDENLFN:0.23333333333333334	TEVMTGFE:0.3333333333333333	VAAADGQM:0.2	GVAAADGQ:0.2	FGPNPQMG:0.23333333333333334	FNPLIPGN:0.2	VEYFGPNP:0.36666666666666664	MTGFEYTA:0.3	LFNGEYYE:0.36666666666666664	SQHNTMDV:0.36666666666666664	DVEYFGPN:0.36666666666666664	EYFGPNPQ:0.3333333333333333	GTYFWSNG:0.26666666666666666	GGIGTGTV:0.5	WQLSGDDA:0.2	MGFWYLGA:0.23333333333333334	DGQMGSIM:0.23333333333333334	AMPVGGIG:0.3	REWQLSGD:0.26666666666666666	EVMTGFEY:0.4666666666666667	EWQLSGDD:0.2	VLVDQLVG:0.23333333333333334	GPNPQMGF:0.26666666666666666	GFWYLGAL:0.23333333333333334	PVGGIGTG:0.3333333333333333	DGVMEGSQ:0.3	QMGFWYLG:0.23333333333333334	GSQHNTMD:0.36666666666666664	FNGEYYEQ:0.2	RSYALGDE:0.2	PFPYFTEV:0.23333333333333334	ENLFNGEY:0.3333333333333333	MDVEYFGP:0.36666666666666664	VMEGSQHN:0.3333333333333333	AFNPLIPG:0.26666666666666666	IGTGTVSL:0.43333333333333335	GIGTGTVS:0.5	AAADGQMG:0.7	FPYFTEVM:0.23333333333333334	PQMGFWYL:0.23333333333333334	MPVGGIGT:0.3333333333333333	GVLVDQLV:0.23333333333333334	YFTEVMTG:0.23333333333333334	VDQLVGQV:0.2	VGGIGTGT:0.2	HNTMDVEY:0.6	ADGQMGSI:0.23333333333333334	EGSQHNTM:0.36666666666666664	GVMEGSQH:0.3333333333333333	YREWQLSG:0.26666666666666666	AADGQMGS:0.3	TGFEYTAA:0.26666666666666666	YGPNPQMG:0.2	DVEYYGPN:0.23333333333333334	THVWNYEQ:0.4	YYGPNPQM:0.26666666666666666	EYYGPNPQ:0.23333333333333334	IAMPVGGI:0.26666666666666666	PNHGLPRF:0.2	TMDVEYYG:0.23333333333333334	WYLGALRA:0.3	NTMDVEYY:0.23333333333333334	VEYYGPNP:0.23333333333333334	CTHVWNYE:0.7	MDVEYYGP:0.23333333333333334	GHHYARSM:0.2	YRDWQLSG:0.23333333333333334	GFEYTAAI:0.2	VDQLVGQF:0.2	IMNRPAKG:0.2	LDFWDDFS:0.2	RDWQLSGD:0.2	WIPGGWDA:0.3333333333333333	SCTHVWNY:0.5666666666666667	DWEIMNRP:0.26666666666666666	YTAAIGML:0.2	GSCTHVWN:0.5666666666666667	EIMNRPAK:0.2	WEIMNRPA:0.2	FEYTAAIG:0.2	EYTAAIGM:0.2	LRSQTVFR:0.23333333333333334	GGRGDLRD:0.23333333333333334	LGGIGTGT:0.4	VDQLVGQY:0.2	GRGDLRDW:0.2	RGDLRDWE:0.2	PLGGIGTG:0.4	DEAECGHH:0.36666666666666664	ALPLGGIG:0.3333333333333333	GTGTVSLG:0.3	GWDADRDG:0.26666666666666666	ADRDGVME:0.23333333333333334	RNPFDEAE:0.3333333333333333	DRDGVMEG:0.23333333333333334	GGWDADRD:0.2	AADGQMGC:0.2	IPGGWDAD:0.26666666666666666	TVSLGGRG:0.3	AWIPGGWD:0.2	GTVSLGGR:0.3	FAWIPGGW:0.2	TGTVSLGG:0.3	LGGRGDLR:0.2	NPFDEAEC:0.3333333333333333	EAECGHHY:0.36666666666666664	PFDEAECG:0.36666666666666664	DADRDGVM:0.23333333333333334	LTWHFPNR:0.2	LPLGGIGT:0.3333333333333333	FDEAECGH:0.3333333333333333	WDADRDGV:0.23333333333333334	RRNPFDEA:0.2	GGIGTGTI:0.23333333333333334	AAYPFGQV:0.2	HGSCTHVW:0.2	CHGSCTHV:0.2	LLDFWDDF:0.23333333333333334	RIALPLGG:0.2	GHHYARAM:0.26666666666666666	CGHHYARA:0.26666666666666666	GCLVDQLV:0.3333333333333333	HVWNYEQA:0.2	IALPLGGI:0.26666666666666666	VKEAALFN:0.2	CLVDQLVG:0.3333333333333333	AECGHHYA:0.23333333333333334	ECGHHYAR:0.3	FWSNGYAW:0.2	WSNGYAWG:0.2	
