cluster number:130
GT9:6	GT9:6
PLLSELER:0.3333333333333333	RPNHRLGN:0.8333333333333334	FPGAEVDV:0.3333333333333333	DCGVMHLA:1.0	TRRPGHHP:0.3333333333333333	GVMHLACA:0.3333333333333333	LTRRPGHH:0.3333333333333333	ARYDLAID:0.3333333333333333	RRARYDLA:0.3333333333333333	HRLGNTLL:0.3333333333333333	GTPTLGLF:0.3333333333333333	PNHRLGNT:0.6666666666666666	RARYDLAI:0.3333333333333333	ASGTPTLG:0.3333333333333333	SGTPTLGL:0.3333333333333333	NHRLGNTL:0.3333333333333333	FAGFRQVR:0.3333333333333333	CGVMHLAC:0.3333333333333333	QLTRRPGH:0.3333333333333333	TPLLSELE:0.3333333333333333	PTLGLFTR:0.3333333333333333	LRPNHRLG:0.3333333333333333	NATGSKRL:0.3333333333333333	FPNATGSK:0.3333333333333333	ADCGVMHL:0.6666666666666666	PNATGSKR:0.3333333333333333	SADCGVMH:0.5	YISADCGV:0.3333333333333333	ISADCGVM:0.5	CRPNHRLG:0.5	LVCRPNHR:0.3333333333333333	VCRPNHRL:0.3333333333333333	VMHLAVAS:0.3333333333333333	NATGAKRY:0.3333333333333333	IFANATGA:0.3333333333333333	GVMHLAVA:0.3333333333333333	FANATGAK:0.3333333333333333	CGVMHLAV:0.3333333333333333	GIFANATG:0.3333333333333333	ANATGAKR:0.3333333333333333	
