cluster number:172
GT9:13	GT9:13
SGPRHFAA:0.6153846153846154	PRHFAAAL:0.23076923076923078	TDSGPRHF:0.6153846153846154	DGRGLLLT:0.3076923076923077	RDGRGLLL:0.3076923076923077	TTDSGPRH:0.6923076923076923	GPRHFAAA:0.6153846153846154	RVCPLGHH:0.3076923076923077	DSGPRHFA:0.6153846153846154	RGLLLTDR:0.23076923076923078	VVTLFGPT:0.23076923076923078	GLLLTDRL:0.23076923076923078	GRGLLLTD:0.3076923076923077	PVVTLFGP:0.23076923076923078	RADLLVTT:0.3076923076923077	LLVTTDSG:0.46153846153846156	VTTDSGPR:0.5384615384615384	LGHHRCMR:0.23076923076923078	VCPLGHHR:0.3076923076923077	DVVMATPA:0.23076923076923078	DLLVTTDS:0.38461538461538464	CPLGHHRC:0.5384615384615384	AFGAAKHW:0.23076923076923078	PRHFAAAF:0.38461538461538464	RHFAAAFN:0.23076923076923078	PCQQRVCP:0.23076923076923078	CQQRVCPL:0.23076923076923078	QRVCPLGH:0.23076923076923078	LVTTDSGP:0.46153846153846156	GDVVMATP:0.23076923076923078	QQRVCPLG:0.23076923076923078	PLGHHRCM:0.5384615384615384	ADLLVTTD:0.38461538461538464	LIGDTVMA:0.23076923076923078	PVPCGPCQ:0.23076923076923078	PCGPCQRP:0.23076923076923078	GDTVMATP:0.23076923076923078	HPVPCGPC:0.23076923076923078	VPCGPCQR:0.23076923076923078	IGDTVMAT:0.23076923076923078	VLTLFGPT:0.23076923076923078	PVLTLFGP:0.23076923076923078	
