cluster number:106
GT9:174	GT9:174
YVVVHPGA:0.27586206896551724	HLAAAVGT:0.632183908045977	PGAAVPAR:0.22413793103448276	GDVLLAGP:0.3620689655172414	HRVVVTGG:0.3390804597701149	LLAGPAVR:0.29310344827586204	LAAAVGTP:0.632183908045977	LAGPAVRA:0.2988505747126437	VLLAGPAV:0.28735632183908044	AAAVGTPV:0.6206896551724138	LFAPVVPA:0.41379310344827586	HPGAAVPA:0.22413793103448276	RVVVTGGP:0.3735632183908046	DVLLAGPA:0.29310344827586204	AGHRVVVT:0.3563218390804598	GHRVVVTG:0.4367816091954023	PGASVPAR:0.21839080459770116	AHLAAAVG:0.7183908045977011	GPAHLAAA:0.7988505747126436	HPGASVPA:0.21839080459770116	LLLRLAGV:0.23563218390804597	CPVPGHPC:0.6264367816091954	TGPAHLAA:0.7988505747126436	PAVRAVAA:0.367816091954023	GPAVRAVA:0.4827586206896552	PAHLAAAV:0.7126436781609196	VVGNTGPA:0.29310344827586204	PVPGHPCL:0.6264367816091954	NTGPAHLA:0.7701149425287356	GNTGPAHL:0.5172413793103449	AGPAVRAV:0.29310344827586204	TSFHQSPL:0.6896551724137931	VGNTGPAH:0.3045977011494253	PGSLLDVR:0.28160919540229884	LTSFHQSP:0.40229885057471265	SFHQSPLP:0.6896551724137931	ALLLRLAG:0.26436781609195403	VSLFAPVV:0.4425287356321839	AAVGTPVV:0.5402298850574713	SLFAPVVP:0.43103448275862066	GTPVVSLF:0.5344827586206896	DYPGSLLD:0.4425287356321839	VVSLFAPV:0.41954022988505746	AVGTPVVS:0.5229885057471264	VGTPVVSL:0.5229885057471264	TPVVSLFA:0.46551724137931033	LLPGVDEV:0.20114942528735633	PVVSLFAP:0.6149425287356322	ILTSFHQS:0.25287356321839083	GDVLVTGP:0.20114942528735633	GPRGRAAA:0.22988505747126436	FTSFHQSP:0.23563218390804597	QSPLPLAL:0.5287356321839081	DVPYNGDP:0.21839080459770116	LPLALLLR:0.41954022988505746	PERALSLA:0.20114942528735633	LSLAAAAG:0.21264367816091953	SPLPLALL:0.40804597701149425	ALSLAAAA:0.21264367816091953	RALSLAAA:0.21264367816091953	EPERALSL:0.21264367816091953	PEPERALS:0.21264367816091953	PLPLALLL:0.3218390804597701	FHQSPLPL:0.5172413793103449	HQSPLPLA:0.5459770114942529	ALLLRMAG:0.20689655172413793	YPGSLLDV:0.25287356321839083	GSLLDVRH:0.2413793103448276	VPGHPCLD:0.2471264367816092	RWAPYGVP:0.29310344827586204	
