cluster number:159
GT9:7	GT9:7
GNDSGPMH:0.8571428571428571	TDPRRWGP:0.2857142857142857	GPTDPRRW:0.2857142857142857	GNFLVASP:0.2857142857142857	MLDRHLGN:0.2857142857142857	FLVASPVL:0.2857142857142857	NFLVASPV:0.2857142857142857	DSGPMHLA:0.7142857142857143	LGNFLVAS:0.2857142857142857	FVGNDSGP:0.42857142857142855	GPMHLAAA:0.42857142857142855	ALFGPTDP:0.2857142857142857	DRHLGNFL:0.2857142857142857	LDRHLGNF:0.2857142857142857	IVCLHVAG:0.2857142857142857	NDSGPMHL:0.7142857142857143	VCLHVAGG:0.2857142857142857	PTDPRRWG:0.2857142857142857	CLHVAGGK:0.2857142857142857	RHLGNFLV:0.2857142857142857	LFVGNDSG:0.42857142857142855	VALFGPTD:0.5714285714285714	VGNDSGPM:0.7142857142857143	SGPMHLAA:0.42857142857142855	HLGNFLVA:0.2857142857142857	PVVALFGP:0.42857142857142855	VVALFGPT:0.42857142857142855	HLGNLLIA:0.2857142857142857	MHLAAACG:0.2857142857142857	GEQKSATL:0.2857142857142857	PMHLAAAC:0.2857142857142857	NLLIALPH:0.2857142857142857	EGEQKSAT:0.2857142857142857	ALFGPTDE:0.2857142857142857	GNLLIALP:0.2857142857142857	LGNLLIAL:0.2857142857142857	
