cluster number:148
GT9:22	GT9:22
GLIKSALV:0.2727272727272727	ITIFGPTP:0.3181818181818182	PSITIFGP:0.3181818181818182	QGLIKSAL:0.2727272727272727	SITIFGPT:0.3181818181818182	IIHAMVAL:0.3181818181818182	THMAWALN:0.4090909090909091	LVIGNDTG:0.2727272727272727	QGLIKSAI:0.2727272727272727	LIKSAIVS:0.22727272727272727	DLVIGNDT:0.2727272727272727	AMGDIIHA:0.3181818181818182	VIGASWPS:0.22727272727272727	GLIKSAIV:0.2727272727272727	AQGLIKSA:0.36363636363636365	IDAQGLIK:0.36363636363636365	GDIIHAMV:0.3181818181818182	GNDTGPTH:0.5454545454545454	VIGNDTGP:0.2727272727272727	MGDIIHAM:0.3181818181818182	LVIDAQGL:0.36363636363636365	GPTHMAWA:0.5	VIDAQGLI:0.36363636363636365	IHAMVALQ:0.36363636363636365	DLVIDAQG:0.36363636363636365	SAMGDIIH:0.3181818181818182	NDTGPTHM:0.5454545454545454	DIIHAMVA:0.3181818181818182	IGASWPSK:0.22727272727272727	YDLVIDAQ:0.36363636363636365	DAQGLIKS:0.36363636363636365	DTGPTHMA:0.6363636363636364	PTHMAWAL:0.45454545454545453	IGNDTGPT:0.5454545454545454	TGPTHMAW:0.6363636363636364	KLSAMGDI:0.36363636363636365	LSAMGDII:0.3181818181818182	KLSALGDI:0.36363636363636365	LSALGDII:0.22727272727272727	VKLSALGD:0.4090909090909091	SALGDIIH:0.22727272727272727	MKIAIVKL:0.36363636363636365	IVKLSALG:0.4090909090909091	AIVKLSAL:0.36363636363636365	IAIVKLSA:0.4090909090909091	KIAIVKLS:0.36363636363636365	DAQGLLKS:0.2727272727272727	VKLSAMGD:0.2727272727272727	MVALQFIK:0.3181818181818182	IVKLSAMG:0.2727272727272727	PSITLFGP:0.2727272727272727	IDAQGLLK:0.2727272727272727	SITLFGPT:0.36363636363636365	ITLFGPTP:0.2727272727272727	AMVALQFI:0.3181818181818182	AQGLLKSA:0.22727272727272727	GPTHMAWG:0.2727272727272727	HAMVALQF:0.3181818181818182	LSALGDIV:0.22727272727272727	
