cluster number:5
GT9:68	GT9:68
PTLGLFGP:0.7647058823529411	VGNDSGLM:0.5441176470588235	TLGLFGPS:0.45588235294117646	DAVLSTGL:0.3235294117647059	GNDSGLMH:0.9117647058823529	TPTLGLFG:0.5	GTPTLGLF:0.5	RIGDAVLS:0.25	VLSTGLLA:0.22058823529411764	IGDAVLST:0.25	AVLSTGLL:0.3235294117647059	GDAVLSTG:0.36764705882352944	FVGNDSGL:0.45588235294117646	LFVGNDSG:0.4264705882352941	TLGLFGPT:0.3235294117647059	SGLMHLAA:0.47058823529411764	NDSGLMHL:0.6470588235294118	LMHLAAAA:0.3235294117647059	GLMHLAAA:0.47058823529411764	DSGLMHLA:0.5	MHLAAAAG:0.3235294117647059	AAAAGTPT:0.29411764705882354	ARFTIACG:0.3235294117647059	SRASEYAP:0.3088235294117647	IAAPGPEG:0.20588235294117646	CGPVAAGL:0.38235294117647056	RFIMRGGR:0.23529411764705882	GLFGPSRA:0.25	IGNDSGLM:0.3382352941176471	FTIACGPV:0.27941176470588236	TRLGDAVL:0.22058823529411764	TIACGPVA:0.29411764705882354	MRILFITA:0.25	LFITATRL:0.22058823529411764	FITATRLG:0.22058823529411764	LGDAVLST:0.20588235294117646	ILFITATR:0.22058823529411764	FGPSRASE:0.25	IACGPVAA:0.2647058823529412	RILFITAT:0.22058823529411764	RLGDAVLS:0.20588235294117646	LGLFGPSR:0.35294117647058826	RRFIMRGG:0.23529411764705882	RFTIACGP:0.3235294117647059	AGTPTLGL:0.36764705882352944	ITATRLGD:0.22058823529411764	AAAGTPTL:0.35294117647058826	FIMRGGRR:0.23529411764705882	GPVAAGLF:0.38235294117647056	PSRASEYA:0.25	GPSRASEY:0.25	RASEYAPS:0.22058823529411764	ASEYAPSG:0.25	LAAAAGTP:0.27941176470588236	ALGPTANW:0.4852941176470588	IALGPTAN:0.20588235294117646	AAGTPTLG:0.36764705882352944	LFGPSRAS:0.25	HLAAAAGT:0.29411764705882354	TATRLGDA:0.22058823529411764	ATRLGDAV:0.22058823529411764	ACGPVAAG:0.3088235294117647	LGPTANWD:0.2647058823529412	GPTANWDG:0.2647058823529412	PTANWDGK:0.3088235294117647	CALFVGND:0.23529411764705882	LALGPTAN:0.25	ALFVGNDS:0.29411764705882354	VVDLRGSA:0.22058823529411764	RCALFVGN:0.23529411764705882	ANWDGKIW:0.22058823529411764	TANWDGKI:0.22058823529411764	NWDGKIWP:0.22058823529411764	
