cluster number:116
GT9:6	GT9:6
DFYIASDS:0.5	EQRPLGDV:0.3333333333333333	IGISISAG:0.3333333333333333	IASDSGNV:0.3333333333333333	VIQTAKIG:0.5	QTAKIGDF:0.5	IKIGISIS:0.3333333333333333	SDSGNVYI:0.3333333333333333	QRPLGDVL:0.3333333333333333	GISISAGN:0.3333333333333333	KIGISISA:0.3333333333333333	EEQRPLGD:0.3333333333333333	RPLGDVLL:0.3333333333333333	PLGDVLLI:0.3333333333333333	IQTAKIGD:0.6666666666666666	MNRYDNVY:0.3333333333333333	GNVYIADA:0.3333333333333333	NRYDNVYL:0.3333333333333333	FYIASDSG:0.5	ASDSGNVY:0.3333333333333333	RYDNVYLL:0.3333333333333333	YIASDSGN:0.6666666666666666	DSGNVYIA:0.3333333333333333	SGNVYIAD:0.3333333333333333	LVIQTAKI:0.5	NLVIQTAK:0.3333333333333333	MDFYIASD:0.3333333333333333	TAKIGDFV:0.3333333333333333	CSHAFDAP:0.3333333333333333	DFMGPADA:0.3333333333333333	APCSHAFD:0.3333333333333333	VDFMGPAD:0.3333333333333333	CAPCSHAF:0.3333333333333333	LLVPFWAG:0.3333333333333333	PCSHAFDA:0.3333333333333333	PCAPCSHA:0.3333333333333333	LVPFWAGV:0.3333333333333333	EPCAPCSH:0.3333333333333333	SHAFDAPY:0.3333333333333333	
