cluster number:208
GT9:42	GT9:42
TGLMHIAA:0.6428571428571429	ILRFSSIG:0.3333333333333333	RPCSKIGY:0.4523809523809524	CRPCSKIG:0.7619047619047619	DTGLMHIA:0.7142857142857143	SIWGNTVP:0.21428571428571427	SSIGDIVL:0.7380952380952381	DLHNNLRT:0.35714285714285715	IGDIVLTT:0.7142857142857143	SCRPCSKI:0.3333333333333333	VLLGGKED:0.21428571428571427	LSCRPCSK:0.30952380952380953	LRFSSIGD:0.5	GLDYFIPE:0.23809523809523808	GLMHIAAA:0.6428571428571429	GDIVLTTP:0.7142857142857143	HDTGLMHI:0.6666666666666666	FSSIGDIV:0.7619047619047619	SIGDIVLT:0.7380952380952381	LILRFSSI:0.3333333333333333	DIVLTTPV:0.7142857142857143	RFSSIGDI:0.7857142857142857	MHIAAAFK:0.23809523809523808	IRFSSIGD:0.2857142857142857	IVLTTPVV:0.38095238095238093	LMHIAAAF:0.47619047619047616	VLTTPVVR:0.42857142857142855	HIAAAFKK:0.23809523809523808	LTTPVVRC:0.23809523809523808	FSHDTGLM:0.2619047619047619	SHDTGLMH:0.5238095238095238	VFSHDTGL:0.23809523809523808	IVLTTPVI:0.2619047619047619	VLTTPVIR:0.2619047619047619	HATKRLPV:0.21428571428571427	KILILRFS:0.21428571428571427	QHATKRLP:0.2857142857142857	LTTPVIRC:0.21428571428571427	ILILRFSS:0.21428571428571427	HIVDRYLA:0.23809523809523808	LHNNLRTR:0.21428571428571427	QVPGAEVH:0.21428571428571427	SVWGNTVP:0.21428571428571427	
