cluster number:10
PL10:6	PL10_1:6|4.2.2.2:1
TPAGGWSK:0.3333333333333333	VFGDRDKT:0.3333333333333333	GGYHDAIT:0.6666666666666666	GYHDAITY:0.5	GDYAFVPA:0.3333333333333333	PNGGWPQV:1.0	AGGWSKNL:0.3333333333333333	VWPLEGGY:0.6666666666666666	HDAITYND:0.5	GWPQVWPL:0.8333333333333334	NAQFPNGG:0.3333333333333333	QFPNGGWP:1.0	WPQVWPLE:0.6666666666666666	EARHIADV:0.3333333333333333	GGWSKNLD:0.3333333333333333	PAGGWSKN:0.3333333333333333	PVFGDRDK:0.3333333333333333	ITYNDNAV:0.3333333333333333	FQTPAGGW:0.8333333333333334	AGPLWARY:0.3333333333333333	FPNGGWPQ:1.0	DAITYNDN:0.3333333333333333	GWSKNLDM:0.3333333333333333	TYNDNAVT:0.3333333333333333	PESGRNYE:0.3333333333333333	VGTLDNDA:0.5	ESGRNYEP:0.3333333333333333	YVGTLDND:0.5	QVWPLEGG:0.6666666666666666	EGGYHDAI:0.6666666666666666	NGGWPQVW:0.8333333333333334	NYVGTLDN:0.3333333333333333	GPLWARYY:0.3333333333333333	GAGPLWAR:0.3333333333333333	AQFPNGGW:0.8333333333333334	ARHIADVI:0.3333333333333333	YLLNAQFP:0.3333333333333333	PGAGPLWA:0.3333333333333333	AITYNDNA:0.3333333333333333	LNAQFPNG:0.3333333333333333	LLNAQFPN:0.3333333333333333	QTPAGGWS:0.3333333333333333	GTLDNDAT:0.5	SFQTPAGG:0.8333333333333334	LEGGYHDA:0.6666666666666666	YHDAITYN:0.5	PQVWPLEG:0.6666666666666666	GGWPQVWP:0.8333333333333334	DVILSFQT:0.3333333333333333	WSKNLDMS:0.3333333333333333	WPLEGGYH:0.6666666666666666	DNDATVTE:0.3333333333333333	WNYVGTLD:0.3333333333333333	ERRNGYSW:0.3333333333333333	PLEGGYHD:0.6666666666666666	GKPIFGDR:0.3333333333333333	LAAQFPNG:0.3333333333333333	VSFQTPAG:0.6666666666666666	RYLLAAQF:0.3333333333333333	DNDATNTE:0.3333333333333333	ELRFLARV:0.3333333333333333	KPIFGDRD:0.3333333333333333	AAQFPNGG:0.3333333333333333	VIVSFQTP:0.3333333333333333	TGKPIFGD:0.3333333333333333	LDNDATNT:0.3333333333333333	PIFGDRDK:0.3333333333333333	YLLAAQFP:0.3333333333333333	IVSFQTPA:0.6666666666666666	TLDNDATN:0.3333333333333333	NDATNTEL:0.3333333333333333	ADVIVSFQ:0.3333333333333333	TELRFLAR:0.3333333333333333	WLDYLKRS:0.3333333333333333	LLAAQFPN:0.3333333333333333	DVIVSFQT:0.3333333333333333	WSYVGTID:0.3333333333333333	NIVSFQTP:0.3333333333333333	GTIDNDAT:0.3333333333333333	PAGGWGKN:0.5	GQQHDALT:0.3333333333333333	QQHDALTL:0.3333333333333333	QTPAGGWG:0.5	VGTIDNDA:0.3333333333333333	YVGTIDND:0.3333333333333333	GWSYVGTI:0.3333333333333333	TPAGGWGK:0.5	ERRNGYAW:0.3333333333333333	MRADKAAL:0.3333333333333333	WGQQHDAL:0.3333333333333333	SYVGTIDN:0.3333333333333333	GWGKNQPR:0.3333333333333333	GGWGKNQP:0.3333333333333333	AGGWGKNQ:0.3333333333333333	WGKNQPRD:0.3333333333333333	TMPLDKPA:0.3333333333333333	KTIHDDVM:0.3333333333333333	GDRDKTIH:0.3333333333333333	DKTIHDDV:0.3333333333333333	DRDKTIHD:0.3333333333333333	RDKTIHDD:0.3333333333333333	FGDRDKTI:0.3333333333333333	
