cluster number:4
GH113:11	GH113:11
LCIGTELE:0.5454545454545454	GVQAYFPL:0.2727272727272727	PLTYAANW:0.2727272727272727	IGVQAYFP:0.2727272727272727	YHGPLTYA:0.2727272727272727	LTYAANWS:0.2727272727272727	HGPLTYAA:0.2727272727272727	KFWDALDY:0.2727272727272727	TPQHKPAE:0.2727272727272727	FWDALDYI:0.45454545454545453	YAANWSGE:0.2727272727272727	CIGTELEK:0.36363636363636365	GPLTYAAN:0.2727272727272727	TYAANWSG:0.2727272727272727	VYHGPLTY:0.2727272727272727	WDALDYIG:0.45454545454545453	FTPQHKPA:0.2727272727272727	DFTPQHKP:0.2727272727272727	KPHLWVRG:0.2727272727272727	GIQAYFPL:0.6363636363636364	KPVLFTEI:0.2727272727272727	EEVQALCY:0.2727272727272727	LTYAANFT:0.36363636363636365	VQALCYEA:0.2727272727272727	QTPFGWQS:0.2727272727272727	TPFGWQSD:0.2727272727272727	QALCYEAF:0.36363636363636365	FTEIGYCN:0.45454545454545453	SEEVQALC:0.2727272727272727	LSQTPFGW:0.36363636363636365	PWVWPNER:0.45454545454545453	KGVCWVGS:0.36363636363636365	EVQALCYE:0.2727272727272727	REPDFTPQ:0.36363636363636365	GVCWVGSR:0.2727272727272727	YSGKLTYA:0.2727272727272727	SQTPFGWQ:0.45454545454545453	TEIGYCNT:0.45454545454545453	LKPHLWVR:0.2727272727272727	LFTEIGYC:0.2727272727272727	VLFTEIGY:0.36363636363636365	TYAANFTE:0.36363636363636365	ALCYEAFF:0.36363636363636365	GKLTYAAN:0.36363636363636365	PVLFTEIG:0.2727272727272727	KLTYAANF:0.2727272727272727	IGIQAYFP:0.5454545454545454	LDYIGIQA:0.5454545454545454	DYIGIQAY:0.5454545454545454	YIGIQAYF:0.5454545454545454	DALDYIGI:0.2727272727272727	WVRGSWPG:0.2727272727272727	PILCIGTE:0.2727272727272727	ILCIGTEL:0.2727272727272727	YCNTEDAA:0.2727272727272727	LCYEAFFE:0.2727272727272727	ALDYIGIQ:0.2727272727272727	RGSWPGEI:0.2727272727272727	YAANFTEY:0.36363636363636365	PDFTPQNK:0.2727272727272727	IGYCNTED:0.2727272727272727	IPILCIGT:0.2727272727272727	VRGSWPGE:0.2727272727272727	GVYFWKWY:0.2727272727272727	VYFWKWYP:0.2727272727272727	GYCNTEDA:0.2727272727272727	EIGYCNTE:0.2727272727272727	
