cluster number:1
GH113:93	GH113:93
FTEFGYRS:0.3548387096774194	EFGYRSVD:0.22580645161290322	YAANWDEY:0.3763440860215054	KINGVSFV:0.3870967741935484	FTPQNKPA:0.5161290322580645	CIGTELEQ:0.23655913978494625	IFCIGTEL:0.27956989247311825	AANWDEYK:0.20430107526881722	FCIGTELE:0.45161290322580644	GGFIWKWF:0.25806451612903225	IGTELEQF:0.23655913978494625	AAVMPFGF:0.22580645161290322	KLTYAANW:0.6559139784946236	LTYAANWD:0.6559139784946236	TYAANWDE:0.6021505376344086	DYIGIDAY:0.24731182795698925	GTELEQFV:0.20430107526881722	TPQNKPAE:0.43010752688172044	TEFGYRSV:0.21505376344086022	INGVSFVA:0.3118279569892473	IGIDAYFP:0.43010752688172044	AGGFIWKW:0.24731182795698925	YIGIDAYF:0.24731182795698925	GKLTYAAN:0.6559139784946236	NGVSFVAS:0.23655913978494625	ILFTEFGY:0.20430107526881722	IYKGKLTY:0.20430107526881722	YKGKLTYA:0.5376344086021505	EDWFAGGF:0.27956989247311825	LFTEFGYR:0.34408602150537637	KGKLTYAA:0.4946236559139785	RFTPQNKP:0.45161290322580644	YAANWDEF:0.21505376344086022	WFAGGFIW:0.22580645161290322	FAGGFIWK:0.22580645161290322	LDYIGVDA:0.27956989247311825	YIGVDAYF:0.2903225806451613	IGVDAYFP:0.40860215053763443	GVDAYFPL:0.2903225806451613	DYIGVDAY:0.27956989247311825	GIDAYFPL:0.24731182795698925	IDAYFPLS:0.21505376344086022	LFTEYGYR:0.3763440860215054	FTEYGYRS:0.3978494623655914	MLKPQIWI:0.22580645161290322	ILFTEYGY:0.3010752688172043	NRFTPQNK:0.3978494623655914	VDAYFPLS:0.24731182795698925	VYKGKLTY:0.27956989247311825	NNRFTPQN:0.21505376344086022	DAYFPLSD:0.20430107526881722	
