cluster number:9
GH102:37	GH102:37
DTGGAIRG:0.6756756756756757	GLFTGYYE:0.5675675675675675	WLDAEDPL:0.24324324324324326	DLVMVDLG:0.35135135135135137	TGGAIRGP:0.5945945945945946	VAQDTGGA:0.2972972972972973	TPGRSLAV:0.2972972972972973	PGRSLAVD:0.35135135135135137	FLQIQGSG:0.43243243243243246	VRGDVFWG:0.3783783783783784	GGAIRGPV:0.43243243243243246	RGPVRGDV:0.2972972972972973	LFTGYYEA:0.32432432432432434	QDTGGAIR:0.7027027027027027	PVRGDVFW:0.32432432432432434	LTPGRSLA:0.35135135135135137	AQDTGGAI:0.7567567567567568	GAIRGPVR:0.43243243243243246	LQIQGSGR:0.40540540540540543	RGDVFWGH:0.32432432432432434	EGLFTGYY:0.2702702702702703	QIQGSGRV:0.2972972972972973	LDAEDPLD:0.24324324324324326	FFLQIQGS:0.43243243243243246	IRGPVRGD:0.40540540540540543	AIRGPVRG:0.40540540540540543	GPVRGDVF:0.32432432432432434	AFFLQIQG:0.3783783783783784	GDVFWGHG:0.32432432432432434	RSLAVDSK:0.21621621621621623	SLAVDSKF:0.21621621621621623	GRSLAVDS:0.21621621621621623	VALTPGRS:0.2702702702702703	GVPVWLDA:0.21621621621621623	YGVPVWLD:0.21621621621621623	ALTPGRSL:0.2702702702702703	RPADLVMV:0.21621621621621623	PVWLDAED:0.2702702702702703	SLQTIRAW:0.24324324324324326	GHKYVAIG:0.21621621621621623	NPSYVFFQ:0.2702702702702703	LKREEVSL:0.24324324324324326	KREEVSLQ:0.24324324324324326	EVSLQTIR:0.24324324324324326	VSLQTIRA:0.24324324324324326	EEVSLQTI:0.24324324324324326	LQTIRAWL:0.24324324324324326	VWLDAEDP:0.2702702702702703	REEVSLQT:0.24324324324324326	QNGHKYVA:0.21621621621621623	NGHKYVAI:0.21621621621621623	IAQDTGGA:0.2972972972972973	RVGYAAQN:0.21621621621621623	VGYAAQNG:0.2702702702702703	FLHIQGSG:0.2972972972972973	GYAAQNGH:0.2702702702702703	FFLHIQGS:0.2972972972972973	LHIQGSGR:0.21621621621621623	GKGLELVW:0.24324324324324326	
