cluster number:3
GH74:17	GH74:17
NIDLPMGG:0.23529411764705882	AIGGGGYV:0.5294117647058824	VFIGTNGR:0.5882352941176471	TNGRGIYY:0.7058823529411765	GSTIPALY:0.29411764705882354	NVAIGGGG:0.47058823529411764	FNSNIIFF:0.23529411764705882	VSGLPNGP:0.29411764705882354	GDGIYQST:0.23529411764705882	GLADVDGF:0.23529411764705882	GATSTDGG:0.47058823529411764	IPALYLYG:0.35294117647058826	GTNGRGIY:0.7058823529411765	LVFIGTNG:0.5882352941176471	LNIDLPMG:0.23529411764705882	TIPALYLY:0.35294117647058826	FIGTNGRG:0.5882352941176471	GGGYVTGI:0.35294117647058826	TGATSTDG:0.29411764705882354	YGGEALAL:0.5294117647058824	GRGIYYGS:0.29411764705882354	NSNIIFFG:0.23529411764705882	GGYVTGIY:0.29411764705882354	GLGTIFKS:0.23529411764705882	DLPMGGNE:0.29411764705882354	TDIGGFYR:0.4117647058823529	GEVWVSLN:0.23529411764705882	SGLADVDG:0.23529411764705882	QFGLVFIG:0.4117647058823529	PWYWGQPL:0.4117647058823529	FGLVFIGT:0.6470588235294118	AGLGTIFK:0.23529411764705882	NIIFFGSR:0.23529411764705882	VWLTDWYG:0.35294117647058826	IGGFYRWN:0.4117647058823529	WYWGQPLA:0.23529411764705882	STIPALYL:0.35294117647058826	RTDIGGFY:0.23529411764705882	GGEALALD:0.5294117647058824	GGGGYVTG:0.7647058823529411	QQFGLVFI:0.35294117647058826	GPWYWGQP:0.4117647058823529	WVSLNWNG:0.23529411764705882	NGRGIYYG:0.6470588235294118	NYYGGEAL:0.47058823529411764	VSLNWNGL:0.23529411764705882	QGKTWTKL:0.23529411764705882	IGTNGRGI:0.5882352941176471	GLVFIGTN:0.5882352941176471	WTKLNIDL:0.23529411764705882	VWVSLNWN:0.23529411764705882	GEALALDP:0.5294117647058824	GGNRWNNT:0.23529411764705882	GGFYRWNP:0.23529411764705882	RLAVNPFN:0.35294117647058826	PFNSNIIF:0.23529411764705882	ALYLYGKI:0.35294117647058826	TNPNLFVV:0.35294117647058826	PALYLYGK:0.4117647058823529	TWTKLNID:0.23529411764705882	VERAYLFA:0.23529411764705882	SATNPNLF:0.35294117647058826	SNYYGGEA:0.35294117647058826	EVWVSLNW:0.23529411764705882	IGGGGYVT:0.7058823529411765	ERLAVNPF:0.35294117647058826	YYGGEALA:0.6470588235294118	SNIIFFGS:0.23529411764705882	DIGGFYRW:0.4117647058823529	LAVNPFNS:0.35294117647058826	ATNPNLFV:0.35294117647058826	YGDGIYQS:0.23529411764705882	AVNPFNSN:0.23529411764705882	VAIGGGGY:0.5882352941176471	RVWLTDWY:0.35294117647058826	KLNIDLPM:0.23529411764705882	LGTIFKST:0.29411764705882354	QSNYYGGE:0.23529411764705882	IDLPMGGN:0.29411764705882354	GTIFKSTN:0.23529411764705882	VRVGGNRW:0.35294117647058826	NAYGDGIY:0.23529411764705882	FQDTYSIA:0.23529411764705882	ADVDGFYH:0.29411764705882354	SSDAGATW:0.23529411764705882	SGVADVDG:0.29411764705882354	DGIYKSTD:0.23529411764705882	NPVVWTNY:0.23529411764705882	LVYIRTDV:0.29411764705882354	IVYIAAGK:0.23529411764705882	DLVYIRTD:0.29411764705882354	GYVTGVYL:0.23529411764705882	RVAMSATN:0.23529411764705882	GVADVDGF:0.29411764705882354	GGYVTGVY:0.29411764705882354	EFGLVFIG:0.23529411764705882	VADVDGFY:0.23529411764705882	MSATNPNL:0.23529411764705882	RAHLFAFG:0.23529411764705882	GGGYVTGV:0.29411764705882354	VTGVYLHP:0.29411764705882354	TDVGGFYR:0.35294117647058826	LWKSSDAG:0.23529411764705882	VYIRTDVG:0.29411764705882354	YVTGVYLH:0.23529411764705882	TSTDGGLT:0.23529411764705882	YIRTDVGG:0.35294117647058826	QDTYSIAY:0.29411764705882354	RTDVGGFY:0.29411764705882354	AMSATNPN:0.23529411764705882	STDGGLTW:0.23529411764705882	DVGGFYRW:0.35294117647058826	AHLFAFGK:0.23529411764705882	VAMSATNP:0.23529411764705882	NPNLFVVT:0.23529411764705882	ATSTDGGL:0.23529411764705882	GDGIYKST:0.23529411764705882	IRTDVGGF:0.29411764705882354	VYIAAGKY:0.35294117647058826	GLWKSSDA:0.23529411764705882	AYLFAFGK:0.29411764705882354	LLSGVADV:0.23529411764705882	LLLSGVAD:0.23529411764705882	NGVLYVTH:0.23529411764705882	LFAFGKPQ:0.23529411764705882	LALDPNNP:0.29411764705882354	YLFAFGKP:0.23529411764705882	GNDPNVME:0.23529411764705882	DPNVMEAS:0.23529411764705882	NDPNVMEA:0.23529411764705882	PIGNDPNV:0.23529411764705882	RVGGNRWN:0.23529411764705882	IGNDPNVM:0.23529411764705882	GERLAVNP:0.29411764705882354	EALALDPN:0.23529411764705882	ALALDPNN:0.23529411764705882	
