cluster number:9
GT66:21	GT66:21
PLAGVVAY:0.2857142857142857	SYYNYRLT:0.6666666666666666	MYELDSYY:0.2857142857142857	GWQYYFYL:0.23809523809523808	NGWQYYFY:0.23809523809523808	ILNNILGV:0.2857142857142857	PYMYELDS:0.2857142857142857	YELDSYYN:0.2857142857142857	LPYMYELD:0.2857142857142857	DSYYNYRL:0.7619047619047619	LNNILGVD:0.23809523809523808	ELDSYYNY:0.2857142857142857	DYPPLIVY:0.3333333333333333	LDSYYNYR:0.2857142857142857	PGVPLDYP:0.42857142857142855	EILNNILG:0.38095238095238093	YMYELDSY:0.2857142857142857	NLPYMYEL:0.23809523809523808	WNGWQYYF:0.23809523809523808	YPPLIVYL:0.2857142857142857	VPLDYPPL:0.38095238095238093	AWNGWQYY:0.23809523809523808	GWFDTDIF:0.23809523809523808	PPLIVYLT:0.23809523809523808	GVPLDYPP:0.47619047619047616	VPGWFDTD:0.38095238095238093	PGWFDTDM:0.23809523809523808	WFDTDMFN:0.2857142857142857	AFIAPLAG:0.2857142857142857	IYKFINLF:0.23809523809523808	TVPGWFDT:0.3333333333333333	HSYYPPGV:0.3333333333333333	SYYPPGVP:0.42857142857142855	RTVPGWFD:0.3333333333333333	LAWNGWQY:0.23809523809523808	GWFDTDMF:0.23809523809523808	YPPGVPLD:0.38095238095238093	PPGVPLDY:0.38095238095238093	YYPPGVPL:0.38095238095238093	VEILNNIL:0.23809523809523808	YYNYRLTK:0.23809523809523808	SYAPSGVP:0.3333333333333333	PSGVPMDY:0.23809523809523808	HSYAPSGV:0.3333333333333333	MYDMDSYY:0.2857142857142857	SGVPMDYP:0.23809523809523808	YNYRLTKN:0.23809523809523808	FYFMRTVP:0.23809523809523808	YDMDSYYN:0.2857142857142857	APSGVPMD:0.23809523809523808	PFYFMRTV:0.23809523809523808	APFYFMRT:0.2857142857142857	YRLTKNYL:0.23809523809523808	YFMRTVPG:0.2857142857142857	YAPSGVPM:0.23809523809523808	GVPMDYPP:0.23809523809523808	NYRLTKNY:0.23809523809523808	DGRLAYIE:0.38095238095238093	GRLAYIET:0.38095238095238093	FDGRLAYI:0.23809523809523808	
