cluster number:12
GT66:29	GT66:29|2.4.99.18:1
STMPFDPW:0.27586206896551724	QFGTLFDQ:0.3793103448275862	RLGGRLGG:0.2413793103448276	RVPGATVE:0.27586206896551724	NDAWYHYR:0.20689655172413793	SWWDYGHW:0.896551724137931	TVPYSTTG:0.2413793103448276	EGTGPANT:0.20689655172413793	VWPPGVLL:0.20689655172413793	GQFGTLFD:0.3448275862068966	VQNWPSTM:0.20689655172413793	VPYSTTGY:0.2413793103448276	GNDAWYHY:0.20689655172413793	PSTMPFDP:0.27586206896551724	GVLSWWDY:0.3793103448275862	PNANPFQQ:0.3793103448275862	WVWPPGVL:0.2413793103448276	YTNVSVRA:0.41379310344827586	DYGHWITT:0.3448275862068966	QNWPSTMP:0.20689655172413793	NWPSTMPF:0.2413793103448276	WPSTMPFD:0.27586206896551724	YGVLSWWD:0.3103448275862069	TMPFDPWT:0.5517241379310345	GYTNVSVR:0.41379310344827586	LFAPAVFG:0.2413793103448276	NANPFQQG:0.3448275862068966	LSWWDYGH:0.41379310344827586	ATVEGTGP:0.20689655172413793	WWDYGHWI:0.8275862068965517	IFERVPGA:0.20689655172413793	KIFERVPG:0.20689655172413793	LFSGNDAW:0.20689655172413793	ERVPGATV:0.3793103448275862	PGATVEGT:0.20689655172413793	FERVPGAT:0.6896551724137931	VFMAWLAR:0.20689655172413793	VLFSGNDA:0.20689655172413793	VPGATVEG:0.3103448275862069	GATVEGTG:0.2413793103448276	SGNDAWYH:0.5172413793103449	FGTLFDQI:0.20689655172413793	FSGNDAWY:0.4482758620689655	WDYGHWIT:0.8275862068965517	PYSTTGYD:0.4827586206896552	IGRRLGGR:0.20689655172413793	MTVPYSTT:0.27586206896551724	VLSWWDYG:0.3793103448275862	RIPNANPF:0.3448275862068966	TRTIGEAQ:0.2413793103448276	EFTMTLPY:0.3103448275862069	NDAWYHLR:0.3103448275862069	FTMTLPYS:0.27586206896551724	MTLPYSTT:0.3448275862068966	TMTLPYST:0.27586206896551724	TRYVMVDW:0.3103448275862069	DGEFTMTL:0.27586206896551724	LPYSTTGY:0.3448275862068966	ERIPNANP:0.2413793103448276	GEFTMTLP:0.3103448275862069	SVRATGPY:0.2413793103448276	ALEHYRLV:0.4827586206896552	LEHYRLVK:0.2413793103448276	IPNANPFQ:0.3448275862068966	YGPDNGYT:0.20689655172413793	DYGHWITV:0.3103448275862069	TSVGQFGT:0.20689655172413793	GTSVGQFG:0.20689655172413793	RTIGEAQP:0.3793103448275862	GNDAWYHL:0.3103448275862069	TLPYSTTG:0.27586206896551724	NGYTNVSV:0.20689655172413793	LYRYHGSA:0.20689655172413793	ANPFQQGA:0.3448275862068966	LIVGLGSP:0.20689655172413793	ALIVGLGS:0.20689655172413793	RLYRYHGS:0.2413793103448276	VRLYRYHG:0.20689655172413793	NPFQQGAT:0.27586206896551724	YSTTGYDE:0.2413793103448276	TIGEAQPF:0.3103448275862069	QVRFNYYL:0.4827586206896552	TQVRFNYY:0.4827586206896552	TSAAFTQV:0.2413793103448276	IGEAQPFL:0.20689655172413793	FTQVRFNY:0.41379310344827586	SAAFTQVR:0.3103448275862069	AAFTQVRF:0.3103448275862069	AFTQVRFN:0.41379310344827586	ERVPGATI:0.3103448275862069	VRFNYYLA:0.3103448275862069	VKTFERVP:0.2413793103448276	TFERVPGA:0.3448275862068966	KTFERVPG:0.3448275862068966	RVPGATIE:0.2413793103448276	VMVDWQMA:0.2413793103448276	RYVMVDWQ:0.2413793103448276	VPGATIEG:0.2413793103448276	YVMVDWQM:0.2413793103448276	ATAALVVG:0.20689655172413793	WITVLGER:0.20689655172413793	LVAPAVFG:0.20689655172413793	VMSWWDYG:0.3448275862068966	ITVLGERI:0.20689655172413793	HWITVLGE:0.20689655172413793	GHWITVLG:0.2413793103448276	AALVVGLG:0.20689655172413793	TVLGERIP:0.20689655172413793	GVMSWWDY:0.3448275862068966	APAVFGAL:0.20689655172413793	YGHWITVL:0.2413793103448276	YGVMSWWD:0.3448275862068966	LLVAPAVF:0.20689655172413793	MSWWDYGH:0.3448275862068966	ITSAAFTQ:0.20689655172413793	RFNYYLAV:0.2413793103448276	WVKTFERV:0.20689655172413793	TAALVVGL:0.20689655172413793	RIPVANPF:0.20689655172413793	IPVANPFQ:0.2413793103448276	
