cluster number:10
GT66:30	GT66:30
IGWFKSEP:0.5333333333333333	ASWWDYGY:0.36666666666666664	FKSEPLGL:0.6333333333333333	ERKTLADN:0.26666666666666666	SEPLGLFY:0.36666666666666664	GGGDESKK:0.3333333333333333	IVIFALVR:0.43333333333333335	KSEPLGLF:0.6333333333333333	GDESKKQW:0.3	EPLGLFYG:0.36666666666666664	LGLFYGLL:0.3	VIFALVRV:0.26666666666666666	PLGLFYGL:0.3	GLFASLFF:0.2	WFKSEPLG:0.8333333333333334	AGLFASLF:0.2	LNEFDPFF:0.4	LFASLFFA:0.2	SWWDYGYW:0.5333333333333333	NEFDPFFN:0.4	GGDESKKQ:0.3	GWFKSEPL:0.8333333333333334	DESKKQWF:0.3	ESKKQWFM:0.26666666666666666	SEPLGLFF:0.26666666666666666	AVIASWWD:0.2	IASWWDYG:0.3	FAGLGAWL:0.2	VIASWWDY:0.26666666666666666	DAVIASWW:0.2	WDYGYWIT:0.3	PSFRYLNA:0.3333333333333333	WWDYGYWI:0.8666666666666667	IGGTTAGL:0.4	EFDPFFNY:0.43333333333333335	RYLNAINP:0.2	FTILFPVI:0.26666666666666666	FFNYRATQ:0.3	IYVKNIKF:0.2	PFFNYRAT:0.4666666666666667	DPFFNYRA:0.4666666666666667	YDFTILFP:0.36666666666666664	GGTTAGLL:0.23333333333333334	FDPFFNYR:0.43333333333333335	YVKNIKFP:0.2	DFTILFPV:0.26666666666666666	WDYGYWIQ:0.2	LYDFTILF:0.36666666666666664	KFWDETLL:0.2	KINKEYNP:0.2	YGYWISTL:0.26666666666666666	INKEYNPN:0.2	LIIGFLGI:0.23333333333333334	SAFVRLEV:0.23333333333333334	VYVPPSFE:0.2	GLLAVYLL:0.2	YLLISGIK:0.2	DYGYWIST:0.3	SVSEHATT:0.3	GSIGWFKS:0.2	DETLLGKL:0.2	ILISKILK:0.2	SIGWFKSE:0.2	RYLNAANP:0.2	GAWLLFQK:0.2	ETLLGKLI:0.2	LPSFRYLN:0.26666666666666666	ALPFLRKD:0.2	PFQLVYVP:0.2	LFYGLLAV:0.2	GPFQLVYV:0.23333333333333334	MRGSIGWF:0.2	IGFLGIYF:0.23333333333333334	FLALPFLR:0.2	IIGFLGIY:0.23333333333333334	FQLVYVPP:0.2	DGPFQLVY:0.2	TLLGKLIP:0.26666666666666666	FWDETLLG:0.2	WDETLLGK:0.2	QKGGDETK:0.23333333333333334	VSEHATTT:0.3	LVYVPPSF:0.2	GYTSIYVK:0.2	LTDSVSEH:0.2	GLFYGLLA:0.23333333333333334	RGSIGWFK:0.2	YGLLAVYL:0.2	AFVRLEVF:0.26666666666666666	LGKLIPFT:0.2	SEHATTTI:0.26666666666666666	GFLGIYFS:0.23333333333333334	RLEVFGSI:0.2	SILISKIL:0.2	QFFILPIG:0.2	IYKINKEY:0.3	FVRLEVFG:0.23333333333333334	FYGLLAVY:0.2	DSVSEHAT:0.3333333333333333	QLVYVPPS:0.2	WDYGYWIS:0.3	ALIIGFLG:0.23333333333333334	LLGKLIPF:0.23333333333333334	FLGIYFSS:0.2	TDSVSEHA:0.2	NKEYNPNQ:0.2	FALIIGFL:0.23333333333333334	LLISGIKS:0.2	LEVFGSIS:0.2	TGLDADYV:0.2	EVFGSISV:0.2	VRLEVFGS:0.2	SSAFVRLE:0.23333333333333334	YKINKEYN:0.2	GISILISK:0.2	ELNEFDPF:0.3333333333333333	GGTTAGLF:0.23333333333333334	TILFPVII:0.2	GTTAGLFA:0.26666666666666666	PLIYKINK:0.2	LTGPLIYK:0.2	RYLLIIGI:0.2	FELNEFDP:0.23333333333333334	PLEYGFEL:0.2	SPIIIMRG:0.2	PLTGPLIY:0.2	YGFELNEF:0.2	LFFLALPF:0.2	TGPLIYKI:0.2	GPLIYKIN:0.2	GFELNEFD:0.23333333333333334	GPLTGPLI:0.2	YLLIIGIL:0.2	TIVIFALV:0.2	AAWWDYGY:0.3333333333333333	ASLFFAVS:0.2	IAAWWDYG:0.2	AWWDYGYW:0.3333333333333333	TTAGLFAS:0.2	VRTIGGTT:0.23333333333333334	RTIGGTTA:0.2	TIGGTTAG:0.2	TAGLFASL:0.2	LLIIGILA:0.2	
