cluster number:23
GH51:189	GH51:189|3.2.1.55:4|GH43_29:1|GH43_34:1
TGLERNAD:0.4973544973544973	DLIEFANG:0.5978835978835979	LDLIEFAN:0.582010582010582	ALDLIEFA:0.4021164021164021	GIFFEDIN:0.24338624338624337	MTGLERNA:0.5291005291005291	AADGGLYA:0.6190476190476191	FLRFPGGC:0.291005291005291	ADGGLYAE:0.7724867724867724	RFPGGCLV:0.3544973544973545	DALDLIEF:0.4021164021164021	DIGAEPLP:0.20634920634920634	EDIGAEPL:0.20634920634920634	FWGYNQSY:0.2328042328042328	PVVPALVT:0.2275132275132275	VFLGEYAS:0.291005291005291	YWWNLGGW:0.2222222222222222	LIEFANGP:0.2962962962962963	EAAFMTGL:0.3968253968253968	FPGGCLVN:0.23809523809523808	VPALVTGC:0.2275132275132275	DEHYYNSP:0.2222222222222222	PKVFLGEY:0.26455026455026454	FVRFPGGC:0.2962962962962963	EDINRAAD:0.20105820105820105	FMTGLERN:0.3862433862433862	DTLDLIEF:0.20105820105820105	LVQNRSFE:0.2962962962962963	LERNADVV:0.3544973544973545	VDEHYYNS:0.2328042328042328	DINRAADG:0.20105820105820105	TLDLIEFA:0.20105820105820105	DGGLYAEL:0.7142857142857143	NGLRKDLA:0.2222222222222222	RSYQWKDT:0.20634920634920634	VVPALVTG:0.2275132275132275	AFMTGLER:0.38095238095238093	ELVQNRSF:0.30158730158730157	GYNQSYGL:0.20105820105820105	GCLVNTGS:0.2328042328042328	VQNRSFEY:0.2275132275132275	GGCLVNTG:0.23809523809523808	KVFLGEYA:0.26455026455026454	RAADGGLY:0.20105820105820105	AAFMTGLE:0.37037037037037035	INRAADGG:0.20105820105820105	PGGCLVNT:0.23809523809523808	MVDEHYYN:0.24338624338624337	WGYNQSYG:0.23809523809523808	GPKVFLGE:0.21693121693121692	NRAADGGL:0.20105820105820105	PLPVVPAL:0.21693121693121692	GGLYAELV:0.5343915343915344	NFWGYNQS:0.2328042328042328	AELVQNRS:0.2962962962962963	YAELVQNR:0.37566137566137564	VGNEENLP:0.23809523809523808	LDMVSLFP:0.32275132275132273	GLERNADV:0.3544973544973545	PALVTGCG:0.24338624338624337	LYAELVQN:0.37566137566137564	ALVTGCGQ:0.2328042328042328	YNQSYGLG:0.20105820105820105	GLGYYEYF:0.26455026455026454	LPVVPALV:0.21693121693121692	GVFFEDIN:0.2962962962962963	LVTGCGQN:0.2328042328042328	GLYAELVQ:0.37566137566137564	IQDALDLI:0.21164021164021163	KVFAGEYA:0.21164021164021163	QDALDLIE:0.3386243386243386	FPGGCIVE:0.328042328042328	PGGCIVEG:0.328042328042328	RFPGGCIV:0.3333333333333333	ASYAPLLA:0.2275132275132275	NYAADGGL:0.21693121693121692	EDINYAAD:0.20634920634920634	FFEDINYA:0.20634920634920634	FEDINYAA:0.20105820105820105	INYAADGG:0.20634920634920634	DINYAADG:0.20634920634920634	YAADGGLY:0.2328042328042328	PGFLRFPG:0.24867724867724866	GFLRFPGG:0.24867724867724866	EYFQFCED:0.21693121693121692	
