cluster number:31
GH51:49	GH51:49|CBM2:32|3.2.1.4:3|CBM13:2|3.2.1.-:1|3.2.1.8:1
ADWVRYAN:0.3469387755102041	QEAADWVR:0.24489795918367346	NYGTGTPQ:0.20408163265306123	AADWVRYA:0.3469387755102041	EAADWVRY:0.32653061224489793	LNTPFAPY:0.2653061224489796	PNTDFDTF:0.2653061224489796	WNVHNGIG:0.32653061224489793	VAPNTDFD:0.2653061224489796	NVHNGIGT:0.24489795918367346	PGNWPDGI:0.20408163265306123	TDFDTFMA:0.30612244897959184	ALFLADAY:0.22448979591836735	MIIANYGT:0.3469387755102041	GNENYGNG:0.3877551020408163	WWNVHNGI:0.32653061224489793	GGYVAPNT:0.2857142857142857	VLTMPGNW:0.2653061224489796	IANYGTGT:0.3877551020408163	AMKAVDPT:0.46938775510204084	YSGPNVLP:0.22448979591836735	VDVHWYPG:0.30612244897959184	GGSYADIY:0.40816326530612246	LTMPGNWP:0.2653061224489796	PGGYVAPN:0.2653061224489796	YGNGHYGS:0.3877551020408163	PMIIANYG:0.3469387755102041	LPPYSLTT:0.22448979591836735	PGALFLAD:0.20408163265306123	ANYGTGTP:0.32653061224489793	ANVTKGYG:0.30612244897959184	DHTAPGGY:0.32653061224489793	MPGNWPDG:0.24489795918367346	APNTDFDT:0.2653061224489796	NTPFAPYH:0.30612244897959184	NYGNGHYG:0.30612244897959184	DFVDVHWY:0.3673469387755102	ENYGNGHY:0.30612244897959184	TMPGNWPD:0.2653061224489796	PPYSLTTL:0.20408163265306123	APGGYVAP:0.6530612244897959	MKAVDPTI:0.3673469387755102	GVNHAIWD:0.32653061224489793	GAVLTMPG:0.2653061224489796	VGAVLTMP:0.2857142857142857	DAMKAVDP:0.30612244897959184	KIDFVDVH:0.20408163265306123	YADAMKAV:0.2857142857142857	NVTKGYGA:0.24489795918367346	DWVRYANV:0.2857142857142857	QPMIIANY:0.20408163265306123	LFLADAYS:0.22448979591836735	AVLTMPGN:0.2653061224489796	NENYGNGH:0.30612244897959184	NTDFDTFM:0.24489795918367346	RYANVTKG:0.30612244897959184	SYADIYHW:0.40816326530612246	WVRYANVT:0.5306122448979592	IDFVDVHW:0.3673469387755102	PGGSYADI:0.42857142857142855	DVHWYPGG:0.30612244897959184	TAPGGYVA:0.6530612244897959	VRYANVTK:0.46938775510204084	IIANYGTG:0.3673469387755102	AGPKIDFV:0.22448979591836735	YANVTKGY:0.32653061224489793	YVAPNTDF:0.2653061224489796	KAVDPTIK:0.2857142857142857	TALGVNHA:0.2653061224489796	PYSLTTLV:0.20408163265306123	FRLNGTVC:0.22448979591836735	LGVNHAIW:0.2653061224489796	YPGGSYAD:0.4897959183673469	KVGAVLTM:0.2857142857142857	ADAMKAVD:0.2857142857142857	GYVAPNTD:0.2653061224489796	ALGVNHAI:0.2653061224489796	TVNVLARD:0.22448979591836735	PKIDFVDV:0.20408163265306123	IKVGAVLT:0.2653061224489796	FVDVHWYP:0.3673469387755102	HTAPGGYV:0.5510204081632653	RYPGGSYA:0.4897959183673469	VHNGIGTV:0.22448979591836735	GPKIDFVD:0.20408163265306123	GSYADIYH:0.40816326530612246	IGNEIYGN:0.2653061224489796	WEIGNEIY:0.2653061224489796	EIGNEIYG:0.2653061224489796	YWEIGNEI:0.2653061224489796	GNEIYGNG:0.2857142857142857	GNGHYGSA:0.2653061224489796	SAWEADDH:0.22448979591836735	DFGLLSSG:0.30612244897959184	GQTDYGDF:0.20408163265306123	YGSAWEAD:0.2857142857142857	GHYGSAWE:0.2653061224489796	GSAWEADD:0.22448979591836735	VAGQTDYG:0.20408163265306123	TDYGDFGL:0.22448979591836735	VGNENYGN:0.22448979591836735	MRYPGGSY:0.32653061224489793	GDFGLLSS:0.22448979591836735	DYGDFGLL:0.22448979591836735	YGDFGLLS:0.22448979591836735	AGQTDYGD:0.20408163265306123	HYGSAWEA:0.2653061224489796	NGHYGSAW:0.2653061224489796	QTDYGDFG:0.20408163265306123	AMKAVDPS:0.20408163265306123	MKAVDPSI:0.20408163265306123	GAVLTTPG:0.20408163265306123	GGYVAPGT:0.30612244897959184	PLTFTTGT:0.24489795918367346	KYWEIGNE:0.3469387755102041	LTFTTGTP:0.24489795918367346	PGGYVAPG:0.30612244897959184	THTAPGGY:0.20408163265306123	LRYPGGSY:0.32653061224489793	IKIGAVLT:0.32653061224489793	KIGAVLTT:0.24489795918367346	IGAVLTTP:0.24489795918367346	FTLNGTVC:0.20408163265306123	GVFTVDWW:0.20408163265306123	
