cluster number:27
GH51:13	GH51:13|GH43_19:1
GLGFHEYL:0.23076923076923078	FFEEINHA:0.5384615384615384	GDGGLYAE:0.5384615384615384	LKYVEIGN:0.23076923076923078	FEEINHAG:0.5384615384615384	IYVGEYAV:0.23076923076923078	FVRFPGGC:0.23076923076923078	AGDGGLYA:0.5384615384615384	EEINHAGD:0.46153846153846156	LDAIEYAN:0.46153846153846156	PGGCFVEG:0.5384615384615384	DGGLYAEL:0.5384615384615384	INHAGDGG:0.46153846153846156	DGLGFHEY:0.23076923076923078	EINHAGDG:0.46153846153846156	YVEIGNEN:0.38461538461538464	AIEYANGP:0.38461538461538464	EYANGPVT:0.38461538461538464	IEYANGPV:0.3076923076923077	YVGEYAVT:0.3076923076923077	GGLYAELI:0.3076923076923077	NHAGDGGL:0.46153846153846156	FPGGCFVE:0.5384615384615384	LDMVSLFP:0.23076923076923078	HAGDGGLY:0.46153846153846156	RFPGGCFV:0.6153846153846154	SDGLGFHE:0.23076923076923078	LGFHEYLQ:0.23076923076923078	VRFPGGCF:0.3076923076923077	KYVEIGNE:0.3076923076923077	DAIEYANG:0.46153846153846156	ANGPVTSK:0.23076923076923078	YANGPVTS:0.3076923076923077	ALDAIEYA:0.23076923076923078	GMERNGDL:0.23076923076923078	MERNGDLV:0.23076923076923078	GTPSYYVQ:0.3076923076923077	TPSYYVQK:0.23076923076923078	GGLYAELV:0.3076923076923077	GLYAELVK:0.23076923076923078	YAELVKNR:0.23076923076923078	YGLFFEEI:0.23076923076923078	AELVKNRS:0.23076923076923078	ELVKNRSF:0.23076923076923078	GLFFEEIN:0.23076923076923078	KNGLRPDL:0.23076923076923078	FLRFPGGC:0.23076923076923078	RKNGLRPD:0.23076923076923078	LVKNRSFE:0.23076923076923078	LYAELVKN:0.23076923076923078	ELIRNRSF:0.23076923076923078	LGYHEYLQ:0.23076923076923078	LIRNRSFE:0.23076923076923078	AELIRNRS:0.23076923076923078	NGHPEPFG:0.23076923076923078	IRNRSFED:0.23076923076923078	YAELIRNR:0.23076923076923078	GLGYHEYL:0.23076923076923078	
