cluster number:14
GH51:513	GH51:513|3.2.1.55:16
VLRWPGGC:0.52046783625731	MANIAQTV:0.3001949317738791	LRWPGGCF:0.7212475633528265	LTPTYHVF:0.594541910331384	NPGFLYQQ:0.5964912280701754	QQNTLRDA:0.22807017543859648	MDGLSLHY:0.3255360623781676	IPVLRWPG:0.40350877192982454	GLSLHYYT:0.3664717348927875	DPEPGTNP:0.21052631578947367	EYHWANGV:0.20272904483430798	GCFADEYH:0.7446393762183235	EHLGRGIY:0.25146198830409355	PEYYADLY:0.37816764132553604	TVNVLQAM:0.2826510721247563	ICGNVGSG:0.23391812865497075	YICGNVGS:0.23391812865497075	GFLYQQNT:0.557504873294347	ADEYHWAN:0.20077972709551656	AQTVNVLQ:0.3840155945419103	YHWANGVG:0.20272904483430798	DEYHWANG:0.20272904483430798	GTNPGFLY:0.5828460038986355	PGFLYQQN:0.6335282651072125	LLTPTYHV:0.34502923976608185	PGTNPGFL:0.6120857699805068	IIDEWGTW:0.24366471734892786	TNPGFLYQ:0.5867446393762183	QTVNVLQA:0.35282651072124754	EPYICGNV:0.23196881091617932	PVLRWPGG:0.5321637426900585	PEPGTNPG:0.20857699805068225	FADEYHWA:0.20077972709551656	EPGTNPGF:0.5477582846003899	RWPGGCFA:0.9532163742690059	PGGCFADE:0.7660818713450293	WPGGCFAD:0.9473684210526315	IAQTVNVL:0.3391812865497076	DEWGTWYD:0.2046783625730994	PYICGNVG:0.23391812865497075	DGLSLHYY:0.341130604288499	MLLTPTYH:0.35477582846003897	ANIAQTVN:0.30214424951267055	CFADEYHW:0.7446393762183235	NIAQTVNV:0.3391812865497076	GGCFADEY:0.7660818713450293	VLTPTYHV:0.23196881091617932	HWKDGIGP:0.2124756335282651	ENNHFGTH:0.2202729044834308	AEHLGRCI:0.2651072124756335	GSGTVQEM:0.3060428849902534	YGHFAEHL:0.41130604288499023	FAEHLGRC:0.27485380116959063	ADEYHWKD:0.2378167641325536	GHFAEHLG:0.42300194931773877	GNVGSGTV:0.4775828460038986	FADEYHWK:0.2378167641325536	NNHFGTHE:0.2202729044834308	HFAEHLGR:0.3996101364522417	DEYHWKDG:0.2378167641325536	YHWKDGIG:0.2631578947368421	IYGHFAEH:0.3333333333333333	NHFGTHEF:0.2202729044834308	LQAMILTD:0.23196881091617932	NIYGHFAE:0.23391812865497075	NVGSGTVQ:0.33723196881091616	IYEGIWVG:0.2651072124756335	EHLGRCIY:0.38596491228070173	VLQAMILT:0.45419103313840153	NVLQAMIL:0.45419103313840153	VGSGTVQE:0.3313840155945419	VNVLQAMI:0.4249512670565302	NTIRDALV:0.21832358674463936	LMDGLSLH:0.25146198830409355	QQNTIRDA:0.2573099415204678	LSLHYYTI:0.20077972709551656	LHYYTIPG:0.2046783625730994	GNENWGCG:0.43079922027290446	KNIYGHFA:0.2046783625730994	INKNIYGH:0.20662768031189083	AGGANVDD:0.2202729044834308	NKNIYGHF:0.20662768031189083	YQQNTIRD:0.24561403508771928	NENWGCGG:0.43079922027290446	TPTYHVFD:0.24561403508771928	ENWGCGGN:0.3762183235867446	QNTIRDAL:0.2222222222222222	SLHYYTIP:0.2124756335282651	TIRDALVA:0.21832358674463936	FLYQQNTI:0.24366471734892786	IAGGANVD:0.2202729044834308	EYYADLYR:0.33528265107212474	NWGCGGNM:0.3723196881091618	LYQQNTIR:0.24561403508771928	MFKVHQDA:0.21052631578947367	GQFAEHLG:0.25146198830409355	EDNSFGTH:0.24171539961013644	MRPEYYAD:0.21832358674463936	NSFGTHEF:0.20272904483430798	YYADLYRR:0.21442495126705652	VEPGTNPG:0.2826510721247563	FGVGNENW:0.2651072124756335	GVGNENWG:0.290448343079922	YFGVGNEN:0.2378167641325536	VGNENWGC:0.2884990253411306	WGCGGNMR:0.35282651072124754	QMVNVLQA:0.2787524366471735	FADEYHWR:0.20662768031189083	MVNVLQAM:0.24561403508771928	VDEWGTWY:0.2631578947368421	AQMVNVLQ:0.290448343079922	IAQMVNVL:0.2787524366471735	NIAQMVNV:0.22807017543859648	GCGGNMRP:0.22417153996101363	CGGNMRPE:0.2124756335282651	QQNTMRDA:0.20077972709551656	
