cluster number:0
GH51:696	GH51:696|3.2.1.55:20
VNVIAPIM:0.6350574712643678	SFDEWNVW:0.6364942528735632	GNEMDGPW:0.8117816091954023	DEWNVWYH:0.39511494252873564	YPGGNFVS:0.7801724137931034	LGNEMDGP:0.7830459770114943	AQLVNVIA:0.8290229885057471	ISFDEWNV:0.3103448275862069	NEMDGPWQ:0.7931034482758621	EHLGRAVY:0.2672413793103448	WCLGNEMD:0.8433908045977011	RYPGGNFV:0.7801724137931034	NVIAPIMT:0.6293103448275862	LVNVIAPI:0.8247126436781609	FDEWNVWY:0.5991379310344828	TWCLGNEM:0.3017241379310345	CLGNEMDG:0.8448275862068966	QLVNVIAP:0.8275862068965517	KTWCLGNE:0.28160919540229884	EMDGPWQI:0.41522988505747127	MDGPWQIG:0.40373563218390807	IELVACGS:0.22844827586206898	AVNLGTRG:0.5919540229885057	KIACLAQL:0.22988505747126436	VIAPIMTE:0.5086206896551724	NLGTRGID:0.23275862068965517	MAVNLGTR:0.4410919540229885	CLAQLVNV:0.41522988505747127	KAKKRSKK:0.25	ELVACGSS:0.4209770114942529	RGIDAARN:0.22126436781609196	PWQIGHKT:0.3103448275862069	DGPWQIGH:0.3448275862068966	TRGIDAAR:0.21264367816091953	SGYNWEDG:0.29310344827586204	FIEHLGRA:0.20114942528735633	IACLAQLV:0.23132183908045978	LVACGSSN:0.21982758620689655	VNLGTRGI:0.3031609195402299	ACLAQLVN:0.40804597701149425	EWNVWYHS:0.3275862068965517	WQIGHKTA:0.3204022988505747	GTRGIDAA:0.21551724137931033	LAQLVNVI:0.5847701149425287	LGTRGIDA:0.21551724137931033	GPWQIGHK:0.33045977011494254	GIYEPGHP:0.36637931034482757	FGSFVEHL:0.2025862068965517	VEHLGRCV:0.23706896551724138	EHLGRCVY:0.23994252873563218	IRYPGGNF:0.46695402298850575	RLFGSFVE:0.23994252873563218	LFGSFVEH:0.2442528735632184	PGGNFVSG:0.5689655172413793	FVEHLGRC:0.23706896551724138	IAPIMTEP:0.20689655172413793	GSFVEHLG:0.25	LSFDEWNV:0.31896551724137934	GGNFVSGY:0.4985632183908046	SFVEHLGR:0.25	VRYPGGNF:0.3577586206896552	MMAVNLGT:0.2614942528735632	WEDGVGPV:0.2514367816091954	LWCLGNEM:0.28160919540229884	AARNLVEY:0.23706896551724138	LEDIYNFE:0.21982758620689655	IKTWCLGN:0.25862068965517243	YNFEDALL:0.23850574712643677	RNLVEYCN:0.2514367816091954	EDIYNFED:0.21982758620689655	GIDAARNL:0.21408045977011494	GNFVSGYN:0.20689655172413793	EYGRLAAE:0.22557471264367815	DAARNLVE:0.23706896551724138	WNVWYHSN:0.27298850574712646	NFVSGYNW:0.20689655172413793	NWEDGVGP:0.3017241379310345	ARNLVEYC:0.2514367816091954	GYNWEDGV:0.24568965517241378	YNWEDGVG:0.3031609195402299	NLVEYCNH:0.20114942528735633	LVEYCNHP:0.2025862068965517	PRRLDLAW:0.3204022988505747	RPRRLDLA:0.3204022988505747	YGRLAAET:0.20402298850574713	
