cluster number:10
GH71:37	GH71:37|CBM24:20|3.2.1.59:6
VTWNDYGE:0.5675675675675675	AFALNIGT:0.24324324324324326	STHFGPEV:0.21621621621621623	IYNFNAYV:0.2972972972972973	WFSTHFGP:0.21621621621621623	VSSFAGDG:0.24324324324324326	DMKVFISF:0.21621621621621623	DYGESHYV:0.24324324324324326	NDYGESHY:0.8108108108108109	NDMPHDGW:0.21621621621621623	CGIYNFNA:0.32432432432432434	DAFALNIG:0.7567567567567568	GIDAFALN:0.8108108108108109	FFAPNFHP:0.35135135135135137	ISFDFNWW:0.3783783783783784	KVFISFDF:0.6216216216216216	YNFNAYVG:0.5675675675675675	YGESHYVG:0.24324324324324326	YSKNWVFP:0.4594594594594595	TWNDYGES:0.6756756756756757	ESHYVGPL:0.2972972972972973	SPWFSTHF:0.21621621621621623	WNDYGESH:0.8108108108108109	FVSSFAGD:0.2702702702702703	MKVFISFD:0.5945945945945946	SYLGLCSF:0.24324324324324326	PWFSTHFG:0.21621621621621623	VFISFDFN:0.5405405405405406	NDMKVFIS:0.21621621621621623	FSTHFGPE:0.21621621621621623	VFAHFMVG:0.21621621621621623	FISFDFNW:0.5675675675675675	DMPHDGWL:0.21621621621621623	GESHYVGP:0.2972972972972973	GIYNFNAY:0.2972972972972973	SKNWVFPS:0.2972972972972973	IDAFALNI:0.7567567567567568	FALNIGTD:0.24324324324324326	IDGALNWM:0.24324324324324326	VNDMPHDG:0.24324324324324326	KPFIAAYK:0.3783783783783784	AGIDAFAL:0.35135135135135137	FIAAYKAG:0.21621621621621623	NGMKVFIS:0.3783783783783784	WFFTHYGP:0.21621621621621623	PWFFTHYG:0.21621621621621623	PFIAAYKA:0.24324324324324326	GNSKWVND:0.24324324324324326	DGNSKWVN:0.24324324324324326	SKPFIAAY:0.2702702702702703	EVSYSKNW:0.40540540540540543	GMKVFISF:0.3783783783783784	VSYSKNWV:0.32432432432432434	RLVFCHFM:0.32432432432432434	SKWVNDMP:0.35135135135135137	DRLVFCHF:0.2702702702702703	DDGNSKWV:0.21621621621621623	GPEVSYSK:0.2702702702702703	NSKWVNDM:0.24324324324324326	WVNDMPHD:0.24324324324324326	PEVSYSKN:0.2702702702702703	SPWFFTHY:0.21621621621621623	KWVNDMPH:0.35135135135135137	NFNAYVGT:0.3783783783783784	SYSKNWVF:0.32432432432432434	SPWFFTHF:0.21621621621621623	APVSPWFF:0.21621621621621623	HGYCPPTA:0.24324324324324326	VSPWFFTH:0.21621621621621623	HTDDGASK:0.21621621621621623	DCDATDTT:0.2972972972972973	TDDGASKW:0.21621621621621623	CDATDTTM:0.24324324324324326	YIAPVSPW:0.2702702702702703	FIEIVTWN:0.2702702702702703	IEIVTWND:0.2972972972972973	GYCPPTAC:0.21621621621621623	IAPVSPWF:0.2702702702702703	ESHYIGPL:0.35135135135135137	YGESHYIG:0.4864864864864865	LGIDAFAL:0.32432432432432434	DYGESHYI:0.5405405405405406	IVTWNDYG:0.4594594594594595	EIVTWNDY:0.4594594594594595	GESHYIGP:0.4864864864864865	ALNWMAWD:0.21621621621621623	GALNWMAW:0.24324324324324326	EVPYSKNW:0.24324324324324326	WPNDGNNK:0.21621621621621623	AFALNIGV:0.4594594594594595	NDGNNKAP:0.32432432432432434	GYCPPGPC:0.21621621621621623	IGVDPYTD:0.24324324324324326	PEVPYSKN:0.21621621621621623	SSFAGDGL:0.2702702702702703	NIGVDPYT:0.24324324324324326	GPEVPYSK:0.21621621621621623	SFAGDGLD:0.2702702702702703	PNDGNNKA:0.21621621621621623	ALNIGVDP:0.24324324324324326	LNIGVDPY:0.24324324324324326	FALNIGVD:0.5135135135135135	DGNNKAPK:0.24324324324324326	HFMIGIVG:0.2972972972972973	CHFMIGIV:0.24324324324324326	GLCSFSCN:0.21621621621621623	LVFCHFMI:0.32432432432432434	VFCHFMIG:0.32432432432432434	FASSFAGD:0.2702702702702703	LDCDATDT:0.24324324324324326	FCHFMIGI:0.32432432432432434	FNAYVGTV:0.24324324324324326	
