cluster number:16
CBM35:15	CBM35:15|GH26:14|3.2.1.78:1
VPVLWRPL:0.3333333333333333	FSGTGYVT:0.2	WYPGDAYV:0.5333333333333333	PGDAYVDV:0.3333333333333333	QLKKFQAA:0.26666666666666666	FNFAAALA:0.2	NFAAALAD:0.2	PVLWRPLH:0.7333333333333333	LHNLIWVY:0.4666666666666667	YPGDAYVD:0.5333333333333333	VLWRPLHE:0.8	GFSGTGYV:0.2	AAALADTS:0.26666666666666666	HQLNNLIW:0.2	LHEASGGW:0.26666666666666666	NNLIWVWT:0.3333333333333333	PLHEASGG:0.26666666666666666	EASGGWFW:0.3333333333333333	WRPLHEAS:0.3333333333333333	LWRPLHEA:0.6666666666666666	NLIWVWTS:0.26666666666666666	QLNNLIWV:0.2	EAEKATLT:0.2	SGGWFWWG:0.3333333333333333	WHWRDPLK:0.2	AEKATLTG:0.2	YEAEKATL:0.2	FWWGAKGA:0.26666666666666666	ASGGWFWW:0.3333333333333333	GGWFWWGA:0.6666666666666666	GWFWWGAK:0.5333333333333333	RPLHEASG:0.26666666666666666	RYEAEKAT:0.2	WFWWGAKG:0.5333333333333333	LNNLIWVW:0.4	HHQLNNLI:0.2	DWYPGDAY:0.2	HEASGGWF:0.3333333333333333	IPVLWRPL:0.4	MWHWRDPL:0.2	LIWVWTSD:0.2	WVYTATDT:0.2	TGKEPAIG:0.2	LWWRGFYT:0.2	LMWHWNAP:0.4	GIVSLMWH:0.2	DVPVLWRP:0.2	RDELPDWR:0.3333333333333333	LIWVYTAT:0.2	GKKLVTLS:0.26666666666666666	NLHNLIWV:0.2	WRGFYTDA:0.2	NLIWVYTA:0.26666666666666666	LIDYSPTR:0.26666666666666666	RGFYTDAT:0.2	HNLIWVYT:0.4	FWWGAKGP:0.26666666666666666	ITRDELPD:0.2	FDLIDYSP:0.3333333333333333	GFYTDATT:0.2	KGIDFQVN:0.2	WHWNAPTD:0.4	VSLMWHWN:0.2	SWFAVWTG:0.2	TGTDYIKK:0.2	NAPTDLIN:0.26666666666666666	TRDELPDW:0.3333333333333333	IVSLMWHW:0.2	WWRGFYTD:0.2	FAVWTGTD:0.2	TDYIKKQP:0.2	APTDLINQ:0.2	KTGKEPAI:0.2	KKLVTLSE:0.26666666666666666	VWTGTDYI:0.2	WNAPTDLI:0.4	HWNAPTDL:0.4	WTGTDYIK:0.2	VITRDELP:0.2	PDKLWWRG:0.2	MWHWNAPT:0.4	FYTDATTF:0.2	AVWTGTDY:0.2	ADVPVLWR:0.2	LRDIDAIA:0.2	DLIDYSPT:0.26666666666666666	KLWWRGFY:0.2	WFAVWTGT:0.2	TWWSWFAV:0.26666666666666666	SLMWHWNA:0.4	DKLWWRGF:0.2	IWVYTATD:0.2	DVITRDEL:0.2	HNLHNLIW:0.2	WWSWFAVW:0.26666666666666666	GTDYIKKQ:0.2	WSWFAVWT:0.2	YVDIVGRD:0.2	AGGWFWWG:0.26666666666666666	LHEAAGGW:0.26666666666666666	AAGGWFWW:0.26666666666666666	TGKEPALV:0.2	WGAKGPEP:0.2	HEAAGGWF:0.26666666666666666	PLHEAAGG:0.26666666666666666	RPLHEAAG:0.26666666666666666	EAAGGWFW:0.26666666666666666	WRPLHEAA:0.26666666666666666	WWGAKGPE:0.2	ISLMWHWN:0.2	RGIISLMW:0.2	TLSETGNL:0.2	DAYVDIVG:0.2	PGDAYVDI:0.2	LSETGNLP:0.2	EWYPGDAY:0.2	GRGIISLM:0.2	GDAYVDIV:0.2	GTWWSWFA:0.2	NGKKLVTL:0.2	VTLSETGN:0.2	LVTLSETG:0.2	KLVTLSET:0.2	GIISLMWH:0.2	IISLMWHW:0.2	FGTWWSWF:0.2	SFDLIDYS:0.2	
