cluster number:6
GH56:28	GH56:28|3.2.1.35:2|3.2.1.-:1
PDWPAPWV:0.39285714285714285	QRSRALVQ:0.6071428571428571	DIYRQRSR:0.75	PDCYNYDF:0.7142857142857143	TGQCPPGI:0.39285714285714285	APWVEAAA:0.39285714285714285	YNYDFKNP:0.32142857142857145	GQALQPRG:0.25	WAFNWDTK:0.5357142857142857	CYNYDFKN:0.32142857142857145	RAWMAGTL:0.35714285714285715	PRWAFNWD:0.8214285714285714	FNWDTKDI:0.5	LRLGQALQ:0.25	EAWRPRWA:0.7857142857142857	KDIYRQRS:0.75	GAARAWMA:0.32142857142857145	GFYGFPDC:0.6071428571428571	HPDWPAPW:0.39285714285714285	RWAFNWDT:0.5357142857142857	IYRQRSRA:0.7142857142857143	FYGFPDCY:0.6071428571428571	LGQALQPR:0.25	AQDQFEGA:0.32142857142857145	FKNPNYTG:0.32142857142857145	QFEGAARA:0.25	AWRPRWAF:0.7857142857142857	TKDIYRQR:0.5	YGFPDCYN:0.7142857142857143	YDFKNPNY:0.32142857142857145	GQCPPGIR:0.35714285714285715	ALVQGQHP:0.32142857142857145	TLRLGQAL:0.32142857142857145	RPRWAFNW:0.8214285714285714	AAQDQFEG:0.32142857142857145	DTKDIYRQ:0.5	YRQRSRAL:0.7142857142857143	AGTLRLGQ:0.32142857142857145	RSRALVQG:0.32142857142857145	RALVQGQH:0.32142857142857145	RQRSRALV:0.6785714285714286	WDTKDIYR:0.5	GTLRLGQA:0.32142857142857145	EGAARAWM:0.2857142857142857	QHPDWPAP:0.6071428571428571	WRPRWAFN:0.8214285714285714	VEAAAQDQ:0.5	NPNYTGQC:0.35714285714285715	DWPAPWVE:0.39285714285714285	ARAWMAGT:0.35714285714285715	WMAGTLRL:0.39285714285714285	SRALVQGQ:0.32142857142857145	FPDCYNYD:0.7142857142857143	NYTGQCPP:0.5357142857142857	MAGTLRLG:0.35714285714285715	YTGQCPPG:0.5	GFPDCYNY:0.6785714285714286	PWVEAAAQ:0.39285714285714285	DCYNYDFK:0.35714285714285715	AARAWMAG:0.35714285714285715	QDQFEGAA:0.32142857142857145	DQFEGAAR:0.25	PAPWVEAA:0.39285714285714285	DWEAWRPR:0.7142857142857143	KNPNYTGQ:0.32142857142857145	WVEAAAQD:0.39285714285714285	QCPPGIRA:0.35714285714285715	QGQHPDWP:0.32142857142857145	WEAWRPRW:0.7142857142857143	EAAAQDQF:0.5	FEGAARAW:0.2857142857142857	AAAQDQFE:0.39285714285714285	DFKNPNYT:0.32142857142857145	PNYTGQCP:0.5714285714285714	NWDTKDIY:0.5	QALQPRGL:0.25	GQHPDWPA:0.32142857142857145	VQGQHPDW:0.32142857142857145	WPAPWVEA:0.39285714285714285	AWMAGTLR:0.39285714285714285	NYDFKNPN:0.32142857142857145	AFNWDTKD:0.5	LVQGQHPD:0.32142857142857145	RLGQALQP:0.25	PPGIRAQN:0.25	PGIRAQND:0.25	RPRGLWGF:0.25	WGFYGFPD:0.5714285714285714	PRGLWGFY:0.4642857142857143	LWGFYGFP:0.6428571428571429	GLWGFYGF:0.6428571428571429	LRPRGLWG:0.32142857142857145	RGLWGFYG:0.39285714285714285	CPPGIRAQ:0.25	GIRAQNDQ:0.25	LQPRGLWG:0.21428571428571427	ALQPRGLW:0.21428571428571427	QPRGLWGF:0.21428571428571427	LEHSLGES:0.25	EHSLGESA:0.25	EPVFGGLP:0.21428571428571427	NDQLGWLW:0.25	AGTLKLGQ:0.2857142857142857	GVDVDVSV:0.21428571428571427	AVIDWEAW:0.21428571428571427	SAAQGAAG:0.21428571428571427	VDVDVSVF:0.21428571428571427	GAAGVVLW:0.21428571428571427	GEPVFGGL:0.21428571428571427	QSRALYPS:0.21428571428571427	HSLGESAA:0.25	IDWEAWRP:0.21428571428571427	ALYPSIYL:0.35714285714285715	FSGLAVID:0.2857142857142857	SRALYPSI:0.21428571428571427	VFGGLPQN:0.21428571428571427	LGESAAQG:0.2857142857142857	ESAAQGAA:0.21428571428571427	RALYPSIY:0.21428571428571427	WMAGTLKL:0.25	FGGLPQNA:0.25	LAVIDWEA:0.21428571428571427	ELEHSLGE:0.25	LGTYPYYT:0.25	GLAVIDWE:0.32142857142857145	GESAAQGA:0.25	QNDQLGWL:0.25	VIDWEAWR:0.21428571428571427	SLGESAAQ:0.2857142857142857	PVFGGLPQ:0.21428571428571427	MAGTLKLG:0.2857142857142857	SGLAVIDW:0.2857142857142857	GLPQNASL:0.25	LYPSIYLP:0.2857142857142857	GGLPQNAS:0.25	LKLGQALR:0.21428571428571427	GTLKLGQA:0.21428571428571427	KLGQALRP:0.21428571428571427	TLKLGQAL:0.21428571428571427	SPNYTGQC:0.32142857142857145	KESCQAIK:0.25	DCYNYDFL:0.25	TKESCQAI:0.25	LCSGHGRC:0.21428571428571427	AQAWMAGT:0.21428571428571427	AAQAWMAG:0.21428571428571427	QAWMAGTL:0.21428571428571427	
