cluster number:134
GH43:12	GH43_26:12|CBM35:1|CBM66:1|CBM13:1
DGTPNFGV:0.25	TPNFGVPV:0.25	GTPNFGVP:0.25	KDGTEDWI:0.25	LENASADP:0.25	KSKDGTED:0.3333333333333333	SKDGTEDW:0.3333333333333333	TFLVYSAS:0.3333333333333333	FTNPLLAS:0.25	GTVLEQNG:0.3333333333333333	VELSHPEY:0.25	LLASGPDP:0.25	SNPWTLTG:0.4166666666666667	ASFCGTDQ:0.25	WYIYYSAG:0.25	FCGTDQYA:0.25	PRVELSHP:0.25	WAPELYFL:0.25	YFLDGKWY:0.25	IDGTVLEQ:0.4166666666666667	CGTDQYAL:0.25	EDWIIYHA:0.4166666666666667	CVEKRNPR:0.25	NPRIQKFT:0.25	YSASFCGT:0.25	RNPRIQKF:0.25	PLLASGPD:0.25	APELYFLD:0.25	SGPDPWVY:0.5	KDGQEDWI:0.25	RIQKFTWN:0.25	KTFLVYSA:0.3333333333333333	DGKWYIYY:0.4166666666666667	DWIIYHAN:0.4166666666666667	ASGPDPWV:0.25	MSNPWTLT:0.4166666666666667	TFTNPLLA:0.25	EGCVEKRN:0.25	DGTVLEQN:0.4166666666666667	FIWSGHNG:0.25	LTGPRVEL:0.3333333333333333	YIYYSAGP:0.25	TGPRVELS:0.3333333333333333	NRAYATGH:0.25	NPWTLTGP:0.4166666666666667	YYMHTTNT:0.25	TLTGPRVE:0.3333333333333333	WVYQKDGY:0.25	SFCGTDQY:0.25	LVYSASFC:0.25	QEDWIIYH:0.25	VYQKDGYY:0.25	YYYMHTTN:0.25	IQKFTWNA:0.25	GNLWAPEL:0.25	TNPLLASG:0.25	GPRVELSH:0.25	GCVEKRNP:0.25	KWYIYYSA:0.4166666666666667	NPLLASGP:0.25	GPDPWVYQ:0.6666666666666666	RYFIWSGH:0.25	AIDGTVLE:0.4166666666666667	ELYFLDGK:0.25	FLVYSASF:0.25	RAYATGHN:0.25	DPWVYQKD:0.6666666666666666	ANRAYATG:0.25	NLWAPELY:0.25	SKDGQEDW:0.25	PELYFLDG:0.25	GTDQYALG:0.25	PDPWVYQK:0.6666666666666666	QRTWVLEN:0.25	PWVYQKDG:0.6666666666666666	LASGPDPW:0.25	VYSASFCG:0.25	FLDGKWYI:0.6666666666666666	WIIYHANS:0.25	GKWYIYYS:0.4166666666666667	WTLTGPRV:0.4166666666666667	PWTLTGPR:0.4166666666666667	YFIWSGHN:0.25	LDGKWYIY:0.6666666666666666	QKFTWNAD:0.3333333333333333	WAIDGTVL:0.4166666666666667	LWAPELYF:0.25	FFKSKDGQ:0.25	RVELSHPE:0.25	SASFCGTD:0.25	PANRAYAT:0.25	PRIQKFTW:0.25	LYFLDGKW:0.25	YQKDGYYY:0.25	HNGFFKSK:0.3333333333333333	FGPGHNGF:0.25	GHNGFFKS:0.4166666666666667	NGFFKSKD:0.3333333333333333	GPGHNGFF:0.5	PGHNGFFK:0.4166666666666667	CCGGQRLW:0.3333333333333333	ELHFLDGK:0.3333333333333333	TKSATPVF:0.3333333333333333	QRLWVLEN:0.3333333333333333	AWTKSATP:0.25	LHFLDGKW:0.3333333333333333	YALGMLTA:0.3333333333333333	YGPGHNGF:0.25	YQKDGFYY:0.25	HFLDGKWY:0.4166666666666667	AYGPGHNG:0.25	VYQKDGFY:0.25	CGGQRLWV:0.3333333333333333	WVYQKDGF:0.25	GGQRLWVL:0.3333333333333333	ALGMLTAS:0.3333333333333333	WTKSATPV:0.3333333333333333	WAPELHFL:0.3333333333333333	PELHFLDG:0.3333333333333333	KTAKMSEL:0.25	GQRLWVLE:0.3333333333333333	APELHFLD:0.3333333333333333	FFKSKDGT:0.25	YISEMSNP:0.3333333333333333	EMSNPWTL:0.3333333333333333	ISEMSNPW:0.3333333333333333	TTFTNPLL:0.4166666666666667	GAYGPGHN:0.25	SEMSNPWT:0.3333333333333333	GFFKSKDG:0.25	PVNEGPEI:0.25	FKSKDGTE:0.25	VNEGPEIL:0.3333333333333333	VGPRVELS:0.25	LSSGPDPW:0.3333333333333333	GMLTASST:0.25	PLLSSGPD:0.3333333333333333	WTLVGPRV:0.25	NEGPEILK:0.25	ADGTPDFG:0.25	EGPEILKH:0.25	TNPLLSSG:0.25	TLVGPRVE:0.25	MLTASSTA:0.25	LGMLTASS:0.25	TASSTADP:0.25	ADPTTGTW:0.3333333333333333	LVGPRVEL:0.25	SSGPDPWV:0.3333333333333333	TFTNPLLS:0.25	QRLYISEM:0.25	LLSSGPDP:0.3333333333333333	PWTLVGPR:0.25	RLYISEMS:0.25	NPLLSSGP:0.3333333333333333	LTASSTAD:0.25	FTNPLLSS:0.25	FWAIDGTV:0.25	DPTTGTWT:0.25	DFWAIDGT:0.25	
