cluster number:146
GH43:52	GH43_28:52|CBM32:9|CBM0:3
IAPDKLYQ:0.21153846153846154	YLYWGSSN:0.25	TGWMLLSY:0.4230769230769231	FTGWMLLS:0.40384615384615385	GIAPDKLY:0.5769230769230769	LWGIAPDK:0.21153846153846154	GYNVLWGI:0.2692307692307692	WGIAPDKL:0.5576923076923077	VLWGIAPD:0.21153846153846154	GWMLLSYR:0.3076923076923077	NVLWGIAP:0.25	YNVLWGIA:0.25	LQYGAPGT:0.25	FNVYADGV:0.28846153846153844	WERFGENN:0.23076923076923078	MNGAGHGS:0.25	NYKDSVLY:0.2692307692307692	AHNYKDSV:0.23076923076923078	GAGHGSTV:0.2692307692307692	QGSNAPAA:0.2692307692307692	APGTEFNV:0.28846153846153844	ERRLCMFP:0.23076923076923078	ISYRSGAD:0.5192307692307693	YLQYGAPG:0.2692307692307692	NAPAAHNY:0.2692307692307692	GSNAPAAH:0.23076923076923078	GWMLLSYK:0.38461538461538464	HGWERFGE:0.5192307692307693	SGADPAVV:0.34615384615384615	SYRSGADP:0.7307692307692307	YYLQYGAP:0.2692307692307692	AAHNYKDS:0.23076923076923078	EYYMFVTR:0.4423076923076923	IEAFNENG:0.3269230769230769	GEYYMFVT:0.36538461538461536	PDKLYSSW:0.21153846153846154	DYTYMIYN:0.25	AFNENGIS:0.21153846153846154	YRSGADPA:0.5961538461538461	APAAHNYK:0.23076923076923078	RGEYYMFV:0.28846153846153844	GYWHSTDL:0.23076923076923078	NGAGHGST:0.28846153846153844	NVYADGVY:0.36538461538461536	DISYRSGA:0.21153846153846154	PAAHNYKD:0.23076923076923078	RSGADPAV:0.5384615384615384	GWERFGEN:0.5192307692307693	QYGAPGTE:0.38461538461538464	RWGIAPDK:0.3269230769230769	YKDSVLYV:0.25	EAFNENGI:0.21153846153846154	YTYMIYNS:0.21153846153846154	YYMFVTRS:0.46153846153846156	FRGEYYMF:0.28846153846153844	KHGWERFG:0.3269230769230769	SNAPAAHN:0.23076923076923078	WERRLCMF:0.23076923076923078	PGTEFNVY:0.28846153846153844	HNYKDSVL:0.23076923076923078	PVSYKPGG:0.25	GSSNVYPI:0.23076923076923078	WGSSNVYP:0.38461538461538464	EHGWERFG:0.21153846153846154	AFNENGVS:0.3269230769230769	NPVSYKPG:0.25	EAFNENGV:0.3269230769230769	LFTGWMLL:0.25	WMLLSYRK:0.3076923076923077	NIRWGIAP:0.3076923076923077	GYNIRWGI:0.34615384615384615	MLLSYRKP:0.25	IRWGIAPD:0.3076923076923077	YNIRWGIA:0.34615384615384615	LFIDDDGK:0.28846153846153844	PVKGAQGY:0.21153846153846154	GYWHSKDL:0.23076923076923078	PDLFIDDD:0.21153846153846154	TKHNGKYY:0.2692307692307692	QGYNVLWG:0.25	KLYSSWMV:0.21153846153846154	PSGSMSIL:0.21153846153846154	DPSGSMSI:0.21153846153846154	GDPSGSMS:0.25	DPDLFIDD:0.21153846153846154	VKGAQGYN:0.28846153846153844	WERFGENH:0.28846153846153844	SGSMSILY:0.21153846153846154	LYSSWMVY:0.21153846153846154	VEAFNENG:0.21153846153846154	AQGYNVLW:0.21153846153846154	WMLLSYKG:0.21153846153846154	GYMEGASM:0.21153846153846154	SILYTDDP:0.21153846153846154	AAPGTQFN:0.21153846153846154	EGASMTKH:0.21153846153846154	MFVTRSFG:0.21153846153846154	TQFNVYAD:0.21153846153846154	GTQFNVYA:0.21153846153846154	KYYLQYAA:0.28846153846153844	WHFATMAL:0.21153846153846154	KHNGKYYL:0.21153846153846154	MEGASMTK:0.21153846153846154	QTNGQYWH:0.21153846153846154	YLQYAAPG:0.34615384615384615	YMEGASMT:0.21153846153846154	LYWGSSNV:0.21153846153846154	QGYNIRWG:0.23076923076923078	VTRSFGYW:0.21153846153846154	AQGYNIRW:0.21153846153846154	QYAAPGTQ:0.25	YWHFATMA:0.23076923076923078	APGTQFNV:0.21153846153846154	TRSFGYWH:0.21153846153846154	QDSELFID:0.21153846153846154	ATMALASN:0.21153846153846154	TYLYWGSS:0.21153846153846154	RSFGYWHS:0.21153846153846154	PGTQFNVY:0.21153846153846154	IQDSELFI:0.21153846153846154	LQYAAPGT:0.34615384615384615	GKYYLQYA:0.28846153846153844	YYLQYAAP:0.34615384615384615	FVTRSFGY:0.21153846153846154	PAGYGSIL:0.21153846153846154	NGKYYLQY:0.23076923076923078	YAAPGTQF:0.23076923076923078	
