cluster number:131
GH43:111	GH43_12:105|GH43:6|3.2.1.55:4|3.2.1.37:3
LPGFYPDP:0.32432432432432434	PGFYPDPS:0.4864864864864865	GVPIFHSK:0.26126126126126126	PIFHSKDL:0.3333333333333333	GIDPSLFF:0.3333333333333333	EYFPGVPI:0.3063063063063063	PGVPIFHS:0.4774774774774775	FEYFPGVP:0.36036036036036034	EGPHLYKI:0.24324324324324326	LGRETFLA:0.36036036036036034	FPGVPIFH:0.4144144144144144	SFEYFPGV:0.23423423423423423	GRETFLAP:0.4144144144144144	RETFLAPV:0.36036036036036034	IDPSLFFD:0.35135135135135137	VPIFHSKD:0.26126126126126126	YFPGVPIF:0.3153153153153153	SSFEYFPG:0.23423423423423423	PSLFFDDD:0.23423423423423423	EDYYLVTS:0.23423423423423423	GFYPDPSI:0.3963963963963964	PAGPWSDP:0.23423423423423423	GIYAPTIR:0.23423423423423423	FYPDPSIC:0.2702702702702703	PDPSICRV:0.3333333333333333	SLFFDDDG:0.27927927927927926	YPDPSICR:0.2882882882882883	DPSLFFDD:0.26126126126126126	HSKDLVNW:0.25225225225225223	NLGRETFL:0.2072072072072072	DYYLVTSS:0.22522522522522523	NPILTHRH:0.24324324324324326	FHSKDLVN:0.25225225225225223	IFHSKDLV:0.27927927927927926	YYLVTSSF:0.22522522522522523	PILTHRHL:0.2072072072072072	AEGGTEYG:0.24324324324324326	EGGTEYGH:0.2882882882882883	GGTEYGHM:0.2702702702702703	
