cluster number:144
GH43:15	GH43_3:15
YGTEDDWG:0.2	ADPSIIKG:0.2	FVGPGHNA:0.26666666666666666	WGSFHGIY:0.2	DWIVYHAI:0.2	WIVYHAID:0.2	TEDDWGDG:0.2	QFVGPGHN:0.2	GTEDDWGD:0.2	STWGDPNP:0.26666666666666666	FEPVLADP:0.26666666666666666	QNPVFEPV:0.2	PVLADPSV:0.2	DPNPGIGV:0.2	EPVLADPS:0.2	NPVFEPVL:0.26666666666666666	DDDGTPYL:0.2	DYYYFFGS:0.2	IWEDGWPT:0.2	GDPNPGIG:0.26666666666666666	YQNPVFEP:0.2	VGEKFQIA:0.2	WGDPNPGI:0.26666666666666666	PNPGIGVA:0.2	PVFEPVLA:0.26666666666666666	VFEPVLAD:0.26666666666666666	FYAYGTED:0.3333333333333333	TWGDPNPG:0.26666666666666666	YYFFGSKG:0.3333333333333333	FGSKGSCC:0.4	SKGSCCEG:0.4	KRKGYYYF:0.2	IHKRKGYY:0.2	YYYFFGSK:0.3333333333333333	HKRKGYYY:0.2	GYYYFFGS:0.2	AGDFEAVM:0.26666666666666666	PILADPTV:0.26666666666666666	FEPILADP:0.4	EAVMIHKR:0.2	PVFEPILA:0.4	GDFEAVMI:0.26666666666666666	GGIWAPDV:0.5333333333333333	FFGSKGSC:0.3333333333333333	AAGDFEAV:0.3333333333333333	LFWGSFSD:0.2	KGSCCEGA:0.2	NPVFEPIL:0.4	DFEAVMIH:0.2	GIWAPDVV:0.26666666666666666	EPILADPT:0.26666666666666666	YLFWGSFS:0.2	VFEPILAD:0.4	GSKGSCCE:0.4666666666666667	KFKVAAGD:0.2	FEAVMIHK:0.2	YFFGSKGS:0.3333333333333333	DWLLYHAI:0.2	TDWLLYHA:0.2	LADPTVVK:0.2	IAAGDFEA:0.2	GTDWLLYH:0.2	GPYLDKDG:0.2	GVNNSIDP:0.26666666666666666	IGVNNSID:0.26666666666666666	NPGIGLAI:0.2	LLGPYLDK:0.2	GIGLAIAD:0.2	KYLFWGSF:0.26666666666666666	PGIGLAIA:0.2	ASRRMLML:0.2	TEDNWGDG:0.2	GSCCEGAN:0.26666666666666666	YGTEDNWG:0.4	RRMLMLDK:0.2	SRRMLMLD:0.26666666666666666	AYGTEDNW:0.26666666666666666	YAYGTEDN:0.26666666666666666	GASRRMLM:0.2	SCCEGANS:0.26666666666666666	GTEDNWGD:0.3333333333333333	EPVLADPT:0.2	GIWAPDVT:0.2	FAGPGHNA:0.2	GFAGPGHN:0.2	YYSFSTWG:0.2	YSFSTWGD:0.2	PVLADPTV:0.2	EGGIWAPD:0.2	STWGDANP:0.2	
