cluster number:17
GH43:86	GH43_26:63|CBM42:51|GH43_23:30|GH43_34:4|3.2.1.55:3|3.2.1.-:2
TPDFGVPV:0.2441860465116279	GTPDFGVP:0.2441860465116279	PDFGVPVA:0.23255813953488372	FTVAEDGR:0.20930232558139536	PEYDRIVL:0.26744186046511625	DFGVPVAD:0.23255813953488372	DPNRHTRV:0.2558139534883721	TFSLDATT:0.29069767441860467	PNRHTRVQ:0.23255813953488372	FSLDATTF:0.38372093023255816	LVYHARQY:0.23255813953488372	EYDRIVLR:0.26744186046511625	DVLVYHAR:0.2441860465116279	YDRIVLRR:0.36046511627906974	DGTPDFGV:0.2441860465116279	YYYFTATV:0.20930232558139536	HNSFTVSE:0.23255813953488372	GPGHNSFT:0.47674418604651164	LNDPNRRT:0.3023255813953488	KHTDGYYY:0.27906976744186046	GDPLNDPN:0.4186046511627907	SFTVSEDG:0.23255813953488372	DGYYYFTA:0.27906976744186046	PLNDPNRR:0.3023255813953488	GYYYFTAT:0.22093023255813954	DRIVLRRA:0.2441860465116279	NSFTVSED:0.23255813953488372	WYVYFAAG:0.20930232558139536	SATDANYC:0.3488372093023256	TATVPEYD:0.2441860465116279	NDPNRRTR:0.3023255813953488	WAPEIHFI:0.313953488372093	TDGYYYFT:0.27906976744186046	PEIHFIDG:0.20930232558139536	ATVPEYDR:0.2558139534883721	HTDGYYYF:0.27906976744186046	SASATDAN:0.36046511627906974	YGPGHNSF:0.43023255813953487	IWAPEIHF:0.313953488372093	GHNSFTVS:0.23255813953488372	FTATVPEY:0.23255813953488372	AHIWAPEI:0.46511627906976744	WNADGTPN:0.23255813953488372	HIWAPEIH:0.46511627906976744	TVPEYDRI:0.2441860465116279	MGAHIWAP:0.5	PGHNSFTV:0.3953488372093023	YYFTATVP:0.3023255813953488	TYSASATD:0.46511627906976744	GAHIWAPE:0.5	APEIHFID:0.20930232558139536	QYGPGHNS:0.3953488372093023	DPLNDPNR:0.4186046511627907	SDILVYHD:0.23255813953488372	YSASATDA:0.3488372093023256	HFIDGKWY:0.22093023255813954	VPEYDRIV:0.20930232558139536	ASATDANY:0.36046511627906974	NFPGYYLR:0.20930232558139536	DILVYHDR:0.23255813953488372	YFTATVPE:0.23255813953488372	FLTYSASA:0.29069767441860467	LTYSASAT:0.29069767441860467	GKWYIYFA:0.2441860465116279	TGQYGPGH:0.22093023255813954	GQYGPGHN:0.2441860465116279	
