cluster number:85
GH43:312	GH43_1:306|3.2.1.37:15|GH43:3|3.2.1.55:2|GH43_30:2|GH43_32:1
KYYLYFPA:0.23717948717948717	YFSYSTGD:0.4967948717948718	RRFFEAAW:0.2948717948717949	GSFSIDPA:0.20833333333333334	SPYGPFTY:0.2532051282051282	QMWAPDAA:0.41346153846153844	IYIYPSHD:0.3717948717948718	GKYYLYFP:0.25	YYFSYSTG:0.5448717948717948	ADPSAHVF:0.6730769230769231	RQMWAPDA:0.21474358974358973	SYSTGDTH:0.6217948717948718	GGIWGGQL:0.592948717948718	DSPYGPFT:0.20512820512820512	GIWGGQLQ:0.5865384615384616	TADPSAHV:0.6730769230769231	KIYIYPSH:0.3333333333333333	FSYSTGDT:0.46153846153846156	YIYPSHDI:0.28846153846153844	YFGGIWGG:0.5064102564102564	YSIDPAVF:0.2564102564102564	LYIYPSHD:0.25961538461538464	YYLSYSTG:0.34935897435897434	YLYFGGIW:0.25961538461538464	DPSAHVFE:0.21153846153846154	FGGIWGGQ:0.5352564102564102	LYFGGIWG:0.25961538461538464	YTADPSAH:0.6314102564102564	PVVGWTTH:0.2916666666666667	VGWTTHHS:0.25961538461538464	VVGWTTHH:0.2916666666666667	GWTTHHSI:0.5993589743589743	DPSAHVFN:0.25961538461538464	NGKYYFSY:0.2403846153846154	FGGLWGGQ:0.3141025641025641	GDNPYGPF:0.27564102564102566	GKYYFSYS:0.4198717948717949	YFGGLWGG:0.30448717948717946	TTHHSIVE:0.2692307692307692	PSAHVFNG:0.21474358974358973	WTTHHSIV:0.3717948717948718	HKYNGKYY:0.20192307692307693	KYYFSYST:0.4551282051282051	GKIYIYPS:0.27884615384615385	QLWAPDAA:0.2948717948717949	GGLWGGQL:0.34294871794871795	SYSIDPAV:0.2948717948717949	KWYLFYHD:0.3173076923076923	GSYSIDPA:0.33653846153846156	GIFRIGVA:0.20833333333333334	VIGWTTHH:0.22435897435897437	YGPFTYQG:0.26282051282051283	YLFYHDSS:0.21153846153846154	PYGPFTYQ:0.26282051282051283	FYHDSSLS:0.21794871794871795	WYLFYHDS:0.30448717948717946	PVIGWTTH:0.22756410256410256	IGWTTHHS:0.22435897435897437	LFYHDSSL:0.21794871794871795	FRIGVATS:0.22756410256410256	YLYFPARD:0.21794871794871795	YYLYFPAR:0.20833333333333334	IYTADPSA:0.4230769230769231	IWGGQLQR:0.22435897435897437	NPYGPFTY:0.27564102564102566	DNPYGPFT:0.28525641025641024	HIYTADPS:0.30448717948717946	KQLWAPDA:0.21153846153846154	DRRFFEAA:0.21474358974358973	DHDRRFFE:0.22435897435897437	HDRRFFEA:0.21474358974358973	
