cluster number:135
GH43:60	GH43_24:60|GH16:10|GH43_19:2|GH35:1
DDGKAYHI:0.36666666666666664	DDDGKAYH:0.38333333333333336	HIYSSEEN:0.3333333333333333	NAHGGGIL:0.4166666666666667	YHIYSSEE:0.3333333333333333	VGVHCYSS:0.26666666666666666	GCILERPK:0.3	GTYYWFGE:0.2	VHINAHGG:0.21666666666666667	DGKAYHIY:0.35	CILERPKV:0.3	YYWFGEHK:0.21666666666666667	LFVDDDGK:0.2	AHGGGILY:0.2	FVDDDGKA:0.36666666666666664	LERPKVIY:0.2	GKAYHIYS:0.36666666666666664	YVMWFHLE:0.38333333333333336	QSTYILPV:0.21666666666666667	HINAHGGG:0.48333333333333334	KYVMWFHL:0.31666666666666665	ERPKVIYN:0.48333333333333334	AYHIYSSE:0.4666666666666667	VDDDGKAY:0.38333333333333336	KAYHIYSS:0.38333333333333336	INAHGGGI:0.4666666666666667	SSKDLYNW:0.25	SKDLYNWK:0.2	YSSKDLYN:0.25	DMTLFVDD:0.23333333333333334	MTLFVDDD:0.23333333333333334	GHNEAPAI:0.25	MITSGCTG:0.3333333333333333	ITSGCTGW:0.43333333333333335	PAIFKKDG:0.21666666666666667	GQMSRDMT:0.4666666666666667	QMSRDMTL:0.21666666666666667	GGQMSRDM:0.26666666666666666	RDMTLFVD:0.25	HNEAPAIF:0.21666666666666667	NEAPAIFK:0.25	FIFMADRW:0.26666666666666666	APAIFKKD:0.23333333333333334	EAPAIFKK:0.25	TSGCTGWA:0.21666666666666667	VMWFHLEL:0.5833333333333334	DAFIFMAD:0.2	SGCTGWAP:0.4	GCTGWAPN:0.4	PAGHNEAP:0.21666666666666667	HLELKGKG:0.23333333333333334	WFHLELKG:0.48333333333333334	SSEENLTL:0.25	LELKGKGY:0.23333333333333334	FVMWFHLE:0.3333333333333333	MWFHLELK:0.5	ERPKVVYN:0.2	KFVMWFHL:0.26666666666666666	FHLELKGK:0.23333333333333334	YSSEENLT:0.2	WKDEGIAL:0.21666666666666667	TFGGQSTY:0.2	CYSSKDLY:0.21666666666666667	LYNWKDEG:0.21666666666666667	NWKDEGIA:0.21666666666666667	YNWKDEGI:0.21666666666666667	DLYNWKDE:0.21666666666666667	FHLELKGQ:0.21666666666666667	LELKGQGY:0.23333333333333334	HLELKGQG:0.23333333333333334	YWMITSGC:0.21666666666666667	WMITSGCT:0.21666666666666667	FMADIWRP:0.2	
