cluster number:212
GH43:6	GH43_17:6
PDTPHGQE:0.5	ADHPAGPY:0.3333333333333333	FATFKGGI:0.5	KGFWGVRH:0.5	IVFCHEWT:0.3333333333333333	MLWSSYSK:0.3333333333333333	RGTGILVA:0.5	TTFADGCG:0.6666666666666666	DIHIRDPF:0.3333333333333333	TGILVADH:0.3333333333333333	LMLWSSYS:0.3333333333333333	FWGVRHYW:0.5	GILVADHP:0.3333333333333333	NAGHSSLF:0.6666666666666666	LVADHPAG:0.3333333333333333	HRGTGILV:0.5	GYLTDAPF:0.8333333333333334	FGTTFADG:0.6666666666666666	GVRHYWAP:0.5	THYPDTPH:0.3333333333333333	CLDGTYYE:0.3333333333333333	GGYTVAIA:0.5	YLFGTTFA:0.6666666666666666	YTVAIARS:0.5	LLMLWSSY:0.3333333333333333	YYLFGTTF:0.6666666666666666	ILVADHPA:0.3333333333333333	ATFKGGIG:0.5	GYTVAIAR:0.5	RYYLFGTT:0.3333333333333333	LDGTYYED:0.3333333333333333	YYMFATFK:0.3333333333333333	RHYWAPEV:0.6666666666666666	GTGILVAD:0.3333333333333333	VRHYWAPE:0.5	RWIVFCHE:0.3333333333333333	WECLDGTY:0.3333333333333333	ECLDGTYY:0.3333333333333333	ELLMLWSS:0.3333333333333333	TPHGQERP:0.5	HYPDTPHG:0.5	GTTFADGC:0.6666666666666666	MFATFKGG:0.5	EPMFEVYI:0.3333333333333333	GQRWIVFC:0.3333333333333333	GELLMLWS:0.3333333333333333	YMFATFKG:0.5	GFWGVRHY:0.5	TFADGCGD:0.6666666666666666	QRWIVFCH:0.3333333333333333	DWECLDGT:0.3333333333333333	WIVFCHEW:0.3333333333333333	WGVRHYWA:0.5	DTPHGQER:0.5	LFGTTFAD:0.6666666666666666	VADHPAGP:0.3333333333333333	LLLLWSSY:0.3333333333333333	ASFKGGIG:0.3333333333333333	LLLWSSYS:0.3333333333333333	KGGIGENR:0.3333333333333333	FASFKGGI:0.3333333333333333	MFASFKGG:0.3333333333333333	GGIGENRG:0.3333333333333333	FKGGIGEN:0.3333333333333333	SFKGGIGE:0.3333333333333333	LLWSSYSI:0.3333333333333333	GIGENRGT:0.3333333333333333	YLTDAPFL:0.3333333333333333	YMFASFKG:0.3333333333333333	VAVARSKS:0.3333333333333333	RIEKEGYL:0.3333333333333333	EGYLTDAP:0.3333333333333333	CHEWTQEY:0.5	GEHRGTGI:0.3333333333333333	IGEHRGTG:0.3333333333333333	PRIEKEGY:0.3333333333333333	DIHMRDPF:0.3333333333333333	KGGIGEHR:0.5	GGIGEHRG:0.5	LTDAPFMY:0.5	YWAPEVFE:0.5	TFKGGIGE:0.3333333333333333	GKIKAIRL:0.5	TQEYEGKI:0.3333333333333333	AVARSKSG:0.3333333333333333	GIGEHRGT:0.5	HEWTQEYE:0.3333333333333333	EYEGKIKA:0.3333333333333333	EKEGYLTD:0.3333333333333333	FADGCGDQ:0.3333333333333333	GQERPLFL:0.3333333333333333	WTQEYEGK:0.3333333333333333	YEGKIKAI:0.3333333333333333	EGKIKAIR:0.3333333333333333	QEYEGKIK:0.3333333333333333	HGQERPLF:0.3333333333333333	HYWAPEVF:0.5	WAPEVFEI:0.5	IHMRDPFV:0.5	KIKAIRLT:0.5	EWTQEYEG:0.3333333333333333	PHGQERPL:0.3333333333333333	ECLDGTFY:0.5	AGHSSLFR:0.3333333333333333	KYYLFGTT:0.3333333333333333	IEKEGYLT:0.3333333333333333	PYVAFQPP:0.5	CLDGTFYE:0.5	IKAIRLTS:0.3333333333333333	DPRIEKEG:0.5	YLTDAPFM:0.3333333333333333	LDGTFYED:0.5	FKGGIGEH:0.3333333333333333	KEGYLTDA:0.3333333333333333	EHRGTGIL:0.3333333333333333	GPYVAFQP:0.5	VSDHPAGP:0.3333333333333333	DRNAGHSS:0.3333333333333333	FGDPRIEK:0.5	VAFQPPKG:0.3333333333333333	GDPRIEKE:0.3333333333333333	GLGGYTVA:0.3333333333333333	FQPPKGFW:0.3333333333333333	PPKGFWGV:0.5	EPVEILNA:0.3333333333333333	FCHEWTQE:0.3333333333333333	LGGYTVAI:0.3333333333333333	GEPVEILN:0.3333333333333333	LVSDHPAG:0.3333333333333333	AFQPPKGF:0.3333333333333333	HMRDPFVF:0.3333333333333333	SDHPAGPY:0.3333333333333333	PKGFWGVR:0.5	YVAFQPPK:0.3333333333333333	ILVSDHPA:0.3333333333333333	RNAGHSSL:0.3333333333333333	QPPKGFWG:0.3333333333333333	VFCHEWTQ:0.3333333333333333	LLDRNAGH:0.3333333333333333	WIRLFGDP:0.3333333333333333	MKWIRLFG:0.3333333333333333	KWIRLFGD:0.3333333333333333	APEVFEID:0.3333333333333333	IRLFGDPR:0.3333333333333333	RLFGDPRI:0.3333333333333333	LLLDRNAG:0.3333333333333333	LFGDPRIE:0.3333333333333333	SLFRDFQG:0.3333333333333333	PEVFEIDG:0.3333333333333333	
