cluster number:188
GH43:42	GH43_12:41|GH43:1
GGTSVNHS:0.40476190476190477	AAEGGTSV:0.38095238095238093	DLSKKPVW:0.23809523809523808	VNGGVDLS:0.2857142857142857	TSVNHSQV:0.21428571428571427	DLKNWKQI:0.23809523809523808	LKNWKQIG:0.23809523809523808	NWKQIGNV:0.2619047619047619	KAYIIYNS:0.23809523809523808	TGFYPDPS:0.23809523809523808	GFYPDPSI:0.6904761904761905	GGVDLSKK:0.23809523809523808	LTGFYPDP:0.23809523809523808	TSAGHAQF:0.21428571428571427	EGGTSVNH:0.47619047619047616	LSKKPVWI:0.23809523809523808	YIIYNSDA:0.21428571428571427	IYNSDAPD:0.21428571428571427	AVRPYEGD:0.21428571428571427	PVWIEGPH:0.5476190476190477	SKKPVWIE:0.30952380952380953	FLAVRPYE:0.23809523809523808	VDLSKKPV:0.23809523809523808	IIYNSDAP:0.21428571428571427	GVDLSKKP:0.23809523809523808	VWIEGPHI:0.35714285714285715	RGLFAPAI:0.30952380952380953	PITSAGHA:0.21428571428571427	LAVRPYEG:0.21428571428571427	WKQIGNVI:0.21428571428571427	NGGVDLSK:0.23809523809523808	KPVWIEGP:0.5	STFSYFPG:0.2619047619047619	KNWKQIGN:0.21428571428571427	KKPVWIEG:0.30952380952380953	AEGGTSVN:0.47619047619047616	GTSVNHSQ:0.21428571428571427	LVNGGVDL:0.23809523809523808	GIDPSLFF:0.30952380952380953	PAGPWSDP:0.40476190476190477	WIEGPHIY:0.30952380952380953	IDPSLFFD:0.2857142857142857	RETFLLPV:0.21428571428571427	FYPDPSIC:0.35714285714285715	NPAGPWSD:0.21428571428571427	GRETFLLP:0.23809523809523808	YNTGRETF:0.4523809523809524	NTGRETFM:0.23809523809523808	NTGRETFL:0.23809523809523808	VFLGCRPY:0.2857142857142857	AGPWSDPV:0.21428571428571427	NPILTQRH:0.38095238095238093	PILTQRHL:0.38095238095238093	LMAAEGGT:0.2619047619047619	YYLMAAEG:0.2619047619047619	NNPILTQR:0.21428571428571427	YLMAAEGG:0.2619047619047619	KNPILTQR:0.21428571428571427	HSEVVFRS:0.23809523809523808	SEVVFRSK:0.21428571428571427	EVVFRSKN:0.21428571428571427	
