cluster number:209
GH43:36	GH43_26:34|GH43_34:3|CBM32:3
GKEDWILY:0.3055555555555556	KSPDGKED:0.3611111111111111	YALGMLTA:0.2222222222222222	PDGKEDWI:0.3611111111111111	FFKSPDGK:0.4444444444444444	DWILYHAN:0.5277777777777778	EDWILYHA:0.4166666666666667	DGKEDWIL:0.3055555555555556	KEDWILYH:0.3055555555555556	SPDGKEDW:0.3888888888888889	FKSPDGKE:0.3611111111111111	MIWSGWEG:0.2222222222222222	HRMYVLEN:0.3055555555555556	LYMIWSGW:0.3055555555555556	VNEGPQFL:0.25	ASGCWTDF:0.3611111111111111	SFFKSPDG:0.5	IWSGWEGD:0.2222222222222222	YSASGCWT:0.3888888888888889	YMIWSGWE:0.25	WTDFYALG:0.2777777777777778	SGCWTDFY:0.3611111111111111	NSFFKSPD:0.5	HNSFFKSP:0.5	CWTDFYAL:0.2777777777777778	TFTNPLLP:0.25	QLYMIWSG:0.25	GCWTDFYA:0.2777777777777778	GHNSFFKS:0.5277777777777778	YKDGYYYY:0.2222222222222222	SASGCWTD:0.5833333333333334	VYAPGHNS:0.3888888888888889	QQNIYIAK:0.2222222222222222	HVNVNEGP:0.2222222222222222	PGHNSFFK:0.5	GQQNIYIA:0.2222222222222222	YAPGHNSF:0.3888888888888889	APGHNSFF:0.5	NGQQNIYI:0.2222222222222222	VNVNEGPQ:0.25	WILYHANS:0.3055555555555556	QNIYIAKM:0.2222222222222222	
