cluster number:10
GH43:122	GH43_34:119|CBM66:13|GH43:3|GH92:2|GH43_18:1|GH117:1|GH3:1|GH43_3:1
GPDYSVAY:0.32786885245901637	PIDQFVFK:0.36065573770491804	MWSEGGWG:0.27049180327868855	YYFMWSEG:0.7377049180327869	HNGAQPID:0.3770491803278688	DYSVAYAI:0.2540983606557377	QPIDQFVF:0.5409836065573771	IDQFVFKD:0.32786885245901637	GWYADPEA:0.3114754098360656	NGAQPIDQ:0.7213114754098361	GAQPIDQF:0.5983606557377049	GGIGVAVA:0.5409836065573771	WYIVYHRR:0.36885245901639346	GIGVAVAD:0.4672131147540984	DAFSSPDL:0.3442622950819672	PDYSVAYA:0.3770491803278688	AQPIDQFV:0.6311475409836066	YFMWSEGG:0.6229508196721312	AFSSPDLV:0.2786885245901639	IVYHRRPL:0.4672131147540984	FMWSEGGW:0.6229508196721312	FHNGAQPI:0.3114754098360656	YIVYHRRP:0.5409836065573771	EGGWTGPD:0.4098360655737705	GGWTGPDY:0.4098360655737705	WTGPDYSV:0.2540983606557377	PGWYADPE:0.4098360655737705	WSEGGWTG:0.47540983606557374	YWIYPTYS:0.2786885245901639	TGPDYSVA:0.22131147540983606	MWSEGGWT:0.47540983606557374	GWTGPDYS:0.22950819672131148	SEGGWTGP:0.47540983606557374	TGAGHHSV:0.3442622950819672	NGKYYFMW:0.22950819672131148	YVEGPFMF:0.29508196721311475	LFFGANDI:0.2786885245901639	KYYFMWSE:0.5655737704918032	GAGHHSVI:0.28688524590163933	ATGAGHHS:0.3770491803278688	GKYYFMWS:0.4672131147540984	FFGANDIQ:0.2786885245901639	GWYADPEG:0.36885245901639346	LGGIGVAV:0.2540983606557377	DLVNWTKH:0.2459016393442623	WYADPEGI:0.22131147540983606	DAFSSKDL:0.22131147540983606	YYLFFGAN:0.26229508196721313	KYYLFFGA:0.22950819672131148	YLFFGAND:0.26229508196721313	YYGGWGHC:0.20491803278688525	YGGWGHCN:0.27049180327868855	FPGWYADP:0.30327868852459017	VNGAQPID:0.2540983606557377	MYYGGWGH:0.20491803278688525	YMYYGGWG:0.20491803278688525	WIYPTYSA:0.20491803278688525	
