cluster number:114
GH43:11	GH43_3:10|GH43_6:1
YSVFAGRS:0.2727272727272727	IGVATSTS:0.2727272727272727	EPHEAPCC:0.2727272727272727	STSPTGPW:0.2727272727272727	YGSYFGGI:0.2727272727272727	LDWVDGWP:0.45454545454545453	VLMDALDW:0.2727272727272727	GYSVFAGR:0.2727272727272727	GVATSTSP:0.2727272727272727	RPVLMDAL:0.2727272727272727	GGSAIGVA:0.45454545454545453	GSYFGGIS:0.2727272727272727	ALDWVDGW:0.2727272727272727	ATSTSPTG:0.2727272727272727	SEDGLTSD:0.2727272727272727	TAYSSRDG:0.36363636363636365	YYGSYFGG:0.2727272727272727	DALDWVDG:0.2727272727272727	LMDALDWV:0.2727272727272727	VEPHEAPC:0.2727272727272727	AIGVATST:0.2727272727272727	GPFVDREG:0.5454545454545454	PVLMDALD:0.2727272727272727	VGGTPVLG:0.36363636363636365	LSEDGLTS:0.2727272727272727	GSAIGVAT:0.5454545454545454	TSPTGPWT:0.2727272727272727	ATFDYVRV:0.36363636363636365	RVGGTPVL:0.45454545454545453	SAIGVATS:0.7272727272727273	TSTSPTGP:0.2727272727272727	KRPVLMDA:0.2727272727272727	MDALDWVD:0.2727272727272727	RGGAGPSD:0.2727272727272727	GSATNCCN:0.2727272727272727	AIDNRYEG:0.2727272727272727	WVGTGHNT:0.36363636363636365	NGNRWVGT:0.5454545454545454	GNRWVGTG:0.5454545454545454	SATNCCNG:0.2727272727272727	PTGPWTDS:0.2727272727272727	RWVGTGHN:0.5454545454545454	NRWVGTGH:0.5454545454545454	VGTGHNTV:0.36363636363636365	VRGGAGPS:0.2727272727272727	TRQTEFGK:0.2727272727272727	TGPWTDSG:0.2727272727272727	LLDPLDWV:0.2727272727272727	LDPLDWVD:0.2727272727272727	MNGNRWVG:0.2727272727272727	YTAYSSRD:0.2727272727272727	IGVATSDS:0.36363636363636365	IYYGSYYG:0.2727272727272727	GVATSDSP:0.36363636363636365	ELYTAYSS:0.2727272727272727	AIGVATSD:0.45454545454545453	DPYTQVEV:0.2727272727272727	GQDWIVYH:0.2727272727272727	PYGPFVDR:0.2727272727272727	YGPFVDRE:0.2727272727272727	SDPYTQVE:0.2727272727272727	PPVSCCHN:0.2727272727272727	YYGSYYGG:0.2727272727272727	YIYYGSYY:0.2727272727272727	PFVDREGV:0.2727272727272727	TFDYVRVY:0.2727272727272727	GWPVVRGG:0.2727272727272727	
