cluster number:220
GH43:15	GH43_34:13|CBM32:8|GH43:2
SDHPLGPW:0.2	YLYWGSGW:0.2	DYILYHRI:0.2	VGSEIWAG:0.2	QDYILYHR:0.2	YMYVSVGS:0.3333333333333333	LYWGSGLN:0.26666666666666666	YVSVGSEI:0.26666666666666666	GKFYMYVS:0.2	HMIDAEAF:0.4	MIDAEAFI:0.2	IDAEAFID:0.2	LGPWKNAK:0.2	MYVSVGSE:0.4666666666666667	TIDPWGGD:0.2	PLGPWKNA:0.26666666666666666	YATIDPWG:0.26666666666666666	YLYWGSGL:0.26666666666666666	ATIDPWGG:0.26666666666666666	GPGHHTVF:0.2	YHMIDAEA:0.3333333333333333	VSVGSEIW:0.26666666666666666	AYLYWGSG:0.6666666666666666	YWGSGLNW:0.26666666666666666	KPDMVTFD:0.2	VKLKPDMV:0.2	LKPDMVTF:0.2	PPHYFEAP:0.26666666666666666	GYYADPTI:0.26666666666666666	DMVTFDGE:0.2	DDDGQAYL:0.26666666666666666	PSVVKAPN:0.26666666666666666	TPPHYFEA:0.26666666666666666	YYADPTII:0.26666666666666666	QAYLYWGS:0.6	GQAYLYWG:0.6	NGKFYMYV:0.2	SVVKAPNG:0.26666666666666666	DGQAYLYW:0.6	VWAPSVVK:0.3333333333333333	PDMVTFDG:0.2	DDGQAYLY:0.26666666666666666	WAPSVVKA:0.3333333333333333	APSVVKAP:0.26666666666666666	GNPLLPGY:0.26666666666666666	YLYWGSGF:0.2	LTYSDGNT:0.2	WYMYVSVG:0.2	NPLLPGYF:0.3333333333333333	PRDVTPAN:0.2	PLLPGYFA:0.3333333333333333	SPGHHAIF:0.2	LPGYFADP:0.4666666666666667	RDVTPANY:0.2	TKDTYKVR:0.2	VTPANYFE:0.3333333333333333	FATIDPWG:0.2	PGYFADPS:0.4666666666666667	DDNYATLW:0.2	SKVWAPSV:0.2	LLPGYFAD:0.3333333333333333	DGNTTKDT:0.2	ISPGHHAI:0.2	SVGSEIWV:0.2	YSDGNTTK:0.2	KVWAPSVV:0.26666666666666666	DVTPANYF:0.3333333333333333	YFADPSIV:0.2	SDGNTTKD:0.2	APSPAGPW:0.2	GNTTKDTY:0.2	NTTKDTYK:0.2	TYSDGNTT:0.2	GYFADPSI:0.3333333333333333	DTYKVRYA:0.2	AADDNYAT:0.2	KDTYKVRY:0.2	TTKDTYKV:0.2	VGSEIWVG:0.2	YVSVGSEV:0.2	TPANYFEA:0.2	SVGSEVWV:0.2	PANYFEAP:0.2	VGSEVWVG:0.2	VSVGSEVW:0.2	ANYFEAPF:0.2	IYATIDPW:0.2	MIDAEAFV:0.2	IDAEAFVD:0.2	RKGLYYLM:0.2	
