cluster number:51
GH43:42	GH43_12:35|GH43:6|GH43_13:1|3.2.1.37:1|3.2.1.55:1
PSLFFDDD:0.40476190476190477	GIDPSLFF:0.5238095238095238	PAGPWSDP:0.2619047619047619	AEGIDPSL:0.23809523809523808	IDPSLFFD:0.5238095238095238	PDPSICRV:0.5	DPSICRVG:0.42857142857142855	EGIDPSLF:0.23809523809523808	SLFFDDDG:0.38095238095238093	DPSLFFDD:0.40476190476190477	PSICRVGE:0.2619047619047619	ITTNVSHG:0.21428571428571427	LSGFYPDP:0.23809523809523808	IFAPTIRY:0.23809523809523808	PGVPIFHS:0.21428571428571427	GFYPDPSI:0.3333333333333333	SGFYPDPS:0.30952380952380953	FYMITTNV:0.23809523809523808	AGGFVGCT:0.2619047619047619	AEGGTGPE:0.21428571428571427	GIFAPTIR:0.30952380952380953	FYPDPSIC:0.2857142857142857	SRGIFAPT:0.21428571428571427	EGGTGPEH:0.21428571428571427	SICRVGED:0.2619047619047619	YPDPSICR:0.2619047619047619	EYFPGLPI:0.2619047619047619	YFPGLPIY:0.21428571428571427	SSFEYFPG:0.21428571428571427	LGRETFLA:0.2619047619047619	FEYFPGLP:0.2619047619047619	YLMIAEGG:0.23809523809523808	YYLMIAEG:0.23809523809523808	EGPHLYKK:0.35714285714285715	GPHLYKKD:0.35714285714285715	LMIAEGGT:0.23809523809523808	PHLYKKDG:0.35714285714285715	PEGPHLYK:0.38095238095238093	PGIDPSLF:0.2619047619047619	KKDGYYYL:0.3333333333333333	YKKDGYYY:0.3333333333333333	KDGYYYLL:0.23809523809523808	LYKKDGYY:0.23809523809523808	VGEDFYLV:0.21428571428571427	EDFYLVTS:0.21428571428571427	GEDFYLVT:0.21428571428571427	HLYKKDGY:0.23809523809523808	RETFLAKV:0.23809523809523808	WPEGPHLY:0.2619047619047619	IWPEGPHL:0.23809523809523808	
