cluster number:190
GH43:17	GH43_17:17
GAWAPEVH:0.5294117647058824	SGHGMLFH:0.23529411764705882	QPWMVYAH:0.23529411764705882	YITDGPQL:0.23529411764705882	YYLFTTLH:0.23529411764705882	NARGKLYE:0.29411764705882354	GQPWMVYA:0.23529411764705882	GRLMMILH:0.23529411764705882	DSGHGMLF:0.5882352941176471	GYVQTYAV:0.23529411764705882	YAHEWLQT:0.35294117647058826	YVQTYAVS:0.23529411764705882	TRTYHLYT:0.23529411764705882	WMVYAHEW:0.4117647058823529	MPLHDPFV:0.23529411764705882	RYYLFTTL:0.23529411764705882	RLMMILHR:0.23529411764705882	TYHLYTSN:0.23529411764705882	ARGKLYEM:0.29411764705882354	MLWSTYEK:0.23529411764705882	MVYAHEWL:0.35294117647058826	LMTLDGTL:0.47058823529411764	RGKLYEMR:0.23529411764705882	VYAHEWLQ:0.5294117647058824	LLMLWSTY:0.29411764705882354	WAPEVHAW:0.23529411764705882	LMMILHRP:0.23529411764705882	GGYVQTYA:0.23529411764705882	LMLWSTYE:0.23529411764705882	GRYYLFTT:0.23529411764705882	PLHDPFVV:0.23529411764705882	PWMVYAHE:0.4117647058823529	HDPFVVAD:0.29411764705882354	PYITDGPQ:0.23529411764705882	LHDPFVVA:0.23529411764705882	RTYHLYTS:0.23529411764705882	MMILHRPF:0.23529411764705882	DGGWAPEV:0.23529411764705882	TLDGTLYV:0.23529411764705882	MTLDGTLY:0.29411764705882354	LDGTLYVD:0.23529411764705882	GGWAPEVH:0.29411764705882354	SGHGMLFR:0.29411764705882354	GKPWLVYA:0.29411764705882354	WAPEVHRW:0.23529411764705882	LLMLWSSY:0.35294117647058826	KPWLVYAH:0.29411764705882354	LMMVLHRP:0.23529411764705882	PWLVYAHE:0.4117647058823529	WLVYAHEW:0.4117647058823529	MTLDGTLH:0.23529411764705882	MMVLHRPF:0.23529411764705882	YVTDGPEL:0.23529411764705882	AFDGRLMM:0.23529411764705882	LMLWSSYG:0.29411764705882354	DGEAYPTH:0.23529411764705882	GQKQPEGD:0.23529411764705882	ELDGEAYP:0.23529411764705882	LDGEAYPT:0.23529411764705882	TLLMLWSS:0.35294117647058826	GTLLMLWS:0.35294117647058826	GTIEAIPL:0.23529411764705882	
