cluster number:147
GH43:6	GH43_26:6|CBM35:1
YSTRESWT:0.5	LYIAEMSN:0.3333333333333333	QRSGVLES:0.5	VWSGWEKN:0.3333333333333333	TRESWTPE:0.5	SNPWTISS:0.5	IIYSTRES:0.3333333333333333	WYIYYAAG:0.6666666666666666	SGPVFQGT:0.3333333333333333	PYIHQRSG:0.3333333333333333	STRESWTP:0.5	YAVWSGWE:0.5	GPLNLNEG:0.3333333333333333	GTGHASFT:0.3333333333333333	HQRSGVLE:0.3333333333333333	IHQRSGVL:0.3333333333333333	IAEMSNPW:0.3333333333333333	SWTPEYRL:0.5	PWEQGGPL:0.3333333333333333	KLYAVWSG:0.6666666666666666	RSGVLESV:0.5	YIAEMSNP:0.3333333333333333	PLNLNEGP:0.3333333333333333	WTPEYRLG:0.3333333333333333	GTIWAIDV:0.3333333333333333	QIWAPELH:0.5	YIHQRSGV:0.3333333333333333	WAIDVNVA:0.3333333333333333	PDQPWEQG:0.3333333333333333	RESWTPEY:0.5	YIYYAAGR:0.3333333333333333	QPWEQGGP:0.3333333333333333	FIIYSTRE:0.3333333333333333	MSNPWTIS:0.5	KSGPVFQG:0.3333333333333333	LYAVWSGW:0.5	EMSNPWTI:0.3333333333333333	GKLYAVWS:0.6666666666666666	DQPWEQGG:0.3333333333333333	VFIIYSTR:0.3333333333333333	ESWTPEYR:0.5	GGPLNLNE:0.3333333333333333	RWYIYYAA:0.3333333333333333	TIWAIDVN:0.3333333333333333	IYSTRESW:0.3333333333333333	SPDGKEWW:0.3333333333333333	AVWSGWEK:0.3333333333333333	IWAIDVNV:0.5	AEMSNPWT:0.3333333333333333	DDPQGEYV:0.3333333333333333	ESVTDDPQ:0.5	SGVLESVT:0.3333333333333333	SVTDDPQG:0.5	APELHYFN:0.3333333333333333	ASFTQSPD:0.3333333333333333	GHASFTQS:0.3333333333333333	WAPELHYF:0.3333333333333333	ADPWVIRH:0.3333333333333333	GADPWVIR:0.5	VTDDPQGE:0.3333333333333333	HASFTQSP:0.3333333333333333	LNEGPQFL:0.3333333333333333	GVLESVTD:0.3333333333333333	KWYIYYAA:0.3333333333333333	IWAPELHY:0.3333333333333333	VLESVTDD:0.5	RVKISSPD:0.3333333333333333	KGADPWVI:0.3333333333333333	TDDPQGEY:0.3333333333333333	LESVTDDP:0.5	VKISSPDQ:0.3333333333333333	KEWWIFYH:0.3333333333333333	
