cluster number:127
GH43:30	GH43_18:29|CBM66:2|GH51:2|CBM61:1|GH43:1
LFSYFKGN:0.23333333333333334	YNHRMYYT:0.2	FKGNGEDG:0.3333333333333333	KLMRDPCI:0.6	EDGLHLAY:0.3333333333333333	KGNGEDGL:0.3333333333333333	YWAEGPTV:0.23333333333333334	DGLHLAYS:0.5666666666666667	YFKGNGED:0.3333333333333333	NGEDGLHL:0.5	GNGEDGLH:0.5	SYFKGNGE:0.3	FSYFKGNG:0.3	GEDGLHLA:0.4666666666666667	YLFSYFKG:0.2	LHLAYSED:0.23333333333333334	RDPCIIKG:0.2	MRDPCIIK:0.2	YHMVWTVS:0.23333333333333334	LINWSEQQ:0.2	GLHLAYSE:0.23333333333333334	DLINWSEQ:0.3	HMVWTVSW:0.7	DYWAEGPT:0.2	ITGDYWAE:0.2	GDYWAEGP:0.2	HLAYSEDG:0.2	TGDYWAEG:0.2	LMRDPCII:0.6333333333333333	DKLMRDPC:0.6333333333333333	SKDLINWS:0.2	KDKLMRDP:0.36666666666666664	NTWAPEIT:0.26666666666666666	KGIGYASS:0.3333333333333333	YEPGFNVI:0.36666666666666664	EPGFNVID:0.36666666666666664	GKDKLMRD:0.26666666666666666	WAPEITYD:0.3	LYEPGFNV:0.2	GNYWAEGP:0.26666666666666666	YASSKDLI:0.23333333333333334	SKDLIHWS:0.2	YWAEGPTA:0.23333333333333334	GYASSKDL:0.26666666666666666	TGNYWAEG:0.23333333333333334	VYFDKYRD:0.2	GIGYASSK:0.26666666666666666	YYTTTKDF:0.2	TWAPEITY:0.26666666666666666	RNTWAPEI:0.3	LLYEPGFN:0.2	DKGIGYAS:0.26666666666666666	NYWAEGPT:0.26666666666666666	IGYASSKD:0.3	PGFNVIDA:0.3	RDPCIIRG:0.3	MFLKDETR:0.26666666666666666	YVMFLKDE:0.2	DGLFHMVW:0.26666666666666666	FHMVWTVS:0.4666666666666667	MRDPCIIR:0.3	LFHMVWTV:0.26666666666666666	VMFLKDET:0.26666666666666666	GLFHMVWT:0.26666666666666666	FNVIDATI:0.23333333333333334	GFNVIDAT:0.23333333333333334	WIVYFDKY:0.3333333333333333	YMIYWATT:0.26666666666666666	MIYWATTI:0.3	GTRHGTVF:0.2	ARNTWAPE:0.26666666666666666	YYVTTKDF:0.2	VWTVSWNE:0.2	PCIIRGGD:0.2	DPCIIRGG:0.2	MVWTVSWN:0.26666666666666666	CIIRGGDG:0.2	
