cluster number:185
GH43:12	GH43_8:11|CBM61:1|GH43_37:1
GDFADPSV:0.25	GVSCIGVA:0.3333333333333333	VSCIGVAT:0.25	YAVGTSSE:0.25	DRSPRPGL:0.25	SCIGVATS:0.3333333333333333	TWKAYGLD:0.6666666666666666	TSSEWAPH:0.25	WDRSPRPG:0.25	CIGVATSK:0.25	DGVSCIGV:0.3333333333333333	YGLDKRPI:0.25	AYGLDKRP:0.25	KAYGLDKR:0.25	GLDKRPIE:0.25	WKAYGLDK:0.3333333333333333	YYAVGTSS:0.25	AVGTSSEW:0.4166666666666667	ITWKAYGL:0.75	GSFWAPEL:0.4166666666666667	LYITWKAY:0.5	GQLYITWK:0.3333333333333333	MEGPWEKY:0.25	TMGSFWAP:0.4166666666666667	QLYITWKA:0.3333333333333333	WKCPGHGT:0.6666666666666666	MGSFWAPE:0.4166666666666667	FWAPELFY:0.4166666666666667	YITWKAYG:0.5	SFWAPELF:0.4166666666666667	WTMGSFWA:0.4166666666666667	WAPELFYR:0.3333333333333333	PGDFADPS:0.25	DFADPSII:0.4166666666666667	GKEAIDAF:0.25	FADPSIIR:0.4166666666666667	KEAIDAFV:0.3333333333333333	GDFADPSI:0.4166666666666667	VYYTARRK:0.25	TARRKSDG:0.25	YVYYTARR:0.25	YYTARRKS:0.25	GTSSEWGP:0.4166666666666667	YTARRKSD:0.25	LYSGNACC:0.25	YSGNACCG:0.25	MLYSGNAC:0.25	YMLYSGNA:0.25	RVGDTYYA:0.25	PIYTSKDL:0.25	FPIYTSKD:0.25	RYFYLHHA:0.3333333333333333	YFYLHHAY:0.3333333333333333	FYLHHAYN:0.3333333333333333	FLPRWDRA:0.25	LPRWDRAP:0.3333333333333333	YLHHAYNG:0.3333333333333333	KCPGHGTV:0.25	TSKDLVNW:0.25	GGAEGQAI:0.25	RQGVLSEL:0.3333333333333333	VGTSSEWG:0.3333333333333333	GRQGVLSE:0.3333333333333333	CPGHGTVV:0.25	IYTSKDLV:0.25	IEILGAEL:0.25	TGRQGVLS:0.25	EILGAELS:0.25	TSSEWGPA:0.25	YTSKDLVN:0.25	PRWDRAPR:0.3333333333333333	ILGAELSA:0.25	FITWKAYG:0.25	
