cluster number:122
GH43:27	GH43_2:26|CBM6:6|GH43:1
YVYASHDI:0.25925925925925924	YYFYFPHP:0.6296296296296297	IDPCVFVD:0.3333333333333333	VFSTDDMV:0.3333333333333333	GGFMWAPD:0.7777777777777778	HGSIVEYK:0.2222222222222222	HEATWVHK:0.2222222222222222	GFMWAPDC:0.5925925925925926	DPCVFVDD:0.3333333333333333	RLYVYASH:0.2962962962962963	GRLYVYAS:0.37037037037037035	YFYFPHPS:0.6296296296296297	MDRYHVFS:0.25925925925925924	GSIVEYKG:0.2222222222222222	ADPSAHVW:0.7037037037037037	DGRLYVYA:0.37037037037037035	YHVFSTDD:0.4074074074074074	WAPDCAYK:0.2962962962962963	NWTDHGEI:0.2222222222222222	YTADPSAH:0.6296296296296297	FYFPHPSG:0.4444444444444444	YFYYGGGG:0.2962962962962963	DFHEATWV:0.3333333333333333	HVFSTDDM:0.4074074074074074	FSTDDMVN:0.2962962962962963	FHEATWVH:0.2222222222222222	AYFYYGGG:0.2962962962962963	STDDMVNW:0.3333333333333333	RYHVFSTD:0.2222222222222222	MYTADPSA:0.2962962962962963	FMWAPDCA:0.4444444444444444	TADPSAHV:0.6666666666666666	MIDPCVFV:0.25925925925925924	WTDHGEIL:0.2222222222222222	EGGFMWAP:0.7037037037037037	MWAPDCAY:0.37037037037037035	LYVYASHD:0.2962962962962963	HMYTADPS:0.2962962962962963	DRYHVFST:0.2222222222222222	TNHGSIVE:0.2962962962962963	IYTADPSA:0.3333333333333333	PCVFVDDD:0.2962962962962963	WKIGVATS:0.5555555555555556	GTYYFYFP:0.5185185185185185	CVFVDDDG:0.2962962962962963	DGRLYVYP:0.3333333333333333	KGQWYAFY:0.2962962962962963	VDDDGQAY:0.48148148148148145	RLYVYPSH:0.3333333333333333	KLKDNMME:0.2962962962962963	YKGQWYAF:0.2222222222222222	GRLYVYPS:0.3333333333333333	KDNMMEID:0.2222222222222222	TYYFYFPH:0.5185185185185185	LKDNMMEI:0.2962962962962963	TWKIGVAT:0.4074074074074074	GQWYAFYH:0.2962962962962963	WLRSICVD:0.2962962962962963	VFVDDDGQ:0.4074074074074074	YYLSYSDN:0.4074074074074074	LYVYPSHD:0.4074074074074074	FVDDDGQA:0.48148148148148145	QWYAFYHN:0.2222222222222222	SPLGPWTY:0.2222222222222222	YVYPSHDI:0.2222222222222222	DLMDQYHV:0.2962962962962963	DHGEILRA:0.2222222222222222	DNMMEIDG:0.2222222222222222	VWADGRLY:0.2222222222222222	ADGRLYVY:0.2222222222222222	WGRPEGGF:0.2962962962962963	YFPHPSGT:0.25925925925925924	LSYSDNHD:0.3333333333333333	YLSYSDNH:0.3333333333333333	DDGQAYFY:0.25925925925925924	RPEGGFMW:0.2962962962962963	PEGGFMWA:0.2962962962962963	GRPEGGFM:0.2962962962962963	QAYFYYGG:0.2222222222222222	GQAYFYYG:0.2222222222222222	DDDGQAYF:0.25925925925925924	WADGRLYV:0.2222222222222222	DGQAYFYY:0.2222222222222222	KEGGFMWA:0.25925925925925924	GGKLKDNM:0.2962962962962963	GRKEGGFM:0.25925925925925924	WGRKEGGF:0.25925925925925924	PRGCDLMD:0.37037037037037035	PPRGCDLM:0.37037037037037035	CVDKLYYN:0.25925925925925924	RKEGGFMW:0.25925925925925924	KIGVATSK:0.3333333333333333	LMDRYHVF:0.2222222222222222	DLMDRYHV:0.25925925925925924	NGTYYFYF:0.37037037037037035	GCDLMDRY:0.25925925925925924	RGCDLMDR:0.2222222222222222	KNGTYYFY:0.2222222222222222	CDLMDRYH:0.25925925925925924	SICVDKLY:0.25925925925925924	EGLEDFHE:0.2222222222222222	RSICVDKL:0.2962962962962963	LRSICVDK:0.2962962962962963	GLEDFHEA:0.3333333333333333	MEGLEDFH:0.2222222222222222	PTDSYTNH:0.25925925925925924	TDSYTNHG:0.2962962962962963	DWLRSICV:0.2962962962962963	DSYTNHGS:0.2962962962962963	YTNHGSIV:0.3333333333333333	SYTNHGSI:0.3333333333333333	VEFKGQWY:0.2222222222222222	
