cluster number:130
GH43:33	GH43_18:33|GH28:1|3.2.1.55:1
GTFHLVWT:0.3333333333333333	PDGTFHLV:0.2727272727272727	YASSKDLI:0.45454545454545453	QGPDGTFH:0.21212121212121213	PQGHKHGT:0.21212121212121213	SKDLIHWS:0.5757575757575758	GPDGTFHL:0.2727272727272727	KDLIHWSE:0.45454545454545453	ASSKDLIH:0.3333333333333333	SSKDLIHW:0.3333333333333333	GYASSKDL:0.48484848484848486	DGTFHLVW:0.30303030303030304	DLIHWSEQ:0.3939393939393939	YYTTTKDF:0.30303030303030304	FGYASSKD:0.45454545454545453	GFGYASSK:0.45454545454545453	QGHKHGTI:0.21212121212121213	LDPGFSVI:0.2727272727272727	VLVLKDNT:0.5151515151515151	VNVWAPEI:0.3939393939393939	LVLKDNTR:0.6060606060606061	GFSVIDAV:0.2727272727272727	APEIFYDD:0.3939393939393939	YVLVLKDN:0.48484848484848486	KDYVLVLK:0.30303030303030304	TSFHEPAD:0.2727272727272727	TVNVWAPE:0.3939393939393939	HLVWTTSW:0.21212121212121213	TTVNVWAP:0.21212121212121213	DYVLVLKD:0.45454545454545453	VWAPEIFY:0.45454545454545453	DPGFSVID:0.42424242424242425	WAPEIFYD:0.42424242424242425	PGFSVIDA:0.30303030303030304	NVWAPEIF:0.45454545454545453	LFLDPGFS:0.2727272727272727	FLDPGFSV:0.2727272727272727	FTSFHEPA:0.42424242424242425	NRNLKVAF:0.21212121212121213	APELFYDD:0.2727272727272727	IIIWASTI:0.3939393939393939	DNTRPNRN:0.30303030303030304	WAPELFYD:0.3333333333333333	GHKHGTIF:0.3333333333333333	PEGHKHGT:0.48484848484848486	VWAPELFY:0.30303030303030304	YMFTSFHE:0.24242424242424243	TRPNRNLK:0.21212121212121213	EGLRYLYS:0.21212121212121213	PNRNLKVA:0.21212121212121213	KDNTRPNR:0.30303030303030304	MFTSFHEP:0.2727272727272727	LKDNTRPN:0.24242424242424243	RPNRNLKV:0.21212121212121213	NTRPNRNL:0.21212121212121213	IIWASTIP:0.48484848484848486	VNVWAPEL:0.2727272727272727	NVWAPELF:0.30303030303030304	VLKDNTRP:0.6363636363636364	EGHKHGTI:0.45454545454545453	EKNNHRMY:0.2727272727272727	SVIDAVIV:0.24242424242424243	YLFTSFRE:0.24242424242424243	FSVIDAVI:0.2727272727272727	LFTSFREP:0.2727272727272727	FTSFREPA:0.3333333333333333	EEEKNNHR:0.24242424242424243	VVNVWAPE:0.30303030303030304	TKDFKTFS:0.24242424242424243	TTKDFKTF:0.30303030303030304	LIHWSEQQ:0.24242424242424243	PGFSVIDC:0.21212121212121213	IWASTIPF:0.30303030303030304	GFSVIDCV:0.21212121212121213	HMVWTTDW:0.21212121212121213	TSFREPAT:0.24242424242424243	HRMYYVTT:0.21212121212121213	EGLYLAYS:0.21212121212121213	NNHRMYYV:0.21212121212121213	ASTIPFRF:0.21212121212121213	WASTIPFR:0.30303030303030304	SKIMRDPS:0.21212121212121213	LPEGHKHG:0.24242424242424243	YHMVWTTD:0.21212121212121213	KNNHRMYY:0.21212121212121213	NHRMYYVT:0.21212121212121213	YIIIWAST:0.30303030303030304	KIMRDPSI:0.21212121212121213	PEIFYDDE:0.24242424242424243	IDAVIVKR:0.21212121212121213	GDKGFGYA:0.21212121212121213	
