cluster number:173
GH43:13	GH43_32:13
YGVSYAVA:0.23076923076923078	YYCFYSGG:0.3076923076923077	YWAPEVAE:0.3076923076923077	YFADPFVL:0.6153846153846154	FADPFVLR:0.6153846153846154	RDYWAPEV:0.3076923076923077	GRFYMYYS:0.23076923076923078	FYSGGAWE:0.3076923076923077	WAPEVAEH:0.23076923076923078	DYWAPEVA:0.7692307692307693	GPGHNSVV:0.3076923076923077	CFYSGGAW:0.3076923076923077	GGRFYMYY:0.23076923076923078	IDASPFRD:0.23076923076923078	YCFYSGGA:0.23076923076923078	TLEGPFVL:0.3076923076923077	IDPHPFQA:0.23076923076923078	GHAVADHP:0.23076923076923078	PDEPFAID:0.38461538461538464	FHLLYSGG:0.3076923076923077	DEPFAIDP:0.38461538461538464	TILRASGD:0.23076923076923078	WHTLEGPF:0.38461538461538464	RQLHAAPL:0.3076923076923077	HTLEGPFV:0.38461538461538464	EPVPGANV:0.23076923076923078	GPWTEPVP:0.23076923076923078	PLGPWTEP:0.3076923076923077	LNLTPDEP:0.23076923076923078	RASGDWQR:0.23076923076923078	YGVGHAVA:0.3076923076923077	AIDPHPFQ:0.23076923076923078	WTEPVPGA:0.23076923076923078	ASGDWQRY:0.23076923076923078	PLHDMTRL:0.23076923076923078	LRASGDWQ:0.38461538461538464	NLTPDEPF:0.3076923076923077	HLLYSGGA:0.38461538461538464	QLHAAPLR:0.23076923076923078	DHPLGPWT:0.3076923076923077	DPHPFQAP:0.23076923076923078	DWHTLEGP:0.5384615384615384	PVPGANVL:0.23076923076923078	YDWHTLEG:0.38461538461538464	GPGHASVT:0.3076923076923077	LLYSGGAW:0.38461538461538464	PFAIDPHP:0.38461538461538464	HPFQAPDG:0.23076923076923078	VADHPLGP:0.5384615384615384	SGDWQRYQ:0.23076923076923078	APLHDMTR:0.23076923076923078	HAVADHPL:0.23076923076923078	ILRASGDW:0.23076923076923078	GVGHAVAD:0.23076923076923078	LGPWTEPV:0.23076923076923078	VGHAVADH:0.23076923076923078	ADHPLGPW:0.38461538461538464	LHAAPLRW:0.23076923076923078	HPLGPWTE:0.3076923076923077	VYDWHTLE:0.3076923076923077	VPGANVLR:0.23076923076923078	GLNLTPDE:0.23076923076923078	TPDEPFAI:0.38461538461538464	LHDMTRLG:0.23076923076923078	LTPDEPFA:0.38461538461538464	PWTEPVPG:0.23076923076923078	EPFAIDPH:0.38461538461538464	PHPFQAPD:0.23076923076923078	TEPVPGAN:0.23076923076923078	FAIDPHPF:0.46153846153846156	AVADHPLG:0.46153846153846156	LYSGGAWT:0.23076923076923078	YSGGAWTN:0.23076923076923078	HHLRVATA:0.23076923076923078	PGHASVTQ:0.23076923076923078	QDYWAPEV:0.23076923076923078	ADPFVLRH:0.23076923076923078	GYFADPFV:0.38461538461538464	EPRDYWAP:0.23076923076923078	AIDPHPFR:0.23076923076923078	PRDYWAPE:0.23076923076923078	LRVAVAEH:0.23076923076923078	YAVADHPL:0.23076923076923078	RVAVAEHP:0.23076923076923078	
