cluster number:159
GH43:12	GH43_5:12|CBM2:1
PGGQSVSG:0.25	TWYLYYSA:0.4166666666666667	DGTWYLYY:0.5	HDGTWYLY:0.4166666666666667	GTWYLYYS:0.4166666666666667	WYLYYSAS:0.5	NAIDAGVV:0.3333333333333333	YVYSTGNG:0.25	YYLFFSRD:0.3333333333333333	GPGGQSVS:0.4166666666666667	GWYYLFVS:0.4166666666666667	MAFGSFWG:0.25	CQGTDSTY:0.3333333333333333	CCQGTDST:0.3333333333333333	SCCQGTDS:0.25	AFGSFWGG:0.25	WMAFGSFW:0.3333333333333333	FGSFWGGI:0.4166666666666667	ALVVGDEG:0.25	YYSASTFG:0.5	GSFWGGIQ:0.3333333333333333	DGWPVATT:0.3333333333333333	DPALVVGD:0.25	YSASTFGS:0.4166666666666667	VGDEGEPW:0.25	STFGSNTS:0.3333333333333333	LATHDPAL:0.25	PALVVGDE:0.25	GDLATHDP:0.25	YLYYSAST:0.4166666666666667	HDPALVVG:0.25	ASTFGSNT:0.3333333333333333	DLATHDPA:0.25	DGWYYLFV:0.3333333333333333	ATHDPALV:0.25	LVVGDEGE:0.25	VVGDEGEP:0.25	LYYSASTF:0.4166666666666667	SASTFGSN:0.4166666666666667	APEVVEHD:0.25	LDPDDPDY:0.25	WAPEVVEH:0.25	TLDPDDPD:0.3333333333333333	PEVVEHDG:0.25	EVVEHDGT:0.25	RDGWYYLF:0.3333333333333333	GAPQIRRS:0.25	WYYLFFSR:0.25	QGTDSTYN:0.25	TTLDPDDP:0.3333333333333333	EHDGTWYL:0.3333333333333333	GWYYLFFS:0.25	NTTLDPDD:0.25	TNTTLDPD:0.25	IGPGGQSV:0.25	MIGPGGQS:0.25	SRDSCCQG:0.25	
