cluster number:78
GH43:37	GH43_22:24|GH43_34:22|GH43:4|GH51:2|CBM5:1|GH43_27:1|GH43_3:1
YLFVDEYG:0.24324324324324326	GNTWAPEA:0.4864864864864865	IATDLSIG:0.21621621621621623	LSIGSGTS:0.35135135135135137	VFWASSLY:0.21621621621621623	TKGLRDPF:0.21621621621621623	TDLSIGSG:0.35135135135135137	VVFWASSL:0.21621621621621623	GSGTSWGD:0.21621621621621623	DLSIGSGT:0.35135135135135137	TRDFVTFS:0.21621621621621623	IGSGTSWG:0.24324324324324326	YVVFWASS:0.21621621621621623	SIGSGTSW:0.24324324324324326	LFVDEYGG:0.24324324324324326	NAGNTWAP:0.2702702702702703	ATDLSIGS:0.35135135135135137	AGNTWAPE:0.4864864864864865	GTKGLRDP:0.21621621621621623	YHLTYSID:0.35135135135135137	SENYRVGY:0.43243243243243246	YSIDDTGS:0.4594594594594595	DDTGSENY:0.4594594594594595	LTYSIDDT:0.35135135135135137	AWAPTIIE:0.21621621621621623	IGVAVADS:0.32432432432432434	PWATGNAW:0.35135135135135137	ENYRVGYA:0.43243243243243246	VPGTDDWY:0.21621621621621623	SIDDTGSE:0.4594594594594595	TGNAWAPT:0.2702702702702703	IDDTGSEN:0.4594594594594595	YRVGYATA:0.40540540540540543	PGTDDWYI:0.21621621621621623	FYFSGHNP:0.21621621621621623	ATGNAWAP:0.35135135135135137	WATGNAWA:0.35135135135135137	GVAVADSP:0.35135135135135137	NYRVGYAT:0.4594594594594595	VGYATATS:0.21621621621621623	TGSENYRV:0.43243243243243246	NAWAPTII:0.21621621621621623	NVPWATGN:0.2972972972972973	GNVPWATG:0.2972972972972973	DTGSENYR:0.43243243243243246	GNAWAPTI:0.32432432432432434	GSENYRVG:0.43243243243243246	HLTYSIDD:0.35135135135135137	TYSIDDTG:0.4864864864864865	NGNVPWAT:0.21621621621621623	VPWATGNA:0.35135135135135137	HGTVLPIT:0.24324324324324326	GGRGYIPL:0.2702702702702703	VLPITAAE:0.21621621621621623	GLTDFREG:0.2972972972972973	GQAIDPAA:0.35135135135135137	VDEYGGRG:0.32432432432432434	PGLYADPN:0.35135135135135137	PEGPFTAQ:0.24324324324324326	TSGQAIDP:0.32432432432432434	IPGLYADP:0.21621621621621623	RFTKDEGA:0.21621621621621623	SPEGPFTA:0.2702702702702703	VTSGQAID:0.2972972972972973	EGPFTAQP:0.24324324324324326	SPRHGTVL:0.32432432432432434	KYYFYFSG:0.2702702702702703	TYYRFTKD:0.2972972972972973	TVLPITAA:0.21621621621621623	IINVPGTD:0.21621621621621623	EYGGRGYI:0.2702702702702703	RGYIPLET:0.21621621621621623	DEYGGRGY:0.32432432432432434	GKYYFYFS:0.2702702702702703	GRGYIPLE:0.21621621621621623	RHGTVLPI:0.24324324324324326	SGQAIDPA:0.3783783783783784	YYRFTKDE:0.35135135135135137	GTYYRFTK:0.24324324324324326	YRFTKDEG:0.32432432432432434	GLYADPNI:0.2972972972972973	QAIDPAAF:0.43243243243243246	SIINVPGT:0.21621621621621623	YGGRGYIP:0.2702702702702703	PRHGTVLP:0.35135135135135137	GTVLPITA:0.24324324324324326	GPWTYRGV:0.32432432432432434	WYIAYHRF:0.2972972972972973	PWTYRGVI:0.2702702702702703	WTYRGVIL:0.2702702702702703	KTIGVAVA:0.21621621621621623	TIGVAVAD:0.21621621621621623	FVDEYGGR:0.21621621621621623	RDPFIIRS:0.21621621621621623	
