cluster number:31
GH43:44	GH43_5:43|GH43_30:1|3.2.1.99:1|3.2.1.-:1
FGKNTSAI:0.5227272727272727	WNAIDPNL:0.25	GKNTSAIG:0.5227272727272727	SAFGKNTS:0.6590909090909091	AFGKNTSA:0.5	MWNAIDPN:0.20454545454545456	KNTSAIGV:0.5454545454545454	EAPFIFKK:0.2727272727272727	NTSAIGVA:0.29545454545454547	NHIWAPDI:0.2727272727272727	WNAIDPNI:0.36363636363636365	RDMWNAID:0.22727272727272727	DMWNAIDP:0.22727272727272727	TSAIGVAT:0.20454545454545456	NAIDPNII:0.3181818181818182	AKQVSIHD:0.25	KQVSIHDP:0.25	KKDDYYYL:0.22727272727272727	SIHDPVMA:0.2727272727272727	EWHTLAKL:0.22727272727272727	STGPGITY:0.22727272727272727	GSFWQGLK:0.22727272727272727	YKKDDYYY:0.20454545454545456	APFIYKKD:0.20454545454545456	WMSFGSFW:0.5227272727272727	NTSAIGVT:0.25	FIYKKDDY:0.20454545454545456	VNKTLDKN:0.20454545454545456	VFHAYESA:0.25	KAWPGLGH:0.20454545454545456	WHTLAKLE:0.20454545454545456	AWNAIDPN:0.20454545454545456	GTPWMSFG:0.29545454545454547	DDYYYLFV:0.25	HLWAPDII:0.29545454545454547	AQGGGSVL:0.22727272727272727	PWMSFGSF:0.4090909090909091	GKDMAQGG:0.22727272727272727	YLFSTGPG:0.36363636363636365	VSYGLCCR:0.22727272727272727	KDDYYYLF:0.22727272727272727	IDPNIIVD:0.20454545454545456	SVSAFGKN:0.45454545454545453	FSTGPGIT:0.4090909090909091	GTKAWPGL:0.20454545454545456	YLVFHAYE:0.2727272727272727	TSAIGVTV:0.20454545454545456	PFIYKKDD:0.20454545454545456	TLAKLERP:0.20454545454545456	TGPGITYY:0.22727272727272727	VSIHDPVM:0.29545454545454547	AIDPNIIV:0.20454545454545456	TKAWPGLG:0.20454545454545456	KDMAQGGG:0.22727272727272727	MAQGGGSV:0.22727272727272727	KPEEWHTL:0.20454545454545456	PGLGHNSV:0.22727272727272727	NKTLDKNS:0.20454545454545456	GLGHNSVY:0.2727272727272727	VTGPYLDK:0.2727272727272727	IEAPFIYK:0.25	IYKKDDYY:0.20454545454545456	YYLFSTGP:0.29545454545454547	LFSTGPGI:0.36363636363636365	YSVSAFGK:0.45454545454545453	YLYYSVSA:0.5227272727272727	TPWMSFGS:0.3181818181818182	DDSTYHLA:0.22727272727272727	MSFGSFWQ:0.22727272727272727	DAWNAIDP:0.20454545454545456	SAIGVTVN:0.20454545454545456	FWQGLKLV:0.22727272727272727	FYLYYSVS:0.3409090909090909	WPGLGHNS:0.25	RDAWNAID:0.20454545454545456	GKDYLVFH:0.25	FGSFWQGL:0.22727272727272727	KDYLVFHA:0.25	WAPDIIEH:0.20454545454545456	PEEWHTLA:0.20454545454545456	HDPVMAKE:0.25	DPNIIVDE:0.20454545454545456	SFGSFWQG:0.22727272727272727	HTLAKLER:0.20454545454545456	YYSVSAFG:0.45454545454545453	WQGLKLVK:0.22727272727272727	VSAFGKNT:0.5	FHAYESAD:0.25	KTLDKNSK:0.20454545454545456	YYLFVSYG:0.25	IHDPVMAK:0.22727272727272727	QVSIHDPV:0.2727272727272727	LWAPDIIE:0.2727272727272727	LFVSYGLC:0.22727272727272727	EEWHTLAK:0.20454545454545456	EAPFIYKK:0.2727272727272727	GHLWAPDI:0.36363636363636365	SFWQGLKL:0.22727272727272727	YLFVSYGL:0.22727272727272727	QGLKLVKL:0.22727272727272727	FNGHLWAP:0.3181818181818182	DMAQGGGS:0.22727272727272727	QGGGSVLL:0.22727272727272727	GLKLVKLN:0.2727272727272727	DYYYLFVS:0.29545454545454547	LYYSVSAF:0.5227272727272727	NGHLWAPD:0.29545454545454547	AWPGLGHN:0.20454545454545456	DYLVFHAY:0.3409090909090909	LVFHAYES:0.25	FVSYGLCC:0.22727272727272727	YYYLFVSY:0.25	AIEAPFIF:0.20454545454545456	HIWAPDIS:0.20454545454545456	GPYLDKEG:0.20454545454545456	TGPYLDKE:0.20454545454545456	LDKEGKDM:0.20454545454545456	YLDKEGKD:0.20454545454545456	PYLDKEGK:0.20454545454545456	
