cluster number:118
GH43:12	GH43_26:12
ASACWSDD:0.5	APELHRLD:0.25	ATFTNPLL:0.3333333333333333	GKRYFVYS:0.4166666666666667	GGRQILEG:0.75	SDDYALGL:0.5	IWAPELHR:0.75	DGKWYLYY:0.3333333333333333	ATGHNGFF:0.5833333333333334	GPKGDLFL:0.3333333333333333	AGIDGTVF:0.25	DDYALGLL:0.5	YATGHNGF:0.5	GRQILEGP:0.75	FLTYSASA:0.4166666666666667	SACWSDDY:0.9166666666666666	HRLDGKWY:0.25	KRYFVYSP:0.5	CWSDDYAL:0.5	RQILEGPE:0.75	WSDDYALG:0.5	QGGRQILE:0.6666666666666666	LHRLDGKW:0.25	ELHRLDGK:0.25	SASACWSD:0.5	ILEGPEFL:1.0	DLFLTYSA:0.3333333333333333	GDLFLTYS:0.5	WAPELHRL:0.3333333333333333	KGDLFLTY:0.25	QILEGPEF:0.75	LFLTYSAS:0.3333333333333333	YSASACWS:0.5	RYFVYSPY:0.5	LDGKWYLY:0.25	LTYSASAC:0.4166666666666667	TYSASACW:0.4166666666666667	VYATGHNG:0.5	ACWSDDYA:0.9166666666666666	PELHRLDG:0.25	WIVYHANP:0.3333333333333333	PKGDLFLT:0.25	GVYATGHN:0.3333333333333333	SIWAPELH:0.6666666666666666	AAGHDDDA:0.25	AAAAGHDD:0.25	SPYVGPDS:0.3333333333333333	YYTAAAAG:0.25	YFVYSPYV:0.4166666666666667	SDDYAIGL:0.4166666666666667	GHDDDAHR:0.5	PLLPSGPD:0.4166666666666667	HDDDAHRG:0.3333333333333333	CWSDDYAI:0.4166666666666667	SGSACWSD:0.4166666666666667	YAPGHNGF:0.4166666666666667	TNPLLPSG:0.3333333333333333	YSGSACWS:0.4166666666666667	AAAGHDDD:0.25	VYSPYVGP:0.3333333333333333	GVYAPGHN:0.25	GPEFLRGP:0.25	GSACWSDD:0.4166666666666667	PELHRIDG:0.25	FVYSPYVG:0.4166666666666667	NPLLPSGP:0.3333333333333333	YTAAAAGH:0.25	APGHNGFF:0.4166666666666667	LPSGPDPW:0.4166666666666667	RQGGRQIL:0.5	DDYAIGLL:0.4166666666666667	WAPELHRI:0.4166666666666667	FTNPLLPS:0.25	YSPYVGPD:0.3333333333333333	PGHNGFFT:0.25	LLPSGPDP:0.4166666666666667	VYAPGHNG:0.4166666666666667	WSDDYAIG:0.4166666666666667	KWYLYYTA:0.25	PSGPDPWI:0.25	AGHDDDAH:0.4166666666666667	EGPEFLRG:0.25	WERQGGRQ:0.3333333333333333	EFLRGPKG:0.25	APELHRID:0.25	TGIDGTTF:0.25	PEFLRGPK:0.25	LEGPEFLR:0.25	ERQGGRQI:0.5	TAAAAGHD:0.25	GKWYLYYT:0.25	DAHRGVFV:0.25	AHRGVFVL:0.25	PYVGPDSV:0.25	SGPDPWIV:0.5	GPDPWIVR:0.3333333333333333	DDAHRGVF:0.25	RGVFVLEN:0.4166666666666667	PDSVLAIV:0.25	WYIYYTAA:0.3333333333333333	HRGVFVLE:0.25	TWIVYHAN:0.25	VGPDSVLA:0.25	YVGPDSVL:0.25	GPDSVLAI:0.4166666666666667	EWIDRGRV:0.25	YALGLLHA:0.25	GEWIDRGR:0.4166666666666667	GHNGFFTT:0.25	NGDLFLTY:0.25	TGHNGFFT:0.25	DYALGLLH:0.25	GPNGDLFL:0.25	PNGDLFLT:0.25	KGEWIDRG:0.3333333333333333	GPEFLKGP:0.25	PDPWIVRD:0.25	TYSGSACW:0.25	LFLTYSGS:0.25	FLTYSGSA:0.25	LTYSGSAC:0.25	EGPEFLKG:0.25	YIYYTAAA:0.25	PWIVRDGR:0.25	DPWIVRDG:0.25	LEGPEFLK:0.25	
