cluster number:112
GH43:12	GH43_30:12
LLWKNDGN:0.5	DLYAVGYA:0.3333333333333333	LSADGLKL:0.3333333333333333	DGLKLTGK:0.25	TWLAYHAW:0.4166666666666667	YLLYSAGP:0.4166666666666667	PENPILVS:0.25	LWKNDGNC:0.5	VIEAPTLY:0.3333333333333333	KAPENPIL:0.25	GLKLTGKA:0.25	GPGHQTVV:0.25	GGVYYLLY:0.3333333333333333	SADGLKLT:0.25	ADGLKLTG:0.3333333333333333	ENPILVSK:0.3333333333333333	GRTWAPEV:0.25	APENPILV:0.25	ASGRQCIG:0.3333333333333333	YYLLYSAG:0.4166666666666667	DSDLYAVG:0.3333333333333333	GGSIDASP:0.5833333333333334	VAGPGHQT:0.25	SDLYAVGY:0.3333333333333333	GVYYLLYS:0.3333333333333333	YLLWKNDG:0.5	SGRQCIGV:0.25	PLSADGLK:0.25	LYAVGYAT:0.25	LAYHAWTA:0.25	GSIDASPF:0.5833333333333334	WKNDGNCC:0.6666666666666666	RQCIGVAT:0.25	QCIGVATA:0.25	QPLSADGL:0.3333333333333333	NVIEAPTL:0.3333333333333333	LWEGNVIE:0.5	NPILVSKG:0.3333333333333333	GRQCIGVA:0.25	WLAYHAWT:0.3333333333333333	AGPGHQTV:0.25	GNVIEAPT:0.4166666666666667	IEAPTLYR:0.3333333333333333	EGGSIDAS:0.3333333333333333	VYYLLYSA:0.25	EGNVIEAP:0.5	WEGNVIEA:0.5	LLYSAGPF:0.3333333333333333	NDGNCCNQ:0.4166666666666667	YSAGPFDS:0.3333333333333333	LYSAGPFD:0.3333333333333333	KNDGNCCN:0.5833333333333334	SGRQCIGA:0.3333333333333333	GRQCIGAA:0.25	IDASPFVD:0.25	SAGPFDSD:0.25	SIDASPFV:0.25	NFPDPFIL:0.3333333333333333	AGPFDSDL:0.25	GLTWAPEV:0.25	GPFDSDLY:0.25	ALWEGNVI:0.25	PGLTWAPE:0.25	KYYLFYSA:0.25	FPDPFILR:0.25	RYLYWKND:0.3333333333333333	GFTWAPEV:0.25	YLYWKNDG:0.3333333333333333	LYWKNDGN:0.3333333333333333	VAGPGGQG:0.25	GQRYLYWK:0.25	EGNLIEAP:0.25	WEGNLIEA:0.25	DGQRYLYW:0.25	QRYLYWKN:0.25	
