cluster number:184
GH43:104	GH43_10:103|GH43:1|CBM6:1|3.2.1.55:1
AGSRAGIK:0.23076923076923078	EDWFLHFQ:0.2403846153846154	NGPHQGAW:0.6538461538461539	FAPAGGVA:0.21153846153846154	HSKDLVNW:0.5480769230769231	VNGPHQGA:0.2403846153846154	KRNGYYYI:0.4807692307692308	PAGGVATG:0.20192307692307693	ADYSDPDA:0.28846153846153844	YYIFAPAG:0.4326923076923077	GSRAGIKS:0.23076923076923078	PDPDFGIY:0.2403846153846154	GGVATGWQ:0.21153846153846154	EGPKFYKR:0.47115384615384615	QHGNGVWA:0.4326923076923077	GRVVHLQP:0.25	FYKRNGYY:0.40384615384615385	DWFLHFQD:0.2692307692307692	SKDLVNWT:0.20192307692307693	RNGYYYIF:0.3942307692307692	NGYYYIFA:0.3173076923076923	PKFYKRNG:0.3557692307692308	YIYYPDPD:0.22115384615384615	TGWQLVLR:0.20192307692307693	GPHQGAWV:0.5961538461538461	EFYIYYPD:0.20192307692307693	GYYYIFAP:0.38461538461538464	IFAPAGGV:0.4326923076923077	YYYIFAPA:0.3942307692307692	YIFAPAGG:0.4326923076923077	GPKFYKRN:0.38461538461538464	HGNGVWAP:0.4326923076923077	YPDPDFGI:0.25	IDPCPLWD:0.22115384615384615	RVVHLQPM:0.21153846153846154	FYIYYPDP:0.20192307692307693	KFYKRNGY:0.40384615384615385	YKRNGYYY:0.5384615384615384	LHSKDLVN:0.5480769230769231	GLPILHSK:0.4230769230769231	YADYSDPD:0.3269230769230769	VGDDFYMT:0.22115384615384615	IEGPKFYK:0.22115384615384615	LPILHSKD:0.4519230769230769	PILHSKDL:0.36538461538461536	ADYSDPDV:0.5769230769230769	RVGDDFYM:0.22115384615384615	TIEGPKFY:0.22115384615384615	DFYMTASS:0.23076923076923078	GGVPTGWQ:0.2403846153846154	LYADYSDP:0.27884615384615385	PAGGVPTG:0.25961538461538464	DDFYMTAS:0.20192307692307693	ILHSKDLV:0.5096153846153846	AGGVPTGW:0.2403846153846154	FYMTASSF:0.2403846153846154	PGLPILHS:0.5769230769230769	YMTASSFN:0.375	AYGRVVHL:0.23076923076923078	INGPHQGA:0.41346153846153844	YGRVVHLQ:0.2403846153846154	VPNLLLQK:0.2692307692307692	PNLLLQKF:0.3173076923076923	NLLLQKFP:0.3269230769230769	LLLQKFPA:0.3076923076923077	NGPHQGGW:0.25	YYMTASSF:0.25	HADYSDPD:0.36538461538461536	TYKKPNVG:0.25	VHLQPMKW:0.3076923076923077	PHQGAWVD:0.2692307692307692	HQGAWVDT:0.25961538461538464	NPVLYADY:0.21153846153846154	VHAYAGSR:0.23076923076923078	HLQPMKWV:0.23076923076923078	PVLYADYS:0.21153846153846154	YKKPNVGK:0.25	VLYADYSD:0.21153846153846154	HAYAGSRA:0.21153846153846154	KNIYGPYE:0.3076923076923077	GRIVHLQP:0.23076923076923078	YGRIVHLQ:0.21153846153846154	LHADYSDP:0.23076923076923078	VWAPSIRY:0.21153846153846154	WAPSIRYH:0.20192307692307693	AYAGSRAG:0.25	GVWAPSIR:0.28846153846153844	RSKNIYGP:0.2980769230769231	LRSKNIYG:0.25961538461538464	GNGVWAPS:0.21153846153846154	WIGAKVGL:0.21153846153846154	DPDFGIYM:0.20192307692307693	GPHQGGWV:0.22115384615384615	SKNIYGPY:0.2980769230769231	LQWQWHAN:0.20192307692307693	GLQWQWHA:0.20192307692307693	LGLQWQWH:0.20192307692307693	DYSDPDVC:0.22115384615384615	KWIGAKVG:0.28846153846153844	GKWIGAKV:0.27884615384615385	PQHGNGVW:0.22115384615384615	YIYWGDPD:0.25961538461538464	
