cluster number:143
GH43:12	GH43_5:12
SCIGHATK:0.3333333333333333	SFDACCRG:0.25	YYLFVSFD:0.4166666666666667	TPWLVFGS:0.4166666666666667	VFGSFWSG:0.25	GSFWSGIK:0.3333333333333333	LVFGSFWS:0.25	NGAPTLRI:0.25	YYSASTFG:0.4166666666666667	DDWNAIDP:0.4166666666666667	RFGDTYHL:0.25	RGTDSTYK:0.25	GALEAPFI:0.25	APDISRFG:0.25	GTDSTYKI:0.25	GTPWLVFG:0.4166666666666667	VSFDACCR:0.25	TGPYVDKE:0.25	PFIVRRCG:0.25	GPYVDKEG:0.25	EAPFIVRR:0.25	CCRGTDST:0.25	RCGFYYLF:0.25	ISRFGDTY:0.25	WRGPGHNA:0.4166666666666667	DTYHLYYS:0.25	SRFGDTYH:0.25	DISRFGDT:0.25	YSASTFGS:0.5	FGDTYHLY:0.25	FYYLFVSF:0.25	PWLVFGSF:0.5	GFYYLFVS:0.25	DSTYKIAV:0.4166666666666667	NAIDPNVA:0.25	YHLYYSAS:0.4166666666666667	LEAPFIVR:0.25	HLYYSAST:0.4166666666666667	GDTYHLYY:0.3333333333333333	GNLGTHDP:0.3333333333333333	TYHLYYSA:0.25	VRRCGFYY:0.25	ALEAPFIV:0.25	RRCGFYYL:0.25	CGFYYLFV:0.25	PTLRISEL:0.25	GAPTLRIS:0.25	RDDWNAID:0.25	ITGPYVDK:0.25	FGSFWSGI:0.25	RGPGHNAV:0.4166666666666667	WLVFGSFW:0.5	CRGTDSTY:0.25	APFIVRRC:0.25	STYKIAVG:0.5	IVRRCGFY:0.25	PDISRFGD:0.25	WAPDISRF:0.25	LWAPDISR:0.25	WNAIDPNV:0.25	FIVRRCGF:0.25	LYYSASTF:0.4166666666666667	RWRGPGHN:0.4166666666666667	DWNAIDPN:0.3333333333333333	TYKIAVGR:0.5	FVSFDACC:0.25	SASTFGSN:0.25	YKIAVGRS:0.3333333333333333	LGTHDPAI:0.25	NLGTHDPA:0.25	AGTPWLVF:0.25	SASTFGSQ:0.25	GPGHNAVL:0.3333333333333333	PGHNAVLF:0.3333333333333333	SRWRGPGH:0.25	CIGHATKA:0.25	
