cluster number:171
GH43:54	GH43_10:48|CBM2:7|CBM6:6|GH43_16:6|CBM22:5|GH10:3|GH62:1|GH43:1|CBM13:1
MGYRFALF:0.25925925925925924	HFMGYRFA:0.24074074074074073	RIPYLVPV:0.5740740740740741	VGRIPYLV:0.6111111111111112	STTMHMSP:0.35185185185185186	GRIPYLVP:0.6111111111111112	PGVPIMKS:0.4074074074074074	YGRGSWAS:0.48148148148148145	NTLTQRTF:0.24074074074074073	FMGYRFAL:0.25925925925925924	GAVGRIPY:0.42592592592592593	TTMHMSPG:0.35185185185185186	SLFFDDDG:0.2037037037037037	GRGSWASS:0.35185185185185186	LTQRTFGP:0.3148148148148148	RNTLTQRT:0.5	TLTQRTFG:0.24074074074074073	AVGRIPYL:0.42592592592592593	HDHSLFFD:0.2037037037037037	ALPLVWQW:0.2777777777777778	PGLPIMKS:0.24074074074074073	FMGYRFGL:0.5	YMSSTTMH:0.7777777777777778	AEGSQLFK:0.5555555555555556	IDTPDGKW:0.2037037037037037	FKVNGKYY:0.24074074074074073	PLVWQWNH:0.5555555555555556	LGVAQGGL:0.2037037037037037	RGSWASSL:0.3148148148148148	KGLIPGIV:0.24074074074074073	DFAGLSLL:0.2222222222222222	KDGDFAGL:0.25925925925925924	GVAQGGLI:0.5555555555555556	AGLSLLQK:0.2222222222222222	QLFKVNGK:0.24074074074074073	QDLGVAQG:0.2037037037037037	IPHFMGYR:0.25925925925925924	SKGLIPGI:0.2037037037037037	NPDNSLWS:0.2222222222222222	SQLFKVNG:0.24074074074074073	RADKITGP:0.25925925925925924	WNHNPDNS:0.2777777777777778	HFMGYRFG:0.5185185185185185	GDFAGLSL:0.2777777777777778	WASSLRYH:0.2777777777777778	LPLVWQWN:0.5370370370370371	FAGLSLLQ:0.2222222222222222	KVNGKYYL:0.25925925925925924	GGLPAEGS:0.2037037037037037	HRADKITG:0.25925925925925924	TIPHFMGY:0.24074074074074073	DHSLFFDD:0.2037037037037037	WPRGGMRT:0.2777777777777778	GSQLFKVN:0.25925925925925924	NTLTQRTI:0.4074074074074074	LFKVNGKY:0.24074074074074073	HNPDNSLW:0.2222222222222222	GLIDTPDG:0.35185185185185186	LPAEGSQL:0.3888888888888889	YYMSSTTM:0.7592592592592593	AQGGLIDT:0.48148148148148145	GKYYLFNI:0.5	TYYMSSTT:0.5925925925925926	SWASSLRY:0.2962962962962963	VWQWNHNP:0.6666666666666666	VNGKYYLF:0.2037037037037037	GGLIDTPD:0.35185185185185186	TLTQRTIG:0.4074074074074074	VAQGGLID:0.5	LVWQWNHN:0.6481481481481481	EGSQLFKV:0.37037037037037035	NGKYYLFN:0.35185185185185186	PHFMGYRF:0.5740740740740741	PAEGSQLF:0.3888888888888889	YTIPHFMG:0.24074074074074073	MGYRFGLF:0.48148148148148145	NHNPDNSL:0.2222222222222222	QGGLIDTP:0.48148148148148145	WQWNHNPD:0.5370370370370371	SPGLPIMK:0.2037037037037037	PRGGMRTV:0.2777777777777778	LLQKNYGL:0.2037037037037037	ARNTLTQR:0.3888888888888889	QWNHNPDN:0.4444444444444444	GLPAEGSQ:0.3148148148148148	DLGVAQGG:0.2037037037037037	GSWASSLR:0.4074074074074074	TYGRGSWA:0.3333333333333333	MSSTTMHM:0.6666666666666666	MKDGDFAG:0.24074074074074073	SSTTMHMS:0.2962962962962963	GYRFGLFN:0.37037037037037035	YTLPHFMG:0.25925925925925924	LPHFMGYR:0.25925925925925924	LQDKGVAQ:0.24074074074074073	DKGVAQGG:0.2777777777777778	TLPHFMGY:0.25925925925925924	LTQRTIGP:0.46296296296296297	KGVAQGGL:0.2777777777777778	QDKGVAQG:0.25925925925925924	EDGWPVLG:0.2037037037037037	YRFALFNY:0.2037037037037037	WEDGWPVL:0.2037037037037037	PYLVPVKW:0.24074074074074073	IPYLVPVK:0.2037037037037037	YLVPVKWE:0.2222222222222222	GYRFALFN:0.2222222222222222	PIMKSKDL:0.3333333333333333	SKDLVNWE:0.25925925925925924	IMKSKDLV:0.24074074074074073	VPIMKSKD:0.24074074074074073	ENASAPAG:0.2222222222222222	LIENASAP:0.2037037037037037	GVPIMKSK:0.24074074074074073	MKSKDLVN:0.3333333333333333	KSKDLVNW:0.3333333333333333	TTMHMNPG:0.2777777777777778	SSTTMHMN:0.2777777777777778	GDTYYMSS:0.35185185185185186	VGDTYYMS:0.3148148148148148	RVGDTYYM:0.35185185185185186	DTYYMSST:0.3888888888888889	STTMHMNP:0.2777777777777778	YYLFNISW:0.2222222222222222	YRFGLFNY:0.35185185185185186	FGLFNYAT:0.2962962962962963	RFGLFNYA:0.35185185185185186	YLFNISWP:0.2222222222222222	IRVGDTYY:0.2037037037037037	GGYVDFDY:0.2037037037037037	
