cluster number:167
GH43:113	GH43_29:103|CBM6:96|CBM22:7|GH43_16:6|CBM2:5|CBM13:4|GH43:3|CE1:3|CBM42:2|3.2.1.37:2|3.2.1.55:2|CBM1:1|CBM64:1|GH43_10:1
TGPWTYRG:0.39823008849557523	YFFYHNGA:0.5221238938053098	FIDDDGQA:0.37168141592920356	HNGALPGG:0.5309734513274337	QAYLYWGN:0.6106194690265486	DDDGQAYL:0.4778761061946903	YLYWGNPN:0.37168141592920356	GALPGGGG:0.37168141592920356	GQAYLYWG:0.584070796460177	PTVFIDDD:0.3185840707964602	EGPWLYKR:0.21238938053097345	SFTNHPGI:0.21238938053097345	KVKGVAFG:0.21238938053097345	IDPTVFID:0.39823008849557523	LYWGNPNL:0.336283185840708	DGQAYLYW:0.45132743362831856	FFYHNGAL:0.5221238938053098	FYHNGALP:0.5486725663716814	SYFFYHNG:0.4778761061946903	DPTVFIDD:0.37168141592920356	NGALPGGG:0.35398230088495575	YHNGALPG:0.5309734513274337	IDDDGQAY:0.4424778761061947	DDGQAYLY:0.4247787610619469	VFIDDDGQ:0.336283185840708	AYLYWGNP:0.5575221238938053	TVFIDDDG:0.3008849557522124	MVNWTDHG:0.5486725663716814	PTGPFRDA:0.2831858407079646	DMVNWTDH:0.5486725663716814	YTADPAPL:0.2920353982300885	SPTGPFRD:0.2831858407079646	DSPTGPFR:0.25663716814159293	GKFYWYVP:0.24778761061946902	RNGKFYWY:0.35398230088495575	NGKFYWYV:0.30973451327433627	TADPAPLV:0.3185840707964602	ADPAPLVH:0.23008849557522124	ALPGGGGF:0.23008849557522124	ADNPIVQT:0.21238938053097345	EGPWVYKR:0.2831858407079646	VYLYTGHD:0.2920353982300885	RQEAETIA:0.24778761061946902	EEGPWVYK:0.23008849557522124	PLTTAGFG:0.24778761061946902	NGDYIKVK:0.2743362831858407	VAVSDSPT:0.25663716814159293	IPLTTAGF:0.23008849557522124	VNWTDHGS:0.37168141592920356	GPWTYRGT:0.2743362831858407	IYTADPAP:0.2743362831858407	WTDHGSPL:0.23893805309734514	DYIKVKGV:0.2743362831858407	GDYIKVKG:0.2831858407079646	QEAETIAW:0.23893805309734514	IGVAVSDS:0.3185840707964602	SDSPTGPF:0.34513274336283184	VSDSPTGP:0.336283185840708	GRVYLYTG:0.25663716814159293	AVSDSPTG:0.25663716814159293	LTTAGFGT:0.20353982300884957	LYTGHDED:0.3185840707964602	TTAGFGTR:0.20353982300884957	GVAVSDSP:0.3274336283185841	YLYTGHDE:0.34513274336283184	NWTDHGSP:0.3893805309734513	RVYLYTGH:0.23893805309734514	TADPAPMV:0.26548672566371684	YTADPAPM:0.24778761061946902	RPTLYEEG:0.26548672566371684	PTLYEEGP:0.2831858407079646	TLYEEGPW:0.30973451327433627	LYEEGPWV:0.23893805309734514	KGNSYFFY:0.20353982300884957	GNSYFFYH:0.24778761061946902	SPTGPFKD:0.21238938053097345	DSPTGPFK:0.21238938053097345	PTGPWTYR:0.35398230088495575	AIGVAVSD:0.20353982300884957	PGPTGPWT:0.21238938053097345	GPTGPWTY:0.23893805309734514	SSADMVNW:0.22123893805309736	SADMVNWT:0.20353982300884957	ADMVNWTD:0.23008849557522124	YWGNPNLW:0.22123893805309736	
