cluster number:225
GH43:13	GH43_34:13
YLSYSHGR:0.23076923076923078	VGPQNPTP:0.5384615384615384	NGPDYSVH:0.23076923076923078	DYSVHYAT:0.23076923076923078	EGAFMHER:0.3076923076923077	TPSRIGVA:0.5384615384615384	GPGHHSFV:0.23076923076923078	AFMHERGG:0.3076923076923077	GNGFEAID:0.3076923076923077	GGNGFEAI:0.3076923076923077	EAIDPMVF:0.5384615384615384	PQNPTPSR:0.5384615384615384	GSAGAKLR:0.38461538461538464	LVTGGNGF:0.23076923076923078	NPTPSRIG:0.46153846153846156	FPTGGPGG:0.23076923076923078	YAGGSAGA:0.6153846153846154	GFEAIDPM:0.46153846153846156	QNPTPSRI:0.46153846153846156	LYYSVGPQ:0.23076923076923078	GPQNPTPS:0.5384615384615384	NGFEAIDP:0.3076923076923077	SVGPQNPT:0.5384615384615384	VTGGNGFE:0.23076923076923078	TEGAFMHE:0.3076923076923077	GAFMHERG:0.3076923076923077	FTEGAFMH:0.6923076923076923	YSVHYATS:0.23076923076923078	GPDYSVHY:0.23076923076923078	YYSVGPQN:0.38461538461538464	AGGSAGAK:0.38461538461538464	PLVTGGNG:0.23076923076923078	FEAIDPMV:0.5384615384615384	YLYYSVGP:0.23076923076923078	GGSAGAKL:0.38461538461538464	SAGAKLRV:0.3076923076923077	YYLSYSHG:0.38461538461538464	YSVGPQNP:0.38461538461538464	HQGPGHHS:0.23076923076923078	AGAKLRVW:0.23076923076923078	TGGNGFEA:0.3076923076923077	PTPSRIGV:0.46153846153846156	PDYSVHYA:0.23076923076923078	YYLSYSSG:0.23076923076923078	PCTDSGKP:0.3076923076923077	YLYAGGSA:0.6153846153846154	ATAPSPTG:0.23076923076923078	TPPHFTEG:0.23076923076923078	KGFEAIDP:0.23076923076923078	GGKGFEAI:0.23076923076923078	TDSGKPLV:0.3076923076923077	DSGKPLVT:0.3076923076923077	HYATAPSP:0.23076923076923078	DPAVFVDP:0.23076923076923078	YIAYHRWE:0.23076923076923078	CTDSGKPL:0.3076923076923077	LYAGGSAG:0.6153846153846154	PPHFTEGA:0.3076923076923077	TAPSPTGP:0.23076923076923078	GPCTDSGK:0.3076923076923077	WIGDDGAP:0.23076923076923078	HFTEGAFM:0.23076923076923078	VHYATAPS:0.23076923076923078	WYIAYHRW:0.23076923076923078	SGKPLVTG:0.3076923076923077	TGGKGFEA:0.23076923076923078	GKPLVTGG:0.3076923076923077	AIDPAVFV:0.23076923076923078	GADPDIEA:0.3076923076923077	YATAPSPT:0.23076923076923078	ADPDIEAA:0.3076923076923077	FEAIDPAV:0.3076923076923077	AYHRWEGQ:0.23076923076923078	IAYHRWEG:0.23076923076923078	GKGFEAID:0.23076923076923078	YLSYSSGS:0.23076923076923078	IDPAVFVD:0.23076923076923078	PHFTEGAF:0.3076923076923077	GFEAIDPA:0.3076923076923077	APSPTGPW:0.23076923076923078	EAIDPAVF:0.3076923076923077	RYRGAILT:0.23076923076923078	GVYYLSYS:0.3076923076923077	SYSVHYAT:0.23076923076923078	PWRYRGAI:0.23076923076923078	PSRIGVAV:0.23076923076923078	WRYRGAIL:0.23076923076923078	VYYLSYSH:0.23076923076923078	GPWRYRGA:0.23076923076923078	TYLYAGGS:0.23076923076923078	NFTEGAFM:0.3076923076923077	PPNFTEGA:0.38461538461538464	SPTGPWRY:0.23076923076923078	YSVHYATA:0.23076923076923078	TPPNFTEG:0.3076923076923077	PNFTEGAF:0.38461538461538464	LRVFELND:0.23076923076923078	KGPGHHSF:0.3076923076923077	YFYAGGSA:0.23076923076923078	VFELNDDM:0.23076923076923078	YFYYSVGP:0.38461538461538464	YAGGSAGS:0.23076923076923078	WYIVYHRW:0.23076923076923078	RVFELNDD:0.23076923076923078	FYYSVGPK:0.23076923076923078	FYAGGSAG:0.23076923076923078	FKGPGHHS:0.23076923076923078	GPGHHSFF:0.23076923076923078	WYFYYSVG:0.23076923076923078	KTPYLYAG:0.23076923076923078	TPYLYAGG:0.23076923076923078	REVPVETP:0.23076923076923078	PYLYAGGS:0.23076923076923078	AGATLRVW:0.23076923076923078	GSAGATLR:0.23076923076923078	SAGATLRV:0.23076923076923078	GGSAGATL:0.23076923076923078	AGGSAGAT:0.23076923076923078	
