cluster number:8
GH43:102	GH43_12:96|GH43:5|GH43_30:1
PDGSWWMV:0.20588235294117646	EVAGGFTG:0.5490196078431373	GIYAPTLR:0.22549019607843138	YLSTEVAG:0.46078431372549017	TEVAGGFT:0.5392156862745098	YAPTLRHH:0.39215686274509803	FEYFPGVP:0.38235294117647056	LGRETFLA:0.29411764705882354	SFEYFPGV:0.37254901960784315	PTLRHHDG:0.46078431372549017	STEVAGGF:0.5	LSTEVAGG:0.47058823529411764	APTLRHHD:0.46078431372549017	GRETFLAP:0.28431372549019607	RETFLAPV:0.28431372549019607	RYLSTEVA:0.6078431372549019	SSFEYFPG:0.5098039215686274	TGHADLVQ:0.29411764705882354	PEAPHLYR:0.39215686274509803	ATDPAGPW:0.3235294117647059	TDPAGPWS:0.3333333333333333	DPSVCRVG:0.3431372549019608	APHLYRIG:0.3137254901960784	EAPHLYRI:0.3431372549019608	PDPSVCRV:0.3431372549019608	TATDPAGP:0.3137254901960784	GGFTGRVI:0.30392156862745096	PGWHVLGR:0.24509803921568626	IDPDLAWD:0.5392156862745098	DLAWDEDG:0.2647058823529412	GIDPDLAW:0.6372549019607843	HVLGRETF:0.45098039215686275	LACSSFEY:0.21568627450980393	QNTGHADL:0.43137254901960786	RVGDDYYL:0.3333333333333333	HSRDLVHW:0.28431372549019607	DPDLAWDE:0.3235294117647059	APEAPHLY:0.21568627450980393	LDGRYLST:0.45098039215686275	NTGHADLV:0.43137254901960786	GWHVLGRE:0.24509803921568626	TGRVIGMY:0.3137254901960784	PDLAWDED:0.2549019607843137	YLACSSFE:0.21568627450980393	GFTGRVIG:0.43137254901960786	PGIDPDLA:0.21568627450980393	PHLYRIGD:0.2549019607843137	PDPSICRV:0.21568627450980393	FTGRVIGM:0.3137254901960784	VQNTGHAD:0.28431372549019607	GRVIGMYA:0.2647058823529412	WHVLGRET:0.27450980392156865	DGSWWMVL:0.20588235294117646	PAGPWSDP:0.2549019607843137	IPGFHPDP:0.23529411764705882	DPSICRVG:0.20588235294117646	PGFHPDPS:0.3235294117647059	VAGGFTGR:0.5196078431372549	GSWWMVLL:0.20588235294117646	PVQNTGHA:0.2647058823529412	FHSRDLVH:0.24509803921568626	HPDPSICR:0.20588235294117646	DGRYLSTE:0.5784313725490197	AGGFTGRV:0.4117647058823529	MVLLGVRP:0.21568627450980393	GRYLSTEV:0.5980392156862745	VLGRETFL:0.39215686274509803	DPAGPWSD:0.3137254901960784	CRVGDDYY:0.3235294117647059	CSSFEYFP:0.4019607843137255	LIAEGGTE:0.3333333333333333	GTERGHAV:0.21568627450980393	LRHHDGRF:0.38235294117647056	HPDPSVCR:0.30392156862745096	WYLLIAEG:0.3333333333333333	AEGGTERG:0.46078431372549017	PSVCRVGD:0.20588235294117646	YLLIAEGG:0.3333333333333333	RHHDGRFW:0.3431372549019608	LLIAEGGT:0.3333333333333333	GFHPDPSV:0.28431372549019607	FHPDPSVC:0.2647058823529412	EGGTERGH:0.5	GGTERGHA:0.2549019607843137	IAEGGTER:0.4215686274509804	TLRHHDGR:0.38235294117647056	IGNVLDRP:0.23529411764705882	FVGRRQQH:0.2549019607843137	LVCSSFEY:0.27450980392156865	YLVCSSFE:0.27450980392156865	VCSSFEYF:0.2549019607843137	QIGNVLDR:0.2647058823529412	LAELDGRY:0.2549019607843137	AELDGRYL:0.2549019607843137	ELDGRYLS:0.20588235294117646	DYYLVCSS:0.2549019607843137	YYLVCSSF:0.27450980392156865	VCRVGDDY:0.20588235294117646	GVYAPTLR:0.20588235294117646	HHDGRFWL:0.23529411764705882	TGHADLVE:0.2549019607843137	
