cluster number:175
GH43:53	GH43_22:42|GH43_34:29|CBM42:6|CBM13:2|GH43:1
YRVAYATG:0.20754716981132076	MWSENDTR:0.20754716981132076	GVAVADSP:0.2830188679245283	YLYPTTDG:0.20754716981132076	GTGHHSVV:0.2641509433962264	GRGYVPFE:0.3018867924528302	YRFTKDER:0.3018867924528302	EGPTVFKS:0.24528301886792453	DEFGGRGY:0.32075471698113206	GNTWAPEA:0.5471698113207547	PTVFKSNT:0.24528301886792453	PASPRHGT:0.33962264150943394	EFGGRGYV:0.20754716981132076	GGRGYVPF:0.33962264150943394	VPFETTDL:0.32075471698113206	RGYVPFET:0.37735849056603776	PFETTDLA:0.20754716981132076	GYVPFETT:0.3584905660377358	TAGNTWAP:0.3584905660377358	GEGPTVFK:0.24528301886792453	ASPRHGTV:0.33962264150943394	VFWASKLY:0.4716981132075472	LPASPRHG:0.33962264150943394	IDEFGGRG:0.20754716981132076	RGEGPTVF:0.2641509433962264	GPTVFKSN:0.24528301886792453	YYRFTKDE:0.3018867924528302	AGNTWAPE:0.5471698113207547	TVFKSNTE:0.20754716981132076	FIDEFGGR:0.20754716981132076	YVPFETTD:0.33962264150943394	SPRHGTVL:0.2830188679245283	PRHGTVLP:0.4716981132075472	FGGRGYVP:0.20754716981132076	FYLIATDL:0.2641509433962264	HGTVLPVT:0.4339622641509434	SVIDSTVI:0.2641509433962264	YLFIDEYG:0.24528301886792453	WYLFIDEY:0.24528301886792453	DPFVIRSP:0.24528301886792453	ETTDLDSG:0.22641509433962265	NTWAPEAY:0.2830188679245283	GQMIDPAV:0.2830188679245283	IDPAVFTD:0.2830188679245283	YFTGEGTA:0.24528301886792453	TDLVHWTD:0.20754716981132076	GPFKDALG:0.20754716981132076	WESTDLVH:0.2830188679245283	FWASKLYA:0.32075471698113206	TWAPEAYW:0.20754716981132076	EGTADGEQ:0.20754716981132076	PFETTDLD:0.22641509433962265	EKGLRDPF:0.32075471698113206	STDLVHWT:0.2641509433962264	TFSEPKVW:0.20754716981132076	GKYYFYFC:0.22641509433962265	GGDGTHRE:0.24528301886792453	DPGYSVID:0.33962264150943394	PAVFTDDD:0.24528301886792453	GYSVIDST:0.41509433962264153	ESTDLVHW:0.2830188679245283	YVVFWASK:0.4528301886792453	DGTHRETT:0.24528301886792453	VVFWASKL:0.4528301886792453	PGYSVIDS:0.33962264150943394	FTGEGTAD:0.20754716981132076	FIDEYGGR:0.20754716981132076	QMIDPAVF:0.2641509433962264	KGLRDPFV:0.20754716981132076	MIDPAVFT:0.24528301886792453	GDGTHRET:0.2830188679245283	HGVILDLG:0.20754716981132076	AVFTDDDG:0.24528301886792453	KYYFYFCA:0.22641509433962265	GLRDPFVI:0.20754716981132076	DEYGGRGY:0.22641509433962265	GEKGLRDP:0.32075471698113206	WAPEAYWD:0.22641509433962265	KWYLFIDE:0.2830188679245283	TGEGTADG:0.20754716981132076	LRDPFVIR:0.20754716981132076	GEGTADGE:0.20754716981132076	AYVVFWAS:0.22641509433962265	RDPFVIRS:0.24528301886792453	FETTDLDS:0.22641509433962265	IDEYGGRG:0.20754716981132076	DPAVFTDD:0.24528301886792453	YSVIDSTV:0.33962264150943394	IMVWESTD:0.32075471698113206	MMYATTRD:0.2641509433962264	NRMMYATT:0.2641509433962264	AYHRFAIP:0.20754716981132076	LPGLNADP:0.22641509433962265	GTVLPVTQ:0.2830188679245283	RMMYATTR:0.2641509433962264	SIMVWEST:0.3018867924528302	RHGTVLPV:0.41509433962264153	MVWESTDL:0.39622641509433965	MYATTRDF:0.2641509433962264	YNRMMYAT:0.22641509433962265	VWESTDLV:0.4716981132075472	YLIATDLR:0.20754716981132076	SPEGDKFY:0.2830188679245283	RSPEGDKF:0.3018867924528302	NTWAPEAF:0.20754716981132076	PDTAGNTW:0.20754716981132076	DTAGNTWA:0.20754716981132076	IRSPEGDK:0.2641509433962264	WYIAYHRF:0.22641509433962265	TQAEYDRL:0.20754716981132076	RDPFIIRS:0.20754716981132076	DPFIIRSP:0.20754716981132076	PGGDGTHR:0.20754716981132076	
