cluster number:68
GH43:32	GH43_3:32
IRNLPIHR:0.46875	GPYVDKNG:0.25	LWAPDINK:0.4375	SFRGIYGI:0.21875	CGIGCATA:0.25	GGLWAPDI:0.34375	INVQNSID:0.25	AGTAYEGT:0.46875	TEDIRNLP:0.34375	YEGTYIHK:0.46875	FVGTGHNS:0.4375	FGPYVDKN:0.25	EINVQNSI:0.25	VQNSIDPF:0.46875	NPVIDYSL:0.21875	RNLPIHRS:0.46875	CEGLNSTY:0.25	QNSIDPFY:0.46875	APDINKIG:0.46875	SFVGTGHN:0.21875	GTGHNSEI:0.46875	NSIDPFYI:0.53125	EGRVLMMD:0.21875	VGTGHNSE:0.4375	LPIHRSKD:0.34375	GLNSTYTT:0.25	RSENLFGP:0.21875	PVIDYSLP:0.21875	VIDYSLPD:0.21875	YYYLYATE:0.3125	RGIYGIEL:0.21875	LFWGSFRG:0.5	LNSTYTTV:0.25	IDYSLPDP:0.21875	PDINKIGD:0.40625	DIRNLPIH:0.3125	EGLNSTYT:0.25	SLPDPTII:0.28125	TAYEGTYI:0.46875	NLPIHRSK:0.4375	NEINVQNS:0.25	YVLYYSMS:0.4375	GLWAPDIN:0.375	FRGIYGIE:0.21875	LYATEDIR:0.375	VAGTAYEG:0.46875	EWTCGIGC:0.25	YLYATEDI:0.4375	ENLFGPYV:0.21875	GTAYEGTY:0.46875	IGCATADK:0.25	NVQNSIDP:0.25	SIDPFYIE:0.53125	EDIRNLPI:0.34375	TCGIGCAT:0.25	WGSFRGIY:0.5625	MFRSNEIN:0.21875	GEWTCGIG:0.59375	EGTYIHKK:0.3125	GGEWTCGI:0.59375	FRSNEINV:0.25	AYEGTYIH:0.46875	DGYYYLYA:0.3125	WAPDINKI:0.46875	WTCGIGCA:0.25	GSFRGIYG:0.21875	GHNSEIVT:0.40625	YATEDIRN:0.375	ATEDIRNL:0.34375	QVAGTAYE:0.4375	WGGEWTCG:0.625	TGHNSEIV:0.375	RSNEINVQ:0.25	HNSEIVTD:0.40625	SNEINVQN:0.25	CCEGLNST:0.25	PEGRVLMM:0.25	GYYYLYAT:0.3125	NSTYTTVV:0.21875	DWVFYHAV:0.25	LFGPYVDK:0.5	GIGCATAD:0.25	FWGSFRGI:0.53125	SENLFGPY:0.21875	IDPFYIED:0.46875	EWTCGIGV:0.3125	VWGGEWTC:0.4375	EIGVQNSI:0.21875	SVWGGEWT:0.4375	YSMSVWGG:0.4375	PFTDHGKL:0.25	STYTTVVG:0.5	EGPFTDHG:0.34375	SDDGLSLK:0.25	ELSDDGLS:0.34375	TYTTVVGR:0.5	GKKYLFWG:0.53125	GPFTDHGK:0.4375	FASIGSCC:0.25	PDINYING:0.21875	MSVWGGEW:0.4375	PEGPFTDH:0.34375	TTVVGRSE:0.21875	WTCGIGVA:0.3125	IELSDDGL:0.25	LSDDGLSL:0.25	YYSMSVWG:0.4375	KKYLFWGS:0.5625	FYLYATED:0.375	LYYSMSVW:0.28125	TCGIGVAT:0.375	APDINYIN:0.21875	KYVLYYSM:0.28125	NGKYVLYY:0.21875	KYLFWGSF:0.5625	YLFWGSFR:0.375	FTDHGKLF:0.21875	WAPDINYI:0.28125	VLYYSMSV:0.28125	IGVQNSID:0.21875	YTTVVGRS:0.5	SMSVWGGE:0.4375	GGKKYLFW:0.34375	FYIEDGGK:0.25	WGSFHGIY:0.21875	DPFYIEDG:0.28125	EDGGKKYL:0.28125	IEDGGKKY:0.25	GIWAPDIN:0.21875	DGGKKYLF:0.28125	PFYIEDGG:0.28125	YIEDGGKK:0.25	CEGLKSTY:0.34375	PVINYSLP:0.21875	DHGKLFRS:0.21875	VINYSLPD:0.21875	NYSLPDPT:0.21875	KLFRSNEI:0.375	LKSTYTTV:0.3125	YYLFASIG:0.28125	YYYLFASI:0.25	PDPTVIKA:0.3125	TDHGKLFR:0.21875	EGLKSTYT:0.3125	KSTYTTVV:0.34375	NPVINYSL:0.21875	ADKPEGPF:0.3125	GLKSTYTT:0.3125	KPEGPFTD:0.375	QQVAGTAY:0.21875	RPTFEPKG:0.25	NSEIVTDD:0.21875	FVGPGHNS:0.21875	SLPDPTVI:0.28125	CCEGLKST:0.34375	GYYYLFAS:0.25	GKLFRSNE:0.375	DKPEGPFT:0.375	TRPTFEPK:0.28125	NPEGRVLM:0.21875	INYSLPDP:0.21875	HGKLFRSN:0.21875	TTVVGRSK:0.25	LPDPTVIK:0.21875	IDPFYIEE:0.25	LFRSNEIG:0.21875	FRSNEIGV:0.21875	GKMFRSNE:0.21875	ATADKPEG:0.3125	TADKPEGP:0.3125	KMFRSNEI:0.21875	CGIGVATA:0.28125	GIGVATAD:0.25	GSFRGIYA:0.21875	FRGIYAIE:0.21875	SFRGIYAI:0.21875	GYFYLYAT:0.25	DGYFYLYA:0.25	YFYLYATE:0.21875	
