cluster number:0
GH43:786	GH43_11:779|3.2.1.37:17|3.2.1.55:4|GH43:3|GH43_12:3|3.2.1.-:2|GH43_14:1
NGVGFDAS:0.21882951653944022	IATSTFEW:0.38676844783715014	YYIATSTF:0.35877862595419846	QTWDHREY:0.2480916030534351	FEWFPGVR:0.35877862595419846	FHDDDGRK:0.3994910941475827	HPFDGITL:0.2366412213740458	VGFDASLF:0.21882951653944022	LFHDDDGR:0.40966921119592875	ATSTFEWF:0.26463104325699743	STFEWFPG:0.6628498727735369	VEGPHLYK:0.21501272264631044	GRETAIQK:0.32951653944020354	TSTFEWFP:0.2697201017811705	KQGHGALV:0.23282442748091603	SLFHDDDG:0.43765903307888043	QQTWDHRE:0.2480916030534351	GEWYYASL:0.27608142493638677	YGGFFTGA:0.23918575063613232	FDASLFHD:0.36259541984732824	TFEWFPGV:0.6463104325699746	WNTLRVPF:0.21755725190839695	GFDASLFH:0.3638676844783715	YIATSTFE:0.3791348600508906	QKQGHGAL:0.23918575063613232	GVGFDASL:0.21755725190839695	LGRETAIQ:0.4592875318066158	LVEGPHLY:0.26208651399491095	PFDGITLT:0.23536895674300254	FDGITLTE:0.25190839694656486	GFNPDPSI:0.40076335877862596	HDDDGRKY:0.27353689567430023	MAGLTNYY:0.20737913486005088	VQQTWDHR:0.2430025445292621	FNPDPSIC:0.28880407124681934	FDPSLFHD:0.44274809160305345	PSLFHDDD:0.2480916030534351	WLVYTDVK:0.28498727735368956	DYYIATST:0.3231552162849873	WAPCLSYA:0.2010178117048346	NSSGFDPS:0.3256997455470738	GFDPSLFH:0.45674300254452926	GIWAPCLS:0.21246819338422393	PGVQIHHS:0.30661577608142493	NPDPSICR:0.27608142493638677	SSGFDPSL:0.3104325699745547	PDPSICRV:0.227735368956743	DPSICRVG:0.23027989821882952	DPSLFHDD:0.25699745547073793	SGFDPSLF:0.3244274809160305	FWLVYTDV:0.2862595419847328	FWLIYTDV:0.20610687022900764	LNSSGFDP:0.2099236641221374	CPLGRETA:0.21246819338422393	WLIYTDVK:0.20737913486005088	FFTGAFVG:0.49872773536895676	YYLLTAEG:0.2595419847328244	GFFTGAFV:0.5	FTGAFVGM:0.2506361323155216	LLTAEGGT:0.2697201017811705	GGFFTGAF:0.4033078880407125	PLGRETAI:0.23027989821882952	YLLTAEGG:0.2684478371501272	GVWAPCLS:0.20737913486005088	EWFPGVQI:0.23282442748091603	FEWFPGVQ:0.2366412213740458	RGYCPLGR:0.23536895674300254	YCPLGRET:0.24173027989821882	GYCPLGRE:0.2366412213740458	FTGAFVGL:0.3320610687022901	YLFAAQGG:0.20737913486005088	EWYYASLC:0.24936386768447838	WDHREYHH:0.20610687022900764	PGVRLHES:0.2099236641221374	AQGGTVFT:0.2010178117048346	HREYHHPF:0.2010178117048346	FTHQEVVA:0.22519083969465647	GTVFTHQE:0.22391857506361323	QEVVARSK:0.21755725190839695	GVRLHESK:0.2010178117048346	YASLCARP:0.2099236641221374	ASLCARPW:0.20737913486005088	VVARSKTL:0.20483460559796438	LFAAQGGT:0.20865139949109415	THQEVVAR:0.2430025445292621	WYYASLCA:0.21374045801526717	TGAFVGLA:0.20483460559796438	GGTVFTHQ:0.22391857506361323	TYYIANST:0.22137404580152673	NSTFEWFP:0.20865139949109415	YYASLCAR:0.21246819338422393	ANSTFEWF:0.20865139949109415	HQEVVARS:0.2430025445292621	AAQGGTVF:0.20229007633587787	VRLHESKD:0.2010178117048346	TVFTHQEV:0.22264631043256997	FAAQGGTV:0.20610687022900764	YYYLFAAQ:0.20610687022900764	IANSTFEW:0.21501272264631044	VFTHQEVV:0.22137404580152673	YYIANSTF:0.22137404580152673	YIANSTFE:0.21501272264631044	YYLFAAQG:0.20865139949109415	DTYYIANS:0.21755725190839695	EVVARSKT:0.20483460559796438	
