cluster number:72
GH33:22	GH33:22|CBM40:1
GRLVVPAN:0.3181818181818182	LVVPANHS:0.3181818181818182	RLVVPANH:0.3181818181818182	YHTFRIPA:0.4090909090909091	VGARVDGI:0.22727272727272727	QGEHAGRL:0.22727272727272727	GARVDGIN:0.22727272727272727	RVGARVDG:0.2727272727272727	GYHTFRIP:0.4090909090909091	LAFAEGRV:0.2727272727272727	DIDLVLKR:0.2727272727272727	SSDGGETF:0.2727272727272727	TQGEHAGR:0.22727272727272727	LLAFAEGR:0.5454545454545454	GDIDLVLK:0.2727272727272727	TTSSDGGE:0.3181818181818182	GEHAGRLV:0.2727272727272727	TGIRVGAR:0.22727272727272727	IRVGARVD:0.22727272727272727	TSSDGGET:0.2727272727272727	IDLVLKRS:0.3181818181818182	WHHVALVR:0.22727272727272727	GIRVGARV:0.22727272727272727	SDGGETFD:0.2727272727272727	NPSPVVDP:0.2727272727272727	YDTFRIPA:0.3181818181818182	AGRLVVPA:0.22727272727272727	EGYDTFRI:0.22727272727272727	DSGDIDLV:0.2727272727272727	HAGRLVVP:0.2727272727272727	TGPVHAIA:0.3181818181818182	PAAYSDLV:0.22727272727272727	ATGPVHAI:0.3181818181818182	SGDIDLVL:0.2727272727272727	WRWYATGP:0.4090909090909091	FAEGRRDG:0.22727272727272727	DNGPNTFG:0.3181818181818182	DTFRIPAI:0.2727272727272727	GYDTFRIP:0.3181818181818182	GPNTFGNP:0.3181818181818182	LAFAEGRR:0.2727272727272727	TEGYDTFR:0.22727272727272727	AFAEGRRD:0.22727272727272727	RWYATGPV:0.3181818181818182	GNPSPVVD:0.2727272727272727	VGDNGPNT:0.3181818181818182	SGTEGYDT:0.22727272727272727	GDNGPNTF:0.3181818181818182	GPVHAIAL:0.3181818181818182	VVGDNGPN:0.3181818181818182	YATGPVHA:0.3181818181818182	NGPNTFGN:0.3181818181818182	GTEGYDTF:0.22727272727272727	WYATGPVH:0.3181818181818182	TLLAFAEG:0.2727272727272727	IDLVLRRS:0.2727272727272727	GDIDLVLR:0.22727272727272727	GTLLAFAE:0.22727272727272727	LQVVGDNG:0.22727272727272727	DIDLVLRR:0.22727272727272727	TWGPLQVV:0.22727272727272727	IVLLSTHN:0.22727272727272727	
