cluster number:96
GH33:11	GH33:11
TAPNGDLI:0.45454545454545453	GDIGVFFE:0.2727272727272727	SASDPSMI:0.6363636363636364	DFKFITSG:0.8181818181818182	LFGSDDHG:0.2727272727272727	LIAAIDER:0.36363636363636365	NASIIRYT:0.2727272727272727	NGDLIAAI:0.45454545454545453	PNGDLIAA:0.45454545454545453	ASDPSMIV:0.6363636363636364	KDFKFITS:0.2727272727272727	FKFITSGR:0.7272727272727273	PADESKVI:0.2727272727272727	APNGDLIA:0.45454545454545453	IDERVPSC:0.2727272727272727	VRISYDEG:0.2727272727272727	IETVVDFP:0.2727272727272727	KFITSGRG:0.7272727272727273	DLIAAIDE:0.36363636363636365	SDPSMIVD:0.6363636363636364	GDLIAAID:0.45454545454545453	NGDIGVFF:0.2727272727272727	GKSASDPS:0.36363636363636365	EGKTWSEG:0.2727272727272727	DEGKTWSE:0.2727272727272727	SYDEGKTW:0.45454545454545453	CGDLKWSK:0.36363636363636365	IDPGCNAS:0.2727272727272727	DLKWSKDI:0.36363636363636365	KSSDNGKT:0.2727272727272727	NGKTWSKP:0.45454545454545453	GDLKWSKD:0.36363636363636365	RRSSDNGK:0.2727272727272727	GKTWSEGK:0.2727272727272727	LKWSKDIN:0.36363636363636365	SSDNGKTW:0.36363636363636365	IRRSSDNG:0.2727272727272727	KTWSEGKT:0.2727272727272727	DNGKTWSK:0.5454545454545454	ITSGRGIQ:0.45454545454545453	IVTAPNGD:0.2727272727272727	FITSGRGI:0.45454545454545453	ISYDEGKT:0.2727272727272727	DPGCNASI:0.36363636363636365	SDNGKTWS:0.36363636363636365	VTAPNGDL:0.45454545454545453	KSASDPSM:0.36363636363636365	YDEGKTWS:0.36363636363636365	LIDPGCNA:0.2727272727272727	CYRIPAIV:0.2727272727272727	DINIVIRR:0.2727272727272727	KWSKDINI:0.2727272727272727	LLHCMVNL:0.2727272727272727	VPSCGDLK:0.2727272727272727	VFGSKDHG:0.2727272727272727	VSCYRIPA:0.2727272727272727	NRLLFSNA:0.2727272727272727	KDHGKSWF:0.2727272727272727	GSKDHGKS:0.2727272727272727	SKDHGKSW:0.2727272727272727	PSCGDLKW:0.2727272727272727	RVPSCGDL:0.2727272727272727	INIVIRRS:0.2727272727272727	SCGDLKWS:0.2727272727272727	TSGRGIQT:0.36363636363636365	FGSKDHGK:0.2727272727272727	KNRLLFSN:0.2727272727272727	VFLFYNYM:0.2727272727272727	SHDKGKTW:0.2727272727272727	NDFKFITS:0.36363636363636365	EVFLFYNY:0.2727272727272727	ISHDKGKT:0.2727272727272727	SGRGIQTS:0.2727272727272727	FLFYNYMN:0.2727272727272727	
