cluster number:73
GH33:11	GH33:11
PNPNSGID:0.45454545454545453	LPNPNSGI:0.36363636363636365	RYPCWNPV:0.36363636363636365	YPCWNPVL:0.45454545454545453	PCWNPVLF:0.2727272727272727	EFSYPAII:0.36363636363636365	FSYPAIIQ:0.2727272727272727	SGIDAVTL:0.2727272727272727	NSGIDAVT:0.2727272727272727	GPNPREWW:0.2727272727272727	GEFSYPAI:0.36363636363636365	GDLDLLCG:0.2727272727272727	WFGGTKEG:0.2727272727272727	DLDLLCGE:0.2727272727272727	LLCGSSTE:0.2727272727272727	DGDLDLLC:0.2727272727272727	DGFTYFEN:0.2727272727272727	LRYPCWNP:0.2727272727272727	TLKDGRHL:0.2727272727272727	FDGDGDLD:0.2727272727272727	DFDGDGDL:0.2727272727272727	DGDGDLDL:0.2727272727272727	DLGVGLWA:0.2727272727272727	DGWRVHFE:0.2727272727272727	TLLCGSST:0.2727272727272727	GDGDLDLL:0.2727272727272727	GDEDGRVA:0.2727272727272727	LDLLCGEF:0.2727272727272727	VDLGVGLW:0.2727272727272727	EFNAIQPT:0.2727272727272727	STDGGKTW:0.2727272727272727	TDGGKTWS:0.2727272727272727	
