cluster number:86
GH33:12	GH33:12
PSLPLVGR:0.5833333333333334	LFLSDDEG:0.3333333333333333	GKTWKWKT:0.3333333333333333	IVLPLYSD:0.4166666666666667	WQDNILLK:0.9166666666666666	SVKTDIPN:0.25	SIGWMTRI:0.5	GRIVLPLY:0.25	MTRIKPLV:0.25	KRSIGWMT:0.3333333333333333	QANKWEQS:0.4166666666666667	NIPDCNPV:0.5	RSIGWMTR:0.3333333333333333	DIPNTASV:0.4166666666666667	VLPLYSDG:0.4166666666666667	GGFSYPSL:0.25	IPNTASVE:0.8333333333333334	SLPLVGRG:0.5833333333333334	EGKTWKWK:0.3333333333333333	GRGPIQPA:0.9166666666666666	TKRSIGWM:0.25	LVGRGPIQ:0.75	DDEGKTWK:0.3333333333333333	WFYGSGER:0.6666666666666666	IAVQANKW:0.4166666666666667	NKWEQSIL:0.4166666666666667	LSDDEGKT:0.4166666666666667	WIAVQANK:0.4166666666666667	FLSDDEGK:0.3333333333333333	VGRGPIQP:0.9166666666666666	RGPIQPAL:0.5833333333333334	DCNPVLFL:0.9166666666666666	PDCNPVLF:0.9166666666666666	NGRIVLPL:0.25	LVWIAVQA:0.9166666666666666	GWMTRIKP:1.0	VWIAVQAN:0.9166666666666666	IPDCNPVL:0.5833333333333334	PNIPDCNP:0.5	FSYPSLIQ:0.5	TDIPNTAS:0.3333333333333333	IGWMTRIK:0.5	WEQSILRY:0.25	CNPVLFLN:0.9166666666666666	ADTPNIPD:0.5	DTPNIPDC:0.5	GLLHITYS:0.3333333333333333	VQANKWEQ:0.4166666666666667	DEGKTWKW:0.3333333333333333	KTDIPNTA:0.3333333333333333	VKTDIPNT:0.25	LFLVWIAV:0.8333333333333334	DGLLHITY:0.3333333333333333	PLYSDGYN:0.3333333333333333	QDNILLKP:0.9166666666666666	NPVLFLNQ:0.5	SYPSLIQT:0.25	GFSYPSLI:0.25	RIVLPLYS:0.4166666666666667	WMTRIKPL:0.8333333333333334	AVQANKWE:0.4166666666666667	VWFYGSGE:0.5833333333333334	FLVWIAVQ:0.8333333333333334	KLFLVWIA:0.8333333333333334	PLVGRGPI:0.75	TPNIPDCN:0.5	MADTPNIP:0.5	KWEQSILR:0.4166666666666667	LPLYSDGY:0.3333333333333333	ANKWEQSI:0.4166666666666667	SDDEGKTW:0.4166666666666667	LPLVGRGP:0.6666666666666666	GSGERTAD:0.4166666666666667	ERTADDVK:0.4166666666666667	SFGWMTRI:0.25	DGRYRLSL:0.3333333333333333	FYGSGERT:0.4166666666666667	NWQDNILL:0.3333333333333333	SFSYPSLI:0.3333333333333333	KSIKYVVV:0.3333333333333333	LMADTPNI:0.3333333333333333	WSEPFLMA:0.3333333333333333	WNWQDNIL:0.3333333333333333	TASVELLV:0.5833333333333334	NKLFLVWI:0.25	NTASVELL:0.6666666666666666	YLSDDEGK:0.25	EPFLMADT:0.4166666666666667	FLMADTPN:0.3333333333333333	YGSGERTA:0.3333333333333333	HLTYSYHL:0.3333333333333333	SDGFNFSL:0.3333333333333333	LYSDGFNF:0.5	GERTADDV:0.4166666666666667	LHLTYSYH:0.25	SLYLSDDE:0.25	MRDSGDAP:0.3333333333333333	PLYSDGFN:0.6666666666666666	KRSFGWMT:0.25	YSDGFNFS:0.5	RSFGWMTR:0.25	ASVELLVL:0.5833333333333334	GSFSYPSL:0.3333333333333333	DNILLKPG:0.4166666666666667	LYLSDDEG:0.25	PVLFLNQE:0.25	SEPFLMAD:0.3333333333333333	SGERTADD:0.4166666666666667	PFLMADTP:0.4166666666666667	LPLYSDGF:0.6666666666666666	FGWMTRIK:0.25	PNTASVEL:0.6666666666666666	GNDIDDGR:0.3333333333333333	TADDVKIM:0.25	AYLRDSGD:0.25	KHVHGSSL:0.3333333333333333	FLGNDIDD:0.3333333333333333	LGNDIDDG:0.3333333333333333	NDIDDGRY:0.3333333333333333	GPIQPALA:0.25	AVQANQWE:0.25	SIKYVVVD:0.25	RTADDVKI:0.25	IKYVVVDP:0.25	DVKIMGAR:0.3333333333333333	DDVKIMGA:0.3333333333333333	NFSLMAIS:0.25	IAVQANQW:0.25	ADDVKIMG:0.25	WIAVQANQ:0.25	DNILLKPD:0.3333333333333333	GKLFLVWI:0.4166666666666667	DIDDGRYR:0.3333333333333333	SLMAISDD:0.3333333333333333	VKIMGARL:0.25	HVHGSSLV:0.25	FSLMAISD:0.25	LPDCNPVL:0.3333333333333333	AGYAPKYD:0.25	VELLVLKD:0.3333333333333333	WAGYAPKY:0.25	ELLVLKDG:0.3333333333333333	SVELLVLK:0.3333333333333333	GWAGYAPK:0.25	LLVLKDGR:0.3333333333333333	HITYSYHL:0.25	LVLKDGRW:0.25	VLKDGRWA:0.25	LKDGRWAF:0.3333333333333333	ALMRDSGD:0.25	MTRIKPLL:0.4166666666666667	AVQANRWE:0.3333333333333333	WIAVQANR:0.3333333333333333	QANRWEQS:0.3333333333333333	IAVQANRW:0.3333333333333333	GRILLPLY:0.25	MAISDDDG:0.25	SSIVSLPN:0.25	WSWQDNIL:0.25	RWEQSILR:0.25	VQANRWEQ:0.3333333333333333	NRWEQSIL:0.3333333333333333	ANRWEQSI:0.3333333333333333	WFEGSGER:0.25	ILLPLYSD:0.4166666666666667	EGKLFLVW:0.25	SWQDNILL:0.25	RILLPLYS:0.25	LLPLYSDG:0.4166666666666667	TRIKPLLL:0.3333333333333333	NPVLFLNH:0.25	
