cluster number:43
GH33:17	GH33:17
AGTGLSVT:0.23529411764705882	NPRNSEGD:0.5294117647058824	SVSLLRLQ:0.47058823529411764	IPSTGDLL:0.23529411764705882	YCYTAIHF:0.29411764705882354	NVMSVSLL:0.7058823529411765	RNSEGDFI:0.5294117647058824	WYCYTAIH:0.29411764705882354	ISKDEGKT:0.35294117647058826	NNPRNSEG:0.29411764705882354	MSVSLLRL:0.7647058823529411	IALFYARK:0.29411764705882354	RPAGTGLS:0.23529411764705882	MNVMSVSL:0.5882352941176471	AISKDEGK:0.47058823529411764	VMSVSLLR:0.7058823529411765	PRNSEGDF:0.5294117647058824	DPDGWYCY:0.5294117647058824	PAGTGLSV:0.23529411764705882	ALFYARKN:0.29411764705882354	SKDEGKTW:0.4117647058823529	RIPSTGDL:0.29411764705882354	GWYCYTAI:0.35294117647058826	EGYFVLNN:0.23529411764705882	PDGWYCYT:0.35294117647058826	DGWYCYTA:0.35294117647058826	QEPGVVEL:0.23529411764705882	DNPRNSEG:0.23529411764705882	KKGYFVLN:0.23529411764705882	ITDKKGYF:0.23529411764705882	KGYFVLNN:0.29411764705882354	VAISKDEG:0.23529411764705882	TDKKGYFV:0.23529411764705882	DKKGYFVL:0.23529411764705882	RLQNGDIA:0.23529411764705882	LRLQNGDI:0.23529411764705882	GMNVMSVS:0.47058823529411764	YFVLNNDR:0.5882352941176471	SPATIERI:0.23529411764705882	FVLNNDRV:0.5882352941176471	VSLLRLQN:0.29411764705882354	PATIERIP:0.29411764705882354	NEGGMNVM:0.4117647058823529	SLLRLQNG:0.29411764705882354	GYFVLNND:0.5882352941176471	EGGMNVMS:0.47058823529411764	GGMNVMSV:0.47058823529411764	VLNNDRVI:0.5294117647058824	LNNDRVIQ:0.5294117647058824	NNDRVIQL:0.47058823529411764	SPLSPATI:0.23529411764705882	IALFYLRK:0.23529411764705882	ALFYLRKN:0.23529411764705882	MYIRASGG:0.23529411764705882	LKDGRILF:0.29411764705882354	LFYARKNS:0.23529411764705882	FYARKNSL:0.23529411764705882	
