cluster number:67
GH33:47	GH33:47|GH29:1|GH2:1
GPIKNKPI:0.23404255319148937	LGPIKNKP:0.5319148936170213	NPNSGTDA:0.5531914893617021	GPIKNKPV:0.425531914893617	DGLVHITY:0.2127659574468085	GILGPIKN:0.3191489361702128	PNSGTDAV:0.46808510638297873	LPNPNSGT:0.3829787234042553	GLVHITYT:0.2127659574468085	NSGTDAVT:0.48936170212765956	SGTDAVTL:0.5106382978723404	PNPNSGTD:0.40425531914893614	ILGPIKNK:0.3617021276595745	FYKVGPSP:0.3191489361702128	LFYKVGPS:0.3191489361702128	SYPAVIQT:0.2765957446808511	EFSYPAVI:0.2127659574468085	PCWNPVLF:0.2553191489361702	YPTWNPVL:0.2553191489361702	PTWNPVLF:0.425531914893617	SYPAIIQT:0.2127659574468085	YSYPAIIQ:0.2127659574468085	DAIQPSIL:0.23404255319148937	VTLADGRQ:0.2127659574468085	AVTLADGR:0.23404255319148937	DAVTLADG:0.23404255319148937	TDAVTLAD:0.2127659574468085	WNPVLFQP:0.2765957446808511	GTDAVTLA:0.2127659574468085	TWNPVLFQ:0.2553191489361702	
