cluster number:93
GH33:15	GH33:15
RIFVAANH:0.3333333333333333	LLAFAEGR:0.3333333333333333	SYDEGKTW:0.2	AIISLPNG:0.2	DSLQAGNP:0.3333333333333333	AANHSAGP:0.2	DWRSYANT:0.4666666666666667	NHSAGPPQ:0.2	RSYANTPG:0.4666666666666667	IFVAANHS:0.3333333333333333	AGNPAPVV:0.4	GNPAPVVD:0.4666666666666667	QAGNPAPV:0.7333333333333333	ANHSAGPP:0.2	LQAGNPAP:0.5333333333333333	PNGDLLAF:0.2	RIPAIISL:0.2	GRIFVAAN:0.3333333333333333	DYDSLQAG:0.26666666666666666	SYANTPGH:0.4666666666666667	HGFYTDDH:0.2	EDWRSYAN:0.4666666666666667	FYNTGNNH:0.5333333333333333	FYTDDHGK:0.2	LAFAEGRV:0.26666666666666666	YNTGNNHE:0.5333333333333333	GDLLAFAE:0.2	PAIISLPN:0.2	VDYDSLQA:0.26666666666666666	YANTPGHA:0.8	IPAIISLP:0.2	YRIPAIIS:0.2	GFYTDDHG:0.2	ISYDEGKT:0.2	WRSYANTP:0.4666666666666667	LPDPVNQG:0.26666666666666666	VAANHSAG:0.2	LFYNTGNN:0.6	AHGFYTDD:0.2	SLQAGNPA:0.3333333333333333	YDSLQAGN:0.26666666666666666	TDDHGKTF:0.3333333333333333	FKEDWRHY:0.2	HYANTPGH:0.2	WRHYANTP:0.2	KEDWRHYA:0.2	YNFKEDWR:0.2	RHYANTPG:0.2	DWRHYANT:0.2	NPAPVVDL:0.26666666666666666	NFKEDWRH:0.2	EDWRHYAN:0.2	FYSDDHGK:0.26666666666666666	VLYEKDNY:0.26666666666666666	RLFLFYNT:0.3333333333333333	YRIPAIVK:0.3333333333333333	IGVLYEKD:0.2	PDPVCEGS:0.2	TPGHALQL:0.2	GNPAPVFD:0.26666666666666666	GRLFLFYN:0.3333333333333333	NTPGHALQ:0.4	CYRIPAIV:0.2	LFLFYNTG:0.3333333333333333	REVWYKTS:0.3333333333333333	LPDPVCEG:0.26666666666666666	PKGRLFLF:0.26666666666666666	AGNPAPVF:0.26666666666666666	ANTPGHAL:0.4	KGRLFLFY:0.26666666666666666	GVLYEKDN:0.26666666666666666	SDDHGKTF:0.26666666666666666	YSDDHGKT:0.3333333333333333	DDHGKTFK:0.4	HGKTFKLS:0.26666666666666666	DHGKTFKL:0.26666666666666666	YKSYRIPA:0.2	EGEVRKGK:0.2	YTDDHGKT:0.2	IYIPANHS:0.26666666666666666	NHEGEVRK:0.4	GRIYIPAN:0.26666666666666666	HEGEVRKG:0.4	RKGKGLRE:0.26666666666666666	LAFCNAAD:0.2	TGNNHEGE:0.4	RIYIPANH:0.26666666666666666	EVRKGKGL:0.26666666666666666	DNLTLRIS:0.3333333333333333	DGYKSYRI:0.2	GLREVWYK:0.2	AFCNAADT:0.2	GNNHEGEV:0.4	VRKGKGLR:0.26666666666666666	NNHEGEVR:0.4	KGKGLREV:0.26666666666666666	SYRIPAIV:0.2	GYKSYRIP:0.2	NTGNNHEG:0.4	LREVWYKT:0.2	KSYRIPAI:0.26666666666666666	KGLREVWY:0.3333333333333333	GEVRKGKG:0.2	GKGLREVW:0.3333333333333333	RDNLTLRI:0.3333333333333333	KGRIYIPA:0.2	DGGKTWSA:0.26666666666666666	SAYSDIVL:0.2	GRVDHAGD:0.26666666666666666	DYGNVDIV:0.2	TPGHALQF:0.2	AGDYGNVD:0.2	RVDHAGDY:0.2	GRIFLFYN:0.4	GDYGNVDI:0.2	AHSYYSDD:0.2	SYSAYSDI:0.2	YILAVCNA:0.2	LAVCNAAS:0.2	DHAGDYGN:0.2	VDIVYKIS:0.26666666666666666	DKNLPDPV:0.2	RIFLFYNT:0.4	LSWKKGKN:0.2	PGHALQFD:0.2	ETMAAQIS:0.2	GHALQFDS:0.2	YIPANHSE:0.2	YASYRIPA:0.2	GNVDIVYK:0.26666666666666666	ALQFDSGK:0.2	FSEGRVDH:0.2	YGNVDIVY:0.2	ILAVCNAA:0.2	HAGDYGNV:0.2	STDGGKTW:0.2	ASYRIPAI:0.2	QGKTWYFN:0.2	IPANHSEG:0.2	PVVDLLDP:0.2	HALQFDSG:0.2	EGRVDHAG:0.26666666666666666	DQGKTWYF:0.2	FLFYNTGN:0.6	VDHAGDYG:0.2	NVDIVYKI:0.26666666666666666	YDKNLPDP:0.2	SYRIPAII:0.3333333333333333	KNLPDPVN:0.2	NETMAAQI:0.2	YSAYSDIV:0.2	YRIPAIIK:0.2	APVVDLLD:0.2	SEGRVDHA:0.2	AFSEGRVD:0.2	IFLFYNTG:0.4	NLPDPVNQ:0.2	REVWYITS:0.2	LPDPVCQG:0.2	ANTPGHAM:0.2	NTPGHAMQ:0.2	
