cluster number:21
GH33:26	GH33:26|3.2.1.18:1
VVQGSVLQ:0.4230769230769231	GYDTYRIP:0.38461538461538464	VPVVQGSV:0.4230769230769231	PAAYSDLV:0.5769230769230769	HAGRLVVP:0.2692307692307692	WGPLTVVA:0.38461538461538464	LLAFAEGR:0.34615384615384615	GNRLDTYS:0.23076923076923078	DTRGNPAP:0.6153846153846154	LNDVPVVQ:0.23076923076923078	YDTYRIPA:0.38461538461538464	RGNPAPVV:0.8076923076923077	WRWYATGP:0.8076923076923077	LPDGRLYF:0.34615384615384615	GNPAPVVD:0.8076923076923077	TRGNPAPV:0.8076923076923077	GDTRGNPA:0.6153846153846154	AAELPDGR:0.23076923076923078	DVPVVQGS:0.23076923076923078	TWGPLTVV:0.3076923076923077	AELPDGRL:0.23076923076923078	YATGPGHA:0.8076923076923077	ELPDGRLY:0.23076923076923078	NPAPVVDP:0.7692307692307693	WYATGPGH:0.8461538461538461	PVVQGSVL:0.4230769230769231	RWYATGPG:0.8076923076923077	VQGSVLQL:0.23076923076923078	GPGHAVAL:0.5769230769230769	AGRLVVPA:0.2692307692307692	PANHSAAP:0.34615384615384615	VVLRRSAD:0.23076923076923078	GGYDTYRI:0.23076923076923078	LVVPANHS:0.34615384615384615	DIDVVLRR:0.3076923076923077	GGCTWGPL:0.38461538461538464	QSRRVFVQ:0.3076923076923077	ANHSAAPP:0.3076923076923077	GPSVPTAR:0.3076923076923077	PLTVVAAG:0.34615384615384615	ADGGCTWG:0.23076923076923078	GTLLAFAE:0.23076923076923078	LFSGPSVP:0.38461538461538464	RRSADGGC:0.23076923076923078	SADGGCTW:0.23076923076923078	SGPSVPTA:0.3076923076923077	PLLFSGPS:0.46153846153846156	TLLAFAEG:0.23076923076923078	RLVVPANH:0.34615384615384615	ATGPGHAV:0.6153846153846154	GRLVVPAN:0.34615384615384615	GDIDVVLR:0.3076923076923077	CASSVPYV:0.2692307692307692	DGGCTWGP:0.5769230769230769	GPLTVVAA:0.34615384615384615	FSGPSVPT:0.3076923076923077	EQSRRVFV:0.2692307692307692	IDVVLRRS:0.46153846153846156	VLRRSADG:0.23076923076923078	LRRSADGG:0.23076923076923078	VPANHSAA:0.2692307692307692	APLLFSGP:0.38461538461538464	PYAVQPTL:0.23076923076923078	DVVLRRSA:0.23076923076923078	VGVLYETG:0.23076923076923078	GCTWGPLT:0.2692307692307692	CTWGPLTV:0.2692307692307692	RSADGGCT:0.23076923076923078	AAYSDLVQ:0.5	TGPGHAVA:0.5769230769230769	VVPANHSA:0.23076923076923078	RPYAVQPT:0.23076923076923078	LLFSGPSV:0.4230769230769231	DSGDIDVV:0.23076923076923078	TVLAFAEG:0.5	AYSDLVQL:0.34615384615384615	GHAVALTR:0.4230769230769231	SSVPYVSG:0.23076923076923078	PGHAVALT:0.46153846153846156	QLPDGRVY:0.23076923076923078	HGTVLAFA:0.23076923076923078	PSVPTARR:0.4230769230769231	AVALTRGP:0.34615384615384615	APSVPTAR:0.23076923076923078	GGHALYSD:0.38461538461538464	AAQLPDGR:0.34615384615384615	YYGGHALY:0.3076923076923077	PGWRWYAT:0.2692307692307692	APVVDPRT:0.46153846153846156	AQLPDGRV:0.23076923076923078	ASSVPYVS:0.23076923076923078	SAPSVPTA:0.23076923076923078	LAFAEGRR:0.4230769230769231	VLAFAEGR:0.5	LFSAPSVP:0.2692307692307692	SAAQLPDG:0.3076923076923077	GWRWYATG:0.34615384615384615	RPGWRWYA:0.23076923076923078	SVPTARRA:0.34615384615384615	DRPYAVQP:0.2692307692307692	PLLFSAPS:0.2692307692307692	LLFSAPSV:0.2692307692307692	PGAPLLFS:0.2692307692307692	YGGHALYS:0.3076923076923077	GHALYSDD:0.38461538461538464	VVDPRTGA:0.2692307692307692	LDRPYAVQ:0.2692307692307692	PVVDPRTG:0.46153846153846156	APLLFSAP:0.23076923076923078	IGVLYETG:0.23076923076923078	VALTRGPH:0.2692307692307692	PAPVVDPR:0.5	AVPVVQGS:0.23076923076923078	GTVLAFAE:0.5	HAVALTRG:0.4230769230769231	FSAPSVPT:0.23076923076923078	RRSTDGGC:0.2692307692307692	STDGGCTW:0.23076923076923078	RSTDGGCT:0.23076923076923078	TDGGCTWG:0.23076923076923078	TEAQIMRG:0.34615384615384615	RRVFVQRS:0.3076923076923077	VTEAQIMR:0.34615384615384615	YETIEFRR:0.23076923076923078	EAQIMRGE:0.38461538461538464	HALYSDDG:0.3076923076923077	ALYSDDGG:0.3076923076923077	RPAAYSDL:0.23076923076923078	GDSGDIDV:0.23076923076923078	
