cluster number:25
GH33:6	GH33:6
GWSKPVFD:0.3333333333333333	PRKNLTAR:0.3333333333333333	FKNPSETM:0.5	PDSRDIPK:0.3333333333333333	PSCIATIY:0.5	GRLLVPVW:0.5	GRVMVNIR:0.5	YDWKVLAP:0.3333333333333333	FCEGRIGT:0.5	VLAPGPGH:0.6666666666666666	LAFCEGRI:0.6666666666666666	SGWSKPVF:0.3333333333333333	ISGWSKPV:0.3333333333333333	RLLVPVWL:0.5	GRIGTASD:0.5	AIQLKDGR:0.3333333333333333	RIGTASDW:0.5	LYQRDYAR:0.3333333333333333	ETMAIQLK:0.3333333333333333	TIYCLYET:0.3333333333333333	SGYSDVAV:0.5	WADMDLLM:0.3333333333333333	ADGTIYCL:0.3333333333333333	LKDGRVMV:0.3333333333333333	GTIHLLYQ:0.5	QRDYARAY:0.3333333333333333	IYCLYETN:0.3333333333333333	DGRVMVNI:0.5	PSETMAIQ:0.3333333333333333	RVMVNIRN:0.5	KDGISGWS:0.3333333333333333	KPVFDEEL:0.5	GTLLAFCE:0.6666666666666666	KDGRVMVN:0.3333333333333333	SCIATIYS:0.5	RDYARAYY:0.3333333333333333	KRGAIIAD:0.3333333333333333	VAVGADGT:0.3333333333333333	APSCIATI:0.5	YQRDYARA:0.3333333333333333	NPDSRDIP:0.3333333333333333	LLVPVWLS:0.5	KNPSETMA:0.5	KGTLLAFC:0.6666666666666666	TIYSDDLG:0.5	GISGWSKP:0.3333333333333333	SDWADMDL:0.3333333333333333	SDVAVGAD:0.3333333333333333	IQLKNGRL:0.5	DLLMRRST:0.5	IQLKDGRV:0.3333333333333333	AFCEGRIG:0.6666666666666666	LKNGRLLV:0.5	HLLYQRDY:0.6666666666666666	SKPVFDEE:0.3333333333333333	PVFDEELF:0.3333333333333333	CEGRIGTA:0.5	ADMDLLMR:0.3333333333333333	DWADMDLL:0.3333333333333333	DGTIHLLY:0.3333333333333333	HSIQLKNG:0.5	LLAFCEGR:0.8333333333333334	DVAVGADG:0.3333333333333333	ASDWADMD:0.3333333333333333	LAPGPGHS:0.5	MDLLMRRS:0.5	YSDVAVGA:0.3333333333333333	GTASDWAD:0.5	IATIYSDD:0.5	GTIYCLYE:0.3333333333333333	DGTIYCLY:0.3333333333333333	TIHLLYQR:0.5	TMAIQLKD:0.3333333333333333	GMLFINPD:0.3333333333333333	EGRIGTAS:0.5	TASDWADM:0.5	NGRLLVPV:0.5	SKDGISGW:0.3333333333333333	ATIYSDDL:0.5	ARAYYTFS:0.3333333333333333	GHSIQLKN:0.5	WSKPVFDE:0.3333333333333333	PGPGHSIQ:0.5	KVLAPGPG:0.6666666666666666	GPGHSIQL:0.5	WKVLAPGP:0.6666666666666666	DYARAYYT:0.3333333333333333	DGISGWSK:0.3333333333333333	PGHSIQLK:0.5	YSKDGISG:0.3333333333333333	IHLLYQRD:0.6666666666666666	RSHAPSCI:0.5	QLKDGRVM:0.3333333333333333	RRSHAPSC:0.3333333333333333	TWKRGAII:0.5	HAPSCIAT:0.5	IGTASDWA:0.5	SMRIPALV:0.3333333333333333	WKRGAIIA:0.5	CIATIYSD:0.5	KNGRLLVP:0.5	DMDLLMRR:0.3333333333333333	SHAPSCIA:0.5	GYSDVAVG:0.3333333333333333	MAIQLKDG:0.3333333333333333	SYSKDGIS:0.3333333333333333	TLLAFCEG:0.6666666666666666	SETMAIQL:0.3333333333333333	PRRSHAPS:0.3333333333333333	LLYQRDYA:0.6666666666666666	APGPGHSI:0.5	SIQLKNGR:0.5	YARAYYTF:0.3333333333333333	NPSETMAI:0.5	QLKNGRLL:0.5	DWKVLAPG:0.3333333333333333	MRRSTDGG:0.3333333333333333	GKTWKRGA:0.3333333333333333	WLSDPAKT:0.3333333333333333	YSDDLGKT:0.3333333333333333	LVPVWLSD:0.3333333333333333	VMVNIRNT:0.3333333333333333	LMRRSTDG:0.3333333333333333	LGKTWKRG:0.3333333333333333	SDDLGKTW:0.3333333333333333	DDLGKTWK:0.3333333333333333	IYSDDLGK:0.3333333333333333	EFKNPSET:0.3333333333333333	NWKVLAPG:0.3333333333333333	YNWKVLAP:0.3333333333333333	VSYDEGQT:0.3333333333333333	VWLSDPAK:0.3333333333333333	KKGTLLAF:0.3333333333333333	SYDEGQTW:0.3333333333333333	KTWKRGAI:0.3333333333333333	TSNPTPIV:0.3333333333333333	VPVWLSDP:0.3333333333333333	PVWLSDPA:0.3333333333333333	DLGKTWKR:0.3333333333333333	PEYNWKVL:0.3333333333333333	EYNWKVLA:0.3333333333333333	MVNIRNTS:0.3333333333333333	SNPTPIVD:0.3333333333333333	PTSNPTPI:0.3333333333333333	LLMRRSTD:0.3333333333333333	IYSDDHGK:0.5	STRIPALV:0.3333333333333333	DDHGKTWK:0.3333333333333333	YSDDHGKT:0.5	SDDHGKTW:0.5	GPGHGIQL:0.3333333333333333	TCGNPCPV:0.3333333333333333	GAHVIYSD:0.3333333333333333	VIYSDDHG:0.3333333333333333	AHVIYSDD:0.3333333333333333	NTCGNPCP:0.3333333333333333	DNTCGNPC:0.3333333333333333	GNPCPVVD:0.3333333333333333	WRWYATGP:0.3333333333333333	CGNPCPVV:0.3333333333333333	IILFSNPD:0.3333333333333333	DIILFSNP:0.3333333333333333	KDIILFSN:0.3333333333333333	LAFCEGRK:0.3333333333333333	HVIYSDDH:0.3333333333333333	RWYATGPG:0.3333333333333333	
