cluster number:46
GH33:11	GH33:11
EKGEFSYP:0.36363636363636365	WFGAMIVS:0.2727272727272727	IRNKPIET:0.2727272727272727	GAKDVGIY:0.36363636363636365	QNLYLFYK:0.2727272727272727	GKYEGAKD:0.36363636363636365	KNPREWFG:0.36363636363636365	GKDWFNGR:0.36363636363636365	EFSYPAII:0.8181818181818182	DTLPCWNP:0.36363636363636365	EGAKDVGI:0.36363636363636365	NPREWFGA:0.36363636363636365	CWNPVLFK:0.5454545454545454	LAAWFGGK:0.2727272727272727	KYEGAKDV:0.36363636363636365	REWFGAMI:0.2727272727272727	SQNLYLFY:0.2727272727272727	KDWFNGRN:0.36363636363636365	WFGGKYEG:0.36363636363636365	VILCGSST:0.2727272727272727	YEGAKDVG:0.36363636363636365	AAWFGGKY:0.36363636363636365	GGKYEGAK:0.36363636363636365	KGEFSYPA:0.36363636363636365	DVEYSKDG:0.2727272727272727	FSYPAIIQ:0.5454545454545454	ILCGSSTE:0.2727272727272727	PGVILCGS:0.2727272727272727	FLLVNNPL:0.36363636363636365	TLPCWNPV:0.36363636363636365	SHASTLVE:0.2727272727272727	SYPAIIQT:0.36363636363636365	AKDVGIYI:0.2727272727272727	KSQNLYLF:0.2727272727272727	LCGSSTES:0.2727272727272727	LPCWNPVL:0.36363636363636365	GKNPREWF:0.36363636363636365	IIQPTFLV:0.2727272727272727	FGGKYEGA:0.36363636363636365	LDVEYSKD:0.2727272727272727	PREWFGAM:0.36363636363636365	IQPTFLVH:0.2727272727272727	CGSSTESV:0.2727272727272727	GVILCGSS:0.36363636363636365	EWFGAMIV:0.2727272727272727	PCWNPVLF:0.5454545454545454	PIRNKPIE:0.2727272727272727	GEFSYPAI:0.6363636363636364	GPIRNKPI:0.2727272727272727	AWFGGKYE:0.36363636363636365	FDIIQPTF:0.2727272727272727	GILGPIKN:0.2727272727272727	NPVLFKSK:0.2727272727272727	NFDIIQPT:0.2727272727272727	WNPVLFKS:0.36363636363636365	GDTLPCWN:0.2727272727272727	ILGPIKNK:0.2727272727272727	PVLFKSKS:0.2727272727272727	DIIQPTFL:0.2727272727272727	PDGILGPI:0.2727272727272727	LPDGILGP:0.2727272727272727	STDDGKTW:0.36363636363636365	SYPAIIQS:0.2727272727272727	
