cluster number:65
GH33:120	GH33:120|3.2.1.18:2
VFLYNRPL:0.7083333333333334	TVKNVFLY:0.26666666666666666	VFESRDMG:0.20833333333333334	EDGTLVFP:0.26666666666666666	NVFLYNRP:0.6916666666666667	KNVFLYNR:0.4	VKNVFLYN:0.4	MEDGTLVF:0.2916666666666667	YQVALMLQ:0.3333333333333333	PSLVSAGG:0.2916666666666667	LTEELKTI:0.2	QVALMLQG:0.275	TAGLVGFL:0.2	GSVYVDGV:0.275	SLVSAGGV:0.3	SPSLVSAG:0.225	PTAGLVGF:0.2	KGNKVFLL:0.2833333333333333	ALYLWVTD:0.31666666666666665	AGLVGFLS:0.2	EYQVALML:0.35	NKVFLLVG:0.23333333333333334	WVTDNNRT:0.225	TLVATVTI:0.2	VTDNNRTF:0.21666666666666667	LWVTDNNR:0.5416666666666666	FTLVATVT:0.20833333333333334	YLWVTDNN:0.4666666666666667	LYLWVTDN:0.4166666666666667	KVFLLVGS:0.2	VTVKNVFL:0.21666666666666667	ALITATIE:0.43333333333333335	LMEDGTLV:0.20833333333333334	KGSVYVDG:0.26666666666666666	DMGTTWTE:0.24166666666666667	VEALITAT:0.20833333333333334	VALMLQDG:0.30833333333333335	RDMGTTWT:0.2916666666666667	VYESRDMG:0.325	ITATIEGR:0.36666666666666664	GVLMEDGT:0.2	QVALMLQD:0.30833333333333335	LITATIEG:0.38333333333333336	SGVLMEDG:0.2	QRVYESRD:0.25	GSGVLMED:0.2	RITEWEGS:0.2	PRITEWEG:0.20833333333333334	MGTTWTEA:0.24166666666666667	YESRDMGT:0.275	RSFYFGPV:0.20833333333333334	VMLYTQRG:0.26666666666666666	NRSFYFGP:0.275	GGSGVLME:0.2	ESRDMGTT:0.26666666666666666	RVYESRDM:0.25833333333333336	EALITATI:0.20833333333333334	SRDMGTTW:0.2916666666666667	KEYQVALM:0.275	TNVFLYNR:0.26666666666666666	EHQVALML:0.3	WVTDNNRS:0.325	TIEGRKVM:0.31666666666666665	EGRKVMLY:0.3333333333333333	GLVAVLSD:0.2	VSAGGVIA:0.21666666666666667	FVPQKTQV:0.275	FLYNRPLN:0.4166666666666667	SLSHNFTL:0.20833333333333334	IEGRKVML:0.3333333333333333	HNFTLVAS:0.2	AGGVIAAF:0.21666666666666667	SAGGVIAA:0.21666666666666667	WTEAIGTL:0.225	KVMLYTQR:0.225	GRKVMLYT:0.2916666666666667	LVSAGGVI:0.21666666666666667	HQVALMLQ:0.3	IKSVLSTW:0.2	VTDNNRSF:0.3	GGVIAAFA:0.2	RKVMLYTQ:0.2916666666666667	ISLARLTE:0.225	SLARLTEE:0.2916666666666667	VPQKTQVV:0.25	IFVPQKTQ:0.25	LARLTEEL:0.2916666666666667	SIPTAGLV:0.275	TAGLVAVL:0.20833333333333334	IPTAGLVA:0.20833333333333334	AGLVAVLS:0.20833333333333334	PTAGLVAV:0.20833333333333334	NNRSFYFG:0.26666666666666666	DNNRSFYF:0.24166666666666667	TDNNRSFY:0.25	TATIEGRK:0.2833333333333333	ATIEGRKV:0.2833333333333333	
