cluster number:3
GH25:315	GH25:315|CBM50:246|3.2.1.17:1
LDGNVDLT:0.4380952380952381	GGLDGNVD:0.4666666666666667	GDQGVDWS:0.20317460317460317	AGGLDGNV:0.4253968253968254	AGYTPMYY:0.2253968253968254	PNSLWIAA:0.23809523809523808	TGITDNGY:0.2761904761904762	AIAQGKRA:0.2	IAQGKRAH:0.3333333333333333	VDWSKYNG:0.2	TPMYYSYK:0.24761904761904763	SAIAQGKR:0.2	GDTLSGIA:0.20317460317460317	QGKRAHTY:0.33650793650793653	VDLTGITD:0.3047619047619048	DLTGITDN:0.2761904761904762	GDNLSSIA:0.2126984126984127	AQGKRAHT:0.33650793650793653	SLWIAAYP:0.20952380952380953	PMYYSYKP:0.25396825396825395	GVDWSKYN:0.20317460317460317	SIVALDYE:0.46984126984126984	FPNSLWIA:0.25396825396825395	EFPNSLWI:0.24761904761904763	LTGITDNG:0.2761904761904762	GNVDLTGI:0.4253968253968254	GYTPMYYS:0.28888888888888886	YTPMYYSY:0.24761904761904763	KEFPNSLW:0.23492063492063492	NSLWIAAY:0.23809523809523808	NVDLTGIT:0.42857142857142855	GLDGNVDL:0.4603174603174603	QGVDWSKY:0.2222222222222222	DGNVDLTG:0.43174603174603177	GKRAHTYI:0.36507936507936506	TLASQNGK:0.20952380952380953	ALDYEDGA:0.25396825396825395	FPSMDGVA:0.2	PKGSIVAL:0.473015873015873	LDYEDGAS:0.24444444444444444	YPGQRLVV:0.2507936507936508	HTYYTVKS:0.2	AGYTPMLY:0.20634920634920634	TPKGSIVA:0.47619047619047616	GSIVALDY:0.33015873015873015	YTVKSGDS:0.20634920634920634	PGQRLVVR:0.23492063492063492	YYTVKSGD:0.2222222222222222	IYPGQRLV:0.2507936507936508	VALDYEDG:0.2507936507936508	KGSIVALD:0.46984126984126984	IVALDYED:0.2507936507936508	TIYPGQRL:0.2507936507936508	YTTIYPGQ:0.23492063492063492	IYTTIYPG:0.23492063492063492	TTIYPGQR:0.23809523809523808	QTPKGSIV:0.29523809523809524	KRAHTYIW:0.29523809523809524	RAHTYIWY:0.20634920634920634	
