cluster number:100
GH25:53	GH25:53|GH73:2
RFIAKFKE:0.3018867924528302	SNMQIGIY:0.2830188679245283	PLWEANYN:0.5283018867924528	YPLWEANY:0.5094339622641509	ILRFIAKF:0.20754716981132076	GHQYSETG:0.4716981132075472	RVGHQYSE:0.41509433962264153	IGIYTYTS:0.3018867924528302	VGTSSPET:0.20754716981132076	KFKELSNM:0.20754716981132076	GTSSPETQ:0.20754716981132076	GFYHFLVG:0.8679245283018868	FYNAIKDK:0.33962264150943394	TDCDMNEF:0.20754716981132076	TGFYHFLV:0.660377358490566	NINFNQVK:0.24528301886792453	GIYTYTSF:0.3018867924528302	LRFIAKFK:0.3018867924528302	LVGTSSPE:0.22641509433962265	QIGIYTYT:0.32075471698113206	DCDMNEFN:0.22641509433962265	PWKLNSNF:0.22641509433962265	NFFTNRVG:0.20754716981132076	TQANSFYN:0.24528301886792453	TSSPETQA:0.20754716981132076	ETQANSFY:0.24528301886792453	WEANYNNT:0.2641509433962264	NSFYNAIK:0.24528301886792453	TNYSNAHY:0.24528301886792453	YHFLVGTS:0.8113207547169812	WKLNSNFF:0.22641509433962265	SFYNAIKD:0.2641509433962264	NRVGHQYS:0.3018867924528302	TNRVGHQY:0.20754716981132076	IKATEGTT:0.8679245283018868	GNINFNQV:0.24528301886792453	EAVYIKAT:0.33962264150943394	MKGIDVSN:0.24528301886792453	HFLVGTSS:0.22641509433962265	FFTNRVGH:0.20754716981132076	VGHQYSET:0.4716981132075472	GYRGDGSF:0.22641509433962265	LWEANYNN:0.5283018867924528	AVYIKATE:0.33962264150943394	FLVGTSSP:0.22641509433962265	MQIGIYTY:0.3018867924528302	FYHFLVGT:0.8113207547169812	PETQANSF:0.24528301886792453	FTNRVGHQ:0.20754716981132076	ANSFYNAI:0.24528301886792453	YNAIKDKA:0.24528301886792453	EANYNNTP:0.22641509433962265	KATEGTTF:0.49056603773584906	VYIKATEG:0.8113207547169812	QANSFYNA:0.24528301886792453	YIKATEGT:0.8490566037735849	LGSWFYDI:0.24528301886792453	NMQIGIYT:0.2830188679245283	KTGFYHFL:0.5283018867924528	KATEGTTY:0.37735849056603776	LKTGFYHF:0.49056603773584906	DVDLDEFT:0.22641509433962265	GYKIGSDG:0.24528301886792453	VDLDEFTQ:0.22641509433962265	GLKTGFYH:0.49056603773584906	NITSTIGW:0.20754716981132076	DGYKIGSD:0.20754716981132076	YKIGSDGK:0.24528301886792453	AGLKTGFY:0.24528301886792453	GLKVGFYH:0.24528301886792453	VGTSAPET:0.2830188679245283	GTSAPETQ:0.2830188679245283	TSAPETQA:0.2830188679245283	HFLVGTSA:0.33962264150943394	LVGTSAPE:0.33962264150943394	FLVGTSAP:0.33962264150943394	ETQNLPMS:0.20754716981132076	SNHNGNIN:0.20754716981132076	LIPMLDVE:0.3018867924528302	GIDISNHN:0.20754716981132076	NHNGNINF:0.20754716981132076	MSKCLELK:0.24528301886792453	IDISNHNG:0.20754716981132076	DLIPMLDV:0.3018867924528302	KGIDISNH:0.20754716981132076	NGNINFNQ:0.22641509433962265	GIDVSNHN:0.2641509433962264	IDVSNHNG:0.2641509433962264	TEGTTFKD:0.2641509433962264	ATEGTTFK:0.2641509433962264	NDLIPMLD:0.24528301886792453	KGIDVSNH:0.20754716981132076	
