cluster number:51
GH25:28	GH25:28
VLDIEYNP:0.2857142857142857	PVLDIEYN:0.2857142857142857	PPVLDIEY:0.2857142857142857	LDIEYNPY:0.35714285714285715	FVANGGGW:0.21428571428571427	LPPVLDIE:0.35714285714285715	TLPPVLDI:0.35714285714285715	NMGARFAY:0.25	GNYYTNPS:0.21428571428571427	GADQARYF:0.5	SSGADQAR:0.5357142857142857	DSNVWNGD:0.2857142857142857	EFNPYEGR:0.25	TINGFYFG:0.42857142857142855	GPFAGDSN:0.21428571428571427	PFAGDSNV:0.21428571428571427	GGAEMGQR:0.42857142857142855	AYVKATEG:0.25	FVQNGGGW:0.2857142857142857	ARYFVQNG:0.32142857142857145	NGFYFGNT:0.42857142857142855	LDVSGHQP:0.21428571428571427	GAYHFAIP:0.5	EGRTINGF:0.25	DQARYFVQ:0.32142857142857145	YEGRTING:0.25	QARYFVQN:0.32142857142857145	GDSNVWNG:0.35714285714285715	NPYEGRTI:0.25	GARFAYVK:0.21428571428571427	QGLDVSGH:0.21428571428571427	GLDVSGHQ:0.21428571428571427	MGQRSARV:0.25	PPVLDFEF:0.25	AGDSNVWN:0.2857142857142857	WNMGARFA:0.25	NWSSGADQ:0.5	AYHFAIPN:0.5	MPPVLDFE:0.21428571428571427	FAIPNWSS:0.5	GRTINGFY:0.42857142857142855	PVLDFEFN:0.25	LDFEFNPY:0.25	ADQARYFV:0.5	RGAYHFAI:0.5	FYFGNTCY:0.42857142857142855	FNPYEGRT:0.25	ARFAYVKA:0.21428571428571427	YTMPPVLD:0.21428571428571427	MIRGAYHF:0.39285714285714285	FAGDSNVW:0.21428571428571427	QYSSTGPF:0.35714285714285715	IRGAYHFA:0.39285714285714285	DFEFNPYE:0.25	IPNWSSGA:0.5	MGARFAYV:0.21428571428571427	VLDFEFNP:0.25	GTWMPTFG:0.21428571428571427	SGADQARY:0.5	RYFVQNGG:0.32142857142857145	QWNMGARF:0.21428571428571427	GFYFGNTC:0.42857142857142855	GMIRGAYH:0.32142857142857145	HFAIPNWS:0.5	GYTMPPVL:0.21428571428571427	NYYTNPSY:0.21428571428571427	TMPPVLDF:0.21428571428571427	WSSGADQA:0.5	RTINGFYF:0.42857142857142855	WQYSSTGP:0.42857142857142855	MWQYSSTG:0.25	KATEGNYY:0.21428571428571427	FAYVKATE:0.25	RFAYVKAT:0.25	AEMGQRSA:0.25	AIPNWSSG:0.5	INGFYFGN:0.42857142857142855	PYEGRTIN:0.25	EMGQRSAR:0.25	IYTNTSWW:0.25	PNWSSGAD:0.5	GAEMGQRS:0.42857142857142855	SNVWNGDY:0.25	DGYTMPPV:0.21428571428571427	YHFAIPNW:0.5	EGNYYTNP:0.25	GFGDYPLW:0.2857142857142857	YFVQNGGG:0.2857142857142857	FEFNPYEG:0.25	VGMIRGAY:0.21428571428571427	VGMVRGAY:0.2857142857142857	VRGAYHFA:0.35714285714285715	MVRGAYHF:0.35714285714285715	GMVRGAYH:0.35714285714285715	AYVKASEG:0.39285714285714285	IEYNPYAG:0.21428571428571427	MGQRSPRV:0.21428571428571427	PVIYSTTD:0.21428571428571427	GNTCYDMS:0.21428571428571427	GYTLPPVL:0.25	IYSTTDWW:0.21428571428571427	STTDWWNT:0.21428571428571427	YSTTDWWN:0.21428571428571427	VKASEGNY:0.35714285714285715	VIYSTTDW:0.21428571428571427	DIEYNPYA:0.21428571428571427	DGYTLPPV:0.25	YVKASEGN:0.35714285714285715	YTLPPVLD:0.25	TTDWWNTC:0.21428571428571427	GGGWTADG:0.21428571428571427	KASEGNYY:0.35714285714285715	NGGGWTAD:0.21428571428571427	FAYVKASE:0.21428571428571427	
