cluster number:154
GH25:22	GH25:22
LPVWIDVE:0.2727272727272727	RRDLPVWI:0.2727272727272727	EHQDGMSL:0.2727272727272727	DILQYGSN:0.2727272727272727	QVDVIDQQ:0.2727272727272727	YWYLRAPS:0.45454545454545453	LCDGTYRD:0.36363636363636365	CDGTYRDR:0.22727272727272727	ILQYGSNG:0.22727272727272727	DVWAAKRE:0.2727272727272727	GVDVSEHQ:0.5	VDVIDQQM:0.2727272727272727	RAPSEGTS:0.22727272727272727	AQQVDVID:0.3181818181818182	GRRDLPVW:0.2727272727272727	WAAKRELE:0.2727272727272727	VWAAKREL:0.2727272727272727	IAQQVDVI:0.3181818181818182	APSEGTSI:0.22727272727272727	DVSEHQDG:0.3181818181818182	RDLPVWID:0.2727272727272727	GIYSGAWY:0.3181818181818182	IIRLCDGT:0.22727272727272727	PGIYSGAW:0.2727272727272727	VSEHQDGM:0.2727272727272727	SEHQDGMS:0.2727272727272727	FGVDVSEH:0.36363636363636365	DAESAGLL:0.22727272727272727	MPGGEPSM:0.36363636363636365	VPGIYSGA:0.2727272727272727	IYSGAWYW:0.3181818181818182	TYWYLRAP:0.3181818181818182	PDILQYGS:0.2727272727272727	IFGVDVSE:0.2727272727272727	WYLRAPSE:0.45454545454545453	VDVSEHQD:0.22727272727272727	PVWIDVES:0.2727272727272727	YSGAWYWE:0.4090909090909091	LRAPSEGT:0.5	QQVDVIDQ:0.2727272727272727	PSEGTSIA:0.22727272727272727	TIFGVDVS:0.22727272727272727	VWIDVESV:0.4090909090909091	DLPVWIDV:0.2727272727272727	YLRAPSEG:0.5	RLCDGTYR:0.36363636363636365	LWVSNYGR:0.2727272727272727	WVSNYGRN:0.2727272727272727	NGGVAPHL:0.22727272727272727	WENMPGGE:0.22727272727272727	ENMPGGEP:0.22727272727272727	AWYWENMP:0.22727272727272727	NMPGGEPS:0.22727272727272727	QMGGRRDL:0.2727272727272727	GAWYWENM:0.22727272727272727	GGVAPHLH:0.22727272727272727	WYWENMPG:0.22727272727272727	YWENMPGG:0.22727272727272727	SGAWYWEN:0.22727272727272727	HYLRNPSE:0.22727272727272727	AILRTTDG:0.22727272727272727	LRTTDGTY:0.22727272727272727	YHYLRNPS:0.22727272727272727	LRNPSEGT:0.22727272727272727	ILRTTDGT:0.22727272727272727	FAILRTTD:0.22727272727272727	YLRNPSEG:0.22727272727272727	RTTDGTYQ:0.22727272727272727	TTDGTYQD:0.22727272727272727	PSEGTTIA:0.22727272727272727	YLWVSNYG:0.22727272727272727	LGYLWVSN:0.22727272727272727	RAPSEGTT:0.2727272727272727	APSEGTTI:0.2727272727272727	GYLWVSNY:0.22727272727272727	GLGYLWVS:0.22727272727272727	
