cluster number:132
GH25:151	GH25:151|CBM50:1
GWQLPSEI:0.2185430463576159	NISGAIVR:0.3973509933774834	YDTLSKNI:0.2119205298013245	TLSKNISG:0.2052980132450331	LDLNQIAV:0.37748344370860926	LDVEEKTM:0.26490066225165565	DKSFKTHI:0.3973509933774834	IPVAVYAY:0.2781456953642384	DAIWIPTY:0.2119205298013245	YWLDVEEK:0.26490066225165565	DLHQYTSQ:0.6291390728476821	WLDVEEKT:0.26490066225165565	IDKSFKTH:0.2980132450331126	DYDTLSKN:0.2119205298013245	EIDYDTLS:0.44370860927152317	IDYDTLSK:0.2119205298013245	AIWIPTYG:0.2913907284768212	YDLHQYTS:0.847682119205298	ISGAIVRV:0.41721854304635764	LHQYTSQG:0.6291390728476821	GIDKSFKT:0.2980132450331126	YFMEEHSI:0.2582781456953642	SEIDYDTL:0.2251655629139073	PVAVYAYV:0.39072847682119205	DTLSKNIS:0.2119205298013245	PSEIDYDT:0.2251655629139073	SGWQLPSE:0.2251655629139073	GIYIGTYF:0.2847682119205298	IYIGTYFM:0.2847682119205298	FDAIWIPT:0.2119205298013245	AKNIGIYV:0.2913907284768212	NIPVAVYA:0.24503311258278146	LGAKNIGI:0.39072847682119205	MNAGVEAF:0.2251655629139073	KNIGIYVG:0.33112582781456956	RNIPVAVY:0.31788079470198677	NAGVEAFR:0.2251655629139073	GAKNIGIY:0.3973509933774834	FQKRNVPV:0.2185430463576159	EFQKRNVP:0.2185430463576159	VEAFRAKL:0.2251655629139073	AVWIPTYG:0.2119205298013245	GVEAFRAK:0.2251655629139073	PTYGSDSG:0.26490066225165565	PIIDVSGW:0.23178807947019867	YYWIDVEE:0.2913907284768212	VRVYGGSQ:0.23178807947019867	PLDLNQIA:0.24503311258278146	YGSDSGYY:0.2781456953642384	WIPTYGSD:0.24503311258278146	AIVRVYGG:0.25165562913907286	GSDSGYYE:0.2582781456953642	TTGIDKSF:0.3443708609271523	LYIGTYFM:0.2052980132450331	IVRVYGGS:0.25165562913907286	IPTYGSDS:0.24503311258278146	QIAVTKDT:0.23178807947019867	SDSGYYEA:0.2582781456953642	TGIDKSFK:0.3509933774834437	DLNQIAVT:0.24503311258278146	RVYGGSQI:0.23178807947019867	LDYDLHQY:0.37748344370860926	IAVTKDTK:0.23178807947019867	IIDVSGWQ:0.23178807947019867	LNQIAVTK:0.24503311258278146	TYYWIDVE:0.2913907284768212	SGAIVRVY:0.2119205298013245	DVSGWQLP:0.31125827814569534	GAIVRVYG:0.2119205298013245	VAVYSYAL:0.3708609271523179	NQIAVTKD:0.24503311258278146	PTYYWIDV:0.2913907284768212	VPVAVYSY:0.33774834437086093	TYGSDSGY:0.26490066225165565	HIKEFQKR:0.3509933774834437	SGYYEAAP:0.2781456953642384	HQYTSQGY:0.3509933774834437	DYDLHQYT:0.5562913907284768	GLYIGTYF:0.2052980132450331	KTFEKLFG:0.26490066225165565	PVAVYSYA:0.46357615894039733	DSGYYEAA:0.271523178807947	AVYSYALG:0.3708609271523179	KRNIPVAV:0.2119205298013245	SLGAKNIG:0.2251655629139073	YYWLDVEE:0.2185430463576159	QKRNIPVA:0.2052980132450331	PIIDLSGW:0.2980132450331126	EFQKRNIP:0.2052980132450331	IIDLSGWQ:0.2980132450331126	FQKRNIPV:0.2052980132450331	QKRNVPVA:0.33112582781456956	RNVPVAVY:0.33112582781456956	KRNVPVAV:0.33112582781456956	IDVEEATM:0.23178807947019867	QYTSQGYL:0.26490066225165565	YWIDVEEA:0.23178807947019867	GFDAVWIP:0.23841059602649006	WIDVEEAT:0.23178807947019867	IKEFQKRN:0.2913907284768212	THIKEFQK:0.2847682119205298	KTHIKEFQ:0.24503311258278146	VKEMKEEA:0.2251655629139073	KSFKTHIK:0.36423841059602646	SFKTHIKE:0.36423841059602646	FKTHIKEF:0.23841059602649006	MRRRIKPI:0.26490066225165565	RRRIKPIV:0.26490066225165565	RRIKPIVV:0.26490066225165565	
