cluster number:63
GH25:27	GH25:27
GAYHYYRP:0.7777777777777778	AYHYYRPN:0.6296296296296297	FWIANYNF:0.37037037037037035	WLFWQFTE:0.3333333333333333	LFWQFTEK:0.3333333333333333	DLPPVLDI:0.5555555555555556	WQFTEKAS:0.2222222222222222	NENSIEQA:0.37037037037037035	FVFIRATA:0.2962962962962963	PNENSIEQ:0.37037037037037035	YHYYRPNE:0.5925925925925926	YRPNENSI:0.4444444444444444	RPNENSIE:0.37037037037037035	FWQFTEKA:0.3333333333333333	YYRPNENS:0.5925925925925926	HYYRPNEN:0.5925925925925926	LPPVLDIE:0.5555555555555556	KGDLPPVL:0.37037037037037035	GDLPPVLD:0.5925925925925926	RGAYHYYR:0.5555555555555556	VFIRATAG:0.2962962962962963	DWLFWQFT:0.3333333333333333	VLDIEKLP:0.5185185185185185	IRGAYHYY:0.3333333333333333	GVKPIIYS:0.2222222222222222	GIDVSEYQ:0.2222222222222222	HYGVKPII:0.25925925925925924	PVLDIEKL:0.5185185185185185	PPVLDIEK:0.5925925925925926	YGVKPIIY:0.25925925925925924	LDIEKLPK:0.4074074074074074	ANYNFYRE:0.2222222222222222	WIANYNFY:0.2222222222222222	LFWIANYN:0.2222222222222222	YLFWIANY:0.2222222222222222	VDVNIYNG:0.3333333333333333	IANYNFYR:0.2222222222222222	DYPFWIAN:0.25925925925925924	YPFWIANY:0.25925925925925924	
