cluster number:64
GH25:218	GH25:218
GVDVSSHQ:0.27522935779816515	PYFAQQYN:0.38073394495412843	KARTGRDA:0.21559633027522937	GRDAVIYT:0.3165137614678899	LWIARYAS:0.23394495412844038	GGGWSRDG:0.3211009174311927	EGTYYTNP:0.2018348623853211	TSSGPTVG:0.21100917431192662	DIEWNPYG:0.30275229357798167	PLWIARYA:0.3073394495412844	WQYTSSGP:0.26605504587155965	MIRGAYHF:0.44954128440366975	IRGAYHFA:0.536697247706422	DVSSHQGN:0.27522935779816515	TEGVDVSS:0.24770642201834864	YKARTGRD:0.23394495412844038	SGPTVGDH:0.21100917431192662	EGVDVSSH:0.3211009174311927	SSGPTVGD:0.21100917431192662	NVAWSTLW:0.21559633027522937	VDVSSHQG:0.26146788990825687	LDIEWNPY:0.30275229357798167	RDAVIYTA:0.26146788990825687	TLPGALDI:0.25229357798165136	GMIRGAYH:0.463302752293578	DAVIYTAT:0.25688073394495414	LPGALDIE:0.25229357798165136	YFAQQYNG:0.4036697247706422	YTNPYFAQ:0.2798165137614679	RGAYHFAT:0.3211009174311927	FAQQYNGS:0.4541284403669725	YTSSGPTV:0.21100917431192662	GNVAWSTL:0.21100917431192662	AYHFATPD:0.24770642201834864	AVIYTATS:0.22477064220183487	YHFATPDT:0.3073394495412844	QYTSSGPT:0.21100917431192662	TNPYFAQQ:0.2798165137614679	NPYFAQQY:0.44036697247706424	VSSHQGNV:0.27522935779816515	GAYHFATP:0.3394495412844037	RTGRDAVI:0.2798165137614679	TMWQYTSS:0.22018348623853212	YTMWQYTS:0.22018348623853212	MWQYTSSG:0.22018348623853212	ARTGRDAV:0.24311926605504589	TGRDAVIY:0.3165137614678899	IYTATSWW:0.26146788990825687	VIYTATSW:0.25688073394495414	QTEGVDVS:0.2798165137614679	IEWNPYGA:0.21559633027522937	AQQYNGSY:0.44036697247706424	VGMIRGAY:0.2981651376146789	TLPGVLDI:0.21559633027522937	YVKATEGT:0.45871559633027525	KATEGTYY:0.3165137614678899	WSRDGKTL:0.22018348623853212	LPGVLDIE:0.21559633027522937	RDGKTLPG:0.2018348623853211	SYNVGMIR:0.29357798165137616	GGWSRDGK:0.21559633027522937	QQYNGSYN:0.43119266055045874	QYNGSYNV:0.2889908256880734	GSYNVGMI:0.29357798165137616	SRDGKTLP:0.22018348623853212	GWSRDGKT:0.21559633027522937	YNGSYNVG:0.2889908256880734	NGSYNVGM:0.29357798165137616	GGGWSKDG:0.24770642201834864	NPLWIARY:0.3256880733944954	FAYVKATE:0.40825688073394495	RFAYVKAT:0.3486238532110092	KTLPGALD:0.3165137614678899	GALDMEYN:0.20642201834862386	PGALDMEY:0.20642201834862386	GAYHFALP:0.27522935779816515	TLPGALDM:0.22018348623853212	LDMEYNPY:0.2018348623853211	ALDMEYNP:0.21100917431192662	LPGALDME:0.22018348623853212	DGKTLPGA:0.3165137614678899	GKTLPGAL:0.3165137614678899	RGAYHFAL:0.22935779816513763	NPYGATCY:0.3669724770642202	VDHGGGWS:0.28440366972477066	ANYFVDHG:0.22018348623853212	ATEGTYYT:0.20642201834862386	YFVDHGGG:0.25688073394495414	PYGATCYG:0.3623853211009174	QANYFVDH:0.22018348623853212	NYFVDHGG:0.22018348623853212	TEGTYYTN:0.20642201834862386	FVDHGGGW:0.2889908256880734	AYVKATEG:0.44954128440366975	YNPYGATC:0.3119266055045872	GATCYGLS:0.22018348623853212	DIEYNPYG:0.23394495412844038	YNVGMIRG:0.29357798165137616	LDIEYNPY:0.26146788990825687	EYNPYGAT:0.3119266055045872	YGATCYGL:0.23853211009174313	
