cluster number:82
GH25:11	GH25:11|CBM50:9
VAGYPRGY:0.45454545454545453	AWQYSSSG:0.36363636363636365	WPFAAAWQ:0.36363636363636365	AAWQYSSS:0.36363636363636365	AAAWQYSS:0.5454545454545454	LSGIAARL:0.2727272727272727	FAAAWQYS:0.5454545454545454	PRGYAGER:0.2727272727272727	YAGERLRD:0.2727272727272727	AGTWAKYA:0.2727272727272727	WAKRWLDR:0.2727272727272727	YGLWVAGY:0.45454545454545453	PFAAAWQY:0.36363636363636365	YPRGYAGE:0.36363636363636365	QQGAPVGD:0.2727272727272727	PWPFAAAW:0.36363636363636365	GDAGTWAK:0.2727272727272727	PQQGAPVG:0.2727272727272727	TPQQGAPV:0.2727272727272727	GERLRDPG:0.2727272727272727	GYPRGYAG:0.36363636363636365	WVAGYPRG:0.45454545454545453	RGYAGERL:0.2727272727272727	NSPEAEAD:0.6363636363636364	DAGTWAKY:0.2727272727272727	AGYPRGYA:0.36363636363636365	LIYPGEVL:0.2727272727272727	AKRWLDRV:0.2727272727272727	VIRGDYGN:0.36363636363636365	SGIAARLG:0.2727272727272727	GYAGERLR:0.2727272727272727	QGAPVGDA:0.2727272727272727	AGERLRDP:0.2727272727272727	GNSPEAEA:0.6363636363636364	DYGLWVAG:0.2727272727272727	YGDAGTWA:0.45454545454545453	AVIRGDYG:0.36363636363636365	GLWVAGYP:0.5454545454545454	LWVAGYPR:0.45454545454545453	PVLDWEPS:0.2727272727272727	VSPWPFAA:0.2727272727272727	IPVLDWEP:0.45454545454545453	DVNWFYGD:0.45454545454545453	VNWFYGDA:0.45454545454545453	SPWPFAAA:0.2727272727272727	GDTMSAIA:0.2727272727272727	GLWLAAYP:0.2727272727272727	YGLWLAAY:0.2727272727272727	PYVIYPGQ:0.2727272727272727	WLQRVESA:0.2727272727272727	WALRWLQR:0.36363636363636365	GYMHDGVI:0.2727272727272727	HFARPDLG:0.5454545454545454	FYGDAGTW:0.36363636363636365	QRVESAWG:0.2727272727272727	YHFARPDL:0.5454545454545454	DLGNSPEA:0.5454545454545454	WEPGGAYN:0.36363636363636365	PDLGNSPE:0.5454545454545454	RPDLGNSP:0.5454545454545454	IYMSASVI:0.2727272727272727	VYHFARPD:0.45454545454545453	ARPDLGNS:0.5454545454545454	RGVYHFAR:0.36363636363636365	ESAWGVKP:0.2727272727272727	VIPVLDWE:0.36363636363636365	WFYGDAGT:0.36363636363636365	RGYMHDGV:0.2727272727272727	MHDGVIPV:0.2727272727272727	VESAWGVK:0.2727272727272727	QTRGYMHD:0.2727272727272727	WWALRWLQ:0.36363636363636365	QLTGYRSG:0.36363636363636365	NWFYGDAG:0.36363636363636365	IDVNWFYG:0.36363636363636365	DWEPGGAY:0.2727272727272727	GVKPLIYM:0.2727272727272727	IAARLGIS:0.2727272727272727	GVIPVLDW:0.36363636363636365	YMHDGVIP:0.2727272727272727	FARPDLGN:0.5454545454545454	VKPLIYMS:0.2727272727272727	SPEAEADW:0.5454545454545454	HDGVIPVL:0.2727272727272727	WGVKPLIY:0.36363636363636365	GIAARLGI:0.36363636363636365	SQTRGYMH:0.2727272727272727	RRGVYHFA:0.36363636363636365	LTGYRSGN:0.2727272727272727	TRGYMHDG:0.2727272727272727	LGNSPEAE:0.5454545454545454	LDWEPGGA:0.2727272727272727	TQLTGYRS:0.36363636363636365	LQRVESAW:0.2727272727272727	LRWLQRVE:0.36363636363636365	GVYHFARP:0.45454545454545453	DGVIPVLD:0.36363636363636365	TGYRSGNP:0.2727272727272727	ALRWLQRV:0.36363636363636365	RWLQRVES:0.2727272727272727	RVESAWGV:0.2727272727272727	PEAEADWF:0.5454545454545454	TEGNGYTD:0.36363636363636365	KVTEGNGY:0.36363636363636365	VTEGNGYT:0.36363636363636365	
