cluster number:67
GH25:14	GH25:14
DDYPLWVA:0.21428571428571427	FVRYEEFG:0.21428571428571427	KPIIYTNI:0.21428571428571427	FIKATEGI:0.2857142857142857	GVKPIIYT:0.7857142857142857	YGVKPIIY:0.7142857142857143	IKATEGIT:0.2857142857142857	RSTARIWL:0.21428571428571427	QHSDIGRV:0.21428571428571427	VRYEEFGI:0.2857142857142857	FWQHSDIG:0.2857142857142857	DYPLWVAH:0.21428571428571427	HSDIGRVN:0.21428571428571427	IWLEEMEK:0.21428571428571427	TEGITRQD:0.2857142857142857	SFAFIKAT:0.21428571428571427	DLPPVLDV:0.2857142857142857	STARIWLE:0.21428571428571427	AFIKATEG:0.5714285714285714	KATEGITR:0.2857142857142857	AVIRSTAR:0.21428571428571427	IVRGAYHF:0.21428571428571427	RIWLEEME:0.21428571428571427	ARIWLEEM:0.21428571428571427	TTVDFNVF:0.21428571428571427	SDIGRVNG:0.21428571428571427	TARIWLEE:0.21428571428571427	VIRSTARI:0.21428571428571427	LPPVLDVE:0.2857142857142857	RGAYHFFY:0.2857142857142857	EFDDYPLW:0.21428571428571427	DIGRVNGI:0.21428571428571427	FAFIKATE:0.5714285714285714	GDLPPVLD:0.6428571428571429	VRGAYHFF:0.2857142857142857	ATEGITRQ:0.2857142857142857	YPLWVAHY:0.35714285714285715	FDDYPLWV:0.21428571428571427	IRSTARIW:0.21428571428571427	EGITRQDA:0.21428571428571427	VKPIIYTN:0.5714285714285714	WQHSDIGR:0.21428571428571427	RYEEFGID:0.21428571428571427	LDIEVHNN:0.21428571428571427	VLDIEVHN:0.21428571428571427	PPVLDIEV:0.21428571428571427	GIDVSKFQ:0.21428571428571427	YPLWIAHY:0.21428571428571427	DLPPVLDI:0.42857142857142855	LPPVLDIE:0.42857142857142855	PVLDIEVH:0.21428571428571427	HGIDVSKF:0.21428571428571427	DIEVHNNQ:0.21428571428571427	EKHYGVKP:0.21428571428571427	IHGIDVSR:0.21428571428571427	HYGVKPII:0.35714285714285715	KHYGVKPI:0.21428571428571427	GFAFIKAT:0.21428571428571427	HGIDVSRY:0.21428571428571427	GIDVSRYQ:0.21428571428571427	
