cluster number:149
GH25:11	GH25:11
GTAEQEAE:0.2727272727272727	GKKVAVYH:0.2727272727272727	LDLNVFYG:0.2727272727272727	PDCDRAFQ:0.36363636363636365	AWAKRWLD:0.2727272727272727	NPDCDRAF:0.36363636363636365	SGKKVAVY:0.2727272727272727	VAWAKRWL:0.2727272727272727	AEQEAEFF:0.2727272727272727	TAEQEAEF:0.2727272727272727	DVAWAKRW:0.2727272727272727	KATGGTGY:0.2727272727272727	EQEAEFFL:0.2727272727272727	ADFVIVKA:0.5454545454545454	DFVIVKAT:0.6363636363636364	FDWTENGI:0.2727272727272727	PKRRYGYR:0.2727272727272727	RRYGYRVD:0.2727272727272727	YGYRVDDL:0.2727272727272727	DFDWTENG:0.2727272727272727	KRRYGYRV:0.2727272727272727	RYGYRVDD:0.2727272727272727	FVIVKATE:0.36363636363636365	AVLVLDWE:0.2727272727272727	VIVKATEG:0.36363636363636365	PADFVIVK:0.45454545454545453	IKGYIGKA:0.36363636363636365	CDRAFQQA:0.2727272727272727	VPADFVIV:0.36363636363636365	NIKGYIGK:0.36363636363636365	DCDRAFQQ:0.2727272727272727	MNGIDISS:0.2727272727272727	
