cluster number:32
CBM1:28	CBM1:28|GH74:15|GH5_7:3|CE1:3|3.2.1.151:3|3.2.1.4:1|GH30_7:1|CBM35:1|GH26:1|AA9:1|AA12:1|AA3_2:1
FGARSGNG:0.42857142857142855	NMPGRGMG:0.35714285714285715	SGNGLWKS:0.42857142857142855	GGNMPGRG:0.5	ILYFGARS:0.25	MGERLAVD:0.25	RGMGERLA:0.25	DPFDSNHW:0.32142857142857145	GARSGNGL:0.42857142857142855	NHWLYGTG:0.32142857142857145	SNHWLYGT:0.32142857142857145	LPFKVGGN:0.42857142857142855	MPGRGMGE:0.35714285714285715	PFKVGGNM:0.42857142857142855	DSNHWLYG:0.32142857142857145	GERLAVDP:0.35714285714285715	GAGPYDGT:0.25	AYARTDIG:0.4642857142857143	RSGNGLWK:0.42857142857142855	FKVGGNMP:0.42857142857142855	GMGERLAV:0.21428571428571427	LYFGARSG:0.25	VAYARTDI:0.32142857142857145	KGVAYART:0.25	GVAYARTD:0.32142857142857145	GNGLWKST:0.39285714285714285	FDSNHWLY:0.2857142857142857	GNMPGRGM:0.35714285714285715	VGGNMPGR:0.42857142857142855	YFGARSGN:0.32142857142857145	PGRGMGER:0.35714285714285715	IDPFDSNH:0.32142857142857145	VTFDSTSG:0.25	ARSGNGLW:0.42857142857142855	GRGMGERL:0.35714285714285715	NGLWKSTD:0.2857142857142857	PFDSNHWL:0.2857142857142857	KVGGNMPG:0.42857142857142855	YARTDIGG:0.4642857142857143	WGQCGGIG:0.21428571428571427	QCGGIGWT:0.21428571428571427	CGGIGWTG:0.21428571428571427	NPYYSQCL:0.21428571428571427	LPSGAVIA:0.21428571428571427	EEMAVLGL:0.21428571428571427	SLPSGAVI:0.21428571428571427	GGGGFVPG:0.21428571428571427	GGGGGFVP:0.21428571428571427	DALATDPV:0.21428571428571427	DIGGAYRL:0.21428571428571427	TDIGGAYR:0.21428571428571427	ARTDIGGA:0.2857142857142857	ATPRIFVG:0.21428571428571427	RTDIGGAY:0.32142857142857145	PRIFVGVA:0.21428571428571427	GAVIASDK:0.25	WVTFDSTS:0.21428571428571427	PGIVFNPS:0.21428571428571427	LWKSTDYG:0.21428571428571427	TPRIFVGV:0.32142857142857145	GLWKSTDY:0.21428571428571427	IGGAYRLN:0.21428571428571427	GWTGPTAC:0.21428571428571427	GDVWVSTD:0.21428571428571427	NGRGIFYG:0.2857142857142857	GTNGRGIF:0.2857142857142857	TNGRGIFY:0.2857142857142857	
