cluster number:9
CBM1:13	CBM1:13|AA9:11|1.-.-.-:2|CE1:1
IAASHKGP:0.46153846153846156	VYLAKVDN:0.3076923076923077	AKVDNAAT:0.38461538461538464	QLKGVRAP:0.23076923076923078	YLMRVELL:0.23076923076923078	QVYLAKVD:0.23076923076923078	QGQLKGVR:0.23076923076923078	LMRVELLA:0.23076923076923078	VELLALHS:0.23076923076923078	SHKGPIQV:0.3076923076923077	DPDNPIAA:0.23076923076923078	GPIQVYLA:0.3076923076923077	AASHKGPI:0.46153846153846156	IQVYLAKV:0.3076923076923077	LAKVDNAA:0.6153846153846154	HKGPIQVY:0.3076923076923077	YLAKVDNA:0.6153846153846154	PIQVYLAK:0.3076923076923077	KGPIQVYL:0.3076923076923077	DNPIAASH:0.3076923076923077	PIAASHKG:0.46153846153846156	NPIAASHK:0.3076923076923077	MRVELLAL:0.23076923076923078	RVELLALH:0.3076923076923077	TVSFPGAY:0.38461538461538464	KVDNAATA:0.23076923076923078	ASHKGPIQ:0.3076923076923077	PDNPIAAS:0.23076923076923078	VDNAATAS:0.23076923076923078	GQLKGVRA:0.23076923076923078	QFYMECAQ:0.23076923076923078	DQGQLKGV:0.23076923076923078	ELLALHSA:0.38461538461538464	LLALHSAS:0.23076923076923078	PQGSNDPD:0.23076923076923078	CIAPGQYL:0.23076923076923078	IGGPQGSN:0.23076923076923078	WQHVIGGP:0.3076923076923077	SCAQINVT:0.23076923076923078	LYGQCGGQ:0.46153846153846156	GLLVGLRA:0.23076923076923078	QGSNDPDN:0.23076923076923078	QINVTSGG:0.23076923076923078	GPTTCAQG:0.3076923076923077	FVNGADQG:0.23076923076923078	TCAQGTCK:0.3076923076923077	AHTIFQKV:0.23076923076923078	VSFPGAYS:0.38461538461538464	NVKAGDTI:0.23076923076923078	AQGTCKYS:0.23076923076923078	VTSGGSFS:0.23076923076923078	WAVDTMIA:0.23076923076923078	GQCGGQGW:0.38461538461538464	QKWFKVAS:0.23076923076923078	AQINVTSG:0.23076923076923078	HVIGGPQG:0.3076923076923077	LVGLRAPS:0.23076923076923078	QFYISCAQ:0.23076923076923078	SGAPLYGQ:0.23076923076923078	QHVIGGPQ:0.3076923076923077	TSGGSFSP:0.23076923076923078	QGLLVGLR:0.23076923076923078	GPQGSNDP:0.23076923076923078	YGQCGGQG:0.46153846153846156	GSNDPDNP:0.23076923076923078	GAPLYGQC:0.3076923076923077	ISCAQINV:0.23076923076923078	SGGSFSPS:0.23076923076923078	KVDNAASA:0.23076923076923078	GQKWFKVA:0.23076923076923078	VNGADQGL:0.23076923076923078	FYISCAQI:0.23076923076923078	WFKVASEG:0.3076923076923077	GADQGLLV:0.23076923076923078	FAAAANAH:0.23076923076923078	PTTCAQGT:0.3076923076923077	RAPSNNNP:0.23076923076923078	NGADQGLL:0.23076923076923078	DPGILINI:0.23076923076923078	INVTSGGS:0.23076923076923078	FKVASEGL:0.3076923076923077	GSGAPLYG:0.23076923076923078	TTCAQGTC:0.3076923076923077	QKVFVNGA:0.23076923076923078	FQKVFVNG:0.23076923076923078	GGPQGSND:0.23076923076923078	APLYGQCG:0.3076923076923077	YISCAQIN:0.23076923076923078	KWAVDTMI:0.23076923076923078	STVSFPGA:0.23076923076923078	VKAGDTIG:0.23076923076923078	PGILINIY:0.23076923076923078	SNDPDNPI:0.23076923076923078	NVTSGGSF:0.23076923076923078	CAQINVTS:0.23076923076923078	DQGLLVGL:0.23076923076923078	INVKAGDT:0.23076923076923078	VIGGPQGS:0.23076923076923078	AKVDNAAS:0.23076923076923078	VDNAASAS:0.23076923076923078	LLVGLRAP:0.23076923076923078	AVDTMIAN:0.23076923076923078	NDPDNPIA:0.38461538461538464	KVFVNGAD:0.23076923076923078	KWFKVASE:0.23076923076923078	VFVNGADQ:0.23076923076923078	PLYGQCGG:0.38461538461538464	ADQGLLVG:0.23076923076923078	IFQKVFVN:0.23076923076923078	CAQGTCKY:0.23076923076923078	GLKWFKVA:0.23076923076923078	RAELIALH:0.23076923076923078	APGQYLMR:0.23076923076923078	KVASEGLS:0.23076923076923078	VASEGLSG:0.23076923076923078	ASEGLSGG:0.23076923076923078	
