cluster number:25
CBM1:12	CBM1:12|AA9:11|1.-.-.-:2
QCGGQGWT:0.25	DLASNDLR:0.25	CGGQGWTG:0.25	YTVPGPAV:0.25	ASNDLRCN:0.25	DYLLRIQQ:0.25	TDPGYTAN:0.4166666666666667	DPGYTANI:0.4166666666666667	PGYTANIY:0.4166666666666667	TANIYSNF:0.4166666666666667	GYTANIYS:0.4166666666666667	YTANIYSN:0.4166666666666667	LASNDLRC:0.25	ASAHYIFQ:0.5833333333333334	GDYLLRIQ:0.4166666666666667	NYTVPGPA:0.25	AGIPQFYI:0.3333333333333333	AAALSLAV:0.25	FHNYTVPG:0.25	NYNSPVTD:0.5833333333333334	GIPQFYIS:0.3333333333333333	SIYMSKAP:0.25	YISCAQIT:0.25	TPVYHQGP:0.3333333333333333	VAKWGQCG:0.4166666666666667	AFKETDPG:0.4166666666666667	MSKAPGSA:0.25	PWPAGIPQ:0.3333333333333333	NFHNYTVP:0.25	PGAFKETD:0.4166666666666667	QFYISCAQ:0.5833333333333334	CTVAKWGQ:0.25	YNSPVTDL:0.5833333333333334	SKAPGSAS:0.3333333333333333	TNYNSPVT:0.5	IPGAFKET:0.4166666666666667	DPGYTVNI:0.4166666666666667	NDLRCNVG:0.3333333333333333	IPQFYISC:0.3333333333333333	PQFYISCA:0.5833333333333334	YIRKNTNY:0.25	NPWPAGIP:0.3333333333333333	HNPWPAGI:0.3333333333333333	DYDGSGGW:0.3333333333333333	VSAHYIFQ:0.25	RKNTNYNS:0.25	NSPVTDLT:0.3333333333333333	PGYTVNIY:0.4166666666666667	AQITVTGG:0.25	FYISCAQI:0.5833333333333334	SAHYIFQQ:0.6666666666666666	AGTDTVTV:0.25	DGSGGWFK:0.4166666666666667	GGWFKIKD:0.4166666666666667	VYQYIRKN:0.25	YMSKAPGS:0.25	GAGTDTVT:0.25	ASDYDGSG:0.25	TVAKWGQC:0.25	KNTNYNSP:0.25	WPAGIPQF:0.3333333333333333	YQYIRKNT:0.25	IRKNTNYN:0.25	TDPGYTVN:0.4166666666666667	IHNPWPAG:0.5	WGQCGGQG:0.25	SPVTDLTS:0.3333333333333333	GAFKETDP:0.4166666666666667	SNDLRCNV:0.3333333333333333	YDGSGGWF:0.4166666666666667	DLRCNVGA:0.4166666666666667	HNYTVPGP:0.25	CAQITVTG:0.25	DTPVYHQG:0.3333333333333333	PAGIPQFY:0.3333333333333333	GIHNPWPA:0.3333333333333333	QITVTGGG:0.25	NDYYSQCL:0.3333333333333333	SDYDGSGG:0.3333333333333333	KETDPGYT:0.4166666666666667	AHYIFQQL:0.5833333333333334	QYIRKNTN:0.25	SCAQITVT:0.25	SGGWFKIK:0.4166666666666667	GSGGWFKI:0.4166666666666667	WFKIKDWG:0.5833333333333334	FKETDPGY:0.4166666666666667	IYMSKAPG:0.25	NTNYNSPV:0.5	AKWGQCGG:0.4166666666666667	ISCAQITV:0.25	GWFKIKDW:0.4166666666666667	YTVPGPEV:0.25	TVPGPEVF:0.25	NYTVPGPE:0.25	TVNIYSNF:0.25	TAVYHQGP:0.3333333333333333	DTAVYHQG:0.3333333333333333	VKAGDSIT:0.25	LDTAVYHQ:0.25	FTLDTAVY:0.25	TFTLDTAV:0.25	KIPGAFKE:0.25	NGEYLLRI:0.25	YSNFNSYT:0.4166666666666667	SNFNSYTI:0.25	GTWFKIKD:0.25	TLDTAVYH:0.25	STKYPVFQ:0.25	DGSGTWFK:0.25	VKIPGAFK:0.25	GPISVYMS:0.25	GEYLLRIQ:0.3333333333333333	YPVFQYIR:0.25	GDSITFTL:0.25	VGSTKYPV:0.25	SITFTLDT:0.25	ASSYDGSG:0.25	TKYPVFQY:0.25	NFNSYTIP:0.25	ISVYMSKA:0.25	VFQYIRQN:0.3333333333333333	AVYHQGPI:0.25	GSTKYPVF:0.25	NSYTIPGP:0.25	FNSYTIPG:0.25	CCATGTCK:0.25	KAGDSITF:0.25	EYLLRIQS:0.3333333333333333	VYHQGPIS:0.4166666666666667	ETDPGYTA:0.25	IYSNFNSY:0.4166666666666667	NIYSNFNS:0.4166666666666667	HQGPISVY:0.25	GSGTWFKI:0.25	DSITFTLD:0.25	SGANTQTV:0.25	SVYMSKAP:0.25	ANIYSNFN:0.3333333333333333	YHQGPISV:0.25	KCCATGTC:0.25	SGTWFKIK:0.25	FKIKDWGP:0.4166666666666667	PISVYMSK:0.25	AGDSITFT:0.25	YDGSGTWF:0.25	KYPVFQYI:0.25	ITFTLDTA:0.25	QVKIPGAF:0.25	HYIFQQLS:0.4166666666666667	PVFQYIRQ:0.25	QGPISVYM:0.25	GIHNPYPA:0.25	IHNPYPAG:0.25	WGQCGGNG:0.25	TTTLVTST:0.25	TCAAGSTC:0.3333333333333333	KWGQCGGN:0.25	CTTCAAGS:0.3333333333333333	KIKDWGPT:0.3333333333333333	LDTPVYHQ:0.25	GCTTCAAG:0.3333333333333333	YLLRIQSL:0.3333333333333333	IKDWGPTF:0.3333333333333333	TGCTTCAA:0.3333333333333333	TTLVTSTR:0.25	TTCAAGST:0.3333333333333333	YTGCTTCA:0.25	GYTGCTTC:0.25	DTDPGYTV:0.25	
