cluster number:13
CBM1:13	AA9:13|CBM1:13|1.-.-.-:3
CGGQGYTG:0.23076923076923078	GKMNVKIP:0.3076923076923077	YTGCTTCA:0.23076923076923078	DYLLRAEA:0.6153846153846154	LNACCGKM:0.23076923076923078	GDYLLRAE:0.8461538461538461	PSGDYLLR:0.46153846153846156	IPSGDYLL:0.3076923076923077	SGDYLLRA:0.5384615384615384	DLNACCGK:0.23076923076923078	GGTVTVEM:0.3076923076923077	GQGYTGCT:0.23076923076923078	YQITVSGG:0.3076923076923077	ITVSGGGS:0.23076923076923078	AGGTVTVE:0.3076923076923077	DIPSGDYL:0.23076923076923078	GYTGCTTC:0.23076923076923078	TVSGGGSA:0.23076923076923078	CGKMNVKI:0.3076923076923077	QCGGQGYT:0.23076923076923078	GTVTVEMH:0.3076923076923077	CYQITVSG:0.3076923076923077	CCGKMNVK:0.3076923076923077	QITVSGGG:0.3076923076923077	GGQGYTGC:0.23076923076923078	AEALALHT:0.3076923076923077	GGAHWGPV:0.3076923076923077	TVTVEMHQ:0.46153846153846156	CKAVSPPY:0.23076923076923078	EMHQQPGD:0.38461538461538464	DASTADGS:0.23076923076923078	YLLRAEAL:0.46153846153846156	SPPYYSQC:0.46153846153846156	QQPGDRSC:0.38461538461538464	MHQQPGDR:0.38461538461538464	LLRAEALA:0.46153846153846156	EALALHTA:0.3076923076923077	ALALHTAG:0.23076923076923078	VGDDDNWG:0.23076923076923078	TCKVGSSP:0.3076923076923077	SEAIGGAH:0.23076923076923078	NSPVTNVG:0.23076923076923078	YVAPGPAV:0.23076923076923078	CESTCKVG:0.23076923076923078	HQQPGDRS:0.38461538461538464	TVEMHQQP:0.3076923076923077	LRAEALAL:0.46153846153846156	KAVSPPYY:0.23076923076923078	RAEALALH:0.46153846153846156	STCKVGSS:0.23076923076923078	SNSPVTNV:0.38461538461538464	ESTCKVGS:0.23076923076923078	GKCPVKAG:0.23076923076923078	AVSPPYYS:0.46153846153846156	VEMHQQPG:0.3076923076923077	PPYYSQCA:0.23076923076923078	IGGAHWGP:0.3076923076923077	VSPPYYSQ:0.46153846153846156	VTVEMHQQ:0.5384615384615384	GCESTCKV:0.23076923076923078	APGPAVYS:0.23076923076923078	PGPAVYSG:0.38461538461538464	GAQFYMSC:0.38461538461538464	QFYMSCYQ:0.23076923076923078	AQFYMSCY:0.23076923076923078	GPAVYSGG:0.38461538461538464	PLSNSPVT:0.23076923076923078	GGAQFYMS:0.3076923076923077	LNDYYSQC:0.23076923076923078	CANEAIGG:0.23076923076923078	RAEVIALH:0.3076923076923077	GDDDYWGT:0.3076923076923077	NSPVTDVT:0.23076923076923078	SGDDDYWG:0.23076923076923078	SPVTDVTS:0.23076923076923078	SNSPVTDV:0.23076923076923078	PVTDVTSN:0.23076923076923078	TVSFPGAY:0.23076923076923078	DDYWGTKD:0.3076923076923077	DDDYWGTK:0.3076923076923077	GSTVTVEM:0.23076923076923078	EAIGGAHY:0.3076923076923077	AGSTVTVE:0.23076923076923078	AIGGAHYG:0.3076923076923077	AKYQQCGG:0.23076923076923078	STVTVEMH:0.23076923076923078	DYWGTKDL:0.23076923076923078	IGGAHYGP:0.3076923076923077	GGAHYGPV:0.3076923076923077	YWGTKDLN:0.23076923076923078	LLRAEVIA:0.23076923076923078	LRAEVIAL:0.23076923076923078	PASNSPVT:0.23076923076923078	YLLRAEVI:0.23076923076923078	QLTVTGSG:0.23076923076923078	YQLTVTGS:0.23076923076923078	CYQLTVTG:0.23076923076923078	LNSCCGKM:0.23076923076923078	CASGSTCS:0.23076923076923078	SAVSPPYY:0.23076923076923078	STCSAVSP:0.23076923076923078	DLNSCCGK:0.23076923076923078	KDLNSCCG:0.23076923076923078	KCPVKAGS:0.23076923076923078	CSAVSPPY:0.23076923076923078	VKAGSTVT:0.23076923076923078	GSTCSAVS:0.23076923076923078	ASGSTCSA:0.23076923076923078	CPVKAGST:0.23076923076923078	PVKAGSTV:0.23076923076923078	SGSTCSAV:0.23076923076923078	AAAHATFQ:0.23076923076923078	ADGSSGWF:0.23076923076923078	TCSAVSPP:0.23076923076923078	DGSSGWFK:0.23076923076923078	
