cluster number:16
CBM1:138	CBM1:138|GH7:117|3.2.1.176:32|GH12:3|3.2.1.132:2|GH45:2|CE16:1|AA9:1|GH5_5:1|CE1:1|3.1.1.-:1|3.2.1.4:1|GH16:1|AA8:1|PL4_1:1|GH30_7:1|CBM18:1|GH43_6:1
AKYGTGYC:0.7101449275362319	SNIKFGPI:0.2391304347826087	DSCGGTYS:0.2536231884057971	VSMDADGG:0.3333333333333333	NIKFGPIG:0.2391304347826087	TFDVDVSN:0.391304347826087	YGTGYCDA:0.2608695652173913	LNGALYFV:0.5362318840579711	FVSMDADG:0.3333333333333333	GAKYGTGY:0.7101449275362319	GCGLNGAL:0.21739130434782608	YFVSMDAD:0.3333333333333333	LGNEFTFD:0.2028985507246377	MVLVMSLW:0.36231884057971014	EFTFDVDV:0.4855072463768116	WLDSTYPT:0.391304347826087	LYFVSMDA:0.3115942028985507	DANWRWTH:0.34057971014492755	NEFTFDVD:0.2028985507246377	STNCYTGN:0.2536231884057971	NKAGAKYG:0.5144927536231884	GNEFTFDV:0.2028985507246377	ALYFVSMD:0.3695652173913043	IKFGPIGS:0.2391304347826087	KFGPIGST:0.2391304347826087	DRYGGTCD:0.26811594202898553	GLNGALYF:0.644927536231884	GALYFVSM:0.3695652173913043	NMLWLDST:0.5144927536231884	DIWEANSI:0.4492753623188406	MLWLDSTY:0.5	KAGAKYGT:0.5144927536231884	EMDIWEAN:0.6376811594202898	CGLNGALY:0.7028985507246377	FTFDVDVS:0.47101449275362317	LWLDSTYP:0.5	GCDFNSYR:0.2318840579710145	TGYCDAQC:0.2753623188405797	GDSCGGTY:0.2536231884057971	AGAKYGTG:0.717391304347826	YVQNGKVI:0.2318840579710145	NGALYFVS:0.35507246376811596	IWEANSIS:0.43478260869565216	GTGYCDAQ:0.26811594202898553	LLGNEFTF:0.21739130434782608	KYGTGYCD:0.7028985507246377	MDIWEANS:0.45652173913043476	DGCDFNSY:0.2318840579710145	IDANWRWT:0.2391304347826087	GYCDAQCP:0.2753623188405797	KFINGQAN:0.2536231884057971	CSTSSGVP:0.21014492753623187	GSCSTSSG:0.2028985507246377	GNKAGAKY:0.2608695652173913	SCSTSSGV:0.2028985507246377	RGSCSTSS:0.2028985507246377	STSSGVPA:0.21014492753623187	LSEIKRFY:0.2028985507246377	GYCDSQCP:0.4855072463768116	PRDLKFIN:0.38405797101449274	YCDSQCPR:0.4420289855072464	TGYCDSQC:0.45652173913043476	TCDPDGCD:0.34782608695652173	YGGTCDPD:0.2246376811594203	EIKRFYVQ:0.2608695652173913	RDLKFING:0.39855072463768115	YGTGYCDS:0.4492753623188406	CDPDGCDF:0.391304347826087	QCPRDLKF:0.4420289855072464	LPCGLNGA:0.5144927536231884	GGTCDPDG:0.2246376811594203	RYGGTCDP:0.2246376811594203	DPDGCDFN:0.39855072463768115	CPRDLKFI:0.4420289855072464	PDGCDFNS:0.21739130434782608	DSQCPRDL:0.3695652173913043	GTCDPDGC:0.34782608695652173	GTGYCDSQ:0.45652173913043476	TYGITTSG:0.2246376811594203	CDSQCPRD:0.4492753623188406	SQCPRDLK:0.3695652173913043	TNKAGAKY:0.2246376811594203	ANMLWLDS:0.30434782608695654	NQEFTFDV:0.2536231884057971	GQCGGIGY:0.21014492753623187	CSEMDIWE:0.32608695652173914	LLNQEFTF:0.21014492753623187	NLPCGLNG:0.26811594202898553	LNQEFTFD:0.2028985507246377	SNLPCGLN:0.26811594202898553	QEFTFDVD:0.3115942028985507	PCGLNGAL:0.4782608695652174	KFINGEAN:0.2463768115942029	SEMDIWEA:0.3333333333333333	CCSEMDIW:0.3333333333333333	VVIDANWR:0.2246376811594203	VIDANWRW:0.2391304347826087	EANSISEA:0.2028985507246377	EALTPHPC:0.2028985507246377	NSISEALT:0.2028985507246377	VLVMSLWD:0.2971014492753623	SISEALTP:0.2028985507246377	GSCCSEMD:0.2753623188405797	ANSISEAL:0.2028985507246377	GMVLVMSL:0.2826086956521739	WEANSISE:0.2028985507246377	ISEALTPH:0.2028985507246377	SEALTPHP:0.2028985507246377	LVMSLWDD:0.2971014492753623	SCCSEMDI:0.2318840579710145	DLKFINGQ:0.2028985507246377	FDVDVSNL:0.2971014492753623	LKFINGQA:0.2028985507246377	SNIRFGPI:0.2028985507246377	VDVSNLPC:0.2318840579710145	DVDVSNLP:0.21739130434782608	DVSNLPCG:0.2318840579710145	VSNLPCGL:0.2318840579710145	FINGQANV:0.2028985507246377	LDSTYPTN:0.21739130434782608	GQANVEGW:0.2028985507246377	
