cluster number:40
CBM1:43	CBM1:43|GH5_5:40|3.2.1.4:15|PL1_7:1|CE16:1
GATSQYIF:0.3023255813953488	WWAAGPWW:0.5581395348837209	VPFLMERL:0.20930232558139536	FDTNNEYH:0.46511627906976744	RVPFLMER:0.20930232558139536	VLDPHNYG:0.2558139534883721	TCVSSTIG:0.2558139534883721	WAAGPWWG:0.46511627906976744	FRVPFLME:0.20930232558139536	IRAAGATS:0.3023255813953488	YEMHQYLD:0.6046511627906976	VYEMHQYL:0.4186046511627907	AGMNIFRV:0.23255813953488372	LDPHNYGR:0.32558139534883723	VIFDTNNE:0.4883720930232558	ATSQYIFV:0.27906976744186046	GMNIFRVP:0.20930232558139536	QYIFVEGN:0.46511627906976744	AYAVLDPH:0.2558139534883721	AGATSQYI:0.3488372093023256	SQYIFVEG:0.27906976744186046	GAYAVLDP:0.20930232558139536	TSQYIFVE:0.2558139534883721	KVIFDTNN:0.32558139534883723	DPHNYGRY:0.37209302325581395	AAGATSQY:0.3023255813953488	DTNNEYHD:0.37209302325581395	RAAGATSQ:0.3023255813953488	AIRAAGAT:0.23255813953488372	YAVLDPHN:0.27906976744186046	AVLDPHNY:0.2558139534883721	IFDTNNEY:0.4186046511627907	MNIFRVPF:0.20930232558139536	EFAGGANS:0.2558139534883721	FAGGANSV:0.23255813953488372	GEFAGGAN:0.32558139534883723	PHNFGRYY:0.20930232558139536	NNEYHDMD:0.23255813953488372	AGGANSVC:0.2558139534883721	DSDGSGTS:0.4883720930232558	LGEFAGGA:0.3023255813953488	DPHNFGRY:0.20930232558139536	TNNEYHDM:0.3023255813953488	LDSDGSGT:0.5581395348837209	YLDSDGSG:0.5581395348837209	MHQYLDSD:0.813953488372093	HQYLDSDG:0.5581395348837209	QYLDSDGS:0.5581395348837209	LWWAAGPW:0.27906976744186046	MDQTLVLN:0.23255813953488372	QTLVLNLN:0.27906976744186046	QYLDSDSS:0.2558139534883721	YLDSDSSG:0.2558139534883721	DSDSSGTS:0.23255813953488372	LDSDSSGT:0.2558139534883721	KIVYEMHQ:0.27906976744186046	LNLNQAAI:0.3023255813953488	ALWWAAGP:0.20930232558139536	AGPWWGDY:0.27906976744186046	GALWWAAG:0.20930232558139536	LVLNLNQA:0.3023255813953488	DQTLVLNL:0.27906976744186046	HQYLDSDS:0.2558139534883721	GIRAAGAT:0.20930232558139536	TLVLNLNQ:0.27906976744186046	EMHQYLDS:0.6744186046511628	VLNLNQAA:0.3023255813953488	IVYEMHQY:0.27906976744186046	NESGAEFG:0.2558139534883721	AGPWWGTY:0.20930232558139536	YIFVEGNS:0.20930232558139536	WSAGPWWG:0.20930232558139536	IITSTSDF:0.23255813953488372	WWSAGPWW:0.20930232558139536	GRYYGNII:0.23255813953488372	LNQAAING:0.27906976744186046	NLNQAAIN:0.3488372093023256	QAAINGIR:0.27906976744186046	AAINGIRA:0.20930232558139536	NQAAINGI:0.27906976744186046	LGTDYTWP:0.20930232558139536	
