cluster number:23
CBM1:23	CBM1:23|AA9:15|AA1:1
LYGQCGGQ:0.43478260869565216	QCGGQGWT:0.43478260869565216	CGGQGWTG:0.43478260869565216	TLYGQCGG:0.34782608695652173	GQCGGQGW:0.43478260869565216	GQGWTGPT:0.43478260869565216	YGQCGGQG:0.43478260869565216	QTLYGQCG:0.34782608695652173	GWTGPTTC:0.43478260869565216	GGQGWTGP:0.43478260869565216	SGTCKVSN:0.21739130434782608	QGWTGPTT:0.43478260869565216	VSFPGAYS:0.21739130434782608	WTGPTTCA:0.43478260869565216	TGGGSASP:0.21739130434782608	TVSFPGAY:0.2608695652173913	TSYTIPGP:0.21739130434782608	PGAQFYME:0.21739130434782608	TCASGTCK:0.2608695652173913	FYMECAQI:0.21739130434782608	MECAQINI:0.21739130434782608	GPTTCASG:0.2608695652173913	PGPRPFTC:0.21739130434782608	YMECAQIN:0.21739130434782608	TGPTTCAS:0.2608695652173913	YPGAQFYM:0.2608695652173913	TTCASGTC:0.2608695652173913	VTGLKWFK:0.21739130434782608	IPGPRPFT:0.21739130434782608	GAQFYMEC:0.2608695652173913	SYPGAQFY:0.21739130434782608	PTTCASGT:0.2608695652173913	AQFYMECA:0.2608695652173913	QFYMECAQ:0.2608695652173913	HTFALDDF:0.21739130434782608	GGAGGDWG:0.21739130434782608	FYDWTPTG:0.2608695652173913	TFALDDFY:0.21739130434782608	FALDDFYD:0.2608695652173913	DFYDWTPT:0.2608695652173913	ALDDFYDW:0.2608695652173913	LDDFYDWT:0.2608695652173913	CGRFFHQD:0.21739130434782608	GHTFALDD:0.2608695652173913	DDFYDWTP:0.2608695652173913	RQSGWNPP:0.21739130434782608	KRQSGWNP:0.21739130434782608	
