cluster number:12
CBM1:51	CBM1:51|GH10:41|3.2.1.8:17|CE1:5|GH11:2|3.1.1.72:2|GH16:1|AA9:1
MKWDATEP:0.27450980392156865	KWDATEPS:0.21568627450980393	ITELDIRM:0.27450980392156865	AITELDIR:0.35294117647058826	VAITELDI:0.3333333333333333	ELDIRMTL:0.2549019607843137	TELDIRMT:0.2549019607843137	LDIRMTLP:0.2549019607843137	DKYSWVPS:0.21568627450980393	YSWVPSTF:0.21568627450980393	EVAITELD:0.21568627450980393	FGQITPGN:0.3333333333333333	TDKYSWVP:0.39215686274509803	GQITPGNS:0.23529411764705882	YFGSATDN:0.27450980392156865	KYSWVPST:0.21568627450980393	VEVAITEL:0.21568627450980393	YYNDYNIE:0.2549019607843137	KLYYNDYN:0.49019607843137253	LYYNDYNI:0.2549019607843137	CYAWDVVN:0.39215686274509803	EVAYTELD:0.23529411764705882	YAWDVVNE:0.5098039215686274	AWDVVNEA:0.4117647058823529	WGQCGGIG:0.37254901960784315	QCGGIGWT:0.2549019607843137	GQCGGIGW:0.35294117647058826	CGGIGWTG:0.2549019607843137	GQCYAWDV:0.21568627450980393	WTDKYSWV:0.21568627450980393	NEALNEDG:0.21568627450980393	HYKGQCYA:0.21568627450980393	DVVNEALN:0.23529411764705882	WDWTDKYS:0.27450980392156865	KGQCYAWD:0.21568627450980393	DWTDKYSW:0.27450980392156865	WDVVNEAL:0.2549019607843137	YKGQCYAW:0.21568627450980393	AKLYYNDY:0.27450980392156865	
