cluster number:33
CBM1:19	CBM1:19|CE5:9|AA9:3|CE3:2|GH11:1|3.1.1.6:1|AA12:1|AA8:1|GH6:1|3.1.1.72:1
PYCCTGND:0.3157894736842105	GGQASCGG:0.21052631578947367	PTCCSQGT:0.3157894736842105	QCGGQGWT:0.5263157894736842	CGGQGWTG:0.5263157894736842	GQCGGQGW:0.42105263157894735	FGARETTA:0.21052631578947367	LVLVGYSQ:0.2631578947368421	GQGWTGPT:0.3684210526315789	VFGARETT:0.3684210526315789	YPACGGQA:0.21052631578947367	ACGGQASC:0.21052631578947367	TCCSQGTC:0.3157894736842105	NAVCGGPD:0.21052631578947367	DPYCCTGN:0.3157894736842105	NQWYSQCL:0.3684210526315789	DNAVCGGP:0.21052631578947367	IHVFGARE:0.3157894736842105	PACGGQAS:0.21052631578947367	VLVGYSQG:0.47368421052631576	GWTGPTCC:0.2631578947368421	WGQCGGQG:0.3684210526315789	HVFGARET:0.3684210526315789	GPTCCSQG:0.3157894736842105	GGQGWTGP:0.3684210526315789	CGGQASCG:0.21052631578947367	YGQQALAF:0.21052631578947367	QGWTGPTC:0.2631578947368421	GARETTAP:0.21052631578947367	VGYSQGGQ:0.3684210526315789	GARETTVS:0.21052631578947367	GYSQGGQI:0.3684210526315789	ACGGQSSC:0.21052631578947367	LVGYSQGG:0.3684210526315789	PACGGQSS:0.21052631578947367	FGARETTV:0.2631578947368421	GQSSCGGV:0.21052631578947367	CGGQSSCG:0.21052631578947367	YPACGGQS:0.21052631578947367	GGQSSCGG:0.21052631578947367	CCSQGTCR:0.21052631578947367	TCRASNQW:0.21052631578947367	SQGGQIMD:0.21052631578947367	RASNQWYS:0.21052631578947367	QGTCRASN:0.21052631578947367	ASNQWYSQ:0.2631578947368421	GTCRASNQ:0.21052631578947367	SQGTCRAS:0.21052631578947367	PGATSEAI:0.21052631578947367	CSQGTCRA:0.21052631578947367	CRASNQWY:0.21052631578947367	YSQGGQIM:0.21052631578947367	SNQWYSQC:0.3684210526315789	AHWGQCGG:0.21052631578947367	GWTGATCC:0.21052631578947367	
