cluster number:15
GH17:44	GH17:44|CBM43:40
SYAYNDYY:0.20454545454545456	YAYNDYYQ:0.20454545454545456	ASYAYNDY:0.20454545454545456	TNQTYCVA:0.22727272727272727	NKEAVDAN:0.2727272727272727	LLHYTNVF:0.36363636363636365	DAVVDAAY:0.25	QAFFNRSL:0.25	ILDSFPPS:0.36363636363636365	TYNSNLIR:0.3181818181818182	ALDWACGP:0.5227272727272727	LNVYPYYD:0.25	QAALDWAC:0.5	FDAVVDAA:0.2727272727272727	KEAVDANT:0.2727272727272727	PSQAFFNR:0.3181818181818182	SNGVIPLD:0.3409090909090909	EAVDANTL:0.25	PLPPNKEA:0.29545454545454547	NTLLHYTN:0.4772727272727273	YNSNLIRH:0.3181818181818182	KMLQAALD:0.3409090909090909	PPNKEAVD:0.3181818181818182	VVDAAYFA:0.22727272727272727	MLNVYPYY:0.2727272727272727	NVFDAVVD:0.2727272727272727	HYTNVFDA:0.4090909090909091	DANTLLHY:0.22727272727272727	FPPSQAFF:0.5454545454545454	GPGKVDCS:0.29545454545454547	LMLNVYPY:0.22727272727272727	DAAYFAMA:0.2727272727272727	VFDAVVDA:0.2727272727272727	SIILDSFP:0.22727272727272727	WACGPGKV:0.38636363636363635	VYPYYDYM:0.20454545454545456	TGTPKHPG:0.36363636363636365	SFPPSQAF:0.38636363636363635	TNVFDAVV:0.2727272727272727	DNADTYNS:0.2727272727272727	VDANTLLH:0.22727272727272727	NDTTNQTY:0.36363636363636365	AALDWACG:0.5	ADTYNSNL:0.29545454545454547	TTNQTYCV:0.22727272727272727	LDYALFRP:0.3181818181818182	DYALFRPL:0.3181818181818182	DTYNSNLI:0.29545454545454547	NADTYNSN:0.29545454545454547	MLQAALDW:0.3409090909090909	LQAALDWA:0.45454545454545453	DTTNQTYC:0.36363636363636365	NGVIPLDY:0.29545454545454547	ALFRPLPP:0.29545454545454547	LDSFPPSQ:0.38636363636363635	GVIPLDYA:0.29545454545454547	ACGPGKVD:0.3181818181818182	PPSQAFFN:0.5454545454545454	PNKEAVDA:0.20454545454545456	AVDANTLL:0.22727272727272727	CGPGKVDC:0.3181818181818182	TLLHYTNV:0.45454545454545453	VIPLDYAL:0.36363636363636365	IILDSFPP:0.3409090909090909	RPLPPNKE:0.2727272727272727	NVYPYYDY:0.25	DWACGPGK:0.4318181818181818	YALFRPLP:0.4090909090909091	PLDYALFR:0.2727272727272727	KVSTPHSS:0.20454545454545456	ANDTTNQT:0.4772727272727273	SSSIILDS:0.20454545454545456	YTNVFDAV:0.29545454545454547	LPPNKEAV:0.29545454545454547	NSNLIRHV:0.3181818181818182	SQAFFNRS:0.2727272727272727	SSIILDSF:0.22727272727272727	IPLDYALF:0.38636363636363635	FRPLPPNK:0.2727272727272727	LFRPLPPN:0.2727272727272727	DSFPPSQA:0.38636363636363635	LDWACGPG:0.5227272727272727	VDAAYFAM:0.3181818181818182	LANDTTNQ:0.4090909090909091	AVVDAAYF:0.25	LHYTNVFD:0.4090909090909091	ANTLLHYT:0.20454545454545456	TDPSHGSC:0.2727272727272727	TTTDPSHG:0.29545454545454547	TTDPSHGS:0.2727272727272727	HVRLYDAD:0.2727272727272727	ESGWPSKG:0.29545454545454547	NITAIAVG:0.2727272727272727	ANTYNSNL:0.25	GTPKHPGI:0.20454545454545456	NANTYNSN:0.25	ITAIAVGS:0.2727272727272727	YIYELYNE:0.2727272727272727	AIAVGSEV:0.2727272727272727	IYELYNED:0.29545454545454547	IAVGSEVL:0.3409090909090909	STYIYELY:0.22727272727272727	TAIAVGSE:0.2727272727272727	TYIYELYN:0.2727272727272727	NTYNSNLI:0.25	VSTYIYEL:0.22727272727272727	DNANTYNS:0.20454545454545456	SEKNWGLF:0.25	VTETGWPS:0.29545454545454547	GVNIGTDV:0.22727272727272727	ELFNEDLR:0.25	IYELFNED:0.29545454545454547	YIYELFNE:0.22727272727272727	YELFNEDL:0.25	NSNLIKHV:0.29545454545454547	YNSNLIKH:0.2727272727272727	GWPSKGDS:0.3181818181818182	VTESGWPS:0.29545454545454547	TESGWPSK:0.2727272727272727	TYNSNLIK:0.20454545454545456	
