cluster number:45
GH17:88	GH17:88|3.2.1.39:20|3.2.1.73:1
YDPNQAAL:0.3068181818181818	IAVGNEVS:0.3409090909090909	AVGNEVSP:0.3977272727272727	TLIGNSFP:0.22727272727272727	GSFRNDVR:0.2159090909090909	LYDPNQAA:0.25	MRLYDPNQ:0.2840909090909091	MTLIGNSF:0.22727272727272727	DMTLIGNS:0.4431818181818182	RYIAVGNE:0.22727272727272727	RLYDPNQA:0.25	GVPNSDLQ:0.4090909090909091	VGNEVSPV:0.32954545454545453	LIGNSFPP:0.22727272727272727	IGNSFPPS:0.22727272727272727	PSQGSFRN:0.2159090909090909	ALRGSNIE:0.25	RMRLYDPN:0.3181818181818182	SQGSFRND:0.2159090909090909	YIAVGNEV:0.42045454545454547	IDMTLIGN:0.2727272727272727	LGVPNSDL:0.36363636363636365	PPSQGSFR:0.3068181818181818	GYQNLFDA:0.375	IETYLFAM:0.2159090909090909	PELEKHFG:0.3409090909090909	IGNSYPPS:0.23863636363636365	NSYPPSQG:0.26136363636363635	GVCYGMMG:0.25	CYGMMGNN:0.3181818181818182	DVRSYLDP:0.3409090909090909	NLFDAMLD:0.5568181818181818	GMMGNNLP:0.3181818181818182	VCYGMMGN:0.22727272727272727	LFAMFDEN:0.25	LANIYPYF:0.2159090909090909	YPPSQGSF:0.2159090909090909	ETYLFAMF:0.23863636363636365	VRSYLDPI:0.25	GNSYPPSQ:0.2840909090909091	SYPPSQGS:0.2159090909090909	YGMMGNNL:0.3181818181818182	QNLFDAML:0.2840909090909091	LIGNSYPP:0.23863636363636365	NIYPYFSY:0.26136363636363635	TYLFAMFD:0.22727272727272727	YLFAMFDE:0.26136363636363635	GNPRDISL:0.3409090909090909	YQNLFDAM:0.2840909090909091	LPYALFTA:0.2727272727272727	IVVSESGW:0.22727272727272727	PYALFTAP:0.2159090909090909	FAMFDENQ:0.22727272727272727	VVSESGWP:0.6590909090909091	PYALFTSP:0.29545454545454547	VNVYPYFS:0.20454545454545456	ISLPYALF:0.5113636363636364	VVVSESGW:0.4431818181818182	ESGWPSDG:0.23863636363636365	VKIKYIAV:0.32954545454545453	SGIELILG:0.22727272727272727	RDISLPYA:0.32954545454545453	PLLVNVYP:0.2159090909090909	VSESGWPS:0.6590909090909091	LPYALFTS:0.29545454545454547	SESGWPSD:0.23863636363636365	APLLVNVY:0.20454545454545456	SLPYALFT:0.5113636363636364	KYIAVGNE:0.4318181818181818	LLVNVYPY:0.20454545454545456	LFDAMLDS:0.38636363636363635	FDAMLDSV:0.3409090909090909	KIKYIAVG:0.32954545454545453	AMFDENQK:0.22727272727272727	DISLPYAL:0.38636363636363635	PRDISLPY:0.32954545454545453	SGWPSDGG:0.2159090909090909	NPRDISLP:0.32954545454545453	IKYIAVGN:0.3977272727272727	IELILGVP:0.25	ILGVPNSD:0.22727272727272727	RSYLDPII:0.23863636363636365	EVVVSESG:0.2159090909090909	MTLIGNSY:0.2159090909090909	QIKVSTAI:0.22727272727272727	DQIKVSTA:0.2159090909090909	NVLNFWPS:0.20454545454545456	VLNFWPSV:0.20454545454545456	LILGVPNS:0.25	SYLDPIIG:0.22727272727272727	TLIGNSYP:0.22727272727272727	IKVSTAID:0.2727272727272727	ELILGVPN:0.25	SESGWPSA:0.4090909090909091	YALFTSPS:0.20454545454545456	NPELEKHF:0.20454545454545456	KNPELEKH:0.20454545454545456	ESGWPSAG:0.4090909090909091	YPYFSYSG:0.23863636363636365	PYFSYSGN:0.23863636363636365	YFSYSGNP:0.26136363636363635	SGWPSAGA:0.26136363636363635	YIFAMFDE:0.29545454545454547	ETYIFAMF:0.29545454545454547	IAVGNEIS:0.25	YRNLFDAM:0.20454545454545456	VGNEISPV:0.23863636363636365	AVGNEISP:0.25	TYIFAMFD:0.2840909090909091	LVNIYPYF:0.2159090909090909	IFAMFDEN:0.2840909090909091	GWPSAGAF:0.26136363636363635	YIAVGNEI:0.26136363636363635	FTAPNVVV:0.20454545454545456	LFTAPNVV:0.20454545454545456	
