cluster number:26
GH17:55	GH17:55|3.2.1.39:1|CBM43:1|2.4.1.-:1
PFLINAYP:0.45454545454545453	ERNYGLFY:0.23636363636363636	GQIANNLP:0.4909090909090909	FALFNENM:0.2	NENMKPGP:0.21818181818181817	VFALFNEN:0.4727272727272727	ALFNENMK:0.2	SPFLINAY:0.43636363636363634	DNMLYAQI:0.2909090909090909	RNYGLFYP:0.23636363636363636	FNENMKPG:0.21818181818181817	MKPGPTSE:0.21818181818181817	NMLYAQID:0.2909090909090909	INYGQIAN:0.45454545454545453	KPGPTSER:0.32727272727272727	FGINYGQI:0.2545454545454545	VKLYDADP:0.38181818181818183	YAQIDAVY:0.23636363636363636	SERNYGLF:0.5272727272727272	YVFALFNE:0.5454545454545454	PGPTSERN:0.32727272727272727	YGQIANNL:0.4909090909090909	YDNMLYAQ:0.4	KVKLYDAD:0.3090909090909091	GSPFLINA:0.21818181818181817	LINAYPFF:0.36363636363636365	ISETGWPS:0.5636363636363636	FLINAYPF:0.2909090909090909	AYPFFAYK:0.2545454545454545	LYAQIDAV:0.2545454545454545	LFNENMKP:0.2	AQIDAVYA:0.23636363636363636	GPTSERNY:0.34545454545454546	QIDAVYAA:0.23636363636363636	RISETGWP:0.23636363636363636	MLYAQIDA:0.2545454545454545	PTSERNYG:0.34545454545454546	TSERNYGL:0.38181818181818183	VYVFALFN:0.23636363636363636	NYGQIANN:0.4909090909090909	INAYPFFA:0.34545454545454546	NAYPFFAY:0.34545454545454546	VRISETGW:0.23636363636363636	PPSSGAFR:0.21818181818181817	GINYGQIA:0.509090909090909	ETGWPSKG:0.45454545454545453	QIANNLPS:0.2	TGWPSKGD:0.43636363636363634	NYGLFKPD:0.2727272727272727	VSETGWPS:0.34545454545454546	YGLFKPDG:0.38181818181818183	SETGWPSK:0.45454545454545453	GLFKPDGT:0.32727272727272727	RNYGLFKP:0.2727272727272727	ERNYGLFK:0.2727272727272727	NAYPYFAY:0.2909090909090909	HYDNMLFA:0.2727272727272727	VLFQPNQG:0.23636363636363636	LFKPDGTP:0.2727272727272727	YDNMLFAQ:0.2727272727272727	DFVLFQPN:0.2	IYVFALFN:0.23636363636363636	MLFAQIDA:0.2	LFAQIDAV:0.2	NLHYDNML:0.2545454545454545	KPDGTPAY:0.2	FKPDGTPA:0.2	NENLKPGP:0.2545454545454545	LFNENLKP:0.32727272727272727	FALFNENL:0.34545454545454546	ITCITVGN:0.23636363636363636	FNENLKPG:0.32727272727272727	ALFNENLK:0.34545454545454546	TCITVGNE:0.23636363636363636	KPGPASER:0.2	VFALFNED:0.2727272727272727	FVFALFNE:0.2	VTTAHSLA:0.2	CITVGNEV:0.2	TNLHYDNM:0.2	
