cluster number:10
GH17:72	GH17:72|3.2.1.39:14
VVSESGWP:0.4861111111111111	NGAPLLAN:0.3194444444444444	VSESGWPS:0.6111111111111112	IVVSESGW:0.3611111111111111	FAMFDENQ:0.20833333333333334	LFAMFDEN:0.5416666666666666	ETYLFAMF:0.5972222222222222	LLGNSYPP:0.25	YALFTSPG:0.20833333333333334	AMFDENQK:0.20833333333333334	TYLFAMFD:0.5972222222222222	YLFAMFDE:0.5833333333333334	PLLANVYP:0.4305555555555556	LANVYPYF:0.4583333333333333	GYQNLFDA:0.6388888888888888	AIETYLFA:0.25	FKYIAVGN:0.4722222222222222	SESGWPSE:0.3611111111111111	IETYLFAM:0.5277777777777778	LLANVYPY:0.4305555555555556	ALRGSNIE:0.4861111111111111	DVKFKYIA:0.2361111111111111	ESGWPSEG:0.3611111111111111	LFDALLDS:0.3194444444444444	QNLFDALL:0.3611111111111111	KFKYIAVG:0.4305555555555556	VKFKYIAV:0.4305555555555556	YQNLFDAL:0.4444444444444444	NLFDALLD:0.3611111111111111	APLLANVY:0.3194444444444444	QIKVSTAI:0.4166666666666667	ANVYPYFA:0.3472222222222222	AISSANLQ:0.20833333333333334	YAALEKVG:0.3194444444444444	GQIKVSTA:0.3472222222222222	VVDLYKSN:0.3194444444444444	NVYPYFAY:0.3472222222222222	GAPLLANV:0.2916666666666667	LQGQIKVS:0.3472222222222222	NLQGQIKV:0.3333333333333333	ANLQGQIK:0.3611111111111111	VGYQNLFD:0.3194444444444444	QGQIKVST:0.3194444444444444	IKVSTAID:0.4027777777777778	KYIAVGNE:0.5277777777777778	YIAVGNEV:0.3888888888888889	NIEVILGV:0.2222222222222222	NLPTKQAV:0.2361111111111111	GNNLPTKQ:0.2222222222222222	DALLDSLY:0.2361111111111111	IRLYYPDE:0.20833333333333334	DTTLLGNS:0.2361111111111111	ALLDSLYA:0.2361111111111111	LGNSYPPK:0.2222222222222222	EKVGAPNV:0.20833333333333334	LLDSLYAA:0.2361111111111111	NEVGYQNL:0.25	EVGYQNLF:0.25	VYPYFAYV:0.2222222222222222	EVILGVPN:0.20833333333333334	LDYALFTK:0.25	ALEKVGAP:0.20833333333333334	TKQAVVDL:0.2222222222222222	GLDYALFT:0.25	AIDTTLLG:0.2916666666666667	NGNNLPTK:0.25	KVSTAIDT:0.3888888888888889	LRGSNIEV:0.2916666666666667	LDSLYAAL:0.25	FDALLDSL:0.2361111111111111	VSTAIDTT:0.3888888888888889	YPPKDGVF:0.20833333333333334	TLLGNSYP:0.2361111111111111	RLYYPDEG:0.20833333333333334	KIRLYYPD:0.2222222222222222	LEKVGAPN:0.20833333333333334	TAIDTTLL:0.3333333333333333	SYPPKDGV:0.20833333333333334	SLYAALEK:0.2638888888888889	RGSNIEVI:0.2777777777777778	GSNIEVIL:0.2777777777777778	STAIDTTL:0.4166666666666667	KVGAPNVK:0.20833333333333334	TTLLGNSY:0.2361111111111111	IDTTLLGN:0.2361111111111111	LQALRGSN:0.3194444444444444	LPTKQAVV:0.2361111111111111	AGSVLPAL:0.2222222222222222	AALEKVGA:0.25	NNLPTKQA:0.2222222222222222	QAVVDLYK:0.2222222222222222	QALRGSNI:0.3194444444444444	YIAVGNEI:0.2222222222222222	IEVILGVP:0.20833333333333334	IGLDYALF:0.25	VPNDQLQS:0.20833333333333334	PTKQAVVD:0.2222222222222222	PPKDGVFS:0.20833333333333334	SNIEVILG:0.2361111111111111	AVVDLYKS:0.25	LYAALEKV:0.20833333333333334	KQAVVDLY:0.2222222222222222	DSLYAALE:0.2638888888888889	AVGNEVHP:0.2361111111111111	IAVGNEVH:0.2361111111111111	
