cluster number:55
GH17:87	GH17:87|CBM43:79
DANFDTLV:0.40229885057471265	VAVGNEPF:0.632183908045977	DCTALGYG:0.20689655172413793	NASYAFNM:0.22988505747126436	PFLSLYGN:0.21839080459770116	YPFLSLYG:0.21839080459770116	TNVFDANF:0.41379310344827586	TVPLNADV:0.3448275862068966	FERHWGIF:0.6091954022988506	VFDANFDT:0.41379310344827586	ASYAFNMY:0.21839080459770116	ANFDTLVS:0.28735632183908044	IYPFLSLY:0.5977011494252874	NIYPFLSL:0.7241379310344828	EVMVAIPN:0.2413793103448276	FDANFDTL:0.41379310344827586	LGYGSSCN:0.22988505747126436	ATVPLNAD:0.25287356321839083	IVGEVGWP:0.2413793103448276	YTNVFDAN:0.4942528735632184	KVKLFDAD:0.3793103448275862	NVFDANFD:0.42528735632183906	GNASYAFN:0.3793103448275862	KATVPLNA:0.25287356321839083	FDTLVSAL:0.3103448275862069	NFDTLVSA:0.3103448275862069	AVGNEPFL:0.7241379310344828	VGEVGWPT:0.4482758620689655	VGNEPFLK:0.21839080459770116	VPLNADVY:0.367816091954023	GNFERHWG:0.6091954022988506	VNIYPFLS:0.5632183908045977	PGNFERHW:0.5977011494252874	NFERHWGI:0.4827586206896552	SYAFNSYY:0.25287356321839083	YAFNSYYQ:0.25287356321839083	IRYVAVGN:0.3103448275862069	YLFSLIDE:0.20689655172413793	RYVAVGNE:0.3448275862068966	EIGWPTDG:0.21839080459770116	YVAVGNEP:0.5747126436781609	VMVGIPND:0.20689655172413793	GEIGWPTD:0.21839080459770116	KYVAVGNE:0.26436781609195403	IKYVAVGN:0.25287356321839083	GEVGWPTD:0.5632183908045977	EVGWPTDG:0.5632183908045977	VGWPTDGD:0.45977011494252873	APFTVNIY:0.3333333333333333	FTVNIYPF:0.40229885057471265	TVNIYPFL:0.3103448275862069	APGNFERH:0.2988505747126437	PFTVNIYP:0.3793103448275862	GWPTDGDK:0.3448275862068966	DIRYVAVG:0.21839080459770116	
