cluster number:13
GH17:31	GH17:31
PVGHVDTW:0.22580645161290322	VGISVGSE:0.5161290322580645	VGSEDLYR:0.8709677419354839	NGSNSAVI:0.22580645161290322	ISVGSEDL:0.8387096774193549	SVGSEDLY:0.8709677419354839	VWVTETGW:0.3548387096774194	PLYDLSCS:0.22580645161290322	WVTETGWP:0.5161290322580645	GISVGSED:0.8387096774193549	VTETGWPV:0.45161290322580644	VVGISVGS:0.5161290322580645	TSLLLGLW:0.3870967741935484	TLLLGLWA:0.22580645161290322	LLLGLWAS:0.45161290322580644	PIGHVDTW:0.45161290322580644	TTLLLGLW:0.22580645161290322	IGHVDTWT:0.45161290322580644	TSARLYTM:0.41935483870967744	LVVGISVG:0.2903225806451613	GFTSARLY:0.25806451612903225	FTSARLYT:0.41935483870967744	WLGFDGYP:0.22580645161290322	GSEDLYRN:0.2903225806451613	DWLGFDGY:0.22580645161290322	ISAIPAAI:0.2903225806451613	PISAIPAA:0.2903225806451613	LGFDGYPY:0.22580645161290322	SEDLYRNS:0.25806451612903225	SARLYTMI:0.45161290322580644	TETGWPVS:0.3870967741935484	RLYTMIQG:0.3225806451612903	YTMIQGGT:0.22580645161290322	ETGWPVSG:0.3870967741935484	GHVDTWTA:0.45161290322580644	LYTMIQGG:0.25806451612903225	ARLYTMIQ:0.45161290322580644	EVWITETG:0.22580645161290322	TPLFDLSC:0.22580645161290322	WITETGWP:0.2903225806451613	LLGLWASG:0.25806451612903225	LGLWASGG:0.22580645161290322	KEVWITET:0.22580645161290322	ITETGWPV:0.2903225806451613	VWITETGW:0.25806451612903225	TTPLFDLS:0.22580645161290322	STTPLFDL:0.22580645161290322	LSTTPLFD:0.22580645161290322	HVDTWTAW:0.3225806451612903	VDTWTAWV:0.22580645161290322	DTWTAWVN:0.22580645161290322	
