cluster number:42
GH17:95	GH17:95|3.2.1.39:13
QIKVSTAI:0.3473684210526316	GNQIKVST:0.30526315789473685	GLGNQIKV:0.30526315789473685	ISLDYALF:0.21052631578947367	NQIKVSTA:0.4105263157894737	IAVGNEVK:0.21052631578947367	DAVYSALE:0.21052631578947367	LGNQIKVS:0.30526315789473685	SFPPSKGS:0.21052631578947367	KVSTAIET:0.24210526315789474	GYRNLFDA:0.3368421052631579	AVGNEVKP:0.21052631578947367	IKVSTAIE:0.22105263157894736	VSTAIETG:0.21052631578947367	PPSKGSFK:0.21052631578947367	YIAVGNEV:0.47368421052631576	AGLGNQIK:0.30526315789473685	SESGWPSA:0.43157894736842106	NLFDAILD:0.29473684210526313	ESGWPSAG:0.43157894736842106	DIRLDYAL:0.2	SGWPSAGG:0.2736842105263158	LFDAILDA:0.23157894736842105	QHVKGGTP:0.2	IRLDYALF:0.23157894736842105	VVSESGWP:0.49473684210526314	RYIAVGNE:0.3263157894736842	FRYIAVGN:0.3263157894736842	VSESGWPS:0.3894736842105263	NVYPYFSY:0.21052631578947367	IVVSESGW:0.4105263157894737	LLVNLYPY:0.28421052631578947	RMRLYDPN:0.30526315789473685	MRLYDPNQ:0.22105263157894736	RLDYALFT:0.2	PLLVNLYP:0.29473684210526313	IKVSTAID:0.2631578947368421	SPLLVNLY:0.2	LVNLYPYF:0.2631578947368421	KVSTAIDT:0.25263157894736843	ALRGSNIE:0.24210526315789474	LLVNVYPY:0.2	ALEKAGGG:0.23157894736842105	LEKAGGGS:0.24210526315789474	YAALEKAG:0.2	PLLVNVYP:0.2	LVNVYPYF:0.2	EKAGGGSL:0.23157894736842105	YRNLFDAI:0.21052631578947367	
