cluster number:17
GH17:12	GH17:12
YGKAICYS:0.3333333333333333	EVDFISIH:0.25	SGYREGQN:0.4166666666666667	ICYSGYRE:0.5833333333333334	AICYSGYR:0.6666666666666666	KAICYSGY:0.3333333333333333	LEPEKHWG:0.4166666666666667	PLEPEKHW:0.3333333333333333	GKAICYSG:0.4166666666666667	EWNENLVS:0.3333333333333333	WNENLVSP:0.25	PEWNENLV:0.3333333333333333	GYREGQNP:0.4166666666666667	CYSGYREG:0.5833333333333334	YSGYREGQ:0.5833333333333334	FFFEAFDE:0.3333333333333333	DPQEPEKH:0.25	QEPEKHWG:0.25	PQEPEKHW:0.25	VGNEASVE:0.25	SVEWTDHM:0.25	NEASVEWT:0.3333333333333333	PVTFCENY:0.6666666666666666	EAFDEPWK:0.6666666666666666	FISIHTYP:0.5	FCENYVPW:0.5833333333333334	GRGIEPWN:0.25	ITEAGWTT:0.3333333333333333	NGRGIEPW:0.25	VIITEAGW:0.4166666666666667	DRTPKLVM:0.25	GNEASVEW:0.3333333333333333	RGIEPWNA:0.25	NPNCPWGA:0.25	ELDFISIH:0.3333333333333333	LVAELDFI:0.3333333333333333	SVSVGNEA:0.25	CENYVPWT:0.4166666666666667	LEYTKQNY:0.3333333333333333	VTFCENYV:0.5833333333333334	KQNYYSVA:0.3333333333333333	AFDEPWKG:0.6666666666666666	DFISIHTY:0.5	ASVEWTDH:0.3333333333333333	LTFVFEAF:0.5833333333333334	EKILTFVF:0.25	ALEYTKQN:0.3333333333333333	TDHMVPVD:0.25	LGVDMAAE:0.25	ASNGRGIE:0.25	VFEAFDEP:0.5	NAICYSGY:0.25	FDEPWKGS:0.6666666666666666	SNPNCPWG:0.25	FSVSVGNE:0.25	PEKHWGLF:0.5	FEAFDEPW:0.6666666666666666	KILTFVFE:0.25	EWTDHMVP:0.25	VFSVSVGN:0.25	AELDFISI:0.3333333333333333	PLVAELDF:0.4166666666666667	FVFEAFDE:0.5833333333333334	MLGVDMAA:0.25	EYTKQNYY:0.4166666666666667	RTPKLVMK:0.25	WTDHMVPV:0.3333333333333333	EPEKHWGL:0.6666666666666666	LDFISIHT:0.3333333333333333	EASVEWTD:0.3333333333333333	TASNGRGI:0.25	YDCGPHAE:0.25	YTKQNYYS:0.4166666666666667	ILTFVFEA:0.5	VAELDFIS:0.3333333333333333	SNGRGIEP:0.25	TFCENYVP:0.5833333333333334	QPVTFCEN:0.5833333333333334	VSVGNEAS:0.25	SVGNEASV:0.25	TKQNYYSV:0.4166666666666667	TFVFEAFD:0.5833333333333334	VEWTDHMV:0.25	KVMLGAYI:0.25	IHTYPVWE:0.5	SIHTYPVW:0.5	HTYPVWEY:0.4166666666666667	ITEAGWAT:0.25	ISIHTYPV:0.4166666666666667	KQPVTFCE:0.25	IVITEAGW:0.25	TYPVWEYQ:0.25	VPWTNKLA:0.25	PWTNKLAP:0.25	TNKLAPLV:0.25	EPWKGSDD:0.25	YVPWTNKL:0.25	LAPLVAEL:0.25	WTNKLAPL:0.25	ENYVPWTN:0.25	APLVAELD:0.25	PWKGSDDP:0.25	NYVPWTNK:0.25	NKLAPLVA:0.25	DEPWKGSD:0.25	KLAPLVAE:0.25	KQVIITEA:0.25	QVIITEAG:0.25	
