cluster number:33
GH17:22	GH17:22|3.2.1.58:1
SAGTYTIA:0.5454545454545454	YTAPAVVT:0.22727272727272727	PSAGTYTI:0.6363636363636364	TYCPGTYT:0.2727272727272727	GTYTAPAV:0.2727272727272727	QTCPTPGT:0.22727272727272727	TTVVVPVV:0.22727272727272727	LAIVEKVC:0.22727272727272727	VPSVTTVV:0.22727272727272727	VVTETTTV:0.22727272727272727	YSTDCDTL:0.36363636363636365	STDCDTLP:0.22727272727272727	TVVETATT:0.2727272727272727	LGGVTTVV:0.2727272727272727	TETTTVCG:0.22727272727272727	TYTAPAVV:0.22727272727272727	TCPTPGTY:0.22727272727272727	PSVTTVVV:0.22727272727272727	PGTYTAPA:0.2727272727272727	CPGTYTAP:0.2727272727272727	DTLPNVGA:0.22727272727272727	TYVCPSAG:0.5454545454545454	PSGTHTLG:0.2727272727272727	TLPNVGAA:0.2727272727272727	VETATTVV:0.2727272727272727	YVCPSAGT:0.5454545454545454	GTHTLGGV:0.2727272727272727	TTVVETAT:0.3181818181818182	VTTVVVPV:0.22727272727272727	VCPSAGTY:0.6363636363636364	GPFTTTDV:0.22727272727272727	AGQLAIVE:0.22727272727272727	CPSAGTYT:0.6363636363636364	YCPGTYTA:0.2727272727272727	TLGGVTTV:0.2727272727272727	PFTTTDVV:0.22727272727272727	THTLGGVT:0.2727272727272727	LPNVGAAA:0.22727272727272727	HTLGGVTT:0.2727272727272727	FVAGQLAI:0.22727272727272727	VVETATTV:0.2727272727272727	YTIAPITT:0.3181818181818182	TTYVCPSA:0.5454545454545454	TTTYVCPS:0.5	VPSGTHTL:0.2727272727272727	VTTVVETA:0.3181818181818182	ETATTVVC:0.2727272727272727	AGTYTIAP:0.5909090909090909	GVTTVVET:0.3181818181818182	SVTTVVVP:0.22727272727272727	GGVTTVVE:0.3181818181818182	VAGQLAIV:0.22727272727272727	TYTIAPIT:0.45454545454545453	SGTHTLGG:0.2727272727272727	TAPAVVTT:0.22727272727272727	QLAIVEKV:0.22727272727272727	TATTVVCP:0.4090909090909091	GQLAIVEK:0.22727272727272727	VTETTTVC:0.22727272727272727	GTYTIAPI:0.45454545454545453	TPGTYTFP:0.45454545454545453	TTVTCPYA:0.2727272727272727	CPTPGTYT:0.5	PGTYTFPA:0.5	ETGWPSAG:0.22727272727272727	VVGNEALF:0.2727272727272727	TSVIKTTT:0.22727272727272727	VGNEALFN:0.2727272727272727	ATTVVCPV:0.22727272727272727	VVTSVIKT:0.22727272727272727	GVVTSVIK:0.22727272727272727	EVPSGTHT:0.22727272727272727	TEVPSGTH:0.22727272727272727	GNEALFNG:0.2727272727272727	VTSVIKTT:0.22727272727272727	YTIPATTV:0.22727272727272727	TATTVTCP:0.22727272727272727	TTIVETAT:0.22727272727272727	SVIETTTY:0.2727272727272727	PTPGTYTF:0.4090909090909091	VTTIVETA:0.22727272727272727	YGEPTLVP:0.22727272727272727	INLECGWP:0.22727272727272727	VIETTTYV:0.22727272727272727	ECGWPSAG:0.22727272727272727	ETTTYVCP:0.22727272727272727	IETTTYVC:0.22727272727272727	TIVETATT:0.22727272727272727	GVTTIVET:0.2727272727272727	GGVTTIVE:0.2727272727272727	NLECGWPS:0.2727272727272727	CNCERSWG:0.22727272727272727	TSVIETTT:0.2727272727272727	LECGWPSA:0.22727272727272727	TYTFPATT:0.45454545454545453	GTYTFPAT:0.45454545454545453	VTSVIETT:0.2727272727272727	YTFPATTM:0.22727272727272727	VVTTITET:0.2727272727272727	GANLHPFF:0.22727272727272727	LIVVGNEA:0.2727272727272727	TVCGATST:0.22727272727272727	GVYTIPAT:0.22727272727272727	ANLHPFFN:0.22727272727272727	IVVGNEAI:0.22727272727272727	GGVTTVVT:0.2727272727272727	GVTTVVTT:0.2727272727272727	VYTIPATT:0.22727272727272727	TTVCGATS:0.22727272727272727	VINLETGW:0.3181818181818182	DVINLETG:0.22727272727272727	INLETGWP:0.2727272727272727	
