cluster number:43
GH17:24	GH17:24|3.2.1.-:1
EAFDEPWK:0.7916666666666666	TEMVLHAI:0.25	PSQNNVTR:0.4166666666666667	CNQTEMVL:0.3333333333333333	SQNNVTRD:0.5416666666666666	DCNQTEMV:0.4166666666666667	EWEDKWGL:0.2916666666666667	KEWEDKWG:0.25	WFEAFDEP:0.7916666666666666	FWFEAFDE:0.7916666666666666	FPGMDYTP:0.5	WEDKWGLM:0.25	YGTDCNQT:0.8333333333333334	YFWFEAFD:0.7083333333333334	FEAFDEPW:0.7916666666666666	TDCNQTEM:0.4583333333333333	VRLYGTDC:0.4166666666666667	RLYGTDCN:0.7916666666666666	VGWPSGGG:0.25	EMVLHAID:0.25	AVLSQLTN:0.3333333333333333	SEVGWPSG:0.20833333333333334	KVFPGMDY:0.3333333333333333	HKVFPGMD:0.25	LHKVFPGM:0.25	ATSDLGDN:0.25	PPSQNNVT:0.4166666666666667	QTEMVLHA:0.25	GKEWEDKW:0.25	FDEPWKIQ:0.20833333333333334	TVRLYGTD:0.20833333333333334	NGDLNKDS:0.20833333333333334	GTDCNQTE:0.5	EVGWPSGG:0.25	EDKWGLMD:0.25	MVLHAIDR:0.25	NTVRLYGT:0.20833333333333334	DLHKVFPG:0.2916666666666667	TSDLGDNW:0.2916666666666667	KIPDCGGK:0.3333333333333333	IPDCGGKT:0.4166666666666667	TNTVRLYG:0.20833333333333334	LYGTDCNQ:0.7916666666666666	AFDEPWKI:0.4583333333333333	NQTEMVLH:0.25	VLHAIDRL:0.25	VFPGMDYT:0.5	WEDKWGLL:0.20833333333333334	VANEILFR:0.25	GMDYTPLN:0.3333333333333333	VKIWLGVW:0.25	MANIHPFF:0.5833333333333334	IMANIHPF:0.4166666666666667	KIWLGVWQ:0.2916666666666667	IWLGVWQD:0.2916666666666667	LPVATSDL:0.4166666666666667	PGMDYTPL:0.25	SDLGDNWT:0.20833333333333334	PVATSDLG:0.4166666666666667	VATSDLGD:0.4166666666666667	IVANEILF:0.25	DLGDNWTA:0.20833333333333334	TNYFWFEA:0.375	ATSDLGDD:0.20833333333333334	SDYIMANI:0.2916666666666667	IISETGWP:0.4166666666666667	TSDLGDDW:0.20833333333333334	NYFWFEAF:0.375	NGTNYFWF:0.375	PSQNNITR:0.25	GTDCNQTQ:0.3333333333333333	NIHPFFAG:0.4166666666666667	GTNYFWFE:0.375	DYIMANIH:0.2916666666666667	YIMANIHP:0.2916666666666667	KNIISETG:0.25	ISETGWPT:0.20833333333333334	IHPFFAGV:0.2916666666666667	IRLYGTDC:0.2916666666666667	NPPSQNNI:0.20833333333333334	PPSQNNIT:0.20833333333333334	ANIHPFFA:0.375	TDCNQTQM:0.3333333333333333	NIISETGW:0.4166666666666667	SQNNITRD:0.25	HPFFAGVT:0.20833333333333334	PFFAGVTA:0.20833333333333334	NIHPFFGG:0.25	IHPFFGGV:0.20833333333333334	NNPDLHKV:0.20833333333333334	PDLHKVFP:0.20833333333333334	QNNVTRDV:0.20833333333333334	VTRDVAVL:0.20833333333333334	TRDVAVLS:0.25	RDVAVLSQ:0.25	NPDLHKVF:0.20833333333333334	NNVTRDVA:0.20833333333333334	NVTRDVAV:0.20833333333333334	IADDGDDG:0.25	DVAVLSQL:0.25	ISETGWPS:0.25	PDCGGKTV:0.25	KVFPGIDY:0.20833333333333334	FPGIDYTP:0.20833333333333334	VFPGIDYT:0.20833333333333334	VKIPDCGG:0.25	GVKIPDCG:0.25	
