cluster number:3
GH86:11	GH86:11|3.2.1.81:2
NVEATFDM:0.2727272727272727	SFDRRKFI:0.36363636363636365	FLEGYDVY:0.2727272727272727	VEVMNEPL:0.36363636363636365	YDVYFGRD:0.5454545454545454	YNDRLMRQ:0.2727272727272727	FIPVKAEW:0.36363636363636365	RLGIGRDH:0.2727272727272727	WVYTDLVK:0.2727272727272727	GYDVYFGR:0.36363636363636365	FDRRKFIT:0.5454545454545454	LRLGIGRD:0.2727272727272727	IGGYTVAF:0.45454545454545453	GTATGHYM:0.2727272727272727	QHPFWPDG:0.2727272727272727	VYFGRDTG:0.6363636363636364	PYNDRLMR:0.2727272727272727	PFIPVKAE:0.36363636363636365	GYTVAFPD:0.5454545454545454	EPLYDLVD:0.36363636363636365	LIGGYTVA:0.36363636363636365	SNVEATFD:0.2727272727272727	VIEIPVPY:0.45454545454545453	VLIGGYTV:0.36363636363636365	DSFDRRKF:0.36363636363636365	EIPVPYSA:0.2727272727272727	YFGRDTGG:0.2727272727272727	VMNEPLYD:0.36363636363636365	QQHPFWPD:0.2727272727272727	MNEPLYDL:0.36363636363636365	YTVAFPDF:0.45454545454545453	IEIPVPYS:0.36363636363636365	GHYMANFL:0.2727272727272727	GEAILRLG:0.2727272727272727	NEPLYDLV:0.45454545454545453	GVIEIPVP:0.45454545454545453	GSNVEATF:0.2727272727272727	DVYFGRDT:0.6363636363636364	GGYTVAFP:0.5454545454545454	LGIGRDHG:0.2727272727272727	SIHLYDFP:0.2727272727272727	VYTDLVKF:0.2727272727272727	IPVPYSAL:0.2727272727272727	EVMNEPLY:0.36363636363636365	EWVYTDLV:0.2727272727272727	HLYDFPNF:0.2727272727272727	YVEVMNEP:0.36363636363636365	IPVKAEWG:0.36363636363636365	PVKAEWGR:0.36363636363636365	YTDLVKFY:0.2727272727272727	IPFIPVKA:0.36363636363636365	RRGSNVEA:0.36363636363636365	PTDFRGYD:0.2727272727272727	DSWASDLD:0.2727272727272727	VDSWASDL:0.2727272727272727	KAIPFIPV:0.2727272727272727	TDFRGYDQ:0.2727272727272727	HPYYPDGT:0.2727272727272727	FFGVIEIP:0.5454545454545454	GEAVLRLG:0.2727272727272727	RGSNVEAT:0.36363636363636365	FGVIEIPV:0.5454545454545454	AIPFIPVK:0.2727272727272727	KFYQLWSD:0.2727272727272727	AQQHPFWP:0.2727272727272727	IGRDHGKS:0.2727272727272727	GAQQHPFW:0.2727272727272727	GRDHGKSL:0.36363636363636365	DKLFIDIA:0.2727272727272727	GTAVGHYM:0.2727272727272727	PFGTAVGH:0.2727272727272727	KLFIDIAG:0.2727272727272727	FGTAVGHY:0.2727272727272727	TAVGHYMA:0.2727272727272727	TVAFPDFE:0.2727272727272727	RDKLFIDI:0.2727272727272727	AVGHYMAN:0.2727272727272727	YFGRDTGN:0.2727272727272727	VKFYQLWS:0.2727272727272727	EPFGTAVG:0.2727272727272727	MNEPLFEL:0.2727272727272727	RRKFITLH:0.2727272727272727	VMNEPLFE:0.2727272727272727	DYDVYFGR:0.2727272727272727	WSFSQTDT:0.2727272727272727	EVMNEPLF:0.2727272727272727	DRRKFITL:0.2727272727272727	
