cluster number:0
GH86:36	GH86:36|CBM6:10|CBM13:2|3.2.1.178:1|3.2.1.81:1
SGSNSEAI:0.5555555555555556	PHAITEYG:0.25	GYSSAWPS:0.25	SNSEAILD:0.5555555555555556	VKPHAITE:0.25	GSNSEAIL:0.5555555555555556	RSGSNSEA:0.5833333333333334	KPHAITEY:0.25	KMFMDVAG:0.3333333333333333	HLYDGVNV:0.25	EPMNEPFV:0.3333333333333333	MNEPFVHA:0.5833333333333334	PMNEPFVH:0.3333333333333333	YEPMNEPF:0.2222222222222222	EAILDLIE:0.4722222222222222	YDGVNVTG:0.25	NSEAILDL:0.5	AILDLIET:0.3055555555555556	SEAILDLI:0.4722222222222222	ILDLIETY:0.3055555555555556	YYEVMNEP:0.2222222222222222	LLKAVPFI:0.2222222222222222	SEYGYTAK:0.2222222222222222	RLLKAVPF:0.2222222222222222	LDKPDRLL:0.2222222222222222	PHLISEYG:0.2222222222222222	KPHLISEY:0.2222222222222222	MPKYYEVM:0.2222222222222222	PKYYEVMN:0.2222222222222222	HLISEYGY:0.2222222222222222	YEVMNEPF:0.2222222222222222	YGYTAKGL:0.2222222222222222	LKAVPFIT:0.2222222222222222	KYYEVMNE:0.2222222222222222	LISEYGYT:0.2222222222222222	EYGYTAKG:0.2222222222222222	EVMNEPFV:0.2777777777777778	VGGYSAAW:0.2222222222222222	LTFPDSGG:0.25	KPDRLLKA:0.2222222222222222	DKPDRLLK:0.2222222222222222	NEPFVHAK:0.3055555555555556	NWAGYDQA:0.25	ISEYGYTA:0.2222222222222222	EPFVHAKD:0.3055555555555556	PDRLLKAV:0.2222222222222222	LLDKPDRL:0.2222222222222222	DRLLKAVP:0.2222222222222222	VMNEPFVH:0.2777777777777778	MKMFMDVA:0.25	FSTHLYDG:0.2777777777777778	LDLIETYS:0.2777777777777778	
