cluster number:1
GT101:31	GT101:31
EGEKSRLG:0.22580645161290322	VSRFGDGE:0.2903225806451613	SVSRFGDG:0.2903225806451613	SRLGVGND:0.3548387096774194	GPTATVLA:0.6451612903225806	ALGPTATV:0.5483870967741935	RLGVGNDL:0.3548387096774194	LGVGNDLF:0.3225806451612903	LGPTATVL:0.6129032258064516	VGNDLFDN:0.25806451612903225	ATVLAYDL:0.41935483870967744	PTATVLAY:0.5161290322580645	GVGNDLFD:0.25806451612903225	TATVLAYD:0.45161290322580644	FLIALGPT:0.22580645161290322	VASIDETI:0.22580645161290322	ASIDETIR:0.22580645161290322	LFLIALGP:0.22580645161290322	IALGPTAT:0.41935483870967744	LIALGPTA:0.3548387096774194	CSVSRFGD:0.22580645161290322	
