cluster number:0
GT101:66	GT101:66|GT8:36|GT2:8|2.4.1.-:2
SRSGVGND:0.5757575757575758	STFISRPY:0.6363636363636364	KLILLMLG:0.24242424242424243	LGHIDSEY:0.3333333333333333	KDILIVEG:0.30303030303030304	TFISRPYM:0.21212121212121213	GSTFISRP:0.6212121212121212	LMLGPTAK:0.5151515151515151	IDLGHIDS:0.3333333333333333	VKLSHKHT:0.22727272727272727	RSGVGNDL:0.7272727272727273	YGSTFISR:0.6212121212121212	SVARFGDG:0.21212121212121213	SGVGNDLF:0.7424242424242424	SEYEWFKM:0.3181818181818182	EGETSRSG:0.21212121212121213	LSHKHTAE:0.2727272727272727	ISRPYMDL:0.22727272727272727	FGDGEIDI:0.22727272727272727	LILLMLGP:0.3484848484848485	DLGHIDSE:0.3333333333333333	HTAEHNFD:0.45454545454545453	KHTAEHNF:0.45454545454545453	VARFGDGE:0.21212121212121213	GDGEIDII:0.21212121212121213	AIDLGHID:0.21212121212121213	FISRPYMD:0.22727272727272727	ISRIICPS:0.22727272727272727	HIDSEYEW:0.803030303030303	KLSHKHTA:0.2727272727272727	DILIVEGE:0.22727272727272727	YEWFKMGA:0.30303030303030304	KVKLSHKH:0.22727272727272727	WYGSTFIS:0.5606060606060606	QAIDLGHI:0.21212121212121213	LLMLGPTA:0.45454545454545453	GHIDSEYE:0.803030303030303	VEGETSRS:0.21212121212121213	DSEYEWFK:0.3333333333333333	RFGDGEID:0.2878787878787879	EYEWFKMG:0.3333333333333333	TSRSGVGN:0.5454545454545454	ILLMLGPT:0.36363636363636365	IDSEYEWF:0.5151515151515151	SHKHTAEH:0.42424242424242425	HKHTAEHN:0.5303030303030303	MLGPTAKV:0.6818181818181818	LVRFGDGE:0.22727272727272727	RPYIDLED:0.21212121212121213	IICPSHNA:0.21212121212121213	ICPSHNAY:0.21212121212121213	IGHIDSEY:0.3181818181818182	SLVRFGDG:0.22727272727272727	SSLVRFGD:0.22727272727272727	TFISRPYI:0.5454545454545454	DIGHIDSE:0.3181818181818182	LGPTAKVL:0.48484848484848486	FISRPYID:0.5454545454545454	RIICPSHN:0.21212121212121213	SRPYIDLE:0.21212121212121213	PYIDLEDK:0.21212121212121213	ISRPYIDL:0.2878787878787879	HNFDQDIE:0.25757575757575757	NFDQDIEF:0.3181818181818182	AEHNFDQD:0.2878787878787879	TAEHNFDQ:0.3181818181818182	FNSGVLLI:0.21212121212121213	PWYGSTFI:0.22727272727272727	GVGNDLFD:0.4393939393939394	EHNFDQDI:0.2878787878787879	EDKVLYLD:0.21212121212121213	TTIKSILY:0.22727272727272727	VLYLDSDL:0.22727272727272727	NGDQTIFN:0.25757575757575757	FDQDIEFI:0.21212121212121213	FNGDQTIF:0.25757575757575757	PDWFRKPR:0.22727272727272727	APWYGSTF:0.21212121212121213	
