cluster number:0
AA7:38	AA7:38
GGHFSGGG:0.34210526315789475	RHGLQIRT:0.21052631578947367	YRDLDIGV:0.2631578947368421	SGGHDYEG:0.7105263157894737	GHFSGGGY:0.21052631578947367	HFSGGGYG:0.21052631578947367	GGGGASFG:0.2631578947368421	GHDYEGLS:0.5789473684210527	NFFRNEQS:0.5526315789473685	RKYGLAAD:0.39473684210526316	KYGLAADN:0.3684210526315789	RTRSGGHD:0.2631578947368421	WAIRGGGG:0.6842105263157895	GGASFGVI:0.21052631578947367	TRSGGHDY:0.21052631578947367	HGLQIRTR:0.21052631578947367	EDLFWAIR:0.5263157894736842	AMGEDLFW:0.2894736842105263	RDLDIGVN:0.23684210526315788	GGGASFGV:0.21052631578947367	FRNEQSIP:0.6842105263157895	MGEDLFWA:0.6052631578947368	IRTRSGGH:0.2631578947368421	GGHDYEGL:0.5789473684210527	IRGGGGAS:0.2631578947368421	FFRNEQSI:0.5526315789473685	WKIKLVPV:0.21052631578947367	QIRTRSGG:0.2631578947368421	DLDIGVNN:0.23684210526315788	GEDLFWAI:0.5526315789473685	LQIRTRSG:0.2631578947368421	GLQIRTRS:0.2631578947368421	KIKLVPVP:0.23684210526315788	QRHGLQIR:0.21052631578947367	RGGGGASF:0.2631578947368421	LFWAIRGG:0.631578947368421	FWAIRGGG:0.7105263157894737	RNEQSIPT:0.23684210526315788	DLFWAIRG:0.5789473684210527	RSGGHDYE:0.7105263157894737	NYRDLDIG:0.42105263157894735	AIRGGGGA:0.23684210526315788	YGLAADNI:0.23684210526315788	DYEGLSYR:0.21052631578947367	RGGGGGSF:0.23684210526315788	ATLGELYY:0.23684210526315788	HDYEGLSY:0.5263157894736842	GGGGGSFG:0.23684210526315788	NYRDLDLG:0.2631578947368421	PTVGVGGH:0.2894736842105263	IRGGGGGS:0.23684210526315788	AYVNYRDL:0.3157894736842105	YVNYRDLD:0.3157894736842105	GATLGELY:0.2631578947368421	AIRGGGGG:0.2631578947368421	GGHISGGG:0.21052631578947367	DYEGLSYV:0.2631578947368421	VGGHFSGG:0.2631578947368421	CPTVGVGG:0.3157894736842105	GVGGHFSG:0.2631578947368421	DRKSMGED:0.21052631578947367	SMGEDLFW:0.2631578947368421	RNEQSIPP:0.3157894736842105	NEQSIPPL:0.2631578947368421	
