cluster number:5
AA7:14	AA7:14|CBM18:4
HATIGGLG:0.2857142857142857	KSGGHSYG:0.2857142857142857	HSYGNYGL:0.2857142857142857	GHATIGGL:0.2857142857142857	RAMAHGVC:0.21428571428571427	GIGGHATI:0.21428571428571427	GGHATIGG:0.35714285714285715	SGGHSYGN:0.42857142857142855	GHSYGNYG:0.2857142857142857	VQAKSGGH:0.5714285714285714	AMAHGVCP:0.21428571428571427	EVVTADGK:0.2857142857142857	SYGNYGLG:0.2857142857142857	EGGAINDV:0.21428571428571427	AKSGGHSY:0.5714285714285714	IGGHATIG:0.21428571428571427	YGNYGLGG:0.2857142857142857	PGVGIGGH:0.42857142857142855	KVQAKSGG:0.42857142857142855	QAKSGGHS:0.5714285714285714	LEGGAIND:0.21428571428571427	GGHSYGNY:0.35714285714285715	CPGVGIGG:0.42857142857142855	AAAAGLKV:0.21428571428571427	EVEVVLAN:0.21428571428571427	CAAAAGLK:0.21428571428571427	AIAHGTCP:0.2857142857142857	TDVFHNPQ:0.21428571428571427	AAAGLKVQ:0.21428571428571427	DPTDVFHN:0.21428571428571427	PTDVFHNP:0.21428571428571427	RAIAHGTC:0.2857142857142857	DVFHNPQS:0.21428571428571427	GIGVGKVS:0.21428571428571427	YGIGVGKV:0.21428571428571427	IGVGKVSA:0.21428571428571427	AHGTCPGV:0.21428571428571427	RGAGASFG:0.21428571428571427	YQSYGIGV:0.21428571428571427	HGTCPGVG:0.5	VGTGGHLT:0.21428571428571427	NATAYPHR:0.21428571428571427	YWADNLPR:0.21428571428571427	IQRSAPGA:0.21428571428571427	QSYGIGVG:0.21428571428571427	RRAIAHGT:0.21428571428571427	GGLGPISR:0.21428571428571427	MYQSYGIG:0.21428571428571427	SYGIGVGK:0.21428571428571427	GVGKVSAA:0.21428571428571427	GTGGHLTV:0.21428571428571427	IMYQSYGI:0.21428571428571427	GKVSAATR:0.21428571428571427	VGKVSAAT:0.21428571428571427	WADNLPRL:0.21428571428571427	LYWADNLP:0.21428571428571427	LITGTFFG:0.21428571428571427	GRRAIAHG:0.21428571428571427	RIQRSAPG:0.21428571428571427	ATIGGLGP:0.21428571428571427	WGSALDHI:0.21428571428571427	GAGASFGI:0.21428571428571427	GTCPGVGI:0.35714285714285715	KSGGHSYA:0.21428571428571427	TCPGVGIG:0.35714285714285715	QARSGGHS:0.2857142857142857	VQARSGGH:0.2857142857142857	KVQARSGG:0.2857142857142857	ARSGGHSY:0.21428571428571427	RSGGHSYA:0.21428571428571427	LKVQAKSG:0.21428571428571427	GLKVQAKS:0.21428571428571427	GVGIGGHF:0.2857142857142857	AYLNYVDP:0.2857142857142857	FGAYLNYV:0.2857142857142857	GGGVRLGN:0.2857142857142857	VGGGVRLG:0.2857142857142857	FYAMRGAG:0.2857142857142857	VGIGGHFT:0.2857142857142857	GGVRLGNL:0.2857142857142857	GGHFTHGG:0.2857142857142857	IGGHFTHG:0.2857142857142857	GIGGHFTH:0.2857142857142857	GVRLGNLA:0.2857142857142857	GAYLNYVD:0.2857142857142857	
