cluster number:3
AA7:14	AA7:14|CBM18:1|CBM1:1|1.1.3.-:1
FWALRGAG:0.5714285714285714	DLFWALRG:0.5	LFWALRGA:0.5	WALRGAGS:0.35714285714285715	GHSYASFG:0.6428571428571429	YASFGLGG:0.5	SSHTHGLA:0.21428571428571427	GGHVLHGG:0.21428571428571427	GARLGHLA:0.21428571428571427	VTEFRFKT:0.21428571428571427	GKRAISHG:0.21428571428571427	RGAGSSMG:0.21428571428571427	CGGHSYAS:0.21428571428571427	NLEGLYYG:0.21428571428571427	GGHSYASF:0.7142857142857143	ASFGLGGE:0.5	KRAISHGT:0.21428571428571427	HGTCPGVG:0.8571428571428571	ENPDLFWA:0.35714285714285715	ETENPDLF:0.21428571428571427	WGMYVNYP:0.21428571428571427	SHGTCPGV:0.8571428571428571	GAGSSMGV:0.21428571428571427	FNLRLNYT:0.2857142857142857	QGKRAISH:0.21428571428571427	KCGGHSYA:0.21428571428571427	MPAELNMR:0.21428571428571427	FGLGGEDG:0.5	LGGEDGHL:0.42857142857142855	TGIATVEG:0.2857142857142857	SFGLGGED:0.5	GGEDGHLV:0.35714285714285715	SYASFGLG:0.5	PAELNMRL:0.21428571428571427	LEGLYYGD:0.21428571428571427	GEDGHLVI:0.21428571428571427	GVGVGGHV:0.21428571428571427	SETENPDL:0.21428571428571427	TENPDLFW:0.35714285714285715	NLRLNYTP:0.2857142857142857	CPGVGVGG:0.5714285714285714	GATVVLAN:0.2857142857142857	TCPGVGVG:0.5714285714285714	HSYASFGL:0.5	GTCPGVGV:0.7857142857142857	GHVLHGGY:0.21428571428571427	ISHGTCPG:0.35714285714285715	VGGHVLHG:0.21428571428571427	GIATVEGG:0.2857142857142857	GLGGEDGH:0.5	PGVGVGGH:0.5	VGVGGHVL:0.21428571428571427	AISHGTCP:0.35714285714285715	VGATVVLA:0.35714285714285715	RAISHGTC:0.35714285714285715	AKCGGHSY:0.2857142857142857	AGSSMGVV:0.21428571428571427	NPDLFWAL:0.35714285714285715	HVLHGGYG:0.21428571428571427	TEFRFKTF:0.21428571428571427	PDLFWALR:0.35714285714285715	GVGGHVLH:0.21428571428571427	GVGVGGHA:0.21428571428571427	GGHALHGG:0.21428571428571427	VAIAVPTT:0.35714285714285715	ANAKCGGH:0.21428571428571427	KANAKCGG:0.21428571428571427	ATVVLANS:0.2857142857142857	RMNKVVLD:0.21428571428571427	VGVGGHAL:0.21428571428571427	PVAIAVPT:0.35714285714285715	MNKVVLDN:0.21428571428571427	HALHGGYG:0.21428571428571427	ELNMRLFI:0.2857142857142857	YYGDKAGL:0.21428571428571427	TVVLANST:0.21428571428571427	YTPVAIAV:0.2857142857142857	GVGGHALH:0.21428571428571427	GLYYGDKA:0.21428571428571427	LYYGDKAG:0.21428571428571427	FSHGTCPG:0.42857142857142855	VGGHALHG:0.21428571428571427	NAKCGGHS:0.21428571428571427	GHALHGGY:0.21428571428571427	EGLYYGDK:0.21428571428571427	YGDKAGLQ:0.21428571428571427	TPVAIAVP:0.35714285714285715	QWGMYINY:0.21428571428571427	VAGHSLHG:0.21428571428571427	CPGVGVAG:0.21428571428571427	GHSLHGGF:0.2857142857142857	PGVGVAGH:0.21428571428571427	FGSYPSNG:0.21428571428571427	KRAFSHGT:0.35714285714285715	RGAGSNFG:0.2857142857142857	GMYINYAD:0.2857142857142857	LVVELDRM:0.21428571428571427	RAFSHGTC:0.35714285714285715	SLHGGFGF:0.2857142857142857	RAAIDDCL:0.21428571428571427	HLVVELDR:0.21428571428571427	GAGSNFGI:0.35714285714285715	GHLVVELD:0.21428571428571427	KRAAIDDC:0.21428571428571427	AFSHGTCP:0.35714285714285715	GVGVAGHS:0.21428571428571427	AGSNFGIV:0.35714285714285715	GSYPSNGF:0.21428571428571427	MYINYADP:0.2857142857142857	GKRAFSHG:0.35714285714285715	ALRGAGSN:0.2857142857142857	FYSKSLVT:0.2857142857142857	VGVAGHSL:0.21428571428571427	LRGAGSNF:0.2857142857142857	WGMYINYA:0.2857142857142857	GSNFGIVA:0.21428571428571427	HSLHGGFG:0.2857142857142857	QGKRAFSH:0.21428571428571427	GGFGFSSH:0.35714285714285715	HGGFGFSS:0.35714285714285715	GVAGHSLH:0.21428571428571427	TCPGVGVA:0.21428571428571427	LHGGFGFS:0.2857142857142857	AGHSLHGG:0.21428571428571427	TFYSKSLV:0.2857142857142857	ETFYSKSL:0.2857142857142857	QAAVSCAA:0.21428571428571427	KSGGHSYA:0.42857142857142855	PKSGGHSY:0.2857142857142857	SGGHSYAS:0.42857142857142855	AIAVPTTV:0.21428571428571427	
