cluster number:102
GH43:13	GH43_3:13
YSGDNCCG:0.5384615384615384	NFPDPTVI:0.23076923076923078	WLAPGHNS:0.3076923076923077	HYAVMVAR:0.23076923076923078	YAVMVARS:0.23076923076923078	AHYAVMVA:0.23076923076923078	SGDNCCGD:0.23076923076923078	PMQFDDPA:0.23076923076923078	MQFDDPAT:0.23076923076923078	YWGSGFGP:0.38461538461538464	VARSRAAT:0.23076923076923078	RSRAATGP:0.23076923076923078	YYLFYSGD:0.38461538461538464	NIDPMQFD:0.23076923076923078	LFYSGDNC:0.38461538461538464	FYSGDNCC:0.46153846153846156	LLYWGSGF:0.5384615384615384	YLFYSGDN:0.38461538461538464	IDPMQFDD:0.23076923076923078	SGDNCCGP:0.38461538461538464	LYWGSGFG:0.46153846153846156	QFDDPATG:0.23076923076923078	WYYLFYSG:0.3076923076923077	ATGPFETL:0.3076923076923077	DPMQFDDP:0.23076923076923078	TGPFETLA:0.38461538461538464	ARSRAATG:0.23076923076923078	WGSGFGPL:0.3076923076923077	GPFETLAQ:0.23076923076923078	ATGQRLLY:0.3076923076923077	GQRLLYWG:0.3076923076923077	RLLYWGSG:0.46153846153846156	GHDWLAYH:0.23076923076923078	PGHNSVVT:0.23076923076923078	GWYYLFYS:0.23076923076923078	DWLAYHAI:0.3076923076923077	QRLLYWGS:0.3076923076923077	APGHNSVV:0.23076923076923078	DDPATGQR:0.3076923076923077	PFETLAQA:0.23076923076923078	ETLAQATG:0.23076923076923078	GHNSVVTD:0.23076923076923078	HDWLAYHA:0.23076923076923078	FETLAQAT:0.23076923076923078	PATGQRLL:0.3076923076923077	TGQRLLYW:0.3076923076923077	DPATGQRL:0.3076923076923077	SATGPFET:0.23076923076923078	DPMAFDDP:0.23076923076923078	IDPMAFDD:0.3076923076923077	SFVNIDPM:0.23076923076923078	WLAPGHNC:0.23076923076923078	YYAYGTQT:0.3076923076923077	IQVARSRD:0.23076923076923078	MAYDDPAT:0.23076923076923078	KRLLYWGS:0.23076923076923078	PMAYDDPA:0.23076923076923078	GKRLLYWG:0.23076923076923078	IDPMAYDD:0.23076923076923078	AYDDPATG:0.23076923076923078	NIQVARSR:0.23076923076923078	GRYYLYYS:0.23076923076923078	DPMAYDDP:0.23076923076923078	AHYAVLVA:0.3076923076923077	HYAVLVAR:0.3076923076923077	YAVLVARS:0.23076923076923078	AVLVARSR:0.23076923076923078	VNIQVARS:0.23076923076923078	WLAYHAID:0.23076923076923078	LFFSGDNC:0.23076923076923078	SWQPQPAP:0.23076923076923078	DGWYYAYG:0.23076923076923078	WYYAYGTQ:0.23076923076923078	YYLFFSGD:0.23076923076923078	FSGDNCCG:0.23076923076923078	GFTCIDPM:0.23076923076923078	LAYHAIDP:0.23076923076923078	GPGFTCID:0.23076923076923078	APGHNCVV:0.23076923076923078	GWYYAYGT:0.23076923076923078	AIDDSEGY:0.23076923076923078	YLFFSGDN:0.23076923076923078	PSWQPQPA:0.23076923076923078	GWYYLFFS:0.23076923076923078	FFSGDNCC:0.23076923076923078	WYYLFFSG:0.23076923076923078	FTCIDPMA:0.23076923076923078	PGFTCIDP:0.23076923076923078	
