cluster number:215
GH43:22	CBM61:19|GH43_37:19|CBM35:4|GH43:3|3.2.1.99:2
NTGDQTVF:0.4090909090909091	NGLGYNQW:0.6363636363636364	GNGLGYNQ:0.45454545454545453	YCGDRWAD:0.2727272727272727	IYSQGGGI:0.3181818181818182	YSQGGGIF:0.3181818181818182	YYWYGVHY:0.36363636363636365	GDQTVFTD:0.6818181818181818	DFAGNGLG:0.2727272727272727	PIYSQGGG:0.5454545454545454	AGNGLGYN:0.45454545454545453	CGDRWADF:0.2727272727272727	FAGNGLGY:0.45454545454545453	TGDQTVFT:0.6363636363636364	GDRWADFA:0.4090909090909091	GRLGVAYI:0.22727272727272727	ETVVYCGD:0.22727272727272727	QGGGIFKF:0.3181818181818182	DLVNWTFE:0.2727272727272727	QTVFTDED:0.22727272727272727	SQGGGIFK:0.3181818181818182	EGNCMFKY:0.3181818181818182	NGSFEADR:0.22727272727272727	YSYGRGRN:0.22727272727272727	HVTQTGFF:0.5454545454545454	DQTVFTDE:0.22727272727272727	TDLVNWTF:0.3181818181818182	TVVYCGDR:0.22727272727272727	VYCGDRWA:0.2727272727272727	AHVTQTGF:0.22727272727272727	VVYCGDRW:0.22727272727272727	NIKNDVFW:0.22727272727272727	REGNCMFK:0.3181818181818182	STDLVNWT:0.3181818181818182	GDRWSDFA:0.36363636363636365	DTYYWYGV:0.22727272727272727	YYWYGVKY:0.22727272727272727	DYSHVTQT:0.2727272727272727	DQTVFTDD:0.36363636363636365	YSHVTQTG:0.2727272727272727	GYNQWMPI:0.22727272727272727	VTQTGFFV:0.36363636363636365	LGYNQWMP:0.22727272727272727	YNQWMPIS:0.22727272727272727	LQGDSPTD:0.22727272727272727	SHVTQTGF:0.3181818181818182	DLHGWNAS:0.4090909090909091	GLGYNQWM:0.22727272727272727	RWADFAWN:0.2727272727272727	DRWADFAW:0.2727272727272727	GTGDQTVF:0.22727272727272727	SDLHGWNA:0.4090909090909091	WADFAWNG:0.2727272727272727	SSDLHGWN:0.4090909090909091	SGNPIYSQ:0.22727272727272727	TSGNPIYS:0.22727272727272727	DLVNWKFE:0.2727272727272727	KDLVNWKF:0.22727272727272727	SKDLVNWK:0.22727272727272727	REGNAMFK:0.3181818181818182	IGYNQWVP:0.22727272727272727	YSQGGGVF:0.22727272727272727	NGIGYNQW:0.3181818181818182	NPIYSQGG:0.2727272727272727	GNPIYSQG:0.2727272727272727	GIGYNQWV:0.22727272727272727	GREGNAMF:0.3181818181818182	TQTGFFVT:0.22727272727272727	DTSGNPIY:0.22727272727272727	IYSQGGGV:0.3181818181818182	SSKDLVNW:0.22727272727272727	YSSKDLVN:0.22727272727272727	CSSDLHGW:0.22727272727272727	WSDFAGNG:0.3181818181818182	TCYSSTDL:0.2727272727272727	CYSSTDLV:0.2727272727272727	VTCYSSTD:0.22727272727272727	YSSTDLVN:0.2727272727272727	RWSDFAGN:0.3181818181818182	DRWSDFAG:0.3181818181818182	FWKDTSGN:0.22727272727272727	NDVFWKDT:0.22727272727272727	LHGWNASH:0.22727272727272727	SSTDLVNW:0.2727272727272727	ASNIYGWD:0.22727272727272727	KIYVSEIG:0.22727272727272727	NKIYVSEI:0.22727272727272727	GRNKIYVS:0.22727272727272727	RNKIYVSE:0.22727272727272727	
