cluster number:38
GH43:61	GH43_19:53|GH43_34:43|3.2.1.55:2|GH146:1|GH43:1
ADPEILYS:0.3114754098360656	YWGNGYMA:0.3442622950819672	KSYLYWGN:0.47540983606557374	WGNGYMAG:0.22950819672131148	WSVDDTGS:0.21311475409836064	GKSYLYWG:0.4426229508196721	DDTGSPNY:0.21311475409836064	YLYWGNGY:0.45901639344262296	GYMAGAEL:0.22950819672131148	LYWGNGYM:0.32786885245901637	SYLYWGNG:0.39344262295081966	SGKSYLYW:0.32786885245901637	TGSPNYHV:0.21311475409836064	HREVCIDR:0.2459016393442623	DTGSPNYH:0.21311475409836064	SVDDTGSP:0.21311475409836064	GNGYMAGA:0.22950819672131148	YMAGAELN:0.2459016393442623	NGYMAGAE:0.22950819672131148	VDDTGSPN:0.21311475409836064	SSTGGVRD:0.5081967213114754	GYYADPEI:0.2459016393442623	GGVRDPHI:0.7868852459016393	IYGTGHNS:0.26229508196721313	GIYGTGHN:0.2786885245901639	EWYIVYHR:0.36065573770491804	DEWYIVYH:0.36065573770491804	MNFHPRHG:0.32786885245901637	AYANKDFT:0.2786885245901639	YGTGHNSV:0.21311475409836064	YAYANKDF:0.26229508196721313	ISSTGGVR:0.5081967213114754	TGGVRDPH:0.639344262295082	FHPRHGTV:0.4098360655737705	YILMYDVY:0.5901639344262295	RDPHILRG:0.47540983606557374	KDEGVILD:0.21311475409836064	SNRAMVLL:0.3442622950819672	WKDEGVIL:0.21311475409836064	YIYPTSDG:0.36065573770491804	NFHPRHGT:0.29508196721311475	GVRDPHIL:0.7868852459016393	DEGVILDL:0.2786885245901639	VWAPQTIY:0.6065573770491803	IYPTSDGF:0.3114754098360656	VRDPHILR:0.7868852459016393	IYYAYANK:0.36065573770491804	WYIVYHRF:0.2786885245901639	RVWAPQTI:0.7049180327868853	WAPQTIYD:0.6065573770491803	YYAYANKD:0.2459016393442623	STGGVRDP:0.5081967213114754	DGKTFYMV:0.4918032786885246	EDGKTFYM:0.32786885245901637	LKRVWAPQ:0.4098360655737705	KRVWAPQT:0.4098360655737705	YLFTYFTG:0.26229508196721313	DFHPRHGT:0.29508196721311475	LFTYFTGN:0.2459016393442623	TAAQKIGV:0.29508196721311475	DPDVFTDP:0.21311475409836064	RAMVLLKS:0.3442622950819672	NRAMVLLK:0.3442622950819672	YMVVTDMV:0.26229508196721313	AQKIGVAV:0.29508196721311475	YFTAAQKI:0.29508196721311475	QEIDPDVF:0.26229508196721313	YYFTAAQK:0.32786885245901637	VLLKSTDL:0.22950819672131148	FTAAQKIG:0.29508196721311475	IDPDVFTD:0.21311475409836064	GQEIDPDV:0.2786885245901639	DSNRAMVL:0.22950819672131148	LKSTDLVN:0.21311475409836064	WDSNRAMV:0.22950819672131148	FYMVVTDM:0.29508196721311475	AAQKIGVA:0.3114754098360656	KTFYMVVT:0.2786885245901639	TFYMVVTD:0.29508196721311475	GKTFYMVV:0.2786885245901639	KSTDLVNW:0.21311475409836064	GWDSNRAM:0.26229508196721313	YYIYPTSD:0.3114754098360656	KYYIYPTS:0.22950819672131148	KYMVYWSM:0.26229508196721313	FYKTEGHG:0.22950819672131148	TEGHGNGI:0.22950819672131148	YPTSDGFD:0.21311475409836064	KTEGHGNG:0.26229508196721313	KYILMYDV:0.2786885245901639	EGVILDLK:0.21311475409836064	DPHILRGE:0.26229508196721313	MDFHPRHG:0.36065573770491804	GVILDLKK:0.21311475409836064	FYYFTAAQ:0.21311475409836064	ILDLKKDV:0.21311475409836064	YFYYFTAA:0.21311475409836064	PDIIYYAY:0.22950819672131148	DKYILMYD:0.21311475409836064	YKTEGHGN:0.22950819672131148	WSEDDTRS:0.3114754098360656	KSCIDGDI:0.36065573770491804	SCIDGDII:0.21311475409836064	IIYYAYAN:0.3442622950819672	HILRGEDG:0.21311475409836064	DIIYYAYA:0.36065573770491804	PHILRGED:0.21311475409836064	MYDVYMKG:0.26229508196721313	YDVYMKGK:0.21311475409836064	DVYMKGKY:0.21311475409836064	MKGKYQFT:0.21311475409836064	VYMKGKYQ:0.21311475409836064	MVVTDMVS:0.2459016393442623	LMYDVYMK:0.26229508196721313	HLFYKTEG:0.22950819672131148	ILMYDVYM:0.29508196721311475	YHLFYKTE:0.29508196721311475	SCIDGDIV:0.22950819672131148	YMKGKYQF:0.21311475409836064	SMDFHPRH:0.22950819672131148	
