cluster number:77
GH43:41	GH43_5:39|CBM13:3|3.2.1.-:1|GH43_30:1|GH43:1
FLATSTTG:0.24390243902439024	GSFWSGIK:0.6097560975609756	GSNRSAIF:0.36585365853658536	YYSASTFG:0.4878048780487805	RSAIFLAT:0.4634146341463415	TGDIGVHD:0.21951219512195122	YSASTFGS:0.4878048780487805	NLWAPDLS:0.2926829268292683	ASTFGSNR:0.3170731707317073	VDDQGRWW:0.21951219512195122	STFGSNRS:0.3170731707317073	SFWSGIKM:0.34146341463414637	IFLATSTT:0.24390243902439024	FGSFWSGI:0.5853658536585366	FGSNRSAI:0.36585365853658536	DDQGRWWL:0.24390243902439024	SNRSAIFL:0.36585365853658536	GDIGVHDP:0.24390243902439024	FPGGAPWT:0.2926829268292683	LWAPDLSY:0.2926829268292683	LYYSASTF:0.3902439024390244	DIGVHDPT:0.21951219512195122	VTGDIGVH:0.21951219512195122	FNAIDPNL:0.4146341463414634	SAIFLATS:0.7073170731707317	AIFLATST:0.3170731707317073	TFGSNRSA:0.3170731707317073	SASTFGSN:0.4146341463414634	NRSAIFLA:0.36585365853658536	YYLFVSFD:0.2682926829268293	SFWSGIKL:0.21951219512195122	NLWAPDIS:0.21951219512195122	STYRVMVG:0.3902439024390244	TYRVMVGR:0.3902439024390244	YRVMVGRS:0.36585365853658536	WWLSFGSF:0.4878048780487805	LSFGSFWS:0.4146341463414634	LKTSTDRT:0.3170731707317073	AASTYRVM:0.24390243902439024	VMVGRSTS:0.2682926829268293	RWWLSFGS:0.2682926829268293	NGGAIEAP:0.24390243902439024	GRWWLSFG:0.2682926829268293	WLSFGSFW:0.4878048780487805	MVGRSTSV:0.21951219512195122	SFGSFWSG:0.4146341463414634	ASTYRVMV:0.24390243902439024	RVMVGRST:0.2682926829268293	ALKTSTDR:0.24390243902439024	GAASTYRV:0.24390243902439024	SRNLWAPD:0.24390243902439024	GSRNLWAP:0.21951219512195122	GASGSWTN:0.21951219512195122	TGASGSWT:0.34146341463414637	GGGTEILA:0.2926829268292683	DVLVYHYY:0.3170731707317073	LWAPDISY:0.2682926829268293	ADVLVYHY:0.2682926829268293	DADVLVYH:0.2682926829268293	YRTMVGRS:0.21951219512195122	TYRTMVGR:0.21951219512195122	STYRTMVG:0.21951219512195122	NFNAIDPN:0.2682926829268293	SYHNGQYY:0.21951219512195122	RSTSITGP:0.24390243902439024	STSITGPY:0.24390243902439024	YYSASSFG:0.24390243902439024	
