cluster number:43
GH43:12	GH43_23:11|GH35:4|GH43:1
FHHGDVWY:0.25	GWNMGQFI:0.3333333333333333	GGTSWGWL:0.25	IFVNGWNM:0.25	FVNGWNMG:0.25	NGWNMGQF:0.3333333333333333	GLLRDPSI:0.25	GWFDYWGS:0.3333333333333333	LLRDPSII:0.3333333333333333	GDVWYRGR:0.3333333333333333	WFDYWGSN:0.3333333333333333	VVYTSYDY:0.25	WNMGQFIA:0.3333333333333333	GGWRIYFD:0.4166666666666667	FDYWGSNG:0.3333333333333333	NTIALAVT:0.25	NMGQFIAH:0.25	HHGDVWYR:0.25	VNGWNMGQ:0.25	QRVFYGTN:0.3333333333333333	APDWGIYG:0.25	DGGWRIYF:0.3333333333333333	LRDPSIIR:0.3333333333333333	RDPSIIRH:0.3333333333333333	YQRVFYGT:0.3333333333333333	HGDVWYRG:0.25	LIFVNGWN:0.25	VYTSYDYG:0.25	GGGWFDYW:0.3333333333333333	GGWFDYWG:0.3333333333333333	GYQRVFYG:0.3333333333333333	PVVYTSYD:0.25	AFDGYPGG:0.3333333333333333	PDGGWRIY:0.4166666666666667	YAFDGYPG:0.3333333333333333	YGAGGAGM:0.3333333333333333	WAPEWFVD:0.25	RLVYSTSE:0.25	VRYTMTAF:0.25	LSGTVRHF:0.25	QRLVYSTS:0.25	GTVRHFTV:0.25	TVRHFTVL:0.25	SGTVRHFT:0.25	RYTMTAFT:0.25	ELPGGLSG:0.3333333333333333	TGDWAGWG:0.25	PNYIDTFV:0.25	QTIGFARS:0.25	PAYRPPTG:0.25	GFARSTDR:0.25	GQTIGFAR:0.25	RYYAFTKN:0.25	YRPPTGLL:0.25	PPTGLLRD:0.25	PHLMTATD:0.25	RGPAYRPP:0.25	LRGPAYRP:0.25	GPAYRPPT:0.25	YVYESADA:0.25	IGFARSTD:0.25	RPPTGLLR:0.25	TIGFARST:0.25	TGLLRDPS:0.25	SADALNFE:0.25	YYAFTKNE:0.25	AYRPPTGL:0.25	LLRGPAYR:0.25	PTGLLRDP:0.25	LSGFVRHG:0.25	FVQTGDFA:0.25	GLSGFVRH:0.25	LPGGLSGF:0.25	VQTGDFAG:0.25	GGLSGFVR:0.25	PRELPGGL:0.25	GDFAGWGR:0.25	RELPGGLS:0.25	SGFVRHGT:0.25	NTWAPEFF:0.3333333333333333	QTGDFAGW:0.25	TGDFAGWG:0.3333333333333333	PGGLSGFV:0.25	
