cluster number:140
GH43:17	GH43_30:17|CBM35:12
QHATSTDL:0.29411764705882354	DRIVFHGW:0.23529411764705882	GQDVVTGP:0.35294117647058826	GAVRGPGG:0.29411764705882354	VVTGPDGR:0.29411764705882354	LWKNDGNC:0.7058823529411765	GPGGQDVV:0.6470588235294118	QDVVTGPD:0.29411764705882354	GRDRIVFH:0.23529411764705882	DGRDRIVF:0.23529411764705882	VRGPGGQD:0.5882352941176471	GGQDVVTG:0.35294117647058826	TGPDGRDR:0.29411764705882354	DVVTGPDG:0.29411764705882354	YTAHDRAS:0.23529411764705882	AVRGPGGQ:0.29411764705882354	RDRIVFHG:0.23529411764705882	WKNDGNCC:0.8235294117647058	GPDGRDRI:0.35294117647058826	RGPGGQDV:0.5294117647058824	KNDGNCCG:0.29411764705882354	QGGAIDAS:0.23529411764705882	VTGPDGRD:0.29411764705882354	GGAIDASS:0.47058823529411764	PDGRDRIV:0.23529411764705882	LVEAPTLV:0.23529411764705882	PGGQDVVT:0.5294117647058824	LLWKNDGN:0.29411764705882354	YHAYATNG:0.23529411764705882	DRILFHGW:0.29411764705882354	DRASGKQC:0.23529411764705882	YLLWKNDG:0.23529411764705882	NIQHATST:0.23529411764705882	IQHATSTD:0.23529411764705882	ASGKQCIG:0.23529411764705882	RILFHGWS:0.23529411764705882	HYTARDRA:0.23529411764705882	VWAPEVFA:0.29411764705882354	RASGKQCI:0.23529411764705882	TYHAYATN:0.23529411764705882	VDYPVTGW:0.23529411764705882	KQCIGAAT:0.23529411764705882	SGKQCIGA:0.23529411764705882	PFEGTLVE:0.23529411764705882	LFYSANFF:0.23529411764705882	AKIRYEAE:0.23529411764705882	VLFYSANF:0.23529411764705882	YVLFYSAN:0.29411764705882354	FEGTLVEA:0.23529411764705882	GAKIRYEA:0.23529411764705882	KNDGNCCA:0.23529411764705882	TYYAYATN:0.29411764705882354	KPFEGTLV:0.23529411764705882	YPVTGWDN:0.23529411764705882	EGTLVEAP:0.35294117647058826	YYAYATNS:0.29411764705882354	AYATNSDG:0.23529411764705882	VGGIDFAD:0.23529411764705882	PVTGWDNW:0.23529411764705882	VVGGIDFA:0.23529411764705882	CIGAATAT:0.23529411764705882	WATSTDLV:0.23529411764705882	FYSANFFG:0.23529411764705882	ATAPGGPF:0.23529411764705882	YATNSDGR:0.23529411764705882	GKQCIGAA:0.23529411764705882	AGTVDYPV:0.23529411764705882	YAYATNSD:0.23529411764705882	DYPVTGWD:0.23529411764705882	QCIGAATA:0.23529411764705882	TVDYPVTG:0.23529411764705882	NFADPDVM:0.23529411764705882	GTVDYPVT:0.23529411764705882	GTLVEAPT:0.23529411764705882	TLVEAPTL:0.23529411764705882	GVWAPEVF:0.23529411764705882	PLMTTDAF:0.23529411764705882	KNDGNCCS:0.23529411764705882	APEVFDNG:0.29411764705882354	VWAPEVFD:0.29411764705882354	EAPTLVKR:0.35294117647058826	WAPEVFDN:0.29411764705882354	AIDASSYT:0.23529411764705882	GAIDASSY:0.29411764705882354	IDASSYTE:0.23529411764705882	
