cluster number:199
GH43:77	GH43_29:71|GH43_19:8|GH51:2|3.2.1.-:2|GH43_34:1|GH43:1|CBM42:1
PGKAIGVA:0.24675324675324675	IGVAVSDS:0.2857142857142857	SDSPTGPF:0.2857142857142857	VSDSPTGP:0.2857142857142857	AVSDSPTG:0.2857142857142857	LYLYVGHD:0.2077922077922078	SWEDIDPT:0.2077922077922078	VAVSDSPT:0.2727272727272727	PTGPFVDA:0.2727272727272727	SFTIHPGI:0.2077922077922078	GVAVSDSP:0.3116883116883117	GKAIGVAV:0.3116883116883117	AIGVAVSD:0.22077922077922077	WEDIDPTV:0.2077922077922078	SFRRSVCI:0.2727272727272727	KYTADPAA:0.2077922077922078	GGSFRRSV:0.33766233766233766	GNSNTNHQ:0.36363636363636365	EYKGILNE:0.2857142857142857	NMIELDGP:0.23376623376623376	ALITNDMT:0.35064935064935066	WDDIDPTV:0.2987012987012987	LITNDMTT:0.22077922077922077	DDDGQAYL:0.23376623376623376	AGNSNTNH:0.36363636363636365	GSFRRSVC:0.2857142857142857	FRRSVCID:0.2597402597402597	GPWEYKGI:0.24675324675324675	PWEYKGIL:0.24675324675324675	IDDDGQAY:0.24675324675324675	WEYKGILN:0.2597402597402597	MIELDGPI:0.22077922077922077	TADPAALV:0.3116883116883117	SNTNHQAI:0.2727272727272727	GSALITND:0.2077922077922078	NTNHQAII:0.2597402597402597	ARGSALIT:0.24675324675324675	SALITNDM:0.2077922077922078	DARGSALI:0.2727272727272727	NSNTNHQA:0.2727272727272727	RGSALITN:0.24675324675324675	GKFYWYVT:0.2077922077922078	QAYLYWGN:0.2597402597402597	GQAYLYWG:0.24675324675324675	TEAPWIHK:0.2077922077922078	AYLYWGNT:0.23376623376623376	DKFTADPA:0.22077922077922077	KFYWYVTV:0.22077922077922077	LYVGHDEA:0.2597402597402597	LYYLTYAS:0.2077922077922078	YLYVGHDE:0.24675324675324675	GPFVDARG:0.2077922077922078	
