cluster number:98
GH43:12	GH43_5:11|CBM32:1|GH43_24:1|CE12:1|PL22:1
VLHAYETA:0.4166666666666667	GMLLQSVP:0.25	KLKILPMT:0.25	FGSFWNGI:0.25	MLLQSVPE:0.25	QSVPERDE:0.25	GRVFAGQP:0.3333333333333333	FWNGIKLV:0.25	DWQPEGRV:0.25	SWGLCCQK:0.25	LPPRAGEF:0.25	HNSAYTFD:0.3333333333333333	RIAEPQEW:0.25	ERDEWNAI:0.25	GDTYYLYS:0.25	ITDAKGTP:0.25	STGPGITF:0.5	TDAKGTPW:0.25	ILPMTWDK:0.25	LVLHAYET:0.4166666666666667	VPERDEWN:0.25	NPRSPDYR:0.25	RDLNRYQS:0.25	SFGSFWNG:0.25	WGLCCQKE:0.25	YRWVDQGM:0.25	NYLQKLKI:0.3333333333333333	EGDTYYLY:0.25	EIEAPFIF:0.3333333333333333	WMSFGSFW:0.4166666666666667	SGIGVTVN:0.3333333333333333	LGHNSAYT:0.4166666666666667	DDHIWAPD:0.25	GVTVNTTL:0.25	GKYYLYYS:0.4166666666666667	NSAYTFDG:0.3333333333333333	DMAQGGGT:0.25	SVPERDEW:0.25	DWTRIAEP:0.25	PPRAGEFK:0.25	IWAPDVQF:0.25	RWVDQGML:0.25	YYLYYSVS:0.4166666666666667	GFGKNTSG:0.4166666666666667	RSPDYRWV:0.25	SVTGPYLD:0.25	GTPWMSFG:0.4166666666666667	EFKPAPEE:0.25	NTSGIGVT:0.5	GPGITFYS:0.5	KGTPWMSF:0.25	SPDYRWVD:0.25	TADNYLQK:0.3333333333333333	EGRVFAGQ:0.3333333333333333	PSFDDHIW:0.25	TYHLAVGR:0.25	SVHDPVMA:0.5	PWMSFGSF:0.4166666666666667	GIKLVKLT:0.25	GHNSAYTF:0.4166666666666667	LCCQKEKS:0.25	WAKTAAPS:0.25	FKPAPEEI:0.25	YLYYSVSG:0.4166666666666667	YYLYSTGP:0.25	IITDAKGT:0.25	DQGMLLQS:0.25	HIWAPDVQ:0.25	QKEKSTYH:0.25	SFDDHIWA:0.25	PGITFYSS:0.5	EPQEWHSL:0.25	YSVSGFGK:0.5	DYLVLHAY:0.25	PEGRVFAG:0.4166666666666667	SVSGFGKN:0.5	WAPDVQFH:0.25	PAPEEIEA:0.25	AAQVSVHD:0.3333333333333333	SNIITDAK:0.25	IGVTVNTT:0.25	EWNAIDSN:0.25	QGMLLQSV:0.25	LNPRSPDY:0.25	VSVHDPVM:0.5	LLQSVPER:0.25	CCQKEKST:0.25	FVSWGLCC:0.4166666666666667	FHDGKYYL:0.3333333333333333	KSVTGPYL:0.25	SGFGKNTS:0.4166666666666667	LNRYQSKQ:0.3333333333333333	VQFHDGKY:0.25	FDDHIWAP:0.25	YETADNYL:0.3333333333333333	AAPSFDDH:0.25	PQEWHSLA:0.25	PDYRWVDQ:0.25	GSFWNGIK:0.25	QKLKILPM:0.25	TSGIGVTV:0.25	PRSPDYRW:0.3333333333333333	GEFKPAPE:0.25	LYYSVSGF:0.5	DAKGTPWM:0.25	DNYLQKLK:0.3333333333333333	TVNTTLNP:0.25	GLCCQKEK:0.25	TPWMSFGS:0.4166666666666667	KPAPEEIE:0.25	SFWNGIKL:0.25	YYSVSGFG:0.5	VNTTLNPR:0.25	DEWNAIDS:0.25	DLNRYQSK:0.3333333333333333	AKTAAPSF:0.25	TAAPSFDD:0.25	QFHDGKYY:0.25	DTYYLYST:0.25	NIITDAKG:0.25	AYETADNY:0.3333333333333333	RDEWNAID:0.25	VTVNTTLN:0.25	NAIDSNII:0.25	CQKEKSTY:0.25	WVDQGMLL:0.25	QPEGRVFA:0.25	QVSVHDPV:0.5	GIGVTVNT:0.25	KTAAPSFD:0.25	GRDMAQGG:0.25	LFVSWGLC:0.4166666666666667	KNTSGIGV:0.5	IDSNIITD:0.25	PLPPRAGE:0.25	AEPQEWHS:0.25	TTLNPRSP:0.25	ETADNYLQ:0.3333333333333333	DHIWAPDV:0.25	GLGHNSAY:0.4166666666666667	AGEFKPAP:0.25	TRIAEPQE:0.25	HAYETADN:0.3333333333333333	LQKLKILP:0.25	PDVQFHDG:0.25	MAQGGGTV:0.25	KILPMTWD:0.25	WQPEGRVF:0.25	DVQFHDGK:0.25	AQVSVHDP:0.3333333333333333	YLQKLKIL:0.4166666666666667	EWHSLARR:0.25	ADNYLQKL:0.3333333333333333	NGIKLVKL:0.25	VDQGMLLQ:0.25	YSTGPGIT:0.25	GKNTSGIG:0.5	RAGEFKPA:0.25	APEEIEAP:0.25	APSFDDHI:0.25	AIDSNIIT:0.25	LKILPMTW:0.25	APDVQFHD:0.25	DGKYYLYY:0.3333333333333333	TGPGITFY:0.5	LQSVPERD:0.25	HDGKYYLY:0.3333333333333333	EEIEAPFI:0.25	LHAYETAD:0.4166666666666667	LYSTGPGI:0.25	NTTLNPRS:0.25	YLYSTGPG:0.25	PRAGEFKP:0.25	RDMAQGGG:0.25	IEAPFIFQ:0.25	IAEPQEWH:0.25	YLVLHAYE:0.25	KYYLYYSV:0.4166666666666667	VSGFGKNT:0.4166666666666667	DYRWVDQG:0.25	TYYLYSTG:0.25	QEWHSLAR:0.25	DSNIITDA:0.25	AKGTPWMS:0.25	STYHLAVG:0.25	FGKNTSGI:0.5	PEEIEAPF:0.25	PERDEWNA:0.25	WNAIDSNI:0.25	WNGIKLVK:0.25	WTRIAEPQ:0.25	MSFGSFWN:0.25	TLNPRSPD:0.25	EDQGMVLQ:0.25	RDNWNAID:0.3333333333333333	YYYLFVSW:0.3333333333333333	KLVKLDAS:0.25	YLFVSWGL:0.25	DPVMAKEG:0.4166666666666667	FNDHIWAP:0.25	YLFSTGPG:0.25	YYLFVSWG:0.25	GIKLVKLD:0.25	DQGMVLQS:0.3333333333333333	FSTGPGIT:0.25	NWNAIDPN:0.3333333333333333	VSWGLCCK:0.25	GRDNWNAI:0.3333333333333333	VHDPVMAK:0.4166666666666667	KDMAKGGG:0.25	DNWNAIDP:0.3333333333333333	GYYYLFVS:0.25	LFSTGPGI:0.25	SWGLCCKK:0.25	HDPVMAKE:0.4166666666666667	VTGPYLDR:0.4166666666666667	DHIWAPDI:0.25	WEDQGMVL:0.25	NDHIWAPD:0.25	GKDMAKGG:0.25	WNAIDPNF:0.25	
