cluster number:219
GH43:66	GH43_26:64|CBM13:44|GH43:2|CBM42:2|CBM35:1
DGTPNFGT:0.25757575757575757	SPDGTEDW:0.3181818181818182	YYLATTTW:0.21212121212121213	DYKLGLLT:0.22727272727272727	NADGTPNF:0.30303030303030304	TWNADGTP:0.3939393939393939	DWIVYHAN:0.21212121212121213	MWAPEFHL:0.22727272727272727	DGTEDWIV:0.25757575757575757	GTDPMGPY:0.22727272727272727	AQKFTWNA:0.25757575757575757	GTEDWIVY:0.25757575757575757	EDWIVYHA:0.2727272727272727	KSPDGTED:0.24242424242424243	TEDWIVYH:0.25757575757575757	WIVYHAND:0.2727272727272727	GTPNFGTP:0.25757575757575757	TRAQKFTW:0.2878787878787879	TPNFGTPV:0.24242424242424243	WNADGTPN:0.3484848484848485	GGCDMNRS:0.21212121212121213	RAQKFTWN:0.3333333333333333	RWYLYYVA:0.22727272727272727	PDGTEDWI:0.2878787878787879	WYLYYVAG:0.22727272727272727	ADGTPNFG:0.30303030303030304	QKFTWNAD:0.25757575757575757	KFTWNADG:0.25757575757575757	FTWNADGT:0.3787878787878788	NGFFTSPD:0.36363636363636365	GVYGPGHN:0.24242424242424243	VYGPGHNG:0.2727272727272727	YGPGHNGF:0.2727272727272727	GHNGFFTS:0.36363636363636365	DPMGPYTY:0.24242424242424243	FTSPDGTE:0.30303030303030304	PGHNGFFT:0.36363636363636365	FFTSPDGT:0.3484848484848485	GFFTSPDG:0.36363636363636365	GPGHNGFF:0.3484848484848485	LESAGTDP:0.21212121212121213	VLESAGTD:0.21212121212121213	HNGFFTSP:0.3787878787878788	
