cluster number:137
GH43:41	GH43_29:37|CBM6:35|CBM42:3|GH43:3|GH27:1|3.2.1.8:1|CBM13:1|GH43_34:1
PEGIGYAM:0.4878048780487805	CPEGIGYA:0.4878048780487805	EGIGYAMS:0.43902439024390244	EGPWFYKR:0.21951219512195122	STCCPEGI:0.4146341463414634	YASTCCPE:0.24390243902439024	QAYLYWGN:0.4634146341463415	DDDGQAYL:0.36585365853658536	YLYWGNPN:0.21951219512195122	GQAYLYWG:0.4146341463414634	ASTCCPEG:0.4634146341463415	LYTSHDED:0.2682926829268293	YQEGPWFY:0.2682926829268293	DGQAYLYW:0.4146341463414634	AYASTCCP:0.21951219512195122	CCPEGIGY:0.4878048780487805	YLYTSHDE:0.21951219512195122	TCCPEGIG:0.4634146341463415	DDGQAYLY:0.34146341463414637	IDDDGQAY:0.6097560975609756	AYLYWGNP:0.3902439024390244	AYMYWGNP:0.2682926829268293	DSPYGPFK:0.24390243902439024	TSTDMVNW:0.3902439024390244	DDGQAYMY:0.2926829268292683	LYTTHDED:0.21951219512195122	STDMVNWT:0.5121951219512195	GQAYMYWG:0.3170731707317073	QAYMYWGN:0.3170731707317073	DDDGQAYM:0.2926829268292683	GNHPGIID:0.4878048780487805	DGQAYMYW:0.3170731707317073	GIGYAMSD:0.2682926829268293	MVNWTDHG:0.4146341463414634	TADPAPMV:0.3902439024390244	DMVNWTDH:0.4146341463414634	YTADPAPM:0.2682926829268293	TDMVNWTD:0.5121951219512195	NHPGIIDY:0.43902439024390244	HPGIIDYK:0.4146341463414634	PGIIDYKG:0.4146341463414634	FASTCCPE:0.24390243902439024	AFASTCCP:0.21951219512195122	YTSTDMVN:0.36585365853658536	LYTSTDMV:0.36585365853658536	FIDDDGQA:0.36585365853658536	VFIDDDGQ:0.34146341463414637	KLNEDMIS:0.21951219512195122	TRGNHPGI:0.21951219512195122	RGNHPGII:0.24390243902439024	VEAETMAW:0.21951219512195122	RVEAETMA:0.24390243902439024	GIGVLVAD:0.21951219512195122	QTKYTADP:0.2682926829268293	IERNGKFY:0.21951219512195122	PIIQTKYT:0.24390243902439024	TKYTADPA:0.24390243902439024	DWLLYTST:0.24390243902439024	IIQTKYTA:0.24390243902439024	IQTKYTAD:0.24390243902439024	KYTADPAP:0.24390243902439024	WLLYTSTD:0.34146341463414637	LLYTSTDM:0.34146341463414637	SPYGPFKD:0.21951219512195122	YVKLNEDM:0.21951219512195122	PYGPFKDP:0.21951219512195122	
