cluster number:2
AA4:27	AA4:27
GYTPYGDH:0.4074074074074074	GKNFAYGG:0.3333333333333333	FAYGGPAP:0.4444444444444444	MEVVLADG:0.4444444444444444	VGYTPYGD:0.2222222222222222	YGGPAPRK:0.3333333333333333	KNFAYGGP:0.3333333333333333	RILEVNEK:0.25925925925925924	GYGEYRTH:0.25925925925925924	GMEVVLAD:0.4444444444444444	MQCGMEVV:0.2222222222222222	YAVVEPGV:0.2222222222222222	NFAYGGPA:0.4444444444444444	VVLADGTV:0.25925925925925924	GWRDMHHI:0.2222222222222222	HGVGYTPY:0.2222222222222222	CGMEVVLA:0.4444444444444444	GVGYTPYG:0.2222222222222222	LWIDCAAP:0.25925925925925924	VGWRDMHH:0.2962962962962963	QCGMEVVL:0.3333333333333333	AYGGPAPR:0.4074074074074074	SNFGIVTK:0.2222222222222222	RMNRILEV:0.3333333333333333	HCGMEVVL:0.25925925925925924	LDLKRMNR:0.2962962962962963	NFGIVTKM:0.2962962962962963	MNRILEVN:0.4074074074074074	NRILEVNE:0.4074074074074074	LKRMNRIL:0.3333333333333333	GYALVEPG:0.2222222222222222	YALVEPGV:0.2222222222222222	KRMNRILE:0.25925925925925924	LMPEPPGY:0.37037037037037035	DLKRMNRI:0.37037037037037035	QSNFGIVT:0.25925925925925924	KDALDPNG:0.2222222222222222	DALDPNGI:0.2222222222222222	VVLDLKRM:0.2222222222222222	VLDLKRMN:0.2962962962962963	FGIVTKMG:0.2962962962962963	WLMPEPPG:0.37037037037037035	FGVVTKMG:0.2222222222222222	RTGMGAMP:0.2962962962962963	EPGVSYFD:0.3333333333333333	LVEPGVSY:0.25925925925925924	PGVSYFDL:0.25925925925925924	VEPGVSYF:0.37037037037037035	GVSYFDLY:0.2222222222222222	HGAGYTPY:0.2962962962962963	GFDYIGEF:0.2222222222222222	FDYIGEFL:0.2222222222222222	GAGYTPYG:0.2222222222222222	CGMEVVLP:0.2222222222222222	PNGILSPG:0.3333333333333333	NGILSPGK:0.25925925925925924	PGKQGIWP:0.2222222222222222	DPNGILSP:0.3333333333333333	EHGAGYTP:0.25925925925925924	IVEPGVSY:0.2222222222222222	LDPNGILS:0.2222222222222222	VPDPGWGS:0.2222222222222222	DVPDPGWG:0.2222222222222222	NLGYGGSA:0.2222222222222222	LGYGGSAP:0.2222222222222222	TGMGAMPG:0.2222222222222222	
