cluster number:3
AA4:24	AA4:24|1.1.3.38:1
GYTPYGDH:0.625	AHLFFSPI:0.3333333333333333	LDPNGILA:0.2916666666666667	PNGILAPG:0.375	VGYTPYGD:0.625	YTPYGDHF:0.375	KDALDPNG:0.20833333333333334	ALDPNGIL:0.25	GYGEYRTH:0.2916666666666667	GGGSVLGN:0.2916666666666667	DALDPNGI:0.20833333333333334	DGIFSQSN:0.3333333333333333	GVGYTPYG:0.6666666666666666	RTGMGALP:0.5	DPNGILAP:0.375	DRGVGYTP:0.25	RGVGYTPY:0.625	GYGGAAPR:0.4583333333333333	VRTGMGAL:0.25	PDLGGGSV:0.4583333333333333	WIDVPDLG:0.20833333333333334	YTPYGDHW:0.25	VPDLGGGS:0.3333333333333333	IDVPDLGG:0.20833333333333334	LGGGSVLG:0.25	YGEYRTHL:0.20833333333333334	DLGGGSVL:0.25	DVPDLGGG:0.3333333333333333	YGGAAPRV:0.4583333333333333	LWIDVPDL:0.20833333333333334	LGRWNFYG:0.375	YGFGPYND:0.2916666666666667	SNLGIVTK:0.25	KNALDPKG:0.25	TPYGDHFM:0.2916666666666667	PKGILAPG:0.25	FPYGFGPY:0.375	GYQSYLIT:0.20833333333333334	DPKGILAP:0.25	YGALYGPE:0.25	GWGEYRTH:0.375	LDPKGILA:0.25	PGGYQSYL:0.25	WGEYRTHL:0.25	DWLPNGAH:0.20833333333333334	GFGPYNDG:0.2916666666666667	NALDPKGI:0.25	WNFYGALY:0.4166666666666667	FSQSNLGI:0.20833333333333334	IKNALDPK:0.25	NFYGALYG:0.4166666666666667	ALDPKGIL:0.25	RWNFYGAL:0.375	LFPYGFGP:0.25	GGYQSYLI:0.20833333333333334	KGILAPGK:0.25	GEYRTHLA:0.25	QSNLGIVT:0.2916666666666667	FYGALYGP:0.4166666666666667	ERGVGYTP:0.375	GRWNFYGA:0.375	RGKNLGYG:0.3333333333333333	SRGKNLGY:0.3333333333333333	NGILAPGK:0.20833333333333334	HCGMEVVL:0.20833333333333334	APGKSGIW:0.25	ISRGKNLG:0.20833333333333334	PISRGKNL:0.20833333333333334	GKNLGYGG:0.2916666666666667	PGKSGIWP:0.25	WLMPNPGG:0.25	GPYNDGIF:0.25	LLDAAVMG:0.20833333333333334	PYGDHFMM:0.25	GILAPGKN:0.25	CGMEVVLP:0.25	ILAPGKNG:0.25	HILLDAAV:0.20833333333333334	APRVPGSI:0.25	GDHFMMHC:0.25	NLGRWNFY:0.3333333333333333	GRNVGYGG:0.25	AAPRVPGS:0.25	GMREMHHI:0.3333333333333333	RHILLDAA:0.20833333333333334	GAAPRVPG:0.25	VGYGGAAP:0.25	IGRNVGYG:0.25	GFDFIGTF:0.25	NVGYGGAA:0.25	FFSPIAKV:0.20833333333333334	DHFMMHCG:0.25	MREMHHIV:0.25	YGDHFMMH:0.25	SIGRNVGY:0.25	EAGFDFIG:0.25	KLNLGRWN:0.20833333333333334	VGMREMHH:0.20833333333333334	FGPYNDGI:0.25	RNVGYGGA:0.25	REMHHIVC:0.25	AGFDFIGT:0.25	LNLGRWNF:0.3333333333333333	NPGGYQSY:0.20833333333333334	GGAAPRVP:0.25	EIPLWPFS:0.20833333333333334	IPLWPFSI:0.20833333333333334	VPGSIGLD:0.20833333333333334	NGAHLFFS:0.2916666666666667	EVVLPTGE:0.25	NGWGEYRT:0.20833333333333334	RVPGSIGL:0.20833333333333334	TGMGALPD:0.20833333333333334	LPNGAHLF:0.25	LMPNPGGY:0.25	WPFSIGRN:0.20833333333333334	LWPFSIGR:0.20833333333333334	PNGAHLFF:0.2916666666666667	PFSIGRNV:0.20833333333333334	DTPDLGGG:0.20833333333333334	LEVVLPTG:0.20833333333333334	PRVPGSIG:0.20833333333333334	IRHILLDA:0.20833333333333334	PLWPFSIG:0.20833333333333334	IRTGMGAL:0.20833333333333334	TPDLGGGS:0.20833333333333334	WLPNGAHL:0.25	MPNPGGYQ:0.20833333333333334	GLEVVLPT:0.20833333333333334	GMGALPDP:0.20833333333333334	GAHLFFSP:0.2916666666666667	FSIGRNVG:0.20833333333333334	
