cluster number:4
CBM39:14	CBM39:14|GH16:14
CAGQTIFE:0.35714285714285715	LDLFSGCT:0.21428571428571427	PFLKKYGS:0.21428571428571427	WQIEQYIP:0.5	SGVIKIAS:0.21428571428571427	IKIASARG:0.21428571428571427	VIKIASAR:0.21428571428571427	QTIFEDNF:0.21428571428571427	FYLTLGVA:0.21428571428571427	LLEPFLKK:0.2857142857142857	AKLPQGDW:0.5714285714285714	SLFVFQGN:0.21428571428571427	KIASARGN:0.2857142857142857	ACAGQTIF:0.35714285714285715	APFDDHFY:0.35714285714285715	ASGVIKIA:0.2857142857142857	GVIKIASA:0.21428571428571427	VDYVKVVA:0.42857142857142855	EFPFVSYQ:0.21428571428571427	RAKLPQGD:0.5	DYVKVVAL:0.42857142857142855	LEPFLKKY:0.2857142857142857	EPFLKKYG:0.2857142857142857	PFVSYQRL:0.2857142857142857	GQTIFEDN:0.21428571428571427	FPFVSYQR:0.21428571428571427	IRAKLPQG:0.21428571428571427	LPKGDWIV:0.21428571428571427	AKLPKGDW:0.42857142857142855	RAKLPKGD:0.42857142857142855	EIRAKLPK:0.2857142857142857	PKGDWIVP:0.21428571428571427	IRAKLPKG:0.2857142857142857	KLPKGDWI:0.35714285714285715	LYGGPIMD:0.21428571428571427	WLYPEILL:0.35714285714285715	VWQIEQYI:0.35714285714285715	VGDVINYY:0.21428571428571427	VRAKLPQG:0.2857142857142857	TLNLFSGC:0.21428571428571427	GDWLYPEI:0.35714285714285715	EILLEPFL:0.2857142857142857	PEYPFVSY:0.2857142857142857	GSITEFPD:0.21428571428571427	LGVAAGSI:0.21428571428571427	SGTLNLFS:0.21428571428571427	YPEILLEP:0.42857142857142855	NLFSGCTS:0.21428571428571427	VLYGGPIM:0.21428571428571427	GDVINYYV:0.21428571428571427	LKVGDVIN:0.21428571428571427	DVINYYVF:0.21428571428571427	EYPFVSYQ:0.2857142857142857	KVGDVINY:0.21428571428571427	GTLNLFSG:0.21428571428571427	FSGCTSSA:0.2857142857142857	KLPQGDWL:0.35714285714285715	DWLYPEIL:0.35714285714285715	SITEFPDG:0.21428571428571427	QGDWLYPE:0.35714285714285715	LYPEILLE:0.35714285714285715	VINYYVFV:0.21428571428571427	LPQGDWLY:0.35714285714285715	PEILLEPF:0.2857142857142857	TLGVAAGS:0.21428571428571427	RVEPTASG:0.2857142857142857	ELKVGDVI:0.21428571428571427	LFSGCTSS:0.2857142857142857	KDNLSFTV:0.21428571428571427	VEPTASGL:0.35714285714285715	LNLFSGCT:0.2857142857142857	AGSITEFP:0.21428571428571427	PQGDWLYP:0.35714285714285715	LELKVGDV:0.21428571428571427	WIYPEILL:0.21428571428571427	IYPEILLE:0.21428571428571427	IASARGNR:0.21428571428571427	ILPPIVSG:0.21428571428571427	GADILPPI:0.21428571428571427	LVDYVKVV:0.2857142857142857	DWIYPEIL:0.21428571428571427	AGQTIFEE:0.21428571428571427	GYIKDNLS:0.21428571428571427	ADILPPIV:0.21428571428571427	RITLSVDG:0.21428571428571427	DILPPIVS:0.21428571428571427	HFYITLGV:0.2857142857142857	LLVDYVKV:0.35714285714285715	DSIYSGTL:0.21428571428571427	FAFTYGTV:0.21428571428571427	GDWIYPEI:0.21428571428571427	YASGVIKI:0.21428571428571427	DDHFYITL:0.21428571428571427	PFDDHFYI:0.21428571428571427	FYITLGVA:0.21428571428571427	VEIRAKLP:0.2857142857142857	MAPFDDHF:0.42857142857142855	FDDHFYIT:0.21428571428571427	ILLEPFLK:0.21428571428571427	DHFYITLG:0.21428571428571427	TASGLSGR:0.21428571428571427	ASILPPVV:0.21428571428571427	SILPPVVS:0.21428571428571427	EPTASGLS:0.21428571428571427	LPPVVSGR:0.21428571428571427	ASGLSGRF:0.21428571428571427	ILPPVVSG:0.21428571428571427	PTASGLSG:0.21428571428571427	GASILPPV:0.21428571428571427	YPFVSYQR:0.21428571428571427	
