cluster number:3
CBM39:29	CBM39:29|GH16:26
KLYGGPVL:0.2413793103448276	AKKLYGGP:0.3103448275862069	LGLRVGGI:0.20689655172413793	GAQILPPV:0.3103448275862069	KDFHNYTL:0.20689655172413793	SGLMRVAF:0.20689655172413793	KKLYGGPV:0.2413793103448276	PDYPFNVY:0.27586206896551724	LGLRVGGV:0.2413793103448276	KIYFWTYV:0.27586206896551724	GDKIYFWT:0.3448275862068966	ASGAQILP:0.20689655172413793	SLGLRVGG:0.27586206896551724	SGAQILPP:0.20689655172413793	IYFWTYVI:0.3793103448275862	DKIYFWTY:0.3103448275862069	YFWTYVIK:0.3103448275862069	GLEAGHWS:0.20689655172413793	KLNEEMEG:0.3448275862068966	RQDNGEWT:0.3793103448275862	YRQDNGEW:0.3793103448275862	QDNGEWTV:0.3793103448275862	FHGKLNEE:0.4827586206896552	HWSRDITK:0.20689655172413793	GKLNEEME:0.3448275862068966	AGHWSRDI:0.20689655172413793	FSLFAFHG:0.2413793103448276	GHWSRDIT:0.2413793103448276	VIKDGLGY:0.2413793103448276	DGLGYRQD:0.3103448275862069	IKDGLGYR:0.2413793103448276	AFHGKLNE:0.5517241379310345	LFAFHGKL:0.5172413793103449	GYRQDNGE:0.3793103448275862	MEGLEAGH:0.20689655172413793	KDGLGYRQ:0.27586206896551724	EMEGLEAG:0.3103448275862069	LGYRQDNG:0.3793103448275862	EAGHWSRD:0.20689655172413793	NEEMEGLE:0.3448275862068966	EGLEAGHW:0.20689655172413793	EEMEGLEA:0.27586206896551724	GRVEIRAK:0.20689655172413793	FAFHGKLN:0.5172413793103449	GFSLFAFH:0.2413793103448276	GLGYRQDN:0.3793103448275862	HGKLNEEM:0.41379310344827586	SLFAFHGK:0.3448275862068966	LEAGHWSR:0.20689655172413793	LNEEMEGL:0.3448275862068966	DYVRVYAL:0.3793103448275862	QLLFEDNF:0.20689655172413793	GQLLFEDN:0.20689655172413793	VDYVRVYA:0.3103448275862069	IYPKGLRV:0.2413793103448276	DDGFSLFA:0.20689655172413793	DNGEWTVT:0.3103448275862069	FWTYVIKD:0.20689655172413793	YVIKDGLG:0.20689655172413793	EPDYPFNV:0.2413793103448276	DGFSLFAF:0.20689655172413793	YPKGLRVS:0.20689655172413793	PDDGFSLF:0.20689655172413793	TYVIKDGL:0.20689655172413793	NGEWTVTE:0.20689655172413793	LEAIYPKG:0.2413793103448276	GLRVSIPD:0.20689655172413793	KLEAIYPK:0.20689655172413793	AKLEAIYP:0.27586206896551724	EAIYPKGL:0.2413793103448276	AIYPKGLR:0.2413793103448276	WTYVIKDG:0.20689655172413793	PPAKLEAI:0.20689655172413793	VPPAKLEA:0.20689655172413793	
