cluster number:1
GT24:122	GT24:122|2.4.1.-:8
PQEWLWCE:0.5081967213114754	VIFVDADQ:0.47540983606557374	GAPYGFTP:0.2540983606557377	MEGFRFWK:0.36885245901639346	IDLCNNPL:0.29508196721311475	GHLYERFL:0.3770491803278688	EGFRFWKQ:0.23770491803278687	PNSLSNLD:0.5163934426229508	IWGYKILF:0.6229508196721312	SGHLYERF:0.4098360655737705	KILFLDVL:0.7459016393442623	WGYKILFL:0.6557377049180327	KYHISALY:0.21311475409836064	KVIFVDAD:0.4262295081967213	DLEGAPYG:0.26229508196721313	ASGHLYER:0.7213114754098361	YKILFLDV:0.819672131147541	KTIDLCNN:0.5163934426229508	CNNPLTKE:0.21311475409836064	SALYVVDL:0.6475409836065574	SLPQEWLW:0.47540983606557374	GFRFWKQG:0.3524590163934426	LSNLDQDL:0.5819672131147541	LDQDLPNN:0.47540983606557374	FTPMCDSR:0.2459016393442623	QEWLWCET:0.4426229508196721	NLDQDLPN:0.9098360655737705	ISALYVVD:0.6557377049180327	GFTPMCDS:0.2459016393442623	YGFTPMCD:0.2459016393442623	NSLSNLDQ:0.5245901639344263	LPQEWLWC:0.5081967213114754	APYGFTPM:0.2540983606557377	TIDLCNNP:0.680327868852459	SNLDQDLP:0.5819672131147541	LFLDVLFP:0.7540983606557377	EWLWCETW:0.5983606557377049	DLCNNPLT:0.28688524590163933	GYKILFLD:0.6639344262295082	FRFWKQGY:0.319672131147541	WLWCETWC:0.7540983606557377	PYGFTPMC:0.2459016393442623	YHISALYV:0.7131147540983607	SLSNLDQD:0.5819672131147541	DPNSLSNL:0.5163934426229508	LCNNPLTK:0.2459016393442623	LWCETWCS:0.4918032786885246	ILFLDVLF:0.7377049180327869	HISALYVV:0.6557377049180327	AKTIDLCN:0.5163934426229508	DQDLPNNM:0.4098360655737705	RFWKQGYW:0.3360655737704918	IFVDADQI:0.4262295081967213	WCETWCSD:0.3524590163934426	DKVIFVDA:0.2540983606557377	ARRQVPEW:0.21311475409836064	REIWGYKI:0.20491803278688525	VTYKWPHW:0.22950819672131148	EPKLDRAR:0.2540983606557377	NPLTKEPK:0.22950819672131148	PYHISALY:0.4426229508196721	EKQREIWG:0.21311475409836064	KLDRARRQ:0.23770491803278687	PLTKEPKL:0.22950819672131148	FLDVLFPL:0.5901639344262295	ETWCSDES:0.20491803278688525	IAAGDRLR:0.26229508196721313	KRTDYIVI:0.20491803278688525	PKLDRARR:0.2540983606557377	KEPKLDRA:0.28688524590163933	GHLYERML:0.21311475409836064	RARRQVPE:0.21311475409836064	VDADQIVR:0.5081967213114754	QREIWGYK:0.21311475409836064	INIFSVAS:0.3524590163934426	TWCSDESL:0.21311475409836064	NIFSVASG:0.4672131147540984	TYKWPHWL:0.23770491803278687	SADPNSLS:0.20491803278688525	KQREIWGY:0.21311475409836064	LKRTDYIV:0.20491803278688525	RTDYIVID:0.20491803278688525	EIWGYKIL:0.20491803278688525	DYIVIDDR:0.21311475409836064	TVKFWFIE:0.20491803278688525	VASGHLYE:0.6147540983606558	FVDADQIV:0.47540983606557374	SGHLYERM:0.2459016393442623	ADPNSLSN:0.20491803278688525	ADQIVRTD:0.36065573770491804	CETWCSDE:0.29508196721311475	LSADPNSL:0.29508196721311475	TKEPKLDR:0.28688524590163933	DQIVRTDM:0.20491803278688525	DADQIVRT:0.36065573770491804	IFSVASGH:0.4918032786885246	TDYIVIDD:0.21311475409836064	YKWPHWLR:0.2459016393442623	SVASGHLY:0.5	FSVASGHL:0.5	EMEGFRFW:0.3360655737704918	LDKVIFVD:0.2459016393442623	HLYERFLR:0.22131147540983606	ANLDQDLP:0.2786885245901639	SLANLDQD:0.2786885245901639	LANLDQDL:0.2786885245901639	GAPYGYTP:0.2459016393442623	LSQDPNSL:0.22950819672131148	ALYVVDLK:0.30327868852459017	LWCETWCD:0.22131147540983606	QDLPNNMI:0.21311475409836064	AAGDRLRG:0.28688524590163933	AGDRLRGQ:0.29508196721311475	DRLRGQYQ:0.2786885245901639	GDRLRGQY:0.32786885245901637	TIVMANLG:0.2459016393442623	VMANLGYF:0.22950819672131148	DTIVMANL:0.28688524590163933	IVMANLGY:0.23770491803278687	MANLGYFQ:0.32786885245901637	GYFQLKAN:0.20491803278688525	YFQLKANP:0.21311475409836064	FQLKANPG:0.21311475409836064	NLGYFQLK:0.21311475409836064	LGYFQLKA:0.21311475409836064	
