cluster number:1
GH134:48	GH134:48|CBM10:3|3.2.1.78:1|GH27:1
ANFGIFKQ:0.7916666666666666	GDNKSGDA:0.22916666666666666	AGHRNGAS:0.25	YPYGDNKS:0.20833333333333334	FGIFKQNW:0.7916666666666666	GDAANFGI:0.25	GHRNGASG:0.25	DNKSGDAA:0.22916666666666666	DAANFGIF:0.3333333333333333	WFAGHRNG:0.25	HRNGASGL:0.25	SGDAANFG:0.22916666666666666	NFGIFKQN:0.7916666666666666	KSGDAANF:0.22916666666666666	AANFGIFK:0.3333333333333333	NKSGDAAN:0.22916666666666666	YGDNKSGD:0.3541666666666667	NWGMLRAS:0.25	QDIQCRHE:0.20833333333333334	WGMLRASC:0.25	GHRNGESG:0.3125	YNNGAVLN:0.25	YLTDDTRF:0.2916666666666667	TCPTNSGG:0.20833333333333334	VSGLGARK:0.2916666666666667	SFYGFQTW:0.20833333333333334	GLTCPTNS:0.20833333333333334	QNWGMLRA:0.22916666666666666	CPTNSGGG:0.22916666666666666	DTRFWVDV:0.5	NGAVLNSN:0.3958333333333333	PTNSGGGC:0.22916666666666666	NSGGGCGQ:0.25	RHESESFY:0.20833333333333334	QTWVAGHR:0.22916666666666666	FQTWVAGH:0.20833333333333334	HESESFYG:0.20833333333333334	FKQNWGML:0.2916666666666667	SGLGARKQ:0.2708333333333333	TWVAGHRN:0.22916666666666666	YGFQTWVA:0.20833333333333334	LTDDTRFW:0.3541666666666667	FYGFQTWV:0.20833333333333334	HRNGESGL:0.3125	TNSGGGCG:0.22916666666666666	TDDTRFWV:0.2916666666666667	AIAMMETE:0.2708333333333333	GFQTWVAG:0.20833333333333334	KQNWGMLR:0.2916666666666667	ESFYGFQT:0.20833333333333334	IFKQNWGM:0.3125	GIFKQNWG:0.3125	GAVLNSNL:0.3333333333333333	AGLTCPTN:0.20833333333333334	WVAGHRNG:0.2916666666666667	SGGGCGQY:0.25	LTCPTNSG:0.20833333333333334	LAIAMMET:0.25	DDTRFWVD:0.5208333333333334	CRHESESF:0.20833333333333334	NNGAVLNS:0.4375	DLAIAMME:0.25	TSQFKGQP:0.20833333333333334	TRFWVDVT:0.25	DIAIAMLE:0.3125	NPYTQDIT:0.25	KQNWFMLR:0.4166666666666667	DIKARQES:0.3541666666666667	NWFMLRTS:0.375	TSTSQFKG:0.3541666666666667	NWIHDQLA:0.3125	DYAYGDNK:0.22916666666666666	RTSTSQFK:0.3541666666666667	PYTQDITN:0.25	STSQFKGQ:0.3125	MLRTSTSQ:0.3541666666666667	YTQDITNY:0.25	WIHDQLAS:0.2708333333333333	QDITNYKN:0.20833333333333334	QFKGQPAS:0.20833333333333334	YAYGDNKS:0.2916666666666667	GIFKQNWF:0.4375	IFKQNWFM:0.4375	QNWFMLRT:0.375	SQFKGQPA:0.22916666666666666	WFMLRTST:0.3541666666666667	LRTSTSQF:0.3541666666666667	FMLRTSTS:0.3541666666666667	IKARQESQ:0.3541666666666667	FKQNWFML:0.4166666666666667	KWFGGHRN:0.20833333333333334	WFGGHRNG:0.3541666666666667	TQDITNYK:0.2708333333333333	DKWFGGHR:0.25	FGGHRNGE:0.22916666666666666	LSDDTRFW:0.2708333333333333	YLSDDTRF:0.2708333333333333	TVSGLGAR:0.25	WNNGAVLN:0.20833333333333334	YTVSGLGA:0.2708333333333333	DSANFGIF:0.4583333333333333	VNWIHDQL:0.2708333333333333	SANFGIFK:0.4583333333333333	KYLSDDTR:0.20833333333333334	SDDTRFWV:0.20833333333333334	IHDQLASD:0.20833333333333334	GGCGQYTV:0.20833333333333334	GCGQYTVS:0.20833333333333334	GGGCGQYT:0.20833333333333334	CGQYTVSG:0.20833333333333334	
