cluster number:0
GH134:51	GH134:51|CBM10:1|GH36:1|PL1_7:1|3.2.1.78:1
RGSYTVSG:0.43137254901960786	NFGLFKQN:0.39215686274509803	AANFGLFK:0.6078431372549019	IAMLETER:0.21568627450980393	GARKQAIL:0.21568627450980393	VSGLGARK:0.35294117647058826	WDCQEYYG:0.29411764705882354	HRNGATGL:0.35294117647058826	GHRNGATG:0.35294117647058826	AIAMLETE:0.27450980392156865	FGLFKQNW:0.39215686274509803	GLFKQNWG:0.39215686274509803	CQEYYGYD:0.27450980392156865	GLGARKQA:0.21568627450980393	DTRFWVNV:0.21568627450980393	ANFGLFKQ:0.39215686274509803	FKQNWGML:0.39215686274509803	SGLGARKQ:0.27450980392156865	DRGSYTVS:0.43137254901960786	YDAANFGL:0.21568627450980393	AMLETERM:0.21568627450980393	SYTVSGLG:0.4117647058823529	GSYTVSGL:0.47058823529411764	DCQEYYGY:0.27450980392156865	LGARKQAI:0.21568627450980393	TVSGLGAR:0.3333333333333333	KQNWGMLR:0.39215686274509803	AGHRNGAT:0.35294117647058826	NWGMLRVC:0.5098039215686274	QNWGMLRV:0.23529411764705882	DAANFGLF:0.6078431372549019	YTVSGLGA:0.35294117647058826	RWDCQEYY:0.29411764705882354	DDTRFWVN:0.23529411764705882	DVASRWDC:0.6666666666666666	VASRWDCQ:0.6666666666666666	ASRWDCQN:0.35294117647058826	YADVASRW:0.5882352941176471	RWDCQNYY:0.29411764705882354	GYDKWFAG:0.39215686274509803	AGHRNGAS:0.47058823529411764	DKWFAGHR:0.4117647058823529	YYGYDKWF:0.39215686274509803	FAGHRNGA:0.7450980392156863	DLAIAMLE:0.6862745098039216	YGDGKTYD:0.21568627450980393	CQNYYGYD:0.21568627450980393	VYADVASR:0.2549019607843137	GHRNGASG:0.47058823529411764	YKSAVQWI:0.21568627450980393	WFAGHRNG:0.7843137254901961	SRWDCQNY:0.2549019607843137	KTYDAANF:0.23529411764705882	HRNGASGL:0.47058823529411764	YGYDKWFA:0.4117647058823529	ADVASRWD:0.6666666666666666	KWFAGHRN:0.47058823529411764	WDCQNYYG:0.29411764705882354	DCQNYYGY:0.29411764705882354	YDKWFAGH:0.39215686274509803	TYDAANFG:0.23529411764705882	LDLAIAML:0.6666666666666666	AILNAGGN:0.4117647058823529	TRFWVDVT:0.27450980392156865	AGGNTLDL:0.47058823529411764	DTRFWVDV:0.5098039215686274	NAGGNTLD:0.43137254901960786	GGNTLDLA:0.47058823529411764	LRVCASRA:0.23529411764705882	RFWVDVTP:0.27450980392156865	LNAGGNTL:0.43137254901960786	RWFAGHRN:0.21568627450980393	TDDTRFWV:0.45098039215686275	ILNAGGNT:0.43137254901960786	RVCASRAG:0.23529411764705882	LAIAMLET:0.3137254901960784	VCASRAGF:0.23529411764705882	QAILNAGG:0.29411764705882354	FWVDVTPI:0.27450980392156865	KQAILNAG:0.29411764705882354	MLRVCASR:0.2549019607843137	TLDLAIAM:0.47058823529411764	RAGFVGQS:0.23529411764705882	GMLRVCAS:0.2549019607843137	NTLDLAIA:0.47058823529411764	GNTLDLAI:0.47058823529411764	DDTRFWVD:0.5098039215686274	WGMLRVCA:0.45098039215686275	KTDDTRFW:0.27450980392156865	YKTDDTRF:0.29411764705882354	ASRWDCQE:0.2549019607843137	KVNWGMLR:0.29411764705882354	ANFGLFKV:0.23529411764705882	RESVEWIQ:0.21568627450980393	FYRESVEW:0.23529411764705882	NFGLFKVN:0.23529411764705882	FKVNWGML:0.29411764705882354	GLFKVNWG:0.23529411764705882	YRESVEWI:0.23529411764705882	RKQAILNA:0.21568627450980393	FGLFKVNW:0.23529411764705882	LFKVNWGM:0.23529411764705882	VNWGMLRV:0.27450980392156865	KLNSDIYA:0.3137254901960784	NGAKLNSD:0.35294117647058826	IYADVASR:0.3333333333333333	SRWDCQEY:0.21568627450980393	GAKLNSDI:0.3137254901960784	SDIYADVA:0.3137254901960784	AKLNSDIY:0.3137254901960784	LNSDIYAD:0.3137254901960784	DIYADVAS:0.3137254901960784	GDRGSYTV:0.27450980392156865	ATGLSNPN:0.21568627450980393	TGLSNPNT:0.23529411764705882	YKYGDGKT:0.23529411764705882	NSDIYADV:0.3137254901960784	WNNGAKLN:0.2549019607843137	NNGAKLNS:0.2549019607843137	
