cluster number:0
CE13:62	CE13:62|GT1:1
LIQLEGGG:0.20967741935483872	WLIQLEGG:0.20967741935483872	NPDFFNWN:0.3548387096774194	LEGGGWCN:0.3064516129032258	RYCDGASF:0.5161290322580645	LRYCDGAS:0.25806451612903225	KLRYCDGA:0.24193548387096775	IQLEGGGW:0.20967741935483872	PDFFNWNR:0.3387096774193548	QLEGGGWC:0.20967741935483872	DFFNWNRV:0.3064516129032258	QALLSGCS:0.45161290322580644	AHCQSERQ:0.25806451612903225	SCFAHCQS:0.43548387096774194	LLSGCSAG:0.6451612903225806	LSDAGLFL:0.22580645161290322	CLSDAGLF:0.22580645161290322	NGLFINSC:0.3064516129032258	GCSAGGLA:0.5967741935483871	ENPDFFNW:0.25806451612903225	GLFINSCF:0.4032258064516129	FINSCFAH:0.5	CQSERQDT:0.24193548387096775	ALLSGCSA:0.5806451612903226	QSERQDTW:0.24193548387096775	CFAHCQSE:0.43548387096774194	AAAKGAVC:0.22580645161290322	SGCSAGGL:0.6129032258064516	NSCFAHCQ:0.532258064516129	LFINSCFA:0.3548387096774194	HCQSERQD:0.24193548387096775	FAHCQSER:0.25806451612903225	AKGAVCLD:0.22580645161290322	KGAVCLDG:0.3387096774193548	KCLSDAGL:0.22580645161290322	VKCLSDAG:0.5483870967741935	ERQDTWFA:0.27419354838709675	AAKGAVCL:0.22580645161290322	LSGCSAGG:0.6612903225806451	YFRGQRIW:0.20967741935483872	INSCFAHC:0.5161290322580645	SDAGFFLD:0.3870967741935484	DAGFFLDA:0.22580645161290322	CSAGGLAT:0.2903225806451613	LSDAGFFL:0.27419354838709675	CLSDAGFF:0.27419354838709675	KCLSDAGF:0.27419354838709675	VGDWYFDR:0.2903225806451613	AVGDWYFD:0.20967741935483872	LPGYHLHR:0.20967741935483872	TSCFFPQN:0.3225806451612903	NWNRVKLR:0.2903225806451613	CLDGTLPG:0.25806451612903225	VCLDGTLP:0.27419354838709675	DGTLPGYH:0.25806451612903225	CFFPQNLI:0.20967741935483872	GSGANSWL:0.25806451612903225	RVKLRYCD:0.2903225806451613	PGYHLHRG:0.20967741935483872	VKLRYCDG:0.3064516129032258	GAVCLDGT:0.27419354838709675	PTSCFFPQ:0.25806451612903225	NRVKLRYC:0.2903225806451613	FTGILSNK:0.20967741935483872	GTLPGYHL:0.20967741935483872	AVCLDGTL:0.27419354838709675	SCFFPQNL:0.25806451612903225	IDCPYPCD:0.3064516129032258	FFNWNRVK:0.2903225806451613	WNRVKLRY:0.2903225806451613	LDGTLPGY:0.25806451612903225	TKVKCLSD:0.22580645161290322	DPTSCFFP:0.22580645161290322	LDPTSCFF:0.22580645161290322	KVKCLSDA:0.27419354838709675	GMFINSCF:0.20967741935483872	DFYNWNRV:0.25806451612903225	EGGGWCND:0.24193548387096775	PDFYNWNR:0.24193548387096775	NPDFYNWN:0.27419354838709675	FYNWNRVK:0.25806451612903225	
