cluster number:2
CE13:34	CE13:34|3.1.1.-:2
ILNAAYDS:0.23529411764705882	AAYDSWQV:0.20588235294117646	TPLFILNA:0.29411764705882354	FILNAAYD:0.29411764705882354	PLFILNAA:0.29411764705882354	VKCLSDAG:0.29411764705882354	CLSDAGFF:0.20588235294117646	KCLSDAGF:0.20588235294117646	LFILNAAY:0.29411764705882354	NAAYDSWQ:0.4411764705882353	LNAAYDSW:0.23529411764705882	AILSGCSA:0.3235294117647059	DDLLAKGM:0.23529411764705882	VHMEGGGW:0.3235294117647059	ILSGCSAG:0.3235294117647059	SAGGLAAI:0.2647058823529412	PDFYNWNR:0.6176470588235294	GCSAGGLA:0.38235294117647056	DFYNWNRI:0.4411764705882353	NPDFYNWN:0.7352941176470589	GSSFTGDV:0.5588235294117647	IGKAVGDW:0.20588235294117646	DGSSFTGD:0.6176470588235294	RYCDGSSF:0.6176470588235294	YDSWQIKN:0.3235294117647059	HMEGGGWC:0.3235294117647059	QIKNILAP:0.2647058823529412	AVCLDGSP:0.5882352941176471	CSAGGLAA:0.2647058823529412	SFTGDVEA:0.4117647058823529	GLAAILHC:0.20588235294117646	GDVEAVDP:0.23529411764705882	SGCSAGGL:0.7352941176470589	GGLAAILH:0.20588235294117646	CDGSSFTG:0.6176470588235294	AGGLAAIL:0.2647058823529412	TGDVEAVD:0.29411764705882354	SSFTGDVE:0.5588235294117647	LAAILHCD:0.2647058823529412	FYNWNRIK:0.4117647058823529	GAVCLDGS:0.8235294117647058	NAILSGCS:0.3235294117647059	DSWQIKNI:0.3235294117647059	SWQIKNIL:0.2647058823529412	YCDGSSFT:0.6176470588235294	VCLDGSPP:0.5882352941176471	AYDSWQIK:0.2647058823529412	LSGCSAGG:0.5	FTGDVEAV:0.4117647058823529	WQIKNILA:0.2647058823529412	CSAGGLTS:0.35294117647058826	QKIDCPYP:0.20588235294117646	GCSAGGLT:0.38235294117647056	DLLAKGMK:0.20588235294117646	CDGASFTG:0.20588235294117646	VRYCDGAS:0.20588235294117646	AGGLTSIL:0.3235294117647059	GLTSILHC:0.20588235294117646	DGASFTGD:0.20588235294117646	PGLCFFPQ:0.2647058823529412	LTSILHCD:0.20588235294117646	LAKGMKNA:0.20588235294117646	LLAKGMKN:0.20588235294117646	EDLLAKGM:0.23529411764705882	IDCPYPCN:0.29411764705882354	GASFTGDV:0.20588235294117646	RYCDGASF:0.20588235294117646	GGLTSILH:0.20588235294117646	VKVRYCDG:0.20588235294117646	SAGGLTSI:0.3235294117647059	NLHFRGAR:0.23529411764705882	KIDCPYPC:0.20588235294117646	YCDGASFT:0.20588235294117646	FYNWNRVK:0.20588235294117646	ASFTGDVE:0.20588235294117646	GLCFFPQN:0.20588235294117646	TIAKAVGD:0.23529411764705882	CLDGSPPA:0.35294117647058826	SFTGDVEE:0.20588235294117646	IAKAVGDW:0.23529411764705882	DGSPPAYH:0.35294117647058826	LDGSPPAY:0.35294117647058826	GSPPAYHF:0.23529411764705882	TTIAKAVG:0.23529411764705882	KGAVCLDG:0.7352941176470589	FTGDVEEV:0.20588235294117646	GGGWCNNV:0.2647058823529412	LHFRGARV:0.20588235294117646	EGGGWCNN:0.3235294117647059	TNLHFRGA:0.20588235294117646	GGWCNNVT:0.2647058823529412	FNPDFYNW:0.23529411764705882	THGSAKNL:0.3235294117647059	KFNPDFYN:0.20588235294117646	HGSAKNLP:0.5	CNNVTTCL:0.20588235294117646	VHFEGGGW:0.20588235294117646	VRYCDGSS:0.5294117647058824	LDGSAPAY:0.20588235294117646	VCLDGSAP:0.20588235294117646	PGVADPHG:0.20588235294117646	DGSAPAYH:0.20588235294117646	SAVAKGAV:0.3235294117647059	HFEGGGWC:0.20588235294117646	FEGGGWCN:0.2647058823529412	WCNNVTTC:0.2647058823529412	VAKGAVCL:0.6470588235294118	AKGAVCLD:0.6470588235294118	ISGCSAGG:0.23529411764705882	AVCLDGSA:0.20588235294117646	KVRYCDGS:0.5	AVAKGAVC:0.6470588235294118	CLDGSAPA:0.20588235294117646	NRIKVRYC:0.47058823529411764	SAKNLPAS:0.2647058823529412	NWNRIKVR:0.38235294117647056	NLPASCTS:0.2647058823529412	AAYDSWQI:0.23529411764705882	IKVRYCDG:0.47058823529411764	RIKVRYCD:0.47058823529411764	YNWNRIKV:0.38235294117647056	AKNLPASC:0.2647058823529412	KNLPASCT:0.2647058823529412	WNRIKVRY:0.47058823529411764	LCFFPQNV:0.20588235294117646	GSAKNLPA:0.2647058823529412	PYPCNPTC:0.23529411764705882	CPYPCNPT:0.23529411764705882	DCPYPCNP:0.23529411764705882	KAVGDWYY:0.20588235294117646	YPCNPTCH:0.20588235294117646	RLGSSKKM:0.20588235294117646	TRLGSSKK:0.20588235294117646	
