cluster number:1
GT48:151	GT48:151|2.4.1.34:5|GH16:1|GH0:1
RGLQISRI:0.2251655629139073	FSRGLQIS:0.2582781456953642	SRGLQISR:0.2251655629139073	GLQISRIL:0.2185430463576159	GGAKYRAT:0.2185430463576159	FNPSGFEW:0.271523178807947	YSRSHFVK:0.33774834437086093	LFNPSGFE:0.2119205298013245	ILHGGAKY:0.2119205298013245	GAKYRATG:0.2185430463576159	HGGAKYRA:0.2119205298013245	TILHGGAK:0.2119205298013245	RATGRGFV:0.26490066225165565	NPSGFEWQ:0.25165562913907286	APFLFNPS:0.2052980132450331	FLFNPSGF:0.23841059602649006	PFLFNPSG:0.23841059602649006	YRATGRGF:0.2781456953642384	LHGGAKYR:0.2913907284768212	SRSHFVKG:0.2913907284768212	ATGRGFVV:0.2980132450331126	AKYRATGR:0.2185430463576159	PSGFEWQK:0.25165562913907286	FLYGRLYL:0.2052980132450331	KYRATGRG:0.23178807947019867	GRTILHGG:0.2582781456953642	RTILHGGA:0.23841059602649006	LLIWGEAA:0.2251655629139073	EGKPENQN:0.4304635761589404	GEGKPENQ:0.4370860927152318	MPECLCYI:0.2185430463576159	RFMPECLC:0.2119205298013245	LIWGEAAN:0.2781456953642384	RMHYGHPD:0.2052980132450331	YLLIWGEA:0.2913907284768212	YGHPDVFD:0.3576158940397351	FMPECLCY:0.2052980132450331	LYLLIWGE:0.2980132450331126	HYGHPDVF:0.3576158940397351	VFFTFSLG:0.24503311258278146	FNQAFSRG:0.3443708609271523	PFVSEFQT:0.24503311258278146	GKGRDVGL:0.3576158940397351	RLYSRSHF:0.2052980132450331	FFTFSLGT:0.2582781456953642	FDFFRMLS:0.23178807947019867	QVGKGRDV:0.40397350993377484	VRGMMYYR:0.26490066225165565	LQTIDMNQ:0.23178807947019867	VRFHYGHP:0.271523178807947	SLAWFMSN:0.24503311258278146	IFAGFNST:0.2119205298013245	RFHYGHPD:0.271523178807947	REHIFTGS:0.2781456953642384	SVSSLAWF:0.3576158940397351	FTGSVSSL:0.4105960264900662	PENQNHAI:0.2980132450331126	DIFAGFNS:0.2119205298013245	NGEQTLSR:0.24503311258278146	NYRLYSRS:0.2052980132450331	HIFTGSVS:0.2781456953642384	GNVTHHEY:0.24503311258278146	LFNQAFSR:0.31788079470198677	QNHAIIFT:0.2119205298013245	LAWFMSNQ:0.25165562913907286	MSNQETSF:0.2251655629139073	GRDVGLNQ:0.3509933774834437	GHRFDFFR:0.2119205298013245	GSVSSLAW:0.3443708609271523	FMSNQETS:0.2251655629139073	EALKMRNL:0.23178807947019867	EEALKMRN:0.23178807947019867	VSSLAWFM:0.3576158940397351	AFSRGLQI:0.2980132450331126	RTVRGMMY:0.33112582781456956	YRLGHRFD:0.2251655629139073	GRGVRQFK:0.23178807947019867	NLSEDIFA:0.23841059602649006	WASYRGQT:0.26490066225165565	INLSEDIF:0.25165562913907286	RLGHRFDF:0.2251655629139073	NQETSFVT:0.2251655629139073	SSLAWFMS:0.3576158940397351	IFTGSVSS:0.31125827814569534	YDDLNEYF:0.2119205298013245	NHAIIFTR:0.2185430463576159	RGVRQFKT:0.2251655629139073	LGHRFDFF:0.2119205298013245	LSEDIFAG:0.23841059602649006	ASYRGQTL:0.26490066225165565	FAGFNSTL:0.23178807947019867	SFVTIGQR:0.25165562913907286	LGEGKPEN:0.2781456953642384	HRFDFFRM:0.2119205298013245	FVSEFQTR:0.25165562913907286	NYDDLNEY:0.2119205298013245	QAFSRGLQ:0.26490066225165565	AWFMSNQE:0.2582781456953642	ALKMRNLL:0.23178807947019867	GNGEQTLS:0.24503311258278146	SNQETSFV:0.2251655629139073	RDVGLNQI:0.31788079470198677	NQNHAIIF:0.23841059602649006	ENQNHAII:0.23178807947019867	GKPENQNH:0.36423841059602646	KPENQNHA:0.3509933774834437	WFPFVSEF:0.24503311258278146	TGSVSSLA:0.4105960264900662	EDIFAGFN:0.32450331125827814	AGFNSTLR:0.2582781456953642	FPFVSEFQ:0.24503311258278146	SEDIFAGF:0.32450331125827814	TVRGMMYY:0.3509933774834437	NQAFSRGL:0.3576158940397351	YRLYSRSH:0.2052980132450331	VGKGRDVG:0.3973509933774834	DDLNEYFW:0.2119205298013245	HAIIFTRG:0.2251655629139073	EHIFTGSV:0.2781456953642384	KGRDVGLN:0.3576158940397351	GEQTLSRD:0.25165562913907286	IQVGKGRD:0.304635761589404	YIQVGKGR:0.304635761589404	HEYIQVGK:0.31125827814569534	TIDMNQDN:0.31788079470198677	IDMNQDNY:0.3443708609271523	VTHHEYIQ:0.23178807947019867	EYIQVGKG:0.31125827814569534	QTIDMNQD:0.3443708609271523	HHEYIQVG:0.31125827814569534	RGGISKAS:0.2582781456953642	THHEYIQV:0.2847682119205298	NVTHHEYI:0.2052980132450331	GHPDVFDR:0.33774834437086093	DVGLNQIS:0.2582781456953642	TRGGISKA:0.2119205298013245	
