cluster number:13
GH11:17	GH11:17|3.2.1.8:6|CBM1:3
STFNQYIS:0.47058823529411764	ENQRVNEP:0.29411764705882354	GTLNFQVI:0.23529411764705882	PSIEGTST:0.23529411764705882	QDYTTGGT:0.29411764705882354	DDFVVGVG:0.47058823529411764	STNPLVEY:0.5294117647058824	IEGTSTFN:0.23529411764705882	WDTTDDFV:0.23529411764705882	TYTIWENQ:0.23529411764705882	LGTLNFQV:0.23529411764705882	SIEGTSTF:0.23529411764705882	NQRVNEPS:0.29411764705882354	TLNFQVIA:0.23529411764705882	DFVVGVGW:0.7647058823529411	EGTSTFNQ:0.23529411764705882	TSTFNQYI:0.47058823529411764	NYDQDYTT:0.29411764705882354	YDQDYTTG:0.23529411764705882	WENQRVNE:0.29411764705882354	NPLVEYYI:0.5882352941176471	PLVEYYII:0.35294117647058826	QRVNEPSI:0.29411764705882354	GTSTFNQY:0.47058823529411764	IWENQRVN:0.29411764705882354	DYTTGGTV:0.29411764705882354	GWSTNPLV:0.5294117647058824	TFNQYISI:0.47058823529411764	TIWENQRV:0.35294117647058826	FNQYISIR:0.47058823529411764	DQDYTTGG:0.23529411764705882	YTIWENQR:0.35294117647058826	EPSIEGTS:0.23529411764705882	TDDFVVGV:0.23529411764705882	WSTNPLVE:0.5294117647058824	TTDDFVVG:0.23529411764705882	DTTDDFVV:0.23529411764705882	YGWSTNPL:0.5294117647058824	TNPLVEYY:0.7058823529411765	LLSVYGWS:0.4117647058823529	GLLSVYGW:0.47058823529411764	GMNLGTLN:0.29411764705882354	TGLLSVYG:0.29411764705882354	NTQDDFVV:0.23529411764705882	LSVYGWST:0.5294117647058824	GWGGSGSA:0.23529411764705882	GTVTVQNH:0.4117647058823529	VVGVGWNP:0.47058823529411764	QDDFVVGV:0.23529411764705882	VGVGWNPG:0.47058823529411764	FVVGVGWN:0.47058823529411764	GTGLLSVY:0.29411764705882354	TVTVQNHF:0.4117647058823529	TFNQYISV:0.4117647058823529	EGWGGSGS:0.23529411764705882	WGGSGSAS:0.23529411764705882	SGTGLLSV:0.29411764705882354	GVGWNPGS:0.29411764705882354	TVQNHFNA:0.35294117647058826	VQNHFNAW:0.35294117647058826	VTVQNHFN:0.35294117647058826	TQDDFVVG:0.29411764705882354	FNQYISVR:0.4117647058823529	WNTQDDFV:0.23529411764705882	VGWNPGST:0.23529411764705882	NEPSIQGT:0.23529411764705882	LGMNLGTL:0.23529411764705882	SDGSSYTI:0.35294117647058826	DFVVGLGW:0.23529411764705882	KGSVTSDG:0.29411764705882354	EPSIVGTA:0.35294117647058826	TVKGSVTS:0.29411764705882354	VTSDGSSY:0.35294117647058826	SSYTIWEN:0.29411764705882354	DYTTGGDV:0.29411764705882354	TSDGSSYT:0.35294117647058826	PSIVGTAT:0.35294117647058826	DGSSYTIW:0.29411764705882354	NEPSIVGT:0.35294117647058826	IVGTATFN:0.35294117647058826	SVTSDGSS:0.29411764705882354	GSVTSDGS:0.29411764705882354	VGTATFNQ:0.29411764705882354	SIVGTATF:0.35294117647058826	QDYTTGGD:0.29411764705882354	RVNEPSIV:0.35294117647058826	GTATFNQY:0.4117647058823529	GTVKGSVT:0.29411764705882354	VNEPSIVG:0.35294117647058826	VKGSVTSD:0.29411764705882354	GSSYTIWE:0.29411764705882354	ATFNQYIS:0.4117647058823529	TATFNQYI:0.4117647058823529	LVEYYIME:0.23529411764705882	PRTSGTVT:0.29411764705882354	TSGTVTVQ:0.29411764705882354	SVYGWSTN:0.4117647058823529	VESWSGSG:0.23529411764705882	VYGWSTNP:0.47058823529411764	SGTVTVQN:0.29411764705882354	ESWSGSGS:0.23529411764705882	PLVEYYIM:0.23529411764705882	SPRTSGTV:0.29411764705882354	AVESWSGS:0.23529411764705882	RTSGTVTV:0.29411764705882354	YTIWENTR:0.29411764705882354	AINYNQDY:0.23529411764705882	YNQDYTTG:0.23529411764705882	ENTRVNEP:0.29411764705882354	NTRVNEPS:0.29411764705882354	TIWENTRV:0.29411764705882354	WENTRVNE:0.29411764705882354	TRVNEPSI:0.29411764705882354	TGGDVVYT:0.23529411764705882	NQDYTTGG:0.23529411764705882	IWENTRVN:0.29411764705882354	NPLVEYYV:0.23529411764705882	YTTGGDVV:0.23529411764705882	TTGGDVVY:0.23529411764705882	QNHFNAWA:0.23529411764705882	KGTVTSDG:0.23529411764705882	
