cluster number:4
GH11:112	GH11:112|3.2.1.8:19|CBM1:16|3.2.1.32:1
QIVATEGY:0.2767857142857143	ATEGYFSS:0.26785714285714285	EGYFSSGS:0.23214285714285715	EYYIVENF:0.21428571428571427	YYIVENFG:0.21428571428571427	TEGYFSSG:0.26785714285714285	FQQYWSVR:0.44642857142857145	YQIVATEG:0.2767857142857143	TRNPLIEY:0.26785714285714285	AVYGWTRN:0.32142857142857145	RNPLIEYY:0.25892857142857145	YYVVENFG:0.20535714285714285	SYLAVYGW:0.33035714285714285	EYYVVENF:0.20535714285714285	GWTRNPLI:0.26785714285714285	VYGWTRNP:0.41964285714285715	PNGNSYLA:0.35714285714285715	GNSYLAVY:0.33035714285714285	FGTYDPSS:0.23214285714285715	NSYLAVYG:0.33035714285714285	GGKGWNPG:0.38392857142857145	LAVYGWTR:0.33035714285714285	NGNSYLAV:0.32142857142857145	WTRNPLIE:0.26785714285714285	YGWTRNPL:0.5178571428571429	VGGKGWNP:0.375	YLAVYGWT:0.41964285714285715	NWVGGKGW:0.20535714285714285	GKGWNPGS:0.3125	KGWNPGSA:0.24107142857142858	RNPLVEYY:0.26785714285714285	GWTRNPLV:0.25892857142857145	GNWVGGKG:0.20535714285714285	WTRNPLVE:0.25892857142857145	TRNPLVEY:0.25892857142857145	PLIEYYIV:0.3482142857142857	LIEYYIVE:0.3392857142857143	TFQQYWSV:0.4107142857142857	NPLIEYYI:0.2767857142857143	YLSVYGWT:0.25	
