cluster number:19
GH11:24	GH11:24|3.2.1.8:1
EMPSIRGT:0.20833333333333334	PSIRGTAT:0.25	GPAKKKAT:0.25	YETTRVEM:0.5	AKKKATVT:0.25	YGWSVDPM:0.2916666666666667	KKKATVTV:0.25	VTVDGGSY:0.25	LSVYGWSV:0.20833333333333334	VEMPSIRG:0.20833333333333334	VDGGSYDI:0.25	WRPPGPAK:0.25	YIVEAWGN:0.2916666666666667	GSYDIYET:0.25	PMIEFYIV:0.20833333333333334	IEFYIVEA:0.20833333333333334	NWRPPGPA:0.25	MIEFYIVE:0.20833333333333334	RPPGPAKK:0.25	RVEMPSIR:0.20833333333333334	TVTVDGGS:0.25	AWGNWRPP:0.375	TVDGGSYD:0.25	GGSYDIYE:0.25	EAWGNWRP:0.375	PAKKKATV:0.25	KKATVTVD:0.25	TRVEMPSI:0.4583333333333333	CYLSVYGW:0.20833333333333334	NCYLSVYG:0.20833333333333334	PPGPAKKK:0.25	SVYGWSVD:0.20833333333333334	YDIYETTR:0.7083333333333334	FPQYWSVR:0.3333333333333333	DPMIEFYI:0.20833333333333334	IYETTRVE:0.75	FYIVEAWG:0.375	DGGSYDIY:0.25	MPSIRGTA:0.25	IVEAWGNW:0.2916666666666667	EFYIVEAW:0.375	SYDIYETT:0.25	PGPAKKKA:0.25	DIYETTRV:0.75	VEAWGNWR:0.375	VYGWSVDP:0.75	VDPMIEFY:0.20833333333333334	ATVTVDGG:0.25	TTRVEMPS:0.5	WGNWRPPG:0.5416666666666666	YLSVYGWS:0.20833333333333334	ETTRVEMP:0.5	GNWRPPGP:0.25	SIRGTATF:0.25	KATVTVDG:0.25	TFPQYWSV:0.3333333333333333	IEFYVVEA:0.20833333333333334	EFYVVEAW:0.25	PGAESKGT:0.20833333333333334	YETTRVEQ:0.3333333333333333	GWSVDPLI:0.20833333333333334	TTRVEQPS:0.4166666666666667	TRVEQPSI:0.4166666666666667	WSVDPLIE:0.20833333333333334	WRPPGAES:0.20833333333333334	PLIEFYVV:0.20833333333333334	LIEFYVVE:0.20833333333333334	VDPLIEFY:0.20833333333333334	PPGAESKG:0.20833333333333334	GAESKGTV:0.20833333333333334	DPLIEFYV:0.20833333333333334	YGWSVDPL:0.4583333333333333	ETTRVEQP:0.3333333333333333	SVDPLIEF:0.20833333333333334	RPPGAESK:0.20833333333333334	TFQQYWSV:0.4166666666666667	YLAVYGWS:0.4583333333333333	AVYGWSVD:0.375	NCYLAVYG:0.5416666666666666	FQQYWSVR:0.4166666666666667	CYLAVYGW:0.5416666666666666	LAVYGWSV:0.375	GGTYDIYE:0.4583333333333333	GTYDIYET:0.4583333333333333	DGGTYDIY:0.5416666666666666	IDGGTYDI:0.5416666666666666	TYDIYETT:0.4583333333333333	KGTVEIDG:0.25	VDPLVEFY:0.2916666666666667	DPLVEFYI:0.25	SKGTVEID:0.25	VEIDGGTY:0.25	TVEIDGGT:0.25	SVDPLVEF:0.25	WSVDPLVE:0.25	GTVEIDGG:0.25	EIDGGTYD:0.25	GWSVDPLV:0.25	PLVEFYIV:0.25	LVEFYIVE:0.25	RPPGAKSK:0.25	PPGAKSKG:0.25	WRPPGAKS:0.25	PGAKSKGT:0.25	YWSVRTDK:0.20833333333333334	QYWSVRTD:0.20833333333333334	WSVRTDKK:0.20833333333333334	SVRTDKKT:0.20833333333333334	LGKIYEVA:0.20833333333333334	
