cluster number:16
GH11:62	GH11:62|CBM60:20|3.2.1.8:8|CBM9:1
TSDGGTYD:0.20967741935483872	NPLIEYYV:0.22580645161290322	WGSWRPPG:0.24193548387096775	PLIEYYVV:0.25806451612903225	EYYVVDSW:0.24193548387096775	VDSWGSWR:0.24193548387096775	DSWGSWRP:0.24193548387096775	YYVVDSWG:0.24193548387096775	SWGSWRPP:0.24193548387096775	GWTTNPLV:0.3870967741935484	WTTNPLVE:0.3870967741935484	FYQYWSVR:0.3387096774193548	QRVNAPSI:0.22580645161290322	LYGWTTNP:0.2903225806451613	TFYQYWSV:0.3225806451612903	TTNPLVEY:0.3870967741935484	TNPLVEYY:0.43548387096774194	YGWTTNPL:0.43548387096774194	GGTYDIYR:0.24193548387096775	IYRTQRVN:0.25806451612903225	YRTQRVNQ:0.20967741935483872	DGGTYDIY:0.3225806451612903	EYYIVDSW:0.20967741935483872	YYIVDSWG:0.20967741935483872	TQRVNQPS:0.27419354838709675	QRVNQPSI:0.27419354838709675	RTQRVNQP:0.20967741935483872	EGYQSSGS:0.41935483870967744	KRVGGTIT:0.22580645161290322	YQSSGSSD:0.25806451612903225	PLVEYYIV:0.41935483870967744	LVEYYIVD:0.27419354838709675	NWVGGKGW:0.43548387096774194	QSSGSSDI:0.27419354838709675	ATEGYQSS:0.45161290322580644	SGSSDITV:0.24193548387096775	GYQSSGSS:0.27419354838709675	SSGSSDIT:0.27419354838709675	TEGYQSSG:0.45161290322580644	YLALYGWT:0.25806451612903225	YNTGLYAN:0.27419354838709675	AIGYGNTP:0.2903225806451613	NGAIGYGN:0.2903225806451613	TGLYANGR:0.24193548387096775	WMHCNGAI:0.2903225806451613	EWMHCNGA:0.2903225806451613	MHCNGAIG:0.2903225806451613	QSYNTGLY:0.22580645161290322	CNGAIGYG:0.2903225806451613	SEWMHCNG:0.2903225806451613	SYNTGLYA:0.22580645161290322	ANGRCGGG:0.24193548387096775	NTGLYANG:0.2903225806451613	YANGRCGG:0.24193548387096775	RDVQVDYI:0.24193548387096775	RTQRVNAP:0.25806451612903225	GAIGYGNT:0.2903225806451613	HCNGAIGY:0.2903225806451613	NPLVEYYI:0.3387096774193548	LYANGRCG:0.24193548387096775	GLYANGRC:0.24193548387096775	YRTQRVNA:0.25806451612903225	SDGGTYDI:0.2903225806451613	YGWTRNPL:0.20967741935483872	INNWVGGK:0.22580645161290322	NNWVGGKG:0.27419354838709675	MATEGYQS:0.27419354838709675	GGKGWNPG:0.20967741935483872	VGGKGWNP:0.20967741935483872	
