cluster number:22
GH11:166	GH11:166|CBM36:37|3.2.1.8:29|CBM6:20|CE4:19|CBM22:4|GH10:4|3.1.1.72:3|CBM60:2|CE6:1|CBM2:1|CBM5:1|CE3:1|CBM1:1
GGTYDIYE:0.40963855421686746	RQTKRTSG:0.23493975903614459	SYLCVYGW:0.43373493975903615	FRKGKKFD:0.3313253012048193	PGGNSYLC:0.2469879518072289	YLCVYGWT:0.42771084337349397	DGGTYDIY:0.5240963855421686	WESLGMPM:0.22289156626506024	NISINYNA:0.20481927710843373	VRQTKRTS:0.23493975903614459	NPGGNSYL:0.24096385542168675	ESLGMPMG:0.22289156626506024	ELWKDYGN:0.24096385542168675	SVRQTKRT:0.24096385542168675	LWKDYGNT:0.23493975903614459	QYWSVRQT:0.23493975903614459	WSVRQTKR:0.23493975903614459	GNSYLCVY:0.4457831325301205	QTKRTSGT:0.23493975903614459	GGNSYLCV:0.2469879518072289	KGKKFDST:0.22289156626506024	KDYGNTSM:0.21084337349397592	ALFRKGKK:0.3674698795180723	SLGMPMGK:0.22289156626506024	TKRTSGTV:0.22289156626506024	RTSGTVSV:0.23493975903614459	GMPMGKMY:0.25903614457831325	RKGKKFDS:0.22289156626506024	LFRKGKKF:0.43373493975903615	TSGTVSVS:0.2469879518072289	NALFRKGK:0.3614457831325301	GTYDIYET:0.40963855421686746	KQYWSVRQ:0.24096385542168675	FNPGGNSY:0.24096385542168675	TFKQYWSV:0.3313253012048193	GNTSMTLN:0.3072289156626506	WKDYGNTS:0.21084337349397592	NSYLCVYG:0.4397590361445783	IGNALFRK:0.3253012048192771	YWSVRQTK:0.23493975903614459	WGTYRPTG:0.2891566265060241	PMGKMYET:0.22289156626506024	KRTSGTVS:0.23493975903614459	FKQYWSVR:0.3433734939759036	ATFKQYWS:0.2891566265060241	GNISINYN:0.20481927710843373	NIGNALFR:0.30120481927710846	MGKMYETA:0.2289156626506024	KWESLGMP:0.2289156626506024	LGMPMGKM:0.22289156626506024	GNALFRKG:0.3253012048192771	MPMGKMYE:0.25903614457831325	PNGNSYLC:0.2710843373493976	PLVEYYIV:0.3253012048192771	VEGYQSSG:0.4759036144578313	WSVRTSKR:0.2469879518072289	SVRTSKRT:0.2710843373493976	TRVNQPSI:0.3795180722891566	TTRVNQPS:0.3674698795180723	YWSVRTSK:0.27710843373493976	TSKRTSGT:0.27710843373493976	VRTSKRTS:0.2710843373493976	RTSKRTSG:0.2710843373493976	QYWSVRTS:0.27710843373493976	TVDGGTYD:0.29518072289156627	YDIYETTR:0.3373493975903614	GYDYELWK:0.30120481927710846	LTVEGYQS:0.25301204819277107	YDYELWKD:0.30120481927710846	TYDIYETT:0.3192771084337349	VDGGTYDI:0.29518072289156627	EGYQSSGS:0.3373493975903614	IYETTRVN:0.26506024096385544	YQSSGSAN:0.25301204819277107	ETTRVNQP:0.29518072289156627	YETTRVNQ:0.29518072289156627	EYYIVDSW:0.25903614457831325	YYIVDSWG:0.25903614457831325	TVEGYQSS:0.29518072289156627	DIYETTRV:0.24096385542168675	GYQSSGSA:0.3373493975903614	KRTSGTIS:0.29518072289156627	RTSGTISV:0.27710843373493976	DPLVEYYI:0.2469879518072289	KGTITVDG:0.20481927710843373	TFQQYWSV:0.22289156626506024	FQQYWSVR:0.22289156626506024	ITVDGGTY:0.21686746987951808	SKRTSGTI:0.2469879518072289	WGSWRPPG:0.30120481927710846	SWGSWRPP:0.26506024096385544	GSWRPPGA:0.22289156626506024	
