cluster number:6
GH11:65	GH11:65|3.2.1.8:8|CBM2:5|CBM6:2|CBM1:2|CE4:1|CBM64:1
QRLGSVTT:0.2153846153846154	NPLIEYYI:0.36923076923076925	GSVTTDGS:0.2923076923076923	EYYIVENF:0.35384615384615387	TQRVNQPS:0.6615384615384615	QRVNQPSI:0.8615384615384616	LIEYYIVE:0.4153846153846154	TATFYQYW:0.4307692307692308	RTQRVNQP:0.6461538461538462	LGSVTTDG:0.3230769230769231	YYIVENFG:0.35384615384615387	TANHFNAW:0.23076923076923078	RLGSVTTD:0.3076923076923077	IEYYIVEN:0.36923076923076925	TYDIYRTQ:0.2923076923076923	TFYQYWSV:0.47692307692307695	SVTTDGST:0.2923076923076923	YRTQRVNQ:0.6461538461538462	ATFYQYWS:0.4461538461538462	AQRLGSVT:0.2	STYDIYRT:0.2153846153846154	DGSTYDIY:0.36923076923076925	PLIEYYIV:0.4307692307692308	GTATFYQY:0.46153846153846156	TDGSTYDI:0.35384615384615387	YDIYRTQR:0.5846153846153846	TTDGSTYD:0.27692307692307694	IYRTQRVN:0.6	FYQYWSVR:0.47692307692307695	GSTYDIYR:0.36923076923076925	VTTDGSTY:0.3076923076923077	DIYRTQRV:0.5538461538461539	GAQRLGSV:0.24615384615384617	LIEYYVVE:0.4	YLGVYGWT:0.2153846153846154	VNQPSIIG:0.7384615384615385	TTNPLIEY:0.4	LGVYGWTT:0.2	CYLGVYGW:0.2153846153846154	WTTNPLIE:0.4	GWTTNPLI:0.4	RVNQPSII:0.7538461538461538	VYGWTTNP:0.2923076923076923	TNPLIEYY:0.4	NCYLGVYG:0.2153846153846154	FHQYWSVR:0.2153846153846154	YGWTTNPL:0.4	NPLIEYYV:0.35384615384615387	QPSIIGTA:0.676923076923077	PLIEYYVV:0.38461538461538464	YYVVENFG:0.27692307692307694	NQPSIIGT:0.7076923076923077	EYYVVENF:0.27692307692307694	IEYYVVEN:0.3076923076923077	LGEVTSDG:0.24615384615384617	FSGSYNPN:0.2	SIIGTATF:0.6307692307692307	SGSYNPNG:0.23076923076923078	NSGNFVGG:0.2	PSIIGTAT:0.6307692307692307	INFSGSYN:0.2	SVYDIYRT:0.2923076923076923	PNGNSYLS:0.2923076923076923	YQYWSVRR:0.26153846153846155	VEGYFSSG:0.2	SYNPNGNS:0.23076923076923078	YSYWNDGH:0.2153846153846154	FGTYNPST:0.3384615384615385	IGTATFYQ:0.4	GTYNPSTG:0.36923076923076925	SGNFVGGK:0.2153846153846154	AVEGYFSS:0.2	GSYNPNGN:0.23076923076923078	YLSVYGWS:0.2153846153846154	IVENFGTY:0.3076923076923077	NPNGNSYL:0.24615384615384617	EVTSDGSV:0.24615384615384617	GSVYDIYR:0.27692307692307694	YIVENFGT:0.3076923076923077	IIGTATFY:0.4	VENFGTYN:0.3076923076923077	VYDIYRTQ:0.2923076923076923	VTSDGSVY:0.26153846153846155	TSDGSVYD:0.26153846153846155	GKGWNPGS:0.23076923076923078	SYLSVYGW:0.2153846153846154	NFVGGKGW:0.24615384615384617	KLGEVTSD:0.24615384615384617	NFGTYNPS:0.3384615384615385	GNFVGGKG:0.23076923076923078	YNPNGNSY:0.24615384615384617	TKLGEVTS:0.24615384615384617	DGSVYDIY:0.27692307692307694	SDGSVYDI:0.26153846153846155	NSYLSVYG:0.2153846153846154	NFSGSYNP:0.2	QYWSVRRN:0.2	GEVTSDGS:0.24615384615384617	ENFGTYNP:0.3384615384615385	YNPSTGAT:0.27692307692307694	TYNPSTGA:0.24615384615384617	RSQRVNQP:0.2	SQRVNQPS:0.2	
