cluster number:14
GH11:32	GH11:32|3.2.1.8:11|CBM1:5
WTTSPLVE:0.46875	GWTTSPLV:0.4375	VYGWTTSP:0.375	YGWTTSPL:0.4375	LAVYGWTT:0.34375	YLAVYGWT:0.3125	TNPLVEYY:0.28125	WTTNPLVE:0.28125	GWTTNPLV:0.28125	GTVTSDGS:0.375	VYGWTTNP:0.28125	HQQVNQPS:0.25	NPLVEYYI:0.3125	PLVEYYIL:0.28125	LVEYYILE:0.25	TTNPLVEY:0.28125	QQVNQPSI:0.25	YGWTTNPL:0.28125	SGNAYLAV:0.25	NAYLAVYG:0.25	GTVTTANH:0.5625	GTNNGYYY:0.25	VSTEGYES:0.21875	YYSFWTNG:0.375	TGTNNGYY:0.21875	EGYESSGS:0.28125	STEGYESS:0.21875	TEGYESSG:0.3125	AYLAVYGW:0.25	NGYYYSFW:0.21875	TVTTANHF:0.46875	SFWTNGGG:0.46875	SQTGTNNG:0.25	GYYYSFWT:0.25	GNAYLAVY:0.25	TNNGYYYS:0.21875	YYYSFWTN:0.25	YSFWTNGG:0.46875	IVSTEGYE:0.21875	NNGYYYSF:0.25	KRSSGTVT:0.34375	TFNQYWSI:0.375	FNQYWSIR:0.375	RSSGTVTT:0.40625	GYFYSFWT:0.21875	YFYSFWTN:0.21875	PSGNAYLA:0.25	FYSFWTNG:0.21875	SGTVTTAN:0.4375	TTSPLVEY:0.3125	SPLVEYYI:0.3125	QIVSTEGY:0.3125	TVTSDGSV:0.21875	SSGTVTTA:0.34375	VTSDGSVY:0.21875	KGTVTSDG:0.25	YQIVSTEG:0.3125	TSPLVEYY:0.3125	FVAGKGWN:0.25	VAGKGWNP:0.25	GKGWNPGS:0.375	KGWNPGSA:0.28125	AGKGWNPG:0.3125	AYLSVYGW:0.21875	WNPGSAQA:0.21875	GWNPGSAQ:0.21875	YLSVYGWT:0.40625	LSVYGWTT:0.40625	GDFVAGKG:0.21875	NAYLSVYG:0.21875	DFVAGKGW:0.21875	NPSGNAYL:0.28125	NKRSSGTV:0.21875	FWTNGGGT:0.21875	WTNGGGTV:0.21875	TATFNQYW:0.375	FNPSGNAY:0.28125	ATFNQYWS:0.375	SVYGWTTN:0.21875	GTATFNQY:0.375	VTTANHFN:0.3125	TANHFNAW:0.34375	TTANHFNA:0.3125	
