cluster number:2
GH146:27	GH146:27
FQNRDNIA:0.2222222222222222	LFNNQAGR:0.2222222222222222	WIGRSQYG:0.3333333333333333	LLSGHWAG:0.25925925925925924	APWYTQHK:0.25925925925925924	NQAGRPNP:0.2222222222222222	GRSQYGDP:0.2222222222222222	ENHTKYQD:0.25925925925925924	MRGLLDAY:0.37037037037037035	EFHIFDRA:0.2222222222222222	EDGGLLSG:0.2962962962962963	LENHTKYQ:0.2222222222222222	DEFHIFDR:0.2222222222222222	CGGTGLEN:0.2222222222222222	HKIMRGLL:0.6296296296296297	DERRFLVL:0.2222222222222222	LSGHWAGH:0.25925925925925924	GGTGLENH:0.2222222222222222	WYTQHKIM:0.2962962962962963	PWYTQHKI:0.25925925925925924	GGWEDGGL:0.2962962962962963	NNQAGRPN:0.2222222222222222	NPQVTYFQ:0.2222222222222222	QHKIMRGL:0.2962962962962963	RGLLDAYY:0.25925925925925924	PQVTYFQP:0.2222222222222222	KIMRGLLD:0.5555555555555556	QNRDNIAN:0.2222222222222222	FHIFDRAL:0.2222222222222222	AYMDYYER:0.2962962962962963	IMRGLLDA:0.5925925925925926	GGLLSGHW:0.2962962962962963	GTCCGGTG:0.8148148148148148	RRFLVLFN:0.2222222222222222	GWEDGGLL:0.2962962962962963	PGGWEDGG:0.2962962962962963	QEKRDRMK:0.2222222222222222	TYFQPLTP:0.2222222222222222	ERRFLVLF:0.2222222222222222	GLLSGHWA:0.25925925925925924	GLENHTKY:0.2222222222222222	WAPWYTQH:0.25925925925925924	FPEIYALT:0.2222222222222222	IGRSQYGD:0.3333333333333333	DPAYMDYY:0.2222222222222222	FNNQAGRP:0.2222222222222222	GNTGTCCG:0.4444444444444444	CCGGTGLE:0.48148148148148145	NTGTCCGG:0.5185185185185185	YTQHKIMR:0.2962962962962963	TQHKIMRG:0.2962962962962963	WEDGGLLS:0.2962962962962963	TCCGGTGL:0.48148148148148145	ELAACQAA:0.25925925925925924	YFQPLTPG:0.2222222222222222	DGGLLSGH:0.2962962962962963	FDNRESLF:0.2962962962962963	GLLQEKRD:0.2222222222222222	PAYMDYYE:0.25925925925925924	TGTCCGGT:0.4444444444444444	WVHLAVTL:0.2222222222222222	YIAGEYGG:0.37037037037037035	TGGNYPGS:0.2222222222222222	GGNYPGSN:0.2222222222222222	GGTGGNYP:0.2222222222222222	GTGGNYPG:0.2222222222222222	YGNTGTCC:0.4074074074074074	MGDWVHSR:0.25925925925925924	FRANAGLD:0.25925925925925924	PTIWAPYY:0.2222222222222222	IWAPYYTC:0.48148148148148145	RANAGLDT:0.25925925925925924	RFAITTGG:0.2222222222222222	HPGFLAAY:0.37037037037037035	TYPTIWAP:0.2222222222222222	TIWAPYYT:0.2222222222222222	GDWVHSRL:0.25925925925925924	ANQHIPQF:0.2962962962962963	MRGLLDAH:0.2222222222222222	SHPGFLAA:0.37037037037037035	PRFAITTG:0.2222222222222222	LAAYPETQ:0.2222222222222222	HANQHIPQ:0.2962962962962963	YPTIWAPY:0.2222222222222222	AAYPETQF:0.2222222222222222	WAPYYTCH:0.48148148148148145	GFLAAYGE:0.25925925925925924	PYGEIWAP:0.2962962962962963	LAAYGEWQ:0.25925925925925924	AHGGTGEG:0.2222222222222222	PGFLAAYG:0.25925925925925924	YSHPGFLA:0.25925925925925924	FLAAYGEW:0.25925925925925924	AAYGEWQF:0.25925925925925924	HGGTGEGE:0.2222222222222222	APYGEIWA:0.2962962962962963	YYTCHKIM:0.4074074074074074	EYGGMNEV:0.2962962962962963	PYYTCHKI:0.4074074074074074	NAGLDTRG:0.2222222222222222	VFRANAGL:0.2222222222222222	IYIAGEYG:0.2222222222222222	CHKIMRGL:0.3333333333333333	CCGGTGME:0.2222222222222222	APYYTCHK:0.4444444444444444	GEYGGMNE:0.3333333333333333	YTCHKIMR:0.3333333333333333	TCHKIMRG:0.3333333333333333	TCCGGTGM:0.2222222222222222	AGEYGGMN:0.3333333333333333	AVFRANAG:0.25925925925925924	ANAGLDTR:0.2222222222222222	LAVFRANA:0.25925925925925924	IAGEYGGM:0.3333333333333333	AGLDTRGA:0.25925925925925924	YIAGEFGG:0.2222222222222222	YGGMNEVM:0.2222222222222222	ENHTKYQE:0.2222222222222222	GPRFAITT:0.2222222222222222	
