cluster number:7
GH113:49	GH113:49|3.2.1.78:1
DKYQEDNV:0.30612244897959184	YQEDNVTW:0.24489795918367346	DDYCMYGK:0.40816326530612246	PFFFMEAG:0.5102040816326531	LIAEVRKV:0.30612244897959184	CADGTWRA:0.42857142857142855	ISSSGYYP:0.7142857142857143	NFFDKDVP:0.30612244897959184	FFFMEAGC:0.4897959183673469	SAAIPNDW:0.2653061224489796	GTWRAHIN:0.5510204081632653	FFMEAGCP:0.46938775510204084	LKPIVNCA:0.2653061224489796	NCDKYQED:0.5714285714285714	LGLKVCLK:0.22448979591836735	FDKDVPCE:0.30612244897959184	KDVPCEPK:0.2857142857142857	DNVTWWDA:0.22448979591836735	DVISSSGY:0.5306122448979592	NWTAIAFS:0.20408163265306123	ALDVISSS:0.24489795918367346	KYQEDNVT:0.24489795918367346	QEDNVTWW:0.24489795918367346	HINFFDKD:0.30612244897959184	GCPSRTGS:0.20408163265306123	NKPFFFME:0.2653061224489796	WTAIAFSA:0.20408163265306123	WDALDVIS:0.24489795918367346	GANWTAIA:0.22448979591836735	NDDYCMYG:0.3877551020408163	FFDKDVPC:0.30612244897959184	PIVNCADG:0.2653061224489796	VQGFMLWD:0.2653061224489796	GFMLWDWP:0.42857142857142855	INFFDKDV:0.30612244897959184	KVCLKPIV:0.2653061224489796	CDKYQEDN:0.2857142857142857	LDVISSSG:0.2857142857142857	NCADGTWR:0.42857142857142855	DVPCEPKW:0.40816326530612246	EPKWSDWF:0.2653061224489796	GLKVCLKP:0.2857142857142857	TYNCDKYQ:0.8163265306122449	AHINFFDK:0.30612244897959184	KPIVNCAD:0.2653061224489796	IAEVRKVY:0.30612244897959184	TGANWTAI:0.22448979591836735	VPCEPKWS:0.3877551020408163	VISSSGYY:0.5714285714285714	VCLKPIVN:0.30612244897959184	DALDVISS:0.24489795918367346	MEAGCPSR:0.46938775510204084	ADGTWRAH:0.40816326530612246	WRAHINFF:0.5714285714285714	EDNVTWWD:0.24489795918367346	CEPKWSDW:0.2653061224489796	WVQGFMLW:0.2653061224489796	CLKPIVNC:0.30612244897959184	IVNCADGT:0.2653061224489796	WEAQLDRI:0.20408163265306123	FMLWDWPA:0.32653061224489793	GSAAIPND:0.2653061224489796	DKDVPCEP:0.30612244897959184	VNCADGTW:0.3673469387755102	GCEMFCIG:0.20408163265306123	WWDALDVI:0.22448979591836735	LKVCLKPI:0.2653061224489796	DGTWRAHI:0.5102040816326531	QGFMLWDW:0.2653061224489796	RAHINFFD:0.5714285714285714	YNCDKYQE:0.8163265306122449	EMFCIGCE:0.22448979591836735	CEMFCIGC:0.22448979591836735	TWRAHINF:0.5510204081632653	FMEAGCPS:0.46938775510204084	KPFFFMEA:0.5102040816326531	CEPKWSEW:0.24489795918367346	PCEPKWSE:0.24489795918367346	EPKWSEWF:0.24489795918367346	ITYNCDKY:0.46938775510204084	SSSGYYPI:0.2857142857142857	MTWGWTGV:0.20408163265306123	GLITYNCD:0.2653061224489796	GMTWGWTG:0.20408163265306123	CIGCEMVQ:0.20408163265306123	TWGWTGVR:0.20408163265306123	GCPSREGS:0.22448979591836735	AGCPSREG:0.20408163265306123	WGWTGVRG:0.20408163265306123	EAGCPSRE:0.22448979591836735	LITYNCDK:0.2653061224489796	VTWWDAVD:0.22448979591836735	WWDAVDVI:0.30612244897959184	WDAVDVIS:0.2653061224489796	AVDVISSS:0.2653061224489796	TWWDAVDV:0.32653061224489793	DGTWRAYI:0.20408163265306123	FVVGCELV:0.20408163265306123	VDVISSSG:0.24489795918367346	DAVDVISS:0.2653061224489796	KVCLKPVV:0.20408163265306123	VCLKPVVN:0.22448979591836735	
