cluster number:5
GH123:53	GH123:53|3.2.1.53:2|3.2.1.-:1
LRWAYNSW:0.49056603773584906	KFHLDLWQ:0.2641509433962264	FHLDLWQN:0.4339622641509434	HLDLWQNP:0.5283018867924528	WKFHLDLW:0.22641509433962265	LSFQYFDQ:0.4716981132075472	WAAGDTYL:0.2641509433962264	DERPMEVM:0.2641509433962264	NCYSMVPW:0.5660377358490566	IMHKPWNG:0.3018867924528302	VMTDELNK:0.6037735849056604	GFVRYVMT:0.3018867924528302	QYFDQATN:0.32075471698113206	LKVIRKAD:0.2641509433962264	HLKEKGWF:0.20754716981132076	PYPNTFTF:0.24528301886792453	GQTYDYFE:0.22641509433962265	LDGYLRWA:0.6226415094339622	MTDELNKD:0.6037735849056604	DFKVSLAG:0.2641509433962264	YLRWAYNS:0.4528301886792453	SIMHKPWN:0.2830188679245283	FVRYVMTD:0.5094339622641509	TDELNKDG:0.6037735849056604	WNGQTYDY:0.22641509433962265	PWNGQTYD:0.39622641509433965	HKPWNGQT:0.41509433962264153	FQYFDQAT:0.32075471698113206	YVMTDELN:0.6226415094339622	INCYSMVP:0.5660377358490566	VRYVMTDE:0.5094339622641509	EPLLDSRF:0.4716981132075472	NGQTYDYF:0.22641509433962265	TLKVIRKA:0.2641509433962264	GYLRWAYN:0.4716981132075472	DGYLRWAY:0.4528301886792453	FDSTLVAD:0.32075471698113206	SFQYFDQA:0.4716981132075472	RYVMTDEL:0.6226415094339622	MDERPMEV:0.2641509433962264	EPYPNTFT:0.24528301886792453	AWAAGDTY:0.2641509433962264	YPNTFTFS:0.2830188679245283	KPWNGQTY:0.33962264150943394	MHKPWNGQ:0.32075471698113206	GKVTTYYT:0.20754716981132076	YLRWALNS:0.2641509433962264	DFDSTLVA:0.22641509433962265	DSTLVADV:0.20754716981132076	VTTYYTCC:0.20754716981132076	DGYLRWAL:0.2641509433962264	TYYTCCTE:0.4339622641509434	IRYKKEEP:0.24528301886792453	LDLWQNPY:0.4528301886792453	ASIMHKPW:0.22641509433962265	WAFHLDLW:0.24528301886792453	YPGARSSI:0.20754716981132076	GYLRWALN:0.2641509433962264	LRWALNSW:0.2641509433962264	YYTCCTEP:0.2641509433962264	AFHLDLWQ:0.24528301886792453	DIRYKKEE:0.20754716981132076	PGARSSIR:0.20754716981132076	TDIRYKKE:0.20754716981132076	TASIMHKP:0.22641509433962265	FDKWVEFM:0.3018867924528302	NLDGYLRW:0.3018867924528302	VFDKWVEF:0.2830188679245283	ITASIMHK:0.22641509433962265	LWQNPYAV:0.32075471698113206	KVTTYYTC:0.20754716981132076	DLWQNPYA:0.3584905660377358	IAMDERPM:0.4339622641509434	TTYYTCCT:0.37735849056603776	QINCYSMV:0.41509433962264153	KQINCYSM:0.41509433962264153	KMLADAGQ:0.24528301886792453	PLLDSRFR:0.24528301886792453	GIDKQINC:0.20754716981132076	MLADAGQK:0.2641509433962264	FTFSDPAE:0.2641509433962264	DKQINCYS:0.20754716981132076	IDKQINCY:0.20754716981132076	MKMLADAG:0.22641509433962265	AQAVVWTG:0.20754716981132076	ARYYQVPL:0.24528301886792453	HLDGYLRW:0.20754716981132076	ELNKDGRG:0.20754716981132076	VPWKLSFQ:0.3018867924528302	AVARYYQV:0.20754716981132076	KLSFQYFD:0.2641509433962264	DELNKDGR:0.20754716981132076	VARYYQVP:0.24528301886792453	RFEKLIEG:0.24528301886792453	PNTFTFSD:0.24528301886792453	FSDPAEAA:0.22641509433962265	GDTYLVYP:0.2830188679245283	DTYLVYPG:0.20754716981132076	AMDERPME:0.2830188679245283	HLDLWQSP:0.24528301886792453	YYQVPLWS:0.24528301886792453	TFSDPAEA:0.24528301886792453	SLLVADPI:0.20754716981132076	QQGVTQCG:0.20754716981132076	RYYQVPLW:0.24528301886792453	RWAYNSWP:0.24528301886792453	AGQKIITA:0.20754716981132076	FKVSLAGN:0.20754716981132076	PWKLSFQY:0.3018867924528302	SDPAEAAW:0.22641509433962265	YSMVPWKL:0.3018867924528302	NTFTFSDP:0.24528301886792453	EKGWFDIC:0.20754716981132076	LLVADPID:0.20754716981132076	MVPWKLSF:0.3018867924528302	WKLSFQYF:0.2830188679245283	SIRFEKLI:0.20754716981132076	YQVPLWSQ:0.20754716981132076	DSLLVADP:0.20754716981132076	IRFEKLIE:0.20754716981132076	SMVPWKLS:0.3018867924528302	YYTCCTEA:0.20754716981132076	SSIRFEKL:0.20754716981132076	TFTFSDPA:0.24528301886792453	AQQGVTQC:0.20754716981132076	CYSMVPWK:0.39622641509433965	DELNKDGK:0.20754716981132076	ELNKDGKG:0.20754716981132076	KDGKGGCG:0.20754716981132076	NKDGKGGC:0.20754716981132076	CCTEPYPN:0.22641509433962265	YTCCTEPY:0.22641509433962265	TCCTEPYP:0.22641509433962265	TWAAGDTY:0.20754716981132076	
