cluster number:46
GH78:27	GH78:27|CBM67:26
GASPNIEF:0.4074074074074074	LQLLWAYQ:0.2222222222222222	YGVYYFRK:0.2962962962962963	LVSLGPAR:0.48148148148148145	TQCTIYFK:0.2222222222222222	IYFKYYLH:0.4074074074074074	CPYYEQLQ:0.8148148148148148	IISTFSLW:0.2962962962962963	RSDCHAWG:0.7777777777777778	STFSLWYI:0.3333333333333333	DIGWRTAR:0.4074074074074074	YEQLQYIG:0.6296296296296297	FKYYLHQA:0.25925925925925924	DLQLLWAY:0.2222222222222222	SPNIEFFR:0.5185185185185185	RTAFILQG:0.25925925925925924	GWRTARLN:0.2222222222222222	DCHAWGAS:0.37037037037037035	YFKYYLHQ:0.25925925925925924	DCPYYEQL:0.8148148148148148	KYYLHQAL:0.25925925925925924	QLQYIGDT:0.37037037037037035	YIGDTRIQ:0.37037037037037035	EQLQYIGD:0.6296296296296297	LQYIGDTR:0.4074074074074074	IGWRTARL:0.6296296296296297	DNRYKLYV:0.5555555555555556	NRYKLYVN:0.5555555555555556	ISTFSLWY:0.3333333333333333	IEFFRTVL:0.37037037037037035	HAWGASPN:0.37037037037037035	NIEFFRTV:0.37037037037037035	YTDCPYYE:0.2222222222222222	GPARGDTY:0.25925925925925924	SDCHAWGA:0.4074074074074074	WGASPNIE:0.4074074074074074	LDIGWRTA:0.37037037037037035	TFTGYPFK:0.2222222222222222	ADNRYKLY:0.5185185185185185	AWGASPNI:0.37037037037037035	LHDYWMYR:0.2222222222222222	YYEQLQYI:0.6666666666666666	LGPARGDT:0.2222222222222222	GTFTGYPF:0.3333333333333333	SLGPARGD:0.48148148148148145	LTQCTIYF:0.2222222222222222	WRTARLNA:0.2222222222222222	CTIYFKYY:0.25925925925925924	GDTRIQAL:0.2222222222222222	PYYEQLQY:0.8148148148148148	QIISTFSL:0.2962962962962963	DDRLARNA:0.2962962962962963	TRSDCHAW:0.5185185185185185	EFFRTVLG:0.4074074074074074	QYIGDTRI:0.37037037037037035	YLHQALVK:0.2222222222222222	ASPNIEFF:0.2962962962962963	CHAWGASP:0.37037037037037035	TDCPYYEQ:0.2222222222222222	IGDTRIQA:0.3333333333333333	SADNRYKL:0.6296296296296297	NSLAILTG:0.2222222222222222	PNIEFFRT:0.4444444444444444	VSLGPARG:0.48148148148148145	YGTFTGYP:0.3333333333333333	QCTIYFKY:0.2222222222222222	CHAWGSSP:0.37037037037037035	SDCHAWGS:0.37037037037037035	FFRTVLGI:0.3333333333333333	FSLWYIGM:0.25925925925925924	WGSSPNIE:0.2962962962962963	QQADGSLK:0.2222222222222222	AWGSSPNI:0.2962962962962963	SSPNIEFF:0.2222222222222222	GEIPHPNG:0.25925925925925924	HAWGSSPN:0.37037037037037035	SGEIPHPN:0.25925925925925924	RTVLGIDS:0.4074074074074074	MLDIGWRT:0.2222222222222222	DCHAWGSS:0.37037037037037035	RYKLYVNG:0.2962962962962963	SRSDCHAW:0.3333333333333333	MGLTTWAE:0.2962962962962963	GSSPNIEF:0.2962962962962963	SLWYIGML:0.25925925925925924	FRTVLGID:0.3333333333333333	TYMDCPYY:0.6296296296296297	ETYMDCPY:0.5185185185185185	IHVSADNR:0.2222222222222222	MDCPYYEQ:0.5185185185185185	YMDCPYYE:0.6296296296296297	HVSADNRY:0.4444444444444444	VSADNRYK:0.4444444444444444	YGVYHFRK:0.25925925925925924	VHVSADNR:0.2222222222222222	GWRTARLC:0.48148148148148145	EIGWRTAR:0.2962962962962963	YYVAGPGE:0.3333333333333333	WRTARLCA:0.48148148148148145	GYYVAGPG:0.2222222222222222	SPNIEFYR:0.2222222222222222	LEIGWRTA:0.2222222222222222	TFSLWYIG:0.2962962962962963	YNSGDDRL:0.25925925925925924	APASIYFK:0.2222222222222222	SIYFKYYL:0.2222222222222222	LAPASIYF:0.2222222222222222	ASIYFKYY:0.2222222222222222	LTNAYPTL:0.2222222222222222	TTRSDCHA:0.2222222222222222	
