cluster number:20
GH78:31	GH78:31|CBM67:1
LDLGATTF:0.4838709677419355	RDRLVWVG:0.45161290322580644	IKRDRLVW:0.5483870967741935	SLCHGWAS:0.41935483870967744	KRDRLVWV:0.45161290322580644	HSLCHGWA:0.3225806451612903	GATTFWED:0.7096774193548387	CHGWASGP:0.45161290322580644	MLDLGATT:0.4838709677419355	ASGPTSWL:0.22580645161290322	YLWDGIKR:0.5806451612903226	RHSLCHGW:0.4838709677419355	TTFWEDFN:0.5161290322580645	HGWASGPT:0.6774193548387096	AYTVHLNM:0.7741935483870968	ATTFWEDF:0.7096774193548387	LGATTFWE:0.6774193548387096	LCHGWASG:0.41935483870967744	GAYTVHLN:0.8387096774193549	LWDGIKRD:0.8064516129032258	YTVHLNMQ:0.7741935483870968	DGIKRDRL:0.6129032258064516	DRLVWVGD:0.45161290322580644	DLGATTFW:0.5483870967741935	WDGIKRDR:0.8064516129032258	GWASGPTS:0.22580645161290322	WASGPTSW:0.22580645161290322	GIKRDRLV:0.5483870967741935	TGAYTVHL:0.7741935483870968	WASGPTAW:0.3225806451612903	RYRDIPYL:0.2903225806451613	GFRFVRID:0.5161290322580645	DFGAYCYP:0.22580645161290322	STFYGYYM:0.6451612903225806	RREPSLVR:0.22580645161290322	FYGYYMLE:0.5483870967741935	GNTGFRFV:0.3548387096774194	MQEYLWDG:0.3548387096774194	RFGESVGE:0.25806451612903225	WLGDMHPE:0.22580645161290322	TDDHAKRD:0.22580645161290322	NTGFRFVR:0.3548387096774194	ILRYRDIP:0.22580645161290322	RIRFGESV:0.25806451612903225	RFVRIDLL:0.22580645161290322	NMQEYLWD:0.3548387096774194	GDFGAYCY:0.22580645161290322	QEYLWDGI:0.2903225806451613	SLVRIRFG:0.22580645161290322	FSTFYGYY:0.6129032258064516	PYLGSFKS:0.25806451612903225	LNMQEYLW:0.2903225806451613	FRFVRIDL:0.3548387096774194	IRFGESVG:0.22580645161290322	RDIPYLGS:0.5806451612903226	VHLNMQEY:0.2903225806451613	REPSLVRI:0.22580645161290322	HGDFGAYC:0.22580645161290322	YRDIPYLG:0.41935483870967744	HLNMQEYL:0.2903225806451613	TVHLNMQE:0.45161290322580644	KDIHGDFG:0.25806451612903225	IHGDFGAY:0.22580645161290322	DDHAKRDI:0.22580645161290322	GKKDIHGD:0.41935483870967744	GWASGPTA:0.3548387096774194	STDDHAKR:0.22580645161290322	FGAYCYPG:0.22580645161290322	KKDIHGDF:0.25806451612903225	EYLWDGIK:0.2903225806451613	PSLVRIRF:0.22580645161290322	DIPYLGSF:0.5806451612903226	YGYYMLEA:0.41935483870967744	LRYRDIPY:0.22580645161290322	DIHGDFGA:0.22580645161290322	LVRIRFGE:0.22580645161290322	TFYGYYML:0.7741935483870968	VRIRFGES:0.3548387096774194	AILRYRDI:0.22580645161290322	IPYLGSFK:0.25806451612903225	EPSLVRIR:0.22580645161290322	TGFRFVRI:0.22580645161290322	DYLWDGIK:0.22580645161290322	AGKKDIHG:0.25806451612903225	QDYLWDGI:0.22580645161290322	PAGKKDIH:0.25806451612903225	VPAGKKDI:0.25806451612903225	ARFLDWPS:0.22580645161290322	NDHAMRDF:0.22580645161290322	RFLDWPSS:0.4838709677419355	VFGYNEVV:0.25806451612903225	GTFPTPYG:0.2903225806451613	GFSTFYGY:0.3225806451612903	FGYNEVVP:0.22580645161290322	VVPKSLDL:0.2903225806451613	SGFRFVRI:0.2903225806451613	GFRHSLCH:0.3548387096774194	LLDFGKEL:0.22580645161290322	GESVSEAM:0.2903225806451613	FRHSLCHG:0.3548387096774194	AMLDLGAT:0.3870967741935484	FLDWPSSE:0.2903225806451613	DERLNKIW:0.22580645161290322	YWGAMLDL:0.22580645161290322	VGDLHPEV:0.22580645161290322	WVGDLHPE:0.25806451612903225	RLVWVGDL:0.25806451612903225	WGAMLDLG:0.3870967741935484	VWVGDLHP:0.25806451612903225	GAMLDLGA:0.3870967741935484	LVWVGDLH:0.25806451612903225	EGTFPTPY:0.25806451612903225	WEDFNLDW:0.22580645161290322	FWEDFNLD:0.22580645161290322	KQAASLMA:0.22580645161290322	TFWEDFNL:0.22580645161290322	KGFSTFYG:0.22580645161290322	LDWPSSEN:0.25806451612903225	
