cluster number:15
GH78:19	GH78:19|CBM67:12|CBM32:2|CBM13:1|CE15:1|3.2.1.40:1
VVFEGGLK:0.47368421052631576	RERAQWWG:0.7894736842105263	EGGLKRGP:0.6842105263157895	AQWWGDVV:0.2631578947368421	VFEGGLKR:0.5263157894736842	GLKRGPNP:0.3157894736842105	AVDSKYWL:0.47368421052631576	QWWGDVVN:0.21052631578947367	FEGGLKRG:0.631578947368421	ERAQWWGD:0.7894736842105263	RAQWWGDV:0.3157894736842105	GGLKRGPN:0.3684210526315789	LVVFEGGL:0.3684210526315789	IAVDSKYW:0.42105263157894735	PYNAQITP:0.21052631578947367	CPDRERAQ:0.5789473684210527	DRERAQWW:0.5263157894736842	MDCPDRER:0.631578947368421	TLYITMRD:0.2631578947368421	SPYMEKYV:0.5789473684210527	YESLGWMN:0.21052631578947367	ESLGWMNG:0.21052631578947367	PYMEKYVL:0.3684210526315789	DCPDRERA:0.5789473684210527	PDRERAQW:0.5789473684210527	HAWSGGPL:0.3157894736842105	LYITMRDN:0.2631578947368421	FMDCPDRE:0.21052631578947367	NHAWSGGP:0.3157894736842105	LPYNAQIT:0.21052631578947367	RTLYITMR:0.2631578947368421	TLYVTMRD:0.3157894736842105	HAWSGGGL:0.21052631578947367	FGKEGFSH:0.21052631578947367	YMDCPDRE:0.42105263157894735	ASPYMEKY:0.5263157894736842	RTLYVTMR:0.3157894736842105	GFSHKSSG:0.21052631578947367	YFGKEGFS:0.21052631578947367	NHAWSGGG:0.21052631578947367	QALAVVSG:0.21052631578947367	RPIPQWKN:0.21052631578947367	DSKYWLWI:0.42105263157894735	YYGFWNYY:0.21052631578947367	VDSKYWLW:0.2631578947368421	RPIPQWKD:0.21052631578947367	SIGYYGFW:0.21052631578947367	RAQWWGDE:0.3684210526315789	AQWWGDEV:0.3684210526315789	KYRETGYN:0.2631578947368421	LKYRETGY:0.3157894736842105	YTTLFEGW:0.3684210526315789	SNIRFDAR:0.2631578947368421	ESNIRFDA:0.2631578947368421	IGYYGFWN:0.21052631578947367	DTYYDEVD:0.2631578947368421	YRETGYNT:0.21052631578947367	SKYWLWIN:0.42105263157894735	GYYGFWNY:0.21052631578947367	ELPLQMLA:0.21052631578947367	NVRAEYIT:0.2631578947368421	LPLQMLAS:0.21052631578947367	WYYLALKA:0.21052631578947367	AWSGGPLT:0.21052631578947367	YKGETDDR:0.2631578947368421	MRDNYMDC:0.21052631578947367	WGIGAEGF:0.21052631578947367	IGAEGFGG:0.21052631578947367	INHAWSGG:0.21052631578947367	YHASPYME:0.21052631578947367	GAEGFGGG:0.21052631578947367	EGWGIGAE:0.2631578947368421	GWYGFYTQ:0.21052631578947367	GIGAEGFG:0.21052631578947367	TMRDNYMD:0.21052631578947367	GETDDRSQ:0.2631578947368421	CWYYLALK:0.21052631578947367	KGETDDRS:0.2631578947368421	TDDRSQAM:0.21052631578947367	TTLFEGWG:0.3157894736842105	TLFEGWGI:0.3157894736842105	WWGDEVNE:0.21052631578947367	RDNYMDCP:0.21052631578947367	GWGIGAEG:0.2631578947368421	KEYHASPY:0.21052631578947367	QWWGDEVN:0.21052631578947367	NELGEAFY:0.21052631578947367	LFEGWGIG:0.3157894736842105	HASPYMEK:0.47368421052631576	VNELGEAF:0.21052631578947367	FEGWGIGA:0.21052631578947367	YYLALKAE:0.21052631578947367	EYHASPYM:0.21052631578947367	ETDDRSQA:0.21052631578947367	DDRSQAMA:0.21052631578947367	QEYESYGW:0.21052631578947367	ETGYDTEF:0.21052631578947367	SGGPLTLL:0.21052631578947367	YESYGWMN:0.21052631578947367	RETGYDTE:0.21052631578947367	YRETGYDT:0.2631578947368421	WSGGPLTL:0.21052631578947367	KYRETGYD:0.2631578947368421	GPLTLLSQ:0.21052631578947367	FGKDGFSH:0.2631578947368421	ESYGWMNG:0.21052631578947367	GGPLTLLS:0.21052631578947367	YMEKYVLE:0.3157894736842105	DVKYRETG:0.21052631578947367	VKYRETGY:0.21052631578947367	KYVLEALF:0.3157894736842105	LEALFQMG:0.21052631578947367	MEKYVLEA:0.2631578947368421	GEAFYALS:0.21052631578947367	NCWYYLAL:0.21052631578947367	IAADSKYW:0.21052631578947367	ADSKYWLW:0.21052631578947367	EKYVLEAL:0.3157894736842105	KYWLWIND:0.21052631578947367	AADSKYWL:0.21052631578947367	MRDTYMDC:0.21052631578947367	LAVVAGLA:0.21052631578947367	LYVTMRDT:0.21052631578947367	VTMRDTYM:0.21052631578947367	YVTMRDTY:0.21052631578947367	RDTYMDCP:0.21052631578947367	TMRDTYMD:0.21052631578947367	KYWLWVNG:0.21052631578947367	
