cluster number:7
GH78:17	GH78:17|CBM67:8
WLELDAGE:0.23529411764705882	NLHHRVKG:0.23529411764705882	GEILGVRP:0.23529411764705882	RPERGLFA:0.23529411764705882	YTMDTRLQ:0.23529411764705882	RCMHETYE:0.5294117647058824	EDCPYYEQ:0.7647058823529411	PTPRAYWP:0.23529411764705882	PRSDCHAW:0.35294117647058826	TYEDCPYY:0.7058823529411765	GLFADGPE:0.23529411764705882	TVDLSERL:0.23529411764705882	THYYETVD:0.23529411764705882	HYYETVDL:0.29411764705882354	YETVDLSE:0.23529411764705882	LQYTMDTR:0.23529411764705882	CPYYEQLQ:0.47058823529411764	QYTMDTRL:0.23529411764705882	DCHAWSAL:0.4117647058823529	GLVAPTPR:0.23529411764705882	TMDTRLQM:0.23529411764705882	APTPRAYW:0.23529411764705882	ADSRYRLF:0.23529411764705882	CHAWSALP:0.4117647058823529	ILGVRPGA:0.23529411764705882	VDLSERLI:0.23529411764705882	EQLQYTMD:0.29411764705882354	LHLTTLPE:0.23529411764705882	YRQVIPSF:0.23529411764705882	DSRYRLFL:0.23529411764705882	RGLFADGP:0.23529411764705882	HAWSALPL:0.29411764705882354	SRYRLFLN:0.23529411764705882	GMLQSRYP:0.23529411764705882	RRCMHETY:0.29411764705882354	PLTLLSQM:0.23529411764705882	YEQLQYTM:0.29411764705882354	ETYEDCPY:0.7058823529411765	WRPERGLF:0.23529411764705882	DCPYYEQL:0.5294117647058824	LDAGELVT:0.23529411764705882	DAGELVTG:0.23529411764705882	LELDAGEL:0.29411764705882354	SFSLYWIH:0.29411764705882354	DDRLARRA:0.23529411764705882	FSLYWIHM:0.29411764705882354	LRRCMHET:0.29411764705882354	PERGLFAD:0.23529411764705882	IPSFSLYW:0.35294117647058826	LGVRPGAP:0.23529411764705882	SVGPCKGD:0.29411764705882354	TLRRCMHE:0.29411764705882354	SADDRLAR:0.29411764705882354	YYEQLQYT:0.29411764705882354	RQVIPSFS:0.23529411764705882	PASYELFR:0.23529411764705882	GVRPGAPG:0.23529411764705882	RPGAPGYS:0.23529411764705882	ETVDLSER:0.23529411764705882	RSDCHAWS:0.5882352941176471	HSSALPSG:0.23529411764705882	LFADGPEV:0.23529411764705882	SNLHHRVK:0.23529411764705882	MHETYEDC:0.7647058823529411	RYRLFLNG:0.29411764705882354	VSADDRLA:0.23529411764705882	MLQSRYPS:0.23529411764705882	HETYEDCP:0.7647058823529411	SDCHAWSA:0.5882352941176471	VIPSFSLY:0.35294117647058826	ADDRLARR:0.23529411764705882	AGELVTGY:0.23529411764705882	EGLVAPTP:0.23529411764705882	EILGVRPG:0.23529411764705882	GPLTLLSQ:0.23529411764705882	VSVGPCKG:0.29411764705882354	PYYEQLQY:0.47058823529411764	PSFSLYWI:0.35294117647058826	YYETVDLS:0.23529411764705882	VRPGAPGY:0.23529411764705882	YEDCPYYE:0.7058823529411765	VAPTPRAY:0.23529411764705882	ELDAGELV:0.23529411764705882	QLQYTMDT:0.29411764705882354	PEGLVAPT:0.23529411764705882	HLTTLPEV:0.23529411764705882	CMHETYED:0.8235294117647058	SVSVGPCK:0.29411764705882354	EYRQVIPS:0.23529411764705882	QVIPSFSL:0.35294117647058826	SADSRYRL:0.23529411764705882	LVAPTPRA:0.23529411764705882	SLYWIHML:0.29411764705882354	YRETGYPL:0.23529411764705882	GELTTGYL:0.23529411764705882	AGELTTGY:0.23529411764705882	DAGELTTG:0.23529411764705882	LDAGELTT:0.23529411764705882	PFWFRTFR:0.35294117647058826	AQCSVAMS:0.23529411764705882	TLESLLYL:0.23529411764705882	SQHAQVFG:0.23529411764705882	YSQHAQVF:0.29411764705882354	TFRFIRLE:0.23529411764705882	FRTFRFIR:0.23529411764705882	FRFIRLEI:0.23529411764705882	WFRTFRFI:0.23529411764705882	RTFRFIRL:0.23529411764705882	TEMPGLYL:0.23529411764705882	RTEMPGLY:0.23529411764705882	AADDRLAR:0.23529411764705882	FWFRTFRF:0.23529411764705882	ADDRLARK:0.23529411764705882	
