cluster number:28
GH78:12	GH78:12|CBM67:11|3.2.1.40:2
EALVNYYV:0.5	NSGVVTHQ:0.25	PVRSWPEE:0.25	LDWAPIDQ:0.6666666666666666	DTFVDCPA:0.5	WNSVIPNW:0.25	NEALVNYY:0.5	VGDARNEA:0.25	WNLLDWAP:0.75	VIPNWTFF:0.5	PAYEQTFW:0.4166666666666667	LTRSHCHA:0.6666666666666666	RNEWRCFR:0.4166666666666667	WSAAPGYF:0.5833333333333334	IAVLVLHF:0.4166666666666667	LLDWAPID:0.6666666666666666	VRSWPEEQ:0.25	NLLDWAPI:0.6666666666666666	LVNYYVFG:0.5	ISADSRYV:0.3333333333333333	PIDQPNSG:0.25	KLCMEDTF:0.25	IPNWTFFW:0.5	HTYGLDNT:0.3333333333333333	RCLNLVPG:0.3333333333333333	QHTYGLDN:0.3333333333333333	GEGPWKKL:0.25	VKRCLNLV:0.3333333333333333	LYLDQVPS:0.25	DQPNSGVV:0.3333333333333333	PFMSFFYY:0.5	DSRYVLYV:0.3333333333333333	TKLCMEDT:0.25	CPAYEQTF:0.4166666666666667	HAWSAAPG:0.6666666666666666	SADSRYVL:0.25	TIAVLVLH:0.3333333333333333	FWVGDARN:0.25	EQTFWVGD:0.4166666666666667	AWSAAPGY:0.6666666666666666	SAAPGYFL:0.5833333333333334	IDQPNSGV:0.25	APIDQPNS:0.25	PLYLDQVP:0.25	CLNLVPGS:0.3333333333333333	LCMEDTFV:0.6666666666666666	RGPVRSWP:0.5833333333333334	DIVKRCLN:0.25	FVDCPAYE:0.5	FMSFFYYE:0.5	GPVRSWPE:0.25	HGATTCWE:0.3333333333333333	IGSPFMSF:0.6666666666666666	MEDTFVDC:0.75	MLTRSHCH:0.25	TRSHCHAW:0.8333333333333334	AVLVLHFG:0.4166666666666667	NTIAVLVL:0.3333333333333333	WAPIDQPN:0.5833333333333334	YEQTFWVG:0.4166666666666667	SGVVTHQN:0.3333333333333333	RNEALVNY:0.5	GSPFMSFF:0.6666666666666666	RYVLYVNG:0.3333333333333333	GATTCWEM:0.25	GDARNEAL:0.25	TTCWEMYP:0.4166666666666667	ADSRYVLY:0.3333333333333333	RSHCHAWS:0.8333333333333334	LHISADSR:0.25	QPNSGVVT:0.25	ATTCWEMY:0.4166666666666667	TFVDCPAY:0.5	KRCLNLVP:0.3333333333333333	AYEQTFWV:0.4166666666666667	CHAWSAAP:0.75	SHCHAWSA:0.8333333333333334	VDCPAYEQ:0.5	ALVNYYVF:0.5	PNSGVVTH:0.25	QIGSPFMS:0.6666666666666666	EDTFVDCP:0.8333333333333334	SVIPNWTF:0.6666666666666666	RQHTYGLD:0.25	HISADSRY:0.25	AAPGYFLG:0.5833333333333334	IVKRCLNL:0.3333333333333333	DWAPIDQP:0.6666666666666666	GRGPVRSW:0.5833333333333334	VNYYVFGA:0.25	NSVIPNWT:0.25	PRNEWRCF:0.4166666666666667	SPFMSFFY:0.5	SRYVLYVN:0.3333333333333333	HCHAWSAA:0.75	CMEDTFVD:0.75	DCPAYEQT:0.4166666666666667	WVGDARNE:0.25	TTKLCMED:0.25	TADSRYVL:0.4166666666666667	ITADSRYV:0.4166666666666667	LVPRDIPF:0.3333333333333333	YEQVFWVG:0.25	VGDSRNEA:0.5	WVGDSRNE:0.5	DSRNEALV:0.3333333333333333	VLVLHFGV:0.25	DTFVDCPS:0.3333333333333333	LLNDIWEI:0.25	VFGSNVWR:0.25	CWEMYPNF:0.25	TCWEMYPN:0.25	NDIWEISR:0.25	DCPSYEQV:0.25	PSYEQVFW:0.25	SMQTQVVA:0.4166666666666667	GDSRNEAL:0.5	SFFYYEAL:0.4166666666666667	RGRGGLLA:0.25	FWVGDSRN:0.4166666666666667	PRDIPFLT:0.4166666666666667	SPRNEWRC:0.3333333333333333	SRNEALVN:0.3333333333333333	DIPFLTEE:0.5	CPSYEQVF:0.25	RDIPFLTE:0.5	FVDCPSYE:0.3333333333333333	LNDIWEIS:0.25	MSFFYYEA:0.4166666666666667	TFVDCPSY:0.3333333333333333	APGYFLGA:0.4166666666666667	SPVRRGFR:0.25	EQVFWVGD:0.25	CIHADGRR:0.3333333333333333	VQIGSPFM:0.5833333333333334	SYEQVFWV:0.25	GWNLLDWA:0.4166666666666667	VDCPSYEQ:0.3333333333333333	PVRRGFRY:0.25	FVQIGSPF:0.3333333333333333	IHADGRRS:0.5	VPRDIPFL:0.3333333333333333	DCIHADGR:0.3333333333333333	RNTIAVLV:0.25	TTRLCMED:0.3333333333333333	RLCMEDTF:0.3333333333333333	HADGRRSD:0.25	VGRGPVRS:0.3333333333333333	TRLCMEDT:0.3333333333333333	RGWNLLDW:0.25	RCLRLVPG:0.4166666666666667	LYMDQVPS:0.3333333333333333	QTQVVALL:0.25	MDQVPSGW:0.3333333333333333	PLYMDQVP:0.3333333333333333	YMDQVPSG:0.3333333333333333	DPLLNDIW:0.3333333333333333	SDPLLNDI:0.3333333333333333	MQTQVVAL:0.25	CLRLVPGS:0.4166666666666667	GRGGLLAQ:0.3333333333333333	TFWVGDSR:0.25	LRLVPGSR:0.25	CSDPLLND:0.25	LGAYVLGV:0.25	RRGLRYLM:0.25	LSITADSR:0.25	RGSVPLPR:0.25	GATTCWET:0.25	GPVRSWPF:0.25	MLEHGATT:0.25	RGGLLAQL:0.4166666666666667	AYVLGVRP:0.25	PGYFLGAY:0.25	AWNLLDWA:0.25	AYIDSIHA:0.25	GYFLGAYV:0.25	SITADSRY:0.25	WVQIGSPF:0.25	FLGAYVLG:0.25	ATTCWETF:0.25	WARGSVPL:0.25	QTFWVGDS:0.25	YFLGAYVL:0.25	ARGSVPLP:0.25	GSVPLPRG:0.25	LEHGATTC:0.25	RSWPFEQS:0.25	PVRSWPFE:0.25	TPLYMDQV:0.25	GLDNTLRY:0.25	GAYVLGVR:0.25	VRSWPFEQ:0.25	EHGATTCW:0.25	YIDSIHAD:0.25	GGLLAQLD:0.25	
