cluster number:41
GH78:58	GH78:58|GH137:1|CBM67:1|3.2.1.40:1
DSPEWGSA:0.2413793103448276	WNHFMMGQ:0.3103448275862069	RFSYYGFR:0.3275862068965517	VFTDCPHR:0.4827586206896552	PLWSDYDK:0.2413793103448276	LTTGDVGN:0.3103448275862069	YGGEDYDA:0.5344827586206896	SWNHFMMG:0.3103448275862069	FAPLWSDY:0.20689655172413793	IYGGEDYD:0.41379310344827586	NHFMMGQI:0.3103448275862069	SVFTDCPH:0.41379310344827586	FSYYGFRY:0.3448275862068966	PTTAPEYV:0.2413793103448276	TTLTEQWD:0.3103448275862069	GGEDYDAR:0.3793103448275862	FTDCPHRE:0.5517241379310345	HREKLGWL:0.7241379310344828	VLDMGQNL:0.2413793103448276	SEFAPLWS:0.20689655172413793	EKLGWLEQ:0.46551724137931033	EFAPLWSD:0.20689655172413793	YYGFRYIQ:0.20689655172413793	RLTTGDVG:0.3103448275862069	KLGWLEQV:0.22413793103448276	TLTEQWDP:0.3103448275862069	PHREKLGW:0.7931034482758621	LLGNGFYN:0.2413793103448276	MQSVFTDC:0.2413793103448276	TGDVGNRY:0.3620689655172414	SNMQSVFT:0.2413793103448276	LGNGFYNV:0.20689655172413793	LTEQWDPR:0.3103448275862069	CIYGGEDY:0.25862068965517243	RYIQVEGA:0.20689655172413793	LGWLEQVH:0.22413793103448276	GWLEQVHL:0.22413793103448276	LGDWYDYG:0.3103448275862069	DCPHREKL:0.8275862068965517	TTGDVGNR:0.3103448275862069	REKLGWLE:0.7586206896551724	GLGDWYDY:0.3275862068965517	CPHREKLG:0.7931034482758621	GDVGNRYL:0.3620689655172414	FGATTLTE:0.22413793103448276	RSNMQSVF:0.20689655172413793	TDCPHREK:0.8103448275862069	NMQSVFTD:0.2413793103448276	QSVFTDCP:0.3103448275862069	PRFSYYGF:0.3103448275862069	APLWSDYD:0.20689655172413793	VLTDCPHR:0.20689655172413793	RDSPEWGS:0.3620689655172414	LTDCPHRE:0.22413793103448276	GFRDSPEW:0.25862068965517243	FRDSPEWG:0.41379310344827586	VLLGNGFY:0.2413793103448276	VGNRYLFQ:0.2413793103448276	GGFRDSPE:0.22413793103448276	SFGPPTLF:0.20689655172413793	YEYTLKGE:0.22413793103448276	YYEYTLKG:0.25862068965517243	DVGNRYLF:0.2413793103448276	GVLLGNGF:0.25862068965517243	SGLGHYEL:0.22413793103448276	TAPEYVVF:0.20689655172413793	HYYEYTLK:0.20689655172413793	IGVLLGNG:0.22413793103448276	EKLGWLEE:0.25862068965517243	GATALTES:0.22413793103448276	ATALTESW:0.22413793103448276	
