cluster number:16
GH114:26	GH114:26
EIDNLDSY:0.23076923076923078	FDFAVTEE:0.23076923076923078	GFDAVEID:0.34615384615384615	ICYVNGFQ:0.3076923076923077	IGQKNAAE:0.3076923076923077	DAVEIDNL:0.38461538461538464	DFAVTEEC:0.23076923076923078	VEIDNLDS:0.2692307692307692	TILRDRDL:0.23076923076923078	FDAVEIDN:0.34615384615384615	DYQLGGGY:0.23076923076923078	AVEIDNLD:0.46153846153846156	DYQLGGAY:0.38461538461538464	CYVNGFQT:0.6538461538461539	VNGFQTQP:0.6538461538461539	YQLGGAYD:0.23076923076923078	VCYVNGFQ:0.4230769230769231	NGFQTQPA:0.23076923076923078	YVNGFQTQ:0.6538461538461539	NGFQTQPG:0.2692307692307692	GFDFAVAE:0.2692307692307692	DFAVAEEC:0.38461538461538464	FDFAVAEE:0.34615384615384615	NGFQTQPD:0.23076923076923078	AIGQKNAA:0.34615384615384615	LAIGQKNA:0.3076923076923077	GLAIGQKN:0.23076923076923078	NVCYVNGF:0.23076923076923078	YNVCYVNG:0.23076923076923078	ILRDRDLV:0.23076923076923078	
