cluster number:15
GH114:21	GH114:21
EEIGFDFA:0.23809523809523808	QKNTTDLL:0.5714285714285714	HPDLLLRD:0.23809523809523808	CYVNAFQT:0.7142857142857143	VCYVNAFQ:0.5714285714285714	GFQAVEPD:0.6666666666666666	YVNAFQTQ:0.7142857142857143	SGFQAVEP:0.5714285714285714	NVCYVNAF:0.5714285714285714	FQAVEPDN:0.6666666666666666	PDLLLRDG:0.2857142857142857	GFDFAVAE:0.7142857142857143	AIGQKNTT:0.5714285714285714	VEPDNLDS:0.6666666666666666	LLDTSTAA:0.38095238095238093	AVEPDNLD:0.6666666666666666	QAVEPDNL:0.6666666666666666	GLAIGQKN:0.6666666666666666	IGQKNTTD:0.5714285714285714	VNAFQTQP:0.6190476190476191	DFAVAEEC:0.7619047619047619	DLLLRDGD:0.23809523809523808	FDFAVAEE:0.7142857142857143	EIGFDFAV:0.38095238095238093	YNVCYVNA:0.5714285714285714	IGFDFAVA:0.6666666666666666	GQKNTTDL:0.5714285714285714	LAIGQKNT:0.6190476190476191	TLAALAGG:0.3333333333333333	VNDEAWGE:0.42857142857142855	AEECGRYD:0.47619047619047616	TTDLLGQR:0.2857142857142857	AFQTQPDA:0.47619047619047616	GEALLDTS:0.5714285714285714	FQTQPDAL:0.42857142857142855	RYDECADY:0.42857142857142855	QTQPDALD:0.3333333333333333	YQIGGAYT:0.42857142857142855	HNAAFAKL:0.42857142857142855	EECGRYDE:0.5238095238095238	QPDALDWW:0.23809523809523808	TRLAKIVG:0.2857142857142857	TQPDALDW:0.23809523809523808	YDECADYA:0.42857142857142855	DYQIGGAY:0.47619047619047616	AKIVGGWI:0.2857142857142857	AVAEECGR:0.47619047619047616	ALSRDRGA:0.23809523809523808	DEAWGEAL:0.42857142857142855	GRYDECAD:0.42857142857142855	AAFAKLLA:0.47619047619047616	AWGEALLD:0.47619047619047616	AFDYQIGG:0.23809523809523808	EPDNLDSY:0.47619047619047616	AHTAGLAI:0.23809523809523808	EAWGEALL:0.42857142857142855	RAHTAGLA:0.23809523809523808	RLAKIVGG:0.2857142857142857	ECGRYDEC:0.5238095238095238	NLDSYERS:0.47619047619047616	NDEAWGEA:0.42857142857142855	GLYNVCYV:0.5238095238095238	QIGGAYTP:0.42857142857142855	FDYQIGGA:0.47619047619047616	CGRYDECA:0.42857142857142855	FAVAEECG:0.5714285714285714	ALLDTSTA:0.5714285714285714	DNLDSYER:0.47619047619047616	EALLDTST:0.6190476190476191	NAAFAKLL:0.5238095238095238	LAKIVGGW:0.2857142857142857	IGGAYTPP:0.42857142857142855	VGAKVSVV:0.2857142857142857	NAFQTQPD:0.47619047619047616	LYNVCYVN:0.5238095238095238	NPDLLLRD:0.23809523809523808	NTTDLLGQ:0.2857142857142857	KRTRLAKI:0.2857142857142857	VAEECGRY:0.47619047619047616	TAGLAIGQ:0.23809523809523808	PDNLDSYE:0.47619047619047616	HTAGLAIG:0.23809523809523808	RTRLAKIV:0.2857142857142857	WGEALLDT:0.5714285714285714	AGLAIGQK:0.5714285714285714	KNTTDLLG:0.2857142857142857	HAAGLAIG:0.2857142857142857	RAHAAGLA:0.3333333333333333	AHAAGLAI:0.2857142857142857	AAGLAIGQ:0.2857142857142857	ATFDYQIG:0.2857142857142857	ICYVNAFQ:0.23809523809523808	TFDYQIGG:0.2857142857142857	CAKSGFQA:0.23809523809523808	YERSGGRL:0.23809523809523808	SYERSGGR:0.23809523809523808	STLAALAG:0.23809523809523808	TAAKRTRL:0.23809523809523808	AHNAAFAK:0.3333333333333333	TAYGNRVF:0.23809523809523808	KSGFQAVE:0.23809523809523808	ADYATAYG:0.23809523809523808	CADYATAY:0.23809523809523808	LDTSTAAK:0.23809523809523808	LAALAGGV:0.23809523809523808	ERSGGRLT:0.23809523809523808	PVNDEAWG:0.23809523809523808	RDLDVRPA:0.23809523809523808	LDSYERSG:0.23809523809523808	GGAYTPPA:0.2857142857142857	TSTAAKRT:0.23809523809523808	AAKRTRLA:0.23809523809523808	GAYTPPAG:0.2857142857142857	GCAKSGFQ:0.23809523809523808	ECADYATA:0.23809523809523808	AYGNRVFV:0.23809523809523808	AALAGGVA:0.23809523809523808	AKSGFQAV:0.23809523809523808	DLDVRPAG:0.23809523809523808	DTSTAAKR:0.23809523809523808	STAAKRTR:0.23809523809523808	YATAYGNR:0.23809523809523808	ATAYGNRV:0.23809523809523808	DYATAYGN:0.23809523809523808	DECADYAT:0.23809523809523808	AYTPPAGV:0.2857142857142857	DSYERSGG:0.23809523809523808	KLLAARAH:0.23809523809523808	AFAKLLAA:0.23809523809523808	AKLLAARA:0.23809523809523808	FAKLLAAR:0.23809523809523808	RAHNAAFA:0.2857142857142857	TRAHNAAF:0.2857142857142857	LTRAHNAA:0.2857142857142857	GGWIDGCA:0.3333333333333333	IVGGWIDG:0.2857142857142857	VGGWIDGC:0.3333333333333333	
