cluster number:14
GH114:41	GH114:41
CYFSAGSY:0.4146341463414634	YFSAGSYE:0.4146341463414634	ICYFSAGS:0.6341463414634146	DGVDPDNV:0.2926829268292683	GVDPDNVD:0.3170731707317073	KVICYFSA:0.5609756097560976	SAGSYENW:0.21951219512195122	FSAGSYEN:0.21951219512195122	AGSYENWR:0.21951219512195122	CDGVDPDN:0.3902439024390244	VICYFSAG:0.7560975609756098	TQLDYNRF:0.24390243902439024	LDYNRFLA:0.2682926829268293	DNVDGYTN:0.2682926829268293	QLDYNRFL:0.3170731707317073	VDPDNVDG:0.4634146341463415	DPDNVDGY:0.4634146341463415	GCDGVDPD:0.2926829268292683	GCDAVDPD:0.21951219512195122	AVDPDNVD:0.24390243902439024	DAVDPDNV:0.21951219512195122	CDAVDPDN:0.24390243902439024	KGCDGVDP:0.2682926829268293	PDNVDGYT:0.24390243902439024	GERWLDTR:0.21951219512195122	
