cluster number:8
GH114:13	GH114:13
VDPDNVNG:0.23076923076923078	GERWLDIR:0.23076923076923078	DPDNVNGY:0.23076923076923078	WLDIRQID:0.3076923076923077	ERWLDIRQ:0.23076923076923078	NGYQNNTG:0.46153846153846156	YQNNTGFP:0.23076923076923078	LDIRQIDK:0.23076923076923078	AVCYLSAG:0.23076923076923078	YLSAGSWE:0.23076923076923078	RWLDIRQI:0.23076923076923078	GVDPDNVN:0.23076923076923078	LAPILRAR:0.23076923076923078	LDLFDTPA:0.23076923076923078	QNNTGFPL:0.23076923076923078	GYQNNTGF:0.46153846153846156	DIRQIDKL:0.23076923076923078	KAVCYLSA:0.23076923076923078	NNTGFPLT:0.23076923076923078	NTGFPLTA:0.23076923076923078	GEKWLDIR:0.38461538461538464	GFDGIEPD:0.38461538461538464	VVCYINVG:0.23076923076923078	GWPGEKWL:0.3076923076923077	PGEKWLDI:0.23076923076923078	FDGIEPDN:0.38461538461538464	KWLDIRQI:0.23076923076923078	YINVGAWE:0.23076923076923078	VCYINVGA:0.23076923076923078	WPGEKWLD:0.3076923076923077	CYINVGAW:0.23076923076923078	KGFDGIEP:0.38461538461538464	EKWLDIRQ:0.23076923076923078	IAYLSVGS:0.23076923076923078	VIAYLSVG:0.3076923076923077	
