cluster number:9
GH114:78	GH114:78
RGLSVGLK:0.21794871794871795	AVNEECAQ:0.20512820512820512	GDFDFAVN:0.28205128205128205	FDAVEPDL:0.24358974358974358	GERWLDIR:0.6538461538461539	VYDIDGFE:0.28205128205128205	GFDAVEPD:0.7564102564102564	DTGFPLTA:0.23076923076923078	DVPVYDID:0.6794871794871795	SVGLKNDL:0.2692307692307692	GWEGERWL:0.3717948717948718	LSVGLKND:0.20512820512820512	EGERWLDI:0.34615384615384615	FDFAVNEE:0.24358974358974358	DFDFAVNE:0.6666666666666666	GLSVGLKN:0.21794871794871795	TGFPLTAA:0.21794871794871795	DFAVNEEC:0.24358974358974358	FAVNEECA:0.23076923076923078	VPVYDIDG:0.6410256410256411	KGFDAVEP:0.7307692307692307	PVYDIDGF:0.6538461538461539	VGDFDFAV:0.2692307692307692	LVGDFDFA:0.2692307692307692	NDTGFPLT:0.2564102564102564	WEGERWLD:0.38461538461538464	NGWEGERW:0.358974358974359	EAGKAVFH:0.24358974358974358	HVEYELPT:0.23076923076923078	GRKVICYL:0.2564102564102564	QLRYNRLI:0.32051282051282054	AGKAVFHV:0.5	WQWQLSGR:0.3333333333333333	DTSVDVPV:0.24358974358974358	FDAVEPDN:0.48717948717948717	DFAVNEQC:0.5512820512820513	DKGFDAVE:0.3974358974358974	WLDIRRTD:0.2564102564102564	KNDLDQIP:0.44871794871794873	TDVLEPLM:0.28205128205128205	DDQLRYNR:0.20512820512820512	KVICYLST:0.2692307692307692	PDNMDGYR:0.20512820512820512	RWLDIRRT:0.2564102564102564	SVDVPVYD:0.4230769230769231	LSTGAWED:0.2692307692307692	VNEQCAQY:0.38461538461538464	CYLSTGAW:0.34615384615384615	FHVEYELP:0.2564102564102564	FAVNEQCA:0.5128205128205128	VDDFDFAV:0.2692307692307692	DQLRYNRL:0.41025641025641024	AVFHVEYE:0.47435897435897434	LRYNRLIA:0.32051282051282054	VDVPVYDI:0.6025641025641025	DAVEPDNM:0.47435897435897434	VYDIDGFD:0.3333333333333333	KAVFHVEY:0.6666666666666666	RKVICYLS:0.2692307692307692	EPDNMDGY:0.44871794871794873	DDFDFAVN:0.2692307692307692	GLKNDLDQ:0.48717948717948717	AVEPDNMD:0.46153846153846156	LDIRRTDV:0.23076923076923078	LKNDLDQI:0.46153846153846156	DIRRTDVL:0.23076923076923078	VFHVEYEL:0.34615384615384615	AVNEQCAQ:0.3974358974358974	VGLKNDLD:0.4358974358974359	DVLEPLMA:0.2692307692307692	TSVDVPVY:0.24358974358974358	FDFAVNEQ:0.5256410256410257	VICYLSTG:0.2948717948717949	DNMDGYRN:0.20512820512820512	YLSTGAWE:0.34615384615384615	VEPDNMDG:0.4230769230769231	ICYLSTGA:0.32051282051282054	LVDDFDFA:0.28205128205128205	ERWLDIRR:0.44871794871794873	GKAVFHVE:0.5	RFDMCRDK:0.20512820512820512	FDMCRDKG:0.20512820512820512	QWQLSGRL:0.2948717948717949	GNGWEGER:0.32051282051282054	MCRDKGFD:0.41025641025641024	WQLSGRLD:0.2948717948717949	DMCRDKGF:0.3974358974358974	CRDKGFDA:0.4230769230769231	QLSGRLDT:0.20512820512820512	GAWEDFRP:0.4230769230769231	RGLAVGLK:0.24358974358974358	PGLAWQWQ:0.24358974358974358	AWQWQLSG:0.21794871794871795	LAVGLKND:0.28205128205128205	RDKGFDAV:0.3717948717948718	GLAWQWQL:0.24358974358974358	GLAVGLKN:0.28205128205128205	YDIDGFDH:0.23076923076923078	AVGLKNDL:0.46153846153846156	TGAWEDFR:0.28205128205128205	AWEDFRPD:0.4230769230769231	WEDFRPDA:0.28205128205128205	STGAWEDF:0.28205128205128205	DGRKVICY:0.24358974358974358	LDTSVDVP:0.20512820512820512	
