cluster number:18
GT31:9	GT31:9
DKWKFLPM:0.8888888888888888	KWKFLPMV:0.3333333333333333	LDKWKFLP:0.8888888888888888	KWYVFMEA:0.3333333333333333	YLGNQMQI:0.4444444444444444	PNNPGWKL:0.5555555555555556	NNPGWKLD:0.5555555555555556	TTLRCIPN:0.2222222222222222	VLKTGVTE:0.4444444444444444	WAGDCVLG:0.7777777777777778	AKWYVFME:0.3333333333333333	AHGGSGFV:0.3333333333333333	KPNNPGWK:0.5555555555555556	ADAKWYVF:0.2222222222222222	KLDKWKFL:0.6666666666666666	FAHGGSGF:0.7777777777777778	GWKLDKWK:0.7777777777777778	WYVFMEAD:0.3333333333333333	VVLKTGVT:0.3333333333333333	YVFMEADT:0.3333333333333333	QTTLRCIP:0.2222222222222222	LKTGVTEA:0.2222222222222222	FMEADTYF:0.2222222222222222	PGWKLDKW:0.7777777777777778	NPGWKLDK:0.7777777777777778	PNYIIFSD:0.2222222222222222	HWAGDCVL:0.4444444444444444	WPNLLSWL:0.2222222222222222	VFMEADTY:0.3333333333333333	GKPNNPGW:0.5555555555555556	KWKFLPMI:0.3333333333333333	RADAKWYV:0.2222222222222222	GGSGFVLS:0.2222222222222222	GSGFVLSN:0.2222222222222222	WKLDKWKF:0.7777777777777778	AGDCVLGK:0.5555555555555556	HGGSGFVL:0.2222222222222222	PDFSIYNR:0.2222222222222222	DAKWYVFM:0.2222222222222222	PWYLGNQM:0.2222222222222222	LVVLKTGV:0.2222222222222222	KTGVTESR:0.2222222222222222	LKTGVTES:0.2222222222222222	IFAHGGSG:0.4444444444444444	AHGGSGFA:0.2222222222222222	PAVSFHHL:0.2222222222222222	AVSFHHLD:0.2222222222222222	WYLGNQMQ:0.2222222222222222	IGKPNNPG:0.4444444444444444	DVLVVLKT:0.2222222222222222	VLVVLKTG:0.2222222222222222	LFAHGGSG:0.2222222222222222	VLVVMKTG:0.2222222222222222	EWAGDCVL:0.2222222222222222	EANSAIGK:0.2222222222222222	GDCVLGKV:0.3333333333333333	DFADEANS:0.2222222222222222	TEALDKVP:0.2222222222222222	FQTTLRCV:0.2222222222222222	CFPAVAFH:0.2222222222222222	WCFPAVAF:0.2222222222222222	WKFLPMVQ:0.2222222222222222	DCVLGKVL:0.3333333333333333	FSDFEEEI:0.2222222222222222	IADVIFAH:0.3333333333333333	ADVIFAHG:0.3333333333333333	TQIADVIF:0.3333333333333333	GELDEFTT:0.2222222222222222	DVIFAHGG:0.3333333333333333	VIFAHGGS:0.3333333333333333	FPAVAFHH:0.2222222222222222	PVHFQTTL:0.2222222222222222	LLEWLSHF:0.2222222222222222	QIADVIFA:0.3333333333333333	VHFQTTLR:0.2222222222222222	LEWLSHFD:0.2222222222222222	IFSDFEEE:0.2222222222222222	GTETQIAD:0.3333333333333333	VPVHFQTT:0.2222222222222222	VTEALDKV:0.2222222222222222	TGVTEALD:0.2222222222222222	TTLRCVPN:0.3333333333333333	DKVPVHFQ:0.2222222222222222	VLGKVLAD:0.2222222222222222	PWCFPAVA:0.2222222222222222	TLRCVPNY:0.3333333333333333	HFQTTLRC:0.3333333333333333	LGTETQIA:0.2222222222222222	ETQIADVI:0.3333333333333333	ALDKVPVH:0.2222222222222222	TETQIADV:0.3333333333333333	LDKVPVHF:0.2222222222222222	NSAIGKPN:0.2222222222222222	EALDKVPV:0.2222222222222222	CVLGKVLA:0.2222222222222222	SAIGKPNN:0.2222222222222222	VELNEYTD:0.2222222222222222	ANSAIGKP:0.2222222222222222	DEANSAIG:0.2222222222222222	YLGTETQI:0.2222222222222222	TLLEWLSH:0.2222222222222222	QTTLRCVP:0.2222222222222222	VFKELIYP:0.2222222222222222	KVPVHFQT:0.2222222222222222	KTGVTEAL:0.2222222222222222	AIGKPNNP:0.2222222222222222	PAVAFHHL:0.2222222222222222	GVTEALDK:0.2222222222222222	WDNLSDEE:0.2222222222222222	DNLSDEEH:0.2222222222222222	LRCVPNYI:0.2222222222222222	FYRKPWCF:0.2222222222222222	EIEGVKIH:0.2222222222222222	EEIEGVKI:0.2222222222222222	WPILQNSN:0.2222222222222222	IEGVKIHD:0.2222222222222222	VMKTGVTE:0.2222222222222222	
