cluster number:63
GT31:15	GT31:15|2.4.1.222:1
DDVTMGFI:0.2	FRKALCCK:0.2	GGGKFISI:0.2	GHFRKALC:0.2	KPSISSPL:0.2	ITFWFATG:0.2	CHFDDDNY:0.8	ESGKKWFC:0.26666666666666666	MLPIAGGG:0.2	FIIEHLLK:0.2	VPLTVVDN:0.2	SRALTLKM:0.2	DWYLGKPS:0.6	KKITFWFA:0.2	NFHSHLEP:0.2	DQTWFFTD:0.26666666666666666	TMGFIIEH:0.2	WFCHFDDD:0.5333333333333333	CLSRALTL:0.2	FWFATGGA:0.8666666666666667	QTWFFTDT:0.3333333333333333	LEPMEFIR:0.2	LESGKKWF:0.26666666666666666	SAELDVFL:0.2	RALTLKML:0.2	LDDIFISV:0.3333333333333333	IFISVKTT:0.4	ISSPLEIH:0.2	IEHLLKVP:0.2	GHLINTKC:0.2	KWFCHFDD:0.4666666666666667	PSISSPLE:0.2	HSHLEPME:0.2	FHSHLEPM:0.4666666666666667	FDDDNYVN:0.8	KCSQGHFR:0.2	IGDKIRFP:0.2	KVPLTVVD:0.2	FLESGKKW:0.26666666666666666	HLEPMEFI:0.2	FISVKTTK:0.4666666666666667	FATGGAGF:0.8	TVVDNFHS:0.2	HLLKVPLT:0.2	KLLDEYSP:0.2	GFCLSRAL:0.3333333333333333	YLGKPSIS:0.2	FPDDVTMG:0.2	IAGGGKFI:0.2	DQVSFSYA:0.2	LKVPLTVV:0.2	TKCSQGHF:0.2	SPLEIHLD:0.2	TGGAGFCL:0.6	GFIIEHLL:0.2	QGHFRKAL:0.2	WFATGGAG:0.8666666666666667	SQGHFRKA:0.2	MGFIIEHL:0.2	NTKCSQGH:0.2	KFISIGDK:0.26666666666666666	MSAELDVF:0.2	DNYVNIPR:0.2	ATGGAGFC:0.9333333333333333	RKALCCKM:0.4	DDDNYVNI:0.26666666666666666	IIEHLLKV:0.2	KKWFCHFD:0.4666666666666667	SGKKWFCH:0.3333333333333333	LCCKMSAE:0.2	TFWFATGG:0.2	LTVVDNFH:0.2	VDNFHSHL:0.2	GGKFISIG:0.3333333333333333	ISIGDKIR:0.26666666666666666	CSQGHFRK:0.2	ALTLKMLP:0.2	FISIGDKI:0.26666666666666666	CKMSAELD:0.2	TELDDIFI:0.2	VDWYLGKP:0.2	GKPSISSP:0.2	DVTMGFII:0.2	GDKIRFPD:0.2	KALCCKMS:0.4	NYVNIPRL:0.2	PLTVVDNF:0.2	VTMGFIIE:0.2	RLVKLLDE:0.2	IRFPDDVT:0.2	KMLPIAGG:0.2	CCKMSAEL:0.2	QDQVSFSY:0.2	DDIFISVK:0.3333333333333333	AGFCLSRA:0.3333333333333333	DKIRFPDD:0.2	DNFHSHLE:0.2	LLKVPLTV:0.2	KIRFPDDV:0.2	PRLVKLLD:0.2	INTKCSQG:0.2	DDNYVNIP:0.2	LTLKMLPI:0.2	HFRKALCC:0.2	ELDDIFIS:0.2	KITFWFAT:0.2	HLINTKCS:0.2	SIGDKIRF:0.2	DIFISVKT:0.4666666666666667	SISSPLEI:0.2	GAGFCLSR:0.5333333333333333	ALCCKMSA:0.2	KTWFQLAK:0.26666666666666666	LGKPSISS:0.2	VVDNFHSH:0.2	FCHFDDDN:0.5333333333333333	EHLLKVPL:0.2	KMSAELDV:0.2	TWFFTDTD:0.2	VKLLDEYS:0.2	AGGGKFIS:0.2	NKKITFWF:0.2	PIAGGGKF:0.2	TLKMLPIA:0.2	GKKWFCHF:0.3333333333333333	HFDDDNYV:0.8	GGAGFCLS:0.6	LSRALTLK:0.2	WYLGKPSI:0.4666666666666667	LVKLLDEY:0.2	SSPLEIHL:0.2	PDDVTMGF:0.2	GKFISIGD:0.26666666666666666	LINTKCSQ:0.2	WFFTDTDD:0.2	LPIAGGGK:0.2	FCLSRALT:0.2	SFNFSDIE:0.2	SHLEPMEF:0.2	LKMLPIAG:0.2	RFPDDVTM:0.2	PVASGGKF:0.2	ICEGIRLP:0.2	CEGIRLPD:0.2	HLEQMKLL:0.2	EGIRLPDD:0.2	ISRSLALK:0.26666666666666666	GFCISRSL:0.26666666666666666	SGGKFISI:0.2	ASGGKFIS:0.26666666666666666	GGAGFCIS:0.3333333333333333	TGGAGFCI:0.3333333333333333	HSHLEQMK:0.2	CISRSLAL:0.26666666666666666	ISICEGIR:0.2	LKMLPVAS:0.2	AGFCISRS:0.26666666666666666	SRSLALKM:0.26666666666666666	MLPVASGG:0.2	LALKMLPV:0.2	KMLPVASG:0.2	FISICEGI:0.2	EFHSHLEQ:0.2	PEFHSHLE:0.2	SLALKMLP:0.2	FCISRSLA:0.26666666666666666	SHLEQMKL:0.2	FHSHLEQM:0.2	GAGFCISR:0.26666666666666666	VASGGKFI:0.2	IRLPDDVS:0.2	RSLALKML:0.2	SICEGIRL:0.2	GIRLPDDV:0.2	ALKMLPVA:0.2	VPEFHSHL:0.2	DVTMGYII:0.2	RFLSLHCF:0.26666666666666666	RLPDDVTM:0.26666666666666666	PDDVTMGY:0.26666666666666666	GEKIRLPD:0.26666666666666666	SLHCFLFP:0.26666666666666666	QFHSHLEP:0.2	LPDDVTMG:0.26666666666666666	KIRLPDDV:0.26666666666666666	SHLEPMKF:0.26666666666666666	CKMSVEFD:0.2	DDVTMGYI:0.26666666666666666	TMGYIIEH:0.2	FLSLHCFL:0.26666666666666666	LCCKMSVE:0.3333333333333333	VTMGYIIE:0.2	CCKMSVEF:0.2	HSHLEPMK:0.26666666666666666	IRLPDDVT:0.26666666666666666	LSLHCFLF:0.26666666666666666	ALCCKMSV:0.2	ISVKTTKH:0.2	LKTWFQLA:0.2	EKIRLPDD:0.26666666666666666	NYVNVPRL:0.3333333333333333	QKISFWFA:0.2	DNYVNVPR:0.3333333333333333	HLEPMKFL:0.2	YVNVPRLV:0.3333333333333333	DDNYVNVP:0.4	FPYFSFCP:0.2	LFPYFSFC:0.2	DDDNYVNV:0.4666666666666667	SFWFATGG:0.4	KISFWFAT:0.2	ISFWFATG:0.2	AGFCLSRS:0.2	GFCLSRSL:0.2	ISVKTTKN:0.2	PTRFLSLH:0.2	DPTRFLSL:0.2	EQTWFFTD:0.2	TRFLSLHC:0.2	
