cluster number:12
GT26:14	GT26:14
LGAPKQEK:0.42857142857142855	LLGAAEGV:0.35714285714285715	GMPLIWIS:0.35714285714285715	EGVAAKAA:0.5	LAVGLGAP:0.35714285714285715	NVDHIVKL:0.5	LAIGASID:0.42857142857142855	KPDILAVG:0.42857142857142855	EPKRMFKR:0.2857142857142857	TPNVDHIV:0.7142857142857143	KPSYVVTP:0.21428571428571427	VDHIVKLE:0.42857142857142855	VTPNVDHI:0.7142857142857143	IVGTYSPS:0.35714285714285715	VVTPNVDH:0.9285714285714286	ASIDFEAG:0.35714285714285715	DLILTDGM:0.5	LILTDGMP:0.5	KISGSDFF:0.21428571428571427	SYVVTPNV:0.35714285714285715	DGMPLIWI:0.35714285714285715	KEKISGSD:0.5714285714285714	GTYSPSYG:0.35714285714285715	ADLILTDG:0.5	GAPKQEKF:0.42857142857142855	GASIDFEA:0.35714285714285715	IGASIDFE:0.35714285714285715	PNVDHIVK:0.5	MPLIWISK:0.21428571428571427	ISGSDFFP:0.21428571428571427	TDGMPLIW:0.42857142857142855	IKEKISGS:0.5714285714285714	PSYVVTPN:0.21428571428571427	AAEGVAAK:0.42857142857142855	YVVTPNVD:0.8571428571428571	TYSPSYGF:0.35714285714285715	EKISGSDF:0.21428571428571427	SLAIGASI:0.35714285714285715	LGAAEGVA:0.6428571428571429	PDILAVGL:0.35714285714285715	GAAEGVAA:0.42857142857142855	GLGAPKQE:0.5	VGTYSPSY:0.35714285714285715	PIKEKISG:0.5714285714285714	LTDGMPLI:0.42857142857142855	AIGASIDF:0.35714285714285715	PKRMFKRY:0.2857142857142857	FLLGAAEG:0.35714285714285715	ILAVGLGA:0.35714285714285715	SIDFEAGN:0.35714285714285715	AEGVAAKA:0.42857142857142855	ILTDGMPL:0.5	YSPSYGFE:0.35714285714285715	KEPKRMFK:0.2857142857142857	AVGLGAPK:0.35714285714285715	IDFEAGNI:0.35714285714285715	LFLLGAAE:0.21428571428571427	VGLGAPKQ:0.5	DILAVGLG:0.35714285714285715	APKQEKFI:0.35714285714285715	VSLAIGAS:0.2857142857142857	PKQEKFIY:0.21428571428571427	LNIVGTYS:0.2857142857142857	LEWFYRLC:0.2857142857142857	KRAPIWMQ:0.21428571428571427	MSRIKFLN:0.2857142857142857	SRIKFLNT:0.2857142857142857	EKISGSDL:0.21428571428571427	KIFKIALK:0.2857142857142857	GLEWFYRL:0.2857142857142857	ISGSDLFP:0.21428571428571427	KISGSDLF:0.21428571428571427	TPIKEKIS:0.35714285714285715	PVSLAIGA:0.2857142857142857	GLNIVGTY:0.2857142857142857	NIVGTYSP:0.2857142857142857	RAPIWMQK:0.21428571428571427	IFKIALKY:0.2857142857142857	EKISGSDI:0.21428571428571427	GVAAKAAE:0.21428571428571427	KISGSDIF:0.21428571428571427	TEIDNLTM:0.2857142857142857	NTEIDNLT:0.2857142857142857	FMNTEIDN:0.2857142857142857	MNTEIDNL:0.2857142857142857	YLVDDLKI:0.2857142857142857	KRYLVDDL:0.2857142857142857	LVDDLKIF:0.2857142857142857	VDDLKIFK:0.2857142857142857	RYLVDDLK:0.2857142857142857	VTPNVDHL:0.21428571428571427	RITQDPKR:0.21428571428571427	AKRYLVDD:0.21428571428571427	FLGAAEGV:0.21428571428571427	ASLDFEAG:0.21428571428571427	GASLDFEA:0.21428571428571427	LGASLDFE:0.21428571428571427	YSPPYGFE:0.21428571428571427	GLGASLDF:0.21428571428571427	GYVVTPNV:0.2857142857142857	
