cluster number:118
GT26:12	GT26:12
IHAHVKQQ:0.25	LVGVRNGY:0.3333333333333333	ATIQQADY:0.3333333333333333	PNVRLVGV:0.25	ADYVVADG:0.3333333333333333	ALGMGKQE:0.4166666666666667	GGSFDVLA:0.6666666666666666	PFVRATMD:0.25	LLKQPTRA:0.3333333333333333	VQAAAQHI:0.25	MIGAKEEV:0.25	LPERVAGY:0.5	LPRFAWTI:0.3333333333333333	VTANPEIV:0.6666666666666666	GVWMGVGG:0.3333333333333333	GVPFVRAT:0.25	KQEQWIAE:0.3333333333333333	VVADGIGV:0.3333333333333333	WTILKQKV:0.3333333333333333	VKRAEPDF:0.25	RLLKQPTR:0.3333333333333333	VLAGVVKR:0.3333333333333333	RAPELWIR:0.3333333333333333	GVRNGYFD:0.3333333333333333	GTPLPERV:0.5833333333333334	YPNVRLVG:0.25	MMALPRFA:0.25	LKQKVVGK:0.25	TIQQADYV:0.3333333333333333	AKRMMALP:0.25	PCFIVTAN:0.3333333333333333	IGAKEEVV:0.25	GVVKRAPE:0.3333333333333333	HYPNVRLV:0.25	TYMATIQQ:0.25	EMMSVIHA:0.25	KQPTRAKR:0.3333333333333333	AGVVKRAP:0.3333333333333333	KANEEPTY:0.25	VPFVRATM:0.25	VFVALGMG:0.3333333333333333	EIVMKANE:0.25	QAAAQHIR:0.25	RLVGVRNG:0.3333333333333333	VIHAHVKQ:0.25	VGVRNGYF:0.3333333333333333	QQKPCFIV:0.3333333333333333	ADGIGVVK:0.3333333333333333	PERVAGYD:0.5	EPDFVFVA:0.3333333333333333	GIGVVKAA:0.3333333333333333	SFDVLAGV:0.4166666666666667	MMSVIHAH:0.25	APELWIRL:0.3333333333333333	LKQPTRAK:0.3333333333333333	VVQAAAQH:0.25	ALPRFAWT:0.3333333333333333	EVVQAAAQ:0.25	WLYRLLKQ:0.4166666666666667	AEPDFVFV:0.3333333333333333	VRNGYFDW:0.3333333333333333	DGIGVVKA:0.3333333333333333	YRLLKQPT:0.3333333333333333	PRFAWTIL:0.3333333333333333	QADYVVAD:0.3333333333333333	TILKQKVV:0.3333333333333333	EEVVQAAA:0.25	VADGIGVV:0.3333333333333333	DFVFVALG:0.4166666666666667	LGVPFVRA:0.25	EEVKRAEP:0.25	KPCFIVTA:0.3333333333333333	HAHVKQQK:0.25	QPTRAKRM:0.3333333333333333	MGVGGSFD:0.5	WMGVGGSF:0.3333333333333333	PTYMATIQ:0.25	DYVVADGI:0.3333333333333333	ILKQKVVG:0.25	VGRGVWMG:0.3333333333333333	KQQKPCFI:0.3333333333333333	MGKQEQWI:0.3333333333333333	KRAPELWI:0.3333333333333333	FDVLAGVV:0.4166666666666667	TPLPERVA:0.5	KRMMALPR:0.25	RFAWTILK:0.3333333333333333	NEEPTYMA:0.25	NVRLVGVR:0.25	DEMMSVIH:0.25	GAKEEVVQ:0.25	KEEVVQAA:0.25	FVFVALGM:0.4166666666666667	FIVTANPE:0.5	TRAKRMMA:0.25	PLPERVAG:0.5833333333333334	QQADYVVA:0.3333333333333333	SVIHAHVK:0.25	LGTPLPER:0.5833333333333334	VGGSFDVL:0.6666666666666666	HVKQQKPC:0.25	GSFDVLAG:0.6666666666666666	RNGYFDWN:0.3333333333333333	TVGRGVWM:0.3333333333333333	GKQEQWIA:0.3333333333333333	NGYFDWND:0.3333333333333333	GRGVWMGV:0.3333333333333333	VMKANEEP:0.25	EEPTYMAT:0.25	ANEEPTYM:0.25	PDFVFVAL:0.4166666666666667	HILGVPFV:0.25	IVTANPEI:0.5833333333333334	RAKRMMAL:0.25	ANPEIVMK:0.5	VKQQKPCF:0.3333333333333333	MKANEEPT:0.25	YVVADGIG:0.3333333333333333	GMGKQEQW:0.3333333333333333	IGVVKAAE:0.3333333333333333	EVKRAEPD:0.25	KRAEPDFV:0.25	EPTYMATI:0.25	PEIVMKAN:0.25	IVMKANEE:0.25	RGVWMGVG:0.3333333333333333	DVLAGVVK:0.3333333333333333	AWTILKQK:0.3333333333333333	CFIVTANP:0.4166666666666667	EWLYRLLK:0.4166666666666667	MATIQQAD:0.3333333333333333	FVALGMGK:0.3333333333333333	VRLVGVRN:0.25	YMATIQQA:0.3333333333333333	QEQWIAEH:0.3333333333333333	LNLEWLYR:0.4166666666666667	QKPCFIVT:0.3333333333333333	VWMGVGGS:0.3333333333333333	MDEMMSVI:0.25	YMIGAKEE:0.25	MSVIHAHV:0.25	PTRAKRMM:0.25	MALPRFAW:0.25	NPEIVMKA:0.4166666666666667	ILGVPFVR:0.25	VALGMGKQ:0.3333333333333333	AHVKQQKP:0.25	TANPEIVM:0.6666666666666666	LGMGKQEQ:0.3333333333333333	VVKRAPEL:0.3333333333333333	RAEPDFVF:0.25	GVGGSFDV:0.75	LEWLYRLL:0.5833333333333334	VKRAPELW:0.3333333333333333	FAWTILKQ:0.3333333333333333	IQQADYVV:0.3333333333333333	NLEWLYRL:0.5	LYRLLKQP:0.4166666666666667	RMMALPRF:0.25	LAGVVKRA:0.3333333333333333	AKEEVVQA:0.25	LLGTPLPE:0.25	IGVGGSFD:0.25	ERVAGYDL:0.3333333333333333	
