cluster number:16
GT26:72	GT26:72
NPEVLYNG:0.5277777777777778	ISGNPEVL:0.7222222222222222	IIPDGVGT:0.4861111111111111	GLEWLYRV:0.4722222222222222	VLYNGLNN:0.2916666666666667	AMGSPRQE:0.20833333333333334	GNPEVLYN:0.5277777777777778	FMGVGGSF:0.4166666666666667	MGVGGSFD:0.7777777777777778	IPDGVGTV:0.3333333333333333	PEVLYNGL:0.4027777777777778	PVKEKIAG:0.6111111111111112	NPVKEKIA:0.2361111111111111	LGLEWLYR:0.4027777777777778	IISGNPEV:0.7222222222222222	SGNPEVLY:0.5833333333333334	SIIIPDGV:0.4583333333333333	EVLYNGLN:0.3472222222222222	IIIPDGVG:0.4583333333333333	KNPVKEKI:0.2361111111111111	FVAMGSPR:0.2361111111111111	VAMGSPRQ:0.2777777777777778	GVGGSFDV:0.6527777777777778	VFAGKVKR:0.2777777777777778	KRLASIPK:0.25	EDVLKECE:0.25	LASIPKFL:0.25	PYRIKRLA:0.25	IIPDGVGV:0.25	GTTEDVLK:0.25	ALFIAMGC:0.2361111111111111	GSFDVFAG:0.4444444444444444	VVLASKII:0.25	IKYKNLNI:0.20833333333333334	FAGKVKRA:0.2777777777777778	KPYALFIA:0.2361111111111111	SKEELLNI:0.25	GSKEELLN:0.2222222222222222	VNIISGNP:0.6111111111111112	SIPKFLLK:0.3055555555555556	EKVNIISG:0.3472222222222222	GCPRQEKF:0.3055555555555556	RKLLIKYK:0.20833333333333334	KVKRAPRW:0.2222222222222222	NLEWLYRV:0.25	RLASIPKF:0.25	VGVVLASK:0.2638888888888889	KEPYRIKR:0.2638888888888889	MGCPRQEK:0.3055555555555556	IPDGVGVV:0.25	NEELFKNF:0.25	CPRQEKFI:0.3055555555555556	ASIPKFLL:0.25	LLIKYKNL:0.20833333333333334	FNGSKEEL:0.2222222222222222	LNNEELFK:0.25	KECERKLL:0.2222222222222222	IAMGCPRQ:0.3055555555555556	IKRLASIP:0.25	YLLGTTED:0.25	EKIAGIEV:0.4722222222222222	KVNIISGN:0.4583333333333333	AGKVKRAP:0.3055555555555556	IPKFLLKV:0.2361111111111111	DVFAGKVK:0.2777777777777778	KEKIAGIE:0.4722222222222222	LGTTEDVL:0.25	TEDVLKEC:0.25	ELFKNFTD:0.25	DSIIIPDG:0.20833333333333334	KRAPRWMI:0.2777777777777778	KIAGIEVM:0.4444444444444444	LKECERKL:0.2222222222222222	VGGSFDVF:0.5	DGVGVVLA:0.2638888888888889	KLLIKYKN:0.20833333333333334	GLNNEELF:0.25	YRIKRLAS:0.25	NGLNNEEL:0.25	VKEKIAGI:0.6111111111111112	LYNGLNNE:0.25	PYALFIAM:0.2916666666666667	GKHNGFFD:0.20833333333333334	TTEDVLKE:0.25	DVLKECER:0.2222222222222222	VKRAPRWM:0.2361111111111111	SFDVFAGK:0.3194444444444444	MLGYSIFN:0.20833333333333334	NGSKEELL:0.2222222222222222	CNLEWLYR:0.25	GGSFDVFA:0.4444444444444444	PDGVGVVL:0.2638888888888889	IYMGVGGS:0.25	YALFIAMG:0.2916666666666667	FIAMGCPR:0.3055555555555556	KHNGFFDM:0.20833333333333334	ERKLLIKY:0.2222222222222222	VLKECERK:0.2222222222222222	LIKYKNLN:0.20833333333333334	CERKLLIK:0.2222222222222222	LLGTTEDV:0.25	VYLLGTTE:0.2361111111111111	VLASKIIK:0.25	GKVKRAPR:0.2222222222222222	GVGVVLAS:0.2638888888888889	ECERKLLI:0.2222222222222222	YNGLNNEE:0.25	EPYRIKRL:0.2638888888888889	LFIAMGCP:0.25	EMLGYSIF:0.20833333333333334	EELFKNFT:0.25	GVVLASKI:0.2638888888888889	LFKNFTDK:0.25	NNEELFKN:0.25	YMGVGGSF:0.3333333333333333	NIISGNPE:0.6527777777777778	AMGCPRQE:0.4166666666666667	PRQEKFIS:0.25	FDVFAGKV:0.2916666666666667	RIKRLASI:0.25	LYRVAKEP:0.375	KRAPKWMI:0.2638888888888889	LEWLYRVA:0.25	WLYRVAKE:0.375	EWLYRVAK:0.375	EPWRIKRL:0.2361111111111111	KRLGSIPK:0.20833333333333334	KEPWRIKR:0.2361111111111111	IFMGVGGS:0.2777777777777778	RAPRWMIN:0.2638888888888889	INCNLEWL:0.2361111111111111	APRWMINC:0.25	WMINCNLE:0.2361111111111111	PRWMINCN:0.2361111111111111	NCNLEWLY:0.2361111111111111	MINCNLEW:0.2361111111111111	RWMINCNL:0.2361111111111111	
