cluster number:124
GT26:30	GT26:30
VGIGVGGL:0.23333333333333334	DELPQLWN:0.43333333333333335	NLNGTDMF:0.3	LNGTDMFP:0.3	LLIKTIPA:0.2	IGVGGLFD:0.3	GGLFDFYS:0.5	LPQLWNVL:0.23333333333333334	FTMWKFRS:0.3333333333333333	DMSLVGPR:0.3333333333333333	GITCIWQV:0.36666666666666664	ELPQLWNV:0.43333333333333335	SLVGPRPA:0.43333333333333335	VGGLFDFY:0.6666666666666666	LVGPRPAL:0.5	WKFRSMYQ:0.23333333333333334	SIDELPQL:0.5	GIGVGGLF:0.3	NGTDMFPR:0.3333333333333333	GDMSLVGP:0.3333333333333333	DMFPRLCE:0.26666666666666666	MWKFRSMY:0.3333333333333333	DNLNGTDM:0.3	TSIDELPQ:0.2	IDELPQLW:0.43333333333333335	KFRSMYQD:0.2	TMWKFRSM:0.3333333333333333	KPGITCIW:0.4	GTDMFPRL:0.3333333333333333	TDMFPRLC:0.3333333333333333	FVNADCLN:0.2	LIKTIPAV:0.2	GVGGLFDF:0.5333333333333333	MSLVGPRP:0.43333333333333335	LLVAMGAP:0.3	PGITCIWQ:0.4	FRSMYQDA:0.2	RSMYQDAE:0.2	ITCIWQVS:0.3333333333333333	TCIWQVSG:0.3333333333333333	CIWQVSGR:0.3333333333333333	MGVGGLFD:0.2	GLFDFYSG:0.3	IWQVSGRS:0.3	MGAPKQEL:0.2	APKQELWL:0.2	VAMGAPKQ:0.23333333333333334	GAPKQELW:0.2	AMGAPKQE:0.23333333333333334	LVAMGAPK:0.23333333333333334	DPRITLVG:0.2	VSGRSDIP:0.2	FADGSGIR:0.2	SGRSDIPF:0.23333333333333334	QVSGRSDI:0.2	VFADGSGI:0.2	VKPGITCI:0.23333333333333334	WQVSGRSD:0.26666666666666666	IGNPLFLY:0.2	NPLFLYRV:0.2	GNPLFLYR:0.26666666666666666	DVDYIYQQ:0.2	VDYIYQQS:0.2	LDVDYIYQ:0.2	GGVLFKMK:0.23333333333333334	KDNLNGTD:0.2	LPQLWNVI:0.2	AVGGLFDF:0.2	
