cluster number:63
GT26:30	GT26:30
LGLEWFYR:0.36666666666666664	GLEWFYRL:0.4	IKEPWRYK:0.2	EPWRYKRM:0.5666666666666667	YRLIKEPW:0.23333333333333334	KLGLEWFY:0.3333333333333333	LIKEPWRY:0.2	RLIKEPWR:0.23333333333333334	KEPWRYKR:0.4666666666666667	PERVAGFD:0.3333333333333333	ALGAPKQE:0.5666666666666667	RMMALPKF:0.4	ERVAGFDL:0.4666666666666667	LGAPKQEK:0.6	KQEKWIYK:0.36666666666666664	GAPKQEKW:0.6	VALGAPKQ:0.5333333333333333	QEKWIYKN:0.3	APKQEKWI:0.6	GLEWLYRL:0.36666666666666664	PKQEKWIY:0.4666666666666667	IGVGGSFD:0.3333333333333333	KRMMALPK:0.36666666666666664	VGGSFDVI:0.5	AMGVGGSF:0.2	TPNAEIVM:0.36666666666666664	IYRKLGLE:0.36666666666666664	KIAMGVGG:0.26666666666666666	EWLYRLIK:0.23333333333333334	IAMGVGGS:0.2	SFDVIAGK:0.43333333333333335	VKIAMGVG:0.23333333333333334	RKLGLEWL:0.23333333333333334	NAEIVMMA:0.3333333333333333	EDRLHIVA:0.2	IAGKVKRA:0.2	FDVIAGKV:0.4	FVALGAPK:0.43333333333333335	AGFDLMME:0.3333333333333333	DVIAGKVK:0.2	AEIVMMAQ:0.3333333333333333	VATPNAEI:0.4	VLFVALGA:0.2	YRKLGLEW:0.4	KLKVKIAM:0.2	AGKVKRAP:0.2	IVATPNAE:0.3333333333333333	MGVGGSFD:0.2	RLHIVATP:0.26666666666666666	LFVALGAP:0.43333333333333335	EIVMMAQK:0.23333333333333334	VIAGKVKR:0.2	LYRLIKEP:0.23333333333333334	WRYKRMMA:0.4	IVMMAQKD:0.23333333333333334	LGLEWLYR:0.3333333333333333	RYKRMMAL:0.4	TDLNVPDG:0.36666666666666664	KVKIAMGV:0.2	MMALPKFA:0.3333333333333333	ATPNAEIV:0.3333333333333333	PWRYKRMM:0.4666666666666667	YKRMMALP:0.4	GGSFDVIA:0.5	HIVATPNA:0.3333333333333333	KLGLEWLY:0.23333333333333334	RVAGFDLM:0.4	LEWLYRLI:0.26666666666666666	WLYRLIKE:0.23333333333333334	LKVKIAMG:0.2	LHIVATPN:0.3	DRLHIVAT:0.2	GSFDVIAG:0.5	GVGGSFDV:0.5	PNAEIVMM:0.3333333333333333	VAGFDLMM:0.3333333333333333	DLNVPDGS:0.3	LPERVAGF:0.23333333333333334	LNVPDGSG:0.3	GFDLMMEL:0.2	IVGFHDGY:0.2	LLFVALGA:0.2	NVPDGSGV:0.23333333333333334	AIGVGGSF:0.2	DLLFVALG:0.2	FDLMMELI:0.2	IDIVGFHD:0.2	VGFHDGYF:0.2	VAIGVGGS:0.23333333333333334	DIVGFHDG:0.2	KVAIGVGG:0.2	DLMMELIK:0.2	KIYLLGAK:0.2	
