cluster number:8
GT26:34	GT26:34
GAVFDFYA:0.6470588235294118	TINAHSYN:0.23529411764705882	VFDFYAGT:0.5588235294117647	GTIGAVFD:0.2647058823529412	IGAVFDFY:0.6764705882352942	KQEKWAYT:0.20588235294117646	DLLWIGMT:0.2647058823529412	PDLLWIGM:0.2647058823529412	APKQEKWA:0.38235294117647056	DFYAGTVK:0.20588235294117646	YSPPYKPE:0.35294117647058826	LINTINAH:0.23529411764705882	QEKWAYTH:0.20588235294117646	TYSPPYKP:0.23529411764705882	INTINAHS:0.2647058823529412	NAHSYNTA:0.23529411764705882	MTAPKQEK:0.9411764705882353	SPPYKPEF:0.35294117647058826	LLINTINA:0.23529411764705882	WIGMTAPK:0.2647058823529412	FYAGTVKR:0.20588235294117646	PKQEKWAY:0.2647058823529412	NTINAHSY:0.2647058823529412	GMTAPKQE:0.9411764705882353	KLLINTIN:0.23529411764705882	TAPKQEKW:0.9411764705882353	AVFDFYAG:0.5882352941176471	IGMTAPKQ:0.4117647058823529	LLWIGMTA:0.2647058823529412	GKLLINTI:0.23529411764705882	FDFYAGTV:0.4117647058823529	TIGAVFDF:0.2647058823529412	INAHSYNT:0.23529411764705882	LWIGMTAP:0.2647058823529412	PDVLFVGM:0.2647058823529412	DVLFVGMT:0.2647058823529412	VLFVGMTA:0.2647058823529412	FVGMTAPK:0.35294117647058826	VGMTAPKQ:0.5	LFVGMTAP:0.35294117647058826	AVFDFFAG:0.20588235294117646	EWLYRLIK:0.20588235294117646	HSYNTALK:0.20588235294117646	VFDFFAGT:0.20588235294117646	SYNTALKD:0.20588235294117646	LYRLIKEP:0.20588235294117646	IGAVFDFF:0.20588235294117646	GAVFDFFA:0.20588235294117646	WLYRLIKE:0.20588235294117646	AHSYNTAL:0.20588235294117646	CCIGAVFD:0.23529411764705882	CIGAVFDF:0.2647058823529412	AIGAVFDF:0.20588235294117646	
