cluster number:23
GT26:120	GT26:120
WRRMLALP:0.6	PDGAGVVL:0.475	IPDGAGVV:0.525	FFYGGAPG:0.275	EWLYRLYQ:0.6666666666666666	VVTLNAEM:0.6	EMTMQAER:0.23333333333333334	VFFYGGAP:0.24166666666666667	NNNLEWLY:0.325	RLYQEPWR:0.7083333333333334	MTMQAERN:0.21666666666666667	LYRLYQEP:0.6666666666666666	WLYRLYQE:0.6666666666666666	PQAIWIGV:0.24166666666666667	HLCPQAIW:0.21666666666666667	VTLNAEMT:0.35	YRLYQEPW:0.6916666666666667	VPRQELWI:0.475	CPQAIWIG:0.24166666666666667	GSFDIWSG:0.5333333333333333	PQVIFVGL:0.25	HVVTLNAE:0.6333333333333333	APAWLGNN:0.2	VGLGVPRQ:0.7833333333333333	GTHVVTLN:0.35833333333333334	RHLCPQAI:0.20833333333333334	AGVVLYLR:0.2833333333333333	PRQELWIA:0.38333333333333336	SVLGLPVH:0.2	TLNAEMTM:0.4	GGSFDIWS:0.5416666666666666	EPWRWRRM:0.6583333333333333	LEWLYRLY:0.7916666666666666	PWRWRRML:0.625	GAGVVLYL:0.43333333333333335	VIFVGLGV:0.25833333333333336	YGGAPGVA:0.21666666666666667	NNLEWLYR:0.49166666666666664	AELVIPDG:0.425	SFDIWSGT:0.275	QEPWRWRR:0.575	LQPQVIFV:0.21666666666666667	LGVPRQEL:0.4666666666666667	GTHSGYHS:0.275	LNAEMTMQ:0.4	LCPQAIWI:0.225	GLGVPRQE:0.7833333333333333	FYGGAPGV:0.26666666666666666	RMLALPEF:0.225	VGGSFDIW:0.725	IWIGVGGS:0.4583333333333333	IFVGLGVP:0.275	FDIWSGTK:0.275	THVVTLNA:0.35	ELVIPDGA:0.375	QPQVIFVG:0.24166666666666667	AEMTMQAE:0.3416666666666667	AIWIGVGG:0.35	GVGGSFDI:0.725	WRWRRMLA:0.5833333333333334	RWRRMLAL:0.6	THSGYHSP:0.2	YQEPWRWR:0.5333333333333333	FVGLGVPR:0.275	QVIFVGLG:0.25	LVIPDGAG:0.65	NAEMTMQA:0.4083333333333333	LYQEPWRW:0.7083333333333334	RAPAWLGN:0.2	GVPRQELW:0.475	DGAGVVLY:0.44166666666666665	NRHLCPQA:0.225	IGVGGSFD:0.6	QAIWIGVG:0.26666666666666666	NLEWLYRL:0.5083333333333333	WIGVGGSF:0.6	VIPDGAGV:0.5166666666666667	HLEWLYRL:0.26666666666666666	CPGIELAE:0.30833333333333335	ILVGLGVP:0.475	LVGLGVPR:0.4666666666666667	RCPGIELA:0.39166666666666666	LILVGLGV:0.325	QRCPGIEL:0.30833333333333335	PGIELAET:0.20833333333333334	GIELAETL:0.20833333333333334	ADLVIPDG:0.30833333333333335	VGVGGSFD:0.2	DLVIPDGA:0.25833333333333336	RRMLALPQ:0.2	RMLALPQF:0.23333333333333334	GVPRQEFW:0.20833333333333334	LGVPRQEF:0.20833333333333334	VPRQEFWI:0.20833333333333334	
