cluster number:83
GT83:67	GT83:67
KGPLALVL:0.26865671641791045	GLLAKGPL:0.5671641791044776	GKPPLAFW:0.2835820895522388	AKGPLALV:0.208955223880597	PGFLDYFI:0.22388059701492538	GDWITPWF:0.47761194029850745	FWGKPPLA:0.2835820895522388	GDLYGSAH:0.3582089552238806	TYVLPALP:0.3283582089552239	TPGFLDYF:0.29850746268656714	WAGDLYGS:0.26865671641791045	WGKPPLAF:0.2835820895522388	AGDLYGSA:0.26865671641791045	LAKGPLAL:0.22388059701492538	VPFWGKPP:0.8059701492537313	LLAKGPLA:0.3582089552238806	KTPGFLDY:0.2537313432835821	PFWGKPPL:0.9402985074626866	WGKPPLSF:0.5970149253731343	IGLLSKGP:0.23880597014925373	GKPPLSFW:0.5970149253731343	GLLSKGPL:0.23880597014925373	DTSEPRYA:0.29850746268656714	TSEPRYAE:0.31343283582089554	FWGKPPLS:0.6268656716417911	LSGNILWT:0.22388059701492538	DWITPWFE:0.29850746268656714	GLAIGLLA:0.22388059701492538	PFSARYYS:0.208955223880597	FFTLSGNI:0.208955223880597	ILWTYVLP:0.4925373134328358	NILWTYVL:0.4925373134328358	EPRYAEIA:0.4925373134328358	SGNILWTY:0.373134328358209	WTYVLPAL:0.31343283582089554	LWTYVLPA:0.3283582089552239	RYAEIARL:0.3582089552238806	AIGLLAKG:0.23880597014925373	AELKTPGF:0.373134328358209	PRYAEIAR:0.4925373134328358	YAEIARLM:0.3582089552238806	TGDWITPW:0.2835820895522388	ITPWFEPG:0.2835820895522388	LAIGLLAK:0.22388059701492538	SEPRYAEI:0.2835820895522388	ELKTPGFL:0.3582089552238806	GNILWTYV:0.40298507462686567	WITPWFEP:0.2835820895522388	AEIARLMA:0.26865671641791045	TLSGNILW:0.22388059701492538	IGLLAKGP:0.2835820895522388	FTLSGNIL:0.22388059701492538	KPPLSFWA:0.22388059701492538	GVPFWGKP:0.7014925373134329	DYGVPFWG:0.3283582089552239	LGLLAKGP:0.26865671641791045	GLGLGLLA:0.2537313432835821	GLGLLAKG:0.26865671641791045	LGLGLLAK:0.26865671641791045	YGVPFWGK:0.3283582089552239	TEPRYAEI:0.208955223880597	PGVPFWGK:0.29850746268656714	WFEPGVPF:0.26865671641791045	TTEPRYAE:0.23880597014925373	PWFEPGVP:0.26865671641791045	FEPGVPFW:0.26865671641791045	LLSKGPLA:0.208955223880597	EPGVPFWG:0.26865671641791045	PFSARFYS:0.2537313432835821	TPWFEPGV:0.26865671641791045	DTTEPRYA:0.23880597014925373	YAEMARKM:0.208955223880597	SEARYAEM:0.208955223880597	EARYAEMA:0.208955223880597	TSEARYAE:0.23880597014925373	PMFDYGVP:0.208955223880597	MFDYGVPF:0.208955223880597	RYAEMARK:0.208955223880597	YPLMDTSE:0.26865671641791045	FDYGVPFW:0.2537313432835821	TPMFDYGV:0.208955223880597	MDTSEARY:0.2835820895522388	ARYAEMAR:0.208955223880597	DTSEARYA:0.23880597014925373	LMDTSEAR:0.26865671641791045	DLYGSAHA:0.208955223880597	PLMDTSEA:0.26865671641791045	
