cluster number:43
GT83:47	GT83:47
QLILVGFP:0.3617021276595745	AILSVEFL:0.3829787234042553	FSTRLSHY:0.5531914893617021	SVEFLWLQ:0.5319148936170213	PFIALLAA:0.3404255319148936	LQYCRLGT:0.2978723404255319	WLQYCRLG:0.3617021276595745	LSVEFLWL:0.48936170212765956	LSIFSTRL:0.2978723404255319	TRLSHYSL:0.44680851063829785	GWLIPCWL:0.3191489361702128	DSGDWIAP:0.23404255319148937	SGDWIAPW:0.3617021276595745	IPCWLALA:0.2127659574468085	STRLSHYS:0.44680851063829785	IFSTRLSH:0.3617021276595745	DEGLYAWR:0.3617021276595745	YQLILVGF:0.3404255319148936	HDEGLYAW:0.3617021276595745	HHKTPGFY:0.2978723404255319	QYCRLGTP:0.2978723404255319	AGWLIPCW:0.3191489361702128	KTPGFYWL:0.2978723404255319	ILSVEFLW:0.5319148936170213	SIFSTRLS:0.3191489361702128	ELSIFSTR:0.3191489361702128	LIPCWLAL:0.2127659574468085	AHDEGLYA:0.5106382978723404	HKTPGFYW:0.2978723404255319	WLIPCWLA:0.2127659574468085	EFLWLQYC:0.3404255319148936	VEFLWLQY:0.40425531914893614	MAHDEGLY:0.425531914893617	FLWLQYCR:0.425531914893617	GLLSDYNP:0.2978723404255319	YCRLGTPD:0.2978723404255319	GDWIAPWG:0.2978723404255319	LWLQYCRL:0.44680851063829785	LVRSFMIF:0.2978723404255319	LMAHDEGL:0.3404255319148936	VRSFMIFL:0.2978723404255319	RSFMIFLP:0.40425531914893614	SFMIFLPI:0.2127659574468085	HYSLCLYP:0.2553191489361702	YSLCLYPF:0.2553191489361702	GFLVRSFM:0.3829787234042553	LCLYPFIA:0.2978723404255319	FLVRSFMI:0.3829787234042553	SLMAHDEG:0.46808510638297873	LGFLVRSF:0.3829787234042553	SLCLYPFI:0.23404255319148937	KSFPWFFF:0.2127659574468085	AWLAAAIL:0.2553191489361702	IALLAAVG:0.23404255319148937	HKTPGPYW:0.46808510638297873	GTPDVPMI:0.2765957446808511	IFLVLLAI:0.3404255319148936	RYQLILVG:0.2765957446808511	GLYAWRSR:0.2127659574468085	LYPFIALL:0.3191489361702128	PMIFLVLL:0.3404255319148936	TPDVPMIF:0.2553191489361702	GLGFLVRS:0.3617021276595745	EGLYAWRS:0.2127659574468085	WLAAAILS:0.2765957446808511	EHRRHRHL:0.3617021276595745	RLGTPDVP:0.2978723404255319	PDVPMIFL:0.2978723404255319	AAAILSVE:0.23404255319148937	VPMIFLVL:0.2765957446808511	LGTPDVPM:0.2978723404255319	HHKTPGPY:0.46808510638297873	YPFIALLA:0.3404255319148936	DVPMIFLV:0.2978723404255319	FIALLAAV:0.23404255319148937	CRLGTPDV:0.2765957446808511	ALLAAVGL:0.2553191489361702	LAAAILSV:0.23404255319148937	MIFLVLLA:0.3404255319148936	KTPGPYWL:0.3829787234042553	LPLLLFTS:0.2553191489361702	NSLMAHDE:0.3617021276595745	PLLLFTSG:0.2978723404255319	AHHKTPGP:0.23404255319148937	GLGWLILP:0.2553191489361702	LVLLAILS:0.2553191489361702	RNLSYGFG:0.23404255319148937	PRNLSYGF:0.2127659574468085	NLPRNLSY:0.2553191489361702	LGWLILPV:0.23404255319148937	GWLILPVV:0.23404255319148937	VLLAILSL:0.2553191489361702	LILPVVWI:0.2127659574468085	AAILSVEF:0.23404255319148937	LILVGFPL:0.3191489361702128	WLILPVVW:0.23404255319148937	FDSGDWIA:0.2127659574468085	LGLGFLVR:0.2553191489361702	ALLPYLIG:0.2127659574468085	PIIALLPY:0.2127659574468085	IALLPYLI:0.2765957446808511	MFDSGDWI:0.2127659574468085	TPGPYWLI:0.3404255319148936	LLPYLIGE:0.2127659574468085	PGPYWLIA:0.3404255319148936	IIALLPYL:0.2127659574468085	VLLNFYTP:0.2553191489361702	GPYWLIAS:0.2127659574468085	LAAVGLDW:0.23404255319148937	VGLDWLGK:0.2553191489361702	LFTELSIF:0.2127659574468085	FTELSIFS:0.23404255319148937	LLAAVGLD:0.2127659574468085	TELSIFST:0.2553191489361702	AAVGLDWL:0.2765957446808511	AVGLDWLG:0.2553191489361702	LLIWLLPL:0.2765957446808511	LIWLLPLL:0.2765957446808511	PGFYWLIA:0.2127659574468085	TPGFYWLI:0.23404255319148937	RHRHLTNP:0.2978723404255319	RRHRHLTN:0.2553191489361702	HRRHRHLT:0.2127659574468085	
