cluster number:100
GT83:37	GT83:37
YALLLPFL:0.32432432432432434	RNFITARE:0.43243243243243246	LPVLIPLA:0.21621621621621623	EARNFITA:0.3783783783783784	LLLPFLIA:0.24324324324324326	NFITAREM:0.43243243243243246	FFTQSGIW:0.24324324324324326	PLPTWLTA:0.5135135135135135	YYYWSFFT:0.3783783783783784	ALLLPFLI:0.2702702702702703	WSFFTQSG:0.40540540540540543	IMEARNFI:0.5945945945945946	ARNFITAR:0.3783783783783784	SFFTQSGI:0.24324324324324326	QSGIWTIP:0.21621621621621623	EKPPLPTW:0.5945945945945946	RYEKPPLP:0.6216216216216216	YEKPPLPT:0.5945945945945946	FTQSGIWT:0.24324324324324326	RYLLPVLI:0.3783783783783784	SRYLLPVL:0.35135135135135137	YWSFFTQS:0.40540540540540543	KKSRYLLP:0.35135135135135137	PPLPTWLT:0.5135135135135135	LLPVLIPL:0.21621621621621623	MEARNFIT:0.3783783783783784	YYWSFFTQ:0.40540540540540543	KSRYLLPV:0.35135135135135137	NIMEARNF:0.43243243243243246	PRYEKPPL:0.5135135135135135	YLLPVLIP:0.3783783783783784	PFYYYWSF:0.8108108108108109	KPPLPTWL:0.6216216216216216	LLPFLIAY:0.21621621621621623	FYYYWSFF:0.7297297297297297	YNVRPFYY:0.5135135135135135	LSKGPVSL:0.35135135135135137	FISLLYPY:0.32432432432432434	NVRPFYYY:0.5135135135135135	RYQKPPLP:0.2972972972972973	EKKSRYLM:0.2972972972972973	VIPEKKSR:0.24324324324324326	YLMPVLIP:0.35135135135135137	YYYWSFFV:0.24324324324324326	PLPTWITA:0.21621621621621623	TIMEARNF:0.35135135135135137	RYLMPVLI:0.35135135135135137	MEARNFIS:0.24324324324324326	VRPFYYYW:0.5405405405405406	KKSRYLMP:0.35135135135135137	ISLLYPYL:0.32432432432432434	KSRYLMPV:0.35135135135135137	LLSVIPEK:0.2702702702702703	RPFYYYWS:0.6756756756756757	EARNFISA:0.24324324324324326	YWSFFVQS:0.24324324324324326	SYNVRPFY:0.32432432432432434	PEKKSRYL:0.6486486486486487	QKPPLPTW:0.24324324324324326	KPPLPTWI:0.21621621621621623	ARNFISAR:0.24324324324324326	PAFISLLY:0.2972972972972973	NFISAREM:0.24324324324324326	YYWSFFVQ:0.24324324324324326	LSVIPEKK:0.2702702702702703	SKGPVSLY:0.43243243243243246	WSFFVQSG:0.24324324324324326	MPVLIPLA:0.35135135135135137	AFISLLYP:0.2972972972972973	PPLPTWIT:0.21621621621621623	SVIPEKKS:0.24324324324324326	RNFISARE:0.24324324324324326	VTIMEARN:0.35135135135135137	SRYLMPVL:0.35135135135135137	LMPVLIPL:0.35135135135135137	SLLYPYLK:0.32432432432432434	YQKPPLPT:0.24324324324324326	IPEKKSRY:0.6216216216216216	PVYFNFGL:0.21621621621621623	YALFLPFL:0.21621621621621623	VYFNFGLI:0.24324324324324326	YPYLKTRV:0.21621621621621623	VSLYALFL:0.21621621621621623	SLYALFLP:0.21621621621621623	SIIPEKKS:0.2972972972972973	ILSKGPVS:0.32432432432432434	IPAFISLL:0.24324324324324326	SGLWTIPA:0.24324324324324326	GPVSLYAL:0.32432432432432434	SILSKGPV:0.32432432432432434	PVSLYALF:0.21621621621621623	TIPAFISL:0.21621621621621623	GLWTIPAF:0.21621621621621623	LSIIPEKK:0.3783783783783784	EPRYEKPP:0.32432432432432434	LYALFLPF:0.21621621621621623	QSGLWTIP:0.2972972972972973	IIPEKKSR:0.2972972972972973	LWTIPAFI:0.21621621621621623	LLSIIPEK:0.3783783783783784	WTIPAFIS:0.21621621621621623	KGPVSLYA:0.32432432432432434	VLIPLALN:0.24324324324324326	LPTWLTAI:0.21621621621621623	PVLIPLAL:0.24324324324324326	ILLSIIPE:0.21621621621621623	LRLPAAIM:0.21621621621621623	FLSKGPVS:0.24324324324324326	SFLSKGPV:0.2972972972972973	VNIMEARN:0.2972972972972973	ALRLPAAI:0.21621621621621623	FALRLPAA:0.21621621621621623	EKKSRYLL:0.2972972972972973	
