cluster number:31
GT83:13	GT83:13
PLLFWLIQ:0.38461538461538464	KPPLLFWL:0.7692307692307693	YLSVAWEM:0.38461538461538464	PIDETRYL:0.6923076923076923	KQLHYLLP:0.23076923076923078	ETRYLSVA:0.38461538461538464	IDETRYLS:0.46153846153846156	PPLLFWLI:0.5384615384615384	RYLSVAWE:0.38461538461538464	DETRYLSV:0.38461538461538464	TRYLSVAW:0.38461538461538464	YSHKPPLL:0.46153846153846156	VNDWWPRL:0.38461538461538464	HKPPLLFW:0.6153846153846154	FGVNDWWP:0.46153846153846156	GVNDWWPR:0.46153846153846156	NDWWPRLV:0.38461538461538464	FLVPYLNG:0.5384615384615384	SHKPPLLF:0.46153846153846156	DFLVPYLN:0.5384615384615384	TYSHKPPL:0.46153846153846156	VFGVNDWW:0.3076923076923077	GDFLVPYL:0.46153846153846156	IPIDETRY:0.38461538461538464	LVPYLNGH:0.3076923076923077	RGDFLVPY:0.46153846153846156	RLARRLWP:0.23076923076923078	LFWLIQAG:0.3076923076923077	WLRGDFLV:0.46153846153846156	LLFWLIQA:0.3076923076923077	AWEMWLRG:0.46153846153846156	FWLIQAGW:0.3076923076923077	VAWEMWLR:0.38461538461538464	MWLRGDFL:0.46153846153846156	EMWLRGDF:0.46153846153846156	WEMWLRGD:0.46153846153846156	LRGDFLVP:0.46153846153846156	LSVAWEMW:0.3076923076923077	HQTADRTV:0.3076923076923077	SVAWEMWL:0.3076923076923077	AILWHQTA:0.3076923076923077	ILWHQTAD:0.3076923076923077	LNGHTYSH:0.23076923076923078	YLNGHTYS:0.23076923076923078	NGHTYSHK:0.23076923076923078	TADRTVGT:0.23076923076923078	WPRLVGPL:0.23076923076923078	LPSKQLHY:0.23076923076923078	RTVGTKIH:0.23076923076923078	LWHQTADR:0.3076923076923077	PSKQLHYL:0.23076923076923078	TLLWTLFA:0.3076923076923077	FGLAIGLG:0.23076923076923078	WHQTADRT:0.3076923076923077	PIPIDETR:0.3076923076923077	ADRTVGTK:0.23076923076923078	HTYSHKPP:0.23076923076923078	WWPRLVGP:0.23076923076923078	QTADRTVG:0.23076923076923078	VPYLNGHT:0.23076923076923078	GHTYSHKP:0.23076923076923078	PYLNGHTY:0.23076923076923078	DRTVGTKI:0.23076923076923078	GLLAKGPV:0.3076923076923077	IQAGWGVF:0.23076923076923078	PMLPAFAL:0.23076923076923078	GWGVFGVN:0.23076923076923078	KGPVVFLH:0.23076923076923078	GPVVFLHL:0.23076923076923078	LLWTLFAT:0.23076923076923078	HREYWLVF:0.23076923076923078	WTLFATST:0.23076923076923078	LFATSTMF:0.23076923076923078	LWTLFATS:0.23076923076923078	WLIQAGWG:0.23076923076923078	VYVGNYQG:0.23076923076923078	YVGNYQGQ:0.23076923076923078	TLFATSTM:0.23076923076923078	GFIFFFRY:0.23076923076923078	AGWGVFGV:0.23076923076923078	YVYVGNYQ:0.23076923076923078	PYVYVGNY:0.23076923076923078	LIQAGWGV:0.23076923076923078	REYWLVFR:0.23076923076923078	LVGPLAAL:0.23076923076923078	QAGWGVFG:0.23076923076923078	FATSTMFD:0.23076923076923078	LGLLAKGP:0.23076923076923078	
