cluster number:29
GT83:14	GT83:14
YILDEAKN:0.2857142857142857	AVPDPYLI:0.2857142857142857	VPDPYLIF:0.5	IYILDEAK:0.21428571428571427	TDKPPLHY:0.35714285714285715	RTDKPPLH:0.35714285714285715	PNYTVPAY:0.21428571428571427	KPPLHYYF:0.6428571428571429	NYTVPAYP:0.21428571428571427	LRTDKPPL:0.35714285714285715	KLPNYTVP:0.35714285714285715	LPNYTVPA:0.21428571428571427	DKPPLHYY:0.5714285714285714	EGHGGIFL:0.2857142857142857	TKLPNYTV:0.42857142857142855	MEGHGGIF:0.35714285714285715	PPLHYYFM:0.42857142857142855	AVPDPFLI:0.35714285714285715	FNYELRTD:0.21428571428571427	FSARFFSS:0.21428571428571427	GHGGIFLI:0.21428571428571427	HGGIFLIT:0.21428571428571427	DLIVPTFN:0.21428571428571427	ASCAREML:0.21428571428571427	ISKTKLPN:0.21428571428571427	LDEAKNAS:0.21428571428571427	HMAVPDPF:0.2857142857142857	SCAREMLE:0.21428571428571427	FHMAVPDP:0.35714285714285715	AKNASCAR:0.21428571428571427	DEAKNASC:0.21428571428571427	NASCAREM:0.21428571428571427	PLHYYFMM:0.2857142857142857	NYELRTDK:0.21428571428571427	EFSARFFS:0.2857142857142857	YELRTDKP:0.21428571428571427	VPDPFLIF:0.2857142857142857	PTFNYELR:0.21428571428571427	IVPTFNYE:0.21428571428571427	TFNYELRT:0.21428571428571427	VPTFNYEL:0.21428571428571427	MAVPDPFL:0.2857142857142857	SKTKLPNY:0.21428571428571427	PDPFLIFF:0.21428571428571427	QFHMAVPD:0.35714285714285715	KNASCARE:0.21428571428571427	NPAFSFYL:0.2857142857142857	SLDEAKNA:0.21428571428571427	YNPAFSFY:0.2857142857142857	EAKNASCA:0.21428571428571427	KTKLPNYT:0.21428571428571427	PTFNGELR:0.2857142857142857	TFNGELRT:0.21428571428571427	VPTFNGEL:0.2857142857142857	IVPTFNGE:0.35714285714285715	ILDEAKNA:0.21428571428571427	PDPYLIFF:0.35714285714285715	DPYLIFFI:0.21428571428571427	SGTKLPNY:0.2857142857142857	PPLHYYFF:0.21428571428571427	IALPWYVL:0.21428571428571427	GTKLPNYT:0.2857142857142857	RNAECARE:0.21428571428571427	NAECAREM:0.2857142857142857	IQFHMAVP:0.21428571428571427	SISGTKLP:0.21428571428571427	EPMEGHGG:0.21428571428571427	ISGTKLPN:0.21428571428571427	NEFAARFF:0.21428571428571427	SVPDPYLI:0.21428571428571427	WIVPTFNG:0.21428571428571427	
