cluster number:35
GT83:144	GT83:144
VRHGRLAM:0.6111111111111112	LVYLTMLP:0.2013888888888889	PLRDWDEG:0.625	RHGRLAML:0.6319444444444444	VVRHGRLA:0.5555555555555556	ALVYLTML:0.2013888888888889	WDEGTVAQ:0.3472222222222222	GVNEWTTR:0.24305555555555555	NEWTTRLP:0.2569444444444444	HGRLAMLD:0.625	TMLPVVRH:0.3611111111111111	LPVVRHGR:0.5694444444444444	LTMLPVVR:0.4305555555555556	MLPVVRHG:0.3611111111111111	VNEWTTRL:0.2222222222222222	DEGTVAQV:0.3125	AQVAREIW:0.2361111111111111	YLTMLPVV:0.4236111111111111	GRLAMLDG:0.7013888888888888	ALGVPLLY:0.2222222222222222	RDWDEGTV:0.3194444444444444	EGTVAQVA:0.2916666666666667	LRDWDEGT:0.5416666666666666	GGVNEWTT:0.20833333333333334	PVVRHGRL:0.5972222222222222	VAQVAREI:0.2708333333333333	LGGVNEWT:0.2152777777777778	TVAQVARE:0.24305555555555555	GTVAQVAR:0.2361111111111111	DWDEGTVA:0.3680555555555556	LFWDTPRL:0.24305555555555555	LPLRDWDE:0.4097222222222222	RLAMLDGA:0.4305555555555556	FLFWDTPR:0.2361111111111111	PSLDFYSD:0.2916666666666667	MGTKLPWY:0.20833333333333334	RPSLDFYS:0.3263888888888889	SLDFYSDR:0.2569444444444444	LRYCLGVG:0.22916666666666666	FWDTPRLL:0.25	RRDLRYCL:0.2708333333333333	SRRDLRYC:0.2708333333333333	VLRSRRDL:0.2708333333333333	YSALIYLT:0.20833333333333334	AYPVKPVA:0.2847222222222222	IYLTMLPV:0.2361111111111111	WTTRLPGA:0.2152777777777778	LRSRRDLR:0.4027777777777778	RSRRDLRY:0.2847222222222222	LCVLRSRR:0.2361111111111111	EWTTRLPG:0.2152777777777778	SALIYLTM:0.20833333333333334	WENRNLSW:0.2222222222222222	RDLRYCLG:0.2708333333333333	CVLRSRRD:0.25	ALIYLTML:0.20833333333333334	PIYPSLAL:0.2013888888888889	RLPGAILT:0.20833333333333334	LAMLDGAV:0.25	SLLLLMKS:0.2013888888888889	LIYLTMLP:0.2361111111111111	ENRNLSWA:0.2361111111111111	RPSLNFYS:0.20833333333333334	WDTPRLLT:0.3819444444444444	DTPRLLTS:0.2986111111111111	NRNLSWAK:0.20833333333333334	RNLSWAKL:0.20833333333333334	LYPTLGGE:0.2222222222222222	WLYPTLGG:0.25	YPTLGGEP:0.2152777777777778	PTLGGEPY:0.24305555555555555	
