cluster number:90
GT83:13	GT83:13
VSIKIVIY:0.23076923076923078	KPPVYFWF:0.7692307692307693	RSLWFSDE:0.23076923076923078	TAPSLDPV:0.23076923076923078	YARMDLLF:0.23076923076923078	WATYALAR:0.3076923076923077	APSLDPVM:0.23076923076923078	IKIVIYLL:0.23076923076923078	VATLIKGP:0.3076923076923077	FLGVTHYA:0.23076923076923078	ALAAVATL:0.23076923076923078	VIYLLPLF:0.23076923076923078	PPVYFWFL:0.7692307692307693	SIKIVIYL:0.23076923076923078	VLWATYAL:0.23076923076923078	PWWHYLAT:0.23076923076923078	SLDPVMSP:0.23076923076923078	DKPPVYFW:0.8461538461538461	AVATLIKG:0.23076923076923078	LAAVATLI:0.23076923076923078	LWATYALA:0.23076923076923078	PSLDPVMS:0.23076923076923078	IYLLPLFP:0.23076923076923078	VTHYARMD:0.23076923076923078	PDKPPVYF:0.8461538461538461	LGAAVSGL:0.23076923076923078	KIVIYLLP:0.23076923076923078	IVIYLLPL:0.23076923076923078	THYARMDL:0.23076923076923078	QPWWHYLA:0.23076923076923078	HYARMDLL:0.23076923076923078	YFLGVTHY:0.23076923076923078	PYPDKPPV:0.6153846153846154	GVTHYARM:0.23076923076923078	AVSIKIVI:0.23076923076923078	YPDKPPVY:0.8461538461538461	AAVATLIK:0.23076923076923078	LGVTHYAR:0.23076923076923078	FLSSLSGK:0.3076923076923077	RATHTFHH:0.23076923076923078	QPYPDKPP:0.3076923076923077	LSSLSGKV:0.3076923076923077	FHYSRMDL:0.3076923076923077	LFHYSRMD:0.3076923076923077	LGAALSGL:0.23076923076923078	GQPYPDKP:0.3076923076923077	MVLALNGQ:0.23076923076923078	WFSDEVRY:0.5384615384615384	WMVLALNG:0.23076923076923078	LNGQPYPD:0.3076923076923077	TLIKGPLG:0.3076923076923077	ATLIKGPL:0.3076923076923077	AALSGLFF:0.23076923076923078	PSLDDAMS:0.23076923076923078	YSRMDLLF:0.5384615384615384	FSDEVRYA:0.5384615384615384	RALWFSDE:0.6153846153846154	NRALWFSD:0.38461538461538464	SLDDAMSP:0.23076923076923078	NGQPYPDK:0.3076923076923077	SDEVRYAD:0.23076923076923078	ALSGLFFL:0.23076923076923078	HYSRMDLL:0.5384615384615384	ALWFSDEV:0.5384615384615384	LWFSDEVR:0.6923076923076923	VYFWFLWL:0.3076923076923077	PVYFWFLW:0.3076923076923077	GAALSGLF:0.3076923076923077	LDDAMSPK:0.23076923076923078	NIFYKQIY:0.23076923076923078	LTKGPLGL:0.3076923076923077	IAFPLAWL:0.23076923076923078	AFPLAWLP:0.3076923076923077	AYPDKPPV:0.23076923076923078	LVMYLNGV:0.23076923076923078	PLAWLPWT:0.3076923076923077	WLVMYLNG:0.23076923076923078	SRMDLLFA:0.3076923076923077	ATLTKGPL:0.38461538461538464	FPLAWLPW:0.3076923076923077	KVLIYILP:0.38461538461538464	TLTKGPLG:0.38461538461538464	LPLFAPLA:0.23076923076923078	RMDLLFTA:0.23076923076923078	NGVPYPDK:0.3076923076923077	GTYTFYAG:0.23076923076923078	VPYPDKPP:0.3076923076923077	GVPYPDKP:0.3076923076923077	LSAVSIKI:0.23076923076923078	LNGVPYPD:0.3076923076923077	KGPLGLAF:0.23076923076923078	GPLGLAFP:0.23076923076923078	EVRYANAY:0.23076923076923078	SDEVRYAN:0.3076923076923077	LIYILPMF:0.23076923076923078	TLWLYPVG:0.23076923076923078	DEVRYANA:0.23076923076923078	VTLWLYPV:0.23076923076923078	AVTLWLYP:0.23076923076923078	YANAYQNL:0.23076923076923078	LWIMFGAT:0.23076923076923078	SGKVLIYI:0.23076923076923078	VRYANAYQ:0.23076923076923078	FLWIMFGA:0.23076923076923078	ANAYQNLV:0.23076923076923078	GKVLIYIL:0.23076923076923078	KIYSGIFT:0.23076923076923078	LIDTLTPA:0.23076923076923078	GIFTYYAG:0.23076923076923078	YSGIFTYY:0.3076923076923077	LAWLPWTL:0.23076923076923078	YFWFLWLI:0.23076923076923078	VLIYILPM:0.23076923076923078	LAVTLWLY:0.23076923076923078	SGIFTYYA:0.3076923076923077	FWFLWLID:0.23076923076923078	LSGKVLIY:0.23076923076923078	RYANAYQN:0.23076923076923078	IYSGIFTY:0.23076923076923078	WIMFGATF:0.23076923076923078	GLFHYSRM:0.23076923076923078	
