cluster number:118
GT83:15	GT83:15
HFHKPPLT:0.2	YAEISREM:0.26666666666666666	GINEFGAR:0.26666666666666666	GARFFLQV:0.26666666666666666	LGSWGLTE:0.2	FSAFSSKL:0.2	SEARYAEI:0.4	TESSEARY:0.2	KPPLTYYI:0.2	FHKPPLTY:0.2	RYAEISRE:0.26666666666666666	IFGINEFG:0.26666666666666666	EFGARFFL:0.4	FGINEFGA:0.26666666666666666	AEISREMV:0.2	EARYAEIS:0.3333333333333333	PPLTYYIT:0.2	GLGSWGLT:0.2	NEFGARFF:0.4	HKPPLTYY:0.2	ESSEARYA:0.4	INEFGARF:0.26666666666666666	ARYAEISR:0.26666666666666666	FGARFFLQ:0.3333333333333333	SSEARYAE:0.3333333333333333	NLTTDAYL:0.4	RNLTTDAY:0.3333333333333333	KLILYILP:0.4	FSSKLILY:0.2	SSKLILYI:0.26666666666666666	SKLILYIL:0.26666666666666666	LAKNKLHH:0.2	VFFSLAKN:0.2	LLTKGPVA:0.2	SLAKNKLH:0.2	FSLAKNKL:0.2	TKGPVALL:0.2	KNKLHHYI:0.4	KLHHYILF:0.2	FFSLAKNK:0.2	NKLHHYIL:0.2	TSLDEGRN:0.26666666666666666	EKPPMLYW:0.3333333333333333	AKNKLHHY:0.2	SLDEGRNA:0.2	LTKGPVAL:0.2	AFLTKGPV:0.26666666666666666	SRNLTTDA:0.2	LILYILPV:0.2	ISSRNLTT:0.2	LISSRNLT:0.2	SSRNLTTD:0.2	VLISSRNL:0.2	ESRAYVPE:0.2	NKLHHYII:0.2	RFEKPPML:0.3333333333333333	GIEFDGKY:0.2	FEKPPMLY:0.3333333333333333	SKNKLHHY:0.2	HLWIESRA:0.2	WIESRAYV:0.2	KPPMLYWV:0.2	IESRAYVP:0.2	LSKNKLHH:0.2	FLTKGPVG:0.2	LTKGPVGV:0.2	
