cluster number:81
GT83:66	GT83:66
MPYFHKPP:0.5606060606060606	PQSKLVGY:0.24242424242424243	PYFHKPPL:0.6363636363636364	HKPPLFYW:0.2878787878787879	FHKPPLFY:0.2878787878787879	QSKLVGYI:0.24242424242424243	GMPYFHKP:0.5606060606060606	GFNNAQPF:0.24242424242424243	FHKPPLYY:0.6363636363636364	AALAVLAK:0.24242424242424243	NAQPFWFY:0.24242424242424243	RKELYDAA:0.30303030303030304	ALAVLAKG:0.24242424242424243	VAVPWFWL:0.25757575757575757	VLAKGLIG:0.5151515151515151	VPLLDGMP:0.25757575757575757	AGLALPWS:0.25757575757575757	GRYAGVAW:0.5909090909090909	FNNAQPFW:0.24242424242424243	EGRYAGVA:0.6212121212121212	LLDGMPYF:0.2727272727272727	DEGRYAGV:0.6212121212121212	TLPDEGRY:0.4696969696969697	VAWEMLRS:0.24242424242424243	LTLPDEGR:0.3787878787878788	PDEGRYAG:0.6515151515151515	YFHKPPLY:0.5	ANMDMLVA:0.24242424242424243	AVPWFWLM:0.25757575757575757	RDNWRKEL:0.5303030303030303	DGMPYFHK:0.5151515151515151	QPFWFYLP:0.3939393939393939	LAALAVLA:0.21212121212121213	WRKELYDA:0.4696969696969697	VVAVPWFW:0.21212121212121213	PLLDGMPY:0.2727272727272727	RYAGVAWE:0.21212121212121213	LPDEGRYA:0.6666666666666666	YAGVAWEM:0.21212121212121213	NWRKELYD:0.48484848484848486	GVAWEMLR:0.22727272727272727	AVLAKGLI:0.3484848484848485	LAKGLIGL:0.45454545454545453	DNWRKELY:0.48484848484848486	HKPPLYYW:0.6363636363636364	LAVLAKGL:0.3333333333333333	AVVAVPWF:0.24242424242424243	PPLYYWLA:0.45454545454545453	KPPLYYWL:0.6212121212121212	LDGMPYFH:0.2727272727272727	MITLCVLA:0.36363636363636365	NNAQPFWF:0.24242424242424243	FAVVAVPW:0.24242424242424243	GLIGVVLP:0.22727272727272727	KGLIGVVL:0.22727272727272727	YFFVYQHF:0.25757575757575757	LALPWSLW:0.25757575757575757	VPWFWLMQ:0.21212121212121213	GLIGLVLP:0.3787878787878788	GLALPWSL:0.25757575757575757	NVQPFWFY:0.2878787878787879	AKGLIGLV:0.3787878787878788	IGLVLPGA:0.3787878787878788	GFNNVQPF:0.2878787878787879	KGLIGLVL:0.3787878787878788	QHFERFAQ:0.21212121212121213	NNVQPFWF:0.2878787878787879	PLTLPDEG:0.3181818181818182	FNNVQPFW:0.2878787878787879	RPLTLPDE:0.3181818181818182	LIGLVLPG:0.3787878787878788	ANLDMLVA:0.5606060606060606	FANLDMLV:0.5454545454545454	ALLWPPAI:0.22727272727272727	PFFHKPPL:0.3333333333333333	PLYYWLAE:0.25757575757575757	GAQFANLD:0.30303030303030304	KLVGYVLP:0.30303030303030304	DMLVAGMI:0.4393939393939394	NLDMLVAG:0.48484848484848486	QFANLDML:0.5454545454545454	LDMLVAGM:0.25757575757575757	SKLVGYVL:0.30303030303030304	AQFANLDM:0.3787878787878788	VVDDWSNP:0.21212121212121213	LPPLAFLL:0.21212121212121213	PLALPDEG:0.21212121212121213	TLCVLAGA:0.24242424242424243	ITLCVLAG:0.24242424242424243	WPPAILAF:0.21212121212121213	LHTYPFDL:0.3181818181818182	ALPDEGRY:0.22727272727272727	GMITLCVL:0.3181818181818182	GVAWDMLR:0.36363636363636365	DWSNPEIP:0.21212121212121213	VGVWLAFL:0.22727272727272727	LCVLAGAD:0.24242424242424243	AFLLAEVV:0.21212121212121213	AVGVWLAF:0.22727272727272727	WVWGTAAD:0.21212121212121213	LRRLALVW:0.25757575757575757	LVAGMITL:0.36363636363636365	AGMITLCV:0.3181818181818182	CVLAGADT:0.24242424242424243	YAGVAWDM:0.36363636363636365	PPLAFLLA:0.21212121212121213	RPLALPDE:0.21212121212121213	VDDWSNPE:0.21212121212121213	VAGMITLC:0.3333333333333333	EWAARLPS:0.25757575757575757	LALPDEGR:0.21212121212121213	MLVAGMIT:0.3787878787878788	LAVGVWLA:0.22727272727272727	LLAVGVWL:0.22727272727272727	WVVDDWSN:0.21212121212121213	GSRYWVWG:0.21212121212121213	LMQVRYPG:0.21212121212121213	LAFLLAEV:0.2727272727272727	RYAGVAWD:0.36363636363636365	GLVLPGAI:0.2727272727272727	PFWFYLPV:0.4090909090909091	FWFYLPVI:0.21212121212121213	MQVRYPGF:0.22727272727272727	LVLPGAIL:0.25757575757575757	DDWSNPEI:0.21212121212121213	PLAFLLAE:0.2727272727272727	AGVAWDML:0.36363636363636365	PFFYGGAQ:0.21212121212121213	FFYGGAQF:0.21212121212121213	FYGGAQFA:0.21212121212121213	YGGAQFAN:0.21212121212121213	
