cluster number:62
GT83:27	GT83:27
CLLAGAAL:0.3333333333333333	RPGLTVAL:0.2222222222222222	PLWVPRYL:0.4074074074074074	GLPDQAAL:0.2962962962962963	LGLPDQAA:0.3333333333333333	ELATWSAA:0.6666666666666666	GLLAGLLF:0.2962962962962963	RDQRQRAD:0.2222222222222222	SRYAQEAR:0.37037037037037035	PYYLLMHG:0.2962962962962963	VRLAGTID:0.2962962962962963	GLLFAVLP:0.2962962962962963	LWVPRYLV:0.2962962962962963	LAGTIDAA:0.2962962962962963	VLATLLLV:0.2962962962962963	DAATGPYY:0.4444444444444444	DQAALRRT:0.25925925925925924	RWAGYAAA:0.37037037037037035	WRDELATW:0.7037037037037037	LATWSAAT:0.5555555555555556	PYALATLL:0.2222222222222222	AGYAAAVA:0.2962962962962963	VWLVVAGR:0.3333333333333333	DLVRLAGT:0.2962962962962963	QLWRDELA:0.2962962962962963	RTHEWPRS:0.2962962962962963	RRTHEWPR:0.4074074074074074	AVLPGTSR:0.37037037037037035	WVPRYLVF:0.3333333333333333	LWRDELAT:0.37037037037037035	AQEARPYA:0.25925925925925924	AATGPYYL:0.4074074074074074	SWLFLDLG:0.3333333333333333	ALRRTHEW:0.4074074074074074	GDLVRLAG:0.2222222222222222	YAQEARPY:0.2962962962962963	RVWLVVAG:0.37037037037037035	LLPVLLVF:0.2222222222222222	AVLATLLL:0.4074074074074074	LLFAVLPG:0.25925925925925924	QEARPYAL:0.7407407407407407	HLIALTLL:0.25925925925925924	GQRSRQLD:0.2222222222222222	GPYYLLMH:0.2962962962962963	AGTIDAAT:0.2962962962962963	YYLLMHGW:0.2962962962962963	GTIDAATG:0.25925925925925924	FAVLPGTS:0.25925925925925924	LFAVLPGT:0.25925925925925924	RSRQLDWV:0.2222222222222222	LVRLAGTI:0.2962962962962963	LIALTLLA:0.25925925925925924	TSRYAQEA:0.2222222222222222	TIDAATGP:0.2962962962962963	RDELATWS:0.7037037037037037	AQLWRDEL:0.2962962962962963	AGLLFAVL:0.25925925925925924	LTLLAAHA:0.25925925925925924	VPLWVPRY:0.4074074074074074	PDQAALRR:0.25925925925925924	LAVLATLL:0.2962962962962963	QRSRQLDW:0.2222222222222222	RLAGTIDA:0.2962962962962963	LRRTHEWP:0.4074074074074074	ATWSAATR:0.5555555555555556	ALTLLAAH:0.2962962962962963	YALATLLA:0.2222222222222222	LLAGAALA:0.37037037037037035	TLLAVLAT:0.25925925925925924	THEWPRSA:0.3333333333333333	ARPYALAT:0.4444444444444444	PGLTVALL:0.2222222222222222	RPAECLAG:0.2222222222222222	LPDQAALR:0.2962962962962963	DELATWSA:0.7037037037037037	AALRRTHE:0.4074074074074074	LLAGLLFA:0.2962962962962963	QAALRRTH:0.4074074074074074	LLAVLATL:0.25925925925925924	EARPYALA:0.6296296296296297	ATLLLVEA:0.2222222222222222	WAGYAAAV:0.3333333333333333	RYAQEARP:0.2962962962962963	RPYALATL:0.25925925925925924	TGPYYLLM:0.2222222222222222	IDAATGPY:0.37037037037037035	VLPGTSRY:0.37037037037037035	TWSAATRP:0.37037037037037035	ATGPYYLL:0.2962962962962963	SRYGQEAR:0.48148148148148145	PRYLVFVV:0.2222222222222222	GQEARPYA:0.5185185185185185	GLLGLPDQ:0.37037037037037035	YLVFVVPF:0.2222222222222222	AGLLGLPD:0.3333333333333333	RYGQEARP:0.48148148148148145	PGTSRYGQ:0.2222222222222222	LPVLLLFA:0.2222222222222222	ACLLAGAA:0.2222222222222222	AVLLPVLL:0.3333333333333333	AAVPGAKG:0.2962962962962963	PVLLLFAA:0.2222222222222222	LPGTSRYG:0.2222222222222222	LLGLPDQA:0.3333333333333333	VPRYLVFV:0.2962962962962963	LAGLLGLP:0.3333333333333333	GTSRYGQE:0.2222222222222222	VLLLFAAG:0.2222222222222222	LGRRALLP:0.2222222222222222	LLPVLLLF:0.2962962962962963	DLAALPGG:0.25925925925925924	VPFACLLA:0.25925925925925924	VLLPVLLL:0.25925925925925924	PFACLLAG:0.25925925925925924	YGQEARPY:0.48148148148148145	TSRYGQEA:0.4444444444444444	RYLVFVVP:0.2222222222222222	VVGGLLVG:0.2962962962962963	FACLLAGA:0.2222222222222222	PWRDELAT:0.3333333333333333	VGGLLVGL:0.25925925925925924	QPWRDELA:0.2962962962962963	AQPWRDEL:0.2962962962962963	GGLLVGLA:0.25925925925925924	GLLVGLAA:0.2222222222222222	LLVGLAAL:0.2222222222222222	AALGLTHL:0.3333333333333333	AGLLAGLL:0.4074074074074074	LRLPSALA:0.3333333333333333	ALRLPSAL:0.2962962962962963	LPSALAMA:0.25925925925925924	RLPSALAM:0.25925925925925924	LVGLAALG:0.3333333333333333	VAALGLTH:0.2222222222222222	LAALGAAR:0.2222222222222222	GRRALLPG:0.2222222222222222	RAGLLAGL:0.2962962962962963	VGLAALGA:0.3333333333333333	GLAALGAA:0.2962962962962963	
