cluster number:74
GT83:13	GT83:13
MTTDNPLL:0.3076923076923077	AFYAPGQP:0.23076923076923078	DWTRRLQL:0.23076923076923078	LKGWSDLG:0.23076923076923078	RRMNQYDL:0.38461538461538464	LQLSYYSK:0.38461538461538464	LAFYAPGQ:0.23076923076923078	WTRRLQLS:0.23076923076923078	RLKGWSDL:0.23076923076923078	LMTTDNPL:0.46153846153846156	AKYMMLAF:0.23076923076923078	QYWDWTRR:0.23076923076923078	RRLQLSYY:0.3076923076923077	AQYWDWTR:0.3076923076923077	LAKYMMLA:0.38461538461538464	YWDWTRRL:0.23076923076923078	EAQYWDWT:0.3076923076923077	RMNQYDLW:0.38461538461538464	QYDLWPGP:0.38461538461538464	RLQLSYYS:0.3076923076923077	DEAQYWDW:0.7692307692307693	WDWTRRLQ:0.23076923076923078	NQYDLWPG:0.38461538461538464	TRRLQLSY:0.23076923076923078	MNQYDLWP:0.38461538461538464	RRPQLSYY:0.23076923076923078	YSKGPLIA:0.7692307692307693	GQLNLVQD:0.3076923076923077	YWDWIRRP:0.23076923076923078	QLNLVQDE:0.3076923076923077	QLSYYSKG:0.5384615384615384	DRRMNQYD:0.3076923076923077	DWIRRPQL:0.23076923076923078	LVQDEAQY:0.5384615384615384	SKGPLIAW:0.46153846153846156	NLVQDEAQ:0.3076923076923077	WFVASGQL:0.23076923076923078	SRVWREYR:0.23076923076923078	YYSKGPLI:0.7692307692307693	IRRPQLSY:0.23076923076923078	QYWDWIRR:0.23076923076923078	TELGVRFG:0.23076923076923078	VQDEAQYW:0.5384615384615384	EAQYWDWI:0.23076923076923078	QDEAQYWD:0.5384615384615384	SYYSKGPL:0.6923076923076923	LNLVQDEA:0.3076923076923077	PQLSYYSK:0.23076923076923078	RPQLSYYS:0.23076923076923078	WDWIRRPQ:0.23076923076923078	WIRRPQLS:0.23076923076923078	AQYWDWIR:0.23076923076923078	LSYYSKGP:0.5384615384615384	GILMTTDN:0.23076923076923078	ILMTTDNP:0.23076923076923078	LGILMTTD:0.23076923076923078	SGQLDLVQ:0.38461538461538464	VPGQKRAF:0.23076923076923078	PGQKRAFC:0.23076923076923078	ASGQLDLV:0.23076923076923078	QLDLVQDE:0.38461538461538464	WPVWLFFL:0.23076923076923078	GQLDLVQD:0.38461538461538464	FYVPGQKR:0.23076923076923078	LDLVQDEA:0.3076923076923077	FWPVWLFF:0.23076923076923078	YVPGQKRA:0.23076923076923078	GPLIAWLI:0.23076923076923078	DFGRRMSQ:0.23076923076923078	VANTTPLF:0.23076923076923078	GRRMSQYD:0.23076923076923078	DLVQDEAQ:0.23076923076923078	HTRIYPNW:0.23076923076923078	FGRRMSQY:0.23076923076923078	ADFGRRMS:0.23076923076923078	LMTTDSPL:0.23076923076923078	KGPLIAWL:0.23076923076923078	VLAKYMML:0.23076923076923078	CADFGRRM:0.23076923076923078	GVLAKYMM:0.23076923076923078	EAQYWDWS:0.3076923076923077	AQYWDWSR:0.3076923076923077	QYWDWSRT:0.23076923076923078	
