cluster number:58
GT83:12	GT83:12
AVFGVNDV:0.25	AYRQRLFF:0.4166666666666667	FFTQTAGR:0.5	LGLLTKGP:0.25	RRLAFAGL:0.25	GWAVFGVN:0.25	LAALLCLT:0.3333333333333333	AGWAVFGV:0.25	SEKVPLLF:0.4166666666666667	RQRLFFTQ:0.4166666666666667	EHLRALWP:0.25	PYSEKVPL:0.4166666666666667	YRQRLFFT:0.4166666666666667	LLTKGPVM:0.5833333333333334	LLLRGRGE:0.3333333333333333	FLFGLQIM:0.5833333333333334	RTLAVAWE:0.5833333333333334	QIMYEVLL:0.3333333333333333	LGALLLLR:0.25	WAVFGVND:0.25	TQTAGRVV:0.5	EAYRQRLF:0.4166666666666667	GRGEMRRL:0.25	GLGLLTKG:0.25	GGEAYRQR:0.5	FGVNDVWP:0.4166666666666667	LWPWLPLW:0.5	RGRGEMRR:0.25	ALLLLRGR:0.25	LLAWAIPA:0.25	LAVAWEMW:0.5	EPRWWLFG:0.25	ALWPWLPL:0.25	RLFFTQTA:0.4166666666666667	FTQTAGRV:0.5	TRTLAVAW:0.5833333333333334	LLLLRGRG:0.3333333333333333	TLAVAWEM:0.5833333333333334	GVNDVWPR:0.4166666666666667	YAFLFGLQ:0.6666666666666666	FGLQIMYE:0.3333333333333333	HLRALWPW:0.25	RALWPWLP:0.25	LQIMYEVL:0.3333333333333333	YSEKVPLL:0.4166666666666667	LAWAIPAG:0.25	LRALWPWL:0.25	STRTLAVA:0.5833333333333334	GEAYRQRL:0.5	VFGVNDVW:0.4166666666666667	QRLFFTQT:0.4166666666666667	IHAGWAVF:0.25	VLAALLCL:0.3333333333333333	GALLLLRG:0.25	LFFTQTAG:0.5	HAGWAVFG:0.25	AGGEAYRQ:0.25	LLRGRGEM:0.25	EKVPLLFW:0.4166666666666667	GLQIMYEV:0.3333333333333333	LRGRGEMR:0.25	AALLCLTP:0.3333333333333333	WLVPHING:0.4166666666666667	LFGLQIMY:0.5833333333333334	RGEMRRLA:0.25	HWLVPHIN:0.3333333333333333	GLLTKGPV:0.75	AFLFGLQI:0.5833333333333334	APLLFWLI:0.25	PWLLGPLW:0.4166666666666667	TAGRVVDA:0.25	FWLIHAGW:0.4166666666666667	KGPVMLLH:0.5	HQTAGRVV:0.25	AGRVVDAF:0.25	QTAGRVVD:0.4166666666666667	WLIHAGWA:0.25	PLLFWLIH:0.4166666666666667	YSTRTLAV:0.4166666666666667	LFWLIHAG:0.4166666666666667	LLFWLIHA:0.4166666666666667	KAPLLFWL:0.25	PMYSTRTL:0.25	FSLISGKQ:0.4166666666666667	ISGKQLYY:0.3333333333333333	TRTLSVAW:0.25	LSVAWEMW:0.25	WLIHAGWF:0.25	STRTLSVA:0.25	DVWPRVLE:0.3333333333333333	ALLVQPFR:0.25	TLSVAWEM:0.25	RTLSVAWE:0.25	VGAGLLTK:0.25	TKGPVMLL:0.3333333333333333	AIFSHGPM:0.4166666666666667	WLGTWPLG:0.3333333333333333	RARWYGRG:0.3333333333333333	IFSHGPMP:0.4166666666666667	LGYAFLFG:0.25	GAGLLTKG:0.25	FSHGPMPL:0.4166666666666667	LLAIFSHG:0.4166666666666667	VNDVWPRV:0.3333333333333333	LTKGPVML:0.3333333333333333	LAIFSHGP:0.4166666666666667	LLVQPFRS:0.3333333333333333	KVPLLFWL:0.3333333333333333	ALLAIFSH:0.4166666666666667	RLFPDRPW:0.25	LLAWALPA:0.3333333333333333	GPVMLLHV:0.4166666666666667	VFSLISGK:0.25	VPLLFWLI:0.3333333333333333	GYAFLFGL:0.3333333333333333	VWPRVLEV:0.3333333333333333	AGLLTKGP:0.25	AALLAIFS:0.25	NDVWPRVL:0.3333333333333333	LAWALPAG:0.3333333333333333	GTWPLGVG:0.25	LLLGGAML:0.25	LQIMYDVL:0.25	QIMYDVLL:0.25	PMPLYSTR:0.3333333333333333	QLYYPLPE:0.4166666666666667	HGPMPLYS:0.3333333333333333	LGPLWNDW:0.3333333333333333	PVMLLHVA:0.25	FPWLLGPL:0.25	MLLAWALP:0.25	TWPLGVGG:0.25	HVAFPWLL:0.3333333333333333	LGTWPLGV:0.25	FGLQIMYD:0.25	GKQLYYPL:0.4166666666666667	LLGPLWND:0.3333333333333333	KQLYYPLP:0.4166666666666667	VMLLHVAF:0.25	LALLLGGA:0.25	GLQIMYDV:0.25	AMLLAWAL:0.3333333333333333	PLYSTRTL:0.3333333333333333	GPMPLYST:0.3333333333333333	SGKQLYYP:0.3333333333333333	NYEGQFHF:0.25	GGAMLLAW:0.25	IMYDVLLA:0.25	LHVAFPWL:0.3333333333333333	LGGAMLLA:0.25	GNYEGQFH:0.25	LLGGAMLL:0.25	GAMLLAWA:0.25	LYSTRTLA:0.3333333333333333	FPFSGWPR:0.25	SHGPMPLY:0.25	MPLYSTRT:0.3333333333333333	AFPWLLGP:0.3333333333333333	GPLWNDWA:0.3333333333333333	WPWLPLWT:0.25	MLLHVAFP:0.25	LYYPLPEL:0.25	WLLGPLWN:0.25	LFPFSGWP:0.25	WPLGVGGI:0.25	ALLLGGAM:0.25	LLHVAFPW:0.25	SGGEAYRQ:0.25	VAFPWLLG:0.3333333333333333	GLVGTLAL:0.25	GTLALNTL:0.25	LNTLFTLT:0.25	LALNTLFT:0.25	LVGTLALN:0.25	TLALNTLF:0.25	AGLVGTLA:0.25	FAQAHPDG:0.25	VGTLALNT:0.25	ALNTLFTL:0.25	LLCLTPKP:0.25	PLWNDWAR:0.25	RSLWPWLP:0.25	
