cluster number:61
GT83:11	GT83:11
LLDESEQV:0.2727272727272727	SDSYWLLG:0.2727272727272727	DSYWLLGN:0.2727272727272727	LIKDNTHS:0.2727272727272727	NQPPLYTW:0.2727272727272727	QPPLYTWL:0.8181818181818182	LLLDESEQ:0.2727272727272727	AACLTWYW:0.2727272727272727	PLYTWLQY:0.6363636363636364	DLIKDNTH:0.2727272727272727	IVSDSYWL:0.2727272727272727	PPLYTWLQ:0.7272727272727273	KDNTHSIL:0.36363636363636365	VSDSYWLL:0.2727272727272727	LDLIKDNT:0.2727272727272727	TRWLIPIL:0.2727272727272727	AKFNYLLF:0.2727272727272727	WLIPILFL:0.2727272727272727	LAKFNYLL:0.2727272727272727	RWLIPILF:0.2727272727272727	ILALLAAC:0.2727272727272727	KFNYLLFL:0.2727272727272727	FTFRRLSH:0.2727272727272727	WGYDDQPP:0.2727272727272727	DFTFRRLS:0.2727272727272727	YDDQPPLY:0.2727272727272727	LEDAEQAY:0.2727272727272727	GYDDQPPL:0.2727272727272727	DDQPPLYT:0.2727272727272727	DQPPLYTW:0.2727272727272727	TFRRLSHT:0.2727272727272727	PVFIDFTF:0.2727272727272727	FIDFTFRR:0.2727272727272727	RWGYDDQP:0.2727272727272727	ELEDAEQA:0.2727272727272727	VFIDFTFR:0.2727272727272727	IDFTFRRL:0.2727272727272727	
