cluster number:87
GT83:6	GT83:6
FGRHPEWY:0.3333333333333333	GPPGLLPL:0.3333333333333333	DPDEGRYT:0.3333333333333333	GIWDPDEG:0.5	AARLPIAL:0.5	PLYLLPLF:0.5	TGHWTKPP:0.3333333333333333	TKPPLTYW:0.3333333333333333	RSRLPLYL:0.3333333333333333	ALSYLACV:0.3333333333333333	WDPDEGRY:0.5	HPEWYGWL:0.3333333333333333	LAFLTKGP:0.5	ARSRLPLY:0.3333333333333333	LITTDFPL:0.3333333333333333	WPTHKDAS:0.3333333333333333	LPLYLLPL:0.3333333333333333	SRLPLYLL:0.5	TKGPPGLL:0.3333333333333333	ARLPIALS:0.5	WAARLPIA:0.5	PDEGRYTN:0.3333333333333333	PRFNPEYD:0.3333333333333333	GSRGIWDP:0.3333333333333333	WTKPPLTY:0.3333333333333333	GRHPEWYG:0.3333333333333333	IALSYLAC:0.5	SRGIWDPD:0.3333333333333333	FVEDMARY:0.6666666666666666	RHPEWYGW:0.3333333333333333	KGPPGLLP:0.3333333333333333	AFLTKGPP:0.5	YWLIAASV:0.3333333333333333	HWTKPPLT:0.3333333333333333	PWAARLPI:0.3333333333333333	QLITTDFP:0.3333333333333333	VFVEDMAR:0.5	RLPIALSY:0.5	FLGSRGIW:0.3333333333333333	PIALSYLA:0.5	LVPLLVFC:0.3333333333333333	RLPLYLLP:0.5	LPIALSYL:0.5	LGSRGIWD:0.3333333333333333	RGIWDPDE:0.5	VEDMARYG:0.6666666666666666	RFNPEYDE:0.3333333333333333	IWDPDEGR:0.5	GLAFLTKG:0.3333333333333333	KGPPALLP:0.6666666666666666	GPPALLPL:0.6666666666666666	LPLLVFCL:0.3333333333333333	LTKGPPAL:0.3333333333333333	FGLAFLTK:0.3333333333333333	FLTKGPPA:0.3333333333333333	PPALLPLL:0.5	TKGPPALL:0.3333333333333333	GDWLTPRR:0.3333333333333333	DRVATDRF:0.3333333333333333	GHWTKPPG:0.3333333333333333	GFMIKGPP:0.3333333333333333	VATDRFGR:0.3333333333333333	RVATDRFG:0.3333333333333333	PALLPLLA:0.3333333333333333	LPLFVPLA:0.3333333333333333	EDMARYGL:0.5	IKGPPALL:0.3333333333333333	EGRYSNVA:0.3333333333333333	EVVFVEDM:0.3333333333333333	MIKGPPAL:0.3333333333333333	FMIKGPPA:0.3333333333333333	VVFVEDMA:0.3333333333333333	DEGRYSNV:0.3333333333333333	PLLVFCLA:0.3333333333333333	ALLPLLAV:0.3333333333333333	LGTLPWTG:0.3333333333333333	GRYSNVAL:0.3333333333333333	YWAIAASV:0.3333333333333333	TYWAIAAS:0.3333333333333333	DMARYGLR:0.3333333333333333	MARYGLRL:0.3333333333333333	WAIAASVA:0.3333333333333333	
