cluster number:38
GT83:48	GT83:48
ARPRVGLW:0.25	VDRYVLYA:0.375	LRLPSVCA:0.20833333333333334	SYALVAAG:0.3333333333333333	GLDRGGMW:0.22916666666666666	RPRVGLWA:0.375	LWAGLLYA:0.3958333333333333	GGMWRDEA:0.20833333333333334	HYAQEGRS:0.375	YALVAAGA:0.3333333333333333	LWGLDRGG:0.22916666666666666	GLWAGLLY:0.3958333333333333	LGLWGLDR:0.3541666666666667	VDAVHGLY:0.5833333333333334	CWLHEFAV:0.25	AQEGRSYA:0.8958333333333334	EGRSYALV:0.8125	LDRGGMWR:0.20833333333333334	GHYAQEGR:0.25	GLWGLDRG:0.3958333333333333	LYVDRYVL:0.2916666666666667	YAQEGRSY:0.8541666666666666	PRVGLWAG:0.375	PLYVDRYV:0.3333333333333333	RGGMWRDE:0.20833333333333334	YVDRYVLY:0.3958333333333333	RLARPRVG:0.25	QEGRSYAL:0.7916666666666666	GMWRDEAV:0.22916666666666666	DRGGMWRD:0.20833333333333334	LARPRVGL:0.25	VHGLYYLL:0.5833333333333334	DRYVLYAL:0.3125	RVGLWAGL:0.375	AGHYAQEG:0.22916666666666666	RSYALVAA:0.5	DAVHGLYY:0.7291666666666666	GRSYALVA:0.5	WLHEFAVL:0.2708333333333333	WGLDRGGM:0.22916666666666666	RLPSVCAA:0.20833333333333334	WAGLLYAV:0.22916666666666666	VGLWAGLL:0.375	AVHGLYYL:0.625	GLYYLLMH:0.4166666666666667	HGLYYLLM:0.4375	VALRLPSV:0.22916666666666666	ACLLHEFA:0.3333333333333333	LRLPSVLA:0.4166666666666667	CLLHEFAV:0.2916666666666667	LHEFAVLA:0.3333333333333333	RLAGPRAG:0.3333333333333333	LACLLHEF:0.22916666666666666	RLPSVLAM:0.25	LLHEFAVL:0.2708333333333333	LAGPRAGL:0.3125	HEFAVLAL:0.2708333333333333	ALRLPSVL:0.20833333333333334	GRSYALVC:0.20833333333333334	RSYALVCA:0.20833333333333334	
