cluster number:84
GT83:6	GT83:6
KNAECGRE:0.3333333333333333	MGLAILAK:0.3333333333333333	GLAILAKG:0.5	LFDEDEPK:0.3333333333333333	EDEPKNAE:0.3333333333333333	FDEDEPKN:0.3333333333333333	EPKNAECG:0.3333333333333333	KLPNYVLP:0.3333333333333333	LAKGPIGF:0.3333333333333333	NAECGREM:0.3333333333333333	KGPIGFLL:0.3333333333333333	DEDEPKNA:0.3333333333333333	AKGPIGFL:0.3333333333333333	LPWYIAVG:0.3333333333333333	PWYIAVGF:0.3333333333333333	DEPKNAEC:0.3333333333333333	WYIAVGFA:0.3333333333333333	PKNAECGR:0.3333333333333333	YIAVGFAT:0.3333333333333333	TKLPNYVL:0.3333333333333333	LAILAKGP:0.5	VALPWYIA:0.3333333333333333	RGDWLVPT:0.3333333333333333	ALPWYIAV:0.3333333333333333	GPIGFLLP:0.3333333333333333	FGVNEFAA:0.3333333333333333	VLTKGPVG:0.3333333333333333	LAVLTKGP:0.3333333333333333	GLAVLTKG:0.3333333333333333	GVNEFAAR:0.3333333333333333	AVLTKGPV:0.3333333333333333	HSGPIFYY:0.3333333333333333	AILAKGPV:0.3333333333333333	
