cluster number:116
GT83:36	GT83:36
PRFDKPIL:0.25	DEGAFSEA:0.8333333333333334	GAFSEATR:0.8333333333333334	FAFRLPSA:0.25	AFSEATRE:0.75	EGAFSEAT:0.8333333333333334	EFAFRLPS:0.2777777777777778	FSEATREM:0.7222222222222222	SEATREML:0.4166666666666667	DKPILIYW:0.6111111111111112	FDKPILIY:0.5833333333333334	FRLPSALA:0.3055555555555556	FDVDEGAF:0.6111111111111112	DVDEGAFS:0.6111111111111112	AKAAIADA:0.2777777777777778	VDEGAFSE:0.6111111111111112	SGTKLPHY:0.6666666666666666	RFDKPILI:0.5833333333333334	LFDVDEGA:0.6111111111111112	YLTTYLNG:0.3055555555555556	KAAIADAL:0.3055555555555556	GPVAILIP:0.2222222222222222	YGYTPLFI:0.3611111111111111	KPILIYWL:0.5555555555555556	PILIYWLQ:0.5	AAIADALL:0.3055555555555556	IAKAAIAD:0.3333333333333333	NYLTTYLN:0.3055555555555556	AIADALLN:0.3055555555555556	PLFDVDEG:0.5833333333333334	AFRLPSAL:0.2777777777777778	IYGYTPLF:0.4444444444444444	LGTLTKGP:0.2222222222222222	GYTPLFIL:0.3333333333333333	KGPVAILI:0.2222222222222222	GRAATADA:0.2222222222222222	AATADALL:0.3055555555555556	IGRAATAD:0.2222222222222222	RAATADAL:0.2777777777777778	ATADALLN:0.3611111111111111	LSGTKLPH:0.5	FSLSGTKL:0.5	SLSGTKLP:0.5	GFILKHNV:0.2222222222222222	LTKGPIAL:0.25	FFSLSGTK:0.5	VFFSLSGT:0.2777777777777778	APLFDVDE:0.3055555555555556	GTKLPHYV:0.25	GQAFIDGF:0.2222222222222222	SEATREMF:0.2222222222222222	MIYGYTPL:0.25	PHYMIYGY:0.25	GTKLPHYM:0.25	EGHSGSLF:0.2222222222222222	HYMIYGYT:0.25	GHSGSLFY:0.2222222222222222	YMIYGYTP:0.25	HSGSLFYY:0.2222222222222222	TKLPHYMI:0.25	IIAKAAIA:0.25	LPHYMIYG:0.25	KLPHYMIY:0.25	GVLTKGPI:0.2222222222222222	VLTKGPIA:0.2222222222222222	ILIYWLQA:0.3333333333333333	LGVLTKGP:0.3611111111111111	WAFRLPSA:0.2222222222222222	PSFLVYSE:0.2222222222222222	
