cluster number:0
PL6:73	PL6_1:72|4.2.2.11:5|4.2.2.-:4|PL6:1
NGGETLRI:0.8767123287671232	RIGTSHFS:0.2054794520547945	GETLRIGT:0.863013698630137	GEHEIISN:0.3150684931506849	NGEHEIIS:0.3013698630136986	DHNYFGPR:0.5068493150684932	LRIGTSHF:0.2054794520547945	TLRIGTSH:0.7945205479452054	IDHNYFGP:0.5068493150684932	TLTMRHGN:0.2191780821917808	GIYNAEYV:0.273972602739726	LGSNGGET:0.5068493150684932	VENNYFDR:0.2602739726027397	EHEIISNK:0.3150684931506849	GLVFKNGY:0.273972602739726	ETLRIGTS:0.863013698630137	ENNYFDRC:0.273972602739726	GSNGGETL:0.6575342465753424	YFDRCNGE:0.2054794520547945	GGETLRIG:0.8767123287671232	SNGGETLR:0.6575342465753424	NYFDRCNG:0.2054794520547945	HEIISNKS:0.3150684931506849	DEERSAPP:0.2602739726027397	TGGIRIIN:0.273972602739726	GTLTMRHG:0.3561643835616438	NGVPNSSI:0.2191780821917808	GYRFGSGF:0.3561643835616438	GVTVAVRL:0.3287671232876712	RGTLTLRH:0.4246575342465753	TGGIRVIN:0.4931506849315068	VMNGVPNS:0.5342465753424658	IQLAAGSD:0.2054794520547945	SDYWVALY:0.3013698630136986	TLRHGNGN:0.3698630136986301	NSSINRYH:0.2191780821917808	GVPNSSIN:0.2191780821917808	SGFTVMNG:0.3287671232876712	RHGNGNLI:0.2054794520547945	ESDYWVAL:0.273972602739726	QSNLRLAG:0.2602739726027397	KRNKGVTV:0.2191780821917808	IGTSHYSL:0.3698630136986301	GVDHTGGI:0.3424657534246575	GTLTLRHG:0.4931506849315068	FTVMNGVP:0.3698630136986301	TLTLRHGN:0.4657534246575342	RIGTSHYS:0.4246575342465753	DESTFGPH:0.4931506849315068	LAAGSDAE:0.2191780821917808	KGVTVAVR:0.2328767123287671	TVMNGVPN:0.4520547945205479	AGSDAERS:0.2328767123287671	LRIGTSHY:0.410958904109589	GLVFKDGY:0.2465753424657534	GQSNLRLA:0.2602739726027397	SINRYHQV:0.2191780821917808	GNGVDHTG:0.3424657534246575	VPNSSINR:0.2191780821917808	VGKRNKGV:0.2191780821917808	RNKGVTVA:0.2191780821917808	HLVGKRNK:0.2191780821917808	LVGKRNKG:0.2191780821917808	NKGVTVAV:0.2328767123287671	GSGFTVMN:0.3287671232876712	LTLRHGNG:0.3698630136986301	LTGYRFGS:0.3698630136986301	INHSFHFF:0.3150684931506849	DINHSFHF:0.273972602739726	VDHTGGIR:0.3561643835616438	PNSSINRY:0.2191780821917808	YRFGSGFT:0.3561643835616438	AAGSDAER:0.2191780821917808	LRHGNGNL:0.2191780821917808	RFGSGFTV:0.3287671232876712	HTGGIRVI:0.410958904109589	SGLVFKDG:0.2876712328767123	GSDAERSA:0.2054794520547945	FGSGFTVM:0.3287671232876712	DYWVALYG:0.3013698630136986	DHTGGIRV:0.3424657534246575	GLTGYRFG:0.3835616438356164	SSINRYHQ:0.2191780821917808	NGVDHTGG:0.3424657534246575	GKRNKGVT:0.3287671232876712	FGSNGGET:0.2054794520547945	MNGVPNSS:0.2328767123287671	VTVAVRLN:0.2191780821917808	TGYRFGSG:0.3698630136986301	GFTVMNGV:0.3698630136986301	TDESTFGP:0.4657534246575342	YFDRTNGE:0.2328767123287671	GKHNRFDH:0.2191780821917808	NYFDRTNG:0.2328767123287671	RGGTDEST:0.5068493150684932	YGKHNRFD:0.2054794520547945	GGTDESTF:0.4657534246575342	FDRTNGEH:0.2191780821917808	NGVPNSPP:0.2054794520547945	GTDESTFG:0.4657534246575342	TNGEHEII:0.2191780821917808	GVPNSPPN:0.2054794520547945	PNSPPNRY:0.2054794520547945	RTNGEHEI:0.2191780821917808	YRGGTDES:0.5068493150684932	DRTNGEHE:0.2191780821917808	MNGVPNSP:0.5342465753424658	VPNSPPNR:0.2054794520547945	LYRGGTDE:0.273972602739726	HNYFGPRP:0.410958904109589	HRIDHNYF:0.2054794520547945	RIDHNYFG:0.2054794520547945	AGADEERS:0.2054794520547945	GADEERSA:0.2054794520547945	ADEERSAP:0.2054794520547945	SRGTLTLR:0.3150684931506849	ESRGTLTL:0.3013698630136986	FESRGTLT:0.2328767123287671	FFESRGTL:0.2328767123287671	NNYLEGLT:0.2328767123287671	ESTFGPHL:0.2465753424657534	NYLEGLTG:0.2328767123287671	DGEVEIIS:0.2054794520547945	EGLTGYRF:0.2328767123287671	EVEIISVK:0.2876712328767123	LEGLTGYR:0.2054794520547945	VEIISVKS:0.2876712328767123	GEVEIISV:0.2876712328767123	YLEGLTGY:0.2054794520547945	EIISVKSG:0.2876712328767123	NGEVEIIS:0.2876712328767123	
