cluster number:7
PL6:11	PL6_2:9|CBM32:2|PL6:2|4.2.2.-:1
IFGDDHII:0.2727272727272727	TSFCRWTR:0.2727272727272727	IIKGFKFT:0.2727272727272727	GNDHEVDY:0.2727272727272727	SNSIVEYN:0.2727272727272727	ASGTSFCR:0.2727272727272727	DCPAQFTL:0.2727272727272727	SIVEYNLF:0.2727272727272727	RLHIHHNY:0.2727272727272727	QFTLRHGN:0.45454545454545453	TIRDCPAQ:0.2727272727272727	TLQFGLSG:0.36363636363636365	IRDCPAQF:0.2727272727272727	IIIKGFKF:0.2727272727272727	GNGDGEVA:0.5454545454545454	GTSFCRWT:0.45454545454545453	RYNTIRDC:0.36363636363636365	RIFGDDHI:0.2727272727272727	NGAETLQF:0.36363636363636365	LNGNDHEV:0.2727272727272727	SFCRWTRN:0.36363636363636365	YIIIKGFK:0.2727272727272727	HEVDYNTF:0.2727272727272727	GSQIAQRL:0.2727272727272727	CPAQFTLR:0.36363636363636365	MASGTSFC:0.2727272727272727	NGDGEVAD:0.36363636363636365	INIGNGDG:0.2727272727272727	NGNDHEVD:0.2727272727272727	NIGNGDGE:0.2727272727272727	GAETLQFG:0.36363636363636365	IVEYNLFE:0.2727272727272727	DHEVDYNT:0.2727272727272727	SLSSSNSI:0.2727272727272727	IGNGDGEV:0.5454545454545454	SGTSFCRW:0.2727272727272727	NTIRDCPA:0.2727272727272727	RDCPAQFT:0.2727272727272727	EVDYNTFQ:0.2727272727272727	ETLQFGLS:0.36363636363636365	LANGVYTA:0.2727272727272727	NDHEVDYN:0.2727272727272727	GENELISV:0.36363636363636365	LHIHHNYF:0.2727272727272727	YNTIRDCP:0.2727272727272727	AETLQFGL:0.36363636363636365	ENELISVK:0.36363636363636365	GDGEVADG:0.36363636363636365	PAINIGNG:0.2727272727272727	PAQFTLRH:0.36363636363636365	NSIVEYNL:0.2727272727272727	AQFTLRHG:0.45454545454545453	WIHHNYFH:0.2727272727272727	LTSHDRPD:0.45454545454545453	NTPGLRIF:0.36363636363636365	DYNTFQNK:0.2727272727272727	LQFGLSGF:0.2727272727272727	LRIFGDDH:0.36363636363636365	LISVKASG:0.2727272727272727	GLSGFSLS:0.36363636363636365	AFNTLVNN:0.2727272727272727	RWTHNIFE:0.2727272727272727	IAFNTLVN:0.36363636363636365	HHNYFYNF:0.2727272727272727	CRWTHNIF:0.2727272727272727	TPGLRIFG:0.36363636363636365	PDRVLIAF:0.45454545454545453	RPDRVLIA:0.45454545454545453	ELISVKAS:0.45454545454545453	HDRPDRVL:0.5454545454545454	DRVLIAFN:0.45454545454545453	GLRIFGDD:0.36363636363636365	PGLRIFGD:0.36363636363636365	LIAFNTLV:0.36363636363636365	VLIAFNTL:0.45454545454545453	FNTPGLRI:0.2727272727272727	EVADGAPL:0.2727272727272727	RVLIAFNT:0.45454545454545453	DRPDRVLI:0.5454545454545454	QFGLSGFS:0.45454545454545453	FCRWTHNI:0.2727272727272727	FGLSGFSL:0.36363636363636365	IHHNYFYN:0.2727272727272727	GSQIAERL:0.2727272727272727	FSNYFENC:0.2727272727272727	FFNTPGLR:0.2727272727272727	RYNTIRNC:0.2727272727272727	NELISVKA:0.2727272727272727	RLWIHHNY:0.36363636363636365	GFKFTHAA:0.2727272727272727	PLTSHDRP:0.36363636363636365	LWIHHNYF:0.36363636363636365	TSHDRPDR:0.36363636363636365	APLTSHDR:0.36363636363636365	GAPLTSHD:0.36363636363636365	ERLWIHHN:0.2727272727272727	IAERLWIH:0.2727272727272727	SHDRPDRV:0.2727272727272727	QIAERLWI:0.2727272727272727	AERLWIHH:0.2727272727272727	
