cluster number:16
GT39:89	GT39:89
LVESRYAL:0.7752808988764045	WLNALTGS:0.25842696629213485	NGLWFLLG:0.25842696629213485	SYRWLNAL:0.25842696629213485	FLVESRYA:0.6966292134831461	RWLNALTG:0.2808988764044944	YRWLNALT:0.2808988764044944	DEVYFAKF:0.21348314606741572	LFLVESRY:0.5168539325842697	LNALTGSF:0.21348314606741572	NALTGSFI:0.3146067415730337	LTGSFIPL:0.20224719101123595	SRYALNNI:0.34831460674157305	ESRYALNN:0.39325842696629215	WNGLWFLL:0.25842696629213485	KWNGLWFL:0.43820224719101125	FDEVYFAK:0.21348314606741572	DGLFLVES:0.47191011235955055	YALNNIYL:0.23595505617977527	RYALNNIY:0.34831460674157305	ALTGSFIP:0.3146067415730337	VESRYALN:0.39325842696629215	VFDEVYFA:0.33707865168539325	LVFDEVYF:0.3258426966292135	GLFLVESR:0.5168539325842697	AGLFTACD:0.21348314606741572	LAGLFTAC:0.21348314606741572	ALLAGLFT:0.21348314606741572	GLFTACDG:0.21348314606741572	LLAGLFTA:0.21348314606741572	FWMPIYLG:0.34831460674157305	HAMGNPFL:0.5617977528089888	IFWMPIYL:0.25842696629213485	AANLLPWV:0.24719101123595505	LAIAWFVD:0.25842696629213485	FIFWMPIY:0.25842696629213485	HPPLSQYI:0.24719101123595505	WMPIYLGL:0.33707865168539325	KVIYDVHA:0.2696629213483146	NTLVFDEV:0.6179775280898876	NIYIVIFG:0.25842696629213485	VIYDVHAM:0.39325842696629215	NYAANLLP:0.33707865168539325	FNTLVFDE:0.7415730337078652	RCVFIYHY:0.34831460674157305	RFNTLVFD:0.651685393258427	AHPPLSQY:0.3146067415730337	GTKWNGLW:0.2247191011235955	PPLSQYII:0.24719101123595505	MPIYLGLP:0.33707865168539325	NPFLWWFG:0.39325842696629215	TLVFDEVY:0.6404494382022472	IFGLLGQW:0.21348314606741572	PYCAAWYK:0.4606741573033708	FVDQCLRS:0.24719101123595505	YAANLLPW:0.33707865168539325	CVFIYHYM:0.30337078651685395	AWFVDQCL:0.2808988764044944	NAHPPLSQ:0.3146067415730337	WIPHLQLD:0.29213483146067415	IWIPHLQL:0.2696629213483146	HPYCAAWY:0.47191011235955055	LDGLFLVE:0.2247191011235955	TKWNGLWF:0.3258426966292135	VTRCVFIY:0.20224719101123595	ANLLPWVK:0.21348314606741572	AFIFWMPI:0.20224719101123595	YIVIFGLL:0.33707865168539325	VIFGLLGQ:0.2247191011235955	IYIVIFGL:0.25842696629213485	YDVHAMGN:0.651685393258427	IAWFVDQC:0.2808988764044944	YCAAWYKW:0.4606741573033708	GNPFLWWF:0.4943820224719101	FLAIAWFV:0.2696629213483146	AIAWFVDQ:0.29213483146067415	TRCVFIYH:0.20224719101123595	MGNPFLWW:0.550561797752809	AMGNPFLW:0.550561797752809	AAWYKWPL:0.42696629213483145	IVIFGLLG:0.3146067415730337	VHAMGNPF:0.5617977528089888	IYDVHAMG:0.5842696629213483	VDQCLRSY:0.2696629213483146	DVHAMGNP:0.6853932584269663	NLLPWVKV:0.21348314606741572	WFVDQCLR:0.24719101123595505	CAAWYKWP:0.4606741573033708	RCTFLYHY:0.20224719101123595	WLPIYLGL:0.2696629213483146	PFFDGHPP:0.20224719101123595	MAYYYQTA:0.29213483146067415	KWPLMTRP:0.20224719101123595	LPIYLGLP:0.2696629213483146	TRPMAYYY:0.29213483146067415	AWYKWPLM:0.23595505617977527	YKWPLMTR:0.20224719101123595	VHPYCAAW:0.43820224719101125	RPMAYYYQ:0.3595505617977528	PLQNLTQL:0.20224719101123595	SLALRFWG:0.24719101123595505	WYKWPLMT:0.20224719101123595	GKVIYDVH:0.23595505617977527	LALRFWGL:0.25842696629213485	PMAYYYQT:0.34831460674157305	LVFDEVYY:0.43820224719101125	DEVYYAKF:0.34831460674157305	FDEVYYAK:0.4157303370786517	VFDEVYYA:0.4606741573033708	EVYYAKFA:0.21348314606741572	PIYLGLPL:0.48314606741573035	FNAHPPLS:0.30337078651685395	FFNAHPPL:0.30337078651685395	FFDGHPPL:0.24719101123595505	IYLGLPLS:0.2808988764044944	GNNYLTHT:0.20224719101123595	YSLIWIPH:0.3146067415730337	AKFGNNYL:0.29213483146067415	SLIWIPHL:0.3146067415730337	KFGNNYLT:0.2808988764044944	VDTWIALY:0.2247191011235955	PFLWWFGV:0.2247191011235955	VESRYALI:0.33707865168539325	ESRYALIN:0.33707865168539325	FGNNYLTH:0.25842696629213485	YLGLPLSP:0.21348314606741572	LIWIPHLQ:0.20224719101123595	FDGHPPLG:0.20224719101123595	DGHPPLGK:0.21348314606741572	FALLAGLF:0.20224719101123595	PFFNAHPP:0.2696629213483146	TPFFNAHP:0.23595505617977527	
