cluster number:1
CBM47:14	CBM47:14
DSLENDGK:1.0	GAEILIGD:1.0	AGTTRSFT:1.0	LAEVTVLA:1.0	GSCSITAQ:1.0	VLAGHFQF:0.8571428571428571	TVSVMARS:1.0	PRCAVIDA:1.0	PCQSSLAD:1.0	ENPDCTKG:0.9285714285714286	FTCNGMLG:1.0	ILIGDSLE:1.0	IGAEILIG:1.0	KGSCSITA:1.0	REDTLALA:0.9285714285714286	DLLDTYHI:0.9285714285714286	LLLGMCGL:0.9285714285714286	DAIEAGTT:1.0	TLALAEVT:0.9285714285714286	YHISTVSV:0.9285714285714286	LALAEVTV:0.9285714285714286	SLADFHGH:0.9285714285714286	CAVIDAIE:1.0	RCAVIDAI:1.0	LDTYHIST:0.9285714285714286	TVLAGHFQ:0.9285714285714286	RSFTCNGM:1.0	SSLADFHG:0.9285714285714286	RYVTIVIP:0.8571428571428571	PDCTKGSC:1.0	TIVIPGRE:0.8571428571428571	MNAVDGNE:0.9285714285714286	CLLLGMCG:0.9285714285714286	CGLGDAHH:0.9285714285714286	AIEAGTTR:1.0	AVIDAIEA:1.0	TTRSFTCN:1.0	DTLALAEV:0.9285714285714286	VCLLLGMC:0.9285714285714286	FTQFLVCL:1.0	ARSDCCSE:1.0	IVIPGRED:0.8571428571428571	VSVMARSD:1.0	HISTVSVM:0.9285714285714286	LQGRPCQS:0.9285714285714286	QFLVCLLL:1.0	NLGLQGRP:0.9285714285714286	EILIGDSL:1.0	NNPRCAVI:0.9285714285714286	AEILIGDS:1.0	TRSFTCNG:1.0	GTTRSFTC:1.0	KNNPRCAV:0.9285714285714286	NGMLGRYV:1.0	DCCSESLI:0.9285714285714286	LGMCGLGD:0.9285714285714286	SFTCNGML:1.0	NENPDCTK:0.9285714285714286	TAQQLEPW:1.0	ADFHGHAM:0.9285714285714286	AHHQPDLN:1.0	MARSDCCS:1.0	QSSLADFH:0.9285714285714286	TQFLVCLL:1.0	SLIGAEIL:0.9285714285714286	TCNGMLGR:1.0	SITAQQLE:1.0	IDAIEAGT:1.0	NPRCAVID:1.0	YVTIVIPG:0.8571428571428571	SVMARSDC:1.0	LGLQGRPC:0.9285714285714286	LGDAHHQP:1.0	NDGKNNPR:0.9285714285714286	HGHAMNAV:0.9285714285714286	SCSITAQQ:1.0	CSITAQQL:1.0	VTVLAGHF:0.9285714285714286	SLENDGKN:0.9285714285714286	SDCCSESL:0.9285714285714286	DGNENPDC:0.8571428571428571	AVDGNENP:0.8571428571428571	MFTQFLVC:1.0	EVTVLAGH:1.0	ENDGKNNP:0.9285714285714286	CSESLIGA:0.9285714285714286	GMLGRYVT:1.0	VMARSDCC:1.0	DLNLGLQG:0.9285714285714286	GREDTLAL:0.9285714285714286	LIGAEILI:1.0	SESLIGAE:0.9285714285714286	HAMNAVDG:0.9285714285714286	VIDAIEAG:1.0	IPGREDTL:0.8571428571428571	LADFHGHA:0.9285714285714286	ESLIGAEI:0.9285714285714286	MLGRYVTI:1.0	LNLGLQGR:0.9285714285714286	IGDSLEND:1.0	DCTKGSCS:1.0	LENDGKNN:0.9285714285714286	PDLNLGLQ:0.9285714285714286	GDSLENDG:1.0	GRYVTIVI:0.8571428571428571	EAGTTRSF:1.0	EDTLALAE:0.9285714285714286	TYHISTVS:0.9285714285714286	HQPDLNLG:1.0	LIGDSLEN:1.0	QPDLNLGL:1.0	GKNNPRCA:0.9285714285714286	STVSVMAR:1.0	NPDCTKGS:0.9285714285714286	ITAQQLEP:1.0	GHAMNAVD:1.0	MCGLGDAH:0.9285714285714286	VTIVIPGR:0.8571428571428571	CNGMLGRY:1.0	QGRPCQSS:0.9285714285714286	GRPCQSSL:1.0	VDGNENPD:0.8571428571428571	HHQPDLNL:1.0	GNENPDCT:0.8571428571428571	DGKNNPRC:0.9285714285714286	CCSESLIG:0.9285714285714286	DTYHISTV:0.9285714285714286	GDAHHQPD:1.0	RLDLLDTY:1.0	DAHHQPDL:1.0	GLQGRPCQ:0.9285714285714286	FHGHAMNA:0.9285714285714286	GLGDAHHQ:1.0	RSDCCSES:0.9285714285714286	CQSSLADF:1.0	VIPGREDT:0.8571428571428571	NAVDGNEN:0.8571428571428571	PGREDTLA:0.9285714285714286	IEAGTTRS:1.0	LVCLLLGM:1.0	FLVCLLLG:1.0	AMNAVDGN:0.9285714285714286	CTKGSCSI:1.0	TKGSCSIT:1.0	LGRYVTIV:0.9285714285714286	AEVTVLAG:1.0	RPCQSSLA:1.0	ALAEVTVL:1.0	LLGMCGLG:0.9285714285714286	LDLLDTYH:0.9285714285714286	LLDTYHIS:0.9285714285714286	ISTVSVMA:1.0	DFHGHAMN:0.9285714285714286	GMCGLGDA:0.9285714285714286	QQLEPWWR:0.9285714285714286	LEPWWRLD:0.9285714285714286	QLEPWWRL:0.9285714285714286	AQQLEPWW:0.9285714285714286	WWRLDLLD:0.9285714285714286	EPWWRLDL:0.9285714285714286	PWWRLDLL:0.9285714285714286	WRLDLLDT:0.9285714285714286	
