cluster number:23
GH102:19	GH102:19
NPSYVFFR:0.631578947368421	TNPSYVFF:0.3684210526315789	HVLYAGKN:0.3157894736842105	QDRGGAIK:0.21052631578947367	TLLTGYYE:0.47368421052631576	PRTLLTGY:0.21052631578947367	AEFLAGHL:0.3157894736842105	RTLLTGYY:0.21052631578947367	VLYAGKNG:0.3157894736842105	DRGGAIKG:0.21052631578947367	LQIQGSGR:0.5263157894736842	AQDRGGAI:0.21052631578947367	QIQGSGRL:0.5263157894736842	GGAIKGTR:0.3157894736842105	LLTGYYEP:0.5263157894736842	FLQIQGSG:0.3684210526315789	VDVFFLQI:0.2631578947368421	IQGSGRLV:0.2631578947368421	VFFLQIQG:0.3157894736842105	DVFFLQIQ:0.3157894736842105	FFLQIQGS:0.3684210526315789	PVDVFFLQ:0.3157894736842105	NTNPSYVF:0.21052631578947367	FHPRWKGQ:0.21052631578947367	EMSMQRIR:0.3684210526315789	EFLAGHLQ:0.21052631578947367	DPVDVFFL:0.2631578947368421	PSYVFFRL:0.5263157894736842	YVSLGRVL:0.2631578947368421	YHDRAAID:0.21052631578947367	LQVQGSGR:0.3684210526315789	QDTGGAIK:0.42105263157894735	QVQGSGRL:0.3157894736842105	GLAQDTGG:0.21052631578947367	ANPSYVFF:0.2631578947368421	AQDTGGAI:0.5789473684210527	PYHDRAAI:0.21052631578947367	DTGGAIKG:0.3684210526315789	FLQVQGSG:0.3157894736842105	LAQDTGGA:0.5263157894736842	FFLQVQGS:0.2631578947368421	EEMSMQRI:0.3684210526315789	PRVSVAVD:0.21052631578947367	YVFFRLSD:0.21052631578947367	LTPRVSVA:0.21052631578947367	VLAQDTGG:0.3157894736842105	RVSVAVDR:0.21052631578947367	SYVFFRLS:0.21052631578947367	TGYYEPWL:0.2631578947368421	LTGYYEPW:0.3157894736842105	TPRVSVAV:0.21052631578947367	TRMDLFCG:0.21052631578947367	ILTPRVSV:0.21052631578947367	LVLAQDTG:0.3157894736842105	SLVLAQDT:0.2631578947368421	
