cluster number:8
GH102:103	GH102:103
NPSYVFFR:0.3883495145631068	LQVQGSGR:0.3786407766990291	SYVFFREL:0.2621359223300971	GYADQNGH:0.2815533980582524	GLVTGYYE:0.3300970873786408	PLGAPVFL:0.3106796116504854	LVTGYYEP:0.32038834951456313	VTGYYEPL:0.3106796116504854	YADQNGHP:0.36893203883495146	QVQGSGRV:0.36893203883495146	FLQVQGSG:0.4077669902912621	ADQNGHPY:0.36893203883495146	PSYVFFRE:0.3300970873786408	FFLQVQGS:0.4077669902912621	YVFFRELP:0.2912621359223301	AVRADFFW:0.21359223300970873	IKGAVRAD:0.21359223300970873	GAVRADFF:0.2524271844660194	QDTGGAIK:0.4077669902912621	VGYADQNG:0.24271844660194175	FLQIQGSG:0.21359223300970873	ANPSYVFF:0.2815533980582524	AQDTGGAI:0.6504854368932039	TGGAIKGA:0.21359223300970873	RADFFWGF:0.3106796116504854	VRADFFWG:0.4077669902912621	DTGGAIKG:0.4174757281553398	ADFFWGFG:0.3106796116504854	ITGYYEPL:0.23300970873786409	TGYYEPLL:0.5048543689320388	AIKGAVRA:0.21359223300970873	LLNANPSY:0.20388349514563106	YYEPLLKG:0.21359223300970873	NANPSYVF:0.24271844660194175	VQGSGRVQ:0.22330097087378642	GYYEPLLK:0.22330097087378642	DTGGAIRG:0.33980582524271846	QDTGGAIR:0.32038834951456313	GALGVPLT:0.3106796116504854	GLITGYYE:0.2621359223300971	LITGYYEP:0.27184466019417475	
