cluster number:15
GH102:89	GH102:89
LELAWAAD:0.20224719101123595	GLELAWAA:0.20224719101123595	NRFDTFWG:0.42696629213483145	AIKGANRF:0.7078651685393258	FLQIQGSG:0.4606741573033708	TGPGPLGA:0.21348314606741572	RIGYAGQN:0.33707865168539325	ANRFDTFW:0.3146067415730337	RFDTFWGA:0.38202247191011235	FVPLGAPV:0.34831460674157305	FDTFWGAG:0.38202247191011235	PLGAPVFL:0.30337078651685395	IKGANRFD:0.7078651685393258	FATGYFEP:0.21348314606741572	VPLGAPVF:0.24719101123595505	FFFLQIQG:0.2247191011235955	KGANRFDT:0.3146067415730337	LQIQGSGR:0.38202247191011235	IGYAGQNG:0.33707865168539325	FFLQIQGS:0.4606741573033708	GANRFDTF:0.3146067415730337	GGAIKGAN:0.7303370786516854	QIQGSGRL:0.3707865168539326	GAIKGANR:0.7303370786516854	SLDRAEPN:0.3146067415730337	LQVQGSGR:0.4606741573033708	FDSFWGAG:0.3595505617977528	QDTGGAIK:0.8089887640449438	QVQGSGRL:0.4606741573033708	AGGMSARG:0.3146067415730337	LGALGVPV:0.29213483146067415	TGYFEPEI:0.23595505617977527	GSGRLRLP:0.33707865168539325	PLGALGVP:0.30337078651685395	SWVFFREL:0.2247191011235955	ANRFDSFW:0.33707865168539325	EFFFLQVQ:0.3707865168539326	AQDTGGAI:0.8089887640449438	IAQDTGGA:0.5168539325842697	LSLDRAEP:0.3146067415730337	RFDSFWGA:0.3595505617977528	GLWIAQDT:0.30337078651685395	TGGAIKGA:0.651685393258427	VQGSGRLR:0.2808988764044944	LDRAEPNG:0.3146067415730337	FFFLQVQG:0.39325842696629215	YDVPIYRR:0.20224719101123595	WIAQDTGG:0.5168539325842697	GLEIAWAA:0.2247191011235955	WVFFRELT:0.20224719101123595	NGLWIAQD:0.24719101123595505	RGLEIAWA:0.2247191011235955	GANRFDSF:0.33707865168539325	VFFRELTG:0.42696629213483145	LWIAQDTG:0.30337078651685395	DTGGAIKG:0.8089887640449438	SGRLRLPD:0.29213483146067415	GRGLEIAW:0.23595505617977527	GYDVPIYR:0.20224719101123595	GRLRLPDG:0.29213483146067415	LEIAWAAD:0.24719101123595505	GALGVPVT:0.2247191011235955	NRFDSFWG:0.3595505617977528	DVPIYRRP:0.20224719101123595	FLQVQGSG:0.48314606741573035	GPLGALGV:0.30337078651685395	KGANRFDS:0.38202247191011235	FFLQVQGS:0.48314606741573035	QGSGRLRL:0.33707865168539325	VAQDTGGA:0.29213483146067415	WVAQDTGG:0.2696629213483146	GLWVAQDT:0.24719101123595505	GYAGQNGR:0.25842696629213485	AWAADPVE:0.30337078651685395	AGGMSGRG:0.23595505617977527	LWVAQDTG:0.24719101123595505	GGVMRIGY:0.25842696629213485	QNGRDYTG:0.3146067415730337	ATGYYEPE:0.24719101123595505	DGGVMRIG:0.24719101123595505	YTGIGKLM:0.2247191011235955	NGRDYTGI:0.3146067415730337	ENKSFVFF:0.29213483146067415	GRDYTGIG:0.3146067415730337	TGYYEPEI:0.5955056179775281	RDYTGIGK:0.21348314606741572	PDGGVMRI:0.24719101123595505	LPDGGVMR:0.2696629213483146	DYTGIGKL:0.2247191011235955	VAADPKYV:0.21348314606741572	DPKYVPLG:0.21348314606741572	YVPLGAPV:0.2808988764044944	KYVPLGAP:0.24719101123595505	ADPKYVPL:0.21348314606741572	PKYVPLGA:0.21348314606741572	AADPKYVP:0.21348314606741572	SFVFFREL:0.25842696629213485	YEPEIAGS:0.3146067415730337	VMRIGYDG:0.20224719101123595	PLGAPVLL:0.20224719101123595	EPEIAGSR:0.4157303370786517	GYDGQNGR:0.2247191011235955	AADPVEFF:0.29213483146067415	WAADPVEF:0.2247191011235955	ADPVEFFF:0.3146067415730337	IGYDGQNG:0.2247191011235955	VEFFFLQV:0.23595505617977527	NKSFVFFR:0.2696629213483146	KSFVFFRE:0.25842696629213485	AFVTGYYE:0.34831460674157305	FVFFRELT:0.20224719101123595	DPVEFFFL:0.3146067415730337	MRIGYDGQ:0.2247191011235955	PVEFFFLQ:0.3146067415730337	GVMRIGYD:0.21348314606741572	GYYEPEIA:0.4606741573033708	YYEPEIAG:0.3258426966292135	VTGYYEPE:0.34831460674157305	RIGYDGQN:0.2247191011235955	FVTGYYEP:0.3595505617977528	PEIAGSRT:0.29213483146067415	EIAGSRTR:0.23595505617977527	
