cluster number:3
GH102:155	GH102:155
ELAKDGKL:0.21935483870967742	GRVDYFMG:0.3419354838709677	TVKFTAYY:0.25161290322580643	FVLDQDTG:0.36129032258064514	DTGSAIKG:0.4967741935483871	IKGPGRVD:0.4129032258064516	KGPGRVDY:0.34838709677419355	GSAIKGPG:0.32903225806451614	GTVKFTAY:0.25161290322580643	LDQDTGSA:0.5870967741935483	VPVTAERS:0.2967741935483871	NYLPRWER:0.2838709677419355	RSIATDKS:0.8903225806451613	SLMPPGAL:0.567741935483871	PPGALALI:0.5225806451612903	ATDKSLMP:0.6064516129032258	GKGTVKFT:0.2064516129032258	DKSLMPPG:0.5935483870967742	NDGKGTVK:0.2129032258064516	TAERSIAT:0.4258064516129032	LMPPGALA:0.6	AERSIATD:0.5096774193548387	VTAERSIA:0.3161290322580645	DQDTGSAI:0.6129032258064516	FTAYYEPV:0.2	LAKDGKLP:0.22580645161290322	KSLMPPGA:0.5806451612903226	SAIKGPGR:0.32903225806451614	ERSIATDK:0.8516129032258064	AIKGPGRV:0.4129032258064516	VLDQDTGS:0.5806451612903226	RFVLDQDT:0.36129032258064514	AGDRAGIT:0.2064516129032258	VKFTAYYE:0.23870967741935484	YLPRWERF:0.3096774193548387	SIATDKSL:0.6193548387096774	GYAGGTDY:0.21935483870967742	QDTGSAIK:0.5096774193548387	MPPGALAL:0.6129032258064516	GNDGKGTV:0.21935483870967742	GPGRVDYF:0.36129032258064514	TAYYEPVY:0.2064516129032258	TDKSLMPP:0.6	AKDGKLPL:0.22580645161290322	PVTAERSI:0.3161290322580645	TGSAIKGP:0.32903225806451614	DGKGTVKF:0.2064516129032258	IATDKSLM:0.6064516129032258	PGRVDYFM:0.3096774193548387	KFTAYYEP:0.23870967741935484	LAGDRAGI:0.2129032258064516	LPRWERFV:0.21935483870967742	PRWERFVF:0.21935483870967742	RWERFVFF:0.21935483870967742	SRFVLDQD:0.2709677419354839	TGKLAGDR:0.22580645161290322	VDYFMGTG:0.22580645161290322	DYPWTSIG:0.2967741935483871	GTDYPWTS:0.25161290322580643	TDYPWTSI:0.2967741935483871	VSRFVLDQ:0.25806451612903225	RVDYFMGT:0.22580645161290322	KLAGDRAG:0.2967741935483871	AGGTDYPW:0.23225806451612904	GGTDYPWT:0.23870967741935484	GKLAGDRA:0.2967741935483871	YAGGTDYP:0.2	GTGKLAGD:0.22580645161290322	AIKGAGRV:0.3161290322580645	GQLYYLLL:0.22580645161290322	KGAGRVDY:0.2	GAGRVDYF:0.2	VSRYVLDQ:0.43870967741935485	RYVLDQDT:0.5096774193548387	IKGAGRVD:0.3161290322580645	YVLDQDTG:0.5225806451612903	SRYVLDQD:0.4645161290322581	PERSIATD:0.2967741935483871	TPERSIAT:0.2129032258064516	GSLYYLLL:0.21935483870967742	SLYYLLLK:0.2	SIATDKSI:0.24516129032258063	QDTGGAIK:0.2645161290322581	AGDRAGVT:0.3225806451612903	DQDTGGAI:0.2967741935483871	DTGGAIKG:0.21935483870967742	VLDQDTGG:0.2903225806451613	LDQDTGGA:0.2903225806451613	PHPTRLEL:0.2709677419354839	PTRLELEG:0.2709677419354839	HPTRLELE:0.2709677419354839	LFTAYYEP:0.2	VLFTAYYE:0.2	PGALALIR:0.21935483870967742	LEGADGLQ:0.2	GRVDYFLG:0.21935483870967742	
