cluster number:23
GT39:21	GT39:21
FDEVHYLP:0.5238095238095238	RIAMLDIF:0.42857142857142855	IAMLDIFM:0.42857142857142855	DEVHYLPA:0.5238095238095238	GYAASLGL:0.23809523809523808	HYLPAARA:0.42857142857142855	VHYLPAAR:0.5238095238095238	YAASLGLW:0.23809523809523808	AMASKWNA:0.23809523809523808	SRIAMLDI:0.23809523809523808	EVHYLPAA:0.5238095238095238	KPVQFYYH:0.47619047619047616	PKPVQFYY:0.3333333333333333	PVQFYYHY:0.47619047619047616	APKPVQFY:0.3333333333333333	GAQRGVLL:0.3333333333333333	DGAQRGVL:0.38095238095238093	IGNPLTML:0.38095238095238093	VLLIGNPL:0.3333333333333333	GDNPLGWR:0.23809523809523808	LAALALAL:0.3333333333333333	RGIWYLYE:0.3333333333333333	ETGRWRLA:0.23809523809523808	RGVLLIGN:0.38095238095238093	NTRGIWYL:0.2857142857142857	VQFYYHYF:0.23809523809523808	GLPALAWC:0.2857142857142857	LIGNPLTM:0.42857142857142855	GVLLIGNP:0.38095238095238093	VDGAQRGV:0.2857142857142857	RLSAGRRR:0.23809523809523808	FLLAALAL:0.42857142857142855	LLAALALA:0.42857142857142855	QRGVLLIG:0.38095238095238093	LLIGNPLT:0.2857142857142857	AQRGVLLI:0.3333333333333333	TRGIWYLY:0.3333333333333333	SRRGAPVP:0.23809523809523808	LATGFHLF:0.23809523809523808	YLPAARAL:0.23809523809523808	RRGAPVPG:0.23809523809523808	LSAGRRRL:0.23809523809523808	ARLSAGRR:0.23809523809523808	LLATGFHL:0.23809523809523808	FDEIHYLP:0.23809523809523808	HARIAMLD:0.3333333333333333	RAIWYLYE:0.3333333333333333	IHYLPAAR:0.23809523809523808	KWNAIPLA:0.23809523809523808	DEIHYLPA:0.23809523809523808	EIHYLPAA:0.23809523809523808	GNPLTMLL:0.38095238095238093	TMLLGLPA:0.2857142857142857	NPLTMLLG:0.38095238095238093	LTMLLGLP:0.2857142857142857	PLTMLLGL:0.38095238095238093	ARIAMLDI:0.23809523809523808	IAPKPVQF:0.23809523809523808	YLNREHPL:0.23809523809523808	HYLPAARE:0.2857142857142857	LNREHPLL:0.23809523809523808	AMLDIFMA:0.38095238095238093	NREHPLLG:0.3333333333333333	EHPLLGKE:0.2857142857142857	REHPLLGK:0.3333333333333333	MLDIFMAA:0.2857142857142857	LDIFMAAF:0.2857142857142857	YFDEVHYL:0.38095238095238093	PYFDEVHY:0.2857142857142857	
