cluster number:15
GT39:39	GT39:39
GWIVQWRP:0.23076923076923078	WSGLYFLA:0.20512820512820512	FDETYYVK:0.7692307692307693	KWSGLYFL:0.20512820512820512	VQWRPTSF:0.23076923076923078	IVQWRPTS:0.23076923076923078	LVFDETYY:0.38461538461538464	WIVQWRPT:0.23076923076923078	VHPPVGKW:0.2564102564102564	VFDETYYV:0.5128205128205128	DETYYVKD:0.41025641025641024	YVVHPPLG:0.38461538461538464	GWLLQLRP:0.23076923076923078	ERTIFTFY:0.28205128205128205	LGLACGVK:0.41025641025641024	ACGVKWSG:0.38461538461538464	GVKWSGLY:0.3333333333333333	WLLQLRPT:0.28205128205128205	GLACGVKW:0.41025641025641024	VHPPLGKW:0.41025641025641024	VVHPPLGK:0.41025641025641024	SVGNPLIW:0.20512820512820512	DETYYVKG:0.23076923076923078	LACGVKWS:0.38461538461538464	VKWSGLYF:0.38461538461538464	CGVKWSGL:0.20512820512820512	SGLYFVAV:0.28205128205128205	GNPLIWWL:0.20512820512820512	GLYFVAVF:0.28205128205128205	VGNPLIWW:0.23076923076923078	KWSGLYFV:0.28205128205128205	WSGLYFVA:0.28205128205128205	ETYYVKGA:0.23076923076923078	GKWMIALG:0.23076923076923078	RWWRLAAG:0.23076923076923078	HSRTSLLD:0.23076923076923078	IFDETYYV:0.23076923076923078	RTIFTFYT:0.23076923076923078	LIFDETYY:0.23076923076923078	ETYYVKDG:0.23076923076923078	AITSVGNP:0.23076923076923078	LYFVAVFG:0.20512820512820512	
