cluster number:1
GT39:67	GT39:67
SPEYVVHP:0.22388059701492538	VHPPLGKW:0.26865671641791045	VVHPPLGK:0.2537313432835821	AAGYLPWF:0.31343283582089554	PEYVVHPP:0.3880597014925373	TYYVKDAW:0.23880597014925373	VKDAWTML:0.22388059701492538	FFYPIWTA:0.208955223880597	AVVFDETY:0.208955223880597	RTTFTFYS:0.208955223880597	FDETYYVK:0.7761194029850746	VVFDETYY:0.208955223880597	ETYYVKDA:0.6567164179104478	VFDETYYV:0.5970149253731343	YVKDAWTM:0.22388059701492538	TTFTFYSI:0.208955223880597	DETYYVKD:0.7611940298507462	AEYVVHPP:0.2537313432835821	YYVKDAWT:0.22388059701492538	DWRAGAIL:0.40298507462686567	RDWRAGAI:0.3880597014925373	LLDIFLMF:0.2835820895522388	TYYVKDAY:0.373134328358209	WRAGAILA:0.2835820895522388	RAGAILAG:0.2537313432835821	WRRRSGLY:0.208955223880597	YAVSFEPF:0.2537313432835821	DRDDGRRR:0.3880597014925373	RMWMPSWI:0.23880597014925373	FYAVSFEP:0.2537313432835821	VVHPPVGK:0.5074626865671642	YVVHPPVG:0.47761194029850745	AVDGHHLV:0.22388059701492538	VAAGYLPW:0.208955223880597	AVSFEPFL:0.2537313432835821	RDDGRRRL:0.3880597014925373	PVGKWMIA:0.34328358208955223	HPPVGKWM:0.373134328358209	GKWMIAAG:0.208955223880597	WAGRRDWR:0.29850746268656714	CLGLAVGT:0.22388059701492538	RTSLLDIF:0.2835820895522388	RRDWRAGA:0.31343283582089554	WWAGRRDW:0.23880597014925373	GRRRLAAR:0.23880597014925373	LLFWWAGR:0.208955223880597	LVFDETYY:0.3582089552238806	SRTSLLDI:0.2835820895522388	LLAVDGHH:0.208955223880597	GLAVGTKW:0.2537313432835821	LGLAVGTK:0.22388059701492538	GRRDWRAG:0.2835820895522388	LAVDGHHL:0.208955223880597	YYVKDAYS:0.3283582089552239	LAAFGALL:0.22388059701492538	PPVGKWMI:0.373134328358209	DDGRRRLA:0.3880597014925373	AGRRDWRA:0.2537313432835821	LAVGTKWS:0.23880597014925373	SGYERSWP:0.208955223880597	YVKDAYSY:0.2537313432835821	VHPPVGKW:0.5223880597014925	GVAAGYLP:0.208955223880597	RRRLAARL:0.23880597014925373	FWWAGRRD:0.22388059701492538	EYVVHPPV:0.417910447761194	LFWWAGRR:0.22388059701492538	TSLLDIFL:0.22388059701492538	DGRRRLAA:0.2537313432835821	TSLGNPLI:0.2537313432835821	LGNPLIWW:0.2835820895522388	VTSLGNPL:0.208955223880597	VMGRPTSF:0.22388059701492538	SLVFDETY:0.2537313432835821	SLGNPLIW:0.2537313432835821	GLKLFGGA:0.208955223880597	SLRLWFWL:0.208955223880597	SFEPFLVL:0.208955223880597	
