cluster number:5
GT39:35	GT39:35
AFEPYLIL:0.34285714285714286	RTVFQFYT:0.2571428571428571	AIVMSRVA:0.4	LAAVLRLW:0.22857142857142856	IAFEPYLI:0.34285714285714286	VFDETFYV:0.6	KDAWTLLH:0.22857142857142856	WIIALGLA:0.2	FAIDGHAI:0.45714285714285713	TFYVKDAW:0.37142857142857144	LLAAVLRL:0.2857142857142857	AVLRLWNL:0.22857142857142856	AIDGHAIV:0.5714285714285714	FDETFYVK:0.6	VHPPLGKW:0.42857142857142855	AAVLRLWN:0.22857142857142856	AGFLFAID:0.42857142857142855	VVHPPLGK:0.4	DGHAIVMS:0.45714285714285713	HPPLGKWI:0.37142857142857144	VLRLWNLG:0.2	HAIVMSRV:0.3142857142857143	LFAIDGHA:0.45714285714285713	AGYLPWLM:0.22857142857142856	VDALARRR:0.22857142857142856	TVFQFYTI:0.2	VKDAWTLL:0.2857142857142857	TLLAAVLR:0.4	GYLPWLMY:0.22857142857142856	IDGHAIVM:0.45714285714285713	ETFYVKDA:0.42857142857142855	LVFDETFY:0.6	AAGYLPWL:0.2857142857142857	GFLFAIDG:0.4857142857142857	FYTIAFEP:0.2	VVDALARR:0.2	FLFAIDGH:0.42857142857142855	GSRLDDWW:0.2	FYVKDAWT:0.2857142857142857	QFYTIAFE:0.2	PPLGKWII:0.37142857142857144	VTLLAAVL:0.2857142857142857	NPLIWWAA:0.2571428571428571	YVKDAWTL:0.42857142857142855	GHAIVMSR:0.45714285714285713	DETFYVKD:0.6	FFYPLWTG:0.22857142857142856	IVMSRVAL:0.37142857142857144	FDETYYVK:0.37142857142857144	ETYYVKDA:0.22857142857142856	VAAGYLPW:0.22857142857142856	AFFYPLWT:0.2	AVTLLAAV:0.2571428571428571	MSRVALLD:0.37142857142857144	VSAFFYPL:0.2	SAFFYPLW:0.2	VMSRVALL:0.37142857142857144	GVAAGYLP:0.22857142857142856	VFDETYYV:0.37142857142857144	DETYYVKD:0.34285714285714286	FVAHPPLG:0.34285714285714286	LLGFGAIL:0.2	RVGLVLMG:0.2	WRVGLVLM:0.2	ITSIANPI:0.2	REWRVGLV:0.2	GPVSFLLL:0.2	TLVFDETF:0.2571428571428571	HLGYEGSW:0.2	RTVFQFYS:0.2	LYVNRTVF:0.2	ALVSAFFY:0.2	AVVGTLAV:0.2	MFFGLLGF:0.2	PVSFLLLV:0.2	TSIANPII:0.2	FQFYSIAF:0.22857142857142856	IANPIIWW:0.2	VNRTVFQF:0.2	VGLVLMGM:0.2	QGPVSFLL:0.22857142857142856	LGFGAILL:0.2	WLLYVNRT:0.2	VFQFYSIA:0.2	LGYEGSWP:0.34285714285714286	GYLPWLLY:0.3142857142857143	FYSIAFEP:0.34285714285714286	AHPPLGKW:0.34285714285714286	LLDRTWHE:0.2	GLVLMGMV:0.2	GAILLDRT:0.2	VAHPPLGK:0.3142857142857143	PWLLYVNR:0.22857142857142856	EWRVGLVL:0.2	YLPWLLYV:0.22857142857142856	QFYSIAFE:0.2	LLYVNRTV:0.2	FGAILLDR:0.22857142857142856	ILLDRTWH:0.2	LPWLLYVN:0.22857142857142856	NRTVFQFY:0.37142857142857144	LVSAFFYP:0.22857142857142856	SIANPIIW:0.2	WRPWLIAA:0.2	YVNRTVFQ:0.2	SIAFEPYL:0.3142857142857143	AILLDRTW:0.2	YSIAFEPY:0.3142857142857143	TAVVGTLA:0.2	TVFQFYSI:0.2	RPWLIAAG:0.22857142857142856	GFGAILLD:0.22857142857142856	VSFLLLVP:0.2	PTSMYYVG:0.2	YFLAFFAV:0.2	HSLVFDET:0.2857142857142857	WWRPWLLA:0.2	GPVLWWRP:0.2571428571428571	RPTSMYYV:0.2	LVFDETYY:0.2857142857142857	WGPVLWWR:0.2571428571428571	LWWRPWLL:0.22857142857142856	PHSLVFDE:0.2857142857142857	VLWWRPWL:0.2571428571428571	PVLWWRPW:0.2571428571428571	FLAFFAVY:0.2	IAGFLFAI:0.2857142857142857	TIAGFLFA:0.2571428571428571	ATIAGFLF:0.22857142857142856	LMYLNRTV:0.2	PWLMYLNR:0.2	WLMYLNRT:0.2	SLVFDETF:0.2	LKQAPATF:0.22857142857142856	PLGKWIIG:0.2	SFVVHPPL:0.2	FVVHPPLG:0.22857142857142856	GNPLIWWA:0.2	HMWLPSWV:0.22857142857142856	HPPLGKWL:0.2571428571428571	PPLGKWLI:0.2571428571428571	
