cluster number:25
GH38:95	GH38:95|3.2.1.24:12|3.2.1.113:5|3.2.1.114:3
FYTDSNGR:0.47368421052631576	YTDSNGRE:0.2736842105263158	IDMIDQTT:0.22105263157894736	AQHHDAVS:0.24210526315789474	QHHDAVSG:0.3684210526315789	HHDAVSGT:0.3684210526315789	WQIDPFGH:0.4421052631578947	FGHSAVQA:0.21052631578947367	GHSAVQAY:0.21052631578947367	IDPFGHSA:0.24210526315789474	TDSNGRDF:0.21052631578947367	TGYFTSRP:0.35789473684210527	YSTPSIYT:0.2	AYWTGYFT:0.22105263157894736	SAVQAYLL:0.2	PFGHSAVQ:0.23157894736842105	DPFGHSAV:0.23157894736842105	GRVNALYS:0.2	YTDSNGRD:0.21052631578947367	QIDPFGHS:0.43157894736842106	HSAVQAYL:0.2	YWTGYFTS:0.3263157894736842	IAQHHDAV:0.2631578947368421	DGRVNALY:0.2	NALYSTPS:0.2	LYSTPSIY:0.2	NAYWTGYF:0.21052631578947367	WTGYFTSR:0.3894736842105263	GWQIDPFG:0.35789473684210527	IDQTTLGH:0.24210526315789474	LKTVDQYY:0.35789473684210527	DPFGHSRE:0.25263157894736843	WLKTVDQY:0.5263157894736842	GWLKTVDQ:0.5368421052631579	DDVGWLKT:0.5684210526315789	IDPFGHSR:0.28421052631578947	HSHDDVGW:0.2	FGHSREQA:0.21052631578947367	VGWLKTVD:0.5157894736842106	SHDDVGWL:0.2	HDDVGWLK:0.5684210526315789	DVGWLKTV:0.5157894736842106	QHAGVQYI:0.21052631578947367	PMEIRTFL:0.30526315789473685	SRPALKRY:0.2736842105263158	GYFTSRPA:0.2736842105263158	MIDQTTLG:0.21052631578947367	HYIDMIDQ:0.22105263157894736	VPHTHDDV:0.21052631578947367	HHDAVTGT:0.22105263157894736	FTSRPALK:0.22105263157894736	HTHDDVGW:0.37894736842105264	LLRLAHLY:0.21052631578947367	YYLAARQL:0.2	QYYVGSNN:0.21052631578947367	GTEKQHVA:0.2	QHHDAVTG:0.22105263157894736	SGAYIFRP:0.4	AGNYYPVN:0.2	PHTHDDVG:0.2631578947368421	LRLAHLYE:0.21052631578947367	YVGSNNSI:0.2	GAYIFRPN:0.3157894736842105	YLAARQLE:0.21052631578947367	DQYYVGSN:0.23157894736842105	YFTSRPAL:0.21052631578947367	THDDVGWL:0.3684210526315789	VLLRLAHL:0.21052631578947367	DMIDQTTL:0.2	YYVGSNNS:0.2	YIDMIDQT:0.22105263157894736	VQYILDSV:0.29473684210526313	LELMVHRR:0.2	LMVHRRLL:0.22105263157894736	ELMVHRRL:0.23157894736842105	PVAGNYYP:0.2631578947368421	DDFFPYAD:0.30526315789473685	FGRLDYQD:0.21052631578947367	LNVHLVPH:0.25263157894736843	WHIDPFGH:0.21052631578947367	RVAWHIDP:0.2	GVQYILDS:0.2631578947368421	FFGRLDYQ:0.21052631578947367	VAWHIDPF:0.2	AWHIDPFG:0.2	AGVQYILD:0.2631578947368421	PRVAWHID:0.2	
