cluster number:29
GH38:33	GH38:33|GH36:1
YGVGNHGG:0.7272727272727273	FYGVGNHG:0.6060606060606061	GNHGGGPT:0.7878787878787878	VGNHGGGP:0.8484848484848485	GVGNHGGG:0.8484848484848485	SGESFVRQ:0.21212121212121213	TFRSALDR:0.24242424242424243	AHIDPVWL:0.24242424242424243	HIDPVWLW:0.2727272727272727	VLFNQFHD:0.42424242424242425	NHGGGPTK:0.30303030303030304	RQGLYGQR:0.30303030303030304	LFNQFHDI:0.48484848484848486	NQFHDILA:0.24242424242424243	FVRQGLYG:0.2727272727272727	VFNPHPWP:0.21212121212121213	GESFVRQG:0.3333333333333333	ESFVRQGL:0.42424242424242425	VRQGLYGQ:0.2727272727272727	FNQFHDIL:0.3939393939393939	SFVRQGLY:0.2727272727272727	QFHDILAG:0.24242424242424243	NHGGGPTR:0.2727272727272727	WWVEPDCN:0.3333333333333333	GWWVEPDC:0.3333333333333333	MIGNAHLD:0.24242424242424243	PDGSRVLA:0.21212121212121213	NAHLDPVW:0.36363636363636365	MVFYGVGN:0.24242424242424243	QVLFNQFH:0.21212121212121213	GCYSAHSG:0.24242424242424243	VPHAGDWR:0.21212121212121213	FLRPGPHE:0.30303030303030304	PTDTWGHR:0.21212121212121213	GNAHLDPV:0.2727272727272727	DPTDTWGH:0.24242424242424243	IGNAHLDP:0.21212121212121213	HLDPVWLW:0.5151515151515151	DDARDQLG:0.24242424242424243	LVPHAGDW:0.21212121212121213	TDTWGHRV:0.21212121212121213	AHLDPVWL:0.5151515151515151	ARDQLGEA:0.24242424242424243	YDDARDQL:0.24242424242424243	GGWWVEPD:0.42424242424242425	VWLWPWQE:0.21212121212121213	DPVWLWPW:0.21212121212121213	VFYGVGNH:0.24242424242424243	DARDQLGE:0.24242424242424243	PVWLWPWQ:0.21212121212121213	NVDPFGHN:0.21212121212121213	TAVRSPVY:0.21212121212121213	VGGWWVEP:0.24242424242424243	LLFNQFHD:0.24242424242424243	EGYQEARA:0.21212121212121213	QFHDILPG:0.24242424242424243	GYQEARAT:0.21212121212121213	FHDILPGS:0.24242424242424243	ATFRSALD:0.21212121212121213	DGSRVLAY:0.21212121212121213	EYPDFVFT:0.21212121212121213	PDFVFTCD:0.21212121212121213	GSRVLAYR:0.21212121212121213	SRVLAYRI:0.21212121212121213	YPDFVFTC:0.21212121212121213	DFVFTCDQ:0.21212121212121213	RVLAYRIP:0.21212121212121213	QGLYGQRY:0.21212121212121213	
