cluster number:3
GH38:9	GH38:9
KIKDEEYI:1.0	LAPMEIRT:1.0	LSAVQNKS:1.0	AVQNKSEM:1.0	QVEGEENV:0.4444444444444444	FIKPSKRN:0.3333333333333333	TFQLEFHD:1.0	VQNKSEMK:1.0	KDEEYIIE:1.0	IIELAPME:1.0	VFIKPSKR:0.2222222222222222	IRTFQLEF:1.0	IELAPMEI:1.0	KSLDWQVE:1.0	EENVFIKP:0.2222222222222222	SEMKSLDW:1.0	EMKSLDWQ:1.0	PMEIRTFQ:1.0	EEYIIELA:1.0	SLDWQVEG:1.0	ENVFIKPS:0.2222222222222222	KRNKIKDE:1.0	DWQVEGEE:0.8888888888888888	YIIELAPM:1.0	MKSLDWQV:1.0	EGEENVFI:0.4444444444444444	SKRNKIKD:1.0	NKSEMKSL:1.0	IKPSKRNK:0.3333333333333333	MEIRTFQL:1.0	KSEMKSLD:1.0	EYIIELAP:1.0	RNKIKDEE:1.0	GEENVFIK:0.4444444444444444	SAVQNKSE:1.0	NVFIKPSK:0.2222222222222222	QNKSEMKS:1.0	NKIKDEEY:1.0	LDWQVEGE:1.0	KPSKRNKI:0.3333333333333333	DEEYIIEL:1.0	APMEIRTF:1.0	VEGEENVF:0.4444444444444444	IKDEEYII:1.0	PSKRNKIK:0.3333333333333333	WQVEGEEN:0.8888888888888888	ELAPMEIR:1.0	RTFQLEFH:1.0	EIRTFQLE:1.0	IFIKHSKR:0.3333333333333333	IKHSKRNK:0.6666666666666666	LNLSAVQN:0.7777777777777778	EENIFIKH:0.3333333333333333	KHSKRNKI:0.6666666666666666	FIKHSKRN:0.6666666666666666	VELNLSAV:0.7777777777777778	NIFIKHSK:0.3333333333333333	IVELNLSA:0.7777777777777778	ELNLSAVQ:0.7777777777777778	QVEGEENI:0.4444444444444444	EGEENIFI:0.4444444444444444	VEGEENIF:0.4444444444444444	NLSAVQNK:0.7777777777777778	EIVELNLS:0.7777777777777778	HSKRNKIK:0.6666666666666666	GEENIFIK:0.4444444444444444	ENIFIKHS:0.3333333333333333	VDLQSLFS:0.5555555555555556	KIKEIVEL:0.5555555555555556	FSSIARVD:0.5555555555555556	DKFSSIAR:0.5555555555555556	RVDLQSLF:0.5555555555555556	FSRRKIKE:0.5555555555555556	DLQSLFSR:0.5555555555555556	IKEIVELN:0.5555555555555556	SSIARVDL:0.5555555555555556	LQSLFSRR:0.5555555555555556	SLFSRRKI:0.5555555555555556	SDKFSSIA:0.5555555555555556	IARVDLQS:0.5555555555555556	SIARVDLQ:0.5555555555555556	ARVDLQSL:0.5555555555555556	QSLFSRRK:0.5555555555555556	LFSRRKIK:0.5555555555555556	RKIKEIVE:0.5555555555555556	KEIVELNL:0.5555555555555556	KFSSIARV:0.5555555555555556	RRKIKEIV:0.5555555555555556	SRRKIKEI:0.5555555555555556	NVFIKHSK:0.2222222222222222	VFIKHSKR:0.2222222222222222	ENVFIKHS:0.2222222222222222	EENVFIKH:0.2222222222222222	
