cluster number:14
GH38:328	GH38:328|3.2.1.24:1
NQFHDIIP:0.49390243902439024	KRPTHWNT:0.25914634146341464	FGNVKRPT:0.24085365853658536	YGVSLLND:0.35060975609756095	DGGGGVNR:0.27439024390243905	RPTHWNTS:0.3079268292682927	WNTSWDYA:0.25914634146341464	NVKRPTHW:0.25609756097560976	PDVFGYSW:0.3018292682926829	LPQILKKS:0.21646341463414634	THIDVAWL:0.4054878048780488	GHTHIDVA:0.4329268292682927	ALPQILKK:0.20426829268292682	HTHIDVAW:0.4268292682926829	SGESLVRQ:0.4420731707317073	IDVAWLWR:0.29573170731707316	DVAWLWRL:0.27439024390243905	FGYSWALP:0.28353658536585363	THWNTSWD:0.3079268292682927	DIQFGNVK:0.24085365853658536	GGGGVNRE:0.23780487804878048	AWLWRLKH:0.24085365853658536	NTSWDYAR:0.24695121951219512	GDGGGGVN:0.2774390243902439	LWLPDVFG:0.5487804878048781	YGYGDGGG:0.3597560975609756	WLPDVFGY:0.5609756097560976	GVSLLNDC:0.21341463414634146	NDCKYGYD:0.24390243902439024	VNREMLEM:0.23170731707317074	RNQFHDII:0.2896341463414634	QFGNVKRP:0.24390243902439024	IPSGESLV:0.22865853658536586	DIIPGSSI:0.38414634146341464	FHDIIPGS:0.45426829268292684	SWDYARFE:0.24390243902439024	LNDCKYGY:0.25609756097560976	QFHDIIPG:0.5030487804878049	DCNIPSGE:0.21036585365853658	GGVNREML:0.2347560975609756	MWLEADCN:0.34146341463414637	LWRLKHTR:0.23170731707317074	GNVKRPTH:0.29878048780487804	ARSFSTVL:0.3475609756097561	NRMPHDTF:0.27439024390243905	VSLLNDCK:0.21341463414634146	GVNREMLE:0.2347560975609756	YGDGGGGV:0.39634146341463417	PTHWNTSW:0.3079268292682927	TFMTTKIS:0.2774390243902439	LLNDCKYG:0.3079268292682927	PSGESLVR:0.28353658536585363	LRNQFHDI:0.31402439024390244	GSSIKEVY:0.27134146341463417	EMLEMRRR:0.21951219512195122	GYSWALPQ:0.28353658536585363	VFGYSWAL:0.28353658536585363	HIDVAWLW:0.4298780487804878	VKRPTHWN:0.25609756097560976	NIPSGESL:0.28353658536585363	RGTYTSQA:0.34146341463414637	EILTHFIT:0.24085365853658536	NSGFESLL:0.23170731707317074	WLWRLKHT:0.24085365853658536	IIPGSSIK:0.2073170731707317	IQFGNVKR:0.24390243902439024	QYNRMPHD:0.23780487804878048	SWALPQIL:0.28353658536585363	HWNTSWDY:0.2530487804878049	RLKHTREK:0.22865853658536586	GGGVNREM:0.2347560975609756	HRGTYTSQ:0.35365853658536583	REMLEMRR:0.2225609756097561	DVFGYSWA:0.28353658536585363	GYGDGGGG:0.5335365853658537	NREMLEMR:0.2225609756097561	WRLKHTRE:0.22865853658536586	YSWALPQI:0.28353658536585363	YNRMPHDT:0.23780487804878048	KYGYDIKD:0.24695121951219512	TSWDYARF:0.24390243902439024	SLLNDCKY:0.2347560975609756	CNIPSGES:0.21036585365853658	VAWLWRLK:0.2347560975609756	FMTTKISW:0.3902439024390244	LPDVFGYS:0.5060975609756098	YDIQFGNV:0.2621951219512195	PGSSIKEV:0.27134146341463417	HDIIPGSS:0.39634146341463417	HIDLAWLW:0.24085365853658536	GGMWVEPD:0.2621951219512195	AHIDLAWL:0.20426829268292682	IDLAWLWP:0.21341463414634146	HDILPGSS:0.36890243902439024	GDGGGGVT:0.23780487804878048	DILPGSSI:0.3475609756097561	HAHIDLAW:0.20121951219512196	FHDILPGS:0.39939024390243905	GHAHIDLA:0.20121951219512196	LLNQFHDI:0.2774390243902439	QFHDILPG:0.29878048780487804	LWSGLEGG:0.25914634146341464	YLEYHRGT:0.25	REKAARSF:0.20426829268292682	LLKVAFPV:0.2682926829268293	TREKAARS:0.2073170731707317	QLLKVAFP:0.2073170731707317	YHRGTYTS:0.3871951219512195	EYHRGTYT:0.39634146341463417	KAARSFST:0.21036585365853658	ELYLEYHR:0.25	VGHTHIDV:0.2652439024390244	HTREKAAR:0.20426829268292682	LYLEYHRG:0.2530487804878049	WSGLEGGG:0.2621951219512195	LEYHRGTY:0.2347560975609756	RLWSGLEG:0.24695121951219512	EKAARSFS:0.21036585365853658	FRLWSGLE:0.25	GELYLEYH:0.24390243902439024	AARSFSTV:0.21036585365853658	TTKISWNQ:0.3170731707317073	GTEILTHF:0.21036585365853658	SSIKEVYD:0.20121951219512196	MTTKISWN:0.3567073170731707	TEILTHFI:0.21036585365853658	DGTEILTH:0.21036585365853658	WNQYNRMP:0.2225609756097561	ISWNQYNR:0.2225609756097561	HQWADLSE:0.20121951219512196	NQYNRMPH:0.21036585365853658	GHQWADLS:0.21951219512195122	VGHQWADL:0.2225609756097561	SWNQYNRM:0.2225609756097561	KISWNQYN:0.2347560975609756	TKISWNQY:0.23170731707317074	FTYSLYPH:0.25914634146341464	GDGGGGPT:0.22560975609756098	
