cluster number:0
AA12:6	AA12:6|AA8:3|CBM1:1
VFWGVENS:0.3333333333333333	IVWDTEGN:0.3333333333333333	TIVWDTEG:0.3333333333333333	GRGLFVGS:0.5	LTAAAWDP:0.3333333333333333	NGLTMSNC:0.5	IAGGLKQV:0.3333333333333333	SDNSAEGE:0.5	RGISVHTF:0.5	RLTAAAWD:0.3333333333333333	SAPIWNTF:0.3333333333333333	HSAPIWNT:0.3333333333333333	VWDTEGNM:0.3333333333333333	GSDNSAEG:0.5	TANGLTMS:0.5	FWGVENSG:0.3333333333333333	FQAHSAPI:0.6666666666666666	VHTFGADG:0.5	PTCFTVWD:0.3333333333333333	SPDGKTLY:0.3333333333333333	GADGCINS:0.3333333333333333	ILVQVGSN:0.3333333333333333	SFQAHSAP:0.3333333333333333	GRAIIKIF:0.3333333333333333	FVGSDNSA:0.5	CFRLTAAA:0.3333333333333333	QAHSAPIW:0.3333333333333333	GLFVGSDN:0.5	PPTGFKVV:0.3333333333333333	ADGCINST:0.3333333333333333	YGYPTCFT:0.5	SVHTFGAD:0.5	GVFWGVEN:0.3333333333333333	QVRTIVWD:0.3333333333333333	WYGYPTCF:0.8333333333333334	LKQVRTIV:0.3333333333333333	KQVRTIVW:0.3333333333333333	RTIVWDTE:0.3333333333333333	TGRAIIKI:0.3333333333333333	HTFGADGC:0.5	VRTIVWDT:0.3333333333333333	RAIIKIFD:0.3333333333333333	WGVENSGD:0.5	DGKTLYAS:0.5	RGLFVGSD:0.5	GLTMSNCF:0.5	SCTANGLT:0.5	SNCFRLTA:0.5	GGLKQVRT:0.3333333333333333	AHSAPIWN:0.3333333333333333	LSFQAHSA:0.3333333333333333	FGADGCIN:0.3333333333333333	AGGLKQVR:0.3333333333333333	GISVHTFG:0.6666666666666666	GLKQVRTI:0.3333333333333333	PDGKTLYA:0.5	DNSAEGEI:0.5	GYPTCFTV:0.5	TCFTVWDP:0.3333333333333333	TMSNCFRL:0.5	LTMSNCFR:0.5	GVENSGDD:0.5	VGSDNSAE:0.5	NCFRLTAA:0.3333333333333333	YPTCFTVW:0.5	CFTVWDPS:0.3333333333333333	FRLTAAAW:0.3333333333333333	MSNCFRLT:0.5	ANGLTMSN:0.5	KIAGGLKQ:0.3333333333333333	CTANGLTM:0.5	LFVGSDNS:0.5	ISVHTFGA:0.5	TFGADGCI:0.3333333333333333	EPVAPADS:0.3333333333333333	DTEGNMLV:0.5	VENSGDDF:0.5	YEPVAPAD:0.3333333333333333	WDTEGNML:0.5	DIHTNNPA:0.3333333333333333	HTNNPAEK:0.3333333333333333	GQRRDIHT:0.3333333333333333	GSWNRQPP:0.3333333333333333	RDIHTNNP:0.3333333333333333	NGQRRDIH:0.3333333333333333	HGSWNRQP:0.6666666666666666	RRDIHTNN:0.3333333333333333	QRRDIHTN:0.3333333333333333	IHTNNPAE:0.3333333333333333	MYVTFHGS:0.5	SWAYDPLT:0.3333333333333333	VRNAWYGY:0.3333333333333333	YGYPTCFS:0.3333333333333333	LVLLQVGS:0.3333333333333333	YNDATCNG:0.3333333333333333	TVRNAWYG:0.3333333333333333	NTRGISVH:0.3333333333333333	LTFQAHSA:0.3333333333333333	NSAEGEIY:0.3333333333333333	TLYASSET:0.3333333333333333	VLLQVGSN:0.3333333333333333	WNRQPATG:0.3333333333333333	TFQAHSAP:0.3333333333333333	GSWNRQPA:0.3333333333333333	YPTCFSVW:0.3333333333333333	KTLYASSE:0.3333333333333333	YVTFHGSW:0.5	FHGSWNRQ:0.5	SWNRQPAT:0.3333333333333333	AGRGLFVG:0.3333333333333333	GKTLYASS:0.5	QNTRGISV:0.3333333333333333	WDPAGRGL:0.3333333333333333	PGSCTANG:0.3333333333333333	GYPTCFSV:0.3333333333333333	NAWYGYPT:0.3333333333333333	KNMYVTFH:0.3333333333333333	VTFHGSWN:0.5	NLVLLQVG:0.3333333333333333	RNAWYGYP:0.3333333333333333	YASSETTL:0.3333333333333333	AKNMYVTF:0.3333333333333333	TFHGSWNR:0.5	PAGRGLFV:0.3333333333333333	NMYVTFHG:0.5	PNLVLLQV:0.3333333333333333	LYASSETT:0.3333333333333333	LLQVGSNS:0.3333333333333333	GSCTANGL:0.3333333333333333	PRLTFQAH:0.3333333333333333	WAYDPLTR:0.3333333333333333	AYDPLTRK:0.3333333333333333	DPAGRGLF:0.3333333333333333	LQVGSNSN:0.3333333333333333	QPNLVLLQ:0.3333333333333333	AWYGYPTC:0.3333333333333333	SYNDATCN:0.3333333333333333	NPGSCTAN:0.3333333333333333	RLTFQAHS:0.3333333333333333	TRGISVHT:0.3333333333333333	
