cluster number:3
AA12:11	AA12:11|CBM1:1
PGEELNFH:0.36363636363636365	SEDGRTLY:0.2727272727272727	VGVAEHPV:0.2727272727272727	GIWSVENS:0.36363636363636365	PDLLLVSR:0.36363636363636365	GGIWSVEN:0.2727272727272727	QIRAFNIS:0.2727272727272727	LFVSSDAT:0.2727272727272727	VSSDATGE:0.2727272727272727	WGLRNSVG:0.6363636363636364	ISQIRAFN:0.2727272727272727	SQIRAFNI:0.2727272727272727	GLRNSVGV:0.5454545454545454	DLLLVSRG:0.36363636363636365	SDATGEIW:0.2727272727272727	RLFVSSDA:0.2727272727272727	DATGEIWV:0.2727272727272727	SVGVAEHP:0.36363636363636365	DNPGEELN:0.2727272727272727	FVSSDATG:0.2727272727272727	SSDATGEI:0.2727272727272727	LRNSVGVA:0.5454545454545454	WSVENSAD:0.36363636363636365	LLLVSRGS:0.36363636363636365	IWSVENSA:0.36363636363636365	RNSVGVAE:0.5454545454545454	NSVGVAEH:0.36363636363636365	ATGEIWVV:0.2727272727272727	NPGEELNF:0.45454545454545453	GISQIRAF:0.2727272727272727	GWGLRNSV:0.6363636363636364	VGWGLRNS:0.2727272727272727	GEELNFHG:0.36363636363636365	LSEDGRTL:0.2727272727272727	SFHGSWNR:0.36363636363636365	LLVSRGSA:0.2727272727272727	NPGEELNY:0.2727272727272727	CFRPVGLA:0.45454545454545453	GEELNYHG:0.2727272727272727	FHGSWNRD:0.36363636363636365	PGEELNYH:0.2727272727272727	VSFHGSWN:0.2727272727272727	GGIYSVEN:0.2727272727272727	SDSTGEIY:0.2727272727272727	APLDIKFN:0.2727272727272727	SSDSTGEI:0.36363636363636365	NNPGEELN:0.2727272727272727	FSSDSTGE:0.2727272727272727	
