cluster number:3
GH77:186	GH77:186|CBM20:134|2.4.1.25:2|GH13:1
LGFFRIWE:0.532258064516129	HILGFFRI:0.7526881720430108	DHILGFFR:0.7526881720430108	AVPVFSLR:0.2849462365591398	MLVCGEDL:0.21505376344086022	ILGFFRIW:0.7526881720430108	LVCGEDLG:0.22043010752688172	ILPINDTT:0.3548387096774194	KGDLPIGI:0.21505376344086022	MLICGEDL:0.21505376344086022	CGEDLGMV:0.3225806451612903	RIDHILGF:0.6290322580645161	LICGEDLG:0.22580645161290322	GAPPDDFS:0.24731182795698925	AGAPPDDF:0.26344086021505375	QAGAPPDD:0.26344086021505375	IDHILGFF:0.6182795698924731	QILPINDT:0.3655913978494624	GEDLGMVP:0.3225806451612903	EDLGMVPD:0.20967741935483872	NGQAGAPP:0.26344086021505375	GFFRIWEI:0.43010752688172044	YFDAYRID:0.24193548387096775	TWTDSYPY:0.20967741935483872	GQAGAPPD:0.26881720430107525	GFPTYNWD:0.20967741935483872	NWGFPTYN:0.5268817204301075	KGDIPIGV:0.21505376344086022	NGQNWGFP:0.510752688172043	LKGDIPIG:0.3387096774193548	QNWGFPTY:0.5645161290322581	HYWRYRMH:0.3763440860215054	FFRIWEIP:0.41935483870967744	GQNWGFPT:0.5645161290322581	GVGDFGDL:0.20430107526881722	WGFPTYNW:0.521505376344086	VHGLLGQF:0.23118279569892472	FDAYRIDH:0.25268817204301075	PVFSLRSE:0.26881720430107525	AYRIDHIL:0.23655913978494625	YRIDHILG:0.25268817204301075	LEIQRMPK:0.20430107526881722	VCGEDLGM:0.20430107526881722	VNGQNWGF:0.25268817204301075	SVEAWTEP:0.22043010752688172	QLLPINDT:0.24731182795698925	IQLLPIND:0.20967741935483872	
