cluster number:23
CBM14:33	CBM14:33|GH18:32|3.2.1.14:3
LLKDLKEA:0.24242424242424243	LLLKDLKE:0.24242424242424243	IDPAYDVP:0.21212121212121213	GSWAVYRP:0.2727272727272727	LGYNEICE:0.3939393939393939	AIGGWNEG:0.2727272727272727	YGSWAVYR:0.36363636363636365	IGGWNEGS:0.30303030303030304	LLTAAVSA:0.24242424242424243	SWAVYRPG:0.30303030303030304	IDPFLCTH:0.21212121212121213	YYGSWAVY:0.36363636363636365	CYYGSWAV:0.3333333333333333	LTAAVSAG:0.5454545454545454	TAAVSAGK:0.5151515151515151	HLIFGFAG:0.21212121212121213	SGLYAHPD:0.24242424242424243	GLYAHPDD:0.24242424242424243	MVCYYGSW:0.2727272727272727	THLIFGFA:0.21212121212121213	AMHEPYVY:0.24242424242424243	TQRGGAPE:0.2727272727272727	WEYPTQRG:0.5454545454545454	YAHPDDTG:0.2727272727272727	QGVPLYGR:0.24242424242424243	MDWEYPTQ:0.45454545454545453	QRGGAPED:0.2727272727272727	EGVMVCYY:0.21212121212121213	VLDPWNEL:0.5454545454545454	GFDGLDMD:0.30303030303030304	DMDWEYPT:0.48484848484848486	DPWNELCD:0.36363636363636365	PLYGRCWT:0.36363636363636365	EYPTQRGG:0.5454545454545454	LIFGFAGL:0.21212121212121213	AVGGWNEG:0.42424242424242425	LYGRCWTL:0.36363636363636365	HPDDTGDN:0.2727272727272727	NELCDNYG:0.2727272727272727	FDGLDMDW:0.48484848484848486	VGGWNEGS:0.5151515151515151	LAVGGWNE:0.42424242424242425	LYAHPDDT:0.2727272727272727	TDDFKGKC:0.21212121212121213	PWNELCDN:0.2727272727272727	CTHLIFGF:0.24242424242424243	DLKEALHA:0.21212121212121213	AHPDDTGD:0.24242424242424243	LDPWNELC:0.5454545454545454	DWEYPTQR:0.5454545454545454	PTQRGGAP:0.30303030303030304	ELCDNYGK:0.2727272727272727	LAGMMVWS:0.21212121212121213	DGLDMDWE:0.48484848484848486	PGMLGYNE:0.2727272727272727	TEGVMVCY:0.24242424242424243	MHEPYVYS:0.24242424242424243	GLDMDWEY:0.5454545454545454	LDMDWEYP:0.5454545454545454	THHQSGLY:0.3333333333333333	DPAMHEPY:0.3333333333333333	SLTEGVMV:0.21212121212121213	YTHHQSGL:0.3333333333333333	QSGLYAHP:0.36363636363636365	HGFDGLDM:0.30303030303030304	PGINADPD:0.24242424242424243	GMLGYNEI:0.2727272727272727	HQSGLYAH:0.36363636363636365	YAPAHQPG:0.24242424242424243	VPLYGRCW:0.24242424242424243	IFGFAGLG:0.21212121212121213	HHQSGLYA:0.3333333333333333	LTEGVMVC:0.24242424242424243	SWAVYRQG:0.30303030303030304	GVPLYGRC:0.2727272727272727	YPTQRGGA:0.30303030303030304	VMVCYYGS:0.24242424242424243	LCDNYGKC:0.30303030303030304	ILAVGGWN:0.2727272727272727	GVMVCYYG:0.24242424242424243	LSLTEGVM:0.21212121212121213	PAMHEPYV:0.24242424242424243	MLGYNEIC:0.2727272727272727	WNELCDNY:0.2727272727272727	VCYYGSWA:0.2727272727272727	GSWAVYRQ:0.2727272727272727	LGIPLYGR:0.2727272727272727	YDLHGAWD:0.24242424242424243	FDVEDIDP:0.42424242424242425	MVWSVETD:0.36363636363636365	AVSAGKAT:0.2727272727272727	GKFDVEDI:0.36363636363636365	VSAGKATI:0.2727272727272727	KFDVEDID:0.36363636363636365	WSVETDDF:0.42424242424242425	VWSVETDD:0.36363636363636365	KHGFDGLD:0.24242424242424243	SAGKATID:0.2727272727272727	AAVSAGKA:0.24242424242424243	NKIKVLDP:0.21212121212121213	WNEGSTKY:0.2727272727272727	GWNEGSTK:0.2727272727272727	KVLDPWNE:0.21212121212121213	IKVLDPWN:0.2727272727272727	GGWNEGST:0.3333333333333333	KIKVLDPW:0.21212121212121213	NEGSTKYS:0.2727272727272727	GPYTRSPG:0.24242424242424243	VCYFSSWA:0.24242424242424243	GFLGYNEI:0.21212121212121213	FLGYNEIC:0.21212121212121213	
