cluster number:6
CBM14:19	CBM14:19
CSEGLHFN:0.2631578947368421	IHHLLPHE:0.2631578947368421	ERDCAPGT:0.21052631578947367	KVERDCAP:0.21052631578947367	VERDCAPG:0.21052631578947367	GLHFNPST:0.2631578947368421	EGLHFNPS:0.2631578947368421	CNVAPWAH:0.2631578947368421	SEGLHFNP:0.2631578947368421	TTQAPTTT:0.3157894736842105	TTTTQAPT:0.3157894736842105	TQAPTTTT:0.3157894736842105	TTTQAPTT:0.3157894736842105	TTTTTQAP:0.21052631578947367	TTTTPAPT:0.3157894736842105	PTTTTTTT:0.2631578947368421	TTTTTTPA:0.3157894736842105	TTTTTTTT:0.3157894736842105	TTPEPTTT:0.21052631578947367	TTTTTTTP:0.3157894736842105	TTTPAPTT:0.3157894736842105	TPEPTTTT:0.21052631578947367	TPAPTTTT:0.3157894736842105	PEPTTTTT:0.21052631578947367	PAPTTTTT:0.3157894736842105	APTTTTTT:0.2631578947368421	LLPHETDC:0.3157894736842105	TTPAPTTT:0.3157894736842105	TTTTPEPT:0.21052631578947367	TTTPEPTT:0.21052631578947367	TTTTTPAP:0.3157894736842105	DIHHLLPH:0.21052631578947367	EVHFLLPH:0.21052631578947367	EEYCNKFY:0.21052631578947367	VHFLLPHE:0.21052631578947367	PHETDCDK:0.3684210526315789	CPPAEVHF:0.21052631578947367	LDNGCPAD:0.21052631578947367	FDIHHLLP:0.21052631578947367	TTAAPTTT:0.21052631578947367	HPDCPPAE:0.21052631578947367	GCPADFDI:0.2631578947368421	CDKFYYCV:0.3157894736842105	GFVPLPNG:0.21052631578947367	FVPLPNGC:0.21052631578947367	PHEYDCTK:0.3157894736842105	FYYCVHGE:0.21052631578947367	YCNKFYYC:0.21052631578947367	LPNGCPAD:0.42105263157894735	HHLLPHET:0.21052631578947367	LPHEYDCT:0.3157894736842105	DFDIHHLL:0.21052631578947367	ETDCDKFY:0.42105263157894735	DFLDNGCP:0.21052631578947367	HETDCDKF:0.42105263157894735	GCPADFDV:0.21052631578947367	KFYYCEYG:0.3157894736842105	ECNVAPWA:0.21052631578947367	FLDNGCPA:0.21052631578947367	HFLLPHEY:0.21052631578947367	PHEEYCNK:0.21052631578947367	ITCSEGLH:0.21052631578947367	HEEYCNKF:0.21052631578947367	AEVHFLLP:0.21052631578947367	TDCDKFYY:0.2631578947368421	EYCNKFYY:0.21052631578947367	VHHLLPHE:0.21052631578947367	CTKFYYCE:0.3157894736842105	PLPNGCPA:0.3157894736842105	YYCEYGLK:0.3157894736842105	TCSEGLHF:0.21052631578947367	PAEVHFLL:0.21052631578947367	DVHHLLPH:0.21052631578947367	DNGCPADF:0.21052631578947367	EYDCTKFY:0.3157894736842105	PNGCPADF:0.42105263157894735	LPHETDCD:0.2631578947368421	FDVHHLLP:0.21052631578947367	LLPHEYDC:0.3684210526315789	VPLPNGCP:0.21052631578947367	LLPHEEYC:0.21052631578947367	FLLPHEYD:0.21052631578947367	CPADFDIH:0.2631578947368421	DCDKFYYC:0.2631578947368421	DCPPAEVH:0.21052631578947367	LPHEEYCN:0.21052631578947367	HLLPHETD:0.21052631578947367	FYYCEYGL:0.3157894736842105	CPADFDVH:0.21052631578947367	NGCPADFD:0.3157894736842105	DCTKFYYC:0.3157894736842105	TKFYYCEY:0.3157894736842105	CDFLDNGC:0.21052631578947367	HEYDCTKF:0.3157894736842105	YDCTKFYY:0.3157894736842105	PPAEVHFL:0.21052631578947367	LLPNGCPA:0.21052631578947367	LLPHESDC:0.21052631578947367	APTAAPST:0.21052631578947367	
