cluster number:29
CBM14:11	CBM14:11
FHKLKDMH:0.36363636363636365	LAPDPYDC:0.9090909090909091	CPNGYHGL:0.2727272727272727	GYHGLAPD:0.6363636363636364	GLAPDPYD:0.9090909090909091	YHGLAPDP:0.6363636363636364	WLLLALFI:0.7272727272727273	APDPYDCN:0.2727272727272727	HKLKDMHY:0.2727272727272727	MWLLLALF:0.7272727272727273	KLKDMHYD:0.2727272727272727	HGLAPDPY:0.6363636363636364	KLVVFHKL:0.36363636363636365	YCMPGQQF:0.36363636363636365	QNCVPASL:0.2727272727272727	YDCDSYYV:0.36363636363636365	CDSYYVCP:0.36363636363636365	FDVVEQNC:0.2727272727272727	EQNCVPAS:0.2727272727272727	IIVKLVVF:0.36363636363636365	LLLALFII:0.5454545454545454	LFYCMPGQ:0.2727272727272727	VKLVVFHK:0.36363636363636365	MPGQQFDV:0.45454545454545453	PYDCDSYY:0.6363636363636364	PDPYDCDS:0.6363636363636364	LLALFIIV:0.36363636363636365	DPYDCDSY:0.6363636363636364	GQQFDVVE:0.2727272727272727	LFIIVKLV:0.36363636363636365	VEQNCVPA:0.2727272727272727	DVVEQNCV:0.2727272727272727	QLFYCMPG:0.2727272727272727	FIIVKLVV:0.36363636363636365	PGQQFDVV:0.2727272727272727	CMPGQQFD:0.45454545454545453	IVKLVVFH:0.36363636363636365	VVEQNCVP:0.2727272727272727	FYCMPGQQ:0.36363636363636365	QFDVVEQN:0.2727272727272727	APDPYDCD:0.6363636363636364	LALFIIVK:0.36363636363636365	ALFIIVKL:0.36363636363636365	DCDSYYVC:0.36363636363636365	QQFDVVEQ:0.2727272727272727	CPSGYHGL:0.2727272727272727	RLYKSLLL:0.45454545454545453	LVVFHKLQ:0.2727272727272727	GRLYKSLL:0.45454545454545453	PSGYHGLA:0.2727272727272727	SGYHGLAP:0.2727272727272727	DPYDCNSY:0.2727272727272727	VPASLETG:0.2727272727272727	EQKCVPAS:0.2727272727272727	SLETGCIG:0.2727272727272727	LETGCIGR:0.2727272727272727	VLEQKCVP:0.2727272727272727	ASLETGCI:0.2727272727272727	PASLETGC:0.2727272727272727	PDPYDCNS:0.2727272727272727	YGLAPDPY:0.2727272727272727	QKCVPASL:0.2727272727272727	GYYGLAPD:0.2727272727272727	CVPASLET:0.2727272727272727	LEQKCVPA:0.2727272727272727	YYGLAPDP:0.2727272727272727	GCIGRLYK:0.36363636363636365	GRLYKNLL:0.2727272727272727	TGCIGRLY:0.36363636363636365	RLYKNLLL:0.2727272727272727	ETGCIGRL:0.2727272727272727	DLHFDFHV:0.2727272727272727	KDLHFDFH:0.2727272727272727	
