cluster number:6
GH27:31	GH27:31|CBM35:20|CBM13:12|CBM0:1|3.2.1.88:1
FVKVDFCG:0.22580645161290322	EYVNIDEG:0.22580645161290322	NDPDMMVA:0.25806451612903225	HTGYYNDP:0.5161290322580645	YNDPDMMV:0.25806451612903225	YDHDFLQF:0.25806451612903225	GWSSWNSL:0.3225806451612903	HYDHDFLQ:0.22580645161290322	AGIYIDAG:0.22580645161290322	APMILGND:0.2903225806451613	DFVKVDFC:0.22580645161290322	AHYDHDFL:0.22580645161290322	QRAVVLFN:0.22580645161290322	GFDFVKVD:0.25806451612903225	YVNIDEGW:0.45161290322580644	VKVDFCGG:0.22580645161290322	VNIDEGWW:0.45161290322580644	LKAGIYID:0.3225806451612903	LWAIAGAP:0.22580645161290322	GLKAGIYI:0.2903225806451613	MGWSSWNS:0.2903225806451613	YEYVNIDE:0.22580645161290322	GYYNDPDM:0.5161290322580645	HDFLQFAQ:0.2903225806451613	TGYYNDPD:0.5161290322580645	DHDFLQFA:0.25806451612903225	RAVVLFNN:0.22580645161290322	GAPMILGN:0.2903225806451613	QHTGYYND:0.5483870967741935	DFLQFAQW:0.2903225806451613	KAGIYIDA:0.22580645161290322	WGFDFVKV:0.25806451612903225	FLQFAQWG:0.2903225806451613	YYNDPDMM:0.25806451612903225	GIYIDAGP:0.22580645161290322	KGLKAGIY:0.7741935483870968	AQWGYDFV:0.22580645161290322	SKGLKAGI:0.5806451612903226	AQHTGYYN:0.3548387096774194	PMGWSSWN:0.22580645161290322	FAQWGYDF:0.22580645161290322	DVGYIGNG:0.22580645161290322	QWGYDFVK:0.22580645161290322	HSKGLKAG:0.5806451612903226	WAPDIDGI:0.22580645161290322	GWAPDIDG:0.22580645161290322	LQFAQWGY:0.22580645161290322	QFAQWGYD:0.22580645161290322	GYDFVKVD:0.22580645161290322	ADGLAALN:0.22580645161290322	YIHSKGLK:0.6129032258064516	WGYDFVKV:0.22580645161290322	IHSKGLKA:0.5483870967741935	PPMGWSSW:0.22580645161290322	WRTTGDIY:0.22580645161290322	GAPLLAGN:0.3870967741935484	DPRGLQGV:0.25806451612903225	GMKAIADY:0.3225806451612903	AIADYIHS:0.3225806451612903	QGVKVAED:0.3548387096774194	LQGVKVAE:0.3548387096774194	KAIADYIH:0.2903225806451613	WPGGMKAI:0.3225806451612903	LKAGIYTD:0.5161290322580645	IADYIHSK:0.3225806451612903	MKAIADYI:0.2903225806451613	YGNKCLDA:0.22580645161290322	PMGWASWN:0.41935483870967744	AGIYTDAG:0.45161290322580644	DYIHSKGL:0.45161290322580644	KAGIYTDA:0.45161290322580644	GGMKAIAD:0.3225806451612903	MGWASWNS:0.2903225806451613	GLQGVKVA:0.3548387096774194	QDPRGLQG:0.25806451612903225	GIYTDAGK:0.3870967741935484	RGLQGVKV:0.3225806451612903	PRGLQGVK:0.25806451612903225	PGGMKAIA:0.3225806451612903	ADYIHSKG:0.3225806451612903	GLKAGIYT:0.5483870967741935	YYNDPDML:0.25806451612903225	VKVDWCGG:0.45161290322580644	AVDQDPRG:0.22580645161290322	HPTAQHTG:0.25806451612903225	AISGAPLL:0.25806451612903225	VIAVDQDP:0.25806451612903225	WAISGAPL:0.2903225806451613	RAVVLLNR:0.22580645161290322	SGAPLLAG:0.3548387096774194	VDQDPRGL:0.22580645161290322	EVIAVDQD:0.22580645161290322	GSGSEGHY:0.3225806451612903	FVKVDWCG:0.25806451612903225	PLLAGNDL:0.22580645161290322	DQDPRGLQ:0.22580645161290322	TAQHTGYY:0.25806451612903225	PGSGSEGH:0.3225806451612903	DFVKVDWC:0.25806451612903225	PTAQHTGY:0.25806451612903225	ISGAPLLA:0.2903225806451613	AVVLLNRT:0.22580645161290322	APMGWASW:0.25806451612903225	APLLAGND:0.22580645161290322	APGSGSEG:0.3225806451612903	LWAISGAP:0.3870967741935484	QWPGGMKA:0.22580645161290322	LLNRTSAA:0.25806451612903225	
