cluster number:34
GH27:21	GH27:21|3.2.1.22:7
DMLEVGNG:0.2857142857142857	NSWRISGD:0.5238095238095238	SPLILGND:0.6190476190476191	LDMLEVGN:0.42857142857142855	GAWNDLDM:0.5238095238095238	LKYDNCYN:0.47619047619047616	NDLDMLEV:0.38095238095238093	PGAWNDLD:0.47619047619047616	PLILGNDL:0.47619047619047616	LEVGNGGM:0.3333333333333333	YLKYDNCY:0.47619047619047616	DYLKYDNC:0.7619047619047619	IDYLKYDN:0.2857142857142857	NNGLARTP:0.3333333333333333	MLEVGNGG:0.2857142857142857	ARTPQMGW:0.3333333333333333	DLDMLEVG:0.42857142857142855	AWNDLDML:0.5238095238095238	ANSWRISG:0.47619047619047616	LARTPQMG:0.3333333333333333	ALNATGRP:0.3333333333333333	GLARTPQM:0.3333333333333333	KSPLILGN:0.6190476190476191	NGLARTPQ:0.3333333333333333	LNATGRPI:0.23809523809523808	GIDYLKYD:0.2857142857142857	WNDLDMLE:0.5238095238095238	KALNATGR:0.23809523809523808	TPQMGWNT:0.42857142857142855	ILYSMCNW:0.3333333333333333	LKSPLILG:0.3333333333333333	QMGWNTWN:0.42857142857142855	KYDNCYNE:0.2857142857142857	IANSWRIS:0.38095238095238093	YSMCNWGE:0.3333333333333333	WGVDYLKY:0.2857142857142857	PILYSMCN:0.3333333333333333	LYSMCNWG:0.3333333333333333	SMCNWGED:0.3333333333333333	SWRISGDI:0.42857142857142855	VDYLKYDN:0.38095238095238093	PQMGWNTW:0.42857142857142855	TGRPILYS:0.3333333333333333	YDNCYNEG:0.2857142857142857	GVDYLKYD:0.3333333333333333	RISGDIYP:0.2857142857142857	RPILYSLC:0.23809523809523808	YLKYDNCF:0.38095238095238093	MGWNTWNT:0.23809523809523808	GWNTWNTF:0.2857142857142857	WNTFACNI:0.2857142857142857	WNTWNTFA:0.2857142857142857	NTWNTFAC:0.2857142857142857	TWNTFACN:0.2857142857142857	PKLSFDRY:0.3333333333333333	GTPKLSFD:0.3333333333333333	LYSLCNWG:0.2857142857142857	LSFDRYNA:0.23809523809523808	SFDRYNAM:0.23809523809523808	TPKLSFDR:0.3333333333333333	WGIDYLKY:0.23809523809523808	KLSFDRYN:0.2857142857142857	GIYSSAGV:0.23809523809523808	DGNTQLWK:0.23809523809523808	CWQADQRD:0.23809523809523808	GQKAYPGA:0.23809523809523808	EIANSWRI:0.23809523809523808	ESLVHFSM:0.23809523809523808	WRISGDIY:0.2857142857142857	KNKHVIDI:0.23809523809523808	DDRCPCTD:0.23809523809523808	KAYPGAWN:0.23809523809523808	TYAVAAIN:0.23809523809523808	YPGAWNDL:0.23809523809523808	RCPCTDIT:0.23809523809523808	ILGNDLTK:0.23809523809523808	AIIKNKHV:0.23809523809523808	TEIANSWR:0.23809523809523808	LEVGNRGL:0.23809523809523808	ATEIANSW:0.23809523809523808	AYPGAWND:0.23809523809523808	QTRAIIKN:0.23809523809523808	MCNWGEDW:0.23809523809523808	RAIIKNKH:0.23809523809523808	DDDRCPCT:0.23809523809523808	MTNQTRAI:0.23809523809523808	DMLEVGNR:0.23809523809523808	WGEDWPWL:0.23809523809523808	DESLVHFS:0.23809523809523808	LKAGIYSS:0.23809523809523808	LILGNDLT:0.3333333333333333	LDESLVHF:0.23809523809523808	LGNDLTKM:0.23809523809523808	LGLKAGIY:0.23809523809523808	NQTRAIIK:0.23809523809523808	IKNKHVID:0.23809523809523808	DRCPCTDI:0.23809523809523808	IIKNKHVI:0.23809523809523808	TNQTRAII:0.23809523809523808	LGQKAYPG:0.23809523809523808	CNWGEDWP:0.23809523809523808	SGDIYPSF:0.23809523809523808	TRAIIKNK:0.23809523809523808	AGIYSSAG:0.2857142857142857	MLEVGNRG:0.23809523809523808	GDIYPSFN:0.23809523809523808	NWGEDWPW:0.23809523809523808	SLVHFSMW:0.23809523809523808	QKAYPGAW:0.23809523809523808	KAGIYSSA:0.2857142857142857	ISGDIYPS:0.23809523809523808	GNTQLWKI:0.23809523809523808	NTFACNIS:0.23809523809523808	GLKAGIYS:0.23809523809523808	GIYSSAGT:0.23809523809523808	SALNNGLA:0.23809523809523808	LNNGLART:0.23809523809523808	ALNNGLAR:0.23809523809523808	RTPQMGWN:0.23809523809523808	GYNYVVID:0.23809523809523808	
