cluster number:12
GH27:30	GH27:30|CBM51:15
DLWRQKDL:0.23333333333333334	PPMGWNSW:0.5	FGIYSSPG:0.2	EVIAVNQD:0.23333333333333334	WGVDYLKY:0.26666666666666666	VIAVNQDP:0.2	VNIDDGWE:0.23333333333333334	NIDDGWEA:0.23333333333333334	PDMLVVGK:0.26666666666666666	IAVNQDPL:0.2	NDPDMLVV:0.6	MGWNSWNC:0.4666666666666667	GLKFGIYS:0.26666666666666666	LTPPMGWN:0.5666666666666667	GWNSWNCW:0.36666666666666664	LKFGIYSS:0.2	TPPMGWNS:0.5	DPDMLVVG:0.6333333333333333	RDLWRQKD:0.3333333333333333	LWRQKDLG:0.23333333333333334	KFGIYSSP:0.2	PMGWNSWN:0.5	GVDYLKYD:0.26666666666666666	GFDYLKYD:0.3333333333333333	PGHWNDPD:0.36666666666666664	VFGVRPGS:0.2	GHWNDPDM:0.36666666666666664	WNSWNCWG:0.3	FGVRPGSP:0.2	HWNDPDML:0.26666666666666666	DDFTLNLL:0.2	KFPDMKGL:0.23333333333333334	FDYLKYDW:0.3333333333333333	WGFDYLKY:0.3333333333333333	PLLIGCDM:0.36666666666666664	DYLKYDWC:0.5333333333333333	AVNQDPLG:0.23333333333333334	WNDPDMLV:0.43333333333333335	VRDLWRQK:0.26666666666666666	FTLSLLTN:0.23333333333333334	SLLTNDEV:0.2	LLTNDEVL:0.26666666666666666	LKYDWCSY:0.4	GIYSSPGP:0.36666666666666664	KYDWCSYG:0.3	IDYLKYDW:0.26666666666666666	YLKYDWCS:0.4	WGIDYLKY:0.26666666666666666	GIDYLKYD:0.26666666666666666	ALTPPMGW:0.5	VNQDPLGK:0.2	QDPLGKQA:0.26666666666666666	NQDPLGKQ:0.23333333333333334	QYTHISLW:0.3	EQYTHISL:0.3	APLLIGCD:0.3333333333333333	LSAPLLIG:0.2	YTHISLWS:0.2	SAPLLIGC:0.36666666666666664	LLTNDEVI:0.23333333333333334	NLLTNDEV:0.3	LTNDEVIA:0.2	PDEQYTHI:0.2	IALTPPMG:0.3333333333333333	DEQYTHIS:0.26666666666666666	DYLKYDWN:0.2	YLKYDWNP:0.2	NSWRTTGD:0.2	SWRTTGDI:0.2	FTLNLLTN:0.23333333333333334	LTNDEVLA:0.2	TLNLLTND:0.2	LNLLTNDE:0.2	
