cluster number:1
GH27:318	GH27:318|CBM51:68|3.2.1.22:25|CBM13:18|CBM35:4|CBM6:3|CBM1:2|CBM64:1|CBM32:1|2.4.1.-:1|GH134:1
DMLEVGNG:0.6540880503144654	PPMGWNSW:0.31446540880503143	NDPDMLEV:0.6352201257861635	FPSGIKAL:0.22955974842767296	DPDMLEVG:0.6666666666666666	GPGHWNDP:0.2610062893081761	EVGNGGMT:0.42138364779874216	LEVGNGGM:0.49056603773584906	YAGPGHWN:0.22641509433962265	PGHWNDPD:0.279874213836478	PDMLEVGN:0.6540880503144654	MLEVGNGG:0.5	GHWNDPDM:0.2830188679245283	AGPGHWND:0.2672955974842767	HWNDPDML:0.2672955974842767	TPPMGWNS:0.27672955974842767	WNDPDMLE:0.6666666666666666	PMGWNSWN:0.3113207547169811	GLKLGIYS:0.27044025157232704	LADYVHSK:0.20754716981132076	KALADYVH:0.36163522012578614	YVHSKGLK:0.3270440251572327	LWRTTGDI:0.31761006289308175	KGLKLGIY:0.34276729559748426	WGIDYLKY:0.31446540880503143	DYVHSKGL:0.3270440251572327	ADYVHSKG:0.3018867924528302	GIDYLKYD:0.31761006289308175	WGVDYLKY:0.4559748427672956	DYLKYDNC:0.5817610062893082	VDYLKYDN:0.37735849056603776	YVNIDDCW:0.2893081761006289	YLKYDNCN:0.3333333333333333	GVDYLKYD:0.46855345911949686	RTTGDISD:0.20440251572327045	LKYDNCNN:0.27672955974842767	WRTTGDIS:0.2169811320754717	IKALADYV:0.2578616352201258	PGGWNDPD:0.27672955974842767	SGIKALAD:0.2138364779874214	GGWNDPDM:0.27358490566037735	GWNDPDML:0.2830188679245283	GIKALADY:0.2641509433962264	GPGGWNDP:0.20754716981132076	PSGIKALA:0.2169811320754717	
