cluster number:20
GH27:167	GH27:167|CBM51:8|CBM13:2|CBM6:1|GH43_29:1|3.2.1.88:1
VDIQWYEP:0.4311377245508982	VVVDIQWY:0.30538922155688625	DADMLPLG:0.281437125748503	VVDIQWYE:0.3652694610778443	DMLPLGRI:0.2155688622754491	RSPLMFGG:0.30538922155688625	NSICPWNT:0.2275449101796407	KFGIHIMR:0.5209580838323353	WSIFRSPL:0.24550898203592814	HSLGLKFG:0.23952095808383234	DCDMLPLG:0.3413173652694611	IHIMRGIP:0.41317365269461076	GLKFGIHI:0.5568862275449101	PDCDMLPL:0.33532934131736525	VKVDDIAA:0.2215568862275449	GWNSWDCY:0.5029940119760479	GFKPLADY:0.2694610778443114	PWNTDMYG:0.25748502994011974	GGELRDND:0.23353293413173654	RPMVLSLS:0.281437125748503	GRPMVLSL:0.281437125748503	FGIHIMRG:0.5688622754491018	FGGELRDN:0.2155688622754491	IMRGIPRQ:0.2874251497005988	NSWDCYGA:0.33532934131736525	NTDMYGVD:0.2994011976047904	ICPWNTDM:0.25748502994011974	CDMLPLGH:0.25149700598802394	VLSLSPGP:0.4491017964071856	SICPWNTD:0.25748502994011974	GIHIMRGI:0.47305389221556887	SLSPGPAP:0.2754491017964072	SLGLKFGI:0.23952095808383234	WNSWDCYG:0.49101796407185627	CPWNTDMY:0.25748502994011974	WPDCDMLP:0.30538922155688625	WNTDMYGV:0.32335329341317365	PMVLSLSP:0.2694610778443114	LKFGIHIM:0.5089820359281437	LGLKFGIH:0.41916167664670656	MVLSLSPG:0.38323353293413176	WTLSLLTN:0.23353293413173654	TDMYGVDA:0.23353293413173654	LWSIFRSP:0.23353293413173654	HIMRGIPR:0.3772455089820359	MRGIPRQA:0.3712574850299401	KVDDIAAS:0.2155688622754491	LSLSPGPA:0.4311377245508982	GAQEYYNS:0.23952095808383234	PAVNRFPS:0.2934131736526946	GWEYVVVD:0.281437125748503	RGIPRQAV:0.33532934131736525	AVNRFPSA:0.24550898203592814	YVVVDIQW:0.2634730538922156	IVLSLSPG:0.20359281437125748	WEYVVVDI:0.281437125748503	EYVVVDIQ:0.23353293413173654	PMGWNSWD:0.5329341317365269	MGWNSWDC:0.48502994011976047	PPMGWNSW:0.5988023952095808	GVDFVKVD:0.2155688622754491	SPLMFGGE:0.20359281437125748	WGVDFVKV:0.20958083832335328	IFRSPLMF:0.2215568862275449	VDFVKVDD:0.2155688622754491	FRSPLMFG:0.23952095808383234	TPPMGWNS:0.5209580838323353	LYASWGVD:0.20958083832335328	WPDADMLP:0.24550898203592814	GAQAYYDS:0.2215568862275449	PDADMLPL:0.20359281437125748	
