cluster number:3
CBM10:65	CBM10:65|CBM2:28|CBM5:12|GH5_8:9|GH6:8|GH5_53:7|AA10:7|CBM60:7|GH10:7|GH5_2:5|GH45:5|3.2.1.4:4|CE3:4|GH134:3|CE6:3|CBM3:2|GH9:2|GH5:2|GH16:2|GH11:2|1.-.-.-:1|CBM13:1|CBM35:1|PL11_1:1|GH5_4:1|3.2.1.91:1|3.2.1.78:1|GH53:1|GH30_8:1|CE4:1
SSSSSSSS:0.7846153846153846	SCIGRTTC:0.23076923076923078	NSSSSSSS:0.2923076923076923	SSSSSSST:0.5846153846153846	STSSSSSS:0.4307692307692308	ENNQSCIG:0.2	SSSSSSTS:0.38461538461538464	SSSSTSSS:0.2923076923076923	SSSSSSSG:0.49230769230769234	SSSTSSSS:0.27692307692307694	GWENNQSC:0.23076923076923078	GSSSSSSS:0.47692307692307695	TSSSSSSS:0.5538461538461539	SSTSSSSS:0.4	SSSSSTSS:0.3076923076923077	SSSSSSGG:0.3076923076923077	SGWGWENN:0.2153846153846154	GWGWENNQ:0.24615384615384617	WENNQSCI:0.2153846153846154	WGWENNQS:0.23076923076923078	SSSNSSSS:0.24615384615384617	SSSSSSNS:0.23076923076923078	SSSSSSSN:0.2923076923076923	SSSSSNSS:0.23076923076923078	SNSSSSSS:0.23076923076923078	SSNSSSSS:0.24615384615384617	SSSSNSSS:0.23076923076923078	GGSSSSSS:0.3076923076923077	SSSSSVSS:0.2	SSSSVSSS:0.2	SSSSSSTG:0.2923076923076923	SSSSSTGG:0.23076923076923078	
