cluster number:5
CE15:42	CE15:42|GH78:1|3.2.1.40:1
SRLGKAAL:0.2857142857142857	VISNNSGC:0.23809523809523808	GHSRLGKA:0.3333333333333333	HSRLGKAA:0.3333333333333333	ISNNSGCG:0.23809523809523808	LGKAALWA:0.23809523809523808	SGCGGAAL:0.5	GKAALWAG:0.2619047619047619	NNSGCGGA:0.23809523809523808	RLGKAALW:0.2619047619047619	SNNSGCGG:0.2619047619047619	KAALWAGA:0.23809523809523808	GGAALSRR:0.2857142857142857	CGGAALSR:0.2857142857142857	GCGGAALS:0.38095238095238093	WADPKGEF:0.23809523809523808	ADPKGEFL:0.2619047619047619	AWAWGLSR:0.21428571428571427	GHSRLGKT:0.2619047619047619	NYDESKVP:0.21428571428571427	LGHSRLGK:0.21428571428571427	
