cluster number:8
CE15:48	CE15:48|CBM9:1|GH115:1|CE3:1|3.1.1.72:1
LIALCAPR:0.4583333333333333	ALCAPRPV:0.25	IALCAPRP:0.2708333333333333	WAWGASRA:0.3333333333333333	LRAWAWGA:0.6666666666666666	KAALVAMA:0.20833333333333334	WGASRALD:0.2708333333333333	GKAALVAM:0.20833333333333334	GSSGAGGA:0.22916666666666666	AWAWGASR:0.4791666666666667	GASRALDY:0.25	RAWAWGAS:0.5	AWGASRAL:0.25	IGSSGAGG:0.20833333333333334	DWGALRAW:0.4583333333333333	IIGLVNKG:0.375	GGHTDAPN:0.2708333333333333	EYHWMAGN:0.3333333333333333	GLVNKGQP:0.25	LVNKGQPR:0.25	FGEAVESL:0.2916666666666667	DDWGALRA:0.3541666666666667	VNKGQPRK:0.22916666666666666	QADNGAGL:0.3958333333333333	GELAWRQH:0.20833333333333334	PRKPDDWG:0.2708333333333333	NKGQPRKP:0.22916666666666666	VGIEGVSR:0.375	IGLVNKGQ:0.2708333333333333	ADNGAGLT:0.3541666666666667	AWRQHDGG:0.3125	GIIGLVNK:0.375	QPRKPDDW:0.22916666666666666	RQHDGGHT:0.2916666666666667	GQPRKPDD:0.22916666666666666	IQADNGAG:0.2916666666666667	LAWRQHDG:0.3125	SIQADNGA:0.25	GDAKWLDQ:0.25	QHDGGHTD:0.2916666666666667	WRQHDGGH:0.3333333333333333	WGALRAWA:0.4583333333333333	GLTRGIIG:0.20833333333333334	GALRAWAW:0.4583333333333333	AGLTRGII:0.20833333333333334	ALRAWAWG:0.4375	RKPDDWGA:0.2916666666666667	GEAVESLT:0.25	KPDDWGAL:0.2916666666666667	LTRGIIGL:0.20833333333333334	PDDWGALR:0.3125	GEYHWMAG:0.2708333333333333	YHWMAGNF:0.20833333333333334	PNHANYDE:0.2708333333333333	EKGDAKWL:0.22916666666666666	PEKGDAKW:0.20833333333333334	GIEGVSRY:0.3333333333333333	GKAALVTM:0.25	SGEYHWMA:0.25	KGDAKWLD:0.22916666666666666	ELIALCAP:0.20833333333333334	SRYGKAAL:0.6041666666666666	LLGAKDLG:0.20833333333333334	LRPGPSGN:0.20833333333333334	VSRYGKAA:0.4791666666666667	HELIALCA:0.20833333333333334	IEGVSRYG:0.375	RYGKAALV:0.5833333333333334	YGKAALVT:0.4166666666666667	KAALVTMA:0.25	GVSRYGKA:0.4791666666666667	EGVSRYGK:0.4583333333333333	LIGSSGKG:0.22916666666666666	LLAAGWGY:0.20833333333333334	QLLAAGWG:0.20833333333333334	IGSSGKGG:0.22916666666666666	NVKGPVPV:0.22916666666666666	
