cluster number:4
CE15:30	CE15:30|3.1.1.-:8|CBM1:7|CBM60:4|CBM10:3|CBM2:2|CE1:1|CBM22:1
ALTIPQES:0.5666666666666667	IPQESGSG:0.5333333333333333	TIPQESGS:0.5	AWAWGVSR:0.43333333333333335	RIALTIPQ:0.5333333333333333	PQESGSGG:0.6	SRLIDALE:0.23333333333333334	LTIPQESG:0.7333333333333333	RLIDALEK:0.2	IALTIPQE:0.5333333333333333	LVAPRALL:0.2	GGAACWRI:0.2	CSRNGKGA:0.7666666666666667	DWLGPVST:0.2	GVTGCSRN:0.6	AACWRISD:0.2	RLGVTGCS:0.23333333333333334	IDWLGPVS:0.2	VTGCSRNG:0.7333333333333333	PQESGAGG:0.26666666666666666	TGCSRNGK:0.7333333333333333	GAACWRIS:0.2	LGVTGCSR:0.26666666666666666	SRGQGKFY:0.23333333333333334	WLGPVSTT:0.2	SRNGKGAF:0.23333333333333334	GCSRNGKG:0.7666666666666667	TAWAWGVS:0.23333333333333334	WAWGVSRI:0.23333333333333334	WGVSRIID:0.26666666666666666	ERIALTIP:0.23333333333333334	SRNGKGAL:0.3333333333333333	DERIALTI:0.2	AWGVSRII:0.2	IGVTGCSR:0.23333333333333334	IDALEKTP:0.3	GVSRIIDA:0.2	ESGSGGSA:0.2	QESGSGGS:0.2	AMTAWAWG:0.2	MTAWAWGV:0.2	
