cluster number:0
GT104:723	GT104:723|2.4.1.-:3
SFVRAQWA:0.656984785615491	IGVCWRLA:0.32918395573997233	GEDSFVRA:0.7247579529737206	INLEYLSA:0.4107883817427386	YLSAEDWV:0.45504840940525587	GDIGVCWR:0.3789764868603043	RGEDSFVR:0.7330567081604425	EYLSAEDW:0.35684647302904565	NFVRGEDS:0.3914246196403873	GVCWRLAR:0.29322268326417705	PVWINLEY:0.22268326417704012	VDNYGDIG:0.41770401106500693	EDSFVRAQ:0.6680497925311203	VVDNYGDI:0.4094052558782849	VWINLEYL:0.22959889349930843	VVIEAFAC:0.3623789764868603	LEYLSAED:0.37344398340248963	FVRGEDSF:0.32088520055325037	FVRAQWAG:0.35131396957123096	DIGVCWRL:0.338865836791148	DSFVRAQW:0.6639004149377593	VRGEDSFV:0.7233748271092669	NLEYLSAE:0.706777316735823	DNYGDIGV:0.43568464730290457	WINLEYLS:0.3983402489626556	CWRLARQL:0.24343015214384509	VRLWVDDL:0.4343015214384509	VCWRLARQ:0.2157676348547718	WRLARQLV:0.313969571230982	CSVVDNYG:0.2392807745504841	GDIGVTWR:0.4412171507607192	LISLFAYE:0.24066390041493776	GVTWRLAR:0.4287690179806362	NAVRGEDS:0.330567081604426	FNAVRGED:0.24204702627939143	WLNLEYLS:0.2710926694329184	SVVDNYGD:0.2392807745504841	TWRLARQL:0.43015214384508993	RLARQLVA:0.22268326417704012	LARQLVAE:0.21715076071922546	FCSVVDNY:0.2392807745504841	AVRGEDSF:0.31673582295988933	DIGVTWRL:0.43983402489626555	DFNAVRGE:0.24066390041493776	LNLEYLSA:0.2710926694329184	SLFAYENP:0.26832641770401106	CDFNAVRG:0.24066390041493776	IFCSVVDN:0.24619640387275243	YGDIGVTW:0.30567081604426005	NYGDIGVT:0.30567081604426005	VTWRLARQ:0.43015214384508993	IGVTWRLA:0.43568464730290457	WDIFCSVV:0.22406639004149378	ISLFAYEN:0.2600276625172891	DIFCSVVD:0.22406639004149378	NFGDIGVC:0.24204702627939143	FGDIGVCW:0.24204702627939143	DNFGDIGV:0.38450899031811897	VRAQWAGR:0.2793914246196404	DVVIEAFA:0.28492392807745504	KYFFFPGF:0.3499308437067773	IEAFACEL:0.27800829875518673	AQWAGRPL:0.2033195020746888	RAQWAGRP:0.3236514522821577	VIEAFACE:0.25587828492392806	ADVVIEAF:0.23651452282157676	LFAYENPA:0.21023513139695713	WRLARQLA:0.27800829875518673	EAFACELP:0.28907330567081607	GTGGLLRE:0.20885200553250347	VDNFGDIG:0.23651452282157676	VVDNFGDI:0.2351313969571231	LLVPEGRI:0.24066390041493776	
