cluster number:3
GT104:6	GT104:6
CMDINFIR:0.3333333333333333	GEDSFVRA:0.5	KIIDNYGD:0.6666666666666666	NIEYLSAE:0.3333333333333333	SAEQWVED:0.3333333333333333	MDINFIRG:0.5	FIRGEDSF:0.6666666666666666	QISNKSLG:0.5	IGFCWRLA:0.6666666666666666	FCKIIDNY:0.6666666666666666	NYGDIGFC:0.8333333333333334	DCHLLSSN:0.3333333333333333	KTFFFPGF:0.5	CCMDINFI:0.3333333333333333	LNKKIVLI:0.5	IDKLKSWL:0.3333333333333333	EDCHLLSS:0.3333333333333333	INIEYLSA:0.3333333333333333	HIDKLKSW:0.3333333333333333	INFIRGED:0.6666666666666666	KRSEFLFC:0.3333333333333333	RSEFLFCL:0.3333333333333333	SSNLSNGL:0.3333333333333333	DKLKSWLN:0.3333333333333333	IRLIVDDL:0.3333333333333333	GDIGFCWR:0.8333333333333334	IRGEDSFV:0.5	LKSWLNLN:0.5	DIFCKIID:0.6666666666666666	FCLLFCYP:0.5	LSSNLSNG:0.3333333333333333	IDNYGDIG:1.0	YGDIGFCW:0.8333333333333334	KLICCMDI:0.5	CHLLSSNL:0.3333333333333333	DKLICCMD:0.5	RGEDSFVR:0.6666666666666666	YSWNNFGE:0.5	IFCKIIDN:0.6666666666666666	IIDNYGDI:0.6666666666666666	LSAEQWVE:0.5	WSIRLIVD:0.3333333333333333	YKWSIRLI:0.3333333333333333	YLSAEQWV:0.5	GLKKTFFF:0.3333333333333333	SEFLFCLL:0.3333333333333333	QWVEDCHL:0.3333333333333333	AEQWVEDC:0.3333333333333333	LKKTFFFP:0.3333333333333333	NGLKKTFF:0.3333333333333333	LLSSNLSN:0.3333333333333333	KLKSWLNL:0.5	EQWVEDCH:0.3333333333333333	KWSIRLIV:0.3333333333333333	ETFSCDIP:0.5	ICCMDINF:0.5	WINIEYLS:0.3333333333333333	DINFIRGE:0.6666666666666666	EKQISNKS:0.5	EFLFCLLF:0.3333333333333333	MYSWNNFG:0.5	WVEDCHLL:0.3333333333333333	DNYGDIGF:1.0	SFVRALLS:0.3333333333333333	EDSFVRAL:0.3333333333333333	VEDCHLLS:0.3333333333333333	FDKLICCM:0.5	GFCWRLAK:0.5	RALLSGNP:0.3333333333333333	ALLSGNPL:0.3333333333333333	DIGFCWRL:0.8333333333333334	NFIRGEDS:0.6666666666666666	CKIIDNYG:0.6666666666666666	LICCMDIN:0.5	TFFFPGFT:0.5	DSFVRALL:0.3333333333333333	LFCLLFCY:0.3333333333333333	KKTFFFPG:0.3333333333333333	VRALLSGN:0.3333333333333333	KQISNKSL:0.5	HLLSSNLS:0.3333333333333333	FVRALLSG:0.3333333333333333	SWNNFGEE:0.5	FLFCLLFC:0.3333333333333333	ADIFCKII:0.5	IIETFSCD:0.3333333333333333	CWRLAKNL:0.3333333333333333	MKADIFCK:0.3333333333333333	KSWLNLNN:0.3333333333333333	SWLNLNNF:0.3333333333333333	WRLAKNLS:0.3333333333333333	IDYLSAEQ:0.3333333333333333	HLNKKIVL:0.3333333333333333	DYLSAEQW:0.3333333333333333	IIIETFSC:0.3333333333333333	GNPLVWNI:0.3333333333333333	PGFTNKTG:0.3333333333333333	NFDKLICC:0.3333333333333333	FCWRLAKN:0.3333333333333333	GFTNKTGG:0.3333333333333333	FTNKTGGL:0.3333333333333333	LNNFPDTI:0.3333333333333333	LSGNPLVW:0.3333333333333333	LMYSWNNF:0.3333333333333333	FPGFTNKT:0.3333333333333333	NPLVWNIY:0.3333333333333333	NKTGGLII:0.3333333333333333	FFPGFTNK:0.3333333333333333	KADIFCKI:0.3333333333333333	TNKTGGLI:0.3333333333333333	GINYKRSE:0.3333333333333333	NNFPDTIK:0.3333333333333333	NIDYLSAE:0.3333333333333333	LVWNIYEQ:0.3333333333333333	LNLNNFPD:0.3333333333333333	NLNNFPDT:0.3333333333333333	PLVWNIYE:0.3333333333333333	IETFSCDI:0.3333333333333333	FFFPGFTN:0.3333333333333333	SGNPLVWN:0.3333333333333333	WLNLNNFP:0.3333333333333333	AEKQISNK:0.3333333333333333	KTGGLIIE:0.5	INYKRSEF:0.3333333333333333	CMDINFVR:0.3333333333333333	DINFVRGE:0.3333333333333333	NFVRGEDS:0.3333333333333333	INFVRGED:0.3333333333333333	FVRGEDSF:0.3333333333333333	MDINFVRG:0.3333333333333333	DSFIRAIW:0.3333333333333333	GEDSFIRA:0.3333333333333333	RGEDSFIR:0.3333333333333333	MKIDIFCK:0.3333333333333333	NKFFFFPG:0.3333333333333333	EDSFIRAI:0.3333333333333333	FFFFPGFN:0.3333333333333333	KFFFFPGF:0.3333333333333333	VIDNYGDI:0.3333333333333333	
