cluster number:25
AA10:32	AA10:32|CBM5:26|CBM73:1
HNPSFWQF:0.59375	PSFWQFYL:0.46875	WQFYLTKP:0.375	TPHNPSFW:0.84375	PKARQAIC:0.34375	DVVGEGFY:0.46875	GFYNCSDI:0.71875	ILYSRWQR:0.25	DAILYSRW:0.21875	AHGYMDSP:0.375	PHNPSFWQ:0.59375	SFWQFYLT:0.375	GEGFYNCS:0.875	MDSPKARQ:0.375	AILYSRWQ:0.25	PNLACRAA:0.4375	GGYWWPED:0.28125	YMDSPKAR:0.375	GDAILYSR:0.21875	NPSFWQFY:0.46875	FWQFYLTK:0.375	VGEGFYNC:0.46875	YNCSDINI:0.25	NIPNLACR:0.3125	GYMDSPKA:0.375	FYNCSDIN:0.25	HGYMDSPK:0.375	EGFYNCSD:0.96875	VVGEGFYN:0.46875	DSPKARQA:0.3125	GYWWPEDG:0.3125	GYFVRQGQ:0.21875	IPNLACRA:0.4375	AGEGFYNC:0.4375	FYNCSDIT:0.28125	VLYTRWQR:0.25	RYRATTPH:0.21875	TTPHNPSF:0.59375	YNCSDITI:0.25	ATTPHNPS:0.59375	YRATTPHN:0.21875	RATTPHNP:0.53125	DGKRYYEM:0.28125	PDGKRYYE:0.25	HVHAFDDE:0.25	FRATTPHN:0.3125	RFRATTPH:0.21875	GSNIPNLA:0.25	SNIPNLAC:0.25	DGSNIPNL:0.25	LACRAAFL:0.375	AQGGYWWP:0.25	NLACRAAF:0.375	GFYNCSDV:0.21875	YWWPEDGS:0.25	ACRAAFLE:0.25	RAAFLESG:0.21875	CRAAFLES:0.21875	RDDVVGEG:0.21875	WQRDDVVG:0.21875	IPNAACRA:0.25	QRDDVVGE:0.21875	RWQRDDVV:0.21875	DDVVGEGF:0.21875	PNAACRAA:0.25	
