cluster number:7
AA10:103	AA10:103|1.-.-.-:1
AAQYMFQQ:0.7087378640776699	QQYFEYAA:0.23300970873786409	RDNNFWWP:0.22330097087378642	VHEPSYFE:0.32038834951456313	GDKSGMDE:0.33980582524271846	GEGFYNCA:0.8349514563106796	DNNFWWPE:0.20388349514563106	QYKCFRDN:0.22330097087378642	YAALAGPN:0.2912621359223301	GVAANAAQ:0.4368932038834951	ARQYKCFR:0.3106796116504854	FCPTTVHE:0.22330097087378642	YFEYAALA:0.23300970873786409	FGDKSGMD:0.5145631067961165	AQYMFQQY:0.7572815533980582	NAAQYMFQ:0.5242718446601942	EGFYNCAD:0.8349514563106796	DKSGMDEP:0.3300970873786408	MFQQYFEY:0.23300970873786409	EPSYFEVY:0.32038834951456313	GFYNCADV:0.5242718446601942	VAANAAQY:0.4368932038834951	PAARQYKC:0.2621359223300971	RQYKCFRD:0.32038834951456313	CPTTVHEP:0.24271844660194175	PTTVHEPS:0.24271844660194175	AANAAQYM:0.5145631067961165	FQQYFEYA:0.23300970873786409	QYMFQQYF:0.23300970873786409	ANAAQYMF:0.5242718446601942	EYAALAGP:0.3592233009708738	VGEGFYNC:0.5631067961165048	FEYAALAG:0.23300970873786409	HEPSYFEV:0.5825242718446602	AALAGPNY:0.2621359223300971	YMFQQYFE:0.23300970873786409	QYFEYAAL:0.23300970873786409	EPSYFEVF:0.2524271844660194	MYVRWQRI:0.2621359223300971	IHEPSYFE:0.2621359223300971	YVRWQRID:0.34951456310679613	PVGEGFYN:0.3300970873786408	VVPHTLCG:0.2524271844660194	CPTAIHEP:0.2912621359223301	VRWQRIDP:0.34951456310679613	DPVGEGFY:0.34951456310679613	HFCPTAIH:0.20388349514563106	QFVMYVRW:0.23300970873786409	AIHEPSYF:0.2524271844660194	IDPVGEGF:0.3106796116504854	VPHTLCGA:0.2621359223300971	VRSHGYLS:0.24271844660194175	WQRIDPVG:0.32038834951456313	RIDPVGEG:0.3106796116504854	QRIDPVGE:0.32038834951456313	VMYVRWQR:0.2815533980582524	PVARQYKC:0.20388349514563106	RWQRIDPV:0.32038834951456313	GFYNCADL:0.2621359223300971	TAIHEPSY:0.27184466019417475	FCPTAIHE:0.2912621359223301	FVMYVRWQ:0.2815533980582524	PTAIHEPS:0.2912621359223301	FCPTAVHE:0.27184466019417475	DKSGIDEP:0.24271844660194175	QQYYEYAA:0.23300970873786409	QYMFQQYY:0.24271844660194175	MFQQYYEY:0.24271844660194175	FQQYYEYA:0.23300970873786409	PTAVHEPS:0.2524271844660194	YMFQQYYE:0.24271844660194175	CPTAVHEP:0.27184466019417475	FGDKSGID:0.3106796116504854	GDKSGIDE:0.2524271844660194	HFCPTAVH:0.24271844660194175	YNCADLVF:0.20388349514563106	FYNCADLV:0.20388349514563106	AGEGFYNC:0.3106796116504854	VLYVRWQR:0.2524271844660194	FVLYVRWQ:0.24271844660194175	PSYFEVFI:0.21359223300970873	
