cluster number:21
AA10:24	AA10:24|CBM2:11|CBM5:4|CBM73:4|1.-.-.-:2|CBM3:1|GH5_8:1|3.2.1.78:1
PATRTYAC:0.25	WFGNLISD:0.20833333333333334	EAFYNCSD:0.5833333333333334	RYNAWAPH:0.3333333333333333	IYSIWQRS:0.5	NLISDAGG:0.20833333333333334	NWFGNLIS:0.375	FGNLISDA:0.20833333333333334	LWNWFGNL:0.25	AFYNCSDV:0.5833333333333334	YNAWAPHP:0.375	RHIIYSIW:0.3333333333333333	WNWFGNLI:0.375	PACAAAVA:0.25	GNLISDAG:0.20833333333333334	SGRHIIYS:0.20833333333333334	TFRYNAWA:0.25	FRYNAWAP:0.25	ITFRYNAW:0.20833333333333334	QPLRWSDL:0.25	HIIYSIWQ:0.4583333333333333	ATRTYACY:0.25	ALWNWFGN:0.20833333333333334	PPINGSGP:0.20833333333333334	KSGRHIIY:0.20833333333333334	IIYSIWQR:0.4583333333333333	YSIWQRSD:0.5	NAWAPHPG:0.4583333333333333	AWAPHPGT:0.5416666666666666	NPACAAAV:0.25	TRTYACYV:0.25	GRHIIYSI:0.3333333333333333	SIWQRSDS:0.5	WAPHPGTW:0.4166666666666667	IWQRSDSP:0.4166666666666667	YVTKDGFD:0.25	DSPEAFYN:0.4583333333333333	QRSDSPEA:0.5	PEAFYNCS:0.4583333333333333	SPEAFYNC:0.4583333333333333	SDSPEAFY:0.5833333333333334	FYNCSDVV:0.3333333333333333	WQRSDSPE:0.5	PLKWSDLE:0.2916666666666667	YNCSDVVF:0.3333333333333333	RSDSPEAF:0.625	LKWSDLEP:0.25	HREIIPDG:0.25	SPEAFYSC:0.20833333333333334	PEAFYSCS:0.20833333333333334	AFYSCSDV:0.20833333333333334	EAFYSCSD:0.20833333333333334	DSPEAFYS:0.20833333333333334	WFGNLISN:0.20833333333333334	AGGRHREI:0.20833333333333334	RHREIIPD:0.20833333333333334	GRHREIIP:0.20833333333333334	
