cluster number:36
AA10:136	AA10:136|CBM12:35|CBM5:16|1.-.-.-:1|CBM73:1
WNIADTAN:0.33088235294117646	KVLAVWNI:0.3088235294117647	LAVWNIAD:0.47058823529411764	IADTANAF:0.33088235294117646	YEPQSVEG:0.6029411764705882	VLAVWNIA:0.3088235294117647	IKYEPQSV:0.41911764705882354	QKVLAVWN:0.4411764705882353	KYEPQSVE:0.4264705882352941	NAFYSCVD:0.22058823529411764	PQSVEGPK:0.8529411764705882	NIADTANA:0.33088235294117646	ADTANAFY:0.35294117647058826	QSVEGPKG:0.8455882352941176	AVWNIADT:0.47058823529411764	SVEGPKGL:0.8308823529411765	VWNIADTA:0.27205882352941174	EPQSVEGP:0.8676470588235294	VEGPKGLR:0.27205882352941174	SSPPSRQA:0.29411764705882354	AHGYVSSP:0.21323529411764705	WEPQSVEG:0.2426470588235294	DTANAFYA:0.25	AFYACIDV:0.39705882352941174	FYACIDVN:0.375	NAFYACID:0.4264705882352941	TANAFYAC:0.25	PSRQAQCA:0.4264705882352941	LDDDSKGW:0.25735294117647056	PPSRQAQC:0.4264705882352941	SRQAQCAA:0.40441176470588236	QAQCAAGT:0.3161764705882353	GLTSCSGG:0.27941176470588236	GPKGLTSC:0.3161764705882353	EGPKGLTS:0.3161764705882353	RQAQCAAG:0.36764705882352944	KGLTSCSG:0.27941176470588236	PKGLTSCS:0.29411764705882354	VEGPKGLT:0.3161764705882353	TSCSGGNS:0.20588235294117646	LTSCSGGN:0.27205882352941174	AELDDDSK:0.21323529411764705	AQCAAGTV:0.27941176470588236	ASAHGYIS:0.27941176470588236	ELDDDSKG:0.23529411764705882	
