cluster number:41
AA10:115	AA10:115|1.-.-.-:1
GNAFYACS:0.391304347826087	DTGNAFYA:0.3652173913043478	ELDDPRGG:0.20869565217391303	IADTGNAF:0.3652173913043478	TARHATTD:0.22608695652173913	ADTGNAFY:0.43478260869565216	TIADTGNA:0.22608695652173913	EGPKGFPA:0.5391304347826087	WTIADTGN:0.22608695652173913	NAFYACSD:0.7391304347826086	VEGPKGFP:0.7913043478260869	VWTIADTG:0.22608695652173913	AFYACSDV:0.7652173913043478	TGNAFYAC:0.4	ARHATTDF:0.24347826086956523	SVEGPKGF:0.7913043478260869	LSHSGTLP:0.2	GGASGHGY:0.20869565217391303	WEPQSVEG:0.6869565217391305	GASGHGYT:0.21739130434782608	SGHGYTDL:0.20869565217391303	YACSDVTF:0.30434782608695654	TFRWQFTA:0.26956521739130435	YTFRWQFT:0.2608695652173913	FYACSDVT:0.30434782608695654	GHGYTDLP:0.22608695652173913	IQWEPQSV:0.6521739130434783	PQSVEGPK:0.7130434782608696	QSVEGPKG:0.7043478260869566	ASGHGYTD:0.23478260869565218	QWEPQSVE:0.6521739130434783	EPQSVEGP:0.7130434782608696	TPFLTVPY:0.25217391304347825	ISRQKLCA:0.3217391304347826	SHGYTDSP:0.25217391304347825	SRQKLCAN:0.3217391304347826	PISRQKLC:0.4434782608695652	FRWQFTAR:0.2608695652173913	FAQLDDPR:0.24347826086956523	AQLDDPRG:0.23478260869565218	QLDDPRGG:0.3130434782608696	ASSHGYTD:0.28695652173913044	RQKLCANG:0.25217391304347825	HGYTDSPI:0.2	RWQFTARH:0.2608695652173913	PADGKICS:0.2	TDSPISRQ:0.20869565217391303	GPADGKIC:0.2782608695652174	GYTDSPIS:0.2	DSPISRQK:0.2	KLCANGTV:0.25217391304347825	YTDSPISR:0.20869565217391303	QKLCANGT:0.24347826086956523	SPISRQKL:0.20869565217391303	GPKGFPAA:0.2782608695652174	PAAGPADG:0.34782608695652173	KGFPAAGP:0.391304347826087	FPAAGPAD:0.34782608695652173	LAVWTIAD:0.20869565217391303	ILAVWTIA:0.2	GFPAAGPA:0.34782608695652173	AVWTIADT:0.2956521739130435	PKGFPAAG:0.28695652173913044	PPATLSHS:0.2	ATTDFKYY:0.23478260869565218	PATLSHSG:0.2	HATTDFKY:0.2608695652173913	PFLTVPYN:0.26956521739130435	AGPADGKI:0.20869565217391303	
