cluster number:29
AA10:112	AA10:112|CBM2:94
PGSRTYLC:0.5267857142857143	WAHHPGTF:0.21428571428571427	KSGRHIIY:0.2857142857142857	PDGQLCSG:0.24107142857142858	SDVVFDGG:0.49107142857142855	VVFDGGNG:0.4107142857142857	CSAGDRSP:0.3392857142857143	RSDSQENF:0.5446428571428571	QENFFSCS:0.35714285714285715	LYNWFAVL:0.5178571428571429	AVLDSNAG:0.35714285714285715	YSNWAHHP:0.21428571428571427	NWFAVLDS:0.4107142857142857	LDSNAGGR:0.35714285714285715	CSDVVFDG:0.49107142857142855	SNWAHHPG:0.23214285714285715	LCSAGDRS:0.33035714285714285	DVVFDGGN:0.4107142857142857	SCSDVVFD:0.375	ENFFSCSD:0.38392857142857145	DSQENFFS:0.35714285714285715	SAGDRSPY:0.3392857142857143	DWPLTHLT:0.25892857142857145	VLDSNAGG:0.35714285714285715	SDSQENFF:0.5267857142857143	WFAVLDSN:0.38392857142857145	FAVLDSNA:0.375	SQENFFSC:0.35714285714285715	YNWFAVLD:0.4107142857142857	DGGNGEVT:0.6607142857142857	FDGGNGEV:0.6607142857142857	RSDGAGRT:0.24107142857142858	WFSVLRSD:0.32142857142857145	LRSDGAGR:0.26785714285714285	VFDGGNGE:0.49107142857142855	VLRSDGAG:0.2767857142857143	NAWAAHPG:0.20535714285714285	NWFSVLRS:0.32142857142857145	YNAWAAHP:0.20535714285714285	YNWFSVLR:0.32142857142857145	THLTSGAT:0.26785714285714285	GGNGEVTG:0.5625	DGQLCSGG:0.21428571428571427	CSDIVFDG:0.20535714285714285	DWPRTHLT:0.3125	AGDRSPYD:0.24107142857142858	RGAGYVPD:0.30357142857142855	PDGTLCSA:0.20535714285714285	WAAHPGDF:0.24107142857142858	SVTFGFTA:0.20535714285714285	PRTHLTSG:0.26785714285714285	YVPDGTLC:0.20535714285714285	GDRSPYDF:0.24107142857142858	NAGGRGAG:0.29464285714285715	DGTLCSAG:0.20535714285714285	GRGAGYVP:0.30357142857142855	SCSDIVFD:0.20535714285714285	AAHPGDFR:0.23214285714285715	YSNWAAHP:0.30357142857142855	LPSGRSGD:0.25	PSGRSGDA:0.24107142857142858	GAGYVPDG:0.30357142857142855	HPGDFRVY:0.23214285714285715	GYVPDGTL:0.20535714285714285	QWVRSDSQ:0.2767857142857143	VPDGTLCS:0.20535714285714285	AGGRGAGY:0.30357142857142855	PTPTPTPT:0.21428571428571427	AHPGDFRV:0.23214285714285715	GSVTFGFT:0.20535714285714285	SDIVFDGG:0.20535714285714285	GGRGAGYV:0.30357142857142855	ALYNWFAV:0.2857142857142857	VRSDSQEN:0.44642857142857145	SNWAAHPG:0.38392857142857145	DSNAGGRG:0.32142857142857145	NWAAHPGD:0.24107142857142858	WVRSDSQE:0.44642857142857145	SNAGGRGA:0.29464285714285715	WPRTHLTS:0.26785714285714285	GNGEVTGI:0.39285714285714285	GFQGSVEV:0.20535714285714285	QGSVEVMN:0.20535714285714285	GFTATSTG:0.24107142857142858	GGFQGSVE:0.20535714285714285	VTFGFTAT:0.23214285714285715	GSVEVMNH:0.20535714285714285	TFGFTATS:0.25	FQGSVEVM:0.20535714285714285	LDPTNPAC:0.24107142857142858	FGFTATST:0.24107142857142858	FTATSTGN:0.23214285714285715	NSLYNWFS:0.20535714285714285	LYNWFSVL:0.21428571428571427	SLYNWFSV:0.20535714285714285	
