cluster number:27
AA10:164	AA10:164|CBM73:25|CBM12:8|CBM5:3
QRSDSPEA:0.7865853658536586	KPLKWSDL:0.23780487804878048	SPEAFYSC:0.2926829268292683	SDSPEAFY:0.7865853658536586	PEAFYSCS:0.2926829268292683	WQRSDSPE:0.7804878048780488	AFYSCSDV:0.3231707317073171	EAFYSCSD:0.3353658536585366	VWQRSDSP:0.4451219512195122	RSDSPEAF:0.7865853658536586	DSPEAFYS:0.2926829268292683	ACYAEGPE:0.23170731707317074	TCSDVVFG:0.2073170731707317	SPEAFYTC:0.2804878048780488	KGLDLPRA:0.21951219512195122	DSPEAFYT:0.2804878048780488	AACKAAVA:0.38414634146341464	YTCSDVVF:0.2073170731707317	DPVSRVSA:0.25	SAACKAAV:0.49390243902439024	PVSRVSAC:0.2926829268292683	PEAFYTCS:0.2804878048780488	AFYTCSDV:0.32926829268292684	YAEGPESP:0.23170731707317074	GLDLPRAD:0.3048780487804878	IWQRSDSP:0.3353658536585366	LDLPRADW:0.31097560975609756	PKSAACKA:0.2804878048780488	FYTCSDVV:0.2073170731707317	CYAEGPES:0.23170731707317074	ACKAAVAA:0.4268292682926829	KSAACKAA:0.27439024390243905	EAFYTCSD:0.32926829268292684	DLPRADWP:0.31097560975609756	AAVAAGGT:0.4451219512195122	ALYDWNGV:0.29878048780487804	AAGGTQAL:0.39634146341463417	AGGTQALY:0.4451219512195122	QALYDWNG:0.45121951219512196	DSPEAFYA:0.2621951219512195	VAAGGTQA:0.4451219512195122	AVAAGGTQ:0.43902439024390244	GTQALYDW:0.4817073170731707	CKAAVAAG:0.32926829268292684	TQALYDWN:0.4817073170731707	LYDWNGVN:0.22560975609756098	SPEAFYAC:0.2621951219512195	KAAVAAGG:0.3231707317073171	GGTQALYD:0.4695121951219512	PDGKLCSA:0.6219512195121951	IPDGKLCS:0.6097560975609756	LARADWPA:0.2073170731707317	DLARADWP:0.2073170731707317	LIPDGKLC:0.36585365853658536	PLKWSDLE:0.29878048780487804	DGKLCSAG:0.34146341463414637	GKLCSAGR:0.2073170731707317	
