cluster number:0
GH74:227	GH74:227|CBM2:74|CBM3:39|CBM1:15|CBM13:14|3.2.1.151:11|GH48:4|CBM46:3|GH5_4:3|CBM10:3|3.2.1.150:2|GH44:1|3.2.1.-:1|3.2.1.4:1|GH36:1
RINDDAHQ:0.2290748898678414	ARSGNGLW:0.2290748898678414	PFKVGGNM:0.2422907488986784	LPFKVGGN:0.2599118942731278	GARSGNGL:0.21585903083700442	KVGGNMPG:0.2422907488986784	FKVGGNMP:0.2422907488986784	VGGNMPGR:0.2511013215859031	IDGGGFVP:0.2290748898678414	TDIGGAYR:0.6519823788546255	YARTDIGG:0.6916299559471366	TIYVGVAD:0.31277533039647576	IYVGVADK:0.28193832599118945	GGGFVPGI:0.5198237885462555	PGRGMGER:0.4185022026431718	DGGGFVPG:0.27312775330396477	NGLWRSTD:0.31718061674008813	ARTDIGGA:0.6211453744493393	NMPGRGMG:0.42731277533039647	GNMPGRGM:0.42731277533039647	MPGRGMGE:0.42731277533039647	GNGLWRST:0.2599118942731278	LIYARTDI:0.2643171806167401	SDTGGPYD:0.22466960352422907	GGFVPGII:0.2026431718061674	RTDIGGAY:0.6740088105726872	GRGMGERL:0.41409691629955947	RIDGGGFV:0.2290748898678414	DTGGPYDG:0.22466960352422907	IYARTDIG:0.2643171806167401	DIGGAYRW:0.5770925110132159	GGNMPGRG:0.4669603524229075	YGTGATIY:0.32599118942731276	STDSGATW:0.2643171806167401	GTGATIYG:0.31718061674008813	YLGTNGRG:0.2555066079295154	RSTDSGAT:0.28193832599118945	GGNMPGRS:0.21145374449339208	IGGAYRWN:0.2026431718061674	LGTNGRGI:0.20704845814977973	VGFGKAAP:0.2290748898678414	GDPRVYGR:0.4052863436123348	GDIGGFRH:0.24669603524229075	PKLGWMTE:0.24669603524229075	ERLAVDPN:0.2599118942731278	LPFKLGGN:0.3876651982378855	GFGKAAPG:0.33480176211453744	GERLAVDP:0.3700440528634361	LGGNMPGR:0.3436123348017621	KLGGNMPG:0.33480176211453744	PFKLGGNM:0.33480176211453744	MGERLAVD:0.32599118942731276	RMMYGTGA:0.30837004405286345	GGTVAAAA:0.21585903083700442	GMGERLAV:0.28193832599118945	FRSTDSGA:0.21145374449339208	SPPSGAPL:0.22466960352422907	GTVAAAAD:0.21585903083700442	RGMGERLA:0.3392070484581498	FKLGGNMP:0.33480176211453744	MMYGTGAT:0.32599118942731276	STDGGATF:0.3303964757709251	NDDAHQWG:0.22026431718061673	TDGGATFT:0.28193832599118945	FGKAAPGA:0.2026431718061674	LEIDPFDS:0.22026431718061673	FVPGIVFN:0.2643171806167401	FYVSTDGG:0.22026431718061673	GGFVPGIV:0.3039647577092511	LAYARTDI:0.2643171806167401	GVRGIFRS:0.20704845814977973	LYLGAPSG:0.20704845814977973	TGDPRVYG:0.32158590308370044	DGGATFTA:0.27312775330396477	RVYGRVYV:0.2026431718061674	YVSTDGGA:0.22026431718061673	GLWRSTDS:0.21585903083700442	ITGDPRVY:0.2599118942731278	GFVPGIVF:0.29515418502202645	AYARTDIG:0.32599118942731276	VLYLGAPS:0.2026431718061674	PRVYGRVY:0.3303964757709251	LWRSTDSG:0.21585903083700442	DPRVYGRV:0.3524229074889868	MYGTGATI:0.21145374449339208	YGLWHSTD:0.21145374449339208	STDGGATW:0.22466960352422907	RSTDGGAT:0.22026431718061673	
