cluster number:1
GH101:111	GH101:111|CBM51:30|CBM32:26|3.2.1.97:3|CBM22:3
RFIRNHQK:0.23423423423423423	TKFLQHYQ:0.2072072072072072	PTKFLQHY:0.21621621621621623	ASQATNPF:0.42342342342342343	LYELTDQG:0.24324324324324326	HDSAHPDY:0.7837837837837838	EGHDSAHP:0.7837837837837838	NFASQATN:0.42342342342342343	FIRNHQKD:0.23423423423423423	SQATNPFL:0.4144144144144144	FNFASQAT:0.6576576576576577	FASQATNP:0.42342342342342343	DSAHPDYG:0.6666666666666666	QRIPFNFA:0.23423423423423423	RIPFNFAS:0.26126126126126126	VDWQDAAI:0.36036036036036034	IPFNFASQ:0.6576576576576577	GDAYLLPW:0.2072072072072072	GHDSAHPD:0.7837837837837838	PFNFASQA:0.6576576576576577	TESYPEAK:0.25225225225225223	YELTDQGR:0.26126126126126126	SEGHDSAH:0.44144144144144143	LATDGLGQ:0.34234234234234234	WDWLDQSY:0.2072072072072072	PDYGGNYN:0.2972972972972973	PFVKGDAG:0.23423423423423423	ENTGLVYR:0.2072072072072072	VNATESYP:0.34234234234234234	WGPFVKGD:0.26126126126126126	GGSTDPRT:0.22522522522522523	GPFVKGDA:0.26126126126126126	LKGYQSEG:0.21621621621621623	HPDYGGNY:0.2972972972972973	HVNATESY:0.38738738738738737	GYQSEGHD:0.22522522522522523	YQSEGHDS:0.21621621621621623	DWQDAAIA:0.2072072072072072	AHPDYGGN:0.46846846846846846	FVKGDAGG:0.2702702702702703	HIPFNFAS:0.4144144144144144	GWGPFVKG:0.2972972972972973	QSEGHDSA:0.21621621621621623	NTGLVYRT:0.2072072072072072	AGGSTDPR:0.22522522522522523	SAHPDYGG:0.45045045045045046	KGYQSEGH:0.22522522522522523	VHVNATES:0.36036036036036034	KRISLATD:0.23423423423423423	PFLRTLDD:0.44144144144144143	HPFLRTLD:0.42342342342342343	TLDDVKRI:0.35135135135135137	SQATHPFL:0.44144144144144143	FLRTLDDV:0.3783783783783784	LRTLDDVK:0.3783783783783784	VKRISLAT:0.2072072072072072	THPFLRTL:0.4144144144144144	DDVKRISL:0.21621621621621623	ATHPFLRT:0.42342342342342343	SLATDGLG:0.23423423423423423	RISLATDG:0.21621621621621623	ISLATDGL:0.23423423423423423	LDDVKRIS:0.2972972972972973	QATHPFLR:0.43243243243243246	WSHWANDE:0.2072072072072072	NLPTKFLQ:0.2072072072072072	RTLDDVKR:0.34234234234234234	NFASQATH:0.23423423423423423	FASQATHP:0.23423423423423423	ASQATHPF:0.23423423423423423	FTVTDLGP:0.2072072072072072	SLWSHWAN:0.25225225225225223	FGVHVNAT:0.24324324324324326	VDQGWGPF:0.23423423423423423	NGNDHADW:0.21621621621621623	GVHVNATE:0.24324324324324326	YGGATNKG:0.21621621621621623	
