cluster number:80
CE14:11	CE14:11
TPMASPDH:0.5454545454545454	DLTDGEPT:1.0	VGIVDLTD:0.5454545454545454	PMASPDHW:0.45454545454545453	PDHWQAMQ:0.45454545454545453	RVGIVDLT:0.2727272727272727	LPNRRLFD:0.8181818181818182	LTLPNRRL:0.2727272727272727	SPDHWQAM:0.45454545454545453	QITDAAVF:0.36363636363636365	VDLTDGEP:0.5454545454545454	VGAHPDDV:0.7272727272727273	TLPNRRLF:0.2727272727272727	GIVDLTDG:0.5454545454545454	DHWQAMQI:0.45454545454545453	DGEPTPLS:0.45454545454545453	IVDLTDGE:0.5454545454545454	AVGAHPDD:0.9090909090909091	HWQAMQIT:0.45454545454545453	ASPDHWQA:0.5454545454545454	LTDGEPTP:1.0	WQAMQITD:0.45454545454545453	AMQITDAA:0.45454545454545453	MASPDHWQ:0.45454545454545453	QAMQITDA:0.45454545454545453	TDGEPTPL:0.45454545454545453	ITDAAVFY:0.6363636363636364	MQITDAAV:0.2727272727272727	GAHPDDVE:0.7272727272727273	KTPMASPD:0.45454545454545453	AMLITDAA:0.36363636363636365	YSRLTKWD:0.5454545454545454	LITDAAVF:0.2727272727272727	ASPDHYQA:0.36363636363636365	SRLTKWDE:0.5454545454545454	RYHGLTAG:0.2727272727272727	RINLNLPN:0.2727272727272727	PDHYQAML:0.36363636363636365	AVFYSRLT:0.36363636363636365	TDAAVFYS:0.5454545454545454	LIAVGAHP:0.2727272727272727	SPDHYQAM:0.36363636363636365	MLITDAAV:0.2727272727272727	IACGGTLA:0.36363636363636365	FYSRLTKW:0.5454545454545454	VALAKVFR:0.2727272727272727	DDLMRWAS:0.2727272727272727	GLDLPEAS:0.2727272727272727	LDLPEASG:0.2727272727272727	NRYHGLTA:0.2727272727272727	HYQAMLIT:0.36363636363636365	AVETMNRY:0.2727272727272727	LNLPNRRL:0.2727272727272727	QAMLITDA:0.36363636363636365	LDLIAVGA:0.2727272727272727	VFYSRLTK:0.36363636363636365	EIACGGTL:0.36363636363636365	DHYQAMLI:0.36363636363636365	DAAVFYSR:0.5454545454545454	NLNLPNRR:0.2727272727272727	VVLGFGGK:0.2727272727272727	MNRYHGLT:0.2727272727272727	ETMNRYHG:0.2727272727272727	TMNRYHGL:0.2727272727272727	ELDLIAVG:0.2727272727272727	NLPNRRLF:0.2727272727272727	PKVVLGFG:0.2727272727272727	HGLDLPEA:0.2727272727272727	IAVGAHPD:0.8181818181818182	KVVLGFGG:0.2727272727272727	LGFGGKTV:0.2727272727272727	DLIAVGAH:0.2727272727272727	YQAMLITD:0.36363636363636365	VLGFGGKT:0.2727272727272727	RVALAKVF:0.2727272727272727	INLNLPNR:0.2727272727272727	DLMRWASP:0.2727272727272727	AAVFYSRL:0.6363636363636364	VETMNRYH:0.2727272727272727	LDVIAVGA:0.45454545454545453	GIIDLTDG:0.2727272727272727	IIDLTDGE:0.2727272727272727	VGIIDLTD:0.2727272727272727	DVIAVGAH:0.5454545454545454	IDLTDGEP:0.45454545454545453	YRVGIIDL:0.2727272727272727	VIAVGAHP:0.5454545454545454	RVGIIDLT:0.2727272727272727	GYRVGIID:0.2727272727272727	DDVEIGCG:0.2727272727272727	DVEIGCGG:0.2727272727272727	PDDVEIGC:0.2727272727272727	AHPDDVEI:0.5454545454545454	HPDDVEIG:0.2727272727272727	NRRLFDGF:0.2727272727272727	LTKWDEHF:0.2727272727272727	PDDVEIAC:0.2727272727272727	VEIACGGT:0.2727272727272727	DDVEIACG:0.2727272727272727	HPDDVEIA:0.2727272727272727	RLTKWDEH:0.2727272727272727	DVEIACGG:0.2727272727272727	PNRRLFDG:0.2727272727272727	LASPDHYQ:0.2727272727272727	TDGEPTPN:0.2727272727272727	
