cluster number:40
CE14:9	CE14:9
ILAEGATS:0.2222222222222222	SDVNIDHR:0.2222222222222222	LRAYAPEM:0.2222222222222222	DEVLGAGG:0.3333333333333333	PDNRMDGV:0.2222222222222222	RAYAPEMR:0.2222222222222222	HHLILAEG:0.2222222222222222	AVIAATRP:0.2222222222222222	LLDVVKVI:0.2222222222222222	ALRAYAPE:0.2222222222222222	PDDEVLGA:0.3333333333333333	AEGATSRD:0.2222222222222222	HLILAEGA:0.2222222222222222	LSELARCA:0.2222222222222222	LILAEGAT:0.2222222222222222	AHPDDEVL:0.3333333333333333	AATRPQPG:0.3333333333333333	LAEGATSR:0.2222222222222222	DAVIAATR:0.2222222222222222	LDVVKVIE:0.2222222222222222	VHHLILAE:0.2222222222222222	VIAAHPDD:0.5555555555555556	IAATRPQP:0.2222222222222222	HPDDEVLG:0.3333333333333333	FPDNRMDG:0.2222222222222222	AAHPDDEV:0.2222222222222222	IAAHPDDE:0.5555555555555556	VIAATRPQ:0.2222222222222222	HDAVIAAT:0.2222222222222222	DDEVLGAG:0.3333333333333333	IGVEAAEA:0.2222222222222222	LVIAAHPD:0.4444444444444444	AHPDDEIL:0.4444444444444444	GVEAAEAF:0.2222222222222222	AAHPDDEI:0.3333333333333333	HPDDEILG:0.4444444444444444	PDDEILGC:0.2222222222222222	DDEILGCG:0.2222222222222222	ILVIAAHP:0.3333333333333333	DDEILGAG:0.2222222222222222	DEILGAGG:0.2222222222222222	EVLGAGGA:0.2222222222222222	
