cluster number:71
CE14:43	CE14:43
HPDHVQVH:0.6511627906976745	ADVVTIYD:0.3488372093023256	DAGHRVVL:0.2558139534883721	HAHPDDEV:0.5581395348837209	LVVATDGA:0.20930232558139536	VVLVVATD:0.20930232558139536	GHPDHVQV:0.6744186046511628	VLVVATDG:0.20930232558139536	GYGHPDHV:0.7209302325581395	AHPDDEVF:0.5581395348837209	RVVLVVAT:0.4186046511627907	YGHPDHVQ:0.6744186046511628	GGYGHPDH:0.8837209302325582	AGHRVVLV:0.27906976744186046	HRVVLVVA:0.3953488372093023	CFHAHPDD:0.5348837209302325	AADAGHRV:0.5116279069767442	ADAGHRVV:0.5116279069767442	GHRVVLVV:0.3953488372093023	PDHVQVHR:0.37209302325581395	FHAHPDDE:0.9069767441860465	VVVTATDG:0.27906976744186046	KRAAMHAH:0.20930232558139536	VFTTGGVM:0.3023255813953488	HVYEAAVS:0.20930232558139536	VVVVTATD:0.27906976744186046	ADSGMAGT:0.37209302325581395	TIYDPNGG:0.4186046511627907	PDDEVFTT:0.3023255813953488	HPDDEVFT:0.3023255813953488	GQEWFRRR:0.20930232558139536	TGGVMRQA:0.23255813953488372	AGHRVVVV:0.27906976744186046	TQIGDFGP:0.23255813953488372	MSVLVCFH:0.3488372093023256	PDHVQVHH:0.27906976744186046	VTATDGAL:0.32558139534883723	MRQAADAG:0.23255813953488372	DPNGGYGH:0.46511627906976744	DHVQVHHV:0.27906976744186046	DEVFTTGG:0.3023255813953488	GHRVVVVT:0.27906976744186046	SVLVCFHA:0.4186046511627907	GVMRQAAD:0.23255813953488372	TATDGALG:0.32558139534883723	VVTATDGA:0.27906976744186046	DLDTFGLP:0.20930232558139536	VMRQAADA:0.23255813953488372	GDFGPFLQ:0.20930232558139536	QIGDFGPF:0.2558139534883721	SGMAGTPE:0.2558139534883721	DSGMAGTP:0.32558139534883723	YADSGMAG:0.4418604651162791	FGQEWFRR:0.20930232558139536	VLVCFHAH:0.4186046511627907	YEAAVSRD:0.20930232558139536	YDPNGGYG:0.46511627906976744	DFGPFLQM:0.20930232558139536	RQAADAGH:0.23255813953488372	DVVTIYDP:0.27906976744186046	QEWFRRRG:0.20930232558139536	EAAVSRDH:0.20930232558139536	PNGGYGHP:0.46511627906976744	RVVVVTAT:0.27906976744186046	PDLDTFGL:0.20930232558139536	PPDLDTFG:0.20930232558139536	EITTVVDV:0.2558139534883721	HYADSGMA:0.3023255813953488	VVTIYDPN:0.27906976744186046	IYDPNGGY:0.4186046511627907	VYEAAVSR:0.20930232558139536	EVFTTGGV:0.3023255813953488	HRVVVVTA:0.27906976744186046	ATDGALGE:0.3488372093023256	IGDFGPFL:0.2558139534883721	NGGYGHPD:0.5348837209302325	VTIYDPNG:0.27906976744186046	DAGHRVVV:0.27906976744186046	DDEVFTTG:0.3023255813953488	QAADAGHR:0.23255813953488372	AFCNVDVE:0.20930232558139536	GMAGTPEN:0.2558139534883721	FTTGGVMR:0.3023255813953488	HVQVHHVG:0.2558139534883721	GGVMRQAA:0.23255813953488372	VCFHAHPD:0.4418604651162791	LVCFHAHP:0.4418604651162791	LHYADSGM:0.3023255813953488	PDDEALLT:0.3488372093023256	DHVQVHRV:0.27906976744186046	AHPDDEAL:0.37209302325581395	HAHPDDEA:0.3953488372093023	HVQVHRVG:0.27906976744186046	FFHAHPDD:0.23255813953488372	DEALLTAG:0.23255813953488372	EALLTAGT:0.20930232558139536	DDEALLTA:0.23255813953488372	HPDDEALL:0.3488372093023256	EWFRRRGA:0.27906976744186046	WFRRRGAP:0.20930232558139536	
