cluster number:28
CE14:24	CE14:24|3.5.1.105:2
DAVLAPDP:0.25	ITDVMELK:0.2916666666666667	HPDDCAIG:0.375	LEFDLSNP:0.20833333333333334	ALDAVAFS:0.20833333333333334	KKAGVKYA:0.20833333333333334	PDDCAIGL:0.25	PFLRTVAL:0.3333333333333333	YEAHPDHR:0.3333333333333333	ESARMLGV:0.20833333333333334	LAPDPWLP:0.2916666666666667	GFLALDAV:0.20833333333333334	WLPYEAHP:0.4583333333333333	FLRTVALY:0.25	DDCAIGLG:0.25	PYEAHPDH:0.625	AGVKYAEG:0.3333333333333333	RAHRSQFT:0.25	EKWEPFLR:0.3333333333333333	EGLRFMPG:0.20833333333333334	LGGTIKKL:0.20833333333333334	MELKLRAI:0.20833333333333334	FLALDAVA:0.20833333333333334	QFTDDVWE:0.2916666666666667	AVLAPDPW:0.25	AIGLGGTI:0.25	RDTELPYT:0.25	KWEPFLRT:0.3333333333333333	LHITPFAE:0.2916666666666667	VEKVLCIE:0.25	SQFTDDVW:0.2916666666666667	EPFLRTVA:0.4166666666666667	AFSQLPNF:0.20833333333333334	AEGLRFMP:0.25	VLAPDPWL:0.2916666666666667	YYTAKPNY:0.25	KAGVKYAE:0.3333333333333333	RSQFTDDV:0.25	GFYYTAKP:0.25	LCIEPHPD:0.5833333333333334	PDAVLAPD:0.25	PHPDDCAI:0.375	LPYEAHPD:0.625	VWEKWEPF:0.2916666666666667	YGKKAGVK:0.20833333333333334	KVLCIEPH:0.5416666666666666	FLHITPFA:0.3333333333333333	YAEGLRFM:0.25	REEEESAR:0.20833333333333334	ITPFAELI:0.3333333333333333	DDVWEKWE:0.25	PDPWLPYE:0.7083333333333334	EKPDAVLA:0.20833333333333334	EFDLSNPF:0.20833333333333334	VAFSQLPN:0.25	KYAEGLRF:0.25	YRDTELPY:0.4583333333333333	DCAIGLGG:0.25	TELPYTRE:0.25	WEKWEPFL:0.3333333333333333	VLCIEPHP:0.5416666666666666	LRTVALYY:0.25	RTVALYYG:0.25	HRSQFTDD:0.2916666666666667	DTELPYTR:0.25	GLGGTIKK:0.20833333333333334	DPWLPYEA:0.4583333333333333	CIEPHPDD:0.7083333333333334	EESARMLG:0.20833333333333334	TDVMELKL:0.2916666666666667	IGLGGTIK:0.25	GGTIKKLT:0.375	AHRSQFTD:0.25	EPHPDDCA:0.375	PWLPYEAH:0.4583333333333333	WEPFLRTV:0.5	ELKLRAIR:0.20833333333333334	HITPFAEL:0.375	EKVLCIEP:0.2916666666666667	GTIKKLTD:0.20833333333333334	TGFLALDA:0.20833333333333334	IEPHPDDC:0.7083333333333334	CAIGLGGT:0.25	FYYTAKPN:0.25	GKKAGVKY:0.20833333333333334	LALDAVAF:0.20833333333333334	DITDVMEL:0.2916666666666667	EEEESARM:0.20833333333333334	KPDAVLAP:0.20833333333333334	APDPWLPY:0.375	EEESARML:0.20833333333333334	DVWEKWEP:0.25	FTDDVWEK:0.25	TDDVWEKW:0.25	YTAKPNYF:0.25	ELPYTREV:0.20833333333333334	LPYTREVR:0.20833333333333334	DGSMGTTD:0.2916666666666667	TDGSMGTT:0.2916666666666667	LTDGSMGT:0.3333333333333333	PYTREVRK:0.20833333333333334	YYTHKPNY:0.25	KPNYFVDI:0.375	GVKKIYWL:0.20833333333333334	KKIYWLNY:0.20833333333333334	MPGLFYHI:0.20833333333333334	IIRKEKPD:0.20833333333333334	KIYWLNYR:0.25	VIGMGGTI:0.2916666666666667	HPDDCVIG:0.3333333333333333	PDDCVIGM:0.2916666666666667	GMGGTIKK:0.20833333333333334	PGLFYHIT:0.20833333333333334	IRKEKPDG:0.20833333333333334	CMTDGYMG:0.25	VDITDVME:0.25	GLFYHITP:0.20833333333333334	LNYRDTEL:0.25	MTDGYMGT:0.25	IGMGGTIK:0.25	CVIGMGGT:0.2916666666666667	VKKIYWLN:0.20833333333333334	EPHPDDCV:0.3333333333333333	PHPDDCVI:0.3333333333333333	LFYHITPF:0.25	FYHITPFA:0.20833333333333334	DDCVIGMG:0.2916666666666667	KEKPDGVF:0.20833333333333334	YWLNYRDT:0.25	RKEKPDGV:0.20833333333333334	YFVDITDV:0.2916666666666667	PNYFVDIT:0.4166666666666667	WLNYRDTE:0.25	IYWLNYRD:0.25	LGVKKIYW:0.20833333333333334	NYFVDITD:0.4166666666666667	MGGTIKKL:0.20833333333333334	NYRDTELP:0.25	DCVIGMGG:0.2916666666666667	FVDITDVM:0.2916666666666667	GSMGTTDE:0.20833333333333334	LFLHITPF:0.25	VVYLCLTD:0.20833333333333334	YLCLTDGS:0.20833333333333334	VYLCLTDG:0.20833333333333334	LCLTDGSM:0.20833333333333334	YEAHPDHV:0.25	CLTDGSMG:0.20833333333333334	IRRKEEEE:0.20833333333333334	RRKEEEES:0.20833333333333334	RKEEEESA:0.20833333333333334	AVRAHRSQ:0.20833333333333334	
