cluster number:1
CE14:141	CE14:141
VEIGMGGT:0.8226950354609929	QAELSSNG:0.2624113475177305	DLTQAELS:0.2624113475177305	DRHPDHGN:0.5177304964539007	LTQAELSS:0.2624113475177305	ICDLTQAE:0.2624113475177305	LSSNGTVE:0.2978723404255319	DDVEIGMG:0.8652482269503546	IGMGGTIA:0.7943262411347518	ELSSNGTV:0.8085106382978723	TPLVNGYI:0.22695035460992907	TQAELSSN:0.2624113475177305	DILAFGAH:0.5106382978723404	EIGMGGTI:0.8014184397163121	NGYIETVE:0.20567375886524822	EDRHPDHG:0.28368794326241137	DVEIGMGG:0.8368794326241135	AELSSNGT:0.8439716312056738	CDLTQAEL:0.2624113475177305	PDFVIDIS:0.2695035460992908	AFGAHSDD:0.5390070921985816	ILAFGAHS:0.36879432624113473	SDDVEIGM:0.5460992907801419	LTLPDRGL:0.4326241134751773	IQLTLPDR:0.40425531914893614	RPDFVIDI:0.3475177304964539	FGAHSDDV:0.5390070921985816	QLTLPDRG:0.40425531914893614	GMGGTIAK:0.7375886524822695	GGTIAKYV:0.22695035460992907	GAHSDDVE:0.5460992907801419	LDILAFGA:0.23404255319148937	HRPDFVID:0.3475177304964539	MGGTIAKY:0.3829787234042553	DRHPDHGH:0.2198581560283688	HSDDVEIG:0.5460992907801419	AHSDDVEI:0.5460992907801419	RIQLTLPD:0.40425531914893614	LAFGAHSD:0.5390070921985816	PLTNGYIE:0.5177304964539007	FGAHPDDV:0.2553191489361702	MINGFHRP:0.24822695035460993	TPLTNGYI:0.524822695035461	YMINGFHR:0.24822695035460993	VEEAVFSA:0.46808510638297873	LAFGAHPD:0.23404255319148937	LVEEAVFS:0.425531914893617	AHPDDVEI:0.2695035460992908	AFGAHPDD:0.24113475177304963	PDDVEIGM:0.2198581560283688	GAHPDDVE:0.2765957446808511	HPDDVEIG:0.2553191489361702	GFHRPDFV:0.2198581560283688	AAALVEEA:0.3404255319148936	PDFVIDIT:0.22695035460992907	PDHGNAAA:0.3475177304964539	HPDHGNAA:0.3475177304964539	VDILAFGA:0.20567375886524822	NGFHRPDF:0.2198581560283688	HGNAAALV:0.3475177304964539	SVIRACRP:0.2127659574468085	FSAGIHKY:0.3546099290780142	VIRACRPK:0.2127659574468085	EEAAEAAR:0.23404255319148937	LTNGYIEM:0.2553191489361702	ICDLTEAE:0.375886524822695	TEAELSSN:0.3900709219858156	RKEEAAEA:0.2198581560283688	IEMVEARE:0.2127659574468085	GYIEMVEA:0.2127659574468085	IVSVIRAC:0.2127659574468085	AAEAARIL:0.2127659574468085	TNGYIEMV:0.20567375886524822	DLTEAELS:0.375886524822695	YYMINGFH:0.4397163120567376	VIDITETI:0.2198581560283688	GYAEGFFS:0.24113475177304963	DHGNAAAL:0.3475177304964539	ALVEEAVF:0.2127659574468085	VFSAGIHK:0.22695035460992907	PKDRHPDH:0.2127659574468085	VYYYMING:0.3404255319148936	RHPDHGNA:0.3475177304964539	MGGTIAKF:0.3404255319148936	GNAAALVE:0.3404255319148936	INGFHRPD:0.2198581560283688	KDRHPDHG:0.36879432624113473	EAVFSAGI:0.46808510638297873	EAAEAARI:0.2127659574468085	LTEAELSS:0.3900709219858156	FHRPDFVI:0.2198581560283688	CDLTEAEL:0.375886524822695	FVIDITET:0.2198581560283688	NGYIEMVE:0.2127659574468085	AEAARILG:0.2127659574468085	NAAALVEE:0.3404255319148936	YIEMVEAR:0.2127659574468085	EEAVFSAG:0.4397163120567376	EAELSSNG:0.3900709219858156	YYYMINGF:0.3829787234042553	YAEGFFSK:0.3900709219858156	AVFSAGIH:0.23404255319148937	DFVIDITE:0.2198581560283688	YPKDRHPD:0.2127659574468085	VSVIRACR:0.2127659574468085	KEEAAEAA:0.2198581560283688	AALVEEAV:0.2127659574468085	PYPKDRHP:0.2127659574468085	AEGFFSKR:0.20567375886524822	
