cluster number:2
GH81:131	GH81:131|CBM56:25|CBM6:10|CBM32:2|3.2.1.39:2|CBM13:1|CBM12:1|CBM4:1
YPASYGSD:0.4732824427480916	DTYWTGKA:0.32061068702290074	PASYGSDT:0.2366412213740458	HHFHYGYY:0.29770992366412213	TLIGYPAS:0.3511450381679389	GYPASYGS:0.48854961832061067	GMVWGDGG:0.22900763358778625	IGYPASYG:0.2900763358778626	WGTLIGYP:0.37404580152671757	AGNNQESS:0.46564885496183206	DHHFHYGY:0.7022900763358778	QESSSEGM:0.24427480916030533	NDHHFHYG:0.6946564885496184	LIGYPASY:0.2900763358778626	VGMVWGDG:0.22900763358778625	NNQESSSE:0.6946564885496184	LNDHHFHY:0.732824427480916	GTLIGYPA:0.2366412213740458	NQESSSEG:0.26717557251908397	ESSSEGMN:0.20610687022900764	GNNQESSS:0.6946564885496184	AAGNNQES:0.3053435114503817	GFAAGNNQ:0.2824427480916031	FAAGNNQE:0.32061068702290074	NWGTLIGY:0.24427480916030533	TYWTGKAL:0.3053435114503817	RYFATDPV:0.20610687022900764	VPTNDWWS:0.35877862595419846	TNDWWSSL:0.6183206106870229	YWTGKALG:0.29770992366412213	PTNDWWSS:0.6183206106870229	SKAHTYHW:0.25190839694656486	HHFHYGYF:0.3816793893129771	NDWWSSLA:0.37404580152671757	ELNDHHFH:0.6183206106870229	HFHYGYFI:0.22137404580152673	YTYVSPRG:0.22137404580152673	NQESSSES:0.29770992366412213	GESKAHTY:0.24427480916030533	ESKAHTYH:0.24427480916030533	GHSWASGH:0.3282442748091603	TVTFSDGK:0.21374045801526717	YAGHSWAS:0.31297709923664124	AGHSWASG:0.31297709923664124	WASGHQGF:0.22137404580152673	ERGTLQAL:0.21374045801526717	LQALYRHQ:0.2366412213740458	SYGSDTEL:0.20610687022900764	GSDTELND:0.22900763358778625	PRGTMKVR:0.24427480916030533	ANPEEIHG:0.2595419847328244	ASYGSDTE:0.20610687022900764	SDWTVTPY:0.2748091603053435	PEEIHGIN:0.2748091603053435	GHQGFAAG:0.22900763358778625	WWSSLAFQ:0.22137404580152673	PFLRGFDV:0.2366412213740458	FLRGFDVY:0.2366412213740458	DWWSSLAF:0.2366412213740458	VSPRGTMK:0.22137404580152673	GLNSPDTK:0.22900763358778625	TGYPASYG:0.20610687022900764	SPRGTMKV:0.24427480916030533	YALFAPTG:0.20610687022900764	HQGFAAGN:0.22900763358778625	SDTELNDH:0.22900763358778625	DTELNDHH:0.22137404580152673	TWWTANPE:0.2595419847328244	DWTVTPYW:0.2900763358778626	SSLAFQRY:0.20610687022900764	DNPYSTPM:0.21374045801526717	LRGFDVYA:0.2366412213740458	ASGHQGFA:0.22137404580152673	TLQALYRH:0.2366412213740458	GHPLTYQA:0.22900763358778625	WSSLAFQR:0.22137404580152673	GTLQALYR:0.2366412213740458	LTGYPASY:0.20610687022900764	ALYRHQWL:0.22900763358778625	RGFDVYAG:0.2366412213740458	PVPTNDWW:0.2900763358778626	NPEEIHGI:0.2748091603053435	RGTMKVRE:0.2366412213740458	NPYSTPMY:0.21374045801526717	SGHQGFAA:0.22137404580152673	HGINVLPV:0.2366412213740458	MYGHPLTY:0.24427480916030533	YGHPLTYQ:0.22900763358778625	YSTPMYGH:0.21374045801526717	YGSDTELN:0.21374045801526717	GFDVYAGH:0.2366412213740458	IHGINVLP:0.2366412213740458	EEIHGINV:0.2366412213740458	TPMYGHPL:0.22137404580152673	YVSPRGTM:0.22137404580152673	WWTANPEE:0.2595419847328244	EIHGINVL:0.2366412213740458	ERENGGPA:0.2366412213740458	HHYALFAP:0.2366412213740458	WSDWTVTP:0.2748091603053435	GINVLPVT:0.2366412213740458	PYSTPMYG:0.21374045801526717	TANPEEIH:0.2595419847328244	TLTGYPAS:0.20610687022900764	QGFAAGNN:0.22900763358778625	GHHYALFA:0.2366412213740458	EMERENGG:0.22137404580152673	TYVSPRGT:0.20610687022900764	PMYGHPLT:0.22900763358778625	MERENGGP:0.22137404580152673	WTANPEEI:0.2595419847328244	STPMYGHP:0.22137404580152673	TELNDHHF:0.22900763358778625	QALYRHQW:0.25190839694656486	RGTLQALY:0.21374045801526717	AEMERENG:0.22137404580152673	SYDLTGDG:0.2595419847328244	YDLTGDGT:0.22137404580152673	YYVYAAAI:0.21374045801526717	FDVYAGHS:0.2366412213740458	HSWASGHQ:0.21374045801526717	SWASGHQG:0.21374045801526717	DVYAGHSW:0.2366412213740458	VYAGHSWA:0.2366412213740458	DLTGDGTF:0.20610687022900764	
