cluster number:10
GH81:27	GH81:27
PPTNRWFS:0.5925925925925926	GDGNNQES:0.2222222222222222	ATWFSPEP:0.3333333333333333	GGKRDYAT:0.4074074074074074	WFSPEPAA:0.2222222222222222	DTYFGGKA:0.4444444444444444	FHYGYFLY:0.37037037037037035	TYFGGKAL:0.4444444444444444	FNDHHFHY:0.5185185185185185	VFPLPLSF:0.37037037037037035	LVWGGKRD:0.37037037037037035	RDYATWFS:0.4444444444444444	PADTYFGG:0.2962962962962963	DYATWFSP:0.25925925925925924	TWFSPEPA:0.2222222222222222	GLTPPTNR:0.2222222222222222	QPVFPLPL:0.25925925925925924	SEAVNAWV:0.2222222222222222	ILLIPMNP:0.2222222222222222	DHHFHYGY:0.8888888888888888	KRDYATWF:0.4444444444444444	LLAADIAS:0.2222222222222222	GNNQESAS:0.2222222222222222	GKRDYATW:0.4074074074074074	NDHHFHYG:0.8888888888888888	DGNNQESA:0.2222222222222222	PFGDGNNQ:0.2222222222222222	VWGGKRDY:0.3333333333333333	YFGGKALY:0.25925925925925924	YFLYAAGV:0.3333333333333333	PVFPLPLS:0.4074074074074074	HHFHYGYF:0.48148148148148145	PTNRWFSG:0.6296296296296297	LIPMNPAS:0.2222222222222222	ADTYFGGK:0.4444444444444444	NNQESASE:0.2222222222222222	EAVNAWVG:0.2222222222222222	QESASEAV:0.2222222222222222	FGGKALYR:0.25925925925925924	LLIPMNPA:0.2222222222222222	FGDGNNQE:0.2222222222222222	NQESASEA:0.2222222222222222	TPPTNRWF:0.2222222222222222	LTPPTNRW:0.2222222222222222	SPFGDGNN:0.2222222222222222	WGGKRDYA:0.4074074074074074	YATWFSPE:0.25925925925925924	YPADTYFG:0.2222222222222222	GYFLYAAG:0.3333333333333333	YGYFLYAA:0.37037037037037035	HFHYGYFL:0.4074074074074074	HYGYFLYA:0.37037037037037035	NQESSSEA:0.6296296296296297	WFSGLVFG:0.48148148148148145	EFNDHHFH:0.37037037037037035	RWFSGLVF:0.4444444444444444	HFHYGYLL:0.25925925925925924	DGNNQESS:0.6296296296296297	DEFNDHHF:0.25925925925925924	GSDEFNDH:0.25925925925925924	TNRWFSGL:0.48148148148148145	ATWFSAEP:0.25925925925925924	FGDYLLMY:0.2962962962962963	SDEFNDHH:0.25925925925925924	YAGHSWAS:0.25925925925925924	QESSSEAV:0.6296296296296297	NNQESSSE:0.6296296296296297	GHSWASGT:0.2222222222222222	FGSDEFND:0.25925925925925924	TWFSAEPS:0.2222222222222222	WFSAEPSA:0.2222222222222222	SFGSDEFN:0.2222222222222222	HHFHYGYL:0.3333333333333333	SLVWGGKR:0.2962962962962963	NRWFSGLV:0.48148148148148145	GNNQESSS:0.6296296296296297	AGHSWASG:0.2962962962962963	FSGLVFGD:0.2222222222222222	SSSEAVNA:0.25925925925925924	ADGNNQES:0.6666666666666666	ESSSEAVN:0.25925925925925924	FADGNNQE:0.6666666666666666	ELNDHHFH:0.2222222222222222	SPFADGNN:0.3333333333333333	PFADGNNQ:0.5555555555555556	SSEAVNAW:0.25925925925925924	WASGTSPF:0.2962962962962963	SWASGTSP:0.25925925925925924	HSWASGTS:0.25925925925925924	ASGTSPFA:0.2222222222222222	SGTSPFAD:0.2222222222222222	APFADGNN:0.2222222222222222	
