cluster number:48
CBM6:6	CBM6:6
FDEGGEGV:0.3333333333333333	DEGGEGVS:0.3333333333333333	DLLYTAQR:0.3333333333333333	ETIPWRQW:0.3333333333333333	PLGLLYVG:0.3333333333333333	LYTAQRDA:0.3333333333333333	VLTVRIVT:0.3333333333333333	LGLLYVGW:0.3333333333333333	GTYLNEFR:0.5	GEWFNLTV:0.3333333333333333	PGAVFCAY:0.3333333333333333	VVPPLGLL:0.3333333333333333	EWFNLTVE:0.3333333333333333	ADLLYTAQ:0.3333333333333333	AETIPWRQ:0.3333333333333333	RQWHHWNV:0.5	PPLGLLYV:0.3333333333333333	PGEWFNLT:0.3333333333333333	IPGAVFCA:0.3333333333333333	VPPLGLLY:0.3333333333333333	IPWRQWHH:0.3333333333333333	TIPWRQWH:0.3333333333333333	YHDTDAVN:0.3333333333333333	TVRIVTGG:0.3333333333333333	PWRQWHHW:0.5	FNLTVETA:0.3333333333333333	EPGEWFNL:0.3333333333333333	VRIVTGGN:0.3333333333333333	LTVRIVTG:0.3333333333333333	LLYTAQRD:0.3333333333333333	WRQWHHWN:0.6666666666666666	WFNLTVET:0.3333333333333333	HEGVDISY:0.3333333333333333	GGEGVAYH:0.5	DGTYLNEF:0.3333333333333333	GVDISYTK:0.3333333333333333	QWHHWNVA:0.3333333333333333	EGVDISYT:0.3333333333333333	GEGVAYHD:0.5	GVAYHDTD:0.3333333333333333	EGVAYHDT:0.3333333333333333	
