cluster number:16
CBM6:12	CBM6:12|GH5_47:9|GH5:1|3.2.1.39:1|3.2.1.75:1|CBM13:1|GH5_2:1|CE1:1
LLGSYGGQ:0.25	YPGLWGWN:0.3333333333333333	PGHNSGID:0.25	GMVTNSSN:0.25	HGTVGGQA:0.25	WTLLGSYG:0.25	VNDQCTLE:0.25	TTDAGGGF:0.25	GGWQNWQT:0.25	GEFQPWTL:0.25	FNVVRAKD:0.25	MHFYPGLW:0.3333333333333333	WMHFYPGL:0.25	EAEKRGMY:0.4166666666666667	WGMVTNSS:0.25	LNEPWGTD:0.5833333333333334	FYPGLWGW:0.3333333333333333	NSGIDAYG:0.25	MYTILDLH:0.25	EKRGMYTI:0.25	DLLNEPWG:0.25	LHGTVGGQ:0.25	VRNESIAY:0.25	ETTTDAGG:0.25	INEAEKRG:0.25	AAYDLLNE:0.25	MVTNSSNG:0.25	SIAYWMNW:0.25	NESIAYWM:0.25	RMETTTDA:0.25	DWMSYPIN:0.3333333333333333	DRTKWLWD:0.3333333333333333	IDAYGNPN:0.25	YTILDLHG:0.3333333333333333	LVRNESIA:0.25	NDWMSYPI:0.3333333333333333	AYDLLNEP:0.25	VPNTGGWQ:0.6666666666666666	NVVRAKDP:0.25	GIDAYGNP:0.25	PNTGGWQN:0.4166666666666667	NEPWGTDA:0.3333333333333333	TGGWQNWT:0.25	ELFNVVRA:0.25	AGQQDLAI:0.25	GMYTILDL:0.25	YGWAATNW:0.25	GWQNWQTV:0.25	AEKRGMYT:0.25	GGWQNWTT:0.25	YELFNVVR:0.25	NTGGWQNW:0.4166666666666667	LDLHGTVG:0.25	LLPGHNSG:0.25	EFQPWTLL:0.25	IAYWMNWK:0.25	GHNSGIDA:0.25	SGIDAYGN:0.25	METTTDAG:0.25	DLHGTVGG:0.25	ILDLHGTV:0.25	VAAYDLLN:0.25	QPWTLLGS:0.25	TLLGSYGG:0.25	NEAEKRGM:0.25	ILLPGHNS:0.25	AINEAEKR:0.25	LFNVVRAK:0.25	RGMYTILD:0.25	ESIAYWMN:0.25	QPLVRNES:0.25	PLVRNESI:0.25	HFYPGLWG:0.3333333333333333	TTTDAGGG:0.25	GWAATNWA:0.25	AVAAYDLL:0.25	TDAGGGFN:0.25	TQPLVRNE:0.25	KRGMYTIL:0.25	LPGHNSGI:0.25	RNESIAYW:0.25	YDLLNEPW:0.25	HNSGIDAY:0.25	PWTLLGSY:0.25	FQPWTLLG:0.25	LLNEPWGT:0.6666666666666666	TGGWQNWQ:0.25	VTNSSNGG:0.3333333333333333	GWGMVTNS:0.25	YRDRTKWL:0.25	TVPNTGGW:0.5	PFLIGEFQ:0.3333333333333333	MYVILDLH:0.25	TVTVPNTG:0.4166666666666667	NMYGWAAT:0.25	LIGEFQPW:0.3333333333333333	YVILDLHG:0.25	GVNLGNWL:0.25	GTGESCDW:0.25	IGEFQPWT:0.3333333333333333	YNMYGWAA:0.25	RDRTKWLW:0.25	WGWGMVTN:0.25	VTVPNTGG:0.4166666666666667	TGESCDWN:0.25	FLIGEFQP:0.3333333333333333	PGLWGWNE:0.25	YGLLNEPW:0.5	LDLHGAAG:0.3333333333333333	GYGLLNEP:0.3333333333333333	GLLNEPWG:0.5	AGYGLLNE:0.3333333333333333	VAGYGLLN:0.3333333333333333	WAATAWSY:0.25	AATAWSYK:0.25	QGWEHHSG:0.3333333333333333	WEHHSGCA:0.3333333333333333	GWEHHSGC:0.3333333333333333	GNWLQLEF:0.25	PYTLRPDA:0.25	WLQLEFWM:0.25	TILDLHGA:0.25	GSQGWEHH:0.25	NWLQLEFW:0.25	YTLRPDAW:0.25	SQGWEHHS:0.25	LQLEFWMM:0.25	
