cluster number:18
CBM6:30	CBM6:30|GH5_2:22|3.2.1.4:7|CBM81:4|CBM5:3|CBM2:2|CBM32:1|PL7:1|GH30_3:1|GH5:1|PL0:1|GH62:1|CE2:1|GH8:1
NVGYIDAG:0.2	VGYIDAGD:0.2	ALNNGIAL:0.26666666666666666	AQTALNNG:0.3333333333333333	SSSTSSSS:0.2	SSSSSTSS:0.2	IANDMYVI:0.43333333333333335	WGGEKYYT:0.23333333333333334	RDKAQTAL:0.3333333333333333	ALFATEWG:0.23333333333333334	SSSSSSSS:0.3333333333333333	WGTVNANG:0.2	GGEKYYTA:0.23333333333333334	DWHSHHAE:0.26666666666666666	NSLFWSNN:0.26666666666666666	LRDKAQTA:0.3333333333333333	EWGTVNAN:0.2	IAYTLHFY:0.4	IDWHSHHA:0.3	LHFYAGTH:0.23333333333333334	NIAYTLHF:0.4	DMARTYGN:0.2	AIANDMYV:0.43333333333333335	DMYVIIDW:0.4666666666666667	DPDNLIIV:0.4666666666666667	RAIDPDNL:0.4	AIRAIDPD:0.3333333333333333	GNSLFWSN:0.36666666666666664	PDNLIIVG:0.4666666666666667	VRAAMGVE:0.26666666666666666	ANDMYVII:0.5	ASFAGNSL:0.23333333333333334	HANWALND:0.26666666666666666	ISHANWAL:0.26666666666666666	TVNANGDG:0.2	VDAAIAND:0.43333333333333335	GTVNANGD:0.2	VGTPTWSQ:0.2	TPTWSQDV:0.2	IIDWHSHH:0.3	MYVIIDWH:0.4666666666666667	DKAQTALN:0.26666666666666666	AGNSLFWS:0.3333333333333333	IRAIDPDN:0.43333333333333335	SHANWALN:0.26666666666666666	TEWGTVNA:0.23333333333333334	KAQTALNN:0.26666666666666666	IDPDNLII:0.4666666666666667	PTWSQDVD:0.2	WSQDVDVA:0.2	SSTSSSSS:0.23333333333333334	DAAIANDM:0.43333333333333335	SSSSSSTS:0.2	YVIIDWHS:0.43333333333333335	TALNNGIA:0.23333333333333334	SSSSSSGG:0.26666666666666666	NLIIVGTP:0.23333333333333334	SSSSTSSS:0.23333333333333334	AIDPDNLI:0.4	SSSSSSSG:0.2	VVDAAIAN:0.36666666666666664	GTPTWSQD:0.2	SFAGNSLF:0.23333333333333334	STSSSSSS:0.23333333333333334	YTLHFYAG:0.36666666666666664	QTALNNGI:0.23333333333333334	SSSSSSST:0.2	TSSSSSSS:0.2	SQDVDVAS:0.2	FAGNSLFW:0.23333333333333334	VIYEIYNE:0.3	VIIDWHSH:0.43333333333333335	LVRAAMGV:0.26666666666666666	LNNGIALF:0.26666666666666666	ANWALNDK:0.3	DNLIIVGT:0.4	IYEIYNEP:0.3	AAIANDMY:0.43333333333333335	NHISHANW:0.2	TLHFYAGT:0.23333333333333334	NDMYVIID:0.5	AYTLHFYA:0.4666666666666667	FWSNNGWG:0.36666666666666664	GGGQNVGY:0.23333333333333334	SNNGWGGE:0.36666666666666664	ALFVTEWG:0.3	GIALFVTE:0.2	NNGWGGEK:0.3333333333333333	LFVTEWGT:0.2	WSNNGWGG:0.36666666666666664	IALFVTEW:0.2	VGGGQNVG:0.2	DVGGGQNV:0.2	ATGGWQNW:0.2	ALNDKAEG:0.23333333333333334	FFQDMART:0.2	NDKAEGSS:0.2	SLFWSNNG:0.3	NANGDGGV:0.3	LFWSNNGW:0.3	WALNDKAE:0.23333333333333334	FQDMARTY:0.2	GWGGEKYY:0.3333333333333333	QDMARTYG:0.2	RAAMGVDE:0.2	NWALNDKA:0.23333333333333334	VNANGDGG:0.26666666666666666	LNDKAEGS:0.2	NGWGGEKY:0.26666666666666666	NVIYEIYN:0.2	YEVYNEPL:0.23333333333333334	GYIDSGDW:0.2	IYEVYNEP:0.23333333333333334	VIYEVYNE:0.23333333333333334	AVVDAAIA:0.23333333333333334	GGWQNWQT:0.26666666666666666	GGQNVGYI:0.23333333333333334	VTEWGSVN:0.2	GQNVGYID:0.23333333333333334	QNVGYIDS:0.2	GGWNINWI:0.2	DAGDWLSY:0.2	TGGWQTWT:0.23333333333333334	FVTEWGSV:0.23333333333333334	GGWQTWTT:0.23333333333333334	TEWGSVNA:0.2	TGGWQNWQ:0.26666666666666666	LFVTEWGS:0.2	FWSNTGWG:0.2	
