cluster number:43
CBM6:28	CBM6:28|CBM13:5|GH5_34:5|GH43_10:4|GH62:4|CE6:4|CBM62:3|GH30_8:3|GH10:3|GH27:2|CBM32:2|GH95:2|3.2.1.-:2|3.2.1.8:2|GH59:2|3.2.1.55:1|CE1:1|CBM2:1|3.2.1.23:1|GH11:1|GH30:1|3.2.1.22:1
ATSGGNIE:0.25	IDFSLLKQ:0.21428571428571427	TKLADLDA:0.25	LADLDANG:0.32142857142857145	GYLFNLNW:0.25	RLDSATGT:0.2857142857142857	GNIEIRLD:0.32142857142857145	SATSGGNI:0.25	KLADLDAN:0.25	NAIDFSLL:0.21428571428571427	YLFNLNWF:0.25	EIRLDSAT:0.2857142857142857	NIEIRLDS:0.32142857142857145	GGNIEIRL:0.32142857142857145	SGGNIEIR:0.25	AIDFSLLK:0.25	ENGDYTVY:0.25	IRLDSATG:0.2857142857142857	IEIRLDSA:0.35714285714285715	TSGGNIEI:0.25	LDSATGTL:0.2857142857142857	SGYLFNLN:0.25	QARVSSAT:0.2857142857142857	RVSSATSG:0.32142857142857145	HDLYLKFT:0.2857142857142857	FQARVSSA:0.2857142857142857	GKHDLYLK:0.5	DLYLKFTG:0.2857142857142857	ARVSSATS:0.2857142857142857	KHDLYLKF:0.32142857142857145	SGKHDLYL:0.4642857142857143	SFQARVSS:0.21428571428571427	VSSATSGG:0.32142857142857145	VGYTENGD:0.25	SGVSGKHD:0.39285714285714285	QIDAIDLQ:0.21428571428571427	GYTENGDY:0.25	GYLINLNW:0.25	VSGKHDLY:0.39285714285714285	GQIDAIDL:0.25	GVSGKHDL:0.39285714285714285	AFEKIEAE:0.25	AVGYTENG:0.25	SDGQIDAI:0.21428571428571427	DGQIDAID:0.2857142857142857	SGYLINLN:0.25	NSDGQIDA:0.2857142857142857	TGTLVGTC:0.25	SGIQNVTC:0.25	GTEAVGYT:0.25	EAVGYTEN:0.25	EGTEAVGY:0.25	LMKQYLLG:0.2857142857142857	TEAVGYTE:0.25	NDQSGIQN:0.21428571428571427	DEGTEAVG:0.21428571428571427	IQNVTCDE:0.21428571428571427	DQSGIQNV:0.21428571428571427	VYKSIDFG:0.21428571428571427	QSGIQNVT:0.25	TCDEGTEA:0.21428571428571427	NVTCDEGT:0.21428571428571427	GIQNVTCD:0.21428571428571427	VSGVSGKH:0.32142857142857145	CDEGTEAV:0.21428571428571427	VTCDEGTE:0.21428571428571427	GTCPVAGT:0.21428571428571427	QNVTCDEG:0.21428571428571427	GGKIEIRL:0.21428571428571427	KIEIRLDS:0.21428571428571427	FEKIEAES:0.21428571428571427	GKIEIRLD:0.21428571428571427	YLINLNWF:0.21428571428571427	
