cluster number:6
CBM6:60	CBM6:60|CBM57:2
CHTGGSIA:0.2833333333333333	GGGGVWGE:0.23333333333333334	GTYTIPEG:0.3	NLYLSTGD:0.38333333333333336	GGGYVGIH:0.3	CCHTGGSI:0.43333333333333335	IQAGGGYV:0.31666666666666665	GNLYLSTG:0.36666666666666664	AFERYIQA:0.25	RYIQAGGG:0.45	TRPEIYVM:0.23333333333333334	ERYIQAGG:0.43333333333333335	QAGGGYVG:0.31666666666666665	TIPEGNLF:0.4166666666666667	FERYIQAG:0.43333333333333335	HTGGSIAW:0.23333333333333334	NTNDLRGK:0.6666666666666666	TNDLRGKI:0.6	TGGSIAWD:0.23333333333333334	LYWGEVGP:0.26666666666666666	RNPYRISV:0.26666666666666666	GNLFPKGT:0.26666666666666666	RPEIYVMG:0.2833333333333333	TEYDWPWY:0.25	YIQAGGGY:0.38333333333333336	YTIPEGNL:0.43333333333333335	TYTIPEGN:0.3	GFLYWGEV:0.2	YWGEVGPD:0.4	KKSIGPAY:0.2	IPEGNLFP:0.38333333333333336	WGEVGPDA:0.4166666666666667	GGYVGIHA:0.23333333333333334	DTEYDWPW:0.25	FLYWGEVG:0.2	EGNLFPKG:0.23333333333333334	NPYRISVD:0.26666666666666666	DGTYTIPE:0.3	AGGGYVGI:0.2833333333333333	GYVGIHAA:0.23333333333333334	PEGNLFPK:0.26666666666666666	TGFLYWGE:0.2	NDLRGKIL:0.4666666666666667	DLRGKILR:0.5166666666666667	SSANTNDL:0.2	SANTNDLR:0.21666666666666667	LYLSTGDN:0.3333333333333333	TQREECCH:0.21666666666666667	KAGNFGWP:0.25	GKILRIKP:0.2	YLSTGDNT:0.3333333333333333	ANTNDLRG:0.3	LRGKILRI:0.5166666666666667	TRPEIYTM:0.31666666666666665	GIHAATDT:0.2	GRNAMAGP:0.2	PEIYTMGH:0.3	IEYNGGNR:0.2	FVGDNKAY:0.21666666666666667	YTMGHRNP:0.31666666666666665	STGDNTNP:0.21666666666666667	EECCHTGG:0.2	RNAMAGPV:0.21666666666666667	LSTGDNTN:0.25	RPEIYTMG:0.3333333333333333	EIYTMGHR:0.31666666666666665	GGRNAMAG:0.2	LPPAQKAF:0.2	RNPFRISV:0.2	NPFRISVD:0.2	IHAATDTE:0.2	REECCHTG:0.2	HAATDTEY:0.23333333333333334	IYTMGHRN:0.31666666666666665	QREECCHT:0.2	YWGDVGPD:0.3	WGDVGPDA:0.2	PEENRFTK:0.25	RGKILRIH:0.23333333333333334	YDEFNQAK:0.23333333333333334	GYDEFNQA:0.25	GKILRIHP:0.2	GNTNDLRG:0.25	
