cluster number:1
CBM6:361	CBM6:361|CBM13:84|CBM32:16|GH99:11|CBM16:2|GH18:1|PL9:1|CBM57:1|CBM0:1|GH0:1|GH81:1
NDLRGKIL:0.3573407202216066	DLRGKILR:0.3878116343490305	NTNDLRGK:0.7063711911357341	TNDLRGKI:0.3684210526315789	GNTNDLRG:0.4986149584487535	AGNTNDLR:0.23545706371191136	GDYGPDAG:0.4293628808864266	LRGKILRI:0.37119113573407203	PEIYAMGF:0.5761772853185596	GSESPMGG:0.2880886426592798	GEPMSLAV:0.2188365650969529	TGDDTNPF:0.31024930747922436	LPDRSVLH:0.32132963988919666	EIYAMGFR:0.5789473684210527	VGNTAPTV:0.31301939058171746	RNPFRMSV:0.24653739612188366	MSLAVLPD:0.23822714681440443	GFRNPFRM:0.2520775623268698	IYAMGFRN:0.5789473684210527	LYVLDYGT:0.2770083102493075	AMGFRNPF:0.592797783933518	RPEIYAMG:0.6260387811634349	TVGNTAPT:0.2299168975069252	GNTAPTVT:0.20498614958448755	FDAAGNLY:0.22714681440443213	PMSLAVLP:0.21329639889196675	GALYVLDY:0.3878116343490305	AVLPDRSV:0.31301939058171746	DAAGNLYL:0.21606648199445982	FRNPFRMS:0.22714681440443213	PDGALYVL:0.37950138504155123	GNYGWPYC:0.26038781163434904	DGALYVLD:0.3767313019390582	YAMGFRNP:0.5872576177285319	ALYVLDYG:0.3878116343490305	DFDAAGNL:0.21329639889196675	NPFRMSVD:0.24653739612188366	YVLDYGTG:0.27977839335180055	MGFRNPFR:0.6232686980609419	FGPDGALY:0.4986149584487535	EPMSLAVL:0.2188365650969529	TRPEIYAM:0.6066481994459834	HDEEGLQG:0.39335180055401664	GPDGALYV:0.4293628808864266	VLPDRSVL:0.32132963988919666	LAVLPDRS:0.28254847645429365	PDRSVLHT:0.32132963988919666	SLAVLPDR:0.22437673130193905	SKTAGFRH:0.29916897506925205	VFSKTAGF:0.29085872576177285	KTAGFRHD:0.2659279778393352	VLVFSKTA:0.2409972299168975	TAGFRHDS:0.24376731301939059	AGFRHDSI:0.24376731301939059	FSKTAGFR:0.29916897506925205	LVFSKTAG:0.2880886426592798	GGDIDFDA:0.33240997229916897	GYTPIDER:0.21606648199445982	CHVGGDID:0.3767313019390582	VGGDIDFD:0.3767313019390582	CCHVGGDI:0.4155124653739612	VLHTSRDG:0.20498614958448755	GNLFAPGT:0.38227146814404434	KTRPEIYA:0.296398891966759	HVGGDIDF:0.3767313019390582	PMGGPVYR:0.29362880886426596	GGPVYRYD:0.2548476454293629	GFRNPFRF:0.21052631578947367	GPVYRYDA:0.23268698060941828	MGGPVYRY:0.26038781163434904	VGDYGPDA:0.29916897506925205	GVNRLSRF:0.33240997229916897	FFAGEFGR:0.2299168975069252	YVGDYGPD:0.28254847645429365	ESPMGGPV:0.29916897506925205	NLYLSTGD:0.407202216066482	GKILRIKV:0.22160664819944598	VYVGDYGP:0.21052631578947367	GNLYLSTG:0.407202216066482	QQVTLAKG:0.23822714681440443	GNFGWPYC:0.2299168975069252	DGVNRLSR:0.2299168975069252	FQQVTLAK:0.22437673130193905	DEEGLQGV:0.32409972299168976	YLYYAPPL:0.22160664819944598	SPMGGPVY:0.31024930747922436	AFGPDGAL:0.2409972299168975	RGKILRIK:0.23268698060941828	SESPMGGP:0.2659279778393352	LYLSTGDD:0.3878116343490305	EEGLQGVG:0.24653739612188366	SGNTNDLR:0.25761772853185594	STGDDTNP:0.24376731301939059	YLSTGDDT:0.2299168975069252	LSTGDDTN:0.24376731301939059	RTDEWYNY:0.21052631578947367	TNDLRGKV:0.21329639889196675	LRGKVLRI:0.22714681440443213	NDLRGKVL:0.23822714681440443	DLRGKVLR:0.24376731301939059	LSTTGDVL:0.26869806094182824	GFRHDSIP:0.23545706371191136	
