cluster number:7
CBM6:27	CBM6:27|GH18:6|GH64:5|CBM56:4|GH16:3|CBM13:3|GH81:3|CBM32:2|GH5_46:1
VASLNGGG:0.2222222222222222	RVASLNGG:0.2222222222222222	EYRVASLN:0.2222222222222222	YRVASLNG:0.2222222222222222	GGWQNWQT:0.2222222222222222	AGTYNFGI:0.2962962962962963	GTYNFGIY:0.25925925925925924	PNTGGWQN:0.25925925925925924	NTGGWQNW:0.2962962962962963	NAGTYNFG:0.37037037037037035	TGGWQNWQ:0.2222222222222222	TGGWQNWT:0.3333333333333333	GGWQNWTT:0.3333333333333333	
