cluster number:13
CBM6:11	CBM6:11|GH86:10|3.2.1.81:1
TDKSTWHL:0.36363636363636365	KSTWHLTA:0.2727272727272727	MFMDVAGA:0.36363636363636365	THLYDGVN:0.36363636363636365	RGFWGPFS:0.2727272727272727	IEAYSHIK:0.2727272727272727	SRGFWGPF:0.2727272727272727	MNEPFVHA:0.45454545454545453	DAFSTHLY:0.2727272727272727	AFSTHLYD:0.2727272727272727	FMDVAGAD:0.36363636363636365	DKSTWHLT:0.36363636363636365	KMFMDVAG:0.6363636363636364	HLYDGVNV:0.36363636363636365	FSTHLYDG:0.7272727272727273	WVVEYYKD:0.2727272727272727	VALNNLDD:0.2727272727272727	QAFVDGNK:0.2727272727272727	GEWLEYTV:0.2727272727272727	STHLYDGV:0.36363636363636365	AITEYGGI:0.36363636363636365	AILDLIET:0.5454545454545454	KWGKVKPH:0.2727272727272727	NNWKGYDQ:0.36363636363636365	GYSSAWPS:0.36363636363636365	YEPVNEPF:0.2727272727272727	THLYDGIN:0.36363636363636365	VRRKTAEY:0.2727272727272727	STHLYDGI:0.36363636363636365	HLYDGINV:0.36363636363636365	FWGAFGRY:0.2727272727272727	LDLIETYS:0.5454545454545454	MDGFSTHL:0.45454545454545453	SFWGAFGR:0.2727272727272727	PVNEPFVH:0.2727272727272727	GRSFWGAF:0.2727272727272727	RMKMFMDV:0.2727272727272727	DGFSTHLY:0.45454545454545453	EPVNEPFV:0.2727272727272727	VNEPFVHA:0.2727272727272727	HAITEYGG:0.36363636363636365	NEPFVHAD:0.2727272727272727	PHAITEYG:0.45454545454545453	KPHAITEY:0.45454545454545453	VKPHAITE:0.36363636363636365	DTERSGSN:0.2727272727272727	MKMFMDVA:0.5454545454545454	GFSTHLYD:0.45454545454545453	NKRSLKIY:0.2727272727272727	RRKTAEYF:0.2727272727272727	RSFWGAFG:0.2727272727272727	NWKGYDQA:0.5454545454545454	EPFVHADE:0.2727272727272727	ILDLIETY:0.5454545454545454	TAANNYQP:0.2727272727272727	NNYQPYGA:0.2727272727272727	MELWDFGH:0.2727272727272727	SSAWPSME:0.2727272727272727	KGYDQANR:0.36363636363636365	ELWDFGHW:0.2727272727272727	IGYSSAWP:0.2727272727272727	PNNWKGYD:0.2727272727272727	WPSMELWD:0.2727272727272727	SNSEAILD:0.45454545454545453	YDGINVTG:0.2727272727272727	SEAILDLI:0.36363636363636365	VPNNWKGY:0.2727272727272727	RSGSNSEA:0.45454545454545453	GSNSEAIL:0.45454545454545453	PSMELWDF:0.2727272727272727	YSSAWPSM:0.2727272727272727	EAILDLIE:0.36363636363636365	GGEGVAYH:0.36363636363636365	AANNYQPY:0.2727272727272727	LYDGINVT:0.2727272727272727	WKGYDQAN:0.36363636363636365	NSEAILDL:0.36363636363636365	GEGVAYHD:0.36363636363636365	LTAANNYQ:0.2727272727272727	DGINVTGQ:0.2727272727272727	AWPSMELW:0.2727272727272727	SGSNSEAI:0.45454545454545453	SMELWDFG:0.2727272727272727	GINVTGQD:0.2727272727272727	SAWPSMEL:0.2727272727272727	VIGYSSAW:0.2727272727272727	TEYGAIAS:0.2727272727272727	VAEFWSST:0.2727272727272727	DQANRDDF:0.2727272727272727	DDFFGVIE:0.2727272727272727	EPMNEPFV:0.2727272727272727	QANRDDFF:0.2727272727272727	LYVALNNL:0.2727272727272727	KASIRPVG:0.2727272727272727	ITEYGAIA:0.2727272727272727	WSSTGWLG:0.2727272727272727	RDDFFGVI:0.2727272727272727	DVAGADMD:0.2727272727272727	DFFPRVAS:0.2727272727272727	GYDQANRD:0.2727272727272727	DGVNVTGQ:0.36363636363636365	YDGVNVTG:0.36363636363636365	YGAIASGY:0.2727272727272727	AEFWSSTG:0.2727272727272727	PFITDKST:0.2727272727272727	DIVAEFWS:0.2727272727272727	SSTGWLGQ:0.2727272727272727	IPFITDKS:0.36363636363636365	FITDKSTW:0.2727272727272727	IGYSAAWP:0.2727272727272727	PMNEPFVH:0.2727272727272727	GAIASGYG:0.2727272727272727	ANRDDFFG:0.2727272727272727	RDIVAEFW:0.2727272727272727	EFWSSTGW:0.2727272727272727	LYDGVNVT:0.2727272727272727	FWSSTGWL:0.2727272727272727	YVALNNLD:0.2727272727272727	SIPFITDK:0.2727272727272727	GYSAAWPS:0.2727272727272727	IVAEFWSS:0.2727272727272727	ISIPFITD:0.2727272727272727	MDVAGADM:0.2727272727272727	ENMKMFMD:0.2727272727272727	YDFFPRVA:0.2727272727272727	NRDDFFGV:0.2727272727272727	ITDKSTWH:0.2727272727272727	EYGAIASG:0.2727272727272727	WLEYTVNV:0.2727272727272727	EWLEYTVN:0.2727272727272727	DLIETYSY:0.36363636363636365	NMKMFMDV:0.2727272727272727	YDQANRDD:0.2727272727272727	SIQTVRSI:0.2727272727272727	QTVRSINH:0.2727272727272727	IQTVRSIN:0.2727272727272727	
