cluster number:29
CBM6:30	CBM6:30|CE1:11|GH2:8|GH141:6|GH10:5|3.2.1.8:2|GH43_10:2|GH11:2|GH62:1|3.1.1.73:1
FDYIGEPT:0.26666666666666666	ATSGGNIE:0.2	RVASATSG:0.26666666666666666	AASFKARV:0.2	DLYLKFTG:0.3333333333333333	SFKARVAS:0.2	VASATSGG:0.26666666666666666	ASATSGGN:0.2	RSAFTRIE:0.2	YIGEPTPY:0.26666666666666666	WTGFDYIG:0.26666666666666666	SATSGGNI:0.2	DVGYIENG:0.23333333333333334	HDLYLKFT:0.3333333333333333	DLGALGAA:0.2	ASFKARVA:0.2	YLKFTGGS:0.36666666666666664	PRSAFTRI:0.2	ARVASATS:0.26666666666666666	HHDLGALG:0.2	DYIGEPTP:0.26666666666666666	GAASFKAR:0.2	MWSIGNEI:0.2	GIYRNVWL:0.23333333333333334	AFTRIEAE:0.2	SAFTRIEA:0.2	TGFDYIGE:0.26666666666666666	VGYIENGD:0.3	LKFTGGSG:0.26666666666666666	FTGGSGYL:0.26666666666666666	LYLKFTGG:0.36666666666666664	KFTGGSGY:0.26666666666666666	LGDLNGDG:0.23333333333333334	GFDYIGEP:0.26666666666666666	HDLGALGA:0.2	LSMGGGQS:0.2	GLSMGGGQ:0.3333333333333333	YLLHGIGG:0.36666666666666664	SMGGGQSF:0.2	GGQSFNIG:0.2	NIGLTNLD:0.2	GYLFNINW:0.2	IRLDSITG:0.2	MGGGQSFN:0.2	FNIGLTNL:0.23333333333333334	AGLSMGGG:0.26666666666666666	GYIENGDY:0.3	IEIRLDSI:0.2	GQSFNIGL:0.2	EIRLDSIT:0.2	YIENGDYV:0.2	GGGQSFNI:0.2	GNIEIRLD:0.2	NIEIRLDS:0.2	GGNIEIRL:0.2	HGIGGNED:0.2	GIGGNEDE:0.2	SVMYLLHG:0.2	RRARIYLP:0.2	LLHGIGGN:0.2	GGNEDEWY:0.2	IGGNEDEW:0.2	LHGIGGNE:0.2	VMYLLHGI:0.2	MYLLHGIG:0.2	YSVMYLLH:0.2	RARIYLPP:0.2	KYSVMYLL:0.2	SLIPYIES:0.2	
