cluster number:40
CBM6:7	CBM6:7
VGMYKPNP:0.7142857142857143	NPFGLHDM:0.2857142857142857	GMYKPNPF:0.5714285714285714	PNPFGLHD:0.42857142857142855	MYKPNPFG:0.5714285714285714	EGFRLARD:0.2857142857142857	KPNPFGLH:0.42857142857142855	YKPNPFGL:0.42857142857142855	PTEAEWEY:0.42857142857142855	YQPVVCIN:0.2857142857142857	SIVGMYKP:0.5714285714285714	RLPTEAEW:0.42857142857142855	IVGMYKPN:0.5714285714285714	SEYQPVVC:0.2857142857142857	LPTEAEWE:0.42857142857142855	TEAEWEYA:0.42857142857142855	YRLPTEAE:0.42857142857142855	EAEWEYAA:0.8571428571428571	EYQPVVCI:0.2857142857142857	LPSEAEWE:0.2857142857142857	WKLNWLAL:0.42857142857142855	TRATRGSS:0.2857142857142857	TRGSSWHW:0.2857142857142857	ETRATRGS:0.2857142857142857	FSLGKYEV:0.7142857142857143	EGFRIALD:0.2857142857142857	YTVVAVRR:0.2857142857142857	TVTLPEFS:0.2857142857142857	KLNWLALK:0.42857142857142855	AEWEYAAR:0.7142857142857143	GFRIALDG:0.5714285714285714	TLPEFSLG:0.2857142857142857	VCEYENTA:0.2857142857142857	SEAEWEYA:0.42857142857142855	GKYEVTVR:0.42857142857142855	PEFSLGKY:0.2857142857142857	PSEAEWEY:0.2857142857142857	KAYVDWLA:0.2857142857142857	LPEFSLGK:0.2857142857142857	CEYENTAD:0.2857142857142857	SLGKYEVT:0.7142857142857143	PIEPIMVT:0.2857142857142857	GLHDMLSN:0.2857142857142857	YEYTVVAV:0.2857142857142857	NWKLNWLA:0.42857142857142855	LGKYEVTV:0.5714285714285714	EFSLGKYE:0.5714285714285714	VPGRIEAE:0.2857142857142857	PYRLPSEA:0.2857142857142857	AKAYVDWL:0.2857142857142857	RLPSEAEW:0.2857142857142857	TPIEPIMV:0.2857142857142857	LHDMLSNV:0.2857142857142857	KYEVTVRE:0.42857142857142855	ATRGSSWH:0.2857142857142857	RATRGSSW:0.2857142857142857	EYENTADL:0.2857142857142857	YRLPSEAE:0.2857142857142857	CETRATRG:0.2857142857142857	VTLPEFSL:0.2857142857142857	AYVDWLAK:0.2857142857142857	TGKPYRLP:0.42857142857142855	EYTVVAVR:0.2857142857142857	WLAKETGK:0.42857142857142855	VCINWNAA:0.2857142857142857	MVTIPAGS:0.42857142857142855	VDGFRIAL:0.2857142857142857	ASIVGMYK:0.42857142857142855	PASKGNWQ:0.2857142857142857	VTIPAGSF:0.5714285714285714	ASKGNWQT:0.2857142857142857	SYVNWSTG:0.2857142857142857	GGVDGFRI:0.2857142857142857	FAGGVDGF:0.2857142857142857	IMVTIPAG:0.2857142857142857	NWQTNALN:0.2857142857142857	TIPAGSFE:0.2857142857142857	KGNWQTNA:0.2857142857142857	NTSYVNWS:0.2857142857142857	YTLEYRVA:0.2857142857142857	EYAARAGT:0.5714285714285714	WQTNALNT:0.2857142857142857	YAARAGTT:0.42857142857142855	PIMVTIPA:0.2857142857142857	PAGSFEMG:0.2857142857142857	SKGNWQTN:0.2857142857142857	VNWSTGIN:0.2857142857142857	AGSFEMGS:0.2857142857142857	LAKETGKP:0.42857142857142855	ETGKPYRL:0.42857142857142855	PVVCINWN:0.2857142857142857	IEPIMVTI:0.2857142857142857	QPVVCINW:0.2857142857142857	DFAGGVDG:0.2857142857142857	TSYVNWST:0.2857142857142857	AGGVDGFR:0.2857142857142857	FIAATNYP:0.2857142857142857	VVCINWNA:0.2857142857142857	GVDGFRIA:0.2857142857142857	TNALNTSE:0.2857142857142857	EWEYAARA:0.5714285714285714	EPIMVTIP:0.2857142857142857	GNWQTNAL:0.2857142857142857	KETGKPYR:0.42857142857142855	DGFRIALD:0.2857142857142857	IPAGSFEM:0.2857142857142857	YEVTVREF:0.2857142857142857	AKETGKPY:0.42857142857142855	WEYAARAG:0.5714285714285714	YVNWSTGI:0.2857142857142857	GYASIVGM:0.2857142857142857	GKPYRLPT:0.2857142857142857	VESYRVYR:0.2857142857142857	VASPRDTK:0.2857142857142857	YRVASPRD:0.2857142857142857	DNNWKLNW:0.2857142857142857	KPYRLPTE:0.2857142857142857	ASPRDTKG:0.2857142857142857	ESYRVYRN:0.2857142857142857	YASIVGMY:0.42857142857142855	GENILQRD:0.42857142857142855	LKSLDNNW:0.2857142857142857	SLDNNWKL:0.2857142857142857	NNWKLNWL:0.2857142857142857	PYRLPTEA:0.2857142857142857	KSLDNNWK:0.2857142857142857	RVASPRDT:0.2857142857142857	LDNNWKLN:0.2857142857142857	SGYASIVG:0.2857142857142857	NAYTQWLA:0.2857142857142857	TGENILQR:0.2857142857142857	RGGSWHWN:0.2857142857142857	TADLTGEN:0.2857142857142857	DLTGENIL:0.2857142857142857	NTADLTGE:0.2857142857142857	ENILQRDS:0.2857142857142857	ADLTGENI:0.2857142857142857	AYTQWLAK:0.2857142857142857	LTGENILQ:0.2857142857142857	ANAYTQWL:0.2857142857142857	
