cluster number:15
GH9:364	GH9:364|CBM4:150|CBM2:70|3.2.1.4:11|CBM10:9|CBM37:9|CBM3:4|3.2.1.-:3|CBM30:3|3.2.1.91:2|CBM9:1|CBM32:1
TDEFYWAA:0.20054945054945056	HGKYVVNG:0.46153846153846156	FYWAAAEL:0.49725274725274726	YVVNGGIS:0.5137362637362637	AGDHGKYV:0.4697802197802198	EFYWAAAE:0.47527472527472525	WYDAGDHG:0.49175824175824173	INWNAPLA:0.25274725274725274	GWYDAGDH:0.49175824175824173	SYVTGYGE:0.21153846153846154	GKYVVNGG:0.8763736263736264	DHGKYVVN:0.4725274725274725	RVNQVGYL:0.260989010989011	AATLNLAA:0.6813186813186813	DEFYWAAA:0.47527472527472525	DAGDHGKY:0.49175824175824173	GDHGKYVV:0.4697802197802198	VRVNQVGY:0.25824175824175827	STAATLNL:0.6043956043956044	KYVVNGGI:0.8324175824175825	TAATLNLA:0.6868131868131868	YDAGDHGK:0.49175824175824173	GGWYDAGD:0.5769230769230769	TGPRVRVN:0.20054945054945056	DEFYWAAV:0.21978021978021978	SDEFYWAA:0.2967032967032967	LNLAATAA:0.4697802197802198	LAGMAHHK:0.32967032967032966	PLAGMAHH:0.29395604395604397	PSTAATLN:0.6016483516483516	VSDEFYWA:0.2554945054945055	TLNLAATA:0.4725274725274725	ATAAQCAR:0.32142857142857145	VVNGGISV:0.29120879120879123	GQPLAGMA:0.21428571428571427	VNGGISVW:0.2087912087912088	QPLAGMAH:0.21153846153846154	NLAATAAQ:0.4725274725274725	AATAAQCA:0.30494505494505497	LDEARWEM:0.27472527472527475	ATLNLAAT:0.49175824175824173	LAATAAQC:0.29945054945054944	DILDEARW:0.40934065934065933	DVTGGWYD:0.24175824175824176	YVVNGGIA:0.29120879120879123	ILDEARWE:0.3708791208791209	TGGWYDAG:0.25824175824175827	VTGGWYDA:0.2445054945054945	PDILDEAR:0.4175824175824176	GVPDILDE:0.22252747252747251	PPSTAATL:0.41483516483516486	VPDILDEA:0.2967032967032967	NGVPDILD:0.21978021978021978	NEVAINWN:0.25	YWAAAELY:0.30494505494505497	LDEARWEL:0.21153846153846154	
