cluster number:5
GH71:32	GH71:32|CBM24:16
IISWNDYG:0.40625	WNDYGESH:0.53125	HIDAFALN:0.4375	ISWNDYGE:0.375	PFVSTFEG:0.3125	ADGLFSWA:0.21875	FVSTFEGP:0.25	TTGNTASQ:0.21875	AHIDAFAL:0.4375	MMPVSPWF:0.40625	GESHYIGP:0.53125	GTTGNTAS:0.21875	MPVSPWFY:0.34375	FYTNLPGY:0.28125	ESHYIGPL:0.3125	GNTASQLQ:0.25	SPWFYTNL:0.53125	NDYGESHY:0.5	PYMMPVSP:0.40625	YGESHYIG:0.40625	PVSPWFYT:0.34375	KPFVSTFE:0.25	VSPWFYTN:0.46875	YMMPVSPW:0.4375	TGNTASQL:0.21875	DYGESHYI:0.4375	QIISWNDY:0.21875	PWFYTNLP:0.53125	SWNDYGES:0.375	WFYTNLPG:0.3125	KNWLWRGD:0.59375	VADGLFSW:0.3125	FAHFMVGN:0.21875	GVADGLFS:0.21875	NKNWLWRG:0.25	PDWSSLGA:0.34375	FSFDYAGN:0.28125	KAVFAHFM:0.3125	GLFSWAAW:0.28125	SFDYAGNG:0.3125	AVFAHFMV:0.34375	DGLFSWAA:0.25	VFAHFMVG:0.21875	LFFSFDYA:0.34375	FFSFDYAG:0.375	FKLFFSFD:0.28125	VEIISWND:0.21875	KLFFSFDY:0.28125	DMPHDGWR:0.28125	WLWRGDDL:0.3125	WRGDDLWF:0.21875	DDLWFDRW:0.21875	RGDDLWFD:0.21875	LWRGDDLW:0.3125	NWLWRGDD:0.34375	GDDLWFDR:0.21875	NWNAWVGS:0.25	NTYVDASY:0.21875	LFSWAAWP:0.25	
