cluster number:15
GH51:6	GH51:6
YGHFLESA:0.8333333333333334	ACRELGLP:0.3333333333333333	VSLLDVSA:0.3333333333333333	VYGPWQMG:0.8333333333333334	DAVRWVEY:0.3333333333333333	VVRWPGGN:0.5	GNIEGGVF:0.3333333333333333	YTNYAGDT:0.5	NRFGTPEF:0.5	AFFGNIEG:0.6666666666666666	IEGGVFDE:0.3333333333333333	VYGHFLES:0.5	GNEVYGPW:0.8333333333333334	GGNFTSAY:0.6666666666666666	YAGDTEMT:0.3333333333333333	CRELGLPV:0.3333333333333333	LGLPVVRW:0.5	RRLELAWG:0.5	LPVVRWPG:0.5	HFLESAFF:0.8333333333333334	VEYTNYAG:0.5	EYTNYAGD:0.5	GVGNEVYG:0.5	GPWQMGHR:0.6666666666666666	SAFFGNIE:0.6666666666666666	IGPRDQRP:0.3333333333333333	NEVYGPWQ:0.8333333333333334	YGPWQMGH:0.6666666666666666	RFGTPEFL:0.5	FGTPEFLA:0.5	RWPGGNFT:0.8333333333333334	RWVEYTNY:0.5	PVVRWPGG:0.5	PWQMGHRS:0.3333333333333333	PGGNFTSA:0.6666666666666666	RPRRLELA:0.5	GTPEFLAW:0.5	VGNEVYGP:0.5	GIGPRDQR:0.3333333333333333	NFTSAYWW:0.3333333333333333	FGNIEGGV:0.6666666666666666	FFGNIEGG:0.6666666666666666	FLESAFFG:0.8333333333333334	ESAFFGNI:0.8333333333333334	ELAWGSEE:0.5	TNYAGDTE:0.3333333333333333	VRWVEYTN:0.6666666666666666	NYAGDTEM:0.3333333333333333	GHFLESAF:0.8333333333333334	ELGLPVVR:0.5	AVRWVEYT:0.5	VRWPGGNF:0.5	PRRLELAW:0.5	WGVGNEVY:0.5	LESAFFGN:0.8333333333333334	NIEGGVFD:0.3333333333333333	DGIGPRDQ:0.3333333333333333	GNFTSAYW:0.3333333333333333	EVYGPWQM:0.8333333333333334	RLELAWGS:0.6666666666666666	GLPVVRWP:0.5	RELGLPVV:0.5	TFPAHSVT:0.3333333333333333	WVEYTNYA:0.5	LELAWGSE:0.5	WPGGNFTS:0.8333333333333334	LADALFYA:0.3333333333333333	LDEWNIRH:0.3333333333333333	MANTVNLV:0.5	ALDEWNIR:0.3333333333333333	SLHLYGAS:0.3333333333333333	PRTLADAL:0.5	EWNIRHLE:0.3333333333333333	DEWNIRHL:0.3333333333333333	VSLHLYGA:0.3333333333333333	TVNLVNAN:0.5	YHVWDLYQ:0.3333333333333333	TLADALFY:0.5	VNLVNANG:0.6666666666666666	ANTVNLVN:0.5	LEPASWPE:0.3333333333333333	WNIRHLEP:0.3333333333333333	DALFYAGV:0.5	LFYAGVFH:0.3333333333333333	ADALFYAG:0.3333333333333333	ALFYAGVF:0.5	HLEPASWP:0.3333333333333333	RTLADALF:0.5	NTVNLVNA:0.5	RHLEPASW:0.3333333333333333	TMANTVNL:0.3333333333333333	NLVNANGL:0.5	SPRTLADA:0.5	EPASWPEP:0.3333333333333333	SNRFGTPE:0.3333333333333333	VNANGLLA:0.3333333333333333	RVNRYSPR:0.3333333333333333	WGLGNEVY:0.3333333333333333	GVFHAMHR:0.3333333333333333	ANGLLAVR:0.3333333333333333	GLGNEVYG:0.3333333333333333	LVNANGLL:0.3333333333333333	ERPRRLEL:0.3333333333333333	HARFMRAV:0.3333333333333333	LLAVRPGG:0.3333333333333333	GLLAVRPG:0.3333333333333333	AWGSEESN:0.3333333333333333	ESNRFGTP:0.3333333333333333	MDEWNIRH:0.3333333333333333	YSPRTLAD:0.3333333333333333	PRDERPRR:0.3333333333333333	TPEFLAWC:0.3333333333333333	NGLLAVRP:0.3333333333333333	GPRDERPR:0.3333333333333333	NANGLLAV:0.3333333333333333	VWDLYQNH:0.3333333333333333	HVWDLYQN:0.3333333333333333	SEESNRFG:0.3333333333333333	VNRYSPRT:0.3333333333333333	NRYSPRTL:0.3333333333333333	WDLYQNHT:0.3333333333333333	DERPRRLE:0.3333333333333333	AREHARFM:0.3333333333333333	LAWCEAVG:0.3333333333333333	LGNEVYGP:0.3333333333333333	IYGHFLES:0.3333333333333333	RYSPRTLA:0.3333333333333333	GGVFDEGS:0.3333333333333333	RFMRAVDP:0.3333333333333333	GSEESNRF:0.3333333333333333	EFLAWCEA:0.5	LAWGSEES:0.3333333333333333	ARFMRAVD:0.3333333333333333	WGSEESNR:0.3333333333333333	RDERPRRL:0.3333333333333333	FLAWCEAV:0.3333333333333333	DLYQNHTG:0.3333333333333333	EHARFMRA:0.3333333333333333	EESNRFGT:0.3333333333333333	PYLAHSAR:0.3333333333333333	RPYLAHSA:0.3333333333333333	NFTSAYHW:0.3333333333333333	IRWPGGNF:0.3333333333333333	YLAHSARD:0.3333333333333333	RYWGVGNE:0.3333333333333333	GNFTSAYH:0.3333333333333333	TDEFLAWC:0.3333333333333333	GTDEFLAW:0.3333333333333333	DEFLAWCE:0.3333333333333333	VRYWGVGN:0.3333333333333333	YWGVGNEV:0.3333333333333333	
