cluster number:5
GH108:85	GH108:85
IVAREGGY:0.4823529411764706	ADAYGIAR:0.2823529411764706	PDDPGGAT:0.7176470588235294	DRRPASRK:0.4117647058823529	RAGGKGGW:0.23529411764705882	YVDDPDDP:0.24705882352941178	DAYGIARR:0.5529411764705883	DMYVNAGA:0.4588235294117647	DPDDPGGA:0.7058823529411765	GGWIRRAE:0.23529411764705882	REGGYVDD:0.24705882352941178	DDPGGATN:0.3411764705882353	EIVAREGG:0.5529411764705883	AGGKGGWI:0.24705882352941178	GIARRNYY:0.5176470588235295	SVFDMYVN:0.5764705882352941	EGGYVDDP:0.24705882352941178	DDPDDPGG:0.35294117647058826	VFDMYVNA:0.6705882352941176	PSVFDMYV:0.3058823529411765	AREGGYVD:0.24705882352941178	KGGWIRRA:0.23529411764705882	AYGIARRN:0.5176470588235295	YGIARRNY:0.5294117647058824	ADRRPASR:0.4	VDDPDDPG:0.3411764705882353	GGYVDDPD:0.24705882352941178	VAREGGYV:0.4823529411764706	FDMYVNAG:0.7058823529411765	GYVDDPDD:0.24705882352941178	HGVTLGTL:0.23529411764705882	ASRKYART:0.3411764705882353	KGGWILRA:0.29411764705882354	RPASRKYA:0.5764705882352941	GGWILRAE:0.29411764705882354	AREGGYVN:0.2823529411764706	GYVNDPDD:0.27058823529411763	NDPDDPGG:0.4117647058823529	VNDPDDPG:0.4117647058823529	GKGGWILR:0.2823529411764706	GGKGGWIL:0.2823529411764706	YVNDPDDP:0.27058823529411763	PASRKYAR:0.5058823529411764	GGYVNDPD:0.27058823529411763	ASVFDMYV:0.27058823529411763	REGGYVND:0.3411764705882353	EGGYVNDP:0.3411764705882353	DARPASRK:0.2	DPGGATKH:0.2	VNAGANAV:0.4235294117647059	SRKYARTR:0.35294117647058826	ANAVRILQ:0.36470588235294116	GANAVRIL:0.36470588235294116	AGANAVRI:0.35294117647058826	DDPGGATK:0.35294117647058826	NAGANAVR:0.3764705882352941	PGGATKHG:0.2	PRIAALPE:0.21176470588235294	VARRNYYF:0.2235294117647059	RILQRLLV:0.21176470588235294	LHPSVFDM:0.21176470588235294	MYVNAGAN:0.4117647058823529	AYGVARRN:0.2235294117647059	RNYYFRIA:0.2235294117647059	AVRILQRL:0.43529411764705883	YYFRIADR:0.2	RKYARTRK:0.2	RRNYYFRI:0.24705882352941178	KGGKGGWI:0.2	YFRIADRR:0.2	QRLLVQMG:0.21176470588235294	LQRLLVQM:0.21176470588235294	YGVARRNY:0.2235294117647059	ILQRLLVQ:0.21176470588235294	FRIADRRP:0.2	KYARTRKG:0.2	RDAYGVAR:0.2235294117647059	DAYGVARR:0.2235294117647059	LRDAYGVA:0.2235294117647059	GVARRNYY:0.2235294117647059	NYYFRIAD:0.2235294117647059	ALRDAYGV:0.21176470588235294	NAVRILQR:0.4117647058823529	ARRNYYFR:0.3058823529411765	YVNAGANA:0.4117647058823529	VRILQRLL:0.4235294117647059	HPSVFDMY:0.21176470588235294	RRNYYYAL:0.25882352941176473	ARRNYYYA:0.25882352941176473	IARRNYYY:0.35294117647058826	EGGFVNDP:0.2235294117647059	VDAYGIAR:0.2235294117647059	IVAREGGF:0.2	IADRRPAS:0.21176470588235294	RDGGKGGW:0.21176470588235294	REGGFVND:0.2	RRDGGKGG:0.21176470588235294	DGGKGGWI:0.29411764705882354	VAREGGFV:0.2	RRPASRKY:0.36470588235294116	RAEEFISP:0.2235294117647059	NYYYALAD:0.21176470588235294	RNYYYALA:0.21176470588235294	TMRRLGLD:0.21176470588235294	MRRLGLDL:0.21176470588235294	
