cluster number:29
GH108:28	GH108:28
LIGNEGGY:0.32142857142857145	EDGKFGPD:0.32142857142857145	ERMAANLL:0.21428571428571427	DPRVAFQI:0.5	VMRFAAYR:0.21428571428571427	DELDPRVA:0.35714285714285715	VVLWMQKA:0.5	GWTERMAA:0.21428571428571427	RFAAYRLR:0.2857142857142857	QIFDANYN:0.6071428571428571	DPLHLDEL:0.39285714285714285	AANLLLGA:0.21428571428571427	DGKFGPDT:0.32142857142857145	KEDGKFGP:0.32142857142857145	RGWTERMA:0.35714285714285715	DANYNGGL:0.5357142857142857	FAAYRLRY:0.2857142857142857	FDANYNGG:0.6071428571428571	ALIGNEGG:0.32142857142857145	GVTARVAR:0.5714285714285714	GLVVLWMQ:0.5	WMQKASGA:0.4642857142857143	PADPGGET:0.42857142857142855	KFVMRFAA:0.25	IFDANYNG:0.6071428571428571	EGGYSFNP:0.32142857142857145	YNGGLVVL:0.5	VAFQIFDA:0.6071428571428571	RMAANLLL:0.21428571428571427	FVMRFAAY:0.21428571428571427	NGGLVVLW:0.5	KASGAKED:0.32142857142857145	GETMWGVT:0.6071428571428571	NPADPGGE:0.21428571428571427	MAANLLLG:0.21428571428571427	MQKASGAK:0.32142857142857145	GPDTLDAV:0.21428571428571427	AAYRLRYL:0.2857142857142857	ANYNGGLV:0.5	LRYLRNLH:0.32142857142857145	TERMAANL:0.21428571428571427	ANLLLGAA:0.21428571428571427	KFGPDTLD:0.21428571428571427	GGETMWGV:0.6071428571428571	MWGVTARV:0.5714285714285714	LDPRVAFQ:0.39285714285714285	GGLVVLWM:0.5	FGPDTLDA:0.21428571428571427	PRVAFQIF:0.5	LHLDELDP:0.35714285714285715	WDPLHLDE:0.5357142857142857	GAMKDLPL:0.4642857142857143	GAKEDGKF:0.32142857142857145	WGVTARVA:0.5714285714285714	SRGWTERM:0.35714285714285715	AKEDGKFG:0.32142857142857145	GKFGPDTL:0.21428571428571427	VLWMQKAS:0.4642857142857143	ETMWGVTA:0.6071428571428571	PLHLDELD:0.39285714285714285	TMWGVTAR:0.5714285714285714	PGGETMWG:0.75	RVAFQIFD:0.6071428571428571	HLDELDPR:0.35714285714285715	RLRYLRNL:0.35714285714285715	LDELDPRV:0.35714285714285715	ADPGGETM:0.42857142857142855	NYNGGLVV:0.5	SGAKEDGK:0.32142857142857145	ELDPRVAF:0.35714285714285715	LVVLWMQK:0.5	AFQIFDAN:0.6071428571428571	FSRGWTER:0.39285714285714285	QKASGAKE:0.32142857142857145	YRLRYLRN:0.32142857142857145	PDTLDAVK:0.21428571428571427	LWMQKASG:0.4642857142857143	AYRLRYLR:0.32142857142857145	MRFAAYRL:0.21428571428571427	VTARVARS:0.35714285714285715	IGNEGGYS:0.2857142857142857	WTERMAAN:0.21428571428571427	YWDPLHLD:0.5357142857142857	ASGAKEDG:0.32142857142857145	DPGGETMW:0.75	FQIFDANY:0.6071428571428571	WPNFSRGW:0.25	AMKDLPLD:0.32142857142857145	KDLPLDTA:0.25	PNFSRGWT:0.21428571428571427	MKDLPLDT:0.25	AGAMKDLP:0.25	KQKYWDPL:0.32142857142857145	RYLRNLHA:0.21428571428571427	YAGAMKDL:0.25	QKYWDPLH:0.32142857142857145	AKQKYWDP:0.32142857142857145	LRNLHAWP:0.21428571428571427	KYWDPLHL:0.39285714285714285	IAKQKYWD:0.32142857142857145	GYAGAMKD:0.25	QIAKQKYW:0.21428571428571427	YLRNLHAW:0.21428571428571427	ALIGSEGG:0.2857142857142857	IGSEGGYS:0.2857142857142857	LIGSEGGY:0.32142857142857145	GSEGGYSF:0.2857142857142857	
