cluster number:31
GH108:6	GH108:6
AIRMLQRA:0.5	ITIKTARE:0.5	EGGYVNNP:0.6666666666666666	AINKKSLD:0.3333333333333333	GYIGSMRY:0.5	GYVNNPKD:0.6666666666666666	DQAKEIYR:0.5	EFGRGWTR:0.3333333333333333	RENGYIGS:0.5	QMFDAAVN:0.6666666666666666	NKKSLDDV:0.3333333333333333	LDDVLVLF:0.6666666666666666	NHGIGNAI:0.6666666666666666	TARENGYI:0.5	GSMRYMKR:0.5	LFNAERLE:0.6666666666666666	ETNWGITI:0.6666666666666666	LGAINKKS:0.3333333333333333	KEIYRKAY:0.6666666666666666	RYMKRDQA:0.5	SNLRYAAG:0.6666666666666666	GVVGDITL:0.5	ARENGYIG:0.5	GVADDGVV:0.5	GFQMFDAA:0.6666666666666666	WGITIKTA:0.5	MFDAAVNH:0.6666666666666666	RRVASNLR:0.6666666666666666	TLGAINKK:0.3333333333333333	ERLEFYAK:0.6666666666666666	LRYAAGDT:0.8333333333333334	VGVADDGV:0.5	FQMFDAAV:0.6666666666666666	RTIGHEGG:0.6666666666666666	NAERLEFY:0.6666666666666666	KRDQAKEI:0.5	VGDITLGA:0.5	RMLQRAVG:0.6666666666666666	VASNLRYA:0.6666666666666666	TFDEVFER:0.8333333333333334	ENGYIGSM:0.5	CAQYNSAI:0.6666666666666666	AVGVADDG:0.6666666666666666	FGRGWTRR:0.6666666666666666	EFYAKLKT:0.5	RYAAGDTP:0.8333333333333334	DPGGETNW:0.6666666666666666	WTRRVASN:0.6666666666666666	VNHGIGNA:0.8333333333333334	QYNSAIGF:0.6666666666666666	TRRVASNL:0.6666666666666666	IRMLQRAV:0.5	SAIGFQMF:0.6666666666666666	HGIGNAIR:0.6666666666666666	DITLGAIN:0.5	GHEGGYVN:0.8333333333333334	AERLEFYA:0.6666666666666666	KTFSEFGR:0.3333333333333333	NLRYAAGD:0.8333333333333334	IYRKAYWE:0.6666666666666666	MLQRAVGV:0.6666666666666666	NNPKDPGG:0.6666666666666666	PGGETNWG:0.6666666666666666	TIGHEGGY:0.6666666666666666	DVLVLFNA:0.6666666666666666	LQRAVGVA:0.6666666666666666	FERTIGHE:0.6666666666666666	LKTFSEFG:0.3333333333333333	VADDGVVG:0.5	LVLFNAER:0.6666666666666666	AIGFQMFD:0.6666666666666666	IGHEGGYV:0.6666666666666666	TNWGITIK:0.5	SLDDVLVL:0.6666666666666666	VNNPKDPG:0.6666666666666666	INKKSLDD:0.3333333333333333	FYAKLKTF:0.5	AKEIYRKA:0.6666666666666666	AVNHGIGN:0.8333333333333334	AKLKTFSE:0.3333333333333333	YIGSMRYM:0.5	VLVLFNAE:0.6666666666666666	GITIKTAR:0.5	GDITLGAI:0.5	SEFGRGWT:0.3333333333333333	NAIRMLQR:0.5	KTARENGY:0.5	EVFERTIG:0.6666666666666666	QRAVGVAD:0.6666666666666666	GWTRRVAS:0.6666666666666666	MKRDQAKE:0.5	DAAVNHGI:0.8333333333333334	VLFNAERL:0.6666666666666666	SMRYMKRD:0.5	MSITFDEV:0.6666666666666666	DDVLVLFN:0.6666666666666666	HEGGYVNN:0.6666666666666666	YAKLKTFS:0.3333333333333333	KLKTFSEF:0.3333333333333333	NGYIGSMR:0.5	MRYMKRDQ:0.5	IGNAIRML:0.5	SITFDEVF:0.6666666666666666	GGYVNNPK:0.6666666666666666	FDEVFERT:0.6666666666666666	KCAQYNSA:0.6666666666666666	VFERTIGH:0.6666666666666666	RAVGVADD:0.6666666666666666	NWGITIKT:0.5	TIKTAREN:0.5	DEVFERTI:0.6666666666666666	LEFYAKLK:0.5	KDPGGETN:0.6666666666666666	KSLDDVLV:0.5	YVNNPKDP:0.6666666666666666	RVASNLRY:0.6666666666666666	ITLGAINK:0.3333333333333333	ASNLRYAA:0.6666666666666666	NSAIGFQM:0.6666666666666666	AAVNHGIG:0.8333333333333334	RGWTRRVA:0.5	IGSMRYMK:0.5	ERTIGHEG:0.6666666666666666	QAKEIYRK:0.6666666666666666	KKSLDDVL:0.3333333333333333	VVGDITLG:0.5	ADDGVVGD:0.5	DDGVVGDI:0.5	GGETNWGI:0.6666666666666666	GETNWGIT:0.6666666666666666	AKCAQYNS:0.6666666666666666	IKTARENG:0.5	ITFDEVFE:0.8333333333333334	GAINKKSL:0.3333333333333333	EIYRKAYW:0.6666666666666666	FDAAVNHG:0.8333333333333334	GRGWTRRV:0.6666666666666666	IGFQMFDA:0.6666666666666666	PKDPGGET:0.6666666666666666	AQYNSAIG:0.6666666666666666	GNAIRMLQ:0.5	FSEFGRGW:0.3333333333333333	YNSAIGFQ:0.6666666666666666	GIGNAIRM:0.5	YMKRDQAK:0.5	NPKDPGGE:0.6666666666666666	RDQAKEIY:0.5	TFSEFGRG:0.3333333333333333	DGVVGDIT:0.5	RLEFYAKL:0.6666666666666666	FNAERLEF:0.6666666666666666	AYWERAKC:0.5	RAKCAQYN:0.5	YRKAYWER:0.5	ERAKCAQY:0.5	WERAKCAQ:0.5	RKAYWERA:0.5	YWERAKCA:0.5	KAYWERAK:0.5	ITLGAINE:0.3333333333333333	LGAINEKS:0.3333333333333333	TLGAINEK:0.3333333333333333	
