cluster number:25
GH108:15	GH108:15
VDGIVGPK:0.2	DGIVGPKT:0.4	GIVGPKTL:0.2	IGTYEAYC:0.2	ILKWEGGF:0.4	NPRELFDQ:0.2	INDISYVG:0.2	KEEWTEIL:0.2	FVNDPDDL:0.26666666666666666	KIARFDFI:0.3333333333333333	PFILKWEG:0.3333333333333333	NMGVTIGT:0.3333333333333333	DPDDLGGA:0.4666666666666667	GVTIGTYE:0.2	EGGFVNDP:0.3333333333333333	WDRWKADE:0.26666666666666666	LFDQIKIA:0.2	KPTVERLK:0.2	MYWDRWKA:0.2	PRELFDQI:0.2	ATNMGVTI:0.4	ELFDQIKI:0.2	RELFDQIK:0.2	TNMGVTIG:0.3333333333333333	KTMYWDRW:0.26666666666666666	RINDISYV:0.2	PDDLGGAT:0.4666666666666667	FDQIKIAR:0.2	QIKIARFD:0.2	RGWMNRIN:0.3333333333333333	KWEGGFVN:0.26666666666666666	MNRINDIS:0.2	NKFKRGWM:0.3333333333333333	DQIKIARF:0.2	EEWTEILK:0.2	TKEEWTEI:0.2	WEGGFVND:0.26666666666666666	NDPDDLGG:0.4666666666666667	WMNRINDI:0.26666666666666666	LKTMYWDR:0.26666666666666666	TIGTYEAY:0.2	NNKFKRGW:0.3333333333333333	EWTEILKT:0.2	VTIGTYEA:0.2	DLGGATNM:0.4	WKADEIKS:0.2	ADEIKSQS:0.26666666666666666	YWDRWKAD:0.5333333333333333	DDLGGATN:0.4	IARFDFIE:0.3333333333333333	GFVNDPDD:0.26666666666666666	LAPFILKW:0.26666666666666666	NRINDISY:0.2	MGVTIGTY:0.2	IKIARFDF:0.3333333333333333	GATNMGVT:0.4	EILKTMYW:0.2	TMYWDRWK:0.2	GGATNMGV:0.4	DRWKADEI:0.26666666666666666	VNDPDDLG:0.3333333333333333	YEAYCRKK:0.2	APFILKWE:0.26666666666666666	KFKRGWMN:0.3333333333333333	FILKWEGG:0.3333333333333333	YCRKKGYP:0.2	KRGWMNRI:0.3333333333333333	KLAPFILK:0.26666666666666666	RWKADEIK:0.2	KADEIKSQ:0.2	LKWEGGFV:0.4	FKRGWMNR:0.3333333333333333	TYEAYCRK:0.2	TEILKTMY:0.2	EAYCRKKG:0.2	AYCRKKGY:0.2	ILKTMYWD:0.26666666666666666	PTVERLKN:0.2	GGFVNDPD:0.26666666666666666	LGGATNMG:0.4	WTEILKTM:0.2	GTYEAYCR:0.2	GWMNRIND:0.26666666666666666	FIEDICRK:0.26666666666666666	VDWVWASG:0.6666666666666666	FDFIEDIC:0.26666666666666666	RFDFIEDI:0.26666666666666666	DFIEDICR:0.26666666666666666	ILVDWVWA:0.4666666666666667	LVDWVWAS:0.5333333333333333	EDICRKRP:0.26666666666666666	ARFDFIED:0.26666666666666666	IEDICRKR:0.26666666666666666	NILVDWVW:0.4666666666666667	IKSQSVAN:0.2	SVANILVD:0.26666666666666666	VANILVDW:0.4666666666666667	ANILVDWV:0.4666666666666667	QSVANILV:0.26666666666666666	DVRKLAPF:0.2	ASGAHGIK:0.2	VRKLAPFI:0.2	GIKIPQRL:0.2	PQRLLGVT:0.2	IVGPKTIA:0.2	IKIPQRLL:0.2	SGAHGIKI:0.2	VGPKTIAA:0.2	VWASGAHG:0.2	WASGAHGI:0.2	RKLAPFIL:0.2	GPKTIAAV:0.2	HGIKIPQR:0.2	DWVWASGA:0.26666666666666666	AHGIKIPQ:0.2	GIVGPKTI:0.2	WVWASGAH:0.2	GAHGIKIP:0.2	KIPQRLLG:0.2	PKTIAAVN:0.2	IPQRLLGV:0.26666666666666666	GIVGNKTL:0.2	DGIVGNKT:0.2	IPQRILGV:0.2	KSCGYDKD:0.2	SCGYDKDG:0.2	WKSCGYDK:0.2	GYDKDGDG:0.4666666666666667	TWKSCGYD:0.2	CGYDKDGD:0.2	DKDGDGDI:0.4	HYWDRWKA:0.2	KPHYWDRW:0.2	KDGDGDID:0.4	PHYWDRWK:0.2	YDKDGDGD:0.4	DGDGDIDV:0.4	DRWKADLI:0.2	WDRWKADL:0.2	KGVTIATW:0.26666666666666666	GDIDVEDL:0.2	GVTIATWK:0.2	TNKGVTIA:0.26666666666666666	NKGVTIAT:0.26666666666666666	ATNKGVTI:0.26666666666666666	GDGDIDVE:0.2	GATNKGVT:0.26666666666666666	DGDIDVED:0.2	VGYDKDGD:0.26666666666666666	GGATNKGV:0.26666666666666666	LVDWVWGS:0.2	PADAGGAT:0.2	ILVDWVWG:0.2	DAGGATNK:0.2	DPADAGGA:0.2	ADAGGATN:0.2	DWVWGSGK:0.2	AGGATNKG:0.2	VDWVWGSG:0.2	
