cluster number:19
GH108:6	GH108:6
DVRALTHA:0.5	AYAIARRN:0.5	HLADAYAI:0.5	WYYALADS:0.5	GFDTTGDG:0.6666666666666666	VRAEEFMA:0.5	YALADSRP:0.5	NRGVTLAT:0.5	TLATLRRL:0.5	YARRKDGG:0.6666666666666666	AAPAHLAD:0.3333333333333333	ALADSRPA:0.5	AIEAAPAH:0.3333333333333333	KYARRKDG:0.6666666666666666	DGKVQVED:0.5	PLQPGVFD:0.5	LADSRPAS:0.5	AVRLLQKL:0.5	GLGNLPEP:0.5	IVRAEEFM:0.5	MAPRYRLT:0.6666666666666666	PDDPGGAT:0.6666666666666666	DPGGATNR:0.5	EDVRALTH:0.5	LTHAQAES:0.3333333333333333	EDPDDPGG:0.5	YVNAGSTA:0.5	IEAAPAHL:0.3333333333333333	MYVNAGST:0.5	RPASRKYA:0.5	ATNRGVTL:0.5	RERTAAWA:0.5	AIARRNWY:0.5	QSIQDIAR:0.5	RKYARRKD:0.6666666666666666	YYALADSR:0.5	EAQHRERT:0.6666666666666666	VEDVRALT:0.5	GGATNRGV:0.5	ESIFIEHY:0.3333333333333333	IARRNWYY:0.5	SRKYARRK:0.6666666666666666	QVEDVRAL:0.5	QPGVFDMY:0.5	AESIFIEH:0.3333333333333333	HRERTAAW:0.5	STAVRLLQ:0.5	ARRKDGGK:0.6666666666666666	RAEEFMAP:0.6666666666666666	SIFIEHYF:0.3333333333333333	WIVRAEEF:0.5	REGGFVED:0.5	DAYAIARR:0.5	IVAREGGF:0.6666666666666666	RGVTLATL:0.5	IQDIARQI:0.5	RKDGGKGG:0.6666666666666666	VRLLQKLL:0.5	VQVEDVRA:0.5	EGGFVEDP:0.5	GFVEDPDD:0.5	RRNWYYAL:0.5	SRPASRKY:0.5	LTEAQHRE:0.6666666666666666	NLPEPLQP:0.5	DPDDPGGA:0.6666666666666666	RRKDGGKG:0.6666666666666666	ADGIVGPQ:0.6666666666666666	ATLRRLGF:0.6666666666666666	QIVAREGG:0.5	IVGPQTIR:0.5	MQSIQDIA:0.5	PEPLQPGV:0.5	GKVQVEDV:0.5	QDIARQIV:0.5	LQKLLADM:0.5	PGGATNRG:0.5	LPEPLQPG:0.5	AQHRERTA:0.8333333333333334	VGPQTIRQ:0.5	DGIVGPQT:0.6666666666666666	PRYRLTEA:0.5	QAESIFIE:0.3333333333333333	DDPGGATN:0.5	ARQIVARE:0.5	PQTIRQAQ:0.5	RRPGLGNL:0.5	RLGFDTTG:0.6666666666666666	TNRGVTLA:0.5	TAVRLLQK:0.5	LLQKLLAD:0.5	GNLPEPLQ:0.5	EEFMAPRY:0.6666666666666666	ASRKYARR:0.5	IRQAQAAI:0.5	RQAQAAIE:0.5	TADGIVGP:0.3333333333333333	AEEFMAPR:0.6666666666666666	IEHYFRRP:0.5	TGDGKVQV:0.5	RQIVAREG:0.5	GATNRGVT:0.5	IFIEHYFR:0.5	VRALTHAQ:0.5	RPGLGNLP:0.5	EPLQPGVF:0.5	DSRPASRK:0.5	LGFDTTGD:0.6666666666666666	RYRLTEAQ:0.5	PGLGNLPE:0.5	YRLTEAQH:0.5	LGNLPEPL:0.5	NWYYALAD:0.5	RLTEAQHR:0.5	LATLRRLG:0.5	GKGGWIVR:0.5	GGWIVRAE:0.5	CTADGIVG:0.3333333333333333	QKLLADMG:0.5	AREGGFVE:0.5	PGVFDMYV:0.5	PASRKYAR:0.5	VNAGSTAV:0.5	GGKGGWIV:0.5	IARQIVAR:0.5	ADSRPASR:0.5	APRYRLTE:0.5	TEAQHRER:0.6666666666666666	AGSTAVRL:0.5	DIARQIVA:0.5	GSTAVRLL:0.5	GGFVEDPD:0.5	FDTTGDGK:0.5	VFDMYVNA:0.5	LQPGVFDM:0.5	GDGKVQVE:0.5	GPQTIRQA:0.5	KDGGKGGW:0.6666666666666666	TTGDGKVQ:0.5	FIEHYFRR:0.5	PAHLADAY:0.3333333333333333	QAAIEAAP:0.5	DTTGDGKV:0.5	LADAYAIA:0.5	RNWYYALA:0.5	RRLGFDTT:0.6666666666666666	TLRRLGFD:0.6666666666666666	ARRNWYYA:0.5	YAIARRNW:0.5	FVEDPDDP:0.5	THAQAESI:0.3333333333333333	SIQDIARQ:0.5	GVTLATLR:0.5	DMYVNAGS:0.6666666666666666	KGGWIVRA:0.5	EHYFRRPG:0.6666666666666666	GWIVRAEE:0.5	EFMAPRYR:0.6666666666666666	FRRPGLGN:0.5	RALTHAQA:0.5	QTIRQAQA:0.5	QAQAAIEA:0.5	NAGSTAVR:0.5	DGGKGGWI:0.6666666666666666	VEDPDDPG:0.5	AQAESIFI:0.3333333333333333	YFRRPGLG:0.5	ADAYAIAR:0.5	HYFRRPGL:0.5	AHLADAYA:0.3333333333333333	TIRQAQAA:0.5	LRRLGFDT:0.6666666666666666	AQAAIEAA:0.5	VAREGGFV:0.6666666666666666	GVFDMYVN:0.5	VTLATLRR:0.5	FDMYVNAG:0.6666666666666666	RLLQKLLA:0.5	GIVGPQTI:0.5	KVQVEDVR:0.5	AAIEAAPA:0.3333333333333333	HAQAESIF:0.3333333333333333	FMAPRYRL:0.6666666666666666	APAHLADA:0.3333333333333333	EAAPAHLA:0.3333333333333333	ALTHAQAE:0.5	QHRERTAA:0.5	KLLADMGF:0.3333333333333333	LADMGFAC:0.3333333333333333	LLADMGFA:0.3333333333333333	PDHLADAY:0.3333333333333333	GFACAADG:0.3333333333333333	RNFYYALA:0.3333333333333333	APDHLADA:0.3333333333333333	NFYYALAD:0.3333333333333333	AAPDHLAD:0.3333333333333333	VARRNFYY:0.3333333333333333	ARRNFYYA:0.3333333333333333	MGFACAAD:0.3333333333333333	RRNFYYAL:0.3333333333333333	
