cluster number:6
AA5:14	AA5_1:14
THPAWATE:0.21428571428571427	GTHPAWAT:0.21428571428571427	HPAWATEY:0.2857142857142857	SAQQMFLG:0.21428571428571427	GTAGYGNE:0.21428571428571427	MLPLTPAN:0.42857142857142855	NVLGNGTW:0.21428571428571427	FCAGGNVL:0.2857142857142857	NPTYEFFP:0.35714285714285715	EGRSMGQF:0.21428571428571427	GGNVLGNG:0.2857142857142857	LVWLLPSG:0.21428571428571427	GRSMGQFV:0.21428571428571427	LPLTPANN:0.42857142857142855	AGSNPNAD:0.2857142857142857	CAGGNVLG:0.2857142857142857	VSAQQMFL:0.21428571428571427	PLVWLLPS:0.21428571428571427	PAWATEYD:0.35714285714285715	FEGRSMGQ:0.21428571428571427	GSNPNADF:0.21428571428571427	AGGNVLGN:0.2857142857142857	GNVLGNGT:0.21428571428571427	AMLPLTPA:0.2857142857142857	VVVNGVPS:0.35714285714285715	TAMLPLTP:0.21428571428571427	RWYPTVET:0.21428571428571427	FVVVNGVP:0.35714285714285715	WYPTVETL:0.21428571428571427	ANNWTATI:0.21428571428571427	LTWLLPSG:0.2857142857142857	AVRTYPAS:0.42857142857142855	ATLLPDGS:0.2857142857142857	PRMYHSSA:0.21428571428571427	MTTRRWYP:0.35714285714285715	DGSATLHV:0.21428571428571427	TPANNWTA:0.35714285714285715	HAVRTYPA:0.2857142857142857	PLTWLLPS:0.21428571428571427	TLPANLYP:0.21428571428571427	TNTFCAGG:0.35714285714285715	VRTYPASA:0.35714285714285715	PANNWTAT:0.35714285714285715	LTPANNWT:0.35714285714285715	RTGFSTHA:0.21428571428571427	YHSSATLL:0.21428571428571427	VSAQQLFL:0.21428571428571427	NTFCAGGG:0.21428571428571427	SAQQLFLG:0.21428571428571427	PHAVRTYP:0.42857142857142855	PLTPANNW:0.35714285714285715	YPTLETLE:0.2857142857142857	TSWAIGQS:0.21428571428571427	IPHAVRTY:0.21428571428571427	TLETLEDG:0.2857142857142857	SNPNADYV:0.21428571428571427	WLLPSGNL:0.2857142857142857	KGTAGYGN:0.21428571428571427	YGNTSWAI:0.21428571428571427	GQNNPTYE:0.21428571428571427	TTTLPANL:0.2857142857142857	WAIGQSFG:0.21428571428571427	SWAIGQSF:0.21428571428571427	GSNPNADY:0.2857142857142857	WYPTLETL:0.35714285714285715	RRWYPTLE:0.42857142857142855	TNSFCAGG:0.21428571428571427	LLPSGNLF:0.2857142857142857	SGSNPNAD:0.21428571428571427	GYGNTSWA:0.21428571428571427	LTTTLPAN:0.2857142857142857	NTSWAIGQ:0.21428571428571427	GTAGYGNT:0.21428571428571427	NVGGNQAI:0.21428571428571427	PTLETLED:0.2857142857142857	TRRWYPTL:0.2857142857142857	TAGYGNTS:0.21428571428571427	LPSGNLFI:0.21428571428571427	AGYGNTSW:0.21428571428571427	YMTTRRWY:0.21428571428571427	TTLPANLF:0.21428571428571427	TTRRWYPT:0.2857142857142857	RWYPTLET:0.35714285714285715	GNTSWAIG:0.21428571428571427	TLLPDGSV:0.21428571428571427	YHSTATLL:0.21428571428571427	MYHSTATL:0.21428571428571427	RTYPASAA:0.21428571428571427	HSTATLLP:0.21428571428571427	RMYHSTAT:0.21428571428571427	TATLLPDG:0.21428571428571427	STATLLPD:0.21428571428571427	VLGNGTWL:0.21428571428571427	LGNGTWLN:0.21428571428571427	VYILDKVE:0.21428571428571427	ATILFCGG:0.21428571428571427	QNNPTYEF:0.21428571428571427	
