cluster number:13
AA5:48	AA5_2:46|CBM32:31|1.1.3.9:5|AA5:2|1.1.3.13:2
GYWMLFVM:0.20833333333333334	HDMFCPGI:0.6458333333333334	NTDQRRVP:0.25	TDQRRVPL:0.25	SVVLPDGT:0.20833333333333334	ATHTVNTD:0.3541666666666667	HTVNTDQR:0.6666666666666666	VNTDQRRV:0.22916666666666666	TVNTDQRR:0.6666666666666666	THTVNTDQ:0.625	VVLPDGTV:0.25	GGGLCGDC:0.2916666666666667	PGYWMLFV:0.4375	DMFCPGIS:0.6458333333333334	GSVFQAGP:0.5208333333333334	SVFQAGPS:0.625	VVTGGNDA:0.3541666666666667	LLPDATVF:0.22916666666666666	FGWKKGSV:0.2916666666666667	GWKKGSVF:0.2916666666666667	AWLFGWKK:0.3333333333333333	WKKGSVFQ:0.2916666666666667	HAWLFGWK:0.4166666666666667	DGRVFTIG:0.3541666666666667	KKGSVFQA:0.2916666666666667	KNGEVYDP:0.2916666666666667	HHDMFCPG:0.20833333333333334	KGSVFQAG:0.2916666666666667	LFGWKKGS:0.2916666666666667	DNHAWLFG:0.4166666666666667	WLFGWKKG:0.3541666666666667	VFQAGPST:0.375	SDGRVFTI:0.3541666666666667	GRVFTIGG:0.4166666666666667	NHAWLFGW:0.4166666666666667	LLLPDGRV:0.3333333333333333	YHSISLLL:0.20833333333333334	SLLLPDGR:0.22916666666666666	TSVVLPDG:0.3541666666666667	LPDGRVFN:0.2916666666666667	SIVRVYHS:0.20833333333333334	DGRVFNGG:0.2916666666666667	ISLLLPDG:0.20833333333333334	IVRVYHSI:0.20833333333333334	NSIVRVYH:0.20833333333333334	TTHTVNTD:0.20833333333333334	FHTSVVLP:0.3333333333333333	VYHSISLL:0.20833333333333334	VNTDQRRI:0.5208333333333334	TNHFDAQI:0.20833333333333334	RVYHSISL:0.20833333333333334	SISLLLPD:0.20833333333333334	HSISLLLP:0.20833333333333334	PNSIVRVY:0.20833333333333334	PDGRVFNG:0.2916666666666667	LLPDGRVF:0.2916666666666667	HTSVVLPD:0.3541666666666667	ASLIRYGT:0.3333333333333333	GNAVMYDA:0.2708333333333333	NAVMYDAV:0.22916666666666666	GNLATRPK:0.20833333333333334	FQAGPSTA:0.3333333333333333	LATRPKIT:0.2916666666666667	NLATRPKI:0.20833333333333334	LIRYGTAT:0.22916666666666666	ALPGYWML:0.3333333333333333	TATHTVNT:0.20833333333333334	TIGGSWSG:0.5208333333333334	IVVTGGND:0.22916666666666666	QAGPSTAM:0.3333333333333333	TKHDMFCP:0.20833333333333334	KGKILTFG:0.20833333333333334	RVFTIGGS:0.3541666666666667	RGYQSSAT:0.375	RVFNGGGG:0.2708333333333333	GKILTFGG:0.2708333333333333	GPSTAMNW:0.3333333333333333	NSYSFQVP:0.20833333333333334	AGPSTAMN:0.3333333333333333	VTGGNDAK:0.22916666666666666	QIVVTGGN:0.22916666666666666	NTDQRRIP:0.4166666666666667	IRYGTATH:0.22916666666666666	GVPSVAST:0.375	TGGNDAKK:0.22916666666666666	AGVPSVAS:0.3125	GTATHTVN:0.22916666666666666	IGGSWSGG:0.4583333333333333	STAMNWYY:0.2916666666666667	HEVYLSSD:0.22916666666666666	ARYVRLVA:0.20833333333333334	IGRHEVYL:0.22916666666666666	EVYLSSDG:0.22916666666666666	YGTATHTV:0.22916666666666666	MFCPGISM:0.3125	CPGISMDG:0.2916666666666667	GQIVVTGG:0.22916666666666666	NGGGGLCG:0.4583333333333333	GRHEVYLS:0.22916666666666666	ILTFGGSP:0.20833333333333334	PDAMCGNA:0.22916666666666666	WIGRHEVY:0.22916666666666666	DAVKGKIL:0.20833333333333334	ARGYQSSA:0.3125	CGNAVMYD:0.20833333333333334	TDQRRIPL:0.4583333333333333	VFTIGGSW:0.4166666666666667	LPGYWMLF:0.3541666666666667	TAMNWYYT:0.2916666666666667	RHEVYLSS:0.22916666666666666	GRVFNGGG:0.2708333333333333	KHDMFCPG:0.2708333333333333	AVKGKILT:0.20833333333333334	FCPGISMD:0.3125	FTIGGSWS:0.5208333333333334	VFNGGGGL:0.4166666666666667	PSTAMNWY:0.3333333333333333	GGNDAKKT:0.22916666666666666	NGNLATRP:0.20833333333333334	GGGGLCGD:0.2708333333333333	SYSFQVPS:0.20833333333333334	FNGGGGLC:0.4166666666666667	YSFQVPSD:0.20833333333333334	PARYVRLV:0.20833333333333334	MCGNAVMY:0.20833333333333334	VPSVASTI:0.3333333333333333	SLIRYGTA:0.22916666666666666	RYGTATHT:0.22916666666666666	VMYDAVAG:0.22916666666666666	PSVASTIK:0.22916666666666666	MYDAVAGK:0.22916666666666666	YDAVAGKI:0.22916666666666666	GNVFITGG:0.25	NVFITGGQ:0.25	IALPGYWM:0.22916666666666666	WGPTLDFP:0.20833333333333334	GIALPGYW:0.22916666666666666	
