cluster number:16
GT47:37	GT47:37|2.4.1.-:1
EEVIRLIP:0.21621621621621623	AGCIPVFF:0.7297297297297297	LAGCIPVF:0.7297297297297297	VPYPTYFH:0.2972972972972973	DHFLVAGR:0.2702702702702703	GCIPVFFH:0.5405405405405406	MLAGCIPV:0.32432432432432434	GGRDHFLV:0.24324324324324326	IPVFFHPG:0.40540540540540543	AMGGRDHF:0.24324324324324326	WRAMGGRD:0.24324324324324326	CIPVFFHP:0.4864864864864865	PYPTYFHP:0.5945945945945946	FFHPGSAY:0.3783783783783784	VFFHPGSA:0.3783783783783784	RAMGGRDH:0.24324324324324326	EWRAMGGR:0.24324324324324326	AVPYPTYF:0.2972972972972973	PVFFHPGS:0.35135135135135137	REEVIRLI:0.21621621621621623	DSILAGCI:0.21621621621621623	FDSILAGC:0.21621621621621623	ILAGCIPV:0.32432432432432434	SILAGCIP:0.21621621621621623	GDSYTRRS:0.43243243243243246	IPYPTYFH:0.2972972972972973	QPQGDSYT:0.2702702702702703	LQPQGDSY:0.2702702702702703	CLQPQGDS:0.2702702702702703	WLFSFAGA:0.2972972972972973	FCLQPQGD:0.2702702702702703	PQGDSYTR:0.2702702702702703	SKLETLKD:0.21621621621621623	SMLVVESS:0.21621621621621623	RSAFDSML:0.21621621621621623	QYTWHLPK:0.24324324324324326	ADPRSKLE:0.2972972972972973	MLVVESSP:0.21621621621621623	RSKLETLK:0.21621621621621623	SMLAGCIP:0.21621621621621623	DPRSKLET:0.2972972972972973	DSYTRRSA:0.24324324324324326	AFDSMLAG:0.21621621621621623	TYFHPAKD:0.2702702702702703	QGDSYTRR:0.21621621621621623	YTRRSAFD:0.2972972972972973	FHPGSAYT:0.21621621621621623	MSMLVVES:0.21621621621621623	WDPFFSKP:0.21621621621621623	LVVESSPW:0.21621621621621623	FDSMLAGC:0.2702702702702703	PTYFHPAK:0.2702702702702703	FSFAGAPR:0.2972972972972973	PGSAYTQY:0.21621621621621623	DPFFSKPK:0.21621621621621623	SAFDSMLA:0.21621621621621623	YADPRSKL:0.32432432432432434	YPTYFHPA:0.2702702702702703	LFSFAGAP:0.2972972972972973	ETLKDAFD:0.21621621621621623	PRSKLETL:0.24324324324324326	SFAGAPRP:0.2972972972972973	LETLKDAF:0.21621621621621623	HPGSAYTQ:0.21621621621621623	NMSMLVVE:0.21621621621621623	TRRSAFDS:0.21621621621621623	SYTRRSAF:0.24324324324324326	VVESSPWN:0.21621621621621623	RRSAFDSM:0.21621621621621623	DSMLAGCI:0.24324324324324326	YTWHLPKN:0.21621621621621623	TLKDAFDV:0.21621621621621623	KLETLKDA:0.21621621621621623	CLQPPGDS:0.21621621621621623	FCLQPPGD:0.2972972972972973	AAAVFVPF:0.21621621621621623	AAVFVPFY:0.21621621621621623	VPFYAGFD:0.35135135135135137	VFVPFYAG:0.2972972972972973	FVPFYAGF:0.35135135135135137	AVFVPFYA:0.2702702702702703	
