cluster number:4
AA6:11	AA6:11
AQVSAFFD:0.6363636363636364	GTRYGRAP:0.2727272727272727	GQETTALT:0.36363636363636365	GGLWASGA:0.6363636363636364	APAQVSAF:0.45454545454545453	PAQVSAFF:0.6363636363636364	LVGKFAGV:0.2727272727272727	ASGALVGK:0.36363636363636365	FFDATGGL:0.45454545454545453	IGFVRPEL:0.2727272727272727	ATGGLWAS:0.2727272727272727	YVPIGFVR:0.2727272727272727	PIGFVRPE:0.2727272727272727	ALVGKFAG:0.2727272727272727	VPIGFVRP:0.2727272727272727	FDATGGLW:0.45454545454545453	TRYGRAPA:0.7272727272727273	QETTALTT:0.36363636363636365	GALVGKFA:0.2727272727272727	IYVPIGFV:0.2727272727272727	FGTRYGRA:0.2727272727272727	GLWASGAL:0.6363636363636364	DATGGLWA:0.45454545454545453	YGRAPAQV:0.36363636363636365	AFFDATGG:0.36363636363636365	GGQETTAL:0.36363636363636365	PFFAHHGI:0.36363636363636365	GRAPAQVS:0.45454545454545453	SAFFDATG:0.36363636363636365	WASGALVG:0.36363636363636365	RYGRAPAQ:0.36363636363636365	RAPAQVSA:0.45454545454545453	TGGLWASG:0.6363636363636364	HGGQETTA:0.36363636363636365	LWASGALV:0.36363636363636365	SGALVGKF:0.36363636363636365	SQHGGQET:0.2727272727272727	VSAFFDAT:0.36363636363636365	GFVRPELS:0.2727272727272727	QHGGQETT:0.2727272727272727	TALTTVPF:0.2727272727272727	GALIGKFA:0.2727272727272727	MVAKIAVI:0.2727272727272727	VGGSAYGA:0.36363636363636365	RYGRAPAA:0.2727272727272727	FTSTASQH:0.45454545454545453	LTTVPFFA:0.2727272727272727	ETTALTTV:0.2727272727272727	FPTRYGRA:0.45454545454545453	STASQHGG:0.45454545454545453	EIRGKMHA:0.2727272727272727	ALIGKFAS:0.2727272727272727	GGLWAKGA:0.36363636363636365	TSTASQHG:0.45454545454545453	YGRAPAAV:0.2727272727272727	TTALTTVP:0.2727272727272727	TGGLWAKG:0.36363636363636365	GRAPAAVS:0.2727272727272727	PTRYGRAP:0.45454545454545453	GFPTRYGR:0.45454545454545453	TTVPFFAH:0.2727272727272727	ALTTVPFF:0.2727272727272727	GLWAKGAL:0.36363636363636365	GGDGSRQP:0.2727272727272727	GTIAGGDG:0.2727272727272727	GEHFANVV:0.2727272727272727	TASQHGGN:0.2727272727272727	IFGFPTRY:0.2727272727272727	FGFPTRYG:0.2727272727272727	IAGGDGSR:0.2727272727272727	NETTHLTT:0.36363636363636365	ETTHLTTI:0.36363636363636365	QHGGNETT:0.36363636363636365	HFANVVNT:0.2727272727272727	QGEHFANV:0.2727272727272727	HLTTIPFF:0.36363636363636365	AGGDGSRQ:0.2727272727272727	ASQHGGNE:0.2727272727272727	EYDGFIFG:0.2727272727272727	GGNETTHL:0.36363636363636365	KMHANKEP:0.2727272727272727	GFIFGFPT:0.36363636363636365	TIAGGDGS:0.2727272727272727	FIFGFPTR:0.36363636363636365	EHFANVVN:0.2727272727272727	TTHLTTIP:0.36363636363636365	THLTTIPF:0.36363636363636365	GNETTHLT:0.36363636363636365	SQHGGNET:0.36363636363636365	YDGFIFGF:0.2727272727272727	DGFIFGFP:0.36363636363636365	HGGNETTH:0.36363636363636365	WASGALIG:0.2727272727272727	ASGALIGK:0.2727272727272727	TTIPFFVH:0.2727272727272727	SGALIGKF:0.2727272727272727	LWASGALI:0.2727272727272727	LTTIPFFV:0.2727272727272727	AFFDQTGG:0.36363636363636365	SAFFDQTG:0.36363636363636365	DQTGGLWA:0.36363636363636365	VSAFFDQT:0.36363636363636365	QVSAFFDQ:0.36363636363636365	FDQTGGLW:0.36363636363636365	FFDQTGGL:0.36363636363636365	
