cluster number:258
GT0:13	GT0:13
SYKDAQGF:0.23076923076923078	WRIGEYKN:0.23076923076923078	LTGWRIGE:0.23076923076923078	HYGWVKPP:0.3076923076923077	YKDAQGFR:0.23076923076923078	AFYIQGDE:0.38461538461538464	TGWRIGEY:0.23076923076923078	WAFYIQGD:0.38461538461538464	GFTFIRNA:0.23076923076923078	YGWVKPPE:0.23076923076923078	SVLPLCDE:0.23076923076923078	FYIQGDEV:0.23076923076923078	VLPLCDEF:0.23076923076923078	YLHFYGSY:0.23076923076923078	RIGEYKNY:0.3076923076923077	GWRIGEYK:0.23076923076923078	YHYGWVKP:0.23076923076923078	IYHYGWVK:0.3076923076923077	DWAFYIQG:0.3076923076923077	ETDKALAA:0.3076923076923077	MKVSGFTF:0.46153846153846156	RWYRREIR:0.3076923076923077	HFYGSYDY:0.46153846153846156	SYRDAQGF:0.46153846153846156	DYPVVEAI:0.23076923076923078	SRRWYRRE:0.23076923076923078	YRDAQGFR:0.46153846153846156	WYRREIRI:0.23076923076923078	SILPLCDE:0.3076923076923077	FDYRNYKL:0.23076923076923078	FTFVRNAV:0.3076923076923077	RLFDYRNY:0.23076923076923078	SGFTFVRN:0.38461538461538464	GSYDYLGD:0.23076923076923078	KVSGFTFV:0.38461538461538464	YGSYDYLG:0.23076923076923078	PLCDEVVV:0.3076923076923077	RHFYGSYD:0.3076923076923077	KRLFDYRN:0.23076923076923078	TGKRLFDY:0.23076923076923078	VSGFTFVR:0.38461538461538464	LAVETDKA:0.38461538461538464	GKRLFDYR:0.23076923076923078	LFDYRNYK:0.23076923076923078	FYGSYDYL:0.3076923076923077	GFTFVRNA:0.38461538461538464	ILPLCDEV:0.23076923076923078	YRHFYGSY:0.38461538461538464	LPLCDEVV:0.3076923076923077	SINSPKIR:0.23076923076923078	VLAVETDK:0.23076923076923078	IKSILPLC:0.23076923076923078	FYIQADEV:0.23076923076923078	KSILPLCD:0.23076923076923078	INSPKIRI:0.23076923076923078	RDAQGFRK:0.38461538461538464	TDKALAAI:0.23076923076923078	DAQGFRKN:0.23076923076923078	KYRHFYGS:0.23076923076923078	
