cluster number:152
GT0:58	GT0:58|GT2:1
YKLIQYMA:0.7068965517241379	KCGYKLIQ:0.6379310344827587	LIQYMACG:0.5689655172413793	CGYKLIQY:0.6206896551724138	GYKLIQYM:0.6379310344827587	GKCGYKLI:0.6379310344827587	KLIQYMAC:0.6379310344827587	DLLWIEKE:0.27586206896551724	GASSRLRT:0.20689655172413793	WERGKCGY:0.5	MACGLPVV:0.29310344827586204	GLPVVASP:0.20689655172413793	QYMACGLP:0.3103448275862069	PVVASPVG:0.39655172413793105	ERGKCGYK:0.5	VASPVGVN:0.3793103448275862	CGLPVVAS:0.27586206896551724	RGKCGYKL:0.5172413793103449	IQYMACGL:0.29310344827586204	VVASPVGV:0.3275862068965517	YMACGLPV:0.3103448275862069	PWERGKCG:0.41379310344827586	ACGLPVVA:0.27586206896551724	YDDAIFHN:0.22413793103448276	IGIMPLPD:0.20689655172413793	IGWIGSPS:0.3103448275862069	DDAIFHNY:0.27586206896551724	VDYDDAIF:0.20689655172413793	YVVDYDDA:0.27586206896551724	GWIGSPST:0.3103448275862069	DYDDAIFH:0.27586206896551724	DAIFHNYD:0.27586206896551724	TIGWIGSP:0.20689655172413793	DYDDAVFH:0.20689655172413793	
