cluster number:155
GT0:6	GT0:6
AAEANRLL:0.3333333333333333	FFIETRWN:0.3333333333333333	SQMPDYHL:0.3333333333333333	NKDCIKIF:0.3333333333333333	GGLVHKGL:0.5	LNKDCIKI:0.3333333333333333	CSEGGGGC:0.5	QQRRGITL:0.8333333333333334	ATVLGNEF:0.3333333333333333	LVHKGLDL:0.5	TVLGNEFT:0.3333333333333333	LQQRRGIT:0.8333333333333334	NAAEANRL:0.3333333333333333	FHNAAEAN:0.3333333333333333	ELYQTPNI:0.5	DCATVLGN:0.3333333333333333	FIETRWNL:0.3333333333333333	KGLDLLLD:0.3333333333333333	HKGLDLLL:0.3333333333333333	ILFHNAAE:0.3333333333333333	VSYESSVD:0.3333333333333333	SEGGGGCV:0.5	FSQMPDYH:0.3333333333333333	LYQTPNIH:0.5	SCSEGGGG:0.6666666666666666	HNAAEANR:0.3333333333333333	FLWFGSGG:0.5	GLVHKGLD:0.5	KDCIKIFH:0.3333333333333333	EGGGGCVI:0.5	LFHNAAEA:0.5	ADCATVLG:0.3333333333333333	WFGSGGLV:0.5	YPSCSEGG:0.6666666666666666	AHILFHNA:0.3333333333333333	HILFHNAA:0.3333333333333333	FGSGGLVH:0.5	VHKGLDLL:0.3333333333333333	NFLWFGSG:0.3333333333333333	YQTPNIHT:0.3333333333333333	PSCSEGGG:0.6666666666666666	LWFGSGGL:0.5	GSGGLVHK:0.5	CATVLGNE:0.3333333333333333	VLGNEFTM:0.3333333333333333	SGGLVHKG:0.5	VHKGLDLV:0.5	IFHADTAH:0.3333333333333333	MAQTFLDM:0.3333333333333333	LALQQRRG:0.3333333333333333	QTFLDMGY:0.5	GLDLVLEA:0.5	DCHLTICG:0.3333333333333333	CHLTICGP:0.3333333333333333	RLLALQQR:0.3333333333333333	CIKIFHAD:0.5	LDLVLEAF:0.5	LLALQQRR:0.3333333333333333	MGYCVDVI:0.3333333333333333	MPDCHLTI:0.3333333333333333	AQTFLDMG:0.5	IGNVLISY:0.3333333333333333	PDCHLTIC:0.3333333333333333	IKIFHADT:0.3333333333333333	KIFHADTA:0.3333333333333333	ALQQRRGI:0.3333333333333333	HKGLDLVL:0.5	LDMGYCVD:0.3333333333333333	KGLDLVLE:0.5	DMGYCVDV:0.3333333333333333	VYPSCSEG:0.5	SHTHFWEC:0.3333333333333333	DCIKIFHA:0.5	QMAQTFLD:0.3333333333333333	NDVFVPQK:0.3333333333333333	NIHTVGWV:0.3333333333333333	KELYQTPN:0.3333333333333333	GGGCVITC:0.3333333333333333	GCVITCMH:0.3333333333333333	LVYPSCSE:0.3333333333333333	TPNIHTVG:0.3333333333333333	HLTICGPV:0.5	LEAFAQMP:0.3333333333333333	CVITCMHA:0.3333333333333333	YKELYQTP:0.3333333333333333	YKIPISTP:0.3333333333333333	ENDVFVPQ:0.3333333333333333	LNPDCIKI:0.3333333333333333	GGCVITCM:0.3333333333333333	DLVLEAFA:0.3333333333333333	GGGGCVIT:0.3333333333333333	VITCMHAG:0.3333333333333333	YYKELYQT:0.3333333333333333	PNIHTVGW:0.3333333333333333	IHTVGWVD:0.3333333333333333	YHLTICGP:0.3333333333333333	RFLWFGSN:0.3333333333333333	DLQQRRGI:0.3333333333333333	QMPDYHLT:0.3333333333333333	
