cluster number:120
GT0:12	GT0:12
YPVDVVIN:0.25	PVDVVING:0.25	IGMGHIMR:0.5	VDVVINGN:0.25	TLYELCAC:0.5	LYELCACG:0.5	GSTLYELC:0.5	NIGMGHIM:0.4166666666666667	GMGHIMRC:0.5	STLYELCA:0.5	GGSTLYEL:0.5833333333333334	AISAGGST:0.5833333333333334	AGGSTLYE:0.6666666666666666	STLYELAA:0.25	ISAGGSTL:0.5833333333333334	SAGGSTLY:0.6666666666666666	GSTLYELA:0.25	VLIIDSYN:0.25	ITTGGSDP:0.5	YNLIRDEF:0.3333333333333333	LIRDEFKN:0.25	LDVLIIDS:0.25	LIIDSYNV:0.25	MITTGGSD:0.5	DVLIIDSY:0.25	YELCACGT:0.4166666666666667	IMITTGGS:0.5	NLIRDEFK:0.25	ELCACGTP:0.4166666666666667	TTGGSDPF:0.4166666666666667	HIMRCLSL:0.4166666666666667	GHIMRCLS:0.4166666666666667	IMRCLSLA:0.4166666666666667	CGTPALAV:0.25	ACGTPALA:0.25	EIMITTGG:0.5	KMQKLVDG:0.3333333333333333	CLSLAKGF:0.3333333333333333	KYNLIRDE:0.25	YPVDVLIN:0.3333333333333333	KLVDGEGV:0.25	LLGLKYNL:0.3333333333333333	EFFLKLKP:0.25	MLKSDVAI:0.25	SDVAISAG:0.25	RCLSLAKG:0.4166666666666667	LKSDVAIS:0.25	TGGSDPFN:0.25	MLLGLKYN:0.3333333333333333	DVLINGNI:0.3333333333333333	GGSDPFNL:0.25	MQKLVDGE:0.25	AFNLDVLI:0.25	LMLLGLKY:0.25	VLINGNIT:0.3333333333333333	SRKMQKLV:0.25	PVDVLING:0.3333333333333333	LGLKYNLI:0.3333333333333333	RKMQKLVD:0.25	SLAKGFRN:0.25	KSDVAISA:0.25	LPERIINR:0.25	VAISAGGS:0.25	VDVLINGN:0.3333333333333333	LSLAKGFR:0.3333333333333333	MRCLSLAK:0.3333333333333333	IVVGSGFT:0.25	QKLVDGEG:0.25	NIVVGSGF:0.25	MGHIMRCL:0.3333333333333333	GLKYNLIR:0.3333333333333333	DVAISAGG:0.25	LKYNLIRD:0.25	VIADNQRE:0.25	
