cluster number:304
GT0:78	GT0:78
FKKASNMN:0.7564102564102564	MPVYKESL:0.20512820512820512	GRFKKASN:0.358974358974359	SEDFDMAL:0.3076923076923077	DFDMALRL:0.3076923076923077	TIQMPVYK:0.44871794871794873	INDDGLQL:0.20512820512820512	VSEDFDMA:0.3333333333333333	APFVGHNA:0.5897435897435898	PFVGHNAF:0.34615384615384615	EDFDMALR:0.3076923076923077	GHNAFLRW:0.41025641025641024	IQMPVYKE:0.4358974358974359	QMPVYKES:0.23076923076923078	VAPFVGHN:0.46153846153846156	GFKEGVSL:0.5128205128205128	KKASNMNY:0.44871794871794873	FKEGVSLT:0.5256410256410257	FINDDGLQ:0.2692307692307692	VGHNAFLR:0.41025641025641024	HNAFLRWS:0.23076923076923078	FVGHNAFL:0.41025641025641024	NAFLRWSA:0.23076923076923078	VYDELARW:0.3974358974358974	VGHNAILR:0.28205128205128205	HVSEDFDM:0.4230769230769231	KKASNMNF:0.2948717948717949	WVARPKHG:0.20512820512820512	FDMSLRLQ:0.3076923076923077	KFKKASNM:0.5256410256410257	TVYDELAR:0.3974358974358974	DELARWEK:0.41025641025641024	GKFKKASN:0.5256410256410257	VSLTVYDE:0.47435897435897434	SEDFDMSL:0.2948717948717949	ELQGGSAN:0.2692307692307692	PFVGHNAI:0.2564102564102564	SHVSEDFD:0.5	FENGITFF:0.2564102564102564	GITFFTNL:0.21794871794871795	YGCNELLF:0.24358974358974358	YDELARWE:0.41025641025641024	ARWEKYAY:0.34615384615384615	SNFFIEVP:0.20512820512820512	IGWVARPK:0.2948717948717949	YELQGGSA:0.28205128205128205	SESHVSED:0.5641025641025641	VSEDFDMS:0.2948717948717949	ELARWEKY:0.41025641025641024	YAYGCNEL:0.3717948717948718	DVAPFVGH:0.2948717948717949	NGITFFTN:0.20512820512820512	CPVYKEGL:0.23076923076923078	KYAYGCNE:0.38461538461538464	NGDVAPFV:0.21794871794871795	DFDMSLRL:0.3076923076923077	EDFDMSLR:0.2948717948717949	YIGTYYAI:0.3333333333333333	ENGITFFT:0.2564102564102564	AYGCNELL:0.24358974358974358	EKYAYGCN:0.3333333333333333	GPFTPLFR:0.21794871794871795	NIRVGDYI:0.20512820512820512	FVGHNAIL:0.28205128205128205	GNIRVGDY:0.20512820512820512	EGVSLTVY:0.47435897435897434	TYELQGGS:0.28205128205128205	NAILRWSA:0.28205128205128205	ESHVSEDF:0.5641025641025641	GVSLTVYD:0.47435897435897434	GHNAILRW:0.32051282051282054	GDVAPFVG:0.2948717948717949	SLTVYDEL:0.4358974358974359	YFENGITF:0.20512820512820512	FWSESHVS:0.23076923076923078	TYYAIGAA:0.20512820512820512	LHVSQALL:0.21794871794871795	YYAIGAAW:0.20512820512820512	GCNELLFH:0.20512820512820512	GWVARPKH:0.2948717948717949	KEGVSLTV:0.38461538461538464	VSEMEQSP:0.20512820512820512	HNAILRWS:0.28205128205128205	SYIGTYYA:0.20512820512820512	IDSDTRVP:0.5641025641025641	WEKYAYGC:0.41025641025641024	LARWEKYA:0.3974358974358974	RGKFKKAS:0.20512820512820512	RWEKYAYG:0.41025641025641024	CNELLFHP:0.20512820512820512	GTYYAIGA:0.23076923076923078	RRGKFKKA:0.20512820512820512	IGTYYAIG:0.2564102564102564	WSESHVSE:0.5641025641025641	SLHVSQAL:0.23076923076923078	KFWSESHV:0.21794871794871795	STYELQGG:0.32051282051282054	LTVYDELA:0.3974358974358974	QCPVYKEG:0.21794871794871795	YWSESHVS:0.20512820512820512	NIGWVARP:0.2564102564102564	TIQCPVYK:0.20512820512820512	IQCPVYKE:0.20512820512820512	YILLIDSD:0.2948717948717949	KGKFKKAS:0.21794871794871795	GDYILLID:0.2948717948717949	RKGKFKKA:0.21794871794871795	DYILLIDS:0.2948717948717949	LLIDSDTR:0.41025641025641024	LIDSDTRV:0.358974358974359	ASNMNYAL:0.24358974358974358	ILLIDSDT:0.3717948717948718	KASNMNYA:0.24358974358974358	RKGRFKKA:0.20512820512820512	SDTRVPED:0.2948717948717949	DTRVPEDC:0.2948717948717949	DSDTRVPE:0.2948717948717949	DGFKEGVS:0.21794871794871795	GDGFKEGV:0.21794871794871795	MPVYKEGL:0.24358974358974358	QMPVYKEG:0.2564102564102564	GFQEGVSL:0.20512820512820512	HITIQMPV:0.28205128205128205	ITIQMPVY:0.2948717948717949	PHITIQMP:0.28205128205128205	LPHITIQM:0.24358974358974358	
