cluster number:149
GT0:6	GT0:6
IPIIKALQ:0.5	YTTVMDLA:0.5	LGKKAFFI:0.5	LTGKLGHL:0.5	NWGLGHAT:0.8333333333333334	KAFFIPTP:0.8333333333333334	GPLSRLHK:0.3333333333333333	LSGPEPQR:0.8333333333333334	YEQEYLAK:0.3333333333333333	RCIPIIKA:0.6666666666666666	LGHATRCI:0.8333333333333334	LAQLGKKA:0.3333333333333333	PNLTGKLG:0.5	NLTGKLGH:0.5	IGPLSRLH:0.3333333333333333	EQEYLAKK:0.3333333333333333	SVFITHQL:0.5	QRTFLEEK:0.3333333333333333	QYEQEYLA:0.8333333333333334	DLAQLGKK:0.3333333333333333	IPTPGQYE:0.8333333333333334	ATRCIPII:0.8333333333333334	RSGYTTVM:0.5	PQRTFLEE:0.3333333333333333	TRCIPIIK:0.6666666666666666	GYTTVMDL:0.5	SGYTTVMD:0.5	AFFIPTPG:0.8333333333333334	SGPEPQRT:0.6666666666666666	GLGHATRC:0.8333333333333334	IISDNRLG:0.8333333333333334	MDLAQLGK:0.3333333333333333	GQYEQEYL:0.8333333333333334	PLNWGLGH:0.8333333333333334	LVAPLNWG:0.5	APLNWGLG:0.8333333333333334	IIASDGVA:0.3333333333333333	PSVFITHQ:0.5	TYYNFMNS:0.5	IASDGVAL:0.5	PGQYEQEY:0.8333333333333334	ILSGPEPQ:0.6666666666666666	GPEPQRTF:0.6666666666666666	LNWGLGHA:0.8333333333333334	AEKGKNFK:0.3333333333333333	PEPQRTFL:0.6666666666666666	GHATRCIP:0.8333333333333334	VAPLNWGL:0.8333333333333334	YAEKGKNF:0.3333333333333333	YIGPLSRL:0.5	FIPTPGQY:0.8333333333333334	PIIASDGV:0.3333333333333333	TPGQYEQE:0.8333333333333334	PTPGQYEQ:0.8333333333333334	GKKAFFIP:0.5	MVILSGPE:0.5	WGLGHATR:1.0	GIISDNRL:0.8333333333333334	ISDNRLGV:0.6666666666666666	CRSGYTTV:0.5	ILVAPLNW:0.5	EPQRTFLE:0.5	HATRCIPI:0.8333333333333334	KKAFFIPT:0.8333333333333334	QLGKKAFF:0.3333333333333333	FFIPTPGQ:0.8333333333333334	VILSGPEP:0.5	AQLGKKAF:0.3333333333333333	RTFLEEKL:0.3333333333333333	CIPIIKAL:0.6666666666666666	ASDGVALA:0.3333333333333333	VFITHQLN:0.3333333333333333	DGVALALL:0.3333333333333333	TTVMDLAK:0.3333333333333333	VLCRSGYT:0.8333333333333334	TVMDLAKL:0.3333333333333333	KKVPSVFI:0.3333333333333333	VPSVFITH:0.3333333333333333	MVAPLNWG:0.3333333333333333	YEQEYLAR:0.3333333333333333	ITHQLNVL:0.5	KVPSVFIT:0.3333333333333333	LCRSGYTT:0.8333333333333334	FITHQLNV:0.3333333333333333	SDGVALAL:0.3333333333333333	SYHIEYAK:0.3333333333333333	KKEGLVPY:0.3333333333333333	NVTYYNFM:0.3333333333333333	GYTTIMDL:0.3333333333333333	LEQTFNES:0.3333333333333333	VFIKGKVE:0.3333333333333333	PSYHIEYA:0.3333333333333333	VTYYNFMN:0.3333333333333333	SGYTTIMD:0.3333333333333333	FDECWVPD:0.3333333333333333	LNVLTGNT:0.3333333333333333	HQLNVLTG:0.3333333333333333	QLNVLTGN:0.3333333333333333	LKKEGLVP:0.3333333333333333	KEGLVPYA:0.3333333333333333	LELPSYHI:0.3333333333333333	LMVILSGP:0.3333333333333333	KLKKEGLV:0.3333333333333333	ELPSYHIE:0.3333333333333333	CRSGYTTI:0.3333333333333333	KYIGPLSR:0.3333333333333333	QLEQTFNE:0.3333333333333333	GNVTYYNF:0.3333333333333333	KFDECWVP:0.3333333333333333	RSGYTTIM:0.3333333333333333	LFGLFERE:0.3333333333333333	LPSYHIEY:0.3333333333333333	THQLNVLT:0.3333333333333333	LGVFSKKV:0.3333333333333333	GVFSKKVP:0.3333333333333333	SKKVPSVF:0.3333333333333333	NRLGVFSK:0.3333333333333333	VFSKKVPS:0.3333333333333333	SDNRLGVF:0.3333333333333333	RLGVFSKK:0.3333333333333333	FSKKVPSV:0.3333333333333333	DNRLGVFS:0.3333333333333333	
