cluster number:180
GT0:24	GT0:24
ANALLDFS:0.375	LLSESCIP:0.5416666666666666	PLAPLWER:0.3333333333333333	LAPLWERF:0.2916666666666667	ERFFRGHE:0.20833333333333334	DWSRGGAH:0.2916666666666667	DAEKRLLA:0.3333333333333333	RFFRGHEG:0.20833333333333334	WSRGGAHP:0.2916666666666667	AEKRLLAN:0.3333333333333333	VDWSRGGA:0.20833333333333334	EKRLLANA:0.3333333333333333	LSESCIPV:0.2916666666666667	NALLDFSN:0.375	VLLSESCI:0.4166666666666667	PKVAFMFL:0.4166666666666667	FVLLSESC:0.4583333333333333	RKGSQWFE:0.625	LANALLDF:0.375	PLWERFFR:0.2916666666666667	FYGRQIPS:0.20833333333333334	SCYPDEHY:0.2916666666666667	RLLANALL:0.875	VPKVAFMF:0.3333333333333333	RGGAHPAT:0.2916666666666667	WERFFRGH:0.25	QRVPKVAF:0.20833333333333334	RFVLLSES:0.4166666666666667	KRLLANAL:0.3333333333333333	LPLAPLWE:0.3333333333333333	SRGGAHPA:0.2916666666666667	RVPKVAFM:0.3333333333333333	APLWERFF:0.375	LLANALLD:0.875	PSCYPDEH:0.2916666666666667	LWERFFRG:0.3333333333333333	QWRKGSQW:0.375	WRKGSQWF:0.625	CFLFARKF:0.3333333333333333	SNERFVLL:0.2916666666666667	ERFVLLSE:0.2916666666666667	ALLDFSNE:0.2916666666666667	CYLFARKF:0.5	ERRLLANA:0.5	FSNERFVL:0.2916666666666667	DFSNERFV:0.2916666666666667	NERFVLLS:0.2916666666666667	LDFSNERF:0.2916666666666667	RRLLANAL:0.5	LLDFSNER:0.2916666666666667	AERRLLAN:0.5	DAERRLLA:0.2916666666666667	KGSQWFEV:0.20833333333333334	EELLWRAS:0.20833333333333334	YLFARKFA:0.25	LFARKFAP:0.3333333333333333	ARKFAPSA:0.2916666666666667	WVDWSRGG:0.3333333333333333	FARKFAPS:0.2916666666666667	EHYFPTML:0.25	VDEHYFPT:0.25	YPKFKEFC:0.20833333333333334	YYPKFKEF:0.20833333333333334	KFKEFCRP:0.20833333333333334	RKFAPSAL:0.2916666666666667	DEELLWRA:0.20833333333333334	CYVDEHYF:0.25	DEHYFPTM:0.25	YVDEHYFP:0.25	KVAFMFLT:0.25	TWVDWSRG:0.3333333333333333	DEHYIPTL:0.20833333333333334	ELLWRASM:0.20833333333333334	VPKVAFLF:0.20833333333333334	EAERRLLA:0.20833333333333334	RVPKVAFL:0.20833333333333334	NALLDISN:0.25	LDISNEWF:0.20833333333333334	LLDISNEW:0.20833333333333334	DISNEWFV:0.20833333333333334	ANALLDIS:0.25	LANALLDI:0.2916666666666667	GAHPATFG:0.20833333333333334	ALLDISNE:0.25	ISNEWFVL:0.20833333333333334	GGAHPATF:0.20833333333333334	PDEHYIPT:0.20833333333333334	GLYSVYVH:0.20833333333333334	
