cluster number:230
GT0:7	GT0:7|CBM47:1
IYTGDVFV:0.2857142857142857	TGDVFVNN:0.2857142857142857	PYYCTEKI:0.2857142857142857	GCLPIYYG:0.2857142857142857	NIYTGDVF:0.42857142857142855	FNLCFENT:0.7142857142857143	YYCTEKIW:0.2857142857142857	HFNLCFEN:0.2857142857142857	YHFNLCFE:0.42857142857142855	NLCFENTI:0.2857142857142857	LCFENTIA:0.2857142857142857	CLPIYYGG:0.5714285714285714	YTGDVFVN:0.2857142857142857	LGKVDIYG:0.2857142857142857	MNIYTGDV:0.42857142857142855	SENMIDIY:0.2857142857142857	KVAALMSY:0.2857142857142857	IENYCLPI:0.42857142857142855	HLPYTPFD:0.42857142857142855	PKYITEKI:0.42857142857142855	YLIWAQEP:0.42857142857142855	YITEKIWE:0.42857142857142855	KIGHLPYT:0.42857142857142855	SIENYCLP:0.42857142857142855	INIFKIGH:0.2857142857142857	LSENMIDI:0.2857142857142857	FENTVYPK:0.42857142857142855	SFIDYSEI:0.2857142857142857	ISIEDSRF:0.42857142857142855	FIDYSEIE:0.2857142857142857	NYLIWAQE:0.42857142857142855	YYNGGKTS:0.2857142857142857	QEPRFSTT:0.2857142857142857	ALMSYYNG:0.2857142857142857	KNYLIWAQ:0.42857142857142855	GHLPYTPF:0.42857142857142855	ENTVYPKY:0.42857142857142855	VAALMSYY:0.2857142857142857	NIFKIGHL:0.2857142857142857	SYYNGGKT:0.2857142857142857	MSYYNGGK:0.2857142857142857	YPKYITEK:0.42857142857142855	IFKIGHLP:0.42857142857142855	PRFSTTSS:0.2857142857142857	ENYCLPIY:0.42857142857142855	IGHLPYTP:0.42857142857142855	DSRFTDRH:0.2857142857142857	EKIWESIE:0.42857142857142855	VMNIYTGD:0.2857142857142857	LLSENMID:0.2857142857142857	NADIFIAG:0.2857142857142857	KIWESIEN:0.2857142857142857	IDIYGQGW:0.42857142857142855	NVTYQEKR:0.2857142857142857	FKIGHLPY:0.42857142857142855	AQEPRFST:0.2857142857142857	AALMSYYN:0.2857142857142857	IYGQGWPK:0.2857142857142857	IEDSRFTD:0.2857142857142857	NTVYPKYI:0.42857142857142855	YNGGKTSK:0.2857142857142857	LIWAQEPR:0.42857142857142855	NLCFENTV:0.42857142857142855	YCLPIYYG:0.2857142857142857	KYITEKIW:0.42857142857142855	VYPKYITE:0.42857142857142855	NYCLPIYY:0.42857142857142855	SIEDSRFT:0.2857142857142857	EDSRFTDR:0.2857142857142857	VTYQEKRF:0.2857142857142857	LCFENTVY:0.42857142857142855	NFNLCFEN:0.2857142857142857	ITEKIWES:0.42857142857142855	TEKIWESI:0.42857142857142855	TVYPKYIT:0.42857142857142855	RFSTTSSS:0.2857142857142857	WAQEPRFS:0.42857142857142855	NMIDIYGQ:0.2857142857142857	ADIFIAGN:0.2857142857142857	DIYGQGWP:0.42857142857142855	EPRFSTTS:0.2857142857142857	LMSYYNGG:0.2857142857142857	NNVTYQEK:0.2857142857142857	ENMIDIYG:0.2857142857142857	IWAQEPRF:0.42857142857142855	DIFIAGNH:0.2857142857142857	MIDIYGQG:0.42857142857142855	MINIFKIG:0.2857142857142857	RKNYLIWA:0.2857142857142857	RKKDILKN:0.2857142857142857	CFENTVYP:0.42857142857142855	DLIKKRSD:0.2857142857142857	LPYTPFDE:0.2857142857142857	IDLIKKRS:0.2857142857142857	MLDNIVKK:0.2857142857142857	GISIEDSR:0.2857142857142857	LIKKRSDI:0.2857142857142857	NIDLIKKR:0.2857142857142857	SSIYEIFP:0.2857142857142857	IKKRSDIA:0.2857142857142857	NYMTEKIW:0.2857142857142857	MTEKIWDS:0.2857142857142857	YMTEKIWD:0.2857142857142857	FNYMTEKI:0.2857142857142857	DSIENYCL:0.2857142857142857	KIWDSIEN:0.2857142857142857	WDSIENYC:0.2857142857142857	EKIWDSIE:0.2857142857142857	IWDSIENY:0.2857142857142857	TEKIWDSI:0.2857142857142857	LVWTHEPR:0.2857142857142857	
