cluster number:167
GT0:6	GT0:6
GVKIKVLE:0.3333333333333333	IAICPMLS:0.3333333333333333	VVTNRRGV:0.3333333333333333	IFLYKIPN:0.3333333333333333	VTNRRGVD:0.3333333333333333	ICPMLSGT:0.6666666666666666	AICPMLSG:0.5	PVVTNRRG:0.3333333333333333	TNRRGVDG:0.3333333333333333	CPMLSGTG:0.8333333333333334	YFMPDNPL:0.3333333333333333	LSGTGVKI:0.3333333333333333	LYFMPDNP:0.3333333333333333	NRRGVDGL:0.3333333333333333	MLSGTGVK:0.5	TGVKIKVL:0.3333333333333333	SGTGVKIK:0.3333333333333333	PMLSGTGV:0.5	GTGVKIKV:0.5	DTHDFITA:0.3333333333333333	THDFITAQ:0.3333333333333333	YDYIVISY:0.3333333333333333	DTHDFLTA:0.3333333333333333	THDFLTAQ:0.3333333333333333	YLFSQFCK:0.3333333333333333	FMPDNPLK:0.3333333333333333	MPDNPLKK:0.3333333333333333	IKVIEALS:0.3333333333333333	KIKVIEAL:0.3333333333333333	ISVEEQYL:0.3333333333333333	SVEEQYLF:0.3333333333333333	
