cluster number:206
GT0:6	GT0:6
PAATSAQQ:0.3333333333333333	ADAVLLPD:0.3333333333333333	VNPRQGVN:0.3333333333333333	QQVFRCPP:0.3333333333333333	QVFRCPPP:0.3333333333333333	SSPARALG:0.3333333333333333	LYDNGSED:0.3333333333333333	LVFAKGVN:0.5	KFRRRVSA:0.5	QGYTCRRR:0.3333333333333333	LPAATSAQ:0.3333333333333333	DVLVFAKG:0.5	DRTPGLGF:0.6666666666666666	DNGSEDDL:0.3333333333333333	DVDEFIFS:0.5	KGVNPRQG:0.3333333333333333	GDVLVFAK:0.5	VSAYVADW:0.5	RVSAYVAD:0.5	GVNPRQGV:0.3333333333333333	PARALGRL:0.3333333333333333	AGFSHSAA:0.3333333333333333	TQGYTCRR:0.5	SAQQVFRC:0.3333333333333333	VTQGYTCR:0.8333333333333334	SPARALGR:0.3333333333333333	AQQVFRCP:0.3333333333333333	VFAKGVNP:0.3333333333333333	YDNGSEDD:0.3333333333333333	VFRCPPPP:0.3333333333333333	FILYDNGS:0.5	PKTQEAGF:0.5	FIDVDEFI:0.3333333333333333	FCEVNDTL:0.3333333333333333	GGDVLVFA:0.3333333333333333	EGVTQGYT:0.5	WPKTQEAG:0.5	GYTCRRRA:0.3333333333333333	EAGFSHSA:0.3333333333333333	TQEAGFSH:0.5	NPRQGVNR:0.3333333333333333	CEVNDTLL:0.3333333333333333	ASSPARAL:0.3333333333333333	AFIDVDEF:0.3333333333333333	ARALGRLP:0.3333333333333333	AATSAQQV:0.3333333333333333	GVTQGYTC:0.8333333333333334	RHKSLLRL:0.3333333333333333	VDEFIFSP:0.5	VLVFAKGV:0.5	KTQEAGFS:0.5	IDVDEFIF:0.3333333333333333	SKDRTPGL:0.5	AKGVNPRQ:0.3333333333333333	ACTMVRDV:0.3333333333333333	RRRVSAYV:0.5	FRRRVSAY:0.5	KDRTPGLG:0.5	TSAQQVFR:0.3333333333333333	ICACTMVR:0.3333333333333333	RRVSAYVA:0.5	QSKDRTPG:0.3333333333333333	QEAGFSHS:0.5	DEFIFSPN:0.3333333333333333	FAKGVNPR:0.3333333333333333	KFCEVNDT:0.5	ATSAQQVF:0.3333333333333333	EFIFSPNW:0.3333333333333333	ERHKSLLR:0.3333333333333333	CACTMVRD:0.3333333333333333	AVTSSVQE:0.3333333333333333	VTSSVQEV:0.3333333333333333	WIWPKTQE:0.3333333333333333	SVQEVFRC:0.3333333333333333	VSAYVVDW:0.3333333333333333	SSVQEVFR:0.3333333333333333	LREWVMYH:0.3333333333333333	RRVSAYVV:0.3333333333333333	VNHYKYQA:0.6666666666666666	RVSAYVVD:0.3333333333333333	VFAKGVNH:0.3333333333333333	TAVTSSVQ:0.3333333333333333	IWPKTQEA:0.3333333333333333	NHYKYQAW:0.8333333333333334	CACTMVHN:0.3333333333333333	ACTMVHNV:0.3333333333333333	TSSVQEVF:0.3333333333333333	YHAAVGVD:0.3333333333333333	YQAWSEFK:0.3333333333333333	LICACTMV:0.3333333333333333	KRRVSAYV:0.3333333333333333	HYKYQAWS:0.3333333333333333	FKRRVSAY:0.3333333333333333	KFKRRVSA:0.3333333333333333	YKYQAWSE:0.3333333333333333	KYQAWSEF:0.3333333333333333	RVNHYKYQ:0.3333333333333333	
