cluster number:177
GT0:14	GT0:14
IFSPVLYW:0.21428571428571427	FSPVLYWN:0.35714285714285715	LWAGGLIA:0.21428571428571427	YKQFGRAG:0.2857142857142857	QLWAGGLI:0.21428571428571427	FYKQFGRA:0.2857142857142857	LFLGAGIV:0.35714285714285715	RVQGNWPA:0.35714285714285715	APSVFFWG:0.2857142857142857	SKYSVLFL:0.35714285714285715	TPDAPSVF:0.2857142857142857	YRLWGLYP:0.21428571428571427	RLWGLYPA:0.21428571428571427	VQGNWPAP:0.35714285714285715	SWQLWAGG:0.21428571428571427	YSVLFLGA:0.42857142857142855	IGSLALWR:0.2857142857142857	ATPDAPSV:0.42857142857142855	KYSVLFLG:0.5	PDAPSVFF:0.2857142857142857	FGYYDHPP:0.21428571428571427	YYDHPPMV:0.2857142857142857	LGAGIVLW:0.35714285714285715	SLALWRTA:0.2857142857142857	AFGYYDHP:0.21428571428571427	WAGGLIAL:0.21428571428571427	SRVQGNWP:0.2857142857142857	WQLWAGGL:0.21428571428571427	GSLALWRT:0.2857142857142857	YDHPPMVA:0.21428571428571427	ARKDPTFQ:0.35714285714285715	GLLNPLVA:0.21428571428571427	SVFFWGLT:0.21428571428571427	ILSAAIGS:0.21428571428571427	LSAAIGSL:0.21428571428571427	SVLFLGAG:0.42857142857142855	GAGIVLWL:0.35714285714285715	SFYKQFGR:0.2857142857142857	LHSRVQGN:0.2857142857142857	FARKDPTF:0.2857142857142857	FLGAGIVL:0.35714285714285715	HSRVQGNW:0.2857142857142857	DAPSVFFW:0.2857142857142857	VLFLGAGI:0.42857142857142855	YYRLWGLY:0.21428571428571427	PSVFFWGL:0.35714285714285715	GYYDHPPM:0.5	SILSAAIG:0.21428571428571427	DHPPMIGW:0.2857142857142857	YDHPPMIG:0.2857142857142857	YYDHPPMI:0.5	HPPMIGWW:0.2857142857142857	LGYYDHPP:0.21428571428571427	FFNASLLI:0.21428571428571427	HSLHSRVQ:0.2857142857142857	FNASLLIG:0.21428571428571427	LATPDAPS:0.35714285714285715	AGLGLLSK:0.21428571428571427	EDEAYYRL:0.42857142857142855	EAYYRLWG:0.35714285714285715	GLGLLSKY:0.21428571428571427	SLLATPDA:0.21428571428571427	SLHSRVQG:0.21428571428571427	VLFFNASL:0.21428571428571427	GDTALGVR:0.21428571428571427	LVEDEAYY:0.21428571428571427	GSLLATPD:0.21428571428571427	AYYRLWGL:0.35714285714285715	LLATPDAP:0.21428571428571427	DEAYYRLW:0.5	FAGLGLLS:0.21428571428571427	LFFNASLL:0.21428571428571427	VEDEAYYR:0.35714285714285715	SYYDHPPM:0.2857142857142857	DHPPMIAW:0.2857142857142857	LSYYDHPP:0.2857142857142857	YDHPPMIA:0.2857142857142857	NWPAPLFP:0.2857142857142857	WPAPLFPA:0.2857142857142857	ERIRYVMQ:0.21428571428571427	RVQANWPA:0.21428571428571427	KDPTFQLR:0.21428571428571427	RIRYVMQP:0.21428571428571427	TERIRYVM:0.21428571428571427	QANWPAPL:0.21428571428571427	FLGALVGL:0.21428571428571427	ALSYYDHP:0.21428571428571427	VPDARRWW:0.21428571428571427	QLTERIRY:0.21428571428571427	VQANWPAP:0.21428571428571427	RKDPTFQL:0.21428571428571427	EFLGALVG:0.21428571428571427	PDARRWWR:0.21428571428571427	PTFQLRGW:0.21428571428571427	GQALFGDT:0.21428571428571427	LTERIRYV:0.21428571428571427	ANWPAPLF:0.21428571428571427	TFQLRGWP:0.21428571428571427	VATTSYGL:0.21428571428571427	DPTFQLRG:0.21428571428571427	
