cluster number:303
GT0:6	GT0:6
IIVEDDLI:0.3333333333333333	HTNIYNRY:0.5	FADAPKRP:0.5	WATWADRW:0.8333333333333334	DLYIFADA:0.5	PRHSPWGW:0.3333333333333333	FMNQGLRQ:0.3333333333333333	GWATWADR:0.8333333333333334	PNFLDFMN:0.5	NGLTVYPT:0.5	PTAIIVED:0.3333333333333333	ATHTNIYN:0.5	IPRHSPWG:0.3333333333333333	IGFGEEAT:0.5	SDLYIFAD:0.5	YIFADAPK:0.5	VPIRIFNR:0.5	PESDLYIF:0.3333333333333333	IRFCFNRF:0.5	FGEEATHT:0.5	LAPESDLY:0.3333333333333333	LFAFKRPH:0.3333333333333333	GRADAWDI:0.5	SDLLGMLR:0.3333333333333333	SPNFLDFM:0.5	WDIRFCFN:0.5	IQALEANY:0.3333333333333333	AIIVEDDL:0.5	QMEGRADA:0.5	EATHTNIY:0.5	GCADSVIR:0.3333333333333333	DSVIRGIS:0.3333333333333333	VYSVAGYT:0.5	RIFNRLKT:0.5	NIGFGEEA:0.5	EGRADAWD:0.5	SVPIRIFN:0.5	IGCADSVI:0.3333333333333333	RVYSVAGY:0.5	RRYSVPIR:0.5	QGGSDLLG:0.3333333333333333	IRGISYVL:0.3333333333333333	DAWDIRFC:0.5	QALEANYL:0.3333333333333333	DAPKRPED:0.3333333333333333	ATIQALEA:0.3333333333333333	NAPVILFA:0.5	VEDDLITS:0.3333333333333333	DLLGMLRD:0.3333333333333333	ITSPNFLD:0.3333333333333333	NFLDFMNQ:0.5	YTFPFQKP:0.5	EEATHTNI:0.5	GMLRDQME:0.3333333333333333	LDFMNQGL:0.5	YSVAGYTF:0.5	APESDLYI:0.3333333333333333	TNIGCADS:0.3333333333333333	KATIQALE:0.3333333333333333	GEEATHTN:0.5	AFMQGGSD:0.3333333333333333	YSVPIRIF:0.5	PHELKATI:0.3333333333333333	QQTLRRYS:0.3333333333333333	MLRDQMEG:0.5	ADSVIRGI:0.3333333333333333	DLITSPNF:0.3333333333333333	WGWATWAD:0.8333333333333334	MNAPVILF:0.5	GGSDLLGM:0.3333333333333333	ELKATIQA:0.5	THTNIYNR:0.5	FLDFMNQG:0.5	HELKATIQ:0.3333333333333333	TNIYNRYK:0.5	ESDLYIFA:0.5	IRIFNRLK:0.5	CADSVIRG:0.3333333333333333	DFMNQGLR:0.3333333333333333	TIQALEAN:0.3333333333333333	IVEDDLIT:0.3333333333333333	FKRPHELK:0.3333333333333333	AFKRPHEL:0.3333333333333333	GSDLLGML:0.3333333333333333	VIRGISYV:0.3333333333333333	AGYTFPFQ:0.5	LITSPNFL:0.3333333333333333	TLRRYSVP:0.5	PWGWATWA:0.5	IFADAPKR:0.5	AWDIRFCF:0.5	LYIFADAP:0.5	FMQGGSDL:0.5	MEGRADAW:0.5	QTLRRYSV:0.5	MQGGSDLL:0.5	HSPWGWAT:0.5	LLGMLRDQ:0.3333333333333333	ALEANYLA:0.3333333333333333	VAGYTFPF:0.5	NQGLRQYA:0.3333333333333333	SPWGWATW:0.5	ADAPKRPE:0.3333333333333333	EDDLITSP:0.3333333333333333	HPTAIIVE:0.3333333333333333	RYSVPIRI:0.5	RDQMEGRA:0.5	GFGEEATH:0.5	NIYNRYKT:0.5	MNQGLRQY:0.3333333333333333	PIRIFNRL:0.5	TSPNFLDF:0.5	NIGCADSV:0.3333333333333333	ADAWDIRF:0.5	GYTFPFQK:0.5	LRDQMEGR:0.5	LKATIQAL:0.5	SVIRGISY:0.3333333333333333	FAFKRPHE:0.3333333333333333	LRRYSVPI:0.5	RADAWDIR:0.5	DDLITSPN:0.3333333333333333	SVAGYTFP:0.5	LGMLRDQM:0.3333333333333333	RHSPWGWA:0.5	KRPHELKA:0.3333333333333333	DQMEGRAD:0.5	TAIIVEDD:0.3333333333333333	DIRFCFNR:0.5	RPHELKAT:0.3333333333333333	LYVFVDGP:0.3333333333333333	YVFVDGPR:0.3333333333333333	DYAETNIG:0.3333333333333333	QRVFTLPR:0.3333333333333333	LKTLAGMR:0.3333333333333333	RDYAETNI:0.3333333333333333	TWADRWQS:0.3333333333333333	RVFTLPRI:0.3333333333333333	ATWADRWQ:0.5	FTLPRIVQ:0.3333333333333333	WADRWQSI:0.3333333333333333	NKRVYSVA:0.3333333333333333	RWQSIDWD:0.3333333333333333	WQSIDWDM:0.3333333333333333	VENIGFGE:0.3333333333333333	ADRWQSID:0.3333333333333333	VILFAYKR:0.3333333333333333	AETNIGCA:0.3333333333333333	ILFAYKRP:0.3333333333333333	PVILFAYK:0.3333333333333333	SKVENIGF:0.3333333333333333	FNRLKTLA:0.3333333333333333	RLKTLAGM:0.3333333333333333	ENIGFGEE:0.3333333333333333	DRWQSIDW:0.3333333333333333	QSIDWDMA:0.3333333333333333	YAETNIGC:0.3333333333333333	NRLKTLAG:0.3333333333333333	KRVYSVAG:0.3333333333333333	APVILFAY:0.3333333333333333	VFTLPRIV:0.3333333333333333	KVENIGFG:0.3333333333333333	IFNRLKTL:0.3333333333333333	TFPFQKPA:0.3333333333333333	RFCFNRFK:0.3333333333333333	VIVLEDDI:0.3333333333333333	
