cluster number:196
GT0:14	GT0:14
TLGACMNL:0.21428571428571427	VAKMDDDN:0.35714285714285715	EDLPRRVD:0.21428571428571427	YVAKMDDD:0.21428571428571427	SLTLGACM:0.21428571428571427	LTLGACMN:0.21428571428571427	LGACMNLG:0.2857142857142857	PRRVDTTF:0.21428571428571427	LPRRVDTT:0.21428571428571427	FEDLPRRV:0.21428571428571427	GACMNLGV:0.21428571428571427	DLPRRVDT:0.21428571428571427	ADASLTLG:0.21428571428571427	AVVLRYPD:0.21428571428571427	KVYSADRF:0.21428571428571427	DRFNFVSV:0.21428571428571427	YSADRFNF:0.5	VYSADRFN:0.21428571428571427	RFNFVSVR:0.21428571428571427	IAKMDDDN:0.21428571428571427	SADRFNFV:0.2857142857142857	PTVFWNKE:0.5714285714285714	VESAWHGN:0.5	RIFEITAC:0.21428571428571427	DLLFVESA:0.2857142857142857	FLNVNSVV:0.42857142857142855	TVFWNKED:0.6428571428571429	MCARRIFE:0.35714285714285715	FWNKEDPP:0.5714285714285714	RRIFEITA:0.42857142857142855	MYFAHKFP:0.21428571428571427	VGVLPFAA:0.21428571428571427	WNKEDPPH:0.2857142857142857	FAHKFPER:0.21428571428571427	VFLNVNSV:0.6428571428571429	RVGVLPFA:0.21428571428571427	FEITACGT:0.21428571428571427	CARRIFEI:0.35714285714285715	YFAHKFPE:0.21428571428571427	GVLPFAAQ:0.21428571428571427	LFVESAWH:0.2857142857142857	IPTVFWNK:0.42857142857142855	AVILDDFS:0.42857142857142855	IFEITACG:0.21428571428571427	PSMCARRI:0.2857142857142857	IYSADRFN:0.35714285714285715	GIPTVFWN:0.35714285714285715	SPSMCARR:0.2857142857142857	AHKFPERR:0.21428571428571427	DATLLRFP:0.21428571428571427	GMYFAHKF:0.21428571428571427	FVESAWHG:0.35714285714285715	LLFVESAW:0.5	VFWNKEDP:0.6428571428571429	SMCARRIF:0.35714285714285715	ARRIFEIT:0.42857142857142855	AYKVFLNV:0.21428571428571427	AGMYFAHK:0.2857142857142857	KMDDDDLY:0.2857142857142857	NVNSVVTS:0.21428571428571427	YKVFLNVN:0.5	AKMDDDDL:0.21428571428571427	LNVNSVVT:0.21428571428571427	VAFAGMYF:0.21428571428571427	RFNFTQMR:0.21428571428571427	DVAFAGMY:0.21428571428571427	FAGMYFAH:0.2857142857142857	KVFLNVNS:0.5	AFAGMYFA:0.35714285714285715	VAVILDDF:0.35714285714285715	NKEDPPHF:0.21428571428571427	DRFNFTQM:0.21428571428571427	GTPVVSAP:0.21428571428571427	MDDDDLYG:0.2857142857142857	RDVAFAGM:0.21428571428571427	WNKEDPPN:0.2857142857142857	KHPERREQ:0.21428571428571427	NLYGEHYL:0.21428571428571427	DNLYGEHY:0.21428571428571427	GEHYLSDL:0.21428571428571427	LYGEHYLS:0.21428571428571427	DKHPERRE:0.21428571428571427	DDNLYGEH:0.21428571428571427	YGEHYLSD:0.21428571428571427	VILDDFSR:0.21428571428571427	SPTMCARR:0.2857142857142857	ESAWHGNQ:0.21428571428571427	AKMDDDNL:0.21428571428571427	KMDDDNLY:0.21428571428571427	HPERREQM:0.21428571428571427	DDDNLYGE:0.21428571428571427	MDDDNLYG:0.21428571428571427	DLGHDRVG:0.21428571428571427	PERREQMD:0.2857142857142857	
