cluster number:64
GT0:197	GT0:197|GT2:1
ITVDKPPA:0.6649746192893401	GFNGSDPS:0.34517766497461927	NSFLELTF:0.34517766497461927	NPDALLVL:0.39593908629441626	SITVDKPP:0.41116751269035534	LQAFLILP:0.20304568527918782	PVAALMFR:0.4720812182741117	RPYIGGSQ:0.37055837563451777	PSPTLAQF:0.34517766497461927	ELTFGYNG:0.3553299492385787	ANSFYSAA:0.3756345177664975	DPSPTLAQ:0.350253807106599	FLELTFGY:0.34517766497461927	SFYSAAVQ:0.3197969543147208	FGYNGLGR:0.3299492385786802	DKPPASLW:0.27411167512690354	GYNGLGRL:0.30456852791878175	FNGSDPSP:0.34517766497461927	NGSDPSPT:0.34517766497461927	GSIVTAGP:0.2436548223350254	SAAVQAGS:0.3604060913705584	WWVAIVEL:0.2182741116751269	LELTFGYN:0.3553299492385787	YTVALAPA:0.350253807106599	NSFYSAAV:0.3197969543147208	FYSAAVQA:0.39593908629441626	VAALMFRF:0.4416243654822335	TVDKPPAS:0.2893401015228426	GSDPSPTL:0.34517766497461927	SFMAGIFH:0.2436548223350254	SDPSPTLA:0.27411167512690354	FSFMAGIF:0.2436548223350254	VDKPPASL:0.27411167512690354	LSVRLFGL:0.2182741116751269	GSSDAANS:0.3604060913705584	LTFGYNGL:0.350253807106599	AANSITVD:0.3604060913705584	YYTVALAP:0.5989847715736041	GWWVAIVE:0.2182741116751269	ANSITVDK:0.38578680203045684	IGGFNGSD:0.3299492385786802	DAANSITV:0.3604060913705584	TFGYNGLG:0.29949238578680204	TPVAALMF:0.467005076142132	YSAAVQAG:0.39593908629441626	SDAANSIT:0.3553299492385787	SFLELTFG:0.34517766497461927	SSDAANSI:0.3604060913705584	GGFNGSDP:0.350253807106599	NSITVDKP:0.39086294416243655	PDALLVLL:0.3604060913705584	LGYNGLGR:0.30456852791878175	ELTLGYNG:0.27411167512690354	NGLGRING:0.20812182741116753	RFNNPDAL:0.5736040609137056	FRFNNPDA:0.700507614213198	NNPDALLV:0.4010152284263959	SRPWIGGS:0.20304568527918782	GYNGLGRI:0.3604060913705584	TLGYNGLG:0.2436548223350254	YNGLGRIN:0.20812182741116753	FNGTDPSP:0.2131979695431472	FNNPDALL:0.5736040609137056	LMFRFNNP:0.6548223350253807	SILELTLG:0.20812182741116753	TVDKPPAA:0.3604060913705584	NGTDPSPT:0.2131979695431472	LTLGYNGL:0.24873096446700507	ILELTLGY:0.20812182741116753	DKPPAALW:0.3096446700507614	GFNGTDPS:0.2182741116751269	VDKPPAAL:0.3096446700507614	FFGSSDAA:0.25888324873096447	FGSSDAAN:0.350253807106599	LELTLGYN:0.24873096446700507	GGFNGTDP:0.26903553299492383	NSILELTL:0.2131979695431472	MFRFNNPD:0.6852791878172588	GGQISWLL:0.22842639593908629	TGSVGGGG:0.30456852791878175	VELWPASS:0.22842639593908629	SWLLPAAL:0.3197969543147208	SRPYIGGS:0.3756345177664975	SSRPYIGG:0.233502538071066	WKAFFFGS:0.3197969543147208	LWPASSRP:0.30456852791878175	QNAASYQL:0.23857868020304568	LLPAALIL:0.233502538071066	PASSRPYI:0.2182741116751269	ELWPASSR:0.26903553299492383	ISWLLPAA:0.2436548223350254	SWKAFFFG:0.3197969543147208	QISWLLPA:0.20304568527918782	ALMFRFNN:0.4619289340101523	WPASSRPY:0.25380710659898476	ETGSVGGG:0.3248730964467005	PAALILLV:0.2182741116751269	WLLPAALI:0.3299492385786802	AALMFRFN:0.4416243654822335	ASSRPYIG:0.2131979695431472	LPAALILL:0.2233502538071066	PYYTVALA:0.20812182741116753	NAITVDKP:0.2893401015228426	AITVDKPP:0.2893401015228426	PVMAIGGF:0.3197969543147208	AIGGFNGS:0.2131979695431472	VMAIGGFN:0.3147208121827411	MAIGGFNG:0.3147208121827411	IGGSQNNS:0.2182741116751269	VLALTPVA:0.2893401015228426	LALTPVAA:0.27411167512690354	LTPVAALM:0.3401015228426396	ALTPVAAL:0.3401015228426396	GGGMGGLL:0.20304568527918782	SGYANSFY:0.2182741116751269	YANSFYSA:0.2182741116751269	GSVGGGGG:0.22842639593908629	GYANSFYS:0.2182741116751269	
