cluster number:84
GT0:37	GT0:37
ATATRPTG:0.8108108108108109	GGTISLSR:0.5675675675675675	VIYTEGLY:0.5945945945945946	IYTEGLYL:0.5945945945945946	GFDWQGWL:0.32432432432432434	LSRLAYGI:0.6216216216216216	WRPSLGFD:0.40540540540540543	MATATRPT:0.5405405405405406	QGWLNMLM:0.21621621621621623	SRLAYGIV:0.5945945945945946	FDWQGWLN:0.2972972972972973	RPSLGFDW:0.2702702702702703	GAMATATR:0.5405405405405406	WQGWLNML:0.21621621621621623	AYGIVPLS:0.35135135135135137	SLGFDWQG:0.24324324324324326	AMATATRP:0.5135135135135135	GWLNMLMQ:0.24324324324324326	IATSGYEF:0.2972972972972973	LGFDWQGW:0.40540540540540543	SGGTISLS:0.5675675675675675	TISLSRLA:0.5135135135135135	ISLSRLAY:0.5405405405405406	WGAMATAT:0.4864864864864865	FTGVIYTE:0.32432432432432434	WLNMLMQI:0.24324324324324326	TRPTGMAL:0.4864864864864865	ATRPTGMA:0.5675675675675675	PSLGFDWQ:0.21621621621621623	GWRPSLGF:0.40540540540540543	DWQGWLNM:0.2972972972972973	FWGAMATA:0.21621621621621623	GTISLSRL:0.5675675675675675	RLAYGIVP:0.5675675675675675	TATRPTGM:0.5675675675675675	RAIATSGY:0.21621621621621623	SLSRLAYG:0.6216216216216216	TGVIYTEG:0.32432432432432434	GVIYTEGL:0.3783783783783784	LAYGIVPL:0.5675675675675675	MFTGVIYT:0.2702702702702703	AWDSVHYR:0.2702702702702703	GALATATR:0.21621621621621623	AALRAFDQ:0.24324324324324326	RPTGMALI:0.4594594594594595	GLSFEVAG:0.21621621621621623	LATATRPT:0.21621621621621623	TAALRAFD:0.43243243243243246	ALATATRP:0.21621621621621623	LSTAALRA:0.40540540540540543	PTGMALIP:0.43243243243243246	STAALRAF:0.43243243243243246	LLLASGGT:0.4864864864864865	LFLSTAAL:0.2972972972972973	HNLAFFPL:0.4864864864864865	IGLLLASG:0.40540540540540543	GLYLFLST:0.43243243243243246	YGFCGIGL:0.40540540540540543	LASGGTIS:0.40540540540540543	ASGGTISL:0.40540540540540543	CGIGLLLA:0.40540540540540543	FLSTAALR:0.2702702702702703	GFCGIGLL:0.40540540540540543	AFFPLFPL:0.5945945945945946	GLLLASGG:0.40540540540540543	QRGWRPSL:0.2702702702702703	TEGLYLFL:0.5135135135135135	DGKQHNLA:0.32432432432432434	IAAWKERR:0.2702702702702703	RGWRPSLG:0.2702702702702703	AIAAWKER:0.21621621621621623	QHNLAFFP:0.4864864864864865	GIGLLLAS:0.40540540540540543	LYLFLSTA:0.35135135135135137	EGLYLFLS:0.5135135135135135	FCGIGLLL:0.3783783783783784	LAFFPLFP:0.5945945945945946	YLFLSTAA:0.2972972972972973	AQRGWRPS:0.32432432432432434	NLAFFPLF:0.4864864864864865	YTEGLYLF:0.5405405405405406	LLASGGTI:0.40540540540540543	KQHNLAFF:0.35135135135135137	GKQHNLAF:0.32432432432432434	ALIPALAI:0.21621621621621623	IYGFCGIG:0.32432432432432434	VIYGFCGI:0.2702702702702703	LWKNDFLF:0.21621621621621623	LIPALAIA:0.21621621621621623	AAWKERRP:0.21621621621621623	NDGKQHNL:0.21621621621621623	GMALIPAL:0.21621621621621623	WKNDFLFP:0.24324324324324326	TGMALIPA:0.40540540540540543	FFPLFPLS:0.32432432432432434	LWGAMATA:0.24324324324324326	TVIYGFCG:0.2972972972972973	YGIVPLSV:0.21621621621621623	PLFPLSIW:0.2972972972972973	FPLFPLSI:0.2972972972972973	ATSGYEFV:0.24324324324324326	LTPVTVIY:0.24324324324324326	PVTVIYGF:0.21621621621621623	VTVIYGFC:0.2702702702702703	TPVTVIYG:0.24324324324324326	GYEFVNDG:0.2702702702702703	YEFVNDGK:0.24324324324324326	
