cluster number:277
GT0:15	GT0:15
LYELARVG:0.3333333333333333	KLVKLPVY:0.2	YELARVGV:0.3333333333333333	SAGGQTLY:0.4666666666666667	RVGVPTIA:0.3333333333333333	TLYELARV:0.3333333333333333	AISAGGQT:0.5333333333333333	DIVIIDSY:0.2	SKLVKLPV:0.2	ELARVGVP:0.3333333333333333	AGGQTLYE:0.6	ARVGVPTI:0.3333333333333333	GGQTLYEL:0.6666666666666666	IAISAGGQ:0.3333333333333333	DIAISAGG:0.3333333333333333	LARVGVPT:0.3333333333333333	RCLSLYQA:0.2	QTLYELAR:0.4666666666666667	TRCLSLYQ:0.2	ISAGGQTL:0.4	CLSLYQAF:0.2	GQTLYELA:0.8666666666666667	KYIPLRKE:0.2	YIPLRKEF:0.26666666666666666	IVNGDKSI:0.2	VGVPTIAV:0.26666666666666666	FIVNGDKS:0.2	SIYQAFRK:0.2	AGQTLYEL:0.2	RNLTPKIL:0.26666666666666666	GSKYIPLR:0.26666666666666666	ITFGGSDV:0.2	GFGHITRT:0.2	MITFGGSD:0.2	FGHITRTI:0.2	IGTPTIGI:0.2	HITRTISI:0.2	TFGGSDVR:0.2	IMITFGGS:0.2	GHITRTIS:0.2	
