cluster number:166
GT0:12	GT0:12
TGFDISSY:0.25	GFDVVQLI:0.3333333333333333	FLIENPKE:0.25	GKVVFTGA:0.9166666666666666	GAEKEFSD:0.25	ELSFLIEN:0.3333333333333333	MAKGKVVF:0.8333333333333334	YNALEAMA:0.8333333333333334	AMAKGKVV:0.75	ILLVGEYS:0.5	VGEYSRLH:0.4166666666666667	AKGKVVFT:0.8333333333333334	LLVGEYSR:0.4166666666666667	SFLIENPK:0.25	NELSFLIE:0.25	VQLINENS:0.4166666666666667	FTGAEKEF:0.3333333333333333	FDVVQLIN:0.5	KVVFTGAE:0.8333333333333334	NALEAMAK:0.75	LVGEYSRL:0.4166666666666667	YLVNELSF:0.25	DGFKDYPV:0.25	DQGYNALE:1.0	KGKVVFTG:0.75	DVVQLINE:0.75	LEAMAKGK:0.75	GLIPNPIN:0.5	ALEAMAKG:0.75	KYLGLIPN:0.3333333333333333	VVQLINEN:0.4166666666666667	GYNALEAM:0.9166666666666666	QGYNALEA:0.9166666666666666	VNELSFLI:0.25	LVNELSFL:0.25	LIENPKEI:0.25	GFKDYPVD:0.25	VFTGAEKE:0.4166666666666667	GEYSRLHN:0.6666666666666666	SGFDVVQL:0.3333333333333333	YLGLIPNP:0.4166666666666667	MKILLVGE:0.3333333333333333	TGAEKEFS:0.25	QLINENSF:0.4166666666666667	EAMAKGKV:0.75	LSFLIENP:0.4166666666666667	VVFTGAEK:0.4166666666666667	KILLVGEY:0.3333333333333333	LTGFDISS:0.25	LGLIPNPI:0.4166666666666667	KLFLLSCG:0.4166666666666667	FEKALEII:0.25	YDQGYNAL:0.75	WLILNPEK:0.25	PEKIIEIS:0.25	FTGAEQEW:0.25	VFTGAEQE:0.25	YSRLHNSL:0.5	VVFTGAEQ:0.25	IEISKNAR:0.25	IGEYSRLH:0.3333333333333333	LHNSLKEG:0.5	HNSLKEGL:0.5	LLIGEYSR:0.3333333333333333	SRLHNSLK:0.5	NPEKIIEI:0.25	EYSRLHNS:0.5	KILLIGEY:0.25	MKILLIGE:0.25	EKIIEISK:0.25	LEWLILNP:0.25	GHEVTIVG:0.25	KIIEISKN:0.25	LILNPEKI:0.25	RLHNSLKE:0.5	TGAEQEWL:0.25	EWLILNPE:0.25	YDVVQLIN:0.25	LIGEYSRL:0.3333333333333333	ILLIGEYS:0.3333333333333333	IIEISKNA:0.25	LLDQVYAY:0.4166666666666667	VYAYDQGY:0.4166666666666667	YAYDQGYN:0.5	LDQVYAYD:0.4166666666666667	DQVYAYDQ:0.4166666666666667	ILLDQVYA:0.4166666666666667	AYDQGYNA:0.5	QVYAYDQG:0.4166666666666667	HILLDQVY:0.5	VAINALPD:0.25	LGHEVTIV:0.25	AHILLDQV:0.25	
