cluster number:209
GT0:6	GT0:6
IVYDFVLA:0.3333333333333333	YDFVLAHR:0.3333333333333333	VLPPQTLL:0.3333333333333333	LPPQTLLG:0.3333333333333333	VYDFVLAH:0.3333333333333333	ALTPLYLA:0.5	LWVRIVYD:0.3333333333333333	SRWRWPDR:0.6666666666666666	LTPLYLAW:0.6666666666666666	LREALGDR:0.3333333333333333	GALTPLYL:0.6666666666666666	PPQTLLGL:0.3333333333333333	VLREALGD:0.3333333333333333	YLVSRWRW:0.6666666666666666	TINRGHLL:0.5	WSLVLPPQ:0.6666666666666666	ARAFEADK:0.3333333333333333	RLRTINRG:0.5	WVRIVYDF:0.3333333333333333	HLLGALTP:0.5	LYLAWVAS:0.3333333333333333	RAFEADKP:0.3333333333333333	FEADKPYL:0.5	KPYLVSRW:0.6666666666666666	AHRLRTIN:0.3333333333333333	ELWSLVLP:0.3333333333333333	LWSLVLPP:0.3333333333333333	FVLAHRLR:0.3333333333333333	RWRWPDRF:0.8333333333333334	RIVYDFVL:0.3333333333333333	WRWPDRFN:0.8333333333333334	LVLPPQTL:0.3333333333333333	PQTLLGLK:0.3333333333333333	RWPDRFNP:0.8333333333333334	INRGHLLG:0.5	DKPYLVSR:0.5	LVSRWRWP:0.6666666666666666	LGALTPLY:0.5	RGHLLGAL:0.5	NRGHLLGA:0.5	ADKPYLVS:0.5	LLGALTPL:0.5	SLVLPPQT:0.3333333333333333	LRTINRGH:0.6666666666666666	HRLRTINR:0.3333333333333333	GHLLGALT:0.5	VSRWRWPD:0.6666666666666666	PYLVSRWR:0.6666666666666666	ERMAAAAQ:0.3333333333333333	LAHRLRTI:0.5	VLAHRLRT:0.3333333333333333	TPLYLAWV:0.5	REALGDRA:0.3333333333333333	AFEADKPY:0.5	RTINRGHL:0.6666666666666666	PLYLAWVA:0.3333333333333333	YLAWVASH:0.3333333333333333	VRIVYDFV:0.3333333333333333	EADKPYLV:0.5	LAWVASHI:0.3333333333333333	AERMAAAA:0.3333333333333333	DFVLAHRL:0.3333333333333333	LHEIWSLV:0.3333333333333333	HEIWSLVL:0.3333333333333333	LLGLKRLS:0.3333333333333333	IWSLVLPP:0.5	EIWSLVLP:0.5	NLHEIWSL:0.3333333333333333	AKASFWQR:0.3333333333333333	VLPPQSLL:0.3333333333333333	LVLPPQSL:0.3333333333333333	SLVLPPQS:0.3333333333333333	
