cluster number:207
GT0:21	GT0:21
GGSTCWEL:0.23809523809523808	VTNMPELM:0.23809523809523808	DNVTLKVI:0.3333333333333333	PELMAWAD:0.3333333333333333	LFIDDYGH:0.3333333333333333	PDNVTLKV:0.38095238095238093	AGGSTCWE:0.2857142857142857	NVTNMPEL:0.23809523809523808	NMPELMAW:0.3333333333333333	LAFMGLPS:0.2857142857142857	WELAFMGL:0.42857142857142855	CWELAFMG:0.3333333333333333	TNMPELMA:0.23809523809523808	ELAFMGLP:0.42857142857142855	TCWELAFM:0.42857142857142855	LLFIDDYG:0.3333333333333333	DPDNVTLK:0.42857142857142855	MPELMAWA:0.3333333333333333	STCWELAF:0.3333333333333333	GSTCWELA:0.3333333333333333	VTLKVIQA:0.23809523809523808	GHLMRCLA:0.3333333333333333	MRCLALAQ:0.8095238095238095	TLKVIQAL:0.23809523809523808	HLMRCLAL:0.3333333333333333	VVVGGSNP:0.2857142857142857	LMRCLALA:0.3333333333333333	LVTLGGSD:0.23809523809523808	VGGSNPHY:0.2857142857142857	VVGGSNPH:0.2857142857142857	FIDDYGHA:0.2857142857142857	CLALAQAW:0.42857142857142855	RCLALAQA:0.6666666666666666	VMRCLALA:0.47619047619047616	GTGHVMRC:0.3333333333333333	GHVMRCLA:0.47619047619047616	IGTGHVMR:0.2857142857142857	TGHVMRCL:0.3333333333333333	HVMRCLAL:0.47619047619047616	AIAAGGST:0.23809523809523808	LALAQAWQ:0.23809523809523808	
