cluster number:247
GT0:11	GT0:11
AEFFYLEP:0.2727272727272727	AKWDDDDW:0.36363636363636365	EFFYLEPL:0.2727272727272727	EEHSVRLR:0.45454545454545453	RREEHSVR:0.45454545454545453	QWRGFRPS:0.45454545454545453	REEHSVRL:0.45454545454545453	HGLGYVLR:0.5454545454545454	LAQIARQR:0.36363636363636365	WDDDDWYG:0.5454545454545454	YRTHGLGY:0.5454545454545454	WRGFRPSL:0.2727272727272727	KWDDDDWY:0.5454545454545454	GLGYVLRR:0.6363636363636364	RTHGLGYV:0.36363636363636365	NQWRGFRP:0.2727272727272727	EHSVRLRR:0.45454545454545453	THGLGYVL:0.36363636363636365	LAAAGVPL:0.2727272727272727	IYRTHGLG:0.36363636363636365	ALAQIARQ:0.36363636363636365	DLRREEHS:0.45454545454545453	LRREEHSV:0.45454545454545453	DHVAGGTI:0.36363636363636365	DDDDWYGP:0.9090909090909091	LKMDDDDW:0.2727272727272727	MDDDDWYG:0.2727272727272727	LLKMDDDD:0.2727272727272727	DDDWYGPD:0.5454545454545454	KMDDDDWY:0.36363636363636365	GGFRPLPR:0.2727272727272727	SVLLATRR:0.2727272727272727	GPDHLADL:0.2727272727272727	DDWYGPDH:0.2727272727272727	WYGPDHLA:0.2727272727272727	LCTRRPEM:0.2727272727272727	YGPDHLAD:0.2727272727272727	DWYGPDHL:0.2727272727272727	ADLRREEH:0.2727272727272727	LGYVLRRT:0.2727272727272727	
