cluster number:259
GT0:45	GT0:45|GT2:23
IIDDGSTD:0.28888888888888886	GVYEVGGL:0.3111111111111111	DTHYPAYH:0.2	VDSDLVLH:0.2	GGLGACTL:0.9333333333333333	VELRKQQW:0.28888888888888886	VYEVGGLG:0.3111111111111111	LFLVDSDL:0.4222222222222222	EVELRKQQ:0.28888888888888886	WILNLDAD:0.26666666666666666	PGVYEVGG:0.28888888888888886	ELRKQQWR:0.2222222222222222	ILNLDADE:0.26666666666666666	EQYESILD:0.3111111111111111	DSDLVLHP:0.24444444444444444	YEVGGLGA:0.7777777777777778	YRPFLLRY:0.24444444444444444	IDDGSTDN:0.2	IISEIFWT:0.24444444444444444	VGGLGACT:0.9555555555555556	YDYLFLVD:0.26666666666666666	EVGGLGAC:0.7777777777777778	THYPAYHI:0.2	YLFLVDSD:0.28888888888888886	AVIIDDGS:0.4222222222222222	HYPAYHIY:0.2	WGEDRHFC:0.7555555555555555	QYESILDP:0.2	DYLFLVDS:0.28888888888888886	KEQYESIL:0.26666666666666666	YPAYHIYR:0.28888888888888886	NEVELRKQ:0.28888888888888886	VDTHYPAY:0.2	VIIDDGST:0.28888888888888886	DYLFLIDS:0.3111111111111111	GLGACTLI:0.7777777777777778	YLFLIDSD:0.3111111111111111	FWGEDRHF:0.5111111111111111	LSFWGEDR:0.37777777777777777	SFWGEDRH:0.4444444444444444	NLSFWGED:0.37777777777777777	LFLIDSDL:0.26666666666666666	EIFWTRWQ:0.24444444444444444	GACTLISR:0.3333333333333333	LGACTLIS:0.5777777777777777	SEIFWTRW:0.2222222222222222	IFWTRWQP:0.2	HFCIRAAA:0.4222222222222222	DEAVIIDD:0.35555555555555557	LDADEIFE:0.24444444444444444	GEDRHFCI:0.6666666666666666	EAVIIDDG:0.28888888888888886	CIRAAALG:0.28888888888888886	RHFCIRAA:0.4666666666666667	FCIRAAAL:0.28888888888888886	YDYLFLID:0.2	DRHFCIRA:0.6444444444444445	IDEAVIID:0.35555555555555557	EDRHFCIR:0.6666666666666666	FVDTHYPA:0.28888888888888886	PQHCGRFP:0.24444444444444444	LFVDTHYP:0.28888888888888886	FRLYDMWD:0.2	YWGEDRHF:0.2	YIDEAVII:0.26666666666666666	YRPFLIRY:0.2	IYEVGGLG:0.28888888888888886	GIYEVGGL:0.28888888888888886	PGIYEVGG:0.28888888888888886	
