cluster number:243
GT0:12	GT0:12
DIYVDSYP:0.25	IYVDSYPF:0.25	ADIYVDSY:0.25	AADIYVDS:0.9166666666666666	SNTSLLEA:0.3333333333333333	VSRYPYSS:0.3333333333333333	VDSFPFVS:0.4166666666666667	YVDSFPFV:0.4166666666666667	ADIYVDSF:0.6666666666666666	LSRAEAKQ:0.25	DVVANLRE:0.25	LLSIARAP:0.25	LVSRYPYS:0.3333333333333333	VVANLRES:0.25	TSLLEAGS:0.5833333333333334	GLTGNLIR:0.25	KYKTIDGI:0.25	YKTIDGIS:0.25	SDVVANLR:0.25	LLEAGSYG:0.5	RILSRAEA:0.25	ILLLSIAR:0.3333333333333333	DTERSHSL:0.25	QAADIYVD:0.8333333333333334	TERSHSLV:0.25	PLVSRYPY:0.3333333333333333	SILLLSIA:0.25	ILSRAEAK:0.25	LTGNLIRV:0.25	DIYVDSFP:0.6666666666666666	IYVDSFPF:0.6666666666666666	NTSLLEAG:0.3333333333333333	PIIAFANK:0.3333333333333333	SLLEAGSY:0.5833333333333334	LSIARAPK:0.25	LLLSIARA:0.25	SIARAPKY:0.25	TQRILSRA:0.25	QRILSRAE:0.25	QDTERSHS:0.3333333333333333	IPQNFEVF:0.25	PTQRILSR:0.25	PQNFEVFR:0.25	VANLRESG:0.3333333333333333	EDTAVFYQ:0.25	AVFYQAAD:0.3333333333333333	YQAADIYV:0.75	GLFVSPEL:0.25	SITSLLEA:0.4166666666666667	VIPIIAFA:0.4166666666666667	DVIPIIAF:0.4166666666666667	QAILVVIG:0.25	NKEQSPPI:0.25	AVYAEMAA:0.25	AAVYAEMA:0.25	FYQAADIY:0.5833333333333334	ILVVIGPG:0.25	ANKEQSPP:0.25	AILVVIGP:0.3333333333333333	IIAFANKE:0.25	AFANKEQS:0.25	DTAVFYQA:0.3333333333333333	IAFANKEQ:0.25	FANKEQSP:0.25	TAVFYQAA:0.3333333333333333	VFYQAADI:0.3333333333333333	LFVSPELE:0.25	ITSLLEAG:0.4166666666666667	IPIIAFAN:0.3333333333333333	PGLTGNLI:0.25	DMPGLTGN:0.25	LRESGMRL:0.3333333333333333	GADMPGLT:0.25	LGADMPGL:0.25	DTLSLWRE:0.25	ILGADMPG:0.25	MPGLTGNL:0.25	TLSLWREE:0.3333333333333333	LSLWREEG:0.25	RLSLGEAT:0.3333333333333333	EFRLSLGE:0.25	RESGMRLS:0.25	VLSRLVED:0.25	ADAHVPLL:0.25	NLRESGMR:0.25	SFPFVSIT:0.25	FADAHVPL:0.25	SFADAHVP:0.25	VSITSLLE:0.25	EEFRLSLG:0.25	AAAVYAEI:0.25	AAVYAEIA:0.25	PFVSITSL:0.25	FRSLVAQA:0.25	ERSHSLVL:0.25	RSHSLVLT:0.3333333333333333	DSFPFVSI:0.25	LSLGEATR:0.3333333333333333	AVYAEIAA:0.25	SHSLVLTR:0.3333333333333333	FPFVSITS:0.25	LSRLVEDE:0.25	ANLRESGM:0.4166666666666667	FVSITSLL:0.25	DEEFRLSL:0.25	HSLVLTRQ:0.3333333333333333	AIQQTQGR:0.25	IQQTQGRI:0.25	LEAGSYGV:0.25	EAGSYGVP:0.25	
