cluster number:275
GT0:6	GT0:6
KEIIIVDN:0.3333333333333333	DISIVIPV:0.3333333333333333	IGYAGNVK:0.3333333333333333	IVIPVRNN:0.3333333333333333	IIIVDNNS:0.5	DWILFTDS:0.3333333333333333	GDWILFTD:0.3333333333333333	SIVIPVRN:0.3333333333333333	YAGNVKAW:0.3333333333333333	SDISIVIP:0.3333333333333333	GYAGNVKA:0.3333333333333333	VIPVRNNQ:0.3333333333333333	EIIIVDNN:0.5	ISIVIPVR:0.3333333333333333	PKEIIIVD:0.3333333333333333	LSSHSIPI:0.3333333333333333	VIRNKNEA:0.5	TFFYFINR:0.3333333333333333	ETFFYFIN:0.3333333333333333	SSHSIPIG:0.3333333333333333	LLSSHSIP:0.3333333333333333	FTYGKAIN:0.3333333333333333	SIVIRNKN:0.3333333333333333	IRNKNEAK:0.3333333333333333	IVIRNKNE:0.3333333333333333	DINETFFY:0.3333333333333333	
