cluster number:108
GT0:13	GT0:13
RLAGYREM:0.23076923076923078	YWLWSQNL:0.23076923076923078	IFSDSYHL:0.23076923076923078	WNFQHDFV:0.23076923076923078	LAGYREMG:0.23076923076923078	FIFSDSYH:0.3076923076923077	HVGTLGGV:0.23076923076923078	QYWLWSQN:0.3076923076923077	WNYYSKPL:0.23076923076923078	GTLGGVEG:0.23076923076923078	YSKPLMIA:0.23076923076923078	LMIAVYNF:0.23076923076923078	LDWNYYSK:0.23076923076923078	VEVNWPAF:0.23076923076923078	TLGGVEGE:0.23076923076923078	FQHDFVTF:0.23076923076923078	MIAVYNFI:0.23076923076923078	SKPLMIAV:0.23076923076923078	VGTLGGVE:0.23076923076923078	KPLMIAVY:0.23076923076923078	FHTTDSSL:0.23076923076923078	YYSKPLMI:0.23076923076923078	DWNYYSKP:0.23076923076923078	NFQHDFVT:0.23076923076923078	NYYSKPLM:0.23076923076923078	PLMIAVYN:0.23076923076923078	LSPEEAQY:0.23076923076923078	AQYWLWSK:0.3076923076923077	DLSPEEAQ:0.23076923076923078	LGDTEIGV:0.23076923076923078	SKPPLIAY:0.23076923076923078	LDLSYYSK:0.46153846153846156	GDYILGQI:0.23076923076923078	LSYYSKPP:0.46153846153846156	SPEEAQYW:0.23076923076923078	YYSKPPLI:0.23076923076923078	DLSYYSKP:0.46153846153846156	YSKPPLIA:0.23076923076923078	PILDKVGL:0.23076923076923078	TEIGVRIN:0.23076923076923078	FVFSDSYH:0.23076923076923078	EEAQYWLW:0.46153846153846156	GDTEIGVR:0.23076923076923078	DTEIGVRI:0.23076923076923078	EAQYWLWS:0.46153846153846156	SYYSKPPL:0.3076923076923077	SKPPMVAY:0.3076923076923077	SYYSKPPM:0.3076923076923077	LSKYPAVF:0.3076923076923077	GRRMNQYD:0.23076923076923078	EEAQYWDW:0.38461538461538464	AFLSKYPA:0.3076923076923077	SLLMTTDA:0.23076923076923078	AQYWDWSR:0.3076923076923077	YCINLGRR:0.23076923076923078	NLGRRMNQ:0.3076923076923077	KYPAVFLL:0.3076923076923077	GLAFLSKY:0.3076923076923077	YPAVFLLP:0.3076923076923077	RRMNQYDL:0.23076923076923078	LAFLSKYP:0.23076923076923078	EAQYWDWS:0.3076923076923077	AGLAFLSK:0.23076923076923078	FLSKYPAV:0.3076923076923077	NSLLMTTD:0.23076923076923078	YYSKPPMV:0.3076923076923077	TYCINLGR:0.23076923076923078	HVSTLATK:0.23076923076923078	LGRRMNQY:0.23076923076923078	CINLGRRM:0.23076923076923078	PEEAQYWD:0.38461538461538464	SKYPAVFL:0.3076923076923077	INLGRRMN:0.23076923076923078	RMNQYDLW:0.23076923076923078	YSKPPMVA:0.3076923076923077	QISAELAF:0.23076923076923078	YQISAELA:0.23076923076923078	SLPVFLFF:0.23076923076923078	ISAELAFY:0.23076923076923078	YWLWSKHL:0.23076923076923078	TEEAQYWL:0.38461538461538464	WLWSKHLD:0.23076923076923078	QYWLWSKH:0.23076923076923078	FTEEAQYW:0.23076923076923078	
