cluster number:106
GT0:32	GT0:32
FLGGDQFW:0.875	GANTAELG:0.59375	VLVPCPNA:0.84375	GDQFWSVL:0.40625	IPFFLEVA:0.21875	IALLPGSK:0.34375	PGELATWV:0.28125	PFFLEVAD:0.21875	IFLGGDQF:0.40625	DQFWSVLL:0.40625	GIPFFLEV:0.21875	VSNGPGEL:0.59375	QFWSVLLS:0.3125	VIFLGGDQ:0.40625	LGGDQFWS:0.5625	ALTTVGAN:0.59375	VPCPNATG:0.84375	LLSARLGY:0.5	NGPGELAT:0.28125	AKKMIVPE:0.21875	TTVGANTA:0.9375	SVLLSARL:0.25	LVPCPNAT:0.84375	VGANTAEL:0.9375	VLLSARLG:0.5	FVSNGPGE:0.21875	SNGPGELA:0.28125	GPGELATW:0.28125	LVLVPCPN:0.875	LTTVGANT:0.59375	FWSVLLSA:0.25	WSVLLSAR:0.25	KKMIVPER:0.21875	GGDQFWSV:0.40625	TVGANTAE:0.9375	PGELTTWV:0.46875	SNGPGELT:0.40625	NGPGELTT:0.46875	GPGELTTW:0.46875	LGGDQFWT:0.28125	RAVVPERV:0.25	WVARWPRW:0.28125	AHGPLSQC:0.25	TWVRPLAE:0.34375	VRPLAERL:0.21875	ELTTWVRP:0.25	QFWTVLLS:0.28125	ARWPRWND:0.28125	ALALTTVG:0.21875	YAEWVARW:0.46875	GELTTWVR:0.25	LSQCALAL:0.21875	PAHGPLSQ:0.25	AEWVARWP:0.46875	WVRPLAER:0.21875	PRWNDRIA:0.21875	GGDQFWTV:0.28125	WVALLPGS:0.375	TAELGALG:0.21875	VVFLGGDQ:0.59375	WTVLLSAR:0.28125	RPLAERLH:0.21875	WPNISAGR:0.3125	LTTWVRPL:0.25	VARWPRWN:0.28125	LALTTVGA:0.46875	FWTVLLSA:0.28125	NISAGRAV:0.21875	ANTAELGA:0.46875	ISAGRAVV:0.21875	VFLGGDQF:0.5	GVVVFLGG:0.5625	AWPNISAG:0.3125	VMQAWDGW:0.25	VGDLMADL:0.5	SARLGYRH:0.34375	AGRAVVPE:0.25	SAGRAVVP:0.21875	VVVFLGGD:0.5625	WPRWNDRI:0.21875	DQFWTVLL:0.28125	QCALALTT:0.21875	DLMADLSS:0.21875	LSARLGYR:0.34375	PNISAGRA:0.21875	VVGDLMAD:0.5	SQCALALT:0.21875	GRAVVPER:0.25	WNDRIAAM:0.25	TYAEWVAR:0.46875	EWVARWPR:0.28125	VALLPGSK:0.40625	NTAELGAL:0.46875	AVVPERVG:0.25	CALALTTV:0.21875	HPAHGPLS:0.25	GDQFWTVL:0.28125	GDLMADLS:0.4375	RWPRWNDR:0.21875	TVLLSARL:0.28125	TTWVRPLA:0.25	NGPGELST:0.21875	CRVVGDLM:0.25	RCRVVGDL:0.25	YRHITYAE:0.21875	GPGELSTW:0.21875	ELGALAVP:0.21875	ALAVPMIV:0.21875	ARLGYRHI:0.21875	TAELGALA:0.21875	VLVSNGPG:0.25	RVVGDLMA:0.25	HITYAEWV:0.25	LGYRHITY:0.21875	RLGYRHIT:0.21875	GYRHITYA:0.21875	LGALAVPM:0.21875	ITYAEWVA:0.28125	GALAVPMI:0.21875	LVSNGPGE:0.25	PGELSTWV:0.21875	RHITYAEW:0.21875	AELGALAV:0.21875	LPGSKKAK:0.25	ALLPGSKK:0.28125	VGIPFFLE:0.21875	LLPGSKKA:0.25	PGSKKAKL:0.28125	MAWPNISA:0.21875	RLVLVPCP:0.46875	GANTAELA:0.375	LAITTVGA:0.25	MNAWDGIF:0.21875	CPNATGKE:0.28125	KYYSSKIK:0.21875	IIPIAPTT:0.21875	PCPNATGK:0.28125	PERIGNIS:0.21875	IGDLMADI:0.21875	ITTVGANT:0.25	LLAKRLGY:0.34375	DLAITTVG:0.25	CDLAITTV:0.25	FDYVIETS:0.21875	NAWDGIFG:0.21875	AITTVGAN:0.25	CRFLLPVA:0.21875	GCRFLLPV:0.21875	ARLPGLRR:0.21875	PGSKPAKL:0.25	RGVVVFLG:0.21875	LLPGSKPA:0.21875	LARLPGLR:0.28125	LRLVLVPC:0.40625	RFLLPVAP:0.21875	FLLPVAPT:0.28125	LLARLPGL:0.28125	LPVAPTTS:0.21875	GLLARLPG:0.28125	PGCRFLLP:0.28125	RPGCRFLL:0.25	LGLLARLP:0.21875	LPGSKPAK:0.21875	LLPVAPTT:0.28125	FELITKSK:0.21875	FFAWPNIK:0.21875	TKSKSFWK:0.21875	KKFFAWPN:0.21875	SKSFWKLL:0.21875	KFFAWPNI:0.21875	KSKSFWKL:0.21875	KKKKFFAW:0.21875	LITKSKSF:0.21875	ANTAELAA:0.3125	KKKFFAWP:0.21875	ITKSKSFW:0.21875	FAWPNIKA:0.21875	GDLMADIK:0.21875	KSFWKLLI:0.21875	ELITKSKS:0.21875	QGVVVFLG:0.21875	IVIVPTQH:0.21875	MIVIVPTQ:0.21875	PMIVIVPT:0.21875	
