cluster number:283
GT0:18	GT0:18
MVIDDLAN:0.2222222222222222	PHDCDVLL:0.2777777777777778	LANRPHDC:0.3333333333333333	RPHDCDVL:0.2777777777777778	ANRPHDCD:0.2777777777777778	DDLANRPH:0.3888888888888889	HDCDVLLD:0.4444444444444444	DVLLDQNY:0.2222222222222222	DCDVLLDQ:0.3888888888888889	IDDLANRP:0.3888888888888889	VIDDLANR:0.7222222222222222	MRCLTLAE:0.3333333333333333	DLANRPHD:0.3333333333333333	CDVLLDQN:0.3888888888888889	WLIVDHYG:0.3333333333333333	DWLIVDHY:0.2777777777777778	NRPHDCDV:0.2777777777777778	HLMRCLTL:0.4444444444444444	LMRCLTLA:0.4444444444444444	GHLMRCLT:0.4444444444444444	DWLVVDHY:0.2222222222222222	WLVVDHYG:0.2222222222222222	DLAIGAGG:0.2777777777777778	ADLAIGAG:0.2222222222222222	LVFYGGSD:0.2222222222222222	IFVIDDLA:0.2777777777777778	VVDSYALD:0.2222222222222222	ILVFYGGS:0.2222222222222222	EIFVIDDL:0.2222222222222222	DVVVGGSN:0.2222222222222222	GSGHLMRC:0.2777777777777778	RRILVFYG:0.2222222222222222	SGHLMRCL:0.2777777777777778	FVIDDLAN:0.2777777777777778	IGSGHLMR:0.2777777777777778	LVVDSYAL:0.2222222222222222	LRRILVFY:0.2222222222222222	QIGSGHLM:0.2222222222222222	RILVFYGG:0.2222222222222222	WERCFLGL:0.2222222222222222	ERCFLGLP:0.2222222222222222	GTTTWERC:0.2777777777777778	AGGTTTWE:0.3333333333333333	LGAGGTTT:0.2222222222222222	GAGGTTTW:0.3333333333333333	GGTTTWER:0.3333333333333333	LIVDHYGL:0.2222222222222222	CLGAGGTT:0.2222222222222222	DLCLGAGG:0.2222222222222222	ADLCLGAG:0.2222222222222222	LCLGAGGT:0.2222222222222222	
