cluster number:146
GT0:13	GT0:13
CDYFIGNG:0.3076923076923077	AKCDYFIG:0.23076923076923078	KCDYFIGN:0.3076923076923077	KGIEIIKD:0.46153846153846156	AAKCDYFI:0.23076923076923078	LAAKCDYF:0.23076923076923078	GIEIIKDT:0.46153846153846156	CGFWSDVD:0.23076923076923078	KDTYLASM:0.23076923076923078	WSDVDHVM:0.23076923076923078	WGCGFWSD:0.23076923076923078	WAYGMTAH:0.23076923076923078	AAELTNRI:0.23076923076923078	DVDHVMGQ:0.23076923076923078	GMTAHQIY:0.23076923076923078	GFWSDVDH:0.23076923076923078	FFIGNGYS:0.46153846153846156	MTAHQIYR:0.23076923076923078	ELYFEPVS:0.3076923076923077	GQLLAAEL:0.23076923076923078	TNRIPVVY:0.3076923076923077	RIPVVYWG:0.6153846153846154	FLLIKSWG:0.23076923076923078	MGQLLAAE:0.23076923076923078	RRKGIEII:0.38461538461538464	FIGNGYSN:0.6153846153846154	GYSNVSYT:0.23076923076923078	ELTNRIPV:0.3076923076923077	RFLLIKSW:0.23076923076923078	LYFEPVSN:0.3076923076923077	DRFLLIKS:0.23076923076923078	VDHVMGQL:0.23076923076923078	AYGMTAHQ:0.23076923076923078	KRRKGIEI:0.3076923076923077	LIKSWGCG:0.23076923076923078	NRIPVVYW:0.3076923076923077	GNGYSNVS:0.6153846153846154	NGYSNVSY:0.23076923076923078	ILLLTDCE:0.23076923076923078	AELTNRIP:0.3076923076923077	KSWGCGFW:0.23076923076923078	SDVDHVMG:0.23076923076923078	EIQEFYDE:0.23076923076923078	IKSWGCGF:0.23076923076923078	FELYFEPV:0.3076923076923077	RKGIEIIK:0.38461538461538464	QLLAAELT:0.23076923076923078	FWSDVDHV:0.23076923076923078	KILLLTDC:0.23076923076923078	IIKDTYLA:0.3076923076923077	DTYLASMC:0.23076923076923078	LTNRIPVV:0.3076923076923077	SWGCGFWS:0.23076923076923078	IGNGYSNV:0.6153846153846154	DHVMGQLL:0.23076923076923078	VMGQLLAA:0.23076923076923078	YGMTAHQI:0.23076923076923078	LLIKSWGC:0.23076923076923078	HWAYGMTA:0.23076923076923078	IEIIKDTY:0.46153846153846156	GCGFWSDV:0.23076923076923078	ANVVVSDT:0.23076923076923078	HVMGQLLA:0.23076923076923078	EIIKDTYL:0.38461538461538464	AKCDFFIG:0.23076923076923078	YFEPVSNY:0.23076923076923078	KCDFFIGN:0.3076923076923077	GQLLVAEL:0.23076923076923078	QLLVAELT:0.23076923076923078	CDFFIGNG:0.3076923076923077	DFFIGNGY:0.3076923076923077	PLLGVHIR:0.23076923076923078	DYFIGNGY:0.23076923076923078	YFIGNGYS:0.3076923076923077	NGYSNVSF:0.3076923076923077	VHIRSSDK:0.23076923076923078	AVHIRSSD:0.23076923076923078	LAVHIRSS:0.23076923076923078	VVYWGKGS:0.23076923076923078	YWGKGSLY:0.23076923076923078	IPVVYWGK:0.23076923076923078	FLLIREIG:0.23076923076923078	KFLLIREI:0.23076923076923078	WGKGSLYA:0.23076923076923078	RIFLMTDC:0.23076923076923078	KGFEIIRD:0.23076923076923078	VYWGKGSL:0.23076923076923078	IFLMTDCI:0.23076923076923078	PVVYWGKG:0.23076923076923078	
