cluster number:318
GT0:13	GT0:13
FLVSTSSY:0.3076923076923077	LSNGHGED:0.38461538461538464	VQTIGKTP:0.23076923076923078	SNGHGEDL:0.46153846153846156	STSSYYEG:0.3076923076923077	VIGMAGTA:0.23076923076923078	FLSNGHGE:0.3076923076923077	EQAVGLGK:0.7692307692307693	TYRFAEAQ:0.23076923076923078	GMAGTAVE:0.6153846153846154	VEQAVGLG:0.6923076923076923	LVSTSSYY:0.3076923076923077	EDLNASLI:0.23076923076923078	AGTAVEQA:0.7692307692307693	GYPIMDAL:0.23076923076923078	QAVGLGKP:0.7692307692307693	NGHGEDLN:0.46153846153846156	SSYYEGRL:0.38461538461538464	RPFVAFLV:0.3076923076923077	AVGLGKPV:0.5384615384615384	VSTSSYYE:0.3076923076923077	FTYRFAEA:0.23076923076923078	AVEQAVGL:0.6923076923076923	AFLVSTSS:0.23076923076923078	FVAFLVST:0.23076923076923078	VAFLVSTS:0.23076923076923078	MAGTAVEQ:0.6153846153846154	IGMAGTAV:0.23076923076923078	GEDLNASL:0.3076923076923077	GHGEDLNA:0.3076923076923077	LVIGMAGT:0.23076923076923078	PFVAFLVS:0.3076923076923077	GTAVEQAV:0.7692307692307693	SVQTIGKT:0.23076923076923078	TAVEQAVG:0.7692307692307693	YPIMDALQ:0.23076923076923078	LFLSNGHG:0.3076923076923077	SFLVANSS:0.23076923076923078	FLVANSSY:0.23076923076923078	FAEAQMRL:0.3076923076923077	IALLPGSR:0.6153846153846154	VANSSYYE:0.23076923076923078	MIALLPGS:0.23076923076923078	ISNGHGED:0.38461538461538464	AEAQMRLL:0.3076923076923077	LVANSSYY:0.23076923076923078	EAQMRLLG:0.3076923076923077	LVLGMAGT:0.3076923076923077	QFTYGFAE:0.23076923076923078	PQFTYGFA:0.3076923076923077	LGMAGTAV:0.23076923076923078	FISNGHGE:0.23076923076923078	VLGMAGTA:0.3076923076923077	DLVLGMAG:0.23076923076923078	ILFISNGH:0.23076923076923078	LFISNGHG:0.23076923076923078	TYGFAEAQ:0.23076923076923078	FTYGFAEA:0.23076923076923078	GPQFTYGF:0.3076923076923077	SSYYEGKL:0.23076923076923078	VGLGKPVI:0.23076923076923078	PGSRLPEA:0.23076923076923078	TIALLPGS:0.23076923076923078	CLAVFTRD:0.23076923076923078	ALLPGSRL:0.23076923076923078	LLPGSRLP:0.23076923076923078	RCLAVFTR:0.23076923076923078	LPGSRLPE:0.23076923076923078	
