cluster number:239
GT0:11	GT0:11
YSVAFFPL:0.36363636363636365	GLTASVER:0.2727272727272727	KQYSVAFF:0.36363636363636365	LYGTVIYT:0.36363636363636365	CPYSLYGT:0.36363636363636365	TATRITGV:0.45454545454545453	TVIYTEGL:0.6363636363636364	NTGLTASV:0.36363636363636365	LSTATRIT:0.36363636363636365	IYTEGLFL:0.6363636363636364	LAFVHVQK:0.2727272727272727	STATRITG:0.36363636363636365	LTASVERY:0.2727272727272727	YGTVIYTE:0.45454545454545453	WCPYSLYG:0.45454545454545453	QYSVAFFP:0.36363636363636365	DGKQYSVA:0.2727272727272727	YTEGLFLL:0.8181818181818182	LAWCPYSL:0.45454545454545453	AWCPYSLY:0.5454545454545454	SLYGTVIY:0.36363636363636365	TEGLFLLF:0.5454545454545454	GLFLLFST:0.2727272727272727	EGLFLLFS:0.5454545454545454	GTVIYTEG:0.5454545454545454	GKQYSVAF:0.2727272727272727	VIYTEGLF:0.6363636363636364	TGLTASVE:0.2727272727272727	PYSLYGTV:0.36363636363636365	YSLYGTVI:0.36363636363636365	PWHPLLFL:0.2727272727272727	LVNNLAFL:0.2727272727272727	AYGIVSLS:0.2727272727272727	YAYGIVSL:0.2727272727272727	RYAYGIVS:0.2727272727272727	GALSTATR:0.2727272727272727	ALAWCPYS:0.36363636363636365	WGALSTAT:0.2727272727272727	ITGVALIP:0.2727272727272727	TGVALIPA:0.2727272727272727	ATRITGVA:0.2727272727272727	VAFFPLYP:0.2727272727272727	LNTGLTAS:0.2727272727272727	RITGVALI:0.2727272727272727	AFFPLYPL:0.36363636363636365	TRITGVAL:0.2727272727272727	FFPLYPLL:0.2727272727272727	GLFLLFSI:0.2727272727272727	
