cluster number:252
GT0:9	GT0:9
SVRSYAPD:0.2222222222222222	RSYAPDGL:0.3333333333333333	YAPDGLFW:0.3333333333333333	VYGQQKMI:0.4444444444444444	APDGLFWV:0.2222222222222222	SYAPDGLF:0.3333333333333333	YVYGQQKM:0.4444444444444444	GQQKMIAQ:0.3333333333333333	GDWAFYLE:0.6666666666666666	VRSYAPDG:0.2222222222222222	YGQQKMIA:0.3333333333333333	PDGLFWVV:0.2222222222222222	GYVYGQQK:0.4444444444444444	QQKMIAQF:0.6666666666666666	CSGDWAFY:0.2222222222222222	SGDWAFYL:0.2222222222222222	YHYGWVRS:0.2222222222222222	HYGWVRSE:0.3333333333333333	GYVYAQQK:0.2222222222222222	RGYVYAQQ:0.2222222222222222	QKMIAQFN:0.4444444444444444	IRNGTLLG:0.2222222222222222	KMIAQFNC:0.4444444444444444	DEVVVAVG:0.2222222222222222	YVYAQQKM:0.2222222222222222	GTLLGYPY:0.2222222222222222	WAFYLEGD:0.5555555555555556	DWAFYLEG:0.5555555555555556	YAQQKMIA:0.5555555555555556	VYAQQKMI:0.4444444444444444	AQQKMIAQ:0.5555555555555556	YLEGDEVL:0.3333333333333333	DRGYVYAQ:0.2222222222222222	AFYLEGDE:0.5555555555555556	CDEVVVAV:0.2222222222222222	NGTLLGYP:0.3333333333333333	FIRNGTLL:0.2222222222222222	LEGDEVLH:0.3333333333333333	FYLEGDEV:0.5555555555555556	IYHYGHVR:0.4444444444444444	EGDEVLHE:0.3333333333333333	EVVVAVGK:0.2222222222222222	PIYHYGHV:0.3333333333333333	RNGTLLGY:0.3333333333333333	VSGFTFLR:0.2222222222222222	SWAPDGLF:0.2222222222222222	IIRNTIRS:0.2222222222222222	SGFTFLRN:0.3333333333333333	RGRYPNAA:0.2222222222222222	YHYGHVRS:0.2222222222222222	FTFLRNGT:0.2222222222222222	YIESLKSL:0.2222222222222222	NPEVEALV:0.2222222222222222	YLEGDEVI:0.2222222222222222	YPYIESLK:0.2222222222222222	MKVSGFTF:0.2222222222222222	PYIESLKS:0.2222222222222222	IESLKSLL:0.2222222222222222	LGYPYIES:0.2222222222222222	EVEALVFD:0.4444444444444444	IRNTIRSW:0.2222222222222222	TIRSWAPD:0.2222222222222222	GYPYIESL:0.2222222222222222	LEGDEVIH:0.2222222222222222	NTIRSWAP:0.2222222222222222	GFTFLRNG:0.3333333333333333	PEVEALVF:0.3333333333333333	WAPDGLFW:0.2222222222222222	KVSGFTFL:0.2222222222222222	RSWAPDGL:0.3333333333333333	RIIRNTIR:0.2222222222222222	DEVIHEED:0.2222222222222222	VCDEVVVA:0.2222222222222222	RNTIRSWA:0.2222222222222222	IRSWAPDG:0.2222222222222222	VEALVFDY:0.3333333333333333	EGDEVIHE:0.2222222222222222	AQFNCTGD:0.2222222222222222	IKNGQILG:0.2222222222222222	GDWAFYIE:0.2222222222222222	SEEQMNLK:0.2222222222222222	GWYRSEAR:0.2222222222222222	GWVRSEEQ:0.2222222222222222	RSEEQMNL:0.2222222222222222	KNGQILGY:0.2222222222222222	SEARIIKN:0.2222222222222222	QFNCTGDW:0.3333333333333333	PDGLFWLV:0.2222222222222222	VRSEEQMN:0.2222222222222222	GDSEDDTL:0.2222222222222222	FIKNGQIL:0.2222222222222222	WYRSEARI:0.3333333333333333	FTFIKNGQ:0.2222222222222222	APDGLFWL:0.3333333333333333	NCTGDWAF:0.4444444444444444	SPGWYRSE:0.2222222222222222	LNSPGWYR:0.2222222222222222	RGYVYGQQ:0.3333333333333333	NGQILGYP:0.2222222222222222	SAFTFIKN:0.3333333333333333	PGWYRSEA:0.2222222222222222	CTGDWAFY:0.6666666666666666	TFIKNGQI:0.2222222222222222	YGWVRSEE:0.2222222222222222	HFYGNANS:0.2222222222222222	FNCTGDWA:0.3333333333333333	RSEARIIK:0.3333333333333333	AFTFIKNG:0.3333333333333333	DWLPKEKG:0.2222222222222222	VGDSEDDT:0.2222222222222222	KVSAFTFI:0.2222222222222222	DWAFYIEG:0.2222222222222222	EARIIKNS:0.2222222222222222	GQILGYPF:0.2222222222222222	AFYIEGDE:0.2222222222222222	IAQFNCTG:0.2222222222222222	MIAQFNCT:0.2222222222222222	WAFYIEGD:0.2222222222222222	VSAFTFIK:0.2222222222222222	NSPGWYRS:0.2222222222222222	TGDWAFYI:0.2222222222222222	EEQMNLKS:0.2222222222222222	WVRSEEQM:0.2222222222222222	MKVSAFTF:0.2222222222222222	DGLFWLVL:0.2222222222222222	YRSEARII:0.3333333333333333	VDEFVIAV:0.2222222222222222	GIDLSKKH:0.2222222222222222	IDLSKKHY:0.2222222222222222	FDYYHFYG:0.2222222222222222	PLVDEFVI:0.2222222222222222	LPLVDEFV:0.2222222222222222	DEFVIAVG:0.2222222222222222	FGIDLSKK:0.2222222222222222	LVDEFVIA:0.2222222222222222	IRSYAPDG:0.2222222222222222	GFVYAQQK:0.2222222222222222	QQKMIAQY:0.2222222222222222	FVYAQQKM:0.2222222222222222	TGDWAFYL:0.3333333333333333	RGFVYAQQ:0.2222222222222222	
