cluster number:271
GT0:12	GT0:12
EVSIYLVP:0.25	DLAIGAGG:0.5	VIDDLADR:0.4166666666666667	WERCCLGL:0.4166666666666667	ADLAIGAG:0.5	AEVSIYLV:0.25	RCCLGLPT:0.25	ERCCLGLP:0.4166666666666667	GPAYALLR:0.25	VMRCLTLA:0.25	IGTGHVMR:0.25	TGHVMRCL:0.25	MRCLTLAD:0.3333333333333333	HVMRCLTL:0.25	GHVMRCLT:0.25	GTGHVMRC:0.25	ILVIDDLA:0.25	LVIDDLAD:0.25	LCDGRGAA:0.25	YALLRPQF:0.25	ALLRPQFA:0.25	LMLVIADN:0.25	RCLTLADE:0.25	MLVIADNQ:0.25	CDGRGAAR:0.25	TWERCCLG:0.3333333333333333	LAIGAGGT:0.25	
