cluster number:16
GH36:11	GH36:11
GGLLTLRR:0.36363636363636365	LARAVEEW:0.2727272727272727	LTVRIDTS:0.2727272727272727	ACHLINVL:0.2727272727272727	FWTPEPRG:0.2727272727272727	IIVDDGWM:0.2727272727272727	PAYSTWYS:0.2727272727272727	DGLKVDFV:0.2727272727272727	HSDMLMWH:0.45454545454545453	GLKVDFVD:0.2727272727272727	LMWHPAEP:0.2727272727272727	PRGGLLTL:0.2727272727272727	VPRGGLLT:0.2727272727272727	PEPRGTGW:0.2727272727272727	VHSDMLMW:0.45454545454545453	WTPEPRGT:0.2727272727272727	PRGTGWLP:0.2727272727272727	TADRTRGY:0.2727272727272727	EPRGTGWL:0.2727272727272727	LWYALPFI:0.36363636363636365	LLWYALPF:0.36363636363636365	MLMWHPAE:0.2727272727272727	CHLINVLF:0.2727272727272727	IVDDGWMT:0.2727272727272727	RLARAVEE:0.2727272727272727	DMLMWHPA:0.2727272727272727	RGGLLTLR:0.2727272727272727	SDMLMWHP:0.2727272727272727	DRLARAVE:0.2727272727272727	AHCGDWEP:0.2727272727272727	AALVGTGD:0.2727272727272727	QIACHLIN:0.2727272727272727	ARAVEEWG:0.2727272727272727	WYALPFIG:0.36363636363636365	TPEPRGTG:0.2727272727272727	YLLWYALP:0.36363636363636365	TLLVANAD:0.45454545454545453	IACHLINV:0.2727272727272727	GYAHCGDW:0.2727272727272727	RGTGWLPA:0.2727272727272727	RGYAHCGD:0.2727272727272727	YAHCGDWE:0.2727272727272727	EQIACHLI:0.2727272727272727	RIEWRVPC:0.2727272727272727	MVRATDCP:0.2727272727272727	LTAGPLAV:0.36363636363636365	GLWPYATM:0.45454545454545453	GPLAVHAD:0.36363636363636365	WPYATMVR:0.45454545454545453	DLRLTAGP:0.2727272727272727	IVDDGWQT:0.7272727272727273	LWPYATMV:0.45454545454545453	TAGPLAVH:0.36363636363636365	AGPLAVHA:0.36363636363636365	PYATMVRA:0.2727272727272727	RLTAGPLA:0.36363636363636365	VDDGWQTD:0.36363636363636365	VIVDDGWQ:0.36363636363636365	PGLWPYAT:0.45454545454545453	VARYAPLP:0.2727272727272727	YVSPGLWP:0.2727272727272727	VPQISVDL:0.45454545454545453	QISVDLAA:0.2727272727272727	PARPDLGY:0.36363636363636365	SRWLPPSW:0.2727272727272727	EHRQPYVS:0.2727272727272727	AVEEWGMD:0.36363636363636365	LFSVPQIS:0.2727272727272727	SVPQISVD:0.2727272727272727	PQISVDLA:0.36363636363636365	PYVSPGLW:0.2727272727272727	APVAALVG:0.36363636363636365	IIVDDGWQ:0.2727272727272727	ISVDLAAQ:0.2727272727272727	PTGGLLTL:0.2727272727272727	VEEWGMDG:0.36363636363636365	RAVEEWGM:0.36363636363636365	SPGLWPYA:0.2727272727272727	ARPDLGYP:0.36363636363636365	VDDGWQTA:0.2727272727272727	GAPVAALV:0.36363636363636365	ALFSVPQI:0.2727272727272727	PVAALVGT:0.36363636363636365	ARYAPLPV:0.2727272727272727	NALFSVPQ:0.2727272727272727	HRQPYVSP:0.2727272727272727	RQPYVSPG:0.2727272727272727	DGWQTADR:0.2727272727272727	FSVPQISV:0.2727272727272727	QPYVSPGL:0.2727272727272727	VSPGLWPY:0.2727272727272727	VPTGGLLT:0.2727272727272727	DDGWQTAD:0.2727272727272727	TIIVDDGW:0.2727272727272727	ALAFWLGV:0.2727272727272727	AVHSDMLM:0.36363636363636365	YAFCGDWE:0.2727272727272727	RGYAFCGD:0.2727272727272727	GYAFCGDW:0.2727272727272727	AFCGDWEP:0.2727272727272727	
