cluster number:15
GH36:26	GH36:26|GH74:1
ISCMSQIP:0.2692307692307692	WDMFQTVH:0.23076923076923078	ALGTLGIY:0.23076923076923078	PIYITDVP:0.3076923076923077	CMSQIPQI:0.23076923076923078	AARCVSGG:0.6153846153846154	KAISCMSQ:0.2692307692307692	CTWNALGQ:0.3076923076923077	AVKTDAQF:0.38461538461538464	DWDMFQTV:0.23076923076923078	SGFHAAAR:0.2692307692307692	DGLTYCTW:0.34615384615384615	DDFFPEIP:0.23076923076923078	GLTYCTWN:0.34615384615384615	ARCVSGGP:0.6538461538461539	NLPLGGKM:0.23076923076923078	FHAAARCV:0.6153846153846154	RCVSGGPI:0.46153846153846156	PDWDMFQT:0.9230769230769231	NLGLLGKM:0.23076923076923078	RNLPLGGK:0.23076923076923078	GGPIYITD:0.46153846153846156	AISCMSQI:0.2692307692307692	LGLLGKMA:0.23076923076923078	AAARCVSG:0.6153846153846154	VDAVKTDA:0.34615384615384615	IYITDVPG:0.3076923076923077	VRNSDDFF:0.2692307692307692	CVSGGPIY:0.46153846153846156	TWNALGQR:0.23076923076923078	KALGTLGI:0.23076923076923078	GVDAVKTD:0.34615384615384615	NSDDFFPE:0.38461538461538464	HAAARCVS:0.6153846153846154	GTLGIYIS:0.23076923076923078	GFHAAARC:0.5	VKTDAQFM:0.2692307692307692	SDDFFPEI:0.23076923076923078	PLGGKMTV:0.23076923076923078	GLLGKMAG:0.23076923076923078	LVRNSDDF:0.2692307692307692	SCMSQIPQ:0.2692307692307692	SGGPIYIT:0.46153846153846156	VSGGPIYI:0.34615384615384615	YSGFHAAA:0.2692307692307692	RRNLPLGG:0.23076923076923078	WNALGQRL:0.23076923076923078	GPIYITDV:0.3076923076923077	RNSDDFFP:0.6153846153846154	DAVKTDAQ:0.38461538461538464	WHALLGYW:0.46153846153846156	LPDWDMFQ:0.5384615384615384	HALLGYWG:0.34615384615384615	VWHALLGY:0.46153846153846156	LIIDDNWQ:0.6153846153846154	AVWHALLG:0.3076923076923077	VLPDWDMF:0.34615384615384615	WFSLVRLW:0.23076923076923078	RWFSLVRL:0.23076923076923078	ALLGYWGG:0.34615384615384615	NVLPDWDM:0.3076923076923077	LNVLPDWD:0.3076923076923077	IIDDNWQS:0.4230769230769231	LLGYWGGI:0.34615384615384615	FCNAHNAL:0.34615384615384615	YCTWNSLG:0.3076923076923077	NLIIDDNW:0.4230769230769231	CNAHNALL:0.34615384615384615	IDDNWQSL:0.23076923076923078	DMFQTSHP:0.23076923076923078	YCTWNGLG:0.34615384615384615	WHIFCNAH:0.23076923076923078	WDMFQTSH:0.34615384615384615	CTWNGLGQ:0.3076923076923077	LTYCTWNG:0.23076923076923078	HIFCNAHN:0.23076923076923078	DWDMFQTS:0.46153846153846156	TYCTWNGL:0.23076923076923078	AGVDAVKT:0.23076923076923078	
