cluster number:20
GH36:11	GH36:11
VIGRPDKY:0.36363636363636365	DIIKVDFQ:0.2727272727272727	RGSVDYKT:0.2727272727272727	IGRPDKYL:0.36363636363636365	IRGSVDYK:0.2727272727272727	GSVDYKTT:0.2727272727272727	GFDIIKVD:0.2727272727272727	APAVPLPE:0.2727272727272727	PAVPLPES:0.2727272727272727	MSGGPIYL:0.2727272727272727	LAPAVPLP:0.5454545454545454	KVDFQSDN:0.2727272727272727	IKVDFQSD:0.2727272727272727	LGWCSWEH:0.2727272727272727	GGPIYLSD:0.45454545454545453	GRPDKYLS:0.36363636363636365	YLGWCSWE:0.7272727272727273	AVIGRPDK:0.2727272727272727	GWAVIGRP:0.2727272727272727	RAMSGGPI:0.2727272727272727	AMSGGPIY:0.2727272727272727	IIKVDFQS:0.2727272727272727	WAVIGRPD:0.2727272727272727	FDIIKVDF:0.2727272727272727	SGGPIYLS:0.45454545454545453	HWLDQDMF:0.2727272727272727	PAVPLPDS:0.2727272727272727	WEQYKKNI:0.2727272727272727	SGGPVYLS:0.36363636363636365	RWMLVDDG:0.2727272727272727	PEPFKYLG:0.45454545454545453	WCSWEQYK:0.2727272727272727	MLVDDGFQ:0.2727272727272727	ASPVPVRW:0.36363636363636365	LWLGQTVW:0.2727272727272727	WMLVDDGF:0.2727272727272727	HDMFHSSD:0.45454545454545453	YRVIAPLP:0.45454545454545453	RPLAPAVP:0.45454545454545453	KYLGWCSW:0.5454545454545454	DHDMFHSS:0.45454545454545453	WPDHDMFH:0.45454545454545453	GWCSWEQY:0.45454545454545453	CSWEQYKK:0.2727272727272727	PFKYLGWC:0.45454545454545453	YPEPFKYL:0.45454545454545453	SWEQYKKN:0.2727272727272727	VWPDHDMF:0.45454545454545453	FDFVKIDV:0.2727272727272727	EPFKYLGW:0.45454545454545453	APAVPLPD:0.2727272727272727	PLAPAVPL:0.36363636363636365	LGWCSWEQ:0.45454545454545453	AVPLPDSV:0.2727272727272727	GGPVYLSD:0.36363636363636365	DFVKIDVQ:0.2727272727272727	LRPLAPAV:0.45454545454545453	PDHDMFHS:0.45454545454545453	FKYLGWCS:0.45454545454545453	GFDFVKID:0.45454545454545453	LLRPLAPA:0.36363636363636365	PIYLSDAP:0.36363636363636365	KIKWMGIW:0.2727272727272727	RPDKYLSA:0.2727272727272727	PDKYLSAA:0.2727272727272727	AYRVIAPL:0.2727272727272727	WPEGYNQC:0.2727272727272727	PEGYNQCH:0.2727272727272727	EGYNQCHP:0.2727272727272727	DLWPEGYN:0.2727272727272727	YNQCHPLP:0.2727272727272727	APFQRHAI:0.2727272727272727	GYNQCHPL:0.2727272727272727	RCSEDYKK:0.2727272727272727	LDLWPEGY:0.2727272727272727	LWPEGYNQ:0.2727272727272727	ILRPLAPA:0.2727272727272727	
