cluster number:42
GH36:12	GH36:12
GYLKIDYN:0.3333333333333333	PDLVIENC:0.25	LPDLVIEN:0.25	PRQSQIWA:0.25	LGRMCLSG:0.4166666666666667	CSSGGHRL:0.5833333333333334	SFSDAHET:0.25	HRVILPRQ:0.25	NCSSGGHR:0.5	ASFSDAHE:0.3333333333333333	VIENCSSG:0.4166666666666667	IENCSSGG:0.5	GRMCLSGD:0.3333333333333333	IAANMHRV:0.25	AANMHRVI:0.25	ILPRQSQI:0.25	FLGRMCLS:0.3333333333333333	TFLGRMCL:0.3333333333333333	TLEMLSSF:0.3333333333333333	RQSQIWAV:0.25	ENCSSGGH:0.5	LPRQSQIW:0.25	SGGLADRE:0.25	LSGGLADR:0.3333333333333333	YLVIDAGW:0.25	SFSDAHEC:0.3333333333333333	GGLADREF:0.3333333333333333	LVIDAGWF:0.25	ADREFGHW:0.3333333333333333	GLADREFG:0.3333333333333333	GIWFEFEV:0.3333333333333333	LADREFGH:0.3333333333333333	YLKIDYNE:0.3333333333333333	ESLGEGLR:0.25	SGGHRLEP:0.5	GGHRLEPS:0.5	GHRLEPSM:0.3333333333333333	GQVGSMPV:0.25	SSGGHRLE:0.4166666666666667	ENCASGGH:0.25	FGQVGSMP:0.25	CASGGHRL:0.25	SMSSFSDA:0.25	MSSFSDAH:0.25	LVIENCSS:0.25	SSFSDAHE:0.3333333333333333	MASFSDAH:0.25	
