cluster number:0
GH36:381	GH36:381|3.2.1.22:7
AVYFDHDL:0.26246719160104987	SGGARVDL:0.24934383202099739	VERFVLDD:0.30183727034120733	WEAVYFDH:0.5616797900262467	GLEIESCS:0.3569553805774278	ERFVLDDG:0.5774278215223098	LWVEPEMV:0.23097112860892388	LEIESCSS:0.4068241469816273	VLDDGWFR:0.2335958005249344	EIESCSSG:0.5328083989501312	GVERFVLD:0.30183727034120733	EAVYFDHD:0.3648293963254593	IESCSSGG:0.5354330708661418	NTWEAVYF:0.49606299212598426	SSGGARVD:0.2152230971128609	FVLDDGWF:0.5853018372703412	TWEAVYFD:0.3910761154855643	GLWVEPEM:0.30446194225721784	WVEPEMVN:0.2152230971128609	CSSGGARV:0.2152230971128609	ESCSSGGA:0.2440944881889764	PGLEIESC:0.45144356955380577	FGLWVEPE:0.29658792650918636	LNTWEAVY:0.48031496062992124	RFVLDDGW:0.5853018372703412	SCSSGGAR:0.2440944881889764	GELLLPGE:0.23622047244094488	LRERSPQR:0.2125984251968504	HLRERSPQ:0.2125984251968504	LKWDHNRD:0.23622047244094488	YLKWDHNR:0.2440944881889764	EMVNPDSD:0.4146981627296588	RVDLGILE:0.22572178477690288	MVNPDSDL:0.2755905511811024	PEMVNPDS:0.5406824146981627	EPEMVNPD:0.5406824146981627	KWDHNRDL:0.4120734908136483	GGRVDLGI:0.2178477690288714	GLWFEPEM:0.46981627296587924	GGGRVDLG:0.25984251968503935	GMEFGLWF:0.2782152230971129	MEFGLWFE:0.2992125984251969	CSSGGGRV:0.22572178477690288	ESCSSGGG:0.25984251968503935	SSGGGRVD:0.22572178477690288	WFEPEMVN:0.46981627296587924	NVWEAVYF:0.2073490813648294	FGLWFEPE:0.4671916010498688	LWFEPEMV:0.3858267716535433	SGGGRVDL:0.2887139107611549	EFGLWFEP:0.32808398950131235	SCSSGGGR:0.25984251968503935	ILNTWEAV:0.2073490813648294	PVILNTWE:0.2099737532808399	DYIKWDHN:0.2440944881889764	IDYIKWDH:0.2283464566929134	GIDYIKWD:0.2073490813648294	HPGLEIES:0.35958005249343833	VILNTWEA:0.2073490813648294	RPVILNTW:0.2099737532808399	FEPEMVNP:0.3543307086614173	GRVDLGIL:0.2125984251968504	AHPGLEIE:0.23622047244094488	WFGSRRDD:0.2073490813648294	VLDDGWFG:0.2047244094488189	DDGWFGSR:0.25196850393700787	GWFGSRRD:0.2283464566929134	DGWFGSRR:0.25196850393700787	IESCASGG:0.25984251968503935	EIESCASG:0.2545931758530184	
