cluster number:39
GH36:49	GH36:49
TLMGDPTT:0.24489795918367346	DPTTAKLL:0.20408163265306123	VFNDYMNT:0.40816326530612246	PEVVGVRS:0.2653061224489796	DYMNTLMG:0.2653061224489796	MNTLMGDP:0.24489795918367346	YMNTLMGD:0.24489795918367346	VVFNDYMN:0.40816326530612246	NDYMNTLM:0.2653061224489796	WLEPEVVG:0.40816326530612246	PGLWLEPE:0.6938775510204082	FCIDAGWY:0.3673469387755102	NTLMGDPT:0.24489795918367346	FNDYMNTL:0.46938775510204084	EPEVVGVR:0.2653061224489796	LEPEVVGV:0.30612244897959184	GLWLEPEV:0.6938775510204082	LWLEPEVV:0.40816326530612246	PTTAKLLP:0.24489795918367346	TTAKLLPL:0.22448979591836735	GDPTTAKL:0.20408163265306123	EVVGVRSP:0.22448979591836735	PAARAHLD:0.30612244897959184	PVVFNDYM:0.3469387755102041	EQGAVWAY:0.22448979591836735	QLQSTSDQ:0.3673469387755102	YHLDLRHP:0.24489795918367346	IDAGWYDD:0.3673469387755102	WGVGYLKL:0.22448979591836735	WPLGLPGW:0.3673469387755102	YPPIAAAA:0.20408163265306123	LQSTSDQQ:0.4489795918367347	GLLGHNRA:0.2653061224489796	DYMNCLMG:0.20408163265306123	NCASGGMR:0.24489795918367346	LDLRHPAA:0.6530612244897959	QGAVWAYP:0.22448979591836735	QSTSDQQD:0.5714285714285714	LQLQSTSD:0.20408163265306123	LPVVFNDY:0.2857142857142857	GVGYLKLD:0.24489795918367346	ENCASGGM:0.24489795918367346	HLDLRHPA:0.40816326530612246	PEQGAVWA:0.22448979591836735	HPAARAHL:0.30612244897959184	DLRHPAAR:0.46938775510204084	FNDYMNCL:0.20408163265306123	NDYMNCLM:0.20408163265306123	RHPAARAH:0.32653061224489793	LRHPAARA:0.3469387755102041	FVIDAGWY:0.24489795918367346	PPIAAAAP:0.20408163265306123	RYHLDLRH:0.24489795918367346	MVPGLWLE:0.42857142857142855	VPGLWLEP:0.42857142857142855	GMVPGLWL:0.40816326530612246	CIDAGWYD:0.30612244897959184	WLEPEVIG:0.2857142857142857	AVWAYPQP:0.2653061224489796	QLDLRHPA:0.20408163265306123	LWLEPEVI:0.2857142857142857	EHNGAWRW:0.20408163265306123	PFWPLGLP:0.20408163265306123	STSDQQDF:0.2857142857142857	RGMVPGLW:0.2653061224489796	GDPTTEKL:0.20408163265306123	PTTEKLLP:0.20408163265306123	DPTTEKLL:0.20408163265306123	LMGDPTTE:0.20408163265306123	KLLPLIDA:0.2857142857142857	LLPLIDAA:0.30612244897959184	STSDQQDP:0.20408163265306123	LPLIDAAA:0.2857142857142857	
