cluster number:8
GH36:17	GH36:17
NIFLENRY:0.8235294117647058	TDWGNYYP:0.5882352941176471	GNYYPHLT:0.23529411764705882	MGQPLAWM:0.23529411764705882	AWMEATGL:0.23529411764705882	YYPHLTLR:0.23529411764705882	TMNTWGDR:0.23529411764705882	LPYRKPQY:0.23529411764705882	NYYPHLTL:0.23529411764705882	NRYTDWGN:0.5882352941176471	LAWMEATG:0.23529411764705882	YPHLTLRN:0.23529411764705882	WGNYYPHL:0.23529411764705882	MNTWGDRN:0.29411764705882354	DWGNYYPH:0.29411764705882354	QPLAWMEA:0.6470588235294118	IFLENRYT:0.8235294117647058	HYQIDDGW:0.29411764705882354	PYRKPQYY:0.23529411764705882	GLWFNPSK:0.23529411764705882	WMEATGLP:0.23529411764705882	ENRYTDWG:0.5882352941176471	VTAGKRGG:0.23529411764705882	EWLNKWRN:0.23529411764705882	THYQIDDG:0.29411764705882354	GNIFLENR:0.8235294117647058	YTDWGNYY:0.5882352941176471	PLAWMEAT:0.23529411764705882	YQIDDGWQ:0.29411764705882354	TMMGQPLA:0.23529411764705882	MMGQPLAW:0.23529411764705882	FLENRYTD:0.8823529411764706	GQPLAWME:0.4117647058823529	RYTDWGNY:0.5882352941176471	DVTAGKRG:0.23529411764705882	ELPYRKPQ:0.23529411764705882	GFDFSTDF:0.23529411764705882	LGLWFNPS:0.29411764705882354	LENRYTDW:0.7647058823529411	GRSWTGFQ:0.35294117647058826	QIEFLNKW:0.5294117647058824	EPSGRSWT:0.23529411764705882	TWGDRSQD:0.4117647058823529	LPIGEEPS:0.23529411764705882	FFFLKEAP:0.29411764705882354	WQSGKSPN:0.29411764705882354	LRNLWMLS:0.5882352941176471	YSFDYLFA:0.35294117647058826	LAWMEASN:0.23529411764705882	FLNKWRNA:0.23529411764705882	EYGNIFLE:0.4117647058823529	NKWRNADK:0.23529411764705882	ACDTYLKG:0.23529411764705882	AAQPLAWM:0.23529411764705882	FQLDDGWQ:0.23529411764705882	LWMLSRYV:0.29411764705882354	PAIACDTY:0.29411764705882354	WMLSRYVP:0.29411764705882354	NEYGNIFL:0.35294117647058826	ILPIGEEP:0.23529411764705882	MLSRYVPA:0.23529411764705882	EASNLPEE:0.23529411764705882	EFLNKWRN:0.5294117647058824	KIDGLQIP:0.23529411764705882	LNTWGDRS:0.23529411764705882	LWFNPSIQ:0.29411764705882354	LKEAPSSS:0.23529411764705882	DGWQSGKS:0.29411764705882354	KWRNADKY:0.23529411764705882	DCPAIACD:0.23529411764705882	SGRSWTGF:0.23529411764705882	MEASNLPE:0.23529411764705882	ATAGRRGG:0.29411764705882354	NLDATAGR:0.47058823529411764	TLRNLWML:0.7058823529411765	GLWFNPSI:0.23529411764705882	IEFLNKWR:0.5294117647058824	WMEASNLP:0.23529411764705882	FKIDGLQI:0.23529411764705882	FDYLFAIT:0.4117647058823529	GEEPSGRS:0.23529411764705882	RTLRNLWM:0.29411764705882354	RNLWMLSR:0.29411764705882354	EAFCLAEL:0.23529411764705882	AGRRGGYH:0.29411764705882354	LNKWRNAD:0.23529411764705882	PSGRSWTG:0.23529411764705882	DWGNYYPY:0.29411764705882354	NADRKNIE:0.23529411764705882	ASNLPEEA:0.23529411764705882	QSGKSPNS:0.29411764705882354	YGNIFLEN:0.5294117647058824	NLWMLSRY:0.29411764705882354	IACDTYLK:0.23529411764705882	YRGNLLFA:0.29411764705882354	PIGEEPSG:0.29411764705882354	RGNLLFAH:0.23529411764705882	DDGWQSGK:0.29411764705882354	AIACDTYL:0.29411764705882354	IGLWFNPS:0.23529411764705882	GFFFLKEA:0.29411764705882354	GNLLFAHD:0.23529411764705882	TAGRRGGY:0.29411764705882354	IDTWLPEG:0.23529411764705882	GWQSGKSP:0.29411764705882354	DATAGRRG:0.29411764705882354	AQPLAWME:0.35294117647058826	LDATAGRR:0.47058823529411764	RSWTGFQS:0.35294117647058826	SFDYLFAI:0.29411764705882354	NTWGDRSQ:0.4117647058823529	AWMEASNL:0.23529411764705882	FNLDATAG:0.47058823529411764	PLAWMEAS:0.35294117647058826	TGLPAEAF:0.23529411764705882	DYLFAITM:0.23529411764705882	GWQQGLSK:0.29411764705882354	DDGWQQGL:0.29411764705882354	IDDGWQQG:0.23529411764705882	QQGLSKNS:0.29411764705882354	WQQGLSKN:0.29411764705882354	NTWGDRNK:0.29411764705882354	QIDDGWQQ:0.23529411764705882	DGWQQGLS:0.29411764705882354	QGLSKNSA:0.23529411764705882	TWGDRNKD:0.23529411764705882	MNTWGDRS:0.23529411764705882	LQIEFLNK:0.29411764705882354	VFNLDATA:0.29411764705882354	VVFNLDAT:0.23529411764705882	FQIDDGWQ:0.23529411764705882	
