cluster number:5
GH36:110	GH36:110|3.2.1.22:2|CBM51:1
FLLDDGWF:0.8363636363636363	LTLLNNWE:0.32727272727272727	NPKVQDFV:0.32727272727272727	LDLSNPKV:0.43636363636363634	KSELYEKH:0.4636363636363636	DGWFGNKY:0.5454545454545454	FRTDVAMM:0.2545454545454545	QLVLDLSN:0.4727272727272727	RNQLVLDL:0.4818181818181818	NQLVLDLS:0.3181818181818182	LGVDLFLL:0.2636363636363636	LNNWEATY:0.41818181818181815	SELYEKHP:0.36363636363636365	NNWEATYF:0.41818181818181815	GLGDWQEN:0.2	RLTLLNNW:0.32727272727272727	FGNKYPRN:0.41818181818181815	MMLCSGGG:0.42727272727272725	LDDGWFGN:0.6636363636363637	LLNNWEAT:0.5363636363636364	VLDLSNPK:0.4	SNPKVQDF:0.2	LSNPKVQD:0.3	NKYPRNND:0.23636363636363636	GGGGRVDY:0.21818181818181817	DDGWFGNK:0.6636363636363637	DLFLLDDG:0.2818181818181818	GVDLFLLD:0.2636363636363636	PKSELYEK:0.4636363636363636	LLDDGWFG:0.6454545454545455	GWFGNKYP:0.5363636363636364	RTDVAMMG:0.2	GNKYPRNN:0.24545454545454545	MLCSGGGG:0.3181818181818182	YFRNQLVL:0.2545454545454545	FRNQLVLD:0.2545454545454545	DLSNPKVQ:0.43636363636363634	VDLFLLDD:0.2636363636363636	KFRTDVAM:0.2636363636363636	TDVAMMGK:0.22727272727272727	ELYEKHPD:0.33636363636363636	PMMLCSGG:0.4090909090909091	LCSGGGGR:0.3181818181818182	WFGNKYPR:0.5454545454545454	GLYKVLER:0.2	LVLDLSNP:0.4636363636363636	LYEKHPDW:0.34545454545454546	LFLLDDGW:0.3090909090909091	TLLNNWEA:0.509090909090909	WPSDNTDP:0.37272727272727274	FWPSDNTD:0.42727272727272725	AGLGDWEV:0.23636363636363636	DMFLLDDG:0.3090909090909091	EFWPSDNT:0.4636363636363636	KGQASRNL:0.21818181818181817	TEFWPSDN:0.2818181818181818	GVDMFLLD:0.3	PEMVNPKS:0.6090909090909091	GKGQASRN:0.2636363636363636	YIKWDCNR:0.2	LGVDMFLL:0.3	FTEFWPSD:0.3090909090909091	VNPKSELY:0.45454545454545453	YFTEFWPS:0.3	MFLLDDGW:0.3090909090909091	EPEMVNPK:0.6090909090909091	EMVNPKSE:0.5454545454545454	ALKYFTEF:0.2545454545454545	MVNPKSEL:0.5454545454545454	VDMFLLDD:0.3	LKYFTEFW:0.3181818181818182	AYIKWDCN:0.3090909090909091	GQASRNLH:0.21818181818181817	KFGIWIEP:0.4727272727272727	IWIEPEMV:0.5272727272727272	GIWIEPEM:0.5454545454545454	IEPEMVNP:0.509090909090909	GVKFGIWI:0.22727272727272727	WIEPEMVN:0.509090909090909	FGIWIEPE:0.5454545454545454	VKFGIWIE:0.33636363636363636	WDCNSPIT:0.2545454545454545	GWFANKYP:0.2	AFFKWDCN:0.2	FKWDCNSP:0.2545454545454545	WFANKYPR:0.2	DCNSPITN:0.2545454545454545	KWDCNSPI:0.2545454545454545	DYEALKYF:0.2	LDDGWFAN:0.2	DDGWFANK:0.2	DGWFANKY:0.2	DVAMMGKL:0.20909090909090908	PSDNTDPL:0.2636363636363636	VPMMLCSG:0.2545454545454545	NPKSELYE:0.44545454545454544	NKKKLPNG:0.20909090909090908	VAMMGKLG:0.20909090909090908	NSPITNIY:0.20909090909090908	CNSPITNI:0.21818181818181817	MTLLNNWE:0.21818181818181817	SPITNIYS:0.20909090909090908	RMTLLNNW:0.21818181818181817	HPDWILKL:0.20909090909090908	GTLAWSGN:0.22727272727272727	AGTLAWSG:0.20909090909090908	FSGDYLMK:0.24545454545454545	TLAWSGNF:0.22727272727272727	PKVQDFVF:0.22727272727272727	FGIWVEPE:0.20909090909090908	IWVEPEMV:0.20909090909090908	GIWVEPEM:0.20909090909090908	
