cluster number:51
GH36:19	GH36:19
VQIDDGYQ:0.21052631578947367	WVNDPDCL:0.42105263157894735	APILPSVG:0.21052631578947367	LPSVGLVD:0.47368421052631576	VGLVDAMR:0.3684210526315789	RFWVNDPD:0.3157894736842105	SVGLVDAM:0.3684210526315789	CGAPILPS:0.3157894736842105	DVVQIDDG:0.47368421052631576	TGRRAGIW:0.2631578947368421	QHGRFWVN:0.3157894736842105	LVDAMRVS:0.42105263157894735	VDVVQIDD:0.3684210526315789	ILPSVGLV:0.21052631578947367	VVQIDDGW:0.21052631578947367	LGCGAPIL:0.3157894736842105	HGRFWVND:0.3157894736842105	GLVDAMRV:0.47368421052631576	GCGAPILP:0.3157894736842105	FWVNDPDC:0.3157894736842105	GWQSWSPT:0.3157894736842105	GRFWVNDP:0.3157894736842105	GAPILPSV:0.21052631578947367	PSVGLVDA:0.3684210526315789	EGWQSWSP:0.2631578947368421	PILPSVGL:0.21052631578947367	IWTAPFLV:0.3684210526315789	GIWTAPFL:0.3684210526315789	MRVSPDTA:0.3157894736842105	RAGIWTAP:0.3684210526315789	YLLGCGAP:0.3684210526315789	WQSWSPSG:0.21052631578947367	AMRVSPDT:0.3157894736842105	DAMRVSPD:0.47368421052631576	APTVWCSW:0.2631578947368421	WCSWYEYF:0.21052631578947367	AGIWTAPF:0.3684210526315789	GWQSWSPS:0.3684210526315789	CSWYEYFT:0.21052631578947367	LWVNDPDC:0.21052631578947367	DAYLLGCG:0.2631578947368421	RLWVNDPD:0.21052631578947367	PAPTVWCS:0.2631578947368421	GRRAGIWT:0.2631578947368421	GRLWVNDP:0.21052631578947367	RPAPTVWC:0.2631578947368421	PTVWCSWY:0.2631578947368421	FQGEGLLA:0.21052631578947367	AYLLGCGA:0.3684210526315789	HGRLWVND:0.21052631578947367	RRAGIWTA:0.2631578947368421	GLETTRRL:0.21052631578947367	LETTRRLL:0.21052631578947367	MRVSPDIA:0.21052631578947367	VDAMRVSP:0.3157894736842105	EHPDWLVR:0.2631578947368421	EQGWQSWS:0.2631578947368421	QGWQSWSP:0.2631578947368421	WGLETTRR:0.21052631578947367	VVQIDDGY:0.2631578947368421	LGCGAPML:0.21052631578947367	DLPVDVVQ:0.21052631578947367	LPVDVVQI:0.21052631578947367	GCGAPMLP:0.2631578947368421	PVDVVQID:0.21052631578947367	LDLPVDVV:0.21052631578947367	CGAPMLPS:0.2631578947368421	VNDPDCLL:0.21052631578947367	PSQLGARL:0.21052631578947367	SQPSQLGA:0.21052631578947367	QPSQLGAR:0.21052631578947367	AVLDVTHP:0.21052631578947367	GRRAGIWL:0.21052631578947367	
