cluster number:29
GH130:170	GH130:170
NKGMALFP:0.5411764705882353	GNCGSPIE:0.6176470588235294	NGIEDARF:0.27058823529411763	EFVQIGNC:0.27647058823529413	KGMALFPR:0.6411764705882353	WLLLTHGV:0.2235294117647059	PWEFVQIG:0.2647058823529412	MALFPRKI:0.3	QIGNCGSP:0.4470588235294118	LLLTHGVG:0.2235294117647059	VQIGNCGS:0.27647058823529413	PNVVYTCG:0.3176470588235294	GIEDARFV:0.4470588235294118	GWLLLTHG:0.2235294117647059	IGNCGSPI:0.4176470588235294	YVPNVVYT:0.3176470588235294	NPSIVPHP:0.25882352941176473	WEFVQIGN:0.27647058823529413	ALFNPSIV:0.35294117647058826	EGYVPNVV:0.5235294117647059	NVVYTCGA:0.3	FVQIGNCG:0.2823529411764706	GMALFPRK:0.3941176470588235	PIELDEGW:0.2411764705882353	IELDEGWL:0.2411764705882353	YYATYTAY:0.27647058823529413	EREGYVPN:0.47058823529411764	GYVPNVVY:0.7941176470588235	REGYVPNV:0.6588235294117647	PSIVPHPD:0.24705882352941178	VPNVVYTC:0.3176470588235294	SIVPHPDQ:0.24705882352941178	YVPNVVYS:0.47058823529411764	VPNVVYSC:0.47058823529411764	PNVVYSCG:0.47058823529411764	ATYTAYDG:0.21176470588235294	NCGSPIET:0.2823529411764706	GEGHISSV:0.21176470588235294	AALFNPSI:0.2235294117647059	VGEGHISS:0.4	GEGHISSI:0.3058823529411765	VPHPDQSG:0.22941176470588234	IVPHPDQS:0.2	LRAVGEGH:0.2823529411764706	SLRAVGEG:0.2823529411764706	EDARFVRF:0.2	GVGAMRKY:0.24705882352941178	NVVYSCGA:0.22941176470588234	HGVGAMRK:0.24705882352941178	LVLTHGVG:0.2647058823529412	THGVGPMR:0.27647058823529413	WLVLTHGV:0.25882352941176473	GWLVLTHG:0.25882352941176473	AAALMNPS:0.20588235294117646	AVGEGHIS:0.32941176470588235	RNKGMALF:0.3176470588235294	LTHGVGAM:0.21176470588235294	THGVGAMR:0.2647058823529412	RAVGEGHI:0.32941176470588235	AARNKGMA:0.21764705882352942	ARNKGMAL:0.22941176470588234	
