cluster number:4
GT69:18	GT69:18
VRSCWGGM:0.6111111111111112	LSIYENDS:0.4444444444444444	NPYVRVAY:0.2777777777777778	SIYENDSG:0.3888888888888889	NRALRPLD:0.3888888888888889	DAVRVRSC:0.3888888888888889	PYVRVAYD:0.2222222222222222	SCWGGMVA:0.5555555555555556	RVRSCWGG:0.5	AVRVRSCW:0.4444444444444444	RSCWGGMV:0.5	IYENDSGP:0.2222222222222222	EVRNRALR:0.3333333333333333	RNRALRPL:0.5555555555555556	VRVRSCWG:0.5	VRNRALRP:0.3333333333333333	MGLPFFPW:0.2777777777777778	GLPFFPWF:0.3333333333333333	ASECCLIH:0.2222222222222222	AEVRNRAL:0.3333333333333333	YDTYATRD:0.5	DTGIYMNP:0.2222222222222222	PFVRVAYD:0.2222222222222222	IYMNPFVR:0.2777777777777778	ECCLIHAD:0.5	GGMVAFDA:0.3888888888888889	VLAGKDAV:0.3333333333333333	CCLIHADI:0.3888888888888889	QYRAACAV:0.3333333333333333	PFKFYDTY:0.2777777777777778	VFLSIYEN:0.4444444444444444	GIYMNPFV:0.2777777777777778	DVLAGKDA:0.3333333333333333	AQYRAACA:0.3333333333333333	CWGGMVAF:0.3888888888888889	FWEASECC:0.2777777777777778	KFYDTYAT:0.3333333333333333	FPWFTSAG:0.2222222222222222	FLSIYEND:0.3888888888888889	FKFYDTYA:0.3333333333333333	SECCLIHA:0.5	DNVFLSIY:0.2777777777777778	NVFLSIYE:0.3888888888888889	MNPFVRVA:0.2777777777777778	WGGMVAFD:0.3888888888888889	NPFVRVAY:0.2777777777777778	TGIYMNPF:0.2777777777777778	FYDTYATR:0.3333333333333333	WEASECCL:0.2777777777777778	NPFKFYDT:0.3333333333333333	YMNPFVRV:0.2777777777777778	EASECCLI:0.2777777777777778	YRAACAVD:0.5	FFPWFTSA:0.2222222222222222	RAACAVDF:0.5	LAEVRNRA:0.3333333333333333	ACAVDFIN:0.3333333333333333	AACAVDFI:0.3888888888888889	DTYATRDL:0.2777777777777778	INPFKFYD:0.2222222222222222	CLIHADIQ:0.2222222222222222	VDFINPFK:0.2222222222222222	FINPFKFY:0.2222222222222222	DKLLYLND:0.2777777777777778	DFINPFKF:0.2222222222222222	CAVDFINP:0.2222222222222222	AVDFINPF:0.2222222222222222	AGKDAVRV:0.2222222222222222	LAGKDAVR:0.2222222222222222	DAVRVKSC:0.2222222222222222	KDAVRVKS:0.2222222222222222	VRVKSCWG:0.2222222222222222	RVKSCWGG:0.2222222222222222	AVRVKSCW:0.2222222222222222	
