cluster number:5
GT69:19	GT69:19
HCALSIVE:0.2631578947368421	CPEDILEL:0.21052631578947367	CALSIVEG:0.6842105263157895	NGATAFTA:0.2631578947368421	GNWNSAWN:0.2631578947368421	DGNWNSAW:0.2631578947368421	EVLAALRP:0.21052631578947367	WNGATAFT:0.2631578947368421	MTCAMDWT:0.2631578947368421	CWNGATAF:0.2631578947368421	DILELVHQ:0.21052631578947367	EAIRFLGP:0.3684210526315789	YFFALDLR:0.21052631578947367	QVFSCWNG:0.3157894736842105	PFQVFSCW:0.2631578947368421	GADMTCAM:0.21052631578947367	FQVFSCWN:0.2631578947368421	DPTFYDVW:0.47368421052631576	ADMTCAMD:0.5789473684210527	VEAIRFLG:0.2631578947368421	TCAMDWTY:0.2631578947368421	PPEKVKCM:0.2631578947368421	DMTCAMDW:0.42105263157894735	VFSCWNGA:0.2631578947368421	PEKVKCMP:0.2631578947368421	GYRKIAVV:0.21052631578947367	QLRNLALE:0.21052631578947367	CFQGEPQL:0.2631578947368421	RCALSIVE:0.21052631578947367	EPPEKVKC:0.21052631578947367	ATAFTAAP:0.21052631578947367	RNLALEPL:0.2631578947368421	TVLFINDV:0.2631578947368421	LPFQVFAC:0.21052631578947367	PDPTFYDV:0.21052631578947367	ALSIVEGN:0.5263157894736842	WVARTLAG:0.21052631578947367	QLFCKDLW:0.3684210526315789	PFQVFACW:0.47368421052631576	PQLFCKDL:0.3684210526315789	LNADMTCA:0.2631578947368421	SIVEGNSP:0.3157894736842105	VFACWNGA:0.47368421052631576	VLFINDVA:0.2631578947368421	QGEPQLFC:0.47368421052631576	QVFACWNG:0.47368421052631576	YDVWVART:0.2631578947368421	VWVARTLA:0.21052631578947367	AQLRNLAL:0.2631578947368421	GNSPDGTA:0.3684210526315789	GPDPTFYD:0.2631578947368421	PTFYDVWV:0.3684210526315789	EGNSPDGT:0.3684210526315789	KIAVVPSV:0.2631578947368421	SLYLGRDH:0.21052631578947367	SPDGTADV:0.2631578947368421	KLAQLRNL:0.2631578947368421	RKIAVVPS:0.21052631578947367	LRNLALEP:0.2631578947368421	GEPQLFCK:0.47368421052631576	IVEGNSPD:0.3157894736842105	GATAFTAA:0.21052631578947367	LFCKDLWH:0.2631578947368421	LAQLRNLA:0.2631578947368421	FQVFACWN:0.47368421052631576	EKVKCMPS:0.21052631578947367	NSPDGTAD:0.2631578947368421	EPQLFCKD:0.47368421052631576	TTVLFIND:0.2631578947368421	FCKDLWHK:0.21052631578947367	NADMTCAM:0.2631578947368421	FQGEPQLF:0.2631578947368421	DVWVARTL:0.21052631578947367	FACWNGAT:0.2631578947368421	FYDVWVAR:0.42105263157894735	VEGNSPDG:0.3157894736842105	ACWNGATA:0.2631578947368421	LSIVEGNS:0.5789473684210527	YRKIAVVP:0.21052631578947367	CKDLWHKG:0.21052631578947367	PDGTADVL:0.2631578947368421	TFYDVWVA:0.3684210526315789	ECFQGEPQ:0.2631578947368421	CAMDWTYV:0.2631578947368421	AMDWTYVG:0.2631578947368421	FSCWNGAA:0.21052631578947367	FACWNGAV:0.21052631578947367	FFALNLRN:0.21052631578947367	NSAWNLFW:0.21052631578947367	SAWNLFWN:0.3157894736842105	WNSAWNLF:0.21052631578947367	NWNSAWNL:0.21052631578947367	PSVNLEYS:0.21052631578947367	
