cluster number:1
GT69:24	GT69:24|2.4.1.-:1
RRIPYLAR:0.2916666666666667	VKSCWNGM:0.2916666666666667	FLNDVVFT:0.375	YESGSWDD:0.20833333333333334	IHADNPLS:0.3333333333333333	RGIPDSLA:0.375	DTFALRDS:0.3333333333333333	FCLINEMQ:0.4583333333333333	ELRRIPYL:0.5	ECCLIHAD:0.9583333333333334	LRRIPYLA:0.5416666666666666	PYLARLRN:0.2916666666666667	VSVYESGS:0.3333333333333333	FRGIPDSL:0.375	KSCWNGMV:0.2916666666666667	PVKSCWNG:0.3333333333333333	CCLIHADN:0.9583333333333334	FVSVYESG:0.3333333333333333	VPVKSCWN:0.2916666666666667	CLIHADNP:0.75	LFLNDVVF:0.4166666666666667	LINEMQVL:0.5	LEGSECCL:0.5	SECCLIHA:0.8333333333333334	IPYLARLR:0.2916666666666667	VFVSVYES:0.25	EGSECCLI:0.75	HLEGSECC:0.5	PVPVKSCW:0.2916666666666667	LRFRGIPD:0.25	CLINEMQV:0.5833333333333334	RFRGIPDS:0.20833333333333334	YYDTFALR:0.5833333333333334	SVYESGSW:0.3333333333333333	LIHADNPL:0.5833333333333334	YDTFALRD:1.0	GSECCLIH:0.75	VYESGSWD:0.3333333333333333	RIPYLARL:0.2916666666666667	INEMQVLV:0.2916666666666667	NVFVSVYE:0.25	HVEGSECC:0.25	AACSLDFS:0.5416666666666666	SYAAACSL:0.20833333333333334	AAACSLDF:0.5416666666666666	ACSLDFSR:0.25	YAAACSLD:0.5416666666666666	VEGSECCL:0.25	ESGSWDDS:0.20833333333333334	SGSWDDSK:0.20833333333333334	PVASCWNG:0.2916666666666667	ACSLDFSK:0.25	SLDFSKPP:0.2916666666666667	VPVASCWN:0.2916666666666667	VLFLNDVV:0.25	DKVLFLND:0.20833333333333334	FDKVLFLN:0.20833333333333334	CSLDFSKP:0.2916666666666667	RELRRIPY:0.20833333333333334	KVLFLNDV:0.20833333333333334	WNGIVAMP:0.2916666666666667	FYDTFALR:0.2916666666666667	NPNVRVGY:0.2916666666666667	SCWNGIVA:0.375	PVSSCWNG:0.20833333333333334	CWNGIVAM:0.3333333333333333	IASLHWNN:0.20833333333333334	GSYAAACS:0.20833333333333334	DTFALRDA:0.20833333333333334	RIPYLAKL:0.20833333333333334	RRIPYLAK:0.20833333333333334	IPYLAKLR:0.20833333333333334	PYLAKLRN:0.20833333333333334	LRNRAMEP:0.20833333333333334	TFALRDIE:0.20833333333333334	DTFALRDI:0.3333333333333333	FALRDIEG:0.20833333333333334	
