cluster number:27
CBM5:49	CBM5:49|GH18:44|CBM73:14|3.2.1.14:7|CBM12:6|AA10:5|CBM10:1|CBM35:1|GH5_7:1|3.2.1.78:1|1.-.-.-:1
AKWWTQNE:0.3877551020408163	YTAKWWTQ:0.46938775510204084	NYTAKWWT:0.3673469387755102	TAKWWTQN:0.30612244897959184	WWTQNESP:0.2857142857142857	HNYTAKWW:0.24489795918367346	KWWTQNES:0.2857142857142857	TQNESPAT:0.2653061224489796	WTQNESPA:0.2653061224489796	MTWSINWD:0.2653061224489796	THSGQWDV:0.20408163265306123	ATHSGQWD:0.20408163265306123	HSGQWDVW:0.20408163265306123	PATHSGQW:0.20408163265306123	IDIDWEYP:0.24489795918367346	EDYKVLKN:0.24489795918367346	YEAGIEDY:0.2857142857142857	GIGFYGRG:0.30612244897959184	TYEAGIED:0.24489795918367346	FDGIDIDW:0.24489795918367346	LGGAFFWE:0.2653061224489796	AGIEDYKV:0.2857142857142857	IEDYKVLK:0.32653061224489793	VFDGIDID:0.24489795918367346	IGFYGRGW:0.30612244897959184	GIEDYKVL:0.3673469387755102	DGIDIDWE:0.2653061224489796	GTYEAGIE:0.24489795918367346	APGTYEAG:0.20408163265306123	EAGIEDYK:0.2857142857142857	GIDIDWEY:0.24489795918367346	GFYGRGWT:0.3469387755102041	FFWELSGD:0.2653061224489796	FYGRGWTG:0.2653061224489796	IGDSYADY:0.20408163265306123	YGRGWTGV:0.2653061224489796	SFNQLRKL:0.22448979591836735	GWTWSGGF:0.32653061224489793	DWEYPNAC:0.20408163265306123	WEYPNACG:0.20408163265306123	LGIGFYGR:0.2653061224489796	GSFNQLRK:0.22448979591836735	GGWTWSGG:0.32653061224489793	FWELSGDT:0.2653061224489796	WSFGGWTW:0.30612244897959184	FNQLRKLK:0.2857142857142857	FGGWTWSG:0.2857142857142857	SFGGWTWS:0.30612244897959184	RGSFNQLR:0.22448979591836735	LRGSFNQL:0.22448979591836735	SVDGVADT:0.2857142857142857	RWADVFDG:0.22448979591836735	DGVADTWD:0.2857142857142857	VDGVADTW:0.2857142857142857	DIDWEYPN:0.24489795918367346	GAAPGTYE:0.22448979591836735	GRGWTGVT:0.20408163265306123	LLGIGFYG:0.20408163265306123	
