cluster number:52
CBM5:27	CBM5:27|GH18:19|GH20:1
YTVTLTVT:0.2962962962962963	TVTDDDGA:0.2222222222222222	TYTGGDQV:0.2222222222222222	ASFTVSPS:0.2222222222222222	LRKASALS:0.2222222222222222	DYTVTLTV:0.25925925925925924	KASALSAL:0.2222222222222222	ILRKASAL:0.2222222222222222	RKASALSA:0.2222222222222222	LTVTDDDG:0.2222222222222222	VTLTVTDD:0.25925925925925924	ASALSALA:0.25925925925925924	TVTLTVTD:0.2962962962962963	TASAADCS:0.2222222222222222	GDYTVTLT:0.25925925925925924	LWTAEWWT:0.37037037037037035	YTGGDQVT:0.25925925925925924	WWTKGTEP:0.2222222222222222	GDQVTYDG:0.2222222222222222	WTAEWWTQ:0.2222222222222222	GGDQVTYD:0.2222222222222222	LTVTDADG:0.2222222222222222	DGIDIDWE:0.2222222222222222	GTEPAESE:0.25925925925925924	
