cluster number:72
CBM5:28	CBM5:28|AA10:26
VNTPDYLN:0.21428571428571427	GYWWPEDG:0.32142857142857145	FWQFYLTK:0.42857142857142855	MDSPKARQ:0.42857142857142855	HGYMDSPK:0.42857142857142855	GDAILYSR:0.25	DVVGEGFY:0.5357142857142857	ILYSRWQR:0.2857142857142857	PHNPSFWQ:0.6785714285714286	VGEGFYNC:0.5357142857142857	EGFYNCSD:0.8928571428571429	FYNCSDIN:0.21428571428571427	WQFYLTKP:0.42857142857142855	NTPDYLNQ:0.21428571428571427	LGYFVRQG:0.21428571428571427	VVGEGFYN:0.5357142857142857	DSPKARQA:0.35714285714285715	AILYSRWQ:0.2857142857142857	YNCSDINI:0.21428571428571427	GEGFYNCS:0.8928571428571429	AHGYMDSP:0.42857142857142855	HNPSFWQF:0.6785714285714286	NPSFWQFY:0.5357142857142857	PSFWQFYL:0.5357142857142857	GFYNCSDI:0.7142857142857143	SFWQFYLT:0.42857142857142855	YMDSPKAR:0.42857142857142855	TPHNPSFW:0.9285714285714286	GGYWWPED:0.2857142857142857	NIPNLACR:0.35714285714285715	DAILYSRW:0.25	GYFVRQGQ:0.25	GYMDSPKA:0.42857142857142855	HVHAFDDE:0.2857142857142857	DGTLCAAG:0.21428571428571427	WPEDGSNI:0.21428571428571427	TTPHNPSF:0.6785714285714286	VHVHAFDD:0.21428571428571427	PDGTLCAA:0.21428571428571427	ATTPHNPS:0.6785714285714286	YWWPEDGS:0.25	EDGSNIPN:0.21428571428571427	IPNAACRA:0.2857142857142857	WWPEDGSN:0.21428571428571427	PEDGSNIP:0.21428571428571427	PNAACRAA:0.2857142857142857	PNLACRAA:0.4642857142857143	RATTPHNP:0.6071428571428571	IPNLACRA:0.4642857142857143	AQGGYWWP:0.2857142857142857	AGEGFYNC:0.39285714285714285	PKARQAIC:0.39285714285714285	QAQGGYWW:0.21428571428571427	NLACRAAF:0.39285714285714285	FYNCSDIT:0.32142857142857145	KARQAICQ:0.21428571428571427	GSNIPNLA:0.2857142857142857	LACRAAFL:0.39285714285714285	YNCSDITI:0.2857142857142857	SNIPNLAC:0.2857142857142857	FRATTPHN:0.35714285714285715	DGSNIPNL:0.2857142857142857	CQAQGGYW:0.21428571428571427	MDFPKARQ:0.21428571428571427	DGKRYYEM:0.32142857142857145	CRAAFLES:0.25	ACRAAFLE:0.2857142857142857	YRATTPHN:0.25	RYRATTPH:0.25	RAAFLESG:0.25	QFYLTKPG:0.21428571428571427	PDGKRYYE:0.2857142857142857	DDVVGEGF:0.25	WQRDDVVG:0.25	EQGGFWWP:0.21428571428571427	QGGFWWPK:0.21428571428571427	RDDVVGEG:0.25	GFWWPKDG:0.21428571428571427	LHVHAFDD:0.21428571428571427	GGFWWPKD:0.21428571428571427	QRDDVVGE:0.25	RWQRDDVV:0.25	APDGKRYY:0.21428571428571427	FWWPKDGS:0.21428571428571427	RFRATTPH:0.25	VRFRATTP:0.21428571428571427	SPKARQAI:0.21428571428571427	
