cluster number:68
CBM5:28	CBM5:28|GH18:28|3.2.1.14:1
AVWLTLPV:0.39285714285714285	PTLPAGTY:0.2857142857142857	RIARLQQQ:0.21428571428571427	LAVWLTLP:0.4642857142857143	DRRIARLQ:0.21428571428571427	GDVPDNPV:0.21428571428571427	TLPAGTYP:0.2857142857142857	VYQAKWWT:0.32142857142857145	LDLDRRIA:0.35714285714285715	RRIARLQQ:0.21428571428571427	LDRRIARL:0.35714285714285715	AKWWTQGD:0.21428571428571427	YVDVTATP:0.5	GYVDVTAT:0.32142857142857145	AGVNAMTM:0.21428571428571427	DLDRRIAR:0.35714285714285715	GATPMIGQ:0.6071428571428571	TPMIGQND:0.7857142857142857	LIGPVLPG:0.35714285714285715	LGATPMIG:0.2857142857142857	ATPMIGQN:0.5357142857142857	PLAVWLTL:0.25	FAGYVDVT:0.2857142857142857	PMIGQNDI:0.21428571428571427	AGYVDVTA:0.2857142857142857	VSDACSGV:0.32142857142857145	WLTLPVAP:0.5	TLPVAPTG:0.21428571428571427	LGRMSMWS:0.21428571428571427	VWLTLPVA:0.5	SMWSANRD:0.21428571428571427	VVSDACSG:0.25	KPWFASYV:0.21428571428571427	VDVTATPR:0.21428571428571427	TIDLDLEG:0.21428571428571427	NVYQAKWW:0.25	HNVYQAKW:0.25	TVVSDACS:0.25	LTLPVAPT:0.21428571428571427	PWFASYVD:0.21428571428571427	AGVNVMTM:0.2857142857142857	GVNVMTMD:0.2857142857142857	LTPMIGQN:0.25	GLTPMIGQ:0.25	IGATPMIG:0.21428571428571427	PMIGQNDV:0.2857142857142857	MSMWSLNR:0.2857142857142857	GVDLAGVN:0.21428571428571427	GRMSMWSL:0.25	NVYEAKWW:0.21428571428571427	SMWSLNRD:0.32142857142857145	VYEAKWWT:0.21428571428571427	RMSMWSLN:0.2857142857142857	DPATSPYP:0.21428571428571427	KIGLTPMI:0.21428571428571427	IGLTPMIG:0.21428571428571427	IGPVLPGD:0.25	DDPATSPY:0.25	VVLSFIVA:0.21428571428571427	WRKIGLTP:0.21428571428571427	
