cluster number:25
CBM5:37	CBM5:37|GH18:27|CBM12:25|3.2.1.14:6|CBM73:4|AA10:3|GH19:3|GH8:1
GVFDGIDI:0.24324324324324326	FYGRGWTG:0.2972972972972973	EDYKVLKN:0.2702702702702703	PTPTPVTP:0.21621621621621623	DYKVLKNA:0.2702702702702703	GGWTWSKW:0.40540540540540543	IDIDWEFP:0.3783783783783784	WTWSKWFS:0.3783783783783784	TDALRKQL:0.32432432432432434	LKGNFNQL:0.24324324324324326	PFYGRGWT:0.2972972972972973	YGRGWTGV:0.40540540540540543	FDGIDIDW:0.5675675675675675	LTFINYAF:0.32432432432432434	GIDIDWEF:0.3783783783783784	GIPFYGRG:0.21621621621621623	SLGGWTWS:0.43243243243243246	GWTWSKWF:0.40540540540540543	DALRKQLV:0.32432432432432434	TFINYAFG:0.32432432432432434	IEDYKVLK:0.24324324324324326	IPFYGRGW:0.21621621621621623	VFDGIDID:0.2702702702702703	FINYAFGN:0.32432432432432434	VTYNGRNY:0.21621621621621623	GIEDYKVL:0.24324324324324326	IDWEFPGV:0.21621621621621623	DGIDIDWE:0.5675675675675675	TPTPTPTP:0.5135135135135135	ISLGGWTW:0.43243243243243246	LGGWTWSK:0.40540540540540543	DIDWEFPG:0.32432432432432434	KGNFNQLK:0.24324324324324326	KVLKNAAG:0.2702702702702703	VLKNAAGT:0.21621621621621623	YKVLKNAA:0.24324324324324326	PTPTPTPV:0.24324324324324326	WWTQGDNP:0.21621621621621623	QGDNPAQS:0.21621621621621623	TQGDNPAQ:0.21621621621621623	WTQGDNPA:0.21621621621621623	GDNPAQSG:0.2702702702702703	LAEFRKQL:0.24324324324324326	TPTPTPAP:0.21621621621621623	AEFRKQLD:0.2702702702702703	LLAEFRKQ:0.24324324324324326	APTPTPTP:0.2702702702702703	PTPTPTPT:0.43243243243243246	PTPTPTPS:0.21621621621621623	LLLAEFRK:0.24324324324324326	PTPTPTPA:0.24324324324324326	PAPTPTPT:0.2972972972972973	TPTPAPTP:0.24324324324324326	LTVAIGAG:0.24324324324324326	PTPAPTPA:0.21621621621621623	TPAPTPTP:0.2972972972972973	TPAPTPAP:0.21621621621621623	PTPAPTPT:0.2702702702702703	ALVTHTAY:0.2972972972972973	THTAYVGA:0.21621621621621623	VTHTAYVG:0.2702702702702703	YKALVTHT:0.21621621621621623	PAPTPAPT:0.21621621621621623	APTPAPTP:0.21621621621621623	
