cluster number:7
CBM3:190	CBM3:190|GH9:184|CBM2:48|3.2.1.4:28|CBM64:4|GH48:3|CBM0:2|GH5_7:2|CBM10:2|CBM5:2|CBM4:2|CBM37:1|CE1:1|3.2.1.-:1|GH124:1|3.2.1.91:1
PMAYSAAV:0.21052631578947367	TGGWYDAG:0.6684210526315789	LPMAYSAA:0.2578947368421053	GDHVKFGL:0.41578947368421054	TPGGLAWL:0.3157894736842105	DYNAAFTG:0.3	KLLTHAKQ:0.21578947368421053	RSYVVGFG:0.22105263157894736	GGLAWLDQ:0.2	PGGLAWLD:0.21578947368421053	DYFLKAHT:0.21052631578947367	HHRTAHGS:0.5894736842105263	LTHAKQLY:0.24736842105263157	TDYFLKAH:0.21052631578947367	RHTLYGAL:0.32105263157894737	HAWWGPAE:0.25263157894736843	FGLPMAYS:0.28421052631578947	WGPAEVMP:0.3473684210526316	IKWATDYF:0.22631578947368422	DLTGGWYD:0.6421052631578947	TLYGALVG:0.3263157894736842	VSNEVATD:0.2	ITYTPGGL:0.2894736842105263	ATDYFLKA:0.21052631578947367	HRHTLYGA:0.24210526315789474	HDLTGGWY:0.26842105263157895	FLAFVYAD:0.20526315789473684	NWRGDSGL:0.26842105263157895	DVGHDLTG:0.2578947368421053	VGHDLTGG:0.2578947368421053	DYVSNEVA:0.2789473684210526	YTPGGLAW:0.3157894736842105	HPHHRTAH:0.3894736842105263	GGWYDAGD:0.7157894736842105	AFVYADWV:0.20526315789473684	LAWLDQWG:0.20526315789473684	GPAEVMPM:0.34210526315789475	HRTAHGSW:0.5894736842105263	YGALVGGP:0.7157894736842105	DAGDHVKF:0.8052631578947368	HTLYGALV:0.3263157894736842	LAFVYADW:0.2	LDQWGSLR:0.20526315789473684	VATDYNAA:0.22105263157894736	LFYEAQRS:0.2578947368421053	QILLARIT:0.2	AGDHVKFG:0.6526315789473685	YDAGDHVK:0.7	LNWRGDSG:0.21052631578947367	DHAWWGPA:0.25263157894736843	PHHRTAHG:0.6210526315789474	DQWGSLRY:0.20526315789473684	RLNWRGDS:0.24210526315789474	GKDVGHDL:0.21052631578947367	LEDGKDVG:0.22631578947368422	LYGALVGG:0.7315789473684211	FYNSWSGY:0.23684210526315788	YNAAFTGN:0.25263157894736843	HVKFGLPM:0.3526315789473684	TYTPGGLA:0.30526315789473685	GHDLTGGW:0.26842105263157895	LLTHAKQL:0.2578947368421053	MAYSAAVL:0.21052631578947367	EDGKDVGH:0.2	AAFLAFVY:0.26842105263157895	WATDYFLK:0.21052631578947367	GLPMAYSA:0.26842105263157895	NRSGWPAR:0.24736842105263157	DGKDVGHD:0.21052631578947367	NAAFLAFV:0.2578947368421053	AWWGPAEV:0.23157894736842105	VKFGLPMA:0.3526315789473684	YVSNEVAT:0.2	EVATDYNA:0.5	KDVGHDLT:0.21052631578947367	GLAWLDQW:0.20526315789473684	KFGLPMAY:0.2894736842105263	ERITYTPG:0.25263157894736843	GWYDAGDH:0.6947368421052632	ATDYNAAF:0.22105263157894736	DHVKFGLP:0.41578947368421054	FYEAQRSG:0.3368421052631579	RITYTPGG:0.2631578947368421	NEVATDYN:0.5473684210526316	TDYNAAFT:0.21052631578947367	WWGPAEVM:0.5105263157894737	SNEVATDY:0.24210526315789474	WYDAGDHV:0.6842105263157895	AFLAFVYA:0.20526315789473684	LTGGWYDA:0.6526315789473685	NYGEALQK:0.22105263157894736	VGLDLTGG:0.3368421052631579	HVLYGALV:0.23684210526315788	VLYGALVG:0.23684210526315788	GLDLTGGW:0.3368421052631579	RHVLYGAL:0.23157894736842105	DVGLDLTG:0.3263157894736842	TDYNAGFT:0.20526315789473684	VATDYNAG:0.2789473684210526	NYAEALQK:0.2631578947368421	ATDYNAGF:0.2578947368421053	KSILFYEA:0.20526315789473684	NPHHRTAH:0.22105263157894736	GDHVKFGF:0.2736842105263158	DDANRWLD:0.20526315789473684	YALGDNPR:0.22631578947368422	TAAAMAAS:0.2	ETAAAMAA:0.20526315789473684	YAEALQKS:0.20526315789473684	VKFGFPMA:0.26842105263157895	LDLTGGWY:0.23684210526315788	DHVKFGFP:0.2736842105263158	HVKFGFPM:0.26842105263157895	GALVGGPS:0.23157894736842105	RPAYKIDA:0.23157894736842105	
