cluster number:9
CBM3:11	CBM3:11|CBM62:1|CE3:1
VLHRDVDN:0.2727272727272727	LQVRNEGN:0.2727272727272727	GAFGYVEY:0.6363636363636364	ADTYLELS:0.2727272727272727	RQGAFGYV:0.45454545454545453	PRQGAFGY:0.45454545454545453	QGAFGYVE:0.6363636363636364	DTYLELSF:0.2727272727272727	GYVEYSFT:0.2727272727272727	QPRQGALG:0.2727272727272727	PRQGALGY:0.2727272727272727	RYYFTSDN:0.2727272727272727	LTVRYWFT:0.2727272727272727	SGPIENGI:0.2727272727272727	NGNSGPIE:0.2727272727272727	RYWFTSEG:0.2727272727272727	GADSYVEL:0.2727272727272727	AFGYVEYS:0.5454545454545454	FGYVEYSF:0.5454545454545454	QPRQGAFG:0.2727272727272727	TVYRNGVL:0.2727272727272727	ELTVRYWL:0.2727272727272727	LTVRYWLT:0.2727272727272727	
