cluster number:34
GT71:21	GT71:21
VLLLDSDN:0.5714285714285714	ENVLLLDS:0.5238095238095238	SGQLMISK:0.5238095238095238	LIVWPDFW:0.2857142857142857	VHANFPKL:0.2857142857142857	SFENVLLL:0.5238095238095238	EGDKETFL:0.47619047619047616	GDKETFLA:0.5714285714285714	GEGDKETF:0.6190476190476191	DKETFLAA:0.5714285714285714	GIVYVGGG:0.23809523809523808	SSESGQLM:0.2857142857142857	NVLLLDSD:0.5238095238095238	SSFENVLL:0.47619047619047616	ILFVHANF:0.2857142857142857	PSSESGQL:0.2857142857142857	LLLALYYN:0.5238095238095238	LSSFENVL:0.38095238095238093	YYYPLFSQ:0.42857142857142855	FVHANFPK:0.2857142857142857	YYPLFSQG:0.5238095238095238	SESGQLMI:0.5238095238095238	KETFLAAT:0.38095238095238093	ESGQLMIS:0.5238095238095238	FENVLLLD:0.5238095238095238	GQLMISKK:0.2857142857142857	GLIVWPDF:0.2857142857142857	LFVHANFP:0.2857142857142857	LLALYYNL:0.38095238095238093	LALYYNLY:0.38095238095238093	ALYYNLYG:0.38095238095238093	LDSDNIPA:0.23809523809523808	LLLDSDNI:0.42857142857142855	LYYNLYGP:0.38095238095238093	LLDSDNIP:0.42857142857142855	YVGGGKFN:0.23809523809523808	NWLTLLSI:0.3333333333333333	GYQYKALA:0.38095238095238093	LFSQGSDG:0.2857142857142857	SIPDPTSE:0.23809523809523808	PDPTSESG:0.2857142857142857	PTSESGQL:0.2857142857142857	WLTLLSIK:0.2857142857142857	YPLFSQGS:0.3333333333333333	PLLLALYY:0.23809523809523808	DPTSESGQ:0.2857142857142857	IPDPTSES:0.2857142857142857	FNWLTLLS:0.2857142857142857	KGYQYKAL:0.23809523809523808	PLFSQGSD:0.2857142857142857	LTLLSIKS:0.2857142857142857	GSIPDPTS:0.23809523809523808	TSESGQLM:0.23809523809523808	GQGDKETF:0.23809523809523808	
