cluster number:10
GT71:18	GT71:18
LPVEVLIP:0.2777777777777778	GTSGQGDK:0.2777777777777778	QGDKETFI:0.3888888888888889	GQGDKETF:0.4444444444444444	TSGQGDKE:0.2777777777777778	LILWPDIW:0.2222222222222222	SGQGDKET:0.4444444444444444	GIVTVGGG:0.3333333333333333	GLILWPDI:0.2222222222222222	SGEGDKET:0.5	GTSGEGDK:0.3888888888888889	TSGEGDKE:0.4444444444444444	GEGDKETF:0.5	FVHASYHK:0.2222222222222222	SQGTSGEG:0.2777777777777778	GTTLPVEV:0.3888888888888889	QGTSGEGD:0.3888888888888889	RGTTLPVE:0.3888888888888889	MFVHASYH:0.2222222222222222	RVTAPAFY:0.3888888888888889	LDVMFVHA:0.2222222222222222	TVGGGRYS:0.2222222222222222	VTVGGGRY:0.2222222222222222	IVTVGGGR:0.2222222222222222	LWPDIWKR:0.3888888888888889	WKRVTAPA:0.3888888888888889	LGKPYYQV:0.2222222222222222	ALGKPYYQ:0.2222222222222222	IWKRVTAP:0.3888888888888889	DKETFAMA:0.2222222222222222	DVMFVHAS:0.2222222222222222	KETFAMAA:0.2222222222222222	PLDVMFVH:0.2222222222222222	KRVTAPAF:0.3888888888888889	WPDIWKRV:0.3888888888888889	DIWKRVTA:0.3888888888888889	PDIWKRVT:0.3888888888888889	GDKETFAM:0.2222222222222222	FDLELFNF:0.2777777777777778	QGTSGQGD:0.2222222222222222	SQGTSGQG:0.2222222222222222	GDKETFIA:0.3333333333333333	ETFIAAAH:0.2777777777777778	DKETFIAA:0.3333333333333333	KETFIAAA:0.3333333333333333	FIAAAHAL:0.2777777777777778	TFIAAAHA:0.2777777777777778	ILWPDIWK:0.2777777777777778	KLPYYQVK:0.2222222222222222	GLLLSSFK:0.2222222222222222	SLTMLETL:0.2222222222222222	VTAPAFYK:0.2222222222222222	RGFRRKEV:0.2222222222222222	KHFRGFRR:0.2222222222222222	LTMLETLR:0.2222222222222222	IPPGDEGD:0.2222222222222222	FRGFRRKE:0.2222222222222222	VRMLKKVP:0.2222222222222222	KWYYKMLS:0.2222222222222222	MLSQGTSG:0.2222222222222222	SLYQQDFQ:0.2222222222222222	MLETLRDR:0.2222222222222222	YQQDFQQD:0.2222222222222222	WYYKMLSQ:0.2222222222222222	FHGISLYQ:0.2222222222222222	SLLLSAYY:0.2222222222222222	GFHGISLY:0.2222222222222222	KMLSQGTS:0.2222222222222222	ISLTMLET:0.2222222222222222	CNVVLPKL:0.2222222222222222	LETLRDRG:0.2222222222222222	LSQGTSGE:0.2222222222222222	DYCNVVLP:0.2222222222222222	QQDFQQDY:0.2222222222222222	VISLTMLE:0.2222222222222222	GFRRKEVI:0.2222222222222222	ISLYQQDF:0.2222222222222222	YYKMLSQG:0.2222222222222222	LKLPYYQV:0.2222222222222222	TMLETLRD:0.2222222222222222	SVISLTML:0.2222222222222222	GISLYQQD:0.2222222222222222	GKHFRGFR:0.2222222222222222	GKWYYKML:0.2222222222222222	HFRGFRRK:0.2222222222222222	YKMLSQGT:0.2222222222222222	LYQQDFQQ:0.2222222222222222	LLSAYYNI:0.2222222222222222	LLLSAYYN:0.2222222222222222	HGISLYQQ:0.2222222222222222	YCNVVLPK:0.2222222222222222	
