cluster number:5
GT71:11	GT71:11
RTGSTLPV:0.2727272727272727	TGSTLPVE:0.36363636363636365	LRRTGSTL:0.2727272727272727	RRTGSTLP:0.2727272727272727	LLLAAYYN:0.6363636363636364	GSTLPVEV:0.36363636363636365	GEGDKETF:0.9090909090909091	GLVTWPDF:0.45454545454545453	VLFLDADC:0.2727272727272727	LLAAYYNY:0.36363636363636365	TLLLAAYY:0.45454545454545453	LVTWPDFW:0.45454545454545453	SGSAMAQS:0.2727272727272727	PSHYFRLL:0.36363636363636365	AYYNYYGP:0.36363636363636365	SHYFRLLS:0.36363636363636365	YYGPSHYF:0.36363636363636365	LSGSAMAQ:0.2727272727272727	YAVSERVQ:0.2727272727272727	GDKETFLQ:0.36363636363636365	YFRLLSQG:0.36363636363636365	DGSDGRAW:0.2727272727272727	FEVPLTER:0.2727272727272727	FYAVSERV:0.2727272727272727	SAMAQSDP:0.2727272727272727	GSAMAQSD:0.2727272727272727	LPVEVYMK:0.2727272727272727	FIHANYPK:0.36363636363636365	DKETFLQA:0.36363636363636365	FFIHANYP:0.36363636363636365	LRMLRRTG:0.2727272727272727	VFAEPHDD:0.2727272727272727	GPGEGDKE:0.2727272727272727	RMLRRTGS:0.2727272727272727	FAEPHDDD:0.2727272727272727	ANYPKFNP:0.36363636363636365	PRVFFIHA:0.2727272727272727	HANYPKFN:0.36363636363636365	EGDKETFL:0.5454545454545454	YNYYGPSH:0.36363636363636365	PGEGDKET:0.6363636363636364	PFYAVSER:0.2727272727272727	IHANYPKF:0.36363636363636365	AVSERVQA:0.2727272727272727	EPFYAVSE:0.2727272727272727	TAFEVPLT:0.2727272727272727	YYNYYGPS:0.36363636363636365	GPSHYFRL:0.36363636363636365	PVEVYMKD:0.2727272727272727	GLSGSAMA:0.2727272727272727	HYFRLLSQ:0.36363636363636365	KETFLQAA:0.36363636363636365	YGPSHYFR:0.36363636363636365	NYPKFNPG:0.2727272727272727	AFEVPLTE:0.2727272727272727	NYYGPSHY:0.36363636363636365	EVPLTERQ:0.2727272727272727	EGDKETFI:0.2727272727272727	AVLFSSFE:0.36363636363636365	APGEGDKE:0.2727272727272727	TWPDFWAS:0.2727272727272727	GAPGEGDK:0.2727272727272727	FLVSKKTH:0.2727272727272727	WMDADCFP:0.2727272727272727	SSLRMLRR:0.2727272727272727	FAVLFSSF:0.36363636363636365	LAAYYNYY:0.2727272727272727	LLSQGAPG:0.2727272727272727	AAYYNYYG:0.2727272727272727	SQGAPGEG:0.2727272727272727	VTWPDFWA:0.2727272727272727	QGAPGEGD:0.2727272727272727	LSQGAPGE:0.2727272727272727	YQLKIFAV:0.2727272727272727	LKIFAVLF:0.2727272727272727	KIFAVLFS:0.2727272727272727	HYQLKIFA:0.2727272727272727	QLKIFAVL:0.2727272727272727	IFAVLFSS:0.2727272727272727	
