cluster number:17
GT71:6	GT71:6
EQESGQVL:0.5	FEQESGQV:0.5	CILPIELW:0.3333333333333333	KDLFRFAW:0.3333333333333333	ILPIELWY:0.3333333333333333	AIFWPDFW:0.6666666666666666	TGAIFWPD:0.3333333333333333	MFEQESGQ:0.6666666666666666	IFWPDFWL:0.3333333333333333	ESGQVLID:0.3333333333333333	GCILPIEL:0.3333333333333333	LDADNFAV:0.3333333333333333	LPIELWYR:0.3333333333333333	NFAVSDPT:0.3333333333333333	GDKDLFRF:0.3333333333333333	SGQVLIDR:0.3333333333333333	WGDKDLFR:0.5	DNFAVSDP:0.3333333333333333	GAIFWPDF:0.6666666666666666	QESGQVLI:0.3333333333333333	DLFRFAWM:0.3333333333333333	LLLDADNF:0.3333333333333333	DKDLFRFA:0.3333333333333333	LLDADNFA:0.3333333333333333	FWPDFWHP:0.3333333333333333	IFWPDFWH:0.3333333333333333	AVYYSNFE:0.3333333333333333	WPDFWHPR:0.3333333333333333	EMFEQESG:0.3333333333333333	FFHRNTIK:0.3333333333333333	EQESGQLL:0.5	ESGQLLIN:0.5	QESGQLLI:0.5	GDKDLFRL:0.3333333333333333	KDLFRLAW:0.3333333333333333	FEQESGQL:0.3333333333333333	GLAMIQHD:0.3333333333333333	CGLAMIQH:0.3333333333333333	DKDLFRLA:0.3333333333333333	SGQLLINR:0.3333333333333333	
