cluster number:47
GH78:563	GH78:563|CBM67:56|3.2.1.40:7|GH3:2|CBM6:1|3.1.1.73:1|GH18:1
MNSFNHYA:0.2344582593250444	FTFHGFRY:0.3552397868561279	QRDERLGW:0.6820603907637656	DCPQRDER:0.8081705150976909	PQRDERLG:0.6785079928952042	IPTDCPQR:0.2291296625222025	CPQRDERL:0.6785079928952042	TDCPQRDE:0.783303730017762	PTDCPQRD:0.8010657193605684	RLGWTGDI:0.22735346358792186	RDERLGWT:0.6891651865008881	ERLGWTGD:0.6909413854351687	DERLGWTG:0.6731793960923623	RLGWTGDA:0.4191829484902309	GWTGDAQV:0.21847246891651864	GATTIWER:0.42628774422735344	ATTIWERW:0.42628774422735344	TTIWERWD:0.33570159857904086	VPTDCPQR:0.5115452930728241	TIWERWDS:0.20959147424511546	LGWTGDAQ:0.35168738898756663	DVPTDCPQ:0.31261101243339257	MTSFNHYA:0.24866785079928952	DFGQNLVG:0.2291296625222025	SFNHYAYG:0.24866785079928952	NSFNHYAY:0.2113676731793961	TFHGFRYV:0.20426287744227353	
