cluster number:8
GT52:11	GT52:11
VYTLLSTA:0.36363636363636365	DYYFPHPR:0.45454545454545453	IFLGQPFE:0.2727272727272727	KIFLGQPF:0.45454545454545453	IDYYFPHP:0.36363636363636365	IKIFLGQP:0.2727272727272727	TPLQILIA:0.45454545454545453	TFDDGSAN:0.36363636363636365	YYFPHPRE:0.5454545454545454	FDDGSANI:0.2727272727272727	YFPHPREK:0.36363636363636365	ICFTPLQI:0.2727272727272727	FLGQPFEE:0.2727272727272727	CFTPLQIL:0.36363636363636365	FTPLQILI:0.36363636363636365	EVYTLLST:0.36363636363636365	PLQILIAK:0.2727272727272727	TFDDGTAN:0.2727272727272727	FDDGTANI:0.2727272727272727	
