cluster number:2
GH37:24	GH37:24|3.2.1.28:2
IPGSRFRE:0.2916666666666667	DFSSRWMR:0.3333333333333333	PESATIDE:0.25	IIPVDLNA:0.3333333333333333	VYYWDSYW:0.5	GWDFSSRW:0.5416666666666666	FREVYYWD:0.4166666666666667	EVYYWDSY:0.5	RFREVYYW:0.4166666666666667	FSSRWMRN:0.25	NRSQPPLL:0.4583333333333333	GSRFREVY:0.375	HSLWKNLS:0.20833333333333334	ETGWDFSS:0.20833333333333334	SLWKNLSR:0.20833333333333334	SRFREVYY:0.375	AETGWDFS:0.25	PGSRFREV:0.375	HKVTIRDL:0.20833333333333334	YWDSYWII:0.20833333333333334	NQWLDYWL:0.20833333333333334	TGWDFSSR:0.20833333333333334	RWIRTNYA:0.20833333333333334	PRPESATI:0.375	RPESATID:0.375	RSQPPLLS:0.375	WDFSSRWM:0.5416666666666666	REVYYWDS:0.4583333333333333	WSNGVVLA:0.25	WDFSTRWM:0.20833333333333334	APLQHMLV:0.20833333333333334	GEYVPQTG:0.20833333333333334	SGWDFSTR:0.20833333333333334	GWSNGVVL:0.3333333333333333	FGWSNGVV:0.3333333333333333	ESGWDFST:0.20833333333333334	GFVLNGAR:0.25	DSYWVIRG:0.20833333333333334	EYVPQTGF:0.20833333333333334	YGFVLNGA:0.25	YYWDSYWV:0.375	GWAPLQHM:0.3333333333333333	ASNFVPLW:0.4583333333333333	NGWAPLQH:0.5416666666666666	TGFGWSNG:0.5416666666666666	VLNGARAY:0.25	QPPLLSAM:0.20833333333333334	LEEFGWPE:0.20833333333333334	QWDFPNGW:0.6666666666666666	EEFGWPED:0.20833333333333334	WAPLQHML:0.20833333333333334	PNGWAPLQ:0.5416666666666666	FPNGWAPL:0.4583333333333333	DFPNGWAP:0.5833333333333334	LNGARAYY:0.2916666666666667	WDSYWVIR:0.20833333333333334	PQTGFGWS:0.4583333333333333	LASAAESG:0.2916666666666667	PLQHMLVE:0.20833333333333334	YWDSYWVI:0.2916666666666667	LQHMLVEG:0.20833333333333334	GGGGEYVP:0.20833333333333334	SAAESGWD:0.3333333333333333	AAESGWDF:0.375	ASAAESGW:0.3333333333333333	GQQWDFPN:0.5833333333333334	GGEYVPQT:0.20833333333333334	GGGEYVPQ:0.20833333333333334	SQPPLLSA:0.20833333333333334	HTLLPLPG:0.25	GWDFSTRW:0.20833333333333334	FASNFVPL:0.4166666666666667	SYWVIRGL:0.20833333333333334	DFSTRWMR:0.25	VPQTGFGW:0.20833333333333334	YVPQTGFG:0.20833333333333334	AESGWDFS:0.5416666666666666	SGQQWDFP:0.2916666666666667	GFGWSNGV:0.4583333333333333	IPVDLNAF:0.375	QTGFGWSN:0.5416666666666666	QQWDFPNG:0.5833333333333334	WDFPNGWA:0.5833333333333334	SLPALLKE:0.2916666666666667	WNSPRPES:0.20833333333333334	AAETGWDF:0.20833333333333334	LLKEHSFW:0.20833333333333334	PVDLNAFL:0.2916666666666667	MWNKPRPE:0.20833333333333334	SKMYETAK:0.20833333333333334	AMWNKPRP:0.20833333333333334	LSRYYAMW:0.20833333333333334	WNKPRPES:0.2916666666666667	RSLPALLK:0.20833333333333334	SGWDFSSR:0.3333333333333333	NTGQQWDF:0.2916666666666667	TGQQWDFP:0.2916666666666667	VDLNAFLL:0.20833333333333334	HSLSRYYA:0.20833333333333334	GQWLDYWL:0.20833333333333334	ESGWDFSS:0.3333333333333333	SRYYAMWN:0.20833333333333334	YYTNRSQP:0.2916666666666667	YTNRSQPP:0.2916666666666667	TNRSQPPL:0.2916666666666667	
