cluster number:14
GT90:6	GT90:6
DGNGWSGR:0.6666666666666666	WSGRFHRL:0.8333333333333334	QPWVHYVP:0.3333333333333333	FTAWPGPR:0.3333333333333333	RFHRLMST:0.3333333333333333	STIFPEWY:0.5	SLVLKSTI:0.3333333333333333	GNGWSGRF:0.6666666666666666	VDGNGWSG:0.6666666666666666	SGRFHRLM:0.6666666666666666	NEYKYMLD:0.3333333333333333	LKSTIFPE:0.5	TIFPEWYS:0.3333333333333333	IQPWVHYV:0.3333333333333333	TAWPGPRP:0.3333333333333333	IHGFTAWP:0.3333333333333333	KSTIFPEW:0.5	GFTAWPGP:0.3333333333333333	HGFTAWPG:0.3333333333333333	GWSGRFHR:0.6666666666666666	DVDGNGWS:0.6666666666666666	VLKSTIFP:0.5	NSLVLKST:0.3333333333333333	GRFHRLMS:0.5	IFPEWYSD:0.3333333333333333	LVLKSTIF:0.3333333333333333	NGWSGRFH:0.6666666666666666	AWPGPRPG:0.3333333333333333	LWRGSTTG:0.5	VHYVPVKT:0.3333333333333333	IDVDGNGW:0.3333333333333333	HYVPVKTD:0.3333333333333333	WVHYVPVK:0.3333333333333333	PPKGFDDW:0.3333333333333333	KLLWRGST:0.3333333333333333	LLWRGSTT:0.3333333333333333	
