cluster number:7
PL7:17	PL7_3:14|CBM32:11|PL7:4|CBM47:3|CBM6:3|PL6:2|CBM16:1|4.2.2.3:1
WSVSGFPQ:0.23529411764705882	TRWSVSGF:0.23529411764705882	RWSVSGFP:0.23529411764705882	WKITYPDG:0.4117647058823529	LFLSFNGG:0.6470588235294118	GTTPNSSY:0.29411764705882354	KHYVYYSE:0.29411764705882354	LSFNGGKL:0.29411764705882354	ATQIHGNK:0.47058823529411764	KQAITHLP:0.5882352941176471	YIRSELRE:0.4117647058823529	RSNNGTTP:0.29411764705882354	GEVVVYDF:0.4117647058823529	QWKITYPD:0.4117647058823529	YLVKDGSN:0.29411764705882354	RSELRERE:0.29411764705882354	YGEVVVYD:0.5294117647058824	EVVVYDFW:0.23529411764705882	VYYSEDGN:0.23529411764705882	YFKIGNYT:0.5294117647058824	AITHLPIV:0.23529411764705882	ITHLPIVK:0.23529411764705882	SFNGGKLR:0.35294117647058826	NSSYIRSE:0.23529411764705882	TPNSSYIR:0.23529411764705882	IRSELRER:0.6470588235294118	YVYYSEDG:0.29411764705882354	NYGEVVVY:0.5294117647058824	SYIRSELR:0.23529411764705882	FLSFNGGK:0.29411764705882354	PNSSYIRS:0.23529411764705882	LVATQIHG:0.7058823529411765	QAITHLPI:0.6470588235294118	SNNGTTPN:0.29411764705882354	GKHYVYYS:0.23529411764705882	HLFLSFNG:0.7058823529411765	YYSEDGNL:0.4117647058823529	VATQIHGN:0.47058823529411764	TTPNSSYI:0.23529411764705882	IGNYTQSN:0.5294117647058824	SYFKIGNY:0.35294117647058826	SSYIRSEL:0.23529411764705882	NGTTPNSS:0.35294117647058826	GNYTQSNS:0.29411764705882354	FKIGNYTQ:0.5294117647058824	HYVYYSED:0.29411764705882354	HLVATQIH:0.6470588235294118	NQWKITYP:0.5882352941176471	KIGNYTQS:0.5294117647058824	NNGTTPNS:0.29411764705882354	YFKVGNYT:0.35294117647058826	EEDKTLCG:0.23529411764705882	DNGTTPNS:0.35294117647058826	RSDNGTTP:0.29411764705882354	EDKTLCGE:0.4117647058823529	NIRSELRE:0.23529411764705882	FKVGNYTQ:0.35294117647058826	VGNYTQSN:0.35294117647058826	YVKQAITH:0.47058823529411764	AITHLPIN:0.23529411764705882	NNYGEVVV:0.29411764705882354	QWKITYPT:0.29411764705882354	VKQAITHL:0.47058823529411764	SDNGTTPN:0.29411764705882354	KVGNYTQS:0.35294117647058826	GNYTQSNP:0.29411764705882354	ASSYLVKD:0.23529411764705882	DGKHYCYY:0.29411764705882354	DAMVLRLE:0.4117647058823529	DYVMDLNY:0.23529411764705882	IDDAMVLR:0.4117647058823529	YCYYSEDG:0.29411764705882354	NDYVMDLN:0.23529411764705882	GKHYCYYS:0.35294117647058826	DDAMVLRL:0.4117647058823529	KHYCYYSE:0.35294117647058826	GIDDAMVL:0.4117647058823529	HYCYYSED:0.29411764705882354	AMVLRLEG:0.29411764705882354	GEEDKTLC:0.23529411764705882	PSDLMSNC:0.23529411764705882	VFRAPIRS:0.29411764705882354	RAPIRSNN:0.23529411764705882	TVHEVIFE:0.23529411764705882	NGTTPNSD:0.29411764705882354	SDLMSNCN:0.23529411764705882	CNQWKITY:0.47058823529411764	GTHVVYVK:0.29411764705882354	PIRSNNGT:0.23529411764705882	VHEVIFEV:0.29411764705882354	YSLGTVHE:0.23529411764705882	VVYVKQAI:0.23529411764705882	MSNCNQWK:0.23529411764705882	THVVYVKQ:0.29411764705882354	NYTQSNAE:0.23529411764705882	GTVHEVIF:0.29411764705882354	SNCNQWKI:0.23529411764705882	MVFRAPIR:0.23529411764705882	FRAPIRSN:0.23529411764705882	VRSELRER:0.23529411764705882	YVRSELRE:0.23529411764705882	IRSNNGTT:0.23529411764705882	HEVIFEVK:0.23529411764705882	NYSLGTVH:0.23529411764705882	GNYTQSNA:0.23529411764705882	DLMSNCNQ:0.23529411764705882	IPSDLMSN:0.23529411764705882	HVVYVKQA:0.29411764705882354	APIRSNNG:0.23529411764705882	LGTVHEVI:0.29411764705882354	VYVKQAIT:0.29411764705882354	LMSNCNQW:0.23529411764705882	NCNQWKIT:0.47058823529411764	AGIDDAMV:0.29411764705882354	DQSYFKIG:0.23529411764705882	NGKHYCYY:0.23529411764705882	QSYFKIGN:0.23529411764705882	VATQIHGD:0.29411764705882354	YDQSYFKI:0.23529411764705882	RSELRERT:0.29411764705882354	ATQIHGDK:0.29411764705882354	GEVLVYDF:0.23529411764705882	NYGEVLVY:0.23529411764705882	RLEGSHLF:0.23529411764705882	GSHLFLSF:0.23529411764705882	SHLFLSFN:0.4117647058823529	WKITYPTG:0.23529411764705882	YGEVLVYD:0.23529411764705882	EGSHLFLS:0.23529411764705882	LEGSHLFL:0.23529411764705882	
