cluster number:15
PL7:56	PL7_2:38|PL7:18
SATNPVAL:0.21428571428571427	VFWNKGKI:0.23214285714285715	STHRTRCE:0.625	TNPVALEL:0.32142857142857145	AQKVVIAQ:0.5714285714285714	ASSKSTHR:0.5178571428571429	HRTRCEWK:0.44642857142857145	VYNQVDYT:0.3392857142857143	KSTHRTRC:0.625	GVYNQVDY:0.42857142857142855	KVVIAQMH:0.44642857142857145	FHGGVYNQ:0.7857142857142857	ATNPVALE:0.21428571428571427	GASSKSTH:0.5178571428571429	HGGVYNQV:0.5357142857142857	KVFWNKGK:0.25	TRCEWKEP:0.30357142857142855	APTKGASS:0.5178571428571429	TKGASSKS:0.5178571428571429	KGASSKST:0.5178571428571429	YNQVDYTD:0.35714285714285715	THRTRCEW:0.6428571428571429	QKVVIAQM:0.42857142857142855	RTRCEWKE:0.5714285714285714	GGVYNQVD:0.5357142857142857	VVIAQMHV:0.44642857142857145	PTKGASSK:0.5178571428571429	SKSTHRTR:0.625	SSKSTHRT:0.5178571428571429	FWNKGKIT:0.21428571428571427	NFHGGVYN:0.3392857142857143	VNSAQKVV:0.5178571428571429	QMHVRGDD:0.25	MTLTKVNS:0.25	ISELSLIH:0.21428571428571427	ELNGAEAI:0.21428571428571427	FWNKGNIT:0.23214285714285715	SELSLIHR:0.21428571428571427	VNSTVLKG:0.21428571428571427	EFHGGVYN:0.2857142857142857	VTVLSDGS:0.23214285714285715	SGDLQLDS:0.21428571428571427	GDLQLDST:0.21428571428571427	TKVNSAQK:0.26785714285714285	VLSDGSIQ:0.21428571428571427	VFWNKGNI:0.23214285714285715	RTRCEWTE:0.21428571428571427	TLTKVNSA:0.25	KVNSAQKV:0.2857142857142857	IAQMHVRG:0.21428571428571427	VALELNGA:0.21428571428571427	TRCEWTET:0.21428571428571427	FEFHGGVY:0.26785714285714285	LELNGAEA:0.21428571428571427	KGNITLGF:0.23214285714285715	CIISELSL:0.21428571428571427	WNKGNITL:0.21428571428571427	NSTVLKGV:0.26785714285714285	VKVFWNKG:0.42857142857142855	NITLGFRR:0.23214285714285715	AQMHVRGD:0.21428571428571427	QVDYTDAT:0.23214285714285715	ALELNGAE:0.21428571428571427	PVKVFWNK:0.35714285714285715	PVNSTVLK:0.21428571428571427	TMTLTKVN:0.21428571428571427	GNITLGFR:0.23214285714285715	NSAQKVVI:0.44642857142857145	KVFWNKGN:0.23214285714285715	PVALELNG:0.21428571428571427	LFEFHGGV:0.25	SAQKVVIA:0.3392857142857143	NPVALELN:0.21428571428571427	VLKGVPLG:0.32142857142857145	DLQLDSTW:0.21428571428571427	SAPTKGAS:0.42857142857142855	STVLKGVP:0.26785714285714285	LNGAEAIA:0.21428571428571427	PPVKVFWN:0.35714285714285715	NKGNITLG:0.21428571428571427	QTMTLTKV:0.21428571428571427	QFSAPTKG:0.21428571428571427	VIAQMHVR:0.21428571428571427	FSAPTKGA:0.21428571428571427	NQVDYTDA:0.23214285714285715	DGSICIIS:0.30357142857142855	LKGVPLGA:0.25	LTKVNSAQ:0.23214285714285715	TVLKGVPL:0.32142857142857145	IISELSLI:0.21428571428571427	DPVNSTVL:0.2857142857142857	ITLGFRRT:0.32142857142857145	APTLGASS:0.21428571428571427	PTLGASSK:0.21428571428571427	HVKDDDSP:0.21428571428571427	FNFHGGVY:0.23214285714285715	DSPPVKVF:0.26785714285714285	DDSPPVKV:0.26785714285714285	SPPVKVFW:0.26785714285714285	HGGVYNQI:0.23214285714285715	GVYNQIDY:0.21428571428571427	GGVYNQID:0.23214285714285715	LSAPTKGA:0.21428571428571427	QLSAPTKG:0.23214285714285715	TLGFRRTY:0.21428571428571427	
