cluster number:6
PL7:88	PL7_5:87|CBM32:32|CBM16:7|4.2.2.3:5|4.2.2.11:5|CBM13:3|PL6_3:2|PL7:1|4.2.2.-:1|CBM6:1
ATLAVNHV:0.26136363636363635	LREMLRRG:0.26136363636363635	IHANDDEP:0.2840909090909091	LAVNHVTT:0.25	GVYNQNNT:0.2159090909090909	AVNHVTTT:0.2727272727272727	ELREMLRR:0.26136363636363635	VNHVTTTG:0.2727272727272727	TLAVNHVT:0.26136363636363635	TELREMLR:0.22727272727272727	QIHANDDE:0.2840909090909091	GQIHANDD:0.2840909090909091	KAGVYNQN:0.5681818181818182	FKAGVYNQ:0.5681818181818182	AGVYNQNN:0.4090909090909091	RLYYRKLP:0.6590909090909091	RTELREML:0.22727272727272727	VYNQNNTG:0.2159090909090909	NKNNWVFS:0.2840909090909091	YFKAGVYN:0.5568181818181818	TQGVNKNN:0.22727272727272727	GSIYFAHE:0.26136363636363635	QVGRVIIG:0.25	VGRVIIGQ:0.29545454545454547	NWVFSSAP:0.3181818181818182	DYVQATFY:0.375	NNWVFSSA:0.32954545454545453	MYFKAGVY:0.5113636363636364	GVNKNNWV:0.3977272727272727	VNKNNWVF:0.36363636363636365	KNNWVFSS:0.22727272727272727	RVIIGQIH:0.4431818181818182	VIIGQIHA:0.4090909090909091	YMYFKAGV:0.45454545454545453	GRVIIGQI:0.4431818181818182	QGVNKNNW:0.25	SIYFAHEP:0.2159090909090909	EPIRLYYR:0.5340909090909091	DEPIRLYY:0.4659090909090909	LYYRKLPN:0.2727272727272727	PIRLYYRK:0.5	IRLYYRKL:0.5	DDEPIRLY:0.25	GQYMYFKA:0.2159090909090909	IIGQIHAN:0.2159090909090909	IGQIHAND:0.22727272727272727	QYMYFKAG:0.3181818181818182	
