cluster number:5
PL7:58	PL7_5:54|PL7:4|4.2.2.11:1|4.2.2.3:1
AGIALGEE:0.20689655172413793	VVVGQIHA:0.7413793103448276	GSVFWNYE:0.4827586206896552	YPVWGNTW:0.3793103448275862	VFWNYERN:0.43103448275862066	DIAYPVWG:0.6379310344827587	SVFWNYER:0.43103448275862066	ATLKVNHV:0.3620689655172414	SVVVGQIH:0.7413793103448276	FWNYERNL:0.43103448275862066	AYPVWGNT:0.25862068965517243	ALGEEFSY:0.3275862068965517	EATLKVNH:0.25862068965517243	IALGEEFS:0.3103448275862069	GIALGEEF:0.3103448275862069	IAYPVWGN:0.5	KAGAYNQC:0.6724137931034483	STNTRSEL:0.39655172413793105	TNTRSELR:0.39655172413793105	VFWTYERN:0.3275862068965517	YFKAGAYN:0.5172413793103449	FKAGAYNQ:0.6724137931034483	GSVFWTYE:0.3275862068965517	FWTYERNL:0.3275862068965517	AYNQCSTK:0.6206896551724138	GWGNEPLK:0.5689655172413793	SVFWTYER:0.3275862068965517	AGAYNQCS:0.6724137931034483	KPPAYSVV:0.2413793103448276	TGSVFWTY:0.20689655172413793	GAYNQCST:0.6379310344827587	WGNEPLKI:0.5689655172413793	PPAYSVVV:0.20689655172413793	TGSVFWNY:0.2413793103448276	YSVVVGQI:0.5	NTRSELRQ:0.3448275862068966	NQCSTKDA:0.20689655172413793	YNQCSTKD:0.41379310344827586	PLKIYYKK:0.5344827586206896	AYSVVVGQ:0.5	GFGWGNEP:0.46551724137931033	PAYSVVVG:0.3103448275862069	GNEPLKIY:0.603448275862069	FGWGNEPL:0.4482758620689655	EPLKIYYK:0.5344827586206896	NEPLKIYY:0.5344827586206896	LKIYYKKW:0.39655172413793105	WGNTWENP:0.22413793103448276	MEATLKVD:0.22413793103448276	VWGNTWEN:0.29310344827586204	TRSELRQM:0.20689655172413793	GQIHAGKD:0.29310344827586204	NSTNTRSE:0.25862068965517243	HPDFFYLD:0.29310344827586204	GGKMEATL:0.25862068965517243	EATLKVDH:0.22413793103448276	KIYYKKWP:0.43103448275862066	PVWGNTWE:0.3275862068965517	GKMEATLK:0.25862068965517243	PDFFYLDD:0.2413793103448276	VVGQIHAG:0.3793103448275862	ATLKVDHV:0.27586206896551724	VGQIHAGK:0.3793103448275862	KMEATLKV:0.25862068965517243	FTSPNKAL:0.3103448275862069	TSPNKALT:0.3103448275862069	MVFTSPNK:0.27586206896551724	RTDIAYPV:0.29310344827586204	NYFKAGAY:0.25862068965517243	VFTSPNKA:0.3275862068965517	TDIAYPVW:0.29310344827586204	TLKVNHVA:0.2413793103448276	SELRHMLR:0.22413793103448276	HPYGYTLD:0.22413793103448276	DHPYGYTL:0.22413793103448276	YPVWGNLW:0.22413793103448276	SSNTRSEL:0.25862068965517243	TYERNLPK:0.22413793103448276	FTVASNPI:0.20689655172413793	LDWNYFKA:0.2413793103448276	WTYERNLP:0.22413793103448276	DWNYFKAG:0.2413793103448276	WNYFKAGA:0.2413793103448276	SNTRSELR:0.20689655172413793	NQCSTKDD:0.20689655172413793	TRSELRHM:0.22413793103448276	GYTLDWNY:0.2413793103448276	AYPVWGNL:0.22413793103448276	ELRHMLRG:0.22413793103448276	PVWGNLWT:0.20689655172413793	RSELRHML:0.22413793103448276	NSSNTRSE:0.22413793103448276	TLDWNYFK:0.2413793103448276	YGYTLDWN:0.22413793103448276	NTRSELRH:0.22413793103448276	PYGYTLDW:0.22413793103448276	YTLDWNYF:0.2413793103448276	
