cluster number:0
PL7:177	PL7_1:170|PL7:7|PL5:2|4.2.2.3:2|GH5_1:1
VKLEYQYK:0.24858757062146894	IDLSTWNL:0.2711864406779661	TWNLSIPE:0.23163841807909605	PRSELRET:0.672316384180791	DLSTWNLS:0.23728813559322035	NIVAKVRM:0.5028248587570622	AGVYVQDN:0.4971751412429379	KAGVYVQD:0.5310734463276836	YFKAGVYV:0.536723163841808	PLYFKAGV:0.6666666666666666	KVRMRPDD:0.3163841807909605	VAKVRMRP:0.423728813559322	FSYLIHLS:0.2033898305084746	WNLSIPEG:0.23163841807909605	RSELRETY:0.4915254237288136	FKAGVYVQ:0.536723163841808	AKVRMRPD:0.423728813559322	VYVQDNTG:0.3389830508474576	STWNLSIP:0.23728813559322035	PMVKLEYQ:0.23163841807909605	GNIVAKVR:0.559322033898305	LYFKAGVY:0.7344632768361582	MVKLEYQY:0.23163841807909605	LSTWNLSI:0.23728813559322035	YVQDNTGY:0.3728813559322034	YPRSELRE:0.6610169491525424	KPLYFKAG:0.7796610169491526	TGNIVAKV:0.4011299435028249	MIDLSTWN:0.2711864406779661	DKPLYFKA:0.4350282485875706	IVAKVRMR:0.4180790960451977	FFWAPVTG:0.22598870056497175	NLSIPEGS:0.22033898305084745	IYPRSELR:0.4293785310734463	AIYPRSEL:0.4180790960451977	NAIYPRSE:0.4180790960451977	KLEYQYKT:0.2033898305084746	LSIPEGSP:0.22033898305084745	GVYVQDNT:0.3389830508474576	NLSIPVGS:0.2711864406779661	FFWSPVTG:0.20903954802259886	NQVPSSGK:0.384180790960452	TWRDKPLY:0.24293785310734464	RDKPLYFK:0.3050847457627119	VIGQIHAY:0.5649717514124294	VNQVPSSG:0.3672316384180791	IGQIHAYD:0.2033898305084746	LSIPVGSP:0.3107344632768362	GQIHAYDS:0.20903954802259886	WRDKPLYF:0.3050847457627119	WNLSIPVG:0.3107344632768362	FWSPVTGS:0.22033898305084745	SIPVGSPP:0.3107344632768362	IHLSPGGA:0.21468926553672316	DNTGYTSE:0.2937853107344633	GKIVIGQI:0.6836158192090396	YFHSDTGT:0.24293785310734464	LAVNQVPS:0.2655367231638418	VPSSGKIV:0.480225988700565	QDNTGYTS:0.2937853107344633	SSGKIVIG:0.4632768361581921	TWNLSVPV:0.2542372881355932	DTGTLFFW:0.23728813559322035	ELRETYAD:0.2598870056497175	QYFHSDTG:0.2033898305084746	FHSDTGTL:0.24293785310734464	SELRETYA:0.2598870056497175	LIHLSPGG:0.22033898305084745	SGKIVIGQ:0.4689265536723164	HLSPGGAL:0.21468926553672316	YLIHLSPG:0.22033898305084745	WNLSVPVG:0.2824858757062147	NTGYTSEG:0.2937853107344633	SDTGTLFF:0.23728813559322035	KIVIGQIH:0.6836158192090396	VQDNTGYT:0.2937853107344633	HSDTGTLF:0.23728813559322035	TGYTSEGG:0.3220338983050847	PSSGKIVI:0.4632768361581921	LRETYADG:0.2598870056497175	QVPSSGKI:0.4350282485875706	DLATWNLS:0.4067796610169492	QTGNIVAK:0.23728813559322035	ATWNLSVP:0.24293785310734464	MIDLATWN:0.3333333333333333	IDLATWNL:0.3333333333333333	KAGVYTQD:0.22033898305084745	LATWNLSV:0.24293785310734464	YTQDNTGY:0.2033898305084746	YFKAGVYT:0.2542372881355932	GVYTQDNT:0.2033898305084746	AGVYTQDN:0.21468926553672316	VYTQDNTG:0.2033898305084746	FKAGVYTQ:0.22033898305084745	IVIGQIHA:0.5480225988700564	STGKIVIG:0.22033898305084745	VPSTGKIV:0.22033898305084745	PSTGKIVI:0.22033898305084745	QVPSTGKI:0.21468926553672316	TGKIVIGQ:0.22033898305084745	DNFLRATL:0.21468926553672316	ADNFLRAT:0.21468926553672316	ETYADGRL:0.2033898305084746	ENAIYPRS:0.23163841807909605	TGTRTENA:0.2033898305084746	TENAIYPR:0.3446327683615819	PVTGTRTE:0.2033898305084746	ADGRLRNW:0.20903954802259886	VTGTRTEN:0.2033898305084746	TYADGRLR:0.2033898305084746	VQFWTPVT:0.2033898305084746	RETYADGR:0.2033898305084746	TWNLSIPV:0.22033898305084745	ATLAVNQV:0.2655367231638418	YADGRLRN:0.2033898305084746	TLAVNQVP:0.2655367231638418	QFWTPVTG:0.2033898305084746	GYTSEGGK:0.2768361581920904	EGGKVTFS:0.23728813559322035	FKDQYFHS:0.20903954802259886	GFKDQYFH:0.20903954802259886	LSPGGALG:0.20903954802259886	IGQIHAYE:0.20903954802259886	GQIHAYES:0.20903954802259886	TFSKLDID:0.20903954802259886	VTFSKLDI:0.2033898305084746	FSKLDIDH:0.21468926553672316	
