cluster number:2
GT59:21	GT59:21|2.4.1.256:1
WFFTFLYY:0.3333333333333333	HPYLLADN:0.6666666666666666	YLLADNRH:0.6666666666666666	PYLLADNR:0.6666666666666666	DPMITTPP:0.3333333333333333	HYTFYIWR:0.23809523809523808	TFLYYTDV:0.3333333333333333	PYMDEIFH:0.6190476190476191	DEIFHVPQ:0.23809523809523808	YYTDVASL:0.2857142857142857	MDEIFHVP:0.23809523809523808	RHYTFYIW:0.2857142857142857	LLADNRHY:0.5714285714285714	LYYTDVAS:0.2857142857142857	PMITTPPG:0.3333333333333333	LADNRHYT:0.3333333333333333	YMDEIFHV:0.23809523809523808	VLGAKEAH:0.23809523809523808	TTPPGLYY:0.23809523809523808	EFRYYTIP:0.2857142857142857	FLYYTDVA:0.3333333333333333	AHPYLLAD:0.47619047619047616	ITTPPGLY:0.3333333333333333	ADNRHYTF:0.3333333333333333	WDPMITTP:0.3333333333333333	HWFFTFLY:0.3333333333333333	NRHYTFYI:0.3333333333333333	WNGGIVLG:0.23809523809523808	DNRHYTFY:0.3333333333333333	IVLGAKEA:0.23809523809523808	FFTFLYYT:0.3333333333333333	MITTPPGL:0.3333333333333333	FTFLYYTD:0.3333333333333333	VPEPYMDE:0.2857142857142857	PEPYMDEI:0.2857142857142857	EPYMDEIF:0.3333333333333333	YMDEIFHI:0.2857142857142857	FRYYTIPF:0.23809523809523808	LADNRHYP:0.23809523809523808	DNRHYPFY:0.23809523809523808	ADNRHYPF:0.23809523809523808	
