cluster number:5
PL14:6	PL14:6
LDARALKV:0.3333333333333333	GGWGGRKA:0.3333333333333333	DARALKVT:0.3333333333333333	FRYYLRFG:0.3333333333333333	GMTCRHFA:0.3333333333333333	MNVYHGGT:0.3333333333333333	WMNVYHGG:0.5	RWYSVEQY:0.3333333333333333	LEKNRWYS:0.3333333333333333	GKLPGFAG:0.3333333333333333	WYSVEQYV:0.3333333333333333	YFRYYLRF:0.5	LWMNVYHG:0.3333333333333333	MTCRHFAT:0.3333333333333333	KNRWYSVE:0.3333333333333333	KLPGFAGT:0.3333333333333333	ARALKVTV:0.3333333333333333	MYFRYYLR:0.3333333333333333	RSTSIGVY:0.3333333333333333	LPGFAGTY:0.3333333333333333	WQQKGGDW:0.3333333333333333	RYYLRFGE:0.3333333333333333	RGGWGGRK:0.3333333333333333	IDNLVIAR:0.3333333333333333	GGKLPGFA:0.5	GGMTCRHF:0.3333333333333333	GWSARGAF:0.3333333333333333	NRWYSVEQ:0.5	AMYFRYYL:0.3333333333333333	SYVYHADM:0.3333333333333333	GSYVYHAD:0.3333333333333333	AGWGMRKS:0.3333333333333333	PEEAYFRY:0.3333333333333333	WGMRKSDG:0.3333333333333333	EAYFRYYL:0.3333333333333333	EPEEAYFR:0.3333333333333333	RAGWGMRK:0.3333333333333333	GWGMRKSD:0.3333333333333333	EEAYFRYY:0.3333333333333333	GGGKLPGF:0.3333333333333333	
