cluster number:3
PL14:7	PL14:4|PL14_3:3
GKLPGLAG:1.0	GGKLPGLA:1.0	SFFGGSTL:0.42857142857142855	DGFSSRLM:0.42857142857142855	EKESRCGD:0.2857142857142857	GTSFNVPI:0.2857142857142857	RLNIVIDP:0.2857142857142857	FDGFSSRL:0.42857142857142855	PTLSSGLN:0.2857142857142857	VFIDAIKW:0.2857142857142857	YYPEKESR:0.2857142857142857	AIKWSSFF:0.42857142857142855	TLTQYVKL:0.42857142857142855	PGLAGGDH:0.2857142857142857	YPEKESRC:0.2857142857142857	YTLTQYVK:0.42857142857142855	DVFIDAIK:0.2857142857142857	KLPGLAGG:0.7142857142857143	IKWSSFFG:0.42857142857142855	WSSFFGGS:0.42857142857142855	FFGGSTLD:0.42857142857142855	SPTLSSGL:0.2857142857142857	VWYTLTQY:0.2857142857142857	GGDHPSGC:0.2857142857142857	LAGGDHPS:0.2857142857142857	SSGLNQGR:0.42857142857142855	LTQYVKLN:0.42857142857142855	GLNQGRLN:0.42857142857142855	KVLEITYL:0.2857142857142857	WYTLTQYV:0.42857142857142855	GYLYYPEK:0.42857142857142855	DAIKWSSF:0.42857142857142855	IDAIKWSS:0.42857142857142855	GSTLDWAP:0.42857142857142855	GFSSRLMW:0.42857142857142855	GGSTLDWA:0.42857142857142855	HKALWLQY:0.2857142857142857	AGTSFNVP:0.2857142857142857	YFDNFIVS:0.2857142857142857	GRLNIVID:0.2857142857142857	LNQGRLNI:0.42857142857142855	VLEITYLA:0.2857142857142857	GVWYTLTQ:0.2857142857142857	FGGSTLDW:0.42857142857142855	YLYYPEKE:0.2857142857142857	FIDAIKWS:0.42857142857142855	GLAGGDHP:0.2857142857142857	ISPTLSSG:0.2857142857142857	NKVLEITY:0.2857142857142857	QGRLNIVI:0.2857142857142857	KWSSFFGG:0.42857142857142855	PEKESRCG:0.2857142857142857	TLSSGLNQ:0.2857142857142857	KGGKLPGL:0.42857142857142855	STLDWAPP:0.42857142857142855	LSSGLNQG:0.2857142857142857	SFDGFSSR:0.2857142857142857	AGGDHPSG:0.2857142857142857	SSFFGGST:0.42857142857142855	LYYPEKES:0.2857142857142857	NQGRLNIV:0.42857142857142855	SGLNQGRL:0.42857142857142855	LPGLAGGD:0.5714285714285714	YFSTFHGG:0.2857142857142857	FYFSTFHG:0.2857142857142857	WAPPVEQY:0.2857142857142857	KSDWGISP:0.2857142857142857	FMWVKGGK:0.2857142857142857	DFKSDWGI:0.2857142857142857	FKSDWGIS:0.2857142857142857	KHDGIYIQ:0.2857142857142857	KDFKSDWG:0.2857142857142857	VKGGKLPG:0.2857142857142857	DWAPPVEQ:0.2857142857142857	HDGIYIQY:0.2857142857142857	AKDFKSDW:0.2857142857142857	IGKHDGIY:0.2857142857142857	MWVKGGKL:0.2857142857142857	WVKGGKLP:0.2857142857142857	GKYSAKDF:0.2857142857142857	PVEQYAYF:0.2857142857142857	DGIYIQYV:0.2857142857142857	APPVEQYA:0.2857142857142857	YSAKDFKS:0.2857142857142857	TLDWAPPV:0.2857142857142857	KYSAKDFK:0.2857142857142857	VEQYAYFD:0.2857142857142857	GKHDGIYI:0.2857142857142857	LDWAPPVE:0.2857142857142857	PPVEQYAY:0.2857142857142857	FSSRLMWR:0.2857142857142857	SAKDFKSD:0.2857142857142857	
