cluster number:34
GT30:23	GT30:23
DTLGEMGL:0.21739130434782608	RFLDHWRP:0.21739130434782608	FLDHWRPD:0.2608695652173913	GGHNPIEP:0.21739130434782608	TTGTVTSA:0.30434782608695654	VTTGTVTS:0.30434782608695654	GHNPIEPA:0.2608695652173913	VESELWPN:0.30434782608695654	SELWPNLI:0.34782608695652173	LVTTGTVT:0.391304347826087	LHAASVGE:0.391304347826087	WLHAASVG:0.391304347826087	LVWLHAAS:0.21739130434782608	ESELWPNL:0.34782608695652173	DTLGETGL:0.21739130434782608	HAASVGES:0.391304347826087	LVESELWP:0.2608695652173913	QFAPLDVP:0.21739130434782608	TLGETGLF:0.21739130434782608	VWLHAASV:0.21739130434782608	ALVESELW:0.21739130434782608	AASTHPGE:0.34782608695652173	LAASTHPG:0.21739130434782608	ASTHPGED:0.2608695652173913	ADTLGELG:0.43478260869565216	AASVGESL:0.21739130434782608	FHAASVGE:0.21739130434782608	WFHAASVG:0.21739130434782608	VADTLGEL:0.2608695652173913	DTLGELGL:0.34782608695652173	TLGELGLF:0.2608695652173913	YVADTLGE:0.21739130434782608	
