cluster number:10
AA15:11	AA15:11|GH18:2
GNSWGTDP:0.2727272727272727	YHTGNSWG:0.36363636363636365	EAGGKYAT:0.36363636363636365	VLQWKYHT:0.36363636363636365	GCGPQEEF:0.2727272727272727	HTGNSWGT:0.2727272727272727	QCVLQWKY:0.36363636363636365	WKYHTGNS:0.36363636363636365	QEEFYGCA:0.2727272727272727	LPAGLTCS:0.2727272727272727	CSQCVLQW:0.2727272727272727	GWFEFRLC:0.45454545454545453	QWKYHTGN:0.5454545454545454	TCSQCVLQ:0.2727272727272727	NEAGGKYA:0.36363636363636365	EFYGCADI:0.2727272727272727	SQCVLQWK:0.2727272727272727	LTCSQCVL:0.2727272727272727	ENEAGGKY:0.2727272727272727	NSWGTDPD:0.2727272727272727	EEFYGCAD:0.2727272727272727	GLTCSQCV:0.2727272727272727	WFEFRLCP:0.36363636363636365	AGLTCSQC:0.2727272727272727	PAGLTCSQ:0.2727272727272727	TGNSWGTD:0.2727272727272727	AGGKYATG:0.36363636363636365	CVLQWKYH:0.36363636363636365	LQWKYHTG:0.36363636363636365	RENEAGGK:0.2727272727272727	KYHTGNSW:0.36363636363636365	CGDPYDGP:0.2727272727272727	NCADVAIV:0.2727272727272727	GGKCGICG:0.45454545454545453	CGICGDPY:0.5454545454545454	NGGKCGIC:0.2727272727272727	GDPYDGPR:0.2727272727272727	ICGDPYDG:0.2727272727272727	ADVAIVAD:0.2727272727272727	GICGDPYD:0.45454545454545453	KCGICGDP:0.6363636363636364	CADVAIVA:0.2727272727272727	GKCGICGD:0.6363636363636364	HLGYFEFR:0.2727272727272727	PPSRSSMW:0.2727272727272727	GGKYATGI:0.2727272727272727	PSRSSMWR:0.2727272727272727	GKYATGII:0.2727272727272727	KYATGIIS:0.2727272727272727	YATGIISR:0.2727272727272727	HLGWFEFR:0.36363636363636365	LGWFEFRL:0.36363636363636365	CEHCVLQW:0.2727272727272727	
