cluster number:1
AA15:47	AA15:47|CBM1:16|GH19:2
IGACYAPG:0.2765957446808511	PPHRGYIG:0.6170212765957447	ACYAPGST:0.2765957446808511	GACYAPGS:0.2978723404255319	KGYFEFGL:0.3404255319148936	GDAHCVLR:0.2127659574468085	HRGYIGKL:0.44680851063829785	QEQFWNCA:0.6382978723404256	GQEQFWNC:0.5319148936170213	DAHCVLRW:0.2127659574468085	HCVLRWHY:0.3617021276595745	ANHKGYFE:0.2978723404255319	VLRWHYVG:0.2127659574468085	CVLRWHYV:0.2553191489361702	NHKGYFEF:0.2978723404255319	PHRGYIGK:0.44680851063829785	GYFEFGLC:0.40425531914893614	FEFGLCKL:0.46808510638297873	YFEFGLCK:0.40425531914893614	TANHKGYF:0.48936170212765956	EQFWNCAD:0.6382978723404256	HKGYFEFG:0.2978723404255319	GDSHCVLR:0.6170212765957447	CADIYISD:0.3191489361702128	GGKYGLFP:0.2127659574468085	FGLCKLNG:0.3617021276595745	WEQCGGKD:0.23404255319148937	QDEWYSQC:0.2765957446808511	KQDEWYSQ:0.2127659574468085	DKETEECF:0.44680851063829785	KETEECFQ:0.425531914893617	VLRWWYVG:0.2127659574468085	SHCVLRWW:0.3617021276595745	DEWYSQCV:0.23404255319148937	IYISDSCG:0.2553191489361702	DGDSHCVL:0.5531914893617021	DSHCVLRW:0.574468085106383	FWNCADIY:0.5957446808510638	HCVLRWWY:0.46808510638297873	DIYISDSC:0.2553191489361702	EWYSQCVP:0.23404255319148937	CDGDSHCV:0.5531914893617021	EQCGGKDY:0.23404255319148937	ITANHKGY:0.3404255319148936	KCDGDSHC:0.2553191489361702	NGQEQFWN:0.2553191489361702	QFWNCADI:0.5319148936170213	QCGGKDYT:0.23404255319148937	CGGKDYTG:0.23404255319148937	WNCADIYI:0.5319148936170213	ADIYISDS:0.2553191489361702	NCADIYIS:0.5319148936170213	INGQEQFW:0.2553191489361702	HETGGKYG:0.2127659574468085	CVLRWWYV:0.2127659574468085	QITANHKG:0.44680851063829785	FTFGLCKL:0.2553191489361702	GLCKLNGK:0.3617021276595745	EFGLCKLN:0.40425531914893614	GLNAGGIG:0.23404255319148937	VQITANHK:0.2127659574468085	SHCVLRWH:0.2765957446808511	GGKHGVCG:0.2978723404255319	KHGVCGDP:0.3191489361702128	GYIGKLPQ:0.23404255319148937	YIGKLPQF:0.2127659574468085	GLSAGGIG:0.2765957446808511	RGYIGKLP:0.3829787234042553	HGVCGDPY:0.3829787234042553	GKHGVCGD:0.3404255319148936	GGNNPGVG:0.2127659574468085	QPNGEKQW:0.2127659574468085	VTCDGDSH:0.2127659574468085	GVTCDGDS:0.2127659574468085	TCDGDSHC:0.2127659574468085	PSGVTCDG:0.2127659574468085	LPSGVTCD:0.2127659574468085	SGVTCDGD:0.2127659574468085	
