cluster number:7
AA15:7	AA15:7|CBM24:1
YNAGNSWG:0.2857142857142857	CGDEWSLP:0.2857142857142857	DNGLNCGG:0.42857142857142855	HKGYFEFR:0.2857142857142857	RPRPNDEG:0.2857142857142857	GDEWSLPR:0.2857142857142857	YNDNGLNC:0.2857142857142857	KGRCGECG:0.2857142857142857	CGECGDEW:0.42857142857142855	NCADISIL:0.2857142857142857	NYNDNGLN:0.2857142857142857	YFEFRLCP:0.2857142857142857	NKGRCGEC:0.2857142857142857	FEFRLCPK:0.2857142857142857	GRCGECGD:0.42857142857142855	KGYFEFRL:0.2857142857142857	GECGDEWS:0.2857142857142857	RCGECGDE:0.42857142857142855	ECGDEWSL:0.2857142857142857	INKGRCGE:0.2857142857142857	ELVTQECL:0.2857142857142857	DEWSLPRP:0.2857142857142857	GYFEFRLC:0.5714285714285714	NDNGLNCG:0.2857142857142857	PRPNDEGG:0.2857142857142857	EWSLPRPR:0.2857142857142857	PPSRSSMW:0.2857142857142857	LGYFEFRL:0.2857142857142857	ESFVNCAD:0.2857142857142857	CDHCVIQW:0.2857142857142857	PSRSSMWR:0.2857142857142857	QESFVNCA:0.2857142857142857	DHCVIQWY:0.2857142857142857	SRSSMWRL:0.2857142857142857	SFVNCADV:0.2857142857142857	HLGYFEFR:0.2857142857142857	PQEQFYGC:0.2857142857142857	GPQEQFYG:0.2857142857142857	
