cluster number:6
AA15:11	AA15:11
GHGMMLDP:0.2727272727272727	RSSAWRKG:0.36363636363636365	EIHGHGMM:0.2727272727272727	VEPNYTDN:0.2727272727272727	QETFRSCA:0.2727272727272727	KMGCGPQE:0.2727272727272727	PVEPNYTD:0.2727272727272727	GCGPQETF:0.8181818181818182	CGPQETFR:0.36363636363636365	MGCGPQET:0.36363636363636365	ETFRSCAD:0.2727272727272727	SSAWRKGY:0.2727272727272727	AWRKGYPV:0.2727272727272727	RKGYPVEP:0.2727272727272727	KGYPVEPN:0.2727272727272727	GYPVEPNY:0.2727272727272727	WRKGYPVE:0.2727272727272727	HCVLRWTY:0.45454545454545453	PRPNENGG:0.36363636363636365	LGCGPQET:0.45454545454545453	CEHCVLRW:0.45454545454545453	SAWRKGYP:0.2727272727272727	PQETFKNC:0.2727272727272727	TFKNCADV:0.2727272727272727	GPQETFKN:0.2727272727272727	ETFKNCAD:0.2727272727272727	YDDNALYC:0.2727272727272727	DDNALYCG:0.2727272727272727	CGPQETFK:0.45454545454545453	QETFKNCA:0.2727272727272727	ALGCGPQE:0.2727272727272727	DNALYCGG:0.2727272727272727	GKCGLCGD:0.36363636363636365	CGLCGDDY:0.36363636363636365	NYDDNALY:0.2727272727272727	KCGLCGDD:0.45454545454545453	RSSRWRYD:0.2727272727272727	YTAGNNWG:0.2727272727272727	
