cluster number:0
GH151:45	GH151:45|3.2.1.51:3
LELESLPT:0.4888888888888889	ELESLPTG:0.5111111111111111	QVHLDFHT:0.6444444444444445	TGGWGYDH:0.5555555555555556	ESLPTGGW:0.5777777777777777	LPTGGWGY:0.5777777777777777	VYLSAGLD:0.3333333333333333	LESLPTGG:0.5111111111111111	FSKCHHGW:0.35555555555555557	VHLDFHTS:0.5555555555555556	PTGGWGYD:0.5111111111111111	GWGYDHFP:0.6	SLPTGGWG:0.5777777777777777	RFRQVHLD:0.37777777777777777	GGWGYDHF:0.6222222222222222	FCSHQHAP:0.2	FRQVHLDF:0.4666666666666667	GMTGKFHT:0.5555555555555556	HLELESLP:0.5777777777777777	DGIFLDIV:0.24444444444444444	PVYLSAGL:0.3333333333333333	RQVHLDFH:0.6666666666666666	LGMTGKFH:0.4888888888888889	SHLELESL:0.35555555555555557	EKLARRHP:0.3111111111111111	YLSAGLDE:0.3333333333333333	KHPNALRY:0.3333333333333333	FGGYKHPN:0.35555555555555557	ARYAQTLG:0.2	PEWLIRDA:0.24444444444444444	ENPYFNRD:0.24444444444444444	GDQLHPSG:0.3333333333333333	FPLSARYA:0.3111111111111111	WGEFGGYK:0.37777777777777777	YKVLILPD:0.2222222222222222	CSIGDQLH:0.4888888888888889	DHFPLSAR:0.37777777777777777	HHGWAYHP:0.3333333333333333	SWGEFGGY:0.3111111111111111	AHGAKCSI:0.2	KFHTSWGE:0.3333333333333333	FHTSWGEF:0.4	DEATYALI:0.2222222222222222	GYDHFPLS:0.37777777777777777	YKHPNALR:0.35555555555555557	GIFLDIVG:0.2222222222222222	TFCSHQHT:0.28888888888888886	HFPLSARY:0.37777777777777777	AKCSIGDQ:0.26666666666666666	PYFNRDVF:0.2222222222222222	TGKFHTSW:0.37777777777777777	HPEWLIRD:0.3111111111111111	GAKCSIGD:0.24444444444444444	YDHFPLSA:0.37777777777777777	KCHHGWAY:0.35555555555555557	GWAYHPSE:0.24444444444444444	EFGGYKHP:0.37777777777777777	LARRHPEW:0.3111111111111111	LDEKLARR:0.3333333333333333	FNRDVFTF:0.2222222222222222	ARRHPEWL:0.3111111111111111	NRDVFTFC:0.2222222222222222	FLGMTGKF:0.28888888888888886	IGDQLHPS:0.24444444444444444	EATYALIG:0.2222222222222222	GGYKHPNA:0.35555555555555557	SARYAQTL:0.2	HGWAYHPS:0.3111111111111111	KCSIGDQL:0.26666666666666666	SIGDQLHP:0.4888888888888889	VFSKCHHG:0.24444444444444444	TVFSKCHH:0.24444444444444444	RHPEWLIR:0.3111111111111111	MRFRQVHL:0.3111111111111111	HGAKCSIG:0.2	PLSARYAQ:0.28888888888888886	CHHGWAYH:0.3333333333333333	LSARYAQT:0.2	SAGLDEKL:0.3333333333333333	VFTFCSHQ:0.2222222222222222	RDVFTFCS:0.2222222222222222	GGKVLATG:0.2	GLDEKLAR:0.3333333333333333	WGYDHFPL:0.37777777777777777	TPVYLSAG:0.3111111111111111	AYHPSEAN:0.24444444444444444	DVFTFCSH:0.2222222222222222	HLDFHTSE:0.5555555555555556	AGLDEKLA:0.3333333333333333	WAYHPSEA:0.24444444444444444	AVKPGLPV:0.2222222222222222	YFNRDVFT:0.2222222222222222	KLARRHPE:0.3111111111111111	GYKHPNAL:0.35555555555555557	LSAGLDEK:0.3111111111111111	MDEATYAL:0.2222222222222222	YHPSEANE:0.24444444444444444	HPNALRYE:0.3333333333333333	SKCHHGWA:0.3111111111111111	FCSHQHTP:0.3333333333333333	DAVKPGLP:0.2222222222222222	DEKLARRH:0.3111111111111111	GKFHTSWG:0.37777777777777777	MTGKFHTS:0.28888888888888886	RRHPEWLI:0.3111111111111111	HTSWGEFG:0.4	TSWGEFGG:0.4	LAHGAKCS:0.2	FTFCSHQH:0.3111111111111111	GEFGGYKH:0.37777777777777777	THLELESL:0.2222222222222222	LDFHTSEA:0.2222222222222222	HLLYASPV:0.2	DFHTSEAI:0.2222222222222222	SEANEIHP:0.2	HPSEANEI:0.2	PSEANEIH:0.2	IHLDFHTS:0.26666666666666666	RQIHLDFH:0.2222222222222222	QIHLDFHT:0.2222222222222222	NSHLELES:0.2222222222222222	
