cluster number:60
GH5:11	GH5_7:11|GH26:1
NWGWFRDT:0.2727272727272727	GDPGGEEQ:0.36363636363636365	QKLGKPLV:0.2727272727272727	TWEWSGGL:0.2727272727272727	IHIWPKNW:0.5454545454545454	YIRYVLAR:0.2727272727272727	DPGGEEQG:0.36363636363636365	PGGEEQGL:0.36363636363636365	QYLEWNGY:0.2727272727272727	IWPKNWGW:0.36363636363636365	EFGLPRDG:0.2727272727272727	IRYVLART:0.2727272727272727	AWEIINEP:0.2727272727272727	TNTWEWSG:0.36363636363636365	FGLPRDGQ:0.2727272727272727	WYGGLLAT:0.36363636363636365	WFRDTATA:0.2727272727272727	EEQGLNSV:0.36363636363636365	PKNWGWFR:0.2727272727272727	LTTGSEGD:0.2727272727272727	EEFGLPRD:0.5454545454545454	HLLTTGSE:0.2727272727272727	AVLHFTNT:0.36363636363636365	MKAVLHFT:0.36363636363636365	MGDPGGEE:0.2727272727272727	GEEQGLNS:0.36363636363636365	GGEEQGLN:0.36363636363636365	WEIINEPR:0.2727272727272727	VMVGAEGL:0.36363636363636365	DYLTIHIW:0.5454545454545454	YGGLLATQ:0.2727272727272727	TYIRYVLA:0.2727272727272727	NTWEWSGG:0.36363636363636365	LTIHIWPK:0.5454545454545454	GANYWYGG:0.2727272727272727	RDTATAKG:0.2727272727272727	RYVLARTN:0.2727272727272727	NYWYGGLL:0.7272727272727273	DPAIMAWE:0.45454545454545453	LDYLLAEL:0.2727272727272727	WPKNWGWF:0.2727272727272727	NLRVMVGA:0.36363636363636365	GLNSVFDA:0.2727272727272727	YLTIHIWP:0.5454545454545454	WGWFRDTA:0.2727272727272727	HIWPKNWG:0.36363636363636365	YWYGGLLA:0.5454545454545454	HFTNTWEW:0.36363636363636365	FRDTATAK:0.2727272727272727	KAVLHFTN:0.36363636363636365	LRVMVGAE:0.36363636363636365	RVMVGAEG:0.36363636363636365	LNSVFDAD:0.2727272727272727	KNWGWFRD:0.2727272727272727	VLHFTNTW:0.36363636363636365	AQKLGKPL:0.2727272727272727	NHLLTTGS:0.2727272727272727	GWFRDTAT:0.2727272727272727	QGLNSVFD:0.36363636363636365	GLDYLLAE:0.2727272727272727	LHFTNTWE:0.36363636363636365	PAIMAWEI:0.36363636363636365	TIHIWPKN:0.5454545454545454	IDYLTIHI:0.36363636363636365	FTNTWEWS:0.36363636363636365	LLTTGSEG:0.2727272727272727	EQGLNSVF:0.36363636363636365	GGLLATQG:0.2727272727272727	AIMAWELA:0.2727272727272727	GTNYWYGG:0.45454545454545453	LRKELDFL:0.2727272727272727	KPYYYIGT:0.2727272727272727	VIEEFGLP:0.45454545454545453	LSNNWEWS:0.2727272727272727	WAFGGTAR:0.2727272727272727	TNYWYGGL:0.45454545454545453	IMAWELAN:0.2727272727272727	DPPQEEQG:0.2727272727272727	EWSGGFLQ:0.2727272727272727	MAWELANE:0.2727272727272727	PLVIEEFG:0.36363636363636365	KPLVIEEF:0.36363636363636365	PYYYIGTN:0.36363636363636365	SNNWEWSG:0.2727272727272727	NWEWSGGF:0.2727272727272727	FWAFGGTA:0.2727272727272727	WELANEPR:0.2727272727272727	YYIGTNYW:0.36363636363636365	GDPPQEEQ:0.2727272727272727	IEEFGLPR:0.45454545454545453	ANEPRPMR:0.2727272727272727	ELANEPRP:0.2727272727272727	AWELANEP:0.2727272727272727	YYYIGTNY:0.36363636363636365	LVIEEFGL:0.36363636363636365	AFGGTARP:0.2727272727272727	NNWEWSGG:0.2727272727272727	YIGTNYWY:0.45454545454545453	FLSNNWEW:0.2727272727272727	MGDPPQEE:0.2727272727272727	WSGGFLQY:0.2727272727272727	SGGFLQYL:0.2727272727272727	PPQEEQGL:0.2727272727272727	NEPRPMRP:0.2727272727272727	KSLDKNHL:0.2727272727272727	LANEPRPM:0.2727272727272727	IGTNYWYG:0.45454545454545453	RLRKELDF:0.2727272727272727	WEWSGGFL:0.2727272727272727	AGANFWAF:0.2727272727272727	VTNLRVMV:0.2727272727272727	TNLRVMVG:0.2727272727272727	GVTNLRVM:0.2727272727272727	NIDYLTIH:0.2727272727272727	ARLIKELD:0.2727272727272727	GKPYYYIG:0.2727272727272727	KRNMKAVL:0.2727272727272727	
