cluster number:52
GH5:42	GH5_4:42|CBM13:4|3.2.1.4:3|CBM10:1|CBM2:1
HQTFINAV:0.21428571428571427	QTFINAVR:0.23809523809523808	LGWNIGNT:0.21428571428571427	FINAVRST:0.2619047619047619	INAVRSTG:0.2619047619047619	TFINAVRS:0.23809523809523808	NAVRSTGG:0.2857142857142857	GWLENNCT:0.23809523809523808	NIHWDGGW:0.6190476190476191	IHWDGGWL:0.6190476190476191	HWDGGWLE:0.6190476190476191	DAVRATGG:0.2857142857142857	GGETAWGN:0.2857142857142857	GETAWGNP:0.35714285714285715	LNIHWDGG:0.2857142857142857	WDGGWLEN:0.40476190476190477	DGGWLENN:0.40476190476190477	FVDKGIPV:0.21428571428571427	AVRATGGN:0.23809523809523808	GGWLENNC:0.21428571428571427	VRATGGNN:0.2619047619047619	GFNAIRIP:0.2619047619047619	FNAIRIPC:0.23809523809523808	
