cluster number:205
GH5:13	GH5_25:12|CBM22:1|GH5:1
EPNGQVDD:0.3076923076923077	IIVTFHFY:0.3076923076923077	GPTHWNSR:0.5384615384615384	PNGQVDDK:0.3076923076923077	QVDDKIWN:0.23076923076923078	IVTFHFYN:0.46153846153846156	TNPERNVI:0.23076923076923078	VTFHFYNP:0.46153846153846156	ELLNEPNG:0.38461538461538464	AIVRETNP:0.3076923076923077	LLKLPEND:0.3076923076923077	HIIVTFHF:0.23076923076923078	NVIIGPTH:0.3076923076923077	IGPTHWNS:0.3076923076923077	LPLLKLPE:0.38461538461538464	NPERNVII:0.3076923076923077	VIIGPTHW:0.38461538461538464	DKIWNSWL:0.23076923076923078	ERNVIIGP:0.3076923076923077	NGQVDDKI:0.23076923076923078	WNSWLVDL:0.3076923076923077	IWNSWLVD:0.23076923076923078	LLNEPNGQ:0.38461538461538464	VRETNPER:0.23076923076923078	PERNVIIG:0.3076923076923077	VDDKIWNS:0.23076923076923078	NEPNGQVD:0.38461538461538464	DLPLLKLP:0.38461538461538464	DDKIWNSW:0.23076923076923078	ETNPERNV:0.23076923076923078	IIGPTHWN:0.3076923076923077	RNVIIGPT:0.3076923076923077	GQVDDKIW:0.23076923076923078	PLLKLPEN:0.3076923076923077	KIWNSWLV:0.23076923076923078	IVRETNPE:0.23076923076923078	RETNPERN:0.23076923076923078	LNEPNGQV:0.38461538461538464	DRHIIVTF:0.23076923076923078	HIIVTFHY:0.3076923076923077	YELLNEPH:0.38461538461538464	IVTFHYYN:0.38461538461538464	ELLNEPHD:0.46153846153846156	HWNSRNDL:0.46153846153846156	NVIVGPTH:0.3076923076923077	VIVGPTHW:0.3076923076923077	VTFHYYNP:0.38461538461538464	IVGPTHWN:0.38461538461538464	PTHWNSRN:0.46153846153846156	VGPTHWNS:0.38461538461538464	RNVIVGPT:0.3076923076923077	IIVTFHYY:0.3076923076923077	THWNSRND:0.46153846153846156	RHIIVTFH:0.23076923076923078	LLNEPHDK:0.3076923076923077	NDLPLLKL:0.23076923076923078	SNPERNVI:0.23076923076923078	IRETNPTR:0.23076923076923078	RETNPTRN:0.3076923076923077	DLLAIVRE:0.23076923076923078	LAIVRETN:0.23076923076923078	FELLNEPN:0.3076923076923077	LVDLLAIV:0.23076923076923078	SWLVDLLA:0.23076923076923078	WLVDLLAI:0.23076923076923078	NSWLVDLL:0.23076923076923078	LLAIVRET:0.23076923076923078	VDLLAIVR:0.23076923076923078	
