cluster number:146
GH5:12	GH5:12
PVGWWIYE:0.4166666666666667	FLGLELLN:0.25	VRVPVGWW:0.4166666666666667	AAKGSQNG:0.4166666666666667	VNLGGWLV:0.6666666666666666	AFLGLELL:0.25	GVNLGGWL:0.6666666666666666	IHAAKGSQ:0.25	NWIDWHKY:0.25	LGLELLNE:0.25	VPVGWWIY:0.4166666666666667	NTVRVPVG:0.6666666666666666	WIDWHKYL:0.25	RGVNLGGW:0.5833333333333334	GLELLNEP:0.25	LGGWLVLE:0.3333333333333333	RVPVGWWI:0.4166666666666667	NDWAVKYN:0.25	TVRVPVGW:0.3333333333333333	DIHAAKGS:0.25	NLGGWLVL:0.3333333333333333	AKGSQNGR:0.25	HAAKGSQN:0.4166666666666667	NNWIDWHK:0.25	LNTVRVPV:0.4166666666666667	GLNTVRVP:0.4166666666666667	LGGWLVAE:0.25	RVPVGYWI:0.25	NLGGWLVA:0.25	VRVPVGYW:0.3333333333333333	VNLGSWLV:0.25	VGWWIYED:0.25	RGVNLGSW:0.25	GWTYWSWK:0.25	AGWTYWSW:0.25	GWWIYEDP:0.25	FGLNTVRV:0.25	GVNLGSWL:0.25	WWIYEDPN:0.25	FLGIGLLN:0.3333333333333333	TVRVPVGY:0.25	LGIGLLNE:0.3333333333333333	GIGLLNEP:0.3333333333333333	AFLGIGLL:0.25	
