cluster number:229
GH5:22	GH5:17|GH5_25:4|GH5_37:1|3.2.1.4:1
YDPFLFTH:0.4090909090909091	DPFLFTHQ:0.4090909090909091	PFLFTHQG:0.5	TFHFYDPF:0.2727272727272727	HFYDPFLF:0.22727272727272727	FLFTHQGA:0.5	FHFYDPFL:0.22727272727272727	FYDPFLFT:0.22727272727272727	LNEPHGIS:0.2727272727272727	LFTHQGAS:0.3181818181818182	YTFHFYDP:0.5	IIDNHSFD:0.2727272727272727	FTHQGASW:0.3181818181818182	IYTFHFYD:0.4090909090909091	NEPHGISD:0.2727272727272727	VFCGEFGV:0.36363636363636365	EILNEPHG:0.45454545454545453	ILNEPHGI:0.45454545454545453	LIYTFHFY:0.22727272727272727	YEILNEPH:0.45454545454545453	SIPWRMRY:0.22727272727272727	PVFCGEFG:0.36363636363636365	IIYTFHFY:0.2727272727272727	GGTEYNSI:0.22727272727272727	ASDPKTLY:0.22727272727272727	SWDYYGGF:0.22727272727272727	KIIYTFHF:0.22727272727272727	YIIIDNHS:0.22727272727272727	RAMGFTPP:0.22727272727272727	WDYYGGFG:0.22727272727272727	IYIIIDNH:0.22727272727272727	IIIDNHSF:0.22727272727272727	NEDRVRWY:0.22727272727272727	FCGEFGVF:0.22727272727272727	CGEFGVFM:0.2727272727272727	
