cluster number:172
GH5:35	GH5_7:35|3.2.1.78:2
PFYVNGFN:0.2857142857142857	TVCRTWAF:0.45714285714285713	ALDFVVSE:0.3142857142857143	DFASVHVY:0.2	FKALDFVV:0.22857142857142856	GVDFASVH:0.22857142857142856	ELMNEPRC:0.5142857142857142	GFNTYWLM:0.2571428571428571	WELMNEPR:0.5142857142857142	CRTWAFND:0.5142857142857142	TWAFNDGG:0.22857142857142856	LGVDFASV:0.22857142857142856	STRGKVTE:0.22857142857142856	YVNGFNTY:0.2857142857142857	RGKVTEVF:0.22857142857142856	VFKALDFV:0.2571428571428571	RTWAFNDG:0.6285714285714286	TRGKVTEV:0.22857142857142856	FYVNGFNT:0.2857142857142857	VNGFNTYW:0.2857142857142857	AWELMNEP:0.45714285714285713	LTVCRTWA:0.37142857142857144	NGFNTYWL:0.2	VCRTWAFN:0.5142857142857142	YGGKAQYV:0.37142857142857144	KALDFVVS:0.22857142857142856	GLTVCRTW:0.37142857142857144	LDFVVSEA:0.3142857142857143	WRALQKSP:0.2857142857142857	DPTIFAWE:0.45714285714285713	SFFFDPSI:0.22857142857142856	FFFDPSIR:0.2	EGVGLSSS:0.2	LLLSLVNN:0.22857142857142856	GVGLSSSN:0.2	YRNDPTIF:0.2	LSSSNDSF:0.22857142857142856	ASVHIYPD:0.22857142857142856	YGGKTQYV:0.22857142857142856	KKPVLFTE:0.2	PVLFTEFG:0.2571428571428571	SNDSFFFD:0.2571428571428571	ELINEPRC:0.3142857142857143	NDPTIFAW:0.2857142857142857	GLEGFYGP:0.5714285714285714	WQEGVGLS:0.2	SVHIYPDH:0.2857142857142857	VGLEGFYG:0.37142857142857144	DFASVHIY:0.3142857142857143	NDSFFFDP:0.2571428571428571	MGLTVCRT:0.22857142857142856	QEGVGLSS:0.2	LTVGLEGF:0.2857142857142857	VGLSSSND:0.2	YVNGWNSY:0.22857142857142856	WELINEPR:0.3142857142857143	LKKPVLFT:0.2	HIYPDHWF:0.37142857142857144	IYPDHWFH:0.2571428571428571	GLSSSNDS:0.22857142857142856	SSSNDSFF:0.22857142857142856	WAWQEGVG:0.2	LLTVGLEG:0.2857142857142857	TVGLEGFY:0.34285714285714286	GIEYRNDP:0.2	TGIEYRND:0.2	LLSLVNNL:0.22857142857142856	PTIFAWEL:0.45714285714285713	KMGLTVCR:0.2	VHIYPDHW:0.2857142857142857	SSNDSFFF:0.2	VNGWNSYW:0.22857142857142856	AWQEGVGL:0.2	AWELINEP:0.22857142857142856	HLLTVGLE:0.2857142857142857	AYGGKTQY:0.22857142857142856	DSFFFDPS:0.22857142857142856	RLLLSLVN:0.22857142857142856	FASVHIYP:0.22857142857142856	NDDFGIVP:0.2	NEPRCTSD:0.22857142857142856	NGWNSYWL:0.2571428571428571	GWNSYWLM:0.22857142857142856	DPSGDTLQ:0.2571428571428571	LMNEPRCT:0.2	SGDTLQDW:0.2	FAWELMNE:0.34285714285714286	IFAWELMN:0.34285714285714286	PKRLTVNP:0.2	TIFAWELM:0.3142857142857143	RCPSDPSG:0.2	HLVEIGLE:0.2	RVNTFTNI:0.2	LVEIGLEG:0.2	KHLVEIGL:0.2	EIGLEGFY:0.2	NRVNTFTN:0.2	NTFTNITY:0.2	VNTFTNIT:0.2	VLNRVNTF:0.2	TFTNITYK:0.2	LNRVNTFT:0.2	IGLEGFYG:0.2571428571428571	LEGFYGPS:0.2571428571428571	NEPRCPSD:0.2	VEIGLEGF:0.2	CPSDPSGD:0.2	QVGTDFIR:0.2571428571428571	EPRCPSDP:0.2	PRCPSDPS:0.2	VGTDFIRN:0.2857142857142857	KAQYVKWG:0.22857142857142856	AFNDGQWR:0.22857142857142856	KYKIRLIL:0.22857142857142856	GGKAQYVK:0.2571428571428571	GKAQYVKW:0.2571428571428571	GLNLTSDD:0.22857142857142856	GQWRALQK:0.22857142857142856	WAFNDGQW:0.22857142857142856	FNDGQWRA:0.22857142857142856	AYGGKAQY:0.2	QWRALQKS:0.22857142857142856	NLTSDDDF:0.2	LTSDDDFF:0.2	GTDFIRNH:0.2	YKIRLILS:0.22857142857142856	TWAFNDGQ:0.22857142857142856	KIRLILSL:0.22857142857142856	DGQWRALQ:0.22857142857142856	LNLTSDDD:0.2	NDGQWRAL:0.22857142857142856	RALQKSPS:0.2	QKSPSVYD:0.2	ALQKSPSV:0.2	LQKSPSVY:0.2	KSPSVYDE:0.2	
