cluster number:154
GH5:27	GH5:27
IYVGEFSA:0.4444444444444444	WDWTYHAF:0.4074074074074074	TYHAFREW:0.2962962962962963	WTYHAFRE:0.4444444444444444	FEEYGWDW:0.6296296296296297	IFEEYGWD:0.4074074074074074	ISIFEEYG:0.2222222222222222	GWDWTYHA:0.4444444444444444	ARIYVGEF:0.37037037037037035	DWTYHAFR:0.4074074074074074	SIFEEYGW:0.2222222222222222	RIYVGEFS:0.3333333333333333	YVGEFSAI:0.25925925925925924	YGWDWTYH:0.2962962962962963	EYGWDWTY:0.2962962962962963	EEYGWDWT:0.2962962962962963	GARIYVGE:0.2222222222222222	EEYGWDWS:0.2962962962962963	WDWSYHAF:0.3333333333333333	WSYHAFRE:0.37037037037037035	GWDWSYHA:0.3333333333333333	DWSYHAFR:0.3333333333333333	EYGWDWSY:0.2962962962962963	YGWDWSYH:0.2962962962962963	SYHAFREW:0.2222222222222222	AYDLVNEP:0.2222222222222222	DLHTPPGG:0.25925925925925924	
