cluster number:180
GH5:153	GH5_2:114|GH5:39|CBM5:31|CBM6:23|3.2.1.4:23|CBM2:8|PL0:6|CBM10:6|CBM81:5|CBM59:5|GH6:3|CBM57:1|GH11:1|GH5_53:1|3.2.1.91:1
GTPTWSQD:0.42483660130718953	VGTPTWSQ:0.42483660130718953	YEIYNEPL:0.5947712418300654	IVGTPTWS:0.29411764705882354	IIVGTPTW:0.27450980392156865	LIIVGTPT:0.2549019607843137	PTWSQDVD:0.41830065359477125	TPTWSQDV:0.42483660130718953	IYEIYNEP:0.6470588235294118	DNLIIVGT:0.41830065359477125	VIIDWHSH:0.24183006535947713	MYVIIDWH:0.24183006535947713	EPLQVSWS:0.2875816993464052	NDMYVIID:0.2222222222222222	AYTLHFYA:0.5490196078431373	NLIIVGTP:0.35947712418300654	NEPLQVSW:0.29411764705882354	NIAYTLHF:0.4444444444444444	TLHFYAGT:0.39215686274509803	GIALFVTE:0.2679738562091503	YVIIDWHS:0.2549019607843137	GNSLFWSN:0.23529411764705882	ALFVTEWG:0.3464052287581699	DMYVIIDW:0.20261437908496732	IALFVTEW:0.24836601307189543	ANDMYVII:0.20261437908496732	YNEPLQVS:0.29411764705882354	HFYAGTHG:0.3333333333333333	YTLHFYAG:0.43790849673202614	PDNLIIVG:0.42483660130718953	LHFYAGTH:0.41830065359477125	DPDNLIIV:0.42483660130718953	IAYTLHFY:0.4444444444444444	VGTPSWSQ:0.22875816993464052	EIYNEPLQ:0.4117647058823529	NVIYEIYN:0.45098039215686275	IRAIDPDN:0.3660130718954248	ANWALNDK:0.2222222222222222	RAIDPDNL:0.35947712418300654	IVGTPSWS:0.20261437908496732	IDPDNLII:0.3790849673202614	IIVGTPSW:0.20261437908496732	VIYEIYNE:0.49019607843137253	LIIVGTPS:0.20261437908496732	AIDPDNLI:0.35947712418300654	IYNEPLQV:0.2679738562091503	AIRAIDPD:0.24836601307189543	FWSNTGWG:0.21568627450980393	WSQDVDVA:0.21568627450980393	LFVTEWGT:0.20915032679738563	
