cluster number:58
GH5:7	GH5_25:6|GH5:1
HLIVTFHF:0.42857142857142855	VGPTQWNS:0.42857142857142855	STIRPSNP:0.2857142857142857	TIRPSNPT:0.42857142857142855	IVTFHFYN:0.42857142857142855	LSTIRPSN:0.2857142857142857	VTFHFYNP:0.42857142857142855	LNEPSRQL:0.42857142857142855	LLSTIRPS:0.2857142857142857	GPTQWNSL:0.42857142857142855	RPSNPTRN:0.42857142857142855	PSNPTRNV:0.42857142857142855	DLLSTIRP:0.2857142857142857	NVIVGPTQ:0.42857142857142855	PTQWNSLH:0.42857142857142855	QWNSLHKL:0.42857142857142855	EPSRQLDP:0.42857142857142855	NSLHKLPE:0.5714285714285714	WNAWIPDL:0.8571428571428571	TQWNSLHK:0.42857142857142855	TRNVIVGP:0.8571428571428571	IPDLLSTI:0.2857142857142857	LHKLPELQ:0.5714285714285714	ELLNEPSR:0.7142857142857143	HKLPELQL:0.5714285714285714	VIVGPTQW:0.42857142857142855	AWIPDLLS:0.2857142857142857	IRPSNPTR:0.42857142857142855	IVGPTQWN:0.42857142857142855	WNSLHKLP:0.5714285714285714	LLNEPSRQ:0.42857142857142855	WIPDLLST:0.2857142857142857	NPTRNVIV:0.7142857142857143	RNVIVGPT:0.7142857142857143	SLHKLPEL:0.5714285714285714	LPELQLPK:0.5714285714285714	PTRNVIVG:0.8571428571428571	FELLNEPS:0.42857142857142855	PDLLSTIR:0.2857142857142857	KLPELQLP:0.5714285714285714	NAWIPDLL:0.8571428571428571	ELQLPKAD:0.5714285714285714	SNPTRNVI:0.42857142857142855	NEPSRQLD:0.42857142857142855	LIVTFHFY:0.42857142857142855	PELQLPKA:0.5714285714285714	KADRHLIV:0.7142857142857143	QLDPLWNA:0.2857142857142857	LDPLWNAW:0.2857142857142857	DPLWNAWI:0.2857142857142857	PKADRHLI:0.7142857142857143	RHLIVTFH:0.7142857142857143	ADRHLIVT:0.7142857142857143	QLPKADRH:0.5714285714285714	SRQLDPLW:0.2857142857142857	RQLDPLWN:0.2857142857142857	LPKADRHL:0.7142857142857143	PSRQLDPL:0.2857142857142857	LQLPKADR:0.5714285714285714	DRHLIVTF:0.7142857142857143	HLIVTFHY:0.42857142857142855	IVTFHYYN:0.42857142857142855	VTFHYYNP:0.42857142857142855	YELLNEPS:0.2857142857142857	LWNAWIPD:0.2857142857142857	LIVTFHYY:0.42857142857142855	AWIPDLLA:0.5714285714285714	LNEPSRKL:0.2857142857142857	NWNSLHKL:0.2857142857142857	NEPSRKLD:0.2857142857142857	LLNEPSRK:0.2857142857142857	NVIVGPTN:0.2857142857142857	VWNAWIPD:0.42857142857142855	PTNWNSLH:0.2857142857142857	TNPTRNVI:0.2857142857142857	VGPTNWNS:0.2857142857142857	VIVGPTNW:0.2857142857142857	IVGPTNWN:0.2857142857142857	ELLNEPNR:0.2857142857142857	GPTNWNSL:0.2857142857142857	WNSLHRLA:0.2857142857142857	SLHRLADL:0.2857142857142857	NSLHRLAD:0.2857142857142857	WIPDLLAT:0.2857142857142857	
