cluster number:46
GH5:203	GH5_9:200|3.2.1.58:13|GH5_54:2|3.2.1.75:1|GH5:1
EPYITPSL:0.5123152709359606	QNGFDNSG:0.8866995073891626	SQNGFDNS:0.8374384236453202	PGSQNGFD:0.5270935960591133	GSQNGFDN:0.7881773399014779	DHHHYEVF:0.22660098522167488	KVWIDLHG:0.2857142857142857	LKVWIDLH:0.2561576354679803	VNLGGWLV:0.21674876847290642	GVNLGGWL:0.22167487684729065	VRIPIGYW:0.6945812807881774	RIPIGYWA:0.6995073891625616	NLVRIPIG:0.3645320197044335	LVRIPIGY:0.3645320197044335	IPIGYWAF:0.4729064039408867	FDNSGLRD:0.3793103448275862	YITPSLFE:0.30049261083743845	DHHHYQVF:0.37438423645320196	AAGSQNGF:0.22660098522167488	LHGAAGSQ:0.22660098522167488	ELLNEPLG:0.26108374384236455	LEPYITPS:0.4039408866995074	SAALTDCT:0.21674876847290642	ALTDCTKW:0.20689655172413793	HHHYQVFS:0.3054187192118227	AALTDCTK:0.2019704433497537	GFDNSGLR:0.43842364532019706	VWIDLHGA:0.3054187192118227	VIGIELLN:0.21182266009852216	TKWLNGVG:0.20689655172413793	IEAQLDAF:0.2315270935960591	VLEPYITP:0.3645320197044335	GAAGSQNG:0.22660098522167488	NSGLRDSY:0.2315270935960591	DDGIPVDE:0.20689655172413793	LGGWLVLE:0.23645320197044334	FNLVRIPI:0.3103448275862069	WLVLEPYI:0.30049261083743845	NGFDNSGL:0.458128078817734	IGIELLNE:0.22167487684729065	IDHHHYQV:0.23645320197044334	HGAAGSQN:0.22660098522167488	NDDGIPVD:0.20689655172413793	DNSGLRDS:0.2660098522167488	GGWLVLEP:0.43349753694581283	NLGGWLVL:0.2019704433497537	GFNLVRIP:0.3448275862068966	GWLVLEPY:0.30049261083743845	IELLNEPL:0.26108374384236455	GIPVDEYH:0.2315270935960591	CTKWLNGV:0.20689655172413793	AGSQNGFD:0.22660098522167488	LVLEPYIT:0.30049261083743845	LLNEPLGP:0.21674876847290642	GIELLNEP:0.28078817733990147	EAQLDAFE:0.33497536945812806	TDCTKWLN:0.23645320197044334	DCTKWLNG:0.21182266009852216	PYITPSLF:0.39408866995073893	DLHGAAGS:0.22660098522167488	APGSQNGF:0.3891625615763547	IGGWLVLE:0.21182266009852216	RGVNIGGW:0.2315270935960591	GVNIGGWL:0.2413793103448276	HGAPGSQN:0.43842364532019706	VNIGGWLV:0.20689655172413793	DLHGAPGS:0.4187192118226601	LHGAPGSQ:0.4187192118226601	IDLHGAPG:0.2413793103448276	GAPGSQNG:0.4187192118226601	RGVNLGGW:0.2019704433497537	
