cluster number:164
GH5:7	GH5_19:7
VLLEEFGF:0.42857142857142855	WRPLELGF:0.5714285714285714	VDYIGPHL:0.2857142857142857	VGHMSGRN:0.5714285714285714	LEEFGFST:0.8571428571428571	YIGPHLYL:0.2857142857142857	SGAFIWCF:0.42857142857142855	DYIGPHLY:0.2857142857142857	PLELGFGI:0.2857142857142857	EWRPLELG:0.2857142857142857	IGPHLYLY:0.2857142857142857	YEWRPLEL:0.2857142857142857	RPLELGFG:0.5714285714285714	GIIGFPTL:0.2857142857142857	KFLLGVNY:0.42857142857142855	HESPTHLW:0.2857142857142857	PVLLEEFG:0.42857142857142855	PYEWRPLE:0.2857142857142857	EEFGFSTL:0.2857142857142857	LELGFGII:0.2857142857142857	LLEEFGFS:0.42857142857142855	DPPYEWRP:0.2857142857142857	GHMSGRNW:0.5714285714285714	PPYEWRPL:0.2857142857142857	EFGFSTLQ:0.2857142857142857	VGHMSGKN:0.2857142857142857	ASGAFIWC:0.2857142857142857	ILSNELSL:0.42857142857142855	GVNYWPRK:0.42857142857142855	LGVNYWPR:0.42857142857142855	SNELSLVK:0.42857142857142855	LLGVNYWP:0.42857142857142855	GGWILSNE:0.2857142857142857	LSNELSLV:0.42857142857142855	FLLGVNYW:0.42857142857142855	TLIVGHMS:0.2857142857142857	AFIWCFSD:0.42857142857142855	GPHLYLYD:0.2857142857142857	ILEEFGFS:0.2857142857142857	FKFLLGVN:0.2857142857142857	GAFIWCFS:0.42857142857142855	GWILSNEL:0.5714285714285714	MQETPNVR:0.2857142857142857	FIWCFSDF:0.42857142857142855	PTLIVGHM:0.2857142857142857	DYEFIWYK:0.2857142857142857	LIVGHMSG:0.2857142857142857	WILSNELS:0.42857142857142855	GLHLYFYD:0.2857142857142857	GHMSGKNF:0.2857142857142857	EPYDWRPL:0.2857142857142857	DWRPLELG:0.2857142857142857	PLELGFGL:0.2857142857142857	YDWRPLEL:0.2857142857142857	PYDWRPLE:0.42857142857142855	LELGFGLV:0.2857142857142857	IVGHMSGR:0.2857142857142857	IKMWKEWN:0.2857142857142857	NIKMWKEW:0.2857142857142857	DPPYEWRL:0.2857142857142857	AIEGWLMS:0.2857142857142857	EEFGFSTN:0.2857142857142857	EGWLMSNE:0.2857142857142857	HPAIEGWL:0.2857142857142857	PAIEGWLM:0.2857142857142857	FLEEFGFS:0.2857142857142857	EFGFSTNQ:0.2857142857142857	SQGEFIYS:0.2857142857142857	IEGWLMSN:0.2857142857142857	
