cluster number:133
GH5:15	GH5:15
PALGGAGG:0.4666666666666667	GYQVSVTG:0.2	YEIMNEPW:0.26666666666666666	DDAAFLAA:0.5333333333333333	AGYEIMNE:0.26666666666666666	DAAFLAAN:0.6	FGDGGAGW:0.4	DDDAAFLA:0.26666666666666666	FLAANGFT:0.2	MNEPWPGS:0.2	GGVGGAGG:0.2	GGDGGDAG:0.2	WLGSLLGN:0.2	GWLFGDGG:0.4	YQVSVTGG:0.2	EIMNEPWP:0.2	LFGDGGAG:0.4	ILDMHQDL:0.3333333333333333	GGDGGDGG:0.2	AIRSVDPN:0.3333333333333333	LGSLLGNP:0.2	GDGGAGWD:0.2	LAQPYPQV:0.2	WLFGDGGA:0.4	AFLAANGF:0.6	LPALGGAG:0.3333333333333333	GYEIMNEP:0.26666666666666666	VAGYEIMN:0.26666666666666666	EPQPGVYD:0.2	LDMHQDLY:0.4	IMNEPWPG:0.26666666666666666	PNGYQVSV:0.2	AAFLAANG:0.6	WQAVADYF:0.2	ALGGAGGT:0.26666666666666666	GGWLLGDG:0.2	GGAGGTAG:0.2	GWLLGDGG:0.26666666666666666	GSYVIGNG:0.2	AGGWLLGD:0.2	DMHQDLYS:0.26666666666666666	DGGAGGWL:0.26666666666666666	GAGGWLLG:0.2	NGFNVVRL:0.3333333333333333	LGGAGGTA:0.2	IAAIRSVD:0.2	GFNVVRLG:0.3333333333333333	GGAGGWLL:0.2	LGDGGAGW:0.2	LLGDGGAG:0.2	LAANGFNA:0.2	WLLGDGGA:0.2	ALGGAGGN:0.2	GGAGAAGG:0.26666666666666666	FLAANGFN:0.4666666666666667	LTPFYNQV:0.2	QLTPFYNQ:0.3333333333333333	QQLTPFYN:0.3333333333333333	GAAGGDGG:0.26666666666666666	GYDIMNEP:0.2	LAANGFNV:0.2	VRLGVIWA:0.2	VVRLGVIW:0.2	ANGFNVVR:0.2	FNVVRLGV:0.26666666666666666	AANGFNVV:0.2	NVVRLGVI:0.2	LHGLNQVY:0.2	HGLNQVYK:0.26666666666666666	AGGDGGAG:0.26666666666666666	AAGIFGDG:0.2	VDPNKTVF:0.2	QYPNGYTV:0.2	AALAEPGP:0.2	LAEPGPAV:0.2	APPVEVSN:0.2	AGSQTTIS:0.2	PVEVSNGW:0.2	EWAYTGND:0.2	VAILDMHQ:0.2	YPNGYTVN:0.2	GIFGDGGD:0.2	GIGLQNHY:0.2	FGDGGDGG:0.2	TNGDGQVV:0.2	PNGYTVNV:0.2	PPVEVSNG:0.2	GSTVIGNG:0.2	IFGDGGDG:0.2	GSQTTISV:0.2	GGDGGAGG:0.26666666666666666	GDGGAGGW:0.2	DGIGLQNH:0.2	IRSVDPNK:0.2	FGSTVIGN:0.2	SQTTISVP:0.2	IVAILDMH:0.2	GGAAGIFG:0.2	ALAEPGPA:0.2	DPNKTVFF:0.2	GHGGDAGD:0.2	AILDMHQD:0.2	GAAGIFGD:0.2	AGIFGDGG:0.2	NHAWDAFW:0.2	LFGSTVIG:0.2	RSVDPNKT:0.2	GGHGGDAG:0.2	AGAAGGDG:0.2	IGLQNHYA:0.2	GGWLFGDG:0.26666666666666666	SVDPNKTV:0.2	HGGDAGDG:0.2	AWDAFWAN:0.26666666666666666	GAGAAGGD:0.2	AAGGDGGA:0.2	AAIRSVDP:0.2	
