cluster number:198
GH5:21	GH5_49:21
VGEYSCVL:0.38095238095238093	VGLQIVNE:0.23809523809523808	GVNFGSLF:0.3333333333333333	GVLIDLHA:0.23809523809523808	IDLHALPG:0.2857142857142857	SDGWWPDQ:0.6190476190476191	IVGEYSCV:0.23809523809523808	EYSCVLDG:0.3333333333333333	WWPDQWVK:0.38095238095238093	ISDGWWPD:0.6190476190476191	VLIDLHAL:0.23809523809523808	VNFGSLFV:0.23809523809523808	FGVNFGSL:0.3333333333333333	GWWPDQWV:0.5714285714285714	GDGGEWGF:0.23809523809523808	WPDQWVKW:0.38095238095238093	DLHALPGG:0.3333333333333333	DGWWPDQW:0.5714285714285714	NFGVNFGS:0.23809523809523808	GLQIVNES:0.23809523809523808	LHALPGGA:0.3333333333333333	HGDGGEWG:0.23809523809523808	LIDLHALP:0.2857142857142857	IISDGWWP:0.23809523809523808	GEYSCVLD:0.7142857142857143	WEWEQGFD:0.23809523809523808	HALPGGAN:0.3333333333333333	VISDGWWP:0.38095238095238093	PIVISDGW:0.2857142857142857	PDQWVKWV:0.2857142857142857	IVISDGWW:0.2857142857142857	IDHHVYRC:0.23809523809523808	HVYRCFSD:0.38095238095238093	HHVYRCFS:0.23809523809523808	DHHVYRCF:0.23809523809523808	IIGEYSCV:0.23809523809523808	DQWVKWVQ:0.3333333333333333	SYFWTFKF:0.3333333333333333	KTMTDKGA:0.23809523809523808	DFKTMTDK:0.23809523809523808	GDVLTNLN:0.23809523809523808	SGNGGEWD:0.38095238095238093	TMTDKGAL:0.23809523809523808	DIHGLPGG:0.2857142857142857	QSGNGGEW:0.3333333333333333	YFWTFKFQ:0.3333333333333333	NGGEWDFK:0.23809523809523808	EHVYRCFS:0.23809523809523808	WDFKTMTD:0.23809523809523808	FKTMTDKG:0.23809523809523808	FKFQSGNG:0.2857142857142857	DVLTNLND:0.23809523809523808	IHGLPGGA:0.2857142857142857	HGLPGGAN:0.3333333333333333	KFQSGNGG:0.3333333333333333	TFKFQSGN:0.2857142857142857	DEHVYRCF:0.23809523809523808	EWDFKTMT:0.23809523809523808	SGSYFWTF:0.23809523809523808	PVVISDGW:0.23809523809523808	GSYFWTFK:0.3333333333333333	GEWDFKTM:0.23809523809523808	SIRLPIGY:0.23809523809523808	FQSGNGGE:0.3333333333333333	SGHSGESG:0.23809523809523808	WTFKFQSG:0.2857142857142857	GNGGEWDF:0.3333333333333333	FWTFKFQS:0.2857142857142857	GGEWDFKT:0.23809523809523808	VVISDGWW:0.23809523809523808	GIQVVNEA:0.23809523809523808	LWEWEQGF:0.3333333333333333	FLWEWEQG:0.3333333333333333	IGEYSCVL:0.23809523809523808	YRCFSDDD:0.3333333333333333	RCFSDDDK:0.2857142857142857	
