cluster number:165
GH5:48	GH5_4:48|CBM72:22|3.2.1.4:10|3.2.1.-:7|3.2.1.8:2|GH26:2|3.2.1.73:2|3.2.1.78:2|CBM65:1
VHEVVDYV:0.2916666666666667	VHHDTGAD:0.3333333333333333	YCIINVHH:0.2708333333333333	HEVVDYVI:0.2916666666666667	EAGFGAIR:0.3958333333333333	ATGGNNAQ:0.22916666666666666	INVHHDTG:0.2708333333333333	KMMKEAGF:0.3333333333333333	GFGAIRVP:0.5208333333333334	IRVPVTWY:0.5833333333333334	RVPVTWYN:0.25	RNLIVNTY:0.22916666666666666	GAIRVPVT:0.4166666666666667	MKEAGFGA:0.3333333333333333	CIINVHHD:0.2708333333333333	AGFGAIRV:0.4791666666666667	MMKEAGFG:0.3333333333333333	RATGGNNA:0.3125	TGGNNAQR:0.22916666666666666	AIRVPVTW:0.6041666666666666	VTWYNHMD:0.2708333333333333	VPVTWYNH:0.25	FESYNEML:0.3125	LLFESYNE:0.2708333333333333	ESYNEMLD:0.3125	RVHEVVDY:0.2916666666666667	LFESYNEM:0.2916666666666667	NVHHDTGA:0.5625	IINVHHDT:0.2708333333333333	FGAIRVPV:0.4166666666666667	GWNLGNTL:0.7083333333333334	KEAGFGAI:0.3958333333333333	PVTWYNHM:0.2708333333333333	VRATGGNN:0.4166666666666667	CILNVHHD:0.4583333333333333	ILNVHHDT:0.4166666666666667	YCILNVHH:0.4583333333333333	WNLGNTLD:0.5833333333333334	GMYCILNV:0.3958333333333333	VGWNLGNT:0.4791666666666667	MYCILNVH:0.3958333333333333	NLGNTLDA:0.4791666666666667	LNVHHDTG:0.4375	EGMYCILN:0.22916666666666666	DEGMYCIL:0.20833333333333334	VKEVVDYV:0.3125	YWMGLSDG:0.3958333333333333	EVVDYVID:0.3541666666666667	RVKEVVDY:0.3125	KEVVDYVI:0.2708333333333333	FYWMGLSD:0.3541666666666667	GVGWNLGN:0.4583333333333333	MGVGWNLG:0.4583333333333333	NMGVGWNL:0.3958333333333333	PVIIGEYA:0.2708333333333333	LFEAYNEM:0.22916666666666666	VNTYSASS:0.25	APVIIGEY:0.25	KSFVTTVR:0.20833333333333334	IIGEYATF:0.25	TFYWMGLS:0.3333333333333333	VIIGEYAT:0.25	YAKSFVTT:0.20833333333333334	AVKNMGVG:0.3125	GEYATFTT:0.25	EYATFTTW:0.25	LLFEAYNE:0.22916666666666666	GTFYWMGL:0.22916666666666666	LGNTLDAN:0.25	RAPVIIGE:0.22916666666666666	IGEYATFT:0.20833333333333334	TLIKAYYG:0.20833333333333334	EAYNEMLD:0.22916666666666666	AKSFVTTV:0.20833333333333334	YDQKLLFE:0.20833333333333334	WGQPVTKP:0.2916666666666667	FEAYNEML:0.22916666666666666	GQPVTKPE:0.2916666666666667	QPVTKPEL:0.2916666666666667	KNMGVGWN:0.3125	VKNMGVGW:0.3125	IGTFYWMG:0.25	GIGTFYWM:0.25	VALYAMDY:0.22916666666666666	YATFTTWP:0.25	NTYSASST:0.20833333333333334	KRVHEVVD:0.22916666666666666	RNLVVNTY:0.3125	
