cluster number:45
GH5:36	GH5_26:36|3.2.1.4:13|3.2.1.-:2|3.2.1.73:1
PLVAGFNW:0.2777777777777778	VAGFNWAY:0.4722222222222222	SHPYPMKR:0.4444444444444444	IPLVAGFN:0.25	IIDWHSIG:0.3611111111111111	LVAGFNWA:0.4722222222222222	WHSIGNLK:0.6111111111111112	VSHPYPMK:0.5	DWHSIGNL:0.8055555555555556	YVSHPYPM:0.5	ELFNEPTV:0.3888888888888889	GFNWAYDL:0.75	AGFNWAYD:0.7222222222222222	IDWHSIGN:0.4444444444444444	YELFNEPT:0.3888888888888889	NRFVDEQG:0.2222222222222222	GNRFVDEQ:0.2222222222222222	YEIFNEPT:0.2222222222222222	IFNEPTVF:0.2222222222222222	AYVSHPYP:0.6111111111111112	CFDTSWAP:0.25	NVAYVSHP:0.3055555555555556	APMLISDW:0.25	PTTQGRFF:0.3055555555555556	GANVVRFA:0.25	VIMDWHSI:0.2777777777777778	DVYGEHIT:0.2222222222222222	QWNERYFA:0.2777777777777778	DWDFTPTT:0.25	SDPVKLVR:0.2777777777777778	FTVWCFDT:0.2777777777777778	TPTTQGRF:0.25	QGRFFKAY:0.2222222222222222	GQWNERYF:0.25	DTYPVICT:0.2777777777777778	TQGRFFKA:0.2222222222222222	TDVYGEHI:0.2222222222222222	GISFTVWC:0.3055555555555556	TTQGRFFK:0.25	YVIMDWHS:0.2777777777777778	FTPTTQGR:0.25	SFTVWCFD:0.3055555555555556	ISFTVWCF:0.3055555555555556	KGISFTVW:0.3055555555555556	WDFTPTTQ:0.25	GLCFSDPV:0.2777777777777778	TVWCFDTS:0.25	MDWHSIGN:0.2777777777777778	ANVVRFAV:0.25	WGANVVRF:0.25	VAYVSHPY:0.3055555555555556	DPVKLVRE:0.2222222222222222	ALYELFNE:0.25	WAPMLISD:0.25	VWCFDTSW:0.25	FRGLCFSD:0.2777777777777778	VVRFAVHP:0.2777777777777778	TSWAPMLI:0.25	CFSDPVKL:0.2777777777777778	VALYELFN:0.25	VADTYPVI:0.2777777777777778	MLISDWDF:0.25	PVICTEIG:0.3055555555555556	LISDWDFT:0.25	YPVICTEI:0.2777777777777778	LYELFNEP:0.25	STDVYGEH:0.2222222222222222	RFFKAYLQ:0.2222222222222222	ISDWDFTP:0.25	IMDWHSIG:0.2777777777777778	PMLISDWD:0.25	FDTSWAPM:0.25	SWAPMLIS:0.2222222222222222	NVVRFAVH:0.2777777777777778	ADTYPVIC:0.2777777777777778	TYPVICTE:0.2777777777777778	FSDPVKLV:0.25	LCFSDPVK:0.2777777777777778	WCFDTSWA:0.25	RGLCFSDP:0.2777777777777778	DTSWAPML:0.25	SDWDFTPT:0.25	GRFFKAYL:0.2222222222222222	DFTPTTQG:0.25	RYKDEPTV:0.2222222222222222	RSEPWEEQ:0.2222222222222222	PTVALYEL:0.2222222222222222	YKDEPTVA:0.2222222222222222	MYVIMDWH:0.25	DEPGAHIP:0.2222222222222222	LCAGFNWA:0.2777777777777778	GMYVIMDW:0.25	CLCAGFNW:0.2777777777777778	KDEPTVAL:0.2222222222222222	DWGANVVR:0.2222222222222222	AHIPVMST:0.2222222222222222	HPYPMKRS:0.25	PMKRSEPW:0.25	PGAHIPVM:0.2222222222222222	LFNEPTVT:0.2222222222222222	ADWGANVV:0.2222222222222222	KRSEPWEE:0.2222222222222222	EPWEEQWE:0.2222222222222222	EPTVALYE:0.2222222222222222	AADWGANV:0.2222222222222222	SEPWEEQW:0.2222222222222222	EPGAHIPV:0.2222222222222222	YPMKRSEP:0.25	MKRSEPWE:0.25	DEPTVALY:0.2222222222222222	WAYDLTPV:0.3888888888888889	PYPMKRSE:0.25	NWAYDLTP:0.5	AYDLTPVA:0.3333333333333333	FNWAYDLT:0.5277777777777778	CAGFNWAY:0.2777777777777778	GAHIPVMS:0.2222222222222222	VSHPYPQK:0.2222222222222222	FDPDWSPQ:0.2222222222222222	IAYVSHPY:0.3055555555555556	YVSHPYPQ:0.2222222222222222	KGISWVAW:0.2222222222222222	GFVADTYP:0.2222222222222222	
