cluster number:161
GH5:14	GH5:14
TYHHQWLR:0.21428571428571427	MDWCFANK:0.8571428571428571	WAVNDKEE:0.6428571428571429	HQWLRDRA:0.7857142857142857	TGGWDDNE:0.6428571428571429	VIHCNWAV:0.5	LQSGIPIF:0.6428571428571429	IPGASTTG:0.7857142857142857	ANKVIHCN:0.5	FVTEWGSI:0.7142857142857143	DNELTEAG:0.7857142857142857	NELTEAGK:0.7142857142857143	PIFVTEWG:0.7857142857142857	TLHFYTTY:0.21428571428571427	YTLHFYTT:0.21428571428571427	ALQSGIPI:0.6428571428571429	DDNELTEA:0.6428571428571429	VNDKEEEW:0.5714285714285714	GGWDDNEL:0.6428571428571429	AYTLHFYT:0.6428571428571429	WGSIGYSL:0.7857142857142857	WCFANKVI:0.5	CNWAVNDK:0.7142857142857143	VTEWGSIG:0.7142857142857143	IAYTLHFY:0.6428571428571429	HCNWAVND:0.7857142857142857	CFANKVIH:0.5	LHFYTTYH:0.21428571428571427	HFYTTYHH:0.21428571428571427	KVIHCNWA:0.5	HHQWLRDR:0.7857142857142857	ASTTGGWD:0.6428571428571429	FANKVIHC:0.5	WMDWCFAN:0.8571428571428571	YQNIAYTL:0.5714285714285714	GYSLVDPE:0.7142857142857143	IHCNWAVN:0.6428571428571429	PGASTTGG:0.7857142857142857	EWGSIGYS:0.7857142857142857	FYTTYHHQ:0.21428571428571427	YTTYHHQW:0.21428571428571427	NKVIHCNW:0.5	YHHQWLRD:0.7857142857142857	TEWGSIGY:0.7857142857142857	SGIPIFVT:0.6428571428571429	NDKEEEWS:0.5714285714285714	TTGGWDDN:0.6428571428571429	SALQSGIP:0.7142857142857143	IFVTEWGS:0.6428571428571429	NWAVNDKE:0.6428571428571429	TTYHHQWL:0.21428571428571427	SIGYSLVD:0.6428571428571429	IGYSLVDP:0.7142857142857143	GASTTGGW:0.7857142857142857	AVNDKEEE:0.5	STTGGWDD:0.6428571428571429	QNIAYTLH:0.5714285714285714	GSIGYSLV:0.6428571428571429	IPIFVTEW:0.7142857142857143	GIPIFVTE:0.6428571428571429	WDDNELTE:0.6428571428571429	GWDDNELT:0.5714285714285714	QSGIPIFV:0.5714285714285714	DKEEEWSI:0.6428571428571429	NIAYTLHF:0.6428571428571429	DWCFANKV:0.6428571428571429	VEYQNIAY:0.5	IVEYQNIA:0.42857142857142855	DPIVEYQN:0.5714285714285714	PIVEYQNI:0.5	NKIIHCNW:0.2857142857142857	FANKIIHC:0.2857142857142857	ANKIIHCN:0.2857142857142857	WCFANKII:0.2857142857142857	EYQNIAYT:0.5	CFANKIIH:0.2857142857142857	RIDLAASD:0.7142857142857143	DLAASDPI:0.6428571428571429	EEEWSIVI:0.42857142857142855	PETNKWMD:0.5	LRDRASSA:0.7857142857142857	SSALQSGI:0.5714285714285714	RASSALQS:0.5714285714285714	LAASDPIV:0.5714285714285714	ASSALQSG:0.5714285714285714	ETNKWMDW:0.5	AASDPIVE:0.5714285714285714	RDRASSAL:0.7142857142857143	FYTIYHHQ:0.35714285714285715	SIVIPGAS:0.6428571428571429	NKWMDWCF:0.5	ASDPIVEY:0.5714285714285714	EWSIVIPG:0.5	WSIVIPGA:0.5714285714285714	IDLAASDP:0.7142857142857143	TIYHHQWL:0.42857142857142855	SDPIVEYQ:0.5	QWLRDRAS:0.7857142857142857	KWMDWCFA:0.5	LHFYTIYH:0.35714285714285715	VIPGASTT:0.6428571428571429	IDPETNKW:0.21428571428571427	TNKWMDWC:0.5	HFYTIYHH:0.35714285714285715	EEWSIVIP:0.5	DPETNKWM:0.5	WLRDRASS:0.7857142857142857	YTIYHHQW:0.42857142857142855	DRASSALQ:0.7142857142857143	IYHHQWLR:0.42857142857142855	IVIPGAST:0.6428571428571429	KEEEWSIV:0.42857142857142855	YSLVDPET:0.5714285714285714	RWMDWCFA:0.21428571428571427	SLVDPETN:0.5	VDPETNKW:0.2857142857142857	LVDPETNK:0.2857142857142857	IIHCNWAV:0.21428571428571427	DWCFANKI:0.21428571428571427	KIIHCNWA:0.21428571428571427	TLHFYTIY:0.2857142857142857	YTLHFYTI:0.2857142857142857	
