cluster number:15
GH5:145	GH5_13:144|GH93:1|GH5:1
NSGWVQSP:0.7448275862068966	INQLEMFQ:0.3793103448275862	HNSGWVQS:0.7448275862068966	SNAINQLE:0.32413793103448274	VLFDSCWD:0.6137931034482759	AINQLEMF:0.43448275862068964	NQLEMFQP:0.27586206896551724	PGVHNSGW:0.4413793103448276	DLWNEPDN:0.6	GVHNSGWV:0.4896551724137931	LWNEPDNP:0.5586206896551724	VHNSGWVQ:0.6068965517241379	LFDSCWDP:0.6137931034482759	FVLFDSCW:0.5379310344827586	WDLWNEPD:0.6137931034482759	NAINQLEM:0.43448275862068964	TSNAINQL:0.27586206896551724	QPLTSGVW:0.7448275862068966	GIKPLFVL:0.2689655172413793	LCTEYLAR:0.2206896551724138	WNEPDNPA:0.5586206896551724	GKTQTYLP:0.20689655172413793	GWDLWNEP:0.5655172413793104	VAGKTQTY:0.4482758620689655	NEPDNPAR:0.2	LFVLFDSC:0.4482758620689655	TYLPWDSW:0.23448275862068965	TQTYLPWD:0.2413793103448276	LGWDLWNE:0.5655172413793104	LGRPILCT:0.3103448275862069	VFLHDLLW:0.4	PILCTEYL:0.20689655172413793	IKPLFVLF:0.38620689655172413	GWVQSPGA:0.5172413793103449	AGKTQTYL:0.20689655172413793	PLFVLFDS:0.41379310344827586	AKRHNVGA:0.2413793103448276	RPILCTEY:0.4689655172413793	VRVFLHDL:0.33793103448275863	GWLVGANY:0.21379310344827587	KPLFVLFD:0.38620689655172413	FLHDLLWA:0.2482758620689655	ILCTEYLA:0.20689655172413793	KTQTYLPW:0.20689655172413793	RVFLHDLL:0.4	HDLLWAQD:0.23448275862068965	WVQSPGAE:0.31724137931034485	SGWVQSPG:0.7241379310344828	QGWLVGAN:0.2413793103448276	QTYLPWDS:0.23448275862068965	RRTALKLP:0.2	LHDLLWAQ:0.23448275862068965	GRPILCTE:0.38620689655172413	YLPWDSWD:0.2	RVFLHDQL:0.2827586206896552	WGLVAGKT:0.3586206896551724	LTSGVWQG:0.27586206896551724	SQPLTSGV:0.23448275862068965	PLTSGVWQ:0.2896551724137931	FDSCWDPF:0.296551724137931	RVLGWDLW:0.4	LVAGKTQT:0.3586206896551724	PSQPLTSG:0.22758620689655173	DSCWDPFP:0.296551724137931	VLGWDLWN:0.4	HGIKPLFV:0.23448275862068965	GLVAGKTQ:0.3586206896551724	FLHDQLWA:0.22758620689655173	DVITFHSY:0.21379310344827587	PWDSWDHP:0.2620689655172414	NWGLVAGK:0.2620689655172414	VFLHDQLW:0.2827586206896552	QTYFPWDS:0.2	QLDNSDVI:0.23448275862068965	GKTQTYFP:0.22758620689655173	TQTYFPWD:0.2	TVRVFLHD:0.2827586206896552	ITSNAINQ:0.2827586206896552	AGKTQTYF:0.23448275862068965	TYFPWDSW:0.2	NTVRVFLH:0.2896551724137931	FNTVRVFL:0.22758620689655173	GFNTVRVF:0.22758620689655173	KTQTYFPW:0.22758620689655173	PLGRPILC:0.30344827586206896	NYITSNAI:0.20689655172413793	VGANYITS:0.20689655172413793	YITSNAIN:0.20689655172413793	PRPGVHNS:0.2	GANYITSN:0.22758620689655173	ANYITSNA:0.22758620689655173	CTEYMARP:0.38620689655172413	PILCTEYM:0.2689655172413793	LCTEYMAR:0.38620689655172413	ILCTEYMA:0.2689655172413793	LLPQVFRW:0.2	LPQVFRWA:0.2	QSPGAERL:0.2482758620689655	PQVFRWAR:0.2	IDTELGWA:0.20689655172413793	RIDTELGW:0.20689655172413793	VQSPGAER:0.21379310344827587	
