cluster number:53
GH5:18	GH5:17|CBM9:2|CBM6:2|GH5_7:1|3.2.1.-:1
YELFNEPT:0.2222222222222222	LRGVNIAD:0.2222222222222222	PWVDTIRE:0.2777777777777778	AQPWVDTI:0.4444444444444444	PIIIGSPR:0.2222222222222222	RGVNIADP:0.2222222222222222	IIIGSPRW:0.2222222222222222	QDVLALFE:0.2222222222222222	QPWVDTIR:0.4444444444444444	LVLEYDNA:0.2222222222222222	LGNWCGAG:0.2222222222222222	NDYDGDPA:0.2222222222222222	RLNFWQGG:0.2222222222222222	NWCGAGSF:0.2222222222222222	WSSNRNDL:0.2222222222222222	ASTDSGGS:0.3333333333333333	STDSGGSG:0.3333333333333333	ALVVNDYD:0.2222222222222222	VVNDYDGD:0.2222222222222222	GNWCGAGS:0.2222222222222222	VSAVDAAG:0.2222222222222222	IGVSAVDG:0.2222222222222222	VLEYDNAG:0.2222222222222222	AVDGAGNE:0.3888888888888889	NAGWFVEQ:0.2777777777777778	SAVDGAGN:0.2777777777777778	LVVNDYDG:0.2222222222222222	YDNAGWFV:0.2777777777777778	SAVDAAGN:0.2222222222222222	VSAVDGAG:0.2777777777777778	LEYDNAGW:0.2222222222222222	VNDYDGDP:0.2777777777777778	DGALVLEY:0.2777777777777778	GALVLEYD:0.2777777777777778	DYDGDPAW:0.2777777777777778	DNAGWFVE:0.2777777777777778	GVSAVDGA:0.2222222222222222	SSNRNDLG:0.2222222222222222	VDGAGNES:0.3888888888888889	YDGDPAWS:0.2222222222222222	EYDNAGWF:0.2777777777777778	ALVLEYDN:0.2222222222222222	EGGSGLDH:0.2222222222222222	VDAAGNES:0.2222222222222222	AGNESATA:0.2222222222222222	TDEGGSGL:0.2222222222222222	IGSPRWSQ:0.3333333333333333	GNESATAT:0.2222222222222222	CGAGSFEN:0.2222222222222222	DEGGSGLD:0.2222222222222222	GGSGLDHY:0.2222222222222222	NESATATV:0.2222222222222222	AVDAAGNE:0.2222222222222222	WCGAGSFE:0.2222222222222222	TDSGGSGL:0.3333333333333333	GNLIKDPD:0.2222222222222222	WSASTDSG:0.2222222222222222	SGLDSYVV:0.2222222222222222	IIDYHRHR:0.2222222222222222	GSGLDSYV:0.2222222222222222	PVQPVDIG:0.2222222222222222	IDYHRHRD:0.2222222222222222	VAPRYADQ:0.2222222222222222	FDMGGARD:0.2222222222222222	SASTDSGG:0.2222222222222222	GGSGLDSY:0.2222222222222222	VQPVDIGE:0.2222222222222222	SGGSGLDS:0.2222222222222222	CADPVWRP:0.2222222222222222	NEPTEPGM:0.2222222222222222	NLIKDPDG:0.2222222222222222	WCADPVWR:0.2222222222222222	TVAPRYAD:0.2777777777777778	YEIGVSAV:0.2222222222222222	DGNLIKDP:0.2222222222222222	YNEPTEPG:0.2222222222222222	DSGGSGLD:0.2777777777777778	EIGVSAVD:0.2222222222222222	AWCADPVW:0.2222222222222222	DGAGNESA:0.2222222222222222	GEPFREWV:0.2222222222222222	WGEPFREW:0.2222222222222222	
