cluster number:129
GH5:13	GH5_23:13|3.2.1.149:1
VFDVHNYY:0.23076923076923078	IPTTYAAW:0.46153846153846156	PTTYAAWI:0.3076923076923077	LGGWLVQE:0.23076923076923078	FGTPAALS:0.23076923076923078	SLPGGLNG:0.3076923076923077	VLEHRYAT:0.23076923076923078	RIPTTYAA:0.46153846153846156	HSLPGGLN:0.3076923076923077	LRIPTTYA:0.46153846153846156	FDVHNYYF:0.23076923076923078	DVHSLPGG:0.23076923076923078	NLGGWLVQ:0.23076923076923078	YSYKAVDA:0.23076923076923078	GWLHQEAV:0.23076923076923078	YWTWKFFG:0.23076923076923078	FVGEWSIQ:0.38461538461538464	NYGWFQNQ:0.23076923076923078	KFPVFVGE:0.5384615384615384	NEPVDNRD:0.3076923076923077	TLAPINEP:0.3076923076923077	HVILDIHS:0.23076923076923078	SYKAVDAA:0.23076923076923078	GSQLYSGN:0.3076923076923077	IHVILDIH:0.23076923076923078	IPTGYNAW:0.23076923076923078	PTGYNAWV:0.3076923076923077	SQLYSGNQ:0.38461538461538464	WWNQYAPG:0.23076923076923078	ILDIHSLP:0.3076923076923077	HHYYFAGR:0.23076923076923078	HQEAVIDP:0.23076923076923078	QGGFRPVD:0.23076923076923078	TPEALSDQ:0.23076923076923078	EKEGNYGW:0.23076923076923078	WTWKFFGN:0.23076923076923078	PPSNYLNW:0.23076923076923078	LDIHSLPG:0.3076923076923077	GMGLGEKE:0.23076923076923078	PKFPVFVG:0.23076923076923078	VFDVHHYY:0.23076923076923078	GGLNGMGL:0.3076923076923077	VHHYYFAG:0.23076923076923078	GWFQNQTA:0.23076923076923078	GIHVILDI:0.23076923076923078	LHQEAVID:0.23076923076923078	YGWFQNQT:0.23076923076923078	INEPVDNR:0.3076923076923077	LQGGFRPV:0.23076923076923078	TFKANGVN:0.23076923076923078	FPVFVGEW:0.5384615384615384	GLGEKEGN:0.23076923076923078	PSNYLNWK:0.23076923076923078	DVPQGFTL:0.23076923076923078	MGLGEKEG:0.23076923076923078	TKFGTPEA:0.23076923076923078	DEWDFCAK:0.23076923076923078	APINEPVD:0.3076923076923077	LAPINEPV:0.3076923076923077	EALSDQGA:0.23076923076923078	IVFDVHHY:0.23076923076923078	NIVFDVHH:0.23076923076923078	ISDYAIKK:0.23076923076923078	GFTLAPIN:0.23076923076923078	PGGLNGMG:0.3076923076923077	VGEWSIQA:0.3076923076923077	PQGFTLAP:0.23076923076923078	KEGNYGWF:0.23076923076923078	PVFVGEWS:0.46153846153846156	DVHHYYFA:0.23076923076923078	WFQNQTAL:0.23076923076923078	GEKEGNYG:0.23076923076923078	KFGTPEAL:0.23076923076923078	SDVPQGFT:0.23076923076923078	QGFTLAPI:0.23076923076923078	PGSQLYSG:0.38461538461538464	GNYGWFQN:0.23076923076923078	VPQGFTLA:0.23076923076923078	IHSLPGGL:0.23076923076923078	FGTPEALS:0.23076923076923078	DIHSLPGG:0.38461538461538464	HYYFAGRP:0.23076923076923078	GGWLHQEA:0.23076923076923078	MLQGGFRP:0.23076923076923078	RIPTGYNA:0.23076923076923078	FDVHHYYF:0.23076923076923078	PEALSDQG:0.23076923076923078	VPGSQLYS:0.3076923076923077	VFVGEWSI:0.3076923076923077	VILDIHSL:0.23076923076923078	LPGGLNGM:0.23076923076923078	NGMGLGEK:0.23076923076923078	WLHQEAVI:0.23076923076923078	EWDFCAKL:0.23076923076923078	GLNGMGLG:0.3076923076923077	LNGMGLGE:0.23076923076923078	NQTALDYS:0.23076923076923078	EGNYGWFQ:0.23076923076923078	GTPEALSD:0.23076923076923078	WNQYAPGT:0.23076923076923078	YKAVDAAI:0.23076923076923078	PINEPVDN:0.38461538461538464	LGEKEGNY:0.23076923076923078	FTLAPINE:0.23076923076923078	IGLHSLPG:0.23076923076923078	IIGLHSLP:0.23076923076923078	KANGVNLG:0.23076923076923078	AAWVKVPG:0.3076923076923077	TYAAWVKV:0.3076923076923077	AWVKVPGS:0.46153846153846156	GLHSLPGG:0.23076923076923078	YAAWVKVP:0.3076923076923077	TTYAAWVK:0.3076923076923077	HSLPGGVN:0.3076923076923077	GTQADYWN:0.23076923076923078	SQCGPVLE:0.23076923076923078	VLRIPTTY:0.23076923076923078	VKVPGSQL:0.3076923076923077	SLPGGVNG:0.23076923076923078	KVPGSQLY:0.3076923076923077	WVKVPGSQ:0.3076923076923077	YFAGRPTT:0.23076923076923078	GSAYWTWK:0.23076923076923078	VNLGGWLH:0.23076923076923078	ANGVNLGG:0.3076923076923077	NGVNLGGW:0.38461538461538464	GVNLGGWL:0.46153846153846156	SAYWTWKF:0.23076923076923078	FAGRPTTS:0.23076923076923078	LGGWLHQE:0.23076923076923078	YYFAGRPT:0.23076923076923078	NLGGWLHQ:0.23076923076923078	IPVMFQGS:0.23076923076923078	PVMFQGSF:0.23076923076923078	GPVLEHRY:0.23076923076923078	CGPVLEHR:0.23076923076923078	
