cluster number:7
GH5:12	GH5_4:12
GTHKIDNA:0.8333333333333334	VNYVLVND:0.5833333333333334	RIPVSWSV:0.9166666666666666	VVNYVLVN:0.6666666666666666	SVHITDQG:0.5833333333333334	QVVNYVLV:0.6666666666666666	QQVNAKLH:0.6666666666666666	HWDNGWMN:0.9166666666666666	VGQVVNYV:1.0	VKEAGFTS:0.9166666666666666	GETSWGNP:1.0	IHWDNGWM:0.9166666666666666	SRQQVNAK:0.6666666666666666	DNAWMQRV:0.9166666666666666	VHITDQGT:0.6666666666666666	VSWSVHIT:0.5833333333333334	LIRAVKEA:1.0	AVKEAGFT:0.9166666666666666	WSVHITDQ:0.5833333333333334	GNPKVTSD:0.5833333333333334	NGWMNDPR:0.9166666666666666	NAWMQRVG:0.9166666666666666	SDLIRAVK:0.5833333333333334	DLIRAVKE:0.9166666666666666	KIDNAWMQ:0.8333333333333334	NYVLVNDM:0.5833333333333334	VTSDLIRA:0.5833333333333334	EATGGETS:0.9166666666666666	PKVTSDLI:0.5833333333333334	DQGTHKID:0.8333333333333334	HITDQGTH:0.6666666666666666	TGGETSWG:1.0	WDNGWMND:0.9166666666666666	GGETSWGN:1.0	KVTSDLIR:0.5833333333333334	QVNAKLHA:0.6666666666666666	WMQRVGQV:1.0	INIHWDNG:0.9166666666666666	FTSVRIPV:0.8333333333333334	TSVRIPVS:0.8333333333333334	IPVSWSVH:0.9166666666666666	VNDMFAII:0.5833333333333334	IINIHWDN:0.9166666666666666	AWMQRVGQ:0.9166666666666666	DNGWMNDP:0.9166666666666666	EAGFTSVR:0.8333333333333334	RQQVNAKL:0.6666666666666666	ITDQGTHK:0.5833333333333334	NIHWDNGW:0.9166666666666666	GQVVNYVL:1.0	KEAGFTSV:0.8333333333333334	ATGGETSW:1.0	NPKVTSDL:0.5833333333333334	QRVGQVVN:1.0	SVRIPVSW:0.9166666666666666	SWSVHITD:0.5833333333333334	VRIPVSWS:0.8333333333333334	SSRQQVNA:0.6666666666666666	SWGNPKVT:1.0	IDNAWMQR:0.9166666666666666	IRAVKEAG:1.0	GFTSVRIP:0.8333333333333334	SLEATGGE:0.6666666666666666	AGFTSVRI:0.8333333333333334	YVLVNDMF:0.5833333333333334	DMFAIINI:0.5833333333333334	TSWGNPKV:1.0	WGNPKVTS:0.6666666666666666	HKIDNAWM:0.8333333333333334	FAIINIHW:0.6666666666666666	MQRVGQVV:1.0	VLVNDMFA:0.5833333333333334	ETSWGNPK:1.0	NDMFAIIN:0.5833333333333334	LVNDMFAI:0.5833333333333334	RAVKEAGF:1.0	TSDLIRAV:0.5833333333333334	PVSWSVHI:0.9166666666666666	AIINIHWD:1.0	RVGQVVNY:1.0	QGTHKIDN:0.9166666666666666	TDQGTHKI:0.5833333333333334	VNAKLHAV:0.6666666666666666	LEATGGET:0.9166666666666666	THKIDNAW:0.8333333333333334	MFAIINIH:0.6666666666666666	ESSRQQVN:0.5833333333333334	PRESSRQQ:0.9166666666666666	NDPRESSR:0.9166666666666666	GWMNDPRE:0.9166666666666666	RESSRQQV:0.5833333333333334	DPRESSRQ:0.9166666666666666	MNDPRESS:0.9166666666666666	WMNDPRES:0.9166666666666666	ADLIRAVK:0.3333333333333333	ESSRQQIN:0.3333333333333333	YAIINIHW:0.3333333333333333	QDMYAIIN:0.3333333333333333	VSWSVHIS:0.3333333333333333	QQINGKLH:0.3333333333333333	VLAQDMYA:0.3333333333333333	QVVNYVLA:0.3333333333333333	NPKVTADL:0.3333333333333333	TLEATGGE:0.25	NYVLAQDM:0.3333333333333333	PKVTADLI:0.3333333333333333	TADLIRAV:0.3333333333333333	GNPKVTAD:0.3333333333333333	RQQINGKL:0.3333333333333333	SSRQQING:0.3333333333333333	AQDMYAII:0.3333333333333333	SRQQINGK:0.3333333333333333	WGNPKVTA:0.3333333333333333	VTADLIRA:0.3333333333333333	MYAIINIH:0.3333333333333333	KVTADLIR:0.3333333333333333	QINGKLHA:0.3333333333333333	VNYVLAQD:0.3333333333333333	LAQDMYAI:0.3333333333333333	INGKLHAI:0.3333333333333333	RESSRQQI:0.3333333333333333	DMYAIINI:0.3333333333333333	YVLAQDMY:0.3333333333333333	VVNYVLAQ:0.3333333333333333	VHISDQGT:0.25	ISDQGTHK:0.25	SVHISDQG:0.25	SDQGTHKI:0.25	SWSVHISD:0.25	WSVHISDQ:0.25	HISDQGTH:0.25	
