cluster number:166
GH5:75	GH5_1:73|CBM2:24|3.2.1.4:9|CBM3:6|CBM37:3|GH5:1|3.2.1.91:1|GH5_4:1|3.2.1.73:1
WCLNPNSG:0.21333333333333335	CLNPNSGD:0.21333333333333335	VYSPHDYG:0.7066666666666667	WGGNLRGV:0.6533333333333333	IAPLLIGE:0.32	APLLIGEW:0.44	TFWCLNPN:0.21333333333333335	LLIGEWGG:0.52	NPNSGDTG:0.6133333333333333	PLLIGEWG:0.52	PNSGDTGG:0.6133333333333333	GKFIGLDH:0.22666666666666666	FWCLNPNS:0.21333333333333335	WWGGNLRG:0.72	YSPHDYGP:0.7466666666666667	LNPNSGDT:0.41333333333333333	LLKPALWQ:0.25333333333333335	LTGANWFG:0.4666666666666667	VWLTGANW:0.38666666666666666	SGDTGGLL:0.49333333333333335	NSGDTGGL:0.6533333333333333	LRGVKDYP:0.25333333333333335	DLKNEPHG:0.3466666666666667	KYALLKPA:0.2	LKNEPHGK:0.26666666666666666	WLTGANWF:0.38666666666666666	ANWFGFNC:0.29333333333333333	TGANWFGF:0.49333333333333335	HHTFWCIN:0.21333333333333335	RGVKDYPI:0.21333333333333335	NLRGVKDY:0.25333333333333335	GANWFGFN:0.5066666666666667	GGNLRGVK:0.30666666666666664	YALLKPAL:0.2	EVWLTGAN:0.22666666666666666	ALLKPALW:0.2	GNLRGVKD:0.29333333333333333	LIGEWGGF:0.24	NWWGGNLR:0.30666666666666664	PHDYGPLV:0.4266666666666667	QLVYSPHD:0.4666666666666667	SPHDYGPL:0.4266666666666667	LVYSPHDY:0.49333333333333335	HSAEADNS:0.25333333333333335	TERVFHGL:0.21333333333333335	AEADNSGH:0.25333333333333335	GKFVSLDH:0.2	VHSAEADN:0.29333333333333333	SAEADNSG:0.25333333333333335	QDQLVYSP:0.25333333333333335	DQLVYSPH:0.26666666666666666	DVHSAEAD:0.29333333333333333	ERVFHGLW:0.3333333333333333	GDTGGLLL:0.2	RVFHGLWS:0.25333333333333335	LDVHSAEA:0.26666666666666666	DIKNEPHG:0.21333333333333335	
