cluster number:75
GH5:137	GH5_5:124|CBM1:40|3.2.1.4:29|GH5:13
YLDSDGSG:0.6788321167883211	HQYLDSDG:0.6715328467153284	AGATSQYI:0.25547445255474455	VYEMHQYL:0.24087591240875914	GATSQYIF:0.26277372262773724	MHQYLDSD:0.7883211678832117	SWTGAWTW:0.24817518248175183	IRAAGATS:0.21897810218978103	QYLDSDGS:0.6715328467153284	DSDGSGTS:0.6204379562043796	EMHQYLDS:0.6423357664233577	RAAGATSQ:0.21897810218978103	WAAGPWWG:0.2773722627737226	LDSDGSGT:0.6715328467153284	ATSQYIFV:0.2116788321167883	WWAAGPWW:0.4233576642335766	YEMHQYLD:0.3284671532846715	TSQYIFVE:0.20437956204379562	IFDTNNEY:0.25547445255474455	TNNEYHDM:0.22627737226277372	DPHNYGRY:0.21897810218978103	QYIFVEGN:0.27007299270072993	SQYIFVEG:0.22627737226277372	DTNNEYHD:0.24817518248175183	VIFDTNNE:0.2846715328467153	AGPWWGDY:0.25547445255474455	FDTNNEYH:0.2846715328467153	ALWWAAGP:0.35036496350364965	LWWAAGPW:0.23357664233576642	GALWWAAG:0.35036496350364965	CVSSTIGA:0.24817518248175183	VSSTIGAE:0.24087591240875914	SSTIGAER:0.24087591240875914	TCVSSTIG:0.21897810218978103	
