cluster number:141
GH5:34	GH5_11:33|GH5:1
NELRGPRQ:0.29411764705882354	MSLRNELR:0.7941176470588235	GSYYLREG:0.20588235294117646	EAVHAANP:0.4117647058823529	WALQGSYY:0.2647058823529412	LRNELRGP:0.6176470588235294	AEAVHAAN:0.47058823529411764	VVGMSLRN:0.7058823529411765	GMSLRNEL:0.7058823529411765	AVHAANPR:0.20588235294117646	SLRNELRG:0.8235294117647058	QRGAEAVH:0.20588235294117646	NVVGMSLR:0.5294117647058824	LDLDWALW:0.23529411764705882	ELRGPRQN:0.29411764705882354	YMQRGAEA:0.20588235294117646	MQRGAEAV:0.20588235294117646	LQGSYYLR:0.23529411764705882	GAEAVHAA:0.47058823529411764	VLVILSGL:0.4411764705882353	RNELRGPR:0.29411764705882354	VTNPCRCL:0.23529411764705882	RGAEAVHA:0.2647058823529412	DEVYGVLD:0.20588235294117646	VGMSLRNE:0.7058823529411765	PLSTASRW:0.23529411764705882	LSTASRWV:0.23529411764705882	VAAMGFNC:0.2647058823529412	HWYGFSDG:0.20588235294117646	ILDNQMTT:0.20588235294117646	EQHWYGFS:0.20588235294117646	GSYYIREG:0.20588235294117646	LPLSTASR:0.23529411764705882	LDLPLIDV:0.23529411764705882	GFDMSGTH:0.20588235294117646	MVILDNQM:0.20588235294117646	AGVRVNNP:0.23529411764705882	MGFNCVRL:0.6176470588235294	AEMDLDWA:0.20588235294117646	FNCVRLTW:0.6176470588235294	NCVRLTWP:0.5882352941176471	DIAARVAA:0.23529411764705882	VILDNQMT:0.20588235294117646	CANWASHL:0.20588235294117646	DNRYLTCF:0.23529411764705882	DGNGFFGD:0.6176470588235294	LDNQMTTP:0.20588235294117646	TTPGWCCS:0.20588235294117646	IAARVAAM:0.23529411764705882	CVRLTWPT:0.29411764705882354	RLTWPTYL:0.23529411764705882	NWASHLEP:0.20588235294117646	GFNCVRLT:0.7058823529411765	QHWYGFSD:0.20588235294117646	AAEMDLDW:0.20588235294117646	QMTTPGWC:0.20588235294117646	AARVAAMG:0.23529411764705882	GNGFFGDK:0.23529411764705882	NQMTTPGW:0.20588235294117646	NRYLTCFL:0.20588235294117646	GWPLFFSE:0.20588235294117646	VAAEMDLD:0.20588235294117646	VRLTWPTY:0.23529411764705882	AAMGFNCV:0.2647058823529412	MTTPGWCC:0.20588235294117646	DLPLIDVF:0.23529411764705882	ANWASHLE:0.20588235294117646	IMVILDNQ:0.20588235294117646	DNQMTTPG:0.20588235294117646	LLDLPLID:0.23529411764705882	AMGFNCVR:0.35294117647058826	RVKLACVN:0.47058823529411764	NDGNGFFG:0.20588235294117646	ANPDVLVI:0.20588235294117646	VKLACVNW:0.47058823529411764	SVAGVRVN:0.20588235294117646	LVILSGLN:0.20588235294117646	VILSGLNF:0.20588235294117646	ILSGLNFD:0.20588235294117646	NNPGLLDL:0.20588235294117646	ESVAGVRV:0.20588235294117646	VAGVRVNN:0.20588235294117646	GRRVKLAC:0.2647058823529412	DGRRVKLA:0.20588235294117646	NWPSHLEP:0.20588235294117646	VNWPSHLE:0.2647058823529412	KLACVNWP:0.29411764705882354	LACVNWPS:0.2647058823529412	ACVNWPSH:0.2647058823529412	CVNWPSHL:0.29411764705882354	VMVILDNH:0.4411764705882353	MVILDNHV:0.29411764705882354	VILDNHVS:0.23529411764705882	RNELRGPK:0.23529411764705882	SMGFNCVR:0.2647058823529412	LRGPKQNV:0.20588235294117646	NELRGPKQ:0.23529411764705882	ELRGPKQN:0.23529411764705882	
