cluster number:156
GH5:15	GH5_4:15|CBM4:1
WGNPVTTK:0.2	WNLGNSLD:0.3333333333333333	LGNSLDSY:0.2	NLGNSLDS:0.2	IPVIIGEF:0.6	GIPVIIGE:0.6	KGIPVIIG:0.3333333333333333	GWNLGNSL:0.26666666666666666	IGWNLGNS:0.2	GNSLDSYS:0.2	PVIIGEFG:0.6	FEGLNEPR:0.5333333333333333	IFEGLNEP:0.4666666666666667	IPVIMGEF:0.2	IPCFWWDN:0.26666666666666666	EKLIFEGL:0.4666666666666667	GEFGALNR:0.2	TAWGNPVT:0.2	PYNFALNE:0.2	GIPVIMGE:0.2	KGIPVIMG:0.2	YAVENDMY:0.2	NLGNTLDA:0.6	WNLGNTLD:0.6	SETAWGNP:0.2	NEKLIFEG:0.4	GIPCFWWD:0.26666666666666666	AVENDMYI:0.2	EGLNEPRT:0.5333333333333333	KLIFEGLN:0.4666666666666667	ETAWGNPV:0.2	GWNLGNTL:0.6	LIFEGLNE:0.4666666666666667	AGFNAIRI:0.6	TAIKNAGF:0.2	AIRIPVSW:0.6	VIIGEFGA:0.4	GFNAIRIP:0.6	AIKNAGFN:0.2	KGIKCFWW:0.3333333333333333	NAIRIPVS:0.6	IKNAGFNA:0.3333333333333333	GIKCFWWD:0.3333333333333333	NAGFNAIR:0.4	ITAIKNAG:0.2	FNAIRIPV:0.6	KNAGFNAI:0.4	WWDDGGNF:0.2	DSAVTALQ:0.2	LGIVSANL:0.2	DEDVLTFM:0.2	AVTALQSA:0.2	KDYNEKLI:0.26666666666666666	KLIVSFHS:0.2	YNEKLIFE:0.5333333333333333	IKCFWWDN:0.26666666666666666	PVSWTKAA:0.26666666666666666	SAITTFSG:0.2	PYNFALNK:0.26666666666666666	VLTFMNSN:0.2	YNFALNKD:0.2	RIPVSWTK:0.4666666666666667	FWWDNGVT:0.2	AVRAQWAE:0.2	MYIILNTH:0.4666666666666667	SQGIPVII:0.2	GLNEPRTP:0.26666666666666666	VRAQWAEY:0.2	NTHHDEDV:0.26666666666666666	KEIVNYAV:0.2	FQKLWEQI:0.2	YPIFVNTV:0.2	AAFQKLWE:0.2	GLLNRQNN:0.2	LNEPRTPG:0.3333333333333333	TALQSAIT:0.2	THHDEDVL:0.2	ILNTHHDE:0.5333333333333333	SGGNNDKR:0.26666666666666666	LDSAVTAL:0.2	SYYPIFVN:0.2	MNSNAAAG:0.2	NKLIVSFH:0.2	YTIRADWM:0.2	VKEIVNYA:0.2	FGLLNRQN:0.2	HDEDVLTF:0.2	NEPRTPGS:0.3333333333333333	DYNEKLIF:0.26666666666666666	YIILNTHH:0.5333333333333333	AGKAAFQK:0.26666666666666666	LQSAITTF:0.2	NSNAAAGK:0.2	QSAITTFS:0.2	TFMNSNAA:0.2	GEFGAMNK:0.26666666666666666	NGGTAEER:0.26666666666666666	IIGEFGAM:0.3333333333333333	NAAAGKAA:0.2	IPVSWTKA:0.26666666666666666	EPRTPGSS:0.2	AAGKAAFQ:0.2	AFQKLWEQ:0.2	CFWWDNGV:0.2	IILNTHHD:0.5333333333333333	QKLWEQIA:0.2	SAVTALQS:0.2	NEAVRAQW:0.2	ALQSAITT:0.2	EWNGGTAE:0.26666666666666666	IKIGWNLG:0.4666666666666667	DMYIILNT:0.4666666666666667	EAVRAQWA:0.2	DVLTFMNS:0.2	YYPIFVNT:0.2	GAPNYTIR:0.2	DLGIVSAN:0.2	AAAGKAAF:0.2	GELFGLLN:0.2	RAQWAEYY:0.26666666666666666	IRIPVSWT:0.4666666666666667	NSYYPIFV:0.2	PIFVNTVR:0.2	QGIPVIIG:0.2	FKDYNEKL:0.26666666666666666	WNGGTAEE:0.26666666666666666	LNTHHDED:0.26666666666666666	AITTFSGA:0.2	LTFMNSNA:0.2	RVKEIVNY:0.2	ELFGLLNR:0.2	NDLGIVSA:0.2	LIVSFHSY:0.26666666666666666	HHDEDVLT:0.2	VTALQSAI:0.2	NFALNKDS:0.2	FMNSNAAA:0.2	TKTLTIPL:0.2	SNAAAGKA:0.2	NDMYIILN:0.4666666666666667	LNSYYPIF:0.2	SKGIKCFW:0.2	EDVLTFMN:0.2	KAAFQKLW:0.2	KIGWNLGN:0.5333333333333333	NLNSYYPI:0.2	IGEFGAMN:0.26666666666666666	ITTFSGAR:0.2	KCFWWDNG:0.26666666666666666	GKAAFQKL:0.2	GNPATTKA:0.2	AFKDYNEK:0.2	YAVDNDMY:0.2	AVDNDMYI:0.2	SGGNNGKR:0.2	NYAVDNDM:0.2	TGPIDRYY:0.2	WGNPATTK:0.2	ITGPIDRY:0.2	WAEYYVSY:0.26666666666666666	VDNDMYII:0.2	AEYYVSYA:0.26666666666666666	VNYAVDND:0.2	AMNALTLP:0.2	VSFHSYSP:0.2	IVSFHSYS:0.2	IFVDTVRK:0.2	VDTVRKSG:0.2	VRKSGGNN:0.26666666666666666	FVDTVRKS:0.2	DTVRKSGG:0.2	PATTKAMI:0.2	TVRKSGGN:0.2	IGWNLGNT:0.4	SFHSYSPY:0.2	FEALNEPR:0.26666666666666666	GIKIGWNL:0.2	IRKDWMDR:0.2	QIAVNFRN:0.2	AVNFRNYN:0.2	NEKLIFEA:0.26666666666666666	IAVNFRNY:0.2	SYSPYNFA:0.3333333333333333	SDKTDITN:0.2	EKLIFEAL:0.26666666666666666	NYNEKLIF:0.26666666666666666	RNYNEKLI:0.2	IFEALNEP:0.26666666666666666	LIFEALNE:0.26666666666666666	FKIIWGQI:0.2	YSPYNFAL:0.3333333333333333	WGQIAVNF:0.2	KLIFEALN:0.26666666666666666	RKDWMDRV:0.2	DWMDRVTE:0.2	FRNYNEKL:0.2	PVSWTKCA:0.2	EALNEPRT:0.26666666666666666	GQIAVNFR:0.2	NFRNYNEK:0.2	VNFRNYNE:0.2	RGIPCFWW:0.2	KDWMDRVT:0.2	IIRKDWMD:0.2	SPYNFALN:0.3333333333333333	HSYSPYNF:0.3333333333333333	IIWGQIAV:0.2	IPVSWTKC:0.2	KIIWGQIA:0.2	IWGQIAVN:0.2	VRASGGNN:0.26666666666666666	LGNTLDAN:0.2	QIFVDTVR:0.2	
