cluster number:102
GH5:15	GH5_4:15|3.2.1.4:3
WNLGNQLD:0.3333333333333333	RKYYLEYV:0.3333333333333333	ETSWGNGK:0.2	VTWLGKVG:0.26666666666666666	TRYLGISG:0.26666666666666666	IPVYIGEM:0.26666666666666666	INIHHDGH:0.4	RYLGISGY:0.26666666666666666	YVEKGIPV:0.2	KAGLKAII:0.26666666666666666	EKAGLKAI:0.2	FTSVRIPV:0.4	GGKQYAIL:0.2	RIPVTWLG:0.4666666666666667	LGNQLDAH:0.2	DAVRATGG:0.26666666666666666	ATRYLGIS:0.26666666666666666	PVTWLGKV:0.26666666666666666	AFRKYYLE:0.2	IDENLPAV:0.2	AGFTSVRI:0.4666666666666667	RATGGNNA:0.2	NIHHDGHR:0.4	IINIHHDG:0.6666666666666666	GGNNATRY:0.3333333333333333	EKGIPVYI:0.2	VRIPVTWL:0.4666666666666667	YYLEYVCK:0.4666666666666667	LGWNLGNQ:0.3333333333333333	KYYLEYVC:0.3333333333333333	AEKAGLKA:0.2	EAFRKYYL:0.2	TGGNNATR:0.26666666666666666	YLEYVCKA:0.4666666666666667	ITITAGEK:0.2	ADETSWGN:0.2	PVYIGEMG:0.26666666666666666	VDAVRATG:0.26666666666666666	IPVTWLGK:0.3333333333333333	YVCKAART:0.2	NLGNQLDA:0.3333333333333333	QQVFVDAV:0.2	GFTSVRIP:0.4666666666666667	AIINIHHD:0.5333333333333333	GIPVYIGE:0.26666666666666666	FEGLNEIH:0.2	GLKAIINI:0.4666666666666667	LKAIINIH:0.4666666666666667	SVRIPVTW:0.5333333333333333	NNATRYLG:0.26666666666666666	VEKGIPVY:0.2	AVRATGGN:0.26666666666666666	AKELGLGW:0.2	DENLPAVK:0.2	LGLGWNLG:0.4	MNRVAEVV:0.2	YAEKAGLK:0.2	LGISGYCT:0.2	IGEMGCVH:0.26666666666666666	FRKYYLEY:0.3333333333333333	VYIGEMGC:0.26666666666666666	KGIPVYIG:0.26666666666666666	ELGLGWNL:0.2	KAIINIHH:0.4666666666666667	TDGGKQYA:0.26666666666666666	GEMGCVHR:0.26666666666666666	WQQVFVDA:0.2	GLNEIHDG:0.2	AGLKAIIN:0.4666666666666667	LEYVCKAA:0.4666666666666667	YLTVKSVS:0.2	VFVDAVRA:0.3333333333333333	FVDAVRAT:0.26666666666666666	PYLTVKSV:0.2	ATGGNNAT:0.2	YLGISGYC:0.2	EYVCKAAR:0.2	GWNLGNQL:0.3333333333333333	QVFVDAVR:0.3333333333333333	GNNATRYL:0.26666666666666666	GLGWNLGN:0.4	SVHYYDPA:0.2	EGLNEIHD:0.2	GKQYAILN:0.2	YIGEMGCV:0.3333333333333333	KELGLGWN:0.2	DGGKQYAI:0.2	NATRYLGI:0.26666666666666666	TSVRIPVT:0.4	VRATGGNN:0.26666666666666666	VTWMGHIG:0.2	NRLMVAVH:0.2	PVTWMGHI:0.2	VLNEWNQV:0.2	RIPVTWMG:0.26666666666666666	MNEIHDGG:0.2	VAEVVGYA:0.4	AEVVGYAE:0.4	RVAEVVGY:0.4	FESMNEIH:0.26666666666666666	VAVHFYDP:0.2	ESMNEIHD:0.26666666666666666	NEIHDGGW:0.2	EIHDGGWG:0.2	EYVCKAAK:0.2	SLGLGWNL:0.2	SMNEIHDG:0.26666666666666666	IHDGGWGW:0.2	WLERVAEV:0.2	TQETLHKV:0.2	TAANEAIK:0.2	ETLHKVKE:0.2	NSEWLERV:0.2	AEQAGLKA:0.2	HDGHRSEN:0.2	NEAIKAQL:0.2	QAGLKAII:0.2	EPGHWLDI:0.2	NEPGHWLD:0.2	DGHRSENE:0.2	EAIKAQLS:0.2	VKEAGFTS:0.2	HWLDITKA:0.2	KATQETLH:0.2	HKVKEAGF:0.2	IHHDGHRS:0.2	WLDITKAA:0.2	LGKVGAAP:0.2	YAEQAGLK:0.2	EWLERVAE:0.2	VVGYAEQA:0.2	LHKVKEAG:0.2	NNVSGETL:0.2	HRSENEPG:0.2	GAAPDYLI:0.2	DYLINSEW:0.2	KVKEAGFT:0.2	TWLGKVGA:0.2	VSGETLWG:0.2	EQAGLKAI:0.2	LDAHANNV:0.2	TLHKVKEA:0.2	GNGKATQE:0.2	ERVAEVVG:0.2	GHWLDITK:0.2	GETLWGNG:0.2	WGNGKATQ:0.2	PDYLINSE:0.2	STAANEAI:0.2	AIKAQLSA:0.2	GHRSENEP:0.2	GKATQETL:0.2	ETLWGNGK:0.2	EAGFTSVR:0.26666666666666666	VGYAEQAG:0.2	SEWLERVA:0.2	KEAGFTSV:0.26666666666666666	WLGKVGAA:0.2	ANNVSGET:0.2	QETLHKVK:0.2	APDYLINS:0.2	INSEWLER:0.2	HANNVSGE:0.2	SGETLWGN:0.2	ENEPGHWL:0.2	SENEPGHW:0.2	NVSGETLW:0.2	DAHANNVS:0.2	LWGNGKAT:0.2	ANEAIKAQ:0.2	YLINSEWL:0.2	GYAEQAGL:0.2	RSENEPGH:0.2	LINSEWLE:0.2	TLWGNGKA:0.2	ATQETLHK:0.2	HHDGHRSE:0.2	QLDAHANN:0.2	AAPDYLIN:0.2	LERVAEVV:0.2	AHANNVSG:0.2	NGKATQET:0.2	PGHWLDIT:0.2	AANEAIKA:0.2	EVVGYAEQ:0.2	NGEKFGLF:0.2	GNGEKFGL:0.2	
