cluster number:101
GH5:215	GH5_8:190|CBM2:120|CBM10:34|3.2.1.78:16|GH5_1:14|CBM3:14|3.2.1.4:7|CBM64:6|GH5_2:6|GH5:5|GH44:4|GH10:4|CE3:3|GH9:2|CBM4:2|GH5_4:2|AA10:1|CBM59:1|CBM5:1|CBM60:1|GH6:1|CBM46:1
VHDTTGYG:0.6604651162790698	PNWGQDWQ:0.2651162790697674	APNWGQDW:0.6790697674418604	VLEVHDTT:0.5906976744186047	MVDAPNWG:0.5627906976744186	DAPNWGQD:0.6976744186046512	IMVDAPNW:0.31627906976744186	HDTTGYGE:0.7395348837209302	LEVHDTTG:0.6790697674418604	VDAPNWGQ:0.6604651162790698	EVHDTTGY:0.6744186046511628	VRVVLSSG:0.26976744186046514	GGGVEYLD:0.3023255813953488	SGNGGGVE:0.2930232558139535	RGVNHAHT:0.30697674418604654	LICVLEVH:0.35348837209302325	NIGNEPYG:0.26976744186046514	LGWSWSGN:0.34418604651162793	ANTVRVVL:0.4418604651162791	NGGGVEYL:0.3023255813953488	LGANTVRV:0.20930232558139536	GNGGGVEY:0.3023255813953488	RLICVLEV:0.31627906976744186	GVNHAHTW:0.3116279069767442	VFSIHMYG:0.24186046511627907	GANTVRVV:0.4186046511627907	CKANRLIC:0.25116279069767444	MRGVNHAH:0.31627906976744186	DTTGYGEQ:0.24186046511627907	WSWSGNGG:0.28837209302325584	GGVEYLDM:0.2651162790697674	WSGNGGGV:0.2837209302325581	GWSWSGNG:0.35348837209302325	CVLEVHDT:0.40930232558139534	VNHAHTWY:0.3023255813953488	NRLICVLE:0.34418604651162793	IGNEPYGN:0.26976744186046514	ICVLEVHD:0.4232558139534884	KANRLICV:0.24186046511627907	FSIHMYGV:0.3209302325581395	PNWGQDWS:0.26976744186046514	ANRLICVL:0.24186046511627907	SWSGNGGG:0.28837209302325584	NTVRVVLS:0.3674418604651163	VMRGVNHA:0.2930232558139535	FVMRGVNH:0.3302325581395349	YLGWSWSG:0.3023255813953488	GYLGWSWS:0.3023255813953488	NHAHTWYP:0.24186046511627907	TIMVDAPN:0.2837209302325581	HTIMVDAP:0.28837209302325584	DTTGYGED:0.3581395348837209	SDGNPDED:0.20930232558139536	HSDGNPDE:0.23255813953488372	GVEYLDMV:0.2	ANSVRVVL:0.22790697674418606	GANSVRVV:0.22790697674418606	LMVDAPNW:0.24651162790697675	NSVRVVLS:0.20930232558139536	
