cluster number:176
GH5:130	GH5_18:129|GH5:1
LGLDHVRV:0.25384615384615383	LADAAAER:0.26153846153846155	SWVFNGTA:0.4	VNVDGLQG:0.2692307692307692	AERGLDVN:0.2076923076923077	WVFNGTAQ:0.4076923076923077	TRTWHRRN:0.2076923076923077	AGPHPDPD:0.2	PRAVEQLV:0.24615384615384617	GLQGHLSS:0.4	PHRPVWLQ:0.27692307692307694	GHLSSFDF:0.7461538461538462	TWWCSHDV:0.823076923076923	WHRRNLFT:0.2923076923076923	RGLDVNVD:0.27692307692307694	FPELEYGL:0.25384615384615383	GLDHVRVF:0.27692307692307694	LADFPELE:0.4846153846153846	RTLIRPRA:0.2692307692307692	WGVTWWCS:0.47692307692307695	LDHVRVFP:0.2692307692307692	ALADRPNF:0.2230769230769231	VTWWCSHD:0.5384615384615384	VRVFPLWP:0.23846153846153847	HHWLDFDL:0.3076923076923077	LSSFDFLP:0.5	ADFPELEY:0.46923076923076923	WLQEVGAP:0.7076923076923077	NGTAQRHG:0.34615384615384615	NRTLIRPR:0.2692307692307692	HRPVWLQE:0.2846153846153846	SFDFLPSW:0.2076923076923077	WCSHDVSR:0.5	HRRNLFTD:0.2923076923076923	FHHWLDFD:0.4153846153846154	HLHAEYDA:0.23846153846153847	HLAARGIT:0.2	VWLQEVGA:0.5538461538461539	QEVGAPAP:0.36923076923076925	VFNGTAQR:0.3923076923076923	QGHLSSFD:0.8153846153846154	SSFDFLPS:0.2076923076923077	PNRTLIRP:0.3076923076923077	LIRPRAVE:0.27692307692307694	NVDGLQGH:0.2692307692307692	HVRVFPLW:0.2846153846153846	DHVRVFPL:0.2846153846153846	DPHRPVWL:0.2153846153846154	DVNVDGLQ:0.2692307692307692	RPVWLQEV:0.5384615384615384	GPHPDPDR:0.2230769230769231	VHSWVFNG:0.47692307692307695	AVHSWVFN:0.36923076923076925	GLDVNVDG:0.2692307692307692	LQEVGAPA:0.36153846153846153	RPRAVEQL:0.2692307692307692	TLIRPRAV:0.25384615384615383	FNGTAQRH:0.34615384615384615	WFHHWLDF:0.4230769230769231	QPNRTLIR:0.49230769230769234	WTRTWHRR:0.2153846153846154	GVTWWCSH:0.5153846153846153	AAERGLDV:0.3	RRNLFTDP:0.27692307692307694	PHPDPDRI:0.2153846153846154	ADAAAERG:0.26153846153846155	WWCSHDVS:0.5538461538461539	TAVHSWVF:0.3923076923076923	IRPRAVEQ:0.26153846153846155	ERGLDVNV:0.27692307692307694	FQPNRTLI:0.3	DFPELEYG:0.25384615384615383	ELEYGLGL:0.24615384615384617	DAAAERGL:0.3076923076923077	GWFHHWLD:0.4230769230769231	VDGLQGHL:0.4	EVGAPAPL:0.25384615384615383	HWLDFDLD:0.3	PELEYGLG:0.25384615384615383	LWGVTWWC:0.4076923076923077	HLSSFDFL:0.5	AAAERGLD:0.3076923076923077	DGLQGHLS:0.4	TWHRRNLF:0.2923076923076923	LQGHLSSF:0.5538461538461539	PVWLQEVG:0.5384615384615384	LDVNVDGL:0.2692307692307692	HSWVFNGT:0.45384615384615384	YLIELSKA:0.2	LIELSKAW:0.2	HAAYLIEL:0.2076923076923077	FDFLPAWT:0.2923076923076923	SSFDFLPA:0.3230769230769231	AAALADRP:0.23076923076923078	LAAALADR:0.23076923076923078	AAYLIELS:0.2	LGLLTNDR:0.2	AWTRTWHR:0.2	LDCPDLWG:0.2230769230769231	PAWTRTWH:0.2	SFDFLPAW:0.3230769230769231	YLRTLAAA:0.33076923076923076	RTLAAALA:0.2923076923076923	IELSKAWA:0.2076923076923077	LEYGLGLL:0.2230769230769231	TLAAALAD:0.2230769230769231	LRTLAAAL:0.33076923076923076	DFPELEYS:0.2076923076923077	ELEYSLGL:0.2076923076923077	FGVNYTPS:0.4076923076923077	PELEYSLG:0.2076923076923077	FPELEYSL:0.2076923076923077	RFGVNYTP:0.4230769230769231	GWFHSWLD:0.2	GITWWCSH:0.23076923076923078	ITWWCSHD:0.3153846153846154	GTAQRHGR:0.2230769230769231	TLGNEVNQ:0.23846153846153847	
