cluster number:57
GH5:23	GH5_7:22|GH5:1
NFWEWSGG:0.4782608695652174	HIWPLNWS:0.21739130434782608	DYLTAHIW:0.30434782608695654	PQGWYGVF:0.21739130434782608	VGSNFWAW:0.21739130434782608	LTNFWEWS:0.34782608695652173	IDYLTAHI:0.30434782608695654	HEPQGWYG:0.43478260869565216	IWPLNWSW:0.21739130434782608	SNFWAWNG:0.2608695652173913	TNFWEWSG:0.34782608695652173	GSNFWAWN:0.2608695652173913	TAHIWPLN:0.2608695652173913	AHIWPLNW:0.2608695652173913	PPHEPQGW:0.4782608695652174	EPQGWYGV:0.34782608695652173	GDPPHEPQ:0.4782608695652174	AKRDMKAV:0.30434782608695654	PHEPQGWY:0.4782608695652174	YLTAHIWP:0.30434782608695654	DPPHEPQG:0.4782608695652174	NFWAWNGE:0.5652173913043478	MAWQLANE:0.6521739130434783	VNNFWDWS:0.21739130434782608	WQLANEPR:0.782608695652174	MAKRDMKA:0.2608695652173913	DLLKGLDV:0.21739130434782608	DPPQEEQG:0.21739130434782608	YRDDPTIM:0.34782608695652173	PYRDDPTI:0.34782608695652173	GKPLVIEE:0.2608695652173913	IMAWQLAN:0.5652173913043478	PLVIEEFG:0.34782608695652173	VTGKPYRD:0.21739130434782608	AWNGEGRA:0.43478260869565216	WPNNWGWI:0.21739130434782608	WAWNGEGR:0.43478260869565216	WNGEGRAQ:0.21739130434782608	KPYRDDPT:0.21739130434782608	WSGGMPAY:0.21739130434782608	NFWDWSGG:0.21739130434782608	KPLVIEEF:0.34782608695652173	AWQLANEP:0.6521739130434783	NNFWDWSG:0.21739130434782608	TGKPYRDD:0.21739130434782608	FWAWNGEG:0.391304347826087	KRDMKAVI:0.21739130434782608	GDPPQEEQ:0.21739130434782608	AGTNFWAW:0.21739130434782608	RDDPTIMA:0.30434782608695654	LANEPRPG:0.43478260869565216	RELDRLKA:0.21739130434782608	WDWSGGMP:0.21739130434782608	NEPRPGGS:0.21739130434782608	ANEPRPGG:0.30434782608695654	DWSGGMPA:0.21739130434782608	RDMKAVIY:0.21739130434782608	YVNNFWDW:0.21739130434782608	FWDWSGGM:0.21739130434782608	TIMAWQLA:0.5217391304347826	GKPYRDDP:0.21739130434782608	DDPTIMAW:0.391304347826087	PPQEEQGL:0.21739130434782608	DPTIMAWQ:0.5217391304347826	PTIMAWQL:0.5217391304347826	QLANEPRP:0.6521739130434783	SGGMPAYL:0.21739130434782608	YLTNFWEW:0.30434782608695654	FGYPRDGG:0.21739130434782608	NDPAHPWP:0.21739130434782608	GVTNLRIL:0.2608695652173913	LANEPRPA:0.21739130434782608	VIEEFGYP:0.21739130434782608	WSGGMMTY:0.30434782608695654	EWSGGMMT:0.34782608695652173	HLVSTGSE:0.21739130434782608	PYRFAGAN:0.2608695652173913	EIDYLTAH:0.21739130434782608	LVSTGSEG:0.21739130434782608	LVIEEFGY:0.21739130434782608	FWEWSGGM:0.391304347826087	IEEFGYPR:0.21739130434782608	EFGYPRDG:0.2608695652173913	DPAHPWPA:0.21739130434782608	EEFGYPRD:0.2608695652173913	ANEPRPAG:0.21739130434782608	WEWSGGMM:0.391304347826087	PAHPWPAF:0.21739130434782608	SGGMMTYL:0.30434782608695654	LGDPPHEP:0.21739130434782608	AEMAKRDM:0.2608695652173913	LAEMAKRD:0.2608695652173913	AVLYLTNF:0.30434782608695654	LYLTNFWE:0.2608695652173913	VLYLTNFW:0.30434782608695654	GKPYRFAG:0.2608695652173913	EMAKRDMK:0.21739130434782608	KAVLYLTN:0.2608695652173913	MKAVLYLT:0.2608695652173913	DGKPYRFA:0.21739130434782608	TNLRILGA:0.21739130434782608	LDGKPYRF:0.21739130434782608	
