cluster number:184
GH5:58	GH5_7:57|3.2.1.78:27|CBM1:19|GH5:1
NSYWIGFL:0.29310344827586204	LIINFVNN:0.27586206896551724	DGNTIYYG:0.27586206896551724	AGTNSYWI:0.27586206896551724	SGLKILRV:0.29310344827586204	IINFVNNW:0.27586206896551724	INTGADGL:0.39655172413793105	FAWELANE:0.6896551724137931	PCLLEEYG:0.25862068965517243	KLIINFVN:0.43103448275862066	GADGLQRL:0.3448275862068966	TNSYWIGF:0.2413793103448276	AVFAWELA:0.39655172413793105	TGADGLQR:0.3103448275862069	NTGADGLQ:0.3448275862068966	DGLQRLDY:0.4482758620689655	VFAWELAN:0.39655172413793105	LQRLDYVV:0.5517241379310345	GLQRLDYV:0.5517241379310345	SYWIGFLT:0.29310344827586204	GLKILRVW:0.3103448275862069	GTNSYWIG:0.2413793103448276	KPCLLEEY:0.25862068965517243	ADGLQRLD:0.3448275862068966	ELANEPRC:0.6896551724137931	FGTFHLYP:0.2413793103448276	DFGTFHLY:0.20689655172413793	NEPRCNGC:0.2413793103448276	GKPCLFEE:0.29310344827586204	IFAWELAN:0.29310344827586204	KPCLFEEY:0.3448275862068966	AAGKPCLF:0.2413793103448276	AIFAWELA:0.25862068965517243	PCLFEEYG:0.3448275862068966	WELANEPR:0.6896551724137931	LYPDSWGT:0.29310344827586204	WGFNDVNT:0.3620689655172414	AWELANEP:0.6724137931034483	VWGFNDVN:0.4482758620689655	RVWGFNDV:0.7068965517241379	AGKPCLFE:0.27586206896551724	HLYPDSWG:0.39655172413793105	IKAVVSRY:0.20689655172413793	ACKAAGKP:0.25862068965517243	CKAAGKPC:0.29310344827586204	LRVWGFND:0.5862068965517241	KAAGKPCL:0.29310344827586204	ILRVWGFN:0.43103448275862066	GYFAGTNS:0.22413793103448276	AGKPCLLE:0.20689655172413793	LKILRVWG:0.3103448275862069	FAGTNSYW:0.2413793103448276	GKPCLLEE:0.22413793103448276	YFAGTNSY:0.2413793103448276	KILRVWGF:0.3793103448275862	TGYFAGTN:0.2413793103448276	AAGKPCLL:0.20689655172413793	TINTGADG:0.3620689655172414	CLVTDHVA:0.22413793103448276	GNTIYYGT:0.2413793103448276	IGDEGFGL:0.27586206896551724	TSAYIKSL:0.20689655172413793	SAYIKSLD:0.22413793103448276	DFGTLHLY:0.29310344827586204	QRLDYVVS:0.27586206896551724	DYVVSSAE:0.2413793103448276	DSDGSYPY:0.22413793103448276	LDYVVSSA:0.25862068965517243	RLDYVVSS:0.2413793103448276	IKLIINFV:0.29310344827586204	EYGVTSNH:0.20689655172413793	TLHLYPDS:0.20689655172413793	LHLYPDSW:0.20689655172413793	IDFGTLHL:0.2413793103448276	FGTLHLYP:0.20689655172413793	STINTGAD:0.22413793103448276	AACKAAGK:0.20689655172413793	YGVTSNHC:0.20689655172413793	EEYGVTSN:0.20689655172413793	MVCIGDEG:0.22413793103448276	ADLFWQYG:0.20689655172413793	VWGFNDVT:0.2413793103448276	VCIGDEGF:0.2413793103448276	CIGDEGFG:0.2413793103448276	
