cluster number:27
GH5:6	GH5:5|GH5_4:1
NKDKALDM:0.6666666666666666	QKIVDFGM:0.6666666666666666	SKGLIDTI:0.6666666666666666	MYVILNAH:0.6666666666666666	YKIDPLWL:0.6666666666666666	GINTVAAE:0.6666666666666666	GNTMDVPG:0.6666666666666666	NKVWTQIA:0.3333333333333333	MPYYDNKD:0.6666666666666666	TMDVPGIN:0.6666666666666666	IPTTWEAH:0.6666666666666666	WLIRVQKI:0.6666666666666666	KAAGFNTL:0.8333333333333334	WGNPITSK:0.6666666666666666	WTQIANHF:0.3333333333333333	GLIDTIKA:0.6666666666666666	WEAHLGPA:0.6666666666666666	VAAEIAWG:0.6666666666666666	KDKALDMM:0.6666666666666666	IANHFKDY:0.6666666666666666	LRIPTTWE:0.8333333333333334	NAHHDEWY:0.6666666666666666	IDPLWLIR:0.6666666666666666	KGLIDTIK:0.6666666666666666	AHLGPAPD:0.6666666666666666	VDFGMANE:0.6666666666666666	VWTQIANH:0.3333333333333333	AAEIAWGN:0.6666666666666666	PYYDNKDK:0.6666666666666666	LGPAPDYK:0.8333333333333334	WYMPYYDN:0.6666666666666666	YDNKDKAL:0.6666666666666666	IKAAGFNT:0.8333333333333334	DTIKAAGF:0.6666666666666666	IDTIKAAG:0.6666666666666666	AEIAWGNP:0.6666666666666666	YVILNAHH:0.6666666666666666	PLWLIRVQ:0.6666666666666666	TLRIPTTW:0.8333333333333334	YMPYYDNK:0.6666666666666666	HDEWYMPY:0.6666666666666666	VPGINTVA:0.6666666666666666	AHHDEWYM:0.6666666666666666	IRVQKIVD:0.6666666666666666	MDVPGINT:0.6666666666666666	HHDEWYMP:0.6666666666666666	KALDMMNK:0.6666666666666666	NTMDVPGI:0.6666666666666666	INTVAAEI:0.6666666666666666	DMMNKVWT:0.3333333333333333	RVQKIVDF:0.6666666666666666	KIDPLWLI:0.6666666666666666	DPLWLIRV:0.6666666666666666	ILNAHHDE:0.6666666666666666	MANEMYVI:0.6666666666666666	NTVAAEIA:0.6666666666666666	EWYMPYYD:0.6666666666666666	PTTWEAHL:0.6666666666666666	PGINTVAA:0.6666666666666666	DYKIDPLW:0.6666666666666666	MMNKVWTQ:0.3333333333333333	YYDNKDKA:0.6666666666666666	TTWEAHLG:0.6666666666666666	TIKAAGFN:0.6666666666666666	TQIANHFK:0.3333333333333333	KIVDFGMA:0.6666666666666666	PAPDYKID:0.8333333333333334	NPITSKGL:0.8333333333333334	FNTLRIPT:0.8333333333333334	AGFNTLRI:0.8333333333333334	LIRVQKIV:0.6666666666666666	RIPTTWEA:0.6666666666666666	AWGNPITS:0.6666666666666666	HLGPAPDY:0.8333333333333334	DEWYMPYY:0.6666666666666666	NTLRIPTT:0.8333333333333334	ANEMYVIL:0.6666666666666666	LDMMNKVW:0.6666666666666666	ALDMMNKV:0.6666666666666666	GNPITSKG:0.8333333333333334	TWEAHLGP:0.6666666666666666	DNKDKALD:0.6666666666666666	LNAHHDEW:0.6666666666666666	APDYKIDP:0.6666666666666666	GFNTLRIP:0.8333333333333334	EIAWGNPI:0.6666666666666666	MNKVWTQI:0.3333333333333333	GPAPDYKI:0.8333333333333334	LIDTIKAA:0.6666666666666666	IVDFGMAN:0.6666666666666666	FGMANEMY:0.6666666666666666	DVPGINTV:0.6666666666666666	DKALDMMN:0.6666666666666666	AAGFNTLR:0.8333333333333334	EAHLGPAP:0.6666666666666666	IAWGNPIT:0.6666666666666666	TSKGLIDT:0.6666666666666666	EMYVILNA:0.6666666666666666	DFGMANEM:0.6666666666666666	VILNAHHD:0.6666666666666666	VQKIVDFG:0.6666666666666666	ANHFKDYD:0.6666666666666666	GMANEMYV:0.6666666666666666	PITSKGLI:0.8333333333333334	KVWTQIAN:0.3333333333333333	TVAAEIAW:0.6666666666666666	LWLIRVQK:0.6666666666666666	ITSKGLID:0.8333333333333334	NEMYVILN:0.6666666666666666	QIANHFKD:0.6666666666666666	PDYKIDPL:0.6666666666666666	WNQIANHF:0.3333333333333333	NKVWNQIA:0.3333333333333333	DMMNKVWN:0.3333333333333333	NQIANHFK:0.3333333333333333	MMNKVWNQ:0.3333333333333333	KVWNQIAN:0.3333333333333333	VWNQIANH:0.3333333333333333	MNKVWNQI:0.3333333333333333	SMGWNLGN:0.3333333333333333	
