cluster number:171
GH5:22	GH5_16:22|3.2.1.164:2
LDNHVSKA:0.22727272727272727	EGLQYQSI:0.6818181818181818	GLQYQSIE:0.2727272727272727	PEGLQYQS:0.7272727272727273	RLTFAIEM:0.36363636363636365	GMNVIRLT:0.2727272727272727	HLDNHVSK:0.22727272727272727	IYVHLDNH:0.22727272727272727	VMIPEGLQ:0.4090909090909091	LTFAIEMV:0.22727272727272727	TFAIEMVD:0.22727272727272727	IPEGLQYQ:0.45454545454545453	DAVAAELA:0.2727272727272727	WPGHGEVM:0.2727272727272727	NWPGHGEV:0.2727272727272727	VRLTFAIE:0.22727272727272727	MIPEGLQY:0.5454545454545454	RLQVFDAV:0.45454545454545453	RNEPREPT:0.3181818181818182	TTRLQVFD:0.45454545454545453	NEPREPTN:0.22727272727272727	FDAVAAEL:0.3181818181818182	QVFDAVAA:0.4090909090909091	TRLQVFDA:0.45454545454545453	LRNEPREP:0.3181818181818182	STTRLQVF:0.3181818181818182	LQVFDAVA:0.45454545454545453	VFDAVAAE:0.4090909090909091	EPREPTNN:0.22727272727272727	DGNTWFGD:0.22727272727272727	LVLELHNY:0.3181818181818182	GLQYQSIA:0.2727272727272727	KLVLELHN:0.3181818181818182	HDWSAWRD:0.22727272727272727	GSYYIRSG:0.2727272727272727	ADVMIPEG:0.22727272727272727	DVMIPEGL:0.2727272727272727	
