cluster number:209
GH5:18	GH5_2:17|CBM2:5|3.2.1.4:3|GH5:1
SEFGTCDA:0.3888888888888889	VIVDWHIL:0.2777777777777778	VSEFGTCD:0.2777777777777778	LYVIVDWH:0.2777777777777778	YVIVDWHI:0.2777777777777778	FGTCDASG:0.3888888888888889	EFGTCDAS:0.3888888888888889	FKTLRDDW:0.2222222222222222	LRGVSTHG:0.2777777777777778	FVSEFGTC:0.2222222222222222	QLRGVSTH:0.2777777777777778	RGVSTHGI:0.2777777777777778	LGMYVIVD:0.2222222222222222	MYVIVDWH:0.2777777777777778	TPTWSQDI:0.2222222222222222	NVLYEICN:0.2777777777777778	EICNEPNG:0.6111111111111112	VIVGTPTW:0.2222222222222222	QLRGMSTH:0.2777777777777778	LRDDWGAN:0.2222222222222222	YEICNEPN:0.7777777777777778	TLRDDWGA:0.2222222222222222	GTPTWSQD:0.3333333333333333	IVGTPTWS:0.3333333333333333	GMYVIVDW:0.2222222222222222	IVIVGTPT:0.2222222222222222	ICNEPNGG:0.4444444444444444	AIVIVGTP:0.2222222222222222	VGTPTWSQ:0.3888888888888889	LRGMSTHG:0.2777777777777778	LYEICNEP:0.2777777777777778	VLYEICNE:0.2777777777777778	RGMSTHGL:0.2777777777777778	VIVDWHTL:0.2222222222222222	DWHTLSDN:0.2222222222222222	PVFVSEFG:0.3888888888888889	LVGTPNWC:0.2222222222222222	IVDWHTLS:0.2222222222222222	YVIVDWHT:0.2222222222222222	VDWHTLSD:0.2222222222222222	VGTPNWCQ:0.2222222222222222	ALILVGTP:0.2222222222222222	NDKNALIL:0.2222222222222222	ANDKNALI:0.2222222222222222	IRANDKNA:0.2222222222222222	DKNALILV:0.2222222222222222	NALILVGT:0.2222222222222222	RANDKNAL:0.2222222222222222	KNALILVG:0.2222222222222222	IPVIRAND:0.3333333333333333	IIPVIRAN:0.3333333333333333	HFYADTHR:0.2222222222222222	LHFYADTH:0.2777777777777778	NVIYEICN:0.5	VIYEICNE:0.5	IYEICNEP:0.5	WNLSNKNE:0.2777777777777778	PNVIYEIC:0.2222222222222222	LPVFVSEF:0.2222222222222222	PVIRANDK:0.2222222222222222	
