cluster number:196
GH5:19	GH5:16|GH5_7:3|CBM5:1|CBM6:1
DPDGDGLY:0.5789473684210527	VLALFEMV:0.5789473684210527	VDMQDVLA:0.3684210526315789	GLYEDVNG:0.21052631578947367	TDPDGDGL:0.5789473684210527	DVLALFEM:0.5789473684210527	DGLYEDVN:0.2631578947368421	DGDGLYED:0.5789473684210527	PDGDGLYE:0.5789473684210527	DMQDVLAL:0.42105263157894735	MQDVLALF:0.47368421052631576	ATDPDGDG:0.47368421052631576	GDGLYEDV:0.2631578947368421	QDVLALFE:0.8947368421052632	FPDVNRLF:0.21052631578947367	PDVNRLFQ:0.21052631578947367	PTDPDGDG:0.21052631578947367	GATDPDGD:0.3157894736842105	FYDFDGDG:0.2631578947368421	DGLYEDLS:0.3157894736842105	YEDLSGDG:0.21052631578947367	LYEDLSGD:0.21052631578947367	GLYEDLSG:0.3157894736842105	AGATDPDG:0.21052631578947367	PAGATDPD:0.21052631578947367	GDGLYEDL:0.3157894736842105	WPAGATDP:0.21052631578947367	NFPDVNTL:0.3157894736842105	DVNTLFQN:0.3157894736842105	PDVNTLFQ:0.3157894736842105	VNTLFQNT:0.21052631578947367	FPDVNTLF:0.3157894736842105	EDLSGDGT:0.3157894736842105	
