cluster number:96
GH5:13	GH5_4:12|CBM80:3|3.2.1.4:2|CBM65:2|GH5:1|GH5_8:1|CBM13:1
TVRVPVSW:0.23076923076923078	FNTVRVPV:0.23076923076923078	YCIDNDMY:0.23076923076923078	FKDYDQHL:0.3076923076923077	WGNPKTTK:0.3076923076923077	VKEVVDYC:0.38461538461538464	DMYVILNI:0.23076923076923078	NTAERVKW:0.23076923076923078	NPKTTKAM:0.3076923076923077	ETLNEPRL:0.3076923076923077	GNPKTTKA:0.3076923076923077	KNNTAERV:0.23076923076923078	EVVDYCID:0.3076923076923077	YVILNIHH:0.3076923076923077	SWGNPKTT:0.23076923076923078	VILNIHHD:0.23076923076923078	TAERVKWA:0.23076923076923078	TTKAMIDA:0.23076923076923078	CIDNDMYV:0.23076923076923078	WNLGNTLD:0.3076923076923077	KEVVDYCI:0.23076923076923078	TSWGNPKT:0.23076923076923078	DYCIDNDM:0.23076923076923078	MYVILNIH:0.23076923076923078	VVDYCIDN:0.3076923076923077	TKAMIDAV:0.23076923076923078	VRVPVSWG:0.3076923076923077	WLARVKEV:0.3076923076923077	DNDMYVIL:0.23076923076923078	FETLNEPR:0.38461538461538464	AMIDAVKA:0.23076923076923078	NDMYVILN:0.3076923076923077	NNTAERVK:0.23076923076923078	IDNDMYVI:0.23076923076923078	HAYTPYNF:0.23076923076923078	NLGNTLDA:0.3076923076923077	NTVRVPVS:0.23076923076923078	PKTTKAMI:0.3076923076923077	ETSWGNPK:0.3076923076923077	KAMIDAVK:0.23076923076923078	KTTKAMID:0.23076923076923078	VDYCIDND:0.3076923076923077	GFNTVRVP:0.3076923076923077	RVKEVVDY:0.5384615384615384	GWNLGNTL:0.38461538461538464	ARVKEVVD:0.5384615384615384	ILNIHHDT:0.23076923076923078	LARVKEVV:0.38461538461538464	PGYDASID:0.23076923076923078	GYDASIDG:0.23076923076923078	KAKGFNTV:0.23076923076923078	IPCVLWDN:0.23076923076923078	PVVIGEFG:0.3076923076923077	KDYDQHLI:0.23076923076923078	GIPVVIGE:0.3076923076923077	KGIPVVIG:0.3076923076923077	GFNTVRIP:0.3076923076923077	DYDQHLIF:0.23076923076923078	YDQHLIFE:0.23076923076923078	IPVVIGEF:0.3076923076923077	AKGFNTVR:0.23076923076923078	IFETLNEP:0.3076923076923077	YSPYNFAM:0.3076923076923077	SIHAYSPY:0.3076923076923077	KVKSLGFN:0.3076923076923077	WNLGNSLD:0.38461538461538464	HAYSPYNF:0.38461538461538464	DKVKSLGF:0.3076923076923077	LIFETLNE:0.3076923076923077	KSLGFNTV:0.3076923076923077	MGLGWNLG:0.23076923076923078	VSIHAYSP:0.23076923076923078	VKSLGFNT:0.3076923076923077	IHAYSPYN:0.3076923076923077	SPYNFAMN:0.23076923076923078	DMGLGWNL:0.23076923076923078	SLGFNTVR:0.3076923076923077	AYSPYNFA:0.3076923076923077	NLGNSLDA:0.3076923076923077	GLGWNLGN:0.23076923076923078	GWNLGNSL:0.38461538461538464	RLIFEGMN:0.23076923076923078	DQRLIFEG:0.23076923076923078	LGNSLDAT:0.23076923076923078	INVHHENW:0.23076923076923078	FEGMNEPR:0.3076923076923077	IINVHHEN:0.23076923076923078	LIFEGMNE:0.3076923076923077	YDQRLIFE:0.23076923076923078	CVLWDNNA:0.23076923076923078	IFEGMNEP:0.3076923076923077	QRLIFEGM:0.23076923076923078	VIINVHHE:0.23076923076923078	
