cluster number:232
GH5:21	GH5_36:21|3.2.1.78:1
SFDLLNEP:0.38095238095238093	VHCGECGC:0.42857142857142855	HRAPGYCI:0.23809523809523808	PHDVFLAW:0.2857142857142857	NGIGFALW:0.23809523809523808	ISFDLLNE:0.2857142857142857	RAPGYCIN:0.23809523809523808	IGFALWEF:0.23809523809523808	HVSLNLHR:0.5714285714285714	FDLLNEPS:0.2857142857142857	SLNLHRAP:0.6190476190476191	LNLHRAPG:0.6666666666666666	NLHRAPGY:0.42857142857142855	LDFFSPDP:0.3333333333333333	GIISHYKA:0.2857142857142857	GVHCGECG:0.5714285714285714	LHRAPGYC:0.42857142857142855	HLIIADGN:0.2857142857142857	NKTPHDVF:0.23809523809523808	HDVFLAWF:0.2857142857142857	DWGFDFVR:0.5238095238095238	PGIISHYK:0.2857142857142857	VSLNLHRA:0.5714285714285714	TPHDVFLA:0.2857142857142857	KLDRKLLT:0.23809523809523808	KTPHDVFL:0.23809523809523808	VGVHCGEC:0.47619047619047616	GVGVHCGE:0.6190476190476191	SFDLVNEP:0.3333333333333333	RGFNLLDF:0.23809523809523808	LHVSLNLH:0.42857142857142855	GFNLLDFF:0.42857142857142855	WRGFNLLD:0.2857142857142857	LHRAPGFC:0.23809523809523808	NLHRAPGF:0.23809523809523808	KGVGVHCG:0.23809523809523808	RAPGYCVN:0.38095238095238093	HRAPGYCV:0.42857142857142855	NLHVSLNL:0.23809523809523808	QGVGVHCG:0.23809523809523808	VFLAWFGD:0.2857142857142857	ISHYKAPW:0.23809523809523808	SHYKAPWA:0.23809523809523808	RLPMAYPY:0.23809523809523808	NLLDFFSP:0.2857142857142857	IISHYKAP:0.23809523809523808	APGYCVNA:0.23809523809523808	PKWPGQVG:0.23809523809523808	FDFVRLPM:0.2857142857142857	PGYCVNAG:0.23809523809523808	PMAYPYYL:0.23809523809523808	FVRLPMAY:0.23809523809523808	GFDFVRLP:0.3333333333333333	DFVRLPMA:0.23809523809523808	VRLPMAYP:0.23809523809523808	LPMAYPYY:0.23809523809523808	EPYNLWTD:0.23809523809523808	RADMNDQH:0.23809523809523808	LLDFFSPD:0.2857142857142857	GYCVNAGF:0.23809523809523808	WGFDFVRL:0.2857142857142857	YEDWYGHK:0.2857142857142857	NAGFNEPY:0.23809523809523808	HKLDRKLL:0.23809523809523808	AGFNEPYN:0.23809523809523808	GHKLDRKL:0.23809523809523808	WYGHKLDR:0.2857142857142857	DWYGHKLD:0.2857142857142857	EDWYGHKL:0.2857142857142857	HCGECGCW:0.2857142857142857	LAWFGDVL:0.23809523809523808	ALDAFCFH:0.2857142857142857	CGCWNKTP:0.23809523809523808	FLAWFGDV:0.23809523809523808	ECGCWNKT:0.23809523809523808	GECGCWNK:0.23809523809523808	GCWNKTPH:0.23809523809523808	IAQSCRGY:0.23809523809523808	FNLLDFFS:0.23809523809523808	CGECGCWN:0.23809523809523808	LDAFCFHW:0.2857142857142857	
