cluster number:51
GH5:11	GH5_4:11
RHLLIAGY:0.7272727272727273	IINVHHDG:0.2727272727272727	WMDRVQQV:0.2727272727272727	VIINVHHD:0.2727272727272727	INVHHDGG:0.2727272727272727	SMNEVGFD:0.2727272727272727	LIFESMNE:0.2727272727272727	FESMNEVG:0.2727272727272727	MDRVQQVV:0.2727272727272727	KVDETLWG:0.2727272727272727	DRVQQVVD:0.2727272727272727	IFESMNEV:0.2727272727272727	GNNAKRHL:0.36363636363636365	ESMNEVGF:0.2727272727272727	KRHLLIAG:0.7272727272727273	VDETLWGN:0.2727272727272727	AKRHLLIA:0.36363636363636365	NKINQDFV:0.2727272727272727	SVHYYTPW:0.2727272727272727	GIPVIIGE:0.36363636363636365	NVHHDGGG:0.2727272727272727	VDKGIPVI:0.36363636363636365	NNAKRHLL:0.36363636363636365	NAKRHLLI:0.36363636363636365	YVIINVHH:0.2727272727272727	DKGIPVII:0.36363636363636365	RVQQVVDY:0.2727272727272727	HHDGGGDP:0.2727272727272727	KGIPVIIG:0.36363636363636365	GGNNAKRH:0.36363636363636365	GWNLGNTL:0.5454545454545454	IPVIIGEY:0.36363636363636365	VHHDGGGD:0.2727272727272727	FVDKGIPV:0.36363636363636365	EKVDETLW:0.2727272727272727	KINQDFVD:0.2727272727272727	FESLNEEG:0.5454545454545454	CAVSVHYY:0.45454545454545453	QKFVDIVR:0.2727272727272727	MRLPVAWS:0.2727272727272727	NQKFVDIV:0.2727272727272727	KFVDIVRA:0.2727272727272727	FVDIVRAS:0.2727272727272727	INQKFVDI:0.2727272727272727	RLPVAWSN:0.2727272727272727	VSVHYYTP:0.5454545454545454	RCAVSVHY:0.45454545454545453	PVIIGEYG:0.2727272727272727	NRCAVSVH:0.45454545454545453	KTTFVDKG:0.2727272727272727	TDIDLTCD:0.36363636363636365	PVAWSNMM:0.2727272727272727	VDIVRASG:0.2727272727272727	AVSVHYYT:0.36363636363636365	WNLGNTLE:0.45454545454545453	LIFESLNE:0.45454545454545453	SVHYYTPS:0.45454545454545453	LLIAGYAT:0.36363636363636365	RIPVAWSN:0.2727272727272727	HLLIAGYA:0.2727272727272727	VHYYTPST:0.45454545454545453	IFESLNEE:0.45454545454545453	LIAGYATD:0.36363636363636365	HYYTPSTF:0.45454545454545453	PVIVGEYG:0.2727272727272727	IAGYATDI:0.2727272727272727	MGLGWNLG:0.2727272727272727	ESLNEEGC:0.2727272727272727	PVAWSNLM:0.2727272727272727	LGWNLGNT:0.2727272727272727	HLIFESLN:0.2727272727272727	GLGWNLGN:0.2727272727272727	YYTPSTFT:0.2727272727272727	PSTFTILE:0.2727272727272727	TPSTFTIL:0.2727272727272727	YTPSTFTI:0.2727272727272727	
