cluster number:82
GH5:41	GH5_40:38|CBM2:25|GH5:2|GH5_27:1
LGWTWNTW:0.5121951219512195	WTWNTWDC:0.5365853658536586	GGLAYSND:0.21951219512195122	GLAYSNDL:0.2682926829268293	DGTPTAFG:0.21951219512195122	EFMCVQGY:0.2682926829268293	NEPYPDRA:0.3902439024390244	FMCVQGYG:0.2682926829268293	YLGWTWNT:0.5121951219512195	DPAGNLAA:0.36585365853658536	SYLGWTWN:0.5609756097560976	GWTWNTWD:0.43902439024390244	GANYIAAV:0.24390243902439024	GNSAGCSD:0.2682926829268293	FNEPYPDR:0.36585365853658536	GMQDLVDA:0.2926829268292683	LGVNRSGG:0.5365853658536586	LRDHLRAL:0.2682926829268293	TWNTWDCS:0.4878048780487805	EVAGMQDL:0.4634146341463415	LLGVNRSG:0.5609756097560976	AGMQDLVD:0.4146341463414634	WNTWDCSS:0.4634146341463415	YGQYTGNS:0.24390243902439024	YSNDLSQW:0.24390243902439024	PLNEECWL:0.6585365853658537	SSGPSLIS:0.36585365853658536	VAGEIGEN:0.36585365853658536	EIGENTCS:0.36585365853658536	LHWTYGQY:0.21951219512195122	LSYLGWTW:0.3170731707317073	NSAGCSDV:0.24390243902439024	RRLLGVNR:0.5365853658536586	WRDGGTCP:0.34146341463414637	ANYIAAVK:0.24390243902439024	STLAPVAA:0.21951219512195122	SGGEFMCV:0.5121951219512195	CWRDGGTC:0.3902439024390244	YGGANYIA:0.21951219512195122	VAGMQDLV:0.4146341463414634	GIFDGPVD:0.3170731707317073	TGNSAGCS:0.2682926829268293	SNDLSQWL:0.21951219512195122	RLLGVNRS:0.6341463414634146	TVRIPLNE:0.2682926829268293	TRRLLGVN:0.4634146341463415	EECWLGLS:0.3902439024390244	IPLNEECW:0.5609756097560976	TWDCSSGP:0.4634146341463415	NEECWLGL:0.5609756097560976	IFDGPVDD:0.3170731707317073	GGANYIAA:0.21951219512195122	DGGTCPGI:0.36585365853658536	CSSGPSLI:0.3902439024390244	AGCSDVHA:0.2926829268292683	GQYTGNSA:0.24390243902439024	GVNRSGGE:0.5609756097560976	RDGGTCPG:0.34146341463414637	SAGCSDVH:0.2926829268292683	QYTGNSAG:0.24390243902439024	IGENTCSH:0.36585365853658536	QKPMPDAQ:0.24390243902439024	AGEIGENT:0.4878048780487805	NRSGGEFM:0.5121951219512195	KPMPDAQY:0.24390243902439024	VNRSGGEF:0.5609756097560976	NTVRIPLN:0.24390243902439024	FDGPVDDA:0.4146341463414634	RSGGEFMC:0.5121951219512195	LFNEPYPD:0.5121951219512195	ATCQKPMP:0.5609756097560976	HWTYGQYT:0.21951219512195122	WDCSSGPS:0.3902439024390244	DLFNEPYP:0.6341463414634146	GEFMCVQG:0.5121951219512195	NTWDCSSG:0.4634146341463415	AYSNDLSQ:0.24390243902439024	VRIPLNEE:0.5609756097560976	DCSSGPSL:0.3902439024390244	MQDLVDAV:0.2926829268292683	RIPLNEEC:0.5609756097560976	QDLVDAVR:0.2926829268292683	WTYGQYTG:0.21951219512195122	GEIGENTC:0.4878048780487805	YEVAGMQD:0.43902439024390244	DGPVDDAA:0.24390243902439024	TCQKPMPD:0.3902439024390244	AIADWKAN:0.21951219512195122	LNEECWLG:0.6829268292682927	EPYPDRAT:0.3170731707317073	YTGNSAGC:0.2682926829268293	CQKPMPDA:0.4146341463414634	FDLFNEPY:0.6097560975609756	GGEFMCVQ:0.5121951219512195	GLRDHLRA:0.2926829268292683	LVDAVRAT:0.34146341463414637	VDAVRATG:0.34146341463414637	DLVDAVRA:0.2682926829268293	VFDLFNEP:0.7073170731707317	AVVFDLFN:0.4146341463414634	VVFDLFNE:0.5853658536585366	DAVRATGA:0.34146341463414637	DGPVDDAS:0.34146341463414637	GGTCPGIG:0.24390243902439024	GIGYEVAG:0.24390243902439024	ASCQKPMP:0.21951219512195122	PGIGYEVA:0.21951219512195122	GYEVAGMQ:0.24390243902439024	CPGIGYEV:0.21951219512195122	HASCQKPM:0.21951219512195122	YTPAFWTS:0.2926829268292683	TPAFWTSV:0.3170731707317073	AGNLAAAW:0.2682926829268293	GTCPGIGY:0.24390243902439024	PAGNLAAA:0.34146341463414637	GNLAAAWH:0.2682926829268293	QYTPAFWT:0.24390243902439024	AQYTPAFW:0.2682926829268293	IGYEVAGM:0.24390243902439024	PAFWTSVA:0.36585365853658536	GENTCSHG:0.34146341463414637	FMCVQGRG:0.2682926829268293	MCVQGRGI:0.2682926829268293	TPIVELHW:0.3170731707317073	EFMCVQGR:0.2682926829268293	AVRIPLNE:0.36585365853658536	DLFNEPFP:0.24390243902439024	FDLFNEPF:0.24390243902439024	NAVRIPLN:0.24390243902439024	GATRRLLG:0.2926829268292683	GPSLISDY:0.21951219512195122	QAVVFDLF:0.21951219512195122	DQAVVFDL:0.21951219512195122	ATRRLLGV:0.2926829268292683	SGPSLISD:0.24390243902439024	
