cluster number:95
GH5:38	GH5_13:38
KTNTIYAW:0.23684210526315788	NSDVITYH:0.21052631578947367	STAINQLE:0.5263157894736842	HNSGWMQD:0.23684210526315788	SGWMQDPG:0.23684210526315788	AINQLEMW:0.5789473684210527	FVFFDDCW:0.34210526315789475	RILLWDLY:0.2894736842105263	PSTAINQL:0.5263157894736842	YMARPRNS:0.23684210526315788	WFHDIFRK:0.23684210526315788	TEYMARPR:0.23684210526315788	VFFDDCWN:0.5	CTEYMARP:0.23684210526315788	ICTEYMAR:0.7368421052631579	GKTNTIYA:0.23684210526315788	TAINQLEM:0.5263157894736842	WDLYNEPG:0.8157894736842105	LLWDLYNE:0.39473684210526316	LWDLYNEP:0.631578947368421	NQLEMWQA:0.4473684210526316	ILLWDLYN:0.2894736842105263	DLYNEPGN:0.7368421052631579	EYMARPRN:0.23684210526315788	INQLEMWQ:0.6052631578947368	NVGAINWG:0.23684210526315788	TNTIYAWD:0.21052631578947367	FHDIFRKD:0.23684210526315788	NSGWMQDP:0.23684210526315788	HDIFRKDG:0.21052631578947367	TMRVFLHS:0.21052631578947367	AINWGLVA:0.21052631578947367	INWGLVAG:0.21052631578947367	DRELGWAE:0.21052631578947367	FNTMRVFL:0.23684210526315788	YNEPGNSG:0.39473684210526316	NTMRVFLH:0.21052631578947367	LYNEPGNS:0.5	EMWQADTF:0.23684210526315788	FRKDGTPY:0.3157894736842105	QLEMWQAD:0.21052631578947367	LEMWQADT:0.23684210526315788	GAINWGLV:0.4473684210526316	YVKDILTT:0.21052631578947367	IGFNTMRV:0.34210526315789475	VKDILTTF:0.21052631578947367	IDRELGWA:0.21052631578947367	TIDRELGW:0.21052631578947367	NWGLVAGK:0.3157894736842105	GFNTMRVF:0.23684210526315788	FFDDCWNK:0.21052631578947367	AEGIGFNT:0.23684210526315788	PLICTEYM:0.42105263157894735	LICTEYMA:0.42105263157894735	IDKELGWA:0.21052631578947367	RPLICTEY:0.3157894736842105	LWFHDIFR:0.21052631578947367	NIGAINWG:0.2631578947368421	IGAINWGL:0.2631578947368421	EGIGFNTM:0.21052631578947367	GIGFNTMR:0.21052631578947367	VLWDLYNE:0.21052631578947367	PGVHNSGW:0.21052631578947367	TEYMARTR:0.21052631578947367	NEPGNSGY:0.21052631578947367	CTEYMART:0.34210526315789475	SGWVRDPG:0.21052631578947367	IPSTAINQ:0.23684210526315788	FIPSTAIN:0.23684210526315788	NSGWVRDP:0.21052631578947367	HNSGWVRD:0.21052631578947367	ENIGAINW:0.21052631578947367	
