cluster number:158
GH5:19	GH5_2:19|3.2.1.4:3|3.2.1.-:1
SDKDETCS:0.2631578947368421	DKDETCSM:0.2631578947368421	FNEPVEDS:0.21052631578947367	VIIDWHSH:0.47368421052631576	PHWDQDIH:0.3157894736842105	SISWVAWS:0.2631578947368421	GLPIFVSE:0.21052631578947367	RYKGVPNV:0.2631578947368421	CPHWDQDI:0.21052631578947367	KGVPNVIY:0.3684210526315789	DQDIHLAA:0.2631578947368421	YKGVPNVI:0.3684210526315789	NIMYTLHF:0.2631578947368421	NEPVEDSW:0.2631578947368421	HWDQDIHL:0.3157894736842105	GCPHWDQD:0.21052631578947367	VVDAAIEN:0.21052631578947367	VYVIIDWH:0.3684210526315789	IMYTLHFY:0.2631578947368421	GVPNVIYE:0.47368421052631576	LPIFVSEC:0.2631578947368421	YVIIDWHS:0.47368421052631576	MYTLHFYA:0.3684210526315789	QDIHLAAD:0.2631578947368421	WDQDIHLA:0.2631578947368421	VPNVIYEV:0.21052631578947367	HFYAGTHK:0.21052631578947367	YTLHFYAG:0.21052631578947367	HLAADDPI:0.2631578947368421	LHFYAATH:0.21052631578947367	TLHFYAAT:0.21052631578947367	IIDWHSHH:0.21052631578947367	VSFGWHNW:0.21052631578947367	YTLHFYAA:0.21052631578947367	GVSFGWHN:0.21052631578947367	FGWHNWWP:0.21052631578947367	SFGWHNWW:0.21052631578947367	RAAIGVEP:0.21052631578947367	AYTLHFYA:0.21052631578947367	VQVRGVSL:0.21052631578947367	
