cluster number:0
CBM4:153	CBM4:153|GH9:150|CBM2:50|3.2.1.4:8|CBM37:7|CBM3:2|3.2.1.91:2|3.2.1.-:1|GH11:1|3.2.1.8:1
NLAATAAQ:0.42483660130718953	GKYVVNGG:0.8627450980392157	LDVTGGWY:0.29411764705882354	VNGGISVW:0.20261437908496732	EFYWAAAE:0.6143790849673203	VRVNQVGY:0.5294117647058824	DEFYWAAA:0.6143790849673203	STAATLNL:0.5751633986928104	LNLAATAA:0.42483660130718953	VTGGWYDA:0.3790849673202614	GGWYDAGD:0.9215686274509803	VVNGGISV:0.33986928104575165	FYWAAAEL:0.6470588235294118	TLNLAATA:0.42483660130718953	YVVNGGIS:0.5228758169934641	DVTGGWYD:0.3790849673202614	RVNQVGYL:0.5098039215686274	AATLNLAA:0.7058823529411765	ATLNLAAT:0.45751633986928103	TAATLNLA:0.7124183006535948	YWAAAELF:0.23529411764705882	KYVVNGGI:0.8366013071895425	PSTAATLN:0.5555555555555556	TGGWYDAG:0.4117647058823529	TINWNAPL:0.21568627450980393	GPRVRVNQ:0.4444444444444444	PDTGPRVR:0.4444444444444444	GWYDAGDH:0.8366013071895425	YDAGDHGK:0.8366013071895425	WTGLPLLP:0.32679738562091504	LAGMAHHK:0.37254901960784315	AGMAHHKI:0.22875816993464052	HGKYVVNG:0.7647058823529411	RVRVNQVG:0.3137254901960784	MAHHKIHD:0.24183006535947713	GMAHHKIH:0.24183006535947713	PPSTAATL:0.35947712418300654	EPDTGPRV:0.28104575163398693	AGDHGKYV:0.7843137254901961	VNQVGYLP:0.4117647058823529	DVSGGWYD:0.20261437908496732	PLAGMAHH:0.3137254901960784	DHGKYVVN:0.7843137254901961	VSGGWYDA:0.20915032679738563	DTGPRVRV:0.4444444444444444	YEPDTGPR:0.27450980392156865	WYDAGDHG:0.8366013071895425	TDEFYWAA:0.3006535947712418	SGGWYDAG:0.22875816993464052	QSYVTGYG:0.23529411764705882	GDHGKYVV:0.7843137254901961	VTDEFYWA:0.2679738562091503	DAGDHGKY:0.8366013071895425	TGPRVRVN:0.47058823529411764	PRVRVNQV:0.43790849673202614	NQHSRWYA:0.24836601307189543	DYILGRNA:0.20915032679738563	YILGRNAL:0.20261437908496732	SYVTGYGE:0.37254901960784315	MDYILGRN:0.26143790849673204	WAAAELYL:0.3464052287581699	YWAAAELY:0.4117647058823529	DGETSHPF:0.20261437908496732	ELHPPSTA:0.22875816993464052	YVTGYGEV:0.2222222222222222	VPDILDEA:0.27450980392156865	PCQPGVCD:0.3333333333333333	LAATAAQA:0.23529411764705882	PDILDEAR:0.4444444444444444	AATAAQAA:0.2222222222222222	VPCQPGVC:0.33986928104575165	LHPPSTAA:0.24183006535947713	CQPGVCDY:0.32679738562091504	DILDEARW:0.35294117647058826	RELHPPST:0.23529411764705882	ILDEARWE:0.32679738562091504	HPPSTAAT:0.24836601307189543	ATAAQAAR:0.2222222222222222	YVVNGGIA:0.3006535947712418	AAAELYLT:0.27450980392156865	ELYLTTGE:0.21568627450980393	RLDLATVP:0.3006535947712418	AELYLTTG:0.2549019607843137	AAELYLTT:0.27450980392156865	GVAPNQGD:0.21568627450980393	EARWELEF:0.23529411764705882	RWELEFLL:0.20915032679738563	ARWELEFL:0.21568627450980393	LDEARWEL:0.3464052287581699	DEARWELE:0.28104575163398693	
