cluster number:35
GH108:12	GH108:12
ITIHTARA:0.25	ASRMLQRA:0.5833333333333334	YLKAFWQR:0.4166666666666667	SGNASRML:0.5	FPPELAFQ:0.4166666666666667	GNASRMLQ:0.5833333333333334	VNHGSGNA:0.5	ARANGYTG:0.4166666666666667	IHTARANG:0.3333333333333333	HEGGYVND:0.5833333333333334	HTARANGY:0.4166666666666667	RMLQRAVG:0.5	RANGYTGS:0.4166666666666667	HGSGNASR:0.5	GITIHTAR:0.25	RMAGNLRY:0.3333333333333333	TARANGYT:0.4166666666666667	RLEFYTKL:0.3333333333333333	AERLEFYT:0.3333333333333333	FDACVNHG:0.25	PPELAFQF:0.4166666666666667	GETKFGIT:0.25	MLQRAVGV:0.5	CVNHGSGN:0.4166666666666667	IYLKAFWQ:0.4166666666666667	AFWQRYRC:0.25	GGETKFGI:0.25	KAFWQRYR:0.25	NHGSGNAS:0.5	DACVNHGS:0.4166666666666667	ERLEFYTK:0.3333333333333333	ANGYTGSM:0.4166666666666667	EGGYVNDP:0.6666666666666666	GSGNASRM:0.5	TIHTARAN:0.3333333333333333	NASRMLQR:0.5833333333333334	ACVNHGSG:0.4166666666666667	LKAFWQRY:0.4166666666666667	SRMLQRAV:0.5833333333333334	LLFQAERL:0.25	ELAFQFLD:0.25	LFQAERLE:0.25	MAGNLRYF:0.25	AKTIYLKA:0.25	KAFWQRYN:0.25	DPKDPGGE:0.4166666666666667	VGLLFQAE:0.25	FDRFGRGW:0.25	RYSVADVG:0.25	MRAMSRAD:0.25	AFQFLDAC:0.25	ADVGLLFQ:0.25	GWINRMAG:0.25	DVGLLFQA:0.25	KLKHFDRF:0.25	GLLFQAER:0.25	GVADDGII:0.3333333333333333	ADDGIIGK:0.3333333333333333	MSRADAKT:0.25	AVGVADDG:0.3333333333333333	GNLRYFAK:0.25	LKHFDRFG:0.25	WINRMAGN:0.25	NRMAGNLR:0.25	DPGGETNW:0.25	VADVGLLF:0.25	GSMRAMSR:0.25	AFDRLIGH:0.25	GHEGGYVN:0.5	GKVTLAAI:0.25	HFDRFGRG:0.25	FGRGWINR:0.25	TIYLKAFW:0.25	RAMSRADA:0.25	QFPPELAF:0.25	PGGETNWG:0.25	KHFDRFGR:0.25	IGKVTLAA:0.25	FQFLDACV:0.25	LQRAVGVA:0.3333333333333333	SMRAMSRA:0.25	QFLDACVN:0.25	KTIYLKAF:0.25	SVADVGLL:0.25	IGHEGGYV:0.4166666666666667	NGYTGSMR:0.25	YVNDPKDP:0.4166666666666667	NLRYFAKD:0.25	RLIGHEGG:0.3333333333333333	YSVADVGL:0.25	QAERLEFY:0.25	DRFGRGWI:0.25	NDPKDPGG:0.4166666666666667	FDRLIGHE:0.3333333333333333	QRAVGVAD:0.3333333333333333	AFWQRYNC:0.25	PELAFQFL:0.25	INRMAGNL:0.25	TGSMRAMS:0.25	RGWINRMA:0.25	SRADAKTI:0.25	AGNLRYFA:0.25	AMSRADAK:0.25	RAVGVADD:0.3333333333333333	FLDACVNH:0.25	VADDGIIG:0.5	RFGRGWIN:0.25	KDPGGETN:0.3333333333333333	GYTGSMRA:0.25	IIGKVTLA:0.25	FQAERLEF:0.25	GGYVNDPK:0.5	GYVNDPKD:0.5	RADAKTIY:0.25	VGVADDGI:0.25	LRYFAKDT:0.25	GRGWINRM:0.25	DAKTIYLK:0.25	LDACVNHG:0.25	PKDPGGET:0.5	DRLIGHEG:0.3333333333333333	ADAKTIYL:0.25	DGIIGKVT:0.25	DDGIIGKV:0.25	YTGSMRAM:0.25	GIIGKVTL:0.25	LIGHEGGY:0.3333333333333333	LAFQFLDA:0.25	VNDPKDPG:0.4166666666666667	
