cluster number:26
GH108:26	GH108:26
PDDPGGPT:0.34615384615384615	DDPGGPTN:0.3076923076923077	TLAAVART:0.3076923076923077	AHEGGYVD:0.3076923076923077	NLGVTLGT:0.3076923076923077	YWDAVRGD:0.3076923076923077	GVADDGVI:0.34615384615384615	AAIALQRL:0.3076923076923077	PTNLGVTL:0.34615384615384615	HPDDPGGP:0.2692307692307692	GGYVDHPD:0.2692307692307692	YAVFDFAV:0.2692307692307692	AVFDFAVN:0.3076923076923077	VDHPDDPG:0.2692307692307692	TPAKVAPI:0.2692307692307692	GPTNLGVT:0.4230769230769231	LVLAHEGG:0.3076923076923077	VGVADDGV:0.3076923076923077	PAGVDYAV:0.23076923076923078	AAVARTDQ:0.3076923076923077	IALQRLVG:0.3076923076923077	VAGVRTEA:0.23076923076923078	AGVDYAVF:0.23076923076923078	DPGGPTNL:0.46153846153846156	TLGTLSAV:0.2692307692307692	GKGWTKRV:0.34615384615384615	LGRPATRA:0.4230769230769231	LVGVADDG:0.38461538461538464	LAAVARTD:0.3076923076923077	GVRTEALA:0.23076923076923078	GAVTLAAV:0.2692307692307692	GTLSAVLG:0.3076923076923077	VARTDQRW:0.3076923076923077	VLAHEGGY:0.3076923076923077	VTLGTLSA:0.3076923076923077	VKALTPAK:0.2692307692307692	LQRLVGVA:0.34615384615384615	QRLVGVAD:0.34615384615384615	DFAVNSGP:0.38461538461538464	AVTLAAVA:0.2692307692307692	GVDYAVFD:0.23076923076923078	GYVDHPDD:0.2692307692307692	KALTPAKV:0.2692307692307692	RLVGVADD:0.34615384615384615	RGDDLPAG:0.23076923076923078	TKRVAGVR:0.34615384615384615	TNLGVTLG:0.3076923076923077	LTPAKVAP:0.3076923076923077	AKVAPIYR:0.34615384615384615	IGAVTLAA:0.2692307692307692	KGWTKRVA:0.34615384615384615	AGVRTEAL:0.23076923076923078	VADDGVIG:0.34615384615384615	VFDFAVNS:0.34615384615384615	AVLGRPAT:0.34615384615384615	RYWDAVRG:0.2692307692307692	DYAVFDFA:0.2692307692307692	LPAGVDYA:0.23076923076923078	LGVTLGTL:0.3076923076923077	GVIGAVTL:0.2692307692307692	GWTKRVAG:0.34615384615384615	RVAGVRTE:0.23076923076923078	VIGAVTLA:0.2692307692307692	VDYAVFDF:0.23076923076923078	PGGPTNLG:0.46153846153846156	FGKGWTKR:0.34615384615384615	ADDGVIGA:0.2692307692307692	GVTLGTLS:0.3076923076923077	YVDHPDDP:0.2692307692307692	VRGDDLPA:0.23076923076923078	GGPTNLGV:0.4230769230769231	HEGGYVDH:0.34615384615384615	ARTDQRWL:0.3076923076923077	ALTPAKVA:0.3076923076923077	RPATRADV:0.23076923076923078	SAVLGRPA:0.34615384615384615	RAAIALQR:0.34615384615384615	LGTLSAVL:0.2692307692307692	ALQRLVGV:0.34615384615384615	VTLAAVAR:0.3076923076923077	AIALQRLV:0.3076923076923077	LAHEGGYV:0.3076923076923077	DDGVIGAV:0.2692307692307692	VLGRPATR:0.34615384615384615	DHPDDPGG:0.2692307692307692	FDFAVNSG:0.46153846153846156	KRVAGVRT:0.23076923076923078	GRPATRAD:0.23076923076923078	WTKRVAGV:0.34615384615384615	TLSAVLGR:0.34615384615384615	PAKVAPIY:0.2692307692307692	DGVIGAVT:0.2692307692307692	LSAVLGRP:0.34615384615384615	AVARTDQR:0.3076923076923077	EGGYVDHP:0.38461538461538464	VNSGPARA:0.5	EVKALTPA:0.23076923076923078	AEVKALTP:0.23076923076923078	TFGKGWTK:0.23076923076923078	AVNSGPAR:0.46153846153846156	DELPAGVD:0.23076923076923078	SGPARAAI:0.2692307692307692	ARAAIALQ:0.2692307692307692	GPARAAIA:0.2692307692307692	PTFGKGWT:0.3076923076923077	PARAAIAL:0.2692307692307692	FAVNSGPA:0.3076923076923077	NSGPARAA:0.3076923076923077	WPTFGKGW:0.38461538461538464	
