cluster number:0
GH108:32	GH108:32
ANGYNGSM:0.375	FFDACVNH:0.46875	GSMRAMTR:0.53125	IYRKAFWE:0.5	GWVRRVAQ:0.5	ENDLLLRF:0.5	IGIYRKAF:0.3125	TAQANGYN:0.375	GNAARMLQ:0.40625	EQAIGIYR:0.3125	GIYRKAFW:0.3125	QMPEAVAF:0.4375	WGITKRTA:0.625	RAMTREQA:0.46875	YGNAARML:0.40625	ERVLSHEG:0.25	AMTREQAI:0.46875	FIERVLSH:0.25	LVFYTKLG:0.375	MPEAVAFQ:0.625	EAVAFQFF:0.6875	VAFQFFDA:0.6875	AIGIYRKA:0.3125	GEISLKAI:0.375	RRVAQNLI:0.5	VAQNLIHA:0.5	LLRFNAER:0.53125	TFTSFGKG:0.5	ETNWGITK:0.65625	YRADQMPE:0.40625	NGYNGSMR:0.375	EFNRFIER:0.25	QANGYNGS:0.375	DEFNRFIE:0.25	MTREQAIG:0.3125	GVPDDGII:0.21875	SHEGGYVN:0.34375	FQFFDACV:0.46875	DPGGETNW:0.71875	IIGEISLK:0.375	REQAIGIY:0.3125	ADQMPEAV:0.4375	LSHEGGYV:0.375	KAFWERYR:0.40625	FDACVNHG:0.53125	DDGIIGEI:0.34375	KRTAQANG:0.5	VLSHEGGY:0.46875	LLLRFNAE:0.53125	NGSMRAMT:0.4375	RTAQANGY:0.46875	LPENDLLL:0.5	ERLVFYTK:0.5	LRFNAERL:0.5	QFFDACVN:0.46875	RYRADQMP:0.40625	TKLGTFTS:0.375	VNHGYGNA:0.46875	AFQFFDAC:0.5	INSLPEND:0.46875	YNGSMRAM:0.375	PGGETNWG:0.71875	PENDLLLR:0.5	HPKDPGGE:0.3125	ACVNHGYG:0.46875	ARMLQRAA:0.40625	AVAFQFFD:0.6875	GYNGSMRA:0.375	MLQRAAGV:0.5	GIIGEISL:0.34375	SDEFNRFI:0.25	FYTKLGTF:0.375	RFNAERLV:0.5	VFYTKLGT:0.375	NWGITKRT:0.59375	SMRAMTRE:0.46875	RVAQNLIH:0.5	IGEISLKA:0.375	AGVPDDGI:0.21875	FNAERLVF:0.5	PEAVAFQF:0.6875	TREQAIGI:0.3125	VRRVAQNL:0.5	FTSFGKGW:0.5	LGTFTSFG:0.375	GTFTSFGK:0.375	EISLKAIN:0.375	RMLQRAAG:0.5	LKAINSLP:0.46875	MRAMTREQ:0.46875	NRFIERVL:0.25	LQRAAGVP:0.375	SLKAINSL:0.46875	KGWVRRVA:0.59375	WVRRVAQN:0.5	QAIGIYRK:0.3125	EGGYVNHP:0.375	HEGGYVNH:0.34375	GITKRTAQ:0.46875	TKRTAQAN:0.5	IERVLSHE:0.25	AINSLPEN:0.46875	NDLLLRFN:0.5	AERLVFYT:0.5	AFWERYRA:0.40625	ITKRTAQA:0.46875	AQANGYNG:0.375	YRKAFWER:0.5	HGYGNAAR:0.40625	KLGTFTSF:0.375	YTKLGTFT:0.375	TNWGITKR:0.59375	QRAAGVPD:0.375	GKGWVRRV:0.625	FGKGWVRR:0.625	RVLSHEGG:0.46875	FNRFIERV:0.25	NHGYGNAA:0.40625	SLPENDLL:0.46875	RKAFWERY:0.5	SFGKGWVR:0.5	RADQMPEA:0.40625	RLVFYTKL:0.5	KDPGGETN:0.28125	ISLKAINS:0.375	NAARMLQR:0.40625	NHPKDPGG:0.28125	FWERYRAD:0.40625	MSDEFNRF:0.25	KAINSLPE:0.46875	ERYRADQM:0.40625	NSLPENDL:0.46875	DACVNHGY:0.46875	TSFGKGWV:0.5	AAGVPDDG:0.34375	DLLLRFNA:0.53125	GGETNWGI:0.71875	GETNWGIT:0.6875	DQMPEAVA:0.4375	PKDPGGET:0.34375	RFIERVLS:0.25	WERYRADQ:0.40625	NAERLVFY:0.5	DGIIGEIS:0.34375	GYGNAARM:0.40625	RAAGVPDD:0.375	AARMLQRA:0.40625	PDDGIIGE:0.21875	CVNHGYGN:0.46875	VPDDGIIG:0.21875	ASRMLQRA:0.21875	YVNDPRDP:0.25	FFDAAVNH:0.21875	GNASRMLQ:0.21875	PRDPGGET:0.25	GYVNDPRD:0.25	DAAVNHGL:0.21875	QFFDAAVN:0.21875	GGYVNDPR:0.25	VADDGIIG:0.34375	VNDPRDPG:0.25	NDPRDPGG:0.3125	EGGYVNDP:0.3125	FDAAVNHG:0.25	DKMPEAVA:0.21875	NASRMLQR:0.21875	DPRDPGGE:0.21875	SRMLQRAV:0.21875	AQNLIHAS:0.375	IHASADNT:0.34375	QNLIHASA:0.375	NLIHASAD:0.375	LIHASADN:0.375	HASADNTD:0.34375	NQFINRVL:0.21875	FNQFINRV:0.21875	QFINRVLS:0.21875	INRVLSHE:0.21875	NRVLSHEG:0.21875	FINRVLSH:0.21875	
