cluster number:58
GH10:32	GH10:32|CBM22:19|3.2.1.8:5
NYPGLIVS:0.21875	WHSQTPEA:0.46875	VSWDVVNE:0.53125	GLIVSWDV:0.21875	YPGLIVSW:0.21875	LVWHSQTP:0.46875	VWHSQTPE:0.40625	HSQTPEAF:0.46875	PGLIVSWD:0.21875	SQTPEAFF:0.46875	IVSWDVVN:0.46875	WDVVNEAI:0.375	DVVNEAID:0.375	VVNEAIDD:0.375	IKVHGHVL:0.34375	PENELKPD:0.40625	LRVSELDI:0.25	TPENELKP:0.40625	VHGHVLVW:0.34375	GIKVHGHV:0.3125	KVHGHVLV:0.34375	NGIKVHGH:0.3125	KPDSVLDV:0.4375	GHVLVWHS:0.3125	LKPDSVLD:0.3125	ELKPDSVL:0.3125	NELKPDSV:0.3125	GLKLRVSE:0.21875	LKLRVSEL:0.25	ENELKPDS:0.3125	HGHVLVWH:0.34375	HVLVWHSQ:0.3125	KLRVSELD:0.28125	VLVWHSQT:0.3125	PEAFFHEG:0.375	TPEAFFHE:0.46875	EAFFHEGY:0.375	IWHSQTPE:0.25	LIWHSQTP:0.25	QTPEAFFH:0.46875	SWDVVNEA:0.34375	NEAIDDGT:0.4375	LYVETTGA:0.40625	EGNIDGYG:0.4375	VAVHFDAA:0.25	NIDGYGFQ:0.5	VNEAIDDG:0.3125	MLGRLENY:0.28125	PEGNIDGY:0.34375	VSREVMLG:0.21875	YPGVIVSW:0.28125	SILTPENE:0.46875	ILTPENEL:0.375	DGYGFQMH:0.65625	ETAVAVHF:0.25	LGRLENYI:0.28125	LTPENELK:0.375	ETGDETAV:0.28125	VLYVETTG:0.40625	GVIVSWDV:0.28125	DGWYGRGA:0.28125	IDGYGFQM:0.625	TGDETAVA:0.28125	REVMLGRL:0.25	AFFHEGYD:0.28125	GNIDGYGF:0.5	KKGEWTTL:0.21875	EVMLGRLE:0.25	DETAVAVH:0.25	VIVSWDVV:0.28125	PGVIVSWD:0.28125	SREVMLGR:0.25	VMLGRLEN:0.25	AVHFDAAK:0.28125	GDETAVAV:0.28125	LYYNDYNT:0.625	VLNEAIDD:0.28125	NWLRNSNW:0.3125	SWDVLNEA:0.3125	YGFQMHHS:0.25	VVSWDVLN:0.28125	DGSNWLRN:0.25	PGVVVSWD:0.34375	VSWDVLNE:0.3125	NYPGVVVS:0.3125	GTKLYYND:0.21875	LIPEGNID:0.34375	NPKPAFWA:0.40625	GSNWLRNS:0.25	SNWLRNSN:0.25	GNPKPAFW:0.3125	IDDGSNWL:0.25	YYNDYNTA:0.59375	GVVVSWDV:0.34375	RLRVSELD:0.34375	LRVSELDV:0.375	TKLYYNDY:0.21875	MLGRMENY:0.21875	QFSILTPE:0.375	DVLNEAID:0.28125	IPEGNIDG:0.34375	FSILTPEN:0.375	GYGFQMHH:0.53125	EAIDDGSN:0.25	WNSPGRDF:0.3125	VVVSWDVL:0.28125	ENYPGVVV:0.21875	VMLGRMEN:0.21875	WDVLNEAI:0.28125	KLYYNDYN:0.28125	PKPAFWAV:0.4375	LNEAIDDG:0.28125	AIDDGSNW:0.25	DDGSNWLR:0.25	YPGVVVSW:0.3125	LGRMENYI:0.25	NEAIDDGS:0.25	HGHVLIWH:0.21875	ILTPENEM:0.25	PSLKEIYA:0.21875	RVSELDVT:0.21875	GHVLIWHS:0.21875	KPAFWAVA:0.28125	LTPENEMK:0.25	VLIWHSQT:0.21875	ARKYAPEG:0.34375	PDSVLDVN:0.21875	VHGHVLIW:0.21875	AFWAVADP:0.28125	LRLRVSEL:0.21875	KVHGHVLI:0.21875	RKYAPEGT:0.21875	TPENEMKP:0.25	HVLIWHSQ:0.21875	VSELDVTV:0.21875	PAFWAVAD:0.28125	PENEMKPD:0.21875	EAVQVWGL:0.34375	EAIDDGTN:0.25	YAGKFDFG:0.25	TEAVQVWG:0.25	QTEAVQVW:0.25	DQTEAVQV:0.25	GVLLYYND:0.25	VLLYYNDY:0.25	LLYYNDYN:0.3125	AVQVWGLT:0.25	VQVWGLTD:0.25	PLVSREVM:0.21875	LVSREVML:0.21875	KPLVSREV:0.21875	
