cluster number:51
GH10:33	GH10:33
DWDVGNEA:0.5454545454545454	YDWDVGNE:0.5454545454545454	DYIAKAFE:0.24242424242424243	AKAFEFAR:0.30303030303030304	KAFEFARE:0.30303030303030304	GDDYIAKA:0.24242424242424243	YIAKAFEF:0.24242424242424243	IGDDYIAK:0.21212121212121213	IAKAFEFA:0.24242424242424243	EFAREADP:0.30303030303030304	EADPDAEL:0.45454545454545453	ADPDAELY:0.45454545454545453	DDYIAKAF:0.24242424242424243	AFEFAREA:0.30303030303030304	FEFAREAD:0.30303030303030304	DFNLEKPA:0.3939393939393939	IGDDYVAK:0.3333333333333333	WDVGNEAI:0.48484848484848486	ELYYNDFN:0.42424242424242425	YYNDFNLE:0.42424242424242425	AKRAGVIK:0.3333333333333333	YNDFNLEK:0.3939393939393939	DAELYYND:0.36363636363636365	NLEKPAKR:0.6060606060606061	KPAKRAGV:0.5454545454545454	EAIDEDGS:0.5757575757575758	IDEDGSMR:0.21212121212121213	NEAIDEDG:0.5757575757575758	DPDAELYY:0.3939393939393939	ARKLRIDG:0.2727272727272727	KRAGVIKL:0.3333333333333333	GNEAIDED:0.30303030303030304	GIGDDYVA:0.36363636363636365	PDAELYYN:0.42424242424242425	RAGVIKLV:0.3333333333333333	FNLEKPAK:0.45454545454545453	YVAKAFEF:0.36363636363636365	AELYYNDF:0.48484848484848486	DVGNEAID:0.3333333333333333	LQARKLRI:0.2727272727272727	LEKPAKRA:0.5757575757575758	QARKLRID:0.2727272727272727	GDDYVAKA:0.36363636363636365	PAKRAGVI:0.5454545454545454	NDFNLEKP:0.3939393939393939	AIDEDGSM:0.21212121212121213	VAKAFEFA:0.36363636363636365	DYVAKAFE:0.36363636363636365	DDYVAKAF:0.36363636363636365	VGNEAIDE:0.30303030303030304	LYYNDFNL:0.42424242424242425	EKPAKRAG:0.5757575757575758	HEADPDAE:0.3333333333333333	AHEADPDA:0.36363636363636365	AFEFAHEA:0.3333333333333333	WQVGIGDD:0.3333333333333333	SPWQVGIG:0.3333333333333333	QVGIGDDY:0.3333333333333333	FEFAHEAD:0.3333333333333333	PWQVGIGD:0.3333333333333333	KSPWQVGI:0.30303030303030304	RKSPWQVG:0.30303030303030304	FAHEADPD:0.36363636363636365	EFAHEADP:0.30303030303030304	RIDGLGIQ:0.3333333333333333	DEDGSLRK:0.36363636363636365	AKRAGVIR:0.21212121212121213	IDGLGIQS:0.3333333333333333	LRIDGLGI:0.3333333333333333	AIDEDGSL:0.36363636363636365	DGLGIQSH:0.3333333333333333	KAFEFAHE:0.2727272727272727	KRAGVIRL:0.21212121212121213	IDEDGSLR:0.36363636363636365	AKAFEFAH:0.30303030303030304	GLRIDGLG:0.21212121212121213	RAGVIRLV:0.21212121212121213	KLRIDGLG:0.24242424242424243	RKLRIDGL:0.24242424242424243	DLQARKLR:0.21212121212121213	WDVVNEAI:0.21212121212121213	DVVNEAID:0.21212121212121213	YDWDVVNE:0.24242424242424243	DWDVVNEA:0.24242424242424243	VNEAIDED:0.21212121212121213	VVNEAIDE:0.21212121212121213	
