cluster number:65
GH10:19	GH10:19|GH9:2|3.2.1.8:1
IGHTLVWH:0.2631578947368421	ALNEDGTL:0.3157894736842105	DVVNEALN:0.631578947368421	EALNEDGT:0.3157894736842105	TLVWHSQT:0.5789473684210527	AELYYNDY:0.3157894736842105	AWDVVNEA:0.3157894736842105	VVNEALNE:0.631578947368421	VNEALNED:0.6842105263157895	EDGTLRES:0.21052631578947367	NEALNEDG:0.6842105263157895	HTLVWHSQ:0.6842105263157895	LVWHSQTP:0.5789473684210527	LNEDGTLR:0.3157894736842105	WDVVNEAL:0.6842105263157895	NEDGTLRE:0.21052631578947367	GHTLVWHS:0.6842105263157895	EALNEDGS:0.3684210526315789	VGHTLVWH:0.3157894736842105	GWDVVNEA:0.5263157894736842	VMITELDI:0.21052631578947367	DVMITELD:0.21052631578947367	HSQTPDWV:0.47368421052631576	ELDISVLP:0.2631578947368421	ENSMKWER:0.21052631578947367	NSMKWERI:0.21052631578947367	DFEAADAL:0.21052631578947367	NDYNLYKP:0.42105263157894735	KVSRVTFW:0.21052631578947367	GMQAHYSL:0.2631578947368421	QTPDWVFE:0.3684210526315789	LRESKWST:0.21052631578947367	VWHSQTPD:0.42105263157894735	VAGRYKNR:0.21052631578947367	KWSTIIGD:0.21052631578947367	DISVLPFP:0.2631578947368421	FEAADALV:0.21052631578947367	ISVLPFPE:0.21052631578947367	WHSQTPDW:0.47368421052631576	YNDYNLYK:0.42105263157894735	LDISVLPF:0.2631578947368421	AKLYYNDY:0.47368421052631576	TPENSMKW:0.21052631578947367	PENSMKWE:0.21052631578947367	PDWVFEDE:0.21052631578947367	TWRNDWPM:0.2631578947368421	LYYNDYNL:0.5789473684210527	QGADISLD:0.21052631578947367	IIGDDFIE:0.42105263157894735	DYNLYKPE:0.3157894736842105	KLYYNDYN:0.47368421052631576	GRTDYPLL:0.47368421052631576	YDFEAADA:0.21052631578947367	MKWERIHP:0.3157894736842105	VSRVTFWG:0.21052631578947367	SRVTFWGI:0.21052631578947367	DKVSRVTF:0.21052631578947367	YYNDYNLY:0.42105263157894735	ITELDISV:0.21052631578947367	ESKWSTII:0.21052631578947367	PLTRDALL:0.21052631578947367	TELDISVL:0.2631578947368421	TPDWVFED:0.3157894736842105	NLYKPEKR:0.21052631578947367	SMKWERIH:0.21052631578947367	RESKWSTI:0.21052631578947367	TIIGDDFI:0.21052631578947367	YNLYKPEK:0.3157894736842105	SQTPDWVF:0.47368421052631576	SKWSTIIG:0.21052631578947367	WSTIIGDD:0.21052631578947367	STIIGDDF:0.21052631578947367	LNEDGSLR:0.3157894736842105	ITELDVSV:0.21052631578947367	ALNEDGSL:0.3157894736842105	DYPLLFDR:0.42105263157894735	KAKLYYND:0.21052631578947367	PKAKLYYN:0.21052631578947367	NPYPDGLP:0.21052631578947367	RTDYPLLF:0.3684210526315789	TDYPLLFD:0.3684210526315789	QIIGDDFI:0.21052631578947367	YKGKIKGW:0.21052631578947367	GKIKGWDV:0.21052631578947367	KIKGWDVV:0.21052631578947367	IKGWDVVN:0.2631578947368421	KGKIKGWD:0.21052631578947367	KGWDVVNE:0.2631578947368421	RYKGKIKG:0.21052631578947367	PMRGRTDY:0.21052631578947367	MRGRTDYP:0.21052631578947367	DVSVLPFP:0.21052631578947367	NEDGSLRD:0.2631578947368421	RGRTDYPL:0.21052631578947367	
