cluster number:79
GH10:70	GH10:70|3.2.1.8:7|CBM64:3|CBM3:2|CBM59:2|CBM60:1|CBM6:1|CBM2:1
IDVVNEPL:0.21428571428571427	TLVWGSQE:0.21428571428571427	KGITLWGY:0.2857142857142857	LKSRGLID:0.2857142857142857	WNQVTPEN:0.6285714285714286	KSRGLIDG:0.3	VKGITLWG:0.32857142857142857	QVTPENST:0.2714285714285714	TPENSTKW:0.2714285714285714	PENSTKWG:0.2	NQVTPENS:0.2714285714285714	VVNEPLHA:0.24285714285714285	LVWGSQEP:0.24285714285714285	DVVNEPLH:0.5857142857142857	HTLVWGSQ:0.24285714285714285	VTPENSTK:0.2714285714285714	NEALHAPS:0.24285714285714285	WKDGTGIV:0.21428571428571427	IQCHQFNV:0.2	GSTGWDWI:0.21428571428571427	GQTWKDGT:0.2	QCHQFNVN:0.2	EALHAPSS:0.22857142857142856	DVVNEALH:0.34285714285714286	FVWGSQEP:0.3	TWKDGTGI:0.24285714285714285	VWGSQEPG:0.37142857142857144	GSGSTGWD:0.22857142857142856	DGIGIQCH:0.6428571428571429	STGWDWIV:0.2	GIGIQCHQ:0.44285714285714284	GIQCHQFN:0.34285714285714286	SGSTGWDW:0.22857142857142856	IDVVNEAL:0.32857142857142857	GGSGSTGW:0.22857142857142856	VNEALHAP:0.32857142857142857	IGIQCHQF:0.44285714285714284	VVNEALHA:0.32857142857142857	TGWDWVIW:0.32857142857142857	WDWVIWSF:0.32857142857142857	KEKFPVLW:0.2714285714285714	ARYKEKFP:0.2571428571428571	ADTAYNYA:0.2	RYKEKFPV:0.2571428571428571	YRNAIGGD:0.2	DWVIWSFQ:0.2571428571428571	WGSQEPGW:0.3	GLPIYVSE:0.5142857142857142	SYRNAIGG:0.2	VKGVTLWG:0.4	TYWNQVTP:0.4142857142857143	LSAADQKA:0.22857142857142856	LPIYVSEL:0.5285714285714286	LIDGIGIQ:0.5571428571428572	FPFKFHTL:0.2	TGLPIYVS:0.4714285714285714	SKFLGNII:0.2714285714285714	RNAIGGDG:0.32857142857142857	AFVDVVNE:0.24285714285714285	TQLARYKE:0.2571428571428571	PIYVSELD:0.5428571428571428	GLIDGIGI:0.42857142857142855	AFPNSKLL:0.2	LARYKEKF:0.2571428571428571	SAADQKAE:0.22857142857142856	YWNQVTPE:0.5857142857142857	QLARYKEK:0.2571428571428571	GVTLWGYI:0.38571428571428573	GFPFKFHT:0.2	RGLIDGIG:0.35714285714285715	KFLGNIIA:0.2857142857142857	VDVVNEPL:0.37142857142857144	SRGLIDGI:0.3	KPSYRNAI:0.2	GSQEPGWI:0.2	GWDWVIWS:0.32857142857142857	PSYRNAIG:0.2	AADQKAEV:0.2	KGVTLWGY:0.38571428571428573	YKEKFPVL:0.2714285714285714	FVDVVNEP:0.34285714285714286	IDGIGIQC:0.5	ERPALQWL:0.21428571428571427	NQVTPENA:0.24285714285714285	AATGLPIY:0.24285714285714285	LAATGLPI:0.24285714285714285	GDDNTQLA:0.21428571428571427	VIWSFQQA:0.21428571428571427	IYVSELDI:0.34285714285714286	AIGGDGST:0.24285714285714285	VSELDITG:0.2714285714285714	NSNGTERP:0.2857142857142857	ATGLPIYV:0.34285714285714286	WVIWSFQQ:0.21428571428571427	TGDDNTQL:0.2571428571428571	IGGDGSTG:0.24285714285714285	VTLWGYIQ:0.21428571428571427	IWSFQQAR:0.21428571428571427	ELDITGDD:0.2714285714285714	LWGYIQGQ:0.22857142857142856	TMNTVLNK:0.22857142857142856	PFKFHTLV:0.2714285714285714	LDITGDDN:0.24285714285714285	DITGDDNT:0.24285714285714285	GDGSTGWD:0.3142857142857143	QKAEVTQW:0.2	NGTERPAL:0.2714285714285714	GTYWNQVT:0.24285714285714285	TLWGYIQG:0.22857142857142856	SELDITGD:0.2714285714285714	KAEVTQWI:0.2	YVSELDIT:0.2714285714285714	WGYIQGQT:0.24285714285714285	DNTQLARY:0.21428571428571427	KFHTLVWG:0.35714285714285715	GGDGSTGW:0.3142857142857143	FKFHTLVW:0.35714285714285715	GSTGWDWV:0.34285714285714286	GYIQGQTW:0.24285714285714285	DDNTQLAR:0.21428571428571427	ITGDDNTQ:0.24285714285714285	MNTVLNKL:0.22857142857142856	SVKGVTLW:0.2	QARQAFPN:0.21428571428571427	SNGTERPA:0.3	DGSTGWDW:0.3142857142857143	STGWDWVI:0.2714285714285714	NAIGGDGS:0.24285714285714285	KLLINEYG:0.4857142857142857	LLINEYGI:0.5	SKLLINEY:0.2714285714285714	LINEYGII:0.5	TLWGYITG:0.21428571428571427	GITLWGYI:0.21428571428571427	NEYGIIND:0.3	INEYGIIN:0.3	AKLLINEY:0.2	LGGSGSTG:0.2	
