cluster number:85
GH10:49	GH10:49|3.2.1.8:3
DVVNEALN:0.7551020408163265	VVNEALNE:0.5306122448979592	EALNEDGT:0.42857142857142855	VNEALNED:0.5306122448979592	NEALNEDG:0.5306122448979592	ALNEDGTL:0.24489795918367346	LYYNDYNN:0.20408163265306123	LNEDGTLR:0.24489795918367346	YYNDYNNE:0.20408163265306123	WDVVNEAL:0.8163265306122449	TLIWHSQL:0.3877551020408163	SWDVVNEA:0.5306122448979592	HTLIWHSQ:0.40816326530612246	LKHKDKIS:0.24489795918367346	HKDKISRV:0.2653061224489796	KHKDKISR:0.2653061224489796	SWLNDWPI:0.24489795918367346	GVGIQGHW:0.3469387755102041	EALNDDGT:0.20408163265306123	DGVGIQGH:0.32653061224489793	VNEALNDD:0.20408163265306123	KISRVTFW:0.3673469387755102	SRVTFWGV:0.3877551020408163	GHTLIWHS:0.3469387755102041	VVNEALND:0.22448979591836735	ISRVTFWG:0.42857142857142855	LFLKHKDK:0.3673469387755102	NEALNDDG:0.20408163265306123	FKLFLKHK:0.2857142857142857	KDKISRVT:0.2653061224489796	LYYNDYNI:0.20408163265306123	VLPNPWDL:0.20408163265306123	FLKHKDKI:0.30612244897959184	DKISRVTF:0.3673469387755102	YYNDYNIE:0.20408163265306123	IFKLFLKH:0.20408163265306123	KLFLKHKD:0.2857142857142857	ELYYNDYN:0.40816326530612246	RTNYPLLF:0.5306122448979592	RIDGVGIQ:0.2857142857142857	TNYPLLFD:0.4897959183673469	TRVTFWGV:0.22448979591836735	VTFWGVND:0.3469387755102041	TFWGVNDG:0.2653061224489796	NYPLLFDR:0.46938775510204084	YPLLFDRN:0.20408163265306123	GRTNYPLL:0.40816326530612246	IDGVGIQG:0.2857142857142857	RVTFWGVN:0.3469387755102041	LIWHSQLP:0.22448979591836735	GVKVMFTE:0.20408163265306123	VKVMFTEL:0.22448979591836735	KVMFTELD:0.2653061224489796	LGVKVMFT:0.20408163265306123	DGIGMQGH:0.24489795918367346	HTLVWHSQ:0.20408163265306123	GHTLVWHS:0.20408163265306123	GWDVVNEA:0.24489795918367346	AELYYNDY:0.22448979591836735	
