cluster number:68
GH10:22	GH10:22|CBM22:15|3.2.1.8:6|CE1:4|CBM37:4|CBM9:1|CBM6:1|GH43_16:1|3.2.1.55:1|3.2.1.-:1|GH11:1|3.1.1.73:1
HTLVWHSQ:0.5454545454545454	SQTPEWFF:0.22727272727272727	LVWHSQTP:0.5454545454545454	VWHSQTPE:0.22727272727272727	TLVWHSQT:0.45454545454545453	WHSQTPEW:0.22727272727272727	GHTLVWHS:0.5	HSQTPEWF:0.22727272727272727	LYYNDYNE:0.5454545454545454	YAYDVVNE:0.3181818181818182	AYDVVNEA:0.2727272727272727	CKLYYNDY:0.3181818181818182	DGIGMQSH:0.22727272727272727	LYAYDVVN:0.22727272727272727	RMESYIKN:0.22727272727272727	RGHTLVWH:0.45454545454545453	GIGMQSHL:0.22727272727272727	LNLYAYDV:0.22727272727272727	YYNDYNEY:0.3181818181818182	TYARKYAP:0.22727272727272727	FTYARKYA:0.22727272727272727	EKAFTYAR:0.22727272727272727	AFTYARKY:0.22727272727272727	KLYYNDYN:0.4090909090909091	FYAWDVVN:0.2727272727272727	YAWDVVNE:0.3181818181818182	VRGHTLVW:0.3181818181818182	ESYIKNMF:0.22727272727272727	
