cluster number:4
GH10:22	GH10:22
KQDYYYNL:0.5909090909090909	IMAILGNE:0.3181818181818182	SEKDIMAI:0.3181818181818182	IDDLGGGV:0.36363636363636365	VKLYLNDY:0.5454545454545454	GINKAKQD:0.22727272727272727	PYSEKDIM:0.3181818181818182	YDWDVGNE:0.45454545454545453	QDYYYNLV:0.5909090909090909	LSGGGINK:0.22727272727272727	YGILSGGG:0.36363636363636365	DVKLYLND:0.4090909090909091	SGGGINKA:0.22727272727272727	NKAKQDYY:0.22727272727272727	KLYLNDYG:0.5909090909090909	AKQDYYYN:0.45454545454545453	GGINKAKQ:0.22727272727272727	EKDIMAIL:0.3181818181818182	AILGNEVM:0.3181818181818182	LGNEVMAD:0.2727272727272727	KDIMAILG:0.3181818181818182	DWDVGNEP:0.4090909090909091	LNDYGILS:0.3181818181818182	GNEVMADW:0.2727272727272727	ILSGGGIN:0.36363636363636365	NEPYSEKD:0.36363636363636365	GGGINKAK:0.22727272727272727	NDYGILSG:0.3181818181818182	DIMAILGN:0.3181818181818182	DYGILSGG:0.3181818181818182	GILSGGGI:0.36363636363636365	DLGGGVDG:0.36363636363636365	YSEKDIMA:0.3181818181818182	ILGNEVMA:0.2727272727272727	EPYSEKDI:0.3181818181818182	MAILGNEV:0.3181818181818182	DYYYNLVQ:0.4090909090909091	LYLNDYGI:0.5909090909090909	DDLGGGVD:0.36363636363636365	YLNDYGIL:0.3181818181818182	INKAKQDY:0.22727272727272727	DGIGIQSH:0.2727272727272727	SGGGLNQA:0.2727272727272727	YNLVQFID:0.22727272727272727	QAKQDYYY:0.2727272727272727	VQFIDDLG:0.22727272727272727	PWSENDIM:0.22727272727272727	LNDYGIIS:0.2727272727272727	GLNQAKQD:0.2727272727272727	ISGGGLNQ:0.2727272727272727	NQAKQDYY:0.2727272727272727	LNQAKQDY:0.2727272727272727	NDPDVKLY:0.2727272727272727	NLVQFIDD:0.22727272727272727	QFIDDLGG:0.22727272727272727	NDYGIISG:0.2727272727272727	LVQFIDDL:0.22727272727272727	DYGIISGG:0.2727272727272727	YGIISGGG:0.2727272727272727	DPDVKLYL:0.2727272727272727	GIISGGGL:0.2727272727272727	NEPWSEND:0.22727272727272727	IISGGGLN:0.2727272727272727	YLNDYGII:0.2727272727272727	EPWSENDI:0.22727272727272727	GGLNQAKQ:0.2727272727272727	YYNLVQFI:0.22727272727272727	PDVKLYLN:0.2727272727272727	YYYNLVQF:0.22727272727272727	GGGLNQAK:0.2727272727272727	NILGDEVM:0.2727272727272727	LGDEVMAD:0.2727272727272727	DEVMADWF:0.2727272727272727	ILGDEVMA:0.3181818181818182	GDEVMADW:0.2727272727272727	EVMADWFK:0.36363636363636365	VMADWFKR:0.36363636363636365	NEVMADWF:0.22727272727272727	ADWFKRVR:0.22727272727272727	MADWFKRV:0.22727272727272727	VDGLGIQS:0.22727272727272727	DGLGIQSH:0.22727272727272727	DWDVVNEP:0.3181818181818182	YDWDVVNE:0.3181818181818182	
