cluster number:19
GH10:72	GH10:72|3.2.1.8:2|CE1:1|3.1.1.73:1|CE15:1
YNDYSTVD:0.2361111111111111	DEFIAKAF:0.6944444444444444	GKRERIYN:0.2777777777777778	VDPGKRER:0.2222222222222222	PGKRERIY:0.2222222222222222	DAGVPIDG:0.375	GVPIDGLG:0.2638888888888889	VKKMKDAG:0.4166666666666667	MVKKMKDA:0.4027777777777778	NMVKKMKD:0.2777777777777778	IYNMVKKM:0.3888888888888889	KKMKDAGV:0.4166666666666667	KMKDAGVP:0.4305555555555556	YDWDVVNE:0.3333333333333333	DWDVVNEA:0.3333333333333333	KDAGVPID:0.3611111111111111	KRERIYNM:0.2777777777777778	LCGDEFIA:0.625	GDEFIAKA:0.6944444444444444	CGDEFIAK:0.6111111111111112	RIYNMVKK:0.3888888888888889	MKDAGVPI:0.4305555555555556	ERIYNMVK:0.2916666666666667	YNMVKKMK:0.3194444444444444	RERIYNMV:0.2777777777777778	KLCGDEFI:0.4861111111111111	AGVPIDGL:0.2361111111111111	DPGKRERI:0.2222222222222222	FKLCGDEF:0.2777777777777778	PNALLFYN:0.2916666666666667	ALLFYNDY:0.3472222222222222	LFYNDYNE:0.3333333333333333	DPNALLFY:0.2638888888888889	DWDVGNEA:0.4305555555555556	YDWDVGNE:0.4444444444444444	WDVGNEAM:0.20833333333333334	FYNDYNEC:0.3055555555555556	YNDYNECD:0.3055555555555556	EADPNALL:0.2361111111111111	ADPNALLF:0.2638888888888889	LLFYNDYN:0.3472222222222222	NALLFYND:0.2916666666666667	NDYNECDP:0.3055555555555556	PYRQSRHF:0.2222222222222222	GVLIYNDY:0.2361111111111111	AREADPTG:0.2777777777777778	TGVLIYND:0.2222222222222222	AKAFEFAR:0.3333333333333333	KAFEFARE:0.3472222222222222	FAREADPT:0.2777777777777778	DPTGVLIY:0.2638888888888889	FIAKAFEF:0.3611111111111111	IAKAFEFA:0.375	EFAREADP:0.3611111111111111	ADPTGVLI:0.2638888888888889	EFIAKAFE:0.5555555555555556	PTGVLIYN:0.2361111111111111	VLIYNDYS:0.2222222222222222	READPTGV:0.2777777777777778	AFEFAREA:0.3472222222222222	SPYRQSRH:0.2222222222222222	FEFAREAD:0.3611111111111111	ADDNMMFR:0.20833333333333334	EADPTGVL:0.2777777777777778	WDVVNEAM:0.2222222222222222	GVPIDGIG:0.2361111111111111	
