cluster number:74
GH10:32	GH10:32|3.2.1.8:6
YGTLPFYW:0.25	FYWGRYEP:0.21875	SHQHQGYW:0.28125	WDVINEVV:0.84375	LINDFNTS:0.625	TENTLISG:0.21875	SHPLVEAI:0.25	NYGTLPFY:0.25	AIGIQSHQ:0.25	PDAVLLIN:0.21875	VDEWPSTP:0.25	LPFYWGRY:0.21875	VLLINDFN:0.375	FGLPIHFT:0.21875	PVFDKYDN:0.28125	KGHPLCWH:0.875	INEVVIMP:0.90625	FSHPLVEA:0.25	LFGCGAFD:0.375	EWPSTPEG:0.34375	LLINDFNT:0.4375	NEVVIMPV:0.34375	HPLVEAIT:0.3125	DAVLLIND:0.21875	TLPFYWGR:0.40625	VEAITTWD:0.21875	IHFTENTL:0.375	FTENTLIS:0.21875	QSHQHQGY:0.28125	ISAIGIQS:0.21875	PISAIGIQ:0.21875	MPVFDKYD:0.28125	EAITTWDF:0.21875	GTLPFYWG:0.25	FNYGTLPF:0.21875	LPIHFTEN:0.3125	HQHQGYWG:0.28125	VFDKYDNA:0.21875	PIHFTENT:0.375	VVIMPVFD:0.3125	VKGHPLCW:0.59375	IMPVFDKY:0.28125	IGIQSHQH:0.3125	WPSTPEGE:0.375	GHPLCWHT:0.875	WLKAPSGF:0.21875	DVINEVVI:0.84375	LFSHPLVE:0.25	AVLLINDF:0.40625	SAIGIQSH:0.21875	GIQSHQHQ:0.3125	DEWPSTPE:0.28125	VIMPVFDK:0.28125	IQSHQHQG:0.28125	VINEVVIM:0.84375	HFTENTLI:0.21875	GLPIHFTE:0.21875	EVVIMPVF:0.34375	PFYWGRYE:0.21875	FLFGCGAF:0.40625	IWDVINEV:0.28125	YWGVEKTL:0.3125	TGFLGEYE:0.21875	LIEGCLEA:0.21875	YKTLFSHP:0.21875	ITRICKEL:0.46875	SYEILIEG:0.21875	KELGRIRL:0.28125	YDNGITRI:0.59375	LEAGIPID:0.21875	HYKTLFSH:0.21875	EKTLEVLE:0.21875	KHKFLFGC:0.40625	EGCLEAGI:0.21875	EAGIPIDA:0.21875	AIGIQSHM:0.59375	IMPIFDKY:0.28125	GIPIDAIG:0.21875	LGAPAGLL:0.21875	WLGAPAGL:0.25	HTVTAPWL:0.25	LGRIRLVK:0.21875	KTLEVLER:0.21875	GEERQAME:0.3125	GITRICKE:0.40625	PIFDKYDN:0.28125	MPIFDKYD:0.28125	GCLEAGIP:0.25	DIWDVINE:0.25	VEKTLEVL:0.21875	LCWHTVTA:0.34375	MHQGYWGV:0.5	VLERFSHF:0.21875	GAPAGLLR:0.21875	HPMVESIT:0.21875	DAIGIQSH:0.59375	WHTVTAPW:0.25	ELGRIRLV:0.3125	FYWGRFEP:0.40625	AWLGAPAG:0.34375	TRICKELG:0.46875	GRIRLVKE:0.21875	PFYWGRFE:0.40625	CKELGRIR:0.28125	IQSHMHQG:0.59375	EILIEGCL:0.21875	WGVEKTLE:0.28125	RICKELGR:0.46875	GVEKTLEV:0.21875	ILIEGCLE:0.21875	NEVVIMPI:0.46875	TLEVLERF:0.21875	EDLNDYQI:0.21875	YWGRFEPE:0.21875	HQGYWGVE:0.5	SHMHQGYW:0.5	ICKELGRI:0.40625	IEGCLEAG:0.21875	FTGFLGEY:0.21875	EVVIMPIF:0.46875	AGIPIDAI:0.21875	YEILIEGC:0.21875	IPLHFTEN:0.21875	IRLVKEVF:0.21875	PIDAIGIQ:0.3125	IFDKYDNG:0.25	HPLCWHTV:0.4375	IDAIGIQS:0.59375	LHFTENTL:0.25	LEVLERFS:0.21875	GIQSHMHQ:0.59375	PMVESITW:0.21875	CLEAGIPI:0.25	PPEIEDLN:0.4375	FDKYDNGI:0.3125	MVESITWW:0.21875	HMHQGYWG:0.5	PEIEDLND:0.4375	RIRLVKEV:0.21875	VIMPIFDK:0.28125	QGYWGVEK:0.5	KYDNGITR:0.625	CWHTVTAP:0.25	QSHMHQGY:0.5	NGITRICK:0.53125	IEDLNDYQ:0.3125	DNGITRIC:0.59375	PLHFTENT:0.25	TVTAPWLL:0.25	PLCWHTVT:0.34375	DKYDNGIT:0.3125	IGIQSHMH:0.625	GYWGVEKT:0.5	EIEDLNDY:0.4375	IPIDAIGI:0.21875	VVIMPIFD:0.28125	MWDVINEV:0.28125	RFSRFGLP:0.21875	VLERFSRF:0.3125	NFATLPFY:0.28125	HKFLFGCA:0.375	FGCAEFSV:0.21875	DMWDVINE:0.28125	GFITKDGR:0.25	LERFSRFG:0.25	EERQAMEA:0.25	CAEFSVVP:0.21875	FLFGCAEF:0.3125	EAITWWNF:0.21875	LFNFATLP:0.25	ERFSRFGL:0.21875	VEAITWWN:0.21875	IDMWDVIN:0.28125	GCAEFSVV:0.21875	LKGHPLCW:0.21875	KFLFGCAE:0.3125	LFGCAEFS:0.25	AGLIDMWD:0.21875	GLIDMWDV:0.21875	FATLPFYW:0.28125	LIDMWDVI:0.21875	WGVEKTQE:0.28125	LPFYWGRF:0.21875	FAGLIDMW:0.21875	AEFSVVPF:0.21875	FNFATLPF:0.28125	NKYDNGIT:0.3125	FNKYDNGI:0.3125	GHLMPPEI:0.25	PEGEERQA:0.375	ILERFSRF:0.25	SGHLMPPE:0.25	PSTPEGEE:0.25	TAPWLLDM:0.28125	STPEGEER:0.25	TPEGEERQ:0.40625	FEPVKGKP:0.21875	EILERFSR:0.25	LMPPEIED:0.34375	MPPEIEDL:0.34375	EWLVSKGC:0.21875	ATLPFYWA:0.21875	TVKGHPLC:0.25	LERFSRFN:0.21875	
