cluster number:57
GH10:38	GH10:38|3.2.1.8:2
KALLFYND:0.42105263157894735	ADPKALLF:0.42105263157894735	ALLFYNDY:0.6842105263157895	ADAFRWAH:0.42105263157894735	IWQWDVVN:0.4473684210526316	PKALLFYN:0.42105263157894735	VTAENVMK:0.2631578947368421	GYIADAFR:0.5	QWDVVNEA:0.5263157894736842	TAENVMKW:0.2631578947368421	DPKALLFY:0.42105263157894735	HNQLPAWL:0.21052631578947367	WDVVNEAF:0.3684210526315789	WHNQLPAW:0.21052631578947367	IADAFRWA:0.7105263157894737	YIADAFRW:0.631578947368421	LLFYNDYN:0.6578947368421053	WQWDVVNE:0.5	VNEAVSDP:0.2894736842105263	WDVVNEAV:0.34210526315789475	DVVNEAVS:0.2894736842105263	ADAFRWAR:0.3157894736842105	LFYNDYNI:0.5789473684210527	EAVSDPWD:0.2894736842105263	LGPGYIAD:0.4473684210526316	PGYIADAF:0.42105263157894735	NPRLQASA:0.3157894736842105	NDYNIEAF:0.3157894736842105	GVPIDGVG:0.34210526315789475	GPPYVLPR:0.21052631578947367	GHLGTQYG:0.3157894736842105	HLGTQYGN:0.3157894736842105	KIWQWDVV:0.21052631578947367	EINPRLQA:0.3157894736842105	GSQGHLGT:0.23684210526315788	RWARAADP:0.34210526315789475	FYNDYNIE:0.47368421052631576	NEAVSDPW:0.2894736842105263	DAFRWARA:0.3157894736842105	INPRLQAS:0.3157894736842105	FTEVDVRS:0.2894736842105263	AFRWARAA:0.3157894736842105	AENVMKWE:0.21052631578947367	KGKIWQWD:0.2631578947368421	GPGYIADA:0.42105263157894735	VVNEAVSD:0.2894736842105263	AFTEVDVR:0.3157894736842105	FRWARAAD:0.34210526315789475	YNDYNIEA:0.3157894736842105	VRGHVLVW:0.39473684210526316	SQGHLGTQ:0.23684210526315788	ATAFTEVD:0.23684210526315788	QGHLGTQY:0.3157894736842105	DYNIEAFG:0.3157894736842105	TAFTEVDV:0.2894736842105263	GKIWQWDV:0.2894736842105263	ARAADPKA:0.23684210526315788	LQASAANF:0.23684210526315788	RAADPKAL:0.23684210526315788	PRLQASAA:0.23684210526315788	LHYKGFWA:0.2631578947368421	YNIEAFGS:0.2894736842105263	QASAANFS:0.21052631578947367	HYKGFWAQ:0.21052631578947367	TLHYKGFW:0.2631578947368421	RLQASAAN:0.23684210526315788	NIEAFGSG:0.2894736842105263	WARAADPK:0.23684210526315788	GRIWQWDV:0.21052631578947367	MKWESLEP:0.21052631578947367	AADPKALL:0.2631578947368421	SFTVWGFT:0.2631578947368421	LVWHSQLP:0.21052631578947367	VTPENVMK:0.23684210526315788	FTVWGFTD:0.2894736842105263	RWAHEADP:0.3157894736842105	RGHTLVWH:0.21052631578947367	TPENVMKW:0.23684210526315788	AFRWAHEA:0.2631578947368421	FRWAHEAD:0.3157894736842105	LRAQGVPI:0.23684210526315788	RGHVLVWH:0.3684210526315789	HVLVWHNQ:0.2631578947368421	VLVWHNQL:0.2631578947368421	LVWHNQLP:0.34210526315789475	GHVLVWHN:0.2631578947368421	RAQGVPID:0.21052631578947367	AQGVPIDG:0.2631578947368421	AVSDPWDT:0.21052631578947367	VSDPWDTP:0.21052631578947367	DVVNEAFN:0.2631578947368421	AVTEADVR:0.23684210526315788	TAVTEADV:0.21052631578947367	DAFRWAHE:0.21052631578947367	
