cluster number:75
GH10:38	GH10:38|3.2.1.8:6
RGHTLLWH:0.5789473684210527	AVAGGGHH:0.631578947368421	AKSDAYYA:0.23684210526315788	AITELDVR:0.3157894736842105	ELDVRMDL:0.21052631578947367	GQVVRGHT:0.23684210526315788	TAITELDV:0.2631578947368421	VVRGHTLL:0.2894736842105263	TELDVRMD:0.3157894736842105	QVVRGHTL:0.47368421052631576	VRGHTLLW:0.5526315789473685	LFFNDYNV:0.21052631578947367	ITELDVRM:0.2631578947368421	KSDAYYAL:0.2894736842105263	ITTVVGRY:0.2894736842105263	HITTVVGR:0.2894736842105263	ADAFRWAH:0.4473684210526316	NIWIRELG:0.47368421052631576	FTDKYSWV:0.42105263157894735	LADGVPVH:0.21052631578947367	GFTDKYSW:0.42105263157894735	FSSVSPEN:0.2894736842105263	SFTIWGFT:0.39473684210526316	WIRELGPG:0.3684210526315789	YSWVPVFF:0.4473684210526316	RWAHEADP:0.47368421052631576	VSPENQMK:0.34210526315789475	IWGFTDKY:0.39473684210526316	GPGIIADA:0.21052631578947367	QRFDDLGL:0.23684210526315788	IGTAVAGG:0.2631578947368421	TLLWHSQN:0.5263157894736842	HTLLWHSQ:0.5263157894736842	SVSPENQM:0.34210526315789475	TIWGFTDK:0.39473684210526316	LLADGVPV:0.21052631578947367	LGPGIIAD:0.21052631578947367	IRELGPGI:0.34210526315789475	LQRFDDLG:0.23684210526315788	IWIRELGP:0.47368421052631576	GTAVAGGG:0.3684210526315789	GVPVHGFS:0.2894736842105263	TAVAGGGH:0.3684210526315789	WDVANEIF:0.6052631578947368	LLWHSQNP:0.5526315789473685	GIIADAFR:0.23684210526315788	IADAFRWA:0.2894736842105263	DNIWIREL:0.3157894736842105	PVFFEGEG:0.21052631578947367	QDYPDPFT:0.23684210526315788	PGIIADAF:0.21052631578947367	SPENQMKW:0.3684210526315789	RELGPGII:0.21052631578947367	PENQMKWE:0.34210526315789475	VPVFFEGE:0.21052631578947367	WGFTDKYS:0.42105263157894735	SSVSPENQ:0.2894736842105263	DKYSWVPV:0.42105263157894735	LWHSQNPA:0.2894736842105263	VNAKSDAY:0.2894736842105263	FTIWGFTD:0.39473684210526316	NLQRFDDL:0.21052631578947367	SWVPVFFE:0.21052631578947367	AFRWAHEA:0.2894736842105263	HSQNPAWL:0.2631578947368421	FRWAHEAD:0.34210526315789475	TDKYSWVP:0.42105263157894735	EFSSVSPE:0.23684210526315788	ADGVPVHG:0.23684210526315788	DGVPVHGF:0.23684210526315788	DAFRWAHE:0.2894736842105263	WHSQNPAW:0.34210526315789475	GHTLLWHS:0.5263157894736842	QWDVANEI:0.5263157894736842	KYSWVPVF:0.42105263157894735	DVANEIFD:0.3684210526315789	WVPVFFEG:0.21052631578947367	SQNPAWLE:0.23684210526315788	ELGPGIIA:0.21052631578947367	IIADAFRW:0.2894736842105263	VVGRYAGR:0.23684210526315788	TVVGRYAG:0.34210526315789475	NAKSDAYY:0.23684210526315788	AKLFFNDY:0.23684210526315788	QQWDVANE:0.3684210526315789	VESVNAKS:0.21052631578947367	VANEIFDD:0.23684210526315788	AVTELDVR:0.21052631578947367	TAVTELDV:0.21052631578947367	IQQWDVAN:0.2894736842105263	HLSTRYGF:0.23684210526315788	CNSFTIWG:0.23684210526315788	NSFTIWGF:0.23684210526315788	LSTRYGFP:0.23684210526315788	GLETAVTE:0.2631578947368421	LGLETAVT:0.2631578947368421	VAGGGHHL:0.2631578947368421	NDYNVEGI:0.21052631578947367	DYNVEGIN:0.21052631578947367	
