cluster number:18
GH10:21	GH10:21|CBM13:3|CBM2:3|CBM6:2|GH43_16:2|3.2.1.8:1|CBM0:1|CBM9:1|CBM36:1|CE1:1
FYNDYNTY:0.6666666666666666	IKLVNYIN:0.3333333333333333	VKLFYNDY:0.6190476190476191	VNDVIKLV:0.23809523809523808	VKKAFNYA:0.8571428571428571	QNSGWEAV:0.47619047619047616	LFYNDYNT:0.6666666666666666	AVYGSNKT:0.23809523809523808	WEAVYGSN:0.23809523809523808	YVKKAFNY:0.8571428571428571	KLFYNDYN:0.6190476190476191	TNSVKLFY:0.23809523809523808	DYNTYMEV:0.5238095238095238	AQNSGWEA:0.47619047619047616	MEVNDVIK:0.23809523809523808	YGSNKTNA:0.23809523809523808	NSVKLFYN:0.23809523809523808	NQGKKVCA:0.2857142857142857	VYGSNKTN:0.23809523809523808	LVNYINQG:0.38095238095238093	SVKLFYND:0.6666666666666666	NDYNTYME:0.5238095238095238	VNYINQGK:0.3333333333333333	YNDYNTYM:0.6666666666666666	GWEAVYGS:0.23809523809523808	NDVIKLVN:0.23809523809523808	NSGWEAVY:0.8095238095238095	EVNDVIKL:0.23809523809523808	LTNSVKLF:0.23809523809523808	HAQNSGWE:0.47619047619047616	NYINQGKK:0.3333333333333333	KLTNSVKL:0.23809523809523808	YINQGKKV:0.3333333333333333	TYMEVNDV:0.42857142857142855	DVIKLVNY:0.23809523809523808	KLVNYINQ:0.3333333333333333	NTYMEVND:0.42857142857142855	INQGKKVC:0.3333333333333333	KKAFNYAY:0.8571428571428571	YNTYMEVN:0.5238095238095238	YMEVNDVI:0.42857142857142855	EAVYGSNK:0.23809523809523808	LHAQNSGW:0.38095238095238093	SGWEAVYG:0.8571428571428571	MNHVYTNQ:0.3333333333333333	VYTNQYGS:0.3333333333333333	VYAWDVAN:0.5238095238095238	VKTVMNHV:0.5714285714285714	SVVYAWDV:0.5714285714285714	TDSVKLFY:0.38095238095238093	FKLTDSVK:0.3333333333333333	DSVKLFYN:0.42857142857142855	TLEYFKLT:0.3333333333333333	ASYVKKAF:0.42857142857142855	EYFKLTDS:0.3333333333333333	YFKLTDSV:0.3333333333333333	NHVYTNQY:0.3333333333333333	EMYVKTVM:0.2857142857142857	GWEAVYGN:0.6190476190476191	TNQYGSVV:0.3333333333333333	SYVKKAFN:0.42857142857142855	KLTDSVKL:0.3333333333333333	VVYAWDVA:0.47619047619047616	ANNSGWEA:0.23809523809523808	KAFNYAYD:0.42857142857142855	YVKTVMNH:0.5714285714285714	NASYVKKA:0.42857142857142855	LTDSVKLF:0.38095238095238093	NQYGSVVY:0.38095238095238093	HVYTNQYG:0.3333333333333333	EAVYGNNR:0.2857142857142857	RLEMYVKT:0.2857142857142857	YGSVVYAW:0.5714285714285714	NNSGWEAV:0.23809523809523808	MYVKTVMN:0.5714285714285714	LEYFKLTD:0.42857142857142855	LEMYVKTV:0.2857142857142857	YTNQYGSV:0.3333333333333333	KTVMNHVY:0.6190476190476191	WEAVYGNN:0.6190476190476191	GSVVYAWD:0.5714285714285714	VMNHVYTN:0.3333333333333333	TVMNHVYT:0.38095238095238093	YAWDVANE:0.5238095238095238	QYGSVVYA:0.5714285714285714	HANNSGWE:0.23809523809523808	KAFNYAYE:0.2857142857142857	CLEYFKLT:0.23809523809523808	SQTPTWFF:0.23809523809523808	TNATYVKK:0.23809523809523808	ATYVKKAF:0.23809523809523808	EAVYGNNK:0.3333333333333333	SGNGGFVN:0.2857142857142857	HSQTPTWF:0.23809523809523808	NATYVKKA:0.23809523809523808	GNGGFVNQ:0.2857142857142857	TYVKKAFN:0.23809523809523808	AWDVANEV:0.3333333333333333	
