cluster number:8
GH10:24	GH10:24|3.2.1.8:8
PIDGIGIQ:0.375	GIQGHWDI:0.25	KIYAWDVV:0.25	FWGISDKH:0.2916666666666667	WDVVNEAV:0.4583333333333333	WKDNFPVK:0.3333333333333333	AIELYASL:0.25	IGIQGHWD:0.25	ILLKHFNS:0.25	GHTFVWHN:0.4166666666666667	IDGIGIQG:0.25	FYNDYNNE:0.375	HTFVWHNQ:0.4166666666666667	TWKDNFPV:0.4583333333333333	ISDKHTWK:0.2916666666666667	DVVNEAVE:0.375	NDYNNEKP:0.25	AWDVVNEA:0.6666666666666666	YAWDVVNE:0.625	VRGHTFVW:0.25	RKDWPLLF:0.4583333333333333	YNDYNNEK:0.25	VTFWGISD:0.2916666666666667	IELYASLG:0.25	TFWGISDK:0.2916666666666667	HTWKDNFP:0.4583333333333333	DGIGIQGH:0.25	GIGIQGHW:0.3333333333333333	KKLFEIFR:0.25	GISDKHTW:0.2916666666666667	LFYNDYNN:0.375	DKHTWKDN:0.2916666666666667	RGHTFVWH:0.4166666666666667	SDKHTWKD:0.2916666666666667	ISLKEVYK:0.25	VNEAVEDK:0.375	IYAWDVVN:0.25	DWPLLFDV:0.25	KHTWKDNF:0.2916666666666667	KDWPLLFD:0.4583333333333333	KIQITELD:0.25	WGISDKHT:0.2916666666666667	YKKLFEIF:0.25	VVNEAVED:0.375	KEVYKDYF:0.4166666666666667	LKEVYKDY:0.4166666666666667	SLKEVYKD:0.3333333333333333	HNQTPEWV:0.25	WHNQTPEW:0.25	LVWHNQTP:0.3333333333333333	VWHNQTPE:0.25	AKLFYNDY:0.2916666666666667	NQTPEWVF:0.25	TLVWHNQT:0.4166666666666667	KLFYNDYN:0.4166666666666667	HTLVWHNQ:0.4166666666666667	ITSVTLWG:0.20833333333333334	FNSLTPEN:0.375	GHTLVWHN:0.375	RGHTLVWH:0.3333333333333333	LFYNDYNL:0.20833333333333334	VWHNQTPG:0.20833333333333334	VRGHTLVW:0.25	HFNSLTPE:0.375	HNQTPGWV:0.20833333333333334	DAKLFYND:0.20833333333333334	FYNDYNLE:0.20833333333333334	WHNQTPGW:0.20833333333333334	KHFNSLTP:0.375	VYAWDVVN:0.375	IGIQAHWN:0.20833333333333334	NDYNNEMP:0.20833333333333334	IIGDDYIK:0.20833333333333334	TFVWHNQT:0.20833333333333334	MPYKLEKT:0.20833333333333334	GRKDWPLL:0.2916666666666667	IQAHWNIW:0.20833333333333334	YNDYNNEM:0.20833333333333334	WNIWDKNL:0.20833333333333334	NEMPYKLE:0.20833333333333334	IGDDYIKI:0.20833333333333334	EMPYKLEK:0.20833333333333334	PYKLEKTY:0.20833333333333334	DYIKIAFE:0.20833333333333334	YKLEKTYK:0.20833333333333334	QAHWNIWD:0.20833333333333334	NEAVEDKT:0.20833333333333334	GDDYIKIA:0.20833333333333334	DDYIKIAF:0.20833333333333334	GIQAHWNI:0.20833333333333334	IERLREHI:0.20833333333333334	YIKIAFEI:0.20833333333333334	RLREHIKT:0.20833333333333334	DYNNEMPY:0.20833333333333334	YNNEMPYK:0.20833333333333334	NNEMPYKL:0.20833333333333334	VVYAWDVV:0.20833333333333334	AHWNIWDK:0.20833333333333334	HWNIWDKN:0.20833333333333334	FVWHNQTP:0.20833333333333334	DGIGIQAH:0.20833333333333334	YASLGLEI:0.20833333333333334	GIGIQAHW:0.20833333333333334	ERLREHIK:0.20833333333333334	IKIAFEIA:0.20833333333333334	MKFERIHP:0.20833333333333334	DNLKRAIE:0.20833333333333334	
