cluster number:21
GH10:12	GH10:12
RRQSNLQA:0.25	IDVAFQTA:0.25	VAFQTARA:0.25	DGLGFQSH:0.6666666666666666	SNLQATGN:0.25	SMKSRGIP:0.3333333333333333	GGRRQSNL:0.25	FQTARAAD:0.25	SRGIPIDG:0.3333333333333333	QSNLQATG:0.25	YDWDVVNE:0.6666666666666666	RGIPIDGL:0.25	GIPIDGLG:0.25	DWDVVNEA:0.5833333333333334	KSRGIPID:0.3333333333333333	MVQSMKSR:0.3333333333333333	AFQTARAA:0.25	TGNDWIDV:0.25	VQSMKSRG:0.3333333333333333	GNDWIDVA:0.25	RQSNLQAT:0.25	DWIDVAFQ:0.25	MKSRGIPI:0.3333333333333333	WIDVAFQT:0.25	QATGNDWI:0.25	IDGLGFQS:0.6666666666666666	GRRQSNLQ:0.25	ATGNDWID:0.25	QSMKSRGI:0.3333333333333333	PIDGLGFQ:0.5833333333333334	NDWIDVAF:0.25	DVAFQTAR:0.25	NLQATGND:0.25	LQATGNDW:0.25	ARAADPTA:0.3333333333333333	YDWDVGNE:0.25	AADPTAKL:0.3333333333333333	RAADPTAK:0.3333333333333333	GVPIDGLG:0.4166666666666667	VPIDGLGF:0.4166666666666667	ADPTAKLY:0.25	WDVVNEAI:0.3333333333333333	VNEAINDS:0.25	AILYYNDY:0.25	INDSNGQL:0.25	YEAEGSGT:0.25	AEGSGTKS:0.25	EGSGTKSD:0.25	NDSNGQLR:0.25	RGVPIDGL:0.25	ILYYNDYE:0.25	YNDYEAEG:0.25	AINDSNGQ:0.25	EAEGSGTK:0.25	GSGTKSDG:0.25	VVNEAIND:0.25	DVVNEAIN:0.25	YYNDYEAE:0.25	LYYNDYEA:0.25	EAINDSNG:0.25	NEAINDSN:0.25	DYEAEGSG:0.25	NDYEAEGS:0.25	GTKSDGVF:0.25	SGTKSDGV:0.25	
