cluster number:17
GH10:95	GH10:95|CBM22:47|CBM9:23|3.2.1.8:19|CBM3:12|GH5_1:4|3.2.1.-:3|CBM6:2|GH43_16:2|GH48:2|3.2.1.55:1|CE15:1|3.2.1.4:1|CBM1:1
SQTPDWFF:0.2	TLVWHSQT:0.2	YAWDVVNE:0.6947368421052632	HTLVWHSQ:0.23157894736842105	LVWHSQTP:0.2	RGHTLVWH:0.6	WHSQTPDW:0.21052631578947367	AWDVVNEA:0.6	QTPDWFFK:0.3157894736842105	HSQTPDWF:0.2	GHTLVWHS:0.23157894736842105	FWGLKDDY:0.3894736842105263	KAFIWAHE:0.21052631578947367	KVYAWDVV:0.3473684210526316	AKLFYNDY:0.5052631578947369	WGLKDDYS:0.42105263157894735	VVNEAIDE:0.3157894736842105	DVVNEAID:0.3894736842105263	NEMKPESL:0.22105263157894736	FIWAHEAD:0.21052631578947367	VYAWDVVN:0.42105263157894735	KGKVYAWD:0.3157894736842105	LKDDYSWL:0.29473684210526313	ENEMKPES:0.24210526315789474	GLKDDYSW:0.42105263157894735	GKVYAWDV:0.3473684210526316	VTFWGLKD:0.35789473684210527	AFIWAHEA:0.21052631578947367	IWAHEADP:0.21052631578947367	WDVVNEAI:0.45263157894736844	TFWGLKDD:0.35789473684210527	GHTLVWHN:0.24210526315789474	EYIEKAFI:0.25263157894736843	GPEYIEKA:0.24210526315789474	LVWHNQTP:0.21052631578947367	IEKAFIWA:0.2	IRGHTLVW:0.3157894736842105	EKAFIWAH:0.2	TPDWFFKD:0.2	TLVWHNQT:0.21052631578947367	LFYNDYNT:0.3684210526315789	KLFYNDYN:0.47368421052631576	HTLVWHNQ:0.23157894736842105	PEYIEKAF:0.25263157894736843	AENEMKPE:0.25263157894736843	HFNSITAE:0.30526315789473685	NSITAENE:0.28421052631578947	ITAENEMK:0.28421052631578947	TAENEMKP:0.3263157894736842	FNSITAEN:0.30526315789473685	SITAENEM:0.28421052631578947	NAKLFYND:0.21052631578947367	DPNAKLFY:0.2	PNAKLFYN:0.21052631578947367	ADPNAKLF:0.2	DVVNEAVD:0.21052631578947367	WDVVNEAV:0.23157894736842105	IEIHITEL:0.22105263157894736	PGIEIHIT:0.22105263157894736	GIEIHITE:0.22105263157894736	EIHITELD:0.25263157894736843	IPGIEIHI:0.22105263157894736	KHFNSITA:0.25263157894736843	
