cluster number:2
GH10:9	GH10:9
AAPAYAAP:1.0	KAAKFLGS:1.0	QQAPGFAQ:1.0	NKLTGKMA:0.4444444444444444	GAVTLGLW:0.2222222222222222	LTGKMAAN:0.4444444444444444	AVWKRCAT:0.8888888888888888	GAQQAPGF:0.7777777777777778	MAANGAVW:0.8888888888888888	SKAAKFLG:1.0	AVTLGLWV:0.3333333333333333	AAPLASKA:1.0	FAQHWNKL:1.0	AAGMAAPA:1.0	AAKFLGSA:1.0	HWNKLTGK:0.4444444444444444	AANGAVWK:0.8888888888888888	AGMAAPAY:1.0	GFAQHWNK:1.0	ANGAVWKR:0.8888888888888888	HGAQQAPG:0.4444444444444444	VTLGLWVA:0.3333333333333333	GKMAANGA:0.4444444444444444	GMAAPAYA:1.0	PLASKAAK:1.0	ASKAAKFL:1.0	GLWVAAGM:0.8888888888888888	APAYAAPL:1.0	VAAGMAAP:0.8888888888888888	AKFLGSAH:0.4444444444444444	QAPGFAQH:1.0	LASKAAKF:1.0	KFLGSAHG:0.4444444444444444	AQHWNKLT:1.0	KLTGKMAA:0.4444444444444444	APLASKAA:1.0	AHGAQQAP:0.4444444444444444	PAYAAPLA:1.0	NGAVWKRC:0.8888888888888888	AQQAPGFA:0.7777777777777778	LGLWVAAG:0.3333333333333333	WVAAGMAA:0.8888888888888888	MAAPAYAA:1.0	AYAAPLAS:1.0	TLGLWVAA:0.3333333333333333	LWVAAGMA:0.8888888888888888	GSAHGAQQ:0.4444444444444444	KMAANGAV:1.0	QHWNKLTG:0.4444444444444444	FLGSAHGA:0.4444444444444444	GAVWKRCA:0.8888888888888888	PGFAQHWN:1.0	APGFAQHW:1.0	WNKLTGKM:0.4444444444444444	VWKRCATR:0.8888888888888888	LGSAHGAQ:0.4444444444444444	MGAVTLGL:0.2222222222222222	YAAPLASK:1.0	SAHGAQQA:0.4444444444444444	TGKMAANG:0.4444444444444444	GSAYGAQQ:0.3333333333333333	NKLTRKMA:0.5555555555555556	FLGSAYGA:0.3333333333333333	LGSAYGAQ:0.3333333333333333	AKFLGSAY:0.5555555555555556	AYGAQQAP:0.3333333333333333	KLTRKMAA:0.5555555555555556	TRKMAANG:0.5555555555555556	RKMAANGA:0.5555555555555556	YGAQQAPG:0.3333333333333333	SAYGAQQA:0.3333333333333333	KFLGSAYG:0.5555555555555556	HWNKLTRK:0.5555555555555556	WNKLTRKM:0.5555555555555556	LTRKMAAN:0.5555555555555556	QHWNKLTR:0.5555555555555556	MGLWVAAG:0.3333333333333333	HMGAVTVG:0.2222222222222222	FLGSAYGE:0.2222222222222222	SAYGEQQA:0.2222222222222222	MHMGAVTV:0.2222222222222222	EQQAPGFA:0.2222222222222222	AVTVGLWV:0.2222222222222222	YGEQQAPG:0.2222222222222222	GAVTVGLW:0.2222222222222222	AYGEQQAP:0.2222222222222222	VTVGLWVA:0.2222222222222222	MGAVTVGL:0.2222222222222222	GEQQAPGF:0.2222222222222222	VGLWVAAG:0.2222222222222222	TVGLWVAA:0.2222222222222222	LGSAYGEQ:0.2222222222222222	GSAYGEQQ:0.2222222222222222	
