cluster number:94
GH10:34	GH10:34
GLVDTWDA:0.20588235294117646	VRADGTPK:0.23529411764705882	THMHQGYR:0.2647058823529412	HQGYRGEE:0.20588235294117646	FEEARAAN:0.20588235294117646	HMHQGYRG:0.2647058823529412	RSLVGHPA:0.23529411764705882	DTATLPFY:0.23529411764705882	AFEEARAA:0.23529411764705882	LVDTWDAI:0.23529411764705882	ERHYRSLV:0.20588235294117646	GHPLVWHT:0.5	FYWGRFEP:0.29411764705882354	LQTHMHQG:0.5	RADGTPKP:0.2647058823529412	PFYWGRFE:0.29411764705882354	MHQGYRGE:0.23529411764705882	GLVRADGT:0.20588235294117646	TLPFYWGR:0.29411764705882354	TETTLLSG:0.4117647058823529	FDTATLPF:0.23529411764705882	HYRSLVGH:0.23529411764705882	EEARAANP:0.20588235294117646	AFGNIGFD:0.20588235294117646	GLQTHMHQ:0.5	GEERQADE:0.23529411764705882	DTWDAINE:0.5	RHYRSLVG:0.23529411764705882	VKGHPLVW:0.3235294117647059	HPLVWHTV:0.38235294117647056	DGTPKPSY:0.29411764705882354	KGHPLVWH:0.5	ATLPFYWG:0.38235294117647056	AIGLQTHM:0.47058823529411764	QTHMHQGY:0.38235294117647056	VDTWDAIN:0.2647058823529412	RFARFGLP:0.38235294117647056	LPFYWGRF:0.29411764705882354	TATLPFYW:0.4411764705882353	DAIGLQTH:0.4411764705882353	DRFARFGL:0.23529411764705882	ADGTPKPS:0.29411764705882354	YRSLVGHP:0.23529411764705882	IGLQTHMH:0.47058823529411764	SLVGHPAV:0.23529411764705882	ETTLLSGD:0.29411764705882354	AINEVVIM:0.4411764705882353	ATLPFYWR:0.35294117647058826	WDAINEVV:0.5294117647058824	GEARQADE:0.3235294117647059	PSTPEGEA:0.4117647058823529	STPEGEAR:0.38235294117647056	GLQSHMHQ:0.35294117647058826	EGEARQAD:0.3235294117647059	INEVVIMP:0.5294117647058824	TPEGEARQ:0.4117647058823529	SHMHQGYW:0.20588235294117646	SWPSTPEG:0.3235294117647059	LQSHMHQG:0.3235294117647059	IVDLNDYQ:0.20588235294117646	WPSTPEGE:0.6176470588235294	HMHQGYWG:0.3235294117647059	MHQGYWGE:0.3235294117647059	HQGYWGEE:0.29411764705882354	PEGEARQA:0.4117647058823529	QSHMHQGY:0.20588235294117646	DAINEVVI:0.5294117647058824	ATLLLNDF:0.29411764705882354	TWDAINEV:0.35294117647058826	LPLHLTET:0.20588235294117646	DRFARYGL:0.20588235294117646	FGNIGFDF:0.20588235294117646	LIEGVLEA:0.23529411764705882	AYECLIEG:0.20588235294117646	NEVVIMPV:0.2647058823529412	GLPLHLTE:0.20588235294117646	TLLLNDFD:0.3235294117647059	ECLIEGVL:0.20588235294117646	IEGVLEAG:0.23529411764705882	IDAIGLQT:0.23529411764705882	YECLIEGV:0.20588235294117646	LVSGDLMP:0.20588235294117646	VDSWPSTP:0.20588235294117646	EVVIMPVF:0.2647058823529412	RFARYGLP:0.20588235294117646	CLIEGVLE:0.20588235294117646	FARFGLPL:0.23529411764705882	RFSRFGLP:0.23529411764705882	WLGAPAGL:0.29411764705882354	LGAPAGLV:0.23529411764705882	FSRFGLPL:0.20588235294117646	ALGLQSHM:0.20588235294117646	RLAFETAR:0.20588235294117646	LLLNDFDM:0.2647058823529412	GAPAGLVR:0.23529411764705882	ERFSRFGL:0.23529411764705882	AWLGAPAG:0.29411764705882354	DALGLQSH:0.20588235294117646	LGLQSHMH:0.23529411764705882	LTETTLVS:0.20588235294117646	LLNDFDMS:0.2647058823529412	IDTWDAIN:0.23529411764705882	TETTLVSG:0.3235294117647059	GAWLGAPA:0.23529411764705882	VKGHPLAW:0.20588235294117646	EGVLEAGI:0.20588235294117646	VLNDFDLS:0.23529411764705882	LVLNDFDL:0.29411764705882354	
