cluster number:99
GH10:51	GH10:51|CBM22:24|3.2.1.8:4|2.4.2.-:1
GAPVGGIG:0.5294117647058824	AFAHPAVE:0.29411764705882354	RADDLEVM:0.29411764705882354	FAHPAVEG:0.3333333333333333	GLPIWFTE:0.45098039215686275	VRADDLEV:0.2549019607843137	GIGIQGHI:0.49019607843137253	DLEVMLRE:0.29411764705882354	ADDLEVML:0.27450980392156865	HPAVEGIM:0.2549019607843137	PVGGIGIQ:0.45098039215686275	VGGIGIQG:0.47058823529411764	ILGLPIWF:0.2549019607843137	GGIGIQGH:0.47058823529411764	IGIQGHIT:0.2549019607843137	LEVMLREA:0.29411764705882354	APVGGIGI:0.45098039215686275	AHPAVEGI:0.37254901960784315	EAFAHPAV:0.3137254901960784	LGLPIWFT:0.45098039215686275	DDLEVMLR:0.29411764705882354	YAHPAVEG:0.35294117647058826	FVNDYNVE:0.39215686274509803	APAGVDVK:0.21568627450980393	DWAVFENE:0.2549019607843137	ALFVNDYN:0.23529411764705882	RKRDVVLK:0.23529411764705882	VFENELKW:0.27450980392156865	HYDVNNEM:0.7058823529411765	DLEVVLRE:0.29411764705882354	REAYAHPA:0.4117647058823529	VNNEMLHG:0.7647058823529411	DVNNEMLH:0.6862745098039216	EVVLREAY:0.27450980392156865	ELKWYHTE:0.21568627450980393	FENELKWY:0.27450980392156865	LFVNDYNV:0.4117647058823529	GAPAGVDV:0.21568627450980393	FKFRGFHG:0.21568627450980393	LREAYAHP:0.43137254901960786	VDVKVMDL:0.21568627450980393	NDPNATPE:0.2549019607843137	AVFENELK:0.27450980392156865	DPNATPEK:0.29411764705882354	LEVVLREA:0.29411764705882354	NELKWYHT:0.21568627450980393	VVLREAYA:0.29411764705882354	VTYRVAGW:0.21568627450980393	PNATPEKY:0.29411764705882354	YAGRFPHY:0.21568627450980393	RYAGRFPH:0.21568627450980393	GVDVKVMD:0.23529411764705882	YDVNNEML:0.6666666666666666	WAVFENEL:0.27450980392156865	ENELKWYH:0.21568627450980393	VLREAYAH:0.29411764705882354	AYAHPAVE:0.35294117647058826	EAYAHPAV:0.4117647058823529	AVEGVMLW:0.21568627450980393	GVMLWGFW:0.2549019607843137	AHPAVEGV:0.35294117647058826	VMLWGFWE:0.2549019607843137	EGVMLWGF:0.21568627450980393	HPAVEGVM:0.2549019607843137	LWGFWELF:0.43137254901960786	FRGFHGTY:0.23529411764705882	MLWGFWEL:0.45098039215686275	VEGVMLWG:0.21568627450980393	PAVEGVML:0.21568627450980393	WGFWELFM:0.4117647058823529	NNEMLHGS:0.49019607843137253	LHGSFYQD:0.23529411764705882	NEMLHGSF:0.45098039215686275	DKVRKRDV:0.2549019607843137	EMLHGSFY:0.43137254901960786	MLHGSFYQ:0.2549019607843137	NELKWYWT:0.3137254901960784	ELKWYWTE:0.3333333333333333	KVRKRDVV:0.23529411764705882	VRGHCIFW:0.27450980392156865	VRKRDVVL:0.21568627450980393	VNDYHVED:0.21568627450980393	IWFTELDV:0.43137254901960786	NDYHVEDG:0.21568627450980393	FWELFMSR:0.37254901960784315	LFVNDYHV:0.21568627450980393	FTELDVSS:0.39215686274509803	WFTELDVS:0.4117647058823529	PIWFTELD:0.43137254901960786	LPIWFTEL:0.3333333333333333	FVNDYHVE:0.21568627450980393	LKWYWTEP:0.21568627450980393	IGIQGHID:0.23529411764705882	GFWELFMS:0.37254901960784315	GHCIFWEV:0.27450980392156865	RGHCIFWE:0.27450980392156865	LDPSATLF:0.29411764705882354	VEGIMLWG:0.21568627450980393	EGIMLWGF:0.21568627450980393	RSSPEKYI:0.27450980392156865	KGAPVGGI:0.23529411764705882	RHYDVNNE:0.29411764705882354	KFRHYDVN:0.27450980392156865	GKFRHYDV:0.27450980392156865	FRHYDVNN:0.29411764705882354	
