cluster number:96
GH10:87	GH10:87|CBM1:27|3.2.1.8:27|CBM2:1
WDVVNEAL:0.5977011494252874	VAITELDI:0.2413793103448276	CYAWDVVN:0.3563218390804598	LNEDGTYR:0.2988505747126437	AKLYYNDY:0.3563218390804598	YAWDVVNE:0.4482758620689655	KLYYNDYN:0.4942528735632184	LYYNDYNI:0.27586206896551724	AITELDIR:0.26436781609195403	YYNDYNIE:0.26436781609195403	DGVGLQAH:0.26436781609195403	DVVNEALN:0.45977011494252873	FGQITPGN:0.26436781609195403	DWTDKYSW:0.21839080459770116	IDGVGLQA:0.26436781609195403	WDWTDKYS:0.21839080459770116	TDKYSWVP:0.2988505747126437	AWDVVNEA:0.3793103448275862	LYYNDYNL:0.2413793103448276	YYNDYNLE:0.2413793103448276	EALNEDGT:0.39080459770114945	VVNEALNE:0.41379310344827586	VNEALNED:0.40229885057471265	NEALNEDG:0.41379310344827586	ITELDIRM:0.20689655172413793	ALNEDGTY:0.28735632183908044	
