cluster number:20
GH10:7	GH10:7
DILGNEIM:0.2857142857142857	HYEKTIKM:0.42857142857142855	DWDVANEP:0.2857142857142857	LFINDFAI:0.5714285714285714	AGGGGDTA:0.42857142857142855	VDGIGIQS:0.2857142857142857	YEKTIKML:0.2857142857142857	LDILGNEI:0.2857142857142857	NEPFDNHD:0.42857142857142855	KTIKMLVD:0.2857142857142857	GNEIMVDW:0.2857142857142857	APVDGIGI:0.2857142857142857	FINDFAIL:0.5714285714285714	HRAHYEKT:0.7142857142857143	FDNHDILD:0.42857142857142855	KAPVDGIG:0.2857142857142857	GGGDTAHR:0.42857142857142855	AILAGGGG:0.5714285714285714	AHYEKTIK:0.7142857142857143	DFAILAGG:0.42857142857142855	KLFINDFA:0.42857142857142855	ILAGGGGD:0.5714285714285714	VDAKAPVD:0.42857142857142855	AKAPVDGI:0.2857142857142857	GGGGDTAH:0.42857142857142855	GDTAHRAH:0.42857142857142855	HDILDILG:0.42857142857142855	PFDNHDIL:0.42857142857142855	RAHYEKTI:0.7142857142857143	ILGNEIMV:0.2857142857142857	YDWDVANE:0.2857142857142857	DAKAPVDG:0.42857142857142855	AHRAHYEK:0.42857142857142855	ILDILGNE:0.2857142857142857	DNHDILDI:0.42857142857142855	EKTIKMLV:0.2857142857142857	INDFAILA:0.42857142857142855	GGDTAHRA:0.42857142857142855	FAILAGGG:0.5714285714285714	DTAHRAHY:0.42857142857142855	DILDILGN:0.42857142857142855	EPFDNHDI:0.42857142857142855	NHDILDIL:0.42857142857142855	TAHRAHYE:0.42857142857142855	PKLFINDF:0.42857142857142855	NEIMVDWF:0.2857142857142857	LVDAKAPV:0.2857142857142857	TIKMLVDA:0.2857142857142857	LGNEIMVD:0.2857142857142857	PVDGIGIQ:0.2857142857142857	EIMVDWFK:0.2857142857142857	NDFAILAG:0.42857142857142855	LAGGGGDT:0.5714285714285714	DGIGIQSH:0.42857142857142855	ILDILGND:0.2857142857142857	DVGNEPFD:0.2857142857142857	SVDPGPKL:0.42857142857142855	GNDIMVDW:0.2857142857142857	NDIMVDWF:0.2857142857142857	ARSVDPGP:0.2857142857142857	YDWDVGNE:0.2857142857142857	VGNEPFDN:0.2857142857142857	DWDVGNEP:0.2857142857142857	WDVGNEPF:0.2857142857142857	VDPGPKLF:0.42857142857142855	RSVDPGPK:0.2857142857142857	GNEPFDNH:0.2857142857142857	PGPKLFIN:0.42857142857142855	DPGPKLFI:0.42857142857142855	DILGNDIM:0.2857142857142857	LGNDIMVD:0.2857142857142857	ILGNDIMV:0.2857142857142857	LDILGNDI:0.2857142857142857	VDGLGIQS:0.2857142857142857	MVDWFKIA:0.2857142857142857	DGLGIQSH:0.42857142857142855	GPKLFIND:0.2857142857142857	IMVDWFKI:0.2857142857142857	DWDVVNEP:0.2857142857142857	PHRAHYEK:0.2857142857142857	VVNEPFDN:0.2857142857142857	WDVVNEPF:0.2857142857142857	YDWDVVNE:0.42857142857142855	VNEPFDNH:0.2857142857142857	DVVNEPFD:0.2857142857142857	TPHRAHYE:0.2857142857142857	DVMLDWFK:0.2857142857142857	
