cluster number:82
GH10:28	GH10:28|CBM13:1|3.2.1.8:1|CBM22:1|CBM4:1|CBM9:1
SDRYSWLD:0.21428571428571427	GRKNYPLL:0.39285714285714285	QITELDVS:0.32142857142857145	YFPIGVAV:0.39285714285714285	AWDVVNEA:0.6785714285714286	YAWDVVNE:0.75	KNYPLLFD:0.39285714285714285	KAFEYAHE:0.21428571428571427	WDVVNEAI:0.32142857142857145	IYAWDVVN:0.6428571428571429	RKNYPLLF:0.39285714285714285	WDVVNEAV:0.35714285714285715	KMGPIHPE:0.42857142857142855	PIHPEENR:0.2857142857142857	GPIHPEEN:0.2857142857142857	NDYNTERP:0.21428571428571427	MKMGPIHP:0.5	MGPIHPEE:0.32142857142857145	HWSIYEPT:0.21428571428571427	LFYNDYNT:0.5	VAGRKNYP:0.21428571428571427	FYNDYNTE:0.5	YNDYNTER:0.21428571428571427	IHPEENRY:0.2857142857142857	PVAGRKNY:0.21428571428571427	DVVNEAVP:0.25	KIYAWDVV:0.4642857142857143	TPENAMKM:0.42857142857142855	VYPKEHER:0.21428571428571427	YKGKIYAW:0.42857142857142855	VVNEAVPD:0.25	SVYPKEHE:0.25	GVGLQGHW:0.25	NAMKMGPI:0.42857142857142855	PENAMKMG:0.39285714285714285	VNEAVPDT:0.21428571428571427	RGHTLCWH:0.25	ENAMKMGP:0.5	SWLDNFPV:0.25	AMKMGPIH:0.42857142857142855	GKIYAWDV:0.4642857142857143	RYKGKIYA:0.39285714285714285	YPKEHERR:0.21428571428571427	KGKIYAWD:0.42857142857142855	NEAVPDTG:0.21428571428571427	VTFWNLSD:0.32142857142857145	QLFYNDYN:0.25	GVTFWNLS:0.21428571428571427	AQLFYNDY:0.21428571428571427	FPIGVAVN:0.21428571428571427	RKDYPLLF:0.25	KDYPLLFD:0.25	VTFWNISD:0.21428571428571427	GRKDYPLL:0.21428571428571427	ITGVTFWN:0.21428571428571427	YNDYNTEN:0.21428571428571427	KGLKDYYK:0.21428571428571427	
