cluster number:29
GH10:9	GH10:9
KDADGGNA:0.3333333333333333	WLFKDADG:0.3333333333333333	FKDADGGN:0.3333333333333333	GGNADKET:0.3333333333333333	GNADKETL:0.3333333333333333	GKVYCWDV:0.5555555555555556	LFKDADGG:0.3333333333333333	DGGNADKE:0.3333333333333333	NADKETLY:0.3333333333333333	YARMKEHI:0.3333333333333333	NQTGEWLF:0.3333333333333333	KVYCWDVV:0.6666666666666666	VIKRYAGK:0.3333333333333333	ARMKEHID:0.3333333333333333	DADGGNAD:0.3333333333333333	KETLYARM:0.3333333333333333	ADKETLYA:0.3333333333333333	LYARMKEH:0.3333333333333333	DKETLYAR:0.3333333333333333	YCWDVVNE:0.7777777777777778	VYCWDVVN:0.7777777777777778	VWHNQTGE:0.3333333333333333	TVIKRYAG:0.3333333333333333	EWLFKDAD:0.3333333333333333	QTGEWLFK:0.3333333333333333	ADGGNADK:0.3333333333333333	HIDTVIKR:0.3333333333333333	DTVIKRYA:0.3333333333333333	TGEWLFKD:0.3333333333333333	KEHIDTVI:0.3333333333333333	RYAGKVYC:0.3333333333333333	ETLYARMK:0.3333333333333333	IKRYAGKV:0.3333333333333333	GEWLFKDA:0.3333333333333333	HNQTGEWL:0.3333333333333333	EHIDTVIK:0.3333333333333333	IDTVIKRY:0.3333333333333333	KRYAGKVY:0.3333333333333333	RMKEHIDT:0.3333333333333333	WHNQTGEW:0.3333333333333333	TLYARMKE:0.3333333333333333	AGKVYCWD:0.3333333333333333	YAGKVYCW:0.3333333333333333	MKEHIDTV:0.4444444444444444	TLVWHNQT:0.2222222222222222	LVWHNQTG:0.2222222222222222	GHTLVWHN:0.3333333333333333	HTLVWHNQ:0.3333333333333333	LVRSRLET:0.3333333333333333	KALVRSRL:0.3333333333333333	HQTSPSWF:0.3333333333333333	DVVTHFKG:0.4444444444444444	VTHFKGKV:0.4444444444444444	THFKGKVY:0.3333333333333333	KGKVYCWD:0.3333333333333333	WHQTSPSW:0.3333333333333333	QTSPSWFF:0.3333333333333333	YKALVRSR:0.3333333333333333	ALVRSRLE:0.3333333333333333	VVTHFKGK:0.4444444444444444	TDVVTHFK:0.2222222222222222	VRSRLETY:0.3333333333333333	HFKGKVYC:0.3333333333333333	FKGKVYCW:0.3333333333333333	PSWFFDGD:0.2222222222222222	WFFDGDRS:0.2222222222222222	FFDGDRSD:0.2222222222222222	SPSWFFDG:0.2222222222222222	SWFFDGDR:0.2222222222222222	AYKALVRS:0.2222222222222222	TAYKALVR:0.2222222222222222	TSPSWFFD:0.2222222222222222	RSRLETYV:0.2222222222222222	
