cluster number:43
GH10:18	GH10:18|CBM2:12|3.2.1.8:3
ITELDIRM:0.2222222222222222	EAFNEDGT:0.2777777777777778	WVPYTFPG:0.2222222222222222	GLDVAITE:0.2222222222222222	DVVNEAFN:0.3888888888888889	LVWHSQLP:0.3888888888888889	VVNEAFNE:0.3888888888888889	KSNGLYNL:0.2222222222222222	WHSQLPSW:0.3333333333333333	VNEAFNED:0.3888888888888889	SWVPYTFP:0.2222222222222222	ELDIRMQM:0.2222222222222222	TELDIRMQ:0.2222222222222222	LYINDYNI:0.2222222222222222	DLGLDVAI:0.2222222222222222	YINDYNIE:0.2222222222222222	WDVVNEAF:0.3888888888888889	LGLDVAIT:0.2222222222222222	RFADLGLD:0.2222222222222222	VWHSQLPS:0.3333333333333333	DVAITELD:0.2222222222222222	LDVAITEL:0.2222222222222222	SNGLYNLV:0.2222222222222222	FADLGLDV:0.2222222222222222	LDIRMQMP:0.2222222222222222	AKSNGLYN:0.2222222222222222	HTLVWHSQ:0.6666666666666666	KLYINDYN:0.2222222222222222	LQQQARDY:0.2222222222222222	INDYNIEG:0.2222222222222222	QRFADLGL:0.3333333333333333	KLQQQARD:0.2222222222222222	TLVWHSQL:0.3888888888888889	GINAKSNG:0.2222222222222222	ADLGLDVA:0.2222222222222222	NEAFNEDG:0.3888888888888889	GHTLVWHS:0.6666666666666666	QNMQRFAD:0.2222222222222222	FRAARAAD:0.3333333333333333	RAARAADP:0.3333333333333333	HGHTLVWH:0.2777777777777778	QRFADLGV:0.2777777777777778	ADAFRAAR:0.2777777777777778	MQRFADLG:0.2777777777777778	DAFRAARA:0.2777777777777778	QQNMQRFA:0.2222222222222222	NMQRFADL:0.2777777777777778	AFRAARAA:0.3333333333333333	PGTFPGQG:0.2222222222222222	WVPGTFPG:0.2777777777777778	AQGVPIDG:0.2222222222222222	GTFPGQGA:0.2222222222222222	TFPGQGAA:0.2777777777777778	FPGQGAAL:0.2222222222222222	SWVPGTFP:0.2777777777777778	VPGTFPGQ:0.2222222222222222	FAQQNDQL:0.2222222222222222	VPIDGVGF:0.2222222222222222	GVPIDGVG:0.2222222222222222	NLQRFADL:0.2222222222222222	NYQPKPAY:0.2222222222222222	TAENAMKW:0.2777777777777778	VTAENAMK:0.2222222222222222	LQRFADLG:0.2222222222222222	DGVGFQSH:0.2222222222222222	PIDGVGFQ:0.2222222222222222	
