cluster number:5
GH10:7	GH10:7
REIMLARM:1.0	QIPTAFFY:0.7142857142857143	EIMLARME:1.0	SYIKQVLT:1.0	MLARMESY:1.0	TAFFYEDY:0.7142857142857143	NENYPGVI:1.0	KPMASREI:1.0	LIWHSQIP:0.2857142857142857	MASREIML:1.0	VSWDVVNE:1.0	HKPMASRE:1.0	IKQVLTWT:1.0	SREIMLAR:1.0	TLIWHSQI:0.2857142857142857	MESYIKQV:1.0	YPGVIVSW:1.0	PTAFFYED:0.7142857142857143	LARMESYI:1.0	YIKQVLTW:1.0	WTNENYPG:1.0	IPTAFFYE:0.7142857142857143	ESYIKQVL:1.0	ASREIMLA:1.0	ARMESYIK:1.0	WHSQIPTA:1.0	TWTNENYP:1.0	LTWTNENY:1.0	TNENYPGV:1.0	VLTWTNEN:1.0	VIVSWDVV:1.0	RMESYIKQ:1.0	HTLIWHSQ:0.2857142857142857	SQIPTAFF:0.7142857142857143	PMASREIM:1.0	QVLTWTNE:1.0	IMLARMES:1.0	IWHSQIPT:0.42857142857142855	HSQIPTAF:0.7142857142857143	KQVLTWTN:1.0	NYPGVIVS:1.0	IVSWDVVN:1.0	GHTLIWHS:0.2857142857142857	ENYPGVIV:1.0	GVIVSWDV:1.0	PGVIVSWD:1.0	THKPMASR:1.0	AFFYEDYA:0.5714285714285714	LVWHSQIP:0.42857142857142855	GHTLVWHS:0.42857142857142855	DYATHKPM:0.8571428571428571	FFYEDYAT:0.5714285714285714	YEDYATHK:0.8571428571428571	HTLVWHSQ:0.42857142857142855	EDYATHKP:0.8571428571428571	ATHKPMAS:0.8571428571428571	YATHKPMA:0.8571428571428571	VWHSQIPT:0.42857142857142855	TLVWHSQI:0.42857142857142855	FYEDYATH:0.8571428571428571	
