cluster number:83
GH10:31	GH10:31|CE1:5|3.2.1.8:2
LLFYNDYN:0.5483870967741935	DGLGFQSH:0.3548387096774194	YDWDVGNE:0.22580645161290322	IDGLGFQS:0.3548387096774194	LFYNDYNE:0.3870967741935484	DWDVANEA:0.22580645161290322	YDWDVANE:0.22580645161290322	EADPDALL:0.3870967741935484	IYNMVKEM:0.22580645161290322	ALLFYNDY:0.5483870967741935	FIRKAFEF:0.2903225806451613	PYRESLYY:0.22580645161290322	AAGVPIDG:0.2903225806451613	SLYYQICG:0.22580645161290322	GVPIDGLG:0.3225806451612903	READPDAL:0.2903225806451613	YRESLYYQ:0.22580645161290322	VKRERIYN:0.25806451612903225	VPIDGLGF:0.2903225806451613	EMKAAGVP:0.25806451612903225	KAFEFARE:0.2903225806451613	IRKAFEFA:0.2903225806451613	FAREADPD:0.25806451612903225	YQICGSDE:0.25806451612903225	FYNDYNEA:0.25806451612903225	QICGSDEF:0.25806451612903225	RKAFEFAR:0.25806451612903225	ICGSDEFI:0.25806451612903225	KRERIYNM:0.25806451612903225	YNMVKEMK:0.22580645161290322	DPDALLFY:0.3548387096774194	GSDEFIRK:0.22580645161290322	EFAREADP:0.2903225806451613	CGSDEFIR:0.22580645161290322	DALLFYND:0.3870967741935484	ADPDALLF:0.3548387096774194	EFIRKAFE:0.3225806451612903	KAAGVPID:0.2903225806451613	LYYQICGS:0.22580645161290322	SDEFIRKA:0.22580645161290322	YYQICGSD:0.22580645161290322	ERIYNMVK:0.22580645161290322	MKAAGVPI:0.2903225806451613	HPYRESLY:0.22580645161290322	PVKRERIY:0.25806451612903225	AFEFAREA:0.2903225806451613	RERIYNMV:0.25806451612903225	PIDGLGFQ:0.2903225806451613	RESLYYQI:0.22580645161290322	DEFIRKAF:0.3225806451612903	AGVPIDGL:0.2903225806451613	FEFAREAD:0.2903225806451613	PDALLFYN:0.3870967741935484	AREADPDA:0.2903225806451613	ESLYYQIC:0.22580645161290322	KDVVYCWD:0.22580645161290322	DVVYCWDV:0.22580645161290322	VYCWDVVN:0.22580645161290322	VVYCWDVV:0.22580645161290322	YCWDVVNE:0.25806451612903225	RYKDVVYC:0.22580645161290322	YKDVVYCW:0.22580645161290322	HSQIGRWM:0.25806451612903225	WHSQIGRW:0.25806451612903225	AHPYRESL:0.22580645161290322	AAHPYRES:0.22580645161290322	TAEGTTKE:0.22580645161290322	WMTAEGTT:0.22580645161290322	MKNHIQAI:0.22580645161290322	GRWMTAEG:0.22580645161290322	QIGRWMTA:0.22580645161290322	MTAEGTTK:0.22580645161290322	YARMKNHI:0.22580645161290322	RWMTAEGT:0.22580645161290322	SQIGRWMT:0.22580645161290322	IGRWMTAE:0.22580645161290322	KNHIQAIV:0.22580645161290322	RMKNHIQA:0.22580645161290322	ARMKNHIQ:0.22580645161290322	FYARMKNH:0.22580645161290322	
