cluster number:47
GH10:26	GH10:26|CBM4:16|3.2.1.8:2|CBM22:1|CBM0:1
DGIGTQMH:0.8846153846153846	VDGIGTQM:0.8461538461538461	NQNASYLN:0.23076923076923078	DVVNEPMD:0.34615384615384615	AKVDGIGT:0.38461538461538464	EFYWQDYL:0.3076923076923077	YWQDYLGK:0.34615384615384615	VVNEPMDD:0.4230769230769231	FINDYNLE:0.5384615384615384	YLGKDYAV:0.5	AWDVVNEP:0.6153846153846154	INDYNLEY:0.38461538461538464	FYWQDYLG:0.34615384615384615	VKAWDVVN:0.2692307692307692	WDVVNEPM:0.6153846153846154	WQDYLGKD:0.38461538461538464	KVDGIGTQ:0.38461538461538464	GAKVDGIG:0.38461538461538464	QDYLGKDY:0.38461538461538464	DEFYWQDY:0.46153846153846156	KAWDVVNE:0.34615384615384615	DYLGKDYA:0.38461538461538464	LFINDYNL:0.46153846153846156	SDEFYWQD:0.23076923076923078	LIKVSELD:0.3076923076923077	ATGKLIKV:0.2692307692307692	KLIKVSEL:0.3076923076923077	AATGKLIK:0.3076923076923077	GKDYAVKA:0.3076923076923077	KDYAVKAF:0.23076923076923078	GKLIKVSE:0.3076923076923077	DYNLEYNL:0.23076923076923078	VNEPMDDG:0.2692307692307692	LAATGKLI:0.34615384615384615	NDYNLEYN:0.2692307692307692	TGKLIKVS:0.3076923076923077	GIGTQMHI:0.5384615384615384	LGKDYAVK:0.23076923076923078	TVDGIGTQ:0.23076923076923078	GIGTQMHV:0.23076923076923078	KLFINDYN:0.23076923076923078	LLAATGKL:0.23076923076923078	QQYGITIW:0.23076923076923078	AQQYGITI:0.23076923076923078	IKVSELDI:0.2692307692307692	HAWDVVNE:0.23076923076923078	
