cluster number:67
GH3:177	GH3:177|3.2.1.21:48|CBM1:9|3.2.1.58:3|3.2.1.-:1
LYLWPFAD:0.480225988700565	MHELYLWP:0.3163841807909605	FADAVRAG:0.3389830508474576	LGPVAGPL:0.23728813559322035	ELYLWPFA:0.4971751412429379	VNLTTGTG:0.3163841807909605	WPFADAVR:0.3615819209039548	DAVRAGVG:0.20903954802259886	TMHELYLW:0.2937853107344633	GPVAGPLG:0.23728813559322035	FQGFVMSD:0.3050847457627119	KVNLTTGT:0.3163841807909605	PFADAVRA:0.3615819209039548	LWPFADAV:0.3954802259887006	ADAVRAGV:0.20903954802259886	HELYLWPF:0.5423728813559322	QGFVMSDW:0.3050847457627119	SGTANFPY:0.2824858757062147	GSGTANFP:0.2824858757062147	EKVNLTTG:0.4858757062146893	NLTTGTGW:0.3050847457627119	GTANFPYL:0.2768361581920904	YLWPFADA:0.5084745762711864	EFGYGLSY:0.2598870056497175	AGLPGQES:0.3163841807909605	AMGWGSGT:0.423728813559322	AGLDMTMP:0.24858757062146894	LAMGWGSG:0.423728813559322	GTLAMGWG:0.4067796610169492	GLDMTMPG:0.3333333333333333	LPGQESGN:0.3898305084745763	GLPGQESG:0.4124293785310734	WAGLPGQE:0.3050847457627119	FGYGLSYT:0.2033898305084746	YEFGYGLS:0.24293785310734464	TLAMGWGS:0.4124293785310734	LGFQGFVM:0.2994350282485876	ELGFQGFV:0.3898305084745763	EFGFGLSY:0.3389830508474576	DSGEGYIT:0.22033898305084745	FGFGLSYT:0.3502824858757062	GGRNWEGF:0.536723163841808	SGEGYITV:0.2711864406779661	ADSGEGYI:0.3389830508474576	GRNWEGFS:0.4180790960451977	VPQLYVSL:0.23163841807909605	EVPQLYVS:0.21468926553672316	GLDMSMPG:0.3107344632768362	PGQESGNS:0.2655367231638418	EGVFIDYR:0.3107344632768362	GCDNGTLA:0.22598870056497175	DRGCDNGT:0.23728813559322035	VNADSGEG:0.23728813559322035	NGTLAMGW:0.2711864406779661	ETIKGIQD:0.22033898305084745	NWEGFSPD:0.3559322033898305	VFVNADSG:0.23163841807909605	TIKGIQDA:0.20903954802259886	QINNSYGC:0.23163841807909605	SYNQINNS:0.22033898305084745	WEGFSPDP:0.3785310734463277	ALAGLDMS:0.2033898305084746	NTIVVIHS:0.22598870056497175	DKTMHELY:0.22033898305084745	RNWEGFSP:0.3559322033898305	YNQINNSY:0.22033898305084745	CSYNQINN:0.22033898305084745	DDKTMHEL:0.22033898305084745	AETIKGIQ:0.21468926553672316	LYVSLGGP:0.23163841807909605	NADSGEGY:0.2655367231638418	QLYVSLGG:0.2768361581920904	FVNADSGE:0.23163841807909605	LDMSMPGD:0.24858757062146894	RGCDNGTL:0.23728813559322035	NSYGCQNS:0.2033898305084746	PQLYVSLG:0.24293785310734464	NNSYGCQN:0.2033898305084746	KGIQDAGV:0.2033898305084746	IKGIQDAG:0.20903954802259886	AGLDMSMP:0.2655367231638418	KTMHELYL:0.2033898305084746	NFPYLVTP:0.2033898305084746	CDNGTLAM:0.24293785310734464	MGWGSGTA:0.3446327683615819	IHSVGPVL:0.23728813559322035	MCSYNQIN:0.2542372881355932	GFQGFVMS:0.2994350282485876	GWGSGTAN:0.2655367231638418	WGSGTANF:0.2824858757062147	DDMAVRIM:0.21468926553672316	LLEKVNLT:0.20903954802259886	GDRNNLTL:0.20903954802259886	DRNNLTLW:0.20903954802259886	LDMTMPGD:0.22598870056497175	YEFGFGLS:0.2655367231638418	TLLEKVNL:0.20903954802259886	LEKVNLTT:0.22033898305084745	LWAGLPGQ:0.20903954802259886	NEQEHFRQ:0.3898305084745763	
