cluster number:75
GH3:11	GH3:11
ATDQEGGE:0.2727272727272727	LGRQYGYD:0.2727272727272727	LAPVADIV:0.6363636363636364	VITDDLSA:0.2727272727272727	AGAFADGM:0.2727272727272727	MPYAIRQA:0.2727272727272727	QVLSGPGF:0.36363636363636365	GVLPTFKH:0.2727272727272727	LWVATDQE:0.36363636363636365	GVVITDDL:0.2727272727272727	PVADIVTS:0.6363636363636364	VATDQEGG:0.36363636363636365	DQEGGEVQ:0.5454545454545454	TDQEGGEV:0.45454545454545453	PYAIRQAD:0.2727272727272727	VLPTFKHF:0.2727272727272727	GFDGVVIT:0.2727272727272727	WVATDQEG:0.36363636363636365	GAFADGMR:0.2727272727272727	DGVVITDD:0.2727272727272727	TDDLSAAA:0.36363636363636365	QEGGEVQV:0.45454545454545453	YAIRQADL:0.2727272727272727	APVADIVT:0.6363636363636364	ITDDLSAA:0.2727272727272727	LPTFKHFP:0.36363636363636365	FDGVVITD:0.2727272727272727	PAMYDAVL:0.2727272727272727	FKHFPGLG:0.6363636363636364	NLAPVADI:0.5454545454545454	PTFKHFPG:0.45454545454545453	TFKHFPGL:0.45454545454545453	VQVLSGPG:0.36363636363636365	EGGEVQVL:0.45454545454545453	DGATVAAK:0.2727272727272727	WVSTDQEG:0.2727272727272727	KHFPGLGH:0.5454545454545454	VAAKAGAF:0.36363636363636365	QAWSPADR:0.2727272727272727	VQAWSPAD:0.2727272727272727	YDAVLAKA:0.2727272727272727	MYDAVLAK:0.2727272727272727	YDGATVAA:0.2727272727272727	ATVAAKAG:0.36363636363636365	GGIFLHGR:0.36363636363636365	AWSPADRA:0.36363636363636365	AAKAGAFA:0.36363636363636365	GIFLHGRS:0.36363636363636365	LWVSTDQE:0.2727272727272727	GATVAAKA:0.2727272727272727	YGYDGATV:0.2727272727272727	AMYDAVLA:0.2727272727272727	TDDLSAAQ:0.2727272727272727	GYDGATVA:0.2727272727272727	TVAAKAGA:0.36363636363636365	GPGFDDMP:0.2727272727272727	VSTDQEGG:0.2727272727272727	HFPGLGHV:0.5454545454545454	DTTAGVTD:0.2727272727272727	PAVVMLST:0.2727272727272727	NMNLAPVA:0.36363636363636365	VNMNLAPV:0.36363636363636365	ADSSVYPE:0.2727272727272727	RVGQLFMV:0.36363636363636365	VSADSSVY:0.2727272727272727	LLLVSADS:0.2727272727272727	NTDTTAGV:0.2727272727272727	GVNMNLAP:0.36363636363636365	VLSGPGFD:0.2727272727272727	AVVMLSTA:0.2727272727272727	DLLLVSAD:0.2727272727272727	LLVSADSS:0.2727272727272727	QAGVNMNL:0.2727272727272727	GQLFMVGT:0.2727272727272727	TTDDLSAA:0.2727272727272727	MNLAPVAD:0.5454545454545454	LVSADSSV:0.2727272727272727	DSSVYPEM:0.2727272727272727	FPGLGHVG:0.2727272727272727	SADSSVYP:0.2727272727272727	IGGIFLHG:0.2727272727272727	TDTTAGVT:0.2727272727272727	GPAVVMLS:0.2727272727272727	AFAAKVDA:0.2727272727272727	VGQLFMVG:0.36363636363636365	FAAKVDAA:0.2727272727272727	AGVNMNLA:0.2727272727272727	VADIVTSP:0.2727272727272727	
