cluster number:101
GH3:145	GH3:145|3.2.1.37:13|3.2.1.55:7
YIVSDCDS:0.3793103448275862	MCSYNQVN:0.2689655172413793	IFRDPRWG:0.43448275862068964	QGIVLLKN:0.27586206896551724	NVNIFRDP:0.2896551724137931	VASVMCSY:0.32413793103448274	MRLGFFDG:0.2	LPMTWYPQ:0.2482758620689655	KVAACCKH:0.3310344827586207	RGQETPGE:0.6137931034482759	SPNVNIFR:0.2827586206896552	GYPGEAGG:0.2206896551724138	NGKPTCAD:0.20689655172413793	WSEALHGV:0.4896551724137931	WWSEALHG:0.5448275862068965	SVMCSYNQ:0.25517241379310346	ASVMCSYN:0.3448275862068966	LKVAACCK:0.3310344827586207	CSYNQVNG:0.2689655172413793	CKHYTAYD:0.33793103448275863	FRDPRWGR:0.593103448275862	DPRWGRGQ:0.6551724137931034	AVIGPNAN:0.2620689655172414	LMRLGFFD:0.20689655172413793	PNVNIFRD:0.2896551724137931	GRGQETPG:0.6137931034482759	IVSDCDSV:0.3448275862068966	RDPRWGRG:0.6689655172413793	RLKVAACC:0.2206896551724138	AACCKHYT:0.27586206896551724	SEALHGVS:0.3793103448275862	VAACCKHY:0.27586206896551724	EALHGVSN:0.2482758620689655	LAVIGPNA:0.2482758620689655	CCKHYTAY:0.33793103448275863	QETPGEDP:0.6068965517241379	VNIFRDPR:0.2896551724137931	GYIVSDCD:0.3793103448275862	NIFRDPRW:0.43448275862068964	GQETPGED:0.6137931034482759	RWGRGQET:0.6758620689655173	VNGKPTCA:0.20689655172413793	PRWGRGQE:0.6620689655172414	NGYIVSDC:0.25517241379310346	ARQGIVLL:0.30344827586206896	RQGIVLLK:0.2413793103448276	VMCSYNQV:0.2482758620689655	WGRGQETP:0.6137931034482759	ATSFPQVI:0.33793103448275863	ACCKHYTA:0.30344827586206896	LNGYIVSD:0.25517241379310346	WSPNVNIF:0.2896551724137931	YEWWSEAL:0.4068965517241379	ETPGEDPL:0.2206896551724138	EWWSEALH:0.4068965517241379	AARQGIVL:0.27586206896551724	AGLDLDCG:0.22758620689655173	YPGRTYRF:0.4689655172413793	TYWSPNVN:0.20689655172413793	EAARQGIV:0.25517241379310346	TAYDLDNW:0.2413793103448276	AGLTYWSP:0.2413793103448276	GYPGQAGG:0.25517241379310346	LTYWSPNV:0.21379310344827587	YWSPNVNI:0.2	PGRTYRFY:0.503448275862069	GYPGRTYR:0.46206896551724136	GLTYWSPN:0.2689655172413793	GRTYRFYK:0.2	RTYRFYKG:0.2	ILWVGYPG:0.2413793103448276	
