cluster number:126
GH3:33	GH3:33
DGEWGLGM:0.5151515151515151	DINNNPKN:0.21212121212121213	NNNPKNPV:0.2727272727272727	AMNMKGVT:0.21212121212121213	TDAMNMKG:0.30303030303030304	NNPKNPVI:0.2727272727272727	GEWGLGMR:0.5151515151515151	VTDAMNMK:0.21212121212121213	DAMNMKGV:0.30303030303030304	PGHGDTDV:0.45454545454545453	GDTDVDSH:0.45454545454545453	INNNPKNP:0.21212121212121213	FPGHGDTD:0.696969696969697	HFPGHGDT:0.9696969696969697	KHFPGHGD:0.9696969696969697	HGDTDVDS:0.45454545454545453	EWGLGMRL:0.7878787878787878	PYQMTLGA:0.36363636363636365	GHGDTDVD:0.45454545454545453	INYRSFGE:0.45454545454545453	EGAIMMGG:0.21212121212121213	AEWGLGMR:0.3333333333333333	LDSTISYP:0.30303030303030304	NTLRKNGS:0.24242424242424243	AAQLIFGG:0.24242424242424243	VINYRSFG:0.5757575757575758	TAKHFPGH:0.42424242424242425	PVINYRSF:0.5757575757575758	NPVINYRS:0.5757575757575758	DEGAIMMG:0.21212121212121213	WGLGMRLD:0.5454545454545454	GLGMRLDS:0.42424242424242425	GMRLDSTI:0.36363636363636365	RSFGENKY:0.24242424242424243	GLIVTDAM:0.2727272727272727	NYRSFGEN:0.24242424242424243	PSTLSKPI:0.30303030303030304	RLDSTISY:0.30303030303030304	VHDEGAIM:0.21212121212121213	NANDLAKL:0.24242424242424243	IDAEWGLG:0.2727272727272727	DAEWGLGM:0.3333333333333333	GAIDAEWG:0.2727272727272727	AKHFPGHG:0.5454545454545454	HDEGAIMM:0.21212121212121213	YRSFGENK:0.24242424242424243	MRLDSTIS:0.3333333333333333	LGMRLDST:0.3939393939393939	AIDAEWGL:0.2727272727272727	LVFFQGGP:0.30303030303030304	AHMNIPAL:0.2727272727272727	HMNIPALD:0.30303030303030304	YQMTLGAI:0.2727272727272727	MIAHMNIP:0.24242424242424243	SYPYQMTL:0.21212121212121213	GGLVFFQG:0.42424242424242425	FPGHGDTN:0.21212121212121213	AKYWAGLN:0.21212121212121213	GLVFFQGG:0.30303030303030304	YPYQMTLG:0.21212121212121213	QMTLGAIQ:0.30303030303030304	FFVRAHTN:0.21212121212121213	QMALGAIQ:0.2727272727272727	HTGFTGTM:0.21212121212121213	NDLAKLMQ:0.2727272727272727	DLAKLMQM:0.24242424242424243	LAKLMQMY:0.24242424242424243	HGDTDTDS:0.24242424242424243	AKLMQMYL:0.24242424242424243	YRSFGEDK:0.21212121212121213	FGHTGFTG:0.30303030303030304	PVVDVNNN:0.24242424242424243	GHGDTDTD:0.24242424242424243	LTTAKHFP:0.30303030303030304	GHTGFTGT:0.21212121212121213	YQMALGAI:0.30303030303030304	SFGHTGFT:0.30303030303030304	GDTDTDSH:0.24242424242424243	TTAKHFPG:0.3333333333333333	PYQMALGA:0.42424242424242425	IDDYLPYF:0.21212121212121213	PGHGDTDT:0.24242424242424243	NYRSFGED:0.21212121212121213	VVDVNNNP:0.21212121212121213	ANDLAKLM:0.2727272727272727	LLTTAKHF:0.24242424242424243	DSTISYPY:0.30303030303030304	RAHTNLGQ:0.21212121212121213	MVAHMNIP:0.21212121212121213	TISYPYQM:0.36363636363636365	VRAHTNLG:0.30303030303030304	LKHFPGHG:0.30303030303030304	STISYPYQ:0.30303030303030304	FGENKYNV:0.21212121212121213	DTDVDSHY:0.30303030303030304	DSHYDLPQ:0.21212121212121213	TDVDSHYD:0.30303030303030304	SFGENKYN:0.21212121212121213	VDSHYDLP:0.30303030303030304	DVDSHYDL:0.30303030303030304	GMQDGGLL:0.21212121212121213	YPYQMALG:0.30303030303030304	ISYPYQMA:0.2727272727272727	SYPYQMAL:0.2727272727272727	IGGLVFFQ:0.2727272727272727	TNSKWVDS:0.21212121212121213	
