cluster number:173
GH3:11	GH3:11
GIILFDRN:0.2727272727272727	LDYMVMVG:0.2727272727272727	NFAPVADV:0.36363636363636365	TDDLEMGA:0.36363636363636365	VNFAPVAD:0.45454545454545453	YMVMVGHL:0.2727272727272727	FAPVADVG:0.36363636363636365	MGINVNFA:0.2727272727272727	ITDDLEMG:0.2727272727272727	HFPGIGRG:0.2727272727272727	DYMVMVGH:0.2727272727272727	LKHFPGIG:0.6363636363636364	QFHYGGII:0.2727272727272727	GGIILFDR:0.2727272727272727	INVNFAPV:0.7272727272727273	DLDYMVMV:0.2727272727272727	GINVNFAP:0.7272727272727273	YGGIILFD:0.2727272727272727	NVNFAPVA:0.45454545454545453	FHYGGIIL:0.2727272727272727	KHFPGIGR:0.2727272727272727	IILFDRNL:0.2727272727272727	HYGGIILF:0.2727272727272727	DIVLVCHE:0.6363636363636364	IVLVCHEY:0.45454545454545453	INESVRRI:0.2727272727272727	ERINESVR:0.2727272727272727	NESVRRII:0.2727272727272727	EERINESV:0.2727272727272727	RINESVRR:0.2727272727272727	AGADIVLV:0.5454545454545454	NVNFAPVV:0.2727272727272727	VILFDRNM:0.5454545454545454	KAGADIVL:0.36363636363636365	GADIVLVC:0.5454545454545454	KHFPGIGK:0.36363636363636365	SLKHFPGI:0.36363636363636365	NFAPVVDL:0.2727272727272727	ADIVLVCH:0.5454545454545454	LGINVNFA:0.45454545454545453	VNFAPVVD:0.2727272727272727	APVADVGS:0.2727272727272727	EMGAVANH:0.36363636363636365	GVILFDRN:0.36363636363636365	GGVILFDR:0.36363636363636365	SLGINVNF:0.2727272727272727	LKHFPGLG:0.2727272727272727	
