cluster number:1
GH3:652	GH3:652|3.2.1.52:5
GHGDTAVD:0.2684049079754601	FPGHGDTA:0.3619631901840491	GVRSFGAD:0.2392638036809816	PVIGVRSF:0.6993865030674846	HFPGHGDT:0.8957055214723927	GDTAVDSH:0.2684049079754601	KHFPGHGD:0.9371165644171779	PGHGDTAV:0.2684049079754601	HGDTAVDS:0.2684049079754601	VIGVRSFG:0.4601226993865031	NPVIGVRS:0.7638036809815951	IGVRSFGA:0.294478527607362	TAKHFPGH:0.2147239263803681	NPANPVIG:0.2607361963190184	ANPVIGVR:0.26993865030674846	PGNMALGA:0.2469325153374233	PANPVIGV:0.2607361963190184	AKHFPGHG:0.5368098159509203	NPDNPVIG:0.20245398773006135	DNPVIGVR:0.20705521472392638	GQMLMPDF:0.21012269938650308	QEGGIVTR:0.23006134969325154	IDQEGGIV:0.2361963190184049	EGGIVTRL:0.23006134969325154	DQEGGIVT:0.23006134969325154	QMLMPDFR:0.21625766871165644	VDSHYGLP:0.23159509202453987	VIGVRSFS:0.2392638036809816	IGVRSFSS:0.21932515337423314	
