cluster number:54
GH3:213	GH3:213
DDSSMNAL:0.20187793427230047	GFILFGRN:0.3755868544600939	VMKHMPGH:0.3192488262910798	VDCLPVLD:0.3568075117370892	GRGFADSH:0.20187793427230047	VLIDQEGG:0.5492957746478874	PVMKHMPG:0.3192488262910798	IDPDNPAT:0.24882629107981222	SRLHAFDL:0.3333333333333333	PVLIDQEG:0.5446009389671361	PVLDVPVE:0.3192488262910798	VIGDRAYG:0.26291079812206575	GRVQRIRP:0.3051643192488263	EGGRVQRI:0.37089201877934275	SDDSSMNA:0.20187793427230047	CDIVLHCN:0.2535211267605634	ERPWGFIL:0.41784037558685444	LIDQEGGR:0.5539906103286385	DQEGGRVQ:0.9295774647887324	GGRVQRIR:0.3286384976525822	RPWGFILF:0.49295774647887325	KHMPGHGR:0.4507042253521127	QEGGRVQR:0.9295774647887324	PWGFILFG:0.3615023474178404	PDNPATTS:0.24413145539906103	AGGCDIVL:0.22065727699530516	VLDVPVEG:0.3192488262910798	MGRAAAEG:0.20187793427230047	DPDNPATT:0.24413145539906103	DCLPVLDV:0.49765258215962443	HMPGHGRG:0.24413145539906103	LPVMKHMP:0.3145539906103286	MSRLHAFD:0.3286384976525822	CLPVLDVP:0.5117370892018779	GRAAAEGL:0.24882629107981222	APVLIDQE:0.5258215962441315	IDQEGGRV:0.8967136150234741	FILFGRNI:0.3474178403755869	PGHGRGFA:0.20187793427230047	MKHMPGHG:0.3333333333333333	RVQRIRPP:0.3051643192488263	GERPWGFI:0.2112676056338028	GCDIVLHC:0.28169014084507044	WGFILFGR:0.3615023474178404	DIVLHCNG:0.26291079812206575	LPVLDVPV:0.43661971830985913	GHGRGFAD:0.20187793427230047	HGRGFADS:0.20187793427230047	GGCDIVLH:0.2300469483568075	VIGNRAYG:0.29577464788732394	FIDQEGGR:0.22065727699530516	GRVQRLRP:0.25821596244131456	VQRLRPPL:0.26291079812206575	DDISMKAL:0.2300469483568075	GGRVQRLR:0.3333333333333333	EGGRVQRL:0.5352112676056338	GFILFARN:0.29107981220657275	RVQRLRPP:0.25821596244131456	FILFARNI:0.25821596244131456	MSDDVSMN:0.29107981220657275	DDVSMNAL:0.29577464788732394	VLKHIPGH:0.20657276995305165	PMAMTAHV:0.2863849765258216	HIPGHGRA:0.4131455399061033	LLMSDDVS:0.3051643192488263	DAPVLIDQ:0.215962441314554	SDDVSMNA:0.29107981220657275	DLPMAMTA:0.28169014084507044	MAMTAHVV:0.2863849765258216	GITVDCLP:0.26291079812206575	AMTAHVVF:0.24882629107981222	KHIPGHGR:0.4694835680751174	LPMAMTAH:0.30985915492957744	IPGHGRAT:0.20657276995305165	LKHIPGHG:0.2112676056338028	PVLKHIPG:0.20657276995305165	LMSDDVSM:0.30985915492957744	GLLMSDDV:0.3051643192488263	FDGLLMSD:0.24413145539906103	GFDGLLMS:0.24413145539906103	DGLLMSDD:0.24413145539906103	IGFDGLLM:0.2676056338028169	
