cluster number:147
GH3:53	GH3:53
RLGMHVNF:0.22641509433962265	YSDLSFIL:0.33962264150943394	PVVDVNNN:0.2830188679245283	HAGLFGNA:0.37735849056603776	KPGYVYSD:0.20754716981132076	GLFGNAND:0.2641509433962264	FQGGPVRQ:0.3584905660377358	YVYSDLSF:0.4339622641509434	GLSGHAGL:0.24528301886792453	PGYVYSDL:0.24528301886792453	SGHAGLFG:0.6981132075471698	PTEYDSLF:0.3018867924528302	FAPVVDVN:0.2641509433962264	GMHVNFAP:0.24528301886792453	VYSDLSFI:0.32075471698113206	RDVLTHQA:0.20754716981132076	TEYDSLFR:0.3018867924528302	GYVYSDLS:0.2830188679245283	FFQGGPVR:0.2830188679245283	VNFAPVVD:0.2830188679245283	VLTHQARL:0.20754716981132076	AGLFGNAN:0.2641509433962264	LKAWIPFW:0.2641509433962264	GHAGLFGN:0.41509433962264153	TDLYDLAS:0.20754716981132076	LYDLASLT:0.20754716981132076	VAKHFPGH:0.20754716981132076	LSGHAGLF:0.24528301886792453	DLASLTKV:0.22641509433962265	DAMNMKGV:0.22641509433962265	NFAPVVDV:0.2641509433962264	FPGHGDTD:0.24528301886792453	HFPGHGDT:0.8113207547169812	KHFPGHGD:0.9056603773584906	APVVDVNN:0.2830188679245283	YDLASLTK:0.2641509433962264	VVDVNNNA:0.20754716981132076	AVAKHFPG:0.20754716981132076	AKHFPGHG:0.7547169811320755	LGMHVNFA:0.22641509433962265	IDGEWGLG:0.20754716981132076	GISGHAGL:0.20754716981132076	SFGHTGFT:0.20754716981132076	WGLGMRLD:0.22641509433962265	GLGMRLDS:0.22641509433962265	ISGHAGLF:0.20754716981132076	EWGLGMRL:0.24528301886792453	DGEWGLGM:0.20754716981132076	FGHTGFTG:0.22641509433962265	GEWGLGMR:0.20754716981132076	TAKHFPGH:0.2830188679245283	ATAKHFPG:0.24528301886792453	IATAKHFP:0.24528301886792453	HDEGAAML:0.2641509433962264	GHSGFTGT:0.2830188679245283	YVFLSNRV:0.22641509433962265	IFFQGGPV:0.3018867924528302	NPVIGFRS:0.2830188679245283	MRLDSTVR:0.24528301886792453	FGHSGFTG:0.20754716981132076	QGGPVRQA:0.22641509433962265	VHDEGAAM:0.2641509433962264	SFGHSGFT:0.20754716981132076	RIVPTEYD:0.2830188679245283	GVSGHAGL:0.22641509433962265	IVPTEYDS:0.3018867924528302	VSGHAGLF:0.22641509433962265	FPGHGDTN:0.22641509433962265	GLIFFQGG:0.37735849056603776	GGLIFFQG:0.37735849056603776	LIFFQGGP:0.37735849056603776	VPTEYDSL:0.2641509433962264	YDLASVTK:0.2641509433962264	DLASVTKI:0.22641509433962265	LYDLASVT:0.22641509433962265	DLYDLASV:0.22641509433962265	FRSFGEDK:0.2641509433962264	PNNPVINF:0.20754716981132076	INFRSFGE:0.24528301886792453	NPNNPVIN:0.20754716981132076	FPGHGDTG:0.2830188679245283	PVINFRSF:0.24528301886792453	VINFRSFG:0.24528301886792453	NPVINFRS:0.24528301886792453	NNPVINFR:0.22641509433962265	SNRVYPTR:0.20754716981132076	
