cluster number:87
GH3:26	GH3:26|3.2.1.21:8
ATAKHYIL:0.3076923076923077	GGRGWESG:0.3076923076923077	TLHEIYLW:0.5	IQSQGVIA:0.38461538461538464	QSQGVIAT:0.46153846153846156	ELGFKGFV:0.5384615384615384	DYLLNTVL:0.38461538461538464	ENDYLLNT:0.38461538461538464	ERTLHEIY:0.4230769230769231	NTVLKGEL:0.5	GIQSQGVI:0.38461538461538464	QGVIATAK:0.38461538461538464	VDERTLHE:0.2692307692307692	GLDMTDAW:0.2692307692307692	TAKHYILN:0.3076923076923077	VIATAKHY:0.5384615384615384	SSDVDERT:0.2692307692307692	YLLNTVLK:0.38461538461538464	KGELGFKG:0.5	DWSATMST:0.2692307692307692	LNTVLKGE:0.46153846153846156	VLKGELGF:0.46153846153846156	IYLWPFAR:0.4230769230769231	GVIATAKH:0.5384615384615384	DVDERTLH:0.2692307692307692	SANHGLDM:0.2692307692307692	LHEIYLWP:0.5	LGFKGFVQ:0.5	EIYLWPFA:0.4230769230769231	QSDWSATM:0.23076923076923078	SQGVIATA:0.38461538461538464	GFKGFVQS:0.5	KGFVQSDW:0.5	GELGFKGF:0.5	CENDYLLN:0.38461538461538464	IATAKHYI:0.34615384615384615	SDVDERTL:0.2692307692307692	FKGFVQSD:0.5	SDWSATMS:0.2692307692307692	AKHYILND:0.23076923076923078	LNDQELNR:0.2692307692307692	DERTLHEI:0.4230769230769231	GRGWESGG:0.3076923076923077	HEIYLWPF:0.4230769230769231	WSATMSTV:0.2692307692307692	FVQSDWSA:0.23076923076923078	NDYLLNTV:0.38461538461538464	RTLHEIYL:0.5	TVLKGELG:0.46153846153846156	ACENDYLL:0.34615384615384615	LLNTVLKG:0.38461538461538464	LKGELGFK:0.5	ANHGLDMT:0.23076923076923078	VQSDWSAT:0.23076923076923078	GFVQSDWS:0.23076923076923078	RGWESGGE:0.2692307692307692	NGTYACEN:0.38461538461538464	YLWPFARS:0.2692307692307692	WESGGEDP:0.2692307692307692	TYACENDY:0.23076923076923078	GWESGGED:0.2692307692307692	GTYACEND:0.3076923076923077	GQESGNSL:0.34615384615384615	GVGSIMCS:0.23076923076923078	GRLPYTIA:0.3076923076923077	VNPSGRLP:0.38461538461538464	KVNPSGRL:0.3076923076923077	NLIKAVAD:0.23076923076923078	GASSRDIR:0.46153846153846156	FPESAGEP:0.23076923076923078	AGVGSIMC:0.2692307692307692	GDNLIKAV:0.23076923076923078	NPSGRLPY:0.3076923076923077	GSIMCSYN:0.23076923076923078	LFPFGHGL:0.23076923076923078	QESGNSLA:0.34615384615384615	VGSIMCSY:0.23076923076923078	KLVREMGA:0.23076923076923078	SGRLPYTI:0.3076923076923077	PSGRLPYT:0.3076923076923077	PDFPSLCL:0.3076923076923077	RLPYTIAK:0.3076923076923077	VEAGVGSI:0.23076923076923078	GLDMTMPG:0.38461538461538464	LDMTMPGD:0.3076923076923077	ASSRDIRQ:0.38461538461538464	IKAVADAN:0.3076923076923077	LVREMGAA:0.23076923076923078	GAEVVQAY:0.2692307692307692	FPFGHGLS:0.34615384615384615	LIKAVADA:0.3076923076923077	PLFPFGHG:0.23076923076923078	GKVNPSGR:0.3076923076923077	EPLFPFGH:0.23076923076923078	IEPLFPFG:0.23076923076923078	FGHGLSYT:0.3076923076923077	IGASSRDI:0.34615384615384615	EAGVGSIM:0.2692307692307692	DMTMPGDI:0.23076923076923078	DNLIKAVA:0.23076923076923078	SSRDIRQT:0.23076923076923078	PFGHGLSY:0.34615384615384615	NGDNLIKA:0.23076923076923078	ESGNSLAD:0.34615384615384615	TVVVIHSV:0.34615384615384615	KAVADANE:0.23076923076923078	NTVVVIHS:0.34615384615384615	VVVIHSVG:0.34615384615384615	DANENTVV:0.23076923076923078	VVIHSVGP:0.2692307692307692	VIHSVGPV:0.23076923076923078	DFPSLCLQ:0.23076923076923078	VADANENT:0.3076923076923077	NENTVVVI:0.23076923076923078	LWHNGDNL:0.23076923076923078	ENTVVVIH:0.23076923076923078	ANENTVVV:0.23076923076923078	AVADANEN:0.3076923076923077	WHNGDNLI:0.23076923076923078	FPSLCLQD:0.2692307692307692	ADSGEEYI:0.23076923076923078	ADANENTV:0.23076923076923078	PWIDHPNI:0.2692307692307692	WPGLPGQE:0.2692307692307692	WIDHPNIK:0.2692307692307692	MPWIDHPN:0.2692307692307692	IDHPNIKA:0.2692307692307692	LMPWIDHP:0.23076923076923078	VWPGLPGQ:0.23076923076923078	FGDVNPSG:0.2692307692307692	VLFGDVNP:0.23076923076923078	DHPNIKAV:0.23076923076923078	DVLFGDVN:0.23076923076923078	LFGDVNPS:0.23076923076923078	HPNIKAVV:0.23076923076923078	PGQESGNS:0.23076923076923078	LPGQESGN:0.23076923076923078	GLPGQESG:0.23076923076923078	PGLPGQES:0.23076923076923078	
