cluster number:30
GH3:76	GH3:76|3.2.1.21:3
ELYLWPFA:0.2894736842105263	GILKDELG:0.3684210526315789	LYLWPFAE:0.25	LHELYLWP:0.23684210526315788	NIDDRTLH:0.5131578947368421	ILKDELGF:0.3684210526315789	HLPGQEAG:0.3684210526315789	TAFPAGIT:0.2894736842105263	LKDELGFQ:0.5131578947368421	GGNPALWD:0.23684210526315788	SPSGHLPY:0.2894736842105263	RTLHELYL:0.23684210526315788	NGILKDEL:0.35526315789473684	HELYLWPF:0.2894736842105263	GGRNWEGF:0.6710526315789473	NWEGFGSD:0.21052631578947367	GRNWEGFG:0.7105263157894737	FGHGLSYT:0.3157894736842105	IDDRTLHE:0.5263157894736842	DRTLHELY:0.4473684210526316	RNWEGFGS:0.21052631578947367	DDRTLHEL:0.4342105263157895	TLHELYLW:0.23684210526315788	DAITLLKN:0.2236842105263158	AHLPGQEA:0.34210526315789475	MTLAEKVN:0.2631578947368421	WEGFGSDP:0.23684210526315788	KDELGFQG:0.5394736842105263	EGLYIDYR:0.40789473684210525	AFGHGLSY:0.25	GNEQEHFR:0.21052631578947367	SSNIDDRT:0.47368421052631576	HFIGNEQE:0.3026315789473684	KHFIGNEQ:0.3026315789473684	SNIDDRTL:0.4473684210526316	NEQEHFRQ:0.3684210526315789	TRKDLSVW:0.23684210526315788	LCLQDGPL:0.25	GLDMSMPG:0.2631578947368421	SVLNGSVP:0.21052631578947367	GVIATIKH:0.21052631578947367	KDLSVWDV:0.21052631578947367	CLQDGPLG:0.25	FQGFVMSD:0.21052631578947367	GLYIDYRH:0.2236842105263158	RKDLSVWD:0.2631578947368421	LYIDYRHF:0.21052631578947367	LGFQGFVM:0.25	MTLAEKTN:0.2236842105263158	QGFVMSDW:0.21052631578947367	LDMSMPGD:0.23684210526315788	AGLDMSMP:0.21052631578947367	DELGFQGF:0.4605263157894737	GFQGFVMS:0.21052631578947367	ELGFQGFV:0.5131578947368421	LNDMVTRI:0.3026315789473684	SALAGLDM:0.32894736842105265	NWEGFGAD:0.39473684210526316	RLNDMVTR:0.3157894736842105	NDMVTRIV:0.2894736842105263	DMVTRIVA:0.2894736842105263	RNWEGFGA:0.39473684210526316	WEGFGADP:0.40789473684210525	SKLLNGIL:0.21052631578947367	DWLAQRSG:0.2236842105263158	VASVMCSY:0.2236842105263158	KLLNGILK:0.21052631578947367	PAGGRNWE:0.2894736842105263	SDWLAQRS:0.2236842105263158	AGGRNWEG:0.27631578947368424	LLNGILKD:0.21052631578947367	LNGILKDE:0.21052631578947367	FGADPVLQ:0.21052631578947367	GADPVLQA:0.21052631578947367	LSSNIDDR:0.2236842105263158	
