cluster number:105
GH3:30	GH3:30
HGSSTTDT:0.3	IAIDQEGG:0.43333333333333335	KHFPGHGS:0.8333333333333334	GSSTTDTH:0.3	PGHGSSTT:0.36666666666666664	LKHFPGHG:0.6666666666666666	LFDYDVPS:0.3	GVVLFDYD:0.36666666666666664	GGVVLFDY:0.36666666666666664	VLFDYDVP:0.3333333333333333	IMTAHVFN:0.2	VVLFDYDV:0.36666666666666664	FPGHGSST:0.5	HFPGHGSS:0.6666666666666666	GHGSSTTD:0.36666666666666664	IGGVVLFD:0.36666666666666664	ALKHFPGH:0.23333333333333334	LIAIDQEG:0.2	AIDQEGGR:0.3	QMLMVGFR:0.23333333333333334	TLKHFPGH:0.2	IKIGQMLM:0.23333333333333334	MLMVGFRG:0.26666666666666666	GQMLMVGF:0.2	TTDTHKDF:0.2	MTAHVFNA:0.36666666666666664	LFIAIDQE:0.23333333333333334	STTDTHKD:0.2	SSTTDTHK:0.23333333333333334	TDTHKDFT:0.2	AGVDILLF:0.2	FIAIDQEG:0.23333333333333334	VISDDMQM:0.3	VMTAHVFN:0.3	DTHKDFTD:0.2	PLFIAIDQ:0.23333333333333334	LSIKIGQM:0.2	DDMQMKAI:0.2	DMQMKAIA:0.2	SIKIGQML:0.2	SDDMQMKA:0.2	MQMKAIAD:0.2	AVDQEGGR:0.26666666666666666	VDQEGGRV:0.26666666666666666	VVISDDMQ:0.2	IAVDQEGG:0.23333333333333334	NLAPVVDL:0.3	MNLAPVVD:0.2	IDQEGGRV:0.26666666666666666	LAPVVDLN:0.23333333333333334	FIAVDQEG:0.2	DQEGGRVC:0.3	EGGRVCRL:0.2	QEGGRVCR:0.3	GGRVCRLK:0.2	
