cluster number:111
GH3:22	GH3:22
TVTDALEA:0.5	TGVAATAK:0.2727272727272727	MLSWAVYP:0.22727272727272727	WAVYPALD:0.5	KHFPGLGA:0.5909090909090909	PLLLMTDQ:0.5909090909090909	VTVTDALE:0.5	GVAATAKH:0.7272727272727273	LAGVGMNV:0.22727272727272727	LMTDQEGG:0.6363636363636364	SWAVYPAL:0.5	NLAPVLDV:0.7272727272727273	GKVRRLPG:0.3181818181818182	AATAKHFP:0.6818181818181818	APVLDVYR:0.36363636363636365	AKHFPGLG:0.9090909090909091	MTDQEGGK:0.3181818181818182	GVTVTDAL:0.5	VMLSWAVY:0.22727272727272727	TDALEAGA:0.4090909090909091	NVNLAPVL:0.5909090909090909	GVIFFGEN:0.22727272727272727	VIFFGENI:0.22727272727272727	TDQEGGKV:0.3181818181818182	LLMTDQEG:0.6363636363636364	LAPVLDVY:0.45454545454545453	DALEAGAL:0.4090909090909091	QEGGKVRR:0.3181818181818182	TAKHFPGL:0.8181818181818182	VTDALEAG:0.45454545454545453	ATAKHFPG:0.8181818181818182	VNLAPVLD:0.5454545454545454	DQEGGKVR:0.3181818181818182	SYPGLTPP:0.22727272727272727	VAATAKHF:0.6818181818181818	LVMLSWAV:0.22727272727272727	GGKVRRLP:0.3181818181818182	LLLMTDQE:0.6363636363636364	AGVIFFGE:0.22727272727272727	AGVGMNVN:0.22727272727272727	NLAGVGMN:0.22727272727272727	GMNVNLAP:0.3181818181818182	MNVNLAPV:0.3181818181818182	YPGLTPPA:0.22727272727272727	VGMNVNLA:0.3181818181818182	AVYPALDP:0.3181818181818182	EGGKVRRL:0.3181818181818182	GVGMNVNL:0.2727272727272727	ELRGRLGF:0.2727272727272727	HFPGLGAA:0.5454545454545454	AGMDLILC:0.2727272727272727	GMDLILCS:0.2727272727272727	DLILCSAR:0.2727272727272727	AGVAATAK:0.22727272727272727	APLLLMTD:0.2727272727272727	LILCSARD:0.2727272727272727	MDLILCSA:0.2727272727272727	VRRLPGAP:0.3181818181818182	GMDLLLCS:0.22727272727272727	TITDALEA:0.22727272727272727	VTITDALE:0.22727272727272727	AGMDLLLC:0.22727272727272727	GVTITDAL:0.22727272727272727	LAPVLDVF:0.2727272727272727	
