cluster number:106
GH3:183	GH3:183|3.2.1.-:2
RDPRWGRV:0.8142076502732241	GQIPVYYN:0.43169398907103823	GGRDYNTV:0.3442622950819672	GRDYNTVD:0.30601092896174864	VGQIPVYY:0.24043715846994534	VIVLALGE:0.2786885245901639	KTIFPIPL:0.2185792349726776	CVKHFAAY:0.7377049180327869	HGFKTIFP:0.22404371584699453	EGGRDYNT:0.2786885245901639	TIFPIPLA:0.366120218579235	VRDPRWGR:0.7868852459016393	LFEDPYRG:0.2185792349726776	KHFAAYGA:0.6666666666666666	GLFEDPYR:0.2185792349726776	VKHFAAYG:0.7486338797814208	VDLVRDPR:0.37158469945355194	PFGFGLSY:0.2568306010928962	PMVDLVRD:0.46994535519125685	ESTGEDPY:0.2896174863387978	MADVIHGY:0.22950819672131148	VRPVKELK:0.2459016393442623	AACVKHFA:0.7868852459016393	STGEDPYL:0.2896174863387978	GRPLDLHG:0.22404371584699453	VLFNGRPL:0.26229508196721313	FNTVDGIP:0.22404371584699453	HFAAYGAP:0.21311475409836064	FMADVIHG:0.24043715846994534	VLISDWGA:0.2677595628415301	ACVKHFAA:0.7049180327868853	RPLDLHGV:0.20218579234972678	MVDLVRDP:0.37158469945355194	YLDIPNEP:0.2896174863387978	YLPAYKAA:0.20218579234972678	NGRPLDLH:0.22404371584699453	IPLLFMAD:0.2677595628415301	APMVDLVR:0.2786885245901639	RVAACVKH:0.31693989071038253	DGVLISDW:0.36065573770491804	LISDWGAV:0.273224043715847	LFNGRPLD:0.28415300546448086	GVLISDWG:0.2677595628415301	GEDPYLNS:0.2677595628415301	TGEDPYLN:0.31693989071038253	LVRDPRWG:0.6775956284153005	DLVRDPRW:0.6775956284153005	VAACVKHF:0.3442622950819672	NTVDGIPA:0.2185792349726776	AGVDIEMM:0.366120218579235	FAPMVDLV:0.2677595628415301	HVTFAPMV:0.2896174863387978	VMTSFNTV:0.28415300546448086	FNGRPLDL:0.3005464480874317	FDGVLISD:0.4371584699453552	VVRPVKEL:0.23497267759562843	VTFAPMVD:0.2896174863387978	NRLGIPLL:0.21311475409836064	TFAPMVDL:0.28415300546448086	KLVMTAFN:0.2896174863387978	DLGLFEDP:0.26229508196721313	GAKLVMTA:0.2459016393442623	RVMESTGE:0.5846994535519126	AGAKLVMT:0.37158469945355194	PMLDLVRD:0.20218579234972678	GRVMESTG:0.5846994535519126	VMESTGED:0.5792349726775956	FSPMLDLV:0.20218579234972678	DPRWGRVM:0.7759562841530054	NDLGLFED:0.2568306010928962	FPIPLALG:0.2677595628415301	WGRVMEST:0.5846994535519126	DEAVLRIL:0.23497267759562843	KNDLGLFE:0.32786885245901637	QIPVYYNH:0.24043715846994534	LKNDLGLF:0.32786885245901637	SPMLDLVR:0.20218579234972678	FAAYGAAE:0.2459016393442623	AKLVMTAF:0.2459016393442623	MESTGEDP:0.5191256830601093	RWGRVMES:0.7704918032786885	PRWGRVME:0.7868852459016393	HFAAYGAA:0.3005464480874317	RTIFPIPL:0.2568306010928962	GVDIEMMT:0.36065573770491804	VGQVPVYY:0.2185792349726776	GFDGVLIS:0.25136612021857924	GQVPVYYN:0.22404371584699453	HVTFSPMV:0.25136612021857924	VTFSPMVD:0.2677595628415301	KLGLFENP:0.2185792349726776	IAACVKHF:0.22404371584699453	LGLFENPY:0.2677595628415301	GLFENPYR:0.21311475409836064	FGYGLSYT:0.26229508196721313	GRLSMSFP:0.25136612021857924	SGRLSMSF:0.24043715846994534	NPSGRLSM:0.25136612021857924	PSGRLSMS:0.24043715846994534	VHGFKTIF:0.20765027322404372	PFGYGLSY:0.3224043715846995	VSGLHVTF:0.22950819672131148	LFENPYRG:0.20218579234972678	AVSGLHVT:0.20765027322404372	
