cluster number:84
GH3:15	GH3:15
LIITDALN:0.2	ITDALNMK:0.2	FPGHGDTS:0.26666666666666666	TDALNMKA:0.2	HFPGHGDT:0.7333333333333333	GFEGLIIT:0.2	KHFPGHGD:0.8666666666666667	IITDALNM:0.2	GLIITDAL:0.26666666666666666	EGLIITDA:0.2	LGFEGLII:0.2	FEGLIITD:0.2	VKHFPGHG:0.26666666666666666	NMNFAPVA:0.3333333333333333	FAPVADVN:0.5333333333333333	FVAVDEEG:0.2	GVILFAEN:0.2	LFVAVDEE:0.2	NPDNPVIG:0.26666666666666666	SLGFNMNF:0.26666666666666666	NFAPVADV:0.26666666666666666	DVNTNPDN:0.4666666666666667	PLFVAVDE:0.2	LKHFPGHG:0.5333333333333333	VNTNPDNP:0.26666666666666666	VADVNTNP:0.7333333333333333	RILKVKYK:0.2	LGFNMNFA:0.3333333333333333	ADILLMPE:0.2	VLKHFPGH:0.3333333333333333	AGADILLM:0.3333333333333333	ILKVKYKR:0.2	GFNMNFAP:0.3333333333333333	PVADVNTN:0.8	GGVILFAE:0.2	LKVKYKRG:0.2	MNFAPVAD:0.3333333333333333	APVADVNT:0.8	ASLGFNMN:0.2	VAVDEEGG:0.2	FNMNFAPV:0.3333333333333333	TNPDNPVI:0.26666666666666666	ADVNTNPD:0.4666666666666667	GADILLMP:0.3333333333333333	NTNPDNPV:0.26666666666666666	MTLEEKIG:0.3333333333333333	TLKHFPGH:0.2	TLEEKIGQ:0.3333333333333333	DFAPVADV:0.26666666666666666	NMNLAPVA:0.26666666666666666	IAVDEEGG:0.2	SLGFNMNL:0.2	LAPVADVN:0.2	NLAPVADV:0.26666666666666666	MNLAPVAD:0.26666666666666666	FNMNLAPV:0.26666666666666666	FIAVDEEG:0.2	GFNMNLAP:0.26666666666666666	LGFNMNLA:0.26666666666666666	EKIGQLFM:0.2	EEKIGQLF:0.26666666666666666	LEEKIGQL:0.2	
