cluster number:90
GH3:11	GH3:11
FPTAIALA:0.2727272727272727	LREVYARP:0.2727272727272727	REVYARPF:0.2727272727272727	GEDPYLVS:0.2727272727272727	DGVIATGK:0.2727272727272727	RDARWGRV:0.45454545454545453	RVHETYGE:0.7272727272727273	FTSFPTAI:0.2727272727272727	DARWGRVH:0.45454545454545453	TAIALAAT:0.2727272727272727	VIATGKHF:0.36363636363636365	LYPFGHGL:0.2727272727272727	AAIQLAGL:0.2727272727272727	HETYGEDP:0.7272727272727273	YGEDPYLV:0.36363636363636365	TYGEDPYL:0.45454545454545453	GRVHETYG:0.7272727272727273	TSFPTAIA:0.2727272727272727	ETYGEDPY:0.45454545454545453	SFPTAIAL:0.2727272727272727	AIALAATW:0.2727272727272727	IATGKHFL:0.36363636363636365	PLYPFGHG:0.2727272727272727	RELREVYA:0.2727272727272727	WGRVHETY:0.7272727272727273	ELREVYAR:0.2727272727272727	RWGRVHET:0.7272727272727273	EDPYLVSA:0.2727272727272727	ARDARWGR:0.5454545454545454	ARWGRVHE:0.45454545454545453	VARDARWG:0.45454545454545453	IALAATWD:0.2727272727272727	ATGKHFLG:0.6363636363636364	GVIATGKH:0.36363636363636365	GKHFLGYA:0.45454545454545453	TGKHFLGY:0.6363636363636364	DVARDARW:0.45454545454545453	PTAIALAA:0.2727272727272727	VHETYGED:0.6363636363636364	VSNAEMPL:0.2727272727272727	VRPVRQLL:0.2727272727272727	ETYGEDPE:0.36363636363636365	EPFRRAIA:0.2727272727272727	SVSNAEMP:0.2727272727272727	VGERTGWV:0.2727272727272727	GERTGWVG:0.36363636363636365	YAEPFRRA:0.36363636363636365	TYGEDPEL:0.36363636363636365	AEPFRRAI:0.36363636363636365	TEAGQNMA:0.2727272727272727	TVEEKAQQ:0.2727272727272727	GLSYTTFD:0.2727272727272727	HGLSYTTF:0.36363636363636365	GHGLSYTT:0.36363636363636365	AGLDVELP:0.36363636363636365	IAVVGPHA:0.2727272727272727	RVLRDKFA:0.2727272727272727	RIAVVGPH:0.2727272727272727	EVYARPFE:0.2727272727272727	YARPFEAA:0.2727272727272727	FGHGLSYT:0.5454545454545454	DTADIDLP:0.2727272727272727	TADIDLPA:0.2727272727272727	VYARPFEA:0.2727272727272727	PFGHGLSY:0.2727272727272727	RDKFALGL:0.2727272727272727	ARPFEAAI:0.2727272727272727	DKFALGLF:0.2727272727272727	LRDKFALG:0.2727272727272727	GFTGTVVS:0.2727272727272727	LGFTGTVV:0.2727272727272727	FTGTVVSD:0.2727272727272727	RDPRWGRV:0.2727272727272727	QFPTAWAQ:0.2727272727272727	RIHFGAYT:0.2727272727272727	LYAFGHGL:0.2727272727272727	VGPAADEL:0.2727272727272727	GKLPSTFP:0.2727272727272727	VGNNTAGE:0.2727272727272727	PSGKLPST:0.2727272727272727	FPTAWAQA:0.2727272727272727	AADELRIH:0.2727272727272727	NPSGKLPS:0.2727272727272727	NNTAGEGQ:0.2727272727272727	VVVGPAAD:0.2727272727272727	PAADELRI:0.2727272727272727	WVGNNTAG:0.2727272727272727	KLPSTFPR:0.2727272727272727	YAFGHGLS:0.2727272727272727	LRIHFGAY:0.2727272727272727	DEYAEPFR:0.2727272727272727	DELRIHFG:0.2727272727272727	RTGWVGNN:0.2727272727272727	TGWVGNNT:0.2727272727272727	EYAEPFRR:0.2727272727272727	GPAADELR:0.2727272727272727	IHFGAYTS:0.2727272727272727	ADELRIHF:0.2727272727272727	ELRIHFGA:0.2727272727272727	SGKLPSTF:0.2727272727272727	PLYAFGHG:0.2727272727272727	GNNTAGEG:0.2727272727272727	GWVGNNTA:0.2727272727272727	DPRWGRVH:0.2727272727272727	RIVVVGPA:0.2727272727272727	IVVVGPAA:0.2727272727272727	AFGHGLSY:0.36363636363636365	PRWGRVHE:0.2727272727272727	VVGPAADE:0.2727272727272727	ERTGWVGN:0.2727272727272727	
