cluster number:117
GH3:29	GH3:29|3.2.1.21:2|3.2.1.58:1
MQENCVGQ:0.6896551724137931	RARDFVSQ:0.6206896551724138	LGIRFADY:0.5172413793103449	ENCVGQVG:0.6896551724137931	VSAFPAGV:0.5517241379310345	DYVSAFPA:0.5862068965517241	RMGLHSLC:0.7241379310344828	PSPWASGQ:0.3793103448275862	GQGGWEDA:0.5517241379310345	GPLGIRFA:0.5517241379310345	QDGPLGIR:0.6206896551724138	YVSAFPAG:0.5517241379310345	VEKVNLTT:0.6896551724137931	EKVNLTTG:0.8275862068965517	PWASGQGG:0.41379310344827586	SLCMQDGP:0.7241379310344828	QVGSIPRM:0.7241379310344828	DGPLGIRF:0.6206896551724138	WMQENCVG:0.6896551724137931	VSQLTLVE:0.6551724137931034	GLHSLCMQ:0.6896551724137931	FADYVSAF:0.6551724137931034	EDAVERAR:0.5862068965517241	VNLTTGVG:0.8275862068965517	YPSPWASG:0.4482758620689655	GWEDAVER:0.6206896551724138	GVGWMQEN:0.6551724137931034	KVNLTTGV:0.8275862068965517	VERARDFV:0.5862068965517241	TLVEKVNL:0.6551724137931034	LTLVEKVN:0.6551724137931034	FVSQLTLV:0.6551724137931034	HSLCMQDG:0.6896551724137931	ARDFVSQL:0.6206896551724138	ERARDFVS:0.5862068965517241	RDFVSQLT:0.5862068965517241	QGGWEDAV:0.5172413793103449	ADYVSAFP:0.6551724137931034	NLTTGVGW:0.8275862068965517	IPRMGLHS:0.7241379310344828	LHSLCMQD:0.6896551724137931	QENCVGQV:0.6896551724137931	GSIPRMGL:0.7241379310344828	WEDAVERA:0.6206896551724138	GWMQENCV:0.6896551724137931	SPWASGQG:0.41379310344827586	RFADYVSA:0.5862068965517241	SGQGGWED:0.5517241379310345	CMQDGPLG:0.7241379310344828	AVERARDF:0.5517241379310345	GGWEDAVE:0.6206896551724138	VGWMQENC:0.6896551724137931	MQDGPLGI:0.6896551724137931	LTTGVGWM:0.8275862068965517	SQLTLVEK:0.6551724137931034	IRFADYVS:0.5172413793103449	PRMGLHSL:0.7241379310344828	PLGIRFAD:0.5517241379310345	QLTLVEKV:0.6551724137931034	CVGQVGSI:0.7241379310344828	ASGQGGWE:0.5517241379310345	PYYPSPWA:0.3448275862068966	VGSIPRMG:0.7241379310344828	YYPSPWAS:0.4482758620689655	TTGVGWMQ:0.8275862068965517	TGVGWMQE:0.8275862068965517	WASGQGGW:0.4482758620689655	VGQVGSIP:0.7241379310344828	NCVGQVGS:0.6896551724137931	LVEKVNLT:0.6896551724137931	MGLHSLCM:0.6896551724137931	DFVSQLTL:0.7241379310344828	LCMQDGPL:0.7241379310344828	DAVERARD:0.5517241379310345	SIPRMGLH:0.7241379310344828	GIRFADYV:0.5172413793103449	GQVGSIPR:0.7241379310344828	LYLWPFAD:0.20689655172413793	LWPFADAV:0.20689655172413793	ELYLWPFA:0.20689655172413793	HELYLWPF:0.20689655172413793	YLWPFADA:0.20689655172413793	KAMGEEHR:0.20689655172413793	WEGFSPDP:0.20689655172413793	AETIKGIQ:0.20689655172413793	EGFSPDPV:0.20689655172413793	
