cluster number:146
GH3:89	GH3:89
LNCWAKMD:0.25842696629213485	DPAGYILF:0.4157303370786517	APASAIEA:0.3595505617977528	ASAIEAAR:0.33707865168539325	CWAKMDDM:0.24719101123595505	AGYILFGR:0.39325842696629215	DQEGGRVA:0.9101123595505618	GYILFGRN:0.4044943820224719	NCWAKMDD:0.25842696629213485	EGGRVARL:0.20224719101123595	KHMPGHGR:0.5617977528089888	PASAIEAA:0.34831460674157305	PAGYILFG:0.39325842696629215	HDVIGDRA:0.25842696629213485	AHDVIGDR:0.2696629213483146	IDQEGGRV:0.9662921348314607	PAIFGLSG:0.2696629213483146	QEGGRVAR:0.9101123595505618	GAHDVIGD:0.25842696629213485	DCLPLLDV:0.21348314606741572	RVAALGRA:0.5168539325842697	VAALGRAI:0.25842696629213485	HIPGHGRA:0.24719101123595505	ILIDQEGG:0.5056179775280899	LPILIDQE:0.25842696629213485	CLPLLDVR:0.21348314606741572	MRVAALGR:0.43820224719101125	YILFGRNI:0.2247191011235955	LIDQEGGR:0.4943820224719101	LPLLDVRQ:0.4044943820224719	EVGITVDC:0.25842696629213485	PILIDQEG:0.43820224719101125	EGGRVARM:0.7078651685393258	GGRVARMK:0.29213483146067415	PLLDVRQP:0.2808988764044944	AEVGITVD:0.3146067415730337	GVVGVVKH:0.21348314606741572	KHIPGHGR:0.2696629213483146	VDCLPLLD:0.21348314606741572	VIGDRALG:0.34831460674157305	PMRVAALG:0.48314606741573035	GDRALGSE:0.20224719101123595	IFGLSGLT:0.20224719101123595	AIFGLSGL:0.20224719101123595	LDVRQPGA:0.2247191011235955	IGDRALGS:0.2247191011235955	LAEVGITV:0.3146067415730337	DRALGSEP:0.20224719101123595	DVIGDRAL:0.3146067415730337	AALGRAIL:0.24719101123595505	EPMRVAAL:0.4044943820224719	AGCDIALN:0.23595505617977527	CDIALNCW:0.23595505617977527	GCDIALNC:0.23595505617977527	ADPAGYIL:0.2808988764044944	AAGCDIAL:0.2696629213483146	RALTDDLR:0.25842696629213485	VKHMPGHG:0.3595505617977528	RGRIGFDG:0.2247191011235955	GRIGFDGL:0.21348314606741572	RIGFDGLL:0.4044943820224719	IGFDGLLM:0.3707865168539326	HMPGHGRA:0.42696629213483145	IRGRIGFD:0.2247191011235955	VAALGRAV:0.3146067415730337	FDGLLMSD:0.2247191011235955	MTAHVVYT:0.20224719101123595	GFDGLLMS:0.2247191011235955	DDLDMKAL:0.3258426966292135	LLMSDDLD:0.20224719101123595	GIVKHMPG:0.20224719101123595	GGRVARMQ:0.2696629213483146	GVVGIVKH:0.24719101123595505	GGVVGIVK:0.23595505617977527	IVKHMPGH:0.20224719101123595	MSDDLDMK:0.20224719101123595	DGLLMSDD:0.2247191011235955	SDDLDMKA:0.2247191011235955	GLLMSDDL:0.2696629213483146	DALPLLDV:0.20224719101123595	LMSDDLDM:0.2247191011235955	MKPVIFGL:0.23595505617977527	ALPLLDVR:0.20224719101123595	
