cluster number:19
GH3:158	GH3:158
GFDGLLMT:0.21518987341772153	DGLLMTDD:0.22151898734177214	DQEGGRVQ:0.6518987341772152	QEGGRVQR:0.6518987341772152	GGRVQRLR:0.22784810126582278	FDGLLMTD:0.22151898734177214	EGGRVQRL:0.37341772151898733	IGFDGLLM:0.3227848101265823	GFILFARN:0.24050632911392406	IDQEGGRV:0.740506329113924	VLIDQEGG:0.2848101265822785	PVLIDQEG:0.23417721518987342	LIDQEGGR:0.689873417721519	EGGRVQRM:0.25949367088607594	APVLIDQE:0.23417721518987342	HIPGHGRA:0.47468354430379744	KHIPGHGR:0.5	GLLAGGVL:0.2848101265822785	DQEGGRVA:0.26582278481012656	EGLLAGGV:0.21518987341772153	LLAGGVLP:0.2911392405063291	LAGGVLPV:0.24050632911392406	QEGGRVAR:0.25949367088607594	AEGLLAGG:0.20253164556962025	AGGVLPVI:0.21518987341772153	GGVLPVIK:0.23417721518987342	VDQEGGRV:0.2088607594936709	GVLPVIKH:0.26582278481012656	ILIDQEGG:0.3987341772151899	DAPILIDQ:0.23417721518987342	PILIDQEG:0.3670886075949367	APILIDQE:0.33544303797468356	LLMTDDLS:0.2088607594936709	VIKHIPGH:0.22151898734177214	IKHIPGHG:0.2911392405063291	GLLMTDDL:0.21518987341772153	PVIKHIPG:0.22151898734177214	LMTDDLSM:0.2088607594936709	DVVLHCNG:0.23417721518987342	
