cluster number:149
GH3:1562	GH3:1562|3.2.1.52:3
FDGVIFSD:0.31690140845070425	DGVIFSDD:0.322663252240717	LSFAPVLD:0.2900128040973111	IFSDDLSM:0.5761843790012804	AVDQEGGR:0.4833546734955186	VIFSDDLS:0.44494238156209986	DQEGGRVQ:0.6370038412291933	SFAPVLDL:0.33674775928297057	AVMPAHVI:0.24647887323943662	QEGGRVQR:0.6370038412291933	TGKHFPGH:0.5966709346991037	VDQEGGRV:0.6306017925736236	VMPAHVIY:0.352752880921895	EGGRVQRL:0.2087067861715749	GVIFSDDL:0.5428937259923176	GKHFPGHG:0.9545454545454546	DLSFAPVL:0.2900128040973111	MPAHVIYP:0.33162612035851474	AIMPAHVI:0.26248399487836105	MILVCNNR:0.20806658130601793	LVVAVDQE:0.21510883482714468	IMPAHVIY:0.2848911651728553	DMILVCNN:0.20998719590268886	MDIDISFA:0.23047375160051217	RVQRFREG:0.293854033290653	LSMEGAAI:0.22471190781049935	SAAIGERS:0.2176696542893726	GAVSVLDN:0.234955185659411	MIAMDIDI:0.20358514724711907	GAAIMGSY:0.21638924455825864	LDAEEREI:0.22727272727272727	SLDAGCDM:0.20486555697823303	TRLPAAQS:0.21510883482714468	ISFAPVLD:0.29769526248399486	DIDISFAP:0.27784891165172854	RELVRQIR:0.23751600512163892	ELDAEERE:0.22215108834827144	MEGAAIMG:0.24647887323943662	AIMGSYAE:0.20166453265044815	IAMDIDIS:0.20422535211267606	SDDLSMEG:0.352112676056338	EMIAMDID:0.20998719590268886	GMKTTGKH:0.22791293213828426	AMDIDISF:0.21510883482714468	SMEGAAIM:0.22151088348271447	IMGSYAER:0.20358514724711907	DAGCDMIL:0.2439180537772087	TTGKHFPG:0.3380281690140845	VAVDQEGG:0.22727272727272727	EGAAIMGS:0.22919334186939821	KHFPGHGA:0.30985915492957744	IDISFAPV:0.28681177976952626	RLPAAQSF:0.20678617157490398	FSDDLSME:0.4154929577464789	MKTTGKHF:0.22791293213828426	LVGGLILF:0.24519846350832267	LRELVRQI:0.23751600512163892	EGGRVQRF:0.7183098591549296	VVAVDQEG:0.21510883482714468	DLSMEGAA:0.2772087067861716	GCDMILVC:0.28425096030729835	FTRLPAAQ:0.23047375160051217	AGCDMILV:0.28425096030729835	VSVLDNLS:0.21702944942381563	GRVQRFRE:0.31946222791293216	QLRELVRQ:0.23815620998719592	DAEEREIL:0.2259923175416133	GFTRLPAA:0.23175416133162613	PLVGGLIL:0.24519846350832267	DISFAPVL:0.29769526248399486	GGRVQRFR:0.6203585147247119	LDAIMPAH:0.24775928297055058	AAIMGSYA:0.2093469910371319	AGMKTTGK:0.22791293213828426	GGLILFTR:0.23815620998719592	CDMILVCN:0.28425096030729835	GLILFTRN:0.2765685019206146	HFPGHGAV:0.3034571062740077	HPLVGGLI:0.24839948783610755	EGFTRLPA:0.20806658130601793	SVLDNLSP:0.21959026888604352	LDAGCDMI:0.2439180537772087	QRFREGFT:0.25032010243277847	KTTGKHFP:0.22791293213828426	ADSHKETP:0.2714468629961588	LPAAQSFA:0.2029449423815621	DDLSMEGA:0.352752880921895	DAIMPAHV:0.2439180537772087	VGGLILFT:0.23623559539052497	VQRFREGF:0.293213828425096	AVSVLDNL:0.234955185659411	DHEGGRVQ:0.32842509603072984	VDHEGGRV:0.293854033290653	HEGGRVQR:0.32842509603072984	CGKHFPGH:0.25416133162612037	AVDHEGGR:0.2234314980793854	SFTPVLDL:0.21959026888604352	IAVDHEGG:0.2087067861715749	
