cluster number:42
GH3:11	GH3:11
SIGVDQEG:0.36363636363636365	FTIDFAPD:0.2727272727272727	IGVDQEGG:0.45454545454545453	AKTTPATL:0.2727272727272727	KGQPVSIG:0.2727272727272727	VMMGHIGL:0.36363636363636365	LAGSLIIG:0.2727272727272727	TDALNMKA:0.36363636363636365	LPDAKTTP:0.36363636363636365	MMGHIGLP:0.36363636363636365	KHFPGHGR:0.36363636363636365	SAKHFPGH:0.36363636363636365	GQPVSIGV:0.36363636363636365	GVIVMGYN:0.2727272727272727	ELAGSLII:0.2727272727272727	TDLGFTID:0.36363636363636365	PDAKTTPA:0.2727272727272727	EGGPVSRL:0.36363636363636365	LGFTIDFA:0.36363636363636365	GHIGLPDA:0.36363636363636365	VDQEGGPV:0.5454545454545454	DAKTTPAT:0.2727272727272727	IGLPDAKT:0.36363636363636365	QPVSIGVD:0.36363636363636365	GVPMVMMG:0.2727272727272727	SSAKHFPG:0.36363636363636365	VSIGVDQE:0.36363636363636365	NLTDLGFT:0.36363636363636365	GSLIIGTW:0.2727272727272727	QEGGPVSR:0.36363636363636365	VPMVMMGH:0.2727272727272727	LTDLGFTI:0.36363636363636365	PVSIGVDQ:0.36363636363636365	MVMMGHIG:0.36363636363636365	AGVPMVMM:0.2727272727272727	DLGFTIDF:0.36363636363636365	AKHFPGHG:0.5454545454545454	ALAAGADI:0.2727272727272727	ALPFPPLM:0.36363636363636365	KTTPATLN:0.2727272727272727	DALNMKAV:0.36363636363636365	PMVMMGHI:0.36363636363636365	GGPVSRLS:0.36363636363636365	AGSLIIGT:0.2727272727272727	DQEGGPVS:0.36363636363636365	HIGLPDAK:0.36363636363636365	GVDQEGGP:0.5454545454545454	MGHIGLPD:0.36363636363636365	GGVIVMGY:0.2727272727272727	GFTIDFAP:0.36363636363636365	HFPGHGRL:0.36363636363636365	GLPDAKTT:0.36363636363636365	DADVTTGP:0.2727272727272727	FAPDADVT:0.5454545454545454	MVFAPDAD:0.36363636363636365	AGQVIVAR:0.2727272727272727	VFAPDADV:0.36363636363636365	FPGHGSVP:0.2727272727272727	EGGTVARI:0.2727272727272727	HGSVPADS:0.2727272727272727	PDADVTTG:0.45454545454545453	DQEGGTVA:0.2727272727272727	APDADVTT:0.45454545454545453	TMVFAPDA:0.36363636363636365	KHFPGHGS:0.5454545454545454	QEGGTVAR:0.2727272727272727	HFPGHGSV:0.45454545454545453	PGHGSVPA:0.2727272727272727	GHGSVPAD:0.2727272727272727	GSVPADSH:0.2727272727272727	SHESLPVS:0.2727272727272727	GGVASSAK:0.2727272727272727	AKWLKGDL:0.2727272727272727	GTDSISIV:0.2727272727272727	VAKWLKGD:0.2727272727272727	AEVAVGTA:0.2727272727272727	TDSISIVG:0.2727272727272727	VTAYDSNP:0.2727272727272727	AVTAYDSN:0.2727272727272727	QNLTDLGF:0.2727272727272727	GTAAPWTM:0.2727272727272727	DSISIVGG:0.2727272727272727	VGTAAPWT:0.2727272727272727	AVAKWLKG:0.2727272727272727	ASSAKHFP:0.2727272727272727	AVGTAAPW:0.2727272727272727	GVASSAKH:0.2727272727272727	TSAEVAVG:0.2727272727272727	VAVGTAAP:0.2727272727272727	EVAVGTAA:0.2727272727272727	VASSAKHF:0.2727272727272727	SAEVAVGT:0.2727272727272727	SLTVLKGE:0.2727272727272727	TAAPWTMR:0.2727272727272727	DSHESLPV:0.2727272727272727	LTVLKGEC:0.2727272727272727	
