cluster number:32
GH3:86	GH3:86|3.2.1.-:1|3.2.1.52:1
VLDVNNNP:0.3372093023255814	PVIGVRSF:0.3023255813953488	APVLDVNN:0.3372093023255814	NPVIGVRS:0.7325581395348837	HFPGHGDT:0.8488372093023255	PVLDVNNN:0.3488372093023256	KHFPGHGD:0.8604651162790697	VIGVRSFG:0.2558139534883721	VIGVRSYG:0.38372093023255816	ATAKHFPG:0.3023255813953488	TAKHFPGH:0.3023255813953488	IGVRSYGE:0.23255813953488372	AKHFPGHG:0.43023255813953487	PVIGVRSY:0.43023255813953487	FPGHGDTS:0.3023255813953488	DQEGGMVT:0.2558139534883721	QEGGMVTR:0.2558139534883721	IDQEGGMV:0.45348837209302323	IGVRSFGE:0.22093023255813954	PGHGDTSV:0.22093023255813954	HGDTSVDS:0.22093023255813954	GHGDTSVD:0.22093023255813954	QEGGMVAR:0.23255813953488372	GDTSVDSH:0.22093023255813954	DQEGGMVA:0.23255813953488372	EGGMVARI:0.22093023255813954	
