cluster number:91
GH3:90	GH3:90|3.2.1.21:2|3.2.1.37:1
VKHWVGYG:0.5555555555555556	DIARQEYR:0.35555555555555557	IARQEYRA:0.35555555555555557	MALSPQAD:0.2111111111111111	EYRAVGIH:0.36666666666666664	RFGDIARQ:0.25555555555555554	KHWVGYGA:0.6	RQEYRAVG:0.5	QEYRAVGI:0.4888888888888889	FGDIARQE:0.37777777777777777	VVKHWVGY:0.45555555555555555	AGIDQFGG:0.32222222222222224	GDIARQEY:0.37777777777777777	ARQEYRAV:0.35555555555555557	INGTFGED:0.34444444444444444	KAGLMMHG:0.28888888888888886	WPETLGLA:0.3333333333333333	EALSPQAD:0.4	LSPQADLA:0.5444444444444444	LDRPAILT:0.35555555555555557	LGLFENPY:0.2	GVDQFGGV:0.34444444444444444	QADLATEP:0.5333333333333333	QWPETLGL:0.2	SQWPETLG:0.24444444444444444	SVYLDRPA:0.2	ETLGLAAI:0.32222222222222224	GKLPFELP:0.4222222222222222	ALSPQADL:0.6222222222222222	VYLDRPAI:0.4	TFITRMAG:0.2	LGLAAIGD:0.32222222222222224	GLFENPYV:0.37777777777777777	YLDRPAIL:0.43333333333333335	LTPYEDWR:0.23333333333333334	LPFELPSS:0.7444444444444445	TPYEDWRL:0.23333333333333334	PETLGLAA:0.3333333333333333	DLATEPRW:0.6222222222222222	TLGLAAIG:0.32222222222222224	NTFITRMA:0.2	STDPRNHF:0.34444444444444444	PQADLATE:0.5333333333333333	LFENPYVD:0.3888888888888889	SPQADLAT:0.5111111111111111	AGVDQFGG:0.3888888888888889	RINGTFGE:0.34444444444444444	ADLATEPR:0.5666666666666667	KLPFELPS:0.5333333333333333	VNTFITRM:0.2	AGLMMHGT:0.25555555555555554	FSQWPETL:0.25555555555555554	FELPSSMA:0.24444444444444444	PFELPSSM:0.5	RPAILTNV:0.2777777777777778	PYEDWRLS:0.25555555555555554	DRPAILTN:0.26666666666666666	LLTDLLRG:0.23333333333333334	EYRAVGIT:0.2111111111111111	ISTDPRNH:0.2	TISTDPRN:0.24444444444444444	SKWPETLG:0.2111111111111111	EKAGVMMH:0.23333333333333334	PFTGAFEA:0.2	GVMMHGSA:0.2	AGVMMHGS:0.2	FSKWPETL:0.2111111111111111	HWVGYGAA:0.3333333333333333	VMMHGSAP:0.2	KAGVMMHG:0.23333333333333334	ILSDWLIT:0.2111111111111111	GVILSDWL:0.2222222222222222	VILSDWLI:0.2222222222222222	PYEDWRLP:0.2	
