cluster number:85
GH3:81	GH3:81|3.2.1.21:1
FESFSEDP:0.4691358024691358	NAGLDLEM:0.345679012345679	GLDLEMPG:0.7037037037037037	INAGLDLE:0.20987654320987653	FGHGLSYT:0.6419753086419753	PFGHGLSY:0.5185185185185185	DGLVMSDW:0.25925925925925924	AGLDLEMP:0.654320987654321	RALREIYL:0.4074074074074074	FPFGHGLS:0.4074074074074074	LGGRGFES:0.4567901234567901	SIVLLKNE:0.2345679012345679	QRSPLGGR:0.37037037037037035	RSPLGGRG:0.2839506172839506	HGLSYTTF:0.43209876543209874	GHGLSYTT:0.41975308641975306	CGGGSASL:0.2222222222222222	PLGGRGFE:0.4567901234567901	LFPFGHGL:0.24691358024691357	SDGPNGVR:0.41975308641975306	VNPSGKLP:0.20987654320987653	DGPNGVRG:0.4444444444444444	HFVCNDQE:0.24691358024691357	GGRGFESF:0.35802469135802467	KHFVCNDQ:0.2345679012345679	ESIVLLKN:0.24691358024691357	GPNGVRGT:0.30864197530864196	SPLGGRGF:0.2839506172839506	QSGTPVTM:0.20987654320987653	WYGGNETG:0.2962962962962963	PCGTALGA:0.20987654320987653	NPSGKLSL:0.2222222222222222	ERALREIY:0.2222222222222222	NETGNAIA:0.2345679012345679	GNETGNAI:0.2345679012345679	LDLEMPGP:0.5432098765432098	ETGNAIAD:0.2345679012345679	DLEMPGPT:0.35802469135802467	YGGNETGN:0.24691358024691357	AWYGGNET:0.25925925925925924	DWFGTYST:0.2716049382716049	SDWFGTYS:0.3333333333333333	RGFESFSE:0.2839506172839506	GFESFSED:0.2839506172839506	MSDWFGTY:0.2962962962962963	GRGFESFS:0.2839506172839506	GLVMSDWF:0.20987654320987653	LEMPGPTR:0.2222222222222222	LVMSDWFG:0.20987654320987653	
