cluster number:145
GH3:45	GH3:45
HFAANNQE:0.3111111111111111	ERALREIY:0.4222222222222222	KHFAANNQ:0.3111111111111111	DDKVRRIL:0.26666666666666666	FGYGLSYT:0.3111111111111111	GRNFEYLS:0.2	VGYRYYDT:0.26666666666666666	NFEYLSED:0.2	RALREIYL:0.3111111111111111	GSSSRDIR:0.2	AEEGIVLL:0.2	RNFEYLSE:0.2	SDGPHGVR:0.24444444444444444	EGIVLLKN:0.2	KDIILGPG:0.2	EIYLPGFK:0.2	SERALREI:0.28888888888888886	FEYLSEDP:0.2	GKDIILGP:0.2222222222222222	ALREIYLP:0.3111111111111111	RGKDIILG:0.2222222222222222	AACVKHFA:0.24444444444444444	KRSPLCGR:0.2	SDGPMGVR:0.2	PLCGRNFE:0.28888888888888886	DVAACVKH:0.2	ARGRGKDV:0.24444444444444444	GRGKDVIL:0.24444444444444444	SPLCGRNF:0.26666666666666666	LCGRNFEY:0.28888888888888886	RSPLCGRN:0.26666666666666666	EARGRGKD:0.3333333333333333	RGRGKDVI:0.24444444444444444	ESIVLLKN:0.24444444444444444	VAACVKHF:0.26666666666666666	VGYRYFDT:0.2	VNPSGKLP:0.4222222222222222	MEGGTALA:0.2	FGHGLSYT:0.4666666666666667	GMEGGTAL:0.2	GKVNPSGK:0.2	KVNPSGKL:0.2222222222222222	DIYVGYRY:0.2	MSDWGAVH:0.2	RNFEYMSE:0.2222222222222222	CGRNFEYM:0.2222222222222222	FEYMSEDP:0.28888888888888886	GRNFEYMS:0.2222222222222222	NFEYMSED:0.2222222222222222	GVPRLGIP:0.24444444444444444	
