cluster number:68
GH3:41	GH3:41|2.4.1.-:2|3.2.1.21:1|3.2.1.52:1
LESGGNGI:0.34146341463414637	IPVIKHFP:0.2682926829268293	FRNPITNT:0.34146341463414637	NAGIDMIL:0.3902439024390244	TINAGIDM:0.3902439024390244	KHFPGDGV:0.7804878048780488	YQPGGMMY:0.2682926829268293	KYQPGGMM:0.2682926829268293	FAPIVDID:0.3170731707317073	ANPYHLFD:0.2682926829268293	ETASNQTT:0.4146341463414634	TANPYHLF:0.2682926829268293	NKNIDEDY:0.36585365853658536	VSTFINAY:0.2682926829268293	LQMAATDD:0.2682926829268293	PVDPFCGD:0.3170731707317073	QTTTRLDW:0.2926829268292683	NMSFAPIV:0.34146341463414637	DMILFNKN:0.36585365853658536	PITNTRTF:0.34146341463414637	VTLVKDRD:0.4146341463414634	TFINAYTG:0.2926829268292683	HIMQPAWE:0.2926829268292683	PVIKHFPG:0.34146341463414637	DERDQHLV:0.21951219512195122	FPGDGVDE:0.4878048780487805	GVDERDQH:0.4634146341463415	GQLFFVIG:0.4146341463414634	ITDATPMI:0.24390243902439024	ATPMIGYN:0.24390243902439024	PGGMMYRP:0.3170731707317073	TPMIGYNA:0.21951219512195122	QLFFVIGQ:0.36585365853658536	FFVIGQDE:0.3170731707317073	GGMMYRPD:0.2682926829268293	MILFNKNI:0.36585365853658536	GLAITDAT:0.21951219512195122	DATPMIGY:0.24390243902439024	ILFNKNID:0.36585365853658536	SFAPIVDI:0.36585365853658536	IKHFPGDG:0.6829268292682927	FFAANLES:0.3170731707317073	DGVDERDQ:0.4634146341463415	NFRNPITN:0.4634146341463415	TASNQTTT:0.4146341463414634	ASNQTTTR:0.4146341463414634	TDATPMIG:0.24390243902439024	ITNTRTFG:0.34146341463414637	LFNKNIDE:0.36585365853658536	VIKHFPGD:0.34146341463414637	QPGGMMYR:0.2682926829268293	GIDMILFN:0.3902439024390244	FNKNIDED:0.36585365853658536	NPITNTRT:0.36585365853658536	IDMILFNK:0.3902439024390244	TTTRLDWI:0.24390243902439024	MSFAPIVD:0.34146341463414637	FAANLESG:0.3170731707317073	GDGVDERD:0.4634146341463415	IMQPAWER:0.2682926829268293	PLFFAANL:0.24390243902439024	NTRTFGSD:0.3902439024390244	RNPITNTR:0.34146341463414637	IPTVFIST:0.21951219512195122	TNTRTFGS:0.3170731707317073	NLESGGNG:0.36585365853658536	PGDGVDER:0.4634146341463415	ANLESGGN:0.36585365853658536	AANLESGG:0.34146341463414637	PLQMAATD:0.2682926829268293	AGIDMILF:0.3902439024390244	VDERDQHL:0.43902439024390244	HFPGDGVD:0.7804878048780488	STFINAYT:0.2926829268292683	LFFAANLE:0.24390243902439024	STANPYHL:0.36585365853658536	VDPFCGDF:0.21951219512195122	FINAYTGN:0.2682926829268293	SNQTTTRL:0.3902439024390244	INAGIDMI:0.3902439024390244	LFFVIGQD:0.36585365853658536	NQTTTRLD:0.2926829268292683	SPVDPFCG:0.36585365853658536	GKSPVDPF:0.3170731707317073	KSPVDPFC:0.2926829268292683	AGCDMFLF:0.21951219512195122	DERDQHLL:0.3170731707317073	DDGGFKEG:0.2926829268292683	DGGFKEGG:0.2926829268292683	PGDGVDDR:0.21951219512195122	LPATINAG:0.3170731707317073	FPGDGVDD:0.21951219512195122	VETASNQT:0.3170731707317073	SVTLVKDR:0.2926829268292683	VANVETAS:0.21951219512195122	MIAHIMQP:0.21951219512195122	YVANVETA:0.21951219512195122	GDGVDDRD:0.21951219512195122	NVETASNQ:0.3170731707317073	PATINAGI:0.2926829268292683	IAHIMQPA:0.21951219512195122	ANVETASN:0.2926829268292683	NSLSADDW:0.21951219512195122	ATINAGID:0.2926829268292683	NFRNPIMN:0.24390243902439024	AHIMQPAW:0.21951219512195122	SIKHFPGD:0.24390243902439024	KIGQLFFV:0.24390243902439024	RDQHLLSS:0.2682926829268293	IGQLFFVI:0.24390243902439024	ERDQHLLS:0.24390243902439024	EKIGQLFF:0.24390243902439024	
