cluster number:92
GH3:53	GH3:53|CBM32:5|CBM13:4|3.2.1.21:3|CBM6:2
LFPFGYGL:0.22641509433962265	SEDPYLAG:0.20754716981132076	PFGYGLSY:0.49056603773584906	FGYGLSYT:0.49056603773584906	FPFGYGLS:0.4716981132075472	LGGRGFES:0.3584905660377358	GRVLYGED:0.37735849056603776	FESFSEDP:0.41509433962264153	GTPVEMPW:0.22641509433962265	YLEPFRLA:0.32075471698113206	QRGPLGGR:0.33962264150943394	YCGGGSAS:0.22641509433962265	HFVCNDLE:0.2830188679245283	REIYLEPF:0.41509433962264153	VRVSDGPN:0.20754716981132076	RALREIYL:0.49056603773584906	PLGGRGFE:0.3584905660377358	NPSGKLSL:0.2830188679245283	RVLYGEDI:0.2641509433962264	AIADVLFG:0.22641509433962265	NQSGTPVE:0.3584905660377358	SDGPNGVR:0.2830188679245283	GLDLEMPG:0.2641509433962264	IVNQSGTP:0.22641509433962265	ALREIYLE:0.41509433962264153	GKLSLSWP:0.20754716981132076	ANPNTVIV:0.2641509433962264	DNPAYLNF:0.2830188679245283	LREIYLEP:0.41509433962264153	RVSDGPNG:0.2830188679245283	RGFESFSE:0.39622641509433965	IADVLFGD:0.2830188679245283	NTVIVNQS:0.20754716981132076	GPLGGRGF:0.3018867924528302	GFESFSED:0.39622641509433965	ERALREIY:0.3584905660377358	DGPNGVRG:0.2830188679245283	GNAIADVL:0.3018867924528302	LGPTTNMQ:0.22641509433962265	GGRGFESF:0.41509433962264153	RGPLGGRG:0.3018867924528302	TTNMQRGP:0.22641509433962265	TNMQRGPL:0.20754716981132076	MQRGPLGG:0.24528301886792453	KHFVCNDL:0.2830188679245283	NMQRGPLG:0.24528301886792453	GYRYYEKL:0.20754716981132076	GPTTNMQR:0.22641509433962265	VNQSGTPV:0.32075471698113206	LEPFRLAV:0.22641509433962265	PTTNMQRG:0.22641509433962265	GPNGVRGT:0.2641509433962264	GRGFESFS:0.39622641509433965	TVIVNQSG:0.20754716981132076	IYLEPFRL:0.32075471698113206	PNTVIVNQ:0.2641509433962264	NPNTVIVN:0.2641509433962264	EPFRLAVK:0.22641509433962265	WESEGYDR:0.20754716981132076	EIYLEPFR:0.41509433962264153	PSGKLSLS:0.22641509433962265	GDVNPSGK:0.37735849056603776	PFGFGLSY:0.3584905660377358	PLFPFGFG:0.20754716981132076	LFPFGFGL:0.20754716981132076	FGFGLSYT:0.3584905660377358	DVNPSGKL:0.37735849056603776	FPFGFGLS:0.3018867924528302	SDGPNGIR:0.32075471698113206	AFPFGYGL:0.22641509433962265	VSDGPNGI:0.22641509433962265	GPNGIRGT:0.33962264150943394	VKHFVCND:0.20754716981132076	ATVKHFVC:0.20754716981132076	TVKHFVCN:0.20754716981132076	DGPNGIRG:0.33962264150943394	AVIGPNAK:0.2830188679245283	IAVIGPNA:0.2641509433962264	YGGNELGN:0.20754716981132076	VLFGDVNP:0.33962264150943394	FVCNDLED:0.20754716981132076	QAWYGGNE:0.22641509433962265	AYCGGGSA:0.20754716981132076	ESEGFDRP:0.20754716981132076	NGEHVSQS:0.33962264150943394	VNGEHVSQ:0.22641509433962265	VNPSGKLS:0.24528301886792453	YNKVNGEH:0.24528301886792453	KVNGEHVS:0.22641509433962265	LFGDVNPS:0.33962264150943394	FGDVNPSG:0.33962264150943394	NKVNGEHV:0.22641509433962265	SIVLLKNE:0.20754716981132076	GGNELGNA:0.24528301886792453	NELGNAIA:0.22641509433962265	ELGNAIAD:0.22641509433962265	ESFSEDPY:0.20754716981132076	GNELGNAI:0.22641509433962265	SFSEDPYL:0.20754716981132076	LGNAIADV:0.22641509433962265	GYGLSYTT:0.2641509433962264	YGLSYTTF:0.24528301886792453	
