cluster number:25
GH3:57	GH3:57
GDRSYSDD:0.24561403508771928	DLSGMQAI:0.22807017543859648	QTYQMALE:0.22807017543859648	KLAQLLNV:0.3333333333333333	SGDSHTGA:0.5087719298245614	DVSSQPDD:0.40350877192982454	DDSVIGDR:0.5087719298245614	DVPRVLDH:0.3508771929824561	IGGIFVGS:0.3684210526315789	SHTGAVTT:0.3157894736842105	TVNFAPDV:0.2631578947368421	IFVGSWTD:0.47368421052631576	VSSQPDDS:0.3508771929824561	VTIDEEGG:0.7017543859649122	VIGDRSYS:0.3508771929824561	LKDLGVTV:0.21052631578947367	GVTGTADA:0.22807017543859648	DSHTGAVT:0.40350877192982454	GIFVGSWT:0.49122807017543857	GPIFTDDL:0.42105263157894735	VNFAPDVD:0.2631578947368421	GHLEVPGL:0.2631578947368421	LWLTTDDV:0.2807017543859649	YQMALERG:0.22807017543859648	QLLNVGVT:0.40350877192982454	VDVSSQPD:0.45614035087719296	AQLLNVGV:0.40350877192982454	ASGDSHTG:0.3508771929824561	GRGLKDLG:0.2807017543859649	LLNVGVTG:0.38596491228070173	IGDRSYSD:0.2631578947368421	EGGRVSRV:0.5789473684210527	ALWLTTDD:0.2807017543859649	EQTYQMAL:0.22807017543859648	GMQAITDR:0.22807017543859648	KHFPGHGS:0.6140350877192983	GDSHTGAV:0.5087719298245614	TGAVTTPP:0.2982456140350877	PRVLDHLE:0.3508771929824561	TIDEEGGR:0.7017543859649122	ALERGRGL:0.2631578947368421	HLEVPGLT:0.2631578947368421	TTDDVPRV:0.2982456140350877	PLMVTIDE:0.5964912280701754	LTTDDVPR:0.2807017543859649	PDVDVSSQ:0.45614035087719296	SGMQAITD:0.22807017543859648	VIKHFPGH:0.40350877192982454	IFTDDLSG:0.49122807017543857	PGHGSASG:0.42105263157894735	NFAPDVDV:0.2631578947368421	RDAGILPV:0.22807017543859648	QAITDRYD:0.22807017543859648	VGVTGTAD:0.22807017543859648	PDDSVIGD:0.49122807017543857	DDVPRVLD:0.3508771929824561	DVDVSSQP:0.45614035087719296	PVIKHFPG:0.3684210526315789	IDEEGGRV:0.7719298245614035	LSGMQAIT:0.22807017543859648	EEGGRVSR:0.8070175438596491	FPGHGSAS:0.42105263157894735	FAPDVDVS:0.42105263157894735	HFPGHGSA:0.42105263157894735	SSQPDDSV:0.3508771929824561	QPDDSVIG:0.49122807017543857	DDLSGMQA:0.22807017543859648	GGIFVGSW:0.49122807017543857	GHGSASGD:0.42105263157894735	AITDRYDI:0.24561403508771928	PIFTDDLS:0.3684210526315789	HGSASGDS:0.42105263157894735	SQPDDSVI:0.38596491228070173	ERGRGLKD:0.24561403508771928	LMVTIDEE:0.5964912280701754	QMALERGR:0.22807017543859648	GSASGDSH:0.42105263157894735	APDVDVSS:0.45614035087719296	TDDLSGMQ:0.22807017543859648	WLTTDDVP:0.2807017543859649	VPRVLDHL:0.3508771929824561	SVIGDRSY:0.2807017543859649	GAVTTPPL:0.24561403508771928	LPLMVTID:0.3684210526315789	LERGRGLK:0.24561403508771928	MALERGRG:0.2631578947368421	SASGDSHT:0.2982456140350877	LNVGVTGT:0.3333333333333333	FTDDLSGM:0.7192982456140351	RGRGLKDL:0.2807017543859649	TDDVPRVL:0.3508771929824561	DEEGGRVS:0.8070175438596491	DRSYSDDP:0.24561403508771928	HTGAVTTP:0.3157894736842105	MVTIDEEG:0.6842105263157895	LAQLLNVG:0.40350877192982454	TYQMALER:0.22807017543859648	MQAITDRY:0.22807017543859648	DSVIGDRS:0.543859649122807	IKHFPGHG:0.40350877192982454	VGVMLGHL:0.22807017543859648	KHFPGHGH:0.21052631578947367	GGIFIGSW:0.2631578947368421	GITVDFAP:0.21052631578947367	PASISPAA:0.3333333333333333	VFTDDLSG:0.22807017543859648	HLDVPGLT:0.38596491228070173	IGDRSFSD:0.3508771929824561	GHLDVPGL:0.38596491228070173	VIGDRSFS:0.6140350877192983	LGVTVDFA:0.21052631578947367	SVIGDRSF:0.3333333333333333	GDRSFSDD:0.3333333333333333	DRSFSDDP:0.3333333333333333	AGVDQALW:0.21052631578947367	TDDLSGMR:0.22807017543859648	GVTVDFAP:0.2982456140350877	GVDQALWL:0.21052631578947367	DDLSGMRA:0.22807017543859648	FDGPIFTD:0.21052631578947367	DGPIFTDD:0.21052631578947367	GIFIGSWT:0.24561403508771928	MVGHLDVP:0.24561403508771928	VMVGHLDV:0.22807017543859648	KLAQLLTV:0.21052631578947367	AQLLTVGV:0.2631578947368421	LAQLLTVG:0.2807017543859649	RQKLAQLL:0.43859649122807015	IFIGSWTD:0.24561403508771928	VGHLDVPG:0.24561403508771928	DDLSGMAA:0.22807017543859648	DLSGMAAI:0.22807017543859648	LGPDPSAR:0.21052631578947367	QKLAQLLN:0.21052631578947367	LRQKLAQL:0.24561403508771928	
