cluster number:74
GH3:26	GH3:26|GH26:1
IGSFLHVL:0.4230769230769231	QTAKEMRA:0.23076923076923078	SVTRPVKE:0.23076923076923078	IVQLYIRD:0.2692307692307692	IDAIHGNA:0.4230769230769231	GSFLHVLT:0.5	GMDMHMHG:0.4230769230769231	GIDAIHGN:0.6153846153846154	MIYNHKPS:0.23076923076923078	EIVQLYIR:0.2692307692307692	GETYGEDP:0.4230769230769231	TRPVKELK:0.5769230769230769	GGQAVAEI:0.34615384615384615	VSDWMDIE:0.38461538461538464	SIVLLKND:0.34615384615384615	GQAVAEIL:0.2692307692307692	IVLLKNDG:0.3076923076923077	KFRLGLFE:0.2692307692307692	SSVTRPVK:0.23076923076923078	RWGRVGET:0.5384615384615384	VTRPVKEL:0.2692307692307692	PRWGRTGE:0.2692307692307692	MDMHMHGP:0.2692307692307692	ARDPRWGR:0.23076923076923078	ILTAKFKL:0.2692307692307692	GETFGEDP:0.46153846153846156	DPRWGRTG:0.2692307692307692	RDPRWGRT:0.2692307692307692	RWGRTGET:0.2692307692307692	PFGFGLSY:0.2692307692307692	RDPRWGRV:0.38461538461538464	DPRWGRVG:0.38461538461538464	SFLHVLTA:0.23076923076923078	FKLGLFEN:0.3076923076923077	IGIDAIHG:0.5	KILTAKFK:0.23076923076923078	RPVKELKG:0.3076923076923077	LRDPRWGR:0.38461538461538464	RVGETFGE:0.34615384615384615	LIGIDAIH:0.46153846153846156	QMNQFVGL:0.23076923076923078	TAKEMRAT:0.23076923076923078	TAKFKLGL:0.23076923076923078	VNPSGKLP:0.2692307692307692	AKFKLGLF:0.3076923076923077	SIMAAHNE:0.3076923076923077	PVKELKGY:0.3076923076923077	NPSGKLPL:0.3076923076923077	AGMDMHMH:0.2692307692307692	GRVGETFG:0.34615384615384615	LTAKFKLG:0.23076923076923078	TGPNANNQ:0.23076923076923078	PSGKLPLT:0.3076923076923077	FGFGLSYT:0.3076923076923077	PRWGRVGE:0.38461538461538464	KVIACAKH:0.23076923076923078	KIGSFLHV:0.2692307692307692	KFKLGLFE:0.34615384615384615	VGETFGED:0.34615384615384615	GKIGSFLH:0.2692307692307692	KEMRATGS:0.23076923076923078	WGRVGETF:0.34615384615384615	AKEMRATG:0.2692307692307692	LGLFENPY:0.23076923076923078	ETFGEDPY:0.3076923076923077	IPLLIGID:0.34615384615384615	TFGEDPYL:0.2692307692307692	PFGYGLSY:0.23076923076923078	LLIGIDAI:0.34615384615384615	PLLIGIDA:0.34615384615384615	VLRDPRWG:0.3076923076923077	TPNIDVLR:0.3076923076923077	FTPNIDVL:0.3076923076923077	DVLRDPRW:0.3076923076923077	IDVLRDPR:0.3076923076923077	NIDVLRDP:0.3076923076923077	PNIDVLRD:0.3076923076923077	LKIPLLIG:0.23076923076923078	DLMSRMTL:0.23076923076923078	KIPLLIGI:0.23076923076923078	
