cluster number:177
GH3:35	GH3:35|3.2.1.21:1
LEEKVGQM:0.6	MTLEEKVG:0.4857142857142857	AQMTLEEK:0.2	VNPSGKLP:0.6	DDAVRRIL:0.2857142857142857	RIDDAVRR:0.37142857142857144	FGHGLSYT:0.2857142857142857	QMTLEEKV:0.37142857142857144	TLEEKVGQ:0.5142857142857142	IDDAVRRI:0.22857142857142856	GDVNPSGK:0.4	GKLPYTYP:0.4857142857142857	ITAYETRA:0.42857142857142855	VIYGIDAI:0.37142857142857144	AVVQTYLP:0.2	YLPGNFGG:0.4	LCLGENSY:0.2571428571428571	EEKVGQMA:0.2857142857142857	TYLPGNFG:0.2571428571428571	LPGNFGGD:0.37142857142857144	SMRTLNGG:0.2	YSWQGEKV:0.2571428571428571	VLNEGRPR:0.37142857142857144	SGKDRTPA:0.42857142857142855	ILVLNEGR:0.2857142857142857	NPSGKLPY:0.5428571428571428	SWQGEKVE:0.2	VSGKDRTP:0.22857142857142856	WQGEKVEE:0.2	AYETRASN:0.2	LVLNEGRP:0.37142857142857144	IYGIDAIH:0.37142857142857144	WSYSWQGE:0.2	GNFGGDAL:0.42857142857142855	IPVIYGID:0.37142857142857144	TAYETRAS:0.4857142857142857	QTYLPGNF:0.22857142857142856	NEGRPRLI:0.2	YGIDAIHG:0.5428571428571428	FGGDALAD:0.34285714285714286	PSGKLPYT:0.4857142857142857	QGEKVEEF:0.2	NFGGDALA:0.37142857142857144	LNEGRPRL:0.2	DAIHGTTY:0.22857142857142856	VQTYLPGN:0.22857142857142856	AINAGIDM:0.37142857142857144	GGDALADI:0.2	EKVGQMAQ:0.2857142857142857	GDALADIL:0.22857142857142856	VVQTYLPG:0.2	PVIYGIDA:0.37142857142857144	AIHGTTYT:0.22857142857142856	SGKLPYTY:0.4857142857142857	DVNPSGKL:0.4	PGNFGGDA:0.42857142857142855	ESITLLKN:0.42857142857142855	MRTLNGGW:0.2	ETRASSIP:0.2857142857142857	YETRASSI:0.3142857142857143	FSPVLDLG:0.2857142857142857	EEKVGQMT:0.37142857142857144	WNFSPVLD:0.2571428571428571	GIDMSMVP:0.2857142857142857	INAGIDMS:0.37142857142857144	EKVGQMTQ:0.4	TRASSIPW:0.2857142857142857	PWNFSPVL:0.22857142857142856	NAGIDMSM:0.4	ATMFPQQI:0.2857142857142857	AGIDMSMV:0.2857142857142857	KVGQMTQI:0.34285714285714286	GATMFPQQ:0.2571428571428571	MRTLNGAW:0.2571428571428571	AYETRASS:0.34285714285714286	NFSPVLDL:0.2	VILVLNEG:0.2	GFGLSYTT:0.2	KLPYTYPR:0.2	FGFGLSYT:0.2	FGLSYTTF:0.2	LNTANNRA:0.2	GRQPLWPR:0.2	GIDAIHGA:0.22857142857142856	DAIHGATY:0.2	LKIPVIYG:0.2	RLKIPVIY:0.2	WETYGEDV:0.2	IGRQPLWP:0.2	IDAIHGAT:0.2	FGDVNPSG:0.2	PNANSMRT:0.2571428571428571	PDVKRLRR:0.2	ANSMRTLN:0.2571428571428571	DVKRLRRF:0.2	NSMRTLNG:0.2571428571428571	GPNANSMR:0.2857142857142857	NANSMRTL:0.2571428571428571	AAESITLL:0.2	LVTGPNAN:0.2	WTYSWQGE:0.2571428571428571	RTLNGAWT:0.22857142857142856	TYSWQGEK:0.22857142857142856	MINSGIIN:0.22857142857142856	EGRPRVIS:0.2571428571428571	AESITLLK:0.2	LNGAWTYS:0.22857142857142856	EITAYETR:0.22857142857142856	AWTYSWQG:0.22857142857142856	NGAWTYSW:0.22857142857142856	TLNGAWTY:0.22857142857142856	GAWTYSWQ:0.22857142857142856	KRLRRFEK:0.2	
