cluster number:127
GH3:23	GH3:23
KHFPGHGS:0.782608695652174	CLKHFPGH:0.43478260869565216	LKHFPGHG:0.6086956521739131	IAVDQEGG:0.21739130434782608	HFPGHGSS:0.34782608695652173	HFPGHGSA:0.43478260869565216	EAGADILL:0.21739130434782608	VDQEGGRV:0.21739130434782608	ILLFGNNL:0.391304347826087	DILLFGNN:0.43478260869565216	AGADILLF:0.4782608695652174	ADILLFGN:0.391304347826087	GADILLFG:0.391304347826087	FAPVVDVN:0.21739130434782608	LGGVILFD:0.21739130434782608	VAVDQEGG:0.30434782608695654	FPGHGSAG:0.21739130434782608	ADMVMTAH:0.2608695652173913	GGVILFDY:0.2608695652173913	GVILFDYD:0.2608695652173913	VILFDYDV:0.21739130434782608	FNLDFAPV:0.21739130434782608	LDFAPVAD:0.21739130434782608	GFNLDFAP:0.21739130434782608	
