cluster number:150
GH3:45	GH3:45
LRHPAWGR:0.3333333333333333	RHPAWGRA:0.37777777777777777	NLLRHPAW:0.3111111111111111	LLRHPAWG:0.3111111111111111	GRAQETYG:0.2	AWGRAQET:0.2	HPAWGRAQ:0.37777777777777777	VKHFALNS:0.26666666666666666	EVYLPHFK:0.26666666666666666	GMEGGTAL:0.2	PAWGRAQE:0.37777777777777777	WGRAQETY:0.2	GMEGGTAI:0.3111111111111111	CVKHFAFN:0.2222222222222222	CINLPYNP:0.35555555555555557	EREVFLPH:0.2222222222222222	AVLIGGNM:0.2222222222222222	EWDFDGFV:0.28888888888888886	HDYLLNQV:0.2	DYLLNQVL:0.2222222222222222	ENVIACVK:0.2	YLLNQVLK:0.2222222222222222	PGMEGGTA:0.4	IVRTLLAF:0.3111111111111111	GGVCINLP:0.24444444444444444	FGGVCINL:0.26666666666666666	CGHHDYLL:0.24444444444444444	GHHDYLLN:0.24444444444444444	PGWGRSQE:0.4222222222222222	MAYYPGME:0.3333333333333333	HHDYLLNQ:0.24444444444444444	FDGFVISD:0.2222222222222222	DRKNSLGL:0.2	GGDRKNSL:0.2	RIVRTLLA:0.3111111111111111	YYPGMEGG:0.35555555555555557	GDHGSSRV:0.24444444444444444	KRTEREVF:0.2	ACVKHFAF:0.2222222222222222	DKRTEREV:0.3111111111111111	REVFLPHF:0.2222222222222222	GVCINLPY:0.35555555555555557	VCINLPYN:0.35555555555555557	IACVKHFA:0.2222222222222222	GDRKNSLG:0.2	TVEAANGG:0.2222222222222222	VIACVKHF:0.2222222222222222	NLPYNPGW:0.35555555555555557	EVFLPHFK:0.24444444444444444	LPYNPGWG:0.35555555555555557	AYYPGMEG:0.3333333333333333	VLIGGNMI:0.3111111111111111	PYNPGWGR:0.35555555555555557	TEREVFLP:0.2222222222222222	LIGGNMIM:0.3111111111111111	NVIACVKH:0.2222222222222222	NPGWGRSQ:0.37777777777777777	YPGMEGGT:0.4222222222222222	RKNSLGLH:0.2	RTEREVFL:0.2222222222222222	INLPYNPG:0.35555555555555557	HCGHHDYL:0.2	YNPGWGRS:0.35555555555555557	DGFVISDF:0.2222222222222222	YVITPLQG:0.2	GDVNPSGK:0.2222222222222222	KSTCFPVS:0.2	DGPRGVVC:0.2222222222222222	MLFCDGPR:0.2	CDGPRGVV:0.26666666666666666	GWGRSQET:0.28888888888888886	GFVMSDFI:0.2	MLRGATFD:0.2	MYVGFKNS:0.2222222222222222	QMYVGFKN:0.2222222222222222	FVVGYNYD:0.2222222222222222	FCDGPRGV:0.26666666666666666	FPVSMLRG:0.2222222222222222	IFVVGYNY:0.2222222222222222	YNYDDEGE:0.2222222222222222	SDFIWGVR:0.2	VITPLQGI:0.2	DGFVMSDF:0.2	VVGYNYDD:0.2222222222222222	VFLPHFKK:0.2	TLIKNENN:0.2	PYGFGLSY:0.24444444444444444	FDGFVMSD:0.2	QETYGEES:0.24444444444444444	CFPVSMLR:0.2222222222222222	VNPSGKLP:0.2222222222222222	VVQMYVGF:0.24444444444444444	GKSTCFPV:0.2222222222222222	AGAAAIMS:0.2	TCFPVSML:0.2222222222222222	VGYNYDDE:0.2222222222222222	TYGEESFH:0.2222222222222222	YVGFKNSS:0.2222222222222222	RSQETYGE:0.28888888888888886	AREGITLI:0.2	VGFKNSSV:0.2	ALRIVRTL:0.2222222222222222	SQETYGEE:0.24444444444444444	AVIFVVGY:0.24444444444444444	ITLIKNEN:0.2	VIFVVGYN:0.2	YYHGYTKL:0.2	DAVIFVVG:0.24444444444444444	ETYGEESF:0.2222222222222222	YGFGLSYT:0.24444444444444444	WGRSQETY:0.3111111111111111	NYDDEGEY:0.2222222222222222	PVSMLRGA:0.2222222222222222	EGITLIKN:0.2	FAGVCINL:0.2222222222222222	RPVKLLRG:0.24444444444444444	PVKLLRGF:0.24444444444444444	STCFPVSM:0.3111111111111111	GDEVVQMY:0.26666666666666666	AGVCINLP:0.2222222222222222	GYNYDDEG:0.2222222222222222	REGITLIK:0.2	DVNPSGKL:0.2222222222222222	EVVQMYVG:0.24444444444444444	LFCDGPRG:0.2222222222222222	VSMLRGAT:0.2	FGDVNPSG:0.2222222222222222	LRIVRTLL:0.2222222222222222	GRSQETYG:0.28888888888888886	DEVVQMYV:0.24444444444444444	VQMYVGFK:0.2222222222222222	SMLRGATF:0.2	FPVSMARG:0.2222222222222222	PVSMARGA:0.24444444444444444	GFGLSYTT:0.24444444444444444	NSMENARF:0.37777777777777777	SMENARFK:0.26666666666666666	MENARFKV:0.26666666666666666	ALHEVYLP:0.2	LNSMENAR:0.2	VNLLRHPA:0.2	LHEVYLPH:0.26666666666666666	HEVYLPHF:0.26666666666666666	CVNLLRHP:0.2	ALNSMENA:0.2	MACVKHFA:0.2	KHFALNSM:0.2	RLGIPGIR:0.2	LGIPGIRF:0.2	HFALNSME:0.2	
