cluster number:89
GH3:97	GH3:97
GVVITDDM:0.24742268041237114	ITDDMTMG:0.23711340206185566	DDMTMGAI:0.21649484536082475	VVKHFPGH:0.5670103092783505	HFPGHGDT:0.8865979381443299	FAPVLDIN:0.30927835051546393	KHFPGHGD:0.8865979381443299	APVLDINS:0.28865979381443296	VVITDDMT:0.24742268041237114	TDDMTMGA:0.23711340206185566	VLDINSNP:0.27835051546391754	VITDDMTM:0.24742268041237114	PVLDINSN:0.29896907216494845	VKHFPGHG:0.6185567010309279	VIGDRSFG:0.4020618556701031	IPVVKHFP:0.29896907216494845	PVVKHFPG:0.4329896907216495	EEGGRVSR:0.2268041237113402	DEEGGRVS:0.2268041237113402	PGHGDTSV:0.5360824742268041	DTSVDSHL:0.27835051546391754	HGDTSVDS:0.5360824742268041	GHGDTSVD:0.5360824742268041	NPVIGDRS:0.4948453608247423	GDTSVDSH:0.5360824742268041	FPGHGDTS:0.5670103092783505	PVIGDRSF:0.41237113402061853	NPDNPVIG:0.26804123711340205	PDNPVIGD:0.23711340206185566	AVMVAHIL:0.2268041237113402	DDLTMGAI:0.21649484536082475	SNPDNPVI:0.26804123711340205	NSNPDNPV:0.2268041237113402	DNPVIGDR:0.23711340206185566	NMNFAPVL:0.25773195876288657	MNFAPVLD:0.25773195876288657	NFAPVLDI:0.25773195876288657	
