cluster number:169
GH3:15	GH3:15
DSHLALPV:0.3333333333333333	HLALPVLE:0.2	GGIMFLKG:0.6	SFGDRIPL:0.26666666666666666	TDALNMKA:0.7333333333333333	TVDLNINP:0.26666666666666666	PGHGDVTV:0.6	TVDSHLAL:0.2	VGHLAVPK:0.2	INTRSFGD:0.4666666666666667	LNINPANP:0.3333333333333333	GQMIVAKV:0.2	LLVSADME:0.26666666666666666	SVMVGHLA:0.4	HGDVTVDS:0.6	IVTGLLRK:0.2	HLAVPKLT:0.4	TAKHFPGH:0.6666666666666666	VPLLVSAD:0.2	PVINTRSF:0.3333333333333333	SHLALPVL:0.3333333333333333	PLLVSADM:0.26666666666666666	VMSVMVGH:0.26666666666666666	PANPVINT:0.26666666666666666	LTTGIQAW:0.2	ERGLAMRL:0.26666666666666666	ALPVLEGD:0.2	LIVTDALN:0.26666666666666666	PTVDLNIN:0.26666666666666666	VGQMIVAK:0.2	VDLNINPA:0.3333333333333333	HFPGHGDV:0.7333333333333333	FPGHGDVT:0.6666666666666666	DVTVDSHL:0.26666666666666666	GKIGGIMF:0.26666666666666666	INPANPVI:0.26666666666666666	MERGLAMR:0.26666666666666666	GHLAVPKL:0.4	GDRIPLVN:0.2	VINTRSFG:0.3333333333333333	GLIVTDAL:0.26666666666666666	NPANPVIN:0.26666666666666666	MVGHLAVP:0.3333333333333333	VMVGHLAV:0.26666666666666666	ANPVINTR:0.26666666666666666	TRSFGDRI:0.26666666666666666	KHFPGHGD:0.8666666666666667	GDVTVDSH:0.6	NTRSFGDR:0.3333333333333333	TTGIQAWS:0.2	SADMERGL:0.26666666666666666	LAVPKLTG:0.4	LPVLEGDR:0.2	GHGDVTVD:0.6	ATAKHFPG:0.6666666666666666	VSFGTPYI:0.2	DMERGLAM:0.26666666666666666	KIGGIMFL:0.26666666666666666	IVTDALNM:0.26666666666666666	APTVDLNI:0.26666666666666666	GIMFLKGD:0.26666666666666666	KVGQMIVA:0.2	RSFGDRIP:0.26666666666666666	VTDALNMK:0.4	DLNINPAN:0.3333333333333333	AKHFPGHG:0.6666666666666666	AMRLDGAT:0.2	VDSHLALP:0.26666666666666666	NYAPTVDL:0.4	NINPANPV:0.26666666666666666	NPVINTRS:0.4666666666666667	VTVDSHLA:0.2	YAPTVDLN:0.4	GVMSVMVG:0.26666666666666666	MSVMVGHL:0.26666666666666666	FGDRIPLV:0.2	IGGIMFLK:0.26666666666666666	DALNMKAL:0.7333333333333333	EGKIGGIM:0.26666666666666666	ADMERGLA:0.26666666666666666	QNYAPTVD:0.3333333333333333	GIMFLKGN:0.26666666666666666	LSDKIGQM:0.2	LISADMEK:0.2	VRRILLAK:0.2	MEKGLAMR:0.3333333333333333	FAPSMALS:0.2	ATEFAPSM:0.2	IITDALNM:0.4	ISADMEKG:0.2	GLIITDAL:0.4	SFGTPYLI:0.2	DMEKGLAM:0.3333333333333333	GKVGGIMF:0.4666666666666667	ISFGTPYL:0.3333333333333333	AVEAGNDL:0.3333333333333333	AGNDLLLF:0.6666666666666666	LLFSPDPE:0.4666666666666667	EAGNDLLL:0.3333333333333333	APSMALSA:0.2	PLLISADM:0.3333333333333333	SADMEKGL:0.3333333333333333	LIITDALN:0.4	ITDALNMK:0.4	TEFAPSMA:0.2	LLISADME:0.3333333333333333	LLLFSPDP:0.5333333333333333	VEAGNDLL:0.3333333333333333	ALNMKALY:0.5333333333333333	VGGIMFLK:0.26666666666666666	MISFGTPY:0.2	GATEFAPS:0.2	IATAKHFP:0.3333333333333333	DLLLFSPD:0.5333333333333333	EFAPSMAL:0.2	INTRSYGD:0.3333333333333333	KVGGIMFL:0.26666666666666666	GNDLLLFS:0.6	QGKVGGIM:0.26666666666666666	NDLLLFSP:0.6	ADMEKGLA:0.3333333333333333	LVSADMEK:0.2	VGGIMFMK:0.2	SVMIGHLA:0.2	IINTRSYG:0.2	VMIGHLAV:0.2	VSADMEKG:0.2	LAVEAGND:0.2	GGIMFMKG:0.2	NPIINTRS:0.4	EKGLAMRI:0.2	EGKVGGIM:0.2	MIGHLAVP:0.26666666666666666	NRFQLLAP:0.2	KVGGIMFM:0.2	PIINTRSY:0.2	FKGLIITD:0.2	KGLIITDA:0.2	LNMKALYN:0.2	NMKALYNG:0.3333333333333333	AMRLEGAT:0.26666666666666666	ELGFKGLI:0.2	RLSGATEF:0.2	SGATEFPP:0.2	AMRLSGAT:0.2	RPLLMSAD:0.2	LMSADMER:0.2	LSGATEFP:0.2	IVTGLLRN:0.2	GLLRNELG:0.2	VKAVQAGN:0.2	PLLMSADM:0.2	KAVQAGND:0.2	EFPPNMAL:0.2	TEFPPNMA:0.26666666666666666	LLMSADME:0.2	LLRNELGF:0.2	KIGQMIIA:0.26666666666666666	ATEFPPNM:0.2	MSADMERG:0.2	SVKAVQAG:0.2	VQAGNDLL:0.26666666666666666	MTGHLAVP:0.2	FISFGTPY:0.26666666666666666	AVQAGNDL:0.26666666666666666	MRLSGATE:0.2	GATEFPPN:0.2	TGLLRNEL:0.2	QAGNDLLL:0.26666666666666666	VTGLLRNE:0.2	VRRILQAK:0.2	PIINTRSF:0.2	LFSPDPEL:0.26666666666666666	ASVRRILQ:0.2	HQNYAPTV:0.26666666666666666	AVPKLTGT:0.3333333333333333	SVRRILQA:0.2	ATVKHFPG:0.26666666666666666	IATVKHFP:0.2	TVKHFPGH:0.26666666666666666	VKHFPGHG:0.26666666666666666	GIHQNYAP:0.26666666666666666	VPKLTGTM:0.26666666666666666	PKLTGTME:0.2	IHQNYAPT:0.2	LTGTMEPA:0.2	TGTMEPAS:0.2	KLTGTMEP:0.2	
