cluster number:2
GH3:487	GH3:487|3.2.1.21:8|3.2.1.-:4|3.2.1.74:3|CBM6:1|GH16:1
RLDDAVRR:0.25256673511293637	DAVRRILR:0.3860369609856263	GTDAVHGH:0.3059548254620123	WGTDAVHG:0.3264887063655031	DDAVRRIL:0.3921971252566735	RILRVKLR:0.24845995893223818	AAWLPGSE:0.486652977412731	AWLPGSEG:0.5236139630390144	TDAVHGHN:0.30390143737166325	VRRILRVK:0.37782340862423	VFLSGRPL:0.27720739219712526	LDDAVRRI:0.22176591375770022	AVRRILRV:0.37782340862423	SDAFVAAW:0.41683778234086244	AVVRDDRW:0.21560574948665298	VVRDDRWG:0.21971252566735114	GFVVGDWN:0.3675564681724846	HFVGDGGT:0.28336755646817247	AFVAAWLP:0.5728952772073922	HNIGLGAA:0.42505133470225875	KSLVLLKN:0.2997946611909651	AREAVRKS:0.2731006160164271	AVHGHNNV:0.41683778234086244	FVVGDWNG:0.32854209445585214	SVMASFNS:0.22587268993839835	RKSLVLLK:0.26283367556468173	ATLFPHNI:0.486652977412731	IGATLFPH:0.2032854209445585	RDDRWGRT:0.34291581108829566	QSVMASFN:0.21560574948665298	VVGDWNGH:0.3655030800821355	DAFVAAWL:0.5174537987679672	LFPHNIGL:0.48254620123203285	TLFPHNIG:0.47433264887063653	REAVRKSL:0.25256673511293637	AVRKSLVL:0.2587268993839836	DAVHGHNN:0.49075975359342916	YLLTDVLK:0.21971252566735114	FVAAWLPG:0.5934291581108829	VMASFNSW:0.2915811088295688	FLSGRPLW:0.26283367556468173	PHNIGLGA:0.7351129363449692	VRDDRWGR:0.23819301848049282	KHFVGDGG:0.28336755646817247	GATLFPHN:0.48459958932238195	EAVRKSLV:0.2546201232032854	FPHNIGLG:0.7515400410677618	VAAWLPGS:0.4681724845995893	VRKSLVLL:0.2587268993839836	RESLVLLK:0.42299794661190965	AAWLPGTE:0.24435318275154005	VRESLVLL:0.42299794661190965	RWGRTYES:0.21971252566735114	MGFDGFVV:0.21560574948665298	VAAWLPGT:0.24435318275154005	AWLPGTEG:0.24435318275154005	AVRESLVL:0.42299794661190965	ESLVLLKN:0.45585215605749485	RQAVRESL:0.31211498973305957	QAVRESLV:0.36960985626283366	ARQAVRES:0.324435318275154	NASDAFVA:0.3490759753593429	RTYEGYSE:0.2792607802874743	GDWNGHGQ:0.38193018480492813	RWGRTYEG:0.3655030800821355	DDRWGRTY:0.49691991786447637	GRTYEGYS:0.2874743326488706	WGRTYEGY:0.3080082135523614	PDVAIVVF:0.26078028747433263	ASDAFVAA:0.324435318275154	YEGYSEDP:0.24435318275154005	KPDVAIVV:0.21765913757700206	DRWGRTYE:0.5071868583162218	DWNGHGQV:0.2874743326488706	GKLSFSWP:0.3655030800821355	KLSFSWPK:0.22176591375770022	VGDWNGHG:0.38809034907597534	VAIVVFGE:0.2669404517453799	DVAIVVFG:0.26078028747433263	WTFAPTVA:0.21765913757700206	PYAEFQGD:0.26078028747433263	NIGLGATR:0.24229979466119098	HNIGLGAT:0.27720739219712526	KGKLSFSW:0.21971252566735114	DFKGKLSF:0.2032854209445585	FKGKLSFS:0.21765913757700206	MWGTDAVH:0.20739219712525667	
