cluster number:157
GH3:88	GH3:88
RDPRWGRV:0.2159090909090909	AARVRGFQ:0.3522727272727273	RWGRVVEG:0.32954545454545453	TVFPVPLA:0.2159090909090909	GRVVEGAG:0.2840909090909091	FPVPLAEA:0.38636363636363635	VFPVPLAE:0.20454545454545456	ARVRGFQG:0.5340909090909091	WTFAPMVD:0.5227272727272727	TFAPMVDV:0.2840909090909091	VVEGAGED:0.2840909090909091	RVVEGAGE:0.2840909090909091	WGRVVEGA:0.2840909090909091	PFGHGLSY:0.25	PKHFAAYG:0.3409090909090909	AGVDMSMQ:0.22727272727272727	LATWFLGS:0.20454545454545456	PMVDVARD:0.29545454545454547	ARDQRWGR:0.32954545454545453	APMVDVAR:0.29545454545454547	MVDVARDQ:0.23863636363636365	SGEAQSRT:0.32954545454545453	FAPMVDVA:0.23863636363636365	AVAATGKP:0.23863636363636365	VDVARDQR:0.23863636363636365	DVARDQRW:0.25	MSGEAQSR:0.29545454545454547	GVDMSMQS:0.22727272727272727	VEGAGEDV:0.32954545454545453	ACPKHFAA:0.25	SRLGIPLL:0.2840909090909091	SDYTADEE:0.22727272727272727	DYTADEEL:0.22727272727272727	RALAREAA:0.20454545454545456	AAARVRGF:0.32954545454545453	IALIGPFA:0.20454545454545456	RLGIPLLF:0.2159090909090909	VARDQRWG:0.25	RDQRWGRV:0.20454545454545456	LAGVDMSM:0.25	KHFAAYGA:0.5113636363636364	CPKHFAAY:0.25	HFAAYGAV:0.20454545454545456	FAADVIHG:0.3068181818181818	GRLPVSFP:0.3181818181818182	LREVYLPP:0.20454545454545456	FAPMVDIA:0.38636363636363635	PMVDIARD:0.4431818181818182	TLREVYLP:0.20454545454545456	RTLREVYL:0.20454545454545456	PVPLAEAA:0.29545454545454547	ERTLREVY:0.32954545454545453	SERTLREV:0.32954545454545453	APMVDIAR:0.3977272727272727	ASVTRPVR:0.22727272727272727	DVIHGFRT:0.2727272727272727	TFAPMVDI:0.375	SGRLPVSF:0.26136363636363635	PSGRLPVS:0.26136363636363635	GLFDDPFR:0.25	FDDPFRRI:0.20454545454545456	FGHGLTYG:0.22727272727272727	LGLFDDPF:0.2727272727272727	PFGHGLTY:0.22727272727272727	LFDDPFRR:0.22727272727272727	FAAYGAAE:0.3181818181818182	HFAAYGAA:0.3181818181818182	ALGLFDDP:0.22727272727272727	VDIARDAR:0.3181818181818182	AALGLFDD:0.20454545454545456	AAEGGLDY:0.26136363636363635	AYGAAEGG:0.26136363636363635	GAAEGGLD:0.26136363636363635	KAALGLFD:0.20454545454545456	DWTFAPMV:0.2159090909090909	AEGGLDYN:0.22727272727272727	AAYGAAEG:0.20454545454545456	MVDIARDA:0.3181818181818182	YGAAEGGL:0.22727272727272727	IARDARWG:0.2840909090909091	TRPVRELK:0.3068181818181818	DIARDARW:0.2840909090909091	RDARWGRG:0.23863636363636365	ARDARWGR:0.3068181818181818	PLLFAADV:0.20454545454545456	LFAADVIH:0.20454545454545456	IPLLFAAD:0.22727272727272727	LLFAADVI:0.20454545454545456	
