cluster number:93
GH3:603	GH3:603|3.2.1.21:20|3.2.1.-:3|GH78:2|CBM32:1|3.2.1.45:1
VVSDWGAV:0.3200663349917081	GHGLSYTT:0.20066334991708126	GLDLEMPG:0.2023217247097844	FGHGLSYT:0.37976782752902155	PFGHGLSY:0.3598673300165838	AGLDLEMP:0.33001658374792703	HFAANNQE:0.2752902155887231	KHFAANNQ:0.2752902155887231	PFGYGLSY:0.21061359867330018	PFGFGLSY:0.2885572139303483	YFSEDPYL:0.22388059701492538	LKHFAANN:0.28524046434494194	DGPHGLRK:0.23714759535655058	RNFEYFSE:0.4361525704809287	EYFSEDPY:0.23217247097844113	FEYFSEDP:0.4494195688225539	NFEYFSED:0.43449419568822556	FGFGLSYT:0.2802653399668325	DERTLREI:0.29187396351575456	SLKHFAAN:0.24875621890547264	GRNFEYFS:0.4361525704809287	RTLREIYL:0.3067993366500829	FPFGFGLS:0.23217247097844113	ERTLREIY:0.29850746268656714	FVGYRYYD:0.2769485903814262	PLCGRNFE:0.5140961857379768	LCGRNFEY:0.5174129353233831	PATCFPTA:0.21890547263681592	KRSPLCGR:0.3648424543946932	SPLCGRNF:0.36650082918739635	IKRSPLCG:0.32338308457711445	RSPLCGRN:0.36981757877280264	NPSGKLAE:0.22885572139303484	NIKRSPLC:0.3200663349917081	RYQGAGSS:0.208955223880597	FPFGHGLS:0.2470978441127695	VDERTLRE:0.2222222222222222	CGRNFEYF:0.3150912106135987	
