cluster number:71
GH3:84	GH3:84|3.2.1.21:4|3.2.1.38:1|3.2.1.-:1
PFDLPRSM:0.20238095238095238	HFPGGGPQ:0.6428571428571429	LPFDLPRS:0.2261904761904762	AVGIRAAL:0.23809523809523808	FPYGREQV:0.39285714285714285	VLPARAWG:0.3333333333333333	RAWGVEHL:0.38095238095238093	HFPYGREQ:0.42857142857142855	VGIRAALH:0.25	YGREQVYP:0.5238095238095238	NDNHVGDQ:0.21428571428571427	GIRAALHP:0.2857142857142857	NHVGDQVL:0.21428571428571427	GRLPFDLP:0.2261904761904762	ELVNDNHV:0.2261904761904762	DNHVGDQV:0.21428571428571427	HGIPVTIS:0.20238095238095238	TISTDPRH:0.20238095238095238	REQVYPGG:0.4642857142857143	VTISTDPR:0.20238095238095238	VGDQVLPA:0.23809523809523808	HVGDQVLP:0.21428571428571427	LPARAWGV:0.38095238095238093	DAHFPYGR:0.30952380952380953	PVTISTDP:0.20238095238095238	AHFPYGRE:0.2857142857142857	GDQVLPAR:0.23809523809523808	EDAHFPYG:0.34523809523809523	LVNDNHVG:0.2261904761904762	PYGREQVY:0.39285714285714285	VNDNHVGD:0.20238095238095238	IMPYYGMP:0.27380952380952384	QFGGEECV:0.2261904761904762	DGEDAHFP:0.34523809523809523	GEDAHFPY:0.34523809523809523	WELVNDNH:0.2261904761904762	YYGMPVGL:0.20238095238095238	TDWELVND:0.2261904761904762	DQFGGEEC:0.35714285714285715	DWELVNDN:0.30952380952380953	KHFPGGGP:0.6547619047619048	PARAWGVE:0.6071428571428571	ARAWGVEH:0.36904761904761907	PYYGMPVG:0.42857142857142855	TPHGIPVT:0.2976190476190476	GREQVYPG:0.5833333333333334	QVLPARAW:0.2976190476190476	DQVLPARA:0.23809523809523808	GCDQFGGE:0.20238095238095238	MPYYGMPV:0.5	KFRLGLFD:0.2857142857142857	ALHPQVDL:0.2619047619047619	STDPRHAF:0.2619047619047619	MMPYYGMP:0.21428571428571427	LHPQVDLA:0.25	VDLATEPR:0.23809523809523808	HPQVDLAT:0.20238095238095238	STDPRHSF:0.21428571428571427	DGEDPHFP:0.20238095238095238	DLATEPRW:0.6666666666666666	PQVDLATE:0.20238095238095238	YYGMPVGT:0.21428571428571427	PGGGPQKD:0.35714285714285715	GGGPQKDG:0.36904761904761907	EEVGFGFN:0.27380952380952384	GPFSQWPE:0.20238095238095238	GGPQKDGE:0.36904761904761907	QKDGEDPH:0.2261904761904762	GPQKDGED:0.42857142857142855	PQKDGEDP:0.20238095238095238	FPGGGPQK:0.35714285714285715	AGADQFGG:0.2976190476190476	TKHFPGGG:0.42857142857142855	MTKHFPGG:0.2261904761904762	TRLGIPVT:0.2619047619047619	KDGEDPHF:0.23809523809523808	GADQFGGE:0.2976190476190476	GVDQFGGE:0.25	AGVDQFGG:0.2619047619047619	ATEPRWAR:0.40476190476190477	LATEPRWA:0.39285714285714285	TEPRWARQ:0.27380952380952384	GLFDDPYV:0.23809523809523808	LFDDPYVD:0.23809523809523808	LGLFDDPY:0.23809523809523808	FDDPYVDE:0.20238095238095238	PQKDGEDA:0.2261904761904762	KDGEDAHF:0.2261904761904762	QKDGEDAH:0.2261904761904762	LHPQIDLA:0.21428571428571427	IDLATEPR:0.20238095238095238	ALHPQIDL:0.2261904761904762	HPQIDLAT:0.20238095238095238	PQIDLATE:0.20238095238095238	
