cluster number:162
GH3:15	GH3:15
EAHVIGPR:0.2	EGGWVRHI:0.26666666666666666	DQEGGWVR:0.5333333333333333	GNMAIGAS:0.3333333333333333	SIKIFGWN:0.2	VIGPRAFS:0.2	GSIKIFGW:0.2	QEGGWVRH:0.5333333333333333	PEAHVIGP:0.2	TPGNMAIG:0.4666666666666667	NMAIGASG:0.26666666666666666	TDQEGGWV:0.5333333333333333	PGNMAIGA:0.4666666666666667	GGWVRHIK:0.26666666666666666	TPGNLAIG:0.4666666666666667	FAGGIAKA:0.2	LGINLNFA:0.26666666666666666	HVKGLTSE:0.2	VPAIMTGH:0.26666666666666666	STTPRHYQ:0.2	IFGWNTGD:0.2	ATDQEGGW:0.8	MTDEELLA:0.2	GQDPGDLL:0.2	TSETPGNL:0.26666666666666666	NLAIGASG:0.4666666666666667	VATDQEGG:0.8	IKIFGWNT:0.2	DSHGRLPK:0.2	ELLAQTFM:0.2	AQTFMFGW:0.2	PGNLAIGA:0.4666666666666667	KEGQKFFL:0.2	NFAGGIAK:0.2	FGIPLFVA:0.2	TAKHFPGH:0.4666666666666667	TDEELLAQ:0.2	GRFGIPLF:0.2	FGWNTGDS:0.2	GEPATFSK:0.2	LTTAKHFP:0.26666666666666666	KIFGWNTG:0.2	GLIITDDM:0.4	LLAQTFMF:0.2	PATFSKYL:0.2	ESSTTPRH:0.2	GGWVRHVK:0.26666666666666666	LFVATDQE:0.4666666666666667	GLTSETPG:0.2	RFGIPLFV:0.2	WAGQDPGD:0.2	AGVLTTAK:0.26666666666666666	GIPLFVAT:0.2	SETPGNLA:0.26666666666666666	LTSETPGN:0.2	DKEGQKFF:0.2	KGLTSETP:0.2	ETPGNLAI:0.26666666666666666	IMTGHLNF:0.2	ATFSKYLL:0.2	MFGWAGQD:0.2	FGWAGQDP:0.2	GWAGQDPG:0.2	TTAKHFPG:0.26666666666666666	PAIMTGHL:0.3333333333333333	EGGWVRHV:0.26666666666666666	GWVRHVKG:0.26666666666666666	FVATDQEG:0.4666666666666667	QTFMFGWA:0.26666666666666666	FMFGWAGQ:0.3333333333333333	VKGLTSET:0.2	AIMTGHLN:0.2	IPLFVATD:0.4666666666666667	EELLAQTF:0.2	FPGHGDTS:0.26666666666666666	HFPGHGDT:0.4	EPATFSKY:0.2	GINLNFAP:0.26666666666666666	KHFPGHGD:0.4	DEELLAQT:0.2	AIGASGIP:0.2	SHGRLPKI:0.2	AGQDPGDL:0.2	SSTTPRHY:0.2	WVRHVKGL:0.2	TFMFGWAG:0.26666666666666666	RHVKGLTS:0.2	IITDDMMM:0.3333333333333333	LIITDDMM:0.3333333333333333	GNLAIGAS:0.4666666666666667	AGILGAAF:0.2	VRHVKGLT:0.2	GVLTTAKH:0.26666666666666666	PLFVATDQ:0.4666666666666667	EGRFGIPL:0.2	AKHFPGHG:0.6	VLTTAKHF:0.26666666666666666	LAQTFMFG:0.2	LAIGASGI:0.26666666666666666	PDKEGQKF:0.2	AGGIAKAV:0.2	ALEAGNDI:0.3333333333333333	NMNFAPTV:0.3333333333333333	INMNFAPT:0.26666666666666666	GINMNFAP:0.4	LGINMNFA:0.4	TAKHYPGH:0.26666666666666666	NFAPTVDV:0.26666666666666666	AKHYPGHG:0.26666666666666666	MNFAPTVD:0.4666666666666667	FAPTVDVY:0.26666666666666666	VITDDLYM:0.26666666666666666	GLVITDDL:0.3333333333333333	PVAKHFPG:0.2	LVITDDLY:0.2	DTIIFCLS:0.2	SYYSGYYI:0.2	SSIIGPRS:0.2	NFAPTVDL:0.26666666666666666	IIESSTTP:0.2	NDIIESST:0.2	ITDDMMMH:0.2	SGYYISRE:0.2	ILGAAFVR:0.2	SIIGPRSF:0.2	LGAAFVRG:0.2	DSYYSGYY:0.2	GNDIIESS:0.2	TIIFCLSD:0.2	DIIESSTT:0.2	IIGPRSFG:0.2	EAGNDIIE:0.2	DDMMMHGA:0.2	LEAGNDII:0.2	TDDMMMHG:0.2	ALGINLNF:0.2	AGNDIIES:0.2	GILGAAFV:0.2	IESSTTPR:0.2	VIGPRSFG:0.3333333333333333	PTVDVYVN:0.2	IPLLVATD:0.3333333333333333	GPRSFGSD:0.2	APTVDVYV:0.2	PRSFGSDP:0.2	HFPGHGNA:0.2	IGPRSFGS:0.2	PLLVATDQ:0.3333333333333333	KHFPGHGN:0.2	LLVATDQE:0.3333333333333333	ETPGNMAI:0.3333333333333333	LVATDQEG:0.3333333333333333	STLTPVYL:0.2	GYYIGREL:0.2	GGVKIFGW:0.2	GVKIFGWN:0.2	IGGVKIFG:0.2	SGYYIGRE:0.2	DQEGGWIR:0.3333333333333333	FAPTVDLY:0.2	AIGASGYP:0.2	LALEAGND:0.2	PTVDLYTN:0.2	GGWIRHVK:0.3333333333333333	TDQEGGWI:0.3333333333333333	EGGWIRHV:0.3333333333333333	GWIRHVKG:0.3333333333333333	QEGGWIRH:0.3333333333333333	LAIGASGY:0.2	APTVDLYT:0.2	IMSGHLSF:0.2	AIMSGHLS:0.2	ALGINMNF:0.2	IPAIMSGH:0.2	GVIPTAKH:0.2	MSGHLSFP:0.2	AGVIPTAK:0.2	PAIMSGHL:0.2	TSETPGNM:0.2	KHYPGHGD:0.2	HYPGHGDT:0.2	FFLDLAAR:0.2	FLDLAARS:0.2	LAQTFMLG:0.2	ALAQTFML:0.2	FMLGWVGA:0.2	SETPGNMA:0.2	AQTFMLGW:0.2	TFMLGWVG:0.2	QTFMLGWV:0.2	
