cluster number:138
GH3:12	GH3:12
VIKHFPGL:0.25	GGNVQVLR:0.25	TDQEGGNV:0.25	ATDQEGGN:0.25	VATDQEGG:0.8333333333333334	QEGGNVQV:0.25	GNVQVLRG:0.25	IKHFPGLG:0.5	GINLNLAP:0.3333333333333333	DQEGGNVQ:0.25	HFPGLGRV:0.75	INLNLAPV:0.3333333333333333	EGGNVQVL:0.25	KHFPGLGR:0.75	FPGLGRVT:0.5833333333333334	GPGFSDIP:0.25	VNLDLAPV:0.25	WTLEQKVG:0.4166666666666667	GQLFMVGV:0.25	LAPVMDLV:0.3333333333333333	VQVLRGPG:0.4166666666666667	KVGQLFMV:0.25	VLRGPGFS:0.4166666666666667	LEQKVGQL:0.3333333333333333	GVNLDLAP:0.25	QLFMVGVD:0.25	QVLRGPGF:0.4166666666666667	LVATDQEG:0.5	GVTDDVTT:0.25	EQKVGQLF:0.25	QKVGQLFM:0.25	VGQLFMVG:0.4166666666666667	TLEQKVGQ:0.3333333333333333	AGVTDDVT:0.25	LFMVGVDV:0.25	FVATDQEG:0.25	AKHFPGLG:0.25	GQLFMVGT:0.25	LFVATDQE:0.25	LLVATDQE:0.3333333333333333	AGWTLEQK:0.3333333333333333	LNLAPVMD:0.3333333333333333	LAGWTLEQ:0.25	NLNLAPVM:0.3333333333333333	GWTLEQKV:0.3333333333333333	APVMDLVP:0.25	NLAPVMDL:0.25	VMTSTAVY:0.25	FVMTSTAV:0.25	GRVTENTD:0.25	RVTENTDT:0.25	GAAFVMTS:0.25	AFVMTSTA:0.25	QAWSPADR:0.25	GLGRVTEN:0.25	VQAWSPAD:0.25	LQADATTW:0.25	AAFVMTST:0.25	LGRVTENT:0.25	LDPATLQA:0.25	PGLGRVTE:0.25	QADATTWG:0.25	PATLQADA:0.25	GNVFLAGR:0.25	HVGNVFLA:0.25	AGAAFVMT:0.25	ATLQADAT:0.25	TLQADATT:0.25	HANAFSAG:0.25	AWSPADRA:0.25	ANAFSAGM:0.25	QVQAWSPA:0.25	NVFLAGRS:0.25	VGNVFLAG:0.25	DPATLQAD:0.25	TDDVTTRD:0.25	DDVTTRDD:0.25	
