cluster number:113
GH3:298	GH3:298|3.2.1.-:1
NPIIGNRS:0.49328859060402686	IGMDAEWG:0.23154362416107382	IIGNRSFG:0.49328859060402686	GMDAEWGL:0.27181208053691275	HFPGHGDT:0.8489932885906041	KHFPGHGD:0.8859060402684564	PIIGNRSF:0.49328859060402686	FKGLIFTD:0.2214765100671141	GLIFTDAL:0.3624161073825503	FGHTGFTG:0.25838926174496646	GHTGFTGT:0.4463087248322148	TDALNMKG:0.21140939597315436	FTDALNMK:0.2348993288590604	YDLASLTK:0.2550335570469799	AKHFPGHG:0.5503355704697986	EWGLSMRL:0.2080536912751678	HTGFTGTC:0.2516778523489933	FPGHGDTD:0.3859060402684564	DSHKTLPT:0.23154362416107382	VGGHAGLF:0.20134228187919462	IGNRSFGE:0.4261744966442953	LASLTKIL:0.2080536912751678	VFLSNRTY:0.23825503355704697	ASLTKILA:0.2181208053691275	YVFLSNRT:0.20134228187919462	GVGGHAGL:0.20134228187919462	GGVGGHAG:0.20134228187919462	FLSNRTYP:0.2483221476510067	GHAGLFSN:0.2214765100671141	DLASLTKI:0.21476510067114093	RRGLGFDK:0.29194630872483224	RGLGFDKP:0.28859060402684567	VYVFLSNR:0.28187919463087246	FPWNMTLG:0.24161073825503357	GHSGFTGT:0.28523489932885904	FGHSGFTG:0.30201342281879195	WNMTLGAI:0.28523489932885904	SFGHSGFT:0.2986577181208054	VHDMGAAM:0.22818791946308725	PWNMTLGA:0.36577181208053694	GNRSFGED:0.2483221476510067	GLAMRLDS:0.2080536912751678	DAEWGLAM:0.2181208053691275	AEWGLAMR:0.2181208053691275	WGLAMRLD:0.2080536912751678	EWGLAMRL:0.2751677852348993	MRLDSTYA:0.20134228187919462	
