cluster number:159
GH3:426	GH3:426|3.2.1.37:9|3.2.1.-:2|CBM6:1|GH67:1|3.2.1.21:1|3.2.1.55:1
DLYETYLP:0.2323943661971831	IFRDPRWG:0.8427230046948356	TYLPAFEA:0.23708920187793428	GEDPYLTS:0.20187793427230047	KHFAVHSG:0.5070422535211268	RGQETYGE:0.528169014084507	TYGEDPYL:0.4507042253521127	WGRGQETY:0.528169014084507	YETYLPAF:0.2347417840375587	FRDPRWGR:0.8591549295774648	NINIFRDP:0.6220657276995305	FAVHSGPE:0.5023474178403756	DPRWGRGQ:0.5469483568075117	ETYLPAFE:0.2347417840375587	INIFRDPR:0.6267605633802817	ETYGEDPY:0.4507042253521127	RDPRWGRG:0.8873239436619719	QETYGEDP:0.5305164319248826	AKHFAVHS:0.4084507042253521	LHGVARAG:0.4154929577464789	GRGQETYG:0.528169014084507	LYETYLPA:0.2323943661971831	PNINIFRD:0.6173708920187794	NIFRDPRW:0.8427230046948356	FGHGLSYT:0.22535211267605634	RWGRGQET:0.5492957746478874	GQETYGED:0.5258215962441315	YGEDPYLT:0.43427230046948356	HFAVHSGP:0.5046948356807511	PRWGRGQE:0.5469483568075117	YGEDPFLT:0.37089201877934275	TYGEDPFL:0.3873239436619718	GRLPVTFY:0.40375586854460094	PFGYGLSY:0.3380281690140845	ETYGEDPF:0.3873239436619718	FGYGLSYT:0.33098591549295775	LYPFGYGL:0.24178403755868544	AVHSGPEA:0.24178403755868544	FPQAIGMA:0.20892018779342722	GGRLPVTF:0.23708920187793428	ALHGVARA:0.25821596244131456	ISDEARAK:0.2112676056338028	NEALHGVA:0.33098591549295775	EALHGVAR:0.3474178403755869	WSPNINIF:0.4413145539906103	ATVFPQAI:0.5352112676056338	WNEALHGV:0.36384976525821594	NPGGRLPV:0.22769953051643194	SPNINIFR:0.4413145539906103	GLTFWSPN:0.23708920187793428	PGGRLPVT:0.24178403755868544	TVFPQAIG:0.5164319248826291	WWNEALHG:0.37089201877934275	PQAIGMAA:0.22065727699530516	AVMGAYNR:0.215962441314554	VFPQAIGL:0.3145539906103286	PQAIGLAA:0.3192488262910798	RTYRYFKG:0.20422535211267606	AVHSGPEP:0.20892018779342722	FPQAIGLA:0.3192488262910798	KHYAVHSG:0.22300469483568075	HYAVHSGP:0.22065727699530516	YAVHSGPE:0.22065727699530516	NVNIFRDP:0.2112676056338028	CAKHFAVH:0.2676056338028169	PNVNIFRD:0.2136150234741784	ACAKHFAV:0.2652582159624413	VNIFRDPR:0.2136150234741784	MKGRTYRY:0.2300469483568075	AVIGPNAD:0.2300469483568075	
