cluster number:178
GH3:12	GH3:12
RMGLFEHP:0.4166666666666667	PFQAAITE:0.25	IYGKPFQA:0.3333333333333333	LVLLKNDG:0.4166666666666667	VLDISRDS:0.5	GQIPVYYN:0.25	GLFEHPFA:0.3333333333333333	EDPTLAAA:0.25	MGLFEHPF:0.3333333333333333	RDSRMGRQ:0.3333333333333333	IPVYYNHP:0.25	SSSEDIRL:0.4166666666666667	YCFGHGLS:0.3333333333333333	HGLSYTTF:0.25	SRDSRMGR:0.3333333333333333	GHGLSYTT:0.25	LKGVMPCY:0.25	LDISRDSR:0.5	RYCFGHGL:0.3333333333333333	YYNHPNGS:0.75	ATMGEGVD:0.3333333333333333	FHMEGLCG:0.5833333333333334	GRPISSDA:0.5	VYYNHPNG:0.4166666666666667	EAKFRMGL:0.5	FDGRPISS:0.3333333333333333	AKFRMGLF:0.75	LAPVLDIS:0.25	RVLEAKFR:0.5	EIYGKPFQ:0.4166666666666667	CFGHGLSY:0.3333333333333333	LDEKMAQL:0.25	ISRDSRMG:0.3333333333333333	SSEDIRLK:0.4166666666666667	KFRMGLFE:0.75	QIPVYYNH:0.25	FRMGLFEH:0.4166666666666667	HFDGRPIS:0.3333333333333333	AGQIPVYY:0.25	DISRDSRM:0.3333333333333333	DGRPISSD:0.5833333333333334	GEDPTLAA:0.25	YGEDPTLA:0.5	LSYTTFEY:0.25	PISSDAAD:0.4166666666666667	IGSSSEDI:0.4166666666666667	YGKPFQAA:0.5	PVYYNHPN:0.4166666666666667	GSSSEDIR:0.4166666666666667	KPFQAAIT:0.3333333333333333	LEAKFRMG:0.5	PRYCFGHG:0.3333333333333333	GLSYTTFE:0.25	FGHGLSYT:0.75	GKPFQAAI:0.5	APVLDISR:0.5	GTEIVQLY:0.4166666666666667	LTLGGKNG:0.3333333333333333	DIRLKDSF:0.25	PVLDISRD:0.5	RPISSDAA:0.4166666666666667	VLEAKFRM:0.5	NGRPISSD:0.25	SSDAADKY:0.25	FAPVLDIS:0.25	AIFHMEGL:0.4166666666666667	ISSDAADK:0.25	ISTMAGLE:0.25	ELAGFKRI:0.25	GHGLSYTS:0.3333333333333333	QGETYGED:0.3333333333333333	LTLGGKHG:0.3333333333333333	SFPSGIGR:0.25	QIPIYYNH:0.3333333333333333	PAIFHMEG:0.4166666666666667	MEGLCGAY:0.3333333333333333	HIPAIFHM:0.3333333333333333	HFNGRPIS:0.25	VILTLGGK:0.4166666666666667	STMAGLET:0.25	GLSYTSFE:0.25	IPIYYNHP:0.3333333333333333	GRQGETYG:0.3333333333333333	VFAPVLDI:0.25	AWNPAEKG:0.25	GETYGEDP:0.3333333333333333	ASMGEGID:0.3333333333333333	SARESLVL:0.25	HHIPAIFH:0.3333333333333333	WNPAEKGA:0.25	TLGGKHGT:0.5	TMAGLETK:0.25	SDAADKYA:0.25	FPSGIGRG:0.25	LQSARESL:0.25	IPAIFHME:0.4166666666666667	AVSDYCAI:0.25	SYTSFEYS:0.25	ILTLGGKH:0.25	PIYYNHPN:0.3333333333333333	AGQIPIYY:0.25	QSARESLV:0.25	IAVIGCHA:0.25	RQGETYGE:0.3333333333333333	YNPSGKLP:0.25	VAKHFLGF:0.3333333333333333	GIGRGASW:0.25	GATSFPSG:0.25	SGIGRGAS:0.25	LTAKFRMG:0.3333333333333333	PSGIGRGA:0.25	VHFNGRPI:0.25	IFHMEGLC:0.4166666666666667	NPAEKGAE:0.25	FNGRPISS:0.25	HGLSYTSF:0.3333333333333333	ARESLVLL:0.25	ESLVLLKN:0.25	GGYTHFSM:0.25	GGKHGTSS:0.25	GQIPIYYN:0.3333333333333333	LSYTSFEY:0.25	SLVLLKND:0.25	AVHFNGRP:0.25	VAVHFNGR:0.25	VSDYCAIM:0.25	LGGKHGTS:0.25	SDYCAIMN:0.25	HMEGLCGA:0.4166666666666667	IYYNHPNG:0.3333333333333333	VVAVHFNG:0.25	AKHFLGFH:0.3333333333333333	FGGYTHFS:0.25	EAWNPAEK:0.25	DVLLGAYN:0.25	RFASMTRP:0.25	ALIGPHAD:0.25	HPNGSAWH:0.25	YNHPNGSA:0.25	AIIEAWNP:0.25	EVVQLYLR:0.25	PNGSAWHQ:0.25	FASMTRPV:0.25	GKLPVSVA:0.4166666666666667	VVQLYLRD:0.25	DRFASMTR:0.25	VLLGAYNP:0.25	KLPVSVAY:0.25	NHPNGSAW:0.25	SIASMGEG:0.25	TAKFRMGL:0.25	IASMGEGI:0.25	MGEGIDST:0.25	SGKLPVSV:0.25	PSGKLPVS:0.25	NPSGKLPV:0.25	
