cluster number:18
GH3:7	GH3:7
TDIPAIKQ:0.5714285714285714	DLHFKGVI:0.42857142857142855	LAVEAGND:0.5714285714285714	QSVTRILR:0.5714285714285714	LLTNDYRT:0.5714285714285714	MSKPVHQL:0.2857142857142857	TNQNVAVL:0.5714285714285714	VHQLLRRD:0.42857142857142855	LRLKAKLG:0.5714285714285714	RRDLHFKG:0.42857142857142855	HQLLRRDL:0.42857142857142855	DMLLTNDY:0.5714285714285714	DDLAMDAI:0.2857142857142857	KAKLGLIK:0.5714285714285714	KPVHQLLR:0.42857142857142855	AIKEYAKQ:0.5714285714285714	VEAGNDML:0.5714285714285714	LTNDYRTD:0.5714285714285714	AIKQAVAN:0.5714285714285714	VAVLAVEA:0.5714285714285714	LLRRDLHF:0.42857142857142855	PAIKQAVA:0.5714285714285714	NDYRTDIP:0.5714285714285714	AVEAGNDM:0.5714285714285714	QTNQNVAV:0.5714285714285714	LKAKLGLI:0.5714285714285714	GVIITDDL:0.5714285714285714	IPAIKQAV:0.5714285714285714	VTRILRLK:0.5714285714285714	KGVIITDD:0.42857142857142855	IKEYAKQT:0.5714285714285714	EYAKQTNQ:0.5714285714285714	NQSVTRIL:0.5714285714285714	RTDIPAIK:0.5714285714285714	TISVHQLN:0.5714285714285714	TNDYRTDI:0.5714285714285714	DAIKEYAK:0.42857142857142855	RLKAKLGL:0.5714285714285714	TRILRLKA:0.5714285714285714	ITDDLAMD:0.2857142857142857	IITDDLAM:0.5714285714285714	MLLTNDYR:0.5714285714285714	AKQTNQNV:0.5714285714285714	DLAMDAIK:0.2857142857142857	QLLRRDLH:0.42857142857142855	HFKGVIIT:0.42857142857142855	YRTDIPAI:0.5714285714285714	LNQSVTRI:0.5714285714285714	KEYAKQTN:0.5714285714285714	PVHQLLRR:0.42857142857142855	HQLNQSVT:0.5714285714285714	NVAVLAVE:0.5714285714285714	DIPAIKQA:0.5714285714285714	LRRDLHFK:0.42857142857142855	AVANGTIS:0.5714285714285714	KQTNQNVA:0.5714285714285714	NQNVAVLA:0.5714285714285714	LAMDAIKE:0.2857142857142857	TDDLAMDA:0.2857142857142857	VHQLNQSV:0.5714285714285714	ILRLKAKL:0.5714285714285714	VLAVEAGN:0.5714285714285714	QNVAVLAV:0.5714285714285714	QLNQSVTR:0.5714285714285714	GTISVHQL:0.5714285714285714	KQAVANGT:0.5714285714285714	RDLHFKGV:0.42857142857142855	DYRTDIPA:0.5714285714285714	YAKQTNQN:0.5714285714285714	LHFKGVII:0.42857142857142855	ANGTISVH:0.5714285714285714	RILRLKAK:0.5714285714285714	VIITDDLA:0.5714285714285714	GNDMLLTN:0.5714285714285714	MDAIKEYA:0.42857142857142855	QAVANGTI:0.5714285714285714	SVHQLNQS:0.5714285714285714	AGNDMLLT:0.5714285714285714	FKGVIITD:0.42857142857142855	IKQAVANG:0.5714285714285714	AMDAIKEY:0.2857142857142857	ISVHQLNQ:0.5714285714285714	AVLAVEAG:0.5714285714285714	SVTRILRL:0.5714285714285714	NDMLLTND:0.5714285714285714	NGTISVHQ:0.5714285714285714	VANGTISV:0.5714285714285714	EAGNDMLL:0.5714285714285714	SKPVHQLL:0.42857142857142855	SLDEKIGQ:0.2857142857142857	PLLIATDQ:0.2857142857142857	LLIATDQE:0.2857142857142857	VAATLKHF:0.2857142857142857	AATLKHFP:0.2857142857142857	ATDQEGGS:0.2857142857142857	LKHFPGYG:0.2857142857142857	EGGSVSRL:0.2857142857142857	TDQEGGSV:0.2857142857142857	DQEGGSVS:0.2857142857142857	GGSVSRLS:0.2857142857142857	LIATDQEG:0.2857142857142857	QEGGSVSR:0.2857142857142857	MSLDEKIG:0.2857142857142857	GVAATLKH:0.2857142857142857	ATLKHFPG:0.2857142857142857	IATDQEGG:0.42857142857142855	FDGVIITD:0.2857142857142857	GFDGVIIT:0.2857142857142857	
