cluster number:170
GH3:43	GH3:43
GINWNFAP:0.46511627906976744	INWNFAPV:0.32558139534883723	RPDLHLAL:0.32558139534883723	NPVIGERA:0.20930232558139536	FAPVLDVN:0.27906976744186046	HFPGHGDT:0.9069767441860465	LDSHLALP:0.20930232558139536	NFAPVLDV:0.2558139534883721	KHFPGHGD:0.9069767441860465	ALDHEGGA:0.20930232558139536	WNFAPVLD:0.5813953488372093	SVGINWNF:0.20930232558139536	DHEGGAIL:0.20930232558139536	EGGAILRP:0.20930232558139536	ACVKHFPG:0.20930232558139536	NWNFAPVL:0.5813953488372093	CVKHFPGH:0.6511627906976745	LDHEGGAI:0.20930232558139536	LIALDHEG:0.20930232558139536	NPANPVIG:0.4418604651162791	ANPVIGER:0.4186046511627907	IALDHEGG:0.20930232558139536	HEGGAILR:0.20930232558139536	VGINWNFA:0.20930232558139536	VMALGRRE:0.23255813953488372	ALIALDHE:0.20930232558139536	PAVMTAHI:0.20930232558139536	PANPVIGE:0.4186046511627907	APVLDVNV:0.20930232558139536	VKHFPGHG:0.7674418604651163	ADLRAVMG:0.20930232558139536	IDQEGGAV:0.3023255813953488	HLALWNPY:0.20930232558139536	IGIDQEGG:0.20930232558139536	VIGERSFG:0.3488372093023256	PVLDLNNN:0.27906976744186046	FPGHGDTH:0.5348837209302325	NFAPVLDL:0.27906976744186046	VLDLNNNP:0.27906976744186046	ACCVKHFP:0.32558139534883723	LIGIDQEG:0.20930232558139536	LNNNPANP:0.23255813953488372	NNNPANPV:0.32558139534883723	EGVACCVK:0.27906976744186046	APVLDLNN:0.27906976744186046	CCVKHFPG:0.32558139534883723	DLNNNPAN:0.23255813953488372	VACCVKHF:0.32558139534883723	FAPVLDLN:0.27906976744186046	LHLALWNP:0.32558139534883723	DLHLALWN:0.2558139534883721	NNPANPVI:0.32558139534883723	ERSFGADP:0.20930232558139536	LDLNNNPA:0.23255813953488372	GVACCVKH:0.32558139534883723	PVIGERSF:0.3488372093023256	PDLHLALW:0.2558139534883721	NPVIGERS:0.3488372093023256	GIDQEGGA:0.20930232558139536	ALAAGADM:0.20930232558139536	PGHGDTHV:0.27906976744186046	GADMVMAL:0.23255813953488372	GDTHVDSH:0.27906976744186046	AGADMVMA:0.27906976744186046	HGDTHVDS:0.27906976744186046	VGAAVARG:0.23255813953488372	MTAHIVYP:0.27906976744186046	GHGDTHVD:0.27906976744186046	ADMVMALG:0.23255813953488372	IRAVCLFR:0.23255813953488372	AHIVYPAL:0.27906976744186046	HIVYPALD:0.27906976744186046	VMTAHIVY:0.20930232558139536	
