cluster number:43
GH3:87	GH3:87
EGLIVTDA:0.22988505747126436	YPVLTTAK:0.2413793103448276	WFPPPMAL:0.40229885057471265	LIAADIEE:0.2988505747126437	GNPFRGSA:0.26436781609195403	MVVVRASG:0.3103448275862069	TWFPPPMA:0.367816091954023	GVILLGGS:0.5747126436781609	ALVMGAIA:0.26436781609195403	VILLGGSA:0.4942528735632184	ADIEEGVG:0.632183908045977	AGADILLM:0.5057471264367817	PVVDVNNN:0.367816091954023	TAKHFPGH:0.5402298850574713	GATWFPPP:0.41379310344827586	TDALVMGA:0.26436781609195403	NPFRGSAG:0.22988505747126436	LTTAKHFP:0.5172413793103449	DIEEGVGQ:0.632183908045977	IEEGVGQR:0.6206896551724138	AADIEEGV:0.5747126436781609	RGNPFRGS:0.26436781609195403	IVTDALVM:0.3333333333333333	GADILLMP:0.5057471264367817	TTAKHFPG:0.5287356321839081	LIVTDALV:0.3103448275862069	PVLTTAKH:0.3333333333333333	FPGHGDTA:0.5517241379310345	GLIVTDAL:0.5747126436781609	ATWFPPPM:0.40229885057471265	HFPGHGDT:0.8735632183908046	GFEGLIVT:0.20689655172413793	GHGDTATD:0.3103448275862069	VTDALVMG:0.28735632183908044	KHFPGHGD:0.8735632183908046	DALVMGAI:0.26436781609195403	EAGADILL:0.26436781609195403	HGDTATDS:0.3103448275862069	VVRASGYL:0.2413793103448276	APVVDVNN:0.3448275862068966	PLLIAADI:0.2988505747126437	PGHGDTAT:0.3103448275862069	VRASGYLF:0.21839080459770116	GGVILLGG:0.6896551724137931	FIRGNPFR:0.3103448275862069	RASGYLFD:0.21839080459770116	AKHFPGHG:0.9885057471264368	EEGVGQRF:0.9540229885057471	DTATDSHL:0.2988505747126437	VLTTAKHF:0.4482758620689655	IRGNPFRG:0.28735632183908044	FEGLIVTD:0.22988505747126436	ALAIGINW:0.20689655172413793	LAPVVDVN:0.3218390804597701	GDTATDSH:0.3103448275862069	LLIAADIE:0.2988505747126437	EALAIGIN:0.20689655172413793	FPPPMALG:0.26436781609195403	IAADIEEG:0.367816091954023	AVEAGADI:0.20689655172413793	QVAQMVVV:0.20689655172413793	NNNPDNPV:0.26436781609195403	VDVNNNPD:0.20689655172413793	DNPVINVR:0.20689655172413793	NNPDNPVI:0.26436781609195403	DVNNNPDN:0.25287356321839083	NPDNPVIN:0.27586206896551724	VNNNPDNP:0.25287356321839083	VAQMVVVR:0.21839080459770116	AQMVVVRA:0.21839080459770116	QMVVVRAS:0.2988505747126437	VVDVNNNP:0.3218390804597701	EGVGQRFS:0.367816091954023	TDALIMGG:0.2413793103448276	VTDALIMG:0.27586206896551724	CAKHFPGH:0.3103448275862069	IVTDALIM:0.28735632183908044	GQRFSGAT:0.3103448275862069	QRFSGATW:0.20689655172413793	RFSGATWF:0.20689655172413793	FSGATWFP:0.20689655172413793	VGQRFSGA:0.3448275862068966	SGATWFPP:0.20689655172413793	GVGQRFSG:0.3563218390804598	LLGGSAAE:0.2988505747126437	ILLGGSAA:0.3103448275862069	LIVTDALI:0.25287356321839083	VLAPVVDV:0.20689655172413793	LGVGGVIL:0.20689655172413793	DVEEGVGQ:0.26436781609195403	LNWVLAPV:0.22988505747126436	VEEGVGQR:0.26436781609195403	NWVLAPVV:0.20689655172413793	ADVEEGVG:0.26436781609195403	GLNWVLAP:0.25287356321839083	WVLAPVVD:0.20689655172413793	VGGVILLG:0.4367816091954023	GVGGVILL:0.41379310344827586	NPVINVRA:0.5402298850574713	NPANPVIN:0.3103448275862069	ANPVINVR:0.2988505747126437	NNNPANPV:0.2988505747126437	DVNNNPAN:0.26436781609195403	VNNNPANP:0.26436781609195403	NNPANPVI:0.2988505747126437	PANPVINV:0.28735632183908044	PVINVRAF:0.367816091954023	INVRAFGE:0.25287356321839083	FPGHGDTS:0.22988505747126436	VINVRAFG:0.3563218390804598	CADVEEGV:0.22988505747126436	
