cluster number:68
GT28:21	GT28:21
SASVGAGH:0.5714285714285714	PLALLVAG:0.38095238095238093	AARARFGL:0.2857142857142857	LTDFSVHA:0.23809523809523808	LVQNAGGL:0.42857142857142855	VASYRCIP:0.3333333333333333	AVPVVVCG:0.42857142857142855	DMPGLMHA:0.38095238095238093	WVDDMPGL:0.3333333333333333	VISASVGA:0.23809523809523808	FGWVDDMP:0.3333333333333333	VLVQNAGG:0.42857142857142855	GVAVPVVV:0.23809523809523808	TGVAVPVV:0.23809523809523808	VPVVVCGR:0.47619047619047616	AGSWGVGA:0.23809523809523808	GSWGVGAV:0.23809523809523808	ARARFGLP:0.42857142857142855	GWVDDMPG:0.3333333333333333	LVAGSWGV:0.5714285714285714	DVLVQNAG:0.42857142857142855	PVVVCGRN:0.6190476190476191	VAVPVVVC:0.23809523809523808	ASYRCIPG:0.3333333333333333	FLTDFSVH:0.23809523809523808	LLVAGSWG:0.5714285714285714	VGAGHDGA:0.6190476190476191	LALLVAGS:0.5714285714285714	DFLDLLPA:0.23809523809523808	GLPVASYR:0.38095238095238093	VAGSWGVG:0.6666666666666666	LPVASYRC:0.3333333333333333	APLALLVA:0.2857142857142857	ASVGAGHD:0.5714285714285714	DDMPGLMH:0.3333333333333333	GAGHDGAA:0.7142857142857143	VDDMPGLM:0.3333333333333333	YRCIPGHG:0.3333333333333333	SVGAGHDG:0.5714285714285714	TFLTDFSV:0.23809523809523808	VQNAGGLT:0.5238095238095238	PVASYRCI:0.3333333333333333	ALLVAGSW:0.5714285714285714	ISASVGAG:0.38095238095238093	SYRCIPGH:0.3333333333333333	IPGHGRAN:0.23809523809523808	VVVCGRNE:0.3333333333333333	PGHGRANA:0.2857142857142857	AGGLTSLE:0.42857142857142855	GGLTSLEA:0.42857142857142855	NAGGLTSL:0.42857142857142855	FAAGLPVA:0.2857142857142857	QNAGGLTS:0.38095238095238093	GLTSLEAF:0.3333333333333333	AFAAGLPV:0.2857142857142857	AGHDGAAA:0.2857142857142857	AGSWGVGP:0.2857142857142857	EAFAAGLP:0.2857142857142857	AGLPVASY:0.2857142857142857	LEAFAAGL:0.2857142857142857	TYLTDFSV:0.2857142857142857	VVSTYPGA:0.23809523809523808	SLEAFAAG:0.2857142857142857	YLTDFSVH:0.2857142857142857	TSLEAFAA:0.2857142857142857	LTSLEAFA:0.3333333333333333	VSTYPGAS:0.23809523809523808	AVVSTYPG:0.23809523809523808	AAGLPVAS:0.2857142857142857	HDGAAAEL:0.23809523809523808	GHDGAAAE:0.23809523809523808	DFSVHPLW:0.23809523809523808	TDFSVHPL:0.23809523809523808	LMHAADVL:0.23809523809523808	MHAADVLV:0.23809523809523808	ADVLVQNA:0.23809523809523808	HAADVLVQ:0.23809523809523808	AADVLVQN:0.23809523809523808	LTDFSVHP:0.23809523809523808	
