cluster number:44
GT28:239	GT28:239
CRSGASTV:0.24267782426778242	GGYPTVPP:0.4602510460251046	YPTVPPLL:0.30962343096234307	TDSRAERY:0.20920502092050208	NAVMGRAN:0.694560669456067	ATIGSKNP:0.26778242677824265	EQNAVMGR:0.6317991631799164	TGGHLFPA:0.7405857740585774	QAANAAAL:0.3891213389121339	AVMGRANK:0.3723849372384937	IGRPAILV:0.23430962343096234	GNPVRPAV:0.2803347280334728	LVTDSRAE:0.2803347280334728	GGTGGHLF:0.7489539748953975	AANAAALA:0.33472803347280333	VFGGSQGA:0.694560669456067	HDQAANAA:0.46443514644351463	FPAEALAH:0.28870292887029286	GGSQGAQF:0.2594142259414226	VHLVTDSR:0.2803347280334728	VPSATIGS:0.2594142259414226	HLFPAEAL:0.5815899581589958	FGGSQGAQ:0.42677824267782427	GHLFPAEA:0.5983263598326359	LVVFGGSQ:0.28451882845188287	FGGYPTVP:0.4602510460251046	LDHDQAAN:0.47280334728033474	TVPPLLAA:0.2719665271966527	VGFGGYPT:0.6443514644351465	ALDHDQAA:0.47280334728033474	GYPTVPPL:0.3598326359832636	RSGASTVS:0.5104602510460251	DQAANAAA:0.39748953974895396	AIAGGFLP:0.3179916317991632	VTDSRAER:0.2803347280334728	AGGTGGHL:0.7489539748953975	AAGGTGGH:0.7698744769874477	GTGGHLFP:0.7489539748953975	IHEQNAVM:0.4309623430962343	HEQNAVMG:0.6317991631799164	VVGFGGYP:0.6276150627615062	PSATIGSK:0.25523012552301255	AVVGFGGY:0.3472803347280335	HLVTDSRA:0.2803347280334728	SATIGSKN:0.26778242677824265	AEALAHEL:0.23430962343096234	GASTVSEI:0.32217573221757323	GGHLFPAE:0.6234309623430963	TGNPVRPA:0.39330543933054396	DSRAERYA:0.20502092050209206	DHDQAANA:0.47280334728033474	GRPAILVP:0.24686192468619247	QNAVMGRA:0.6359832635983264	GFGGYPTV:0.4602510460251046	VPPLLAAT:0.21338912133891214	GSQGAQFF:0.2594142259414226	LFPAEALA:0.35564853556485354	VVFGGSQG:0.28870292887029286	SQGAQFFS:0.2594142259414226	PTVPPLLA:0.30962343096234307	PAEALAHE:0.23430962343096234	SGASTVSE:0.5104602510460251	NPVRPAVL:0.20502092050209206	LAAGGTGG:0.7280334728033473	SRAERYAG:0.20502092050209206	ANAAALAA:0.3179916317991632	LLAAGGTG:0.5104602510460251	IGRPSILV:0.26778242677824265	RPSILVPL:0.24267782426778242	GRPSILVP:0.28870292887029286	FGGSQGAR:0.2217573221757322	VLLAAGGT:0.2217573221757322	GGSQGARV:0.2510460251046025	GSQGARVM:0.2384937238493724	PSILVPLP:0.24267782426778242	IHVVPSAT:0.22594142259414227	VVPSATIG:0.24267782426778242	HVVPSATI:0.24686192468619247	PHALDHDQ:0.3305439330543933	GTGGHVFP:0.2217573221757322	VFPAEALA:0.200836820083682	YPHALDHD:0.25523012552301255	PYPHALDH:0.25523012552301255	HALDHDQA:0.3305439330543933	MGRANKAL:0.24267782426778242	VMGRANKA:0.24267782426778242	HVFPAEAL:0.20920502092050208	AGGTGGHV:0.2301255230125523	TGGHVFPA:0.2217573221757322	GRANKALA:0.24267782426778242	GHVFPAEA:0.20920502092050208	VPYPHALD:0.23430962343096234	LVPYPHAL:0.2217573221757322	GGHVFPAE:0.20920502092050208	GGTGGHVF:0.2217573221757322	GFGGYPTL:0.3138075313807531	LLVFGGSQ:0.3054393305439331	GGYPTLPP:0.301255230125523	IAGGFLPE:0.23430962343096234	LVFGGSQG:0.39330543933054396	GYPTLPPL:0.28870292887029286	FGGYPTLP:0.3054393305439331	ELAAIGRP:0.20502092050209206	AVMGRANR:0.24267782426778242	VICRSGAS:0.200836820083682	LVICRSGA:0.200836820083682	ILLAAGGT:0.27615062761506276	
