cluster number:17
GT28:6	GT28:6
TYCGEFSG:0.8333333333333334	GGGHDARA:0.5	YCGEFSGG:0.8333333333333334	TGGGHDAR:0.5	VNFYNWIQ:0.3333333333333333	ATYCGEFS:0.6666666666666666	VRCATYCG:0.6666666666666666	NRGYFQLA:0.5	YRPHLVFS:0.3333333333333333	SNGANNHF:0.3333333333333333	EYRPHLVF:0.3333333333333333	RCATYCGE:0.6666666666666666	SSTGGGHD:0.3333333333333333	RPHLVFSV:0.3333333333333333	FRCPIIFN:0.3333333333333333	ILVLTSST:0.6666666666666666	FSGGWGYS:0.3333333333333333	VFSVHDCL:0.5	TSSTGGGH:0.5	ARAQAFAE:0.5	EQMLEKSS:0.6666666666666666	GHDARAQA:0.5	TVFLATGS:0.3333333333333333	RFTVFLAT:0.3333333333333333	GEFSGGWG:0.3333333333333333	DVRIEQML:0.6666666666666666	GGHDARAQ:0.3333333333333333	CATYCGEF:0.6666666666666666	GGTTSCAK:0.3333333333333333	RCPIIFNA:0.3333333333333333	LTSSTGGG:0.5	HDARAQAF:0.5	RILVLTSS:0.6666666666666666	RGYFQLAR:0.5	GTTSCAKA:0.3333333333333333	HDCLNRGY:0.6666666666666666	AQAFAEWC:0.6666666666666666	VRIEQMLE:0.6666666666666666	EFSGGWGY:0.3333333333333333	TTSCAKAL:0.3333333333333333	VHDCLNRG:0.6666666666666666	RGGTTSCA:0.3333333333333333	ATGSNGAN:0.3333333333333333	GYFQLARK:0.5	LATGSNGA:0.3333333333333333	GSNGANNH:0.3333333333333333	LVFSVHDC:0.5	DCLNRGYF:0.6666666666666666	VLTSSTGG:0.5	IEQMLEKS:0.6666666666666666	HLVFSVHD:0.5	DARAQAFA:0.5	QAFAEWCF:0.5	NVRCATYC:0.3333333333333333	RIEQMLEK:0.6666666666666666	CGEFSGGW:0.3333333333333333	CLNRGYFQ:0.6666666666666666	RAQAFAEW:0.6666666666666666	GVNFYNWI:0.3333333333333333	LVLTSSTG:0.6666666666666666	TGSNGANN:0.3333333333333333	STGGGHDA:0.3333333333333333	SVHDCLNR:0.6666666666666666	PHLVFSVH:0.5	FSVHDCLN:0.5	VFLATGSN:0.3333333333333333	FTVFLATG:0.6666666666666666	LNRGYFQL:0.5	FLATGSNG:0.3333333333333333	RVRILVLT:0.3333333333333333	VTRGGTTT:0.3333333333333333	TARDYAVK:0.3333333333333333	VFLATGGN:0.3333333333333333	CGEFSGGF:0.3333333333333333	EFSGGFGY:0.3333333333333333	SADLYISR:0.3333333333333333	ATGGNGAN:0.3333333333333333	AKALHFRC:0.3333333333333333	DAIVTRGG:0.3333333333333333	TRGGTTTC:0.3333333333333333	RGGTTTCA:0.3333333333333333	FLATGGNG:0.3333333333333333	VRILVLTS:0.3333333333333333	AIVTRGGT:0.3333333333333333	WVEPSADL:0.3333333333333333	RYEEDPTL:0.3333333333333333	TGGNGANN:0.3333333333333333	HLLMQVSD:0.3333333333333333	VDVRIEQM:0.5	KALHFRCP:0.3333333333333333	EPSADLYI:0.3333333333333333	PSADLYIS:0.3333333333333333	LATGGNGA:0.3333333333333333	TVFLATGG:0.3333333333333333	AEWCFELY:0.3333333333333333	GGNGANNH:0.3333333333333333	VHLLMQVS:0.3333333333333333	VLTSSTGA:0.3333333333333333	GEFSGGFG:0.3333333333333333	TSSTGAGH:0.3333333333333333	FYNWIQKK:0.3333333333333333	EWCFELYR:0.3333333333333333	ALHFRCPI:0.3333333333333333	VEPSADLY:0.3333333333333333	FAEWCFEL:0.3333333333333333	QMLEKSSG:0.3333333333333333	LRYEEDPT:0.3333333333333333	GNGANNHL:0.3333333333333333	IVTRGGTT:0.5	LTSSTGAG:0.3333333333333333	WCFELYRH:0.3333333333333333	FSGGFGYS:0.3333333333333333	SSTGAGHD:0.3333333333333333	AFAEWCFE:0.3333333333333333	YEEDPTLV:0.3333333333333333	ADLYISRT:0.3333333333333333	CAKALHFR:0.3333333333333333	NWVEPSAD:0.3333333333333333	
