cluster number:82
GT28:42	GT28:42
TTGGTGGH:0.40476190476190477	GHIFPALA:0.5238095238095238	HIFPALAV:0.5	IFPALAVA:0.5	GTGGHIFP:0.5	LTTGGTGG:0.35714285714285715	TGGTGGHI:0.40476190476190477	GGHIFPAL:0.5	TGGHIFPA:0.5	PALAVAEE:0.21428571428571427	GGTGGHIF:0.5	FPALAVAE:0.35714285714285715	VLGMGGFV:0.21428571428571427	AGGTGGHV:0.42857142857142855	FIDDMAAA:0.23809523809523808	LVLGGSQG:0.3333333333333333	FPALAVAD:0.2857142857142857	VLGGSQGA:0.3333333333333333	MAGGTGGH:0.35714285714285715	GTGGHVFP:0.38095238095238093	GHVFPALA:0.38095238095238093	HVFPALAV:0.38095238095238093	IMAGGTGG:0.35714285714285715	TGGHVFPA:0.38095238095238093	GGHVFPAL:0.38095238095238093	GGTGGHVF:0.38095238095238093	VFPALAVA:0.38095238095238093	EQNSVPGV:0.21428571428571427	QNSVPGVT:0.21428571428571427	GFGGYAGF:0.21428571428571427	HEQNSVPG:0.2857142857142857	NSVPGVTN:0.21428571428571427	
