cluster number:82
CBM32:6	CBM32:6
IDDPSVAD:0.3333333333333333	CEGRRDFP:0.3333333333333333	NDAPDRDP:0.3333333333333333	SGNDAPDR:0.3333333333333333	SNDGENWE:0.5	DGENWEVL:0.3333333333333333	WEIDDPSV:0.3333333333333333	DGDLNSKY:0.3333333333333333	FQMSEWRL:0.3333333333333333	LTSGNDAP:0.5	EIDDPSVA:0.3333333333333333	EGRRDFPD:0.3333333333333333	RDFPDLVE:0.3333333333333333	QMSEWRLL:0.3333333333333333	RDPRDWQI:0.3333333333333333	RRDFPDLV:0.3333333333333333	GRRDFPDL:0.3333333333333333	GLFQMSEW:0.3333333333333333	TSGNDAPD:0.3333333333333333	GDLNSKYL:0.3333333333333333	GENWEVLD:0.3333333333333333	LFQMSEWR:0.3333333333333333	GNDAPDRD:0.3333333333333333	NDGENWEV:0.3333333333333333	GRNLTREF:0.3333333333333333	GPNAGEGS:0.3333333333333333	GGPNAGEG:0.3333333333333333	ASNDGENW:0.3333333333333333	GEGSLKLV:0.3333333333333333	AGEGSLKL:0.3333333333333333	YTLTSGND:0.5	EGSLKLVD:0.3333333333333333	KLVDNDIT:0.3333333333333333	VDNDITTK:0.3333333333333333	DNDITTKF:0.3333333333333333	LVDNDITT:0.3333333333333333	NDITTKFL:0.3333333333333333	
