cluster number:120
CBM32:33	CBM32:33|PL7_5:32|CBM16:4|CBM13:2|4.2.2.11:2|4.2.2.3:2
NKNNWVFS:0.36363636363636365	RLYYRKLP:0.8484848484848485	IRLYYRKL:0.696969696969697	EPIRLYYR:0.696969696969697	DEPIRLYY:0.6363636363636364	NWVFSSAP:0.48484848484848486	NNWVFSSA:0.48484848484848486	KNNWVFSS:0.30303030303030304	PIRLYYRK:0.696969696969697	ASSHDGNG:0.24242424242424243	KGVNKNNW:0.21212121212121213	LRRGDTSI:0.21212121212121213	DDYVQATF:0.2727272727272727	RFIIGQIH:0.3333333333333333	GVNKNNWV:0.6363636363636364	LYYRKLPN:0.2727272727272727	NTKYARTE:0.3333333333333333	YYRKLPNQ:0.21212121212121213	FKAGVYNQ:0.6363636363636364	EATLKIDH:0.30303030303030304	WNSVTELA:0.24242424242424243	IIGQIHDQ:0.21212121212121213	SSHDGNGP:0.24242424242424243	VGRFIIGQ:0.3333333333333333	GDDGIALG:0.21212121212121213	KAGVYNQN:0.6363636363636364	EMLRRGDT:0.2727272727272727	SHDGNGPD:0.24242424242424243	GGKYMYFK:0.21212121212121213	DYVQATFY:0.3939393939393939	EVGRFIIG:0.30303030303030304	YMYFKAGV:0.48484848484848486	WYLSQPFD:0.24242424242424243	DGNGPDRL:0.21212121212121213	GIALGEKF:0.21212121212121213	SVTELAAV:0.24242424242424243	VNKNNWVF:0.5454545454545454	MYFKAGVY:0.5454545454545454	AGVYNQNI:0.21212121212121213	TKGVNKNN:0.21212121212121213	FIIGQIHD:0.3333333333333333	LSQPFDHD:0.24242424242424243	NSVTELAA:0.24242424242424243	GKYMYFKA:0.21212121212121213	HDGNGPDR:0.21212121212121213	YFKAGVYN:0.6363636363636364	REMLRRGD:0.3939393939393939	YLSQPFDH:0.24242424242424243	DDEPIRLY:0.45454545454545453	GRFIIGQI:0.3333333333333333	KYMYFKAG:0.21212121212121213	MLRRGDTS:0.2727272727272727	DGIALGEK:0.24242424242424243	TELREMLR:0.2727272727272727	QGVNKNNW:0.36363636363636365	LREMLRRG:0.45454545454545453	DMSDSGYD:0.2727272727272727	GVYNQNNT:0.30303030303030304	KNNWVFGS:0.24242424242424243	TQGVNKNN:0.3333333333333333	VGRVIIGQ:0.2727272727272727	AGVYNQNN:0.3333333333333333	ELREMLRR:0.45454545454545453	QVGRVIIG:0.2727272727272727	NNWVFGSA:0.30303030303030304	RVIIGQIH:0.3939393939393939	VDMSDSGY:0.2727272727272727	VYNQNNTG:0.30303030303030304	IIGQIHAN:0.21212121212121213	IGQIHAND:0.30303030303030304	NKNNWVFG:0.24242424242424243	GQIHANDD:0.30303030303030304	GRVIIGQI:0.3939393939393939	RTELREML:0.2727272727272727	IHANDDEP:0.30303030303030304	VIIGQIHA:0.3939393939393939	QIHANDDE:0.30303030303030304	LERFQFEP:0.2727272727272727	SEWNLANG:0.21212121212121213	VRYVGHGN:0.24242424242424243	TKYARTEL:0.2727272727272727	DGEWAMLD:0.24242424242424243	EWNLANGY:0.21212121212121213	RFQFEPAV:0.24242424242424243	DVSEWNLA:0.21212121212121213	GEWAMLDY:0.24242424242424243	ARTELREM:0.21212121212121213	IFYTADDG:0.24242424242424243	YVRYVGHG:0.24242424242424243	KYARTELR:0.2727272727272727	GLERFQFE:0.2727272727272727	IDHATTTG:0.2727272727272727	VFKSYVKG:0.21212121212121213	LGLERFQF:0.21212121212121213	GDGEWAML:0.24242424242424243	YARTELRE:0.21212121212121213	FYTADDGG:0.2727272727272727	TASSHDGN:0.24242424242424243	TELAAVNC:0.24242424242424243	DDVSEWNL:0.21212121212121213	RYVRYVGH:0.24242424242424243	AMLDYGSV:0.24242424242424243	KIDHATTT:0.2727272727272727	ERFQFEPA:0.24242424242424243	EWAMLDYG:0.24242424242424243	TLKIDHAT:0.2727272727272727	ARYVRYVG:0.24242424242424243	LKIDHATT:0.2727272727272727	ALGLERFQ:0.21212121212121213	WAMLDYGS:0.24242424242424243	ATLKIDHA:0.2727272727272727	PDDVSEWN:0.21212121212121213	VSEWNLAN:0.21212121212121213	LYYRKLPG:0.30303030303030304	GSRSSSAS:0.24242424242424243	MIGSRSSS:0.24242424242424243	IGSRSSSA:0.24242424242424243	KTSTNTSY:0.21212121212121213	VTELAAVN:0.21212121212121213	LEATLKID:0.24242424242424243	YYRKLPGN:0.24242424242424243	WYLSVPTD:0.2727272727272727	VVQVVDMS:0.21212121212121213	DVVQVVDM:0.21212121212121213	VRVELREM:0.21212121212121213	NTNYVRVE:0.21212121212121213	HANDDEPI:0.24242424242424243	YVRVELRE:0.21212121212121213	NDDEPIRL:0.24242424242424243	YFKVGVYH:0.21212121212121213	ANDDEPIR:0.24242424242424243	RVELREML:0.24242424242424243	NYVRVELR:0.21212121212121213	VELREMLR:0.24242424242424243	TNYVRVEL:0.21212121212121213	
