cluster number:20
CBM32:12	CBM32:12|GH0:11
SEYNRFEY:0.25	NYFHHNTS:0.5	YGVEGASL:0.4166666666666667	ACSEDYGV:0.4166666666666667	SGAWGVLI:0.3333333333333333	CSEDYGVE:0.5	YNYFEGNT:0.25	EGASLELY:0.3333333333333333	YAKRNYFH:0.3333333333333333	RLLLKRGC:0.4166666666666667	LTALLASC:0.25	LTAGVHLE:0.3333333333333333	KDTVWTDG:0.25	EYNRFEYN:0.25	DDQLSTWW:0.25	ASLELYYA:0.3333333333333333	LLKRGCSW:0.3333333333333333	YYAKRNYF:0.3333333333333333	GNTACSED:0.4166666666666667	IGLTALLA:0.25	AYNYFEGN:0.3333333333333333	TSINDTTF:0.5833333333333334	AWGVLING:0.3333333333333333	FEGNTACS:0.4166666666666667	SEDYGVEG:0.5	NTSINDTT:0.5833333333333334	GASLELYY:0.3333333333333333	NGRGEALV:0.4166666666666667	SGLTAGVH:0.25	TNGRGEAL:0.4166666666666667	DTVWTDGP:0.25	GLTAGVHL:0.4166666666666667	RNYFHHNT:0.3333333333333333	EGNTACSE:0.4166666666666667	FHHNTSIN:0.5	ELYYAKRN:0.3333333333333333	DRLLLKRG:0.25	NYFEGNTA:0.4166666666666667	VEGASLEL:0.3333333333333333	LYYAKRNY:0.3333333333333333	GVEGASLE:0.4166666666666667	TVWTDGPI:0.25	GLTALLAS:0.25	KRNYFHHN:0.3333333333333333	WDDQLSTW:0.25	NEVAYNYF:0.25	YFHHNTSI:0.5	HHNTSIND:0.5833333333333334	YFEGNTAC:0.4166666666666667	LELYYAKR:0.3333333333333333	SLELYYAK:0.3333333333333333	GVHLEDGA:0.25	LLLKRGCS:0.3333333333333333	RSEYNRFE:0.25	VWTDGPIN:0.25	WGVLINGD:0.3333333333333333	TACSEDYG:0.4166666666666667	PGDRLLLK:0.25	TAGVHLED:0.25	DYGVEGAS:0.5	AGVHLEDG:0.25	GAWGVLIN:0.3333333333333333	NRSEYNRF:0.25	AKRNYFHH:0.3333333333333333	NTACSEDY:0.4166666666666667	ASGLTAGV:0.25	EDYGVEGA:0.5	GDRLLLKR:0.25	NDSGAWGV:0.3333333333333333	HNTSINDT:0.5833333333333334	DSGAWGVL:0.6666666666666666	TFTELGGS:0.25	SDSNSGTS:0.3333333333333333	SNSGTSTG:0.3333333333333333	DSNSGTST:0.3333333333333333	GSDSNSGT:0.3333333333333333	VKYDDDSG:0.25	SARYIRVT:0.25	QSARYIRV:0.25	GRGEALVI:0.3333333333333333	GTVFNHNT:0.25	RGEALVIR:0.3333333333333333	GEALVIRG:0.3333333333333333	TVFNHNTV:0.25	NPGTVFNH:0.25	PGTVFNHN:0.25	DDSGAWGV:0.3333333333333333	DGQYKVTI:0.25	DTTFTELG:0.3333333333333333	SGAWGVLL:0.25	FYRGANRK:0.3333333333333333	TTFTELGG:0.3333333333333333	GVFCGEGC:0.25	YRGANRKA:0.3333333333333333	NDTTFTEL:0.25	INDTTFTE:0.3333333333333333	DDDSGAWG:0.3333333333333333	SINDTTFT:0.3333333333333333	QLDGQYKV:0.25	AFYRGANR:0.3333333333333333	NTNGRGEA:0.25	GANPGTVF:0.25	KYDDDSGA:0.3333333333333333	SWGANPGT:0.3333333333333333	ANPGTVFN:0.25	WGANPGTV:0.25	LDGQYKVT:0.25	YDDDSGAW:0.3333333333333333	RGANRKAT:0.3333333333333333	GAWGVLLN:0.25	SSWGANPG:0.3333333333333333	GANRKATF:0.25	GSNWTKVL:0.25	VLSKVTSS:0.25	NSAIAITE:0.25	GRTYYVDC:0.25	VDCSNGSD:0.25	RSVGKVNN:0.25	NTENSAIA:0.25	ARYIRVTN:0.3333333333333333	CSNGSDSN:0.25	STGSAWRS:0.25	DGSNWTKV:0.25	YYVDCSNG:0.25	SVGKVNNS:0.25	LSKVTSSG:0.25	YVDCSNGS:0.25	ISLAFYRG:0.25	GNTENSAI:0.25	SLAFYRGA:0.25	NSGTSTGS:0.25	NRKATFDV:0.25	SGTSTGSA:0.25	TENSAIAI:0.25	ANRKATFD:0.25	DCSNGSDS:0.25	LAFYRGAN:0.25	WTKVLSKV:0.3333333333333333	GKVNNSWL:0.25	AWRSVGKV:0.25	ENSAIAIT:0.25	TYYVDCSN:0.25	GAWGVLVN:0.25	NGSDSNSG:0.25	SNGSDSNS:0.25	SGAWGVLV:0.25	DLGSEKTI:0.25	KATFDVEL:0.3333333333333333	RKATFDVE:0.3333333333333333	KVNNSWLN:0.25	RTYYVDCS:0.25	NNSWLNAG:0.25	WLNAGERL:0.25	NWTKVLSK:0.25	VNNSWLNA:0.25	SWLNAGER:0.25	LGSEKTID:0.25	NSWLNAGE:0.25	VGKVNNSW:0.25	ATFDVELS:0.3333333333333333	GSAWRSVG:0.25	SNWTKVLS:0.25	TGSAWRSV:0.25	TSTGSAWR:0.25	KVTSSGST:0.25	SAIAITEA:0.25	SAWRSVGK:0.25	WRSVGKVN:0.25	GTSTGSAW:0.25	SKVTSSGS:0.25	KVLSKVTS:0.25	WVRYDLGS:0.25	LNAGERLL:0.25	TKVLSKVT:0.25	RVTNHGNT:0.25	IRVTNHGN:0.25	VTNHGNTE:0.25	RYIRVTNH:0.25	YIRVTNHG:0.25	SARNNIIV:0.25	LSARNNII:0.25	ILSARNNI:0.25	WGANPGTK:0.25	
