cluster number:113
CBM32:12	CBM32:12|PL7_3:5|PL7:3|PL6:2|CBM47:2|PL7_5:1|CBM6:1
LVDGDEDS:0.25	GDEDSRWS:0.25	DTGTRWSV:0.25	NLVDGDED:0.25	RAYQYTIE:0.25	DGDEDSRW:0.25	GSWVSLLE:0.25	VDGDEDSR:0.25	DRAYQYTI:0.3333333333333333	VDGDTGTR:0.25	RWSVSGFP:0.25	TRWSVSGF:0.25	SWVSLLEL:0.25	DGDTGTRW:0.25	LVDGDTGT:0.25	GDTGTRWS:0.25	NLVDGDTG:0.25	DEDSRWSA:0.25	TGTRWSVS:0.25	WSVSGFPQ:0.25	ASNLVDGD:0.25	GTRWSVSG:0.25	GSTELVCY:0.25	SFNGGKLR:0.25	FLSFNGGK:0.25	LSFNGGKL:0.25	YFKVGNYT:0.25	HLVATQIH:0.4166666666666667	HLFLSFNG:0.5	LFLSFNGG:0.5	YYSEDGNL:0.3333333333333333	LVATQIHG:0.4166666666666667	DGKHYCYY:0.25	YIRSELRE:0.3333333333333333	IRSELRER:0.5	VATQIHGN:0.4166666666666667	FKVGNYTQ:0.25	KVGNYTQS:0.25	ATQIHGNK:0.4166666666666667	VGNYTQSN:0.25	VKQAITHL:0.25	RSELRERE:0.25	YVKQAITH:0.25	EGSHLFLS:0.25	KQAITHLP:0.3333333333333333	CNQWKITY:0.3333333333333333	NYGEVLVY:0.25	NQWKITYP:0.4166666666666667	GSHLFLSF:0.25	RSDNGTTP:0.3333333333333333	GEVLVYDF:0.25	YGEVLVYD:0.25	NCNQWKIT:0.3333333333333333	DNGTTPNS:0.3333333333333333	QAITHLPI:0.3333333333333333	SHLFLSFN:0.4166666666666667	RLEGSHLF:0.25	LEGSHLFL:0.25	GNYTQSNP:0.25	SDNGTTPN:0.3333333333333333	IGNYTQSN:0.25	PIRSDNGT:0.25	NGTTPNSS:0.25	IRSDNGTT:0.25	FKIGNYTQ:0.25	KIGNYTQS:0.25	YFKIGNYT:0.25	APIRSDNG:0.25	TRWSANGS:0.25	RWSANGSG:0.25	AFYKGDQR:0.25	WSANGSGQ:0.25	VRIVGYGN:0.25	YVRIVGYG:0.25	
