cluster number:11
CBM32:32	CBM32:32|AA5_2:31|1.1.3.9:5
FTIGGSWS:0.59375	LPDGNVFI:0.28125	SVFQAGPS:0.71875	ALPGYWML:0.46875	HAWLFGWK:0.46875	MFCPGISM:0.4375	PDGNVFIT:0.28125	FHTSVVLP:0.46875	IALPGYWM:0.34375	ARGYQSSA:0.4375	QIVVTGGN:0.3125	GKNGEIYD:0.25	TIPRTYHS:0.25	FGWKKGSV:0.34375	FCPGISMD:0.4375	GNVFITGG:0.375	DGNVFITG:0.28125	QAGPSTAM:0.46875	RGYQSSAT:0.53125	GRHEVYLS:0.34375	AGVPSVAS:0.4375	LPGYWMLF:0.5	TDQRRIPL:0.5625	PSTAMNWY:0.46875	NHAWLFGW:0.46875	NGGGGLCG:0.65625	FQAGPSTA:0.46875	VFTIGGSW:0.5625	WKKGSVFQ:0.34375	GVPSVAST:0.53125	KHDMFCPG:0.34375	DPDSMNGN:0.21875	VNTDQRRI:0.6875	TATHTVNT:0.28125	GGKNGEIY:0.28125	IRYGTATH:0.3125	FNGGGGLC:0.59375	RHEVYLSS:0.34375	IGRHEVYL:0.34375	GRVFTIGG:0.46875	HTVNTDQR:0.78125	DGRVFTIG:0.375	VPSVASTI:0.46875	CPGISMDG:0.40625	SGIALPGY:0.28125	DNHAWLFG:0.46875	AGPSTAMN:0.46875	DSGIALPG:0.28125	TAMNWYYT:0.40625	LATRPKIT:0.40625	YGTATHTV:0.3125	NTDQRRIP:0.53125	GQIVVTGG:0.3125	DMFCPGIS:0.75	LIRYGTAT:0.3125	TSVVLPDG:0.5	SVASTIKV:0.28125	GTATHTVN:0.3125	FDAQIFTP:0.25	ASLIRYGT:0.46875	GNLATRPK:0.28125	THTVNTDQ:0.71875	RVFTIGGS:0.46875	PGYWMLFV:0.625	RYGTATHT:0.3125	WLFGWKKG:0.4375	TGGNDAKK:0.3125	RVFHTSVV:0.25	FITGGQSY:0.21875	GPSTAMNW:0.46875	TVNTDQRR:0.78125	HEVYLSSD:0.34375	GGGGLCGS:0.25	HFDAQIFT:0.25	NVFITGGQ:0.375	PSVASTIK:0.34375	VFNGGGGL:0.59375	KNGEIYDP:0.25	VFQAGPST:0.46875	VTGGNDAK:0.3125	GSVFQAGP:0.59375	AWLFGWKK:0.40625	NHFDAQIF:0.25	IVVTGGND:0.3125	WIGRHEVY:0.34375	IPRTYHSM:0.25	GWKKGSVF:0.34375	HDMFCPGI:0.75	FPVIPVAG:0.21875	WGPTLDFP:0.3125	KGSVFQAG:0.34375	STAMNWYY:0.40625	LFGWKKGS:0.34375	HTSVVLPD:0.5	EVYLSSDG:0.34375	WVPGPDMQ:0.25	SDGRVFTI:0.375	VFHTSVVL:0.25	VASTIKVT:0.28125	NLATRPKI:0.28125	SLIRYGTA:0.3125	GIALPGYW:0.34375	TIGGSWSG:0.59375	ATHTVNTD:0.5	KKGSVFQA:0.34375	GGNDAKKT:0.3125	VVTGGNDA:0.5	NGNLATRP:0.28125	TVFNGGGG:0.21875	GPTLDFPV:0.21875	VRVYHSIS:0.25	HSISLLLP:0.28125	MSGNAVMF:0.21875	LLLPDGRV:0.40625	TNHFDAQI:0.28125	PNSIVRVY:0.28125	LPDGRVFN:0.40625	YHSISLLL:0.28125	WGPTIDLP:0.21875	GNAVMFDA:0.25	RVYHSISL:0.28125	SGNAVMFD:0.25	SISLLLPD:0.28125	LLPDGRVF:0.40625	SIVRVYHS:0.28125	SLLLPDGR:0.3125	HGWLFGWK:0.25	DGRVFNGG:0.40625	ISLLLPDG:0.28125	NSIVRVYH:0.28125	IVRVYHSI:0.28125	NHFDAQIY:0.21875	PDGRVFNG:0.40625	VYHSISLL:0.28125	SLYDSSSD:0.21875	TSLYDSSS:0.21875	KNGEVYDP:0.3125	GSATHTVN:0.21875	NGSVFQAG:0.21875	NHGWLFGW:0.28125	SATHTVNT:0.21875	DNHGWLFG:0.28125	NSAGVPSV:0.25	GNAVMYDA:0.34375	VFQAGPSK:0.21875	IGGSWSGG:0.53125	NAVMYDAV:0.3125	CGNAVMYD:0.28125	MCGNAVMY:0.28125	SAGVPSVA:0.25	VAPDAMCG:0.21875	PARYVRLV:0.28125	RGVAPDAM:0.21875	GRVFNGGG:0.375	DAVKGKIL:0.28125	SDNHAWLF:0.25	AVKGKILT:0.28125	PDAMCGNA:0.3125	GVAPDAMC:0.21875	ARYVRLVA:0.28125	GYWMLFVM:0.28125	APDAMCGN:0.21875	RVFNGGGG:0.375	SMLPRQDG:0.21875	RSDNHAWL:0.21875	KGKILTFG:0.28125	GKILTFGG:0.375	ILTFGGSP:0.28125	GGGLCGDC:0.28125	VARGYQSS:0.25	YSNFETRP:0.21875	QFLSLRAS:0.21875	SSKTWTSL:0.21875	AFGGSPGG:0.21875	WTSIAEIN:0.21875	RPARYVRL:0.21875	GSLQFLSL:0.21875	DSDATTNA:0.21875	SLQFLSLR:0.21875	GNSYSFQV:0.21875	ETRPARYV:0.21875	NFETRPAR:0.21875	TVTKHDMF:0.21875	NSYSFQVP:0.28125	DAMCGNAV:0.21875	DATTNAHI:0.21875	VTKHDMFC:0.21875	SDATTNAH:0.21875	FEKNGEVY:0.25	TVFASNGL:0.21875	KYSNFETR:0.21875	TKHDMFCP:0.25	TTNAHIIT:0.21875	KILTFGGS:0.25	TSIAEINV:0.21875	VTVTKHDM:0.21875	TRPARYVR:0.25	QPWTSIAE:0.21875	SKTWTSLP:0.21875	AMCGNAVM:0.21875	LRASAPIG:0.21875	QDSDATTN:0.21875	PWTSIAEI:0.21875	DAFGGSPG:0.21875	ATTNAHII:0.21875	YQDSDATT:0.25	PSSKTWTS:0.21875	TVTVTKHD:0.21875	YSFQVPSD:0.28125	GGGGLCGD:0.25	RTVTVTKH:0.21875	PEGSLQFL:0.21875	LSLRASAP:0.21875	SYSFQVPS:0.28125	NDAFGGSP:0.21875	FLSLRASA:0.21875	FETRPARY:0.21875	SLRASAPI:0.21875	LQFLSLRA:0.21875	EGSLQFLS:0.21875	VFASNGLY:0.21875	SNFETRPA:0.21875	KSAGKRQS:0.21875	
