cluster number:123
CBM32:73	CBM32:73|GH16:39|GH64:10|GH0:9|GH3:4|GH55:2|GH28:2|GH128:2|CBM56:2|CBM12:1|GH81:1|CBM13:1|PL8:1
RVEARIKV:0.2602739726027397	YGRVEARI:0.2876712328767123	STTCQYTS:0.2054794520547945	EIDIMEHV:0.2054794520547945	DPASRWAT:0.3013698630136986	GYSLWEFQ:0.5616438356164384	VVLQWDPA:0.3424657534246575	IDIMEHVG:0.2054794520547945	STLHAPAY:0.2465753424657534	GSTTCQYT:0.2054794520547945	TCQYTSAR:0.2191780821917808	RGPWVFDH:0.2191780821917808	GPNNELEY:0.2054794520547945	GRVEARIK:0.273972602739726	NNELEYYT:0.2191780821917808	YSTLHAPA:0.2328767123287671	VGGDWPGP:0.2328767123287671	PASRWATS:0.2602739726027397	AVGGDWPG:0.273972602739726	TRGPWVFD:0.2191780821917808	QGLWPAFW:0.2054794520547945	LTVSGTGR:0.2054794520547945	GEIDIMEH:0.2054794520547945	YGYSLWEF:0.6986301369863014	PNNELEYY:0.2054794520547945	YSLWEFQV:0.5342465753424658	GGDWPGPP:0.2191780821917808	VLQWDPAY:0.2465753424657534	GLWPAFWM:0.3424657534246575	TYGRVEAR:0.2465753424657534	ASRWATSP:0.2054794520547945	LQWDPAYA:0.273972602739726	FTYGRVEA:0.2465753424657534	WLQVDLGS:0.2602739726027397	GYGYSLWE:0.2328767123287671	LLSQGRPA:0.2054794520547945	GRYVRMYG:0.3698630136986301	GTRWSSAF:0.3424657534246575	QWIQVDLG:0.2876712328767123	WIQVDLGA:0.2328767123287671	RYVRMYGT:0.410958904109589	TGRYVRMY:0.2328767123287671	GTGRYVRM:0.2465753424657534	DPQWIQVD:0.273972602739726	SGTGRYVR:0.2328767123287671	PQWIQVDL:0.273972602739726	VSGTGRYV:0.2191780821917808	TRWSSAFS:0.2465753424657534	RWSSAFSD:0.2328767123287671	PQWLQVDL:0.2876712328767123	SAFSDPQW:0.2054794520547945	DPQWLQVD:0.2876712328767123	QWLQVDLG:0.3424657534246575	QGRPATAS:0.2054794520547945	SQGRPATA:0.2054794520547945	GRPATASS:0.2054794520547945	LSQGRPAT:0.2054794520547945	PATASSTE:0.2328767123287671	VRMYGTAR:0.2054794520547945	SLWEFQVY:0.3013698630136986	LWEFQVYG:0.2876712328767123	VSGSGRYV:0.2054794520547945	SGSGRYVR:0.2054794520547945	
