cluster number:71
CBM32:78	CBM32:78|GH89:27|GH84:25|GH20:12|GH36:11|3.2.1.50:3|GH101:1
AAKYSNGE:0.47435897435897434	ETTYKFKG:0.23076923076923078	RHTIYNFK:0.6538461538461539	YKFKGLNR:0.3717948717948718	FASAAELN:0.32051282051282054	FKIAAKYS:0.47435897435897434	LEGYILYK:0.2692307692307692	IAAKYSNG:0.47435897435897434	KGLNRHTI:0.5	GGFASAAE:0.3076923076923077	FKGLNRHT:0.5	TYKFKGLN:0.23076923076923078	IYNFKIAA:0.6282051282051282	NRHTIYNF:0.6282051282051282	KYSNGEIS:0.2564102564102564	EGYILYKD:0.2692307692307692	AKYSNGEI:0.23076923076923078	TIYNFKIA:0.6538461538461539	DETTYKFK:0.23076923076923078	LYKDGKKV:0.5512820512820513	LNRHTIYN:0.6282051282051282	YNFKIAAK:0.6282051282051282	ASAAELNV:0.32051282051282054	KIAAKYSN:0.47435897435897434	NFKIAAKY:0.6282051282051282	GYILYKDG:0.2692307692307692	TTYKFKGL:0.23076923076923078	GLNRHTIY:0.5	EGLEGYIL:0.2692307692307692	HTIYNFKI:0.6538461538461539	TTEGLEGY:0.2692307692307692	TEGLEGYI:0.2692307692307692	KFKGLNRH:0.3717948717948718	ILYKDGKK:0.3717948717948718	GFASAAEL:0.3076923076923077	GLEGYILY:0.2692307692307692	YILYKDGK:0.3717948717948718	AVWWNYPV:0.23076923076923078	NTYIYAPK:0.23076923076923078	TYIYAPKD:0.23076923076923078	EFVKAKGD:0.20512820512820512	PKDDPYHR:0.2564102564102564	APKDDPYH:0.2564102564102564	INKKNVTV:0.21794871794871795	YAPKDDPY:0.2564102564102564	YIYAPKDD:0.2564102564102564	FVKAKGDV:0.20512820512820512	DETSYTFK:0.20512820512820512	IYAPKDDP:0.2564102564102564	EGFYGTPW:0.20512820512820512	KDGKKVAE:0.3333333333333333	YKDGKKVA:0.3333333333333333	KKNVTVTW:0.2564102564102564	GKKVAEIG:0.24358974358974358	DGKKVAEI:0.24358974358974358	KESITLRT:0.2692307692307692	GLEGYVLY:0.2692307692307692	VLSTRPEF:0.20512820512820512	DPFHEGGN:0.21794871794871795	VDPFHEGG:0.3333333333333333	PWIWNMLH:0.24358974358974358	GIGITPEA:0.2564102564102564	NARALVTT:0.2564102564102564	NNGVSLAS:0.2564102564102564	NFCTYSYT:0.2692307692307692	WNMLHNFG:0.2692307692307692	YALNFCTY:0.2692307692307692	LNFCTYSY:0.2692307692307692	ALNFCTYS:0.2692307692307692	IGITPEAI:0.2564102564102564	FCTYSYTM:0.2692307692307692	MLHNFGGR:0.2692307692307692	ESIINARP:0.2564102564102564	LHNFGGRM:0.2692307692307692	ARALVTTW:0.2564102564102564	RALVTTWG:0.2564102564102564	NMLHNFGG:0.2692307692307692	HNFGGRMG:0.2692307692307692	NGVSLASG:0.2564102564102564	RYALNFCT:0.2692307692307692	LVGRVIGE:0.2564102564102564	GNNGVSLA:0.2564102564102564	NLVGRVIG:0.2564102564102564	SASTWGHS:0.2564102564102564	
