cluster number:130
CBM32:6	CBM32:6|GH65:6
AGLVFWDA:0.3333333333333333	AVKQADVV:0.3333333333333333	TDPDEYAN:0.8333333333333334	PFLTGHGG:0.6666666666666666	GNCTGTGP:0.3333333333333333	LYSWTSGR:0.3333333333333333	SYAGLVFW:0.3333333333333333	NMTDPDEY:0.5	DSYAGLVF:0.3333333333333333	AFPFLTGH:0.5	SPSGCSAY:0.5	VKQADVVL:0.6666666666666666	NSISVGGL:0.3333333333333333	MTDPDEYA:0.6666666666666666	SGCSAYTY:0.5	LSPSGCSA:0.3333333333333333	QSPDGPAM:0.5	SDSYAGLV:0.3333333333333333	KQADVVLL:0.5	NCTGTGPC:0.3333333333333333	PAFPFLTG:0.5	SPDGPAMT:0.5	FPFLTGHG:0.6666666666666666	FLTGHGGA:0.6666666666666666	KYVGIAST:0.3333333333333333	PSGCSAYT:0.5	AAAGPFFE:0.5	YAGLVFWD:0.5	GLVFWDAD:0.3333333333333333	YVGIASTD:0.3333333333333333	GHGGANQV:0.5	DLFMQPGL:0.3333333333333333	YLRYRTFY:0.3333333333333333	TGHGGANQ:0.5	LNDLDYYA:0.3333333333333333	WDADLFMQ:0.3333333333333333	SAVRPVGI:0.3333333333333333	QSRGSVAN:0.3333333333333333	SGRFGNCT:0.6666666666666666	LEFTTMNG:0.3333333333333333	KQSPDGPA:0.3333333333333333	DGPAMTWA:0.5	WAQAPPVN:0.3333333333333333	NKLHVNEA:0.3333333333333333	FYWRGWPV:0.3333333333333333	ANQVTIFG:0.3333333333333333	EFTTMNGS:0.3333333333333333	CWDYEYHL:0.3333333333333333	TLEFTTMN:0.3333333333333333	DGATSTKW:0.3333333333333333	TSGRFGNC:0.6666666666666666	RGSVANGY:0.5	SRGSVANG:0.3333333333333333	GATSTKWQ:0.3333333333333333	NGTGATVA:0.5	PDGPAMTW:0.3333333333333333	GANQVTIF:0.3333333333333333	YLLQNTVG:0.3333333333333333	GPCWDYEY:0.3333333333333333	ATSTKWQP:0.3333333333333333	PWTSGRFG:0.3333333333333333	APFYQLSE:0.3333333333333333	HGGANQVT:0.5	TGPCWDYE:0.3333333333333333	TFYWRGWP:0.5	RTFYWRGW:0.5	RYRTFYWR:0.5	PFYQLSEQ:0.5	PCWDYEYH:0.3333333333333333	DPDEYANH:0.5	TDGATSTK:0.3333333333333333	FWDADLFM:0.3333333333333333	YRTFYWRG:0.5	WTSGRFGN:0.6666666666666666	LRYRTFYW:0.5	VSPSGCSA:0.3333333333333333	LTGHGGAN:0.5	GGANQVTI:0.3333333333333333	ADLFMQPG:0.3333333333333333	ATDGATST:0.3333333333333333	YPWTSGRF:0.3333333333333333	TNMTDPDE:0.3333333333333333	DADLFMQP:0.3333333333333333	RAPFYQLS:0.3333333333333333	FTTMNGSA:0.3333333333333333	NGTNFPWL:0.3333333333333333	TGATVAEW:0.3333333333333333	PDEYANHI:0.3333333333333333	GPAMTWAI:0.3333333333333333	NGGTHPAF:0.3333333333333333	HPAFPFLT:0.3333333333333333	FDWAQAPP:0.3333333333333333	KNGTGATV:0.3333333333333333	THPAFPFL:0.3333333333333333	GLTSDSYA:0.3333333333333333	YANHIDAG:0.3333333333333333	GATVAEWA:0.3333333333333333	WPLFSRRQ:0.3333333333333333	ATIAGFWD:0.3333333333333333	GTGATVAE:0.3333333333333333	ATVAEWAI:0.3333333333333333	GTHPAFPF:0.3333333333333333	DEYANHID:0.3333333333333333	EYANHIDA:0.3333333333333333	ANGYLGIN:0.3333333333333333	FATIAGFW:0.3333333333333333	ANHIDAGG:0.3333333333333333	LTSDSYAG:0.3333333333333333	GWPLFSRR:0.3333333333333333	GGTHPAFP:0.3333333333333333	RFGNCTGT:0.3333333333333333	FGNCTGTG:0.3333333333333333	PSLPPQIP:0.3333333333333333	GRFGNCTG:0.3333333333333333	SADGPAMT:0.3333333333333333	DPSLPPQI:0.3333333333333333	QSADGPAM:0.3333333333333333	YSWTSGRF:0.3333333333333333	SWTSGRFG:0.3333333333333333	
