cluster number:15
GH8:12	GH8:12|CBM9:1
SEGIGYGM:0.3333333333333333	VSEGIGYG:0.3333333333333333	EGIGYGML:0.3333333333333333	TVSEGIGY:0.3333333333333333	TYVLKPGD:0.25	GATDAELD:0.5	KKSSDFVR:0.25	LFDGLWLY:0.3333333333333333	NGATDAEL:0.5	AARTPWRI:0.3333333333333333	PGDQFGGS:0.25	KPGDQFGG:0.25	YVLKPGDQ:0.25	TPWRIAVD:0.25	PWRIAVDY:0.25	ALIVADYQ:0.25	LLTGNFYL:0.25	ARTPWRIA:0.3333333333333333	GQNGATDA:0.3333333333333333	LTGNFYLP:0.25	IGQNGATD:0.25	LKPGDQFG:0.25	DAARTPWR:0.4166666666666667	FLLTGNFY:0.25	VLKPGDQF:0.25	QNGATDAE:0.3333333333333333	ANTYVLKP:0.25	AAMAGENQ:0.25	FDGLWLYY:0.3333333333333333	EANTYVLK:0.25	TDAELDAA:0.5	ATDAELDA:0.5	LIVADYQW:0.25	NTYVLKPG:0.25	YDAARTPW:0.4166666666666667	RTPWRIAV:0.25	GGLVSDWC:0.25	NPSYFAPG:0.25	YANDKELF:0.25	VSEGIAYG:0.5	NDKELFDG:0.25	DKELFDGL:0.25	YFAPGYFR:0.25	PSYFAPGY:0.25	TNPSYFAP:0.25	KELFDGLW:0.25	SEGIAYGM:0.5	EGIAYGML:0.4166666666666667	IAYGMLLS:0.25	NGVMNWKI:0.3333333333333333	ANDKELFD:0.25	SYFAPGYF:0.25	GIAYGMLL:0.4166666666666667	NGRYRIKF:0.25	AYGMLLSA:0.25	YGMLLSAY:0.25	TVSEGIAY:0.4166666666666667	
