cluster number:13
GH8:702	GH8:702|3.2.1.4:7|3.2.1.-:1
LPAWLWGR:0.28347578347578345	SYALFFAL:0.3005698005698006	GFSAALLP:0.26638176638176636	QSYALFFA:0.3076923076923077	ALLEAGRL:0.2264957264957265	LLEAGRLW:0.7720797720797721	RFNPSYLP:0.3789173789173789	LLETAPKG:0.37037037037037035	SEGQSYGL:0.245014245014245	NPSYLPPQ:0.47435897435897434	VQRQRVAD:0.292022792022792	LPGKVGFA:0.2606837606837607	DPSDARKI:0.24643874643874644	GWDQHRFR:0.35327635327635326	RVYLWVGM:0.24074074074074073	EGQSYGLF:0.245014245014245	WPAWEQFK:0.32051282051282054	VGFSAAML:0.21937321937321938	TLFGQGWD:0.49145299145299143	PVGFSAAM:0.21082621082621084	FALAANDR:0.38461538461538464	AIRVYLWV:0.23931623931623933	SYLPPQLA:0.2678062678062678	YDAIRVYL:0.5213675213675214	SAAMLPFL:0.20655270655270655	WRFNPSYL:0.3789173789173789	TSEGQSYG:0.3561253561253561	GQSYGLFF:0.245014245014245	LLPGKVGF:0.33618233618233617	GSYDAIRV:0.32193732193732194	VIDPSDAR:0.2336182336182336	SYGLFFAL:0.245014245014245	MLLPGKVG:0.32763532763532766	EGRVIDPS:0.2222222222222222	QGWDQHRF:0.35327635327635326	PDWVRYEK:0.2264957264957265	WDQHRFRF:0.35327635327635326	VLTLFGQG:0.42735042735042733	QSYGLFFA:0.24643874643874644	LDSNSASD:0.2777777777777778	IRVYLWVG:0.24074074074074073	FFALAAND:0.38461538461538464	DAIRVYLW:0.5213675213675214	LFFALAAN:0.2094017094017094	RVIDPSDA:0.23219373219373218	PSYLPPQL:0.443019943019943	FGQGWDQH:0.3646723646723647	SYDAIRVY:0.5185185185185185	GQGWDQHR:0.3646723646723647	LLLETAPK:0.36324786324786323	GRVIDPSD:0.31339031339031337	FNPSYLPP:0.37749287749287747	GPVGFSAA:0.3817663817663818	NLRLLLET:0.2222222222222222	LRLLLETA:0.21937321937321938	LFGQGWDQ:0.48005698005698005	IDPSDARK:0.24074074074074073	RLLLETAP:0.3789173789173789	DQHRFRFT:0.24358974358974358	LTLFGQGW:0.5256410256410257	GFSAAMLP:0.22792022792022792	LETAPKGF:0.3732193732193732	FSAAMLPF:0.20655270655270655	PPEKVDVA:0.2094017094017094	LQNRDAQA:0.20797720797720798	WTQNNLAQ:0.2222222222222222	AWEQFKKD:0.2037037037037037	PFLQNRDA:0.21082621082621084	QNRDAQAV:0.20655270655270655	GLGSMLLP:0.23931623931623933	GSMLLPGK:0.22934472934472935	DARKITTS:0.2535612535612536	NRDAQAVQ:0.20655270655270655	TTSEGQSY:0.6353276353276354	GFSPDWVR:0.24358974358974358	ITTSEGQS:0.594017094017094	LEAGRLWK:0.38461538461538464	ARKITTSE:0.254985754985755	AVQRQRVA:0.23219373219373218	AQAVQRQR:0.25783475783475784	HLPAWLWG:0.32336182336182334	LPDWGQEC:0.20797720797720798	WEQFKKDY:0.2037037037037037	YVLTLFGQ:0.29914529914529914	KGFSPDWV:0.3190883190883191	LGSMLLPG:0.23931623931623933	DAQAVQRQ:0.2777777777777778	SPDWVRYE:0.2222222222222222	VLDSNSAS:0.20797720797720798	NNLAQGSL:0.20512820512820512	KITTSEGQ:0.42450142450142453	RKITTSEG:0.3333333333333333	VPGLGSML:0.2378917378917379	RDAQAVQR:0.2720797720797721	TQNNLAQG:0.2222222222222222	ETAPKGFS:0.32193732193732194	QAVQRQRV:0.25925925925925924	EAGRLWKE:0.2264957264957265	LPFLQNRD:0.2222222222222222	FSPDWVRY:0.24358974358974358	LLPDWGQE:0.20797720797720798	FLQNRDAQ:0.21082621082621084	GELLPDWG:0.21082621082621084	PGLGSMLL:0.23931623931623933	APKGFSPD:0.3603988603988604	PKGFSPDW:0.3732193732193732	ELLPDWGQ:0.2094017094017094	TAPKGFSP:0.358974358974359	QFKKDYIS:0.21652421652421652	PAWEQFKK:0.2492877492877493	TSEGQSYA:0.3974358974358974	EGQSYALF:0.301994301994302	RLPAWLWG:0.30484330484330485	GQSYALFF:0.3005698005698006	ARLPAWLW:0.20512820512820512	FFALVAND:0.33760683760683763	SEGQSYAL:0.301994301994302	LFFALVAN:0.3148148148148148	YGLFFALV:0.27492877492877493	FALVANDR:0.29772079772079774	VGFSAALL:0.21082621082621084	GLFFALVA:0.25925925925925924	AIRVYLWA:0.43874643874643876	RVYLWAGM:0.41452991452991456	IRVYLWAG:0.42165242165242167	VYLWAGML:0.31339031339031337	YNAIRVYL:0.2150997150997151	NAIRVYLW:0.21937321937321938	SLLEAGRL:0.41595441595441596	WSLLEAGR:0.30626780626780625	AWSLLEAG:0.29914529914529914	ASDADLWI:0.25783475783475784	SDADLWIA:0.254985754985755	DADLWIAY:0.2535612535612536	
