cluster number:22
GH8:13	GH8:13
DLDAARAL:0.5384615384615384	ASDADLDA:0.38461538461538464	TVSEGQAY:0.7692307692307693	AARALVLA:0.3076923076923077	ADLDAARA:0.5384615384615384	DADLDAAR:0.6153846153846154	QLDLGGTA:0.23076923076923078	PTYYGDAW:0.23076923076923078	VQDGRVVR:0.23076923076923078	DTVSEGQA:0.7692307692307693	VSEGQAYG:0.5384615384615384	SYASPAAY:0.23076923076923078	ARALVLAG:0.38461538461538464	DAARALVL:0.3076923076923077	SASDADLD:0.3076923076923077	EGQAYGLL:0.23076923076923078	LDAARALV:0.5384615384615384	SEGQAYGL:0.23076923076923078	SDADLDAA:0.38461538461538464	YNPSYASP:0.3076923076923077	RVVRRDQG:0.23076923076923078	PASDADLD:0.23076923076923078	GRVVRRDQ:0.3076923076923077	DGRVVRRD:0.38461538461538464	YAYNPSYA:0.23076923076923078	PYAYNPSY:0.23076923076923078	ARALVVAG:0.23076923076923078	AYNPSYAS:0.23076923076923078	AARALVVA:0.23076923076923078	LPPDWAQV:0.3076923076923077	DAARALVV:0.23076923076923078	PPDWAQVH:0.23076923076923078	EPYAYNPS:0.23076923076923078	GDTVSEGQ:0.46153846153846156	DQGGDTVS:0.38461538461538464	GGDTVSEG:0.38461538461538464	QGGDTVSE:0.38461538461538464	EGQAYGML:0.3076923076923077	NPSYASPA:0.23076923076923078	SEGQAYGM:0.3076923076923077	GQAYGMLI:0.23076923076923078	DGLLSWRW:0.23076923076923078	QAYGMLIA:0.23076923076923078	SAADADLD:0.23076923076923078	RFAESCDP:0.23076923076923078	EGQAYAML:0.23076923076923078	QAYAMLVA:0.23076923076923078	VSEGQAYA:0.3076923076923077	GQAYAMLV:0.23076923076923078	SEGQAYAM:0.3076923076923077	AESCDPAD:0.23076923076923078	
