cluster number:21
GH8:221	GH8:221|3.2.1.4:5|3.2.1.-:2
IAWALLRA:0.2171945701357466	KEWPPRMS:0.2081447963800905	LAVRDLTM:0.23076923076923078	NPSYFIFP:0.4479638009049774	YDAIRIPL:0.31221719457013575	NLNPSYFI:0.2850678733031674	NGNVSHTE:0.26244343891402716	EGQGFAML:0.47058823529411764	AWALLRAQ:0.21266968325791855	FAMLLAVA:0.2171945701357466	FDKLWQWT:0.36199095022624433	QTPAWINV:0.2081447963800905	LIAWALLR:0.22624434389140272	DRPAFDKL:0.22171945701357465	FYWRYNPV:0.29411764705882354	DYYSASLK:0.43891402714932126	PAKEWPPR:0.2081447963800905	TLIAWALL:0.26244343891402716	RLQTPAWI:0.2171945701357466	PAFDKLWQ:0.22171945701357465	RYNPVAPD:0.20361990950226244	YNPVAPDP:0.20361990950226244	AFDKLWQW:0.248868778280543	HTEGQGFA:0.48868778280542985	RPAFDKLW:0.22171945701357465	RMSYDAIR:0.2081447963800905	PRMSYDAI:0.2081447963800905	LNLNPSYF:0.20361990950226244	LQTPAWIN:0.20361990950226244	PSYFIFPA:0.4479638009049774	GQGFAMLL:0.2398190045248869	SHTEGQGF:0.5248868778280543	DKLWQWTD:0.3031674208144796	AKEWPPRM:0.2081447963800905	TEGQGFAM:0.48868778280542985	GDTLIAWA:0.2669683257918552	GGLLAVRD:0.5384615384615384	GLFYWRYN:0.4796380090497738	VSHTEGQG:0.6380090497737556	YWRYNPVA:0.24434389140271492	GFAMLLAV:0.2398190045248869	GNVSHTEG:0.26244343891402716	DDYYSASL:0.416289592760181	LLAVRDLT:0.4841628959276018	NVSHTEGQ:0.5067873303167421	AVRDLTMG:0.23076923076923078	LNPSYFIF:0.33031674208144796	NGLFYWRY:0.4841628959276018	QGFAMLLA:0.2398190045248869	SYFIFPAW:0.4434389140271493	PRLQTPAW:0.2171945701357466	GRIVDTGN:0.248868778280543	WRYNPVAP:0.24434389140271492	YPRLQTPA:0.21266968325791855	LFYWRYNP:0.4796380090497738	AIRIPLYL:0.4117647058823529	GLLAVRDL:0.5339366515837104	SYDAIRIP:0.3076923076923077	DAIRIPLY:0.5520361990950227	DTLIAWAL:0.2669683257918552	DGDTLIAW:0.2669683257918552	DKNNASDG:0.27601809954751133	PIADKNNA:0.2669683257918552	DPIADKNN:0.20361990950226244	SFDAIRIP:0.2669683257918552	LAVRDLTL:0.27601809954751133	KNNASDGD:0.27601809954751133	KDDYYSAS:0.23076923076923078	FDAIRIPL:0.2579185520361991	AVRDLTLG:0.2398190045248869	IAWALLKA:0.3755656108597285	YYSASLKM:0.2171945701357466	AWALLKAG:0.23529411764705882	SASLKMLV:0.20361990950226244	YSASLKML:0.2171945701357466	RFSYDAIR:0.2398190045248869	VVLNPSYF:0.22171945701357465	DVLIAWAL:0.27601809954751133	EGQGYGML:0.22171945701357465	GDVLIAWA:0.27601809954751133	DGDVLIAW:0.27601809954751133	GFAMLMAV:0.23076923076923078	LIAWALLK:0.3393665158371041	VLIAWALL:0.22624434389140272	ENGLFYWR:0.2171945701357466	QGFAMLMA:0.23076923076923078	GQGFAMLM:0.23076923076923078	
