cluster number:30
GH8:88	GH8:88|3.2.1.156:3|3.2.1.8:2
LLALSGNY:0.2727272727272727	VRTEGMSY:0.6136363636363636	DVRTEGMS:0.6136363636363636	TDPSYHLP:0.36363636363636365	PAPDGEEY:0.625	RTEGMSYG:0.5227272727272727	EGMSYGMM:0.6818181818181818	DGPAPDGE:0.2727272727272727	APDGEEYF:0.6477272727272727	GPAPDGEE:0.8977272727272727	GMSYGMMI:0.22727272727272727	FFSDAYRT:0.20454545454545456	SYHLPHFY:0.875	TEGMSYGM:0.5227272727272727	PSYHLPHF:0.8636363636363636	DPSYHLPH:0.8522727272727273	SDGPAPDG:0.20454545454545456	PDGEEYFA:0.6363636363636364	DGEEYFAM:0.3409090909090909	GEEYFAMA:0.20454545454545456	HFYELFAL:0.25	HLPHFYEL:0.4431818181818182	YGMMMAVQ:0.3977272727272727	SYGMMMAV:0.3977272727272727	LPHFYELF:0.4431818181818182	SDPSYHLP:0.5454545454545454	FAMALFFA:0.3977272727272727	RRYYDNCL:0.4772727272727273	GMMMAVQM:0.2840909090909091	EEYFAMAL:0.20454545454545456	RYYDNCLY:0.5113636363636364	YDNCLYFF:0.25	MSYGMMMA:0.3522727272727273	YYDNCLYF:0.25	GMSYGMMM:0.4090909090909091	PHFYELFA:0.375	YHLPHFYE:0.5795454545454546	DGEEFFAM:0.26136363636363635	LSGNYRIY:0.20454545454545456	LALSGNYR:0.2840909090909091	PAPDGEEF:0.29545454545454547	FFAMALFF:0.22727272727272727	RVAANIGL:0.22727272727272727	EEFFAMAL:0.25	ALSGNYRI:0.2727272727272727	APDGEEFF:0.2840909090909091	GEEFFAMA:0.25	TGLAPEYA:0.2159090909090909	EFFAMALF:0.22727272727272727	AMALFFAS:0.3068181818181818	YRVAANIG:0.22727272727272727	ATNAMASL:0.22727272727272727	TNAMASLA:0.22727272727272727	FSDPSYHL:0.3522727272727273	VAANIGLD:0.22727272727272727	PDGEEFFA:0.2840909090909091	FALLALSG:0.22727272727272727	EYADYDGK:0.2159090909090909	YADYDGKP:0.2159090909090909	DNKLIKFI:0.22727272727272727	NKLIKFIP:0.26136363636363635	PDNKLIKF:0.2159090909090909	RRYYDNFL:0.20454545454545456	RYYDNFLY:0.20454545454545456	KLIKFIPE:0.23863636363636365	
