cluster number:16
GH8:22	GH8:22
NATDGDLL:0.3181818181818182	NGGVSHSE:0.2727272727272727	DLLIAWAL:0.3181818181818182	NGNGGVSH:0.22727272727272727	ATDGDLLI:0.3181818181818182	LLIAWALL:0.2727272727272727	GDLLIAWA:0.3181818181818182	HSEGQGYG:0.6818181818181818	GVSHSEGQ:0.5454545454545454	DNGNGGVS:0.22727272727272727	SEGQGYGM:0.5909090909090909	NNATDGDL:0.5454545454545454	GGVSHSEG:0.2727272727272727	DGDLLIAW:0.3181818181818182	SHSEGQGY:0.6818181818181818	VSHSEGQG:0.6818181818181818	TDGDLLIA:0.3181818181818182	GNGGVSHS:0.2727272727272727	TDRNNASD:0.22727272727272727	SYWIFPAI:0.22727272727272727	GQGYGMLL:0.4090909090909091	ISHSEGQG:0.3181818181818182	RNNASDGD:0.3181818181818182	QGYGMLLA:0.4090909090909091	AVRVPLYL:0.4090909090909091	GYGMLLAV:0.22727272727272727	YGMLLAVA:0.22727272727272727	DRNNASDG:0.3181818181818182	EGQGYGML:0.4090909090909091	VRVPLYLA:0.4090909090909091	RVPLYLAW:0.45454545454545453	AWALLRAA:0.5	NASDGDML:0.2727272727272727	WALLRAAE:0.2727272727272727	NNASDGDM:0.2727272727272727	IAWALLRA:0.4090909090909091	LIAWALLR:0.5	GISHSEGQ:0.22727272727272727	DAVRVPLY:0.36363636363636365	DGRIVDTG:0.22727272727272727	GRIVDTGN:0.3181818181818182	VSLPGGTT:0.2727272727272727	PLYLAWDG:0.36363636363636365	GDMLIAWA:0.3181818181818182	LAAQSLGI:0.2727272727272727	LVLNPSYW:0.22727272727272727	PAIRAFAA:0.2727272727272727	GRDGFRKG:0.22727272727272727	DGYRDPYY:0.22727272727272727	VAASVGML:0.22727272727272727	AIRAFAAL:0.2727272727272727	TQVAASVG:0.22727272727272727	LAWDGYRD:0.22727272727272727	SVGMLAVY:0.22727272727272727	HLSALAAQ:0.2727272727272727	AAQSLGID:0.22727272727272727	SDGDMLIA:0.22727272727272727	TVLLPGRD:0.2727272727272727	GYRDPYYF:0.22727272727272727	VGMLAVYR:0.22727272727272727	TVSLPGGT:0.2727272727272727	PATVSLPG:0.2727272727272727	QVAASVGM:0.22727272727272727	LSALAAQS:0.2727272727272727	RIVDTGNK:0.22727272727272727	ALAAQSLG:0.2727272727272727	LLSKARFG:0.22727272727272727	AASVGMLA:0.22727272727272727	AWDGYRDP:0.22727272727272727	LPGRDGFR:0.2727272727272727	GLTVLLPG:0.2727272727272727	PGRDGFRK:0.2727272727272727	DGLVAWRW:0.22727272727272727	AQSLGIDP:0.22727272727272727	GGTTTQVA:0.22727272727272727	TTQVAASV:0.22727272727272727	MLAVYRLA:0.22727272727272727	GMLAVYRL:0.22727272727272727	LTVLLPGR:0.22727272727272727	LLPGRDGF:0.2727272727272727	ATVSLPGG:0.2727272727272727	MLIAWALL:0.3181818181818182	TTTQVAAS:0.22727272727272727	DGDMLIAW:0.3181818181818182	GTTTQVAA:0.22727272727272727	AGLTVLLP:0.22727272727272727	PGGTTTQV:0.22727272727272727	FPAIRAFA:0.22727272727272727	DAIRVPLY:0.22727272727272727	LPGGTTTQ:0.22727272727272727	ASDGDMLI:0.22727272727272727	LYLAWDGY:0.22727272727272727	DMLIAWAL:0.3181818181818182	ASVGMLAV:0.22727272727272727	YLAWDGYR:0.22727272727272727	WDGYRDPY:0.22727272727272727	VLLPGRDG:0.2727272727272727	SALAAQSL:0.2727272727272727	SLPGGTTT:0.22727272727272727	VPLYLAWD:0.36363636363636365	NKGVSHSE:0.22727272727272727	GNKGVSHS:0.22727272727272727	KGVSHSEG:0.22727272727272727	YDAVRVPL:0.22727272727272727	KQYGYDAV:0.22727272727272727	EDYYSTTL:0.22727272727272727	QYGYDAVR:0.22727272727272727	GYDAVRVP:0.3181818181818182	RDPYYFRP:0.22727272727272727	YGYDAVRV:0.22727272727272727	
