cluster number:6
GH8:96	GH8:96
LGKMLLPG:0.3229166666666667	GKMLLPGP:0.3229166666666667	PGLGKMLL:0.3229166666666667	SYDAIRTY:0.2708333333333333	NSASDADL:0.4270833333333333	GSYDAIRT:0.2708333333333333	SEGQSYGM:0.5	SASDADLW:0.4270833333333333	GLGKMLLP:0.3229166666666667	DAIRTYLW:0.20833333333333334	EGQSYGMF:0.20833333333333334	YALLEAAR:0.34375	AIRVYLWA:0.59375	ALVANDRA:0.3020833333333333	YDAIRVYL:0.6354166666666666	PGWLWGQG:0.22916666666666666	TSEGQSYG:0.5416666666666666	ASDADLWI:0.20833333333333334	RLPGWLWG:0.23958333333333334	GSYDAIRV:0.5833333333333334	LPGWLWGQ:0.22916666666666666	FALVANDR:0.4791666666666667	YLWAGMTP:0.28125	QSYGMLFA:0.22916666666666666	EGQSYGML:0.22916666666666666	ANSASDAD:0.3020833333333333	QDANSASD:0.22916666666666666	DAIRVYLW:0.6354166666666666	GQSYGMLF:0.22916666666666666	VYLWAGMT:0.2604166666666667	STSEGQSY:0.4375	HSTSEGQS:0.3125	DANSASDA:0.3020833333333333	SYDAIRVY:0.6354166666666666	LQDANSAS:0.20833333333333334	LGSYDAIR:0.4270833333333333	RVYLWAGM:0.3333333333333333	SYGMLFAL:0.22916666666666666	NHSTSEGQ:0.23958333333333334	IRVYLWAG:0.59375	FVQADGRV:0.22916666666666666	LNPSYLPL:0.34375	NPSYLPLP:0.3541666666666667	RLNPSYLP:0.4479166666666667	PVYYDRVL:0.22916666666666666	TRLNPSYL:0.25	LLPGPQGF:0.3125	YYDRVLGL:0.22916666666666666	SGEGPLSY:0.21875	VYYDRVLG:0.22916666666666666	ASDSDLWI:0.23958333333333334	VTRLNPSY:0.21875	DSDLWIAY:0.3020833333333333	NSASDSDL:0.2604166666666667	GEGPLSYW:0.22916666666666666	SASDSDLW:0.2604166666666667	MLLPGPQG:0.3125	FFALVAND:0.4270833333333333	RVYLWAGL:0.25	PMLLPGPQ:0.25	DLWIAYDL:0.2916666666666667	DRVLGLFG:0.22916666666666666	SDLWIAYD:0.2604166666666667	YDRVLGLF:0.22916666666666666	GVLDPNSA:0.22916666666666666	SDSDLWIA:0.23958333333333334	GPMLLPGP:0.2916666666666667	GFAPDWAA:0.23958333333333334	GQSYAMFF:0.25	MFFALVAN:0.2916666666666667	EGQSYAMF:0.25	QSYAMFFA:0.2604166666666667	YAMFFALV:0.2708333333333333	SEGQSYAM:0.2604166666666667	SYAMFFAL:0.2604166666666667	TTSEGQSY:0.28125	YGMFFALV:0.20833333333333334	GMFFALVA:0.20833333333333334	SYGMFFAL:0.20833333333333334	QTTSEGQS:0.21875	QSYGMFFA:0.20833333333333334	
