cluster number:7
GH130:19	GH130:19
VNQVVFLE:0.21052631578947367	VFNPAVVV:0.21052631578947367	NQVVFLEG:0.21052631578947367	EEKDVFNP:0.42105263157894735	WEEKDVFN:0.42105263157894735	LFDKNDPT:0.21052631578947367	KDVFNPAV:0.21052631578947367	TSDDLIHW:0.2631578947368421	DSKIAVAT:0.21052631578947367	GKYWMYWG:0.42105263157894735	EKDVFNPA:0.42105263157894735	QVNQVVFL:0.21052631578947367	KYWMYWGD:0.42105263157894735	YGTADSKI:0.8421052631578947	WSKSGAIV:0.5263157894736842	ADSKIAVA:0.5789473684210527	WFLYYGTA:0.6842105263157895	TYTAYDGK:0.2631578947368421	ATSDDLIH:0.2631578947368421	GQVNQVVF:0.21052631578947367	LYYGTADS:0.8947368421052632	TADSKIAV:0.5789473684210527	VRWEEKDV:0.3684210526315789	DVFNPAVV:0.21052631578947367	MTYTAYDG:0.2631578947368421	FLYYGTAD:0.6842105263157895	YYGTADSK:0.8421052631578947	GTADSKIA:0.631578947368421	FDKNDPTK:0.21052631578947367	RWEEKDVF:0.21052631578947367	KGILLIYN:0.21052631578947367	GILLIYNG:0.3157894736842105	DVFNPAAV:0.2631578947368421	KDVFNPAA:0.2631578947368421	NPAAVVRN:0.21052631578947367	SKSGAIVC:0.3684210526315789	EGGCEDPR:0.2631578947368421	SRLGLAVS:0.3157894736842105	CEDPRVVE:0.21052631578947367	GKVYMLYR:0.21052631578947367	GDKARLCV:0.21052631578947367	VESPNGVY:0.21052631578947367	PVFYPDND:0.3157894736842105	DGDKARLC:0.21052631578947367	IKPDQPYE:0.21052631578947367	GCEDPRVV:0.21052631578947367	YDGDKARL:0.2631578947368421	YMLYRAED:0.21052631578947367	DKARLCVA:0.21052631578947367	MLYRAEDT:0.21052631578947367	VYMLYRAE:0.2631578947368421	WEGGCEDP:0.2631578947368421	YWMYWGDQ:0.21052631578947367	GTADSKIG:0.21052631578947367	SWSKSGAI:0.21052631578947367	ADSKIGVA:0.21052631578947367	GGCEDPRV:0.2631578947368421	DLLHWTPL:0.21052631578947367	TSRLGLAV:0.3157894736842105	KVYMLYRA:0.3157894736842105	KARLCVAT:0.2631578947368421	GTSRLGLA:0.3157894736842105	TADSKIGV:0.21052631578947367	FIKPDQPY:0.21052631578947367	EWEGGCED:0.2631578947368421	YEWEGGCE:0.2631578947368421	ARLCVATS:0.3157894736842105	GEVNEVCF:0.2631578947368421	LWSKSGAI:0.21052631578947367	NEVCFVEG:0.2631578947368421	VNEVCFVE:0.2631578947368421	GTSRIGLA:0.3157894736842105	YFDSRLVE:0.3157894736842105	EVCFVEGL:0.2631578947368421	SRLVEPGP:0.2631578947368421	EVNEVCFV:0.2631578947368421	DGKTARLC:0.21052631578947367	FDSRLVEP:0.2631578947368421	VCFVEGLV:0.2631578947368421	GYFDSRLV:0.3157894736842105	YWMYFGDT:0.2631578947368421	YDGKTARL:0.3157894736842105	DSRLVEPG:0.2631578947368421	GKYWMYFG:0.21052631578947367	MTYTSYDG:0.3157894736842105	DSKIAVAV:0.21052631578947367	KWFLYYGT:0.3684210526315789	GKWFLYYG:0.3157894736842105	KYWMYFGD:0.2631578947368421	INGKYWMY:0.2631578947368421	KINGKYWM:0.2631578947368421	NGKYWMYW:0.2631578947368421	DGIHFKRM:0.21052631578947367	GIHFKRMP:0.21052631578947367	KSGAIVCK:0.21052631578947367	
