cluster number:23
GH130:32	GH130:32|3.2.1.-:2
YLYYGCAD:0.46875	IGHRTSRL:0.28125	KYFMYWGE:0.34375	GCADSKVG:0.21875	SNDTFNPA:0.34375	WTKHGPAF:0.3125	DTFNPAAT:0.53125	QYVDGTVF:0.21875	PDWAFGGF:0.28125	GKIVVLYR:0.28125	VFIEGMVY:0.25	VVLYRAED:0.46875	IVVLYRAE:0.375	SRLGYATS:0.25	RAEDKSGV:0.21875	VDGTVFIE:0.21875	KGIVLLYN:0.3125	GKYFMYWG:0.34375	AGQALFDA:0.25	KHGPAFAK:0.25	TVFIEGMV:0.25	KWYLYYGC:0.3125	ESNDTFNP:0.34375	PGGCEDPR:0.59375	KSGQYVDG:0.21875	WPGGCEDP:0.4375	GHRTSRLG:0.28125	DKSGVGIG:0.28125	EWPGGCED:0.40625	YYGCADSK:0.28125	YVDGTVFI:0.21875	SGQYVDGT:0.21875	KIVVLYRA:0.21875	LYYGCADS:0.9375	HRTSRLGY:0.21875	LTECGPPA:0.8125	NDTFNPAA:0.4375	AWESNDTF:0.21875	GIVLLYNG:0.4375	YRAEDKSG:0.21875	GPAFAKAY:0.25	SFEKSGQY:0.34375	TECGPPAI:0.6875	AEDKSGVG:0.21875	VLYRAEDK:0.3125	FEKSGQYV:0.3125	GQYVDGTV:0.21875	YGCADSKV:0.28125	TKHGPAFA:0.21875	EKSGQYVD:0.21875	HGPAFAKA:0.25	TSRLGYAT:0.25	LPDWAFGG:0.28125	WESNDTFN:0.34375	GTVFIEGM:0.3125	DGTVFIEG:0.4375	WYLYYGCA:0.3125	IVLLYNGK:0.4375	EDKSGVGI:0.28125	RTSRLGYA:0.5	VLLYNGKN:0.4375	FYTQWNRK:0.21875	DFEKSGQY:0.21875	KSASIVTK:0.25	LLYNGKNH:0.21875	SASIVTKL:0.21875	DVPFLRPM:0.21875	RLAVATSR:0.25	TEDGLYVM:0.28125	GCEDPRVA:0.46875	PRLAVATS:0.21875	LYRAEDNS:0.21875	GGCEDPRV:0.46875	GTVFIEGL:0.40625	FNPAATVK:0.21875	YRAEDNSA:0.3125	WFLYYGCA:0.34375	FLYYGCAD:0.40625	KWFLYYGC:0.34375	TVFIEGLV:0.28125	GYFDSDLT:0.21875	DLTECGPP:0.34375	DSDLTECG:0.34375	SDLTECGP:0.34375	YFDSDLTE:0.25	YGCADSRV:0.46875	FDSDLTEC:0.34375	YYGCADSR:0.5	AGTVFIEG:0.21875	SGQYPAGT:0.3125	ANSYCAGQ:0.21875	ECGPPAIL:0.25	EDPRVAVT:0.375	KSGQYPAG:0.3125	PRVAVTED:0.25	CADSRVAV:0.28125	RVAVTEDG:0.25	DSRVAVAV:0.28125	SDTFNPAA:0.28125	CEDPRVAV:0.3125	SYCAGQAL:0.21875	DPRVAVTE:0.34375	QYPAGTVF:0.3125	NSYCAGQA:0.21875	GCADSRVA:0.28125	FEKSGQYP:0.3125	EKSGQYPA:0.3125	ADSRVAVA:0.28125	CGPPAILT:0.25	GQYPAGTV:0.3125	TFNPAATV:0.25	LGVATSKD:0.21875	PFEKSGQY:0.28125	GVATSKDL:0.21875	RLGVATSK:0.21875	
