cluster number:8
GH130:12	GH130:12
GDPELGVD:0.4166666666666667	VVLNPAAV:0.4166666666666667	PELGVDNV:0.4166666666666667	LAAALLDF:0.3333333333333333	ADSRIFGA:0.4166666666666667	WIGAGGPP:0.4166666666666667	AALFPEPV:0.25	NKNAALFP:0.25	YDLAAALL:0.4166666666666667	IYHQGHYT:0.25	NAALFPEP:0.25	GPDAMTIH:0.25	RFLMIYHQ:0.3333333333333333	RSWIGAGG:0.25	VLNPAAVL:0.4166666666666667	LFPEPVDG:0.25	ELGVDNVL:0.4166666666666667	SRVVLNPA:0.4166666666666667	DAMTIHLA:0.25	KNAALFPE:0.25	SWIGAGGP:0.4166666666666667	FARSWIGA:0.25	LGVDNVLF:0.4166666666666667	AMTIHLAE:0.25	ESRVVLNP:0.4166666666666667	DLAAALLD:0.4166666666666667	ARSWIGAG:0.25	DNVLFTCA:0.25	RVVLNPAA:0.4166666666666667	GAGGPPIA:0.3333333333333333	MTIHLAEA:0.25	GVDNVLFT:0.25	REFARSWI:0.25	VDNVLFTC:0.25	IGAGGPPI:0.3333333333333333	PDAMTIHL:0.25	LMIYHQGH:0.3333333333333333	FHNLGVED:0.25	EYDLAAAL:0.4166666666666667	RIEPLMRP:0.25	FLMIYHQG:0.3333333333333333	DNKNAALF:0.25	AWESRVVL:0.25	VDNKNAAL:0.4166666666666667	EFARSWIG:0.25	YREFARSW:0.25	ALFPEPVD:0.25	REYDLAAA:0.4166666666666667	DPELGVDN:0.4166666666666667	WESRVVLN:0.4166666666666667	DSRIFGAR:0.25	AAADSRIF:0.25	VGDPELGV:0.25	YAAADSRI:0.25	DVDNKNAA:0.25	PSSLGLAV:0.25	LNPAAVLV:0.25	NDVDNKNA:0.25	PYAAADSR:0.25	AADSRIFG:0.25	APSSLGLA:0.25	IPYAAADS:0.25	EGDVPNVV:0.5	RITFLEGR:0.25	LPFEREGD:0.3333333333333333	PELPFERE:0.25	PRITFLEG:0.25	GPPPIETP:0.3333333333333333	GLEDPRIT:0.25	WASGAVFN:0.3333333333333333	DVPNVVFP:0.5	SGAVFNPG:0.3333333333333333	PIETPEGW:0.5	NPGAWYDG:0.4166666666666667	EDPRITFL:0.25	FPEGAVVI:0.3333333333333333	WLLIYHGV:0.5833333333333334	GWLLIYHG:0.5833333333333334	GAWYDGER:0.25	DPRITFLE:0.25	NVVFPEGA:0.4166666666666667	EPELPFER:0.25	PNVVFPEG:0.4166666666666667	VFPEGAVV:0.3333333333333333	FRAVPAGY:0.25	YDGERVHL:0.25	VFNPGAWY:0.4166666666666667	EREGDVPN:0.4166666666666667	AVPAGYRR:0.25	PPPIETPE:0.3333333333333333	IETPEGWL:0.5	TPEGWLLI:0.4166666666666667	GAVFNPGA:0.4166666666666667	VVFPEGAV:0.3333333333333333	RAVPAGYR:0.25	PGAWYDGE:0.25	ELPFEREG:0.25	LLIYHGVD:0.5	FEREGDVP:0.3333333333333333	PEGWLLIY:0.4166666666666667	ITFLEGRY:0.25	PPIETPEG:0.3333333333333333	ALLDLDDP:0.3333333333333333	LIYHGVDE:0.25	PFEREGDV:0.3333333333333333	FNPGAWYD:0.4166666666666667	ETPEGWLL:0.4166666666666667	VPNVVFPE:0.4166666666666667	EGWLLIYH:0.5	REGDVPNV:0.4166666666666667	AWYDGERV:0.25	AVFNPGAW:0.4166666666666667	VRIGLAST:0.3333333333333333	ASGAVFNP:0.3333333333333333	GDVPNVVF:0.5	WYDGERVH:0.25	LEPELPFE:0.3333333333333333	LLDLDDPR:0.25	DLDDPRRV:0.25	LDDPRRVI:0.25	GRIAMLHR:0.25	YTALGAPA:0.25	AMLHRIVP:0.25	SYIGYAES:0.25	AGPTPIET:0.25	DPRRVIAR:0.25	LDLDDPRR:0.25	RIAMLHRI:0.25	VPAGYRRI:0.25	TALGAPAF:0.25	ITYTALGA:0.25	YFDDLEQL:0.25	YVSYIGYA:0.25	VSYIGYAE:0.25	TYTALGAP:0.25	GAGPTPIE:0.25	IAMLHRIV:0.25	PRRVIART:0.25	DDPRRVIA:0.25	DEHVVLRP:0.25	LDEHVVLR:0.25	FPRRIRGR:0.25	
