cluster number:25
GH130:26	GH130:26
WWDANKIG:0.4230769230769231	GLALLDLE:0.38461538461538464	WLILYHGV:0.34615384615384615	GAWWDANK:0.23076923076923078	EGWLILYH:0.3076923076923077	SHLTVARS:0.2692307692307692	RLGLALLD:0.34615384615384615	KIGLSPPP:0.3076923076923077	ANKIGLSP:0.34615384615384615	VVFPCGWI:0.23076923076923078	LILYHGVR:0.34615384615384615	WDANKIGL:0.4230769230769231	LGLALLDL:0.34615384615384615	GWLILYHG:0.34615384615384615	DANKIGLS:0.34615384615384615	YRLGLALL:0.34615384615384615	NKIGLSPP:0.3076923076923077	YYGAADTS:0.2692307692307692	DVPNVVFP:0.23076923076923078	YGAADTSI:0.23076923076923078	LLCRVEDR:0.2692307692307692	LYYGAADT:0.3076923076923077	GDVPNVVF:0.23076923076923078	VEDRRGFS:0.23076923076923078	DKDAALFP:0.38461538461538464	GWWDANKI:0.23076923076923078	WGIEDPRI:0.6153846153846154	PEDKDAAL:0.5	LLARVEDR:0.23076923076923078	ETPEGWLI:0.23076923076923078	GGWWDANK:0.34615384615384615	EDKDAALF:0.38461538461538464	EDRRGFSH:0.23076923076923078	GIEDPRIT:0.5	TPEGWLIL:0.23076923076923078	DRRGFSHL:0.23076923076923078	PEGWLILY:0.23076923076923078	GFSHLTKA:0.23076923076923078	LLLARVED:0.23076923076923078	RGFSHLTK:0.23076923076923078	RRGFSHLT:0.23076923076923078	LYHGVRQT:0.23076923076923078	YHGVRQTA:0.23076923076923078	LARVEDRR:0.23076923076923078	RVEDRRGF:0.23076923076923078	ARVEDRRG:0.23076923076923078	RLYYGAAD:0.23076923076923078	PPEDKDAA:0.46153846153846156	KDAALFPR:0.23076923076923078	TLLLCRVE:0.23076923076923078	LLLCRVED:0.23076923076923078	IYRLGLAL:0.3076923076923077	MPPEDKDA:0.4230769230769231	IMPPEDKD:0.2692307692307692	
