cluster number:11
GH130:177	GH130:177|2.4.1.281:2
SFFAIAES:0.22598870056497175	HEDGWIYG:0.672316384180791	LYTRPQDG:0.2824858757062147	DTNVYDMR:0.22598870056497175	QQRNVVLH:0.9096045197740112	EDGWIYGI:0.24858757062146894	YTRPQDGF:0.632768361581921	IYYASSDT:0.8305084745762712	HPEFVDGK:0.3107344632768362	HGVRNTAA:0.7062146892655368	PEFVDGKY:0.3163841807909605	GKYALYTR:0.2994350282485876	FCTERKDP:0.2824858757062147	TRPQDGFI:0.6497175141242938	NVVLHPEF:0.864406779661017	ALYTRPQD:0.3163841807909605	GDVSNVLF:0.23163841807909605	YIYYASSD:0.2824858757062147	KSFFAIAE:0.22598870056497175	GVRNTAAG:0.7062146892655368	RKSFFAIA:0.23163841807909605	AESPNGID:0.21468926553672316	EFVDGKYA:0.3163841807909605	AHGVRNTA:0.7457627118644068	RNVVLHPE:0.903954802259887	SSDTRMHV:0.3954802259887006	RVGDVSNV:0.6384180790960452	DRKSFFAI:0.23163841807909605	VLHPEFVD:0.4180790960451977	QRNVVLHP:0.903954802259887	VVLHPEFV:0.7401129943502824	LHPEFVDG:0.4180790960451977	TNVYDMRL:0.4180790960451977	SDTRMHVA:0.3785310734463277	YYASSDTR:0.8926553672316384	NTAAGLRY:0.7062146892655368	GIVRTKDL:0.2994350282485876	EERVGDVS:0.3898305084745763	YALYTRPQ:0.3220338983050847	YASSDTRM:0.384180790960452	RPQDGFID:0.3389830508474576	KYALYTRP:0.3050847457627119	VRNTAAGL:0.7062146892655368	ASSDTRMH:0.384180790960452	RNTAAGLR:0.7062146892655368	ERVGDVSN:0.6384180790960452	GGGIGWGL:0.20903954802259886	LFCTERKD:0.24293785310734464	TIKEVKNG:0.3163841807909605	AAGLRYVL:0.6666666666666666	IYGLFCTE:0.3728813559322034	DRKSFFAV:0.5649717514124294	FYTRPQDG:0.3333333333333333	EGNDRKSF:0.3446327683615819	VGDVSNVV:0.3050847457627119	KYAFYTRP:0.3559322033898305	GEERVGDV:0.288135593220339	GNDRKSFF:0.3446327683615819	HIAHGVRN:0.3502824858757062	VKNGQGPA:0.2711864406779661	VDGKYAFY:0.2033898305084746	KNGQGPAP:0.4180790960451977	TAAGLRYV:0.6440677966101694	RKSFFAVA:0.5649717514124294	RVEGNDRK:0.3163841807909605	YHTIKEVK:0.3163841807909605	DGKYAFYT:0.20903954802259886	VEGNDRKS:0.3163841807909605	YAFYTRPQ:0.4915254237288136	KSFFAVAE:0.5480225988700564	HTIKEVKN:0.3163841807909605	AFYTRPQD:0.4915254237288136	GWIYGLFC:0.3220338983050847	AGLRYVLY:0.6666666666666666	ARVEGNDR:0.21468926553672316	SFFAVAES:0.5480225988700564	IAHGVRNT:0.3615819209039548	WIYGLFCT:0.3050847457627119	YGLFCTER:0.3954802259887006	GSGGGIGW:0.2542372881355932	KEVKNGQG:0.20903954802259886	GKYAFYTR:0.3502824858757062	EVKNGQGP:0.2824858757062147	NDRKSFFA:0.3163841807909605	DGWIYGLF:0.3220338983050847	GDVSNVVF:0.4463276836158192	GLFCTERK:0.24858757062146894	QHEDGWIY:0.2033898305084746	NVYDMRLT:0.4067796610169492	LAHGVRNT:0.3220338983050847	WLHLAHGV:0.5028248587570622	GQGPAPIK:0.3446327683615819	GWLHLAHG:0.5028248587570622	GLRYVLYM:0.2768361581920904	NGQGPAPI:0.3502824858757062	HLAHGVRN:0.327683615819209	LHLAHGVR:0.5028248587570622	GIARTKDL:0.22033898305084745	QGPAPIKT:0.3446327683615819	PQQRNVVL:0.3502824858757062	WERLPDLK:0.22598870056497175	TNPYLMER:0.2033898305084746	ERIGDVSN:0.22033898305084745	RIGDVSNV:0.22033898305084745	SPQQRNVV:0.3502824858757062	FIYYASSD:0.4745762711864407	TRMHVATS:0.22598870056497175	VFIYYASS:0.4406779661016949	ADRKSFFA:0.20903954802259886	DTRMHVAT:0.2768361581920904	RMHVATST:0.21468926553672316	KGWLHLAH:0.2598870056497175	LHPEFVNG:0.2033898305084746	VLHPEFVN:0.20903954802259886	EDGWIYGL:0.2768361581920904	
