cluster number:7
GH76:31	GH76:31
YKNTPANA:0.8064516129032258	GGGIAWQK:0.3225806451612903	FKGILIRY:0.3548387096774194	HYWWMAHA:0.3548387096774194	TPANAPAA:0.4838709677419355	DMEWMALA:0.3548387096774194	WPNELYDD:0.2903225806451613	AILAARLY:0.3225806451612903	NELYDDME:0.3225806451612903	ALAWLRAY:0.25806451612903225	FVWDGMNR:0.3225806451612903	NTPANAPA:0.8709677419354839	PNELYDDM:0.2903225806451613	WQKSQLDY:0.22580645161290322	PANAPAAI:0.45161290322580644	ELYDDMEW:0.3225806451612903	YWWMAHAV:0.3225806451612903	ILAARLYQ:0.22580645161290322	GGIAWQKS:0.22580645161290322	LDYKNTPA:0.6451612903225806	GFVWDGMN:0.3225806451612903	FHYWWMAH:0.3548387096774194	NTIFHYWW:0.2903225806451613	PAAILAAR:0.41935483870967744	TGFVWDGM:0.2903225806451613	GIAWQKSQ:0.22580645161290322	SQLDYKNT:0.22580645161290322	WWMAHAVD:0.25806451612903225	DDMEWMAL:0.45161290322580644	QLDYKNTP:0.6451612903225806	LYDDMEWM:0.3225806451612903	WLRAYQAT:0.22580645161290322	KSQLDYKN:0.22580645161290322	IFHYWWMA:0.3225806451612903	MALAWLRA:0.25806451612903225	YDDMEWMA:0.5806451612903226	MEWMALAW:0.25806451612903225	CNTIFHYW:0.2903225806451613	LFKGILIR:0.3548387096774194	APAAILAA:0.3870967741935484	KNTPANAP:0.8709677419354839	QKSQLDYK:0.22580645161290322	ANAPAAIL:0.41935483870967744	TIFHYWWM:0.2903225806451613	AAILAARL:0.3548387096774194	AWQKSQLD:0.22580645161290322	GLFKGILI:0.3548387096774194	MGGGIAWQ:0.25806451612903225	LRAYQATG:0.2903225806451613	WMALAWLR:0.25806451612903225	WDGMNRTG:0.22580645161290322	IAWQKSQL:0.22580645161290322	NAPAAILA:0.41935483870967744	DYKNTPAN:0.7096774193548387	EWMALAWL:0.25806451612903225	MAWKKDQL:0.22580645161290322	GGGMAWKK:0.22580645161290322	AWKKDQLD:0.2903225806451613	NYYDDMEW:0.25806451612903225	WKKDQLDY:0.2903225806451613	GMAWKKDQ:0.22580645161290322	KGILIRYL:0.22580645161290322	GGMAWKKD:0.22580645161290322	KDQLDYKN:0.2903225806451613	KKDQLDYK:0.2903225806451613	HNYYDDME:0.25806451612903225	DQLDYKNT:0.2903225806451613	FTYCQGVF:0.25806451612903225	WKFTYCQG:0.2903225806451613	KFTYCQGV:0.2903225806451613	DGGLFKGI:0.3548387096774194	KDWKFTYC:0.22580645161290322	DWKFTYCQ:0.22580645161290322	DKDWKFTY:0.22580645161290322	GDGGLFKG:0.3870967741935484	IDKDWKFT:0.22580645161290322	GGLFKGIL:0.2903225806451613	APAVILAA:0.22580645161290322	PANAPAVI:0.25806451612903225	PAVILAAR:0.22580645161290322	AVILAARL:0.22580645161290322	ANAPAVIL:0.25806451612903225	TPANAPAV:0.25806451612903225	NAPAVILA:0.22580645161290322	GLFKGILV:0.25806451612903225	LFKGILVR:0.2903225806451613	FKGILVRY:0.25806451612903225	TYCQGVFL:0.22580645161290322	YCQGVFLG:0.22580645161290322	CQGVFLGA:0.22580645161290322	
