cluster number:23
GH76:49	GH76:49
LAAMSAAE:0.20408163265306123	WWEAGAMF:0.46938775510204084	YTGNNTGD:0.2653061224489796	NDDQGFWA:0.20408163265306123	TCGGGLRW:0.32653061224489793	PQWLALAQ:0.20408163265306123	GDTPGNLP:0.20408163265306123	KYYTGNNT:0.20408163265306123	WEAGAMFG:0.3673469387755102	YYTGNNTG:0.24489795918367346	GGGLRWQI:0.40816326530612246	EAGAMFGT:0.20408163265306123	YKNSISNG:0.3673469387755102	DTPGNLPD:0.20408163265306123	GGLRWQIF:0.5510204081632653	TPGNLPDP:0.20408163265306123	PGNLPDPY:0.32653061224489793	NYKNSISN:0.24489795918367346	GNDDQGFW:0.5306122448979592	CGGGLRWQ:0.5102040816326531	ISNGCFFN:0.42857142857142855	NSISNGCF:0.30612244897959184	PYYWWEAG:0.40816326530612246	NLPDPYYW:0.2653061224489796	RLARYTGN:0.22448979591836735	LPDPYYWW:0.3469387755102041	SISNGCFF:0.30612244897959184	GNDDQAFW:0.22448979591836735	GNLPDPYY:0.2857142857142857	PDPYYWWE:0.24489795918367346	DPYYWWEA:0.24489795918367346	YYWWEAGA:0.3877551020408163	LIDYWYYT:0.32653061224489793	IDYWYYTG:0.3469387755102041	DYWYYTGD:0.40816326530612246	EGNDDQGF:0.3469387755102041	NGCFFNLA:0.24489795918367346	SNGCFFNL:0.22448979591836735	YWWEAGAM:0.3673469387755102	TEGNDDQG:0.32653061224489793	AMFGSLID:0.24489795918367346	RWQIFTFN:0.46938775510204084	KNSISNGC:0.30612244897959184	GAMFGSLI:0.24489795918367346	GLRWQIFT:0.46938775510204084	LRWQIFTF:0.42857142857142855	MFGSLIDY:0.24489795918367346	KTEGNDDQ:0.20408163265306123	AGAMFGSL:0.24489795918367346	NDDQGFWG:0.2857142857142857	DDQGFWGM:0.22448979591836735	AAEVNFPN:0.22448979591836735	WQIFTFNN:0.3673469387755102	AEVNFPNP:0.22448979591836735	IFTFNNGY:0.32653061224489793	EVNFPNPP:0.22448979591836735	FTFNNGYN:0.2857142857142857	SLIDYWYY:0.2857142857142857	SDDTLNCT:0.20408163265306123	TFNNGYNY:0.2857142857142857	YNYKNSIS:0.2857142857142857	GSLIDYWY:0.2857142857142857	AQAVFNTQ:0.20408163265306123	GYNYKNSI:0.3469387755102041	DGSDDTLN:0.20408163265306123	YDGSDDTL:0.20408163265306123	FGSLIDYW:0.22448979591836735	VYDGSDDT:0.22448979591836735	QIFTFNNG:0.3673469387755102	NNGYNYKN:0.32653061224489793	GSDDTLNC:0.20408163265306123	NGYNYKNS:0.2857142857142857	FNNGYNYK:0.30612244897959184	GVYLLGAA:0.20408163265306123	DRAGAGIL:0.20408163265306123	CFFNLAAR:0.22448979591836735	GCFFNLAA:0.22448979591836735	SLGNDDQA:0.24489795918367346	KSLGNDDQ:0.24489795918367346	
