cluster number:78
CBM50:23	CBM50:23|GH23:20
LAAYNAGE:0.6956521739130435	YLALAAYN:0.4782608695652174	LALAAYNA:0.782608695652174	RVRSGDSW:0.21739130434782608	ALAAYNAG:0.782608695652174	AAYNAGEG:0.6956521739130435	WYLALAAY:0.4782608695652174	VGQKLYIP:0.21739130434782608	VRSGDSWW:0.2608695652173913	DWYLALAA:0.4782608695652174	AGGMWQFM:0.391304347826087	PGGTDLLA:0.30434782608695654	GAGGMWQF:0.391304347826087	SWAGAGGM:0.2608695652173913	TDAAARHL:0.21739130434782608	KFIAISKI:0.30434782608695654	PKFIAISK:0.30434782608695654	LPQDLVLL:0.21739130434782608	YVPKFIAI:0.34782608695652173	TRHYVPKF:0.2608695652173913	WWIDERRD:0.2608695652173913	AYNAGEGK:0.391304347826087	AGAGGMWQ:0.30434782608695654	WAGAGGMW:0.2608695652173913	IDERRDPY:0.30434782608695654	YGLPQDLV:0.21739130434782608	IFQNLDTL:0.21739130434782608	WIDERRDP:0.30434782608695654	QDLVLLPF:0.21739130434782608	DERRDPYK:0.391304347826087	ISKIFQNL:0.21739130434782608	HYVPKFIA:0.2608695652173913	DWWIDERR:0.2608695652173913	FQNLDTLG:0.21739130434782608	YLPYVRRV:0.21739130434782608	YSWAGAGG:0.2608695652173913	IAISKIFQ:0.21739130434782608	GLPQDLVL:0.21739130434782608	VPGGTDLL:0.2608695652173913	GTDLLALA:0.391304347826087	FGDWYLAL:0.391304347826087	YNAGEGKI:0.391304347826087	LPFVESGY:0.21739130434782608	PQDLVLLP:0.21739130434782608	GDWYLALA:0.43478260869565216	VPKFIAIS:0.30434782608695654	FIAISKIF:0.30434782608695654	SKIFQNLD:0.21739130434782608	AYSWAGAG:0.2608695652173913	KVPGGTDL:0.21739130434782608	PFVESGYN:0.21739130434782608	ERRDPYKS:0.21739130434782608	SDWWIDER:0.21739130434782608	FRRQVSPP:0.30434782608695654	LPYVRRVF:0.21739130434782608	AISKIFQN:0.21739130434782608	KIFQNLDT:0.21739130434782608	ETRHYVPK:0.2608695652173913	GGTDLLAL:0.34782608695652173	VRSGDTLW:0.2608695652173913	
