cluster number:595
CBM50:6	CBM50:6
ASATRAAA:0.3333333333333333	ARWRELYA:0.6666666666666666	ELYAMNRG:0.5	HSAAHKAV:0.5	FDFLKSDK:0.3333333333333333	PRPAAMPK:0.3333333333333333	AHTPTPHS:0.3333333333333333	QGDTLAAI:0.3333333333333333	AMNRGVVG:0.3333333333333333	RGVVGANP:0.3333333333333333	RTYTVRQG:0.3333333333333333	AVPAAPVA:0.5	EARWRELY:0.6666666666666666	WRELYAMN:0.8333333333333334	LVPPGAVL:0.3333333333333333	RELYAMNR:0.6666666666666666	HTPTPHSA:0.5	SAAHKAVP:0.8333333333333334	TPHSAAHK:0.5	TPTPHSAA:0.5	MNRGVVGA:0.3333333333333333	GVVGANPD:0.3333333333333333	AADAASAT:0.3333333333333333	TPTPASAA:0.3333333333333333	HKAVPAAP:0.6666666666666666	SATRAAAE:0.3333333333333333	YTVRQGDT:0.3333333333333333	RWRELYAM:0.8333333333333334	VGANPDLV:0.3333333333333333	PTPHSAAH:0.5	AIARRELG:0.5	TPASAAHK:0.3333333333333333	PHSAAHKA:0.5	RPAAMPKP:0.3333333333333333	PASAAHKA:0.3333333333333333	PAPATPTP:0.3333333333333333	AERMAAAA:0.5	ERMAAAAP:0.5	DAASATRA:0.3333333333333333	AASATRAA:0.3333333333333333	ASAAHKAV:0.3333333333333333	NRGVVGAN:0.3333333333333333	AAHTPTPH:0.3333333333333333	PTPASAAH:0.3333333333333333	LYAMNRGV:0.5	AHKAVPAA:0.6666666666666666	AAAERMAA:0.5	ATRAAAER:0.3333333333333333	TRAAAERM:0.3333333333333333	ADAASATR:0.3333333333333333	KAVPAAPV:0.5	TYTVRQGD:0.3333333333333333	AAHKAVPA:0.6666666666666666	RMAAAAPP:0.3333333333333333	YAMNRGVV:0.3333333333333333	VVGANPDL:0.3333333333333333	GDTLAAIA:0.3333333333333333	GAAHTPTP:0.3333333333333333	RAAAERMA:0.3333333333333333	AAERMAAA:0.5	LGNEARWR:0.5	GNEARWRE:0.5	VPAAPVAK:0.3333333333333333	NEARWREL:0.5	ELGNEARW:0.5	RELGNEAR:0.3333333333333333	PAAPVAKP:0.3333333333333333	MGLFDFLK:0.3333333333333333	IARRELGN:0.3333333333333333	DSLSAIAR:0.3333333333333333	ARRELGNE:0.3333333333333333	SAIARREL:0.3333333333333333	LSAIARRE:0.3333333333333333	SLSAIARR:0.3333333333333333	GDSLSAIA:0.3333333333333333	
