cluster number:309
CBM50:11	CBM50:11
KGAIYYFD:0.2727272727272727	GAIYYFDD:0.2727272727272727	DPTKGAIY:0.2727272727272727	SDPTKGAI:0.2727272727272727	YIYPGQVL:0.2727272727272727	PTKGAIYY:0.2727272727272727	AIYYFDDS:0.2727272727272727	SEPYTAKV:0.2727272727272727	SGDSLFKI:0.2727272727272727	VKSGDSLF:0.2727272727272727	DLDLLARL:0.5454545454545454	PGQVLNIP:0.45454545454545453	TKGAIYYF:0.2727272727272727	SDLDLLAR:0.2727272727272727	YPGQVLNI:0.36363636363636365	YFDDSTTN:0.45454545454545453	KSGDSLFK:0.2727272727272727	YYFDDSTT:0.45454545454545453	GSDPTKGA:0.36363636363636365	LDLLARLV:0.6363636363636364	TQVHAASY:0.2727272727272727	IYYFDDST:0.2727272727272727	GDSLFKIG:0.2727272727272727	IYPGQVLN:0.36363636363636365	VAAVVINR:0.2727272727272727	EIYPNQVL:0.2727272727272727	TLYLIAKK:0.36363636363636365	AVVLNRVQ:0.2727272727272727	WSKPIALR:0.36363636363636365	GSDPTNGA:0.2727272727272727	TNTWLWSK:0.36363636363636365	ARLVTAEA:0.6363636363636364	TTNTWLWS:0.36363636363636365	DDSTTNTW:0.36363636363636365	DPTNGALY:0.5454545454545454	SDTLYLIA:0.36363636363636365	KVAVAAVV:0.2727272727272727	SKPIALRV:0.36363636363636365	PIALRVGK:0.36363636363636365	GYYQFTPV:0.45454545454545453	TWLWSKPI:0.36363636363636365	EALYGSDP:0.36363636363636365	DSTTNTWL:0.36363636363636365	LARLVTAE:0.6363636363636364	AVAAVVLN:0.2727272727272727	ALYGSDPT:0.45454545454545453	KPIALRVG:0.36363636363636365	NTWLWSKP:0.36363636363636365	DLLARLVT:0.6363636363636364	STTNTWLW:0.36363636363636365	FDDSTTNT:0.36363636363636365	VAVAAVVL:0.2727272727272727	MNFKKIRT:0.36363636363636365	AAVVLNRV:0.36363636363636365	LLARLVTA:0.6363636363636364	SDPTNGAL:0.2727272727272727	RLVTAEAE:0.36363636363636365	DTLYLIAK:0.36363636363636365	WLWSKPIA:0.36363636363636365	VAAVVLNR:0.36363636363636365	LWSKPIAL:0.36363636363636365	GDSLYSIS:0.2727272727272727	TNGALYFF:0.36363636363636365	SLYSISQK:0.2727272727272727	VIYAPNQF:0.2727272727272727	DSLYSISQ:0.2727272727272727	PTNGALYF:0.36363636363636365	NGALYFFD:0.36363636363636365	RLVTAEAG:0.36363636363636365	SNGYYQFT:0.2727272727272727	VSNGYYQF:0.2727272727272727	LIAANSNV:0.2727272727272727	TLIAANSN:0.2727272727272727	TVKPGDSL:0.2727272727272727	QVSNGYYQ:0.2727272727272727	GVIYQVSN:0.2727272727272727	QFTPVLNG:0.2727272727272727	NGYYQFTP:0.2727272727272727	YQVSNGYY:0.2727272727272727	YTVKPGDS:0.2727272727272727	YQFTPVLN:0.2727272727272727	VIYQVSNG:0.2727272727272727	YYQFTPVL:0.2727272727272727	NGWINKPA:0.2727272727272727	IYQVSNGY:0.2727272727272727	LYGSDPTK:0.2727272727272727	YGSDPTKG:0.2727272727272727	TAEAGGEP:0.2727272727272727	LVTAEAGG:0.2727272727272727	VTAEAGGE:0.2727272727272727	QVGVAAVV:0.2727272727272727	AQVGVAAV:0.2727272727272727	
