cluster number:203
CBM50:235	CBM50:235|GH73:226|GH23:1
YGIPASIT:0.20425531914893616	NNHFGIKC:0.8723404255319149	GIPASITL:0.2680851063829787	PASITLAQ:0.8127659574468085	NHFGIKCH:0.6723404255319149	SNNHFGIK:0.23404255319148937	IPASITLA:0.7361702127659574	ASITLAQG:0.7702127659574468	TLAQGLLE:0.2	SITLAQGL:0.23829787234042554	ITLAQGLL:0.2	ANNHFGIK:0.4085106382978723	ITLAQGIL:0.4127659574468085	SITLAQGI:0.451063829787234	KGDTLYSI:0.23829787234042554	TLAQGILE:0.4127659574468085	AQGILESG:0.4127659574468085	LAQGILES:0.425531914893617	LKKAGYAT:0.33617021276595743	GLKKAGYA:0.33617021276595743	KAGYATDP:0.23829787234042554	KKAGYATD:0.20851063829787234	KIPASITL:0.2765957446808511	YKIPASIT:0.20851063829787234	
