cluster number:268
CBM50:108	CBM50:108|GH18:1
VDLNDQFP:0.25925925925925924	VNPDGVNL:0.21296296296296297	AGYKDWFI:0.7407407407407407	ANIRGVDL:0.5462962962962963	GYKDWFIQ:0.5092592592592593	RRPGFTIE:0.2037037037037037	WKANIRGV:0.4166666666666667	IVPMVNPD:0.3333333333333333	YAGYKDWF:0.4722222222222222	KANIRGVD:0.4166666666666667	HANEWITT:0.3333333333333333	GVDLNDQF:0.25925925925925924	FHANEWIT:0.3333333333333333	PMVNPDGV:0.8055555555555556	NPDGVNLV:0.21296296296296297	DLNDQFPA:0.2777777777777778	SYAGYKDW:0.4537037037037037	GWKANIRG:0.23148148148148148	VPMVNPDG:0.5925925925925926	NIRGVDLN:0.48148148148148145	GSFHANEW:0.2037037037037037	MVNPDGVN:0.21296296296296297	SFHANEWI:0.3055555555555556	DLNHNYNA:0.21296296296296297	VNPDGVDL:0.37962962962962965	LAYHSQGE:0.23148148148148148	RPGFTIEV:0.25925925925925924	PYPESEPE:0.21296296296296297	AYHSQGEV:0.25925925925925924	VDLNHNYN:0.21296296296296297	PLPISQFD:0.2222222222222222	IASYAGYK:0.2222222222222222	PDGVDLVL:0.21296296296296297	GPYPESEP:0.21296296296296297	GVDLNHNY:0.25	PGFTIEVG:0.2777777777777778	MVNPDGVD:0.37962962962962965	YHSQGEVI:0.25925925925925924	NPLPISQF:0.3055555555555556	VFYNGAHH:0.2037037037037037	NPDGVDLV:0.37962962962962965	YGPGPTRY:0.25925925925925924	GIASYAGY:0.2222222222222222	ASYAGYKD:0.23148148148148148	PGPTRYGG:0.21296296296296297	WNRSSIYI:0.21296296296296297	GDTLYNIA:0.24074074074074073	IWNRSSIY:0.2222222222222222	GPGPTRYG:0.21296296296296297	DIWNRSSI:0.2037037037037037	GPTRYGGP:0.21296296296296297	SDAGYKDW:0.2222222222222222	PDGVELVQ:0.21296296296296297	NPDGVELV:0.25	DAGYKDWF:0.21296296296296297	
