cluster number:148
CBM50:6	CBM50:6|GH0:1
RGDTLYSI:0.3333333333333333	DTLYSIAQ:0.5	TLYSIAQR:0.5	LYSIAQRF:0.3333333333333333	GDTLYSIA:0.5	RRIARLER:0.5	PSPNDADE:0.3333333333333333	REVRRLNE:0.6666666666666666	IAQRFGVP:0.6666666666666666	LYPPYELY:0.3333333333333333	VNRLYPPY:0.3333333333333333	RLNERYRD:0.5	DEERRIAR:0.5	RVRALEQR:0.3333333333333333	VRRLNERY:0.5	QRFGVPID:0.6666666666666666	LNERYRDL:0.5	NERYRDLN:0.5	AQRFGVPI:0.6666666666666666	LEREVRRL:0.6666666666666666	RALEQRRR:0.3333333333333333	RLYPPYEL:0.3333333333333333	RRLNERYR:0.5	LNRRVRAL:0.6666666666666666	NRLYPPYE:0.3333333333333333	PNDADEER:0.3333333333333333	RLEREVRR:0.6666666666666666	PYELYVGQ:0.6666666666666666	IVQRGDTL:0.3333333333333333	MNYIVQRG:0.3333333333333333	RIARLERE:0.5	ADEERRIA:0.3333333333333333	RRVRALEQ:0.6666666666666666	PPYELYVG:0.6666666666666666	NRRVRALE:0.6666666666666666	NDADEERR:0.3333333333333333	ERYRDLNR:0.5	NYIVQRGD:0.3333333333333333	SPNDADEE:0.3333333333333333	EERRIARL:0.5	RDLNRRVR:0.5	VQRGDTLY:0.5	YIVQRGDT:0.3333333333333333	RFGVPIDV:0.6666666666666666	ALEQRRRT:0.3333333333333333	RVNRLYPP:0.3333333333333333	EREVRRLN:0.6666666666666666	VRALEQRR:0.3333333333333333	YRDLNRRV:0.5	IARLEREV:0.5	ERRIARLE:0.5	DADEERRI:0.3333333333333333	YPPYELYV:0.3333333333333333	IRVNRLYP:0.3333333333333333	RYRDLNRR:0.5	EVRRLNER:0.6666666666666666	ARLEREVR:0.5	DLNRRVRA:0.5	RGDTLYAI:0.3333333333333333	YVGQTLFI:0.5	IDVLIRVN:0.5	AIAQRFGV:0.5	VPIDVLIR:0.5	VGQTLFIP:0.5	LYAIAQRF:0.5	GDTLYAIA:0.3333333333333333	FGVPIDVL:0.5	GVPIDVLI:0.5	DVLIRVNR:0.5	ELYVGQTL:0.5	LYVGQTLF:0.5	YAIAQRFG:0.5	QRGDTLYA:0.3333333333333333	YELYVGQT:0.5	DTLYAIAQ:0.3333333333333333	VLIRVNRL:0.5	TLYAIAQR:0.3333333333333333	PIDVLIRV:0.5	VRALEQHR:0.3333333333333333	RVRALEQH:0.3333333333333333	LFIPNQGP:0.3333333333333333	RALEQHRR:0.3333333333333333	ALEQHRRT:0.3333333333333333	NQGPPLPN:0.3333333333333333	TLFIPNQG:0.3333333333333333	FIPNQGPP:0.3333333333333333	PNQGPPLP:0.3333333333333333	QTLFIPNQ:0.3333333333333333	QGPPLPNV:0.3333333333333333	IPNQGPPL:0.3333333333333333	GQTLFIPN:0.3333333333333333	
