cluster number:379
CBM50:6	CBM50:6
GPRIVPGY:0.3333333333333333	SIDVQQPR:0.3333333333333333	IGGHGQFQ:0.5	VVQPGETL:0.3333333333333333	DEVTGAFM:0.3333333333333333	VAGGAFEA:0.5	GNLYHRLV:0.3333333333333333	AGVAGGAF:0.5	GHDEVTGA:0.3333333333333333	VTGAFMAG:0.3333333333333333	PGETLWGI:0.3333333333333333	QIAGVAGG:0.3333333333333333	GIGGHGQF:0.5	MAGDGIGG:0.5	TGAFMAGD:0.3333333333333333	DGEELDKV:0.3333333333333333	GVAGGAFE:0.5	MSIDVQQP:0.3333333333333333	VQPGETLW:0.3333333333333333	DVSGAAFT:0.3333333333333333	VHEGHDEV:0.5	YRVHEGHD:0.5	TITDPNVI:0.3333333333333333	HVVQPGET:0.3333333333333333	FTLDRLFV:0.3333333333333333	EGHDEVTG:0.5	HDEVTGAF:0.3333333333333333	EVTGAFMA:0.3333333333333333	QPGETLWG:0.3333333333333333	RVHEGHDE:0.6666666666666666	EHVVQPGE:0.3333333333333333	LDKVIVPV:0.3333333333333333	AGDGIGGH:0.5	IAGVAGGA:0.5	FMAGDGIG:0.5	ELDKVIVP:0.3333333333333333	DGIGGHGQ:0.5	AFMAGDGI:0.3333333333333333	FNYRVHEG:0.5	LDRLFVEV:0.8333333333333334	TLDRLFVE:0.3333333333333333	GDGIGGHG:0.5	IQIAGVAG:0.3333333333333333	GAFMAGDG:0.5	DKVIVPVV:0.3333333333333333	HEGHDEVT:0.3333333333333333	NYRVHEGH:0.5	VEVFHTSP:0.3333333333333333	HGQFQISV:0.5	QISVDVSG:0.5	ISVDVSGA:0.5	GQFQISVD:0.5	GHGQFQIS:0.5	QFQISVDV:0.5	GGHGQFQI:0.5	FQISVDVS:0.5	IHPGDVIR:0.3333333333333333	VDVSGASF:0.3333333333333333	SVDVSGAS:0.3333333333333333	DRLFVEVF:0.6666666666666666	FQLDRLFV:0.5	QLDRLFVE:0.5	LFVEVFEE:0.3333333333333333	DGSEINKV:0.3333333333333333	GGGTGEHG:0.3333333333333333	VGGGTGEH:0.3333333333333333	EINKVIVP:0.3333333333333333	VEVFEESA:0.3333333333333333	INKVIVPV:0.3333333333333333	GGTGEHGQ:0.3333333333333333	SEINKVIV:0.3333333333333333	GSEINKVI:0.3333333333333333	FVEVFEES:0.3333333333333333	NKVIVPVI:0.3333333333333333	GTGEHGQF:0.3333333333333333	RLFVEVFE:0.3333333333333333	
