cluster number:489
CBM50:27	CBM50:27|GH23:1|GH24:1
IVHIGDSH:0.8888888888888888	VGLSGIAL:0.4074074074074074	NIVHIGDS:0.8518518518518519	HNIGVNGA:0.2222222222222222	TLNGIVLE:0.2962962962962963	DSHIQADL:0.2222222222222222	KINIVHIG:0.48148148148148145	IGDSHIQA:0.7407407407407407	GTNESFDK:0.25925925925925924	FFEQLKAL:0.25925925925925924	VHIGDSHI:0.8888888888888888	YHNIGVNG:0.2222222222222222	LNGIVLEN:0.4074074074074074	NGIVLEND:0.2962962962962963	GKINIVHI:0.2222222222222222	GDSHIQAD:0.7777777777777778	IADKYNVS:0.2222222222222222	LGTNESFD:0.2962962962962963	INIVHIGD:0.5555555555555556	HIGDSHIQ:0.8888888888888888	NTLKIITP:0.2962962962962963	SLGTNESF:0.2962962962962963	YHSIGVNG:0.2222222222222222	HSIGVNGA:0.2222222222222222	YNKYPLFF:0.2222222222222222	FNTLKIIT:0.2962962962962963	DYNKYPLF:0.2222222222222222	SVFDLYRA:0.25925925925925924	DNYSVFDL:0.2222222222222222	LGLVFPYS:0.2962962962962963	GLVFPYSL:0.2962962962962963	YSVFDLYR:0.25925925925925924	FPYSLIRT:0.2222222222222222	NAGLGLVF:0.25925925925925924	PYSLIRTN:0.2222222222222222	FTLNGIVL:0.2222222222222222	AHFSDYNK:0.2962962962962963	IGVNGAHF:0.2962962962962963	NYSVFDLY:0.2222222222222222	FELATNVG:0.25925925925925924	KDNYSVFD:0.2222222222222222	NVSFTSNI:0.2222222222222222	LLTTPPPS:0.4074074074074074	ELATNVGK:0.25925925925925924	FGNAGLGL:0.25925925925925924	LVFPYSLI:0.2222222222222222	NGAHFSDY:0.2962962962962963	VNGAHFSD:0.2962962962962963	GVNGAHFS:0.2962962962962963	DSHIQADV:0.2962962962962963	SHIQADVM:0.2962962962962963	AGLGLVFP:0.25925925925925924	GLGLVFPY:0.2962962962962963	VFPYSLIR:0.2222222222222222	HFSDYNKS:0.2962962962962963	GNAGLGLV:0.25925925925925924	IISLGTNE:0.25925925925925924	SFTLNGIV:0.2222222222222222	ILLTTPPP:0.25925925925925924	LTTPPPSL:0.25925925925925924	HIQADVMT:0.2222222222222222	YSLIRTNG:0.2222222222222222	GAHFSDYN:0.2962962962962963	LNIVHIGD:0.25925925925925924	DKIYLTPN:0.2962962962962963	VSDKIYLT:0.2222222222222222	SDKIYLTP:0.25925925925925924	KLNIVHIG:0.25925925925925924	MSNYLNYK:0.2222222222222222	HTIGVNGA:0.2962962962962963	YHTIGVNG:0.2962962962962963	
