cluster number:491
CBM50:17	CBM50:17
ATVELLRN:0.35294117647058826	DSLWHISR:0.23529411764705882	GRARPGAT:0.23529411764705882	PGQVFVLP:0.35294117647058826	PDLIYPGQ:0.47058823529411764	TVELLRNG:0.47058823529411764	YPGQVFVL:0.35294117647058826	GATVRLYL:0.35294117647058826	PGATVELL:0.4117647058823529	GATVELLR:0.35294117647058826	AGRAAPGA:0.4117647058823529	HISRRLLG:0.23529411764705882	LWHISRRL:0.23529411764705882	RPGATVRL:0.23529411764705882	LIYPGQVF:0.47058823529411764	RARPGATV:0.23529411764705882	WHISRRLL:0.23529411764705882	IYPGQVFV:0.35294117647058826	TSKQSVAV:0.29411764705882354	TVRLYLND:0.29411764705882354	VSRGDSLW:0.7058823529411765	ATVRLYLN:0.35294117647058826	SLWHISRR:0.23529411764705882	VVADQSGQ:0.23529411764705882	RGDSLWHI:0.23529411764705882	VADQSGQF:0.4117647058823529	TVSRGDSL:0.47058823529411764	GDSLWHIS:0.23529411764705882	PGATVRLY:0.35294117647058826	ARPGATVR:0.23529411764705882	VELLRNGE:0.7058823529411765	GRAAPGAT:0.23529411764705882	DLIYPGQV:0.47058823529411764	EQIRNPNL:0.23529411764705882	VPFNVPDT:0.29411764705882354	RIEPTGEA:0.23529411764705882	VPKIATTT:0.29411764705882354	PTGEAVIA:0.23529411764705882	VAPGSYRV:0.23529411764705882	YKANREQI:0.4117647058823529	AEVPFNVP:0.35294117647058826	NSGAVRAR:0.23529411764705882	PGSYRVRL:0.23529411764705882	NREQIRNP:0.29411764705882354	TTTVSRGD:0.35294117647058826	DRPVVALM:0.29411764705882354	ANREQIRN:0.29411764705882354	SRGDSLWR:0.5882352941176471	YRVRLDEV:0.29411764705882354	QIRNPNLI:0.35294117647058826	TTVSRGDS:0.35294117647058826	SYRVRLDE:0.23529411764705882	ATTTVSRG:0.29411764705882354	KAATAAPA:0.23529411764705882	REQIRNPN:0.29411764705882354	STVVVPKI:0.23529411764705882	AVRLYLND:0.23529411764705882	APGSYRVR:0.23529411764705882	GTYDLTLR:0.4117647058823529	VVVPKIAT:0.29411764705882354	KIATTTVS:0.29411764705882354	VIYKANRE:0.35294117647058826	TGEAVIAG:0.29411764705882354	PVVALMTP:0.29411764705882354	RARAEVPF:0.29411764705882354	TDRPVVAL:0.23529411764705882	PFNVPDTM:0.23529411764705882	GEAVIAGR:0.5294117647058824	YAVIYKAN:0.4117647058823529	EPTGEAVI:0.23529411764705882	IYKANREQ:0.4117647058823529	GSYRVRLD:0.23529411764705882	RAEVPFNV:0.35294117647058826	DGRFAVTI:0.29411764705882354	GVAPGSYR:0.23529411764705882	IEPTGEAV:0.23529411764705882	ARIEPTGE:0.23529411764705882	ARAEVPFN:0.29411764705882354	GAVRARAE:0.23529411764705882	RNGELHDR:0.23529411764705882	ATAAPAVS:0.23529411764705882	RPVVALMT:0.29411764705882354	SGAVRARA:0.23529411764705882	PKIATTTV:0.29411764705882354	FNVPDTMV:0.23529411764705882	EVPFNVPD:0.29411764705882354	RVRLDEVE:0.23529411764705882	AVRARAEV:0.23529411764705882	VRARAEVP:0.23529411764705882	PGQIFVLP:0.29411764705882354	LLRNGELH:0.23529411764705882	AVIYKANR:0.4117647058823529	IATTTVSR:0.29411764705882354	EAVIAGRA:0.5294117647058824	GRFAVTIN:0.29411764705882354	ELLRNGEL:0.29411764705882354	VVPKIATT:0.29411764705882354	LRNGELHD:0.23529411764705882	KANREQIR:0.4117647058823529	YDLTLRAK:0.23529411764705882	RYAVIYKA:0.35294117647058826	TRYAVIYK:0.23529411764705882	TYDLTLRA:0.23529411764705882	VIAGRAAP:0.47058823529411764	GQFVMVPP:0.35294117647058826	FVMVPPRL:0.23529411764705882	SGQFVMVP:0.29411764705882354	RGDSLWRI:0.47058823529411764	GDSLWRIS:0.47058823529411764	IAGRAAPG:0.35294117647058826	DSLWRISR:0.35294117647058826	QSGQFVMV:0.29411764705882354	QFVMVPPR:0.35294117647058826	VMVPPRLP:0.23529411764705882	AVIAGRAA:0.4117647058823529	DQSGQFVM:0.29411764705882354	ADQSGQFV:0.29411764705882354	RNPDLIYP:0.23529411764705882	QIRNPDLI:0.23529411764705882	IRNPDLIY:0.23529411764705882	NPDLIYPG:0.23529411764705882	VRLYLNDS:0.23529411764705882	LTLRAKQP:0.23529411764705882	
