cluster number:315
CBM50:14	CBM50:14
WDKIKEIG:0.5	SLSKIAKH:0.6428571428571429	LSKIAKHY:0.6428571428571429	EKNLLWDK:0.35714285714285715	HTVKSGES:0.2857142857142857	RHTVKSGE:0.2857142857142857	GESLSKIA:1.0	LLWDKIKE:0.35714285714285715	QYEKNLLW:0.35714285714285715	KNLLWDKI:0.35714285714285715	KAKYQAVL:0.21428571428571427	HYYGDAMK:0.2857142857142857	IHPDQVLV:0.7857142857142857	PDQVLVIP:0.7857142857142857	NLLWDKIK:0.35714285714285715	VKSGESLS:0.6428571428571429	KSGESLSK:0.6428571428571429	SKIAKHYY:0.6428571428571429	HRHTVKSG:0.2857142857142857	YEKNLLWD:0.35714285714285715	DKIKEIGG:0.5	KIAKHYYG:0.6428571428571429	LWDKIKEI:0.2857142857142857	YYGDAMKY:0.35714285714285715	IAKHYYGD:0.6428571428571429	KHYYGDAM:0.2857142857142857	ESLSKIAK:1.0	SGESLSKI:0.7142857142857143	DQVLVIPN:0.7142857142857143	KANITVAD:0.5	AKHYYGDA:0.2857142857142857	TVKSGESL:0.2857142857142857	TQYEKNLL:0.35714285714285715	MSVKAKYQ:0.7857142857142857	HPDQVLVI:0.7857142857142857	SVKAKYQP:0.21428571428571427	AKHYYGDP:0.35714285714285715	YHRHTVKS:0.21428571428571427	AKYQPVLD:0.21428571428571427	IKANITVE:0.2857142857142857	KHYYGDPM:0.2857142857142857	VKAKYQPV:0.21428571428571427	SDIKANIT:0.5714285714285714	VIHPDQVL:0.5714285714285714	ESVYHRHT:0.2857142857142857	PSDIKANI:0.5714285714285714	VYHRHTVK:0.2857142857142857	KAKYQPVL:0.21428571428571427	HYYGDPMK:0.2857142857142857	KIKEIGGE:0.35714285714285715	KYQPVLDL:0.2857142857142857	YYGDPMKY:0.5714285714285714	DIKANITV:0.5714285714285714	DESVYHRH:0.42857142857142855	YQPVLDLG:0.2857142857142857	QVLVIPNL:0.2857142857142857	SVYHRHTV:0.42857142857142855	KANITVED:0.2857142857142857	ENPSDIKA:0.21428571428571427	EANTNILK:0.21428571428571427	GENPSDIK:0.21428571428571427	VYHRHVVK:0.35714285714285715	NPSDIKAN:0.21428571428571427	GGENPSDI:0.21428571428571427	FEANTNIL:0.21428571428571427	HVVKSGES:0.2857142857142857	TNILKNPD:0.21428571428571427	SVYHRHVV:0.35714285714285715	YHRHVVKS:0.2857142857142857	ANTNILKN:0.21428571428571427	DDSVYHRH:0.21428571428571427	NTNILKNP:0.21428571428571427	QVLVIPNK:0.21428571428571427	LGGENPSD:0.21428571428571427	RHVVKSGE:0.2857142857142857	HRHVVKSG:0.2857142857142857	IKANITVA:0.2857142857142857	IFEANTNI:0.21428571428571427	VVKSGESL:0.2857142857142857	DSVYHRHV:0.21428571428571427	NITVADES:0.2857142857142857	ILKNPDVI:0.21428571428571427	TVADESVY:0.2857142857142857	ANITVADE:0.2857142857142857	DVIHPDQV:0.5	KNPDVIHP:0.2857142857142857	ADESVYHR:0.2857142857142857	NPDVIHPD:0.35714285714285715	PDVIHPDQ:0.5	YGDPMKYK:0.42857142857142855	VADESVYH:0.2857142857142857	ITVADESV:0.2857142857142857	LKNPDVIH:0.2857142857142857	GDPMKYKQ:0.2857142857142857	PMKYKQIF:0.2857142857142857	DPMKYKQI:0.2857142857142857	GVLKIKGE:0.21428571428571427	VLKIKGEA:0.21428571428571427	SGVLKIKG:0.21428571428571427	VLDLGEQL:0.21428571428571427	KAKYQGVL:0.2857142857142857	LGIKDGNV:0.21428571428571427	LDLGEQLG:0.21428571428571427	LGEQLGIK:0.2857142857142857	DLGEQLGI:0.21428571428571427	QLGIKDGN:0.21428571428571427	GEQLGIKD:0.21428571428571427	VKAKYQGV:0.2857142857142857	EQLGIKDG:0.21428571428571427	SVKAKYQG:0.2857142857142857	LIWDKIKE:0.21428571428571427	VKGGESLS:0.21428571428571427	NLIWDKIK:0.21428571428571427	YEKNLIWD:0.21428571428571427	GGESLSKI:0.2857142857142857	LGIKNGDV:0.21428571428571427	KNLIWDKI:0.21428571428571427	IAKQYYGD:0.21428571428571427	KIAKQYYG:0.21428571428571427	SKIAKQYY:0.21428571428571427	LSKIAKQY:0.21428571428571427	KGGESLSK:0.21428571428571427	EKNLIWDK:0.21428571428571427	SLSKIAKQ:0.21428571428571427	IWDKIKEI:0.21428571428571427	
