cluster number:533
CBM50:6	CBM50:6
DVIYLDLG:0.3333333333333333	LCLLFPLA:0.3333333333333333	EEITVKGV:0.3333333333333333	VKGVAGNE:0.3333333333333333	KDPYYWPN:0.6666666666666666	TVKGVAGN:0.3333333333333333	ISEKFIKD:0.3333333333333333	TALILKSV:0.3333333333333333	KGDTLWGI:1.0	FITNPHFI:0.3333333333333333	CLLFPLAA:0.3333333333333333	TNPHFIYP:0.3333333333333333	LLGAAVVL:0.3333333333333333	HDVIYLDL:0.3333333333333333	EKFIKDPY:0.3333333333333333	KKGDTLWG:1.0	GDTLWGIS:1.0	PFITNPHF:0.3333333333333333	VELPDELL:0.3333333333333333	ITNPHFIY:0.3333333333333333	MKTICKAL:0.3333333333333333	FIKDPYYW:0.5	DTLWGISE:0.5	PDELLGAA:0.3333333333333333	WPNLWANN:0.6666666666666666	YWPNLWAN:0.6666666666666666	KFIKDPYY:0.3333333333333333	SEKFIKDP:0.3333333333333333	DVELPDEL:0.3333333333333333	EITVKGVA:0.3333333333333333	VAGNEGFV:0.3333333333333333	PYYWPNLW:0.8333333333333334	GVAGNEGF:0.3333333333333333	AGNEGFVT:0.3333333333333333	IYTIKKGD:0.5	NLWANNPF:0.5	LPDELLGA:0.3333333333333333	GISEKFIK:0.3333333333333333	TIKKGDTL:0.6666666666666666	ALSQHDVI:0.3333333333333333	QHDVIYLD:0.3333333333333333	ELPDELLG:0.3333333333333333	ANNPFITN:0.5	HDVELPDE:0.3333333333333333	VKEITRGA:0.3333333333333333	YTIKKGDT:0.6666666666666666	LSQHDVIY:0.3333333333333333	IKDPYYWP:0.5	LWGISEKF:0.3333333333333333	GNEGFVTL:0.3333333333333333	GRLVLLPG:0.3333333333333333	NPHFIYPG:0.5	YYWPNLWA:0.6666666666666666	ITVKGVAG:0.3333333333333333	NNPFITNP:0.5	LWANNPFI:0.5	NPFITNPH:0.5	KTICKALA:0.3333333333333333	KGVAGNEG:0.3333333333333333	PHFIYPGQ:0.5	GAAVVLST:0.3333333333333333	TLWGISEK:0.3333333333333333	WANNPFIT:0.5	DPYYWPNL:0.8333333333333334	IKKGDTLW:1.0	DELLGAAV:0.3333333333333333	WGISEKFI:0.3333333333333333	SQHDVIYL:0.3333333333333333	PNLWANNP:0.6666666666666666	LGAAVVLS:0.3333333333333333	GFVTLEEL:0.3333333333333333	GTLIDATD:0.3333333333333333	FVTLEELD:0.3333333333333333	AGTLIDAT:0.3333333333333333	PHLIYPGQ:0.3333333333333333	NPHLIYPG:0.3333333333333333	DGRIEIVP:0.3333333333333333	DTLWGISQ:0.3333333333333333	TNPHLIYP:0.3333333333333333	
