cluster number:301
CBM50:14	CBM50:14|GH23:10
VRRGDTLS:0.35714285714285715	RRGDTLSE:0.35714285714285715	RGDTLSEI:0.35714285714285715	GDTLSEIA:0.5	TVRRGDTL:0.21428571428571427	RPGDTLSE:0.2857142857142857	PGDTLSEI:0.2857142857142857	VRPGDTLS:0.2857142857142857	RALNPELR:0.21428571428571427	DELKYLAM:0.21428571428571427	AGAVGMWQ:0.2857142857142857	MFIAAALV:0.21428571428571427	DERRDPEK:0.42857142857142855	SRAGAVGM:0.21428571428571427	AETYFPMI:0.21428571428571427	ELKYLAMI:0.35714285714285715	YVPMFIAA:0.35714285714285715	KYLAMIES:0.35714285714285715	IAQRFGVS:0.21428571428571427	WHLALAAY:0.21428571428571427	YGDIFAFR:0.21428571428571427	RETRNYVP:0.35714285714285715	AARHLKDL:0.21428571428571427	DPEKSTRA:0.21428571428571427	AAARHLKD:0.21428571428571427	YLAMIESG:0.35714285714285715	YLPRETRN:0.35714285714285715	PDELKYLA:0.21428571428571427	IYPYLPRE:0.21428571428571427	LPRETRNY:0.35714285714285715	PEKSTRAA:0.21428571428571427	PMFIAAAL:0.21428571428571427	MIESGLNP:0.42857142857142855	ARHLKDLY:0.21428571428571427	LALAAYNA:0.2857142857142857	AVGMWQFM:0.35714285714285715	RFRELYRS:0.21428571428571427	ALAAYNAG:0.2857142857142857	GAVGMWQF:0.2857142857142857	YPYLPRET:0.2857142857142857	DIFAFREA:0.21428571428571427	HLALAAYN:0.21428571428571427	EIAQRFGV:0.21428571428571427	AYNAGAGR:0.21428571428571427	RNYVPMFI:0.2857142857142857	TRAAARHL:0.42857142857142855	DWHLALAA:0.21428571428571427	GDIFAFRE:0.21428571428571427	AMIESGLN:0.35714285714285715	GDWHLALA:0.2857142857142857	RAETYFPM:0.21428571428571427	AAALVASN:0.21428571428571427	LAAYNAGA:0.21428571428571427	PYLPRETR:0.2857142857142857	VDERRDPE:0.2857142857142857	RAGAVGMW:0.21428571428571427	AAYNAGAG:0.21428571428571427	IAAALVAS:0.21428571428571427	RSRAGAVG:0.21428571428571427	ETYFPMIE:0.21428571428571427	ERRDPEKS:0.21428571428571427	TRNYVPMF:0.2857142857142857	VPMFIAAA:0.2857142857142857	AALVASNP:0.21428571428571427	NYVPMFIA:0.2857142857142857	YFPMIEQI:0.2857142857142857	LKYLAMIE:0.35714285714285715	TYFPMIEQ:0.2857142857142857	FIAAALVA:0.21428571428571427	ETRNYVPM:0.2857142857142857	WVDERRDP:0.2857142857142857	LAMIESGL:0.35714285714285715	RRDPEKST:0.21428571428571427	PRETRNYV:0.35714285714285715	FGDWHLAL:0.2857142857142857	RDPEKSTR:0.21428571428571427	RDPEKATR:0.21428571428571427	PEKATRAA:0.35714285714285715	EKATRAAA:0.35714285714285715	ATRAAARH:0.2857142857142857	RRDPEKAT:0.21428571428571427	ERRDPEKA:0.21428571428571427	KATRAAAR:0.35714285714285715	DPEKATRA:0.35714285714285715	AAARHLRD:0.21428571428571427	RAAARHLR:0.21428571428571427	ARHLRDLY:0.21428571428571427	AARHLRDL:0.21428571428571427	HRVRRGET:0.2857142857142857	RVRRGETL:0.2857142857142857	
