cluster number:323
CBM50:11	CBM50:11|GH23:10
DRLAGCES:0.5454545454545454	AAVLLAAG:0.8181818181818182	AAAVLLAA:0.8181818181818182	GLQLAHST:0.36363636363636365	QLAHSTWH:0.36363636363636365	GGLQLAHS:0.36363636363636365	GGNWRIDT:0.5454545454545454	GNGFSGGL:0.8181818181818182	ITAAAVLL:0.2727272727272727	GFSGGLQL:0.36363636363636365	ACSASLGL:0.5454545454545454	SGGNWRID:0.5454545454545454	STWHSFGG:0.36363636363636365	AGCESGGN:0.5454545454545454	ESGGNWRI:0.5454545454545454	IQVAERVL:0.2727272727272727	AERVLARQ:0.8181818181818182	QIQVAERV:0.2727272727272727	AHSTWHSF:0.36363636363636365	RLAGCESG:0.5454545454545454	GNWRIDTG:0.5454545454545454	PACSASLG:0.5454545454545454	RVLARQGW:0.9090909090909091	LAGCESGG:0.5454545454545454	TGNGFSGG:0.8181818181818182	NWRIDTGN:0.5454545454545454	AWPACSAS:0.5454545454545454	CESGGNWR:0.6363636363636364	RIDTGNGF:0.5454545454545454	TAAAVLLA:0.8181818181818182	VAERVLAR:0.8181818181818182	LAHSTWHS:0.36363636363636365	FSGGLQLA:0.36363636363636365	HSTWHSFG:0.36363636363636365	SGGLQLAH:0.36363636363636365	ERVLARQG:0.8181818181818182	DTGNGFSG:0.8181818181818182	WPACSASL:0.5454545454545454	TWHSFGGG:0.2727272727272727	QQIQVAER:0.2727272727272727	LQLAHSTW:0.36363636363636365	LIFPGMRL:0.36363636363636365	NGFSGGLQ:0.8181818181818182	IDTGNGFS:0.5454545454545454	RGITAAAV:0.2727272727272727	WDRLAGCE:0.5454545454545454	GITAAAVL:0.2727272727272727	GCESGGNW:0.5454545454545454	WRIDTGNG:0.5454545454545454	QVAERVLA:0.2727272727272727	WGAWPACS:0.45454545454545453	VTAAAVLL:0.45454545454545453	ARQGWGAW:0.45454545454545453	VIGADPDL:0.2727272727272727	GAWPACSA:0.45454545454545453	CESGGNWH:0.2727272727272727	VLARQGWG:0.45454545454545453	GFSGGLQF:0.45454545454545453	GGTWDRLA:0.2727272727272727	GWGAWPAC:0.45454545454545453	RGVTAAAV:0.45454545454545453	LLAAGALN:0.45454545454545453	GDTVSGIA:0.36363636363636365	PDLIFPGM:0.2727272727272727	RQGWGAWP:0.45454545454545453	QGWGAWPA:0.45454545454545453	GTWDRLAG:0.36363636363636365	LARQGWGA:0.45454545454545453	DLIFPGMR:0.2727272727272727	GVTAAAVL:0.45454545454545453	TWDRLAGC:0.36363636363636365	AVLLAAGA:0.7272727272727273	VLLAAGAL:0.7272727272727273	VNAGDTLS:0.2727272727272727	FGHSTWRS:0.2727272727272727	RGARGVTA:0.2727272727272727	LIYPGTRL:0.2727272727272727	ARGVTAAA:0.2727272727272727	GAVSEEPA:0.2727272727272727	LAAGALGA:0.2727272727272727	AAGALGAV:0.2727272727272727	ALGAVSEE:0.2727272727272727	PNLIYPGT:0.2727272727272727	TWDRLAQC:0.2727272727272727	GGLQFGHS:0.2727272727272727	NAGDTLSG:0.2727272727272727	LRGRGARG:0.2727272727272727	QCESGGNW:0.36363636363636365	GALGAVSE:0.2727272727272727	AGDTLSGI:0.2727272727272727	GRGARGVT:0.2727272727272727	AGALGAVS:0.2727272727272727	IYRQNRQV:0.2727272727272727	SGGLQFGH:0.2727272727272727	ALRGRGAR:0.2727272727272727	QFGHSTWR:0.2727272727272727	YRQNRQVI:0.2727272727272727	LQFGHSTW:0.2727272727272727	EALRGRGA:0.2727272727272727	WDRLAQCE:0.36363636363636365	GARGVTAA:0.2727272727272727	GDTLSGIA:0.2727272727272727	AVSEEPAE:0.2727272727272727	GEALRGRG:0.2727272727272727	RGRGARGV:0.2727272727272727	RQNRQVIG:0.2727272727272727	LLAAGALG:0.2727272727272727	RLAQCESG:0.36363636363636365	GLQFGHST:0.2727272727272727	DRLAQCES:0.36363636363636365	AQCESGGN:0.36363636363636365	EIYRQNRQ:0.2727272727272727	LAQCESGG:0.36363636363636365	DPNLIYPG:0.2727272727272727	FSGGLQFG:0.2727272727272727	LGAVSEEP:0.2727272727272727	VSEEPAEA:0.2727272727272727	NLIYPGTR:0.2727272727272727	GTWDRLAQ:0.2727272727272727	QIRVAERV:0.2727272727272727	QQIRVAER:0.2727272727272727	GSYAARAS:0.2727272727272727	IRVAERVL:0.2727272727272727	RVAERVLA:0.2727272727272727	GGSYAARA:0.2727272727272727	GGGSYAAR:0.2727272727272727	RSEFRGYG:0.2727272727272727	ARSEFRGY:0.2727272727272727	LAAGALNV:0.2727272727272727	VNAGDTVS:0.2727272727272727	VVNAGDTV:0.2727272727272727	
