cluster number:299
CBM50:24	CBM50:24
ICGWMPIF:0.20833333333333334	ESSSLHMK:0.25	MEVHIVVK:0.2916666666666667	FLPMDKKK:0.25	FEELKRVN:0.3333333333333333	HKPVPAPM:0.25	HHHKPVPA:0.25	CHPHMPQQ:0.20833333333333334	PDYIVPGM:0.875	IVPGMKIF:0.375	DTLWKIAR:0.4166666666666667	QPECMPAM:0.25	VHIVVKGD:0.2916666666666667	GWQLIESS:0.25	CGWMPIFD:0.2916666666666667	ECMPAMQW:0.25	KPVPAPMP:0.25	PFEELKRV:0.2916666666666667	QLIESSSL:0.25	APMPDGWQ:0.25	PIFDADCH:0.25	KGDTLWKI:0.8333333333333334	RVNAHLAN:0.375	IFLPMDKK:0.25	PAPMPDGW:0.25	EVHIVVKG:0.2916666666666667	VFPICGWM:0.20833333333333334	PICGWMPI:0.20833333333333334	AHLANPDY:0.7083333333333334	ANPDYIVP:0.875	EELKRVNA:0.3333333333333333	PMPDGWQL:0.25	SSSLHMKP:0.25	LWKIARQY:0.375	ELKRVNAH:0.3333333333333333	YIVPGMKI:0.375	IPFEELKR:0.2916666666666667	AVFPICGW:0.20833333333333334	YGIPFEEL:0.2916666666666667	FPICGWMP:0.20833333333333334	VVKGDTLW:0.3333333333333333	WMPIFDAD:0.2916666666666667	QYGIPFEE:0.2916666666666667	TLWKIARQ:0.4166666666666667	VPAPMPDG:0.25	HLANPDYI:0.875	VPGMKIFL:0.375	ADCHPHMP:0.25	IARQYGIP:0.3333333333333333	WKIARQYG:0.375	RQYGIPFE:0.3333333333333333	DYIVPGMK:0.375	PDGWQLIE:0.25	PKPPVMQP:0.25	PAPMPMPQ:0.25	VNAHLANP:0.375	HEKPMKPP:0.25	PHMPQQPM:0.20833333333333334	LIESSSLH:0.25	DADCHPHM:0.25	DCHPHMPQ:0.20833333333333334	HHKPVPAP:0.25	VKGDTLWK:0.3333333333333333	HIVVKGDT:0.2916666666666667	HMPMPPSM:0.20833333333333334	KIFLPMDK:0.25	IESSSLHM:0.25	GWMPIFDA:0.2916666666666667	MKIFLPMD:0.25	LKRVNAHL:0.375	IFDADCHP:0.25	PMPMPQQP:0.20833333333333334	IVVKGDTL:0.2916666666666667	KRVNAHLA:0.375	KIARQYGI:0.375	NAHLANPD:0.7083333333333334	PVPAPMPD:0.25	FDADCHPH:0.25	GIPFEELK:0.2916666666666667	ARQYGIPF:0.3333333333333333	WQLIESSS:0.25	HMPQQPMQ:0.20833333333333334	GDTLWKIA:0.875	HPHMPQQP:0.20833333333333334	PGMKIFLP:0.375	MPIFDADC:0.2916666666666667	LANPDYIV:0.875	GMKIFLPM:0.25	EKPMKPPH:0.25	LPMDKKKP:0.25	NPDYIVPG:0.875	MPDGWQLI:0.25	PECMPAMQ:0.25	DGWQLIES:0.25	IHIVQKGD:0.3333333333333333	LWKIAKEY:0.2916666666666667	PGGMTPYR:0.2916666666666667	ISFEDLKR:0.25	QMDPCHCP:0.20833333333333334	YGISFEDL:0.25	IVPGMEII:0.3333333333333333	WKIAKEYG:0.2916666666666667	MEIILPEK:0.2916666666666667	KEYGISFE:0.25	PQQPMWVP:0.25	DTLWKIAK:0.4583333333333333	TLWKIAKE:0.2916666666666667	MPMPEPQM:0.25	MRIHIVQK:0.2916666666666667	MPMPMQMP:0.20833333333333334	YIVPGMEI:0.4583333333333333	GGMTPYRW:0.2916666666666667	QPAPPPPP:0.20833333333333334	VPGMEIIL:0.3333333333333333	GMEIILPE:0.2916666666666667	KKEVQRPM:0.20833333333333334	PEKINKEP:0.20833333333333334	ILPEKINK:0.2916666666666667	PMWVPQPV:0.25	APPPPPPP:0.25	IILPEKIN:0.2916666666666667	VPHCSSCH:0.2916666666666667	EVQRPMPP:0.20833333333333334	PPPPPPPP:0.20833333333333334	MDPCHCPP:0.20833333333333334	AKEYGISF:0.25	IAKEYGIS:0.25	VQRPMPPP:0.20833333333333334	PMPEPQMI:0.2916666666666667	PAPPPPPP:0.25	EKINKEPH:0.20833333333333334	EYGISFED:0.25	MPEPQMIP:0.2916666666666667	PPAPMPMP:0.25	EPQMIPIP:0.2916666666666667	PGMEIILP:0.3333333333333333	HCSSCHQP:0.2916666666666667	GISFEDLK:0.25	PHCSSCHQ:0.2916666666666667	EIILPEKI:0.2916666666666667	APMPMPEP:0.25	IVQKGDTL:0.5	LPEKINKE:0.2916666666666667	FPGGMTPY:0.25	SFEDLKRL:0.2916666666666667	PMPMPMQM:0.25	QPMWVPQP:0.25	PEPQMIPI:0.2916666666666667	DPCHCPPP:0.2916666666666667	QQPMWVPQ:0.25	WQMDPCHC:0.20833333333333334	FEDLKRLN:0.3333333333333333	PAPMPMPE:0.25	PMPMPEPQ:0.25	RIHIVQKG:0.3333333333333333	DYIVPGME:0.5	VQKGDTLW:0.4583333333333333	QKGDTLWK:0.4583333333333333	HIVQKGDT:0.5	KEVQRPMP:0.20833333333333334	KIAKEYGI:0.25	MWVPQPVE:0.25	LKRLNAHL:0.3333333333333333	RLNAHLAN:0.3333333333333333	KRLNAHLA:0.3333333333333333	LNAHLANP:0.3333333333333333	PMPMPMPM:0.25	MPMPMPMP:0.20833333333333334	PMPMPMPQ:0.20833333333333334	
