cluster number:201
CBM50:11	CBM50:11
PHWIYPGD:0.6363636363636364	DPHWIYPG:0.36363636363636365	KDPHWIYP:0.36363636363636365	HWIYPGDV:0.2727272727272727	PGDTLYFS:0.36363636363636365	DTLYFSYV:0.36363636363636365	WDISGKFL:0.45454545454545453	GDTLWDIS:0.7272727272727273	TVVKGDTL:0.5454545454545454	INPNHPDQ:0.36363636363636365	NHPDQYTV:0.36363636363636365	ERVSYALV:0.45454545454545453	SYALVMKA:0.36363636363636365	SIIRVMGG:0.2727272727272727	NPHWIYPG:0.2727272727272727	TIYRQGKP:0.2727272727272727	DQYTVVKG:0.45454545454545453	LMVFRPFE:0.2727272727272727	HTLDRVQT:0.36363636363636365	VSYALVMK:0.36363636363636365	TLWDISGK:0.45454545454545453	TLDRVQTP:0.36363636363636365	YTIYRQGK:0.36363636363636365	YPGDTLYF:0.36363636363636365	ALNYFPRP:0.45454545454545453	LNYFPRPP:0.45454545454545453	VVKGDTLW:0.6363636363636364	PFERVSYA:0.2727272727272727	VKGDTLWD:0.5454545454545454	AGVLMVFR:0.2727272727272727	HWIYPGDT:0.36363636363636365	IIRVMGGV:0.2727272727272727	RVSYALVM:0.5454545454545454	WIYPGDTL:0.36363636363636365	DTLWDISG:0.6363636363636364	PDQYTVVK:0.45454545454545453	IYPGDTLY:0.36363636363636365	PNHPDQYT:0.36363636363636365	IYRQGKPY:0.2727272727272727	MVFRPFER:0.2727272727272727	NPNHPDQY:0.36363636363636365	IKNPHWIY:0.2727272727272727	FRPFERVS:0.2727272727272727	QYTVVKGD:0.5454545454545454	LWDISGKF:0.45454545454545453	RPFERVSY:0.2727272727272727	FERVSYAL:0.45454545454545453	VFRPFERV:0.2727272727272727	GDTLYFSY:0.36363636363636365	HPDQYTVV:0.5454545454545454	KNPHWIYP:0.2727272727272727	GSIIRVMG:0.2727272727272727	YTVVKGDT:0.5454545454545454	KGDTLWDI:0.5454545454545454	GLGYTIYR:0.2727272727272727	LNSPKVVT:0.2727272727272727	LALNYFPR:0.2727272727272727	GYTIYRQG:0.2727272727272727	GGVSQIGQ:0.2727272727272727	QHDVVVID:0.2727272727272727	GKFLQHPW:0.2727272727272727	AAMHTLDR:0.2727272727272727	PYVIGFVG:0.2727272727272727	ISGKFLQH:0.36363636363636365	VSQIGQHD:0.2727272727272727	VVIDKGTA:0.2727272727272727	SQIGQHDV:0.2727272727272727	SGKFLQHP:0.36363636363636365	QIGQHDVV:0.2727272727272727	SEGELALN:0.2727272727272727	AMHTLDRV:0.2727272727272727	GFVGEHLI:0.2727272727272727	VVVIDKGT:0.2727272727272727	TKEILGYE:0.2727272727272727	LGYTIYRQ:0.2727272727272727	IGFVGEHL:0.2727272727272727	KVVTAEEL:0.2727272727272727	VDGKPRLS:0.2727272727272727	FLNSPKVV:0.2727272727272727	PKVVTAEE:0.2727272727272727	VSPVTKEI:0.2727272727272727	PVTKEILG:0.2727272727272727	DGKPRLSL:0.2727272727272727	ELALNYFP:0.2727272727272727	YVIGFVGE:0.2727272727272727	DGIEVGHV:0.2727272727272727	YVSPVTKE:0.2727272727272727	QFLNSPKV:0.2727272727272727	SPVTKEIL:0.2727272727272727	VTKEILGY:0.2727272727272727	NSPKVVTA:0.2727272727272727	HDVVVIDK:0.2727272727272727	DVVVIDKG:0.2727272727272727	APYVIGFV:0.2727272727272727	EILGYEAQ:0.36363636363636365	EGELALNY:0.2727272727272727	GQHDVVVI:0.2727272727272727	IDKGTADG:0.2727272727272727	VIDKGTAD:0.2727272727272727	KGTADGIE:0.2727272727272727	TSEGELAL:0.2727272727272727	DISGKFLQ:0.36363636363636365	GELALNYF:0.2727272727272727	VVTAEELQ:0.2727272727272727	MHTLDRVQ:0.2727272727272727	IGQHDVVV:0.2727272727272727	KEILGYEA:0.2727272727272727	SPKVVTAE:0.2727272727272727	VIGFVGEH:0.2727272727272727	GVSQIGQH:0.2727272727272727	
