cluster number:472
CBM50:32	CBM50:32
TYTVKSGD:0.53125	PSGFDCSG:0.46875	GFDCSGFI:0.75	FDCSGFIY:0.5625	SGFDCSGF:0.5625	SPSGFDCS:0.3125	CSGFIYYV:0.3125	STYTVKSG:0.28125	DCSGFIYY:0.5	GDTLSGIA:0.46875	NNLSSDLI:0.25	FDSYKRFY:0.3125	GDSLWKIA:0.46875	TVKSGDTL:0.4375	KSGDTLSG:0.40625	YTVKSGDT:0.4375	GISHMGIY:0.25	SGDTLSGI:0.46875	VKSGDTLS:0.5625	TYKAGISH:0.21875	KGDSLWKI:0.25	HFDSYKRF:0.28125	
