cluster number:0
CE3:83	CE3:83|CBM13:30|CBM2:13|CBM35:2|CE15:1|3.1.1.72:1|CBM32:1|GH30_3:1
GGVRVMPL:0.26506024096385544	ESNGGVRV:0.25301204819277107	DGFNVPGG:0.27710843373493976	LLHIGTND:0.7108433734939759	RTVLLHIG:0.2891566265060241	TDGFNVPG:0.27710843373493976	SNGGVRVM:0.25301204819277107	VGSQFNGP:0.24096385542168675	VRVMPLGD:0.30120481927710846	VLLHIGTN:0.5180722891566265	ADGVHPNA:0.27710843373493976	GKRVHLVD:0.27710843373493976	LGDSITDG:0.4578313253012048	LADGVHPN:0.27710843373493976	RVMPLGDS:0.4819277108433735	PLGDSITD:0.46987951807228917	TVLLHIGT:0.3614457831325301	KRVHLVDM:0.24096385542168675	SITDGFNV:0.27710843373493976	ITDGFNVP:0.27710843373493976	DLADGVHP:0.3614457831325301	FNVPGGYR:0.27710843373493976	NAAIPGIV:0.2891566265060241	PRTVLLHI:0.2891566265060241	VMPLGDSI:0.6024096385542169	MPLGDSIT:0.891566265060241	AGKRVHLV:0.26506024096385544	AESNGGVR:0.2891566265060241	GDSITDGF:0.30120481927710846	GFNVPGGY:0.27710843373493976	DSITDGFN:0.26506024096385544	GVRVMPLG:0.26506024096385544	NGGVRVMP:0.25301204819277107	LHIGTNDI:0.4457831325301205	WRIDQIDA:0.3373493975903614	HDHEGHPG:0.2289156626506024	EGHPGWRI:0.2289156626506024	PGWRIDQI:0.2289156626506024	HPGWRIDQ:0.24096385542168675	DHDHEGHP:0.2289156626506024	DSITEGTQ:0.21686746987951808	VPGGYRIG:0.24096385542168675	TEGTQVPG:0.20481927710843373	RIDQIDAN:0.3373493975903614	PLGDSITE:0.27710843373493976	ITEGTQVP:0.20481927710843373	LGDSITEG:0.27710843373493976	HEGHPGWR:0.2289156626506024	GYRIGLWQ:0.25301204819277107	EGTQVPGG:0.20481927710843373	GDSITEGT:0.21686746987951808	DHEGHPGW:0.2289156626506024	GHPGWRID:0.30120481927710846	LGDHDHEG:0.4578313253012048	IDQIDANI:0.25301204819277107	SITEGTQV:0.20481927710843373	GWRIDQID:0.3493975903614458	PGGYRIGL:0.27710843373493976	YRIGLWQR:0.24096385542168675	GDHDHEGH:0.4578313253012048	GGYRIGLW:0.27710843373493976	IMPLGDSI:0.26506024096385544	HSGWRIDQ:0.21686746987951808	ADLADGVH:0.30120481927710846	GHSGWRID:0.2289156626506024	TTADLADG:0.24096385542168675	DHEGHSGW:0.3373493975903614	HDHEGHSG:0.27710843373493976	AGGYDKMA:0.2289156626506024	TILLHIGT:0.21686746987951808	DHDHEGHS:0.27710843373493976	ILLHIGTN:0.21686746987951808	HEGHSGWR:0.21686746987951808	EGHSGWRI:0.21686746987951808	
