cluster number:15
PL10:38	PL10_2:37|PL10:1|4.2.2.2:1
YHATGDEY:0.21052631578947367	AYHATGDE:0.5	VQPPGTAT:0.39473684210526316	PGTATMGH:0.34210526315789475	QPPGTATM:0.34210526315789475	DAYHATGD:0.631578947368421	ITFNDDVA:0.42105263157894735	GTATMGHL:0.23684210526315788	YVWSYLPD:0.3157894736842105	WYDTIGKN:0.2631578947368421	GGYVWSYL:0.34210526315789475	ATGDEYYY:0.21052631578947367	RRWGELEA:0.23684210526315788	YITFNDDV:0.2894736842105263	PPGTATMG:0.34210526315789475	GWPQRYPL:0.2631578947368421	QYPNGGWP:0.2894736842105263	SRRWGELE:0.23684210526315788	HATGDEYY:0.21052631578947367	IWVQPPGT:0.3684210526315789	PNGGWPQR:0.3157894736842105	FLDAYHAT:0.3684210526315789	MIWVQPPG:0.3684210526315789	GGWPQRYP:0.39473684210526316	GYVWSYLP:0.3157894736842105	LDAYHATG:0.7105263157894737	YPNGGWPQ:0.2894736842105263	SNPYIGDG:0.21052631578947367	WVQPPGTA:0.39473684210526316	LEEFQHYY:0.5789473684210527	ENIKFLLM:0.21052631578947367	YYGNATFD:0.6052631578947368	FQHYYGNA:0.5526315789473685	NGWRLEEF:0.631578947368421	QHYYGNAT:0.5526315789473685	PQAGWGLQ:0.2631578947368421	GNATFDDA:0.5789473684210527	GGWPQRFP:0.4473684210526316	GARSYEPR:0.21052631578947367	YGNATFDD:0.6052631578947368	HYYGNATF:0.5789473684210527	PEALDWLD:0.23684210526315788	RLEEFQHY:0.5789473684210527	ATFDDAGT:0.5526315789473685	RVPEALDW:0.21052631578947367	VPEALDWL:0.21052631578947367	EFQHYYGN:0.5789473684210527	NATFDDAG:0.5526315789473685	EEFQHYYG:0.5789473684210527	QAGWGLQH:0.21052631578947367	GWRLEEFQ:0.5263157894736842	EALDWLDS:0.2631578947368421	WRLEEFQH:0.631578947368421	WGEMEAKR:0.23684210526315788	EMEAKRTM:0.23684210526315788	GEMEAKRT:0.23684210526315788	PDFSRRWG:0.2631578947368421	DFSRRWGE:0.2894736842105263	QHPAGGWN:0.3157894736842105	PTMIWVQP:0.3157894736842105	LPDFSRRW:0.21052631578947367	TFDDAGTA:0.39473684210526316	HPAGGWNY:0.3157894736842105	TMIWVQPP:0.34210526315789475	FDDAGTAE:0.2631578947368421	KNGWRLEE:0.39473684210526316	ARSYEPRS:0.21052631578947367	GKNGWRLE:0.39473684210526316	LLRLYVEK:0.21052631578947367	LYVHRRGS:0.23684210526315788	TFNDDVAG:0.4473684210526316	QFLLRLYV:0.21052631578947367	VAGENIKF:0.2894736842105263	DVAGENIK:0.2894736842105263	VHRRGSNV:0.2894736842105263	DDVAGENI:0.39473684210526316	YVHRRGSN:0.23684210526315788	PLYVHRRG:0.23684210526315788	FLLRLYVE:0.21052631578947367	RGSNVVNG:0.3157894736842105	NDDVAGEN:0.4473684210526316	HRRGSNVV:0.3157894736842105	FNDDVAGE:0.4473684210526316	RRGSNVVN:0.3157894736842105	AGENIKFL:0.2894736842105263	GISTGTYI:0.23684210526315788	YDTIGKNG:0.21052631578947367	DTIGKNGW:0.21052631578947367	TIGKNGWR:0.2631578947368421	GWPQRFPL:0.3157894736842105	IGKNGWRL:0.2631578947368421	NGGWPQRF:0.21052631578947367	NVVNGEYY:0.2631578947368421	GSNVVNGE:0.2631578947368421	PQPAWGLQ:0.2894736842105263	QPAWGLQH:0.23684210526315788	SNVVNGEY:0.2631578947368421	SRRWGEME:0.2894736842105263	RRWGEMEA:0.2894736842105263	
