cluster number:20
PL10:27	PL10_1:26|CE8:10|CE12:1|PL10:1
YENGGWPQ:0.2222222222222222	AYELPSLS:0.2962962962962963	RAYELPSL:0.3333333333333333	AQYENGGW:0.2222222222222222	PAKARAYE:0.2962962962962963	AKARAYEL:0.2962962962962963	ARAYELPS:0.2962962962962963	KARAYELP:0.2962962962962963	QYENGGWP:0.2222222222222222	YELPSLSG:0.37037037037037035	WCAQHDEV:0.3333333333333333	TAWCAQHD:0.37037037037037035	AWCAQHDE:0.25925925925925924	CAQHDEVT:0.25925925925925924	YYTHITYN:0.37037037037037035	NGGWPQFY:0.5925925925925926	QFYPLKKG:0.3333333333333333	GIDCILKT:0.25925925925925924	YPLKKGYY:0.2962962962962963	ITYNDDSM:0.3333333333333333	YTHITYND:0.37037037037037035	PFFCDRDG:0.48148148148148145	YNDDSMVN:0.2962962962962963	THITYNDD:0.3333333333333333	IDCILKTQ:0.25925925925925924	PLKKGYYT:0.3333333333333333	KGYYTHIT:0.4074074074074074	GGWPQFYP:0.5925925925925926	KKGYYTHI:0.3333333333333333	FYPLKKGY:0.3333333333333333	TYNDDSMV:0.2962962962962963	DCILKTQY:0.2962962962962963	GWPQFYPL:0.4444444444444444	CILKTQYK:0.3333333333333333	LKKGYYTH:0.3333333333333333	PQFYPLKK:0.3333333333333333	FCDRDGIK:0.4444444444444444	CDRDGIKK:0.4444444444444444	NDDSMVNI:0.2962962962962963	ILKTQYKQ:0.3333333333333333	FFCDRDGI:0.37037037037037035	WPQFYPLK:0.25925925925925924	NYLLEAQY:0.2222222222222222	SLSGKESA:0.2222222222222222	GYYTHITY:0.37037037037037035	HITYNDDS:0.2962962962962963	VYLGRPWR:0.37037037037037035	LGNQDTLY:0.25925925925925924	GQAIALSV:0.2222222222222222	GRPWRIYA:0.25925925925925924	PWRIYAKT:0.2222222222222222	YLGRPWRI:0.2962962962962963	LGRPWRIY:0.25925925925925924	GTTDFIFG:0.25925925925925924	EGTTDFIF:0.25925925925925924	YIEGTTDF:0.25925925925925924	RPWRIYAK:0.2222222222222222	LTAWCAQH:0.2222222222222222	IEGTTDFI:0.25925925925925924	CYIEGTTD:0.2222222222222222	QRDIGGWP:0.25925925925925924	LKTQYKQN:0.25925925925925924	KTQYKQNG:0.25925925925925924	LLYQRDIG:0.2222222222222222	YQRDIGGW:0.25925925925925924	ENVLLYQR:0.3333333333333333	GWPKNIQM:0.25925925925925924	NVLLYQRD:0.2222222222222222	ERRNGYSW:0.2222222222222222	VLLYQRDI:0.2222222222222222	RDIGGWPK:0.25925925925925924	LYQRDIGG:0.2222222222222222	DIGGWPKN:0.25925925925925924	KGIDCILK:0.2222222222222222	AENVLLYQ:0.3333333333333333	WPKNIQMQ:0.25925925925925924	IAENVLLY:0.25925925925925924	IGGWPKNI:0.25925925925925924	GGWPKNIQ:0.25925925925925924	SYITAAST:0.2222222222222222	YDNGGWPQ:0.2222222222222222	AQYDNGGW:0.2222222222222222	DNGGWPQF:0.2222222222222222	QYDNGGWP:0.2222222222222222	ERRNGYAW:0.2222222222222222	
