cluster number:13
PL10:21	PL10:16|PL10_1:5|CBM37:1|CE8:1
NGTLTAWG:0.47619047619047616	FNDAGTYH:0.5238095238095238	QVFNDAGT:0.5238095238095238	QYPNGGWP:0.6666666666666666	YHAHITFN:0.23809523809523808	NGGWPQVF:0.8095238095238095	NDAGTYHA:0.5238095238095238	GTYHAHIT:0.7619047619047619	GGWPQVFN:0.5714285714285714	YPNGGWPQ:0.6666666666666666	HAHITFND:0.2857142857142857	AQYPNGGW:0.7142857142857143	VNGTLTAW:0.42857142857142855	PNGGWPQV:0.6666666666666666	GTLTAWGQ:0.47619047619047616	GWPQVFND:0.5714285714285714	AWGQQHDE:0.2857142857142857	DAGTYHAH:0.5238095238095238	VFNDAGTY:0.5238095238095238	TYHAHITF:0.23809523809523808	TLTAWGQQ:0.47619047619047616	PQVFNDAG:0.5238095238095238	WPQVFNDA:0.5238095238095238	AGTYHAHI:0.5238095238095238	NDTAMVAV:0.38095238095238093	TAWGQQHD:0.2857142857142857	LTAWGQQH:0.2857142857142857	TYHAHITY:0.5238095238095238	AENAVNKG:0.2857142857142857	WVDSSYQS:0.38095238095238093	DSSYQSKA:0.2857142857142857	SSYQSKAE:0.23809523809523808	VDSSYQSK:0.2857142857142857	HAHITYND:0.5238095238095238	EVSQKSGA:0.23809523809523808	ENAVNKGI:0.2857142857142857	YHAHITYN:0.5238095238095238	VSQKSGAF:0.23809523809523808	NKGIDCIL:0.23809523809523808	TYNDTAMV:0.2857142857142857	VNKGIDCI:0.23809523809523808	NAVNKGID:0.23809523809523808	TAMVAVLR:0.23809523809523808	AVNKGIDC:0.23809523809523808	HITYNDTA:0.2857142857142857	ITYNDTAM:0.2857142857142857	YNDTAMVA:0.2857142857142857	DTAMVAVL:0.3333333333333333	AHITYNDT:0.2857142857142857	CILKTQIK:0.2857142857142857	KGIDCILK:0.23809523809523808	ILKTQIKV:0.23809523809523808	KTQIKVNG:0.23809523809523808	LKTQIKVN:0.23809523809523808	PGTYHAHI:0.23809523809523808	DPGTYHAH:0.23809523809523808	QIKVNGTL:0.23809523809523808	TAWGQQYD:0.23809523809523808	LTAWGQQY:0.23809523809523808	IKVNGTLT:0.23809523809523808	AWGQQYDE:0.23809523809523808	KVNGTLTA:0.23809523809523808	
