cluster number:5
PL10:33	PL10_1:30|CE8:6|PL10:3|CE12:1
ITYNDNAM:0.36363636363636365	RRNGYSWY:0.42424242424242425	AYELPSLS:0.24242424242424243	RAYELPSL:0.24242424242424243	VWCAQHDE:0.2727272727272727	HITYNDNA:0.21212121212121213	ARAYELPS:0.45454545454545453	LTVWCAQH:0.36363636363636365	TVWCAQHD:0.45454545454545453	KARAYELP:0.24242424242424243	ECILKTQV:0.24242424242424243	YELPSLSG:0.24242424242424243	ERRNGYSW:0.42424242424242425	RNGYSWYN:0.3939393939393939	PPLWARFY:0.21212121212121213	YENGGWPQ:0.3333333333333333	ENGGWPQF:0.3333333333333333	TYNDNAMV:0.30303030303030304	FNKGIECI:0.24242424242424243	AFNKGIEC:0.24242424242424243	GGWPQFYP:0.24242424242424243	STIDNNAT:0.24242424242424243	NKGIECIL:0.24242424242424243	TIDNNATT:0.30303030303030304	TGGWPKNI:0.3333333333333333	QYENGGWP:0.3333333333333333	LWARFYEL:0.30303030303030304	NGYSWYNS:0.21212121212121213	HITFNDDA:0.24242424242424243	RAYELPSY:0.21212121212121213	GWPKNIDM:0.21212121212121213	GGWPQFWP:0.36363636363636365	GGWPKNID:0.21212121212121213	NGGWPQFW:0.36363636363636365	AYELPSYC:0.21212121212121213	YELPSYCS:0.21212121212121213	GQYENGGW:0.21212121212121213	AQYPNGGW:0.36363636363636365	QYPNGGWP:0.36363636363636365	PNGGWPQF:0.24242424242424243	YPNGGWPQ:0.36363636363636365	ECILATQI:0.21212121212121213	
