cluster number:3
GH144:258	GH144:258|3.2.1.71:1
VTTGGSGF:0.2713178294573643	MIENYRSG:0.2131782945736434	GYNECLIT:0.2558139534883721	KDNGGDLV:0.38372093023255816	ADRFHGAW:0.2364341085271318	NGGDLVET:0.375968992248062	TGGSGFGL:0.20930232558139536	YLAIDQGP:0.624031007751938	DNGGDLVE:0.4496124031007752	EGYNECLI:0.20155038759689922	VLYWHWSP:0.6085271317829457	GVISPTAA:0.313953488372093	RYLAIDQG:0.2868217054263566	GGSGFGLM:0.20930232558139536	WGLTASYS:0.36046511627906974	TTGGSGFG:0.35271317829457366	YNECLITY:0.2558139534883721	DVLYWHWS:0.2248062015503876	GLLWKLFM:0.2441860465116279	AALSSFPY:0.29069767441860467	LSSFPYTP:0.25193798449612403	TAALSSFP:0.29844961240310075	ALSSFPYT:0.24806201550387597	ISPTAALS:0.27906976744186046	PTAALSSF:0.29844961240310075	SPTAALSS:0.2441860465116279	FWAHYSYL:0.20930232558139536	AHYSYLGL:0.2054263565891473	WAHYSYLG:0.2054263565891473	GPLFWAHY:0.3449612403100775	LFWAHYSY:0.32945736434108525	PLFWAHYS:0.3488372093023256	GGPLFWAH:0.24031007751937986	LYWHWSPN:0.39147286821705424	VMIENYRT:0.2054263565891473	LAIDQGPI:0.5348837209302325	MIENYRTG:0.3372093023255814	IENYRTGL:0.3023255813953488	DCWGLTAS:0.20155038759689922	DDGGDLVE:0.2441860465116279	GDLVETAF:0.3449612403100775	DLVETAFL:0.3178294573643411	GGDLVETA:0.3682170542635659	CWGLTASY:0.25193798449612403	VITPTAAL:0.2364341085271318	ITPTAALS:0.2558139534883721	TPTAALSS:0.22093023255813954	GVITPTAA:0.25193798449612403	ENYRTGLL:0.24031007751937986	NYRTGLLW:0.24031007751937986	NVLYWHWS:0.27906976744186046	VISPTAAL:0.2558139534883721	YGFYDAFS:0.20155038759689922	
