cluster number:4
GH48:266	GH48:266|CBM2:98|3.2.1.176:2|3.2.1.-:1|CBM3:1|3.2.1.14:1
INTFQRGP:0.22180451127819548	YINTFQRG:0.3308270676691729	PYHSVETL:0.3082706766917293	EAPDYGHE:0.22180451127819548	AAKMGDYL:0.39473684210526316	QRGPQESV:0.2706766917293233	AGGATNSW:0.462406015037594	TTSEAYSY:0.29699248120300753	DKYFKKIG:0.2857142857142857	GYQNPLAA:0.21052631578947367	IAGGATNS:0.45112781954887216	KAAKMGDY:0.3609022556390977	QESVWETV:0.3383458646616541	GPQESVWE:0.21052631578947367	ESVWETVP:0.2706766917293233	WAWRIGSS:0.2518796992481203	HETTSEAY:0.2781954887218045	GHETTSEA:0.518796992481203	DYGHETTS:0.20676691729323307	NTFQRGPQ:0.22932330827067668	NGYLDLFT:0.2593984962406015	PDYGHETT:0.20676691729323307	TFQRGPQE:0.22932330827067668	APDYGHET:0.21428571428571427	FQRGPQES:0.23308270676691728	AKAAKMGD:0.2518796992481203	KMGDYLRY:0.45864661654135336	YGHETTSE:0.21052631578947367	ETTSEAYS:0.2744360902255639	SVWETVPQ:0.22556390977443608	PQESVWET:0.21052631578947367	AKMGDYLR:0.39849624060150374	VWETVPQP:0.22556390977443608	RGPQESVW:0.24436090225563908	HETTSEAF:0.23308270676691728	ETTSEAFS:0.22932330827067668	GMHWLLDV:0.3157894736842105	PSQYPSQL:0.20300751879699247	YINTYQRG:0.23684210526315788	IYGMHWLL:0.22180451127819548	HWLLDVDN:0.3533834586466165	MHWLLDVD:0.3533834586466165	YGMHWLLD:0.3082706766917293	GAIAGGAT:0.2819548872180451	AIAGGATN:0.2819548872180451	LSWYYAWG:0.31954887218045114	WYYAWGGA:0.3609022556390977	SWYYAWGG:0.424812030075188	LLSWYYAW:0.31954887218045114	EGAIAGGA:0.24812030075187969	HYLLSWYY:0.2781954887218045	YLLSWYYA:0.3007518796992481	TLIVEAPD:0.3233082706766917	YHSVETLI:0.24436090225563908	MGDYLRYA:0.32706766917293234	DPPSNQWF:0.2819548872180451	YFKKIGNC:0.24436090225563908	VETLIVEA:0.2518796992481203	TYHRFWAQ:0.24060150375939848	VYHDPPSN:0.2819548872180451	PDADARAV:0.4473684210526316	AVQAAYWA:0.2857142857142857	HRFWAQAD:0.2593984962406015	PVYHDPPS:0.2819548872180451	FTYHRFWA:0.24812030075187969	ETLIVEAP:0.3233082706766917	HSVETLIV:0.24060150375939848	SVETLIVE:0.24060150375939848	DADARAVQ:0.37593984962406013	GDYLRYAM:0.29699248120300753	PPSNQWFG:0.2819548872180451	ADARAVQA:0.3233082706766917	DARAVQAA:0.2894736842105263	YHRFWAQA:0.2744360902255639	RAVQAAYW:0.2857142857142857	ARAVQAAY:0.2631578947368421	KYFKKIGN:0.24436090225563908	APDADARA:0.5413533834586466	TNAPDADA:0.38721804511278196	NAPDADAR:0.40225563909774437	YTNAPDAD:0.2669172932330827	HGHETTSE:0.2631578947368421	EAPDHGHE:0.2669172932330827	PDHGHETT:0.2631578947368421	IVEAPDHG:0.23684210526315788	APDHGHET:0.2593984962406015	DHGHETTS:0.2631578947368421	VEAPDHGH:0.30451127819548873	LIVEAPDH:0.23308270676691728	
