cluster number:59
GH31:14	GH31:14
TGAPILRP:0.21428571428571427	QEPWAFGE:0.21428571428571427	EPWAFGEP:0.21428571428571427	RAGYAGLQ:0.21428571428571427	PWAFGEPY:0.21428571428571427	PPLWALGY:0.2857142857142857	YLDIDYMD:0.2857142857142857	TGRTPMPP:0.21428571428571427	AGYAGLQR:0.21428571428571427	RAFRERDI:0.21428571428571427	GRTPMPPL:0.21428571428571427	HRTGAPIL:0.21428571428571427	WPGVCAFP:0.21428571428571427	LPYLYTLF:0.35714285714285715	GIWCDMNE:0.35714285714285715	WAFGEPYE:0.21428571428571427	AFGEPYES:0.21428571428571427	IYLDIDYM:0.21428571428571427	PGVCAFPD:0.21428571428571427	LTGRTPMP:0.21428571428571427	WALGYHQS:0.21428571428571427	LLPYLYTL:0.5714285714285714	AFRERDIP:0.21428571428571427	RTPMPPLW:0.21428571428571427	YLYTLFEE:0.21428571428571427	VTIVDPGV:0.2857142857142857	PLWALGYH:0.21428571428571427	VWPGVCAF:0.21428571428571427	LWALGYHQ:0.21428571428571427	LDIDYMDG:0.5	GVCAFPDF:0.21428571428571427	GAPILRPL:0.2857142857142857	PYLYTLFE:0.21428571428571427	RLLPYLYT:0.5714285714285714	RTGAPILR:0.21428571428571427	APILRPLL:0.21428571428571427	IWCDMNEP:0.35714285714285715	LTGRPLLP:0.21428571428571427	AAVVEQLT:0.2857142857142857	HNLYGHLM:0.21428571428571427	GPTPAAVV:0.35714285714285715	QEPWSFGP:0.21428571428571427	NSSWWEHL:0.35714285714285715	GVDIGGFF:0.21428571428571427	WMGDNSSW:0.21428571428571427	AVVEQLTR:0.2857142857142857	LPPLWALG:0.42857142857142855	GGELDYYL:0.2857142857142857	AASWMGDN:0.21428571428571427	LLPPLWAL:0.21428571428571427	PTPAAVVE:0.2857142857142857	GDNSSWWE:0.35714285714285715	PWVLTRSA:0.2857142857142857	LRYRLLPY:0.5714285714285714	VEQLTRLT:0.2857142857142857	YRLLPYLY:0.5	DNSSWWEH:0.35714285714285715	QLTRLTGR:0.2857142857142857	TPAAVVEQ:0.2857142857142857	TGRPLLPP:0.21428571428571427	GRPLLPPL:0.21428571428571427	HAEVHNLY:0.21428571428571427	PAAVVEQL:0.2857142857142857	VVEQLTRL:0.2857142857142857	LTRLTGRP:0.2857142857142857	RYRLLPYL:0.5	PLLPPLWA:0.21428571428571427	RLTGRPLL:0.21428571428571427	RLRYRLLP:0.21428571428571427	LPYLYTLA:0.2857142857142857	MGDNSSWW:0.21428571428571427	AEVHNLYG:0.21428571428571427	TRLTGRPL:0.21428571428571427	EQLTRLTG:0.2857142857142857	RPWVLTRS:0.35714285714285715	IRLRYRLL:0.21428571428571427	WVLTRSAF:0.21428571428571427	RPLLPPLW:0.21428571428571427	LGYHQSRW:0.21428571428571427	ALPPLWAL:0.21428571428571427	VDPGVKVD:0.21428571428571427	YPVYTEGR:0.21428571428571427	MDGYRVFT:0.35714285714285715	WCDMNEPS:0.35714285714285715	YMDGYRVF:0.42857142857142855	DGYRVFTW:0.35714285714285715	DYMDGYRV:0.42857142857142855	GYRVFTWD:0.42857142857142855	PVYTEGRE:0.21428571428571427	DMNEPSLF:0.21428571428571427	CDMNEPSL:0.21428571428571427	IVDPGVKV:0.21428571428571427	DIDYMDGY:0.42857142857142855	IDYMDGYR:0.42857142857142855	YRVFTWDR:0.21428571428571427	GVDIGGFY:0.21428571428571427	TLGGELDY:0.2857142857142857	VGVDIGGF:0.21428571428571427	HVGVDIGG:0.21428571428571427	LGGELDYY:0.2857142857142857	FTLGGELD:0.2857142857142857	WTLIEDDG:0.21428571428571427	YRVFTWDP:0.21428571428571427	IPCDVIYL:0.21428571428571427	CDVIYLDI:0.21428571428571427	PCDVIYLD:0.21428571428571427	TIVDPGVK:0.21428571428571427	ESLFPDFC:0.21428571428571427	LFTLGGEL:0.21428571428571427	AGPTPAAV:0.21428571428571427	ELRYRLLP:0.21428571428571427	IHLDIDYM:0.21428571428571427	RRPWVLTR:0.21428571428571427	PYLYTLAH:0.21428571428571427	IELRYRLL:0.21428571428571427	
