cluster number:62
GH31:54	GH31:54|3.2.1.20:12
AGHWGGDN:0.3333333333333333	FSIPQALS:0.2777777777777778	AVWPGYTV:0.4074074074074074	GSGKWAGH:0.3333333333333333	IWIDMSEV:0.2037037037037037	WPGYTVFP:0.5740740740740741	YFSIPQAL:0.24074074074074073	WMQLSAFF:0.3333333333333333	MRALAWEF:0.2222222222222222	RWMQLSAF:0.3333333333333333	VGSCGTGN:0.2222222222222222	LGYHQCRW:0.2037037037037037	PMFGVDTC:0.2222222222222222	SFCVGSCG:0.5740740740740741	SGKWAGHW:0.3333333333333333	GAVWPGYT:0.42592592592592593	FPFYRNHN:0.5925925925925926	CVGSCGTG:0.3333333333333333	SAFFPFYR:0.37037037037037035	FAGSGKWA:0.3333333333333333	PGYTVFPD:0.5740740740740741	VMRALAWE:0.2222222222222222	VWPGYTVF:0.5740740740740741	QLSAFFPF:0.3333333333333333	FGVDTCGF:0.24074074074074073	DTCGFNGN:0.2222222222222222	LSAFFPFY:0.3333333333333333	MFGVDTCG:0.2222222222222222	MQLSAFFP:0.3333333333333333	AGSGKWAG:0.3148148148148148	LCSRWMQL:0.3333333333333333	ELCSRWMQ:0.3333333333333333	TFAGSGKW:0.3333333333333333	DGIWIDMS:0.2037037037037037	GYHQCRWG:0.2962962962962963	GEVWYDWY:0.2222222222222222	GIWIDMSE:0.2037037037037037	GLPAMQQY:0.24074074074074073	GSCGTGNL:0.2222222222222222	YHQCRWGY:0.2962962962962963	GYTVFPDW:0.4074074074074074	KWAGHWGG:0.3333333333333333	EVWYDWYT:0.2037037037037037	GKWAGHWG:0.3333333333333333	AFFPFYRN:0.37037037037037035	FCVGSCGT:0.42592592592592593	WAGHWGGD:0.3333333333333333	RALAWEFP:0.24074074074074073	TVMRALAW:0.2037037037037037	YNLYGLGE:0.25925925925925924	FFPFYRNH:0.5925925925925926	GSTVMRAL:0.3148148148148148	EELCNRWM:0.4444444444444444	HAVSPNAT:0.3888888888888889	ELCNRWMQ:0.35185185185185186	RSTFAGSG:0.3888888888888889	LCNRWMQL:0.3148148148148148	NSDEELCN:0.2222222222222222	EVSSFCVG:0.46296296296296297	AVSPNATH:0.4074074074074074	GLGESIHG:0.24074074074074073	SEVSSFCV:0.2222222222222222	LFGIPMFG:0.24074074074074073	GHWGGDNY:0.24074074074074073	VSSFCVGS:0.46296296296296297	CNRWMQLS:0.2222222222222222	KRPFIIGR:0.2222222222222222	FIIGRSTF:0.2037037037037037	DEELCNRW:0.4074074074074074	IIGRSTFA:0.2777777777777778	SDEELCNR:0.2222222222222222	GRSTFAGS:0.3333333333333333	RPFIIGRS:0.2777777777777778	LYLDDGES:0.4074074074074074	MSEVSSFC:0.2222222222222222	NRWMQLSA:0.2222222222222222	STFAGSGK:0.3333333333333333	SSFCVGSC:0.5185185185185185	APLGHIPV:0.2962962962962963	TGSTVMRA:0.24074074074074073	DMSEVSSF:0.2222222222222222	VHAVSPNA:0.25925925925925924	PFIIGRST:0.2037037037037037	IGRSTFAG:0.2962962962962963	KNPDGSLY:0.3333333333333333	YIGAVWPG:0.37037037037037035	NPDGSLYI:0.3888888888888889	CGFNGNSD:0.24074074074074073	DVFLKNPD:0.24074074074074073	FLKNPDGS:0.3148148148148148	VFLKNPDG:0.24074074074074073	GFHQCRWG:0.24074074074074073	FHQCRWGY:0.24074074074074073	LKNPDGSL:0.2962962962962963	GSLYIGAV:0.3333333333333333	SLYIGAVW:0.3333333333333333	LYIGAVWP:0.3148148148148148	IGAVWPGY:0.35185185185185186	DGSLYIGA:0.3333333333333333	PDGSLYIG:0.3888888888888889	AHTTGSTV:0.2037037037037037	NEVSSFCV:0.2037037037037037	LETIWSDI:0.24074074074074073	APLGHIPL:0.25925925925925924	LGHIPLHI:0.2037037037037037	IPLETIWS:0.2037037037037037	MNEVSSFC:0.24074074074074073	FYRNHNVL:0.2222222222222222	GNIYGVHP:0.24074074074074073	DPIDGNIY:0.2037037037037037	PFYRNHNV:0.24074074074074073	DGNIYGVH:0.2222222222222222	WSDIDYMD:0.24074074074074073	SPNATHAD:0.2222222222222222	PLETIWSD:0.2037037037037037	PIDGNIYG:0.2222222222222222	IDGNIYGV:0.2222222222222222	LLPYYYTL:0.2037037037037037	GNINYPPY:0.2222222222222222	IWSDIDYM:0.24074074074074073	CGFNGNTD:0.2222222222222222	SFFPFYRN:0.2222222222222222	PNATHADG:0.2222222222222222	TIWSDIDY:0.24074074074074073	NINYPPYA:0.2037037037037037	ETIWSDID:0.24074074074074073	PLGHIPLH:0.2222222222222222	DMNEVSSF:0.24074074074074073	GIWLDMNE:0.2777777777777778	LDMNEPSS:0.2037037037037037	WLDMNEPS:0.2037037037037037	IWLDMNEP:0.2037037037037037	DMNEPSSF:0.2777777777777778	GIPMFGVD:0.2037037037037037	
