cluster number:44
GH31:13	GH31:13
AHLNTFNR:0.3076923076923077	HLNTFNRD:0.3076923076923077	QPGVYDFG:0.23076923076923078	YQFSARAM:0.3076923076923077	YELTGQPI:0.3076923076923077	FNRDYWVE:0.46153846153846156	GVTSPNPF:0.23076923076923078	SLNGEKNN:0.46153846153846156	FEDGKYYK:0.3076923076923077	KKGILESL:0.3076923076923077	YAFYEAHL:0.3076923076923077	NGEKNNYQ:0.38461538461538464	KNNYQFSA:0.5384615384615384	LESLNGEK:0.6923076923076923	NTFNRDYW:0.3076923076923077	EAHLNTFN:0.3076923076923077	GEKNNYQF:0.46153846153846156	KGILESLN:0.3076923076923077	YYELTGQP:0.3076923076923077	EKNNYQFS:0.46153846153846156	QFSARAMI:0.23076923076923078	VTSPNPFY:0.23076923076923078	MPEYAFYE:0.3076923076923077	NYQFSARA:0.46153846153846156	FYEAHLNT:0.3076923076923077	FSARAMID:0.23076923076923078	ESLNGEKN:0.46153846153846156	LRNTWQPG:0.6153846153846154	TWQPGVYD:0.23076923076923078	TFNRDYWV:0.3076923076923077	GVLRNTWQ:0.38461538461538464	TSPNPFYW:0.23076923076923078	VLRNTWQP:0.38461538461538464	EYAFYEAH:0.3076923076923077	RNTWQPGV:0.23076923076923078	ILESLNGE:0.6923076923076923	GYGVLRNT:0.5384615384615384	DYYELTGQ:0.3076923076923077	LNTFNRDY:0.3076923076923077	YEAHLNTF:0.3076923076923077	SPNPFYWS:0.3076923076923077	PEYAFYEA:0.3076923076923077	NNYQFSAR:0.5384615384615384	WQPGVYDF:0.23076923076923078	LNGEKNNY:0.46153846153846156	AFYEAHLN:0.5384615384615384	YGVLRNTW:0.5384615384615384	GILESLNG:0.8461538461538461	NRDYWVEV:0.5384615384615384	NTWQPGVY:0.23076923076923078	NRDYWVKV:0.46153846153846156	LKDYYELT:0.23076923076923078	MPEFAFYE:0.3076923076923077	EFAFYEAH:0.23076923076923078	IFMPEFAF:0.23076923076923078	RDYWVKVD:0.3076923076923077	HLNAFNRD:0.6153846153846154	ILKDYYEL:0.23076923076923078	PIFMPEFA:0.23076923076923078	EAHLNAFN:0.5384615384615384	DYWVKVDK:0.23076923076923078	KDYYELTG:0.23076923076923078	AHLNAFNR:0.5384615384615384	FYEAHLNA:0.3076923076923077	PEFAFYEA:0.23076923076923078	FNRDYWVK:0.46153846153846156	NAFNRDYW:0.6153846153846154	FMPEFAFY:0.23076923076923078	FAFYEAHL:0.23076923076923078	AFNRDYWV:0.6153846153846154	DILKDYYE:0.23076923076923078	YEAHLNAF:0.5384615384615384	LNAFNRDY:0.6153846153846154	PEYAYYEA:0.23076923076923078	RDYWVEVD:0.23076923076923078	AYYEAHLN:0.23076923076923078	YYEAHLNA:0.23076923076923078	YAYYEAHL:0.23076923076923078	EYAYYEAH:0.23076923076923078	MPEYAYYE:0.23076923076923078	ILRNTWQP:0.23076923076923078	SSPCPFYW:0.23076923076923078	KTGILESL:0.3076923076923077	VSSPCPFY:0.23076923076923078	SPCPFYWS:0.3076923076923077	AILFEDGK:0.23076923076923078	TGILESLN:0.3076923076923077	GAILFEDG:0.23076923076923078	FGYGVLRN:0.23076923076923078	NDYYELTG:0.3076923076923077	LNDYYELT:0.3076923076923077	ILNDYYEL:0.3076923076923077	DILNDYYE:0.23076923076923078	PKDILNDY:0.23076923076923078	KDILNDYY:0.23076923076923078	
