cluster number:21
GH31:18	GH31:18|4.2.2.13:2
WTGDNAST:0.2777777777777778	QGVKCSTN:0.3888888888888889	TGDNASTW:0.2777777777777778	GLPIARAM:0.2222222222222222	GKQYQYLF:0.2222222222222222	LHKATYHG:0.2777777777777778	HKATYHGL:0.2777777777777778	MNYFNFDN:0.2777777777777778	FIIGRGSF:0.2222222222222222	NYFNFDNM:0.5	NPELLIRW:0.2222222222222222	LYSYNLHK:0.7222222222222222	NLHKATYH:0.2777777777777778	NFIIGRGS:0.3888888888888889	RNFIIGRG:0.3888888888888889	KCSTNITP:0.5555555555555556	GDNASTWE:0.2222222222222222	YFNFDNMR:0.3888888888888889	SVAQVLAL:0.3333333333333333	ATYHGLNN:0.2222222222222222	FNFDNMRY:0.3888888888888889	PLYHSEPF:0.3333333333333333	ISVAQVLA:0.3333333333333333	LWTGDNAS:0.3333333333333333	WGKQYQYL:0.3333333333333333	RFAGLWTG:0.3888888888888889	PELLIRWY:0.5	SYNLHKAT:0.7777777777777778	HRFAGLWT:0.2222222222222222	LPWFRNHY:0.4444444444444444	WWGKQYQY:0.3333333333333333	VAQVLALG:0.3333333333333333	YNLHKATY:0.4444444444444444	GVKCSTNI:0.3888888888888889	ELLIRWYS:0.2777777777777778	EPLYHSEP:0.3888888888888889	SLYSYNLH:0.3333333333333333	GLWTGDNA:0.3333333333333333	VKCSTNIT:0.3888888888888889	FAGLWTGD:0.3888888888888889	DNASTWEF:0.2222222222222222	YSYNLHKA:0.7222222222222222	AGLWTGDN:0.5	WSLYSYNL:0.3333333333333333	REPLYHSE:0.3333333333333333	GFGEQGGK:0.3888888888888889	KATYHGLN:0.2777777777777778	CSTNITPI:0.2777777777777778	VRAGAIIP:0.2222222222222222	MYLDDGVS:0.3888888888888889	QDMTTPAI:0.4444444444444444	FFVAILHD:0.2777777777777778	VWQDMTTP:0.6666666666666666	GQDIGGFE:0.2222222222222222	LYHSEPFF:0.2222222222222222	LDGREPLY:0.2222222222222222	NMRYRQVY:0.2222222222222222	RLLQVFYD:0.2777777777777778	AKYIGFGE:0.2222222222222222	LDGLHVDV:0.2222222222222222	NPITLNIY:0.2777777777777778	LGYHQGCY:0.3333333333333333	RYRLLQVF:0.2777777777777778	IGFGEQGG:0.2222222222222222	LWTGDNSS:0.2222222222222222	MGLEMVWQ:0.2222222222222222	VWNLYSYN:0.2222222222222222	YHQGCYGY:0.3333333333333333	LQVFYDAM:0.2777777777777778	FLPWFRNH:0.2777777777777778	DGLHVDVD:0.2222222222222222	HQGCYGYE:0.2222222222222222	AAGAFLPW:0.2222222222222222	GKRDIYLP:0.2222222222222222	YIELRYRL:0.2777777777777778	KGRKEFQE:0.2222222222222222	NFDNMRYR:0.2222222222222222	TNITPIIS:0.2222222222222222	GLEMVWQD:0.2222222222222222	DNMRYRQV:0.2222222222222222	QLNYFNFD:0.2222222222222222	EMVWQDMT:0.2222222222222222	PITLNIYP:0.2777777777777778	DMGLEMVW:0.2222222222222222	MVWQDMTT:0.2777777777777778	YLDDGVSR:0.3888888888888889	STNITPII:0.2777777777777778	NLYSYNLH:0.2777777777777778	DMTTPAIR:0.2222222222222222	LRYRLLQV:0.2777777777777778	GYHQGCYG:0.3333333333333333	WQDMTTPA:0.6111111111111112	EDFFFVAI:0.2222222222222222	ALGYHQGC:0.3333333333333333	LLQVFYDA:0.2777777777777778	FDNMRYRQ:0.2222222222222222	LNYFNFDN:0.2222222222222222	GAFLPWFR:0.2777777777777778	LEMVWQDM:0.2222222222222222	PLDGLHVD:0.2222222222222222	FFFVAILH:0.2222222222222222	YRLLQVFY:0.2777777777777778	IELRYRLL:0.2222222222222222	RKGRKEFQ:0.2222222222222222	DFFFVAIL:0.2222222222222222	YTMYLDDG:0.2222222222222222	MRYRQVYN:0.2222222222222222	ELRYRLLQ:0.2777777777777778	WNLYSYNL:0.2777777777777778	DGLPICRP:0.2222222222222222	HVDVDVQD:0.2222222222222222	AFLPWFRN:0.2777777777777778	KVWNLYSY:0.2222222222222222	YIGEVYYG:0.2222222222222222	PIDGLHID:0.2222222222222222	LPWYRNHY:0.3888888888888889	YALGYHQG:0.2222222222222222	FLPWYRNH:0.2222222222222222	AFLPWYRN:0.2222222222222222	YLFDMGLE:0.2222222222222222	KRNFIIGR:0.2777777777777778	EFVWQDMT:0.3888888888888889	FVWQDMTT:0.3888888888888889	GLEFVWQD:0.3888888888888889	LEFVWQDM:0.3888888888888889	KLKPRYIL:0.2222222222222222	LKPRYILG:0.2222222222222222	YNLHKATF:0.2777777777777778	MGLEFVWQ:0.2222222222222222	
