cluster number:57
GH31:57	GH31:57
FKFDAGDA:0.22807017543859648	CPDMIGGG:0.7368421052631579	ALMPMMQF:0.47368421052631576	LFVRYAQC:0.2631578947368421	GVDGFKFD:0.3333333333333333	FSAAPWRV:0.3157894736842105	TCPDMIGG:0.42105263157894735	EYGVDGFK:0.21052631578947367	APWRVLSK:0.21052631578947367	LGFKVMLW:0.24561403508771928	DMIGGGEY:0.5087719298245614	SAAPWRVL:0.3157894736842105	YTCPDMIG:0.3508771929824561	PDMIGGGE:0.631578947368421	MQFSAAPW:0.3508771929824561	GFKFDAGD:0.631578947368421	QFSAAPWR:0.3508771929824561	PQYNTWIE:0.6491228070175439	PMMQFSAA:0.3333333333333333	FFTKPQYN:0.2807017543859649	MPMMQFSA:0.22807017543859648	VDGFKFDA:0.2807017543859649	ELFVRYAQ:0.2631578947368421	KPQYNTWI:0.40350877192982454	TKPQYNTW:0.2982456140350877	QYNTWIEL:0.6491228070175439	MMQFSAAP:0.3333333333333333	FTKPQYNT:0.2982456140350877	YGVDGFKF:0.2807017543859649	DGFKFDAG:0.631578947368421	LMPMMQFS:0.49122807017543857	KVMLWVCP:0.24561403508771928	YAYTCPDM:0.21052631578947367	GVIMIDDN:0.2982456140350877	GYAYTCPD:0.21052631578947367	WNGYSAVL:0.21052631578947367	EYGIDGFK:0.21052631578947367	VMLWVCPF:0.22807017543859648	GFKVMLWV:0.40350877192982454	VIMIDDNW:0.2982456140350877	AYTCPDMI:0.21052631578947367	NGYSAVLD:0.21052631578947367	FKVMLWVC:0.24561403508771928	WWNGYSAV:0.21052631578947367	VPLERLPY:0.21052631578947367	YGIDGFKF:0.3508771929824561	MLGDKYLV:0.2631578947368421	GQALVQRL:0.22807017543859648	LGGQALVQ:0.22807017543859648	PMMQFSVA:0.45614035087719296	PWRILSKE:0.2982456140350877	LGDKYLVA:0.2631578947368421	WRILSKEN:0.2982456140350877	ALVQRLGD:0.22807017543859648	MGFKVMLW:0.3684210526315789	VAPWRILS:0.2982456140350877	MMQFSVAP:0.45614035087719296	FSVAPWRI:0.38596491228070173	SVAPWRIL:0.38596491228070173	MQFSVAPW:0.47368421052631576	QFSVAPWR:0.47368421052631576	GIDGFKFD:0.3508771929824561	GDKYLVAP:0.2631578947368421	WKLGGQAL:0.22807017543859648	MPMMQFSV:0.47368421052631576	QALVQRLG:0.22807017543859648	GGQALVQR:0.22807017543859648	APWRILSK:0.2982456140350877	PLERLPYF:0.21052631578947367	KLGGQALV:0.21052631578947367	LVQRLGDK:0.3508771929824561	HALMPMMQ:0.24561403508771928	IGGGEYGS:0.22807017543859648	GGGEYGSF:0.22807017543859648	YPLNEYRA:0.21052631578947367	MIGGGEYG:0.22807017543859648	IDGFKFDA:0.2631578947368421	CPFVSPDS:0.24561403508771928	IMIDDNWQ:0.22807017543859648	VCPFVSPD:0.22807017543859648	KFDAGDPE:0.22807017543859648	PDMIAAGL:0.21052631578947367	FKFDAGDP:0.2982456140350877	WVCPFVSP:0.22807017543859648	MIDDNWQK:0.21052631578947367	
