cluster number:36
GH31:226	GH31:226
GWTGYSWN:0.3938053097345133	GSHRYPVG:0.5176991150442478	PGSHRYPV:0.4026548672566372	WSHDIGGH:0.9203539823008849	RYAGPGSH:0.6150442477876106	FWWIDWQQ:0.6061946902654868	GSGWTGYS:0.39823008849557523	GYGWWSHD:0.4690265486725664	QPYFTATA:0.42035398230088494	PVGFSGDT:0.49557522123893805	FQPYFTAT:0.42035398230088494	VGFSGDTI:0.3008849557522124	AGPGSHRY:0.6238938053097345	SGWTGYSW:0.4026548672566372	GNWWSRYW:0.22123893805309736	YPVGFSGD:0.5442477876106194	LKGTARTL:0.3274336283185841	VDFWWIDW:0.5132743362831859	NIGYGWWS:0.41150442477876104	WWIDWQQG:0.5929203539823009	SHRYPVGF:0.5176991150442478	KGTARTLD:0.336283185840708	IGYGWWSH:0.4026548672566372	GWWSHDIG:0.4778761061946903	GVDFWWID:0.5088495575221239	YAGPGSHR:0.6106194690265486	SRYAGPGS:0.6194690265486725	SVIDMDWH:0.24778761061946902	GPGSHRYP:0.6814159292035398	YGWWSHDI:0.4690265486725664	FSRYAGPG:0.3008849557522124	DFWWIDWQ:0.6017699115044248	HRYPVGFS:0.5265486725663717	YGSGWTGY:0.45132743362831856	GLDPLWML:0.2743362831858407	LDPLWMLN:0.2831858407079646	WWSHDIGG:0.911504424778761	DPLWMLNH:0.29646017699115046	ALGNWWSR:0.7035398230088495	RYPVGFSG:0.5398230088495575	LGNWWSRY:0.668141592920354	SHDIGGHM:0.7964601769911505	FSPINRLH:0.45132743362831856	GNWWSRYH:0.2345132743362832	ASNIGYGW:0.34513274336283184	SPINRLHS:0.4646017699115044	QGVDFWWI:0.20353982300884957	SNIGYGWW:0.3495575221238938	LSRYAGPG:0.3141592920353982	LPRYALGN:0.26991150442477874	LNVHPADG:0.26991150442477874	HPADGIRA:0.26548672566371684	ILSRYAGP:0.2743362831858407	LILSRYAG:0.24778761061946902	FTATASNI:0.4247787610619469	TATASNIG:0.4247787610619469	YALGNWWS:0.33185840707964603	FGSGWTGY:0.2610619469026549	ATASNIGY:0.4247787610619469	YFTATASN:0.3407079646017699	PINRLHSS:0.33185840707964603	PRYALGNW:0.3230088495575221	PYFTATAS:0.3407079646017699	RYALGNWW:0.3230088495575221	WTGYSWNR:0.26548672566371684	RFGSGWTG:0.25663716814159293	TFSRYAGP:0.26548672566371684	WWLDWQQG:0.24336283185840707	AVIDMDWH:0.23008849557522124	PKYGSGWT:0.2168141592920354	GWTGYTWN:0.4469026548672566	FWWLDWQQ:0.23893805309734514	RFALGNWW:0.23893805309734514	PRFALGNW:0.23893805309734514	DFWWLDWQ:0.252212389380531	GSGWTGYT:0.3407079646017699	KYGSGWTG:0.37168141592920356	FALGNWWS:0.252212389380531	TASNIGYG:0.2743362831858407	DPKYGSGW:0.20353982300884957	WTGYTWNR:0.23008849557522124	SGWTGYTW:0.3495575221238938	LTFSRYAG:0.27876106194690264	PLTFSRYA:0.22123893805309736	QFGVFSPI:0.40707964601769914	DIGGHMLG:0.20353982300884957	DPLWLLNH:0.26991150442477874	LLPRYALG:0.22123893805309736	PLWLLNHY:0.2345132743362832	LQFGVFSP:0.30973451327433627	WIDWQQGT:0.20353982300884957	WLQFGVFS:0.30973451327433627	RWLQFGVF:0.3141592920353982	PLLPRYAL:0.22123893805309736	GSHRYPIG:0.23893805309734514	HRYPIGFS:0.25663716814159293	YPIGFSGD:0.2610619469026549	SHRYPIGF:0.23893805309734514	PIGFSGDT:0.22123893805309736	RYPIGFSG:0.2610619469026549	GYTWWSHD:0.2610619469026549	NIGYTWWS:0.23008849557522124	YTWWSHDI:0.25663716814159293	TWWSHDIG:0.25663716814159293	GVFSPINR:0.2079646017699115	VFSPINRL:0.21238938053097345	IGYTWWSH:0.23008849557522124	GNWWSRYY:0.3008849557522124	
