cluster number:28
GH31:202	GH31:202|3.2.1.84:12|3.2.1.20:11|GH18:1
LGYHQCRW:0.25742574257425743	ELLVRWYQ:0.24752475247524752	CGADVGGF:0.20297029702970298	WEHRDVHN:0.24752475247524752	PFFRAHAH:0.6138613861386139	GADVGGFF:0.4752475247524752	AFFAGSQR:0.3613861386138614	RAFFAGSQ:0.3613861386138614	PSVFNGPE:0.4900990099009901	QCRWNYND:0.44554455445544555	YRLYNLDV:0.22277227722772278	HIDTKRRE:0.31683168316831684	HAHIDTKR:0.3069306930693069	IWNDMNEP:0.5742574257425742	FNGPEVTM:0.24257425742574257	YEGWCWPG:0.22277227722772278	YHQCRWNY:0.7475247524752475	IDTKRREP:0.3118811881188119	DVGGFFGN:0.28217821782178215	AHIDTKRR:0.3069306930693069	PYRLYNLD:0.2079207920792079	NDMNEPSV:0.5742574257425742	HQCRWNYN:0.47029702970297027	SVFNGPEV:0.2722772277227723	RLYNLDVF:0.21287128712871287	NEPSVFNG:0.4504950495049505	NAAETWVD:0.20297029702970298	MNEPSVFN:0.4603960396039604	EGWCWPGS:0.20297029702970298	VGGFFGNP:0.28217821782178215	ADVGGFFG:0.30198019801980197	DMNEPSVF:0.5792079207920792	VFNGPEVT:0.24752475247524752	EPSVFNGP:0.48514851485148514	WNDMNEPS:0.8366336633663366	GYHQCRWN:0.5792079207920792	IGYHQCRW:0.31683168316831684	DVIWLDIE:0.21782178217821782	CRWNYNDE:0.33663366336633666	FRAHAHID:0.4752475247524752	SIGYHQCR:0.24257425742574257	RAHAHIDT:0.35148514851485146	FFRAHAHI:0.4752475247524752	LLVKPVTE:0.21287128712871287	WYPFFRAH:0.36633663366336633	GLLVKPVT:0.23267326732673269	IWLDLEYT:0.2376237623762376	YPFFRAHA:0.4158415841584158	GKRYFTWD:0.2079207920792079	VYGIPEHA:0.35148514851485146	YGIPEHAD:0.23267326732673269	TRAFFAGS:0.2376237623762376	WLNAAETW:0.22277227722772278	LTRAFFAG:0.24257425742574257	FWLNAAET:0.20297029702970298	GWCWPGSS:0.22772277227722773	WTGDNVAN:0.22277227722772278	GPETTAPK:0.24752475247524752	PSIFDGPE:0.21287128712871287	FWVNAADT:0.2079207920792079	LKISIPMV:0.2079207920792079	KRREPYLF:0.20297029702970298	WVNAADTW:0.20297029702970298	FIWNDMNE:0.30198019801980197	EPYRLFNV:0.2079207920792079	TAPKDLIH:0.22277227722772278	KISIPMVL:0.2079207920792079	FFAGSQRT:0.21782178217821782	RLFNVDVF:0.2079207920792079	YQAGLWYP:0.21287128712871287	FAGSQRTA:0.2376237623762376	PYDFIWLD:0.2376237623762376	FIWLDLEY:0.2079207920792079	SIFDGPET:0.21287128712871287	TKRREPYL:0.2722772277227723	THWISENG:0.21782178217821782	EPSIFDGP:0.21287128712871287	LFNVDVFE:0.2079207920792079	AHAHIDTK:0.28217821782178215	SSIGYHQC:0.22277227722772278	SGLLVKPV:0.23267326732673269	YVDDGETF:0.23267326732673269	FDGPETTA:0.21287128712871287	PYRLFNVD:0.26732673267326734	LFIWNDMN:0.2524752475247525	DTKRREPY:0.26732673267326734	ATWTGDNV:0.20297029702970298	NLFIWNDM:0.24257425742574257	LVVLIDPH:0.20297029702970298	AGLWYPFF:0.21287128712871287	QAGLWYPF:0.21287128712871287	GDNVANWD:0.21287128712871287	PMYGSIPF:0.2079207920792079	NAADTWVD:0.20297029702970298	VLIDPHLK:0.22277227722772278	DMNEPSIF:0.2524752475247525	AATWTGDN:0.2079207920792079	ETTAPKDL:0.2376237623762376	NEPSIFDG:0.21782178217821782	DNVANWDY:0.21287128712871287	YRLFNVDV:0.2079207920792079	DGPETTAP:0.21287128712871287	NVANWDYL:0.21287128712871287	TWTGDNVA:0.22277227722772278	GPESVALD:0.29207920792079206	PETTAPKD:0.24257425742574257	AGSQRTAA:0.2524752475247525	MNEPSIFD:0.21782178217821782	SGFCHRNR:0.21782178217821782	YLKISIPM:0.25742574257425743	TTAPKDLI:0.21782178217821782	DFIWLDLE:0.2079207920792079	GLWYPFFR:0.21782178217821782	NDMNEPSI:0.2524752475247525	RWYQAGLW:0.21287128712871287	IFDGPETT:0.2079207920792079	PESVALDF:0.2524752475247525	LWYPFFRA:0.21287128712871287	FNVDVFEY:0.2079207920792079	WYQAGLWY:0.21287128712871287	LYVDDGET:0.22772277227722773	TGDNVANW:0.22277227722772278	IPYDFIWL:0.22277227722772278	NVDVFEYN:0.2079207920792079	
