cluster number:75
GH31:32	GH31:32
PLFVKAGS:0.25	YWTTDIGG:0.25	QIPAGLNF:0.21875	PYWTTDIG:0.28125	LFVKAGSI:0.25	YRLLPYIY:0.28125	RSAYAGQQ:0.25	LRYRLLPY:0.25	SAYAGQQR:0.25	RLLPYIYS:0.28125	RYRLLPYI:0.28125	VIVQDWQY:0.21875	WQYWGKYG:0.375	VQDWQYWG:0.53125	QDWQYWGK:0.40625	IVQDWQYW:0.40625	DATEPEND:0.4375	DWQYWGKY:0.375	QYWGKYGW:0.375	FWQCRERY:0.28125	GFWQCRER:0.28125	YGFWQCRE:0.21875	TRSAYAGQ:0.21875	LTRSAYAG:0.21875	YDAGGFFR:0.21875	IDAWWQDA:0.375	GYIHCRER:0.34375	WGKYGWNA:0.21875	TEPENDDL:0.375	YWGKYGWN:0.3125	PLMRVHGY:0.25	WWQDATEP:0.375	TYDAGGFF:0.21875	RLTQVNTQ:0.34375	AWWQDATE:0.375	PWWTYDAG:0.21875	DAWWQDAT:0.375	GKYGWNAM:0.21875	RRLTQVNT:0.34375	WQDATEPE:0.375	LMRVHGYM:0.21875	WTYDAGGF:0.21875	AGGFFRPG:0.25	YGLTDFNP:0.25	ATEPENDD:0.375	GIDAWWQD:0.3125	DAGGFFRP:0.375	QDATEPEN:0.375	MRVHGYMS:0.21875	LTQVNTQI:0.34375	WWTYDAGG:0.21875	MRPLVMDF:0.3125	LGYIHCRE:0.21875	TQVNTQIS:0.25	
