cluster number:51
GH31:23	GH31:23
QFSYLPWD:0.21739130434782608	RWTQANTF:0.30434782608695654	PPIWWIDP:0.21739130434782608	SFKFDAGE:0.5217391304347826	QDLPIFVR:0.21739130434782608	ELIVRWTQ:0.21739130434782608	HQIDFTNP:0.2608695652173913	VRSAWRTQ:0.2608695652173913	EPIWTTWA:0.4782608695652174	PDMIGGNG:0.6521739130434783	KFDAGETD:0.21739130434782608	MPAMQFSY:0.34782608695652173	GVAERYWL:0.21739130434782608	LPDMIGGN:0.8695652173913043	DMIGGNGY:0.6521739130434783	FDAGETDY:0.21739130434782608	QANTFMPA:0.30434782608695654	PVNPPIWW:0.43478260869565216	PAMQFSYL:0.34782608695652173	LIVRWTQA:0.2608695652173913	TQANTFMP:0.30434782608695654	MQFSYLPW:0.43478260869565216	WTTWAKYK:0.43478260869565216	IWTTWAKY:0.43478260869565216	ANTFMPAM:0.30434782608695654	EVRSAWRT:0.2608695652173913	IDFTNPEA:0.21739130434782608	TTLLQLNM:0.2608695652173913	VRWTQANT:0.30434782608695654	IVRWTQAN:0.2608695652173913	PIWWIDPT:0.21739130434782608	MVLPDMIG:0.391304347826087	FKFDAGET:0.43478260869565216	PIWTTWAK:0.4782608695652174	VLPDMIGG:0.8695652173913043	VPLFVDQN:0.21739130434782608	VNPPIWWI:0.2608695652173913	NTFMPAMQ:0.30434782608695654	WTQANTFM:0.30434782608695654	AMQFSYLP:0.34782608695652173	IWWIDPTD:0.21739130434782608	FMPAMQFS:0.391304347826087	NPPIWWID:0.21739130434782608	TFMPAMQF:0.34782608695652173	FVLPDMIG:0.34782608695652173	RWLQANVF:0.21739130434782608	WLQANVFM:0.21739130434782608	GYPFVLPD:0.2608695652173913	VAERYWLN:0.30434782608695654	YPFVLPDM:0.2608695652173913	LQANVFMP:0.21739130434782608	PFVLPDMI:0.2608695652173913	GIDSFKFD:0.30434782608695654	IDSFKFDA:0.391304347826087	AERYWLNS:0.30434782608695654	DSFKFDAG:0.4782608695652174	LEIDDDWE:0.21739130434782608	VTLWIHPF:0.30434782608695654	FRVTLWIH:0.2608695652173913	RVTLWIHP:0.30434782608695654	GFRVTLWI:0.2608695652173913	QLEIDDDW:0.21739130434782608	GDLIEVRS:0.21739130434782608	FGDLIEVR:0.21739130434782608	LIEVRSAW:0.21739130434782608	QFSYLPWE:0.21739130434782608	IEVRSAWR:0.21739130434782608	VTLWVHPF:0.2608695652173913	FRVTLWVH:0.21739130434782608	TLWVHPFV:0.2608695652173913	RVTLWVHP:0.2608695652173913	YLPWEITS:0.21739130434782608	MGFRVTLW:0.2608695652173913	LLQMNMNG:0.2608695652173913	FSYLPWEI:0.21739130434782608	TLLQMNMN:0.2608695652173913	TTLLQMNM:0.2608695652173913	SYLPWEIT:0.21739130434782608	LQMNMNGY:0.21739130434782608	MIGGNGYG:0.21739130434782608	
