cluster number:11
CE7:30	CE7:30
GFVVGHGY:0.3333333333333333	QLTVPTFG:0.36666666666666664	RLGYLGES:0.3333333333333333	NHPLRLTL:0.5333333333333333	GGLGALAL:0.5	VPPPGQFA:0.8666666666666667	WDDRFGAA:0.2	ILPCVRGM:0.26666666666666666	HDFPFDPA:0.23333333333333334	LPWDDRFG:0.2	QFAVYNAL:0.23333333333333334	LALPWDDR:0.5333333333333333	AILPCVRG:0.2	AQLTVPTF:0.3	AALFDPSV:0.3	GPRLGYLG:0.3	DLWCAASA:0.4666666666666667	YLGESFGG:0.36666666666666664	TLVAAALF:0.3	LGALALPW:0.5	PTFGNHPL:0.6333333333333333	LWCAASAL:0.4666666666666667	FDAATAAT:0.3333333333333333	FVVGHGYG:0.3333333333333333	GGVRLGGW:0.36666666666666664	GQFAVYNA:0.23333333333333334	PCVRGMGE:0.26666666666666666	LGYLGESF:0.36666666666666664	PTLVAAAL:0.3	TFGNHPLR:0.6333333333333333	VAAALFDP:0.36666666666666664	GLGALALP:0.5	GNHPLRLT:0.5333333333333333	FPFDPAYG:0.26666666666666666	VPTFGNHP:0.6333333333333333	LRYFDAAT:0.23333333333333334	PLRLTLPC:0.4666666666666667	LPCVRGMG:0.36666666666666664	ESFGGGLG:0.4	LTVPTFGN:0.6	LFDPSVPP:0.3333333333333333	GVRLGGWL:0.4	AAALFDPS:0.23333333333333334	CVADLWCA:0.4	GSGEAVRA:0.23333333333333334	RYFDAATA:0.23333333333333334	ALALPWDD:0.5	RLGGWLAL:0.3333333333333333	SVPPPGQF:0.36666666666666664	AAILPCVR:0.2	PGQFAVYN:0.23333333333333334	ALFDPSVP:0.3333333333333333	YFDAATAA:0.8	AAQLTVPT:0.3	TSVGGVRL:0.2	LVAAALFD:0.3333333333333333	PPGQFAVY:0.26666666666666666	LPTLVAAA:0.2	RFGAAQLT:0.2	GAAQLTVP:0.2	VGHGYGGR:0.4666666666666667	FGGGLGAL:0.43333333333333335	GYLGESFG:0.36666666666666664	VRLGGWLA:0.3	PWDDRFGA:0.2	VGGVRLGG:0.3333333333333333	FDPSVPPP:0.3333333333333333	LGESFGGG:0.36666666666666664	PSVPPPGQ:0.36666666666666664	ADLWCAAS:0.4666666666666667	ALPWDDRF:0.5333333333333333	GHGYGGRQ:0.2	LGGWLALP:0.3333333333333333	FGAAQLTV:0.2	VLRYFDAA:0.23333333333333334	FGNHPLRL:0.5666666666666667	HPLRLTLP:0.5	TVPTFGNH:0.6	VVGHGYGG:0.4666666666666667	DFPFDPAY:0.2	PPPGQFAV:0.8333333333333334	GALALPWD:0.8666666666666667	SVGGVRLG:0.3333333333333333	GESFGGGL:0.4	VADLWCAA:0.4	DPSVPPPG:0.36666666666666664	GGGLGALA:0.5	CVRGMGER:0.26666666666666666	SFGGGLGA:0.43333333333333335	PRLGYLGE:0.3	FGGGIGAL:0.4	SFGGGIGA:0.4	GIGALALP:0.4	GGIGALAL:0.43333333333333335	GGGIGALA:0.43333333333333335	IGALALPW:0.36666666666666664	VADVWCAA:0.2	CTGSGESV:0.3	TGSGESVR:0.3	ALPWDERF:0.26666666666666666	LALPWDER:0.26666666666666666	DVLAYFDA:0.23333333333333334	PCTGSGES:0.3	GGCVADVW:0.2	ADVWCAAT:0.2	AYFDAATA:0.3	LAYFDAAT:0.26666666666666666	CVADVWCA:0.2	FGNHPLRV:0.2	GCVADVWC:0.2	DVWCAATA:0.2	VLAYFDAA:0.3	DAATAARH:0.23333333333333334	NHPLRVTL:0.2	VWCAATAL:0.2	TLPCTGSG:0.3333333333333333	LPCTGSGE:0.3333333333333333	AGHFDHPG:0.23333333333333334	GNHPLRVT:0.2	ALALPWDE:0.26666666666666666	FDAATAAR:0.3	PAVPPPGQ:0.36666666666666664	GHGYGGRD:0.3333333333333333	ALFDPAVP:0.26666666666666666	LFDPAVPP:0.26666666666666666	DPAVPPPG:0.36666666666666664	FDPAVPPP:0.3	AVPPPGQF:0.36666666666666664	PPGQFAVH:0.4666666666666667	GQFAVHNA:0.43333333333333335	PGQFAVHN:0.4666666666666667	WCAASALL:0.26666666666666666	QFAVHNAL:0.3333333333333333	FAVHNALA:0.2	SALLELVP:0.2	PLPLPRSA:0.23333333333333334	CAASALLE:0.2	AASALLEL:0.2	ASALLELV:0.2	LPLPRSAA:0.23333333333333334	LRLTLPCA:0.2	RLTLPCAG:0.2	TLPCAGSG:0.2	LTLPCAGS:0.2	FDPAYGYD:0.2	HVLHGIGS:0.23333333333333334	AHVLHGIG:0.2	VADAHVLH:0.2	DAHVLHGI:0.3	ADAHVLHG:0.3	VLHGIGSR:0.23333333333333334	RLTLPCTG:0.2	LTLPCTGS:0.2	AALFDPAV:0.2	LRLTLPCT:0.2	
