cluster number:22
CE7:179	CE7:179
PPSTVFAA:0.5586592178770949	CPPSTVFA:0.5586592178770949	VMDTRGQG:0.5027932960893855	STVFAAYN:0.2737430167597765	IGYGGGRG:0.329608938547486	MDTRGQGS:0.5977653631284916	PSTVFAAY:0.27932960893854747	AGFGGHPV:0.26256983240223464	PEDFDAFW:0.20670391061452514	LSYFDGVH:0.24022346368715083	AVEAARSH:0.21787709497206703	FTDAVRAV:0.37988826815642457	FAARGRAP:0.2122905027932961	AHFVMDTR:0.24581005586592178	HFAARGRA:0.21787709497206703	NDHEGGGP:0.2346368715083799	DVTFAGFG:0.24022346368715083	AVAPDVPF:0.2011173184357542	TFAGFGGH:0.2737430167597765	DTRGQGSA:0.2122905027932961	PGFMTRGI:0.30726256983240224	GVHFAARG:0.2569832402234637	ALEDQTCP:0.2346368715083799	FGGHPVKG:0.24022346368715083	YRRVFTDA:0.4134078212290503	YFDGVHFA:0.3128491620111732	SYFDGVHF:0.24022346368715083	DQTCPPST:0.22905027932960895	YPGFMTRG:0.20670391061452514	GHPVKGWL:0.2122905027932961	VFTDAVRA:0.3854748603351955	GGHPVKGW:0.24022346368715083	VGGLVPDL:0.20670391061452514	PSTVFAAF:0.25139664804469275	RRVFTDAV:0.39664804469273746	PFLCDFPR:0.3128491620111732	STVFAAFN:0.24581005586592178	DVPFLCDF:0.30726256983240224	VRAVEAAR:0.29608938547486036	YGGGRGLP:0.4022346368715084	RGRAPALF:0.21787709497206703	GRAPALFS:0.21787709497206703	RAVEAARS:0.22346368715083798	YYRRVFTD:0.45251396648044695	AVRAVEAA:0.329608938547486	APDVPFLC:0.26256983240223464	LEDQTCPP:0.2346368715083799	VHFAARGR:0.22905027932960895	DGVHFAAR:0.2849162011173184	MALFDLPL:0.22346368715083798	FNDHEGGG:0.26256983240223464	HFVMDTRG:0.2569832402234637	RVFTDAVR:0.39106145251396646	GYGGGRGL:0.4692737430167598	FAGFGGHP:0.2737430167597765	SQGGGIAL:0.24022346368715083	FVMDTRGQ:0.3575418994413408	DAVRAVEA:0.35195530726256985	TLSYFDGV:0.4134078212290503	VPFLCDFP:0.3240223463687151	VTFAGFGG:0.24022346368715083	QTCPPSTV:0.22905027932960895	GGRGLPHE:0.2569832402234637	EDQTCPPS:0.2346368715083799	EAARSHPL:0.2122905027932961	FLCDFPRA:0.2905027932960894	VAPDVPFL:0.20670391061452514	TDAVRAVE:0.35195530726256985	TCPPSTVF:0.33519553072625696	YYYRRVFT:0.4134078212290503	ARGRAPAL:0.2122905027932961	RTLSYFDG:0.36312849162011174	TVFAAFNA:0.21787709497206703	AARGRAPA:0.2122905027932961	QGGGIALA:0.24022346368715083	FDGVHFAA:0.2849162011173184	GGGRGLPH:0.3240223463687151	AVGGLVPD:0.20670391061452514	VEAARSHP:0.21787709497206703	PDVPFLCD:0.2849162011173184	GFGGHPVK:0.2681564245810056	GGSQGGGI:0.3463687150837989	YFDGVNFA:0.2122905027932961	GSQGGGIA:0.21787709497206703	DTRGQGSG:0.2569832402234637	TRGQGSGW:0.22905027932960895	
