cluster number:24
GH1:77	GH1:77|3.2.1.21:8|3.2.1.-:1
PIYITENG:0.3246753246753247	ITENGAAF:0.33766233766233766	LPIYITEN:0.22077922077922077	YITENGAA:0.4935064935064935	IGEHAPGH:0.2597402597402597	IYITENGA:0.2727272727272727	NRWFLDPV:0.22077922077922077	THNEPWCA:0.37662337662337664	WITHNEPW:0.5584415584415584	ITHNEPWC:0.45454545454545453	WDSPQALE:0.22077922077922077	SLMDNFEW:0.37662337662337664	RFSIAWPR:0.6233766233766234	TLFHWDSP:0.2077922077922078	FSIAWPRI:0.5324675324675324	CDHYHRYK:0.2727272727272727	LFHWDSPQ:0.2077922077922078	WSLMDNFE:0.37662337662337664	QTSHHALL:0.2077922077922078	FHWDSPQA:0.2077922077922078	HWDSPQAL:0.23376623376623376	ACDHYHRY:0.4935064935064935	VACDHYHR:0.42857142857142855	YRFSIAWP:0.5974025974025974	AYRFSIAW:0.2857142857142857	DVACDHYH:0.35064935064935066	ATSSYQIE:0.37662337662337664	DHYHRYKE:0.2077922077922078	TSSYQIEG:0.37662337662337664	SIAWPRIF:0.36363636363636365	GDVACDHY:0.35064935064935066	TLYHWDLP:0.2987012987012987	HHILLSHG:0.24675324675324675	YHWDLPQW:0.3116883116883117	HYHRYKED:0.2077922077922078	IAWPRIFP:0.36363636363636365	SSYQIEGA:0.33766233766233766	AHHILLSH:0.2077922077922078	LMDNFEWA:0.2727272727272727	RFGIVYVD:0.36363636363636365	FGIVYVDY:0.3116883116883117	YSKRFGIV:0.3116883116883117	LGVNYYTR:0.24675324675324675	SYQIEGAV:0.22077922077922077	SKRFGIVY:0.2727272727272727	IYHWDLPQ:0.22077922077922077	GYSKRFGI:0.3246753246753247	KRFGIVYV:0.2857142857142857	FLGVNYYT:0.24675324675324675	TIYHWDLP:0.2727272727272727	VWSLMDNF:0.23376623376623376	GGNLKGYF:0.2077922077922078	NLKGYFVW:0.22077922077922077	FVWSLMDN:0.2077922077922078	KRILKDSA:0.22077922077922077	LKGYFVWS:0.2727272727272727	GEHAPGHK:0.22077922077922077	GYFVWSLM:0.2077922077922078	HGYSKRFG:0.2077922077922078	KGYFVWSL:0.23376623376623376	DFLGVNYY:0.23376623376623376	HWDLPQWA:0.23376623376623376	YFVWSLMD:0.2077922077922078	IGITLNLT:0.2727272727272727	GITLNLTP:0.2727272727272727	TPSIWDTF:0.2077922077922078	RWFLDPIF:0.2857142857142857	NRWFLDPI:0.2857142857142857	AWPRIFPE:0.24675324675324675	LLSHGEAV:0.23376623376623376	FLDPIFKG:0.2857142857142857	LSHGEAVK:0.22077922077922077	GTATSSYQ:0.23376623376623376	RTPSIWDT:0.2077922077922078	GRTPSIWD:0.2597402597402597	WFLDPIFK:0.2727272727272727	TATSSYQI:0.22077922077922077	
