cluster number:35
GH1:30	GH1:30|3.2.1.21:2|3.2.1.18:1|3.2.1.31:1|3.2.1.62:1
DFFALSFG:0.5666666666666667	FFALSFGP:0.5666666666666667	HSIKECQK:0.43333333333333335	LSFGPTLS:0.5333333333333333	PIFIDGDY:0.5333333333333333	NNLSSLLP:0.43333333333333335	SPSLRQLL:0.4666666666666667	ESMKNNLS:0.43333333333333335	FALSFGPT:0.5333333333333333	SEKKFIKG:0.36666666666666664	LDFVLGWF:0.5333333333333333	DLEYNHPQ:0.3	ESPSLRQL:0.4666666666666667	SLLPDFTE:0.4666666666666667	LLSWIDLE:0.4	SLDFVLGW:0.5333333333333333	KKFIKGTA:0.36666666666666664	QLESPSLR:0.4666666666666667	DGDYPESM:0.5	MKNNLSSL:0.43333333333333335	IDGDYPES:0.5	FAKPIFID:0.5333333333333333	PESMKNNL:0.4666666666666667	FGPTLSFQ:0.5666666666666667	IDLEYNHP:0.36666666666666664	PDFTESEK:0.5	DFTESEKK:0.4	GPTLSFQL:0.5666666666666667	FTESEKKF:0.4	CQKSLDFV:0.5333333333333333	SIKECQKS:0.43333333333333335	VLGWFAKP:0.5666666666666667	GWFAKPIF:0.4	AKPIFIDG:0.5333333333333333	IKECQKSL:0.43333333333333335	WIDLEYNH:0.36666666666666664	SFGPTLSF:0.5333333333333333	ECQKSLDF:0.5333333333333333	MKFRQLES:0.43333333333333335	ADFFALSF:0.5666666666666667	TLSFQLLD:0.5666666666666667	PSLRQLLS:0.3	KNNLSSLL:0.43333333333333335	FIKGTADF:0.4	QLLSWIDL:0.4	IKGTADFF:0.6333333333333333	WFAKPIFI:0.4	KGTADFFA:0.6	NLSSLLPD:0.43333333333333335	ALSFGPTL:0.5333333333333333	FVLGWFAK:0.5333333333333333	RQLLSWID:0.4	SMKNNLSS:0.4666666666666667	LSSLLPDF:0.43333333333333335	LGWFAKPI:0.4	KSLDFVLG:0.5333333333333333	SSLLPDFT:0.43333333333333335	TESEKKFI:0.36666666666666664	DYPESMKN:0.4666666666666667	LSWIDLEY:0.36666666666666664	KFIKGTAD:0.36666666666666664	GDYPESMK:0.5	GTADFFAL:0.6666666666666666	QKSLDFVL:0.5333333333333333	LSFQLLDP:0.5666666666666667	IFIDGDYP:0.5333333333333333	LESPSLRQ:0.4666666666666667	TADFFALS:0.6	YPESMKNN:0.4666666666666667	PTLSFQLL:0.5666666666666667	KECQKSLD:0.43333333333333335	LPDFTESE:0.5	KFRQLESP:0.4666666666666667	ESEKKFIK:0.36666666666666664	LRQLLSWI:0.43333333333333335	KPIFIDGD:0.5333333333333333	LLPDFTES:0.4666666666666667	SWIDLEYN:0.36666666666666664	EKKFIKGT:0.36666666666666664	FIDGDYPE:0.6333333333333333	RQLESPSL:0.36666666666666664	DFVLGWFA:0.5333333333333333	SLRQLLSW:0.3	FRQLESPS:0.36666666666666664	DGTTGFIN:0.2	DLKCIKQL:0.2	FGLFHVDF:0.2	GTTGFINQ:0.2	PDGTTGFI:0.2	WSLLDNFE:0.23333333333333334	TTGFINQK:0.2	CIKQLGLT:0.2	RLLPDGTT:0.2	IYITENGF:0.23333333333333334	GDVACGSY:0.2	AWSLLDNF:0.23333333333333334	GSYTLWEE:0.2	IKQLGLTH:0.2	KCIKQLGL:0.2	DVACGSYT:0.2	TLWEEDLK:0.2	KQLGLTHY:0.2	YTLWEEDL:0.2	TGFINQKG:0.2	GLTHYRFS:0.2	SWSRLLPD:0.2	QLGLTHYR:0.2	RFGLFHVD:0.23333333333333334	VACGSYTL:0.2	TGDVACGS:0.2	SRLLPDGT:0.2	SYTLWEED:0.2	QTGDVACG:0.2	CGSYTLWE:0.2	NQTGDVAC:0.2	WEEDLKCI:0.23333333333333334	SLLDNFEW:0.23333333333333334	WSRLLPDG:0.2	LLPDGTTG:0.2	EDLKCIKQ:0.2	LWEEDLKC:0.23333333333333334	EEDLKCIK:0.2	LKCIKQLG:0.2	LGLTHYRF:0.2	LPDGTTGF:0.2	ACGSYTLW:0.2	SIALSSHW:0.23333333333333334	VVPWGLRK:0.23333333333333334	AVVPWGLR:0.2	VSIALSSH:0.23333333333333334	IALSSHWI:0.23333333333333334	IGYTAWSL:0.2	VIGYTAWS:0.2	IFIVENGW:0.2	AKPVFIDG:0.23333333333333334	SFQLLDPQ:0.3	LLDPQMKF:0.26666666666666666	QLLDPQMK:0.26666666666666666	WFAKPVFI:0.23333333333333334	FQLLDPQM:0.26666666666666666	PVFIDGDY:0.23333333333333334	VFIDGDYP:0.23333333333333334	FAKPVFID:0.23333333333333334	KPVFIDGD:0.23333333333333334	RKLLKYIK:0.2	PRRMTEHS:0.23333333333333334	PQMKFRQL:0.2	DPQMKFRQ:0.2	QMKFRQLE:0.2	SPRRMTEH:0.23333333333333334	RMTEHSIK:0.23333333333333334	TEHSIKEC:0.23333333333333334	RRMTEHSI:0.23333333333333334	EHSIKECQ:0.23333333333333334	MTEHSIKE:0.23333333333333334	ISPRRMTE:0.23333333333333334	LDPQMKFR:0.2	HYRFSLSW:0.2	YRFSLSWS:0.2	RFSLSWSR:0.2	
