cluster number:40
GH1:477	GH1:477|3.2.1.86:3|3.2.1.85:2|3.2.1.21:2|3.2.1.-:1
IPGKTFKG:0.25366876310272535	IAVDHYHR:0.22431865828092243	AYRFSVSW:0.25366876310272535	PVLTLYHW:0.24947589098532494	DVALMAEM:0.36058700209643607	MAEMGLKA:0.27882599580712786	YRFSVSWP:0.2641509433962264	AEMGLKAY:0.27882599580712786	EDVALMAE:0.44863731656184486	DIAVDHYH:0.20545073375262055	AVDHYHRF:0.32075471698113206	GDIAVDHY:0.21593291404612158	ALMAEMGL:0.4381551362683438	KAYRFSVS:0.2431865828092243	VLTLYHWD:0.24947589098532494	LKAYRFSV:0.32075471698113206	RFSVSWPR:0.2641509433962264	TLYHWDLP:0.660377358490566	VALMAEMG:0.36058700209643607	MGLKAYRF:0.2976939203354298	FSVSWPRI:0.2180293501048218	GLKAYRFS:0.4591194968553459	EPVLTLYH:0.24737945492662475	EMGLKAYR:0.2809224318658281	LMAEMGLK:0.3039832285115304	IEPVLTLY:0.24737945492662475	LTLYHWDL:0.2746331236897275	LLSWLNGY:0.7840670859538784	LYHWDLPQ:0.5345911949685535	AFENAEEF:0.21593291404612158	WLNGYQKR:0.5262054507337526	WSFTDLLS:0.35429769392033544	ENGLGEFD:0.29979035639413	LSWLNGYQ:0.6981132075471698	SFTDLLSW:0.35429769392033544	NGLGEFDK:0.2641509433962264	ITENGLGE:0.469601677148847	YHWDLPQA:0.589098532494759	KYWVSLNE:0.20125786163522014	QKRYGFVY:0.5157232704402516	WVSLNEQN:0.23270440251572327	GKIGPSFA:0.29350104821802936	NHIAFLAN:0.2138364779874214	DLLSWLNG:0.8050314465408805	HIAFLANA:0.21593291404612158	LNGYQKRY:0.5262054507337526	YQKRYGFV:0.5324947589098532	KIGPSFAY:0.2830188679245283	PSFAYSPA:0.2389937106918239	HWDLPQAL:0.5911949685534591	NGYQKRYG:0.5534591194968553	TDLLSWLN:0.469601677148847	FLWGSASA:0.46331236897274636	YWVSLNEQ:0.22012578616352202	GSASAAYQ:0.46540880503144655	SFAYSPAY:0.23689727463312368	TENGLGEF:0.29559748427672955	GLRIGLRR:0.22851153039832284	GYQKRYGF:0.5513626834381551	VKYWVSLN:0.20125786163522014	FTDLLSWL:0.3249475890985325	WGSASAAY:0.46540880503144655	LWGSASAA:0.46331236897274636	LRIGLRRI:0.2222222222222222	ANHIAFLA:0.21174004192872117	IGPSFAYS:0.3018867924528302	SWLNGYQK:0.6981132075471698	FAYSPAYP:0.23270440251572327	GPSFAYSP:0.3039832285115304	AAYQVEGA:0.44234800838574423	TFKGTNGD:0.20545073375262055	GDVAVDHY:0.43186582809224316	NGDVAVDH:0.37945492662473795	SASAAYQV:0.2914046121593291	ITLYHWDL:0.23060796645702306	GTNGDVAV:0.24528301886792453	ASAAYQVE:0.4276729559748428	TNGDVAVD:0.3312368972746331	AYQVEGAW:0.3039832285115304	SAAYQVEG:0.429769392033543	KRYGFVYV:0.429769392033543	RYGFVYVD:0.2851153039832285	YQVEGAWN:0.259958071278826	VAVDHYHR:0.40670859538784065	DLPQALQD:0.31865828092243187	WDLPQALQ:0.3752620545073375	DVAVDHYH:0.4088050314465409	LPQALQDE:0.2578616352201258	GKGPSVWD:0.259958071278826	DHYHRYKE:0.3039832285115304	AVDHYHRY:0.29559748427672955	RFSISWPR:0.24737945492662475	HYHRYKED:0.3039832285115304	DFLWGSAS:0.2662473794549266	VDHYHRYK:0.2578616352201258	YRFSISWP:0.24737945492662475	DGKGPSVW:0.25366876310272535	WVTLNEQN:0.22431865828092243	DDYRIDYL:0.21174004192872117	LRRITSRY:0.2348008385744235	YITENGLG:0.2578616352201258	IDLLSWLN:0.33542976939203356	DFIGLNYY:0.31865828092243187	MITLYHWD:0.20964360587002095	FIDLLSWL:0.20545073375262055	SFIDLLSW:0.20545073375262055	PMITLYHW:0.20964360587002095	PWSFIDLL:0.20335429769392033	SYRFSISW:0.2578616352201258	ITENGLGA:0.24947589098532494	IYITENGL:0.20125786163522014	WSFIDLLS:0.20335429769392033	YHRYKEDV:0.24109014675052412	EGAWNEDG:0.22851153039832284	GAWNEDGK:0.22851153039832284	AWNEDGKG:0.22851153039832284	
