cluster number:19
GH1:22	GH1:22|3.2.1.21:2|3.2.1.147:1
SLMDNFEW:0.22727272727272727	FFGLNHYT:0.3181818181818182	WSLMDNFE:0.22727272727272727	PIIVTENG:0.22727272727272727	FGLNHYTT:0.2727272727272727	DFFGLNHY:0.36363636363636365	AAYQIEGA:0.2727272727272727	AYQIEGAW:0.4090909090909091	VTLFHWDL:0.22727272727272727	YQIEGAWN:0.45454545454545453	TGDVACDS:0.2727272727272727	DVACDSYH:0.3181818181818182	GDVACDSY:0.2727272727272727	ATAAYQIE:0.22727272727272727	TAAYQIEG:0.2727272727272727	TLFHWDLP:0.3181818181818182	ISWSRVLP:0.2727272727272727	FSISWSRV:0.2727272727272727	SISWSRVL:0.2727272727272727	RFSISWSR:0.22727272727272727	YRFSISWS:0.22727272727272727	
