cluster number:74
GH1:36	GH1:36|3.2.1.21:1
DDFVGVQN:0.25	FLWGAATA:0.25	DFVGVQNY:0.25	SLAGAVRY:0.4166666666666667	VGVQNYER:0.2222222222222222	FVGVQNYE:0.2222222222222222	GVQNYERA:0.3333333333333333	GIEWARIE:0.4166666666666667	IEWARIEP:0.4722222222222222	GVPVLGYC:0.2222222222222222	FIGVQNYE:0.3611111111111111	DFIGVQNY:0.3611111111111111	VEWARIEP:0.25	PVLGYCHW:0.2777777777777778	DDFIGVQN:0.3055555555555556	VPVLGYCH:0.2222222222222222	DGVPVLGY:0.25	IGVQNYER:0.3333333333333333	WFSAQGGW:0.25	FGIEWARI:0.3333333333333333	EPEKGLFS:0.2222222222222222	WSLLDNFE:0.4722222222222222	EWIFGYKP:0.2222222222222222	RWFSAQGG:0.25	PSGDACNS:0.25	HWSLLDNF:0.25	NFEWIFGY:0.3888888888888889	RIEPEKGL:0.2222222222222222	WARIEPEK:0.25	PRWFSAQG:0.25	APRWFSAQ:0.25	ARIEPEKG:0.25	HFTAPRWF:0.25	IEPEKGLF:0.2222222222222222	LVSEHGVG:0.2222222222222222	TAPRWFSA:0.25	LDNFEWIF:0.25	LLDNFEWI:0.25	SLLDNFEW:0.4722222222222222	EWARIEPE:0.5	AMLDHYKA:0.3333333333333333	FEWIFGYK:0.25	YRFGIEWA:0.3333333333333333	FTAPRWFS:0.25	DNFEWIFG:0.3888888888888889	RFGIEWAR:0.3333333333333333	LLDNFEWT:0.2222222222222222	ISAHQSEG:0.2222222222222222	AISAHQSE:0.2222222222222222	AGAVRYAH:0.2222222222222222	LAGAVRYA:0.2777777777777778	
