cluster number:32
GH1:211	GH1:211|3.2.1.21:24|3.2.1.118:5|3.2.1.38:2|2.4.1.-:2|3.2.1.105:2|3.2.1.161:2|3.2.1.147:2|3.2.1.125:1|3.2.1.119:1|3.2.1.149:1|3.2.1.117:1
YAELCFKE:0.2132701421800948	FVTLFHWD:0.2843601895734597	WITLNEPW:0.2890995260663507	PFVTLFHW:0.2796208530805687	GDSGTEPY:0.21800947867298578	LCFKEFGD:0.2843601895734597	VKHWITLN:0.33649289099526064	NNPLIYIT:0.22748815165876776	HWITLNEP:0.3412322274881517	FGDRVKHW:0.5497630331753555	DRVKHWIT:0.4075829383886256	GDRVKHWI:0.4075829383886256	GGDSGTEP:0.2132701421800948	NPLIYITE:0.23222748815165878	LEDEYGGF:0.44075829383886256	EDEYGGFL:0.41232227488151657	FKEFGDRV:0.36018957345971564	CFKEFGDR:0.36492890995260663	EFGDRVKH:0.41706161137440756	AELCFKEF:0.25118483412322273	YNNPLIYI:0.22748815165876776	DYAELCFK:0.23222748815165878	KEFGDRVK:0.4075829383886256	ELCFKEFG:0.27488151658767773	PLIYITEN:0.27488151658767773	KHWITLNE:0.3459715639810427	LIYITENG:0.27488151658767773	RVKHWITL:0.3080568720379147	QALEDEYG:0.2796208530805687	NNLINELL:0.2132701421800948	ALEDEYGG:0.2796208530805687	FHWDLPQA:0.23222748815165878	WDLPQALE:0.2132701421800948	LFHWDLPQ:0.27014218009478674	YNNLINEL:0.2985781990521327	TLFHWDLP:0.2843601895734597	HWDLPQAL:0.24170616113744076	GPSIWDTF:0.3412322274881517	PQALEDEY:0.33649289099526064	YHRYKEDV:0.2843601895734597	VTLFHWDL:0.26540284360189575	RGPSIWDT:0.22274881516587677	GRGPSIWD:0.24644549763033174	PSIWDTFT:0.2985781990521327	WSLLDNFE:0.2890995260663507	AWSLLDNF:0.26066350710900477	DFIGLNYY:0.20853080568720378	SLLDNFEW:0.2890995260663507	FAWSLLDN:0.2938388625592417	SIWDTFTH:0.2938388625592417	RFSISWSR:0.44075829383886256	LDAYRFSI:0.2985781990521327	YRFSISWS:0.3981042654028436	GYFAWSLL:0.2985781990521327	FSISWSRI:0.2843601895734597	SISWSRIL:0.22748815165876776	YYNNLINE:0.33175355450236965	KGYFAWSL:0.27488151658767773	YFAWSLLD:0.3033175355450237	AYRFSISW:0.45023696682464454	DAYRFSIS:0.41706161137440756	ISWSRILP:0.23222748815165878	VKGYFAWS:0.2890995260663507	DEYGGFLS:0.2843601895734597	NVKGYFAW:0.24170616113744076	EYGGFLSP:0.2132701421800948	PYVTLFHW:0.22748815165876776	YVTLFHWD:0.22748815165876776	DFLGLNYY:0.20853080568720378	TLFHWDVP:0.20853080568720378	VTLFHWDV:0.20853080568720378	LFHWDVPQ:0.2037914691943128	LLAHAAAV:0.2037914691943128	
