cluster number:51
GH1:88	GH1:88
LLGSYDWN:0.2727272727272727	TPVNEPLT:0.6363636363636364	REEQLRWL:0.32954545454545453	GYVRVDDA:0.3522727272727273	VHHGSGPR:0.4431818181818182	GMYGHWYP:0.2159090909090909	VRVDDAER:0.20454545454545456	NFVTIALR:0.22727272727272727	FENERRWL:0.3181818181818182	DVEAVRVC:0.2159090909090909	PVNEPLTT:0.6363636363636364	LVQTEDLG:0.3068181818181818	GLVHHGSG:0.6477272727272727	WSWADERL:0.20454545454545456	DQLERNGH:0.2159090909090909	DIIGINHY:0.23863636363636365	WAGVECTV:0.2159090909090909	LLTFSSDL:0.22727272727272727	VAERYPWV:0.22727272727272727	YGHWYPHG:0.42045454545454547	LVHHGSGP:0.6477272727272727	TREEQLRW:0.42045454545454547	AVAERYPW:0.23863636363636365	GINHYLTS:0.32954545454545453	SAFFGPWD:0.38636363636363635	CPPDIIGI:0.2159090909090909	IGINHYLT:0.2840909090909091	QTEDLGKT:0.22727272727272727	TSAFFGPW:0.38636363636363635	TFSSDLVF:0.3977272727272727	PDIIGINH:0.22727272727272727	TARFSGMY:0.2159090909090909	PIVGLVHH:0.4431818181818182	LTFSSDLV:0.26136363636363635	QAEFENER:0.22727272727272727	LDLLIDGE:0.45454545454545453	AVVNAAGY:0.26136363636363635	HWYPHGRD:0.2840909090909091	LTTARFSG:0.5340909090909091	VECTVNRV:0.29545454545454547	GHWYPHGR:0.2840909090909091	IRTSAFFG:0.2727272727272727	CTREEQLR:0.3522727272727273	SLDLLIDG:0.3068181818181818	TYVPDLVH:0.2840909090909091	VIRTSAFF:0.22727272727272727	ECTVNRVG:0.45454545454545453	AAGYVRVD:0.3181818181818182	IVSPTYVP:0.20454545454545456	VQTEDLGK:0.25	YQAEFENE:0.20454545454545456	RYPVLWER:0.36363636363636365	RTSAFFGP:0.38636363636363635	EFENERRW:0.25	ENERRWLS:0.2727272727272727	YNFVTIAL:0.2159090909090909	ADVEAVRV:0.4090909090909091	ARFSGMYG:0.2159090909090909	PWAVVNAA:0.3068181818181818	LGSYDWNS:0.22727272727272727	AGVECTVN:0.2159090909090909	AEFENERR:0.22727272727272727	EPLTTARF:0.8409090909090909	RFSGMYGH:0.2159090909090909	FSGMYGHW:0.2159090909090909	SPTYVPDL:0.45454545454545453	NAAGYVRV:0.3181818181818182	LVIRTSAF:0.22727272727272727	AGYVRVDD:0.32954545454545453	IVGLVHHG:0.4659090909090909	FSSDLVFD:0.48863636363636365	YADVEAVR:0.4318181818181818	TSERFLDE:0.2159090909090909	TTARFSGM:0.2159090909090909	AIRYPVLW:0.2727272727272727	VVNAAGYV:0.23863636363636365	VSPTYVPD:0.3977272727272727	NEPLTTAR:0.8295454545454546	GVECTVNR:0.3068181818181818	IRYPVLWE:0.375	MYGHWYPH:0.22727272727272727	PPDIIGIN:0.20454545454545456	IIGINHYL:0.25	GSYDWNSL:0.22727272727272727	PLTTARFS:0.7386363636363636	VNAAGYVR:0.25	YTPVNEPL:0.3977272727272727	PTYVPDLV:0.4431818181818182	VGLVHHGS:0.4431818181818182	WAVVNAAG:0.3068181818181818	SGMYGHWY:0.2159090909090909	VNEPLTTA:0.6136363636363636	VAPLNVYG:0.20454545454545456	YVRVDDAE:0.3522727272727273	SSDLVFDG:0.5227272727272727	INHYLTSD:0.2159090909090909	RWLSFDLL:0.23863636363636365	INEPLTTA:0.22727272727272727	ERRWLSFD:0.20454545454545456	NHYLTSDR:0.2840909090909091	PINEPLTT:0.22727272727272727	YLTSDRFL:0.3181818181818182	HYLTSDRF:0.2727272727272727	QLVQTEDL:0.20454545454545456	LTSDRFLD:0.3181818181818182	NERRWLSF:0.20454545454545456	AQLVQTED:0.2159090909090909	RRWLSFDL:0.25	TPINEPLT:0.2159090909090909	LYGHWYPH:0.375	CTVNRVGD:0.3068181818181818	GLYGHWYP:0.20454545454545456	TTARFSGL:0.3522727272727273	TARFSGLY:0.3181818181818182	ARFSGLYG:0.3068181818181818	YVPDLVHA:0.20454545454545456	AYQAEFEN:0.22727272727272727	LAYQAEFE:0.22727272727272727	
