cluster number:82
GH1:57	GH1:57|3.2.1.21:8|3.2.1.-:1
GDIACDHY:0.3157894736842105	EGSPLADG:0.5964912280701754	ITENGAAF:0.43859649122807015	PLYITENG:0.2982456140350877	GSPLADGA:0.5964912280701754	QIEGSPLA:0.5614035087719298	YITENGAA:0.45614035087719296	TGDIACDH:0.24561403508771928	DTGDIACD:0.24561403508771928	YQIEGSPL:0.543859649122807	TLNEPWVI:0.21052631578947367	IEGSPLAD:0.5614035087719298	AYQIEGSP:0.2807017543859649	HEIGLVVN:0.21052631578947367	EPKYPASD:0.22807017543859648	AWSLLDNL:0.21052631578947367	FLWGAATA:0.24561403508771928	LMRAHGAA:0.21052631578947367	LADGAGPS:0.3157894736842105	SLLDNLEW:0.2982456140350877	SPLADGAG:0.5789473684210527	GGYLHGAL:0.2631578947368421	ATAAYQIE:0.2807017543859649	ADGAGPSI:0.2807017543859649	RGGWLNRD:0.2807017543859649	KRFGIVHV:0.21052631578947367	DRGGWLNR:0.2631578947368421	LLDNLEWS:0.2631578947368421	LDNLEWSL:0.2631578947368421	GALAPGHR:0.2631578947368421	DGGYLHGA:0.2631578947368421	TAAYQIEG:0.2807017543859649	AALDDRGG:0.2631578947368421	PLADGAGP:0.3157894736842105	WSLLDNLE:0.2982456140350877	DGAGPSIW:0.2807017543859649	HGALAPGH:0.2631578947368421	MRAHGAAV:0.21052631578947367	LHGALAPG:0.2631578947368421	DDRGGWLN:0.2807017543859649	DLPAALDD:0.22807017543859648	HWDLPAAL:0.2807017543859649	YLHGALAP:0.2631578947368421	LDDRGGWL:0.2807017543859649	HNLMRAHG:0.21052631578947367	LWGAATAA:0.22807017543859648	PAALDDRG:0.2631578947368421	ALDDRGGW:0.2807017543859649	NLMRAHGA:0.21052631578947367	LPAALDDR:0.21052631578947367	DNLEWSLG:0.3157894736842105	WDLPAALD:0.24561403508771928	TDGGYLHG:0.2807017543859649	VYITENGA:0.2631578947368421	GYLHGALA:0.2631578947368421	NGDTGDVA:0.3157894736842105	GDTGDVAC:0.40350877192982454	SYQIEGSP:0.24561403508771928	WSLLDNFE:0.21052631578947367	YSKRFGIV:0.2631578947368421	WITLNEPW:0.3333333333333333	TGDVACDH:0.42105263157894735	VACDHYNR:0.21052631578947367	AYRFSISW:0.3684210526315789	DVACDHYN:0.21052631578947367	FSISWPRI:0.22807017543859648	DNFEWAEG:0.24561403508771928	DTGDVACD:0.42105263157894735	RILPEGTG:0.21052631578947367	GDVACDHY:0.47368421052631576	NFEWAEGY:0.24561403508771928	SKRFGIVY:0.21052631578947367	RFSISWPR:0.3508771929824561	GYSKRFGI:0.40350877192982454	TLNEPWVV:0.3333333333333333	SLLDNFEW:0.21052631578947367	YRFSISWP:0.3508771929824561	EGYSKRFG:0.21052631578947367	DFYSRLVD:0.21052631578947367	TLFHWDLP:0.21052631578947367	VKHWITLN:0.21052631578947367	HWITLNEP:0.21052631578947367	DRVKHWIT:0.21052631578947367	GDRVKHWI:0.21052631578947367	KHWITLNE:0.21052631578947367	RVKHWITL:0.21052631578947367	PKTEMGWE:0.22807017543859648	EMGWEIYP:0.21052631578947367	TEMGWEIY:0.21052631578947367	DFYNRLVD:0.21052631578947367	TLYHWDLP:0.3684210526315789	KTEMGWEI:0.21052631578947367	
