cluster number:25
GH1:140	GH1:140|3.2.1.21:8|3.2.1.25:5|3.2.1.74:2
SWSRIFPD:0.25	RFSISWSR:0.55	FPKGFVFG:0.22857142857142856	WSLLDNFE:0.40714285714285714	SATEPYIV:0.2571428571428571	FGDRVKNW:0.21428571428571427	YFAWSLLD:0.44285714285714284	YRFSISWS:0.55	GYFAWSLL:0.4357142857142857	AYRFSISW:0.5857142857142857	AWSLLDNF:0.40714285714285714	DAYRFSIS:0.4785714285714286	ATEPYIVA:0.2357142857142857	FDAYRFSI:0.30714285714285716	WSRIFPDG:0.42142857142857143	FAWSLLDN:0.45714285714285713	AYQVEGMA:0.2	GRGPSIWD:0.32857142857142857	AAQRARDF:0.2357142857142857	RFGIVYVD:0.36428571428571427	KGFVFGTA:0.22142857142857142	PKGFVFGT:0.22142857142857142	SAYQVEGM:0.2	AQRARDFH:0.2357142857142857	ANLYHYDL:0.2	SLLDNFEW:0.40714285714285714	ISWSRIFP:0.5142857142857142	FSISWSRI:0.5428571428571428	NLYHYDLP:0.24285714285714285	FGIVYVDY:0.2642857142857143	SISWSRIF:0.5214285714285715	TEPYIVAH:0.35	NSATEPYI:0.25	GILLDFVW:0.21428571428571427	GNSATEPY:0.2785714285714286	GIVYVDYK:0.2571428571428571	LYHWDLPQ:0.20714285714285716	EPYIVAHN:0.29285714285714287	PYVTLYHW:0.22857142857142856	FGDRVKHW:0.42142857142857143	DRVKHWIT:0.4357142857142857	GDRVKHWI:0.4357142857142857	WSLLDNWE:0.2	HWDLPQAL:0.2	ITENGMDD:0.3142857142857143	VTLYHWDL:0.2714285714285714	TLYHWDLP:0.5	YVTLYHWD:0.22857142857142856	MDAYRFSI:0.22142857142857142	SLLDNWEW:0.2	LLDFVWYE:0.2	ILLDFVWY:0.2	PYATLYHW:0.20714285714285716	ATLYHWDL:0.20714285714285716	YATLYHWD:0.20714285714285716	TKRFGIVY:0.2	AIKDGADV:0.22857142857142856	CFANFGDR:0.22142857142857142	VYVDYKNG:0.2642857142857143	VDVYRRKF:0.2	AEACFANF:0.2	KDGADVRG:0.22857142857142856	ILAHAAAV:0.24285714285714285	LYAEACFA:0.2	HQILAHAA:0.22142857142857142	IYFGDYPE:0.2	DVYRRKFK:0.2	PIYFGDYP:0.2	DNFEWAMG:0.20714285714285716	IVYVDYKN:0.2	VKHWITIN:0.2	FANFGDRV:0.22142857142857142	KHWITINE:0.2	LGWFLDPI:0.21428571428571427	EYFALYAE:0.2	ADVRGYFA:0.21428571428571427	YFGDYPES:0.2	YAEACFAN:0.2	GLNHYTSR:0.22142857142857142	GDYPESMR:0.2	DFQLGWFL:0.2857142857142857	KIVEYFAL:0.2	NGMDDEDD:0.2	VAQAIKDG:0.2571428571428571	AVDVYRRK:0.2	HWITINEP:0.2	FGDYPESM:0.2	GERAASEW:0.21428571428571427	VRGYFAWS:0.2857142857142857	TENGMDDE:0.2785714285714286	ENGMDDED:0.2571428571428571	IGERAASE:0.20714285714285716	IVEYFALY:0.2	FIGLNHYT:0.22142857142857142	HAAAVDVY:0.2	FALYAEAC:0.2	RIFPDGLG:0.2785714285714286	HHQILAHA:0.22857142857142856	YFALYAEA:0.2	QLGWFLDP:0.2714285714285714	SRIFPDGL:0.2642857142857143	ERAASEWL:0.21428571428571427	ANFGDRVK:0.22142857142857142	QAIKDGAD:0.22857142857142856	DGADVRGY:0.21428571428571427	FQLGWFLD:0.2714285714285714	ACFANFGD:0.20714285714285716	RVKHWITI:0.2	AAAVDVYR:0.2	KRFGIVYV:0.20714285714285716	QILAHAAA:0.22857142857142856	DVRGYFAW:0.2857142857142857	ALYAEACF:0.2	AAVDVYRR:0.2	GADVRGYF:0.21428571428571427	EACFANFG:0.2	RGYFAWSF:0.2	IKDGADVR:0.22857142857142856	DFIGLNHY:0.22857142857142856	VEYFALYA:0.2	AQAIKDGA:0.22857142857142856	NFGDRVKH:0.20714285714285716	YHRYKEDV:0.22857142857142856	IFPDGLGT:0.2	
