cluster number:31
GH1:14	GH1:14
LEWSRIEP:0.2857142857142857	FEWLEGES:0.2857142857142857	MSLEWSRI:0.21428571428571427	LMDNFEWL:0.2857142857142857	NFEWLEGE:0.2857142857142857	EWLEGESA:0.21428571428571427	WTLMDNFE:0.21428571428571427	SLEWSRIE:0.21428571428571427	TLMDNFEW:0.21428571428571427	DFIGINYY:0.21428571428571427	DNFEWLEG:0.2857142857142857	MDNFEWLE:0.2857142857142857	RMSLEWSR:0.21428571428571427	IGINYYTR:0.21428571428571427	AYLFGSTP:0.21428571428571427	NYYSRTAV:0.35714285714285715	RIGTASAG:0.21428571428571427	PNVFATEA:0.21428571428571427	RGIEPLVT:0.2857142857142857	INEPNVFA:0.2857142857142857	NWEWSEGM:0.2857142857142857	GVEWSRVE:0.21428571428571427	ARVGVEWS:0.21428571428571427	DLGWEIYP:0.6428571428571429	LFGSTPPG:0.21428571428571427	VTINEPNV:0.35714285714285715	DWVTINEP:0.35714285714285715	NEPNVFAT:0.2857142857142857	IARVGVEW:0.21428571428571427	PIWITENG:0.2857142857142857	IGTASAGL:0.21428571428571427	CFVDNWEW:0.5	PLVTLHHF:0.8571428571428571	VERYYHWC:0.21428571428571427	TINEPNVF:0.42857142857142855	TNDLGWEI:0.21428571428571427	ILDHLAEL:0.21428571428571427	FILDHLAE:0.21428571428571427	EPNVFATE:0.21428571428571427	PTNDLGWE:0.21428571428571427	AGLQIEGS:0.21428571428571427	VTDWVTIN:0.2857142857142857	INYYSRTA:0.2857142857142857	WVTINEPN:0.35714285714285715	NVFATEAY:0.21428571428571427	EAYLFGST:0.21428571428571427	GIEPLVTL:0.2857142857142857	VFATEAYL:0.21428571428571427	EWSEGMAQ:0.21428571428571427	DNWEWSEG:0.35714285714285715	LVTLHHFG:0.2857142857142857	LPIWITEN:0.21428571428571427	HWCFVDNW:0.5	WITENGTA:0.2857142857142857	ITENGTAD:0.2857142857142857	RYYHWCFV:0.5	WEWSEGMA:0.21428571428571427	ASAGLQIE:0.21428571428571427	GLQIEGSP:0.21428571428571427	YYHWCFVD:0.5	IEPLVTLH:0.2857142857142857	YHWCFVDN:0.5	AINYYSRT:0.21428571428571427	FVDNWEWS:0.2857142857142857	TEAYLFGS:0.21428571428571427	ATEAYLFG:0.21428571428571427	GTASAGLQ:0.21428571428571427	SAGLQIEG:0.21428571428571427	TASAGLQI:0.21428571428571427	FATEAYLF:0.21428571428571427	YLFGSTPP:0.21428571428571427	ERYYHWCF:0.5	VGVEWSRV:0.21428571428571427	NDLGWEIY:0.5714285714285714	VDNWEWSE:0.2857142857142857	VEWSRVEP:0.21428571428571427	WCFVDNWE:0.5	EPLVTLHH:0.2857142857142857	RVGVEWSR:0.21428571428571427	TDWVTINE:0.2857142857142857	WITINEPN:0.2857142857142857	GESARFGL:0.21428571428571427	ERYYYWTL:0.21428571428571427	VPLVTLHH:0.21428571428571427	LVTLHHFS:0.35714285714285715	EGESARFG:0.21428571428571427	DWITINEP:0.21428571428571427	ITINEPNV:0.35714285714285715	LGLNYYSR:0.21428571428571427	NEPNVYAT:0.21428571428571427	TINEPNVY:0.35714285714285715	GLNYYSRT:0.21428571428571427	WVTENGTC:0.21428571428571427	VTENGTCD:0.21428571428571427	LNYYSRTA:0.21428571428571427	INEPNVYA:0.21428571428571427	YYSRTAVR:0.21428571428571427	TENGTCDN:0.2857142857142857	YSRTAVRG:0.21428571428571427	VGFAHHMR:0.21428571428571427	ENGTCDNG:0.21428571428571427	DLVTDWVT:0.21428571428571427	PVWITENG:0.21428571428571427	VWITENGT:0.21428571428571427	ATSSLQIE:0.21428571428571427	TSSLQIEG:0.21428571428571427	SLQIEGGD:0.21428571428571427	SSLQIEGG:0.21428571428571427	PVNDLGWE:0.35714285714285715	LVTDWVTI:0.21428571428571427	HWNRWRED:0.21428571428571427	WEIYPQGL:0.21428571428571427	EGGDRNNN:0.21428571428571427	LGWEIYPQ:0.21428571428571427	GDRNNNWY:0.21428571428571427	GWEIYPQG:0.21428571428571427	DHWNRWRE:0.21428571428571427	VNDLGWEI:0.35714285714285715	RMGIEWSR:0.21428571428571427	YRMGIEWS:0.21428571428571427	IEWSRIEP:0.21428571428571427	MGIEWSRI:0.21428571428571427	GGDRNNNW:0.21428571428571427	GIEWSRIE:0.21428571428571427	PHPTTDHW:0.21428571428571427	TLHHFGHP:0.21428571428571427	VTLHHFGH:0.21428571428571427	
