cluster number:7
GH1:12	GH1:12
FGSYETVK:0.3333333333333333	IIRQSPDG:0.5	EGSEYTEM:1.0	KFGSYETV:0.5833333333333334	YETVKPEG:0.5	KPEGSEYT:0.5	KEYQIPAL:0.3333333333333333	YDLLTRFH:0.8333333333333334	GWEVYPKG:0.9166666666666666	LLTRFHKE:0.5	VKPEGSEY:0.5	GVNYYYRT:0.3333333333333333	VYPKGLYD:0.8333333333333334	RTIIRQSP:0.5	YTEMGWEV:0.9166666666666666	YRTIIRQS:0.5	FHKEYQIP:0.5	RQSPDGKF:0.3333333333333333	GSEYTEMG:1.0	LGVNYYYR:0.6666666666666666	TRFHKEYQ:0.5	YYYRTIIR:0.5	ETVKPEGS:0.5	VNYYYRTI:0.3333333333333333	LYDLLTRF:0.8333333333333334	QSPDGKFG:0.3333333333333333	KGLYDLLT:0.8333333333333334	NYYYRTII:0.5	YYRTIIRQ:0.5	GLYDLLTR:0.8333333333333334	HKEYQIPA:0.3333333333333333	WEVYPKGL:0.9166666666666666	SPDGKFGS:0.3333333333333333	GSYETVKP:0.5	SEYTEMGW:1.0	PEGSEYTE:1.0	DLLTRFHK:0.4166666666666667	EVYPKGLY:0.9166666666666666	SYETVKPE:0.5	MGWEVYPK:0.9166666666666666	YPKGLYDL:0.8333333333333334	EYTEMGWE:0.9166666666666666	TIIRQSPD:0.5	FLGVNYYY:0.6666666666666666	DGKFGSYE:0.3333333333333333	LTRFHKEY:0.5	RFHKEYQI:0.5	IRQSPDGK:0.5	TEMGWEVY:0.9166666666666666	GKFGSYET:0.5	PKGLYDLL:0.8333333333333334	EMGWEVYP:0.9166666666666666	PDGKFGSY:0.3333333333333333	TVKPEGSE:0.5	GVNYYYRM:0.5	TRFHNQYQ:0.4166666666666667	YRMIIRQS:0.4166666666666667	QYQIPALY:0.25	DLLTRFHN:0.4166666666666667	YYYRMIIR:0.4166666666666667	SYETVNPE:0.4166666666666667	NYYYRMII:0.5	IIRQSPGG:0.4166666666666667	LLTRFHNQ:0.4166666666666667	TVNPEGSE:0.4166666666666667	IRQSPGGK:0.4166666666666667	RMIIRQSP:0.4166666666666667	HNQYQIPA:0.4166666666666667	LTRFHNQY:0.4166666666666667	GSYETVNP:0.4166666666666667	ETVNPEGS:0.4166666666666667	PALYVTEN:0.3333333333333333	MIIRQSPG:0.4166666666666667	VNYYYRMI:0.5	IPALYVTE:0.3333333333333333	VNPEGSEY:0.4166666666666667	QIPALYVT:0.3333333333333333	NQYQIPAL:0.4166666666666667	NPEGSEYT:0.4166666666666667	FHNQYQIP:0.4166666666666667	RFHNQYQI:0.4166666666666667	YYRMIIRQ:0.4166666666666667	YETVNPEG:0.4166666666666667	ALYVTENG:0.3333333333333333	YQIPALYV:0.3333333333333333	KLGSYETV:0.25	PGGKLGSY:0.25	SPGGKLGS:0.25	RQSPGGKL:0.25	LGSYETVN:0.25	QSPGGKLG:0.25	GGKLGSYE:0.25	GKLGSYET:0.25	
