cluster number:58
GH1:101	GH1:101|3.2.1.23:1
DFDFIGLQ:0.2376237623762376	WAEGYHPR:0.2376237623762376	GYHPRFGL:0.22772277227722773	STAAYQIE:0.26732673267326734	DALLNRLF:0.27722772277227725	EGYHPRFG:0.2376237623762376	ITENGAAF:0.44554455445544555	AYQIEGAH:0.24752475247524752	WMVLNEPM:0.27722772277227725	AAYQIEGA:0.36633663366336633	DNFEWAEG:0.9801980198019802	TENGAAFP:0.32673267326732675	ENGAAFPD:0.32673267326732675	TAAYQIEG:0.3465346534653465	FEWAEGYH:0.26732673267326734	IITENGAA:0.3465346534653465	WVTLYHWD:0.3069306930693069	EWAEGYHP:0.25742574257425743	NFEWAEGY:0.8910891089108911	VTLYHWDL:0.3564356435643564	GKGPSIWD:0.21782178217821782	TLYHWDLP:0.6237623762376238	VSTAAYQI:0.26732673267326734	FDFDFIGL:0.2376237623762376	WGVSTAAY:0.26732673267326734	GTTFSCSH:0.2871287128712871	IGTTFSCS:0.297029702970297	GVSTAAYQ:0.26732673267326734	HWMVLNEP:0.26732673267326734	AEGYHPRF:0.2376237623762376	PWVTLYHW:0.3069306930693069	FLGIHAPG:0.2079207920792079	GVQNYTRE:0.2079207920792079	LYHWDLPQ:0.25742574257425743	DFIGVQNY:0.2079207920792079	YHWDLPQA:0.24752475247524752	ITPWVTLY:0.2079207920792079	HWDLPQAL:0.25742574257425743	VGTTFSCS:0.32673267326732675	TDNFEWAE:0.44554455445544555	TPWVTLYH:0.22772277227722773	LNEPMVFT:0.21782178217821782	TGAGYFLG:0.297029702970297	VFTGAGYF:0.3465346534653465	PMVFTGAG:0.22772277227722773	EPMVFTGA:0.22772277227722773	VLNEPMVF:0.24752475247524752	FTGAGYFL:0.3069306930693069	FTDNFEWA:0.2079207920792079	FLAAAHHA:0.21782178217821782	NEPMVFTG:0.2376237623762376	LDNFEWAE:0.3069306930693069	PRFGLVHV:0.2079207920792079	MVLNEPMV:0.22772277227722773	DFIGIQNY:0.25742574257425743	FIGIQNYT:0.2376237623762376	TFSCSHVE:0.2079207920792079	IGIQNYTR:0.2376237623762376	TTFSCSHV:0.2079207920792079	WTFLDNFE:0.21782178217821782	TFLDNFEW:0.21782178217821782	ITLYHWDL:0.21782178217821782	VLRAKQEG:0.2079207920792079	FLDNFEWA:0.22772277227722773	LLNRLFIE:0.37623762376237624	LYHWDLPH:0.24752475247524752	ALLNRLFI:0.21782178217821782	LNRLFIEP:0.38613861386138615	LTDNFEWA:0.22772277227722773	KGGWTNRD:0.27722772277227725	VKNWMVLN:0.22772277227722773	QNYTREII:0.22772277227722773	GIQNYTRE:0.27722772277227725	PLLGMGYP:0.2079207920792079	NWMVLNEP:0.2376237623762376	EPLLGMGY:0.2079207920792079	KNWMVLNE:0.22772277227722773	FIWGVSTA:0.2079207920792079	IWGVSTAA:0.2079207920792079	FGDRVKNW:0.27722772277227725	DRVKNWMV:0.24752475247524752	GDRVKNWM:0.25742574257425743	
