cluster number:1
GH1:2893	GH1:2893|3.2.1.86:11|3.2.1.21:4|3.2.1.37:1
QKPLFIVE:0.2913930176287591	IVENGLGA:0.4621500172830971	LTFNEINM:0.21431040442447286	PLFIVENG:0.45316280677497406	KYWLTFNE:0.4362253715865883	KRYGFIYV:0.5554787417905289	DFISFSYY:0.2965779467680608	SKRYGFIY:0.33667473211199445	WLTFNEIN:0.541306602143104	RYGFIYVD:0.5409609402004839	WGGATAAN:0.3916349809885932	VDFISFSY:0.2696163152436917	GGATAANQ:0.39336329070169374	MSKRYGFI:0.2768752160387141	FLWGGATA:0.36985827860352577	WGPIDLVS:0.21016246111303147	LFIVENGL:0.438299343242309	YQKPLFIV:0.27134462495679224	KPLFIVEN:0.34842723816107846	RYQKPLFI:0.2913930176287591	YWLTFNEI:0.44452125820947114	VKYWLTFN:0.43657103352920845	DRYQKPLF:0.46284134116833736	FIVENGLG:0.4656066367092983	LWGGATAA:0.36571033529208435	YDRYQKPL:0.34980988593155893	EMSKRYGF:0.2900103698582786	DFYHRYKE:0.26892499135845144	DFVSFSYY:0.21016246111303147	EWGWQIDP:0.36812996889042515	VDFVSFSY:0.21016246111303147	LFAEMGFK:0.379536812996889	FYHRYKED:0.27134462495679224	DIALFAEM:0.32976149325959214	EDIALFAE:0.31040442447286554	VENGLGAK:0.2913930176287591	YGFIYVDR:0.2903560318008987	SEWGWQID:0.34600760456273766	LVTLSHYE:0.20808848945731076	AANQVEGA:0.21673003802281368	IALFAEMG:0.32872450743173176	PLVTLSHY:0.2111994469408918	AIDFYHRY:0.27341859661251294	ENGLGAKD:0.29312132734185964	ALFAEMGF:0.3643276875216039	TVDFISFS:0.22744555824403734	TLSHYEMP:0.20947113722779123	IDFYHRYK:0.23643276875216038	YGIEPLVT:0.20428620808848946	RYKEDIAL:0.2371240926374006	YHRYKEDI:0.27134462495679224	IDLVSAST:0.29277566539923955	HRYKEDIA:0.23124783961285864	IDPLGLRI:0.20947113722779123	DDYRIDYL:0.24230902177670238	GCIDLVSA:0.32042862080884893	LVKYWLTF:0.2111994469408918	DPLGLRIT:0.20532319391634982	WGCIDLVS:0.3415139993086761	GLVKYWLT:0.20394054614586934	CIDLVSAS:0.2188040096785344	SIAWSRIF:0.24161769789146215	IAWSRIFP:0.23954372623574144	
