cluster number:46
GH1:74	GH1:74|3.2.1.21:9|3.2.1.-:2|3.2.1.23:1|3.2.1.38:1
AYRFSIAW:0.3108108108108108	SLMDNFEW:0.35135135135135137	LYHWDLPQ:0.5405405405405406	DVACDHYH:0.32432432432432434	DGKGESIW:0.20270270270270271	RFSIAWPR:0.25675675675675674	AEVGITLN:0.32432432432432434	LMDNFEWA:0.21621621621621623	TASYQIEG:0.2702702702702703	GKGESIWD:0.20270270270270271	EDGKGESI:0.20270270270270271	WSLMDNFE:0.35135135135135137	IYITENGA:0.24324324324324326	GDVACDHY:0.32432432432432434	SYQIEGAW:0.25675675675675674	ATASYQIE:0.25675675675675674	VTLYHWDL:0.33783783783783783	TLYHWDLP:0.5675675675675675	ACDHYHRW:0.21621621621621623	GESIWDRF:0.3783783783783784	VACDHYHR:0.43243243243243246	YRFSIAWP:0.25675675675675674	WITHNEPW:0.28378378378378377	ITHNEPWC:0.3108108108108108	ASYQIEGA:0.25675675675675674	GRGESIWD:0.22972972972972974	YSRAVLRS:0.22972972972972974	RGESIWDR:0.20270270270270271	DGRGESIW:0.21621621621621623	EVGITLNL:0.20270270270270271	TQCDFLGL:0.21621621621621623	LTVCKPGD:0.20270270270270271	FLGLNYYS:0.24324324324324326	NYYSRAVL:0.21621621621621623	LGLNYYSR:0.21621621621621623	YPADMIAD:0.20270270270270271	NYAMPASP:0.20270270270270271	RWFLDPLY:0.36486486486486486	YGRHYPAD:0.20270270270270271	PGAEVGIT:0.22972972972972974	HLLLSHGL:0.21621621621621623	PASPSAAD:0.24324324324324326	PSAADYDA:0.24324324324324326	FLDPLYGR:0.3918918918918919	ATQCDFLG:0.21621621621621623	IATQCDFL:0.21621621621621623	TVCKPGDL:0.20270270270270271	SHGLAVPV:0.20270270270270271	HHLLLSHG:0.3108108108108108	AMPASPSA:0.20270270270270271	PEGLTVCK:0.20270270270270271	LPPEGLTV:0.22972972972972974	GAEVGITL:0.22972972972972974	SHHLLLSH:0.22972972972972974	DFLGLNYY:0.25675675675675674	LSHGLAVP:0.22972972972972974	PPEGLTVC:0.20270270270270271	VSHHLLLS:0.20270270270270271	IIATQCDF:0.21621621621621623	SPSAADYD:0.24324324324324326	QCDFLGLN:0.21621621621621623	GLNYYSRA:0.21621621621621623	YAMPASPS:0.20270270270270271	LLSHGLAV:0.22972972972972974	LNYYSRAV:0.21621621621621623	EGLTVCKP:0.20270270270270271	LLLSHGLA:0.20270270270270271	GLTVCKPG:0.20270270270270271	ASPSAADY:0.24324324324324326	CDFLGLNY:0.21621621621621623	YYSRAVLR:0.21621621621621623	LYGRHYPA:0.20270270270270271	WFLDPLYG:0.36486486486486486	MPASPSAA:0.20270270270270271	YQIEGAWN:0.22972972972972974	EGAWNEDG:0.20270270270270271	DFLGINYY:0.25675675675675674	WDLPQKLQ:0.2702702702702703	YITENGAA:0.22972972972972974	FVWSLMDN:0.21621621621621623	NGDVACDH:0.20270270270270271	GYFVWSLM:0.21621621621621623	HWDLPQKL:0.2702702702702703	GAWNEDGK:0.20270270270270271	YHWDLPQK:0.2702702702702703	ITENGAAY:0.21621621621621623	YFVWSLMD:0.21621621621621623	NRWFLDPL:0.22972972972972974	TSSYQIEG:0.21621621621621623	SSYQIEGA:0.20270270270270271	
