cluster number:43
GH1:41	GH1:41|3.2.1.108:4|3.2.1.62:4|3.2.1.21:2|3.2.1.-:1
LNSDWAEP:0.24390243902439024	DGKGLSIW:0.24390243902439024	YINEALKA:0.2682926829268293	NLIKAHAE:0.3170731707317073	AAYQIEGA:0.2682926829268293	ALQDVGGW:0.21951219512195122	CNGFPDPA:0.21951219512195122	PQALQDVG:0.21951219512195122	QALQDVGG:0.21951219512195122	AYQIEGAW:0.21951219512195122	IFKNGDYP:0.21951219512195122	FMLGWFAH:0.24390243902439024	WDLPQALQ:0.34146341463414637	HNLIKAHA:0.3170731707317073	RLPEFTES:0.24390243902439024	GFNHYTTV:0.21951219512195122	LQDVGGWE:0.24390243902439024	QVTLYHWD:0.24390243902439024	GDIACDSY:0.3170731707317073	AHPIFKNG:0.2682926829268293	LYHWDLPQ:0.34146341463414637	KSRLPEFT:0.24390243902439024	FWITLNEP:0.24390243902439024	HYRFSISW:0.36585365853658536	WFAHPIFK:0.2682926829268293	HPIFKNGD:0.2682926829268293	TAAYQIEG:0.2926829268292683	VKFWITLN:0.21951219512195122	NEAGLNYY:0.21951219512195122	LPEFTESE:0.24390243902439024	SLMDNFEW:0.36585365853658536	FAHPIFKN:0.2682926829268293	LGWFAHPI:0.24390243902439024	YHWDLPQA:0.34146341463414637	PEFTESEK:0.24390243902439024	GWFAHPIF:0.2926829268292683	MLGWFAHP:0.24390243902439024	ADGKGLSI:0.21951219512195122	WSLMDNFE:0.36585365853658536	PIFKNGDY:0.3170731707317073	TLYHWDLP:0.43902439024390244	NHYTTVLA:0.24390243902439024	LPQALQDV:0.21951219512195122	FNHYTTVL:0.21951219512195122	YRFSISWP:0.2926829268292683	TFGDRVKF:0.21951219512195122	GKGLSIWD:0.2682926829268293	KFWITLNE:0.24390243902439024	ATAAYQIE:0.2682926829268293	QDVGGWEN:0.24390243902439024	PQVTLYHW:0.24390243902439024	HWDLPQAL:0.4146341463414634	VTLYHWDL:0.4146341463414634	RFSISWPR:0.2926829268292683	DLPQALQD:0.34146341463414637	AWSLMDNF:0.2682926829268293	SRLPEFTE:0.2926829268292683	FGDRVKFW:0.2682926829268293	RFSISWSR:0.3170731707317073	DGKGPSIW:0.2682926829268293	YRFSISWS:0.3170731707317073	HAEAWHLY:0.3170731707317073	GVDYYNRL:0.21951219512195122	GVSSSAYQ:0.21951219512195122	ADGKGPSI:0.24390243902439024	GDVACDSY:0.2682926829268293	EAWHLYND:0.2926829268292683	AHAEAWHL:0.3170731707317073	AYQIEGGW:0.21951219512195122	WRADGKGL:0.24390243902439024	AEAWHLYN:0.3170731707317073	LIKAHAEA:0.2926829268292683	FGFNHYTT:0.21951219512195122	VDYYNRLI:0.21951219512195122	DVACDSYH:0.2682926829268293	IKAHAEAW:0.3170731707317073	WGVSSSAY:0.21951219512195122	KAHAEAWH:0.3170731707317073	GKGPSIWD:0.2926829268292683	FSISWSRI:0.3170731707317073	INEALKAV:0.21951219512195122	EGAWRADG:0.21951219512195122	GAWRADGK:0.21951219512195122	WSRILPDG:0.21951219512195122	PIYVTENG:0.21951219512195122	
