cluster number:50
GH1:361	GH1:361|3.2.1.21:2|3.2.1.23:1|3.2.1.-:1
RVKYWLTI:0.29362880886426596	RNWLYLDM:0.27146814404432135	TSAYQVEG:0.6094182825484764	ASTSAYQV:0.4515235457063712	DRVKYWLT:0.29916897506925205	STSAYQVE:0.5650969529085873	KRYGFIYV:0.6786703601108033	WSAIDLIS:0.22160664819944598	KYWLTINE:0.5401662049861495	YWLTINEQ:0.5318559556786704	SAYQVEGA:0.518005540166205	RYGFIYVD:0.20221606648199447	GASTSAYQ:0.5263157894736842	FGDRVKYW:0.2880886426592798	DFIAFNYY:0.4099722991689751	YGFIYVDR:0.20221606648199447	KIGPAPNI:0.43213296398891965	WLYLDMAV:0.2659279778393352	WGASTSAY:0.5235457063711911	AIRNWLYL:0.3185595567867036	PDFIAFNY:0.40443213296398894	VKYWLTIN:0.5263157894736842	KPDFIAFN:0.3047091412742382	AKPDFIAF:0.21329639889196675	NWLYLDMA:0.2659279778393352	PWSAIDLI:0.2188365650969529	WLTINEQN:0.6011080332409973	AIDLISTH:0.2188365650969529	GDRVKYWL:0.31024930747922436	NAIRNWLY:0.21606648199445982	SAIDLIST:0.20221606648199447	AKIGPAPN:0.3573407202216066	IRNWLYLD:0.3573407202216066	NRDEFDLK:0.27146814404432135	FSIAWTRI:0.3490304709141274	AYRFSIAW:0.29085872576177285	RDEFDLKD:0.2742382271468144	GYCPWSAI:0.2520775623268698	GFIYVNRD:0.29362880886426596	NEQNMMIL:0.27146814404432135	LIITENGL:0.20221606648199447	TINEQNMM:0.2770083102493075	DEFDLKDL:0.22437673130193905	IGPAPNIA:0.23268698060941828	EGAWNEDG:0.33240997229916897	PIVTMYHF:0.24653739612188366	VTMYHFDL:0.31024930747922436	ELYQQNHH:0.22437673130193905	LYQQNHHM:0.37950138504155123	RYGFIYVN:0.47368421052631576	IEPIVTMY:0.21052631578947367	EQNMMILH:0.23545706371191136	SKRYGFIY:0.2880886426592798	VNRDEFDL:0.27146814404432135	LPLIITEN:0.21329639889196675	YRFSIAWT:0.3656509695290859	KVKYWLTI:0.21052631578947367	GKGPSVID:0.2742382271468144	INEQNMMI:0.2659279778393352	YQVEGAWN:0.27977839335180055	VASDHYHR:0.29916897506925205	IVTMYHFD:0.24930747922437674	YGFIYVNR:0.47368421052631576	QVEGAWNE:0.27146814404432135	EPIVTMYH:0.21052631578947367	NEDGKGPS:0.2299168975069252	FKVASDHY:0.26869806094182824	DDYRIDYL:0.23822714681440443	QNMMILHG:0.23545706371191136	YQQNHHML:0.2520775623268698	YCPWSAID:0.2520775623268698	KAYRFSIA:0.28254847645429365	FIAFNYYT:0.2188365650969529	PLIITENG:0.21606648199445982	CPWSAIDL:0.2409972299168975	KVASDHYH:0.24930747922437674	HHMLVAQA:0.24653739612188366	WNEDGKGP:0.2299168975069252	GAWNEDGK:0.33240997229916897	DFKVASDH:0.26038781163434904	AYQVEGAW:0.3850415512465374	RFSIAWTR:0.37119113573407203	DGKGPSVI:0.26869806094182824	AWNEDGKG:0.31024930747922436	IYVNRDEF:0.24376731301939059	KELYQQNH:0.22437673130193905	TENGLGAF:0.22437673130193905	ITENGLGA:0.26038781163434904	VEGAWNED:0.2520775623268698	GLKAYRFS:0.30193905817174516	EDGKGPSV:0.29362880886426596	LTINEQNM:0.3573407202216066	IITENGLG:0.27977839335180055	ENGLGAFD:0.22714681440443213	TMYHFDLP:0.32132963988919666	YVNRDEFD:0.2880886426592798	FIYVNRDE:0.2742382271468144	FDLKDLRR:0.2188365650969529	EFDLKDLR:0.21606648199445982	DLKDLRRI:0.2742382271468144	LWGASTSA:0.5069252077562327	FLWGASTS:0.5152354570637119	GWEIDPVG:0.21606648199445982	WEIDPVGF:0.20221606648199447	PWSAIDLV:0.22714681440443213	WSAIDLVS:0.22714681440443213	TLYHFDLP:0.30193905817174516	FGWEIDPV:0.2077562326869806	AIDLVSTH:0.22714681440443213	SAIDLVST:0.2188365650969529	VTLYHFDL:0.28254847645429365	DVVSTHQG:0.2077562326869806	VVSTHQGY:0.20498614958448755	GDQQIMLG:0.2077562326869806	EQNTMILH:0.20498614958448755	NEQNTMIL:0.20498614958448755	DQQIMLGE:0.21606648199445982	AINYYSTA:0.21606648199445982	IAAHNWET:0.21052631578947367	ILHPGAIG:0.21052631578947367	RAGDQQIM:0.20221606648199447	LTINEQNT:0.21052631578947367	TMILHPGA:0.20221606648199447	AGDQQIML:0.20221606648199447	QNTMILHP:0.20221606648199447	TINEQNTM:0.20498614958448755	INYYSTAT:0.21606648199445982	DAIAAHNW:0.21052631578947367	INEQNTMI:0.20498614958448755	MILHPGAI:0.20498614958448755	AIAAHNWE:0.21052631578947367	NTMILHPG:0.20221606648199447	NYYSTATI:0.2188365650969529	
