cluster number:71
GH1:43	GH1:43|3.2.1.21:2
CFKSFGDR:0.20930232558139536	NAYRFSIS:0.20930232558139536	QGGSIGIV:0.20930232558139536	AYRFSISW:0.20930232558139536	GADVRGYF:0.4883720930232558	AIRKGADV:0.2558139534883721	DFIGINHY:0.2558139534883721	PMFITENG:0.2558139534883721	LGVNSYRF:0.20930232558139536	RFSISWAR:0.4186046511627907	ADDHYHRY:0.3953488372093023	GVNSYRFS:0.2558139534883721	KGIQPFVT:0.3488372093023256	YITENGYS:0.23255813953488372	FSISWARI:0.37209302325581395	GDVADDHY:0.20930232558139536	SISWARIL:0.4186046511627907	YRFSISWA:0.4186046511627907	SYRFSISW:0.2558139534883721	VADDHYHR:0.20930232558139536	WARILPRG:0.23255813953488372	NSYRFSIS:0.2558139534883721	ISWARILP:0.4186046511627907	VNSYRFSI:0.2558139534883721	DVADDHYH:0.20930232558139536	SWARILPR:0.23255813953488372	GIQPFVTL:0.32558139534883723	YQIEGAYL:0.20930232558139536	TSSYQIEG:0.23255813953488372	DHYHRYLE:0.20930232558139536	PQELEDRY:0.3488372093023256	SSYQIEGA:0.27906976744186046	YHRYLEDI:0.27906976744186046	QELEDRYG:0.3488372093023256	HYHRYLED:0.20930232558139536	GLSNWDVF:0.20930232558139536	GKGLSNWD:0.3488372093023256	KGLSNWDV:0.2558139534883721	DGKGLSNW:0.32558139534883723	GIEPFVTI:0.20930232558139536	IRKGADVR:0.27906976744186046	DIADDHYH:0.23255813953488372	NGDIADDH:0.23255813953488372	KGADVRGY:0.4186046511627907	FGDRVKYW:0.4418604651162791	RKGADVRG:0.3488372093023256	GDIADDHY:0.23255813953488372	RILPKGRF:0.37209302325581395	LLKGIQPF:0.23255813953488372	ADVRGYFA:0.2558139534883721	SWARILPK:0.27906976744186046	FLFGTASS:0.20930232558139536	ARILPKGR:0.27906976744186046	VRGYFAWS:0.20930232558139536	ILPKGRFG:0.37209302325581395	LKGIQPFV:0.27906976744186046	WARILPKG:0.27906976744186046	DVRGYFAW:0.2558139534883721	DGSNGDIA:0.20930232558139536	WSLLDNFE:0.2558139534883721	SLLDNFEW:0.2558139534883721	MFITENGY:0.20930232558139536	IPQELEDR:0.2558139534883721	YDIPQELE:0.23255813953488372	DIPQELED:0.27906976744186046	HYDIPQEL:0.2558139534883721	
