cluster number:48
GH1:24	GH1:24
WSLLDNFE:0.2916666666666667	WDEDGKGE:0.20833333333333334	AYQIEGAW:0.2916666666666667	HKYKEDVA:0.20833333333333334	SLLDNFEW:0.2916666666666667	GAWDEDGK:0.20833333333333334	SYHKYKED:0.2916666666666667	DSYHKYKE:0.2916666666666667	DVACDSYH:0.25	EGAWDEDG:0.20833333333333334	YHKYKEDV:0.20833333333333334	CDSYHKYK:0.20833333333333334	VACDSYHK:0.20833333333333334	ACDSYHKY:0.25	QIEGAWDE:0.20833333333333334	AWDEDGKG:0.20833333333333334	EGAWNEDG:0.25	IEGAWNED:0.25	QIEGAWNE:0.25	ACDSYHKW:0.25	SYHKWRED:0.20833333333333334	VTLYHWDL:0.4166666666666667	TLYHWDLP:0.4166666666666667	LVTLYHWD:0.25	DIACDSYH:0.2916666666666667	PLVTLYHW:0.25	GAWNEDGK:0.25	IACDSYHK:0.2916666666666667	DSYHKWRE:0.20833333333333334	CDSYHKWR:0.20833333333333334	GDIACDSY:0.20833333333333334	YQIEGAWN:0.20833333333333334	LYHWDLPQ:0.20833333333333334	AHAKAYRI:0.20833333333333334	HAKAYRIY:0.20833333333333334	
