cluster number:42
GH1:875	GH1:875|3.2.1.21:1|3.2.1.85:1|3.2.1.86:1
WFTHNEPI:0.24571428571428572	GYLYDFHY:0.49142857142857144	LLGINYYQ:0.336	CFISENGM:0.4308571428571429	KGYHLWTF:0.28685714285714287	NEPIVPVE:0.7508571428571429	NYYQPRRV:0.552	RGWEIYEK:0.4102857142857143	SENGMGVE:0.6377142857142857	VPVEGGYL:0.49714285714285716	NRSFLDPA:0.2765714285714286	IYEKGIYD:0.26971428571428574	WEIYEKGI:0.28	LGINYYQP:0.35428571428571426	FTHNEPIV:0.24571428571428572	EGGYLYDF:0.49142857142857144	INYYQPRR:0.352	EMPGRKMN:0.2537142857142857	IVPVEGGY:0.49257142857142855	THNEPIVP:0.24914285714285714	EPIVPVEG:0.49257142857142855	LYDFHYPN:0.41714285714285715	EKGIYDIL:0.20114285714285715	YLYDFHYP:0.49142857142857144	NLYHFDMP:0.3954285714285714	NGMGVEGE:0.4777142857142857	AFFNRSFL:0.21142857142857144	YEKGIYDI:0.2377142857142857	YEMPGRKM:0.23657142857142857	YQPRRVKA:0.29828571428571427	ISENGMGV:0.7051428571428572	GGYLYDFH:0.49142857142857144	AYKNRYGF:0.41714285714285715	DAFFNRSF:0.2102857142857143	PVEGGYLY:0.4937142857142857	FFNRSFLD:0.304	YKNRYGFV:0.336	DLLGINYY:0.3382857142857143	PIVPVEGG:0.49257142857142855	GWEIYEKG:0.4114285714285714	GMGVEGEE:0.39885714285714285	EIYEKGIY:0.26971428571428574	PRRVKAKE:0.25257142857142856	GINYYQPR:0.352	FISENGMG:0.5177142857142857	QPRRVKAK:0.248	ENGMGVEG:0.4777142857142857	VEGGYLYD:0.432	MGVEGEER:0.2102857142857143	YYQPRRVK:0.49257142857142855	HRGWEIYE:0.3577142857142857	FNRSFLDP:0.6297142857142857	NAYKNRYG:0.7051428571428572	YRGWEIYE:0.3657142857142857	TFIDNWSW:0.3588571428571429	RKMNPYRG:0.32	LFHFDMPM:0.2674285714285714	MPGRKMNP:0.4045714285714286	WTFIDNWS:0.3588571428571429	PGRKMNPY:0.28914285714285715	NLTPSYPR:0.544	NPYRGWEI:0.4102857142857143	KKSGEWFA:0.20914285714285713	MNPYRGWE:0.3965714285714286	VLNLTPSY:0.2742857142857143	IDLLGINY:0.216	KMNPYRGW:0.3657142857142857	GRKMNPYR:0.28914285714285715	LNLTPSYP:0.5451428571428572	LTPSYPRS:0.47085714285714286	PYRGWEIY:0.3851428571428571	IILNLTPS:0.328	ISWSRLIP:0.23885714285714285	GIILNLTP:0.384	NPHRGWEI:0.3291428571428571	SISWSRLI:0.23885714285714285	ILNLTPSY:0.34285714285714286	PHRGWEIY:0.32685714285714285	IGIILNLT:0.38171428571428573	YHMWTFID:0.25257142857142856	PRCFISEN:0.22628571428571428	CLGYHMWT:0.2845714285714286	DLLGVNYY:0.21485714285714286	GVENEQRF:0.21371428571428572	GMGVENEQ:0.21485714285714286	NGMGVENE:0.288	CFELFGDR:0.2102857142857143	HYPNVVDF:0.2845714285714286	FNEPIVPV:0.5508571428571428	HWFTFNEP:0.4045714285714286	YDFHYPNV:0.26285714285714284	MWTFIDNW:0.24571428571428572	TFNEPIVP:0.5622857142857143	LGYHMWTF:0.25485714285714284	VNYYQPRR:0.3142857142857143	NRSFLDPV:0.2674285714285714	GNPRCFIS:0.2102857142857143	LGVNYYQP:0.4617142857142857	DFHYPNVV:0.26057142857142856	FTFNEPIV:0.3565714285714286	TPSYPRSQ:0.29828571428571427	LLGVNYYQ:0.21142857142857144	HMWTFIDN:0.24571428571428572	GYHMWTFI:0.25257142857142856	FHYPNVVD:0.264	RAATVAYH:0.23085714285714284	RCFISENG:0.2297142857142857	AATVAYHT:0.2297142857142857	GVNYYQPR:0.3142857142857143	FELFGDRV:0.2057142857142857	YGNPRCFI:0.2102857142857143	NPRCFISE:0.22628571428571428	ENGMGVEN:0.288	WFTFNEPI:0.3554285714285714	KRTIKKSG:0.23885714285714285	MGVENEQR:0.21257142857142858	DFLGVNYY:0.22857142857142856	KWFTHNEP:0.21942857142857142	VKHWFTFN:0.20342857142857143	KHWFTFNE:0.208	WTFIDCWS:0.2777142857142857	IDCWSWLN:0.23085714285714284	WSWLNAYK:0.208	YKNRYGLV:0.3177142857142857	SWLNAYKN:0.20685714285714285	AYKNRYGL:0.28685714285714287	LNAYKNRY:0.21371428571428572	TFIDCWSW:0.2777142857142857	WLNAYKNR:0.20685714285714285	WSRLIPDG:0.21942857142857142	FIDCWSWL:0.22285714285714286	INLYHFDM:0.20114285714285715	PRSQHPAD:0.216	YPRSQHPA:0.21485714285714286	WITFNEPI:0.21485714285714286	FRTSIQWS:0.32457142857142857	TSIQWSRL:0.272	ITFNEPIV:0.21485714285714286	SIQWSRLI:0.24457142857142858	RTSIQWSR:0.32457142857142857	
