cluster number:16
GH1:1111	GH1:1111|3.2.1.21:40|3.2.1.-:7|3.2.1.23:2|3.2.1.74:1|3.2.1.38:1|GH5_19:1
LYHWDLPQ:0.7704770477047704	WSLLDNFE:0.43924392439243926	DNFEWAEG:0.2304230423042304	LLDNFEWA:0.35913591359135916	NFEWAEGY:0.22682268226822683	VTLYHWDL:0.3708370837083708	TLYHWDLP:0.8712871287128713	SLLDNFEW:0.43924392439243926	DNFEWAYG:0.24572457245724572	AAYQIEGA:0.21962196219621963	TAAYQIEG:0.24032403240324032	VACDHYHR:0.28172817281728174	SLMDNFEW:0.38073807380738073	LMDNFEWA:0.34473447344734476	YFAWSLMD:0.2538253825382538	FAWSLMDN:0.2538253825382538	WSLMDNFE:0.38073807380738073	GYFAWSLM:0.25292529252925294	GDVACDHY:0.30243024302430244	ATLYHWDL:0.2538253825382538	AWSLMDNF:0.25742574257425743	DVACDHYH:0.24032403240324032	LNEPWCSA:0.3033303330333033	TLNEPWCS:0.35103510351035105	WTTLNEPW:0.2502250225022502	RTPSIWDT:0.22772277227722773	GRTPSIWD:0.23402340234023403	TTLNEPWC:0.26732673267326734	NFEWAYGY:0.23942394239423942	YHWDLPQA:0.24032403240324032	HWDLPQAL:0.23852385238523852	SIWDTFSH:0.21692169216921692	ATAAYQIE:0.22862286228622863	IWDTFSHT:0.20522052205220523	PSIWDTFS:0.3015301530153015	
