cluster number:59
GH1:136	GH1:136|3.2.1.21:4
YRFSIEWA:0.375	FGLIAVDR:0.20588235294117646	AHQVEGNN:0.2867647058823529	RFSIEWAR:0.375	SIEWARIE:0.34558823529411764	TAAHQVEG:0.3088235294117647	ATAAHQVE:0.23529411764705882	AAHQVEGN:0.25735294117647056	FSIEWARI:0.34558823529411764	IEWARIEP:0.4264705882352941	IVTENGIA:0.25735294117647056	GASTAAHQ:0.25735294117647056	DACDSYHR:0.23529411764705882	SALDNYEW:0.2647058823529412	LDNYEWGS:0.3161764705882353	ENGIATAD:0.41911764705882354	WSALDNYE:0.2647058823529412	WGASTAAH:0.23529411764705882	FLWGASTA:0.25	VTENGIAT:0.5441176470588235	TFGLIAVD:0.25	PTFGLIAV:0.25	VCTINEPN:0.36764705882352944	AHQIEGNN:0.27941176470588236	CTINEPNM:0.3014705882352941	NGIATADD:0.41911764705882354	TAAHQIEG:0.2867647058823529	TENGIATA:0.39705882352941174	AAHQIEGN:0.2647058823529412	SLLDNYEW:0.25735294117647056	LLDNYEWG:0.22794117647058823	WSLLDNYE:0.25735294117647056	HWSLLDNY:0.22794117647058823	GAATAAHQ:0.3014705882352941	WGAATAAH:0.22794117647058823	AATAAHQV:0.20588235294117646	PKPSLAWL:0.20588235294117646	KPSLAWLG:0.20588235294117646	FLWGAATA:0.29411764705882354	DVRGYLHW:0.27941176470588236	GFLWGAAT:0.23529411764705882	EWARIEPE:0.2867647058823529	HQIEGNNV:0.22794117647058823	
