cluster number:76
GH1:87	GH1:87|2.4.1.-:4|3.5.2.17:1
SIWDTFTH:0.22988505747126436	HKYKEDVK:0.3448275862068966	DGRKPSIW:0.26436781609195403	YHKYKEDV:0.5287356321839081	KYKEDVKL:0.3333333333333333	TAYADVCF:0.367816091954023	RKPSIWDT:0.26436781609195403	KPSIWDTF:0.26436781609195403	GRKPSIWD:0.26436781609195403	GRGAVNPK:0.20689655172413793	EDGRKPSI:0.25287356321839083	NPKGLQYY:0.20689655172413793	PSIWDTFT:0.21839080459770116	GAVNPKGL:0.20689655172413793	PKGLQYYN:0.20689655172413793	LLLAHASA:0.22988505747126436	RGAVNPKG:0.21839080459770116	RLIPDGRG:0.2413793103448276	DGYHKYKE:0.28735632183908044	RFSISWSR:0.5632183908045977	ISWSRLIP:0.47126436781609193	SRLIPNGR:0.2413793103448276	DVCFREFG:0.5977011494252874	ADVCFREF:0.5632183908045977	AYADVCFR:0.3218390804597701	FTAYADVC:0.3448275862068966	GYHKYKED:0.3103448275862069	YADVCFRE:0.47126436781609193	FSISWSRL:0.5517241379310345	YKEDVKLM:0.3103448275862069	DFTAYADV:0.3448275862068966	WSRLIPNG:0.25287356321839083	SISWSRLI:0.45977011494252873	PLVFGDYP:0.3218390804597701	RLIPNGRG:0.26436781609195403	LEDEYGGW:0.4367816091954023	SWSRLIPN:0.27586206896551724	EDFTAYAD:0.20689655172413793	KGLEYYNN:0.22988505747126436	NPKGLEYY:0.25287356321839083	YNNLIDEL:0.25287356321839083	PKGLEYYN:0.25287356321839083	YRFSISWS:0.41379310344827586	AYRFSISW:0.42528735632183906	TGLEAYRF:0.20689655172413793	GLEAYRFS:0.25287356321839083	LEAYRFSI:0.2988505747126437	LEYYNNLI:0.21839080459770116	YYNNLIDE:0.20689655172413793	EAYRFSIS:0.28735632183908044	GLEYYNNL:0.22988505747126436	SAYQVEGA:0.3793103448275862	CDGYHKYK:0.21839080459770116	VCFREFGD:0.47126436781609193	TSAYQVEG:0.28735632183908044	FREFGDRV:0.4367816091954023	CFREFGDR:0.42528735632183906	AYQVEGAA:0.2988505747126437	GRTPSIWD:0.20689655172413793	
