cluster number:0
CBM38:69	CBM38:69|GH32:64|3.2.1.80:2|CBM32:1|3.2.1.26:1
GKDYYAAV:0.2028985507246377	WECPDLFP:0.5507246376811594	WMNDPNGL:0.43478260869565216	LFPLAVDG:0.2028985507246377	CPDLFPLA:0.2028985507246377	DLFPLAVD:0.2028985507246377	KNWMNDPN:0.2898550724637681	AQSLAYST:0.2318840579710145	YHLFYQYN:0.37681159420289856	QSLAYSTD:0.2753623188405797	GVWECPDL:0.42028985507246375	NWMNDPNG:0.5217391304347826	MNDPNGLV:0.37681159420289856	WSSVEVFG:0.21739130434782608	FSGSAVVD:0.21739130434782608	VWECPDLF:0.463768115942029	SSVEVFGG:0.2318840579710145	GGVWECPD:0.391304347826087	DWSSVEVF:0.21739130434782608	GEYHLFYQ:0.2898550724637681	INFLIGGG:0.21739130434782608	GWMNNWDY:0.30434782608695654	EYHLFYQY:0.2898550724637681	QAQSLAYS:0.3333333333333333	HLFYQYNP:0.4927536231884058	MSWGHAVS:0.2753623188405797	ECPDLFPL:0.5072463768115942	PDLFPLAV:0.2028985507246377	WMNDPNGM:0.2753623188405797	DFRDPKVF:0.2463768115942029	LFYQYNPY:0.2028985507246377	RGGWGHIL:0.2318840579710145	QSIAYSLD:0.3188405797101449	DYGRDNYA:0.2028985507246377	FSGSAVID:0.2028985507246377	YINFLVGG:0.21739130434782608	FYQYNPYG:0.2028985507246377	FRDPKVFW:0.4927536231884058	INFLVGGG:0.2463768115942029	MNDPNGMV:0.2898550724637681	NDPNGMVY:0.2898550724637681	NDPNGLVY:0.36231884057971014	GWGHILAD:0.2463768115942029	RDPKVFWY:0.2028985507246377	WGNMSWGH:0.34782608695652173	NMSWGHAT:0.2318840579710145	MSWGHATS:0.2753623188405797	GNMSWGHA:0.34782608695652173	QYFVGDFD:0.21739130434782608	YFVGDFDG:0.21739130434782608	DRSSVEVF:0.2028985507246377	
