cluster number:5
CBM38:12	CBM38:12|GH32:12
RWVLYGAD:0.25	GWLNDPNG:0.5	LFYQHNPY:0.4166666666666667	WGNMHWGH:0.5833333333333334	AYTSTGRG:0.5	YTSTGRGE:0.5	NFLIGGGK:0.25	PQFHFTSR:0.5	RGTLPGQM:0.25	WLNDPNGL:0.5	EYHLFYQH:0.25	ARGTLPGQ:0.25	SRRGWLND:0.3333333333333333	HWGHAVSP:0.25	GHAVSPDL:0.25	TSRRGWLN:0.3333333333333333	NMHWGHAV:0.5	GNMHWGHA:0.5833333333333334	PDLFELPV:0.25	AAYTSTGR:0.25	PARGTLPG:0.25	LNFLIGGG:0.25	FTSRRGWL:0.3333333333333333	FYQHNPYG:0.4166666666666667	FHFTSRRG:0.5	WGHAVSPD:0.25	VAAYTSTG:0.25	YQHNPYGW:0.4166666666666667	HLFYQHNP:0.6666666666666666	FYAAQTFS:0.25	CPDLFELP:0.25	QFHFTSRR:0.5	RRGWLNDP:0.3333333333333333	TSTGRGEC:0.5	GEYHLFYQ:0.25	MHWGHAVS:0.5	STGTLTSP:0.25	HFTSRRGW:0.5833333333333334	RGWLNDPN:0.3333333333333333	GGWGHINV:0.5833333333333334	RPQFHFTS:0.5	ECPDLFEL:0.25	WVLYGADG:0.25	STGRGECI:0.3333333333333333	WVMAVYDE:0.4166666666666667	YHLFYQHN:0.4166666666666667	GWGHINVD:0.6666666666666666	SRIEGFFE:0.25	WTFASRIE:0.25	IEGFFECP:0.25	NDRPGGSE:0.25	GWGNMHWG:0.25	PNDRPGGS:0.25	AFSGSAVV:0.25	FSGSAVVD:0.5	TFASRIEG:0.25	GPNDRPGG:0.25	GFFECPDL:0.3333333333333333	HGNFYAAQ:0.25	WAFSGSAV:0.3333333333333333	DWAFSGSA:0.3333333333333333	GNFYAAQT:0.25	GDWAFSGS:0.3333333333333333	FASRIEGF:0.25	EGFFECPD:0.25	ASRIEGFF:0.25	RIEGFFEC:0.25	LNDPNGLV:0.4166666666666667	TGGWGHIN:0.25	SGSAVVDK:0.25	WGHINVDH:0.5	NMTWGHAV:0.25	TIFSGSAV:0.25	IFSGSAVV:0.25	ELPVDGDP:0.25	WGNMTWGH:0.25	GNMTWGHA:0.25	MTWGHAVS:0.25	WGHINIDH:0.25	ISFLIGGG:0.25	FELPVDGD:0.25	GTIFSGSA:0.25	GHINIDHI:0.25	NDTNGMVY:0.25	HPGKTCIN:0.25	KHPGKTCI:0.25	FYQHNPFG:0.25	VREFDIEL:0.25	KGGWGHIN:0.3333333333333333	LFYQHNPF:0.25	GGGKHPGK:0.25	GKTCINLL:0.25	FFECPDLF:0.25	YINFLIGG:0.25	FYTSPDLK:0.25	GKHPGKTC:0.25	INFLIGGG:0.25	GGKHPGKT:0.25	REFDIELA:0.25	PGKTCINL:0.25	YGDWAFSG:0.25	GHINVDHI:0.4166666666666667	NFLIGGGG:0.25	
