cluster number:1
CBM8:6	CBM8:6|GH51:5|GH44:1
DRYPTYYV:0.3333333333333333	SNPGKQTT:0.3333333333333333	EAARTGTG:0.3333333333333333	KQLGVIPD:0.3333333333333333	QNWSWATV:0.3333333333333333	NYGTGTPE:0.3333333333333333	DEAARTGT:0.3333333333333333	GVIPDFVV:0.3333333333333333	TGTPEEAA:0.3333333333333333	QDEAARTG:0.3333333333333333	YGTGTPEE:0.3333333333333333	VNYGTGTP:0.3333333333333333	QLGVIPDF:0.3333333333333333	PHDPVTYA:0.3333333333333333	YSYGIPQD:0.3333333333333333	TTSLVNGL:0.3333333333333333	LGVIPDFV:0.3333333333333333	KQTTSLVN:0.5	RPHDPVTY:0.3333333333333333	NPGKQTTS:0.5	GTGTPEEA:0.3333333333333333	PGKQTTSL:0.5	NWSWATVN:0.5	NGWQNWSW:0.3333333333333333	WSWATVNL:0.3333333333333333	QTTSLVNG:0.3333333333333333	EAAAWVRY:0.3333333333333333	TVNYGTGT:0.3333333333333333	GKQTTSLV:0.5	AAAWVRYA:0.3333333333333333	AAWVRYAN:0.3333333333333333	MKAVDPTI:0.3333333333333333	WWDLRNGP:0.3333333333333333	AMKAVDPT:0.3333333333333333	CWWDLRNG:0.3333333333333333	EAAALVAF:0.3333333333333333	WTCDGAEY:0.3333333333333333	ALVAFFNG:0.3333333333333333	AAALVAFF:0.3333333333333333	AALVAFFN:0.3333333333333333	
