cluster number:90
GT25:7	GT25:7
RVSAVRGS:0.2857142857142857	PILNGDFG:0.2857142857142857	PFPILNGD:0.2857142857142857	GEIGCYMS:0.5714285714285714	ILNGDFGS:0.2857142857142857	ALVLEDDA:0.2857142857142857	LEDDAILT:0.2857142857142857	ERVSAVRG:0.42857142857142855	LVLEDDAI:0.2857142857142857	LPSTTTGQ:0.2857142857142857	DGEIGCYM:0.2857142857142857	DYIKLSHG:0.2857142857142857	NGDFGSEI:0.2857142857142857	LNGDFGSE:0.2857142857142857	VLEDDAIL:0.2857142857142857	KLPSTTTG:0.2857142857142857	NDGEIGCY:0.42857142857142855	WDYIKLSH:0.2857142857142857	EIGCYMSH:0.5714285714285714	LNDGEIGC:0.42857142857142855	FPILNGDF:0.2857142857142857	GDFGSEIN:0.2857142857142857	INLDSSVD:0.2857142857142857	RPIDIDIQ:0.2857142857142857	NLDSSVDR:0.2857142857142857	LDFALILE:0.42857142857142855	FALILEDD:0.42857142857142855	DFALILED:0.42857142857142855	EIGCYLSH:0.2857142857142857	IGCYLSHI:0.2857142857142857	GEIGCYLS:0.2857142857142857	
