cluster number:87
GT25:22	GT25:22
VPALCAQD:0.45454545454545453	DSDWIPAD:0.22727272727272727	TIYQLVPA:0.45454545454545453	LVINLDRS:0.5909090909090909	PALCAQDQ:0.45454545454545453	ALCAQDQF:0.45454545454545453	RLVINLDR:0.3181818181818182	TAEFARIG:0.22727272727272727	NLDRSPDR:0.4090909090909091	KRLVINLD:0.3181818181818182	LDRSPDRL:0.36363636363636365	MKRLVINL:0.3181818181818182	SDWIPADA:0.22727272727272727	DRSPDRLA:0.2727272727272727	LVPALCAQ:0.45454545454545453	YQLVPALC:0.5	QLVPALCA:0.45454545454545453	INLDRSPD:0.4090909090909091	VINLDRSP:0.7272727272727273	IYQLVPAL:0.5	NLDRSPER:0.36363636363636365	LDRSPERL:0.36363636363636365	INLDRSPE:0.36363636363636365	DADVVKLE:0.45454545454545453	ADVVKLET:0.45454545454545453	EIACLHSH:0.2727272727272727	GAVFEDDM:0.2727272727272727	QERDAART:0.22727272727272727	YGAVFEDD:0.36363636363636365	APYGAVFE:0.3181818181818182	RWIADFCR:0.22727272727272727	VKLETFFS:0.2727272727272727	DVVKLETF:0.3181818181818182	VFEDDMVF:0.2727272727272727	CWTIIAQD:0.22727272727272727	KGHPGAGG:0.22727272727272727	RKGHPGAG:0.22727272727272727	AARTASGL:0.22727272727272727	ARTASGLM:0.22727272727272727	RLRKGHPG:0.22727272727272727	ERDAARTA:0.22727272727272727	GHPGAGGY:0.22727272727272727	AGGYLLSR:0.22727272727272727	LGDTSWVP:0.22727272727272727	ACLHSHRA:0.2727272727272727	ACWTIIAQ:0.22727272727272727	LLGDTSWV:0.22727272727272727	FLEATAQV:0.22727272727272727	HRACWTII:0.22727272727272727	GAGGYLLS:0.22727272727272727	PGAGGYLL:0.22727272727272727	SHRACWTI:0.22727272727272727	LRKGHPGA:0.22727272727272727	FEDDMVFS:0.2727272727272727	GALLGDTS:0.22727272727272727	ALLGDTSW:0.22727272727272727	VVKLETFF:0.3181818181818182	LHSHRACW:0.2727272727272727	RDAARTAS:0.22727272727272727	IACLHSHR:0.2727272727272727	PYGAVFED:0.3181818181818182	HSHRACWT:0.22727272727272727	SEIACLHS:0.22727272727272727	AGALLGDT:0.22727272727272727	CLHSHRAC:0.2727272727272727	LCAQDQFV:0.2727272727272727	RACWTIIA:0.22727272727272727	DAARTASG:0.22727272727272727	AVFEDDMV:0.2727272727272727	HPGAGGYL:0.22727272727272727	QPQHAIHA:0.22727272727272727	DEAPYGAV:0.22727272727272727	IIAQDEAP:0.22727272727272727	ADADVVKL:0.2727272727272727	IAQDEAPY:0.22727272727272727	KTIYQLVP:0.3181818181818182	PADADVVK:0.2727272727272727	AQDEAPYG:0.22727272727272727	GKTIYQLV:0.22727272727272727	EAPYGAVF:0.22727272727272727	QDEAPYGA:0.22727272727272727	CLVINLDR:0.2727272727272727	
