cluster number:38
GT25:28	GT25:28
PKIIVISL:0.25	KLLNYAYP:0.39285714285714285	SYPFKKKL:0.25	KIIVISLK:0.25	KPLTLGEI:0.32142857142857145	YLTGLIQK:0.2857142857142857	LTGLIQKT:0.25	PLTLGEIG:0.39285714285714285	EGYRLAHY:0.25	PADYLTGL:0.25	AYLITLSG:0.21428571428571427	YLITLSGA:0.21428571428571427	IGCAISHI:0.25	ESAIILED:0.21428571428571427	IFLDHGKA:0.21428571428571427	FLDHGKAK:0.42857142857142855	IIVISLKN:0.25	LNYAYPIR:0.2857142857142857	IVISLKNS:0.25	GIEPPCVF:0.2857142857142857	SAIILEDD:0.2857142857142857	VISLKNSS:0.25	GYRLAHYR:0.21428571428571427	AIILEDDA:0.7857142857142857	YGIEPPCV:0.2857142857142857	ISLKNSSR:0.2857142857142857	KSYPFKKK:0.25	DYLTGLIQ:0.2857142857142857	HGKAKSYP:0.2857142857142857	DHGKAKSY:0.2857142857142857	SLKNSSRR:0.2857142857142857	EIGCAISH:0.25	ADYLTGLI:0.21428571428571427	TLGEIGCA:0.6428571428571429	LLNYAYPI:0.2857142857142857	LTLGEIGC:0.6785714285714286	IILEDDAI:0.75	LGEIGCAI:0.25	IESAIILE:0.21428571428571427	GEIGCAIS:0.25	RMPSDFLT:0.2857142857142857	YPVRMPSD:0.21428571428571427	EIGCAMSH:0.2857142857142857	FFDAVYGK:0.32142857142857145	ERYRLARY:0.21428571428571427	IGCAMSHI:0.2857142857142857	DAVYGKDL:0.21428571428571427	AYPVRMPS:0.21428571428571427	MPSDFLTG:0.2857142857142857	FDAVYGKD:0.21428571428571427	LGEIGCAM:0.2857142857142857	GEIGCAMS:0.2857142857142857	FFDHGKAK:0.2857142857142857	ILEDDAIV:0.6785714285714286	AYGIEPPC:0.2857142857142857	LEDDAIVS:0.6785714285714286	AYPIRMPS:0.2857142857142857	IRMPSDFL:0.21428571428571427	INAYGIEP:0.2857142857142857	NAYGIEPP:0.21428571428571427	YAYPIRMP:0.2857142857142857	PIRMPSDF:0.21428571428571427	YPIRMPSD:0.2857142857142857	SLKNSPRR:0.25	EFFDAVYG:0.25	ISLKNSPR:0.25	LGLQFEFF:0.21428571428571427	PSKNSKRC:0.21428571428571427	SKNSKRCI:0.21428571428571427	SPSKNSKR:0.21428571428571427	FEFFDAVY:0.25	GYKLVRYR:0.21428571428571427	PPIFVISL:0.21428571428571427	EGYKLVRY:0.21428571428571427	EAIILEDD:0.32142857142857145	EDDAIVSH:0.21428571428571427	ILFLDHGK:0.21428571428571427	EILFLDHG:0.21428571428571427	LFLDHGKA:0.21428571428571427	
