cluster number:81
GT25:6	GT25:6
VLGGQDGL:0.3333333333333333	FLTPSELG:0.3333333333333333	PSELGCFL:0.5	LTPSELGC:0.5	GQDGLKSF:0.3333333333333333	IYVLGGQD:0.3333333333333333	SSSIEAER:0.3333333333333333	QDGLKSFS:0.3333333333333333	RGFLTPSE:0.3333333333333333	AIDGRKLL:0.3333333333333333	DGLKSFSR:0.3333333333333333	TPSELGCF:0.5	GLKSFSRV:0.3333333333333333	GFLTPSEL:0.3333333333333333	GGQDGLKS:0.3333333333333333	YVLGGQDG:0.3333333333333333	LGGQDGLK:0.3333333333333333	SELGCFLS:0.5	GRGFLTPS:0.3333333333333333	FGRGFLTP:0.3333333333333333	IDGRKLLA:0.3333333333333333	ELGCFLSH:0.6666666666666666	LGCFLSHK:0.5	CFLSHKKA:0.5	ILGGQDGL:0.5	YILGGQDG:0.5	VYILGGQD:0.3333333333333333	GCFLSHKK:0.5	HRWIYRTC:0.3333333333333333	WIYRTCCY:0.3333333333333333	YRTCCYLI:0.3333333333333333	THRWIYRT:0.3333333333333333	LGGQDGLN:0.3333333333333333	RWIYRTCC:0.3333333333333333	IYRTCCYL:0.3333333333333333	
