cluster number:99
GT25:7	GT25:7
VVFLQNPY:0.2857142857142857	INLNRRKD:0.2857142857142857	AYIPYGLD:0.2857142857142857	IIRPHPLF:0.2857142857142857	NLNRRKDR:0.2857142857142857	WKNVLILE:0.5714285714285714	IAYIPYGL:0.2857142857142857	GWKNVLIL:0.42857142857142855	KNVLILED:0.7142857142857143	NVLILEDD:0.8571428571428571	VFLQNPYD:0.2857142857142857	SFLLEYLP:0.2857142857142857	FLLEYLPS:0.2857142857142857	IPYGLDMG:0.2857142857142857	YIPYGLDM:0.2857142857142857	GSFLLEYL:0.2857142857142857	VLILEDDI:0.42857142857142855	GYIGCAKS:0.2857142857142857	YIGCAKSH:0.2857142857142857	PGYIGCAK:0.2857142857142857	VLILEDDA:0.2857142857142857	
