cluster number:98
GT25:11	GT25:11
DIALERGW:0.36363636363636365	CLHGPQGS:0.2727272727272727	AGEYGCYR:0.36363636363636365	YVINLDRS:0.5454545454545454	GPQGSAAC:0.6363636363636364	LHGPQGSA:0.2727272727272727	LAGEYGCY:0.36363636363636365	RCLHGPQG:0.2727272727272727	YGCYRSHL:0.5454545454545454	EYGCYRSH:0.7272727272727273	HGPQGSAA:0.6363636363636364	GRCLHGPQ:0.2727272727272727	PQGSAACY:0.6363636363636364	GEYGCYRS:0.7272727272727273	MAIIMEDD:0.2727272727272727	LERGWSTG:0.36363636363636365	GRCMHGPQ:0.36363636363636365	MLLPYDVA:0.2727272727272727	IYVINLDR:0.36363636363636365	DVVGRCMH:0.2727272727272727	QGSAACYI:0.45454545454545453	PGEYGCYR:0.45454545454545453	LNERLIPR:0.2727272727272727	VHYRAVKR:0.36363636363636365	LLPYDVAL:0.2727272727272727	LPYDVALE:0.2727272727272727	AIIMEDDV:0.36363636363636365	CMHGPQGS:0.36363636363636365	MEDDVELN:0.2727272727272727	DVALERGW:0.36363636363636365	SAACYIVN:0.36363636363636365	PMLLPYDV:0.2727272727272727	KLVNHRLV:0.36363636363636365	VINLDRSR:0.36363636363636365	NERLIPRA:0.2727272727272727	PYDVALER:0.2727272727272727	YDVALERG:0.2727272727272727	RLVKLVNH:0.36363636363636365	GWSTGVET:0.36363636363636365	VALERGWS:0.2727272727272727	VELNERLI:0.2727272727272727	LVNHRLVG:0.36363636363636365	DVELNERL:0.2727272727272727	LPGEYGCY:0.36363636363636365	TTIGKRVH:0.36363636363636365	ERGWSTGV:0.36363636363636365	ELNERLIP:0.2727272727272727	AACYIVNR:0.36363636363636365	TLKPMLLP:0.2727272727272727	LKPMLLPY:0.36363636363636365	KPMLLPYD:0.36363636363636365	VGRCMHGP:0.36363636363636365	MHGPQGSA:0.36363636363636365	ENDVVGRC:0.2727272727272727	IMEDDVEL:0.36363636363636365	KRVHYRAV:0.36363636363636365	LLPGEYGC:0.2727272727272727	LVKLVNHR:0.36363636363636365	IIMEDDVE:0.36363636363636365	RGWSTGVE:0.36363636363636365	HYRAVKRH:0.36363636363636365	DDVELNER:0.2727272727272727	VNHRLVGF:0.36363636363636365	IGKRVHYR:0.36363636363636365	EDDVELNE:0.2727272727272727	RCMHGPQG:0.36363636363636365	YHNGRKLL:0.36363636363636365	NDVVGRCM:0.2727272727272727	GSAACYIV:0.45454545454545453	GARLVKLV:0.36363636363636365	VKLVNHRL:0.36363636363636365	NHRLVGFK:0.36363636363636365	TIGKRVHY:0.36363636363636365	GKRVHYRA:0.36363636363636365	VVGRCMHG:0.2727272727272727	WSTGVETF:0.36363636363636365	KMAIIMED:0.2727272727272727	RVHYRAVK:0.36363636363636365	ARLVKLVN:0.36363636363636365	ALERGWST:0.36363636363636365	HRLVGFKP:0.2727272727272727	NLDRSRER:0.2727272727272727	INLDRSRE:0.2727272727272727	
