cluster number:68
GT25:6	GT25:6
IEPACAVQ:0.3333333333333333	VACYFSHQ:0.3333333333333333	AGAAAYVL:0.3333333333333333	DKAGAAAY:0.3333333333333333	QSYQIEPA:0.3333333333333333	QPALILED:0.3333333333333333	ALILEDDV:0.5	TEVACYFS:0.5	GAAAYVLY:0.3333333333333333	YQDKAGAA:0.3333333333333333	KTEVACYF:0.3333333333333333	LADAHLHN:0.3333333333333333	GIALADAH:0.5	QDKAGAAA:0.3333333333333333	QKTEVACY:0.3333333333333333	KAGAAAYV:0.3333333333333333	IALADAHL:0.3333333333333333	YQIEPACA:0.3333333333333333	LYQDKAGA:0.3333333333333333	NQPALILE:0.3333333333333333	EVACYFSH:0.5	PALILEDD:0.3333333333333333	LQSYQIEP:0.3333333333333333	AAAYVLYP:0.3333333333333333	ADAHLHNC:0.3333333333333333	SYQIEPAC:0.3333333333333333	ALADAHLH:0.3333333333333333	QIEPACAV:0.3333333333333333	YPNGAKKL:0.3333333333333333	ILEDDVLL:0.3333333333333333	LILEDDVL:0.3333333333333333	LYPNGAKK:0.3333333333333333	ILEDDALL:0.5	RLYQDRTG:0.3333333333333333	LILEDDAL:0.5	LYQDRTGA:0.3333333333333333	LEDDALLS:0.3333333333333333	YQDRTGAA:0.3333333333333333	FPSGARKL:0.3333333333333333	LFPSGARK:0.3333333333333333	YVLFPSGA:0.3333333333333333	RMGWRQLS:0.3333333333333333	PSGARKLL:0.3333333333333333	AAYVLFPS:0.3333333333333333	AYVLFPSG:0.3333333333333333	VLFPSGAR:0.3333333333333333	
