cluster number:72
GT25:6	GT25:6
KERTDKRD:0.6666666666666666	STALILED:0.3333333333333333	CWRAHMNA:0.5	EHIYAIGL:0.3333333333333333	ILEDDADW:0.5	IYAIGLKE:0.5	FEHIYAIG:0.3333333333333333	GCCTYGYA:0.3333333333333333	DADWDVNI:0.3333333333333333	CTYGYAVT:0.3333333333333333	YSTRLNIH:0.3333333333333333	YAIGLKER:0.5	ILWVGGCA:0.3333333333333333	LWVGGCAS:0.3333333333333333	LGFEHIYA:0.3333333333333333	APYGTNWD:0.3333333333333333	STRLNIHR:0.3333333333333333	GFEHIYAI:0.3333333333333333	LKERTDKR:0.3333333333333333	YGTNWDIL:0.3333333333333333	HIYAIGLK:0.5	LEDDADWD:0.8333333333333334	RTDKRDFL:0.5	GTNWDILW:0.3333333333333333	PYGTNWDI:0.3333333333333333	LILEDDAD:0.5	GLKERTDK:0.5	TLGFEHIY:0.3333333333333333	TRLNIHRL:0.3333333333333333	YSTALILE:0.3333333333333333	QLREFARG:0.3333333333333333	IGLKERTD:0.5	GCWRAHMN:0.5	DILWVGGC:0.3333333333333333	DDADWDVN:0.3333333333333333	ALILEDDA:0.5	IGCWRAHM:0.3333333333333333	RLNIHRLV:0.3333333333333333	STRFIYRA:0.5	GPLDSWKE:0.3333333333333333	WRAHMNAL:0.5	TNWDILWV:0.3333333333333333	WDILWVGG:0.3333333333333333	NWDILWVG:0.3333333333333333	ETQFYAIP:0.3333333333333333	NETQFYAI:0.3333333333333333	EDDADWDV:1.0	LNIHRLVA:0.3333333333333333	ERTDKRDF:0.5	TALILEDD:0.5	AIGLKERT:0.5	CCTYGYAV:0.3333333333333333	NIHRLVAG:0.3333333333333333	NETLGFQH:0.3333333333333333	AGEETVYS:0.5	FQHIYAIG:0.3333333333333333	TLGFQHIY:0.3333333333333333	ETLGFQHI:0.3333333333333333	PFPNLIGT:0.5	APFPNLIG:0.3333333333333333	VAGEETVY:0.3333333333333333	DDADWDVS:0.3333333333333333	DADWDVSL:0.3333333333333333	LVAGEETV:0.3333333333333333	MKERTDKR:0.3333333333333333	GEETVYSQ:0.5	LGFQHIYA:0.3333333333333333	GFQHIYAI:0.3333333333333333	EETVYSQW:0.5	WNMVYSTR:0.3333333333333333	LLWIGGCA:0.3333333333333333	WDLLWIGG:0.5	DLLWIGGC:0.5	LVLEDDAD:0.3333333333333333	VLEDDADW:0.3333333333333333	PNLIGTYR:0.3333333333333333	EDSTRFIY:0.3333333333333333	FPNLIGTY:0.3333333333333333	TDKRDFLT:0.3333333333333333	TDWDLLWI:0.3333333333333333	TRFIYRAE:0.3333333333333333	YSTRRNIH:0.3333333333333333	GTDWDLLW:0.3333333333333333	VYSTRRNI:0.3333333333333333	YGTDWDLL:0.3333333333333333	PYGTDWDL:0.3333333333333333	DSTRFIYR:0.3333333333333333	DWDLLWIG:0.3333333333333333	APYGTDWD:0.3333333333333333	
