cluster number:2
GH7:32	GH7:32|3.2.1.4:8
YEKDVGVT:0.25	QPNLKVTW:0.21875	GHVVVFSL:0.28125	DGGNAGPC:0.5	NCVDGDCC:0.25	LYTVEMPA:0.28125	AALYTVEM:0.59375	DYEKDVGV:0.28125	GGNAGPCT:0.4375	FTYTVDMS:0.40625	EFDIQEAS:0.5625	EKDVGVTV:0.25	VVFSLWDS:0.21875	KEFTYTVD:0.40625	MSWMDGGN:0.5	KVTWSNVK:0.25	NLKVTWSN:0.40625	RGHVVVFS:0.28125	GYNPYRDS:0.53125	SGCGYNPY:0.6875	ANCVDGDC:0.21875	TSGCGYNP:0.46875	NAALYTVE:0.59375	YGYGYCDA:0.34375	PNLKVTWS:0.59375	GYGYCDAN:0.375	MDGGNAGP:0.40625	CDANCVDG:0.5	GCDTSGCG:0.5	GKEFTYTV:0.5	GVTVSGGT:0.21875	WMDGGNAG:0.5	DTSGCGYN:0.5625	YGYCDANC:0.34375	GYCDANCV:0.53125	VGVTVSGG:0.21875	VVVFSLWD:0.28125	AGPCTSYN:0.28125	CGYNPYRD:0.71875	VGKEFTYT:0.34375	YTVDMSQI:0.25	YCDANCVD:0.5	HVVVFSLW:0.28125	PVTIVTQF:0.28125	EFTYTVDM:0.40625	LKVTWSNV:0.25	SWMDGGNA:0.5	GCGYNPYR:0.71875	ALYTVEMP:0.34375	GMSWMDGG:0.5	NAGPCTSY:0.375	CDTSGCGY:0.5625	GNAGPCTS:0.375	SEIPCGVN:0.25	PVTVVTQF:0.375	CGVNAALY:0.6875	IPCGVNAA:0.46875	GVNAALYT:0.625	VIGSRLYI:0.25	EIPCGVNA:0.25	ANCVDGGC:0.21875	DANCVDGG:0.21875	CPEFDIQE:0.3125	PCGVNAAL:0.46875	VNAALYTV:0.5625	DIQEASSK:0.4375	PEFDIQEA:0.3125	FDIQEASS:0.4375	KPVTVVTQ:0.21875	CCPEFDIQ:0.3125	LSQRLVSK:0.25	NCVDGGCC:0.21875	FGDIDSTY:0.5	TWSNIKFG:0.25	KTFWAVGG:0.28125	VDMSQIPC:0.21875	DKTFWAVG:0.28125	DGMSWMDG:0.375	TVDMSQIP:0.21875	FWAVGGKV:0.28125	NIKFGDID:0.25	VGGKVDVS:0.28125	GFLVHDKH:0.21875	GKVDVSKP:0.21875	IKRKYVQG:0.21875	KVDVSKPV:0.21875	VTWSNIKF:0.25	WAVGGKVD:0.28125	KCTKAGCT:0.25	KFGDIDST:0.40625	WSNIKFGD:0.3125	SNIKFGDI:0.25	LKVTWSNI:0.21875	AVGGKVDV:0.28125	GGKVDVSK:0.21875	IKFGDIDS:0.21875	KVTWSNIK:0.25	KRKYVQGG:0.25	IDYEKDVG:0.21875	VDVSKPVT:0.21875	RKYVQGGK:0.25	TFWAVGGK:0.28125	CAEFDIQE:0.25	HVLVFSLW:0.46875	VLVFSLWD:0.4375	AEFDIQEA:0.25	LVFSLWDS:0.28125	GHVLVFSL:0.46875	RGHVLVFS:0.25	SLWDSDGM:0.34375	ASSKAMVF:0.21875	QEASSKAM:0.28125	IQEASSKA:0.40625	DMSEIPCG:0.21875	MSEIPCGV:0.21875	YTVDMSEI:0.34375	WDSDGMSW:0.25	TYTVDMSE:0.21875	VFSLWDSD:0.375	LWDSDGMS:0.25	FSLWDSDG:0.34375	SDGMSWMD:0.21875	TVDMSEIP:0.25	KKVIGSRL:0.21875	KVIGSRLY:0.375	VDMSEIPC:0.25	EASSKAMV:0.28125	SSKAMVFT:0.21875	GVTVSADG:0.21875	VTQFVGSG:0.21875	VGVTVSAD:0.21875	RLYVQGGK:0.28125	QIPCGVNA:0.21875	DSSGCGYN:0.25	SSGCGYNP:0.25	VIGSRLYL:0.21875	CDSSGCGY:0.25	VTVVTQFV:0.28125	VDGDCCPE:0.21875	CVDGDCCP:0.21875	
