cluster number:0
GH7:4968	GH7:4968|CBM1:117|3.2.1.176:51|3.2.1.132:2
DVDVSNLP:0.2713365539452496	NCALDGAD:0.3250805152979066	TNKAGAKY:0.2753623188405797	VDVSNLPC:0.27616747181964574	LPCGLNGA:0.7326892109500805	FDVDVSNL:0.2928743961352657	NLPCGLNG:0.3506441223832528	CPRDLKFI:0.2713365539452496	PCGLNGAL:0.678341384863124	FTFDVDVS:0.643317230273752	TFDVDVSN:0.2960950080515298	GADYSGTY:0.26851851851851855	CALDGADY:0.34561191626409016	EFTFDVDV:0.6475442834138486	CDSQCPRD:0.23752012882447665	CGLNGALY:0.749597423510467	ADYSGTYG:0.26992753623188404	NKAGAKYG:0.7196054750402576	SNLPCGLN:0.3419887278582931	DVSNLPCG:0.2811996779388084	QCPRDLKF:0.2727455716586151	YCDSQCPR:0.23711755233494364	VSNLPCGL:0.2648953301127214	DGADYSGT:0.2534219001610306	GYCDSQCP:0.4082125603864734	PRDLKFIN:0.21698872785829307	GTGYCDAQ:0.4321658615136876	AKYGTGYC:0.7421497584541062	KYGTGYCD:0.7431561996779388	YGTGYCDA:0.42391304347826086	CCAEMDIW:0.2139694041867955	AGAKYGTG:0.7711352657004831	QEFTFDVD:0.42089371980676327	KAGAKYGT:0.7065217391304348	NQEFTFDV:0.3615136876006441	GAKYGTGY:0.7419484702093397	GYCDAQCP:0.4575281803542673	TGYCDAQC:0.4309581320450886	RDLKFING:0.21960547504025765	GTYGITTS:0.21578099838969403	GLNGALYF:0.6028582930756844	DYSGTYGI:0.2997181964573269	GTGYCDSQ:0.3633252818035427	TYGITTSG:0.26529790660225444	NVGSRVYL:0.20128824476650564	YSGTYGIT:0.21598228663446054	TGYCDSQC:0.3617149758454106	LNQEFTFD:0.23027375201288244	YGTGYCDS:0.34802737520128824	NIGSRVYL:0.21457326892109502	LNGALYFV:0.40499194847020936	SGNALTLK:0.2071256038647343	YGITTSGN:0.26187600644122383	GNALTLKF:0.21638486312399355	
