cluster number:0
CBM54:12	CBM54:12|GH18:1|3.2.1.14:1
TVGSSLRL:0.3333333333333333	GSSLRLEA:0.3333333333333333	SSLRLEAL:0.3333333333333333	QSKRIEGF:0.3333333333333333	GTVGQSKR:0.3333333333333333	GTVGSSLR:0.3333333333333333	KRIEGFEI:0.25	GEYAGTRG:0.25	QLGTVGSS:0.25	LGTVGSSL:0.3333333333333333	SKRIEGFE:0.3333333333333333	LRIEAIKI:0.25	GQSKRIEG:0.3333333333333333	VGQSKRIE:0.3333333333333333	VTLNNVTV:0.25	NSIHINGG:0.5	IGTVGQSK:0.3333333333333333	RIEGFEIK:0.25	VGSSLRLE:0.3333333333333333	TVGQSKRI:0.3333333333333333	GNVTLNNI:0.25	VGDGNVTL:0.25	DGNVTLNN:0.25	GDGNVTLN:0.25	VRGGGKNS:0.3333333333333333	RGGGKNSI:0.3333333333333333	GGGKNSIH:0.3333333333333333	GGKNSIHI:0.25	IHINGGDY:0.25	SIHINGGD:0.25	DKAGTYGP:0.4166666666666667	YDKAGTYG:0.4166666666666667	GTYGPASG:0.25	
