cluster number:45
GT51:93	GT51:93
RYLNIAYF:0.34408602150537637	ERYLNIAY:0.44086021505376344	QGGSTLTQ:0.3225806451612903	LTQQYVKQ:0.20430107526881722	YLNIAYFG:0.5053763440860215	AAMLAGLV:0.20430107526881722	TLTQQYVK:0.3870967741935484	GFQAGSTF:0.44086021505376344	LERYLNIA:0.44086021505376344	FQAGSTFK:0.44086021505376344	ILERYLNI:0.46236559139784944	STLTQQYV:0.3870967741935484	QILERYLN:0.21505376344086022	TQQYVKQV:0.23655913978494625	GGSTLTQQ:0.3763440860215054	PQAGKTGT:0.25806451612903225	AGSTFKAF:0.3118279569892473	GSTFKAFT:0.25806451612903225	GSTLTQQY:0.3333333333333333	QAGSTFKA:0.34408602150537637	SVNTYFVQ:0.23655913978494625	YLNIAYYG:0.23655913978494625	VNTYFVQL:0.23655913978494625	GAYGVEAA:0.20430107526881722	NTYFVQLE:0.20430107526881722	LAGLVQNP:0.3118279569892473	AYGVEAAA:0.23655913978494625	AGKTGTTD:0.44086021505376344	AAGKTGTT:0.22580645161290322	PAAGKTGT:0.25806451612903225	RPAAGKTG:0.23655913978494625	IAYYGDGA:0.20430107526881722	MLAGLVQN:0.25806451612903225	YYGDGAYG:0.20430107526881722	GDGAYGVE:0.2903225806451613	LNIAYYGD:0.20430107526881722	NIAYYGDG:0.20430107526881722	AMLAGLVQ:0.3118279569892473	AYYGDGAY:0.20430107526881722	LNIAYFGD:0.2903225806451613	YFGDGAYG:0.3225806451612903	IAYFGDGA:0.26881720430107525	AYFGDGAY:0.3118279569892473	FGDGAYGV:0.22580645161290322	NIAYFGDG:0.27956989247311825	GGSSITQQ:0.34408602150537637	SSITQQYV:0.3010752688172043	QGGSSITQ:0.3333333333333333	SITQQYVK:0.3010752688172043	GSSITQQY:0.26881720430107525	GRPAAGKT:0.22580645161290322	IGRPAAGK:0.22580645161290322	EILERYLN:0.23655913978494625	
