cluster number:90
GT51:14	GT51:14
KDQILEMY:0.21428571428571427	LSLTLGGG:0.42857142857142855	LTQQLVKN:0.2857142857142857	TTLDLDLQ:0.21428571428571427	AMVGSKDY:0.21428571428571427	MVGSKDYF:0.2857142857142857	LTLGGGEV:0.42857142857142855	TLTQQLVK:0.2857142857142857	TLDLDLQE:0.21428571428571427	AGLPQSPT:0.21428571428571427	STLTQQLV:0.2857142857142857	VKTGTTND:0.35714285714285715	EILAMVGS:0.35714285714285715	TGEILAMV:0.42857142857142855	DQILEMYL:0.21428571428571427	GEILAMVG:0.42857142857142855	GGSTLTQQ:0.5	NYGLSLTL:0.21428571428571427	ILAMVGSK:0.35714285714285715	YGLSLTLG:0.21428571428571427	SKDQILEM:0.21428571428571427	STGEILAM:0.21428571428571427	GLSLTLGG:0.42857142857142855	PGSSIKPI:0.21428571428571427	TLGGGEVR:0.2857142857142857	PTRYSPFG:0.21428571428571427	QILEMYLN:0.2857142857142857	PSTGEILA:0.21428571428571427	QPGSSIKP:0.42857142857142855	GSTLTQQL:0.42857142857142855	RQPGSSIK:0.5	LAMVGSKD:0.21428571428571427	SLTLGGGE:0.42857142857142855	QQLVKNVL:0.21428571428571427	QGGSTLTQ:0.21428571428571427	GNNDNSPM:0.2857142857142857	WVGNNDNS:0.35714285714285715	QLVKNVLL:0.21428571428571427	TQQLVKNV:0.2857142857142857	AIEDKNFY:0.21428571428571427	LVKNVLLT:0.21428571428571427	AVKTGTTN:0.42857142857142855	EDKNFYKH:0.21428571428571427	VAVKTGTT:0.42857142857142855	ATVAIEDK:0.2857142857142857	QPGSAIKP:0.21428571428571427	LAGLPQSP:0.21428571428571427	QVAVKTGT:0.2857142857142857	RQPGSAIK:0.21428571428571427	VGNNDNSP:0.2857142857142857	LRQPGSSI:0.2857142857142857	TLGGGEVK:0.21428571428571427	QLVKNALL:0.21428571428571427	GSTITQQL:0.5	TITQQLVK:0.35714285714285715	QGGSTITQ:0.35714285714285715	ITQQLVKN:0.2857142857142857	STITQQLV:0.35714285714285715	GGSTITQQ:0.5	TQQLVKNA:0.21428571428571427	SGITGAAP:0.21428571428571427	GITGAAPI:0.21428571428571427	ITGAAPIW:0.21428571428571427	LQGGSTIT:0.21428571428571427	QQLVKNAL:0.21428571428571427	LMNRNNTG:0.21428571428571427	GVWVGNND:0.35714285714285715	RQPGSSFK:0.21428571428571427	QLAKNTLL:0.21428571428571427	VWVGNNDN:0.35714285714285715	AVKTGTTD:0.2857142857142857	NRNNTGIV:0.21428571428571427	RLMNRNNT:0.21428571428571427	ALIASEDK:0.21428571428571427	TQQLAKNT:0.21428571428571427	QQLAKNTL:0.21428571428571427	ALGSAEVP:0.21428571428571427	MNRNNTGI:0.21428571428571427	RNNTGIVL:0.21428571428571427	WVGNNDNT:0.2857142857142857	QPGSSFKP:0.21428571428571427	DAWTIGYT:0.21428571428571427	VKTGTTDD:0.2857142857142857	ERLMNRNN:0.21428571428571427	LALGSAEV:0.21428571428571427	LGSAEVPL:0.21428571428571427	VGVWVGNN:0.2857142857142857	RFGLSLTL:0.21428571428571427	APHFVMYV:0.21428571428571427	FGLSLTLG:0.21428571428571427	ALLAGLPQ:0.21428571428571427	ITGASPIW:0.21428571428571427	ASGITGAS:0.21428571428571427	GITGASPI:0.21428571428571427	SGITGASP:0.21428571428571427	AALLAGLP:0.21428571428571427	VASGITGA:0.21428571428571427	EAALLAGL:0.21428571428571427	
