cluster number:126
GT51:265	GT51:265
STITQQLA:0.8	RMGAAELP:0.30566037735849055	RRMGAAEL:0.3018867924528302	KRAIIASE:0.21132075471698114	TITQQLAK:0.5811320754716981	AARLAVML:0.33962264150943394	QQLAKNLF:0.5056603773584906	ARLAVMLP:0.5924528301886792	LKRAIIAS:0.21132075471698114	GSTITQQL:0.7962264150943397	TQQLAKNL:0.5886792452830188	QLAKNLFL:0.5056603773584906	ITQQLAKN:0.5811320754716981	AGGSTITQ:0.22641509433962265	RAIIASED:0.21132075471698114	NLKRAIIA:0.20754716981132076	AKNLFLSG:0.2679245283018868	LAKNLFLS:0.4867924528301887	GGSTITQQ:0.8188679245283019	VAGGSTIT:0.22641509433962265	RIFEIYLN:0.39622641509433965	GVFGAEAA:0.3849056603773585	ISRNLKRA:0.39245283018867927	IVAGGSTI:0.2037735849056604	KRAVIASE:0.4075471698113208	LKRAVIAS:0.4	NLKRAVIA:0.24528301886792453	VFGAEAAA:0.35471698113207545	RAVIASED:0.41509433962264153	ARRMGAAE:0.28679245283018867	IARRMGAA:0.3433962264150943	AILQAWEK:0.22641509433962265	QSARLAVM:0.24150943396226415	SARLAVML:0.24528301886792453	KERIFEIY:0.29056603773584905	QLARNLFL:0.2792452830188679	LARNLFLS:0.2792452830188679	TQQLARNL:0.2188679245283019	DKERIFEI:0.2792452830188679	IRKGQELI:0.21132075471698114	VIARRMGA:0.27547169811320754	YIRKGQEL:0.24150943396226415	ERIFEIYL:0.29056603773584905	ITQQLARN:0.2188679245283019	SYIRKGQE:0.24528301886792453	DAILQAWE:0.2679245283018868	IFEIYLNS:0.3283018867924528	AVIASEDA:0.29056603773584905	FEIYLNSV:0.35471698113207545	EIYLNSVE:0.5849056603773585	LIITWMLE:0.23018867924528302	TITQQLAR:0.2188679245283019	IASEDADF:0.2	ILQAWEKN:0.22641509433962265	IITWMLET:0.2188679245283019	KGQELIIT:0.28679245283018867	QQLARNLF:0.2792452830188679	QELIITWM:0.23018867924528302	ELIITWML:0.23018867924528302	GQELIITW:0.23018867924528302	RKGQELII:0.28679245283018867	DQISRNLK:0.2528301886792453	WVPYDQIS:0.2188679245283019	PYDQISRN:0.20754716981132076	YDQISRNL:0.2528301886792453	VYGAEAAA:0.24150943396226415	VPYDQISR:0.20754716981132076	AEAAARYY:0.21132075471698114	GVYGAEAA:0.24150943396226415	GAEAAARY:0.21132075471698114	IYLNSVEW:0.5056603773584906	YLNSVEWG:0.5018867924528302	QISRNLKR:0.2943396226415094	LNSVEWGE:0.2641509433962264	NSVEWGEG:0.2641509433962264	IASEDANF:0.2188679245283019	YLRKGQEL:0.25660377358490566	FGAEAAAQ:0.2641509433962264	RGGSTITQ:0.37735849056603776	GAEAAAQH:0.2037735849056604	AEAAAQHY:0.2037735849056604	RILEIYLN:0.2943396226415094	WGEGVFGA:0.28679245283018867	EWGEGVFG:0.27169811320754716	VEWGEGVF:0.26037735849056604	EGVFGAEA:0.21509433962264152	GEGVFGAE:0.21509433962264152	
