cluster number:64
GH32:71	GH32:71|CBM38:15|3.2.1.80:1
YFVGDFDG:0.29577464788732394	QAQSLAYS:0.4225352112676056	WLNDPNGL:0.4084507042253521	VWGNMSWG:0.2676056338028169	GQYFVGDF:0.2112676056338028	FGPANATG:0.28169014084507044	QYFVGDFD:0.29577464788732394	GGVWECPD:0.2112676056338028	MSWGHATS:0.647887323943662	VWECPDLF:0.22535211267605634	GPANATGG:0.28169014084507044	TWLNDPNG:0.29577464788732394	WVMVAVEA:0.29577464788732394	NVWGNMSW:0.2535211267605634	NMSWGHAT:0.5915492957746479	LVAIYTSA:0.2676056338028169	GNMSWGHA:0.6619718309859155	WGNMSWGH:0.647887323943662	LNDPNGLV:0.29577464788732394	QSLAYSTD:0.2112676056338028	GAVAGGSG:0.2535211267605634	NPGAVAGG:0.2535211267605634	FRDPKVFW:0.2535211267605634	PGAVAGGS:0.2535211267605634	YYAAVSFS:0.23943661971830985	GRDYYAAV:0.323943661971831	VAGGSGGQ:0.2535211267605634	AGGSGGQY:0.2676056338028169	AVAGGSGG:0.22535211267605634	GGSGGQYF:0.28169014084507044	WMNNWDYA:0.30985915492957744	FRDPKVFR:0.29577464788732394	SGGQYFVG:0.23943661971830985	DYYAAVSF:0.323943661971831	WGRDYYAA:0.28169014084507044	RDYYAAVS:0.30985915492957744	LDWGRDYY:0.30985915492957744	GWMNNWDY:0.352112676056338	MNNWDYAN:0.23943661971830985	WECPDLFP:0.4788732394366197	DWGRDYYA:0.30985915492957744	CSVEVFAQ:0.22535211267605634	SWGHATST:0.30985915492957744	ECPDLFPL:0.4507042253521127	WGHATSTD:0.29577464788732394	WLDWGRDY:0.30985915492957744	RDPKVFRY:0.2676056338028169	GSGGQYFV:0.23943661971830985	GHATSTDL:0.29577464788732394	FSGSVVVD:0.22535211267605634	WMNDPNGL:0.28169014084507044	NWMNDPNG:0.3380281690140845	NDPNGLVY:0.2676056338028169	MNDPNGLV:0.2535211267605634	DLFPLAVD:0.2112676056338028	LFPLAVDG:0.2112676056338028	CPDLFPLA:0.2535211267605634	PDLFPLAV:0.2112676056338028	RDPKVFWY:0.22535211267605634	SVEVFAQD:0.22535211267605634	VEVFAQDG:0.22535211267605634	
