cluster number:54
GH32:66	GH32:66|2.4.1.-:1|3.2.1.80:1|CBM38:1
GSAVIDVN:0.21212121212121213	VVAIYTLN:0.3484848484848485	SGSAVIDV:0.21212121212121213	NTSGFFPN:0.3787878787878788	VAIYTLNT:0.2727272727272727	DVNNTSGF:0.3484848484848485	TWHLYYQY:0.2727272727272727	TSGFFPNQ:0.36363636363636365	YNPTATVA:0.21212121212121213	YQYNPTAT:0.21212121212121213	IDVNNTSG:0.21212121212121213	QYNPTATV:0.21212121212121213	GFFPNQTN:0.24242424242424243	WHLYYQYN:0.3181818181818182	PTATVAGN:0.21212121212121213	VIDVNNTS:0.24242424242424243	NQTNGVVA:0.21212121212121213	SGFFPNQT:0.30303030303030304	FSGSAVID:0.2878787878787879	NNTSGFFP:0.7575757575757576	VNNTSGFF:0.3484848484848485	GTWHLYYQ:0.2727272727272727	GVVAIYTL:0.5454545454545454	HLYYQYNP:0.7272727272727273	YYQYNPTA:0.3787878787878788	AVIDVNNT:0.21212121212121213	NPTATVAG:0.21212121212121213	SAVIDVNN:0.21212121212121213	NGVVAIYT:0.48484848484848486	LYYQYNPT:0.6363636363636364	FSGSAVVD:0.3484848484848485	AGNQHWGH:0.803030303030303	NQHWGHAT:0.803030303030303	GNQHWGHA:0.8181818181818182	QHWGHATS:0.7878787878787878	VAGNQHWG:0.7424242424242424	HWGHATSK:0.21212121212121213	YHLYYQYN:0.3939393939393939	WGHATSKD:0.21212121212121213	TYHLYYQY:0.21212121212121213	QDNGVVAI:0.21212121212121213	NTSGFFPD:0.36363636363636365	VVDVNNTS:0.22727272727272727	DNGVVAIY:0.21212121212121213	VDVNNTSG:0.22727272727272727	SGFFPDQD:0.3333333333333333	TSGFFPDQ:0.3484848484848485	TVAGNQHW:0.2878787878787879	SRDGGYTF:0.22727272727272727	YSRDGGYT:0.22727272727272727	NPGAPLGG:0.3939393939393939	LYHWTNQP:0.21212121212121213	YHWTNQPI:0.21212121212121213	DLYHWTNQ:0.24242424242424243	PGAPLGGS:0.42424242424242425	MNDPNGLF:0.21212121212121213	FMNDPNGL:0.25757575757575757	WTNQPIAL:0.21212121212121213	HWTNQPIA:0.21212121212121213	WASNWQYT:0.2727272727272727	DNYAGQFF:0.21212121212121213	KDNYAGQF:0.21212121212121213	NQPIALFP:0.21212121212121213	SINPGAPL:0.21212121212121213	INPGAPLG:0.21212121212121213	NGTWHLYY:0.22727272727272727	
