cluster number:63
GH29:45	GH29:45|GH88:1|GH117:1
GGNYLLNI:0.28888888888888886	DIAVLWWD:0.24444444444444444	GDIAVLWW:0.24444444444444444	GDTKTPEQ:0.24444444444444444	DWETCMTM:0.28888888888888886	ITAKHHDG:0.4888888888888889	IAVLWWDT:0.24444444444444444	WETCMTMN:0.35555555555555557	ARFGMFIH:0.4	AKDAGMKY:0.3111111111111111	NYLLNIGP:0.28888888888888886	KGGNYLLN:0.6222222222222222	AVLWWDTP:0.28888888888888886	NLVDIASK:0.2222222222222222	LVDIASKG:0.26666666666666666	DIASKGGN:0.4666666666666667	REARFGMF:0.2	IITAKHHD:0.2	YLLNIGPK:0.2222222222222222	TAKHHDGF:0.6	MFIHWGVY:0.26666666666666666	ASKGGNYL:0.4666666666666667	LIRNLVDI:0.2	YGDIAVLW:0.26666666666666666	GNYLLNIG:0.28888888888888886	KHHDGFAL:0.5777777777777777	VDIASKGG:0.26666666666666666	FGMFIHWG:0.5111111111111111	EARFGMFI:0.28888888888888886	GMFIHWGV:0.26666666666666666	HHDGFALF:0.4888888888888889	IASKGGNY:0.4222222222222222	AKHHDGFA:0.5333333333333333	WWREARFG:0.26666666666666666	SKGGNYLL:0.6	RFGMFIHW:0.3111111111111111	WREARFGM:0.2	KHHDGFAM:0.24444444444444444	WDTPTNMT:0.2222222222222222	GAEWIMNR:0.2222222222222222	ITNDRLKR:0.26666666666666666	QDWNNPGG:0.2222222222222222	GGAEWIMN:0.2222222222222222	ETCMTMNG:0.24444444444444444	PGDTKTPE:0.2222222222222222	SQAQDWNN:0.2222222222222222	MTMNGTWG:0.2	NFPGDTKT:0.2222222222222222	YSQAQDWN:0.2222222222222222	DTKTPEQK:0.2222222222222222	TCMTMNGT:0.2	PNFPGDTK:0.2222222222222222	YYSQAQDW:0.4	KDLLKPLA:0.2	NYGDIAVL:0.24444444444444444	QAQDWNNP:0.2222222222222222	FPGDTKTP:0.2222222222222222	VLWWDTPT:0.2222222222222222	FYYSQAQD:0.37777777777777777	RGGAEWIM:0.2222222222222222	TNDRLKRP:0.26666666666666666	KRPNFPGD:0.2222222222222222	IITNDRLK:0.26666666666666666	AQDWNNPG:0.2222222222222222	KTPEQKIP:0.24444444444444444	TKTPEQKI:0.2	MAKDAGMK:0.2222222222222222	GFYYSQAQ:0.37777777777777777	LKRPNFPG:0.2222222222222222	LWWDTPTN:0.2222222222222222	LGFYYSQA:0.35555555555555557	RPNFPGDT:0.2222222222222222	CMTMNGTW:0.2	DRLKRPNF:0.24444444444444444	DTPTNMTD:0.2222222222222222	RLKRPNFP:0.2222222222222222	KLGFYYSQ:0.3111111111111111	WWDTPTNM:0.2222222222222222	NDRLKRPN:0.26666666666666666	GNYLLNVG:0.3333333333333333	GGNYLLNV:0.35555555555555557	NYLLNVGP:0.3333333333333333	AGMKYIVI:0.3333333333333333	GMKYIVIT:0.35555555555555557	YIVITAKH:0.2222222222222222	IVITAKHH:0.2222222222222222	KYIVITAK:0.2	VITAKHHD:0.28888888888888886	VITSKHHD:0.24444444444444444	TSKHHDGF:0.28888888888888886	ITSKHHDG:0.26666666666666666	FIHWGLYA:0.2	SKHHDGFA:0.28888888888888886	GMFIHWGL:0.2	MFIHWGLY:0.2	
