cluster number:40
GH29:12	GH29:12|CBM13:1|CBM32:1
GMFIHWGP:0.6666666666666666	NLLLNVGP:0.4166666666666667	GNLLLNVG:0.4166666666666667	HDGFCLWD:0.25	HHDGFCLW:0.75	FGMFIHWG:0.6666666666666666	RFGMFIHW:0.5833333333333334	LLLNVGPM:0.4166666666666667	HDGFCLWP:0.5	AWVKTAKD:0.25	ITAKHHDG:0.4166666666666667	VGPMPDGR:0.3333333333333333	KTAKDAGM:0.4166666666666667	NLLFNVGP:0.3333333333333333	FTVLDWHD:0.25	AKDAGMKY:0.5	DGFCLWPT:0.5	GNGNLLFN:0.3333333333333333	LLFNVGPM:0.3333333333333333	WETCMTIC:0.3333333333333333	RGTEIGWS:0.5	PVTLRGTE:0.25	PYMLWFDG:0.3333333333333333	HWGPVTLR:0.25	WGPVTLRG:0.25	TAKDAGMK:0.4166666666666667	AKHHDGFC:0.3333333333333333	GGNGNLLF:0.3333333333333333	KFCIYFTV:0.25	TAGGNGNL:0.4166666666666667	KTAGGNGN:0.25	TAKHHDGF:0.5	QWAWKPND:0.4166666666666667	NGNLLFNV:0.3333333333333333	LRGTEIGW:0.5	KHHDGFCL:0.5833333333333334	VTLRGTEI:0.25	YFTVLDWH:0.25	GPVTLRGT:0.25	MFIHWGPV:0.5833333333333334	GDYATPEQ:0.25	TLRGTEIG:0.25	NVGPMPDG:0.4166666666666667	GTEIGWSR:0.6666666666666666	AGGNGNLL:0.4166666666666667	GNLLFNVG:0.3333333333333333	VITAKHHD:0.25	VKTAKDAG:0.3333333333333333	IYGTKGGP:0.3333333333333333	SIYGTKGG:0.25	WVKTAKDA:0.25	PWETCMTI:0.3333333333333333	TEIGWSRG:0.5	IHWGPVSL:0.3333333333333333	FIHWGPVS:0.4166666666666667	DFDTPEQR:0.25	LLNVGPMP:0.3333333333333333	LNVGPMPD:0.25	GDFDTPEQ:0.25	PYKKDIVG:0.25	ICNQWAWK:0.25	LYKEFNPV:0.25	FMDKRFGM:0.25	KEFNPVLF:0.25	GFCLWPTA:0.3333333333333333	DNLYKEFN:0.3333333333333333	AGMKYLTI:0.25	KRFGMFIH:0.25	YKEFNPVL:0.25	DYDNLYKE:0.25	TICNQWAW:0.25	MDKRFGMF:0.25	EFNPVLFD:0.25	KDAGMKYL:0.25	GMKYLTIT:0.25	DGRIEARQ:0.25	DKRFGMFI:0.25	DAGMKYLT:0.25	NLYKEFNP:0.3333333333333333	IINNRLGK:0.25	YDNLYKEF:0.3333333333333333	FNPVLFDA:0.25	LKECIQTL:0.25	IVGELAKA:0.25	GELAKACK:0.25	PWESCITI:0.25	DIVGELAK:0.25	KDIVGELA:0.25	WESCITIC:0.25	VGELAKAC:0.25	LAKACKKY:0.25	KECIQTLA:0.25	ELAKACKK:0.25	KKDIVGEL:0.25	
