cluster number:18
GH29:59	GH29:59
ALANHHDN:0.3220338983050847	VVSKNGNL:0.3728813559322034	DWFRDAKF:0.2711864406779661	WFRDAKFG:0.4576271186440678	DVVSKNGN:0.4067796610169492	WWEGLDPQ:0.23728813559322035	VSKNGNLL:0.4745762711864407	DAKFGIWA:0.3728813559322034	VPDWFRDA:0.2033898305084746	RDAKFGIW:0.3728813559322034	PWQTCTCI:0.22033898305084745	ANHHDNLD:0.3050847457627119	KFGIWAHW:0.559322033898305	PDWFRDAK:0.3898305084745763	FRDAKFGI:0.3050847457627119	GLDPQELY:0.2542372881355932	SKNGNLLL:0.576271186440678	AKFGIWAH:0.5423728813559322	WQTCTCIG:0.23728813559322035	KNGNLLLS:0.423728813559322	LTKADGKG:0.288135593220339	WQTDTCIG:0.3728813559322034	PWQTDTCI:0.288135593220339	WWDGLDPQ:0.23728813559322035	KADGKGKW:0.22033898305084745	NGNLLLSV:0.3220338983050847	GNLLLSVP:0.3220338983050847	ANHHDNFD:0.22033898305084745	TKADGKGK:0.22033898305084745	ADGKGKWW:0.2711864406779661	LYAQNHPL:0.22033898305084745	WWEGYDPQ:0.2033898305084746	DGKGKWWE:0.288135593220339	IWAHWGPQ:0.3898305084745763	WAHWGPQC:0.5254237288135594	YAQNHPLS:0.22033898305084745	NLLLSVPL:0.2033898305084746	FGIWAHWG:0.423728813559322	LLLSVPLR:0.2033898305084746	AHWGPQCV:0.23728813559322035	GIWAHWGP:0.3898305084745763	GKGKWWEG:0.288135593220339	AQGFNEGK:0.23728813559322035	GFNEGKGK:0.23728813559322035	FDDTALPL:0.22033898305084745	WDIERGQS:0.22033898305084745	QGFNEGKG:0.2542372881355932	YFDDTALP:0.22033898305084745	DIERGQSN:0.22033898305084745	VWDIERGQ:0.2033898305084746	DTALPLWP:0.22033898305084745	DDTALPLW:0.22033898305084745	IVSKNGNL:0.2711864406779661	DIVSKNGN:0.2711864406779661	YGHPSKFG:0.2033898305084746	
