cluster number:58
GH29:42	GH29:42
WEECRGIG:0.21428571428571427	TSKHHEGF:0.21428571428571427	GPTADGRI:0.30952380952380953	LAWLYNES:0.23809523809523808	FIHWGVYS:0.21428571428571427	KFGIFIHW:0.7142857142857143	TTEYDLVH:0.21428571428571427	WLYNESPV:0.21428571428571427	VVLTSKHH:0.5714285714285714	IHWGVYSV:0.21428571428571427	YVVLTSKH:0.5714285714285714	PTADGRIP:0.30952380952380953	FLAWLYNE:0.21428571428571427	HWGVYSVP:0.21428571428571427	LTSKHHEG:0.2857142857142857	GIFIHWGV:0.21428571428571427	TADGRIPV:0.2857142857142857	ADGRIPVI:0.2619047619047619	FGIFIHWG:0.7142857142857143	VLTSKHHE:0.2619047619047619	YYSLYEWF:0.30952380952380953	IFIHWGLY:0.30952380952380953	SLYEWFNP:0.30952380952380953	FIHWGLYS:0.2857142857142857	GAKYVVLT:0.7142857142857143	KYVVLTSK:0.5238095238095238	HWGLYSVP:0.2857142857142857	IHWGLYSV:0.2857142857142857	YSLYEWFN:0.30952380952380953	GIFIHWGL:0.35714285714285715	IPVIMQER:0.23809523809523808	AGAKYVVL:0.2619047619047619	PVIMQERL:0.23809523809523808	AKFGIFIH:0.6190476190476191	AKYVVLTS:0.5238095238095238	DAKFGIFI:0.42857142857142855	VVNDRWGK:0.21428571428571427	DRWGKETR:0.23809523809523808	GEAIYGTR:0.2857142857142857	HPWEESRG:0.23809523809523808	NLLLDIGP:0.3333333333333333	GGNLLLDI:0.3333333333333333	GNLLLDIG:0.3333333333333333	NGEAIYGT:0.42857142857142855	VVVNDRWG:0.3333333333333333	VNGEAIYG:0.40476190476190477	NDRWGKET:0.23809523809523808	LYEWFNPL:0.2619047619047619	VLTSKHHD:0.35714285714285715	IHWGPYSV:0.23809523809523808	TSKHHDGF:0.2857142857142857	LTSKHHDG:0.35714285714285715	KPWEECRG:0.23809523809523808	IFIHWGPY:0.2619047619047619	GRIPVIMQ:0.2857142857142857	GIFIHWGP:0.2619047619047619	FIHWGPYS:0.23809523809523808	SGAKYVVL:0.40476190476190477	IGPTADGR:0.21428571428571427	HGGYYTTE:0.2857142857142857	GGYYTTEY:0.2857142857142857	WGLYSVPA:0.23809523809523808	DGRIPVIM:0.2619047619047619	
