cluster number:27
GH29:181	GH29:181|3.2.1.51:4|GH89:1
NGSWGYDR:0.2265193370165746	SWGYDRDN:0.23756906077348067	FDPDLYDP:0.34806629834254144	GMKYVVLT:0.2596685082872928	LYALPARH:0.2265193370165746	YVVLTTKH:0.287292817679558	EACQTLNG:0.20441988950276244	MFVHWGLY:0.20441988950276244	VTPEQYQP:0.22099447513812154	MKYVVLTT:0.20994475138121546	WGLYALPA:0.2265193370165746	NLLLNVGP:0.2541436464088398	GLYALPAR:0.2265193370165746	QTLNGSWG:0.20994475138121546	VVLTTKHH:0.287292817679558	HWGLYALP:0.23204419889502761	GNLLLNVG:0.2541436464088398	IDWHHPDF:0.3701657458563536	LIDWHHPD:0.3425414364640884	YALPARHE:0.23756906077348067	AGMKYVVL:0.2596685082872928	WEACQTLN:0.20441988950276244	KYVVLTTK:0.20994475138121546	ACQTLNGS:0.20441988950276244	HGQVRELL:0.20441988950276244	CQTLNGSW:0.20994475138121546	GMFVHWGL:0.20441988950276244	TLNGSWGY:0.24861878453038674	GSWGYDRD:0.23204419889502761	DWHHPDFT:0.2983425414364641	LHGQVREL:0.20441988950276244	SLIDWHHP:0.4419889502762431	NVGPTGRG:0.281767955801105	LPARHEWV:0.2430939226519337	ALPARHEW:0.23756906077348067	TTKHHEGF:0.585635359116022	AKAAGMKY:0.23756906077348067	LLDWHHPD:0.2154696132596685	TFSGSWGY:0.35911602209944754	YYSLLDWH:0.2154696132596685	YSLLDWHH:0.2154696132596685	SLLDWHHP:0.23204419889502761	KHHEGFCL:0.5469613259668509	TKHHEGFC:0.4696132596685083	GMFIHWGL:0.3259668508287293	LTTKHHEG:0.3149171270718232	NVGPTARG:0.292817679558011	FGMFIHWG:0.20994475138121546	VLTTKHHE:0.30386740331491713	RFGMFIHW:0.20441988950276244	MFIHWGLY:0.3259668508287293	YSLIDWHH:0.2596685082872928	GNLLMNVG:0.3314917127071823	REQVRELL:0.2541436464088398	SGSWGYHR:0.3314917127071823	LLMNVGPT:0.3149171270718232	EQVRELLT:0.2541436464088398	HHEGFCLW:0.46408839779005523	MREQVREL:0.2541436464088398	YYSLIDWH:0.2596685082872928	AQFLHDAS:0.23204419889502761	FYYSLIDW:0.2596685082872928	GSWGYHRD:0.3812154696132597	GFYYSLID:0.2596685082872928	YAQFLHDA:0.23204419889502761	SWGYHRDE:0.3259668508287293	WGYHRDED:0.2430939226519337	QFLHDASE:0.23756906077348067	HEGFCLWD:0.4530386740331492	GGNLLMNV:0.3314917127071823	NLLMNVGP:0.3314917127071823	FSGSWGYH:0.2265193370165746	VEAFRAEG:0.2154696132596685	AFRAEGLK:0.20441988950276244	EGFCLWDS:0.287292817679558	QVRELLTG:0.20441988950276244	IHWGLYAL:0.2265193370165746	FIHWGLYA:0.281767955801105	DWHHPDFP:0.20441988950276244	GFCLWDSK:0.20994475138121546	
