cluster number:41
GH29:106	GH29:106|CBM47:1
YSQWGIVE:0.3018867924528302	TTKHHDGF:0.7735849056603774	MKYVVFTT:0.36792452830188677	WGIVESWS:0.3490566037735849	IVESWSLC:0.2358490566037736	GIVESWSL:0.2358490566037736	ILWLDGGW:0.7169811320754716	DILWLDGG:0.7169811320754716	WGTYSQWG:0.330188679245283	VDILWLDG:0.27358490566037735	VFTTKHHD:0.6509433962264151	VVFTTKHH:0.4339622641509434	GTYSQWGI:0.2641509433962264	WQDLKFGL:0.24528301886792453	HWGTYSQW:0.330188679245283	SQWGIVES:0.3113207547169811	GMKYVVFT:0.36792452830188677	MHWGTYSQ:0.32075471698113206	VESWSLCP:0.3113207547169811	QWGIVESW:0.3113207547169811	LWLDGGWV:0.7075471698113207	YVVFTTKH:0.4339622641509434	AGMKYVVF:0.36792452830188677	GAYFSKPD:0.8301886792452831	ESWSLCPE:0.3113207547169811	TYSQWGIV:0.2641509433962264	FTTKHHDG:0.7830188679245284	KYVVFTTK:0.3867924528301887	AYFSKPDW:0.8301886792452831	KHHDGFNM:0.3490566037735849	KIDILWLD:0.24528301886792453	WLDGGWVR:0.7735849056603774	FSKPDWHS:0.5094339622641509	IGAYFSKP:0.49056603773584906	YGKIDILW:0.24528301886792453	GKIDILWL:0.24528301886792453	LDGGWVRP:0.7169811320754716	HDGFNMFD:0.2641509433962264	TKHHDGFN:0.36792452830188677	HHDGFNMF:0.3113207547169811	MIGAYFSK:0.2358490566037736	IDILWLDG:0.3867924528301887	YFSKPDWH:0.8773584905660378	DGFNMFDT:0.25471698113207547	LKFGLFMH:0.22641509433962265	SKPDWHSE:0.2830188679245283	YFPPKDRN:0.36792452830188677	FGLFMHWG:0.2830188679245283	KFGLFMHW:0.2641509433962264	MFDTKQTD:0.24528301886792453	TKHHDGFC:0.24528301886792453	PKDRNVNY:0.2830188679245283	HHDGFCMF:0.20754716981132076	FMHWGTYS:0.25471698113207547	KHHDGFCM:0.2641509433962264	HDGFCMFD:0.20754716981132076	YENLQTTF:0.22641509433962265	FPPKDRNV:0.33962264150943394	PPKDRNVN:0.2830188679245283	KDRNVNYD:0.27358490566037735	LFMHWGTY:0.2641509433962264	ENLQTTFN:0.22641509433962265	DLKFGLFM:0.2169811320754717	QDLKFGLF:0.20754716981132076	DRNVNYDP:0.330188679245283	NLQTTFNP:0.22641509433962265	GLFMHWGT:0.2641509433962264	KHHDGFAM:0.24528301886792453	IISRGGNY:0.20754716981132076	WENYVTPE:0.20754716981132076	FKIGAYFS:0.2169811320754717	HDGFAMFD:0.22641509433962265	FSKPDWHT:0.2169811320754717	DGFAMFDT:0.22641509433962265	WESCITMG:0.20754716981132076	HHDGFAMF:0.2358490566037736	SWSLCPED:0.3018867924528302	TKHHDGFA:0.2358490566037736	ENYVTPEQ:0.3018867924528302	KIISRGGN:0.20754716981132076	ISRGGNYL:0.20754716981132076	GFKIGAYF:0.20754716981132076	DGGWVRPF:0.22641509433962265	NYVTPEQA:0.20754716981132076	KIGAYFSK:0.2169811320754717	PWESCITM:0.2169811320754717	WSLCPEDE:0.3018867924528302	DYKKWYWG:0.27358490566037735	YKKWYWGL:0.3018867924528302	KKWYWGLS:0.2169811320754717	VGAYFSKP:0.24528301886792453	
