cluster number:55
GH28:43	GH28:43|CE12:10
AILFDMYY:0.5116279069767442	EAILFDMY:0.4418604651162791	IKDFLRPN:0.20930232558139536	VYHAHGGF:0.4418604651162791	YHAHGGFV:0.4418604651162791	IGSEMSGG:0.6046511627906976	VGDDGICI:0.3488372093023256	FIGTDIGL:0.2558139534883721	DGICIKSG:0.4418604651162791	ICIKSGRD:0.3953488372093023	SCKNVLIE:0.20930232558139536	GFVIGSEM:0.5813953488372093	FDVGDDGI:0.37209302325581395	DVGDDGIC:0.37209302325581395	VIGSEMSG:0.5813953488372093	IGTDIGLR:0.2558139534883721	AHGGFVIG:0.5116279069767442	IPGEAILF:0.23255813953488372	GGFVIGSE:0.6046511627906976	HAHGGFVI:0.3953488372093023	GSEMSGGA:0.5348837209302325	ESCKNVLI:0.20930232558139536	GTDIGLRF:0.32558139534883723	GDDGICIK:0.4418604651162791	GEAILFDM:0.4418604651162791	DDGICIKS:0.4418604651162791	TDIGLRFK:0.3488372093023256	TFDVGDDG:0.32558139534883723	KDFLRPNL:0.3023255813953488	GICIKSGR:0.3953488372093023	PGEAILFD:0.23255813953488372	HGGFVIGS:0.6511627906976745	DIGLRFKT:0.37209302325581395	FVIGSEMS:0.5813953488372093	KSNVNLHL:0.37209302325581395	LKSNVNLH:0.46511627906976744	GLWLTGPI:0.2558139534883721	RFKTTRGR:0.37209302325581395	VGSEMSGG:0.23255813953488372	TTRGRGGI:0.23255813953488372	SEMSGGAR:0.3023255813953488	KTTRGRGG:0.3953488372093023	GVTFQNSP:0.46511627906976744	TFQNSPAW:0.4883720930232558	HGGFVVGS:0.20930232558139536	VLLEGVTF:0.2558139534883721	GLRFKTTR:0.37209302325581395	YAQNGDGI:0.20930232558139536	LRFKTTRG:0.37209302325581395	FQNSPAWN:0.20930232558139536	AQNGDGID:0.3023255813953488	EGVTFQNS:0.4883720930232558	FVVGSEMS:0.20930232558139536	RGRGGIVE:0.27906976744186046	GGFVVGSE:0.20930232558139536	GFVVGSEM:0.20930232558139536	TRGRGGIV:0.23255813953488372	LEGVTFQN:0.4418604651162791	GRGGIVEN:0.23255813953488372	FKTTRGRG:0.37209302325581395	VVGSEMSG:0.23255813953488372	LLEGVTFQ:0.4418604651162791	VTFQNSPA:0.46511627906976744	PWYAQNGD:0.20930232558139536	KNPWYAQN:0.20930232558139536	IGLRFKTT:0.32558139534883723	NPWYAQNG:0.20930232558139536	WYAQNGDG:0.23255813953488372	CIKSGRDE:0.23255813953488372	KTARGRGG:0.2558139534883721	LRFKTARG:0.2558139534883721	VGLRFKTA:0.23255813953488372	RFKTARGR:0.2558139534883721	TDVGLRFK:0.23255813953488372	NGRSTKSF:0.20930232558139536	FKTARGRG:0.2558139534883721	GSEMSGGV:0.27906976744186046	GTDVGLRF:0.23255813953488372	DVGLRFKT:0.27906976744186046	GLRFKTAR:0.2558139534883721	RKRGVPTE:0.20930232558139536	GRGGVVEN:0.3023255813953488	RGGVVENI:0.3023255813953488	KRGVPTEN:0.20930232558139536	LFDMYYAA:0.32558139534883723	GRKRGVPT:0.20930232558139536	ILFDMYYA:0.3023255813953488	RGRGGVVE:0.4186046511627907	EMSGGARN:0.20930232558139536	WLTGPIVL:0.20930232558139536	
