cluster number:26
GH28:44	GH28:44|3.2.1.-:1
CDVDCNDD:0.20454545454545456	LNWNPSYS:0.22727272727272727	GSETSGSI:0.3181818181818182	WIVDYDCK:0.22727272727272727	AGIEMTWP:0.25	VDYDCKRV:0.20454545454545456	RDADGLRV:0.5227272727272727	KGLRWIVD:0.20454545454545456	SETSGSIR:0.3181818181818182	AGLITCGS:0.20454545454545456	YDCKRVRG:0.20454545454545456	ETSGSIRN:0.20454545454545456	GLRWIVDY:0.29545454545454547	PSTDGIDI:0.6136363636363636	GKVFWDKY:0.20454545454545456	LRWIVDYD:0.4318181818181818	GLITCGSE:0.20454545454545456	STDGIDID:0.6136363636363636	GAGLITCG:0.20454545454545456	TCGSETSG:0.3181818181818182	VDCNDDNI:0.22727272727272727	KVFWDKYW:0.20454545454545456	NWNPSYSY:0.4318181818181818	NDDNICIK:0.20454545454545456	SAMNRGGT:0.20454545454545456	RWIVDYDC:0.25	GGHGPSTD:0.38636363636363635	NCDVDCND:0.20454545454545456	GHGPSTDG:0.5454545454545454	LITCGSET:0.20454545454545456	HGPSTDGI:0.4772727272727273	ITCGSETS:0.20454545454545456	IVDYDCKR:0.22727272727272727	DGIDIDSS:0.6363636363636364	DYDCKRVR:0.22727272727272727	GIDIDSST:0.20454545454545456	DADGLRVN:0.5227272727272727	GPSTDGID:0.7272727272727273	LRLKSAMN:0.20454545454545456	TDGIDIDS:0.6136363636363636	WNPSYSYS:0.29545454545454547	KSAMNRGG:0.20454545454545456	CNDDNICI:0.20454545454545456	GRDADGLR:0.5227272727272727	DCNDDNIC:0.25	CIARKGAG:0.20454545454545456	ADGLRVNR:0.38636363636363635	RVNRPTEN:0.22727272727272727	GLRVNRPT:0.5227272727272727	DGLRVNRP:0.6590909090909091	NNIGGHGP:0.20454545454545456	LRVNRPTE:0.4318181818181818	NIGGHGPS:0.20454545454545456	TRVAGIEM:0.4090909090909091	TIGSETSG:0.22727272727272727	AGRDADGL:0.4090909090909091	KAGRDADG:0.4090909090909091	IDCNDDNF:0.2727272727272727	DIDCNDDN:0.29545454545454547	NDDNFCLK:0.2727272727272727	CNDDNFCL:0.2727272727272727	RDWDGLRV:0.20454545454545456	DNFCLKAG:0.25	CDIDCNDD:0.2727272727272727	MNWNPSYS:0.20454545454545456	DYDAKRPR:0.25	KAGRDWDG:0.20454545454545456	NFCLKAGR:0.25	GRDWDGLR:0.20454545454545456	DDNFCLKA:0.25	FCLKAGRD:0.2727272727272727	NCDIDCND:0.20454545454545456	DCNDDNFC:0.2727272727272727	TFGSETSG:0.2727272727272727	GSETSGGF:0.20454545454545456	NWNPAYSY:0.20454545454545456	FGSETSGG:0.2727272727272727	DSDGLRVN:0.20454545454545456	SETSGGIR:0.20454545454545456	GSETSGGI:0.2727272727272727	LKAGRDAD:0.25	CLKAGRDA:0.25	
