cluster number:95
GH28:42	GH28:42|3.2.1.-:1
KMRPDTPQ:0.8809523809523809	LWLKMRPD:0.6190476190476191	DDAIALKG:0.5476190476190477	WLKMRPDT:0.6190476190476191	YMSVNDDA:0.5	LKMRPDTP:0.8809523809523809	AIALKGGK:0.5476190476190477	DAIALKGG:0.5476190476190477	PSTDAIDI:0.38095238095238093	CYMSVNDD:0.5	SVNDDAIA:0.5	GCYMSVND:0.21428571428571427	IALKGGKG:0.5476190476190477	NDDAIALK:0.5476190476190477	VNDDAIAL:0.5476190476190477	STDAIDID:0.38095238095238093	MSVNDDAI:0.38095238095238093	YFAALVNA:0.3333333333333333	FAALVNAD:0.2619047619047619	ALKGGKGP:0.7380952380952381	LKGSDDIS:0.47619047619047616	NSPFWTSH:0.21428571428571427	TCGSESIH:0.38095238095238093	RLLWLKMR:0.4523809523809524	GLDGFTIS:0.23809523809523808	TQFFDLKG:0.30952380952380953	GAVLKGSD:0.30952380952380953	KPWTQFFD:0.35714285714285715	LDGFTISG:0.23809523809523808	LINSPFWT:0.21428571428571427	GFTISGKG:0.40476190476190477	ALTCGSES:0.30952380952380953	ADGLDGFT:0.2619047619047619	DGLDGFTI:0.2619047619047619	LSGSLFFK:0.21428571428571427	SALTCGSE:0.2619047619047619	AVLKGSDD:0.3333333333333333	LTCGSESI:0.38095238095238093	VLKGSDDI:0.3333333333333333	GNGLRYWK:0.35714285714285715	KYFAALVN:0.2619047619047619	CHSALTCG:0.2619047619047619	FTISGKGT:0.42857142857142855	DGFTISGK:0.35714285714285715	ALVNADGL:0.23809523809523808	LLWLKMRP:0.4523809523809524	IKPWTQFF:0.21428571428571427	WTQFFDLK:0.42857142857142855	CGSESIHN:0.2857142857142857	PWTQFFDL:0.5	HSALTCGS:0.2619047619047619	LVNADGLD:0.23809523809523808	NADGLDGF:0.2857142857142857	VNADGLDG:0.23809523809523808	KGTIDGNG:0.35714285714285715	VALKGGKG:0.21428571428571427	VNDDAVAL:0.21428571428571427	DDAVALKG:0.21428571428571427	SIHNRNII:0.21428571428571427	ISGKGTID:0.23809523809523808	KNCYMSVN:0.23809523809523808	TISGKGTI:0.23809523809523808	NIIIEDCT:0.23809523809523808	PVKAPSTD:0.47619047619047616	DAVALKGG:0.21428571428571427	NCYMSVND:0.23809523809523808	GKGTIDGN:0.35714285714285715	VKAPSTDA:0.4523809523809524	SGKGTIDG:0.3333333333333333	ESIHNRNI:0.21428571428571427	SESIHNRN:0.2619047619047619	AVALKGGK:0.21428571428571427	APSTDAID:0.47619047619047616	NSPFWTTH:0.2857142857142857	KAPSTDAI:0.47619047619047616	NDDAVALK:0.21428571428571427	GSESIHNR:0.2619047619047619	GGGVIVIP:0.3333333333333333	GSDDISNF:0.2857142857142857	WKSFWLRR:0.35714285714285715	LKGGKGPW:0.35714285714285715	SGALFFKP:0.40476190476190477	SDDISNFP:0.2619047619047619	GGKGPWAD:0.35714285714285715	YWKSFWLR:0.35714285714285715	KGGKGPWA:0.35714285714285715	KGSDDISN:0.30952380952380953	RYWKSFWL:0.35714285714285715	LSGALFFK:0.35714285714285715	NGGGVIVI:0.2619047619047619	GTIDGNGL:0.35714285714285715	TIDGNGLR:0.2619047619047619	EDCTYGFC:0.23809523809523808	LFFKPKTH:0.2857142857142857	LKYFAALV:0.21428571428571427	FFKPKTHL:0.2857142857142857	GALFFKPK:0.3333333333333333	LRYWKSFW:0.30952380952380953	IIIEDCTY:0.23809523809523808	NGLRYWKS:0.30952380952380953	GFCHSALT:0.30952380952380953	IEDCTYGF:0.23809523809523808	FCHSALTC:0.23809523809523808	IIEDCTYG:0.23809523809523808	ALFFKPKT:0.3333333333333333	GLRYWKSF:0.30952380952380953	EGAVLKGS:0.2857142857142857	DCTYGFCH:0.23809523809523808	FGFCHSAL:0.2619047619047619	DGNGLRYW:0.23809523809523808	GVIVIPKG:0.2619047619047619	GGVIVIPK:0.2619047619047619	TNLEVSRP:0.23809523809523808	LEVSRPRL:0.23809523809523808	NLEVSRPR:0.23809523809523808	CTNLEVSR:0.21428571428571427	VSRPRLVF:0.21428571428571427	EVSRPRLV:0.21428571428571427	
