cluster number:4
GH152:41	GH152:41
SGRFWART:0.34146341463414637	AYDDASST:0.24390243902439024	GWSGRFWA:0.3170731707317073	RFWARTGC:0.3170731707317073	VSLVDGYN:0.6829268292682927	WSGRFWAR:0.34146341463414637	GRFWARTG:0.3170731707317073	DFYDVSLV:0.7560975609756098	PATLAEFT:0.43902439024390244	ACPSAYSY:0.21951219512195122	APTGWSGR:0.24390243902439024	YAYDDASS:0.2682926829268293	DASSTFTC:0.21951219512195122	PTGWSGRF:0.2926829268292683	YDVSLVDG:0.8292682926829268	FYDVSLVD:0.7560975609756098	CPSAYSYA:0.21951219512195122	DDASSTFT:0.21951219512195122	SAYSYAYD:0.21951219512195122	AYSYAYDD:0.5853658536585366	PSAYSYAY:0.21951219512195122	PPATLAEF:0.43902439024390244	YSYAYDDA:0.7560975609756098	DVSLVDGY:0.6829268292682927	SLVDGYNV:0.21951219512195122	SYAYDDAS:0.2682926829268293	TGWSGRFW:0.3170731707317073	SLVDGYNL:0.3902439024390244	WSGRFWGR:0.2926829268292683	CPKSYSYA:0.21951219512195122	VDGYNLPM:0.2682926829268293	SYAYDDAT:0.4878048780487805	DATSTFTC:0.4634146341463415	SYSYAYDD:0.2926829268292683	LVDGYNLP:0.34146341463414637	YAYDDATS:0.4878048780487805	YDDATSTF:0.43902439024390244	DDATSTFT:0.4634146341463415	GWSGRFWG:0.2682926829268293	AYDDATST:0.4878048780487805	ATLAEFTL:0.2926829268292683	ACPKSYSY:0.21951219512195122	KDFYDVSL:0.24390243902439024	VVACKSAC:0.3902439024390244	SGRFWGRT:0.21951219512195122	TSTFTCSG:0.24390243902439024	TLAEFTLG:0.2682926829268293	PEYCCSGA:0.21951219512195122	ATSTFTCS:0.24390243902439024	STFTCSGA:0.24390243902439024	QDFYDVSL:0.2682926829268293	CPTAYSYA:0.21951219512195122	ACPTAYSY:0.21951219512195122	TAYSYAYD:0.21951219512195122	PTAYSYAY:0.21951219512195122	
