cluster number:8
GH152:11	GH152:11|3.2.1.39:1
LDGNQANS:0.2727272727272727	TAGRIWGR:0.2727272727272727	YAYDESSG:0.36363636363636365	SLVDGYNL:0.7272727272727273	APLKGPFD:0.2727272727272727	CPVDLGPN:0.36363636363636365	PVADCPVD:0.2727272727272727	CPAPLKGP:0.2727272727272727	YDESSGTA:0.2727272727272727	VSLVDGYN:0.5454545454545454	GPNCPAPL:0.2727272727272727	ADYTLTFC:0.2727272727272727	PAPLKGPF:0.2727272727272727	NNKGCPVA:0.2727272727272727	AARTFTVY:0.2727272727272727	PVGCKSAC:0.45454545454545453	CPFTIWPA:0.45454545454545453	DYTLTFCP:0.2727272727272727	DCPVDLGP:0.2727272727272727	SGTALFTC:0.2727272727272727	ARTFTVYN:0.36363636363636365	GFPVGCKS:0.45454545454545453	ANLDGNQA:0.2727272727272727	PVDLGPNC:0.36363636363636365	SYAYAYDE:0.2727272727272727	YAYAYDES:0.36363636363636365	DLGPNCPA:0.45454545454545453	KSACFANL:0.2727272727272727	NWTAGRIW:0.36363636363636365	DESSGTAL:0.2727272727272727	FPVGCKSA:0.45454545454545453	LGPNCPAP:0.2727272727272727	VDLGPNCP:0.45454545454545453	LVDGYNLP:0.7272727272727273	YDVSLVDG:0.5454545454545454	WTAGRIWG:0.2727272727272727	AYAYDESS:0.36363636363636365	VGCKSACF:0.2727272727272727	ACFANLDG:0.2727272727272727	CPVADCPV:0.2727272727272727	GCKSACFA:0.2727272727272727	ADCPVDLG:0.2727272727272727	SACFANLD:0.2727272727272727	DVSLVDGY:0.5454545454545454	VADCPVDL:0.2727272727272727	AYDESSGT:0.2727272727272727	NLDGNQAN:0.2727272727272727	CKSACFAN:0.2727272727272727	NSANCCSG:0.2727272727272727	GTGVPPAT:0.36363636363636365	TGGCNGGL:0.2727272727272727	NPGPNSCL:0.2727272727272727	SLAEFTLS:0.2727272727272727	AGRIWARR:0.36363636363636365	DSTGFPVG:0.2727272727272727	YNLPISIT:0.2727272727272727	TGFPVGCK:0.2727272727272727	FDSTGFPV:0.2727272727272727	GRIWARRD:0.2727272727272727	DGYNLPIS:0.36363636363636365	ASLAEFTL:0.45454545454545453	CLDGGCNG:0.2727272727272727	NSCLDGGC:0.2727272727272727	GPFDSTGF:0.2727272727272727	RIWARRDC:0.2727272727272727	PASLAEFT:0.45454545454545453	PPASLAEF:0.45454545454545453	SCLDGGCN:0.2727272727272727	DGGCNGGL:0.2727272727272727	PGPNSCLD:0.2727272727272727	VDGYNLPI:0.45454545454545453	GYNLPISI:0.36363636363636365	STGFPVGC:0.2727272727272727	TGTGVPPA:0.45454545454545453	PNSCLDGG:0.2727272727272727	GPNSCLDG:0.2727272727272727	PFDSTGFP:0.2727272727272727	LDGGCNGG:0.2727272727272727	DGYNLPAR:0.2727272727272727	VDGYNLPA:0.2727272727272727	ANCCSGSH:0.2727272727272727	NCCSGSHN:0.2727272727272727	CCSGSHNT:0.2727272727272727	CSGSHNTP:0.2727272727272727	SANCCSGS:0.2727272727272727	GYNLPARI:0.2727272727272727	LSLVDGYN:0.2727272727272727	DLSLVDGY:0.2727272727272727	YDLSLVDG:0.2727272727272727	
