cluster number:4
GT76:7	GT76:7
AGLFLSAP:0.42857142857142855	LFLSAPYG:0.2857142857142857	SPAGLFLS:0.42857142857142855	GLFLSAPY:0.42857142857142855	WKALLLLL:0.2857142857142857	SFVQDHYW:0.2857142857142857	SAPYGEST:0.2857142857142857	LSAPYGES:0.7142857142857143	PAGLFLSA:0.42857142857142855	FLSAPYGE:0.7142857142857143	PGPGYDTS:0.2857142857142857	LAFIAACL:0.2857142857142857	FIAACLHI:0.2857142857142857	GPGYDTST:0.2857142857142857	AFIAACLH:0.2857142857142857	TIPSIYSF:0.2857142857142857	PLFLLAAP:0.2857142857142857	VFEQEWAF:0.2857142857142857	LFSSFLPP:0.2857142857142857	FLLAAPML:0.2857142857142857	YVFEQEWA:0.2857142857142857	FEQEWAFG:0.5714285714285714	LFLLAAPM:0.2857142857142857	LSPAGLFL:0.2857142857142857	FSSFLPPA:0.2857142857142857	LTSYHVQI:0.2857142857142857	ALTSYHVQ:0.2857142857142857	TSYHVQII:0.5714285714285714	IPSIYSFV:0.2857142857142857	PSIYSFVQ:0.2857142857142857	GFLRYWTV:0.2857142857142857	MVAYALIQ:0.2857142857142857	GYPLWYWY:0.42857142857142855	CRSSLWAL:0.2857142857142857	FLRYWTVS:0.2857142857142857	PAGAFLSA:0.42857142857142855	VQIINRIS:0.42857142857142855	SGYPLWYW:0.42857142857142855	PMLAILCR:0.2857142857142857	AFLSAPYG:0.42857142857142855	VMAFTSYH:0.2857142857142857	LFGSFLPP:0.42857142857142855	AFTSYHVQ:0.2857142857142857	VLFGSFLP:0.2857142857142857	RYWTVSNI:0.2857142857142857	LAILCRSS:0.2857142857142857	YPLWYWYL:0.2857142857142857	LAVMAFTS:0.2857142857142857	SYHVQIIN:0.42857142857142855	TVSNIPLF:0.42857142857142855	VLALYRLS:0.42857142857142855	ILCRSSLW:0.2857142857142857	NIPLFLLA:0.2857142857142857	GAFLSAPY:0.42857142857142855	RISSGYPL:0.42857142857142855	SNIPLFLL:0.2857142857142857	HVQIINRI:0.42857142857142855	YWTVSNIP:0.42857142857142855	VSNIPLFL:0.2857142857142857	MLAILCRS:0.2857142857142857	SFLNITGF:0.2857142857142857	PSIYGWVQ:0.2857142857142857	AVMAFTSY:0.2857142857142857	GLLAVMAF:0.2857142857142857	AVPQGLLA:0.2857142857142857	YHVQIINR:0.42857142857142855	LRYWTVSN:0.2857142857142857	FTSYHVQI:0.2857142857142857	LFEQEWAF:0.2857142857142857	SSGYPLWY:0.42857142857142855	RSNGILSG:0.42857142857142855	FLNITGFY:0.2857142857142857	FGSFLPPA:0.42857142857142855	LAVPQGLL:0.2857142857142857	VGFLRYWT:0.42857142857142855	AGAFLSAP:0.42857142857142855	ISSGYPLW:0.42857142857142855	MAFTSYHV:0.2857142857142857	AILCRSSL:0.2857142857142857	NRISSGYP:0.42857142857142855	RLAVPQGL:0.2857142857142857	WTVSNIPL:0.42857142857142855	IINRISSG:0.42857142857142855	SVLALYRL:0.2857142857142857	INRISSGY:0.42857142857142855	QIINRISS:0.42857142857142855	LCRSSLWA:0.2857142857142857	LLAVMAFT:0.2857142857142857	SLFSFLNI:0.2857142857142857	AVRSNGIL:0.2857142857142857	ATAVRSNG:0.2857142857142857	SAPYGESL:0.2857142857142857	EWAFGYGY:0.2857142857142857	YGESLFSF:0.2857142857142857	WAFGYGYT:0.2857142857142857	AFGYGYTR:0.2857142857142857	ICPAGAFL:0.2857142857142857	FSFLNITG:0.2857142857142857	GCVIALGL:0.2857142857142857	APYGESLF:0.2857142857142857	GESLFSFL:0.2857142857142857	VRSNGILS:0.2857142857142857	EQEWAFGY:0.2857142857142857	PYGESLFS:0.2857142857142857	CPAGAFLS:0.2857142857142857	QEWAFGYG:0.2857142857142857	TAVRSNGI:0.2857142857142857	ESLFSFLN:0.2857142857142857	LFSFLNIT:0.2857142857142857	FLRYWTLS:0.2857142857142857	LRYWTLSN:0.2857142857142857	GFLRYWTL:0.2857142857142857	
