cluster number:9
GT76:7	GT76:7
YTYENTLA:0.42857142857142855	YVQSHYWN:0.2857142857142857	SASPVLYW:0.2857142857142857	NPASIFFS:0.5714285714285714	LFSNFYPW:0.42857142857142855	SHYWNVGF:0.2857142857142857	PASIFFSA:0.42857142857142855	VQSHYWNV:0.2857142857142857	TYENTLAF:0.42857142857142855	YSYVQSHY:0.2857142857142857	CSASPVLY:0.2857142857142857	QSHYWNVG:0.2857142857142857	FSNFYPWT:0.42857142857142855	SYVQSHYW:0.2857142857142857	WDGEYFLH:0.42857142857142855	CQYTLPFP:0.2857142857142857	HIQVSTRL:0.42857142857142855	AGALFVWC:0.2857142857142857	TYYFYIYR:0.42857142857142855	FYIYRLYC:0.42857142857142855	HKPDVFRM:0.42857142857142855	ENTLAFYP:0.42857142857142855	STRLLASA:0.42857142857142855	KVTKLALA:0.2857142857142857	RLLASATP:0.42857142857142855	TKLALASR:0.2857142857142857	HWDGEYFL:0.42857142857142855	FYWFAADY:0.2857142857142857	YWDVGFLR:0.42857142857142855	DGEYFLHI:0.42857142857142855	FNPASIFF:0.5714285714285714	WCQYTLPF:0.2857142857142857	LRSKAGAL:0.2857142857142857	LYTYENTL:0.2857142857142857	VHIQVSTR:0.42857142857142855	HTYYFYIY:0.42857142857142855	LHTYYFYI:0.42857142857142855	YYFYIYRL:0.42857142857142855	SPWCQYTL:0.2857142857142857	KAGALFVW:0.2857142857142857	YFYIYRLY:0.42857142857142855	TLAFYPLY:0.42857142857142855	VTKLALAS:0.2857142857142857	PWCQYTLP:0.2857142857142857	YPLYPVVV:0.42857142857142855	GEYFLHIA:0.42857142857142855	IQVSTRLL:0.42857142857142855	KPDVFRMP:0.42857142857142855	DHKPDVFR:0.2857142857142857	PLYPVVVR:0.42857142857142855	DVGFLRYY:0.42857142857142855	ALASRLIV:0.2857142857142857	YENTLAFY:0.42857142857142855	FCFNPASI:0.42857142857142855	GTVLFSNN:0.42857142857142855	LALASRLI:0.2857142857142857	FNDLNKSW:0.2857142857142857	QVSTRLLA:0.42857142857142855	WDVGFLRY:0.42857142857142855	FYPLYPVV:0.42857142857142855	GLRHWDGE:0.42857142857142855	RSKAGALF:0.2857142857142857	ILHTYYFY:0.42857142857142855	LGGLRHWD:0.2857142857142857	CFNPASIF:0.42857142857142855	TRLLASAT:0.42857142857142855	LRHWDGEY:0.42857142857142855	NTLAFYPL:0.42857142857142855	RHWDGEYF:0.42857142857142855	LAFYPLYP:0.42857142857142855	AFYPLYPV:0.42857142857142855	GGLRHWDG:0.2857142857142857	ERKYLLSG:0.2857142857142857	PDHKPDVF:0.2857142857142857	SKAGALFV:0.2857142857142857	VSTRLLAS:0.42857142857142855	QYTLPFPY:0.2857142857142857	LASRLIVL:0.2857142857142857	KLALASRL:0.2857142857142857	FLRYYKWK:0.2857142857142857	AAYSETFF:0.2857142857142857	QSHYWDVG:0.2857142857142857	NFLLALPM:0.2857142857142857	GFLRYYKW:0.2857142857142857	TVLFSNNY:0.2857142857142857	YYKWKQLP:0.2857142857142857	EKVTKLAL:0.2857142857142857	LLASATPV:0.2857142857142857	YTLPFPYT:0.2857142857142857	VLFSNNYP:0.2857142857142857	FLLALPML:0.2857142857142857	PYTYVQSH:0.2857142857142857	FSNNYPWT:0.2857142857142857	YPVVVRHV:0.2857142857142857	YTYVQSHY:0.2857142857142857	LPNFLLAL:0.42857142857142855	YSLVGTVL:0.2857142857142857	MHWHCYDY:0.2857142857142857	SHYWDVGF:0.2857142857142857	YKWKQLPN:0.2857142857142857	GILHTYYF:0.2857142857142857	LVGTVLFS:0.2857142857142857	VFYWFAAD:0.2857142857142857	HYWDVGFL:0.2857142857142857	KSWNAALI:0.2857142857142857	AYSETFFA:0.2857142857142857	TLPFPYTY:0.2857142857142857	LFSNNYPW:0.2857142857142857	TPVFYWFA:0.2857142857142857	PNFLLALP:0.42857142857142855	VGTVLFSN:0.42857142857142855	YIYRLYCL:0.2857142857142857	SATPVFYW:0.2857142857142857	LRYYKWKQ:0.2857142857142857	FPFVLHAA:0.2857142857142857	QLPNFLLA:0.42857142857142855	ASATPVFY:0.2857142857142857	WKQLPNFL:0.2857142857142857	KWKQLPNF:0.2857142857142857	LYPVVVRH:0.2857142857142857	LASATPVF:0.2857142857142857	ATPVFYWF:0.2857142857142857	LPFPYTYV:0.2857142857142857	PFPYTYVQ:0.2857142857142857	SLVGTVLF:0.2857142857142857	IYRLYCLP:0.2857142857142857	RYYKWKQL:0.2857142857142857	TYSLVGTV:0.2857142857142857	NKSWNAAL:0.2857142857142857	VQSHYWDV:0.2857142857142857	YVHIQVST:0.2857142857142857	PVFYWFAA:0.2857142857142857	VGFLRYYK:0.2857142857142857	TYVQSHYW:0.2857142857142857	FPYTYVQS:0.2857142857142857	KQLPNFLL:0.42857142857142855	FMHWHCYD:0.2857142857142857	YVQSHYWD:0.2857142857142857	VLFSNFYP:0.2857142857142857	
