cluster number:30
GH9:32	GH9:32|CBM4:18|3.2.1.4:6|CBM3:3|GH16:1|3.2.1.73:1|3.2.1.-:1
GDFAAVMA:0.34375	GGVYHKVT:0.65625	ATGDFAAV:0.34375	SKAVADLL:0.21875	LEWMLKMQ:0.25	TGDFAAVM:0.34375	DERYWAAA:0.3125	WHDAGDYG:0.84375	SGGWHDAG:0.5	KIDVSGGW:0.28125	DAGDYGRY:0.84375	IDVSGGWH:0.40625	AGDYGRYV:0.59375	GIPDVLDE:0.21875	NGIPDVLD:0.21875	SGGVYHKV:0.3125	HDAGDYGR:0.84375	DVSGGWHD:0.46875	GWHDAGDY:0.8125	VSGGWHDA:0.46875	GGWHDAGD:0.84375	TNEVDIYW:0.28125	EVDIYWNS:0.28125	STNEVDIY:0.28125	ESYSTNEV:0.3125	YSTNEVDI:0.28125	SYSTNEVD:0.28125	NEVDIYWN:0.28125	NEITIYWN:0.21875	DVTGGWHD:0.21875	TGGWHDAG:0.28125	IYWNSPLV:0.21875	TIYWNSPL:0.25	VTGGWHDA:0.25	EITIYWNS:0.21875	ITIYWNSP:0.21875	GDYGRYVV:0.53125	IPESGNGV:0.25	ESGNGVPD:0.21875	DFAAVMAM:0.28125	PESGNGVP:0.21875	DYGRYVVP:0.21875	GRYVVATS:0.21875	STTATGDF:0.21875	TTATGDFA:0.21875	DYGRYVVA:0.25	NIPESGNG:0.25	GVYHKVTC:0.3125	RYVVATSK:0.21875	TATGDFAA:0.25	YGRYVVAT:0.21875	
