cluster number:24
GH9:45	GH9:45|CE4:24
DYSTNEPT:0.7555555555555555	DILDEAKW:0.2222222222222222	QIADDRDH:0.4	TNEPTMDG:0.7111111111111111	LFGCNPWG:0.4888888888888889	PFIWCSNN:0.6444444444444445	NATYHLLA:0.2	DASDYLQY:0.5111111111111111	DTARHYQW:0.3333333333333333	SGGWHDAS:0.28888888888888886	STNEPTMD:0.7111111111111111	ANATYHLL:0.2222222222222222	GLDWLLKM:0.2	IWCSNNLT:0.4222222222222222	APYFYEED:0.37777777777777777	YSTNEPTM:0.6888888888888889	IPFIWCSN:0.24444444444444444	DEAKWGLD:0.4	AKWGLDWL:0.28888888888888886	ARHYQWYP:0.4888888888888889	GWHDASDY:0.4888888888888889	WGLDWLLK:0.24444444444444444	TTSANATY:0.24444444444444444	ATYHLLAA:0.2	FIWCSNNL:0.6444444444444445	GGWHDASD:0.4888888888888889	TARHYQWY:0.3111111111111111	YFYEEDNW:0.35555555555555557	LDEAKWGL:0.4222222222222222	ILDEAKWG:0.2222222222222222	DDMELAAA:0.2222222222222222	WLFGCNPW:0.4888888888888889	NEPTMDGT:0.7777777777777778	HDASDYLQ:0.4888888888888889	EPTMDGTA:0.7777777777777778	EAKWGLDW:0.4222222222222222	RYMRQQRS:0.2222222222222222	GIPFIWCS:0.24444444444444444	DVSGGWHD:0.2	RPVYFATG:0.2	SANATYHL:0.2222222222222222	DWLFGCNP:0.4888888888888889	GDYSTNEP:0.6	FDWLFGCN:0.2	VSGGWHDA:0.26666666666666666	RHYQWYPF:0.4888888888888889	PYFYEEDN:0.4666666666666667	WHDASDYL:0.4888888888888889	TSANATYH:0.2222222222222222	LRYMRQQR:0.3333333333333333	GVPFIWCS:0.4222222222222222	VLDEAKWG:0.2222222222222222	VPFIWCSN:0.4222222222222222	GLVDGPVY:0.4	MRQQRCGY:0.4444444444444444	DVLDEAKW:0.2222222222222222	QQRCGYNP:0.4444444444444444	GGLVDGPV:0.5333333333333333	RCGYNPFL:0.2	YGPMPDST:0.2	QRCGYNPF:0.2	GGWHDAGD:0.2222222222222222	RQQRCGYN:0.4444444444444444	GANGIPDI:0.24444444444444444	PDILDEAK:0.2	GIPDILDE:0.26666666666666666	NGIPDILD:0.26666666666666666	IPDILDEA:0.26666666666666666	LKDSCHTH:0.28888888888888886	WCSNNLTV:0.2222222222222222	DGTASLIY:0.2	HDDYGDYS:0.2222222222222222	DSCHTHDG:0.28888888888888886	WIRINQLG:0.24444444444444444	RGVPFIWC:0.2222222222222222	PFLKDSCH:0.35555555555555557	DDYGDYST:0.2222222222222222	FLKDSCHT:0.24444444444444444	KDSCHTHD:0.2222222222222222	GTASLIYL:0.2	DGGLVDGP:0.3111111111111111	TMDGTASL:0.4222222222222222	VYHDDYGD:0.2222222222222222	IDGGLVDG:0.26666666666666666	IRINQLGY:0.3111111111111111	NPFLKDSC:0.35555555555555557	DYGDYSTN:0.2222222222222222	PTMDGTAS:0.4222222222222222	GGLVDGPI:0.2	YGDYSTNE:0.2222222222222222	NPWGTSMV:0.2222222222222222	EDNWVDDM:0.26666666666666666	YHDDYGDY:0.2222222222222222	PIDGGLVD:0.26666666666666666	GCNPWGTS:0.4222222222222222	SDYLQYVT:0.24444444444444444	DYLQYVTT:0.3333333333333333	VTPWMGAD:0.24444444444444444	CNPWGTSM:0.3333333333333333	YQWYPFVN:0.2222222222222222	NQLADDRD:0.24444444444444444	YLQYVTTS:0.3333333333333333	EPVTPWMG:0.2222222222222222	LQYVTTSA:0.3333333333333333	YMRQQRCG:0.26666666666666666	PVTPWMGA:0.2222222222222222	ASDYLQYV:0.28888888888888886	QLADDRDH:0.24444444444444444	YVTTSANA:0.28888888888888886	QYVTTSAN:0.3111111111111111	NPWGTSMI:0.2	HYQWYPFV:0.2222222222222222	FNQLADDR:0.2	NAFYRGVP:0.26666666666666666	YRGVPFIW:0.2	FYRGVPFI:0.2	DNWVDDME:0.24444444444444444	NWVDDMEL:0.2222222222222222	NQIADDRD:0.3111111111111111	AFYRGVPF:0.26666666666666666	ADDRDHAG:0.2222222222222222	RDWLFGCN:0.2222222222222222	FGCNPWGT:0.37777777777777777	VTTSANAT:0.2	RAPYFYEE:0.2	GLNGFILL:0.2222222222222222	TGVASTAG:0.2	YMRQQRSG:0.2222222222222222	YPIDGGLV:0.2222222222222222	LDEARWGL:0.2	WCSNNLTT:0.26666666666666666	GVASTAGK:0.24444444444444444	HDATDYLQ:0.2	DATDYLQY:0.2	RINQLGYL:0.2	GWHDATDY:0.2	GGWHDATD:0.2	INQLGYLP:0.2	WHDATDYL:0.2	
