cluster number:7
GH9:17	GH9:17|3.2.1.4:1
SGGWYDAG:0.35294117647058826	PESGNGIP:0.29411764705882354	IVVDQFGY:0.47058823529411764	IRLLSKFV:0.23529411764705882	AGDYNKYT:0.4117647058823529	KAWWFDFS:0.23529411764705882	VAVIRDPQ:0.23529411764705882	FFYQRAGF:0.23529411764705882	TDDFNIPE:0.29411764705882354	KVAVIRDP:0.29411764705882354	ERDLSGGW:0.23529411764705882	ADVYKPVL:0.23529411764705882	YIRLLSKF:0.29411764705882354	AVRTFFYQ:0.29411764705882354	GDKAWWFD:0.29411764705882354	GFLVGGPN:0.29411764705882354	GLSHASPP:0.23529411764705882	SGDKAWWF:0.23529411764705882	DKAWWFDF:0.29411764705882354	ESGNGIPD:0.29411764705882354	PGFLVGGP:0.29411764705882354	VAYIRLLS:0.23529411764705882	WTDDFNIP:0.29411764705882354	NIPESGNG:0.29411764705882354	VVDQFGYL:0.47058823529411764	GWYDAGDY:0.35294117647058826	VRTFFYQR:0.29411764705882354	NTSWPLNS:0.29411764705882354	DAGDYNKY:0.47058823529411764	FLVGGPNP:0.29411764705882354	FNTSWPLN:0.29411764705882354	YDAGDYNK:0.35294117647058826	FNIPESGN:0.29411764705882354	TSWPLNSW:0.29411764705882354	IPESGNGI:0.29411764705882354	WYDAGDYN:0.35294117647058826	LSHASPPS:0.23529411764705882	DFNIPESG:0.29411764705882354	QVAYIRLL:0.23529411764705882	FIVVDQFG:0.23529411764705882	DFNTSWPL:0.29411764705882354	VDQFGYLP:0.5294117647058824	AYIRLLSK:0.29411764705882354	YGPAPGFL:0.23529411764705882	YQVAYIRL:0.23529411764705882	AWWFDFSS:0.23529411764705882	IWTDDFNI:0.23529411764705882	GGWYDAGD:0.47058823529411764	DDFNIPES:0.35294117647058826	GLGAGQQE:0.4117647058823529	GAGQQETD:0.29411764705882354	PPSAATGP:0.23529411764705882	HASPPSAA:0.35294117647058826	ERDVSGGW:0.23529411764705882	YNIPESGN:0.29411764705882354	RDVSGGWY:0.23529411764705882	SPPSAATG:0.29411764705882354	DYNIPESG:0.29411764705882354	DVSGGWYD:0.23529411764705882	VSGGWYDA:0.23529411764705882	YLHGVNPL:0.47058823529411764	TERDVSGG:0.23529411764705882	HYLHGVNP:0.5294117647058824	GSAKWDSV:0.23529411764705882	ASPPSAAT:0.29411764705882354	LHGVNPLG:0.23529411764705882	AGQQETDD:0.29411764705882354	LGAGQQET:0.29411764705882354	LHYLHGVN:0.35294117647058826	GGWFDAGD:0.4117647058823529	MVYLSNMY:0.35294117647058826	FFYQRSGF:0.23529411764705882	NKYTSWTA:0.29411764705882354	SGNGIPDI:0.23529411764705882	ADGSVLSI:0.23529411764705882	PDIIDEIK:0.23529411764705882	GSVLSIVG:0.23529411764705882	DGSVLSIV:0.23529411764705882	RGGWFDAG:0.23529411764705882	TEPAIYYQ:0.29411764705882354	YHWGSNLV:0.23529411764705882	DAGDTNKY:0.23529411764705882	RPRYYAPK:0.23529411764705882	ITEPAIYY:0.23529411764705882	WEITEPAI:0.23529411764705882	EITEPAIY:0.23529411764705882	
