cluster number:10
GH9:56	GH9:56|CBM3:44|3.2.1.4:7|CBM79:3|CBM64:2|CBM2:2|3.2.1.-:1
LGWGFYEF:0.39285714285714285	PHHRAAHG:0.5178571428571429	HHRAAHGS:0.5178571428571429	VGALAGLY:0.23214285714285715	RAAHGSKT:0.32142857142857145	DYNAAFVG:0.44642857142857145	ELAWAAVW:0.32142857142857145	ARYNTAAQ:0.26785714285714285	DELAWAAV:0.32142857142857145	GGFHDAGD:0.6607142857142857	AWAAVWLY:0.25	RYNTAAQL:0.26785714285714285	WGSARYNT:0.42857142857142855	TLGWGFYE:0.39285714285714285	AQLCALVY:0.25	EVAVDYNA:0.25	LAWAAVWL:0.32142857142857145	HPHHRAAH:0.48214285714285715	YNAAFVGA:0.44642857142857145	NEVAVDYN:0.25	SARYNTAA:0.30357142857142855	GWGFYEFR:0.3392857142857143	GSARYNTA:0.48214285714285715	GFHDAGDH:0.6785714285714286	HRAAHGSK:0.3392857142857143	FHDAGDHV:0.5892857142857143	AAQLCALV:0.23214285714285715	SLAINYLN:0.26785714285714285	WGGVFAKL:0.30357142857142855	HVKFGLPQ:0.26785714285714285	STLGWGFY:0.26785714285714285	HDAGDHVK:0.6607142857142857	DHVKFGLP:0.4642857142857143	VFAKLAPI:0.25	DAGDHVKF:0.6785714285714286	GVFAKLAP:0.30357142857142855	ASLAINYL:0.26785714285714285	HTLWGALV:0.2857142857142857	AINYLNFK:0.26785714285714285	WGSARYNA:0.26785714285714285	SARYNAAA:0.26785714285714285	FRWNLEYW:0.21428571428571427	TWGSARYN:0.2857142857142857	WGALVGGP:0.5357142857142857	LWGALVGG:0.5357142857142857	AAASLAIN:0.26785714285714285	AGDHVKFG:0.6607142857142857	GGVFAKLA:0.30357142857142855	FAKLAPIT:0.25	EVAIDYNA:0.3392857142857143	GSARYNAA:0.26785714285714285	RWNLEYWS:0.30357142857142855	NEVAIDYN:0.3392857142857143	VWGGVFAK:0.30357142857142855	TLWGALVG:0.30357142857142855	AKHPHHRA:0.2857142857142857	LAINYLNF:0.26785714285714285	WNLEYWSG:0.26785714285714285	GALVGGPD:0.6964285714285714	GDHVKFGL:0.4642857142857143	RHTLWGAL:0.25	ARYNAAAQ:0.26785714285714285	AKLAPITN:0.25	EHRHTLWG:0.21428571428571427	AASLAINY:0.3392857142857143	INYLNFKD:0.25	KHPHHRAA:0.35714285714285715	HRHTLWGA:0.23214285714285715	VAIDYNAG:0.23214285714285715	SGGFHDAG:0.35714285714285715	VSGGFHDA:0.2857142857142857	DVSGGFHD:0.26785714285714285	VDVSGGFH:0.23214285714285715	WDTVWGGV:0.32142857142857145	PHHRAASG:0.25	YFYDANMC:0.23214285714285715	SLYFYDAN:0.21428571428571427	FYDANMCG:0.32142857142857145	FVGACAGL:0.26785714285714285	AFVGACAG:0.26785714285714285	NAAFVGAC:0.26785714285714285	VGACAGLY:0.26785714285714285	IDYNAAFV:0.21428571428571427	AAFVGACA:0.26785714285714285	PDGDGTVD:0.25	DPDGDGTV:0.25	LDPDGDGT:0.25	DTVWGGVF:0.26785714285714285	TVWGGVFA:0.21428571428571427	
