cluster number:9
GH9:291	GH9:291|CBM49:50|3.2.1.4:19|3.2.1.-:1|3.2.1.73:1|3.2.1.8:1
GETAAAMA:0.21649484536082475	LVGGYYDA:0.41237113402061853	DLVGGYYD:0.3711340206185567	VDLVGGYY:0.35738831615120276	HYCWQRPE:0.2027491408934708	PGSDLAGE:0.20962199312714777	CWQRPEDM:0.2268041237113402	AAAMAAAS:0.22336769759450173	TAAAMAAA:0.2268041237113402	WQRPEDMT:0.21305841924398625	GLPMAFTV:0.20618556701030927	QRPEDMTT:0.21305841924398625	GSDLAGET:0.20962199312714777	KFGLPMAF:0.36082474226804123	LPMAFTVT:0.20618556701030927	ETAAAMAA:0.23024054982817868	DHYCWQRP:0.2027491408934708	LAGETAAA:0.20962199312714777	GGYYDAGD:0.7835051546391752	SDLAGETA:0.20962199312714777	GVDLVGGY:0.24054982817869416	AGETAAAM:0.21993127147766323	VKFGLPMA:0.38144329896907214	DLAGETAA:0.20618556701030927	FGLPMAFT:0.3436426116838488	VGGYYDAG:0.4261168384879725	SQVDYILG:0.21305841924398625	GDNVKFGL:0.27147766323024053	GYYDAGDN:0.6838487972508591	DAGDNVKF:0.5945017182130584	MSYMVGYG:0.2611683848797251	DNVKFGLP:0.27147766323024053	YDAGDNVK:0.6323024054982818	AGDNVKFG:0.49140893470790376	VAGETAAA:0.24398625429553264	DVAGETAA:0.21993127147766323	AGETAAAL:0.24742268041237114	SDVAGETA:0.21993127147766323	ETAAALAA:0.4536082474226804	TAAALAAA:0.3539518900343643	GETAAALA:0.24742268041237114	AAALAAAS:0.37800687285223367	NVKFGLPM:0.26804123711340205	YYDAGDNV:0.6288659793814433	VAAETAAA:0.20962199312714777	AAETAAAL:0.21649484536082475	AETAAALA:0.21649484536082475	DYILGDNP:0.3161512027491409	GAIVGGPD:0.23711340206185566	HRGSSLPS:0.27491408934707906	QVDYILGD:0.29896907216494845	VDYILGDN:0.30584192439862545	CPFYCSYS:0.28865979381443296	PFYCSYSG:0.28865979381443296	HHRGSSLP:0.27835051546391754	FYCSYSGY:0.27491408934707906	LLWAAAWL:0.2542955326460481	ELLWAAAW:0.2611683848797251	DELLWAAA:0.2646048109965636	AAASIVFR:0.24398625429553264	DLTGGYYD:0.2027491408934708	LTGGYYDA:0.22336769759450173	TGGYYDAG:0.22336769759450173	ELLWGAAW:0.24054982817869416	EPTTYINA:0.2027491408934708	AKRQVDYI:0.21993127147766323	RQVDYILG:0.2268041237113402	KRQVDYIL:0.22336769759450173	GYQDELLW:0.281786941580756	DELLWGAA:0.24054982817869416	LLWGAAWL:0.24054982817869416	EGQRSGKL:0.2268041237113402	ILFFEGQR:0.3230240549828179	FEGQRSGK:0.2027491408934708	KSILFFEG:0.24742268041237114	LFFEGQRS:0.3230240549828179	GQRSGKLP:0.23711340206185566	SILFFEGQ:0.25773195876288657	FFEGQRSG:0.35051546391752575	CWERPEDM:0.5017182130584192	FGFPMAFT:0.20618556701030927	ERPEDMDT:0.4948453608247423	WERPEDMD:0.4948453608247423	IHHRGSSL:0.2268041237113402	FPMAFTTT:0.21649484536082475	RIHHRGSS:0.22336769759450173	KFGFPMAF:0.21993127147766323	RPEDMDTP:0.30927835051546393	PEDMDTPR:0.3161512027491409	
