cluster number:1
GH9:276	GH9:276|CBM3:204|CBM2:69|3.2.1.4:40|GH48:8|CBM64:4|CBM30:2|CBM0:2|GH5_8:2|CBM10:2|CBM5:2|3.2.1.176:1|3.2.1.73:1|CBM8:1|3.2.1.78:1|3.2.1.-:1|GH44:1
DHVKFGLP:0.391304347826087	DHAWWGPA:0.26811594202898553	DAGDHVKF:0.7789855072463768	YDAGDHVK:0.6195652173913043	YGALVGGP:0.6557971014492754	WWGPAEVM:0.4492753623188406	HTLYGALV:0.2536231884057971	AWWGPAEV:0.2463768115942029	HAWWGPAE:0.26811594202898553	QWGSLRYA:0.25	YTPGGLAW:0.23550724637681159	LDQWGSLR:0.23550724637681159	LTGGWYDA:0.5108695652173914	WGPAEVMP:0.26811594202898553	TGGWYDAG:0.5144927536231884	GWYDAGDH:0.5652173913043478	FYEAQRSG:0.3007246376811594	LYGALVGG:0.6521739130434783	NEVATDYN:0.427536231884058	HRTAHGSW:0.4782608695652174	HHRTAHGS:0.48188405797101447	DLTGGWYD:0.5036231884057971	AGDHVKFG:0.5942028985507246	PHHRTAHG:0.5072463768115942	NWRGDSGL:0.2318840579710145	FGLPMAYS:0.21014492753623187	DQWGSLRY:0.23550724637681159	LFYEAQRS:0.2391304347826087	GDHVKFGL:0.391304347826087	HPHHRTAH:0.286231884057971	TYTPGGLA:0.2210144927536232	EVATDYNA:0.39492753623188404	KFGLPMAY:0.21739130434782608	TLYGALVG:0.2608695652173913	VKFGLPMA:0.3079710144927536	TPGGLAWL:0.2318840579710145	GPAEVMPM:0.2644927536231884	WYDAGDHV:0.5652173913043478	RHTLYGAL:0.2463768115942029	GGWYDAGD:0.6195652173913043	DYNAAFTG:0.21739130434782608	HVKFGLPM:0.3079710144927536	DYNAGFVG:0.2536231884057971	VGLDLTGG:0.2644927536231884	EVACDYNA:0.2028985507246377	DVGLDLTG:0.2572463768115942	GLDLTGGW:0.2753623188405797	NYGEALQK:0.2391304347826087	VATDYNAG:0.2391304347826087	ATDYNAGF:0.22826086956521738	HVKFGFPM:0.213768115942029	VLYGALVG:0.21014492753623187	RHVLYGAL:0.2028985507246377	HVLYGALV:0.21014492753623187	VKFGFPMA:0.2210144927536232	DHVKFGFP:0.2210144927536232	GDHVKFGF:0.2210144927536232	GALVGGPS:0.213768115942029	
