cluster number:139
GT2:61	GT2:61|2.4.1.83:2
VMDADLQH:0.22950819672131148	SDPMSGFF:0.7540983606557377	RTTERGLS:0.21311475409836064	ADLQHPPE:0.7213114754098361	VRTTERGL:0.21311475409836064	TERGLSSA:0.21311475409836064	MDADLQHP:0.8688524590163934	DADLQHPP:0.8688524590163934	ERGLSSAV:0.7377049180327869	RGLSSAVI:0.2459016393442623	TTERGLSS:0.21311475409836064	DPMSGFFG:0.7540983606557377	VDDNSRDG:0.2786885245901639	GFKIALEL:0.39344262295081966	FKIALELL:0.3770491803278688	LSSAVLKG:0.29508196721311475	SVIVPAYH:0.22950819672131148	FFGLQKKY:0.3770491803278688	SGFFGLQK:0.45901639344262296	FGVRTEGE:0.4098360655737705	KIALELLA:0.3114754098360656	KGFYEAKG:0.21311475409836064	GLSSAVLK:0.29508196721311475	IFVDDNSQ:0.3442622950819672	MSGFFGLQ:0.4918032786885246	ELIFVDDN:0.4426229508196721	NSQGFKIA:0.21311475409836064	ISSTARMM:0.2459016393442623	RYAPGVGI:0.4262295081967213	YLVCMDAD:0.22950819672131148	SKLSGKVI:0.36065573770491804	VIVPAYHE:0.22950819672131148	NIKPLTTR:0.3770491803278688	LQQLKELY:0.21311475409836064	YHEKLNIK:0.21311475409836064	PMSGFFGL:0.5245901639344263	IKPLTTRL:0.3770491803278688	SSAVLKGF:0.29508196721311475	IQYLQQLK:0.21311475409836064	VRTEGESK:0.4098360655737705	SQGFKIAL:0.21311475409836064	YLQQLKEL:0.21311475409836064	ESKLSGKV:0.4426229508196721	GTRYAPGV:0.47540983606557374	TRYAPGVG:0.4262295081967213	TELIFVDD:0.4426229508196721	NVRIIVRT:0.3770491803278688	IALELLAK:0.29508196721311475	RRVISSTA:0.2786885245901639	FVDDNSQD:0.36065573770491804	VISSTARM:0.2459016393442623	GFFGLQKK:0.4098360655737705	LGTRYAPG:0.39344262295081966	INSQGFKI:0.21311475409836064	TEGESKLS:0.4262295081967213	GESKLSGK:0.4426229508196721	QGYNVRII:0.3114754098360656	ELLAKLPL:0.2786885245901639	EGESKLSG:0.4426229508196721	QGFKIALE:0.29508196721311475	KLNIKPLT:0.36065573770491804	LIFVDDNS:0.4426229508196721	PGVGIDKD:0.4262295081967213	STARMMAR:0.2459016393442623	DDNSQDGS:0.39344262295081966	ASDPMSGF:0.5737704918032787	KTELIFVD:0.22950819672131148	GSVEEVDA:0.21311475409836064	GVGIDKDW:0.4426229508196721	LLAKLPLP:0.2786885245901639	VPAYHEKL:0.2459016393442623	QYLQQLKE:0.21311475409836064	VGIDKDWP:0.4426229508196721	QDGSVEEV:0.3770491803278688	APGVGIDK:0.4262295081967213	HEKLNIKP:0.21311475409836064	YRRVISST:0.2459016393442623	RGLSSAVL:0.3770491803278688	KPLTTRLF:0.3770491803278688	GVRTEGES:0.4098360655737705	ALELLAKL:0.29508196721311475	LELLAKLP:0.2786885245901639	RTEGESKL:0.45901639344262296	CMDADLQH:0.639344262295082	FGLQKKYL:0.3770491803278688	RVISSTAR:0.2786885245901639	SVEEVDAL:0.21311475409836064	SGKVIIQY:0.26229508196721313	LNIKPLTT:0.3770491803278688	SSTARMMA:0.2459016393442623	GKVIIQYL:0.26229508196721313	GYNVRIIV:0.3770491803278688	SQDGSVEE:0.3770491803278688	PLTTRLFA:0.36065573770491804	YNVRIIVR:0.36065573770491804	AYHEKLNI:0.2459016393442623	LSGKVIIQ:0.26229508196721313	PAYHEKLN:0.2459016393442623	DNSQDGSV:0.39344262295081966	KLSGKVII:0.26229508196721313	YAPGVGID:0.4262295081967213	EKLNIKPL:0.36065573770491804	SAVLKGFY:0.21311475409836064	VCMDADLQ:0.3114754098360656	NSQDGSVE:0.39344262295081966	LVCMDADL:0.3114754098360656	VDDNSQDG:0.39344262295081966	DGSVEEVD:0.22950819672131148	RMMARPLT:0.3114754098360656	TARMMARP:0.2459016393442623	ARMMARPL:0.3114754098360656	ICMDADLQ:0.22950819672131148	DKDWPLYR:0.2459016393442623	PLYRRVIS:0.2459016393442623	DWPLYRRV:0.2459016393442623	DGSVEEVE:0.2786885245901639	GIDKDWPL:0.29508196721311475	LQHPPESV:0.39344262295081966	WPLYRRVI:0.2459016393442623	DDNSRDGS:0.26229508196721313	NSRDGSVE:0.22950819672131148	RLFAALGN:0.26229508196721313	TTRLFAAL:0.21311475409836064	IDKDWPLY:0.2459016393442623	KDWPLYRR:0.2459016393442623	DNSRDGSV:0.22950819672131148	QHPPESVP:0.39344262295081966	LTTRLFAA:0.21311475409836064	TRLFAALG:0.2459016393442623	DLQHPPES:0.39344262295081966	GFKIALDL:0.21311475409836064	FKIALDLL:0.21311475409836064	IIVRTDER:0.21311475409836064	RTDERGLS:0.22950819672131148	TDERGLSS:0.22950819672131148	DERGLSSA:0.22950819672131148	IVRTDERG:0.21311475409836064	VRTDERGL:0.22950819672131148	
