cluster number:1120
GT2:22	GT2:22
PPSFRNAL:0.3181818181818182	RPPSFRNA:0.22727272727272727	FCDQDDIW:0.3181818181818182	AFCDQDDI:0.3181818181818182	LAFVLGRI:0.22727272727272727	ALVQSIAG:0.6818181818181818	DFYAFSDQ:0.2727272727272727	TATMTETG:0.2727272727272727	AVLMGTKD:0.22727272727272727	RQHAANLV:0.3181818181818182	TMTETGSL:0.2727272727272727	LVRYRQHA:0.22727272727272727	EPDRLESA:0.3181818181818182	LAVNRDLL:0.2727272727272727	YLAFVLGR:0.22727272727272727	ADFYAFSD:0.22727272727272727	DLWISDDG:0.2727272727272727	NLVGANVS:0.3181818181818182	SFRNALVQ:0.36363636363636365	GLYLAFVL:0.22727272727272727	RIAVLMGT:0.22727272727272727	VSRLGRLF:0.2727272727272727	YDPRPLVR:0.22727272727272727	LRIAVLMG:0.22727272727272727	PRPLVRYR:0.22727272727272727	WEPDRLES:0.3181818181818182	GLAVNRDL:0.2727272727272727	VSHDWWAY:0.45454545454545453	FCSRTATM:0.2727272727272727	RTATMTET:0.2727272727272727	SHDWWAYL:0.45454545454545453	CSRTATMT:0.2727272727272727	ATMTETGS:0.2727272727272727	DLRIAVLM:0.22727272727272727	SRTATMTE:0.2727272727272727	ARVSRLGR:0.2727272727272727	QSIAGGNT:0.6818181818181818	AANFRSMI:0.3181818181818182	GFVSHDWW:0.2727272727272727	SRLGRLFK:0.2727272727272727	FVSHDWWA:0.3181818181818182	GRLFKGEF:0.2727272727272727	LGRLFKGE:0.2727272727272727	LMFCSRTA:0.2727272727272727	LWISDDGS:0.2727272727272727	YAFSDQDD:0.5	HAANLVGA:0.3181818181818182	LYLAFVLG:0.22727272727272727	LGLYLAFV:0.22727272727272727	VQSIAGGN:0.6818181818181818	IEAWKSRW:0.2727272727272727	FRNALVQS:0.5909090909090909	PLVRYRQH:0.22727272727272727	VRYRQHAA:0.22727272727272727	YRQHAANL:0.3181818181818182	AGGNTILL:0.2727272727272727	IAGGNTIL:0.2727272727272727	TGFVSHDW:0.2727272727272727	DPRPLVRY:0.22727272727272727	DDGSVDGT:0.22727272727272727	PLMFCSRT:0.2727272727272727	VLMGTKDG:0.22727272727272727	RVSRLGRL:0.2727272727272727	FAANFRSM:0.3181818181818182	IIEAWKSR:0.2727272727272727	IAVLMGTK:0.22727272727272727	LVQSIAGG:0.6818181818181818	FYAFSDQD:0.2727272727272727	SDDGSVDG:0.22727272727272727	RNALVQSI:0.5454545454545454	SIAGGNTI:0.2727272727272727	PSFRNALV:0.36363636363636365	RLFKGEFA:0.2727272727272727	MFCSRTAT:0.2727272727272727	WISDDGSV:0.22727272727272727	LMGTKDGA:0.2727272727272727	RYRQHAAN:0.22727272727272727	AANLVGAN:0.3181818181818182	RPLVRYRQ:0.22727272727272727	RTGFVSHD:0.2727272727272727	AVNRDLLT:0.2727272727272727	ANLVGANV:0.3181818181818182	GFAANFRS:0.3181818181818182	RLGRLFKG:0.2727272727272727	GGNTILLN:0.2727272727272727	ISDDGSVD:0.22727272727272727	QHAANLVG:0.3181818181818182	LVGANVSW:0.3181818181818182	NALVQSIA:0.6818181818181818	DDGSTDGT:0.22727272727272727	SDDGSTDG:0.22727272727272727	IAGGNTMV:0.3181818181818182	SIAGGNTM:0.4090909090909091	YAFCDQDD:0.3181818181818182	YYAFSDQD:0.22727272727272727	DCYAFCDQ:0.22727272727272727	MGTKDGAA:0.22727272727272727	GTKDGAAF:0.2727272727272727	CYAFCDQD:0.22727272727272727	TKDGAAFI:0.22727272727272727	TETGSLVG:0.22727272727272727	PDRLESAI:0.22727272727272727	MTETGSLV:0.22727272727272727	ADCYAFCD:0.22727272727272727	RSGVYRQT:0.22727272727272727	
