cluster number:154
GT2:17	GT2:17
ALAAGADI:0.29411764705882354	IVVGDRGV:0.35294117647058826	TDADGQYE:0.23529411764705882	AISREAAQ:0.29411764705882354	DIVVGDRG:0.35294117647058826	RPSRLFKS:0.5294117647058824	IIQIPCLN:0.35294117647058826	MLIQAGRK:0.6470588235294118	GADIIVNT:0.6470588235294118	SYTTDMLI:0.5294117647058824	DIIVNTDA:0.5294117647058824	VNTDADGQ:0.4117647058823529	AVSGFRAI:0.7058823529411765	YTTDMLIQ:0.5294117647058824	AHFGPFKR:0.23529411764705882	RHRRNRGL:0.23529411764705882	NAHFGPFK:0.23529411764705882	VRHRRNRG:0.23529411764705882	TEFSYTTD:0.5294117647058824	SRLFKSIP:0.35294117647058826	ITTEFSYT:0.5294117647058824	PSRLFKSI:0.35294117647058826	TDAVSGFR:0.29411764705882354	DMLIQAGR:0.5294117647058824	TTDMLIQA:0.5294117647058824	LIIQIPCL:0.35294117647058826	NTDADGQY:0.4117647058823529	TDMLIQAG:0.5294117647058824	RLFKSIPR:0.29411764705882354	ADIVVGDR:0.35294117647058826	QIPCLNEA:0.47058823529411764	ISREAAQR:0.29411764705882354	FSYTTDML:0.5294117647058824	HRRNRGLA:0.35294117647058826	ADIIVNTD:0.6470588235294118	IIVNTDAD:0.5294117647058824	FRAISREA:0.35294117647058826	LIQAGRKR:0.5882352941176471	IPCLNEAE:0.4117647058823529	NRGLAAAF:0.4117647058823529	FKSIPRFI:0.29411764705882354	IQAGRKRL:0.35294117647058826	RAISREAA:0.35294117647058826	ITDAVSGF:0.29411764705882354	LFKSIPRF:0.29411764705882354	SLVIGGSL:0.29411764705882354	LAAGADII:0.29411764705882354	TTEFSYTT:0.5294117647058824	DAVSGFRA:0.7058823529411765	SGFRAISR:0.7058823529411765	GFRAISRE:0.35294117647058826	AGADIIVN:0.29411764705882354	IQIPCLNE:0.47058823529411764	VSGFRAIS:0.7058823529411765	QSLVIGGS:0.29411764705882354	DADGQYEG:0.23529411764705882	IVNTDADG:0.4117647058823529	EFSYTTDM:0.5294117647058824	AAGADIIV:0.29411764705882354	ISRDAAQR:0.23529411764705882	GFRAISRD:0.23529411764705882	LAAAFRSG:0.23529411764705882	IDGIDTIE:0.29411764705882354	NITTEFSY:0.29411764705882354	RAISRDAA:0.23529411764705882	PATLAALP:0.23529411764705882	LPATLAAL:0.23529411764705882	RGLAAAFR:0.23529411764705882	FRAISRDA:0.23529411764705882	IEILVIDD:0.23529411764705882	LVIDDGST:0.29411764705882354	VRHRTNRG:0.29411764705882354	DGIDTIEI:0.29411764705882354	QRINITTE:0.29411764705882354	HRTNRGLA:0.29411764705882354	RHRTNRGL:0.29411764705882354	ATLAALPR:0.23529411764705882	RINITTEF:0.29411764705882354	WGVHHVVR:0.23529411764705882	AISRDAAQ:0.23529411764705882	GLAAAFRS:0.23529411764705882	RTNRGLAA:0.29411764705882354	VHHVVRHR:0.29411764705882354	EILVIDDG:0.35294117647058826	ILVIDDGS:0.4117647058823529	SLVIGGAL:0.29411764705882354	GIDTIEIL:0.29411764705882354	GGALLVLG:0.29411764705882354	IGGALLVL:0.23529411764705882	DDGSTDNT:0.23529411764705882	INITTEFS:0.29411764705882354	GVHHVVRH:0.29411764705882354	SDAVSGFR:0.23529411764705882	LVIGGALL:0.29411764705882354	QSLVIGGA:0.29411764705882354	TNRGLAAA:0.23529411764705882	VIGGALLV:0.23529411764705882	AAQRINIT:0.29411764705882354	VIDDGSTD:0.29411764705882354	AQRINITT:0.29411764705882354	IDDGSTDN:0.23529411764705882	GGGHIQSL:0.23529411764705882	GHIQSLVI:0.47058823529411764	IQSLVIGG:0.4117647058823529	DIVIGDRG:0.23529411764705882	KLIIQIPC:0.35294117647058826	GGHIQSLV:0.23529411764705882	DGQYEGAD:0.23529411764705882	QYEGADIA:0.23529411764705882	GQYEGADI:0.23529411764705882	MTKLIIQI:0.23529411764705882	HIQSLVIG:0.47058823529411764	ADIVIGDR:0.23529411764705882	TKLIIQIP:0.23529411764705882	LAEGADII:0.23529411764705882	IVIGDRGV:0.23529411764705882	EGADIIVN:0.23529411764705882	AEGADIIV:0.23529411764705882	IQAGRKRM:0.23529411764705882	QAGRKRMA:0.23529411764705882	AGRKRMAI:0.23529411764705882	
