cluster number:606
GT2:22	GT2:22
QHGVIGVS:0.22727272727272727	TAQDNSYH:0.22727272727272727	IGVSRVNH:0.22727272727272727	YVAFLDAD:0.4090909090909091	IVDDGSTD:0.22727272727272727	IIIVDDGS:0.2727272727272727	HGVIGVSR:0.22727272727272727	EYVAFLDA:0.22727272727272727	DTAQDNSY:0.22727272727272727	AQDNSYHL:0.22727272727272727	GVIGVSRV:0.22727272727272727	VAFLDADD:0.4090909090909091	VDDGSTDN:0.22727272727272727	EIIIVDDG:0.22727272727272727	VIGVSRVN:0.22727272727272727	AFLDADDY:0.2727272727272727	IIVDDGST:0.22727272727272727	EIIVVDDG:0.3181818181818182	VSAARNAG:0.2727272727272727	VVDDGSTD:0.3181818181818182	IIVVDDGS:0.3181818181818182	GVSAARNA:0.2727272727272727	IVVDDGST:0.3181818181818182	
