cluster number:1375
GT2:36	GT2:36|GT1:26
LLVSTRRL:0.2222222222222222	TRRLEEEG:0.2222222222222222	GEGMGHAI:0.6666666666666666	MKLSIIIP:0.5833333333333334	FEQILNAI:0.25	AGCYGILT:0.25	KLGYGEFH:0.25	FDEDLDFG:0.2222222222222222	EQILNAIY:0.25	GFDEDLDF:0.2222222222222222	STRRLEEE:0.2222222222222222	VESIKPHG:0.2222222222222222	KPHGAGCY:0.6666666666666666	LEKLGYGE:0.25	SIKPHGAG:0.25	GAGCYGIL:0.2777777777777778	IISDFEFY:0.2222222222222222	LGYGEFHE:0.2777777777777778	ESIKPHGA:0.25	EGMGHAIR:0.6666666666666666	IKPHGAGC:0.6944444444444444	LSIIIPTY:0.25	PHGAGCYG:0.6666666666666666	QFEQILNA:0.4166666666666667	EDLDFGED:0.2222222222222222	SDFEFYSN:0.25	LGIAITQI:0.3055555555555556	YLEKLGYG:0.25	VSTRRLEE:0.2222222222222222	YLLFLDSD:0.3055555555555556	HGAGCYGI:0.6388888888888888	CGEGMGHA:0.6666666666666666	DLGIAITQ:0.2222222222222222	KLSIIIPT:0.4444444444444444	ISDFEFYS:0.25	SIIIPTYN:0.3333333333333333	IIIPTYNE:0.3333333333333333	EKLGYGEF:0.25	IIPTYNEE:0.3333333333333333	DEDLDFGE:0.2222222222222222	ISIDNMHV:0.2222222222222222	EIGGFNTV:0.2777777777777778	GEDTDYIE:0.5833333333333334	YNEEEYLP:0.3611111111111111	TYNEEEYL:0.2777777777777778	GAGCYGII:0.25	IGGFNTVY:0.5	FGEDTDYI:0.5833333333333334	PTYNEEEY:0.2777777777777778	IPLISLDN:0.2222222222222222	YEVIVADA:0.4722222222222222	DYEVIVAD:0.4444444444444444	IPTYNEEE:0.3055555555555556	YEIGGFNT:0.25	PLISLDNI:0.2222222222222222	EDTDYIER:0.5277777777777778	LGIAITQM:0.3611111111111111	VYEIGGFN:0.25	SVPVKKQF:0.2222222222222222	GLPAVGRN:0.2777777777777778	DTDYIERI:0.4166666666666667	LDSDVILT:0.25	VYQTSDSN:0.2222222222222222	VPVKKQFE:0.2222222222222222	HVLVYQTS:0.2777777777777778	GFTLISEA:0.3888888888888889	FTLISEAL:0.3611111111111111	IIPTFNEE:0.2222222222222222	ESIKRQDF:0.25	EFYSNLLS:0.2222222222222222	GFNTVYED:0.3888888888888889	FLDSDVIL:0.25	DFGEDTDY:0.5	NGGFTLIS:0.3888888888888889	LLESIKRQ:0.2777777777777778	PVKKQFEQ:0.2777777777777778	TDYIERIG:0.3611111111111111	LFLDSDVI:0.25	VIVADAGS:0.2222222222222222	YSVCGEGM:0.3888888888888889	VEGGLPAV:0.2222222222222222	TLISEALY:0.3333333333333333	LSIIIPTF:0.2222222222222222	GGFTLISE:0.3888888888888889	IFASDRAY:0.3611111111111111	FNTVYEDN:0.3888888888888889	FEFYSNLL:0.2222222222222222	EGGLPAVG:0.2222222222222222	GGFNTVYE:0.3888888888888889	EVIVADAG:0.2222222222222222	GGLPAVGR:0.2777777777777778	AVGRNRGA:0.2777777777777778	VCGEGMGH:0.4722222222222222	LVYQTSDS:0.2222222222222222	KQFEQILN:0.2222222222222222	ISQFKVLR:0.25	SIIIPTFN:0.2222222222222222	LISEALYL:0.3611111111111111	PAVGRNRG:0.2777777777777778	LESIKRQD:0.25	LDFGEDTD:0.4166666666666667	DFEFYSNL:0.2222222222222222	SVCGEGMG:0.3888888888888889	IIIPTFNE:0.2222222222222222	DESLDFGE:0.2222222222222222	HAIRSGVI:0.25	ESLDFGED:0.2222222222222222	IPLISIDN:0.2222222222222222	VSIRRLEK:0.2222222222222222	AIRSGVIL:0.2222222222222222	TNGGFTLI:0.25	LVSIRRLE:0.2222222222222222	MGHAIRSG:0.3055555555555556	ITNGGFTL:0.25	IRRLEKEG:0.2222222222222222	SIRRLEKE:0.2222222222222222	GHAIRSGV:0.3333333333333333	LLLFLDAD:0.2222222222222222	VSDFEFYA:0.2222222222222222	AVITNGGF:0.25	VITNGGFT:0.2222222222222222	GFDESLDF:0.2222222222222222	SLDFGEDT:0.2222222222222222	GMGHAIRS:0.4166666666666667	FDESLDFG:0.2222222222222222	EYLLFLDS:0.2222222222222222	GEYLLFLD:0.25	
