cluster number:1624
GT2:56	GT2:56
FLDSDDVL:0.6964285714285714	NSGGCGTP:0.5357142857142857	GGCGTPRN:0.5357142857142857	GLCVRREL:0.48214285714285715	LCVRRELP:0.48214285714285715	SGGCGTPR:0.5357142857142857	VRDTLCVN:0.26785714285714285	ACVRRELP:0.21428571428571427	DLRMYVRE:0.25	FVFTARVL:0.375	VHDLYGRL:0.25	RVLAAAPR:0.3392857142857143	LVRDTLCV:0.26785714285714285	FLDHDLRM:0.25	CGTPRNDG:0.3392857142857143	MFLDSDDV:0.5714285714285714	LAAAPRIA:0.25	HDLYGRLA:0.25	ARVLAAAP:0.3392857142857143	VMFLDSDD:0.5357142857142857	TARVLAAA:0.30357142857142855	TLCVNKLY:0.6785714285714286	DSDDVLPP:0.5892857142857143	SDDVLPPG:0.5357142857142857	DTLCVNKL:0.6785714285714286	GCGTPRND:0.3392857142857143	FTARVLAA:0.48214285714285715	LDSDDVLP:0.6607142857142857	RVHDLYGR:0.25	DHDLRMYV:0.25	RDTLCVNK:0.30357142857142855	GACVRREL:0.21428571428571427	HDLRMYVR:0.25	EDFVFTAR:0.4107142857142857	YEDFVFTA:0.4107142857142857	DFVFTARV:0.4107142857142857	LRMYVREL:0.2857142857142857	DDVLPPGA:0.5357142857142857	VFTARVLA:0.4642857142857143	VLAAAPRI:0.25	KFLDHDLR:0.25	LDHDLRMY:0.25	CVRRELPS:0.39285714285714285	VLLVQPYA:0.23214285714285715	GTPRNDGI:0.21428571428571427	KLYRTDFL:0.26785714285714285	VVVIGYND:0.21428571428571427	RELPSGRE:0.3392857142857143	LVHDTLCV:0.3392857142857143	VRRELPSG:0.39285714285714285	AVDDCSTD:0.35714285714285715	PYVMFLDS:0.3392857142857143	RLSISLDR:0.21428571428571427	IAVDDCST:0.26785714285714285	RLVHDTLC:0.26785714285714285	YVMFLDSD:0.4107142857142857	RSALAQGP:0.3392857142857143	EVIAVDDC:0.2857142857142857	RRELPSGR:0.35714285714285715	VRSALAQG:0.48214285714285715	VIAVDDCS:0.2857142857142857	LYRTDFLR:0.26785714285714285	VYVWHVRR:0.5178571428571429	LLVQPYAT:0.26785714285714285	AVRSALAQ:0.5178571428571429	NKLYRTDF:0.25	HDTLCVNK:0.35714285714285715	LRLHELYG:0.26785714285714285	VHDTLCVN:0.32142857142857145	ADAVRSAL:0.21428571428571427	CVNKLYRT:0.3392857142857143	DAVRSALA:0.44642857142857145	VNKLYRTD:0.25	RLHELYGR:0.25	LCVNKLYR:0.3392857142857143	SGLCVRRE:0.21428571428571427	PRLVHDTL:0.25	VPDRVYVW:0.25	HGIRFPEG:0.23214285714285715	YATHSGAL:0.26785714285714285	GALALRVA:0.25	GIRFPEGR:0.23214285714285715	HSGALALR:0.25	PYATHSGA:0.26785714285714285	LPRLRELA:0.21428571428571427	LVPDRVYV:0.23214285714285715	DVLPPGAV:0.3392857142857143	DLPRLREL:0.21428571428571427	VWHVRRSA:0.26785714285714285	SALAQGPA:0.26785714285714285	ALAQGPAV:0.26785714285714285	YVWHVRRS:0.26785714285714285	THSGALAL:0.25	ATHSGALA:0.2857142857142857	APYVMFLD:0.21428571428571427	SGGCGSPR:0.26785714285714285	ELAARPAR:0.21428571428571427	LPPGAVDA:0.23214285714285715	GGCGSPRN:0.26785714285714285	PGAVDALL:0.23214285714285715	VLPPGAVD:0.23214285714285715	VDDCSTDG:0.23214285714285715	LAARPARL:0.21428571428571427	PPGAVDAL:0.23214285714285715	QPYATHSG:0.23214285714285715	IRFPEGRF:0.23214285714285715	NSGGCGSP:0.26785714285714285	
