cluster number:2496
GT2:6	GT2:6|GT32:2
NLPGELHE:0.5	RCLGAVVD:0.5	IVKNEMAN:0.5	VKNEMANL:0.5	GAVVDHID:0.5	NFEQARND:0.3333333333333333	NEMANLQR:0.5	TGSTDGTQ:0.8333333333333334	EFPFHNFE:0.5	QDFIKSFF:0.3333333333333333	CLGAVVDH:0.5	CVIGDTGS:0.3333333333333333	DRCSAEGI:0.3333333333333333	RCSAEGIA:0.3333333333333333	GSTDGTQD:0.8333333333333334	IKSFFAAR:0.3333333333333333	MANLQRCL:0.5	AVVDHIDC:0.5	DGTQDFIK:0.5	VVDHIDCC:0.3333333333333333	PGELHEFP:0.5	ARNDRCSA:0.3333333333333333	FIKSFFAA:0.3333333333333333	LHEFPFHN:0.5	LPGELHEF:0.5	IGDTGSTD:0.8333333333333334	GTQDFIKS:0.3333333333333333	FEQARNDR:0.3333333333333333	MANGKRLC:0.3333333333333333	HNFEQARN:0.5	RNLPGELH:0.5	NLQRCLGA:0.5	FAARNLPG:0.5	ARNLPGEL:0.5	QRCLGAVV:0.5	DFIKSFFA:0.3333333333333333	IDCCVIGD:0.3333333333333333	DCCVIGDT:0.3333333333333333	KNEMANLQ:0.5	KSFFAARN:0.3333333333333333	ELHEFPFH:0.5	ANLQRCLG:0.5	FFAARNLP:0.5	HEFPFHNF:0.5	SFFAARNL:0.3333333333333333	QARNDRCS:0.3333333333333333	HIDCCVIG:0.3333333333333333	EMANLQRC:0.5	STDGTQDF:0.6666666666666666	MIVKNEMA:0.5	TDGTQDFI:0.6666666666666666	DHIDCCVI:0.3333333333333333	CCVIGDTG:0.3333333333333333	DTGSTDGT:1.0	EQARNDRC:0.3333333333333333	VDHIDCCV:0.3333333333333333	LGAVVDHI:0.5	RNDRCSAE:0.3333333333333333	VIGDTGST:0.8333333333333334	TQDFIKSF:0.3333333333333333	NDRCSAEG:0.3333333333333333	LQRCLGAV:0.5	ANGKRLCL:0.3333333333333333	PFHNFEQA:0.5	AARNLPGE:0.5	GELHEFPF:0.5	FPFHNFEQ:0.5	FHNFEQAR:0.5	GDTGSTDG:0.8333333333333334	CLNMIVKN:0.6666666666666666	NMIVKNEM:0.3333333333333333	LNMIVKNE:0.6666666666666666	LCLNMIVK:0.3333333333333333	GKRLCLNM:0.3333333333333333	KRLCLNMI:0.3333333333333333	NGKRLCLN:0.3333333333333333	RLCLNMIV:0.3333333333333333	RYHGVTHE:0.3333333333333333	WVIGDTGS:0.5	YLLFDDAD:0.3333333333333333	YDLARFYR:0.3333333333333333	DMELVVED:0.5	DHAYASPL:0.3333333333333333	ADMELVVE:0.5	EPLYDLAR:0.3333333333333333	LYDLARFY:0.3333333333333333	ELVVEDAG:0.3333333333333333	PLYDLARF:0.3333333333333333	ARYHGVTH:0.3333333333333333	MELVVEDA:0.3333333333333333	VTHEYLDV:0.3333333333333333	LFDDADME:0.3333333333333333	ALDHAYAS:0.3333333333333333	YHGVTHEY:0.3333333333333333	LLFDDADM:0.3333333333333333	CWVIGDTG:0.5	GVTHEYLD:0.5	LDHAYASP:0.3333333333333333	HGVTHEYL:0.3333333333333333	RAEPLYDL:0.3333333333333333	DYLLFDDA:0.3333333333333333	LVVEDAGF:0.3333333333333333	VVEDAGFR:0.3333333333333333	GARYHGVT:0.3333333333333333	DADMELVV:0.5	THEYLDVP:0.3333333333333333	AEPLYDLA:0.3333333333333333	ISCWVIGD:0.3333333333333333	GGWAEEVW:0.3333333333333333	ICLNMIVK:0.3333333333333333	WAEEVWYS:0.3333333333333333	SCWVIGDT:0.3333333333333333	GWAEEVWY:0.3333333333333333	
