cluster number:2148
GT2:27	GT2:27
MKLSVVIP:0.4444444444444444	IPVLVQLY:0.4074074074074074	LHRFIPVL:0.6296296296296297	FMVFFQKY:0.37037037037037035	QNKKPYII:0.4444444444444444	TGFIAEFI:0.4074074074074074	IRTLTDVH:0.2222222222222222	LYGELHRF:0.6666666666666666	ESQNKKPY:0.5185185185185185	MRTYYESQ:0.5555555555555556	HEIILVDD:0.3333333333333333	LSVVIPVM:0.4074074074074074	IPVMNEEE:0.2222222222222222	KNLGLYGE:0.5555555555555556	RAGRKDGM:0.2962962962962963	IILVDDGS:0.4074074074074074	IMRTYYES:0.48148148148148145	IAEFIMRT:0.4074074074074074	AEFIMRTY:0.48148148148148145	FIPVLVQL:0.4074074074074074	VLVQLYGA:0.4074074074074074	SVVIPVMN:0.4074074074074074	ELHRFIPV:0.5925925925925926	DVVAGRRA:0.4074074074074074	LVQLYGAR:0.2222222222222222	GELHRFIP:0.6296296296296297	VIPVMNEE:0.25925925925925924	NLGLYGEL:0.5555555555555556	GFIAEFIM:0.4074074074074074	ELIATMDG:0.37037037037037035	GRRAGRKD:0.2962962962962963	FIAEFIMR:0.4074074074074074	EIILVDDG:0.37037037037037035	GLYGELHR:0.6296296296296297	IQLITTGF:0.5185185185185185	TMDGDLQN:0.4444444444444444	KLSVVIPV:0.4074074074074074	ITTGFIAE:0.48148148148148145	PVLVQLYG:0.4074074074074074	VAGRRAGR:0.3333333333333333	DGDLQNDP:0.7407407407407407	RRAGRKDG:0.2962962962962963	EFIMRTYY:0.4444444444444444	SQNKKPYI:0.4444444444444444	LVDDGSTD:0.4444444444444444	FIMRTYYE:0.4444444444444444	VQLYGARM:0.2222222222222222	ILVDDGST:0.37037037037037035	LITTGFIA:0.4444444444444444	QLITTGFI:0.4444444444444444	LDVVAGRR:0.4074074074074074	YYESQNKK:0.5555555555555556	MDGDLQND:0.48148148148148145	VVIPVMNE:0.4074074074074074	KNYGQTTA:0.37037037037037035	VAKNLGLY:0.5555555555555556	AGRRAGRK:0.2962962962962963	LIATMDGD:0.4074074074074074	QKPMHLFG:0.5185185185185185	LGLYGELH:0.6296296296296297	IATMDGDL:0.4444444444444444	TTGFIAEF:0.4074074074074074	NKKPYIIR:0.37037037037037035	GELIATMD:0.37037037037037035	RFIPVLVQ:0.4074074074074074	HRFIPVLV:0.4444444444444444	VVAGRRAG:0.3333333333333333	YGELHRFI:0.6296296296296297	AKNLGLYG:0.5925925925925926	YESQNKKP:0.48148148148148145	ATMDGDLQ:0.4444444444444444	TYYESQNK:0.5925925925925926	GIQLITTG:0.5185185185185185	RTYYESQN:0.5925925925925926	NKNYGQTT:0.37037037037037035	SKYGIGRT:0.48148148148148145	KDVAKNLG:0.3333333333333333	RTFKVLSD:0.37037037037037035	PMHLFGTL:0.37037037037037035	YGIGRTFK:0.2962962962962963	KPMHLFGT:0.4444444444444444	MHLFGTLG:0.37037037037037035	DIGGRPLL:0.2222222222222222	YGCTLKVF:0.48148148148148145	EEVDVRHH:0.25925925925925924	IGRTFKVL:0.25925925925925924	GRTFKVLS:0.2962962962962963	MEEVDVRH:0.25925925925925924	HLFGTLGF:0.2962962962962963	TFKVLSDL:0.37037037037037035	GIGRTFKV:0.2962962962962963	DVAKNLGL:0.48148148148148145	DYGCTLKV:0.5185185185185185	LFGTLGFL:0.2222222222222222	KYGIGRTF:0.2962962962962963	GQTTAMAA:0.2222222222222222	YGQTTAMA:0.2222222222222222	NYGQTTAM:0.2222222222222222	QTTAMAAG:0.2222222222222222	TTAMAAGI:0.2222222222222222	DDGSTDNT:0.2222222222222222	FIGIQLIT:0.2962962962962963	VVLNKNYG:0.25925925925925924	LVVLNKNY:0.25925925925925924	IGIQLITT:0.25925925925925924	LFMVFFQK:0.25925925925925924	FKKDVAKN:0.2222222222222222	ILTFIGIQ:0.2222222222222222	KKDVAKNL:0.2222222222222222	DLLFMVFF:0.25925925925925924	KVLSDLLF:0.2962962962962963	VLSDLLFM:0.3333333333333333	LSDLLFMV:0.25925925925925924	VLNKNYGQ:0.2962962962962963	LTFIGIQL:0.2222222222222222	SDLLFMVF:0.25925925925925924	TFIGIQLI:0.2962962962962963	LNKNYGQT:0.3333333333333333	FKVLSDLL:0.2222222222222222	LLFMVFFQ:0.25925925925925924	RKIPSKIA:0.2222222222222222	GCTLKVFK:0.37037037037037035	LRKIPSKI:0.2222222222222222	KIPSKIAN:0.2222222222222222	IRDYGCTL:0.25925925925925924	HIRDYGCT:0.25925925925925924	RDYGCTLK:0.25925925925925924	VHIRDYGC:0.25925925925925924	
