cluster number:636
GT2:17	GT2:17
YSFLCCNF:0.47058823529411764	WELIVCDD:0.23529411764705882	DWDTWLRL:0.9411764705882353	KGACETRN:0.35294117647058826	ELIVCDDA:0.29411764705882354	NRLEKLKR:0.35294117647058826	KRVKRLQD:0.23529411764705882	TRNLGIFN:0.29411764705882354	LEKLKRAI:0.29411764705882354	TWLRLSFK:0.23529411764705882	RLEKLKRA:0.35294117647058826	ATYIMHHD:0.23529411764705882	TYIMHHDH:0.29411764705882354	LDDDDEFT:0.8823529411764706	WDTWLRLS:0.7058823529411765	DTWLRLSF:0.4117647058823529	DKRVKRLQ:0.23529411764705882	FITGLDDD:0.7647058823529411	NLGIFNAK:0.29411764705882354	EKLKRAIN:0.23529411764705882	ITGLDDDD:0.8235294117647058	SYKDLLFD:0.23529411764705882	SFLCCNFK:0.4117647058823529	LKRAINSV:0.29411764705882354	RNDVNKGA:0.29411764705882354	GACETRNL:0.35294117647058826	NWELIVCD:0.23529411764705882	RNLGIFNA:0.29411764705882354	GGFDKRVK:0.23529411764705882	YKDLLFDN:0.23529411764705882	LGIFNAKG:0.29411764705882354	RVKRLQDW:0.23529411764705882	FLCCNFKN:0.29411764705882354	ELRVSQNE:0.23529411764705882	LFDNTASN:0.23529411764705882	SNQIFTLT:0.5882352941176471	ASNQIFTL:0.5882352941176471	TGLDDDDE:0.8823529411764706	GLDDDDEF:1.0	ACETRNLG:0.35294117647058826	ETRNLGIF:0.29411764705882354	CETRNLGI:0.35294117647058826	LLFDNTAS:0.23529411764705882	FDKRVKRL:0.23529411764705882	GFDKRVKR:0.23529411764705882	RLQDWDTW:0.8823529411764706	NKGACETR:0.35294117647058826	KDLLFDNT:0.23529411764705882	LQDWDTWL:0.8823529411764706	NDVNKGAC:0.29411764705882354	IGGFDKRV:0.23529411764705882	FDNTASNQ:0.23529411764705882	VNKGACET:0.23529411764705882	DLLFDNTA:0.23529411764705882	SQPLVTIY:0.23529411764705882	QDWDTWLR:0.9411764705882353	VKRLQDWD:0.5882352941176471	LIVCDDAS:0.29411764705882354	KLKRAINS:0.29411764705882354	KRLQDWDT:0.5882352941176471	ASNQVFTL:0.23529411764705882	SNQVFTLT:0.23529411764705882	VSKSYPLS:0.29411764705882354	ATRNLGIF:0.23529411764705882	VRRLQDWD:0.23529411764705882	RVSKSYPL:0.29411764705882354	DDEFTPDR:0.29411764705882354	DDDDEFTP:0.4117647058823529	GACATRNL:0.35294117647058826	ACATRNLG:0.35294117647058826	CATRNLGI:0.35294117647058826	DDDEFTPD:0.29411764705882354	RRLQDWDT:0.29411764705882354	WDDRYSFL:0.23529411764705882	KVSVYIST:0.23529411764705882	KGACATRN:0.29411764705882354	LERLKRAI:0.23529411764705882	RLERLKRA:0.23529411764705882	NWDDRYSF:0.23529411764705882	NKGACATR:0.29411764705882354	NRLERLKR:0.23529411764705882	NQIFTLTE:0.23529411764705882	IFTLTERL:0.23529411764705882	QIFTLTER:0.23529411764705882	YISTFNRL:0.23529411764705882	KFITGLDD:0.23529411764705882	GKFITGLD:0.23529411764705882	CDDASTDG:0.29411764705882354	DDASTDGT:0.29411764705882354	ISTFNRLE:0.23529411764705882	
