cluster number:184
GT2:49	GT2:49
WHGTMLKK:0.3469387755102041	VLYAPTWR:0.4897959183673469	VVLYAPTW:0.4489795918367347	NRFSTPIL:0.3469387755102041	TYDLEHYR:0.3877551020408163	YSSVMFDY:0.3469387755102041	TDYSSVMF:0.3673469387755102	MLFFTYDL:0.4489795918367347	APTWRDDL:0.20408163265306123	PMLFFTYD:0.46938775510204084	VSSNRFST:0.30612244897959184	DVSEYPDI:0.2653061224489796	LFCDLDDG:0.2653061224489796	RLSVIVPI:0.2653061224489796	AGLGAARN:0.24489795918367346	SVMFDYAH:0.32653061224489793	GYPRNDYL:0.30612244897959184	DYSSVMFD:0.3673469387755102	SVIVPIYN:0.20408163265306123	QYSDSPRA:0.20408163265306123	ACNKVFRR:0.22448979591836735	YPDIADLY:0.2857142857142857	MITDYSSV:0.22448979591836735	LYAPTWRD:0.6122448979591837	PEGKKVVL:0.2857142857142857	VSEYPDIA:0.2653061224489796	FTYDLEHY:0.3877551020408163	FCDLDDGH:0.20408163265306123	YWRLREGE:0.20408163265306123	EYPDIADL:0.2653061224489796	STPILKRA:0.30612244897959184	GLGAARNT:0.6530612244897959	SSNRFSTP:0.30612244897959184	DRIACNKV:0.24489795918367346	PRLSVIVP:0.3469387755102041	CDLDDGHA:0.2653061224489796	FFTYDLEH:0.3877551020408163	GLPEGKKV:0.3469387755102041	VIVPIYNV:0.20408163265306123	RFSTPILK:0.30612244897959184	LVSSNRFS:0.22448979591836735	PGAGNGFV:0.30612244897959184	HGTMLKKI:0.3469387755102041	LGLPEGKK:0.30612244897959184	IACNKVFR:0.24489795918367346	MAPRLSVI:0.32653061224489793	RGFYFDFE:0.46938775510204084	LPEGKKVV:0.2857142857142857	GTMLKKIG:0.3469387755102041	KVVLYAPT:0.46938775510204084	LSVIVPIY:0.2653061224489796	YAPTWRDD:0.5102040816326531	SEYPDIAD:0.2653061224489796	VMFDYAHL:0.32653061224489793	KKVVLYAP:0.4489795918367347	PSITQRRT:0.2857142857142857	SNRFSTPI:0.30612244897959184	RPMLFFTY:0.46938775510204084	NAGLGAAR:0.24489795918367346	RRLGDDHV:0.22448979591836735	YYWRLREG:0.20408163265306123	YPRNDYLY:0.30612244897959184	GKKVVLYA:0.3469387755102041	ITDYSSVM:0.2653061224489796	YDLEHYRD:0.40816326530612246	EGKKVVLY:0.2857142857142857	LFFTYDLE:0.4489795918367347	RIACNKVF:0.24489795918367346	FSTPILKR:0.30612244897959184	SSVMFDYA:0.3469387755102041	LGAARNTG:0.6530612244897959	LRGFYFDF:0.5102040816326531	APRLSVIV:0.32653061224489793	PPDAYRLM:0.24489795918367346	GKQFSDSP:0.24489795918367346	FDYAHLKR:0.22448979591836735	YAHLKRPM:0.22448979591836735	LWAVRDGQ:0.20408163265306123	DIADLYLA:0.20408163265306123	WAVRDGQV:0.20408163265306123	ETGYPRND:0.30612244897959184	VPGAGNGF:0.20408163265306123	ADLYLAAD:0.20408163265306123	PDIADLYL:0.24489795918367346	IADLYLAA:0.20408163265306123	LTFVDSDD:0.2857142857142857	MFDYAHLK:0.22448979591836735	DYAHLKRP:0.22448979591836735	ENGGLGAA:0.22448979591836735	PACLDSLA:0.24489795918367346	GDDHVLLI:0.20408163265306123	MVDDGSPD:0.3469387755102041	QTWHGTML:0.2857142857142857	IVQTWHGT:0.22448979591836735	LMVDDGSP:0.22448979591836735	NGGLGAAR:0.24489795918367346	GGLGAARN:0.24489795918367346	DSLAAQTF:0.22448979591836735	VLMVDDGS:0.22448979591836735	APSITQRR:0.2857142857142857	IRRHSNVV:0.24489795918367346	GSDFATGN:0.22448979591836735	DDHVLLIR:0.20408163265306123	VQTWHGTM:0.2857142857142857	CLDSLAAQ:0.30612244897959184	HVLLIRRH:0.22448979591836735	TWHGTMLK:0.2857142857142857	LLIRRHSN:0.22448979591836735	GAARNTGI:0.30612244897959184	LIRRHSNV:0.22448979591836735	LPACLDSL:0.2653061224489796	ACLDSLAA:0.2857142857142857	LDSLAAQT:0.2857142857142857	LGDDHVLL:0.3469387755102041	YLPACLDS:0.2857142857142857	RLGDDHVL:0.22448979591836735	DHVLLIRR:0.22448979591836735	VLLIRRHS:0.22448979591836735	RRHSNVVD:0.2653061224489796	SDFATGNV:0.22448979591836735	FLTFVDSD:0.20408163265306123	EVLMVDDG:0.22448979591836735	ANTGRPML:0.20408163265306123	FANTGRPM:0.20408163265306123	DFANTGRP:0.20408163265306123	NTGRPMLF:0.20408163265306123	VPIYNVER:0.30612244897959184	PIYNVERY:0.30612244897959184	IYNVERYL:0.30612244897959184	VVPIYNVE:0.20408163265306123	DVLVTDYS:0.22448979591836735	DRTAWNKV:0.20408163265306123	
