cluster number:718
GT2:93	GT2:93|GT4:1
DGSSDRTA:0.3978494623655914	DDGSSDRT:0.41935483870967744	VDDGSSDR:0.3870967741935484	VVDDGSSD:0.3763440860215054	AGAEVIVH:0.26881720430107525	GADIIVTM:0.45161290322580644	DGQHNPAE:0.21505376344086022	GVRYDVDG:0.20430107526881722	DSDGQHNP:0.4838709677419355	SDGQHNPA:0.3978494623655914	MDSDGQHN:0.4838709677419355	GMAIESEM:0.43010752688172044	LGADIIVT:0.3870967741935484	IVTMDSDG:0.4731182795698925	MAIESEML:0.44086021505376344	RYDVDGST:0.22580645161290322	SEMLADAG:0.40860215053763443	VIVVDDGS:0.5376344086021505	FRAFAAST:0.27956989247311825	GFRAFAAS:0.26881720430107525	TDSQSGFR:0.4838709677419355	MVNGSRYL:0.4838709677419355	SGFRAFAA:0.2903225806451613	VNGSRYLN:0.40860215053763443	TMDSDGQH:0.4838709677419355	IIVTMDSD:0.3548387096774194	DSQSGFRA:0.4838709677419355	AEMVNGSR:0.2903225806451613	DIIVTMDS:0.40860215053763443	ADIIVTMD:0.44086021505376344	QSGFRAFA:0.3548387096774194	ITDSQSGF:0.44086021505376344	VRYDVDGS:0.21505376344086022	ESEMLADA:0.41935483870967744	NGSRYLNG:0.25806451612903225	SQSGFRAF:0.4838709677419355	ILPAYNEE:0.26881720430107525	IGVRYDVD:0.3655913978494624	IESEMLAD:0.43010752688172044	EMVNGSRY:0.2903225806451613	AIESEMLA:0.43010752688172044	VTMDSDGQ:0.4838709677419355	GQHNPAEI:0.21505376344086022	QSGFRAFS:0.21505376344086022	IVVDDGSS:0.3548387096774194	GFALATCG:0.21505376344086022	FALATCGF:0.21505376344086022	YRRVGQTI:0.25806451612903225	VPGFALAT:0.21505376344086022	PGFALATC:0.21505376344086022	RRVGQTIL:0.25806451612903225	LRIKEVEI:0.20430107526881722	RAFAASTK:0.22580645161290322	QHNPADIP:0.25806451612903225	DGQHNPAD:0.24731182795698925	GQHNPADI:0.24731182795698925	ADNVIVVD:0.23655913978494625	SIGSIVLL:0.2903225806451613	LPAYNEEV:0.24731182795698925	RVGQTILD:0.21505376344086022	GKGAALKT:0.27956989247311825	GAALKTGF:0.26881720430107525	DNVIVVDD:0.3010752688172043	NVIVVDDG:0.3010752688172043	NEEVSIGS:0.24731182795698925	EVEIGVRY:0.2903225806451613	KGAALKTG:0.26881720430107525	EIGVRYDV:0.3118279569892473	YADNVIVV:0.24731182795698925	EMLADAGR:0.3655913978494624	IGSIVLLT:0.3118279569892473	VEIGVRYD:0.3118279569892473	MLADAGRS:0.24731182795698925	LADAGRSG:0.24731182795698925	ARKAGAEV:0.21505376344086022	KAGAEVIV:0.20430107526881722	
