cluster number:1978
GT2:12	GT2:12
DDAGDEYN:0.4166666666666667	VVTPNYNG:0.4166666666666667	WTKKTGEN:0.25	GSATSGSR:0.4166666666666667	LFFVKKGF:0.25	LGFLIKYL:0.3333333333333333	IGLFDENF:0.25	NNVWTVYK:0.25	SVVTPNYN:0.4166666666666667	ATSGSRYN:0.3333333333333333	FAYMEDVD:0.4166666666666667	AYMEDVDL:0.4166666666666667	FFVKKGFG:0.25	IFSSCAGA:0.5833333333333334	IDDAGDEY:0.5833333333333334	VVYHIGSA:0.25	YHIGSATS:0.3333333333333333	IKYLFFVK:0.25	ILVDNGST:0.4166666666666667	IGSATSGS:0.3333333333333333	NYFKIEWK:0.3333333333333333	LIDDAGDE:0.5833333333333334	SCAGAAMY:0.25	YFKIEWKL:0.25	AKAVNQGI:0.25	FKIEWKLI:0.25	IFLFLGFL:0.3333333333333333	EVILVDNG:0.4166666666666667	GFLIKYLF:0.4166666666666667	YLFFVKKG:0.25	FIFLFLGF:0.3333333333333333	NFFAYMED:0.25	VILVDNGS:0.4166666666666667	KYLFFVKK:0.25	FLGFLIKY:0.3333333333333333	EIFSSCAG:0.4166666666666667	FLIKYLFF:0.4166666666666667	ARNNVWTV:0.25	AWTKKTGE:0.25	LVDNGSTD:0.4166666666666667	LIKYLFFV:0.25	FLFLGFLI:0.3333333333333333	FSSCAGAA:0.5	VYHIGSAT:0.3333333333333333	GFAKAVNQ:0.25	LAARNNVW:0.3333333333333333	RNNVWTVY:0.25	LFLGFLIK:0.3333333333333333	LAWTKKTG:0.25	AARNNVWT:0.25	FAKAVNQG:0.25	FFAYMEDV:0.4166666666666667	NVWTVYKN:0.25	SSCAGAAM:0.25	KNYFKIEW:0.3333333333333333	NFIFLFLG:0.3333333333333333	SATSGSRY:0.3333333333333333	VDNGSTDE:0.25	HIGSATSG:0.3333333333333333	GLFDENFF:0.25	KVSVVTPN:0.25	DAGDEYNL:0.25	VSVVTPNY:0.25	MKVSVVTP:0.25	YMEDVDLA:0.25	AGDEYNLL:0.25	SSCAGAAL:0.25	SCAGAALY:0.25	PNYNGLKF:0.25	TPNYNGLK:0.25	NYNGLKFL:0.25	CAGAALYR:0.25	TSGSRYNE:0.25	GSRYNEFK:0.25	SGSRYNEF:0.25	
