cluster number:1707
GT2:18	GT2:18
KGRAKQMN:0.2777777777777778	CRGGDQSL:0.8333333333333334	IIYEDNEF:0.2777777777777778	ILVVDGGS:0.3888888888888889	IIIPVLNE:0.5	YIIYEDNE:0.2222222222222222	SIIIPVLN:0.5	ISIIIPVL:0.5	ILYFLHAD:0.3888888888888889	IYEDNEFI:0.3333333333333333	LGAGPEKL:0.2222222222222222	GAGPEKLY:0.2222222222222222	EILVVDGG:0.3888888888888889	LHADTFPP:0.2222222222222222	FLHADTFP:0.2222222222222222	ICRGGDQS:0.4444444444444444	LYFLHADT:0.3333333333333333	GGDQSLFV:0.2777777777777778	RGGDQSLF:0.7777777777777778	YFLHADTF:0.2222222222222222	GGDQSLFI:0.5	IIPVLNEE:0.3888888888888889	KISIIIPV:0.2222222222222222	ILVIDGGS:0.2777777777777778	GDQSLFIT:0.4444444444444444	HLKNYLGA:0.2777777777777778	LKNYLGAG:0.2777777777777778	TSARRYEE:0.2222222222222222	KNYLGAGP:0.2777777777777778	DQSLFITK:0.2777777777777778	EILVIDGG:0.2777777777777778	NYLGAGPE:0.2222222222222222	IHLKNYLG:0.2222222222222222	SLFITKKL:0.2222222222222222	QSLFITKK:0.2222222222222222	VIDGGSTD:0.2222222222222222	ILYFLHVD:0.2777777777777778	QYHFGVIH:0.2222222222222222	LVIDGGST:0.2222222222222222	LQYHFGVI:0.2222222222222222	LYFLHVDT:0.2222222222222222	KEILVVDG:0.2222222222222222	TTSARRYE:0.2222222222222222	VTTSARRY:0.2222222222222222	
