cluster number:679
GT2:12	GT2:12
MSLPNNRL:0.3333333333333333	IAASRGDY:0.25	DMSLPNNR:0.3333333333333333	VADDGSGP:0.3333333333333333	ERMEGYGA:0.3333333333333333	DRELAARL:0.25	TYNWPEAL:0.6666666666666666	ARWKARSR:0.25	RVMSCNMS:0.3333333333333333	GFDERMEG:0.3333333333333333	GTRRLYAF:0.25	CNMSFWRD:0.3333333333333333	GRVMSCNM:0.3333333333333333	DDGSGPET:0.25	AARARNRG:0.25	NMSFWRDD:0.3333333333333333	VNGFDERM:0.4166666666666667	DGSGPETA:0.25	FDERMEGY:0.3333333333333333	YGAEDREL:0.3333333333333333	GGRVMSCN:0.3333333333333333	FRAARARN:0.25	ADDGSGPE:0.25	NRGIAASR:0.25	ARARNRGI:0.25	RVNGFDER:0.3333333333333333	RGIAASRG:0.25	RAARARNR:0.25	MSCNMSFW:0.3333333333333333	ARNRGIAA:0.25	SCNMSFWR:0.3333333333333333	VDDMSLPN:0.3333333333333333	AEDRELAA:0.25	GIAASRGD:0.25	NGFDERME:0.3333333333333333	RARNRGIA:0.25	GAEDRELA:0.3333333333333333	YNWPEALE:0.5	EGYGAEDR:0.3333333333333333	RNRGIAAS:0.25	SLPNNRLF:0.3333333333333333	DDMSLPNN:0.3333333333333333	GYGAEDRE:0.3333333333333333	MEGYGAED:0.3333333333333333	RMEGYGAE:0.3333333333333333	LARWKARS:0.25	GFRAARAR:0.25	DVDDMSLP:0.3333333333333333	EDRELAAR:0.25	DERMEGYG:0.3333333333333333	VMSCNMSF:0.3333333333333333	PDVDDMSL:0.3333333333333333	VIIADDGS:0.3333333333333333	EVIIADDG:0.3333333333333333	DLGFRAAR:0.25	LRGCNMSF:0.25	RGCNMSFW:0.25	
