cluster number:1818
GT2:6	GT2:6|GT4:1
DSCINQTL:0.5	IAQRYADK:0.5	IIHNEKNL:0.5	LSCILSLQ:0.3333333333333333	AQRYADKD:0.5	IPLKLTMA:0.3333333333333333	LAALIILE:0.3333333333333333	DSRIRIIH:0.3333333333333333	NVESYIAR:0.5	RYADKDSR:0.3333333333333333	LPTRFSKA:0.3333333333333333	RCLTYIRI:0.3333333333333333	AEDMLKFF:0.3333333333333333	DCGSDDSI:0.6666666666666666	LTYIRIFA:0.3333333333333333	RSQYLLSC:0.3333333333333333	QIAYNFFL:0.5	TMAEDMLK:0.3333333333333333	LSLQYWNR:0.5	KNLAALII:0.3333333333333333	MAEDMLKF:0.3333333333333333	MSKNLAAL:0.3333333333333333	YMRYIRSQ:0.3333333333333333	RCLDSCIN:0.5	IARCLDSC:0.5	IHNEKNLG:0.5	TYIRIFAY:0.3333333333333333	LTMAEDML:0.3333333333333333	IRIIHNEK:0.3333333333333333	KLTMAEDM:0.3333333333333333	QYWNRCLT:0.5	MRYIRSQY:0.3333333333333333	AALIILES:0.3333333333333333	KYMRYIRS:0.3333333333333333	KDSRIRII:0.3333333333333333	SCILSLQY:0.3333333333333333	SLQYWNRC:0.5	DDCGSDDS:0.5	RIRIIHNE:0.3333333333333333	FLDADDYL:0.3333333333333333	RYIAFLDA:0.3333333333333333	GRYIAFLD:0.3333333333333333	QYLLSCIL:0.3333333333333333	ALIILESR:0.5	NRCLTYIR:0.3333333333333333	VESYIARC:0.5	NEQIAYNF:0.5	LLSCILSL:0.3333333333333333	YWNRCLTY:0.5	NEKNLGTF:0.5	FIPLKLTM:0.3333333333333333	YNVESYIA:0.5	TRFSKAPL:0.3333333333333333	ARCLDSCI:0.5	WNRCLTYI:0.3333333333333333	YIAFLDAD:0.6666666666666666	IIPTYNVE:0.5	LKLTMAED:0.3333333333333333	LDSCINQT:0.5	RYIRSQYL:0.3333333333333333	PTRFSKAP:0.3333333333333333	YIARCLDS:0.5	IPTYNVES:0.5	IAFLDADD:0.6666666666666666	NLAALIIL:0.3333333333333333	SQYLLSCI:0.3333333333333333	PTYNVESY:0.5	IRSQYLLS:0.3333333333333333	IDDCGSDD:0.3333333333333333	CLDSCINQ:0.5	IIIPTYNV:0.5	ILSLQYWN:0.5	CILSLQYW:0.5	YIRSQYLL:0.3333333333333333	SYIARCLD:0.5	RIIHNEKN:0.3333333333333333	SRIRIIHN:0.3333333333333333	CLTYIRIF:0.3333333333333333	SIIIPTYN:0.5	SKNLAALI:0.3333333333333333	EQIAYNFF:0.5	YLLSCILS:0.3333333333333333	AFLDADDY:0.3333333333333333	HNEKNLGT:0.5	SCINQTLH:0.3333333333333333	LQYWNRCL:0.5	TYNVESYI:0.5	PLKLTMAE:0.3333333333333333	SKQFPKFT:0.3333333333333333	ESYIARCL:0.5	QRYADKDS:0.3333333333333333	GSDDSIQI:0.3333333333333333	SYIAFLDA:0.3333333333333333	FSIIIPTY:0.3333333333333333	RYILPTRF:0.3333333333333333	SIQIAQRY:0.3333333333333333	IQIAQRYA:0.3333333333333333	TLWDKCYK:0.3333333333333333	PKFTLWDK:0.3333333333333333	FPKFTLWD:0.3333333333333333	DDSIQIAQ:0.3333333333333333	KFTLWDKC:0.3333333333333333	QFPKFTLW:0.3333333333333333	SDDSIQIA:0.3333333333333333	CGSDDSIQ:0.3333333333333333	DSIQIAQR:0.3333333333333333	QIAQRYAD:0.3333333333333333	YILPTRFS:0.3333333333333333	GSYIAFLD:0.3333333333333333	FTLWDKCY:0.3333333333333333	LIILESRF:0.3333333333333333	
