cluster number:425
GT2:11	GT2:11
RIFFARKN:0.5454545454545454	YPEKKVWY:0.45454545454545453	LFGAYYLT:0.2727272727272727	EGNNVGVA:0.2727272727272727	DDTDFLYR:0.45454545454545453	KKVWYAGA:0.36363636363636365	GLSLFGAY:0.2727272727272727	APTCFLLV:0.5454545454545454	GAFFNKKK:0.2727272727272727	PTCFLLVH:0.45454545454545453	FGAYYLTR:0.45454545454545453	SLFGAYYL:0.2727272727272727	NVGVAQAN:0.36363636363636365	YFAYYDDT:0.6363636363636364	KIGLVTVL:0.2727272727272727	HKVSTSTG:0.6363636363636364	YYDDTDFL:0.6363636363636364	KVSTSTGG:0.6363636363636364	NNVGVAQA:0.36363636363636365	SYPEKKVW:0.45454545454545453	GAYYLTRN:0.45454545454545453	PLVFHKVS:0.36363636363636365	VFHKVSTS:0.36363636363636365	CDYAPTCF:0.45454545454545453	VSTSTGGG:0.45454545454545453	TDFLYRAN:0.36363636363636365	DYAPTCFL:0.45454545454545453	GNNVGVAQ:0.36363636363636365	RNRIFFAR:0.5454545454545454	EPLVFHKV:0.36363636363636365	YYLTRNRI:0.45454545454545453	LVTVLFNS:0.36363636363636365	AQANNQGI:0.36363636363636365	WYAGAFFN:0.2727272727272727	NEPLVFHK:0.36363636363636365	RYFAYYDD:0.6363636363636364	AGAFFNKK:0.2727272727272727	FAYYDDTD:0.6363636363636364	IFFARKNI:0.45454545454545453	LTRNRIFF:0.45454545454545453	EKKVWYAG:0.45454545454545453	YLTRNRIF:0.45454545454545453	FHKVSTST:0.36363636363636365	GGGLSLFG:0.2727272727272727	PEKKVWYA:0.45454545454545453	YAGAFFNK:0.2727272727272727	NRIFFARK:0.5454545454545454	YDDTDFLY:0.45454545454545453	GGLSLFGA:0.2727272727272727	TSTGGGLS:0.45454545454545453	STGGGLSL:0.2727272727272727	KKIGLVTV:0.2727272727272727	TGGGLSLF:0.2727272727272727	YAPTCFLL:0.5454545454545454	KVWYAGAF:0.36363636363636365	VWYAGAFF:0.36363636363636365	GLVTVLFN:0.36363636363636365	AYYDDTDF:0.6363636363636364	LSLFGAYY:0.2727272727272727	VGVAQANN:0.36363636363636365	FYSSVEKQ:0.2727272727272727	VTVLFNSP:0.36363636363636365	LVFHKVST:0.36363636363636365	NEGNNVGV:0.2727272727272727	AFFNKKKA:0.2727272727272727	VAQANNQG:0.36363636363636365	STSTGGGL:0.45454545454545453	TRNRIFFA:0.45454545454545453	DTDFLYRA:0.36363636363636365	GVAQANNQ:0.36363636363636365	IGLVTVLF:0.2727272727272727	AYYLTRNR:0.45454545454545453	AIAPHLFE:0.2727272727272727	DARYFAYY:0.2727272727272727	LFNSPGVL:0.2727272727272727	FSYPEKKV:0.2727272727272727	APHLFEGA:0.2727272727272727	VLFNSPGV:0.2727272727272727	TVLFNSPG:0.2727272727272727	FNSPGVLP:0.2727272727272727	YIVDNSTN:0.36363636363636365	VIFSYPEK:0.2727272727272727	KAIAPHLF:0.2727272727272727	IVDNSTNQ:0.2727272727272727	FFARKNIE:0.2727272727272727	IAPHLFEG:0.2727272727272727	SPVIFSYP:0.2727272727272727	LYIVDNST:0.36363636363636365	YPLCRKTP:0.2727272727272727	ECDYAPTC:0.2727272727272727	MDARYFAY:0.2727272727272727	DGCEYILL:0.2727272727272727	NNDLLFEQ:0.2727272727272727	IFSYPEKK:0.2727272727272727	ARYFAYYD:0.2727272727272727	PVIFSYPE:0.2727272727272727	HLYIVDNS:0.2727272727272727	LGLVTVLY:0.2727272727272727	LYVVDNSS:0.2727272727272727	VAAGNNQG:0.2727272727272727	KLGLVTVL:0.2727272727272727	TRNRIYFI:0.2727272727272727	GLVTVLYN:0.2727272727272727	GVAAGNNQ:0.2727272727272727	
