cluster number:1194
GT2:13	GT2:13
GRALNLGC:0.23076923076923078	NAAIRRSL:0.23076923076923078	LRQTFYYP:0.3076923076923077	NNANAAIR:0.5384615384615384	DETLTGLE:0.38461538461538464	IYNRYRRE:0.23076923076923078	YRREAIAL:0.38461538461538464	LEDLDWAK:0.3076923076923077	KRIYNRYR:0.23076923076923078	PIFRLMQF:0.23076923076923078	AAIRRSLW:0.23076923076923078	HIGRLLSG:0.38461538461538464	CNNANAAI:0.5384615384615384	FWGTYQGF:0.23076923076923078	TGLEDLDW:0.38461538461538464	RREAIALK:0.38461538461538464	ALTYGKQR:0.3076923076923077	IVIASAHV:0.3076923076923077	FIVIASAH:0.23076923076923078	VVDSGSTD:0.3076923076923077	GLEDLDWA:0.38461538461538464	IALTYGKQ:0.23076923076923078	GYRIAYVP:0.23076923076923078	PFCNNANA:0.5384615384615384	MQFWGTYQ:0.3076923076923077	FGRALNLG:0.23076923076923078	IVVDSGST:0.3076923076923077	TYGKQRGN:0.23076923076923078	QFWGTYQG:0.38461538461538464	ANAAIRRS:0.23076923076923078	IGRLLSGI:0.23076923076923078	VDSGSTDA:0.23076923076923078	TLTGLEDL:0.3076923076923077	NRYRREAI:0.46153846153846156	LTGLEDLD:0.38461538461538464	PKRIYNRY:0.23076923076923078	FSFGRALN:0.23076923076923078	IIRCYNEE:0.23076923076923078	YQDWIEKL:0.23076923076923078	FRLMQFWG:0.46153846153846156	EDLDWAKR:0.23076923076923078	ETPKRIYN:0.23076923076923078	TPKRIYNR:0.23076923076923078	RIYNRYRR:0.23076923076923078	DSGSTDAT:0.23076923076923078	EFIVIASA:0.23076923076923078	IASAHVYP:0.38461538461538464	NANAAIRR:0.5384615384615384	RQTFYYPR:0.3076923076923077	VIASAHVY:0.38461538461538464	LTYGKQRG:0.38461538461538464	RLMQFWGT:0.38461538461538464	SIPIFRLM:0.23076923076923078	YDETLTGL:0.38461538461538464	LGYRIAYV:0.23076923076923078	IFRLMQFW:0.23076923076923078	REAIALKQ:0.3076923076923077	LMQFWGTY:0.38461538461538464	PYDETLTG:0.38461538461538464	KLLSIKPE:0.23076923076923078	RYRREAIA:0.46153846153846156	IPIFRLMQ:0.23076923076923078	EAIALKQI:0.3076923076923077	FCNNANAA:0.6153846153846154	YNRYRREA:0.38461538461538464	ETLTGLED:0.38461538461538464	LNLGCQAA:0.23076923076923078	NEEQHIGR:0.23076923076923078	EQHIGRLL:0.23076923076923078	EEQHIGRL:0.23076923076923078	TDSTVAIA:0.3076923076923077	SGSTDSTV:0.38461538461538464	SFGRSLNL:0.23076923076923078	GRSLNLGC:0.23076923076923078	RSLNLGCQ:0.23076923076923078	VDSGSTDS:0.38461538461538464	DSGSTDST:0.38461538461538464	STDSTVAI:0.3076923076923077	ILVDSGST:0.46153846153846156	GSTDSTVA:0.3076923076923077	FGRSLNLG:0.3076923076923077	LVDSGSTD:0.46153846153846156	FSFGRSLN:0.23076923076923078	EKHIGRLL:0.23076923076923078	ASAHVYPV:0.23076923076923078	EEKHIGRL:0.23076923076923078	SAHVYPVY:0.23076923076923078	NEEKHIGR:0.23076923076923078	TGLEDLAW:0.23076923076923078	LTGLEDLA:0.23076923076923078	IVIRAFNE:0.23076923076923078	SIVIRAFN:0.23076923076923078	VIVVDSGS:0.23076923076923078	EVIVVDSG:0.23076923076923078	VILVDSGS:0.23076923076923078	FTFGRSLN:0.23076923076923078	EVILVDSG:0.23076923076923078	
