cluster number:578
GT2:14	GT2:14
CDQDDVWH:0.42857142857142855	DQDDVWHA:0.2857142857142857	LCDQDDVW:0.6428571428571429	FLCDQDDV:0.6428571428571429	QLDSLLAQ:0.5	LDSLLAQT:0.42857142857142855	AQLDSLLA:0.35714285714285715	CDQDDVWY:0.21428571428571427	DQDDVWYP:0.21428571428571427	IIFLCDQD:0.2857142857142857	IFLCDQDD:0.5	GDIIFLCD:0.21428571428571427	DIIFLCDQ:0.21428571428571427	RRNFDGAL:0.21428571428571427	RMHAGDGF:0.21428571428571427	WVHDAWIG:0.2857142857142857	ASVSIAVC:0.21428571428571427	FVPRAEAA:0.21428571428571427	WIGTLAAM:0.2857142857142857	QIVIRDDV:0.2857142857142857	AFVPRAEA:0.35714285714285715	DVSSDGTL:0.21428571428571427	DLQVNPQN:0.21428571428571427	DSLLAQTR:0.21428571428571427	NPQNVGYR:0.2857142857142857	QLGLGGND:0.2857142857142857	NQLGLGGN:0.2857142857142857	LMTGAAMA:0.2857142857142857	SIAVCTYN:0.2857142857142857	PRAEAAGI:0.21428571428571427	RAFVPRAE:0.21428571428571427	FGRGVLSA:0.21428571428571427	DWVHDAWI:0.21428571428571427	ARMHAGDG:0.21428571428571427	DQIVIRDD:0.21428571428571427	QNVGYRRN:0.21428571428571427	LRAFVPRA:0.21428571428571427	DAWIGTLA:0.2857142857142857	VHDAWIGT:0.2857142857142857	VNPQNVGY:0.21428571428571427	RNFDGALR:0.21428571428571427	VCTYNGER:0.2857142857142857	LLRAFVPR:0.21428571428571427	DDVSSDGT:0.21428571428571427	RPDQIVIR:0.21428571428571427	AGDGFRLM:0.21428571428571427	HDAWIGTL:0.2857142857142857	PASVSIAV:0.21428571428571427	QVNPQNVG:0.21428571428571427	AWIGTLAA:0.2857142857142857	PDQIVIRD:0.21428571428571427	IRDDVSSD:0.21428571428571427	GDGFRLML:0.21428571428571427	GTLAAMRG:0.2857142857142857	PQNVGYRR:0.21428571428571427	AVCTYNGE:0.2857142857142857	VGYRRNFD:0.21428571428571427	HAGDGFRL:0.21428571428571427	NNQLGLGG:0.21428571428571427	LQVNPQNV:0.21428571428571427	IGTLAAMR:0.2857142857142857	RRPDQIVI:0.21428571428571427	IVIRDDVS:0.2857142857142857	TYNGERFL:0.35714285714285715	MTGAAMAL:0.21428571428571427	GYRRNFDG:0.21428571428571427	DALPLPAS:0.21428571428571427	VSIAVCTY:0.2857142857142857	NVGYRRNF:0.21428571428571427	YNGERFLQ:0.35714285714285715	YRRNFDGA:0.21428571428571427	VDLQVNPQ:0.21428571428571427	IAVCTYNG:0.2857142857142857	RDDVSSDG:0.21428571428571427	SVSIAVCT:0.2857142857142857	VIRDDVSS:0.21428571428571427	FDGALRAC:0.35714285714285715	MHAGDGFR:0.21428571428571427	MPASVSIA:0.21428571428571427	NFDGALRA:0.35714285714285715	CTYNGERF:0.35714285714285715	VPRAEAAG:0.21428571428571427	GIAVDLQV:0.21428571428571427	SDGTLALL:0.21428571428571427	IAVDLQVN:0.21428571428571427	SSDGTLAL:0.21428571428571427	GERFLQAQ:0.21428571428571427	DDVWHADK:0.21428571428571427	ERFLQAQL:0.21428571428571427	QAQLDSLL:0.35714285714285715	RFLQAQLD:0.21428571428571427	NGERFLQA:0.21428571428571427	LQAQLDSL:0.35714285714285715	FLQAQLDS:0.2857142857142857	
