cluster number:2572
GT2:28	GT2:28
DIVIVDDG:0.39285714285714285	IVIVDDGS:0.5714285714285714	DDGSTDGT:0.21428571428571427	IVDDGSTD:0.5	VIVDDGST:0.5	VDDGSTDG:0.2857142857142857	HHVPRLPL:0.39285714285714285	LEQVLEEL:0.32142857142857145	FWGGTTHY:0.39285714285714285	HVPRLPLS:0.39285714285714285	VPRLPLSY:0.35714285714285715	NIHTKHTR:0.32142857142857145	YLEQVLEE:0.32142857142857145	LSVDADEF:0.39285714285714285	FAKVTKLV:0.21428571428571427	RLTAMMQV:0.39285714285714285	TTHYREDE:0.39285714285714285	VIVDDAST:0.2857142857142857	SVDADEFY:0.39285714285714285	YREDEHWN:0.4642857142857143	LTAMMQVR:0.39285714285714285	TAMMQVRN:0.39285714285714285	GTTHYRED:0.39285714285714285	DDASTDGT:0.2857142857142857	FRLYDFWG:0.21428571428571427	VKHYGWAL:0.21428571428571427	VDDIVIVD:0.2857142857142857	DWLLSVDA:0.42857142857142855	YDFWGGTT:0.21428571428571427	PDWLLSVD:0.42857142857142855	WGGTTHYR:0.39285714285714285	REMRRLID:0.2857142857142857	ELRVKHYG:0.39285714285714285	LYDFWGGT:0.21428571428571427	RRLIDQDV:0.32142857142857145	AMMQVRNE:0.39285714285714285	IHTKHTRT:0.32142857142857145	AKVTKLVT:0.21428571428571427	DQDVYDWV:0.32142857142857145	KVTKLVTL:0.21428571428571427	WNIHTKHT:0.32142857142857145	PRLPLSYA:0.21428571428571427	AKREMRRL:0.2857142857142857	MRRLIDQD:0.39285714285714285	MDHHVPRL:0.39285714285714285	HTKHTRTL:0.35714285714285715	GGTTHYRE:0.39285714285714285	IVDDASTD:0.32142857142857145	THYREDEH:0.4642857142857143	VDDASTDG:0.2857142857142857	LLSVDADE:0.4642857142857143	WLLSVDAD:0.4642857142857143	DEHWNIHT:0.32142857142857145	YDWVAFRL:0.21428571428571427	DDIVIVDD:0.2857142857142857	LWELAVST:0.21428571428571427	LRVKHYGW:0.39285714285714285	EDEHWNIH:0.35714285714285715	YAVLPGFL:0.21428571428571427	IDQDVYDW:0.32142857142857145	SGNRLTAM:0.32142857142857145	LIDQDVYD:0.32142857142857145	HWNIHTKH:0.32142857142857145	EQVLEELS:0.32142857142857145	EMRRLIDQ:0.39285714285714285	TRTLVRYL:0.39285714285714285	DADEFYEE:0.32142857142857145	RLYDFWGG:0.21428571428571427	REDEHWNI:0.35714285714285715	RYLEQVLE:0.32142857142857145	FVDDIVIV:0.25	VDADEFYE:0.4642857142857143	DHHVPRLP:0.35714285714285715	RLIDQDVY:0.32142857142857145	LSYAVLPG:0.21428571428571427	SYAVLPGF:0.21428571428571427	GNRLTAMM:0.39285714285714285	RTLVRYLP:0.39285714285714285	DFWGGTTH:0.39285714285714285	KHTRTLVR:0.39285714285714285	EHWNIHTK:0.32142857142857145	SFAKVTKL:0.21428571428571427	RVKHYGWA:0.39285714285714285	HTRTLVRY:0.39285714285714285	TKHTRTLV:0.35714285714285715	HYREDEHW:0.4642857142857143	GRYLEQVL:0.32142857142857145	NRLTAMMQ:0.39285714285714285	KREMRRLI:0.2857142857142857	MMQVRNEA:0.21428571428571427	AELRVKHY:0.25	LPGFLAEL:0.25	RWGSLEQY:0.25	EGRWGSLE:0.25	VRNEAGRY:0.25	LAELRVKH:0.25	PGFLAELR:0.25	PEGRWGSL:0.25	LDPEGRWG:0.21428571428571427	VLPGFLAE:0.21428571428571427	DPEGRWGS:0.25	GFLAELRV:0.25	FLAELRVK:0.25	QVRNEAGR:0.25	MQVRNEAG:0.25	NEAGRYLE:0.25	RNEAGRYL:0.25	GRWGSLEQ:0.25	
