cluster number:2151
GT2:11	GT2:11
CILNPDTI:0.36363636363636365	ERYFMYGE:0.6363636363636364	SKGNNLAV:0.36363636363636365	DNCSTDDS:0.2727272727272727	KGESTVKD:0.5454545454545454	ILNPDTIV:0.36363636363636365	LVGAFMFC:0.45454545454545453	YGEDIDLS:0.6363636363636364	YFMYGEDI:0.7272727272727273	LFYDKYFK:0.2727272727272727	MELFYDKY:0.2727272727272727	FYGAMELF:0.2727272727272727	GAMELFYD:0.2727272727272727	EDIDLSYT:0.7272727272727273	GESTVKDK:0.45454545454545453	GEDIDLSY:0.8181818181818182	GSGTFLPE:0.36363636363636365	ELFYDKYF:0.2727272727272727	GTFLPESK:0.36363636363636365	DERYFMYG:0.6363636363636364	TYLCILNP:0.2727272727272727	YLKRFYGA:0.2727272727272727	ADNCSTDD:0.2727272727272727	IDLSYTAL:0.5454545454545454	AMELFYDK:0.2727272727272727	DIDLSYTA:0.5454545454545454	FLPESKRH:0.36363636363636365	NYGFSKGN:0.45454545454545453	NCSTDDSV:0.2727272727272727	FSKGNNLA:0.36363636363636365	DGSGTFLP:0.36363636363636365	RFYGAMEL:0.2727272727272727	LNPDTIVG:0.36363636363636365	MYGEDIDL:0.7272727272727273	NPDTIVGE:0.36363636363636365	ILVGAFMF:0.45454545454545453	FMYGEDID:0.7272727272727273	YGFSKGNN:0.45454545454545453	LKRFYGAM:0.2727272727272727	SGTFLPES:0.36363636363636365	FYDKYFKR:0.2727272727272727	YLCILNPD:0.36363636363636365	RYFMYGED:0.7272727272727273	HFKGESTV:0.7272727272727273	TFLPESKR:0.36363636363636365	FKGESTVK:0.5454545454545454	GFDERYFM:0.6363636363636364	FDERYFMY:0.45454545454545453	GFSKGNNL:0.36363636363636365	GTYLCILN:0.2727272727272727	YGAMELFY:0.2727272727272727	YDKYFKRN:0.2727272727272727	GGFDERYF:0.5454545454545454	LCILNPDT:0.36363636363636365	KRFYGAME:0.2727272727272727	PESKRHIP:0.2727272727272727	LSYTALQK:0.2727272727272727	SYTALQKG:0.2727272727272727	CILNPDTV:0.2727272727272727	SKRHIPTP:0.2727272727272727	LPESKRHI:0.2727272727272727	LNPDTVVP:0.2727272727272727	ESKRHIPT:0.2727272727272727	ILNPDTVV:0.2727272727272727	DLSYTALQ:0.2727272727272727	LHFKGEST:0.2727272727272727	ICILNPDT:0.2727272727272727	VLVGAFMF:0.2727272727272727	IHFKGEST:0.36363636363636365	
