cluster number:1373
GT2:21	GT2:21|GH81:1
RAAARNAG:0.23809523809523808	AAARNAGL:0.2857142857142857	GRAAARNA:0.23809523809523808	QAGAVFVP:0.42857142857142855	AQAGAVFV:0.3333333333333333	ERTAAFAR:0.2857142857142857	RTAAFARA:0.2857142857142857	GYRLAQAG:0.47619047619047616	LERTAAFA:0.2857142857142857	RLERTAAF:0.2857142857142857	ELGYRLAQ:0.23809523809523808	YRLAQAGA:0.47619047619047616	RLAQAGAV:0.5714285714285714	LAQAGAVF:0.5714285714285714	IEAHMRWH:0.23809523809523808	AHMRWHHL:0.23809523809523808	QAGAVFIP:0.23809523809523808	TAAFARAA:0.23809523809523808	EAHMRWHH:0.5238095238095238	AQAGAVFI:0.23809523809523808	AGAVFIPD:0.23809523809523808	EPAEPHAW:0.2857142857142857	DRVSHAFV:0.2857142857142857	SHAFVADR:0.2857142857142857	GDVIHWLD:0.38095238095238093	HLGPTMRM:0.2857142857142857	ILGQDTEM:0.2857142857142857	WLDSDVVL:0.2857142857142857	HWLDSDVV:0.2857142857142857	VELRREVG:0.2857142857142857	MRWHHAAP:0.2857142857142857	HVGGATSV:0.2857142857142857	AHMRWHHA:0.2857142857142857	IIVVDNGS:0.23809523809523808	WHHAAPYL:0.2857142857142857	HMRWHHAA:0.2857142857142857	FEPAEPHA:0.2857142857142857	AGAVFVPE:0.38095238095238093	VSHAFVAD:0.2857142857142857	FVADRIPA:0.23809523809523808	IDRVSHAF:0.2857142857142857	HAFVADRI:0.2857142857142857	IHWLDSDV:0.23809523809523808	LGQDTEMG:0.2857142857142857	LILGQDTE:0.2857142857142857	GWVPGEDS:0.23809523809523808	VIHWLDSD:0.3333333333333333	EIIVVDNG:0.23809523809523808	GPTMRMRD:0.23809523809523808	SLHVGGAT:0.2857142857142857	ATGDVIHW:0.3333333333333333	LGPTMRMR:0.2857142857142857	VEAHMRWH:0.23809523809523808	RWHHAAPY:0.2857142857142857	LHVGGATS:0.2857142857142857	VADRIPAY:0.23809523809523808	TGDVIHWL:0.3333333333333333	AARNAGLA:0.23809523809523808	AFVADRIP:0.2857142857142857	DVIHWLDS:0.3333333333333333	QDKLDLVL:0.2857142857142857	LARQTYPA:0.2857142857142857	RVSHAFVA:0.2857142857142857	GAVFVPEP:0.38095238095238093	FSLHVGGA:0.2857142857142857	VSVVIPAY:0.3333333333333333	VIVVDNGS:0.23809523809523808	EVIVVDNG:0.23809523809523808	VTGYLRFT:0.23809523809523808	QDTEMGYR:0.23809523809523808	DTEMGYRL:0.23809523809523808	GQDTEMGY:0.23809523809523808	
