cluster number:2049
GT2:38	GT2:38
PSEPRNIG:0.23684210526315788	TGSPSEPR:0.34210526315789475	IFRAVGPP:0.7105263157894737	AVGPPGKV:0.21052631578947367	ITLLDADD:0.21052631578947367	IEAIFVDD:0.4473684210526316	PPGKVFKR:0.21052631578947367	YDFIKLIQ:0.23684210526315788	NTGSPSEP:0.34210526315789475	FRAVGPPG:0.7105263157894737	FVDDCSTD:0.23684210526315788	KYGEDKLF:0.5789473684210527	FEHMKYGE:0.23684210526315788	LLDADDWL:0.23684210526315788	MKRQNFKV:0.21052631578947367	EAIFVDDC:0.39473684210526316	KIFRAVGP:0.631578947368421	GEDKLFFF:0.21052631578947367	KYITLLDA:0.21052631578947367	RAVGPPGK:0.7105263157894737	GPPGKVFK:0.2631578947368421	EHMKYGED:0.23684210526315788	YGEDKLFF:0.5789473684210527	ENTGSPSE:0.3157894736842105	IFVDDCST:0.23684210526315788	KGTPRLVL:0.2894736842105263	DFIKLIQL:0.23684210526315788	GSPSEPRN:0.34210526315789475	AIFVDDCS:0.39473684210526316	KRQNFKVE:0.21052631578947367	TLLDADDW:0.21052631578947367	GKYITLLD:0.21052631578947367	HMKYGEDK:0.42105263157894735	MKYGEDKL:0.5263157894736842	VGPPGKVF:0.2631578947368421	LDADDWLD:0.8157894736842105	YITLLDAD:0.21052631578947367	LSIIVPVY:0.2894736842105263	TFLDADDW:0.5	YITFLDAD:0.47368421052631576	AVGPPGKI:0.47368421052631576	SKGTPRLK:0.21052631578947367	GPPGKIIK:0.42105263157894735	KGTPRLKT:0.39473684210526316	IIVPVYNK:0.3684210526315789	SSKGTPRL:0.21052631578947367	FLDADDWL:0.5263157894736842	ITFLDADD:0.47368421052631576	VGPPGKII:0.4473684210526316	SIIVPVYN:0.3157894736842105	VPVYNKEL:0.23684210526315788	IVPVYNKE:0.23684210526315788	KYITFLDA:0.21052631578947367	VYNKELFL:0.23684210526315788	PVYNKELF:0.23684210526315788	FAVYEGTH:0.2631578947368421	LLSIIVPV:0.21052631578947367	KLLSIIVP:0.21052631578947367	PPGKIIKR:0.2631578947368421	GEDKLFFI:0.3157894736842105	IFVDDCSS:0.21052631578947367	ISKCKTAS:0.21052631578947367	KCKTASMN:0.21052631578947367	FVDDCSSD:0.21052631578947367	SKCKTASM:0.21052631578947367	AISKCKTA:0.21052631578947367	PVYHVNRY:0.21052631578947367	
