cluster number:1594
GT2:18	GT2:18|GT17:1|GT4:1
ALVIEDHA:0.2777777777777778	VIERCLAS:0.3888888888888889	WVNFGHNR:0.2222222222222222	RRAAMGGW:0.3333333333333333	LYERRAAM:0.3333333333333333	YRWGLLFE:0.4444444444444444	ENLDALVI:0.2222222222222222	LDADHVLR:0.2222222222222222	RAAMGGWG:0.2222222222222222	QENLDALV:0.2777777777777778	LPWRYEGV:0.2777777777777778	GHNRSLNI:0.2222222222222222	ISDTGSTD:0.7777777777777778	NLDALVIE:0.2222222222222222	DALVIEDH:0.2222222222222222	WVISDTGS:0.8888888888888888	DYLLLLDA:0.2222222222222222	DKFERDAR:0.5555555555555556	QPWVYRWG:0.2777777777777778	WGLLFEYS:0.2222222222222222	YEGVTHEY:0.5	AMGGWGEE:0.2222222222222222	WVYRWGLL:0.4444444444444444	DADHVLRQ:0.2222222222222222	LVIEDHAD:0.2777777777777778	FERDARLL:0.5555555555555556	DTGSTDGT:0.7222222222222222	IEDHADGG:0.3333333333333333	PWRYEGVT:0.3333333333333333	MGGWGEEV:0.2222222222222222	PWVYRWGL:0.4444444444444444	TWVISDTG:0.3888888888888889	DGTQELIR:0.2222222222222222	KFERDARL:0.5555555555555556	DTWVISDT:0.3333333333333333	AAMGGWGE:0.2222222222222222	TVFYLAQT:0.3888888888888889	LDALVIED:0.2222222222222222	YLLLLDAD:0.2222222222222222	LFEYSITA:0.2222222222222222	LLFEYSIT:0.2222222222222222	LIDTWVIS:0.2222222222222222	RYEGVTHE:0.5	GGWGEEVY:0.2777777777777778	ERRAAMGG:0.3333333333333333	PRTVFYLA:0.4444444444444444	TGSTDGTQ:0.5555555555555556	IDTWVISD:0.2777777777777778	VIEDHADG:0.3333333333333333	ACDRLLAL:0.2222222222222222	HDKFERDA:0.2777777777777778	NPRTVFYL:0.3333333333333333	ADYLLLLD:0.2222222222222222	RLEACYEL:0.2777777777777778	SDTGSTDG:0.6666666666666666	RTVFYLAQ:0.3888888888888889	EYRIKRLV:0.2777777777777778	WRYEGVTH:0.5	YRIKRLVR:0.2222222222222222	FGHNRSLN:0.3333333333333333	RWGLLFEY:0.2222222222222222	GVTHEYLT:0.2777777777777778	YERRAAMG:0.3333333333333333	GLLFEYSI:0.2222222222222222	EGVTHEYL:0.2777777777777778	VISDTGST:0.7777777777777778	VYRWGLLF:0.4444444444444444	IDYWVISD:0.2222222222222222	DYWVISDT:0.5	YWVISDTG:0.5	YELASRLR:0.2777777777777778	ICLCMIVK:0.2777777777777778	LCMIVKNE:0.2777777777777778	STDGTQDL:0.2777777777777778	CLCMIVKN:0.2777777777777778	GSTDGTQD:0.3333333333333333	GGWAEEVY:0.2777777777777778	LNMIVKNE:0.2222222222222222	ANTERDLG:0.2222222222222222	HRFKHLMR:0.2222222222222222	FKHLMRGD:0.2222222222222222	VFYLANTE:0.2222222222222222	DGIPGELH:0.2222222222222222	YLANTERD:0.2222222222222222	GELHEEPW:0.2777777777777778	NTERDLGH:0.2222222222222222	QHRFKHLM:0.2222222222222222	ALDGIPGE:0.2222222222222222	IPGELHEE:0.2777777777777778	ARGKADYL:0.2777777777777778	LANTERDL:0.2222222222222222	FYLANTER:0.2222222222222222	IERCLASV:0.2222222222222222	LDGIPGEL:0.2777777777777778	LTLDADHV:0.2222222222222222	GIPGELHE:0.2777777777777778	RFKHLMRG:0.2222222222222222	RGKADYLL:0.2777777777777778	EDHADGGC:0.2222222222222222	TVFYLANT:0.2777777777777778	LLTLDADH:0.2222222222222222	PGELHEEP:0.2777777777777778	DHADGGCR:0.2222222222222222	ERDARLLR:0.2222222222222222	RTVFYLAN:0.2777777777777778	HARGKADY:0.2222222222222222	GKADYLLL:0.2222222222222222	DGTQDLIR:0.2222222222222222	LLAMPDLP:0.2222222222222222	TDGTQDLI:0.2222222222222222	WGLLFEFS:0.2777777777777778	GLLFEFSI:0.2222222222222222	
