cluster number:295
GT2:36	GT2:36|GT32:1
LQLIRREL:0.2222222222222222	YAWLQLIR:0.4444444444444444	PKMLHEDI:0.2222222222222222	GDDWLAPN:0.2222222222222222	EIIAVNDG:0.6388888888888888	NPQSITHS:0.2222222222222222	PERTALAI:0.2222222222222222	QALLARAN:0.2222222222222222	GVSLEIIA:0.3888888888888889	FLGLMRKR:0.25	TQALLARA:0.2222222222222222	NEWPHYAW:0.25	LSAARNAG:0.3611111111111111	SVILARLA:0.2222222222222222	QPNQGLSA:0.2222222222222222	IPKMLHED:0.2222222222222222	ANQESGHF:0.2222222222222222	LLARANSY:0.2222222222222222	VILARLAQ:0.2222222222222222	RTNPQSIT:0.2777777777777778	RALRCSVI:0.2222222222222222	NIHEFWRA:0.2222222222222222	PFYGYRTN:0.5555555555555556	LRCSVILA:0.2222222222222222	PSTQALLA:0.2222222222222222	LHEDILWT:0.6111111111111112	WRALRCSV:0.2222222222222222	TPFYGYRT:0.5	ARLAQQNH:0.2222222222222222	FADGDDWL:0.4166666666666667	AFADGDDW:0.4166666666666667	HEFWRALR:0.2777777777777778	WLQLIRRE:0.3055555555555556	DISVIVPV:0.3611111111111111	NQGLSAAR:0.3333333333333333	HEDILWTT:0.6111111111111112	SGQQWIIR:0.2222222222222222	HFLGLMRK:0.2777777777777778	WPHYAWLQ:0.4722222222222222	FIPKMLHE:0.2222222222222222	VSLEIIAV:0.4444444444444444	EFWRALRC:0.3055555555555556	HYAWLQLI:0.4722222222222222	THSPSTQA:0.2222222222222222	MLHEDILW:0.5555555555555556	IHEFWRAL:0.2222222222222222	YGYRTNPQ:0.2777777777777778	KMLHEDIL:0.2222222222222222	STQALLAR:0.2222222222222222	ALLRHANQ:0.25	SPSTQALL:0.2222222222222222	DGDDWLAP:0.4444444444444444	TNPQSITH:0.2222222222222222	NQESGHFL:0.2222222222222222	SPERTALA:0.2222222222222222	GLMRKRLP:0.3055555555555556	ADGDDWLA:0.4166666666666667	EHNEWPHY:0.2777777777777778	QSGVSLEI:0.25	DWLAPNAL:0.3055555555555556	YRTNPQSI:0.2777777777777778	EWPHYAWL:0.4722222222222222	RHANQESG:0.2777777777777778	ALRCSVIL:0.2222222222222222	ITHSPSTQ:0.2222222222222222	QSITHSPS:0.2222222222222222	VAFADGDD:0.3333333333333333	FWRALRCS:0.25	CSVILARL:0.2222222222222222	LARLAQQN:0.2222222222222222	FYGYRTNP:0.5555555555555556	IAVNDGST:0.6111111111111112	SITHSPST:0.2222222222222222	LGLMRKRL:0.25	HANQESGH:0.4444444444444444	IIAVNDGS:0.6388888888888888	RCSVILAR:0.2222222222222222	PNQGLSAA:0.2222222222222222	QGLSAARN:0.3333333333333333	SGHFLGLM:0.2777777777777778	AWLQLIRR:0.4722222222222222	VNDGSTDN:0.2777777777777778	PQSITHSP:0.2222222222222222	GQQWIIRS:0.2222222222222222	SGVSLEII:0.25	AVNDGSTD:0.6111111111111112	HNEWPHYA:0.2222222222222222	SAARNAGI:0.3611111111111111	GLSAARNA:0.3611111111111111	LRHANQES:0.2777777777777778	LLRHANQE:0.2777777777777778	ALLARANS:0.2222222222222222	GHFLGLMR:0.2777777777777778	ILARLAQQ:0.2222222222222222	WVAFADGD:0.3333333333333333	DGSTDNSL:0.2777777777777778	NDGSTDNS:0.2777777777777778	QESGHFLG:0.25	ESGHFLGL:0.2777777777777778	GYRTNPQS:0.2777777777777778	DDWLAPNA:0.3055555555555556	SVIVPVFN:0.2222222222222222	QLIRRELI:0.2222222222222222	LEIIAVND:0.5277777777777778	HSPSTQAL:0.2222222222222222	PHYAWLQL:0.4722222222222222	SLEIIAVN:0.5	GSTDNSLA:0.2222222222222222	ANQESGHL:0.2222222222222222	MRKRLPPS:0.25	RKRLPPSP:0.25	KRLPPSPE:0.25	RLPPSPER:0.25	ALSTWLQQ:0.2222222222222222	LMRKRLPP:0.25	IGFCATPF:0.2222222222222222	ATPFYGYR:0.2222222222222222	AQRIGFCA:0.2222222222222222	CATPFYGY:0.2222222222222222	QRIGFCAT:0.2222222222222222	RIGFCATP:0.2222222222222222	FCATPFYG:0.2222222222222222	DILWTTQL:0.2222222222222222	SRLVIINQ:0.2222222222222222	GFCATPFY:0.2222222222222222	ILWTTQLA:0.2222222222222222	DSRLVIIN:0.2222222222222222	ISVIVPVY:0.25	EDILWTTQ:0.2222222222222222	
