cluster number:1997
GT2:15	GT2:15
IAAFNEED:0.2	CRREWLLA:0.2	WGGAKART:0.2	KKRGFWGG:0.2	FWGGAKAR:0.2	ARVAREAG:0.2	IGVFEGGG:0.4666666666666667	KRGFWGGA:0.2	SIGVFEGG:0.4	HLKATGAR:0.2	GNKLTPHL:0.6	GELDMSIG:0.2	GAKARTKM:0.26666666666666666	RWPEPAIT:0.8	TGARWAYV:0.2	ARTKMYVS:0.2	TPHLSGQR:0.8	LDADLTGL:0.4	EGGGFVTD:0.4	AYVELPNV:0.2	DWGNKLTP:0.5333333333333333	LAAERWPE:0.26666666666666666	RGFWGGAK:0.2	NKLTPHLS:0.6	AKARTKMY:0.26666666666666666	KATGARWA:0.2	GFVTDWGN:0.4666666666666667	LDMSIGVF:0.4666666666666667	VELPNVAQ:0.2	VVVASDGS:0.4	RVAREAGA:0.2	AAFNEEDT:0.2	LLDADLTG:0.2	ITRHLKAT:0.2	VTDWGNKL:0.4666666666666667	GGAKARTK:0.2	RREWLLAV:0.2	EKKRGFWG:0.2	ELDMSIGV:0.2	ADLTGLSA:0.2	AVPDLAAE:0.2	DTVAEVVR:0.2	LPQNVGKG:0.2	KARTKMYV:0.2	VSLLTYRA:0.2	GGGFVTDW:0.4666666666666667	PAITRHLK:0.26666666666666666	NVGKGGAL:0.2	VGKGGALH:0.2	AFNEEDTV:0.26666666666666666	ARWAYVEL:0.26666666666666666	MSIGVFEG:0.4	RTKMYVSL:0.2	PEPAITRH:0.26666666666666666	WLLAVPDL:0.26666666666666666	WGNKLTPH:0.5333333333333333	SLLTYRAR:0.2	VKEKKRGF:0.4666666666666667	KLTPHLSG:0.6	YVSLLTYR:0.2	LKATGARW:0.2	AAERWPEP:0.26666666666666666	NVAQVVKE:0.2	QVVKEKKR:0.4666666666666667	WAYVELPN:0.2	RWAYVELP:0.26666666666666666	EPAITRHL:0.26666666666666666	AITRHLKA:0.2	WPEPAITR:0.26666666666666666	VAQVVKEK:0.4666666666666667	KMYVSLLT:0.2	TDWGNKLT:0.4666666666666667	AERWPEPA:0.26666666666666666	FVTDWGNK:0.4666666666666667	GGFVTDWG:0.4666666666666667	DADLTGLS:0.2	VVKEKKRG:0.4666666666666667	LTPHLSGQ:0.6666666666666666	VIAAFNEE:0.2	PDLAAERW:0.2	ATGARWAY:0.2	PNVAQVVK:0.2	ELPNVAQV:0.2	LPNVAQVV:0.2	LLTYRARR:0.2	ERWPEPAI:0.8	KEKKRGFW:0.6	LTYRARRR:0.2	GVFEGGGF:0.5333333333333333	TVAEVVRV:0.2	VPDLAAER:0.2	LLAVPDLA:0.2	GARWAYVE:0.2	TRHLKATG:0.2	EVVVASDG:0.3333333333333333	DMSIGVFE:0.4	RHLKATGA:0.2	AVVIAAFN:0.2	FEGGGFVT:0.4	VVIAAFNE:0.2	EWLLAVPD:0.2	TARVAREA:0.2	FNEEDTVA:0.2	AQVVKEKK:0.4666666666666667	YVELPNVA:0.2	TKMYVSLL:0.2	REWLLAVP:0.2	VFEGGGFV:0.4666666666666667	MYVSLLTY:0.2	LAVPDLAA:0.2	DLAAERWP:0.2	GFWGGAKA:0.2	GKGGALHA:0.2	VIVVSDGS:0.2	ACRREWLL:0.26666666666666666	GQRACRRE:0.26666666666666666	QRACRREW:0.26666666666666666	HLSGQRAC:0.6	LSGQRACR:0.7333333333333333	PHLSGQRA:0.6666666666666666	SGQRACRR:0.7333333333333333	RACRREWL:0.26666666666666666	EVIVVSDG:0.2	VRWDYVEL:0.2	VVMLDADL:0.4666666666666667	LGEERWPE:0.26666666666666666	GEERWPEP:0.26666666666666666	SVAVVIPA:0.26666666666666666	DADLVGLT:0.4	VAVVIPAF:0.4666666666666667	RGFWKGAQ:0.2	MLDADLVG:0.26666666666666666	KRGFWKGA:0.26666666666666666	RWDYVELP:0.4	EERWPEPA:0.2	LDADLVGL:0.4	YVVMLDAD:0.2	GVRWDYVE:0.2	WPEPAITA:0.26666666666666666	ADLVGLTR:0.3333333333333333	AVVIPAFN:0.4666666666666667	VMLDADLV:0.26666666666666666	KKRGFWKG:0.2	EKKRGFWK:0.2	VVIPAFNE:0.4666666666666667	DYVELPQV:0.2	MLDADLTG:0.2	RMYADLLT:0.2	AGARVVEL:0.2	TRMYADLL:0.2	VMLDADLT:0.2	VAVVIPAY:0.26666666666666666	RTRMYADL:0.2	VVIPAYNE:0.26666666666666666	AVVIPAYN:0.26666666666666666	DADLTGLT:0.2	WDYVELPQ:0.2	TGARWDYV:0.26666666666666666	GARWDYVE:0.26666666666666666	ARWDYVEL:0.26666666666666666	RVAVVIPA:0.26666666666666666	GKGPALYA:0.2	WLLSVPRL:0.2	PEPAITAH:0.2	QRACRRDW:0.4	YADLLTYR:0.2	AEYVVMLD:0.2	TLTPEVVV:0.2	GQRACRRD:0.4	MYADLLTY:0.3333333333333333	QVAQVVKE:0.2	PAITAHLK:0.2	PEVVVASD:0.2	VELPQVAQ:0.2	YVELPQVA:0.2	ACRRDWLL:0.4	RACRRDWL:0.4	EPAITAHL:0.2	LTLTPEVV:0.2	ELPQVAQV:0.2	TPEVVVAS:0.2	LTPEVVVA:0.2	ARTKMYAD:0.2	TKMYADLL:0.2	KMYADLLT:0.2	RTKMYADL:0.2	VIPAFNEE:0.3333333333333333	VVVVSDGS:0.26666666666666666	NAGKGPAL:0.2	EVVVVSDG:0.2	VGLTREHL:0.2	LVGLTREH:0.2	DLVGLTRE:0.2	
