cluster number:1985
GT2:11	GT2:11
FMDSDDRL:0.2727272727272727	FSPSPCLN:0.2727272727272727	GKYIYFMD:0.2727272727272727	LFTSQLYL:0.2727272727272727	HEDQLFTS:0.2727272727272727	IIPVYNTC:0.2727272727272727	ALESICRQ:0.2727272727272727	EIIVIDDG:0.5454545454545454	QLFTSQLY:0.2727272727272727	VQEALESI:0.45454545454545453	QMLDAAVW:0.45454545454545453	VSVIIPVY:0.36363636363636365	IYFMDSDD:0.45454545454545453	SICRQTLT:0.2727272727272727	QGQSITRN:0.2727272727272727	EDQLFTSQ:0.2727272727272727	FLRQMLDA:0.2727272727272727	CNYVQEAL:0.2727272727272727	PSPCLNLI:0.2727272727272727	YNTCNYVQ:0.2727272727272727	SPSPCLNL:0.2727272727272727	YFMDSDDR:0.2727272727272727	IIVIDDGS:0.5454545454545454	QEALESIC:0.45454545454545453	PVYNTCNY:0.2727272727272727	VYNTCNYV:0.2727272727272727	DQLFTSQL:0.2727272727272727	HTLPLRQR:0.2727272727272727	LEIIVIDD:0.36363636363636365	YIYFMDSD:0.45454545454545453	VWQAHTLP:0.2727272727272727	RQMLDAAV:0.2727272727272727	SITRNNGM:0.2727272727272727	KVSVIIPV:0.36363636363636365	LDAAVWQA:0.45454545454545453	IPVYNTCN:0.2727272727272727	ATGKYIYF:0.2727272727272727	MLDAAVWQ:0.45454545454545453	NQGQSITR:0.2727272727272727	YLTVTNEL:0.2727272727272727	TCNYVQEA:0.2727272727272727	KYIYFMDS:0.2727272727272727	MDSDDRLE:0.2727272727272727	IHEDQLFT:0.2727272727272727	WQAHTLPL:0.2727272727272727	AHTLPLRQ:0.2727272727272727	ESICRQTL:0.2727272727272727	DAAVWQAH:0.45454545454545453	EGYLTVTN:0.2727272727272727	SVIIPVYN:0.45454545454545453	YVQEALES:0.45454545454545453	LRQMLDAA:0.2727272727272727	VIIPVYNT:0.36363636363636365	LESICRQT:0.2727272727272727	KFFLRRFR:0.2727272727272727	QSITRNNG:0.2727272727272727	FTSQLYLK:0.2727272727272727	AVWQAHTL:0.45454545454545453	TGKYIYFM:0.2727272727272727	IIHEDQLF:0.2727272727272727	AAVWQAHT:0.45454545454545453	NYVQEALE:0.2727272727272727	PKVSVIIP:0.6363636363636364	HPKVSVII:0.2727272727272727	EALESICR:0.2727272727272727	IVIDDGST:0.5454545454545454	VIDDGSTD:0.5454545454545454	TSQLYLKA:0.2727272727272727	QAHTLPLR:0.2727272727272727	GYLTVTNE:0.2727272727272727	NTCNYVQE:0.2727272727272727	GQSITRNN:0.2727272727272727	VYFMDSDD:0.2727272727272727	KVSVIIPI:0.2727272727272727	NMEGYLTV:0.36363636363636365	IDDGSTDS:0.2727272727272727	DGSTDSSR:0.2727272727272727	VSVIIPIY:0.2727272727272727	VIIPIYNT:0.2727272727272727	SVIIPIYN:0.2727272727272727	DDGSTDSS:0.2727272727272727	YVYFMDSD:0.2727272727272727	MEGYLTVT:0.36363636363636365	FMDSDDIL:0.2727272727272727	YFMDSDDI:0.2727272727272727	DFVFFDAE:0.36363636363636365	LDFVFFDA:0.36363636363636365	
