cluster number:2513
GT2:164	GT2:164
VCGRRRER:0.5182926829268293	FVDGDCEV:0.3353658536585366	VLGKFPEM:0.21951219512195122	GEAKACGG:0.25609756097560976	AKACGGDA:0.32926829268292684	YVDSGSTD:0.7865853658536586	VAVVCGRR:0.3048780487804878	PFTAARAR:0.6951219512195121	NLLCDLEW:0.20121951219512196	AEMTLHDA:0.4146341463414634	VVIGRNEG:0.573170731707317	PELCVRLR:0.4146341463414634	KACGGDAL:0.36585365853658536	VVCGRRRE:0.5487804878048781	ACGGDALM:0.4146341463414634	EAKACGGD:0.25	LVLGKFPE:0.23170731707317074	LIAGEEPE:0.7012195121951219	FTAARARN:0.8353658536585366	DLIAGEEP:0.2804878048780488	FLVLGKFP:0.23170731707317074	EPELCVRL:0.4146341463414634	LCDLEWDT:0.2621951219512195	AGEEPELC:0.6463414634146342	AGHAYAEG:0.2073170731707317	TAARARNE:0.29878048780487804	VVVIGRNE:0.36585365853658536	GHAYAEGA:0.23170731707317074	CGRRRERF:0.3475609756097561	VDSGSTDG:0.573170731707317	IAGEEPEL:0.6219512195121951	DSGSTDGS:0.573170731707317	RAGHAYAE:0.21951219512195122	GEEPELCV:0.4146341463414634	MTRFSQWW:0.21951219512195122	QFVDGDCE:0.43902439024390244	IGVVVIGR:0.22560975609756098	EEPELCVR:0.4146341463414634	AARARNEG:0.31097560975609756	GVVVIGRN:0.3231707317073171	CDLEWDTP:0.2682926829268293	ARARNEGF:0.2865853658536585	ELCVRLRA:0.23170731707317074	AVVCGRRR:0.47560975609756095	VQFVDGDC:0.5	CGGDALMR:0.4268292682926829	GRRRERFP:0.3597560975609756	YNLLCDLE:0.20121951219512196	VYVDSGST:0.4268292682926829	SIPFTAAR:0.2682926829268293	IGRNEGER:0.25609756097560976	AARARNAG:0.5	IPFTAARA:0.3353658536585366	TAARARNA:0.4878048780487805	SGSTDGSV:0.3231707317073171	VVYVDSGS:0.2621951219512195	HDAAMTRF:0.23780487804878048	MTLHDAAM:0.2073170731707317	GRNEGERL:0.25	RLDAEMTL:0.22560975609756098	DAEMTLHD:0.2926829268292683	LDAEMTLH:0.22560975609756098	ARARNAGL:0.21951219512195122	IYVDSGST:0.22560975609756098	
