cluster number:1816
GT2:6	GT2:6
NITFNLSQ:0.3333333333333333	IITTYNRK:0.6666666666666666	KKQLLRVS:0.3333333333333333	ITVIDDCS:0.5	NLEEKRLI:0.3333333333333333	EWFNHNVY:0.3333333333333333	FLIENLEE:0.5	YDTISYYL:0.3333333333333333	VNDASIYL:0.6666666666666666	SHTDFKSM:0.3333333333333333	MNSAKSHT:0.3333333333333333	LDDDDYLI:0.5	MNMVNDAS:0.6666666666666666	FLDDDDYL:0.6666666666666666	AANVFLEY:0.5	KEITVIDD:0.5	EMNEWFNH:0.3333333333333333	VYRIHGNN:0.5	LIENLEEK:0.5	EITVIDDC:0.5	MNEWFNHN:0.3333333333333333	NMVNDASI:0.6666666666666666	YLMNSAKS:0.3333333333333333	FNHNVYDT:0.3333333333333333	FVAANVFL:0.5	NVFLEYSK:0.3333333333333333	LMNSAKSH:0.3333333333333333	MVNDASIY:0.6666666666666666	KSHTDFKS:0.3333333333333333	KGYPKPAS:0.3333333333333333	DDDDYLID:0.5	GVYRIHGN:0.5	LEEKRLIR:0.3333333333333333	NDASIYLR:0.6666666666666666	ENLEEKRL:0.3333333333333333	VAANVFLE:0.5	WFNHNVYD:0.3333333333333333	HTDFKSMY:0.3333333333333333	AKSHTDFK:0.3333333333333333	NSAKSHTD:0.3333333333333333	YRIHGNNI:0.5	YYLMNSAK:0.3333333333333333	LFLDDDDY:0.5	NNITFNLS:0.5	KVSVIITT:0.3333333333333333	VIITTYNR:0.6666666666666666	PKVSVIIT:0.3333333333333333	LLIGDAGF:0.3333333333333333	SVIITTYN:0.6666666666666666	RIHGNNIT:0.5	PKPASTLT:0.5	NEWFNHNV:0.3333333333333333	GNNITFNL:0.5	IENLEEKR:0.3333333333333333	ANVFLEYS:0.5	NHNVYDTI:0.3333333333333333	GYPKPAST:0.5	SAKSHTDF:0.3333333333333333	HGNNITFN:0.5	IGDAGFID:0.3333333333333333	VSVIITTY:0.3333333333333333	IHGNNITF:0.5	LIGDAGFI:0.3333333333333333	YPKPASTL:0.5	AGVYRIHG:0.3333333333333333	GFIDVIAG:0.3333333333333333	ASIYLRSL:0.5	EYVLFLDD:0.3333333333333333	QDYPNKEI:0.5	PRVIYMRN:0.3333333333333333	SLLVGDAG:0.3333333333333333	RRKAFAAH:0.3333333333333333	VLFLDDDD:0.3333333333333333	AGFIDVIA:0.3333333333333333	PNKEITVI:0.3333333333333333	PGNNRRKA:0.3333333333333333	NNRRKAFA:0.3333333333333333	TVIDDCST:0.3333333333333333	DVIAGVYR:0.3333333333333333	VGDAGFID:0.3333333333333333	SGPGNNRR:0.3333333333333333	DAGFIDVI:0.3333333333333333	DDCSTDGT:0.3333333333333333	YPNKEITV:0.3333333333333333	YVLFLDDD:0.3333333333333333	KISVIITT:0.3333333333333333	LLVGDAGF:0.3333333333333333	YLRSLLVG:0.3333333333333333	LVGDAGFI:0.3333333333333333	DASIYLRS:0.5	NRRKAFAA:0.3333333333333333	GPGNNRRK:0.3333333333333333	FIDVIAGV:0.3333333333333333	KPASTLTT:0.5	EPRVIYMR:0.3333333333333333	RSLLVGDA:0.3333333333333333	IDVIAGVY:0.3333333333333333	PKISVIIT:0.3333333333333333	DYPNKEIT:0.3333333333333333	SIYLRSLL:0.5	LRSLLVGD:0.3333333333333333	IYLRSLLV:0.3333333333333333	ISVIITTY:0.3333333333333333	NKEITVID:0.3333333333333333	SKAVRFHL:0.3333333333333333	TNSGPGNN:0.3333333333333333	GDAGFIDV:0.3333333333333333	GNNRRKAF:0.3333333333333333	GEYVLFLD:0.3333333333333333	SFVAANVF:0.5	IDDCSTDG:0.3333333333333333	VIDDCSTD:0.3333333333333333	NSGPGNNR:0.3333333333333333	TLFRREAL:0.3333333333333333	STLTTLFR:0.3333333333333333	GLSFVAAN:0.3333333333333333	ASTLTTLF:0.3333333333333333	TLTTLFRR:0.3333333333333333	LSFVAANV:0.3333333333333333	LTTLFRRE:0.3333333333333333	HPGLSFVA:0.3333333333333333	PASTLTTL:0.3333333333333333	TTLFRREA:0.3333333333333333	PGLSFVAA:0.3333333333333333	VSVLIPTL:0.3333333333333333	LGMRLYLS:0.3333333333333333	HDLGMRLY:0.3333333333333333	DHDLGMRL:0.3333333333333333	DLGMRLYL:0.3333333333333333	GMRLYLSG:0.3333333333333333	PTWMLNRD:0.3333333333333333	
