cluster number:2491
GT2:11	GT2:11|GT4:6|GT41:3
MAYDMIPE:0.45454545454545453	PSVFMAYD:0.45454545454545453	ACGCPVIT:0.36363636363636365	GAVALVYP:0.36363636363636365	CGCPVITC:0.2727272727272727	VFMAYDMI:0.45454545454545453	KYKYGINK:0.2727272727272727	AVALVYPS:0.36363636363636365	TPSVFMAY:0.45454545454545453	DMIPEVLG:0.45454545454545453	YDMIPEVL:0.45454545454545453	GCPVITCP:0.2727272727272727	FKYKYGIN:0.2727272727272727	GINKPYFL:0.2727272727272727	AYDMIPEV:0.36363636363636365	YKYGINKP:0.2727272727272727	CPVITCPN:0.2727272727272727	KYGINKPY:0.2727272727272727	SENTAKDL:0.2727272727272727	AMACGCPV:0.2727272727272727	AFKYKYGI:0.2727272727272727	FMAYDMIP:0.45454545454545453	DGVFFQLY:0.2727272727272727	INKPYFLL:0.2727272727272727	IIFPDWSQ:0.2727272727272727	EAMACGCP:0.2727272727272727	YGINKPYF:0.2727272727272727	ISENTAKD:0.2727272727272727	ALCEVQKP:0.36363636363636365	MACGCPVI:0.2727272727272727	YEGFGMPV:0.36363636363636365	SVFMAYDM:0.45454545454545453	ARVWKSLL:0.2727272727272727	FSIIIPTR:0.6363636363636364	ISTYYTTP:0.36363636363636365	IARVWKSL:0.2727272727272727	IIPTRQRH:0.2727272727272727	TGIARVWK:0.2727272727272727	ELRLAYAG:0.2727272727272727	LRLAYAGA:0.2727272727272727	FISTYYTT:0.36363636363636365	LFSIIIPT:0.2727272727272727	DDALMPDG:0.2727272727272727	GIARVWKS:0.2727272727272727	DDDALMPD:0.2727272727272727	SGIVNAYF:0.36363636363636365	ITVAHCGV:0.2727272727272727	YKNAILFF:0.2727272727272727	LFFQAFAQ:0.2727272727272727	LGDDDALM:0.2727272727272727	GDDDALMP:0.2727272727272727	GIVNAYFS:0.2727272727272727	FFQAFAQL:0.2727272727272727	RLSMSDNW:0.36363636363636365	LFISTYYT:0.2727272727272727	MIPEVLGG:0.2727272727272727	LSMSDNWE:0.36363636363636365	SIIIPTRE:0.45454545454545453	IIPTRERH:0.36363636363636365	IIIPTRER:0.45454545454545453	SMSDNWEL:0.2727272727272727	STYYTTPL:0.2727272727272727	
