cluster number:2145
GT2:6	GT2:6
RGFDEFYH:0.3333333333333333	LLLLHQWH:0.5	TTYFQVGY:0.3333333333333333	FCFVADVD:0.3333333333333333	PLNHQHLK:0.3333333333333333	SRALNSVI:0.5	ELLLLHQW:0.5	HFWGAEDT:0.5	RALNSVIK:0.5	EATGLSLF:0.3333333333333333	DFCFVADV:0.3333333333333333	KSRALNSV:0.5	QPWNKSRA:0.5	DEFYHFWG:0.5	NKSRALNS:0.5	LRGFDEFY:0.3333333333333333	ILYPYRNR:0.3333333333333333	LPLNHQHL:0.3333333333333333	TDFCFVAD:0.3333333333333333	LNHQHLKN:0.3333333333333333	GAEDTDIH:0.3333333333333333	YHFWGAED:0.5	EFYHFWGA:0.5	GILPLNHQ:0.3333333333333333	LYPYRNRD:0.3333333333333333	TGLSLFPV:0.3333333333333333	ILPLNHQH:0.3333333333333333	PWNKSRAL:0.5	GFDEFYHF:0.5	SGILPLNH:0.3333333333333333	LSILYPYR:0.3333333333333333	TYFQVGYL:0.3333333333333333	EVTNEKRQ:0.3333333333333333	FWGAEDTD:0.5	SILYPYRN:0.3333333333333333	ATGLSLFP:0.3333333333333333	MLSILYPY:0.3333333333333333	FYHFWGAE:0.5	WGAEDTDI:0.3333333333333333	FDEFYHFW:0.5	WNKSRALN:0.5	SYQSRERT:0.3333333333333333	YQPWNKSR:0.3333333333333333	IYFQVGFL:0.3333333333333333	KNFEVFFI:0.3333333333333333	LLLHQWHP:0.3333333333333333	NGFDEFYH:0.3333333333333333	NKNFEVFF:0.3333333333333333	LNGFDEFY:0.3333333333333333	TNKNFEVF:0.3333333333333333	QTNKNFEV:0.3333333333333333	EELLLLHQ:0.3333333333333333	HIRLKNAG:0.3333333333333333	NFEVFFID:0.3333333333333333	IRLKNAGY:0.3333333333333333	
