cluster number:219
GT2:78	GT2:78
WVHEPVPE:0.20512820512820512	GDFHSTLP:0.41025641025641024	EIRTGYTC:0.47435897435897434	AWVHEPVP:0.23076923076923078	SGGEDTDF:0.2948717948717949	KRRFRSGQ:0.24358974358974358	GGEDTDFF:0.3333333333333333	FHSTLPVW:0.38461538461538464	RRFRSGQT:0.2564102564102564	HSTLPVWV:0.3333333333333333	FRSGQTHG:0.2564102564102564	AGVISGLL:0.23076923076923078	IRTGYTCN:0.5256410256410257	SGQTHGRL:0.2564102564102564	GYTCNALL:0.24358974358974358	DFHSTLPV:0.41025641025641024	RTGYTCNA:0.24358974358974358	RFRSGQTH:0.2564102564102564	LAKRRFRS:0.24358974358974358	GEIRTGYT:0.4358974358974359	RSGQTHGR:0.2564102564102564	GQTHGRLL:0.3717948717948718	LHAGVISG:0.23076923076923078	SNISIARN:0.38461538461538464	HAGVISGL:0.23076923076923078	WLAKRRFR:0.28205128205128205	AKRRFRSG:0.24358974358974358	CLDNSTGD:0.21794871794871795	TGYTCNAL:0.24358974358974358	GVISGLLG:0.23076923076923078	SIARNACL:0.47435897435897434	TFRRPELA:0.2948717948717949	PSARALVE:0.20512820512820512	TDFFTGMH:0.21794871794871795	EDTDFFTG:0.21794871794871795	CPASNISI:0.2692307692307692	CTFRRPEL:0.3076923076923077	HCPASNIS:0.2692307692307692	YTCNALLR:0.23076923076923078	IDDDETAS:0.2948717948717949	ISIARNAC:0.47435897435897434	WMRRGDFH:0.3076923076923077	FIDDDETA:0.41025641025641024	LGPVRAHY:0.23076923076923078	ARNACLDN:0.20512820512820512	DTDFFTGM:0.21794871794871795	GRSGGEDT:0.2564102564102564	GEDTDFFT:0.21794871794871795	ASNISIAR:0.2692307692307692	RRGDFHST:0.3076923076923077	LAFIDDDE:0.4230769230769231	LGRSGGED:0.2692307692307692	VCTFRRPE:0.2564102564102564	AVLGPVRA:0.358974358974359	AFIDDDET:0.4230769230769231	MRRGDFHS:0.3076923076923077	IARNACLD:0.3717948717948718	PASNISIA:0.2692307692307692	NISIARNA:0.5	YVHCPASN:0.20512820512820512	GYTCNVLL:0.32051282051282054	DFLAFIDD:0.21794871794871795	GGEDTEFF:0.3076923076923077	FLAFIDDD:0.2564102564102564	VHCPASNI:0.20512820512820512	YTCNVLLR:0.2692307692307692	TGYTCNVL:0.3717948717948718	RIIVADND:0.20512820512820512	ARNACLDA:0.2948717948717949	RTGYTCNV:0.2692307692307692	IGVCTFRR:0.21794871794871795	GVCTFRRP:0.21794871794871795	HAPARNIS:0.21794871794871795	DIGVCTFR:0.21794871794871795	IDIGVCTF:0.21794871794871795	
