cluster number:1047
GT2:235	GT2:235
VQELTENT:0.28936170212765955	NVLGARTL:0.3404255319148936	FFSDQDDV:0.26382978723404255	MHDWYLAL:0.43829787234042555	TENTVTGG:0.6680851063829787	HDWYLALL:0.3659574468085106	FSDQDDVW:0.4085106382978723	YFFSDQDD:0.4	SDQDDVWL:0.35319148936170214	LVQELTEN:0.2936170212765957	QELTENTV:0.5361702127659574	ENTVTGGV:0.2765957446808511	ELTENTVT:0.6468085106382979	LTENTVTG:0.6468085106382979	WYLALLAS:0.20425531914893616	LMHDWYLA:0.33191489361702126	YLALLASA:0.2	DWYLALLA:0.3659574468085106	DQDDVWLP:0.3446808510638298	IRDDGSSD:0.3872340425531915	NILMSTYN:0.2936170212765957	GVIKNFYT:0.2127659574468085	ILMSTYNG:0.39574468085106385	KNFYTLLK:0.20425531914893616	SNVLGART:0.251063829787234	NVLGARTW:0.2765957446808511	GARTWSKR:0.25957446808510637	LLIRDDGS:0.4723404255319149	IKNFYTLL:0.20851063829787234	VLGARTWS:0.2553191489361702	TVTGGTMM:0.23829787234042554	LGARTWSK:0.25957446808510637	ENTVTGGT:0.2936170212765957	NTVTGGTM:0.2425531914893617	VIKNFYTL:0.2127659574468085	LLVYTDLK:0.3191489361702128	PLLVYTDL:0.3276595744680851	TELYRQHD:0.20851063829787234	LVYTDLKV:0.2851063829787234	LMSTYNGE:0.2851063829787234	VYTDLKVV:0.28936170212765955	LLMHDWYL:0.3617021276595745	TQSDHANT:0.23829787234042554	LLSTYNGE:0.25957446808510637	ILLSTYNG:0.2723404255319149	NILLSTYN:0.22127659574468084	IRDDGSTD:0.2425531914893617	PTELYRQH:0.2978723404255319	
