cluster number:2263
GT2:104	GT2:104
RLTDVTSG:0.27884615384615385	NLGVGGAM:0.6826923076923077	VDADGQHD:0.3557692307692308	VGGAMRTG:0.27884615384615385	AEYLGDTI:0.4326923076923077	DADGQHDP:0.5865384615384616	GGAMRTGF:0.25	GVGGAMRT:0.27884615384615385	YPAEYLGD:0.6057692307692307	EYLGDTIE:0.25961538461538464	PAEYLGDT:0.6730769230769231	LTDVTSGF:0.375	VQVDADGQ:0.21153846153846154	TRLTDVTS:0.2692307692307692	LGVGGAMR:0.6923076923076923	QVDADGQH:0.46153846153846156	VGGAMRAG:0.34615384615384615	LTDTTSGF:0.3173076923076923	VIGARFAG:0.28846153846153844	GVGGAMRA:0.3557692307692308	ADGQHDPR:0.27884615384615385	GARFAGEG:0.22115384615384615	EYLGDTVE:0.27884615384615385	VVDDGSTD:0.20192307692307693	RGPRRWAM:0.23076923076923078	HYPAEYLG:0.23076923076923078	LGDTIDSL:0.2403846153846154	IQVDADGQ:0.25	ISIGARFA:0.21153846153846154	GDTIDSLV:0.23076923076923078	EYLGDTID:0.25961538461538464	YLGDTIDS:0.2403846153846154	VLVVDDGS:0.36538461538461536	DVLVVDDG:0.2692307692307692	AEYLGDTV:0.21153846153846154	TSGFRAAN:0.2692307692307692	GGAMRAGF:0.2403846153846154	PFNLGVGG:0.25	LPFNLGVG:0.25	FNLGVGGA:0.25	DVTSGFRA:0.2692307692307692	TDVTSGFR:0.25961538461538464	VTSGFRAA:0.20192307692307693	
