cluster number:2241
GT2:21	GT2:21|GT4:6|GT41:4|GT0:1
DYEFWLRI:0.23809523809523808	VSIIIPTY:0.38095238095238093	IIIPTYNR:0.38095238095238093	PLVSIIIP:0.2857142857142857	LVSIIIPT:0.38095238095238093	SIIIPTYN:0.38095238095238093	YILPLDAD:0.23809523809523808	IIPTYNRA:0.2857142857142857	
