cluster number:1101
GT2:13	GT2:13
ANAGPAAA:0.38461538461538464	FCDSAMPP:0.3076923076923077	QANAGPAA:0.38461538461538464	GPAAARNH:0.38461538461538464	AARNHGLD:0.38461538461538464	RDAHERLG:0.3076923076923077	NLYRDAHE:0.3076923076923077	FLDSDDQW:0.23076923076923078	AAARNHGL:0.38461538461538464	AFLDSDDQ:0.23076923076923078	FYFCDSAM:0.3076923076923077	AGEDWLMW:0.3076923076923077	LYRDAHER:0.3076923076923077	RYAGEDWL:0.3076923076923077	GINLYRDA:0.3076923076923077	NAGPAAAR:0.5384615384615384	INLYRDAH:0.3076923076923077	YFCDSAMP:0.3076923076923077	RGEGINLY:0.3076923076923077	YRDAHERL:0.3076923076923077	RQANAGPA:0.3076923076923077	DFYFCDSA:0.3076923076923077	AGPAAARN:0.5384615384615384	YAGEDWLM:0.3076923076923077	PAAARNHG:0.38461538461538464	GEGINLYR:0.3076923076923077	EGINLYRD:0.3076923076923077	LRYAGEDW:0.3076923076923077	IAFLDSDD:0.3076923076923077	YIAFLDSD:0.23076923076923078	YVAFLDSD:0.3076923076923077	FLDSDDSW:0.38461538461538464	VAFLDSDD:0.3076923076923077	IAVIIPYF:0.23076923076923078	VIIPYFQR:0.23076923076923078	AFLDSDDS:0.38461538461538464	LDSDDSWA:0.3076923076923077	AVIIPYFQ:0.23076923076923078	DSDDSWAP:0.3076923076923077	DYVAFLDS:0.23076923076923078	
