cluster number:1593
GT2:28	GT2:28
DKNNCKRV:0.25	YLKKPVIY:0.21428571428571427	NNCKRVYE:0.21428571428571427	ELIIVDDG:0.21428571428571427	YSSVAFDF:0.21428571428571427	LKKPVIYY:0.21428571428571427	LIIVDDGS:0.21428571428571427	ICINDGST:0.25	DYSSVAFD:0.21428571428571427	TDYSSVAF:0.21428571428571427	IICINDGS:0.25	FDFAYLKK:0.2857142857142857	DFAYLKKP:0.2857142857142857	DIEIICIN:0.21428571428571427	IEIICIND:0.25	ITDYSSVA:0.21428571428571427	EIICINDG:0.25	CINDGSTD:0.25	LITDYSSV:0.2857142857142857	KNNCKRVY:0.25	INFLDSDD:0.21428571428571427	NFLDSDDY:0.21428571428571427	
