cluster number:304
GT2:15	GT2:15
FDETYNVR:0.3333333333333333	FYSDVCSA:0.4666666666666667	WRGMRLAN:0.2	RIFDETYN:0.3333333333333333	AEYMVYLS:0.2	VCSAAPRD:0.2	APRDFLVN:0.2	EYGKDILD:0.26666666666666666	EYMVYLSQ:0.26666666666666666	KRKLYWLA:0.6	KKSDYSHG:0.2	LVNEIGYR:0.2	FPAMKYDI:0.4	RKLYWLAV:0.2	CSAAPRDF:0.2	YWLAVNPL:0.2	KDILDAGY:0.2	SEDYEYGK:0.4	YEYGKDIL:0.26666666666666666	VYLSQDAV:0.4	LYWLAVNP:0.2	YSEDYEYG:0.4	TRQMAAEL:0.2	DINAVFNE:0.2	KSDYSHGA:0.2	SDVCSAAP:0.4	GKYTKESF:0.2	DYSWKRKL:0.4	GKDILDAG:0.26666666666666666	IVEHSNDV:0.3333333333333333	HGATRQMA:0.2	MKYDINAV:0.26666666666666666	SHGATRQM:0.2	VLGKQKPR:0.2	YGKDILDA:0.26666666666666666	YSHGATRQ:0.2	KYTKESFY:0.2	WKRKLYWL:0.6	PAMKYDIN:0.26666666666666666	AIVEHSND:0.3333333333333333	EDYEYGKD:0.4	DYSHGATR:0.2	LKKSDYSH:0.2	VEHSNDVL:0.26666666666666666	KESFYSDV:0.4	IFDETYNV:0.3333333333333333	YMVYLSQD:0.3333333333333333	EHSNDVLL:0.26666666666666666	INAVFNEQ:0.2	LKGKYTKE:0.2	YSDVCSAA:0.4666666666666667	RQMAAELS:0.2	AAPRDFLV:0.2	SFYSDVCS:0.4	DYEYGKDI:0.4	DVCSAAPR:0.4	ESFYSDVC:0.4	KWRGMRLA:0.2	FLVNEIGY:0.2	SAEYMVYL:0.2	SAAPRDFL:0.2	VAVLGKQK:0.2	YTKESFYS:0.4	SWKRKLYW:0.4666666666666667	GATRQMAA:0.2	TKESFYSD:0.4	EKWRGMRL:0.2	AVLGKQKP:0.2	SDYSHGAT:0.2	IVAVLGKQ:0.2	YSWKRKLY:0.4666666666666667	VFNEQGVA:0.26666666666666666	AMKYDINA:0.26666666666666666	HSNDVLLS:0.2	YDINAVFN:0.2	KYDINAVF:0.26666666666666666	MVYLSQDA:0.4666666666666667	CFPAMKYD:0.4	AVFNEQGV:0.26666666666666666	SSAEYMVY:0.2	NAVFNEQG:0.2	KLYWLAVN:0.2	KGKYTKES:0.2	SQDAVPAN:0.2	YLSQDAVP:0.4	LSQDAVPA:0.2	IPVYNGEN:0.26666666666666666	RKLYWLAI:0.2	KATVFIPV:0.26666666666666666	YNVRLNSG:0.26666666666666666	HLEETLTA:0.2	DETYNVRL:0.2	YNGENDHL:0.26666666666666666	KLYWLAIN:0.2	ETYNVRLN:0.2	PVYNGEND:0.26666666666666666	ATVFIPVY:0.3333333333333333	NDHLEETL:0.26666666666666666	TYNVRLNS:0.2	TVFIPVYN:0.3333333333333333	VFIPVYNG:0.3333333333333333	LYWLAINP:0.2	FIPVYNGE:0.4	VYNGENDH:0.26666666666666666	DHLEETLT:0.2	NGENDHLE:0.26666666666666666	GENDHLEE:0.26666666666666666	ENDHLEET:0.26666666666666666	VVAVMGKQ:0.2	EFGHGRTR:0.26666666666666666	RIFDETVG:0.2	VNSAARRA:0.2	NSEFGHGR:0.2	IPNSEFGH:0.2	EDQLFGRD:0.26666666666666666	FYSDVNSA:0.5333333333333333	AILTYNGE:0.2	YSDVNSAA:0.4	GHGRTRNL:0.2	CFPLLKYE:0.2	HGRTRNLA:0.2	FPLLKYEI:0.2	FGPDFGTT:0.26666666666666666	GPDFGTTV:0.2	SEFGHGRT:0.2	FDETVGLR:0.2	SDVNSAAR:0.4	YLTHDAIP:0.2	VAYLTHDA:0.26666666666666666	FGHGRTRN:0.26666666666666666	PNSEFGHG:0.2	NSAARRAF:0.2	AYLTHDAI:0.2	IFDETVGL:0.2	DVNSAARR:0.26666666666666666	RYAEDQLF:0.2	AEDQLFGR:0.26666666666666666	PDFGTTVF:0.2	SAARRAFL:0.2	YAEDQLFG:0.26666666666666666	VRYAEDQL:0.2	GRTRNLAA:0.2	VIDSGSTD:0.2	VTFYSDVN:0.2	TFYSDVNS:0.2	YSHGGTRQ:0.26666666666666666	EYSHGGTR:0.26666666666666666	GGTRQMAA:0.2	LEETLSAL:0.2	DHLEETLS:0.2	GTRQMAAE:0.2	HGGTRQMA:0.2	SHGGTRQM:0.2	VLITDSGS:0.2	EETLSALY:0.2	HLEETLSA:0.2	IKATVFIP:0.2	
