cluster number:1548
GT2:38	GT2:38
QGDCGPYW:0.21052631578947367	GDCGPYWG:0.23684210526315788	SAWWQGDC:0.23684210526315788	LRWCQGNM:0.21052631578947367	FQFGMRLG:0.3157894736842105	MRLGMRSY:0.23684210526315788	WWQGDCGP:0.23684210526315788	RLGMRSYT:0.23684210526315788	QFGMRLGM:0.3157894736842105	CGPYWGHN:0.3157894736842105	WQGDCGPY:0.21052631578947367	DCGPYWGH:0.3157894736842105	GFWNAVIG:0.3157894736842105	RDLRWCQG:0.2631578947368421	WCQGNMQY:0.23684210526315788	FGMRLGMR:0.3157894736842105	GMRLGMRS:0.2631578947368421	GSAWWQGD:0.23684210526315788	AWWQGDCG:0.23684210526315788	GPYWGHNA:0.39473684210526316	RWCQGNMQ:0.23684210526315788	DLRWCQGN:0.2631578947368421	LMRRAGYE:0.5789473684210527	TLRNEDPA:0.2631578947368421	GYEVRVLP:0.47368421052631576	LRNEDPAR:0.2631578947368421	RRAGYEVR:0.6842105263157895	RLGILQSL:0.2894736842105263	CGPFWGHN:0.5263157894736842	LSHDQVEA:0.6842105263157895	PFWGHNAL:0.3157894736842105	PRLGILQS:0.2894736842105263	FARIFQFG:0.47368421052631576	GPFWGHNA:0.5263157894736842	ILSHDQVE:0.5	LGILQSLV:0.34210526315789475	MTLRNEDP:0.3684210526315789	LPLDADSL:0.34210526315789475	QFGMRHGM:0.4473684210526316	RIFQFGMR:0.47368421052631576	FQFGMRHG:0.4473684210526316	DCGPFWGH:0.3157894736842105	MLPLDADS:0.4473684210526316	WSLPLTAG:0.21052631578947367	WGHNALVR:0.2631578947368421	IFQFGMRH:0.23684210526315788	RNEDPARA:0.3157894736842105	LMLPLDAD:0.34210526315789475	ARIFQFGM:0.47368421052631576	EVRVLPVE:0.2631578947368421	PLDADSLM:0.4473684210526316	FWGHNALV:0.23684210526315788	GDCGPFWG:0.2631578947368421	FGMRHGMR:0.34210526315789475	ELMLPLDA:0.23684210526315788	RAGYEVRV:0.631578947368421	GHNALVRI:0.21052631578947367	AGYEVRVL:0.47368421052631576	MRRAGYEV:0.6842105263157895	VLMRRAGY:0.3684210526315789	HDQVEAVL:0.39473684210526316	QVEAVLMR:0.39473684210526316	VEAVLMRR:0.39473684210526316	AVLMRRAG:0.39473684210526316	RWCQGNLQ:0.3157894736842105	FWNAVIGL:0.2631578947368421	DQVEAVLM:0.39473684210526316	EAVLMRRA:0.39473684210526316	WCQGNLQY:0.3157894736842105	GILQSLVV:0.47368421052631576	ILQSLVVG:0.47368421052631576	SHDQVEAV:0.4473684210526316	PWTVLGFW:0.3157894736842105	AFARIFQF:0.3157894736842105	QSLVVGMP:0.2631578947368421	TVLGFWNA:0.3157894736842105	FKAGNVRD:0.21052631578947367	SLVVGMPS:0.21052631578947367	SAFARIFQ:0.3157894736842105	GFKAGNVR:0.23684210526315788	LQSLVVGM:0.2631578947368421	WTVLGFWN:0.2894736842105263	KAGNVRDF:0.21052631578947367	LDADSLMT:0.23684210526315788	DADSLMTG:0.23684210526315788	RLFQFGMR:0.2631578947368421	HPRLGILQ:0.21052631578947367	ECGPFWGH:0.21052631578947367	
