cluster number:2174
GT2:18	GT2:18
VVDSFSTD:0.6111111111111112	LRLGFLDG:0.2222222222222222	YFLRLGFL:0.2222222222222222	DSFSTDNT:0.3333333333333333	VDSFSTDN:0.2777777777777778	FLRLGFLD:0.2222222222222222	SVVIITYN:0.2222222222222222	LSVVIITY:0.2222222222222222	VVIITYNE:0.2222222222222222	VLQLDADE:0.4444444444444444	PLSVVIIT:0.2222222222222222	TNYCGSWV:0.2222222222222222	KLRLYDRR:0.4444444444444444	ARLTNYCG:0.4444444444444444	VTLFHLLL:0.2777777777777778	TLARLTNY:0.2777777777777778	QLNRFTSI:0.2222222222222222	WGVFLKFA:0.4444444444444444	VDSFSTDR:0.2777777777777778	RHGGWYPD:0.5	DHVLQLDA:0.2222222222222222	HVLQLDAD:0.2777777777777778	HGYFLRLG:0.2777777777777778	VHGYFLRL:0.2222222222222222	DSFSTDRT:0.2777777777777778	GFAGLSIA:0.2777777777777778	FVHGYFLR:0.2222222222222222	GWYPDRKL:0.4444444444444444	LARLTNYC:0.4444444444444444	DRKLRLYD:0.4444444444444444	WVRHGGWY:0.4444444444444444	HGGWYPDR:0.5	LDGFAGLS:0.2777777777777778	ISAWGVFL:0.4444444444444444	VFLKFAKL:0.4444444444444444	LDADEVLT:0.4444444444444444	RLYDRRLG:0.4444444444444444	AWGVFLKF:0.4444444444444444	LRQSIRQA:0.2222222222222222	WKFVHGYF:0.2777777777777778	LGDVADEV:0.2222222222222222	ALGDVADE:0.2222222222222222	GGWYPDRK:0.5	PDRKLRLY:0.4444444444444444	LNRFTSIA:0.2222222222222222	YTLARLTN:0.2777777777777778	DGFAGLSI:0.2777777777777778	VRHGGWYP:0.4444444444444444	YPDRKLRL:0.4444444444444444	SFSTDRTV:0.2222222222222222	GVFLKFAK:0.4444444444444444	LFHLLLKP:0.3333333333333333	CGSWVRHG:0.2222222222222222	KFVHGYFL:0.2222222222222222	NRFTSIAA:0.2222222222222222	LQLDADEV:0.4444444444444444	RKLRLYDR:0.4444444444444444	SAWGVFLK:0.4444444444444444	SWVRHGGW:0.2222222222222222	WYPDRKLR:0.4444444444444444	RLTNYCGS:0.2222222222222222	GYTLARLT:0.2222222222222222	LRLYDRRL:0.4444444444444444	NYCGSWVR:0.2222222222222222	QLDADEVL:0.4444444444444444	RVTLFHLL:0.2777777777777778	GSWVRHGG:0.2222222222222222	TLFHLLLK:0.2777777777777778	YCGSWVRH:0.2222222222222222	ELRQSIRQ:0.2222222222222222	LTNYCGSW:0.2222222222222222	GLLLHERY:0.2777777777777778	ADEVLTEE:0.3333333333333333	EELRQSIR:0.2222222222222222	LTEELRQS:0.3333333333333333	VLTEELRQ:0.3333333333333333	DADEVLTE:0.3333333333333333	WEGLLLHE:0.2777777777777778	EVLTEELR:0.3333333333333333	VIITFNEE:0.2222222222222222	TEELRQSI:0.3333333333333333	DEVLTEEL:0.3333333333333333	LLLHERYE:0.2777777777777778	AGDALHYS:0.2222222222222222	AQHVSQLN:0.2222222222222222	SITAQELA:0.2222222222222222	IAQHVSQL:0.2222222222222222	SQLNKFTS:0.2222222222222222	YDRRLGRW:0.3333333333333333	GDALHYSY:0.2777777777777778	RRLGRWEG:0.2222222222222222	RLGRWEGL:0.2222222222222222	QLNKFTSI:0.2222222222222222	QHVSQLNK:0.2222222222222222	LGRWEGLL:0.2222222222222222	FAGYVEQK:0.2222222222222222	LAGDALHY:0.2222222222222222	RLGFLDGF:0.2777777777777778	FTSITAQE:0.2222222222222222	ITAQELAL:0.2222222222222222	AGYVEQKN:0.2222222222222222	LYDRRLGR:0.3333333333333333	LNKFTSIT:0.2222222222222222	LVVDSFST:0.2777777777777778	LKFAKLKT:0.3333333333333333	DRRLGRWE:0.2222222222222222	GRWEGLLL:0.2222222222222222	FLKFAKLK:0.3333333333333333	DEVLVVDS:0.2222222222222222	RWEGLLLH:0.2222222222222222	SIAQHVSQ:0.2222222222222222	AFAGYVEQ:0.2222222222222222	ADEVLVVD:0.2222222222222222	LGFLDGFA:0.2777777777777778	TSITAQEL:0.2222222222222222	VSQLNKFT:0.2222222222222222	HVSQLNKF:0.2222222222222222	FLDGFAGL:0.2777777777777778	GFLDGFAG:0.2777777777777778	KFTSITAQ:0.2222222222222222	NKFTSITA:0.2222222222222222	
