cluster number:905
GT2:26	GT2:26|GT4:11
TGPLSFQR:0.2692307692307692	GPLSFQRQ:0.2692307692307692	DCSTDRTV:0.23076923076923078	DDCSTDRT:0.23076923076923078	NMSSFMFR:0.23076923076923078	NDADDWSH:0.3076923076923077	PLSFQRQS:0.23076923076923078	FFRRGKPG:0.23076923076923078	DADDWSHP:0.38461538461538464	VVDDCSTD:0.2692307692307692	TINDADDW:0.23076923076923078	DDWSHPQK:0.23076923076923078	WSHPQKIE:0.23076923076923078	DWSHPQKI:0.23076923076923078	
