cluster number:1367
GT2:19	GT2:19
ELKGFNNI:0.21052631578947367	YLKHQNRK:0.3157894736842105	AEKIFKTQ:0.21052631578947367	FIDSDDTY:0.21052631578947367	ERAEKIFK:0.2631578947368421	RYLKHQNR:0.3157894736842105	IVVDDGSQ:0.3157894736842105	QANPEIDL:0.21052631578947367	LQQTFQDF:0.21052631578947367	NAGIQASF:0.6842105263157895	VDDGSQDH:0.3157894736842105	ARNAGIQA:0.2631578947368421	VLQQTFQD:0.21052631578947367	VVDDGSQD:0.3684210526315789	ILCTYNRA:0.2631578947368421	IILCTYNR:0.21052631578947367	QDHTFEIV:0.3684210526315789	ITFIDSDD:0.5263157894736842	QQTFQDFE:0.21052631578947367	DGSQDHTF:0.3684210526315789	RNAGIQAS:0.5789473684210527	AGIQASFG:0.6842105263157895	DFELIVVD:0.21052631578947367	ANPEIDLI:0.2631578947368421	FFELKGFN:0.21052631578947367	RAEKIFKT:0.42105263157894735	LCTYNRAK:0.2631578947368421	QTFQDFEL:0.21052631578947367	GSQDHTFE:0.3684210526315789	YITFIDSD:0.5263157894736842	FELIVVDD:0.21052631578947367	PETYIYTR:0.21052631578947367	SVLQQTFQ:0.21052631578947367	DDGSQDHT:0.3684210526315789	ELIVVDDG:0.5789473684210527	TFIDSDDT:0.21052631578947367	SQDHTFEI:0.3684210526315789	SIILCTYN:0.21052631578947367	TYNRAKYL:0.2631578947368421	CTYNRAKY:0.2631578947368421	LIVVDDGS:0.5263157894736842	DHTFEIVN:0.3684210526315789	YARNAGIQ:0.2631578947368421	WERAEKIF:0.2631578947368421	YITFLDSD:0.3157894736842105	IQASFGKY:0.3157894736842105	GIQASFGK:0.3157894736842105	ITFLDSDD:0.3157894736842105	QASFGKYI:0.3157894736842105	SFGKYITF:0.3157894736842105	IRYLKHQN:0.3157894736842105	ASFGKYIT:0.3157894736842105	QKFNNIRY:0.21052631578947367	NIRYLKHQ:0.2631578947368421	YNRAKYLN:0.21052631578947367	ALSRNAGI:0.21052631578947367	LSRNAGIQ:0.21052631578947367	SRNAGIQA:0.3157894736842105	DWELIVVD:0.2631578947368421	WELIVVDD:0.3684210526315789	GPTFFGKR:0.3157894736842105	FGKYITFI:0.2631578947368421	GKYITFID:0.2631578947368421	KYITFIDS:0.2631578947368421	TFFGKRKV:0.21052631578947367	FFGKRKVF:0.21052631578947367	TFEIVNPY:0.21052631578947367	HTFEIVNP:0.21052631578947367	FEIVNPYL:0.21052631578947367	CVLGPTFF:0.21052631578947367	VLGPTFFG:0.21052631578947367	LGPTFFGK:0.21052631578947367	
