cluster number:798
GT2:17	GT2:17
ISCTEYTR:0.23529411764705882	YRVLDNSR:0.23529411764705882	LKNNYLGC:0.23529411764705882	KYIAFLDA:0.23529411764705882	GCLTVIYD:0.23529411764705882	RVLDNSRS:0.23529411764705882	VLDNSRSS:0.23529411764705882	YIAFLDAD:0.29411764705882354	DNSRSSNK:0.23529411764705882	SCTEYTRV:0.23529411764705882	IAFLDADD:0.29411764705882354	LGCLTVIY:0.23529411764705882	DYVLWLEI:0.23529411764705882	NYLGCLTV:0.23529411764705882	YVLWLEIV:0.23529411764705882	VLWLEIVK:0.23529411764705882	EDYVLWLE:0.23529411764705882	NNYLGCLT:0.23529411764705882	GKYIAFLD:0.23529411764705882	NEDYVLWL:0.23529411764705882	IIPMYNAE:0.23529411764705882	LDNSRSSN:0.23529411764705882	KNNYLGCL:0.23529411764705882	YLGCLTVI:0.23529411764705882	IPMYNAEK:0.23529411764705882	IIIPMYNA:0.23529411764705882	KNEDYVLW:0.23529411764705882	SIIIPMYN:0.23529411764705882	IIIPVYNA:0.23529411764705882	IIPVYNAE:0.23529411764705882	VSIIIPVY:0.23529411764705882	SIIIPVYN:0.23529411764705882	IAFLDSDD:0.29411764705882354	YIAFLDSD:0.23529411764705882	GEYIAFLD:0.23529411764705882	
