cluster number:1536
GT2:19	GT2:19|GT8:2|GT0:1
IIDDCSTD:0.3684210526315789	EFIIIDDC:0.47368421052631576	FEFIIIDD:0.5263157894736842	IIIDDCST:0.3684210526315789	FIIIDDCS:0.47368421052631576	NFEFIIID:0.3157894736842105	AIESILNQ:0.5789473684210527	EAIESILN:0.21052631578947367	ESILNQTY:0.21052631578947367	IESILNQT:0.42105263157894735	IARMDDDD:0.47368421052631576	YIARMDDD:0.47368421052631576	ESILNQTF:0.2631578947368421	ARMDDDDI:0.42105263157894735	GKIINIPE:0.21052631578947367	FAIESILN:0.21052631578947367	RMDDDDIS:0.3684210526315789	NSLSYKIG:0.21052631578947367	AYQLGECF:0.21052631578947367	QYAEDYKL:0.21052631578947367	YQYAEDYK:0.21052631578947367	KYIARMDD:0.42105263157894735	YAEDYKLW:0.21052631578947367	LAYQLGEC:0.21052631578947367	KNSLSYKI:0.21052631578947367	GGKIINIP:0.21052631578947367	HLAYQLGE:0.21052631578947367	GKYIARMD:0.42105263157894735	YQLGECFL:0.21052631578947367	RGKYIARM:0.2631578947368421	AKKDNRIK:0.21052631578947367	
