cluster number:877
GT2:13	GT2:13
MLGIIGEY:0.5384615384615384	IDSFVSFS:0.3076923076923077	LITFLLGI:0.3076923076923077	TIIALITF:0.23076923076923078	KVIKLSRN:0.3076923076923077	MSLIYWLG:0.23076923076923078	GWTTIIAL:0.23076923076923078	IPYVRQER:0.3076923076923077	FLLGIIMI:0.23076923076923078	DSFVSFSY:0.38461538461538464	IELQGWTT:0.3076923076923077	MIMLGIIG:0.23076923076923078	IGEYLWRI:0.46153846153846156	QGWTTIIA:0.23076923076923078	WTTIIALI:0.23076923076923078	REESFSQK:0.23076923076923078	FGSMSAIQ:0.3076923076923077	DDGSKDNS:0.23076923076923078	TTIIALIT:0.23076923076923078	CVGIIAAD:0.3076923076923077	IIGEYLWR:0.6923076923076923	SMSAIQAG:0.3076923076923077	GEYLWRIL:0.46153846153846156	RKLGKSRW:0.3076923076923077	RIKVIKLS:0.38461538461538464	LFIDSFVS:0.3076923076923077	IMIMLGII:0.23076923076923078	TFLLGIIM:0.3076923076923077	SLIYWLGH:0.23076923076923078	ITFLLGII:0.3076923076923077	IALITFLL:0.23076923076923078	IIALITFL:0.23076923076923078	FVDDGSKD:0.3076923076923077	EFVFVDDG:0.3076923076923077	LGKSRWTL:0.3076923076923077	LWRILDES:0.3076923076923077	VGIIAADL:0.3076923076923077	VRQERKLG:0.3076923076923077	YLWRILDE:0.46153846153846156	ERKLGKSR:0.3076923076923077	LGIIGEYL:0.6153846153846154	QERKLGKS:0.3076923076923077	VIKLSRNF:0.3076923076923077	LGIIMIML:0.23076923076923078	VFVDDGSK:0.3076923076923077	KLGKSRWT:0.3076923076923077	GIIMIMLG:0.23076923076923078	MSAIQAGL:0.3076923076923077	TGDCVGII:0.38461538461538464	LLGIIMIM:0.23076923076923078	IIMIMLGI:0.23076923076923078	GIIAADLQ:0.3076923076923077	WRILDESR:0.3076923076923077	VDDGSKDN:0.23076923076923078	FVFVDDGS:0.3076923076923077	RQERKLGK:0.3076923076923077	AADLQDPP:0.38461538461538464	IKVIKLSR:0.3076923076923077	IIAADLQD:0.3076923076923077	NFGSMSAI:0.38461538461538464	ELQGWTTI:0.3076923076923077	GSMSAIQA:0.3076923076923077	KLSRNFGS:0.5384615384615384	LSRNFGSM:0.3076923076923077	ADLQDPPE:0.5384615384615384	FIDSFVSF:0.3076923076923077	KLFIDSFV:0.3076923076923077	LQGWTTII:0.3076923076923077	DREESFSQ:0.23076923076923078	GIIGEYLW:0.6923076923076923	SRNFGSMS:0.3076923076923077	IKLSRNFG:0.38461538461538464	IAADLQDP:0.38461538461538464	ALITFLLG:0.23076923076923078	DCVGIIAA:0.3076923076923077	RNFGSMSA:0.3076923076923077	IMLGIIGE:0.23076923076923078	GDCVGIIA:0.3076923076923077	PYVRQERK:0.3076923076923077	EYLWRILD:0.46153846153846156	YVRQERKL:0.3076923076923077	YPKGGFDF:0.3076923076923077	TLSKKIKL:0.46153846153846156	TNIMSLIY:0.23076923076923078	NIMSLIYW:0.23076923076923078	LSKKIKLF:0.3076923076923077	KSRWTLSK:0.3076923076923077	NTNIMSLI:0.3076923076923077	DLQDPPEL:0.38461538461538464	WTLSKKIK:0.46153846153846156	ISADLQDP:0.23076923076923078	SRWTLSKK:0.3076923076923077	LQDPPELF:0.23076923076923078	SADLQDPP:0.23076923076923078	GKSRWTLS:0.3076923076923077	RWTLSKKI:0.3076923076923077	KNTNIMSL:0.3076923076923077	EKNTNIMS:0.3076923076923077	KKIKLFID:0.3076923076923077	SKKIKLFI:0.3076923076923077	IKLFIDSF:0.3076923076923077	KIKLFIDS:0.3076923076923077	IGEYLWRN:0.23076923076923078	LSRNFGSH:0.23076923076923078	
