cluster number:1486
GT2:34	GT2:34
LYFEETDL:0.5	FLYFEETD:0.5	FDEGFFLY:0.35294117647058826	EGFFLYYE:0.2647058823529412	DEGFFLYY:0.2647058823529412	VDNDSGDG:0.35294117647058826	IGSVSTGM:0.35294117647058826	GSVSTGMK:0.29411764705882354	IVDNDSGD:0.23529411764705882	VDWLAGAS:0.23529411764705882	FFLYFEET:0.47058823529411764	HIGSVSTG:0.35294117647058826	DNDSGDGS:0.35294117647058826	NGGFGAGN:0.4117647058823529	DRIGLFDE:0.20588235294117646	DSGDGSFE:0.29411764705882354	ETDLCLRA:0.20588235294117646	YFEETDLC:0.4411764705882353	EETDLCLR:0.2647058823529412	FEETDLCL:0.23529411764705882	FDETFFLY:0.20588235294117646	NDSGDGSF:0.29411764705882354	GGFGAGNN:0.4117647058823529	LDRIGLFD:0.20588235294117646	DLVYLLNS:0.20588235294117646	AGASMMIR:0.23529411764705882	LYYEETDL:0.20588235294117646	ETDLCRRA:0.3235294117647059	FLYYEETD:0.20588235294117646	LVYLLNSD:0.20588235294117646	DWSAGASM:0.23529411764705882	SAGASMMI:0.20588235294117646	EETDLCRR:0.35294117647058826	YYEETDLC:0.20588235294117646	WSAGASMM:0.23529411764705882	VDWSAGAS:0.20588235294117646	VYLLNSDA:0.29411764705882354	PDYWYDSR:0.20588235294117646	AGWQTHYV:0.20588235294117646	
