cluster number:789
GT2:17	GT2:17|GT4:1
DERLPLYA:0.23529411764705882	WYEDIDFS:0.23529411764705882	YAWYEDID:0.23529411764705882	LGYSQVAN:0.4117647058823529	YGCNMAFR:0.47058823529411764	FFDDDFLP:0.23529411764705882	IVFFDDDF:0.29411764705882354	FDERLPLY:0.35294117647058826	ADGAKGPG:0.35294117647058826	RLPLYAWY:0.23529411764705882	LYAWYEDI:0.23529411764705882	PLYAWYED:0.23529411764705882	LPLYAWYE:0.23529411764705882	YEDIDFSR:0.23529411764705882	RLGYSQVA:0.23529411764705882	LADGAKGP:0.23529411764705882	ERLPLYAW:0.23529411764705882	RFDERLPL:0.35294117647058826	AWYEDIDF:0.23529411764705882	GYSQVANP:0.35294117647058826	PYIDRRGR:0.23529411764705882	QVANPLYL:0.29411764705882354	DGAKGPGL:0.29411764705882354	YSQVANPL:0.29411764705882354	SQVANPLY:0.29411764705882354	VGIATSGR:0.23529411764705882	FFDDDFFP:0.29411764705882354	GLRLGYSQ:0.23529411764705882	TYGCNMAF:0.35294117647058826	NTYGCNMA:0.29411764705882354	VRLGYSQI:0.23529411764705882	VFNTYGCN:0.23529411764705882	FNTYGCNM:0.23529411764705882	DVFNTYGC:0.23529411764705882	GVRLGYSQ:0.23529411764705882	PLYAWQED:0.23529411764705882	LPLYAWQE:0.23529411764705882	FDEKLPLY:0.23529411764705882	
