cluster number:354
GT2:11	GT2:11
ADVYYSDA:0.45454545454545453	WRDMALGM:0.2727272727272727	LSADLDWE:0.5454545454545454	LCRYLVGG:0.36363636363636365	VWFMNAGD:0.8181818181818182	GASTDGTL:0.2727272727272727	DVYYSDAL:0.5454545454545454	ITITYNAE:0.36363636363636365	GLRSQVTP:0.36363636363636365	NLSADLDW:0.5454545454545454	LRSQVTPH:0.36363636363636365	YVWFMNAG:0.6363636363636364	IITITYNA:0.5454545454545454	PFVLCRYL:0.2727272727272727	VQQHRRSL:0.2727272727272727	ERFLERTI:0.36363636363636365	YDAMNKGL:0.45454545454545453	DMALGMKV:0.45454545454545453	DAMNKGLH:0.2727272727272727	MKVCHQAF:0.45454545454545453	DLDWEIRC:0.5454545454545454	ALGMKVCH:0.36363636363636365	LDWEIRCL:0.5454545454545454	VGLRSQVT:0.2727272727272727	TYNAERFL:0.36363636363636365	ISIITITY:0.36363636363636365	FMNAGDEI:0.2727272727272727	YNAERFLE:0.36363636363636365	WFMNAGDE:0.7272727272727273	SADLDWEI:0.5454545454545454	SIITITYN:0.5454545454545454	VYYSDALF:0.5454545454545454	MALGMKVC:0.2727272727272727	DGASTDGT:0.2727272727272727	LPFVLCRY:0.2727272727272727	GMKVCHQA:0.45454545454545453	ITYNAERF:0.36363636363636365	YYSDALFV:0.5454545454545454	GLYDAMNK:0.7272727272727273	RDMALGMK:0.2727272727272727	PVGLRSQV:0.2727272727272727	LTWRDMAL:0.2727272727272727	DWEIRCLK:0.5454545454545454	TWRDMALG:0.2727272727272727	NAERFLER:0.36363636363636365	SVQQHRRS:0.2727272727272727	TITYNAER:0.36363636363636365	LYDAMNKG:0.7272727272727273	KVCHQAFV:0.36363636363636365	LGMKVCHQ:0.36363636363636365	YSDALFVR:0.2727272727272727	ADLDWEIR:0.5454545454545454	AERFLERT:0.36363636363636365	PDRGLYDA:0.2727272727272727	YDAMNKGQ:0.2727272727272727	YLVGGLSV:0.2727272727272727	EPDRGLYD:0.2727272727272727	SLIDRFKV:0.36363636363636365	WEIRCLKA:0.45454545454545453	HRQSLIDR:0.2727272727272727	SEPDRGLY:0.36363636363636365	DRGLYDAM:0.2727272727272727	LVGGLSVQ:0.2727272727272727	DGSPVGLR:0.2727272727272727	GSPVGLRS:0.2727272727272727	RQSLIDRF:0.2727272727272727	RGLYDAMN:0.2727272727272727	LIDRFKVL:0.36363636363636365	RYLVGGLS:0.2727272727272727	FMNAGDEL:0.36363636363636365	CRYLVGGL:0.2727272727272727	EIRCLKAA:0.45454545454545453	HQAFVARR:0.2727272727272727	QSLIDRFK:0.2727272727272727	PDKGLYDA:0.2727272727272727	KGLYDAMN:0.2727272727272727	EYVWFMNA:0.36363636363636365	LERTIQSI:0.2727272727272727	YLIIDGAS:0.2727272727272727	EPDKGLYD:0.2727272727272727	DKGLYDAM:0.2727272727272727	SEPDKGLY:0.2727272727272727	GEYVWFMN:0.2727272727272727	EYLIIDGA:0.2727272727272727	GLSVQQHR:0.2727272727272727	GGLSVQQH:0.2727272727272727	
