cluster number:1906
GT2:13	GT2:13
IKYFNKWG:0.46153846153846156	SLVLYRHE:0.23076923076923078	FLYLEDVD:0.6923076923076923	AGFGAGHN:0.23076923076923078	VSAIKYFN:0.3076923076923077	SGCFMLVS:0.3076923076923077	DTRFFLYL:0.3076923076923077	IASLVLYR:0.23076923076923078	KIVYPDGR:0.23076923076923078	KYFNKWGW:0.6153846153846154	YFNKWGWF:0.46153846153846156	GCFMLVSN:0.3076923076923077	APSLSGCF:0.46153846153846156	FFLYLEDV:0.5384615384615384	EDVDLSRR:0.5384615384615384	YFLICNPD:0.23076923076923078	SAIKYFNK:0.5384615384615384	PKIVYPDG:0.23076923076923078	LVIVDNGS:0.23076923076923078	ASLVLYRH:0.23076923076923078	LYLEDVDL:0.5384615384615384	VDLSRRIC:0.23076923076923078	YHIVSAIK:0.23076923076923078	HIVSAIKY:0.23076923076923078	IVYPDGRL:0.23076923076923078	SLSGCFML:0.46153846153846156	FDTRFFLY:0.3076923076923077	YPDGRLQH:0.23076923076923078	KLVIVDNG:0.38461538461538464	NKWGWFFD:0.38461538461538464	FFAPSLSG:0.46153846153846156	TRFFLYLE:0.3076923076923077	FAPSLSGC:0.46153846153846156	RFFLYLED:0.5384615384615384	SKLVIVDN:0.3076923076923077	LSGCFMLV:0.23076923076923078	FNKWGWFF:0.38461538461538464	HESQRRSY:0.38461538461538464	IVSAIKYF:0.23076923076923078	VYPDGRLQ:0.23076923076923078	VHESQRRS:0.38461538461538464	PSLSGCFM:0.46153846153846156	LVLYRHEY:0.23076923076923078	NAGFGAGH:0.23076923076923078	YFDTRFFL:0.23076923076923078	DVDLSRRI:0.23076923076923078	YLEDVDLS:0.5384615384615384	FLICNPDI:0.38461538461538464	LEDVDLSR:0.5384615384615384	LLPSPYQL:0.23076923076923078	PFFAPSLS:0.3076923076923077	LVVHESQR:0.23076923076923078	GYFDTRFF:0.23076923076923078	DVGYFDTR:0.23076923076923078	MKIIASLV:0.23076923076923078	IIASLVLY:0.3076923076923077	VGYFDTRF:0.23076923076923078	VVHESQRR:0.38461538461538464	LPSPYQLF:0.3076923076923077	KIIASLVL:0.23076923076923078	AIKYFNKW:0.5384615384615384	KPFFAPSL:0.3076923076923077	EVDKLYQF:0.23076923076923078	DYSKPFFA:0.23076923076923078	KGEVDKLY:0.3076923076923077	PDSVVVHE:0.23076923076923078	YSKPFFAP:0.23076923076923078	SKPFFAPS:0.23076923076923078	GEVDKLYQ:0.23076923076923078	ADYSKPFF:0.23076923076923078	CPDSVVVH:0.23076923076923078	YCPDSVVV:0.23076923076923078	IVDNGSFC:0.23076923076923078	LASLVLYK:0.23076923076923078	ASLVLYKH:0.3076923076923077	ILASLVLY:0.23076923076923078	VIVDNGSF:0.23076923076923078	IPKVVYPD:0.23076923076923078	KVVYPDGS:0.23076923076923078	VYPDGSLQ:0.23076923076923078	DVDLSRRV:0.23076923076923078	YPDGSLQH:0.23076923076923078	LSIPKVVY:0.23076923076923078	VVYPDGSL:0.23076923076923078	GLSIPKVV:0.23076923076923078	SIPKVVYP:0.23076923076923078	PKVVYPDG:0.23076923076923078	
