cluster number:2533
GT2:11	GT2:11
RNFFMFTC:0.2727272727272727	FGDQGIFV:0.5454545454545454	VDRDLFFE:0.2727272727272727	SRNFFMFT:0.2727272727272727	KGTIPKLR:0.2727272727272727	AGKRIYTS:0.2727272727272727	IAFHSRNF:0.2727272727272727	QFSLTLKE:0.5454545454545454	GIFVDRDL:0.2727272727272727	MAGKRIYT:0.2727272727272727	KVMFGDQG:0.36363636363636365	FVDRDLFF:0.2727272727272727	GCFGIAFH:0.5454545454545454	TCRVISNH:0.5454545454545454	AGCFGIAF:0.5454545454545454	LGMAGKRI:0.2727272727272727	FTCRVISN:0.5454545454545454	MFTCRVIS:0.5454545454545454	RIYTSDRR:0.5454545454545454	VKDRKVMF:0.2727272727272727	AFHSRNFF:0.2727272727272727	GDQGIFVD:0.5454545454545454	FMFTCRVI:0.5454545454545454	GMAGKRIY:0.2727272727272727	PKGTIPKL:0.2727272727272727	YQFSLTLK:0.5454545454545454	MFGDQGIF:0.5454545454545454	MEDYQFSL:0.5454545454545454	DYQFSLTL:0.5454545454545454	KDRKVMFG:0.36363636363636365	CFGIAFHS:0.5454545454545454	EDYQFSLT:0.5454545454545454	FGIAFHSR:0.2727272727272727	HSRNFFMF:0.2727272727272727	VMFGDQGI:0.36363636363636365	IYTSDRRF:0.5454545454545454	MNRLRKMY:0.45454545454545453	EIPIMEDY:0.45454545454545453	IPIMEDYQ:0.45454545454545453	YTSDRRFP:0.5454545454545454	DQGIFVDR:0.5454545454545454	PEIPIMED:0.45454545454545453	NRLRKMYR:0.45454545454545453	CRVISNHR:0.5454545454545454	IMEDYQFS:0.36363636363636365	DRRFPKGT:0.5454545454545454	RVISNHRV:0.2727272727272727	ISNHRVKD:0.2727272727272727	NFFMFTCR:0.45454545454545453	RRFPKGTI:0.2727272727272727	FHSRNFFM:0.2727272727272727	RVKDRKVM:0.2727272727272727	GIAFHSRN:0.2727272727272727	FSLTLKEK:0.36363636363636365	RKVMFGDQ:0.36363636363636365	VISNHRVK:0.2727272727272727	RFPKGTIP:0.2727272727272727	HRVKDRKV:0.2727272727272727	FPEIPIME:0.45454545454545453	MFPEIPIM:0.36363636363636365	GKRIYTSD:0.2727272727272727	SNHRVKDR:0.2727272727272727	TSDRRFPK:0.5454545454545454	QGIFVDRD:0.2727272727272727	FPKGTIPK:0.2727272727272727	SDRRFPKG:0.5454545454545454	FFMFTCRV:0.45454545454545453	DRKVMFGD:0.36363636363636365	IFVDRDLF:0.2727272727272727	KRIYTSDR:0.2727272727272727	NHRVKDRK:0.2727272727272727	PIMEDYQF:0.36363636363636365	RISIIVPV:0.2727272727272727	ISIIVPVY:0.2727272727272727	SIIVPVYN:0.36363636363636365	GDILFFLH:0.45454545454545453	PKLKLMWK:0.2727272727272727	LAEIRRVM:0.36363636363636365	TGRRIYTS:0.2727272727272727	KLKLMWKM:0.2727272727272727	ILFFLHCD:0.45454545454545453	FVDGGSTD:0.5454545454545454	AIIIFTRV:0.2727272727272727	DILFFLHC:0.45454545454545453	DGGYYLVG:0.45454545454545453	RRIYTSDR:0.2727272727272727	IIIFTRVP:0.2727272727272727	MTGRRIYT:0.2727272727272727	LFVDGGST:0.5454545454545454	FFLHCDSE:0.36363636363636365	LMWKMNRL:0.2727272727272727	MWKMNRLR:0.2727272727272727	PLAEIRRV:0.36363636363636365	FLHCDSEL:0.36363636363636365	ILFVDGGS:0.5454545454545454	RLRKMYRD:0.2727272727272727	LGMTGRRI:0.2727272727272727	LHCDSELP:0.36363636363636365	KLMWKMNR:0.2727272727272727	IIVPVYNE:0.2727272727272727	AGMFPEIP:0.36363636363636365	VIHSEKGR:0.36363636363636365	LFFLHCDS:0.45454545454545453	VKLGMTGR:0.2727272727272727	GMTGRRIY:0.2727272727272727	RVISNHRI:0.2727272727272727	VISNHRIK:0.2727272727272727	KMNRLRKM:0.2727272727272727	GYYLVGMK:0.45454545454545453	VDGGSTDR:0.2727272727272727	KLGMTGRR:0.2727272727272727	CEILFVDG:0.45454545454545453	SNHRIKDR:0.2727272727272727	WKMNRLRK:0.2727272727272727	ISNHRIKD:0.2727272727272727	GGYYLVGM:0.45454545454545453	LKLMWKMN:0.2727272727272727	DGGSTDRT:0.2727272727272727	RAIIIFTR:0.2727272727272727	EILFVDGG:0.5454545454545454	YLVGMKKP:0.36363636363636365	HCDSELPP:0.2727272727272727	YYLVGMKK:0.45454545454545453	GRRIYTSD:0.2727272727272727	GKCEILFV:0.2727272727272727	GMFPEIPI:0.2727272727272727	LIGTDVPE:0.2727272727272727	KCEILFVD:0.2727272727272727	EIRRVMRD:0.2727272727272727	
