cluster number:1719
GT2:301	GT2:301
SRRFVKSF:0.574750830564784	FSRRFVKS:0.5415282392026578	IYVYDNNS:0.2558139534883721	SGYRVFSR:0.5049833887043189	GYRVFSRR:0.5049833887043189	LSGYRVFS:0.48172757475083056	MLSGYRVF:0.3122923588039867	GLVPRLPT:0.21926910299003322	VVRRMFAD:0.5149501661129569	YRVFSRRF:0.3654485049833887	GKGHVVRR:0.33554817275747506	VFSRRFVK:0.36212624584717606	RMFADIDA:0.2026578073089701	KGHVVRRM:0.33554817275747506	RVFSRRFV:0.3554817275747508	DMLSGYRV:0.31561461794019935	MFADIDAD:0.2059800664451827	RFVKSFPA:0.4152823920265781	HVVRRMFA:0.29900332225913623	GHVVRRMF:0.33554817275747506	LVPRLPTA:0.22259136212624583	RRFVKSFP:0.5880398671096345	VRRMFADI:0.33222591362126247	QGKGHVVR:0.33554817275747506	RRQGKGHV:0.20930232558139536	ERRQGKGH:0.20930232558139536	RQGKGHVV:0.21926910299003322	VLLPCYNE:0.21262458471760798	AVLLPCYN:0.21262458471760798	VYDNNSTD:0.292358803986711	GFEIETEM:0.2026578073089701	TGLVPRFP:0.27906976744186046	GLVPRFPT:0.27906976744186046	LVPRFPTA:0.27906976744186046	FEIETELT:0.22259136212624583	PRFPTAIL:0.2292358803986711	GKGNVVRR:0.34219269102990035	GFEIETEL:0.22259136212624583	VPRFPTAI:0.2292358803986711	DGDATYDA:0.2425249169435216	CGLILDTV:0.21262458471760798	
