cluster number:372
GT2:13	GT2:13
TDKTVEIA:0.23076923076923078	STDKTVEI:0.23076923076923078	DKTVEIAK:0.23076923076923078	ESLKKEQN:0.38461538461538464	DGDERITP:0.38461538461538464	DGKEGYQL:0.38461538461538464	TYESLKKE:0.38461538461538464	KQRNLALD:0.3076923076923077	KNKLLHYS:0.3076923076923077	NFRLFRKS:0.3076923076923077	SVSDYESY:0.38461538461538464	NEEKNIRE:0.23076923076923078	HYSVSDYE:0.23076923076923078	KPEQKDAY:0.23076923076923078	VFETYESL:0.3076923076923077	YYFYRKFF:0.38461538461538464	FLDGDERI:0.46153846153846156	LSVFETYE:0.3076923076923077	KMIHYGIL:0.23076923076923078	DWVLFLDG:0.38461538461538464	SGTQSDKN:0.23076923076923078	ETYESLKK:0.38461538461538464	SDKNFRLF:0.23076923076923078	FRLFRKSK:0.3076923076923077	KDAYYFYR:0.38461538461538464	SYLQSLSV:0.23076923076923078	LNKPEQKD:0.23076923076923078	SLSVFETY:0.23076923076923078	FTKQRNLA:0.3076923076923077	RLGILDGK:0.38461538461538464	EKNIREVL:0.23076923076923078	FFKAYIMR:0.23076923076923078	KLLHYSVS:0.3076923076923077	NDWVLFLD:0.38461538461538464	LGILDGKE:0.38461538461538464	GKEGYQLS:0.38461538461538464	NKLLHYSV:0.3076923076923077	FKFFKAYI:0.3076923076923077	DERITPEL:0.23076923076923078	FSGTQSDK:0.23076923076923078	WVLFLDGD:0.38461538461538464	NKPEQKDA:0.23076923076923078	AYYFYRKF:0.38461538461538464	YESLKKEQ:0.38461538461538464	YSVSDYES:0.23076923076923078	FYRKFFFA:0.38461538461538464	EQKDAYYF:0.23076923076923078	KFFKAYIM:0.23076923076923078	EDFTKQRN:0.46153846153846156	KEGYQLSY:0.23076923076923078	PEQKDAYY:0.23076923076923078	DFTKQRNL:0.3076923076923077	KVHETLEV:0.23076923076923078	FEDFTKQR:0.46153846153846156	GTQSDKNF:0.23076923076923078	EEKNIREV:0.23076923076923078	AFKFFKAY:0.38461538461538464	EVLECFDF:0.23076923076923078	QKDAYYFY:0.23076923076923078	KAYIMRLG:0.23076923076923078	FRKSKARY:0.23076923076923078	FKAYIMRL:0.23076923076923078	IHYGILKG:0.23076923076923078	KTAFKFFK:0.38461538461538464	MRLGILDG:0.23076923076923078	QSLSVFET:0.23076923076923078	VLECFDFC:0.23076923076923078	DAYYFYRK:0.38461538461538464	LSYLQSLS:0.23076923076923078	MIHYGILK:0.23076923076923078	HETLEVNG:0.23076923076923078	LQSLSVFE:0.23076923076923078	DSFSTDKT:0.3076923076923077	ELNKPEQK:0.23076923076923078	FETYESLK:0.3076923076923077	KNFRLFRK:0.3076923076923077	LDGDERIT:0.46153846153846156	VLKNKLLH:0.23076923076923078	TAFKFFKA:0.38461538461538464	GYQLSYLQ:0.23076923076923078	QSDKNFRL:0.23076923076923078	LKNKLLHY:0.3076923076923077	GILDGKEG:0.38461538461538464	RLFRKSKA:0.23076923076923078	LLHYSVSD:0.23076923076923078	LHYSVSDY:0.23076923076923078	YFYRKFFF:0.38461538461538464	DKNFRLFR:0.46153846153846156	EGYQLSYL:0.23076923076923078	LFLDGDER:0.46153846153846156	KKVHETLE:0.23076923076923078	LFRKSKAR:0.23076923076923078	SVFETYES:0.3076923076923077	LDGKEGYQ:0.38461538461538464	TQSDKNFR:0.23076923076923078	TKQRNLAL:0.3076923076923077	VHETLEVN:0.23076923076923078	GVLKNKLL:0.23076923076923078	ILDGKEGY:0.3076923076923077	VLFLDGDE:0.38461538461538464	GDERITPE:0.23076923076923078	LFRRSKAR:0.23076923076923078	AKNDWVLF:0.23076923076923078	CFDFCDEI:0.3076923076923077	RLFRRSKA:0.23076923076923078	FRRSKARY:0.23076923076923078	KNDWVLFL:0.23076923076923078	LIITYNEE:0.23076923076923078	ITYNEEKN:0.38461538461538464	SGLIITYN:0.23076923076923078	VSDYESYK:0.23076923076923078	KFEDFTKQ:0.3076923076923077	NKFEDFTK:0.23076923076923078	IITYNEEK:0.3076923076923077	IQNKFEDF:0.23076923076923078	YSKTAFKF:0.23076923076923078	QYSKTAFK:0.23076923076923078	DKKDAYYF:0.23076923076923078	QNKFEDFT:0.23076923076923078	GLIITYNE:0.23076923076923078	TYNEEKNI:0.3076923076923077	SKTAFKFF:0.23076923076923078	GVLKGQEL:0.23076923076923078	HYGVLKGQ:0.23076923076923078	MIHYGVLK:0.23076923076923078	IHYGVLKG:0.23076923076923078	EIIIVDSF:0.23076923076923078	KMIHYGVL:0.23076923076923078	YGVLKGQE:0.23076923076923078	DEIIIVDS:0.23076923076923078	IIIVDSFS:0.23076923076923078	SFSTDKTL:0.23076923076923078	IVDSFSTD:0.23076923076923078	
