cluster number:1091
GT2:13	GT2:13
HAYYPNWN:0.3076923076923077	DNEVHEHI:0.23076923076923078	MDHYAFPS:0.23076923076923078	AYYPNWNL:0.3076923076923077	ILIPIKNE:0.23076923076923078	GDNEVHEH:0.46153846153846156	IDVFVEKH:0.23076923076923078	VEKHNRYS:0.38461538461538464	NRYSNWEA:0.38461538461538464	WPKKKNWA:0.23076923076923078	LPFRPTLR:0.23076923076923078	PNWNLRLF:0.3076923076923077	FVEKHNRY:0.3076923076923077	YYPNWNLR:0.3076923076923077	PFRPTLRF:0.23076923076923078	WINRRFMF:0.3076923076923077	RRLPFRPT:0.23076923076923078	EKHNRYSN:0.38461538461538464	SGDNEVHE:0.46153846153846156	NRRFMFMG:0.3076923076923077	SILIPIKN:0.23076923076923078	INRRFMFM:0.3076923076923077	PKKKNWAL:0.38461538461538464	SIDVFVEK:0.23076923076923078	YPNWNLRL:0.3076923076923077	VVDSHSTD:0.23076923076923078	DVFVEKHN:0.23076923076923078	VSILIPIK:0.23076923076923078	KHNRYSNW:0.38461538461538464	VFVEKHNR:0.3076923076923077	EMDHYAFP:0.23076923076923078	NLPRCLAA:0.23076923076923078	HNRYSNWE:0.38461538461538464	DEVVVVDS:0.23076923076923078	WVLILDAD:0.23076923076923078	LRHAYYPN:0.23076923076923078	WLRHAYYP:0.23076923076923078	VLILDADE:0.23076923076923078	LILDADEV:0.23076923076923078	RYSNWEAR:0.23076923076923078	LRFLYVYV:0.23076923076923078	RHAYYPNW:0.23076923076923078	ADEVVVVD:0.23076923076923078	WNLRLFRH:0.23076923076923078	ADEIIVVD:0.23076923076923078	IIVVDSHS:0.23076923076923078	DNEVHEHV:0.23076923076923078	EIIVVDSH:0.23076923076923078	DEIIVVDS:0.23076923076923078	FRHRLGRY:0.23076923076923078	HRLGRYEQ:0.23076923076923078	KKKNWALA:0.23076923076923078	RHRLGRYE:0.23076923076923078	
