cluster number:2509
GT2:18	GT2:18|2.4.1.-:1
DDKWGLTT:0.3333333333333333	SLNELLYE:0.2777777777777778	NKFYRFDI:0.2222222222222222	SLPNINMN:0.2222222222222222	LPNINMNI:0.2222222222222222	DMYLKTEY:0.2777777777777778	GCYWYRKR:0.3333333333333333	QGCYWYRK:0.2777777777777778	VQMMILYD:0.2777777777777778	SIARNTGL:0.2222222222222222	MILYDLQY:0.2777777777777778	MMILYDLQ:0.2777777777777778	IPKYVQMM:0.2222222222222222	YGEDAKFV:0.2222222222222222	VSIARNTG:0.2222222222222222	LYDLQYRL:0.2777777777777778	PKYVQMMI:0.2777777777777778	EDAKFVYN:0.2222222222222222	GVSIARNT:0.2777777777777778	PNINMNID:0.2222222222222222	DKWGLTTL:0.2777777777777778	QMMILYDL:0.2777777777777778	DAKFVYNV:0.2222222222222222	DSDDKWGL:0.3333333333333333	VNDGSTDN:0.3333333333333333	NEGVSIAR:0.2777777777777778	KYGEDAKF:0.2222222222222222	NINMNIDV:0.2222222222222222	TFKIGLMS:0.2222222222222222	YVQMMILY:0.2777777777777778	LKYGEDAK:0.2222222222222222	ARNTGLKY:0.2777777777777778	KYVQMMIL:0.2777777777777778	EGVSIARN:0.2777777777777778	NDGSTDNS:0.2777777777777778	IARNTGLK:0.2222222222222222	ILYDLQYR:0.2777777777777778	SDDKWGLT:0.3333333333333333	FKIGLMSY:0.2222222222222222	IVNDGSTD:0.7222222222222222	ISLNELLY:0.2222222222222222	IIVNDGST:0.7222222222222222	SVIIPVYN:0.3333333333333333	NDGSTDDS:0.4444444444444444	VNDGSTDD:0.5	IIIVNDGS:0.5555555555555556	VIIPVYNT:0.3333333333333333	IISLNELL:0.2222222222222222	EIIIVNDG:0.3888888888888889	
