cluster number:1128
GT2:43	GT2:43
MIVKNEEK:0.37209302325581395	IVKNEEKN:0.32558139534883723	CMIVKNEE:0.6046511627906976	VKNEEKNL:0.3023255813953488	YLYYQLGK:0.32558139534883723	NEEKNLKS:0.23255813953488372	MISLCMIV:0.20930232558139536	ADEFITKF:0.20930232558139536	LGKIYYTD:0.20930232558139536	DEFITKFD:0.20930232558139536	YYQLGKIY:0.20930232558139536	EIVIVDTG:0.27906976744186046	NYNLAYIY:0.20930232558139536	FSKARNFS:0.46511627906976744	LDADEFIT:0.2558139534883721	ESYGYTLI:0.2558139534883721	SKARNFSI:0.4418604651162791	DLNYNLAY:0.2558139534883721	WILILDAD:0.3488372093023256	AALFVDEI:0.20930232558139536	YQLGKIYY:0.20930232558139536	EFITKFDI:0.20930232558139536	FVDEIVIV:0.2558139534883721	NFSIEKAS:0.20930232558139536	NYNLGVIF:0.20930232558139536	GIKKEIER:0.20930232558139536	CLEKAALF:0.20930232558139536	LPNYNLGV:0.20930232558139536	KARNFSIE:0.20930232558139536	ARNFSIEK:0.20930232558139536	SLCMIVKN:0.4418604651162791	PNYNLGVI:0.20930232558139536	EKAALFVD:0.20930232558139536	WCNDFSKA:0.5116279069767442	DEIVIVDT:0.27906976744186046	LCMIVKNE:0.6046511627906976	KAALFVDE:0.20930232558139536	AKRFYKCL:0.20930232558139536	NDFSKARN:0.5348837209302325	LFVDEIVI:0.20930232558139536	ASKDWILI:0.2558139534883721	VIVDTGSK:0.23255813953488372	NFDLNYNL:0.2558139534883721	RFYKCLEL:0.20930232558139536	NLKSCLEK:0.20930232558139536	DFSKARNF:0.46511627906976744	KNEEKNLK:0.20930232558139536	YNLGVIFE:0.20930232558139536	FDLNYNLA:0.2558139534883721	ILDADEFI:0.27906976744186046	LYYQLGKI:0.20930232558139536	IKKEIERL:0.20930232558139536	KNLKSCLE:0.20930232558139536	DWILILDA:0.32558139534883723	IVDTGSKD:0.23255813953488372	LEKAALFV:0.20930232558139536	ISLCMIVK:0.23255813953488372	ILILDADE:0.3488372093023256	RNFSIEKA:0.20930232558139536	YNLAYIYE:0.20930232558139536	KRFYKCLE:0.20930232558139536	KSCLEKAA:0.20930232558139536	EKNLKSCL:0.23255813953488372	LNYNLAYI:0.20930232558139536	DADEFITK:0.20930232558139536	LKSCLEKA:0.20930232558139536	CNDFSKAR:0.5116279069767442	LILDADEF:0.3488372093023256	ALFVDEIV:0.20930232558139536	VDEIVIVD:0.27906976744186046	EEKNLKSC:0.23255813953488372	IVIVDTGS:0.27906976744186046	KASKDWIL:0.27906976744186046	QLGKIYYT:0.20930232558139536	SCLEKAAL:0.20930232558139536	VDEIIIVD:0.3023255813953488	YEGIIHEQ:0.32558139534883723	LSLCMIVK:0.20930232558139536	DEIIIVDT:0.32558139534883723	QLGKSYYM:0.2558139534883721	GLIYMNNA:0.2558139534883721	EIIIVDTG:0.37209302325581395	LGKSYYML:0.23255813953488372	IIIVDTGS:0.37209302325581395	DLVETYGY:0.20930232558139536	RNFSISKA:0.23255813953488372	MGLIYMNN:0.23255813953488372	YYNIGVIY:0.23255813953488372	ARNFSISK:0.2558139534883721	KARNFSIS:0.20930232558139536	EGIIHEQI:0.27906976744186046	PYLYYQLG:0.27906976744186046	DLIESYGY:0.20930232558139536	
