cluster number:584
GT2:12	GT2:12
AVAICVNN:0.3333333333333333	PRHGDHTG:1.0	GGRIELDE:0.3333333333333333	IELDELEA:0.25	LLISTDAD:0.25	CVPARNEA:0.5	RAIEDAID:0.5833333333333334	ADCRPPAD:0.25	ISTDADCR:0.25	SARRAAMD:0.25	DADCRPPA:0.25	TGEDRALV:0.3333333333333333	FAVAICVN:0.3333333333333333	IGRLIEAL:0.25	WTRASSRT:0.25	DRALVEAA:0.4166666666666667	PPRHGDHT:0.8333333333333334	VRAIEDAI:0.5833333333333334	GRLIEALA:0.25	SSRTAGRA:0.25	GRIELDEL:0.3333333333333333	CVNNSSDA:0.3333333333333333	IEDAIDPV:0.25	LRRRFDAY:0.3333333333333333	RIELDELE:0.3333333333333333	MPPRHGDH:0.4166666666666667	RHGDHTGA:0.9166666666666666	RRRFDAYW:0.3333333333333333	IGGRIELD:0.3333333333333333	VAICVNNS:0.3333333333333333	VNNSSDAT:0.3333333333333333	DHTGASLA:0.9166666666666666	AVWTRASS:0.25	DCRPPADW:0.25	ARNEAEHI:0.25	PNAVWTRA:0.25	EHIGRLIE:0.25	VPARNEAE:0.25	WDMPPRHG:0.4166666666666667	AICVNNSS:0.3333333333333333	NEAEHIGR:0.25	PARNEAEH:0.25	HGDHTGAS:0.9166666666666666	RNEAEHIG:0.25	HPNAVWTR:0.25	AEHIGRLI:0.3333333333333333	DRIIGGRI:0.25	STDADCRP:0.4166666666666667	EAEHIGRL:0.3333333333333333	RIIGGRIE:0.3333333333333333	DMPPRHGD:0.4166666666666667	AIEDAIDP:0.5833333333333334	GEDRALVE:0.4166666666666667	LISTDADC:0.25	TDADCRPP:0.4166666666666667	RASSRTAG:0.25	GLLISTDA:0.25	NAVWTRAS:0.25	VWTRASSR:0.25	HIGRLIEA:0.25	IIGGRIEL:0.3333333333333333	GSARRAAM:0.25	GDHTGASL:0.9166666666666666	VPALSHWE:0.25	TGASLALS:0.3333333333333333	TRASSRTA:0.25	EDRALVEA:0.4166666666666667	HTGASLAL:0.5	ASSRTAGR:0.25	ICVNNSSD:0.3333333333333333	RGLLISTD:0.25	AGSARRLA:0.25	PARNEADR:0.25	QVRAIEDA:0.25	GRAAGGMA:0.5	ARNEADRL:0.25	HAGSARRL:0.25	GSARRLAM:0.25	AALARGAR:0.25	HTGASLAI:0.4166666666666667	DGRAAGGM:0.4166666666666667	TGASLAIT:0.25	VPARNEAD:0.25	AWDMPPRH:0.25	CVCVPARN:0.4166666666666667	NNTTDASL:0.25	SARRLAMD:0.25	ILVSTDAD:0.25	AHAGSARR:0.4166666666666667	VCVPARNE:0.4166666666666667	FCVCVPAR:0.3333333333333333	PPPRHGDH:0.25	RRAGGVPL:0.25	LPPMPHDM:0.25	LAHAGSAR:0.5	SGEDRALV:0.3333333333333333	CVPARDEE:0.25	
