cluster number:792
GT2:17	GT2:17|GT4:1
ISFLDSDD:0.35294117647058826	DFYRKMLF:0.35294117647058826	DNTDEVVS:0.35294117647058826	IDVLCNDE:0.29411764705882354	EDDFYRKM:0.29411764705882354	FLKEKELL:0.29411764705882354	RLTKIKNN:0.29411764705882354	VVIPTYNH:0.4117647058823529	NHSNDNTD:0.23529411764705882	FIPEVLGE:0.35294117647058826	LVSVVIPT:0.6470588235294118	NQTYLNWE:0.23529411764705882	FLDSDDLW:0.4117647058823529	DFLKLSLA:0.35294117647058826	NGVISVSR:0.23529411764705882	TKIKNNGV:0.29411764705882354	SVVIPTYN:0.5882352941176471	ASVINQTY:0.23529411764705882	EVLGEYTI:0.35294117647058826	VEDYDFWL:0.23529411764705882	RLAKENAR:0.23529411764705882	GVISVSRN:0.23529411764705882	DSDDLWFP:0.35294117647058826	LASVINQT:0.23529411764705882	WLRLAKEN:0.23529411764705882	PEVLGEYT:0.35294117647058826	DWISFLDS:0.35294117647058826	LKLSLASV:0.35294117647058826	FEDDFYRK:0.29411764705882354	DYDFWLRL:0.23529411764705882	QEFVTVED:0.23529411764705882	LWFPNKLE:0.35294117647058826	SDDLWFPN:0.35294117647058826	WFPNKLER:0.29411764705882354	TDEVVSSF:0.35294117647058826	IPEVLGEY:0.35294117647058826	LTKIKNNG:0.29411764705882354	HLNHLENL:0.29411764705882354	MNPLVSVV:0.23529411764705882	VLGEYTIH:0.35294117647058826	IKNNGVIS:0.35294117647058826	YGPFEDDF:0.29411764705882354	LRLAKENA:0.23529411764705882	EDYDFWLR:0.23529411764705882	PFEDDFYR:0.29411764705882354	DLWFPNKL:0.35294117647058826	AKGDWISF:0.29411764705882354	FLKLSLAS:0.35294117647058826	LDSDDLWF:0.4117647058823529	FVTVEDYD:0.35294117647058826	SVINQTYL:0.29411764705882354	GDWISFLD:0.35294117647058826	RHLNHLEN:0.29411764705882354	VSVVIPTY:0.5882352941176471	LKEKELLF:0.29411764705882354	HSNDNTDE:0.23529411764705882	WISFLDSD:0.35294117647058826	KGDWISFL:0.29411764705882354	DFWLRLAK:0.23529411764705882	FHIQEFEK:0.23529411764705882	LFYGNRLS:0.35294117647058826	GPFEDDFY:0.29411764705882354	ERHLNHLE:0.29411764705882354	KMLFYGNR:0.35294117647058826	EFVTVEDY:0.35294117647058826	NDNTDEVV:0.23529411764705882	RKMLFYGN:0.35294117647058826	LFIPEVLG:0.29411764705882354	DDFYRKML:0.29411764705882354	NNGVISVS:0.23529411764705882	KIKNNGVI:0.35294117647058826	DDLWFPNK:0.35294117647058826	FYGNRLST:0.35294117647058826	VINQTYLN:0.23529411764705882	EAKGDWIS:0.29411764705882354	YGNRLSTS:0.35294117647058826	DNHSNDNT:0.23529411764705882	YDFWLRLA:0.23529411764705882	MLFYGNRL:0.35294117647058826	HVFHIQEF:0.23529411764705882	IDNHSNDN:0.23529411764705882	PLVSVVIP:0.47058823529411764	LAKENARF:0.23529411764705882	SLASVINQ:0.23529411764705882	INQTYLNW:0.23529411764705882	VFHIQEFE:0.23529411764705882	WEAIVIDN:0.23529411764705882	LERHLNHL:0.29411764705882354	YRKMLFYG:0.35294117647058826	NTDEVVSS:0.35294117647058826	NPLVSVVI:0.29411764705882354	SFLDSDDL:0.35294117647058826	SNDNTDEV:0.23529411764705882	VTVEDYDF:0.23529411764705882	FLFIPEVL:0.29411764705882354	FYRKMLFY:0.35294117647058826	KNNGVISV:0.23529411764705882	TVEDYDFW:0.23529411764705882	GNRLSTSA:0.35294117647058826	RLSTSATT:0.29411764705882354	NRLSTSAT:0.29411764705882354	VIPTYNHA:0.23529411764705882	
