cluster number:2235
GT2:7	GT2:7
VPGCTMLV:0.2857142857142857	CTMLVNRA:0.2857142857142857	ATFNGARF:0.42857142857142855	GARFLPAL:0.42857142857142855	PGCTMLVN:0.42857142857142855	NFGRILSH:0.2857142857142857	LAPSASRW:0.2857142857142857	ANFGRILS:0.2857142857142857	RRIDIALA:0.2857142857142857	LLADQDDL:0.2857142857142857	TVPGCTML:0.42857142857142855	ADQDDLWH:0.2857142857142857	MRRIDIAL:0.2857142857142857	PALLASIA:0.42857142857142855	NTVPGCTM:0.42857142857142855	NGARFLPA:0.42857142857142855	GVLRTLAW:0.2857142857142857	YTLLADQD:0.42857142857142855	PSASRWQG:0.2857142857142857	DYTLLADQ:0.42857142857142855	FLPALLAS:0.42857142857142855	LPALLASI:0.42857142857142855	SASRWQGF:0.2857142857142857	QNTVPGCT:0.42857142857142855	FNGARFLP:0.5714285714285714	LLASIAGQ:0.2857142857142857	DWWLLLVA:0.7142857142857143	GCTMLVNR:0.2857142857142857	IALATFNG:0.2857142857142857	AVMHDWWL:0.42857142857142855	ALATFNGA:0.2857142857142857	ARFLPALL:0.42857142857142855	APSASRWQ:0.2857142857142857	LRTLAWYW:0.42857142857142855	KEGVLRTL:0.2857142857142857	VLRTLAWY:0.2857142857142857	VMHDWWLL:0.5714285714285714	ALLASIAG:0.2857142857142857	MHDWWLLL:0.5714285714285714	LATFNGAR:0.42857142857142855	TFNGARFL:0.42857142857142855	WWLLLVAH:0.2857142857142857	LADQDDLW:0.2857142857142857	TLLADQDD:0.42857142857142855	EGVLRTLA:0.2857142857142857	AANFGRIL:0.2857142857142857	LASIAGQT:0.2857142857142857	RFLPALLA:0.42857142857142855	HDWWLLLV:0.7142857142857143	ILVRDDGS:0.2857142857142857	ELVACAKS:0.2857142857142857	LASFNGAR:0.2857142857142857	AGSLGAAA:0.2857142857142857	EELVACAK:0.2857142857142857	ASFNGARF:0.2857142857142857	RVLVQNTV:0.2857142857142857	GDYTLLAD:0.2857142857142857	ALASFNGA:0.2857142857142857	KIEELVAC:0.2857142857142857	NKIEELVA:0.2857142857142857	SLGAAANF:0.2857142857142857	PLLVYSDA:0.2857142857142857	IEELVACA:0.2857142857142857	DNKIEELV:0.2857142857142857	LGAAANFG:0.2857142857142857	LLVYSDAR:0.2857142857142857	LPLLVYSD:0.2857142857142857	SFNGARFL:0.2857142857142857	TLAWYWAL:0.2857142857142857	RTLAWYWA:0.2857142857142857	VLVQNTVP:0.2857142857142857	LVQNTVPG:0.2857142857142857	HDNKIEEL:0.2857142857142857	GSLGAAAN:0.2857142857142857	VQNTVPGC:0.2857142857142857	WHDNKIEE:0.2857142857142857	IALASFNG:0.2857142857142857	
