cluster number:1643
GT2:23	GT2:23
SVITIVYN:0.30434782608695654	LSVLNQTY:0.30434782608695654	KGIYDAMN:0.5652173913043478	ADIYYGET:0.5217391304347826	RTMLSVLN:0.30434782608695654	MNKGLKLA:0.21739130434782608	VAKYLVGG:0.4782608695652174	GMSISHQA:0.30434782608695654	YDAMNKGL:0.6956521739130435	QTYPNIEY:0.2608695652173913	LFMNSGDE:0.34782608695652173	TMLSVLNQ:0.30434782608695654	DIYYGETE:0.5217391304347826	HQAIYVKR:0.21739130434782608	KSRLAQFI:0.21739130434782608	ERTMLSVL:0.391304347826087	IYYGETEM:0.5217391304347826	ISHQAIYV:0.2608695652173913	YKSRLAQF:0.21739130434782608	NQTYPNIE:0.2608695652173913	RLAQFISE:0.21739130434782608	DKGIYDAM:0.5652173913043478	IDGASTDG:0.21739130434782608	DGASTDGT:0.21739130434782608	LSVITIVY:0.2608695652173913	MNSGDEIY:0.30434782608695654	YVAKYLVG:0.4782608695652174	LNQTYPNI:0.2608695652173913	DAMNKGLK:0.2608695652173913	MSISHQAI:0.30434782608695654	VITIVYNN:0.30434782608695654	GIYDAMNK:0.8260869565217391	MLSVLNQT:0.30434782608695654	ITIVYNNV:0.30434782608695654	SISHQAIY:0.30434782608695654	DIERTMLS:0.34782608695652173	IYDAMNKG:0.782608695652174	SRLAQFIS:0.21739130434782608	AMNKGLKL:0.2608695652173913	FMNSGDEI:0.30434782608695654	IERTMLSV:0.391304347826087	NKGLALAT:0.21739130434782608	PDKGIYDA:0.4782608695652174	VLFMNSGD:0.21739130434782608	AMNKGLAL:0.21739130434782608	KYLVGGMS:0.2608695652173913	YLVGGMSK:0.30434782608695654	KGLALATG:0.21739130434782608	MNKGLALA:0.21739130434782608	DGGSTDGT:0.21739130434782608	AKYLVGGM:0.2608695652173913	DAMNKGLA:0.30434782608695654	YNNVKDIE:0.21739130434782608	ISEPDKGI:0.34782608695652173	SADIDWII:0.30434782608695654	NNVKDIER:0.21739130434782608	NVKDIERT:0.21739130434782608	SEPDKGIY:0.4782608695652174	YGMSISHQ:0.2608695652173913	EPDKGIYD:0.4782608695652174	IFTKYYGL:0.21739130434782608	YVLFMNSG:0.21739130434782608	VYNNVKDI:0.21739130434782608	FISEPDKG:0.21739130434782608	DIDWIIRA:0.21739130434782608	IDWIIRAA:0.21739130434782608	YYGETEMI:0.21739130434782608	LSADIDWI:0.21739130434782608	
