cluster number:1476
GT2:15	GT2:15
CWLRIALI:0.2	SASDWDCW:0.2	VVDDGSTD:0.26666666666666666	FDPSLRSA:0.2	GGFDPSLR:0.2	YLMRPNSI:0.2	RSASDWDC:0.2	SLRSASDW:0.2	GVIAARNR:0.2	LMRPNSIT:0.2	LIVVDDGS:0.2	GSTDGSLE:0.2	DGSTDGSL:0.2	PSLRSASD:0.2	DCWLRIAL:0.2	LRSASDWD:0.2	DWDCWLRI:0.2	LLESYGEM:0.2	NVIGTSCV:0.2	WDCWLRIA:0.2	GFDPSLRS:0.2	VIAARNRA:0.2	IAARNRAI:0.2	FLDADDYW:0.4666666666666667	VDDGSTDG:0.4	ASDWDCWL:0.2	IAFLDADD:0.4666666666666667	AGGFDPSL:0.2	WLRIALIS:0.2	SDWDCWLR:0.2	FELIVVDD:0.2	ELIVVDDG:0.2	AFLDADDY:0.4666666666666667	DPSLRSAS:0.2	AARNRAIK:0.2	DDGSTDGS:0.4	IVVDDGST:0.26666666666666666	LIAFLDAD:0.2	EIIIVDDG:0.26666666666666666	IIIVDDGS:0.26666666666666666	CEIIIVDD:0.2	YNCLEYLP:0.2	CLEYLPKA:0.2	LDADDYWY:0.3333333333333333	DADDYWYP:0.26666666666666666	NCLEYLPK:0.2	NVVGTSTV:0.2	
