cluster number:488
GT2:24	GT2:24
RNAGLAAA:0.3333333333333333	ARNAGLAA:0.3333333333333333	LLDAGLAH:0.2916666666666667	DVVPEPGW:0.25	RRLDDLAY:0.25	RVGEDVDL:0.20833333333333334	RGPAAARN:0.4166666666666667	LDAGLAHP:0.2916666666666667	SDVVPEPG:0.25	VVPEPGWL:0.25	MRVGEDVD:0.20833333333333334	RLDDLAYG:0.375	DSDVVPEP:0.25	AVRSSLDL:0.20833333333333334	SLDLGPDP:0.20833333333333334	DDLAYGAG:0.4166666666666667	LDLGPDPA:0.20833333333333334	AEDVDLVL:0.20833333333333334	DLAYGAGL:0.25	KAFYGTGA:0.25	FYGTGAAP:0.20833333333333334	LAYGAGLW:0.25	VTVVVPVK:0.25	ALTRHFWP:0.20833333333333334	VAEDVDLV:0.3333333333333333	SSLDLGPD:0.20833333333333334	EAVRSSLD:0.20833333333333334	GGAPPRLV:0.20833333333333334	VAYVPSAA:0.25	RYEAVRSS:0.20833333333333334	LGGAPPRL:0.20833333333333334	DVDLVLRL:0.20833333333333334	RSRVAYVP:0.20833333333333334	TVVVPVKD:0.2916666666666667	VVVPVKDR:0.25	AAARNAGL:0.3333333333333333	EDVDLVLR:0.20833333333333334	RVAYVPSA:0.20833333333333334	GTGAAPLA:0.20833333333333334	GAGLWWGA:0.20833333333333334	PAAARNAG:0.375	VVPVKDRP:0.20833333333333334	VVPRSRVA:0.20833333333333334	APLRPAGP:0.20833333333333334	VRSSLDLG:0.20833333333333334	YEAVRSSL:0.20833333333333334	AARNAGLA:0.3333333333333333	RKAFYGTG:0.25	GPAAARNA:0.375	LLGGAPPR:0.20833333333333334	AFYGTGAA:0.2916666666666667	LDDLAYGA:0.2916666666666667	PRSRVAYV:0.20833333333333334	ALLGGAPP:0.20833333333333334	YGTGAAPL:0.20833333333333334	YGAGLWWG:0.20833333333333334	SRVAYVPS:0.20833333333333334	VPRSRVAY:0.20833333333333334	PSAALLVR:0.20833333333333334	DLAYGAGV:0.20833333333333334	LAYGAGVW:0.20833333333333334	EDVDLVWR:0.20833333333333334	DVDLVWRL:0.20833333333333334	
