cluster number:224
GT2:81	GT2:81
VGSRHVEG:0.25925925925925924	FVDDNSPD:0.4444444444444444	SDPMSGFF:0.4691358024691358	VMDGDLQH:0.4691358024691358	LSGTGFKI:0.24691358024691357	SSAVIEGA:0.2345679012345679	RVGRRGLS:0.35802469135802467	AVGSRHVE:0.2345679012345679	MDGDLQHD:0.4567901234567901	RGLSSAVI:0.4444444444444444	GFKILLDI:0.20987654320987653	GRRGLSSA:0.7407407407407407	TGFKILLD:0.2345679012345679	SAVIEGAL:0.2345679012345679	SGTGFKIL:0.24691358024691357	LSSAVIEG:0.48148148148148145	DPMSGFFA:0.48148148148148145	GLSSAVIE:0.48148148148148145	VDDNSPDG:0.35802469135802467	DDNSPDGT:0.35802469135802467	AVMDGDLQ:0.4567901234567901	GSRHVEGG:0.2962962962962963	VGRRGLSS:0.345679012345679	LSDPMSGF:0.3333333333333333	RRGLSSAV:0.5061728395061729	RVAGESKL:0.2345679012345679	GTGFKILL:0.24691358024691357	IGRRGLSS:0.37037037037037035	DDSPDGTA:0.24691358024691357	GDLQHDET:0.2716049382716049	AVIDGDLQ:0.2345679012345679	DGDLQHDE:0.6296296296296297	FVDDDSPD:0.24691358024691357	DDDSPDGT:0.2716049382716049	RRGLSSAC:0.20987654320987653	VDDDSPDG:0.25925925925925924	DPMSGFFM:0.2962962962962963	RIGRRGLS:0.4074074074074074	VAVIDGDL:0.2345679012345679	IDGDLQHD:0.2345679012345679	VIDGDLQH:0.2345679012345679	VVAVMDGD:0.2222222222222222	SRHVEGGD:0.20987654320987653	IFVDDNSP:0.2839506172839506	TDPMSGFF:0.20987654320987653	WEVIFVDD:0.25925925925925924	GFKILLDL:0.38271604938271603	KILLDLLL:0.2222222222222222	FKILLDLL:0.2716049382716049	VAVMDGDL:0.32098765432098764	VIFVDDNS:0.20987654320987653	GDLQHDES:0.2345679012345679	
