cluster number:2161
GT2:24	GT2:24
AFLDADDI:0.375	IPVYNAEK:0.20833333333333334	SAAVIRRE:0.20833333333333334	VSVIIPVY:0.3333333333333333	PGARNTGI:0.25	PVYNAEKY:0.20833333333333334	VGNGSAAV:0.3333333333333333	PVGNGSAA:0.25	GARNTGIR:0.4166666666666667	LCRNPVGN:0.20833333333333334	MKKVSVII:0.25	KVSVIIPV:0.3333333333333333	NGSAAVIR:0.25	DADDIWLP:0.5416666666666666	IIPVYNAE:0.20833333333333334	PEALTLYR:0.20833333333333334	CRNPVGNG:0.20833333333333334	LTLYRVNS:0.25	GNGSAAVI:0.25	ALTLYRVN:0.2916666666666667	LDADDIWL:0.4583333333333333	RNPVGNGS:0.20833333333333334	NPVGNGSA:0.2916666666666667	SVIIPVYN:0.20833333333333334	EALTLYRV:0.2916666666666667	VIIPVYNA:0.20833333333333334	GSAAVIRR:0.20833333333333334	KKVSVIIP:0.25	FLDADDIW:0.4166666666666667	ADDIWLPQ:0.25	RNTGIRHA:0.4166666666666667	DIWLPQKL:0.25	LPGARNTG:0.20833333333333334	GLPGARNT:0.20833333333333334	TGIRHAQG:0.375	WLPQKLEK:0.20833333333333334	ARNTGIRH:0.375	NTGIRHAQ:0.375	DDIWLPQK:0.25	ADDIWLPE:0.25	DDIWLPEK:0.2916666666666667	GIRHAQGE:0.2916666666666667	WLPEKLEK:0.20833333333333334	IRHAQGEY:0.25	DIWLPEKL:0.25	GVSFSRSA:0.2916666666666667	VSFSRSAF:0.25	VGVSFSRS:0.25	SFSRSAFI:0.25	IAFLDADD:0.20833333333333334	
