cluster number:1444
GT2:14	GT2:14|GT94:1
TGGEDTLF:0.21428571428571427	WCDEARVR:0.2857142857142857	GATGGEDT:0.35714285714285715	GEDTLFTR:0.2857142857142857	LRRQRSHA:0.35714285714285715	DEARVRDH:0.21428571428571427	RLLARGRG:0.21428571428571427	EAFGATGG:0.21428571428571427	NCLLLDLG:0.21428571428571427	VFIDDDEE:0.5	CDEARVRD:0.2857142857142857	LVFIDDDE:0.5714285714285714	DEEPEPGW:0.21428571428571427	LLVFIDDD:0.5	GGEDTLFT:0.2857142857142857	AASNCLLL:0.35714285714285715	RYVIEERP:0.21428571428571427	FVRRTWPT:0.21428571428571427	RDHVPASR:0.21428571428571427	ASNCLLLD:0.35714285714285715	AAVRNRAL:0.35714285714285715	EPEPGWLA:0.2857142857142857	GARLLARG:0.21428571428571427	AFGATGGE:0.21428571428571427	QRSHAATS:0.2857142857142857	VRRTWPTG:0.21428571428571427	VIEERPGV:0.21428571428571427	PGVAAVRN:0.35714285714285715	FFVRRTWP:0.21428571428571427	FGATGGED:0.42857142857142855	RVELALAG:0.21428571428571427	RQRSHAAT:0.35714285714285715	LLDLGFVR:0.21428571428571427	DDDEEPEP:0.21428571428571427	RPGVAAVR:0.2857142857142857	RPVAASNC:0.21428571428571427	PVAASNCL:0.21428571428571427	TGCQAVAG:0.21428571428571427	FIDDDEEP:0.42857142857142855	ATGGEDTL:0.35714285714285715	ARVRDHVP:0.21428571428571427	VRDHVPAS:0.21428571428571427	EVLVIDND:0.21428571428571427	GVAAVRNR:0.35714285714285715	EARVRDHV:0.21428571428571427	DEAFGATG:0.21428571428571427	RSHAATSV:0.2857142857142857	PGWLAALV:0.21428571428571427	CLLLDLGF:0.21428571428571427	WILRRQRS:0.35714285714285715	VRNRALDE:0.5	ARLLARGR:0.21428571428571427	SNCLLLDL:0.35714285714285715	DLLVFIDD:0.21428571428571427	LRYVIEER:0.21428571428571427	LLLDLGFV:0.21428571428571427	VAASNCLL:0.21428571428571427	FDEAFGAT:0.21428571428571427	RRTWPTGT:0.21428571428571427	RFDEAFGA:0.21428571428571427	EEPEPGWL:0.21428571428571427	IEERPGVA:0.21428571428571427	AVRNRALD:0.5	IDDDEEPE:0.2857142857142857	SHAATSVR:0.2857142857142857	RNRALDET:0.21428571428571427	ILRRQRSH:0.35714285714285715	DHVPASRL:0.21428571428571427	EERPGVAA:0.2857142857142857	VRVELALA:0.21428571428571427	RRQRSHAA:0.35714285714285715	HAATSVRV:0.2857142857142857	ERPGVAAV:0.2857142857142857	YVIEERPG:0.21428571428571427	RVRDHVPA:0.21428571428571427	DDEEPEPG:0.21428571428571427	EPGWLAAL:0.21428571428571427	GWLAALVG:0.21428571428571427	PEPGWLAA:0.21428571428571427	VAAVRNRA:0.35714285714285715	VHRARGAR:0.21428571428571427	HRARGARL:0.2857142857142857	RSLVAAGG:0.21428571428571427	TRSLVAAG:0.21428571428571427	AWILRRQR:0.21428571428571427	LVIDNDPA:0.2857142857142857	GEDTLLTR:0.21428571428571427	RNRALDEA:0.21428571428571427	GGEDTLLT:0.2857142857142857	VIDNDPAA:0.21428571428571427	FIDDDEVP:0.21428571428571427	DNDPAASA:0.21428571428571427	NDPAASAR:0.21428571428571427	
