cluster number:1946
GT2:24	GT2:24
IIPVYNGG:0.4166666666666667	CIEDIELG:0.25	AKARNLGA:0.25	TFWGACGA:0.8333333333333334	GACGAIRR:0.75	SQYKNLLH:0.20833333333333334	GSYDDAPG:0.25	LFFIDADV:0.20833333333333334	FYRALPWT:0.5833333333333334	YKNLLHHY:0.20833333333333334	STFWGACG:0.625	ADGDTDGS:0.25	VVADGDTD:0.20833333333333334	ACGAIRRD:0.3333333333333333	SLLRADFF:0.20833333333333334	GPAKARNL:0.25	FLSQYKNL:0.8333333333333334	IVVADGDT:0.20833333333333334	ALIGSYDD:0.6666666666666666	FFIDADVA:0.20833333333333334	LIGSYDDA:0.25	LLRADFFY:0.20833333333333334	RADFFYRA:0.20833333333333334	SGLAFAIG:0.25	YFYSGLAF:0.2916666666666667	IELGYRLK:0.5416666666666666	EDIELGYR:0.8333333333333334	FIDADVAI:0.20833333333333334	KNLLHHYT:0.20833333333333334	VIIPVYNG:0.3333333333333333	CGAIRRDI:0.25	FFYRALPW:0.5	HHYTHQTA:0.2916666666666667	QYKNLLHH:0.20833333333333334	NLLHHYTH:0.20833333333333334	IPVYNGGE:0.4583333333333333	ADFFYRAL:0.3333333333333333	WGACGAIR:0.75	TALIGSYD:0.20833333333333334	PCIEDIEL:0.25	SYDDAPGA:0.20833333333333334	GGPAKARN:0.20833333333333334	DFFYRALP:0.3333333333333333	PAKARNLG:0.25	SVIIPVYN:0.3333333333333333	NFLSQYKN:0.875	DGDTDGSW:0.20833333333333334	YSGLAFAI:0.25	DIELGYRL:0.75	IEDIELGY:0.7083333333333334	YYFYSGLA:0.25	FWGACGAI:0.8333333333333334	IGSYDDAP:0.375	GAIRRDIF:0.25	LLHHYTHQ:0.20833333333333334	YRALPWTA:0.20833333333333334	FYSGLAFA:0.20833333333333334	LSQYKNLL:0.20833333333333334	ISVIIPVY:0.25	ASTFWGAC:0.625	LRADFFYR:0.20833333333333334	VADGDTDG:0.20833333333333334	EAFTFWGA:0.25	AFTFWGAC:0.2916666666666667	FTFWGACG:0.2916666666666667	EEAFTFWG:0.25	NDLNLQWS:0.20833333333333334	YRRPSIED:0.20833333333333334	LNLQWSSR:0.20833333333333334	ELGYRLKA:0.25	DLNLQWSS:0.20833333333333334	RPSIEDIE:0.20833333333333334	RRPSIEDI:0.20833333333333334	QYKNLFHH:0.625	LSQYKNLF:0.625	PSIEDIEL:0.4166666666666667	SIEDIELG:0.5	EASTFWGA:0.4583333333333333	AALIGSYD:0.3333333333333333	EEASTFWG:0.375	YKNLFHHY:0.625	SQYKNLFH:0.625	ALPWTELI:0.4166666666666667	YRALPWTE:0.375	SNFLSQYK:0.20833333333333334	RALPWTEL:0.4166666666666667	GSYDDQPG:0.20833333333333334	KNLFHHYT:0.5	NLFHHYTH:0.5	IGSYDDQP:0.20833333333333334	LFHHYTHQ:0.5	LIGSYDDQ:0.20833333333333334	SYDDQPGA:0.20833333333333334	VIPWHWFY:0.25	GGFDESYR:0.2916666666666667	FHHYTHQT:0.20833333333333334	GFDESYRR:0.20833333333333334	ACGAIRRE:0.2916666666666667	GLAFAIGT:0.20833333333333334	PWTELIWR:0.20833333333333334	LAALIGSY:0.2916666666666667	
