cluster number:1529
GT2:12	GT2:12|GT4:5
YRSADCFV:0.3333333333333333	FVLPTRGE:0.3333333333333333	RGEGWGMP:0.3333333333333333	SADCFVLP:0.3333333333333333	ADCFVLPT:0.3333333333333333	RSADCFVL:0.3333333333333333	VDNGSTDG:0.5833333333333334	PTRGEGWG:0.3333333333333333	VVDNGSTD:0.5833333333333334	LYRSADCF:0.25	DCFVLPTR:0.3333333333333333	MACGLPVI:0.3333333333333333	LPTRGEGW:0.3333333333333333	EDTDYCLR:0.4166666666666667	IIILTWNG:0.25	LEAMACGL:0.3333333333333333	YFEDTDYC:0.25	VIVVDNGS:0.3333333333333333	TRGEGWGM:0.3333333333333333	CFVLPTRG:0.3333333333333333	EAMACGLP:0.3333333333333333	AMACGLPV:0.3333333333333333	IVVDNGST:0.5833333333333334	FEDTDYCL:0.25	VLPTRGEG:0.3333333333333333	IILTWNGL:0.25	DNGSTDGT:0.5	STDGTVEW:0.25	GSTDGTVE:0.3333333333333333	NGSTDGTV:0.3333333333333333	IKNSGRYR:0.25	PPDHDVLL:0.25	QHAGTYMP:0.25	DHDVLLLN:0.25	PDHDVLLL:0.25	WIERKAPE:0.25	NSGRYRIG:0.25	KNSGRYRI:0.25	EWIERKAP:0.25	FIKNSGRY:0.25	LQHAGTYM:0.25	QANQMDEV:0.25	HDVLLLNN:0.25	VLLLNNDT:0.25	FEWIERKA:0.25	ANQMDEVW:0.25	DVLLLNND:0.25	GYATSSRE:0.25	TGACMYIR:0.25	DTDYCLRA:0.3333333333333333	LLVVDNGS:0.25	
