cluster number:875
GT2:297	GT2:297|GT4:1
DALVTDYS:0.2895622895622896	ADALVTDY:0.20202020202020202	DGRAAERV:0.468013468013468	DDGRAAER:0.43097643097643096	GRAAERVV:0.46464646464646464	VLYAPTHR:0.3063973063973064	ALVTDYSS:0.265993265993266	THHGTPLK:0.3164983164983165	IMFDYANL:0.2558922558922559	QTHHGTPL:0.2996632996632997	DYSSIMFD:0.29292929292929293	MFDYANLD:0.3434343434343434	SSIMFDYA:0.2895622895622896	YSSIMFDY:0.28619528619528617	AERVVRRV:0.5117845117845118	TDYSSIMF:0.29292929292929293	GYPRNDVY:0.21212121212121213	DALITDYS:0.2053872053872054	FLDSDDTL:0.24915824915824916	LQTHHGTP:0.2356902356902357	SIMFDYAN:0.2558922558922559	YANLDRPI:0.3434343434343434	FDYANLDR:0.3602693602693603	DYANLDRP:0.3602693602693603	AAERVVRR:0.5420875420875421	RFSVIVPA:0.20202020202020202	ANLDRPIV:0.3164983164983165	VVRRVFLG:0.2727272727272727	LGRARNAG:0.24579124579124578	GLGRARNA:0.25252525252525254	PRFSVIVP:0.2895622895622896	RVVRRVFL:0.3367003367003367	VRRVFLGE:0.20202020202020202	YAPTHRDY:0.29292929292929293	ERVVRRVF:0.35353535353535354	AVLYAPTH:0.22895622895622897	LCLAADAL:0.20202020202020202	LYAPTHRD:0.3771043771043771	FLDGDDTL:0.2053872053872054	RAAERVVR:0.4612794612794613	DGHAAERV:0.22895622895622897	GYYEDTPW:0.2558922558922559	GHAAERVV:0.22895622895622897	PPGYYEDT:0.22895622895622897	PGYYEDTP:0.22895622895622897	YYEDTPWT:0.25252525252525254	HAAERVVR:0.21548821548821548	MPRFSVIV:0.23905723905723905	YLVNNVNF:0.21885521885521886	DDGHAAER:0.22895622895622897	FPPGYYED:0.2895622895622896	IAVDDCSP:0.20202020202020202	AVDDCSPD:0.23905723905723905	
