cluster number:2117
GT2:26	GT2:26
YRRGVTTS:0.4230769230769231	AMIAFHNE:0.23076923076923078	IAFHNEKA:0.23076923076923078	QIKDARQL:0.23076923076923078	FATELRTA:0.2692307692307692	NVGIAAAR:0.23076923076923078	DCDFARTD:0.34615384615384615	DARQLDFF:0.23076923076923078	ETMVDYPF:0.46153846153846156	TNVGIAAA:0.23076923076923078	MIAFHNEK:0.23076923076923078	AEDRLWIW:0.4230769230769231	GDYLTFLD:0.3076923076923077	ATELRTAE:0.2692307692307692	TQIKDARQ:0.23076923076923078	LDCDFART:0.34615384615384615	AARNSGID:0.23076923076923078	LTQIKDAR:0.23076923076923078	YLTFLDGD:0.34615384615384615	RNSGIDAA:0.46153846153846156	TFLDGDDW:0.6923076923076923	AFHNEKAD:0.23076923076923078	FLDGDDWY:0.7307692307692307	RGVTTSLT:0.4230769230769231	WAGIYHRR:0.2692307692307692	YPFVWAGI:0.4230769230769231	IKDARQLD:0.23076923076923078	FYRRGVTT:0.4230769230769231	KAVRTYCA:0.6538461538461539	LPKAVRTY:0.6538461538461539	PKLSVVVP:0.5	FARTDHVQ:0.4230769230769231	TTSLTQIK:0.23076923076923078	GDDWYAPG:0.5384615384615384	VGIAAARN:0.23076923076923078	VDYPFVWA:0.5	TELRTAED:0.3076923076923077	CAMIAFHN:0.23076923076923078	PKAVRTYC:0.6538461538461539	TSLTQIKD:0.46153846153846156	DYPFVWAG:0.5	DGDDWYAP:0.5384615384615384	RTDHVQST:0.23076923076923078	KDARQLDF:0.23076923076923078	TMVDYPFV:0.6923076923076923	TYCAMIAF:0.6538461538461539	VTTSLTQI:0.4230769230769231	GVTTSLTQ:0.4230769230769231	RFATELRT:0.3076923076923077	RVVRRAPA:0.23076923076923078	LGSLARNA:0.23076923076923078	CDFARTDH:0.6153846153846154	MVDYPFVW:0.5	ARTDHVQS:0.23076923076923078	LTFLDGDD:0.38461538461538464	FVWAGIYH:0.2692307692307692	LRTAEDRL:0.5769230769230769	DYLTFLDG:0.3076923076923077	YCAMIAFH:0.6538461538461539	SLTQIKDA:0.23076923076923078	LDGDDWYA:0.5384615384615384	DHVQSTGT:0.23076923076923078	ARNSGIDA:0.46153846153846156	AGIYHRRL:0.2692307692307692	GIYHRRLF:0.2692307692307692	PFVWAGIY:0.4230769230769231	VWAGIYHR:0.2692307692307692	MPKLSVVV:0.5	RETMVDYP:0.23076923076923078	DDWYAPGH:0.4230769230769231	AVRTYCAM:0.6153846153846154	DWYAPGHL:0.4230769230769231	GIAAARNS:0.23076923076923078	IAAARNSG:0.23076923076923078	TDHVQSTG:0.23076923076923078	RTAEDRLW:0.5	TAEDRLWI:0.4230769230769231	AAARNSGI:0.23076923076923078	VRTYCAMI:0.6538461538461539	ELRTAEDR:0.34615384615384615	RRGVTTSL:0.4230769230769231	RTYCAMIA:0.6538461538461539	DFARTDHV:0.6153846153846154	GVFYRRGV:0.5769230769230769	LLVDDCST:0.2692307692307692	HGVFYRRG:0.4230769230769231	MDPRDGIA:0.23076923076923078	TLRSLANN:0.2692307692307692	WIWRLHLK:0.23076923076923078	SGIDAARG:0.23076923076923078	FLLVDDCS:0.2692307692307692	RFLPKAVR:0.4230769230769231	EFLLVDDC:0.2692307692307692	VMDPRDGI:0.38461538461538464	DPRDGIAP:0.23076923076923078	LRSLANNA:0.2692307692307692	EDRLWIWR:0.3076923076923077	LVDDCSTD:0.34615384615384615	DRLWIWRL:0.3076923076923077	LWIWRLHL:0.3076923076923077	IWRLHLKA:0.23076923076923078	NSGIDAAR:0.23076923076923078	RLWIWRLH:0.3076923076923077	RQLDFIPA:0.2692307692307692	TVMDPRDG:0.2692307692307692	GCDFARTD:0.2692307692307692	LHGVFYRR:0.38461538461538464	LGCDFART:0.2692307692307692	FLPKAVRT:0.46153846153846156	VFYRRGVT:0.3076923076923077	WRLHLKAR:0.23076923076923078	DRFLPKAV:0.2692307692307692	GIDAARGD:0.23076923076923078	SVVVPFHN:0.23076923076923078	VVVPFHNV:0.23076923076923078	DDCSTDDT:0.23076923076923078	LSVVVPFH:0.23076923076923078	ADRFLPKA:0.23076923076923078	
