cluster number:1221
GT2:30	GT2:30
RAYRAYDR:0.26666666666666666	GGYDPELP:0.23333333333333334	VRAAALLD:0.2	DPELPHAG:0.23333333333333334	AYRAYDRG:0.26666666666666666	DASPDDSA:0.4	RLVPGALV:0.26666666666666666	DIEMWMRL:0.3333333333333333	RRFREGTG:0.3	TDFGGQLD:0.23333333333333334	IDDASPDD:0.43333333333333335	PELPHAGD:0.26666666666666666	SVVIPCYK:0.3333333333333333	TGCITSPE:0.3333333333333333	MPYLQPLV:0.36666666666666664	PHAGDIEM:0.3	ALLDAHPE:0.23333333333333334	AHADVGYV:0.23333333333333334	SPEVVVRT:0.43333333333333335	ITSPEVVV:0.4	WLERRFRE:0.2	IIDDASPD:0.43333333333333335	LQRKVGGY:0.26666666666666666	KYGHFLAD:0.26666666666666666	LLEWADGD:0.3333333333333333	VLIIDDAS:0.43333333333333335	TSPEVVVR:0.4	HAGDIEMW:0.3	RLAAHADV:0.3	RAAALLDA:0.2	LAAHADVG:0.3	GHFLADCV:0.3	AAALLDAH:0.2	LERRFREG:0.2	WWLERRFR:0.2	VVLLSADD:0.2	ALVRAAAL:0.2	DFGGQLDD:0.3	MRLAAHAD:0.3	AAHADVGY:0.3	RRAYRAYD:0.26666666666666666	GHIATYNE:0.7333333333333333	STTDFGGQ:0.23333333333333334	YRAYDRGR:0.26666666666666666	MWMRLAAH:0.3	VPGALVRA:0.26666666666666666	PRIEVRVH:0.23333333333333334	LVPGALVR:0.26666666666666666	RIEVRVHE:0.2	TYNEGLLE:0.5	VVIPCYKY:0.4	ELPHAGDI:0.2	GYDPELPH:0.23333333333333334	YVVLLSAD:0.2	ATYNEGLL:0.5333333333333333	VIPCYKYG:0.4	WMRLAAHA:0.3	GALVRAAA:0.2	REGTGCIT:0.3	DAHPEAGF:0.2	IPCYKYGH:0.3333333333333333	PGALVRAA:0.26666666666666666	ASPDDSAE:0.23333333333333334	MSTTDFGG:0.23333333333333334	TTDFGGQL:0.23333333333333334	KVGGYDPE:0.2	LLSADDRL:0.3333333333333333	AGDIEMWM:0.3	LSADDRLV:0.26666666666666666	YLQPLVLS:0.2	EGLLEWAD:0.36666666666666664	DDASPDDS:0.4	YDPELPHA:0.23333333333333334	EWADGDYV:0.26666666666666666	IEMWMRLA:0.3333333333333333	LQPLVLSA:0.2	TGSVVYPG:0.26666666666666666	QRKVGGYD:0.26666666666666666	EMWMRLAA:0.3	GTGCITSP:0.3333333333333333	LIIDDASP:0.43333333333333335	LVRAAALL:0.2	YNEGLLEW:0.5	GCITSPEV:0.43333333333333335	PCYKYGHF:0.26666666666666666	RAYDRGRT:0.36666666666666664	LEWADGDY:0.3333333333333333	LPHAGDIE:0.3	DVRVLIID:0.43333333333333335	PYLQPLVL:0.26666666666666666	DPRIEVRV:0.23333333333333334	CYKYGHFL:0.26666666666666666	RGHIATYN:0.3	SADDRLVP:0.26666666666666666	ADDRLVPG:0.26666666666666666	YKYGHFLA:0.26666666666666666	LDAHPEAG:0.2	HIATYNEG:0.8	VSVVIPCY:0.36666666666666664	DRLVPGAL:0.26666666666666666	YGHFLADC:0.3	LRRAYRAY:0.26666666666666666	DDRLVPGA:0.26666666666666666	RVLIIDDA:0.4	NEGLLEWA:0.5	AALLDAHP:0.2	RFREGTGC:0.3	RKVGGYDP:0.26666666666666666	VRVLIIDD:0.4666666666666667	GLLEWADG:0.3333333333333333	NMSTTDFG:0.23333333333333334	ALRRAYRA:0.26666666666666666	EGTGCITS:0.3333333333333333	CITSPEVV:0.43333333333333335	VGGYDPEL:0.23333333333333334	LLDAHPEA:0.2	IATYNEGL:0.8	FREGTGCI:0.3	GDIEMWMR:0.36666666666666664	NRGHIATY:0.3	ERRFREGT:0.2	LSADDLLA:0.3	SADDLLAP:0.3	ADDLLAPG:0.26666666666666666	LLSADDLL:0.4	VALLSADD:0.26666666666666666	QAFYRVHG:0.23333333333333334	VVPCYNYG:0.2	VVVPCYNY:0.2	YRVHGNNM:0.2	YVALLSAD:0.26666666666666666	TVLLSADD:0.2	VLLSADDL:0.3	YTVLLSAD:0.2	DYTVLLSA:0.2	GVDVRVLI:0.36666666666666664	VDVRVLII:0.36666666666666664	FAYGRPLR:0.2	AYDRGRTA:0.2	DQAFYRVH:0.2	ADGDYVAL:0.23333333333333334	AYGRPLRF:0.2	LARYALRR:0.26666666666666666	RGREWLWW:0.23333333333333334	LAAADPRI:0.26666666666666666	GGQLDDLR:0.23333333333333334	GQLDDLRQ:0.26666666666666666	ALLSADDR:0.23333333333333334	ADQAFYRV:0.2	WADGDYVA:0.23333333333333334	GADQAFYR:0.2	TVSVVIPC:0.23333333333333334	AAADPRIE:0.23333333333333334	MSTVSVVI:0.23333333333333334	RLARYALR:0.26666666666666666	TRLARYAL:0.23333333333333334	ARYALRRA:0.26666666666666666	DYVALLSA:0.23333333333333334	RYALRRAY:0.23333333333333334	FGGQLDDL:0.26666666666666666	SPDDSAEV:0.2	YALRRAYR:0.23333333333333334	PDDSAEVA:0.2	LDDLRQRL:0.23333333333333334	GFAYGRPL:0.2	DGDYVALL:0.23333333333333334	GDYVALLS:0.23333333333333334	AADPRIEV:0.23333333333333334	STVSVVIP:0.23333333333333334	QLDDLRQR:0.26666666666666666	NKGHIATY:0.3	KGHIATYN:0.3	
