cluster number:1226
GT2:21	GT2:21|GT4:18
DVFALTSR:0.3333333333333333	VFALTSRE:0.3333333333333333	AADVFALT:0.2857142857142857	ADVFALTS:0.3333333333333333	FALTSRED:0.38095238095238093	ALTSREDP:0.5238095238095238	YLNATARA:0.42857142857142855	GSAYLNAT:0.38095238095238093	CINAWNEW:0.47619047619047616	DAFPAGAQ:0.3333333333333333	SAYLNATA:0.2857142857142857	HDAFPAGA:0.3333333333333333	LRKGFDLF:0.38095238095238093	DGAIEFPP:0.5714285714285714	PSWDNDAR:0.5238095238095238	AYLEPDLH:0.23809523809523808	DLRKGFDL:0.38095238095238093	FGSAYLNA:0.2857142857142857	VCINAWNE:0.38095238095238093	GAYLEPDL:0.23809523809523808	ADLRKGFD:0.2857142857142857	AEADDLSE:0.23809523809523808	RKGFDLFL:0.6190476190476191	YLEPDLHF:0.23809523809523808	IEFPPHKL:0.2857142857142857	LEPDLHFG:0.23809523809523808	HFGSAYLN:0.2857142857142857	IAEADDLS:0.23809523809523808	YADLRKGF:0.2857142857142857	EGAYLEPD:0.5714285714285714	WIAEADDL:0.2857142857142857	AIEFPPHK:0.5714285714285714	DNDARRQG:0.5238095238095238	KGFDLFLQ:0.5238095238095238	PLNVHRRH:0.23809523809523808	SWDNDARR:0.5238095238095238	GAIEFPPH:0.5714285714285714	WDNDARRQ:0.5238095238095238	GYADLRKG:0.2857142857142857	GHDAFPAG:0.3333333333333333	AYLNATAR:0.42857142857142855	PFCLMWAN:0.5238095238095238	GLDGAIEF:0.23809523809523808	FCLMWANE:0.5238095238095238	AGDWRLYV:0.23809523809523808	NAWNEWAE:0.5714285714285714	LDGAIEFP:0.23809523809523808	CLMWANEN:0.47619047619047616	WNEWAEGA:0.5714285714285714	LMWANENW:0.47619047619047616	WANENWTR:0.23809523809523808	AWNEWAEG:0.5714285714285714	GDWRLYVE:0.23809523809523808	EIIVLDDA:0.5238095238095238	IIVLDDAS:0.5238095238095238	PLIRTAAP:0.3333333333333333	EWAEGAYL:0.5238095238095238	INAWNEWA:0.5238095238095238	YRPGTIPD:0.23809523809523808	LTSREDPY:0.3333333333333333	PSVVLEAL:0.23809523809523808	RTAAPSWD:0.3333333333333333	GWREGRKP:0.23809523809523808	WANENWSR:0.3333333333333333	MWANENWS:0.3333333333333333	DPYPSVVL:0.23809523809523808	LAYYLPQF:0.3333333333333333	GLVLHGST:0.38095238095238093	ENWSRRWD:0.3333333333333333	REDPYPSV:0.38095238095238093	VLAYYLPQ:0.2857142857142857	FYFYWFNG:0.23809523809523808	WSRRWDGS:0.2857142857142857	AYLEPDQH:0.2857142857142857	RDLGHYTL:0.3333333333333333	IRTAAPSW:0.3333333333333333	LVLHGSTP:0.38095238095238093	WAEGAYLE:0.5238095238095238	NENWSRRW:0.3333333333333333	FDLFLQLW:0.38095238095238093	PRFADHYQ:0.2857142857142857	AYYLPQFH:0.3333333333333333	WIWIAEAD:0.2857142857142857	MLALAHYL:0.23809523809523808	NWSRRWDG:0.3333333333333333	GFDLFLQL:0.38095238095238093	GAYLEPDQ:0.2857142857142857	RFADHYQP:0.2857142857142857	NEWAEGAY:0.5238095238095238	LIRTAAPS:0.3333333333333333	ANENWSRR:0.3333333333333333	AAPSWDND:0.3333333333333333	IWIAEADD:0.2857142857142857	GDWIWIAE:0.23809523809523808	TSREDPYP:0.3333333333333333	PYPSVVLE:0.23809523809523808	FPLIRTAA:0.2857142857142857	PRDLGHYT:0.3333333333333333	YPSVVLEA:0.23809523809523808	EDPYPSVV:0.23809523809523808	TAAPSWDN:0.3333333333333333	AEGAYLEP:0.5238095238095238	DWIWIAEA:0.23809523809523808	APSWDNDA:0.3333333333333333	FADHYQPR:0.2857142857142857	SVVLEALA:0.23809523809523808	WREGRKPN:0.23809523809523808	SREDPYPS:0.38095238095238093	VMGQAFGD:0.23809523809523808	VFEIIVLD:0.23809523809523808	PVFEIIVL:0.23809523809523808	LPFCLMWA:0.3333333333333333	FEIIVLDD:0.23809523809523808	GTFHMPGR:0.23809523809523808	LLIGHDAF:0.2857142857142857	RIPRDLGH:0.23809523809523808	QPRIPRDL:0.3333333333333333	DHYQPRIP:0.23809523809523808	IGHDAFPA:0.23809523809523808	GIEGFIFY:0.23809523809523808	YQPRIPRD:0.3333333333333333	PRIPRDLG:0.3333333333333333	IPENDAWW:0.23809523809523808	DLPFCLMW:0.23809523809523808	IDLPFCLM:0.23809523809523808	GFTEWTNL:0.23809523809523808	LIGHDAFP:0.2857142857142857	HYQPRIPR:0.3333333333333333	PENDAWWG:0.23809523809523808	IPRDLGHY:0.23809523809523808	IEFPPHKV:0.2857142857142857	GTGFTEWT:0.23809523809523808	WGTGFTEW:0.23809523809523808	WWGTGFTE:0.23809523809523808	TGFTEWTN:0.23809523809523808	
