cluster number:2452
GT2:12	GT2:12|GT4:2
QKKRERIA:0.25	QRTWSKPY:0.3333333333333333	ILPLDGDD:0.5	ELNGPLRF:0.3333333333333333	WEFWIKML:0.5	PLRFQRTW:0.25	EDWEFWIK:0.5	LPFIGFYY:0.3333333333333333	MIFVAALF:0.25	FIGFYYRL:0.4166666666666667	DNMIFVAA:0.25	VAALFRKS:0.25	QLPFIGFY:0.3333333333333333	KVVYCQAV:0.25	RDNMIFVA:0.3333333333333333	IVNDGSKD:0.25	KKRERIAY:0.25	RFQRTWSK:0.25	AALFRKSD:0.25	GREDWEFW:0.5	GFYYRLTP:0.5	YCQAVKFN:0.25	DWEFWIKM:0.5	LRFQRTWS:0.25	FQRTWSKP:0.25	WNLKPFSR:0.25	IGFYYRLT:0.4166666666666667	WSKPYNTL:0.25	LPLDGDDL:0.4166666666666667	ARDNMIFV:0.3333333333333333	EFWIKMLK:0.5	NGGVAKAR:0.25	IIVNDGSK:0.25	RTWSKPYN:0.3333333333333333	VYCQAVKF:0.25	NMIFVAAL:0.25	SKRKKTGT:0.3333333333333333	FVAALFRK:0.25	LDGDDLIS:0.3333333333333333	TWSKPYNT:0.25	GPLRFQRT:0.25	IFVAALFR:0.25	PFIGFYYR:0.3333333333333333	LARDNMIF:0.3333333333333333	IGGFSEDM:0.25	KRKKTGTN:0.25	MGREDWEF:0.5	GGVAKARN:0.25	VIPCYNQG:0.3333333333333333	VVYCQAVK:0.25	REDWEFWI:0.5	ERIAYLNA:0.25	IIIVNDGS:0.25	RERIAYLN:0.25	PLDGDDLI:0.4166666666666667	KRERIAYL:0.25	QLARDNMI:0.25	YILPLDGD:0.25	MLKDGGEV:0.25	KMLKDGGE:0.25	IKMLKDGG:0.25	WIKMLKDG:0.25	RELNGPLR:0.25	FWIKMLKD:0.3333333333333333	SVVIPCYN:0.5	VVIPCYNQ:0.4166666666666667	VSVVIPCY:0.5	LVSVVIPC:0.5	PLVSVVIP:0.3333333333333333	
