cluster number:2200
GT2:33	GT2:33
DSPSMCAR:0.3939393939393939	VFLNVNSV:0.5757575757575758	SMCARRIF:0.48484848484848486	EDPPHFED:0.2727272727272727	PTVFWNKE:0.6666666666666666	AAQPAIHN:0.24242424242424243	PSMCARRI:0.45454545454545453	LNVNSVVD:0.30303030303030304	VNSVVDSP:0.2727272727272727	KEDPPHFE:0.2727272727272727	KVFLNVNS:0.5454545454545454	AQPAIHNP:0.2727272727272727	PPHFEDFL:0.2727272727272727	IFEITASG:0.21212121212121213	IAKFDDDD:0.21212121212121213	VVDSPSMC:0.24242424242424243	AFAGMYFA:0.42424242424242425	PERREQMD:0.24242424242424243	FEITASGT:0.21212121212121213	NKEDPPHF:0.3333333333333333	TVFWNKED:0.6666666666666666	PAIHNPVR:0.21212121212121213	FAGMYFAH:0.42424242424242425	MCARRIFE:0.5151515151515151	NSVVDSPS:0.24242424242424243	NVNSVVDS:0.30303030303030304	DPPHFEDF:0.2727272727272727	VDSPSMCA:0.24242424242424243	IPTVFWNK:0.5151515151515151	AKFDDDDL:0.21212121212121213	WNKEDPPH:0.5151515151515151	VFWNKEDP:0.7575757575757576	GIPTVFWN:0.30303030303030304	VESAWNGN:0.2727272727272727	FAAQPAIH:0.24242424242424243	RRIFEITA:0.30303030303030304	ARRIFEIT:0.30303030303030304	KFDDDDLY:0.21212121212121213	EITASGTP:0.21212121212121213	SPSMCARR:0.5454545454545454	AGMYFAHK:0.42424242424242425	IAFAGMYF:0.21212121212121213	CARRIFEI:0.48484848484848486	RIFEITAS:0.21212121212121213	SVVDSPSM:0.24242424242424243	FWNKEDPP:0.48484848484848486	FLNVNSVV:0.48484848484848486	VAFAGMYF:0.24242424242424243	DVAFAGMY:0.21212121212121213	YPERREQM:0.3333333333333333	AHKYPERR:0.36363636363636365	FAHKYPER:0.36363636363636365	LPFAAQPA:0.2727272727272727	YSADRFNF:0.3333333333333333	YFAHKYPE:0.3333333333333333	MYFAHKYP:0.36363636363636365	IYSADRFN:0.3939393939393939	HLAQRRIW:0.21212121212121213	GMYFAHKY:0.36363636363636365	KYPERREQ:0.3333333333333333	HKYPERRE:0.2727272727272727	FWNKEDPA:0.21212121212121213	PFAAQPAI:0.21212121212121213	WNKEDPAH:0.21212121212121213	LLFVESAW:0.24242424242424243	YKVFLNVN:0.3939393939393939	VLPFAAQP:0.2727272727272727	LVLLTHGF:0.21212121212121213	AYKVFLNV:0.2727272727272727	
