cluster number:106
GT2:90	GT2:90
YGEDIDLS:0.5777777777777777	EDIDLSYR:0.5111111111111111	FFMYGEDI:0.4777777777777778	GEDIDLSY:0.5333333333333333	HYKGESTQ:0.2222222222222222	YVLLLNPD:0.4666666666666667	VLLLNPDT:0.4888888888888889	LHYKGEST:0.3111111111111111	SFRYVHVF:0.2111111111111111	MYGEDIDL:0.5888888888888889	SSFRYVHV:0.2111111111111111	FMYGEDID:0.5888888888888889	DFFMYGED:0.2	FRYVHVFY:0.2222222222222222	DIDLSYRL:0.2222222222222222	EYVLLLNP:0.28888888888888886	ILHYKGES:0.4111111111111111	HYKGESTK:0.2111111111111111	IIHYKGES:0.25555555555555554	IHYKGEST:0.26666666666666666	LLLNPDTV:0.35555555555555557	FLPESKRG:0.3111111111111111	LEQCLLSV:0.2222222222222222	ALDKVGLL:0.28888888888888886	DKVGLLDE:0.32222222222222224	GFSKANNQ:0.2	LLNPDTVV:0.2777777777777778	LDKVGLLD:0.32222222222222224	DIDLSYRI:0.28888888888888886	IVNYNVKY:0.3	VLSGAFML:0.2111111111111111	
