cluster number:2449
GT2:11	GT2:11|GT4:2
VIVVDDAS:0.2727272727272727	ADDLLTPG:0.5454545454545454	HTHDMEMW:0.45454545454545453	FLVRLDAD:0.36363636363636365	YNYARFLP:0.36363636363636365	SAFSDVAY:0.2727272727272727	LRLSAFSD:0.2727272727272727	DDLLTPGS:0.6363636363636364	RLDADDLL:0.5454545454545454	LSAFSDVA:0.2727272727272727	EFLVRLDA:0.36363636363636365	LDADDLLT:0.5454545454545454	THDMEMWL:0.36363636363636365	DADDLLTP:0.5454545454545454	SDVAYIHG:0.2727272727272727	SGKNVITS:0.2727272727272727	YARFLPAA:0.2727272727272727	NYARFLPA:0.2727272727272727	IVVDDAST:0.2727272727272727	GEFLVRLD:0.36363636363636365	PCYNYARF:0.36363636363636365	GKNVITSP:0.2727272727272727	IPCYNYAR:0.5454545454545454	FSDVAYIH:0.2727272727272727	AFSDVAYI:0.2727272727272727	VRLDADDL:0.45454545454545453	DQAWHREH:0.6363636363636364	PSVGLVYG:0.45454545454545453	DLLTPGSL:0.5454545454545454	KNVITSPE:0.2727272727272727	CYNYARFL:0.36363636363636365	RLSAFSDV:0.2727272727272727	WLRLSAFS:0.2727272727272727	LVRLDADD:0.5454545454545454	HDMEMWLR:0.36363636363636365	VVDDASTD:0.36363636363636365	YPSVGLVY:0.2727272727272727	NVITSPEV:0.45454545454545453	SLSAREVD:0.2727272727272727	ARFLPAAV:0.2727272727272727	ADQAWHRE:0.36363636363636365	SVGLVYGH:0.2727272727272727	QAWHREHA:0.36363636363636365	GADQAWHR:0.45454545454545453	IVDDASTD:0.2727272727272727	VGLVYGHP:0.45454545454545453	SVVIPCYN:0.2727272727272727	VVIPCYNY:0.36363636363636365	VIPCYNYA:0.36363636363636365	VSVVIPCY:0.2727272727272727	DDASTDDS:0.2727272727272727	
