cluster number:2377
GT2:22	GT2:22
GPVARNTG:0.2727272727272727	YGGFYYVS:0.5	ERFIRKHL:0.22727272727272727	PGRERFIR:0.2727272727272727	FYYVSQQD:0.22727272727272727	VDDASPDN:0.3181818181818182	IKKARGKF:0.3181818181818182	GVVYGGFY:0.36363636363636365	LSIHLSQM:0.3181818181818182	VARNTGIK:0.2727272727272727	ARNTGIKK:0.22727272727272727	IVVDDASP:0.2727272727272727	IALLDDDD:0.5909090909090909	GKFIALLD:0.2727272727272727	KYIPGRER:0.4090909090909091	VHGRQISF:0.2727272727272727	DWDMWLRI:0.4090909090909091	GFYYVSQQ:0.3181818181818182	ELIVVDDA:0.45454545454545453	PTLLIRRE:0.3181818181818182	GRILGKRL:0.22727272727272727	LDDDDEWL:0.5454545454545454	DFELIVVD:0.45454545454545453	KKYIPGRE:0.22727272727272727	ARGKFIAL:0.2727272727272727	IPGRERFI:0.36363636363636365	TVSVIIPT:0.36363636363636365	IHLSQMGL:0.3181818181818182	SPTLLIRR:0.36363636363636365	EIVAKYYV:0.36363636363636365	YYVSQQDG:0.22727272727272727	NSGGPVAR:0.3181818181818182	VAKYYVHG:0.45454545454545453	VVYGGFYY:0.36363636363636365	SSQDWDMW:0.5	RRECFKRA:0.22727272727272727	LIVVDDAS:0.45454545454545453	FIRKHLDI:0.22727272727272727	LLIRRECF:0.3181818181818182	QDGRILGK:0.22727272727272727	RERFIRKH:0.2727272727272727	CFKRAGLF:0.2727272727272727	ENFIGSPT:0.4090909090909091	GRERFIRK:0.2727272727272727	KFIALLDD:0.2727272727272727	SIHLSQMG:0.36363636363636365	KKARGKFI:0.3181818181818182	HLSQMGLL:0.2727272727272727	RFIRKHLD:0.22727272727272727	GRQISFNM:0.2727272727272727	SGGPVARN:0.3181818181818182	TPEVVESI:0.22727272727272727	LIRRECFK:0.4090909090909091	QMGLLLLL:0.22727272727272727	IGSPTLLI:0.3181818181818182	MSRPTVSV:0.22727272727272727	FIGSPTLL:0.3181818181818182	VYGGFYYV:0.4090909090909091	DDASPDNT:0.3181818181818182	WDMWLRIA:0.36363636363636365	VIIPTYNR:0.36363636363636365	DMWLRIAR:0.22727272727272727	TLLIRREC:0.3181818181818182	PVARNTGI:0.3181818181818182	ECFKRAGL:0.22727272727272727	KRAGLFDP:0.2727272727272727	KARGKFIA:0.3181818181818182	LSQMGLLL:0.2727272727272727	VVDDASPD:0.3181818181818182	KYYVHGRQ:0.36363636363636365	YVHGRQIS:0.2727272727272727	HGRQISFN:0.2727272727272727	LLDDDDEW:0.5454545454545454	QDWDMWLR:0.4090909090909091	YIPGRERF:0.36363636363636365	IVAKYYVH:0.4090909090909091	GSPTLLIR:0.36363636363636365	RPTVSVII:0.22727272727272727	FELIVVDD:0.4090909090909091	YYVHGRQI:0.36363636363636365	FKRAGLFD:0.2727272727272727	FIALLDDD:0.4090909090909091	SQDWDMWL:0.4090909090909091	GIKKARGK:0.3181818181818182	NTPEVVES:0.22727272727272727	SQMGLLLL:0.22727272727272727	ALLDDDDE:0.5454545454545454	RGKFIALL:0.2727272727272727	RILGKRLP:0.22727272727272727	RECFKRAG:0.22727272727272727	DDDDEWLP:0.5	VSVIIPTY:0.4090909090909091	SRPTVSVI:0.22727272727272727	AKYYVHGR:0.36363636363636365	IIPTYNRA:0.3181818181818182	GGFYYVSQ:0.5	PTVSVIIP:0.3181818181818182	GGPVARNT:0.2727272727272727	DGRILGKR:0.2727272727272727	IRRECFKR:0.22727272727272727	SVIIPTYN:0.4090909090909091	DNTPEVVE:0.22727272727272727	NFIGSPTL:0.3181818181818182	LKENFIGS:0.22727272727272727	LLKENFIG:0.22727272727272727	KENFIGSP:0.22727272727272727	EFGVVYGG:0.22727272727272727	FGVVYGGF:0.2727272727272727	AGLFDPKL:0.22727272727272727	
