cluster number:2058
GT2:13	GT2:13|GT4:4|GT8:1
GKYIAFLD:0.3076923076923077	ARGKYIAF:0.3076923076923077	KYIAFLDS:0.3076923076923077	RGKYIAFL:0.3076923076923077	IAFLDSDD:0.9230769230769231	YIAFLDSD:0.46153846153846156	EFIAFLDS:0.46153846153846156	AFLDSDDR:0.3076923076923077	GEFIAFLD:0.38461538461538464	FIAFLDSD:0.46153846153846156	AFLDSDDI:0.3076923076923077	PFWLEDTD:0.23076923076923078	LDSDDRMK:0.23076923076923078	FWLEDTDF:0.23076923076923078	FDPFWLED:0.23076923076923078	FLDSDDRM:0.23076923076923078	PRWASILF:0.23076923076923078	IPRWASIL:0.23076923076923078	DPFWLEDT:0.23076923076923078	DSDDRMKP:0.23076923076923078	NKGILEAR:0.23076923076923078	VCVPCQST:0.23076923076923078	GNNELNFK:0.23076923076923078	HAGNNELN:0.23076923076923078	YFVQSDER:0.3076923076923077	FKGMADAY:0.23076923076923078	VSSGNAVR:0.23076923076923078	TDGSPPAT:0.23076923076923078	FVQSDERR:0.23076923076923078	EYREDHEL:0.23076923076923078	RGRNKGIL:0.23076923076923078	PIYDRTDV:0.23076923076923078	TDVLREAI:0.23076923076923078	RTDVLREA:0.23076923076923078	RNKGILEA:0.23076923076923078	DLRLHAGN:0.23076923076923078	IYDRTDVL:0.23076923076923078	MEYREDHE:0.23076923076923078	DIFIKMSR:0.23076923076923078	VQSDERRF:0.23076923076923078	LHAGNNEL:0.23076923076923078	CDIFIKMS:0.23076923076923078	SSGNAVRG:0.23076923076923078	SGNAVRGR:0.3076923076923077	AVRGRNKG:0.3076923076923077	EDHELWAR:0.3076923076923077	PVSSGNAV:0.23076923076923078	REDHELWA:0.3076923076923077	AGNNELNF:0.23076923076923078	KGILEARG:0.23076923076923078	VRGRNKGI:0.3076923076923077	LYFVQSDE:0.3076923076923077	NAVRGRNK:0.3076923076923077	YREDHELW:0.3076923076923077	PFKGMADA:0.23076923076923078	DRTDVLRE:0.23076923076923078	GRNKGILE:0.23076923076923078	WRCDRFFE:0.23076923076923078	RLHAGNNE:0.23076923076923078	GNAVRGRN:0.3076923076923077	LRLHAGNN:0.23076923076923078	YDRTDVLR:0.23076923076923078	
