cluster number:1
GT2:584	GT2:584|2.4.1.-:3|GT8:1
GNPRIRTR:0.6215753424657534	TEDIDISW:0.7311643835616438	DIDISWKL:0.6027397260273972	QVGEFSSI:0.6592465753424658	VTGNPRIR:0.7482876712328768	NPRIRTRS:0.5633561643835616	IDISWKLQ:0.601027397260274	AVTGNPRI:0.8082191780821918	PRIRTRST:0.5445205479452054	TGNPRIRT:0.6215753424657534	RIRTRSTL:0.541095890410959	EDIDISWK:0.6232876712328768	GAVTGNPR:0.8047945205479452	RWVSPDRG:0.4589041095890411	EYLVCIDG:0.4092465753424658	ITEDIDIS:0.4691780821917808	KRTQRIYG:0.2054794520547945	DMITEDID:0.4914383561643836	QGGAEVFL:0.3099315068493151	GLWKQRLR:0.571917808219178	GLIKRTQR:0.4828767123287671	EVIAVNDG:0.22945205479452055	RALCWILM:0.4195205479452055	IKRTQRIY:0.2054794520547945	AQGGAEVF:0.3441780821917808	IIGLIKRT:0.4777397260273973	IFYEPRAL:0.2345890410958904	PRVGAVTG:0.2602739726027397	DGDALLDR:0.2534246575342466	VFTVSGVI:0.2226027397260274	WKQRLRWA:0.583904109589041	FTVSGVIA:0.3082191780821918	YEPRALCW:0.2773972602739726	KGLWKQRL:0.261986301369863	VCIDGDAL:0.523972602739726	GDALLDRD:0.23972602739726026	IDGDALLD:0.4366438356164384	SSIIGLIK:0.6078767123287672	LRWAQGGA:0.5342465753424658	MITEDIDI:0.4195205479452055	ALCWILMP:0.464041095890411	HLAQNQGK:0.2705479452054795	RWAQGGAE:0.5376712328767124	TLKGLWKQ:0.21232876712328766	FYEPRALC:0.24486301369863014	LIKRTQRI:0.2054794520547945	SGVIAAFR:0.2808219178082192	LWKQRLRW:0.571917808219178	LKGLWKQR:0.21232876712328766	YLVCIDGD:0.4469178082191781	RVGAVTGN:0.3150684931506849	IGLIKRTQ:0.4794520547945205	LAQNQGKA:0.2722602739726027	WAQGGAEV:0.5102739726027398	RLRWAQGG:0.6815068493150684	QRLRWAQG:0.6832191780821918	KQRLRWAQ:0.565068493150685	CIDGDALL:0.5616438356164384	VSGVIAAF:0.2791095890410959	TVSGVIAA:0.2773972602739726	PRALCWIL:0.4195205479452055	VGAVTGNP:0.541095890410959	SIIGLIKR:0.6215753424657534	SEYLVCID:0.351027397260274	GVIAAFRR:0.23116438356164384	VIAVNDGS:0.2328767123287671	RARWVSPD:0.4606164383561644	LVCIDGDA:0.6061643835616438	DISWKLQL:0.4092465753424658	EPRALCWI:0.4195205479452055	WVSPDRGI:0.4263698630136986	ARWVSPDR:0.4606164383561644	RVQVGEFS:0.2243150684931507	CWILMPET:0.5171232876712328	RSEYLVCI:0.25	ARSEYLVC:0.2465753424657534	NQGKAVAL:0.3047945205479452	RIFTVSGV:0.2791095890410959	FSSIIGLI:0.5256849315068494	RTRSTLIG:0.3082191780821918	EFSSIIGL:0.5291095890410958	LIKRTQRV:0.2756849315068493	TRSTLIGR:0.3013698630136986	KRARWVSP:0.2517123287671233	GEFSSIIG:0.5085616438356164	LCWILMPE:0.5222602739726028	IRTRSTLI:0.3047945205479452	VGEFSSII:0.4845890410958904	AARSEYLV:0.2465753424657534	GRVQVGEF:0.22602739726027396	VQVGEFSS:0.22945205479452055	GRIFTVSG:0.2808219178082192	IFTVSGVI:0.20034246575342465	LAENQGKA:0.22773972602739725	GYWSPDMI:0.24143835616438356	WILMPETL:0.4965753424657534	VGYWSPDM:0.2705479452054795	VIAINDGS:0.4349315068493151	NIEVIAIN:0.238013698630137	YWSPDMIT:0.24315068493150685	WSPDMITE:0.24315068493150685	IEVIAIND:0.2534246575342466	EVIAINDG:0.4349315068493151	PDMITEDI:0.24315068493150685	SPDMITED:0.24315068493150685	IAINDGSS:0.2654109589041096	LMPETLKG:0.2962328767123288	PETLKGLW:0.2773972602739726	AINDGSSD:0.2722602739726027	MPETLKGL:0.2962328767123288	ILMPETLK:0.2945205479452055	ETLKGLWK:0.2106164383561644	IQVGEFSS:0.25	GRIQVGEF:0.22945205479452055	RIQVGEFS:0.22945205479452055	
