cluster number:193
GT2:34	GT2:34
VKTAMGKP:0.23529411764705882	YLDVALGW:0.2647058823529412	RNFGQHPA:0.5294117647058824	LVFDHGPD:0.2647058823529412	GEVGRSVA:0.23529411764705882	YQSFRLVL:0.20588235294117646	DEDGQHDP:0.7058823529411765	EVGRSVAA:0.23529411764705882	NFGQHPAT:0.5588235294117647	VVVPVYQG:0.20588235294117646	RMVLSSGT:0.4117647058823529	GKPPYLIV:0.23529411764705882	SRNFGQHP:0.5294117647058824	FRLVLGEV:0.20588235294117646	AGMASSGG:0.47058823529411764	FSLGVIAE:0.23529411764705882	DGQHDPAD:0.20588235294117646	MGKPPYLI:0.35294117647058826	LSHFWRMV:0.3235294117647059	EEVLLVFD:0.20588235294117646	VLGEVGRS:0.3235294117647059	SHFWRMVL:0.4411764705882353	MVLSSGTK:0.23529411764705882	VEEVLLVF:0.20588235294117646	SSGTKGLR:0.23529411764705882	HFWRMVLS:0.4117647058823529	VLLVFDHG:0.2647058823529412	LAGMASSG:0.47058823529411764	LSSGTKGL:0.23529411764705882	WRMVLSSG:0.4117647058823529	MASSGGEW:0.23529411764705882	TMDEDGQH:0.38235294117647056	VTMDEDGQ:0.38235294117647056	RSVAAYAG:0.5588235294117647	SVVVPVYQ:0.20588235294117646	GRSVAAYA:0.5294117647058824	RLVLGEVG:0.3235294117647059	PIWLSRNF:0.20588235294117646	MDEDGQHD:0.38235294117647056	QSFRLVLG:0.20588235294117646	EDGQHDPA:0.38235294117647056	TLAGMASS:0.47058823529411764	QHPATLAG:0.35294117647058826	WLSRNFGQ:0.6764705882352942	AMGKPPYL:0.35294117647058826	PATLAGMA:0.2647058823529412	LFSLGVIA:0.23529411764705882	LLVFDHGP:0.2647058823529412	LGEVGRSV:0.23529411764705882	SLGVIAEY:0.29411764705882354	TAMGKPPY:0.23529411764705882	WVVTMDED:0.2647058823529412	SVAAYAGS:0.3235294117647059	ATLAGMAS:0.5294117647058824	RPIWLSRN:0.20588235294117646	LLSHFWRM:0.3235294117647059	VVPVYQGE:0.2647058823529412	EVLLVFDH:0.2647058823529412	LVLGEVGR:0.3235294117647059	VLSSGTKG:0.23529411764705882	SFRLVLGE:0.20588235294117646	IWLSRNFG:0.20588235294117646	KTAMGKPP:0.23529411764705882	FGQHPATL:0.35294117647058826	GQHPATLA:0.35294117647058826	VGRSVAAY:0.35294117647058826	HPATLAGM:0.35294117647058826	FWRMVLSS:0.4117647058823529	LSRNFGQH:0.8235294117647058	GMASSGGE:0.23529411764705882	TLDEDGQH:0.29411764705882354	VIPVYQGE:0.29411764705882354	HAATLAGM:0.2647058823529412	GMASSGGD:0.23529411764705882	LDEDGQHD:0.3235294117647059	SVSVVIPV:0.20588235294117646	FSLGIIAE:0.20588235294117646	WIVTLDED:0.35294117647058826	ILFSLGII:0.20588235294117646	LFSLGIIA:0.20588235294117646	IVTLDEDG:0.29411764705882354	GDWIVTLD:0.2647058823529412	FGQHAATL:0.2647058823529412	SSGGDWIV:0.3235294117647059	AATLAGMA:0.2647058823529412	RNFGQHAA:0.29411764705882354	SLGIIAEY:0.20588235294117646	GGDWIVTL:0.20588235294117646	SGGDWIVT:0.3235294117647059	VSVVIPVY:0.23529411764705882	DWIVTLDE:0.29411764705882354	ASSGGDWI:0.23529411764705882	QHAATLAG:0.2647058823529412	GQHAATLA:0.2647058823529412	VVIPVYQG:0.20588235294117646	VTLDEDGQ:0.29411764705882354	NFGQHAAT:0.3235294117647059	EDGQHDPG:0.20588235294117646	SRNFGQHA:0.29411764705882354	SVVIPVYQ:0.20588235294117646	VVYAKPTN:0.35294117647058826	LFSHFWRM:0.20588235294117646	AGSGVYLD:0.20588235294117646	MASSGGDW:0.23529411764705882	VRPVWLSR:0.20588235294117646	VWLSRNFG:0.47058823529411764	RPVWLSRN:0.20588235294117646	PVWLSRNF:0.23529411764705882	GVWLSRNF:0.20588235294117646	WIVTMDED:0.20588235294117646	IVTMDEDG:0.20588235294117646	LGIIAEYI:0.20588235294117646	PVYQGERT:0.20588235294117646	VYQGERTL:0.20588235294117646	
