cluster number:2054
GT2:11	GT2:11|GT4:3
GLSVLLDA:0.2727272727272727	NEAPVIRR:0.36363636363636365	RRNHDGAR:0.36363636363636365	YPSTFAET:0.2727272727272727	TFAETSCL:0.36363636363636365	TLIIDADD:0.36363636363636365	STFAETSC:0.2727272727272727	VLHEFLTC:0.36363636363636365	STPFRGLS:0.2727272727272727	QSYRDCGA:0.36363636363636365	LAQSYRDC:0.5454545454545454	YTFYLAQS:0.5454545454545454	DTGSTDGT:0.8181818181818182	RGLSVLLD:0.2727272727272727	SCLAVIEA:0.2727272727272727	PSTFAETS:0.2727272727272727	AAGCRVIC:0.2727272727272727	TSCLAVIE:0.2727272727272727	AVNAYWAG:0.2727272727272727	ARYTFYLA:0.36363636363636365	HDGARRRD:0.5454545454545454	GVLHEFLT:0.36363636363636365	TGSTDGTQ:0.8181818181818182	YLAQSYRD:0.9090909090909091	DGARRRDP:0.2727272727272727	PFRGLSVL:0.2727272727272727	VDTGSTDG:0.5454545454545454	ETYRRDAA:0.2727272727272727	AEAAHAAS:0.36363636363636365	MTPSGQTL:0.2727272727272727	GSTDGTQA:0.2727272727272727	FYLAQSYR:0.9090909090909091	FAETSCLA:0.2727272727272727	AETSCLAV:0.2727272727272727	LSVLLDAW:0.2727272727272727	PSGQTLCL:0.2727272727272727	MRRNHDGA:0.36363636363636365	AQSYRDCG:0.5454545454545454	TFYLAQSY:0.5454545454545454	RNHDGARR:0.5454545454545454	FRGLSVLL:0.2727272727272727	TPFRGLSV:0.2727272727272727	RAEAAHAA:0.36363636363636365	EAAHAASR:0.36363636363636365	VVDTGSTD:0.36363636363636365	ETSCLAVI:0.2727272727272727	NHDGARRR:0.5454545454545454	RYTFYLAQ:0.5454545454545454	AGCRVICP:0.2727272727272727	TPSGQTLC:0.2727272727272727	DEYAVNAY:0.2727272727272727	HNRSEALA:0.45454545454545453	AYLRRAEL:0.2727272727272727	GSTDGTQD:0.45454545454545453	LERALATE:0.2727272727272727	RRAELGFW:0.2727272727272727	LRRAELGF:0.2727272727272727	WIVVDTGS:0.2727272727272727	STDGTQDL:0.2727272727272727	YLRRAELG:0.2727272727272727	IVVDTGST:0.2727272727272727	YVFYLAQS:0.2727272727272727	LAQSYRDA:0.2727272727272727	FERDIRLL:0.2727272727272727	DKFERDIR:0.2727272727272727	RYVFYLAQ:0.2727272727272727	KFERDIRL:0.2727272727272727	VFYLAQSY:0.2727272727272727	ERDIRLLT:0.2727272727272727	AQSYRDAG:0.2727272727272727	WRYRGVLH:0.2727272727272727	EAPVIRRC:0.2727272727272727	RYRGVLHE:0.2727272727272727	APVIRRCL:0.2727272727272727	YRGVLHEF:0.2727272727272727	PWRYRGVL:0.2727272727272727	LPWRYRGV:0.2727272727272727	AHNRSEAL:0.36363636363636365	DFAHNRSE:0.36363636363636365	FAHNRSEA:0.36363636363636365	NRSEALAL:0.2727272727272727	RPWVDFAH:0.2727272727272727	RSEALALA:0.2727272727272727	WVDFAHNR:0.2727272727272727	SEALALAR:0.2727272727272727	PWVDFAHN:0.2727272727272727	
