cluster number:2609
GT2:37	GT2:37
VIIPCFNA:0.35135135135135137	VSVIIPCF:0.40540540540540543	SVIIPCFN:0.43243243243243246	IQFLDADD:0.2972972972972973	DVVYGDWR:0.2972972972972973	EIIVIDDG:0.32432432432432434	AKVVYQPG:0.24324324324324326	DADDYILP:0.35135135135135137	KVVYQPGC:0.24324324324324326	GSTDNSLE:0.2702702702702703	GADVVYGD:0.2702702702702703	YIQFLDAD:0.2972972972972973	DNSLEIIK:0.24324324324324326	IIPCFNAE:0.32432432432432434	IIVIDDGS:0.32432432432432434	LVSVIIPC:0.21621621621621623	AAQDRDFF:0.32432432432432434	TDNSLEII:0.2972972972972973	DYILPEKI:0.35135135135135137	LDADDYIL:0.35135135135135137	FLDADDYI:0.21621621621621623	DDGSTDNS:0.5675675675675675	ADDYILPE:0.35135135135135137	DDYILPEK:0.35135135135135137	STDNSLEI:0.32432432432432434	VVYGDWRH:0.24324324324324326	QFLDADDY:0.21621621621621623	ADVVYGDW:0.2972972972972973	TGADVVYG:0.2702702702702703	VVYQPGCY:0.21621621621621623	DGSTDNSL:0.3783783783783784	IVIDDGST:0.2702702702702703	VIDDGSTD:0.3783783783783784	IDDGSTDN:0.3783783783783784	DRDFFLSV:0.2972972972972973	QDRDFFLS:0.32432432432432434	IDSCLQQT:0.21621621621621623	RDFFLSVV:0.21621621621621623	AQDRDFFL:0.32432432432432434	GAKVVYQP:0.21621621621621623	YIQYLDAD:0.2702702702702703	IQYLDADD:0.2702702702702703	VVDDGSTD:0.24324324324324326	IIVVDDGS:0.2702702702702703	VDDGSTDN:0.21621621621621623	EIIVVDDG:0.2702702702702703	IVVDDGST:0.24324324324324326	IEIIVVDD:0.21621621621621623	
