cluster number:2125
GT2:18	GT2:18
DFRYTHDY:0.2222222222222222	WLSSDDYF:0.2777777777777778	RKENGGTA:0.2777777777777778	NVEVIVVD:0.3333333333333333	TGEYIAWL:0.2222222222222222	EVIVVDDG:0.3888888888888889	AWLSSDDY:0.2777777777777778	ENGGTATA:0.3333333333333333	VIVVDDGS:0.3888888888888889	YIAWLSSD:0.6666666666666666	PKVSIIIP:0.3333333333333333	VEVIVVDD:0.3333333333333333	YTHDYEMW:0.2777777777777778	SIIIPFYN:0.4444444444444444	EYIAWLSS:0.4444444444444444	KVSIIIPF:0.4444444444444444	IRKENGGT:0.2777777777777778	YIRKENGG:0.2777777777777778	KENGGTAT:0.3333333333333333	DQAIKSAL:0.2222222222222222	IIIPFYNC:0.3888888888888889	FRYTHDYE:0.2222222222222222	GEYIAWLS:0.4444444444444444	IAWLSSDD:0.6666666666666666	VSIIIPFY:0.4444444444444444	RYTHDYEM:0.2777777777777778	IVVDDGST:0.3888888888888889	GGTATALN:0.2777777777777778	NGGTATAL:0.2777777777777778	CPYVDQAI:0.2222222222222222	DYIAWLSS:0.2222222222222222	IIPFYNCP:0.4444444444444444	NCPYVDQA:0.2222222222222222	PFYNCPYV:0.3333333333333333	HYLGEPLT:0.2222222222222222	VNGCTVMI:0.2222222222222222	NPVNGCTV:0.2777777777777778	FHYLGEPL:0.2222222222222222	KANGGTAS:0.3888888888888889	ANGGTASA:0.3888888888888889	IPFYNCPY:0.3888888888888889	ALNHGIRH:0.2222222222222222	AWLSSDDL:0.2222222222222222	GDYIAWLS:0.2222222222222222	YNCPYVDQ:0.2222222222222222	NGGTASAL:0.5	PVNGCTVM:0.2777777777777778	GGTASALN:0.5	FYNCPYVD:0.2222222222222222	IGKANGGT:0.2222222222222222	HYIGKANG:0.2222222222222222	GKANGGTA:0.2222222222222222	YIGKANGG:0.2222222222222222	
