cluster number:1715
GT2:13	GT2:13
GIEDLTSG:0.23076923076923078	GLGIEDLT:0.23076923076923078	TMDADGQH:0.38461538461538464	VVVVDDAS:0.46153846153846156	LDYQDVGV:0.3076923076923077	KVGMNGKR:0.23076923076923078	TGLGIEDL:0.23076923076923078	LTGLGIED:0.23076923076923078	TSGFRAYN:0.38461538461538464	LSCNLGAW:0.23076923076923078	KLTGLGIE:0.23076923076923078	WGATQAGI:0.23076923076923078	AKVGMNGK:0.23076923076923078	LGAWGATQ:0.38461538461538464	ARSAGATV:0.23076923076923078	AWGATQAG:0.3076923076923077	CLAKVGMN:0.23076923076923078	MDADGQHL:0.23076923076923078	DADGQHLP:0.3076923076923077	SRVFPSWL:0.23076923076923078	GATQAGIR:0.23076923076923078	ADGQHLPE:0.23076923076923078	VGVLLLLR:0.23076923076923078	TLLDYQDV:0.3076923076923077	LTSGFRAY:0.38461538461538464	LGIEDLTS:0.23076923076923078	LLDYQDVG:0.3076923076923077	VVVDDAST:0.38461538461538464	DYQDVGVL:0.3076923076923077	YQDVGVLL:0.3076923076923077	GSRVFPSW:0.23076923076923078	NLGAWGAT:0.23076923076923078	IEDLTSGF:0.23076923076923078	GEADVVIG:0.23076923076923078	GAWGATQA:0.3076923076923077	QDVGVLLL:0.3076923076923077	VVDDASTD:0.46153846153846156	DLTSGFRA:0.38461538461538464	YFRKLTGL:0.23076923076923078	ATQAGIRY:0.23076923076923078	FRKLTGLG:0.23076923076923078	LCLAKVGM:0.23076923076923078	SCNLGAWG:0.23076923076923078	RKLTGLGI:0.23076923076923078	LAKVGMNG:0.23076923076923078	QAGIRYAL:0.3076923076923077	IARSAGAT:0.23076923076923078	EDLTSGFR:0.3076923076923077	EVVVVDDA:0.3076923076923077	DVGVLLLL:0.3076923076923077	CNLGAWGA:0.23076923076923078	ATLLDYQD:0.46153846153846156	VGKYMLQT:0.23076923076923078	GGSRVFPS:0.23076923076923078	GKYMLQTS:0.23076923076923078	VGMNGKRR:0.23076923076923078	RSAGATVL:0.23076923076923078	TQAGIRYA:0.23076923076923078	AVLIPAHN:0.23076923076923078	DDASTDGT:0.38461538461538464	DASTDGTA:0.23076923076923078	VVVIDDAS:0.23076923076923078	VLIPAHNE:0.23076923076923078	LIPAHNEA:0.23076923076923078	VDDASTDG:0.3076923076923077	
