cluster number:92
GT2:390	GT2:390
DLQDPPEV:0.3564102564102564	LQDPPEVI:0.31025641025641026	DADLQDPP:0.8307692307692308	ADLQDPPE:0.7794871794871795	DTGDFRLM:0.2923076923076923	FSRNFGHQ:0.6102564102564103	AGETKYPL:0.5794871794871795	VIDADLQD:0.4512820512820513	RLIDRKVC:0.2512820512820513	IPVDTGDF:0.3282051282051282	VDTGDFRL:0.3282051282051282	DFRLIDRK:0.32051282051282054	ERFAGETK:0.20256410256410257	RGLVSWVG:0.4307692307692308	TKYPLKKM:0.4307692307692308	DTGDFRLI:0.2948717948717949	PVDTGDFR:0.34102564102564104	FRLIDRKV:0.3153846153846154	GDFRLIDR:0.35384615384615387	IDADLQDP:0.7	VRGLVSWV:0.41794871794871796	WKEGYEVV:0.2	FAGETKYP:0.24102564102564103	TGDFRLID:0.30256410256410254	KEGYEVVY:0.2	RFAGETKY:0.24615384615384617	VVIDADLQ:0.3435897435897436	ETKYPLKK:0.4076923076923077	GETKYPLK:0.5076923076923077	AITAGMDY:0.36153846153846153	YIGRIYDE:0.36666666666666664	TSFSYKPL:0.2128205128205128	FGHQIAIT:0.358974358974359	QIAITAGM:0.29743589743589743	ITSFSYKP:0.2128205128205128	ITAGMDYA:0.34102564102564104	DLQDPPEL:0.44358974358974357	IGEYIGRI:0.32051282051282054	NFGHQIAI:0.358974358974359	IAITAGMD:0.29743589743589743	GHQIAITA:0.358974358974359	GEYIGRIY:0.39487179487179486	HQIAITAG:0.358974358974359	RNFGHQIA:0.4307692307692308	YPLKKMLK:0.24358974358974358	KYPLKKML:0.2564102564102564	LQDPPELI:0.4282051282051282	EYIGRIYD:0.36666666666666664	ERLAGETK:0.25384615384615383	LDGITSFS:0.2153846153846154	IDFSRNFG:0.26153846153846155	RDERLAGE:0.24615384615384617	GDFRLMDR:0.25384615384615383	LAGETKYP:0.2641025641025641	DFSRNFGH:0.30512820512820515	EGYEVVYA:0.24102564102564103	TGDFRLMD:0.2717948717948718	FVRGLVSW:0.3333333333333333	RLAGETKY:0.2717948717948718	DERLAGET:0.2282051282051282	VSWVGFKQ:0.23846153846153847	LVSWVGFK:0.21794871794871795	PLKKMLKL:0.2358974358974359	SRNFGHQI:0.36923076923076925	GLVSWVGF:0.34102564102564104	QDPPELIL:0.2692307692307692	GITSFSYK:0.20512820512820512	DGITSFSY:0.24358974358974358	IIDADLQD:0.20256410256410257	
