cluster number:2252
GT2:11	GT2:11|GT4:1
TDGSLEII:0.36363636363636365	TDAINKGF:0.5454545454545454	GSTDGSLE:0.36363636363636365	DGGSTDGS:0.8181818181818182	GQTDAINK:0.5454545454545454	QTDAINKG:0.5454545454545454	MDGGSTDG:0.5454545454545454	STDGSLEI:0.36363636363636365	GGSTDGSL:0.45454545454545453	VTPSYNQA:0.7272727272727273	YNQAQYLE:0.2727272727272727	SYNQAQYL:0.2727272727272727	PSYNQAQY:0.2727272727272727	TPSYNQAQ:0.2727272727272727	IVTPSYNQ:0.36363636363636365	DGSLEIIK:0.2727272727272727	IDGGSTDG:0.36363636363636365	IIDGGSTD:0.2727272727272727	GSLEIIKK:0.2727272727272727	SLEIIKKY:0.2727272727272727	LEIIKKYE:0.2727272727272727	FGDMYITD:0.2727272727272727	RIQPDAKS:0.2727272727272727	EGMQVFNQ:0.5454545454545454	KYEPYLAG:0.2727272727272727	DKGQTDAI:0.36363636363636365	TILSVLNQ:0.5454545454545454	YEGMQVFN:0.36363636363636365	SVLNQQYP:0.36363636363636365	FRIQPDAK:0.2727272727272727	VLNQQYPN:0.36363636363636365	FWGGFRIQ:0.2727272727272727	YLAGWVSE:0.36363636363636365	ESLRFVID:0.36363636363636365	TDVFFGDM:0.45454545454545453	VSEKDKGQ:0.2727272727272727	GGFRIQPD:0.2727272727272727	EPYLAGWV:0.2727272727272727	VAFQNSDD:0.36363636363636365	GDMYITDE:0.2727272727272727	LERTILSV:0.5454545454545454	RTILSVLN:0.5454545454545454	LAGWVSEK:0.36363636363636365	LDESLRFV:0.45454545454545453	WVSEKDKG:0.2727272727272727	KDKGQTDA:0.2727272727272727	LRFVIDYE:0.36363636363636365	FFGDMYIT:0.2727272727272727	FNQSLFIR:0.5454545454545454	IYEGMQVF:0.36363636363636365	PYLAGWVS:0.36363636363636365	WGGFRIQP:0.2727272727272727	GWVSEKDK:0.2727272727272727	GMQVFNQS:0.5454545454545454	KLTVVTPS:0.45454545454545453	VVTPSYNQ:0.45454545454545453	ILSVLNQQ:0.36363636363636365	GGSTDGSV:0.2727272727272727	AGWVSEKD:0.36363636363636365	GFRIQPDA:0.2727272727272727	DESLRFVI:0.36363636363636365	QVFNQSLF:0.5454545454545454	SLRFVIDY:0.36363636363636365	PKLTVVTP:0.45454545454545453	AFQNSDDV:0.36363636363636365	VFNQSLFI:0.5454545454545454	NQSLFIRR:0.5454545454545454	YEPYLAGW:0.2727272727272727	DAINKGFR:0.36363636363636365	LTVVTPSY:0.45454545454545453	LSVLNQQY:0.36363636363636365	IQPDAKSS:0.2727272727272727	SEKDKGQT:0.2727272727272727	TVVTPSYN:0.45454545454545453	VFFGDMYI:0.45454545454545453	YLERTILS:0.5454545454545454	ERTILSVL:0.5454545454545454	DVFFGDMY:0.45454545454545453	RFVIDYEI:0.36363636363636365	KGQTDAIN:0.36363636363636365	EKDKGQTD:0.2727272727272727	MQVFNQSL:0.5454545454545454	GFWGGFRI:0.2727272727272727	NKGFRRAT:0.2727272727272727	LNQQYPNL:0.2727272727272727	QNSDDVFA:0.45454545454545453	RATGDYVA:0.36363636363636365	GFRRATGD:0.2727272727272727	DVFAPDAL:0.2727272727272727	SDDVFAPD:0.36363636363636365	INKGFRRA:0.2727272727272727	KGFRRATG:0.2727272727272727	AINKGFRR:0.2727272727272727	NSDDVFAP:0.45454545454545453	NQQYPNLE:0.2727272727272727	QSLFIRRE:0.2727272727272727	FRRATGDY:0.2727272727272727	RRATGDYV:0.2727272727272727	DDVFAPDA:0.36363636363636365	IMDGGSTD:0.2727272727272727	RVQPDAKS:0.2727272727272727	VQPDAKSS:0.2727272727272727	QPDAKSST:0.2727272727272727	YVAFQNSD:0.2727272727272727	DVILEEMR:0.2727272727272727	VILEEMRA:0.2727272727272727	GDYVAFQN:0.2727272727272727	FRVQPDAK:0.2727272727272727	ILEEMRAP:0.2727272727272727	ATGDYVAF:0.2727272727272727	FIMDGGST:0.2727272727272727	EYFIMDGG:0.2727272727272727	FQNSDDVF:0.2727272727272727	FVIDYEIV:0.2727272727272727	NLEYFIMD:0.2727272727272727	GFRVQPDA:0.2727272727272727	WGGFRVQP:0.2727272727272727	TGDYVAFQ:0.2727272727272727	YFIMDGGS:0.2727272727272727	PNLEYFIM:0.2727272727272727	YPNLEYFI:0.2727272727272727	PDAKSSTI:0.2727272727272727	DAKSSTIA:0.2727272727272727	DYVAFQNS:0.2727272727272727	GGFRVQPD:0.2727272727272727	FWGGFRVQ:0.2727272727272727	LEYFIMDG:0.2727272727272727	QYLERTIL:0.2727272727272727	GFWGGFRV:0.2727272727272727	
