cluster number:1563
GT2:13	GT2:13
ETEFCIRL:0.38461538461538464	EETEFCIR:0.5384615384615384	LGCEETEF:0.38461538461538464	GLSKALVT:0.38461538461538464	VAFLDDDA:0.6153846153846154	PLGCEETE:0.46153846153846156	SGGKNTGV:0.23076923076923078	CYAEGLSK:0.46153846153846156	TVGCTYRG:0.3076923076923077	YAEGLSKA:0.46153846153846156	EGLSKALV:0.46153846153846156	VVICVYTE:0.3076923076923077	AFLDDDAV:0.46153846153846156	GCEETEFC:0.5384615384615384	EFDWTVGC:0.46153846153846156	SVVICVYT:0.3076923076923077	GLSGGKNT:0.38461538461538464	RPLGCEET:0.46153846153846156	CEETEFCI:0.5384615384615384	DWTVGCTY:0.38461538461538464	AEGLSKAL:0.46153846153846156	LSGGKNTG:0.38461538461538464	VGCTYRGM:0.3076923076923077	FDWTVGCT:0.38461538461538464	LSKALVTR:0.3076923076923077	WTVGCTYR:0.3076923076923077	FLDDDAVA:0.38461538461538464	RCYAEGLS:0.46153846153846156	GRRPRWFP:0.23076923076923078	SRPLGCEE:0.3076923076923077	IRNVMGGN:0.38461538461538464	GGNAAFRR:0.23076923076923078	VMGGNAAF:0.38461538461538464	VVDHNPDL:0.38461538461538464	NVMGGNAA:0.38461538461538464	RNVMGGNA:0.38461538461538464	MGGNAAFR:0.23076923076923078	LDDDAVAE:0.23076923076923078	DDDAVAEP:0.23076923076923078	GVGEALRG:0.3076923076923077	TEFCIRLS:0.3076923076923077	VGEALRGD:0.3076923076923077	RGVGEALR:0.3076923076923077	RAPIRNVM:0.23076923076923078	ILVVDHNP:0.3076923076923077	GALRGVGE:0.23076923076923078	GWLEALEE:0.3076923076923077	RSRCYAEG:0.3076923076923077	YFRSRCYA:0.3076923076923077	LRGVGEAL:0.3076923076923077	LPLGALRG:0.23076923076923078	FRSRCYAE:0.3076923076923077	DHNPDLHL:0.3076923076923077	VDHNPDLH:0.3076923076923077	EFCIRLSQ:0.3076923076923077	GEALRGDL:0.23076923076923078	PGWLEALE:0.3076923076923077	LGALRGVG:0.23076923076923078	FAYFRSRC:0.3076923076923077	GIGRSVQG:0.23076923076923078	FCIRLSQR:0.23076923076923078	LEALEEGF:0.3076923076923077	ALRGVGEA:0.23076923076923078	PLGALRGV:0.23076923076923078	IGRSVQGR:0.23076923076923078	PIRNVMGG:0.23076923076923078	LVVDHNPD:0.3076923076923077	WLEALEEG:0.3076923076923077	SRCYAEGL:0.3076923076923077	APIRNVMG:0.23076923076923078	AYFRSRCY:0.3076923076923077	IVAFLDDD:0.3076923076923077	EIVAFLDD:0.3076923076923077	GEIVAFLD:0.3076923076923077	DGLSSERA:0.3076923076923077	QDGLSSER:0.23076923076923078	CVYTEERW:0.23076923076923078	LGRAAAIV:0.23076923076923078	AAAIVVGL:0.23076923076923078	VGLAWTTW:0.23076923076923078	ICVYTEER:0.23076923076923078	EALEEGFQ:0.23076923076923078	AIVVENTH:0.23076923076923078	GCTYRGMP:0.23076923076923078	GLSSERAH:0.23076923076923078	IVVGLAWT:0.23076923076923078	RFAYFRSR:0.23076923076923078	YTEERWED:0.23076923076923078	GLGRAAAI:0.23076923076923078	VYTEERWE:0.23076923076923078	VICVYTEE:0.23076923076923078	AVESVENQ:0.23076923076923078	GSVMLFEP:0.23076923076923078	LAWTTWGY:0.23076923076923078	AAIVVGLA:0.23076923076923078	TEERWEDI:0.23076923076923078	AIVVGLAW:0.23076923076923078	GRAAAIVV:0.23076923076923078	RAAAIVVG:0.23076923076923078	IVVENTHE:0.23076923076923078	VVGLAWTT:0.23076923076923078	GLAWTTWG:0.23076923076923078	PGSVMLFE:0.23076923076923078	
