cluster number:841
GT2:36	GT2:36
GPGGARNT:0.7222222222222222	FLDSDDEW:0.2222222222222222	PGGARNTG:0.7222222222222222	AFLDSDDE:0.25	QALWSQAR:0.3333333333333333	LRQQFNTW:0.3888888888888889	VIGRPLFE:0.3055555555555556	LFFCDCVL:0.25	GVNIFHSI:0.2777777777777778	VAFLDSDD:0.6666666666666666	IDNDSPQF:0.2777777777777778	ANAGPGGA:0.3055555555555556	RLAAEDVL:0.5833333333333334	MVIGRPLF:0.3055555555555556	LRLAAEDV:0.5833333333333334	IFHSIDND:0.2777777777777778	QANAGPGG:0.3055555555555556	VNIFHSID:0.2777777777777778	DNDSPQFL:0.4166666666666667	RPLFEKIR:0.2777777777777778	CMVIGRPL:0.3888888888888889	FVAFLDSD:0.3611111111111111	HSIDNDSP:0.2777777777777778	GGARNTGL:0.6944444444444444	FHSIDNDS:0.2777777777777778	NAGPGGAR:0.4722222222222222	AAEDVLFF:0.7222222222222222	LHMSCMVI:0.3055555555555556	IGRPLFEK:0.3055555555555556	FLHMSCMV:0.3055555555555556	MSCMVIGR:0.3055555555555556	VLFFCDCV:0.25	AEDVLFFC:0.6666666666666666	PLFEKIRF:0.2777777777777778	DVLFFCDC:0.4722222222222222	SCMVIGRP:0.4166666666666667	LAAEDVLF:0.7222222222222222	FFCDCVLA:0.25	EDVLFFCD:0.6666666666666666	AGPGGARN:0.4722222222222222	NIFHSIDN:0.5277777777777778	FLRQQFNT:0.3888888888888889	GRPLFEKI:0.2777777777777778	HMSCMVIG:0.3055555555555556	SIDNDSPQ:0.2777777777777778	LRRALASV:0.25	ARKQALWS:0.2777777777777778	RALASVFA:0.4722222222222222	SPQFLKQQ:0.2222222222222222	GILRRALA:0.25	ALRLAAED:0.3888888888888889	KQANAGPG:0.2222222222222222	ILRRALAS:0.25	NTGLDNVP:0.4722222222222222	ALASVFAQ:0.4722222222222222	RNTGLDNV:0.5	DADCYWAS:0.2222222222222222	RKQALWSQ:0.2777777777777778	RRALASVF:0.25	PQFLKQQF:0.2222222222222222	TGLDNVPA:0.3333333333333333	ARNTGLDN:0.5	NDSPQFLK:0.2222222222222222	ADCYWASI:0.2777777777777778	FDADCYWA:0.2222222222222222	DSPQFLKQ:0.2222222222222222	GARNTGLD:0.6388888888888888	KQALWSQA:0.2222222222222222	RQALWSQA:0.3055555555555556	ARRQALWS:0.3055555555555556	RRQALWSQ:0.3055555555555556	RNTGLDHV:0.2222222222222222	ARNTGLDH:0.25	DTLEGRFS:0.2222222222222222	ALDTLEGR:0.3611111111111111	WSFLHLSC:0.3333333333333333	YVAFLDSD:0.25	VVIPYYQK:0.3333333333333333	VFAQTYQD:0.2222222222222222	RAAFELGA:0.25	RNWSFLHL:0.25	QFNTWVAL:0.4444444444444444	AAFELGAG:0.25	VALDTLEG:0.3611111111111111	AFELGAGK:0.25	VIVDDESP:0.2777777777777778	LSCMVIGR:0.2777777777777778	VASIASYK:0.25	SIASYKNT:0.25	ASYKNTAR:0.25	SKRTLLCD:0.25	WVALDTLE:0.4444444444444444	ECYWASMQ:0.25	DDESPYPI:0.3055555555555556	AQTYQDFD:0.2222222222222222	LHLSCMVI:0.3333333333333333	DVASIASY:0.25	TVVIPYYQ:0.3333333333333333	SFLHLSCM:0.3333333333333333	ASIASYKN:0.25	QALWSQAG:0.25	VDDESPYP:0.25	FNTWVALD:0.4444444444444444	SVFAQTYQ:0.2222222222222222	LDTLEGRF:0.2222222222222222	FAQTYQDF:0.2222222222222222	LASVFAQT:0.3333333333333333	VMLRNWSF:0.25	MLRNWSFL:0.25	TLEGRFSR:0.2222222222222222	PDLASVML:0.25	HLSCMVIG:0.2777777777777778	LRNWSFLH:0.25	RQQFNTWV:0.25	NTWVALDT:0.4444444444444444	QQFNTWVA:0.4444444444444444	TWVALDTL:0.4444444444444444	KNTARKQA:0.2222222222222222	DYVAFLDS:0.2222222222222222	IASYKNTA:0.25	SDEFYYHF:0.25	NWSFLHLS:0.3888888888888889	FLHLSCMV:0.3888888888888889	MLKNWSFL:0.25	LKNWSFLH:0.25	GGDAFYYH:0.2222222222222222	YQKEPGIL:0.2222222222222222	TARRQALW:0.3055555555555556	DAFYYHFG:0.2222222222222222	AGAVRGEG:0.2222222222222222	SITGGDAF:0.2222222222222222	TGGDAFYY:0.2222222222222222	FYYHFGVA:0.2222222222222222	VMLKNWSF:0.25	ASITGGDA:0.2222222222222222	GDAFYYHF:0.2222222222222222	ITGGDAFY:0.2222222222222222	AFYYHFGV:0.2222222222222222	MQASDEFY:0.2222222222222222	SMQASDEF:0.2222222222222222	YWASMQAS:0.2222222222222222	QASDEFYY:0.2222222222222222	ASDEFYYH:0.2222222222222222	CYWASMQA:0.2222222222222222	WASMQASD:0.2222222222222222	ASMQASDE:0.2222222222222222	
