cluster number:1333
GT2:65	GT2:65|GT0:1
IIIADDGS:0.2	EIIIADDG:0.2	GGQDRELG:0.47692307692307695	EIVIADDG:0.24615384615384617	PTNASWNG:0.38461538461538464	ASWNGHNS:0.3384615384615385	IIHVWHED:0.23076923076923078	QYGGQDRE:0.5076923076923077	WHEDNGFQ:0.3230769230769231	YGGQDREL:0.47692307692307695	RMQYGGQD:0.49230769230769234	VNGFDERM:0.6307692307692307	QIRYSAIC:0.24615384615384617	IVIADDGS:0.24615384615384617	HEDNGFQK:0.3230769230769231	WNGHNSSG:0.4153846153846154	GFDERMQY:0.6	FDERMQYG:0.6	NGFDERMQ:0.6	NGHNSSGW:0.4	DRELGERL:0.5846153846153846	TPTNASWN:0.38461538461538464	DERMQYGG:0.6307692307692307	SWNGHNSS:0.35384615384615387	GQDRELGE:0.47692307692307695	EDNGFQKS:0.23076923076923078	MQYGGQDR:0.5076923076923077	ELGERLFN:0.3384615384615385	NASWNGHN:0.38461538461538464	QDRELGER:0.47692307692307695	RELGERLF:0.3384615384615385	VWHEDNGF:0.3076923076923077	FEIVIADD:0.23076923076923078	ERMQYGGQ:0.49230769230769234	AVNGFDER:0.38461538461538464	TNASWNGH:0.38461538461538464	HVWHEDNG:0.3076923076923077	EVVIADDG:0.2923076923076923	VVIADDGS:0.2923076923076923	DCIPRKDF:0.2923076923076923	ILAVNGFD:0.2153846153846154	DGDCIPRK:0.2923076923076923	LAVNGFDE:0.27692307692307694	DILAVNGF:0.2153846153846154	WNGHNASG:0.26153846153846155	GDCIPRKD:0.2923076923076923	SWNGHNAS:0.2	SDGDCIPR:0.23076923076923078	FKNNKLTA:0.23076923076923078	CIPRKDFV:0.23076923076923078	NGHNASGW:0.26153846153846155	IMTDGDCI:0.23076923076923078	IIMTDGDC:0.2153846153846154	YIIMTDGD:0.2153846153846154	MTDGDCIP:0.2923076923076923	TDGDCIPR:0.38461538461538464	SVIISTYN:0.27692307692307694	FEVVIADD:0.27692307692307694	GYFLSGGY:0.2153846153846154	LDHKRGYK:0.2	HLDHKRGY:0.2	SAVCVHLD:0.2	YSAVCVHL:0.2153846153846154	GHNSSGWK:0.3076923076923077	AVCVHLDH:0.2	RYSAVCVH:0.2153846153846154	SGWKKDIL:0.2153846153846154	GHNASGWK:0.2	SIIISTYN:0.2	HNSSGWKK:0.2153846153846154	NSSGWKKD:0.2153846153846154	
