cluster number:1117
GT2:22	GT2:22
STDNSAEV:0.45454545454545453	DASTDNSA:0.45454545454545453	DDASTDNS:0.6818181818181818	TDNSAEVI:0.36363636363636365	ASTDNSAE:0.45454545454545453	DFISYLKI:0.2727272727272727	IGSITSTL:0.5	PLLLAFTS:0.2727272727272727	GAKKFYMS:0.2727272727272727	RVRADDCL:0.45454545454545453	LNELKTIP:0.3181818181818182	GSITSTLS:0.5	QTVKFDEI:0.2727272727272727	DWRVRADD:0.4090909090909091	KNQGQLSS:0.4090909090909091	TLSIRREI:0.22727272727272727	WKRNSLFN:0.36363636363636365	IFFLDADD:0.5909090909090909	IIFFLDAD:0.5454545454545454	DEIIIVDD:0.36363636363636365	SSFNEGFL:0.2727272727272727	FDEIIIVD:0.36363636363636365	GQLSSFNE:0.36363636363636365	EKNQGQLS:0.3181818181818182	SALNQTVK:0.22727272727272727	YEYKRFWK:0.2727272727272727	KRFWKRNS:0.2727272727272727	QLSSFNEG:0.2727272727272727	LVGAKKFY:0.45454545454545453	SLNELKTI:0.3181818181818182	IKTSCLIN:0.3181818181818182	SGDIIFFL:0.22727272727272727	FNEGFLAA:0.22727272727272727	FTSLNELK:0.2727272727272727	KFDEIIIV:0.2727272727272727	GDIIFFLD:0.5	LINNYNYA:0.5	KEKNQGQL:0.3181818181818182	NGEWIGSI:0.36363636363636365	VDLDLGYS:0.3181818181818182	LKEKNQGQ:0.2727272727272727	SCLINNYN:0.4090909090909091	ISYLKIIF:0.2727272727272727	FWKRNSLF:0.2727272727272727	LKIIFLFE:0.4090909090909091	ASLVGAKK:0.45454545454545453	NNYNYAEF:0.22727272727272727	NELKTIPC:0.36363636363636365	LGYSVIRT:0.3181818181818182	TSLNELKT:0.3181818181818182	EWIGSITS:0.5	FISYLKII:0.2727272727272727	YLKIIFLF:0.4090909090909091	AFTSLNEL:0.2727272727272727	DIIFFLDA:0.45454545454545453	SFNEGFLA:0.22727272727272727	PLVMYRIH:0.22727272727272727	TSTLSIRR:0.22727272727272727	GEWIGSIT:0.5	VGAKKFYM:0.3181818181818182	AVDLDLGY:0.22727272727272727	ELKTIPCP:0.45454545454545453	LSSFNEGF:0.2727272727272727	ITSTLSIR:0.3181818181818182	GASLVGAK:0.45454545454545453	FFLDADDI:0.3181818181818182	CLINNYNY:0.5	ASGDIIFF:0.22727272727272727	RFWKRNSL:0.2727272727272727	SYLKIIFL:0.2727272727272727	IIVDDAST:0.5454545454545454	KIKTSCLI:0.22727272727272727	FLDADDIY:0.3181818181818182	LAFTSLNE:0.2727272727272727	EIIIVDDA:0.5909090909090909	NQGQLSSF:0.5	DLGYSVIR:0.3181818181818182	LLAFTSLN:0.2727272727272727	VDDASTDN:0.5454545454545454	LKTIPCPK:0.22727272727272727	SITSTLSI:0.3181818181818182	IVDDASTD:0.5909090909090909	EDWRVRAD:0.4090909090909091	KRNSLFNY:0.36363636363636365	KTSCLINN:0.36363636363636365	LDADDIYE:0.22727272727272727	WRVRADDC:0.4090909090909091	RNSLFNYI:0.36363636363636365	INNYNYAE:0.22727272727272727	STLSIRRE:0.22727272727272727	DLDLGYSV:0.3181818181818182	WIGSITST:0.5	LDLGYSVI:0.3181818181818182	WGASLVGA:0.45454545454545453	GYSVIRTL:0.3181818181818182	SLVGAKKF:0.45454545454545453	YKRFWKRN:0.2727272727272727	ALNQTVKF:0.22727272727272727	TSCLINNY:0.4090909090909091	QGQLSSFN:0.5	IIIVDDAS:0.5909090909090909	VKFDEIII:0.2727272727272727	EYKRFWKR:0.2727272727272727	TVKFDEII:0.2727272727272727	LLLAFTSL:0.22727272727272727	AATGDIIF:0.22727272727272727	FLAATGDI:0.22727272727272727	LAATGDII:0.22727272727272727	TGDIIFFL:0.2727272727272727	ATGDIIFF:0.22727272727272727	DNSAEVIA:0.22727272727272727	TEDWRVRA:0.2727272727272727	NSAEVIAK:0.22727272727272727	DDCLVWGA:0.3181818181818182	ADDCLVWG:0.2727272727272727	VRADDCLV:0.2727272727272727	VWGASLVG:0.3181818181818182	CAYKKFGA:0.3181818181818182	LFNYILQK:0.2727272727272727	CNGEWIGS:0.22727272727272727	CLVWGASL:0.3181818181818182	FCAYKKFG:0.36363636363636365	RADDCLVW:0.2727272727272727	NSLFNYIL:0.3181818181818182	FNYILQKN:0.2727272727272727	YRIHQNNQ:0.22727272727272727	SLFNYILQ:0.2727272727272727	LVWGASLV:0.3181818181818182	DCLVWGAS:0.3181818181818182	AYKKFGAV:0.22727272727272727	YILQKNNL:0.22727272727272727	NYILQKNN:0.2727272727272727	ILKEKNQG:0.22727272727272727	
