cluster number:5
GH14:92	GH14:92|3.2.1.2:7
AGENALPR:0.30434782608695654	RSHAPELT:0.22826086956521738	SHAPELTA:0.25	KVAGIHWH:0.44565217391304346	RDGYLPIA:0.25	MGPAGELR:0.29347826086956524	SFHQCGGN:0.4891304347826087	GENALPRY:0.2717391304347826	HAPELTAG:0.25	RYPSYPES:0.25	GLKVQAVM:0.2717391304347826	VQAVMSFH:0.2826086956521739	ELRYPSYP:0.44565217391304346	IHWHYGTR:0.2608695652173913	IQVGMGPA:0.2717391304347826	GPAGELRY:0.29347826086956524	LRYPSYPE:0.42391304347826086	PAGELRYP:0.29347826086956524	VGMGPAGE:0.29347826086956524	HWHYGTRS:0.2608695652173913	PELTAGYY:0.25	AVMSFHQC:0.2717391304347826	IVEIQVGM:0.30434782608695654	EIQVGMGP:0.45652173913043476	QVGMGPAG:0.29347826086956524	CGGNVGDS:0.5	YPESNGTW:0.2608695652173913	KVQAVMSF:0.2826086956521739	TAGYYNTR:0.4891304347826087	EYISLGCD:0.3695652173913043	AGIHWHYG:0.31521739130434784	MRDHEQPQ:0.2391304347826087	EMRDHEQP:0.2391304347826087	LKSAGVEG:0.358695652173913	MSFHQCGG:0.4891304347826087	GTWRFPGI:0.20652173913043478	LKVQAVMS:0.2826086956521739	GMGPAGEL:0.29347826086956524	VEIQVGMG:0.31521739130434784	TIVEIQVG:0.2391304347826087	LAGENALP:0.30434782608695654	QAVMSFHQ:0.2717391304347826	ELTAGYYN:0.717391304347826	HQCGGNVG:0.4891304347826087	LTAGYYNT:0.6847826086956522	TWRFPGIG:0.20652173913043478	HYGTRSHA:0.2608695652173913	VAGIHWHY:0.42391304347826086	APELTAGY:0.25	GELRYPSY:0.45652173913043476	ALKSAGVE:0.358695652173913	QCGGNVGD:0.4891304347826087	VMSFHQCG:0.4891304347826087	ENALPRYD:0.2717391304347826	GIHWHYGT:0.29347826086956524	FHQCGGNV:0.4891304347826087	WHYGTRSH:0.2608695652173913	AGELRYPS:0.29347826086956524	IGEFQCYD:0.358695652173913	GENALERY:0.22826086956521738	EFQCYDKY:0.29347826086956524	AGENALER:0.22826086956521738	GIGEFQCY:0.358695652173913	SHAAELTA:0.40217391304347827	AFTYLRMN:0.358695652173913	RSHAAELT:0.33695652173913043	LAGENALE:0.22826086956521738	WRFPGIGE:0.22826086956521738	ENALERYD:0.21739130434782608	GEFQCYDK:0.34782608695652173	FPGIGEFQ:0.391304347826087	FQCYDKYM:0.40217391304347827	HAAELTAG:0.391304347826087	RFPGIGEF:0.21739130434782608	PGIGEFQC:0.3804347826086957	AELTAGYY:0.3695652173913043	TRSHAAEL:0.21739130434782608	AAELTAGY:0.391304347826087	LPPWVLEE:0.22826086956521738	AGVEGVMV:0.21739130434782608	KSAGVEGV:0.22826086956521738	QVGMGPCG:0.2717391304347826	PLPPWVLE:0.2391304347826087	GPCGELRY:0.31521739130434784	IPLPPWVL:0.2391304347826087	NPEYISLG:0.22826086956521738	GVEGVMVD:0.2391304347826087	NASLMALK:0.21739130434782608	RNPEYISL:0.22826086956521738	GRRNPEYI:0.21739130434782608	PCGELRYP:0.31521739130434784	DVWWGLVE:0.25	FVMLPLDT:0.20652173913043478	SGRRNPEY:0.2391304347826087	SAGVEGVM:0.2391304347826087	GGNVGDSC:0.33695652173913043	RRNPEYIS:0.21739130434782608	IQVGMGPC:0.20652173913043478	VGMGPCGE:0.2608695652173913	GLKLQVVM:0.2391304347826087	GKVAGIHW:0.2717391304347826	KLQVVMSF:0.22826086956521738	PEYISLGC:0.21739130434782608	LKLQVVMS:0.2391304347826087	MNASLMAL:0.20652173913043478	AMNASLMA:0.20652173913043478	LQVVMSFH:0.22826086956521738	SGKVAGIH:0.20652173913043478	PVLKGRTP:0.20652173913043478	
