cluster number:1
GT77:29	GT77:29
CTMHANCC:0.3103448275862069	RTVEMLRR:0.2413793103448276	NRTVEMLR:0.2413793103448276	STNRTVEM:0.27586206896551724	GIAHLLNH:0.20689655172413793	HLLNHTLI:0.20689655172413793	AVHPHCYL:0.3793103448275862	TVEMLRRW:0.2413793103448276	VIITSVNE:0.27586206896551724	GEGIAHLL:0.20689655172413793	PGSLLDLF:0.41379310344827586	VHPHCYLL:0.3103448275862069	CCIGLENK:0.3103448275862069	TVIITSVN:0.3103448275862069	TNRTVEML:0.3103448275862069	VEMLRRWR:0.20689655172413793	IAHLLNHT:0.20689655172413793	IITSVNEA:0.27586206896551724	AHLLNHTL:0.20689655172413793	VNEAWAAP:0.2413793103448276	SYMTKDYL:0.20689655172413793	IMTSVNEA:0.3448275862068966	TSVNEAWA:0.5172413793103449	QQRVLELG:0.20689655172413793	EAWAAPGS:0.3103448275862069	AMEDRTVI:0.2413793103448276	GLDLSGAK:0.20689655172413793	DRTVIMTS:0.27586206896551724	MEDRTVIM:0.20689655172413793	DLSGAKSY:0.20689655172413793	RVLELGYN:0.20689655172413793	SGAKSYMT:0.20689655172413793	EDRTVIMT:0.2413793103448276	KSYMTKDY:0.20689655172413793	LQQRVLEL:0.20689655172413793	NEAWAAPG:0.3103448275862069	LDLSGAKS:0.20689655172413793	RTVIMTSV:0.2413793103448276	AAPGSLLD:0.3103448275862069	RRAAMEDR:0.20689655172413793	WAAPGSLL:0.27586206896551724	GAKSYMTK:0.20689655172413793	AKSYMTKD:0.20689655172413793	AAMEDRTV:0.20689655172413793	YLDLVWSK:0.3103448275862069	AWAAPGSL:0.3103448275862069	LDLVWSKL:0.20689655172413793	RAAMEDRT:0.20689655172413793	SVNEAWAA:0.41379310344827586	LSGAKSYM:0.20689655172413793	DYLDLVWS:0.3103448275862069	TKDYLDLV:0.20689655172413793	TVIMTSVN:0.27586206896551724	MTSVNEAW:0.3448275862068966	MTKDYLDL:0.20689655172413793	VIMTSVNE:0.27586206896551724	KDYLDLVW:0.2413793103448276	YMTKDYLD:0.20689655172413793	QRVLELGY:0.20689655172413793	GSLLDLFL:0.27586206896551724	YNFLFTDV:0.3103448275862069	ELGYNFLF:0.3103448275862069	LELGYNFL:0.3103448275862069	LGYNFLFT:0.3448275862068966	GYNFLFTD:0.3448275862068966	NFLFTDVD:0.3103448275862069	RCRAVHPH:0.20689655172413793	CRAVHPHC:0.2413793103448276	SSDFYFGD:0.20689655172413793	SDFYFGDP:0.20689655172413793	TSSDFYFG:0.2413793103448276	LDLFLESF:0.20689655172413793	HANCCVGL:0.3448275862068966	TDVDILWF:0.2413793103448276	ANCCVGLG:0.20689655172413793	FLFTDVDI:0.3103448275862069	DVDILWFR:0.2413793103448276	SLLDLFLE:0.20689655172413793	TMHANCCV:0.27586206896551724	DLFLESFR:0.20689655172413793	FTDVDILW:0.27586206896551724	MHANCCVG:0.27586206896551724	LFTDVDIL:0.27586206896551724	APGSLLDL:0.2413793103448276	FRDPFRHI:0.20689655172413793	
