cluster number:13
GT11:12	GT11:12
NSTFSWWV:0.25	KHFIISNS:0.4166666666666667	LGNQLFQY:0.5	IISNSTFS:0.5833333333333334	SNSTFSWW:0.5833333333333334	SGRLGNQL:0.4166666666666667	CKHFIISN:0.4166666666666667	GRLGNQLF:0.5	GNQLFQYA:0.3333333333333333	HFIISNST:0.5	RLGNQLFQ:0.5	QLFQYAFA:0.25	STFSWWVQ:0.25	NQLFQYAF:0.25	FIISNSTF:0.5833333333333334	ISNSTFSW:0.5833333333333334	
