cluster number:29
GT11:11	GT11:11
STFGWWIG:0.45454545454545453	LNRTATFF:0.2727272727272727	MDIRETND:0.36363636363636365	YFSKGDKV:0.2727272727272727	TFGWWIGY:0.45454545454545453	APHSTFGW:0.36363636363636365	GWWIGYFS:0.45454545454545453	VYYMDIRE:0.36363636363636365	WWIGYFSK:0.45454545454545453	HSTFGWWI:0.2727272727272727	WIGYFSKG:0.45454545454545453	PHSTFGWW:0.5454545454545454	RLGNHIFE:0.2727272727272727	YMDIRETN:0.36363636363636365	GYFSKGDK:0.2727272727272727	SKGDKVYY:0.2727272727272727	YYMDIRET:0.36363636363636365	FGWWIGYF:0.45454545454545453	FSKGDKVY:0.2727272727272727	KVYYMDIR:0.36363636363636365	LPHWTPLK:0.36363636363636365	WWMGYFSK:0.2727272727272727	TFGWWMGY:0.45454545454545453	WMGYFSKG:0.2727272727272727	GWWMGYFS:0.2727272727272727	STFGWWMG:0.45454545454545453	FGWWMGYF:0.2727272727272727	HWTPLKFA:0.36363636363636365	HSTFGWWM:0.45454545454545453	IGYFSKGN:0.2727272727272727	GYFSKGNK:0.2727272727272727	SKGNKVYY:0.2727272727272727	YFSKGNKV:0.2727272727272727	YQSWKYFP:0.45454545454545453	FYQSWKYF:0.36363636363636365	QLGNNIFE:0.2727272727272727	WKYFPNMR:0.2727272727272727	YLSSNLAS:0.2727272727272727	KIVLFGDD:0.2727272727272727	ASLYGLSK:0.2727272727272727	QSWKYFPN:0.2727272727272727	SWKYFPNM:0.2727272727272727	
