cluster number:20
GT11:14	GT11:14|2.4.1.69:2
MSLCKNNI:0.21428571428571427	MYLMSLCK:0.35714285714285715	FIIFSDDV:0.21428571428571427	QYAAAYIL:0.42857142857142855	HIRRGDYV:0.5	YAAAYILK:0.2857142857142857	SAIDMYLM:0.21428571428571427	FSAIDMYL:0.21428571428571427	CLFSFYQD:0.35714285714285715	ANSTYSWW:0.9285714285714286	KNNIIANS:0.35714285714285715	NIIANSTY:0.7142857142857143	LMSLCKNN:0.21428571428571427	IIANSTYS:0.7857142857142857	DMYLMSLC:0.5714285714285714	CKNNIIAN:0.35714285714285715	YLMSLCKN:0.21428571428571427	LVLDDSYY:0.2857142857142857	RRGDYVTN:0.5	ACLFSFYQ:0.35714285714285715	LHIRRGDY:0.5	WWGAWLNK:0.21428571428571427	NSTYSWWG:0.8571428571428571	LCKNNIIA:0.21428571428571427	IRRGDYVT:0.5	SLCKNNII:0.21428571428571427	IDMYLMSL:0.35714285714285715	YSWWGAWL:0.6428571428571429	TYSWWGAW:0.6428571428571429	NNIIANST:0.5714285714285714	AAAYILKQ:0.2857142857142857	FQYAAAYI:0.42857142857142855	STYSWWGA:0.7857142857142857	IANSTYSW:0.9285714285714286	MFQYAAAY:0.42857142857142855	SWWGAWLN:0.6428571428571429	ALHIRRGD:0.21428571428571427	AIDMYLMS:0.21428571428571427	VDMYLMSL:0.21428571428571427	SAVDMYLM:0.21428571428571427	KFVFFSDD:0.21428571428571427	AVDMYLMS:0.21428571428571427	PKFVFFSD:0.21428571428571427	SCLSGGLG:0.35714285714285715	TSLHIRRG:0.2857142857142857	GLGNQMFQ:0.5714285714285714	YLMSLCNN:0.21428571428571427	NNNIIANS:0.21428571428571427	AKFHGTLS:0.2857142857142857	CNNNIIAN:0.21428571428571427	LMSLCNNN:0.21428571428571427	NTTSLHIR:0.2857142857142857	HAAKFHGT:0.2857142857142857	GGLGNQMF:0.5714285714285714	KFHGTLSM:0.2857142857142857	MYLMSLCN:0.21428571428571427	MSLCNNNI:0.21428571428571427	CLSGGLGN:0.5	RDLILPLF:0.21428571428571427	SGGLGNQM:0.5	LSGGLGNQ:0.5714285714285714	SLCNNNII:0.21428571428571427	LCNNNIIA:0.21428571428571427	TTSLHIRR:0.2857142857142857	SLHIRRGD:0.2857142857142857	LGNQMFQY:0.5714285714285714	AAKFHGTL:0.2857142857142857	HGTLSMDY:0.21428571428571427	LFSFYQDS:0.21428571428571427	GTLSMDYY:0.21428571428571427	FHGTLSMD:0.21428571428571427	NQMFQYAA:0.35714285714285715	MYSCLSGG:0.21428571428571427	QMFQYAAA:0.35714285714285715	YSCLSGGL:0.21428571428571427	GNQMFQYA:0.42857142857142855	
