cluster number:33
GT11:48	GT11:48
IANSSFSW:0.75	FSWWGAWL:0.8541666666666666	ANSSFSWW:0.8958333333333334	SSFSWWGA:0.8958333333333334	SFSWWGAW:0.8541666666666666	NSSFSWWG:0.8958333333333334	NIIANSSF:0.3541666666666667	HNIIANSS:0.3125	IIANSSFS:0.6666666666666666	SWWGAWLN:0.7708333333333334	GLGNQMFQ:0.7291666666666666	GGLGNQMF:0.6875	LHVRRGDY:0.2708333333333333	SLHVRRGD:0.25	GNQMFQYA:0.6666666666666666	WWGAWLNQ:0.22916666666666666	LGGLGNQM:0.2708333333333333	LGNQMFQY:0.7083333333333334	HIIANSSF:0.20833333333333334	HVRRGDYV:0.2708333333333333	
