cluster number:5
GT11:17	GT11:17
IANSTFSW:0.4117647058823529	AIIANSTF:0.29411764705882354	PHIFVFSN:0.29411764705882354	FLHIRRGD:0.47058823529411764	SVFLHIRR:0.23529411764705882	FSWWAAYL:0.47058823529411764	HAIIANST:0.29411764705882354	VFLHIRRG:0.29411764705882354	ELMRSCQH:0.29411764705882354	LMRSCQHA:0.29411764705882354	MRSCQHAI:0.29411764705882354	LHIRRGDY:0.4117647058823529	HIFVFSND:0.29411764705882354	TFSWWAAY:0.47058823529411764	STFSWWAA:0.47058823529411764	RSCQHAII:0.29411764705882354	QHAIIANS:0.29411764705882354	SWWAAYLI:0.35294117647058826	NSTFSWWA:0.47058823529411764	IRRGDYLQ:0.23529411764705882	HIRRGDYL:0.4117647058823529	ANSTFSWW:0.4117647058823529	MELMRSCQ:0.29411764705882354	CQHAIIAN:0.29411764705882354	EEMELMRS:0.29411764705882354	EMELMRSC:0.29411764705882354	SCQHAIIA:0.29411764705882354	IIANSTFS:0.35294117647058826	GGLGNQMF:0.47058823529411764	LGNQMFIY:0.29411764705882354	GNQMFIYA:0.29411764705882354	GLGNQMFI:0.29411764705882354	
