cluster number:14
GT11:7	GT11:7
IANSTFSW:0.5714285714285714	GNQLFIYA:0.42857142857142855	ARRLALVN:0.42857142857142855	QLDHFNIP:0.2857142857142857	RHYQLDHF:0.2857142857142857	QHFIIANS:0.2857142857142857	IYAAARRL:0.2857142857142857	FIYAAARR:0.2857142857142857	LEGYWQSE:0.2857142857142857	AAARRLAL:0.42857142857142855	YQLDHFNI:0.2857142857142857	KPRGTVYL:0.2857142857142857	HFIIANST:0.2857142857142857	FIIANSTF:0.2857142857142857	YAAARRLA:0.42857142857142855	FSWWGAWL:0.7142857142857143	RGTVYLEG:0.2857142857142857	GTVYLEGY:0.2857142857142857	SEDYFKDI:0.2857142857142857	EDYFKDIE:0.2857142857142857	ANSTFSWW:0.7142857142857143	PRGTVYLE:0.2857142857142857	AAERLEPF:0.2857142857142857	DLWLISQC:0.2857142857142857	LDHFNIPC:0.2857142857142857	IIANSTFS:0.5714285714285714	YLEGYWQS:0.2857142857142857	NSTFSWWG:0.7142857142857143	QLFIYAAA:0.2857142857142857	SWWGAWLG:0.5714285714285714	TFSWWGAW:0.7142857142857143	ATAAERLE:0.2857142857142857	TAAERLEP:0.2857142857142857	LFIYAAAR:0.2857142857142857	GGLGNQLF:0.2857142857142857	TVYLEGYW:0.2857142857142857	STFSWWGA:0.7142857142857143	VYLEGYWQ:0.2857142857142857	HYQLDHFN:0.2857142857142857	LWLISQCQ:0.2857142857142857	CQHFIIAN:0.2857142857142857	WLISQCQH:0.2857142857142857	NQLFIYAA:0.2857142857142857	LGNQLFIY:0.2857142857142857	AARRLALV:0.42857142857142855	DHFNIPCR:0.2857142857142857	WQSENYFK:0.2857142857142857	GGIGNQLF:0.42857142857142855	QSENYFKD:0.2857142857142857	GIGNQLFC:0.2857142857142857	WWGAWLGE:0.42857142857142855	YADLWLMS:0.2857142857142857	IGNQLFCY:0.2857142857142857	GNQLFCYA:0.2857142857142857	AYADLWLM:0.2857142857142857	WGAWLGES:0.2857142857142857	
