cluster number:19
GT11:6	GT11:6
SDDIAWCK:0.3333333333333333	IVIYPKKW:0.3333333333333333	IANSTFSY:0.6666666666666666	IFEYTFYL:0.3333333333333333	VIYPKKWI:0.3333333333333333	STFSYWGA:0.5	QIFEYTFY:0.3333333333333333	GNQIFEYT:0.3333333333333333	IYPKKWIN:0.3333333333333333	IIANSTFS:0.8333333333333334	DDIAWCKE:0.3333333333333333	DIAWCKEN:0.3333333333333333	NIIANSTF:0.5	NSTFSYWG:0.5	FSYWGAYL:0.3333333333333333	YPKKWINA:0.3333333333333333	NPIVIYPK:0.3333333333333333	NQIFEYTF:0.3333333333333333	NNPIVIYP:0.3333333333333333	PIVIYPKK:0.3333333333333333	AKANIIAN:0.3333333333333333	ANIIANST:0.5	FEYTFYLA:0.3333333333333333	FFVFSDDI:0.6666666666666666	KANIIANS:0.3333333333333333	FSDDIAWC:0.3333333333333333	ANSTFSYW:0.6666666666666666	TFSYWGAY:0.3333333333333333	PPTSLKAK:0.3333333333333333	SYWGAYLN:0.3333333333333333	HFFVFSDD:0.3333333333333333	FGGGLGNQ:0.3333333333333333	GGGLGNQI:0.3333333333333333	AYLNKNNP:0.3333333333333333	LGNQIFEY:0.3333333333333333	GAYLNKNN:0.3333333333333333	FVFSDDIE:0.3333333333333333	VFSDDIEW:0.3333333333333333	GGLGNQIF:0.3333333333333333	WGAYLNKN:0.3333333333333333	GLGNQIFE:0.3333333333333333	DMYLMSQC:0.3333333333333333	
