cluster number:32
GT11:17	GT11:17
GLGNQMFQ:0.5294117647058824	FSWWAAWL:0.6470588235294118	SYIDMQLM:0.23529411764705882	NQMFQYAF:0.23529411764705882	NSSFSWWA:0.7058823529411765	YIDMQLMS:0.23529411764705882	SSFSWWAA:0.7058823529411765	SFSWWAAW:0.6470588235294118	GGLGNQMF:0.5294117647058824	ANSSFSWW:0.7647058823529411	GNQMFQYA:0.47058823529411764	LGGLGNQM:0.23529411764705882	SWWAAWLN:0.6470588235294118	LGNQMFQY:0.4117647058823529	IANSSFSW:0.5294117647058824	HIRRGDYL:0.35294117647058826	NIIANSSF:0.29411764705882354	IIANSSFS:0.5294117647058824	VHIRRGDY:0.35294117647058826	HNIIANSS:0.23529411764705882	SVHIRRGD:0.35294117647058826	VSVHIRRG:0.35294117647058826	SVSVHIRR:0.29411764705882354	
