cluster number:34
GT11:32	GT11:32|2.4.1.69:1|GT6:1
SSFSWWGA:0.78125	NSSFSWWG:0.8125	HIIANSSF:0.40625	IHIRRGDY:0.3125	SIHIRRGD:0.21875	HHIIANSS:0.375	IANSSFSW:0.75	ANSSFSWW:0.78125	GLGNQLFQ:0.5625	GGLGNQLF:0.46875	IIANSSFS:0.6875	HIRRGDYV:0.28125	RHHIIANS:0.25	CRHHIIAN:0.21875	FSWWGAWL:0.59375	SFSWWGAW:0.5625	SWWGAWLN:0.4375	LGNQLFQY:0.53125	GNQLFQYA:0.46875	NIIANSSF:0.21875	WWGAWLNP:0.21875	
