cluster number:6
GH152:65	GH152:65
SLVDGYNL:0.5384615384615384	VSLVDGYN:0.7692307692307693	CPRAYSYA:0.4461538461538462	DFYDVSLV:0.7076923076923077	RAYSYAYD:0.4	ACKSACEA:0.24615384615384617	PATLAEFT:0.5692307692307692	VACKSACE:0.2153846153846154	NACPRAYS:0.23076923076923078	LVDGYNLP:0.47692307692307695	AYSYAYDD:0.7692307692307693	CKSACEAF:0.3076923076923077	PRAYSYAY:0.4	FKNACPRA:0.23076923076923078	GAAPPATL:0.3076923076923077	AAPPATLA:0.27692307692307694	VDGYNLPM:0.26153846153846155	YDVSLVDG:0.7076923076923077	KNACPRAY:0.23076923076923078	FYDVSLVD:0.7076923076923077	YTVWPGIL:0.2	APPATLAE:0.35384615384615387	ACPRAYSY:0.4461538461538462	PPATLAEF:0.5076923076923077	DVSLVDGY:0.7692307692307693	ATGDCGSG:0.2	CATGDCGS:0.2	RSACEAFG:0.2	EFTLDGSG:0.2	CRSACEAF:0.23076923076923078	FTLDGSGG:0.2	ACRSACEA:0.2	LDFYDVSL:0.3230769230769231	GLDFYDVS:0.23076923076923078	ATLAEFTL:0.5076923076923077	YAYDDPTS:0.3076923076923077	SYAYDDPT:0.3076923076923077	AYDDPTSI:0.2153846153846154	YSYAYDDP:0.3384615384615385	TLAEFTLD:0.27692307692307694	LAEFTLDG:0.27692307692307694	CATGDCGG:0.2	
