cluster number:1
GH152:12	GH152:12
ARTGCNFT:0.25	CETGDCDG:0.5833333333333334	SLVDGYNL:0.4166666666666667	VSLVDGYN:0.6666666666666666	DGRLACNG:0.4166666666666667	YVHNKCPF:0.25	ETGDCDGR:0.5	ACKSACLA:0.5833333333333334	VDGYNLPV:0.5	DCDGRLAC:0.4166666666666667	KPNFYDVS:0.3333333333333333	CKPSVYSK:0.3333333333333333	NGLIGTPP:0.4166666666666667	CDGRLACN:0.4166666666666667	VACKSACL:0.5833333333333334	WARTGCNF:0.5833333333333334	GDCDGRLA:0.4166666666666667	IWPATAPN:0.3333333333333333	CKSACLAF:0.75	PNFYDVSL:0.3333333333333333	NFYDVSLV:0.3333333333333333	LVDGYNLP:0.4166666666666667	CNGLIGTP:0.4166666666666667	YDVSLVDG:0.6666666666666666	FYDVSLVD:0.3333333333333333	PVIADGGF:0.25	IWARTGCN:0.4166666666666667	TGDCDGRL:0.5	APNTGHPV:0.25	ACNGLIGT:0.4166666666666667	PACETGDC:0.3333333333333333	GRLACNGL:0.4166666666666667	LACNGLIG:0.4166666666666667	KCKPSVYS:0.3333333333333333	DVSLVDGY:0.6666666666666666	ACETGDCD:0.5	RIWARTGC:0.6666666666666666	RLACNGLI:0.4166666666666667	GRIWARTG:0.6666666666666666	NIPVSVTP:0.25	DGYNIPVS:0.3333333333333333	GLIGTPPA:0.25	CPFPIWPA:0.3333333333333333	PFPIWPAT:0.3333333333333333	TPPATLVE:0.25	LIGTPPAT:0.25	NWKPACET:0.25	PPATLVEV:0.4166666666666667	NKCPFPIW:0.3333333333333333	PNYFSYAF:0.25	PATLVEVS:0.4166666666666667	VSVTPKIT:0.25	FPIWPATA:0.25	ATLVEVSL:0.4166666666666667	YNIPVSVT:0.25	PSVYSKIF:0.25	GTPPATLV:0.25	LVDGYNIP:0.25	FCCRNAYG:0.25	SLVDGYNI:0.25	NYFSYAFD:0.25	IADGGFYL:0.25	KCPFPIWP:0.3333333333333333	PKITNPKC:0.25	KPSVYSKI:0.25	KSACLAFD:0.5	PIWPATAP:0.25	WKPACETG:0.25	TPKITNPK:0.25	VDGYNIPV:0.3333333333333333	GYNIPVSV:0.3333333333333333	IGTPPATL:0.25	SVYSKIFK:0.25	NGRIWART:0.3333333333333333	HNKCPFPI:0.3333333333333333	DRFCCRNA:0.25	IPVSVTPK:0.25	SVTPKITN:0.25	RFCCRNAY:0.25	SNWKPACE:0.25	PVSVTPKI:0.25	ACPNYFSY:0.25	KPACETGD:0.25	CPNYFSYA:0.25	VTPKITNP:0.25	VVACKSAC:0.5	VYSKIFKD:0.25	SKIFKDAC:0.25	KIFKDACP:0.25	SGRIWART:0.25	EYIITFCP:0.3333333333333333	WSGRIWAR:0.25	YSKIFKDA:0.25	SACLAFDN:0.25	DGYNLPVA:0.3333333333333333	ACLAFDND:0.25	GYNLPVAV:0.3333333333333333	ACPAYYSY:0.25	KGSSYDVS:0.25	DCEGRLAC:0.25	TFCPSRWG:0.25	AFCCRGAY:0.25	CPPELQVT:0.25	YIITFCPS:0.25	GCLTGDCE:0.25	AFGLDAFC:0.25	CPAYYSYA:0.25	NAVCPPEL:0.25	CLAFGLDA:0.25	CLTGDCEG:0.25	DAFCCRGA:0.25	FGLDAFCC:0.25	LDAFCCRG:0.25	FCPSRWGD:0.25	PAYYSYAY:0.25	EGRLACNG:0.25	LVEVSLHE:0.25	GAPPATLV:0.25	AYYSYAYD:0.25	ACLAFGLD:0.25	GRLACNGS:0.25	VEVSLHED:0.25	TGDCEGRL:0.25	APPATLVE:0.25	TLVEVSLH:0.25	LTGDCEGR:0.25	GDCEGRLA:0.25	CEGRLACN:0.25	GLDAFCCR:0.25	AVCPPELQ:0.25	CPFPVWPA:0.25	SACLAFGL:0.25	VCPPELQV:0.25	DACPAYYS:0.25	LAFGLDAF:0.25	
