cluster number:0
GT35:3869	GT35:3869|2.4.1.1:40|GH77:6
KRIHEYKR:0.4306022227965883	IPAADLSE:0.22848281209614887	IQLNDTHP:0.4300852933574567	DAALGNGG:0.22227965882657016	HTLLPEAL:0.29490824502455415	ASGTGNMK:0.6407340398035668	GNGGLGRL:0.9464978030498837	ALGNGGLG:0.41974670457482555	EYKRQLLN:0.32101318170069787	DLSEQIST:0.2801757560093047	LSEQISTA:0.2837942620832256	YTNHTLLP:0.26234169035926597	HEYKRQLL:0.33445334711811836	RIHEYKRQ:0.43034375807702246	IHEYKRQL:0.3295425174463686	AADLSEQI:0.30938226932023777	AALGNGGL:0.22460584130266217	LGNGGLGR:0.9377100025846472	TLLPEALE:0.2954251744636857	EASGTGNM:0.6407340398035668	TNHTLLPE:0.2641509433962264	ADLSEQIS:0.3150684931506849	GLGRLAAC:0.8503489273714138	PAADLSEQ:0.3119669165158956	NHTLLPEA:0.26208322563970016	SEQISTAG:0.49573533212716464	LGRLAACF:0.7642801757560093	GGLGRLAA:0.8705091754975446	NGGLGRLA:0.9428792969759627	AIQLNDTH:0.22176272938743863	LAACFLDS:0.4701473248901525	GLGNGGLG:0.4179374515378651	GTLDGANV:0.4892737141380202	NGALTIGT:0.43111915223571984	TNGVTPRR:0.3096407340398036	SGTSNMKF:0.28637890927888343	TIGTLDGA:0.3579736365986043	RLAACFLD:0.47583354872059963	AGTEASGT:0.21168260532437322	GRLAACFL:0.4799689842336521	ALTIGTLD:0.311449987076764	LTIGTLDG:0.31610235202894804	SMEFLIGR:0.23571982424399068	NGVTPRRW:0.256397001809253	PGLGNGGL:0.23080899457224088	IGTLDGAN:0.37787542000516927	ASGTSNMK:0.31325924011372447	GALTIGTL:0.311449987076764	EASGTSNM:0.31325924011372447	TLDGANVE:0.4998707676402171	FNNKTNGI:0.20883949340914965	KEASGTGN:0.46937193073145517	QIKRLHEY:0.24295683639183252	KRLHEYKR:0.3117084517963298	IKRLHEYK:0.24760920134401654	GKEASGTG:0.32618247609201345	STAGKEAS:0.28741276815714656	ISTAGKEA:0.2806926854484363	EQISTAGK:0.271646420263634	RLHEYKRQ:0.3117084517963298	QISTAGKE:0.28120961488756785	AGKEASGT:0.36572757818557766	TAGKEASG:0.28741276815714656	NNKTNGIT:0.20341173429826828	SGTGNMKF:0.40217110364435255	LDGANVEI:0.33677952959421037	GTGNMKFM:0.2520031015766348	ACFLDSMA:0.2005686223830447	AACFLDSM:0.2021194107004394	NGITPRRW:0.29620056862238303	VNGVAALH:0.2587231842853451	NVTNGITP:0.20496252261566297	TNGITPRR:0.29749289222021197	GAKAAPGY:0.24502455414835875	FGAKAAPG:0.23830447143964847	QLNDTHPT:0.209614887567847	VTNGITPR:0.2057379167743603	HEYKRQHL:0.23003360041354354	DGANVEIA:0.21219953476350478	TFAYTNHT:0.2393383303179116	FAYTNHTL:0.20237787542000518	LNGALTIG:0.3279917291289739	ALNGALTI:0.22589816490049108	QVKRIHEY:0.21891961747221506	VKRIHEYK:0.24709227190488497	ELRLRQEY:0.2005686223830447	LRLRQEYF:0.21375032308089945	NMKFALNG:0.21219953476350478	MKFALNGA:0.20418712845696563	
