cluster number:2
GT35:806	GT35:806|GT3:40|2.4.1.1:4
FARRFATY:0.4652605459057072	GLGILAGD:0.4032258064516129	VFTTHTPV:0.36724565756823824	GFARRFAT:0.45037220843672454	LPIYSGGL:0.315136476426799	LGILAGDH:0.24937965260545905	IFAGKAHP:0.2531017369727047	TIGFARRF:0.40198511166253104	GGLGILAG:0.4119106699751861	FTTHTPVP:0.4739454094292804	RRFATYKR:0.5459057071960298	TTHTPVPA:0.47270471464019853	THTPVPAG:0.4640198511166253	ARRFATYK:0.4652605459057072	IGFARRFA:0.45037220843672454	YSGGLGIL:0.3436724565756824	SGGLGILA:0.31389578163771714	LTIGFARR:0.44292803970223327	IYSGGLGI:0.2667493796526055	PIYSGGLG:0.3684863523573201	RFATYKRA:0.48759305210918114	ASGTSGMK:0.5471464019851117	EASGTSGM:0.5459057071960298	GLGVLAGD:0.3535980148883375	SGTSGMKA:0.44292803970223327	NLSVLDGW:0.20471464019851116	YSGGLGVL:0.30893300248138955	LSVLDGWW:0.23200992555831265	GGLGVLAG:0.3511166253101737	SGGLGVLA:0.2816377171215881	GTSGMKAA:0.36600496277915634	TPVPAGHD:0.38213399503722084	HTPVPAGH:0.38461538461538464	WLNNPRRP:0.24069478908188585	RPLEASGT:0.3424317617866005	LEASGTSG:0.40694789081885857	PLEASGTS:0.40198511166253104	AGKAHPAD:0.28287841191067	FAGKAHPA:0.22332506203473945	
