cluster number:4
GT35:43	GT35:43|2.4.1.1:1
IIHTPGPW:0.3023255813953488	HTPGPWGH:0.4883720930232558	GGLGVLEG:0.6744186046511628	LGVLEGDK:0.6744186046511628	GWEACGTS:0.20930232558139536	GLGVLEGD:0.6744186046511628	AGGLGVLE:0.6976744186046512	DLLLFTPF:0.20930232558139536	IHTPGPWG:0.32558139534883723	YAGGLGVL:0.3953488372093023	TPGPWGHP:0.4883720930232558	GILEGDKF:0.23255813953488372	DLQEAYTA:0.2558139534883721	EGDKFYAA:0.5116279069767442	TPFSGWEA:0.6976744186046512	LGILEGDK:0.27906976744186046	GLGILEGD:0.27906976744186046	AGGLGILE:0.27906976744186046	GGLGILEG:0.27906976744186046	IDLQEAYT:0.20930232558139536	FTPFSGWE:0.7209302325581395	ILEGDKFY:0.23255813953488372	TFTPFSGW:0.3023255813953488	LEGDKFYA:0.6046511627906976	NGWLFGED:0.4883720930232558	VLEGDKFY:0.4883720930232558	LFTPFSGW:0.4186046511627907	GVLEGDKF:0.5116279069767442	YKRPDFIL:0.20930232558139536	NGVPSIAS:0.3023255813953488	EGIVVSKK:0.2558139534883721	SRDGAVPE:0.20930232558139536	FMKAGING:0.3953488372093023	GIVVSKKM:0.3023255813953488	TSFMKAGI:0.3953488372093023	IIHTPAPW:0.20930232558139536	YRIIIHTP:0.20930232558139536	GTSFMKAG:0.5116279069767442	PFSGWEAS:0.5116279069767442	GYNGWLFG:0.2558139534883721	HTPAPWGH:0.46511627906976744	SFMKAGIN:0.3953488372093023	EIPRWRHP:0.20930232558139536	YTVITLFY:0.2558139534883721	SGTSFMKA:0.6511627906976745	DGYNGWLF:0.2558139534883721	EASGTSFM:0.7209302325581395	GVPSIASR:0.3023255813953488	APWGHPTF:0.3953488372093023	TPAPWGHP:0.46511627906976744	KAGINGVP:0.3953488372093023	INGVPSIA:0.3023255813953488	PSIASRDG:0.32558139534883723	VEIPRWRH:0.20930232558139536	GWLFGEDR:0.3953488372093023	YEVGYNAY:0.20930232558139536	PWGHPTFP:0.2558139534883721	FSGWEASG:0.5116279069767442	WEASGTSF:0.6976744186046512	FAGGLGIL:0.20930232558139536	SDIWTFTP:0.20930232558139536	IASRDGAV:0.27906976744186046	VPSIASRD:0.32558139534883723	PAPWGHPT:0.3953488372093023	GWEASGTS:0.6976744186046512	WGHPTFPS:0.20930232558139536	SIASRDGA:0.3488372093023256	KRPDFILR:0.20930232558139536	GINGVPSI:0.20930232558139536	MKAGINGV:0.3953488372093023	SGWEASGT:0.5581395348837209	ASRDGAVP:0.20930232558139536	IVVSKKML:0.23255813953488372	ASGTSFMK:0.7209302325581395	AGINGVPS:0.32558139534883723	IHTPAPWG:0.37209302325581395	YNGWLFGE:0.27906976744186046	DLQEAYTV:0.20930232558139536	GDKFYAAA:0.27906976744186046	FYAAARLG:0.27906976744186046	DKFYAAAR:0.27906976744186046	PSVASRDG:0.23255813953488372	SVASRDGA:0.23255813953488372	VASRDGAV:0.2558139534883721	KFYAAARL:0.27906976744186046	GVPSVASR:0.20930232558139536	ARLGVPYT:0.23255813953488372	LGVPYTVI:0.20930232558139536	RLGVPYTV:0.20930232558139536	NGVPSVAS:0.20930232558139536	AAARLGVP:0.23255813953488372	VPYTVITL:0.20930232558139536	AARLGVPY:0.23255813953488372	FILGGRAH:0.2558139534883721	YAAARLGV:0.2558139534883721	VPSVASRD:0.20930232558139536	ILGGRAHP:0.2558139534883721	GVPYTVIT:0.20930232558139536	FAGGLGVL:0.3023255813953488	WLFTPFSG:0.2558139534883721	NFAGGLGV:0.20930232558139536	
