cluster number:74
GT26:6	GT26:6
RVCQGIGG:0.6666666666666666	EKNFSVPR:0.3333333333333333	VWVDPVDM:0.3333333333333333	VGRSNGFV:0.3333333333333333	ELMEEICR:0.3333333333333333	IVGRSNGF:0.3333333333333333	LFLALGSP:0.6666666666666666	IPDGIGVV:0.5	VCQGIGGT:0.5	GVELMEEI:0.3333333333333333	PGVELMEE:0.3333333333333333	IGGTLDTI:0.5	SPRQEKWF:0.3333333333333333	RQKVLPLF:0.5	QLTTVRVC:0.3333333333333333	RVPGVELM:0.5	CQGIGGTL:0.5	GGTLDTIA:0.3333333333333333	FAVNPEKN:0.3333333333333333	GSPRQEKW:0.3333333333333333	QGIGGTLD:0.6666666666666666	TLDTIAGT:0.3333333333333333	ALGSPRQE:0.5	PEKNFSVP:0.6666666666666666	KNFSVPRD:0.3333333333333333	GIGGTLDT:0.5	VPGVELME:0.5	GTLDTIAG:0.3333333333333333	LALGSPRQ:0.5	LGSPRQEK:0.3333333333333333	VNPEKNFS:0.3333333333333333	KVLPLFAL:0.3333333333333333	FLALGSPR:0.5	QKVLPLFA:0.3333333333333333	NPEKNFSV:0.6666666666666666	VELMEEIC:0.3333333333333333	TVRVCQGI:0.5	VRVCQGIG:0.5	LTTVRVCQ:0.3333333333333333	LMEEICRL:0.3333333333333333	TTVRVCQG:0.3333333333333333	LDTIAGTV:0.3333333333333333	LEWLYRLL:0.3333333333333333	NLEWLYRL:0.3333333333333333	AVNPEKNF:0.3333333333333333	LIPDGIGV:0.5	VVLAARLL:0.3333333333333333	LAARLLHR:0.3333333333333333	DLLIPDGI:0.3333333333333333	YGAREEVS:0.3333333333333333	RLLHRARL:0.3333333333333333	GVVLAARL:0.3333333333333333	PDGIGVVL:0.3333333333333333	AEWLYRLL:0.3333333333333333	ADLLIPDG:0.3333333333333333	IGVVLAAR:0.3333333333333333	LYRLLSEP:0.3333333333333333	ILFLALGS:0.5	VLAARLLH:0.3333333333333333	DGIGVVLA:0.3333333333333333	GIGVVLAA:0.3333333333333333	LLIPDGIG:0.3333333333333333	WLYRLLSE:0.3333333333333333	AARLLHRA:0.3333333333333333	EWLYRLLS:0.3333333333333333	ARLLHRAR:0.3333333333333333	LLPDGIGM:0.3333333333333333	LPDGIGMV:0.3333333333333333	SPKQEKWF:0.3333333333333333	LGSPKQEK:0.3333333333333333	ALGSPKQE:0.5	GSPKQEKW:0.3333333333333333	
