cluster number:60
GT26:19	GT26:19
LVTNTLFV:0.2631578947368421	GAGTVWVS:0.21052631578947367	VERINASG:0.21052631578947367	CNAHSVVT:0.21052631578947367	LWRRYLVT:0.21052631578947367	RRYLVTNT:0.21052631578947367	TVWVSLGC:0.2631578947368421	RINGPDLM:0.5789473684210527	SRYVCICN:0.3157894736842105	FDYHAGTL:0.21052631578947367	WRRYLVTN:0.21052631578947367	RINASGAG:0.21052631578947367	SGAGTVWV:0.3684210526315789	PRRLWRRY:0.42105263157894735	AFDYHAGT:0.5789473684210527	RESRYVCI:0.2631578947368421	NGPDLMWR:0.2631578947368421	RYLVTNTL:0.3684210526315789	GAAFDYHA:0.631578947368421	SEPRRLWR:0.3684210526315789	AAFDYHAG:0.631578947368421	AGTVWVSL:0.21052631578947367	IGVGAAFD:0.631578947368421	VGAAFDYH:0.631578947368421	RLCSEPRR:0.2631578947368421	WVSLGCPK:0.3684210526315789	VWVSLGCP:0.3157894736842105	AVMIGVGA:0.42105263157894735	GVGAAFDY:0.631578947368421	ASGAGTVW:0.3157894736842105	RRLWRRYL:0.42105263157894735	GTVWVSLG:0.21052631578947367	PDLMWRYC:0.21052631578947367	VMIGVGAA:0.47368421052631576	QRINGPDL:0.3684210526315789	INASGAGT:0.3157894736842105	YLVTNTLF:0.3684210526315789	GPDLMWRY:0.21052631578947367	RAPLWMQR:0.21052631578947367	SLGCPKQE:0.42105263157894735	INGPDLMW:0.42105263157894735	ERINASGA:0.21052631578947367	EPRRLWRR:0.42105263157894735	VSLGCPKQ:0.42105263157894735	QQRINGPD:0.3684210526315789	LCSEPRRL:0.2631578947368421	CSEPRRLW:0.2631578947368421	MIGVGAAF:0.631578947368421	NASGAGTV:0.3157894736842105	ESRYVCIC:0.2631578947368421	ICNAHSVV:0.21052631578947367	RLWRRYLV:0.2631578947368421	CNVHSVVT:0.2631578947368421	TPDGAPVA:0.47368421052631576	SEPRRLWK:0.3157894736842105	PDGAPVAW:0.5789473684210527	RYVCICNV:0.2631578947368421	LWKRYLVT:0.21052631578947367	VGVGAAFD:0.21052631578947367	EPRRLWKR:0.3684210526315789	VCICNVHS:0.2631578947368421	WKRYLVTN:0.21052631578947367	NVHSVVTA:0.3157894736842105	FDYHAGTI:0.3157894736842105	CICNVHSV:0.21052631578947367	ICNVHSVV:0.21052631578947367	RRLWKRYL:0.21052631578947367	YVCICNVH:0.2631578947368421	PRRLWKRY:0.3684210526315789	RLWKRYLV:0.21052631578947367	GAPVAWML:0.3157894736842105	RLASEPRR:0.2631578947368421	GPDLMLRY:0.21052631578947367	APVAWMLR:0.3157894736842105	EADMATPD:0.2631578947368421	MATPDGAP:0.42105263157894735	YSPPFRAL:0.21052631578947367	HRLASEPR:0.2631578947368421	ADMATPDG:0.3157894736842105	GLGCPKQE:0.42105263157894735	IAGAYSPP:0.2631578947368421	LASEPRRL:0.2631578947368421	VGLGCPKQ:0.42105263157894735	VWVGLGCP:0.3157894736842105	ATPDGAPV:0.3157894736842105	DGAPVAWM:0.42105263157894735	ASEPRRLW:0.2631578947368421	PDLMLRYC:0.21052631578947367	GAYSPPFR:0.21052631578947367	DMATPDGA:0.42105263157894735	WVGLGCPK:0.3157894736842105	GLEWLHRL:0.3684210526315789	PVAWMLRR:0.2631578947368421	SPPFRALT:0.2631578947368421	AAFDFHAG:0.21052631578947367	AWMLRRLG:0.3157894736842105	GVGAAFDF:0.2631578947368421	GAAFDFHA:0.21052631578947367	VGAAFDFH:0.2631578947368421	VAWMLRRL:0.21052631578947367	LGCPKQEL:0.2631578947368421	GCPKQELW:0.2631578947368421	NAVMIGVG:0.21052631578947367	PKQELWMA:0.21052631578947367	CPKQELWM:0.2631578947368421	HRLCSEPR:0.21052631578947367	QERINGPD:0.21052631578947367	
