cluster number:88
GT26:15	GT26:15
LGAPKQEK:0.6	YICVSNVH:0.3333333333333333	IGLGAPKQ:0.4	GFDYYAGN:0.2	WIGLGAPK:0.4	AGFDYYAG:0.26666666666666666	CVSNVHTT:0.3333333333333333	GVGAGFDY:0.5333333333333333	AGMYSPPF:0.26666666666666666	GLMIGVGA:0.2	MIGVGAGF:0.4	NVHTTVTS:0.2	FDYYAGNI:0.2	GMYSPPFR:0.3333333333333333	VSNVHTTV:0.3333333333333333	VGAGFDYY:0.3333333333333333	GAPKQEKW:0.6	ICVSNVHT:0.3333333333333333	GLGAPKQE:0.8666666666666667	GAGFDYYA:0.3333333333333333	IAGMYSPP:0.26666666666666666	SNVHTTVT:0.26666666666666666	APKQEKWM:0.6	VWIGLGAP:0.2	LMIGVGAG:0.26666666666666666	IGVGAGFD:0.4	PEAERVTG:0.2	IWVGLGAP:0.26666666666666666	LQDPKRLF:0.2	RVTGPDLM:0.3333333333333333	KRLFKRYL:0.2	KHGFPEAE:0.2	QKLSLEWL:0.2	KLSLEWLY:0.2	LSLEWLYR:0.26666666666666666	YRLLQDPK:0.2	HGFPEAER:0.2	GFPEAERV:0.2	DPKRLFKR:0.3333333333333333	LRGKYICV:0.2	ERVTGPDL:0.3333333333333333	LFARDNGL:0.2	MQKLSLEW:0.2	AGFDYHAG:0.2	VGAGFDYH:0.2	SLEWLYRL:0.4666666666666667	RLLQDPKR:0.2	IAGMVSPP:0.2	PKRLFKRY:0.3333333333333333	NVHTTVMA:0.2	GAGFDYHA:0.2	LLQDPKRL:0.2	QDPKRLFK:0.3333333333333333	AGNIKRAP:0.26666666666666666	WMQKLSLE:0.2	FPEAERVT:0.2	WVGLGAPK:0.3333333333333333	NASGADII:0.2	AERVTGPD:0.3333333333333333	EAERVTGP:0.26666666666666666	LPDGGPLS:0.2	ASGADIIW:0.2	VGLGAPKQ:0.4666666666666667	GAPKQEIW:0.2	LGAPKQEI:0.2	LMQDPKRL:0.2	PKQEKWMF:0.2	LPDGKPLS:0.2	LYRLMQDP:0.2	YRLMQDPK:0.2	EWLYRLMQ:0.26666666666666666	LEWLYRLM:0.26666666666666666	RLMQDPKR:0.2	WLYRLMQD:0.2	SPPFRALS:0.2	YSPPFRAL:0.2	MYSPPFRA:0.2	
