cluster number:71
GT26:62	GT26:62|GT4:1
LGAPKQEK:0.20967741935483872	APKQEKWI:0.5	AIGATIDF:0.3387096774193548	IFLAIGAT:0.3387096774193548	KRLWKRYL:0.41935483870967744	ATIDFEAG:0.5645161290322581	WMSEVGLE:0.20967741935483872	IKIFLLGA:0.3548387096774194	IGATIDFE:0.3709677419354839	PNVDHLMK:0.25806451612903225	GAPKQEKW:0.6129032258064516	GATIDFEA:0.5806451612903226	CEPKRLWK:0.20967741935483872	TPNVDHLM:0.3064516129032258	FLAIGATI:0.46774193548387094	KIFLAIGA:0.27419354838709675	GLGAPKQE:0.22580645161290322	EPKRLWKR:0.46774193548387094	LAIGATID:0.3225806451612903	PKRLWKRY:0.46774193548387094	NVDHLMKL:0.25806451612903225	VVFTPNVD:0.3387096774193548	KEKISGSD:0.3548387096774194	IKEKISGS:0.2903225806451613	VGAPKQEK:0.4032258064516129	GVGAPKQE:0.6774193548387096	TIDFEAGN:0.2903225806451613	GTPIKEKI:0.24193548387096775	TPIKEKIS:0.22580645161290322	RLWKRYLI:0.24193548387096775	IGVGAPKQ:0.46774193548387094	PIKEKISG:0.2903225806451613	VFTPNVDH:0.5483870967741935	FTPNVDHL:0.43548387096774194	LGTPIKEK:0.24193548387096775	YSPPFGFE:0.2903225806451613	GVVFTPNV:0.3548387096774194	AIGVGAPK:0.3225806451612903	VLAIGVGA:0.3225806451612903	ISGSDLFP:0.5967741935483871	GSDLFPAF:0.6451612903225806	LAIGVGAP:0.3225806451612903	ATVLAIGV:0.2903225806451613	SDLFPAFY:0.6290322580645161	TVLAIGVG:0.2903225806451613	EKISGSDL:0.6935483870967742	KISGSDLF:0.5967741935483871	VDHLMKLQ:0.22580645161290322	SGSDLFPA:0.6129032258064516	ADYRVCDS:0.20967741935483872	GATVLAVG:0.20967741935483872	SGATVLAV:0.20967741935483872	GGVVFTPN:0.20967741935483872	RLWKRYLV:0.3064516129032258	QEKISGSD:0.2903225806451613	PIQEKISG:0.22580645161290322	GLEWLYRL:0.2903225806451613	IQEKISGS:0.22580645161290322	HSPSFGFE:0.2903225806451613	SPSFGFEK:0.24193548387096775	AHSPSFGF:0.24193548387096775	VGVGAPKQ:0.20967741935483872	
