cluster number:96
GT26:6	GT26:6
RASFDYSS:0.3333333333333333	CGGFLTQT:0.6666666666666666	GGFLTQTS:0.5	DVVLVGMG:0.3333333333333333	LVGMGTPY:0.5	IKPDYYHP:0.3333333333333333	FLTQTSIK:0.5	VVLVGMGT:0.3333333333333333	QTSIKPDY:0.3333333333333333	TSIKPDYY:0.3333333333333333	TCGGFLTQ:0.6666666666666666	TRASFDYS:0.3333333333333333	KITRASFD:0.3333333333333333	LGLRWLQR:0.8333333333333334	ITCGGFLT:0.3333333333333333	GMGTPYQE:0.5	ASFDYSSI:0.3333333333333333	SFVNPFSY:0.5	SFDYSSIA:0.5	ITRASFDY:0.3333333333333333	VLVGMGTP:0.3333333333333333	FSDGALLC:0.5	HKHVRDRV:0.3333333333333333	LTQTSIKP:0.3333333333333333	GFLTQTSI:0.5	KLGLRWLQ:0.8333333333333334	GLRWLQRM:0.3333333333333333	LRWLQRMV:0.3333333333333333	ISFVNPFS:0.5	SIKPDYYH:0.3333333333333333	TQTSIKPD:0.3333333333333333	KKLGLRWL:0.8333333333333334	VGMGTPYQ:0.5	PLVKKLGL:0.5	HPLVKKLG:0.5	VKKLGLRW:0.6666666666666666	YYHPLVKK:0.5	YHPLVKKL:0.5	DYYHPLVK:0.5	LVKKLGLR:0.5	RWLQRAVL:0.3333333333333333	LQRAVLHK:0.3333333333333333	GLRWLQRA:0.5	RAVLHKHV:0.3333333333333333	AVLHKHVR:0.3333333333333333	QRAVLHKH:0.3333333333333333	VLHKHVRQ:0.3333333333333333	LRWLQRAV:0.3333333333333333	VTFVNPFS:0.3333333333333333	SFDFSSIA:0.3333333333333333	WLQRAVLH:0.3333333333333333	TFVNPFSY:0.5	LHKHVRQR:0.3333333333333333	FTCGGFLT:0.3333333333333333	FVNPFSYY:0.3333333333333333	FSDGSLLT:0.3333333333333333	
