cluster number:108
GT26:31	GT26:31
GLGCPKQE:0.6451612903225806	VGLGCPKQ:0.6451612903225806	GLEWLYRL:0.41935483870967744	GAAFDFHA:0.3548387096774194	AFDFHAGT:0.3225806451612903	AAFDFHAG:0.3548387096774194	FDFHAGTV:0.2903225806451613	VGAAFDFH:0.41935483870967744	VVAANVHV:0.22580645161290322	YVVAANVH:0.22580645161290322	AAFSFHSG:0.22580645161290322	YGPDLMLA:0.45161290322580644	TPDGMPLV:0.5806451612903226	WRRYLINN:0.22580645161290322	RLWRRYLI:0.22580645161290322	VYGPDLML:0.6129032258064516	AALVTPDG:0.25806451612903225	PDLMLAWC:0.2903225806451613	GPDLMLAW:0.2903225806451613	LVTPDGMP:0.2903225806451613	VMIGVGAA:0.25806451612903225	RRYLINNP:0.22580645161290322	GAAFSFHS:0.22580645161290322	ALVTPDGM:0.25806451612903225	VTPDGMPL:0.3548387096774194	GVGAAFSF:0.25806451612903225	VGAAFSFH:0.22580645161290322	RVYGPDLM:0.6451612903225806	LWRRYLIN:0.22580645161290322	MIGVGAAF:0.25806451612903225	AVLLGVGA:0.22580645161290322	VHMVMTGY:0.22580645161290322	LGVGAAFD:0.2903225806451613	FHAGTVSQ:0.25806451612903225	DFHAGTVS:0.25806451612903225	HMVMTGYW:0.22580645161290322	LLGVGAAF:0.22580645161290322	PKQEKWMA:0.22580645161290322	TTPDGMPL:0.22580645161290322	GAKLVFVG:0.22580645161290322	IANVHMVM:0.22580645161290322	FVGLGCPK:0.5806451612903226	SGAKLVFV:0.22580645161290322	LVFVGLGC:0.2903225806451613	GVGAAFDF:0.41935483870967744	PDGMPLVW:0.5483870967741935	QSGAKLVF:0.22580645161290322	AKLVFVGL:0.22580645161290322	ANVHMVMT:0.22580645161290322	GMPLVWGL:0.5161290322580645	HAGTVSQA:0.22580645161290322	LGLEWLYR:0.2903225806451613	RLWKRYLI:0.22580645161290322	NVHMVMTG:0.22580645161290322	YGSRPETL:0.22580645161290322	AGTVSQAP:0.22580645161290322	KLVFVGLG:0.22580645161290322	DGMPLVWG:0.5161290322580645	VFVGLGCP:0.5161290322580645	MPLVWGLR:0.4838709677419355	VLLGVGAA:0.22580645161290322	AIANVHMV:0.22580645161290322	AANVHVVM:0.41935483870967744	RLLQEPRR:0.3225806451612903	GLEWLFRL:0.22580645161290322	LLQEPRRL:0.3225806451612903	VAANVHVV:0.3548387096774194	LVWGLRLL:0.2903225806451613	NVHVVMTG:0.22580645161290322	VWGLRLLG:0.2903225806451613	PLVWGLRL:0.2903225806451613	ANVHVVMT:0.3548387096774194	LQEPRRLW:0.25806451612903225	EPRRLWKR:0.25806451612903225	QEPRRLWK:0.25806451612903225	PRRLWKRY:0.25806451612903225	
