cluster number:112
GT26:6	GT26:6
LFVSLGCP:0.3333333333333333	AGKIKRAP:0.3333333333333333	ILFVSLGC:0.3333333333333333	VCPDGMPL:0.3333333333333333	PRRLWRRY:0.3333333333333333	QILFVSLG:0.3333333333333333	PDGMPLVW:0.5	PKQEIWMS:0.3333333333333333	DIVCPDGM:0.3333333333333333	FVSLGCPK:0.3333333333333333	NLKIGLYG:0.3333333333333333	IVCPDGMP:0.3333333333333333	LGCPKQEI:0.3333333333333333	GCPKQEIW:0.3333333333333333	CPDGMPLV:0.3333333333333333	ADIVCPDG:0.3333333333333333	CFANVHMN:0.3333333333333333	SLGCPKQE:0.3333333333333333	EPRRLWRR:0.3333333333333333	VSLGCPKQ:0.3333333333333333	CPKQEIWM:0.3333333333333333	EPRRLFKR:0.5	PFRELTEE:0.3333333333333333	RELTEEEE:0.3333333333333333	FRELTEEE:0.3333333333333333	PRRLFKRY:0.5	MEPRRLFK:0.3333333333333333	LGCPKQEK:0.3333333333333333	RRLFKRYF:0.5	PPFRELTE:0.3333333333333333	ELTEEEEE:0.3333333333333333	LMEPRRLF:0.3333333333333333	RLFKRYFI:0.3333333333333333	LFKRYFID:0.3333333333333333	VCLGCPKQ:0.3333333333333333	CLGCPKQE:0.3333333333333333	
