cluster number:39
GT26:7	GT26:7
YLLGAKPG:0.5714285714285714	LGAKPGVA:0.5714285714285714	GAKPGVAE:0.42857142857142855	PGVAEEAA:0.2857142857142857	KPGVAEEA:0.2857142857142857	GVAEEAAA:0.2857142857142857	LLGAKPGV:0.5714285714285714	AKPGVAEE:0.2857142857142857	LNGTDLVP:0.5714285714285714	NLNGTDLV:0.5714285714285714	SVYLLGAK:0.5714285714285714	VYLLGAKP:0.42857142857142855	MADRVSFL:0.42857142857142855	GGLFDFVA:0.2857142857142857	WRLAMEPN:0.2857142857142857	WLWRLAME:0.42857142857142855	ANAHTMVT:0.2857142857142857	LAMEPNRL:0.2857142857142857	DRVSFLNT:0.42857142857142855	RLAMEPNR:0.2857142857142857	ADRVSFLN:0.42857142857142855	DLLLADGS:0.42857142857142855	AARPHLLL:0.42857142857142855	MGVPLQEI:0.42857142857142855	MGVGGLFD:0.2857142857142857	DFVAERVP:0.2857142857142857	AERVPRAP:0.2857142857142857	EIWINQYA:0.2857142857142857	LNTNFDRM:0.2857142857142857	VPLQEIWI:0.42857142857142855	LPGITCMG:0.42857142857142855	YYANAHTM:0.2857142857142857	AMGVPLQE:0.42857142857142855	AMEPNRLW:0.2857142857142857	GMEWLWRL:0.42857142857142855	PGITCMGV:0.42857142857142855	EWLWRLAM:0.42857142857142855	TCMGVGGL:0.2857142857142857	VAERVPRA:0.2857142857142857	IAGTQHGY:0.42857142857142855	LVAMGVPL:0.42857142857142855	VSFLNTNF:0.2857142857142857	LLADGSGV:0.42857142857142855	CMGVGGLF:0.2857142857142857	TDLVPSLC:0.2857142857142857	VAMGVPLQ:0.42857142857142855	DLVPSLCK:0.2857142857142857	SFLNTNFD:0.2857142857142857	NGTDLVPS:0.2857142857142857	RVSFLNTN:0.2857142857142857	LWRLAMEP:0.42857142857142855	NAHTMVTA:0.42857142857142855	LLLADGSG:0.42857142857142855	LLVAMGVP:0.42857142857142855	NTNFDRMS:0.2857142857142857	GVGGLFDF:0.2857142857142857	QEIWINQY:0.2857142857142857	LFDFVAER:0.2857142857142857	IWINQYAS:0.2857142857142857	MEWLWRLA:0.42857142857142855	GITCMGVG:0.42857142857142855	ARPHLLLV:0.42857142857142855	AGTQHGYF:0.42857142857142855	GVPLQEIW:0.42857142857142855	FDFVAERV:0.2857142857142857	FVAERVPR:0.2857142857142857	YANAHTMV:0.2857142857142857	PHLLLVAM:0.42857142857142855	GLFDFVAE:0.2857142857142857	GTDLVPSL:0.2857142857142857	LLLVAMGV:0.42857142857142855	RPHLLLVA:0.42857142857142855	IRAARPHL:0.42857142857142855	HNLNGTDL:0.2857142857142857	ITCMGVGG:0.2857142857142857	GTQHGYFS:0.2857142857142857	FLNTNFDR:0.2857142857142857	LQEIWINQ:0.2857142857142857	SDLLLADG:0.42857142857142855	PLQEIWIN:0.2857142857142857	RAARPHLL:0.42857142857142855	HLLLVAMG:0.42857142857142855	VGGLFDFV:0.2857142857142857	VIAGTQHG:0.2857142857142857	ADGSGVRW:0.2857142857142857	GSGVRWGS:0.2857142857142857	YPGLVIAG:0.2857142857142857	GVGALLDF:0.2857142857142857	RWGSALLG:0.2857142857142857	KKAYPGLV:0.2857142857142857	AIRAARPH:0.2857142857142857	SALLGTPL:0.2857142857142857	PGLVIAGT:0.2857142857142857	AHTMVTAA:0.2857142857142857	VGMEWLWR:0.2857142857142857	GSALLGTP:0.2857142857142857	DGSGVRWG:0.2857142857142857	RYLIGNLV:0.2857142857142857	YLIGNLVF:0.2857142857142857	ALLGTPLV:0.2857142857142857	VRWGSALL:0.2857142857142857	KAYPGLVI:0.2857142857142857	GVRWGSAL:0.2857142857142857	WGSALLGT:0.2857142857142857	EAIRAARP:0.2857142857142857	LEAIRAAR:0.2857142857142857	SGVRWGSA:0.2857142857142857	LADGSGVR:0.2857142857142857	GLVIAGTQ:0.2857142857142857	AYPGLVIA:0.2857142857142857	LVIAGTQH:0.2857142857142857	LIGNLVFL:0.2857142857142857	LKKAYPGL:0.2857142857142857	LSVYLLGA:0.42857142857142855	
