cluster number:115
GT26:7	GT26:7
RLFLLGAK:0.2857142857142857	LGGSLDVF:0.42857142857142855	GVVERAPE:0.2857142857142857	LDVFAGVV:0.2857142857142857	GPVVEEIR:0.2857142857142857	GSLDVFAG:0.42857142857142855	AGVVERAP:0.2857142857142857	VFVCLGAP:0.42857142857142855	FAGVVERA:0.2857142857142857	LGAKPGVA:0.7142857142857143	FDDLTLEE:0.2857142857142857	FVCLGAPK:0.42857142857142855	DVLGVGFD:0.2857142857142857	GAKPGVAE:0.8571428571428571	KEPKRIGR:0.2857142857142857	ILGRPLKG:0.2857142857142857	APKQELWM:0.2857142857142857	GLEWLYRL:0.2857142857142857	DDLTLEEA:0.2857142857142857	LGAPKQEL:0.2857142857142857	LFLLGAKP:0.2857142857142857	GLGGSLDV:0.42857142857142855	LGVGFDDL:0.2857142857142857	GVGFDDLT:0.2857142857142857	DGPVVEEI:0.2857142857142857	VCLGAPKQ:0.5714285714285714	EHGPATGA:0.2857142857142857	VGFDDLTL:0.2857142857142857	GTHDGYFR:0.2857142857142857	DVFAGVVE:0.2857142857142857	KILGRPLK:0.2857142857142857	GGSLDVFA:0.42857142857142855	LLGAKPGV:0.8571428571428571	GFDDLTLE:0.2857142857142857	FLLGAKPG:0.42857142857142855	EDGPVVEE:0.2857142857142857	GAPKQELW:0.2857142857142857	VFAGVVER:0.2857142857142857	CLGAPKQE:0.5714285714285714	SLDVFAGV:0.2857142857142857	LVLPDGIG:0.2857142857142857	YLLGAKPG:0.42857142857142855	ADLVLPDG:0.2857142857142857	AKPGVAEA:0.5714285714285714	YVVTPNPE:0.2857142857142857	LYLLGAKP:0.42857142857142855	LPDGIGVI:0.42857142857142855	RLYLLGAK:0.2857142857142857	PGVAEAAA:0.42857142857142855	GADLVLPD:0.2857142857142857	KPGVAEAA:0.5714285714285714	NGADLVLP:0.2857142857142857	DLVLPDGI:0.2857142857142857	KRLYLLGA:0.2857142857142857	VLPDGIGV:0.42857142857142855	IGRMMKLP:0.2857142857142857	RIGRMMKL:0.2857142857142857	
