cluster number:53
GT26:13	GT26:13
GVGGSFDV:0.9230769230769231	VKVFQGVG:0.5384615384615384	FQGVGGSF:0.6923076923076923	KVFQGVGG:0.5384615384615384	SPRQELWI:0.46153846153846156	GLEWLYRL:0.38461538461538464	LGLEWLYR:0.3076923076923077	QGVGGSFD:0.8461538461538461	GSPRQELW:0.46153846153846156	VFQGVGGS:0.6923076923076923	ATYQIPDG:0.38461538461538464	AKENLEAK:0.23076923076923078	PRQELWIR:0.23076923076923078	FLYGAKEE:0.46153846153846156	VTDPKRFK:0.23076923076923078	TDPKRFKR:0.3076923076923077	DVFAGHVK:0.23076923076923078	AGYMNGYV:0.23076923076923078	GSFDVFAG:0.38461538461538464	IIAVNPEK:0.46153846153846156	IPDGIGVV:0.38461538461538464	STIIAVNP:0.46153846153846156	LADIEKRM:0.23076923076923078	YDDILADI:0.23076923076923078	YGAKEEVV:0.46153846153846156	KGYRVFLY:0.3076923076923077	YRVFLYGA:0.3076923076923077	KSTIIAVN:0.23076923076923078	YMNGYVND:0.23076923076923078	VFLYGAKE:0.46153846153846156	GYMNGYVN:0.23076923076923078	AGHVKRAP:0.23076923076923078	KENLEAKY:0.23076923076923078	TIIAVNPE:0.46153846153846156	KEEVVKKA:0.23076923076923078	LASKLKGG:0.38461538461538464	GIDLMERL:0.23076923076923078	QELWIRAH:0.23076923076923078	QIPDGIGV:0.3076923076923077	ENLEAKYP:0.23076923076923078	LASRVTGI:0.23076923076923078	VLASKLKG:0.3076923076923077	EVVKKAKE:0.23076923076923078	PDGIGVVL:0.3076923076923077	RAPKLFRT:0.23076923076923078	NPEKVIAA:0.3076923076923077	VVKKAKEN:0.23076923076923078	VNPEKVIA:0.3076923076923077	RVTGIDLM:0.23076923076923078	TGIDLMER:0.23076923076923078	RQELWIRA:0.23076923076923078	PKRFKRQL:0.3076923076923077	DDILADIE:0.23076923076923078	IAVNPEKV:0.46153846153846156	KRQLALPK:0.38461538461538464	LVTDPKRF:0.23076923076923078	ASRVTGID:0.23076923076923078	RLVTDPKR:0.23076923076923078	IDLMERLI:0.23076923076923078	VTGIDLME:0.23076923076923078	TYQIPDGI:0.3076923076923077	LGVYVSTL:0.23076923076923078	KKAKENLE:0.23076923076923078	AVNPEKVI:0.38461538461538464	VFAGHVKR:0.23076923076923078	GAKEEVVK:0.23076923076923078	LFVALGSP:0.5384615384615384	LYGAKEEV:0.46153846153846156	FDVFAGHV:0.23076923076923078	FVALGSPR:0.38461538461538464	ALGSPRQE:0.46153846153846156	KEQYLGVY:0.23076923076923078	LGSPRQEL:0.38461538461538464	VKKAKENL:0.23076923076923078	IGVVLASK:0.3076923076923077	YLGVYVST:0.23076923076923078	VVLASKLK:0.3076923076923077	QYLGVYVS:0.23076923076923078	VGGSFDVF:0.5384615384615384	GHVKRAPK:0.23076923076923078	DGIGVVLA:0.3076923076923077	GIGVVLAS:0.3076923076923077	MNGYVNDD:0.23076923076923078	CIAGYMNG:0.23076923076923078	NVKVFQGV:0.23076923076923078	KAKENLEA:0.23076923076923078	KRFKRQLA:0.3076923076923077	ILADIEKR:0.23076923076923078	GVVLASKL:0.3076923076923077	VKRAPKLF:0.3076923076923077	GGSFDVFA:0.38461538461538464	DLMERLIA:0.23076923076923078	EEVVKKAK:0.23076923076923078	LCIAGYMN:0.23076923076923078	ASKLKGGR:0.23076923076923078	LNVKVFQG:0.23076923076923078	SRVTGIDL:0.23076923076923078	VALGSPRQ:0.46153846153846156	FAGHVKRA:0.23076923076923078	EQYLGVYV:0.23076923076923078	HVKRAPKL:0.23076923076923078	QLALPKFL:0.3076923076923077	SFDVFAGH:0.23076923076923078	GYRVFLYG:0.3076923076923077	YQIPDGIG:0.3076923076923077	RQLALPKF:0.38461538461538464	RVFLYGAK:0.3076923076923077	IAGYMNGY:0.23076923076923078	RFKRQLAL:0.38461538461538464	DPKRFKRQ:0.3076923076923077	FKRQLALP:0.38461538461538464	KRAPKLFR:0.3076923076923077	LALPKFLW:0.3076923076923077	YRLVTDPK:0.23076923076923078	AKEEVVKK:0.23076923076923078	ILFVALGS:0.23076923076923078	PKFLWKVL:0.23076923076923078	LPKFLWKV:0.23076923076923078	ALPKFLWK:0.23076923076923078	SRVTGVDM:0.23076923076923078	ITSRVTGV:0.23076923076923078	SPKQELWI:0.38461538461538464	RVTGVDMM:0.3076923076923077	QSTIIAVN:0.23076923076923078	TSRVTGVD:0.23076923076923078	GSPKQELW:0.38461538461538464	PKQELWIR:0.23076923076923078	VALGSPKQ:0.3076923076923077	LGSPKQEL:0.3076923076923077	FVALGSPK:0.3076923076923077	ALGSPKQE:0.3076923076923077	
