cluster number:116
GT26:14	GT26:14
MDIAAFLF:0.2857142857142857	LFFANTNF:0.5714285714285714	IVNDGVGM:0.5714285714285714	LFDFWGGY:0.2857142857142857	KKTIPIAG:0.2857142857142857	VLVALGNP:0.42857142857142855	VALGNPMQ:0.21428571428571427	IPIAGFPV:0.2857142857142857	WLYRLCLE:0.42857142857142855	GVGMDIAA:0.5	ALFDFWGG:0.2857142857142857	LEWLYRLC:0.5	LCLEPRRL:0.35714285714285715	AGFPVVKT:0.21428571428571427	FKENLNGT:0.35714285714285715	VGALFDFW:0.6428571428571429	GNPMQEEW:0.21428571428571427	RLCLEPRR:0.35714285714285715	KKITLFFA:0.2857142857142857	ALGNPMQE:0.21428571428571427	GVGALFDF:0.6428571428571429	SVTIVNDG:0.42857142857142855	DGVGMDIA:0.5714285714285714	VVLVALGN:0.21428571428571427	KENLNGTD:0.35714285714285715	VTIVNDGV:0.42857142857142855	RRLLRRYT:0.42857142857142855	NLNGTDFI:0.35714285714285715	NDGVGMDI:0.5714285714285714	NTKKTIPI:0.2857142857142857	RLRLEWLY:0.21428571428571427	DFWGGYKP:0.2857142857142857	GGYKPRAP:0.2857142857142857	MNTKKTIP:0.2857142857142857	LGNPMQEE:0.21428571428571427	PMQEEWIL:0.21428571428571427	TIPIAGFP:0.2857142857142857	GMDIAAFL:0.2857142857142857	WGGYKPRA:0.2857142857142857	VQRLRLEW:0.21428571428571427	IAGFPVVK:0.21428571428571427	NKKITLFF:0.2857142857142857	LNGTDFIP:0.35714285714285715	LYRLCLEP:0.42857142857142855	EPRRLLRR:0.42857142857142855	FWGGYKPR:0.2857142857142857	GFPVVKTT:0.21428571428571427	ITLFFANT:0.2857142857142857	KITLFFAN:0.2857142857142857	KTIPIAGF:0.2857142857142857	NPMQEEWI:0.21428571428571427	LVALGNPM:0.21428571428571427	VGVGALFD:0.21428571428571427	TLFFANTN:0.42857142857142855	LEPRRLLR:0.35714285714285715	YRLCLEPR:0.35714285714285715	FANTNFIV:0.7142857142857143	PIAGFPVV:0.2857142857142857	FFANTNFI:0.5714285714285714	TIVNDGVG:0.42857142857142855	VGMDIAAF:0.2857142857142857	EWLYRLCL:0.42857142857142855	PRRLLRRY:0.42857142857142855	GALFDFWG:0.2857142857142857	VNDGVGMD:0.5714285714285714	AFKENLNG:0.35714285714285715	TKKTIPIA:0.2857142857142857	LVQRLRLE:0.21428571428571427	ENLNGTDF:0.5	FDFWGGYK:0.2857142857142857	RLEWLYRL:0.5	CLEPRRLL:0.35714285714285715	LRLEWLYR:0.2857142857142857	VVGSCDGY:0.35714285714285715	FLLLCRKY:0.21428571428571427	VVGTCDGY:0.21428571428571427	FDFWSGDK:0.21428571428571427	SGDKPRAP:0.21428571428571427	PRAPRLVQ:0.21428571428571427	EEWILANR:0.2857142857142857	FWSGDKPR:0.21428571428571427	KFLLLCRK:0.21428571428571427	GALFDFWS:0.35714285714285715	VVIGVGAL:0.2857142857142857	HLLDKMKN:0.21428571428571427	LFDFWSGD:0.21428571428571427	IGVGALFD:0.2857142857142857	WILANRQA:0.21428571428571427	ILANRQAL:0.21428571428571427	NTNFIVQC:0.42857142857142855	WSGDKPRA:0.21428571428571427	DKPRAPRL:0.21428571428571427	GDKPRAPR:0.21428571428571427	DFWSGDKP:0.21428571428571427	QEEWILAN:0.2857142857142857	ALFDFWSG:0.35714285714285715	KPRAPRLV:0.21428571428571427	VIGVGALF:0.2857142857142857	ANTNFIVQ:0.42857142857142855	EWILANRQ:0.2857142857142857	RLLRRYTV:0.21428571428571427	LLRRYTVD:0.21428571428571427	IVLVALGN:0.21428571428571427	LRRYTVDI:0.21428571428571427	YKPRAPQL:0.21428571428571427	PRAPQLVQ:0.21428571428571427	GYKPRAPQ:0.21428571428571427	KPRAPQLV:0.21428571428571427	FYRLCLEP:0.21428571428571427	NLNGTDFT:0.35714285714285715	GTDFTPYL:0.21428571428571427	LNGTDFTP:0.35714285714285715	EWFYRLCL:0.21428571428571427	RMEWFYRL:0.21428571428571427	NGTDFTPY:0.21428571428571427	WFYRLCLE:0.21428571428571427	LLVAMGNP:0.21428571428571427	MEWFYRLC:0.21428571428571427	GVGALLDF:0.21428571428571427	GALLDFLA:0.21428571428571427	PGIAQRAA:0.21428571428571427	IATWLVHR:0.21428571428571427	ANTNFIVK:0.21428571428571427	VGALLDFL:0.21428571428571427	VLVAMGNP:0.21428571428571427	DIATWLVH:0.21428571428571427	ALLDFLAG:0.21428571428571427	LDFLAGDK:0.21428571428571427	KPGIAQRA:0.21428571428571427	LLDFLAGD:0.21428571428571427	DFIPQLLS:0.21428571428571427	NGTDFIPQ:0.21428571428571427	TDFIPQLL:0.21428571428571427	GTDFIPQL:0.21428571428571427	
