cluster number:101
GT26:15	GT26:15
VPERVTGI:0.3333333333333333	LEWLGRLI:0.26666666666666666	LLFVALGA:0.3333333333333333	ADLVTPDG:0.3333333333333333	GGSLDVIA:0.26666666666666666	LDVIAGRV:0.26666666666666666	GWRIFLLG:0.2	DLLFVALG:0.2	GSLDVIAG:0.26666666666666666	EGWRIFLL:0.2	LFVALGAP:0.3333333333333333	RWRRMLVL:0.2	SLDVIAGR:0.26666666666666666	PVPERVTG:0.3333333333333333	ERVTGIDL:0.6	WRRMLVLP:0.2	PERVTGID:0.4666666666666667	LVTPDGTG:0.2	PDGTGIVW:0.2	DGTGIVWA:0.2	TPDGTGIV:0.2	VTPDGTGI:0.2	LLGAAPGV:0.4666666666666667	AAPGVAEE:0.2	APGVAEEA:0.2	ALGAPKQE:0.2	MGVGGSFD:0.26666666666666666	GAAPGVAE:0.4	VGGSFDVI:0.26666666666666666	FLLGAAPG:0.2	FDVIAGRV:0.2	VALGAPKQ:0.2	FVALGAPK:0.2	RVTGIDLM:0.6	PGVAEEAA:0.3333333333333333	VTGIDLML:0.4666666666666667	IFLLGAAP:0.2	VAMGVGGS:0.2	ADLVTADG:0.2	LGAAPGVA:0.4666666666666667	GGSFDVIA:0.2	GSFDVIAG:0.2	SFDVIAGR:0.2	GVGGSFDV:0.4	GVGGSLDV:0.4	MGVGGSLD:0.4	AGTHHGYF:0.2	IGVVLASR:0.2	PDGIGVVL:0.2	HLLFVALG:0.26666666666666666	QKLNLEWL:0.2	DGIGVVLA:0.2	GIGVVLAS:0.2	EWLYRLLS:0.2	PHLLFVAL:0.26666666666666666	LEWLYRLL:0.2	PEYLYRAQ:0.26666666666666666	QLEWLGRL:0.2	LNPEYLYR:0.26666666666666666	VTLNPEYL:0.2	VSMGVGGS:0.2	NPEYLYRA:0.26666666666666666	LLFVALGM:0.26666666666666666	QLVLPKFA:0.26666666666666666	ALGMPRQE:0.2	LFVALGMP:0.26666666666666666	PVSMGVGG:0.2	EWLGRLIK:0.2	LQLEWLGR:0.2	FVALGMPR:0.2	RQLVLPKF:0.26666666666666666	TLNPEYLY:0.26666666666666666	LGRLIKEP:0.2	VALGMPRQ:0.2	VPVSMGVG:0.2	LGMPRQEQ:0.2	VGGSLDVI:0.2	WLGRLIKE:0.2	YLLGAAPG:0.26666666666666666	VYLLGAAP:0.26666666666666666	GIDLMLNL:0.2	RRQLVLPK:0.2	RWRRQLVL:0.2	WRRQLVLP:0.2	TGIDLMLN:0.2	AMGVGGSL:0.2	
