cluster number:61
GT26:21	GT26:21
FAIGLQRR:0.3333333333333333	NVDHVVRL:0.5238095238095238	IVVTPNVD:0.23809523809523808	FLCVGMPK:0.3333333333333333	VWASRLLG:0.42857142857142855	GMPVVWAS:0.2857142857142857	PRRLWRRY:0.8095238095238095	MLLGGMPG:0.23809523809523808	PNVDHVVR:0.5714285714285714	DLFVALCR:0.23809523809523808	WRRYLVDD:0.42857142857142855	VTPNVDHV:0.5714285714285714	VFLCVGMP:0.3333333333333333	TPNVDHVV:0.6190476190476191	DFIFADGM:0.2857142857142857	AAMEFAIG:0.42857142857142855	VGAAMEFA:0.5714285714285714	ADFIFADG:0.2857142857142857	AIGLQRRA:0.3333333333333333	IGLQRRAP:0.3333333333333333	RRLWRRYL:0.6666666666666666	LCVGMPKQ:0.3333333333333333	PDVVFLCV:0.23809523809523808	LEWLWRLA:0.23809523809523808	ADGMPVVW:0.2857142857142857	RRYLVDDP:0.3333333333333333	DVVFLCVG:0.23809523809523808	SNPRRLWR:0.2857142857142857	KQENWALH:0.2857142857142857	EWLWRLAS:0.23809523809523808	RLASNPRR:0.2857142857142857	CVGAAMEF:0.5714285714285714	IFADGMPV:0.3333333333333333	VVFLCVGM:0.23809523809523808	GMPKQENW:0.3333333333333333	RLWRRYLV:0.5238095238095238	LCVGAAME:0.47619047619047616	GLEWLWRL:0.3333333333333333	VMLLGGMP:0.23809523809523808	LWRRYLVD:0.47619047619047616	FADGMPVV:0.2857142857142857	WLWRLASN:0.23809523809523808	DGMPVVWA:0.2857142857142857	WRLASNPR:0.2857142857142857	MEFAIGLQ:0.38095238095238093	VDHVVRLD:0.3333333333333333	MPVVWASR:0.2857142857142857	VGMPKQEN:0.23809523809523808	LWRLASNP:0.23809523809523808	VVTPNVDH:0.6666666666666666	LASNPRRL:0.2857142857142857	FIFADGMP:0.38095238095238093	PKQENWAL:0.2857142857142857	MPKQENWA:0.2857142857142857	DHVVRLDA:0.3333333333333333	EFAIGLQR:0.3333333333333333	ASNPRRLW:0.2857142857142857	LLCVGAAM:0.23809523809523808	CVGMPKQE:0.3333333333333333	VVWASRLL:0.23809523809523808	NPRRLWRR:0.42857142857142855	AMEFAIGL:0.38095238095238093	GAAMEFAI:0.42857142857142855	LDIAAVSF:0.23809523809523808	GMPLVWAS:0.2857142857142857	ADGMPLVW:0.2857142857142857	EPRRLWRR:0.2857142857142857	MPLVWASR:0.2857142857142857	PLPERVTG:0.3333333333333333	DGMPLVWA:0.2857142857142857	PERVTGAD:0.23809523809523808	RVVVTPNV:0.23809523809523808	RVTGADLF:0.2857142857142857	VVVTPNVD:0.2857142857142857	VLCVGAAM:0.23809523809523808	GIVLCVGA:0.23809523809523808	IVLCVGAA:0.23809523809523808	GGIVLCVG:0.23809523809523808	ERVTGADL:0.23809523809523808	LPERVTGA:0.23809523809523808	ARVVVTPN:0.2857142857142857	
