cluster number:62
GT26:30	GT26:30
RYLLEPWF:0.43333333333333335	PTPPRWMG:0.7333333333333333	GACMDYVA:0.3	GMGMPRQE:0.8666666666666667	RRYLLEPW:0.4	RLWRRYLL:0.4	LWRRYLLE:0.4	WRRYLLEP:0.4	VAGAIPTP:0.3	MGMPRQEH:0.43333333333333335	RWMGRMGL:0.2	TPPRWMGR:0.4666666666666667	GFPMKREQ:0.2	YLGSKPGV:0.4666666666666667	YLLEPWFL:0.2	MGRMGLEW:0.2	MKREQRVT:0.26666666666666666	LHSLYLFH:0.2	LGFPMKRE:0.2	ANHNLHSL:0.43333333333333335	LMVGMGMP:0.5333333333333333	KPHVLMVG:0.2	GKLLGFPM:0.2	FPMKREQR:0.2	PMKREQRV:0.26666666666666666	YKPHVLMV:0.2	GAIPTPPR:0.4	GSKPGVAE:0.4	DYVAGAIP:0.3	REQRVTYA:0.4666666666666667	PRWMGRMG:0.2	NAILTSGA:0.2	YVAGAIPT:0.3	IPTPPRWM:0.43333333333333335	FIGKLLGF:0.2	AIPTPPRW:0.4	LLGFPMKR:0.2	NHNLHSLY:0.4	WIIANHNL:0.5	LFLREIWS:0.2	NLHSLYLF:0.2	GLEWLYRL:0.6	MVGMGMPR:0.5333333333333333	VLMVGMGM:0.3333333333333333	EQRVTYAD:0.5	IGKLLGFP:0.3	TLFLREIW:0.2	GMPRQEHW:0.43333333333333335	AGAIPTPP:0.4	PHVLMVGM:0.3333333333333333	KWIIANHN:0.4666666666666667	MPRQEHWI:0.43333333333333335	KLLGFPMK:0.2	HVLMVGMG:0.3333333333333333	MGLEWLYR:0.23333333333333334	KKWIIANH:0.23333333333333334	LGSKPGVA:0.4	WMGRMGLE:0.2	PPRWMGRM:0.2	KREQRVTY:0.4666666666666667	QRVTYADW:0.5	ALSIPELN:0.36666666666666664	AILTSGAC:0.2	FYLGSKPG:0.5333333333333333	VDALSIPE:0.3333333333333333	IANHNLHS:0.43333333333333335	VGMGMPRQ:0.7333333333333333	IIANHNLH:0.43333333333333335	PGVAEQGA:0.2	HNLHSLYL:0.43333333333333335	LEWLYRLL:0.23333333333333334	DALSIPEL:0.36666666666666664	QVDALSIP:0.2	ACIDYVAG:0.2	YRLLSEPK:0.2	YADWVWPL:0.36666666666666664	GWRVFYLG:0.36666666666666664	TYADWVWP:0.36666666666666664	SLYLFHND:0.2	VTYADWVW:0.43333333333333335	TSGACIDY:0.2	ILTSGACI:0.2	NTILTSGA:0.2	TNTILTSG:0.2	WRVFYLGS:0.4	PKRLWRRY:0.4	GACIDYVA:0.2	HSLYLFHN:0.2	WVWPLMAE:0.26666666666666666	GVQVDALS:0.2	ADWVWPLM:0.36666666666666664	VFYLGSKP:0.4	SGACIDYV:0.2	TILTSGAC:0.2	LLSEPKRL:0.2	VWPLMAEA:0.26666666666666666	VQVDALSI:0.2	TPPRWMGK:0.3333333333333333	HTNTILTS:0.2	LTSGACID:0.2	WPLMAEAA:0.3	LSEPKRLW:0.2	RVFYLGSK:0.36666666666666664	IACAHGYI:0.23333333333333334	SEPKRLWR:0.36666666666666664	ACAHGYID:0.2	RVTYADWV:0.4666666666666667	CIDYVAGA:0.2	KRLWRRYL:0.4	LGVQVDAL:0.2	EPKRLWRR:0.4	DWVWPLMA:0.26666666666666666	KGWRVFYL:0.23333333333333334	RLLSEPKR:0.2	LEWLYRLF:0.2	HIDGMPLV:0.3	KMRAFYAK:0.23333333333333334	SGACMDYV:0.23333333333333334	ACMDYVAG:0.26666666666666666	MRAFYAKA:0.23333333333333334	PRQEHWIL:0.23333333333333334	ILMVGMGM:0.2	PHILMVGM:0.23333333333333334	TSGACMDY:0.2	MGMPRQEY:0.23333333333333334	MPRQEYWI:0.23333333333333334	LTSGACMD:0.2	GMPRQEYW:0.23333333333333334	ILTSGACM:0.2	KLLGFPLK:0.2	ENLATLAA:0.2	LATLAAIN:0.2	GKLLGFPL:0.2	NLATLAAI:0.2	
