cluster number:50
GT26:26	GT26:26
VGGSFDVI:0.34615384615384615	IAGYRNGY:0.5384615384615384	SFDVIAGK:0.3076923076923077	RVAGIDLM:0.34615384615384615	EPKRMWKR:0.23076923076923078	GYRNGYFK:0.23076923076923078	MGVGGSFD:0.8846153846153846	PERVAGID:0.23076923076923078	FDVIAGKT:0.2692307692307692	AGYRNGYF:0.5769230769230769	SPKKEIFL:0.23076923076923078	QEPKRMWK:0.23076923076923078	AGKTKRAP:0.23076923076923078	IMGVGGSF:0.23076923076923078	ERVAGIDL:0.3076923076923077	GGSFDVIA:0.3076923076923077	GSFDVIAG:0.3076923076923077	GVGGSFDV:0.8846153846153846	EPRRMWKR:0.23076923076923078	PRRMWKRY:0.23076923076923078	WFYRFIQE:0.3076923076923077	NADGQSIV:0.38461538461538464	FIQEPRRM:0.23076923076923078	GLEWFYRF:0.5769230769230769	VMGVGGSF:0.38461538461538464	FVMGVGGS:0.38461538461538464	RFIQEPRR:0.23076923076923078	LEWFYRFI:0.3076923076923077	PFVMGVGG:0.3076923076923077	FYRFIQEP:0.3076923076923077	IINADGQS:0.23076923076923078	YRFIQEPR:0.23076923076923078	EWFYRFIQ:0.3076923076923077	INADGQSI:0.34615384615384615	VPFVMGVG:0.3076923076923077	PERVTGID:0.2692307692307692	QEPRRMWK:0.23076923076923078	ADGQSIVW:0.4230769230769231	DGQSIVWA:0.3076923076923077	RMWKRYLV:0.2692307692307692	MWKRYLVG:0.23076923076923078	WKRYLVGN:0.23076923076923078	LFVAISSP:0.23076923076923078	IIAGYRNG:0.2692307692307692	GSFDVVAG:0.34615384615384615	GGSFDVVA:0.34615384615384615	VGGSFDVV:0.5	SSPKKEIF:0.23076923076923078	VVNAAKLV:0.23076923076923078	
