cluster number:90
GT26:17	GT26:17
LFLLAGKP:0.4117647058823529	VLYIGFGM:0.23529411764705882	LLAGKPGV:0.5882352941176471	FGVLLGAK:0.4117647058823529	FKPDVLYI:0.23529411764705882	VSLFLLAG:0.47058823529411764	VFLPLGAC:0.8823529411764706	FLLAGKPG:0.4117647058823529	PDYIENLA:0.29411764705882354	NQFKPDVL:0.23529411764705882	SLFLLAGK:0.47058823529411764	PLGACLDF:0.9411764705882353	KVFLPLGA:0.47058823529411764	QFKPDVLY:0.23529411764705882	DGFGVLLG:0.4117647058823529	MPLQERWI:0.6470588235294118	INQFKPDV:0.23529411764705882	AKVFLPLG:0.29411764705882354	PLQERWIL:0.4117647058823529	VNIRGMNF:0.23529411764705882	GACLDFYT:0.8235294117647058	GFGVLLGA:0.4117647058823529	HRMTCPDY:0.7058823529411765	GFGMPLQE:0.8235294117647058	GVLLGAKL:0.29411764705882354	TCPDYIEN:0.29411764705882354	GMPLQERW:0.6470588235294118	DVLYIGFG:0.23529411764705882	PDVLYIGF:0.23529411764705882	LPLGACLD:0.8823529411764706	CPDYIENL:0.29411764705882354	VFCDGFGV:0.7058823529411765	LVFCDGFG:0.6470588235294118	YIGFGMPL:0.5294117647058824	DLVFCDGF:0.5294117647058824	FGMPLQER:0.6470588235294118	CDGFGVLL:0.5294117647058824	FCDGFGVL:0.7058823529411765	ADLVFCDG:0.4117647058823529	IGFGMPLQ:0.5294117647058824	GLEWLSRL:0.23529411764705882	KPDVLYIG:0.23529411764705882	NIRGMNFA:0.23529411764705882	MTCPDYIE:0.7058823529411765	INAKVFLP:0.23529411764705882	LYIGFGMP:0.5294117647058824	LGACLDFY:0.9411764705882353	NVSLFLLA:0.35294117647058826	RMTCPDYI:0.7058823529411765	FLPLGACL:0.8823529411764706	NAKVFLPL:0.23529411764705882	ILYIGFGM:0.29411764705882354	GKPGVVDK:0.23529411764705882	HRMTAPDY:0.23529411764705882	AGKPGVVD:0.35294117647058826	HKVKVQEL:0.23529411764705882	RGPRWLTD:0.23529411764705882	KPGVVDKA:0.23529411764705882	YRGPRWLT:0.23529411764705882	LQERWILD:0.23529411764705882	DILYIGFG:0.29411764705882354	RMTAPDYI:0.23529411764705882	LAGKPGVV:0.4117647058823529	PDILYIGF:0.29411764705882354	FHKVKVQE:0.23529411764705882	MTAPDYIE:0.23529411764705882	SHRMTCPD:0.29411764705882354	LKVKGHHG:0.23529411764705882	KVKGHHGY:0.23529411764705882	VKGHHGYF:0.23529411764705882	VVGNPLFF:0.23529411764705882	WLTRLVTE:0.23529411764705882	LLGTRFHK:0.23529411764705882	YVVGNPLF:0.29411764705882354	LTRLVTEP:0.23529411764705882	LGTRFHKL:0.23529411764705882	RGPRWMTN:0.29411764705882354	ENVSLFLL:0.23529411764705882	SDLVFCDG:0.29411764705882354	SSHRMTCP:0.23529411764705882	RYVVGNPL:0.29411764705882354	EWLTRLVT:0.23529411764705882	VGNPLFFY:0.35294117647058826	GNPLFFYR:0.5882352941176471	GHHGYFDK:0.35294117647058826	YRGPRWMT:0.23529411764705882	VNVRAMNF:0.23529411764705882	VYRGPRWM:0.23529411764705882	NVRAMNFA:0.23529411764705882	YIVGNPLF:0.23529411764705882	DILYVGFG:0.23529411764705882	ACLDFYTG:0.35294117647058826	RYIVGNPL:0.23529411764705882	ILYVGFGM:0.23529411764705882	NPLFFYRL:0.23529411764705882	LYVGFGMP:0.29411764705882354	PDILYVGF:0.23529411764705882	NGFEWLTR:0.23529411764705882	TRVFLPLG:0.23529411764705882	VGFGMPLQ:0.29411764705882354	NADLVFCD:0.23529411764705882	YVGFGMPL:0.23529411764705882	NNADLVFC:0.23529411764705882	RVFLPLGA:0.35294117647058826	GFEWLTRL:0.29411764705882354	
