cluster number:55
GT26:13	GT26:13
AFGAPKQE:0.23076923076923078	EWLWRMLS:0.46153846153846156	MEWLWRML:0.3076923076923077	KRAPRLVR:0.23076923076923078	WRMLSNPR:0.46153846153846156	WLWRMLSN:0.38461538461538464	LWRMLSNP:0.38461538461538464	IVWLSRLA:0.3076923076923077	RMLSNPRR:0.46153846153846156	SRLAGSPV:0.23076923076923078	VWLSRLAG:0.3076923076923077	LNLDHVVK:0.23076923076923078	ATLNLDHV:0.23076923076923078	TLNLDHVV:0.23076923076923078	WLSRLAGS:0.23076923076923078	LSRLAGSP:0.23076923076923078	NLDHVVKL:0.23076923076923078	APPMGFDP:0.23076923076923078	PIVWLSRL:0.3076923076923077	VATLNLDH:0.23076923076923078	QKRAPRLV:0.23076923076923078	GNPIVWLS:0.46153846153846156	RRLAARYG:0.23076923076923078	RRAYAAHD:0.23076923076923078	LPGHVRRA:0.23076923076923078	AIRARDAL:0.5384615384615384	ADGNPIVW:0.6153846153846154	CADGNPIV:0.46153846153846156	NPIVWLSR:0.38461538461538464	ERFAIRAR:0.38461538461538464	RFAIRARD:0.38461538461538464	VGFASIGA:0.46153846153846156	AHDLVCAD:0.23076923076923078	PRRLAARY:0.23076923076923078	SNPRRLAA:0.23076923076923078	LGAPRQER:0.38461538461538464	KMEWLWRM:0.23076923076923078	HDLVCADG:0.23076923076923078	RQERFAIR:0.38461538461538464	FAIRARDA:0.5384615384615384	DGNPIVWL:0.6153846153846154	FRRAYAAH:0.23076923076923078	LSNPRRLA:0.38461538461538464	AYAAHDLV:0.3076923076923077	LVCADGNP:0.38461538461538464	RAYAAHDL:0.23076923076923078	AAHDLVCA:0.23076923076923078	APRQERFA:0.38461538461538464	PGFPFDPD:0.3076923076923077	QERFAIRA:0.38461538461538464	GFASIGAG:0.46153846153846156	PRQERFAI:0.38461538461538464	DLVCADGN:0.38461538461538464	MLSNPRRL:0.38461538461538464	NPRRLAAR:0.23076923076923078	VCADGNPI:0.38461538461538464	AFRRAYAA:0.3076923076923077	YAAHDLVC:0.23076923076923078	GAPRQERF:0.38461538461538464	ILPGHVRR:0.23076923076923078	NVDHLQRL:0.38461538461538464	IRARDALG:0.38461538461538464	AIATINVD:0.23076923076923078	HLQRLGED:0.23076923076923078	AGLDFLSG:0.46153846153846156	TINVDHLQ:0.38461538461538464	ASIGAGLD:0.38461538461538464	LDFLSGHQ:0.46153846153846156	GAGLDFLS:0.46153846153846156	ATINVDHL:0.38461538461538464	FASIGAGL:0.38461538461538464	IATINVDH:0.23076923076923078	SIGAGLDF:0.6153846153846154	VDHLQRLG:0.23076923076923078	RASGARLC:0.3076923076923077	LALGAPRQ:0.38461538461538464	FAIATINV:0.23076923076923078	DHLQRLGE:0.23076923076923078	INVDHLQR:0.38461538461538464	IGAGLDFL:0.46153846153846156	HAPGFPFD:0.38461538461538464	APGFPFDP:0.38461538461538464	ALGAPRQE:0.38461538461538464	GLDFLSGH:0.46153846153846156	SSDESLAL:0.23076923076923078	LVLPLAAE:0.3076923076923077	LRYAKGFT:0.23076923076923078	RLCFLALG:0.3076923076923077	ARLCFLAL:0.3076923076923077	DGNAVRIN:0.3076923076923077	KGFTILPG:0.23076923076923078	IRASGARL:0.23076923076923078	YAKGFTIL:0.23076923076923078	GNAVRINC:0.3076923076923077	LAPGSDLV:0.3076923076923077	LIGSSDES:0.23076923076923078	GFTILPGH:0.23076923076923078	LPVALIGS:0.23076923076923078	GSSDESLA:0.23076923076923078	THAPGFPF:0.23076923076923078	PGSDLVLP:0.3076923076923077	LCFLALGA:0.3076923076923077	HFSFPDGN:0.3076923076923077	SGARLCFL:0.3076923076923077	PDGNAVRI:0.3076923076923077	VLPLAAEA:0.3076923076923077	FPDGNAVR:0.3076923076923077	RYAKGFTI:0.23076923076923078	APGSDLVL:0.3076923076923077	SFPDGNAV:0.3076923076923077	GFPFDPDG:0.23076923076923078	GLPVALIG:0.23076923076923078	DESLALAA:0.23076923076923078	ASGARLCF:0.23076923076923078	GSDLVLPL:0.3076923076923077	LPLAAEAA:0.3076923076923077	AKGFTILP:0.23076923076923078	DLVLPLAA:0.3076923076923077	ALIGSSDE:0.23076923076923078	MHFSFPDG:0.3076923076923077	RIRASGAR:0.23076923076923078	SDLVLPLA:0.3076923076923077	PVALIGSS:0.23076923076923078	IGSSDESL:0.23076923076923078	GARLCFLA:0.3076923076923077	CFLALGAP:0.3076923076923077	FSFPDGNA:0.3076923076923077	FLALGAPR:0.3076923076923077	SDESLALA:0.23076923076923078	LSIGAGLD:0.23076923076923078	FLSGHQRR:0.23076923076923078	LSGHQRRA:0.23076923076923078	DFLSGHQR:0.23076923076923078	SGHQRRAP:0.23076923076923078	
