cluster number:34
GT26:6	GT26:6
LLQQPSRW:0.5	QPSRWRRM:0.5	RTKDVLGL:0.3333333333333333	GLPFVDAT:0.3333333333333333	PSRWRRML:0.5	LAGFDVME:0.5	RLLQLSDQ:0.5	WRRMLALP:0.5	MLRTKDVL:0.3333333333333333	FVGLGFPR:0.3333333333333333	RQEQWIFR:0.3333333333333333	FDVWAGKV:0.5	KDVLGLPF:0.3333333333333333	KTFIVTAN:0.5	LGFPRQEQ:0.5	VTANPEIV:0.6666666666666666	HGYSIYCL:0.3333333333333333	RKTFIVTA:0.3333333333333333	GAEAEVIA:0.3333333333333333	NPEIVMHS:0.3333333333333333	AGFDVMER:0.5	QADWLIPD:0.5	YSIYCLGA:0.5	SIYCLGAE:0.5	VMERLLQL:0.5	TFIVTANP:0.5	IVGYHHGF:0.5	HHGFFDWN:0.5	FPRQEQWI:0.5	LRTKDVLG:0.3333333333333333	EWLYRLLQ:0.5	WLYRLLQQ:0.5	HGFFDWND:0.5	CLGAEAEV:0.3333333333333333	SRWRRMLA:0.5	DVMERLLQ:0.5	PEIVMHSR:0.3333333333333333	QQPSRWRR:0.5	VGLGFPRQ:0.5	QLSDQHGY:0.3333333333333333	ADWLIPDG:0.6666666666666666	VRIVGYHH:0.3333333333333333	GFDVMERL:0.5	LGLPFVDA:0.3333333333333333	LQLSDQHG:0.3333333333333333	MERLLQLS:0.5	IYCLGAEA:0.3333333333333333	YCLGAEAE:0.3333333333333333	AEVIAKAV:0.3333333333333333	YHHGFFDW:0.5	FDVMERLL:0.5	FIVTANPE:0.5	RLAGFDVM:0.5	ANPEIVMH:0.3333333333333333	LPFVDATM:0.3333333333333333	GGSFDVWA:0.5	GYSIYCLG:0.5	GSFDVWAG:0.5	ERLLQLSD:0.5	GFFDWNDR:0.3333333333333333	GFPRQEQW:0.5	IVTANPEI:0.5	PFVDATMD:0.3333333333333333	GYHHGFFD:0.5	LSDQHGYS:0.3333333333333333	GLGFPRQE:0.5	VLGLPFVD:0.3333333333333333	LLQLSDQH:0.3333333333333333	RLLQQPSR:0.5	EAEVIAKA:0.3333333333333333	RWRRMLAL:0.5	SFDVWAGK:0.5	EQWIFRHL:0.3333333333333333	AEAEVIAK:0.3333333333333333	RIVGYHHG:0.3333333333333333	VGYHHGFF:0.5	QHGYSIYC:0.3333333333333333	YRLLQQPS:0.5	TKDVLGLP:0.3333333333333333	DQHGYSIY:0.3333333333333333	VGGSFDVW:0.5	LYRLLQQP:0.5	PRQEQWIF:0.3333333333333333	LGAEAEVI:0.3333333333333333	LQQPSRWR:0.5	QEQWIFRH:0.3333333333333333	TANPEIVM:0.6666666666666666	SDQHGYSI:0.3333333333333333	GVGGSFDV:0.5	DVLGLPFV:0.3333333333333333	RRMLALPH:0.3333333333333333	VGERLAAR:0.3333333333333333	IPDGIGII:0.3333333333333333	KVVGERLA:0.3333333333333333	WNAEWLYR:0.3333333333333333	DWLIPDGI:0.5	LIPDGIGI:0.5	RWNAEWLY:0.3333333333333333	QRWNAEWL:0.3333333333333333	KAVARMRE:0.3333333333333333	IFMGVGGS:0.5	KGIFMGVG:0.5	AEWLYRLL:0.3333333333333333	GIFMGVGG:0.5	MLALPHFM:0.3333333333333333	FMGVGGSF:0.5	VVGERLAA:0.3333333333333333	MGVGGSFD:0.5	WLIPDGIG:0.5	AVARMREV:0.3333333333333333	ARMREVYP:0.3333333333333333	RMREVYPR:0.3333333333333333	RMLALPHF:0.3333333333333333	ERLAGFDV:0.3333333333333333	AWQRWNAE:0.3333333333333333	RQADWLIP:0.3333333333333333	EAWQRWNA:0.3333333333333333	VARMREVY:0.3333333333333333	ANPEIVMY:0.3333333333333333	WQRWNAEW:0.3333333333333333	LRQADWLI:0.3333333333333333	NAEWLYRL:0.3333333333333333	EKGIFMGV:0.3333333333333333	FEKGIFMG:0.3333333333333333	WVGMSAPK:0.3333333333333333	MSAPKQEK:0.3333333333333333	IGAVFDFY:0.3333333333333333	SAPKQEKW:0.3333333333333333	APKQEKWI:0.3333333333333333	AIGAVFDF:0.3333333333333333	GLEWLPRL:0.3333333333333333	QKIGLEWL:0.3333333333333333	IGLEWLPR:0.3333333333333333	GMSAPKQE:0.3333333333333333	LWVGMSAP:0.3333333333333333	KIGLEWLP:0.3333333333333333	VGMSAPKQ:0.3333333333333333	FQKIGLEW:0.3333333333333333	
