cluster number:2
GT26:114	GT26:114|GT2:2
VGGSFDVI:0.21052631578947367	LWMGVGGS:0.2807017543859649	PLPERITG:0.2543859649122807	RFVVTANP:0.22807017543859648	NRFVVTAN:0.22807017543859648	AGAVKRAP:0.20175438596491227	MGVGGSFD:0.6666666666666666	WMGVGGSF:0.3333333333333333	FKRMLVLP:0.20175438596491227	RFKRMLVL:0.20175438596491227	VVTANPEI:0.7631578947368421	FVVTANPE:0.631578947368421	GVGGSFDV:0.7280701754385965	VTANPEIV:0.7105263157894737	TFVVTANP:0.3508771929824561	ANPEIVMY:0.23684210526315788	TANPEIVM:0.6140350877192983	TADGIGIV:0.21929824561403508	GGSFDVFS:0.2543859649122807	ITADGIGI:0.21052631578947367	GIGIVKAA:0.20175438596491227	DGIGIVKA:0.2807017543859649	ADGIGIVK:0.21929824561403508	YITADGIG:0.2543859649122807	GSFDVFSG:0.2543859649122807	GGSFDVLA:0.22807017543859648	VGGSFDVL:0.23684210526315788	GSFDVLAG:0.22807017543859648	DMVFAALG:0.21052631578947367	MVFAALGF:0.21052631578947367	FAALGFPK:0.2719298245614035	PDMVFAAL:0.21052631578947367	VFAALGFP:0.2719298245614035	AALGFPKQ:0.2719298245614035	ALGFPKQE:0.3333333333333333	RVTGYDLF:0.23684210526315788	LVGAEDGY:0.20175438596491227	LPERVTGY:0.2543859649122807	HLEWFYRL:0.34210526315789475	ERVTGYDL:0.23684210526315788	VGGSFDVF:0.2807017543859649	PERVTGYD:0.23684210526315788	DYITADGI:0.20175438596491227	VYLIGAKP:0.20175438596491227	RVYLIGAK:0.20175438596491227	PLPERVTG:0.21929824561403508	MMGVGGSF:0.30701754385964913	
