cluster number:69
GT26:14	GT26:14
GGAIIDRM:0.2857142857142857	REPKRLAA:0.5714285714285714	QSSEIVHC:0.21428571428571427	IHSFNLSM:0.21428571428571427	AARYLLGN:0.5	DSVGILKA:0.2857142857142857	RASYSLLM:0.21428571428571427	YRASYSLL:0.21428571428571427	YLLGNPAF:0.8571428571428571	RLAARYLL:0.5	KRLAARYL:0.5	GAIIDRMA:0.2857142857142857	GLEWLYRL:0.2857142857142857	AGHHGYFD:0.35714285714285715	PWFYEFLQ:0.21428571428571427	LGGAIIDR:0.2857142857142857	SVGILKAI:0.2857142857142857	LGNPAFVL:0.21428571428571427	SYSLLMPK:0.21428571428571427	LAARYLLG:0.5	WFYEFLQS:0.21428571428571427	NIHSFNLS:0.21428571428571427	CDSVGILK:0.2857142857142857	HSFNLSMQ:0.42857142857142855	PKRLAARY:0.5714285714285714	ILLMGMGM:0.21428571428571427	FAGHHGYF:0.35714285714285715	VYLLERRI:0.2857142857142857	LLMGMGMP:0.21428571428571427	AGVVPDCP:0.2857142857142857	VNAILLGG:0.21428571428571427	GMGMPVQE:0.21428571428571427	NAILLGGA:0.21428571428571427	LLGNPAFV:0.21428571428571427	ASYSLLMP:0.21428571428571427	FLQSSEIV:0.21428571428571427	RYLLGNPA:0.8571428571428571	EPKRLAAR:0.5714285714285714	SSEIVHCD:0.21428571428571427	ARYLLGNP:0.5	AIIDRMAG:0.2857142857142857	NVHSFNLS:0.35714285714285715	PWYYEFLQ:0.21428571428571427	KITVANYN:0.5714285714285714	VANYNVHS:0.2857142857142857	ANYNVHSF:0.2857142857142857	WYYEFLQS:0.21428571428571427	TRYLLGNP:0.21428571428571427	IDRLAGIV:0.2857142857142857	GMGMPIQE:0.42857142857142855	QLPWYYEF:0.21428571428571427	YYEFLQSA:0.21428571428571427	RKITVANY:0.21428571428571427	NYNVHSFN:0.2857142857142857	DRLAGIVP:0.21428571428571427	YNVHSFNL:0.35714285714285715	YEFLQSAE:0.21428571428571427	LPWYYEFL:0.21428571428571427	TVANYNVH:0.5	EFLQSAEI:0.21428571428571427	AGIVPDCP:0.2857142857142857	ITVANYNV:0.42857142857142855	FLQSAEIT:0.21428571428571427	RLAGVVPD:0.21428571428571427	DRLAGVVP:0.21428571428571427	SMQLPWFY:0.2857142857142857	NLSMQLPW:0.5714285714285714	MQLPWFYE:0.2857142857142857	LSMQLPWF:0.35714285714285715	LAGVVPDC:0.21428571428571427	SFNLSMQL:0.35714285714285715	LGNPAFAL:0.2857142857142857	IDRLAGVV:0.35714285714285715	QLPWFYEF:0.2857142857142857	LLGNPAFA:0.42857142857142855	FNLSMQLP:0.5714285714285714	VHSFNLSM:0.2857142857142857	GNPAFALQ:0.21428571428571427	SMQLPWYY:0.21428571428571427	MLGGAIID:0.21428571428571427	RFCREPKR:0.21428571428571427	SYTLLMPK:0.2857142857142857	YMGLDLPL:0.21428571428571427	IVGMGMPI:0.21428571428571427	IMLGGAII:0.21428571428571427	NCDSVGIL:0.21428571428571427	GHHGYFDK:0.35714285714285715	YRFCREPK:0.21428571428571427	FCREPKRL:0.21428571428571427	LIVGMGMP:0.21428571428571427	CREPKRLA:0.2857142857142857	LRVELTPK:0.21428571428571427	FLQSAEIA:0.2857142857142857	VGMGMPIQ:0.35714285714285715	LSMQLPWY:0.21428571428571427	KKITVANY:0.21428571428571427	SVFLLGGK:0.21428571428571427	VIDRLAGV:0.2857142857142857	AVIDRLAG:0.5	GGAVIDRL:0.42857142857142855	LVVGMGMP:0.2857142857142857	ILVVGMGM:0.21428571428571427	GAVIDRLA:0.5	VYLLGRRI:0.21428571428571427	HAFNLSMQ:0.21428571428571427	VHAFNLSM:0.21428571428571427	ILLVGMGM:0.21428571428571427	NILLVGMG:0.21428571428571427	LLVGMGMP:0.21428571428571427	YNVHAFNL:0.21428571428571427	ANYNVHAF:0.21428571428571427	NYNVHAFN:0.21428571428571427	PNILLVGM:0.21428571428571427	VANYNVHA:0.21428571428571427	AFNLSMQL:0.21428571428571427	KPNILLVG:0.21428571428571427	LGGAVIDR:0.2857142857142857	NVHAFNLS:0.21428571428571427	IFLLGSKP:0.21428571428571427	GFSIFLLG:0.21428571428571427	SIFLLGSK:0.21428571428571427	QSAEIAHC:0.21428571428571427	SAEIAHCD:0.21428571428571427	HGYFDKED:0.21428571428571427	GYFDKEDP:0.21428571428571427	HHGYFDKE:0.21428571428571427	VNAIMLGG:0.21428571428571427	NAIMLGGA:0.21428571428571427	
