cluster number:102
GT26:28	GT26:28
TMNASILL:0.25	DLLFVGMG:0.5	SGKKKRAP:0.25	GVGGSIDV:0.32142857142857145	MGVGGSID:0.32142857142857145	NLEWLYRF:0.25	VGMGVPRQ:0.32142857142857145	LREKLKNR:0.25	LFVGMGVP:0.5714285714285714	LYRFFQSP:0.25	KTFVVTMN:0.25	KKKRAPEW:0.2857142857142857	WLYRFFQS:0.25	LEWLYRFF:0.2857142857142857	VVTMNASI:0.25	FVGMGVPR:0.32142857142857145	TFVVTMNA:0.25	NASILLKA:0.25	GMGVPRQE:0.32142857142857145	AMGVGGSI:0.32142857142857145	MNLEWLYR:0.21428571428571427	REKLKNRN:0.25	LLFVGMGV:0.39285714285714285	RNFPQLNV:0.21428571428571427	LAMGVGGS:0.6785714285714286	GKKKRAPE:0.25	VLREKLKN:0.25	FVVTMNAS:0.25	VTMNASIL:0.25	MNASILLK:0.25	EWLYRFFQ:0.2857142857142857	GWKVYLLG:0.2857142857142857	GVPRQEEW:0.21428571428571427	MGVPRQEE:0.21428571428571427	VKLAMGVG:0.25	KLAMGVGG:0.5357142857142857	VPRQEEWI:0.21428571428571427	LNVKLAMG:0.25	NVKLAMGV:0.25	VGGSFDVI:0.4642857142857143	AMGVGGSF:0.5	GSFDVISG:0.2857142857142857	MGVGGSFD:0.5714285714285714	GGSFDVIS:0.2857142857142857	LEWFYRWL:0.25	GVGGSFDV:0.5357142857142857	PFKLAMGV:0.25	FKLAMGVG:0.25	PDLLFVGM:0.21428571428571427	LPFKLAMG:0.25	FVGMGVPK:0.35714285714285715	VGMGVPKQ:0.35714285714285715	GMGVPKQE:0.35714285714285715	
