cluster number:43
GT26:59	GT26:59
GVFPVYAG:0.423728813559322	KTVCVANV:0.2711864406779661	CVANVHML:0.5423728813559322	GAGLVFVS:0.2033898305084746	PFRPLTET:0.22033898305084745	GMPLVWMM:0.5254237288135594	IAAMEPLP:0.4067796610169492	GCPKQENW:0.2711864406779661	TPDGMPLV:0.7796610169491526	VFVSLGCP:0.3050847457627119	GIHKRAPR:0.3220338983050847	PDGMPLVW:0.7966101694915254	VHMLMEAH:0.3389830508474576	DRVAGMDI:0.423728813559322	RPLTETED:0.22033898305084745	FVSLGCPK:0.3220338983050847	KGKIQAVM:0.23728813559322035	PLPFRPLT:0.6271186440677966	LPFRPLTE:0.3389830508474576	KIQAVMIG:0.4067796610169492	DGMPLVWM:0.7966101694915254	AAMEPLPF:0.423728813559322	QHKGKIQA:0.23728813559322035	MEAHWNPE:0.22033898305084745	PVYAGIHK:0.3389830508474576	FRPLTETE:0.22033898305084745	VYAGIHKR:0.3389830508474576	HKGKIQAV:0.23728813559322035	GLVFVSLG:0.2033898305084746	AGIHKRAP:0.3389830508474576	LMEAHWNP:0.288135593220339	NVHMLMEA:0.5423728813559322	EPLPFRPL:0.576271186440678	KVLDFPIT:0.3389830508474576	LVFVSLGC:0.2033898305084746	EAHWNPEF:0.3050847457627119	FPVYAGIH:0.3559322033898305	VANVHMLM:0.4745762711864407	AHWNPEFA:0.288135593220339	LKIAAMEP:0.2711864406779661	MPLVWMMR:0.423728813559322	SKTVCVAN:0.2711864406779661	AMEPLPFR:0.4067796610169492	LGCPKQEN:0.2711864406779661	GGVFPVYA:0.423728813559322	VFPVYAGI:0.423728813559322	MLMEAHWN:0.288135593220339	KIAAMEPL:0.3559322033898305	ESKTVCVA:0.2033898305084746	SGAGLVFV:0.22033898305084745	HMLMEAHW:0.3220338983050847	YAGIHKRA:0.3389830508474576	TVCVANVH:0.288135593220339	LDFPITAL:0.4576271186440678	GKIQAVMI:0.2711864406779661	VCVANVHM:0.5423728813559322	MEPLPFRP:0.559322033898305	ANVHMLME:0.5423728813559322	AQHKGKIQ:0.23728813559322035	VLDFPITA:0.4576271186440678	AGLVFVSL:0.2033898305084746	VTPDGMPL:0.7796610169491526	SLGCPKQE:0.6779661016949152	QDRVAGMD:0.5423728813559322	VSLGCPKQ:0.6440677966101694	IQEPRRLW:0.2711864406779661	ALGCPKQE:0.23728813559322035	LGGAFPVY:0.22033898305084745	IGLGGAFP:0.22033898305084745	GLGGAFPV:0.2542372881355932	LGCPKQEK:0.3559322033898305	GAFPVYAG:0.22033898305084745	AVMIGLGG:0.4067796610169492	GGAFPVYA:0.22033898305084745	VMIGLGGA:0.23728813559322035	MIGLGGAF:0.23728813559322035	QAVMIGLG:0.3050847457627119	CPKQEKWM:0.22033898305084745	GCPKQEKW:0.3050847457627119	RDLGLEWL:0.2542372881355932	LYRWIQEP:0.3220338983050847	WLYRWIQE:0.3220338983050847	LVSLGCPK:0.22033898305084745	VMIGLGGV:0.2033898305084746	EWLYRWIQ:0.3220338983050847	GLEWLYRW:0.3050847457627119	YRWIQEPR:0.3050847457627119	LGGVFPVY:0.2033898305084746	IQAVMIGL:0.2542372881355932	YQDRVAGM:0.2711864406779661	RVAGMDIF:0.2711864406779661	WIQEPRRL:0.3050847457627119	DFPITALR:0.3220338983050847	DLGLEWLY:0.2542372881355932	RWIQEPRR:0.3050847457627119	LGLEWLYR:0.2711864406779661	IGLGGVFP:0.2033898305084746	GLGGVFPV:0.2033898305084746	FPITALRF:0.3220338983050847	MIGLGGVF:0.2033898305084746	VLVSLGCP:0.2033898305084746	GMPLVWML:0.22033898305084745	LVTPDGMP:0.2711864406779661	ADLVTPDG:0.22033898305084745	DLVTPDGM:0.23728813559322035	
