cluster number:35
GT26:22	GT26:22
VMLGVGAA:0.6363636363636364	AVMLGVGA:0.5	LGVGAAFD:0.6818181818181818	ASGARILF:0.36363636363636365	ARILFVGL:0.3181818181818182	GCPKQERW:0.4090909090909091	TPDGMPLV:0.45454545454545453	ADLVTPDG:0.4090909090909091	GMRVDATS:0.36363636363636365	FVGLGCPK:0.36363636363636365	LGCPKQER:0.2727272727272727	GVGAAFDF:0.6818181818181818	GLGCPKQE:0.45454545454545453	PDGMPLVW:0.45454545454545453	MLGVGAAF:0.7272727272727273	VGLGCPKQ:0.45454545454545453	LFVGLGCP:0.36363636363636365	VNAADLVT:0.22727272727272727	RILFVGLG:0.3181818181818182	LVTPDGMP:0.5	ILGMRVDA:0.3181818181818182	AADLVTPD:0.22727272727272727	MRVDATSY:0.4090909090909091	ILFVGLGC:0.36363636363636365	GAAFDFHA:0.22727272727272727	GARILFVG:0.45454545454545453	NAADLVTP:0.22727272727272727	SGARILFV:0.45454545454545453	VGAAFDFH:0.5	VTPDGMPL:0.5	INASGARI:0.22727272727272727	GLEWFFRL:0.22727272727272727	ANVHMVME:0.22727272727272727	RVDATSYE:0.22727272727272727	KQERWMAE:0.22727272727272727	PKQERWMA:0.36363636363636365	DLVTPDGM:0.4090909090909091	NASGARIL:0.22727272727272727	CPKQERWM:0.4090909090909091	LGMRVDAT:0.3181818181818182	NVHMVMEA:0.22727272727272727	VYGPTLTL:0.22727272727272727	RVYGPTLT:0.22727272727272727	ILFVGIGC:0.2727272727272727	FHSGRVKQ:0.22727272727272727	AFDFHSGR:0.2727272727272727	LFVGIGCP:0.36363636363636365	GLEWLFRL:0.4090909090909091	EPKRLWKR:0.2727272727272727	DFHSGRVK:0.22727272727272727	FDFHSGRV:0.2727272727272727	AAFDFHSG:0.3181818181818182	PKRLWKRY:0.2727272727272727	GAAFDFHS:0.3181818181818182	SPPFRPLT:0.22727272727272727	VGIGCPKQ:0.2727272727272727	GIGCPKQE:0.2727272727272727	FVGIGCPK:0.2727272727272727	RPLTPEED:0.22727272727272727	FRPLTPEE:0.22727272727272727	PFRPLTPE:0.22727272727272727	PPFRPLTP:0.22727272727272727	
