cluster number:79
GT26:19	GT26:19
HFWSLADR:0.21052631578947367	MGMPRQEL:0.3157894736842105	VQKAAPRW:0.3157894736842105	MPRQELWI:0.3157894736842105	AGVQKAAP:0.3157894736842105	ANHNLHSL:0.6842105263157895	FDYEAGVQ:0.5789473684210527	RDHFWSLA:0.21052631578947367	APRWMGRL:0.21052631578947367	AAFDYEAG:0.47368421052631576	NHNLHSLY:0.5789473684210527	AAPRWMGR:0.2631578947368421	QKAAPRWM:0.3157894736842105	VANHNLHS:0.42105263157894735	RCTYLDWR:0.631578947368421	DLVRPEEV:0.47368421052631576	VGAAFDYE:0.47368421052631576	LFVGMGMP:0.42105263157894735	YLDWRDHF:0.3684210526315789	VGMGMPRQ:0.8421052631578947	HRCTYLDW:0.631578947368421	PRWMGRLG:0.21052631578947367	LGVEWLFR:0.21052631578947367	DHFWSLAD:0.21052631578947367	AFDYEAGV:0.631578947368421	GVQKAAPR:0.3157894736842105	LPVGAAFD:0.21052631578947367	GAAFDYEA:0.47368421052631576	WRDHFWSL:0.21052631578947367	GMGMPRQE:0.8421052631578947	CTYLDWRD:0.631578947368421	VDLVRPEE:0.21052631578947367	GMPRQELW:0.3157894736842105	PRQELWIA:0.21052631578947367	GVEWLFRL:0.21052631578947367	NLHSLYLI:0.3157894736842105	IVANHNLH:0.3157894736842105	LDWRDHFW:0.3684210526315789	FVGMGMPR:0.42105263157894735	PVGAAFDY:0.21052631578947367	YEAGVQKA:0.3157894736842105	DYEAGVQK:0.3684210526315789	TYLDWRDH:0.3684210526315789	DWRDHFWS:0.3684210526315789	KAAPRWMG:0.3157894736842105	EAGVQKAA:0.3157894736842105	LVRPEEVL:0.2631578947368421	HNLHSLYL:0.5789473684210527	ILFVGMGM:0.2631578947368421	SVGAAFDY:0.2631578947368421	IANHNLHS:0.2631578947368421	HILFVGMG:0.21052631578947367	PHILFVGM:0.21052631578947367	DWRDAFWA:0.21052631578947367	MDLVRPEE:0.2631578947368421	FVGGAPGV:0.2631578947368421	GMPRQEIW:0.2631578947368421	MGMPRQEI:0.2631578947368421	FTVGGAFD:0.2631578947368421	VRPEEVFH:0.21052631578947367	YAPDIVLV:0.21052631578947367	PEEVFHFV:0.21052631578947367	VGGAFDYE:0.2631578947368421	TMDLVRPE:0.21052631578947367	APDIVLVG:0.21052631578947367	PRWMGPLG:0.2631578947368421	GAFDYEAG:0.2631578947368421	TVGGAFDY:0.2631578947368421	VFFVGGAP:0.2631578947368421	YLDWRDAF:0.21052631578947367	VGGAPGVG:0.3157894736842105	RRFHRCTY:0.21052631578947367	AIVANHNL:0.2631578947368421	RASRRFHR:0.21052631578947367	PDIVLVGM:0.21052631578947367	GMEWLFRL:0.21052631578947367	MEWLFRLM:0.21052631578947367	AAPRWMGP:0.21052631578947367	ASRRFHRC:0.21052631578947367	GGAPGVGE:0.21052631578947367	FFVGGAPG:0.2631578947368421	GRASRRFH:0.21052631578947367	VGRASRRF:0.21052631578947367	LVGMGMPR:0.3684210526315789	LDWRDAFW:0.21052631578947367	TYLDWRDA:0.21052631578947367	APGVGEKA:0.21052631578947367	APRWMGPL:0.2631578947368421	RPEEVFHF:0.21052631578947367	FHRCTYLD:0.5263157894736842	GGAFDYEA:0.2631578947368421	IVLVGMGM:0.21052631578947367	LVRPEEVF:0.21052631578947367	VLVGMGMP:0.2631578947368421	KVFFVGGA:0.21052631578947367	SRRFHRCT:0.21052631578947367	GAPGVGEK:0.21052631578947367	WKVFFVGG:0.21052631578947367	ADLIEVDS:0.21052631578947367	DIVLVGMG:0.21052631578947367	RFHRCTYL:0.21052631578947367	ADLVEVDS:0.21052631578947367	
