cluster number:81
GT26:6	GT26:6
EPRRLFKR:0.8333333333333334	QEPRRLFK:0.6666666666666666	SQEPRRLF:0.6666666666666666	PRRLFKRY:0.8333333333333334	GRGCPRQE:0.5	QHLGEVNA:0.3333333333333333	IVLVGRGC:0.5	ATPEEKAE:0.3333333333333333	AVGAAFDY:0.5	CPRQEIWV:0.5	MMAVGAAF:0.5	GIHVDRFR:0.3333333333333333	AHIVLVGR:0.3333333333333333	RDATPEEK:0.3333333333333333	VHGLMESK:0.3333333333333333	VDRFRDAT:0.5	VGAAFDYF:0.5	PGVTICGI:0.3333333333333333	EKAEDIKK:0.3333333333333333	SALAVHGL:0.5	HVDRFRDA:0.5	RVYLYGST:0.3333333333333333	YFVGNIKR:0.5	IWVSQHLG:0.3333333333333333	SQHLGEVN:0.3333333333333333	VLVGRGCP:0.5	GAAFDYFV:0.5	RINMVVPD:0.3333333333333333	INMVVPDG:0.3333333333333333	LEWLFRLS:0.6666666666666666	PEEKAEDI:0.3333333333333333	KPVQWALN:0.5	EIWVSQHL:0.3333333333333333	LVGRGCPR:0.5	DIKKINAS:0.3333333333333333	ALAVHGLM:0.5	WMQQSGLE:0.3333333333333333	GKPVQWAL:0.5	RHVLKAAG:0.5	VVPDGKPV:0.5	EEKAEDIK:0.3333333333333333	LFKRYAVT:0.6666666666666666	DATPEEKA:0.3333333333333333	LTRHVLKA:0.5	RRLFKRYA:0.6666666666666666	VSALAVHG:0.5	RVYGPDLT:0.3333333333333333	LGEVNAVM:0.3333333333333333	CGIHVDRF:0.3333333333333333	DYFVGNIK:0.5	KKINASGA:0.3333333333333333	FRLSQEPR:0.6666666666666666	DRFRDATP:0.5	SFGVSALA:0.5	EDIKKINA:0.3333333333333333	ALNAFNKA:0.3333333333333333	RLFKRYAV:0.6666666666666666	QEIWVSQH:0.3333333333333333	PRQEIWVS:0.3333333333333333	VSQHLGEV:0.3333333333333333	RQEIWVSQ:0.3333333333333333	GLEWLFRL:0.6666666666666666	DLTRHVLK:0.3333333333333333	FVGNIKRP:0.5	VGNIKRPP:0.5	GEVNAVMM:0.3333333333333333	VYGPDLTR:0.3333333333333333	YGPDLTRH:0.3333333333333333	MAVGAAFD:0.5	WALNAFNK:0.3333333333333333	AVMMAVGA:0.5	AEDIKKIN:0.3333333333333333	AFDYFVGN:0.5	FRDATPEE:0.5	LAVHGLME:0.5	PVQWALNA:0.5	IKKINASG:0.3333333333333333	PDGKPVQW:0.5	VMMAVGAA:0.5	KDRVYGPD:0.3333333333333333	WVSQHLGE:0.3333333333333333	AVHGLMES:0.5	KAEDIKKI:0.3333333333333333	HIVLVGRG:0.3333333333333333	TRHVLKAA:0.5	TICGIHVD:0.3333333333333333	LSQEPRRL:0.6666666666666666	FPGVTICG:0.3333333333333333	VQWALNAF:0.3333333333333333	RFRDATPE:0.5	GVTICGIH:0.3333333333333333	SGLEWLFR:0.3333333333333333	EWLFRLSQ:0.6666666666666666	VNAVMMAV:0.5	LRVYLYGS:0.3333333333333333	MVVPDGKP:0.5	LKDRVYGP:0.5	HVSRINMV:0.3333333333333333	VSRINMVV:0.3333333333333333	WLFRLSQE:0.6666666666666666	SRINMVVP:0.3333333333333333	GPDLTRHV:0.3333333333333333	RGCPRQEI:0.5	NMVVPDGK:0.3333333333333333	LFRLSQEP:0.6666666666666666	RTSFGVSA:0.3333333333333333	FKRYAVTN:0.6666666666666666	DGKPVQWA:0.5	VGRGCPRQ:0.5	AAFDYFVG:0.5	AALKDRVY:0.3333333333333333	DRVYGPDL:0.3333333333333333	FDYFVGNI:0.5	KRYAVTNS:0.6666666666666666	VTICGIHV:0.3333333333333333	IHVDRFRD:0.3333333333333333	QWALNAFN:0.3333333333333333	VPDGKPVQ:0.5	FGVSALAV:0.5	QSGLEWLF:0.3333333333333333	ALKDRVYG:0.3333333333333333	HLGEVNAV:0.3333333333333333	TSFGVSAL:0.3333333333333333	RYAVTNSL:0.5	HVLKAAGE:0.5	PDLTRHVL:0.3333333333333333	RLSQEPRR:0.6666666666666666	GVSALAVH:0.5	TPEEKAED:0.3333333333333333	ICGIHVDR:0.3333333333333333	MQQSGLEW:0.3333333333333333	EVNAVMMA:0.3333333333333333	NAVMMAVG:0.5	QQSGLEWL:0.3333333333333333	GCPRQEIW:0.5	YAVTNSLF:0.3333333333333333	SVDYASAT:0.3333333333333333	YASVDYAS:0.3333333333333333	KRPPVWMQ:0.3333333333333333	RPPVWMQQ:0.3333333333333333	VLKAAGEQ:0.3333333333333333	GNIKRPPV:0.3333333333333333	ASVDYASA:0.3333333333333333	IKRPPVWM:0.3333333333333333	NIKRPPVW:0.3333333333333333	
