cluster number:77
GT26:22	GT26:22
GIGIVLAS:0.3181818181818182	GVGGSLDV:0.8636363636363636	EADLITPD:0.22727272727272727	KLFHLITA:0.3181818181818182	ITANPEIT:0.5	AIWKKLNL:0.22727272727272727	LITANPEI:0.5909090909090909	GAPYSDKW:0.45454545454545453	PAPAIWKK:0.22727272727272727	DLITPDGI:0.22727272727272727	ADLITPDG:0.2727272727272727	LDVIAGKV:0.5	FAPVAKGQ:0.36363636363636365	HRLLFAPV:0.36363636363636365	APVAKGQK:0.36363636363636365	KLNLEWLH:0.22727272727272727	APAIWKKL:0.22727272727272727	NVKIAGRH:0.22727272727272727	PVAKGQKS:0.5	VAMGAPYS:0.22727272727272727	QKSRWRRQ:0.5	TPDGIGIV:0.22727272727272727	LEWLHRLL:0.22727272727272727	GGSLDVIA:0.5	WSFYFLGT:0.5454545454545454	KKLNLEWL:0.2727272727272727	AKGQKSRW:0.5	TVSILGVP:0.22727272727272727	SLDVIAGK:0.5	IWKKLNLE:0.3181818181818182	KGQKSRWR:0.5	FHLITANP:0.5909090909090909	PAIWKKLN:0.22727272727272727	GVPFSKLT:0.45454545454545453	GSLDVIAG:0.5	LGWSFYFL:0.22727272727272727	LIVAMGAP:0.22727272727272727	VSILGVPF:0.4090909090909091	KVVFGVGG:0.45454545454545453	VKVVFGVG:0.4090909090909091	FGVGGSLD:0.5909090909090909	GWSFYFLG:0.5	LFAPVAKG:0.36363636363636365	IGIVLASR:0.2727272727272727	SILGVPFS:0.4090909090909091	WKKLNLEW:0.5454545454545454	RLLFAPVA:0.36363636363636365	LLFAPVAK:0.36363636363636365	ILGVPFSK:0.45454545454545453	IVAMGAPY:0.22727272727272727	VPFSKLTL:0.45454545454545453	LFHLITAN:0.5454545454545454	LGVPFSKL:0.45454545454545453	NLEWLHRL:0.2727272727272727	FYFLGTDE:0.5454545454545454	ITPDGIGI:0.22727272727272727	DGIGIVLA:0.45454545454545453	HLITANPE:0.5909090909090909	QPDFLIVA:0.22727272727272727	VVFGVGGS:0.45454545454545453	MGAPYSDK:0.45454545454545453	AQPDFLIV:0.22727272727272727	LITPDGIG:0.22727272727272727	GQKSRWRR:0.5	SFYFLGTD:0.5454545454545454	VAKGQKSR:0.5	VFGVGGSL:0.5909090909090909	PDGIGIVL:0.2727272727272727	GTVSILGV:0.2727272727272727	LNLEWLHR:0.2727272727272727	TANPEITI:0.22727272727272727	VGGSLDVI:0.8636363636363636	AMGAPYSD:0.45454545454545453	PIPERVTG:0.2727272727272727	EITLASQS:0.22727272727272727	RRQSALPK:0.3181818181818182	ITLASQSD:0.22727272727272727	EWAHRLLF:0.2727272727272727	PDILILAM:0.22727272727272727	GGSLDVIS:0.2727272727272727	SLDVISGK:0.2727272727272727	QSALPKFV:0.2727272727272727	KLNLEWAH:0.2727272727272727	ALPKFVYR:0.22727272727272727	PKFVYRTM:0.22727272727272727	NPEITLAS:0.2727272727272727	GSLDVISG:0.2727272727272727	LEWAHRLL:0.2727272727272727	IAGRHHGF:0.3181818181818182	RQSALPKF:0.3181818181818182	LDVISGKV:0.2727272727272727	LNLEWAHR:0.2727272727272727	NLEWAHRL:0.2727272727272727	RVTGYDLL:0.45454545454545453	KSRWRRQS:0.3181818181818182	TANPEITL:0.2727272727272727	DVISGKVK:0.2727272727272727	ERVTGYDL:0.45454545454545453	SALPKFVY:0.2727272727272727	LILAMGAP:0.2727272727272727	ILILAMGA:0.22727272727272727	SRWRRQSA:0.3181818181818182	PERVTGYD:0.45454545454545453	WRRQSALP:0.3181818181818182	VISGKVKP:0.2727272727272727	ANPEITLA:0.2727272727272727	DILILAMG:0.22727272727272727	RWRRQSAL:0.3181818181818182	IPERVTGY:0.36363636363636365	PEITLASQ:0.2727272727272727	AGRHHGFF:0.3181818181818182	LPKFVYRT:0.22727272727272727	KKLNLEWA:0.2727272727272727	VPDGIGIV:0.22727272727272727	VTGYDLLL:0.45454545454545453	KIAGRHHG:0.22727272727272727	LAMGAPYS:0.22727272727272727	ILAMGAPY:0.22727272727272727	VKIAGRHH:0.22727272727272727	APYSDKWL:0.22727272727272727	SRWRRQLV:0.2727272727272727	RWRRQLVL:0.2727272727272727	WRRQLVLP:0.2727272727272727	EWLYRLLS:0.22727272727272727	PSRWRRQL:0.3181818181818182	LEWLYRLL:0.22727272727272727	DVIAGKVK:0.3181818181818182	IAGKVKRA:0.22727272727272727	AGKVKRAP:0.22727272727272727	ALGAPRAE:0.22727272727272727	VIAGKVKR:0.22727272727272727	
