cluster number:109
GT26:22	GT26:22|GT2:15
LMLEPRRL:0.4090909090909091	FFLYSEET:0.2727272727272727	FLYSEETD:0.45454545454545453	LYSEETDY:0.4090909090909091	ARVLLAFG:0.22727272727272727	NLGYAGGI:0.36363636363636365	VLLAFGAV:0.5909090909090909	VASANLDH:0.2727272727272727	AGGINAAM:0.22727272727272727	WRLMLEPR:0.4090909090909091	ATGAALLI:0.4090909090909091	GNLGYAGG:0.36363636363636365	WATGAALL:0.4090909090909091	RLMLEPRR:0.4090909090909091	AFGAVVDF:0.7272727272727273	LAFGAVVD:0.7272727272727273	VVDFLAGR:0.5454545454545454	RVLLAFGA:0.2727272727272727	VDFLAGRV:0.45454545454545453	GAVVDFLA:0.7272727272727273	LLAFGAVV:0.6818181818181818	GYAGGINA:0.2727272727272727	GGNLGYAG:0.36363636363636365	FGAVVDFL:0.7272727272727273	LGYAGGIN:0.36363636363636365	GARVLLAF:0.22727272727272727	AVVDFLAG:0.6363636363636364	VDWATGAA:0.45454545454545453	AVASANLD:0.2727272727272727	DWATGAAL:0.4090909090909091	YAGGINAA:0.2727272727272727	GLGKPRQE:0.5	LVVGLGKP:0.4090909090909091	EPRRLARR:0.4090909090909091	RRLARRYL:0.4090909090909091	VVGLGKPR:0.4090909090909091	VGLGKPRQ:0.5	PRRLARRY:0.4090909090909091	RLARRYLV:0.3181818181818182	LEPRRLAR:0.36363636363636365	MLEPRRLA:0.3181818181818182	WAWRLMLE:0.2727272727272727	EWAWRLML:0.2727272727272727	AWRLMLEP:0.2727272727272727	VVVADNSP:0.3181818181818182	WPRLAGSD:0.5909090909090909	TGGNLGYA:0.36363636363636365	VACNGCTD:0.2727272727272727	WLTLLDGA:0.2727272727272727	WLSEMDFD:0.22727272727272727	TGAKVLLA:0.2727272727272727	VIVACNGC:0.22727272727272727	IVACNGCT:0.2727272727272727	LLDGAPLV:0.22727272727272727	VIIPAHNE:0.36363636363636365	KVLLAFGA:0.2727272727272727	VVADNSPD:0.3181818181818182	TLLDGAPL:0.2727272727272727	YSEETDYC:0.2727272727272727	AKVLLAFG:0.2727272727272727	EWLTLLDG:0.2727272727272727	IIPAHNEA:0.22727272727272727	KPRQELWI:0.6818181818181818	GAKVLLAF:0.2727272727272727	LGKPRQEL:0.5909090909090909	GKPRQELW:0.6818181818181818	LTGAKVLL:0.2727272727272727	LTLLDGAP:0.2727272727272727	WPRLYLDA:0.22727272727272727	PRLYLDAD:0.22727272727272727	YPSLRREP:0.36363636363636365	KVVVADNS:0.22727272727272727	VEVIVACN:0.22727272727272727	PRLAGSDL:0.5	AWRLALEP:0.36363636363636365	CLGKPRQE:0.2727272727272727	WAWRLALE:0.36363636363636365	LEWAWRLA:0.2727272727272727	VCLGKPRQ:0.2727272727272727	GLEWAWRL:0.2727272727272727	EWAWRLAL:0.36363636363636365	RLAGSDLI:0.36363636363636365	VVSANLDH:0.2727272727272727	VSANLDHV:0.22727272727272727	PRQELWIA:0.4090909090909091	RQELWIAE:0.4090909090909091	QELWIAEY:0.2727272727272727	ELWIAEYG:0.2727272727272727	
