cluster number:68
GT26:15	GT26:15
LEWLFRGM:0.26666666666666666	PERVAGFD:0.2	LMALPRFV:0.2	RAPLWMQK:0.2	MPERVAGF:0.2	RGMLQPKR:0.26666666666666666	GVGGTFDV:0.4	DLLLAALG:0.2	SAPGVAEK:0.4666666666666667	PDLLLAAL:0.2	GVAEKAKA:0.4666666666666667	FFGSAPGV:0.4666666666666667	AEKAKAKA:0.4666666666666667	GVPKQEKW:0.6	LLAALGVP:0.2	ADLVVPDG:0.4	VGGTFDVM:0.3333333333333333	ALGVPKQE:0.6	VVPDGAGT:0.4666666666666667	DGAGTVWA:0.5333333333333333	KAKAKAEK:0.2	KRAPLWMQ:0.26666666666666666	RLMALPRF:0.2	PGVAEKAK:0.5333333333333333	SIGVGGTF:0.2	AKLEWLFR:0.5333333333333333	KPDLLLAA:0.2	VPKQEKWL:0.26666666666666666	EKAKAKAE:0.4666666666666667	EWLFRGML:0.26666666666666666	WMQKAKLE:0.5333333333333333	IGVGGTFD:0.3333333333333333	LVVPDGAG:0.6666666666666666	LGVPKQEK:0.5333333333333333	VAEKAKAK:0.4666666666666667	VMAGVMKR:0.5333333333333333	AALGVPKQ:0.2	IATANAEM:0.4666666666666667	FFFGSAPG:0.2	LIATANAE:0.26666666666666666	WLFRGMLQ:0.26666666666666666	LAALGVPK:0.2	DLVVPDGA:0.3333333333333333	GTFDVMAG:0.3333333333333333	KLEWLFRG:0.5333333333333333	FGSAPGVA:0.4666666666666667	FRGMLQPK:0.26666666666666666	LLLAALGV:0.2	FDVMAGVM:0.2	RVAGFDLV:0.2	VPDGAGTV:0.4666666666666667	PDGAGTVW:0.4666666666666667	VAGFDLVQ:0.2	DVMAGVMK:0.5333333333333333	APGVAEKA:0.5333333333333333	QKAKLEWL:0.5333333333333333	TANAEMIM:0.4	AGVMKRAP:0.5333333333333333	MQKAKLEW:0.5333333333333333	GRLMALPR:0.2	TFDVMAGV:0.3333333333333333	AKPDLLLA:0.2	ATANAEMI:0.4	GSAPGVAE:0.4666666666666667	GGTFDVMA:0.3333333333333333	LFRGMLQP:0.26666666666666666	MAGVMKRA:0.5333333333333333	ERVAGFDL:0.2	KAKLEWLF:0.5333333333333333	AARPDLLL:0.2	PVAIGVGG:0.4	VPVAIGVG:0.4	GVPVAIGV:0.26666666666666666	LGVPVAIG:0.26666666666666666	ELGVPVAI:0.2	RAARPDLL:0.2	ARPDLLLV:0.2	IRAARPDL:0.2	AGTVWAAR:0.3333333333333333	AIGVGGTL:0.26666666666666666	VAIGVGGT:0.3333333333333333	GRLLALPK:0.26666666666666666	LLLVALGV:0.26666666666666666	IGVGGTLD:0.3333333333333333	KQEKWIAA:0.26666666666666666	VAGYDLAQ:0.4	VGGTLDVM:0.3333333333333333	EMIMRATH:0.2	QEKWIAAH:0.2	YDLAQELL:0.26666666666666666	AGYDLAQE:0.4	LVALGVPK:0.3333333333333333	GGTLDVMA:0.3333333333333333	PERVAGYD:0.4666666666666667	VALGVPKQ:0.3333333333333333	AGRLLALP:0.26666666666666666	LLVALGVP:0.4666666666666667	PKRAGRLL:0.26666666666666666	RLLALPKF:0.26666666666666666	MPERVAGY:0.4666666666666667	NAEMIMRA:0.3333333333333333	GVGGTLDV:0.3333333333333333	LYPGIEIV:0.3333333333333333	GTVWAARH:0.3333333333333333	PDLLLVAL:0.26666666666666666	PKQEKWIA:0.3333333333333333	AEMIMRAT:0.26666666666666666	LLALPKFV:0.26666666666666666	YPGIEIVG:0.3333333333333333	MIMRATHD:0.2	DLLLVALG:0.26666666666666666	ANAEMIMR:0.3333333333333333	KRAGRLLA:0.26666666666666666	TVWAARHL:0.3333333333333333	EKWIAAHL:0.2	LNAAALVV:0.2	GYDLAQEL:0.4	LQPKRAGR:0.2	GAGTVWAA:0.4	VWAARHLG:0.3333333333333333	TLDVMAGV:0.3333333333333333	LDVMAGVM:0.3333333333333333	YFFGSAPG:0.26666666666666666	ERVNILGV:0.26666666666666666	PGIEIVGV:0.26666666666666666	ERVAGYDL:0.4666666666666667	GIEIVGVR:0.26666666666666666	VPKQEKWI:0.3333333333333333	WAARHLGH:0.3333333333333333	DLAQELLR:0.26666666666666666	QPKRAGRL:0.4	RAGRLLAL:0.26666666666666666	RVAGYDLA:0.4	GTLDVMAG:0.3333333333333333	RYPGVQIV:0.2	YPGVQIVG:0.2	PVSIGVGG:0.2	LEWLFRGL:0.2	ALVVPDGA:0.3333333333333333	AALVVPDG:0.2	VPVSIGVG:0.2	VSIGVGGT:0.2	ALPKFVLK:0.26666666666666666	LPKFVLKV:0.26666666666666666	PKFVLKVH:0.2	VTMAEAVD:0.2	KRAPHWMQ:0.2	HLGHAMPE:0.2	ARHLGHAM:0.2	MQPKRAGR:0.2	NAEMLMRA:0.2	VYFFGSAP:0.2	ANAEMLMR:0.2	LGHAMPER:0.2	GHAMPERV:0.2	VGVRNGFF:0.2	GVRNGFFS:0.2	RAPHWMQK:0.2	VMKRAPHW:0.2	ATANAEML:0.2	GVMKRAPH:0.2	IVGVRNGF:0.2	EIVGVRNG:0.2	AMPERVAG:0.26666666666666666	NAAIIAEI:0.2	IEIVGVRN:0.2	HAMPERVA:0.2	TANAEMLM:0.2	MKRAPHWM:0.2	IIAEIRAA:0.2	APHWMQKA:0.2	PHWMQKAK:0.2	AAIIAEIR:0.2	RHLGHAMP:0.2	AEMLMRAT:0.2	LALPKFVL:0.2	HWMQKAKL:0.2	AIIAEIRA:0.2	AARHLGHA:0.2	PDILLVAL:0.2	ILLVALGV:0.2	DILLVALG:0.2	
