cluster number:24
CBM2:32	CBM2:32|GH18:29|GH8:1
GIVAPSVV:0.21875	SFRPPRTY:0.3125	VNFIVALA:0.28125	IIAMAPQT:0.21875	NGLNPTYM:0.3125	PGASVSFG:0.46875	EGKYTITN:0.375	GQRHTFTN:0.34375	GFDGVDID:0.4375	QGTVNFIV:0.28125	LENGLNPT:0.34375	IRGAMTWS:0.34375	LIIAMAPQ:0.21875	LTVVNTQF:0.25	GKYTITNG:0.34375	DILTVVNT:0.25	TFTNRSWN:0.4375	SVGGETGR:0.28125	GVDIDLEN:0.4375	GGGIVAPS:0.375	DGVDIDLE:0.4375	PTTPPPTT:0.40625	DQVGLGLP:0.28125	GLRPDQVG:0.28125	GAAGGGIV:0.40625	SYWDALLT:0.25	AMTWSVNW:0.28125	VVNTQFYN:0.25	ILTVVNTQ:0.25	SGAMLGCD:0.28125	AQALRSLR:0.28125	APSVVNAA:0.25	AGLRPDQV:0.34375	SVVNAALD:0.3125	YNSGAMLG:0.28125	PPPTTPPP:0.375	TWSVNWDV:0.28125	IVALACIQ:0.25	QRHTFTNR:0.34375	IVAPSVVN:0.21875	FVKTSDWG:0.21875	VNAALDCL:0.3125	RYGFDGVD:0.21875	YPGIRGAM:0.25	PGAAGGGI:0.40625	MAPQTIDM:0.5	NPTYMAQA:0.28125	TNCGSFRP:0.25	LPAGPGAA:0.46875	KTSDWGSG:0.21875	QVGLGLPA:0.28125	LTGYWHNF:0.5	VGLGLPAG:0.28125	VNTQFYNS:0.25	GSYWDALL:0.25	FTNRSWNG:0.4375	PAGPGAAG:0.46875	GTNCGSFR:0.25	LRLRDVPA:0.21875	DLENGLNP:0.34375	NSGAMLGC:0.28125	TPPPTTPP:0.34375	RPDQVGLG:0.28125	GTVNFIVA:0.28125	ENGLNPTY:0.34375	RPPRTYPG:0.28125	ALDCLARG:0.21875	FDGVDIDL:0.4375	CGSFRPPR:0.3125	VVNAALDC:0.3125	VDIDLENG:0.4375	LRPDQVGL:0.28125	YMAQALRS:0.28125	IAMAPQTI:0.21875	CIQLEAGL:0.25	GSGWEGKY:0.25	PTYMAQAL:0.3125	TQFYNSGA:0.25	WHNFDNPA:0.4375	SGWEGKYT:0.25	SGQRHTFT:0.21875	KYTITNGG:0.375	FYNSGAML:0.25	RHTFTNRS:0.375	QALRSLRA:0.21875	GIRGAMTW:0.25	PQTIDMQS:0.3125	LEAGLRPD:0.34375	FRPPRTYP:0.3125	MTWSVNWD:0.28125	ACIQLEAG:0.21875	NTQFYNSG:0.25	IKDILTVV:0.25	PPTTPPPT:0.40625	TSDWGSGW:0.21875	YWDALLTS:0.3125	WGSGWEGK:0.25	YWHNFDNP:0.4375	LDCLARGT:0.21875	RGAMTWSV:0.28125	TGYWHNFD:0.4375	AAGGGIVA:0.34375	VALACIQL:0.25	GWEGKYTI:0.375	FIVALACI:0.25	DWGSGWEG:0.28125	ALACIQLE:0.375	AGGGIVAP:0.375	VGGETGRV:0.28125	MAQALRSL:0.28125	RGTNCGSF:0.21875	AMAPQTID:0.21875	LNPTYMAQ:0.28125	ASVSFGFL:0.40625	IQLEAGLR:0.25	QLEAGLRP:0.34375	SSGQRHTF:0.25	GSFRPPRT:0.3125	GPGAAGGG:0.46875	TYPGIRGA:0.21875	TTPPPTTP:0.34375	NCGSFRPP:0.25	GGIVAPSV:0.21875	GLPAGPGA:0.46875	WEGKYTIT:0.34375	TVVNTQFY:0.25	ELRLRDVP:0.375	NFIVALAC:0.28125	YGFDGVDI:0.4375	EAGLRPDQ:0.34375	PDQVGLGL:0.28125	VAPSVVNA:0.25	GAMTWSVN:0.28125	PGIRGAMT:0.25	GLNPTYMA:0.28125	GYWHNFDN:0.46875	APQTIDMQ:0.5	TYMAQALR:0.375	AGPGAAGG:0.46875	IDLENGLN:0.46875	DIDLENGL:0.5	QFYNSGAM:0.25	GASVSFGF:0.46875	SDWGSGWE:0.21875	GLGLPAGP:0.28125	LACIQLEA:0.21875	TVNFIVAL:0.28125	LGLPAGPG:0.5	PSVVNAAL:0.3125	HTFTNRSW:0.375	YLHASFAN:0.21875	TTLGSYWD:0.21875	HASFANGS:0.21875	TLGSYWDA:0.21875	SIGGQNGQ:0.21875	GTTLGSYW:0.21875	GYLHASFA:0.21875	LMTWSINW:0.21875	ASFANGSG:0.21875	APETFFVQ:0.21875	LHASFANG:0.21875	RGLMTWSI:0.21875	GLMTWSIN:0.21875	MAPETFFV:0.21875	TMAPETFF:0.21875	TNRSWNGT:0.25	APGASVSF:0.4375	SFANGSGY:0.21875	IGGQNGQV:0.21875	MTWSINWD:0.4375	LTMAPETF:0.21875	VALGLPAG:0.21875	QVALGLPA:0.25	IITMAPQT:0.25	TMAPQTID:0.28125	HTQFYNSG:0.21875	LTVVHTQF:0.21875	AMTWSINW:0.21875	LIITMAPQ:0.25	VVHTQFYN:0.21875	VHTQFYNS:0.21875	RPDQVALG:0.21875	KKVILSVG:0.25	DQVALGLP:0.25	VILSVGGE:0.3125	ILTVVHTQ:0.21875	YDLVAVAF:0.21875	LRPDQVAL:0.21875	DILTVVHT:0.21875	PDQVALGL:0.21875	GAMTWSIN:0.21875	RGKKVILS:0.25	ITMAPQTI:0.28125	RGAMTWSI:0.21875	GKKVILSV:0.25	KVILSVGG:0.28125	TVVHTQFY:0.21875	ALGLPAGP:0.21875	GLRPDQVA:0.21875	EYDLVAVA:0.21875	SLGGYTDA:0.21875	YTITNGGT:0.21875	ASLGGYTD:0.21875	FDNPAVEL:0.40625	NFDNPAVE:0.40625	HNFDNPAV:0.40625	YFKLALDI:0.34375	DNPAVELR:0.34375	VELRLRDV:0.34375	PAVELRLR:0.34375	AAGPTATF:0.28125	FDLPAGTT:0.21875	NPAVELRL:0.34375	AVELRLRD:0.34375	IAPGASVS:0.28125	SYFKLALD:0.21875	SVSFGFLA:0.25	GPTATFVK:0.21875	AGPTATFV:0.21875	
