cluster number:376
GT1:30	GT1:30|2.4.1.-:1
HPLRYKDL:0.23333333333333334	FWSHCGWN:0.8	WNSTLESI:0.43333333333333335	RYKDLPTS:0.26666666666666666	HCGWNSTL:0.6333333333333333	VIYISLGS:0.23333333333333334	SHCGWNST:0.7333333333333333	SVIYISLG:0.26666666666666666	RGYIVKWA:0.26666666666666666	PLRYKDLP:0.36666666666666664	LHPLRYKD:0.2	WSHCGWNS:0.8	CGWNSTLE:0.6333333333333333	GWNSTLES:0.6	LRYKDLPT:0.3	VKWAPQKE:0.23333333333333334	WAPQKEVL:0.3333333333333333	FLWVIRPG:0.4	WVIRPGSI:0.2	KWAPQKEV:0.23333333333333334	GVPMICRP:0.3333333333333333	PFLWVIRP:0.3	LWVIRPGS:0.3	NQPFLWVI:0.23333333333333334	SNQPFLWV:0.3	QPFLWVIR:0.3333333333333333	IEWLNKQK:0.2	SCIEWLNK:0.2	KGFSITVV:0.2	CIEWLNKQ:0.2	YIVKWAPQ:0.26666666666666666	LHSKGFSI:0.3333333333333333	IVKWAPQK:0.3	GYIVKWAP:0.26666666666666666	HSKGFSIT:0.23333333333333334	TASAVIIN:0.23333333333333334	GGFWSHCG:0.6666666666666666	NSNQPFLW:0.26666666666666666	AVGGFWSH:0.6	RTASAVII:0.23333333333333334	DIACIIYD:0.2	PAVGGFWS:0.3	GFWSHCGW:0.6666666666666666	HPAVGGFW:0.3	VGGFWSHC:0.6333333333333333	SCLESSSL:0.2	VERAVKRL:0.23333333333333334	VPMICRPF:0.2	EGVPMICR:0.26666666666666666	MLQLATIL:0.2	PFLWVVRP:0.23333333333333334	PMLQLATI:0.2	QLATILHS:0.2	LQLATILH:0.2	FLWVVRPG:0.3	
