cluster number:384
GT1:12	GT1:12
GYNTTLNV:0.25	KLLFYCQH:0.25	QVCFINGG:0.3333333333333333	SMSGYNTT:0.5833333333333334	ELIPLLEK:0.3333333333333333	LGMGHLVR:0.75	PLILVSVG:0.5	KKLLFYCQ:0.25	MSGYNTTL:0.4166666666666667	ELFPFGRG:0.3333333333333333	LFYCQHIL:0.25	MQKADLSI:0.4166666666666667	LVSVGGGR:0.6666666666666666	SSLRDIVV:0.4166666666666667	ILVSVGGG:0.6666666666666666	EVQEIRKN:0.3333333333333333	YFDMLLIH:0.3333333333333333	IQVFTGPF:0.5	SGYNTTLN:0.4166666666666667	DFNGVENT:0.3333333333333333	LRDIVVTK:0.8333333333333334	VSVGGGRF:0.6666666666666666	KADLSISM:0.5	YCQHILGM:0.8333333333333334	SLRDIVVT:0.8333333333333334	LLFYCQHI:0.25	QPLILVSV:0.3333333333333333	GVRAMILP:0.25	FELIPLLE:0.5833333333333334	TGVRAMIL:0.25	NLPAIKTD:0.75	HILGMGHL:0.8333333333333334	FDMLLIHG:0.3333333333333333	SFELIPLL:0.3333333333333333	FPFGRGKF:0.3333333333333333	YMQKADLS:0.4166666666666667	DLSISMSG:0.5	VRAMILPF:0.3333333333333333	LPAIKTDS:0.25	AEVQEIRK:0.25	LVRSMEIV:0.5	RDIVVTKT:0.25	RFGHELID:0.25	RLMNQYFD:0.25	INLPAIKT:0.5833333333333334	LFPFGRGK:0.3333333333333333	GHLVRSME:0.6666666666666666	CRLMNQYF:0.25	ILGMGHLV:0.6666666666666666	FGHELIDC:0.25	FQVCFING:0.3333333333333333	SISMSGYN:0.5	YTGYVVQK:0.3333333333333333	GGGRFGHE:0.6666666666666666	MLLIHGDP:0.25	FDFNGVEN:0.3333333333333333	LSISMSGY:0.5	PAIKTDSE:0.25	ADLSISMS:0.5	FSFELIPL:0.4166666666666667	SVGGGRFG:0.8333333333333334	QKADLSIS:0.5	HLVRSMEI:0.6666666666666666	LLIHGDPN:0.25	CQHILGMG:0.8333333333333334	LILVSVGG:0.5	GMGHLVRS:0.75	FYCQHILG:0.9166666666666666	VGGGRFGH:0.8333333333333334	SMEIVRGL:0.5833333333333334	ISMSGYNT:0.5	RSMEIVRG:0.5833333333333334	GGRFGHEL:0.6666666666666666	VSSLRDIV:0.4166666666666667	VRSMEIVR:0.5	IELFPFGR:0.6666666666666666	MGHLVRSM:0.5833333333333334	LAEVQEIR:0.25	AIKTDSEF:0.25	GRFGHELI:0.3333333333333333	QHILGMGH:0.8333333333333334	DMLLIHGD:0.3333333333333333	DIVVTKTN:0.25	DFQVCFIN:0.25	SYMQKADL:0.3333333333333333	AMILPFTG:0.3333333333333333	YNTTMNIL:0.3333333333333333	NTTMNILT:0.25	QVFTGPFI:0.4166666666666667	KVVSSLRD:0.25	SGYNTTMN:0.3333333333333333	VVSSLRDI:0.25	VFTGPFIP:0.25	ICFINGGE:0.25	MILPFTGN:0.3333333333333333	EVINLPAI:0.5	TTMNILTT:0.25	GVEVINLP:0.3333333333333333	DIVVTKQN:0.25	RDIVVTKQ:0.5833333333333334	YYTGYVVQ:0.25	VINLPAIK:0.5	GYNTTMNI:0.3333333333333333	MFYCQHIL:0.6666666666666666	LMFYCQHI:0.5833333333333334	MSGYNTTM:0.3333333333333333	GRFGHELL:0.3333333333333333	VEVINLPA:0.3333333333333333	LPAIKTDA:0.3333333333333333	PLEETFSR:0.25	FINGGEVI:0.25	MKKLMFYC:0.3333333333333333	CFINGGEV:0.3333333333333333	LFPFGRRR:0.5	KKLMFYCQ:0.3333333333333333	TKVVCSLR:0.25	RFSFELIP:0.25	RRFSFELI:0.25	GYNTTLNI:0.25	MIELFPFG:0.4166666666666667	KLMFYCQH:0.4166666666666667	VCSLRDIV:0.3333333333333333	CSLRDIVV:0.4166666666666667	KVVCSLRD:0.3333333333333333	PFGRRRFS:0.4166666666666667	GRRRFSFE:0.3333333333333333	ELFPFGRR:0.5	LMIELFPF:0.25	RRRFSFEL:0.3333333333333333	FGRRRFSF:0.3333333333333333	FPFGRRRF:0.5	VVCSLRDI:0.25	VVTKQDQA:0.3333333333333333	VTKQDQAR:0.25	TGNDDQEQ:0.25	IVVTKQDQ:0.3333333333333333	KQDQARHE:0.25	DIVVTKQD:0.3333333333333333	FTGNDDQE:0.25	TKQDQARH:0.25	LPFTGNDD:0.25	PFTGNDDQ:0.25	NRYFDLLL:0.25	VHYTGYVV:0.25	VCFINGGE:0.25	EEKVCKLM:0.25	GGRFGHDL:0.25	EKVCKLMN:0.25	GGGRFGHD:0.25	CKLMNKYF:0.25	KVCKLMNK:0.25	VCKLMNKY:0.25	KLMNKYFD:0.25	IPHHIQVF:0.3333333333333333	KIPHHIQV:0.3333333333333333	NLLSYMQK:0.25	HIQVFTGP:0.25	LSYMQKAD:0.25	FDLLLIHG:0.25	HHIQVFTG:0.3333333333333333	LLSYMQKA:0.25	DLLLIHGD:0.25	LLLIHGDP:0.25	YFDLLLIH:0.3333333333333333	PHHIQVFT:0.3333333333333333	
