cluster number:407
GT1:32	GT1:32
ENYQDLLL:0.4375	VLIVSTAY:0.4375	IVSTAYVI:0.4375	LASLVLIV:0.4375	TEKDTKDG:0.40625	PLLGSSHI:0.4375	IRFAMCGS:0.4375	GEMIRLLE:0.4375	VVRIRFAM:0.4375	INTPSLTG:0.4375	QRFAHFIK:0.28125	LQSVKTII:0.4375	RLLENYQD:0.4375	LGYSDEAS:0.4375	LLGSSHIV:0.4375	WVVDEFIV:0.4375	KTAYLASL:0.4375	IIGTLVQS:0.4375	YLASLVLI:0.4375	QSVKTIIG:0.4375	EKDTKDGV:0.375	RFAMCGSP:0.4375	LLPLLGSS:0.40625	YQDLLLGK:0.4375	AILPFFHT:0.4375	GVNLLKIR:0.40625	ARINTPSL:0.4375	ILPFFHTQ:0.4375	LLKIRKSS:0.34375	FAHFIKKF:0.28125	IAILPFFH:0.4375	IRKSSKKP:0.34375	NTPSLTGK:0.4375	DGVNLLKI:0.40625	SRQRFAHF:0.28125	GPGTCCII:0.71875	IFVFLGSG:0.46875	KIRKSSKK:0.34375	EASRQRFA:0.4375	VRIRFAMC:0.4375	FHTQAGTE:0.40625	KDGVNLLK:0.40625	KILYWVVD:0.4375	SSKKPLKI:0.375	FMKAREVK:0.4375	LGKSIVYL:0.4375	SGGHTGEM:0.96875	KAREVKAT:0.4375	GHCKVEYY:0.375	ASLVLIVS:0.4375	KKPLKIFV:0.40625	KFGHCKVE:0.375	RDNYLPRS:0.4375	HIVYVESL:0.46875	DTKDGVNL:0.40625	ELLLPLLG:0.40625	LLGKSIVY:0.4375	FGHCKVEY:0.375	ATLLQSVK:0.4375	VYVESLAR:0.875	NGPGTCCI:0.84375	TAYVIRLI:0.40625	VYLGYSDE:0.4375	FIKKFGHC:0.4375	SSHIVYVE:0.46875	FFHTQAGT:0.4375	SKWFGILV:0.40625	GKSIVYLG:0.4375	YLGYSDEA:0.4375	FLGSGGHT:0.96875	CKVEYYEF:0.34375	ESLARINT:0.53125	QSFVHVVR:0.4375	LKIFVFLG:0.40625	KATLLQSV:0.4375	TGEMIRLL:0.4375	TLVQSFVH:0.4375	GSPHLFLL:0.4375	TGKILYWV:0.4375	RLIAILPF:0.40625	FVHVVRIR:0.4375	SFVHVVRI:0.4375	IVYVESLA:0.75	SPHLFLLN:0.4375	QDLLLGKS:0.4375	LGSSHIVY:0.4375	LVLIVSTA:0.4375	LVQSFVHV:0.4375	EYYEFMKA:0.34375	LRDNYLPR:0.4375	TLLQSVKT:0.4375	LKIRKSSK:0.34375	YSDEASRQ:0.4375	HLFLLNGP:0.4375	HVVRIRFA:0.4375	IMELLLPL:0.40625	SLVLIVST:0.4375	SLTGKILY:0.65625	NLLKIRKS:0.375	MIRLLENY:0.4375	RKSSKKPL:0.34375	LLNGPGTC:0.875	VKTIIGTL:0.4375	ASRQRFAH:0.28125	GHTGEMIR:0.46875	ILYWVVDE:0.4375	GTLVQSFV:0.4375	MELLLPLL:0.40625	KKFGHCKV:0.4375	HCKVEYYE:0.34375	FVFLGSGG:0.71875	SLARINTP:0.4375	LLENYQDL:0.4375	LNGPGTCC:0.875	KDTKDGVN:0.40625	AYLASLVL:0.4375	RSKWFGIL:0.40625	NYLPRSKW:0.4375	LTGKILYW:0.4375	YEFMKARE:0.40625	YWVVDEFI:0.4375	VEYYEFMK:0.34375	KIFVFLGS:0.40625	LKIMELLL:0.40625	DNYLPRSK:0.4375	AHFIKKFG:0.28125	LENYQDLL:0.4375	HTQAGTEK:0.40625	GTEKDTKD:0.40625	GSGGHTGE:0.96875	HFIKKFGH:0.28125	LFLLNGPG:0.4375	REVKATLL:0.4375	SHIVYVES:0.46875	PHLFLLNG:0.4375	TPSLTGKI:0.4375	CGSPHLFL:0.4375	TQAGTEKD:0.40625	MCGSPHLF:0.4375	LPRSKWFG:0.4375	KSSKKPLK:0.34375	IGTLVQSF:0.4375	VFLGSGGH:0.84375	SIVYLGYS:0.4375	LPLLGSSH:0.40625	RQRFAHFI:0.28125	PFFHTQAG:0.4375	VQSFVHVV:0.4375	GGHTGEMI:0.46875	YYEFMKAR:0.40625	VHVVRIRF:0.4375	LYWVVDEF:0.4375	SDEASRQR:0.4375	LIAILPFF:0.40625	KSIVYLGY:0.4375	IRLLENYQ:0.4375	VESLARIN:0.53125	KPLKIFVF:0.40625	VNLLKIRK:0.34375	TKDGVNLL:0.40625	LLLPLLGS:0.40625	IKKFGHCK:0.4375	DEASRQRF:0.4375	LLLGKSIV:0.4375	DEFIVQWQ:0.4375	AGTEKDTK:0.40625	VKATLLQS:0.4375	MKTAYLAS:0.4375	LLQSVKTI:0.4375	YVESLARI:0.6875	FAMCGSPH:0.4375	PRSKWFGI:0.40625	LGSGGHTG:0.96875	EMIRLLEN:0.4375	VIRLIAIL:0.40625	FLLNGPGT:0.4375	YVIRLIAI:0.40625	SKKPLKIF:0.375	PSLTGKIL:0.4375	PGTCCIIS:0.4375	RIRFAMCG:0.4375	WLKIMELL:0.4375	RFAHFIKK:0.28125	IRLIAILP:0.40625	NYQDLLLG:0.4375	LARINTPS:0.4375	PLKIFVFL:0.40625	YLPRSKWF:0.4375	IVYLGYSD:0.4375	QAGTEKDT:0.40625	GSSHIVYV:0.4375	EVKATLLQ:0.4375	HTGEMIRL:0.4375	TAYLASLV:0.4375	DLLLGKSI:0.4375	STAYVIRL:0.40625	TIIGTLVQ:0.4375	MKAREVKA:0.4375	LIVSTAYV:0.4375	KTIIGTLV:0.4375	AYVIRLIA:0.40625	RINTPSLT:0.4375	SVKTIIGT:0.4375	KIMELLLP:0.40625	GKILYWVV:0.4375	AMCGSPHL:0.4375	VVDEFIVQ:0.4375	KVEYYEFM:0.34375	VSTAYVIR:0.4375	AREVKATL:0.4375	EFMKAREV:0.40625	LPFFHTQA:0.4375	VDEFIVQW:0.4375	GYSDEASR:0.4375	WQELRDNY:0.40625	EFIVQWQE:0.40625	IVQWQELR:0.40625	CIISLWLK:0.25	FIVQWQEL:0.4375	LWLKIMEL:0.25	ISLWLKIM:0.25	SLWLKIME:0.25	TCCIISLW:0.25	QWQELRDN:0.40625	CCIISLWL:0.25	GTCCIISL:0.25	VQWQELRD:0.40625	QELRDNYL:0.40625	IISLWLKI:0.25	ELRDNYLP:0.40625	HTGEMLRL:0.3125	LFVFLGSG:0.25	GGHTGEML:0.5	TGEMLRLL:0.25	GHTGEMLR:0.5	LSLTGKIL:0.25	VLLNGPGT:0.28125	HLVLLNGP:0.25	LVLLNGPG:0.25	
