cluster number:44
GT1:48	GT1:48
VIYVAFGS:0.20833333333333334	HCGWNSTL:0.3541666666666667	FQELALGL:0.20833333333333334	QFQELALG:0.20833333333333334	SHCGWNST:0.5833333333333334	CFVSHCGW:0.4166666666666667	QELALGLE:0.22916666666666666	VSHCGWNS:0.4166666666666667	FVSHCGWN:0.4166666666666667	ELALGLEL:0.22916666666666666	CGWNSTLE:0.25	PFLCWPYF:0.375	GVPFLCWP:0.4375	VPFLCWPY:0.375	GWNSTLEG:0.20833333333333334	PFLWVVRP:0.4791666666666667	ACFVSHCG:0.3125	PYPAQGHV:0.22916666666666666	QGHVIPLM:0.25	PAQGHVIP:0.3125	WPYFADQF:0.22916666666666666	AQGHVIPL:0.22916666666666666	THCGWNST:0.22916666666666666	CGWNSTME:0.3541666666666667	GSVVYVAF:0.22916666666666666	GRPFLWVV:0.375	WAPQQRVL:0.20833333333333334	WNSTMEGV:0.20833333333333334	GWNSTMEG:0.25	LTGRPFLW:0.2916666666666667	VVYVAFGS:0.5416666666666666	HCGWNSTM:0.3541666666666667	TGRPFLWV:0.3125	SVVYVAFG:0.5416666666666666	RPFLWVVR:0.4583333333333333	FLWVVRPD:0.25	VACFVSHC:0.22916666666666666	GHVIPLME:0.20833333333333334	
