cluster number:406
GT1:48	GT1:48
PLITWPLF:0.375	KCLMEGEE:0.20833333333333334	ITWPLFAE:0.375	PLFAEQRM:0.2916666666666667	LITWPLFA:0.3541666666666667	AEQRMNAV:0.2708333333333333	LFAEQRMN:0.2916666666666667	TWPLFAEQ:0.375	FAEQRMNA:0.2916666666666667	WPLFAEQR:0.375	VPLITWPL:0.4166666666666667	GVPLITWP:0.4375	HCGWNSTL:0.375	FLWVVRAP:0.2708333333333333	WNSTLESV:0.2708333333333333	CGWNSTLE:0.375	LWVVRAPS:0.22916666666666666	GWNSTLES:0.375	FGSGGTLS:0.5625	SFGSGGTL:0.5833333333333334	CSVLYVSF:0.22916666666666666	GSGGTLSQ:0.4583333333333333	GGFLSHCG:0.3333333333333333	VNENGIVE:0.20833333333333334	GFLSHCGW:0.3333333333333333	KFLWVVRA:0.22916666666666666	VSFGSGGT:0.5625	HGVPLITW:0.2916666666666667	GGTLSQEQ:0.2916666666666667	VLYVSFGS:0.5625	PSGFLERT:0.22916666666666666	FLSHCGWN:0.3125	SGGTLSQE:0.2916666666666667	LALGLELS:0.3125	GFLERTKE:0.4375	LSHCGWNS:0.3125	FLERTKEK:0.2708333333333333	YVSFGSGG:0.5	SGFLERTK:0.25	PCSVLYVS:0.20833333333333334	LERTKEKG:0.2708333333333333	FLPSGFLE:0.20833333333333334	LPSGFLER:0.22916666666666666	ELALGLEL:0.3125	LYVSFGSG:0.5	SVLYVSFG:0.5625	THCGWNST:0.25	LTHCGWNS:0.4166666666666667	GFLTHCGW:0.375	GGFLTHCG:0.375	LSEGLKVG:0.20833333333333334	FLTHCGWN:0.3958333333333333	GWNSVLES:0.22916666666666666	CGWNSVLE:0.22916666666666666	LKVALRPK:0.20833333333333334	AWPLFAEQ:0.2916666666666667	HCGWNSVL:0.22916666666666666	GLKVALRP:0.20833333333333334	DGLKVALR:0.20833333333333334	SVGGFLSH:0.25	VGGFLSHC:0.25	
