cluster number:155
GT1:22	GT1:22|2.4.1.-:2|2.4.-.-:2
NVRAVDFV:0.5454545454545454	RDDPLREW:0.3181818181818182	AAKSHMHA:0.3181818181818182	AWALRAAG:0.22727272727272727	WALRAAGH:0.22727272727272727	RRVCLTLG:0.22727272727272727	MRVLFTTF:0.3181818181818182	LFTTFAAK:0.45454545454545453	AKSHMHAQ:0.3181818181818182	PLREWLTW:0.3181818181818182	DPLREWLT:0.3181818181818182	TLGVAHRE:0.3181818181818182	TFAAKSHM:0.3181818181818182	PEQRDDPL:0.22727272727272727	DNVRAVDF:0.45454545454545453	QRDDPLRE:0.22727272727272727	FTTFAAKS:0.3181818181818182	RVLFTTFA:0.3181818181818182	VRAVDFVP:0.5	DDPLREWL:0.3181818181818182	HGVPQLIV:0.5	AGHDVRIA:0.2727272727272727	RAVDFVPL:0.45454545454545453	LTLGVAHR:0.22727272727272727	ALRAAGHD:0.22727272727272727	RAAGHDVR:0.22727272727272727	EQRDDPLR:0.22727272727272727	TTFAAKSH:0.3181818181818182	KSHMHAQV:0.3181818181818182	DVEVVATL:0.5	EVVATLNE:0.22727272727272727	CLTLGVAH:0.22727272727272727	FAAKSHMH:0.3181818181818182	VEVVATLN:0.3181818181818182	AAGHDVRI:0.22727272727272727	PDNVRAVD:0.45454545454545453	VLFTTFAA:0.5909090909090909	LGVAHREV:0.3181818181818182	GVAHREVL:0.3181818181818182	LRAAGHDV:0.22727272727272727	RLLFGLDL:0.3181818181818182	SAVIHHGG:0.22727272727272727	GVPQLIVP:0.45454545454545453	ARLLFGLD:0.3181818181818182	MKVLFTTF:0.2727272727272727	AELDVEVV:0.22727272727272727	PNDIVPVL:0.22727272727272727	VTGAAHAR:0.22727272727272727	LAHGVPQL:0.22727272727272727	CSAVIHHG:0.22727272727272727	ALAHGVPQ:0.22727272727272727	NALLPTCS:0.22727272727272727	HHGGSGTF:0.2727272727272727	PQLIVPDM:0.2727272727272727	LLPTCSAV:0.22727272727272727	TRTGLTAV:0.2727272727272727	PLNALLPT:0.2727272727272727	LPDNVRAV:0.36363636363636365	KVLFTTFA:0.2727272727272727	TPSPNDIV:0.36363636363636365	AHARLLFG:0.4090909090909091	SPNDIVPV:0.22727272727272727	PTCSAVIH:0.22727272727272727	ALAELDVE:0.22727272727272727	LNALLPTC:0.2727272727272727	VIHHGGSG:0.36363636363636365	ALLPTCSA:0.2727272727272727	VGQWTIDP:0.22727272727272727	DFVPLNAL:0.3181818181818182	VDFVPLNA:0.3181818181818182	AVIHHGGS:0.36363636363636365	HARLLFGL:0.3181818181818182	AVDFVPLN:0.22727272727272727	GTPSPNDI:0.36363636363636365	ASQPDLAE:0.22727272727272727	PSPNDIVP:0.4090909090909091	NDIVPVLE:0.22727272727272727	TCSAVIHH:0.22727272727272727	GAAHARLL:0.45454545454545453	LDVEVVAT:0.36363636363636365	IHHGGSGT:0.36363636363636365	AHGVPQLI:0.22727272727272727	VPLNALLP:0.3181818181818182	ITRTGLTA:0.2727272727272727	VGTPSPND:0.2727272727272727	FVPLNALL:0.3181818181818182	ELDVEVVA:0.22727272727272727	AAHARLLF:0.4090909090909091	RLLEEPSF:0.2727272727272727	WRPDLVVW:0.22727272727272727	RPDLVVWD:0.22727272727272727	GHEVRIAS:0.22727272727272727	AGHEVRIA:0.22727272727272727	VRIASQPD:0.22727272727272727	EVRIASQP:0.22727272727272727	HEVRIASQ:0.22727272727272727	TAGHEVRI:0.22727272727272727	VPVRYVPY:0.22727272727272727	
