cluster number:227
GT1:17	GT1:17|GT2:1
PIVVPRDP:0.7058823529411765	FDRLVGWL:0.23529411764705882	HVDNHQQL:0.23529411764705882	RLGAAGMV:0.29411764705882354	VDNHQQLF:0.23529411764705882	HLPIVVPR:0.5294117647058824	RRLGAAGM:0.29411764705882354	EHVDNHQQ:0.23529411764705882	GHLPIVVP:0.47058823529411764	LPIVVPRD:0.6470588235294118	FDRLVDWL:0.23529411764705882	IVVPRDPA:0.35294117647058826	TDKHPFDR:0.29411764705882354	FARRLGAA:0.4117647058823529	GGPATILE:0.47058823529411764	VAVGTDKH:0.29411764705882354	KHPFDRLV:0.29411764705882354	LVVCHGGP:0.47058823529411764	LFARRLGA:0.4117647058823529	TVQHGHTR:0.23529411764705882	LLVAVGTD:0.23529411764705882	VCHGGPAT:0.5294117647058824	EARRHGHL:0.35294117647058826	ARRLGAAG:0.4117647058823529	ILEARRHG:0.47058823529411764	GTDKHPFD:0.29411764705882354	LVALCETR:0.23529411764705882	GPATILEA:0.47058823529411764	PATILEAR:0.47058823529411764	HGGPATIL:0.47058823529411764	TILEARRH:0.47058823529411764	RHGHLPIV:0.35294117647058826	LTVQHGHT:0.47058823529411764	QQLFARRL:0.29411764705882354	ADLVVCHG:0.47058823529411764	LVAVGTDK:0.29411764705882354	LEARRHGH:0.35294117647058826	LGAAGLVA:0.29411764705882354	CHGGPATI:0.5294117647058824	GLVALCET:0.23529411764705882	GAAGLVAL:0.29411764705882354	AGLVALCE:0.29411764705882354	ARRHGHLP:0.35294117647058826	RRHGHLPI:0.35294117647058826	VVCHGGPA:0.5294117647058824	VGTDKHPF:0.35294117647058826	HGHLPIVV:0.35294117647058826	DLVVCHGG:0.5294117647058824	HQQLFARR:0.29411764705882354	RLGAAGLV:0.29411764705882354	AAGLVALC:0.29411764705882354	DKHPFDRL:0.29411764705882354	ATILEARR:0.47058823529411764	RRLGAAGL:0.29411764705882354	QLFARRLG:0.29411764705882354	AVGTDKHP:0.35294117647058826	AVPFLGHD:0.23529411764705882	GAVPFLGH:0.29411764705882354	LCETREAL:0.23529411764705882	RAAVARVG:0.23529411764705882	VALCETRE:0.23529411764705882	HVDDHQLL:0.29411764705882354	EHVDDHQL:0.35294117647058826	ALCETREA:0.23529411764705882	GEHVDDHQ:0.5882352941176471	RGEHVDDH:0.35294117647058826	PGAVPFLG:0.23529411764705882	DDHQLLFA:0.23529411764705882	VDDHQLLF:0.29411764705882354	DDHQQLFA:0.23529411764705882	HVDDHQQL:0.29411764705882354	EHVDDHQQ:0.29411764705882354	DHQQLFAR:0.23529411764705882	VDDHQQLF:0.29411764705882354	ADADLVVC:0.23529411764705882	DADLVVCH:0.23529411764705882	
