cluster number:238
GT1:17	GT1:17
RIVGPIFA:0.23529411764705882	TRMIEVAK:0.4117647058823529	LAETTRMI:0.4117647058823529	GEGTVQTA:0.7058823529411765	ILFAPAVF:0.29411764705882354	FGFSKTFA:0.29411764705882354	VGPIFAKL:0.29411764705882354	GNAIALTK:0.29411764705882354	IVGPIFAK:0.29411764705882354	ALTKPVTE:0.29411764705882354	PAVFNLAE:0.29411764705882354	YFAMGSSG:0.6470588235294118	NPFTKEMV:0.29411764705882354	EGTVQTAC:0.47058823529411764	DFSFIHGG:0.29411764705882354	NAIALTKP:0.29411764705882354	MGSSGNPR:0.29411764705882354	RMIEVAKA:0.23529411764705882	NYRIVGPI:0.23529411764705882	NLAETTRM:0.4117647058823529	MDADLNLI:0.29411764705882354	VTIFLSAR:0.29411764705882354	AIALTKPV:0.29411764705882354	AETTRMIE:0.4117647058823529	SFIHGGEG:0.29411764705882354	PFTKEMVA:0.29411764705882354	IYFAMGSS:0.23529411764705882	LFAPAVFN:0.29411764705882354	ETTRMIEV:0.4117647058823529	SLPEEVLT:0.23529411764705882	GSNVTIFL:0.29411764705882354	GSSGNPRM:0.29411764705882354	AVFNLAET:0.29411764705882354	AMGSSGNP:0.29411764705882354	DADLNLIT:0.47058823529411764	MMDADLNL:0.29411764705882354	APAVFNLA:0.29411764705882354	IPLVYVKP:0.29411764705882354	DLNLITTP:0.29411764705882354	FFGFSKTF:0.29411764705882354	HGGEGTVQ:0.8823529411764706	IDFSFIHG:0.29411764705882354	KNPFTKEM:0.29411764705882354	VTGSNVTI:0.29411764705882354	PEEVLTFI:0.23529411764705882	IHGGEGTV:0.5294117647058824	FSFIHGGE:0.29411764705882354	ADLNLITT:0.29411764705882354	CVKYGNAI:0.23529411764705882	LVYVKPYA:0.29411764705882354	VFNLAETT:0.29411764705882354	IVTGSNVT:0.29411764705882354	TTRMIEVA:0.4117647058823529	NVTIFLSA:0.29411764705882354	YGNAIALT:0.29411764705882354	SNVTIFLS:0.29411764705882354	FAPAVFNL:0.35294117647058826	FNLAETTR:0.7647058823529411	PLVYVKPY:0.29411764705882354	YRIVGPIF:0.23529411764705882	TGSNVTIF:0.29411764705882354	GGEGTVQT:0.8235294117647058	KQEEQIIK:0.29411764705882354	LPEEVLTF:0.23529411764705882	FIHGGEGT:0.29411764705882354	FAMGSSGN:0.5882352941176471	IALTKPVT:0.29411764705882354	VYFAMGSS:0.4117647058823529	GKPFIGIG:0.23529411764705882	AETTRSIE:0.23529411764705882	LAETTRSI:0.23529411764705882	FAPETFNL:0.4117647058823529	VVIGTTLS:0.29411764705882354	NLAETTRS:0.23529411764705882	TFNLAETT:0.47058823529411764	APETFNLA:0.47058823529411764	TTRSIEVA:0.23529411764705882	PETFNLAE:0.47058823529411764	ETFNLAET:0.47058823529411764	TRSIEVAK:0.23529411764705882	ETTRSIEV:0.23529411764705882	AVVIGTTL:0.23529411764705882	VYVKPFAY:0.23529411764705882	FSGYSERY:0.23529411764705882	SQFVSARA:0.23529411764705882	HLLGDLID:0.23529411764705882	LGDLIDAS:0.23529411764705882	PFAYSWPH:0.23529411764705882	RPVVYFAM:0.23529411764705882	LVYVKPFA:0.23529411764705882	GKPFVGIG:0.23529411764705882	CVFSGYSE:0.23529411764705882	AHLLGDLI:0.23529411764705882	ELSRMPVT:0.23529411764705882	DLLPAHLL:0.23529411764705882	VVYFAMGS:0.23529411764705882	LFAPETFN:0.35294117647058826	GDLIDASV:0.23529411764705882	VKPFAYSW:0.23529411764705882	PVVYFAMG:0.23529411764705882	LLGDLIDA:0.23529411764705882	KPFAYSWP:0.23529411764705882	LSRMPVTV:0.23529411764705882	LLPAHLLG:0.23529411764705882	PAHLLGDL:0.23529411764705882	VFSGYSER:0.23529411764705882	PFVGIGLQ:0.23529411764705882	PLVYVKPF:0.23529411764705882	VPLVYVKP:0.23529411764705882	LPAHLLGD:0.23529411764705882	YVKPFAYS:0.23529411764705882	KPFVGIGL:0.23529411764705882	AMGSSGNR:0.29411764705882354	
