cluster number:96
GT1:46	GT1:46
DNMWGENY:0.32608695652173914	VVDKKIGF:0.2826086956521739	SLGSLGSA:0.2608695652173913	NMWGENYV:0.5434782608695652	SPHKFIIS:0.21739130434782608	THGGNNTF:0.6521739130434783	MIVIPYFY:0.21739130434782608	IVIPYFYD:0.21739130434782608	AQRVVDKK:0.30434782608695654	IYFSLGSL:0.3695652173913043	WGENYVNQ:0.4782608695652174	DNAQRVVD:0.4782608695652174	LVITHGGN:0.6956521739130435	KPMIVIPY:0.34782608695652173	KLIYFSLG:0.43478260869565216	KSPHKFII:0.21739130434782608	FSLGSLGS:0.43478260869565216	YFSLGSLG:0.34782608695652173	PGKLIYFS:0.5	LIYFSLGS:0.43478260869565216	ENYVNQIK:0.21739130434782608	VIPYFYDQ:0.21739130434782608	DKPGKLIY:0.2826086956521739	KKIGFRVN:0.2826086956521739	LGSLGSAD:0.2391304347826087	VDLVITHG:0.6739130434782609	FDNAQRVV:0.32608695652173914	ITHGGNNT:0.8043478260869565	DLVITHGG:0.717391304347826	GENYVNQI:0.3695652173913043	PMIVIPYF:0.2391304347826087	PHKFIISK:0.2608695652173913	GKLIYFSL:0.43478260869565216	DQFDNAQR:0.34782608695652173	RVVDKKIG:0.2826086956521739	QFDNAQRV:0.34782608695652173	NAQRVVDK:0.3695652173913043	VDKKIGFR:0.2826086956521739	GKPMIVIP:0.30434782608695654	DKKIGFRV:0.2826086956521739	VITHGGNN:0.8260869565217391	MWGENYVN:0.4782608695652174	QRVVDKKI:0.2826086956521739	KPGKLIYF:0.41304347826086957	HKFIISKG:0.2608695652173913	SPHRFIVS:0.2826086956521739	KSPHRFIV:0.2826086956521739	HRFIVSKG:0.41304347826086957	RFIVSKGP:0.391304347826087	PHRFIVSK:0.391304347826087	AKSPHRFI:0.21739130434782608	YGKPMIVI:0.2608695652173913	LYYGKPMI:0.3695652173913043	YYGKPMIV:0.3695652173913043	TLYYGKPM:0.3695652173913043	ETLYYGKP:0.3695652173913043	DNAQRAVD:0.21739130434782608	IDAFGHIN:0.21739130434782608	ILAKSPHK:0.2391304347826087	AILAKSPH:0.21739130434782608	AKSPHKFI:0.2608695652173913	LAKSPHKF:0.2608695652173913	LADNMWGE:0.2826086956521739	ADNMWGEN:0.2826086956521739	GGNNTFME:0.32608695652173914	EGLKAAGH:0.21739130434782608	NTFMETLY:0.32608695652173914	PPFSGYSV:0.21739130434782608	GNNTFMET:0.32608695652173914	METLYYGK:0.2826086956521739	NNTFMETL:0.32608695652173914	GLKAAGHE:0.21739130434782608	FMETLYYG:0.2826086956521739	TFMETLYY:0.2826086956521739	PPPFSGYS:0.2391304347826087	LELADNMW:0.21739130434782608	GPPPFSGY:0.2391304347826087	HGGNNTFM:0.32608695652173914	ELADNMWG:0.21739130434782608	
