cluster number:146
GT1:46	GT1:46|2.4.1.-:2
TGAFLSHC:0.30434782608695654	GWNSVLES:0.5869565217391305	SHCGWNSV:0.5652173913043478	AFLSHCGW:0.391304347826087	GAFLSHCG:0.32608695652173914	CGWNSVLE:0.5652173913043478	FLSHCGWN:0.6521739130434783	STGAFLSH:0.2391304347826087	HCGWNSVL:0.5434782608695652	LSHCGWNS:0.6521739130434783	VCVEVARG:0.2826086956521739	GVCVEVAR:0.2391304347826087	NSVLESLS:0.30434782608695654	QGHIIPFL:0.3695652173913043	WNSVLESL:0.391304347826087	MAQGHIIP:0.30434782608695654	FPFMAQGH:0.21739130434782608	AQGHIIPF:0.32608695652173914	IIPFLALA:0.21739130434782608	HIIPFLAL:0.21739130434782608	FIWVVRPP:0.2826086956521739	FMAQGHII:0.21739130434782608	GHIIPFLA:0.21739130434782608	PFMAQGHI:0.21739130434782608	GVPIIGWP:0.21739130434782608	LYISFGSQ:0.391304347826087	GWPLAAEQ:0.2391304347826087	YISFGSQN:0.32608695652173914	VLYISFGS:0.4782608695652174	SVLYISFG:0.5217391304347826	
