cluster number:331
GT1:28	GT1:28
GQDGETLA:0.25	AVGGGQDG:0.2857142857142857	TMGLGHKR:0.8571428571428571	VDNVPRGA:0.7142857142857143	FMPESVRQ:0.2857142857142857	IRRYYDAV:0.2857142857142857	RIVLYSHD:0.25	LGLVDVLH:0.2857142857142857	GLGHKRRN:0.8571428571428571	VFIVDNVP:0.39285714285714285	CVLGLRDV:0.25	FQKPALII:0.21428571428571427	ELDPSLEY:0.21428571428571427	AVWIYGDP:0.25	ALIIPRIK:0.21428571428571427	AIAFAQIP:0.25	DAVWIYGD:0.25	KPRQEQWL:0.25	IAFAQIPF:0.25	RYYDAVWI:0.21428571428571427	RQEQWLRA:0.2857142857142857	GPFMPESV:0.2857142857142857	VRRDWQRA:0.21428571428571427	DWQRADNE:0.21428571428571427	ILSFQKPA:0.21428571428571427	VLGLRDVL:0.32142857142857145	LIIPRIKP:0.21428571428571427	PRQEQWLR:0.2857142857142857	GDPQVYDL:0.2857142857142857	GGQDGETL:0.25	GLVDVLHP:0.2857142857142857	FAQIPFTA:0.25	GAVGGGQD:0.2857142857142857	CEILSFQK:0.39285714285714285	FQPDVFIV:0.35714285714285715	IPRIKPRQ:0.21428571428571427	MGLGHKRR:0.8571428571428571	IIPRIKPR:0.21428571428571427	RRYYDAVW:0.2857142857142857	LLTGPFMP:0.2857142857142857	ETLAIAFA:0.25	DGETLAIA:0.25	YDAVWIYG:0.21428571428571427	LGLRDVLD:0.4642857142857143	TGPFMPES:0.2857142857142857	PGVLLTGP:0.2857142857142857	QDGETLAI:0.25	RFVLGAVG:0.21428571428571427	ISGMGDGN:0.21428571428571427	IYGDPQVY:0.21428571428571427	EILSFQKP:0.21428571428571427	VLLTGPFM:0.2857142857142857	HDTMGLGH:0.8571428571428571	YGDPQVYD:0.2857142857142857	LGAVGGGQ:0.2857142857142857	QKPALIIP:0.21428571428571427	IVLYSHDT:0.2857142857142857	ERELDPSL:0.25	YSHDTMGL:0.8571428571428571	AFAQIPFT:0.25	RCVLGLRD:0.21428571428571427	VWIYGDPQ:0.21428571428571427	DTMGLGHK:0.8571428571428571	TLAIAFAQ:0.25	AERVIAMG:0.32142857142857145	MAAAERVI:0.25	DPQVYDLR:0.2857142857142857	VLGAVGGG:0.21428571428571427	VGGGQDGE:0.25	DVFIVDNV:0.39285714285714285	GGGQDGET:0.25	PDVFIVDN:0.39285714285714285	LAIAFAQI:0.25	EQWLRATR:0.25	WIYGDPQV:0.21428571428571427	QFQPDVFI:0.21428571428571427	LYSHDTMG:0.8571428571428571	PFMPESVR:0.2857142857142857	RDWQRADN:0.21428571428571427	IAMGGYNT:0.4642857142857143	WLRATRLK:0.21428571428571427	GETLAIAF:0.25	RVIAMGGY:0.42857142857142855	RIKPRQEQ:0.25	FVLGAVGG:0.21428571428571427	LSFQKPAL:0.21428571428571427	LMAAAERV:0.25	VLYSHDTM:0.2857142857142857	GLRDVLDD:0.21428571428571427	QEQWLRAT:0.25	SHDTMGLG:0.8571428571428571	AIRRYYDA:0.2857142857142857	GVLLTGPF:0.2857142857142857	LRDVLDDP:0.21428571428571427	VIAMGGYN:0.4642857142857143	PRIKPRQE:0.25	FIVDNVPR:0.5357142857142857	RELDPSLE:0.21428571428571427	QWLRATRL:0.25	RRDWQRAD:0.21428571428571427	KPALIIPR:0.21428571428571427	QPDVFIVD:0.35714285714285715	ERVIAMGG:0.32142857142857145	LTGPFMPE:0.2857142857142857	IVDNVPRG:0.7857142857142857	YYDAVWIY:0.21428571428571427	SFQKPALI:0.21428571428571427	GGYNTTCE:0.75	NTTCEILS:0.4642857142857143	MGGYNTTC:0.75	TTCEILSF:0.4642857142857143	GYNTTCEI:0.5	YNTTCEIL:0.5	TCEILSFQ:0.35714285714285715	AMGGYNTT:0.5714285714285714	NTTCELLS:0.25	CLVGGGQD:0.35714285714285715	NVPRGAVR:0.25	IALYSHDT:0.6071428571428571	HKRRNLLI:0.6785714285714286	ALYSHDTM:0.5714285714285714	LCLVGGGQ:0.35714285714285715	LVGGGQDG:0.35714285714285715	YNTTCELL:0.25	NLLIAQTL:0.4642857142857143	VPRGAVRE:0.25	GYNTTCEL:0.25	LGLRDILD:0.42857142857142855	LGHKRRNL:0.6785714285714286	DNVPRGAV:0.2857142857142857	ILTGPFMP:0.25	KRRNLLIA:0.6071428571428571	ILGLRDIL:0.2857142857142857	LLIAQTLG:0.25	PRGAVREL:0.25	RNLLIAQT:0.4642857142857143	RIALYSHD:0.5714285714285714	TTCELLSF:0.25	VGGGQDGA:0.4642857142857143	RRNLLIAQ:0.6071428571428571	GHKRRNLL:0.6785714285714286	LIVDNVPR:0.25	GLRDVLDE:0.21428571428571427	GLVDMLHP:0.21428571428571427	YDAVWVYG:0.32142857142857145	YTGYLDQR:0.2857142857142857	DAVWVYGD:0.32142857142857145	YYDAVWVY:0.32142857142857145	RYTGYLDQ:0.21428571428571427	AVWVYGDP:0.25	CILGLRDI:0.21428571428571427	LRIALYSH:0.21428571428571427	DNVPRGAM:0.21428571428571427	LTLPALYK:0.2857142857142857	DILMISGM:0.21428571428571427	
