cluster number:80
GT1:33	GT1:33|2.4.1.-:3
ALRAAGHE:0.3939393939393939	LRAAGHEV:0.36363636363636365	AWALRAAG:0.3333333333333333	WALRAAGH:0.3939393939393939	LAWALRAA:0.24242424242424243	PLAWALRA:0.2727272727272727	RAAGHEVL:0.3939393939393939	VPLAWALR:0.5454545454545454	LAWALRSA:0.36363636363636365	VHHGGSGT:0.2727272727272727	VVHHGGSG:0.24242424242424243	LDPCPPSL:0.24242424242424243	PLAWALRS:0.36363636363636365	CDAVVHHG:0.30303030303030304	DPCPPSLQ:0.24242424242424243	AGHEVLVA:0.45454545454545453	ALRSAGHE:0.36363636363636365	RSAGHEVL:0.30303030303030304	LVPLAWAL:0.2727272727272727	SAGHEVLV:0.21212121212121213	LRSAGHEV:0.36363636363636365	WALRSAGH:0.3939393939393939	DAVVHHGG:0.30303030303030304	PLVPLAWA:0.2727272727272727	AVVHHGGS:0.24242424242424243	GHEVLVAG:0.21212121212121213	AWALRSAG:0.3939393939393939	AAGHEVLV:0.3333333333333333	
