cluster number:150
GT1:22	GT1:22
LTGSPIVG:0.3181818181818182	HDTYGLGH:0.8636363636363636	FIVDKEPL:0.22727272727272727	TYGLGHIR:0.8181818181818182	GSPIVGRY:0.2727272727272727	DKEPLGLK:0.22727272727272727	VDKEPLGL:0.22727272727272727	LVVSMGGY:0.22727272727272727	NILMYSHD:0.6818181818181818	VRIPGMIK:0.6363636363636364	LILTGSPI:0.45454545454545453	IVDKEPLG:0.22727272727272727	LGLRDIMD:0.4090909090909091	GHIRRTMA:0.5	VSMGGYNT:0.4090909090909091	DLVVSMGG:0.22727272727272727	SHDTYGLG:0.8636363636363636	IDFVRIPG:0.4090909090909091	YGLGHIRR:0.8181818181818182	DTYGLGHI:0.8181818181818182	ILMYSHDT:0.7727272727272727	DFVRIPGM:0.5909090909090909	VLGLRDIM:0.22727272727272727	ILTGSPIV:0.3181818181818182	MYSHDTYG:0.8181818181818182	LFIVDKEP:0.22727272727272727	RIPGMIKK:0.4090909090909091	TGSPIVGR:0.5454545454545454	IRRTMAIA:0.5	TTGGGGDG:0.3181818181818182	YSEIWVYG:0.5454545454545454	ILILTGSP:0.5	NILILTGS:0.5	HIRRTMAI:0.5	GLGHIRRT:0.6363636363636364	YSHDTYGL:0.8636363636363636	LGHIRRTM:0.5909090909090909	VVSMGGYN:0.4090909090909091	LMYSHDTY:0.8181818181818182	YNILMYSH:0.5	TYNILMYS:0.22727272727272727	FVRIPGMI:0.5909090909090909	GIDFVRIP:0.22727272727272727	TAGGGGDG:0.2727272727272727	VVLGLRDI:0.2727272727272727	GSPIVGRF:0.2727272727272727	LYSEIWVY:0.4090909090909091	GGYNTICE:0.2727272727272727	TGYIPRKV:0.2727272727272727	LRDIMDDA:0.22727272727272727	FTGYIPRK:0.36363636363636365	YNTICEIL:0.22727272727272727	GGGGDGYP:0.22727272727272727	PGMIKKSN:0.22727272727272727	GLRDIMDD:0.22727272727272727	VFTGYIPR:0.4090909090909091	MGGYNTIC:0.2727272727272727	PDLFIVDK:0.4090909090909091	VNILILTG:0.36363636363636365	SMGGYNTI:0.22727272727272727	GYNTICEI:0.22727272727272727	MGGYNTLC:0.3181818181818182	IKVDPKIA:0.22727272727272727	LIVTGSPI:0.22727272727272727	ILIVTGSP:0.22727272727272727	LMITGPFL:0.22727272727272727	ELADRARA:0.22727272727272727	VDFKTLMI:0.22727272727272727	DFKTLMIT:0.22727272727272727	PHSIKVDP:0.22727272727272727	FKPDLFIV:0.22727272727272727	VTIGGGGD:0.2727272727272727	IGGGGDGY:0.22727272727272727	GGYNTLCE:0.3181818181818182	NILIVTGS:0.22727272727272727	KTLMITGP:0.22727272727272727	VNILIVTG:0.22727272727272727	YVPHSIKV:0.2727272727272727	GLRDILDD:0.3181818181818182	LRDILDDA:0.3181818181818182	HSIKVDPK:0.22727272727272727	FKTLMITG:0.22727272727272727	PGMIKKTN:0.36363636363636365	VLGLRDIL:0.4090909090909091	LGLRDILD:0.5454545454545454	DELADRAR:0.2727272727272727	TMGGYNTL:0.2727272727272727	TLMITGPF:0.22727272727272727	KTVFTGYI:0.22727272727272727	SIKVDPKI:0.22727272727272727	KPDLFIVD:0.22727272727272727	VTGSPIVG:0.22727272727272727	TIGGGGDG:0.2727272727272727	EVLPTLKW:0.22727272727272727	IVTGSPIV:0.22727272727272727	LDELADRA:0.22727272727272727	TVFTGYIP:0.22727272727272727	KVDPKIAI:0.22727272727272727	IPGMIKKT:0.22727272727272727	VTTGGGGD:0.2727272727272727	
