cluster number:122
GT1:248	GT1:248|2.4.1.-:8|2.4.1.203:1
FHITFVNT:0.31048387096774194	GVPMICWP:0.21774193548387097	TFVNTEFN:0.25806451612903225	PMICWPFF:0.20967741935483872	PAQGHINP:0.2661290322580645	FLWIIRPD:0.28225806451612906	PFFAEQQT:0.4596774193548387	VVYVNFGS:0.3911290322580645	FETIPDGL:0.32661290322580644	ICWPFFAE:0.22580645161290322	WPFFAEQQ:0.4717741935483871	ETIPDGLP:0.2701612903225806	THSGWNST:0.2782258064516129	EFAWGLAN:0.5120967741935484	FAWGLANS:0.43951612903225806	SGWNSTLE:0.21370967741935484	FLTHSGWN:0.2903225806451613	FFAEQQTN:0.46774193548387094	NFGSITVM:0.27419354838709675	SVVYVNFG:0.375	PYPAQGHI:0.2217741935483871	AQGHINPM:0.22580645161290322	VPMICWPF:0.2056451612903226	MICWPFFA:0.20161290322580644	GFHITFVN:0.3387096774193548	HITFVNTE:0.29838709677419356	VNFGSITV:0.29435483870967744	ITFVNTEF:0.2056451612903226	CWPFFAEQ:0.46774193548387094	TIPDGLPP:0.2782258064516129	FAEQQTNC:0.41935483870967744	GWNSTLES:0.3629032258064516	HSGWNSTL:0.21370967741935484	YVNFGSIT:0.3346774193548387	FVNTEFNH:0.2661290322580645	VYVNFGSI:0.31451612903225806	QGHINPML:0.20967741935483872	LTHSGWNS:0.2903225806451613	IPDGLPPS:0.2903225806451613	PDGLPPSD:0.23790322580645162	WIIRPDLV:0.2217741935483871	AEQQTNCR:0.2701612903225806	LWIIRPDL:0.21370967741935484	LKLAKLLH:0.22580645161290322	EQQTNCRY:0.24193548387096775	LTHCGWNS:0.4274193548387097	FLTHCGWN:0.4153225806451613	THCGWNST:0.3185483870967742	LEFAWGLA:0.21370967741935484	GFLTHCGW:0.28225806451612906	GGFLTHCG:0.2782258064516129	GVPMLCWP:0.21370967741935484	AWGLANSK:0.2620967741935484	
