cluster number:201
GT1:12	GT1:12
ELFPFGRK:0.3333333333333333	RSLEIAKA:0.25	ISMAGYNT:0.5833333333333334	SMAGYNTC:0.6666666666666666	FGRKAFRF:0.5	AGGGKVGG:0.25	VICSLRDI:0.25	LIELFPFG:0.25	AGYNTCMD:0.25	ICSLRDIL:0.25	MGHFFRSL:0.25	GYNTCMDI:0.25	GHFFRSLE:0.3333333333333333	CSLRDILV:0.6666666666666666	SAGGGKVG:0.3333333333333333	ASAGGGKV:0.25	GMGHFFRS:0.25	LGMGHFFR:0.25	QHVLGMGH:0.3333333333333333	GRKAFRFE:0.5833333333333334	SLRDILVE:0.6666666666666666	YCQHVLGM:0.3333333333333333	FFRSLEIA:0.25	VLGMGHFF:0.25	HVLGMGHF:0.25	SLEIAKAL:0.25	FRSLEIAK:0.25	PFGRKAFR:0.5	YNTCMDIL:0.25	CQHVLGMG:0.25	HFFRSLEI:0.4166666666666667	IELFPFGR:0.25	MAGYNTCM:0.6666666666666666	RKAFRFEL:0.5833333333333334	VCSLRDIL:0.3333333333333333	KVVCSLRD:0.25	VVCSLRDI:0.3333333333333333	ELYPFGRK:0.4166666666666667	LRDILVEK:0.5	VELYPFGR:0.25	LVELYPFG:0.25	DLSISMAG:0.25	AFRFELDP:0.3333333333333333	LSISMAGY:0.3333333333333333	ADLSISMA:0.25	KAFRFELD:0.3333333333333333	SISMAGYN:0.4166666666666667	AGYNTCMN:0.4166666666666667	AADLSISM:0.25	YPFGRKAF:0.3333333333333333	LYPFGRKA:0.3333333333333333	GIGHFFRS:0.25	VLGIGHFF:0.25	QHVLGIGH:0.25	LGIGHFFR:0.25	HVLGIGHF:0.3333333333333333	RDILVEKS:0.25	
