cluster number:363
GT1:109	GT1:109|2.4.1.-:4|2.4.1.121:1|2.4.2.-:1
EALSLGVP:0.29357798165137616	LEALSLGV:0.26605504587155965	NSTLEALS:0.27522935779816515	WNSTLEAL:0.3944954128440367	HCGWNSTL:0.5871559633027523	STLEALSL:0.24770642201834864	CGWNSTLE:0.5871559633027523	GWNSTLEA:0.5229357798165137	TLEALSLG:0.25688073394495414	GCFVTHCG:0.3211009174311927	GHINPMLQ:0.3577981651376147	THCGWNST:0.6238532110091743	NPMLQFSK:0.28440366972477066	PMLQFSKR:0.22018348623853212	INPMLQFS:0.23853211009174313	FVTHCGWN:0.29357798165137616	ALSLGVPM:0.21100917431192662	HINPMLQF:0.3394495412844037	VTHCGWNS:0.29357798165137616	MLQFSKRL:0.22018348623853212	QGHINPML:0.3394495412844037	CFVTHCGW:0.28440366972477066	GGSSDKNI:0.22018348623853212	VVYVSFGS:0.3853211009174312	SVVYVSFG:0.3944954128440367	GSVVYVSF:0.26605504587155965	YVSFGSLA:0.22935779816513763	WCPQLQVL:0.2018348623853211	PSMYLDKR:0.2018348623853211	
