cluster number:152
GT1:29	GT1:29|2.4.1.203:2|2.4.1.-:2
HCGWNSTL:0.3103448275862069	FWTHCGWN:0.3448275862068966	THCGWNST:0.41379310344827586	AFWTHCGW:0.20689655172413793	VLYVSFGS:0.3793103448275862	CGWNSTLE:0.3103448275862069	WTHCGWNS:0.3448275862068966	SVLYVSFG:0.3793103448275862	STLESICE:0.27586206896551724	TLESICEG:0.27586206896551724	WNSTLESI:0.27586206896551724	INPMLQLA:0.20689655172413793	CEGVPMIC:0.3793103448275862	ESICEGVP:0.3448275862068966	NGWNSTLE:0.20689655172413793	ICEGVPMI:0.3448275862068966	THNGWNST:0.3793103448275862	LESICEGV:0.27586206896551724	LWVVRPGS:0.2413793103448276	WVVRPGSV:0.2413793103448276	SICEGVPM:0.3448275862068966	HNGWNSTL:0.20689655172413793	GWNSTLES:0.5517241379310345	FLWVVRPG:0.5172413793103449	NSTLESIC:0.27586206896551724	PFLWVVRP:0.27586206896551724	SSGLILNT:0.20689655172413793	NSTLESVC:0.20689655172413793	WNSTLESV:0.20689655172413793	IVKWAPQQ:0.20689655172413793	PQQEVLAH:0.20689655172413793	SKGFSITI:0.20689655172413793	
