cluster number:269
GT1:328	GT1:328|2.4.1.17:61|2.4.1.-:1
VMRHKGAP:0.22865853658536586	KGAPHLRP:0.21341463414634146	RHKGAPHL:0.22865853658536586	VEFVMRHK:0.21341463414634146	PHLRPAAH:0.21341463414634146	FVMRHKGA:0.4420731707317073	FGDQMDNA:0.2621951219512195	GDQMDNAK:0.2652439024390244	HLRPAAHD:0.29573170731707316	DQMDNAKR:0.2652439024390244	LFGDQMDN:0.2621951219512195	MPLFGDQM:0.2225609756097561	KTRAFITH:0.2073170731707317	APHLRPAA:0.21646341463414634	HKGAPHLR:0.2347560975609756	GAPHLRPA:0.21646341463414634	WVEFVMRH:0.21646341463414634	PKTRAFIT:0.20426829268292682	MRHKGAPH:0.22865853658536586	HPKTRAFI:0.21036585365853658	LRPAAHDL:0.2926829268292683	EFVMRHKG:0.4420731707317073	PLFGDQMD:0.2621951219512195	LPQNDLLG:0.3932926829268293	YHSLDVIG:0.4329268292682927	SLDVIGFL:0.4268292682926829	FWIEFVMR:0.22560975609756098	VVFSLGSM:0.4176829268292683	HSLDVIGF:0.4451219512195122	WYQYHSLD:0.2926829268292683	VFSLGSMV:0.3597560975609756	NDLLGHPK:0.4847560975609756	QYHSLDVI:0.4573170731707317	YQYHSLDV:0.2926829268292683	QNDLLGHP:0.6097560975609756	DLLGHPKT:0.3871951219512195	PQNDLLGH:0.6219512195121951	KWLPQNDL:0.3719512195121951	LDVIGFLL:0.4329268292682927	WLPQNDLL:0.42073170731707316	GHPKTRAF:0.2225609756097561	EEFVQSSG:0.21341463414634146	LGHPKTRA:0.2225609756097561	LLGHPKTR:0.22865853658536586	DVIGFLLA:0.38109756097560976	AVFWVEFV:0.21341463414634146	EGICNGVP:0.21341463414634146	GVPMVMMP:0.21036585365853658	GAGVTLNV:0.21341463414634146	SLGSMVSE:0.20121951219512196	FWVEFVMR:0.21341463414634146	AAHDLTWY:0.24695121951219512	ILVKWLPQ:0.21646341463414634	LSSLHKDR:0.20121951219512196	AHDLTWYQ:0.25609756097560976	HDLTWYQY:0.25609756097560976	MVMMPLFG:0.21341463414634146	AGVTLNVL:0.21036585365853658	TLNVLEMT:0.21341463414634146	NTILVKWL:0.21951219512195122	PAAHDLTW:0.2621951219512195	LGSMVSEI:0.20121951219512196	LDLAVFWV:0.24695121951219512	MDNAKRME:0.24695121951219512	TILVKWLP:0.21951219512195122	ICNGVPMV:0.2804878048780488	VTLNVLEM:0.2073170731707317	LVKWLPQN:0.2682926829268293	GICNGVPM:0.21036585365853658	DLAVFWVE:0.24695121951219512	MMPLFGDQ:0.21341463414634146	QTVLWRYT:0.25609756097560976	FSLGSMVS:0.28353658536585363	GSMVSEIP:0.20426829268292682	DLTWYQYH:0.25609756097560976	IPQTVLWR:0.24390243902439024	VKWLPQND:0.2621951219512195	LTWYQYHS:0.2865853658536585	EPLDLAVF:0.2804878048780488	SSLHKDRP:0.20121951219512196	TWYQYHSL:0.2774390243902439	PQTVLWRY:0.24695121951219512	RPAAHDLT:0.2621951219512195	GVTLNVLE:0.2073170731707317	CNGVPMVM:0.2804878048780488	EIPEKKAM:0.21646341463414634	PMVMMPLF:0.21341463414634146	NGVPMVMM:0.21036585365853658	VFWVEFVM:0.21341463414634146	YEGICNGV:0.21341463414634146	QMDNAKRM:0.24695121951219512	TVLWRYTG:0.24695121951219512	DNAKRMET:0.24085365853658536	VLWRYTGT:0.22560975609756098	VPMVMMPL:0.21341463414634146	VMMPLFGD:0.21341463414634146	PLDLAVFW:0.3048780487804878	HGIYEGIC:0.2073170731707317	EAIYHGVP:0.20121951219512196	IVVFSLGS:0.2804878048780488	SGEHGIVV:0.25914634146341464	EHGIVVFS:0.25	GIVVFSLG:0.2804878048780488	ASGEHGIV:0.24390243902439024	HGIVVFSL:0.25	GEHGIVVF:0.25609756097560976	NASGEHGI:0.24390243902439024	KSYKENIM:0.21951219512195122	
