cluster number:36
GT1:45	GT1:45
FICGEGLG:0.4222222222222222	SIEATLKS:0.2	ICGEGLGH:0.5111111111111111	GSIEATLK:0.24444444444444444	SYSTPPEV:0.28888888888888886	SNMEEFFK:0.24444444444444444	EGLGHTSR:0.6888888888888889	SSDAVIAP:0.2222222222222222	PGGHSTIM:0.3111111111111111	SEIKLVGK:0.2	GFGYREPI:0.4888888888888889	MEEFFKNR:0.2	EEFFKNRG:0.2	EFFKNRGV:0.2	LALGKELL:0.24444444444444444	HSEQESNA:0.24444444444444444	YPLPYTVC:0.2222222222222222	FGAYGYSK:0.5333333333333333	PYTVCRKN:0.2	RCLALGKE:0.4888888888888889	IMIFICGE:0.2	FGYREPIF:0.4444444444444444	EIPSEIKL:0.3111111111111111	SDAVIAPG:0.26666666666666666	SLIGGFGY:0.4444444444444444	DYPLPYTV:0.2222222222222222	INYTLISG:0.2222222222222222	YTVCRKNL:0.2	APGGHSTI:0.35555555555555557	GEGLGHTS:0.6888888888888889	NMEEFFKN:0.2222222222222222	IGGFGYRE:0.37777777777777777	IIIPDYPL:0.2222222222222222	CGEGLGHT:0.8444444444444444	HSTIMEAL:0.3111111111111111	AYGYSKEL:0.2222222222222222	LISGPSLD:0.2	TSRCLALG:0.4888888888888889	MIFICGEG:0.2	NQSNMEEF:0.3111111111111111	LSFPDEGH:0.2	LIGGFGYR:0.4444444444444444	ILSFPDEG:0.2	VSDSYYLG:0.2	VVSDSYYL:0.2	GHTSRCLA:0.4888888888888889	GHSTIMEA:0.3111111111111111	CLALGKEL:0.24444444444444444	LSYSTPPE:0.28888888888888886	MKIMIFIC:0.2	HTSRCLAL:0.4888888888888889	EQESNAAV:0.2222222222222222	IPDYPLPY:0.2222222222222222	EPIFRKVL:0.2	IAPGGHST:0.4888888888888889	TLISGPSL:0.26666666666666666	PDYPLPYT:0.2222222222222222	SYYLGTLA:0.24444444444444444	IIPDYPLP:0.2222222222222222	SDSYYLGT:0.3111111111111111	SRCLALGK:0.4666666666666667	DAVIAPGG:0.3111111111111111	REPIFRKV:0.4	PSEIKLVG:0.2	PILSFPDE:0.28888888888888886	LGHTSRCL:0.4888888888888889	AVIAPGGH:0.3111111111111111	VIAPGGHS:0.4888888888888889	GLGHTSRC:0.6666666666666666	KIMIFICG:0.2	YTLISGPS:0.26666666666666666	ISGPSLDP:0.2	NYTLISGP:0.2222222222222222	VSLIGGFG:0.2	DSYYLGTL:0.24444444444444444	GAYGYSKE:0.4444444444444444	YREPIFRK:0.4	GYREPIFR:0.4444444444444444	IPSEIKLV:0.2	IFICGEGL:0.2222222222222222	QSNMEEFF:0.3111111111111111	GGFGYREP:0.5111111111111111	GGHSTIME:0.3111111111111111	CIREVLED:0.26666666666666666	ELLAAGHE:0.24444444444444444	ECIREVLE:0.26666666666666666	IREVLEDE:0.2222222222222222	LECIREVL:0.26666666666666666	VHFGAYGY:0.2	VIEEEGYG:0.2222222222222222	HFGAYGYS:0.2222222222222222	LVITAGGH:0.28888888888888886	DVVLSDGY:0.2	LSFPDEKH:0.26666666666666666	CLALGKEF:0.2	DLVITAGG:0.28888888888888886	YPLPYSVN:0.2	LSTIGAFG:0.24444444444444444	VPDYPLPY:0.2	VLSTIGAF:0.24444444444444444	VITAGGHG:0.28888888888888886	NVEFTGFT:0.26666666666666666	SDLVITAG:0.28888888888888886	VLEAAKLD:0.2222222222222222	KGSDLVIT:0.2	DYPLPYSV:0.2	PLPYSVNR:0.24444444444444444	LALGKEFL:0.2	GSDLVITA:0.28888888888888886	VVLSDGYY:0.2	ITAGGHGT:0.28888888888888886	GAFGYRAA:0.2	IFFSGPLI:0.28888888888888886	PDYPLPYS:0.2	NVLSTIGA:0.24444444444444444	FFSGPLIR:0.28888888888888886	LEAAKLDP:0.2	LDGPAAVR:0.2	TIGAFGYR:0.24444444444444444	PNVLSTIG:0.24444444444444444	PDVVLSDG:0.2	STIGAFGY:0.24444444444444444	IGAFGYRA:0.24444444444444444	ENVEFTGF:0.2222222222222222	FTENPFPY:0.2	ESLAFGLP:0.2	VYFIGHQF:0.26666666666666666	TAGGHGTI:0.26666666666666666	GYGKRMSY:0.24444444444444444	YFIGHQFN:0.26666666666666666	FIGHQFNM:0.26666666666666666	VDGIIVPD:0.2222222222222222	YGKRMSYL:0.24444444444444444	SVDGIIVP:0.2222222222222222	PVYFIGHQ:0.24444444444444444	NYTLLSGP:0.24444444444444444	VLSLIGGF:0.2222222222222222	HVLSLIGG:0.2222222222222222	EPIFRKVI:0.2	LSLIGGFG:0.2222222222222222	INYTLLSG:0.24444444444444444	PHVLSLIG:0.2222222222222222	
