cluster number:394
GT1:44	GT1:44
YVIRHKGA:0.38636363636363635	YWTEYVIR:0.4318181818181818	VYWTEYVI:0.36363636363636365	WTEYVIRH:0.4090909090909091	TEYVIRHK:0.38636363636363635	EYVIRHKG:0.38636363636363635	LFYDQPRN:0.20454545454545456	PLFYDQPR:0.20454545454545456	FYDQPRNI:0.25	HPNVKLFI:0.4318181818181818	PNVKLFIS:0.36363636363636365	KLFISHGG:0.6136363636363636	VKLFISHG:0.5909090909090909	NVKLFISH:0.38636363636363635	PQRVLWKY:0.2727272727272727	WFPQRDIL:0.25	KWFPQRDI:0.25	VDAGVPVL:0.45454545454545453	YEAVDAGV:0.4090909090909091	GISGVYEA:0.36363636363636365	LFISHGGI:0.38636363636363635	GVPVLGFP:0.4772727272727273	ISGVYEAV:0.36363636363636365	SGVYEAVD:0.38636363636363635	EGEMKDKP:0.22727272727272727	FISHGGIS:0.38636363636363635	GGISGVYE:0.38636363636363635	ISHGGISG:0.38636363636363635	AVDAGVPV:0.38636363636363635	VYEAVDAG:0.38636363636363635	HGGISGVY:0.38636363636363635	GVYEAVDA:0.38636363636363635	SHGGISGV:0.3181818181818182	DAGVPVLG:0.5	IYFTFGSV:0.20454545454545456	EAVDAGVP:0.4090909090909091	AGVPVLGF:0.4772727272727273	LWKYEGEM:0.22727272727272727	VIRHKGAP:0.3181818181818182	VVYWTEYV:0.3409090909090909	ARILAVET:0.20454545454545456	SVVYWTEY:0.3181818181818182	RHKGAPHL:0.4090909090909091	HKGAPHLK:0.3181818181818182	KGAPHLKS:0.25	IRHKGAPH:0.29545454545454547	LNLTWYQY:0.2727272727272727	ALNLTWYQ:0.22727272727272727	DKPKNVMT:0.20454545454545456	PVLGFPLF:0.25	VPVLGFPL:0.3181818181818182	VLWKYEGE:0.20454545454545456	WYQYLLLD:0.20454545454545456	QRVLWKYE:0.22727272727272727	PQREILLH:0.20454545454545456	QREILLHP:0.20454545454545456	KDKPKNVM:0.20454545454545456	MKDKPKNV:0.20454545454545456	
