cluster number:59
GT1:59	GT1:59|2.4.1.91:6|2.4.1.115:2
VAVLAFPF:0.22033898305084745	AVFINSFE:0.2711864406779661	CGWNSLLE:0.288135593220339	HCGWNSLL:0.288135593220339	FINSFEEL:0.2711864406779661	VFINSFEE:0.2711864406779661	HVAVLAFP:0.22033898305084745	INSFEELD:0.2711864406779661	THCGWNSL:0.288135593220339	LFSFFSTS:0.2033898305084746	NTLFSFFS:0.2033898305084746	PNTLFSFF:0.22033898305084745	TLFSFFST:0.2033898305084746	EDVLEIGV:0.2542372881355932	RPFFGDQR:0.288135593220339	FFGDQRLN:0.22033898305084745	FVTHCGWN:0.3389830508474576	GMVVPWAP:0.4406779661016949	CRPFFGDQ:0.3898305084745763	AFVTHCGW:0.4576271186440678	GVPLICRP:0.288135593220339	AVGPKGSS:0.22033898305084745	LICRPFFG:0.2542372881355932	VTHCGWNS:0.3728813559322034	RMVEDVLE:0.2033898305084746	MVVPWAPQ:0.4406779661016949	ICRPFFGD:0.4915254237288136	PLICRPFF:0.2542372881355932	VGPKGSST:0.22033898305084745	VPLICRPF:0.288135593220339	PFFGDQRL:0.2033898305084746	GAFVTHCG:0.4576271186440678	MVEDVLEI:0.2033898305084746	VEDVLEIG:0.2711864406779661	GGVPLICR:0.3050847457627119	FPFSTHAA:0.23728813559322035	ATAVFINS:0.23728813559322035	EALEASRV:0.22033898305084745	TAVFINSF:0.23728813559322035	AEALEASR:0.2033898305084746	STHAAPLL:0.2033898305084746	DGVPEGYV:0.3898305084745763	LEASRVPF:0.22033898305084745	LAEALEAS:0.22033898305084745	FSTHAAPL:0.23728813559322035	GVPEGYVF:0.4067796610169492	AFPFSTHA:0.3220338983050847	ALAEALEA:0.22033898305084745	VGAFVTHC:0.4067796610169492	ALEASRVP:0.22033898305084745	LAFPFSTH:0.2542372881355932	PFSTHAAP:0.23728813559322035	YVSFGSVA:0.3050847457627119	SVGAFVTH:0.23728813559322035	HVHTDLIR:0.23728813559322035	WLDKQKAA:0.2033898305084746	GGVPMICR:0.288135593220339	MICRPFFG:0.2542372881355932	VVYVSFGS:0.3559322033898305	SVVYVSFG:0.3898305084745763	KPQEDIEL:0.3728813559322034	LDKQKAAS:0.2033898305084746	AGGVPMIC:0.2711864406779661	FSRMLHQM:0.22033898305084745	GVPMICRP:0.3220338983050847	LSWLDKQK:0.2033898305084746	LNGMVVPW:0.23728813559322035	IELFMKAA:0.2033898305084746	SWLDKQKA:0.2033898305084746	GCLSWLDK:0.2033898305084746	VPMICRPF:0.3050847457627119	TNDLKSKF:0.3389830508474576	QEDIELFM:0.423728813559322	EDIELFMK:0.2033898305084746	DIELFMKA:0.2033898305084746	PQEDIELF:0.4576271186440678	GKPQEDIE:0.3728813559322034	LNARMVED:0.2033898305084746	CLSWLDKQ:0.3050847457627119	VYVSFGSV:0.3559322033898305	PMICRPFF:0.2542372881355932	ELFMKAAP:0.2033898305084746	SRMLHQMG:0.22033898305084745	ADGVPEGY:0.2033898305084746	VADGVPEG:0.2033898305084746	FGNLDSVF:0.22033898305084745	IAGGVPMI:0.22033898305084745	SLLETIAG:0.22033898305084745	VTNDLKSK:0.22033898305084745	TIAGGVPM:0.22033898305084745	LLETIAGG:0.2033898305084746	PFLWSLKD:0.23728813559322035	VVPWAPQP:0.3220338983050847	EGVIFGNL:0.23728813559322035	GNLDSVFS:0.2033898305084746	FNKLLNVG:0.2542372881355932	IFGNLDSV:0.23728813559322035	LAHASVGA:0.23728813559322035	VIFGNLDS:0.23728813559322035	VLAHASVG:0.22033898305084745	SKFNKLLN:0.22033898305084745	LKSKFNKL:0.22033898305084745	NGMVVPWA:0.3220338983050847	NKLLNVGP:0.288135593220339	NDLKSKFN:0.22033898305084745	DLKSKFNK:0.22033898305084745	LETIAGGV:0.2033898305084746	GVIFGNLD:0.23728813559322035	SSVVYVSF:0.23728813559322035	ETIAGGVP:0.22033898305084745	KFNKLLNV:0.2542372881355932	KSKFNKLL:0.22033898305084745	HASVGAFV:0.23728813559322035	AHASVGAF:0.23728813559322035	KLNGMVVP:0.2033898305084746	
