cluster number:213
GT1:11	GT1:11
NPLTGLAV:0.2727272727272727	DVYITNGG:0.2727272727272727	ADGHFNPL:0.36363636363636365	LTGLAVHL:0.36363636363636365	FNPLTGLA:0.45454545454545453	IIEDFIPF:0.36363636363636365	DGHFNPLT:0.7272727272727273	PLTGLAVH:0.36363636363636365	TNGGYGGV:0.45454545454545453	NGGYGGVM:0.45454545454545453	GHFNPLTG:0.7272727272727273	HFNPLTGL:0.45454545454545453	GGYGGVML:0.45454545454545453	TGLAVHLQ:0.2727272727272727	PADGHFNP:0.36363636363636365	VPTLEAFK:0.5454545454545454	VLVTQGTV:0.36363636363636365	GVMLALQH:0.2727272727272727	QLGHDVRW:0.2727272727272727	IEDFIDFN:0.2727272727272727	LGHDVRWY:0.2727272727272727	YGGVMLAL:0.2727272727272727	IIVPTLEA:0.45454545454545453	VVLVTQGT:0.36363636363636365	IVPTLEAF:0.45454545454545453	IIEDFIDF:0.2727272727272727	PTLEAFKD:0.2727272727272727	KIIVPTLE:0.45454545454545453	GYGGVMLA:0.36363636363636365	LVTQGTVE:0.45454545454545453	GGVMLALQ:0.2727272727272727	VTNGGYGG:0.45454545454545453	YVTNGGYG:0.45454545454545453	AGVHEGKN:0.36363636363636365	GVHEGKNE:0.36363636363636365	VYVTNGGY:0.45454545454545453	PTLEAFKN:0.2727272727272727	VHEGKNEI:0.2727272727272727	RILFATMP:0.2727272727272727	KNEIAARI:0.2727272727272727	PQRILFAT:0.2727272727272727	HEGKNEIA:0.2727272727272727	TLVIVTTG:0.2727272727272727	QRILFATM:0.2727272727272727	GKNEIAAR:0.2727272727272727	EGKNEIAA:0.2727272727272727	SVYVTNGG:0.36363636363636365	
