cluster number:371
GT1:11	GT1:11
WPRSLPPT:0.5454545454545454	VIRHGGTK:0.2727272727272727	AVYWIEYV:0.2727272727272727	YWIEYVIR:0.36363636363636365	HGGMLGTQ:0.36363636363636365	WLPQQDLL:1.0	WIEYVIRH:0.36363636363636365	VDWLPQQD:0.7272727272727273	GMLGTQEA:0.2727272727272727	PQQDLLGH:1.0	NWPRSLPP:0.2727272727272727	GGMLGTQE:0.36363636363636365	IRHGGTKH:0.2727272727272727	ALHTRPAK:0.2727272727272727	DTFIRVFS:0.2727272727272727	PQRVVWKW:0.2727272727272727	GGTKHLQL:0.2727272727272727	PRSLPPTI:0.2727272727272727	YVIRHGGT:0.36363636363636365	TNWPRSLP:0.2727272727272727	MMVDWLPQ:0.2727272727272727	QRVVWKWE:0.2727272727272727	TFIRVFSK:0.2727272727272727	VYWIEYVI:0.2727272727272727	HGGTKHLQ:0.45454545454545453	MVDWLPQQ:0.45454545454545453	LPQQDLLG:1.0	IEYVIRHG:0.36363636363636365	EYVIRHGG:0.36363636363636365	RHGGTKHL:0.2727272727272727	VSSMPKET:0.2727272727272727	DWLPQQDL:0.7272727272727273	LVDWLPQQ:0.2727272727272727	LGLPLGRD:0.2727272727272727	IVFTLGSN:0.2727272727272727	AYWVEHVL:0.2727272727272727	GFIVFTLG:0.2727272727272727	FIVFTLGS:0.2727272727272727	AAYWVEHV:0.2727272727272727	SLPPTFIP:0.2727272727272727	GLPLGRDQ:0.2727272727272727	RSLPPTFI:0.2727272727272727	VAAYWVEH:0.2727272727272727	QDLLGHKN:0.2727272727272727	QQDLLGHK:0.2727272727272727	GLIVFTLG:0.2727272727272727	LIVFTLGS:0.2727272727272727	HGVPLLGL:0.2727272727272727	VNWLPQQD:0.2727272727272727	PLLGLPFG:0.2727272727272727	LGLPFGND:0.36363636363636365	VPLLGLPF:0.2727272727272727	YHGVPLLG:0.2727272727272727	NWLPQQDL:0.2727272727272727	LLGLPFGN:0.2727272727272727	GVPLLGLP:0.2727272727272727	GLPFGNDQ:0.45454545454545453	VFTLGSFV:0.2727272727272727	LPFGNDQR:0.2727272727272727	QQDLLGHP:0.2727272727272727	DLLGHPNA:0.2727272727272727	QDLLGHPN:0.2727272727272727	
