cluster number:109
GT1:196	GT1:196|2.4.1.173:5
GHRVRLAT:0.3622448979591837	GDVQPFVA:0.23469387755102042	TRGDVQPF:0.25510204081632654	VGTRGDVQ:0.20918367346938777	GTRGDVQP:0.2755102040816326	RGDVQPFV:0.22959183673469388	HRVRLATH:0.3622448979591837	YGHRVRLA:0.24489795918367346	PVYIGFGS:0.3469387755102041	GGAGTTAA:0.39285714285714285	HGGAGTTA:0.7448979591836735	SRGDVQPF:0.33163265306122447	GSRGDVQP:0.3469387755102041	VGSRGDVQ:0.28061224489795916	VVHHGGAG:0.6581632653061225	HHGGAGTT:0.7551020408163265	PFVADAII:0.2193877551020408	TYCWSPAL:0.2193877551020408	GAGTTAAG:0.34183673469387754	YIGFGSIV:0.3673469387755102	FVADAIIA:0.22448979591836735	ADAIIANP:0.336734693877551	VHHGGAGT:0.7040816326530612	VADAIIAN:0.22448979591836735	AVVHHGGA:0.5459183673469388	VYIGFGSI:0.27040816326530615	PPVYIGFG:0.2193877551020408	DAIIANPP:0.37244897959183676	AAVVHHGG:0.2602040816326531	FFGDQPFW:0.3979591836734694	PIYIGFGS:0.24489795918367346	IANPPSFA:0.32653061224489793	VPFFGDQP:0.34183673469387754	FGDQPFWG:0.3826530612244898	PFFGDQPF:0.39285714285714285	ANPPSFAH:0.32142857142857145	IIANPPSF:0.30612244897959184	IVPFFGDQ:0.37244897959183676	AIIANPPS:0.29591836734693877	FTMPWTPT:0.20918367346938777	TIVPFFGD:0.2193877551020408	TTIVPFFG:0.2193877551020408	AGTTAAGL:0.21428571428571427	PTTIVPFF:0.2193877551020408	RGDVQPFI:0.2857142857142857	GDVQPFIA:0.2653061224489796	
