cluster number:405
GT1:17	GT1:17
KLFVTHGG:0.4117647058823529	LFVTHGGL:0.5294117647058824	THGGLGST:0.8235294117647058	LKKWVPQP:0.35294117647058826	FDFCGLYL:0.23529411764705882	GYSHMKFM:0.23529411764705882	FVTHGGLG:0.5882352941176471	VTHGGLGS:0.5882352941176471	STVLISFG:0.4117647058823529	NSNPYLDF:0.5294117647058824	LFITHGGL:0.29411764705882354	ADKRVKLF:0.4117647058823529	SLLADKRV:0.35294117647058826	LLADKRVK:0.4117647058823529	FITHGGLG:0.29411764705882354	GGLGSTME:0.6470588235294118	HGGLGSTM:0.6470588235294118	ITHGGLGS:0.29411764705882354	LADKRVKL:0.4117647058823529	TNSNPYLD:0.29411764705882354	ILIFNPIF:0.35294117647058826	GFLDRLND:0.23529411764705882	PTTATIVH:0.23529411764705882	FAVPTTAT:0.35294117647058826	IINYYPDH:0.23529411764705882	VPQPSLLA:0.35294117647058826	ESTVLISF:0.23529411764705882	NPYLDFAV:0.29411764705882354	TMEVAYTG:0.4117647058823529	IYITNSNP:0.23529411764705882	PSLLADKR:0.4117647058823529	IIADHGHN:0.29411764705882354	FIWKYEKD:0.23529411764705882	SETFELTG:0.23529411764705882	ADHGHNVT:0.29411764705882354	LISFGSVI:0.35294117647058826	LIFNPIFG:0.29411764705882354	AYTGKPAL:0.4117647058823529	ADIIADHG:0.35294117647058826	SPIYITNS:0.29411764705882354	RESTVLIS:0.23529411764705882	IWKYEKDD:0.23529411764705882	ERESTVLI:0.23529411764705882	EVAYTGKP:0.47058823529411764	FNPIFGFS:0.23529411764705882	VLISFGSV:0.4117647058823529	EFQKRLPK:0.23529411764705882	GLGSTMEV:0.47058823529411764	SFGSVIRS:0.47058823529411764	KHLEFAME:0.29411764705882354	VPTTATIV:0.29411764705882354	PIFGFSHV:0.29411764705882354	GSTMEVAY:0.4117647058823529	YTGKPALM:0.35294117647058826	INYYPDHY:0.29411764705882354	NPIFGFSH:0.23529411764705882	AVPTTATI:0.29411764705882354	FQKRLPKN:0.23529411764705882	STMEVAYT:0.4117647058823529	PIYITNSN:0.29411764705882354	VTFIWKYE:0.4117647058823529	LDFAVPTT:0.35294117647058826	SHVKFISK:0.23529411764705882	IADHGHNV:0.29411764705882354	SVIRSYEM:0.29411764705882354	FGFSHVKF:0.29411764705882354	LGSTMEVA:0.4117647058823529	PQPSLLAD:0.4117647058823529	GSVIRSYE:0.29411764705882354	IFGFSHVK:0.29411764705882354	QKRLPKNV:0.23529411764705882	RLPKNVHL:0.29411764705882354	FGSVIRSY:0.35294117647058826	HGHNVTLF:0.23529411764705882	SNPYLDFA:0.35294117647058826	NLMKHLEF:0.35294117647058826	VIRSYEMP:0.29411764705882354	KRLPKNVH:0.23529411764705882	TFIWKYEK:0.29411764705882354	YLDFAVPT:0.35294117647058826	HNVTLFQP:0.23529411764705882	AGFLDRLN:0.23529411764705882	LPKNVHLK:0.47058823529411764	NYYPDHYD:0.23529411764705882	MPDNFKAG:0.23529411764705882	DRLNDVYR:0.23529411764705882	ISFGSVIR:0.47058823529411764	DFAVPTTA:0.35294117647058826	IFNPIFGF:0.23529411764705882	MEVAYTGK:0.4117647058823529	LMKHLEFA:0.35294117647058826	ITNSNPYL:0.23529411764705882	YITNSNPY:0.23529411764705882	GHNVTLFQ:0.23529411764705882	VAYTGKPA:0.47058823529411764	TVLISFGS:0.35294117647058826	MKHLEFAM:0.29411764705882354	DIIADHGH:0.29411764705882354	WVPQPSLL:0.35294117647058826	PYLDFAVP:0.23529411764705882	QPSLLADK:0.4117647058823529	VKNKNIEI:0.23529411764705882	PKNVHLKK:0.4117647058823529	HLEFAMEF:0.23529411764705882	VHLKKWVP:0.35294117647058826	TGKPALMV:0.29411764705882354	KWVPQPSL:0.29411764705882354	NVHLKKWV:0.35294117647058826	HLKKWVPQ:0.35294117647058826	KPALMVPI:0.29411764705882354	KKWVPQPS:0.29411764705882354	GKPALMVP:0.29411764705882354	LARHGGAI:0.35294117647058826	MLARHGGA:0.47058823529411764	PALMVPIF:0.29411764705882354	LEFAMEFP:0.23529411764705882	KNVHLKKW:0.4117647058823529	DVTFIWKY:0.35294117647058826	LPDVTFIW:0.23529411764705882	SLPDVTFI:0.23529411764705882	VKLFVTHG:0.29411764705882354	PDVTFIWK:0.23529411764705882	RVKLFVTH:0.29411764705882354	AHYYLDVI:0.23529411764705882	IAHYYLDV:0.23529411764705882	MVPIFGDQ:0.23529411764705882	LMVPIFGD:0.23529411764705882	VPIFGDQP:0.29411764705882354	ALMVPIFG:0.23529411764705882	DKRVKLFV:0.23529411764705882	ADMLARHG:0.23529411764705882	NADMLARH:0.23529411764705882	KRVKLFVT:0.23529411764705882	DMLARHGG:0.23529411764705882	
