cluster number:94
GT1:33	GT1:33|CE13:1
IPHVDGLP:0.24242424242424243	PWFAFGHM:0.2727272727272727	KDQFQELC:0.30303030303030304	LTGPMLPE:0.24242424242424243	FMFPWFAF:0.21212121212121213	PYLHLANK:0.21212121212121213	TGWFSKES:0.2727272727272727	QFQELCLG:0.42424242424242425	DQFQELCL:0.42424242424242425	EKDQFQEL:0.42424242424242425	LHLANKLA:0.30303030303030304	EETGWFSK:0.21212121212121213	YLHLANKL:0.21212121212121213	GWFSKESL:0.3333333333333333	LPEGFEER:0.3939393939393939	PKKAQKQL:0.24242424242424243	FPWFAFGH:0.30303030303030304	SHCGFGSM:0.45454545454545453	PPGYPSSK:0.2727272727272727	HLANKLAE:0.24242424242424243	HCGFGSMW:0.6363636363636364	ALPEGFEE:0.36363636363636365	AFMFPWFA:0.21212121212121213	DLTRDQVE:0.21212121212121213	EGFEERVK:0.30303030303030304	VPPPGYPS:0.2727272727272727	PEGFEERV:0.36363636363636365	PPPGYPSS:0.30303030303030304	LEKDQFQE:0.30303030303030304	ETGWFSKE:0.21212121212121213	KKAQKQLE:0.24242424242424243	FHAFMFPW:0.21212121212121213	REETGWFS:0.21212121212121213	CGFGSMWE:0.6363636363636364	MFPWFAFG:0.30303030303030304	HAFMFPWF:0.24242424242424243	GFGSMWES:0.5151515151515151	ILSHPSVG:0.21212121212121213	SVGCFVSH:0.45454545454545453	LCLGMELT:0.2727272727272727	GCFVSHCG:0.48484848484848486	ELCLGMEL:0.2727272727272727	VGCFVSHC:0.45454545454545453	GFEERVKG:0.21212121212121213	FVSHCGFG:0.45454545454545453	CLGMELTG:0.24242424242424243	PGYPSSKV:0.21212121212121213	LANKLAEK:0.2727272727272727	SHPSVGCF:0.2727272727272727	PSVGCFVS:0.3939393939393939	IQEALPEG:0.21212121212121213	LSHPSVGC:0.2727272727272727	FGSMWESL:0.48484848484848486	EALPEGFE:0.3333333333333333	QELCLGME:0.2727272727272727	CFVSHCGF:0.45454545454545453	VSHCGFGS:0.45454545454545453	TIQEALPE:0.21212121212121213	HPSVGCFV:0.5454545454545454	WVQQPLIL:0.21212121212121213	QEALPEGF:0.21212121212121213	FQELCLGM:0.2727272727272727	PDLIFFDF:0.2727272727272727	NKLAEKGH:0.3939393939393939	ANKLAEKG:0.24242424242424243	GSMWESLM:0.21212121212121213	LPEGFQER:0.24242424242424243	EALPEGFQ:0.21212121212121213	EGKFCDYI:0.21212121212121213	EEALPEGF:0.3939393939393939	GLPPGAET:0.24242424242424243	ALPEGFQE:0.21212121212121213	TGLPFLVA:0.30303030303030304	PEGFQERV:0.24242424242424243	KDQFQELL:0.30303030303030304	FGHMIPYL:0.21212121212121213	GCFVNHCG:0.24242424242424243	KVLLTGPM:0.2727272727272727	VLLTGPML:0.21212121212121213	TFLLPKKA:0.21212121212121213	LLTGPMLP:0.24242424242424243	ELTGLPFL:0.3333333333333333	LTGLPFLV:0.24242424242424243	
