cluster number:349
GT1:51	GT1:51|2.4.1.91:3|2.4.1.170:1
ICWPLYAE:0.21568627450980393	VEAKVRLV:0.27450980392156865	AFVTHCGW:0.6862745098039216	EVEAKVRL:0.3137254901960784	ALDVAAEL:0.3137254901960784	CWPLYAEQ:0.4117647058823529	EEVEAKVR:0.3333333333333333	FLWVVRSP:0.2549019607843137	AEEVEAKV:0.3137254901960784	EAKVRLVM:0.3333333333333333	FVTHCGWN:0.7058823529411765	MICWPLYA:0.21568627450980393	VTHCGWNS:0.7058823529411765	PMICWPLY:0.21568627450980393	RFLWVVRS:0.2549019607843137	GAFVTHCG:0.5490196078431373	DALDVAAE:0.23529411764705882	CLAWLDAQ:0.23529411764705882	VVFLCFGS:0.5294117647058824	HCGWNSTL:0.43137254901960786	HECLAWLD:0.23529411764705882	THCGWNST:0.4117647058823529	RSVVFLCF:0.35294117647058826	SVVFLCFG:0.5294117647058824	CGWNSTLE:0.43137254901960786	GWNSTLEA:0.29411764705882354	AKVRLVME:0.3333333333333333	LAWLDAQP:0.23529411764705882	VRLVMESE:0.23529411764705882	KVRLVMES:0.23529411764705882	HRFLWVVR:0.23529411764705882	GHRFLWVV:0.23529411764705882	CGWNSVLE:0.21568627450980393	AGVPMLCW:0.27450980392156865	GVPMLCWP:0.27450980392156865	APQVEVLR:0.23529411764705882	SGHRFLWV:0.23529411764705882	THCGWNSV:0.23529411764705882	PQVEVLRH:0.23529411764705882	HCGWNSVL:0.21568627450980393	WAPQVEVL:0.27450980392156865	PPVYCVGP:0.21568627450980393	ATGAFVTH:0.3137254901960784	TGAFVTHC:0.35294117647058826	
