cluster number:104
GT1:11	GT1:11
QYGNSSIA:0.45454545454545453	SALASVDE:0.2727272727272727	LQAETQHG:0.2727272727272727	DNHQVELA:0.7272727272727273	NTSLMDNH:0.5454545454545454	DEGSEIVP:0.2727272727272727	GNSSIADI:0.45454545454545453	VVQYGNSS:0.2727272727272727	SVFDRILD:0.2727272727272727	SLMDNHQV:0.6363636363636364	AETQHGIQ:0.2727272727272727	DSLIRAVL:0.36363636363636365	IVPEPGMR:0.2727272727272727	SSIADILT:0.36363636363636365	TTRFDSLI:0.36363636363636365	SEIVPEPG:0.36363636363636365	TSLMDNHQ:0.5454545454545454	SLVVVPNT:0.2727272727272727	RIFVTVGT:0.45454545454545453	LDTLRMRP:0.36363636363636365	QAETQHGI:0.2727272727272727	ADIVISHA:0.36363636363636365	LRIFVTVG:0.36363636363636365	YGNSSIAD:0.45454545454545453	LASVDEGS:0.2727272727272727	ELFQFAPD:0.2727272727272727	LELFQFAP:0.2727272727272727	VISHAGSG:0.36363636363636365	MDNHQVEL:0.7272727272727273	PSLVVVPN:0.2727272727272727	IVISHAGS:0.36363636363636365	SADIVISH:0.36363636363636365	TVGTTRFD:0.5454545454545454	LVVVPNTS:0.45454545454545453	SGTILDTL:0.45454545454545453	IFVTVGTT:0.5454545454545454	GTILDTLR:0.45454545454545453	VPEPGMRI:0.2727272727272727	VELAQALG:0.2727272727272727	FQFAPDLK:0.2727272727272727	ATLQAETQ:0.2727272727272727	LFQFAPDL:0.2727272727272727	QVELAQAL:0.2727272727272727	RFDSLIRA:0.36363636363636365	NSSIADIL:0.36363636363636365	GKSVFDRI:0.2727272727272727	QHGIQLEL:0.2727272727272727	LIRAVLSH:0.2727272727272727	AGSGTILD:0.45454545454545453	AGKSVFDR:0.2727272727272727	GTISGLRL:0.2727272727272727	DGRRVYQS:0.2727272727272727	VPNTSLMD:0.45454545454545453	FVTVGTTR:0.36363636363636365	FDRILDEA:0.2727272727272727	TGTISGLR:0.2727272727272727	EGSEIVPE:0.2727272727272727	TQHGIQLE:0.2727272727272727	GATLQAET:0.2727272727272727	DIVISHAG:0.36363636363636365	TLQAETQH:0.2727272727272727	NHQVELAQ:0.36363636363636365	VVVQYGNS:0.2727272727272727	VDEGSEIV:0.2727272727272727	ETQHGIQL:0.2727272727272727	GRRVYQSG:0.2727272727272727	SLIRAVLS:0.36363636363636365	TISGLRLR:0.2727272727272727	EIVPEPGM:0.2727272727272727	RLAPRSSS:0.2727272727272727	VTVGTTRF:0.5454545454545454	VFDRILDE:0.2727272727272727	VVVPNTSL:0.45454545454545453	SHAGSGTI:0.45454545454545453	PNTSLMDN:0.45454545454545453	ALASVDEG:0.2727272727272727	ASVDEGSE:0.2727272727272727	HAGSGTIL:0.45454545454545453	PEPGMRIV:0.2727272727272727	ILDTLRMR:0.36363636363636365	FDSLIRAV:0.36363636363636365	HQVELAQA:0.36363636363636365	KSVFDRIL:0.2727272727272727	LMDNHQVE:0.7272727272727273	ISHAGSGT:0.36363636363636365	VQYGNSSI:0.36363636363636365	TILDTLRM:0.45454545454545453	VGTTRFDS:0.36363636363636365	GSEIVPEP:0.36363636363636365	GSGTILDT:0.45454545454545453	VARLAPRS:0.2727272727272727	GTTRFDSL:0.36363636363636365	ARLAPRSS:0.2727272727272727	VVPNTSLM:0.45454545454545453	SVDEGSEI:0.2727272727272727	DTLRMRPR:0.2727272727272727	TRFDSLIR:0.36363636363636365	RRVYQSGA:0.2727272727272727	HGIQLELF:0.2727272727272727	VTVGTTKF:0.2727272727272727	TVGTTKFD:0.2727272727272727	
