cluster number:137
GT1:18	GT1:18
DRKHLYCA:0.2222222222222222	RKHLYCAS:0.3333333333333333	SLAVDYFT:0.3333333333333333	HLYCASPQ:0.3333333333333333	MDNHQSEL:0.6666666666666666	SGSIFETL:0.6111111111111112	SELAEELA:0.6111111111111112	TVGTTCFD:0.5	HQSELAEE:0.6111111111111112	FAKGYTHL:0.3333333333333333	VTVGTTCF:0.5	ISHAGSGS:0.8888888888888888	GSGSIFET:0.6111111111111112	LRSASLVI:0.3888888888888889	MGRGSYLP:0.2777777777777778	EDLMDNHQ:0.6111111111111112	LAEELADR:0.2222222222222222	DLMDNHQS:0.6111111111111112	FETLRLGK:0.3333333333333333	ETLRLGKP:0.3333333333333333	VVVNEDLM:0.6111111111111112	VNEDLMDN:0.6111111111111112	TLRLGKPL:0.3333333333333333	ALFAKGYT:0.2222222222222222	RGSYLPTK:0.2777777777777778	DYFTFSSS:0.4444444444444444	HAGSGSIF:0.6666666666666666	VFVTVGTT:0.5555555555555556	LMDNHQSE:0.6111111111111112	LGKPLIVV:0.3333333333333333	DALVRAVD:0.2777777777777778	FDALVRAV:0.2777777777777778	GSYLPTKS:0.2777777777777778	YCASPQTL:0.2222222222222222	ASLVISHA:0.6111111111111112	LFAKGYTH:0.3333333333333333	DNHQSELA:0.6111111111111112	VISHAGSG:0.7777777777777778	VDYFTFSS:0.4444444444444444	VVFVTVGT:0.4444444444444444	AGSGSIFE:0.6666666666666666	SIFETLRL:0.3888888888888889	QTIADMDL:0.3333333333333333	QSELAEEL:0.6111111111111112	QMGRGSYL:0.2777777777777778	AVDYFTFS:0.3888888888888889	PYSPGDAT:0.3888888888888889	LYCASPQT:0.3333333333333333	FVTVGTTC:0.4444444444444444	LADRKHLY:0.2222222222222222	NHQSELAE:0.6111111111111112	TTCFDALV:0.4444444444444444	YFTFSSSI:0.4444444444444444	GKPLIVVV:0.3888888888888889	ELAEELAD:0.2222222222222222	AEELADRK:0.2222222222222222	KPLIVVVN:0.5	IFETLRLG:0.3333333333333333	LPTKSEGD:0.2222222222222222	ELADRKHL:0.2222222222222222	LVISHAGS:0.6111111111111112	GTTCFDAL:0.4444444444444444	ADRKHLYC:0.2222222222222222	YSPGDATP:0.3888888888888889	SHAGSGSI:0.8888888888888888	PLIVVVNE:0.5	SPGDATPV:0.3888888888888889	NEDLMDNH:0.6111111111111112	VVNEDLMD:0.6111111111111112	TCFDALVR:0.2777777777777778	FTFSSSIA:0.5	KRVVFVTV:0.2222222222222222	GRGSYLPT:0.2777777777777778	SASLVISH:0.4444444444444444	IQMGRGSY:0.4444444444444444	GSIFETLR:0.4444444444444444	ALVRAVDS:0.2777777777777778	HLRSASLV:0.3333333333333333	LRLGKPLI:0.2222222222222222	RLGKPLIV:0.2222222222222222	CFDALVRA:0.3333333333333333	RVVFVTVG:0.4444444444444444	SYLPTKSE:0.2777777777777778	VGTTCFDA:0.4444444444444444	LAVDYFTF:0.3888888888888889	IVVVNEDL:0.5	YLPTKSEG:0.2222222222222222	RSASLVIS:0.4444444444444444	PGDATPVA:0.3888888888888889	SLVISHAG:0.6111111111111112	LIVVVNED:0.5	KHLYCASP:0.3333333333333333	EELADRKH:0.2222222222222222	PVAKHINR:0.2222222222222222	FSSSIADH:0.2777777777777778	GDATPVAK:0.2777777777777778	SIADHLRS:0.2222222222222222	KHINRFLG:0.2222222222222222	INRFLGFP:0.3888888888888889	SSIADHLR:0.2222222222222222	LLIQMGRG:0.3888888888888889	SSSIADHL:0.2222222222222222	IADHLRSA:0.2222222222222222	VAKHINRF:0.2222222222222222	HINRFLGF:0.2222222222222222	NRFLGFPD:0.2222222222222222	HLLIQMGR:0.2777777777777778	TPVAKHIN:0.2777777777777778	RFLGFPDD:0.2777777777777778	ADHLRSAS:0.2222222222222222	DHLRSASL:0.2222222222222222	LIQMGRGS:0.2222222222222222	DATPVAKH:0.2777777777777778	GYTHLLIQ:0.2222222222222222	TFSSSIAD:0.3888888888888889	AKHINRFL:0.2222222222222222	ATPVAKHI:0.2777777777777778	YTHLLIQM:0.2222222222222222	THLLIQMG:0.2777777777777778	LAEELAER:0.2222222222222222	ELAEELAE:0.2222222222222222	AEELAERK:0.2222222222222222	HAGSGSIL:0.2222222222222222	
