cluster number:38
GT1:11	GT1:11
FALTDGGG:0.2727272727272727	LTDGGGTV:0.2727272727272727	GPLGRLRD:0.36363636363636365	DGGGTVPP:0.2727272727272727	VVLPHGRD:0.2727272727272727	RTYLFALT:0.2727272727272727	THGGHGTL:0.2727272727272727	PVVVLPHG:0.2727272727272727	RLNALRAD:0.2727272727272727	GGGTVPPE:0.36363636363636365	TYLFALTD:0.2727272727272727	PARGPLGR:0.2727272727272727	AALVVTHG:0.2727272727272727	YLFALTDG:0.2727272727272727	RGPLGRLR:0.2727272727272727	ALVVTHGG:0.2727272727272727	TDGGGTVP:0.2727272727272727	PLGRLRDR:0.2727272727272727	LFALTDGG:0.2727272727272727	ALTDGGGT:0.2727272727272727	VVVLPHGR:0.2727272727272727	VTHGGHGT:0.8181818181818182	PLVLVALS:0.2727272727272727	LVVTHGGH:0.8181818181818182	VVTHGGHG:0.8181818181818182	GRDQADNA:0.45454545454545453	HGRDQADN:0.45454545454545453	TSAAFDFP:0.2727272727272727	AMSSTFQN:0.36363636363636365	VAMSSTFQ:0.45454545454545453	LHHGRDQA:0.2727272727272727	KALAAGLP:0.2727272727272727	MSSTFQNH:0.2727272727272727	LVLTSAAF:0.2727272727272727	VGPILDDP:0.2727272727272727	THGGHGTV:0.5454545454545454	LVLVAMSS:0.45454545454545453	ALAAGLPL:0.2727272727272727	QADNAVRV:0.45454545454545453	RDQADNAV:0.45454545454545453	LTSAAFDF:0.2727272727272727	GHRVTVLA:0.36363636363636365	ARYVGPIL:0.2727272727272727	VLTSAAFD:0.2727272727272727	LVAMSSTF:0.45454545454545453	RYVGPILD:0.2727272727272727	QLVLTSAA:0.2727272727272727	HHGRDQAD:0.2727272727272727	YVGPILDD:0.2727272727272727	VLVAMSST:0.45454545454545453	RRQLVLTS:0.45454545454545453	ADNAVRVT:0.36363636363636365	SSTFQNHV:0.2727272727272727	PLVLVAMS:0.45454545454545453	RGHRVTVL:0.36363636363636365	RQLVLTSA:0.2727272727272727	ARRQLVLT:0.45454545454545453	LAAGLPLV:0.2727272727272727	DQADNAVR:0.45454545454545453	HASLVVTH:0.2727272727272727	TVPPELGV:0.36363636363636365	PVRGLVTT:0.2727272727272727	MRHASLVV:0.2727272727272727	RGLVTTGP:0.2727272727272727	VRGLVTTG:0.2727272727272727	RHASLVVT:0.2727272727272727	GTVPPELG:0.36363636363636365	ASLVVTHG:0.36363636363636365	SLVVTHGG:0.45454545454545453	GGTVPPEL:0.36363636363636365	DPLVLVAM:0.2727272727272727	FAVGAMVA:0.2727272727272727	GRLRDRVV:0.2727272727272727	AVGAMVAA:0.2727272727272727	
