cluster number:348
GT1:51	GT1:51
LLNAGHEV:0.2549019607843137	APQQSILA:0.3333333333333333	WAPQQSIL:0.3333333333333333	LKQTVIWK:0.2549019607843137	HGGLLSTT:0.5098039215686274	GGLLSTTE:0.5098039215686274	QTVIWKFE:0.27450980392156865	THGGLLST:0.6078431372549019	KQTVIWKF:0.2549019607843137	RGAPHLRS:0.3137254901960784	TRGAPHLR:0.3137254901960784	KNGVIYFS:0.21568627450980393	LRSPALHV:0.2549019607843137	RSPALHVP:0.23529411764705882	HLRSPALH:0.3137254901960784	WAPQPSIL:0.23529411764705882	FITHGGLL:0.5882352941176471	ITHGGLLS:0.5882352941176471	GHEVTYIT:0.4117647058823529	VSPGAELV:0.23529411764705882	KHGVIYFS:0.21568627450980393	AELVHWVE:0.2549019607843137	AGHEVTYI:0.3137254901960784	ELVHWVEH:0.29411764705882354	QSILAHPN:0.29411764705882354	LFITHGGL:0.45098039215686275	LVHWVEHV:0.35294117647058826	DRPVSPGA:0.23529411764705882	HEVTYITP:0.35294117647058826	PGAELVHW:0.2549019607843137	KWAPQQSI:0.23529411764705882	HYGVPIIG:0.21568627450980393	GAELVHWV:0.2549019607843137	PVSPGAEL:0.23529411764705882	VHWVEHVV:0.2549019607843137	RPVSPGAE:0.23529411764705882	GLLSTTET:0.3137254901960784	QQSILAHP:0.29411764705882354	YHDRPVSP:0.21568627450980393	PQQSILAH:0.3333333333333333	SILAHPNC:0.29411764705882354	SPGAELVH:0.23529411764705882	HDRPVSPG:0.23529411764705882	PHLRSPAL:0.39215686274509803	GAPHLRSP:0.4117647058823529	VIYFSMGS:0.6078431372549019	GVIYFSMG:0.6470588235294118	YQKLYLDL:0.2549019607843137	APHLRSPA:0.4117647058823529	TVLWKFEE:0.27450980392156865	NGVIYFSM:0.3333333333333333	IYFSMGSN:0.39215686274509803	VKPLPEDL:0.21568627450980393	YFSMGSNL:0.43137254901960786	FSMGSNLK:0.4117647058823529	VLFITHGG:0.2549019607843137	MGSNLKSK:0.29411764705882354	CVLFITHG:0.23529411764705882	SMGSNLKS:0.39215686274509803	EVTYITPF:0.2549019607843137	NAGHEVTY:0.23529411764705882	IPVFADQF:0.21568627450980393	LNAGHEVT:0.23529411764705882	GSNLKSKD:0.2549019607843137	GVPIIGIP:0.3333333333333333	QTVLWKFE:0.21568627450980393	LKQTVLWK:0.23529411764705882	
