cluster number:389
GT1:21	GT1:21|2.4.1.-:1|2.4.1.234:1
VPLWTSGA:0.2857142857142857	AEALEESG:0.23809523809523808	FGTVATPP:0.3333333333333333	ITHGGWNS:0.2857142857142857	TDLIRQTV:0.23809523809523808	EESGTPFL:0.23809523809523808	LAEALEES:0.23809523809523808	KPQEDINL:0.3333333333333333	DLIRQTVG:0.23809523809523808	TWMVENVW:0.42857142857142855	PWAPQVQV:0.23809523809523808	THGGWNSV:0.2857142857142857	LVADAFLW:0.23809523809523808	GWNSVVES:0.23809523809523808	AYIGFGTV:0.3333333333333333	IGFGTVAT:0.23809523809523808	ALEESGTP:0.23809523809523808	GTVATPPP:0.38095238095238093	YTDLIRQT:0.23809523809523808	PWVPLWTS:0.2857142857142857	HGGWNSVV:0.23809523809523808	PQEDINLF:0.3333333333333333	SGTPFLWS:0.38095238095238093	KHLPEGFL:0.23809523809523808	WVPLWTSG:0.2857142857142857	GGWNSVVE:0.23809523809523808	NTWMVENV:0.38095238095238093	PQVQVLAH:0.2857142857142857	WAPQVQVL:0.38095238095238093	GNLESPFS:0.2857142857142857	QEDINLFL:0.3333333333333333	VAYIGFGT:0.3333333333333333	APQVQVLA:0.23809523809523808	CLVADAFL:0.23809523809523808	GFGTVATP:0.23809523809523808	RLGDLPGG:0.2857142857142857	ESGTPFLW:0.23809523809523808	WNSVVESI:0.23809523809523808	VPWAPQVQ:0.23809523809523808	LGDLPGGV:0.23809523809523808	GKPQEDIN:0.38095238095238093	VPWVPLWT:0.3333333333333333	ADAFLWFS:0.38095238095238093	SVAYIGFG:0.47619047619047616	PEGFLERT:0.23809523809523808	YIGFGTVA:0.38095238095238093	EALEESGT:0.23809523809523808	VADAFLWF:0.3333333333333333	EDINLFLA:0.23809523809523808	LEESGTPF:0.23809523809523808	NSFEELDP:0.47619047619047616	DAFLWFSG:0.2857142857142857	INSFEELD:0.38095238095238093	GPFNLTSP:0.23809523809523808	VGPFNLTS:0.23809523809523808	TPFLWSLK:0.3333333333333333	CRPFFGDH:0.2857142857142857	PFLWSLKD:0.2857142857142857	NVGPFNLT:0.2857142857142857	WMVENVWK:0.38095238095238093	PGFSELRL:0.23809523809523808	LNVGPFNL:0.2857142857142857	GKIVAWAP:0.23809523809523808	ELRLGDLP:0.2857142857142857	VWKIGVRI:0.23809523809523808	DGVPEGYV:0.42857142857142855	SGKPQEDI:0.23809523809523808	PEGYVFSG:0.3333333333333333	GTPFLWSL:0.2857142857142857	FSELRLGD:0.23809523809523808	FSGKPQED:0.23809523809523808	INTWMVEN:0.23809523809523808	VLAFPFAT:0.23809523809523808	ESIAAGVP:0.38095238095238093	VFSGKPQE:0.23809523809523808	TVATPPPN:0.23809523809523808	FIPGFSEL:0.23809523809523808	YVFSGKPQ:0.23809523809523808	GVPEGYVF:0.38095238095238093	IPGFSELR:0.23809523809523808	PFATHAGL:0.2857142857142857	GFSELRLG:0.23809523809523808	VATPPPNE:0.23809523809523808	FPFATHAG:0.2857142857142857	PFNLTSPP:0.23809523809523808	SDGVPEGY:0.38095238095238093	ICRPFFGD:0.3333333333333333	NVWKIGVR:0.42857142857142855	AFPFATHA:0.2857142857142857	EGYVFSGK:0.3333333333333333	KIVAWAPQ:0.23809523809523808	VSDGVPEG:0.2857142857142857	SELRLGDL:0.23809523809523808	VENVWKIG:0.38095238095238093	GYVFSGKP:0.23809523809523808	ATPPPNEL:0.2857142857142857	VPEGYVFS:0.3333333333333333	MVENVWKI:0.38095238095238093	FATHAGLL:0.2857142857142857	LAFPFATH:0.23809523809523808	ENVWKIGV:0.38095238095238093	WNSVLESI:0.3333333333333333	GWNSVLES:0.3333333333333333	VEGGVFTK:0.23809523809523808	LGDLPSGV:0.23809523809523808	NSVLESIA:0.23809523809523808	RLGDLPSG:0.2857142857142857	CGWNSVLE:0.3333333333333333	IGRPFFGD:0.23809523809523808	HCGWNSVL:0.3333333333333333	KIVPWAPQ:0.23809523809523808	GKIVPWAP:0.23809523809523808	IVPWAPQV:0.23809523809523808	GVFITHCG:0.23809523809523808	VFITHCGW:0.23809523809523808	THCGWNSV:0.23809523809523808	
