cluster number:400
GT1:21	GT1:21
AGALAAAR:0.2857142857142857	ALAAGVPQ:0.42857142857142855	VAGALAAA:0.3333333333333333	LAAGVPQL:0.42857142857142855	AAGVPQLV:0.23809523809523808	RILVSRST:0.2857142857142857	PRILVSRS:0.2857142857142857	MRVLVVSA:0.23809523809523808	TRGAGLLF:0.2857142857142857	RGAGLLFG:0.2857142857142857	RHNAELVA:0.47619047619047616	RRHNAELV:0.47619047619047616	APGFDFGR:0.23809523809523808	HEPFAVAG:0.23809523809523808	RVLVVSAP:0.23809523809523808	GDRRHNAE:0.5238095238095238	PGFDFGRI:0.23809523809523808	AGTRGAGL:0.2857142857142857	GPGDRRHN:0.42857142857142855	GTRGAGLL:0.2857142857142857	GFDFGRIA:0.23809523809523808	LVHHGGAG:0.42857142857142855	VHHGGAGS:0.47619047619047616	ALVHHGGA:0.3333333333333333	PGDRRHNA:0.42857142857142855	VPAVRQEN:0.2857142857142857	EIAAMPPP:0.2857142857142857	EPFAVAGA:0.2857142857142857	GAGLLFGA:0.2857142857142857	DRRHNAEL:0.47619047619047616	AALVHHGG:0.2857142857142857	HNAELVAA:0.3333333333333333	DAEFVLVR:0.3333333333333333	GHEVLVAT:0.23809523809523808	RVLVSRST:0.3333333333333333	NAELVAAR:0.3333333333333333	HHGGAGSV:0.3333333333333333	RDAGHEVL:0.23809523809523808	AGHEVLVA:0.23809523809523808	AELVAARG:0.3333333333333333	AVAGALAA:0.2857142857142857	EVLVATAA:0.23809523809523808	WLREPGER:0.23809523809523808	VDAEFVLV:0.3333333333333333	AEFVLVRP:0.3333333333333333	LRDAGHEV:0.23809523809523808	LVAARGAG:0.3333333333333333	RPRVLVSR:0.2857142857142857	NVRTVDWI:0.23809523809523808	EFVLVRPD:0.2857142857142857	VRTVDWIP:0.23809523809523808	ELVAARGA:0.3333333333333333	ALRDAGHE:0.23809523809523808	PRVLVSRS:0.3333333333333333	HEVLVATA:0.23809523809523808	RSTVAGPG:0.23809523809523808	RPRILVSR:0.23809523809523808	VSRSTVAG:0.23809523809523808	SRSTVAGP:0.23809523809523808	STVAGPGG:0.23809523809523808	ELAGRAGT:0.23809523809523808	LVSRSTVA:0.23809523809523808	ARAELAGR:0.2857142857142857	TARAELAG:0.2857142857142857	VAARGAGL:0.2857142857142857	VPAVLHEN:0.23809523809523808	PGPGDRRH:0.23809523809523808	
