cluster number:61
GT1:29	GT1:29
VTGYWFLD:0.27586206896551724	GDVQPYIA:0.20689655172413793	FFGDQPFW:0.3793103448275862	TLGTRGDV:0.2413793103448276	PGEFLALL:0.27586206896551724	PFFGDQPF:0.3793103448275862	IHHGGAGT:0.5172413793103449	DVQPYIAL:0.20689655172413793	RGDVQPYI:0.20689655172413793	EFLALLDT:0.2413793103448276	GTRGDVQP:0.4827586206896552	VQLAAPVQ:0.20689655172413793	TRGDVQPY:0.41379310344827586	GEFLALLD:0.27586206896551724	QLAAPVQF:0.20689655172413793	GGAGTTAA:0.4482758620689655	HHGGAGTT:0.8620689655172413	LPGEFLAL:0.27586206896551724	LGTRGDVQ:0.3448275862068966	HGGAGTTA:0.5517241379310345	SAVIHHGG:0.20689655172413793	VGFGSMPG:0.27586206896551724	IICPFFGD:0.20689655172413793	FGSMPGVD:0.20689655172413793	GFGSMPGV:0.20689655172413793	PLPGFTPT:0.3793103448275862	GAGTTAAA:0.3103448275862069	LPGFTPTA:0.20689655172413793	PVYVGFGS:0.20689655172413793	LALLDTPE:0.20689655172413793	ALRAGKPM:0.20689655172413793	DQPFWARR:0.3103448275862069	DVLVSGYW:0.20689655172413793	SPLPGFTP:0.3793103448275862	VIHHGGAG:0.3793103448275862	ALLDTPEG:0.20689655172413793	AALRAGKP:0.27586206896551724	ASPLPGFT:0.3793103448275862	FGDQPFWA:0.2413793103448276	ICPFFGDQ:0.3103448275862069	YVGFGSMP:0.3448275862068966	AVIHHGGA:0.3448275862068966	LASPLPGF:0.3793103448275862	FLALLDTP:0.20689655172413793	LVSGYWFL:0.20689655172413793	VLVSGYWF:0.20689655172413793	LLDTPEGK:0.20689655172413793	VSGYWFLD:0.20689655172413793	VYVGFGSM:0.20689655172413793	GDQPFWAR:0.41379310344827586	EGKAAIAG:0.20689655172413793	AGTTAAAL:0.3103448275862069	PEGKAAIA:0.20689655172413793	CPFFGDQP:0.3103448275862069	PIYVGFGS:0.2413793103448276	IYVGFGSM:0.20689655172413793	GTTGAALR:0.20689655172413793	GGAGTTGA:0.2413793103448276	HGGAGTTG:0.27586206896551724	GAGTTGAA:0.20689655172413793	LHHGGAGT:0.20689655172413793	AGTTGAAL:0.20689655172413793	HTLGTRGD:0.2413793103448276	IHTLGTRG:0.2413793103448276	
