cluster number:297
GT1:36	GT1:36
VLGLELTG:0.2777777777777778	ELVLGLEL:0.2777777777777778	GGWVQQQL:0.3888888888888889	GWVQQQLI:0.3888888888888889	VIYCAFGS:0.2777777777777778	YGGWVQQQ:0.3055555555555556	VYGGWVQQ:0.2222222222222222	LVLGLELT:0.2777777777777778	IYCAFGSE:0.2777777777777778	WVQQQLIL:0.3888888888888889	YCAFGSEC:0.2777777777777778	LHIAMYPW:0.2222222222222222	QELVLGLE:0.2222222222222222	TKESVCKA:0.4166666666666667	KESVCKAV:0.3888888888888889	TTSDVPFP:0.2222222222222222	KGEEDGLF:0.3888888888888889	HKISFFIP:0.3055555555555556	ITHCGAAS:0.2222222222222222	GREVRANH:0.2222222222222222	LHPHLITF:0.2222222222222222	IAMFPWFA:0.3055555555555556	NLHPHLIT:0.2222222222222222	FLHLSNKL:0.2222222222222222	EEDGLFTK:0.3888888888888889	GCFITHCG:0.6666666666666666	VEVEKGEE:0.5833333333333334	SVGCFITH:0.5555555555555556	LKVGVEVE:0.4722222222222222	LHLSNKLA:0.5	KVGVEVEK:0.5555555555555556	HIAMFPWF:0.3055555555555556	MFPWFAMG:0.3888888888888889	FTKESVCK:0.3055555555555556	LHIAMFPW:0.2222222222222222	LFTKESVC:0.3888888888888889	EDGLFTKE:0.4722222222222222	QQQLILEH:0.3055555555555556	LLGLELTG:0.3611111111111111	FITHCGAA:0.2222222222222222	KPQIVFFD:0.3333333333333333	VGVEVEKG:0.6944444444444444	LLLGLELT:0.3333333333333333	GVEVEKGE:0.5833333333333334	LGLELTGF:0.2777777777777778	QIVFFDFQ:0.25	VPHVDGLP:0.2777777777777778	VEKGEEDG:0.6111111111111112	KISFFIPK:0.25	GAETTSDV:0.3888888888888889	ETTSDVPF:0.4444444444444444	LKPQIVFF:0.3055555555555556	DGLFTKES:0.4722222222222222	LELTGFPF:0.2777777777777778	ESIEEALP:0.2777777777777778	FESIEEAL:0.25	GHKISFFI:0.2777777777777778	PLIATAMD:0.2777777777777778	EVEKGEED:0.5833333333333334	EKGEEDGL:0.3888888888888889	GLFTKESV:0.4444444444444444	RGHKISFF:0.25	AMFPWFAM:0.3611111111111111	VGCFITHC:0.5555555555555556	CFITHCGA:0.3333333333333333	AETTSDVP:0.4444444444444444	GFESIEEA:0.25	GEEDGLFT:0.4166666666666667	GLELTGFP:0.2777777777777778	FPWFAMGH:0.4722222222222222	ELLLGLEL:0.3611111111111111	PQIVFFDF:0.3611111111111111	ELTGFPFL:0.25	FGSECTLR:0.25	GLELTGMP:0.3888888888888889	LELTGMPF:0.3888888888888889	LPQVGDQI:0.2222222222222222	ESVCKAVK:0.3055555555555556	GDQIINAR:0.2222222222222222	VLLPQVGD:0.2222222222222222	PFFAALKP:0.25	VGDQIINA:0.2222222222222222	FFAALKPP:0.25	SIKLHAHE:0.2777777777777778	VFYDFTHW:0.25	LTGMPFFA:0.2222222222222222	ELTGMPFF:0.2222222222222222	TGMPFFAA:0.25	SVIYCAFG:0.25	QVGDQIIN:0.2222222222222222	GSVIYCAF:0.25	LLPQVGDQ:0.2222222222222222	PQVGDQII:0.2222222222222222	MPFFAALK:0.25	GMPFFAAL:0.25	SLSEALVN:0.2777777777777778	IKLHAHEA:0.25	ILEHPSVG:0.2222222222222222	QQLILEHP:0.2222222222222222	PSVGCFIT:0.5	PFLAALKP:0.2777777777777778	QLILEHPS:0.2222222222222222	GFPFLAAL:0.2222222222222222	PWFAMGHL:0.3611111111111111	WFAMGHLT:0.3611111111111111	HPSVGCFI:0.5	FAMGHLTP:0.3611111111111111	FPFLAALK:0.2222222222222222	TSDVPFSL:0.2222222222222222	LEHPSVGC:0.2222222222222222	EHPSVGCF:0.2222222222222222	CREIEGPY:0.3333333333333333	TTSDVPFS:0.2222222222222222	FLAALKPP:0.2777777777777778	LILEHPSV:0.2222222222222222	SLTEALVN:0.2222222222222222	HLSNKLAK:0.2777777777777778	YLHLSNKL:0.2222222222222222	GFKGCREI:0.25	EALVNKCQ:0.3055555555555556	IGFKGCRE:0.25	AIGFKGCR:0.2222222222222222	PYLHLSNK:0.2222222222222222	TPYLHLSN:0.2222222222222222	DAIGFKGC:0.3055555555555556	LAHPSVGC:0.2222222222222222	ILAHPSVG:0.2222222222222222	CQLVLLPR:0.2222222222222222	
