cluster number:298
GT1:11	GT1:11
FIYFSLGS:0.36363636363636365	ECALATAP:0.2727272727272727	FVPQPPSY:0.2727272727272727	SKLKQKVI:0.2727272727272727	PQPPSYVP:0.36363636363636365	APQQDLLG:0.45454545454545453	FSLGSNAQ:0.2727272727272727	QQDLLGHP:0.36363636363636365	CALATAPL:0.5454545454545454	PQQDLLGH:0.45454545454545453	HGGLLSLQ:0.36363636363636365	IYFSLGSN:0.36363636363636365	NECALATA:0.2727272727272727	QDLLGHPK:0.36363636363636365	VPQPPSYV:0.36363636363636365	DLLGHPKI:0.45454545454545453	LATAPLLG:0.5454545454545454	GGLLSLQE:0.2727272727272727	GFIYFSLG:0.45454545454545453	KWAPQQDL:0.36363636363636365	THGGLLSL:0.36363636363636365	ATAPLLGK:0.45454545454545453	AVPVVAVP:0.2727272727272727	WAPQQDLL:0.45454545454545453	FSKLKQKV:0.2727272727272727	FITHGGLL:0.45454545454545453	YFSLGSNA:0.2727272727272727	ALATAPLL:0.45454545454545453	AFSKLKQK:0.2727272727272727	ITHGGLLS:0.45454545454545453	DCALATAP:0.2727272727272727	LSLQESVY:0.36363636363636365	VKWAPQQD:0.2727272727272727	NDCALATA:0.2727272727272727	LNFFQYFL:0.2727272727272727	VPVVAVPL:0.36363636363636365	NFFQYFLL:0.2727272727272727	PVVAVPLF:0.36363636363636365	FFQYFLLD:0.2727272727272727	TAPLLGKN:0.2727272727272727	APLLGKNI:0.2727272727272727	GGMLSLQE:0.2727272727272727	GMLSLQES:0.2727272727272727	RLFITHGG:0.2727272727272727	AYWVEYVI:0.2727272727272727	THGGMLSL:0.2727272727272727	HGGMLSLQ:0.2727272727272727	KIRLFITH:0.2727272727272727	AAYWVEYV:0.2727272727272727	KAAYWVEY:0.2727272727272727	ITHGGMLS:0.2727272727272727	YWVEYVIR:0.36363636363636365	IRLFITHG:0.2727272727272727	FITHGGML:0.2727272727272727	EYVIRHKG:0.2727272727272727	WVEYVIRH:0.36363636363636365	VEYVIRHK:0.2727272727272727	LLGHPKIR:0.2727272727272727	QYFLLDVI:0.2727272727272727	
