cluster number:334
GT1:48	GT1:48
EGRGHLTQ:0.625	LGKPVLMV:0.25	GRGHLTQA:0.625	QGEGRGHL:0.6458333333333334	GEGRGHLT:0.625	VQGEGRGH:0.8333333333333334	GKPVLMVP:0.25	YLGKPVLM:0.2916666666666667	GFESICEA:0.2708333333333333	FIVQGEGR:0.5625	AGFESICE:0.2708333333333333	IVQGEGRG:0.5625	FESICEAM:0.2708333333333333	ESICEAMY:0.2708333333333333	STAGFESI:0.25	TAGFESIC:0.2708333333333333	FESVCEAM:0.375	TTAGFESV:0.3333333333333333	DVVVNFYE:0.20833333333333334	TAGFESVC:0.5208333333333334	FYELLTGL:0.375	YELLTGLT:0.375	AGFESVCE:0.5208333333333334	NFYELLTG:0.375	ESVCEAMY:0.3541666666666667	ELLTGLTY:0.3541666666666667	SVCEAMYL:0.3333333333333333	GFESVCEA:0.5625	ICEAMYLG:0.20833333333333334	SICEAMYL:0.20833333333333334	QDCNAYDA:0.2916666666666667	KFLFIVQG:0.3333333333333333	YASTAGFE:0.2708333333333333	EAMYLGKP:0.4791666666666667	VVEVLVGK:0.3333333333333333	QIDDVKFL:0.20833333333333334	AMYLGKPV:0.2916666666666667	YIHGYMVN:0.2916666666666667	VPPLLRRE:0.20833333333333334	CEAMYLGK:0.4791666666666667	MVPAHIEQ:0.3125	CIGHQYLF:0.22916666666666666	MKFLFIVQ:0.3333333333333333	ASTAGFES:0.2708333333333333	IGHQYLFL:0.25	EQDCNAYD:0.2916666666666667	HIEQDCNA:0.3125	INFYELLT:0.3333333333333333	FLFIVQGE:0.3541666666666667	VEVLVGKS:0.3333333333333333	GHQYLFLH:0.3541666666666667	LPGFFNRS:0.20833333333333334	MYLGKPVL:0.22916666666666666	VVPPLLRR:0.20833333333333334	VPAHIEQD:0.2916666666666667	LMVPAHIE:0.3125	PGFFNRSI:0.20833333333333334	VLVGKSSS:0.20833333333333334	LVGKSSSR:0.20833333333333334	AHIEQDCN:0.2916666666666667	EVLVGKSS:0.25	IEQDCNAY:0.2916666666666667	AYASTAGF:0.2708333333333333	PPLLRREV:0.2708333333333333	VINFYELL:0.3333333333333333	PAHIEQDC:0.2916666666666667	LFIVQGEG:0.4375	EVVEVLVG:0.2708333333333333	VCEAMYLG:0.2708333333333333	RNGHEVVE:0.22916666666666666	GHEVVEVL:0.2708333333333333	HEVVEVLV:0.2708333333333333	NGHEVVEV:0.25	RGHLTQAI:0.3958333333333333	GHLTQAIS:0.20833333333333334	
