cluster number:214
GT1:28	GT1:28
ILCNGPGT:0.5357142857142857	NGPGTCIP:0.6428571428571429	CNGPGTCI:0.6428571428571429	LCNGPGTC:0.5714285714285714	STLIILGS:0.2857142857142857	AATDNMSL:0.4642857142857143	LGSGGHTA:0.75	ATDNMSLQ:0.39285714285714285	TAEMLNLL:0.25	RFYIAAAT:0.2857142857142857	GSGGHTAE:0.75	PRFYIAAA:0.2857142857142857	KPVSTLII:0.21428571428571427	SGGHTAEM:0.7142857142857143	YIAAATDN:0.35714285714285715	IILGSGGH:0.35714285714285715	IAAATDNM:0.35714285714285715	TLIILGSG:0.2857142857142857	HTAEMLNL:0.2857142857142857	LIILGSGG:0.35714285714285715	AAATDNMS:0.4642857142857143	VSTLIILG:0.21428571428571427	FYIAAATD:0.2857142857142857	TDNMSLQK:0.5714285714285714	ILGSGGHT:0.35714285714285715	GGHTAEML:0.4642857142857143	PVSTLIIL:0.21428571428571427	GHTAEMLN:0.2857142857142857	LSGLLLYK:0.5714285714285714	VILCNGPG:0.39285714285714285	IYRSREVG:0.6428571428571429	RSREVGQS:0.6428571428571429	VESIARVR:0.2857142857142857	MQIYRSRE:0.35714285714285715	SREVGQSY:0.6428571428571429	FYVESIAR:0.35714285714285715	IFYVESIA:0.35714285714285715	QIYRSREV:0.39285714285714285	GPGTCIPL:0.35714285714285715	DQLFVQWP:0.25	VLGSGGHT:0.35714285714285715	IVLGSGGH:0.32142857142857145	PGTCIPLC:0.35714285714285715	SLSGLLLY:0.5714285714285714	LSLSGLLL:0.5714285714285714	ADQLFVQW:0.21428571428571427	KLSLSGLL:0.32142857142857145	SGLLLYKL:0.5357142857142857	YVESIARV:0.35714285714285715	YRSREVGQ:0.6428571428571429	ITSIWTTL:0.21428571428571427	REVGQSYI:0.5	FMKIYRSR:0.25	RWSSIFYV:0.32142857142857145	SYITSIWT:0.21428571428571427	EVGQSYIT:0.5	DNMSLQKA:0.5357142857142857	MKIYRSRE:0.25	LGIRWSSI:0.32142857142857145	YKLRIADQ:0.32142857142857145	AVLQKDRF:0.21428571428571427	GQSYITSI:0.35714285714285715	SSIFYVES:0.35714285714285715	KIYRSREV:0.25	WSSIFYVE:0.35714285714285715	SIFYVESI:0.32142857142857145	QSYITSIW:0.21428571428571427	VLGIRWSS:0.2857142857142857	KVLGIRWS:0.2857142857142857	GIRWSSIF:0.32142857142857145	LYKLRIAD:0.32142857142857145	LLAVLQKD:0.21428571428571427	LAVLQKDR:0.21428571428571427	LLYKLRIA:0.32142857142857145	IRWSSIFY:0.32142857142857145	YITSIWTT:0.21428571428571427	LLLYKLRI:0.32142857142857145	FKVLGIRW:0.2857142857142857	GLLLYKLR:0.42857142857142855	VGQSYITS:0.5	NMSLQKAQ:0.2857142857142857	LIVLGSGG:0.25	WLMIKIRP:0.32142857142857145	LWLMIKIR:0.25	HALWLMIK:0.25	MIKIRPEV:0.21428571428571427	LMIKIRPE:0.21428571428571427	FVQWPQLQ:0.2857142857142857	ALWLMIKI:0.25	QVIFCNGP:0.21428571428571427	VKKLSLSG:0.21428571428571427	RVKKLSLS:0.21428571428571427	DRFTPRYY:0.21428571428571427	RFTPRYYV:0.21428571428571427	FTPRYYVA:0.21428571428571427	ADQFFVQW:0.21428571428571427	FCNGPGTC:0.21428571428571427	KKLSLSGL:0.21428571428571427	RYYVAALT:0.21428571428571427	VIFCNGPG:0.21428571428571427	AALTDNMS:0.21428571428571427	IFCNGPGT:0.21428571428571427	RIRPQVIF:0.21428571428571427	IRIRPQVI:0.25	TPRYYVAA:0.21428571428571427	ALTDNMSL:0.21428571428571427	YVAALTDN:0.21428571428571427	RPQVIFCN:0.21428571428571427	IRPQVIFC:0.21428571428571427	YYVAALTD:0.21428571428571427	KDRFTPRY:0.21428571428571427	FMQIYRSR:0.25	VAALTDNM:0.21428571428571427	ARVKKLSL:0.21428571428571427	PRYYVAAL:0.21428571428571427	PQVIFCNG:0.21428571428571427	
