cluster number:69
GT1:72	GT1:72
ILYAIQGT:0.625	QGTGNGHI:0.2222222222222222	LCGAGFET:0.4583333333333333	GAGFETPA:0.4722222222222222	ETPAEALY:0.20833333333333334	AEALYLGK:0.2638888888888889	PAEALYLG:0.2638888888888889	AGFETPAE:0.4861111111111111	IPMKNQYE:0.25	GVLCGAGF:0.4027777777777778	GHYTVYLP:0.4305555555555556	KILYAIQG:0.4583333333333333	LYAIQGTG:0.7777777777777778	CGAGFETP:0.5277777777777778	TPAEALYL:0.20833333333333334	PMKNQYEQ:0.3194444444444444	VIPMKNQY:0.25	MKILYAIQ:0.4583333333333333	GFETPAEA:0.4583333333333333	DFEPVSAW:0.4166666666666667	NDFEPVSA:0.3611111111111111	FETPAEAL:0.4444444444444444	IQGTGNGH:0.8333333333333334	HYTVYLPA:0.4305555555555556	VLCGAGFE:0.4027777777777778	AIQGTGNG:0.7777777777777778	FEPVSAWA:0.4027777777777778	YAIQGTGN:0.7777777777777778	YTVYLPAY:0.2638888888888889	EPVSAWAC:0.3194444444444444	INDFEPVS:0.2916666666666667	SFIFGKKG:0.2638888888888889	FIFGKKGG:0.2638888888888889	KKLLVIPM:0.2222222222222222	KLLVIPMK:0.2222222222222222	GNGHLSRA:0.3472222222222222	QYEQQCNA:0.4722222222222222	TGNGHLSR:0.3888888888888889	YTVYLPSY:0.20833333333333334	LIINDFEP:0.2916666666666667	EQQCNAAA:0.2222222222222222	YDLIINDF:0.2916666666666667	FGKKGGVD:0.3333333333333333	GLSFIFGK:0.3472222222222222	DLIINDFE:0.2916666666666667	QQCNAAAL:0.2222222222222222	IFGKKGGV:0.25	QGTGNGHL:0.5138888888888888	GTGNGHLS:0.3888888888888889	YEQQCNAA:0.2222222222222222	IINDFEPV:0.3055555555555556	GFEGPAEA:0.3333333333333333	TGGGFEGP:0.3194444444444444	GGFEGPAE:0.3194444444444444	FIHTPVIR:0.25	GGGFEGPA:0.3194444444444444	FEGPAEAL:0.3333333333333333	ETPAEALF:0.2222222222222222	LYLGKKLL:0.20833333333333334	ALYLGKKL:0.2361111111111111	EALYLGKK:0.25	VINDFEPV:0.20833333333333334	DLVINDFE:0.25	LVINDFEP:0.2638888888888889	YDLVINDF:0.25	EQQCNALA:0.2638888888888889	EPVTAWAC:0.2916666666666667	ISGTQADV:0.2222222222222222	LTGGGFEG:0.2361111111111111	LLTGGGFE:0.2361111111111111	LISGTQAD:0.2361111111111111	NDFEPVTA:0.2916666666666667	INDFEPVT:0.2222222222222222	DFEPVTAW:0.2916666666666667	DFIHTPVI:0.20833333333333334	FEPVTAWA:0.2916666666666667	GLLTGGGF:0.2361111111111111	LLISGTQA:0.20833333333333334	
