cluster number:354
GT1:6	GT1:6
LVTVGTTR:0.5	HAGAGTIY:0.5	REIISFCL:0.3333333333333333	KHDFDKTR:0.3333333333333333	KTREIISF:0.3333333333333333	TTRFDSLI:0.3333333333333333	GTIYKLLE:0.5	CHAGAGTI:0.3333333333333333	DSLIKYLD:0.3333333333333333	DLVICHAG:0.5	FQIADGKY:0.3333333333333333	LVICHAGA:0.5	HDFDKTRE:0.3333333333333333	TFQIADGK:0.3333333333333333	SDLVICHA:0.3333333333333333	TREIISFC:0.3333333333333333	TVGTTRFD:0.5	VICHAGAG:0.6666666666666666	VTVGTTRF:0.5	ILVTVGTT:0.5	DNHQLDIA:0.3333333333333333	TRFDSLIK:0.3333333333333333	DFDKTREI:0.3333333333333333	KKVIIVPN:0.3333333333333333	AGAGTIYK:0.5	RKKVIIVP:0.3333333333333333	SLIKYLDE:0.3333333333333333	EKHDFDKT:0.3333333333333333	FDKTREII:0.3333333333333333	FEKHDFDK:0.3333333333333333	RFDSLIKY:0.3333333333333333	VGTTRFDS:0.3333333333333333	AGTIYKLL:0.5	FDSLIKYL:0.3333333333333333	DKTREIIS:0.3333333333333333	GTTRFDSL:0.3333333333333333	IIVPNTER:0.3333333333333333	GAGTIYKL:0.5	ICHAGAGT:0.6666666666666666	KILVTVGT:0.3333333333333333	MKILVTVG:0.3333333333333333	
