cluster number:302
GT1:70	GT1:70
PQLELLQK:0.22857142857142856	PAEFEFPR:0.24285714285714285	APQLELLQ:0.3142857142857143	LVISLGGS:0.2857142857142857	VISLGGSA:0.24285714285714285	SMGTLQNR:0.2714285714285714	QLVISLGG:0.5	MGTLQNRL:0.2714285714285714	IYASMGTL:0.34285714285714286	ITHAGLNT:0.32857142857142857	GKPLIYAS:0.21428571428571427	LIYASMGT:0.5	PLIYASMG:0.5	ASMGTLQN:0.3	DAQLVISL:0.35714285714285715	QPAEFEFP:0.2	LDAQLVIS:0.32857142857142857	YAPQLELL:0.5571428571428572	QLELLQKA:0.22857142857142856	AQLVISLG:0.4142857142857143	YASMGTLQ:0.3142857142857143	KPLIYASM:0.24285714285714285	ITHAGMNT:0.35714285714285715	QPGVAARI:0.35714285714285715	GHRVTLFG:0.2	THAGMNTT:0.32857142857142857	ANDQPGVA:0.3	RGHRVTLF:0.21428571428571427	VPMVAIPV:0.24285714285714285	GVPMVAIP:0.4857142857142857	GVAARIAW:0.2857142857142857	PGVAARIA:0.2714285714285714	VAARIAWT:0.2714285714285714	YSQLAQIS:0.2	NDQPGVAA:0.38571428571428573	LPGNPLVV:0.2	RAADIIEQ:0.2	DQPGVAAR:0.45714285714285713	VPMVAIPI:0.4	QISQQPAE:0.2714285714285714	AQISQQPA:0.3142857142857143	QPLIYASM:0.22857142857142856	THAGLNTT:0.2571428571428571	LTITHAGL:0.21428571428571427	TITHAGLN:0.22857142857142856	AGLNTTLE:0.2714285714285714	NTTLESLS:0.21428571428571427	HAGLNTTL:0.2571428571428571	GMNTTLES:0.2	NGVPMVAI:0.2571428571428571	TITHAGMN:0.2	LAQISQQP:0.3142857142857143	FHFTGPYH:0.2571428571428571	GQPLIYAS:0.35714285714285715	LTITHAGM:0.2	HAGMNTTL:0.24285714285714285	AGMNTTLE:0.22857142857142856	MNTTLESL:0.2	TGQPLIYA:0.32857142857142857	IPIANDQP:0.21428571428571427	LTGQPLIY:0.32857142857142857	VAIPIAND:0.22857142857142856	PIANDQPG:0.2	IANDQPGV:0.2	PLIYASLG:0.2714285714285714	LIYASLGT:0.2571428571428571	AIPIANDQ:0.22857142857142856	KLTGQPLI:0.3142857142857143	EKLTGQPL:0.22857142857142856	FPYEKLTG:0.24285714285714285	
