cluster number:239
GT1:12	GT1:12
SAVIHHGG:0.25	CSAVIHHG:0.25	VPTAWALQ:0.25	PAKKLEAT:0.25	VELDDELL:0.25	GVELDDEL:0.25	RYVPYNGA:0.4166666666666667	EVVATLND:0.3333333333333333	YVPYNGAE:0.4166666666666667	PTCSAVIH:0.25	RPDLVIWD:0.3333333333333333	DVEVVATL:0.25	TCSAVIHH:0.25	LDVEVVAT:0.25	WRPDLVIW:0.3333333333333333	RYADALGL:0.25	PQIVCDTD:0.25	WALQSAGH:0.4166666666666667	PARPEEVL:0.25	WLLNPISD:0.4166666666666667	VEVDPRTM:0.25	ALQSAGHE:0.4166666666666667	AWALQSAG:0.4166666666666667	LAMPSPAD:0.25	AAGLTPVG:0.25	TYRVGFEF:0.4166666666666667	LTPVGLGD:0.25	RVALTLGE:0.25	GHEVRVAT:0.3333333333333333	VALTLGES:0.25	ALTLGEST:0.25	GTYRVGFE:0.4166666666666667	AGLTPVGL:0.25	IKGDWGRT:0.4166666666666667	DWGRTPKI:0.3333333333333333	QSAGHEVR:0.5	QWLLNPIS:0.4166666666666667	EVRVATHA:0.3333333333333333	DGTYRVGF:0.4166666666666667	GAGVRLDH:0.25	PPARPEEV:0.25	AGHEVRVA:0.5833333333333334	STRRFIKG:0.5833333333333334	WLAMPSPA:0.25	RFIKGDWG:0.4166666666666667	PEEVLRYA:0.25	TRRFIKGD:0.5833333333333334	KGDWGRTP:0.4166666666666667	ESTRRFIK:0.5833333333333334	GDWGRTPK:0.5	EEVLRYAD:0.25	RVGFEFGV:0.25	PRVALTLG:0.25	FIKGDWGR:0.4166666666666667	SAGHEVRV:0.5	TLGESTRR:0.25	RPRVALTL:0.25	LGESTRRF:0.5833333333333334	GESTRRFI:0.5833333333333334	LDIEVVAT:0.25	HEVRVATH:0.3333333333333333	RRFIKGDW:0.5833333333333334	PSHAHLWP:0.25	IEVVATLN:0.25	LTQLMPTC:0.25	PVEVDPRT:0.25	LLNPISDY:0.4166666666666667	YQWLLNPI:0.3333333333333333	LQSAGHEV:0.5	TQLMPTCS:0.25	LTLGESTR:0.25	DIEVVATL:0.25	GLTPVGLG:0.25	YRVGFEFG:0.4166666666666667	AWSLDRLA:0.25	LTPVQLGD:0.25	RVALSLGE:0.25	WSLDRLAE:0.25	SLGESTRR:0.3333333333333333	CSALIHHG:0.25	SALIHHGG:0.25	LSLGESTR:0.3333333333333333	ALSLGEST:0.3333333333333333	GLTPVQLG:0.25	VALSLGES:0.25	LNPISDYV:0.25	RPVEVDPR:0.25	VVYPSHAH:0.25	DDELLYGQ:0.3333333333333333	RVLFVVYP:0.25	CGAAHARM:0.25	PISDYVRT:0.25	LFVVYPSH:0.25	AIEWVPLT:0.25	RAIEWVPL:0.25	SDYVRTDL:0.25	IEWVPLTH:0.25	VTAAGLTP:0.3333333333333333	VRAIEWVP:0.25	MMRPVEVD:0.25	LMMRPVEV:0.25	NPISDYVR:0.25	MRVLFVVY:0.25	EWVPLTHL:0.25	MRPVEVDP:0.25	TAAGLTPV:0.3333333333333333	NVRAIEWV:0.25	ISDYVRTD:0.25	FVVYPSHA:0.25	YYQWLLNP:0.25	DYVRTDLP:0.25	MRYVPYNG:0.4166666666666667	DNVRAIEW:0.25	DELLYGQW:0.3333333333333333	PDNVRAIE:0.25	SVTAAGLT:0.3333333333333333	VLFVVYPS:0.25	ELLYGQWS:0.3333333333333333	LPDNVRAI:0.25	PAGAVAAR:0.25	IEWVPLTQ:0.25	GHEVRVAS:0.25	EWVPLTQL:0.25	PLTQLMPT:0.25	
