cluster number:241
GT1:17	GT1:17
FWNQPATV:0.23529411764705882	NQPATVLA:0.23529411764705882	DQLDVLSH:0.23529411764705882	LAAYYHYY:0.23529411764705882	ARGRPVTC:0.35294117647058826	SHPSVGCF:0.23529411764705882	VAYGIQSH:0.23529411764705882	SYVPFSDG:0.23529411764705882	LSHPSVGC:0.23529411764705882	WSDQPTIA:0.23529411764705882	PATVLAAY:0.4117647058823529	WCDQLDVL:0.23529411764705882	AYYHYYHG:0.23529411764705882	SPDEETTD:0.23529411764705882	ATVLAAYY:0.29411764705882354	LAARGRPV:0.35294117647058826	NWSDQPTI:0.23529411764705882	CDQLDVLS:0.23529411764705882	PDEETTDG:0.23529411764705882	SVVYISFG:0.47058823529411764	VLAAYYHY:0.29411764705882354	VVYISFGS:0.47058823529411764	TVLAAYYH:0.29411764705882354	EWCDQLDV:0.23529411764705882	PNWSDQPT:0.23529411764705882	VLSHPSVG:0.23529411764705882	CGWNSTLE:0.6470588235294118	GWNSTLEA:0.47058823529411764	RSVVYISF:0.23529411764705882	AAYYHYYH:0.23529411764705882	WNQPATVL:0.23529411764705882	QPATVLAA:0.47058823529411764	WVVRKDGR:0.23529411764705882	AARGRPVT:0.35294117647058826	LWVVRKDG:0.23529411764705882	VFWNQPAT:0.23529411764705882	GCFVTHCG:0.5294117647058824	WNSTLEAV:0.29411764705882354	QGTNAWLV:0.23529411764705882	DQGTNAWL:0.23529411764705882	AVGCFVTH:0.35294117647058826	HCGWNSTL:0.5294117647058824	NSTLEAVA:0.29411764705882354	HPAVGCFV:0.29411764705882354	VPQWTDQG:0.23529411764705882	WREKARAA:0.23529411764705882	WTDQGTNA:0.23529411764705882	QGHINPAR:0.35294117647058826	THCGWNST:0.6470588235294118	TDQGTNAW:0.23529411764705882	FVTHCGWN:0.6470588235294118	VGCFVTHC:0.47058823529411764	VTHCGWNS:0.6470588235294118	PQWTDQGT:0.23529411764705882	QWTDQGTN:0.23529411764705882	PAVGCFVT:0.23529411764705882	CFVTHCGW:0.6470588235294118	RPYLWVVR:0.35294117647058826	MVVEWCDQ:0.47058823529411764	RLAARGRP:0.29411764705882354	GMVVEWCD:0.47058823529411764	GRPVTCVV:0.35294117647058826	WIQPATVL:0.23529411764705882	RPVTCVVC:0.29411764705882354	IQPATVLA:0.23529411764705882	PVTCVVCT:0.23529411764705882	
