cluster number:397
GT1:13	GT1:13
WAWPSHLY:0.6923076923076923	VCVTWGTT:0.23076923076923078	AWPSHLYA:0.6153846153846154	WPSHLYAM:0.3076923076923077	RPRVCVTW:0.38461538461538464	ACRAAGHE:0.46153846153846156	VRHLYGTD:0.38461538461538464	PAVRHLYG:0.23076923076923078	CRAAGHEV:0.46153846153846156	AGPLAAAA:0.3076923076923077	AAGHEVLV:0.3076923076923077	PRVCVTWG:0.46153846153846156	AGHEVLVA:0.23076923076923078	PSHLYAMV:0.3076923076923077	RAAGHEVL:0.38461538461538464	HEVLVASQ:0.23076923076923078	SHLYAMVP:0.3076923076923077	EVLVASQP:0.23076923076923078	VAHGGAGT:0.38461538461538464	PFGVATVD:0.23076923076923078	AWACRAAG:0.3076923076923077	RVCVTWGT:0.23076923076923078	GHEVLVAS:0.23076923076923078	WACRAAGH:0.3076923076923077	RHLYGTDL:0.38461538461538464	VVAHGGAG:0.38461538461538464	FGVATVDP:0.23076923076923078	VPSVRHLY:0.23076923076923078	PQLPDHAG:0.38461538461538464	LVPQLPDH:0.5384615384615384	PLLLVPQL:0.46153846153846156	FTTWAWPS:0.5384615384615384	TDLMARAR:0.23076923076923078	TTWAWPSH:0.5384615384615384	VPQLPDHA:0.38461538461538464	VVYEPTAL:0.23076923076923078	ALAGPLAA:0.38461538461538464	TWAWPSHL:0.6153846153846154	LFTTWAWP:0.46153846153846156	VYEPTALA:0.23076923076923078	MRVLFTTW:0.38461538461538464	QLPDHAGH:0.38461538461538464	YVPFNGPG:0.23076923076923078	LLLVPQLP:0.46153846153846156	LAAAAAGV:0.23076923076923078	TALAGPLA:0.38461538461538464	AAAAAGVP:0.3076923076923077	GPLAAAAA:0.23076923076923078	PTALAGPL:0.38461538461538464	PLAAAAAG:0.23076923076923078	EPTALAGP:0.5384615384615384	PSVRHLYG:0.23076923076923078	DLVVAHGG:0.3076923076923077	GVPLLLVP:0.38461538461538464	RYVPFNGP:0.23076923076923078	YGTDLMAR:0.23076923076923078	VCVTWGHT:0.23076923076923078	VPLLLVPQ:0.38461538461538464	GVPSVRHL:0.23076923076923078	SVRHLYGT:0.23076923076923078	DLMARARG:0.23076923076923078	RVLFTTWA:0.38461538461538464	LAGPLAAA:0.3076923076923077	LYGTDLMA:0.23076923076923078	GTDLMARA:0.23076923076923078	VLFTTWAW:0.38461538461538464	LVVAHGGA:0.38461538461538464	YEPTALAG:0.23076923076923078	LLVPQLPD:0.5384615384615384	RVCVTWGH:0.23076923076923078	EVVLAVSA:0.23076923076923078	SHLYALVP:0.23076923076923078	WPSHLYAL:0.3076923076923077	PSHLYALV:0.3076923076923077	WRADLVVY:0.23076923076923078	LYGTDLLL:0.23076923076923078	APLAERNG:0.23076923076923078	RLLYGTDL:0.23076923076923078	VTWGHTMA:0.46153846153846156	VLVASQPA:0.3076923076923077	GVPAVRLL:0.23076923076923078	PAVRLLYG:0.23076923076923078	AVRLLYGT:0.23076923076923078	HGGAGTVL:0.3076923076923077	VPAVRLLY:0.23076923076923078	AAGVPAVR:0.23076923076923078	TWGHTMAK:0.3076923076923077	VVTWGHTM:0.23076923076923078	YGTDLLLR:0.23076923076923078	TDLLLRAR:0.23076923076923078	AAAAGVPA:0.23076923076923078	VRLLYGTD:0.23076923076923078	AGVPAVRL:0.23076923076923078	AAAGVPAV:0.23076923076923078	LPDHAGHS:0.3076923076923077	PLAERNGV:0.23076923076923078	DLLLRARG:0.23076923076923078	LAPLAERN:0.23076923076923078	GPRAMRMF:0.23076923076923078	VLAPLAER:0.23076923076923078	GTDLLLRA:0.23076923076923078	GGAGTVLT:0.3076923076923077	FLAHAESM:0.23076923076923078	MFLAHAES:0.23076923076923078	AHGGAGTV:0.23076923076923078	HLYGTDLL:0.23076923076923078	LVASQPAL:0.23076923076923078	CVTWGHTM:0.23076923076923078	WGHTMAKL:0.23076923076923078	MRYVPFNG:0.3076923076923077	AMVPLAWA:0.23076923076923078	LYAMVPLA:0.23076923076923078	HLYAMVPL:0.23076923076923078	YAMVPLAW:0.23076923076923078	
