cluster number:30
GT1:34	GT1:34|2.4.1.-:4
DLDVEVVA:0.20588235294117646	RVCLTLGL:0.23529411764705882	AIVHHGGA:0.20588235294117646	ALRTAGHE:0.29411764705882354	WALRTAGH:0.4411764705882353	LAWALRTA:0.4117647058823529	RRRVCLTL:0.2647058823529412	EPFTFAGA:0.38235294117647056	VHHGGAGT:0.4411764705882353	GLTAVPVG:0.4117647058823529	CSAIVHHG:0.29411764705882354	PDLVLWEP:0.3235294117647059	ITRAGLTA:0.20588235294117646	RRVCLTLG:0.2647058823529412	SAIVHHGG:0.29411764705882354	VLWEPFTF:0.3235294117647059	PLAWALRT:0.4117647058823529	DLVLWEPF:0.3235294117647059	AGHEVRVA:0.4411764705882353	GHEVRVAG:0.23529411764705882	FTFAGAVA:0.4117647058823529	TRAGLTAV:0.20588235294117646	AWALRTAG:0.4411764705882353	WEPFTFAG:0.4117647058823529	LWEPFTFA:0.3235294117647059	QPDLVLWE:0.20588235294117646	TFAGAVAA:0.47058823529411764	RTAGHEVR:0.29411764705882354	PFTFAGAV:0.3235294117647059	TAGHEVRV:0.2647058823529412	WQPDLVLW:0.23529411764705882	GAGTWATA:0.2647058823529412	LRTAGHEV:0.29411764705882354	LVLWEPFT:0.3235294117647059	AGLTAVPV:0.38235294117647056	HGGAGTWA:0.3235294117647059	GAAHARLL:0.47058823529411764	RYVPYNGP:0.2647058823529412	GGAGTWAT:0.2647058823529412	IVHHGGAG:0.20588235294117646	ERRRVCLT:0.2647058823529412	VPLAWALR:0.47058823529411764	HHGGAGTW:0.4117647058823529	RAGLTAVP:0.20588235294117646	VVHHGGAG:0.2647058823529412	AHARLLWG:0.2647058823529412	AAHARLLW:0.2647058823529412	FAGAVAAR:0.3235294117647059	AVVHHGGA:0.20588235294117646	MRYVPYNG:0.20588235294117646	LVPLAWAL:0.29411764705882354	AGAVAARA:0.29411764705882354	AARACGAA:0.20588235294117646	AGHDVRVA:0.20588235294117646	LLPTCSAI:0.20588235294117646	PTCSAIVH:0.23529411764705882	LPTCSAIV:0.23529411764705882	TCSAIVHH:0.23529411764705882	WRPDLVIW:0.20588235294117646	GLVPLAWA:0.23529411764705882	ASGAAHAR:0.20588235294117646	
