cluster number:163
GT1:17	GT1:17|2.4.1.-:2
AFRAAGHE:0.47058823529411764	PLAWAFRA:0.4117647058823529	RAAGHEVR:0.6470588235294118	AGHEVRVA:0.29411764705882354	LAWAFRAA:0.47058823529411764	AAGHEVRV:0.35294117647058826	WAFRAAGH:0.5294117647058824	AWAFRAAG:0.47058823529411764	FRAAGHEV:0.47058823529411764	ACRAAGHE:0.23529411764705882	CRAAGHEV:0.23529411764705882	FAAPLVSA:0.29411764705882354	PLAWACRA:0.23529411764705882	LAWACRAA:0.23529411764705882	AWACRAAG:0.23529411764705882	WACRAAGH:0.23529411764705882	MVPLAWAF:0.29411764705882354	VPLAWAFR:0.4117647058823529	RPRVCVTW:0.5882352941176471	PRVCVTWG:0.5882352941176471	GRPRVCVT:0.35294117647058826	MRFVPYNG:0.23529411764705882	AFVLPRVV:0.23529411764705882	DSMVFAAP:0.23529411764705882	DAIVHQGG:0.35294117647058826	AVEVGHGY:0.23529411764705882	DNPFNAAN:0.23529411764705882	ADNPFNAA:0.23529411764705882	DPWPTSLQ:0.35294117647058826	TDSMVFAA:0.23529411764705882	PQTADNPF:0.23529411764705882	PMRFVPYN:0.23529411764705882	PGRPRVCV:0.29411764705882354	LFTPVAAT:0.23529411764705882	VTDSMVFA:0.23529411764705882	WGPDVMRM:0.23529411764705882	TWGPDVMR:0.23529411764705882	TADNPFNA:0.23529411764705882	VFAAPLVS:0.23529411764705882	CVTWGTST:0.23529411764705882	VDPWPTSL:0.29411764705882354	RTVDPWPT:0.29411764705882354	GDEAFVLP:0.23529411764705882	RVCVTWGT:0.4117647058823529	QTADNPFN:0.23529411764705882	CDAIVHQG:0.35294117647058826	TVDPWPTS:0.29411764705882354	DEAFVLPR:0.23529411764705882	EAFVLPRV:0.23529411764705882	RPDLVVTD:0.23529411764705882	WRPDLVVT:0.23529411764705882	LDRPGRPR:0.29411764705882354	AAGHEVRI:0.23529411764705882	RPGRPRVC:0.23529411764705882	DRPGRPRV:0.23529411764705882	
