cluster number:244
GT1:18	GT1:18
AVARFLEP:0.3333333333333333	AVAEGGSS:0.4444444444444444	TSHIGPFT:0.2777777777777778	VARFLEPG:0.3333333333333333	FFATSHIG:0.3888888888888889	GLAPGVEN:0.2222222222222222	DGLAPGVE:0.2222222222222222	FATSHIGP:0.3888888888888889	ARFLEPGG:0.3333333333333333	VDGLAPGV:0.2222222222222222	SHIGPFTD:0.2222222222222222	ATSHIGPF:0.2777777777777778	PFFATSHI:0.5	RAVARFLE:0.3333333333333333	ARAVARFL:0.3333333333333333	LAPGVENL:0.2222222222222222	VARAVARF:0.3333333333333333	APGVENLS:0.2222222222222222	AFVTHCGW:0.2222222222222222	LTWPLVFE:0.2222222222222222	WPLVFEQF:0.2777777777777778	AHPSVGAF:0.2222222222222222	CGWNSVLE:0.3888888888888889	ELALGLEA:0.6111111111111112	LAHPSVGA:0.2222222222222222	LALGLEAS:0.6111111111111112	FVTHCGWN:0.2222222222222222	AGVPVLTW:0.2222222222222222	HPSVGAFV:0.2222222222222222	TWPLVFEQ:0.2222222222222222	VTHCGWNS:0.2222222222222222	THCGWNSV:0.2777777777777778	VGAFVTHC:0.2222222222222222	GVPVLTWP:0.2222222222222222	PLVFEQFI:0.2777777777777778	HCGWNSVL:0.2777777777777778	GAFVTHCG:0.2222222222222222	RELALGLE:0.4444444444444444	PAEAVARA:0.2777777777777778	VPAEAVAR:0.2777777777777778	RLVTDVLG:0.2222222222222222	VTDVLGIG:0.2222222222222222	ERLVTDVL:0.2777777777777778	FEQFITER:0.2222222222222222	LVTDVLGI:0.2222222222222222	DQFIEERL:0.2777777777777778	LVRGWAPQ:0.2222222222222222	PAVGAFLT:0.2222222222222222	VRLAAARP:0.2777777777777778	FIEERLVT:0.2777777777777778	PVSELPEF:0.2222222222222222	AHAAVAEG:0.3333333333333333	FDQFIEER:0.2777777777777778	PGVENLST:0.2777777777777778	VAVTPANV:0.2222222222222222	EIRIPVSE:0.2222222222222222	AAVAEGGS:0.3333333333333333	AAAGVPML:0.2222222222222222	ALGLEASG:0.3333333333333333	AEAVARAV:0.2222222222222222	LRELALGL:0.2777777777777778	IGERVWSG:0.2222222222222222	AFLTHCGS:0.2777777777777778	ENLSTAGD:0.2222222222222222	SSSLLEAA:0.2222222222222222	FLTHCGSS:0.2777777777777778	PLVFDQFI:0.2777777777777778	HCGSSSLL:0.2777777777777778	IEERLVTD:0.2222222222222222	SVVYVCFG:0.2777777777777778	VRGWAPQT:0.2222222222222222	WPLVFDQF:0.2777777777777778	IPVSELPE:0.2222222222222222	EAAAAGVP:0.2777777777777778	GVPMLTWP:0.2777777777777778	LIPFFATS:0.2777777777777778	VVRSALER:0.2222222222222222	AAAAGVPM:0.2222222222222222	LTHCGSSS:0.2777777777777778	PEIRIPVS:0.2222222222222222	IRIPVSEL:0.2222222222222222	QFIEERLV:0.2777777777777778	PMLTWPLV:0.2222222222222222	SELPEFLR:0.2222222222222222	VFDQFIEE:0.2777777777777778	LVFDQFIE:0.2777777777777778	DFAVRLAA:0.2222222222222222	RSALERHG:0.2222222222222222	LEAAAAGV:0.2777777777777778	ELPEFLRR:0.2222222222222222	LLEAAAAG:0.2222222222222222	TWPLVFDQ:0.2777777777777778	MLTWPLVF:0.2222222222222222	RLIDDLVE:0.2222222222222222	AVRLAAAR:0.2777777777777778	AVARAVAR:0.2222222222222222	VRSALERH:0.2222222222222222	HPAVGAFL:0.2222222222222222	GAFLTHCG:0.2222222222222222	TVAVTPAN:0.2777777777777778	CGSSSLLE:0.2777777777777778	GVENLSTA:0.3333333333333333	RIPVSELP:0.2222222222222222	IPFFATSH:0.3333333333333333	LTWPLVFD:0.2777777777777778	SSLLEAAA:0.2222222222222222	GSSSLLEA:0.2777777777777778	VENLSTAG:0.3333333333333333	VGAFLTHC:0.2222222222222222	HAAVAEGG:0.3333333333333333	SLLEAAAA:0.2222222222222222	QLRELALG:0.2777777777777778	LLIPFFAT:0.2222222222222222	VVYVCFGT:0.2222222222222222	AAGVPMLT:0.2777777777777778	FAVRLAAA:0.2222222222222222	MLVRGWAP:0.2222222222222222	VSELPEFL:0.2222222222222222	THCGSSSL:0.2777777777777778	AGVPMLTW:0.2777777777777778	VPMLTWPL:0.2777777777777778	AVGAFLTH:0.2222222222222222	RGWAPQTA:0.2222222222222222	PFLWAVRA:0.2222222222222222	AVTPANVS:0.2222222222222222	KPFLWVVR:0.2222222222222222	GLEASGKP:0.2222222222222222	LGLEASGK:0.2222222222222222	LEASGKPF:0.2222222222222222	ASGKPFLW:0.2222222222222222	EASGKPFL:0.2222222222222222	
