cluster number:379
GT1:15	GT1:15
GVPILAWP:0.26666666666666666	FMSKGHTI:0.6	QHLNARMV:0.2	MMAEQHLN:0.26666666666666666	KGHTIPLL:0.5333333333333333	KGFLSHCG:0.26666666666666666	VPILAWPM:0.4666666666666667	MSKGHTIP:0.6666666666666666	SHCGWNSV:0.6666666666666666	HLNARMVV:0.2	PFMSKGHT:0.6	LAWPMMAE:0.5333333333333333	EQHLNARM:0.26666666666666666	SKGHTIPL:0.5333333333333333	PMMAEQHL:0.26666666666666666	LNARMVVE:0.2	TIPLLHLA:0.26666666666666666	GFLSHCGW:0.4666666666666667	VSDGFLSW:0.2	VKGFLSHC:0.26666666666666666	WPMMAEQH:0.26666666666666666	PILAWPMM:0.4	LFPFMSKG:0.4666666666666667	MAEQHLNA:0.26666666666666666	AGVPILAW:0.26666666666666666	ILAWPMMA:0.4	VLFPFMSK:0.3333333333333333	FPFMSKGH:0.6666666666666666	FLSHCGWN:0.4666666666666667	GHTIPLLH:0.4	AEQHLNAR:0.26666666666666666	HTIPLLHL:0.3333333333333333	SDGFLSWT:0.2	AWPMMAEQ:0.6666666666666666	LSHCGWNS:0.4666666666666667	NARMVVEE:0.2	IFTTPANR:0.2	LKHESVKG:0.2	LRVETCDG:0.4	GWNSVLES:0.3333333333333333	TIFTTPAN:0.2	VRGFVKWE:0.2	VGLRVETC:0.2	FTTPANRP:0.2	KHESVKGF:0.2	KVGLRVET:0.2	TDKLPSMS:0.4	GLRVETCD:0.4	CGWNSVLE:0.4666666666666667	VVREWVDQ:0.2	VNSFYELE:0.4666666666666667	SVLYVAFG:0.26666666666666666	TPANRPFI:0.2	WPMMAEQP:0.3333333333333333	NSFYELEP:0.3333333333333333	LPSMSLFV:0.2	DKLPSMSL:0.26666666666666666	GFVKWEGL:0.2	TTPANRPF:0.26666666666666666	SVKGFLSH:0.2	VLYVAFGS:0.6666666666666666	PMMAEQPL:0.3333333333333333	LYVAFGSQ:0.6666666666666666	RGFVKWEG:0.2	HCGWNSVL:0.4666666666666667	MMAEQPLN:0.3333333333333333	KLPSMSLF:0.3333333333333333	PVLYVAFG:0.26666666666666666	SKVNFLWV:0.2	VSFMVSDG:0.2	MAEQPLNA:0.2	NSFYELES:0.3333333333333333	VSDGFLWW:0.3333333333333333	SDGFLWWT:0.3333333333333333	SFMVSDGF:0.2	WCVGPLCL:0.4666666666666667	FMVSDGFL:0.26666666666666666	LVNSFYEL:0.26666666666666666	MVSDGFLW:0.26666666666666666	DGSVKGFV:0.2	VPFTRATK:0.2	GVESTDKL:0.3333333333333333	STDKLPSM:0.4	EWVDQREI:0.26666666666666666	VESTDKLP:0.3333333333333333	ETCDGSVR:0.26666666666666666	NKFGIPRL:0.2	DGSVRGFV:0.26666666666666666	ESTDKLPS:0.5333333333333333	LMEGEKGK:0.26666666666666666	ANKFGIPR:0.2	VETCDGSV:0.3333333333333333	MEGEKGKE:0.26666666666666666	SANKFGIP:0.2	KIGLRVET:0.2	IGLRVETC:0.2	RVETCDGS:0.3333333333333333	GSVRGFVK:0.3333333333333333	VAFGSQAE:0.5333333333333333	YVAFGSQA:0.6	WVDQREIL:0.26666666666666666	CDGSVRGF:0.26666666666666666	TCDGSVRG:0.26666666666666666	FMVTDGFL:0.2	SQAEISRE:0.2	QAEISREQ:0.2	VKELMEGE:0.26666666666666666	KELMEGEK:0.2	GSQAEISR:0.2	FGSQAEIS:0.4	AEISREQL:0.2	ELMEGEKG:0.26666666666666666	AFGSQAEI:0.4	ESVCAGVP:0.2	GEKGKEVR:0.2	CVGPLCLA:0.4	REWVDQRE:0.2	DGFLWWTL:0.2	GFVSHCGW:0.3333333333333333	VSHCGWNS:0.3333333333333333	VGPLCLAE:0.2	FVSHCGWN:0.3333333333333333	GMLVNSFY:0.2	AWCVGPLC:0.2	GIESTDKL:0.2	PKAWCVGP:0.2	KMVKELME:0.2	FYELEPLF:0.2	MVKELMEG:0.2	IESTDKLP:0.2	IPPGVEST:0.2	PPGVESTD:0.2	
