cluster number:31
GT1:108	GT1:108|2.4.1.-:6
FDNNRPVP:0.6481481481481481	NNRPVPPS:0.7314814814814815	PVPPSVQY:0.7222222222222222	NRPVPPSV:0.7314814814814815	DNNRPVPP:0.7777777777777778	FVTQGGVQ:0.3425925925925926	RPVPPSVQ:0.7222222222222222	IWYTEHVI:0.25	IFDNNRPV:0.26851851851851855	KAIWYTEH:0.24074074074074073	AFVTQGGV:0.3055555555555556	NFETMGAV:0.49074074074074076	NVKAFVTQ:0.2037037037037037	VTQGGVQS:0.3425925925925926	MGAVSRHP:0.4074074074074074	AIWYTEHV:0.24074074074074073	ENFETMGA:0.5462962962962963	TMGAVSRH:0.4074074074074074	FETMGAVS:0.4074074074074074	ETMGAVSR:0.4074074074074074	AENFETMG:0.5370370370370371	NVVAFVTQ:0.2037037037037037	QSTDEAID:0.25	LLFVNTHP:0.2037037037037037	VPPSVQYL:0.6944444444444444	TKAANVSY:0.2037037037037037	KTKAANVS:0.2037037037037037	LVFSHLFG:0.2037037037037037	PVIQISSG:0.32407407407407407	PPSVQYLG:0.6944444444444444	GVVYVSFG:0.32407407407407407	DYPLVFSH:0.2037037037037037	LKTKAANV:0.32407407407407407	YPLVFSHL:0.2037037037037037	STDEAIDA:0.25	VFSHLFGD:0.2037037037037037	RILAVFPT:0.25	PTPAYSHH:0.49074074074074076	LAVFPTPA:0.3611111111111111	VFDNNRPV:0.3148148148148148	YYPNLWRD:0.2037037037037037	GAIYVSFG:0.2777777777777778	VFPTPAYS:0.37962962962962965	KAVWYTEH:0.2222222222222222	VAENFETM:0.26851851851851855	AVFPTPAY:0.3611111111111111	AIYVSFGS:0.2777777777777778	MNHLRQLL:0.2222222222222222	PNLWRDKF:0.2037037037037037	VYIEALAE:0.23148148148148148	TQGGVQST:0.3333333333333333	YPNLWRDK:0.2037037037037037	RHPVYYPN:0.24074074074074073	GVQSTDEA:0.39814814814814814	GGVQSTDE:0.3333333333333333	QGGVQSTD:0.3333333333333333	KVYIEALA:0.25	ILAVFPTP:0.42592592592592593	FPTPAYSH:0.39814814814814814	VQYLGGLH:0.23148148148148148	VQSTDEAI:0.2222222222222222	VYVSFGSG:0.21296296296296297	SVQYLGGL:0.21296296296296297	QYLGGLHL:0.23148148148148148	PSVQYLGG:0.5185185185185185	MVCLPMMG:0.3055555555555556	QIAPGYGL:0.3333333333333333	AIKFTERV:0.2037037037037037	RKRGVVSD:0.24074074074074073	QGGLQSSD:0.25	EAFADYAL:0.28703703703703703	EMFKDQFD:0.21296296296296297	HPIFDNNR:0.2037037037037037	PMMGDQFY:0.2037037037037037	DYALVFGH:0.2962962962962963	YALVFGHL:0.3148148148148148	LLLLNLHP:0.3148148148148148	MFKDQFDN:0.2222222222222222	IEMFKDQF:0.23148148148148148	PVIQIAPG:0.3055555555555556	YVSFGSSI:0.3333333333333333	PAPVIQIA:0.28703703703703703	APGYGLAE:0.32407407407407407	CLPMMGDQ:0.32407407407407407	SVQYLGGG:0.28703703703703703	YGLAENFD:0.2962962962962963	QLLLLNLH:0.2962962962962963	AVARHPVH:0.21296296296296297	VSFGSSID:0.2777777777777778	VVEAFADY:0.2777777777777778	LQSSDEAL:0.2777777777777778	FRKRGVVS:0.24074074074074073	APVIQIAP:0.2962962962962963	IKFTERVI:0.2037037037037037	GAVARHPV:0.2777777777777778	VEAFADYA:0.28703703703703703	SFGSSIDT:0.2777777777777778	FADYALVF:0.2962962962962963	IQIAPGYG:0.3425925925925926	AFADYALV:0.28703703703703703	LIEMFKDQ:0.23148148148148148	TQGGLQSS:0.25	DKAIKFTE:0.2037037037037037	VVVEAFAD:0.25925925925925924	ADYALVFG:0.2962962962962963	VQLLLLNL:0.2962962962962963	PMVCLPMM:0.3055555555555556	WFNQRAVL:0.21296296296296297	VIQIAPGY:0.3425925925925926	VCLPMMGD:0.3055555555555556	IYVSFGSS:0.25	KAIKFTER:0.2037037037037037	LPMMGDQF:0.3333333333333333	PGYGLAEN:0.32407407407407407	GGLQSSDE:0.25	IAPGYGLA:0.32407407407407407	GLQSSDEA:0.3148148148148148	GYGLAENF:0.3333333333333333	VVYVSFGS:0.2037037037037037	
