cluster number:313
GT1:39	GT1:39
VVYVSFGS:0.20512820512820512	YVSFGSLA:0.23076923076923078	HFLVIPYP:0.23076923076923078	FLPIGPLM:0.20512820512820512	CDVWKVGL:0.20512820512820512	GHVNPLMQ:0.23076923076923078	HGCKITFL:0.20512820512820512	LNHPAIAC:0.2564102564102564	PHFLVIPY:0.23076923076923078	SVVYVSFG:0.20512820512820512	IACFISHC:0.28205128205128205	ACFISHCG:0.358974358974359	FVTLPDGL:0.23076923076923078	SHCGWNST:0.5384615384615384	CGWNSTIE:0.2564102564102564	HCGWNSTI:0.2564102564102564	ILNHPAIA:0.2564102564102564	GWNSTIEG:0.23076923076923078	CFISHCGW:0.358974358974359	EWWLCNTT:0.28205128205128205	LALGLDLL:0.20512820512820512	ICDVWKVG:0.2564102564102564	FISHCGWN:0.358974358974359	NHPAIACF:0.2564102564102564	ISHCGWNS:0.358974358974359	ITFLNTEF:0.20512820512820512	HPAIACFI:0.3076923076923077	GEWWLCNT:0.20512820512820512	AIACFISH:0.28205128205128205	KILNHPAI:0.2564102564102564	YICDVWKV:0.2564102564102564	SYICDVWK:0.28205128205128205	ELALGLDL:0.48717948717948717	PAIACFIS:0.28205128205128205	DLTNRPFL:0.23076923076923078	CMAWALDV:0.20512820512820512	PFLWVIRE:0.20512820512820512	ICDELKVG:0.2564102564102564	CMSWLDEQ:0.20512820512820512	TNRPFLWV:0.28205128205128205	MAWALDVG:0.20512820512820512	NQFNELAL:0.38461538461538464	NGVPFLCW:0.28205128205128205	WAPQQKVL:0.3333333333333333	FDQNQFNE:0.2564102564102564	DQNQFNEL:0.3333333333333333	LTNRPFLW:0.28205128205128205	RPFLWVIR:0.20512820512820512	THCGWNST:0.2564102564102564	SCMSWLDE:0.20512820512820512	NELALGLD:0.3333333333333333	FLWVIRED:0.20512820512820512	QNQFNELA:0.3333333333333333	QFNELALG:0.46153846153846156	LWVIREDN:0.20512820512820512	HPAIACFV:0.20512820512820512	FNELALGL:0.38461538461538464	DELKVGLG:0.23076923076923078	CWPYFGDQ:0.2564102564102564	LDLTNRPF:0.23076923076923078	ALGLDLTN:0.2564102564102564	QQKVLSHP:0.3076923076923077	QKVLSHPA:0.2564102564102564	KLVSIPDG:0.23076923076923078	LSHPAIAC:0.3333333333333333	LGLDLTNR:0.2564102564102564	PQQKVLSH:0.3076923076923077	GLDLTNRP:0.23076923076923078	VLSHPAIA:0.3333333333333333	LVSIPDGL:0.2564102564102564	SHPAIACF:0.3333333333333333	SIPDGLGP:0.2564102564102564	SNGVPFLC:0.2564102564102564	PFLCWPYF:0.358974358974359	CDELKVGL:0.23076923076923078	KVLSHPAI:0.3076923076923077	LALGLDLT:0.2564102564102564	LCWPYFGD:0.2564102564102564	APQQKVLS:0.3076923076923077	GVPFLCWP:0.5897435897435898	PAQGHVNP:0.2564102564102564	VPFLCWPY:0.4358974358974359	NRPFLWVI:0.20512820512820512	SVIYVAFG:0.3333333333333333	ELALGLEL:0.20512820512820512	APQKKILN:0.23076923076923078	PQKKILNH:0.2564102564102564	WAPQKKIL:0.23076923076923078	KKILNHPA:0.20512820512820512	QKKILNHP:0.2564102564102564	VIYVAFGS:0.3076923076923077	CGWNSTME:0.20512820512820512	HCGWNSTM:0.3076923076923077	QGHVNPLM:0.2564102564102564	VLYVAFGS:0.20512820512820512	RPFLWVVR:0.28205128205128205	NMGWALEV:0.20512820512820512	MGWALEVG:0.23076923076923078	KSYICDVW:0.20512820512820512	NKSYICDV:0.23076923076923078	
