cluster number:253
GT1:18	GT1:18
SGGHTTEI:0.5	PGTCVPIC:0.3333333333333333	LKEKYPKS:0.3888888888888889	YVESICRV:0.7222222222222222	PRHYVIAD:0.3888888888888889	DLVLCNGP:0.2777777777777778	SICRVETL:0.4444444444444444	ILGIKKVI:0.2777777777777778	KYPKSVYL:0.2777777777777778	HRIPRSRE:0.3888888888888889	VVAGSGGH:0.4444444444444444	GSGGHTTE:0.6111111111111112	KKVIIVYV:0.3333333333333333	NAYSPRHY:0.2777777777777778	GHTTEILR:0.5	KILFHLSD:0.2222222222222222	KPDLVLCN:0.2777777777777778	KSVYLGRI:0.2777777777777778	SDYFIVQW:0.3333333333333333	SALLLGIL:0.3333333333333333	LLGILGIK:0.2777777777777778	VIIVYVES:0.3333333333333333	TTEILRLL:0.2222222222222222	NGPGTCVP:1.0	DYFIVQWP:0.3333333333333333	IHRIPRSR:0.2777777777777778	ICVSALLL:0.2222222222222222	YSPRHYVI:0.2777777777777778	AGSGGHTT:0.5	IKKVIIVY:0.2777777777777778	IIVYVESI:0.3333333333333333	ALLLGILG:0.3333333333333333	FHLSDYFI:0.2222222222222222	HYVIADTD:0.3888888888888889	LVLCNGPG:0.3333333333333333	VYVESICR:0.6111111111111112	KEKYPKSV:0.2777777777777778	LGILGIKK:0.2777777777777778	VSALLLGI:0.2222222222222222	EKYPKSVY:0.2777777777777778	ESICRVET:0.4444444444444444	RHYVIADT:0.3888888888888889	CVPICVSA:0.2222222222222222	VESICRVE:0.6666666666666666	CNGPGTCV:0.9444444444444444	ILFHLSDY:0.2222222222222222	LSNAYSPR:0.2777777777777778	GTCVPICV:0.2222222222222222	LFHLSDYF:0.2222222222222222	SGKILFHL:0.2222222222222222	LSDYFIVQ:0.3333333333333333	VLCNGPGT:0.7777777777777778	HLSDYFIV:0.3333333333333333	RIPRSREV:0.7222222222222222	LVVAGSGG:0.4444444444444444	LLLGILGI:0.2777777777777778	YPKSVYLG:0.2777777777777778	PDLVLCNG:0.2777777777777778	ICRVETLS:0.4444444444444444	GIKKVIIV:0.2777777777777778	GGHTTEIL:0.5	HTTEILRL:0.5	PKSVYLGR:0.2777777777777778	CVSALLLG:0.2222222222222222	GKILFHLS:0.2222222222222222	SPRHYVIA:0.2777777777777778	SNAYSPRH:0.2777777777777778	TCVPICVS:0.2222222222222222	GILGIKKV:0.2777777777777778	AYSPRHYV:0.2222222222222222	VPICVSAL:0.2222222222222222	PICVSALL:0.2222222222222222	LGIKKVII:0.2777777777777778	VAGSGGHT:0.5555555555555556	IVYVESIC:0.5555555555555556	SVYLGRIV:0.3333333333333333	GPGTCVPI:0.3888888888888889	LCNGPGTC:0.8333333333333334	KVIIVYVE:0.3333333333333333	ETLSLSGK:0.3333333333333333	TLSLSGKI:0.2777777777777778	IPRSREVR:0.3333333333333333	RSREVRQS:0.3333333333333333	SREVRQSW:0.3333333333333333	CRVETLSL:0.5	PRSREVRQ:0.3333333333333333	RVETLSLS:0.4444444444444444	LSLSGKIL:0.5	VETLSLSG:0.4444444444444444	VLIVYVES:0.2222222222222222	VPLCAAGL:0.2222222222222222	GPGTCVPL:0.3888888888888889	APRHYVIA:0.2222222222222222	LCAAGLLL:0.2222222222222222	DYFFVQWS:0.3333333333333333	GTCVPLCA:0.2222222222222222	CVPLCAAG:0.2222222222222222	VLVVAGSG:0.2777777777777778	LIVYVESI:0.2222222222222222	LVFRLRPD:0.2222222222222222	SDYFFVQW:0.3888888888888889	YAPRHYVI:0.2222222222222222	CAAGLLLG:0.2222222222222222	PLCAAGLL:0.2222222222222222	TCVPLCAA:0.2222222222222222	PGTCVPLC:0.3888888888888889	PLVFRLRP:0.2222222222222222	KSIYLGRI:0.2222222222222222	SIYLGRIV:0.2222222222222222	YPKSIYLG:0.2222222222222222	PKSIYLGR:0.2222222222222222	SLSGKILY:0.2222222222222222	KYPKSIYL:0.2222222222222222	GSGGHTAE:0.2222222222222222	TLKEKYPK:0.2777777777777778	
