cluster number:275
GT1:122	GT1:122|2.4.1.-:1
GEVNQQAL:0.3770491803278688	PPVDNVRD:0.22950819672131148	RVAAVVHH:0.6721311475409836	GEPPVYVG:0.2459016393442623	FGRVAAVV:0.22131147540983606	VVHHGGAG:0.6967213114754098	VHHGGAGT:0.7622950819672131	TTTTAARA:0.3442622950819672	RVAELGIG:0.2786885245901639	PVYVGFGS:0.639344262295082	RVCAPPDE:0.2786885245901639	EPPVYVGF:0.2459016393442623	LPPVDNVR:0.22950819672131148	QALFGRVA:0.22131147540983606	CFVVGEVN:0.21311475409836064	ALFGRVAA:0.22131147540983606	SRGDVEPL:0.32786885245901637	AELGIGAA:0.22131147540983606	TTTAARAG:0.3442622950819672	AARAGAPQ:0.29508196721311475	VAAVVHHG:0.6885245901639344	GGAGTTTT:0.5245901639344263	APQVVVPQ:0.30327868852459017	GAPQVVVP:0.3524590163934426	VVGEVNQQ:0.22131147540983606	GSRGDVEP:0.4262295081967213	AAVVHHGG:0.7459016393442623	AGEPPVYV:0.20491803278688525	AVVHHGGA:0.680327868852459	GLPPVDNV:0.22131147540983606	GAGTTTTA:0.5	TGAWILPD:0.3442622950819672	ARAGAPQV:0.28688524590163933	AGAPQVVV:0.3524590163934426	CAPPDEEF:0.21311475409836064	AGTTTTAA:0.3770491803278688	DCFVVGEV:0.21311475409836064	HHGGAGTT:0.7786885245901639	LFGRVAAV:0.22131147540983606	VYVGFGSM:0.5737704918032787	ELGIGAAH:0.22131147540983606	PPVYVGFG:0.5983606557377049	TTAARAGA:0.23770491803278687	GTTTTAAR:0.3442622950819672	GRVAAVVH:0.22950819672131148	HGGAGTTT:0.7377049180327869	VGEVNQQA:0.30327868852459017	TAARAGAP:0.23770491803278687	EVNQQALF:0.3770491803278688	RAGAPQVV:0.27049180327868855	QTGAWILP:0.32786885245901637	DVVQTGAW:0.4344262295081967	VVQTGAWI:0.26229508196721313	YVGFGSMP:0.32786885245901637	DLDVVQTG:0.32786885245901637	LDVVQTGA:0.4016393442622951	VGFGSMPM:0.21311475409836064	VRVCAPPD:0.27049180327868855	VQTGAWIL:0.28688524590163933	GGAGTTTA:0.20491803278688525	ALFPRVAA:0.22950819672131148	IGAAHDGP:0.28688524590163933	LGIGAAHD:0.30327868852459017	GAPPVYVG:0.22950819672131148	GIGAAHDG:0.319672131147541	LFPRVAAV:0.21311475409836064	AGAPPVYV:0.21311475409836064	APPVYVGF:0.22950819672131148	PRVAAVVH:0.20491803278688525	FPRVAAVV:0.21311475409836064	FLDAGEPP:0.21311475409836064	RPWLATDP:0.27049180327868855	QPYWAGRV:0.26229508196721313	ADQPYWAG:0.20491803278688525	PYWAGRVA:0.26229508196721313	DQPYWAGR:0.26229508196721313	
