cluster number:289
GT1:55	GT1:55|2.4.1.-:1
ARDAGHEV:0.32727272727272727	VHHGGSGT:0.6545454545454545	LVLPQGAD:0.4727272727272727	LPQGADQF:0.7272727272727273	VVHHGGSG:0.6181818181818182	VDLVVHHG:0.2909090909090909	AARDAGHE:0.32727272727272727	DLVVHHGG:0.4727272727272727	HHGGSGTT:0.5636363636363636	GGSGTTLG:0.41818181818181815	HGGSGTTL:0.4727272727272727	LPHVDLVV:0.2545454545454545	GSGTTLGA:0.36363636363636365	HVDLVVHH:0.2909090909090909	VLPQGADQ:0.45454545454545453	LVVHHGGS:0.3090909090909091	PQLVLPQG:0.41818181818181815	QLVLPQGA:0.41818181818181815	LLPHVDLV:0.2545454545454545	PHVDLVVH:0.2727272727272727	RPDLVVYE:0.2	LTLGTAFG:0.4727272727272727	AGLPQLVL:0.2	LIYLTLGT:0.2545454545454545	LPQLVLPQ:0.23636363636363636	IYLTLGTA:0.21818181818181817	YLTLGTAF:0.509090909090909	RPLIYLTL:0.23636363636363636	GLPQLVLP:0.21818181818181817	PLIYLTLG:0.2545454545454545	LVYLTLGT:0.4727272727272727	VYLTLGTA:0.2909090909090909	PLVYLTLG:0.4727272727272727	LWHGFGRM:0.21818181818181817	LRPFRPAD:0.23636363636363636	AGHEVHFA:0.21818181818181817	VVVHHGGS:0.23636363636363636	WHGFGRMF:0.23636363636363636	HGFGRMFP:0.2	LRPDLVVH:0.2	GADQFANA:0.2727272727272727	QGADQFAN:0.2545454545454545	RLRPDLVV:0.23636363636363636	PQGADQFA:0.2545454545454545	DICPPSLQ:0.2	TLGTAFGT:0.2545454545454545	RPLVYLTL:0.3090909090909091	VGHTYPLI:0.21818181818181817	LARLRPDL:0.2	PDLVVHEW:0.2	SGTTLGAL:0.23636363636363636	EIARMPSP:0.2	NGLRPFRP:0.2	ASVGHTYP:0.2	GHTYPLIP:0.23636363636363636	ARLRPDLV:0.2	DLVVHEWG:0.2	TYPLIPLA:0.23636363636363636	LASVGHTY:0.2	HTYPLIPL:0.23636363636363636	GLRPFRPA:0.2	SVGHTYPL:0.2	DVVVHHGG:0.2	VYLTLGTV:0.2	
