cluster number:300
GT1:38	GT1:38
ALRTAGHE:0.6052631578947368	WALRTAGH:0.6052631578947368	TAVPVGRD:0.2631578947368421	LAWALRTA:0.5	GLTAVPVG:0.5	GHEVRVAS:0.21052631578947367	MVPLAWAL:0.42105263157894735	PLAWALRT:0.5	AGHEVRVA:0.34210526315789475	AWALRTAG:0.6052631578947368	RTAGHEVR:0.47368421052631576	TAGHEVRV:0.2894736842105263	LRTAGHEV:0.6052631578947368	VPLAWALR:0.47368421052631576	LTAVPVGR:0.2894736842105263	SLADLDIE:0.2631578947368421	DLDIEVVA:0.21052631578947367	LADLDIEV:0.21052631578947367	ADLDIEVV:0.21052631578947367	PRVALTLG:0.2631578947368421	LDIEVVAT:0.2894736842105263	GAAHARLL:0.2631578947368421	AGHEVRFA:0.23684210526315788	WKPDLVVW:0.23684210526315788	TQAGLTAV:0.39473684210526316	QAGLTAVP:0.4473684210526316	ITQAGLTA:0.34210526315789475	AGLTAVPV:0.4473684210526316	TAGHEVRF:0.23684210526315788	IAAKACGA:0.2631578947368421	AAKACGAA:0.3684210526315789	AKACGAAH:0.3684210526315789	TITQAGLT:0.21052631578947367	KACGAAHA:0.2894736842105263	ACGAAHAR:0.3157894736842105	
