cluster number:408
GT1:23	GT1:23
CVVPFGRD:0.30434782608695654	TGGVARGA:0.4782608695652174	LRSRGVPP:0.2608695652173913	PVCVVPFG:0.30434782608695654	AATGGVAR:0.43478260869565216	VCVVPFGR:0.30434782608695654	GFAATGGV:0.5652173913043478	GARRVAAG:0.391304347826087	RRVAAGFA:0.391304347826087	PVHVVATF:0.2608695652173913	GCGTRLPA:0.2608695652173913	VHVVATFP:0.30434782608695654	RGVPVCVV:0.391304347826087	THGGMGAT:0.30434782608695654	RVAAGFAA:0.4782608695652174	GGVARGAD:0.4782608695652174	FAATGGVA:0.43478260869565216	GVARGADL:0.391304347826087	VVATFPAG:0.30434782608695654	RRAPLMLV:0.21739130434782608	ARRVAAGF:0.391304347826087	HVVATFPA:0.30434782608695654	VPVCVVPF:0.2608695652173913	GVPVCVVP:0.391304347826087	VAAGFAAT:0.5217391304347826	ANCWGAMS:0.2608695652173913	VATFPAGV:0.2608695652173913	ATFPAGVP:0.2608695652173913	AGFAATGG:0.5217391304347826	AGCGTRLP:0.2608695652173913	VVPFGRDQ:0.30434782608695654	AAGFAATG:0.5217391304347826	DANCWGAM:0.391304347826087	ATGGVARG:0.43478260869565216	GVPVCAVP:0.21739130434782608	ARCGTRLP:0.5217391304347826	TRLPARRL:0.30434782608695654	VLVTTSSV:0.2608695652173913	TILAYTSP:0.34782608695652173	GTRLPARR:0.30434782608695654	VCAITHGG:0.2608695652173913	AVCAITHG:0.2608695652173913	RDQFEVAR:0.5217391304347826	PVLDRAVC:0.21739130434782608	IDRPVVLV:0.2608695652173913	THGGMGVT:0.30434782608695654	HGGMGVTQ:0.30434782608695654	MGVTQKAL:0.30434782608695654	NCWGAMAA:0.2608695652173913	GMGVTQKA:0.30434782608695654	CWGAMAAA:0.21739130434782608	DQFEVARR:0.5217391304347826	AITHGGMG:0.34782608695652173	QFEVARRV:0.391304347826087	TQKALSRG:0.21739130434782608	GRDQFEVA:0.5652173913043478	ATILAYTS:0.34782608695652173	MATILAYT:0.34782608695652173	CAITHGGM:0.34782608695652173	ITHGGMGV:0.21739130434782608	RLPARRLT:0.2608695652173913	GGMGVTQK:0.30434782608695654	CGTRLPAR:0.30434782608695654	RCGTRLPA:0.5217391304347826	SPFTPYLR:0.391304347826087	ALARGVPV:0.34782608695652173	VIVDANCW:0.34782608695652173	TQKALARG:0.21739130434782608	FGRDQFEV:0.34782608695652173	FEVARRVE:0.2608695652173913	LARGVPVC:0.34782608695652173	PFGRDQFE:0.34782608695652173	VPFGRDQF:0.34782608695652173	VDANCWGA:0.391304347826087	ARGVPVCV:0.30434782608695654	KALARGVP:0.2608695652173913	AVDPRIEA:0.21739130434782608	QKALARGV:0.21739130434782608	PFTPYLRS:0.34782608695652173	VDPRIEAI:0.21739130434782608	IVLVTTSS:0.391304347826087	IVDANCWG:0.34782608695652173	PIVLVTTS:0.391304347826087	RDQAEVAR:0.2608695652173913	FTPYLRSR:0.2608695652173913	VARRVEVA:0.2608695652173913	VVPFARDQ:0.21739130434782608	QAEVARRV:0.2608695652173913	VCVVPFAR:0.21739130434782608	ARDQAEVA:0.2608695652173913	PVCVVPFA:0.21739130434782608	SRGVPPFG:0.21739130434782608	RGVPPFGP:0.21739130434782608	YLRSRGVP:0.21739130434782608	PYLRSRGV:0.21739130434782608	VPFARDQA:0.2608695652173913	PFGPGLRP:0.2608695652173913	PFARDQAE:0.2608695652173913	FSPFTPYL:0.2608695652173913	PPFGPGLR:0.2608695652173913	RSRGVPPF:0.21739130434782608	FARDQAEV:0.2608695652173913	EVARRVEV:0.2608695652173913	THGGMGTT:0.21739130434782608	TPYLRSRG:0.21739130434782608	RGADLIEQ:0.21739130434782608	DQAEVARR:0.2608695652173913	GVPPFGPG:0.21739130434782608	VPPFGPGL:0.2608695652173913	CVVPFARD:0.21739130434782608	RGIPVCVV:0.21739130434782608	DEPVHVVA:0.34782608695652173	IPVCVVPF:0.2608695652173913	GIPVCVVP:0.2608695652173913	PFEYPHPD:0.21739130434782608	LAYTSPAL:0.30434782608695654	CVVTHGGM:0.34782608695652173	GRPFEYPH:0.21739130434782608	CGTRLPAK:0.30434782608695654	AYTSPALG:0.30434782608695654	FEYPHPDW:0.21739130434782608	EPVHVVAT:0.391304347826087	VCVVTHGG:0.34782608695652173	ILAYTSPA:0.34782608695652173	VVTHGGMG:0.34782608695652173	ADEPVHVV:0.2608695652173913	YTSPALGH:0.34782608695652173	RPIVLVTT:0.21739130434782608	IDRPIVLV:0.21739130434782608	HGGMGATQ:0.2608695652173913	
