cluster number:169
GT1:159	GT1:159|2.4.1.-:9|2.4.1.253:2|2.4.1.189:1|2.4.1.170:1|2.4.1.286:1
SGQRFLWV:0.3081761006289308	GQRFLWVV:0.2893081761006289	QRFLWVVR:0.32075471698113206	CGWNSVLE:0.6855345911949685	HCGWNSVL:0.6855345911949685	GWNSVLEA:0.5534591194968553	WPLYAEQR:0.20754716981132076	WNSVLEAV:0.42138364779874216	EGFLERTK:0.3081761006289308	FVTHCGWN:0.5974842767295597	GFVTHCGW:0.5911949685534591	VTHCGWNS:0.610062893081761	LPEGFLER:0.31446540880503143	THCGWNSV:0.559748427672956	PEGFLERT:0.3836477987421384	GGFVTHCG:0.6855345911949685	VGGFVTHC:0.6037735849056604	ELLPEGFL:0.22641509433962265	DSVGGFVT:0.2578616352201258	LDELLPEG:0.20125786163522014	DELLPEGF:0.20125786163522014	SVVFLCFG:0.3584905660377358	HDSVGGFV:0.2641509433962264	LLPEGFLE:0.2389937106918239	SVGGFVTH:0.5283018867924528	VPMVAWPL:0.37735849056603776	PMVAWPLY:0.3584905660377358	AWPLYAEQ:0.5471698113207547	VAWPLYAE:0.3584905660377358	GVPMVAWP:0.3836477987421384	WPLYAEQK:0.20754716981132076	MVAWPLYA:0.34591194968553457	MVELGKLI:0.24528301886792453	SMVELGKL:0.2578616352201258	VELGKLIL:0.2389937106918239	VVFLCFGS:0.2830188679245283	VKSWAPQV:0.2138364779874214	VVKSWAPQ:0.27672955974842767	
