cluster number:156
GT1:19	GT1:19
FNVLSKLK:0.2631578947368421	KWLPQDDI:0.3157894736842105	AERGHNVT:0.21052631578947367	QYHGKPML:0.21052631578947367	VIWKWEDL:0.42105263157894735	HGAAHLQS:0.21052631578947367	HAGKGGIT:0.2631578947368421	ANILGVFT:0.21052631578947367	PIRPNVPA:0.21052631578947367	YVIRHHGA:0.2631578947368421	ILAHPNIK:0.2631578947368421	EIGGIQVK:0.2631578947368421	GANILGVF:0.21052631578947367	SKLKQRVI:0.21052631578947367	QRVIWKWE:0.3157894736842105	AILLSLGS:0.2631578947368421	DDILAHPN:0.42105263157894735	IWKWEDLE:0.21052631578947367	LAHPNIKL:0.21052631578947367	DILAHPNI:0.2631578947368421	MFNVLSKL:0.2631578947368421	GAAHLQSP:0.21052631578947367	PQDDILAH:0.7368421052631579	EYVIRHHG:0.2631578947368421	NILGVFTS:0.21052631578947367	LSKLKQRV:0.21052631578947367	GKGGITEA:0.21052631578947367	TEYVIRHH:0.21052631578947367	HPNIKLFI:0.21052631578947367	IEIGGIQV:0.2631578947368421	GAILLSLG:0.3157894736842105	QDDILAHP:0.7368421052631579	RVIWKWED:0.3157894736842105	IRHHGAAH:0.2631578947368421	SEGPIRPN:0.2631578947368421	VLSKLKQR:0.21052631578947367	AHPNIKLF:0.21052631578947367	KQRVIWKW:0.3157894736842105	LAERGHNV:0.21052631578947367	NVLSKLKQ:0.21052631578947367	AAHLQSPL:0.21052631578947367	KLKQRVIW:0.21052631578947367	LPQDDILA:0.7368421052631579	EGPIRPNV:0.2631578947368421	AGKGGITE:0.2631578947368421	ILLSLGSN:0.3684210526315789	LLSLGSNV:0.21052631578947367	LKQRVIWK:0.3157894736842105	SKWLPQDD:0.21052631578947367	RHHGAAHL:0.21052631578947367	HHGAAHLQ:0.21052631578947367	GPIRPNVP:0.3157894736842105	WLPQDDIL:0.7368421052631579	WTEYVIRH:0.21052631578947367	VIRHHGAA:0.2631578947368421	YSKWLPQD:0.21052631578947367	KMFNVLSK:0.21052631578947367	LPVFGDQP:0.2631578947368421	GGVAEAQY:0.21052631578947367	ITHAGKGG:0.47368421052631576	LFITHAGK:0.47368421052631576	GVAEAQYH:0.21052631578947367	FITHAGKG:0.47368421052631576	AEAQYHGV:0.21052631578947367	LYRDRPLS:0.21052631578947367	PGKSANIL:0.21052631578947367	GKGGVAEA:0.21052631578947367	HAGKGGVA:0.21052631578947367	VAEAQYHG:0.21052631578947367	KGGVAEAQ:0.21052631578947367	TPGKSANI:0.21052631578947367	GKSANILY:0.21052631578947367	KDKPDPLP:0.21052631578947367	THAGKGGV:0.21052631578947367	NTPGKSAN:0.21052631578947367	AGKGGVAE:0.21052631578947367	ALPVFADQ:0.2631578947368421	EAQYHGVP:0.3157894736842105	AQYHGVPM:0.3157894736842105	DDILAHPK:0.2631578947368421	ISEGPIRP:0.21052631578947367	KLFITHAG:0.42105263157894735	PMLALPVF:0.2631578947368421	LPVFADQP:0.2631578947368421	GHNVTVVS:0.21052631578947367	ILAHPKIK:0.21052631578947367	HPKIKLFI:0.21052631578947367	AHPKIKLF:0.21052631578947367	LAHPKIKL:0.21052631578947367	DRPLTARQ:0.21052631578947367	LYRDRPLT:0.21052631578947367	RDRPLTAR:0.21052631578947367	IKLFITHA:0.21052631578947367	WTEYVLRH:0.2631578947368421	STLYRDRP:0.21052631578947367	LYRDRPMT:0.21052631578947367	QYHGVPMV:0.21052631578947367	FSTLYRDR:0.21052631578947367	IEIGGIQI:0.21052631578947367	YVLRHHGA:0.21052631578947367	YWTEYVLR:0.21052631578947367	EIGGIQIK:0.2631578947368421	GHNVTVVT:0.2631578947368421	
