cluster number:8
GT1:37	GT1:37
DRSLNHDQ:0.4864864864864865	FDRSLNHD:0.5945945945945946	RSLNHDQF:0.43243243243243246	PFYAVGPI:0.2702702702702703	CGWNSILE:0.35135135135135137	FFVWPATL:0.2702702702702703	TVEELEPS:0.2702702702702703	VLASGARF:0.24324324324324326	FLWVMRPD:0.24324324324324326	LLTDQFTN:0.40540540540540543	LVADTFFV:0.2702702702702703	DTFFVWPA:0.2702702702702703	PDIVSSDD:0.32432432432432434	ADTFFVWP:0.32432432432432434	SFGSYAHV:0.5405405405405406	VSFGSYAH:0.35135135135135137	RFLWVMRP:0.24324324324324326	AGFARSAV:0.24324324324324326	ARFLWVMR:0.24324324324324326	FPLLTDQF:0.24324324324324326	LIFNLYYH:0.21621621621621623	LYVSFGSY:0.3783783783783784	MRPDIVSS:0.2702702702702703	GVPMLCFP:0.32432432432432434	CFPLLTDQ:0.40540540540540543	CNTVEELE:0.2702702702702703	RPDIVSSD:0.3783783783783784	PMLCFPLL:0.2702702702702703	TEPALIFN:0.21621621621621623	FARSAVAT:0.24324324324324326	MLCFPLLT:0.2702702702702703	EPALIFNL:0.21621621621621623	WTEPALIF:0.21621621621621623	ARSAVATS:0.24324324324324326	AGVPMLCF:0.24324324324324326	GARFLWVM:0.24324324324324326	ELEPSTIA:0.2702702702702703	VPMLCFPL:0.32432432432432434	RSAVATSM:0.24324324324324326	LTHCGWNS:0.7297297297297297	LTDQFTNR:0.43243243243243246	LASGARFL:0.24324324324324326	DIVSSDDP:0.32432432432432434	SGARFLWV:0.24324324324324326	GFDRSLNH:0.35135135135135137	GFARSAVA:0.24324324324324326	PAGFARSA:0.24324324324324326	NTVEELEP:0.2702702702702703	PLLTDQFT:0.40540540540540543	SAVATSMW:0.24324324324324326	VLYVSFGS:0.40540540540540543	EELEPSTI:0.2702702702702703	FGSYAHVT:0.3783783783783784	WAGVPMLC:0.24324324324324326	FWTEPALI:0.21621621621621623	LEPSTIAA:0.2702702702702703	VADTFFVW:0.2702702702702703	LWVMRPDI:0.24324324324324326	GVLASGAR:0.24324324324324326	WVMRPDIV:0.24324324324324326	GWNSILES:0.32432432432432434	TFFVWPAT:0.2702702702702703	VSFWTEPA:0.40540540540540543	THCGWNSI:0.35135135135135137	YVSFGSYA:0.35135135135135137	HCGWNSIL:0.35135135135135137	VEELEPST:0.2702702702702703	LCFPLLTD:0.35135135135135137	SFWTEPAL:0.40540540540540543	WCCQVEVL:0.2702702702702703	PALIFNLY:0.21621621621621623	FLTHCGWN:0.7297297297297297	EPSTIAAL:0.2702702702702703	ALIFNLYY:0.21621621621621623	VMRPDIVS:0.24324324324324326	ASGARFLW:0.24324324324324326	PSTIAALR:0.2702702702702703	YVSFWTEP:0.32432432432432434	SVLYVSFG:0.40540540540540543	AIGGFLTH:0.35135135135135137	GWNSVLES:0.40540540540540543	IGGFLTHC:0.35135135135135137	KLVVDDWK:0.21621621621621623	CGWNSVLE:0.43243243243243246	GSVLYVSF:0.32432432432432434	GFLTHCGW:0.5405405405405406	PLQGHVIP:0.43243243243243246	GGFLTHCG:0.5135135135135135	THCGWNSV:0.43243243243243246	HCGWNSVL:0.43243243243243246	NRKLVVDD:0.3783783783783784	RKLVVDDW:0.35135135135135137	DQFTNRKL:0.4594594594594595	FTNRKLVV:0.40540540540540543	CLVADTFF:0.24324324324324326	TNRKLVVD:0.35135135135135137	TDQFTNRK:0.3783783783783784	GSYAHVTK:0.2702702702702703	QFTNRKLV:0.43243243243243246	RYELVSDG:0.21621621621621623	GHVIPAVH:0.21621621621621623	LYYHMDLL:0.2702702702702703	YPLQGHVI:0.32432432432432434	FPLGFDRS:0.21621621621621623	PYPLQGHV:0.21621621621621623	DGFPLGFD:0.21621621621621623	VWPATLAR:0.21621621621621623	GFPLGFDR:0.21621621621621623	VIPAVHLA:0.21621621621621623	LQGHVIPA:0.24324324324324326	QGHVIPAV:0.24324324324324326	HVIPAVHL:0.21621621621621623	FVWPATLA:0.24324324324324326	WVLRPDIV:0.21621621621621623	SLWSESDC:0.21621621621621623	STIAALRA:0.21621621621621623	PLGFDRSL:0.21621621621621623	NSVLESVW:0.21621621621621623	WNSVLESV:0.21621621621621623	ISFGSYAH:0.2972972972972973	LGFDRSLN:0.21621621621621623	LVVQWCCQ:0.24324324324324326	ADYVLCNT:0.21621621621621623	LCNTVEEL:0.21621621621621623	VLCNTVEE:0.21621621621621623	YISFGSYA:0.2972972972972973	LYISFGSY:0.2972972972972973	DYVLCNTV:0.21621621621621623	GLVVQWCC:0.24324324324324326	YVLCNTVE:0.21621621621621623	VLYISFGS:0.32432432432432434	GSVLYISF:0.2702702702702703	SVLYISFG:0.2972972972972973	RGLVVQWC:0.21621621621621623	HVFSAHVD:0.24324324324324326	LHVFSAHV:0.21621621621621623	
