cluster number:191
GT1:14	GT1:14|GT2:1
LTTGAGVA:0.21428571428571427	LSLSARLA:0.2857142857142857	YWAYSPTN:0.2857142857142857	VYWAYSPT:0.2857142857142857	SPTNRNLP:0.5	GAGVAVPF:0.8571428571428571	QLSLSARL:0.21428571428571427	WAYSPTNR:0.42857142857142855	TGAGVAVP:0.8571428571428571	TTGAGVAV:0.21428571428571427	PTNRNLPN:0.5	TNRNLPNL:0.5	YSPTNRNL:0.35714285714285715	AYSPTNRN:0.42857142857142855	LSLSARLV:0.21428571428571427	LPFLSVLY:0.21428571428571427	VLPFLSVL:0.21428571428571427	GVAVPFLI:0.35714285714285715	LSVLYVQW:0.21428571428571427	PFLSVLYV:0.21428571428571427	AVPFLILG:0.21428571428571427	LYVQWPQL:0.21428571428571427	AGVAVPFL:0.6428571428571429	LVLPFLSV:0.21428571428571427	FLSVLYVQ:0.21428571428571427	VPFLILGK:0.21428571428571427	VLYVQWPQ:0.21428571428571427	CSSGGHFK:0.5	TLSLSARL:0.21428571428571427	STGAGVAV:0.6428571428571429	YVQWPQLQ:0.21428571428571427	SVLYVQWP:0.21428571428571427	PFLILGKL:0.21428571428571427	VAVPFLIL:0.35714285714285715	SARLVLPF:0.21428571428571427	NLPNLVRN:0.21428571428571427	VCSSGGHF:0.5	RNLPNLVR:0.21428571428571427	NRNLPNLV:0.21428571428571427	SSGGHFKA:0.35714285714285715	LVCSSGGH:0.5	ISTGAGVA:0.5	SGGHFKAL:0.2857142857142857	LLVCSSGG:0.42857142857142855	GGHFKALQ:0.21428571428571427	HFKALQQL:0.21428571428571427	VFIESVTR:0.2857142857142857	VLLVCSSG:0.35714285714285715	KVLLVCSS:0.2857142857142857	TVFIESVT:0.2857142857142857	FIESVTRI:0.2857142857142857	GHFKALQQ:0.21428571428571427	PTNRNIPN:0.21428571428571427	WPQLQARY:0.21428571428571427	GVAVPFLL:0.21428571428571427	IISTGAGV:0.21428571428571427	VAVPFLLL:0.21428571428571427	PQLQARYP:0.21428571428571427	GSQTVFIE:0.21428571428571427	SQTVFIES:0.21428571428571427	WAWSPTNR:0.21428571428571427	MKVLLVCS:0.21428571428571427	LVISTGAG:0.21428571428571427	AWSPTNRN:0.21428571428571427	VISTGAGV:0.21428571428571427	
