cluster number:102
GT1:11	GT1:11
HAEFAARF:0.36363636363636365	RLSAFFTH:0.36363636363636365	VRHAEFAA:0.2727272727272727	ALLADSRL:0.6363636363636364	GGLGSVNE:0.2727272727272727	NGSIEISK:0.36363636363636365	EIGGITVD:0.2727272727272727	QTALLADS:0.6363636363636364	ADSRLSAF:0.6363636363636364	ELSYLGKP:0.36363636363636365	KNVTFIWK:0.36363636363636365	SYTKLTKD:0.2727272727272727	AEFAARFG:0.36363636363636365	PQTALLAD:0.8181818181818182	LSYLGKPA:0.36363636363636365	LCPLFADQ:0.2727272727272727	RHNGSIEI:0.36363636363636365	LTEAGHNV:0.36363636363636365	KTIEIGGI:0.2727272727272727	FKNVTFIW:0.36363636363636365	LLADSRLS:0.6363636363636364	TEAGHNVT:0.36363636363636365	VTFIWKYE:0.9090909090909091	NVTFIWKY:0.5454545454545454	THGGLGSV:0.2727272727272727	HNGSIEIS:0.36363636363636365	NELSYLGK:0.2727272727272727	FGHSHSTF:0.2727272727272727	TALLADSR:0.6363636363636364	HGGLGSVN:0.2727272727272727	LADSRLSA:0.6363636363636364	FLAKIADT:0.2727272727272727	LAKIADTL:0.2727272727272727	WVPQTALL:0.7272727272727273	THAGLGSV:0.2727272727272727	KWVPQTAL:0.5454545454545454	DAGHNVTF:0.2727272727272727	TDAGHNVT:0.2727272727272727	LTDAGHNV:0.36363636363636365	AKIADTLT:0.2727272727272727	VPQTALLA:0.7272727272727273	GLGSVNEV:0.2727272727272727	GSVNEVSY:0.2727272727272727	SLDPYSRQ:0.2727272727272727	DQMRNAKM:0.45454545454545453	NPFLDFPR:0.2727272727272727	PSLDPYSR:0.5454545454545454	SNPFLDFP:0.2727272727272727	IQIGGISV:0.2727272727272727	VFCPLFGH:0.2727272727272727	QPVKPKEL:0.2727272727272727	LPSLDPYS:0.5454545454545454	QMRNAKML:0.45454545454545453	LGSVNEVS:0.2727272727272727	CPLFGHSH:0.2727272727272727	LVFCPLFG:0.2727272727272727	NSNPFLDF:0.2727272727272727	FCPLFGHS:0.2727272727272727	GLGSINEL:0.2727272727272727	HAGLGSIN:0.36363636363636365	CPLFAHSH:0.36363636363636365	VFCPLFAH:0.2727272727272727	LGSINELS:0.2727272727272727	FPRPTLTK:0.36363636363636365	AKMLVRHN:0.36363636363636365	PRPTLTKT:0.36363636363636365	AGLGSINE:0.36363636363636365	NAKMLVRH:0.36363636363636365	VRHNGSIE:0.36363636363636365	LVFCPLFA:0.2727272727272727	THAGLGSI:0.45454545454545453	LVRHNGSI:0.45454545454545453	FCPLFAHS:0.2727272727272727	RNAKMLVR:0.36363636363636365	KMLVRHNG:0.45454545454545453	MLVRHNGS:0.45454545454545453	DFPRPTLT:0.36363636363636365	RHNGSIEL:0.36363636363636365	RPTLTKTI:0.2727272727272727	GSINELSY:0.2727272727272727	SFVFLNSN:0.2727272727272727	ASFVFLNS:0.2727272727272727	FVFLNSNP:0.2727272727272727	HNVTFFTP:0.36363636363636365	KFFATIAD:0.2727272727272727	QLENQPIK:0.2727272727272727	QAILFDSS:0.2727272727272727	TMLVSFGS:0.2727272727272727	PVMPSVVS:0.2727272727272727	EKTMLVSF:0.2727272727272727	AARFGRLP:0.2727272727272727	NVTFFTPT:0.36363636363636365	SLDPYSRK:0.2727272727272727	AFQAILFD:0.2727272727272727	VMPSVVSD:0.2727272727272727	GRLPSLDP:0.36363636363636365	NFLVFCPL:0.36363636363636365	QIGGISVD:0.2727272727272727	AGHNVTFF:0.36363636363636365	LDPYSRKM:0.2727272727272727	ARFGRLPS:0.2727272727272727	FQAILFDS:0.2727272727272727	EQLENQPI:0.2727272727272727	GSIELSKY:0.2727272727272727	REKTMLVS:0.2727272727272727	LAEQLENQ:0.2727272727272727	RFGRLPSL:0.2727272727272727	FGRLPSLD:0.36363636363636365	SIELSKYD:0.2727272727272727	IGEPVMPS:0.2727272727272727	GEPVMPSV:0.2727272727272727	NGSIELSK:0.2727272727272727	ELSKYDLG:0.2727272727272727	VTFFTPTI:0.36363636363636365	ILFDSSYA:0.2727272727272727	TFFTPTIV:0.2727272727272727	GHNVTFFT:0.36363636363636365	LREKTMLV:0.2727272727272727	KTMLVSFG:0.2727272727272727	FLVFCPLF:0.36363636363636365	AILFDSSY:0.2727272727272727	LENQPIKP:0.2727272727272727	RLPSLDPY:0.36363636363636365	EPVMPSVV:0.2727272727272727	HNGSIELS:0.2727272727272727	SPFGDKLS:0.2727272727272727	IELSKYDL:0.2727272727272727	KLAEQLEN:0.2727272727272727	AEQLENQP:0.2727272727272727	FTHAGLGS:0.2727272727272727	FADQMRNA:0.2727272727272727	ADQMRNAK:0.2727272727272727	NEVSYLGK:0.2727272727272727	PLFGHSHT:0.2727272727272727	EVSYLGKP:0.2727272727272727	FFTHAGLG:0.2727272727272727	AFFTHAGL:0.2727272727272727	
