cluster number:259
GT1:35	GT1:35
NVKLFITH:0.42857142857142855	IYFSMGSN:0.3142857142857143	QRVLWKFE:0.37142857142857144	LFITHGGL:0.42857142857142855	KQRVLWKF:0.22857142857142856	VIYFSMGS:0.34285714285714286	PNVKLFIT:0.3142857142857143	HPNVKLFI:0.45714285714285713	PNMIEVGG:0.34285714285714286	GVIYFSMG:0.37142857142857144	AHPNVKLF:0.37142857142857144	HGVIYFSM:0.2	FITHGGLL:0.45714285714285713	ITHGGLLS:0.4	EHGVIYFS:0.2857142857142857	IEVGGMHI:0.22857142857142856	NMIEVGGM:0.2	THGGLLST:0.34285714285714286	LKQRVLWK:0.22857142857142856	LAHPNVKL:0.37142857142857144	MIEVGGMH:0.2	VKLFITHG:0.45714285714285713	KLFITHGG:0.6	WTEYVLRH:0.2571428571428571	ILAHPNVK:0.22857142857142856	GVIYFSLG:0.37142857142857144	RVLWKFED:0.2857142857142857	VIYFSLGS:0.2857142857142857	IYFSLGSN:0.22857142857142856	HGVIYFSL:0.2	YVLRHKGA:0.22857142857142856	
