cluster number:120
GT1:94	GT1:94|2.4.1.-:2
LGTLQGHR:0.6595744680851063	FASLGTLQ:0.8085106382978723	LVAHCGGL:0.20212765957446807	AGGLVAEA:0.22340425531914893	PIAFDQPG:0.39361702127659576	GLPLPVMP:0.24468085106382978	FDQPGVAA:0.6808510638297872	DQPGVAAR:0.723404255319149	LPLPVMPF:0.2872340425531915	FHAVGPLR:0.43617021276595747	SLGTLQGH:0.6595744680851063	LLVAHCGG:0.20212765957446807	QPGVAARV:0.5425531914893617	AFDQPGVA:0.7659574468085106	ASLGTLQG:0.8404255319148937	IAFDQPGV:0.3723404255319149	VFASLGTL:0.5425531914893617	IVDQMEPA:0.3191489361702128	FVFASLGT:0.2553191489361702	PGVAARVV:0.23404255319148937	PLAQISQT:0.2978723404255319	TDMLCREL:0.3404255319148936	LSPLAQIS:0.3404255319148936	CLSPLAQI:0.3191489361702128	LAFDQPGV:0.3829787234042553	THAGLNTV:0.24468085106382978	PLAFDQPG:0.39361702127659576	VDQMEPAG:0.3191489361702128	PFVFASLG:0.24468085106382978	SPLAQISQ:0.5212765957446809	GLNTVMDA:0.26595744680851063	VIVDQMEP:0.23404255319148937	DMLCRELP:0.3829787234042553	CFHAVGPL:0.23404255319148937	HGGLNTVM:0.2127659574468085	GLPFVSVA:0.2127659574468085	GTLQGHRY:0.46808510638297873	LAQISQTL:0.20212765957446807	ACALPVNR:0.46808510638297873	VSVACALP:0.4574468085106383	SHPPGSLA:0.20212765957446807	LPFVSVAC:0.32978723404255317	ITHGGLNT:0.20212765957446807	SVACALPV:0.4148936170212766	PFVSVACA:0.3404255319148936	CALPVNRE:0.43617021276595747	FVSVACAL:0.32978723404255317	THGGLNTV:0.2553191489361702	YDWLMRRH:0.2127659574468085	LIAHCGGL:0.22340425531914893	LLIAHCGG:0.22340425531914893	DQMEAAGG:0.23404255319148937	VACALPVN:0.40425531914893614	GGLNTVMD:0.2127659574468085	THGGMNTV:0.20212765957446807	GVIVDQME:0.20212765957446807	IFASLGTL:0.2553191489361702	GLNTVLDA:0.26595744680851063	AGLNTVLD:0.20212765957446807	QMEPAGAL:0.32978723404255317	HAGLNTVL:0.22340425531914893	DQMEPAGA:0.3404255319148936	LALPIAFD:0.2765957446808511	IAPPFYSH:0.20212765957446807	LPIAFDQP:0.2872340425531915	ALPIAFDQ:0.26595744680851063	APPFYSHV:0.20212765957446807	LQGHRYGL:0.3829787234042553	PLAQISQL:0.20212765957446807	QGHRYGLF:0.2872340425531915	TLQGHRYG:0.3829787234042553	QLLLAHCG:0.2127659574468085	QLLIAHCG:0.20212765957446807	ALPVNREA:0.22340425531914893	TTDMLCRE:0.2127659574468085	WVTDFAPQ:0.23404255319148937	HFAAIAPP:0.20212765957446807	
