cluster number:344
GT1:35	GT1:35
VVHVTQGT:0.7142857142857143	VHVTQGTI:0.22857142857142856	KPEVAARV:0.5714285714285714	GYGAVQRA:0.2571428571428571	MVTNGGYG:0.3142857142857143	GGYGAVQR:0.2571428571428571	TNGGYGAV:0.2571428571428571	RVTVLTSA:0.3142857142857143	RYVGAVHP:0.22857142857142856	GDRVTVLT:0.34285714285714286	EVAARVAW:0.22857142857142856	DKPEVAAR:0.6	DVMVTNGG:0.34285714285714286	NGGYGAVQ:0.2571428571428571	RGDRVTVL:0.34285714285714286	EDKPEVAA:0.5428571428571428	PEVAARVA:0.3142857142857143	VMVTNGGY:0.3142857142857143	RPVVHVTQ:0.6285714285714286	DRPVVHVT:0.2857142857142857	TEDKPEVA:0.6	VRYVGAVH:0.22857142857142856	VTNGGYGA:0.2571428571428571	GVPLVVAG:0.5142857142857142	PVVHVTQG:0.6857142857142857	DRVTVLTS:0.2571428571428571	GILPFLLG:0.22857142857142856	YGAVQRAL:0.2571428571428571	VDVMVTNG:0.2571428571428571	GIDLRTGT:0.2	SRDTAPAG:0.2	LRTGTPTP:0.2571428571428571	IDLRTGTP:0.2	DLRTGTPT:0.2571428571428571	DTEDKPEV:0.22857142857142856	PLVVAGDT:0.2	VAGDTEDK:0.2	LVVAGDTE:0.2	VPLVVAGD:0.22857142857142856	GDRPVVHV:0.2	VVAGDTED:0.2	GDTEDKPE:0.22857142857142856	AGDTEDKP:0.2	VHVTQGTV:0.45714285714285713	VDVLVTNG:0.2	DVLVTNGG:0.2	HVTQGTVD:0.34285714285714286	TQGTVDNA:0.2	QGTVDNAD:0.2	VTQGTVDN:0.37142857142857144	LSSRDTAP:0.22857142857142856	LVTNGGYG:0.2	
