cluster number:278
GT1:11	GT1:11
VVMFPWLA:0.2727272727272727	DLAAPRFG:0.2727272727272727	LVSTPVNL:0.2727272727272727	PWAPLEAA:0.2727272727272727	VHLVSTPV:0.2727272727272727	MFPWLAHG:1.0	AAARGVPA:0.2727272727272727	FPWLAHGH:1.0	WAPLEAAA:0.2727272727272727	GLVVEGWA:0.45454545454545453	PLEAAARG:0.2727272727272727	LVVEGWAP:0.45454545454545453	VMFPWLAH:0.2727272727272727	ACDLAAPR:0.2727272727272727	EAAARGVP:0.2727272727272727	RGLVVEGW:0.36363636363636365	APLEAAAR:0.2727272727272727	HLVSTPVN:0.2727272727272727	LEAAARGV:0.2727272727272727	PWLAHGHI:0.8181818181818182	CDLAAPRF:0.2727272727272727	LMFPWLAH:0.6363636363636364	KRACDLAA:0.2727272727272727	LKRACDLA:0.2727272727272727	ARGLELSG:0.2727272727272727	CGWSSVME:0.6363636363636364	VALPLHID:0.2727272727272727	ALPLHIDQ:0.2727272727272727	RMARLCGK:0.2727272727272727	MARGLELS:0.2727272727272727	EGWAPQRR:0.5454545454545454	THCGWSSV:0.2727272727272727	HCGWSSVM:0.6363636363636364	VEGWAPQR:0.36363636363636365	RACDLAAP:0.2727272727272727	VVEGWAPQ:0.36363636363636365	LPLHIDQP:0.2727272727272727	VYISFGSE:0.45454545454545453	RGELAKVI:0.36363636363636365	PFLELANK:0.36363636363636365	HISPFLEL:0.45454545454545453	SPFLELAN:0.36363636363636365	SLPDLPPH:0.36363636363636365	LPDLPPHS:0.36363636363636365	WAPQRRIL:0.5454545454545454	PSLPDLPP:0.45454545454545453	KLIKHPSR:0.2727272727272727	LSLLKIPT:0.2727272727272727	LAHGHISP:0.5454545454545454	SSVVYISF:0.36363636363636365	ELAKVIEE:0.36363636363636365	SPDLLICD:0.2727272727272727	PPHSHTTK:0.2727272727272727	GGFVSHCG:0.36363636363636365	ELHLPSLP:0.36363636363636365	LAKVIEEV:0.36363636363636365	IERGELAK:0.36363636363636365	TKLIKHPS:0.2727272727272727	APQRRILR:0.36363636363636365	WLAHGHIS:0.5454545454545454	GHISPFLE:0.45454545454545453	VGGFVSHC:0.36363636363636365	ERGELAKV:0.36363636363636365	GFVSHCGW:0.45454545454545453	LSPDLLIC:0.2727272727272727	LIELHLPS:0.2727272727272727	ILMFPWLA:0.45454545454545453	PDLLICDF:0.2727272727272727	LCSSPINL:0.2727272727272727	PLVPDDDD:0.2727272727272727	LIKHPSRI:0.2727272727272727	HGHISPFL:0.5454545454545454	FVSHCGWS:0.45454545454545453	SVVYISFG:0.36363636363636365	HTTKGLPA:0.2727272727272727	PDLPPHSH:0.36363636363636365	RILMFPWL:0.36363636363636365	ISPFLELA:0.36363636363636365	GWAPQRRI:0.45454545454545453	AKVIEEVV:0.2727272727272727	NFHVYLCS:0.2727272727272727	ELAHALLI:0.2727272727272727	PNFHVYLC:0.2727272727272727	SHCGWSSV:0.5454545454545454	GELAKVIE:0.36363636363636365	VVYISFGS:0.36363636363636365	IELHLPSL:0.2727272727272727	VSHCGWSS:0.45454545454545453	ALSLLKIP:0.2727272727272727	SLLKIPTV:0.36363636363636365	LAHALLIL:0.2727272727272727	AHGHISPF:0.5454545454545454	FLELANKL:0.36363636363636365	LHLPSLPD:0.36363636363636365	FHVYLCSS:0.2727272727272727	PQRRILRH:0.36363636363636365	HLPSLPDL:0.36363636363636365	LPSLPDLP:0.45454545454545453	DLPPHSHT:0.2727272727272727	LPPHSHTT:0.2727272727272727	ISEALPEG:0.2727272727272727	LELANKLV:0.2727272727272727	SEALPEGF:0.2727272727272727	SVGGFVSH:0.2727272727272727	ELANKLVS:0.2727272727272727	LANKLVSR:0.2727272727272727	SVVFVSFG:0.2727272727272727	WSSVMEGM:0.2727272727272727	GWSSVMEG:0.2727272727272727	
