cluster number:110
GT1:74	GT1:74|2.4.1.-:10
GSRGDVEP:0.4594594594594595	KLGIPYFY:0.4189189189189189	AEKLGIPY:0.6216216216216216	VAVRSVAE:0.3108108108108108	VRSVAEKL:0.6891891891891891	VAEKLGIP:0.5945945945945946	EKLGIPYF:0.44594594594594594	SVAEKLGI:0.6216216216216216	RSVAEKLG:0.6486486486486487	AVAVRSVA:0.3108108108108108	AVRSVAEK:0.3918918918918919	SRGDVEPL:0.4594594594594595	TSGSRGDV:0.22972972972972974	SGSRGDVE:0.22972972972972974	ATRAGVPQ:0.28378378378378377	RLAEVGVP:0.3108108108108108	AWILPDER:0.3783783783783784	ALAPETRA:0.28378378378378377	SRGWADLA:0.21621621621621623	GPPPVYVG:0.33783783783783783	GAWILPDE:0.3783783783783784	AFLAAGPP:0.21621621621621623	PVYVGFGS:0.6756756756756757	LFGRVAAA:0.24324324324324326	RVVLSRGW:0.22972972972972974	LPDERPLP:0.21621621621621623	RAAIGLPP:0.2972972972972973	LSRGWADL:0.3108108108108108	AAIGLPPV:0.2972972972972973	ELEAFLAA:0.2972972972972973	GDVEPLVA:0.4594594594594595	APETRARA:0.3108108108108108	LEAFLAAG:0.3918918918918919	RVAAAVHH:0.25675675675675674	VLFGRVAA:0.21621621621621623	QTGAWILP:0.40540540540540543	AVQTGAWI:0.4189189189189189	AIGLPPVE:0.24324324324324326	VAIEAIRA:0.22972972972972974	VRMCAPPD:0.28378378378378377	VYVGFGSS:0.24324324324324326	LAADPVLA:0.21621621621621623	WILPDERP:0.40540540540540543	TALAPETR:0.35135135135135137	ADPVLAPL:0.24324324324324326	SAALATAL:0.22972972972972974	LAPETRAR:0.3108108108108108	RGDVEPLV:0.4594594594594595	GRVAAAVH:0.22972972972972974	TGAWILPD:0.4189189189189189	AGPPPVYV:0.3108108108108108	PPPVYVGF:0.33783783783783783	LAAGPPPV:0.25675675675675674	AADPVLAP:0.32432432432432434	DAVQTGAW:0.2972972972972973	FLAAGPPP:0.25675675675675674	VEPLVALA:0.4864864864864865	VVLSRGWA:0.21621621621621623	RGWADLAL:0.21621621621621623	ERLAEVGV:0.21621621621621623	AAGPPPVY:0.24324324324324326	PPVYVGFG:0.6756756756756757	QVLFGRVA:0.21621621621621623	EGCDAVVA:0.20270270270270271	AEGCDAVV:0.33783783783783783	FGRVAAAV:0.22972972972972974	DVEPLVAL:0.4594594594594595	ILPDERPL:0.3783783783783784	EVRMCAPP:0.3108108108108108	VQTGAWIL:0.40540540540540543	GAEVRMCA:0.22972972972972974	GRRVILSR:0.21621621621621623	GVAHDGPT:0.20270270270270271	HDGPTPTF:0.20270270270270271	PLVALAVR:0.4189189189189189	VALAVRLR:0.4189189189189189	PAAAEGCD:0.4189189189189189	VAELGIGV:0.33783783783783783	RVAELGIG:0.35135135135135137	GIGVAHDG:0.32432432432432434	APLQPTDL:0.21621621621621623	RRVILSRG:0.21621621621621623	AEVRMCAP:0.20270270270270271	GVRSVAEK:0.28378378378378377	LPDERPLS:0.20270270270270271	PPPLGEPP:0.20270270270270271	AAAEGCDA:0.2972972972972973	VILSRGWA:0.2702702702702703	PLQPTDLD:0.20270270270270271	AGRVAELG:0.24324324324324326	AELGIGVA:0.35135135135135137	ILSRGWAD:0.20270270270270271	IGVAHDGP:0.28378378378378377	PPPPLGEP:0.21621621621621623	LVALAVRL:0.3783783783783784	EPLVALAV:0.44594594594594594	VPQIADQP:0.22972972972972974	HHGGAGTT:0.33783783783783783	LDAVQTGA:0.20270270270270271	AAEGCDAV:0.3108108108108108	AHDGPTPT:0.22972972972972974	PPLGEPPA:0.20270270270270271	LGIPYFYA:0.2972972972972973	LAPLQPTD:0.22972972972972974	RVILSRGW:0.32432432432432434	IGLPPVED:0.25675675675675674	VAHDGPTP:0.20270270270270271	ELGIGVAH:0.2972972972972973	LGIGVAHD:0.32432432432432434	DPVLAPLQ:0.22972972972972974	GVPQVVVP:0.20270270270270271	IRAQGRRV:0.20270270270270271	RAGVPQVV:0.20270270270270271	AIRAQGRR:0.20270270270270271	LFGRVAAV:0.32432432432432434	TFDSLSAA:0.24324324324324326	FDSLSAAL:0.24324324324324326	PTFDSLSA:0.24324324324324326	LSAALATA:0.20270270270270271	SLSAALAT:0.22972972972972974	VPAAAEGC:0.2972972972972973	RVAAVVHH:0.20270270270270271	FGRVAAVV:0.24324324324324326	ALAVRLRE:0.2702702702702703	SAELEAFL:0.20270270270270271	RPLSAELE:0.22972972972972974	GRVAAVVH:0.22972972972972974	
