cluster number:323
GT1:96	GT1:96|2.4.1.203:3|2.4.1.91:1|2.4.1.-:1
SVLYVCLG:0.25	ELGLGLEA:0.20833333333333334	IGGFLTHC:0.22916666666666666	FMAQGHMI:0.21875	HCGWNSTL:0.5833333333333334	THCGWNST:0.7291666666666666	PFMAQGHM:0.22916666666666666	LTHCGWNS:0.75	GFLTHCGW:0.65625	MAQGHMIP:0.3020833333333333	GGFLTHCG:0.6458333333333334	GSVLYVCL:0.20833333333333334	CGWNSTLE:0.5833333333333334	WNSTLEGI:0.40625	GWNSTLEG:0.4895833333333333	FLTHCGWN:0.71875	VLYVCLGS:0.25	VGGFLTHC:0.3958333333333333	SVGGFLTH:0.2604166666666667	SHPSVGGF:0.20833333333333334	LSHPSVGG:0.20833333333333334	LFPFMAQG:0.22916666666666666	IRGWAPQV:0.2916666666666667	AQGHMIPM:0.34375	PQVLILSH:0.4270833333333333	YVCLGSIC:0.25	GWAPQVLI:0.3645833333333333	KAVEEGGS:0.20833333333333334	FPFMAQGH:0.23958333333333334	AVEEGGSS:0.2916666666666667	CLGSICNL:0.23958333333333334	QVLILSHP:0.3125	APQVLILS:0.3541666666666667	DIARLLAQ:0.22916666666666666	FVLFPFMA:0.20833333333333334	VEEGGSSH:0.2604166666666667	IGPVSLCN:0.3854166666666667	VLFPFMAQ:0.20833333333333334	WAPQVLIL:0.3645833333333333	HFVLFPFM:0.20833333333333334	DKAERGNK:0.20833333333333334	GPVSLCNK:0.40625	VCLGSICN:0.21875	RGWAPQVL:0.22916666666666666	TWPLFGDQ:0.23958333333333334	WPLFGDQF:0.23958333333333334	VNSFEELE:0.21875	GLPEGCEN:0.21875	AGLPEGCE:0.25	
