cluster number:346
GT1:74	GT1:74|2.4.1.-:1
THSGWNST:0.7432432432432432	VGGFLTHS:0.4189189189189189	GGFLTHSG:0.6621621621621622	VSEVWKIG:0.24324324324324326	TLESICAG:0.20270270270270271	SVGGFLTH:0.28378378378378377	RFVSEVWK:0.2972972972972973	LSHPSVGG:0.24324324324324326	VLSHPSVG:0.24324324324324326	PSVGGFLT:0.2702702702702703	HPSVGGFL:0.2702702702702703	FLWVIRPD:0.28378378378378377	SGWNSTLE:0.7432432432432432	GWNSTLES:0.7837837837837838	GFLTHSGW:0.6756756756756757	FLTHSGWN:0.6891891891891891	HSGWNSTL:0.7432432432432432	ESICAGVP:0.20270270270270271	ICAGVPMI:0.20270270270270271	WNSTLESI:0.5945945945945946	LESICAGV:0.20270270270270271	NSTLESIC:0.20270270270270271	PFLWVIRP:0.20270270270270271	SHPSVGGF:0.24324324324324326	KVLSHPSV:0.22972972972972974	SICAGVPM:0.20270270270270271	LTHSGWNS:0.6891891891891891	STLESICA:0.20270270270270271	GVPMICWP:0.44594594594594594	AGVPMICW:0.2702702702702703	YVSFGSIT:0.24324324324324326	INSRFVSE:0.21621621621621623	HVLIFPLP:0.21621621621621623	GWAPQEEV:0.2702702702702703	PMICWPYF:0.36486486486486486	QGHVNSML:0.20270270270270271	NSTLESIV:0.24324324324324326	TFEDLEGP:0.22972972972972974	WAPQEEVL:0.44594594594594594	CWPYFADQ:0.3108108108108108	ICWPYFAD:0.28378378378378377	LDMKDTCD:0.2702702702702703	DMKDTCDR:0.2972972972972973	EDLEGPIL:0.22972972972972974	ILNTFEDL:0.3108108108108108	FLRRRDLP:0.20270270270270271	VPMICWPY:0.33783783783783783	NTFEDLEG:0.25675675675675674	GLDMKDTC:0.2702702702702703	LNTFEDLE:0.25675675675675674	FEDLEGPI:0.24324324324324326	VGWAPQEE:0.28378378378378377	MICWPYFA:0.28378378378378377	PQEEVLAH:0.25675675675675674	AIGGFLTH:0.21621621621621623	VAGVPMIC:0.22972972972972974	IGGFLTHS:0.24324324324324326	SVLYVSFG:0.20270270270270271	APQEEVLA:0.21621621621621623	
