cluster number:139
GT1:26	GT1:26
PREFQPAG:0.34615384615384615	LGLGEQLD:0.23076923076923078	LYYGVGLI:0.23076923076923078	YPVLREHC:0.23076923076923078	LRAAVARV:0.23076923076923078	RRGHRVDY:0.2692307692307692	VRANLDRM:0.2692307692307692	VSHTGMNS:0.2692307692307692	LVEELVRR:0.38461538461538464	RGHRVDYA:0.2692307692307692	FIPREFQP:0.2692307692307692	LVRRGHRV:0.6923076923076923	ELVRRGHR:0.6923076923076923	QMPEQAAN:0.2692307692307692	NLDRMRKV:0.2692307692307692	EELVRRGH:0.5384615384615384	TLPLVEEL:0.38461538461538464	PEFYRTCI:0.23076923076923078	AFVSHTGM:0.23076923076923078	RPEFYRTC:0.23076923076923078	ANLDRMRK:0.2692307692307692	LDRMRKVV:0.23076923076923078	VRRGHRVD:0.2692307692307692	GHRVDYAT:0.2692307692307692	PQMPEQAA:0.2692307692307692	GMNSTMEA:0.4230769230769231	NPTLPLVE:0.34615384615384615	HTGMNSTM:0.3076923076923077	SHTGMNST:0.3076923076923077	AYPVLREH:0.23076923076923078	DRMRKVVR:0.23076923076923078	PLVEELVR:0.34615384615384615	REFQPAGD:0.34615384615384615	NLVFIPRE:0.2692307692307692	MNSTMEAL:0.38461538461538464	ELGLGEQL:0.23076923076923078	VPQMPEQA:0.2692307692307692	PEQAANAG:0.23076923076923078	IPREFQPA:0.23076923076923078	DPEAPVLF:0.23076923076923078	FVSHTGMN:0.2692307692307692	AVPQMPEQ:0.2692307692307692	VFIPREFQ:0.2692307692307692	EQAANAGR:0.23076923076923078	PTLPLVEE:0.38461538461538464	LPLVEELV:0.34615384615384615	RANLDRMR:0.2692307692307692	HFIGPSLG:0.23076923076923078	VEELVRRG:0.5	MPEQAANA:0.2692307692307692	LVFIPREF:0.2692307692307692	TGMNSTME:0.3076923076923077	VNPTLPLV:0.3076923076923077	VRRGHRVS:0.3076923076923077	RRGHRVSF:0.23076923076923078	HVNPTLPL:0.3076923076923077	GHVNPTLP:0.34615384615384615	FQPAGDTF:0.3076923076923077	EFQPAGDT:0.2692307692307692	PAGDTFDE:0.2692307692307692	QPAGDTFD:0.2692307692307692	LFISLGTV:0.23076923076923078	PVLFISLG:0.23076923076923078	VLFISLGT:0.23076923076923078	
