cluster number:277
GT1:14	GT1:14
FVTHAGMG:0.5714285714285714	VTHAGMGS:0.35714285714285715	FVSHAGMG:0.2857142857142857	SHAGMGST:0.21428571428571427	WHVVMSVG:0.21428571428571427	VSHAGMGS:0.2857142857142857	MGSTMESL:0.21428571428571427	HAGMGSTM:0.42857142857142855	GMGSTMES:0.21428571428571427	AGMGSTME:0.42857142857142855	HDGTLAWW:0.21428571428571427	WWGRILAH:0.21428571428571427	GRILAHRW:0.21428571428571427	WGRILAHR:0.21428571428571427	AEQRANAD:0.21428571428571427	ANADRIAE:0.2857142857142857	AMGLLLDE:0.21428571428571427	EQRANADR:0.2857142857142857	FQYAGDTF:0.21428571428571427	MGLLLDET:0.21428571428571427	LPQMAEQR:0.21428571428571427	ALPQMAEQ:0.21428571428571427	THAGMGST:0.21428571428571427	DGTLAWWG:0.21428571428571427	DRIAELGL:0.21428571428571427	LVSLGTAY:0.21428571428571427	LAWWGRIL:0.21428571428571427	RAMGLLLD:0.21428571428571427	TLAWWGRI:0.21428571428571427	QMAEQRAN:0.21428571428571427	ADRIAELG:0.21428571428571427	PQMAEQRA:0.21428571428571427	MAEQRANA:0.21428571428571427	YGPLGAGH:0.21428571428571427	GTLAWWGR:0.21428571428571427	AFVTHAGM:0.5	QRANADRI:0.21428571428571427	AWWGRILA:0.21428571428571427	NADRIAEL:0.2857142857142857	RIAELGLG:0.2857142857142857	LRIGRYLR:0.21428571428571427	AAGAEPVL:0.21428571428571427	THAGMGGT:0.2857142857142857	HAGMGGTM:0.2857142857142857	AGMGGTME:0.2857142857142857	PVLLVSLG:0.35714285714285715	VLLVSLGS:0.2857142857142857	VTHAGMGG:0.21428571428571427	PQLAVLRH:0.21428571428571427	QLAVLRHA:0.21428571428571427	GHVNPTLG:0.35714285714285715	VAVPQMAE:0.21428571428571427	LVRRGHRV:0.21428571428571427	ELVRRGHR:0.21428571428571427	HGHVNPTL:0.2857142857142857	HVNPTLGV:0.2857142857142857	GPALGDRS:0.21428571428571427	VPQMAEQR:0.21428571428571427	AVPQMAEQ:0.21428571428571427	LPVLLVSL:0.21428571428571427	AVLRVSSD:0.21428571428571427	ELVARGHR:0.21428571428571427	LVARGHRV:0.21428571428571427	AELVARGH:0.21428571428571427	
