cluster number:200
GT1:11	GT1:11
STGASIAV:0.36363636363636365	SGGHFSTM:0.45454545454545453	ELSLSGKL:0.36363636363636365	YVQWPNLC:0.2727272727272727	FYVQWPNL:0.2727272727272727	EFYVQWPN:0.2727272727272727	TSGGHFST:0.45454545454545453	FIESISRS:0.36363636363636365	GGHFSTMR:0.36363636363636365	WLPYQGPR:0.2727272727272727	LSLSGKLV:0.36363636363636365	SLSGKLVY:0.36363636363636365	VFIESISR:0.36363636363636365	IISTGASI:0.2727272727272727	MLVCTSGG:0.5454545454545454	ISTGASIA:0.45454545454545453	MKLMLVCT:0.36363636363636365	LMLVCTSG:0.36363636363636365	LVCTSGGH:0.6363636363636364	VCTSGGHF:0.6363636363636364	KLMLVCTS:0.36363636363636365	CTSGGHFS:0.36363636363636365	YVESISRS:0.2727272727272727	KYPKAIFK:0.2727272727272727	SDEFYVQW:0.2727272727272727	LPYQAPRD:0.2727272727272727	WLPYQAPR:0.2727272727272727	VHWLPYQA:0.2727272727272727	KAIFKGYA:0.2727272727272727	DEFYVQWP:0.45454545454545453	STGASIAI:0.2727272727272727	YPKAIFKG:0.2727272727272727	PKAIFKGY:0.2727272727272727	EKVHWLPY:0.2727272727272727	KVHWLPYQ:0.2727272727272727	HWLPYQAP:0.2727272727272727	SGGHFATM:0.2727272727272727	CTSGGHFA:0.2727272727272727	TSGGHFAT:0.2727272727272727	APRDILAL:0.2727272727272727	QAPRDILA:0.2727272727272727	RVWVSDRK:0.2727272727272727	YQAPRDIL:0.2727272727272727	EFYVQWPE:0.2727272727272727	LVCNPGGH:0.2727272727272727	LLLVCNPG:0.2727272727272727	MKLLLVCN:0.2727272727272727	LLVCNPGG:0.2727272727272727	VCNPGGHF:0.2727272727272727	KLLLVCNP:0.2727272727272727	
