cluster number:23
GT1:37	GT1:37|2.4.1.-:1
IRGWAPQL:0.2702702702702703	GLIIRGWA:0.21621621621621623	APQLLILS:0.7567567567567568	GGFLSHCG:0.43243243243243246	PQLLILSH:0.7567567567567568	WGVGPLLP:0.2702702702702703	LIIRGWAP:0.21621621621621623	IIRGWAPQ:0.24324324324324326	SHCGWNST:0.4864864864864865	TGGFLSHC:0.3783783783783784	GFLSHCGW:0.40540540540540543	VWGVGPLL:0.21621621621621623	RGWAPQLL:0.2702702702702703	QLLILSHP:0.4864864864864865	LAWPIRGD:0.24324324324324326	PSTGGFLS:0.21621621621621623	AWPIRGDQ:0.24324324324324326	PVWGVGPL:0.21621621621621623	WAPQLLIL:0.6756756756756757	FLSHCGWN:0.5405405405405406	HPSTGGFL:0.21621621621621623	RGLIIRGW:0.21621621621621623	GWAPQLLI:0.6756756756756757	LLILSHPS:0.4864864864864865	STGGFLSH:0.35135135135135137	LSHCGWNS:0.5405405405405406	SVLYVSFG:0.21621621621621623	ILSHPSVG:0.2702702702702703	NSTLESIT:0.32432432432432434	WNSTLESI:0.32432432432432434	HCGWNSTL:0.4594594594594595	VPLITWPM:0.2702702702702703	LILSHPSV:0.2702702702702703	THCGWNST:0.24324324324324326	GVPLITWP:0.2702702702702703	CGWNSTLE:0.4594594594594595	GWNSTLES:0.4864864864864865	IWGWAPQL:0.2972972972972973	LESITLGV:0.24324324324324326	TLGVPLIT:0.24324324324324326	TLESITLG:0.2972972972972973	SITLGVPL:0.24324324324324326	ESITLGVP:0.24324324324324326	AVREGGSS:0.21621621621621623	STLESITL:0.2972972972972973	LGVPLITW:0.24324324324324326	ITLGVPLI:0.24324324324324326	WGWAPQLL:0.2702702702702703	GLIIWGWA:0.21621621621621623	LIIWGWAP:0.21621621621621623	IIWGWAPQ:0.21621621621621623	
