cluster number:245
GT1:21	GT1:21
RVLAGLRE:0.23809523809523808	HLVLSPFP:0.42857142857142855	VVSHGGSG:0.38095238095238093	RHLVLSPF:0.42857142857142855	GLPHATVL:0.23809523809523808	PSGPNLGS:0.2857142857142857	FRDPRFPL:0.2857142857142857	LGTIFNTE:0.38095238095238093	TCVVTVGN:0.2857142857142857	RVLFTFAG:0.3333333333333333	CVVTVGNL:0.2857142857142857	DEADHGAM:0.23809523809523808	FTFAGGNG:0.2857142857142857	VPLLEGLL:0.23809523809523808	VLPYCDAV:0.23809523809523808	HGGSGSLL:0.3333333333333333	LGLGTVLD:0.23809523809523808	LSPFPASF:0.2857142857142857	FNTESGDL:0.38095238095238093	NTESGDLF:0.3333333333333333	VVTVGNLI:0.23809523809523808	ATCVVTVG:0.2857142857142857	NGHFRPLL:0.23809523809523808	FAGGNGHF:0.2857142857142857	GGNGHFRP:0.2857142857142857	PMGADQPH:0.42857142857142855	MGADQPHN:0.42857142857142855	GSGSLLGA:0.3333333333333333	SHGGSGSL:0.2857142857142857	RVTELGLG:0.23809523809523808	YLPQDDVL:0.2857142857142857	QPHNGDRV:0.23809523809523808	PAEFGPQP:0.38095238095238093	DDVLPYCD:0.2857142857142857	GFVRRTAP:0.2857142857142857	LPHATVLV:0.23809523809523808	YFTLGTIF:0.42857142857142855	GDRVTELG:0.23809523809523808	AAGRLRDE:0.23809523809523808	TIFNTESG:0.3333333333333333	SFRDPRFP:0.2857142857142857	DQPHNGDR:0.2857142857142857	GNGHFRPL:0.2857142857142857	MRVLFTFA:0.3333333333333333	PDLLVCDE:0.3333333333333333	LRDGFVRR:0.2857142857142857	DVLPYCDA:0.2857142857142857	ASFRDPRF:0.2857142857142857	DGFVRRTA:0.2857142857142857	NGDRVTEL:0.23809523809523808	DATCVVTV:0.2857142857142857	LVCDEADH:0.23809523809523808	FPSGPNLG:0.2857142857142857	ADQPHNGD:0.2857142857142857	RDGFVRRT:0.2857142857142857	SPFPASFR:0.2857142857142857	GLGTVLDV:0.23809523809523808	LPYCDAVL:0.23809523809523808	QDDVLPYC:0.2857142857142857	ELGLGTVL:0.23809523809523808	DRVTELGL:0.23809523809523808	GTIFNTES:0.3333333333333333	CDEADHGA:0.23809523809523808	TVGNLIDP:0.23809523809523808	HNGDRVTE:0.23809523809523808	LVLSPFPA:0.2857142857142857	LFTFAGGN:0.2857142857142857	DLRDGFVR:0.2857142857142857	GADQPHNG:0.2857142857142857	GHFRPLLP:0.23809523809523808	TLGTIFNT:0.38095238095238093	LPMGADQP:0.47619047619047616	LPQDDVLP:0.2857142857142857	DPAEFGPQ:0.38095238095238093	IFNTESGD:0.3333333333333333	VLFTFAGG:0.3333333333333333	DLLVCDEA:0.2857142857142857	VLSPFPAS:0.2857142857142857	EADHGAMI:0.23809523809523808	FPASFRDP:0.2857142857142857	EFGPQPEH:0.23809523809523808	TFAGGNGH:0.2857142857142857	PQDDVLPY:0.2857142857142857	PFPASFRD:0.2857142857142857	TELGLGTV:0.23809523809523808	AFPSGPNL:0.23809523809523808	LLPMGADQ:0.47619047619047616	PHNGDRVT:0.23809523809523808	VTVGNLID:0.23809523809523808	GGSGSLLG:0.3333333333333333	VCDEADHG:0.23809523809523808	VDATCVVT:0.23809523809523808	VTELGLGT:0.23809523809523808	AGGNGHFR:0.2857142857142857	FTLGTIFN:0.42857142857142855	IDPAEFGP:0.3333333333333333	PASFRDPR:0.2857142857142857	RDPRFPLP:0.2857142857142857	ESGDLFAR:0.23809523809523808	LLVCDEAD:0.2857142857142857	TVYFTLGT:0.38095238095238093	GALAHGLP:0.2857142857142857	PTVYFTLG:0.38095238095238093	VSHGGSGS:0.2857142857142857	LREPSYRE:0.23809523809523808	LPVDRDRE:0.23809523809523808	EPSYREAA:0.23809523809523808	VLLPMGAD:0.3333333333333333	GLPPQRNL:0.23809523809523808	PVDRDRED:0.23809523809523808	LPMVLLPM:0.23809523809523808	AHGLPMVL:0.2857142857142857	VYFTLGTI:0.3333333333333333	DPRFPLPP:0.23809523809523808	PLLPVDRD:0.23809523809523808	ALAHGLPM:0.23809523809523808	MVLLPMGA:0.23809523809523808	REPSYREA:0.23809523809523808	RPLLPVDR:0.23809523809523808	GLPMVLLP:0.23809523809523808	HGLPPQRN:0.23809523809523808	PMVLLPMG:0.23809523809523808	VLREPSYR:0.23809523809523808	LPPQRNLE:0.23809523809523808	LLPVDRDR:0.23809523809523808	HGLPMVLL:0.23809523809523808	SGPNLGSD:0.23809523809523808	LAHGLPMV:0.23809523809523808	GPNLGSDG:0.23809523809523808	
