cluster number:204
GT1:84	GT1:84|2.4.1.-:6
ALRAAGHE:0.2619047619047619	LRAAGHEV:0.2261904761904762	GLTAVPVG:0.30952380952380953	AWALRAAG:0.2619047619047619	WALRAAGH:0.30952380952380953	GHEVRVAS:0.30952380952380953	LAWALRAA:0.23809523809523808	RAAGHEVR:0.25	PLAWALRA:0.23809523809523808	RPRVCLTL:0.21428571428571427	AGHEVRVA:0.5119047619047619	AAGHEVRV:0.4880952380952381	LVPLAWAL:0.27380952380952384	PRVCLTLG:0.2261904761904762	VPLAWALR:0.32142857142857145	VHHGGAGT:0.20238095238095238	WALQAAGH:0.2261904761904762	GWALQAAG:0.20238095238095238	LQAAGHEV:0.20238095238095238	ALQAAGHE:0.20238095238095238	AGLTAVPV:0.20238095238095238	EVRVASQP:0.20238095238095238	HEVRVASQ:0.20238095238095238	
