cluster number:144
GT1:132	GT1:132|2.4.1.-:13|2.4.1.237:3|2.4.1.185:1|2.4.1.128:1|2.4.1.238:1
IRGWAPQV:0.48484848484848486	GGFVTHCG:0.2878787878787879	IIRGWAPQ:0.49242424242424243	GKGLIIRG:0.2727272727272727	KGLIIRGW:0.3712121212121212	VEEGGSSY:0.24242424242424243	GLIIRGWA:0.4166666666666667	WLPEGFEE:0.22727272727272727	AVEEGGSS:0.3181818181818182	LIIRGWAP:0.4166666666666667	SVVYVCFG:0.22727272727272727	LPEGFEER:0.2196969696969697	NSFYELEP:0.4318181818181818	FVTHCGWN:0.6287878787878788	GFVTHCGW:0.3106060606060606	VTHCGWNS:0.6363636363636364	VVYVCFGS:0.22727272727272727	HCGWNSTL:0.5606060606060606	THCGWNST:0.5757575757575758	CGWNSTLE:0.5606060606060606	GWNSTLEG:0.4318181818181818	GLPEGCEN:0.25	DMFFPWAT:0.24242424242424243	VNSFYELE:0.4393939393939394	TIITTPLN:0.24242424242424243	GHMIPTLD:0.21212121212121213	ADMFFPWA:0.26515151515151514	PRLVFHGT:0.2727272727272727	FYELEPDY:0.2803030303030303	SFYELEPD:0.26515151515151514	GVPMVTWP:0.3939393939393939	AFVTHCGW:0.2803030303030303	GWAPQVLI:0.4772727272727273	AGVPMVTW:0.3560606060606061	PQVLILDH:0.3181818181818182	APQVLILD:0.3106060606060606	WAPQVLIL:0.49242424242424243	WNSTLEGI:0.23484848484848486	RGWAPQVL:0.3787878787878788	GAFVTHCG:0.2878787878787879	FYNEKLVT:0.25757575757575757	AEQFYNEK:0.36363636363636365	EQFYNEKL:0.3484848484848485	QFYNEKLV:0.2727272727272727	VIVNSFYE:0.2196969696969697	GVIVNSFY:0.2196969696969697	IVNSFYEL:0.25757575757575757	
