cluster number:181
GT1:30	GT1:30
FPLPFQGH:0.6	PLPFQGHL:0.23333333333333334	LFPLPFQG:0.3	PLPFQGHI:0.3	PTLVLRTG:0.3333333333333333	DRSCIEWL:0.23333333333333334	LQLAGALH:0.23333333333333334	WNSTLESI:0.36666666666666664	GGFWTHNG:0.4	PGSVLYVS:0.2	MLQLAGAL:0.23333333333333334	AWGLANSG:0.2	NGWNSTLE:0.4	PFLWVVRP:0.3333333333333333	GSVLYVSF:0.36666666666666664	VLHTGSAA:0.2	AVGGFWTH:0.5666666666666667	WTHNGWNS:0.4	THNGWNST:0.4	VGGFWTHN:0.36666666666666664	PMLQLAGA:0.23333333333333334	VLYVSFGS:0.5	FWTHNGWN:0.4	GFWTHNGW:0.4	HNGWNSTL:0.4	LYVSFGSV:0.26666666666666666	RSCIEWLD:0.23333333333333334	GWNSTLES:0.5666666666666667	SVLYVSFG:0.5	YVSFGSLA:0.2	GLAVTVLH:0.26666666666666666	VLRTGSAA:0.23333333333333334	LRTGSAAC:0.23333333333333334	LPTLVLRT:0.2	RTGSAACL:0.23333333333333334	GLPTLVLR:0.2	TGSAACLG:0.2	APQQEVLA:0.3	RGLAVTVL:0.26666666666666666	WAPQQEVL:0.43333333333333335	VTVLHTRF:0.23333333333333334	GVPMICRP:0.2	TVLHTRFN:0.23333333333333334	SEGVPMIC:0.23333333333333334	HARGLAVT:0.23333333333333334	LAVTVLHT:0.26666666666666666	GSAACLGC:0.2	LHARGLAV:0.23333333333333334	LVLRTGSA:0.23333333333333334	PQQEVLAH:0.3	LYVSFGSL:0.2	TLVLRTGS:0.23333333333333334	ARGLAVTV:0.26666666666666666	LGLPTLVL:0.26666666666666666	VLHTRFNA:0.23333333333333334	VSFGSLAS:0.2	RVLVFPLP:0.2	LVFPLPFQ:0.2	VEGRGKVI:0.2	VLVFPLPF:0.2	AVEGRGKV:0.2	RRVLVFPL:0.2	WNSTLESV:0.2	AVGPLHKL:0.2	VFPLPFQG:0.2	
