cluster number:224
GT1:72	GT1:72
VPPLVGHV:0.25	AGHNTVCE:0.4027777777777778	PLVVAPIR:0.6666666666666666	HGLPLVVA:0.2361111111111111	VVVADQQA:0.20833333333333334	RDDQPIVA:0.2916666666666667	AAELTARG:0.2222222222222222	FVVPPLVG:0.3055555555555556	PIRDDQPI:0.3055555555555556	PLVGHVNP:0.2638888888888889	GLPLVVAP:0.2777777777777778	VAAELTAR:0.2222222222222222	RFLFVVPP:0.4166666666666667	HAGHNTVC:0.4027777777777778	TSATTSAE:0.4027777777777778	FLFVVPPL:0.4722222222222222	IRDDQPIV:0.2638888888888889	VAPIRDDQ:0.6805555555555556	VVAPIRDD:0.6666666666666666	VVPPLVGH:0.3888888888888889	LPLVVAPI:0.2361111111111111	CHAGHNTV:0.4444444444444444	APIRDDQP:0.7777777777777778	PPLVGHVN:0.2638888888888889	LFVVPPLV:0.3055555555555556	AELTARGH:0.20833333333333334	LVVAPIRD:0.6666666666666666	ALWHGVPL:0.2222222222222222	EALWHGVP:0.2222222222222222	QVVDAGAG:0.4027777777777778	GHNTVCEA:0.4861111111111111	HNTVCEAL:0.4861111111111111	LWHGVPLV:0.375	TVCEALWH:0.2638888888888889	VCEALWHG:0.2777777777777778	NTVCEALW:0.2777777777777778	ATSATTSA:0.3194444444444444	AGVRVRFG:0.3888888888888889	ATTSAEFT:0.2361111111111111	PIRDDQPV:0.3888888888888889	IRDDQPVV:0.3055555555555556	VPLVVAPI:0.4305555555555556	AGALVAER:0.2777777777777778	SATTSAEF:0.2638888888888889	AVVCHAGH:0.3888888888888889	DAGAGVRV:0.25	VLVTLGTA:0.25	PWATSATT:0.25	GVPLVVAP:0.4861111111111111	SRFLFVVP:0.20833333333333334	HGVPLVVA:0.4027777777777778	WATSATTS:0.3611111111111111	MSRFLFVV:0.20833333333333334	WHGVPLVV:0.3194444444444444	GVRVRFGR:0.3888888888888889	VVDAGAGV:0.2777777777777778	AGAGVRVR:0.4444444444444444	LVTLGTAN:0.25	GAGVRVRF:0.4583333333333333	VDAGAGVR:0.2777777777777778	RDDQPVVA:0.3055555555555556	VVCHAGHN:0.4166666666666667	AEAMAPGV:0.20833333333333334	PLAEAMAP:0.2638888888888889	LAEAMAPG:0.20833333333333334	VCHAGHNT:0.4027777777777778	HGGHNTVC:0.3194444444444444	GGHNTVCE:0.3194444444444444	
