cluster number:235
GT1:82	GT1:82|2.4.1.-:11|2.4.1.121:1
HCGWNSTL:0.5	WCSQVEVL:0.32926829268292684	RPFLWVIR:0.4268292682926829	THCGWNST:0.5975609756097561	GRPFLWVI:0.25609756097560976	CGWNSTLE:0.5	GWNSTLES:0.43902439024390244	VVYVSFGS:0.36585365853658536	SVVYVSFG:0.4268292682926829	TNAKLIED:0.35365853658536583	WNSTLESL:0.3170731707317073	AFPQWTDQ:0.2682926829268293	SSVVYVSF:0.23170731707317074	AKLIEDVW:0.21951219512195122	SDGYDDGF:0.25609756097560976	NAKLIEDV:0.24390243902439024	FSDGYDDG:0.4024390243902439	VAFPQWTD:0.2682926829268293	GCFVTHCG:0.5121951219512195	VPVVAFPQ:0.2073170731707317	PAQGHINP:0.4268292682926829	QGTNAKLI:0.2073170731707317	DQGTNAKL:0.24390243902439024	VNTFDALE:0.35365853658536583	SLGCFVTH:0.2073170731707317	NTFDALEP:0.24390243902439024	LVNTFDAL:0.34146341463414637	WTDQGTNA:0.21951219512195122	GVPVVAFP:0.3170731707317073	FVTHCGWN:0.5	IGPLIPSA:0.2804878048780488	MIVPWCSQ:0.2073170731707317	VTHCGWNS:0.5	PVVAFPQW:0.21951219512195122	CSQVEVLS:0.25609756097560976	LGCFVTHC:0.25609756097560976	TDQGTNAK:0.21951219512195122	GMIVPWCS:0.2073170731707317	CFVTHCGW:0.5121951219512195	GPLIPSAF:0.2926829268292683	PLIPSAFL:0.25609756097560976	VLVNTFDA:0.23170731707317074	LIPSAFLD:0.24390243902439024	IPSAFLDG:0.25609756097560976	DVWKTGVR:0.24390243902439024	LWIQPATV:0.2073170731707317	GHINPALQ:0.23170731707317074	KVLVNTFD:0.23170731707317074	QGHINPAL:0.2682926829268293	INPALQFA:0.2073170731707317	HPSLGCFV:0.2073170731707317	FPAQGHIN:0.24390243902439024	YYYYFNGY:0.2073170731707317	AQGHINPA:0.24390243902439024	DIYYYYFN:0.23170731707317074	TFPAQGHI:0.24390243902439024	IYYYYFNG:0.23170731707317074	PSAFLDGK:0.2073170731707317	
