cluster number:404
GT1:34	GT1:34|2.4.1.-:5
DLVLWDPL:0.29411764705882354	VSGAAHAR:0.29411764705882354	WALQSAGH:0.29411764705882354	GQWTLDLT:0.20588235294117646	ALQSAGHE:0.35294117647058826	IHHGGGGT:0.35294117647058826	GHEVVVAS:0.20588235294117646	EYVPLNQV:0.20588235294117646	AWALQSAG:0.29411764705882354	PDLVLWDP:0.5294117647058824	HHGGGGTF:0.47058823529411764	WRPDLVLW:0.4117647058823529	TLDLTQSR:0.20588235294117646	SAGHEVVV:0.20588235294117646	VVPLAWAL:0.23529411764705882	ARVSGAAH:0.2647058823529412	PVRRVPYT:0.20588235294117646	AGHEVVVA:0.20588235294117646	VPLAWALQ:0.5588235294117647	RPDLVLWD:0.4117647058823529	RRVPYTGA:0.20588235294117646	PLAWALQS:0.20588235294117646	RVSGAAHA:0.2647058823529412	QWTLDLTQ:0.20588235294117646	HGGGGTFA:0.4411764705882353	IIHHGGGG:0.3235294117647059	YVPLNQVL:0.20588235294117646	VPLNQVLP:0.20588235294117646	VRRVPYTG:0.20588235294117646	AIIHHGGG:0.3235294117647059	SGAAHARL:0.20588235294117646	LDLTQSRM:0.20588235294117646	LAWALQSA:0.20588235294117646	LQSAGHEV:0.35294117647058826	WTLDLTQS:0.20588235294117646	QSAGHEVV:0.20588235294117646	SAIIHHGG:0.3235294117647059	AARVSGAA:0.38235294117647056	PLNQVLPT:0.20588235294117646	ELTARHRR:0.20588235294117646	QWTIDPMP:0.2647058823529412	GQWTIDPM:0.2647058823529412	GGGTFAAA:0.20588235294117646	TFAAAVAH:0.20588235294117646	LGQWTIDP:0.2647058823529412	GGTFAAAV:0.23529411764705882	GTFAAAVA:0.23529411764705882	GGGGTFAA:0.35294117647058826	GGRGRQLF:0.23529411764705882	ELLLGQWT:0.29411764705882354	TLGVGGRG:0.23529411764705882	IVPLAWAL:0.29411764705882354	RPRVCLTL:0.3235294117647059	LGVGGRGR:0.23529411764705882	PIVPLAWA:0.29411764705882354	CLTLGVGG:0.20588235294117646	LLGQWTID:0.2647058823529412	AGHEVRVA:0.35294117647058826	VCLTLGVG:0.20588235294117646	PRVCLTLG:0.35294117647058826	RVCLTLGV:0.35294117647058826	HPIVPLAW:0.23529411764705882	GVGGRGRQ:0.23529411764705882	LLLGQWTI:0.2647058823529412	LTLGVGGR:0.23529411764705882	LDVELVAT:0.23529411764705882	GAAHARVL:0.20588235294117646	VAHRVPQL:0.3235294117647059	AHRVPQLV:0.23529411764705882	ALQNAGHE:0.2647058823529412	QNAGHEVR:0.2647058823529412	GLAAVPLG:0.20588235294117646	AWALQNAG:0.29411764705882354	ERPERPRV:0.20588235294117646	AHVHPIVP:0.20588235294117646	LQNAGHEV:0.2647058823529412	AGLAAVPL:0.20588235294117646	LAWALQNA:0.29411764705882354	CVPAAVAA:0.20588235294117646	VHPIVPLA:0.20588235294117646	LLPTCSAV:0.20588235294117646	PAAVAARV:0.20588235294117646	NAGHEVRV:0.2647058823529412	HVHPIVPL:0.20588235294117646	VAARVSGA:0.23529411764705882	WALQNAGH:0.29411764705882354	PLAWALQN:0.29411764705882354	VRVAIHPD:0.20588235294117646	EELLLGQW:0.23529411764705882	QLLPTCSA:0.20588235294117646	GAAHARLL:0.20588235294117646	LLPTCSAI:0.20588235294117646	CSAIIHHG:0.20588235294117646	
