cluster number:168
GT1:24	GT1:24
AARVERLG:0.3333333333333333	IVFTLGSA:0.4583333333333333	AIVHQGGI:0.375	QALRAGRP:0.3333333333333333	ERLGTSRT:0.25	PPIVFTLG:0.4583333333333333	NDPQEMAR:0.20833333333333334	NAARVERL:0.3333333333333333	FTLGSAAV:0.5833333333333334	LRAGRPTL:0.25	DQPDNAAR:0.625	PIVFTLGS:0.5	RLGTSRTI:0.2916666666666667	ALRAGRPT:0.25	GGIGTTAQ:0.5416666666666666	PDNAARVE:0.375	IGTTAQAL:0.4583333333333333	HDQPDNAA:0.4583333333333333	RVERLGTS:0.2916666666666667	SLGDLHPF:0.20833333333333334	QGGIGTTA:0.625	VHQGGIGT:0.7083333333333334	FEFHRMRP:0.20833333333333334	VFTLGSAA:0.5	TTAQALRA:0.4166666666666667	HQGGIGTT:0.7083333333333334	IVHQGGIG:0.5	TAQALRAG:0.375	EPPIVFTL:0.2916666666666667	GSLGDLHP:0.2916666666666667	RACAIVHQ:0.20833333333333334	ARVERLGT:0.2916666666666667	DPQEMARM:0.375	AQALRAGR:0.2916666666666667	GIGTTAQA:0.5	ACAIVHQG:0.2916666666666667	AGEPPIVF:0.2916666666666667	GEPPIVFT:0.2916666666666667	QEMARMMD:0.4166666666666667	PQEMARMM:0.375	CAIVHQGG:0.2916666666666667	DNAARVER:0.3333333333333333	QPDNAARV:0.4166666666666667	VERLGTSR:0.25	GTTAQALR:0.4166666666666667	LGSAAVMD:0.20833333333333334	LIMPYSHD:0.2916666666666667	GNFYQESI:0.20833333333333334	LNRRAVLL:0.375	RPTLIMPY:0.25	RAVLLIGK:0.2916666666666667	RRAVLLIG:0.2916666666666667	PTLIMPYS:0.2916666666666667	AGNFYQES:0.20833333333333334	TLIMPYSH:0.2916666666666667	NRRAVLLI:0.3333333333333333	MPYSHDQP:0.4166666666666667	TLGSAAVM:0.375	YSHDQPDN:0.5	SHDQPDNA:0.5833333333333334	PYSHDQPD:0.5	IMPYSHDQ:0.2916666666666667	AVLLIGKN:0.2916666666666667	YAPYSQIF:0.375	APYSQIFP:0.3333333333333333	PYSQIFPR:0.20833333333333334	LKTGQEYM:0.20833333333333334	MARMMDLK:0.2916666666666667	YSQIFPRA:0.20833333333333334	TTLGTLGD:0.20833333333333334	MDLKTGQE:0.20833333333333334	DLKTGQEY:0.20833333333333334	KTGQEYMV:0.20833333333333334	MMDLKTGQ:0.20833333333333334	AGRPTLIM:0.20833333333333334	GRPTLIMP:0.20833333333333334	RMMDLKTG:0.2916666666666667	VACDAIEK:0.20833333333333334	EMARMMDL:0.375	ARMMDLKT:0.2916666666666667	WASSAMVP:0.20833333333333334	RAGRPTLI:0.20833333333333334	VVHQGGIG:0.20833333333333334	DAGEPPIV:0.20833333333333334	GFTFYDGS:0.20833333333333334	IAIALELR:0.25	QFLDAGEP:0.25	FLDAGEPP:0.25	LDAGEPPI:0.20833333333333334	VLLIGKNP:0.20833333333333334	AGFTFYDG:0.20833333333333334	
