cluster number:280
GT1:7	GT1:7
VVYATLGT:0.5714285714285714	SALYAGLP:0.2857142857142857	LLPRCDLA:0.42857142857142855	RYIPQSLL:0.7142857142857143	IPQSLLLP:0.5714285714285714	ALFRYLHL:0.2857142857142857	PQPSNVHV:0.2857142857142857	LAIMHGGY:0.2857142857142857	TVGRDQDP:0.2857142857142857	GHFHPLVP:0.7142857142857143	LIVTVGRD:0.2857142857142857	SLLLPRCD:0.2857142857142857	TGHFHPLV:0.42857142857142855	SGTGHFHP:0.2857142857142857	LGSRPVVY:0.2857142857142857	YIPQSLLL:0.5714285714285714	YATLGTVF:0.42857142857142855	HPLVPTAR:0.2857142857142857	GTGHFHPL:0.2857142857142857	QSLLLPRC:0.42857142857142855	ATLGTVFN:0.42857142857142855	TLGTVFNK:0.42857142857142855	SNVHVERY:0.2857142857142857	GPQPSNVH:0.2857142857142857	LPRCDLAI:0.2857142857142857	LLLPRCDL:0.42857142857142855	PRCDLAIM:0.2857142857142857	PSNVHVER:0.2857142857142857	VGEKLGIP:0.2857142857142857	HVERYIPQ:0.7142857142857143	QPSNVHVE:0.2857142857142857	RCDLAIMH:0.2857142857142857	LVPTARAL:0.2857142857142857	FHPLVPTA:0.42857142857142855	LVGEKLGI:0.2857142857142857	RQQVREML:0.2857142857142857	SLGSRPVV:0.2857142857142857	CDLAIMHG:0.2857142857142857	VHVERYIP:0.5714285714285714	ERYIPQSL:0.7142857142857143	PQSLLLPR:0.42857142857142855	VERYIPQS:0.7142857142857143	RPVVYATL:0.2857142857142857	PVVYATLG:0.5714285714285714	GSRPVVYA:0.2857142857142857	PLVPTARA:0.2857142857142857	DLAIMHGG:0.2857142857142857	EALALPGL:0.2857142857142857	SRPVVYAT:0.2857142857142857	ALALPGLE:0.2857142857142857	VYATLGTV:0.42857142857142855	HFHPLVPT:0.42857142857142855	NVHVERYI:0.2857142857142857	ASIQVGGG:0.2857142857142857	HGGYNSVM:0.2857142857142857	QPAHVHVE:0.2857142857142857	GPQPAHVH:0.2857142857142857	AGHEVAFA:0.5714285714285714	HVHVERYI:0.2857142857142857	GYNSVMSA:0.2857142857142857	PQPAHVHV:0.2857142857142857	NSVMSALY:0.2857142857142857	PAHVHVER:0.2857142857142857	AHVHVERY:0.2857142857142857	GGYNSVMS:0.2857142857142857	LGPQPAHV:0.2857142857142857	YNSVMSAL:0.2857142857142857	LQQAGHEV:0.2857142857142857	LAILHGGY:0.2857142857142857	QQAGHEVA:0.2857142857142857	ILHGGYNS:0.2857142857142857	ALQQAGHE:0.2857142857142857	AADQPMNA:0.2857142857142857	AILHGGYN:0.2857142857142857	VLFTTTPA:0.2857142857142857	MRVLFTTT:0.2857142857142857	RVLFTTTP:0.2857142857142857	
