cluster number:157
GT1:68	GT1:68
GLRAGVPA:0.4852941176470588	AAGLRAGV:0.47058823529411764	VAPYTGLG:0.3382352941176471	AVVHHAGA:0.6176470588235294	HAGAGTTA:0.5	AGAGTTAA:0.5	QPFWAARL:0.23529411764705882	PVLHGFSP:0.22058823529411764	GTTAAGLR:0.45588235294117646	AGVPAVPV:0.4852941176470588	DQPFWAAR:0.23529411764705882	AGLRAGVP:0.5588235294117647	AAVVHHAG:0.6176470588235294	AGPPPVFV:0.22058823529411764	HHAGAGTT:0.6323529411764706	GVPAVPVP:0.5	LRAGVPAV:0.5294117647058824	LAAGPPPV:0.20588235294117646	TTAAGLRA:0.4411764705882353	FLAAGPPP:0.22058823529411764	VVHHAGAG:0.6176470588235294	TAAGLRAG:0.4411764705882353	VHHAGAGT:0.6617647058823529	GPPPVFVG:0.2647058823529412	ADQPFWAA:0.22058823529411764	GDVAPYTG:0.38235294117647056	VVPRPADW:0.22058823529411764	AGTTAAGL:0.45588235294117646	VPAVPVPV:0.29411764705882354	RAGVPAVP:0.5	GAGTTAAG:0.5147058823529411	DVAPYTGL:0.36764705882352944	LFPRMAAV:0.25	RMAAVVHH:0.22058823529411764	MAAVVHHA:0.29411764705882354	PRMAAVVH:0.22058823529411764	FPRMAAVV:0.22058823529411764	FPRTAAVV:0.3235294117647059	TAGSRGDV:0.4411764705882353	VRAVVQAG:0.20588235294117646	HDWLFPRT:0.20588235294117646	RTAAVVHH:0.3088235294117647	GFSPLVVP:0.27941176470588236	PVFIGFGS:0.20588235294117646	PRTAAVVH:0.3088235294117647	HGFSPLVV:0.27941176470588236	AGVRAVVQ:0.20588235294117646	GYWWPARP:0.20588235294117646	PPVFIGFG:0.20588235294117646	GSRGDVAP:0.4852941176470588	SPLVVPRP:0.3088235294117647	DWLFPRTA:0.20588235294117646	PHDWLFPR:0.25	FSPLVVPR:0.27941176470588236	WLFPRTAA:0.3088235294117647	RGDVAPYT:0.2647058823529412	RAVVQAGW:0.25	AGSRGDVA:0.4411764705882353	SRGDVAPY:0.27941176470588236	TAAVVHHA:0.29411764705882354	LFPRTAAV:0.3382352941176471	FVGLGSAT:0.23529411764705882	LGSATVPD:0.23529411764705882	PVFVGLGS:0.23529411764705882	GLGSATVP:0.25	VGLGSATV:0.23529411764705882	VFVGLGSA:0.23529411764705882	DVAPFTGL:0.23529411764705882	VAPFTGLG:0.23529411764705882	GDVAPFTG:0.25	MTAGSRGD:0.25	RGDVAPFT:0.22058823529411764	SRGDVAPF:0.20588235294117646	
