cluster number:316
GT1:17	GT1:17
AAGHEVLF:0.29411764705882354	WVPLAELL:0.35294117647058826	ALRAAGHE:0.35294117647058826	YLPYNGGG:0.23529411764705882	VVHHGGSG:0.29411764705882354	VHHGGSGS:0.23529411764705882	LLLPQGAD:0.35294117647058826	AGHEVLFA:0.4117647058823529	LRAAGHEV:0.35294117647058826	VDAEFLLA:0.4117647058823529	PRVAVTLG:0.4117647058823529	VAVTLGTV:0.4117647058823529	QLLLPQGA:0.35294117647058826	TAQALRAA:0.35294117647058826	DAEFLLAV:0.4117647058823529	RPLPWVPL:0.35294117647058826	NVRPLPWV:0.29411764705882354	RPRVAVTL:0.4117647058823529	RAAGHEVL:0.35294117647058826	RVAVTLGT:0.4117647058823529	PWVPLAEL:0.35294117647058826	LPWVPLAE:0.35294117647058826	PQLLLPQG:0.35294117647058826	PLPWVPLA:0.35294117647058826	QALRAAGH:0.4117647058823529	VRPLPWVP:0.29411764705882354	AEFLLAVG:0.4117647058823529	AQALRAAG:0.4117647058823529	DAVVHHGG:0.29411764705882354	AVVHHGGS:0.29411764705882354	RYLPYNGG:0.23529411764705882	EFLLAVGD:0.35294117647058826	PTAQALRA:0.35294117647058826	TLGTVLTE:0.23529411764705882	VRAIVRLI:0.23529411764705882	PMIPTAQA:0.23529411764705882	DRPRVAVT:0.23529411764705882	GTLPDNVR:0.29411764705882354	RILFTGPA:0.29411764705882354	AAKLKIPS:0.23529411764705882	DALTATGA:0.23529411764705882	LLAVGDAD:0.23529411764705882	RAIVRLIE:0.23529411764705882	PLAELLTA:0.23529411764705882	TALQAGLP:0.23529411764705882	GVRAIVRL:0.23529411764705882	MRILFTGP:0.4117647058823529	VPASLGGD:0.5294117647058824	AVTLGTVL:0.29411764705882354	DGVRAIVR:0.23529411764705882	HGGSGTML:0.35294117647058826	TATGAALR:0.23529411764705882	GLPQLLLP:0.23529411764705882	PLVAAKLK:0.23529411764705882	IVRLIEAA:0.23529411764705882	HHGGSGTM:0.47058823529411764	AGHLFPMI:0.23529411764705882	LTALQAGL:0.23529411764705882	AIVRLIEA:0.23529411764705882	HLFPMIPT:0.23529411764705882	LTATGAAL:0.23529411764705882	LFPMIPTA:0.23529411764705882	AELLTASD:0.23529411764705882	VRLIEAAA:0.23529411764705882	IPTAQALR:0.23529411764705882	GHLFPMIP:0.23529411764705882	PASLGGDP:0.29411764705882354	MIPTAQAL:0.23529411764705882	LPQGADHF:0.47058823529411764	LAVGDADL:0.23529411764705882	HEVLFAGS:0.23529411764705882	APLVAAKL:0.4117647058823529	LPQLLLPQ:0.23529411764705882	GGSGTMLT:0.29411764705882354	QAGLPQLL:0.23529411764705882	ALQAGLPQ:0.23529411764705882	LGTLPDNV:0.29411764705882354	ELLTASDA:0.23529411764705882	LVAAKLKI:0.23529411764705882	VTLGTVLT:0.23529411764705882	VAAKLKIP:0.23529411764705882	GSGTMLTA:0.29411764705882354	LLTASDAL:0.23529411764705882	GHEVLFAG:0.29411764705882354	LAELLTAS:0.23529411764705882	ALTATGAA:0.23529411764705882	FLLAVGDA:0.23529411764705882	IHHGGSGT:0.23529411764705882	VPLAELLT:0.23529411764705882	LQAGLPQL:0.23529411764705882	LLPQGADH:0.29411764705882354	FPMIPTAQ:0.23529411764705882	LIHHGGSG:0.23529411764705882	AGLPQLLL:0.23529411764705882	PLGTLPDN:0.23529411764705882	VVPASLGG:0.35294117647058826	AAPLVAAK:0.23529411764705882	ASVDAEFL:0.23529411764705882	AASVDAEF:0.23529411764705882	SVDAEFLL:0.23529411764705882	DVVPASLG:0.23529411764705882	RYVPYNGG:0.35294117647058826	YVPYNGGG:0.35294117647058826	PASLGGDG:0.23529411764705882	VHHGGSGT:0.47058823529411764	
