cluster number:199
GT1:63	GT1:63
YIGFGSMG:0.2222222222222222	RVAAVVHH:0.20634920634920634	VTGYWFLD:0.3333333333333333	PVYIGFGS:0.3333333333333333	VVHHGGAG:0.6190476190476191	VHHGGAGT:0.7619047619047619	GDVQPYVA:0.30158730158730157	IIPFFGDQ:0.20634920634920634	GTTAAGLR:0.3492063492063492	YGFSPSVI:0.20634920634920634	VYIGFGSM:0.31746031746031744	VAAVVHHG:0.2698412698412698	AAVVHHGG:0.3492063492063492	DVQPYVAL:0.30158730158730157	AVVHHGGA:0.6031746031746031	VQPYVALG:0.23809523809523808	TTAAGLRA:0.3492063492063492	GGAGTTAA:0.6349206349206349	HHGGAGTT:0.7777777777777778	TAAGLRAG:0.3492063492063492	WLFPRVAA:0.20634920634920634	HGGAGTTA:0.6666666666666666	PPVYIGFG:0.25396825396825395	AGTTAAGL:0.3968253968253968	GAGTTAAG:0.42857142857142855	PVYVGFGS:0.20634920634920634	GDVQPYIA:0.20634920634920634	AAGLRAGV:0.20634920634920634	AGLRAGVP:0.20634920634920634	DVQPYIAL:0.20634920634920634	HVTGYWFL:0.25396825396825395	GSRGDVQP:0.3492063492063492	PHDWLFPR:0.20634920634920634	SRGDVQPY:0.2698412698412698	
