cluster number:247
GT1:12	GT1:12
TGGHLAEL:0.5833333333333334	STGGHLAE:0.5833333333333334	AELHDLAP:0.25	AGVGSALA:0.4166666666666667	ISTGASVA:0.25	DSPQSRSL:0.5	GPSLTGRL:0.5	MPAGARRQ:0.25	VISTGASV:0.25	HAGVGSAL:0.5833333333333334	HLAELHDL:0.5	EHVDDHQV:0.6666666666666666	VGSALAAM:0.25	SATRTEGP:0.3333333333333333	GVGSALAA:0.4166666666666667	EGPSLTGR:0.3333333333333333	TTLLVAST:0.5	IESATRTE:0.3333333333333333	STGASVAM:0.25	ATRTEGPS:0.3333333333333333	TEGPSLTG:0.3333333333333333	GGHLAELH:0.5	LHDLAPRL:0.25	VASTGGHL:0.5833333333333334	LVASTGGH:0.5833333333333334	HDLAPRLG:0.25	FDSPQSRS:0.5	GHLAELHD:0.5	ASTGGHLA:0.5	TFDSPQSR:0.5	YIESATRT:0.4166666666666667	MTTLLVAS:0.4166666666666667	TRTEGPSL:0.3333333333333333	LAELHDLA:0.25	ELHDLAPR:0.25	LLVASTGG:0.5833333333333334	TLLVASTG:0.5833333333333334	GEHVDDHQ:0.75	AGARRQVP:0.25	PAGARRQV:0.25	SPQSRSLL:0.5	HGEHVDDH:0.4166666666666667	RTEGPSLT:0.3333333333333333	ESATRTEG:0.3333333333333333	RMPAGARR:0.25	RYGGSIFD:0.25	ARELDRRG:0.3333333333333333	VDDHQVEM:0.25	ELDRRGLV:0.3333333333333333	EVLWQVGS:0.4166666666666667	CVWATFDS:0.4166666666666667	ELHDLLPR:0.25	HYIESATR:0.3333333333333333	RTRLYTQY:0.25	SLTGRLVA:0.3333333333333333	VSTGASVA:0.25	YTQYPGWA:0.25	RWRYGGSI:0.25	TGRLVARV:0.3333333333333333	RLVARVPR:0.3333333333333333	ATFDSPQS:0.4166666666666667	RVPRTRLY:0.3333333333333333	RPVSRVVV:0.25	QQAMREAD:0.3333333333333333	WAGGRWRY:0.25	DRRGLVLA:0.3333333333333333	EMARELDR:0.25	LWQVGSTR:0.25	GLVLAREA:0.3333333333333333	AGGRWRYG:0.25	THAGVGSA:0.4166666666666667	HVDDHQVE:0.4166666666666667	LTGRLVAR:0.3333333333333333	VTHAGVGS:0.5	DHQVEMAR:0.25	LDRRGLVL:0.3333333333333333	AELHDLLP:0.25	PQSRSLLD:0.4166666666666667	RFGFPRLL:0.3333333333333333	TRLYTQYP:0.25	EAEVLWQV:0.3333333333333333	ARVPRTRL:0.3333333333333333	ALRDLLAA:0.25	PRTRLYTQ:0.3333333333333333	QSRSLLDG:0.4166666666666667	DCVWATFD:0.4166666666666667	WRYGGSIF:0.25	VPRTRLYT:0.3333333333333333	QAMREADV:0.3333333333333333	PRMPAGAR:0.25	EMQQAMRE:0.3333333333333333	RELDRRGL:0.3333333333333333	DDHQVEMA:0.25	VLWQVGST:0.4166666666666667	QVEMAREL:0.25	WATFDSPQ:0.4166666666666667	RRGLVLAR:0.3333333333333333	HDLLPRLG:0.25	CHYIESAT:0.3333333333333333	AEVLWQVG:0.4166666666666667	PSLTGRLV:0.3333333333333333	MQQAMREA:0.3333333333333333	LHDLLPRL:0.25	HQVEMARE:0.25	VEMARELD:0.25	VWATFDSP:0.4166666666666667	PPEAEVLW:0.25	LYTQYPGW:0.25	GRWRYGGS:0.3333333333333333	GALRDLLA:0.25	PEAEVLWQ:0.25	VARVPRTR:0.3333333333333333	LVLAREAD:0.3333333333333333	VVSTGASV:0.25	EVIHVPPA:0.3333333333333333	RLYTQYPG:0.25	RGLVLARE:0.3333333333333333	MARELDRR:0.3333333333333333	GRLVARVP:0.3333333333333333	LAELHDLL:0.25	GGRWRYGG:0.25	LVARVPRT:0.3333333333333333	LRDLLAAR:0.25	READVVVT:0.3333333333333333	VVVTHAGV:0.4166666666666667	VQDDCVWA:0.25	RLGVQDDC:0.25	EADVVVTH:0.3333333333333333	ACHYIESA:0.3333333333333333	VVTHAGVG:0.4166666666666667	GVQDDCVW:0.25	LGVQDDCV:0.25	DDCVWATF:0.3333333333333333	DVVVTHAG:0.3333333333333333	AEMQQAMR:0.25	AMREADVV:0.25	QDDCVWAT:0.25	VIHVPPAT:0.25	ADVVVTHA:0.3333333333333333	PRLGVQDD:0.25	MREADVVV:0.25	RSLLDGQE:0.25	LDGQEVIH:0.25	SRSLLDGQ:0.25	LLDGQEVI:0.25	SLLDGQEV:0.25	
