cluster number:266
GT1:33	GT1:33
LQFGKVPI:0.36363636363636365	RMNNIIPV:0.48484848484848486	PIVVPRQE:0.3939393939393939	IEALQFGK:0.3333333333333333	GPSSFIEA:0.36363636363636365	GGPSSFIE:0.3939393939393939	IFVTVGTH:0.8484848484848485	HGGPSSFI:0.5151515151515151	NNHQVDFT:0.24242424242424243	HEQPFNRL:0.8181818181818182	GKVPIVVP:0.48484848484848486	IVVPRQEK:0.36363636363636365	TVGTHEQP:0.8484848484848485	EALQFGKV:0.3333333333333333	VPIVVPRQ:0.42424242424242425	HEHVNNHQ:0.2727272727272727	QFGKVPIV:0.36363636363636365	GTHEQPFN:0.8181818181818182	RIVITHGG:0.6666666666666666	KRMNNIIP:0.2727272727272727	FIEALQFG:0.3333333333333333	KNAGESSN:0.21212121212121213	PFNRLVKK:0.21212121212121213	VITHGGPS:0.696969696969697	IVITHGGP:0.696969696969697	ARIVITHG:0.6666666666666666	EQPFNRLV:0.2727272727272727	NNIIPVYD:0.45454545454545453	EHVNNHQV:0.3333333333333333	KVPIVVPR:0.5151515151515151	QPFNRLVK:0.2727272727272727	MNNIIPVY:0.48484848484848486	VNNHQVDF:0.24242424242424243	FGKVPIVV:0.36363636363636365	HVNNHQVD:0.24242424242424243	THGGPSSF:0.6666666666666666	VTVGTHEQ:0.8484848484848485	IIPVYDID:0.3333333333333333	ALQFGKVP:0.3333333333333333	DARIVITH:0.45454545454545453	SFIEALQF:0.3333333333333333	NAGESSNN:0.21212121212121213	PSSFIEAL:0.36363636363636365	THEQPFNR:0.8181818181818182	VGTHEQPF:0.8484848484848485	FVTVGTHE:0.8484848484848485	ITHGGPSS:0.6666666666666666	SSFIEALQ:0.36363636363636365	NIIPVYDI:0.3939393939393939	MIFVTVGT:0.8484848484848485	KDARIVIT:0.24242424242424243	VDFTKLIA:0.24242424242424243	NEHVNDHQ:0.21212121212121213	HQVDFTKL:0.2727272727272727	EQPFNRLI:0.5151515151515151	AERMNNII:0.21212121212121213	TKLIAERM:0.21212121212121213	KLIAERMN:0.21212121212121213	LIAERMNN:0.21212121212121213	IAERMNNI:0.21212121212121213	QVDFTKLI:0.2727272727272727	FTKLIAER:0.21212121212121213	ERMNNIIP:0.21212121212121213	KIPIVVPR:0.24242424242424243	VVPRQEKF:0.2727272727272727	VQTGFSTY:0.24242424242424243	CEAHKMMS:0.21212121212121213	SSNNKQFN:0.2727272727272727	FNRLIKKV:0.21212121212121213	VIVQTGFS:0.24242424242424243	QPFNRLIK:0.2727272727272727	PFNRLIKK:0.2727272727272727	IKEKVIVQ:0.24242424242424243	NRLIKKVD:0.21212121212121213	EAHKMMSF:0.21212121212121213	EKVIVQTG:0.24242424242424243	KEKVIVQT:0.24242424242424243	KVIVQTGF:0.24242424242424243	IVQTGFST:0.24242424242424243	EHVNDHQL:0.21212121212121213	IPVYDIDD:0.24242424242424243	PVYDIDDL:0.24242424242424243	ESSNNKQF:0.24242424242424243	GESSNNKQ:0.24242424242424243	
