cluster number:345
GT1:9	GT1:9
QEEVVVQY:0.2222222222222222	QARIVIAH:0.4444444444444444	VDDHQVEL:0.5555555555555556	DSLDKPYI:0.3333333333333333	LGLALSQI:0.2222222222222222	SQINVPIA:0.2222222222222222	ILVTVGTE:0.8888888888888888	INVPIAWC:0.2222222222222222	DDHQVELG:0.2222222222222222	QVELGLAL:0.2222222222222222	TLLLLDSL:0.4444444444444444	LVTVGTEQ:0.7777777777777778	LLLLDSLD:0.4444444444444444	CPGDLVRF:0.5555555555555556	IKQARIVI:0.2222222222222222	MILVTVGT:0.8888888888888888	VGTEQYPF:0.5555555555555556	ARIVIAHC:0.4444444444444444	TILPAGAK:0.2222222222222222	VPIAWCPG:0.3333333333333333	VELGLALS:0.2222222222222222	DKPYILVS:0.2222222222222222	IEVLLQSE:0.2222222222222222	TVGTEQYP:0.5555555555555556	LDKPYILV:0.2222222222222222	HCGEGTLL:0.4444444444444444	CGEGTLLL:0.4444444444444444	ALSQINVP:0.3333333333333333	KQARIVIA:0.2222222222222222	IVIAHCGE:0.4444444444444444	TEQYPFNR:0.5555555555555556	GTEQYPFN:0.5555555555555556	EGTLLLLD:0.4444444444444444	EHVDDHQV:0.5555555555555556	IQEEVVVQ:0.2222222222222222	AWCPGDLV:0.3333333333333333	ILPAGAKV:0.2222222222222222	GLALSQIN:0.2222222222222222	NVPIAWCP:0.3333333333333333	AHCGEGTL:0.4444444444444444	RIVIAHCG:0.4444444444444444	IAHCGEGT:0.6666666666666666	VIAHCGEG:0.5555555555555556	LPAGAKVY:0.3333333333333333	QYPFNRLM:0.5555555555555556	EQYPFNRL:0.5555555555555556	GTLLLLDS:0.4444444444444444	WCPGDLVR:0.4444444444444444	LALSQINV:0.3333333333333333	QINVPIAW:0.2222222222222222	LLLDSLDK:0.4444444444444444	PGDLVRFI:0.3333333333333333	STILPAGA:0.3333333333333333	PYILVSRS:0.2222222222222222	YILVSRSQ:0.2222222222222222	IAWCPGDL:0.3333333333333333	KPYILVSR:0.2222222222222222	GEGTLLLL:0.4444444444444444	DHQVELGL:0.2222222222222222	HVDDHQVE:0.5555555555555556	VTVGTEQY:0.6666666666666666	ELGLALSQ:0.2222222222222222	WIEVLLQS:0.2222222222222222	SLDKPYIL:0.3333333333333333	LSQINVPI:0.2222222222222222	LLDSLDKP:0.4444444444444444	LDSLDKPY:0.4444444444444444	EEVVVQYG:0.3333333333333333	HQVELGLA:0.2222222222222222	LIKQARIV:0.2222222222222222	PIAWCPGD:0.3333333333333333	PAGAKVYR:0.2222222222222222	NSTILPAG:0.2222222222222222	FQEHVDDH:0.3333333333333333	EEIVVQYG:0.2222222222222222	PRQVSVAD:0.2222222222222222	VLLQSELI:0.2222222222222222	VELALALS:0.2222222222222222	QYGNSTIL:0.2222222222222222	HQVELALA:0.3333333333333333	VYRFLKEE:0.2222222222222222	QEHVDDHQ:0.4444444444444444	LQSELIQE:0.2222222222222222	AIALCNSL:0.2222222222222222	ELALALSQ:0.2222222222222222	EVLLQSEL:0.2222222222222222	GNSTILPA:0.2222222222222222	LLQSELIQ:0.2222222222222222	VQYGNSTI:0.2222222222222222	QVSVADVS:0.2222222222222222	DHQVELAL:0.2222222222222222	QSELIQEE:0.2222222222222222	PGDLVRFL:0.4444444444444444	QVELALAL:0.3333333333333333	RQVSVADV:0.2222222222222222	DDHQVELA:0.3333333333333333	YGNSTILP:0.2222222222222222	WSPGDLVR:0.3333333333333333	LVPRSVRF:0.2222222222222222	SVRFQEHV:0.2222222222222222	SPGDLVRF:0.3333333333333333	ISHCGEGS:0.2222222222222222	PYILVPRS:0.2222222222222222	RSVRFQEH:0.2222222222222222	VPRSVRFQ:0.2222222222222222	PRSVRFQE:0.2222222222222222	VRFQEHVD:0.2222222222222222	AWSPGDLV:0.3333333333333333	RFQEHVDD:0.2222222222222222	ILVPRSVR:0.2222222222222222	IAWSPGDL:0.2222222222222222	TVGTEQFP:0.2222222222222222	VGTEQFPF:0.2222222222222222	VTVGTEQF:0.2222222222222222	FNRLMSWI:0.3333333333333333	RLMSWIEV:0.2222222222222222	LMSWIEVL:0.2222222222222222	QYGTCTVL:0.2222222222222222	NRLMSWIE:0.2222222222222222	YPFNRLMS:0.2222222222222222	YGTCTVLP:0.2222222222222222	MSWIEVLL:0.2222222222222222	SWIEVLLQ:0.2222222222222222	VVQYGTCT:0.2222222222222222	VQYGTCTV:0.2222222222222222	PFNRLMSW:0.3333333333333333	
