cluster number:322
GT1:21	GT1:21|2.4.1.194:1
FLGWTHHL:0.2857142857142857	GHDRVWAV:0.2857142857142857	LGHDRVWA:0.23809523809523808	RVWAVGPL:0.23809523809523808	HDRVWAVG:0.2857142857142857	PPSAIISD:0.2857142857142857	LGWTHHLA:0.2857142857142857	DRVWAVGP:0.2857142857142857	VAGRGLVI:0.23809523809523808	IRGWAPQV:0.3333333333333333	LTWPMGAD:0.42857142857142855	TWPMGADQ:0.42857142857142855	GRGLVIRG:0.23809523809523808	VVMLTWPM:0.38095238095238093	THCGWNST:0.23809523809523808	LTHCGWNS:0.8571428571428571	MLTWPMGA:0.42857142857142855	GAFLTHCG:0.7619047619047619	RGLVIRGW:0.23809523809523808	VIRGWAPQ:0.3333333333333333	WPMGADQY:0.3333333333333333	VGAFLTHC:0.6190476190476191	FSPSGAFA:0.2857142857142857	GVVMLTWP:0.38095238095238093	FLTHCGWN:0.8571428571428571	AFLTHCGW:0.7619047619047619	VMLTWPMG:0.38095238095238093	AVGAFLTH:0.6190476190476191	VLEGLVSG:0.23809523809523808	WNSVLEGL:0.2857142857142857	GWNSVLEG:0.5238095238095238	NSVLEGLV:0.23809523809523808	EGLVSGVV:0.23809523809523808	VDQLGVAV:0.23809523809523808	CGWNSVLE:0.5714285714285714	GLVSGVVM:0.23809523809523808	LVDQLGVA:0.23809523809523808	HCGWNSVL:0.5714285714285714	VSGVVMLT:0.23809523809523808	SGVVMLTW:0.23809523809523808	LVSGVVML:0.23809523809523808	THCGWNSV:0.6666666666666666	SVLEGLVS:0.23809523809523808	LEGLVSGV:0.23809523809523808	LLVDQLGV:0.23809523809523808	DQLGVAVR:0.23809523809523808	SDFFLGWT:0.3333333333333333	RAVGAFLT:0.42857142857142855	HRAVGAFL:0.47619047619047616	VVYVCFGS:0.5238095238095238	LVTPKNLP:0.2857142857142857	RVWAVGPV:0.2857142857142857	LLQTLLLP:0.23809523809523808	PLLQTLLL:0.23809523809523808	SPLLQTLL:0.23809523809523808	WNSVLEGI:0.23809523809523808	WPMGADQF:0.2857142857142857	ITILVTPK:0.2857142857142857	SHRAVGAF:0.3333333333333333	ILSHRAVG:0.3333333333333333	LSHRAVGA:0.3333333333333333	IISDMFLG:0.23809523809523808	TILVTPKN:0.2857142857142857	ILVTPKNL:0.2857142857142857	AIISDFFL:0.2857142857142857	ISDFFLGW:0.2857142857142857	DFFLGWTH:0.23809523809523808	IISDFFLG:0.2857142857142857	SVVYVCFG:0.23809523809523808	LVFSPSGA:0.23809523809523808	VFSPSGAF:0.23809523809523808	
