cluster number:267
GT1:19	GT1:19
LNTALESL:0.3684210526315789	QGVPMVAI:0.21052631578947367	QPGVAARI:0.5263157894736842	MTALARKL:0.21052631578947367	IYASLGTL:0.21052631578947367	THAGLNTA:0.3684210526315789	SLGTLVNG:0.21052631578947367	LCITHAGL:0.5263157894736842	YASLGTLV:0.21052631578947367	PMTALARK:0.21052631578947367	CITHAGLN:0.5789473684210527	VPMVAIPV:0.2631578947368421	ASLGTLVN:0.21052631578947367	GVPMVAIP:0.47368421052631576	PGVAARIA:0.3684210526315789	HAGLNTAL:0.3684210526315789	ITHAGLNT:0.5789473684210527	ALCITHAG:0.3157894736842105	DQPGVAAR:0.7368421052631579	AALCITHA:0.3157894736842105	AARIAYHG:0.21052631578947367	GLNTALES:0.3684210526315789	LGTLVNGL:0.21052631578947367	APQIELLK:0.21052631578947367	GVAARIAY:0.2631578947368421	PLIYASLG:0.2631578947368421	LIYASLGT:0.2631578947368421	AGLNTALE:0.3684210526315789	RPLIYASM:0.2631578947368421	LIYASMGT:0.42105263157894735	PLIYASMG:0.42105263157894735	PVTNDQPG:0.3684210526315789	SMGTLQNG:0.3684210526315789	MGTLQNGL:0.3157894736842105	RAALCITH:0.2631578947368421	IPVTNDQP:0.21052631578947367	TNDQPGVA:0.3157894736842105	VTNDQPGV:0.3157894736842105	IYASMGTL:0.42105263157894735	AIPVTNDQ:0.21052631578947367	NDQPGVAA:0.3684210526315789	VAIPVTND:0.21052631578947367	ASMGTLQN:0.47368421052631576	NTALESLT:0.21052631578947367	YASMGTLQ:0.5263157894736842	CAGLDAQL:0.21052631578947367	ACAGLDAQ:0.21052631578947367	QPGVAARL:0.21052631578947367	HYTGPFHD:0.21052631578947367	FHYTGPFH:0.21052631578947367	LTGEPLIY:0.21052631578947367	TGEPLIYA:0.21052631578947367	GEPLIYAS:0.21052631578947367	
