cluster number:154
GT1:27	GT1:27
WCDQLRVL:0.3333333333333333	HINPMMNL:0.2962962962962963	NRRNIPVA:0.25925925925925924	NPMMNLCK:0.2962962962962963	GHINPMMN:0.3333333333333333	VVPWCDQL:0.2962962962962963	GNRRNIPV:0.2222222222222222	RGHINPMM:0.3333333333333333	INPMMNLC:0.3333333333333333	YPGRGHIN:0.2962962962962963	GRGHINPM:0.4444444444444444	GGFWTHCG:0.25925925925925924	PGRGHINP:0.5185185185185185	PYPGRGHI:0.2962962962962963	ATIPNVIP:0.2222222222222222	GGFWSHCG:0.48148148148148145	IGGFWSHC:0.3333333333333333	SIGGFWSH:0.2962962962962963	FWSHCGWN:0.4074074074074074	WCDQLKVL:0.2962962962962963	PWCDQLKV:0.25925925925925924	GFWSHCGW:0.48148148148148145	IPNVIPSE:0.2222222222222222	TIPNVIPS:0.2222222222222222	WSHCGWNS:0.4074074074074074	FVVTEEWL:0.3333333333333333	TFVVTEEW:0.2962962962962963	VTEEWLGF:0.2222222222222222	VVTEEWLG:0.25925925925925924	SHCGWNST:0.2962962962962963	YISLGSFL:0.2222222222222222	SVLYISLG:0.2222222222222222	HCGWNSTL:0.2222222222222222	DQLKVLSH:0.2222222222222222	LGSFLSVS:0.2222222222222222	VLYISLGS:0.2222222222222222	SLGSFLSV:0.2222222222222222	LYISLGSF:0.2222222222222222	CDQLKVLS:0.2222222222222222	ISLGSFLS:0.2222222222222222	RNIPVASF:0.2222222222222222	RRNIPVAS:0.2222222222222222	
