cluster number:358
GT1:62	GT1:62
FSELPYDV:0.22580645161290322	ITAGVPLI:0.45161290322580644	QSDLLRHP:0.4032258064516129	SDLLRHPK:0.3870967741935484	TDEAITAG:0.3709677419354839	LDSSKNGV:0.3709677419354839	DEAITAGV:0.3870967741935484	PQSDLLRH:0.4032258064516129	WTEHVLRH:0.532258064516129	QVVFRPLT:0.24193548387096775	VWWTEHVL:0.5	YDVLWKWD:0.41935483870967744	MGGLHQKP:0.22580645161290322	STDEAITA:0.3709677419354839	LRSPAANM:0.27419354838709675	ARHLRSPA:0.25806451612903225	LPQSDLLR:0.3709677419354839	EAITAGVP:0.5161290322580645	RPLTQELA:0.24193548387096775	VFSELPYD:0.22580645161290322	ISHQVVFR:0.532258064516129	AITAGVPL:0.532258064516129	FPVPSISH:0.27419354838709675	LLRHPKIK:0.3064516129032258	PLERAVWW:0.41935483870967744	RGHEVTVI:0.3387096774193548	HQVVFRPL:0.2903225806451613	GHEVTVIT:0.3225806451612903	FRPLTQEL:0.24193548387096775	NLTEIDVH:0.41935483870967744	SISHQVVF:0.532258064516129	WLPQSDLL:0.4838709677419355	RSPAANMS:0.25806451612903225	TEHVLRHG:0.5161290322580645	PAANMSWT:0.20967741935483872	HVLRHGGA:0.532258064516129	RAVWWTEH:0.4032258064516129	SPAANMSW:0.24193548387096775	ERAVWWTE:0.5161290322580645	QSTDEAIT:0.3870967741935484	PYDVLWKW:0.5483870967741935	KVFSELPY:0.22580645161290322	PSISHQVV:0.5161290322580645	SHQVVFRP:0.4032258064516129	GGARHLRS:0.27419354838709675	GARHLRSP:0.25806451612903225	HLRSPAAN:0.3548387096774194	LRHGGARH:0.41935483870967744	AVWWTEHV:0.46774193548387094	LPYDVLWK:0.5161290322580645	VVFRPLTQ:0.20967741935483872	KWLPQSDL:0.4838709677419355	PANLTEID:0.3225806451612903	YISFGTNV:0.46774193548387094	VPSISHQV:0.2903225806451613	VLRHGGAR:0.4032258064516129	LERAVWWT:0.5161290322580645	HEVTVITP:0.22580645161290322	ELARRGHE:0.20967741935483872	ANLTEIDV:0.3064516129032258	WWTEHVLR:0.5645161290322581	EHVLRHGG:0.5483870967741935	DLLRHPKI:0.3064516129032258	VTVITPDP:0.22580645161290322	RHLRSPAA:0.25806451612903225	HGGARHLR:0.43548387096774194	YLDSSKNG:0.3548387096774194	TAGVPLIG:0.43548387096774194	PVPSISHQ:0.3064516129032258	RHGGARHL:0.43548387096774194	TPLERAVW:0.2903225806451613	NIRISKWL:0.3064516129032258	FSQLPYDV:0.20967741935483872	VKLFITQG:0.22580645161290322	DVLWKWDK:0.3709677419354839	KLFITQGG:0.2903225806451613	LWKWDKDE:0.3548387096774194	TPSISHQV:0.20967741935483872	LFITQGGL:0.2903225806451613	SQLPYDVL:0.24193548387096775	KWDKDELP:0.3709677419354839	RISKWLPQ:0.3064516129032258	PTPSISHQ:0.20967741935483872	QLPYDVLW:0.24193548387096775	MLGDQWYN:0.27419354838709675	ITQGGLQS:0.5483870967741935	IRISKWLP:0.3064516129032258	VLWKWDKD:0.3709677419354839	WKWDKDEL:0.3709677419354839	ELAKRGHE:0.3225806451612903	KDELPGRS:0.22580645161290322	TQGGLQST:0.7580645161290323	DKDELPGR:0.3225806451612903	PMLGDQWY:0.27419354838709675	FITQGGLQ:0.5483870967741935	WDKDELPG:0.3548387096774194	GGLQSTDE:0.6290322580645161	LQSTDEAI:0.6451612903225806	LTEIDVHD:0.3064516129032258	VTQGGLQS:0.22580645161290322	QGGLQSTD:0.6451612903225806	GLQSTDEA:0.6935483870967742	SKWLPQSD:0.3548387096774194	ISKWLPQS:0.3387096774193548	FVTQGGLQ:0.22580645161290322	FEGIRPVP:0.20967741935483872	IDVHDISY:0.22580645161290322	NGVIYISF:0.24193548387096775	EGIRPVPP:0.24193548387096775	KNGVIYIS:0.22580645161290322	GVIYISFG:0.3709677419354839	SKNGVIYI:0.22580645161290322	EIDVHDIS:0.22580645161290322	EYLELELV:0.24193548387096775	VIYISFGT:0.3709677419354839	TEIDVHDI:0.22580645161290322	NVDMLFLN:0.2903225806451613	IYISFGTN:0.3709677419354839	KTYLDSSK:0.25806451612903225	LKTYLDSS:0.25806451612903225	YLDSSKHG:0.20967741935483872	DLKTYLDS:0.25806451612903225	SSKHGVIY:0.20967741935483872	DSSKHGVI:0.20967741935483872	LDSSKHGV:0.24193548387096775	SSKNGVIY:0.3548387096774194	DSSKNGVI:0.3225806451612903	RAVWWTEY:0.20967741935483872	
