cluster number:205
GT1:11	GT1:11
VPLAWAFR:0.2727272727272727	RPDLVVHD:0.2727272727272727	AGHDVRVA:0.36363636363636365	CPLELILP:0.2727272727272727	LVPLAWAF:0.2727272727272727	NCPLELIL:0.2727272727272727	AAGHDVRV:0.36363636363636365	RAAGHDVR:0.36363636363636365	LRAAGHDV:0.36363636363636365	AWALRAAG:0.45454545454545453	WALRAAGH:0.45454545454545453	LAWALRAA:0.45454545454545453	PLAWALRA:0.45454545454545453	ALRAAGHD:0.36363636363636365	VPLAWALR:0.45454545454545453	PRVCITWG:0.2727272727272727	VAALGKAG:0.2727272727272727	ERAVRENW:0.2727272727272727	RVCITWGT:0.2727272727272727	TVLAAVAH:0.2727272727272727	AHGVPQLV:0.2727272727272727	LYPLVPLA:0.36363636363636365	VRAVDWMP:0.2727272727272727	HLYPLVPL:0.36363636363636365	VCITWGTT:0.2727272727272727	PGTVLAAV:0.36363636363636365	TSERAVRE:0.2727272727272727	LVVADPAA:0.36363636363636365	VVADPAAF:0.36363636363636365	AVRENWPK:0.2727272727272727	GVPQLVVP:0.36363636363636365	GGPGTVLA:0.36363636363636365	AAVAHGVP:0.2727272727272727	VDPCPDEL:0.2727272727272727	PDLVVADP:0.36363636363636365	VTAAGLPA:0.2727272727272727	DLVVADPA:0.36363636363636365	DPCPDELL:0.36363636363636365	AAGLPAVE:0.2727272727272727	RPRVCITW:0.2727272727272727	VLAAVAHG:0.2727272727272727	QPLGAELL:0.36363636363636365	YPLVPLAW:0.36363636363636365	GTVLAAVA:0.36363636363636365	AQPLGAEL:0.36363636363636365	SAQPLGAE:0.36363636363636365	AVAHGVPQ:0.2727272727272727	PCPDELLA:0.36363636363636365	QGGPGTVL:0.36363636363636365	RAVDWMPL:0.2727272727272727	LAAVAHGV:0.2727272727272727	HGVPQLVV:0.2727272727272727	GPGTVLAA:0.36363636363636365	AVDWMPLS:0.2727272727272727	SERAVREN:0.2727272727272727	VAHGVPQL:0.2727272727272727	LTSERAVR:0.2727272727272727	PLVPLAWA:0.7272727272727273	RAVRENWP:0.2727272727272727	SQGGPGTV:0.2727272727272727	TAAGLPAV:0.2727272727272727	SHLYPLVP:0.2727272727272727	AVGAPLVL:0.2727272727272727	SPDLVVAD:0.2727272727272727	HTWGPMPD:0.2727272727272727	GHDVRVAV:0.2727272727272727	WGPMPDQL:0.2727272727272727	RAVGAPLV:0.2727272727272727	DELLAIRM:0.2727272727272727	AELLTASG:0.2727272727272727	HDVRVAVQ:0.2727272727272727	GPMPDQLW:0.2727272727272727	PLGAELLT:0.2727272727272727	CPDELLAI:0.2727272727272727	VGAPLVLH:0.2727272727272727	PSIEQIVV:0.2727272727272727	ARAVGAPL:0.2727272727272727	PDELLAIR:0.2727272727272727	VPQLVVPQ:0.2727272727272727	LHTWGPMP:0.2727272727272727	LGAELLTA:0.2727272727272727	PLVLHTWG:0.2727272727272727	VLHTWGPM:0.2727272727272727	APLVLHTW:0.2727272727272727	GAPLVLHT:0.2727272727272727	IEQIVVPH:0.2727272727272727	FPLVPLAW:0.2727272727272727	LVPLAWAL:0.45454545454545453	ELLTASGA:0.2727272727272727	VARAVGAP:0.2727272727272727	LVLHTWGP:0.2727272727272727	TWGPMPDQ:0.2727272727272727	ELLAIRMA:0.2727272727272727	LTASGAGL:0.2727272727272727	DVRVAVQP:0.2727272727272727	LLTASGAG:0.2727272727272727	WSPDLVVA:0.2727272727272727	GAELLTAS:0.2727272727272727	SIEQIVVP:0.2727272727272727	RYVPYNGA:0.2727272727272727	
