cluster number:148
GT1:45	GT1:45|2.4.1.-:2|2.4.1.195:1
VVYVSFGS:0.24444444444444444	STLEGLSL:0.3111111111111111	PYPSQGHI:0.24444444444444444	GHINPLLQ:0.3333333333333333	GVPMVGVP:0.4	SVVYVSFG:0.24444444444444444	QGHINPLL:0.37777777777777777	SEGGSSDK:0.24444444444444444	HINPLLQF:0.3333333333333333	SQGHINPL:0.2	PSQGHINP:0.24444444444444444	YPSQGHIN:0.24444444444444444	GLSLGVPM:0.37777777777777777	NSTLEGLS:0.3111111111111111	LEGLSLGV:0.3333333333333333	WNSTLEGL:0.3333333333333333	SLGVPMVG:0.26666666666666666	LSLGVPMV:0.35555555555555557	YGASLWKP:0.2	EGLSLGVP:0.37777777777777777	LGVPMVGV:0.37777777777777777	GWNSTLEG:0.3333333333333333	TLEGLSLG:0.3111111111111111	PSAYLDGR:0.28888888888888886	VGVPQWSD:0.24444444444444444	HCGWNSTL:0.4	VPMVGVPQ:0.35555555555555557	AYLDGRIK:0.2	VYDSFLPW:0.26666666666666666	THCGWNST:0.8222222222222222	SAYLDGRI:0.24444444444444444	VSWCNQLE:0.26666666666666666	MVGVPQWS:0.24444444444444444	LTHCGWNS:0.24444444444444444	PMVGVPQW:0.28888888888888886	CFLTHCGW:0.24444444444444444	SWCNQLEV:0.2	CNQLEVLA:0.24444444444444444	GVPQWSDQ:0.24444444444444444	NQLEVLAH:0.24444444444444444	GCFLTHCG:0.24444444444444444	CGWNSTLE:0.4	FLTHCGWN:0.24444444444444444	WCNQLEVL:0.24444444444444444	GCFVTHCG:0.4888888888888889	FVTHCGWN:0.4888888888888889	VTHCGWNS:0.4888888888888889	CFVTHCGW:0.4888888888888889	TGCFVTHC:0.2222222222222222	DVWKVGVR:0.2	VEDVWKVG:0.2	LQFGKRLA:0.28888888888888886	PQLEVLAH:0.26666666666666666	WCPQLEVL:0.26666666666666666	CPQLEVLA:0.26666666666666666	
