cluster number:43
GT1:7	GT1:7
VLEATSYR:1.0	LEATSYRI:0.7142857142857143	DLMKDGVQ:0.2857142857142857	NLHDASAN:0.2857142857142857	AVLEATSY:1.0	SSGYPPLD:1.0	FLGANNLH:0.2857142857142857	RIILFSSG:0.42857142857142855	IILFSSGY:0.42857142857142855	DAAIKSFA:0.5714285714285714	FSSGYPPL:0.7142857142857143	KSFAGEFL:0.5714285714285714	LFSSGYPP:0.7142857142857143	VQLFNNRL:1.0	EATSYRII:0.7142857142857143	AGEFLGAN:0.42857142857142855	ILFSSGYP:0.7142857142857143	NNRLLCYS:1.0	ATSYRIIL:0.7142857142857143	LGANNLHD:0.2857142857142857	GVQLFNNR:1.0	GEFLGANN:0.2857142857142857	LHDASANY:0.5714285714285714	SMPYSWLF:0.5714285714285714	DGVQLFNN:1.0	SGSMPYSW:0.5714285714285714	AIKSFAGE:0.5714285714285714	LCYSGSMP:0.5714285714285714	TSYRIILF:0.42857142857142855	YRIILFSS:0.42857142857142855	YSGSMPYS:0.5714285714285714	SYRIILFS:0.42857142857142855	SNTDLMKD:0.2857142857142857	LLCYSGSM:0.5714285714285714	SFAGEFLG:0.5714285714285714	SGYPPLDA:0.5714285714285714	ESNTDLMK:0.2857142857142857	GSMPYSWL:0.5714285714285714	NNLHDASA:0.2857142857142857	EFLGANNL:0.2857142857142857	LFNNRLLC:1.0	MKDGVQLF:0.2857142857142857	TDLMKDGV:0.2857142857142857	CYSGSMPY:0.5714285714285714	LMKDGVQL:0.2857142857142857	FAGEFLGA:0.5714285714285714	YPPLDAAI:0.5714285714285714	PPLDAAIK:0.5714285714285714	PLDAAIKS:0.5714285714285714	NTDLMKDG:0.2857142857142857	KDGVQLFN:0.7142857142857143	GANNLHDA:0.2857142857142857	IKSFAGEF:0.5714285714285714	RLLCYSGS:0.8571428571428571	MPYSWLFP:0.5714285714285714	QLFNNRLL:1.0	AAIKSFAG:0.5714285714285714	ANNLHDAS:0.2857142857142857	FNNRLLCY:1.0	GYPPLDAA:0.5714285714285714	NRLLCYSG:1.0	LDAAIKSF:0.5714285714285714	KAVLEATS:1.0	YRIILLSS:0.2857142857142857	TSYRIILL:0.2857142857142857	KLHDASAN:0.2857142857142857	HDASANYC:0.2857142857142857	ILLSSGYP:0.2857142857142857	ASANYCES:0.2857142857142857	TDPIRDGV:0.2857142857142857	RDGVQLFN:0.2857142857142857	IRDGVQLF:0.2857142857142857	LLSSGYPP:0.2857142857142857	LSSGYPPL:0.2857142857142857	IILLSSGY:0.2857142857142857	DASANYCE:0.2857142857142857	PIRDGVQL:0.2857142857142857	DPIRDGVQ:0.2857142857142857	RIILLSSG:0.2857142857142857	SYRIILLS:0.2857142857142857	DFSKDGVQ:0.42857142857142855	QAFAGDFS:0.42857142857142855	AGDFSKDG:0.42857142857142855	SKDGVQLF:0.42857142857142855	GDFSKDGV:0.42857142857142855	YSGSVPYS:0.2857142857142857	FAGDFSKD:0.42857142857142855	IQAFAGDF:0.42857142857142855	FSKDGVQL:0.42857142857142855	GYPPLDSA:0.42857142857142855	YPPLDSAI:0.42857142857142855	LLCYSGSV:0.2857142857142857	PPLDSAIQ:0.42857142857142855	SVPYSWLF:0.2857142857142857	AIQAFAGD:0.42857142857142855	LDSAIQAF:0.42857142857142855	GSVPYSWL:0.2857142857142857	AFAGDFSK:0.42857142857142855	VPYSWLFP:0.42857142857142855	SGSVPYSW:0.2857142857142857	LCYSGSVP:0.2857142857142857	CYSGSVPY:0.2857142857142857	DSAIQAFA:0.42857142857142855	SAIQAFAG:0.42857142857142855	PLDSAIQA:0.42857142857142855	SGYPPLDS:0.42857142857142855	LEATSYRF:0.2857142857142857	EATSYRFI:0.2857142857142857	SYRFILFS:0.2857142857142857	FILFSSGY:0.2857142857142857	YRFILFSS:0.2857142857142857	TSYRFILF:0.2857142857142857	RFILFSSG:0.2857142857142857	ATSYRFIL:0.2857142857142857	
