cluster number:361
GT1:202	GT1:202|2.4.1.-:12|2.4.1.91:4
GKVIGWAP:0.3811881188118812	VIGWAPQV:0.2376237623762376	LCFGSMGS:0.22772277227722773	VVFLCFGS:0.6534653465346535	HCGWNSTL:0.44554455445544555	SHCGWNST:0.4306930693069307	GGFVSHCG:0.6039603960396039	FLCFGSMG:0.3712871287128713	AVGGFVSH:0.28217821782178215	VGGFVSHC:0.36633663366336633	SSVVFLCF:0.4306930693069307	GFVSHCGW:0.6435643564356436	KVIGWAPQ:0.3910891089108911	VSHCGWNS:0.698019801980198	PSSVVFLC:0.20297029702970298	VFLCFGSM:0.33663366336633666	FVSHCGWN:0.698019801980198	YAEQQLNA:0.2079207920792079	SVVFLCFG:0.6683168316831684	AEQQLNAF:0.22772277227722773	CGWNSTLE:0.44554455445544555	GWNSTLES:0.4405940594059406	SGHRFLWS:0.27722772277227725	HRFLWSLR:0.2623762376237624	GHRFLWSL:0.26732673267326734	WPMYAEQQ:0.22772277227722773	LESLWFGV:0.21782178217821782	ESLWFGVP:0.24257425742574257	SHCGWNSI:0.2524752475247525	CGWNSILE:0.2623762376237624	GWNSILES:0.27722772277227725	HCGWNSIL:0.2623762376237624	
