cluster number:393
GT1:36	GT1:36|2.4.1.-:2|2.-.-.-:1
TCDLLVHH:0.3611111111111111	ATAARNAG:0.3888888888888889	GVPQLLIP:0.2777777777777778	PLATAARN:0.3888888888888889	CDLLVHHA:0.25	DLLVHHAG:0.25	TAARNAGH:0.3888888888888889	LATAARNA:0.3333333333333333	LEPWMYTK:0.2222222222222222	LLVHHAGG:0.25	CPPSLRPA:0.3333333333333333	TVFALAPL:0.3888888888888889	GSPATVFA:0.3611111111111111	ALAPLATA:0.4444444444444444	APTCDLLV:0.2777777777777778	TGRWFARM:0.2222222222222222	ATVFALAP:0.3888888888888889	ICPPSLRP:0.3055555555555556	SPATVFAL:0.3333333333333333	VDICPPSL:0.2777777777777778	VAPTCDLL:0.25	DICPPSLR:0.3611111111111111	FTGRWFAR:0.2222222222222222	AARNAGHQ:0.2222222222222222	ARNAGHQV:0.2222222222222222	PTCDLLVH:0.2777777777777778	PATVFALA:0.3611111111111111	FALAPLAT:0.4444444444444444	LNAGVPQL:0.2222222222222222	APLATAAR:0.3611111111111111	VFALAPLA:0.4444444444444444	LAPLATAA:0.3611111111111111	LDVVAPTC:0.3055555555555556	PLDVVAPT:0.3333333333333333	DVVAPTCD:0.3055555555555556	VRAGWVPL:0.2222222222222222	RAGWVPLD:0.25	VPYVRQAW:0.2222222222222222	ELGVPYVR:0.2222222222222222	GWVPLDVV:0.25	AELGVPYV:0.2222222222222222	AGWVPLDV:0.2777777777777778	AAELGVPY:0.2222222222222222	PYVRQAWD:0.25	LGVPYVRQ:0.25	GVPYVRQA:0.2222222222222222	
