cluster number:155
GT8:17	GT8:17
VCAADNNY:0.7647058823529411	QDGLNAIL:0.23529411764705882	DQDGLNAI:0.23529411764705882	DGLNAILA:0.23529411764705882	CAADNNYA:0.7058823529411765	VVCAADNN:0.29411764705882354	ADNNYAMP:0.6470588235294118	AADNNYAM:0.6470588235294118	DNNYAMPL:0.6470588235294118	NYAMPLAV:0.5294117647058824	NNYAMPLA:0.5294117647058824	DMVVTGDL:0.47058823529411764	LFENLVLT:0.23529411764705882	IVLVCAAD:0.29411764705882354	LLITEFLP:0.29411764705882354	DGLNAVLA:0.35294117647058826	WRDTYWRR:0.29411764705882354	NAVLAGKW:0.4117647058823529	NLVLTRHL:0.35294117647058826	LAGKWGEL:0.23529411764705882	RLLITEFL:0.29411764705882354	YLDTDMVV:0.35294117647058826	RNDQDGLN:0.4117647058823529	EYVRNDQD:0.29411764705882354	LDTDMVVT:0.29411764705882354	NDQDGLNA:0.47058823529411764	KWGELHPK:0.4117647058823529	YYRLLITE:0.35294117647058826	NREYVRND:0.23529411764705882	QDGLNAVL:0.35294117647058826	GWRDTYWR:0.29411764705882354	TAWSGWRD:0.4117647058823529	VLAVQDDV:0.35294117647058826	QPIVLVCA:0.23529411764705882	VLVCAADN:0.23529411764705882	RDTYWRRL:0.29411764705882354	MSEGLRNY:0.23529411764705882	GKWGELHP:0.35294117647058826	DNYVLAVQ:0.29411764705882354	AGKWGELH:0.35294117647058826	QNREYVRN:0.23529411764705882	SGLLVINL:0.5882352941176471	TNSPKPWY:0.23529411764705882	NYVLAVQD:0.35294117647058826	YAMPLAVT:0.47058823529411764	ENLVLTRH:0.35294117647058826	DQDGLNAV:0.5882352941176471	REYVRNDQ:0.23529411764705882	DTDMVVTG:0.29411764705882354	AVLAGKWG:0.23529411764705882	TDMVVTGD:0.29411764705882354	AVQDDVEL:0.35294117647058826	VRNDQDGL:0.35294117647058826	YRLLITEF:0.29411764705882354	FENLVLTR:0.29411764705882354	IYLDTDMV:0.35294117647058826	PKPWYAGL:0.29411764705882354	FNSGLLVI:0.5882352941176471	YVRNDQDG:0.29411764705882354	SPKPWYAG:0.23529411764705882	CYYRLLIT:0.35294117647058826	KYFNSGLL:0.5882352941176471	PIVLVCAA:0.23529411764705882	LVCAADNN:0.4117647058823529	VLAGKWGE:0.23529411764705882	LVLTRHLT:0.35294117647058826	AWSGWRDT:0.4117647058823529	LNAVLAGK:0.35294117647058826	GELHPKWN:0.4117647058823529	NSGLLVIN:0.5882352941176471	YFNSGLLV:0.5882352941176471	WGELHPKW:0.4117647058823529	NSPKPWYA:0.23529411764705882	AMPLAVTV:0.47058823529411764	GLNAVLAG:0.35294117647058826	YVLAVQDD:0.35294117647058826	LAVQDDVE:0.35294117647058826	YLDSDMVV:0.29411764705882354	LDSDMVVT:0.29411764705882354	LAVQDDVQ:0.23529411764705882	VQDDVQLY:0.23529411764705882	DSDMVVTG:0.23529411764705882	DMTAWSGW:0.35294117647058826	LDMTAWSG:0.29411764705882354	LHPKWNQM:0.29411764705882354	TVRSALAN:0.35294117647058826	VRSALANL:0.23529411764705882	KAIYLDSD:0.23529411764705882	IYLDSDMV:0.23529411764705882	HPKWNQMP:0.29411764705882354	VTVRSALA:0.35294117647058826	MTAWSGWR:0.35294117647058826	ELHPKWNQ:0.29411764705882354	RSALANLK:0.23529411764705882	YLDMTAWS:0.29411764705882354	AVQDDVQL:0.23529411764705882	AIYLDSDM:0.23529411764705882	ALAVQDDV:0.23529411764705882	LLVINLEK:0.29411764705882354	LVINLEKW:0.29411764705882354	LAVTVRSA:0.23529411764705882	MVVTGDLE:0.29411764705882354	HPKKHLFF:0.35294117647058826	KHLFFQYL:0.29411764705882354	QDDVELYI:0.23529411764705882	FFQYLDMT:0.4117647058823529	GDLEELWN:0.35294117647058826	VVTGDLEE:0.29411764705882354	LEELWNID:0.29411764705882354	VQDDVELY:0.23529411764705882	FTNSPKPW:0.23529411764705882	VTGDLEEL:0.29411764705882354	KKHLFFQY:0.23529411764705882	TGDLEELW:0.29411764705882354	LFFQYLDM:0.4117647058823529	AVTVRSAL:0.23529411764705882	PLAVTVRS:0.35294117647058826	IHFTNSPK:0.23529411764705882	DLEELWNI:0.29411764705882354	IIHFTNSP:0.23529411764705882	MPLAVTVR:0.35294117647058826	VINLEKWR:0.29411764705882354	NYALAVQD:0.23529411764705882	HLFFQYLD:0.29411764705882354	HFTNSPKP:0.23529411764705882	PKKHLFFQ:0.23529411764705882	WSGWRDTF:0.23529411764705882	YALAVQDD:0.23529411764705882	GLLVINLE:0.29411764705882354	DNYALAVQ:0.23529411764705882	GDNYALAV:0.23529411764705882	EELWNIDI:0.23529411764705882	
