cluster number:151
GT8:66	GT8:66|2.4.1.186:6
FNSGVFVF:0.6060606060606061	PGWPDCFN:0.5757575757575758	KLHCWTLT:0.24242424242424243	GWPDCFNS:0.7121212121212122	LHCWTLTH:0.21212121212121213	NIDELFDR:0.21212121212121213	APDPGWPD:0.5757575757575758	DPGWPDCF:0.5757575757575758	DCFNSGVF:0.7575757575757576	PDCFNSGV:0.7575757575757576	WPDCFNSG:0.7575757575757576	LPFIYNLS:0.4393939393939394	PFIYNLSS:0.3787878787878788	PDPGWPDC:0.5757575757575758	CFNSGVFV:0.7575757575757576	HLPFIYNL:0.42424242424242425	AAPDPGWP:0.5757575757575758	TKLHCWTL:0.24242424242424243	KHLPFIYN:0.45454545454545453	KCVFLDAD:0.21212121212121213	TLTKLHCW:0.24242424242424243	SAAPDPGW:0.5757575757575758	VDVLDSGD:0.2878787878787879	KCVFMDAD:0.45454545454545453	SFDGGDQG:0.8181818181818182	QAFVTLAT:0.2878787878787879	REELSAAP:0.5303030303030303	KVVHFLGK:0.21212121212121213	VFMDADTL:0.36363636363636365	MDADTLVL:0.3181818181818182	YSKCVFMD:0.3787878787878788	ELSAAPDP:0.5151515151515151	HGSFDGGD:0.30303030303030304	EQGQADYM:0.3181818181818182	DQAFVTLA:0.2727272727272727	LSAAPDPG:0.5	SKCVFMDA:0.4090909090909091	CVFMDADT:0.48484848484848486	EELSAAPD:0.5454545454545454	QGQADYMG:0.3181818181818182	FMDADTLV:0.36363636363636365	AKVVHFLG:0.48484848484848486	GSFDGGDQ:0.7727272727272727	WEQGQADY:0.3181818181818182	FIYNLSSI:0.3181818181818182	AFVTLATN:0.24242424242424243	FVTLATND:0.25757575757575757	TDQAFVTL:0.21212121212121213	FDGGDQGL:0.5757575757575758	DGGDQGLL:0.5909090909090909	GGDQGLLN:0.5909090909090909	VTFTKLHC:0.2727272727272727	TFTKLHCW:0.36363636363636365	LGVTFTKL:0.30303030303030304	RPDLGVTF:0.25757575757575757	GVTFTKLH:0.30303030303030304	NAKVVHFL:0.2727272727272727	PDLGVTFT:0.25757575757575757	DLGVTFTK:0.2727272727272727	EREELSAA:0.4090909090909091	LFEREELS:0.4090909090909091	LMKRPELG:0.25757575757575757	FEREELSA:0.4090909090909091	YSYLPAFK:0.2878787878787879	DELFEREE:0.21212121212121213	GVFVFRPS:0.21212121212121213	
