cluster number:87
GT8:35	GT8:35
CWSKLTPF:0.3142857142857143	VWTTLITN:0.5142857142857142	KDYSNDPR:0.2571428571428571	LVALYTDT:0.22857142857142856	RFYDCWSK:0.5428571428571428	WVALPYVY:0.2	SKLTPFSL:0.3142857142857143	NVHYILSP:0.22857142857142856	DFADQSLL:0.4857142857142857	EYERVVQL:0.22857142857142856	VFAASHAC:0.2571428571428571	VHDAIWRD:0.2	YVYNALKT:0.2571428571428571	RVVQLDSD:0.4857142857142857	DCWSKLTP:0.3142857142857143	SNDPRFYD:0.2571428571428571	ILSPKPWD:0.34285714285714286	YSNDPRFY:0.2571428571428571	FYDCWSKL:0.5428571428571428	LDSDMLVL:0.4857142857142857	YLSGLLTL:0.2571428571428571	PLVALYTD:0.4	RWVALPYV:0.2	QLDSDMLV:0.42857142857142855	DPRFYDCW:0.37142857142857144	AASHACVC:0.2	NCAFTSQH:0.2857142857142857	HYILSPKP:0.37142857142857144	PNGGLQVV:0.2	NALKTLRW:0.22857142857142856	ALPYVYNA:0.22857142857142856	ASHACVCN:0.2	ERVVQLDS:0.22857142857142856	HACVCNPL:0.4	SKYPLVAL:0.4	WTTLITNT:0.42857142857142855	PYVYNALK:0.2857142857142857	LSPKPWDE:0.3142857142857143	WSKLTPFS:0.3142857142857143	VALYTDTF:0.22857142857142856	VVQLDSDM:0.5428571428571428	SHACVCNP:0.2	KYPLVALY:0.37142857142857144	YDFADQSL:0.2857142857142857	VHYILSPK:0.22857142857142856	KVWTTLIT:0.37142857142857144	YDCWSKLT:0.3142857142857143	GVHDAIWR:0.2	YERVVQLD:0.22857142857142856	FADQSLLG:0.22857142857142856	FAASHACV:0.2	YILSPKPW:0.37142857142857144	DYSNDPRF:0.2571428571428571	GSKYPLVA:0.2	VALPYVYN:0.2	PRFYDCWS:0.37142857142857144	VQLDSDML:0.42857142857142855	YNALKTLR:0.34285714285714286	NDPRFYDC:0.2857142857142857	RVFAASHA:0.2	YPLVALYT:0.45714285714285713	KNVHYILS:0.22857142857142856	LPYVYNAL:0.3142857142857143	VKNVHYIL:0.2571428571428571	NGGLQVVN:0.2857142857142857	QSLLSDVF:0.2	QNMDELME:0.2	TLITNTAY:0.2571428571428571	GGLQVVNP:0.2857142857142857	FADQSLLS:0.4	DQSLLSDV:0.2	GLQVVNPS:0.2857142857142857	TTLITNTA:0.2571428571428571	LITNTAYL:0.2571428571428571	ADQSLLSD:0.37142857142857144	CVCNPLKK:0.2571428571428571	YIYNALKT:0.34285714285714286	PYIYNALK:0.34285714285714286	DRVVQLDS:0.2571428571428571	ACVCNPLK:0.34285714285714286	YNALKTMR:0.2857142857142857	LPYIYNAL:0.34285714285714286	ENCAFTSQ:0.2	LLTLDYSL:0.2	YDRVVQLD:0.2	GLLTLDYS:0.2	GRWVALPY:0.2571428571428571	VKNIHYIL:0.22857142857142856	YLPGLLTL:0.22857142857142856	LRNMDELM:0.2	
