cluster number:94
GT8:27	GT8:27
NLKFYVFN:0.2222222222222222	IDFYLDIN:0.3333333333333333	KFYVFNDD:0.4074074074074074	NFMVGMDT:0.2222222222222222	KIDFYLDI:0.3333333333333333	DKVETTIK:0.4444444444444444	ALYLDSDI:0.25925925925925924	VDLQRYLN:0.2222222222222222	ETTIKSIC:0.25925925925925924	VLEKIDFY:0.2962962962962963	LKFYVFND:0.25925925925925924	YLDSDIIV:0.3333333333333333	DLQRYLNV:0.2222222222222222	YNFMVGMD:0.3333333333333333	LYLDSDII:0.2962962962962963	KVETTIKS:0.48148148148148145	EKIDFYLD:0.2962962962962963	LEKIDFYL:0.2962962962962963	FGDQGILN:0.2222222222222222	DFYLDINH:0.4444444444444444	SEIVNVKI:0.2222222222222222	KAIVLGAD:0.3333333333333333	AIVLGADN:0.2962962962962963	KKAIVLGA:0.3333333333333333	VLYLDSDI:0.3333333333333333	FYVFNDDL:0.4444444444444444	DDLPSEWF:0.3333333333333333	PLAAVRDD:0.4074074074074074	RVLYLDSD:0.2222222222222222	VETTIKSV:0.2222222222222222	YMDKVETT:0.4074074074074074	FNDDLPSE:0.3333333333333333	ETTIKSVC:0.2962962962962963	YLDSDIVV:0.3333333333333333	NDDLPSEW:0.3333333333333333	LYLDSDIV:0.3333333333333333	VFNDDLPS:0.25925925925925924	YVFNDDLP:0.4444444444444444	MDKVETTI:0.4074074074074074	KSIDELWD:0.25925925925925924	LDLTAIPL:0.25925925925925924	SIDELWDL:0.25925925925925924	DLTAIPLA:0.2962962962962963	VRKSIDEL:0.25925925925925924	MWRAENVT:0.2962962962962963	RKSIDELW:0.25925925925925924	YTHNFNSG:0.2962962962962963	VVRKSIDE:0.25925925925925924	DELWDLDL:0.25925925925925924	GMWRAENV:0.2962962962962963	ELWDLDLT:0.25925925925925924	AVRDDFYT:0.2962962962962963	THNFNSGV:0.2962962962962963	IDELWDLD:0.25925925925925924	DLDLTAIP:0.25925925925925924	WDLDLTAI:0.25925925925925924	ENVTQDLI:0.2962962962962963	NSGVLLIN:0.3333333333333333	AENVTQDL:0.2962962962962963	TAIPLAAV:0.2962962962962963	HNFNSGVL:0.2962962962962963	LTAIPLAA:0.2962962962962963	FYTHNFNS:0.2962962962962963	IVVRKSID:0.25925925925925924	LWDLDLTA:0.25925925925925924	WRAENVTQ:0.2962962962962963	RAENVTQD:0.2962962962962963	NFNSGVLL:0.3333333333333333	DDFYTHNF:0.2962962962962963	LAAVRDDF:0.2962962962962963	VRDDFYTH:0.2962962962962963	DIVVRKSI:0.25925925925925924	DFYTHNFN:0.2962962962962963	FNSGVLLI:0.4074074074074074	AIPLAAVR:0.2962962962962963	RDDFYTHN:0.2962962962962963	AAVRDDFY:0.2962962962962963	IPLAAVRD:0.2962962962962963	LNSEIVNV:0.2222222222222222	SGVLLINN:0.2222222222222222	
