cluster number:160
GT8:118	GT8:118|2.4.1.-:1
VNGAVETC:0.6440677966101694	YLSMLNHL:0.4152542372881356	NHLRFYIP:0.2457627118644068	LGTLPPGL:0.5	NVNGAVET:0.3220338983050847	FRNPKYLS:0.3644067796610169	RTLWKLGT:0.2627118644067797	YVPVLKQL:0.211864406779661	LNHLRFYI:0.2457627118644068	SYVPVLKQ:0.211864406779661	LDDDVVVQ:0.3389830508474576	LWKLGTLP:0.559322033898305	TLWKLGTL:0.288135593220339	CGWAFGMN:0.288135593220339	GNVNGAVE:0.2627118644067797	DDDVVVQK:0.3220338983050847	KFRNPKYL:0.3728813559322034	KVVFLDDD:0.2457627118644068	ACGWAFGM:0.2711864406779661	KYLSMLNH:0.4152542372881356	LSMLNHLR:0.423728813559322	DDVVVQKD:0.3389830508474576	PKYLSMLN:0.4152542372881356	HLRFYIPE:0.211864406779661	FLDDDVVV:0.3135593220338983	VFLDDDVV:0.2033898305084746	RNPKYLSM:0.3813559322033898	MLNHLRFY:0.4322033898305085	DVVVQKDL:0.3305084745762712	KLGTLPPG:0.4915254237288136	WKLGTLPP:0.5169491525423728	NPKYLSML:0.4152542372881356	SMLNHLRF:0.423728813559322	DDIVVQKD:0.2711864406779661	FLDDDIVV:0.3559322033898305	DDDIVVQK:0.2711864406779661	WHVLGLGY:0.5932203389830508	DIVVQKDL:0.2711864406779661	LDDDIVVQ:0.3305084745762712	HYNGNMKP:0.3305084745762712	NGNMKPWL:0.5084745762711864	YNGNMKPW:0.3389830508474576	SDNVLAAS:0.211864406779661	ALFSDNVL:0.2288135593220339	KYRNPKYL:0.211864406779661	SWHVLGLG:0.4067796610169492	VLAASVVV:0.2033898305084746	NLKYRNPK:0.2033898305084746	CGWAYGMN:0.2627118644067797	DKSWHVLG:0.2457627118644068	DNVLAASV:0.211864406779661	YALFSDNV:0.23728813559322035	GAVETCGE:0.2288135593220339	NGAVETCG:0.2457627118644068	FSDNVLAA:0.2796610169491525	TCGESFHR:0.211864406779661	KILFLDDD:0.2457627118644068	YHYALFSD:0.2457627118644068	AASVVVNS:0.2288135593220339	VETCGESF:0.211864406779661	AAVIHYNG:0.23728813559322035	ETCGESFH:0.211864406779661	LYHYALFS:0.2457627118644068	ACGWAYGM:0.23728813559322035	HVLGLGYN:0.3813559322033898	LNHLRFYL:0.4745762711864407	AVIHYNGN:0.23728813559322035	LFLDDDIV:0.2796610169491525	LFSDNVLA:0.22033898305084745	NVLAASVV:0.211864406779661	YRNPKYLS:0.211864406779661	HYALFSDN:0.2796610169491525	LKYRNPKY:0.2033898305084746	ILFLDDDI:0.22033898305084745	PLDKSWHV:0.211864406779661	NHLRFYLP:0.4830508474576271	KSWHVLGL:0.2966101694915254	LDKSWHVL:0.2457627118644068	VLGLGYNP:0.3813559322033898	GKVNGAVE:0.3135593220338983	VVQKDLTG:0.2033898305084746	QKDLTGLW:0.211864406779661	GLGYNPSI:0.2033898305084746	VQKDLTGL:0.2033898305084746	HLRFYLPE:0.3898305084745763	KVNGAVET:0.288135593220339	LGLGYNPS:0.2288135593220339	LPPGLITF:0.2796610169491525	TLPPGLIT:0.3135593220338983	GTLPPGLI:0.3050847457627119	KYLSILNH:0.2288135593220339	ILNHLRFY:0.2288135593220339	NPKYLSIL:0.22033898305084745	PKYLSILN:0.22033898305084745	RNPKYLSI:0.211864406779661	YLSILNHL:0.2288135593220339	SILNHLRF:0.2288135593220339	LSILNHLR:0.2288135593220339	HVFHIVTD:0.2033898305084746	
