cluster number:129
GT8:42	GT8:42
LNGGFLVL:0.6190476190476191	YNALKTLP:0.5238095238095238	TLLTQPDY:0.6904761904761905	VKNLHYIL:0.38095238095238093	TKLRAWQL:0.3333333333333333	ASAQFGEV:0.23809523809523808	DLLNEVFA:0.21428571428571427	VFLDADML:0.5238095238095238	WTKLRAWQ:0.3333333333333333	YIYNALKT:0.2619047619047619	PNQIASYP:0.21428571428571427	LVLQNMDE:0.30952380952380953	MDELFTLD:0.23809523809523808	QPDYLVGV:0.40476190476190477	HACRCNPN:0.7380952380952381	VGVKALHR:0.2619047619047619	LDADMLVL:0.5238095238095238	KLRAWQLT:0.3333333333333333	DMLVLQNM:0.38095238095238093	MFAWVTLL:0.38095238095238093	ACHACRCN:0.9285714285714286	AKPWKRDL:0.23809523809523808	YYLNGGFL:0.2857142857142857	VTLLTQPD:0.6190476190476191	NALKTLPF:0.2619047619047619	WVTLLTQP:0.7619047619047619	TQPDYLVG:0.40476190476190477	IYNALKTL:0.35714285714285715	YLVGVKAL:0.30952380952380953	YPFSEQDL:0.23809523809523808	VDYYLNGG:0.2857142857142857	EVKNLHYI:0.3333333333333333	FGEVWTKL:0.2857142857142857	CHACRCNP:0.9285714285714286	PDYLVGVK:0.3333333333333333	FLDADMLV:0.9047619047619048	ERVVFLDA:0.21428571428571427	SAQFGEVW:0.23809523809523808	LVGVKALH:0.23809523809523808	MLVLQNMD:0.38095238095238093	SEQDLLNE:0.4523809523809524	LRAWQLTD:0.30952380952380953	FAWVTLLT:0.6428571428571429	YALDKLWW:0.23809523809523808	LAACHACR:0.5	LKTLPFQH:0.2619047619047619	CRCNPNQI:0.40476190476190477	DELFTLDL:0.21428571428571427	ACRCNPNQ:0.40476190476190477	QDLLNEVF:0.2619047619047619	QHYASAQF:0.2619047619047619	YASAQFGE:0.23809523809523808	ADMLVLQN:0.38095238095238093	PFSEQDLL:0.23809523809523808	VKALHRSL:0.30952380952380953	VVFLDADM:0.4523809523809524	VWTKLRAW:0.30952380952380953	LQNMDELF:0.30952380952380953	ILAKPWKR:0.23809523809523808	LAKPWKRD:0.23809523809523808	LTQPDYLV:0.40476190476190477	EQDLLNEV:0.2619047619047619	NPNQIASY:0.21428571428571427	GVKALHRS:0.30952380952380953	DYLVGVKA:0.30952380952380953	FSEQDLLN:0.4523809523809524	VLQNMDEL:0.30952380952380953	ALKTLPFQ:0.2619047619047619	RAWQLTDY:0.30952380952380953	DYYLNGGF:0.2857142857142857	DADMLVLQ:0.38095238095238093	EVWTKLRA:0.30952380952380953	CNPNQIAS:0.21428571428571427	GEVWTKLR:0.2857142857142857	YLNGGFLV:0.6190476190476191	RCNPNQIA:0.21428571428571427	AACHACRC:0.9285714285714286	HYASAQFG:0.23809523809523808	LLTQPDYL:0.6190476190476191	AWVTLLTQ:0.7619047619047619	RVVFLDAD:0.4523809523809524	NMDELFTL:0.23809523809523808	PWPLVVMV:0.2619047619047619	YQRVAFLD:0.2619047619047619	GYNALKTL:0.2857142857142857	AFLDADML:0.38095238095238093	AFAWVTLL:0.2619047619047619	DNYLNGGF:0.38095238095238093	HYIIDKPW:0.21428571428571427	NYLNGGFL:0.38095238095238093	IAACHACR:0.40476190476190477	HYGYNALK:0.2619047619047619	YGYNALKT:0.2857142857142857	QRVAFLDA:0.2619047619047619	VAFLDADM:0.38095238095238093	WPLVVMVT:0.3333333333333333	SPWPLVVM:0.2619047619047619	FAEQDFLN:0.35714285714285715	LDNYLNGG:0.2619047619047619	YVFAEQDF:0.23809523809523808	PLHYGYNA:0.2619047619047619	GSPWPLVV:0.2619047619047619	VFAEQDFL:0.2857142857142857	EYQRVAFL:0.2619047619047619	SGSPWPLV:0.2619047619047619	RVAFLDAD:0.3333333333333333	LHYGYNAL:0.2619047619047619	VWSKLAVW:0.2619047619047619	TIAACHAC:0.23809523809523808	AEQDFLNE:0.23809523809523808	NMDELFSL:0.21428571428571427	GGFLVLEP:0.21428571428571427	QNMDELFS:0.30952380952380953	HALAACHA:0.23809523809523808	YVYNALKT:0.2857142857142857	YAFSEQDL:0.21428571428571427	YQRVVFLD:0.21428571428571427	WQLTDYQR:0.21428571428571427	TRWPLVVM:0.21428571428571427	TDYQRVVF:0.21428571428571427	ALAACHAC:0.30952380952380953	AWQLTDYQ:0.21428571428571427	YPDSWQPE:0.21428571428571427	LTDYQRVV:0.21428571428571427	HYILDKPW:0.2619047619047619	VYNALKTL:0.30952380952380953	DYQRVVFL:0.21428571428571427	AFSEQDLL:0.21428571428571427	YILDKPWQ:0.2619047619047619	QRVVFLDA:0.21428571428571427	CHYTWQER:0.21428571428571427	QLTDYQRV:0.21428571428571427	NGGFLVLE:0.21428571428571427	YNALKTLR:0.2857142857142857	
