cluster number:4
CBM25:6	CBM25:6
SKKTLYSG:0.3333333333333333	DNNSGENY:0.3333333333333333	ADNWDNNS:0.5	YSGDKVIL:0.3333333333333333	DKVILKYN:0.3333333333333333	KVILKYNG:0.3333333333333333	GDKVILKY:0.3333333333333333	NWDNNSGE:0.3333333333333333	LYSGDKVI:0.3333333333333333	VFLSKKTL:0.3333333333333333	FLSKKTLY:0.3333333333333333	TLYSGDKV:0.3333333333333333	DNWDNNSG:0.5	KKTLYSGD:0.3333333333333333	LSKKTLYS:0.3333333333333333	ILKYNGLL:0.3333333333333333	SGDKVILK:0.3333333333333333	KTLYSGDK:0.3333333333333333	GVFLSKKT:0.3333333333333333	WDNNSGEN:0.3333333333333333	VILKYNGL:0.3333333333333333	NGVFLSKK:0.3333333333333333	KDAADNWD:0.3333333333333333	DAADNWDN:0.3333333333333333	FKDAADNW:0.3333333333333333	AADNWDNN:0.3333333333333333	CFKDAADN:0.3333333333333333	KRPGNINI:0.3333333333333333	GNINIAFK:0.3333333333333333	NINIAFKD:0.5	DNNSGMNY:0.3333333333333333	PGNINIAF:0.3333333333333333	WDNNSGMN:0.3333333333333333	RPGNINIA:0.3333333333333333	VKRPGNIN:0.3333333333333333	NWDNNSGM:0.3333333333333333	
