cluster number:5
CBM25:13	CBM25:13
NNWDNNNG:0.6153846153846154	NFCFKDSA:0.46153846153846156	ANNWDNNN:0.6153846153846154	YNGLLAKS:0.3076923076923077	VDPTPITA:0.23076923076923078	PTPITAGQ:0.23076923076923078	FKDSANNW:0.6923076923076923	CFKDSANN:0.6153846153846154	FCFKDSAN:0.6153846153846154	DSANNWDN:0.6923076923076923	LNFCFKDS:0.23076923076923078	SANNWDNN:0.6923076923076923	ILYNGLLA:0.3076923076923077	GLLAKSGA:0.46153846153846156	KDSANNWD:0.6923076923076923	LYNGLLAK:0.23076923076923078	NGLLAKSG:0.3076923076923077	DPTPITAG:0.23076923076923078	ANNWDNNS:0.3076923076923077	NNWDNNSG:0.3076923076923077	NWDNNNGY:0.23076923076923078	WDNNNGYN:0.23076923076923078	DNNNGYNW:0.23076923076923078	NNNGYNWT:0.23076923076923078	GADQVYLH:0.23076923076923078	ADQVYLHC:0.23076923076923078	DQVYLHCG:0.23076923076923078	
