cluster number:7
CBM25:9	CBM25:9
AAEYPGGV:0.2222222222222222	MERTGYGW:0.2222222222222222	RLNFCFKD:0.3333333333333333	AEYPGGVV:0.2222222222222222	NFCFKDSA:0.5555555555555556	NNWDNNNG:0.6666666666666666	ANNWDNNN:0.6666666666666666	WDNNNGLN:0.7777777777777778	ERTGYGWV:0.2222222222222222	RMERTGYG:0.2222222222222222	YDHRMERT:0.2222222222222222	FKDSANNW:0.6666666666666666	NNNGLNWS:0.7777777777777778	CFKDSANN:0.6666666666666666	FCFKDSAN:0.6666666666666666	QMRAAEYP:0.2222222222222222	LNFCFKDS:0.4444444444444444	DSANNWDN:0.6666666666666666	SANNWDNN:0.6666666666666666	NWDNNNGL:0.7777777777777778	TGYGWVKN:0.2222222222222222	GWVKNIRV:0.2222222222222222	RTGYGWVK:0.2222222222222222	EYPGGVVV:0.2222222222222222	YPGGVVVD:0.4444444444444444	RAAEYPGG:0.2222222222222222	KDSANNWD:0.6666666666666666	PGGVVVDP:0.4444444444444444	NNGLNWSF:0.5555555555555556	DRLNFCFK:0.2222222222222222	GYGWVKNI:0.2222222222222222	DNNNGLNW:0.7777777777777778	YGWVKNIR:0.2222222222222222	MRAAEYPG:0.2222222222222222	LNWSFEIH:0.4444444444444444	WSFEIHNG:0.3333333333333333	GLNWSFEI:0.4444444444444444	NGLNWSFE:0.4444444444444444	NWSFEIHN:0.3333333333333333	GVVVDPTP:0.2222222222222222	GLLAASGA:0.2222222222222222	VVDPTPIT:0.2222222222222222	VVVDPTPI:0.2222222222222222	GGVVVDPT:0.2222222222222222	YLHVGYGD:0.2222222222222222	VYLHYGYG:0.2222222222222222	
