cluster number:52
GT28:367	GT28:367
GTGGFASG:0.5122615803814714	SVSELCIV:0.22070844686648503	QEQNSYAG:0.4087193460490463	FIPSPNVA:0.3024523160762943	EDHQTKNA:0.6839237057220708	AEDHQTKN:0.659400544959128	SELCIVGK:0.22615803814713897	GGGTGGHI:0.7983651226158038	GGHIYPAI:0.3405994550408719	IYPAIAIA:0.3079019073569482	GHIYPAIA:0.31607629427792916	HIYPAIAI:0.3079019073569482	SGGGTGGH:0.782016348773842	IQEQNSYA:0.34877384196185285	LSGGGTGG:0.2506811989100817	GTGGHIYP:0.4114441416893733	EMEKVPQA:0.21525885558583105	NVAEDHQT:0.55858310626703	PNVAEDHQ:0.5694822888283378	VSELCIVG:0.21525885558583105	PDVVIGTG:0.2670299727520436	GGTGGHIY:0.4114441416893733	TGGHIYPA:0.4087193460490463	IGTGGFAS:0.4659400544959128	YPAIAIAN:0.30517711171662126	SPNVAEDH:0.5694822888283378	GGFASGPL:0.22615803814713897	VVIGTGGF:0.2724795640326976	VIGTGGFA:0.3460490463215259	DVVIGTGG:0.26975476839237056	LIQEQNSY:0.34877384196185285	FKPDVVIG:0.22888283378746593	GFASGPLL:0.22615803814713897	IPSPNVAE:0.3188010899182561	MEMEKVPQ:0.21798365122615804	VAEDHQTK:0.5694822888283378	IFIPSPNV:0.2615803814713896	KPDVVIGT:0.22888283378746593	PAIAIANE:0.29427792915531337	PSPNVAED:0.5694822888283378	TGGFASGP:0.3405994550408719	MEKVPQAG:0.21525885558583105	ELCIVGKP:0.2098092643051771	QKVPQAGY:0.22070844686648503	NKLLSKKA:0.23705722070844687	TNKLLSKK:0.27520435967302453	GITNKLLS:0.2670299727520436	LTGNPVRQ:0.23433242506811988	KMEMQKVP:0.22888283378746593	IWQCGKLY:0.26975476839237056	ITNKLLSK:0.2670299727520436	MQKVPQAG:0.22343324250681199	EMQKVPQA:0.22343324250681199	ISRAGASS:0.25340599455040874	TLIQEQNS:0.2888283378746594	GGSLGARR:0.37329700272479566	VLGGSLGA:0.27520435967302453	GASSVSEL:0.3106267029972752	TGNPVRQD:0.3460490463215259	PTLIQEQN:0.28610354223433243	LLVLGGSL:0.22615803814713897	LVLGGSLG:0.28610354223433243	LGGSLGAR:0.444141689373297	PGITNKLL:0.3133514986376022	QCGKLYFE:0.21798365122615804	WQCGKLYF:0.23705722070844687	GNPVRQDL:0.3215258855585831	MEMQKVPQ:0.25340599455040874	ASSVSELC:0.22615803814713897	QNSYAGVT:0.21798365122615804	GVGGYASG:0.29155313351498635	ISGGGTGG:0.4877384196185286	IISGGGTG:0.4141689373297003	VGVGGYAS:0.2561307901907357	EQNSYAGV:0.22070844686648503	GTGGHIFP:0.3978201634877384	LILGGSLG:0.20708446866485014	VGGYASGP:0.2452316076294278	GGSLGART:0.22888283378746593	ILVPSPNV:0.23433242506811988	ILGGSLGA:0.20708446866485014	SYAGVTNK:0.21525885558583105	TGGHIFPA:0.39509536784741145	VPSPNVAE:0.28337874659400547	NSYAGVTN:0.21798365122615804	GGTGGHIF:0.3978201634877384	LVPSPNVA:0.25340599455040874	AIAIANEL:0.2125340599455041	GGHIFPAI:0.20435967302452315	IAIANELK:0.20708446866485014	EQNSYPGI:0.2561307901907357	GSLGARRI:0.31607629427792916	TVIQEQNS:0.20708446866485014	SLGARRIN:0.31607629427792916	ARRINQLI:0.21798365122615804	SYPGITNK:0.25340599455040874	LGARRINQ:0.26975476839237056	QEQNSYPG:0.26975476839237056	QNSYPGIT:0.2561307901907357	NSYPGITN:0.2561307901907357	IQEQNSYP:0.2506811989100817	GARRINQL:0.2670299727520436	YPGITNKL:0.23433242506811988	PVIFIPSP:0.23978201634877383	GKPVIFIP:0.23433242506811988	VGKPVIFI:0.23160762942779292	VIFIPSPN:0.22615803814713897	KPVIFIPS:0.23705722070844687	DHQTKNAM:0.23433242506811988	
