cluster number:88
GT28:154	GT28:154
VNPLLAVA:0.538961038961039	HVNPLLAV:0.538961038961039	PIGNGEQR:0.5	LLVTGGSL:0.22077922077922077	TLLVTGGS:0.22077922077922077	NARPGLAN:0.2727272727272727	LAGGGTAG:0.8701298701298701	RPGLANRL:0.21428571428571427	VVGFGGYA:0.38961038961038963	YLLAGGGT:0.2662337662337662	VLGTAEGL:0.2077922077922078	VTGGSLGA:0.5909090909090909	PGLANRLG:0.2662337662337662	LLAGGGTA:0.45454545454545453	LGTAEGLE:0.21428571428571427	GLEARLVP:0.24675324675324675	AGGGTAGH:0.922077922077922	GLANRLGA:0.24025974025974026	ARPGLANR:0.21428571428571427	TAGHVNPL:0.8636363636363636	GHVNPLLA:0.7727272727272727	AGHVNPLL:0.8506493506493507	LVTGGSLG:0.4025974025974026	GGTAGHVN:0.8896103896103896	NPLLAVAD:0.38961038961038963	GGGTAGHV:0.9285714285714286	GTAGHVNP:0.8896103896103896	LANRLGAR:0.21428571428571427	GFGGYVST:0.2077922077922078	VVVGFGGY:0.538961038961039	LPAVYVPL:0.2077922077922078	PLPIGNGE:0.512987012987013	LPIGNGEQ:0.512987012987013	FGGYVSTP:0.2077922077922078	GLPAVYVP:0.22727272727272727	AVYVPLPI:0.2012987012987013	PAVYVPLP:0.2597402597402597	VPLPIGNG:0.5	VVGFGGYV:0.22727272727272727	VYVPLPIG:0.21428571428571427	YVPLPIGN:0.461038961038961	MANKLGAR:0.2987012987012987	RVGLPLRP:0.2662337662337662	VLAGGGTA:0.36363636363636365	ERIDLAFA:0.22727272727272727	VGLPLRPA:0.2792207792207792	TIEKVPFP:0.2792207792207792	LAFACADL:0.21428571428571427	IGNGEQRF:0.33116883116883117	HIVLAGGG:0.2012987012987013	EQNARAGM:0.3116883116883117	LTALGLPA:0.2012987012987013	QNARAGMA:0.3116883116883117	IDLAFACA:0.22077922077922077	VPFPRRPN:0.3246753246753247	ERVGLPLR:0.2922077922077922	GLPLRPAI:0.3116883116883117	IVLAGGGT:0.2662337662337662	DLAFACAD:0.21428571428571427	YLERIDLA:0.22727272727272727	EKVPFPRR:0.2922077922077922	GMANKLGA:0.33116883116883117	NKLGARWA:0.21428571428571427	ELTALGLP:0.2077922077922078	KVPFPRRP:0.4025974025974026	IEKVPFPR:0.3246753246753247	CRSGAGTV:0.23376623376623376	HEQNARAG:0.3181818181818182	RAGMANKL:0.2922077922077922	LERIDLAF:0.22727272727272727	RIDLAFAC:0.22727272727272727	ARAGMANK:0.2922077922077922	NARAGMAN:0.3116883116883117	AGMANKLG:0.2987012987012987	IHEQNARA:0.24675324675324675	GNGEQRFN:0.42857142857142855	LPLRPAIA:0.24025974025974026	NGEQRFNA:0.4155844155844156	ANKLGARW:0.21428571428571427	VGFGGYAS:0.2662337662337662	GFGGYASA:0.37012987012987014	VGMPLRRE:0.21428571428571427	NGEQRLNA:0.24025974025974026	FGGYASAP:0.37012987012987014	DVVVGFGG:0.36363636363636365	GYASAPAY:0.22727272727272727	GNGEQRLN:0.24025974025974026	GGYASAPA:0.22727272727272727	VIHEQNAR:0.2597402597402597	ACADLVIC:0.2012987012987013	AFACADLV:0.22077922077922077	TGGSLGAQ:0.21428571428571427	CADLVICR:0.22077922077922077	FACADLVI:0.2012987012987013	
