cluster number:19
GT28:44	GT28:44
LVFGGSLG:0.25	PTAIQEQN:0.22727272727272727	VFVGTERG:0.22727272727272727	FPGIALAE:0.3181818181818182	PGIALAEE:0.36363636363636365	VVVGVGGY:0.5681818181818182	ELTVCKKA:0.20454545454545456	EVVEFIDD:0.22727272727272727	PDVVVGVG:0.4318181818181818	GIPTAIQE:0.20454545454545456	ALAEEVVT:0.3409090909090909	AGATTLAE:0.4318181818181818	IRRKLMDN:0.20454545454545456	LAEEVVTR:0.3409090909090909	KVLIAGGG:0.2727272727272727	HLFPGIAL:0.22727272727272727	TGGHLFPG:0.38636363636363635	MKVLIAGG:0.2727272727272727	EAAKELAD:0.20454545454545456	VVCRAGAT:0.38636363636363635	VCRAGATT:0.38636363636363635	MGIPTAIQ:0.20454545454545456	TLAELTVC:0.2727272727272727	GVGGYASG:0.5681818181818182	GATTLAEL:0.4318181818181818	GGTGGHLF:0.5227272727272727	GYASGPVV:0.3409090909090909	LAELTVCK:0.2727272727272727	IPTAIQEQ:0.20454545454545456	LLGRPEAA:0.20454545454545456	PEAAKELA:0.20454545454545456	AEEVVTRH:0.3409090909090909	QEQNALPG:0.2727272727272727	AAKELADV:0.22727272727272727	IAGGGTGG:0.6136363636363636	DDMSSAYA:0.20454545454545456	TTLAELTV:0.2727272727272727	VGVGGYAS:0.5454545454545454	KPDVVVGV:0.25	VVGVGGYA:0.5681818181818182	IDDMSSAY:0.20454545454545456	GGHLFPGI:0.2727272727272727	GGYASGPV:0.3409090909090909	PIRRKLMD:0.20454545454545456	GIALAEEV:0.36363636363636365	FIDDMSSA:0.20454545454545456	VFGGSLGA:0.25	VGGYASGP:0.5681818181818182	VVEFIDDM:0.2727272727272727	GTGGHLFP:0.5227272727272727	GGGTGGHL:0.6590909090909091	LIAGGGTG:0.36363636363636365	AGGGTGGH:0.9318181818181818	DLVVCRAG:0.22727272727272727	VVFVGTER:0.22727272727272727	SGPVVLAA:0.22727272727272727	GRPEAAKE:0.22727272727272727	LFPGIALA:0.22727272727272727	EFIDDMSS:0.20454545454545456	VLIAGGGT:0.3181818181818182	LGRPEAAK:0.20454545454545456	HQTGKNDL:0.20454545454545456	ATTLAELT:0.3409090909090909	AELTVCKK:0.2727272727272727	VEFIDDMS:0.25	LVVCRAGA:0.36363636363636365	GHLFPGIA:0.25	YASGPVVL:0.29545454545454547	AEVVEFID:0.22727272727272727	GGSLGARG:0.25	RAGATTLA:0.4318181818181818	CRAGATTL:0.45454545454545453	DVVVGVGG:0.45454545454545453	TAIQEQNA:0.20454545454545456	GNPIRRKL:0.22727272727272727	NPIRRKLM:0.22727272727272727	EEVVTRHH:0.22727272727272727	RPEAAKEL:0.20454545454545456	FGGSLGAR:0.2727272727272727	IALAEEVV:0.36363636363636365	GGGTGGHV:0.25	
