cluster number:101
GT28:6	GT28:6
GLTTSEAL:0.5	DCIITKPG:0.3333333333333333	LTTSEALA:0.5	CIITKPGG:0.3333333333333333	PIPGQEER:0.5	EERNVEFL:0.3333333333333333	VGIITDFT:0.5	VMMDAADC:0.3333333333333333	DEALYQLF:0.3333333333333333	ALAKNLPI:0.3333333333333333	ITKPGGLT:0.3333333333333333	ITDFTIHP:0.3333333333333333	EALAKNLP:0.3333333333333333	GGLTTSEA:0.5	QEERNVEF:0.3333333333333333	IPGQEERN:0.5	KPGGLTTS:0.6666666666666666	MMDAADCI:0.3333333333333333	GQEERNVE:0.3333333333333333	LTNTAGQG:0.3333333333333333	VDEALYQL:0.3333333333333333	TKPGGLTT:0.6666666666666666	SEALAKNL:0.3333333333333333	DVMMDAAD:0.3333333333333333	PVDEALYQ:0.3333333333333333	IITKPGGL:0.3333333333333333	TNTAGQGH:0.3333333333333333	TSEALAKN:0.3333333333333333	PGGLTTSE:0.6666666666666666	PGQEERNV:0.3333333333333333	NPIPGQEE:0.5	TTSEALAK:0.5	VEFLLNNG:0.3333333333333333	TDYTIHPF:0.3333333333333333	NVEFLLNN:0.3333333333333333	RNVEFLLN:0.5	DYTIHPFW:0.3333333333333333	TVLLMSGS:0.3333333333333333	VTKPGGLT:0.3333333333333333	IVTKPGGL:0.3333333333333333	VLLMSGSM:0.3333333333333333	DRNVEFLL:0.3333333333333333	EDRNVEFL:0.3333333333333333	GIITDFTV:0.3333333333333333	
