cluster number:115
GT28:106	GT28:106
VTGGSQGA:0.5943396226415094	HEQNAVLG:0.839622641509434	FIGRAGAS:0.2358490566037736	STIAELTA:0.2641509433962264	VHLVGNPV:0.22641509433962265	GYPALPAL:0.2830188679245283	VLAAGGTG:0.5660377358490566	NAVLGRVN:0.7358490566037735	GRAGASTI:0.2641509433962264	DLADLVES:0.39622641509433965	RAGASTIA:0.4339622641509434	GGYPALPA:0.330188679245283	VGFGGYPA:0.4056603773584906	FGGYPALP:0.36792452830188677	GRVNRLLA:0.22641509433962265	VPDGLAML:0.2169811320754717	LFIGRAGA:0.2358490566037736	GRVDAIAT:0.2830188679245283	AVGRPAIL:0.20754716981132076	VLGRVNRL:0.4716981132075472	GASTIAEL:0.41509433962264153	GFGGYPAL:0.36792452830188677	HLFIGRAG:0.2358490566037736	QNAVLGRV:0.7358490566037735	YVLAAGGT:0.25471698113207547	AGGTGGHL:0.2830188679245283	LTAVGRPA:0.20754716981132076	AAGGTGGH:0.9622641509433962	YPALPALL:0.25471698113207547	RPAILIPL:0.25471698113207547	VVGFGGYP:0.6509433962264151	KVHLVGNP:0.22641509433962265	TGGSQGAR:0.330188679245283	AVVGFGGY:0.36792452830188677	AGASTIAE:0.4056603773584906	PLPIATDD:0.20754716981132076	PIATDDHQ:0.20754716981132076	LGRVNRLL:0.2358490566037736	ASTIAELT:0.36792452830188677	HLVGNPVR:0.27358490566037735	EQNAVLGR:0.8301886792452831	TAVGRPAI:0.20754716981132076	LVTGGSQG:0.5943396226415094	HYVLAAGG:0.2169811320754717	IGRAGAST:0.33962264150943394	LPIATDDH:0.20754716981132076	PAILIPLP:0.2358490566037736	AVLGRVNR:0.7358490566037735	ELTAVGRP:0.20754716981132076	AGRVDAIA:0.2641509433962264	LAAGGTGG:0.7547169811320755	GRPAILIP:0.3113207547169811	TGGSQGAS:0.20754716981132076	RLQVTQQC:0.44339622641509435	PAILVPLP:0.32075471698113206	VLVTGGSQ:0.41509433962264153	TQQCRPED:0.2641509433962264	VTQQCRPE:0.2641509433962264	RPAILVPL:0.330188679245283	GRPAILVP:0.33962264150943394	LQVTQQCR:0.44339622641509435	QVTQQCRP:0.2641509433962264	RVLVTGGS:0.33962264150943394	VVVGFGGY:0.27358490566037735	PTVIHEQN:0.2358490566037736	TVIHEQNA:0.24528301886792453	VIHEQNAV:0.39622641509433965	IHEQNAVL:0.5849056603773585	VIARAGAS:0.37735849056603776	AVIGFGGY:0.2358490566037736	DHQTANAR:0.24528301886792453	DDHQTANA:0.2830188679245283	VIGFGGYP:0.24528301886792453	HQTANARE:0.22641509433962265	FRVLVTGG:0.2169811320754717	AGGTGGHM:0.6698113207547169	IARAGAST:0.4056603773584906	IGFGGYPA:0.2169811320754717	RRLQVTQQ:0.2358490566037736	HFVLAAGG:0.2830188679245283	FVLAAGGT:0.2830188679245283	RRRLQVTQ:0.2358490566037736	GGSQGASI:0.24528301886792453	VALVTDER:0.2830188679245283	LVTDERGA:0.22641509433962265	DAIATAYP:0.20754716981132076	LVIARAGA:0.330188679245283	HLVIARAG:0.3113207547169811	RVDAIATA:0.2358490566037736	RGHRVALV:0.20754716981132076	AGRPAILI:0.24528301886792453	ALVTDERG:0.29245283018867924	RHFVLAAG:0.2830188679245283	GSQGASIL:0.22641509433962265	ELAKQMQK:0.25471698113207547	SQGASILS:0.22641509433962265	VDAIATAY:0.2641509433962264	LADLVESF:0.2169811320754717	VGFGGYPS:0.24528301886792453	HHVALVTD:0.2358490566037736	GHHVALVT:0.2358490566037736	HVALVTDE:0.2169811320754717	RGHHVALV:0.24528301886792453	GTGGHMIP:0.22641509433962265	TGGHMIPA:0.22641509433962265	GGTGGHMI:0.22641509433962265	SRHFVLAA:0.2358490566037736	GFGGYPAM:0.20754716981132076	FGGYPAMP:0.20754716981132076	GNPVREEV:0.2358490566037736	VELAKQMQ:0.20754716981132076	
