cluster number:113
GT28:41	GT28:41
TAVQALAA:0.5609756097560976	CGRDERLR:0.3170731707317073	QTAVQALA:0.6341463414634146	GPVVAPEF:0.3170731707317073	VDNAAGQT:0.7317073170731707	LCGRDERL:0.3170731707317073	LVDNAAGQ:0.5121951219512195	AGQTAVQA:0.6341463414634146	PGSAPLAA:0.34146341463414637	MGAGHDAV:0.3902439024390244	ASMGAGHD:0.36585365853658536	GQTAVQAL:0.6341463414634146	DNAAGQTA:0.9024390243902439	WLHPGNDL:0.3902439024390244	VTDFAVHR:0.4146341463414634	RPGSAPLA:0.34146341463414637	AVQALAAG:0.5609756097560976	NAAGQTAV:0.6341463414634146	ALAAGVPV:0.21951219512195122	AAGQTAVQ:0.6341463414634146	PGHGADGV:0.2926829268292683	QALAAGLP:0.4146341463414634	SAGAWGVG:0.2682926829268293	YRPIPGHG:0.4146341463414634	PVVLCGRD:0.21951219512195122	LLSAGAWG:0.24390243902439024	LAAGLPVV:0.2926829268292683	SASMGAGH:0.2926829268292683	GAGHDAVA:0.3170731707317073	VVLCGRDE:0.21951219512195122	VLLSAGAW:0.24390243902439024	GHGADGVR:0.2926829268292683	ALAAGLPV:0.3902439024390244	VQALAAGL:0.4146341463414634	VFHLAAQL:0.5365853658536586	PGRPPVLL:0.2926829268292683	GAGHDTVA:0.3902439024390244	MGAGHDTV:0.3902439024390244	HGADGVRR:0.2682926829268293	SVRHFPWA:0.21951219512195122	AVHRQWLH:0.6585365853658537	DVVVPVFH:0.5121951219512195	VHRQWLHP:0.6097560975609756	HRQWLHPG:0.6341463414634146	GADGVRRM:0.2682926829268293	DFAVHRQW:0.6585365853658537	RQWLHPGN:0.6341463414634146	AAQLTGHL:0.24390243902439024	VPVFHLAA:0.4146341463414634	HLAAQLTG:0.5365853658536586	LSAGAWGA:0.21951219512195122	WVTDMPGL:0.21951219512195122	VRHFPWAY:0.21951219512195122	FHLAAQLT:0.5365853658536586	GRPPVLLS:0.2926829268292683	FAVHRQWL:0.6585365853658537	QWLHPGND:0.6341463414634146	VTDMPGLL:0.21951219512195122	LAAQLTGH:0.24390243902439024	PVFHLAAQ:0.4146341463414634	SAGAWGAA:0.21951219512195122	VVVPVFHL:0.5365853658536586	VVPVFHLA:0.4146341463414634	AQLTGHLR:0.4146341463414634	HDTVAAEL:0.34146341463414637	GYLPVVLC:0.4634146341463415	DMPGLLAA:0.2926829268292683	GHDTVAAE:0.34146341463414637	PLARLAGD:0.21951219512195122	LPVVLCGR:0.4634146341463415	RPSGVPLA:0.21951219512195122	LARLAGDR:0.21951219512195122	APGRPPVL:0.2682926829268293	ADGVRRMA:0.21951219512195122	ARLAGDRL:0.21951219512195122	YLPVVLCG:0.4634146341463415	ALVDNAAG:0.4146341463414634	SGVPLARL:0.21951219512195122	PSGVPLAR:0.21951219512195122	GVPLARLA:0.21951219512195122	AGHDTVAA:0.3170731707317073	PVVLCGRN:0.2926829268292683	AGMGAGHD:0.24390243902439024	YEGIYRAF:0.21951219512195122	GMGAGHDA:0.24390243902439024	EGIYRAFF:0.21951219512195122	GYRPIPGH:0.36585365853658536	SAGMGAGH:0.24390243902439024	GAGYLPVV:0.2682926829268293	AAGLPVVG:0.2682926829268293	AGYLPVVL:0.34146341463414637	SAPLAALA:0.2682926829268293	PGNDLHLC:0.21951219512195122	GSAPLAAL:0.2682926829268293	APLAALAE:0.2682926829268293	QTALEALA:0.21951219512195122	RAVVDNAA:0.21951219512195122	PDVVVPVF:0.2682926829268293	PRPGSAPL:0.2682926829268293	GQTALEAL:0.21951219512195122	NAAGQTAL:0.2682926829268293	VVDNAAGQ:0.21951219512195122	HPGNDLHL:0.21951219512195122	GPRPGSAP:0.2682926829268293	AVVDNAAG:0.21951219512195122	QLTGRLRA:0.2682926829268293	TDFAVHRQ:0.2926829268292683	AGQTALEA:0.2682926829268293	AAGQTALE:0.2682926829268293	AQLTGRLR:0.2682926829268293	LHPGNDLH:0.24390243902439024	LAAQLTGR:0.2682926829268293	AAQLTGRL:0.2682926829268293	RPDVVVPV:0.2682926829268293	SMGAGHDT:0.21951219512195122	ERRIAAGR:0.24390243902439024	RERRIAAG:0.24390243902439024	VVVTDFAV:0.2682926829268293	VVTDFAVH:0.2682926829268293	SAVVVTDF:0.24390243902439024	VAAELVRR:0.34146341463414637	TGRLRARG:0.24390243902439024	LTGRLRAR:0.24390243902439024	PSAVVVTD:0.24390243902439024	GRLRARGA:0.21951219512195122	AVVVTDFA:0.21951219512195122	IPGHGREG:0.24390243902439024	PVIGYRPI:0.21951219512195122	GVPVIGYR:0.21951219512195122	VPVIGYRP:0.21951219512195122	RLRARGAL:0.21951219512195122	GVRRMAAL:0.2682926829268293	VRRMAALG:0.2682926829268293	
