cluster number:42
GT28:35	GT28:35
RITHQTGE:0.2571428571428571	TAAGIRGK:0.2	GIAVAEEF:0.37142857142857144	IPYPHAVD:0.2	CITAAGIR:0.22857142857142856	LIVCRAGA:0.2	LVLGVGGY:0.37142857142857144	LYGYAQSR:0.22857142857142856	AGIRGKGS:0.2	QNAIPGFT:0.2	ACGKPCIF:0.2	TLLTGNPL:0.2571428571428571	LRITHQTG:0.2571428571428571	GIEARVLP:0.2	VFGGSAGA:0.3142857142857143	KLLIAGGG:0.2	AGATTLAE:0.2857142857142857	ECITAAGI:0.2	HLLVFGGS:0.2	GGSAGAHR:0.22857142857142856	AVAEEFLA:0.2571428571428571	AAGIRGKG:0.2571428571428571	LGVGGYAS:0.5714285714285714	YRLECITA:0.2	TGGHLFPG:0.7142857142857143	SRKILKEF:0.2857142857142857	IVCRAGAT:0.2571428571428571	RFIHEQNA:0.34285714285714286	VDDHQRRN:0.22857142857142856	TACGKPCI:0.2	GNPLRRQI:0.22857142857142856	DDHQRRNA:0.2857142857142857	FGGSAGAH:0.2571428571428571	VCRAGATT:0.37142857142857144	QSRKILKE:0.2857142857142857	GGTGGHLF:0.8285714285714286	ITAAGIRG:0.2	NPLRRQIL:0.22857142857142856	GKPCIFIP:0.22857142857142856	DLVLGVGG:0.34285714285714286	EVLFVGTW:0.2	DHQRRNAE:0.2857142857142857	DDAFHLLV:0.2	IHEQNAIP:0.2857142857142857	LLIAGGGT:0.3142857142857143	LDAAQAIV:0.22857142857142856	IFIPYPHA:0.2	FISLEESR:0.2	NAIPGFTN:0.2	IAGGGTGG:0.6571428571428571	FPGIAVAE:0.4	AQSRKILK:0.2	FIHEQNAI:0.2857142857142857	GGHLFPGI:0.6571428571428571	AVDDHQRR:0.22857142857142856	RLRITHQT:0.2	MADAYRWA:0.2	PYPHAVDD:0.2	HEQNAIPG:0.2857142857142857	AFHLLVFG:0.2	QTGENDLE:0.2	SAGAHRIN:0.22857142857142856	HLFPGIAV:0.5428571428571428	YPHAVDDH:0.2	AEVTACGK:0.2571428571428571	KPCIFIPY:0.2	FIPYPHAV:0.2	FLYGYAQS:0.2	PDLVLGVG:0.34285714285714286	GVGGYASA:0.4857142857142857	LLVFGGSA:0.22857142857142856	GENDLEDV:0.2	IAVAEEFL:0.37142857142857144	GTGGHLFP:0.8285714285714286	VGGYASAP:0.4857142857142857	VAEEFLAR:0.2571428571428571	GGGTGGHL:0.8571428571428571	LIAGGGTG:0.34285714285714286	PRFIHEQN:0.2	GYAQSRKI:0.22857142857142856	ADLIVCRA:0.2	ILKEFRPD:0.2	AGGGTGGH:0.8	FRPDLVLG:0.2	ITHQTGEN:0.2	LVFGGSAG:0.3142857142857143	PGIAVAEE:0.37142857142857144	YGYAQSRK:0.22857142857142856	GSAGAHRI:0.22857142857142856	CGKPCIFI:0.2	NEVLFVGT:0.34285714285714286	TGNPLRRQ:0.22857142857142856	IPRFIHEQ:0.2	PCIFIPYP:0.2	RPDLVLGV:0.2	LLTGNPLR:0.2571428571428571	GHLFPGIA:0.6571428571428571	THQTGEND:0.2	ENDLEDVT:0.2	EQNAIPGF:0.2	GYRLECIT:0.2	CIFIPYPH:0.2	VLGVGGYA:0.5428571428571428	HAVDDHQR:0.22857142857142856	DLIVCRAG:0.2	LFPGIAVA:0.5428571428571428	RAGATTLA:0.2857142857142857	ADAYRWAD:0.2	IEARVLPK:0.2	FHLLVFGG:0.2	HQTGENDL:0.2	TGENDLED:0.2	LTGNPLRR:0.22857142857142856	DAYRWADL:0.2	MKLLIAGG:0.2	PHAVDDHQ:0.22857142857142856	LECITAAG:0.2	DAFHLLVF:0.2	YAQSRKIL:0.22857142857142856	RAGATTIA:0.2857142857142857	GATTIAEV:0.2	TTIAEVTA:0.2	ATTIAEVT:0.2	AGATTIAE:0.2857142857142857	CRAGATTI:0.2857142857142857	GGYASAPA:0.2571428571428571	IIAGGGTG:0.2571428571428571	PYAADDHQ:0.3142857142857143	PYPYAADD:0.2571428571428571	IPYPYAAD:0.2571428571428571	YPYAADDH:0.2571428571428571	
