cluster number:108
GT28:13	GT28:13
LVFGGSLG:0.5384615384615384	INPALALA:0.9230769230769231	GTAGHINP:0.9230769230769231	HEQNSVMG:0.38461538461538464	GGGTAGHI:0.5384615384615384	RAGATSLA:0.38461538461538464	SLAEISAL:0.3076923076923077	LSGGGTAG:0.38461538461538464	NPALALAE:0.7692307692307693	HINPALAL:0.9230769230769231	AGHINPAL:0.9230769230769231	MLLVFGGS:0.23076923076923078	GGTAGHIN:0.9230769230769231	VVTGNPVR:0.5384615384615384	PLVVHEQN:0.23076923076923078	GHINPALA:0.9230769230769231	NSVMGMAN:0.23076923076923078	VVHEQNSV:0.38461538461538464	VSRAGATS:0.3076923076923077	SGGGTAGH:0.5384615384615384	EQNSVMGM:0.23076923076923078	ATSLAEIS:0.46153846153846156	VFGGSLGA:0.6923076923076923	LVVHEQNS:0.23076923076923078	QNSVMGMA:0.23076923076923078	IPLVVHEQ:0.23076923076923078	IVSRAGAT:0.3076923076923077	LLVPFPFA:0.23076923076923078	VVGFGGYV:0.3076923076923077	TSLAEISA:0.46153846153846156	SVMGMANK:0.23076923076923078	LLVFGGSL:0.5384615384615384	TGNPVRSS:0.23076923076923078	TAGHINPA:0.9230769230769231	AGATSLAE:0.38461538461538464	GATSLAEI:0.46153846153846156	VHEQNSVM:0.38461538461538464	SRAGATSL:0.38461538461538464	YLVDAGAA:0.3076923076923077	TNARYLVD:0.3076923076923077	GASSIAEI:0.23076923076923078	HQTTNARY:0.3076923076923077	IAAGGTAG:0.46153846153846156	PALALAEE:0.5384615384615384	QTTNARYL:0.3076923076923077	AAGGTAGH:0.46153846153846156	ALALAEEL:0.5384615384615384	ASSIAEIA:0.23076923076923078	RYLVDAGA:0.38461538461538464	ARYLVDAG:0.38461538461538464	SSIAEIAA:0.23076923076923078	SRAGASSI:0.23076923076923078	RAGASSIA:0.23076923076923078	LSRAGASS:0.3076923076923077	AIAAGGTA:0.46153846153846156	TTNARYLV:0.3076923076923077	LALAEELR:0.3076923076923077	VLSRAGAS:0.3076923076923077	DHQTTNAR:0.46153846153846156	NARYLVDA:0.38461538461538464	AGASSIAE:0.23076923076923078	GFDRSRPW:0.3076923076923077	VTGFDRSR:0.3076923076923077	QNSVPGLA:0.3076923076923077	ATADHQTT:0.46153846153846156	LAAADLVL:0.3076923076923077	TADHQTTN:0.46153846153846156	EIAALAVP:0.3076923076923077	GSLGARHL:0.46153846153846156	SLGARHLN:0.46153846153846156	EQNSVPGL:0.3076923076923077	LVLSRAGA:0.23076923076923078	LLLVFGGS:0.23076923076923078	FATADHQT:0.3076923076923077	TQIVVTGN:0.23076923076923078	DLVLSRAG:0.23076923076923078	QIVVTGNP:0.23076923076923078	IAALAVPS:0.23076923076923078	NSVPGLAN:0.3076923076923077	YPFATADH:0.3076923076923077	ALAAADLV:0.23076923076923078	DRSRPWTL:0.23076923076923078	AAADLVLS:0.3076923076923077	GGSLGARH:0.6923076923076923	ADLVLSRA:0.23076923076923078	PFATADHQ:0.3076923076923077	AADLVLSR:0.3076923076923077	VAIAAGGT:0.38461538461538464	LVPYPFAT:0.3076923076923077	FDRSRPWT:0.3076923076923077	VAVGFGAY:0.23076923076923078	AARGLAQD:0.23076923076923078	ADHQTTNA:0.46153846153846156	HEQNSVPG:0.3076923076923077	PYPFATAD:0.3076923076923077	AGGTAGHI:0.38461538461538464	IVVTGNPV:0.3076923076923077	VPYPFATA:0.3076923076923077	AEIAALAV:0.3076923076923077	TGFDRSRP:0.3076923076923077	FGGSLGAR:0.5384615384615384	GYVCIPVA:0.23076923076923078	GGYVCIPV:0.46153846153846156	SLGARHIN:0.23076923076923078	GVESRLVP:0.23076923076923078	GSLGARHI:0.23076923076923078	NPALALAD:0.23076923076923078	VLSGGGTA:0.3076923076923077	CIPVARAA:0.23076923076923078	YVCIPVAR:0.23076923076923078	TGPKELDA:0.23076923076923078	VGFGGYVC:0.23076923076923078	VCIPVARA:0.23076923076923078	GFGGYVCI:0.23076923076923078	GPKELDAV:0.23076923076923078	GMANKYLA:0.23076923076923078	FGGYVCIP:0.46153846153846156	TGNPVRRS:0.23076923076923078	IPVARAAE:0.23076923076923078	TGGSLGAR:0.23076923076923078	LAEISARA:0.23076923076923078	PVVVHEQN:0.23076923076923078	IPVVVHEQ:0.23076923076923078	LGARHLNQ:0.23076923076923078	GIPVVVHE:0.23076923076923078	PALLVPFP:0.3076923076923077	LPALLVPF:0.23076923076923078	VVVHEQNS:0.23076923076923078	CIPVGRAA:0.23076923076923078	VCIPVGRA:0.23076923076923078	GYVCIPVG:0.23076923076923078	YVCIPVGR:0.23076923076923078	SSVAEIAA:0.23076923076923078	ASSVAEIA:0.23076923076923078	SVAEIAAL:0.23076923076923078	GASSVAEI:0.23076923076923078	
