cluster number:103
GT28:6	GT28:6
NDWLLNKF:0.3333333333333333	FGGFTNAG:0.3333333333333333	GFGGFTNA:0.3333333333333333	IIACGGTG:0.3333333333333333	GGHLSPGI:0.6666666666666666	DNHQQANA:0.3333333333333333	RMSQENSI:0.3333333333333333	ALVARGHT:0.3333333333333333	MSRFIIAC:0.3333333333333333	LSPGIALA:0.6666666666666666	DWLLNKFR:0.3333333333333333	GTGGHLSP:0.6666666666666666	LPRAEARA:0.3333333333333333	SAADLVLS:0.5	TGGHLSPG:0.6666666666666666	GGTGGHLS:0.6666666666666666	AEALVARG:0.3333333333333333	FTNAGVVL:0.3333333333333333	IACGGTGG:0.5	LVLSRAGA:0.5	ACGGTGGH:0.6666666666666666	GGFTNAGV:0.3333333333333333	GHLSPGIA:0.6666666666666666	SRAGAGTL:0.5	EALVARGH:0.3333333333333333	LLSAADLV:0.5	NAGVVLAG:0.3333333333333333	ADNHQQAN:0.3333333333333333	GIALAEAL:0.5	VRHTGLPV:0.3333333333333333	DLVLSRAG:0.5	LSAADLVL:0.3333333333333333	GIPVALHE:0.3333333333333333	IIGFGGFT:0.3333333333333333	SRFIIACG:0.3333333333333333	SPGIALAE:0.6666666666666666	LSRAGAGT:0.5	HLSPGIAL:0.6666666666666666	TNAGVVLA:0.3333333333333333	RHTGLPVR:0.3333333333333333	ADLVLSRA:0.5	LYLPPGVR:0.3333333333333333	IPVALHEA:0.3333333333333333	AADLVLSR:0.5	YLPPGVRL:0.5	PGIALAEA:0.5	PVALHEAN:0.6666666666666666	PGRAVRLL:0.3333333333333333	LAEALVAR:0.3333333333333333	MVRHTGLP:0.3333333333333333	ALAEALVA:0.3333333333333333	FNDWLLNK:0.3333333333333333	IGFGGFTN:0.3333333333333333	CVTGLGKG:0.6666666666666666	VALHEANR:0.5	VMVRHTGL:0.3333333333333333	GFTNAGVV:0.3333333333333333	VLSRAGAG:0.5	AADNHQQA:0.3333333333333333	FIIACGGT:0.3333333333333333	CGGTGGHL:1.0	IALAEALV:0.3333333333333333	GVMVRHTG:0.3333333333333333	RLYLPPGV:0.3333333333333333	PPGVRLPG:0.3333333333333333	RGIPVALH:0.3333333333333333	RFIIACGG:0.3333333333333333	LPPGVRLP:0.3333333333333333	VYCVTGLG:0.3333333333333333	QVYCVTGL:0.3333333333333333	IRVLSRFA:0.3333333333333333	AGAGTLAE:0.5	VTGLGKGS:0.3333333333333333	RAGAGTLA:0.5	PYPHAADN:0.3333333333333333	YFEQQGGG:0.3333333333333333	LVRCETPA:0.3333333333333333	AELVRCET:0.3333333333333333	VILGGSQG:0.5	LVILGGSQ:0.5	PHAADNHQ:0.5	GAGTLAEL:0.3333333333333333	AIRVLSRF:0.3333333333333333	ALHEANRV:0.3333333333333333	LMSAADLV:0.5	RLVEKYPH:0.3333333333333333	YPHAADNH:0.3333333333333333	LHEANRVP:0.3333333333333333	HEANRVPG:0.3333333333333333	ELVRCETP:0.3333333333333333	FEQQGGGV:0.3333333333333333	EQQGGGVV:0.3333333333333333	YCVTGLGK:0.5	ILGGSQGA:0.3333333333333333	IFSPFCDR:0.3333333333333333	GFGGFTTA:0.5	FSPFCDRM:0.3333333333333333	LGGSQGAT:0.3333333333333333	ADLVVSRA:0.3333333333333333	SNRVPGRA:0.3333333333333333	GGFTTASV:0.3333333333333333	RPMGLPVR:0.3333333333333333	AADLVVSR:0.3333333333333333	MSAADLVV:0.3333333333333333	VGFGGFTT:0.5	ALHESNRV:0.3333333333333333	LHESNRVP:0.3333333333333333	SAADLVVS:0.3333333333333333	GFTTASVI:0.3333333333333333	VLVILGGS:0.3333333333333333	ESNRVPGR:0.3333333333333333	RMDRANSL:0.3333333333333333	FGGFTTAS:0.5	DLVVSRAG:0.3333333333333333	HESNRVPG:0.3333333333333333	RVPVALHE:0.3333333333333333	GIALAEGL:0.5	VVGFGGFT:0.3333333333333333	PGIALAEG:0.5	ISHKKVDA:0.3333333333333333	LLISHKKV:0.3333333333333333	LISHKKVD:0.3333333333333333	HKKVDARL:0.3333333333333333	VPVALHEA:0.3333333333333333	SHKKVDAR:0.3333333333333333	RVYLPPGV:0.3333333333333333	
