cluster number:58
GT28:67	GT28:67
TGGHFFPA:0.6119402985074627	LVIGRAGG:0.44776119402985076	MIRQPDFT:0.417910447761194	AGGTGGHF:0.6268656716417911	VPPLLGAR:0.22388059701492538	IAASDEQT:0.208955223880597	VVVGFGGY:0.208955223880597	AGVAGRGP:0.22388059701492538	ILVPLPIA:0.34328358208955223	IHEGNAVL:0.34328358208955223	IAALAGEG:0.208955223880597	GMPVRPAI:0.2835820895522388	IIHEGNAV:0.208955223880597	PLPIAASD:0.3582089552238806	GHFFPAEA:0.5970149253731343	MPVRPAIA:0.26865671641791045	GFGGYPSV:0.5074626865671642	VIAAGGTG:0.373134328358209	WMIRQPDF:0.417910447761194	AIAALAGE:0.208955223880597	IAAGGTGG:0.5074626865671642	GSLGARIF:0.208955223880597	AGGSSVAE:0.3880597014925373	YPSVPPLL:0.29850746268656714	TGMPVRPA:0.2835820895522388	SVPPLLGA:0.22388059701492538	HLVIGRAG:0.44776119402985076	PIAASDEQ:0.3582089552238806	LVPLPIAA:0.43283582089552236	LIIHEGNA:0.208955223880597	FGGYPSVP:0.5074626865671642	SILVPLPI:0.3283582089552239	GGHFFPAE:0.5970149253731343	GGSLGARI:0.208955223880597	GYPSVPPL:0.29850746268656714	RPSILVPL:0.2835820895522388	PPLLGARL:0.22388059701492538	AHLVIGRA:0.44776119402985076	AAGGTGGH:0.9104477611940298	VIGRAGGS:0.44776119402985076	VRPAIAAL:0.3582089552238806	GTGGHFFP:0.6119402985074627	VVGFGGYP:0.5373134328358209	INLLVWGG:0.26865671641791045	GAGVAGRG:0.22388059701492538	GWMIRQPD:0.29850746268656714	PVRPAIAA:0.373134328358209	TIVIAAGG:0.208955223880597	GRPSILVP:0.29850746268656714	VGFGGYPS:0.5373134328358209	HFFPAEAL:0.5223880597014925	GRAGGSSV:0.3880597014925373	NLLVWGGS:0.29850746268656714	EGNAVLGK:0.2835820895522388	IGRAGGSS:0.44776119402985076	PAIAALAG:0.3283582089552239	AGRPSILV:0.26865671641791045	SAHLVIGR:0.208955223880597	FPAEALAD:0.208955223880597	WGGSLGAR:0.3880597014925373	HEGNAVLG:0.43283582089552236	LLVWGGSL:0.3880597014925373	GNAVLGKA:0.2835820895522388	GGYPSVPP:0.3582089552238806	IVIAAGGT:0.3582089552238806	PSILVPLP:0.34328358208955223	RPAIAALA:0.3283582089552239	VWGGSLGA:0.417910447761194	VPLPIAAS:0.3582089552238806	LPIAASDE:0.3582089552238806	RTIVIAAG:0.208955223880597	GGTGGHFF:0.6119402985074627	RAGGSSVA:0.3880597014925373	PSVPPLLG:0.26865671641791045	AVLGKANA:0.22388059701492538	FFPAEALA:0.5223880597014925	LVWGGSLG:0.417910447761194	NAVLGKAN:0.2835820895522388	LGRANRLL:0.22388059701492538	HEQNAVLG:0.373134328358209	GASTVAEL:0.208955223880597	GRANRLLA:0.22388059701492538	DHQTANAR:0.2835820895522388	DDHQTANA:0.34328358208955223	NAVLGRAN:0.3880597014925373	QNAVLGRA:0.3880597014925373	GGSLGARV:0.31343283582089554	EQNAVLGR:0.3880597014925373	VLGRANRL:0.23880597014925373	TGNPVRPA:0.26865671641791045	LHEQNAVL:0.2835820895522388	AVLGRANR:0.3880597014925373	GSLGARVF:0.208955223880597	GGSSVAEL:0.22388059701492538	AVVGFGGY:0.34328358208955223	GRPAILVP:0.2537313432835821	LAAGGTGG:0.31343283582089554	AAVVGFGG:0.23880597014925373	GGSQGARV:0.208955223880597	PAILVPYP:0.22388059701492538	RPAILVPY:0.22388059701492538	
