cluster number:71
GT28:148	GT28:148
SGTGGHLF:0.75	TGGHLFPA:0.7635135135135135	AASGTGGH:0.9662162162162162	LFPALAVA:0.2905405405405405	ASGTGGHL:0.75	GGHLFPAL:0.3783783783783784	LIAASGTG:0.7702702702702703	GTGGHLFP:0.7635135135135135	LLIAASGT:0.7432432432432432	IAASGTGG:0.7702702702702703	GHLFPALA:0.3581081081081081	FPALAVAE:0.20945945945945946	HLFPALAV:0.2905405405405405	TTGGYIAA:0.39864864864864863	RLLIAASG:0.4797297297297297	TGGYIAAP:0.4391891891891892	APAILAAR:0.23648648648648649	RANLAISR:0.27702702702702703	NALPGKVT:0.3918918918918919	GHLFPAIA:0.38513513513513514	PNRLETQL:0.25675675675675674	ALPGKVTR:0.3918918918918919	GYIAAPAI:0.36486486486486486	PAILIPYP:0.4527027027027027	LFPAIALA:0.2972972972972973	GTPVRSQF:0.23648648648648649	GGYIAAPA:0.4189189189189189	GVPNRLET:0.3108108108108108	GGSQGAVA:0.5	HLFPAIAL:0.3108108108108108	YIAAPAIL:0.28378378378378377	AAPAILAA:0.25	WLGVPNRL:0.34459459459459457	EWLGVPNR:0.2905405405405405	TPAILIPY:0.42567567567567566	RLETQLVP:0.36486486486486486	LGVPNRLE:0.34459459459459457	GGHLFPAI:0.38513513513513514	IEWLGVPN:0.2905405405405405	IAAPAILA:0.25	NRLETQLV:0.25675675675675674	VPNRLETQ:0.25675675675675674	VIAARSLG:0.2905405405405405	RSGAGSLT:0.28378378378378377	AARSLGLP:0.3108108108108108	AGPAVIAA:0.21621621621621623	VCGTPAIL:0.25	GYIAGPAV:0.21621621621621623	GSLTELAV:0.22297297297297297	IRLLIAAS:0.21621621621621623	AILIPYPF:0.31756756756756754	CGTPAILI:0.25	IAARSLGL:0.27702702702702703	LPGKVTRF:0.3108108108108108	KVTRFFGP:0.27702702702702703	AVIAARSL:0.25675675675675674	AGSLTELA:0.2635135135135135	PYPFAAED:0.46621621621621623	SRSGAGSL:0.27702702702702703	TRFFGPWC:0.27702702702702703	VFGGSQGA:0.2972972972972973	AISRSGAG:0.3783783783783784	GPAVIAAR:0.22972972972972974	ESNALPGK:0.34459459459459457	GKVTRFFG:0.2905405405405405	VTRFFGPW:0.27702702702702703	SQGAVAVN:0.2972972972972973	GVFTTGGY:0.34459459459459457	LTELAVCG:0.20270270270270271	GGYIAGPA:0.2635135135135135	PAVIAARS:0.2635135135135135	IPYPFAAE:0.4797297297297297	IVVFGGSQ:0.25675675675675674	GAGSLTEL:0.28378378378378377	GTPAILIP:0.27702702702702703	TTGGYIAG:0.33783783783783783	ARSLGLPV:0.27702702702702703	IAGPAVIA:0.21621621621621623	FGGSQGAV:0.2972972972972973	VFTTGGYI:0.6891891891891891	LIPYPFAA:0.4797297297297297	SGAGSLTE:0.28378378378378377	PFAAEDHQ:0.4797297297297297	AVCGTPAI:0.22972972972972974	PGKVTRFF:0.3310810810810811	LAVCGTPA:0.23648648648648649	TIAVEGFQ:0.20945945945945946	HESNALPG:0.34459459459459457	TGGYIAGP:0.33783783783783783	ILIPYPFA:0.44594594594594594	FQGVFTTG:0.25675675675675674	ELAVCGTP:0.2702702702702703	YIAGPAVI:0.21621621621621623	SNALPGKV:0.34459459459459457	FTTGGYIA:0.6554054054054054	LAISRSGA:0.3716216216216216	VVFGGSQG:0.2635135135135135	GSQGAVAV:0.2972972972972973	YPFAAEDH:0.46621621621621623	ISRSGAGS:0.2905405405405405	QGVFTTGG:0.25675675675675674	SLTELAVC:0.21621621621621623	PVILHESN:0.22972972972972974	ANLAISRS:0.21621621621621623	TPVRSQFL:0.2635135135135135	VGTPVRSQ:0.20945945945945946	NLAISRSG:0.22297297297297297	GVPDRLET:0.20270270270270271	LGVPDRLE:0.30405405405405406	WLGVPDRL:0.30405405405405406	KLLIAASG:0.20270270270270271	VMGGSQGA:0.22972972972972974	
