cluster number:54
GT28:22	GT28:22
GMIIRPDF:0.22727272727272727	AGGGHRAS:0.45454545454545453	PDLVVSLI:0.3181818181818182	VVSLIPNF:0.36363636363636365	GGGHRASA:0.45454545454545453	DLVVSLIP:0.3181818181818182	RAVFEVPQ:0.22727272727272727	VMFGGHGS:0.3181818181818182	SLIPNFNR:0.36363636363636365	IDLIYFNA:0.22727272727272727	MFGGHGSR:0.22727272727272727	TEPDLVVS:0.2727272727272727	KNIDLIYF:0.22727272727272727	FIGKPGPG:0.7272727272727273	YFNAGGGH:0.7272727272727273	KPGPGSLS:0.36363636363636365	NAGGGHRA:0.5909090909090909	WTMPQERY:0.5	GKPGPGSL:0.36363636363636365	LPGVPYVT:0.5	VSLIPNFN:0.36363636363636365	AVFEVPQI:0.22727272727272727	EPDLVVSL:0.3181818181818182	ATSGMIIR:0.2727272727272727	NAWTMPQE:0.5454545454545454	RNAWTMPQ:0.2727272727272727	VFEVPQIL:0.22727272727272727	HATSGMII:0.2727272727272727	WQVRLVNL:0.22727272727272727	MIIRPDFY:0.22727272727272727	NIDLIYFN:0.22727272727272727	FNAGGGHR:0.7727272727272727	TSGMIIRP:0.2727272727272727	SGMIIRPD:0.22727272727272727	LVVSLIPN:0.3181818181818182	DLIYFNAG:0.36363636363636365	FFIGKPGP:0.5909090909090909	GHRASALA:0.2727272727272727	IGKPGPGS:0.7272727272727273	TMPQERYN:0.4090909090909091	TRNAWTMP:0.2727272727272727	LIYFNAGG:0.5909090909090909	GLVLPSFR:0.2727272727272727	DFFIGKPG:0.7272727272727273	NRAVFEVP:0.22727272727272727	IYFNAGGG:0.5909090909090909	VTRNAWTM:0.2727272727272727	AWTMPQER:0.5454545454545454	HRASALAL:0.2727272727272727	GPGSLSEA:0.36363636363636365	PGPGSLSE:0.36363636363636365	GGHRASAL:0.2727272727272727	YNKRLARG:0.36363636363636365	MVVSLVPN:0.2727272727272727	AERARLGL:0.22727272727272727	SLVPNFNR:0.36363636363636365	SLSEAVHM:0.2727272727272727	ADFFIGKP:0.5454545454545454	ARGWTLGL:0.22727272727272727	VVSLVPNF:0.45454545454545453	VPNFNRAM:0.2727272727272727	ERARLGLD:0.22727272727272727	VSLVPNFN:0.4090909090909091	NKRLARGW:0.36363636363636365	SEAVHMGL:0.2727272727272727	RLARGWTL:0.2727272727272727	MQLADFFI:0.22727272727272727	LSEAVHMG:0.2727272727272727	QLADFFIG:0.22727272727272727	LARGWTLG:0.2727272727272727	PGVPYVTV:0.2727272727272727	EAVHMGLP:0.2727272727272727	KRLARGWT:0.36363636363636365	LADFFIGK:0.45454545454545453	NLFEVLDP:0.2727272727272727	LVPNFNRA:0.36363636363636365	GSLSEAVH:0.22727272727272727	MPQERYNA:0.22727272727272727	IPNFNRAL:0.22727272727272727	RLVNLFEV:0.2727272727272727	VRLVNLFE:0.2727272727272727	LIPNFNRA:0.22727272727272727	VLFGGHGS:0.22727272727272727	GPGSISEA:0.2727272727272727	KPGPGSIS:0.2727272727272727	GKPGPGSI:0.2727272727272727	PGPGSISE:0.2727272727272727	VNLFEVLD:0.22727272727272727	LVNLFEVL:0.22727272727272727	GGGHRAAA:0.22727272727272727	
