cluster number:107
GT28:32	GT28:32
TGNPIRPE:0.21875	TGGHTYPA:0.875	TGGGTGGH:0.875	GGTGGHTY:0.875	IVTGGGTG:0.4375	GTGGHTYP:0.875	RSGAGTVA:0.25	AELTALGK:0.6875	TVAELTAL:0.25	GTVAELTA:0.25	LGLANRIL:0.34375	VAELTALG:0.25	GLANRILA:0.34375	SGAGTVAE:0.25	GGHTYPAL:0.84375	LANRILAR:0.28125	HTYPALTT:0.34375	GHTYPALT:0.84375	VTGGGTGG:0.78125	ELTALGKA:0.28125	ARSGAGTV:0.21875	YVTGGAQG:0.71875	AGTVAELT:0.25	GGGTGGHT:0.90625	VTGGAQGA:0.375	GAGTVAEL:0.25	VYVTGGAQ:0.53125	RPLVMHEQ:0.25	VVTGNPVR:0.65625	VLSTGGYV:0.21875	AVVTGNPV:0.65625	RAVVTGNP:0.40625	VTGNPVRP:0.625	VVLSTGGY:0.21875	TGNPVRPE:0.4375	GRPDAADR:0.3125	GNPVRPEV:0.34375	NPVRPEVL:0.34375	VVTGGGTG:0.21875	VSRSGAGT:0.4375	SRSGAGTL:0.5	ELPDVLAL:0.53125	RSGAGTLA:0.5	VVSRSGAG:0.4375	GAGTLAEL:0.5	DVVVSRSG:0.3125	VVVSRSGA:0.34375	PELPDVLA:0.4375	AGTLAELT:0.5	SGAGTLAE:0.5	VTGNPIRP:0.21875	GPELPDVL:0.4375	RVPLGVAQ:0.25	HTYPALTA:0.5	QTVRLGLA:0.5	VATGKIRR:0.4375	DMARVPLG:0.25	LHEQTVRL:0.34375	PLVLHEQT:0.34375	LGLANRKL:0.3125	GTLAELTA:0.46875	LVLHEQTV:0.34375	RLPTVYVT:0.21875	TGFVGPEL:0.21875	EQTVRLGL:0.5625	ALGKPAVF:0.3125	DRRLPTVY:0.21875	LPDVLALA:0.46875	PTVYVTGG:0.40625	RLGLANRK:0.3125	KPAVFVPL:0.21875	AGNEQAHN:0.4375	VGPELPDV:0.40625	GLEARVAP:0.25	TYPALTAV:0.25	ELTALGKP:0.375	DAADRLVD:0.21875	DVLALADV:0.375	DVVLATGG:0.4375	MARVPLGV:0.25	TLAELTAL:0.40625	RVAPAEGI:0.25	TGGYVAVP:0.59375	PLGVAQAR:0.25	TVATGKIR:0.28125	GNEQAHNA:0.4375	AADRLVDV:0.21875	VPLGVAQA:0.25	GFVGPELP:0.21875	GKPAVFVP:0.21875	TVYVTGGA:0.40625	VLHEQTVR:0.34375	YPALTAVR:0.21875	EARVAPAE:0.25	PDVLALAD:0.4375	HEQTVRLG:0.5625	FDRRLPTV:0.21875	VRLGLANR:0.4375	LPTVYVTG:0.40625	RRLPTVYV:0.21875	ARVAPAEG:0.25	ATGGYVAV:0.46875	VVLATGGY:0.46875	VLALADVV:0.375	RIAVSSES:0.3125	LGKPAVFV:0.21875	FVGPELPD:0.40625	PAVFVPLA:0.21875	RPDAADRL:0.28125	ARVPLGVA:0.21875	PDAADRLV:0.28125	LDVLWIGT:0.375	PDVVLATG:0.4375	GAAVALLG:0.25	LATGGYVA:0.46875	GLANRKLA:0.3125	ATGKIRRS:0.25	LEARVAPA:0.25	LAELTALG:0.40625	TVRLGLAN:0.5	LTALGKPA:0.34375	SAGNEQAH:0.21875	VLATGGYV:0.5	TALGKPAV:0.3125	DAGAAVAL:0.21875	LALADVVV:0.28125	ALADVVVS:0.28125	ALDVLWIG:0.21875	PVRPEVLT:0.25	AAVVTGNP:0.21875	LASSAGNE:0.21875	AGSAARIA:0.21875	EQAHNARH:0.25	ADVVVSRS:0.28125	AVFVPLAS:0.21875	NEQAHNAR:0.28125	PLASSAGN:0.21875	LADVVVSR:0.28125	LAGSAARI:0.21875	VRPEVLTG:0.25	QAHNARHL:0.25	HGRPDAAD:0.28125	ASSAGNEQ:0.21875	VISRSGAG:0.25	VTGGAQGS:0.40625	ISRSGAGT:0.25	ANVVHQCG:0.34375	AVSSESTL:0.28125	DVLWIGTA:0.25	NVVHQCGP:0.28125	WLLERANV:0.21875	NRKLAGSA:0.28125	PWLLERAN:0.25	LANRKLAG:0.28125	ANRKLAGS:0.28125	LERANVVH:0.21875	RAHGRPDA:0.25	LPWLLERA:0.25	IAVSSEST:0.21875	LLERANVV:0.21875	AHGRPDAA:0.28125	RANVVHQC:0.25	RLIVTGGG:0.21875	ARAHGRPD:0.25	RPDVVLAT:0.25	FRPDVVLA:0.21875	ERANVVHQ:0.21875	LIVTGGGT:0.21875	AAGNEQAH:0.21875	TYPALTAI:0.21875	
