cluster number:110
GT28:434	GT28:434
SKGGFVSV:0.5783410138248848	KGGFVSVP:0.5783410138248848	FSKGGFVS:0.5898617511520737	GGFVSVPV:0.6612903225806451	SRAGSNAI:0.29723502304147464	SDLTPGLA:0.2857142857142857	ISSGKLRR:0.5023041474654378	FVSVPVVI:0.2903225806451613	PGLANKIA:0.391705069124424	TPGLANKI:0.5299539170506913	LTPGLANK:0.26497695852534564	DLTPGLAN:0.2857142857142857	GFVSVPVV:0.4976958525345622	VISRAGSN:0.22811059907834103	HESDLTPG:0.2857142857142857	GLANKIAL:0.2995391705069124	ESDLTPGL:0.2857142857142857	ISRAGSNA:0.21889400921658986	IHESDLTP:0.22350230414746544	MGGSLGSK:0.2695852534562212	SSGKLRRY:0.5368663594470046	SGKLRRYF:0.4377880184331797	TGGGTAGH:0.4861751152073733	IFSKGGFV:0.3387096774193548	LTGGGTAG:0.20046082949308755	GGGTAGHV:0.4792626728110599	SRGDQILN:0.5299539170506913	RGDQILNA:0.5184331797235023	STGKLRRY:0.21428571428571427	KPMLLIPL:0.28110599078341014	TGGGSAGH:0.25806451612903225	GKLRRYFD:0.42626728110599077	ESDMTPGL:0.21428571428571427	GGGSAGHV:0.2557603686635945	SDMTPGLA:0.21428571428571427	DMTPGLAN:0.21658986175115208	VFSKGGFV:0.391705069124424	GGSAGHVT:0.2304147465437788	GHVTPNLA:0.2903225806451613	AGHVTPNL:0.29493087557603687	HESDMTPG:0.21428571428571427	ASRGDQIL:0.31797235023041476	GGTAGHVT:0.2350230414746544	TAGHVTPN:0.2304147465437788	GTAGHVTP:0.23271889400921658	VLLVMGGS:0.20046082949308755	PMLLIPLS:0.20967741935483872	VIFSKGGF:0.22350230414746544	
