cluster number:60
GT28:53	GT28:53
VLVPLPIG:0.2641509433962264	GNGEQALN:0.6037735849056604	PLPIGNGE:0.6792452830188679	LPIGNGEQ:0.6792452830188679	SGAGTVCE:0.24528301886792453	AGHVSPLL:0.2641509433962264	GHVSPLLA:0.2641509433962264	GGGSAGHV:0.20754716981132076	LHITGRGK:0.24528301886792453	VPLPIGNG:0.6792452830188679	LAGGGSAG:0.22641509433962265	RSGAGTVC:0.24528301886792453	GSAGHVSP:0.24528301886792453	AGGGSAGH:0.22641509433962265	LVPLPIGN:0.2830188679245283	PIGNGEQA:0.5283018867924528	GGYVCPPA:0.3018867924528302	GYVCPPAY:0.22641509433962265	IGNGEQAL:0.49056603773584906	NARPGLAN:0.20754716981132076	VTGGSLGA:0.37735849056603776	FVPLPIGN:0.3584905660377358	VVVGVGGY:0.2641509433962264	VGVGGYVC:0.6037735849056604	VSEVAAVG:0.2830188679245283	ADVVVGVG:0.22641509433962265	EVAAVGVP:0.2830188679245283	IVTGGSLG:0.20754716981132076	GGGTAGHI:0.5283018867924528	AGGGTAGH:0.6037735849056604	NGEQALNA:0.49056603773584906	VVGVGGYV:0.33962264150943394	VAAVGVPA:0.2641509433962264	YAAADLLL:0.20754716981132076	GEQALNAR:0.22641509433962265	TVSEVAAV:0.2830188679245283	VYAAADLL:0.2641509433962264	DVVVGVGG:0.24528301886792453	GVGGYVCT:0.5471698113207547	GGTAGHIS:0.41509433962264153	CRSGAGTV:0.22641509433962265	GTAGHISP:0.41509433962264153	VGGYVCTP:0.5471698113207547	VTGGSSGA:0.5660377358490566	VLAGGGTA:0.4339622641509434	AAVGVPAV:0.22641509433962265	TIDRVPFP:0.20754716981132076	GGSSGAQS:0.22641509433962265	VCEVAAVG:0.22641509433962265	LVGVGGYV:0.32075471698113206	GYRQVEYV:0.22641509433962265	LAGGGTAG:0.4528301886792453	METRLVPA:0.2830188679245283	IVTGGSSG:0.3018867924528302	AGIQTLHI:0.32075471698113206	ARSGAATV:0.22641509433962265	ISPLLAIA:0.3018867924528302	IQTLHITG:0.33962264150943394	TLIVTGGS:0.22641509433962265	YRQVEYVD:0.22641509433962265	HISPLLAI:0.3018867924528302	RPGLANRV:0.24528301886792453	GEQALNAA:0.22641509433962265	ETRLVPAA:0.33962264150943394	AGHISPLL:0.3018867924528302	GHISPLLA:0.3018867924528302	IVIHEANT:0.20754716981132076	TGGSSGAQ:0.3018867924528302	QVEYVDGM:0.20754716981132076	AVFVPLPI:0.22641509433962265	GIQTLHIT:0.33962264150943394	ATIDRVPF:0.20754716981132076	VLVGVGGY:0.32075471698113206	PIVIHEAN:0.3584905660377358	GSSGAQSI:0.20754716981132076	ADVLVGVG:0.32075471698113206	PTLIVTGG:0.22641509433962265	LIVTGGSS:0.2830188679245283	TVCEVAAV:0.22641509433962265	TRLVPAAG:0.33962264150943394	QTLHITGR:0.20754716981132076	DVLVGVGG:0.32075471698113206	PAVFVPLP:0.3584905660377358	SSGAQSIN:0.20754716981132076	IPIVIHEA:0.24528301886792453	IDRVPFPR:0.22641509433962265	GMETRLVP:0.33962264150943394	PGLANRVG:0.24528301886792453	LATIDRVP:0.24528301886792453	ELATIDRV:0.22641509433962265	VFVPLPIG:0.22641509433962265	AAGIQTLH:0.20754716981132076	TAGHISPL:0.2830188679245283	CTPMYLAA:0.2830188679245283	EVAAVGLP:0.22641509433962265	GGYVCTPM:0.2830188679245283	VCTPMYLA:0.2830188679245283	LSVVLAGG:0.24528301886792453	YVCTPMYL:0.2830188679245283	GYVCTPMY:0.2830188679245283	SVVLAGGG:0.32075471698113206	AAVGLPAV:0.20754716981132076	VAAVGLPA:0.22641509433962265	HEANARPG:0.20754716981132076	VVLAGGGT:0.2830188679245283	GLANRVGA:0.32075471698113206	LANRVGAR:0.20754716981132076	
