cluster number:47
GT28:19	GT28:19
ADYIISPT:0.3157894736842105	SGGEGVGN:0.631578947368421	NILIISSN:0.2631578947368421	MSGGEGVG:0.631578947368421	IPFITLIA:0.3684210526315789	FPVRSRFY:0.21052631578947367	PFITLIAD:0.3684210526315789	RADYIISP:0.3157894736842105	FITLIADL:0.3684210526315789	LWADKRAD:0.21052631578947367	KCLIMSGG:0.3684210526315789	PDLILSVH:0.631578947368421	KVLGFPVR:0.3157894736842105	EGVGNMKK:0.21052631578947367	VHPNFNGS:0.5263157894736842	HVVDGFSL:0.3157894736842105	TGALPGQE:0.5789473684210527	IMSGGEGV:0.47368421052631576	NFNGSVLN:0.21052631578947367	AFTRGSPN:0.7368421052631579	GNMKKIAE:0.21052631578947367	GGEGVGNM:0.5263157894736842	IKVLGFPV:0.3157894736842105	LSVHPNFN:0.5263157894736842	SDIAFTRG:0.6842105263157895	HPNFNGSV:0.42105263157894735	VDGFSLGG:0.3684210526315789	GVGNMKKI:0.21052631578947367	ITLIADLV:0.3157894736842105	KPDLILSV:0.42105263157894735	IHVVDGFS:0.3157894736842105	CLIMSGGE:0.6842105263157895	KIPFITLI:0.2631578947368421	IITGALPG:0.3684210526315789	GSVLNILE:0.21052631578947367	NGSVLNIL:0.21052631578947367	PLWADKRA:0.21052631578947367	GALPGQEE:0.47368421052631576	GHGHKSIT:0.5789473684210527	GEGVGNMK:0.21052631578947367	DIAFTRGS:0.6842105263157895	VVDGFSLG:0.3157894736842105	TRGSPNVM:0.6842105263157895	SVHPNFNG:0.5263157894736842	LIMSGGEG:0.6842105263157895	IAFTRGSP:0.6842105263157895	ILSVHPNF:0.5263157894736842	VGNMKKIA:0.21052631578947367	IKIPFITL:0.2631578947368421	ITGALPGQ:0.5263157894736842	FNGSVLNI:0.21052631578947367	LKCLIMSG:0.3684210526315789	TGHGHKSI:0.7368421052631579	LILSVHPN:0.47368421052631576	DLILSVHP:0.631578947368421	PLKCLIMS:0.3684210526315789	PNFNGSVL:0.21052631578947367	HGHKSITE:0.5263157894736842	FTRGSPNV:0.7894736842105263	KIKVLGFP:0.2631578947368421	LLKIGKSY:0.21052631578947367	DLVSIYPL:0.2631578947368421	IADLVSIY:0.2631578947368421	NKIKIPFI:0.21052631578947367	SPNVMMEA:0.3684210526315789	LVSIYPLW:0.2631578947368421	VSIYPLWA:0.2631578947368421	HPNFNGSI:0.21052631578947367	GSPNVMME:0.5789473684210527	VLGFPVRS:0.3157894736842105	ILIISSNY:0.21052631578947367	ADLVSIYP:0.2631578947368421	KNILIISS:0.2631578947368421	LIISSNYT:0.21052631578947367	LKIGKSYG:0.21052631578947367	KIKIPFIT:0.21052631578947367	IISSNYTG:0.21052631578947367	RGSPNVMM:0.5789473684210527	LIADLVSI:0.3157894736842105	TLIADLVS:0.3157894736842105	PLWADPRA:0.2631578947368421	ACNVPLII:0.3157894736842105	CNVPLIIT:0.3157894736842105	YGPITRKS:0.2631578947368421	ADLVSISP:0.21052631578947367	PLIITGAL:0.21052631578947367	SSDIAFTR:0.3684210526315789	WADPRADY:0.21052631578947367	LIITGALP:0.21052631578947367	ADPRADYI:0.21052631578947367	PNFNGSVI:0.21052631578947367	GFPVRSRF:0.5263157894736842	NLGVVCKD:0.21052631578947367	LGFPVRSR:0.3157894736842105	NFNGSVIN:0.21052631578947367	DPRADYII:0.21052631578947367	LWADPRAD:0.21052631578947367	IGKSYGPI:0.2631578947368421	GEGVGNMR:0.2631578947368421	IYGFMENI:0.21052631578947367	HKSITESL:0.47368421052631576	GHKSITES:0.47368421052631576	KSYGPITR:0.2631578947368421	YGFMENIQ:0.21052631578947367	IKPDLILS:0.21052631578947367	GKSYGPIT:0.2631578947368421	RPLECLIM:0.3157894736842105	LECLIMSG:0.3157894736842105	SSDYTGHG:0.21052631578947367	DRPLECLI:0.2631578947368421	YTGHGHKS:0.3684210526315789	MSGGEGSG:0.2631578947368421	IMSGGEGS:0.2631578947368421	NVPLIITG:0.21052631578947367	SDYTGHGH:0.21052631578947367	DYTGHGHK:0.21052631578947367	PLECLIMS:0.3157894736842105	ISSDYTGH:0.21052631578947367	VACNVPLI:0.2631578947368421	ECLIMSGG:0.3157894736842105	IISSDYTG:0.21052631578947367	ALPGQEEG:0.21052631578947367	SITESLCE:0.2631578947368421	KSITESLC:0.2631578947368421	PGQEEGNP:0.3684210526315789	NIHVVDGF:0.21052631578947367	LPGQEEGN:0.3684210526315789	RVEIYGFT:0.21052631578947367	ILLKNFNC:0.21052631578947367	PNVMMEAV:0.21052631578947367	QDLMLSSD:0.21052631578947367	
