cluster number:2
GT28:590	GT28:590
GGGTGGHI:0.8813559322033898	ILIPSPYV:0.2745762711864407	IYPALALI:0.23898305084745763	SGGGTGGH:0.6559322033898305	TGGYVSGA:0.25254237288135595	GTGGYVSG:0.3135593220338983	GTGGHIYP:0.8796610169491526	LIPSPYVT:0.4271186440677966	IPSPYVTA:0.21864406779661016	GGTGGHIY:0.8796610169491526	TGGHIYPA:0.7915254237288135	GGHIYPAL:0.6745762711864407	HIYPALAL:0.2966101694915254	GHIYPALA:0.6186440677966102	VSGGGTGG:0.26610169491525426	TGGGTGGH:0.23728813559322035	GGYVCGPV:0.4152542372881356	TGGYVCGP:0.4322033898305085	GYVCGPVV:0.37966101694915255	YVCGPVVY:0.35084745762711866	VVGTGGYV:0.24067796610169492	GTGGYVCG:0.4559322033898305	TGNPRASE:0.24915254237288137	PVVYAAAK:0.21694915254237288	GNPRASEV:0.2559322033898305	TNKFLSRY:0.2305084745762712	IPSPYVTN:0.2271186440677966	GPVVYAAA:0.22542372881355932	VLIFGGSR:0.2542372881355932	CGPVVYAA:0.3440677966101695	LIFGGSRG:0.30847457627118646	NVKTVMRF:0.211864406779661	VIGTGGYV:0.5305084745762711	VKTVMRFL:0.2016949152542373	IFGGSRGA:0.37457627118644066	IGTGGYVC:0.4186440677966102	VCGPVVYA:0.3474576271186441	LIPSPNVT:0.2016949152542373	TVLIFGGS:0.21864406779661016	ISGGGTGG:0.21694915254237288	VFTGNPRA:0.211864406779661	PSILIPSP:0.2305084745762712	VVIGTGGY:0.23559322033898306	PDVVIGTG:0.23220338983050848	DVVIGTGG:0.23728813559322035	ITALGIPS:0.21016949152542372	EITALGIP:0.26440677966101694	AEITALGI:0.2627118644067797	
