cluster number:73
GT28:11	GT28:11
TGGHFFPA:0.9090909090909091	YASLPLGL:0.36363636363636365	GHFFPALA:0.45454545454545453	LLVMGGSQ:0.2727272727272727	LVMGGSQG:0.45454545454545453	QFYNAKEI:0.2727272727272727	GGHFFPAL:0.6363636363636364	HQFYNAKE:0.2727272727272727	VMGGSQGA:0.36363636363636365	VVFGGYAS:0.36363636363636365	LHEQNSVP:0.2727272727272727	DHQFYNAK:0.2727272727272727	HFFPALAL:0.36363636363636365	HEQNSVPS:0.36363636363636365	GYASLPLG:0.5454545454545454	GTGGHFFP:0.9090909090909091	AGGGTGGH:0.45454545454545453	GGYASLPL:0.5454545454545454	FGGYASLP:0.7272727272727273	VAGGGTGG:0.2727272727272727	VFGGYASL:0.45454545454545453	FYNAKEIE:0.2727272727272727	GGTGGHFF:0.9090909090909091	GGGTGGHF:1.0	GVVFGGYA:0.2727272727272727	SGGGTGGH:0.5454545454545454	PLFLHEQN:0.36363636363636365	VSGGGTGG:0.36363636363636365	HEQNSIPS:0.2727272727272727	LFLHEQNS:0.36363636363636365	
