cluster number:20
GT28:12	GT28:12
GLVLFGGN:0.25	NVAAVNNR:0.3333333333333333	FICGRNEE:0.6666666666666666	ENFARYRA:0.3333333333333333	AVNNRAVF:0.3333333333333333	STANALQK:0.4166666666666667	AGHRSTAN:0.3333333333333333	VLFGGNGS:0.25	TDHADCPP:0.3333333333333333	LIFICGRN:0.6666666666666666	GAGHRSTA:0.3333333333333333	KLPVIVER:0.3333333333333333	ANVAAVNN:0.3333333333333333	LVLFGGNG:0.25	QKLQLIFI:0.3333333333333333	SEALVMKL:0.25	PENFARYR:0.25	DCPPHFWI:0.25	IFICGRNE:0.6666666666666666	TGLVLFGG:0.3333333333333333	ALVMKLPV:0.25	YRANVAAV:0.3333333333333333	KKVYLMIY:0.25	HRSTANAL:0.3333333333333333	FIGKPGPG:0.4166666666666667	VMKLPVIV:0.25	HPRFYEPI:0.25	LQLIFICG:0.75	RYRANVAA:0.4166666666666667	LVMKLPVI:0.25	QKRFVTTF:0.25	AAVNNRAV:0.3333333333333333	QLIFICGR:0.6666666666666666	ARYRANVA:0.3333333333333333	VAAVNNRA:0.3333333333333333	KVYLMIYD:0.25	VNNRAVFE:0.3333333333333333	TANALQKV:0.3333333333333333	GHRSTANA:0.3333333333333333	NFARYRAN:0.25	MKLPVIVE:0.4166666666666667	RSTANALQ:0.3333333333333333	MKKVYLMI:0.25	NALQKVIE:0.3333333333333333	NNRAVFEI:0.3333333333333333	RANVAAVN:0.3333333333333333	CGRNEELA:0.5	KRFVTTFT:0.25	EALVMKLP:0.25	KLQLIFIC:0.4166666666666667	FFIGKPGP:0.4166666666666667	CPPHFWIE:0.25	ANALQKVI:0.3333333333333333	ICGRNEEL:0.5	IGKPGPGS:0.5833333333333334	ADCPPHFW:0.25	FARYRANV:0.25	DFFIGKPG:0.4166666666666667	DFFIGKSG:0.25	SEIPYYMH:0.3333333333333333	ERQRLGLD:0.4166666666666667	FTSEIPYY:0.3333333333333333	ANAAAINN:0.25	MLEIADSL:0.25	HQPDMVVS:0.25	LIQPETLA:0.25	IGKSGSVG:0.25	ITFGSQGS:0.25	PYYMHLSD:0.75	VAKLIQPE:0.25	GVSEAVAM:0.25	IADSLEKS:0.25	SDFFIGKS:0.25	VGVSEAVA:0.25	EIADSLEK:0.25	YRANAAAI:0.25	AVAKLIQP:0.25	ERPSAEWI:0.25	RQRLGLDP:0.4166666666666667	QFLICPTQ:0.25	WQQHQPDM:0.25	RPSAEWIA:0.25	LNLQLIFI:0.25	YYMHLSDF:0.75	LEIADSLE:0.25	VFEVVDIL:0.25	FQERPSAE:0.25	FFIGKSGS:0.25	PSFKLQIR:0.25	QQHQPDMV:0.25	LITFGSQG:0.25	LPVITDCN:0.25	TQKAVEQA:0.25	TFTSEIPY:0.25	AKLIQPET:0.25	RANAAAIN:0.25	VPSFKLQI:0.25	QERPSAEW:0.25	QRLGLDPD:0.4166666666666667	SGSVGVSE:0.25	EIPYYMHL:0.3333333333333333	LVPSFKLQ:0.25	QAVAKLIQ:0.25	HLSDFFIG:0.5	SVGVSEAV:0.25	PVITDCNA:0.25	GKSGSVGV:0.25	YMHLSDFF:0.5	KLIQPETL:0.25	NLQLIFIC:0.25	LSDFFIGK:0.5833333333333334	MHLSDFFI:0.5	NQAVAKLI:0.25	SFKLQIRL:0.25	TSEIPYYM:0.4166666666666667	GSVGVSEA:0.25	VITDCNAL:0.25	FIGKSGSV:0.25	QHQPDMVV:0.25	KSGSVGVS:0.25	ITDCNALS:0.25	IPYYMHLS:0.5833333333333334	INQAVAKL:0.25	YWQQHQPD:0.25	ETFTSEIP:0.25	WREQQPDL:0.25	PDCLTGLV:0.3333333333333333	PRFYEPIV:0.25	NPRFYEPI:0.25	REQQPDLV:0.25	DCLTGLVL:0.25	GLDPDCLT:0.25	PDLVVSVV:0.25	RLGLDPDC:0.25	VKPGTPLV:0.25	CLTGLVLF:0.25	GPGSISEA:0.3333333333333333	DPDCLTGL:0.25	DIPYYMHL:0.25	QPDLVVSV:0.25	KPGPGSIS:0.3333333333333333	IVKTSGMV:0.25	GSKAMLEI:0.3333333333333333	LEIAKRLE:0.25	KDIPYYMH:0.25	NRAVFEIP:0.25	GKPGPGSI:0.3333333333333333	PGPGSISE:0.3333333333333333	DLVVSVVP:0.25	LDPDCLTG:0.25	FTKDIPYY:0.25	SISEALVM:0.25	VKTSGMVI:0.25	INPRFYEP:0.25	QQPDLVVS:0.25	LTGLVLFG:0.25	KPGTPLVT:0.25	EQQPDLVV:0.25	TKDIPYYM:0.25	NKLLIKLN:0.25	MLEIAKRL:0.25	SKAMLEIA:0.3333333333333333	LVVSVVPL:0.25	LGLDPDCL:0.25	VIHPRFSE:0.25	IHPRFSEP:0.25	SDFFIGKP:0.3333333333333333	GSKVMLEI:0.25	SKVMLEIA:0.25	
