cluster number:94
GT28:485	GT28:485
PLPHGNGE:0.3917525773195876	RMDLAYAA:0.5319587628865979	VPLPHGNG:0.3752577319587629	AEVSAVGL:0.2948453608247423	VSAVGLPA:0.2845360824742268	VVVGFGGY:0.2618556701030928	GGGTAGHI:0.5896907216494846	PIVVHEAN:0.24329896907216494	AGHIEPAL:0.5092783505154639	HEANARAG:0.23711340206185566	LAYAAADL:0.2721649484536082	EVSAVGLP:0.2927835051546392	GGTAGHIE:0.5876288659793815	GHIEPALA:0.49690721649484537	LDRMDLAY:0.24742268041237114	GTAGHIEP:0.5876288659793815	ADVVVGFG:0.2268041237113402	DLAYAAAD:0.5381443298969072	DVVVGFGG:0.24948453608247423	TAGHIEPA:0.5855670103092784	YLDRMDLA:0.24742268041237114	TVAEVSAV:0.2948453608247423	LPHGNGEQ:0.3917525773195876	HIEPALAV:0.24329896907216494	VAEVSAVG:0.2948453608247423	DRMDLAYA:0.4144329896907217	MDLAYAAA:0.534020618556701	ALGTERGL:0.311340206185567	VVVAGGGT:0.21443298969072164	PLPIGNGE:0.43711340206185567	LPIGNGEQ:0.43711340206185567	LGTERGLE:0.32989690721649484	SGAMTVAE:0.44329896907216493	AGGGTAGH:0.8288659793814434	RSGAMTVA:0.44329896907216493	VVAGGGTA:0.24329896907216494	VPLPIGNG:0.4247422680412371	YVPLPIGN:0.35876288659793815	EPAMAVAD:0.20412371134020618	VAGGGTAG:0.2907216494845361	CRSGAMTV:0.422680412371134	TALGTERG:0.2597938144329897	PAMAVADA:0.20412371134020618	ITALGTER:0.2288659793814433	VLAGGGTA:0.4577319587628866	GGYVALPA:0.30515463917525776	PIGNGEQR:0.38762886597938145	FGGYVALP:0.4824742268041237	LAGGGTAG:0.49896907216494846	RGLETRLV:0.37731958762886597	AMTVAEVS:0.31958762886597936	GLETRLVP:0.4041237113402062	YVALPAYL:0.30103092783505153	LLVFGGSQ:0.354639175257732	VLLVFGGS:0.27010309278350514	VFGGSQGA:0.36082474226804123	VLHAHGPK:0.24536082474226803	LHAHGPKN:0.24536082474226803	MTVAEVSA:0.3216494845360825	ALPAYLAA:0.30103092783505153	GAMTVAEV:0.41649484536082476	VVLAGGGT:0.43711340206185567	IGNGEQRL:0.3835051546391753	GYVALPAY:0.30515463917525776	GTERGLET:0.32989690721649484	GFGGYVAL:0.4824742268041237	NGEQRLNA:0.4309278350515464	ERGLETRL:0.2556701030927835	VALPAYLA:0.30103092783505153	TERGLETR:0.2597938144329897	LPAYLAAR:0.2865979381443299	GNGEQRLN:0.4309278350515464	LVFGGSQG:0.36907216494845363	GEQRLNAL:0.2	EQRLNALP:0.2	PAIYVPLP:0.2804123711340206	VIGFGGYV:0.20412371134020618	YVPLPHGN:0.334020618556701	PYVAVPYL:0.2	GGGLLVDD:0.22474226804123712	TLLVSGGS:0.21237113402061855	LLVSGGSQ:0.21443298969072164	PALALADA:0.24742268041237114	AGGGLLVD:0.21855670103092784	RAGAMTVA:0.2907216494845361	LALADALR:0.2329896907216495	PRKPTPEL:0.2020618556701031	GEQRLNAQ:0.2	GAMTVAEL:0.2020618556701031	LIPAVPLP:0.2020618556701031	ALALADAL:0.2020618556701031	PTLLVSGG:0.20824742268041238	VSGGSQGA:0.21649484536082475	RLVPERGY:0.23505154639175257	LCRAGAMT:0.2	HEANARPG:0.21237113402061855	VPLPRKPT:0.26804123711340205	AGAMTVAE:0.2907216494845361	TRLVPERG:0.2309278350515464	LETRLVPE:0.2309278350515464	LVSGGSQG:0.21443298969072164	VVGFGGYV:0.4288659793814433	VGFGGYVA:0.41649484536082476	IEPALALA:0.24536082474226803	GGLLVDDA:0.21855670103092784	ETRLVPER:0.2309278350515464	IPAVPLPR:0.21030927835051547	CRAGAMTV:0.2865979381443299	HIEPALAL:0.24742268041237114	ALADALRR:0.2329896907216495	EQRLNAQP:0.2	EPALALAD:0.24742268041237114	VTGGSQGA:0.21030927835051547	PAYLAARG:0.2	
