cluster number:62
GT28:22	GT28:22
GAYGVLGG:0.22727272727272727	PGQEEENA:0.45454545454545453	FQRFLNGL:0.22727272727272727	GIPVSPKF:0.3181818181818182	TVSEALTK:0.45454545454545453	AGGLTVSE:0.6818181818181818	IITKAGGL:0.6818181818181818	QRFLNGLG:0.22727272727272727	RFLNGLGR:0.22727272727272727	ITKAGGLT:0.8636363636363636	LVMGGAYG:0.4090909090909091	KPIPGQEE:0.5909090909090909	FYYRTSKI:0.22727272727272727	KAGGLTVS:0.6818181818181818	VMGGAYGV:0.4090909090909091	LTVSEALT:0.5	PIPGQEEE:0.45454545454545453	IPGQEEEN:0.45454545454545453	GGLTVSEA:0.5	FKPIPGQE:0.2727272727272727	SLFQRFLN:0.3181818181818182	TKAGGLTV:0.8181818181818182	IFKPIPGQ:0.22727272727272727	LFQRFLNG:0.2727272727272727	GGAYGVLG:0.2727272727272727	IPVSPKFE:0.3181818181818182	GLTVSEAL:0.5	MGGAYGVL:0.5909090909090909	IYKPIPGQ:0.45454545454545453	YKPIPGQE:0.5	EALTKHLP:0.2727272727272727	LIVCTYPT:0.36363636363636365	IDMIKYTP:0.22727272727272727	QPDLIVCT:0.2727272727272727	DSLFQRFL:0.22727272727272727	TILVMGGA:0.3181818181818182	EALTKQLP:0.22727272727272727	PTILVMGG:0.3181818181818182	NVEELMTV:0.22727272727272727	IKYTPKLW:0.22727272727272727	SEALTKQL:0.22727272727272727	YIDMIKYT:0.22727272727272727	DLIVCTYP:0.4090909090909091	TGIPVSPK:0.22727272727272727	ILVMGGAY:0.3181818181818182	VIYKPIPG:0.22727272727272727	KYTPKLWG:0.22727272727272727	VTGIPVSP:0.2727272727272727	DMIKYTPK:0.22727272727272727	VSEALTKQ:0.22727272727272727	PDLIVCTY:0.4090909090909091	RAAEAVIE:0.36363636363636365	KVTGIPVS:0.22727272727272727	MIKYTPKL:0.22727272727272727	LIITKAGG:0.2727272727272727	FSATFGAG:0.22727272727272727	SATFGAGH:0.22727272727272727	RVLVFSAT:0.22727272727272727	LRVLVFSA:0.22727272727272727	NVEELMSV:0.22727272727272727	IIITKAGG:0.22727272727272727	TDYTVHSH:0.22727272727272727	IVCTYPTV:0.3181818181818182	DYTVHSHW:0.22727272727272727	VCTYPTVS:0.22727272727272727	CTYPTVSS:0.2727272727272727	HLDFGDFL:0.22727272727272727	
