cluster number:48
GH29:91	GH29:91|3.2.1.63:1|CBM47:1
ADECHKQG:0.2087912087912088	TGKGTGRT:0.2857142857142857	YGESIYGT:0.21978021978021978	SIYGTRGG:0.2087912087912088	GESIYGTR:0.2087912087912088	LIHKLQPQ:0.21978021978021978	CLVGNNHH:0.26373626373626374	NQLTELLT:0.4835164835164835	FYYSLLDW:0.21978021978021978	DFQMFERD:0.37362637362637363	EDFQMFER:0.37362637362637363	NANLLMNI:0.23076923076923078	NLLMNIGP:0.3076923076923077	GEDFQMFE:0.4835164835164835	IHKLQPQC:0.21978021978021978	TELLTNYG:0.6483516483516484	TRHHDGFS:0.45054945054945056	ELLTNYGE:0.26373626373626374	GRTGKGTG:0.27472527472527475	LTELLTNY:0.6263736263736264	QLTELLTN:0.6263736263736264	RHHDGFSM:0.43956043956043955	ESIYGTRG:0.2087912087912088	GNNHHITP:0.34065934065934067	ANLLMNIG:0.3076923076923077	RTGKGTGR:0.27472527472527475	MFERDLPG:0.24175824175824176	TMNGMWGY:0.46153846153846156	ERDLPGEN:0.6043956043956044	ACLIGNNH:0.27472527472527475	YNIVDATP:0.23076923076923078	LIGNNHHI:0.25274725274725274	RDLPGENK:0.38461538461538464	DATPFKRD:0.21978021978021978	IGNNHHIT:0.2087912087912088	NKAGLSGQ:0.3516483516483517	NLLLNIGP:0.25274725274725274	ENKAGLSG:0.3516483516483517	LPGENKAG:0.37362637362637363	FQMFERDL:0.24175824175824176	VDATPFKR:0.21978021978021978	GENKAGLS:0.3516483516483517	CLIGNNHH:0.4065934065934066	NIVDATPF:0.24175824175824176	DLPGENKA:0.37362637362637363	IVDATPFK:0.2087912087912088	FGIFLHWG:0.4065934065934066	PGENKAGL:0.3516483516483517	PACLIGNN:0.26373626373626374	FERDLPGE:0.6043956043956044	QPACLIGN:0.26373626373626374	MNGMWGYK:0.42857142857142855	QMFERDLP:0.24175824175824176	PLETCETM:0.37362637362637363	TTRHHDGF:0.27472527472527475	LPLETCET:0.45054945054945056	LETCETMN:0.37362637362637363	GIFLHWGL:0.26373626373626374	GEDIQIFE:0.3956043956043956	KFGIFLHW:0.27472527472527475	IFERDLPG:0.38461538461538464	NGMWGYKI:0.3076923076923077	IQIFERDL:0.38461538461538464	QIFERDLP:0.38461538461538464	IFLHWGLY:0.26373626373626374	DIQIFERD:0.3956043956043956	GMWGYKIT:0.2087912087912088	MWGYKITD:0.2087912087912088	EDIQIFER:0.3956043956043956	IWFDGWWD:0.2857142857142857	AIWFDGWW:0.23076923076923078	AAGKNANL:0.2967032967032967	AGEDIQIF:0.26373626373626374	LHLYYSHL:0.23076923076923078	GAIWFDGW:0.23076923076923078	PFAGEDIQ:0.25274725274725274	LYYSHLDW:0.23076923076923078	YGETIYGT:0.25274725274725274	FAGEDIQI:0.25274725274725274	GAKYITIT:0.2087912087912088	HLYYSHLD:0.23076923076923078	TIYGTRGG:0.23076923076923078	AGKNANLL:0.2967032967032967	ETIYGTRG:0.21978021978021978	GETIYGTR:0.26373626373626374	IKASGAKY:0.26373626373626374	WGVTTQKG:0.26373626373626374	CETMNGMW:0.3076923076923077	NNQLTELL:0.27472527472527475	IHYLVKAA:0.2087912087912088	YLVKAAGK:0.2967032967032967	MNNQLTEL:0.27472527472527475	HYLVKAAG:0.23076923076923078	FMNNQLTE:0.27472527472527475	IGAIWFDG:0.3076923076923077	KASGAKYI:0.27472527472527475	ETMNGMWG:0.3076923076923077	AIKASGAK:0.26373626373626374	ETCETMNG:0.31868131868131866	TCETMNGM:0.3076923076923077	GKNANLLM:0.21978021978021978	LVKAAGKN:0.23076923076923078	VKAAGKNA:0.21978021978021978	KAAGKNAN:0.21978021978021978	ELLTNYGP:0.2087912087912088	KNANLLMN:0.21978021978021978	ATPFKRDI:0.2087912087912088	HHDGFSMF:0.2087912087912088	
