cluster number:19
GH29:341	GH29:341|CBM32:22|3.2.1.111:2|3.2.1.51:2|GH117:1|GH33:1|CBM51:1
DVSIRPGW:0.5630498533724341	SIRPGWFY:0.5747800586510264	EVWFDGAN:0.3020527859237537	AKHHDGFC:0.7360703812316716	LTAKHHDG:0.44281524926686217	TAKHHDGF:0.7214076246334311	GVYLSPWD:0.39296187683284456	KHHDGFCL:0.9002932551319648	VSIRPGWF:0.4897360703812317	HHDGFCLW:0.8944281524926686	ILTAKHHD:0.36656891495601174	VWFDGANG:0.30791788856304986	IRPGWFYH:0.5542521994134897	VYLSPWDR:0.39589442815249265	HDGFCLWP:0.8328445747800587	DGFCLWPT:0.5102639296187683	YLSPWDRN:0.5747800586510264	KFGVYLSP:0.30791788856304986	FGVYLSPW:0.3870967741935484	LKFGVYLS:0.20234604105571846	IYLSPWDR:0.2287390029325513	GIYLSPWD:0.24633431085043989	FGIYLSPW:0.20821114369501467	DGFCLWPS:0.3225806451612903	FDGANGGD:0.2785923753665689	GANGGDGY:0.20821114369501467	RPGWFYHA:0.26392961876832843	NGGDGYYG:0.20821114369501467	ANGGDGYY:0.20821114369501467	DGANGGDG:0.2873900293255132	WFDGANGG:0.39296187683284456	LSPWDRNH:0.2756598240469208	GGDGYYGG:0.20821114369501467	VILTAKHH:0.21114369501466276	EVDVSIRP:0.20821114369501467	VDVSIRPG:0.20821114369501467	
