cluster number:25
GH29:57	GH29:57|3.2.1.51:6
PELYDLVN:0.24561403508771928	AIYASKPW:0.21052631578947367	KTMPELYD:0.21052631578947367	YKPDLIWS:0.22807017543859648	GVFSVPSF:0.22807017543859648	GLIVPIFQ:0.21052631578947367	PSFGSEWF:0.2982456140350877	FLAWLYND:0.24561403508771928	HHEGFTNW:0.2631578947368421	PDLIWSDG:0.2631578947368421	WGVFSVPS:0.3684210526315789	LIVPIFQE:0.21052631578947367	TKHHEGFT:0.22807017543859648	LYNDSPVK:0.3157894736842105	VFSVPSFG:0.21052631578947367	VPSFGSEW:0.2982456140350877	IYASKPWR:0.21052631578947367	DVGPHRDL:0.21052631578947367	GAKYVVLT:0.40350877192982454	WLYNDSPV:0.38596491228070173	IWSDGDWE:0.2982456140350877	LTTKHHEG:0.24561403508771928	YNDSPVKD:0.2807017543859649	GEAIYASK:0.21052631578947367	GPHRDLVG:0.2631578947368421	VPIFQERL:0.22807017543859648	AWLYNDSP:0.2631578947368421	IVPIFQER:0.22807017543859648	EAIYASKP:0.21052631578947367	HWGVFSVP:0.5263157894736842	SFGSEWFW:0.2982456140350877	FSVPSFGS:0.22807017543859648	PDTYWNST:0.3508771929824561	MPELYDLV:0.2807017543859649	SVPSFGSE:0.2807017543859649	PIFQERLL:0.22807017543859648	NGEAIYAS:0.21052631578947367	VLTTKHHE:0.24561403508771928	FGSEWFWW:0.24561403508771928	ASKPWRVQ:0.22807017543859648	KHHEGFTN:0.2631578947368421	YASKPWRV:0.22807017543859648	KPDLIWSD:0.22807017543859648	TTKHHEGF:0.22807017543859648	INGEAIYA:0.22807017543859648	TMPELYDL:0.21052631578947367	VVVNDRWG:0.3508771929824561	LFEWFNPL:0.2807017543859649	WNSTGFLA:0.24561403508771928	PHKWENCM:0.24561403508771928	TGFLAWLY:0.24561403508771928	LLMNIGPT:0.21052631578947367	FGLYHSLF:0.21052631578947367	LLPHKWEN:0.22807017543859648	GGNLLMNI:0.24561403508771928	DRYNPGHL:0.24561403508771928	NYPPGFSY:0.21052631578947367	LPHKWENC:0.22807017543859648	SCGGNLLM:0.21052631578947367	VVTNDRWG:0.3508771929824561	LYHSLFEW:0.2982456140350877	TCSDRYNP:0.22807017543859648	NSTGFLAW:0.24561403508771928	VSCGGNLL:0.2982456140350877	DTVVTNDR:0.24561403508771928	SGAKYVVL:0.2631578947368421	KYVVLTSK:0.21052631578947367	VVLTSKHH:0.2807017543859649	CSDRYNPG:0.22807017543859648	RYNPGHLL:0.22807017543859648	WENCMTID:0.3333333333333333	YVVLTSKH:0.2807017543859649	CGGNLLMN:0.2631578947368421	YTCSDRYN:0.22807017543859648	STGFLAWL:0.24561403508771928	SLFEWFNP:0.3157894736842105	GLYHSLFE:0.2982456140350877	HSLFEWFN:0.2982456140350877	ENCMTIDK:0.22807017543859648	YHSLFEWF:0.3508771929824561	LTSKHHEG:0.3508771929824561	ETVSCGGN:0.2631578947368421	TVVTNDRW:0.3508771929824561	NLLMNIGP:0.24561403508771928	GFLAWLYN:0.24561403508771928	HKWENCMT:0.3684210526315789	GNLLMNIG:0.24561403508771928	VETVSCGG:0.24561403508771928	YWNSTGFL:0.2631578947368421	AKYVVLTS:0.21052631578947367	TVSCGGNL:0.2982456140350877	KWENCMTI:0.3333333333333333	VLTSKHHE:0.3508771929824561	TSKHHEGF:0.2982456140350877	LAWLYNES:0.2807017543859649	FIHWGVFS:0.3157894736842105	KFGIFIHW:0.22807017543859648	WLYNESPV:0.2807017543859649	SKHHEGFT:0.2982456140350877	IHWGVFSV:0.3157894736842105	FLAWLYNE:0.2807017543859649	LVETVSCG:0.22807017543859648	GIFIHWGV:0.2631578947368421	AWLYNESP:0.2631578947368421	IFIHWGVF:0.24561403508771928	FGIFIHWG:0.22807017543859648	KTLPELYE:0.21052631578947367	SLDSRPLP:0.2807017543859649	WSDGDWEA:0.22807017543859648	
