cluster number:30
GH29:35	GH29:35
QSVPMYGD:0.2857142857142857	PDGTLDDE:0.22857142857142856	VAHLYNTS:0.2857142857142857	GAKYFVAQ:0.22857142857142856	AGAKYFVA:0.22857142857142856	IVSKNGNL:0.37142857142857144	DIVSKNGN:0.5428571428571428	AHLYNTSA:0.2857142857142857	SVPMYGDW:0.2857142857142857	GNLLLNIP:0.3142857142857143	QPDLLYSD:0.2857142857142857	VPMYGDWY:0.2857142857142857	NLLLNIPQ:0.3142857142857143	YQPDLLYS:0.2857142857142857	PDLLYSDG:0.37142857142857144	PMYGDWYA:0.2857142857142857	MYGDWYAR:0.3142857142857143	VSKNGNLL:0.4	KNGNLLLN:0.22857142857142856	DGTLDDEC:0.22857142857142856	AKYFVAQA:0.22857142857142856	KAGAKYFV:0.3142857142857143	HWGPQSVP:0.2857142857142857	IPQKPDGT:0.2571428571428571	GVSEHLAA:0.2571428571428571	KFGIWAHW:0.4	FGIWAHWG:0.4	VSEHLAAS:0.2571428571428571	WNAVNMGP:0.2	NIPQKPDG:0.2571428571428571	FGVSEHLA:0.2571428571428571	AVHHDNFD:0.2	PSKVGYKD:0.22857142857142856	KVGYKDIV:0.2	GHPSKVGY:0.22857142857142856	MGPKKDIV:0.2857142857142857	IWAHWGPQ:0.4	VNMGPKKD:0.2857142857142857	LLLNIPQK:0.2571428571428571	LNIPQKPD:0.2571428571428571	WGPQSVPM:0.2571428571428571	GPKKDIVG:0.2571428571428571	AKFGIWAH:0.4	DAKFGIWA:0.4	AHWGPQSV:0.2	NMGPKKDI:0.22857142857142856	GIWAHWGP:0.4	SKVGYKDI:0.2	GIPYDGND:0.2	YGDWYARN:0.2857142857142857	HPSKVGYK:0.2571428571428571	YGHPSKVG:0.2	LLNIPQKP:0.2571428571428571	WAHWGPQS:0.2	AAGAKYFV:0.22857142857142856	LADIVSKN:0.2	HWGPQAVP:0.42857142857142855	QDVERGVL:0.2857142857142857	GVSEHLGA:0.2857142857142857	VSEHLGAS:0.2857142857142857	LLYSDGGL:0.2571428571428571	WFRDAKFG:0.5142857142857142	YKDIIPLW:0.2857142857142857	FGVSEHLG:0.2857142857142857	YSDGGLPF:0.2571428571428571	EWFRDAKF:0.2	AKYFVSMG:0.4	VPRQGDWY:0.34285714285714286	AGAKYFVS:0.37142857142857144	GPQAVPRQ:0.34285714285714286	VQDVERGV:0.2	RDAKFGIW:0.4857142857142857	ADIVSKNG:0.2	LRFGVSEH:0.2857142857142857	GVHHDNFD:0.22857142857142856	DIRFTTKG:0.2	VHHDNFDL:0.2571428571428571	DLLYSDGG:0.3142857142857143	AVPRQGDW:0.34285714285714286	RFGVSEHL:0.2857142857142857	PRQGDWYA:0.34285714285714286	FRDAKFGI:0.5142857142857142	GAKYFVSM:0.4	PQAVPRQG:0.34285714285714286	GYKDIIPL:0.2857142857142857	MGVHHDNF:0.2	QAVPRQGD:0.34285714285714286	WGPQAVPR:0.42857142857142855	GLRFGVSE:0.2571428571428571	SEHLGASY:0.2	HHDNFDLW:0.22857142857142856	RQGDWYAR:0.2	PEWFRDAK:0.2571428571428571	LYSDGGLP:0.2571428571428571	IYGTRPWK:0.2571428571428571	KNGNLLIN:0.22857142857142856	GDWYARNM:0.2571428571428571	TDTSIGDW:0.2571428571428571	PDLLYSDS:0.2	DTSIGDWY:0.2	SKNGNLLI:0.22857142857142856	NGEGIYGT:0.22857142857142856	FGIWSHWG:0.3142857142857143	SHWGPQAV:0.2571428571428571	IWSHWGPQ:0.3142857142857143	GIYGTRPW:0.22857142857142856	KFGIWSHW:0.3142857142857143	PWQTDTSI:0.2571428571428571	AKFGIWSH:0.3142857142857143	GEGIYGTR:0.2571428571428571	GIWSHWGP:0.3142857142857143	EGIYGTRP:0.2571428571428571	HHDNFFLW:0.2571428571428571	QTDTSIGD:0.2571428571428571	TSIGDWYY:0.2	DAKFGIWS:0.3142857142857143	WSHWGPQA:0.2571428571428571	DWYARNMY:0.2571428571428571	WQTDTSIG:0.2571428571428571	PDWFRDAK:0.22857142857142856	HPSEFGYK:0.2	GHPSEFGY:0.2	PSEFGYKD:0.2	YGHPSEFG:0.22857142857142856	DWFRDAKF:0.2	FGYKDIIP:0.2	DIIPLWKA:0.22857142857142856	IIPLWKAE:0.22857142857142856	KDIIPLWK:0.22857142857142856	
