cluster number:2
GH135:32	GH135:32
GFVAAVSE:0.21875	LASFGDPD:0.25	PPGLHVEG:0.25	RRGRYVFA:0.28125	VVVNPNSG:0.46875	DLCRRGRY:0.25	QGDGLQRR:0.25	YPDVNFLV:0.25	VHNPGTPP:0.625	RVDYCRKP:0.3125	FLVVVNPN:0.46875	EATWKPLY:0.25	MPLYYYPL:0.28125	EGIYVDET:0.25	PLYYYPLD:0.25	PLDEATWK:0.25	FPNVHAVG:0.25	APPGLHVE:0.25	SGVPQDEL:0.21875	LFQGDGLQ:0.25	LDEATWKP:0.25	IYVDETPN:0.34375	ASYPDVNF:0.25	RGRYVFAT:0.28125	VVMPLYYY:0.28125	VRVDYCRK:0.28125	LYYYPLDE:0.25	VFATDLVD:0.34375	LVDDFYES:0.375	RLNAFPNV:0.28125	ERCVYQIS:0.25	VNPNSGPG:0.8125	GLHVEGIY:0.25	DRYARWRR:0.21875	RYVFATDL:0.28125	KASDGLAG:0.25	VHAVGYVR:0.25	VVHNPGTP:0.59375	HERCVYQI:0.25	VGYVRVDY:0.28125	NFLVVVNP:0.34375	HVEGIYVD:0.25	TDLVDDFY:0.375	CEEPYHLF:0.25	RSTVVHNP:0.21875	GIYVDETP:0.34375	DEATWKPL:0.25	CAEIDRYA:0.25	VDDFYESF:0.375	PYHLFQGD:0.25	EHERCVYQ:0.25	GDPDLVCV:0.25	RLVKASDG:0.25	VDETPNHY:0.375	PGFVAAVS:0.21875	VKASDGLA:0.25	ATDLVDDF:0.34375	SYPDVNFL:0.25	EGELASFG:0.28125	LCRRGRYV:0.28125	NAFPNVHA:0.25	DLVCVCEE:0.28125	DDFYESFG:0.34375	WVVMPLYY:0.28125	ETPNHYSP:0.25	GDGLQRRL:0.25	EVPRLNAF:0.34375	EPYHLFQG:0.25	PGTPPEGE:0.28125	VCVCEEPY:0.28125	DPDLVCVC:0.25	FVAAVSEA:0.21875	DAAASYPD:0.21875	YYYPLDEA:0.25	YPLDEATW:0.25	APEHERCV:0.25	PEHERCVY:0.25	GELASFGD:0.25	VYQISGVP:0.25	FGDPDLVC:0.25	YDAAASYP:0.21875	TVVHNPGT:0.34375	YCRKPLAD:0.28125	TWKPLYDA:0.25	PPEGELAS:0.28125	PDVNFLVV:0.25	PEGELASF:0.28125	YVDETPNH:0.34375	AFPNVHAV:0.25	LVCVCEEP:0.28125	STVVHNPG:0.21875	FATDLVDD:0.34375	YQISGVPQ:0.25	KPLYDAAA:0.21875	NVHAVGYV:0.25	DGLQRRLV:0.25	RCVYQISG:0.25	SFGDPDLV:0.25	PDAPPGLH:0.25	RYARWRRH:0.25	WPGFVAAV:0.21875	FQGDGLQR:0.25	AASYPDVN:0.25	HAVGYVRV:0.25	DAPPGLHV:0.25	HNPGTPPE:0.375	ASFGDPDL:0.25	EIDRYARW:0.25	PGLHVEGI:0.25	ARWRRHPD:0.25	VDYCRKPL:0.3125	NPGTPPEG:0.375	PRLNAFPN:0.28125	EEPYHLFQ:0.25	GRYVFATD:0.28125	DVNFLVVV:0.25	AAASYPDV:0.21875	PDLVCVCE:0.28125	VMPLYYYP:0.28125	IDRYARWR:0.21875	RHPDAPPG:0.25	YHLFQGDG:0.25	LYDAAASY:0.21875	REVPRLNA:0.34375	WRRHPDAP:0.25	AEIDRYAR:0.25	PLYDAAAS:0.21875	CRRGRYVF:0.28125	DYCRKPLA:0.375	TPPEGELA:0.28125	DLVDDFYE:0.375	VPRLNAFP:0.28125	YVRVDYCR:0.28125	DETPNHYS:0.5	RRHPDAPP:0.25	GTPPEGEL:0.28125	SWPGFVAA:0.25	HLFQGDGL:0.25	LNAFPNVH:0.25	GYVRVDYC:0.28125	CVCEEPYH:0.28125	CVYQISGV:0.25	YYPLDEAT:0.25	PNVHAVGY:0.25	VAAVSEAA:0.21875	QISGVPQD:0.21875	VEGIYVDE:0.25	YVFATDLV:0.375	GLQRRLVD:0.25	YARWRRHP:0.25	RRLVKASD:0.25	VVNPNSGP:0.5	WKPLYDAA:0.21875	PWVVMPLY:0.25	NPNSGPGT:0.3125	ELASFGDP:0.25	LHVEGIYV:0.25	HPDAPPGL:0.25	VNFLVVVN:0.3125	ATWKPLYD:0.25	RWRRHPDA:0.25	LVKASDGL:0.25	ISGVPQDE:0.21875	LVVVNPNS:0.46875	VCEEPYHL:0.28125	AVGYVRVD:0.25	DFYESFGP:0.25	FYESFGPS:0.25	DYAREVPR:0.21875	YAREVPRL:0.25	YESFGPSW:0.25	KDYAREVP:0.3125	AREVPRLN:0.21875	VPLYIYPL:0.3125	FLVIVNPN:0.3125	IVNPNSGP:0.3125	NPGTPPDA:0.21875	VIVNPNSG:0.3125	LVIVNPNS:0.3125	PLYIYPLS:0.21875	GDFYERFG:0.25	VLVPLYIY:0.21875	LVPLYIYP:0.21875	HNPGTPPD:0.34375	DFYERFGP:0.25	EIDRYASW:0.21875	
