cluster number:52
GH28:73	GH28:73|3.2.1.-:1
AYPEPSMF:0.2054794520547945	FALLATGV:0.3424657534246575	LLATGVDN:0.3150684931506849	YQDFGHSH:0.4520547945205479	DNLTIDNL:0.2465753424657534	YPEPSMFG:0.273972602739726	GRIKFGTE:0.2465753424657534	KFGTESNG:0.2191780821917808	ATGVDNLT:0.3561643835616438	ALLATGVD:0.3013698630136986	VDNLTIDN:0.3150684931506849	QDFGHSHW:0.6027397260273972	ISNITMRD:0.2054794520547945	TGVDNLTI:0.3561643835616438	LATGVDNL:0.4657534246575342	GVDNLTID:0.3424657534246575	GLIWGKGL:0.2191780821917808	DIDCCRNV:0.2602739726027397	ALKNCRNV:0.2328767123287671	VDTNRDGF:0.2602739726027397	NKAIALKN:0.273972602739726	IDCCRNVR:0.2465753424657534	GLALETVD:0.4931506849315068	TESNGGFK:0.2054794520547945	KAIALKNC:0.2328767123287671	ESNGGFKN:0.2054794520547945	DTNRDGFD:0.2876712328767123	GTESNGGF:0.4520547945205479	DGFDIDCC:0.2876712328767123	GNKAIALK:0.410958904109589	GVGNKAIA:0.2054794520547945	RDGFDIDC:0.2876712328767123	AIALKNCR:0.2054794520547945	NRDGFDID:0.2876712328767123	IALKNCRN:0.2328767123287671	LALETVDG:0.4931506849315068	TNRDGFDI:0.2876712328767123	HNSLIWGE:0.2191780821917808	HWHNSLIW:0.2602739726027397	WHNSLIWG:0.2191780821917808	TESNGGFR:0.2054794520547945	SNCTVNSP:0.2465753424657534	FGHSHWRN:0.2191780821917808	WRNSLIWG:0.2465753424657534	RNSLIWGE:0.2465753424657534	HWRNSLIW:0.2465753424657534	DFGHSHWR:0.2191780821917808	HSHWRNSL:0.2602739726027397	FGTESNGG:0.2054794520547945	SHWRNSLI:0.2602739726027397	GHSHWRNS:0.2602739726027397	IKLGTESN:0.2054794520547945	RIKLGTES:0.3698630136986301	TGRIKLGT:0.3561643835616438	KLGTESNG:0.2191780821917808	VTGRIKLG:0.2191780821917808	GRIKLGTE:0.410958904109589	ALETVDGG:0.4794520547945205	TVNSPWDD:0.2465753424657534	CTVNSPWD:0.2465753424657534	NSLIWGEG:0.2328767123287671	RGLALETV:0.4383561643835616	CRGLALET:0.3150684931506849	DIDCCKNV:0.2054794520547945	
