cluster number:65
GH28:14	GH28:14
IFDGTDRG:0.5714285714285714	NVRVSQCI:0.5	GSEAAGGV:0.42857142857142855	CVAVKSGK:0.7142857142857143	RGHGSVTV:0.7857142857142857	GDDCVAVK:0.9285714285714286	RNCKFERG:0.5	VAVKSGKY:0.6428571428571429	RVSQCIFD:0.5	AVKSGKYY:0.6428571428571429	KFERGHGS:0.5	KSGKYYMA:0.21428571428571427	FERGHGSV:0.5714285714285714	CKFERGHG:0.5	NCKFERGH:0.5	VTVGSEAA:0.42857142857142855	GHGSVTVG:0.8571428571428571	TVGSEAAG:0.42857142857142855	SVTVGSEA:0.42857142857142855	CIFDGTDR:0.5714285714285714	DGTDRGLR:0.7142857142857143	FDGTDRGL:0.7142857142857143	TDRGLRIK:0.9285714285714286	SQCIFDGT:0.5	VKSGKYYM:0.6428571428571429	IRNCKFER:0.5	GSVTVGSE:0.8571428571428571	DDCVAVKS:0.7142857142857143	ERGHGSVT:0.7142857142857143	HGSVTVGS:0.8571428571428571	GTDRGLRI:0.7857142857142857	VSQCIFDG:0.5	DRGLRIKT:0.9285714285714286	SGKYYMAL:0.21428571428571427	VGSEAAGG:0.42857142857142855	DCVAVKSG:0.7142857142857143	QCIFDGTD:0.5714285714285714	VRVSQCIF:0.5	AGGVKNVR:0.35714285714285715	VGSEVAGG:0.21428571428571427	TVGSEVAG:0.21428571428571427	GGVKNVRV:0.35714285714285715	VTVGSEVA:0.21428571428571427	GSEVAGGV:0.21428571428571427	SVTVGSEV:0.21428571428571427	EAAGGVKN:0.21428571428571427	VKNVRVSQ:0.2857142857142857	SEAAGGVK:0.21428571428571427	GVKNVRVS:0.2857142857142857	AAGGVKNV:0.21428571428571427	KNVRVSQC:0.2857142857142857	KSGKYYMS:0.35714285714285715	
