cluster number:8
GH28:28	GH28:28
GISIGSLG:0.6071428571428571	PGHGISIG:0.6071428571428571	NGARIKTW:0.32142857142857145	GPGHGISI:0.6071428571428571	NTDGIDIS:0.35714285714285715	HGISIGSL:0.6071428571428571	TCGPGHGI:0.25	SPNTDGID:0.7857142857142857	CGPGHGIS:0.8571428571428571	TGDDCVAI:0.2857142857142857	GHGISIGS:0.6071428571428571	PNTDGIDI:0.7857142857142857	HGISVGSL:0.21428571428571427	GISVGSLG:0.21428571428571427	GPGHGISV:0.25	TTNGARIK:0.21428571428571427	GHGISVGS:0.25	PGHGISVG:0.25	TGDDCIAI:0.5357142857142857	TNGARIKT:0.21428571428571427	GDDCIAIN:0.2857142857142857	DSPNTDGI:0.39285714285714285	IGTGDDCV:0.32142857142857145	GTGDDCVA:0.2857142857142857	ESPNTDGI:0.21428571428571427	ISIGSLGR:0.2857142857142857	YGAVGDGK:0.35714285714285715	RIKTWQGG:0.4642857142857143	NQFYCTSA:0.21428571428571427	NGLRIKTW:0.2857142857142857	DTQNGLRI:0.2857142857142857	INQFYCTS:0.21428571428571427	GLRIKTWQ:0.2857142857142857	KTWQGGSG:0.32142857142857145	NPILINQF:0.25	YENVEMIN:0.21428571428571427	ENPILINQ:0.21428571428571427	ITYENVEM:0.21428571428571427	DGIDIFAS:0.21428571428571427	AKFIDTQN:0.2857142857142857	NTDGIDIF:0.2857142857142857	PEFHLVFG:0.21428571428571427	ILINQFYC:0.25	FIDTQNGL:0.2857142857142857	KFIDTQNG:0.2857142857142857	LRIKTWQG:0.2857142857142857	SPEFHLVF:0.21428571428571427	GAVGDGKH:0.25	PILINQFY:0.25	LINQFYCT:0.25	IKTWQGGS:0.32142857142857145	TQNGLRIK:0.2857142857142857	QNGLRIKT:0.2857142857142857	TDGIDIFA:0.21428571428571427	GIDIFASK:0.21428571428571427	IDTQNGLR:0.2857142857142857	AVGDGKHD:0.25	NIHGTSAT:0.21428571428571427	NSPEFHLV:0.21428571428571427	KNIHGTSA:0.21428571428571427	TIGTGDDC:0.21428571428571427	LMNSPEFH:0.21428571428571427	AIGTGSSN:0.21428571428571427	IGTGSSNI:0.21428571428571427	MNSPEFHL:0.21428571428571427	
