cluster number:32
GH28:32	GH28:32
VNNQDDCL:0.75	GIAVAVGG:0.375	LNGKGIVD:0.28125	YDVNEAKN:0.28125	HGIAVAVG:0.375	EAKNILIK:0.28125	NEAKNILI:0.28125	CKVIKNNI:0.34375	IGNYLNSG:0.53125	KNNIGIRV:0.34375	NSKVNNQD:0.34375	VIKNNIGI:0.34375	VCEGGHGI:0.28125	VAVGGYDV:0.28125	SEIGIVII:0.21875	IDGEGHRW:0.5625	GGHNTDGF:0.75	HNTDGFDV:0.65625	KGGHNTDG:0.71875	KTLLNGKG:0.25	YLNSGPRG:0.4375	GGYDVNEA:0.28125	VGGYDVNE:0.28125	GYDVNEAK:0.28125	IAVAVGGY:0.375	KVNNQDDC:0.34375	IGIVIIGN:0.21875	NNIGIRVK:0.34375	GIVIIGNY:0.375	EIGIVIIG:0.21875	NQDDCLAI:0.53125	AVGGYDVN:0.28125	GGHGIAVA:0.375	NYLNSGPR:0.5	DCLAINSG:0.40625	VIIGNYLN:0.375	VKTLLNGK:0.25	DDCLAINS:0.53125	IVIIGNYL:0.375	GEGHRWWD:0.5625	DISEIGIV:0.25	KDISEIGI:0.21875	ISEIGIVI:0.21875	GNYLNSGP:0.53125	RVKTLLNG:0.25	QDDCLAIN:0.53125	NVCEGGHG:0.28125	KVIKNNIG:0.34375	NGKGIVDG:0.28125	NNVCEGGH:0.28125	HLIDGEGH:0.40625	FDNVELKD:0.21875	RNINVPAG:0.34375	GKGIVDGV:0.21875	PGHLIDGE:0.375	TLLNGKGI:0.21875	SKVNNQDD:0.34375	IKNNIGIR:0.34375	LKDISEIG:0.21875	INNVRGNV:0.59375	GHNTDGFD:0.71875	EGGHGIAV:0.46875	NCKVIKNN:0.21875	IIGNYLNS:0.40625	LLNGKGIV:0.21875	NNQDDCLA:0.75	DVNEAKNI:0.28125	NIGIRVKT:0.34375	CEGGHGIA:0.46875	NNVRGNVL:0.46875	GHLIDGEG:0.40625	VNEAKNIL:0.28125	LIDGEGHR:0.40625	AVAVGGYD:0.3125	GHGIAVAV:0.375	DGEGHRWW:0.5625	GHVIDGEG:0.21875	GHGIAVIG:0.28125	KNNIGVRV:0.25	QVIKNNIG:0.25	NWKWNSNV:0.25	NQDDCLAL:0.34375	GIAVIGGY:0.25	NNIGVRVK:0.28125	VIKNNIGV:0.25	NIGVRVKT:0.28125	TINNVRGN:0.375	HGIAVIGG:0.28125	CQVIKNNI:0.25	GGHGIAVI:0.28125	IKNNIGVR:0.25	PTGGVPIT:0.28125	TGGVPITG:0.28125	GGVPITGL:0.28125	TKGGHNTD:0.40625	FGYKEWEG:0.28125	DGHTKGGH:0.21875	HTKGGHNT:0.3125	GHTKGGHN:0.3125	TFGYKEWE:0.28125	LTINNVRG:0.34375	GGNGGKKK:0.21875	GISIGSVG:0.25	VANASNWK:0.21875	CIGGHGIS:0.21875	LINCQGER:0.21875	DKLKPGTV:0.21875	KRGIVIQG:0.21875	NVRGNVLK:0.28125	INVPAGVT:0.21875	NTDGFDVG:0.21875	TCIGGHGI:0.21875	CQGERWWD:0.21875	DVGNSEKI:0.21875	KPGTVVEF:0.21875	GVPITGLT:0.21875	LDKLKPGT:0.21875	DNGIRIKT:0.21875	PITGLTIN:0.21875	IGGHGISI:0.21875	VIQGNYLN:0.21875	GTVVEFAG:0.21875	NTCIGGHG:0.21875	LRNINVPA:0.25	SIGSVGGR:0.25	NINVPAGV:0.21875	ISIGSVGG:0.25	GFDVGNSE:0.21875	NCQGERWW:0.21875	KLKPGTVV:0.21875	TGLTINNV:0.21875	DGFDVGNS:0.21875	GLTINNVR:0.25	GIVIQGNY:0.21875	NVPAGVTL:0.21875	PGTVVEFA:0.21875	NGIRIKTV:0.21875	ITLRNINV:0.21875	GDPTGGVP:0.21875	GYKEWEGP:0.21875	INCQGERW:0.21875	VPITGLTI:0.21875	ITFGYKEW:0.3125	DPTGGVPI:0.21875	LKPGTVVE:0.21875	TDGFDVGN:0.21875	KEWEGPLI:0.21875	HGISIGSV:0.25	IVIQGNYL:0.21875	GHGISIGS:0.25	GGHGISIG:0.25	FDVGNSEK:0.21875	ITGLTINN:0.21875	WVANASNW:0.21875	RGIVIQGN:0.21875	CLAINSGT:0.25	SDNGIRIK:0.21875	TLRNINVP:0.21875	GIRIKTVK:0.21875	YKEWEGPL:0.21875	ANASNWKW:0.21875	GNGGKKKP:0.21875	NTDGFDVA:0.28125	GNVLKNGT:0.3125	EGKPGHLI:0.21875	VEGKPGHL:0.21875	RVNNQDDC:0.21875	
