cluster number:90
GH28:234	GH28:234|3.2.1.15:29
GISIGSLG:0.7094017094017094	GVRIKTWQ:0.3803418803418803	PGHGISIG:0.7521367521367521	KTWQGGSG:0.3547008547008547	GPGHGISI:0.7521367521367521	VRIKTWQG:0.3717948717948718	HGISIGSL:0.7136752136752137	ISIGSLGK:0.3076923076923077	NGVRIKTW:0.31196581196581197	CGPGHGIS:0.782051282051282	TGDDCISI:0.3547008547008547	IKTWQGGS:0.3547008547008547	GTGDDCIS:0.24786324786324787	GHGISIGS:0.6923076923076923	IGTGDDCI:0.23504273504273504	RIKTWQGG:0.49572649572649574	TCGPGHGI:0.23504273504273504	NPIIIDQN:0.2222222222222222	PIIIDQNY:0.23076923076923078	SPNTDGIH:0.6538461538461539	IIIDQNYC:0.2264957264957265	PNTDGIHI:0.20085470085470086	PNTDGIHV:0.3034188034188034	DSPNTDGI:0.3034188034188034	TWQGGSGS:0.21367521367521367	
