cluster number:30
GH28:36	GH28:36|3.2.1.15:5
SRNGIHIK:0.2222222222222222	GHNTDGFD:0.7222222222222222	RNGIHIKT:0.25	DDCVAVNQ:0.2222222222222222	DCVAVNQG:0.2222222222222222	NGIHVKTH:0.25	GGHGLSLS:0.6944444444444444	QDDCVAVN:0.3888888888888889	IDVSAGDK:0.2222222222222222	NTDGFDIS:0.2222222222222222	HGLSLSVG:0.6111111111111112	GHGLSLSV:0.6111111111111112	NQDDCVAV:0.4444444444444444	HNTDGFDI:0.3333333333333333	LGHNTDGF:0.3888888888888889	NIDVSAGD:0.25	VVKNQDDC:0.5	QDDCVAIN:0.2222222222222222	CSGGHGLS:0.6111111111111112	NQDDCVAI:0.2222222222222222	KNQDDCVA:0.4722222222222222	SGGHGLSL:0.5833333333333334	VKNQDDCV:0.4444444444444444	LSLSVGQS:0.2777777777777778	GLSLSVGQ:0.2777777777777778	NCPHQCVS:0.2222222222222222	SVVKNQDD:0.3055555555555556	HNTDGFDV:0.25	NGIHIKTH:0.4166666666666667	NSVVKNQD:0.3055555555555556	DVSAGDKN:0.25	GGHNTDGF:0.2222222222222222	TCSGGHGL:0.3333333333333333	NLTCSGGH:0.2222222222222222	LTCSGGHG:0.2777777777777778	
