cluster number:11
GH28:121	GH28:121|GH43_18:1|CE0:1
SPNTDGIN:0.5289256198347108	IPCENITI:0.24793388429752067	PNTDGINP:0.5537190082644629	SEMSGDIR:0.32231404958677684	PCENITIT:0.38016528925619836	DGINPESC:0.4462809917355372	CENITITN:0.512396694214876	NTDGINPE:0.4380165289256198	VGDDCIAI:0.4793388429752066	CPFILNLY:0.21487603305785125	IDVGDDCI:0.45454545454545453	ENITITNC:0.5206611570247934	EMSGDIRN:0.3140495867768595	NITITNCT:0.39669421487603307	KSRRGRGG:0.38016528925619836	PFILNLYY:0.21487603305785125	TDGINPES:0.4380165289256198	GSEMSGDI:0.3305785123966942	ITITNCTM:0.39669421487603307	TITNCTML:0.2066115702479339	DVGDDCIA:0.49586776859504134	GDDCIAIK:0.49586776859504134	MSGDIRNV:0.2975206611570248	GTDRGIRI:0.21487603305785125	HGGVVIGS:0.35537190082644626	RGGVVEDI:0.21487603305785125	GGVVIGSE:0.35537190082644626	NSPSWTVN:0.30578512396694213	DSPNTDGI:0.5785123966942148	GSEMSGGV:0.24793388429752067	GGVVEDIR:0.2066115702479339	VEDIRVSN:0.2892561983471074	VVIGSEMS:0.32231404958677684	AAGFLYGL:0.2975206611570248	GVVIGSEM:0.32231404958677684	GVVEDIRV:0.2066115702479339	IGSEMSGG:0.2644628099173554	DIRVSNIV:0.3305785123966942	GHGGVVIG:0.35537190082644626	IRVSNIVM:0.35537190082644626	SPSWTVNP:0.34710743801652894	PSWTVNPI:0.3305785123966942	VIGSEMSG:0.35537190082644626	GRGGVVED:0.2396694214876033	RGRGGVVE:0.33884297520661155	TDRGIRIK:0.21487603305785125	EDIRVSNI:0.35537190082644626	AAAGFLYG:0.2975206611570248	CIAIKAGT:0.36363636363636365	AIKAGTED:0.34710743801652894	DCIAIKAG:0.371900826446281	IAIKAGTE:0.36363636363636365	DDCIAIKA:0.371900826446281	PNTDGIDP:0.2727272727272727	HGHGGVVL:0.2231404958677686	HIDVGDDC:0.2231404958677686	GVVLGSEM:0.2231404958677686	NTDGIDPE:0.2644628099173554	VVLGSEMS:0.4297520661157025	TDGIDPES:0.2644628099173554	SPNTDGID:0.256198347107438	TDRGIRLK:0.34710743801652894	GGVVLGSE:0.2231404958677686	GHGGVVLG:0.2231404958677686	DGIDPESC:0.2644628099173554	HGGVVLGS:0.2231404958677686	CHIDVGDD:0.2231404958677686	VLGSEMSG:0.4132231404958678	LNLYYFCG:0.2975206611570248	YVWDKNPY:0.2892561983471074	IKAGTEDT:0.2809917355371901	LGSEMSGD:0.2727272727272727	NCTMVHGH:0.2892561983471074	HEGPAFYI:0.2066115702479339	GHGAVVLG:0.21487603305785125	DRGIRLKS:0.2975206611570248	ITNCTMVH:0.256198347107438	SGDIRNVT:0.23140495867768596	FKQTDRGI:0.2066115702479339	HAAAGFLY:0.2231404958677686	NHEGPAFY:0.23140495867768596	ILNPADSP:0.2809917355371901	GAVVLGSE:0.21487603305785125	NVTISNCV:0.2396694214876033	VWDKNPYP:0.2892561983471074	LKSRRGRG:0.24793388429752067	EGPAFYIE:0.2066115702479339	YFCGPRGK:0.3305785123966942	NPADSPNT:0.4628099173553719	RGIRLKSR:0.2396694214876033	KQTDRGIR:0.2066115702479339	TITNCTMV:0.2396694214876033	IRLKSRRG:0.2396694214876033	HGHGAVVL:0.21487603305785125	DIRNVTIS:0.23140495867768596	VHAAAGFL:0.2231404958677686	GIRLKSRR:0.2396694214876033	LYYFCGPR:0.3305785123966942	PAFYIENG:0.2066115702479339	RLKSRRGR:0.24793388429752067	PRPKLISF:0.21487603305785125	VTISNCVF:0.34710743801652894	YPRPKLIS:0.21487603305785125	TNCTMVHG:0.256198347107438	ENHEGPAF:0.2892561983471074	ADSPNTDG:0.48760330578512395	IRNVTISN:0.2727272727272727	IENHEGPA:0.256198347107438	HGAVVLGS:0.21487603305785125	YYFCGPRG:0.3305785123966942	GFLYGLAE:0.23140495867768596	LNPADSPN:0.2809917355371901	AGFLYGLA:0.23140495867768596	AVVLGSEM:0.21487603305785125	KYVWDKNP:0.2809917355371901	RNVTISNC:0.2809917355371901	PADSPNTD:0.48760330578512395	CTMVHGHG:0.2892561983471074	GDIRNVTI:0.23140495867768596	GPAFYIEN:0.2066115702479339	NLYYFCGP:0.36363636363636365	ITARNVHA:0.2066115702479339	VGDDCITI:0.24793388429752067	ISVGDDCI:0.2396694214876033	GDDCITIK:0.24793388429752067	HISVGDDC:0.2066115702479339	SVGDDCIT:0.2396694214876033	DDCITIKS:0.24793388429752067	DCITIKSG:0.24793388429752067	FLYGLAEQ:0.2231404958677686	LYGLAEQY:0.21487603305785125	
