cluster number:50
GH28:30	GH28:30|3.2.1.171:6|CBM1:1
KTCNVLDY:0.3333333333333333	GSVGPLTS:0.36666666666666664	TCNVLDYG:0.3333333333333333	GTIYRTGT:0.2	IYRTGTDG:0.23333333333333334	ECVTVKSP:0.5333333333333333	VYNMAIRG:0.23333333333333334	GATPYSAL:0.2	ASIPIPTI:0.36666666666666664	ITIEDFAM:0.2	CNVLDYGA:0.4	NKDECVTV:0.7333333333333333	PTIPTSFY:0.3	TSFYPGAT:0.23333333333333334	NFIGHGNA:0.36666666666666664	SIPIPTIP:0.5333333333333333	TIEDFAMW:0.23333333333333334	IGHGNAYS:0.36666666666666664	YNMAIRGG:0.36666666666666664	CVTVKSPS:0.2	IEDFAMWT:0.23333333333333334	ENFIGHGN:0.4	YRTGTDGG:0.23333333333333334	KAATKTCN:0.23333333333333334	PTSFYPGA:0.23333333333333334	TNKDECVT:0.7	NMAIRGGN:0.3	IYCNWSGG:0.4	IKSNGGSG:0.5666666666666667	TASIPIPT:0.26666666666666666	EVYNMAIR:0.23333333333333334	EDFAMWTE:0.26666666666666666	DECVTVKS:0.5333333333333333	LSGSVGPL:0.3	PIPTIPTS:0.43333333333333335	AATKTCNV:0.2	ATKTCNVL:0.2	SVGPLTSA:0.23333333333333334	TGTDGGNM:0.23333333333333334	SFYPGATP:0.23333333333333334	YCNWSGGC:0.43333333333333335	RTGTDGGN:0.23333333333333334	IPTIPTSF:0.43333333333333335	GTDGGNMI:0.3	EVTNKDEC:0.6	PGATPYSA:0.2	VTNKDECV:0.7	SGSVGPLT:0.26666666666666666	DITIEDFA:0.2	TKTCNVLD:0.23333333333333334	KDECVTVK:0.7333333333333333	IPTSFYPG:0.3	GEVYNMAI:0.26666666666666666	TIPTSFYP:0.3	FIGHGNAY:0.36666666666666664	IPIPTIPT:0.5333333333333333	SNGGSGTV:0.3	GSLGADTA:0.2	LDGIIYRT:0.2	QLDGIIYR:0.23333333333333334	MIKSNGGS:0.43333333333333335	LGADTAIS:0.2	CNWSGGCA:0.43333333333333335	QLSGSVGP:0.36666666666666664	KSNGGSGT:0.3333333333333333	SLGADTAI:0.2	SGGCAIGS:0.2	DGIIYRTG:0.26666666666666666	APSGYSAT:0.23333333333333334	HGNAYSLD:0.3333333333333333	LDYGAVAD:0.2	NQMYMIKS:0.3	VHDIILVD:0.2	HDVEVTNK:0.4666666666666667	YMIKSNGG:0.3	NWSGGCAM:0.36666666666666664	IDVWGSNI:0.2	LENFIGHG:0.26666666666666666	CSDGEVYN:0.2	VHDVEVTN:0.26666666666666666	NIWVHDVE:0.2	GCAMGSLG:0.26666666666666666	GQLSGSVG:0.2	DGIDVWGS:0.2	SGGCAMGS:0.36666666666666664	MYMIKSNG:0.3	ESIYCNWS:0.2	SIYCNWSG:0.2	GIDVWGSN:0.2	AMGSLGAD:0.2	CVTVKSPA:0.3333333333333333	IWVHDVEV:0.2	CAMGSLGA:0.2	MGSLGADT:0.26666666666666666	LDGIDVWG:0.4	GLDGIDVW:0.5	QMYMIKSN:0.3	GHGNAYSL:0.3333333333333333	KNWKGTEA:0.2	DVEVTNKD:0.4666666666666667	GGLDGIDV:0.5666666666666667	WVHDVEVT:0.26666666666666666	SNQMYMIK:0.26666666666666666	VEVTNKDE:0.4666666666666667	GGCAMGSL:0.36666666666666664	WSGGCAMG:0.3333333333333333	GGNEGGLD:0.26666666666666666	GAIQGYGY:0.36666666666666664	GNEGGLDG:0.26666666666666666	GHSNAYTL:0.2	LVDSPAFH:0.3	RGGNEGGL:0.26666666666666666	KGAIQGYG:0.2	NAYSLDID:0.3	GNAYSLDI:0.23333333333333334	IHDVEVTN:0.23333333333333334	CVTVKNPS:0.26666666666666666	DECVTVKN:0.26666666666666666	ECVTVKNP:0.26666666666666666	QGYGYEFH:0.2	ALVDSPAF:0.2	IRGGNEGG:0.23333333333333334	NEGGLDGI:0.2	EGGLDGID:0.2	
