cluster number:72
GH28:23	GH28:23
GIKFGTVS:0.2608695652173913	SANGIKFG:0.2608695652173913	YVGRYLTG:0.2608695652173913	SSANGIKF:0.2608695652173913	DGIDIVDC:0.391304347826087	NDGIDIVD:0.43478260869565216	WNNDGIDI:0.43478260869565216	RSSANGIK:0.30434782608695654	NGIKFGTV:0.21739130434782608	VGRYLTGT:0.2608695652173913	FKELPAWG:0.30434782608695654	FYVGRYLT:0.2608695652173913	KELPAWGF:0.34782608695652173	ANGIKFGT:0.2608695652173913	NNDGIDIV:0.43478260869565216	GRYLTGTI:0.21739130434782608	DTYRSAIA:0.21739130434782608	DDGICLKS:0.34782608695652173	NGGGRLVF:0.21739130434782608	AWGFYIRH:0.21739130434782608	FGELPAWG:0.21739130434782608	ELPAWGFY:0.5652173913043478	WGFYIRHA:0.21739130434782608	PAWGFYIR:0.21739130434782608	GELPAWGF:0.21739130434782608	LPAWGFYI:0.21739130434782608	EGPIEDLP:0.2608695652173913	YEGPIEDL:0.2608695652173913	TLNTRSIQ:0.21739130434782608	SNVYAEVP:0.21739130434782608	NSYFDAAD:0.2608695652173913	KAYWNNDG:0.30434782608695654	KSNVTLHL:0.30434782608695654	YRSAITFA:0.21739130434782608	DSKAYWNN:0.2608695652173913	ATKPDAGY:0.21739130434782608	PATKPDAG:0.21739130434782608	ISNVYAEV:0.21739130434782608	GSTNPLDY:0.21739130434782608	EDLPRNVS:0.21739130434782608	SINTGNVI:0.30434782608695654	GIDIVDCD:0.21739130434782608	YWNNDGID:0.43478260869565216	TGNVIFLR:0.2608695652173913	SKAYWNND:0.2608695652173913	TYRSAITF:0.21739130434782608	GPIEDLPR:0.2608695652173913	INTGNVIF:0.2608695652173913	YLKSNVTL:0.2608695652173913	RISNVYAE:0.21739130434782608	AADDGICL:0.21739130434782608	AYWNNDGI:0.34782608695652173	ADDGICLK:0.2608695652173913	DLPRNVSP:0.21739130434782608	LKSNVTLH:0.30434782608695654	DGICLKSH:0.21739130434782608	SYFDAADD:0.2608695652173913	PIEDLPRN:0.2608695652173913	IEDLPRNV:0.21739130434782608	NTGNVIFL:0.2608695652173913	LGSTNPLD:0.21739130434782608	SDGVTLNT:0.21739130434782608	VGRYLTGS:0.21739130434782608	AWGFYVRH:0.21739130434782608	LPAWGFYV:0.21739130434782608	WGFYVRHA:0.21739130434782608	PAWGFYVR:0.21739130434782608	
