cluster number:87
GH28:156	GH28:156|3.2.1.15:12|3.2.1.67:5
HGISVGSL:0.44871794871794873	NTDGIHIG:0.26282051282051283	GISVGSLG:0.46153846153846156	GPGHGISV:0.4423076923076923	SVGSLGRY:0.24358974358974358	NGVRIKTW:0.36538461538461536	GHGISVGS:0.4551282051282051	SPNTDGIH:0.5512820512820513	CGPGHGIS:0.7243589743589743	ISVGSLGR:0.25	PGHGISVG:0.4423076923076923	GISIGSLG:0.28205128205128205	PGHGISIG:0.28846153846153844	GPGHGISI:0.28846153846153844	HGISIGSL:0.28846153846153844	TCGPGHGI:0.3525641025641026	GHGISIGS:0.2948717948717949	VTCGPGHG:0.3269230769230769	GVRIKTWP:0.2948717948717949	SKDSKNFH:0.23717948717948717	IDQEYCPW:0.358974358974359	EYCPWNQC:0.28205128205128205	QEYCPWNQ:0.28205128205128205	VDGTIQAP:0.21794871794871795	DQEYCPWN:0.3525641025641026	QVDGTIQA:0.22435897435897437	YCPWNQCS:0.20512820512820512	IIDQEYCP:0.3141025641025641	TSKDSKNF:0.23076923076923078	KDSKNFHV:0.23717948717948717	PNTDGIHM:0.24358974358974358	LSGKGVFD:0.21153846153846154	TLSGKGVF:0.21153846153846154	NTDGIHMG:0.2692307692307692	DSPNTDGI:0.28846153846153844	GDSPNTDG:0.23717948717948717	PGDSPNTD:0.23076923076923078	SGKGVFDG:0.22435897435897437	GDDCISIG:0.21153846153846154	APGDSPNT:0.22435897435897437	
