cluster number:46
GH28:37	GH28:37
TIGSEMAG:0.21621621621621623	CVAVKSGK:0.2972972972972973	GDDCVAVK:0.5135135135135135	SGKIYMGR:0.24324324324324326	VAVKSGKI:0.2702702702702703	VKSGKIYM:0.35135135135135137	ENGHGAVT:0.21621621621621623	AVKSGKIY:0.35135135135135137	DDCVAVKS:0.2972972972972973	GSEMAGGV:0.6216216216216216	KSGKIYMG:0.40540540540540543	IGSEMAGG:0.2702702702702703	DCVAVKSG:0.2972972972972973	TDRGLRIK:0.4864864864864865	DRGLRIKT:0.6216216216216216	NTDGLDPE:0.21621621621621623	GAVTVGSE:0.21621621621621623	LRIKTRRG:0.2702702702702703	RIKTRRGR:0.35135135135135137	DCIAIKSG:0.24324324324324326	FYFCDPDG:0.35135135135135137	CIAIKSGK:0.24324324324324326	GLRIKTRR:0.2702702702702703	HGAVTVGS:0.21621621621621623	IKTRRGRG:0.35135135135135137	YFCDPDGK:0.24324324324324326	TDGLDPES:0.21621621621621623	TRRGRGKD:0.21621621621621623	GHGAVTVG:0.21621621621621623	DDCIAIKS:0.24324324324324326	RGLRIKTR:0.2702702702702703	KTRRGRGK:0.2702702702702703	FSLGDDCI:0.21621621621621623	SLGDDCIA:0.21621621621621623	GDDCIAIK:0.24324324324324326	DGLDPESC:0.21621621621621623	FCDPDGKT:0.21621621621621623	CDPDGKTE:0.21621621621621623	EMAGGVKN:0.24324324324324326	SEMAGGVK:0.2702702702702703	VTVGSEMA:0.3783783783783784	TVGSEMAG:0.35135135135135137	VGSEMAGG:0.35135135135135137	WCAMLDGH:0.21621621621621623	LDGHGGVT:0.35135135135135137	IAWCAMLD:0.21621621621621623	MLDGHGGV:0.2972972972972973	AMLDGHGG:0.21621621621621623	CAMLDGHG:0.21621621621621623	AWCAMLDG:0.21621621621621623	HGGVTVGS:0.32432432432432434	GGVTVGSE:0.32432432432432434	DGHGGVTV:0.32432432432432434	GHGGVTVG:0.32432432432432434	DCVAVKAG:0.21621621621621623	AVKAGKIY:0.21621621621621623	GVTVGSEM:0.2972972972972973	DDCVAVKA:0.21621621621621623	
