cluster number:61
GH28:74	GH28:74|PL9_1:2
GRGGVVEN:0.5	RGGVVENI:0.4864864864864865	PTFQNSPA:0.2702702702702703	SFDVGDDA:0.25675675675675674	DGPTFQNS:0.22972972972972974	GLRFKSTR:0.44594594594594594	VYHGHGGV:0.20270270270270271	NSPAWNLH:0.20270270270270271	IGSEMSGG:0.2702702702702703	TFMGTDVG:0.20270270270270271	TFQNSPAW:0.35135135135135137	VGLRFKST:0.28378378378378377	FMGTDVGL:0.20270270270270271	FLRPVMVS:0.28378378378378377	QNSPAWNL:0.20270270270270271	DVGDDAIC:0.5675675675675675	TRGRGGVV:0.40540540540540543	VIGSEMSG:0.2702702702702703	KSTRGRGG:0.4864864864864865	FQNSPAWN:0.4189189189189189	FKSTRGRG:0.4864864864864865	TDVGLRFK:0.4864864864864865	RFKSTRGR:0.47297297297297297	GSEMSGGV:0.6891891891891891	DFLRPVMV:0.24324324324324326	LLDGPTFQ:0.21621621621621623	GIWLTGPI:0.25675675675675674	LDGPTFQN:0.22972972972972974	LRFKSTRG:0.44594594594594594	GTDVGLRF:0.4864864864864865	GPTFQNSP:0.28378378378378377	SEMSGGVR:0.24324324324324326	STRGRGGV:0.40540540540540543	SPAWNLHP:0.20270270270270271	CTFMGTDV:0.20270270270270271	FDVGDDAI:0.5675675675675675	RGRGGVVE:0.6486486486486487	DVGLRFKS:0.4864864864864865	MGTDVGLR:0.20270270270270271	GDDAICIK:0.44594594594594594	AICIKSGK:0.44594594594594594	VGDDAICI:0.2972972972972973	WLTGPIEL:0.20270270270270271	DDAICIKS:0.44594594594594594	RCQSPISA:0.21621621621621623	DAICIKSG:0.44594594594594594	ICIKSGKD:0.4594594594594595	TDIGLRFK:0.20270270270270271	SQNGDGLD:0.33783783783783783	CIKSGKDE:0.28378378378378377	QNGDGLDL:0.33783783783783783	VGSEMSGG:0.5	DDAICLKS:0.22972972972972974	AICLKSGK:0.20270270270270271	GDDAICLK:0.22972972972972974	DAICLKSG:0.22972972972972974	VVGSEMSG:0.40540540540540543	DGLDLESC:0.28378378378378377	PWYSQNGD:0.5135135135135135	RNPWYSQN:0.3108108108108108	YSQNGDGL:0.25675675675675674	VRNPWYSQ:0.28378378378378377	NPWYSQNG:0.5135135135135135	NGDGLDLE:0.28378378378378377	GDGLDLES:0.28378378378378377	WYSQNGDG:0.3108108108108108	AENIAITG:0.24324324324324326	LHGHGGFV:0.20270270270270271	RRCQSPIS:0.21621621621621623	TRRCQSPI:0.24324324324324326	HGGFVVGS:0.3918918918918919	WYSQNGDA:0.20270270270270271	GHGGFVVG:0.33783783783783783	NAENIAIT:0.20270270270270271	GGGKVIIP:0.24324324324324326	FVVGSEMS:0.3918918918918919	HGHGGFVV:0.2702702702702703	GGFVVGSE:0.3918918918918919	GFVVGSEM:0.3918918918918919	VLHGHGGF:0.20270270270270271	EMSGGVKN:0.28378378378378377	SEMSGGVK:0.2972972972972973	NSPAWNIH:0.22972972972972974	QNSPAWNI:0.20270270270270271	SPAWNIHP:0.22972972972972974	LDLESCKN:0.20270270270270271	DLESCKNA:0.20270270270270271	LESCKNAL:0.20270270270270271	PAWNIHPL:0.20270270270270271	
