cluster number:23
GH28:12	GH28:12
LSVDGANI:0.5	SGTLLLKD:0.25	GTPNHKIG:0.25	RPFLLRFV:0.5833333333333334	GDDAICIK:0.4166666666666667	FGTESMGD:0.9166666666666666	IFIRLGER:0.5833333333333334	KFGTESMG:0.9166666666666666	NDGIDLDS:0.5	LRQPAAWT:0.3333333333333333	MPIFIRLG:0.5833333333333334	LRTYRNAE:0.25	EDETRYPE:0.4166666666666667	ETRYPEFS:0.4166666666666667	PTYNVQVS:0.25	DGIDLDSS:0.5	HLRQPAAW:0.25	DGANIHDV:0.25	IKFGTESM:0.8333333333333334	GERLRTYR:0.5	SVDGANIH:0.3333333333333333	RTYRNAEK:0.25	FIRLGERL:0.5	YDTKGGGI:0.4166666666666667	RLGERLRT:0.5	RYPEFSFF:0.4166666666666667	TRYPEFSF:0.4166666666666667	VDGANIHD:0.3333333333333333	YGLYGRHI:0.25	PIFIRLGE:0.5833333333333334	DETRYPEF:0.4166666666666667	ERLRTYRN:0.25	DYQSIDTF:0.25	RLRTYRNA:0.25	NRPFLLRF:0.5833333333333334	LGERLRTY:0.5	TGTPNHKI:0.4166666666666667	IYDTKGGG:0.3333333333333333	DTKGGGIK:0.5833333333333334	KNNDGIDL:0.4166666666666667	DMPIFIRL:0.5	IRLGERLR:0.3333333333333333	VLPAYGLY:0.3333333333333333	TYRNAEKQ:0.25	VDMPIFIR:0.5	NNDGIDLD:0.5	LKSDWGAI:0.4166666666666667	LKDNVTLQ:0.25	GTESMGDF:0.75	EVPEDETR:0.25	DDAICIKS:0.3333333333333333	AAAWACHF:0.4166666666666667	VPEDETRY:0.25	GTILLKDN:0.25	SGILITGT:0.3333333333333333	FYNIDIRD:0.25	TESMGDFY:0.4166666666666667	TSPLPTYN:0.3333333333333333	GGIKILSV:0.5	GGGIKILS:0.5	TKGGGIKI:0.4166666666666667	PAYGMYAR:0.25	WGAIKFGT:0.6666666666666666	GIDLDSSH:0.4166666666666667	PPSGILIT:0.3333333333333333	TKAIQKAI:0.25	KCSKNGGG:0.25	VSPPSGIL:0.25	SDWGAIKF:0.5	AICIKSTS:0.3333333333333333	EAAAWACH:0.3333333333333333	YARHIKEL:0.3333333333333333	KSTSPLPT:0.4166666666666667	YNIDIRDC:0.25	GAIKFGTE:0.6666666666666666	RVSPPSGI:0.25	SRVSPPSG:0.25	DFYNIDIR:0.25	TILLKDNV:0.25	ESMGDFYN:0.4166666666666667	REAAAWAC:0.3333333333333333	LLKDNVTL:0.3333333333333333	IKNIKATT:0.25	IQKAIDKC:0.3333333333333333	KNIKATTR:0.25	PFLLRFVK:0.4166666666666667	GIKILSVD:0.5	PEDETRYP:0.3333333333333333	STSPLPTY:0.3333333333333333	SPPSGILI:0.25	KGGGIKIL:0.3333333333333333	IDLDSSHD:0.3333333333333333	IDKCSKNG:0.25	MGDFYNID:0.25	PSGILITG:0.3333333333333333	AIKFGTES:0.6666666666666666	NTKAIQKA:0.25	DWGAIKFG:0.5	SGDDAICI:0.3333333333333333	SPLPTYNV:0.3333333333333333	ICIKSTSP:0.3333333333333333	AIQKAIDK:0.3333333333333333	ILSVDGAN:0.4166666666666667	IKSTSPLP:0.4166666666666667	DKCSKNGG:0.25	ARHIKELK:0.25	KSDWGAIK:0.4166666666666667	AYGMYARH:0.25	DAICIKST:0.3333333333333333	KILSVDGA:0.4166666666666667	YGMYARHI:0.25	GDFYNIDI:0.25	RGTCLIGA:0.25	SMGDFYNI:0.3333333333333333	SGTILLKD:0.25	KAIQKAID:0.25	FLLRFVKS:0.3333333333333333	KDNVTLQI:0.25	GILITGTP:0.3333333333333333	CIKSTSPL:0.4166666666666667	IKILSVDG:0.5	NKNNDGID:0.3333333333333333	WACHFYQS:0.25	ANKNNDGI:0.3333333333333333	KGDSLTIN:0.25	EFSFFKVL:0.25	ITGTPNHK:0.25	GQERGTCL:0.25	YNHANKNN:0.3333333333333333	QERGTCLI:0.25	SFFKVLPA:0.25	IYNHANKN:0.3333333333333333	FKVLPAYG:0.25	PEFSFFKV:0.25	AAWACHFY:0.25	ERGTCLIG:0.25	FSFFKVLP:0.25	LVGSSNPQ:0.25	AKLVGSSN:0.25	GDSLTINT:0.25	AWACHFYQ:0.25	FFKVLPAY:0.25	YPEFSFFK:0.25	VGSSNPQD:0.25	IDSGDDAI:0.25	GAKGDSLT:0.25	KLVGSSNP:0.3333333333333333	DSGDDAIC:0.25	NHANKNND:0.3333333333333333	GSSNPQDY:0.25	AKGDSLTI:0.25	HANKNNDG:0.3333333333333333	IKLLSVDG:0.25	GIKLLSVD:0.25	NVDMPIFI:0.25	GGGIKLLS:0.25	GGIKLLSV:0.25	GDDAICFK:0.25	
