cluster number:15
GH28:158	GH28:158|CE8:4|3.2.1.15:2
KSDRSRGG:0.21518987341772153	NGLRIKSD:0.34177215189873417	IKSDRSRG:0.21518987341772153	ISTGDDNV:0.33544303797468356	DDNVAIKA:0.5822784810126582	TGDDNVAI:0.569620253164557	GDDNVAIK:0.6329113924050633	GLRIKSDR:0.2088607594936709	GHGMSIGS:0.620253164556962	TTNGLRIK:0.31645569620253167	STGDDNVA:0.33544303797468356	TNGLRIKS:0.3291139240506329	HGMSIGSE:0.569620253164557	DNVAIKAG:0.310126582278481	GTTNGLRI:0.31645569620253167	ITLYQITL:0.2721518987341772	GSGIYGKG:0.3860759493670886	SGPLTIPS:0.3860759493670886	PLTIPSGV:0.36075949367088606	GPLTIPSG:0.3924050632911392	ARNTDGID:0.5	RNTDGIDP:0.5063291139240507	IYGKGTID:0.34810126582278483	IPSGVSLL:0.2468354430379747	GKGTIDGQ:0.34810126582278483	GIYGKGTI:0.3670886075949367	YGKGTIDG:0.4050632911392405	SGIYGKGT:0.34810126582278483	PSGVSLLV:0.23417721518987342	GMSIGSET:0.3291139240506329	NSPNFHVV:0.2088607594936709	LYQITLKN:0.2088607594936709	GTIDGQGG:0.4240506329113924	KGTIDGQG:0.31645569620253167	TLYQITLK:0.2088607594936709	DITLYQIT:0.3037974683544304	LTIPSGVS:0.20253164556962025	GSQNVTIA:0.2088607594936709	TIPSGVSL:0.2088607594936709	TIDGQGGV:0.20253164556962025	
