cluster number:16
GH28:41	GH28:41
GDGKTLNT:0.24390243902439024	HSVSILEF:0.21951219512195122	SFNLTSHL:0.3902439024390244	SGWDEYGI:0.5365853658536586	VGDGKTLN:0.24390243902439024	SVSILEFG:0.21951219512195122	LEFGAVGD:0.24390243902439024	GGAQLYVP:0.3902439024390244	SIHPVYCS:0.24390243902439024	GAVGDGKT:0.24390243902439024	SSDNVCIE:0.21951219512195122	ILEFGAVG:0.24390243902439024	SNLTFLNA:0.21951219512195122	LTSHLTLF:0.34146341463414637	PDSSDNVC:0.21951219512195122	DKGGAQLY:0.4146341463414634	VSILEFGA:0.24390243902439024	LTGSFNLT:0.34146341463414637	SDNVCIED:0.21951219512195122	YLKSFADK:0.2682926829268293	SHLTLFLE:0.3170731707317073	KGGAQLYV:0.3902439024390244	FGAVGDGK:0.24390243902439024	AVGDGKTL:0.24390243902439024	LKSGWDEY:0.21951219512195122	LKSFADKG:0.2682926829268293	TSHLTLFL:0.34146341463414637	FYLKSFAD:0.2682926829268293	DSSDNVCI:0.21951219512195122	PHSVSILE:0.21951219512195122	EFGAVGDG:0.5853658536585366	TGNNGTID:0.21951219512195122	AQLYVPPG:0.24390243902439024	FADKGGAQ:0.5121951219512195	AISLKSGW:0.21951219512195122	KSGWDEYG:0.4146341463414634	GAQLYVPP:0.24390243902439024	FQNAIFYL:0.4146341463414634	ISLKSGWD:0.2682926829268293	PLPSYGRG:0.43902439024390244	WLTGSFNL:0.36585365853658536	SFADKGGA:0.6097560975609756	KSFADKGG:0.2926829268292683	ADKGGAQL:0.4878048780487805	TGSFNLTS:0.34146341463414637	GSFNLTSH:0.36585365853658536	RPHSVSIL:0.21951219512195122	VEPLPSYG:0.24390243902439024	FNLTSHLT:0.3902439024390244	SILEFGAV:0.24390243902439024	NLTSHLTL:0.36585365853658536	NLTFLNAP:0.21951219512195122	AFQNAIFY:0.3902439024390244	GNNGTIDG:0.21951219512195122	GSEMSGGI:0.6097560975609756	MSGGISDV:0.21951219512195122	NIHPVYCS:0.21951219512195122	EMSGGISD:0.36585365853658536	ISNLTFLN:0.2682926829268293	SEMSGGIS:0.4634146341463415	FGSEMSGG:0.4146341463414634	GRWLTGSF:0.36585365853658536	NTKAFQNA:0.24390243902439024	ITEFGAVG:0.3170731707317073	LFVPAGRW:0.24390243902439024	TLNTKAFQ:0.24390243902439024	PAGRWLTG:0.24390243902439024	PGRGGYVR:0.24390243902439024	FVPAGRWL:0.24390243902439024	NGTIDGQG:0.34146341463414637	YTRPHLVE:0.21951219512195122	AGRWLTGS:0.21951219512195122	TEFGAVGD:0.3170731707317073	LNTKAFQN:0.24390243902439024	VPAGRWLT:0.24390243902439024	IHPVYCSN:0.21951219512195122	KTAPGRGG:0.3170731707317073	RIKTAPGR:0.2682926829268293	APGRGGYV:0.2682926829268293	TAPGRGGY:0.3170731707317073	IKTAPGRG:0.2682926829268293	AFGSEMSG:0.2682926829268293	GWDEYGIS:0.21951219512195122	GAVGDGVT:0.21951219512195122	LPSYGRGR:0.21951219512195122	FGAVGDGV:0.21951219512195122	IKSGWDEY:0.21951219512195122	DPLPSYGR:0.2682926829268293	
