cluster number:63
GH28:137	GH28:137
TGSSPFAG:0.2773722627737226	GDVGDHPD:0.26277372262773724	SGWDEYGI:0.7153284671532847	LIAPLPSY:0.21897810218978103	WNIHPVYC:0.49635036496350365	GRGRELPG:0.3284671532846715	GTIDGQGD:0.21897810218978103	PNTDGIDP:0.6204379562043796	FWNIHPVY:0.48175182481751827	WPLIAPLP:0.21897810218978103	PFWNIHPV:0.4744525547445255	YMSFIHGD:0.23357664233576642	NSPFWNIH:0.38686131386861317	DSPNTDGI:0.5620437956204379	GIAIGSET:0.2116788321167883	PLIAPLPS:0.21897810218978103	NLTSHMTL:0.38686131386861317	VAVKSGWD:0.45985401459854014	ITGENGTI:0.39416058394160586	SSPFAGIA:0.27007299270072993	AGIAIGSE:0.23357664233576642	IGSETSGG:0.21897810218978103	TSHMTLYL:0.23357664233576642	WWNMWRQR:0.2116788321167883	IAPLPSYG:0.22627737226277372	FNLTSHMT:0.40145985401459855	NTDGIDPD:0.6131386861313869	KTNIGRGG:0.26277372262773724	SPFWNIHP:0.46715328467153283	VCIEDSYI:0.35036496350364965	RRITGSSP:0.22627737226277372	SPNTDGID:0.5620437956204379	IITGENGT:0.20437956204379562	SYGRGREL:0.3284671532846715	TDFGGVGD:0.34306569343065696	TDGIDPDS:0.6131386861313869	SETSGGVE:0.2116788321167883	RYMSFIHG:0.24087591240875914	KSGWDEYG:0.7372262773722628	IIISNVIF:0.20437956204379562	LPSYGRGR:0.7883211678832117	MSFIHGDG:0.24087591240875914	TGENGTID:0.41605839416058393	GSETSGGV:0.29927007299270075	AVKSGWDE:0.40145985401459855	ENGTIDGQ:0.41605839416058393	SHMTLYLA:0.22627737226277372	PLPSYGRG:0.6788321167883211	APLPSYGR:0.22627737226277372	GENGTIDG:0.4306569343065693	AGDVGDHP:0.2116788321167883	VIITGENG:0.20437956204379562	TIRRITGS:0.20437956204379562	DVIITGEN:0.20437956204379562	DFGGVGDG:0.48905109489051096	IAIGSETS:0.2116788321167883	SFNLTSHM:0.291970802919708	VKSGWDEY:0.40875912408759124	NGTIDGQG:0.7007299270072993	PSYGRGRE:0.583941605839416	GWDEYGIA:0.45255474452554745	ITIRRITG:0.20437956204379562	YGRGRELP:0.3284671532846715	AIGSETSG:0.2116788321167883	LTSHMTLY:0.22627737226277372	GSSPFAGI:0.26277372262773724	GIDPDSSS:0.4233576642335766	YGIAYGRP:0.32116788321167883	GRYMSFIH:0.21897810218978103	SYGRGRER:0.23357664233576642	FGGVGDGR:0.24087591240875914	SNVCIEDS:0.25547445255474455	GGVGDGRT:0.23357664233576642	SYISTGDD:0.291970802919708	GGRYMSFI:0.21897810218978103	TGDDLVAV:0.26277372262773724	EYGIAYGR:0.291970802919708	DDLVAVKS:0.32116788321167883	GIAYGRPS:0.32116788321167883	DEYGIAYG:0.34306569343065696	PDSSSNVC:0.34306569343065696	GDDLVAVK:0.32116788321167883	EDSYISTG:0.291970802919708	CIEDSYIS:0.31386861313868614	DSSSNVCI:0.34306569343065696	STGDDLVA:0.34306569343065696	IAYGRPSS:0.24817518248175183	SSSNVCIE:0.34306569343065696	PGGRYMSF:0.21897810218978103	DSYISTGD:0.291970802919708	DPDSSSNV:0.34306569343065696	NVCIEDSY:0.30656934306569344	DLVAVKSG:0.32116788321167883	WDEYGIAY:0.3722627737226277	IEDSYIST:0.291970802919708	IDPDSSSN:0.34306569343065696	DGIDPDSS:0.5547445255474452	LVAVKSGW:0.32116788321167883	ISTGDDLV:0.35036496350364965	SSNVCIED:0.34306569343065696	YISTGDDL:0.3284671532846715	DCYIVSGD:0.20437956204379562	GSEMSGGI:0.34306569343065696	IALGSEMS:0.24817518248175183	CYIVSGDD:0.20437956204379562	YIVSGDDC:0.24817518248175183	EDCYIVSG:0.20437956204379562	ALGSEMSG:0.2846715328467153	LGSEMSGG:0.2846715328467153	RRLTCISP:0.20437956204379562	DGINPDSC:0.2116788321167883	IEDCYIVS:0.20437956204379562	VGSETSGG:0.2116788321167883	AVGSETSG:0.20437956204379562	AIKSGWDE:0.291970802919708	HPVYCSNV:0.4233576642335766	NIHPVYCS:0.40875912408759124	RGRELPGG:0.21897810218978103	IHPVYCSN:0.3722627737226277	GRELPGGR:0.21897810218978103	VYCSNVVI:0.29927007299270075	RELPGGRY:0.20437956204379562	YCSNVVIR:0.2116788321167883	PVYCSNVV:0.39416058394160586	IKSGWDEY:0.32116788321167883	TDGINPDS:0.20437956204379562	SFIHGDGL:0.22627737226277372	IDPLPSYG:0.20437956204379562	VAIKSGWD:0.2116788321167883	DPLPSYGR:0.24087591240875914	LTGSFNLT:0.29927007299270075	WLTGSFNL:0.25547445255474455	TGSFNLTS:0.31386861313868614	GSFNLTSH:0.26277372262773724	PSYGRGRD:0.20437956204379562	
