cluster number:13
GH63:54	GH63:54
MSKNWMTN:0.2222222222222222	PDGYWRGP:0.24074074074074073	DGYWRGPI:0.6481481481481481	KNWMTNIW:0.2037037037037037	KPPIHGWT:0.24074074074074073	YMSKNWMT:0.2037037037037037	HGNDSGWD:0.8333333333333334	GNDSGWDN:0.8333333333333334	GAGLRDRA:0.2037037037037037	GYWRGPIW:0.6481481481481481	NWMTNIWS:0.2037037037037037	WMTNIWSW:0.2037037037037037	NDSGWDNS:0.24074074074074073	SKNWMTNI:0.2037037037037037	DSGWDNST:0.24074074074074073	PPIHGWTL:0.2037037037037037	RGPIWAPS:0.3333333333333333	MTNIWSWD:0.2037037037037037	YWRGPIWA:0.6851851851851852	TWTSSVFL:0.25925925925925924	FTWTSSVF:0.24074074074074073	GPIWAPST:0.3333333333333333	WRGPIWAP:0.6851851851851852	NDSGWDNA:0.5925925925925926	ENFDALTG:0.48148148148148145	SWDHCFNA:0.7037037037037037	AENFDALT:0.48148148148148145	WSWDHCFN:0.7037037037037037	YQHGNDSG:0.5185185185185185	QHGNDSGW:0.5185185185185185	GEGLRDRA:0.2222222222222222	KPPIHGWA:0.48148148148148145	TGEGLRDR:0.2037037037037037	PPIHGWAL:0.3333333333333333	YETGRRYR:0.3888888888888889	LAAYVLWS:0.25925925925925924	DRAYTWTA:0.5555555555555556	VTHSEVLY:0.24074074074074073	HSEVLYNF:0.2777777777777778	KVWSWDHC:0.5	FTSYETGR:0.2777777777777778	MSKHWMDK:0.5	SVTHSEVL:0.25925925925925924	NFVKPPIH:0.42592592592592593	TPAAELAA:0.3148148148148148	VLMSKHWM:0.48148148148148145	FVKPPIHG:0.42592592592592593	DKVWSWDH:0.5185185185185185	SYETGRRY:0.37037037037037035	PAAELAAY:0.3148148148148148	THSEVLYN:0.2962962962962963	TSYETGRR:0.37037037037037035	LIEDGLRR:0.2777777777777778	RGPIWAPA:0.24074074074074073	LPDSVTHS:0.3148148148148148	PIWAPATV:0.2222222222222222	AYVLWSAT:0.35185185185185186	AVLMSKHW:0.35185185185185186	ALPDSVTH:0.3148148148148148	DNATTFDP:0.2222222222222222	ISARFRAL:0.2037037037037037	ELAAYVLW:0.2037037037037037	AELAAYVL:0.2037037037037037	WDNATTFD:0.37037037037037035	SGWDNATT:0.37037037037037035	HCFNALAL:0.37037037037037035	WDHCFNAL:0.37037037037037035	RDRAYTWT:0.5555555555555556	YVLWSATV:0.3888888888888889	VWSWDHCF:0.5555555555555556	SKHWMDKV:0.5	GPIWAPAT:0.24074074074074073	VKPPIHGW:0.48148148148148145	GLRDRAYT:0.5555555555555556	DSVTHSEV:0.25925925925925924	ARFRALCE:0.2037037037037037	AAELAAYV:0.3148148148148148	GALPDSVT:0.3333333333333333	YNFVKPPI:0.37037037037037035	TGRRYRVT:0.24074074074074073	HWMDKVWS:0.5	AAYVLWSA:0.35185185185185186	SARFRALC:0.2037037037037037	PAVLMSKH:0.2777777777777778	DHCFNALA:0.37037037037037035	LRDRAYTW:0.5555555555555556	RAYTWTAA:0.2037037037037037	RPAVLMSK:0.2777777777777778	GWDNATTF:0.37037037037037035	VFTSYETG:0.3333333333333333	MDKVWSWD:0.5185185185185185	TVLIEDGL:0.25925925925925924	WMDKVWSW:0.5185185185185185	DSGWDNAT:0.5370370370370371	KHWMDKVW:0.5	VLYNFVKP:0.2777777777777778	VLIEDGLR:0.25925925925925924	LMSKHWMD:0.5	DLHLVSHQ:0.24074074074074073	SEVLYNFV:0.2777777777777778	GFAENFDA:0.5925925925925926	LYNFVKPP:0.37037037037037035	FAENFDAL:0.3888888888888889	PDSVTHSE:0.3148148148148148	ETGRRYRV:0.25925925925925924	IWAPATVL:0.2222222222222222	SGALPDSV:0.2222222222222222	EVLYNFVK:0.2777777777777778	LTPFSGTY:0.2222222222222222	RAYTWTAS:0.3333333333333333	LPHYQHGN:0.2222222222222222	EDGLRRAG:0.37037037037037035	TADLAAFL:0.2037037037037037	SGFAENFD:0.37037037037037035	ADGYWRGP:0.3148148148148148	PHYQHGND:0.24074074074074073	HYQHGNDS:0.3148148148148148	IEDGLRRA:0.2222222222222222	CFNALALA:0.35185185185185186	FNALALAP:0.2037037037037037	DGLRRAGH:0.24074074074074073	
