cluster number:18
GH63:96	GH63:96|3.2.1.170:1
VHPWESGL:0.20833333333333334	IVHPWESG:0.3333333333333333	GRVPHIVF:0.4895833333333333	YPHQWSWD:0.8854166666666666	LYPHQWSW:0.8854166666666666	PWESGLDN:0.21875	HPWESGLD:0.21875	DGRVPHIV:0.4895833333333333	ESGLDNSP:0.22916666666666666	WESGLDNS:0.22916666666666666	AALTLDLL:0.23958333333333334	SWDSAFIA:0.5104166666666666	RVPHIVFN:0.3958333333333333	SGFAEYVD:0.2916666666666667	DYGRYVRL:0.5416666666666666	AYFPSPDF:0.4479166666666667	PSRTLYPH:0.3229166666666667	RPTDLDYG:0.5208333333333334	GIVQPPVH:0.6666666666666666	DSAFIAIG:0.4583333333333333	QTSGIVQP:0.2708333333333333	VHALAAWL:0.3958333333333333	DLDYGRYV:0.5208333333333334	RYWRGPAW:0.5416666666666666	DRPTDLDY:0.5	ADGRVPHI:0.21875	AAQWADGR:0.21875	MDNSPCWD:0.40625	AQWADGRV:0.21875	PHQWSWDS:0.7916666666666666	IAIGLRHL:0.21875	SRTLYPHQ:0.3229166666666667	IVQPPVHA:0.6666666666666666	RLVPSYDL:0.2708333333333333	WDSAFIAI:0.4583333333333333	VPSRTLYP:0.3229166666666667	VQPPVHAL:0.6354166666666666	PHIVFNPA:0.3645833333333333	RRADLDHG:0.4166666666666667	AGRAAGAP:0.23958333333333334	HIVFNPAV:0.20833333333333334	GMDNSPCW:0.40625	GFAEYVDP:0.3333333333333333	QPPVHALA:0.6145833333333334	TVPSRTLY:0.3229166666666667	LDYGRYVR:0.5	ALAAWLVH:0.3958333333333333	HALAAWLV:0.3958333333333333	PVHALAAW:0.4270833333333333	TRLVPSYD:0.25	HQWSWDSA:0.7604166666666666	WRGPAWFN:0.5520833333333334	VPHIVFNP:0.3854166666666667	YFPSPDFW:0.4479166666666667	TDLDYGRY:0.5208333333333334	FIAIGLRH:0.3125	SAFIAIGL:0.3958333333333333	TLYPHQWS:0.3333333333333333	RDLGGGGL:0.3020833333333333	RTLYPHQW:0.3229166666666667	RGPAWFNT:0.40625	QWADGRVP:0.21875	WSWDSAFI:0.53125	YGRYVRLA:0.5416666666666666	AFIAIGLR:0.3125	DAYFPSPD:0.3645833333333333	WADGRVPH:0.21875	PTDLDYGR:0.5208333333333334	FRRADLDH:0.3645833333333333	YWRGPAWF:0.5520833333333334	SGIVQPPV:0.6666666666666666	RRDLGGGG:0.22916666666666666	QWSWDSAF:0.7395833333333334	AIGLRHLS:0.3541666666666667	TSGIVQPP:0.71875	PPVHALAA:0.5520833333333334	IGLRHLSP:0.2604166666666667	PARSFRRA:0.21875	PAPARSFR:0.21875	WEQGMDNS:0.2708333333333333	EDPAFNAL:0.3229166666666667	VHPWEQGM:0.2708333333333333	DPGLSRAR:0.20833333333333334	FNALLIAS:0.3229166666666667	VPSYDLLG:0.25	WSWDSAFV:0.20833333333333334	ARSFRRAD:0.21875	RSFRRADL:0.21875	EQGMDNSP:0.2708333333333333	SVVHPWEQ:0.23958333333333334	FAVEDPAF:0.3125	VEDPAFNA:0.3125	LSRARGFL:0.21875	SFRRADLD:0.23958333333333334	ELETLLAA:0.2604166666666667	LAAWHRYL:0.3020833333333333	QGMDNSPC:0.21875	LETLLAAQ:0.2604166666666667	ETSGIVQP:0.28125	ADPGLSRA:0.20833333333333334	LVPSYDLL:0.25	AAQWGDGR:0.20833333333333334	WLLERGLR:0.3333333333333333	APARSFRR:0.21875	DPAFNALL:0.3125	PWEQGMDN:0.28125	ETLLAAQW:0.2604166666666667	HPWEQGMD:0.28125	NALLIASE:0.40625	AVEDPAFN:0.3125	AAWHRYLL:0.23958333333333334	PAFNALLI:0.28125	VVHPWEQG:0.2708333333333333	GLYPHQWS:0.23958333333333334	AFNALLIA:0.23958333333333334	HPWESGMD:0.22916666666666666	AEYVDPYT:0.3020833333333333	FAEYVDPY:0.3020833333333333	RYWRGPSW:0.22916666666666666	GRYVRLAA:0.3020833333333333	YVRLAADY:0.25	PRLAAWHR:0.23958333333333334	RYVRLAAD:0.25	ALLIASEH:0.25	LIASEHAL:0.25	GRIPHIVF:0.2604166666666667	FWRSSTAG:0.2604166666666667	WTAALALD:0.25	VRLAADYR:0.25	TAALALDL:0.25	EYVDPYTG:0.25	IASEHALA:0.23958333333333334	RIPHIVFN:0.25	RLAAWHRY:0.23958333333333334	RADLDHGA:0.23958333333333334	RLAADYRD:0.20833333333333334	DGRIPHIV:0.2604166666666667	LLIASEHA:0.25	IPHIVFNP:0.23958333333333334	WRSSTAGR:0.21875	LAAWLVHR:0.25	PSPDFWRS:0.3958333333333333	SPDFWRSS:0.3229166666666667	DFWRSSTA:0.23958333333333334	VPLDAYFP:0.28125	PLDAYFPS:0.28125	FPSPDFWR:0.3958333333333333	LDAYFPSP:0.28125	AWLVHRAD:0.21875	WLVHRADP:0.23958333333333334	AAWLVHRA:0.21875	EDRPTDLD:0.20833333333333334	PDFWRSST:0.2604166666666667	
