cluster number:22
GH63:27	GH63:27|3.2.1.170:1
PFQWNWDS:0.2222222222222222	GISQPPVA:0.2962962962962963	YPFQWNWD:0.2222222222222222	WESGRDNC:0.25925925925925924	GRDNCPDW:0.25925925925925924	SGISQPPV:0.3333333333333333	SGRDNCPD:0.25925925925925924	RYWRGPVW:0.6666666666666666	HPWESGRD:0.6296296296296297	PWESGRDN:0.6296296296296297	ISQPPVAA:0.2962962962962963	RDNCPDWD:0.25925925925925924	TSGISQPP:0.25925925925925924	SQPPVAAT:0.25925925925925924	ESGRDNCP:0.25925925925925924	YQWNWDSA:0.4444444444444444	LYPYQWNW:0.6296296296296297	NWDSAFAA:0.3333333333333333	GMVPHIVF:0.25925925925925924	YPYQWNWD:0.6296296296296297	GLYPYQWN:0.5925925925925926	QWNWDSAF:0.5555555555555556	WNWDSAFA:0.4074074074074074	KGLYPYQW:0.3333333333333333	TKGLYPYQ:0.2962962962962963	PYQWNWDS:0.6296296296296297	TWTAAVWL:0.2222222222222222	FTWTAAVW:0.2222222222222222	PTKGLYPY:0.2962962962962963	HSQPPVAA:0.2222222222222222	DRGGYTVP:0.25925925925925924	MVPHIIFH:0.2222222222222222	RGGYTVPT:0.25925925925925924	SQPPVAAS:0.2222222222222222	IHPWESGR:0.25925925925925924	GMVPHIIF:0.25925925925925924	NDRGGYTV:0.25925925925925924	SGHSQPPV:0.2222222222222222	GHSQPPVA:0.2222222222222222	WTAAIWLT:0.2222222222222222	TAAIWLTW:0.2222222222222222	LRYWRGPV:0.25925925925925924	GMVPHILF:0.2222222222222222	
