cluster number:2
GH63:86	GH63:86
IAAAWESG:0.23255813953488372	AWESGMDN:0.872093023255814	AAWESGMD:0.8255813953488372	EGWLPLWA:0.313953488372093	GYWRGPVW:0.26744186046511625	AAAWESGM:0.8255813953488372	EYGSTDGT:0.3488372093023256	CEYGSTDG:0.3488372093023256	RGPVWLDQ:0.5232558139534884	GNWNERNS:0.36046511627906974	SDLGAWHG:0.23255813953488372	AWHGYYLP:0.2558139534883721	AVIEAAAW:0.2441860465116279	AYLYAEKG:0.20930232558139536	QGYLDKTF:0.22093023255813954	WNERNSKP:0.4418604651162791	MWAWDSWK:0.2441860465116279	NSKPPLAA:0.3372093023255814	PPLAAWAV:0.6162790697674418	NERNSKPP:0.3953488372093023	PFPTASKD:0.20930232558139536	ESVDLNAY:0.6511627906976745	NWNERNSK:0.4418604651162791	GFFYDLQI:0.20930232558139536	LGAWHGYY:0.22093023255813954	DNATRFDK:0.23255813953488372	HNWWYTNR:0.2558139534883721	GEGGNWNE:0.3023255813953488	VGYSINQE:0.2441860465116279	MDNATRFD:0.2441860465116279	WRGPVWLD:0.5232558139534884	SINQESVD:0.26744186046511625	RGGEGGNW:0.29069767441860467	IEAAAWES:0.313953488372093	GIVPSMSY:0.20930232558139536	RNSKPPLA:0.4069767441860465	EMYPKLVA:0.2441860465116279	VWLDQALF:0.3023255813953488	VNRGKGTE:0.22093023255813954	HDGIVPSM:0.2558139534883721	NQESVDLN:0.5465116279069767	LLVNRGKG:0.22093023255813954	WESGMDNA:0.9069767441860465	GMDNATRF:0.2441860465116279	TGFFYDLQ:0.2441860465116279	RALFDYQI:0.27906976744186046	RGKGTEGW:0.27906976744186046	RWQGYLDK:0.22093023255813954	TKNFSWSA:0.22093023255813954	KLLVNRGK:0.22093023255813954	FPTASKDN:0.20930232558139536	GPVWLDQA:0.47674418604651164	DLNAYLYA:0.45348837209302323	KEMYPKLV:0.4418604651162791	EFLKEMYP:0.22093023255813954	SGMDNATR:0.2441860465116279	QESVDLNA:0.6511627906976745	MYPKLVAY:0.32558139534883723	NWRSAAGA:0.2558139534883721	WQGYLDKT:0.22093023255813954	GMWAWDSW:0.2441860465116279	NWWYTNRD:0.2558139534883721	ENYDPLTG:0.2441860465116279	DLGAWHGY:0.23255813953488372	IAEEYPVN:0.23255813953488372	FNPELAKN:0.23255813953488372	GAWHGYYL:0.2558139534883721	SVDLNAYL:0.6511627906976745	KHDGIVPS:0.27906976744186046	LKEMYPKL:0.29069767441860467	EGGNWNER:0.3023255813953488	ERNSKPPL:0.3953488372093023	LVNRGKGT:0.22093023255813954	DGIVPSMS:0.2558139534883721	NPELAKNN:0.20930232558139536	LNAYLYAE:0.45348837209302323	TNWRSAAG:0.29069767441860467	FSDLGAWH:0.2441860465116279	VIEAAAWE:0.2441860465116279	ALFDYQIQ:0.22093023255813954	ATRFDKEG:0.23255813953488372	NATRFDKE:0.23255813953488372	SKPPLAAW:0.3372093023255814	ESGMDNAT:0.2441860465116279	VDLNAYLY:0.45348837209302323	MSYKWFIG:0.20930232558139536	YSINQESV:0.26744186046511625	EAAAWESG:0.4186046511627907	KYWRGPVW:0.29069767441860467	KPPLAAWA:0.6162790697674418	VPSMSYKW:0.22093023255813954	YPKLVAYH:0.3372093023255814	PSMSYKWF:0.2441860465116279	AEEYPVNL:0.23255813953488372	NRGKGTEG:0.26744186046511625	KNGIAEYG:0.2558139534883721	NFSWSAAA:0.22093023255813954	PVWLDQAL:0.3372093023255814	YWRGPVWL:0.5232558139534884	NAYLYAEK:0.4418604651162791	IVPSMSYK:0.20930232558139536	GGNWNERN:0.47674418604651164	YHNWWYTN:0.2558139534883721	INQESVDL:0.313953488372093	IIAEEYPV:0.22093023255813954	WLDQALFG:0.26744186046511625	PLAAWAVW:0.6046511627906976	SMSYKWFI:0.20930232558139536	GYSINQES:0.29069767441860467	FLKEMYPK:0.29069767441860467	GGEGGNWN:0.29069767441860467	SGMDNAPR:0.20930232558139536	WDSWKQAV:0.36046511627906974	ESGMDNAP:0.20930232558139536	WWYTNRDH:0.20930232558139536	GFWSWDSW:0.20930232558139536	GMDNAVRF:0.29069767441860467	FSDMGAWH:0.2558139534883721	NWRDTKPP:0.20930232558139536	GAWHAYAL:0.26744186046511625	MDNAVRFD:0.29069767441860467	ENNWRDTK:0.20930232558139536	DMGAWHAY:0.20930232558139536	FWSWDSWK:0.20930232558139536	EGWIPLWA:0.27906976744186046	SGMDNAVR:0.29069767441860467	NNWRDTKP:0.20930232558139536	TKPPLAAW:0.20930232558139536	AWHAYALP:0.26744186046511625	WRDTKPPL:0.20930232558139536	ESGMDNAV:0.29069767441860467	
