cluster number:7
PL4:34	PL4_2:25|PL4:9|4.2.2.23:1
MYDYIRLE:0.5882352941176471	PRNGPTLW:0.20588235294117646	GPVFIYLN:0.20588235294117646	WVPGFIGD:0.29411764705882354	GPTLWEIG:0.4411764705882353	NGPTLWEI:0.20588235294117646	DNAIARHG:0.3235294117647059	LTSHVGPT:0.47058823529411764	RNGPTLWE:0.20588235294117646	DKFRQYGL:0.20588235294117646	IARHGIHG:0.6176470588235294	AIARHGIH:0.4117647058823529	PVFIYLNS:0.20588235294117646	NAIARHGI:0.4117647058823529	KFRQYGLW:0.2647058823529412	DRSAAEFY:0.20588235294117646	GIHGLYWL:0.23529411764705882	GRLLVRDR:0.20588235294117646	WKKVFGPV:0.20588235294117646	HGIHGLYW:0.2647058823529412	RQYGLWER:0.47058823529411764	VYEPPRDG:0.23529411764705882	GSWQRECK:0.2647058823529412	KGEVDDKY:0.3235294117647059	ARHGIHGL:0.47058823529411764	RHGIHGLY:0.5	ITPSNEFR:0.2647058823529412	FKGEVDDK:0.23529411764705882	PDRSAAEF:0.38235294117647056	GDVGSWQR:0.20588235294117646	ECKGYQFW:0.23529411764705882	KKVFGPVF:0.20588235294117646	QYGLWERY:0.47058823529411764	PGFIGDYK:0.20588235294117646	VDDKYQYS:0.5	RGEVDDKY:0.3235294117647059	WERYAELY:0.2647058823529412	AWVPGFIG:0.2647058823529412	LYAWVPGF:0.3235294117647059	DKYQYSCE:0.29411764705882354	LAYPEAVL:0.29411764705882354	NLTSHVGP:0.2647058823529412	FRQYGLWE:0.3235294117647059	GEVDDKYQ:0.5294117647058824	AYPEAVLL:0.29411764705882354	ERYAELYP:0.2647058823529412	RFRQYGLW:0.29411764705882354	NLYAWVPG:0.29411764705882354	DDKYQYSC:0.35294117647058826	PLNIDKRF:0.23529411764705882	QNLTSHVG:0.2647058823529412	AYVGLALP:0.20588235294117646	IGIPDRSA:0.29411764705882354	EIGIPDRS:0.29411764705882354	YAWVPGFI:0.23529411764705882	YGLWERYA:0.3235294117647059	RYAELYPD:0.2647058823529412	YEPPRDGP:0.20588235294117646	LWERYAEL:0.2647058823529412	VPGFIGDY:0.2647058823529412	YNLYAWVP:0.3235294117647059	EAVLLVDP:0.20588235294117646	DRFRQYGL:0.29411764705882354	GLWERYAE:0.2647058823529412	WEIGIPDR:0.4411764705882353	YVGLALPG:0.20588235294117646	EVDDKYQY:0.5588235294117647	EPPRDGPT:0.23529411764705882	KQNLTSHV:0.2647058823529412	KDWFFAHV:0.20588235294117646	SKGYQFWT:0.2647058823529412	YDYIRLEG:0.2647058823529412	ESKGYQFW:0.2647058823529412	DYIRLEGP:0.2647058823529412	IPDRSAAE:0.20588235294117646	GIPDRSAA:0.20588235294117646	LWEIGIPD:0.23529411764705882	KYQYSCEN:0.23529411764705882	PTLWEIGI:0.23529411764705882	TLWEIGIP:0.23529411764705882	DLTSHVGP:0.20588235294117646	QDLTSHVG:0.20588235294117646	GPVFVYLN:0.20588235294117646	KQDLTSHV:0.20588235294117646	GFIGDYKY:0.23529411764705882	PFQGVMYD:0.20588235294117646	FQGVMYDY:0.23529411764705882	VMYDYIRL:0.2647058823529412	NYTLQLAL:0.20588235294117646	FRGEVDDK:0.20588235294117646	AYKEAVLL:0.20588235294117646	GVMYDYIR:0.29411764705882354	YTLQLALA:0.2647058823529412	LAYKEAVL:0.20588235294117646	
