cluster number:24
GT21:33	GT21:33
YLGLIFTY:0.24242424242424243	AIADYLAD:0.3939393939393939	ADDFQLGY:0.5757575757575758	IADYLADD:0.42424242424242425	YQIIFAVR:0.21212121212121213	CQQDYPEY:0.2727272727272727	LGLIFTYG:0.24242424242424243	SRPWGYLG:0.30303030303030304	GYLGLIFT:0.36363636363636365	LADDFQLG:0.6363636363636364	DDFQLGYL:0.5757575757575758	DYLADDFQ:0.5151515151515151	FCQQDYPE:0.2727272727272727	ADYLADDF:0.5151515151515151	PWGYLGLI:0.2727272727272727	FHAGVLVS:0.24242424242424243	YLADDFQL:0.5454545454545454	RPWGYLGL:0.36363636363636365	ADSDIRVG:0.30303030303030304	GNTIEWRG:0.21212121212121213	LKVSNLAN:0.45454545454545453	LQRVIQPL:0.21212121212121213	YLQRVIQP:0.30303030303030304	LASFCQQD:0.36363636363636365	DFQLGYLP:0.48484848484848486	NLKVSNLA:0.45454545454545453	ASFCQQDY:0.48484848484848486	QDYPEYQI:0.2727272727272727	KVSNLANA:0.45454545454545453	DYLQRVIQ:0.30303030303030304	HAGVLVSN:0.21212121212121213	YPEYQIIF:0.24242424242424243	QQDYPEYQ:0.2727272727272727	NLASFCQQ:0.3939393939393939	SFCQQDYP:0.45454545454545453	WGYLGLIF:0.30303030303030304	DYPEYQII:0.24242424242424243	FAFGSTIV:0.45454545454545453	YPQYQIIF:0.21212121212121213	FGSTIVIR:0.45454545454545453	KFAFGSTI:0.42424242424242425	AFGSTIVI:0.45454545454545453	GSTIVIRK:0.36363636363636365	QIRWARCI:0.3333333333333333	RCIRVSRP:0.3333333333333333	EGIKFAFG:0.21212121212121213	FTYGTVTS:0.21212121212121213	IGANLKVS:0.30303030303030304	PPVTILKP:0.2727272727272727	ANLKVSNL:0.30303030303030304	LLIADSDI:0.2727272727272727	RQIRWARC:0.36363636363636365	DFHAGVLV:0.21212121212121213	RWARCIRV:0.3939393939393939	CYGIYAAI:0.21212121212121213	FYCYGIYA:0.21212121212121213	GIKFAFGS:0.2727272727272727	WARCIRVS:0.36363636363636365	IKFAFGST:0.3333333333333333	HPPVTILK:0.21212121212121213	VSNLANAV:0.30303030303030304	TILKPICG:0.2727272727272727	ILKPICGL:0.24242424242424243	EILLIADS:0.21212121212121213	ARCIRVSR:0.3333333333333333	TYGTVTSL:0.21212121212121213	ILLIADSD:0.2727272727272727	FHPPVTIL:0.21212121212121213	YGIYAAIA:0.21212121212121213	RVSRPWGY:0.30303030303030304	GANLKVSN:0.30303030303030304	SNLANAVT:0.36363636363636365	IRWARCIR:0.36363636363636365	YCYGIYAA:0.21212121212121213	KVGVVTCL:0.30303030303030304	VGVVTCLY:0.6666666666666666	GVVTCLYR:0.6060606060606061	VVTCLYRS:0.48484848484848486	IYAAIAFF:0.24242424242424243	IADSDIRV:0.2727272727272727	LKPICGLD:0.24242424242424243	VSRPWGYL:0.24242424242424243	TCLYRSLA:0.30303030303030304	CLYRSLAQ:0.2727272727272727	YRSLAQGW:0.2727272727272727	LYRSLAQG:0.2727272727272727	VTCLYRSL:0.30303030303030304	NLANAVTA:0.2727272727272727	LANAVTAA:0.2727272727272727	NAVTAAKH:0.21212121212121213	ANAVTAAK:0.2727272727272727	RSLAQGWV:0.21212121212121213	FQLGYLPA:0.24242424242424243	GYLPAQAG:0.24242424242424243	QLGYLPAQ:0.24242424242424243	LGYLPAQA:0.24242424242424243	SLAQGWVT:0.21212121212121213	YLPAQAGY:0.24242424242424243	
