cluster number:9
GT21:29	GT21:29|2.4.1.-:1
RWLRVRKY:0.6206896551724138	VVLTHHVP:0.20689655172413793	SHAKFYVA:0.3103448275862069	HAKFYVAF:0.3103448275862069	LAATLLEP:0.3793103448275862	IEFFSTYI:0.3103448275862069	AATLLEPT:0.3793103448275862	VLAATLLE:0.3793103448275862	FFSTYIGE:0.3103448275862069	AKFYVAFN:0.3103448275862069	YIGEDNMI:0.8275862068965517	RPVVLTHH:0.20689655172413793	RKYMVLAA:0.3793103448275862	EFFSTYIG:0.3103448275862069	IGTALWDM:0.27586206896551724	WLRVRKYM:0.6206896551724138	KYMVLAAT:0.3793103448275862	RRVRWLRV:0.5862068965517241	FLFSSHAK:0.3103448275862069	DNMIGTAL:0.3448275862068966	TYIGEDNM:0.3103448275862069	GGRTGMTG:0.20689655172413793	NGKSNLYR:0.5517241379310345	LLEPTTES:0.3448275862068966	PNPKINNL:0.2413793103448276	TLLEPTTE:0.4482758620689655	GEDNMIGT:0.3448275862068966	RVRKYMVL:0.5862068965517241	STYIGEDN:0.3103448275862069	LRVRKYMV:0.6206896551724138	PVVLTHHV:0.20689655172413793	MVLAATLL:0.3793103448275862	EPTTESIV:0.3448275862068966	EMFLFSSH:0.27586206896551724	GPNPKINN:0.2413793103448276	VRWLRVRK:0.5517241379310345	ATLLEPTT:0.4482758620689655	KSNLYRRS:0.6206896551724138	YMVLAATL:0.41379310344827586	RVRWLRVR:0.5862068965517241	FSTYIGED:0.3103448275862069	WVLDSNVW:0.27586206896551724	MLGGRTGM:0.20689655172413793	FSSHAKFY:0.3448275862068966	LGGRTGMT:0.20689655172413793	VLTHHVPL:0.20689655172413793	VRKYMVLA:0.3793103448275862	MIGTALWD:0.27586206896551724	LEPTTESI:0.3793103448275862	EDNMIGTA:0.3448275862068966	NMIGTALW:0.3448275862068966	MFLFSSHA:0.27586206896551724	SSHAKFYV:0.3448275862068966	GTALWDML:0.27586206896551724	IGEDNMIG:0.5517241379310345	GKSNLYRR:0.6206896551724138	LFSSHAKF:0.3103448275862069	DIIWVLDS:0.20689655172413793	IKPDLTAE:0.27586206896551724	APCVNGKS:0.7586206896551724	VLDSNVWC:0.20689655172413793	FRIKPDLT:0.27586206896551724	LRELLALP:0.20689655172413793	RRIRWLRV:0.20689655172413793	LDSNVWCS:0.20689655172413793	ELLALPIW:0.2413793103448276	RIKPDLTA:0.27586206896551724	WRNRPFRI:0.20689655172413793	IWVLDSNV:0.20689655172413793	RELLALPI:0.2413793103448276	DSNVWCSP:0.20689655172413793	PFRIKPDL:0.27586206896551724	EPVTIIRP:0.2413793103448276	IIWVLDSN:0.20689655172413793	PCVNGKSN:0.7931034482758621	CVNGKSNL:0.5862068965517241	VNGKSNLY:0.5517241379310345	IAPCVNGK:0.41379310344827586	RPFRIKPD:0.2413793103448276	RIRWLRVR:0.20689655172413793	SIAPCVNG:0.27586206896551724	RYIGEDNM:0.41379310344827586	RPIKGIDP:0.41379310344827586	FFARYIGE:0.20689655172413793	NPKVNNLA:0.41379310344827586	GRTGLTGD:0.20689655172413793	EVLALPIW:0.2413793103448276	GPNPKVNN:0.6206896551724138	ARYIGEDN:0.27586206896551724	PIKGIDPE:0.3793103448275862	REVLALPI:0.2413793103448276	FGPNPKVN:0.3103448275862069	IGEDNMIA:0.27586206896551724	KVNNLAKG:0.3103448275862069	FARYIGED:0.27586206896551724	PNPKVNNL:0.5517241379310345	PKVNNLAK:0.41379310344827586	EPTTESIL:0.20689655172413793	TRRVRWLR:0.20689655172413793	ITRRVRWL:0.20689655172413793	YITRRVRW:0.20689655172413793	VKLVHHVP:0.2413793103448276	YVSLNNLA:0.2413793103448276	PVKLVHHV:0.20689655172413793	IKKDLTAE:0.20689655172413793	RPVKLVHH:0.20689655172413793	HHVPLALS:0.20689655172413793	VNNLAKGF:0.20689655172413793	FYVSLNNL:0.2413793103448276	LVHHVPLA:0.3103448275862069	TSHSKFYV:0.2413793103448276	VTIIRPIK:0.27586206896551724	SKFYVSLN:0.2413793103448276	KKDLTAEE:0.20689655172413793	IKGIDPEL:0.3103448275862069	GHEIDWRG:0.20689655172413793	HSKFYVSL:0.2413793103448276	KLVHHVPL:0.3103448275862069	IRPIKGID:0.3103448275862069	GEDNMIGI:0.20689655172413793	VAPCVNGK:0.2413793103448276	MDSNVWAS:0.20689655172413793	TIIRPIKG:0.27586206896551724	IIRPIKGI:0.3103448275862069	IEPTTESI:0.20689655172413793	KFYVSLNN:0.27586206896551724	SHSKFYVS:0.2413793103448276	YGPNPKVN:0.3103448275862069	HYGPNPKV:0.2413793103448276	VHHVPLAL:0.27586206896551724	FKIKKDLT:0.20689655172413793	SNLYRRSD:0.20689655172413793	NLYRRSDL:0.20689655172413793	KIKKDLTA:0.20689655172413793	LYRRSDLD:0.20689655172413793	PFKIKKDL:0.20689655172413793	GEDNMIAI:0.20689655172413793	
