cluster number:17
GT21:18	GT21:18
AEDVASTK:0.6111111111111112	DVASTKLV:0.4444444444444444	GLGFAQGK:0.3333333333333333	VWDRQLRW:0.3888888888888889	SGNPKLNN:0.2777777777777778	WDRQLRWS:0.3888888888888889	ADSNLLLP:0.3333333333333333	LFWRRDIL:0.2222222222222222	GNPKLNNL:0.4444444444444444	MADSNLLL:0.3333333333333333	NLWGAVEA:0.2222222222222222	AMADSNLL:0.2777777777777778	ASTKLVRR:0.2222222222222222	LWGAVEAA:0.2222222222222222	VASTKLVR:0.4444444444444444	EDVASTKL:0.4444444444444444	QGLKVRLT:0.2222222222222222	QLRWSRVR:0.3333333333333333	MTDSNLLL:0.3333333333333333	FAQGKTLF:0.6111111111111112	RAVWDRQL:0.2222222222222222	DRQLRWSR:0.2777777777777778	LGFAQGKT:0.2777777777777778	LGRNLAED:0.3333333333333333	GAVECAFL:0.2777777777777778	RWSRVRRD:0.3333333333333333	RVRRDGFP:0.3888888888888889	RQLRWSRV:0.3333333333333333	LRWSRVRR:0.3333333333333333	LAEDVAST:0.4444444444444444	FWGAVECA:0.2222222222222222	WQLAADSL:0.2222222222222222	AVWDRQLR:0.2222222222222222	GRNLAEDV:0.3333333333333333	QLAADSLG:0.2222222222222222	QGRWQLAA:0.2222222222222222	TGNPKLNN:0.2222222222222222	GRWQLAAD:0.2222222222222222	NFWGAVEC:0.2222222222222222	AVECAFLN:0.2777777777777778	WSRVRRDG:0.3333333333333333	AQGKTLFW:0.5555555555555556	ALGRNLAE:0.2777777777777778	RWQLAADS:0.2777777777777778	SRVRRDGF:0.3333333333333333	RNLAEDVA:0.3333333333333333	WRGTDMAP:0.2222222222222222	WGAVECAF:0.2777777777777778	SQGRWQLA:0.2222222222222222	GFAQGKTL:0.8333333333333334	GKTLFWRR:0.2222222222222222	QGKTLFWR:0.2222222222222222	QLRWARIR:0.2222222222222222	WGAVEAAM:0.2222222222222222	LLLPPDYL:0.2777777777777778	LGNGFAQG:0.2222222222222222	SNLLLPPD:0.2222222222222222	RQLRWARI:0.2222222222222222	NLLLPPDY:0.2777777777777778	ELAEDVAS:0.2222222222222222	LLPPDYLR:0.2222222222222222	VAMADSNL:0.2222222222222222	WSRQLRWA:0.2222222222222222	TGLVSSPA:0.2777777777777778	AGLKVRLP:0.2222222222222222	DSNLLLPP:0.2222222222222222	SRQLRWAR:0.2222222222222222	AVWSRQLR:0.2222222222222222	NGFAQGKT:0.3333333333333333	LRWARIRR:0.2222222222222222	GNGFAQGK:0.3333333333333333	NTHQARWQ:0.2222222222222222	VWSRQLRW:0.2222222222222222	TDSNLLLP:0.2222222222222222	PKLNNLVK:0.2777777777777778	NPKLNNLV:0.2777777777777778	KLNNLVKG:0.2777777777777778	LNNLVKGW:0.2777777777777778	
