cluster number:2
GT21:72	GT21:72|2.4.1.-:2
RVTFPLFF:0.4027777777777778	GLGFAQGK:0.5277777777777778	EIAEDAAA:0.6805555555555556	ARLRRVTF:0.7916666666666666	YAGEALGL:0.3194444444444444	LRRVTFPL:0.4027777777777778	AQGKSMLW:0.8472222222222222	LWNKPFLE:0.2638888888888889	CAFLNTLQ:0.4444444444444444	WARLRRVT:0.7916666666666666	EVECAFLN:0.6111111111111112	VRWARLRR:0.2361111111111111	AEIAEDAA:0.7361111111111112	ATKLVRAA:0.2222222222222222	QYAGEALG:0.4722222222222222	GKSMLWNK:0.4444444444444444	TLQARWQY:0.4444444444444444	AAATKLVR:0.4722222222222222	RLRRVTFP:0.7777777777777778	GFAQGKSM:0.8611111111111112	AEDAAATK:0.7083333333333334	SGLVCSTP:0.25	FAQGKSML:0.8611111111111112	FLNTLQAR:0.4444444444444444	YELIFCVA:0.4444444444444444	LVCSTPIG:0.3055555555555556	NTLQARWQ:0.4444444444444444	GEALGLGF:0.4027777777777778	TKLVRAAG:0.2222222222222222	MLWNKPFL:0.3055555555555556	DAAATKLV:0.6527777777777778	LADSNVLM:0.7916666666666666	RRVTFPLF:0.4027777777777778	QVRWARLR:0.20833333333333334	TFPLFFAP:0.3888888888888889	ECAFLNTL:0.4444444444444444	AFLNTLQA:0.4444444444444444	KLNNCVRG:0.20833333333333334	FPLFFAPE:0.4027777777777778	VECAFLNT:0.5	EALGLGFA:0.4027777777777778	ALGLGFAQ:0.4166666666666667	SMLWNKPF:0.3055555555555556	LNTLQARW:0.4444444444444444	NPKLNNCV:0.7638888888888888	RQVRWARL:0.20833333333333334	AGEALGLG:0.3194444444444444	LQARWQYA:0.3333333333333333	LFFAPEIG:0.2638888888888889	QARWQYAG:0.5	QGKSMLWN:0.4444444444444444	LGFAQGKS:0.4861111111111111	VTFPLFFA:0.3888888888888889	IAEDAAAT:0.6944444444444444	GLVCSTPI:0.3055555555555556	ILADSNVL:0.4166666666666667	VILADSNV:0.3611111111111111	KSMLWNKP:0.4444444444444444	PKLNNCVR:0.20833333333333334	WQYAGEAL:0.4722222222222222	AATKLVRA:0.2777777777777778	LGLGFAQG:0.4444444444444444	ARWQYAGE:0.4861111111111111	EDAAATKL:0.6527777777777778	RWQYAGEA:0.4861111111111111	RWARLRRV:0.7916666666666666	ADSNVLMP:0.7916666666666666	AEVECAFL:0.6111111111111112	PLFFAPEI:0.375	WVILADSN:0.3611111111111111	RALAAEIA:0.3333333333333333	IRALAAEI:0.3333333333333333	ANPKLNNC:0.5833333333333334	LNNCVKGW:0.5555555555555556	PKLNNCVK:0.5555555555555556	IAEDAAST:0.2222222222222222	EIAEDAAS:0.20833333333333334	KLNNCVKG:0.5555555555555556	GGIRALAA:0.3333333333333333	APFEQPLG:0.375	LRRVTFPQ:0.2638888888888889	GIRALAAE:0.3333333333333333	ALAAEIAE:0.4722222222222222	SANPKLNN:0.5972222222222222	VSANPKLN:0.2222222222222222	APEILTGA:0.2638888888888889	AEDAASTK:0.25	FAPEILTG:0.2777777777777778	VHLVSAPF:0.25	LAAEIAED:0.5	AAEIAEDA:0.5	DRISANPK:0.3472222222222222	FWAEVECA:0.3888888888888889	VLADSNVL:0.375	VVLADSNV:0.3333333333333333	ISANPKLN:0.3611111111111111	FGFAQGKS:0.2361111111111111	WVVLADSN:0.3472222222222222	WAEVECAF:0.4166666666666667	DDRISANP:0.3472222222222222	GDDRISAN:0.3472222222222222	GFWAEVEC:0.3611111111111111	RISANPKL:0.3472222222222222	GFGFAQGK:0.2361111111111111	PFEQPLGR:0.20833333333333334	FEQPLGRR:0.20833333333333334	TGLVCSTP:0.375	IVWRGNAM:0.25	DTGLVCST:0.2361111111111111	NVLMPPDY:0.2222222222222222	DSNVLMPP:0.20833333333333334	VWRGNAMD:0.2361111111111111	IWSRQARW:0.20833333333333334	WSRQARWA:0.20833333333333334	ARWARLRR:0.20833333333333334	SNVLMPRD:0.20833333333333334	SRQARWAR:0.20833333333333334	RQARWARL:0.20833333333333334	NVLMPRDY:0.20833333333333334	QARWARLR:0.20833333333333334	DSNVLMPR:0.20833333333333334	
