cluster number:6
GT21:24	GT21:24|2.4.1.80:1
VTIIRPVK:0.25	RPVKGLEP:0.5416666666666666	VHQLPLVV:0.25	MFRKSHLD:0.20833333333333334	ARRVRWLR:0.5416666666666666	GPNPKIRN:0.9583333333333334	GRMVDKLC:0.3333333333333333	LLATLVEP:0.20833333333333334	ICEDHLIG:0.875	RMVDKLCG:0.3333333333333333	HAKFYSAI:0.20833333333333334	NPKIRNMS:0.5833333333333334	APCIVGKS:0.5	NMFRKSHL:0.2916666666666667	HQLPLVVD:0.25	RRVRWLRV:0.6666666666666666	PCIVGKSN:0.5	FVHQLPLV:0.3333333333333333	YICEDHLI:0.20833333333333334	QLPLVVDI:0.20833333333333334	PYKFVHQL:0.3333333333333333	GKSNMFRK:0.4166666666666667	LYECLAST:0.20833333333333334	CIVGKSNM:0.5	LGPNPKIR:0.8333333333333334	IRNMSRAY:0.4583333333333333	CEDHLIGD:0.8333333333333334	AGRMVDKL:0.3333333333333333	AVLLGTTV:0.20833333333333334	NLGPNPKI:0.4166666666666667	PKIRNMSR:0.5833333333333334	IVGKSNMF:0.5	VGKSNMFR:0.625	RVRKWTVL:0.20833333333333334	KFYSAINT:0.25	NMSRAYRE:0.4583333333333333	VRWLRVRK:0.6666666666666666	AYREAKGD:0.5	TVLLATLV:0.20833333333333334	KFVHQLPL:0.375	EDHLIGDL:0.5833333333333334	YKFVHQLP:0.3333333333333333	KIRNMSRA:0.4583333333333333	RVRWLRVR:0.6666666666666666	YECLASTF:0.20833333333333334	SNMFRKSH:0.2916666666666667	PNPKIRNM:0.5833333333333334	MSRAYREA:0.4583333333333333	WIVDCNVW:0.20833333333333334	LATLVEPG:0.2916666666666667	WLRVRKWT:0.3333333333333333	IRPVKGLE:0.4166666666666667	RAYREAKG:0.4583333333333333	RNMSRAYR:0.4583333333333333	AKFYSAIN:0.20833333333333334	SRAYREAK:0.5	TIIRPVKG:0.25	RWLRVRKW:0.3333333333333333	LRVRKWTV:0.3333333333333333	KSNMFRKS:0.375	VLLATLVE:0.20833333333333334	VAPCIVGK:0.25	YREAVGDI:0.20833333333333334	SSAHAKFY:0.20833333333333334	RWLRVRKF:0.25	DNICEDHL:0.25	TLATFVEP:0.3333333333333333	FSDNICED:0.25	AYREAVGD:0.20833333333333334	SRAYREAV:0.20833333333333334	RAYREAVG:0.20833333333333334	SDNICEDH:0.25	NICEDHLI:0.6666666666666666	TVIRPVKG:0.25	ATFVEPGT:0.20833333333333334	TFVEPGTE:0.20833333333333334	WLRVRKFT:0.20833333333333334	LRVRKFTV:0.20833333333333334	FVEPGTES:0.20833333333333334	VTLATFVE:0.3333333333333333	LATFVEPG:0.3333333333333333	TVTLATFV:0.3333333333333333	GKSNMFRR:0.375	KSNMFRRS:0.375	EPGTESFL:0.20833333333333334	NTVLIAPC:0.3333333333333333	LASTFRQD:0.25	AVGKSTMF:0.20833333333333334	CAVGKSTM:0.20833333333333334	CLASTFRQ:0.25	YDCLASTF:0.20833333333333334	LEPRLYDC:0.20833333333333334	KLGPNPKI:0.20833333333333334	VEPGTESF:0.20833333333333334	SENICEDH:0.2916666666666667	DCLASTFR:0.20833333333333334	INTVLIAP:0.3333333333333333	FSENICED:0.2916666666666667	IDCNVWVA:0.20833333333333334	APCAVGKS:0.2916666666666667	DCNVWVAK:0.20833333333333334	GIPQTWTA:0.20833333333333334	ASTFRQDY:0.2916666666666667	KGVCGRMV:0.25	GLEPRLYD:0.20833333333333334	AINTVLIA:0.3333333333333333	KGLEPRLY:0.2916666666666667	PGTESFLC:0.20833333333333334	STFRQDYP:0.2916666666666667	PCAVGKST:0.20833333333333334	ENICEDHL:0.2916666666666667	FGDMAIQP:0.20833333333333334	LYDCLAST:0.20833333333333334	GRLEELFL:0.20833333333333334	YTAINTVL:0.20833333333333334	LVEPGTES:0.20833333333333334	HAKMYTAI:0.20833333333333334	AKMYTAIN:0.20833333333333334	REAKGDIV:0.4583333333333333	RSHLDYLT:0.20833333333333334	IAPCIVGK:0.25	ATLVEPGT:0.20833333333333334	GGGRLEEL:0.20833333333333334	YREAKGDI:0.5416666666666666	MYTAINTV:0.20833333333333334	EAKGDIVW:0.4583333333333333	GGRLEELF:0.20833333333333334	SNMFRRSH:0.3333333333333333	MFRRSHLD:0.20833333333333334	NMFRRSHL:0.3333333333333333	KMYTAINT:0.20833333333333334	RRSHLDYL:0.20833333333333334	TLVEPGTE:0.20833333333333334	FRRSHLDY:0.20833333333333334	AKGDIVWI:0.4583333333333333	YIARRVRW:0.3333333333333333	HLIGDLLW:0.4166666666666667	ATLVEPGV:0.25	TLVEPGVE:0.25	LIGDLLWR:0.25	DHLIGDLL:0.4166666666666667	IARRVRWL:0.3333333333333333	LVEPGVES:0.20833333333333334	PNPKIRNI:0.2916666666666667	NPKIRNIS:0.2916666666666667	DIVWIIDC:0.25	KGDIVWII:0.25	IVWIIDCN:0.2916666666666667	GDIVWIID:0.25	NISRAYRE:0.25	RNISRAYR:0.25	PKIRNISR:0.25	KIRNISRA:0.25	ISRAYREA:0.20833333333333334	IRNISRAY:0.25	WIIDCNVW:0.20833333333333334	IIDCNVWV:0.20833333333333334	
