cluster number:20
GT21:68	GT21:68
VVHPNWLR:0.22058823529411764	TTGNRWYL:0.29411764705882354	NRWYLPTG:0.2647058823529412	TGNRWYLP:0.27941176470588236	GNRWYLPT:0.2647058823529412	PWGGTLAV:0.23529411764705882	AVSSILFP:0.23529411764705882	DADTIVHP:0.23529411764705882	VYGLAMLS:0.22058823529411764	GADPFLPN:0.36764705882352944	IFLSKSLL:0.22058823529411764	DPFLPNCL:0.3088235294117647	QWVYGLAM:0.3088235294117647	KFVPSLIM:0.20588235294117646	RHNCSLKC:0.3088235294117647	WLRELVSP:0.6029411764705882	VKFVPSLI:0.20588235294117646	IGATTGNR:0.22058823529411764	TGNRWYVP:0.3235294117647059	YWGSLVRY:0.4852941176470588	ATTGNRWY:0.5735294117647058	YGLAMLSS:0.22058823529411764	SLKCSSLI:0.29411764705882354	KCSSLIQA:0.29411764705882354	HNCSLKCS:0.3088235294117647	LRGADPFL:0.6911764705882353	ADPFLPNC:0.36764705882352944	PLTQWVYG:0.4411764705882353	GATTGNRW:0.5882352941176471	VSSILFPT:0.25	LKCSSLIQ:0.29411764705882354	WGGTLAVK:0.23529411764705882	IPLTQWVY:0.4411764705882353	RGADPFLP:0.5147058823529411	CLRGADPF:0.6617647058823529	FGIPWGGT:0.20588235294117646	LRELVSPL:0.5882352941176471	GGTLAVKT:0.22058823529411764	LFGIPWGG:0.22058823529411764	CSLKCSSL:0.7205882352941176	GNRWYVPT:0.29411764705882354	LYSRLYHP:0.22058823529411764	NCSLKCSS:0.5735294117647058	GIPWGGTL:0.39705882352941174	IPWGGTLA:0.5588235294117647	TTGNRWYV:0.3088235294117647	WVYGLAML:0.23529411764705882	LTQWVYGL:0.38235294117647056	AIPLTQWV:0.3382352941176471	TQWVYGLA:0.36764705882352944	TNVQISPL:0.23529411764705882	PYQWLDQP:0.20588235294117646	LCLRGADP:0.7205882352941176	ATNVQISP:0.23529411764705882	NRWYVPTG:0.25	VDADTIVH:0.35294117647058826	SRLYHPRW:0.22058823529411764	RLYHPRWL:0.20588235294117646	LVDADTIV:0.3088235294117647	YKVVALVD:0.3382352941176471	SLKCSSLV:0.36764705882352944	QLPKTAVI:0.38235294117647056	YDLKLIVD:0.23529411764705882	NWLRELVS:0.4411764705882353	TAVILCLR:0.4852941176470588	VGATTGNR:0.36764705882352944	CSSLVQAV:0.35294117647058826	LKCSSLVQ:0.36764705882352944	DSYKVVAL:0.22058823529411764	KCSSLVQA:0.35294117647058826	AVILCLRG:0.5588235294117647	SYKVVALV:0.3382352941176471	VILCLRGA:0.5441176470588235	VSTVVQMF:0.20588235294117646	ILCLRGAD:0.5735294117647058	LYHPRWLA:0.25	VALVDADT:0.39705882352941174	LDDSYKVV:0.25	EDPAWKIA:0.22058823529411764	GNVSTVVQ:0.27941176470588236	VVALVDAD:0.47058823529411764	VKFVPSLL:0.25	KVVALVDA:0.2647058823529412	QVKFVPSL:0.22058823529411764	DDSYKVVA:0.25	PKTAVILC:0.47058823529411764	KTAVILCL:0.4852941176470588	NVSTVVQM:0.27941176470588236	LPKTAVIL:0.47058823529411764	ALVDADTI:0.3088235294117647	TGKYWGSL:0.20588235294117646	PTGKYWGS:0.2647058823529412	QNYPQYDL:0.23529411764705882	YPQYDLKL:0.22058823529411764	LYGIPWGG:0.22058823529411764	NYPQYDLK:0.23529411764705882	DEQLPKTA:0.20588235294117646	PQYDLKLI:0.22058823529411764	EQLPKTAV:0.20588235294117646	HPNWLREL:0.4264705882352941	PWNIRLVE:0.20588235294117646	WNIRLVEY:0.22058823529411764	VHPNWLRE:0.36764705882352944	LLGWLAIQ:0.20588235294117646	GPWNIRLV:0.22058823529411764	PNWLRELV:0.4264705882352941	PWGGTLAI:0.3088235294117647	SSLVQAVS:0.3088235294117647	GGTLAIKT:0.3235294117647059	WGGTLAIK:0.3382352941176471	RELVSPLA:0.23529411764705882	LGWLAIQV:0.22058823529411764	KVGATTGN:0.2647058823529412	PKVGATTG:0.25	KFVPSLLM:0.22058823529411764	VQAVSELD:0.25	
