cluster number:11
GT7:89	GT7:89|2.4.1.22:7|2.4.1.38:5|2.4.1.-:3|2.4.1.90:3|2.4.1.275:2
NGFPNEYW:0.33707865168539325	FNRAKLLN:0.7752808988764045	LHPFLQRQ:0.4044943820224719	GGEDDDIA:0.23595505617977527	PFLQRQQL:0.38202247191011235	TFNRAKLL:0.5056179775280899	NEYWGWGG:0.34831460674157305	GWGGEDDD:0.8426966292134831	GFPNEYWG:0.33707865168539325	HPFLQRQQ:0.449438202247191	FGGVSALT:0.21348314606741572	FPNEYWGW:0.33707865168539325	HLHPFLQR:0.30337078651685395	EYWGWGGE:0.34831460674157305	WGWGGEDD:0.8202247191011236	GVSALTPD:0.20224719101123595	AKLLNVGV:0.2247191011235955	QYFGGVSA:0.24719101123595505	WGGEDDDI:0.651685393258427	PNEYWGWG:0.33707865168539325	YFGGVSAL:0.3595505617977528	YWGWGGED:0.8202247191011236	NRAKLLNV:0.651685393258427	RAKLLNVG:0.6629213483146067	GGVSALTP:0.21348314606741572	PNNYWGWG:0.24719101123595505	AKLLNVGF:0.25842696629213485	NYWGWGGE:0.3595505617977528	NNYWGWGG:0.3595505617977528	GFPNNYWG:0.23595505617977527	NGFPNNYW:0.23595505617977527	FPNNYWGW:0.23595505617977527	FSDVDLIP:0.23595505617977527	NEPNPQRF:0.2247191011235955	SDVDLIPM:0.23595505617977527	QRQQLDYG:0.2696629213483146	LQRQQLDY:0.2696629213483146	DCFIFHDV:0.20224719101123595	CFIFHDVD:0.20224719101123595	FIFHDVDL:0.20224719101123595	
