cluster number:36
GH22:27	GH22:27|3.2.1.17:8
ATNRNTDG:0.2962962962962963	YGIFQINS:0.7777777777777778	DYGIFQIN:0.8148148148148148	CEGRDLSS:0.2222222222222222	GIFQINSR:0.7037037037037037	GIRAWVAW:0.2222222222222222	HCEGRDLS:0.2222222222222222	TNRNTDGS:0.2962962962962963	EGRDLSSY:0.2222222222222222	GIGAWVAW:0.37037037037037035	WVCLSKWE:0.2222222222222222	IGAWVAWR:0.2962962962962963	VCLSKWES:0.2222222222222222	DGSTDYGI:0.6296296296296297	PNGIGAWV:0.2962962962962963	NGIGAWVA:0.2962962962962963	STDYGIFQ:0.7037037037037037	TDYGIFQI:0.7037037037037037	NTDGSTDY:0.48148148148148145	RNTDGSTD:0.25925925925925924	TDGSTDYG:0.48148148148148145	GSTDYGIF:0.6666666666666666	DPNGIGAW:0.2962962962962963	SYVAGCGV:0.2222222222222222	NRNTDGST:0.25925925925925924	QINSRWWC:0.5555555555555556	AKRVVRDP:0.4444444444444444	INSRWWCN:0.3333333333333333	RVVRDPNG:0.25925925925925924	FQINSRWW:0.5185185185185185	CAKRVVRD:0.4444444444444444	VVRDPNGI:0.25925925925925924	NHNTDGST:0.2222222222222222	HNTDGSTD:0.2222222222222222	IFQINSRW:0.5185185185185185	SLANWVCL:0.25925925925925924	KRVVRDPN:0.25925925925925924	CSELLTDD:0.2222222222222222	INCAKRVV:0.4444444444444444	AINCAKRV:0.48148148148148145	NCAKRVVR:0.2962962962962963	VAINCAKR:0.2962962962962963	ADWVCLSQ:0.2222222222222222	SLADWVCL:0.37037037037037035	VCLSQWES:0.25925925925925924	GISLADWV:0.2222222222222222	ISLADWVC:0.25925925925925924	WVCLSQWE:0.25925925925925924	LADWVCLS:0.2962962962962963	DWVCLSQW:0.2222222222222222	LVFLLLVA:0.25925925925925924	
