cluster number:30
GH22:15	GH22:15
AYWADAGK:0.6	WADAGKPT:0.2	FRITWAYW:0.8	ITWAYWAD:0.7333333333333333	TWAYWADA:0.5333333333333333	RITWAYWA:0.7333333333333333	YWADAGKP:0.5333333333333333	WAYWADAG:0.6	EAISGCNQ:0.2	DPYCAANT:0.26666666666666666	LFRITWAY:0.6	ANTIQNYM:0.26666666666666666	YAAIHKLG:0.4	YWADGGKL:0.2	CFDYAAIH:0.3333333333333333	WADGGKLT:0.2	YCAANTIQ:0.26666666666666666	ICEAISGC:0.26666666666666666	AISGCNQT:0.2	AANTIQNY:0.26666666666666666	DYAAIHKL:0.4	CLGCICEA:0.5333333333333333	LGCICEAI:0.2	CEAISGCN:0.26666666666666666	NCVNDPYC:0.26666666666666666	CGLFRITW:0.6	GVCGLFRI:0.26666666666666666	GLFRITWA:0.6	IHKLGGYG:0.3333333333333333	CAANTIQN:0.26666666666666666	CICEAISG:0.26666666666666666	LGGYGCTG:0.2	PYCAANTI:0.26666666666666666	AYWADGGK:0.2	VNDPYCAA:0.26666666666666666	AAIHKLGG:0.4	GCICEAIS:0.2	CVNDPYCA:0.26666666666666666	TWAYWADG:0.2	NDPYCAAN:0.26666666666666666	WAYWADGG:0.2	HKLGGYGC:0.3333333333333333	AIHKLGGY:0.3333333333333333	VCGLFRIT:0.4666666666666667	FAQDCNGD:0.2	DCYDYAAI:0.2	AQDCNGDG:0.2	CYDYAAIH:0.2	YDYAAIHK:0.2	KLGGYGCK:0.2	WADAGKPV:0.3333333333333333	GKDCNGDG:0.2	GGVCGLFR:0.2	ICLGCICE:0.26666666666666666	NCFDYAAI:0.2	VNCFDYAA:0.2	GCICEAVS:0.26666666666666666	LGCICEAV:0.26666666666666666	ICEAVSNC:0.26666666666666666	HRLGGYGC:0.2	AIHRLGGY:0.2	FDYAAIHR:0.2	CICEAVSN:0.26666666666666666	DYAAIHRL:0.2	IHRLGGYG:0.2	YAAIHRLG:0.2	AAIHRLGG:0.2	CEAVSNCN:0.26666666666666666	VSNCNRSL:0.2	ADAGKPVI:0.2	EAVSNCNR:0.2	AVSNCNRS:0.2	
