cluster number:43
CE9:18	CE9:18
GMHLEGPF:0.3333333333333333	KLFLISDA:0.2777777777777778	LGMHLEGP:0.3333333333333333	DKLFLISD:0.2777777777777778	HLEGPFLN:0.2222222222222222	AGHSNATY:0.3333333333333333	RAPGLVGA:0.3333333333333333	ISAGHSNA:0.2777777777777778	SAGHSNAT:0.3888888888888889	HRAPGLVG:0.2777777777777778	GLHLEGPY:0.2777777777777778	SVVADGVH:0.2222222222222222	ERLFLITD:0.3333333333333333	LLGLHLEG:0.2777777777777778	ASLYPARV:0.2222222222222222	EALRMASL:0.3333333333333333	RMASLYPA:0.3333333333333333	GERLFLIT:0.2777777777777778	LAGSALTL:0.2222222222222222	GLLGLHLE:0.2777777777777778	VVADGVHV:0.2222222222222222	ATHLFNAM:0.3888888888888889	ALRMASLY:0.3333333333333333	LYPARVLG:0.2222222222222222	LEGPYLNP:0.2222222222222222	HLEGPYLN:0.2222222222222222	LGLHLEGP:0.3888888888888889	RLFLITDA:0.5	LRMASLYP:0.3333333333333333	HLFNAMSG:0.2222222222222222	TLAGSALT:0.2222222222222222	LFLITDAV:0.5	GTLAGSAL:0.2222222222222222	SLYPARVL:0.2222222222222222	AATHLFNA:0.2777777777777778	THLFNAMS:0.6666666666666666	MASLYPAR:0.2222222222222222	GLHLEGPF:0.2222222222222222	HLEGPFIN:0.2777777777777778	
