cluster number:62
CE9:217	CE9:217
RLTLADGT:0.271889400921659	ADGTLAGA:0.31797235023041476	LQVNGGGG:0.576036866359447	LHLEGPHL:0.6451612903225806	GLHLEGPH:0.6682027649769585	RAPGLVGA:0.20276497695852536	DGTLAGAD:0.3824884792626728	DLQVNGGG:0.5852534562211982	TLADGTLA:0.271889400921659	QVNGGGGV:0.45622119815668205	HLFNAMSQ:0.4423963133640553	AGLHLEGP:0.24423963133640553	LTLADGTL:0.2764976958525346	LADGTLAG:0.31797235023041476	VDLQVNGG:0.2350230414746544	THLFNAMS:0.7188940092165899	FLGLHLEG:0.21658986175115208	LPTLITDT:0.6082949308755761	GFLGLHLE:0.2119815668202765	GTTSLLPT:0.2119815668202765	LGLHLEGP:0.30414746543778803	VPGFLGLH:0.20276497695852536	PGFLGLHL:0.2119815668202765	LLPTLITD:0.5253456221198156	HLEGPHLS:0.2626728110599078	TTSLLPTL:0.2073732718894009	PGVVGAAL:0.2073732718894009	REPGVVGA:0.2073732718894009	VNGGGGVM:0.24423963133640553	HLEGPHLA:0.33640552995391704	PTLITDTP:0.2119815668202765	TTALLPTL:0.31797235023041476	GFIDLQVN:0.2672811059907834	TALLPTLI:0.31336405529953915	IDLQVNGG:0.3087557603686636	PGFIDLQV:0.2672811059907834	GTTALLPT:0.3225806451612903	FIDLQVNG:0.2672811059907834	VTHLFNAM:0.5529953917050692	ALLPTLIT:0.31797235023041476	FGTTALLP:0.20276497695852536	PHLAPARK:0.22580645161290322	KGAHLAEL:0.21658986175115208	GPHLAPAR:0.2304147465437788	GARIFDGE:0.2073732718894009	APARKGAH:0.21658986175115208	HLAPARKG:0.22580645161290322	RKGAHLAE:0.21658986175115208	LEGPHLAP:0.23963133640552994	VAGLHLEG:0.2119815668202765	GAHLAELM:0.21658986175115208	GVAGLHLE:0.2119815668202765	EGPHLAPA:0.2304147465437788	HLAELMRP:0.22119815668202766	AHLAELMR:0.21658986175115208	ARKGAHLA:0.21658986175115208	PARKGAHL:0.22119815668202766	RGVAGLHL:0.2073732718894009	LAPARKGA:0.21658986175115208	LAELMRPV:0.2119815668202765	ADGHHVDP:0.22580645161290322	IIADGHHV:0.2488479262672811	GIIADGHH:0.24423963133640553	LAEALRMA:0.21658986175115208	
