cluster number:56
CE9:12	CE9:12
NPIKKGAH:0.25	LNPIKKGA:0.25	LEGPYINP:0.25	GLHLEGPY:0.75	KGTTGFLA:0.5	HLEGPYIN:0.3333333333333333	LGLHLEGP:0.5833333333333334	LHLEGPYI:0.3333333333333333	SKGTTGFL:0.3333333333333333	ITDAVTAC:0.25	FLGLHLEG:0.4166666666666667	LQIYGSGG:0.5833333333333334	PTAMASII:0.25	MASIIADG:0.5	MTIAAELQ:0.25	LGHSDADF:0.25	KASLDEVK:0.25	DLISKGTT:0.25	NLFSAYPT:0.25	KMMTIAAE:0.25	AMPSIHHR:0.25	LSLGHSDA:0.3333333333333333	NAMPSIHH:0.25	DGTVKMMT:0.25	TLSGSNIT:0.3333333333333333	TIAAELQD:0.25	ADGTVKMM:0.25	LFSAYPTA:0.4166666666666667	GFLGLHLE:0.3333333333333333	KTTTHLFN:0.3333333333333333	DLQIYGSG:0.75	HPTAMASI:0.25	AMASIIAD:0.5	LACVATNS:0.25	TTTHLFNA:0.4166666666666667	FLITDAVT:0.75	PKRRGAHI:0.25	RLFLITDA:0.4166666666666667	TTHLFNAM:0.4166666666666667	GFKTTTHL:0.3333333333333333	LSGSNITL:0.25	GTLSGSNI:0.3333333333333333	FLACVATN:0.4166666666666667	LFLITDAV:0.6666666666666666	NPKRRGAH:0.25	FIDLQIYG:0.4166666666666667	MMTIAAEL:0.25	FSAYPTAE:0.25	IDLQIYGS:0.6666666666666666	HLFNAMPS:0.25	LFNAMPSI:0.25	FNAMPSIH:0.25	SLGHSDAD:0.25	SAYPTAET:0.25	SGSNITLL:0.25	THLFNAMP:0.6666666666666666	AYPTAETL:0.25	FKTTTHLF:0.3333333333333333	TAMASIIA:0.3333333333333333	LQAVQNCV:0.25	LITDAVTA:0.5	DRLFLITD:0.25	MPDGTLSG:0.4166666666666667	LIDLQIYG:0.3333333333333333	KMMTIAPE:0.3333333333333333	PELQDQEV:0.25	GVIKMMTI:0.3333333333333333	GLIDLQIY:0.3333333333333333	SGSCLTML:0.25	NAMPQMHH:0.3333333333333333	LAPGLIDL:0.3333333333333333	GFFATIGT:0.3333333333333333	LGDKLFLI:0.25	PGLIDLQI:0.3333333333333333	NMASLYPA:0.25	APELQDQE:0.25	YGSGGKLF:0.3333333333333333	PIPAVTHL:0.25	IKMMTIAP:0.3333333333333333	AEAINMAS:0.25	GDKLFLIT:0.25	VIKMMTIA:0.3333333333333333	LKAVQNCV:0.3333333333333333	PDGTLSGS:0.5833333333333334	LSGSCLTM:0.25	KRELGDKL:0.25	IAPELQDQ:0.25	WGLHLEGP:0.25	SLYPAQLA:0.25	SGGKLFAG:0.3333333333333333	FFATIGTN:0.3333333333333333	APGLIDLQ:0.3333333333333333	RELGDKLF:0.25	GSGGKLFA:0.3333333333333333	FATIGTNT:0.25	AKRELGDK:0.25	FEERPYTS:0.25	MASLYPAQ:0.25	DGVIKMMT:0.3333333333333333	MLKAVQNC:0.3333333333333333	TMLKAVQN:0.3333333333333333	ADGVIKMM:0.25	ELGDKLFL:0.25	DKLFLITD:0.25	IPAVTHLF:0.25	FLNKPIPA:0.25	MMTIAPEL:0.3333333333333333	AINMASLY:0.25	QIYGSGGK:0.3333333333333333	AVTHLFNA:0.3333333333333333	LEGPYLNP:0.3333333333333333	TIAPELQD:0.3333333333333333	IPAIFEER:0.25	HLEGPYLN:0.4166666666666667	ELQDQEVI:0.25	EAINMASL:0.25	GYIPAIFE:0.3333333333333333	HLFNAMPQ:0.3333333333333333	CLTMLKAV:0.25	TLSGSCLT:0.25	LHLEGPYL:0.4166666666666667	KAVQNCVE:0.3333333333333333	PGYIPAIF:0.3333333333333333	IFEERPYT:0.25	AMPQMHHR:0.3333333333333333	VTHLFNAM:0.3333333333333333	LSSGHSNA:0.25	GSCLTMLK:0.25	LNKPIPAV:0.25	DGTLSGSC:0.25	AIFEERPY:0.25	LAEAINMA:0.25	PAIFEERP:0.25	RLAKRELG:0.25	IYGSGGKL:0.3333333333333333	GTLSGSCL:0.25	INMASLYP:0.25	LTMLKAVQ:0.3333333333333333	KPIPAVTH:0.25	VMPDGTLS:0.4166666666666667	LAKRELGD:0.25	SCLTMLKA:0.25	YIPAIFEE:0.3333333333333333	FNAMPQMH:0.3333333333333333	ASLYPAQL:0.25	ATIGTNTN:0.25	PAVTHLFN:0.25	ILSSGHSN:0.25	MTIAPELQ:0.3333333333333333	NKPIPAVT:0.25	LFNAMPQM:0.3333333333333333	IVLSLGHS:0.25	IGPYQHQL:0.25	TTGFLACV:0.3333333333333333	GIVLSLGH:0.25	GFLACVAT:0.3333333333333333	DGTLSGSN:0.25	GTTGFLAC:0.4166666666666667	TGFLACVA:0.3333333333333333	MPQMHHRE:0.25	TDAVTAAT:0.25	QMHHREPG:0.25	GKLFAGTP:0.25	MHHREPGY:0.25	YVMPDGTL:0.3333333333333333	DAVTAATE:0.25	KLFAGTPE:0.25	EPGYIPAI:0.25	GGKLFAGT:0.25	ITDAVTAA:0.25	REPGYIPA:0.25	LFAGTPEV:0.25	SGHSNATY:0.25	PQMHHREP:0.25	AVTAATEG:0.25	HREPGYIP:0.25	KLFLITDA:0.25	HHREPGYI:0.25	SSGHSNAT:0.25	
