cluster number:64
CBM5:13	CBM5:13|GH18:7|PL1_6:1|PL9_1:1|CBM13:1|GH30_5:1
WWTRNQEP:0.6153846153846154	WTRNQEPG:0.6923076923076923	TRNQEPGA:0.23076923076923078	PRTNGGWV:0.23076923076923078	TGHQGNLH:0.46153846153846156	IFDGIDID:0.3076923076923077	GDGVAAGI:0.23076923076923078	RTNGGWVD:0.23076923076923078	GIDIDWEW:0.3076923076923077	AGIFDGID:0.3076923076923077	GIFDGIDI:0.3076923076923077	GVYTAGDV:0.23076923076923078	FDGIDIDW:0.3076923076923077	GFAPAGWA:0.23076923076923078	SLGGWTWS:0.5384615384615384	APAGWAPR:0.23076923076923078	DGVAAGIF:0.23076923076923078	RTGHQGNL:0.3076923076923077	GVAAGIFD:0.38461538461538464	LGGWTWSD:0.46153846153846156	FAPAGWAP:0.23076923076923078	DGIDIDWE:0.3076923076923077	TNGGWVDP:0.23076923076923078	VYTAGDVV:0.23076923076923078	ISLGGWTW:0.23076923076923078	NYAFGNVT:0.3076923076923077	NQLRKLKE:0.3076923076923077	IDIDWEWP:0.3076923076923077	PAGWAPRT:0.23076923076923078	AAGIFDGI:0.3076923076923077	VAAGIFDG:0.38461538461538464	GGDGVAAG:0.23076923076923078	QALAGNFN:0.38461538461538464	NGFRSVGY:0.23076923076923078	RAGVNYTA:0.23076923076923078	NFNQLKKL:0.23076923076923078	YAFGNVTT:0.3076923076923077	LAGNFNQL:0.46153846153846156	GHQGNLHP:0.23076923076923078	VSLGGWTW:0.23076923076923078	NYTAQWWT:0.23076923076923078	GVNYTAQW:0.23076923076923078	WTWSDNFS:0.3076923076923077	FGNVTTDL:0.38461538461538464	QWWTRNQE:0.38461538461538464	YDGDQWWS:0.23076923076923078	NVTTDLVC:0.38461538461538464	KILVSLGG:0.23076923076923078	AGNFNQLK:0.23076923076923078	GGWTWSDN:0.38461538461538464	ALAGNFNQ:0.38461538461538464	ILVSLGGW:0.23076923076923078	INGFRSVG:0.23076923076923078	AFGNVTTD:0.3076923076923077	GWTWSDNF:0.38461538461538464	VTTDLVCD:0.38461538461538464	VNYTAQWW:0.23076923076923078	GNFNQLKK:0.23076923076923078	GNVTTDLV:0.38461538461538464	SDNFSEAA:0.23076923076923078	TWSDNFSE:0.23076923076923078	LVSLGGWT:0.23076923076923078	TAQWWTKG:0.23076923076923078	TTDLVCDI:0.38461538461538464	AGVNYTAQ:0.23076923076923078	AQWWTRNQ:0.38461538461538464	YTAQWWTK:0.23076923076923078	WSDNFSEA:0.23076923076923078	FNQLKKLK:0.23076923076923078	DQALAGNF:0.23076923076923078	YLLTGFAP:0.23076923076923078	GNFNQLRK:0.23076923076923078	LLTGFAPA:0.23076923076923078	LTGFAPAG:0.23076923076923078	TGFAPAGW:0.23076923076923078	NFNQLRKL:0.23076923076923078	DSVDGVAD:0.23076923076923078	AGNFNQLR:0.23076923076923078	FNQLRKLK:0.23076923076923078	
