cluster number:0
AA11:37	AA11:37|CBM18:3|1.-.-.-:1
IGNREMYM:0.40540540540540543	VHGGGSCQ:0.4594594594594595	TLAWTWFN:0.4864864864864865	EGGCPAKG:0.21621621621621623	AADGSDFP:0.2972972972972973	REMYMNCA:0.5405405405405406	ADGSDFPC:0.32432432432432434	NREMYMNC:0.5405405405405406	PLAADGSD:0.2972972972972973	AVHGGGSC:0.4594594594594595	DGSDFPCK:0.4864864864864865	LAWTWFNK:0.21621621621621623	YTLAWTWF:0.40540540540540543	GNREMYMN:0.5405405405405406	LAADGSDF:0.2972972972972973	THGGGSCQ:0.43243243243243246	ATHGGGSC:0.43243243243243246	GGSCQVSL:0.35135135135135137	RIGNREMY:0.24324324324324326	WFNRIGNR:0.24324324324324326	AWTWFNRI:0.24324324324324326	GKYTLAWT:0.21621621621621623	KYTLAWTW:0.21621621621621623	NSPLAADG:0.2702702702702703	GSCQVSLT:0.35135135135135137	GGGSCQVS:0.6216216216216216	EMYMNCAP:0.4594594594594595	GSATHGGG:0.2702702702702703	WTWFNRIG:0.24324324324324326	SATHGGGS:0.2702702702702703	SPLAADGS:0.2972972972972973	HGGGSCQV:0.7297297297297297	LAWTWFNR:0.2702702702702703	TWFNRIGN:0.24324324324324326	NRIGNREM:0.24324324324324326	FNRIGNRE:0.24324324324324326	SAVHGGGS:0.2702702702702703	GSAVHGGG:0.2702702702702703	MYMNCAPI:0.21621621621621623	SEWKVIKS:0.21621621621621623	
