cluster number:2
AA11:11	AA11:11
HGGGSCQF:0.9090909090909091	ATFAWTWF:0.5454545454545454	SAVHGGGS:0.36363636363636365	VHGGGSCQ:0.36363636363636365	FAWTWFNK:0.7272727272727273	GNATFAWT:0.2727272727272727	KTIYTIIG:0.2727272727272727	TFAWTWFN:0.6363636363636364	GSAVHGGG:0.36363636363636365	FNKIGNRE:0.45454545454545453	AWTWFNKI:0.45454545454545453	TWFNKIGN:0.45454545454545453	NATFAWTW:0.2727272727272727	AVHGGGSC:0.36363636363636365	GGSCQFSV:0.6363636363636364	WFNKIGNR:0.45454545454545453	PFPCQGRT:0.36363636363636365	WTWFNKIG:0.45454545454545453	GGGSCQFS:0.9090909090909091	FTGGAQHG:0.45454545454545453	AQHGGGSC:0.45454545454545453	GGAQHGGG:0.45454545454545453	GAQHGGGS:0.45454545454545453	TGGAQHGG:0.45454545454545453	IIGGCPAE:0.36363636363636365	EMYMNCAP:0.2727272727272727	WTWFNKLG:0.2727272727272727	AWTWFNKL:0.2727272727272727	QHGGGSCQ:0.5454545454545454	SCQFSITY:0.2727272727272727	CQFSITYD:0.2727272727272727	TIYSIIGG:0.45454545454545453	YSIIGGCP:0.45454545454545453	GGSCQFSI:0.2727272727272727	NFTGGAQH:0.2727272727272727	VNFTGGAQ:0.2727272727272727	GSCQFSIT:0.2727272727272727	SIIGGCPA:0.45454545454545453	IYSIIGGC:0.45454545454545453	IGNREMYM:0.36363636363636365	KIGNREMY:0.36363636363636365	NKIGNREM:0.36363636363636365	KWHTIYSI:0.2727272727272727	LDTEPLYQ:0.2727272727272727	GGCPAEAE:0.2727272727272727	SCQFSVAY:0.2727272727272727	EPHPFNLD:0.2727272727272727	TGKECTKQ:0.2727272727272727	KFWGSAVH:0.2727272727272727	REMYMVCS:0.2727272727272727	QVTKVTAG:0.2727272727272727	HVIMVEPH:0.2727272727272727	MYMVCSPI:0.2727272727272727	VEPHPFNL:0.2727272727272727	GCPAEAEG:0.2727272727272727	CPAEAEGN:0.2727272727272727	YMVCSPIE:0.2727272727272727	PAEAEGNI:0.2727272727272727	RANIPGEC:0.2727272727272727	FWGSAVHG:0.2727272727272727	SPIEVVGG:0.2727272727272727	CQFSVAYG:0.2727272727272727	LPFPCQGR:0.2727272727272727	MVCSPIEV:0.2727272727272727	DTGKECTK:0.2727272727272727	GTPGSEGT:0.2727272727272727	WGSAVHGG:0.2727272727272727	HTIYSIIG:0.2727272727272727	WHTIYSII:0.2727272727272727	PHPFNLDT:0.2727272727272727	HPFNLDTE:0.2727272727272727	PFNLDTEP:0.2727272727272727	CSPIEVVG:0.2727272727272727	GSCQFSVA:0.36363636363636365	FPCQGRTQ:0.2727272727272727	IMVEPHPF:0.2727272727272727	EQVTKVTA:0.2727272727272727	MVEPHPFN:0.2727272727272727	EMYMVCSP:0.2727272727272727	NDTGKECT:0.2727272727272727	GKECTKQF:0.2727272727272727	VKFWGSAV:0.2727272727272727	FNLDTEPL:0.2727272727272727	AEAEGNIP:0.2727272727272727	PCQGRTQH:0.2727272727272727	VCSPIEVV:0.2727272727272727	FRANIPGE:0.2727272727272727	TPGSEGTC:0.2727272727272727	NLDTEPLY:0.2727272727272727	VIMVEPHP:0.2727272727272727	DLPFPCQG:0.2727272727272727	GNREMYMV:0.2727272727272727	EQGTPGSE:0.2727272727272727	NREMYMVC:0.2727272727272727	QGTPGSEG:0.2727272727272727	IGGCPAEA:0.2727272727272727	
