cluster number:18
GH12:33	GH12:33|3.2.1.4:11|3.2.1.73:2
SGDYELMI:0.6060606060606061	DLFTAADP:0.2727272727272727	LFTAADPN:0.2727272727272727	SSGDYELM:0.3939393939393939	YDLFTAAD:0.6060606060606061	NQGFPASS:0.30303030303030304	GFPASSQY:0.3939393939393939	ELMIWLAR:0.5151515151515151	HATSSGDY:0.24242424242424243	FTAADPNH:0.30303030303030304	GDYELMIW:0.6666666666666666	DYELMIWL:0.6666666666666666	GTEPFTGG:0.36363636363636365	YELMIWLA:0.6060606060606061	QGFPASSQ:0.36363636363636365	FPASSQYL:0.42424242424242425	ATSSGDYE:0.24242424242424243	TSSGDYEL:0.36363636363636365	QYDSASSP:0.21212121212121213	IGKQIATA:0.24242424242424243	QPIGKQIA:0.24242424242424243	LMIWLARY:0.45454545454545453	SASSPPYS:0.21212121212121213	PIGKQIAT:0.24242424242424243	PATFTVDN:0.21212121212121213	TEPFTGGP:0.24242424242424243	MIWLARYG:0.45454545454545453	QKTYSFVA:0.24242424242424243	EPFTGGPA:0.21212121212121213	TGGPATFT:0.24242424242424243	FTGGPATF:0.24242424242424243	DSASSPPY:0.21212121212121213	ASSPPYSV:0.21212121212121213	GGPATFTV:0.24242424242424243	QNQGFPAS:0.21212121212121213	YDSASSPP:0.21212121212121213	GPATFTVD:0.21212121212121213	SSPPYSVN:0.21212121212121213	PFTGGPAT:0.21212121212121213	TYSGDYEL:0.21212121212121213	ADVAYDLF:0.42424242424242425	AYDLFTAA:0.6060606060606061	DLFTAADI:0.30303030303030304	RADVAYDL:0.24242424242424243	SGSGSQCT:0.21212121212121213	QFGTEPFT:0.48484848484848486	VTYSGDYE:0.21212121212121213	NHVTYSGD:0.21212121212121213	FGTEPFTG:0.5151515151515151	DVAYDLFT:0.42424242424242425	PASSQYLI:0.42424242424242425	HVTYSGDY:0.21212121212121213	FTAADINH:0.30303030303030304	LFTAADIN:0.30303030303030304	VAYDLFTA:0.5757575757575758	YSGDYELM:0.21212121212121213	ASSQYLIN:0.24242424242424243	AADINHVT:0.2727272727272727	TAADINHV:0.2727272727272727	FGTEAFTG:0.21212121212121213	GTEAFTGG:0.2727272727272727	TEAFTGGP:0.2727272727272727	EAFTGGPA:0.2727272727272727	DYELMVWL:0.21212121212121213	ELMVWLAR:0.24242424242424243	GDYELMVW:0.21212121212121213	YELMVWLA:0.24242424242424243	IWLARYGN:0.21212121212121213	PINSYSGD:0.21212121212121213	SPINSYSG:0.21212121212121213	INSYSGDI:0.21212121212121213	
