cluster number:4
GH72:42	CBM43:42|GH72:42|2.4.1.-:1
GFFAGNEV:0.7857142857142857	GGIVYMYF:0.6904761904761905	IGFFAGNE:0.3333333333333333	GIYVIADL:0.2857142857142857	VIGFFAGN:0.2619047619047619	NVIGFFAG:0.2619047619047619	DAGIYVIA:0.23809523809523808	IYVIADLS:0.23809523809523808	FVKAAVRD:0.6428571428571429	KAAVRDMK:0.2857142857142857	AFVKAAVR:0.6428571428571429	SGGIVYMY:0.7380952380952381	VWSGGIVY:0.42857142857142855	AGIYVIAD:0.2857142857142857	LADAGIYV:0.23809523809523808	VKAAVRDM:0.2857142857142857	WSGGIVYM:0.38095238095238093	VFFAEYGC:0.6904761904761905	KAAVRDTK:0.38095238095238093	AIDFWGYN:0.21428571428571427	VPVFFAEY:0.6190476190476191	VFSGGIVY:0.2857142857142857	VKAAVRDT:0.38095238095238093	PVFFAEYG:0.6904761904761905	KGVAYQQD:0.21428571428571427	QFFMKGVA:0.21428571428571427	FFAEYGCN:0.7857142857142857	WGYNIYSW:0.5952380952380952	VISDLSEP:0.23809523809523808	TQFFMKGV:0.21428571428571427	FMKGVAYQ:0.21428571428571427	IYVISDLS:0.3333333333333333	SVPVFFAE:0.47619047619047616	ASAFVKAA:0.5714285714285714	DAGIYVIS:0.2857142857142857	AGIYVISD:0.35714285714285715	YNIYSWCG:0.6428571428571429	FFAGNEVS:0.6190476190476191	NRDDPKWD:0.21428571428571427	FSGGIVYM:0.2857142857142857	IRTYAIDP:0.23809523809523808	LDDAGIYV:0.21428571428571427	SAFVKAAV:0.5952380952380952	GTQFFMKG:0.23809523809523808	QEANDYGL:0.2857142857142857	CKRDVPLL:0.21428571428571427	GIYVISDL:0.35714285714285715	FAGNEVSN:0.5714285714285714	MKGVAYQQ:0.2619047619047619	NGTQFFMK:0.23809523809523808	GYNIYSWC:0.6666666666666666	FFMKGVAY:0.21428571428571427	YVISDLSE:0.23809523809523808	EANDYGLV:0.30952380952380953	ISDLSEPS:0.21428571428571427	FAEYGCNE:0.30952380952380953	YSVPVFFA:0.47619047619047616	YVKAAVRD:0.21428571428571427	SAYVKAAV:0.21428571428571427	GIVYMYFQ:0.5476190476190477	AYVKAAVR:0.21428571428571427	IVYMYFQE:0.5238095238095238	ASAYVKAA:0.2619047619047619	NIYSWCGD:0.38095238095238093	NYSVPVFF:0.30952380952380953	GVGYATND:0.38095238095238093	IRVYAIDP:0.21428571428571427	VGYATNDD:0.42857142857142855	DFWGYNIY:0.5	YSWCGDSS:0.3333333333333333	IDFWGYNI:0.42857142857142855	IYSWCGDS:0.38095238095238093	SIDFWGYN:0.30952380952380953	FWGYNIYS:0.40476190476190477	MYFQEAND:0.2857142857142857	YFQEANDY:0.23809523809523808	FQEANDYG:0.23809523809523808	IKGSKFFY:0.35714285714285715	VYMYFQEA:0.3333333333333333	LGFFAGNE:0.3333333333333333	YMYFQEAN:0.38095238095238093	IVIKGSKF:0.23809523809523808	VIKGSKFF:0.23809523809523808	EFANYSVP:0.21428571428571427	YGAYSMCS:0.23809523809523808	
