cluster number:3
GH72:146	CBM43:146|GH72:146|2.4.1.-:6
VRPRPFTE:0.23972602739726026	FFIKGIAY:0.2328767123287671	DFYGINMY:0.6027397260273972	FVKAAIRD:0.5753424657534246	INMYEWCG:0.7397260273972602	VGYSTNDD:0.2465753424657534	VKADFYGI:0.3013698630136986	PVFFSEFG:0.2945205479452055	GLAYMYFE:0.2054794520547945	YMYFEEEN:0.3150684931506849	ASPFVKAA:0.3561643835616438	FIKGIAYQ:0.2328767123287671	FAGNEVTN:0.7054794520547946	VFFSEFGC:0.2945205479452055	NMYEWCGY:0.2808219178082192	WSGGLAYM:0.2054794520547945	FYGINMYE:0.6027397260273972	SGGLAYMY:0.2054794520547945	DVKADFYG:0.3013698630136986	IPVGYSTN:0.21232876712328766	SPFVKAAI:0.2876712328767123	PVGYSTND:0.2534246575342466	YGINMYEW:0.6027397260273972	GINMYEWC:0.7397260273972602	GGLAYMYF:0.2054794520547945	LAYMYFEE:0.2054794520547945	RKIPVGYS:0.2876712328767123	PFVKAAIR:0.3698630136986301	FFSEFGCN:0.3356164383561644	ADFYGINM:0.5821917808219178	KADFYGIN:0.3904109589041096	AGNEVTND:0.3356164383561644	MYEWCGYS:0.2808219178082192	RPRPFTEV:0.2671232876712329	QFFIKGIA:0.2328767123287671	GFFAGNEV:0.7945205479452054	VLGFFAGN:0.5958904109589042	ADYFACGD:0.3150684931506849	GGIVYMYF:0.4931506849315068	FYSNNGSQ:0.363013698630137	IVYMYFEE:0.3835616438356164	NKFFYSNN:0.3972602739726027	IPVGYSSN:0.3767123287671233	GIYVIADL:0.2876712328767123	NYTNVLGF:0.2328767123287671	PIFFSEYG:0.2191780821917808	TDVWSGGI:0.4931506849315068	AGNEVTNN:0.2808219178082192	PVGYSSND:0.3972602739726027	DAGIYVIA:0.2465753424657534	VGYSSNDD:0.3904109589041096	MTDVWSGG:0.5	YTNVLGFF:0.2534246575342466	IYVIADLS:0.2945205479452055	NVLGFFAG:0.5958904109589042	GIVYMYFE:0.3972602739726027	FVKAAVRD:0.21232876712328766	GYSSNDDE:0.21232876712328766	SGGIVYMY:0.5753424657534246	IFFSEYGC:0.2191780821917808	VWSGGIVY:0.6301369863013698	AGIYVIAD:0.273972602739726	YSNNGSQF:0.363013698630137	KFFYSNNG:0.4178082191780822	TNVLGFFA:0.2534246575342466	FFAGNEVT:0.5821917808219178	SNNGSQFY:0.3493150684931507	LGFFAGNE:0.726027397260274	DVWSGGIV:0.5205479452054794	FFSEYGCN:0.589041095890411	WSGGIVYM:0.5753424657534246	GNKFFYSN:0.3835616438356164	FFYSNNGS:0.3698630136986301	PVFFSEYG:0.2465753424657534	DASAFVKA:0.2602739726027397	SEYGCNEV:0.3561643835616438	VGNKFFYS:0.2671232876712329	ASAFVKAA:0.3356164383561644	NTDASAFV:0.2328767123287671	TNVIRVYA:0.2534246575342466	IPVFFSEY:0.2054794520547945	TDASAFVK:0.2328767123287671	VFFSEYGC:0.2465753424657534	FSEYGCNE:0.3972602739726027	SAFVKAAI:0.2054794520547945	AFVKAAIR:0.2054794520547945	
