cluster number:20
PL8:21	PL8:21|CBM70:5
NWWDWEIG:0.3333333333333333	WWDWEIGT:0.2857142857142857	WDWEIGTP:0.2857142857142857	DDEIVALG:0.2857142857142857	FDDEIVAL:0.2857142857142857	SYSYVLLP:0.23809523809523808	GSDIGYYF:0.2857142857142857	SYVLLPNK:0.2857142857142857	YSYVLLPN:0.42857142857142855	FMFDDEIV:0.38095238095238093	GKKSWFMF:0.23809523809523808	KSWFMFDD:0.47619047619047616	SWFMFDDE:0.47619047619047616	MFDDEIVA:0.38095238095238093	WFMFDDEI:0.42857142857142855	SDIGYYFP:0.3333333333333333	KKSWFMFD:0.47619047619047616	GFYEDGSF:0.23809523809523808	FYEDGSFI:0.23809523809523808	DGMTYLYN:0.2857142857142857	AKKSWFMF:0.23809523809523808	GDGFYEDG:0.23809523809523808	DGFYEDGS:0.23809523809523808	YVTSGDGF:0.23809523809523808	ETIVENRK:0.23809523809523808	TYLYNDDL:0.23809523809523808	GMTYLYND:0.23809523809523808	MTYLYNDD:0.23809523809523808	AMMDMVRG:0.23809523809523808	MMDMVRGR:0.2857142857142857	GAMMDMVR:0.23809523809523808	
