cluster number:7
GH55:31	GH55:31|CBM32:12|3.2.1.-:3|CBM56:3|CBM54:3|GH16:2|3.2.1.39:1|3.2.1.58:1|CBM13:1
SQQQWLSR:0.22580645161290322	WASGGFLA:0.4838709677419355	SGGFLADS:0.4838709677419355	NATCNFWR:0.22580645161290322	GWASGGFL:0.4838709677419355	QQQWLSRN:0.25806451612903225	ASGGFLAD:0.45161290322580644	KNGLVVNG:0.3548387096774194	VSQAAPLR:0.5483870967741935	SQAAPLRR:0.5483870967741935	AVSQAAPL:0.5483870967741935	YASYKVAD:0.3548387096774194	ALLFKPGT:0.25806451612903225	FWLWRADH:0.22580645161290322	WAVSQAAP:0.3225806451612903	LLFKPGTY:0.25806451612903225	FYQSEIPY:0.6774193548387096	WLWRADHG:0.41935483870967744	RYALLFKP:0.3548387096774194	YALLFKPG:0.3548387096774194	GYASYKVA:0.41935483870967744	YFYQSEIP:0.6774193548387096	FRDAAVKL:0.2903225806451613	WDNGNATR:0.2903225806451613	QQQWFSRN:0.2903225806451613	VAGLGQNP:0.25806451612903225	VWNMVFVG:0.45161290322580644	FGPNVYVF:0.22580645161290322	IYGLFNEH:0.25806451612903225	YFRDAAVK:0.3548387096774194	IGDHFWIW:0.22580645161290322	NATRNFWR:0.2903225806451613	GLFNEHHN:0.3870967741935484	YGLFNEHH:0.3870967741935484	EHHNEYQT:0.3870967741935484	DHFWIWRA:0.22580645161290322	NGNATRNF:0.2903225806451613	SHEAWGLG:0.3870967741935484	FWIWRADH:0.22580645161290322	HFWIWRAD:0.22580645161290322	FNEHHNEY:0.3870967741935484	AWGLGIYS:0.3225806451612903	GPNVYVFD:0.22580645161290322	QSEIPYDV:0.3870967741935484	ASQQQWFS:0.22580645161290322	VTIYGLFN:0.25806451612903225	YSYFRDAA:0.3548387096774194	WIWRADHG:0.41935483870967744	DNGNATRN:0.2903225806451613	GDHFWIWR:0.22580645161290322	PASQQQWF:0.22580645161290322	TIYGLFNE:0.25806451612903225	RADHGAGA:0.22580645161290322	VIGDHFWI:0.22580645161290322	YQSEIPYD:0.5806451612903226	VTSHEAWG:0.45161290322580644	GNATRNFW:0.2903225806451613	NEHHNEYQ:0.3870967741935484	SQQQWFSR:0.2903225806451613	EAWGLGIY:0.2903225806451613	VWNGNGGR:0.22580645161290322	TSHEAWGL:0.3870967741935484	HEAWGLGI:0.2903225806451613	LFNEHHNE:0.3870967741935484	SYFRDAAV:0.3548387096774194	SEIPYDVP:0.3870967741935484	WRADHGAG:0.2903225806451613	TPVIREKP:0.2903225806451613	VDGVKIAG:0.22580645161290322	APLRRLHI:0.25806451612903225	NVNADWDN:0.22580645161290322	YTHVAGLG:0.3225806451612903	AAPLRRLH:0.2903225806451613	NVGFYTHV:0.25806451612903225	HVAGLGQN:0.22580645161290322	VADVDGVK:0.2903225806451613	VPASQQQW:0.3225806451612903	PVIREKPY:0.22580645161290322	EAWGLGVY:0.2903225806451613	NAGWASGG:0.3225806451612903	GFYTHVAG:0.2903225806451613	FNVGFYTH:0.22580645161290322	QAAPLRRL:0.3225806451612903	QIAVSQAA:0.25806451612903225	SEITHVIN:0.22580645161290322	QGKHLLFT:0.2903225806451613	VYSYFRDA:0.25806451612903225	VNADWDNG:0.22580645161290322	ADVDGVKI:0.22580645161290322	VVPASQQQ:0.3225806451612903	SIDQFYIA:0.25806451612903225	AWGLGVYS:0.25806451612903225	AGWASGGF:0.3225806451612903	DWDNGNAT:0.25806451612903225	SVADVDGV:0.22580645161290322	KHLLFTPG:0.3548387096774194	DGVKIAGL:0.22580645161290322	IPYDVPNQ:0.3225806451612903	LRRLHIKG:0.25806451612903225	THVAGLGQ:0.2903225806451613	TQIAVSQA:0.25806451612903225	GSEITHVI:0.22580645161290322	NWNAGWAS:0.3225806451612903	HEAWGLGV:0.2903225806451613	ADWDNGNA:0.25806451612903225	IREKPYLY:0.3225806451612903	EIPYDVPN:0.3225806451612903	VIREKPYL:0.22580645161290322	NTVVLGIG:0.3225806451612903	IAVSQAAP:0.3548387096774194	GVYSYFRD:0.25806451612903225	NADWDNGN:0.25806451612903225	DVDGVKIA:0.22580645161290322	VGFYTHVA:0.2903225806451613	FYTHVAGL:0.2903225806451613	WNAGWASG:0.3225806451612903	WNMVFVGS:0.22580645161290322	PLRRLHIK:0.25806451612903225	ISIDQFYI:0.22580645161290322	GKHLLFTP:0.3548387096774194	YQTLWNGN:0.22580645161290322	LLFTPGIY:0.22580645161290322	TLWNGNGG:0.22580645161290322	NGYASYKV:0.25806451612903225	GGRVYFYQ:0.3548387096774194	QTLWNGNG:0.22580645161290322	NGGRVYFY:0.3225806451612903	WNGNGGRV:0.2903225806451613	NGNGGRVY:0.2903225806451613	VYFYQSEI:0.3225806451612903	GNGGRVYF:0.3225806451612903	LWNGNGGR:0.22580645161290322	EYQTLWNG:0.25806451612903225	GRVYFYQS:0.3548387096774194	RVYFYQSE:0.3548387096774194	WNMVFVGV:0.2903225806451613	
