cluster number:1
GH55:87	GH55:87|3.2.1.58:9|CBM50:4|CBM66:1
QATSLQNI:0.3563218390804598	HWQVAQAT:0.39080459770114945	AQATSLQN:0.28735632183908044	GAKGDGVT:0.26436781609195403	GAGLYSFF:0.367816091954023	GVTDDTAA:0.2413793103448276	VTDDTAAI:0.2413793103448276	GIHWQVAQ:0.367816091954023	QVAQATSL:0.3448275862068966	TPALVYFP:0.25287356321839083	IHWQVAQA:0.3793103448275862	TNQNNFFR:0.25287356321839083	TDDTAAIQ:0.27586206896551724	WQVAQATS:0.367816091954023	DGVTDDTA:0.22988505747126436	QQFTTRNL:0.2413793103448276	AKGDGVTD:0.27586206896551724	GTYVVSKP:0.20689655172413793	RNVKDYGA:0.20689655172413793	VAQATSLQ:0.27586206896551724	GDGVTDDT:0.367816091954023	KGDGVTDD:0.27586206896551724	YGAGLYSF:0.21839080459770116	VYFPPGTY:0.367816091954023	QTETPYYQ:0.28735632183908044	MDNGSGGF:0.25287356321839083	GNQQFTTR:0.20689655172413793	NQQFTTRN:0.20689655172413793	FMDNGSGG:0.3218390804597701	PPGTYVVS:0.20689655172413793	DNGSGGFM:0.3103448275862069	IFMDNGSG:0.3333333333333333	GIFMDNGS:0.3333333333333333	LIQTETPY:0.25287356321839083	QQGIFMDN:0.26436781609195403	QGIFMDNG:0.27586206896551724	AVIDADPY:0.20689655172413793	IQTETPYY:0.27586206896551724	TDDTAAIN:0.3103448275862069	DYGAKGDG:0.22988505747126436	DFGAKGDG:0.20689655172413793	MENGSGGF:0.20689655172413793	RNVKDFGA:0.2988505747126437	VYFDHGAY:0.2413793103448276	ALVYFPPG:0.21839080459770116	LVYFPPGT:0.2413793103448276	PALVYFPP:0.21839080459770116	
