cluster number:328
CE4:12	CE4:12
ALERVPIF:0.3333333333333333	VLITFDDG:0.5833333333333334	YTNAYPIL:0.3333333333333333	FALERVPI:0.25	DNYTNAYP:0.3333333333333333	PVLITFDD:0.5833333333333334	LITFDDGY:0.6666666666666666	NYTNAYPI:0.3333333333333333	TNAYPILK:0.3333333333333333	NAYPILKK:0.3333333333333333	AYPILKKY:0.4166666666666667	KVLVLNYH:0.25	LPDRPVLI:0.25	ITFDDGYV:0.5833333333333334	PDRPVLIT:0.25	GYLTWDQV:0.25	YPILKKYN:0.25	TFDDGYVD:0.75	DRPVLITF:0.25	DDGYVDNY:0.5833333333333334	RPVLITFD:0.5	FDDGYVDN:0.75	TIESHTVT:0.25	LERVPIFR:0.25	LVESKRQA:0.3333333333333333	PTGAHDLH:0.25	TISPDELY:0.25	YPTGAHDL:0.25	TGAHDLHI:0.25	IAYPTGAH:0.25	EFIAYPTG:0.3333333333333333	GYVDNYTN:0.5	PVEFIAYP:0.25	ELGHPVEF:0.25	HGYHTISP:0.25	QMKYLVDH:0.3333333333333333	FVVTGFLS:0.25	YLVDHGYH:0.3333333333333333	PPEDDVKV:0.3333333333333333	ELVESKRQ:0.3333333333333333	VDNYTNAF:0.25	KYLVDHGY:0.3333333333333333	HPVEFIAY:0.25	LVDHGYHT:0.3333333333333333	LGHPVEFI:0.25	HTISPDEL:0.25	MIGGRQFW:0.25	ERVPIFRT:0.3333333333333333	FIAYPTGA:0.25	LPERPVLI:0.25	DGYVDNYT:0.5	MKYLVDHG:0.3333333333333333	DNYTNAFP:0.25	FDWQMKYL:0.3333333333333333	YVDNYTNA:0.5	TWDQVREM:0.25	DFDWQMKY:0.3333333333333333	DWQMKYLV:0.3333333333333333	GGRQFWSL:0.3333333333333333	WQMKYLVD:0.3333333333333333	GYHTISPD:0.25	ISPDELYD:0.25	YHTISPDE:0.25	DHGYHTIS:0.3333333333333333	AYPTGAHD:0.25	VESKRQAE:0.3333333333333333	PPPEDDVK:0.3333333333333333	ERPVLITF:0.25	VVTGFLSK:0.25	GHPVEFIA:0.25	VEFIAYPT:0.25	PERPVLIT:0.25	VDHGYHTI:0.3333333333333333	ESHTVTHA:0.25	VTGFLSKR:0.25	IESHTVTH:0.25	IGGRQFWS:0.3333333333333333	NVDRNSNV:0.25	VDNYTNAY:0.25	IREELVES:0.25	REELVESK:0.25	RIREELVE:0.25	EELVESKR:0.25	
