cluster number:253
CE4:77	CE4:77
MRPPQGRT:0.935064935064935	LMRPPQGR:0.948051948051948	VLWSATAK:0.2077922077922078	YKGTVPAV:0.44155844155844154	IYKGTVPA:0.44155844155844154	IALTFDAG:0.6233766233766234	HEVANHTW:0.35064935064935066	PRLMRPPQ:0.23376623376623376	RPPQGRTD:0.8311688311688312	LLHDIYKG:0.44155844155844154	DILKEKKV:0.2077922077922078	RLMRPPQG:0.23376623376623376	LWSATAKD:0.22077922077922077	PQGRTDDT:0.3116883116883117	LLDILKEK:0.3246753246753247	ALTFDAGP:0.9090909090909091	HDIYKGTV:0.44155844155844154	VPGIIDAL:0.42857142857142855	ATFFLLGK:0.44155844155844154	GTVPAVPG:0.9090909090909091	LDILKEKK:0.2077922077922078	PAVPGIID:0.4935064935064935	ILLHDIYK:0.44155844155844154	PPQGRTDD:0.38961038961038963	LTFDAGPG:0.2857142857142857	AVPGIIDA:0.42857142857142855	GHEVANHT:0.35064935064935066	VPAVPGII:0.6233766233766234	GLSQVLWS:0.23376623376623376	EGHEVANH:0.35064935064935066	LGLSQVLW:0.24675324675324675	LHDIYKGT:0.44155844155844154	KGTVPAVP:0.45454545454545453	QGRTDDTV:0.3116883116883117	RLLDILKE:0.3116883116883117	CIALTFDA:0.6233766233766234	DIYKGTVP:0.44155844155844154	DEGHEVAN:0.23376623376623376	QVLWSATA:0.2077922077922078	WSATAKDY:0.22077922077922077	TVPAVPGI:0.8831168831168831	VPQLLAPG:0.36363636363636365	YDGTVPAV:0.3116883116883117	HDIYDGTV:0.2727272727272727	HELANHTW:0.2597402597402597	GIILLHDI:0.7792207792207793	IILLHDIY:0.7792207792207793	ILLHDIYD:0.2727272727272727	ELANHTWS:0.23376623376623376	EGHELANH:0.2597402597402597	LANHTWSH:0.23376623376623376	DGIILLHD:0.8181818181818182	PATFFLLG:0.5064935064935064	LHDIYDGT:0.2727272727272727	GYTFVTVP:0.2597402597402597	VPATFFLL:0.5064935064935064	LLHDIYDG:0.2727272727272727	TVPQLLAP:0.37662337662337664	IYDGTVPA:0.2727272727272727	DGTVPAVP:0.3116883116883117	GHELANHT:0.2597402597402597	TLMRPPQG:0.5584415584415584	PTLMRPPQ:0.5584415584415584	KPTLMRPP:0.2077922077922078	QVPATFFL:0.22077922077922077	FVTVPQLL:0.37662337662337664	DIYDGTVP:0.2727272727272727	RDGIILLH:0.6883116883116883	VTVPQLLA:0.37662337662337664	WSVTAKDY:0.5324675324675324	VPAVPGIL:0.2077922077922078	VALTFDAG:0.2857142857142857	KCVALTFD:0.3116883116883117	CVALTFDA:0.2857142857142857	AQVLWSVT:0.2597402597402597	VLWSVTAK:0.4935064935064935	AKCVALTF:0.2857142857142857	LTFDAGPS:0.5844155844155844	HATFFMLG:0.22077922077922077	GYTVVTVS:0.2077922077922078	VDCRKAKC:0.2727272727272727	LWSVTAKD:0.5324675324675324	FDAGPSEN:0.45454545454545453	DAGPSENT:0.2077922077922078	QVLWSVTA:0.2597402597402597	TFDAGPSE:0.5064935064935064	KCIALTFD:0.6493506493506493	DCRKAKCI:0.2077922077922078	RKAKCIAL:0.2077922077922078	AKCIALTF:0.4805194805194805	KAKCIALT:0.24675324675324675	CRKAKCIA:0.2077922077922078	SVTAKDYQ:0.22077922077922077	VTAKDYQT:0.22077922077922077	FLLGKRHI:0.22077922077922077	VFVTVPQL:0.35064935064935066	SENSARLL:0.23376623376623376	FFLLGKRH:0.22077922077922077	EVLWSVTA:0.23376623376623376	PGIIDALK:0.2857142857142857	EGHEVASH:0.2857142857142857	VTAKDYTT:0.2077922077922078	PSENSARL:0.23376623376623376	AGPSENSA:0.23376623376623376	LLAPGKAE:0.2987012987012987	APGKAEPG:0.2987012987012987	HEVASHTW:0.3116883116883117	LAPGKAEP:0.2987012987012987	GHEVASHT:0.2987012987012987	QLLAPGKA:0.24675324675324675	AAEGHEVA:0.2077922077922078	PQLLAPGK:0.2597402597402597	DAGPSENS:0.24675324675324675	ENSARLLD:0.23376623376623376	TFFLLGKR:0.22077922077922077	GPSENSAR:0.23376623376623376	GYVFVTVP:0.3246753246753247	AEPGKVYR:0.22077922077922077	RGYVFVTV:0.3116883116883117	ELGLAEVL:0.2077922077922078	SARLLDIL:0.2727272727272727	YVFVTVPQ:0.3246753246753247	QSSRDGII:0.2077922077922078	NSARLLDI:0.22077922077922077	SSRDGIIL:0.2077922077922078	LGLAEVLW:0.2077922077922078	SRDGIILL:0.24675324675324675	ARLLDILK:0.23376623376623376	
