cluster number:330
CE4:32	CE4:32
FFVIGAYA:0.46875	ATFFVIGA:0.5	SRCVYLTF:0.28125	LTFDDGPN:0.875	VYLTFDDG:0.9375	YLTFDDGP:0.9375	GAYAAQQP:0.21875	RCVYLTFD:0.59375	GSRCVYLT:0.28125	VIGAYAAQ:0.21875	IGAYAAQQ:0.21875	FVIGAYAA:0.46875	QATFFVIG:0.21875	CVYLTFDD:0.59375	TFDDGPNP:0.875	VRSEYADA:0.4375	TFFVIGAY:0.5	SVYLTFDD:0.34375	AEYRAPAT:0.25	LDVLAEYR:0.21875	HSVYLTFD:0.21875	RAPATFCV:0.25	EYRAPATF:0.25	DVLAEYRA:0.25	LAEYRAPA:0.25	YRAPATFC:0.25	VLAEYRAP:0.25	ILDVLAEY:0.21875	ERKISATF:0.25	YADANGNR:0.3125	GPNPYCTP:0.5	LPVVRSEY:0.25	SATFFVIG:0.28125	KISATFFV:0.28125	YCTPDVLD:0.3125	HPDRLPVV:0.25	RLPVVRSE:0.25	SEYADANG:0.40625	NPYCTPDV:0.3125	PDRLPVVR:0.25	RKISATFF:0.28125	PYCTPDVL:0.3125	PNPYCTPD:0.46875	VVRSEYAD:0.25	NHPDRLPV:0.25	DANGNRCV:0.3125	LAERKISA:0.28125	DRLPVVRS:0.25	PVVRSEYA:0.25	RSEYADAN:0.375	MNHPDRLP:0.25	NRCVYLTF:0.3125	ANGNRCVY:0.3125	NGNRCVYL:0.3125	ISATFFVI:0.28125	GNRCVYLT:0.3125	FDDGPNPY:0.5	DDGPNPYC:0.5	AERKISAT:0.28125	EYADANGN:0.3125	ADANGNRC:0.3125	DGPNPYCT:0.5	LCTPDILD:0.21875	PLCTPDIL:0.21875	DDGPNPLC:0.21875	CTPDILDL:0.21875	FDDGPNPL:0.21875	DGPNPLCT:0.21875	GPNPLCTP:0.21875	NPLCTPDI:0.21875	PDILDLLA:0.21875	PNPLCTPD:0.21875	TPDILDLL:0.21875	TPDVLDVL:0.3125	CTPDVLDV:0.3125	PDVLDVLA:0.3125	
