cluster number:31
CE4:28	CE4:28|GH11:17|CBM2:10|CBM10:9|CBM60:9|3.2.1.8:4|GH10:2|CBM6:1|GT2:1|CBM36:1|3.1.1.72:1
PTLFRPPY:0.39285714285714285	ALTFDDGP:0.21428571428571427	GYVALTFD:0.21428571428571427	TLFRPPYG:0.42857142857142855	VALTFDDG:0.21428571428571427	YVALTFDD:0.21428571428571427	TFYQYWSV:0.25	QRVNQPSI:0.32142857142857145	EGYQSSGS:0.2857142857142857	GYQSSGSS:0.2857142857142857	FYQYWSVR:0.25	TEGYQSSG:0.35714285714285715	YWSVRQQK:0.21428571428571427	YDIYRTQR:0.21428571428571427	WSVRQQKR:0.2857142857142857	ARPNGSGN:0.21428571428571427	IGNHSWDH:0.25	YQYWSVRQ:0.21428571428571427	PSGNAYLT:0.21428571428571427	IYRTQRVN:0.21428571428571427	YLTLYGWT:0.25	GGTYDIYR:0.21428571428571427	FRPPYGES:0.21428571428571427	TYRPTGTF:0.21428571428571427	AYLTLYGW:0.21428571428571427	TGRAVAPS:0.32142857142857145	ATEGYQSS:0.32142857142857145	NAYLTLYG:0.21428571428571427	GTYDIYRT:0.21428571428571427	GNHSWDHP:0.25	LFRPPYGE:0.4642857142857143	WGTYRPTG:0.25	TYDIYRTQ:0.21428571428571427	WDVDSQDW:0.2857142857142857	GNHFDAWA:0.21428571428571427	NHFDAWAS:0.21428571428571427	DIYRTQRV:0.21428571428571427	RPPYGESN:0.21428571428571427	FNPSGNAY:0.21428571428571427	NPSGNAYL:0.21428571428571427	DVDSQDWN:0.2857142857142857	GQIILMHD:0.21428571428571427	QYWSVRQQ:0.21428571428571427	GTYRPTGT:0.21428571428571427	STGRAVAP:0.35714285714285715	SDGGTYDI:0.21428571428571427	DGGTYDIY:0.2857142857142857	TARPNGSG:0.21428571428571427	YYVIESYG:0.21428571428571427	LIEYYVIE:0.21428571428571427	TYNVRRCQ:0.2857142857142857	FQSDGATY:0.2857142857142857	YGSFQSDG:0.2857142857142857	IEYYVIES:0.21428571428571427	YNVRRCQR:0.2857142857142857	NQAIQNAG:0.21428571428571427	YVGITFDD:0.32142857142857145	QSDGATYN:0.2857142857142857	QNGQVILM:0.32142857142857145	ITFDDGPG:0.25	YLALYGWT:0.2857142857142857	NSYLALYG:0.2857142857142857	QLQNGQVI:0.25	YMVLATEG:0.25	VIESYGSY:0.21428571428571427	IESYGSYN:0.2857142857142857	FRPPYGET:0.21428571428571427	ETRQAEDM:0.2857142857142857	EYYVIESY:0.21428571428571427	SGYVGITF:0.21428571428571427	NNLTPVTW:0.25	NGETRQAE:0.2857142857142857	GITFDDGP:0.35714285714285715	TFYQYFSV:0.2857142857142857	NSTNNWVG:0.21428571428571427	AEDMEYNT:0.21428571428571427	YVIESYGS:0.21428571428571427	GQVILMHD:0.32142857142857145	YSFWKDSG:0.21428571428571427	NLTPVTWF:0.2857142857142857	FYQYFSVR:0.2857142857142857	SYLALYGW:0.2857142857142857	LATEGYQS:0.32142857142857145	ATYNVRRC:0.2857142857142857	GYVGITFD:0.32142857142857145	DYMVLATE:0.25	NGQVILMH:0.32142857142857145	QNSYLALY:0.25	GSFQSDGA:0.2857142857142857	STNNWVGG:0.25	QAEDMEYN:0.21428571428571427	QVILMHDA:0.21428571428571427	VLATEGYQ:0.25	NVRRCQRV:0.2857142857142857	SDGATYNV:0.2857142857142857	ESYGSYNP:0.2857142857142857	PLIEYYVI:0.21428571428571427	LQNGQVIL:0.2857142857142857	GATYNVRR:0.2857142857142857	FWKDSGDA:0.2857142857142857	SFWKDSGD:0.21428571428571427	DGATYNVR:0.2857142857142857	VGITFDDG:0.35714285714285715	MVLATEGY:0.25	GETRQAED:0.2857142857142857	CSGYVGIT:0.21428571428571427	HDYMVLAT:0.25	YYSFWKDS:0.21428571428571427	RQAEDMEY:0.21428571428571427	VNGETRQA:0.2857142857142857	RPPYGETN:0.21428571428571427	SFQSDGAT:0.2857142857142857	SQNSYLAL:0.25	TRQAEDME:0.25	WVGGKGWN:0.25	TNNWVGGK:0.25	NNWVGGKG:0.25	VGGKGWNP:0.25	NWVGGKGW:0.2857142857142857	WKDSGDAS:0.21428571428571427	GGKGWNPG:0.25	GKGWNPGG:0.21428571428571427	DSQDWNGA:0.25	SQDWNGAS:0.25	NHSYTHPH:0.21428571428571427	VDSQDWNG:0.25	
