cluster number:78
CE4:13	CE4:13
MKAEGHLI:0.23076923076923078	KRMKAEGH:0.23076923076923078	FVTVDELL:0.5384615384615384	ALTFDDGP:0.7692307692307693	GDIILMHD:0.38461538461538464	IPVSWNVD:0.23076923076923078	EGDIILMH:0.23076923076923078	VTVDELLL:0.23076923076923078	TMIPVSWN:0.23076923076923078	IALTFDDG:0.38461538461538464	VSWNVDSL:0.23076923076923078	LTFDDGPH:0.6153846153846154	MIPVSWNV:0.23076923076923078	ITMIPVSW:0.23076923076923078	TVDELLLE:0.23076923076923078	VKRMKAEG:0.23076923076923078	LLDGLKER:0.46153846153846156	RMKAEGHL:0.23076923076923078	SWNVDSLD:0.23076923076923078	WNVDSLDW:0.23076923076923078	EGHLIGNH:0.38461538461538464	AEGHLIGN:0.3076923076923077	PVSWNVDS:0.23076923076923078	LDGLKERG:0.23076923076923078	ELSDEEHP:0.23076923076923078	KAEGHLIG:0.23076923076923078	DIILMHDI:0.38461538461538464	VKRVVKDV:0.23076923076923078	KLLDGLKE:0.3076923076923077	LKERGIHA:0.23076923076923078	DDGPHPVY:0.3076923076923077	IILMHDIF:0.3076923076923077	ERGIHATF:0.23076923076923078	GPHPVYTP:0.3076923076923077	TFDDGPHP:0.3076923076923077	DGPHPVYT:0.3076923076923077	KERGIHAT:0.23076923076923078	FDDGPHPV:0.3076923076923077	LTFDDGPN:0.3076923076923077	VALTFDDG:0.38461538461538464	YTFVTVDE:0.3076923076923077	PTSVEAAL:0.23076923076923078	IGNHSYSH:0.3076923076923077	TFVTVDEL:0.3076923076923077	TVDELLID:0.3076923076923077	HLIGNHSY:0.23076923076923078	GHLIGNHS:0.23076923076923078	CVALTFDD:0.3076923076923077	TSVEAALE:0.23076923076923078	GYTFVTVD:0.3076923076923077	LIGNHSYS:0.23076923076923078	VTVDELLI:0.3076923076923077	VYTPRLLD:0.23076923076923078	
