cluster number:140
CE4:68	CE4:68|3.5.1.41:1
EGHSIGNH:0.27941176470588236	FLTFDDGP:0.7205882352941176	HSIGNHTY:0.27941176470588236	YDIKLVRF:0.27941176470588236	NYDIKLVR:0.27941176470588236	VFVNEVDK:0.27941176470588236	YNMDWNAL:0.27941176470588236	IKLVRFPG:0.27941176470588236	EYIKDKYD:0.27941176470588236	IPKEKLIQ:0.27941176470588236	LTFDDGPS:0.7058823529411765	LNGDAEGN:0.27941176470588236	DVFVNEVD:0.27941176470588236	VDVFVNEV:0.27941176470588236	GYEFKALK:0.27941176470588236	ATFFVVGN:0.3235294117647059	PGGSFGDR:0.2647058823529412	VIKSIVGS:0.27941176470588236	GGSFGDRL:0.2647058823529412	TIEGKNHV:0.27941176470588236	GDRLNPYK:0.2647058823529412	FVNEVDKT:0.27941176470588236	IGNHTYTH:0.3382352941176471	AEGNNIPK:0.27941176470588236	AKKTTVEA:0.25	YYNMDWNA:0.27941176470588236	NPYKEAIK:0.27941176470588236	TFFVVGNL:0.29411764705882354	IYSSVDVF:0.27941176470588236	NEVDKTQN:0.27941176470588236	SVDVFVNE:0.27941176470588236	GSNYDIKL:0.27941176470588236	GNNIPKEK:0.27941176470588236	QGYEFKAL:0.27941176470588236	YIKDKYDA:0.27941176470588236	VGSNYDIK:0.27941176470588236	KLVRFPGG:0.3088235294117647	KSIVGSNY:0.27941176470588236	EVDKTQNV:0.27941176470588236	ISQGYEFK:0.27941176470588236	IEGKNHVV:0.27941176470588236	VDKTQNVI:0.27941176470588236	FDDGPSYL:0.22058823529411764	FFVVGNLA:0.22058823529411764	IKATFFVV:0.27941176470588236	EGNNIPKE:0.27941176470588236	DGKKIAFL:0.38235294117647056	IKSIVGSN:0.27941176470588236	SSVDVFVN:0.27941176470588236	TTVEALPD:0.27941176470588236	DWNALNGD:0.3088235294117647	DKTQNVIK:0.27941176470588236	TVEALPDI:0.27941176470588236	KATFFVVG:0.3235294117647059	NVIKSIVG:0.27941176470588236	DILDILKK:0.20588235294117646	VFSEYIKD:0.27941176470588236	YSSVDVFV:0.27941176470588236	KKIAFLTF:0.45588235294117646	RFPGGSFG:0.29411764705882354	KTQNVIKS:0.27941176470588236	IVGSNYDI:0.27941176470588236	VEALPDII:0.27941176470588236	GSFGDRLN:0.2647058823529412	LISQGYEF:0.27941176470588236	NGDAEGNN:0.27941176470588236	WNALNGDA:0.3088235294117647	GDAEGNNI:0.27941176470588236	DIKLVRFP:0.27941176470588236	KNIYSSVD:0.27941176470588236	IAFLTFDD:0.5294117647058824	NMDWNALN:0.27941176470588236	NDILDILK:0.27941176470588236	TQNVIKSI:0.27941176470588236	SQGYEFKA:0.27941176470588236	GKKIAFLT:0.39705882352941174	ILDILKKY:0.29411764705882354	ALNGDAEG:0.3088235294117647	LVRFPGGS:0.36764705882352944	KEKLIQNI:0.22058823529411764	LNPYKEAI:0.27941176470588236	KKTTVEAL:0.27941176470588236	NIPKEKLI:0.27941176470588236	SIVGSNYD:0.27941176470588236	FGDRLNPY:0.2647058823529412	EKLIQNIK:0.22058823529411764	QNVIKSIV:0.27941176470588236	SFGDRLNP:0.2647058823529412	KIAFLTFD:0.5294117647058824	NIYSSVDV:0.27941176470588236	GFFVTKNI:0.27941176470588236	VNEVDKTQ:0.27941176470588236	IKDKYDAK:0.22058823529411764	DAEGNNIP:0.27941176470588236	AFLTFDDG:0.5294117647058824	DRLNPYKE:0.2647058823529412	SNYDIKLV:0.27941176470588236	GHSIGNHT:0.27941176470588236	SIGNHTYT:0.27941176470588236	MDWNALNG:0.27941176470588236	SEYIKDKY:0.27941176470588236	KGYYNMDW:0.27941176470588236	VRFPGGSF:0.35294117647058826	NNIPKEKL:0.27941176470588236	NALNGDAE:0.3088235294117647	GYYNMDWN:0.27941176470588236	KTTVEALP:0.27941176470588236	FPGGSFGD:0.2647058823529412	PKEKLIQN:0.27941176470588236	TFDDGPSY:0.22058823529411764	YKNIYSSV:0.27941176470588236	RLNPYKEA:0.27941176470588236	EALPDIIE:0.27941176470588236	FSEYIKDK:0.27941176470588236	KDGKKIAF:0.29411764705882354	HDTYGKEE:0.22058823529411764	MHDTYGKE:0.27941176470588236	ALPQIIEY:0.20588235294117646	LMHDTYGK:0.39705882352941174	DTYGKEET:0.22058823529411764	TYGKEETA:0.20588235294117646	VFLTFDDG:0.36764705882352944	GKNHVVVL:0.25	VVVLMHDC:0.25	EKQVMKKE:0.23529411764705882	EGKNHVVV:0.25	NEKQVMKK:0.23529411764705882	HVVVLMHD:0.25	KQVMKKEM:0.20588235294117646	KNNEKQVM:0.23529411764705882	KNHVVVLM:0.25	NNEKQVMK:0.23529411764705882	DKNNEKQV:0.23529411764705882	NHVVVLMH:0.25	KIVFLTFD:0.22058823529411764	IVFLTFDD:0.22058823529411764	FDDGPSTT:0.22058823529411764	TFDDGPST:0.2647058823529412	
