cluster number:202
CE4:76	CE4:76|CBM2:39|CBM36:17|3.1.1.72:2|3.1.1.6:1|CBM13:1
TLAAIPRI:0.2894736842105263	LFRPPYGE:0.9078947368421053	LTFDDGPS:0.40789473684210525	AACNGYVG:0.21052631578947367	GYVGLTFD:0.5657894736842105	ASTDAIVQ:0.2236842105263158	PKLFRPPY:0.5526315789473685	LMHDWPAN:0.25	WDVDSQDW:0.5263157894736842	GMISPQTG:0.32894736842105265	IWDVDSQD:0.47368421052631576	AAIPRIAQ:0.32894736842105265	KLFRPPYG:0.5526315789473685	GGTPKLFR:0.32894736842105265	NHSYTHPH:0.4342105263157895	LKQNGLRA:0.3026315789473684	ISRTQQAI:0.27631578947368424	YTHPHLTQ:0.2236842105263158	ISPQTGRA:0.3815789473684211	GRAVAPDG:0.6052631578947368	PANTLAAI:0.2631578947368421	TGRAVAPD:0.5526315789473685	GTPKLFRP:0.32894736842105265	MHDWPANT:0.25	SPQTGRAV:0.3815789473684211	AQVDAGMW:0.2894736842105263	AAACNGYV:0.2631578947368421	AGMWVANH:0.27631578947368424	WPANTLAA:0.3026315789473684	GMWVANHS:0.27631578947368424	ALKQNGLR:0.27631578947368424	LCAGMISP:0.25	PQTGRAVA:0.3815789473684211	NGYVGLTF:0.42105263157894735	STDAIVQA:0.2236842105263158	SEISRTQQ:0.32894736842105265	ACNGYVGL:0.21052631578947367	ANTLAAIP:0.3026315789473684	RAQVDAGM:0.23684210526315788	YVGLTFDD:0.5657894736842105	NGLRATMF:0.4473684210526316	DVDSQDWN:0.5263157894736842	QVDAGMWV:0.2894736842105263	RATMFNQG:0.23684210526315788	CNGYVGLT:0.3684210526315789	NTLAAIPR:0.2894736842105263	GLRATMFN:0.5263157894736842	GGGTPKLF:0.32894736842105265	QTGRAVAP:0.3815789473684211	IIWDVDSQ:0.23684210526315788	GLCAGMIS:0.21052631578947367	ILMHDWPA:0.2236842105263158	RAVAPDGG:0.3026315789473684	KQNGLRAT:0.3026315789473684	HSYTHPHL:0.2894736842105263	EISRTQQA:0.3157894736842105	LAAIPRIA:0.27631578947368424	SRTQQAIA:0.3026315789473684	GLTFDDGP:0.5657894736842105	VGLTFDDG:0.5657894736842105	QNGLRATM:0.34210526315789475	LRATMFNQ:0.23684210526315788	TPKLFRPP:0.32894736842105265	MISPQTGR:0.32894736842105265	SYTHPHLT:0.2236842105263158	DSQDWNGA:0.75	GMWIGNHS:0.32894736842105265	HPHMTQLS:0.23684210526315788	SQDWNGAS:0.5131578947368421	PPYGETNA:0.5789473684210527	PYGETNAT:0.47368421052631576	VILMHDQY:0.21052631578947367	MHDQYQTT:0.21052631578947367	FRPPYGET:0.881578947368421	AGMWIGNH:0.34210526315789475	QDWNGAST:0.3026315789473684	QAIPQIAQ:0.21052631578947367	PQIAQNLK:0.21052631578947367	IPQIAQNL:0.21052631578947367	AIPQIAQN:0.21052631578947367	GNHSWSHP:0.21052631578947367	LMHDQYQT:0.21052631578947367	RPPYGETN:0.8552631578947368	LCSGMISP:0.2894736842105263	NVDSQDWN:0.23684210526315788	MWIGNHSW:0.2236842105263158	WNVDSQDW:0.23684210526315788	LWNVDSQD:0.2236842105263158	YGETNATL:0.3684210526315789	VDSQDWNG:0.7368421052631579	GNHSYTHP:0.3026315789473684	NGQVILMH:0.21052631578947367	AGMWVGNH:0.25	GMWVGNHS:0.2236842105263158	CTATLSAG:0.25	AGGGTPKL:0.27631578947368424	GQVILMHD:0.3157894736842105	VIWDVDSQ:0.23684210526315788	DSEISRTQ:0.3157894736842105	STGRAVAP:0.21052631578947367	
