cluster number:183
CE4:12	CE4:12
FDDGPSER:0.4166666666666667	RPPYGGHS:0.8333333333333334	LLAVLARH:0.3333333333333333	AGWGALGP:0.25	GPSERTPE:0.3333333333333333	VAVTFDDG:0.4166666666666667	GRWHRHAL:0.25	LLHDGPAV:0.6666666666666666	YGGHSPFT:0.3333333333333333	SERTPELL:0.3333333333333333	SVILLHDG:0.6666666666666666	ILLHDGPA:0.5	HGRWHRHA:0.25	WAQVAWHP:0.25	DGPAVTPA:0.4166666666666667	HDGPAVTP:0.6666666666666666	PPYGGHSP:0.8333333333333334	EWAQVAWH:0.25	PSERTPEL:0.3333333333333333	DDGPSERT:0.4166666666666667	AVTFDDGP:0.5	PGSVILLH:0.5	PYGGHSPF:0.3333333333333333	AQVAWHPR:0.25	PAVTPALL:0.4166666666666667	LHDGPAVT:0.6666666666666666	EAHGRWHR:0.25	LWDVEGRD:0.3333333333333333	YRPPYGGH:0.75	RVAVTFDD:0.4166666666666667	TPELLAVL:0.25	WDVEGRDW:0.3333333333333333	GSVILLHD:0.6666666666666666	ELLAVLAR:0.25	GPAVTPAL:0.4166666666666667	VTFDDGPS:0.4166666666666667	VILLHDGP:0.5833333333333334	PELLAVLA:0.25	VEGRDWTA:0.25	RTPELLAV:0.25	GGHSPFTR:0.3333333333333333	DVEGRDWT:0.3333333333333333	TFDDGPSE:0.5	GWGALGPG:0.25	DGPSERTP:0.4166666666666667	SVVLLHDG:0.25	LYRPPYGG:0.6666666666666666	LTFDDGPS:0.3333333333333333	PGSVVLLH:0.25	ALTFDDGP:0.4166666666666667	VVLLHDGP:0.25	GRQVALWD:0.3333333333333333	VALTFDDG:0.4166666666666667	VRPGSVVL:0.25	GSVVLLHD:0.25	RPGSVVLL:0.25	RVALTFDD:0.3333333333333333	LARVRPGS:0.3333333333333333	VLGRAAGW:0.5	TLARVRPG:0.3333333333333333	QTLARVRP:0.3333333333333333	YGGHSPLT:0.4166666666666667	LGRAAGWG:0.5833333333333334	ARVRPGSV:0.3333333333333333	PYGGHSPL:0.4166666666666667	RAAGWGAL:0.5833333333333334	GGHSPLTR:0.4166666666666667	ARATFFVT:0.25	ATFFVTAP:0.25	ADVLGRAA:0.25	DVLGRAAG:0.25	GRAAGWGA:0.5833333333333334	AAGWGALG:0.5833333333333334	WRVAVTFD:0.25	GALGHGPR:0.25	RRITLREG:0.25	WGALGHGP:0.25	RPGPHLYR:0.25	RDRWRVAV:0.25	VVPMHELP:0.25	ERGLEVVP:0.25	AAQTLARV:0.3333333333333333	GPHLYRPP:0.4166666666666667	GWGALGHG:0.25	FVTRPAAQ:0.25	LAAQTLAR:0.3333333333333333	GHGPRDRW:0.25	AEVLGRAA:0.25	MHELPARR:0.25	GLEVVPMH:0.25	HGPRDRWR:0.25	LEVVPMHE:0.25	VALWDTEG:0.25	RQVALWDT:0.25	GLGERGLE:0.25	ALWDTEGR:0.4166666666666667	ARRITLRE:0.25	GERGLEVV:0.25	QVAWHPRP:0.25	LDAHGIWH:0.25	GPRDRWRV:0.25	LGHGPRDR:0.25	DTEGRDWT:0.3333333333333333	LPARRITL:0.25	TRPAAQAH:0.25	TFFVTRPA:0.25	PMHELPAR:0.25	DRWRVAVT:0.25	RGLEVVPM:0.25	WDTEGRDW:0.4166666666666667	VTRPAAQA:0.25	EVLGRAAG:0.25	AGWGALGH:0.25	RWRVAVTF:0.25	RPAAQAHP:0.25	PGPHLYRP:0.3333333333333333	HLYRPPYG:0.4166666666666667	LWDTEGRD:0.4166666666666667	PARRITLR:0.25	PHLYRPPY:0.4166666666666667	FFVTRPAA:0.25	PRDRWRVA:0.25	HELPARRI:0.25	ALGHGPRD:0.25	VPMHELPA:0.25	DAHGIWHR:0.25	EVVPMHEL:0.25	ELPARRIT:0.25	LGERGLEV:0.25	QVALWDTE:0.25	GPAVTPEL:0.25	DGPAVTPE:0.25	PAVTPELL:0.25	AVTPELLD:0.25	QVRWHPRA:0.25	RPGSVILL:0.3333333333333333	VRPGSVIL:0.25	AQTLARVR:0.25	
