cluster number:91
CE4:65	CE4:65|3.5.1.41:1
RPVMWSVV:0.6615384615384615	VPEDWVRP:0.5384615384615384	PPNGLFTP:0.5846153846153846	IGLHGYDH:0.49230769230769234	VVPEDWVR:0.5230769230769231	VLHDGACG:0.2	PHPQYTPE:0.2153846153846154	SFFWLGVC:0.24615384615384617	WNYRPVMW:0.47692307692307695	ALTFDDGP:0.8461538461538461	WIGLHGYD:0.49230769230769234	FFWLGVCV:0.24615384615384617	VRDVRPPN:0.5384615384615384	RDVRPPNG:0.6307692307692307	SVVPEDWV:0.676923076923077	PEDWVRPG:0.5384615384615384	EDWVRPGV:0.4	MQLAPLFP:0.2153846153846154	NYRPVMWS:0.49230769230769234	QWNYRPVM:0.3384615384615385	NGSIIVLH:0.23076923076923078	CGGQDVAA:0.27692307692307694	GQDVAATI:0.3230769230769231	EQVRDVRP:0.26153846153846155	GYDHRSFP:0.38461538461538464	ITASFFWL:0.3076923076923077	IPQLLQQG:0.23076923076923078	DDGPHPQY:0.5846153846153846	FDDGPHPQ:0.5692307692307692	LHGYDHRS:0.4307692307692308	GHWIGLHG:0.6461538461538462	DHRSFPML:0.2153846153846154	IALTFDDG:0.7692307692307693	LTFDDGPH:0.8461538461538461	ASFFWLGV:0.24615384615384617	DGPHPQYT:0.5846153846153846	RGHWIGLH:0.5384615384615384	DRGHWIGL:0.4461538461538462	PEQVRDVR:0.26153846153846155	GGQDVAAT:0.4153846153846154	HWIGLHGY:0.7230769230769231	IVLHDGAC:0.2	QVRDVRPP:0.36923076923076925	YRPVMWSV:0.6461538461538462	TFDDGPHP:0.8	VMWSVVPE:0.7692307692307693	TASFFWLG:0.3230769230769231	SIIVLHDG:0.27692307692307694	PVMWSVVP:0.7076923076923077	VRPPNGLF:0.6615384615384615	GLHGYDHR:0.4153846153846154	HGYDHRSF:0.46153846153846156	ILIPQLLQ:0.27692307692307694	LEKTQAAI:0.2	LIPQLLQQ:0.23076923076923078	DVRPPNGL:0.6153846153846154	RPPNGLFT:0.6	GSIIVLHD:0.27692307692307694	YDHRSFPM:0.2153846153846154	LHDGACGG:0.2	GPHPQYTP:0.4307692307692308	HRSFPMLS:0.2	PQLLQQGY:0.2153846153846154	WSVVPEDW:0.7846153846153846	DWVRPGVT:0.2	MWSVVPED:0.7846153846153846	SLIVLHDG:0.5846153846153846	QVQNGSLI:0.26153846153846155	QNGSLIVL:0.26153846153846155	FFWLGACV:0.4153846153846154	PNGLFTPK:0.2153846153846154	ASFFWLGA:0.4	CDRGHWIG:0.2923076923076923	AIALTFDD:0.47692307692307695	KAIALTFD:0.2923076923076923	GSLIVLHD:0.5846153846153846	NGSLIVLH:0.5076923076923077	VQNGSLIV:0.26153846153846155	SFFWLGAC:0.38461538461538464	LGACVNRS:0.27692307692307694	RILQPSFP:0.24615384615384617	LHDGVCGG:0.2153846153846154	VLHDGVCG:0.2153846153846154	FWLGACVN:0.35384615384615387	GACVNRSP:0.26153846153846155	YRILQPSF:0.23076923076923078	WLGACVNR:0.3230769230769231	IVLHDGVC:0.2153846153846154	LIVLHDGV:0.2	AIYNACNL:0.23076923076923078	
