cluster number:182
CE4:56	CE4:56
IIMWDVLS:0.32142857142857145	FRPPYGRI:0.5535714285714286	IMWDVLSG:0.2857142857142857	MWDVLSGD:0.375	VYLTFDDG:0.26785714285714285	YLTFDDGP:0.8571428571428571	AKATFFCI:0.48214285714285715	IYLTFDDG:0.5178571428571429	LFRPPYGR:0.5714285714285714	FFCIGDNV:0.375	KLFRPPYG:0.26785714285714285	RPPYGRIK:0.4107142857142857	ATFFCIGD:0.625	KATFFCIG:0.5714285714285714	TFFCIGDN:0.6071428571428571	FDDGPIPE:0.21428571428571427	FRPPYGKI:0.25	IGDNVRKH:0.25	CIGDNVRK:0.23214285714285715	WDVLSGDF:0.35714285714285715	IGNHTFNH:0.2857142857142857	NAKATFFC:0.23214285714285715	DVLSGDFD:0.30357142857142855	FCIGDNVR:0.25	VFHDSLKA:0.2857142857142857	NHTFNHLN:0.21428571428571427	TFDDGPIP:0.5892857142857143	SIIVFHDS:0.30357142857142855	GNHTFNHL:0.42857142857142855	LFRPPYGK:0.32142857142857145	GSIIVFHD:0.30357142857142855	SIVVFHDS:0.25	GSIVVFHD:0.25	LTFDDGPI:0.5535714285714286	FFCIGDNI:0.25	TIYLTFDD:0.21428571428571427	PPYGRIKK:0.23214285714285715	
