cluster number:276
CE4:11	CE4:11
KAIVDWEA:0.2727272727272727	RPPGGPYT:0.36363636363636365	VVLLEDYL:0.45454545454545453	PTEQKVVF:0.36363636363636365	PGDIVLMH:0.7272727272727273	RRPVFFRP:0.5454545454545454	MHFRPEFP:0.2727272727272727	ANAGGMDY:0.36363636363636365	KVVLLEDY:0.36363636363636365	YQVGAGLR:0.2727272727272727	GGMDYQVG:0.36363636363636365	KANAGGMD:0.36363636363636365	RPVFFRPP:0.5454545454545454	RPGDIVLM:0.6363636363636364	KVVFLTID:0.45454545454545453	EQKVVFLT:0.2727272727272727	GLKVVLLE:0.45454545454545453	AGLKVVLL:0.45454545454545453	MDYQVGAG:0.2727272727272727	AGLRPGDI:0.2727272727272727	AGGMDYQV:0.36363636363636365	EAKANAGG:0.2727272727272727	VVFLTIDD:0.7272727272727273	DIVLMHFR:0.6363636363636364	DWEAKANA:0.36363636363636365	IVLMHFRP:0.45454545454545453	QYGRRPVF:0.36363636363636365	FFRPPGGP:0.5454545454545454	GMDYQVGA:0.36363636363636365	YGRRPVFF:0.45454545454545453	GDIVLMHF:0.6363636363636364	GRRPVFFR:0.5454545454545454	TIDDGAVK:0.2727272727272727	QKVVFLTI:0.36363636363636365	LRPGDIVL:0.5454545454545454	VDWEAKAN:0.2727272727272727	AKANAGGM:0.2727272727272727	VFFRPPGG:0.5454545454545454	PVFFRPPG:0.5454545454545454	TEQKVVFL:0.2727272727272727	FLTIDDGA:0.7272727272727273	VFLTIDDG:0.8181818181818182	VLMHFRPE:0.45454545454545453	LKVVLLED:0.45454545454545453	LMHFRPEF:0.45454545454545453	GLRPGDIV:0.2727272727272727	FRPPGGPY:0.5454545454545454	KAEICGMA:0.2727272727272727	AAGLKVVL:0.45454545454545453	EICGMADF:0.2727272727272727	GIKASLFL:0.2727272727272727	LTIDDGAV:0.2727272727272727	IKASLFLA:0.36363636363636365	DYQVGAGL:0.2727272727272727	AEICGMAD:0.2727272727272727	WEAKANAG:0.36363636363636365	IVDWEAKA:0.2727272727272727	NAGGMDYQ:0.36363636363636365	GAGLRPGD:0.2727272727272727	QVGAGLRP:0.2727272727272727	VGAGLRPG:0.2727272727272727	QQYGRRPV:0.2727272727272727	QKAEICGM:0.2727272727272727	AIVDWEAK:0.2727272727272727	VLTKVPTE:0.2727272727272727	KRDSDLAL:0.2727272727272727	PVLTKVPT:0.36363636363636365	KVPTEQKV:0.2727272727272727	VPTEQKVV:0.2727272727272727	HLIENHTM:0.2727272727272727	AGHLIENH:0.2727272727272727	GHLIENHT:0.2727272727272727	RDSDLALL:0.2727272727272727	TKVPTEQK:0.2727272727272727	LTKVPTEQ:0.2727272727272727	DSDLALLE:0.2727272727272727	MVPVLTKV:0.2727272727272727	VPVLTKVP:0.2727272727272727	
