cluster number:332
CE4:29	CE4:29
FCVVGENA:0.3793103448275862	IRADLLRT:0.3793103448275862	YRQPGGAW:0.5172413793103449	CVVGENAQ:0.3103448275862069	SVVLLHDA:0.3103448275862069	LHDAGGDR:0.3103448275862069	GDRQGTVD:0.3448275862068966	LGMTPLHW:0.3448275862068966	EGHTLCNH:0.3448275862068966	LGRSLVPD:0.3103448275862069	HDAGGDRQ:0.3448275862068966	HTLCNHSW:0.6551724137931034	LLHDAGGD:0.3103448275862069	IAYYRQPG:0.3103448275862069	DAGGDRQG:0.3448275862068966	LTFDDGPD:0.7931034482758621	AGGDRQGT:0.3448275862068966	GHTLCNHS:0.6551724137931034	VLLHDAGG:0.41379310344827586	LHWTVDPS:0.20689655172413793	YYRQPGGA:0.27586206896551724	HWTVDPSD:0.20689655172413793	AYYRQPGG:0.3103448275862069	GPDPRYTP:0.4482758620689655	TFDDGPDP:0.7931034482758621	ALGRSLVP:0.27586206896551724	AEGHTLCN:0.27586206896551724	RQGTVDAL:0.4482758620689655	PGSVVLLH:0.3103448275862069	DGPDPRYT:0.4482758620689655	DPRYTPQV:0.27586206896551724	YALGRSLV:0.2413793103448276	DRQGTVDA:0.3448275862068966	PRYTPQVL:0.27586206896551724	PDPRYTPQ:0.3793103448275862	PLHWTVDP:0.2413793103448276	VVLLHDAG:0.27586206896551724	DDGPDPRY:0.4482758620689655	RQPGGAWT:0.6896551724137931	FDDGPDPR:0.5517241379310345	GGDRQGTV:0.3448275862068966	WTVDPSDW:0.20689655172413793	GSVVLLHD:0.3448275862068966	ATFCVVGE:0.4827586206896552	AYALGRSL:0.3448275862068966	VRATFCVV:0.2413793103448276	RATFCVVG:0.2413793103448276	TFCVVGEN:0.4827586206896552	VAEGHTLC:0.2413793103448276	VKATFCVV:0.27586206896551724	KATFCVVG:0.27586206896551724	IVAEGHTL:0.2413793103448276	ALTFDDGP:0.896551724137931	VALTFDDG:0.6551724137931034	GGAWTYPV:0.3448275862068966	NHSWNHDV:0.2413793103448276	QPGGAWTY:0.4482758620689655	CNHSWNHD:0.3103448275862069	TLCNHSWN:0.2413793103448276	PGGAWTYP:0.41379310344827586	LCNHSWNH:0.3103448275862069	WYRQPGGA:0.2413793103448276	WTYPVVSV:0.3448275862068966	VLMHDAGG:0.3103448275862069	MHDAGGDR:0.27586206896551724	SAYALGRS:0.3793103448275862	TPLHWSVD:0.2413793103448276	IVADGHTL:0.2413793103448276	GSAYALGR:0.3793103448275862	LHWSVDPS:0.20689655172413793	HWSVDPSD:0.20689655172413793	LMHDAGGD:0.27586206896551724	ADGHTLCN:0.3103448275862069	AAVPDARI:0.20689655172413793	IVLMHDAG:0.3103448275862069	PLHWSVDP:0.2413793103448276	WSVDPSDW:0.20689655172413793	ALLGSAYA:0.4482758620689655	LLGSAYAL:0.3793103448275862	VADGHTLC:0.2413793103448276	DGHTLCNH:0.3793103448275862	LGSAYALG:0.3793103448275862	TYPVVSVA:0.2413793103448276	EAIRAAVP:0.2413793103448276	IRAAVPDA:0.3103448275862069	AAVPDAPI:0.20689655172413793	AALLGSAY:0.41379310344827586	AIVADGHT:0.20689655172413793	NEAIRAAV:0.2413793103448276	TNEAIRAA:0.27586206896551724	QGTVDALR:0.2413793103448276	RTNEAIRA:0.27586206896551724	AIRAAVPD:0.3103448275862069	GAWTYPVV:0.3103448275862069	RYTPQVLA:0.20689655172413793	RFELEALP:0.20689655172413793	AWTYPVVS:0.3103448275862069	RADLLRTN:0.3103448275862069	TPQVLALL:0.27586206896551724	
