cluster number:304
CE4:97	CE4:97
FRPPMGKY:0.6391752577319587	PPMGKYSE:0.4845360824742268	YLTFDEGY:0.7628865979381443	GYENGYTG:0.28865979381443296	FFVVKPYI:0.24742268041237114	MGKYSELS:0.3402061855670103	DEGYENGY:0.5463917525773195	LYLTFDEG:0.4742268041237113	RPPMGKYS:0.6391752577319587	AAFFVVKP:0.26804123711340205	PMGKYSEL:0.3402061855670103	FDEGYENG:0.7731958762886598	YKTIFWSF:0.27835051546391754	AFFVVKPY:0.26804123711340205	KTIFWSFA:0.27835051546391754	EGHLVCNH:0.6288659793814433	LTFDEGYE:0.8247422680412371	LHAVSKTN:0.44329896907216493	GKYSELSL:0.3402061855670103	TIFWSFAY:0.30927835051546393	LGYKTIFW:0.26804123711340205	YFRPPMGK:0.21649484536082475	EGYENGYT:0.5463917525773195	TFDEGYEN:0.7731958762886598	GHLVCNHS:0.5670103092783505	GYKTIFWS:0.29896907216494845	LLHAVSKT:0.4948453608247423	KFFRPPMG:0.6082474226804123	VKAAFFVT:0.2268041237113402	DEGHLVCN:0.31958762886597936	FVTAPYIK:0.20618556701030927	KDMPKFFR:0.24742268041237114	HAVSKTNT:0.3402061855670103	ENGYTGKI:0.21649484536082475	YKSIFWSF:0.29896907216494845	DLGYKSIF:0.28865979381443296	ILLHAVSK:0.25773195876288657	HNGSIILL:0.2268041237113402	TNTEILDS:0.24742268041237114	PKFFRPPM:0.5360824742268041	AVSKTNTE:0.31958762886597936	NGSIILLH:0.2268041237113402	FLGDTSKK:0.20618556701030927	MPKFFRPP:0.5051546391752577	GSIILLHA:0.2268041237113402	FFVTAPYI:0.21649484536082475	IILLHAVS:0.26804123711340205	GYKSIFWS:0.32989690721649484	NTEILDSV:0.21649484536082475	GYTGKILD:0.21649484536082475	NKDLIKRM:0.24742268041237114	DMPKFFRP:0.32989690721649484	KTNTEILD:0.27835051546391754	FFRPPMGK:0.5670103092783505	KSIFWSFA:0.29896907216494845	NGYTGKIL:0.21649484536082475	SIFWSFAY:0.31958762886597936	LGYKSIFW:0.31958762886597936	VSKTNTEI:0.29896907216494845	YENGYTGK:0.21649484536082475	SELSLKYT:0.2268041237113402	SIILLHAV:0.2268041237113402	SKTNTEIL:0.30927835051546393	FAYKDWLV:0.21649484536082475	EGYENGNT:0.21649484536082475	SFAYKDWL:0.21649484536082475	VPAAFFVV:0.23711340206185566	LIKRMVDE:0.26804123711340205	FWSFAYKD:0.2268041237113402	WSFAYKDW:0.2268041237113402	PAAFFVVK:0.20618556701030927	GYEFKSLN:0.21649484536082475	DEGYENGN:0.21649484536082475	LGDTSKKV:0.2268041237113402	IKRMVDEG:0.26804123711340205	KRMVDEGH:0.30927835051546393	IYLTFDEG:0.28865979381443296	VIYLTFDE:0.20618556701030927	KVIYLTFD:0.25773195876288657	RMVDEGHL:0.2268041237113402	VDEGHLVC:0.2268041237113402	MVDEGHLV:0.2268041237113402	
