cluster number:30
GH35:36	GH35:36|CBM13:7
LYVIHGGT:0.3611111111111111	RLYCPAPW:0.3611111111111111	HGGTNFGF:0.3611111111111111	PGPYVCAE:0.5277777777777778	HRIQMAKA:0.3611111111111111	EYWRHRIQ:0.25	FGFTAGAN:0.25	LRPGPYVC:0.4722222222222222	RHRIQMAK:0.3611111111111111	SGEMHPAR:0.3611111111111111	YWRHRIQM:0.3611111111111111	RPGPYVCA:0.5277777777777778	FNLYVIHG:0.3611111111111111	NLYVIHGG:0.3611111111111111	YPGWLTHW:0.5	EMHPARIP:0.3333333333333333	NGHNLGRY:0.2777777777777778	IQMAKAMG:0.3611111111111111	GGTNFGFT:0.2222222222222222	LYCPAPWL:0.3611111111111111	GWLTHWGE:0.3055555555555556	GEMHPARI:0.3333333333333333	WRHRIQMA:0.3611111111111111	SFNLYVIH:0.3611111111111111	GPYVCAEW:0.5277777777777778	PGWLTHWG:0.4722222222222222	RIQMAKAM:0.3611111111111111	GHNLGRYW:0.2777777777777778	PDITSYDY:0.4722222222222222	RIPREYWR:0.2222222222222222	QIENEYGS:0.2222222222222222	EWDFGGLP:0.2222222222222222	TSYDYGAP:0.2222222222222222	PYVCAEWD:0.4444444444444444	MWVLLRPG:0.4722222222222222	VLLRPGPY:0.5277777777777778	LLRPGPYV:0.3888888888888889	GMWVLLRP:0.3333333333333333	WVLLRPGP:0.4722222222222222	IHGGTSFG:0.3888888888888889	HDYATVFI:0.2222222222222222	QPDITSYD:0.4444444444444444	EGMGRVNY:0.3333333333333333	VPAMAGEV:0.3055555555555556	GGPILMIQ:0.3333333333333333	AMAGEVYP:0.3055555555555556	EWDLGGLP:0.2222222222222222	KAMGMNTI:0.4166666666666667	RSGEMHPA:0.25	PQPFEMYG:0.25	LMIQIENE:0.3333333333333333	DITSYDYA:0.25	HGGTSFGF:0.3888888888888889	MIQIENEF:0.2777777777777778	TSYDYAAP:0.25	MAKAMGMN:0.4166666666666667	PFYTEDGL:0.3055555555555556	ITSYDYAA:0.25	PILMIQIE:0.3055555555555556	ILMIQIEN:0.3333333333333333	GPILMIQI:0.3055555555555556	QPFEMYGQ:0.25	VIHGGTSF:0.3611111111111111	MGRVNYGH:0.25	MGMNTIAL:0.25	GMNTIALY:0.25	PAMAGEVY:0.3055555555555556	GEYQPDIT:0.2777777777777778	EVYPGWLT:0.3055555555555556	MAGEVYPG:0.3055555555555556	IRSGEMHP:0.3333333333333333	GEVYPGWL:0.3055555555555556	SGEYQPDI:0.25	CGEWDLGG:0.2777777777777778	AMGMNTIA:0.3888888888888889	AKAMGMNT:0.4166666666666667	QIENEFGS:0.2777777777777778	QIRSGEMH:0.3333333333333333	VYPGWLTH:0.3055555555555556	LSFNLYVI:0.25	YVIHGGTS:0.3611111111111111	IQIENEFG:0.2777777777777778	EYQPDITS:0.3333333333333333	AGEVYPGW:0.3055555555555556	GMGRVNYG:0.3333333333333333	VEGMGRVN:0.3333333333333333	GPFYTEDG:0.3333333333333333	LVEGMGRV:0.3333333333333333	DYATVFIG:0.2222222222222222	YQPDITSY:0.4444444444444444	VHDYATVF:0.4444444444444444	FQIRSGEM:0.3055555555555556	CAEWDLGG:0.25	LLDGKPFQ:0.2222222222222222	MWVLFRPG:0.25	WVLFRPGP:0.25	QMAKAMGM:0.3055555555555556	VCAEWDLG:0.25	LDGKPFQI:0.2222222222222222	DNLPAALP:0.2222222222222222	ILVEGMGR:0.2222222222222222	HNLGRYWN:0.2222222222222222	PFQIRSGE:0.3888888888888889	VLFRPGPY:0.25	EWDLGGIP:0.3055555555555556	WDNLPAAL:0.2777777777777778	YVCAEWDL:0.25	FLLDGKPF:0.25	
