cluster number:198
GH18:17	GH18:17|CBM5:16
YNGGDQVT:0.29411764705882354	PAESENVW:0.23529411764705882	SATASAAD:0.23529411764705882	EPAESENV:0.23529411764705882	SENVWTLE:0.23529411764705882	LWTAEWWT:0.47058823529411764	NGGDQVTY:0.23529411764705882	KASALSAL:0.23529411764705882	SILRKASA:0.23529411764705882	ATASAADC:0.23529411764705882	FDGSGSSD:0.23529411764705882	RKASALSA:0.23529411764705882	GGDQVTYD:0.29411764705882354	GTEPAESE:0.35294117647058826	ILRKASAL:0.29411764705882354	GASATASA:0.23529411764705882	ASALSALA:0.29411764705882354	AESENVWT:0.23529411764705882	GDQVTYDG:0.29411764705882354	RRSILRKA:0.23529411764705882	RSILRKAS:0.23529411764705882	LRKASALS:0.23529411764705882	TEPAESEN:0.23529411764705882	ESENVWTL:0.23529411764705882	TASAADCS:0.23529411764705882	ASATASAA:0.23529411764705882	ENVWTLEG:0.23529411764705882	DYTVTLTV:0.23529411764705882	SALAVGAS:0.23529411764705882	ASFTVSPS:0.29411764705882354	YTVTLTVT:0.29411764705882354	LSALAVGA:0.23529411764705882	DCSGVSEW:0.23529411764705882	GDYTVTLT:0.23529411764705882	VTLTVTDD:0.29411764705882354	TVTLTVTD:0.35294117647058826	SGSSDPDG:0.23529411764705882	ALSALAVG:0.23529411764705882	MTMNYGWV:0.23529411764705882	LDGIDIDW:0.29411764705882354	DGIDIDWE:0.35294117647058826	AEWWTKGT:0.29411764705882354	YTGGDQVT:0.29411764705882354	EWWTKGTE:0.29411764705882354	WWTKGTEP:0.35294117647058826	TKGTEPAE:0.23529411764705882	SLWTAEWW:0.29411764705882354	TAEWWTKG:0.29411764705882354	WTKGTEPA:0.29411764705882354	KGTEPAES:0.23529411764705882	WTAEWWTQ:0.23529411764705882	VWTLEGAC:0.23529411764705882	
