cluster number:289
GH18:97	GH18:97|CBM14:57|3.2.1.14:12
GLDIDWEY:0.27835051546391754	LDIDWEYP:0.27835051546391754	FWAYYEIC:0.31958762886597936	SVIKFLRQ:0.24742268041237114	VDYAMNYW:0.25773195876288657	YPGSRGSP:0.44329896907216493	IYFNVDYA:0.20618556701030927	AIGGWNFG:0.41237113402061853	DYAMNYWK:0.26804123711340205	GYDNVKSF:0.21649484536082475	NGAPAEKL:0.27835051546391754	SRGSPPQD:0.2268041237113402	RGSPPQDK:0.25773195876288657	LIYAFAGM:0.4020618556701031	YEICTFLK:0.31958762886597936	IGGWNFGT:0.41237113402061853	EYPGSRGS:0.41237113402061853	HLIYAFAG:0.4020618556701031	VGFPTYGH:0.20618556701030927	YAMNYWKS:0.21649484536082475	YYEICTFL:0.3711340206185567	WAYYEICT:0.3402061855670103	NVDYAMNY:0.26804123711340205	GSRGSPPQ:0.23711340206185566	DGLDIDWE:0.29896907216494845	GFWAYYEI:0.31958762886597936	DWEYPGSR:0.38144329896907214	LAIGGWNF:0.41237113402061853	LKTLLAIG:0.422680412371134	WEYPGSRG:0.38144329896907214	GSGFCAGK:0.20618556701030927	ILSCYFTN:0.21649484536082475	GGWNFGTA:0.28865979381443296	LLAIGGWN:0.4329896907216495	AYYEICTF:0.3711340206185567	YFNVDYAM:0.21649484536082475	PGSRGSPP:0.35051546391752575	GENSPLYK:0.35051546391752575	KTLLAIGG:0.422680412371134	FNVDYAMN:0.21649484536082475	LSCYFTNW:0.23711340206185566	FDGLDIDW:0.29896907216494845	TLLAIGGW:0.4536082474226804	VIKFLRQY:0.24742268041237114	APAEKLIV:0.25773195876288657	VMTYDLHG:0.20618556701030927	GPAGPYTR:0.21649484536082475	DDFTGTFC:0.21649484536082475	FGGAMVWA:0.2268041237113402	MVWAIDLD:0.23711340206185566	CTHLIYAF:0.31958762886597936	GWNFGTAP:0.23711340206185566	THLIYAFA:0.31958762886597936	NNFGGAMV:0.20618556701030927	AIDLDDFT:0.2268041237113402	EWNDVTLY:0.28865979381443296	GGAMVWAI:0.2268041237113402	WAQYRPGL:0.2268041237113402	KHLFTVLV:0.2268041237113402	VWAIDLDD:0.23711340206185566	PCLCTHLI:0.29896907216494845	TGENSPLY:0.35051546391752575	QTFINSVI:0.21649484536082475	GAPAEKLI:0.26804123711340205	QDKHLFTV:0.21649484536082475	AMVWAIDL:0.23711340206185566	YTGENSPL:0.24742268041237114	LDDFTGTF:0.20618556701030927	GYTGENSP:0.25773195876288657	NWAQYRPG:0.30927835051546393	CLCTHLIY:0.30927835051546393	VTAAVAAG:0.21649484536082475	DIDPCLCT:0.23711340206185566	HLFTVLVQ:0.20618556701030927	EKLIVGFP:0.30927835051546393	NFGTAPFT:0.23711340206185566	IDPCLCTH:0.36082474226804123	IDLDDFTG:0.2268041237113402	VPYAYKGN:0.21649484536082475	NRQTFINS:0.21649484536082475	AQYRPGLG:0.2268041237113402	AAVAAGIS:0.20618556701030927	WNFGTAPF:0.23711340206185566	WAIDLDDF:0.25773195876288657	GAMVWAID:0.23711340206185566	PAEKLIVG:0.25773195876288657	LCTHLIYA:0.30927835051546393	DLDDFTGT:0.20618556701030927	RQTFINSV:0.21649484536082475	DKHLFTVL:0.2268041237113402	TAAVAAGI:0.20618556701030927	NFGGAMVW:0.29896907216494845	AEKLIVGF:0.23711340206185566	DPCLCTHL:0.3917525773195876	YFTNWAQY:0.35051546391752575	SVGGWNFG:0.24742268041237114	NLKTLLSV:0.21649484536082475	GNQWVGYD:0.20618556701030927	KTLLSVGG:0.32989690721649484	LKTLLSVG:0.32989690721649484	KGNQWVGY:0.20618556701030927	FTNWAQYR:0.3402061855670103	TNWAQYRP:0.3402061855670103	GTFCNQGK:0.21649484536082475	LLSVGGWN:0.28865979381443296	CYFTNWAQ:0.35051546391752575	LSVGGWNF:0.24742268041237114	TLLSVGGW:0.32989690721649484	QYEFDGLD:0.23711340206185566	LRQYEFDG:0.23711340206185566	RQYEFDGL:0.23711340206185566	FLRQYEFD:0.24742268041237114	
