cluster number:81
GH18:89	GH18:89|CBM13:3|3.2.1.96:2
VSAFTREL:0.25842696629213485	VIFAANIN:0.449438202247191	AFTRELYG:0.2808988764044944	FNENVQRV:0.30337078651685395	QRVLDNAA:0.2247191011235955	PDKIISLY:0.23595505617977527	PYYGTWQV:0.20224719101123595	QGAGFANF:0.47191011235955055	FVHLVTAL:0.2808988764044944	HFNENVQR:0.23595505617977527	VVLSVLGN:0.29213483146067415	IISLYNIG:0.2696629213483146	GQPNDSSF:0.2696629213483146	AATEIRPL:0.20224719101123595	AANINYDT:0.42696629213483145	NGTGQPND:0.29213483146067415	NPYYGTWQ:0.20224719101123595	DVAVIFAA:0.30337078651685395	NINYDTGT:0.20224719101123595	NDSSFVHL:0.2808988764044944	SLYNIGPA:0.29213483146067415	NVGKYTLA:0.29213483146067415	GTGQPNDS:0.2696629213483146	AWNPYYGT:0.30337078651685395	RLSYGGVD:0.2808988764044944	ISLYNIGP:0.29213483146067415	VFDVAVIF:0.23595505617977527	SVLGNHQG:0.3707865168539326	SAFTRELY:0.2808988764044944	DYAWNPYY:0.449438202247191	DGIDFDDE:0.6629213483146067	DFDDEYAE:0.34831460674157305	VHLVTALR:0.2808988764044944	NVQRVLDN:0.30337078651685395	LSVLGNHQ:0.38202247191011235	KIISLYNI:0.2696629213483146	LDGIDFDD:0.6629213483146067	VAYVEVNN:0.30337078651685395	FDVAVIFA:0.30337078651685395	QPNDSSFV:0.34831460674157305	VAVIFAAN:0.30337078651685395	KVVLSVLG:0.29213483146067415	GFANFPSQ:0.25842696629213485	IFAANINY:0.8314606741573034	AGFANFPS:0.34831460674157305	GAGFANFP:0.5955056179775281	SVAYVEVN:0.29213483146067415	FAANINYD:0.7865168539325843	YAWNPYYG:0.4157303370786517	NENVQRVL:0.33707865168539325	WNPYYGTW:0.3146067415730337	ATEIRPLQ:0.20224719101123595	LYNIGPAA:0.33707865168539325	DDEYAEYG:0.34831460674157305	DKIISLYN:0.2247191011235955	GLDGIDFD:0.5955056179775281	FDYAWNPY:0.30337078651685395	GIKVVLSV:0.2808988764044944	YYGTWQVP:0.20224719101123595	NHQGAGFA:0.47191011235955055	SSFVHLVT:0.2808988764044944	ENVQRVLD:0.33707865168539325	HQGAGFAN:0.47191011235955055	ANINYDTG:0.21348314606741572	NVFDVAVI:0.2247191011235955	LHFNENVQ:0.24719101123595505	SFVHLVTA:0.2808988764044944	PNDSSFVH:0.2808988764044944	IDFDDEYA:0.550561797752809	DVSAFTRE:0.25842696629213485	RVLDNAAT:0.23595505617977527	AVIFAANI:0.39325842696629215	KGIKVVLS:0.2696629213483146	FDDEYAEY:0.34831460674157305	TSVAYVEV:0.21348314606741572	LGNHQGAG:0.6404494382022472	YGLDGIDF:0.5955056179775281	IKVVLSVL:0.2808988764044944	GIDFDDEY:0.6179775280898876	VLSVLGNH:0.29213483146067415	GNHQGAGF:0.4943820224719101	DSSFVHLV:0.2808988764044944	VQRVLDNA:0.2808988764044944	VLGNHQGA:0.3707865168539326	TGQPNDSS:0.2696629213483146	DGVDLDDE:0.24719101123595505	IIFAANIN:0.2696629213483146	LDGVDLDD:0.24719101123595505	GVDLDDEY:0.20224719101123595	AANINYDG:0.23595505617977527	LSILGNHQ:0.20224719101123595	ILGNHQGA:0.25842696629213485	NNGTGQPN:0.24719101123595505	YGNNGTGQ:0.25842696629213485	GNNGTGQP:0.24719101123595505	SPAAVEIG:0.2696629213483146	SRLSYGGV:0.25842696629213485	GYGVYLTY:0.3707865168539326	TALRANMP:0.24719101123595505	FTRELYGS:0.2808988764044944	LVTALRAN:0.25842696629213485	GPAASRLS:0.3258426966292135	SKLSPAAV:0.20224719101123595	ASRLSYGG:0.2696629213483146	ADVSAFTR:0.24719101123595505	IGPAASRL:0.29213483146067415	AASRLSYG:0.2696629213483146	HLVTALRA:0.2696629213483146	YGVYLTYN:0.3258426966292135	EGYGVYLT:0.30337078651685395	PAASRLSY:0.29213483146067415	SADVSAFT:0.21348314606741572	NIGPAASR:0.29213483146067415	LSPAAVEI:0.2808988764044944	VYLTYNLD:0.24719101123595505	GVYLTYNL:0.3258426966292135	AYVEVNNN:0.25842696629213485	RSADVSAF:0.21348314606741572	VEVNNNSM:0.25842696629213485	KLSPAAVE:0.20224719101123595	YNIGPAAS:0.29213483146067415	LRANMPDK:0.20224719101123595	KSKLSPAA:0.20224719101123595	VTALRANM:0.24719101123595505	ALRANMPD:0.20224719101123595	YVEVNNNS:0.25842696629213485	YLTYNLDG:0.24719101123595505	KYGLDGID:0.24719101123595505	AYLHFNEN:0.23595505617977527	YLHFNENV:0.23595505617977527	KFDYAWNP:0.21348314606741572	RPLQQKGI:0.20224719101123595	PLQQKGIK:0.24719101123595505	LQQKGIKV:0.24719101123595505	
