cluster number:47
GH18:90	GH18:90|CBM2:12|CBM5:3
GVFDGIDL:0.3888888888888889	TFWTYDDP:0.2222222222222222	GIDLDWEW:0.5333333333333333	YGRGWTGV:0.2111111111111111	AWLFDGTT:0.37777777777777777	PEDKQNFT:0.23333333333333334	FDGIDLDW:0.5222222222222223	DGIDLDWE:0.5333333333333333	FATVQGYD:0.2222222222222222	RPEDKQNF:0.23333333333333334	IDLDWEWP:0.5333333333333333	VFDGIDLD:0.3888888888888889	DAWADYQR:0.2	LTHINYAF:0.43333333333333335	LDWEWPGS:0.5111111111111111	HINYAFGN:0.4	WEWPGSEG:0.2	THINYAFG:0.4111111111111111	DLDWEWPG:0.5111111111111111	INYAFGNV:0.3111111111111111	KLTHINYA:0.3	PFYGQGWT:0.23333333333333334	DWEWPGSE:0.2	YGQGWTGV:0.4222222222222222	FYGQGWTG:0.23333333333333334	YFTQWGIY:0.28888888888888886	FTQWGIYG:0.2222222222222222	VGYFTQWG:0.36666666666666664	SVDGVADT:0.2777777777777778	TQWGIYGR:0.2222222222222222	GYFTQWGI:0.2222222222222222	GLGGAMFW:0.2	DFVNLQGY:0.2222222222222222	LWTYDDPQ:0.2222222222222222	QWGVYGRD:0.2222222222222222	SWSTHFSD:0.23333333333333334	PATGPAPA:0.2	NFNQLREL:0.32222222222222224	ATGPAPAT:0.2	LGGAMFWS:0.2111111111111111	IDLYIKGN:0.2111111111111111	EFRTQLDA:0.2	TYDDPQVL:0.2222222222222222	CIDLYIKG:0.23333333333333334	VYGRDFQV:0.2111111111111111	YDDPQVLR:0.2111111111111111	WSWSTHFS:0.23333333333333334	LAGNFNQL:0.28888888888888886	ISLGGWSW:0.32222222222222224	AGNFNQLR:0.3	YFTQWGVY:0.25555555555555554	WGVYGRDF:0.2111111111111111	SLGGWSWS:0.34444444444444444	GVYGRDFQ:0.2111111111111111	FVNLQGYD:0.2222222222222222	GAMFWSLD:0.25555555555555554	GNFNQLRE:0.32222222222222224	LYIKGNLP:0.2222222222222222	WTYDDPQV:0.2222222222222222	TQWGVYGR:0.2111111111111111	DWEWPGSA:0.2	AQQSALYA:0.24444444444444444	GYFTQWGV:0.25555555555555554	FTQWGVYG:0.2111111111111111	GGWSWSTH:0.23333333333333334	TLWTYDDP:0.26666666666666666	GWSWSTHF:0.23333333333333334	FNQLRELK:0.32222222222222224	APAKIDAG:0.2222222222222222	DLYIKGNL:0.2222222222222222	TAQQSALY:0.24444444444444444	LGGWSWST:0.3111111111111111	WSTHFSDA:0.2222222222222222	PAKIDAGF:0.24444444444444444	GGAMFWSL:0.2111111111111111	NQLRELKA:0.23333333333333334	GHAWLFDG:0.4111111111111111	SCIDLYIK:0.23333333333333334	AGVFDGID:0.28888888888888886	GNVIRPED:0.24444444444444444	NYAFGNVS:0.2777777777777778	WTGVTGGG:0.26666666666666666	GWTGVTGG:0.3	HAWLFDGT:0.35555555555555557	AMFWSLDG:0.2	FDGTTLWT:0.2222222222222222	WLFDGTTL:0.2222222222222222	KIDAGFEV:0.2	AKIDAGFE:0.2	NGHAWLFD:0.24444444444444444	DGTTLWTY:0.2222222222222222	MFWSLDGD:0.2	TTLWTYDD:0.2222222222222222	LKAKHPGL:0.2	FWSLDGDT:0.2	LFDGTTLW:0.2222222222222222	GTTLWTYD:0.2222222222222222	GLKVMISL:0.2111111111111111	GQGWTGVT:0.2222222222222222	PGLKVMIS:0.2111111111111111	LKVMISLG:0.23333333333333334	VMISLGGW:0.23333333333333334	MISLGGWS:0.2222222222222222	QGWTGVTG:0.2222222222222222	QPLAGNFN:0.24444444444444444	PLAGNFNQ:0.24444444444444444	KVMISLGG:0.23333333333333334	SVDQTVRD:0.2222222222222222	
