cluster number:60
GH18:19	GH18:19|CBM2:5|3.2.1.14:4|CBM5:2|3.2.1.-:1|GH12:1
LISVGGWT:0.2631578947368421	PGGGGMEG:0.2631578947368421	YISWGIYA:0.2631578947368421	VVPVFKDG:0.21052631578947367	VGGWTLSK:0.3684210526315789	PDDGKNFV:0.21052631578947367	SPDDGKNF:0.21052631578947367	YYISWGIY:0.2631578947368421	DDGKNFVL:0.21052631578947367	VTHVNYAF:0.2631578947368421	GGGGMEGN:0.2631578947368421	WEYPGGGG:0.5263157894736842	VVYYISWG:0.2631578947368421	GGMEGNYV:0.21052631578947367	THVNYAFL:0.2631578947368421	IDWEYPGG:0.5263157894736842	GGGMEGNY:0.21052631578947367	ISWGIYAR:0.2631578947368421	IIRKYNLD:0.21052631578947367	VYYISWGI:0.2631578947368421	EGNYVSPD:0.21052631578947367	GMEGNYVS:0.21052631578947367	DGKNFVLL:0.21052631578947367	IRKYNLDG:0.21052631578947367	MEGNYVSP:0.21052631578947367	DWEYPGGG:0.5263157894736842	WTLSKYFS:0.3684210526315789	EYPGGGGM:0.3157894736842105	GWTLSKYF:0.3684210526315789	DIDWEYPG:0.631578947368421	GNYVSPDD:0.21052631578947367	ISVGGWTL:0.2631578947368421	YPGGGGME:0.2631578947368421	SVGGWTLS:0.3684210526315789	GGWTLSKY:0.3684210526315789	VMVWEITA:0.21052631578947367	EITADRKP:0.3684210526315789	DGVDIDWE:0.3157894736842105	VWEITADR:0.21052631578947367	GVMDYWDI:0.21052631578947367	RSFANVPP:0.3684210526315789	YGRSFANV:0.21052631578947367	GGVMVWEI:0.21052631578947367	PFYGRSFA:0.21052631578947367	VDIDWEYP:0.42105263157894735	GVDIDWEY:0.2631578947368421	GRSFANVP:0.21052631578947367	MVWEITAD:0.21052631578947367	GVMVWEIT:0.21052631578947367	WEITADRK:0.3684210526315789	FYGRSFAN:0.21052631578947367	VGPYLCQQ:0.2631578947368421	LDGVDIDW:0.21052631578947367	ATYLDFDI:0.2631578947368421	DALLIVQR:0.2631578947368421	FWSVDRDH:0.2631578947368421	MTYDYHGA:0.21052631578947367	NATYLDFD:0.2631578947368421	IAFGGAVG:0.2631578947368421	LIVQRERP:0.21052631578947367	WGMIGLTP:0.21052631578947367	NVMTYDYH:0.21052631578947367	LDFINVMT:0.3157894736842105	VIIAFGGA:0.2631578947368421	LGLPFYGR:0.21052631578947367	ITADRKPG:0.3157894736842105	LAFWSVDR:0.2631578947368421	GGAVGPYL:0.2631578947368421	LADALLIV:0.2631578947368421	VDRDHPGP:0.2631578947368421	GMIGLTPM:0.21052631578947367	INVMTYDY:0.2631578947368421	GPYLCQQA:0.2631578947368421	IWGMIGLT:0.21052631578947367	TADRKPGT:0.3157894736842105	TGHNAPLY:0.21052631578947367	HRGTSDPD:0.21052631578947367	VSPLHRGT:0.21052631578947367	DFINVMTY:0.3157894736842105	GAVGPYLC:0.2631578947368421	YYWTPSNA:0.21052631578947367	LLIVQRER:0.2631578947368421	MTMDYYWT:0.2631578947368421	LTPMIGVN:0.21052631578947367	AFWSVDRD:0.2631578947368421	MDYYWTPS:0.21052631578947367	PMIGVNDD:0.21052631578947367	GLTPMIGV:0.21052631578947367	IGLTPMIG:0.2631578947368421	SWNKGPTA:0.2631578947368421	FGGAVGPY:0.2631578947368421	AVGPYLCQ:0.2631578947368421	AFGGAVGP:0.2631578947368421	PEHFFAPY:0.2631578947368421	FTLPSDPG:0.2631578947368421	YLDFDIES:0.21052631578947367	DYYWTPSN:0.21052631578947367	TYLDFDIE:0.2631578947368421	GLPFYGRS:0.21052631578947367	EHFFAPYI:0.2631578947368421	ALLIVQRE:0.2631578947368421	SFTLPSDP:0.2631578947368421	FINVMTYD:0.3157894736842105	HFFAPYID:0.2631578947368421	WSVDRDHP:0.2631578947368421	TMDYYWTP:0.2631578947368421	YLDFINVM:0.21052631578947367	TYDYHGAW:0.21052631578947367	YNATYLDF:0.2631578947368421	IIAFGGAV:0.2631578947368421	GTSDPDWA:0.21052631578947367	RGTSDPDW:0.21052631578947367	SVDRDHPG:0.2631578947368421	TPMIGVND:0.21052631578947367	FFAPYIDM:0.2631578947368421	ADALLIVQ:0.2631578947368421	MIGLTPMI:0.2631578947368421	EIWGMIGL:0.21052631578947367	KYLDFINV:0.21052631578947367	KYNLDGID:0.21052631578947367	GTPAGTWG:0.21052631578947367	LDGIDIDW:0.21052631578947367	DGIDIDWE:0.2631578947368421	NLDGIDID:0.21052631578947367	YNLDGIDI:0.21052631578947367	LGGVMIWE:0.21052631578947367	IDIDWEYP:0.2631578947368421	GIDIDWEY:0.2631578947368421	
