cluster number:265
GH18:14	GH18:14
PMVLTMAA:0.5	FPDTKEEV:0.35714285714285715	EFPDTKEE:0.35714285714285715	RFRKELDA:0.2857142857142857	LETMDWIN:0.5714285714285714	TLRWLGKE:0.21428571428571427	INVMTYDL:0.35714285714285715	RPMVLTMA:0.5	WEFPDTKE:0.35714285714285715	NVMTYDLY:0.6428571428571429	NAETLRWL:0.21428571428571427	FRKELDAI:0.21428571428571427	DWINVMTY:0.42857142857142855	MVLTMAAS:0.42857142857142855	TYDLYGAW:0.5714285714285714	VDIDWEFP:0.5714285714285714	WINVMTYD:0.42857142857142855	ETMDWINV:0.6428571428571429	IDWEFPDT:0.42857142857142855	MDWINVMT:0.42857142857142855	VMTYDLYG:0.6428571428571429	MTYDLYGA:0.6428571428571429	LLETMDWI:0.5714285714285714	TMDWINVM:0.6428571428571429	DIDWEFPD:0.5714285714285714	DWEFPDTK:0.35714285714285715	RLARRFRK:0.35714285714285715	RKELDAIG:0.21428571428571427	LLLETMDW:0.21428571428571427	RRFRKELD:0.2857142857142857	WINVMSYD:0.21428571428571427	GFERLARR:0.5	DWINVMSY:0.21428571428571427	LTMAASSN:0.6428571428571429	ERLARRFR:0.35714285714285715	VLTMAASS:0.35714285714285715	MDWINVMS:0.21428571428571427	FERLARRF:0.42857142857142855	VNVMTYDL:0.21428571428571427	DWVNVMTY:0.21428571428571427	MDWVNVMT:0.21428571428571427	TMDWVNVM:0.21428571428571427	WVNVMTYD:0.21428571428571427	IDWEYPDT:0.2857142857142857	TMAASSNP:0.5	VDIDWEYP:0.35714285714285715	SSNPGTLR:0.21428571428571427	AASSNPGT:0.5	ASSNPGTL:0.5	NPGTLRWL:0.2857142857142857	SNPGTLRW:0.21428571428571427	DIDWEYPD:0.35714285714285715	MAASSNPG:0.5	WLRKEFLL:0.21428571428571427	SSNPGTLK:0.2857142857142857	SNPGTLKW:0.2857142857142857	EVVGFERL:0.42857142857142855	NPGTLKWL:0.35714285714285715	PDTKEEVV:0.21428571428571427	FLLETMDW:0.5	KEFLLETM:0.35714285714285715	GRPMVLTM:0.21428571428571427	DTKEEVVG:0.21428571428571427	KGRPMVLT:0.21428571428571427	KEEVVGFE:0.21428571428571427	TKEEVVGF:0.21428571428571427	EFLLETMD:0.35714285714285715	EEVVGFER:0.21428571428571427	FRKDLDAI:0.21428571428571427	RRFRKDLD:0.21428571428571427	RFRKDLDA:0.21428571428571427	RKDLDAIG:0.21428571428571427	VGFERLAR:0.35714285714285715	VVGFERLA:0.2857142857142857	
