cluster number:12
GH19:12	GH19:12
RGYIQLTG:0.25	GHPFDLYD:0.4166666666666667	VLMALATI:0.5833333333333334	MVLMALAT:0.5833333333333334	GRGYIQLT:0.25	GYIQLTGR:0.25	DGERFRGR:0.25	KEARIKRA:0.25	GERFRGRG:0.25	DKEARIKR:0.25	EARIKRAL:0.25	GRGFIQLT:0.25	RGFIQLTG:0.25	GFIQLTGR:0.25	PDGERFRG:0.25	GIAGPRTL:0.3333333333333333	SPRGHPFD:0.3333333333333333	PRGHPFDL:0.3333333333333333	DGIAGPRT:0.3333333333333333	FNTSPRGH:0.3333333333333333	SRFNTSPR:0.3333333333333333	FGGGTEAA:0.25	RDLGNQGA:0.3333333333333333	DLGNQGAP:0.3333333333333333	ATIRAETE:0.3333333333333333	RGHPFDLY:0.3333333333333333	GRFNYARY:0.3333333333333333	MALATIRA:0.5833333333333334	LATIRAET:0.4166666666666667	QLTGRFNY:0.3333333333333333	DKPMVLMA:0.25	NGGSHGLD:0.5	TSPRGHPF:0.3333333333333333	ALATIRAE:0.5833333333333334	VNGGSHGL:0.5	RLVNGGSH:0.3333333333333333	LLADGIAG:0.25	GLLADGIA:0.25	RFNTSPRG:0.3333333333333333	GSHGLDRF:0.5	LGNQGAPD:0.3333333333333333	TGRFNYAR:0.3333333333333333	LMALATIR:0.5833333333333334	NQGAPDGE:0.3333333333333333	KPMVLMAL:0.25	RRDLGNQG:0.3333333333333333	NTSPRGHP:0.3333333333333333	ARRLVNGG:0.4166666666666667	GNQGAPDG:0.3333333333333333	LVNGGSHG:0.5	RFNYARYG:0.3333333333333333	GGSHGLDR:0.5	QGAPDGER:0.3333333333333333	RRLVNGGS:0.3333333333333333	LTGRFNYA:0.3333333333333333	PMVLMALA:0.4166666666666667	GRGYVQLT:0.5	RGRGYVQL:0.4166666666666667	YRGRGYVQ:0.4166666666666667	GYVQLTGR:0.25	RGYVQLTG:0.25	AARRLVNG:0.25	
