cluster number:4
PL15:11	PL15:11|4.2.2.3:1
SPYGSFSH:0.45454545454545453	HSHADQNS:0.36363636363636365	TTGDATAA:0.2727272727272727	FRLWRKLP:0.2727272727272727	GSFSHSHA:0.6363636363636364	PYGSFSHS:0.45454545454545453	HADQNSFI:0.2727272727272727	SFSHSHAD:0.45454545454545453	SHSHADQN:0.45454545454545453	KSSPYGSF:0.2727272727272727	SSPYGSFS:0.45454545454545453	FSHSHADQ:0.45454545454545453	YGSFSHSH:0.5454545454545454	SHADQNSF:0.36363636363636365	FKSSPYGS:0.2727272727272727	PWGGDDGG:0.45454545454545453	TGDATAAY:0.36363636363636365	WGGDDGGW:0.45454545454545453	RYSILFKS:0.2727272727272727	YSILFKSS:0.2727272727272727	QTKAHNAI:0.36363636363636365	TFDGGQGQ:0.2727272727272727	ITFDGGQG:0.2727272727272727	AHNAITFD:0.45454545454545453	KAHNAITF:0.36363636363636365	HNAITFDG:0.45454545454545453	NAITFDGG:0.45454545454545453	TKAHNAIT:0.36363636363636365	AITFDGGQ:0.2727272727272727	
