cluster number:17
CBM12:93	CBM12:93
SGSQAQGV:0.5053763440860215	FQGSTFPG:0.25806451612903225	STTGWHCG:0.7741935483870968	GSTFPGRD:0.26881720430107525	SVTYPEGT:0.46236559139784944	AGAWVRGA:0.20430107526881722	GGSYISGS:0.25806451612903225	GASVCRSG:0.5806451612903226	PGDSGGSY:0.34408602150537637	SQAQGVTS:0.5053763440860215	VTYPEGTI:0.44086021505376344	GSQAQGVT:0.5053763440860215	LVNEAEAG:0.25806451612903225	GGTWAAGT:0.3763440860215054	GTWAAGTV:0.23655913978494625	GVTRTTVC:0.21505376344086022	VCRSGSTT:0.8387096774193549	WEPPNVPA:0.3978494623655914	YPEGTISG:0.26881720430107525	VTSGGSGD:0.23655913978494625	FATAGHCG:0.5053763440860215	PPNVPALW:0.40860215053763443	GWHCGTIQ:0.40860215053763443	PEGTISGV:0.26881720430107525	QHNTSVTY:0.20430107526881722	RSGSTTGW:0.946236559139785	YGGATYRC:0.23655913978494625	QGVTSGGS:0.7526881720430108	EPPNVPAL:0.3870967741935484	RTTVCAEP:0.3118279569892473	TVCAEPGD:0.41935483870967744	RGGDAYYM:0.3118279569892473	PGRDMAWV:0.20430107526881722	FPGRDMAW:0.20430107526881722	GFATAGHC:0.5161290322580645	RLVNEAEA:0.25806451612903225	TWAAGTVY:0.23655913978494625	SYISGSQA:0.25806451612903225	CRSGSTTG:0.946236559139785	GWEPPNVP:0.3978494623655914	TGWHCGTI:0.4731182795698925	EPGDSGGS:0.7849462365591398	GSYISGSQ:0.25806451612903225	SGGSYISG:0.3118279569892473	VTRTTVCA:0.25806451612903225	TSGGSGDC:0.34408602150537637	GTISGVTR:0.26881720430107525	GGATYRCL:0.23655913978494625	TYGGATYR:0.24731182795698925	PNVPALWQ:0.24731182795698925	VCAEPGDS:0.8279569892473119	VTYGGATY:0.24731182795698925	ATAGHCGR:0.40860215053763443	ASVCRSGS:0.6021505376344086	YISGSQAQ:0.2903225806451613	TTGWHCGT:0.7634408602150538	SVCRSGST:0.8494623655913979	QAQGVTSG:0.8064516129032258	TSVTYPEG:0.43010752688172044	TISGVTRT:0.26881720430107525	VGASVCRS:0.5161290322580645	TYPEGTIS:0.26881720430107525	TRTTVCAE:0.3118279569892473	GSTTGWHC:0.7741935483870968	WHCGTIQQ:0.3978494623655914	TLTVATTD:0.26881720430107525	TTVCAEPG:0.41935483870967744	SGSTTGWH:0.7741935483870968	NTSVTYPE:0.3978494623655914	VPALWQRV:0.2903225806451613	QGSTFPGR:0.25806451612903225	EGTISGVT:0.26881720430107525	DSGGSYIS:0.3118279569892473	AQGTFQGS:0.25806451612903225	AQGVTSGG:0.8064516129032258	GATYRCLQ:0.24731182795698925	ISGSQAQG:0.43010752688172044	NVPALWQR:0.27956989247311825	GDSGGSYI:0.3118279569892473	CAEPGDSG:0.978494623655914	AEPGDSGG:0.978494623655914	GVTSGGSG:0.7526881720430108	RCSVGFSV:0.22580645161290322	SGNCSSGG:0.3118279569892473	GGSGNCSS:0.3118279569892473	FVTAGHCG:0.3225806451612903	TSGGSGNC:0.5913978494623656	NCSSGGTT:0.24731182795698925	VTSGGSGN:0.5161290322580645	GSGNCSSG:0.3118279569892473	GNCSSGGT:0.3118279569892473	GFVTAGHC:0.3225806451612903	SGGSGNCS:0.3870967741935484	SGGSFISG:0.23655913978494625	RCLQGHQA:0.3010752688172043	PGGTWAAG:0.3548387096774194	GGTTYFQP:0.3225806451612903	PGDSGGSF:0.26881720430107525	GDSGGSFI:0.23655913978494625	DSGGSFIS:0.23655913978494625	YRCLQGHQ:0.25806451612903225	SGGTTYFQ:0.22580645161290322	NRVAQGTF:0.20430107526881722	SSVCRSGS:0.24731182795698925	SVCAEPGD:0.3010752688172043	AGHCGRAG:0.3548387096774194	DLRGGDAY:0.26881720430107525	QGFATAGH:0.34408602150537637	PRPLYDLR:0.24731182795698925	QQGFATAG:0.24731182795698925	PLYDLRGG:0.24731182795698925	TRTSVCAE:0.3010752688172043	TGWHCGTV:0.2903225806451613	TAGHCGRA:0.3333333333333333	TSVCAEPG:0.3010752688172043	GATVTYGG:0.21505376344086022	VTRTSVCA:0.3010752688172043	GVTRTSVC:0.3010752688172043	YGLTLKTT:0.23655913978494625	RTSVCAEP:0.3010752688172043	LRGGDAYY:0.26881720430107525	RPLYDLRG:0.24731182795698925	SGRCSIGF:0.22580645161290322	RCSIGFSV:0.21505376344086022	QLNTSVTY:0.3010752688172043	EAEAGATA:0.24731182795698925	NEAEAGAT:0.21505376344086022	LTVATTDA:0.27956989247311825	GDTVTYGG:0.22580645161290322	TVTYGGAT:0.25806451612903225	CLQGHQAQ:0.22580645161290322	GGDAYYMN:0.20430107526881722	AMERDLGL:0.20430107526881722	QQLNTSVT:0.24731182795698925	SGVTRTSV:0.23655913978494625	
