cluster number:21
CBM12:66	CBM12:66|GH18:1|GH20:1
MEGPYFKP:0.42424242424242425	RLLMTVRD:0.30303030303030304	CLQAHTAQ:0.21212121212121213	TVSGYVFG:0.6212121212121212	GVLLDFWQ:0.3484848484848485	TIVPGLYP:0.8484848484848485	LYFPNEPR:0.4696969696969697	GRTRHIHV:0.6818181818181818	YFKPNSPR:0.25757575757575757	GLYPGRTR:0.9545454545454546	VLRAALAA:0.24242424242424243	TRHIHVKV:0.3484848484848485	VLLDFWQA:0.5303030303030303	VLTTQLYF:0.696969696969697	LTVSGYVF:0.6212121212121212	TQLYFPNE:0.4696969696969697	NGAYDNTG:0.2878787878787879	PRLLMTVR:0.2727272727272727	RGHQFTDA:0.2727272727272727	LYPGRTRH:0.9545454545454546	LTTQLYFP:0.9393939393939394	QLYFPNEP:0.4696969696969697	PGLYPGRT:0.9545454545454546	DDGDDPTP:0.4696969696969697	FKPNSPRR:0.25757575757575757	VPGLYPGR:0.9090909090909091	AGDRVTYG:0.2727272727272727	YFPNEPRN:0.4696969696969697	EAAFDFVL:0.3181818181818182	CDDGDDPT:0.5757575757575758	IVPGLYPG:0.8484848484848485	HIHVKVQA:0.3484848484848485	RHIHVKVQ:0.3484848484848485	LTTIVPGL:0.5606060606060606	DGDDPTPP:0.22727272727272727	FDPRLLMT:0.2727272727272727	QMEGPYFK:0.42424242424242425	VSGYVFGL:0.24242424242424243	PVLTTQLY:0.5909090909090909	PNSPRRTS:0.21212121212121213	RAGDRVTY:0.24242424242424243	RTRHIHVK:0.6818181818181818	TTIVPGLY:0.5606060606060606	KPNSPRRT:0.21212121212121213	GDDPTPPQ:0.22727272727272727	DPRLLMTV:0.2727272727272727	TTQLYFPN:0.4696969696969697	YPGRTRHI:0.6818181818181818	NSPRRTSL:0.21212121212121213	PGRTRHIH:0.6818181818181818	IHVKVQAP:0.3484848484848485	RLTVSGYV:0.25757575757575757	EGPYFKPN:0.7424242424242424	GPYFKPNS:0.7424242424242424	HVKVQAPG:0.3484848484848485	PYFKPNSP:0.7424242424242424	LLDFWQAD:0.9090909090909091	FRGHQFTD:0.21212121212121213	YRAGDRVT:0.24242424242424243	GDRVTYGG:0.3181818181818182	VSGYVFGR:0.3787878787878788	GGVALARD:0.24242424242424243	PLTVSGYV:0.3484848484848485	TQLYFPGE:0.45454545454545453	QLYFPGEP:0.4696969696969697	WEPPNVPA:0.45454545454545453	PPNVPALW:0.4696969696969697	YFPGEPRN:0.45454545454545453	EPPNVPAL:0.45454545454545453	RGHQFTGA:0.21212121212121213	GWEPPNVP:0.45454545454545453	PALLMNVR:0.21212121212121213	TTQLYFPG:0.45454545454545453	YFKPNSPL:0.24242424242424243	FKPNSPLR:0.24242424242424243	FRGHQFTG:0.22727272727272727	DPALLMNV:0.21212121212121213	LYFPGEPR:0.45454545454545453	GRTRHLHV:0.2727272727272727	GRPVLTTQ:0.36363636363636365	GYVFGRAC:0.2878787878787879	GGPALART:0.21212121212121213	PGRPVLTT:0.36363636363636365	APGRPVLT:0.36363636363636365	QAPGRPVL:0.36363636363636365	YPGRTRHL:0.2727272727272727	RTRHLHVK:0.2727272727272727	PGRTRHLH:0.2727272727272727	RPVLTTQL:0.4393939393939394	EPRNNTDT:0.2727272727272727	IFDPRLLM:0.21212121212121213	TEGPYFKP:0.3787878787878788	ALLDFWQA:0.3787878787878788	FDFVLNVP:0.22727272727272727	NEPRNNTD:0.36363636363636365	RNNTDTIF:0.24242424242424243	PNEPRNNT:0.36363636363636365	QTEGPYFK:0.3787878787878788	VKVQAPGR:0.24242424242424243	DFVLNVPQ:0.21212121212121213	PQTEGPYF:0.21212121212121213	KVQAPGRP:0.24242424242424243	AQPGWEPP:0.21212121212121213	PRNNTDTI:0.25757575757575757	GTRLTVSG:0.21212121212121213	FPNEPRNN:0.36363636363636365	PGEPRNNT:0.21212121212121213	GEPRNNTD:0.21212121212121213	FPGEPRNN:0.21212121212121213	QADTNGAY:0.21212121212121213	DFWQADTN:0.30303030303030304	FWQADTNG:0.30303030303030304	ADTNGAYD:0.21212121212121213	WQADTNGA:0.21212121212121213	LDFWQADT:0.30303030303030304	GALLDFWQ:0.21212121212121213	RKTVLRAA:0.21212121212121213	HVKAQAPG:0.3181818181818182	GGGVALAR:0.21212121212121213	FDFVLDVA:0.21212121212121213	IHVKAQAP:0.2878787878787879	GVPLTVSG:0.21212121212121213	RHIHVKAQ:0.2878787878787879	AFRGHQFT:0.21212121212121213	TRHIHVKA:0.2878787878787879	ILTTQLYF:0.24242424242424243	HIHVKAQA:0.2878787878787879	
