cluster number:14
CBM12:39	CBM12:39|CBM5:35|GH18:32|3.2.1.14:11|CBM6:2|GH19:2|GH8:1|GH5:1|CBM56:1|GH64:1
PFYGRGWT:0.3333333333333333	WTWSKWFS:0.3333333333333333	IDIDWEFP:0.358974358974359	LGGWTWSK:0.358974358974359	FINYAFGN:0.358974358974359	THTAYAGA:0.20512820512820512	PTPTPTPT:0.38461538461538464	LLLAEFRK:0.23076923076923078	GIPFYGRG:0.2564102564102564	EPGATNPN:0.20512820512820512	YGRGWTGV:0.4358974358974359	TFINYAFG:0.358974358974359	LTVAIGAG:0.20512820512820512	DGIDIDWE:0.5641025641025641	DALRKQLV:0.28205128205128205	LTFINYAF:0.358974358974359	DIDWEFPG:0.3076923076923077	TDALRKQL:0.28205128205128205	FYGRGWTG:0.3333333333333333	IFDGIDID:0.23076923076923078	LLAEFRKQ:0.23076923076923078	FDGIDIDW:0.5384615384615384	ATDALRKQ:0.23076923076923078	SLGGWTWS:0.358974358974359	GWTWSKWF:0.358974358974359	GIDIDWEF:0.358974358974359	AEFRKQLD:0.23076923076923078	ISLGGWTW:0.358974358974359	PDAGTGGD:0.20512820512820512	IPFYGRGW:0.2564102564102564	LAEFRKQL:0.23076923076923078	GGWTWSKW:0.358974358974359	TPTPTPTP:0.46153846153846156	VTYNGRNY:0.20512820512820512	AAPAWQEG:0.28205128205128205	AWQEGNTY:0.23076923076923078	YEAKWWTQ:0.20512820512820512	YKALVTHT:0.20512820512820512	ALVTHTAY:0.4358974358974359	EAKWWTQG:0.20512820512820512	PAWQEGNT:0.23076923076923078	LVTHTAYV:0.3076923076923077	TPVVTPTP:0.23076923076923078	PVVTPTPT:0.23076923076923078	THTAYVGA:0.28205128205128205	PTPVVTPT:0.2564102564102564	VTHTAYVG:0.38461538461538464	TPTPVVTP:0.2564102564102564	QGDNPAQS:0.2564102564102564	TQGDNPAQ:0.2564102564102564	NWNPAATP:0.20512820512820512	WNPAATPT:0.20512820512820512	TPTPVTPT:0.20512820512820512	VTPTPTPV:0.23076923076923078	WTQGDNPA:0.2564102564102564	TPTPTPVT:0.20512820512820512	PAATPTLW:0.20512820512820512	TPTPTPVV:0.20512820512820512	WWTQGDNP:0.2564102564102564	VVTPTPTP:0.20512820512820512	NPAATPTL:0.20512820512820512	PTPTPVVT:0.20512820512820512	PTPTPVTP:0.2564102564102564	GDNPAQSG:0.28205128205128205	GIEDYKVL:0.20512820512820512	GVFDGIDI:0.20512820512820512	IEDYKVLK:0.20512820512820512	IDWEFPGV:0.20512820512820512	KLTFINYA:0.23076923076923078	YKVLKNAA:0.20512820512820512	EDYKVLKN:0.23076923076923078	KVLKNAAG:0.23076923076923078	DYKVLKNA:0.23076923076923078	GSYFAQWG:0.20512820512820512	VFDGIDID:0.23076923076923078	VLKNAAGT:0.20512820512820512	GPNGDGLY:0.20512820512820512	NYAFGNIY:0.20512820512820512	PNGDGLYQ:0.20512820512820512	YQALVTHT:0.20512820512820512	GAGKDKID:0.23076923076923078	QALVTHTA:0.20512820512820512	
