cluster number:0
GT37:49	GT37:49|2.4.1.69:2|2.4.1.-:2
GGLKPWIL:0.2857142857142857	LGGLKPWI:0.2857142857142857	LTNRVLLV:0.20408163265306123	QGLGGLKP:0.30612244897959184	VAQGLGGL:0.4897959183673469	STFGYVAQ:0.6326530612244898	VYQPSHEE:0.22448979591836735	YVAQGLGG:0.4897959183673469	GLGGLKPW:0.32653061224489793	GLKPWILY:0.20408163265306123	MSMEPCFH:0.20408163265306123	WSTFGYVA:0.5102040816326531	FGYVAQGL:0.6122448979591837	AQGLGGLK:0.30612244897959184	TFGYVAQG:0.6122448979591837	GYVAQGLG:0.5102040816326531	WAEMYLLS:0.3673469387755102	YLLSLTDK:0.20408163265306123	MYLLSLTD:0.46938775510204084	KAWAEMYL:0.3673469387755102	RKAWAEMY:0.20408163265306123	EMYLLSLT:0.46938775510204084	SAWSTFGY:0.2857142857142857	AWAEMYLL:0.3673469387755102	AEMYLLSL:0.5102040816326531	AWSTFGYV:0.2857142857142857	HLGRYLFH:0.22448979591836735	FLYALLTN:0.24489795918367346	PCFHAPPF:0.20408163265306123	VFHHLGRY:0.2857142857142857	HAPPFYDC:0.20408163265306123	HHLGRYLF:0.2653061224489796	FHHLGRYL:0.32653061224489793	KAVLVTSL:0.20408163265306123	FHAPPFYD:0.20408163265306123	EPCFHAPP:0.20408163265306123	CFHAPPFY:0.20408163265306123	LYALLTNR:0.24489795918367346	LGRYLFHP:0.2653061224489796	AFLYALLT:0.20408163265306123	SAFLYALL:0.22448979591836735	LARYLFHP:0.20408163265306123	HLARYLFH:0.20408163265306123	CEPFPGTS:0.22448979591836735	LFCEPFPG:0.2857142857142857	EPFPGTSW:0.22448979591836735	RYLFHPTN:0.2857142857142857	DLFCEPFP:0.3877551020408163	FCEPFPGT:0.24489795918367346	PFPGTSWL:0.22448979591836735	DKLLGGLL:0.2653061224489796	LTDRVLLV:0.24489795918367346	WLLPLDFP:0.22448979591836735	SWLLPLDF:0.22448979591836735	SWGLKLVD:0.20408163265306123	
