cluster number:8
GT5:227	GT5:227
FFAKGVVE:0.2290748898678414	GVVETVKK:0.23788546255506607	DIIHVHGW:0.32599118942731276	IQVYFIDN:0.3832599118942731	LHEVIRLS:1.0	DNDEYFKR:0.2026431718061674	ETVKKLNW:0.5154185022026432	IFFAKGVV:0.2290748898678414	EVIRLSGM:0.8281938325991189	AKGVVETV:0.2290748898678414	INERRHQL:0.6035242290748899	QVYFIDND:0.42731277533039647	KERIQVYF:0.29515418502202645	RRHQLHEV:0.6123348017621145	VIRLSGMN:0.8237885462555066	EYFKRKAT:0.2555066079295154	IPKERIQV:0.29515418502202645	VETVKKLN:0.2775330396475771	ERIQVYFI:0.31277533039647576	PLIIKVAS:0.8370044052863436	ASLLPLYL:0.2555066079295154	RHQLHEVI:0.6123348017621145	ASIPKERI:0.29515418502202645	KGVVETVK:0.2290748898678414	LIIKVASI:0.7841409691629956	IDNDEYFK:0.20704845814977973	RIFMPRFG:0.23348017621145375	IKVASIPK:0.4669603524229075	FAKGVVET:0.2290748898678414	PKERIQVY:0.29515418502202645	HQLHEVIR:0.6167400881057269	HEVIRLSG:0.9955947136563876	QLHEVIRL:0.9955947136563876	GGQIRIFM:0.3788546255506608	KVASIPKE:0.4669603524229075	NERRHQLH:0.6123348017621145	QIRIFMPR:0.3568281938325991	IIKVASIP:0.5814977973568282	FIDNDEYF:0.23348017621145375	VVETVKKL:0.23788546255506607	RIQVYFID:0.3568281938325991	ERRHQLHE:0.6123348017621145	YFKRKATF:0.2026431718061674	PDIIHVHG:0.32599118942731276	YFIDNDEY:0.23348017621145375	GQIRIFMP:0.3920704845814978	VASIPKER:0.4669603524229075	VYFIDNDE:0.23788546255506607	SIPKERIQ:0.29515418502202645	DMPLIIKV:0.42290748898678415	IFMPRYGN:0.23788546255506607	MPLIIKVA:0.42290748898678415	SSEVVPYL:0.20704845814977973	RAIFFAKG:0.4008810572687225	MPRYGNIN:0.2290748898678414	AIFFAKGV:0.3876651982378855	DERAIFFA:0.45374449339207046	IRLSGMNL:0.6519823788546255	RLSGMNLV:0.32599118942731276	IRIFMPRY:0.2511013215859031	LDMPLIIK:0.2026431718061674	RYGNINER:0.2290748898678414	VSSEVVPY:0.2026431718061674	ERAIFFAK:0.3744493392070485	PRYGNINE:0.2290748898678414	NINERRHQ:0.3744493392070485	FMPRYGNI:0.2290748898678414	GNINERRH:0.3744493392070485	PDNDERAI:0.21145374449339208	RIFMPRYG:0.3568281938325991	DLDMPLII:0.2026431718061674	NDERAIFF:0.5242290748898678	DNDERAIF:0.5418502202643172	YGNINERR:0.2422907488986784	FIDNEEYF:0.2907488986784141	NEEYFKRK:0.2775330396475771	VKKLNWSP:0.20704845814977973	VYFIDNEE:0.28634361233480177	DNEEYFKR:0.2775330396475771	KKLNWSPD:0.20704845814977973	IDNEEYFK:0.2775330396475771	YFIDNEEY:0.2907488986784141	QVYFIDNE:0.5374449339207048	EEYFKRKA:0.21145374449339208	KRILYVSS:0.27312775330396477	RILYVSSE:0.21585903083700442	RMQVYFID:0.41409691629955947	LSGMNLII:0.2687224669603524	ILYVSSEV:0.2026431718061674	MQVYFIDN:0.4185022026431718	RLSGMNLI:0.27312775330396477	GVLETVKK:0.22466960352422907	ETVKKLRW:0.20704845814977973	VLETVKKL:0.22466960352422907	NQLHEVIR:0.22466960352422907	DHPLIIKV:0.28193832599118945	HPLIIKVA:0.28193832599118945	ERRNQLHE:0.22466960352422907	RRNQLHEV:0.22466960352422907	IIKVASIQ:0.2026431718061674	ARMQVYFI:0.20704845814977973	RNQLHEVI:0.22466960352422907	NERRNQLH:0.22026431718061673	VYFIDNED:0.2511013215859031	FIDNEDYF:0.22026431718061673	YFIDNEDY:0.22026431718061673	
