cluster number:17
GT5:49	GT5:49
QMYSLRYG:0.40816326530612246	SLFEPCGL:0.32653061224489793	EIQTPEFG:0.20408163265306123	MPSLFEPC:0.32653061224489793	PSLFEPCG:0.32653061224489793	YEPCGLNQ:0.2653061224489796	YGTLPIVR:0.40816326530612246	YSLRYGTL:0.42857142857142855	NQIYSLRY:0.32653061224489793	KTGGLADV:0.6326530612244898	QIYSLRYG:0.30612244897959184	CGLNQIYS:0.40816326530612246	PCGLNQIY:0.40816326530612246	SLRYGTLP:0.42857142857142855	LRYGTLPI:0.3877551020408163	RYGTLPIV:0.42857142857142855	GLNQIYSL:0.40816326530612246	IYSLRYGT:0.2653061224489796	TTVSPTYA:0.20408163265306123	EPCGLNQI:0.40816326530612246	LNQIYSLR:0.32653061224489793	DVRVVMPR:0.20408163265306123	IVRATGGL:0.4489795918367347	EGGLADVV:0.20408163265306123	SAFEPCGL:0.2653061224489796	PSAFEPCG:0.2653061224489796	GTLPIVRA:0.3877551020408163	RATGGLDD:0.42857142857142855	AFEPCGLN:0.24489795918367346	GGLADVVG:0.4897959183673469	TLPIVRAT:0.3469387755102041	VPFAKEGG:0.20408163265306123	LVKQKGID:0.20408163265306123	GILNGVDY:0.6326530612244898	RLVKQKGI:0.22448979591836735	MPSAFEPC:0.2653061224489796	PFAKEGGL:0.22448979591836735	KEGGLADV:0.20408163265306123	GLNQMYSL:0.46938775510204084	HDVRVVMP:0.20408163265306123	ATGGLDDS:0.24489795918367346	EPCGLNQM:0.4897959183673469	PIVRATGG:0.4489795918367347	DNDNRFIF:0.22448979591836735	NLLKGGIY:0.20408163265306123	ILNGVDYE:0.20408163265306123	GLDDSVEN:0.20408163265306123	NQMYSLRY:0.3877551020408163	TGGLDDSV:0.24489795918367346	FAKEGGLA:0.20408163265306123	LPIVRATG:0.3469387755102041	PCGLNQMY:0.4897959183673469	VRVVMPRY:0.20408163265306123	FEPCGLNQ:0.6326530612244898	AKEGGLAD:0.20408163265306123	GGLDDSVE:0.20408163265306123	MYSLRYGT:0.3877551020408163	CGLNQMYS:0.4897959183673469	VRATGGLD:0.42857142857142855	LNQMYSLR:0.3877551020408163	GHDVRVVM:0.20408163265306123	LFEPCGLN:0.30612244897959184	ILNGVDYD:0.20408163265306123	AHDWHTAA:0.20408163265306123	VNLLKGGI:0.22448979591836735	HAHDWHTA:0.22448979591836735	AKTGGLAD:0.3877551020408163	TGGLADVV:0.32653061224489793	TGGLADVA:0.22448979591836735	ATGGLEDT:0.20408163265306123	VSPTYARE:0.20408163265306123	TGGLEDTV:0.20408163265306123	TVSPTYAR:0.20408163265306123	PFAKTGGL:0.2653061224489796	FAKTGGLA:0.2653061224489796	ATGGLDDT:0.20408163265306123	ADVVGALP:0.2857142857142857	GLADVVGA:0.30612244897959184	LADVVGAL:0.2857142857142857	
