cluster number:18
GT5:298	GT5:298
TAMIPFLL:0.2953020134228188	GALPKSLV:0.28859060402684567	PFLLKEKY:0.3825503355704698	GDVIGALP:0.3859060402684564	PSAFEPCG:0.5201342281879194	SAFEPCGL:0.5033557046979866	QMMAMRYG:0.37919463087248323	SQMMAMRY:0.33221476510067116	MMAMRYGT:0.2785234899328859	DDGERFAY:0.22818791946308725	LHVHDYHT:0.3187919463087248	GLSQMMAM:0.4228187919463087	AMIPFLLK:0.29194630872483224	FEPCGLSQ:0.8456375838926175	TGGLGDVI:0.3825503355704698	GIVNGIDT:0.2181208053691275	IGALPKSL:0.3691275167785235	RVTTVSPS:0.30201342281879195	IPFLLKEK:0.32550335570469796	WDDGERFA:0.21476510067114093	HDYHTAMI:0.3422818791946309	LLKEKYHW:0.2080536912751678	MPSAFEPC:0.5201342281879194	HTAMIPFL:0.3523489932885906	DVIGALPK:0.37583892617449666	TIHNIEFQ:0.26174496644295303	TTVSPSYA:0.32550335570469796	CLNWMKAG:0.2080536912751678	YHTAMIPF:0.348993288590604	MIPFLLKE:0.3053691275167785	EPCGLSQM:0.8322147651006712	DGERFAYF:0.22818791946308725	ADRVTTVS:0.2684563758389262	LGDVIGAL:0.3859060402684564	CGLSQMMA:0.4161073825503356	FLMPSAFE:0.4697986577181208	AFEPCGLS:0.5033557046979866	LYADRVTT:0.26174496644295303	DRVTTVSP:0.31543624161073824	GLGDVIGA:0.3859060402684564	GGLGDVIG:0.3926174496644295	HVHDYHTA:0.31543624161073824	KLSANITF:0.2214765100671141	VIGALPKS:0.3691275167785235	VTFYFIDN:0.25838926174496646	PCGLSQMM:0.46308724832214765	GERFAYFQ:0.2214765100671141	VAAEGAPF:0.34563758389261745	FVAAEGAP:0.34563758389261745	LKEKYHWI:0.2080536912751678	LSANITFD:0.22818791946308725	YADRVTTV:0.26174496644295303	VHDYHTAM:0.31543624161073824	VTTVSPSY:0.3187919463087248	SRLTDQKG:0.21140939597315436	LSQMMAMR:0.33221476510067116	ALPKSLVK:0.28859060402684567	LMPSAFEP:0.4697986577181208	IHNIEFQG:0.2684563758389262	KTGGLGDV:0.8456375838926175	DYHTAMIP:0.3624161073825503	VSRLTDQK:0.2080536912751678	TFYFIDNQ:0.23154362416107382	TVLTIHNL:0.28859060402684567	AMRYGTLP:0.4161073825503356	LVHEVGGL:0.2483221476510067	GERFAFFQ:0.23825503355704697	VGGLRDTV:0.3221476510067114	MAMRYGTL:0.2483221476510067	SRLTRQKG:0.2348993288590604	QIVLLGTG:0.27181208053691275	SGIVNGID:0.3288590604026846	EVGGLRDT:0.22483221476510068	RYADGTLR:0.2080536912751678	ERYADGTL:0.2080536912751678	IHNLEFQG:0.21140939597315436	VSRLTRQK:0.22483221476510068	LFVAAEGA:0.2348993288590604	LPLVHEVG:0.2483221476510067	VLTIHNLE:0.20469798657718122	MPSRFEPC:0.2181208053691275	SRFEPCGL:0.2181208053691275	MRYGTLPL:0.2214765100671141	YGTLPLVH:0.23154362416107382	ADGTLRWN:0.2080536912751678	RFEPCGLS:0.2181208053691275	RYGTLPLV:0.2214765100671141	GTLPLVHE:0.21476510067114093	PLVHEVGG:0.2483221476510067	YADGTLRW:0.2080536912751678	LTIHNLEF:0.21140939597315436	PSRFEPCG:0.2181208053691275	VQIVLLGT:0.2181208053691275	DDGERFAF:0.33557046979865773	DGERFAFF:0.348993288590604	TIHNLEFQ:0.21140939597315436	KTVLTIHN:0.2483221476510067	DFSWDTAS:0.2214765100671141	IKTVLTIH:0.2483221476510067	GILYADRV:0.24496644295302014	SGILNGID:0.21140939597315436	NTVSPTYA:0.22818791946308725	YGTLPIVH:0.30201342281879195	VNTVSPTY:0.2080536912751678	KEKYHWIQ:0.2214765100671141	EKYHWIQA:0.20134228187919462	KYHWIQAY:0.20134228187919462	KLSGIVNG:0.2080536912751678	LSGIVNGI:0.2080536912751678	RYGTLPIV:0.24161073825503357	PFFKTGGL:0.20134228187919462	SQMIAMRY:0.26174496644295303	QMIAMRYG:0.25838926174496646	GLSQMIAM:0.2785234899328859	PCGLSQMI:0.3624161073825503	LSQMIAMR:0.2751677852348993	CGLSQMIA:0.29194630872483224	FIPDVLHV:0.21140939597315436	MRYGTLPI:0.2080536912751678	
