cluster number:27
GT5:204	GT5:204|GH0:1
PSRYEPCG:0.29901960784313725	SRYEPCGL:0.29901960784313725	LMPSRYEP:0.2549019607843137	FLMPSRYE:0.25	MPSRYEPC:0.28921568627450983	KTGGLGDV:0.3088235294117647	TGGLADTV:0.3333333333333333	IHNLAYQG:0.30392156862745096	IKTGGLAD:0.21568627450980393	TIHNLAYQ:0.28921568627450983	KTGGLADV:0.46568627450980393	FLMPSRFE:0.44607843137254904	QMYSLRYG:0.25980392156862747	TGGLADVS:0.21568627450980393	MPSRFEPC:0.5392156862745098	VFTIHNLA:0.21568627450980393	SRFEPCGL:0.5343137254901961	GLNQMYSL:0.35294117647058826	EPCGLNQM:0.5980392156862745	ITTVSPTY:0.23529411764705882	NQMYSLRY:0.25	FTIHNLAY:0.2647058823529412	PCGLNQMY:0.5931372549019608	FEPCGLNQ:0.5588235294117647	PSRFEPCG:0.5441176470588235	LMPSRFEP:0.45588235294117646	MYSLRYGT:0.24509803921568626	RFEPCGLN:0.5	CGLNQMYS:0.5637254901960784	TTVSPTYA:0.4852941176470588	LNQMYSLR:0.25	SPTYAREI:0.35784313725490197	VSPTYARE:0.35784313725490197	TVSPTYAR:0.3480392156862745	YEPCGLNQ:0.2549019607843137	GILNGIDT:0.20098039215686275	PTYAREIQ:0.2696078431372549	PLIKTGGL:0.21568627450980393	LIKTGGLA:0.20098039215686275	TYAREIQT:0.20588235294117646	
