cluster number:13
GT5:83	GT5:83
ADFLLMPS:0.6746987951807228	PSRVEPCG:0.9518072289156626	IIHCHDHH:0.20481927710843373	PCGLNQLY:0.25301204819277107	LLMPSRVE:0.8072289156626506	FLLMPSRV:0.7710843373493976	KVGGLADV:0.6867469879518072	TGGLKDTV:0.37349397590361444	GADFLLMP:0.40963855421686746	AGADFLLM:0.37349397590361444	DFLLMPSR:0.7831325301204819	ECYPVAKV:0.4578313253012048	EPCGLNQL:0.26506024096385544	AKVGGLAD:0.6867469879518072	LMPSRVEP:0.8795180722891566	YPVAKVGG:0.4578313253012048	PVAKVGGL:0.4939759036144578	RVEPCGLN:0.9518072289156626	MPSRVEPC:0.9397590361445783	CYPVAKVG:0.4578313253012048	YAGADFLL:0.37349397590361444	AECYPVAK:0.30120481927710846	SRVEPCGL:0.9518072289156626	VEPCGLNQ:0.9518072289156626	VAKVGGLA:0.4578313253012048	NGIDTEVW:0.25301204819277107	GLNQMYAL:0.21686746987951808	IYAGADFL:0.24096385542168675	IHCHDHHT:0.30120481927710846	IGRLVGEK:0.2891566265060241	NQMYALRY:0.21686746987951808	LFAFIGRL:0.21686746987951808	SAECYPVA:0.25301204819277107	HDHHTGLI:0.30120481927710846	HCHDHHTG:0.3855421686746988	GGLADVVG:0.6987951807228916	FAFIGRLV:0.21686746987951808	VGILNGID:0.21686746987951808	CGLNQMYA:0.3253012048192771	HHTGLIPF:0.30120481927710846	EKGADLLP:0.3493975903614458	DVVGALPK:0.8795180722891566	LNQMYALR:0.21686746987951808	PLFAFIGR:0.3253012048192771	FIGRLVGE:0.2891566265060241	DHHTGLIP:0.30120481927710846	HTGLIPFM:0.27710843373493976	VGGLADVV:0.6626506024096386	GLKDTVID:0.25301204819277107	EPCGLNQM:0.7108433734939759	RYGTIPIV:0.2891566265060241	PCGLNQMY:0.7108433734939759	QMYALRYG:0.21686746987951808	ADVVGALP:0.6867469879518072	VTTVSPSY:0.37349397590361444	YGTIPIVR:0.26506024096385544	GRLVGEKG:0.21686746987951808	GLADVVGA:0.6867469879518072	CHDHHTGL:0.3855421686746988	VVGALPKY:0.8795180722891566	LRYGTIPI:0.21686746987951808	GGLKDTVI:0.25301204819277107	LADVVGAL:0.6867469879518072	CYPIAKVG:0.26506024096385544	IHNAQYQG:0.43373493975903615	HNAQYQGW:0.24096385542168675	ECYPIAKV:0.26506024096385544	TTVSPSYM:0.24096385542168675	GALPKYQN:0.5421686746987951	YPIAKVGG:0.26506024096385544	PIAKVGGL:0.30120481927710846	VSPSYMEE:0.2289156626506024	HISAECYP:0.27710843373493976	TIHNAQYQ:0.3493975903614458	GILNGIDT:0.2289156626506024	SAECYPIA:0.2289156626506024	SPSYMEEL:0.2289156626506024	VGALPKYQ:0.7831325301204819	AECYPIAK:0.2289156626506024	CGLNQMYS:0.39759036144578314	TVSPSYME:0.2289156626506024	PSYMEELK:0.20481927710843373	QMYSMRYG:0.2289156626506024	GVKTIGTI:0.21686746987951808	KVVMPWYN:0.20481927710843373	AKVVMPWY:0.20481927710843373	GLNQMYSM:0.2289156626506024	TIGTIHNG:0.21686746987951808	MYSMRYGT:0.2289156626506024	LNQMYSMR:0.2289156626506024	KTIGTIHN:0.21686746987951808	IINGIDTE:0.24096385542168675	VVMPWYNK:0.21686746987951808	AYGIINGI:0.21686746987951808	VKTIGTIH:0.21686746987951808	KGVKTIGT:0.20481927710843373	NQMYSMRY:0.2289156626506024	YGIINGID:0.21686746987951808	SADFLLMP:0.2289156626506024	KAYGIING:0.21686746987951808	SEGYLEEL:0.20481927710843373	LKGVKTIG:0.20481927710843373	GIINGIDT:0.26506024096385544	VSEGYLEE:0.20481927710843373	HTGLVPFM:0.21686746987951808	AAAIKCAW:0.20481927710843373	GGLGDVVG:0.20481927710843373	IGGLKDTV:0.25301204819277107	LTIHNAQY:0.24096385542168675	
