cluster number:32
GT5:659	GT5:659|GH13:1|2.4.1.21:1
HDWHTGMI:0.2336874051593323	HCHDWHTG:0.2746585735963581	SRFEPCGI:0.24430955993930198	TVFTIHNL:0.33839150227617604	DWHTGMIP:0.2473444613050076	PSRFEPCG:0.3520485584218513	CHDWHTGM:0.26707132018209406	PIVRETGG:0.5068285280728376	GEGNGFSF:0.2473444613050076	RETGGLKD:0.2503793626707132	TGEGNGFS:0.2321699544764795	IVRETGGL:0.5068285280728376	KTGGLADV:0.30349013657056145	ETGGLKDT:0.24430955993930198	VRETGGLK:0.2488619119878604	PFIKTGGL:0.2291350531107739	MPSLFEPC:0.30045523520485584	LMPSLFEP:0.2898330804248862	FLMPSLFE:0.2852807283763278	PSLFEPCG:0.30804248861911987	GWRNQYCG:0.20637329286798178	PCGLGQLI:0.2928679817905918	DNEYYFKR:0.26707132018209406	TIHNLQFQ:0.24127465857359637	GGLADVAG:0.3338391502276176	SLFEPCGL:0.25796661608497723	FEPCGLGQ:0.3292867981790592	TGGLNDTV:0.2488619119878604	IPIVRETG:0.34294385432473445	VRETGGLN:0.2503793626707132	IHNLQFQG:0.23975720789074356	CGLGQLIA:0.2852807283763278	EPCGLGQL:0.30045523520485584	KSGGLADV:0.2503793626707132	RETGGLND:0.2503793626707132	ETGGLNDT:0.2503793626707132	SGGLADVA:0.23823975720789076	FIDNEYYF:0.21396054628224584	FEPCGISQ:0.291350531107739	YFIDNEYY:0.20030349013657056	YGTIPIVR:0.20333839150227617	GIVNGIDT:0.23672230652503792	SDLFLMPS:0.2291350531107739	ADVAGALP:0.23520485584218512	GLADVAGA:0.23520485584218512	IDNEYYFK:0.20485584218512898	GLGQLIAL:0.25796661608497723	DVAGALPK:0.25796661608497723	LADVAGAL:0.23520485584218512	FLMPSRFE:0.283763277693475	MPSRFEPC:0.3338391502276176	LMPSRFEP:0.3201820940819423	RFEPCGIS:0.21699544764795145	
