cluster number:5
GT91:11	GT91:11|2.4.1.-:1
KSVLIPNS:0.7272727272727273	WAPFFDED:0.2727272727272727	TGEYPIIR:0.2727272727272727	KNWAPFFD:0.5454545454545454	FGIARSHD:0.2727272727272727	GKSVLIPN:0.5454545454545454	EKNWAPFF:0.5454545454545454	REYWFGIA:0.2727272727272727	TLDYVSSL:0.36363636363636365	DGKSVLIP:0.5454545454545454	LGADDPRV:0.2727272727272727	SVLIPNSI:0.5454545454545454	YKFCGSAV:0.2727272727272727	CGSAVWMD:0.2727272727272727	WYKFCGSA:0.2727272727272727	FCGSAVWM:0.2727272727272727	IEKNWAPF:0.2727272727272727	YWFGIARS:0.6363636363636364	EYWFGIAR:0.2727272727272727	KWYKFCGS:0.2727272727272727	NWAPFFDE:0.2727272727272727	KFCGSAVW:0.45454545454545453	WFGIARSH:0.6363636363636364	SSINFVYS:0.2727272727272727	VLIPNSIA:0.5454545454545454	NSIAYWDV:0.2727272727272727	PNSIAYWD:0.5454545454545454	FNINPEPW:0.2727272727272727	TFSEADRT:0.36363636363636365	IPNSIAYW:0.5454545454545454	VYFMVNRI:0.36363636363636365	DFNINPEP:0.2727272727272727	SEADRTNK:0.36363636363636365	LIPNSIAY:0.5454545454545454	IYNFNPLR:0.36363636363636365	EKNWAPFM:0.2727272727272727	YNFNPLRV:0.2727272727272727	QEPVIIFN:0.2727272727272727	FIYNFNPL:0.36363636363636365	KNWAPFMD:0.2727272727272727	GQVFDKNW:0.36363636363636365	FSEADRTN:0.36363636363636365	REKNWAPF:0.36363636363636365	KYWFGIAR:0.36363636363636365	LRGGTNLV:0.36363636363636365	RKYWFGIA:0.36363636363636365	
