cluster number:6
GT91:12	GT91:12
DWNELIGK:0.25	EILKCSLN:0.5833333333333334	PLEILKCS:0.6666666666666666	IRAQAFDK:0.3333333333333333	RAQAFDKD:0.25	AFDKDWNE:0.25	LEILKCSL:0.6666666666666666	KDWNELIG:0.25	LKCSLNDG:0.5833333333333334	AQAFDKDW:0.25	DKDWNELI:0.25	SPLEILKC:0.3333333333333333	QAFDKDWN:0.25	ILKCSLND:0.5833333333333334	GPEDPHVI:0.5	QIWVGFPK:0.4166666666666667	KQIWVGFP:0.4166666666666667	VFEAKTLD:0.25	MDVLSWDQ:0.25	SNGVYHQE:0.25	FGGSSVWL:0.25	IDFDMDVL:0.25	RFGGSSVW:0.25	DQKGTHCG:0.25	YRPMLSLL:0.25	NGVYHQEL:0.25	FSPLEILK:0.25	LVESNGVY:0.25	EKNWAPFF:0.3333333333333333	KNWAPFFH:0.25	TYPTVLDI:0.4166666666666667	FEAKTLDL:0.25	DMDVLSWD:0.25	DVLSWDQK:0.25	ESNGVYHQ:0.25	GYVSNLDL:0.25	SWDQKGTH:0.25	LSWDQKGT:0.25	WDQKGTHC:0.25	QKGTHCGQ:0.25	ITYPTVLD:0.3333333333333333	YVSNLDLK:0.25	EAKTLDLS:0.25	FDMDVLSW:0.25	VLSWDQKG:0.25	DFDMDVLS:0.25	FYRPMLSL:0.25	FSRGSIHF:0.25	RGSIHFIY:0.25	SRGSIHFI:0.25	
