cluster number:7
CBM67:12	CBM67:12|GH78:12|CBM32:2|CBM13:1
YYGFWNYY:0.25	NHAWSGGP:0.3333333333333333	GYYGFWNY:0.25	SPYMEKYV:0.4166666666666667	NIRFDARK:0.25	AQWWGDEV:0.25	AVDSKYWL:0.5	YTTLFEGW:0.4166666666666667	DSKYWLWI:0.5833333333333334	ASPYMEKY:0.4166666666666667	KYRETGYN:0.25	LKYRETGY:0.4166666666666667	IGYYGFWN:0.25	TYYDEVDL:0.25	KYWLWING:0.25	ESNIRFDA:0.3333333333333333	HAWSGGPL:0.3333333333333333	RAQWWGDE:0.25	IAVDSKYW:0.5	SKYWLWIN:0.5833333333333334	SIGYYGFW:0.25	SNIRFDAR:0.3333333333333333	ERAQWWGD:0.75	RERAQWWG:0.75	VDSKYWLW:0.3333333333333333	DTYYDEVD:0.4166666666666667	KRPIPLWK:0.25	GLKRGPNP:0.3333333333333333	RDTYMDCP:0.25	MRDTYMDC:0.25	AADSKYWL:0.25	VTMRDTYM:0.25	KYWLWIND:0.25	YVTMRDTY:0.25	VKYRETGY:0.25	DVKYRETG:0.25	TMRDTYMD:0.25	GGLKRGPN:0.4166666666666667	YDEVDIAP:0.25	LVKRPIPL:0.25	KYRETGYD:0.4166666666666667	EVDIAPYL:0.25	DEVDIAPY:0.25	ALAVVAGL:0.25	RTLYVTMR:0.3333333333333333	IAADSKYW:0.25	FEGGLKRG:0.6666666666666666	LAVVAGLA:0.25	LVVFEGGL:0.4166666666666667	LYVTMRDT:0.25	TYYDEVDI:0.25	ADSKYWLW:0.25	VKRPIPLW:0.25	EGGLKRGP:0.75	VFEGGLKR:0.5833333333333334	VVFEGGLK:0.5	TLYVTMRD:0.3333333333333333	YYDEVDIA:0.25	KGETDDRS:0.3333333333333333	HASPYMEK:0.4166666666666667	NVRAEYIT:0.25	GWGIGAEG:0.3333333333333333	MDCPDRER:0.5	CPDRERAQ:0.5	WGIGAEGF:0.25	INHAWSGG:0.25	YKGETDDR:0.3333333333333333	TTLFEGWG:0.3333333333333333	PDRERAQW:0.5	GEAFYALS:0.25	TLYITMRD:0.25	GPLTLLSQ:0.25	FGKDGFSH:0.25	EKYVLEAL:0.3333333333333333	EYHASPYM:0.25	TDDRSQAM:0.25	TLFEGWGI:0.3333333333333333	IGAEGFGG:0.25	YMEKYVLE:0.25	AWSGGPLT:0.25	LPLQMLAS:0.25	GAEGFGGG:0.25	VNELGEAF:0.25	SGGPLTLL:0.25	GWYGFYTQ:0.25	DCPDRERA:0.5	KYVLEALF:0.3333333333333333	GETDDRSQ:0.3333333333333333	CWYYLALK:0.25	GIGAEGFG:0.25	LFEGWGIG:0.3333333333333333	YHASPYME:0.25	NELGEAFY:0.25	WSGGPLTL:0.25	KEYHASPY:0.25	RDNYMDCP:0.25	TMRDNYMD:0.25	YYLALKAE:0.25	GGPLTLLS:0.25	FEGWGIGA:0.25	ETDDRSQA:0.25	MEKYVLEA:0.25	YMDCPDRE:0.3333333333333333	ELPLQMLA:0.25	WYYLALKA:0.25	RTLYITMR:0.25	DDRSQAMA:0.25	DRERAQWW:0.4166666666666667	MRDNYMDC:0.25	NCWYYLAL:0.25	LYITMRDN:0.25	EGWGIGAE:0.3333333333333333	PYMEKYVL:0.25	RAQWWGDV:0.4166666666666667	YRETGYDT:0.3333333333333333	AQWWGDVV:0.4166666666666667	LDLKYRET:0.25	RETGYDTE:0.3333333333333333	ETGYDTEF:0.3333333333333333	RIAVDSKY:0.25	PNYRLSES:0.25	NYRLSESN:0.25	QWWGDVVN:0.25	
