cluster number:56
CE1:13	CE1:13
GFAAKLAC:0.23076923076923078	TGMSNGGG:0.46153846153846156	GGGFAAKL:0.23076923076923078	MSNGGGFA:0.23076923076923078	RIYATGMS:0.5384615384615384	GMSNGGGF:0.6153846153846154	DGGHTWPG:0.23076923076923078	YATGMSNG:0.46153846153846156	ATGMSNGG:0.46153846153846156	GGHTWPGD:0.23076923076923078	SNGGGFAA:0.23076923076923078	SRIYATGM:0.23076923076923078	IYATGMSN:0.46153846153846156	AWEGAPYA:0.46153846153846156	NGGGFAAK:0.23076923076923078	GGFAAKLA:0.23076923076923078	AAGMSNGG:0.46153846153846156	IYAAGMSN:0.46153846153846156	ASVAGAYY:0.23076923076923078	AGMSNGGG:0.38461538461538464	GMSNGGGM:0.23076923076923078	RIYAAGMS:0.46153846153846156	YAAGMSNG:0.46153846153846156	GTPYLGAM:0.23076923076923078	RRSNAVTA:0.23076923076923078	RSNAVTAT:0.23076923076923078	NRIYATGM:0.23076923076923078	NAWEGAPY:0.23076923076923078	MSNGGGFV:0.38461538461538464	
