cluster number:32
CE1:57	CE1:57
LSIKQMVD:0.543859649122807	EALSIKQM:0.5964912280701754	CFNWFEPG:0.2631578947368421	ALSIKQMV:0.5263157894736842	WTNVHGID:0.24561403508771928	GEALSIKQ:0.5964912280701754	QVTGFGSN:0.3157894736842105	GFGSNPGN:0.5087719298245614	FGSNPGNL:0.7368421052631579	FNWFEPGD:0.2631578947368421	PANAPLVV:0.21052631578947367	TQVTGFGS:0.2807017543859649	QWTNVHGI:0.24561403508771928	TGFGSNPG:0.45614035087719296	LTQVTGFG:0.2982456140350877	VTGFGSNP:0.43859649122807015	CVTASNYA:0.38596491228070173	VYVSGLSA:0.2631578947368421	RVYVSGLS:0.2807017543859649	AFSCMNPG:0.21052631578947367	QRMGLYNT:0.2631578947368421	YPDVFAGG:0.22807017543859648	AVVLLHGC:0.3684210526315789	VTASNYAH:0.38596491228070173	LAMYAYRP:0.2807017543859649	TASNYAHV:0.3508771929824561	GDTARGQG:0.2631578947368421	NLAMYAYR:0.2631578947368421	RVSGMGHG:0.2631578947368421	SRDQWTNV:0.3684210526315789	AMYAYRPD:0.2807017543859649	DTARGQGE:0.2631578947368421	TESRDQWT:0.21052631578947367	SGMGHGTP:0.3684210526315789	ARGQGEAL:0.2807017543859649	YVSGLSAG:0.2982456140350877	GSNPGNLA:0.2631578947368421	NPGNLAMY:0.2982456140350877	VSGMGHGT:0.3508771929824561	LSAGGAMA:0.21052631578947367	SGLSAGGA:0.43859649122807015	YRVSGMGH:0.2631578947368421	AAYFLDTI:0.21052631578947367	VSGLSAGG:0.40350877192982454	PGNLAMYA:0.2631578947368421	RMGLYNTF:0.2631578947368421	TARGQGEA:0.2631578947368421	APAVVLLH:0.2982456140350877	SNPGNLAM:0.2631578947368421	GLSAGGAM:0.5789473684210527	ESRDQWTN:0.3333333333333333	AYFLDTIC:0.3333333333333333	NWFETGDT:0.21052631578947367	YFLDTICS:0.40350877192982454	FNWFETGD:0.21052631578947367	GNLAMYAY:0.2631578947368421	PAVVLLHG:0.3684210526315789	CFNWFETG:0.21052631578947367	RGQGEALS:0.49122807017543857	RDQWTNVL:0.24561403508771928	GHGTPVDP:0.5263157894736842	AGIPYRCA:0.2982456140350877	LSAGGAMS:0.21052631578947367	LDTICSTY:0.2807017543859649	GTSLEVYG:0.21052631578947367	PRVAIWHG:0.3157894736842105	SGWQKYAD:0.24561403508771928	NSGWQKYA:0.24561403508771928	QCGTAGAY:0.21052631578947367	GYAYALGS:0.24561403508771928	HGTPVDPG:0.45614035087719296	YQSGGYAY:0.24561403508771928	RPRVAIWH:0.2631578947368421	GIPYRCAT:0.2631578947368421	MGLYNTFY:0.2631578947368421	GRAYQSGG:0.2631578947368421	QWTNVLGV:0.22807017543859648	DQWTNVLG:0.24561403508771928	FLDTICST:0.2807017543859649	QGEALSIK:0.40350877192982454	GMGHGTPV:0.543859649122807	DTICSTYR:0.24561403508771928	MGHGTPVD:0.5263157894736842	AGRAYQSG:0.2631578947368421	GLYNTFYT:0.22807017543859648	ICSTYRDA:0.24561403508771928	RAYQSGGY:0.2631578947368421	GQGEALSI:0.42105263157894735	QSGGYAYA:0.22807017543859648	AYQSGGYA:0.24561403508771928	TICSTYRD:0.24561403508771928	IPYRCATS:0.22807017543859648	RVAIWHGT:0.3157894736842105	WTNVLGVS:0.22807017543859648	TYPDVFAA:0.3333333333333333	VVLLHGCT:0.2807017543859649	YPDVFAAG:0.3333333333333333	LHGCTQNA:0.2982456140350877	RDALFFGL:0.24561403508771928	LLHGCTQN:0.24561403508771928	VLLHGCTQ:0.2807017543859649	YRDALFFG:0.24561403508771928	GTPVDPGS:0.3333333333333333	MLATYPDV:0.42105263157894735	LATYPDVF:0.43859649122807015	ATYPDVFA:0.42105263157894735	PDVFAAGS:0.2982456140350877	VMLATYPD:0.3684210526315789	AVMLATYP:0.3333333333333333	
