cluster number:17
CE1:88	CE1:88
GLSMGATA:0.2727272727272727	SPAMGRNI:0.2159090909090909	LYLLDGLR:0.3181818181818182	PRRFENDP:0.42045454545454547	LSMGATAA:0.2727272727272727	VGGAGSFY:0.45454545454545453	AGLYLLDG:0.4318181818181818	GSFYADWN:0.20454545454545456	GAGSFYAD:0.29545454545454547	LLDAGGFN:0.25	PVGGAGSF:0.45454545454545453	YLLDGLRA:0.375	LLDGLRAT:0.2840909090909091	TDVYISAA:0.2159090909090909	RDWLRPDA:0.25	GVARNNNS:0.375	GGNAGLYL:0.4090909090909091	AGSFYADW:0.29545454545454547	HNITLVMP:0.3522727272727273	NSIAGLSM:0.3977272727272727	WVQRCDVW:0.4431818181818182	GGAGSFYA:0.29545454545454547	WETFLTSE:0.2727272727272727	TFLTSELP:0.2727272727272727	LVMPVGGA:0.5340909090909091	RNIPVQIQ:0.2159090909090909	ITLVMPVG:0.7272727272727273	MPVGGAGS:0.45454545454545453	GRNIPVQI:0.22727272727272727	DWLRPDAT:0.23863636363636365	RRFENDPF:0.38636363636363635	TLVMPVGG:0.7954545454545454	ALLDAGGF:0.25	SIAGLSMG:0.3977272727272727	MGRNIPVQ:0.2159090909090909	VMPVGGAG:0.4318181818181818	YQWETFLT:0.20454545454545456	NAGLYLLD:0.42045454545454547	GNAGLYLL:0.42045454545454547	AANRDWLR:0.3409090909090909	WLRPDATG:0.2727272727272727	GLYLLDGL:0.26136363636363635	NIPVQIQP:0.2159090909090909	NPRRFEND:0.23863636363636365	NITLVMPV:0.7272727272727273	ETFLTSEL:0.2727272727272727	QRCDVWSP:0.20454545454545456	VQRCDVWS:0.4659090909090909	VARNNNSI:0.32954545454545453	AMGRNIPV:0.22727272727272727	FGVARNNN:0.38636363636363635	NRDWLRPD:0.22727272727272727	NTDVYISA:0.22727272727272727	NFGVARNN:0.25	NNSIAGLS:0.38636363636363635	IPVQIQPA:0.2727272727272727	TFLTQELP:0.3409090909090909	FLTQELPA:0.26136363636363635	RGGNAGLY:0.3068181818181818	TQELPAYL:0.26136363636363635	GLSMGGTA:0.5568181818181818	TAALNLAA:0.26136363636363635	WETFLTQE:0.3522727272727273	AGLSMGGT:0.3409090909090909	IAGLSMGG:0.3522727272727273	GTAALNLA:0.25	ETFLTQEL:0.36363636363636365	GGFNVNAM:0.2159090909090909	NVNAMYGS:0.20454545454545456	GFNVNAMY:0.2159090909090909	LTQELPAY:0.26136363636363635	GGTAALNL:0.26136363636363635	QELPAYLE:0.26136363636363635	YWVQRCDV:0.32954545454545453	SMGGTAAL:0.29545454545454547	NAMYGSII:0.2159090909090909	MGGTAALN:0.2727272727272727	LSMGGTAA:0.5568181818181818	FNVNAMYG:0.2159090909090909	RVLDVMNA:0.25	VLDVMNAW:0.22727272727272727	FWVQRCDV:0.23863636363636365	VGFWVQRC:0.25	NNITLVMP:0.22727272727272727	GFWVQRCD:0.22727272727272727	GAGSFYTD:0.20454545454545456	GGAGSFYT:0.20454545454545456	TAAMNLAA:0.3068181818181818	AGSFYTDW:0.20454545454545456	RGGNAALY:0.23863636363636365	FRQVLSYS:0.22727272727272727	GNAALYLL:0.2159090909090909	YLLDGARA:0.20454545454545456	KDVYVSAA:0.20454545454545456	SMGATAAM:0.20454545454545456	VYVSAASG:0.29545454545454547	QVLSYSGY:0.22727272727272727	NAALYLLD:0.2159090909090909	MGATAAMN:0.20454545454545456	QFRQVLSY:0.22727272727272727	VLSYSGYL:0.22727272727272727	RQVLSYSG:0.22727272727272727	ATAAMNLA:0.20454545454545456	DVYVSAAS:0.29545454545454547	HFGVARNN:0.20454545454545456	AALYLLDG:0.2159090909090909	GGNAALYL:0.2159090909090909	GKDVYVSA:0.22727272727272727	GATAAMNL:0.20454545454545456	YKWETFLT:0.2159090909090909	
