cluster number:27
CE1:216	CE1:216
GGGEDSAT:0.25	NGAGGGED:0.5277777777777778	RPTLYLLN:0.38425925925925924	HSWGYWQD:0.4675925925925926	SWGYWQDD:0.3425925925925926	GAGGGEDS:0.2916666666666667	LYLLNGAG:0.5601851851851852	PRPTLYLL:0.38425925925925924	GTHSWGYW:0.7592592592592593	WGYWQDDL:0.3472222222222222	LLNGAGGG:0.6018518518518519	PTLYLLNG:0.49537037037037035	AGGGEDSA:0.2916666666666667	TLYLLNGA:0.44907407407407407	LNGAGGGE:0.5138888888888888	THSWGYWQ:0.49537037037037035	VAAYSGCA:0.21296296296296297	GGEDSATW:0.25	YLLNGAGG:0.5972222222222222	PTGTHSWG:0.2037037037037037	TGTHSWGY:0.2824074074074074	VNAEKLRG:0.24074074074074073	GYWQDDLH:0.2777777777777778	TSVLNLAI:0.2777777777777778	NAEKLRGT:0.24074074074074073	AFSYYTDW:0.375	KNVNVVTP:0.23148148148148148	GAFSYYTD:0.375	DKNVNVVT:0.20833333333333334	NKWTTFLT:0.2175925925925926	
