cluster number:16
CE1:29	CE1:29
GFVLLYPQ:0.3103448275862069	GFGHGLPV:0.2413793103448276	ARDRGELM:0.3793103448275862	LHGCRQTP:0.5862068965517241	NNPQRCFN:0.20689655172413793	RDAMSALR:0.4482758620689655	RCFNWFRP:0.3448275862068966	DRGELMSV:0.2413793103448276	CFNWFRPS:0.8620689655172413	FGSNPGRL:0.6896551724137931	FNWFRPSA:0.5172413793103449	MSVRQMIE:0.2413793103448276	AMSALRAM:0.4482758620689655	MSALRAMK:0.4482758620689655	AGLSAGGA:0.4827586206896552	HRIDRSRI:0.3448275862068966	RIDRSRIY:0.20689655172413793	ELMSVRQM:0.2413793103448276	RHRIDRSR:0.3103448275862069	GLSAGGAL:0.20689655172413793	TYPGLFAG:0.20689655172413793	ARDAMSAL:0.4482758620689655	LMSVRQMI:0.2413793103448276	DAMSALRA:0.4482758620689655	ALRAMKSG:0.5517241379310345	HGCRQTPE:0.5862068965517241	QRCFNWFR:0.3448275862068966	FGHGLPVR:0.2413793103448276	GFGSNPGR:0.3103448275862069	SALRAMKS:0.5517241379310345	PQRCFNWF:0.20689655172413793	ATYPGLFA:0.20689655172413793	FVLLYPQQ:0.3103448275862069	GAARDAMS:0.3103448275862069	NPQRCFNW:0.20689655172413793	AARDAMSA:0.3103448275862069	RGELMSVR:0.2413793103448276	GELMSVRQ:0.2413793103448276	RDRGELMS:0.3793103448275862	VLLYPEQR:0.2413793103448276	RPSAVARD:0.3103448275862069	NWFRPSAV:0.3448275862068966	PSAVARDR:0.3103448275862069	NLCFNWFR:0.2413793103448276	FVLLYPEQ:0.27586206896551724	SAVARDRG:0.3103448275862069	AVARDRGE:0.3793103448275862	VARDRGEL:0.2413793103448276	FRPSAVAR:0.3103448275862069	WFRPSAVA:0.3103448275862069	SALLATYP:0.20689655172413793	GFVLLYPE:0.2413793103448276	LCFNWFRP:0.2413793103448276	PAKPPLVV:0.20689655172413793	YIAGLSAG:0.27586206896551724	GCRQTPES:0.4482758620689655	IAGLSAGG:0.41379310344827586	RGFVLLYP:0.3448275862068966	KERGFVLL:0.20689655172413793	TPESLDAA:0.2413793103448276	ERGFVLLY:0.20689655172413793	LRAMKSGA:0.3103448275862069	AKERGFVL:0.20689655172413793	QTPESLDA:0.2413793103448276	LAKERGFV:0.20689655172413793	PALVVVLH:0.3103448275862069	AFGSNPGR:0.3448275862068966	RAMKSGAT:0.20689655172413793	VLHGCRQT:0.3448275862068966	MKSGATPP:0.20689655172413793	LSAGGAMT:0.41379310344827586	VVVLHGCR:0.3448275862068966	CRQTPESL:0.3448275862068966	LVVVLHGC:0.5862068965517241	RQTPESLD:0.3448275862068966	GLSAGGAM:0.6206896551724138	ALVVVLHG:0.3103448275862069	AMKSGATP:0.20689655172413793	VVLHGCRQ:0.3448275862068966	GSNPGRLV:0.2413793103448276	ARDRGEVL:0.2413793103448276	DAASGFSR:0.20689655172413793	SNPGRLVM:0.2413793103448276	VARDRGEV:0.27586206896551724	RDRGEVLS:0.2413793103448276	ASGFSRLA:0.2413793103448276	AASGFSRL:0.20689655172413793	DRTVNPAN:0.20689655172413793	SAGGAMTG:0.20689655172413793	RTVNPANA:0.20689655172413793	NPGRLVMK:0.2413793103448276	RSRIYIAG:0.20689655172413793	SRIYIAGL:0.20689655172413793	IYIAGLSA:0.20689655172413793	RIYIAGLS:0.20689655172413793	PLVVVLHG:0.2413793103448276	LPFGAARD:0.20689655172413793	PFGAARDA:0.20689655172413793	GLPFGAAR:0.20689655172413793	
