cluster number:33
CE11:78	CE11:78
DALGDLAL:0.2692307692307692	RHKMLDAL:0.7435897435897436	ALGDLALA:0.2692307692307692	DLALAGAP:0.3717948717948718	GLALGGTY:0.21794871794871795	LGDLALAG:0.2692307692307692	LCDSRTFC:0.5256410256410257	HKMLDALG:0.7435897435897436	ILDGSAAP:0.2692307692307692	ELCDSRTF:0.5256410256410257	LAGAPILG:0.20512820512820512	VRHKMLDA:0.9102564102564102	PILDGSAA:0.34615384615384615	AVRHKMLD:0.38461538461538464	VRELCDSR:0.28205128205128205	MLDALGDL:0.7435897435897436	NAVVVDGD:0.38461538461538464	LDALGDLA:0.28205128205128205	CDSRTFCR:0.5128205128205128	RELCDSRT:0.5128205128205128	KMLDALGD:0.7435897435897436	LDGSAAPF:0.2692307692307692	EAVRHKML:0.38461538461538464	DGSAAPFV:0.3076923076923077	DEAVRHKM:0.38461538461538464	GDLALAGA:0.3974358974358974	FVRELCDS:0.28205128205128205	EPVRHKML:0.5256410256410257	DGVGLHSG:0.20512820512820512	TVEHIMAA:0.20512820512820512	HIMAALAG:0.3333333333333333	ALAGCGIH:0.32051282051282054	FDGVGLHS:0.20512820512820512	LRHADEPV:0.20512820512820512	IMAALAGC:0.2692307692307692	MAALAGCG:0.5897435897435898	AALAGCGI:0.34615384615384615	MQANGLAL:0.2564102564102564	IDGPEVPI:0.44871794871794873	AGCGIHNA:0.2948717948717949	RHADEPVR:0.20512820512820512	RAGHSLTN:0.21794871794871795	HADEPVRH:0.20512820512820512	ARELCDSR:0.23076923076923078	GLRHADEP:0.20512820512820512	ADEPVRHK:0.3076923076923077	HSLTNTLL:0.20512820512820512	QANGLALG:0.2564102564102564	EHIMAALA:0.3333333333333333	STVEHIMA:0.20512820512820512	FARELCDS:0.23076923076923078	PVRHKMLD:0.5256410256410257	LAGCGIHN:0.32051282051282054	AGHSLTNT:0.20512820512820512	SLTNTLLR:0.20512820512820512	VEHIMAAL:0.20512820512820512	GHSLTNTL:0.20512820512820512	DEPVRHKM:0.5256410256410257	ANGLALGG:0.4358974358974359	HVMAALAG:0.3333333333333333	LSPGGLRH:0.46153846153846156	EHVMAALA:0.34615384615384615	GPEVPILD:0.48717948717948717	PEVPILDG:0.48717948717948717	VEHVMAAL:0.2564102564102564	EVPILDGS:0.5641025641025641	VPILDGSS:0.2564102564102564	ANGAFVRE:0.3076923076923077	KVLSPGGL:0.20512820512820512	STVEHVMA:0.24358974358974358	TVEHVMAA:0.28205128205128205	VSTVEHVM:0.21794871794871795	NGAFVREL:0.3333333333333333	LALAGAPL:0.20512820512820512	MANGAFVR:0.2564102564102564	VLSPGGLR:0.41025641025641024	SRTFCRQA:0.20512820512820512	AGAPILGR:0.20512820512820512	DSRTFCRQ:0.38461538461538464	VPILDGSA:0.3076923076923077	LDALGDLY:0.2564102564102564	NRLLRALF:0.20512820512820512	DGPEVPIL:0.41025641025641024	RTFCRQAD:0.20512820512820512	VMAALAGC:0.24358974358974358	TFCRQADV:0.20512820512820512	EIDGPEVP:0.38461538461538464	GVGLHSGA:0.23076923076923078	NALIEIDG:0.32051282051282054	ENAVVVDG:0.28205128205128205	ALIEIDGP:0.3076923076923077	NGLALGGT:0.32051282051282054	HNALIEID:0.3076923076923077	LIEIDGPE:0.3076923076923077	IEIDGPEV:0.2948717948717949	RAGHALTN:0.20512820512820512	AGCGVHNA:0.20512820512820512	GCGVHNAL:0.23076923076923078	AALAGCGV:0.24358974358974358	
