cluster number:5
GT56:6	GT56:6|GT2:1|GT4:1
IICPLSYG:0.6666666666666666	ASKMGEAA:0.3333333333333333	YDNVEILY:0.3333333333333333	EHKFIIIK:0.3333333333333333	YDYICEFI:0.3333333333333333	KNLHLMYD:0.3333333333333333	NLHLMYDN:0.3333333333333333	GASKMGEA:0.3333333333333333	LFGASKMG:0.3333333333333333	ICPLSYGD:0.5	KYDNVEIL:0.3333333333333333	LYDYICEF:0.3333333333333333	ILFGASKM:0.3333333333333333	FGASKMGE:0.3333333333333333	NRQQAVGN:0.3333333333333333	HNRQQAVG:0.3333333333333333	RQQGLGNI:0.3333333333333333	GNILALLY:0.3333333333333333	YVFYPNPV:0.3333333333333333	NILALLYL:0.3333333333333333	LGNILALL:0.3333333333333333	GLGNILAL:0.3333333333333333	EIICPLSY:0.5	FNHNRQQG:0.3333333333333333	QQGLGNIL:0.3333333333333333	HNRQQGLG:0.3333333333333333	NRQQGLGN:0.3333333333333333	QGLGNILA:0.3333333333333333	NHNRQQGL:0.3333333333333333	
