cluster number:5
GT76:14	GT76:14
YWTPNQIP:0.2857142857142857	WNVGFLRY:0.5714285714285714	VYEQEWAF:0.5	FLSAPYAE:0.42857142857142855	NVGFLRYW:0.5	YWNVGFLR:0.5714285714285714	TPNQIPLF:0.2857142857142857	WTPNQIPL:0.2857142857142857	VGFLRYWT:0.5	LFTSFLPP:0.21428571428571427	WAFGAGLP:0.21428571428571427	ATAFRSNG:0.21428571428571427	LFLLATPM:0.21428571428571427	AFRSNGIL:0.21428571428571427	SGYPLWYW:0.21428571428571427	FRSNGILN:0.2857142857142857	GLATAFRS:0.21428571428571427	RLGQVVWR:0.21428571428571427	TRISSGYP:0.2857142857142857	RSNGILNG:0.2857142857142857	RISSGYPL:0.21428571428571427	SNLPLFLL:0.21428571428571427	LPLFLLAT:0.21428571428571427	IITRISSG:0.2857142857142857	VLLAVLAV:0.21428571428571427	TAFRSNGI:0.21428571428571427	YHVQIITR:0.2857142857142857	HVQIITRI:0.5	GDAYDTSA:0.21428571428571427	SSGYPLWY:0.21428571428571427	QIITRISS:0.42857142857142855	FGLATAFR:0.21428571428571427	FTSFLPPA:0.21428571428571427	PLFLLATP:0.21428571428571427	PSIYTFVQ:0.42857142857142855	VQIITRIS:0.5	ISSGYPLW:0.21428571428571427	ITRISSGY:0.2857142857142857	LGQVVWRD:0.21428571428571427	FLLATPML:0.21428571428571427	NLPLFLLA:0.21428571428571427	GYPLWYWW:0.21428571428571427	GFLRYWTL:0.2857142857142857	LATAFRSN:0.21428571428571427	LVTALLHI:0.21428571428571427	YEQEWAFG:0.5	HYWNVGFL:0.2857142857142857	LLAAPMLT:0.21428571428571427	PVWYWWVA:0.21428571428571427	PLFLLAAP:0.35714285714285715	LATRLTRW:0.21428571428571427	RLLVRTLA:0.21428571428571427	DRKLAYLA:0.21428571428571427	FLLAAPML:0.35714285714285715	CNDRKLAY:0.21428571428571427	LAWMRYCN:0.21428571428571427	QIPLFLLA:0.21428571428571427	RSNGLFGG:0.21428571428571427	LFASFLPP:0.35714285714285715	AISHVSHL:0.21428571428571427	TNYHVQII:0.21428571428571427	LFLLAAPM:0.35714285714285715	EQEWAFGI:0.21428571428571427	WYWWVASC:0.21428571428571427	LSAPYAES:0.35714285714285715	WDALYFMH:0.2857142857142857	GLFASFLP:0.2857142857142857	NDRKLAYL:0.21428571428571427	KVYEQEWA:0.21428571428571427	TRLTRWDA:0.21428571428571427	PDYDTSTS:0.21428571428571427	DYDTSTSL:0.21428571428571427	IQGGLFAS:0.2857142857142857	NQIPLFLL:0.21428571428571427	LYFMHDAV:0.21428571428571427	AIAISHVS:0.21428571428571427	GPDYDTST:0.21428571428571427	QEWAFGIG:0.21428571428571427	YDTSTSLF:0.21428571428571427	YPVWYWWV:0.21428571428571427	AVLALYQL:0.21428571428571427	GLFLSAPY:0.2857142857142857	IAISHVSH:0.21428571428571427	NGLFGGVL:0.21428571428571427	ATRLTRWD:0.21428571428571427	ALYFMHDA:0.21428571428571427	AAPMLTIL:0.21428571428571427	RWDALYFM:0.2857142857142857	GKVYEQEW:0.21428571428571427	LTRWDALY:0.2857142857142857	PNQIPLFL:0.21428571428571427	LFLSAPYA:0.21428571428571427	NYHVQIIS:0.21428571428571427	YHVQIISR:0.21428571428571427	QGGLFASF:0.2857142857142857	GGLFASFL:0.2857142857142857	LAITNYHV:0.21428571428571427	TRWDALYF:0.2857142857142857	RLTRWDAL:0.21428571428571427	ITNYHVQI:0.21428571428571427	DTSTSLFF:0.21428571428571427	GLFGGVLF:0.21428571428571427	IPLFLLAA:0.2857142857142857	LAAPMLTI:0.21428571428571427	LLVRTLAA:0.21428571428571427	SNGLFGGV:0.21428571428571427	AITNYHVQ:0.21428571428571427	FASFLPPA:0.35714285714285715	DALYFMHD:0.21428571428571427	VLALYQLT:0.21428571428571427	VWYWWVAS:0.21428571428571427	YWWVASCL:0.21428571428571427	MYAAIQGG:0.21428571428571427	SGYPVWYW:0.21428571428571427	SSGYPVWY:0.21428571428571427	GYPVWYWW:0.21428571428571427	IPSIYTFV:0.21428571428571427	AIQGGLFA:0.21428571428571427	YAAIQGGL:0.21428571428571427	AAIQGGLF:0.21428571428571427	AGLFLSAP:0.21428571428571427	SPAGLFLS:0.21428571428571427	SAPYAESS:0.2857142857142857	PAGLFLSA:0.21428571428571427	GYVYEQEW:0.21428571428571427	YVYEQEWA:0.21428571428571427	
