cluster number:0
PL23:128	PL23:128|4.2.2.-:2
WYHFSITM:0.4453125	TDVRAYGY:0.296875	HTLIGYGV:0.4375	AYGYLINS:0.6796875	YGYLINSY:0.3046875	GQLLRGYS:0.203125	DVRAYGYL:0.734375	YYEADPTN:0.4375	EADPTNNT:0.21875	LIGYGVRF:0.3828125	YLINSYFT:0.3515625	YHFSITMP:0.4453125	QNTCIVLR:0.3359375	PSTSSFHP:0.203125	RAYGYLIN:0.6796875	GYLINSYF:0.3046875	HTDVRAYG:0.296875	YFGSVVGQ:0.3515625	MTRKIWAN:0.234375	AMRMCLPY:0.2421875	NTCIVLRG:0.2890625	YEADPTNN:0.3984375	TLIGYGVR:0.4453125	YGQLLRGY:0.2890625	HFSITMPE:0.4453125	APLWTMTR:0.265625	TGPSTSSF:0.234375	RTAGNAMR:0.6015625	IGYGVRFR:0.3046875	VRAYGYLI:0.6796875	PTTGPSTS:0.2265625	FDHTDVRA:0.34375	TCIVLRGF:0.2578125	NAMRMCLP:0.2421875	AGNAMRMC:0.25	GPSTSSFH:0.203125	TTGPSTSS:0.2265625	TAGNAMRM:0.6015625	DHTDVRAY:0.296875	AYYEADPT:0.4375	YFDHTDVR:0.3359375	LINSYFTF:0.3515625	GNAMRMCL:0.2421875	DWYHFSIT:0.359375	AGNAMRMG:0.3828125	NSYFTFSY:0.2265625	SYYNFLFG:0.2421875	LHTLIGYG:0.28125	AYFDHTDV:0.28125	SYFTFSYY:0.2265625	YFTFSYYN:0.2265625	FTFSYYNF:0.2421875	CIVLRGFY:0.2421875	FSYYNFLF:0.2265625	TFSYYNFL:0.2265625	TTTSTQSF:0.25	GTLYSNVI:0.265625	STTTSTQS:0.25	NGTLYSNV:0.265625	YHFTITMP:0.3671875	FTITMPEV:0.3515625	MSRNGTLY:0.28125	RNGTLYSN:0.265625	WYHFTITM:0.3671875	VFDNLSPW:0.28125	RLAYYEAD:0.2890625	VMSRNGTL:0.375	TVFDNLSP:0.28125	DNLSPWTS:0.2890625	HFTITMPE:0.3671875	FDNLSPWT:0.2890625	TLYSNVIG:0.265625	SRNGTLYS:0.2890625	TSTQSFRP:0.359375	DHIDVRAY:0.3046875	PHQQAPWG:0.296875	YIDHIDVR:0.265625	HTLIGYCV:0.25	VGSPEGVV:0.265625	IGYCVRYN:0.3046875	GLHVDSIY:0.203125	LQFKSCTL:0.28125	STQSFRPA:0.28125	GMFQLYYN:0.3515625	AIENVGSP:0.2265625	DYSKVLTK:0.203125	PEGVVVPG:0.265625	PPHQQAPW:0.2421875	SLTVRSPN:0.234375	PSLTVRSP:0.25	TTSTQSFR:0.359375	CHRVPITN:0.234375	DFGTVCHT:0.2421875	VVPGVMSR:0.3125	TRAIENVG:0.21875	DSIYIDHI:0.234375	SPEGVVVP:0.265625	NNLQFKSC:0.2734375	NLQFKSCT:0.2734375	DPPPHQQA:0.234375	FQLYYNIG:0.25	GVVVPGVM:0.265625	PPPHQQAP:0.2421875	HIDVRAYG:0.3046875	IENVGSPE:0.2265625	ENVGSPEG:0.2265625	GLTRAIEN:0.21875	YDHGMFQL:0.2421875	GVEPNSLN:0.2109375	QAPWGPVA:0.3046875	TITMPEVF:0.328125	TLIGYCVR:0.25	FAEMNNLQ:0.203125	ADWYHFTI:0.3515625	FYDHGMFQ:0.2421875	EMNNLQFK:0.2734375	IDVRAYGY:0.3046875	GVMSRNGT:0.28125	GWHRTAGN:0.21875	DHGMFQLY:0.2421875	LIGYCVRY:0.25	PWGPVADW:0.3359375	QLYYNIGV:0.25	GSPEGVVV:0.265625	SNVIGNFI:0.203125	EGVVVPGV:0.265625	GYCVRYNN:0.265625	IDHIDVRA:0.265625	VPSLTVRS:0.25	PDPPPHQQ:0.234375	VVVPGVMS:0.265625	WLGLYLPT:0.2890625	YYNIGVEP:0.2578125	GLYLPTAV:0.2578125	DWYHFTIT:0.359375	MNNLQFKS:0.2734375	VCHTLIGY:0.265625	CHTLIGYC:0.2578125	LGLYLPTA:0.296875	GPVADWYH:0.3359375	YWLGLYLP:0.28125	WGPVADWY:0.328125	LYYNIGVE:0.25	IYIDHIDV:0.2578125	ITMPEVFM:0.34375	VCHRVPIT:0.234375	KSCTLFYD:0.2421875	LYSNVIGN:0.25	TLFYDHGM:0.2421875	LFYDHGMF:0.2421875	SCTLFYDH:0.2421875	SKVLTKLS:0.4140625	MFQLYYNI:0.25	TVCHTLIG:0.265625	FGTVCHTL:0.265625	APWGPVAD:0.3359375	YSKVLTKL:0.203125	RAIENVGS:0.21875	QFKSCTLF:0.2734375	QQAPWGPV:0.2734375	LPDPPPHQ:0.2421875	YSNVIGNF:0.265625	HQQAPWGP:0.296875	FKSCTLFY:0.3046875	TMPEVFMN:0.3046875	VPGVMSRN:0.28125	CTLFYDHG:0.2421875	GTVCHTLI:0.265625	PVADWYHF:0.3359375	LTRAIENV:0.21875	VADWYHFT:0.2890625	PGVMSRNG:0.28125	SIYIDHID:0.21875	NVGSPEGV:0.265625	AEMNNLQF:0.203125	HGMFQLYY:0.296875	FSITMPEC:0.2578125	YLINSFFT:0.3671875	LINSFFTF:0.3671875	GNAMRMGV:0.203125	YGYLINSF:0.375	NAMRMGVP:0.203125	AMRMGVPY:0.203125	VPSTTTST:0.2109375	GYLINSFF:0.375	ESGVILQS:0.2109375	LAYYEADP:0.2890625	FESGVILQ:0.2109375	PSTTTSTQ:0.25	TTRLAYYE:0.203125	
