cluster number:4
GH117:18	GH117:18|GH43:1
NGEYWLYY:0.2222222222222222	ADKPEGPY:0.2777777777777778	PNGEYWLY:0.2222222222222222	AHAVADKP:0.2222222222222222	VADKPEGP:0.2222222222222222	SEIAHAVA:0.5555555555555556	AVADKPEG:0.2222222222222222	EIAHAVAD:0.6111111111111112	IAHAVADK:0.2222222222222222	HAVADKPE:0.2222222222222222	HPNGEYWL:0.2222222222222222	GEYWLYYK:0.2222222222222222	NTKRIGLA:0.3333333333333333	MGNSNGKT:0.3333333333333333	RGNRKYGL:0.3888888888888889	SNGKTNTK:0.2222222222222222	NSNGKTNT:0.2222222222222222	WDATTCHN:0.4444444444444444	DATTCHNP:0.4444444444444444	TNTKRIGL:0.3333333333333333	HCTTNPAF:0.2777777777777778	GNSNGKTN:0.2222222222222222	KTNTKRIG:0.2222222222222222	WDDHCTTN:0.4444444444444444	NGKTNTKR:0.2222222222222222	TKRIGLAT:0.3888888888888889	DDHCTTNP:0.4444444444444444	GKTNTKRI:0.2222222222222222	GNRKYGLA:0.5	DHCTTNPA:0.3333333333333333	RKYGLAIA:0.3333333333333333	YVWCNSPI:0.2777777777777778	NRKYGLAI:0.3888888888888889	KRIGLATA:0.2222222222222222	DTKRIGLA:0.2222222222222222	GRFERPQL:0.3333333333333333	RFERPQLL:0.3888888888888889	LFYMGNSN:0.2777777777777778	YMGNSNGK:0.2222222222222222	FYMGNSNG:0.2777777777777778	LYYKSWNT:0.3333333333333333	GAWDDHCT:0.2777777777777778	WLYYKSWN:0.2222222222222222	AWDDHCTT:0.2222222222222222	IRGNRKYG:0.3333333333333333	VHVFYSRW:0.2777777777777778	YGRFERPQ:0.3333333333333333	KVHVFYSR:0.2777777777777778	HVFYSRWK:0.2222222222222222	TEGYYVWG:0.2222222222222222	GYYVWGTS:0.2222222222222222	EGYYVWGT:0.2222222222222222	HLSKYGRF:0.2222222222222222	GKVHVFYS:0.2222222222222222	SKYGRFER:0.2222222222222222	KIRGNRKY:0.2222222222222222	ETEGYYVW:0.2222222222222222	YVWGTSPI:0.2222222222222222	TCHNPHIK:0.2222222222222222	LETEGYYV:0.2222222222222222	LSKYGRFE:0.2222222222222222	YYVWGTSP:0.2222222222222222	TDPKIRGN:0.2222222222222222	PKIRGNRK:0.2222222222222222	DPKIRGNR:0.2222222222222222	TTCHNPHI:0.2222222222222222	YTDPKIRG:0.2222222222222222	KYGRFERP:0.2777777777777778	KYGLAIAD:0.2222222222222222	
