cluster number:5
GH117:29	GH117:29
RIGVAVAD:0.6551724137931034	RNNQRIGV:0.6551724137931034	IGVAVADS:0.2413793103448276	GVAVADSP:0.20689655172413793	NQRIGVAV:0.6206896551724138	HRNNQRIG:0.5517241379310345	YYLYYMGN:0.6206896551724138	NNQRIGVA:0.6551724137931034	QRIGVAVA:0.6896551724137931	KYYLYYMG:0.5862068965517241	GKYYLYYM:0.5172413793103449	VHRNNQRI:0.20689655172413793	GPVVHCVA:0.20689655172413793	FPAEDPFI:0.2413793103448276	HSEIAHAV:0.2413793103448276	WDGLCTHN:0.3103448275862069	YYMGNTGD:0.27586206896551724	PTGPFKKY:0.2413793103448276	GKYRAIVK:0.20689655172413793	VYKAVGKK:0.27586206896551724	PAEDPFIW:0.2413793103448276	YHMYYSRW:0.20689655172413793	LYYMGNTG:0.4482758620689655	SPTGPFKK:0.27586206896551724	DGLCTHNP:0.3103448275862069	AEDPFIWY:0.2413793103448276	LMVYKAVG:0.3793103448275862	MVYKAVGK:0.3793103448275862	GGPVVHCV:0.20689655172413793	DALMTSNP:0.3103448275862069	GLCTHNPT:0.3103448275862069	ALMTSNPS:0.27586206896551724	DSPTGPFK:0.2413793103448276	YLYYMGNT:0.4482758620689655	DALMVSNP:0.2413793103448276	ADSPTGPF:0.2413793103448276	THSEIAHA:0.2413793103448276	PNGPWKRF:0.27586206896551724	PWKRFDKP:0.27586206896551724	NGKYYLYY:0.2413793103448276	GPWKRFDK:0.27586206896551724	CTHNPTVH:0.20689655172413793	LCTHNPTV:0.20689655172413793	NGPWKRFD:0.27586206896551724	GGPVVHMV:0.20689655172413793	PAEDPYIW:0.27586206896551724	AIADSPTG:0.20689655172413793	GPVVHMVA:0.20689655172413793	FPAEDPYI:0.27586206896551724	VAIADSPT:0.20689655172413793	LMTSNPSV:0.20689655172413793	GWEWVNYS:0.20689655172413793	MTSNPSVC:0.20689655172413793	TGPFKKYP:0.20689655172413793	IGWEWVNY:0.20689655172413793	PVVHMVAI:0.20689655172413793	IADSPTGP:0.20689655172413793	FNGKYYLY:0.20689655172413793	
