cluster number:1
GH117:6	GH117:6
KGEDGRYH:0.6666666666666666	RFGHICGE:0.6666666666666666	VEDPFVWW:0.6666666666666666	YELIMKDR:0.5	MKDRFGHI:0.6666666666666666	SSPVKAYS:0.3333333333333333	CGEEGGGI:1.0	YHMFASRW:0.8333333333333334	HQANFERP:0.3333333333333333	LIMKDRFG:0.6666666666666666	GEEGGGIH:1.0	GHICGEEG:0.6666666666666666	DPSVVKGE:0.3333333333333333	GEDGRYHM:0.6666666666666666	PFLLFENG:0.5	ICGEEGGG:1.0	FGHICGEE:0.6666666666666666	ERPFLLFE:0.8333333333333334	ELIMKDRF:0.6666666666666666	GFGNWVTN:0.6666666666666666	ANFERPFL:0.6666666666666666	YNGPYERL:0.3333333333333333	HYELIMKD:0.3333333333333333	KDRFGHIC:0.6666666666666666	DKTWNMVI:0.5	DVEDPFVW:0.8333333333333334	SNPSPVVL:0.6666666666666666	NPSPVVLP:0.6666666666666666	KTWNMVIP:0.5	EEGGGIHA:0.8333333333333334	WNMVIPLK:0.8333333333333334	NGPYERLS:0.3333333333333333	RPFLLFEN:0.5	TWNMVIPL:0.8333333333333334	GYNGPYER:0.3333333333333333	QANFERPF:0.6666666666666666	NFERPFLL:0.8333333333333334	NWVTNSEI:0.5	LSSPVKAY:0.3333333333333333	QKAWMHKR:0.3333333333333333	GRYHMFAS:0.6666666666666666	DHYELIMK:0.3333333333333333	VTNSEIVR:0.5	IMKDRFGH:0.6666666666666666	PVKAYSRT:0.3333333333333333	LFAATGSG:0.6666666666666666	WVTNSEIV:0.5	TNSEIVRA:0.5	HLFAATGS:0.6666666666666666	WDPSVVKG:0.3333333333333333	VDKTWNMV:0.3333333333333333	PSVVKGED:0.3333333333333333	NSEIVRAV:0.5	SPVKAYSR:0.3333333333333333	GPYERLSD:0.5	EDGRYHMF:0.6666666666666666	DRFGHICG:0.6666666666666666	KDHYELIM:0.3333333333333333	PTHLFAAT:0.5	THLFAATG:0.8333333333333334	DGRYHMFA:0.6666666666666666	EDPFVWWN:0.3333333333333333	SVVKGEDG:0.3333333333333333	FAATGSGP:0.3333333333333333	RYHMFASR:0.5	YWIWDPSV:0.5	FERPFLLF:0.8333333333333334	HICGEEGG:0.6666666666666666	GNWVTNSE:0.6666666666666666	FGNWVTNS:0.6666666666666666	WDPSVIKG:0.5	PSVIKGED:0.5	ASITSNPS:0.6666666666666666	DPSVIKGE:0.5	WVTNSEVV:0.3333333333333333	MFASRWSK:0.6666666666666666	TSNPSPVV:0.6666666666666666	GKPTHLFA:0.3333333333333333	FVEVVLPA:0.3333333333333333	VIKGEDGR:0.5	FELIMKDR:0.3333333333333333	VEVVLPAR:0.3333333333333333	YYVLYYFG:0.5	TTHNPRIV:0.3333333333333333	GMAYSKSI:0.3333333333333333	IKGEDGRY:0.5	WIWDPSVI:0.3333333333333333	YGFGNWVT:0.3333333333333333	TNSEVVRA:0.3333333333333333	VTNSEVVR:0.3333333333333333	NDVEDPFV:0.6666666666666666	KRIGMAYS:0.3333333333333333	NPPLLLGA:0.3333333333333333	FLLFENGK:0.3333333333333333	RIGMAYSK:0.3333333333333333	SITSNPSP:0.6666666666666666	IWDPSVIK:0.3333333333333333	IGMAYSKS:0.3333333333333333	SVIKGEDG:0.6666666666666666	YVLYYFGN:0.3333333333333333	PLLLGAAQ:0.3333333333333333	WDASITSN:0.8333333333333334	KPTHLFAA:0.3333333333333333	DASITSNP:0.8333333333333334	THNPRIVK:0.3333333333333333	ITSNPSPV:0.6666666666666666	HMFASRWS:0.6666666666666666	EVVLPARG:0.5	PPLLLGAA:0.6666666666666666	WMNKRIGL:0.3333333333333333	AWMNKRIG:0.5	HWDASITS:0.3333333333333333	EAWMNKRI:0.3333333333333333	GHWDASIT:0.3333333333333333	MNKRIGLA:0.3333333333333333	WMNKRIGM:0.3333333333333333	GKATHLFA:0.3333333333333333	VYLMYKSS:0.3333333333333333	DNDVEDPF:0.5	MNKRIGMA:0.3333333333333333	PSPVVLPD:0.3333333333333333	MDNDVEDP:0.3333333333333333	SPVVLPDG:0.3333333333333333	KATHLFAA:0.3333333333333333	FASRWSKE:0.3333333333333333	ATHLFAAT:0.3333333333333333	SEIVRAVS:0.3333333333333333	GKWDASIT:0.3333333333333333	PRKGKWDA:0.3333333333333333	KGKWDASI:0.3333333333333333	RKGKWDAS:0.3333333333333333	KWDASITS:0.3333333333333333	
