cluster number:2
GH44:22	GH44:22|CBM2:9|CBM8:2|3.2.1.4:1
LDNEPDLW:0.45454545454545453	DPTYVDES:0.45454545454545453	GIFGREGL:0.6818181818181818	ALRLRSTR:0.5	TEYNWGAL:0.2727272727272727	KLAVYAAE:0.22727272727272727	PTYVDESW:0.45454545454545453	EGLDLATL:0.36363636363636365	FGREGLDL:0.5909090909090909	REGLDLAT:0.5454545454545454	LAVYAAER:0.22727272727272727	EYNWGALD:0.2727272727272727	NGALTQAD:0.22727272727272727	QALRLRST:0.4090909090909091	TYVDESWI:0.45454545454545453	AITEYNWG:0.4090909090909091	GTKLAITE:0.2727272727272727	LGIFGREG:0.6818181818181818	LWDPTYVD:0.5	PGTKLAIT:0.2727272727272727	GREGLDLA:0.5909090909090909	LAITEYNW:0.22727272727272727	WDPTYVDE:0.45454545454545453	IFGREGLD:0.6818181818181818	TKLAITEY:0.2727272727272727	DNEPDLWH:0.3181818181818182	ITEYNWGA:0.36363636363636365	YPGTKLAI:0.2727272727272727	KLAITEYN:0.2727272727272727	ALAQADVL:0.45454545454545453	LAQADVLG:0.45454545454545453	QADVLGIF:0.5909090909090909	TNRASDWY:0.22727272727272727	WAPDCGNG:0.2727272727272727	TAQVYRYS:0.2727272727272727	LRLRSTRQ:0.2727272727272727	RLRSTRQL:0.36363636363636365	TRQLWDPT:0.36363636363636365	QVYRYSGA:0.22727272727272727	YVDESWIN:0.4090909090909091	RSTRQLWD:0.36363636363636365	VLGIFGRE:0.7727272727272727	AQADVLGI:0.45454545454545453	STRQLWDP:0.36363636363636365	LRSTRQLW:0.36363636363636365	GLDLATLW:0.3181818181818182	RQLWDPTY:0.36363636363636365	AQVYRYSG:0.22727272727272727	GALAQADV:0.45454545454545453	NRASDWYF:0.22727272727272727	RASDWYFE:0.22727272727272727	ADVLGIFG:0.7272727272727273	NGALAQAD:0.4090909090909091	ASDWYFEN:0.22727272727272727	QLWDPTYV:0.36363636363636365	TQALRLRS:0.36363636363636365	DVLGIFGR:0.7272727272727273	SDWYFENI:0.36363636363636365	RSLWDPTY:0.36363636363636365	GAYAFRMY:0.22727272727272727	FRMYRNYD:0.22727272727272727	TRSLWDPT:0.2727272727272727	SLWDPTYV:0.2727272727272727	RLRSTRSL:0.2727272727272727	LRLRSTRS:0.22727272727272727	INGALAQA:0.22727272727272727	AFRMYRNY:0.22727272727272727	GSDWYFEN:0.22727272727272727	PGAYAFRM:0.2727272727272727	LRSTRSLW:0.2727272727272727	AAIKAADP:0.36363636363636365	RMYRNYDG:0.22727272727272727	AAAIKAAD:0.36363636363636365	RSTRSLWD:0.2727272727272727	TYPANSIT:0.2727272727272727	YPANSITL:0.2727272727272727	EPDLWHST:0.2727272727272727	DELRDRTY:0.2727272727272727	YFENIPND:0.22727272727272727	DESWINQP:0.22727272727272727	RPTTALLP:0.22727272727272727	ESWINQPV:0.22727272727272727	LGPVGWGL:0.3181818181818182	AAHGGQDL:0.22727272727272727	GGQDLGPW:0.22727272727272727	PDLWHSTH:0.2727272727272727	AHGGQDLG:0.22727272727272727	YRNYDGKG:0.22727272727272727	DQHYPGTK:0.22727272727272727	WYFENIPN:0.22727272727272727	GNATTRYN:0.22727272727272727	PVGWGLNS:0.3181818181818182	RDAAGNVS:0.22727272727272727	YAAAIKAA:0.22727272727272727	YNLDNEPD:0.2727272727272727	FADEALAR:0.22727272727272727	GGNATTRY:0.22727272727272727	ARDAAGNV:0.22727272727272727	TLGPVGWG:0.3181818181818182	DLWHSTHR:0.2727272727272727	YDELRDRT:0.2727272727272727	HGTRILDY:0.22727272727272727	HGGQDLGP:0.22727272727272727	GQDLGPWY:0.22727272727272727	YGMNFADE:0.22727272727272727	PTTALLPV:0.22727272727272727	MNFADEAL:0.22727272727272727	VDESWINQ:0.22727272727272727	QDLGPWYL:0.22727272727272727	GMNFADEA:0.22727272727272727	NLDNEPDL:0.2727272727272727	FYNLDNEP:0.2727272727272727	AKTLGPVG:0.22727272727272727	WHSTHRDV:0.2727272727272727	LWHSTHRD:0.2727272727272727	VDQHYPGT:0.22727272727272727	GTRILDYF:0.22727272727272727	NEPDLWHS:0.2727272727272727	HSTHRDVR:0.2727272727272727	KTLGPVGW:0.22727272727272727	GLGYDELR:0.22727272727272727	GYDELRDR:0.22727272727272727	DWYFENIP:0.2727272727272727	TRILDYFD:0.22727272727272727	LGYDELRD:0.22727272727272727	NFADEALA:0.22727272727272727	DLGPWYLD:0.22727272727272727	GPVGWGLN:0.3181818181818182	FENIPNDN:0.22727272727272727	GGAFGETS:0.22727272727272727	AFRIYRNY:0.22727272727272727	RILDYFDI:0.22727272727272727	ILDYFDIH:0.22727272727272727	PDRAAHGG:0.22727272727272727	
