cluster number:4
GH44:12	GH44:12|3.2.1.-:1|CBM44:1|3.2.1.4:1
NRSTRSLW:0.75	DILGIFGR:0.4166666666666667	AMKLYRNY:0.3333333333333333	SDGALTVM:0.5	GIFGREGL:0.9166666666666666	YIMDNEPS:0.25	TPTYKAMK:0.25	HINGATTQ:0.3333333333333333	FAAQRTSD:0.25	GPEEWGWS:0.6666666666666666	AQRTSDGA:0.25	VHYYPQGG:0.75	INGATTQA:0.3333333333333333	LLDVFTVH:0.25	ATTQADIL:0.25	QRTSDGAL:0.25	YPQGGEFS:0.4166666666666667	KAMKLYRN:0.3333333333333333	AMQLRRNR:0.4166666666666667	LDVFTVHY:0.25	FTVHYYPQ:0.5	GYFYSGYD:0.25	ILGIFGRE:0.4166666666666667	GGNATSRY:0.25	EEWGWSGY:0.6666666666666666	FGREGLDY:0.3333333333333333	DGALTVMV:0.5	TTQADILG:0.25	PFIYGVAY:0.25	LRRNRSTR:0.3333333333333333	MKLYRNYD:0.3333333333333333	MDNEPSLW:0.3333333333333333	GATTQADI:0.3333333333333333	TVHYYPQG:0.5833333333333334	LGIFGREG:0.5833333333333334	GWSGYFYS:0.25	SGYFYSGY:0.25	ADILGIFG:0.5	GNATSRYN:0.25	WGWSGYFY:0.25	TGRRLLDV:0.25	GRRLLDVF:0.25	GGWDYLPW:0.25	YYPQGGEF:0.6666666666666666	RTSDGALT:0.3333333333333333	AFAAQRTS:0.25	MQLRRNRS:0.3333333333333333	QLRRNRST:0.3333333333333333	QADILGIF:0.5	WDYLPWLL:0.4166666666666667	STRSLWDP:0.75	RRNRSTRS:0.3333333333333333	RSTRSLWD:0.75	NGATTQAD:0.3333333333333333	AAQRTSDG:0.25	TEYNWGAE:0.6666666666666666	NATSRYNW:0.25	GWDYLPWL:0.25	IFGREGLD:0.9166666666666666	KLYRNYDG:0.3333333333333333	EWGWSGYF:0.25	WSGYFYSG:0.25	HYYPQGGE:0.75	DVFTVHYY:0.25	PEEWGWSG:0.6666666666666666	RNRSTRSL:0.75	VFTVHYYP:0.25	TQADILGI:0.25	TSDGALTV:0.25	RLLDVFTV:0.25	IMDNEPSL:0.25	AQADILGI:0.25	NGAIAQAD:0.25	LPWLLDQL:0.25	QLIPRLKN:0.25	SKLASFSI:0.25	IKMYRNYD:0.25	DWQWFPDA:0.3333333333333333	LVDSTFQQ:0.25	SSDGALTV:0.25	WFPDAGNG:0.5	WVSTYYPG:0.4166666666666667	GEFGNDTS:0.25	RYYILDNE:0.25	DYLPWLLD:0.4166666666666667	TRSLWDPN:0.5833333333333334	QGGEFGND:0.25	LTVMVINK:0.25	HRDVHPVG:0.25	TATLTVTD:0.25	SIAKYGAQ:0.4166666666666667	STHRDVHP:0.3333333333333333	ASFSIAKY:0.25	LIPRLKNW:0.25	VSTYYPGT:0.25	FGREGLDM:0.3333333333333333	GALTVMVI:0.25	ATLTVTDN:0.25	SGYDQQYG:0.25	IVGPEEWG:0.3333333333333333	GGEFGNDT:0.25	WQWFPDAG:0.3333333333333333	AITEYNWG:0.3333333333333333	AIKMYRNY:0.25	YLPWLLDQ:0.4166666666666667	LASFSIAK:0.25	ALTVMVIN:0.25	LDNEPSIW:0.25	FSIAKYGA:0.3333333333333333	YTATLTVT:0.25	YPQGGEFG:0.25	KLASFSIA:0.25	ETWINDKV:0.25	SFSIAKYG:0.4166666666666667	VQLIPRLK:0.25	RSKLASFS:0.25	VAGERGDT:0.25	FPDAGNGV:0.3333333333333333	PQGGEFGN:0.25	VGPEEWGW:0.3333333333333333	NDWQWFPD:0.3333333333333333	RSSDGALT:0.25	ALIVGPEE:0.25	YAWNFGDG:0.3333333333333333	GNDWQWFP:0.25	GERGDTFI:0.25	IPRLKNWV:0.25	LIVGPEEW:0.25	ITEYNWGA:0.5833333333333334	RSLWDPNY:0.5833333333333334	TAITEYNW:0.3333333333333333	DETWINDK:0.25	KMYRNYDG:0.3333333333333333	QWFPDAGN:0.4166666666666667	NWGAEGHI:0.3333333333333333	TGKRLLDV:0.25	LDNEHSIW:0.25	DGAKSTFG:0.3333333333333333	AEGHINGA:0.3333333333333333	YDGAKSTF:0.3333333333333333	WGAEGHIN:0.3333333333333333	GAEGHING:0.3333333333333333	NYDGAKST:0.3333333333333333	HRDVHPAG:0.25	MYRNYDGA:0.25	GHINGATA:0.25	RNYDGAKS:0.3333333333333333	ATGKRLLD:0.25	GAKSTFGD:0.25	THRDVHPA:0.25	YRNYDGAK:0.3333333333333333	GPNPDNVA:0.25	KSTFGDTS:0.25	EGHINGAT:0.3333333333333333	STFGDTSV:0.25	SYAWNFGD:0.25	GITEYNWG:0.4166666666666667	IPRLKGWV:0.25	EEGFILER:0.25	LIPRLKGW:0.25	PDNLSAFA:0.25	NRYGGNNS:0.25	GGNNSSRY:0.25	NPDNLSAF:0.25	YGGNNSSR:0.25	NGATAQAD:0.25	YYIMDNEP:0.25	NNSSRYNW:0.25	GATAQADI:0.25	RYGGNNSS:0.25	GNNSSRYN:0.25	SLWDPNYV:0.25	IFTVHYYP:0.25	LDIFTVHY:0.25	LWDPNYVD:0.25	VGITEYNW:0.25	DIFTVHYY:0.25	YNWGAEGH:0.25	EYNWGAEG:0.25	
