cluster number:17
GT10:11	GT10:11
PGYITEKI:0.45454545454545453	GYITEKIF:0.7272727272727273	DIPGYITE:0.36363636363636365	FDCFFAGC:0.5454545454545454	KIFDCFFA:0.5454545454545454	YITEKIFD:0.6363636363636364	CYENARDI:0.36363636363636365	NARDIPGY:0.36363636363636365	ENARDIPG:0.36363636363636365	ARDIPGYI:0.2727272727272727	ICYENARD:0.36363636363636365	YENARDIP:0.36363636363636365	ITEKIFDC:0.6363636363636364	RDIPGYIT:0.36363636363636365	EKIFDCFF:0.6363636363636364	TEKIFDCF:0.6363636363636364	IPGYITEK:0.36363636363636365	AGCIPIYW:0.36363636363636365	IFDCFFAG:0.5454545454545454	GCIPIYWG:0.45454545454545453	DCFFAGCV:0.36363636363636365	CFFAGCVP:0.36363636363636365	
