cluster number:6
CE6:24	CE6:24
WYQGESDT:0.4166666666666667	PSLPIIQV:0.20833333333333334	LLWYQGES:0.20833333333333334	LWYQGESD:0.6666666666666666	SLPIIQVA:0.20833333333333334	ILAGQSNM:0.375	FILAGQSN:0.3333333333333333	GVGPGMAF:0.4166666666666667	VGPGMAFA:0.4166666666666667	IQVGLASG:0.25	GLVPCAVG:0.625	PCAVGGTR:0.2916666666666667	PLHADIDT:0.2916666666666667	LVPCAVGG:0.6666666666666666	VPCAVGGT:0.6666666666666666	IQVALASG:0.3333333333333333	MAGRGGVV:0.25	EEAREPLH:0.25	WEEAREPL:0.25	AGQSNMAG:0.375	LAGQSNMA:0.375	CGVGPGMA:0.25	AREPLHAD:0.2916666666666667	EAREPLHA:0.375	GQSNMAGR:0.7083333333333334	REPLHADI:0.2916666666666667	EPLHADID:0.375	YQGESDTV:0.3333333333333333	QSNMAGRG:0.7083333333333334	QGESDTVR:0.25	VGLVPCAV:0.3333333333333333	SNMAGRGG:0.5833333333333334	TCGVGPGM:0.20833333333333334	NMAGRGGV:0.5833333333333334	GPGMAFAN:0.2916666666666667	PCAVGGTA:0.25	VLSGQSNM:0.20833333333333334	WDGVVPPE:0.20833333333333334	DGVVPPEC:0.20833333333333334	PGMAFANA:0.20833333333333334	FVLSGQSN:0.20833333333333334	LSGQSNMA:0.25	SGQSNMAG:0.25	AVLWYQGE:0.25	VLWYQGES:0.2916666666666667	IGLVPCAV:0.20833333333333334	CAVGGTAI:0.20833333333333334	WYQGESDA:0.20833333333333334	IFILAGQS:0.20833333333333334	
