cluster number:14
CE12:14	CE12:14
NAMSKTLF:0.21428571428571427	LNAMSKTL:0.5714285714285714	PVLVTSMN:0.2857142857142857	FIQFGHND:0.35714285714285715	VLVTSMNR:0.2857142857142857	DLNAMSKT:0.6428571428571429	TVHVKDSI:0.21428571428571427	HVKDSIIR:0.21428571428571427	AMSKTLFE:0.21428571428571427	MSKTLFEA:0.21428571428571427	TLFEAMGP:0.21428571428571427	PWASWGQM:0.21428571428571427	ITVHVKDS:0.21428571428571427	ESGETLKA:0.2857142857142857	SGETLKAF:0.2857142857142857	VHVKDSII:0.21428571428571427	GNALTGDY:0.21428571428571427	QFGHNDQK:0.2857142857142857	WASWGQML:0.21428571428571427	KTLFEAMG:0.21428571428571427	ANYAESGE:0.21428571428571427	IDLNAMSK:0.5	AESGETLK:0.2857142857142857	VRVENRRL:0.21428571428571427	SKTLFEAM:0.21428571428571427	TTVRVENR:0.21428571428571427	TYGAYELA:0.21428571428571427	VENRRLML:0.2857142857142857	IQFGHNDQ:0.2857142857142857	DYLFIQFG:0.21428571428571427	YLFIQFGH:0.21428571428571427	TVRVENRR:0.21428571428571427	EPWASWGQ:0.21428571428571427	RVENRRLM:0.35714285714285715	LFIQFGHN:0.21428571428571427	GDYLFIQF:0.2857142857142857	IANYAESG:0.21428571428571427	ASWGQMLP:0.21428571428571427	GGNALTGD:0.2857142857142857	LVTSMNRR:0.2857142857142857	NYAESGET:0.21428571428571427	ENRRLMLD:0.21428571428571427	ALIDLNAM:0.21428571428571427	HFSTYGAY:0.21428571428571427	VRAESRRL:0.2857142857142857	IEFAHNDQ:0.21428571428571427	LAGNSTVV:0.2857142857142857	KPGDYLFI:0.35714285714285715	DNTHFSTY:0.21428571428571427	DYPEAMRQ:0.21428571428571427	HVEPFTTY:0.21428571428571427	LIDLNAMS:0.42857142857142855	THFSTYGA:0.21428571428571427	PGDYLFIE:0.2857142857142857	YGAYELAR:0.6428571428571429	TVDVPEGN:0.21428571428571427	LFIEFAHN:0.21428571428571427	KGGIPVLV:0.21428571428571427	PWAAWGQM:0.5714285714285714	EPWAAWGQ:0.5	ANHAESGE:0.35714285714285715	KAFVHYPA:0.21428571428571427	IPVLVTSM:0.2857142857142857	VDVPEGNY:0.21428571428571427	LKAFVHYP:0.21428571428571427	DYLFIEFA:0.21428571428571427	GGIPVLVT:0.21428571428571427	EFAHNDQK:0.21428571428571427	DVPEGNYD:0.21428571428571427	GDYLFIEF:0.2857142857142857	MKPGDYLF:0.21428571428571427	LVTSMHRR:0.2857142857142857	TVFLAGNS:0.2857142857142857	AFVHYPAN:0.35714285714285715	NTHFSTYG:0.21428571428571427	VFLAGNST:0.2857142857142857	FLAGNSTV:0.2857142857142857	FTVDVPEG:0.21428571428571427	VPEGNYDV:0.21428571428571427	PVLVTSMH:0.2857142857142857	YELARCIV:0.42857142857142855	IANHAESG:0.35714285714285715	ELARCIVE:0.21428571428571427	GAYELARC:0.5	FIEFAHND:0.21428571428571427	GNSTVVDQ:0.35714285714285715	AYELARCI:0.42857142857142855	GIPVLVTS:0.21428571428571427	VLVTSMHR:0.2857142857142857	AGNSTVVD:0.2857142857142857	YLFIEFAH:0.21428571428571427	WAAWGQML:0.2857142857142857	SGETIRSF:0.2857142857142857	ESGETIRS:0.2857142857142857	TIYLAGDS:0.21428571428571427	AGDSTVVD:0.2857142857142857	AHNDQKPG:0.35714285714285715	QFAHNDQK:0.35714285714285715	LAGDSTVV:0.2857142857142857	GDSTVVDQ:0.2857142857142857	AAWGQMLP:0.2857142857142857	KAFVHFPA:0.21428571428571427	GETIRSFV:0.21428571428571427	AESGETIR:0.2857142857142857	PTIYLAGD:0.21428571428571427	FAHNDQKP:0.35714285714285715	YLAGDSTV:0.2857142857142857	IYLAGDST:0.21428571428571427	VHYPANTF:0.2857142857142857	FVHYPANT:0.2857142857142857	AMSKTLYE:0.2857142857142857	TSMNRRTF:0.21428571428571427	YPANTFPG:0.21428571428571427	HYPANTFP:0.2857142857142857	PANTFPGQ:0.21428571428571427	VTSMNRRT:0.21428571428571427	TVRAESRR:0.21428571428571427	KLTLEFNG:0.2857142857142857	DSTVVDQD:0.21428571428571427	NHAESGET:0.2857142857142857	MSKTLYEA:0.21428571428571427	NAMSKTLY:0.2857142857142857	SMNRRTFD:0.21428571428571427	EGNYDVKV:0.21428571428571427	PEGNYDVK:0.21428571428571427	DWDDKLTL:0.21428571428571427	DDKLTLEF:0.21428571428571427	WDDKLTLE:0.21428571428571427	FVHFPAGT:0.21428571428571427	AFVHFPAG:0.21428571428571427	LARCVVEG:0.21428571428571427	NEPWAAWG:0.21428571428571427	HNDQKPGG:0.2857142857142857	KVRLKSRE:0.21428571428571427	LYEAWGVE:0.21428571428571427	
