cluster number:30
CE12:11	CE12:11
HTYGWYLR:0.2727272727272727	LPGLGEET:0.2727272727272727	LIGDSTVR:0.36363636363636365	VVHTYGWY:0.2727272727272727	VLIQFGHN:0.45454545454545453	GGRSSRTF:0.2727272727272727	TFGWYLRK:0.45454545454545453	GGLSSRTF:0.2727272727272727	FGWYLRKM:0.2727272727272727	SLPGLGEE:0.2727272727272727	GWYLRKMI:0.2727272727272727	GDSTVRNG:0.36363636363636365	SRTFITEG:0.2727272727272727	VVAGLKGL:0.36363636363636365	GRSSRTFI:0.45454545454545453	IAGDSTAA:0.2727272727272727	EVVHTYGW:0.2727272727272727	LIQFGHND:0.45454545454545453	FIAGDSTA:0.36363636363636365	RSSRTFIT:0.2727272727272727	RARGTIKG:0.2727272727272727	VHTYGWYL:0.2727272727272727	SSRTFITE:0.2727272727272727	IGDSTVRN:0.36363636363636365	RTFITEGL:0.2727272727272727	IQFGHNDG:0.36363636363636365	TFITEGLW:0.2727272727272727	HTFGWYLR:0.5454545454545454	EVVHTFGW:0.45454545454545453	VHTFGWYL:0.5454545454545454	HEVVHTFG:0.2727272727272727	IMQFGHND:0.2727272727272727	GQWGWGEP:0.2727272727272727	VVHTFGWY:0.45454545454545453	AGRSSRTF:0.2727272727272727	NRARAGRS:0.2727272727272727	
