cluster number:29
CE12:6	CE12:6
RKAFVQYP:0.5	WASWGQFI:0.5	LAGDSTVT:0.5	PTHGDYPD:0.3333333333333333	DLEPWASW:0.3333333333333333	SFGANEIA:0.6666666666666666	EDNTHFNS:0.3333333333333333	DEPSRKAF:0.3333333333333333	TYFSVKVP:0.3333333333333333	QDLEPWAS:0.3333333333333333	AFVQYPAN:0.5	LEDNTHFN:0.5	KAFVQYPA:0.6666666666666666	ASWGQFIT:0.5	YPANTFPG:0.6666666666666666	AMRKVAQE:0.3333333333333333	KLEDNTHF:0.3333333333333333	NVVVANYA:0.5	LEPWASWG:0.3333333333333333	FSVKVPEG:0.3333333333333333	GYGFDFNT:0.5	DNTHFNSF:0.6666666666666666	DQDLEPWA:0.3333333333333333	WGQFITNY:0.3333333333333333	VQYPANTF:0.5	PANTFPGQ:0.6666666666666666	VEFAHNDE:0.3333333333333333	TTIKAESR:0.5	SVKVPEGN:0.3333333333333333	SWGQFITN:0.3333333333333333	TLKPTHGD:0.3333333333333333	EKPTYFSV:0.3333333333333333	SRKAFVQY:0.5	EFAHNDEK:0.3333333333333333	KLTLEFLG:0.8333333333333334	FNSFGANE:0.6666666666666666	LTLEFLGT:0.3333333333333333	GDSTVTDQ:0.6666666666666666	DGTLKPTH:0.3333333333333333	NSFGANEI:0.6666666666666666	DSTVTDQD:0.5	VKVPEGNY:0.3333333333333333	KVPEGNYQ:0.3333333333333333	QYPANTFP:0.5	QFITNYFD:0.3333333333333333	KPTYFSVK:0.3333333333333333	AGDSTVTD:0.6666666666666666	HFNSFGAN:0.6666666666666666	EPWASWGQ:0.8333333333333334	TIKAESRR:0.8333333333333334	GANEIALC:0.5	GTLKPTHG:0.3333333333333333	DAMRKVAQ:0.3333333333333333	GDEPSRKA:0.3333333333333333	NTHFNSFG:0.6666666666666666	PTYFSVKV:0.3333333333333333	PSRKAFVQ:0.3333333333333333	IKAESRRL:0.6666666666666666	VYLAGDST:0.3333333333333333	YLAGDSTV:0.5	TEKPTYFS:0.3333333333333333	WGDEPSRK:0.3333333333333333	VPEGNYQV:0.3333333333333333	FVQYPANT:0.5	PWASWGQF:0.6666666666666666	PDAMRKVA:0.5	GQFITNYF:0.3333333333333333	ANEIALCV:0.5	YFSVKVPE:0.3333333333333333	THFNSFGA:0.6666666666666666	THGDYPDA:0.3333333333333333	EIVKPDGN:0.3333333333333333	FGANEIAL:0.6666666666666666	EPSRKAFV:0.3333333333333333	PEGNYQVE:0.3333333333333333	ANTFPGQE:0.3333333333333333	DIEPWASW:0.3333333333333333	NTFPGQEK:0.3333333333333333	EGNYQVEV:0.3333333333333333	ILVTPTQR:0.3333333333333333	KAESRRLM:0.5	AESRRLML:0.3333333333333333	IEPWASWG:0.3333333333333333	DDKLTLEF:0.5	DQDIEPWA:0.3333333333333333	LVTPTQRR:0.3333333333333333	TDQDIEPW:0.3333333333333333	HNDEKIKG:0.5	DKLTLEFL:0.3333333333333333	WDDKLTLE:0.5	NDEKIKGE:0.3333333333333333	QDIEPWAS:0.3333333333333333	PILVTPTQ:0.3333333333333333	LTLEFLGN:0.3333333333333333	LDWDDKLT:0.3333333333333333	LGYGFDFN:0.3333333333333333	KTTIKAES:0.3333333333333333	SVKLPEGN:0.3333333333333333	YFSVKLPE:0.3333333333333333	FSVKLPEG:0.3333333333333333	GHNDEKIK:0.3333333333333333	FGHNDEKI:0.3333333333333333	DWDDKLTL:0.3333333333333333	AESRRLMV:0.3333333333333333	KLPEGNYQ:0.3333333333333333	VKLPEGNY:0.3333333333333333	EFGHNDEK:0.5	ESRRLMVN:0.3333333333333333	IEFGHNDE:0.3333333333333333	FPDAMRKV:0.3333333333333333	NKLTLEFL:0.3333333333333333	GEFPDAMR:0.3333333333333333	THGEFPDA:0.3333333333333333	EFPDAMRK:0.3333333333333333	ANTFPGQT:0.3333333333333333	PTHGEFPD:0.3333333333333333	LITPTQRR:0.3333333333333333	WDNKLTLE:0.3333333333333333	NWDNKLTL:0.3333333333333333	FIEFGHND:0.3333333333333333	LNWDNKLT:0.3333333333333333	HGEFPDAM:0.3333333333333333	DNKLTLEF:0.3333333333333333	TIFLAGDS:0.3333333333333333	IFLAGDST:0.3333333333333333	KTIFLAGD:0.3333333333333333	
