cluster number:44
CE12:11	CE12:11
YPQTGWGM:0.2727272727272727	KGIDDDTH:0.2727272727272727	QTGWGMML:0.2727272727272727	YRNNLLRF:0.2727272727272727	TVLIQFGH:0.5454545454545454	PGFPKGID:0.2727272727272727	ILIASDST:0.45454545454545453	RNNLLRFI:0.2727272727272727	GFPKGIDD:0.2727272727272727	IASDSTAA:0.45454545454545453	PGDTVLIQ:0.5454545454545454	DTVLIQFG:0.5454545454545454	FGADGKAK:0.2727272727272727	AKAYFLHY:0.2727272727272727	GRSTRTFI:0.45454545454545453	ADLVAGGL:0.2727272727272727	RTTPLGRT:0.2727272727272727	DTHFSELG:0.7272727272727273	HFSELGAR:0.8181818181818182	LIQFGHND:1.0	IQFGHNDA:1.0	ASDSTAAN:0.45454545454545453	PKGIDDDT:0.2727272727272727	FPKGIDDD:0.2727272727272727	THFSELGA:0.8181818181818182	DDDTHFSE:0.45454545454545453	PQTGWGMM:0.2727272727272727	WAPAQTDY:0.2727272727272727	MGGRSTRT:0.2727272727272727	DDTHFSEL:0.7272727272727273	VLIQFGHN:0.7272727272727273	GADGKAKA:0.2727272727272727	HAMGGRST:0.2727272727272727	IDDDTHFS:0.2727272727272727	RWAPAQTD:0.2727272727272727	APAQTDYR:0.2727272727272727	GGRSTRTF:0.45454545454545453	GIDDDTHF:0.2727272727272727	LIASDSTA:0.45454545454545453	QFGHNDAY:0.2727272727272727	NHAMGGRS:0.2727272727272727	GDTVLIQF:0.5454545454545454	SDSTAANY:0.45454545454545453	AMGGRSTR:0.36363636363636365	PLIDLEAR:0.2727272727272727	LIDLEARS:0.2727272727272727	RYPQTGWG:0.2727272727272727	TPLIDLEA:0.2727272727272727	IADDTHFS:0.36363636363636365	GIADDTHF:0.36363636363636365	DTLLIQFG:0.2727272727272727	GDTLLIQF:0.2727272727272727	FGHNDANQ:0.2727272727272727	LLIQFGHN:0.2727272727272727	HNDANQAK:0.2727272727272727	STAANYGA:0.2727272727272727	DSTAANYG:0.2727272727272727	QFGHNDAN:0.36363636363636365	ADDTHFSE:0.36363636363636365	TLLIQFGH:0.2727272727272727	GHNDANQA:0.2727272727272727	ARRIADLV:0.2727272727272727	GARRIADL:0.2727272727272727	RRIADLVA:0.2727272727272727	SELGARRI:0.2727272727272727	FSELGARR:0.2727272727272727	LGARRIAD:0.2727272727272727	ELGARRIA:0.2727272727272727	
