cluster number:47
CE12:36	CE12:36|PL9_1:1
PAAMRALA:0.6666666666666666	TEQDNTHF:0.5555555555555556	FNWTATEQ:0.5277777777777778	YTEPWTTY:0.5555555555555556	ALSLALWQ:0.4166666666666667	TATEQDNT:0.5277777777777778	EYPAAMRA:0.3888888888888889	NTHFNPPG:0.5833333333333334	YFNWTATE:0.5277777777777778	PVLATPVE:0.3611111111111111	VERRRFDA:0.5	RELLRTRV:0.2222222222222222	GEYPAAMR:0.3888888888888889	NHAVNGRS:0.75	DVQALSLA:0.2222222222222222	WGMALPFF:0.5833333333333334	NWTATEQD:0.5277777777777778	ARPVLATP:0.3333333333333333	PGDLLLVQ:0.2222222222222222	ANHAVNGR:0.6944444444444444	IAGDSTAA:0.7777777777777778	DNTHFNPP:0.5833333333333334	WTATEQDN:0.5277777777777778	HFNPPGAI:0.5277777777777778	GARPVLAT:0.5555555555555556	AAPETGWG:0.8333333333333334	TKTYFNWT:0.25	EQDNTHFN:0.5833333333333334	RPVLATPV:0.3333333333333333	APETGWGM:0.7777777777777778	MSLTRRQV:0.2777777777777778	LATPVERR:0.3611111111111111	LLRTRVLA:0.2777777777777778	GDSTAAQK:0.7777777777777778	QDNTHFNP:0.5833333333333334	DPTRYTEP:0.2777777777777778	GWGMALPF:0.6388888888888888	ATPVERRR:0.3611111111111111	GMALPFFL:0.5833333333333334	YPAAMRAL:0.6666666666666666	HAVNGRSS:0.6944444444444444	ELLRTRVL:0.3333333333333333	GAIAVARL:0.4166666666666667	TPVERRRF:0.5	HGEYPAAM:0.3888888888888889	LLDVQALS:0.2222222222222222	DAAPETGW:0.7222222222222222	THFNPPGA:0.5833333333333334	NPPGAIAV:0.3611111111111111	KTYFNWTA:0.2222222222222222	NGRSSKSF:0.8055555555555556	YIAGDSTA:0.5	TEPWTTYQ:0.5	AGDSTAAQ:0.7777777777777778	VANHAVNG:0.6666666666666666	TYFNWTAT:0.2222222222222222	PETGWGMA:0.7777777777777778	VLATPVER:0.3611111111111111	TGWGMALP:0.6666666666666666	ETGWGMAL:0.6666666666666666	GDLLLVQF:0.2222222222222222	TRYTEPWT:0.25	VNGRSSKS:0.6666666666666666	ATEQDNTH:0.5277777777777778	AVNGRSSK:0.6666666666666666	QALSLALW:0.2777777777777778	DSTAAQKY:0.7777777777777778	AAMRALAA:0.2777777777777778	QFAHNDEK:0.3888888888888889	PPGAIAVA:0.4166666666666667	FNPPGAIA:0.3611111111111111	PVERRRFD:0.3611111111111111	EPWTTYQD:0.3611111111111111	PGAIAVAR:0.4166666666666667	PTRYTEPW:0.2777777777777778	GRSSKSFI:0.2222222222222222	RYTEPWTT:0.5555555555555556	QFGHNDEK:0.3888888888888889	QKYADAAP:0.5277777777777778	IQFGHNDE:0.2222222222222222	ADAAPETG:0.5277777777777778	AAQKYADA:0.5277777777777778	TAAQKYAD:0.5277777777777778	LRVANHAV:0.2777777777777778	KYADAAPE:0.5277777777777778	YADAAPET:0.5277777777777778	AQKYADAA:0.5277777777777778	RVANHAVN:0.3333333333333333	STAAQKYA:0.6111111111111112	GRSSKSFV:0.5	AIAVARLV:0.3888888888888889	SHGEYPAA:0.2777777777777778	SLALWQRL:0.2777777777777778	GARARGAR:0.4444444444444444	FVDEGRLD:0.3888888888888889	LALWQRLG:0.2777777777777778	RSSKSFVD:0.4444444444444444	PSHGEYPA:0.2777777777777778	LSLALWQR:0.2777777777777778	KSFVDEGR:0.4444444444444444	SSKSFVDE:0.4444444444444444	ARGARPVL:0.4444444444444444	SKSFVDEG:0.4444444444444444	VDEGRLDA:0.25	SFVDEGRL:0.5277777777777778	RGARPVLA:0.5	ARARGARP:0.4444444444444444	RARGARPV:0.4444444444444444	PVLATSVE:0.2222222222222222	RLVARELL:0.2222222222222222	VARLVARE:0.3333333333333333	RTLYIAGD:0.3888888888888889	LYIAGDST:0.4166666666666667	VLATSVER:0.2222222222222222	TLYIAGDS:0.4166666666666667	ARLVAREL:0.3055555555555556	LATSVERR:0.2222222222222222	AMRALAAE:0.2222222222222222	LVQFGHND:0.2777777777777778	LLVQFGHN:0.25	MRALAAEE:0.2222222222222222	IAVARLVA:0.3333333333333333	MALPFFLR:0.2222222222222222	IQFAHNDE:0.25	PARYTEPW:0.3055555555555556	DPARYTEP:0.3055555555555556	ARYTEPWT:0.2777777777777778	
