cluster number:49
CE12:6	CE12:6|CBM2:2|CBM35:2
INDGSRTC:0.5	VANGQTPC:0.5	GVPVIDLH:0.3333333333333333	GINDGSRT:0.5	GPLPDITI:0.3333333333333333	ANGQTPCP:0.5	IDLHELSV:0.3333333333333333	GAQPVFVT:0.3333333333333333	PVIDLHEL:0.3333333333333333	PDITIWIA:0.5	FFCDDHTH:0.6666666666666666	GSRTCDRH:0.5	AGDSTVAN:0.6666666666666666	VTATHEAG:0.5	IQFGINDG:0.6666666666666666	YLFIQFGI:0.5	GYVTATHE:0.3333333333333333	DITIWIAG:0.5	LQDRWVQM:0.3333333333333333	AQPVFVTP:0.3333333333333333	PLPDITIW:0.5	AGGAGPLP:0.3333333333333333	GGRSVRTW:0.6666666666666666	IACNGSTA:0.3333333333333333	VFVTPVSA:0.5	AVGGRSVR:0.5	LHELSVAL:0.3333333333333333	VPVIDLHE:0.3333333333333333	IWIAGDST:0.5	DLHELSVA:0.3333333333333333	TIWIAGDS:0.5	RGGYVTAT:0.3333333333333333	VIDLHELS:0.3333333333333333	DRWVQMLD:0.3333333333333333	AIACNGST:0.3333333333333333	LFDERVTV:0.3333333333333333	RTWLYHVQ:0.3333333333333333	VTPVSAIA:0.3333333333333333	QTPCPAGW:0.5	ERGAQPVF:0.3333333333333333	MDDTGECA:0.3333333333333333	VQMLDGMK:0.5	GGDVSATT:0.5	GDSTVANG:0.6666666666666666	CPAGWGGQ:0.5	VTVVNSAV:0.5	SAVGGRSV:0.5	PVGEFFCD:0.5	GSTARGTR:0.5	TARGTRGG:0.3333333333333333	AGPLPDIT:0.3333333333333333	RGTRGGYV:0.3333333333333333	QFGINDGS:0.5	RTCDRHVG:0.5	ITIWIAGD:0.5	TPVSAIAC:0.5	LFIQFGIN:0.6666666666666666	ARGTRGGY:0.3333333333333333	NSAVGGRS:0.5	LGLAAYLE:0.3333333333333333	PVFVTPVS:0.5	CDRHVGLD:0.3333333333333333	LPDITIWI:0.5	HELSVALY:0.3333333333333333	SRTCDRHV:0.5	CNGSTARG:0.3333333333333333	TRGGYVTA:0.3333333333333333	FVTPVSAI:0.5	GPVGEFFC:0.5	RHVGLDAF:0.3333333333333333	GQTPCPAG:0.5	FIQFGIND:0.6666666666666666	GRSVRTWL:0.6666666666666666	NDGSRTCD:0.5	TMDDTGEC:0.3333333333333333	GEFFCDDH:0.6666666666666666	DYLFIQFG:0.5	ALFDERVT:0.3333333333333333	VPGGDVSA:0.5	RSGAEQIA:0.3333333333333333	CPVPGGDV:0.5	VGGRSVRT:0.5	TVVNSAVG:0.5	GGYVTATH:0.3333333333333333	NGSTARGT:0.3333333333333333	TCDRHVGL:0.3333333333333333	QPVFVTPV:0.3333333333333333	PCPAGWGG:0.5	PVPGGDVS:0.5	RGAQPVFV:0.3333333333333333	STVANGQT:0.5	DGSRTCDR:0.5	VNSAVGGR:0.5	FCPVPGGD:0.5	GDYLFIQF:0.5	DERVTVVN:0.3333333333333333	FGINDGSR:0.5	FCDDHTHF:0.6666666666666666	TVANGQTP:0.5	ERVTVVNS:0.3333333333333333	EFFCDDHT:0.6666666666666666	RVTVVNSA:0.5	SAIACNGS:0.3333333333333333	GAGGAGPL:0.3333333333333333	SVRTWLYH:0.3333333333333333	GAGPLPDI:0.3333333333333333	VGEFFCDD:0.6666666666666666	DRHVGLDA:0.3333333333333333	VVNSAVGG:0.5	VSAIACNG:0.3333333333333333	QDRWVQML:0.3333333333333333	PVSAIACN:0.3333333333333333	GGAGPLPD:0.3333333333333333	NGQTPCPA:0.5	RWVQMLDG:0.5	GTRGGYVT:0.3333333333333333	FDERVTVV:0.3333333333333333	IAGDSTVA:0.5	DDTGECAL:0.3333333333333333	PGGDVSAT:0.5	TPCPAGWG:0.5	HVGLDAFK:0.3333333333333333	DSTVANGQ:0.5	RSVRTWLY:0.6666666666666666	WVQMLDGM:0.5	ACNGSTAR:0.3333333333333333	STARGTRG:0.5	YVTATHEA:0.5	VRTWLYHV:0.3333333333333333	WIAGDSTV:0.5	LGFCPVPG:0.3333333333333333	THFSRSGA:0.3333333333333333	YGMMARAA:0.3333333333333333	AFKSSYGM:0.3333333333333333	DAFKSSYG:0.3333333333333333	DHTHFSRS:0.3333333333333333	SSYGMMAR:0.3333333333333333	HTHFSRSG:0.3333333333333333	DDHTHFSR:0.3333333333333333	SYGMMARA:0.3333333333333333	GFCPVPGG:0.3333333333333333	FKSSYGMM:0.3333333333333333	KSSYGMMA:0.3333333333333333	CDDHTHFS:0.3333333333333333	QSGDYLFI:0.3333333333333333	LAGDSIVQ:0.3333333333333333	SSSSSSSG:0.3333333333333333	SGLANIDY:0.3333333333333333	QWRYANGS:0.3333333333333333	SSSSSTSS:0.3333333333333333	SSSSSSGG:0.3333333333333333	SSSSTSSS:0.3333333333333333	NDWGSGFT:0.3333333333333333	GLANIDYL:0.3333333333333333	SSSSSSSS:0.3333333333333333	DWGSGFTA:0.3333333333333333	
