cluster number:45
CE12:18	CE12:18|GH28:10
NGRSTKSF:0.8333333333333334	FIQFGHND:0.6666666666666666	VFIQFGHN:0.6666666666666666	RSTKSFRD:0.2777777777777778	IQFGHNDQ:0.3333333333333333	QNHAVNGR:0.3333333333333333	NHAVNGRS:0.3888888888888889	PETGWGQV:0.2222222222222222	HAVNGRST:0.3888888888888889	APETGWGQ:0.2222222222222222	QFGHNDQK:0.3333333333333333	GDYVFIQF:0.2777777777777778	DYVFIQFG:0.2777777777777778	GRSTKSFR:0.5	GDSTMANK:0.2777777777777778	VNGRSTKS:0.6111111111111112	FVDQHGEY:0.3333333333333333	IGDSTMAN:0.2222222222222222	AVNGRSTK:0.5555555555555556	VDQHGEYP:0.3333333333333333	YVFIQFGH:0.2777777777777778	VIGSEMSG:0.4444444444444444	TIKSGRDE:0.2222222222222222	IGSEMSGG:0.4444444444444444	ITIKSGRD:0.2222222222222222	KSNVNLHL:0.2222222222222222	GFVIGSEM:0.4444444444444444	FVIGSEMS:0.4444444444444444	CTFDTGDD:0.2222222222222222	HGGFVIGS:0.4444444444444444	DAPETGWG:0.2777777777777778	GSEMSGGV:0.3888888888888889	GGFVIGSE:0.4444444444444444	LKSNVNLH:0.3333333333333333	RGRGGIVE:0.2222222222222222	GDSTMADK:0.2222222222222222	IAGEAILF:0.2222222222222222	AGEAILFD:0.2222222222222222	DVGLRFKT:0.3888888888888889	VGLRFKTA:0.3888888888888889	KTARGRGG:0.3888888888888889	ARGRGGVV:0.2777777777777778	DLESCRNG:0.2777777777777778	AILFDMYY:0.3888888888888889	IRGLPEMP:0.2222222222222222	EAILFDMY:0.3888888888888889	LRFKTARG:0.3888888888888889	FKTARGRG:0.3888888888888889	TFQNSPAW:0.3888888888888889	TARGRGGV:0.2777777777777778	AHGGFVIG:0.2777777777777778	PVMRRKFD:0.3333333333333333	GEAILFDM:0.3888888888888889	TPVMRRKF:0.3333333333333333	SEMSGGVR:0.2222222222222222	RFKTARGR:0.3888888888888889	GRKRGVPT:0.3333333333333333	GTDVGLRF:0.2777777777777778	LFDMYYAA:0.2777777777777778	RGRGGVVE:0.2222222222222222	KRGVPTEN:0.3333333333333333	RGGVVENI:0.2222222222222222	GVPTENFI:0.2222222222222222	ILFDMYYA:0.2222222222222222	HGEYPGVV:0.2222222222222222	FDMYYAAK:0.2777777777777778	TDVGLRFK:0.2777777777777778	FQNSPAWT:0.2777777777777778	GVTFQNSP:0.3333333333333333	LIRGLPEM:0.2222222222222222	GRSTKSFI:0.2222222222222222	MYYAAKDP:0.2777777777777778	EMSGGVRN:0.2222222222222222	GLRFKTAR:0.3888888888888889	DMYYAAKD:0.2777777777777778	RKRGVPTE:0.3333333333333333	RGVPTENF:0.2777777777777778	VTFQNSPA:0.3333333333333333	YYAAKDPV:0.2777777777777778	FRKDTFNI:0.2222222222222222	FLRPNMLS:0.2222222222222222	WVFIQFGH:0.2777777777777778	IKSGRDEQ:0.2222222222222222	GDDGICIK:0.2222222222222222	VYHAHGGF:0.2777777777777778	HAHGGFVI:0.2222222222222222	FLVGDSTM:0.2222222222222222	QFGHNDSK:0.3888888888888889	ALDLESCR:0.2222222222222222	IQFGHNDS:0.3888888888888889	DVGDDGIC:0.2222222222222222	DDGICIKS:0.2222222222222222	GRDEQGRK:0.2777777777777778	DWVFIQFG:0.2777777777777778	QGRKRGVP:0.2222222222222222	ICIKSGRD:0.2222222222222222	DGICIKSG:0.2222222222222222	FDVGDDGI:0.2222222222222222	KSGRDEQG:0.2777777777777778	DALDLESC:0.2777777777777778	DEQGRKRG:0.2777777777777778	GDWVFIQF:0.2777777777777778	GICIKSGR:0.2222222222222222	YHAHGGFV:0.2777777777777778	EQGRKRGV:0.2777777777777778	SGRDEQGR:0.2777777777777778	DFLRPNML:0.2222222222222222	RDEQGRKR:0.2777777777777778	GLWLTGPI:0.2222222222222222	VMRRKFDE:0.2777777777777778	KDFLRPNM:0.3333333333333333	EGVTFQNS:0.2777777777777778	RGLPEMPI:0.2222222222222222	
