cluster number:28
CE12:29	CE12:29
RAQNGRST:0.20689655172413793	QFGHNDEV:0.5862068965517241	YPETGWGV:0.20689655172413793	NRAQNGRS:0.20689655172413793	DNRAQNGR:0.20689655172413793	PETGWGVP:0.20689655172413793	FGHNDEVP:0.27586206896551724	VDNRAQNG:0.20689655172413793	ETGWGVPF:0.20689655172413793	KAYPETGW:0.27586206896551724	AYPETGWG:0.3103448275862069	THFNELGA:0.3793103448275862	YVLIQFGH:0.2413793103448276	HFNELGAR:0.3793103448275862	PGEHPNYP:0.27586206896551724	PETGWGMP:0.6551724137931034	VLIQFGHN:0.2413793103448276	LLTPVARR:0.2413793103448276	YPETGWGM:0.5172413793103449	IQFGHNDE:0.7931034482758621	TGWGMPFA:0.41379310344827586	GDYVLIQF:0.2413793103448276	AKNGRSTR:0.3103448275862069	PVLLTPVA:0.2413793103448276	VLLTPVAR:0.2413793103448276	DYVLIQFG:0.2413793103448276	ETGWGMPF:0.6551724137931034	LIQFGHND:0.2413793103448276	GDSTMSIK:0.41379310344827586	DNTHFNEL:0.20689655172413793	LIGDSTMS:0.3103448275862069	NTHFNELG:0.20689655172413793	YLIGDSTM:0.3103448275862069	IGDSTMSI:0.2413793103448276	HNDEVKTK:0.20689655172413793	NGRSTKTF:0.20689655172413793	GHNDEVKT:0.20689655172413793	VYLIGDST:0.3103448275862069	FGHNDEVK:0.2413793103448276	FIQFGHND:0.5172413793103449	HPNYPEGK:0.20689655172413793	VFIQFGHN:0.4827586206896552	QFGHNDES:0.27586206896551724	NGRSTRTF:0.4482758620689655	GDYVFIQF:0.27586206896551724	KNGRSTRT:0.2413793103448276	DYVFIQFG:0.3793103448275862	GRSTRTFI:0.2413793103448276	YVFIQFGH:0.41379310344827586	AREVAQLV:0.2413793103448276	GAREVAQL:0.2413793103448276	DYPETGWG:0.20689655172413793	REVAQLVL:0.2413793103448276	DSTMSIKD:0.20689655172413793	RSTRTFIE:0.20689655172413793	STRTFIEE:0.20689655172413793	
