cluster number:20
CE12:15	CE12:15
GRSTRTFF:0.9333333333333333	DSTMADYT:0.26666666666666666	VARNYPWK:0.4666666666666667	PVARNYPW:0.6	YPITGWGQ:0.26666666666666666	RTFFQEGR:0.4666666666666667	KGQKDNTH:0.2	FFQEGRWR:0.5333333333333333	YKEFLRLF:0.4666666666666667	LIGDSTMA:0.4	STMADYTG:0.26666666666666666	RSTRTFFQ:0.4666666666666667	QKDNTHFQ:0.5333333333333333	EPGKDYMK:0.2	HFQPEGAK:0.4	GWGQVFQP:0.4666666666666667	PITGWGQV:0.26666666666666666	PEGAKAVA:0.3333333333333333	IEGYKEFL:0.3333333333333333	TFFQEGRW:0.4666666666666667	ITGWGQVF:0.26666666666666666	KEFLRLFV:0.4	GDSTMADY:0.6	YEAYPKGQ:0.2	TPVARNYP:0.6	YEPGKDYM:0.2	KDNTHFQP:0.4666666666666667	GYKEFLRL:0.6	PIILTPVA:0.4	FLRLFVTQ:0.2	YLIGDSTM:0.3333333333333333	GQVFQPFF:0.2	IGDSTMAD:0.4	QFGHNDGS:0.2	TRTFFQEG:0.4666666666666667	LENVHGEY:0.26666666666666666	TGWGQVFQ:0.5333333333333333	DNTHFQPE:0.5333333333333333	EFLRLFVT:0.2	RNYPWKDG:0.5333333333333333	EAYPKGQK:0.2	IILTPVAR:0.3333333333333333	ARNYPWKD:0.26666666666666666	YPKGQKDN:0.2	YPWKDGKL:0.26666666666666666	PKGQKDNT:0.2	NTHFQPEG:0.5333333333333333	MQFGHNDG:0.2	NYPWKDGK:0.4	QPEGAKAV:0.3333333333333333	IYLIGDST:0.26666666666666666	GQKDNTHF:0.5333333333333333	LTPVARNY:0.6	WGQVFQPF:0.4666666666666667	AYPKGQKD:0.2	THFQPEGA:0.5333333333333333	ILTPVARN:0.4	GGRSTRTF:0.9333333333333333	NYEPGKDY:0.2	STRTFFQE:0.4666666666666667	EGYKEFLR:0.4	FQPEGAKA:0.3333333333333333	RLVFEGMK:0.2	EGQKDNTH:0.26666666666666666	DSTVADYS:0.2	PQAVKDVA:0.26666666666666666	STRTFFEE:0.4666666666666667	TRTFFEEG:0.4666666666666667	QFGHNDAA:0.6	YPEGQKDN:0.26666666666666666	YPQAVKDV:0.26666666666666666	KEVARLVF:0.2	VLDKARGG:0.2	GEYPQAVK:0.2	RTFFEEGR:0.4666666666666667	NVHGEYPQ:0.2	NYFMNLPA:0.4	HGEYPQAV:0.2	KARGGRST:0.26666666666666666	GDSTVADY:0.3333333333333333	VHGEYPQA:0.2	IQFGHNDA:0.4	LDKARGGR:0.26666666666666666	VARLVFEG:0.26666666666666666	TFFEEGRW:0.4666666666666667	YFMNLPAG:0.3333333333333333	RGGRSTRT:0.6	FMNLPAGK:0.2	ARLVFEGM:0.2	PEGQKDNT:0.26666666666666666	EVARLVFE:0.2	FFEEGRWA:0.26666666666666666	RSTRTFFE:0.4666666666666667	EYPQAVKD:0.2	ARGGRSTR:0.6666666666666666	VYLVGDST:0.26666666666666666	DKARGGRS:0.26666666666666666	MGWGQVFQ:0.2	FGHNDAAE:0.3333333333333333	PVNRNYPW:0.2	YLVGDSTM:0.2	RARGGRST:0.3333333333333333	DSTMADYS:0.2	TPVNRNYP:0.2	MQFGHNDA:0.4	DYDPGKDY:0.2	LVGDSTMA:0.2	LMQFGHND:0.2	VGDSTMAD:0.2	TVYLVGDS:0.2	VLMQFGHN:0.2	YDPGKDYM:0.2	PILLTPVA:0.2	DLVLIQFG:0.2	AENKPERY:0.2	GHNDAAEN:0.2	AAENKPER:0.2	VLIQFGHN:0.2	LVLIQFGH:0.2	DAAENKPE:0.2	LLTPVARN:0.2	ILLTPVAR:0.2	NDAAENKP:0.2	HNDAAENK:0.2	LIQFGHND:0.2	LIGDSTVA:0.26666666666666666	YLIGDSTV:0.26666666666666666	IGDSTVAD:0.26666666666666666	VYLIGDST:0.2	KGGRSTRT:0.2	AKGGRSTR:0.2	VMMQFGHN:0.2	MMQFGHND:0.2	QVFQQFMV:0.2	AGKYEAYP:0.2	DNRARGGR:0.2	GAKAVAQL:0.2	AKAVAQLV:0.2	KYEAYPEG:0.2	GWGQVFQQ:0.4	QEGRWRSV:0.2	FQEGRWRS:0.2	WGQVFQQF:0.3333333333333333	NRARGGRS:0.2	KAVAQLVF:0.2	PAGKYEAY:0.2	GQVFQQFM:0.26666666666666666	QFGHNDAS:0.2	VDNRARGG:0.2	EGAKAVAQ:0.2	
