cluster number:8
CE12:19	CE12:19
WGQMLPRF:0.3157894736842105	QFGHNDQK:0.7368421052631579	GDSTVTDQ:0.9473684210526315	VANHARSG:0.21052631578947367	AGDSTVTD:0.6842105263157895	SWGQMLPR:0.2631578947368421	ASWGQMLP:0.7368421052631579	DSTVTDQR:0.2631578947368421	NNYGAWLL:0.21052631578947367	PEGNYRVT:0.2631578947368421	FIQFGHND:0.42105263157894735	HPVLVTSP:0.21052631578947367	EPAASWGQ:0.5263157894736842	VAVANHAE:0.21052631578947367	PAASWGQM:0.5263157894736842	VANHAESG:0.47368421052631576	RRRGAHPV:0.21052631578947367	PVLVTSPE:0.42105263157894735	THHNNYGA:0.42105263157894735	SGETLKSF:0.5263157894736842	TTYPAYLR:0.2631578947368421	SPERRNFD:0.2631578947368421	FGHNDQKQ:0.2631578947368421	VKAESRRL:0.2631578947368421	WLLASAVA:0.21052631578947367	HNNYGAWL:0.21052631578947367	AASWGQML:0.5263157894736842	ARRRGAHP:0.21052631578947367	TSPERRNF:0.2631578947368421	ANHAESGE:0.5789473684210527	AWLLASAV:0.2631578947368421	ATTYPAYL:0.2631578947368421	TVKAESRR:0.21052631578947367	KAESRRLM:0.2631578947368421	GQMLPAML:0.21052631578947367	AESRRLML:0.2631578947368421	ESGETLKS:0.47368421052631576	KLTLEFLG:0.3157894736842105	AESGETLK:0.47368421052631576	DWLFIQFG:0.3157894736842105	GETLKSFL:0.42105263157894735	HAESGETL:0.47368421052631576	NHAESGET:0.5789473684210527	AEPAASWG:0.42105263157894735	AEARRRGA:0.47368421052631576	ETLKSFLT:0.3157894736842105	PLIDLNAD:0.2631578947368421	IAEARRRG:0.42105263157894735	IQFGHNDQ:0.5789473684210527	WLFIQFGH:0.3157894736842105	RRGAHPVL:0.21052631578947367	VTSPERRN:0.3684210526315789	YGAWLLAS:0.2631578947368421	LFIQFGHN:0.42105263157894735	IDLNADSR:0.3157894736842105	LIDLNADS:0.3157894736842105	AVANHAES:0.3684210526315789	NYGAWLLA:0.3157894736842105	SWGQMLPA:0.42105263157894735	EGNYRVTV:0.2631578947368421	GAWLLASA:0.2631578947368421	GDWLFIQF:0.3157894736842105	VPLIDLNA:0.2631578947368421	HHNNYGAW:0.21052631578947367	RGAHPVLV:0.21052631578947367	LVTSPERR:0.5263157894736842	GAHPVLVT:0.21052631578947367	WGQMLPAM:0.21052631578947367	YIAEARRR:0.3157894736842105	QMLPAMLD:0.21052631578947367	VLVTSPER:0.5263157894736842	EARRRGAH:0.2631578947368421	AHPVLVTS:0.21052631578947367	ADSRAIYE:0.21052631578947367	LAGDSTVT:0.631578947368421	LNADSRAI:0.2631578947368421	DLNADSRA:0.2631578947368421	SRAIYEAL:0.21052631578947367	PPANAPGG:0.3684210526315789	TYPAYLRA:0.21052631578947367	SFLTDLRF:0.21052631578947367	RAIYEALG:0.21052631578947367	TYADAATT:0.21052631578947367	ATLKSFLT:0.21052631578947367	SGATLKSF:0.21052631578947367	LRAYIAEA:0.21052631578947367	TLKSFLTD:0.21052631578947367	DSRAIYEA:0.21052631578947367	PQTYADAA:0.2631578947368421	LKSFLTDL:0.21052631578947367	WPQTYADA:0.2631578947368421	NADSRAIY:0.2631578947368421	GATLKSFL:0.21052631578947367	TTVKAEAR:0.2631578947368421	PAYLRAYI:0.21052631578947367	YADAATTY:0.21052631578947367	LTDLRFDK:0.21052631578947367	PPPANAPG:0.3684210526315789	FGHNDQKA:0.3157894736842105	QTYADAAT:0.21052631578947367	AYLRAYIA:0.21052631578947367	AATTYPAY:0.21052631578947367	AIYEALGP:0.21052631578947367	TVKAEARR:0.2631578947368421	FLTDLRFD:0.21052631578947367	YLRAYIAE:0.21052631578947367	AGDTTVKA:0.21052631578947367	FLAGDSTV:0.47368421052631576	YPAYLRAY:0.21052631578947367	KSFLTDLR:0.21052631578947367	GDTTVKAE:0.21052631578947367	VANHAKSG:0.21052631578947367	KAQWPQTY:0.21052631578947367	QLAPPPAN:0.21052631578947367	LAPPPANA:0.21052631578947367	NAPGGSAV:0.21052631578947367	PANAPGGS:0.21052631578947367	DSTVTDQP:0.3684210526315789	APPPANAP:0.21052631578947367	VFLAGDST:0.2631578947368421	TVFLAGDS:0.2631578947368421	PTVFLAGD:0.21052631578947367	AEARRLML:0.21052631578947367	DDKLTLEF:0.3684210526315789	LIQFGHND:0.21052631578947367	HHNNYGAY:0.21052631578947367	WDDKLTLE:0.42105263157894735	KAEARRLM:0.21052631578947367	LRFDKLLS:0.2631578947368421	TWDDKLTL:0.21052631578947367	DKLTLEFL:0.21052631578947367	VPEGNYRV:0.21052631578947367	FSVAVPEG:0.21052631578947367	PGDWLFIQ:0.21052631578947367	VKAEARRL:0.21052631578947367	
