cluster number:1
GH62:38	GH62:38|GH10:6|CBM2:5|CBM1:3|GH11:2|3.2.1.55:2
FSSDDNGH:0.7105263157894737	RYFRSWTA:0.21052631578947367	CHLFSSDD:0.21052631578947367	LFSSDDNG:0.7631578947368421	YHVFASTA:0.4473684210526316	VEAIGSDG:0.42105263157894735	LGLLTQTN:0.5263157894736842	HLFSSDDN:0.21052631578947367	GNAAYSTN:0.34210526315789475	DNGHLYRS:0.6052631578947368	SDDNGHLY:0.6842105263157895	DDNGHLYR:0.6842105263157895	SSDDNGHL:0.7105263157894737	YLFSSDDN:0.5526315789473685	NGHLYRSQ:0.47368421052631576	NCYLFSSD:0.3684210526315789	QNGNAAYS:0.2894736842105263	PFARSNNV:0.23684210526315788	LLLVEAIG:0.3157894736842105	MGNTVIAL:0.21052631578947367	CYLFSSDD:0.5526315789473685	GYRAAPQV:0.7105263157894737	NPFARSNN:0.23684210526315788	YRAAPQVF:0.7105263157894737	LFEASNVY:0.3684210526315789	LVEAIGSD:0.23684210526315788	NGNAAYST:0.2894736842105263	GHLYRSQT:0.47368421052631576	YLLLVEAI:0.3157894736842105	LLVEAIGS:0.23684210526315788	APQVFYFA:0.3684210526315789	YWVDMWVI:0.34210526315789475	GKYHVFAS:0.2631578947368421	YQTGNASY:0.21052631578947367	WYLVYQTG:0.47368421052631576	NPNGWSAP:0.21052631578947367	RDISHGEM:0.21052631578947367	GNASYSTN:0.23684210526315788	QNIGNGYW:0.23684210526315788	QVFYFAPQ:0.3157894736842105	WRLGLLTQ:0.4473684210526316	VDMWVICD:0.42105263157894735	LWYLVYQT:0.2894736842105263	RAAPQVFY:0.5263157894736842	IGNGYWVD:0.3684210526315789	WTRDISHG:0.3157894736842105	YLVYQTGN:0.21052631578947367	GAWTRDIS:0.21052631578947367	WVDMWVIC:0.4473684210526316	LVYQTGNA:0.21052631578947367	GNGYWVDM:0.2631578947368421	NGYWVDMW:0.2631578947368421	TGNASYST:0.21052631578947367	PWRLGLLT:0.4473684210526316	GLLTQTNS:0.39473684210526316	LTQTNSTC:0.23684210526315788	LLTQTNST:0.21052631578947367	AWTRDISH:0.21052631578947367	LPWRLGLL:0.4473684210526316	TRDISHGE:0.3157894736842105	QTGNASYS:0.21052631578947367	AAPQVFYF:0.5	PQVFYFAP:0.3684210526315789	AIGSDGRR:0.3684210526315789	RLGLLTQT:0.5	VYQTGNAS:0.21052631578947367	GYWVDMWV:0.3684210526315789	NIGNGYWV:0.3684210526315789	EAIGSDGR:0.3684210526315789	DMWVICDS:0.3684210526315789	LYRSQTTL:0.2631578947368421	HLYRSQTT:0.34210526315789475	GTGYRAAP:0.3157894736842105	IGTGYRAA:0.2894736842105263	TGYRAAPQ:0.3157894736842105	VICDSANC:0.21052631578947367	ISHGEMIR:0.21052631578947367	ANCYLFSS:0.21052631578947367	SANCYLFS:0.21052631578947367	PNGFTNTV:0.2631578947368421	DISHGEMI:0.21052631578947367	ICDSANCY:0.21052631578947367	FPNGFTNT:0.2631578947368421	NGKYHVFA:0.21052631578947367	FEASNVYK:0.2631578947368421	WSAPRNFY:0.21052631578947367	EASNVYKV:0.2894736842105263	DSANCYLF:0.21052631578947367	NGFTNTVI:0.21052631578947367	WVICDSAN:0.21052631578947367	CDSANCYL:0.21052631578947367	QFPNGFTN:0.21052631578947367	GFTNTVIA:0.23684210526315788	MWVICDSA:0.2894736842105263	RYFRSWTS:0.21052631578947367	YRSQTTLA:0.21052631578947367	
