cluster number:82
GH16:6	GH16:6|CBM6:1|3.2.1.81:1
GYMEIKSK:0.5	YGYMEIKS:0.5	FLYGYMEI:0.3333333333333333	MEIKSKAA:0.5	LYGYMEIK:0.3333333333333333	YMEIKSKA:0.5	KSKAANAE:0.3333333333333333	AEYQIEYI:0.5	YQIEYIRV:0.5	EYIKVYID:0.3333333333333333	DDFHVYGF:0.6666666666666666	EYIRVWQK:0.5	NGEIATED:0.3333333333333333	NGEGILIF:0.3333333333333333	VDDIWTWT:0.3333333333333333	DFHVYGFE:0.3333333333333333	VGEKHDFG:0.3333333333333333	DRWVTDVP:0.3333333333333333	GEGILIFQ:0.3333333333333333	GQIKQVVG:0.3333333333333333	ELDMFEMF:0.5	ILNTDISD:0.3333333333333333	NTADDFHV:0.5	KLKILTKW:0.3333333333333333	IWFDSETF:0.5	FEMFGGHK:0.6666666666666666	NGAEPDRW:0.3333333333333333	IEYIRVWQ:0.5	LEDGKLKI:0.3333333333333333	GHKTNDAW:0.3333333333333333	AAVISKKQ:0.6666666666666666	GGHKTNDA:0.3333333333333333	EDGKLKIL:0.3333333333333333	NIISWDPN:0.6666666666666666	WFDSETFP:0.6666666666666666	WIWFDSET:0.5	LKILTKWE:0.3333333333333333	EMFGGHKT:0.6666666666666666	TFPWLGLP:0.3333333333333333	KAANAEIT:0.3333333333333333	AANAEITS:0.3333333333333333	IPRTVTIA:0.3333333333333333	IKVYIDGV:0.3333333333333333	LNTDISDE:0.5	TTAAVISK:0.6666666666666666	GKSVKKVK:0.3333333333333333	GKLAFMLL:0.3333333333333333	NNTADDFH:0.3333333333333333	MFEMFGGH:0.6666666666666666	ILEDGKLK:0.3333333333333333	TAAVISKK:0.6666666666666666	LDMFEMFG:0.5	QIKQVVGN:0.3333333333333333	HVYGFEWT:0.3333333333333333	AEPDRWVT:0.3333333333333333	LKLNIISW:0.5	TDISDEFE:0.3333333333333333	QWLIQGRN:0.3333333333333333	KLNIISWD:0.5	DSETFPWL:0.6666666666666666	DGKLKILT:0.3333333333333333	NTDISDEF:0.5	SETFPWLG:0.6666666666666666	EIKSKAAN:0.3333333333333333	TADDFHVY:0.5	ETFPWLGL:0.3333333333333333	AILEDGKL:0.3333333333333333	IISWDPNN:0.6666666666666666	YIKVYIDG:0.3333333333333333	GEIATEDI:0.3333333333333333	FHVYGFEW:0.3333333333333333	EIATEDIN:0.3333333333333333	KSVKKVKE:0.3333333333333333	YIDGVLHP:0.3333333333333333	HDFGVYKG:0.3333333333333333	PAEYQIEY:0.6666666666666666	LTAGDIAI:0.3333333333333333	WKKRLKLN:0.5	QIEYIRVW:0.5	DAWKKRLK:0.3333333333333333	TKLSISNR:0.3333333333333333	DGQIKQVV:0.3333333333333333	VYIDGVLH:0.3333333333333333	LNIISWDP:0.5	TNDAWKKR:0.3333333333333333	DMFEMFGG:0.6666666666666666	EYQIEYIR:0.5	NDAWKKRL:0.3333333333333333	FDSETFPW:0.6666666666666666	LRASINNA:0.3333333333333333	AVISKKQF:0.6666666666666666	KRLKLNII:0.5	GAEPDRWV:0.3333333333333333	EKHDFGVY:0.3333333333333333	ITTAAVIS:0.6666666666666666	HKTNDAWK:0.3333333333333333	MFGGHKTN:0.5	NAILEDGK:0.3333333333333333	ALTNGINA:0.3333333333333333	KHDFGVYK:0.3333333333333333	GKLKILTK:0.3333333333333333	KLAFMLLK:0.3333333333333333	RLKLNIIS:0.5	IKSKAANA:0.3333333333333333	SKAANAEI:0.3333333333333333	KVYIDGVL:0.3333333333333333	WILNTDIS:0.3333333333333333	KILTKWEP:0.3333333333333333	EPDRWVTD:0.3333333333333333	GEKHDFGV:0.3333333333333333	YIRVWQKQ:0.3333333333333333	FGGHKTND:0.5	PDRWVTDV:0.3333333333333333	AWKKRLKL:0.3333333333333333	DISDEFEA:0.3333333333333333	SVGEKHDF:0.3333333333333333	KTNDAWKK:0.3333333333333333	KKRLKLNI:0.5	ADDFHVYG:0.6666666666666666	SELDMFEM:0.3333333333333333	NITTAAVI:0.5	ILKSELTN:0.3333333333333333	GRAPSQFS:0.5	FHVYGFDW:0.3333333333333333	LKIVTKWE:0.3333333333333333	YENITTAA:0.3333333333333333	YGYMEIKC:0.3333333333333333	EIKCKSAN:0.3333333333333333	IGRAPSQF:0.3333333333333333	GYMEIKCK:0.3333333333333333	KLKIVTKW:0.3333333333333333	WTTGKNTS:0.3333333333333333	HVYGFDWT:0.3333333333333333	SFWTTGKN:0.3333333333333333	YWIWFDSE:0.3333333333333333	DFHVYGFD:0.3333333333333333	FIGRAPSQ:0.3333333333333333	SSFWTTGK:0.3333333333333333	MEIKCKSA:0.3333333333333333	TFPWLGIP:0.3333333333333333	ETFPWLGI:0.3333333333333333	FWTTGKNT:0.3333333333333333	TILKSELT:0.3333333333333333	YMEIKCKS:0.3333333333333333	KIVTKWEP:0.3333333333333333	ENITTAAV:0.5	TSSFWTTG:0.5	TTGKNTSE:0.3333333333333333	IVTKWEPD:0.3333333333333333	IKCKSANA:0.3333333333333333	ITSSFWTT:0.3333333333333333	
