cluster number:60
GH16:12	GH16:12
GGRESVRL:0.3333333333333333	SLGIYLLS:0.25	QYSLAATY:0.25	NPSGGRES:0.3333333333333333	DDFTFFTA:0.3333333333333333	HTTLNPSG:0.3333333333333333	KSFLSLGI:0.25	YNAANFFD:0.25	PTEGYVVY:0.25	YSLAATYN:0.25	SVRLTSNQ:0.25	NQVYLGVD:0.3333333333333333	TFFTAADP:0.3333333333333333	LVSTENNQ:0.25	LVAAEEAG:0.25	GIYLLSIL:0.25	VSTENNQV:0.25	SLAATYNA:0.25	AANFFDDF:0.3333333333333333	PSGGRESV:0.3333333333333333	VDHTTLNP:0.3333333333333333	TSNQAWGE:0.25	INAQYSLA:0.25	STENNQVY:0.25	DHTTLNPS:0.3333333333333333	LSLGIYLL:0.25	TTINAQYS:0.25	FTFFTAAD:0.3333333333333333	RLTSNQAW:0.25	GRESVRLT:0.25	TLNPSGGR:0.3333333333333333	AGLVSTEN:0.25	ADPTEGYV:0.3333333333333333	ENNQVYLG:0.25	AEEAGLVS:0.3333333333333333	TAADPTEG:0.3333333333333333	FFTAADPT:0.3333333333333333	VRLTSNQA:0.25	MNSKSFLS:0.25	MMNSKSFL:0.25	ESVRLTSN:0.25	VYEPLVAA:0.25	LSILTTIN:0.25	NAANFFDD:0.25	EGYVVYEP:0.25	TTLNPSGG:0.3333333333333333	AADPTEGY:0.3333333333333333	LGVDHTTL:0.3333333333333333	FFDDFTFF:0.3333333333333333	ANFFDDFT:0.3333333333333333	LNPSGGRE:0.3333333333333333	VVYEPLVA:0.25	SFLSLGIY:0.25	TENNQVYL:0.25	IYLLSILT:0.25	SNQAWGEG:0.25	SKSFLSLG:0.25	SGGRESVR:0.3333333333333333	NAQYSLAA:0.25	DPTEGYVV:0.25	AQYSLAAT:0.25	DFTFFTAA:0.3333333333333333	VYLGVDHT:0.3333333333333333	SILTTINA:0.25	NSKSFLSL:0.25	GYVVYEPL:0.25	GVDHTTLN:0.3333333333333333	VAAEEAGL:0.25	YEPLVAAE:0.25	EAGLVSTE:0.25	FTAADPTE:0.3333333333333333	FDDFTFFT:0.3333333333333333	LTSNQAWG:0.25	RESVRLTS:0.25	TEGYVVYE:0.25	AAEEAGLV:0.3333333333333333	PLVAAEEA:0.25	LAATYNAA:0.25	LTTINAQY:0.25	FLSLGIYL:0.25	AATYNAAN:0.25	NFFDDFTF:0.3333333333333333	QVYLGVDH:0.3333333333333333	YLGVDHTT:0.3333333333333333	YLLSILTT:0.25	TINAQYSL:0.25	ATYNAANF:0.25	GLVSTENN:0.25	EEAGLVST:0.3333333333333333	NNQVYLGV:0.3333333333333333	ILTTINAQ:0.25	EPLVAAEE:0.25	LGIYLLSI:0.25	YVVYEPLV:0.25	LLSILTTI:0.25	TYNAANFF:0.25	IDIIEGVN:0.5	PNSGEIDI:0.4166666666666667	WPNSGEID:0.4166666666666667	PNWPNSGE:0.4166666666666667	NWPNSGEI:0.4166666666666667	NSGEIDII:0.3333333333333333	SGEIDIIE:0.4166666666666667	GPNWPNSG:0.5	GEIDIIEG:0.6666666666666666	EIDIIEGV:0.5	IWPAFWMF:0.25	GVFIADIE:0.25	MFGPNWPN:0.4166666666666667	NAIGGGVY:0.3333333333333333	GFNAIGGG:0.25	FGPNWPNS:0.4166666666666667	PAFWMFGP:0.4166666666666667	FWMFGPNW:0.4166666666666667	WMFGPNWP:0.4166666666666667	IVFDTTFC:0.3333333333333333	CGIWPAFW:0.25	FNAIGGGV:0.25	ADIEHMPG:0.3333333333333333	IADIEHMP:0.4166666666666667	DIIEGVNL:0.25	IGGGVYAM:0.25	AFWMFGPN:0.4166666666666667	AIGGGVYA:0.3333333333333333	VFDTTFCG:0.3333333333333333	FIADIEHM:0.25	WPAFWMFG:0.4166666666666667	VFIADIEH:0.25	GIWPAFWM:0.25	AFKEAYWT:0.25	
