cluster number:115
GH16:224	GH16:224|CBM13:122|3.2.1.39:5|CBM11:5|CBM6:2|CBM32:2|CBM54:2|GH55:2|GH10:1|3.2.1.58:1|CBM4:1|GH18:1|CBM57:1
FFLILNLA:0.27232142857142855	LILNLAVG:0.35267857142857145	AVGGYWPG:0.4419642857142857	RTPADLGG:0.33482142857142855	GYWPGDPD:0.35267857142857145	IHGPGYSG:0.29910714285714285	GPGYSGSG:0.30357142857142855	ILNLAVGG:0.5223214285714286	GHVEARMK:0.20535714285714285	WPGDPDGS:0.3169642857142857	GQGIWPAF:0.3080357142857143	ITWSVDGN:0.22767857142857142	TIHGPGYS:0.29017857142857145	IPRGQGIW:0.22321428571428573	GTIHGPGY:0.30357142857142855	VGGYWPGD:0.42410714285714285	PGYSGSGG:0.30357142857142855	FEPSTVHG:0.23214285714285715	TVHGTIHG:0.21428571428571427	HGPGYSGS:0.3169642857142857	PRGQGIWP:0.26339285714285715	SGSGGIGA:0.2857142857142857	YTSARLNT:0.4107142857142857	VHGTIHGP:0.23214285714285715	GGYWPGDP:0.42410714285714285	LAVGGYWP:0.4375	WSVDGNVY:0.21875	PFFLILNL:0.26785714285714285	TSARLNTS:0.21428571428571427	VGFEPSTV:0.23214285714285715	PGDPDGST:0.3169642857142857	LNLAVGGY:0.4330357142857143	CEYTSARL:0.35714285714285715	MENVGFEP:0.4375	NVGFEPST:0.23660714285714285	KPFFLILN:0.24107142857142858	EPSTVHGT:0.2544642857142857	YWPGDPDG:0.3392857142857143	NHERQYYT:0.4017857142857143	FHTFAVDW:0.38392857142857145	AFADAFHT:0.20089285714285715	ADAFHTFA:0.20535714285714285	SVDGNVYQ:0.20535714285714285	ENVGFEPS:0.24553571428571427	FLILNLAV:0.30357142857142855	QGIWPAFW:0.3125	RGQGIWPA:0.26339285714285715	GYSGSGGI:0.29464285714285715	NLAVGGYW:0.4375	WPAFWMLG:0.8125	GEIDVMEN:0.21875	GFEPSTVH:0.23214285714285715	YSGSGGIG:0.29910714285714285	TWSVDGNV:0.22321428571428573	EYTSARLN:0.25892857142857145	FADAFHTF:0.21428571428571427	HGTIHGPG:0.23214285714285715	IWPAFWML:0.34375	GIWPAFWM:0.3482142857142857	ETGDNVNN:0.38839285714285715	VNNHERQY:0.3482142857142857	RGQGMWPA:0.32142857142857145	ALGKCLDV:0.32142857142857145	IGAGYTLP:0.22767857142857142	GDNVNNHE:0.40625	GEIDIMEN:0.5044642857142857	CQYTSARL:0.20535714285714285	QRRTPADL:0.22767857142857142	QGMWPAFW:0.38392857142857145	ITARKENP:0.2767857142857143	SITWSVDG:0.20535714285714285	IMENVGFE:0.2767857142857143	GQGMWPAF:0.38392857142857145	EIDIMENV:0.38839285714285715	LVITARKE:0.26339285714285715	ANGTRLQI:0.20089285714285715	SGEIDIME:0.3794642857142857	NGTRLQIW:0.20089285714285715	VITARKEN:0.2544642857142857	MWPAFWML:0.375	IDIMENVG:0.38839285714285715	TGDNVNNH:0.38839285714285715	NVNNHERQ:0.3794642857142857	RALGKCLD:0.34375	GIGAGYTL:0.23214285714285715	DNVNNHER:0.38839285714285715	NNHERQYY:0.36160714285714285	PRGQGMWP:0.3125	GMWPAFWM:0.38392857142857145	GGIGAGYT:0.20089285714285715	VQLYDCNG:0.2544642857142857	RRTPADLG:0.22767857142857142	DIMENVGF:0.2767857142857143	HGPGYSGG:0.2544642857142857	LVITARRE:0.24553571428571427	RCEYTSAR:0.26785714285714285	YGRCEYTS:0.27232142857142855	PAFWMLGN:0.22321428571428573	GRCEYTSA:0.26785714285714285	ITARRENP:0.20089285714285715	GQGNLVIT:0.24107142857142858	GNLVITAR:0.35714285714285715	QGNLVITA:0.23660714285714285	AFWMLGND:0.20982142857142858	DGQGNLVI:0.2544642857142857	WPNSGEID:0.20535714285714285	QLYDCNGT:0.22321428571428573	TLHGPGYS:0.35714285714285715	HGTLHGPG:0.32142857142857145	GTLHGPGY:0.35714285714285715	CWYGRCEY:0.22321428571428573	NAALDGQG:0.3392857142857143	TVHGTLHG:0.29910714285714285	WYGRCEYT:0.22321428571428573	LHGPGYSG:0.375	VHGTLHGP:0.32142857142857145	GHLVITAR:0.22321428571428573	ALDGQGHL:0.20982142857142858	GQGHLVIT:0.20089285714285715	DGQGHLVI:0.20982142857142858	GSGGIGAG:0.22767857142857142	SGGIGAGY:0.21875	LDGQGHLV:0.20982142857142858	QGHLVITA:0.20089285714285715	
