cluster number:51
GH16:21	GH16:21|GH43_24:5
YEIDYVRV:0.23809523809523808	YVRVYQKK:0.38095238095238093	IDYVRVYQ:0.23809523809523808	YLDDELLN:0.3333333333333333	WPAIWTLG:0.6190476190476191	EIDYVRVY:0.23809523809523808	DYVRVYQK:0.5238095238095238	LLNLALGG:0.23809523809523808	VPHILANA:0.23809523809523808	GEIDIMEY:0.23809523809523808	EIDIMEYY:0.23809523809523808	GMWPAIWT:0.2857142857142857	YEVDYVRV:0.2857142857142857	HYILLNLA:0.38095238095238093	VDYVRVYQ:0.47619047619047616	NGEIDIME:0.23809523809523808	EVDYVRVY:0.2857142857142857	ILLNLAIG:0.3333333333333333	YILLNLAI:0.3333333333333333	MWPAIWTL:0.2857142857142857	PHYILLNL:0.3333333333333333	HQPHYILL:0.23809523809523808	PFHQPHYI:0.23809523809523808	NPDGFNPF:0.23809523809523808	NPFHQPHY:0.23809523809523808	QPHYILLN:0.3333333333333333	FHQPHYIL:0.23809523809523808	YTSASINT:0.2857142857142857	WPSNGEID:0.23809523809523808	LLNLAIGG:0.23809523809523808	
