cluster number:150
GH16:28	GH16:28
LSVCAGRY:0.5357142857142857	AIWTWRDG:0.7857142857142857	IWTWRDGG:0.5	AGRYHPAP:0.35714285714285715	TGDVLEAR:0.21428571428571427	GDVLEARV:0.42857142857142855	AWPAIWTW:0.9642857142857143	DVLEARVR:0.39285714285714285	VCAGRYHP:0.5357142857142857	FRATRRPD:0.42857142857142855	GVFRATRR:0.32142857142857145	PDLLELSN:0.39285714285714285	SVCAGRYH:0.5357142857142857	LEARVRLP:0.42857142857142855	RATRRPDG:0.42857142857142855	HPDNPDLL:0.75	CAGRYHPA:0.2857142857142857	VFEYHPDN:0.6785714285714286	VDVFEYHP:0.21428571428571427	EYHPDNPD:0.75	PAIWTWRD:0.7857142857142857	EVDVFEYH:0.25	PDNPDLLE:0.75	YHPDNPDL:0.75	WPAIWTWR:0.7857142857142857	VFRATRRP:0.2857142857142857	NPDLLELS:0.35714285714285715	VLEARVRL:0.39285714285714285	FEYHPDNP:0.7857142857142857	DNPDLLEL:0.5714285714285714	GAWPAIWT:0.9642857142857143	DVFEYHPD:0.7857142857142857	PDGRWNTG:0.21428571428571427	EIGAWPAI:0.21428571428571427	WVAGRSWA:0.75	TWRDGDQE:0.2857142857142857	VNLSVSAG:0.2857142857142857	GRSWAYPD:0.39285714285714285	WRDGDQEI:0.21428571428571427	GGPVNPGD:0.42857142857142855	RWNTGLLT:0.25	GAWVDLRT:0.21428571428571427	SVSAGRYH:0.25	AGRSWAYP:0.7857142857142857	YPDGGPVN:0.2857142857142857	NLSVSAGR:0.2857142857142857	WTWRDGDQ:0.2857142857142857	PGAWVDLR:0.25	PDLLELTN:0.2857142857142857	SRSGVFRA:0.39285714285714285	DGRWNTGL:0.25	AYLIVNLS:0.6785714285714286	RSVVWWLN:0.21428571428571427	SVVWWLNG:0.21428571428571427	LIVNLSVS:0.2857142857142857	VSAGRYHP:0.25	DGDQEIDV:0.21428571428571427	SGVFRATR:0.2857142857142857	VAGRSWAY:0.75	GPVNPGDD:0.21428571428571427	IWTWRDGD:0.2857142857142857	DQEIDVFE:0.21428571428571427	SWAYPDGG:0.39285714285714285	NPGDDKLD:0.35714285714285715	LELTNHVR:0.25	IDVFEYHP:0.5714285714285714	RSGVFRAT:0.32142857142857145	WAYPDGGP:0.39285714285714285	IGAWPAIW:0.21428571428571427	RPDGRWNT:0.21428571428571427	GDQEIDVF:0.21428571428571427	RSWAYPDG:0.39285714285714285	NTGLLTTE:0.32142857142857145	EIDVFEYH:0.5714285714285714	YLIVNLSV:0.6428571428571429	DLLELTNH:0.25	RRPDGRWN:0.21428571428571427	PVNPGDDK:0.21428571428571427	LSVSAGRY:0.25	PDGGPVNP:0.2857142857142857	WNTGLLTT:0.32142857142857145	VRTGDVLE:0.25	VNPGDDKL:0.21428571428571427	TQWVAGRS:0.25	QWVAGRSW:0.75	RDGDQEID:0.21428571428571427	GRWNTGLL:0.25	DGGPVNPG:0.25	AGRYHPPP:0.2857142857142857	QEIDVFEY:0.39285714285714285	AYPDGGPV:0.2857142857142857	IVNLSVSA:0.2857142857142857	LLELTNHV:0.25	WTWRDGGN:0.25	NPDLLELT:0.21428571428571427	VNLSVCAG:0.5	TWRDGGNE:0.25	LIVNLSVC:0.5	IVNLSVCA:0.5	RQWVAGRS:0.21428571428571427	GGPTNPGD:0.25	NLSVCAGR:0.5	LGAWPAIW:0.25	GDDKLDHL:0.25	PGDDKLDH:0.25	GRSWAYPN:0.2857142857142857	RSWAYPNG:0.2857142857142857	RAYLIVNL:0.21428571428571427	ADRRGVGR:0.21428571428571427	DLLELSNH:0.2857142857142857	GDNKLDHL:0.2857142857142857	DNKLDHLV:0.21428571428571427	PGDNKLDH:0.2857142857142857	NPGDNKLD:0.39285714285714285	RSVVWWVN:0.21428571428571427	GLLTTEGS:0.5714285714285714	LLELSNHV:0.32142857142857145	SWAYPNGG:0.2857142857142857	WAYPNGGP:0.2857142857142857	WRAYLIVN:0.21428571428571427	SVVWWVNG:0.2857142857142857	YSRSGVFR:0.25	VNPGDNKL:0.21428571428571427	WTWRDGGQ:0.21428571428571427	HAYLIVNL:0.35714285714285715	GPVNPGDN:0.21428571428571427	TWRDGGQE:0.21428571428571427	PVNPGDNK:0.21428571428571427	WHAYLIVN:0.35714285714285715	TGLLTTEG:0.39285714285714285	CAGRYHPP:0.21428571428571427	LELSNHVR:0.21428571428571427	VGAWPAIW:0.25	
