cluster number:222
GH16:31	GH16:31|3.2.1.145:2|CBM1:1|3.2.1.181:1
PPESDILE:0.3225806451612903	WPAFWLTG:0.45161290322580644	YPWGSDHN:0.6129032258064516	AFWLTGVN:0.22580645161290322	PAFWLTGV:0.2903225806451613	TWPAFWLT:0.4838709677419355	PWGSDHNG:0.6129032258064516	LPIRYHSG:0.3225806451612903	PIRYHSGA:0.3225806451612903	RGTWPAFW:0.3225806451612903	DHNGTARM:0.22580645161290322	DVDIHYYL:0.22580645161290322	TDVDIHYY:0.2903225806451613	FWLTGVNS:0.22580645161290322	VDIHYYLD:0.22580645161290322	DIHYYLDG:0.22580645161290322	GTWPAFWL:0.6451612903225806	PWGTDHNG:0.22580645161290322	LQMEGSSG:0.45161290322580644	YPWGTDHN:0.22580645161290322	IINLQMEG:0.41935483870967744	INLQMEGS:0.3870967741935484	NLQMEGSS:0.45161290322580644	EGSSGSPG:0.41935483870967744	MEGSSGSP:0.3548387096774194	KGTWPAFW:0.25806451612903225	GSSGSPGP:0.41935483870967744	QMEGSSGS:0.3870967741935484	GSDHNGSA:0.3548387096774194	NSWPPESD:0.3225806451612903	WGSDHNGS:0.3548387096774194	WPPESDIL:0.2903225806451613	SWPPESDI:0.45161290322580644	NATDVDIH:0.22580645161290322	SDHNGSAR:0.3548387096774194	DHNGSARM:0.41935483870967744	LIINLQME:0.2903225806451613	ATDVDIHY:0.22580645161290322	LYPWGSDH:0.3548387096774194	YLYPWGSD:0.25806451612903225	VNSWPPES:0.25806451612903225	TGVNSWPP:0.25806451612903225	GVNSWPPE:0.25806451612903225	WNYLYPWG:0.22580645161290322	
