cluster number:55
GH16:76	GH16:76|3.2.1.39:7
PRSGEIDI:0.42105263157894735	DWLWPAIW:0.6447368421052632	WLWPAIWM:0.5657894736842105	LWPAIWML:0.3815789473684211	VGGTNGWF:0.27631578947368424	WPAIWMLP:0.4605263157894737	AVGGTNGW:0.27631578947368424	WPRSGEID:0.4605263157894737	GDWLWPAI:0.6447368421052632	GGWPRSGE:0.25	RSGEIDIM:0.23684210526315788	YGGWPRSG:0.25	SGEIDIME:0.4342105263157895	GWPRSGEI:0.25	GEIDIMES:0.3815789473684211	ILNVAVGG:0.4868421052631579	WPAIWMMP:0.2236842105263158	FYLILNVA:0.40789473684210525	YLILNVAV:0.39473684210526316	KGDWLWPA:0.21052631578947367	LILNVAVG:0.47368421052631576	NVAVGGTN:0.40789473684210525	WPASGEID:0.3026315789473684	VAVGGTNG:0.40789473684210525	PASGEIDI:0.27631578947368424	LNVAVGGT:0.4342105263157895	EIDIMESR:0.34210526315789475	DIMESRGN:0.34210526315789475	IDIMESRG:0.34210526315789475	
