cluster number:218
GH16:7	GH16:7
YGMWPAFW:0.42857142857142855	DPWPTQGE:0.2857142857142857	GDPWPTQG:0.2857142857142857	LTDCWHVY:0.2857142857142857	ISARIKLP:0.2857142857142857	GYGMWPAF:0.42857142857142855	PTQGEIDI:0.42857142857142855	AAGWRKTF:0.2857142857142857	WPTQGEID:0.42857142857142855	YGDPWPTQ:0.2857142857142857	TDCWHVYE:0.2857142857142857	GWRKTFED:0.2857142857142857	CWHVYELI:0.2857142857142857	DCWHVYEL:0.2857142857142857	AGWRKTFE:0.2857142857142857	WHVYELIW:0.2857142857142857	RISARIKL:0.2857142857142857	PWPTQGEI:0.42857142857142855	SLTDCWHV:0.2857142857142857	VDTKTGGY:0.2857142857142857	EIDILEAR:0.2857142857142857	GEIDILEA:0.42857142857142855	NQAVGGDF:0.2857142857142857	MQVDWVRV:0.42857142857142855	FTSARIES:0.42857142857142855	DILEARGN:0.2857142857142857	WPTNGEID:0.2857142857142857	LNQAVGGD:0.2857142857142857	TLNQAVGG:0.2857142857142857	FDFTSARI:0.42857142857142855	EGIMQVDW:0.2857142857142857	QVDWVRVY:0.42857142857142855	GMWPAFWS:0.5714285714285714	TSARIESK:0.42857142857142855	HVYELIWT:0.2857142857142857	WPAFWSYG:0.5714285714285714	QAVGGDFF:0.2857142857142857	DFTSARIE:0.42857142857142855	PAFWSYGD:0.42857142857142855	IDILEARG:0.2857142857142857	MWPAFWSY:0.7142857142857143	IVLNLAVG:0.2857142857142857	VWEGGAFN:0.2857142857142857	VLNLAVGG:0.2857142857142857	WHVYEVIW:0.2857142857142857	GAFNNEIQ:0.2857142857142857	NGMWPAFW:0.2857142857142857	GNGMWPAF:0.2857142857142857	VDWVRVYK:0.2857142857142857	SNIFYGTE:0.2857142857142857	DWVRVYKR:0.2857142857142857	LNLAVGGD:0.2857142857142857	
