cluster number:167
GH16:14	GH16:14
GPGYSGDA:0.21428571428571427	LILNFALG:0.5714285714285714	NFALGGAY:0.35714285714285715	YLILNFAL:0.2857142857142857	PGYSGDAG:0.21428571428571427	WPAFWALG:0.42857142857142855	KYLILNFA:0.21428571428571427	LWPAFWAL:0.35714285714285715	AVHGPGYS:0.21428571428571427	CGEIDIME:0.21428571428571427	DFISGRIN:0.21428571428571427	ILNFALGG:0.7142857142857143	LNFALGGA:0.35714285714285715	EQQAYVDS:0.35714285714285715	FALGGAYP:0.35714285714285715	GLWPAFWA:0.35714285714285715	VHGPGYSG:0.21428571428571427	HGPGYSGD:0.21428571428571427	MPDAVGVW:0.21428571428571427	PDAVGVWP:0.21428571428571427	VGVWPAFW:0.21428571428571427	GPGYSGET:0.35714285714285715	VNNEQQAY:0.35714285714285715	HGPGYSGE:0.35714285714285715	GVWPAFWM:0.2857142857142857	VWPAFWML:0.21428571428571427	DAVGVWPA:0.21428571428571427	PGYSGETP:0.35714285714285715	AVGVWPAF:0.21428571428571427	RMPDAVGV:0.21428571428571427	MEVDWVRV:0.21428571428571427	WPAFWMLG:0.21428571428571427	ARIRMPDA:0.21428571428571427	EYVGEKDW:0.21428571428571427	MEYVGEKD:0.21428571428571427	EARIRMPD:0.21428571428571427	NNEQQAYV:0.21428571428571427	NEQQAYVD:0.21428571428571427	FALGGGYP:0.35714285714285715	NFALGGGY:0.35714285714285715	AFDNPKFL:0.21428571428571427	WPDCGEID:0.35714285714285715	HGPGYFGN:0.21428571428571427	ALHGPGYF:0.21428571428571427	METVGDSS:0.21428571428571427	AGLWPAFW:0.2857142857142857	GYFGNTPL:0.21428571428571427	WAFDNPKF:0.21428571428571427	YFGNTPLA:0.21428571428571427	PGYFGNTP:0.21428571428571427	LHGPGYFG:0.21428571428571427	FDNPKFLI:0.21428571428571427	AFWALGNG:0.21428571428571427	PAFWALGN:0.21428571428571427	GPGYFGNT:0.21428571428571427	ETVGDSSW:0.21428571428571427	GAGLWPAF:0.2857142857142857	VGMDFWVN:0.21428571428571427	LRPVYRPG:0.21428571428571427	EIDIMEYV:0.2857142857142857	PDTGEIDI:0.21428571428571427	DTGEIDIM:0.21428571428571427	GEIDIMEY:0.35714285714285715	DIMEYVGE:0.2857142857142857	WPDTGEID:0.21428571428571427	NVVGMDFW:0.21428571428571427	ALHGPGYS:0.21428571428571427	VLRPVYRP:0.21428571428571427	WNVVGMDF:0.21428571428571427	VVGMDFWV:0.21428571428571427	LVLRPVYR:0.21428571428571427	TGEIDIME:0.35714285714285715	VALHGPGY:0.21428571428571427	IDIMEYVG:0.2857142857142857	LHGPGYSG:0.21428571428571427	GVALHGPG:0.21428571428571427	LNFALGGG:0.2857142857142857	FLSGRINT:0.21428571428571427	QAYVDSAS:0.21428571428571427	QQAYVDSA:0.21428571428571427	DFLSGRIN:0.21428571428571427	VDWVLVTK:0.21428571428571427	LVDWVLVT:0.21428571428571427	YDFLSGRI:0.21428571428571427	
