cluster number:193
GH16:7	GH16:7
GEVDFMEI:0.5714285714285714	LTITGDAA:0.2857142857142857	DISQGGQL:0.2857142857142857	VDFMEIAD:0.2857142857142857	ATQWHSWA:0.42857142857142855	LDNFGGDI:0.42857142857142855	DATQWHSW:0.42857142857142855	GHDGNGRR:0.5714285714285714	NFGGDISQ:0.42857142857142855	VLLLWPSG:0.2857142857142857	FGGDISQG:0.42857142857142855	MVLCVQLD:0.2857142857142857	EVCAKSSV:0.2857142857142857	GTPLRTDD:0.2857142857142857	GMAWTPGR:0.2857142857142857	QWHSWAVE:0.42857142857142855	RWEVCAKS:0.42857142857142855	DNFGGDIS:0.42857142857142855	TGDAAGDS:0.2857142857142857	GDISQGGQ:0.42857142857142855	NYHSVLLL:0.42857142857142855	RLAFFVDG:0.2857142857142857	HSVLLLWP:0.42857142857142855	DFMEIADP:0.42857142857142855	LYNGPGHD:0.2857142857142857	YNGPGHDG:0.2857142857142857	SEGMAWTP:0.2857142857142857	TITGDAAG:0.2857142857142857	VDWTREYP:0.2857142857142857	GPGHDGNG:0.5714285714285714	HSWAVEWT:0.7142857142857143	AGDSEGMA:0.2857142857142857	HDGNGRRT:0.5714285714285714	DGMLTITG:0.2857142857142857	PLRTDDFS:0.2857142857142857	FVDGAQWW:0.2857142857142857	VQLDNFGG:0.2857142857142857	WEVCAKSS:0.2857142857142857	TQWHSWAV:0.42857142857142855	GDAAGDSE:0.2857142857142857	EGMAWTPG:0.2857142857142857	AAGDSEGM:0.2857142857142857	QRLAFFVD:0.2857142857142857	QLDNFGGD:0.5714285714285714	PGHDGNGR:0.5714285714285714	NGPGHDGN:0.2857142857142857	DAAGDSEG:0.2857142857142857	ITGDAAGD:0.2857142857142857	SGEVDFME:0.2857142857142857	EVDFMEIA:0.2857142857142857	GGDISQGG:0.42857142857142855	WGTPLRTD:0.2857142857142857	GDSEGMAW:0.2857142857142857	GMLTITGD:0.2857142857142857	LCVQLDNF:0.2857142857142857	DSEGMAWT:0.2857142857142857	CVQLDNFG:0.2857142857142857	SVLLLWPS:0.2857142857142857	VLCVQLDN:0.2857142857142857	DGNGRRTP:0.42857142857142855	WHSWAVEW:0.8571428571428571	SWAVEWTP:0.5714285714285714	VDGAQWWE:0.2857142857142857	VCAKSSVA:0.2857142857142857	GRWEVCAK:0.42857142857142855	YGRWEVCA:0.2857142857142857	TPLRTDDF:0.2857142857142857	IDATQWHS:0.42857142857142855	GSGEVDFM:0.2857142857142857	YHSVLLLW:0.42857142857142855	CAKSSVAS:0.2857142857142857	EIADPTRQ:0.2857142857142857	PNYHSVLL:0.2857142857142857	MEIADPTR:0.2857142857142857	ASPNYHSV:0.2857142857142857	SPNYHSVL:0.2857142857142857	FMEIADPT:0.2857142857142857	CLQLDNFG:0.2857142857142857	LQLDNFGG:0.2857142857142857	TGDAQGNS:0.2857142857142857	MEIVDPAR:0.2857142857142857	DFMEIVDP:0.2857142857142857	DAQGNSGG:0.2857142857142857	FPPRPMHL:0.2857142857142857	RFPPRPMH:0.2857142857142857	FMEIVDPA:0.2857142857142857	MHLCLQLD:0.42857142857142855	PPRPMHLC:0.42857142857142855	QGNSGGMA:0.2857142857142857	PMHLCLQL:0.42857142857142855	GEIDFMEI:0.2857142857142857	GGEIDFME:0.2857142857142857	RPMHLCLQ:0.42857142857142855	GDAQGNSG:0.2857142857142857	PRPMHLCL:0.42857142857142855	LCLQLDNF:0.2857142857142857	EIVDPARQ:0.2857142857142857	VDATRWHS:0.2857142857142857	AQGNSGGM:0.2857142857142857	HLCLQLDN:0.2857142857142857	VDWARQYP:0.2857142857142857	DWARQYPL:0.2857142857142857	RIDATQWH:0.2857142857142857	GQLHGRWE:0.2857142857142857	PGQLHGRW:0.2857142857142857	QLHGRWEA:0.2857142857142857	HGRWEACV:0.2857142857142857	LPGQLHGR:0.2857142857142857	GGEVDFME:0.2857142857142857	LHGRWEAC:0.2857142857142857	WLPGQLHG:0.2857142857142857	
