cluster number:179
GH16:22	GH16:22|CBM56:1
NLAWGGDW:0.5	EIDIMEEV:0.5	FYPILNLA:0.22727272727272727	AFYPILNL:0.22727272727272727	GTWPAFWM:0.7272727272727273	DYVRVFQK:0.4090909090909091	IDIMEEVG:0.5	PAFWMMPV:0.22727272727272727	GKIYSGRV:0.22727272727272727	PEGYRLVW:0.22727272727272727	KIYSGRVY:0.22727272727272727	TWPAFWMM:0.5909090909090909	AWGGDWGG:0.5	PKGKGTWP:0.4090909090909091	GVDESALP:0.45454545454545453	LPKGKGTW:0.4090909090909091	WPAFWMMP:0.5909090909090909	LNLAWGGD:0.5	GKGTWPAF:0.5909090909090909	KGKGTWPA:0.4090909090909091	MKVDYVRV:0.22727272727272727	VDYVRVFQ:0.22727272727272727	LAWGGDWG:0.5	YAFYPILN:0.22727272727272727	CGEIDIME:0.3181818181818182	DGKIYSGR:0.2727272727272727	YPILNLAW:0.22727272727272727	YVRVFQKK:0.4090909090909091	TMKVDYVR:0.22727272727272727	IYSGRVYA:0.22727272727272727	KGTWPAFW:0.5909090909090909	GWVNNELQ:0.3181818181818182	ILNLAWGG:0.2727272727272727	PILNLAWG:0.22727272727272727	DIMEEVGV:0.22727272727272727	SDGKIYSG:0.22727272727272727	GEIDIMEE:0.5	IDYVRVYQ:0.3181818181818182	DDGEIDIM:0.22727272727272727	YEIDYVRV:0.5	QGVDESAL:0.22727272727272727	WGGDWGGA:0.2727272727272727	WPDDGEID:0.22727272727272727	ALPATYEI:0.22727272727272727	YLKLNLAW:0.36363636363636365	LPATYEID:0.36363636363636365	DGEIDIME:0.5909090909090909	PDDGEIDI:0.22727272727272727	KYGYFEAR:0.22727272727272727	DIMEEVGY:0.22727272727272727	WKYGYFEA:0.22727272727272727	YGYFEARL:0.4090909090909091	WGGAQGVD:0.3181818181818182	ATYEIDYV:0.4090909090909091	GAQGVDES:0.2727272727272727	LKLNLAWG:0.4090909090909091	TYEIDYVR:0.4090909090909091	KLNLAWGG:0.4090909090909091	AFWMMPKN:0.3181818181818182	GGAQGVDE:0.2727272727272727	PATYEIDY:0.4090909090909091	FYLKLNLA:0.5	PFYLKLNL:0.5	PAFWMMPK:0.2727272727272727	YVDGKVQL:0.22727272727272727	TYVDGKVQ:0.22727272727272727	ITTYVDGK:0.22727272727272727	TTYVDGKV:0.22727272727272727	WPLDGEID:0.3181818181818182	SWTYGYFE:0.22727272727272727	EIDIMEYV:0.36363636363636365	DGTLKIIA:0.2727272727272727	GYFEARLR:0.22727272727272727	VPGGKGTW:0.22727272727272727	IMEYVGYD:0.2727272727272727	VNNELQTY:0.22727272727272727	GEIDIMEY:0.36363636363636365	LDGEIDIM:0.3181818181818182	DIMEYVGY:0.36363636363636365	MEYVGYDP:0.2727272727272727	EIDYVRVY:0.3181818181818182	DYVRVYQK:0.22727272727272727	WTYGYFEA:0.2727272727272727	IDIMEYVG:0.36363636363636365	PLDGEIDI:0.3181818181818182	YIKGFVDG:0.22727272727272727	TYGYFEAR:0.2727272727272727	
