cluster number:176
GH16:28	GH16:28|3.2.1.39:1
TWPAIWTL:0.42857142857142855	WPACGEID:0.2857142857142857	LNSKFAFT:0.4642857142857143	ARLNSKFA:0.6071428571428571	SARLNSKF:0.7142857142857143	YTSARLNS:0.7142857142857143	RLNSKFAF:0.6071428571428571	WPAIWTLG:0.42857142857142855	SKFAFTYG:0.35714285714285715	PACGEIDI:0.25	NSKFAFTY:0.35714285714285715	TSARLNSK:0.8571428571428571	GTWPAIWT:0.4642857142857143	KFAFTYGR:0.2857142857142857	CGEIDIME:0.6785714285714286	GRVDVRAK:0.32142857142857145	IWTLGKNI:0.2857142857142857	FTYGRVDV:0.21428571428571427	DIMEHGLG:0.32142857142857145	PAIWTLGK:0.32142857142857145	IMEHGLGA:0.21428571428571427	YGRVDVRA:0.25	IDIMEHGL:0.35714285714285715	VDVRAKLP:0.32142857142857145	DGTWPAIW:0.2857142857142857	AIWTLGKN:0.32142857142857145	KNYTSARL:0.21428571428571427	AFTYGRVD:0.21428571428571427	EIDIMEHG:0.35714285714285715	GEIDIMEH:0.5357142857142857	RVDVRAKL:0.32142857142857145	NYTSARLN:0.21428571428571427	LVWSDEFD:0.5	ACGEIDIM:0.21428571428571427	NGEIQHYT:0.25	WTLGKNIN:0.25	TLGKNINE:0.25	EIDYVRVY:0.2857142857142857	DYVRVYQE:0.21428571428571427	KWFHQTQL:0.21428571428571427	NLVWSDEF:0.2857142857142857	IDYVRVYQ:0.4642857142857143	VWSDEFDG:0.25	WFHQTQLP:0.21428571428571427	MEIDYVRV:0.25	MVIDYVRV:0.25	GDGTWPAI:0.25	KNINEDGG:0.21428571428571427	VIDYVRVY:0.25	TDQGETKQ:0.21428571428571427	LGKNINED:0.25	FTDQGETK:0.21428571428571427	GKNINEDG:0.25	QITFLIDD:0.21428571428571427	LLNVAMGG:0.25	DLVWSDEF:0.21428571428571427	
