cluster number:205
GH16:32	GH16:32|CBM6:16|3.2.1.81:7|CBM13:2|3.2.1.178:1
VDWIRVYK:0.3125	HLSHHVFI:0.6875	RLHLSHHV:0.5625	LHLSHHVF:0.5625	PFQDYQPT:0.25	DWIRVYKP:0.3125	LSHHVFIR:0.6875	PWHLEYYI:0.21875	VGVYWRDP:0.25	WRDPWHLE:0.34375	RVGVYWRD:0.25	TGPGLTEW:0.21875	GVYWRDPW:0.375	RDPWHLEY:0.34375	YWRDPWHL:0.34375	VYWRDPWH:0.34375	DPWHLEYY:0.34375	WTGPGLTE:0.21875	TGGTGLSK:0.25	WNGDEIRF:0.28125	IRDPFQDY:0.5	WQWNGDEI:0.28125	WVRFYKPV:0.375	VRFYKPVP:0.25	DPFQDYQP:0.5	HHVFIRDP:0.53125	PLSDDFNY:0.21875	ERLHLSHH:0.34375	HVFIRDPF:0.53125	VDWVRFYK:0.28125	GGTGLSKP:0.25	GTGLSKPM:0.40625	TDAELADP:0.21875	DSTEEIDV:0.25	DWVRFYKP:0.375	QWNGDEIR:0.28125	FIRDPFQD:0.5	PTDAELAD:0.21875	VFIRDPFQ:0.5	RDPFQDYQ:0.5	SHHVFIRD:0.4375	DWRSDNGI:0.21875	PFQDYQPK:0.4375	QDWRSDNG:0.21875	MIDPYGYT:0.21875	EDQDWRSD:0.25	QDYQPKDA:0.3125	FQDYQPKD:0.4375	DQDWRSDN:0.21875	RWSEGFIN:0.28125	DYQPKDAG:0.3125	ANAFWLLS:0.25	FDERLHLS:0.21875	DERLHLSH:0.21875	WFDERLHL:0.21875	TGLSKPMQ:0.21875	NINYNTLG:0.21875	YQPKDAGS:0.25	QPKDAGSW:0.25	INYNTLGD:0.21875	
