cluster number:164
GH16:12	GH16:12|CBM39:10
SITEFPDG:0.25	LYPEILLE:0.5833333333333334	LELKVGDV:0.25	ILPPVASG:0.25	WQIEQYIP:0.6666666666666666	PEILLEPF:0.4166666666666667	WLYPEILL:0.5833333333333334	KVGDVINY:0.25	EYPFVSYQ:0.3333333333333333	TLNLFSGC:0.25	ELKVGDVI:0.25	RAKLPQGD:0.75	PEYPFVSY:0.3333333333333333	SSGVIKIA:0.25	VRAKLPQG:0.4166666666666667	GTLNLFSG:0.25	LKVGDVIN:0.25	PQGDWLYP:0.5833333333333334	LYGGPIMD:0.3333333333333333	VEPTASGL:0.4166666666666667	HYSSGVIK:0.25	YSSGVIKI:0.25	YGGPIMDL:0.25	AKLPQGDW:0.8333333333333334	NLFSGCTS:0.25	VLYGGPIM:0.25	VDYVKVVA:0.5	LGVAAGSI:0.25	SGTLNLFS:0.25	FSGCTSSA:0.3333333333333333	LNLFSGCT:0.3333333333333333	GDVINYYV:0.25	PFVSYQHL:0.25	QGDWLYPE:0.5833333333333334	FYLTLGVA:0.3333333333333333	LFSGCTSS:0.3333333333333333	GSITEFPD:0.25	LPPVASGR:0.25	DVINYYVF:0.25	YLTLGVAA:0.25	TLGVAAGS:0.25	DWLYPEIL:0.5833333333333334	KDNLSFTV:0.25	AGSITEFP:0.25	LPQGDWLY:0.5833333333333334	DYVKVVAL:0.5833333333333334	VWQIEQYI:0.5	VINYYVFV:0.25	YVRAKLPQ:0.25	KLPQGDWL:0.5833333333333334	RVEPTASG:0.3333333333333333	LTLGVAAG:0.25	EILLEPFL:0.4166666666666667	VGDVINYY:0.25	GDWLYPEI:0.5833333333333334	YPEILLEP:0.6666666666666666	PFDDHFYL:0.25	LEPFLKKY:0.4166666666666667	HPEHPFVS:0.25	LLEPFLKK:0.4166666666666667	EPFLKKYG:0.4166666666666667	ILLEPFLK:0.3333333333333333	APFDDHFY:0.5833333333333334	EHPFVSYQ:0.25	FDDHFYLT:0.25	PFLKKYGS:0.3333333333333333	DHFYLTLG:0.25	DDHFYLTL:0.25	HFYLTLGV:0.25	MAPFDDHF:0.6666666666666666	PEHPFVSY:0.25	DSIYSGTL:0.25	DDHFYITL:0.3333333333333333	HFYITLGV:0.4166666666666667	AGQTIFEE:0.25	IRAKLPQG:0.3333333333333333	DHFYITLG:0.3333333333333333	FAFTYGTV:0.25	ILPPIVSG:0.25	DILPPIVS:0.25	VEIRAKLP:0.3333333333333333	FYITLGVA:0.3333333333333333	YPFVSYQR:0.25	GADILPPI:0.25	CAGQTIFE:0.4166666666666667	PFDDHFYI:0.3333333333333333	ADILPPIV:0.25	ACAGQTIF:0.4166666666666667	FDDHFYIT:0.3333333333333333	SLFVFQGN:0.25	SGVIKIAS:0.25	IASARGNR:0.25	ASILPPVV:0.25	SILPPVVS:0.25	DWIYPEIL:0.25	IKIASARG:0.25	GASILPPV:0.25	ILPPVVSG:0.25	ASGLSGRF:0.25	LLVDYVKV:0.4166666666666667	GYIKDNLS:0.25	EPTASGLS:0.25	GDWIYPEI:0.25	RITLSVDG:0.25	LPPVVSGR:0.25	GVIKIASA:0.25	PTASGLSG:0.25	LVDYVKVV:0.3333333333333333	VIKIASAR:0.25	EFPFVSYQ:0.25	IYPEILLE:0.25	KIASARGN:0.3333333333333333	TASGLSGR:0.25	WIYPEILL:0.25	ASGVIKIA:0.3333333333333333	YASGVIKI:0.25	FPFVSYQR:0.25	PFVSYQRL:0.4166666666666667	LDLFSGCT:0.25	GQTIFEDN:0.25	DYVKVIAL:0.25	VDYVKVIA:0.25	QTIFEDNF:0.25	PEILLEPL:0.25	LGVAVGGI:0.25	TLGVAVGG:0.25	
