cluster number:194
GH16:12	GH16:12|CBM16:4|CBM6:2|3.2.1.103:1
DYELIWSD:0.25	MPEPATAY:0.25	VRAKFTQG:0.25	ITNADLPF:0.3333333333333333	IEQYLTGL:0.25	ILNQAGGA:0.25	AGWPGAIT:0.3333333333333333	VLRMDNAV:0.25	NNSVTFTT:0.25	YELIWSDE:0.25	QWPFDVPF:0.25	GAITNADL:0.3333333333333333	LIWSDEFN:0.25	QVDYVRVY:0.25	LVLRMDNA:0.25	WPSCGEID:0.3333333333333333	FTQGRGSW:0.25	TVAWNKYM:0.25	EVRAKFTQ:0.25	RAKFTQGR:0.25	QGRGSWPA:0.25	WPGAITNA:0.3333333333333333	WMMPEPAT:0.25	SWPAIWMM:0.4166666666666667	QAGGAGWP:0.25	GSWPAIWM:0.4166666666666667	PFYLILNQ:0.3333333333333333	GRGSWPAI:0.25	RGSWPAIW:0.5	TQGRGSWP:0.25	WPFDVPFY:0.25	PGAITNAD:0.3333333333333333	NSVTFTTG:0.25	KFTQGRGS:0.25	NQAGGAGW:0.25	AITNADLP:0.3333333333333333	SGTVYGDD:0.25	AIWMMPEP:0.25	PAIWMMPE:0.4166666666666667	MQVDYVRV:0.25	SVTFTTGA:0.25	GTVAWNKY:0.25	GAGWPGAI:0.4166666666666667	TIHNGSVT:0.25	LNQAGGAG:0.25	GTVYGDDF:0.25	YGKVEVRA:0.5833333333333334	WPAIWMMP:0.4166666666666667	KVEVRAKF:0.4166666666666667	AKFTQGRG:0.25	IWMMPEPA:0.25	MMPEPATA:0.25	VEVRAKFT:0.25	AGGAGWPG:0.25	QQWPFDVP:0.25	GKVEVRAK:0.5	ELIWSDEF:0.25	RGTVAWNK:0.25	GGAGWPGA:0.4166666666666667	GWPGAITN:0.3333333333333333	VAWNKYMT:0.25	FDKPFYLI:0.3333333333333333	EIDIMEHV:0.3333333333333333	IDIMEHVN:0.3333333333333333	WPFDKPFY:0.3333333333333333	SGEIDIME:0.25	GEIDIMEH:0.5833333333333334	KPFYLILN:0.3333333333333333	DKPFYLIL:0.3333333333333333	VDYVRVYQ:0.25	PFDKPFYL:0.3333333333333333	FLYGKVEV:0.25	LYGKVEVR:0.25	CGEIDIME:0.3333333333333333	SCGEIDIM:0.25	PSCGEIDI:0.25	PRARGSWP:0.25	KDWPFDQK:0.25	DWPFDQKF:0.25	LPRARGSW:0.25	RARGSWPA:0.25	ARGSWPAI:0.25	
