cluster number:192
GH16:21	GH16:21|3.2.1.6:3
EVGYVAHY:0.42857142857142855	GSMMEVGY:0.42857142857142855	VAVGGNWP:0.23809523809523808	IWPAFWLL:0.2857142857142857	MEVGYVAH:0.42857142857142855	MMEVGYVA:0.5238095238095238	AVGGNWPG:0.2857142857142857	SMMEVGYV:0.38095238095238093	FILNVAVG:0.5238095238095238	LNVAVGGN:0.23809523809523808	GIWPAFWL:0.2857142857142857	NVAVGGNW:0.23809523809523808	ILNVAVGG:0.5714285714285714	WPACGELD:0.23809523809523808	WPAFWLLG:0.38095238095238093	LQLVPWRD:0.3333333333333333	YPGGICNE:0.3333333333333333	TLQLVPWR:0.2857142857142857	YFILNVAV:0.2857142857142857	AFWLLGDS:0.2857142857142857	PAFWLLGD:0.2857142857142857	SGRIESKY:0.23809523809523808	ESKYTFTP:0.23809523809523808	WTSGRLES:0.42857142857142855	TSGRLESK:0.2857142857142857	DGYGSMME:0.38095238095238093	YGSMMEVG:0.38095238095238093	GYGSMMEV:0.38095238095238093	WTSGRIES:0.2857142857142857	SPLYFILN:0.23809523809523808	GDTLQLVP:0.2857142857142857	PAFWMLGD:0.3333333333333333	SGGDTLQL:0.2857142857142857	LLNVAVGG:0.23809523809523808	GGDTLQLV:0.2857142857142857	DTLQLVPW:0.2857142857142857	WPAFWMLG:0.5238095238095238	KQGIWPAF:0.5238095238095238	QGIWPAFW:0.5238095238095238	NVAVGGTW:0.23809523809523808	HCDVYPGG:0.23809523809523808	NKQGIWPA:0.23809523809523808	VYPGGICN:0.23809523809523808	AVGGTWPG:0.23809523809523808	PGGICNEG:0.23809523809523808	VAVGGTWP:0.23809523809523808	LNVAVGGT:0.2857142857142857	IWPAFWML:0.38095238095238093	GIWPAFWM:0.38095238095238093	CGEIDIME:0.23809523809523808	
