cluster number:132
GH16:17	GH16:17|3.2.1.39:1|CBM6:1
YYGGNTNT:0.23529411764705882	AKMYVDYV:0.23529411764705882	KCGEIDIM:0.4117647058823529	YGRFEARI:0.29411764705882354	RIKLPQGQ:0.23529411764705882	ARIKLPQG:0.23529411764705882	PAKMYVDY:0.23529411764705882	CGEIDIME:0.7647058823529411	EARIKLPQ:0.23529411764705882	LPAKMYVD:0.23529411764705882	FEARIKLP:0.29411764705882354	IKLPQGQG:0.23529411764705882	PKCGEIDI:0.4117647058823529	GRFEARIK:0.29411764705882354	WPKCGEID:0.4117647058823529	RFEARIKL:0.29411764705882354	WPAFWMLG:0.5294117647058824	GEIDIMEQ:0.35294117647058826	YGRIEARI:0.29411764705882354	YVSSENGT:0.23529411764705882	GGNLVITA:0.23529411764705882	TGGNLVIT:0.23529411764705882	KYVSSENG:0.29411764705882354	GNLVITAK:0.23529411764705882	GEIDIMEH:0.23529411764705882	GKYVSSEN:0.23529411764705882	GRIEARIK:0.23529411764705882	
