cluster number:143
GH16:17	GH16:17
HYLPAWSS:0.29411764705882354	LPHYLPAW:0.23529411764705882	LAVFDFPE:0.4117647058823529	PHYLPAWS:0.29411764705882354	VWLPHYLP:0.23529411764705882	LPAWSSRA:0.23529411764705882	YLPAWSSR:0.29411764705882354	PAWSSRAA:0.23529411764705882	WLPHYLPA:0.23529411764705882	FHTYAVDW:0.29411764705882354	GSTVGQQP:0.4117647058823529	PVGSTVGQ:0.35294117647058826	VGSTVGQQ:0.35294117647058826	GPVGSTVG:0.35294117647058826	SGPVGSTV:0.35294117647058826	FSGPVGST:0.35294117647058826	ICVMEVFG:0.29411764705882354	EICVMEVF:0.29411764705882354	LRVSGIQS:0.23529411764705882	PLRVSGIQ:0.23529411764705882	LQLMLAVF:0.23529411764705882	QLMLAVFD:0.35294117647058826	MLAVFDFP:0.4117647058823529	PPEQGLWC:0.23529411764705882	LMLAVFDF:0.35294117647058826	PLQLMLAV:0.23529411764705882	YPLQLMLA:0.23529411764705882	FSAWMVGL:0.23529411764705882	AWMVGLED:0.23529411764705882	MFSAWMVG:0.23529411764705882	SMFSAWMV:0.23529411764705882	SAWMVGLE:0.23529411764705882	
