cluster number:199
GH16:24	GH16:24
DLDEIDWE:0.9166666666666666	HVKMAKGA:0.20833333333333334	QSDDLDEI:0.7916666666666666	ADTEFHNY:0.3333333333333333	DEIDWEWV:0.3333333333333333	SSVVLQSD:0.25	VKMAKGAG:0.20833333333333334	EIDWEWVG:0.3333333333333333	VVLQSDDL:0.25	VLQSDDLD:0.7083333333333334	KGAGIISS:0.20833333333333334	GKNYPQTP:0.25	NADTEFHN:0.2916666666666667	DWEWVGYN:0.2916666666666667	MAKGAGII:0.20833333333333334	SNFYIFFG:0.25	LDEIDWEW:0.8333333333333334	KNYPQTPC:0.20833333333333334	SDDLDEID:0.8333333333333334	EWVGYNTS:0.25	WEWVGYNT:0.2916666666666667	SVVLQSDD:0.25	DDLDEIDW:0.8333333333333334	NFYIFFGV:0.20833333333333334	LQSDDLDE:0.7916666666666666	IDWEWVGY:0.2916666666666667	AKGAGIIS:0.20833333333333334	KMAKGAGI:0.20833333333333334	DTEFHNYT:0.3333333333333333	GTIDWAGG:0.3333333333333333	MQIKLGTW:0.20833333333333334	QTNYFSKG:0.20833333333333334	TPMQIKLG:0.20833333333333334	GTIEWAGG:0.20833333333333334	PQTPMQIK:0.25	QGTIEWAG:0.20833333333333334	QTPMQIKL:0.20833333333333334	PMQIKLGT:0.20833333333333334	QIKLGTWV:0.20833333333333334	VQTNYFSK:0.20833333333333334	QGTIDWAG:0.2916666666666667	DEIDWEWL:0.3333333333333333	IDWEWLGG:0.3333333333333333	EIDWEWLG:0.3333333333333333	QSNYFGKG:0.20833333333333334	SNYFGKGN:0.20833333333333334	VSSVVLQS:0.20833333333333334	GYNTSEVQ:0.20833333333333334	YNTSEVQS:0.20833333333333334	FHNYTTYW:0.20833333333333334	NTSEVQSN:0.20833333333333334	EFHNYTTY:0.20833333333333334	TEFHNYTT:0.20833333333333334	
