cluster number:83
GH16:59	GH16:59|3.2.1.39:1
ILNVAMGG:0.5423728813559322	IDIMEHVG:0.23728813559322035	CGEIDIME:0.4745762711864407	GWGNNELQ:0.22033898305084745	EIDIMEHV:0.23728813559322035	GEIDIMEH:0.3220338983050847	NPNGDGSG:0.23728813559322035	PACGEIDI:0.2711864406779661	WPACGEID:0.3728813559322034	ACGEIDIM:0.2542372881355932	GWPACGEI:0.2033898305084746	YTSARLKT:0.2033898305084746	LGAGGWGN:0.2542372881355932	TWPAIWML:0.4406779661016949	PAIWMLGS:0.22033898305084745	GTWPAIWM:0.4406779661016949	GYTSARLK:0.2711864406779661	DLGAGGWG:0.2542372881355932	YDLGAGGW:0.2542372881355932	WPAIWMLG:0.4745762711864407	YTSARLKS:0.2711864406779661	AIWMLGSN:0.2033898305084746	FFLILNVA:0.3050847457627119	VEVRAKLP:0.2542372881355932	NVAMGGTL:0.2711864406779661	AMGGTLGG:0.3389830508474576	LILNVAMG:0.3050847457627119	FLILNVAM:0.3050847457627119	VAMGGTLG:0.2711864406779661	GGYTSARL:0.22033898305084745	LNVAMGGT:0.288135593220339	EIDYVRVY:0.23728813559322035	GEIDIMEQ:0.2033898305084746	IDYVRVYQ:0.22033898305084745	MEIDYVRV:0.2033898305084746	
