cluster number:158
GH16:13	GH16:13|CBM4:9
PKGKGLWP:0.23076923076923078	NLAVGGSW:0.38461538461538464	GSWPGNPD:0.23076923076923078	GGSWPGNP:0.23076923076923078	LAVGGSWP:0.23076923076923078	KGKGLWPA:0.23076923076923078	AVGGSWPG:0.23076923076923078	VGGSWPGN:0.23076923076923078	YSVQLVQA:0.3076923076923077	LYGQWPKC:0.38461538461538464	WPKCGEID:0.5384615384615384	VDYVRVYQ:0.23076923076923078	YGQWPKCG:0.5384615384615384	EIDIMEVL:0.5384615384615384	ILNLAVGG:0.23076923076923078	QKDSYDEN:0.23076923076923078	IDIMEVLG:0.5384615384615384	WKIQLKQN:0.23076923076923078	DYVRVYQK:0.38461538461538464	KIQLKQNN:0.23076923076923078	DYSVQLVQ:0.38461538461538464	YQKDSYDE:0.23076923076923078	QWPKCGEI:0.5384615384615384	KCGEIDIM:0.46153846153846156	GQWPKCGE:0.5384615384615384	CGEIDIME:0.6153846153846154	GEIDIMEV:0.6153846153846154	IQLKQNNV:0.23076923076923078	PKCGEIDI:0.5384615384615384	KDSYDENV:0.23076923076923078	VYQKDSYD:0.23076923076923078	PAFWMMPT:0.23076923076923078	GQGLWPAI:0.23076923076923078	VDYSVQLV:0.3076923076923077	GNWPGNPD:0.3076923076923077	PGNPDETT:0.3076923076923077	LAVGGNWP:0.3076923076923077	GLWPAIWM:0.23076923076923078	VGGNWPGN:0.3076923076923077	PEGQGLWP:0.3076923076923077	GKDYYTSG:0.23076923076923078	IDYVRVYQ:0.23076923076923078	EWEPGEMR:0.23076923076923078	WPGNPDET:0.3076923076923077	VPEGQGLW:0.23076923076923078	WEPGEMRF:0.23076923076923078	EPGEMRFY:0.23076923076923078	AVGGNWPG:0.3076923076923077	KDYYTSGK:0.23076923076923078	KVPEGQGL:0.23076923076923078	DIMEVLGN:0.23076923076923078	NNELQEYT:0.23076923076923078	LNLAVGGN:0.23076923076923078	NWPGNPDE:0.23076923076923078	WPAIWMMP:0.23076923076923078	GGNWPGNP:0.3076923076923077	QGLWPAIW:0.23076923076923078	LWPAIWMM:0.23076923076923078	PAIWMMPT:0.23076923076923078	NLAVGGNW:0.3076923076923077	EGQGLWPA:0.3076923076923077	QRDGSSDN:0.23076923076923078	LEKGKKYK:0.23076923076923078	GTFDVGED:0.23076923076923078	HYGEPHAE:0.23076923076923078	GWVNSELQ:0.23076923076923078	EWEPGEIR:0.23076923076923078	RLEFNLGN:0.23076923076923078	NLVIKAIK:0.23076923076923078	GEDRMKYW:0.23076923076923078	KAYGTIHY:0.23076923076923078	YTSGKITT:0.23076923076923078	DYVKVYQK:0.3076923076923077	FDVGEDRM:0.23076923076923078	MEVLGHEP:0.23076923076923078	YGEPHAEQ:0.23076923076923078	PFDQPFYI:0.23076923076923078	AYGTIHYG:0.3076923076923077	LVIKAIKT:0.23076923076923078	YSVEWEPG:0.23076923076923078	FYIDGNLY:0.3076923076923077	EFNLGNQN:0.23076923076923078	EVTYPAPF:0.23076923076923078	SVEWEPGE:0.3076923076923077	RFYIDGNL:0.3076923076923077	LEFNLGNQ:0.23076923076923078	VTYPAPFD:0.23076923076923078	GNLVIKAI:0.23076923076923078	TSGKITTQ:0.23076923076923078	TGDADWKI:0.23076923076923078	VDYVKVYQ:0.3076923076923077	DWKIQLKQ:0.23076923076923078	YIDGNLYH:0.3076923076923077	PGWVNSEL:0.23076923076923078	WEPGEIRF:0.23076923076923078	DGSSDNNW:0.23076923076923078	YYTSGKIT:0.23076923076923078	TFDVGEDR:0.23076923076923078	DADWKIQL:0.23076923076923078	APFDQPFY:0.3076923076923077	IFSISMGA:0.23076923076923078	TIHYGEPH:0.23076923076923078	IMEVLGHE:0.23076923076923078	GTIHYGEP:0.23076923076923078	NGTFDVGE:0.23076923076923078	EDRMKYWE:0.23076923076923078	KLEKGKKY:0.23076923076923078	VKDGNLVI:0.23076923076923078	DIMEVLGH:0.23076923076923078	VGEDRMKY:0.23076923076923078	IHYGEPHA:0.23076923076923078	TYPAPFDQ:0.38461538461538464	GEPHAEQQ:0.23076923076923078	EPHAEQQG:0.23076923076923078	EPGEIRFY:0.23076923076923078	PAPFDQPF:0.3076923076923077	YGTIHYGE:0.23076923076923078	FNLGNQNS:0.23076923076923078	VKLEKGKK:0.23076923076923078	DYYTSGKI:0.23076923076923078	RDGSSDNN:0.23076923076923078	GDADWKIQ:0.23076923076923078	FSISMGAV:0.23076923076923078	ADWKIQLK:0.23076923076923078	YPAPFDQP:0.3076923076923077	DVGEDRMK:0.23076923076923078	VNNELQEY:0.23076923076923078	WVNNELQE:0.23076923076923078	GWVNNELQ:0.23076923076923078	EMRFYIDG:0.23076923076923078	MRFYIDGN:0.23076923076923078	
