cluster number:134
GH16:6	GH16:6|CBM57:4
GQGTWSAI:0.5	DIMEHVGY:0.5	LPSDPFKY:0.3333333333333333	IHGTVHNK:0.3333333333333333	DAWPNSGE:0.8333333333333334	TWSAIWML:0.5	TCDAWPNS:0.5	VGYDMQTI:0.3333333333333333	EIDIMEHV:1.0	HVILNLAI:0.3333333333333333	NWEQRKGS:0.3333333333333333	AWPNSGEI:0.8333333333333334	AKYTSGRI:0.3333333333333333	MEHVGYDM:0.3333333333333333	IFPVSMEV:0.3333333333333333	TSGRIHSQ:0.3333333333333333	HPYHVILN:0.5	NKWSYDIW:0.3333333333333333	IWPARKVN:0.3333333333333333	PYHVILNL:0.5	VILNLAIG:0.5	DHPYHVIL:0.5	RIHSQGKG:0.3333333333333333	YFFYSNES:0.3333333333333333	SAIWMLPS:0.5	YDMQTIHG:0.3333333333333333	VHNKAYYW:0.5	MQTIHGTV:0.3333333333333333	IHSQGKGD:0.3333333333333333	NSGEIDIM:0.8333333333333334	VRAKLPAG:0.3333333333333333	HGTVHNKA:0.3333333333333333	YHVILNLA:0.5	WSAIWMLP:0.6666666666666666	IMEHVGYD:0.5	PDPNKWSY:0.3333333333333333	PNSGEIDI:0.8333333333333334	ILNLAIGG:0.6666666666666666	QGTWSAIW:0.5	IDIMEHVG:0.8333333333333334	WPNSGEID:0.8333333333333334	PYDHPYHV:0.3333333333333333	KYTSGRIH:0.3333333333333333	YTSGRIHS:0.5	FPVSMEVD:0.3333333333333333	AGQGTWSA:0.3333333333333333	KWSYDIWP:0.3333333333333333	HLYSVEWT:0.3333333333333333	FHLYSVEW:0.3333333333333333	KGDFLYGR:0.3333333333333333	GTWSAIWM:0.5	WEQRKGSI:0.3333333333333333	GKGDFLYG:0.5	DPNKWSYD:0.3333333333333333	GRIHSQGK:0.3333333333333333	SGRIHSQG:0.3333333333333333	LYSVEWTP:0.3333333333333333	SGEIDIME:1.0	YDHPYHVI:0.3333333333333333	KPDPNKWS:0.3333333333333333	CDAWPNSG:0.8333333333333334	GEIDIMEH:1.0	PAGQGTWS:0.3333333333333333	EHVGYDMQ:0.3333333333333333	WMLPSDPF:0.3333333333333333	TVHNKAYY:0.5	PNKWSYDI:0.3333333333333333	TIHGTVHN:0.3333333333333333	PYFFYSNE:0.3333333333333333	DIWPARKV:0.3333333333333333	WPYDHPYH:0.5	QTIHGTVH:0.3333333333333333	IWMLPSDP:0.6666666666666666	DMQTIHGT:0.3333333333333333	AWPYDHPY:0.5	GKPDPNKW:0.3333333333333333	AIWMLPSD:0.6666666666666666	GYDMQTIH:0.3333333333333333	MLPSDPFK:0.3333333333333333	WSYDIWPA:0.3333333333333333	HVGYDMQT:0.3333333333333333	GTVHNKAY:0.5	MEVDYVRV:0.3333333333333333	AWPFDHPY:0.3333333333333333	VEVRAKLP:0.3333333333333333	RVEVRAKL:0.3333333333333333	HNKAYYWV:0.3333333333333333	YGRVEVRA:0.5	LYGRVEVR:0.5	WPFDHPYH:0.3333333333333333	DLLYGRVE:0.3333333333333333	TGWEAWPF:0.3333333333333333	KGDLLYGR:0.3333333333333333	GGPIDDSI:0.3333333333333333	EAWPFDHP:0.3333333333333333	GWEAWPFD:0.3333333333333333	NKAYYWVN:0.3333333333333333	WEAWPFDH:0.3333333333333333	GDLLYGRV:0.3333333333333333	LLYGRVEV:0.5	GRVEVRAK:0.3333333333333333	PIDDSIFP:0.3333333333333333	IDDSIFPV:0.3333333333333333	GPIDDSIF:0.3333333333333333	AGGPIDDS:0.3333333333333333	ILNLAVGG:0.3333333333333333	NVHGTVHN:0.3333333333333333	WGRAGGPI:0.5	VHGTVHNR:0.3333333333333333	GRAGGPID:0.5	KGKGDFLY:0.3333333333333333	MLPSDPYK:0.3333333333333333	WMLPSDPY:0.3333333333333333	RAGGPIDD:0.3333333333333333	EDQAYTAR:0.3333333333333333	LPSDPYKY:0.3333333333333333	NLAIGGNW:0.3333333333333333	LAIGGNWG:0.3333333333333333	LNLAIGGN:0.3333333333333333	
