cluster number:80
GH16:31	GH16:31|3.2.1.39:1
CGEIDILE:0.3225806451612903	NFELGDGC:0.2903225806451613	ELGDGCPN:0.3548387096774194	EIDILEYI:0.3548387096774194	WGNNERQL:0.2903225806451613	IGGNFGGP:0.3870967741935484	CGWGNNER:0.45161290322580644	GWGNNERQ:0.45161290322580644	GEIDILEY:0.5161290322580645	FELGDGCP:0.2903225806451613	GNNERQLY:0.2903225806451613	IDILEYIG:0.3548387096774194	WPAFWMLG:0.5161290322580645	GIWPAFWM:0.22580645161290322	AIGGNFGG:0.3870967741935484	IWPAFWML:0.22580645161290322	DILEYIGR:0.3548387096774194	WNFELGDG:0.2903225806451613	PAFWMLGS:0.2903225806451613	AFWMLGSN:0.25806451612903225	VGGNFGGP:0.25806451612903225	FWMLGSNI:0.25806451612903225	GKKEFKYG:0.22580645161290322	AVGGNFGG:0.25806451612903225	GNFGGPEV:0.41935483870967744	FGGPEVDD:0.4838709677419355	NFGGPEVD:0.41935483870967744	WPAIWMLG:0.3548387096774194	LCGWGNNE:0.4838709677419355	GGNFGGPE:0.4838709677419355	HGNTINTK:0.2903225806451613	SHGNTINT:0.2903225806451613	YEEGDGCP:0.22580645161290322	GDGCPNLC:0.3548387096774194	CPNLCGWG:0.3548387096774194	GCPNLCGW:0.3548387096774194	PNLCGWGN:0.3548387096774194	WPASGEID:0.25806451612903225	NLCGWGNN:0.3225806451612903	DGCPNLCG:0.3548387096774194	GNNERQIY:0.22580645161290322	
