cluster number:191
GH16:17	GH16:17|3.2.1.81:2
YNTFWLNN:0.5294117647058824	IKTAHISA:0.29411764705882354	EPAGSVVS:0.23529411764705882	QPDFPWQM:0.23529411764705882	NSQYFHVV:0.23529411764705882	CQPDFPWQ:0.23529411764705882	DFPWQMNS:0.23529411764705882	KPSCDCQP:0.23529411764705882	QMNSQYFH:0.35294117647058826	NIQFYLDG:0.29411764705882354	NTFWLNNG:0.5882352941176471	PSCDCQPD:0.29411764705882354	NNSKPSCD:0.23529411764705882	KTAHISAY:0.23529411764705882	RNKGNFDN:0.23529411764705882	ISAYNTFW:0.35294117647058826	SAYNTFWL:0.35294117647058826	TFWLNNGD:0.5294117647058824	ADGNLWIK:0.29411764705882354	PDFPWQMN:0.23529411764705882	NSKPSCDC:0.23529411764705882	AYNTFWLN:0.5294117647058824	SCDCQPDF:0.23529411764705882	IIENNSKP:0.4117647058823529	FYLDGEPA:0.35294117647058826	ENNSKPSC:0.4117647058823529	QFYLDGEP:0.4117647058823529	KNIQFYLD:0.29411764705882354	IENNSKPS:0.4117647058823529	FWLNNGDI:0.29411764705882354	DGEPAGSV:0.35294117647058826	GNLWIKAT:0.5294117647058824	LDGEPAGS:0.35294117647058826	FPWQMNSQ:0.23529411764705882	WQMNSQYF:0.47058823529411764	HISAYNTF:0.35294117647058826	AHISAYNT:0.5294117647058824	PWQMNSQY:0.47058823529411764	GVADGNLW:0.29411764705882354	YLDGEPAG:0.35294117647058826	DIIENNSK:0.4117647058823529	CDCQPDFP:0.23529411764705882	TAHISAYN:0.35294117647058826	VADGNLWI:0.29411764705882354	NKGNFDNR:0.23529411764705882	SKPSCDCQ:0.23529411764705882	IDIIENNS:0.6470588235294118	NLWIKATL:0.4117647058823529	GEPAGSVV:0.35294117647058826	EIDIIENN:0.6470588235294118	IQFYLDGE:0.4117647058823529	MNSQYFHV:0.23529411764705882	DGNLWIKA:0.35294117647058826	IENNSNPS:0.29411764705882354	TFGVWWKD:0.23529411764705882	YHTFGVWW:0.23529411764705882	LKGVKWNE:0.23529411764705882	NSGVADGN:0.23529411764705882	SGVADGNL:0.23529411764705882	SQYFIVKN:0.29411764705882354	NNRDEIDI:0.35294117647058826	QYFIVKNG:0.29411764705882354	TYWLNNGD:0.23529411764705882	GLPPKSDL:0.23529411764705882	NRDEIDII:0.5882352941176471	DEIDIIEN:0.47058823529411764	FKSTWNYG:0.23529411764705882	HISAYNTY:0.23529411764705882	YNTYWLNN:0.29411764705882354	ISAYNTYW:0.29411764705882354	RDEIDIIE:0.6470588235294118	WIKATLNE:0.29411764705882354	AYNTYWLN:0.29411764705882354	PMYTEARI:0.29411764705882354	IDWVRTWK:0.23529411764705882	WFQTARIH:0.35294117647058826	GGLPPKSD:0.23529411764705882	LWIKATLN:0.29411764705882354	LGGLPPKS:0.23529411764705882	NTYWLNNG:0.35294117647058826	SAYNTYWL:0.29411764705882354	YPMYTEAR:0.29411764705882354	FQTARIHS:0.35294117647058826	WFKSTWNY:0.29411764705882354	KWFKSTWN:0.29411764705882354	LEIIFDLW:0.35294117647058826	RWFQTARI:0.35294117647058826	DWVRTWKL:0.5294117647058824	EIIFDLWT:0.35294117647058826	WVRTWKLE:0.29411764705882354	NGDINNRD:0.23529411764705882	LNNGDINN:0.23529411764705882	IIENNSNP:0.23529411764705882	MNSQYFIV:0.23529411764705882	YPWQMNSQ:0.23529411764705882	NNGDINNR:0.23529411764705882	DINNRDEI:0.23529411764705882	LIWDLWTQ:0.29411764705882354	VEALSDEF:0.23529411764705882	KVEALSDE:0.23529411764705882	DEYPWQMN:0.23529411764705882	INNRDEID:0.23529411764705882	EYPWQMNS:0.23529411764705882	VDWVRTWK:0.29411764705882354	IWDLWTQD:0.29411764705882354	QMNSQYFI:0.23529411764705882	NSQYFIVK:0.23529411764705882	WLNNGDIN:0.23529411764705882	WDLWTQDS:0.29411764705882354	GDINNRDE:0.23529411764705882	DIIENNSN:0.23529411764705882	VRTWKLED:0.23529411764705882	RTWKLEDK:0.23529411764705882	QFYLNGEP:0.35294117647058826	KATLNESN:0.23529411764705882	FYLNGEPA:0.29411764705882354	YLNGEPAG:0.29411764705882354	LWTQDSSW:0.23529411764705882	VQFYLNGE:0.23529411764705882	DLWTQDSS:0.23529411764705882	FWLNNGDA:0.23529411764705882	WTQDSSWV:0.23529411764705882	
