cluster number:124
GH16:24	GH16:24|3.2.1.178:1|CBM13:1
TYGYYECE:0.2916666666666667	IGRAPGLF:0.5416666666666666	DKRTTELD:0.25	YDDFHVYG:0.20833333333333334	HSRNIPEG:0.375	DFHVYGVW:0.375	CDKRTTEL:0.25	VKNMSDEF:0.25	MKANKTFM:0.8333333333333334	GYYECEMK:0.25	ISGQGWIG:0.4166666666666667	WQISGQGW:0.4166666666666667	KWQISGQG:0.4166666666666667	KANKTFMS:0.875	YLRMVVET:0.3333333333333333	VYDDFHVY:0.20833333333333334	GQGWIGRA:0.4166666666666667	THSRNIPE:0.375	FHVYGVWW:0.375	VVETYDWN:0.5416666666666666	YYECEMKA:0.25	GVWWKSKD:0.375	EMKANKTF:0.25	WIGRAPGL:0.5416666666666666	SSTFWLIN:0.7083333333333334	NKTFMSST:0.8333333333333334	NSNTHSRN:0.375	YGYYECEM:0.25	EMYLRMVV:0.2916666666666667	TYNWVRSW:0.25	RTTTYNWV:0.3333333333333333	VWWKSKDE:0.4166666666666667	MYLRMVVE:0.3333333333333333	TTYNWVRS:0.25	RTTELDIQ:0.2916666666666667	GKVYDDFH:0.20833333333333334	QISGQGWI:0.4166666666666667	DIEMYLRM:0.25	LRMVVETY:0.375	SGQGWIGR:0.4166666666666667	SRNIPEGC:0.375	MVVETYDW:0.25	HGGGYVGS:0.375	QGWIGRAP:0.4166666666666667	HVYGVWWK:0.4166666666666667	MSSTFWLI:0.7083333333333334	VETYDWNP:0.5833333333333334	KRTTELDI:0.25	WKLVKNMS:0.25	GRAPGLFQ:0.20833333333333334	LVKNMSDE:0.25	GWIGRAPG:0.4583333333333333	TTTYNWVR:0.3333333333333333	MNSNTHSR:0.5	NMSDEFEG:0.25	GCDKRTTE:0.25	ANKTFMSS:0.8333333333333334	TYDWNPVP:0.6666666666666666	KLVKNMSD:0.25	ETYDWNPV:0.6666666666666666	TTELDIQE:0.2916666666666667	STFWLINE:0.25	RMVVETYD:0.20833333333333334	SNTHSRNI:0.375	YECEMKAN:0.25	KTFMSSTF:0.875	FMSSTFWL:0.7083333333333334	IEMYLRMV:0.2916666666666667	VYGVWWKS:0.4166666666666667	THGGGYVG:0.375	KVYDDFHV:0.20833333333333334	TFMSSTFW:0.875	GMTYGYYE:0.20833333333333334	MTYGYYEC:0.25	DDFHVYGV:0.20833333333333334	CEMKANKT:0.25	NTHSRNIP:0.375	DRTTTYNW:0.20833333333333334	ECEMKANK:0.25	FTHGGGYV:0.20833333333333334	YGVWWKSK:0.375	WKSKDEIL:0.20833333333333334	WWKSKDEI:0.25	PVPEDGGM:0.375	VTELDIQE:0.3333333333333333	GGGYVGSR:0.25	RNIPEGCD:0.25	TYNWNPVP:0.20833333333333334	VVETYNWN:0.20833333333333334	SMNSNTHS:0.20833333333333334	KWKLVKNM:0.20833333333333334	KSKDEILF:0.20833333333333334	KRVTELDI:0.25	SKDEILFF:0.20833333333333334	RAPGLFLA:0.25	ETYNWNPV:0.20833333333333334	RVTELDIQ:0.3333333333333333	GRAPGLFL:0.25	WNPVPEDG:0.375	NPVPEDGG:0.375	GGYVGSRN:0.20833333333333334	ELDIQECV:0.5416666666666666	LVVETYDW:0.25	RLVVETYD:0.25	DIQECVGQ:0.4166666666666667	HSNTHSRN:0.20833333333333334	MYLRLVVE:0.2916666666666667	THSRNTAC:0.20833333333333334	YLRLVVET:0.2916666666666667	IQECVGQI:0.375	YLDGKKVY:0.20833333333333334	TTYYDWVR:0.25	TELDIQEC:0.375	LDIQECVG:0.5416666666666666	LRLVVETY:0.2916666666666667	FYLDGKKV:0.25	QECVGQIT:0.2916666666666667	NTHSRNTA:0.20833333333333334	IGRAPGIF:0.20833333333333334	YDWNPVPE:0.25	RTTYYDWV:0.25	SNTHSRNT:0.25	EFYLDGKK:0.20833333333333334	DWNPVPED:0.20833333333333334	WIGRAPGI:0.20833333333333334	EWMKNFDQ:0.20833333333333334	HVYAAWWK:0.20833333333333334	VYAAWWKS:0.20833333333333334	RMKANKTF:0.2916666666666667	YHVYAAWW:0.20833333333333334	VGQITNDA:0.20833333333333334	
