cluster number:156
GH16:19	GH16:19|CBM4:6|3.2.1.-:1|GH17:1
GIPGWGNN:0.21052631578947367	QGIWPALW:0.21052631578947367	MEVDYIRV:0.2631578947368421	QGIPGWGN:0.21052631578947367	AVGGNWPG:0.3684210526315789	CGEIDIME:0.6842105263157895	LNVAVGGN:0.2631578947368421	IWPALWML:0.21052631578947367	IPGWGNNE:0.21052631578947367	GWGNNELQ:0.3157894736842105	GEIDIMEL:0.631578947368421	NVAVGGNW:0.2631578947368421	PGWGNNEL:0.21052631578947367	VDYIRVYE:0.2631578947368421	WPALWMLG:0.21052631578947367	VAVGGNWP:0.2631578947368421	GNNELQYY:0.21052631578947367	GQGIWPAL:0.21052631578947367	WMLGSDID:0.21052631578947367	FFILNVAV:0.21052631578947367	FILNVAVG:0.21052631578947367	WVFDHPFF:0.21052631578947367	DYIRVYED:0.21052631578947367	GIWPALWM:0.21052631578947367	WGNNELQY:0.21052631578947367	ILNVAVGG:0.3157894736842105	EVDYIRVY:0.2631578947368421	PACGEIDI:0.3157894736842105	GIWPAIWM:0.42105263157894735	WPACGEID:0.3684210526315789	WPAIWMLG:0.5789473684210527	QGIWPAIW:0.3684210526315789	GQGIWPAI:0.3684210526315789	ACGEIDIM:0.2631578947368421	DGKLVITA:0.21052631578947367	IWPAIWML:0.42105263157894735	KCGEIDIM:0.2631578947368421	PKCGEIDI:0.2631578947368421	WPKCGEID:0.3684210526315789	KGQGIWPA:0.3157894736842105	GNNELEYY:0.2631578947368421	WGNNELEY:0.2631578947368421	QNNWPKCG:0.2631578947368421	DYVRYYQY:0.21052631578947367	NWPKCGEI:0.2631578947368421	NNWPKCGE:0.2631578947368421	NNELEYYT:0.21052631578947367	YVRYYQYK:0.21052631578947367	DIDQNNWP:0.2631578947368421	VDYVRYYQ:0.21052631578947367	IDQNNWPK:0.2631578947368421	PKGQGIWP:0.3157894736842105	DQNNWPKC:0.2631578947368421	GWGNNELE:0.3157894736842105	YPFNNPFF:0.21052631578947367	LPKGQGIW:0.2631578947368421	EIDIMELR:0.2631578947368421	DIMELRGS:0.21052631578947367	IDIMELRG:0.2631578947368421	
