cluster number:76
GH16:7	GH16:7|CBM13:1|3.2.1.178:1
IEHIGNPS:0.2857142857142857	MTSSFWFR:0.5714285714285714	TYGFWWKS:0.2857142857142857	DETKWDDY:0.2857142857142857	EIDVIEHI:0.42857142857142855	SLSMTSSF:0.42857142857142855	KKGNAFVE:0.2857142857142857	FKKGNAFV:0.42857142857142855	NLKMIFDT:0.2857142857142857	SMTSSFWF:0.5714285714285714	FSEIDVIE:0.2857142857142857	IFDTEVFP:0.2857142857142857	KPGYYYEA:0.42857142857142855	LKMIFDTE:0.2857142857142857	FDTEVFPF:0.2857142857142857	DVIEHIGN:0.42857142857142855	KASSLSMT:0.42857142857142855	NTHYYGKH:0.2857142857142857	KWDDYHPH:0.2857142857142857	WDDYHPHW:0.2857142857142857	ETKWDDYH:0.2857142857142857	LSMTSSFW:0.5714285714285714	AKPGYYYE:0.42857142857142855	SSFWFRVG:0.42857142857142855	DTEVFPFA:0.2857142857142857	LDETKWDD:0.2857142857142857	KMIFDTEV:0.2857142857142857	SEIDVIEH:0.5714285714285714	ENLKMIFD:0.2857142857142857	MIFDTEVF:0.42857142857142855	ASSLSMTS:0.42857142857142855	SSLSMTSS:0.42857142857142855	TKWDDYHP:0.2857142857142857	VIEHIGNP:0.2857142857142857	TSSFWFRV:0.42857142857142855	FKASSLSM:0.2857142857142857	IDVIEHIG:0.42857142857142855	GEYSEIDV:0.2857142857142857	REEFHVYG:0.2857142857142857	YSEIDVIE:0.2857142857142857	PGYYYEAS:0.2857142857142857	EYSEIDVI:0.2857142857142857	SAKPGYYY:0.2857142857142857	GREEFHVY:0.2857142857142857	LLFYLNGE:0.2857142857142857	KSPNELLF:0.2857142857142857	WKSPNELL:0.2857142857142857	LSDEFNGN:0.2857142857142857	SPNELLFY:0.2857142857142857	WWKSPNEL:0.2857142857142857	GGIIRAVK:0.2857142857142857	MGGGFWIM:0.2857142857142857	IDYIRTYK:0.42857142857142855	YGCWWKSP:0.42857142857142855	CGKKHEID:0.2857142857142857	WDKIMHSN:0.2857142857142857	DYIRTYKL:0.2857142857142857	FKMSKTEM:0.42857142857142855	IDITESVG:0.42857142857142855	YYGGIIRA:0.42857142857142855	KHEIDITE:0.42857142857142855	ELLFYLDG:0.2857142857142857	FYTYGCWW:0.2857142857142857	KIMHSNTI:0.42857142857142855	ITESVGSI:0.2857142857142857	YGGIIRAV:0.2857142857142857	YTYGCWWK:0.42857142857142855	KMSKTEMG:0.42857142857142855	TEMGGGFW:0.42857142857142855	GGGFWIMS:0.2857142857142857	KTEMGGGF:0.42857142857142855	KWIADPEG:0.2857142857142857	YDWNPIPE:0.2857142857142857	HEIDITES:0.42857142857142855	EMGGGFWI:0.2857142857142857	MFIHFSIE:0.2857142857142857	LLFYLDGK:0.2857142857142857	DITESVGS:0.42857142857142855	GIIRAVKP:0.2857142857142857	GKKHEIDI:0.2857142857142857	IIRAVKPV:0.2857142857142857	EIDITESV:0.42857142857142855	IADPEGHP:0.2857142857142857	MSKTEMGG:0.42857142857142855	TESVGSIS:0.2857142857142857	DKIMHSNT:0.2857142857142857	YIRTYKLV:0.2857142857142857	KKHEIDIT:0.2857142857142857	WIADPEGH:0.2857142857142857	SKTEMGGG:0.42857142857142855	TYGCWWKS:0.42857142857142855	ALFKESSI:0.2857142857142857	KFKMSKTE:0.2857142857142857	DPEGHPDF:0.2857142857142857	IGRPPALF:0.2857142857142857	WIGRPPAL:0.2857142857142857	PTELLFYL:0.2857142857142857	CWWKSPTE:0.2857142857142857	KSPTELLF:0.2857142857142857	PALFKESS:0.2857142857142857	ADPEGHPD:0.2857142857142857	WWKSPTEL:0.2857142857142857	SPTELLFY:0.2857142857142857	WKSPTELL:0.2857142857142857	PPALFKES:0.2857142857142857	DGGKVASA:0.2857142857142857	GRPPALFK:0.2857142857142857	GCWWKSPT:0.2857142857142857	LFKESSIN:0.2857142857142857	RPPALFKE:0.2857142857142857	
