cluster number:86
GH16:17	GH16:17|CBM39:6|3.2.1.73:1
GGNWEFQY:0.23529411764705882	PTLTADRF:0.29411764705882354	PIQSARLR:0.5294117647058824	DWIWPAIW:0.4117647058823529	IQSARLRS:0.47058823529411764	KPTLTADR:0.29411764705882354	IKPTLTAD:0.4117647058823529	QSARLRSS:0.4117647058823529	GNWEFQYY:0.23529411764705882	GDWIWPAI:0.4117647058823529	WPAIWLLP:0.35294117647058826	INPIQSAR:0.4117647058823529	IINPIQSA:0.29411764705882354	NPIQSARL:0.5294117647058824	DWLWPAIW:0.4117647058823529	TNNRTNSY:0.23529411764705882	ARLRSSRG:0.29411764705882354	AGGGGNWE:0.23529411764705882	WLWPAIWM:0.23529411764705882	YTNNRTNS:0.23529411764705882	GSTLHFGP:0.29411764705882354	PAIWMLPT:0.29411764705882354	WPASGEID:0.6470588235294118	LWPAIWML:0.23529411764705882	TAGGGGNW:0.23529411764705882	GGGGNWEF:0.23529411764705882	GRWPASGE:0.23529411764705882	PASGEIDI:0.47058823529411764	GGGNWEFQ:0.23529411764705882	RWPASGEI:0.23529411764705882	WPAIWMLP:0.47058823529411764	LYIKPTLT:0.29411764705882354	NFKYGKVE:0.23529411764705882	YIKPTLTA:0.23529411764705882	QWYPTWNP:0.23529411764705882	ILNVAVGG:0.23529411764705882	SARLRSSR:0.35294117647058826	GDWLWPAI:0.4117647058823529	AKMPKGDW:0.29411764705882354	WIWPAIWM:0.23529411764705882	RAKMPKGD:0.29411764705882354	LTADRFGE:0.23529411764705882	TLTADRFG:0.23529411764705882	IWPAIWML:0.23529411764705882	LIFEDNFD:0.23529411764705882	FEDNFDTL:0.23529411764705882	GGNWEFEY:0.23529411764705882	PCLIFEDN:0.23529411764705882	GNWEFEYY:0.23529411764705882	ASGGGNWE:0.23529411764705882	GGGNWEFE:0.23529411764705882	ASGEIDIV:0.29411764705882354	YPCLIFED:0.23529411764705882	SGGGNWEF:0.23529411764705882	CLIFEDNF:0.23529411764705882	SGEIDIVE:0.29411764705882354	PTGDWIWP:0.23529411764705882	MPTGDWIW:0.23529411764705882	AKMPTGDW:0.29411764705882354	KMPTGDWI:0.23529411764705882	GKLFIKPT:0.35294117647058826	LFIKPTLT:0.29411764705882354	KLFIKPTL:0.29411764705882354	DGKLFIKP:0.35294117647058826	QVDYIRVW:0.23529411764705882	VDYIRVWK:0.23529411764705882	KGDWLWPA:0.23529411764705882	PKGDWLWP:0.23529411764705882	MAPFDQEF:0.23529411764705882	EVRAKMPK:0.23529411764705882	VRAKMPKG:0.23529411764705882	
