cluster number:63
GH16:64	GH16:64|2.4.1.207:2
PKDQPMGV:0.3125	HNEFDFEF:0.640625	QTNVYVNG:0.484375	NLWFDPTK:0.328125	QGGRVKTD:0.609375	KLVEGDSA:0.546875	LLKLKLDN:0.265625	TVTAFYMS:0.640625	FDFEFLGN:0.765625	WNADDWAT:0.828125	SKSKYMFG:0.375	GNREQRLN:0.40625	VTAFYMSS:0.65625	ADDWATQG:0.8125	LWFDPTKD:0.34375	KFDELFQP:0.28125	NHNEFDFE:0.34375	DQPMGVYS:0.3125	SSIWNADD:0.765625	IFWNQRQV:0.296875	WFDPTKDF:0.34375	VQTNVYVN:0.453125	PNHNEFDF:0.234375	LVDETPIR:0.40625	ELFQPSWA:0.234375	GTVTAFYM:0.640625	AGTVTAFY:0.65625	LNLWFDPT:0.40625	WATQGGRV:0.671875	TKDFHSYS:0.234375	WNQRQVVF:0.53125	NREQRLNL:0.40625	EPYSVQTN:0.3125	TTGEPYSV:0.28125	KTDWSHAP:0.65625	PMGVYSSI:0.328125	GPNHNEFD:0.234375	DELFQPSW:0.234375	EQRLNLWF:0.453125	VFLVDETP:0.484375	GNTTGEPY:0.578125	YSIFWNQR:0.296875	DPTKDFHS:0.265625	VVFLVDET:0.484375	TAFYMSSE:0.328125	GDSAGTVT:0.734375	ETPIRVHT:0.34375	DFEFLGNT:0.609375	NTTGEPYS:0.28125	DWATQGGR:0.6875	NQRQVVFL:0.484375	SVQTNVYV:0.234375	RQVVFLVD:0.484375	VEGDSAGT:0.53125	DSAGTVTA:0.734375	YSVQTNVY:0.234375	VDETPIRV:0.4375	GVYSSIWN:0.640625	YSSIWNAD:0.734375	EFDFEFLG:0.765625	GGRVKTDW:0.609375	RVKTDWSH:0.5625	FEFLGNTT:0.5625	QRLNLWFD:0.453125	EFLGNTTG:0.578125	FDELFQPS:0.234375	NADDWATQ:0.8125	DETPIRVH:0.421875	QRQVVFLV:0.484375	SIFWNQRQ:0.265625	FDPTKDFH:0.34375	FLVDETPI:0.40625	AFYMSSEG:0.34375	SAGTVTAF:0.65625	GEPYSVQT:0.3125	QVVFLVDE:0.484375	DDWATQGG:0.8125	PYSVQTNV:0.234375	LVEGDSAG:0.546875	SIWNADDW:0.78125	IWNADDWA:0.765625	TQGGRVKT:0.671875	LGNTTGEP:0.578125	KDFHSYSI:0.203125	ATQGGRVK:0.671875	KDQPMGVY:0.3125	REQRLNLW:0.40625	EGDSAGTV:0.5625	GRVKTDWS:0.546875	NEFDFEFL:0.65625	RLNLWFDP:0.453125	FWNQRQVV:0.296875	TPIRVHTN:0.375	TGEPYSVQ:0.296875	VKTDWSHA:0.640625	FEINACEC:0.21875	PTKDFHSY:0.265625	FLGNTTGE:0.5625	TDWSHAPF:0.65625	QPMGVYSS:0.359375	VYSSIWNA:0.75	MGVYSSIW:0.640625	EINACECP:0.21875	NGVGNREQ:0.578125	LDNYSGAG:0.296875	LKLDNYSG:0.25	VNGVGNRE:0.515625	KYMFGKVT:0.328125	KSKYMFGK:0.34375	VYVNGVGN:0.421875	VGNREQRL:0.53125	AFYMSSDG:0.28125	TNVYVNGV:0.421875	WSHAPFVA:0.3125	GVGNREQR:0.6875	DNYSGAGF:0.296875	NVYVNGVG:0.421875	SKYMFGKV:0.34375	AMGVYSSI:0.296875	KLDNYSGA:0.296875	FYMSSDGP:0.265625	DWSHAPFV:0.34375	QAMGVYSS:0.3125	YVNGVGNR:0.515625	TAFYMSSD:0.28125	NTTGEPYL:0.203125	GEPYLVQT:0.296875	EPYLVQTN:0.296875	TGEPYLVQ:0.265625	IKLVEGDS:0.34375	QIKLVEGD:0.34375	SHAPFVAS:0.203125	HAPFVASY:0.265625	FVASYKGF:0.203125	KDQAMGVY:0.28125	PFVASYKG:0.203125	DQAMGVYS:0.296875	LWFDPTAD:0.234375	WFDPTADF:0.21875	FDPTADFH:0.21875	PKDQAMGV:0.21875	KGIPFPKD:0.203125	GIPFPKDQ:0.265625	PFPKDQAM:0.203125	LWNQRQVV:0.203125	FPKDQAMG:0.203125	
