cluster number:135
GH16:19	GH16:19|CBM13:1|CBM2:1
WQYGRFEM:0.3684210526315789	GLWPAFWT:0.6842105263157895	LHSWQYGR:0.21052631578947367	PHYILLNL:0.3157894736842105	FKQPHYIL:0.21052631578947367	PFKQPHYI:0.21052631578947367	GRFEMRGR:0.3157894736842105	HSWQYGRF:0.3157894736842105	FHVWRMDW:0.42105263157894735	WPAFWTLG:0.7368421052631579	GEIDIMEY:0.5789473684210527	PSNGEIDI:0.47368421052631576	SWQYGRFE:0.2631578947368421	NGEIDIME:0.7894736842105263	RFEMRGRI:0.3157894736842105	HYILLNLA:0.3157894736842105	EIDIMEYY:0.5789473684210527	VWRMDWDE:0.21052631578947367	HVWRMDWD:0.3684210526315789	LWPAFWTL:0.6842105263157895	DYVRVYQK:0.5263157894736842	LANIACGT:0.21052631578947367	GLHSWQYG:0.21052631578947367	QYGRFEMR:0.3684210526315789	KQPHYILL:0.21052631578947367	SNGEIDIM:0.47368421052631576	YGRFEMRG:0.3684210526315789	WPSNGEID:0.5263157894736842	QPHYILLN:0.3157894736842105	VDYVRVYQ:0.631578947368421	DIMEYYRG:0.21052631578947367	EWPSNGEI:0.3684210526315789	AIGGDNGG:0.3684210526315789	GDNGGDPS:0.2631578947368421	LVWADEFN:0.3157894736842105	NGGDPSGT:0.21052631578947367	YGRFVMRA:0.21052631578947367	LLNLAIGG:0.3684210526315789	LNLAIGGD:0.3684210526315789	NELQWYQP:0.21052631578947367	HIWRMDWD:0.2631578947368421	FHIWRMDW:0.3157894736842105	GGDNGGDP:0.3684210526315789	NLAIGGDN:0.3684210526315789	RNNELQWY:0.21052631578947367	IDIMEYYR:0.42105263157894735	NNELQWYQ:0.21052631578947367	IGGDNGGD:0.3157894736842105	LAIGGDNG:0.3684210526315789	FEVDYVRV:0.2631578947368421	RFEVDYVR:0.2631578947368421	KFHVWRMD:0.3157894736842105	QWYQPDNA:0.2631578947368421	GEWPSNGE:0.3157894736842105	FEMRGRID:0.21052631578947367	EVDYVRVY:0.47368421052631576	ELQWYQPD:0.2631578947368421	LQWYQPDN:0.2631578947368421	PAFWTLGV:0.47368421052631576	KLVWADEF:0.3157894736842105	YKLVWADE:0.2631578947368421	YGRFEMRA:0.21052631578947367	PHYLLLNL:0.21052631578947367	EIDIMEFY:0.2631578947368421	HYLLLNLA:0.21052631578947367	GEIDIMEF:0.2631578947368421	
