cluster number:87
GH16:37	GH16:37|CBM18:36|2.4.1.-:1|3.2.1.-:1|3.2.1.39:1
ECGTGAYC:0.21621621621621623	PCCSQYGE:0.2702702702702703	CCSQYGEC:0.2702702702702703	TGAYCLGG:0.35135135135135137	GAYCLGGC:0.6486486486486487	GTGAYCLG:0.35135135135135137	CGTGAYCL:0.35135135135135137	GECGTGAY:0.21621621621621623	CSQYGECG:0.2702702702702703	WAGGEIDW:0.2972972972972973	GTIDWAGG:0.21621621621621623	AYCLGGCD:0.6486486486486487	SDVKDEID:0.5675675675675675	GVVTAFIL:0.5135135135135135	YCLGGCDP:0.4864864864864865	DVKDEIDY:0.40540540540540543	VKDEIDYE:0.43243243243243246	PQTPSRIQ:0.21621621621621623	EIDYEFVG:0.5135135135135135	GTIEWAGG:0.43243243243243246	TAFILFSD:0.32432432432432434	CLGGCDIR:0.21621621621621623	AFILFSDV:0.35135135135135137	DEIDYEFV:0.5135135135135135	FSDVKDEI:0.21621621621621623	LFSDVKDE:0.21621621621621623	FILFSDVK:0.21621621621621623	ILFSDVKD:0.21621621621621623	RVQLSLWP:0.24324324324324326	CLGGCDPR:0.24324324324324326	YMWYGNVK:0.2702702702702703	KDEIDYEF:0.35135135135135137	MWYGNVKA:0.2702702702702703	PQTPSRVQ:0.2702702702702703	QTNYYFQG:0.2702702702702703	TNYYFQGI:0.2702702702702703	VGAYCLGG:0.21621621621621623	CPEDSPCC:0.21621621621621623	GVGAYCLG:0.21621621621621623	CGVGAYCL:0.21621621621621623	PEDSPCCS:0.21621621621621623	CSQYGQCG:0.21621621621621623	PCCSQYGQ:0.21621621621621623	QLSLWPAG:0.21621621621621623	APCCSQYG:0.24324324324324326	VKDEIDFE:0.21621621621621623	CCSQYGQC:0.21621621621621623	IEWAGGEI:0.24324324324324326	TIEWAGGE:0.24324324324324326	EWAGGEID:0.21621621621621623	
