cluster number:221
GH16:27	GH16:27
NGWGNNEL:0.25925925925925924	DTGFHVFG:0.2222222222222222	QAYGRFEA:0.2222222222222222	FHVFGIEW:0.4074074074074074	IEWGPDYI:0.25925925925925924	PQCGEIDI:0.2222222222222222	TGFHVFGI:0.2222222222222222	YGRFEARI:0.5925925925925926	EWGPDYIN:0.25925925925925924	GNNELQYY:0.6296296296296297	IDIMEYLG:0.2222222222222222	GEIDIMEY:0.7407407407407407	NDRFDTGF:0.2962962962962963	LVDYVRVY:0.4074074074074074	LENDRFDT:0.25925925925925924	MLVDYVRV:0.3333333333333333	ELQYYTDR:0.6666666666666666	RFDTGFHV:0.2222222222222222	ENDRFDTG:0.25925925925925924	CGEIDIME:0.25925925925925924	QCGEIDIM:0.2222222222222222	NNELQYYT:0.5925925925925926	FGIEWGPD:0.25925925925925924	DRFDTGFH:0.3333333333333333	GIEWGPDY:0.2962962962962963	GWGNNELQ:0.7407407407407407	WPQCGEID:0.2222222222222222	WGNNELQY:0.6296296296296297	EIDIMEYL:0.2222222222222222	NELQYYTD:0.5925925925925926	FDTGFHVF:0.2222222222222222	WPAFWLLG:0.6296296296296297	GFHVFGIE:0.2962962962962963	YVDDVLYN:0.2962962962962963	DIMEYRGQ:0.37037037037037035	TVHGPGYS:0.2222222222222222	YINYYVDD:0.25925925925925924	GIPGWGNN:0.2222222222222222	EIDIMEYR:0.4074074074074074	IWPAFWLL:0.2222222222222222	VDYVRVYE:0.25925925925925924	VLYNQITP:0.37037037037037035	NYYVDDVL:0.2962962962962963	GRFEARMK:0.2222222222222222	IGEIDIME:0.3333333333333333	VDDVLYNQ:0.2962962962962963	QIGEIDIM:0.25925925925925924	INYYVDDV:0.2222222222222222	IDIMEYRG:0.37037037037037035	PAFWLLGD:0.25925925925925924	IPGWGNNE:0.25925925925925924	PQIGEIDI:0.25925925925925924	YYVDDVLY:0.2962962962962963	WPQIGEID:0.25925925925925924	GIWPAFWL:0.2222222222222222	QGIWPAFW:0.2222222222222222	AVGGSFVG:0.25925925925925924	AFWLLGDD:0.2222222222222222	GTVHGPGY:0.2222222222222222	DVLYNQIT:0.4444444444444444	VHGPGYSG:0.25925925925925924	DDVLYNQI:0.4444444444444444	PGWGNNEL:0.25925925925925924	QQYGRFEA:0.25925925925925924	GRFEARIK:0.2962962962962963	QYGRFEAR:0.25925925925925924	GFHIFGIE:0.2222222222222222	IFGIEWGP:0.2222222222222222	RFEARIRL:0.2222222222222222	FEARIRLP:0.2222222222222222	HGPGYSGG:0.2222222222222222	HIFGIEWG:0.2222222222222222	FHIFGIEW:0.2962962962962963	GRFEARIR:0.25925925925925924	YYTDRPEN:0.2962962962962963	LQYYTDRP:0.25925925925925924	QYYTDRPE:0.2962962962962963	WPAFWMLG:0.25925925925925924	
