cluster number:114
GH16:523	GH16:523|2.4.1.207:22
LWFDPTAD:0.2045889101338432	WFDPTADF:0.2084130019120459	FDPTADFH:0.2084130019120459	DFEFLGNR:0.3231357552581262	HTYSILWN:0.28489483747609945	FHTYSILW:0.26003824091778205	SAGTVTAY:0.26577437858508607	VPGNSAGT:0.2982791586998088	AGTVTAYY:0.2638623326959847	GKGNREQQ:0.23135755258126195	GTVTAYYL:0.26195028680688337	GNLSGDPY:0.23709369024856597	EFLGNLSG:0.24665391969407266	FLGNLSGD:0.23135755258126195	NSAGTVTA:0.26003824091778205	IDFEFLGN:0.6520076481835564	EIDFEFLG:0.655831739961759	DEIDFEFL:0.6577437858508605	DFEFLGNL:0.23709369024856597	FEFLGNLS:0.22753346080305928	GGLVKTDW:0.21606118546845124	TVTAYYLS:0.25047801147227533	KLVPGNSA:0.2925430210325048	QGKGNREQ:0.2294455066921606	VTAYYLSS:0.26195028680688337	LVPGNSAG:0.3078393881453155	LGNLSGDP:0.23709369024856597	GNSAGTVT:0.384321223709369	PGNSAGTV:0.2982791586998088	KGNREQQF:0.23135755258126195	DFHTYSIL:0.21032504780114722	TYSILWNP:0.21414913957934992	ATRGGLEK:0.34608030592734224	WATRGGLE:0.34608030592734224	KTDWSKAP:0.2925430210325048	MIYNYCTD:0.20267686424474188	GGLEKTDW:0.20076481835564053	RGGLEKTD:0.20076481835564053	TRGGLEKT:0.2294455066921606	TDWSKAPF:0.2944550669216061	WNADDWAT:0.5755258126195029	SGSGFQSK:0.2179732313575526	HDEIDFEF:0.497131931166348	LWNADDWA:0.5411089866156787	GNRTGQPY:0.21032504780114722	ADDWATRG:0.5659655831739961	GDSAGTVT:0.25047801147227533	SSLWNADD:0.42829827915869984	DSAGTVTA:0.24665391969407266	GKGDREQR:0.23709369024856597	DDWATRGG:0.5717017208413002	FLGNRTGQ:0.21223709369024857	NADDWATR:0.4588910133843212	FEFLGNRT:0.2332695984703633	SAGTVTAF:0.24091778202676864	LGNRTGQP:0.2179732313575526	YSSLWNAD:0.40344168260038243	SLWNADDW:0.5353728489483748	IYSSLWNA:0.2829827915869981	AGTVTAFY:0.24282982791587	EFLGNRTG:0.23518164435946462	DWATRGGL:0.5487571701720841	PGDSAGTV:0.2390057361376673	WATRGGLV:0.23518164435946462	EQQFYLWF:0.2294455066921606	FYLWFDPT:0.22562141491395793	QFYLWFDP:0.2332695984703633	RGGLVKTD:0.21032504780114722	ATRGGLVK:0.23135755258126195	QQFYLWFD:0.22562141491395793	TRGGLVKT:0.22179732313575526	REQQFYLW:0.2179732313575526	IDMQLKLV:0.20267686424474188	
