cluster number:46
GH16:36	GH16:36|CBM6:8|CBM12:6|CBM13:5|3.2.1.6:1
AVGGNWPG:0.5277777777777778	QGIWPAFW:0.3611111111111111	LVIEARKE:0.3055555555555556	GIWPAFWM:0.4166666666666667	SGEIDIME:0.2777777777777778	VDYVRVYQ:0.5277777777777778	GGGWGNNE:0.2222222222222222	YVDYVRVY:0.4166666666666667	AKMYVDYV:0.2777777777777778	GNNELEYY:0.3333333333333333	KMYVDYVR:0.2777777777777778	PAKMYVDY:0.2777777777777778	MYVDYVRV:0.4166666666666667	IWPAFWML:0.3611111111111111	GGGGWGNN:0.2222222222222222	WGNNELEY:0.3333333333333333	GGWGNNEL:0.3055555555555556	WPAFWMLG:0.5	GWGNNELE:0.3611111111111111	GNLVIEAR:0.2777777777777778	NNELEYYT:0.3055555555555556	NLVIEARK:0.25	NGNLVIEA:0.3055555555555556	FHKPFFIL:0.2222222222222222	HKPFFILF:0.2222222222222222	NIDVTQYH:0.2222222222222222	KVEARMKL:0.2222222222222222	YGKVEARM:0.2222222222222222	PFFILFNL:0.2222222222222222	IENGNLVI:0.2222222222222222	ELEYYTNR:0.25	GMNYTSAR:0.2222222222222222	KPFFILFN:0.2222222222222222	PNIDVTQY:0.2222222222222222	ENGNLVIE:0.2777777777777778	AFWMLGEN:0.2222222222222222	ARIENGNL:0.25	EIDIMEHI:0.2222222222222222	TYGKVEAR:0.2222222222222222	VTQYHVYS:0.2777777777777778	EFHKPFFI:0.2222222222222222	RIENGNLV:0.25	CGEIDIME:0.3333333333333333	TQYHVYSI:0.25	NARIENGN:0.25	MNYTSARL:0.2222222222222222	QYHVYSIE:0.25	ENARIENG:0.25	IDVTQYHV:0.25	NYTSARLK:0.2222222222222222	FFILFNLA:0.2222222222222222	EARMKLPA:0.2222222222222222	GGNWPGNP:0.25	GEIDIMEH:0.3888888888888889	VEARMKLP:0.2222222222222222	ARMKLPAG:0.2222222222222222	GKVEARMK:0.2222222222222222	YHVYSIEW:0.25	NELEYYTN:0.2777777777777778	DVTQYHVY:0.2777777777777778	IDIMEHIN:0.2222222222222222	PAFWMLGE:0.2222222222222222	FPAKMYVD:0.2222222222222222	MKLPAGQG:0.2222222222222222	RMKLPAGQ:0.2222222222222222	GWGNNELQ:0.2777777777777778	
