cluster number:171
GH16:6	GH16:6
GSWQPYPD:0.3333333333333333	GAAGTFGT:0.5	AFMLWPTS:0.6666666666666666	TFGTPDGA:0.3333333333333333	GTFGTPDG:0.3333333333333333	EIDYPEGN:0.3333333333333333	FGTPDGAW:0.3333333333333333	PDGAWSHV:0.3333333333333333	GNGAAFML:0.8333333333333334	GTPDGAWS:0.3333333333333333	AAGTFGTP:0.5	GGDGNGAA:0.6666666666666666	DGNGAAFM:0.6666666666666666	GDGNGAAF:0.6666666666666666	SFVEDFST:0.3333333333333333	DGAWSHVG:0.3333333333333333	GAWSHVGG:0.3333333333333333	AAFMLWPT:0.6666666666666666	GAAFMLWP:0.8333333333333334	AGTFGTPD:0.3333333333333333	IDYPEGNF:0.3333333333333333	NGAAFMLW:0.8333333333333334	SGGDGNGA:0.3333333333333333	FMLWPTSN:0.6666666666666666	ASGGDGNG:0.3333333333333333	GEIDYPEG:0.3333333333333333	HSMTPGQE:0.3333333333333333	TPDGAWSH:0.3333333333333333	GSFSVRAK:0.3333333333333333	GNLLIDWV:0.3333333333333333	YPDGTSGI:0.3333333333333333	RAKATGGD:0.3333333333333333	IDFPEGNF:0.3333333333333333	VGGSFSVR:0.3333333333333333	HRFMFQTG:0.3333333333333333	VWSDGEID:0.5	TGGDGNGA:0.3333333333333333	TTAHRFMF:0.5	WDHVGGSF:0.3333333333333333	MFQTGNWG:0.5	DHVGGSFS:0.3333333333333333	SFSVRAKA:0.3333333333333333	PDGTSGIY:0.3333333333333333	MLWPTSNV:0.5	WQPYPDGT:0.3333333333333333	PYPDGTSG:0.3333333333333333	TAHRFMFQ:0.5	VRAKATGG:0.3333333333333333	VPTTAHRF:0.5	EIDFPEGN:0.3333333333333333	PTTAHRFM:0.5	AWDHVGGS:0.3333333333333333	VSVHDGVM:0.3333333333333333	DGEIDFPE:0.5	QPYPDGTS:0.3333333333333333	AHRFMFQT:0.3333333333333333	NVWSDGEI:0.5	LWPTSNVW:0.5	VSWRDWHT:0.5	GAWDHVGG:0.3333333333333333	VHDGVMDV:0.3333333333333333	SNVWSDGE:0.3333333333333333	GVSWRDWH:0.3333333333333333	SVRAKATG:0.3333333333333333	ATGGDGNG:0.3333333333333333	SVTYSVDG:0.3333333333333333	WPTSNVWS:0.5	FMFQTGNW:0.3333333333333333	GGSFSVRA:0.3333333333333333	SDGEIDFP:0.5	WSDGEIDF:0.5	SVHDGVMD:0.3333333333333333	TVSVHDGV:0.3333333333333333	FSVRAKAT:0.3333333333333333	AKATGGDG:0.3333333333333333	RFMFQTGN:0.3333333333333333	GEIDFPEG:0.5	KATGGDGN:0.3333333333333333	SWRDWHTY:0.5	DVPTTAHR:0.3333333333333333	HVGGSFSV:0.3333333333333333	WQPYPDGM:0.3333333333333333	SNVWSEGE:0.3333333333333333	PTSNVWSE:0.3333333333333333	TSNVWSEG:0.3333333333333333	SWQPYPDG:0.5	
