cluster number:213
GH16:17	GH16:17
EIDIMEHV:0.5882352941176471	IDIMEHVG:0.5882352941176471	GEIDIMEH:0.5882352941176471	MEVDYVRV:0.23529411764705882	GGQKGIDD:0.23529411764705882	YLILNVAV:0.23529411764705882	LILNVAVG:0.29411764705882354	ILNVAVGG:0.29411764705882354	WPAIWMLG:0.35294117647058826	TIHTKAYN:0.29411764705882354	GTIHTKAY:0.29411764705882354	IHTKAYNH:0.29411764705882354	SGEIDIME:0.29411764705882354	EWTPEKMD:0.23529411764705882	SEFDVRMT:0.23529411764705882	DYVRVFQK:0.23529411764705882	SDEFNYKG:0.23529411764705882	PDSIFGTI:0.23529411764705882	LGGQKGID:0.23529411764705882	LEWTPEKM:0.23529411764705882	GLWPAIWM:0.23529411764705882	TTAEWPFD:0.29411764705882354	TPEKMDFI:0.23529411764705882	GSEFDVRM:0.23529411764705882	WSDEFNYK:0.23529411764705882	NEHKTTAE:0.23529411764705882	LWPAIWML:0.23529411764705882	VDYVRVFQ:0.29411764705882354	PEKMDFIL:0.23529411764705882	WTPEKMDF:0.29411764705882354	VAHRGAWK:0.23529411764705882	ITTNEPEL:0.23529411764705882	LVWSDEFN:0.29411764705882354	VVAHRGAW:0.23529411764705882	SIFGTIHT:0.23529411764705882	KTTAEWPF:0.29411764705882354	DSIFGTIH:0.23529411764705882	TAEWPFDQ:0.23529411764705882	LIIEAHKE:0.23529411764705882	CTGSEFDV:0.23529411764705882	EHKTTAEW:0.23529411764705882	VWSDEFNY:0.29411764705882354	HKTTAEWP:0.23529411764705882	TGSEFDVR:0.29411764705882354	EWPFDQKF:0.23529411764705882	
