cluster number:84
GH16:71	GH16:71|3.2.1.151:4|2.4.1.207:1
FLGTTFGK:0.38028169014084506	GASIKLQP:0.2112676056338028	ASIKLQPG:0.22535211267605634	GSGFKSVK:0.23943661971830985	EAHPGFHD:0.323943661971831	FKSVKPFR:0.2535211267605634	GFHDEVDI:0.30985915492957744	PFRSGYFG:0.3380281690140845	HPGFHDEV:0.3380281690140845	RGSGDGKI:0.2112676056338028	TAGVITSL:0.323943661971831	SGYFGASI:0.30985915492957744	SGFKSVKP:0.2535211267605634	GFKSVKPF:0.2535211267605634	YLSNNEAH:0.36619718309859156	VITSLYLS:0.323943661971831	FHDEVDIE:0.30985915492957744	NNEAHPGF:0.29577464788732394	PGYTAGVI:0.5211267605633803	YFGASIKL:0.2535211267605634	SVKPFRSG:0.2535211267605634	IEFLGTTF:0.36619718309859156	NVYIRGSG:0.4788732394366197	DEVDIEFL:0.4084507042253521	SNNEAHPG:0.352112676056338	QPGYTAGV:0.5492957746478874	NEAHPGFH:0.28169014084507044	PYTLQTNV:0.6619718309859155	KLQPGYTA:0.43661971830985913	VYIRGSGD:0.49295774647887325	LQPGYTAG:0.4507042253521127	GYTAGVIT:0.6197183098591549	DIEFLGTT:0.6056338028169014	KPFRSGYF:0.2535211267605634	SIKLQPGY:0.2112676056338028	LQTNVYIR:0.4788732394366197	FGASIKLQ:0.23943661971830985	PGFHDEVD:0.3380281690140845	YTAGVITS:0.4788732394366197	AGVITSLY:0.323943661971831	TSGSGFKS:0.352112676056338	IKLQPGYT:0.36619718309859156	TFGKPYTL:0.352112676056338	VDIEFLGT:0.4084507042253521	VKPFRSGY:0.2535211267605634	FGKPYTLQ:0.352112676056338	HDEVDIEF:0.4084507042253521	LGTTFGKP:0.38028169014084506	FRSGYFGA:0.352112676056338	TTFGKPYT:0.36619718309859156	RTSGSGFK:0.22535211267605634	EFLGTTFG:0.38028169014084506	TNVYIRGS:0.4788732394366197	KPYTLQTN:0.5070422535211268	DRTSGSGF:0.22535211267605634	YIRGSGDG:0.4647887323943662	AHPGFHDE:0.3380281690140845	KSVKPFRS:0.2535211267605634	TSLYLSNN:0.3380281690140845	ITSLYLSN:0.323943661971831	EVDIEFLG:0.4084507042253521	GTTFGKPY:0.38028169014084506	SGSGFKSV:0.29577464788732394	YTLQTNVY:0.5774647887323944	GYFGASIK:0.30985915492957744	RSGYFGAS:0.323943661971831	GKPYTLQT:0.4507042253521127	IRGSGDGK:0.23943661971830985	LSNNEAHP:0.352112676056338	QTNVYIRG:0.4788732394366197	TLQTNVYI:0.4084507042253521	GVITSLYL:0.323943661971831	VYGSIWDA:0.38028169014084506	VPIRRYPR:0.2676056338028169	IDIEFLGT:0.30985915492957744	FDPTQDFH:0.22535211267605634	WVYGSIWD:0.28169014084507044	SIWDASSW:0.43661971830985913	GSIWDASS:0.43661971830985913	DVPIRRYP:0.28169014084507044	VDDVPIRR:0.43661971830985913	IWDASSWA:0.4507042253521127	HLWFDPTQ:0.2535211267605634	MWVYGSIW:0.2535211267605634	PIRRYPRK:0.2676056338028169	EIDIEFLG:0.30985915492957744	KFHLWFDP:0.29577464788732394	YGSIWDAS:0.647887323943662	LWFDPTQD:0.2535211267605634	DGKYKADY:0.2112676056338028	WDASSWAT:0.4788732394366197	WFDPTQDF:0.22535211267605634	FHLWFDPT:0.5070422535211268	DDVPIRRY:0.4507042253521127	IRRYPRKS:0.2676056338028169	DEIDIEFL:0.30985915492957744	HDEIDIEF:0.30985915492957744	DYRYQPFV:0.29577464788732394	RPMWVYGS:0.23943661971830985	PMWVYGSI:0.23943661971830985	DASSWATE:0.38028169014084506	PSPGYYPS:0.2676056338028169	ADYRYQPF:0.30985915492957744	NLWGPQHQ:0.2676056338028169	SPGYYPSS:0.23943661971830985	EMKFHLWF:0.2112676056338028	IIGREMKF:0.22535211267605634	IGREMKFH:0.2112676056338028	WATEDGKY:0.2535211267605634	TEDGKYKA:0.2535211267605634	SWATEDGK:0.23943661971830985	IFLVDDVP:0.2535211267605634	ATEDGKYK:0.23943661971830985	LVDDVPIR:0.28169014084507044	IIFLVDDV:0.23943661971830985	EIIFLVDD:0.2676056338028169	ASSWATED:0.2535211267605634	MKFHLWFD:0.22535211267605634	GREMKFHL:0.2112676056338028	FLVDDVPI:0.28169014084507044	SSWATEDG:0.2535211267605634	FHHYAILW:0.2535211267605634	REMKFHLW:0.2112676056338028	GREMRFHL:0.22535211267605634	REMRFHLW:0.22535211267605634	RFHLWFDP:0.22535211267605634	MRFHLWFD:0.2112676056338028	EMRFHLWF:0.22535211267605634	
