cluster number:127
GH16:42	GH16:42|CBM4:28|CBM54:6|CBM32:2|3.2.1.39:1|3.2.1.6:1
EIRWYVDG:0.4523809523809524	EPGEIRWY:0.5714285714285714	LNLAVGGW:0.2619047619047619	RWYVDGNL:0.21428571428571427	AASGEIDI:0.5476190476190477	ILNLAVGG:0.3333333333333333	LAVGGWYG:0.2857142857142857	VEWEPGEI:0.35714285714285715	WEPGEIRW:0.5714285714285714	YAVEWEPG:0.30952380952380953	GEIDIMEN:0.30952380952380953	EWEPGEIR:0.5476190476190477	NLAVGGWY:0.2857142857142857	PAPFDQEF:0.3333333333333333	GEIRWYVD:0.4523809523809524	WPAFWMMP:0.4523809523809524	GGWAASGE:0.4523809523809524	GWGNEELQ:0.21428571428571427	YGGWAASG:0.4523809523809524	SGEIDIME:0.6666666666666666	YPAPFDQE:0.30952380952380953	AVGGWYGG:0.2857142857142857	ASGEIDIM:0.5238095238095238	AVEWEPGE:0.30952380952380953	PGEIRWYV:0.6428571428571429	GWAASGEI:0.42857142857142855	WAASGEID:0.5714285714285714	APFDQEFY:0.21428571428571427	GWGNNEKQ:0.2857142857142857	YNGTFDQG:0.2857142857142857	WPAFWMLP:0.21428571428571427	GYWPAFWM:0.2857142857142857	GQGYWPAF:0.2619047619047619	QGYWPAFW:0.2619047619047619	VDYVRVYE:0.30952380952380953	LPEGQGYW:0.23809523809523808	PEGQGYWP:0.23809523809523808	EGQGYWPA:0.23809523809523808	YWPAFWMM:0.2619047619047619	PAFWMMPE:0.21428571428571427	GLWPAFWM:0.21428571428571427	TDLAARLE:0.21428571428571427	DYVRVYEL:0.21428571428571427	YKLSFDAK:0.23809523809523808	GEIDIMEA:0.2619047619047619	
