cluster number:85
GH16:126	GH16:126
LAVAGSGG:0.40476190476190477	LDGNSNLV:0.42857142857142855	GPAGSAPD:0.48412698412698413	PSATTVHA:0.24603174603174602	TTVHAKAN:0.23809523809523808	EARIKFNC:0.40476190476190477	NVFLDGNS:0.30952380952380953	ARIKFNCL:0.3968253968253968	GAWPAFWL:0.24603174603174602	TVHAKANG:0.23809523809523808	DGPAGSAP:0.5476190476190477	DEFDGPAG:0.7857142857142857	NLAVAGSG:0.36507936507936506	AGSGGGDP:0.373015873015873	ATTVHAKA:0.23809523809523808	WEARIKFN:0.3253968253968254	YPAEMLVD:0.25396825396825395	EFDGPAGS:0.7619047619047619	VAGSGGGD:0.373015873015873	FLDGNSNL:0.3888888888888889	LNLAVAGS:0.24603174603174602	VFLDGNSN:0.3253968253968254	SATTVHAK:0.24603174603174602	TWEARIKF:0.373015873015873	AVAGSGGG:0.373015873015873	FDGPAGSA:0.5476190476190477	WPSATTVH:0.2619047619047619	TWEARIKL:0.3253968253968254	DGNSNLVL:0.35714285714285715	RDDRRNVF:0.2222222222222222	YRDDRRNV:0.25396825396825395	GIGTTWEA:0.3253968253968254	PAWWLSND:0.24603174603174602	HDEFDGPA:0.30952380952380953	CLAPGMWP:0.20634920634920634	MWPAWWLS:0.21428571428571427	WPAWWLSN:0.2619047619047619	VHGLWRGG:0.20634920634920634	WPFNDPGY:0.38095238095238093	PGMWPAWW:0.21428571428571427	EPIREWPF:0.21428571428571427	LWRGGIGT:0.23809523809523808	LSNDDPGR:0.24603174603174602	GMWPAWWL:0.21428571428571427	GLVHGLWR:0.20634920634920634	HANPDGTA:0.2222222222222222	EMLVDWVR:0.23809523809523808	WHNWRVTW:0.2222222222222222	PDGTAFET:0.20634920634920634	NPDGTAFE:0.20634920634920634	SNLVLRAT:0.2222222222222222	YFWLDYAD:0.21428571428571427	VFPVLNLA:0.23015873015873015	NLAVGGSG:0.23015873015873015	NLVLRATR:0.2222222222222222	MYFWLDYA:0.21428571428571427	TTVHANPD:0.2222222222222222	GNSNLVLR:0.24603174603174602	QEMLVDWV:0.20634920634920634	GTTWEARI:0.29365079365079366	PQEMLVDW:0.20634920634920634	SGTTVHAN:0.24603174603174602	LIEWYGNG:0.21428571428571427	LVDWVRVF:0.23015873015873015	FPVLNLAV:0.29365079365079366	RGGIGTTW:0.30952380952380953	GGLVHGLW:0.20634920634920634	LAVGGSGG:0.23015873015873015	TTWEARIK:0.30952380952380953	PSGTTVHA:0.4444444444444444	HGLWRGGI:0.20634920634920634	FHDEFDGP:0.25396825396825395	YTVFPVLN:0.20634920634920634	WPSGTTVH:0.4444444444444444	PFNDPGYT:0.3492063492063492	ANPDGTAF:0.2222222222222222	FGGLVHGL:0.20634920634920634	VHANPDGT:0.2222222222222222	VGGSGGGD:0.23015873015873015	QNVFLDGN:0.21428571428571427	SNDDPGRS:0.23015873015873015	NDDPGRSG:0.23015873015873015	RQNVFLDG:0.2857142857142857	LVHGLWRG:0.20634920634920634	TVHANPDG:0.2222222222222222	DLIEWYGN:0.2222222222222222	APGMWPAW:0.21428571428571427	YFGGLVHG:0.21428571428571427	TVFPVLNL:0.20634920634920634	FWLDYADG:0.21428571428571427	LNLAVGGS:0.23015873015873015	REWPFNDP:0.21428571428571427	HNWRVTWN:0.2222222222222222	LFHDEFDG:0.2222222222222222	WWLSNDDP:0.24603174603174602	MLVDWVRV:0.3333333333333333	VLNLAVGG:0.23015873015873015	WRGGIGTT:0.30952380952380953	GLWRGGIG:0.23809523809523808	GTTVHANP:0.24603174603174602	GGIGTTWE:0.3253968253968254	GSGGGDPA:0.2698412698412698	DDPGRSGE:0.23015873015873015	GGSGGGDP:0.21428571428571427	AWWLSNDD:0.23809523809523808	NSNLVLRA:0.24603174603174602	AVGGSGGG:0.23015873015873015	YPQEMLVD:0.20634920634920634	NCLAPGMW:0.20634920634920634	IREWPFND:0.21428571428571427	PVLNLAVG:0.2222222222222222	IGTTWEAR:0.3492063492063492	GMYFWLDY:0.2222222222222222	LAPGMWPA:0.20634920634920634	PIREWPFN:0.21428571428571427	WLSNDDPG:0.24603174603174602	DWPFNDPG:0.23015873015873015	FLDGKSNL:0.20634920634920634	HTWEARIK:0.24603174603174602	LDGKSNLV:0.20634920634920634	GHTWEARI:0.24603174603174602	
