cluster number:20
GH16:33	GH16:33|CBM39:26
YPKGLRVS:0.21212121212121213	AFHGKLNE:0.3939393939393939	KDFHNYTL:0.24242424242424243	EAIYPKGL:0.21212121212121213	AKLEAIYP:0.24242424242424243	FAFHGKLN:0.36363636363636365	IYPKGLRV:0.24242424242424243	AIYPKGLR:0.21212121212121213	YGRVEIRA:0.21212121212121213	LFAFHGKL:0.36363636363636365	PEIQLEPR:0.21212121212121213	GRVEIRAK:0.2727272727272727	LEAIYPKG:0.21212121212121213	SLFAFHGK:0.24242424242424243	GDKIYFWT:0.30303030303030304	FSLFAFHG:0.21212121212121213	HGKLNEEM:0.3333333333333333	GKLNEEME:0.2727272727272727	KIYFWTYV:0.24242424242424243	FHGKLNEE:0.3333333333333333	DKIYFWTY:0.2727272727272727	GAQILPPV:0.30303030303030304	GLGYRQDN:0.3333333333333333	YRQDNGEW:0.3333333333333333	LNEEMEGL:0.2727272727272727	DGLGYRQD:0.2727272727272727	RQDNGEWT:0.3333333333333333	IYFWTYVI:0.3333333333333333	DNGEWTVT:0.2727272727272727	NEEMEGLE:0.2727272727272727	LGLRVGGI:0.21212121212121213	KLNEEMEG:0.2727272727272727	LGYRQDNG:0.3333333333333333	GFSLFAFH:0.21212121212121213	SLGLRVGG:0.2727272727272727	QDNGEWTV:0.3333333333333333	GYRQDNGE:0.3333333333333333	KLYGGPVL:0.21212121212121213	AKKLYGGP:0.2727272727272727	KKLYGGPV:0.21212121212121213	EPDYPFNV:0.21212121212121213	PDYPFNVY:0.24242424242424243	DYVRVYAL:0.3939393939393939	YFWTYVIK:0.2727272727272727	VDYVRVYA:0.3333333333333333	VIKDGLGY:0.21212121212121213	KDGLGYRQ:0.24242424242424243	IKDGLGYR:0.21212121212121213	LGLRVGGV:0.24242424242424243	GHWSRDIT:0.21212121212121213	EEMEGLEA:0.21212121212121213	EMEGLEAG:0.24242424242424243	
