cluster number:131
GH16:17	GH16:17
DLDEIDWE:0.4117647058823529	KAAPGTGI:0.29411764705882354	GIVSSAVL:0.23529411764705882	QSDDLDEI:0.29411764705882354	QGTIDWAG:0.23529411764705882	PGTGIVSS:0.29411764705882354	DEIDWEWL:0.23529411764705882	IVSSAVLQ:0.23529411764705882	AAPGTGIV:0.29411764705882354	VLQSDDLD:0.29411764705882354	GKGDTSSY:0.29411764705882354	IDWEWLGG:0.23529411764705882	LDEIDWEW:0.29411764705882354	VSSAVLQS:0.23529411764705882	TNYFGKGD:0.5294117647058824	SSAVLQSD:0.23529411764705882	YFGKGDTS:0.4117647058823529	GTIDWAGG:0.35294117647058826	SDDLDEID:0.47058823529411764	SAVLQSDD:0.23529411764705882	DWEWLGGN:0.23529411764705882	NYFGKGDT:0.5294117647058824	VQTNYFGK:0.4117647058823529	APGTGIVS:0.29411764705882354	EIDWEWLG:0.23529411764705882	DDLDEIDW:0.4117647058823529	LQSDDLDE:0.29411764705882354	AVLQSDDL:0.23529411764705882	FGKGDTSS:0.29411764705882354	QTNYFGKG:0.47058823529411764	GTIEWAGG:0.29411764705882354	GDTSSYDR:0.23529411764705882	KGDTSSYD:0.23529411764705882	LESDDLDE:0.23529411764705882	WAGGETDY:0.23529411764705882	VLESDDLD:0.23529411764705882	WAGGDPSN:0.23529411764705882	NYFGKGNT:0.23529411764705882	PGVGIVSS:0.23529411764705882	GIWAGGDP:0.23529411764705882	VVMKAAPG:0.23529411764705882	KKGDAPTI:0.23529411764705882	YTYSDNSG:0.23529411764705882	AAPGVGIV:0.23529411764705882	APGVGIVS:0.23529411764705882	EVVMKAAP:0.23529411764705882	
