cluster number:63
GH33:6	GH33:6
GFIYRSDS:0.3333333333333333	ESEPGKVH:0.3333333333333333	RSTEGFIY:0.3333333333333333	NNSGIDLV:0.3333333333333333	LPHWNPVL:0.5	EGFIYRSD:0.3333333333333333	EGADDVAI:0.3333333333333333	LWESEPGK:0.3333333333333333	PGKVHMLL:0.3333333333333333	PNNNSGID:0.6666666666666666	GGRGPVKN:0.6666666666666666	IQPTLWES:0.3333333333333333	WESEPGKV:0.3333333333333333	NNNSGIDL:0.5	PHWNPVLF:0.3333333333333333	GKVHMLLR:0.3333333333333333	GRGPVKNK:0.6666666666666666	LRSTEGFI:0.3333333333333333	KVHMLLRS:0.3333333333333333	WSEPVELV:0.3333333333333333	SEPGKVHM:0.3333333333333333	DEEGLPHW:0.5	QPTLWESE:0.3333333333333333	LLRSTEGF:0.3333333333333333	EEGLPHWN:0.5	MLLRSTEG:0.3333333333333333	GLPHWNPV:0.6666666666666666	VHMLLRST:0.5	DGPGEFSY:0.3333333333333333	TEGFIYRS:0.3333333333333333	GADDVAIW:0.3333333333333333	EPGKVHML:0.3333333333333333	STEGFIYR:0.3333333333333333	PGEFSYPA:0.3333333333333333	EGLPHWNP:0.5	GPGEFSYP:0.3333333333333333	TWSEPVEL:0.3333333333333333	GDRGGRGP:0.3333333333333333	DRGGRGPV:0.3333333333333333	ADEEGLPH:0.5	HMLLRSTE:0.3333333333333333	LPNNNSGI:0.6666666666666666	SADGGRTW:0.3333333333333333	PTSLPNNN:0.3333333333333333	LTYTWKRE:0.3333333333333333	TSLPNNNS:0.3333333333333333	AWFGGSRE:0.5	WFGGSREG:0.5	SDSADGGR:0.3333333333333333	RSDSADGG:0.3333333333333333	GVIQPALW:0.3333333333333333	AAWFGGSR:0.5	SLPNNNSG:0.3333333333333333	DVLAAWFG:0.5	DSADGGRT:0.3333333333333333	LAAWFGGS:0.5	GDVLAAWF:0.3333333333333333	VLAAWFGG:0.5	FGGSREGA:0.5	GPVKNKPI:0.5	IGGRGPVK:0.3333333333333333	RGPVKNKP:0.5	DIGGRGPV:0.3333333333333333	GDIGGRGP:0.3333333333333333	GKGIIQPT:0.3333333333333333	
