cluster number:40
GH33:14	GH33:14
DGFQAPDG:0.35714285714285715	ILVGNLWT:0.21428571428571427	RTPGGRLW:0.21428571428571427	TIGIERTP:0.21428571428571427	GFQAPDGT:0.21428571428571427	YGMTIGIE:0.21428571428571427	VGNLWTDP:0.42857142857142855	DYGMTIGI:0.35714285714285715	LDPLRGAN:0.21428571428571427	FTEDDVLA:0.21428571428571427	IERTPGGR:0.21428571428571427	PDGFQAPD:0.35714285714285715	ARFTEDDV:0.21428571428571427	TLNKPTVL:0.35714285714285715	SLWMLART:0.21428571428571427	SDDDGETW:0.21428571428571427	LDYGMTIG:0.35714285714285715	IGIERTPG:0.21428571428571427	SYPDGFQA:0.2857142857142857	RFHIRRLA:0.21428571428571427	DDDGETWS:0.21428571428571427	LNKPTVLS:0.21428571428571427	RFTEDDVL:0.21428571428571427	GMTIGIER:0.21428571428571427	VSYPDGFQ:0.2857142857142857	FHIRRLAS:0.21428571428571427	ERTPGGRL:0.2857142857142857	GIERTPGG:0.21428571428571427	YPDGFQAP:0.35714285714285715	GVSYPDGF:0.21428571428571427	MTIGIERT:0.2857142857142857	LVGNLWTD:0.2857142857142857	WLFFDQSM:0.35714285714285715	ATSDDDGE:0.21428571428571427	GRLWLFFD:0.21428571428571427	HLTAFLSD:0.21428571428571427	LTAFLSDD:0.35714285714285715	RSHLTAFL:0.2857142857142857	PGGRLWAC:0.21428571428571427	FVLATSDD:0.2857142857142857	SHLTAFLS:0.2857142857142857	VLATSDDD:0.21428571428571427	TPGGRLWA:0.21428571428571427	RMANVFVS:0.21428571428571427	RLWLFFDQ:0.2857142857142857	LAAPALVP:0.21428571428571427	GGLLLDER:0.21428571428571427	AFLSDDDG:0.42857142857142855	LWLFFDQS:0.35714285714285715	LATSDDDG:0.21428571428571427	AFFVLATS:0.21428571428571427	FFVLATSD:0.21428571428571427	GRLWACWV:0.21428571428571427	GGRLWACW:0.21428571428571427	TAFLSDDD:0.35714285714285715	AAPALVPP:0.21428571428571427	KAFFVLAT:0.21428571428571427	DGCTLNKP:0.21428571428571427	DGMKTWPY:0.21428571428571427	HYVSNPRN:0.21428571428571427	VSNPRNGV:0.21428571428571427	RHYVSNPR:0.21428571428571427	YHGWAENN:0.21428571428571427	LRHYVSNP:0.21428571428571427	NYPDGFVS:0.21428571428571427	TFIRNHIV:0.21428571428571427	FDEHMVVE:0.21428571428571427	LNKPTVLK:0.21428571428571427	DDNRHRAV:0.21428571428571427	HGWAENNI:0.21428571428571427	YVSNPRNG:0.21428571428571427	RYHGWAEN:0.21428571428571427	ALRHYVSN:0.21428571428571427	VAMLHNPN:0.21428571428571427	FTFIRNHI:0.21428571428571427	PNPGSKAT:0.21428571428571427	DDGATWPH:0.21428571428571427	
