cluster number:76
GH33:24	GH33:24|3.2.1.18:9
EPPHGCQG:0.25	PGHRTMNP:0.3333333333333333	GPCGYSDL:0.2916666666666667	DLTEEVIG:0.25	MIYSDDLG:0.20833333333333334	WSRPWILH:0.20833333333333334	ECEQIAFR:0.20833333333333334	IQLQSGRL:0.20833333333333334	HRTMNPCP:0.5	PHSLMIYS:0.25	CGPCGYSD:0.20833333333333334	YSDDLGVT:0.20833333333333334	PWILHCGP:0.20833333333333334	TEEVIGSE:0.20833333333333334	SDDLGVTW:0.20833333333333334	RPWILHCG:0.20833333333333334	HTFLAFAE:0.3333333333333333	CEPPHGCQ:0.25	AVGPGHGI:0.6666666666666666	HGCQGSVV:0.25	CWSRPWIL:0.25	GHGIQLQS:0.20833333333333334	HSLMIYSD:0.25	FAVGPGHG:0.9583333333333334	HWATFAVG:0.25	GCQGSVVS:0.4583333333333333	GHRTMNPC:0.3333333333333333	LHCGPCGY:0.20833333333333334	LAFAEKRS:0.4166666666666667	PGHGIQLQ:0.20833333333333334	DDLGVTWH:0.20833333333333334	TFAVGPGH:0.9166666666666666	LYCSARTP:0.25	WLLYSHPT:0.4166666666666667	ITYRIPAL:0.25	ILHCGPCG:0.20833333333333334	LPGHRTMN:0.3333333333333333	FLAFAEKR:0.5833333333333334	TMNPCPVW:0.25	GIQLQSGR:0.20833333333333334	ATLPGHRT:0.2916666666666667	CEQIAFRL:0.20833333333333334	MNPCPVWE:0.25	LCEPPHGC:0.25	GITYRIPA:0.20833333333333334	VLYCSART:0.25	ATFAVGPG:0.875	HCGPCGYS:0.20833333333333334	HGIQLQSG:0.20833333333333334	PCGYSDLA:0.2916666666666667	LLYSHPTS:0.20833333333333334	LTEEVIGS:0.20833333333333334	WILHCGPC:0.20833333333333334	TYRIPALL:0.2916666666666667	SLMIYSDD:0.25	YCSARTPN:0.20833333333333334	MEATLPGH:0.25	YRIPALLY:0.4166666666666667	PPHGCQGS:0.25	TLPGHRTM:0.375	LMEATLPG:0.20833333333333334	EATLPGHR:0.25	CQGSVVSF:0.375	SRPWILHC:0.20833333333333334	TFLAFAEK:0.5416666666666666	FGCLFECG:0.25	EQIAFRLF:0.20833333333333334	WATFAVGP:0.875	LMIYSDDL:0.20833333333333334	PVLYCSAR:0.20833333333333334	PHGCQGSV:0.25	KHWATFAV:0.20833333333333334	GPGHGIQL:0.3333333333333333	VGPGHGIQ:0.6666666666666666	RTMNPCPV:0.4166666666666667	RLIIPAYA:0.2916666666666667	GPSGYSDL:0.5	SHLYCNAR:0.20833333333333334	AFAEKRSS:0.3333333333333333	SGYSDLAY:0.2916666666666667	MNPCPVYE:0.4583333333333333	PSGYSDLA:0.2916666666666667	LIIPAYAY:0.2916666666666667	IIPAYAYY:0.25	LFLFFICV:0.3333333333333333	RSMNPCPV:0.20833333333333334	TWLLYSHP:0.25	GRLIIPAY:0.4583333333333333	YRIPALIY:0.2916666666666667	AVGPGHGV:0.2916666666666667	QMKSGRLI:0.20833333333333334	FACLMECG:0.20833333333333334	VTYRIPAL:0.25	TYRIPALI:0.2916666666666667	DLTADVIG:0.20833333333333334	NPCPVYER:0.2916666666666667	KSGRLIIP:0.20833333333333334	CLMECGKE:0.20833333333333334	ARLCYITS:0.20833333333333334	CQGSVLSF:0.25	MKSGRLII:0.20833333333333334	GCQGSVLS:0.25	KNWATFAV:0.20833333333333334	SMNPCPVY:0.20833333333333334	SGRLIIPA:0.2916666666666667	NWATFAVG:0.2916666666666667	VGPGHGVQ:0.2916666666666667	HFACLMEC:0.20833333333333334	TGECQVAE:0.20833333333333334	LLYSHPTN:0.20833333333333334	SKTLFLFF:0.20833333333333334	KTLFLFFI:0.20833333333333334	FACLFECG:0.20833333333333334	PMNPCPVY:0.20833333333333334	RPMNPCPV:0.20833333333333334	YERESKTL:0.20833333333333334	
