cluster number:65
GH20:31	GH20:31
VMWWRHDR:0.22580645161290322	TFHPCKEE:0.22580645161290322	DESRHFFG:0.6129032258064516	MIGWDEIV:0.22580645161290322	FGKEKVKQ:0.3225806451612903	RGFMLDES:0.6774193548387096	WRGFMLDE:0.6774193548387096	ALAESAWT:0.22580645161290322	IGWDEIVD:0.25806451612903225	DEPGWRIE:0.3548387096774194	AWRGFMLD:0.22580645161290322	FISDVLDE:0.22580645161290322	FTFHPCKE:0.22580645161290322	PEFDMPGH:0.22580645161290322	IREIVAYA:0.25806451612903225	GFMLDESR:0.6774193548387096	PRLIALAE:0.25806451612903225	YAWRGFML:0.22580645161290322	SRHFFGKE:0.3548387096774194	EIKKYPKL:0.3548387096774194	YQLLKALE:0.22580645161290322	FHWHLTDE:0.5161290322580645	IEIKKYPK:0.25806451612903225	FMLDESRH:0.6129032258064516	RHFFGKEK:0.3225806451612903	WDEIVDAG:0.22580645161290322	DIREIVAY:0.25806451612903225	TDEPGWRI:0.3548387096774194	IVAYAAER:0.22580645161290322	MLDESRHF:0.6774193548387096	PGWRIEIK:0.3870967741935484	LNVFHWHL:0.22580645161290322	LTDEPGWR:0.3548387096774194	MTFPRLIA:0.22580645161290322	ESRHFFGK:0.45161290322580644	GWDEIVDA:0.25806451612903225	VFHWHLTD:0.22580645161290322	FDMPGHAT:0.22580645161290322	FFGKEKVK:0.3548387096774194	GWRIEIKK:0.2903225806451613	FPRLIALA:0.25806451612903225	GGGEGRWK:0.22580645161290322	NVFHWHLT:0.22580645161290322	HWHLTDEP:0.5806451612903226	TFPRLIAL:0.22580645161290322	FHPCKEET:0.22580645161290322	HFFGKEKV:0.3225806451612903	EPGWRIEI:0.3548387096774194	DMPGHATA:0.8387096774193549	REIVAYAA:0.25806451612903225	SGGGEGRW:0.22580645161290322	EFDMPGHA:0.22580645161290322	WRIEIKKY:0.3548387096774194	HLTDEPGW:0.3548387096774194	WHLTDEPG:0.3548387096774194	RIEIKKYP:0.3548387096774194	IHIGGDEV:0.25806451612903225	LDESRHFF:0.6129032258064516	EIVAYAAE:0.22580645161290322	RFISDVLD:0.22580645161290322	IKKYPKLT:0.22580645161290322	FDFVQDST:0.22580645161290322	PEIDMPGH:0.7419354838709677	EIDMPGHA:0.7419354838709677	IHLGGDEV:0.41935483870967744	KLNRFHWH:0.22580645161290322	WMAFYKLN:0.3548387096774194	NRFHWHLT:0.3225806451612903	MIHLGGDE:0.2903225806451613	VIPEIDMP:0.3870967741935484	RFHWHLTD:0.3225806451612903	LNRFHWHL:0.22580645161290322	IPEIDMPG:0.6774193548387096	DWMAFYKL:0.2903225806451613	YFDFVQDS:0.3548387096774194	PRIAALAE:0.25806451612903225	AANKAYPE:0.2903225806451613	ATAANKAY:0.2903225806451613	ITVIPEID:0.22580645161290322	TAANKAYP:0.2903225806451613	KLNKFHWH:0.22580645161290322	AYPEYSGG:0.25806451612903225	NKFHWHLT:0.22580645161290322	YKLNKFHW:0.22580645161290322	MPGHATAA:0.6451612903225806	PGHATAAN:0.6129032258064516	PLYFDFVQ:0.3870967741935484	TVIPEIDM:0.22580645161290322	IDMPGHAT:0.6129032258064516	LNKFHWHL:0.22580645161290322	KFHWHLTD:0.22580645161290322	HATAANKA:0.2903225806451613	GHATAANK:0.2903225806451613	LGGDEVSF:0.25806451612903225	LPKDKTII:0.22580645161290322	GHATAANR:0.2903225806451613	ATAANRAY:0.2903225806451613	IQANLWTE:0.41935483870967744	ANLWTETV:0.3870967741935484	HATAANRA:0.2903225806451613	TAANRAYP:0.2903225806451613	GWRGFMLD:0.22580645161290322	QANLWTET:0.3870967741935484	GGDEVSFG:0.2903225806451613	HLGGDEVS:0.41935483870967744	ALAEAAWT:0.25806451612903225	GIQANLWT:0.41935483870967744	LGIQANLW:0.3870967741935484	TIIFWWRH:0.22580645161290322	AANRAYPE:0.22580645161290322	FHWHLTDA:0.22580645161290322	IIFWWRHD:0.22580645161290322	ILGIQANL:0.25806451612903225	IIPEIDMP:0.2903225806451613	YLTNILKE:0.25806451612903225	AYPEFSGG:0.22580645161290322	YPEFSGGG:0.22580645161290322	PEFTFNPG:0.22580645161290322	
