cluster number:25
GH20:28	GH20:28|3.2.1.52:8
QPNPGQLD:0.32142857142857145	DVIVSSAD:0.2857142857142857	QRILNFRE:0.6785714285714286	PEIDMPGH:0.42857142857142855	QRIYDYDF:0.42857142857142855	ELVWSGNR:0.2857142857142857	WQRIYDYD:0.42857142857142855	IDMPGHSA:0.21428571428571427	AVQPNPGQ:0.32142857142857145	MTQRILNF:0.25	KTWQRIYD:0.42857142857142855	YDVIVSSA:0.2857142857142857	KYCLQHPH:0.35714285714285715	LAELVWSG:0.39285714285714285	MVDTGRNF:0.21428571428571427	LVWSGNRD:0.2857142857142857	YKTWQRIY:0.7142857142857143	WCAPYKTW:0.4642857142857143	KVNPLPAP:0.35714285714285715	LNFREYLV:0.6071428571428571	VWGALHAF:0.25	VQPNPGQL:0.32142857142857145	TVWGALHA:0.25	VKVNPLPA:0.35714285714285715	GSWCAPYK:0.5	VNPLPAPQ:0.21428571428571427	PLWSEQVD:0.4642857142857143	HTAVQPNP:0.32142857142857145	DFLYLDCG:0.4642857142857143	RIYDYDFT:0.32142857142857145	PGHSASGW:0.21428571428571427	MWEDVVLS:0.21428571428571427	VPKYCLQH:0.32142857142857145	GGSWCAPY:0.5	APYKTWQR:0.4642857142857143	TQRILNFR:0.6785714285714286	NFREYLVA:0.5357142857142857	QHGVDESY:0.2857142857142857	FREYLVAN:0.4642857142857143	DTGRNFIS:0.2857142857142857	FHVGGDEL:0.2857142857142857	MPGHSASG:0.21428571428571427	PRAAALAE:0.4642857142857143	AVKVNPLP:0.2857142857142857	TGRNFISV:0.25	RAAALAEL:0.42857142857142855	DLQHGVDE:0.25	LQHGVDES:0.2857142857142857	WPRAAALA:0.4642857142857143	ILNFREYL:0.6428571428571429	TAVQPNPG:0.32142857142857145	APLWSEQV:0.4642857142857143	AELVWSGN:0.39285714285714285	EIDMPGHS:0.2857142857142857	SWCAPYKT:0.4642857142857143	ALAELVWS:0.39285714285714285	AAALAELV:0.39285714285714285	HVGGDELQ:0.2857142857142857	LWSEQVDD:0.42857142857142855	ADLQHGVD:0.21428571428571427	LVPKYCLQ:0.2857142857142857	DMPGHSAS:0.21428571428571427	CAPYKTWQ:0.4642857142857143	GYDVIVSS:0.42857142857142855	VIVSSADF:0.2857142857142857	PYKTWQRI:0.7142857142857143	RILNFREY:0.6428571428571429	TWQRIYDY:0.39285714285714285	PKYCLQHP:0.35714285714285715	AALAELVW:0.39285714285714285	REYLVANG:0.4642857142857143	PLVPKYCL:0.35714285714285715	ALHAFTTL:0.2857142857142857	KYCLLNPH:0.21428571428571427	GALHAFTT:0.35714285714285715	CLLNPHAC:0.25	PKYCLLNP:0.21428571428571427	LLNPHACD:0.25	YCLLNPHA:0.21428571428571427	LHAFTTLQ:0.32142857142857145	AFTTLQQL:0.2857142857142857	PGHARAGW:0.25	LWSEQVDS:0.32142857142857145	VEPPPGQL:0.2857142857142857	AVEPPPGQ:0.35714285714285715	HAFTTLQQ:0.32142857142857145	LYLDCGYG:0.25	YLDCGYGG:0.32142857142857145	WGALHAFT:0.35714285714285715	LQHPHACD:0.25	YCLQHPHA:0.25	EYLVANGV:0.25	CLQHPHAC:0.25	KMWPRAAA:0.2857142857142857	ARARGVRV:0.35714285714285715	FTQRILNF:0.2857142857142857	MWPRAAAL:0.2857142857142857	YARARGVR:0.35714285714285715	TTLQQLVI:0.2857142857142857	AYARARGV:0.21428571428571427	HGVDESYT:0.32142857142857145	FTTLQQLV:0.21428571428571427	GVRVIPEI:0.35714285714285715	VNPLPAPR:0.32142857142857145	ALWSEQVD:0.25	SPLVPKYC:0.21428571428571427	RGVRVIPE:0.4642857142857143	VRVIPEID:0.35714285714285715	NPHACDLY:0.2857142857142857	RVIPEIDM:0.35714285714285715	GVDESYTL:0.35714285714285715	DFMYLDCG:0.21428571428571427	VIPEIDMP:0.42857142857142855	ARGVRVIP:0.35714285714285715	IPEIDMPG:0.2857142857142857	RARGVRVI:0.2857142857142857	EAALWSEQ:0.21428571428571427	GGSWCGPY:0.25	AALWSEQV:0.21428571428571427	VTNDPRYV:0.21428571428571427	GSWCGPYK:0.25	SKLNVLHW:0.2857142857142857	NYGGNGGS:0.21428571428571427	KLNVLHWH:0.32142857142857145	PNPGQLDI:0.25	FNYGGNGG:0.21428571428571427	GMALSKLN:0.21428571428571427	LSKLNVLH:0.2857142857142857	GGNGGSWC:0.25	YGGNGGSW:0.21428571428571427	FWPRAAAL:0.21428571428571427	NGGSWCAP:0.21428571428571427	DPSRTYND:0.21428571428571427	GNGGSWCA:0.21428571428571427	QHPHACDL:0.21428571428571427	SDFLYLDC:0.21428571428571427	
