cluster number:17
GH20:36	GH20:36
AYRLANAG:0.2222222222222222	DDEGWRLE:0.3333333333333333	YRLANAGY:0.25	DEGWRLEI:0.4444444444444444	TIRYTTDG:0.2222222222222222	IPEIETPG:0.3888888888888889	VIPEIETP:0.3333333333333333	MLDVARNF:0.2222222222222222	TPGHARAA:0.4444444444444444	EIETPGHA:0.4444444444444444	GLAERAWA:0.3611111111111111	GGDEVPAG:0.2222222222222222	PEIETPGH:0.4444444444444444	IETPGHAR:0.4444444444444444	DKPFYFIP:0.3055555555555556	ETPGHARA:0.5	TIHFGGDE:0.4722222222222222	LLGLAERA:0.2777777777777778	PGHARAAI:0.5555555555555556	LYLSGWEE:0.3333333333333333	PKLLGLAE:0.25	LGLAERAW:0.3055555555555556	AERAWAKD:0.3055555555555556	IHFGGDEV:0.5277777777777778	HFGGDEVP:0.5	MALYKLNV:0.25	IPGLPELT:0.3055555555555556	EYMLLPKL:0.2222222222222222	GHARAAIK:0.4722222222222222	LDLMALYK:0.2222222222222222	ARAAIKAM:0.2222222222222222	KLLGLAER:0.25	EIPGLPEL:0.2777777777777778	DLMALYKL:0.2222222222222222	LSGWEEIG:0.25	ERAWAKDP:0.3055555555555556	EGWRLEIP:0.2222222222222222	SGWEEIGL:0.2222222222222222	HARAAIKA:0.2222222222222222	AYRMANAG:0.2222222222222222	LGKRELPR:0.2222222222222222	DLAYRMAN:0.2222222222222222	HLNDDEGW:0.2222222222222222	NAGYKVVL:0.3333333333333333	ARAAIKSM:0.25	RMANAGYK:0.2222222222222222	LAYRMANA:0.2222222222222222	LNDDEGWR:0.2222222222222222	GKRELPRL:0.4166666666666667	MANAGYKV:0.25	YRMANAGY:0.2222222222222222	ANAGYKVV:0.3888888888888889	HARAAIKS:0.25	FIEILKYA:0.2222222222222222	YTTDGTEP:0.25	IRYTTDGT:0.2222222222222222	RYTTDGTE:0.2222222222222222	LANAGYKV:0.3055555555555556	DLAYRLAN:0.3055555555555556	DDLWYYYF:0.2222222222222222	EDLAYRLA:0.3055555555555556	GAEDLAYR:0.2777777777777778	
