cluster number:84
GH20:11	GH20:11|CBM32:4
GFMLDVGR:0.6363636363636364	WFRGPAVH:0.36363636363636365	LDVGRRFF:0.36363636363636365	PEIDAPAH:0.45454545454545453	PELGLNGG:0.2727272727272727	DWDSFEDT:0.2727272727272727	LQLHLNDN:0.36363636363636365	RGFMLDVG:0.6363636363636364	DSFEDTAA:0.2727272727272727	PWFRGPAV:0.36363636363636365	MLDVGRRF:0.6363636363636364	FMLDVGRR:0.6363636363636364	WDSFEDTA:0.2727272727272727	DVGRRFFT:0.36363636363636365	VRGFMLDV:0.6363636363636364	GDSDMLDL:0.2727272727272727	VPFADYYH:0.5454545454545454	YIVPFADY:0.45454545454545453	PAVHFGAD:0.2727272727272727	NGGDSDML:0.2727272727272727	VPWFRGPA:0.2727272727272727	EFVPWFRG:0.45454545454545453	IVPFADYY:0.45454545454545453	FVPWFRGP:0.45454545454545453	LNGGDSDM:0.2727272727272727	YPVRGFML:0.2727272727272727	NYPVRGFM:0.2727272727272727	PFADYYHG:0.5454545454545454	WDSFEDLA:0.2727272727272727	GVLAQKMW:0.45454545454545453	FRGPAVHF:0.2727272727272727	DVPAHSRS:0.2727272727272727	PQLLGAAS:0.2727272727272727	GPAVHFGA:0.2727272727272727	AVHFGADE:0.2727272727272727	QLLGAASA:0.2727272727272727	DSFEDLAA:0.2727272727272727	LLYIVPFA:0.45454545454545453	VHFGADEY:0.6363636363636364	WPNYPVRG:0.2727272727272727	FGVLAQKM:0.36363636363636365	RGPAVHFG:0.2727272727272727	HPQLLGAA:0.2727272727272727	LYIVPFAD:0.45454545454545453	PNYPVRGF:0.2727272727272727	PEIDVPAH:0.2727272727272727	TRSLLQML:0.2727272727272727	GGDSDMLD:0.2727272727272727	GLNGGDSD:0.2727272727272727	DWPNYPVR:0.2727272727272727	PVRGFMLD:0.2727272727272727	SDHLDLSK:0.36363636363636365	SWNNGWYG:0.2727272727272727	DLLYIVPF:0.2727272727272727	IPEIDAPA:0.2727272727272727	EIDAPAHS:0.5454545454545454	DEFVPWFR:0.2727272727272727	IIPEIDAP:0.2727272727272727	DSDHLDLS:0.2727272727272727	NTNDDLLY:0.36363636363636365	HLDLSKPE:0.2727272727272727	LNELQLHL:0.2727272727272727	KLNELQLH:0.2727272727272727	TAVDWPNY:0.2727272727272727	DHLDLSKP:0.2727272727272727	FDEFVPWF:0.2727272727272727	INTNDDLL:0.2727272727272727	LAQKMWSG:0.2727272727272727	AQKMWSGA:0.2727272727272727	TIIPEIDA:0.2727272727272727	NELQLHLN:0.2727272727272727	NDDLLYIV:0.36363636363636365	PVTARHVR:0.2727272727272727	VTIIPEID:0.2727272727272727	TNDDLLYI:0.2727272727272727	QKMWSGAK:0.2727272727272727	DDLLYIVP:0.36363636363636365	FDPVTARH:0.2727272727272727	ELQLHLND:0.2727272727272727	GDSDHLDL:0.36363636363636365	VLAQKMWS:0.2727272727272727	GTAVDWPN:0.2727272727272727	DPVTARHV:0.2727272727272727	HLNDNEIA:0.45454545454545453	IHLNDNEI:0.36363636363636365	IDAPAHSR:0.36363636363636365	WPDYPVRG:0.2727272727272727	DAPAHSRA:0.2727272727272727	DWPDYPVR:0.2727272727272727	PAHSRAFI:0.2727272727272727	APAHSRAF:0.2727272727272727	NEIAKDTG:0.2727272727272727	DNEIAKDT:0.36363636363636365	EIAKDTGR:0.2727272727272727	LNDNEIAK:0.36363636363636365	NDNEIAKD:0.36363636363636365	
