cluster number:15
GH20:39	GH20:39|3.2.1.52:4
LIEYEDMF:0.358974358974359	TFGHMEFV:0.358974358974359	VHLDLKGA:0.6923076923076923	IEYEDMFP:0.358974358974359	IVHLDLKG:0.23076923076923078	EYEDMFPY:0.6666666666666666	GLLIEYED:0.2564102564102564	LDLKGAPP:0.6153846153846154	QTFGHMEF:0.38461538461538464	HLDLKGAP:0.6410256410256411	LLIEYEDM:0.2564102564102564	FGHMEFVL:0.358974358974359	LVHLDLKG:0.358974358974359	LKGAPPRV:0.20512820512820512	VIPLVQTF:0.358974358974359	VQTFGHME:0.3333333333333333	LHIGADEV:0.20512820512820512	IPLVQTFG:0.5897435897435898	EVIPLVQT:0.3333333333333333	LVQTFGHM:0.3333333333333333	DLKGAPPR:0.2564102564102564	PLVQTFGH:0.7435897435897436	HIGADEVY:0.2564102564102564	HMEFVLKH:0.3333333333333333	GHMEFVLK:0.358974358974359	SAFKGATG:0.23076923076923078	HFSVLCEL:0.23076923076923078	YDHFSVLC:0.23076923076923078	TGWQRYDH:0.5641025641025641	GWQRYDHF:0.358974358974359	VLCELLPV:0.2564102564102564	AASAFKGA:0.20512820512820512	ASAFKGAT:0.28205128205128205	RYDHFSVL:0.23076923076923078	LKGAPPKV:0.23076923076923078	LTGWQRYD:0.38461538461538464	EDMFPYEG:0.2564102564102564	FSVLCELL:0.23076923076923078	QRYDHFSV:0.23076923076923078	DHFSVLCE:0.23076923076923078	GWFSPYHR:0.20512820512820512	PSLAACLQ:0.23076923076923078	DEVYYLGE:0.28205128205128205	WQRYDHFS:0.23076923076923078	EVYYLGEG:0.28205128205128205	WAASAFKG:0.20512820512820512	SVLCELLP:0.2564102564102564	DLKGAPPK:0.41025641025641024	YEDMFPYE:0.2564102564102564	TFGHLEFV:0.23076923076923078	VQTFGHLE:0.38461538461538464	GHLEFVLK:0.2564102564102564	LVQTFGHL:0.38461538461538464	FGHLEFVL:0.2564102564102564	QTFGHLEF:0.3076923076923077	LEVIPLVQ:0.23076923076923078	
