cluster number:11
GH64:60	GH64:60|CBM6:1
AYGFAFDD:0.85	DGKAYGFA:0.5166666666666667	DDVADFAS:0.36666666666666664	LPYMSGRI:0.21666666666666667	CDGALAAP:0.38333333333333336	FCDGALAA:0.35	FDDVADFA:0.36666666666666664	RVIAPGHG:0.7166666666666667	KAYGFAFD:0.5666666666666667	YGFAFDDV:0.8666666666666667	DGALAAPN:0.38333333333333336	TNAGTFTG:0.48333333333333334	PYMSGRIY:0.21666666666666667	GFAFDDVA:0.7333333333333333	FAFDDVAD:0.36666666666666664	NAGTFTGR:0.48333333333333334	AGTFTGRV:0.5666666666666667	GKAYGFAF:0.5666666666666667	DVADFASY:0.36666666666666664	VIAPGHGL:0.5166666666666667	TTNAGTFT:0.4666666666666667	IAPGHGLD:0.5666666666666667	GALAAPND:0.43333333333333335	ALAAPNDG:0.4166666666666667	AFDDVADF:0.36666666666666664	VTTNAGTF:0.35	APGHGLDA:0.38333333333333336	LAAPNDGT:0.5666666666666667	TGRVRGDR:0.2	GAGFNRST:0.4166666666666667	AAVLGAGF:0.3333333333333333	PGHGLDAG:0.38333333333333336	AALQYPAG:0.31666666666666665	STRDVLFC:0.5166666666666667	VDMFSVPL:0.6	APNDGTTG:0.5	NTTMVDMF:0.8333333333333334	IDEVWSTY:0.3	GTTGPVAA:0.48333333333333334	LGAGFNRS:0.45	QVRVTPDG:0.26666666666666666	VADFASYI:0.3333333333333333	AKPSTRDV:0.21666666666666667	MFCNTTMV:0.5833333333333334	LTNHYAKA:0.26666666666666666	TTMVDMFS:0.8333333333333334	GPVAAVLG:0.5666666666666667	HGLDAGLF:0.35	PVALSDNG:0.23333333333333334	DGRAYGFA:0.26666666666666666	GHGLDAGL:0.3333333333333333	SGRIYVSL:0.21666666666666667	NDGTTGPV:0.5	YIQDTAPT:0.2833333333333333	RAYGFAFD:0.26666666666666666	KPSTRDVL:0.4166666666666667	FTGRVRGD:0.21666666666666667	VLGAGFNR:0.35	GRIYVSLG:0.21666666666666667	DCAEFTYN:0.48333333333333334	AVLGAGFN:0.35	FAKPSTRD:0.21666666666666667	EDGRAYGF:0.21666666666666667	TTGPVAAV:0.31666666666666665	NAALQYPA:0.21666666666666667	DEVWSTYT:0.3	HDCAEFTY:0.48333333333333334	ALPLTIVN:0.21666666666666667	ASYIQDTA:0.4	FCNTTMVD:0.6	FASYIQDT:0.4166666666666667	AGFNRSTL:0.4166666666666667	PAGWVESD:0.2	EVWSTYTG:0.26666666666666666	DFASYIQD:0.3333333333333333	TGPVAAVL:0.48333333333333334	LHDCAEFT:0.5333333333333333	GTFTGRVR:0.2833333333333333	VLHDCAEF:0.48333333333333334	DMFSVPLA:0.2833333333333333	TMVDMFSV:0.8	PYIDEVWS:0.31666666666666665	RDVLFCDG:0.5833333333333334	MVDMFSVP:0.8	PNDGTTGP:0.5	GLDAGLFP:0.23333333333333334	PSTRDVLF:0.5166666666666667	DGTTGPVA:0.48333333333333334	VAAVLGAG:0.35	VSFAKPST:0.21666666666666667	APYIDEVW:0.25	LSDNGADG:0.21666666666666667	GRAYGFAF:0.26666666666666666	TRDVLFCD:0.5833333333333334	IQDTAPTG:0.25	ADFASYIQ:0.3333333333333333	PVAAVLGA:0.5166666666666667	GNAALQYP:0.21666666666666667	ALQYPAGW:0.48333333333333334	AGMFCNTT:0.3333333333333333	MFSVPLAI:0.2	CNTTMVDM:0.8333333333333334	TFTGRVRG:0.21666666666666667	GMFCNTTM:0.5833333333333334	AAPNDGTT:0.5	SFAKPSTR:0.21666666666666667	SYIQDTAP:0.4	LQYPAGWV:0.48333333333333334	YIDEVWST:0.3	APVALSDN:0.23333333333333334	MYCNTTMV:0.25	YCNTTMVD:0.25	GMYCNTTM:0.25	LRVIAPGH:0.3	GRIYVALG:0.2833333333333333	TDYAIPLA:0.3	VDMFSVPM:0.2	SGMFCNTT:0.23333333333333334	SGRIYVAL:0.2833333333333333	FAFDDVAG:0.26666666666666666	GFTDYAIP:0.31666666666666665	MSGRIYVA:0.2833333333333333	FTDYAIPL:0.31666666666666665	DNGPDGFT:0.2	NGPDGFTD:0.2	DGFTDYAI:0.4	TVDGKAYG:0.2	VDGKAYGF:0.2	CAEFTYNS:0.23333333333333334	AQPTTDPA:0.21666666666666667	GPDGFTDY:0.2	PDGFTDYA:0.2	NHYAKAMH:0.2	QPTTDPAA:0.23333333333333334	DQTTGTLK:0.23333333333333334	QTTGTLKD:0.26666666666666666	GPVAAILG:0.31666666666666665	DMFSVPLS:0.25	GTLKDGAR:0.26666666666666666	TGTLKDGA:0.26666666666666666	TTDPAAFY:0.25	LFCDGALA:0.26666666666666666	PTTDPAAF:0.25	TNHYAKAM:0.2	PVAAILGA:0.31666666666666665	TTGTLKDG:0.26666666666666666	TGPVAAIL:0.21666666666666667	TLKDGARA:0.21666666666666667	DVLFCDGA:0.31666666666666665	MFSVPLSI:0.25	HYAKAMHA:0.2	VLFCDGAL:0.3	PGHGLDSG:0.2	APGHGLDS:0.2	LAYPAGWV:0.25	FDDVAGFA:0.2	AFDDVAGF:0.2	ALAYPAGW:0.23333333333333334	
