cluster number:15
CBM42:14	CBM42:14
YSFATADG:0.2857142857142857	FKLVKGLA:0.21428571428571427	NYPDRYWH:0.42857142857142855	VNYPDRYW:0.42857142857142855	VRSVNYPD:0.2857142857142857	ESVNYPGR:0.42857142857142855	RRLWLAGA:0.5	TRRLWLAG:0.8571428571428571	RLWLAGAL:0.42857142857142855	LESVNYPG:0.42857142857142855	GTRRLWLA:0.8571428571428571	RSVNYPDR:0.2857142857142857	AGALALAT:0.2857142857142857	CYSFATAD:0.2857142857142857	WLAGALAL:0.35714285714285715	LAGALALA:0.35714285714285715	AVMLESVN:0.42857142857142855	VMLESVNY:0.2857142857142857	LWLAGALA:0.42857142857142855	MLESVNYP:0.35714285714285715	TFKLVKGL:0.21428571428571427	SGAVMLES:0.2857142857142857	SVRSVNYP:0.21428571428571427	KLVKGLAD:0.21428571428571427	PGTRRLWL:0.8571428571428571	SVNYPDRY:0.2857142857142857	YSGAVMLE:0.2857142857142857	GAVMLESV:0.42857142857142855	NYPGRFLR:0.2857142857142857	YPGRFLRH:0.2857142857142857	SVNYPGRF:0.2857142857142857	VNYPGRFL:0.2857142857142857	QDATFCPR:0.7857142857142857	SRAPGTRR:0.35714285714285715	DRYWHVSG:0.2857142857142857	APDTSRAP:0.35714285714285715	ENGWAPDT:0.21428571428571427	PDTSRAPG:0.35714285714285715	NGWAPDTS:0.21428571428571427	GGLISFAT:0.21428571428571427	GLISFATP:0.42857142857142855	WENGWAPD:0.21428571428571427	APGTRRLW:0.42857142857142855	RAPGTRRL:0.42857142857142855	LISFATPS:0.42857142857142855	YPDRYWHV:0.2857142857142857	PWENGWAP:0.21428571428571427	GWAPDTSR:0.35714285714285715	NFQLRLDP:0.21428571428571427	DTSRAPGT:0.35714285714285715	TSRAPGTR:0.35714285714285715	WAPDTSRA:0.35714285714285715	PDRYWHVS:0.35714285714285715	LAGGLAVA:0.21428571428571427	LWLAGGLA:0.2857142857142857	RRLWLAGG:0.2857142857142857	AGGLAVAT:0.21428571428571427	WLAGGLAV:0.21428571428571427	GGLAVATV:0.21428571428571427	RLWLAGGL:0.2857142857142857	DATFCPRR:0.21428571428571427	LFRQDATF:0.42857142857142855	ATFCPRRS:0.21428571428571427	DGGYLRHR:0.21428571428571427	YLRHRDFL:0.21428571428571427	RQDATFCP:0.42857142857142855	RHRDFLLR:0.21428571428571427	LRHRDFLL:0.21428571428571427	PGRFLRHQ:0.21428571428571427	ADSAFRLV:0.2857142857142857	LYRADSAF:0.21428571428571427	DSAFRLVD:0.21428571428571427	ALFRQDAT:0.2857142857142857	FRQDATFC:0.42857142857142855	HRDFLLRA:0.21428571428571427	ADGRYLRH:0.21428571428571427	PGLISFAT:0.21428571428571427	GSALFRQD:0.21428571428571427	PGRFLRHR:0.21428571428571427	DGRYLRHR:0.21428571428571427	SALFRQDA:0.21428571428571427	TADGRYLR:0.21428571428571427	DGSALFRQ:0.21428571428571427	LADSAFRL:0.2857142857142857	GALALATI:0.21428571428571427	
