cluster number:7
CBM42:32	CBM42:32|GH43_20:30
HVWDSTDL:0.21875	QNNPVVTP:0.4375	YPFDPYQD:0.28125	VVLATDLK:0.34375	DYGLHLAV:0.46875	RYLRHYDY:0.25	GLHLAVSR:0.21875	TFVVLATD:0.4375	GDSFSPVN:0.28125	GTPNWVRL:0.21875	GYRRIRMH:0.21875	QYLHVWDS:0.25	PYQDQMWR:0.21875	PTRYLRHY:0.3125	GLNWTPLN:0.40625	ADYGLHLA:0.28125	VLATDLKG:0.34375	FRADATFH:0.21875	VSRDGLNW:0.21875	PVVTPTAG:0.3125	WTPLNQNN:0.34375	LWGDSFSP:0.3125	SQYLHVWD:0.21875	NWTPLNQN:0.46875	GTFVVLAT:0.4375	TFRADATF:0.21875	DGTFVVLA:0.40625	NNPVVTPT:0.40625	NPVVTPTA:0.28125	DGLNWTPL:0.4375	RDYTPPLN:0.21875	WGTPNWVR:0.21875	GADYGLHL:0.21875	GLRQGNAI:0.21875	TPNWVRLK:0.21875	AVSRDGLN:0.21875	TPLNQNNP:0.34375	RWGTPNWV:0.21875	LAVSRDGL:0.21875	TGYRRIRM:0.21875	GAPNSFTT:0.21875	LHLAVSRD:0.21875	QRDYTPPL:0.21875	TGAPNSFT:0.21875	AVSFESVN:0.25	NQNNPVVT:0.40625	PNSFTTYT:0.21875	PLNQNNPV:0.46875	HLAVSRDG:0.21875	YQDQMWRM:0.21875	APNSFTTY:0.21875	YAMAYFTE:0.21875	LNWTPLNQ:0.46875	RTAGLADS:0.21875	YGLHLAVS:0.65625	WGDSFSPV:0.28125	SRDGLNWT:0.21875	FVVLATDL:0.5	LRQGNAIE:0.21875	QDQMWRMV:0.21875	ATFRADAT:0.21875	RDGLNWTP:0.21875	LNQNNPVV:0.40625	LATDLKGT:0.375	PFDPYQDQ:0.25	DRQDATFR:0.3125	DPFILRKQ:0.3125	TWYLWGDT:0.28125	GLHLAVST:0.3125	QVFFDPGY:0.3125	KLVPGLAD:0.25	HNVIMVNY:0.21875	RSYNNPTR:0.21875	LAVSTDGL:0.25	SSGHNVIM:0.3125	SYNNPTRY:0.21875	RLKSYNFP:0.25	RDPFILRK:0.3125	NVIMVNYT:0.21875	FRSYNNPT:0.21875	PNGVFYAW:0.21875	GHNVIMVN:0.21875	GLRDPFIL:0.375	TDLKGTDW:0.28125	WKLVPGLA:0.25	LRDPFILR:0.34375	FYRTAGLA:0.25	PGYDVIDG:0.25	NRLKSYNF:0.21875	SFRSYNNP:0.21875	THSWAPEA:0.25	TQPLNSKH:0.375	WSSFRSYN:0.28125	NSSGHNVI:0.3125	WNRLKSYN:0.3125	HLAVSTDG:0.25	ATFYRTAG:0.25	FFDPGYDV:0.25	YRTAGLAD:0.25	SGHNVIMV:0.28125	ATDLKGTD:0.28125	YTQPLNSK:0.34375	VFFDPGYD:0.3125	TFYRTAGL:0.25	VNSSGHNV:0.3125	LHLAVSTD:0.375	DPGYDVID:0.34375	FDPGYDVI:0.25	GTWTALDQ:0.25	DATFYRTA:0.25	NYVLRIDP:0.21875	HGGTEAPT:0.25	PQVFFDPG:0.375	MVNYTSDF:0.21875	NYTSDFVT:0.21875	RTAGLADA:0.25	LRKQDGTF:0.375	KQDGTFVV:0.5	PDRYLRHS:0.21875	RKQDGTFV:0.59375	IDPYPFDP:0.25	DPYPFDPY:0.21875	GRIDPYPF:0.21875	RIDPYPFD:0.25	RSYNYPDR:0.21875	LRTFTGYR:0.21875	SFRSVNYP:0.21875	DLRTFTGY:0.21875	SYNFPDRY:0.21875	SYNYPDRY:0.28125	KSYNFPDR:0.21875	NYPDRYIR:0.21875	YPDRYIRH:0.21875	ADSSGVSF:0.21875	LADSSGVS:0.21875	GLADSSGV:0.21875	SGVSFQSV:0.3125	QDGTFVVL:0.34375	SSGVSFQS:0.21875	APEAFWDA:0.21875	VPGLADSS:0.28125	PGLADSSG:0.21875	DSSGVSFQ:0.21875	GVSFQSVN:0.21875	WAPEAFWD:0.25	LVPGLADS:0.21875	PFILRKQD:0.28125	FILRKQDG:0.28125	ILRKQDGT:0.28125	
