cluster number:3
CBM42:31	CBM42:31|GH43_22:21|GH43_26:1|GH62:1
SFESVNFP:0.5806451612903226	TFRQVAGL:0.22580645161290322	FESVNFPG:0.5483870967741935	ADATFRQV:0.25806451612903225	ESVNFPGH:0.25806451612903225	VSFESVNF:0.3870967741935484	ESVNFPGY:0.22580645161290322	NNGSRNLV:0.25806451612903225	DPALVRSP:0.3225806451612903	SRNLVVWE:0.3225806451612903	IIATDLCI:0.2903225806451613	VVWESTDL:0.3870967741935484	RNLVVWES:0.3225806451612903	YWIIATDL:0.3548387096774194	PDRYIRHY:0.25806451612903225	LRSTVGTR:0.22580645161290322	DGRNAWAP:0.3548387096774194	MGGTKKRH:0.22580645161290322	ATDLCIGC:0.25806451612903225	GVRDPALV:0.3225806451612903	SNSILGTW:0.3225806451612903	TDLCIGCG:0.25806451612903225	IATDLCIG:0.22580645161290322	PWLLNVAG:0.25806451612903225	AADATFRQ:0.22580645161290322	NSILGTWT:0.3225806451612903	IPDGRNAW:0.3548387096774194	NLVVWEST:0.2903225806451613	RNAWAPEA:0.3870967741935484	GSRNLVVW:0.3225806451612903	ILNLTAAE:0.25806451612903225	GAIPDGRN:0.2903225806451613	APEAIWNP:0.3225806451612903	VRDPALVR:0.3225806451612903	AWAPEAIW:0.5483870967741935	GSNSILGT:0.2903225806451613	NFQDRYVR:0.3225806451612903	GRNAWAPE:0.3870967741935484	FAADATFR:0.3225806451612903	VAGAIPDG:0.2903225806451613	AIPDGRNA:0.3225806451612903	DRYVRHAD:0.25806451612903225	QVEGPMWM:0.22580645161290322	DLCIGCGQ:0.25806451612903225	RDPALVRS:0.3225806451612903	WIIATDLC:0.3225806451612903	NAWAPEAI:0.45161290322580644	DYVLYWAT:0.3870967741935484	QDRYVRHA:0.2903225806451613	AGAIPDGR:0.2903225806451613	NGSRNLVV:0.2903225806451613	VWESTDLV:0.3870967741935484	GGTKKRHG:0.2903225806451613	LNVAGAIP:0.3225806451612903	WAPEAIWN:0.3225806451612903	PDGRNAWA:0.3548387096774194	RSTVGTRG:0.22580645161290322	WLLNVAGA:0.22580645161290322	LVVWESTD:0.3225806451612903	LSGIGLTG:0.22580645161290322	IDTQIVEV:0.22580645161290322	YVLYWATN:0.3870967741935484	EGSNSILG:0.3225806451612903	LLNVAGAI:0.3225806451612903	NVAGAIPD:0.2903225806451613	ASGDGQIT:0.45161290322580644	HYAYQLRL:0.3225806451612903	APEAIWDP:0.22580645161290322	PDGSKYWI:0.22580645161290322	RASGDGQI:0.45161290322580644	QFAADATF:0.3870967741935484	YAYQLRLD:0.3225806451612903	RSPDGSKY:0.22580645161290322	YVRASGDG:0.41935483870967744	GQITLEGS:0.3870967741935484	SPDGSKYW:0.22580645161290322	RHYAYQLR:0.3225806451612903	DGQITLEG:0.41935483870967744	GDGQITLE:0.3870967741935484	WAPEAIWD:0.22580645161290322	VRASGDGQ:0.41935483870967744	SGDGQITL:0.3870967741935484	VRSPDGSK:0.22580645161290322	IIDTQIIE:0.2903225806451613	IDTQIIEV:0.22580645161290322	RSDATFRV:0.22580645161290322	KYWIIATD:0.25806451612903225	TNDYVLYW:0.22580645161290322	FRTITTPQ:0.22580645161290322	DFRTITTP:0.22580645161290322	TAAEESRV:0.3225806451612903	NDYVLYWA:0.25806451612903225	LRLDPITT:0.25806451612903225	GTVSFESV:0.3548387096774194	RYIRHYAY:0.22580645161290322	LTAAEESR:0.3225806451612903	AAEESRVL:0.3225806451612903	WSSFQSYN:0.22580645161290322	TKGVRDPA:0.22580645161290322	GTKGVRDP:0.22580645161290322	VEGPMWMK:0.25806451612903225	TLEGSNSI:0.22580645161290322	EESRVLAR:0.2903225806451613	SRVLARWP:0.25806451612903225	AEESRVLA:0.2903225806451613	QITLEGSN:0.22580645161290322	ITLEGSNS:0.22580645161290322	TVSFESVN:0.2903225806451613	RYVRASGD:0.25806451612903225	ESRVLARW:0.2903225806451613	IIDTQIVE:0.22580645161290322	LEGSNSIL:0.22580645161290322	GRSDATFR:0.22580645161290322	
