cluster number:13
CE3:6	CE3:6
RIMPLGDS:0.6666666666666666	SIDFVGSL:0.3333333333333333	YNVDFVGS:0.3333333333333333	YNPYVKIL:0.5	RRLLWFYL:0.5	PLGDSITQ:0.3333333333333333	TIEDIRGI:0.5	EGHCGWRA:0.5	GHCGWRAD:0.5	NAGYNVDF:0.3333333333333333	FDGCHPND:0.3333333333333333	ESTIEDIR:0.5	IRGIIQKL:0.5	HCGWRADQ:0.5	IHLGTNDL:0.5	IMPLGDSI:0.6666666666666666	IEDIRGII:0.5	DIRGIIQK:0.5	CGWRADQI:0.5	QNSYRRLL:0.5	STIEDIRG:0.5	RGIIQKLR:0.5	NPYVKILL:0.5	DGCHPNDT:0.3333333333333333	LIHLGTND:0.5	GWRADQIL:0.5	EDIRGIIQ:0.5	QSPVIVVD:0.5	CHPNDTGE:0.3333333333333333	SPVIVVDQ:0.5	NSYRRLLW:0.5	DTFDGCHP:0.3333333333333333	PDVALIHL:0.3333333333333333	PYVKILLA:0.5	MPLGDSIT:0.6666666666666666	YRRLLWFY:0.5	PNDTGEWK:0.3333333333333333	SYRRLLWF:0.5	GIIQKLRN:0.3333333333333333	AGYNVDFV:0.3333333333333333	LGDSITQG:0.3333333333333333	GYNVDFVG:0.3333333333333333	HLGTNDLG:0.5	KILLAQII:0.3333333333333333	TFDGCHPN:0.3333333333333333	HPNDTGEW:0.3333333333333333	GCHPNDTG:0.3333333333333333	PVIVVDQY:0.5	DVALIHLG:0.3333333333333333	YVKILLAQ:0.3333333333333333	VKILLAQI:0.3333333333333333	TRIMPLGD:0.5	WRADQILA:0.3333333333333333	TNTYQSPV:0.3333333333333333	PLGDSITG:0.3333333333333333	NQTNTYQS:0.3333333333333333	LGDSITGG:0.3333333333333333	IQKLRYYN:0.3333333333333333	PESTIEDI:0.3333333333333333	FDLDNEGH:0.5	VDQYSGFN:0.3333333333333333	QTNTYQSP:0.3333333333333333	LRYYNPYV:0.3333333333333333	IIQKLRYY:0.3333333333333333	WFYLLNAG:0.3333333333333333	GTNDLGSG:0.3333333333333333	VLIHLGTN:0.3333333333333333	QKLRYYNP:0.3333333333333333	DNEGHCGW:0.3333333333333333	LDNEGHCG:0.3333333333333333	GDSITGGE:0.3333333333333333	NEGHCGWR:0.3333333333333333	DSITGGEG:0.3333333333333333	LLWFYLLN:0.3333333333333333	ANQTNTYQ:0.3333333333333333	DLDNEGHC:0.3333333333333333	GIIQKLRY:0.3333333333333333	DFDLDNEG:0.5	FYLLNAGY:0.3333333333333333	TNDLGSGE:0.3333333333333333	RYYNPYVK:0.3333333333333333	YYNPYVKI:0.3333333333333333	LANQTNTY:0.3333333333333333	RLLWFYLL:0.3333333333333333	LWFYLLNA:0.3333333333333333	VVDQYSGF:0.3333333333333333	KLRYYNPY:0.3333333333333333	LGTNDLGS:0.3333333333333333	PDFDLDNE:0.3333333333333333	
