cluster number:4
CE3:9	CE3:9
MPLGASIT:0.7777777777777778	INAGTNDA:0.4444444444444444	MRDNDVEG:0.2222222222222222	DNDVEGWP:0.3333333333333333	PLGASITY:0.4444444444444444	KPNVVLIN:0.2222222222222222	LGASITYG:0.4444444444444444	SITYGQAS:0.3333333333333333	NVVLINAG:0.2222222222222222	KMANIWFA:0.2222222222222222	RDNDVEGW:0.2222222222222222	GASITYGQ:0.3333333333333333	NAGTNDAA:0.3333333333333333	PVNMVGSR:0.3333333333333333	VVLINAGT:0.2222222222222222	NPVNMVGS:0.3333333333333333	PGVPDDGA:0.2222222222222222	GNPVNMVG:0.3333333333333333	VMPLGASI:0.2222222222222222	AGTNDAAQ:0.2222222222222222	VLVDMHSD:0.2222222222222222	VLINAGTN:0.2222222222222222	NDVEGWPG:0.3333333333333333	ITYGQAST:0.3333333333333333	ASITYGQA:0.3333333333333333	PNVVLINA:0.2222222222222222	MANIWFAG:0.2222222222222222	GQASTDGN:0.3333333333333333	LINAGTND:0.4444444444444444	RVMPLGAS:0.2222222222222222	VPGVPDDG:0.2222222222222222	ASTDGNGY:0.3333333333333333	TYGQASTD:0.3333333333333333	STDGNGYR:0.3333333333333333	TNDAAQNF:0.2222222222222222	LRVMPLGA:0.2222222222222222	VLSTLLVN:0.2222222222222222	YGQASTDG:0.3333333333333333	GTNDAAQN:0.2222222222222222	QASTDGNG:0.3333333333333333	GYRKMANI:0.2222222222222222	TPLANQGV:0.2222222222222222	RAVVILST:0.2222222222222222	YRKMANIW:0.2222222222222222	IMPLGASI:0.4444444444444444	EGWPGYRI:0.2222222222222222	LRIMPLGA:0.4444444444444444	SPRAVVIL:0.2222222222222222	RIMPLGAS:0.4444444444444444	VEGWPGYR:0.2222222222222222	ILSTLIIN:0.2222222222222222	PRAVVILS:0.2222222222222222	TDGNGYRN:0.2222222222222222	VILSTLII:0.2222222222222222	AVVILSTL:0.2222222222222222	PLRIMPLG:0.2222222222222222	VNAGTNDA:0.2222222222222222	AGTNDALQ:0.2222222222222222	LVNAGTND:0.2222222222222222	NAGTNDAL:0.2222222222222222	VNMVGSRK:0.2222222222222222	TIILSTLL:0.2222222222222222	MASVWWAA:0.2222222222222222	SVWWAAIQ:0.2222222222222222	NAGTNDAV:0.2222222222222222	ILINAGTN:0.2222222222222222	ASVWWAAI:0.2222222222222222	TTIILSTL:0.3333333333333333	NTTIILST:0.2222222222222222	IPNTTIIL:0.2222222222222222	PNTTIILS:0.2222222222222222	
