cluster number:12
CE3:55	CE3:55|CBM2:34|CBM10:4|CBM13:4|GH5_8:3
TGSPGCWR:0.8363636363636363	ALGDSITG:0.2545454545454545	TVVDQWTG:0.32727272727272727	GDSITGSP:0.8363636363636363	HLGTNDVW:0.21818181818181817	VDQWTGFD:0.2909090909090909	GSPGCWRA:0.7090909090909091	LMHLGTND:0.2727272727272727	PGCWRALL:0.5272727272727272	DSITGSPG:0.8363636363636363	DGENEGHG:0.2	SPGCWRAL:0.4909090909090909	GCWRALLW:0.43636363636363634	VLMHLGTN:0.2545454545454545	GENEGHGG:0.2	LGDSITGS:0.8363636363636363	MALGDSIT:0.2545454545454545	VVDQWTGF:0.7272727272727273	ITGSPGCW:0.8363636363636363	DQWTGFDT:0.2	SITGSPGC:0.8363636363636363	MHLGTNDV:0.2727272727272727	PLGDSITG:0.6363636363636364	HDGDNEGH:0.2545454545454545	GTNDVWSN:0.41818181818181815	GDNEGHGG:0.45454545454545453	DGDNEGHG:0.45454545454545453	LVAQIIPM:0.2	VMPLGDSI:0.21818181818181817	MPLGDSIT:0.6363636363636364	DFVGTLGP:0.2727272727272727	PVRIMPLG:0.2545454545454545	NAAGDQKM:0.2	VGTLGPQG:0.2727272727272727	GTLGPQGC:0.2727272727272727	RIMPLGDS:0.34545454545454546	GGFQGEVT:0.2	FVGTLGPQ:0.2727272727272727	HFGTNDVW:0.4909090909090909	VDQWTGFS:0.2909090909090909	GFQGEVTV:0.2	YDGVHPNA:0.4909090909090909	GVHPNAAG:0.2545454545454545	DQWTGFST:0.2909090909090909	DGVHPNAA:0.2545454545454545	VRIMPLGD:0.2545454545454545	TLGPQGCG:0.23636363636363636	IMPLGDSI:0.41818181818181815	HPNAAGDQ:0.21818181818181817	DTYDGVHP:0.5636363636363636	VLMHFGTN:0.3090909090909091	LMHFGTND:0.3090909090909091	TYDGVHPN:0.5272727272727272	MHFGTNDV:0.4909090909090909	FGTNDVWS:0.4909090909090909	VHPNAAGD:0.2545454545454545	PNAAGDQK:0.2	VVVDQWTG:0.2909090909090909	KLVDQMRA:0.2	GVHPNASG:0.2545454545454545	DGVHPNAS:0.2545454545454545	SPVTVVDQ:0.2	LPGWLSAT:0.2545454545454545	YDGDNEGH:0.2	DVWSNIAP:0.2	ATDTYDGV:0.2909090909090909	TNDVWSNI:0.23636363636363636	TATDTYDG:0.2727272727272727	DNEGHGGY:0.21818181818181817	QNLLPGWL:0.2727272727272727	NDVWSNIA:0.2	TDTYDGVH:0.36363636363636365	NEGHGGYL:0.2727272727272727	LLPGWLSA:0.2	NLLPGWLS:0.2	QWTGFSTA:0.2	
