cluster number:22
CE3:11	CE3:11|GH43_30:1
HLADWDGD:0.36363636363636365	ILPLGASI:0.45454545454545453	LADWDGDG:0.36363636363636365	LHLADWDG:0.2727272727272727	GWKVNMVG:0.2727272727272727	LRILPLGA:0.36363636363636365	RILPLGAS:0.45454545454545453	MPLGASIT:0.2727272727272727	RVMPLGAS:0.2727272727272727	LRVMPLGA:0.2727272727272727	VMPLGASI:0.2727272727272727	QPLGKRFT:0.2727272727272727	PLGKRFTG:0.2727272727272727	DWDGDGAC:0.2727272727272727	DINGDGRD:0.2727272727272727	INAGTNDC:0.45454545454545453	PLGASITW:0.36363636363636365	WQPLGKRF:0.2727272727272727	IDGDGRAD:0.36363636363636365	GDGRADYC:0.36363636363636365	NGDGRDDW:0.2727272727272727	DGACDIIW:0.2727272727272727	LPLGASIT:0.36363636363636365	DGRTWGWV:0.2727272727272727	LINAGTND:0.45454545454545453	LDRRDLHL:0.2727272727272727	WDGDGACD:0.2727272727272727	NVVLINAG:0.2727272727272727	KDGRTWGW:0.2727272727272727	DGDGRADY:0.45454545454545453	VVLINAGT:0.2727272727272727	GACDIIWT:0.2727272727272727	EDINGDGR:0.2727272727272727	KPNVVLIN:0.2727272727272727	GSGEDDGI:0.2727272727272727	LADIDGDG:0.36363636363636365	CDIIWTDP:0.2727272727272727	ACDIIWTD:0.2727272727272727	EKDGRTWG:0.2727272727272727	DGDGACDI:0.2727272727272727	GDGACDII:0.2727272727272727	TLIVLSTL:0.2727272727272727	LGASITWG:0.36363636363636365	DIDGDGRA:0.36363636363636365	VLINAGTN:0.45454545454545453	WADVNGDG:0.2727272727272727	PNVVLINA:0.2727272727272727	INGDGRDD:0.2727272727272727	RLADIDGD:0.36363636363636365	YWQPLGKR:0.2727272727272727	HWADVNGD:0.2727272727272727	TGDDGPIT:0.2727272727272727	ADIDGDGR:0.36363636363636365	YKPNVVLI:0.2727272727272727	GDGRADMH:0.2727272727272727	LGKRFTGK:0.2727272727272727	DDGPITDP:0.2727272727272727	GDDGPITD:0.2727272727272727	LIVLSTLL:0.2727272727272727	
