cluster number:9
CE3:6	CE3:6|CBM35:1|CBM37:1|GH26:1
YPGDGAGH:0.3333333333333333	PGVTVIMQ:0.3333333333333333	VLPLGDSI:0.3333333333333333	LGDSITAG:0.6666666666666666	LWAGFKAI:0.3333333333333333	GDSITAGY:0.3333333333333333	AAGDFNGD:0.3333333333333333	GVTVIMQG:0.3333333333333333	VAGIDANN:0.3333333333333333	DGAGHVSG:0.3333333333333333	AGDFNGDG:0.3333333333333333	AGIDANNN:0.3333333333333333	GNGLWAGF:0.3333333333333333	IDANNNLK:0.3333333333333333	PDVVLLHL:0.3333333333333333	VTVIMQGL:0.3333333333333333	PLGDSITA:0.3333333333333333	DVVLLHLG:0.3333333333333333	LPLGDSIT:0.6666666666666666	GLWAGFKA:0.3333333333333333	GIDANNNL:0.3333333333333333	RVLPLGDS:0.3333333333333333	ADGLHPND:0.3333333333333333	GAGHVSGG:0.3333333333333333	LRVLPLGD:0.3333333333333333	GDFNGDGK:0.3333333333333333	GDGAGHVS:0.3333333333333333	PGDGAGHV:0.3333333333333333	ILPLGDSI:0.3333333333333333	
