cluster number:11
GH106:46	GH106:46|3.2.1.40:1|CE15:1
WWHWMNGN:0.45652173913043476	GQNLVAAE:0.2391304347826087	PEATGLEV:0.5	VWWHWMNG:0.43478260869565216	WSETGGPW:0.45652173913043476	ARPRVWWH:0.34782608695652173	GWSETGGP:0.45652173913043476	PGWSETGG:0.43478260869565216	TPEWKDAF:0.21739130434782608	EATGLEVD:0.5652173913043478	LWVNRLIG:0.30434782608695654	WMNGNITK:0.2391304347826087	QNLVAAES:0.2391304347826087	PRVWWHWM:0.43478260869565216	NLVAAESM:0.2391304347826087	VANLWVNR:0.2391304347826087	WHWMNGNI:0.32608695652173914	LVAAESMT:0.2391304347826087	NRLIGDAQ:0.2826086956521739	SPGWSETG:0.391304347826087	RPRVWWHW:0.34782608695652173	RVWWHWMN:0.43478260869565216	SETGGPWV:0.45652173913043476	APLRPSGL:0.21739130434782608	ETGGPWVK:0.2826086956521739	RLIGDAQP:0.2608695652173913	HWMNGNIT:0.2391304347826087	WVNRLIGD:0.45652173913043476	MTPEWKDA:0.21739130434782608	RPSGLIGP:0.21739130434782608	NLWVNRLI:0.32608695652173914	ATGLEVDK:0.5652173913043478	VAAESMTS:0.21739130434782608	PSGLIGPV:0.2391304347826087	YGQNLVAA:0.21739130434782608	IFGQYFNR:0.2826086956521739	ANLWVNRL:0.2391304347826087	LTDSIEVG:0.2391304347826087	LRPSGLIG:0.21739130434782608	GLEVDKLD:0.2391304347826087	TGLEVDKL:0.34782608695652173	TGGPWVKP:0.30434782608695654	KKLVWSET:0.21739130434782608	SARPRVWW:0.2608695652173913	SVAHIYGQ:0.30434782608695654	ASVAHIYG:0.30434782608695654	VAHIYGQN:0.30434782608695654	MKGAASVA:0.2391304347826087	NRLIGDQQ:0.2391304347826087	VNRLIGDQ:0.2391304347826087	KGAASVAH:0.2391304347826087	DMKGAASV:0.2391304347826087	
