cluster number:6
GH106:34	GH106:34
HRRFLGHR:0.2647058823529412	VEGHRRFL:0.2647058823529412	RFLGHRKT:0.23529411764705882	AAGEIYGG:0.35294117647058826	EGHRRFLG:0.2647058823529412	FLGHRKTI:0.20588235294117646	GHRRFLGH:0.2647058823529412	RRFLGHRK:0.23529411764705882	AGEIYGGE:0.20588235294117646	AVEGHRRF:0.2647058823529412	HRRFEGFR:0.29411764705882354	SRLANNGL:0.23529411764705882	ANGGLNQM:0.5	GLNQMRTG:0.35294117647058826	SDVFVYTY:0.2647058823529412	YIALHLRY:0.5588235294117647	RTGICDMV:0.23529411764705882	DGNMAKAV:0.47058823529411764	YTYDGNMA:0.5294117647058824	EKDMLAFT:0.4411764705882353	DVFVYTYD:0.2647058823529412	YDGNMAKA:0.47058823529411764	VFVYTYDG:0.29411764705882354	LNQMRTGI:0.35294117647058826	YQNRLAAL:0.20588235294117646	TGCSHNLT:0.29411764705882354	IQKLRCRA:0.20588235294117646	NMAKAVQG:0.47058823529411764	PYIALHLR:0.23529411764705882	GHRRFEGF:0.3235294117647059	ALHLRYEK:0.7941176470588235	KAVQGHRR:0.4411764705882353	IALHLRYE:0.6470588235294118	RLQGGCPM:0.20588235294117646	SDSRLANN:0.4411764705882353	FTGCSHNL:0.29411764705882354	LRYEKDML:0.7941176470588235	QGHRRFEG:0.3235294117647059	LAFTGCSH:0.23529411764705882	NGGLNQMR:0.8235294117647058	MAKAVQGH:0.47058823529411764	AKAVQGHR:0.47058823529411764	HLRYEKDM:0.7941176470588235	VYTYDGNM:0.29411764705882354	VQGHRRFE:0.5	QMRTGICD:0.23529411764705882	GGLNQMRT:0.35294117647058826	KDMLAFTG:0.4411764705882353	RYEKDMLA:0.5588235294117647	FVYTYDGN:0.29411764705882354	DSRLANNG:0.2647058823529412	QNRLAALD:0.20588235294117646	SFWTDPSD:0.23529411764705882	RKTINPDR:0.2647058823529412	FWTDPSDF:0.23529411764705882	MNATLVIP:0.2647058823529412	TGICDMVA:0.23529411764705882	NRLAALDY:0.20588235294117646	TYDGNMAK:0.47058823529411764	GICDMVAV:0.35294117647058826	NQMRTGIC:0.23529411764705882	MRTGICDM:0.23529411764705882	MLAFTGCS:0.23529411764705882	LHLRYEKD:0.7941176470588235	DMLAFTGC:0.4411764705882353	YEKDMLAF:0.5588235294117647	FRKTINPD:0.23529411764705882	AVQGHRRF:0.5	GNMAKAVQ:0.47058823529411764	HTDSRLAN:0.20588235294117646	FLKAMGYP:0.23529411764705882	YIVAGEIY:0.29411764705882354	LKAMGYPS:0.23529411764705882	IVAGEIYG:0.29411764705882354	TDSRLANN:0.23529411764705882	VALQSDVF:0.20588235294117646	KDMLSFTG:0.2647058823529412	YEKDMLSF:0.2647058823529412	CPMTPREA:0.20588235294117646	IYIVAGEI:0.23529411764705882	PMTPREAA:0.20588235294117646	RYEKDMLS:0.2647058823529412	DMLSFTGC:0.2647058823529412	FYANPLPG:0.23529411764705882	YANPLPGC:0.23529411764705882	EKDMLSFT:0.2647058823529412	ICDMVAVA:0.3235294117647059	HWKEKEIN:0.2647058823529412	LVLPSLDH:0.20588235294117646	CPLTPRET:0.20588235294117646	DSRLANND:0.20588235294117646	GGCPLTPR:0.20588235294117646	GCPLTPRE:0.20588235294117646	MVAVAKIM:0.2647058823529412	DMVAVAKI:0.3235294117647059	CDMVAVAK:0.20588235294117646	SGNMARAV:0.2647058823529412	CPLTPKEV:0.29411764705882354	AKSDSRLA:0.23529411764705882	PLTPKEVG:0.29411764705882354	KSDSRLAN:0.35294117647058826	YIAAGEIY:0.35294117647058826	DKRSFWQD:0.20588235294117646	IAAGEIYG:0.35294117647058826	LTPKEVGI:0.20588235294117646	IYIAAGEI:0.2647058823529412	LDKRSFWQ:0.20588235294117646	AALDYIVS:0.20588235294117646	GISDMVAV:0.20588235294117646	ISDMVAVA:0.2647058823529412	
