cluster number:0
GH106:61	GH106:61|3.2.1.174:1|CE12:1
RAAPGGEG:0.5409836065573771	SPGNLLDL:0.26229508196721313	YAAVDIPE:0.2459016393442623	WRNYHEIN:0.21311475409836064	AAPGGEGY:0.3770491803278688	FTWLTEHF:0.4262295081967213	YHEINFVN:0.21311475409836064	KVKRAAPG:0.4426229508196721	HEINFVNI:0.22950819672131148	TFTWLTEH:0.4262295081967213	VKRAAPGG:0.7540983606557377	RNYHEINF:0.21311475409836064	NYHEINFV:0.21311475409836064	GNLLDLYA:0.21311475409836064	AHGSPGNL:0.5573770491803278	NQAHGSPG:0.36065573770491804	WTRWWWMG:0.29508196721311475	PWTRWWWM:0.29508196721311475	FFNDSYEV:0.39344262295081966	WWWMGNAV:0.22950819672131148	GSPGNLLD:0.26229508196721313	ETFTWLTE:0.4262295081967213	PGNLLDLY:0.26229508196721313	PGWLFYAS:0.5573770491803278	QAHGSPGN:0.5573770491803278	FNDSYEVY:0.5409836065573771	KRAAPGGE:0.5409836065573771	HGSPGNLL:0.26229508196721313	KPWTRWWW:0.2786885245901639	QKVKRAAP:0.4098360655737705	PSGLLGPV:0.3114754098360656	WPGWLFYA:0.3442622950819672	GGVEITPI:0.3770491803278688	GLGGVEIT:0.21311475409836064	TGWPFGGP:0.5737704918032787	VEITPIYG:0.4918032786885246	AGLGGVEI:0.22950819672131148	GTGWPFGG:0.6557377049180327	LDLGDVRE:0.3114754098360656	TGTGWPFG:0.45901639344262296	LGGVEITP:0.21311475409836064	GVEITPIY:0.3770491803278688	TSSETFTW:0.3114754098360656	VRESARVR:0.21311475409836064	PIYGVQGN:0.21311475409836064	EITPIYGV:0.4098360655737705	WPGWKFYA:0.26229508196721313	WLTEHFRT:0.2786885245901639	YEVYGADW:0.21311475409836064	SMLKYASS:0.21311475409836064	SSAAHIAG:0.2459016393442623	DMNTGTGW:0.2459016393442623	ITPIYGVQ:0.21311475409836064	LTEHFRTS:0.2786885245901639	MNTGTGWP:0.2459016393442623	MLKYASSA:0.21311475409836064	DLGDVRES:0.2459016393442623	DYRETISD:0.21311475409836064	RNQAHGSP:0.3770491803278688	VTNLPANR:0.29508196721311475	QAHGSPAN:0.2459016393442623	TRCQSFLQ:0.21311475409836064	TNLPANRI:0.29508196721311475	SSETFTWL:0.45901639344262296	APGGEGYV:0.22950819672131148	RWWWLGSA:0.2459016393442623	FHGTPYSP:0.21311475409836064	SETFTWLT:0.32786885245901637	LKYASSAA:0.22950819672131148	GDVRESAR:0.29508196721311475	HFRTSLSQ:0.2786885245901639	EVTNLPAN:0.22950819672131148	RTSLSQCK:0.22950819672131148	DVRESARV:0.2459016393442623	EHFRTSLS:0.26229508196721313	SDYRETIS:0.21311475409836064	WWWLGSAV:0.2459016393442623	KYASSAAH:0.22950819672131148	TFFNDSYE:0.21311475409836064	SAAHIAGK:0.2459016393442623	LGDVRESA:0.4098360655737705	TEHFRTSL:0.2786885245901639	YASSAAHI:0.21311475409836064	NTGTGWPF:0.2459016393442623	TSLSQCKP:0.22950819672131148	TRNQAHGS:0.32786885245901637	NQAHGSPA:0.22950819672131148	NDSYEVYG:0.5409836065573771	WWLGSAVD:0.22950819672131148	KPDMDLMF:0.21311475409836064	FRTSLSQC:0.22950819672131148	SYEVYGAD:0.2459016393442623	PGWKFYAS:0.2459016393442623	DSYEVYGA:0.4426229508196721	YTSSETFT:0.21311475409836064	TWLTEHFR:0.2786885245901639	TPIYGVQG:0.22950819672131148	WWMGSAVD:0.22950819672131148	GTGWPYGG:0.21311475409836064	WWWMGSAV:0.29508196721311475	RWWWMGSA:0.2459016393442623	GSPGNLID:0.29508196721311475	HGSPGNLI:0.29508196721311475	SPGNLIDL:0.22950819672131148	PGNLIDLY:0.2459016393442623	GNLIDLYA:0.2459016393442623	KFASSAAH:0.2786885245901639	PECETFGS:0.21311475409836064	
