cluster number:1
CBM37:14	CBM37:14|CBM13:3|PL11_1:2|CE12:1|CBM35:1|GH98:1|GH5_8:1
TFTSPKLK:0.42857142857142855	TSPKLKAG:0.5	EKYGIAVY:0.21428571428571427	YLAGKWRV:0.21428571428571427	GIAVYLAG:0.21428571428571427	VYLAGKWR:0.21428571428571427	AVYLAGKW:0.21428571428571427	AEKYGIAV:0.2857142857142857	AGKWRVQT:0.21428571428571427	IAVYLAGK:0.21428571428571427	FTSPKLKA:0.5	KYGIAVYL:0.21428571428571427	LAGKWRVQ:0.21428571428571427	YGIAVYLA:0.21428571428571427	TTFTSPKL:0.5	VNGKWDTS:0.21428571428571427	CAKVNGKW:0.35714285714285715	TTTFTSPK:0.2857142857142857	KVNGKWDT:0.2857142857142857	ICAKVNGK:0.21428571428571427	SPKLKAGS:0.2857142857142857	AKVNGKWD:0.2857142857142857	MVICAKVN:0.21428571428571427	VICAKVNG:0.35714285714285715	GKWKVQAY:0.2857142857142857	WKVQAYTD:0.21428571428571427	AGKWKVQA:0.2857142857142857	LAGKWKVQ:0.2857142857142857	KWKVQAYT:0.21428571428571427	GIAVKLAG:0.2857142857142857	QYGIAVKL:0.2857142857142857	MVVCAKVN:0.21428571428571427	YGIAVKLA:0.2857142857142857	AKVNGEWD:0.2857142857142857	PDSVTSIG:0.21428571428571427	VVCAKVNG:0.2857142857142857	CAKVNGEW:0.2857142857142857	KVNGEWDT:0.21428571428571427	
