cluster number:0
CBM37:60	CBM37:60|GH48:13|CBM22:10|GH9:9|GH11:8|CBM4:7|GH10:4|3.2.1.8:4|GH5_1:2|CBM35:2|GH26:2|CE4:2|CE1:2|CE8:1|PL10_1:1|CBM3:1|CE3:1|3.1.1.72:1|PL1_2:1|GH5_4:1|CBM77:1|PL1:1|CBM62:1|GH30_5:1|CBM13:1|GH43_4:1|GH74:1
GIAVYLAG:0.85	NAIKNAVT:0.21666666666666667	VYLAGKWR:0.6833333333333333	LAGKWRIQ:0.23333333333333334	AVYLAGKW:0.8833333333333333	YLAGKWRI:0.23333333333333334	IAVYLAGK:0.8333333333333334	YGIAVYLA:0.85	AGKWRIQT:0.25	PGMTYKVA:0.21666666666666667	KNLTPGMT:0.23333333333333334	LTPGMTYK:0.21666666666666667	YLAGKWRV:0.45	TPGMTYKV:0.21666666666666667	AGKWRVQT:0.21666666666666667	PKNLTPGM:0.2833333333333333	TPKNLTPG:0.38333333333333336	LAGKWRVQ:0.4666666666666667	NLTPGMTY:0.23333333333333334	DKYGIAVY:0.36666666666666664	GADKYGIA:0.2833333333333333	VTPKNLTP:0.23333333333333334	ADKYGIAV:0.36666666666666664	KYGIAVYL:0.4166666666666667	YKVAIAAR:0.31666666666666665	AIAARVNG:0.2833333333333333	ADRYGIAV:0.23333333333333334	DRYGIAVY:0.23333333333333334	VAIAARVN:0.2833333333333333	TYKVAIAA:0.25	RYGIAVYL:0.23333333333333334	KVAIAARV:0.3	YHQIQFVW:0.2833333333333333	QIQFVWDK:0.25	HQIQFVWD:0.26666666666666666	IQFVWDKV:0.25	NYHRFWHA:0.21666666666666667	HRFWHAGD:0.21666666666666667	LNYHRFWH:0.21666666666666667	ATFESIRT:0.2	TFESIRTM:0.2	GATFESIR:0.21666666666666667	DLNYHRFW:0.21666666666666667	YHRFWHAG:0.21666666666666667	NGTMPNGD:0.21666666666666667	QYHQIQFV:0.26666666666666666	TQYHQIQF:0.25	RFWHAGDD:0.21666666666666667	NGATFESI:0.21666666666666667	
