cluster number:26
GT83:6	GT83:6
FGVNEFAA:0.5	FAARFPSA:0.3333333333333333	NEFAARFP:0.3333333333333333	VNEFAARF:0.5	GVNEFAAR:0.5	EFAARFPS:0.3333333333333333	SVLIFFTT:0.3333333333333333	SLYGFWLG:0.3333333333333333	IGPLFPAA:0.5	GYVLLANQ:0.3333333333333333	FTLSSTRL:0.3333333333333333	LPHYIGPL:0.5	RNAEAGRE:0.6666666666666666	RLPHYIGP:0.5	LANQPMVT:0.3333333333333333	ANQPMVTI:0.3333333333333333	PVGFLVPL:0.3333333333333333	IAPPQELA:0.3333333333333333	IFFTTLSL:0.3333333333333333	DEGRNAEA:0.6666666666666666	NAEAGREM:0.6666666666666666	APPQELAY:0.3333333333333333	LLANQPMV:0.3333333333333333	PHYIGPLF:0.5	GTFVFFTL:0.3333333333333333	LTDRDEGR:0.6666666666666666	PPQELAYA:0.5	TRLPHYIG:0.5	QELAYAAG:0.5	GLTDRDEG:0.6666666666666666	ELAYAAGV:0.3333333333333333	FTTLSLYG:0.3333333333333333	TDRDEGRN:0.6666666666666666	TLTKGPVG:0.5	DRDEGRNA:0.6666666666666666	YVLLANQP:0.3333333333333333	DSVLIFFT:0.3333333333333333	PGRTMILL:0.3333333333333333	PQELAYAA:0.5	TKGPVGFL:0.5	FFTLSSTR:0.3333333333333333	LSSTRLPH:0.5	LIFFTTLS:0.3333333333333333	HYIGPLFP:0.5	TFVFFTLS:0.3333333333333333	FVFFTLSS:0.5	VFFTLSST:0.5	HGYVLLAN:0.3333333333333333	TTLSLYGF:0.3333333333333333	TLSSTRLP:0.3333333333333333	NQPMVTIP:0.3333333333333333	GRNAEAGR:0.6666666666666666	TLSLYGFW:0.3333333333333333	RDEGRNAE:0.6666666666666666	QPMVTIPE:0.3333333333333333	TDSVLIFF:0.3333333333333333	LSLYGFWL:0.3333333333333333	STRLPHYI:0.5	LTKGPVGF:0.5	LYGFWLGL:0.3333333333333333	GPVGFLVP:0.3333333333333333	VLLANQPM:0.3333333333333333	KGPVGFLV:0.3333333333333333	FFTTLSLY:0.3333333333333333	YIGPLFPA:0.5	SSTRLPHY:0.5	YWLMTLSY:0.3333333333333333	VLIFFTTL:0.3333333333333333	EGRNAEAG:0.6666666666666666	ALGTLTKG:0.3333333333333333	MALGTLTK:0.3333333333333333	GTLTKGPV:0.3333333333333333	LGTLTKGP:0.3333333333333333	LFPAAAIL:0.3333333333333333	AWYQAYRS:0.3333333333333333	TFNYEPRF:0.3333333333333333	GPLFPAAA:0.3333333333333333	ISPTFNYE:0.3333333333333333	FPAAAILT:0.3333333333333333	PAAAILTA:0.3333333333333333	LSRMALTD:0.3333333333333333	PLFPAAAI:0.3333333333333333	GRTMILLP:0.3333333333333333	ALTDSVLI:0.3333333333333333	MALTDSVL:0.5	SPTFNYEP:0.3333333333333333	LTDSVLIF:0.3333333333333333	SRMALTDS:0.3333333333333333	LPFAWYQA:0.3333333333333333	LLGFFPWS:0.3333333333333333	PTFNYEPR:0.5	WYQAYRSW:0.3333333333333333	FAWYQAYR:0.3333333333333333	RMALTDSV:0.5	PFAWYQAY:0.3333333333333333	AEAGREML:0.3333333333333333	EAGREMLE:0.3333333333333333	
