cluster number:59
GT83:28	GT83:28
WLDKPHFP:0.5714285714285714	LWAFLPWS:0.5714285714285714	SQFGRFFN:0.7142857142857143	DKPHFPFW:0.5714285714285714	QFDAHPEK:0.25	DWLDKPHF:0.5714285714285714	LDKPHFPF:0.5714285714285714	KPHFPFWM:0.25	QDWLDKPH:0.21428571428571427	DVRAEAYL:0.21428571428571427	DSQFGRFF:0.6785714285714286	FFWDSQFG:0.6428571428571429	DVRAEPYL:0.35714285714285715	FFNTGPIK:0.39285714285714285	QFGRFFNT:0.42857142857142855	WDSQFGRF:0.7857142857142857	FGRFFNTG:0.39285714285714285	FNTGPIKG:0.32142857142857145	GRFFNTGP:0.39285714285714285	WAFLPWSL:0.21428571428571427	RFFNTGPI:0.39285714285714285	HPEKVVFG:0.2857142857142857	RFFFWDSQ:0.32142857142857145	FFFWDSQF:0.6071428571428571	FWDSQFGR:0.6428571428571429	QFDLHPEK:0.32142857142857145	FDLHPEKV:0.25	EPDGALYA:0.25	TLWAFLPW:0.21428571428571427	DWLDKPHL:0.21428571428571427	HTTLWAFL:0.21428571428571427	TTLWAFLP:0.21428571428571427	FSLSKFQL:0.21428571428571427	KFFFWDSQ:0.32142857142857145	
