cluster number:19
GT83:12	GT83:12
MFVEAARQ:0.3333333333333333	PYWNGETR:0.5	PVALVLPG:0.25	SVTKLAGY:0.3333333333333333	DKTEPMFV:0.5833333333333334	QEYINTFF:0.25	DKPPLTYW:0.5833333333333334	RFTSVVSR:0.25	GETRFDKP:0.5	KGPVALVL:0.3333333333333333	YINTFFGL:0.25	RFDKPPLT:0.5833333333333334	FDKPPLTY:0.5833333333333334	ALNPFWIA:0.25	PMFVEAAR:0.3333333333333333	GPVALVLP:0.3333333333333333	LAGYVLPL:0.3333333333333333	VFMALGVL:0.3333333333333333	YWVFMALG:0.3333333333333333	FTSVVSRH:0.25	FWIAWGRT:0.4166666666666667	TRFDKPPL:0.5833333333333334	SSSVTKLA:0.3333333333333333	RQLPLREL:0.3333333333333333	VVSRHPGA:0.25	QRFTSVVS:0.5	VSRHPGAW:0.25	MALGVLAK:0.3333333333333333	VSDMFLSS:0.3333333333333333	LGVLAKGP:0.3333333333333333	RTGVSDMF:0.25	LNPFWIAW:0.25	TSVVSRHP:0.25	EYINTFFG:0.25	NGETRFDK:0.5	RHPGAWYY:0.25	VLAKGPVA:0.3333333333333333	ETRFDKPP:0.5833333333333334	GQEYINTF:0.25	FVEAARQM:0.3333333333333333	TEPMFVEA:0.5	FFSSSVTK:0.3333333333333333	EPMFVEAA:0.3333333333333333	VTKLAGYV:0.3333333333333333	SVVSRHPG:0.25	HPGAWYYY:0.3333333333333333	IALNPFWI:0.25	SSVTKLAG:0.3333333333333333	FSSSVTKL:0.3333333333333333	TPYWNGET:0.5	FMALGVLA:0.3333333333333333	KLAGYVLP:0.3333333333333333	WVFMALGV:0.3333333333333333	VPWFVLVT:0.25	WNGETRFD:0.5	INTFFGLH:0.25	TKLAGYVL:0.3333333333333333	TGVSDMFL:0.25	GVLAKGPV:0.3333333333333333	PFWIAWGR:0.4166666666666667	SRHPGAWY:0.25	GYWVFMAL:0.3333333333333333	LAKGPVAL:0.25	KTEPMFVE:0.5	IIALNPFW:0.25	KPPLTYWL:0.5	QRQLPLRE:0.25	YWNGETRF:0.5	NTFFGLHN:0.25	ALGVLAKG:0.3333333333333333	NPFWIAWG:0.4166666666666667	AKGPVALV:0.3333333333333333	EVVKETPW:0.25	LIDKTEPM:0.25	VGYWVFMA:0.25	WSIFLPLA:0.25	TFFGLHNI:0.25	PWSIFLPL:0.25	EWAARFPS:0.25	GLIDKTEP:0.25	LSFFIGYA:0.25	YVGYWVFM:0.25	GLHNIQRF:0.25	NWWYVGYW:0.25	FLPLAIAR:0.25	LFGVSEWA:0.25	LHNIQRFT:0.25	WYVGYWVF:0.25	LPLAIARL:0.25	WAARFPSA:0.25	SITETDIY:0.25	QKPGEKLV:0.25	ISWIAFLW:0.25	KETPWLLG:0.25	GVSEWAAR:0.25	IFLPLAIA:0.25	FGVSEWAA:0.25	EQKPGEKL:0.25	AIARLRFW:0.25	LAIARLRF:0.25	GLALLSFF:0.25	WAANLLGF:0.25	LALLSFFI:0.25	IGLIDKTE:0.25	IDKTEPMF:0.25	IGLALLSF:0.25	DSITETDI:0.25	LISWIAFL:0.25	LLSFFIGY:0.3333333333333333	ALLSFFIG:0.3333333333333333	FFGLHNIQ:0.25	PGAWYYYF:0.25	SIFLPLAI:0.25	WWYVGYWV:0.25	IWAANLLG:0.25	FGLHNIQR:0.25	PLAIARLR:0.25	WIWAANLL:0.25	VLAKGPIG:0.3333333333333333	ALAVLAKG:0.3333333333333333	LAVLAKGP:0.3333333333333333	AVLAKGPI:0.3333333333333333	GDWITPYW:0.4166666666666667	DWITPYWN:0.4166666666666667	ITPYWNGE:0.3333333333333333	WITPYWNG:0.3333333333333333	LNPAWIAW:0.25	TGDWITPY:0.4166666666666667	RPSLVYYT:0.25	PPLTYWLI:0.3333333333333333	RSTHLGLF:0.25	
