cluster number:5
GH16:43	GH16:43
MLFAGYPI:0.3488372093023256	FKSGMLQS:0.20930232558139536	YPIISFYY:0.20930232558139536	NQTWVNGT:0.27906976744186046	AGYPIISF:0.20930232558139536	FFEGDDPF:0.20930232558139536	DPFWTGVD:0.23255813953488372	GDDPFWTG:0.3488372093023256	PNQTWVNG:0.20930232558139536	RTFFEGDD:0.20930232558139536	QSWNKFCF:0.37209302325581395	GNLGRPGY:0.7209302325581395	DYPTADYI:0.23255813953488372	FAGYPIIS:0.32558139534883723	MGNLGRPG:0.627906976744186	MLQSWNKF:0.27906976744186046	LGRPGYGA:0.46511627906976744	GMLQSWNK:0.3953488372093023	YTRTGFDG:0.23255813953488372	EGDDPFWT:0.20930232558139536	SGMLQSWN:0.5116279069767442	TWVNGTGP:0.27906976744186046	GYPIISFY:0.20930232558139536	DDPFWTGV:0.23255813953488372	TFFEGDDP:0.20930232558139536	KSGMLQSW:0.20930232558139536	LQSWNKFC:0.27906976744186046	LFAGYPII:0.4186046511627907	NLGRPGYG:0.46511627906976744	NFKSGMLQ:0.23255813953488372	LPNQTWVN:0.20930232558139536	LNFKSGML:0.23255813953488372	GYNLGGIN:0.20930232558139536	FEGDDPFW:0.20930232558139536	PIISFYYG:0.20930232558139536	QTWVNGTG:0.27906976744186046	VMLFAGYP:0.23255813953488372	CPGEDHPG:0.4186046511627907	ACTCPGED:0.32558139534883723	CTCPGEDH:0.4418604651162791	PIHDLNFK:0.20930232558139536	QEPIHDLN:0.20930232558139536	PGEDHPGP:0.4186046511627907	VGTLPNQT:0.23255813953488372	DLNFKSGM:0.20930232558139536	SACTCPGE:0.20930232558139536	MTQEPIHD:0.23255813953488372	TQEPIHDL:0.2558139534883721	TCPGEDHP:0.4186046511627907	IDYVRVYQ:0.3488372093023256	HDLNFKSG:0.20930232558139536	EPIHDLNF:0.20930232558139536	DYVRVYQK:0.23255813953488372	IHDLNFKS:0.20930232558139536	THNLNFQS:0.20930232558139536	WPGDDPFW:0.27906976744186046	GDDPFWEA:0.27906976744186046	SWNKFCFQ:0.32558139534883723	HNLNFQSG:0.20930232558139536	NLNFQSGM:0.20930232558139536	RTFWPGDD:0.3488372093023256	NKFCFQGG:0.32558139534883723	KFCFQGGY:0.32558139534883723	CDPPDHPT:0.20930232558139536	TFWPGDDP:0.3488372093023256	SCDPPDHP:0.20930232558139536	YEWYSPEA:0.23255813953488372	WYSPEAVN:0.2558139534883721	TNGSGQVP:0.3023255813953488	GDYEWYSP:0.23255813953488372	PGDDPFWE:0.27906976744186046	DYEWYSPE:0.23255813953488372	EWYSPEAV:0.2558139534883721	FWPGDDPF:0.27906976744186046	GEDHPGPN:0.3023255813953488	WNKFCFQG:0.32558139534883723	FCFQGGYI:0.32558139534883723	GGTNGSGQ:0.32558139534883723	GTNGSGQV:0.3023255813953488	LGGTNGSG:0.3023255813953488	TGDYEWYS:0.23255813953488372	CFQGGYIE:0.32558139534883723	YSPEAVNT:0.37209302325581395	GRTFWPGD:0.3488372093023256	EFEKEGRT:0.23255813953488372	LVFSDEFE:0.5813953488372093	GRPGYGAT:0.27906976744186046	SDEFEKEG:0.23255813953488372	TWPYSYDS:0.20930232558139536	GTWPYSYD:0.20930232558139536	DEFEKEGR:0.23255813953488372	FSDEFEKE:0.2558139534883721	DYVRVYQR:0.20930232558139536	VFSDEFEK:0.32558139534883723	FEKEGRTF:0.23255813953488372	WPYSYDSC:0.23255813953488372	DPYWEAVD:0.20930232558139536	EAVNTTGG:0.23255813953488372	PGDDPYWE:0.20930232558139536	DDPYWEAV:0.20930232558139536	FRSGMVQS:0.2558139534883721	GMVQSWNK:0.3488372093023256	KNFRSGMV:0.20930232558139536	GDDPYWEA:0.20930232558139536	SGMVQSWN:0.3488372093023256	PELDILEA:0.23255813953488372	SPEAVNTT:0.32558139534883723	NKNFRSGM:0.20930232558139536	WEAVDLWY:0.20930232558139536	NFRSGMVQ:0.20930232558139536	RSGMVQSW:0.2558139534883721	PEAVNTTG:0.23255813953488372	HLVFSDEF:0.3953488372093023	AVNTTGGA:0.23255813953488372	QGGYIEFS:0.20930232558139536	FQGGYIEF:0.20930232558139536	WLMGNLGR:0.23255813953488372	LMGNLGRP:0.23255813953488372	YHLVFSDE:0.23255813953488372	EGRTFWPG:0.20930232558139536	
