cluster number:169
GH16:84	GH16:84|2.4.1.207:4
KPMSLYAT:0.4166666666666667	LYATIWDG:0.2619047619047619	VVVAFYLS:0.2857142857142857	MSLYATIW:0.42857142857142855	SKPMSLYA:0.34523809523809523	YATIWDGS:0.42857142857142855	GVVVAFYL:0.2857142857142857	SLYATIWD:0.4166666666666667	VVAFYLSN:0.2857142857142857	VNYKYAPF:0.2857142857142857	PMSLYATI:0.42857142857142855	NYKYAPFV:0.20238095238095238	PSKPMSLY:0.39285714285714285	KYKVNYKY:0.23809523809523808	ELDFEFLG:0.39285714285714285	FPSKPMSL:0.2619047619047619	GDFPSKPM:0.2976190476190476	YKVNYKYA:0.23809523809523808	DELDFEFL:0.39285714285714285	DFEFLGNI:0.42857142857142855	LDFEFLGN:0.32142857142857145	HDELDFEF:0.39285714285714285	GGDFPSKP:0.2857142857142857	KVNYKYAP:0.23809523809523808	GKYKVNYK:0.25	YATIWDAS:0.30952380952380953	LYATIWDA:0.2976190476190476	GGKYKVNY:0.23809523809523808	HRYSILWT:0.25	MGGDFPSK:0.2857142857142857	DFPSKPMS:0.23809523809523808	MYYSYCYD:0.21428571428571427	TAGVVVAF:0.4880952380952381	DYTAGVVV:0.38095238095238093	EFLGNIRG:0.32142857142857145	FSASIKLP:0.4880952380952381	QTNVYGNG:0.44047619047619047	YTAGVVVA:0.40476190476190477	AGVVVAFY:0.5357142857142857	THDELDFE:0.30952380952380953	FLGNIRGK:0.30952380952380953	TNVYGNGS:0.44047619047619047	FEFLGNIR:0.34523809523809523	NVYGNGST:0.4166666666666667	IDFEFLGN:0.2619047619047619	EIDFEFLG:0.2619047619047619	HDEIDFEF:0.2619047619047619	DERTGSGF:0.27380952380952384	VNYKYAPY:0.21428571428571427	RTGSGFVS:0.25	KNHDEIDF:0.21428571428571427	NHDEIDFE:0.2619047619047619	DEIDFEFL:0.2619047619047619	LDERTGSG:0.27380952380952384	ERTGSGFV:0.25	MTYSYCYD:0.2261904761904762	LHGCAVDP:0.25	LVLHGCAV:0.20238095238095238	GCAVDPIE:0.20238095238095238	HGCAVDPI:0.2261904761904762	VLHGCAVD:0.21428571428571427	SLDERTGS:0.21428571428571427	GFFSASIK:0.32142857142857145	FFSASIKL:0.32142857142857145	VVAFYMSN:0.30952380952380953	VVVAFYMS:0.2976190476190476	HGFFSASI:0.27380952380952384	GVVVAFYM:0.2976190476190476	WATNGGKY:0.20238095238095238	VQTNVYGN:0.23809523809523808	RVQTNVYG:0.25	WRVQTNVY:0.25	KTHDELDF:0.21428571428571427	HQYSILWT:0.20238095238095238	VAFYMSNG:0.25	AFYMSNGD:0.25	
