cluster number:207
GH16:69	GH16:69|3.2.1.73:1|CBM4:1|CBM6:1|3.2.1.39:1
RGTWPAIW:0.36231884057971014	TWPAIWML:0.5652173913043478	GTWPAIWM:0.6376811594202898	WPAIWMLP:0.4782608695652174	EIDIMEHV:0.6231884057971014	GRGTWPAI:0.3333333333333333	IDIMEHVG:0.6231884057971014	YGRFEIRA:0.2318840579710145	GEIDIMEH:0.6376811594202898	YTSARLVT:0.2463768115942029	PAIWMLPT:0.2898550724637681	SGEIDIME:0.4782608695652174	MEVDYVRV:0.2608695652173913	DIMEHVGY:0.4492753623188406	KSGEIDIM:0.2028985507246377	IMEHVGYD:0.42028985507246375	EVDYVRVY:0.2463768115942029	GWGNNELQ:0.34782608695652173	WPKSGEID:0.2028985507246377	PKSGEIDI:0.2028985507246377	GNNELQYY:0.2608695652173913	NNELQYYT:0.2463768115942029	WGNNELQY:0.2463768115942029	AVGGNWGG:0.2463768115942029	MEHVGYDP:0.2028985507246377	
