cluster number:197
GH16:17	GH16:17
GNPLWSGG:0.23529411764705882	FNDTQEID:0.4117647058823529	LQHWSNGN:0.5294117647058824	SNGNPLWS:0.35294117647058826	SGGPPKED:0.23529411764705882	TVSYVKAY:0.4117647058823529	WSGGPPKE:0.29411764705882354	VSYVKAYF:0.5882352941176471	YVKAYFNS:0.8235294117647058	YFNDTQEI:0.4117647058823529	ILQHWSNG:0.5294117647058824	NPLWSGGP:0.23529411764705882	FHEYRFDY:0.29411764705882354	SYVKAYFN:0.6470588235294118	PLWSGGPP:0.29411764705882354	HLILQHWS:0.5294117647058824	GHLILQHW:0.5294117647058824	LILQHWSN:0.5294117647058824	WSNGNPLW:0.35294117647058826	VKAYFNSS:0.8235294117647058	HWSNGNPL:0.23529411764705882	QHWSNGNP:0.23529411764705882	NGNPLWSG:0.23529411764705882	GGPPKEDA:0.23529411764705882	GTCAAFFW:0.47058823529411764	KAYFNSSD:0.35294117647058826	TCAAFFWY:0.47058823529411764	CAAFFWYF:0.4117647058823529	AAFFWYFN:0.4117647058823529	EIDMEFLS:0.5294117647058824	QEIDMEFL:0.5294117647058824	AFFWYFND:0.47058823529411764	PVNLVLQS:0.4117647058823529	FFWYFNDT:0.35294117647058826	WYFNDTQE:0.35294117647058826	DTQEIDME:0.35294117647058826	FWYFNDTQ:0.35294117647058826	TQEIDMEF:0.35294117647058826	MTVSYVKA:0.23529411764705882	NDTQEIDM:0.35294117647058826	FHEYRIDY:0.23529411764705882	MEFLSKDF:0.23529411764705882	VNLVLQSR:0.29411764705882354	YPVNLVLQ:0.23529411764705882	
