cluster number:25
GH16:56	GH16:56
LLDMQLGG:0.32142857142857145	YLLLDMQL:0.32142857142857145	GKSDWNNY:0.23214285714285715	HTFTYPRI:0.23214285714285715	EIDIMERL:0.3392857142857143	IDIMERLN:0.2857142857142857	SKIPRGKS:0.23214285714285715	KSDWNNYM:0.23214285714285715	GAWPAFWL:0.26785714285714285	LLLDMQLG:0.32142857142857145	KIPRGKSD:0.25	WSKIPRGK:0.26785714285714285	DWVRFYQK:0.21428571428571427	PRGKSDWN:0.25	IPRGKSDW:0.25	GEIDIMER:0.3392857142857143	IAYQTVHS:0.35714285714285715	AWPAFWLL:0.26785714285714285	GGEIDIME:0.375	RGKSDWNN:0.2857142857142857	DMQLGGSW:0.7678571428571429	LIDMQLGG:0.48214285714285715	WPAIWMLP:0.32142857142857145	LLIDMQLG:0.48214285714285715	MQLGGSWV:0.7678571428571429	QLGGSWVG:0.7678571428571429	YLLIDMQL:0.48214285714285715	IDMQLGGS:0.5178571428571429	VDWVRFYQ:0.26785714285714285	MYVDWVRF:0.21428571428571427	YVDWVRFY:0.21428571428571427	GGEVDIME:0.25	AKLNAAKG:0.26785714285714285	EVDIMERL:0.2857142857142857	TVHSYYTH:0.25	NGKLILRG:0.21428571428571427	GGIYTKDK:0.23214285714285715	KIPRGTSD:0.23214285714285715	DIMERLNH:0.39285714285714285	LDMQLGGS:0.25	TDKEGQFP:0.21428571428571427	AYQTVHSY:0.25	NTYAVELH:0.21428571428571427	DPKELPVE:0.23214285714285715	PAFWLLAQ:0.21428571428571427	KHGSTGKI:0.21428571428571427	VDIMERLN:0.2857142857142857	YPRIKTDK:0.21428571428571427	FSYPRIKT:0.21428571428571427	YQTVHSYY:0.25	IPRGTSDW:0.23214285714285715	NAAKGAWP:0.26785714285714285	LTGGIYTK:0.32142857142857145	PKELPVEM:0.23214285714285715	QTVHSYYT:0.25	NQYHKGKL:0.21428571428571427	DKEGQFPF:0.21428571428571427	GKLILRGI:0.21428571428571427	VDPKELPV:0.23214285714285715	YWSKIPRG:0.21428571428571427	SYPRIKTD:0.21428571428571427	IMERLNHD:0.39285714285714285	LNAAKGAW:0.26785714285714285	PKHGSTGK:0.21428571428571427	RAKLNAAK:0.21428571428571427	NPKHGSTG:0.21428571428571427	KLNAAKGA:0.26785714285714285	KYYLLLDM:0.21428571428571427	AKGAWPAF:0.26785714285714285	FNTYAVEL:0.25	TGGIYTKD:0.23214285714285715	FLTGGIYT:0.21428571428571427	TFSYPRIK:0.21428571428571427	LGGSWVGK:0.23214285714285715	WPAFWLLA:0.21428571428571427	QYHKGKLV:0.21428571428571427	YHKGKLVW:0.21428571428571427	KGAWPAFW:0.26785714285714285	AAKGAWPA:0.3392857142857143	YYLLLDMQ:0.21428571428571427	GEVDIMER:0.2857142857142857	GGSWVGAV:0.25	LGGSWVGA:0.25	NDTAPYLT:0.25	TAPYLTGG:0.25	DTAPYLTG:0.25	VWSKIPRG:0.23214285714285715	FYLLIDMQ:0.23214285714285715	PFYLLIDM:0.21428571428571427	
