cluster number:149
GH16:13	GH16:13
NGVNDYTV:0.23076923076923078	PAIWMLGA:0.3076923076923077	WSDEFDGD:0.23076923076923078	PGNSGGNA:0.3076923076923077	SDFSDPET:0.23076923076923078	QPGHLGVG:0.3076923076923077	TWPAIWML:0.5384615384615384	WYLKFTTT:0.3076923076923077	GFMSYYIG:0.23076923076923078	GTWPAIWM:0.5384615384615384	AWYLKFTT:0.38461538461538464	GGGTWPAI:0.46153846153846156	SKTWYVAA:0.23076923076923078	VGPSSGDG:0.23076923076923078	GGTWPAIW:0.46153846153846156	FTSARITT:0.23076923076923078	WPAIWMLG:0.5384615384615384	GGDSKTWY:0.23076923076923078	LAWYLKFT:0.38461538461538464	LGVGPSSG:0.3076923076923077	GPSSGDGF:0.23076923076923078	GHLGVGPS:0.23076923076923078	HLGVGPSS:0.3076923076923077	PGHLGVGP:0.38461538461538464	GVGPSSGD:0.23076923076923078	ILNVAMGG:0.38461538461538464	VGWPETGE:0.3076923076923077	TGEIDIME:0.3076923076923077	EIDYIRVY:0.23076923076923078	IDYIRVYQ:0.23076923076923078	VAMGGTFG:0.3076923076923077	ALAWYLKF:0.3076923076923077	AMGGTFGG:0.3076923076923077	PETGEIDI:0.3076923076923077	GNLVITAK:0.3076923076923077	WPETGEID:0.3076923076923077	LNVAMGGT:0.3076923076923077	PALAWYLK:0.3076923076923077	GWPETGEI:0.3076923076923077	FHTYTVEW:0.23076923076923078	NVAMGGTF:0.3076923076923077	ETGEIDIM:0.23076923076923078	ALHFPGNS:0.23076923076923078	SALHFPGN:0.23076923076923078	ITAKRESE:0.23076923076923078	VQDGNLVI:0.23076923076923078	NYEIGNGT:0.23076923076923078	DGNLVITA:0.23076923076923078	LHFPGNSG:0.38461538461538464	HFPGNSGG:0.38461538461538464	NGTNGWGN:0.23076923076923078	EFTYGRVE:0.23076923076923078	QDGNLVIT:0.23076923076923078	GNGTNGWG:0.23076923076923078	WNYEIGNG:0.23076923076923078	FTTTPYDQ:0.23076923076923078	LKFTTTPY:0.23076923076923078	DFFLILNV:0.23076923076923078	LILNVAMG:0.3076923076923077	PFNKDFFL:0.23076923076923078	WMLGANFD:0.23076923076923078	FLILNVAM:0.3076923076923077	GNSGGNAV:0.23076923076923078	TTTPYDQQ:0.23076923076923078	NSGGNAVV:0.23076923076923078	KFTTTPYD:0.23076923076923078	NPALAWYL:0.23076923076923078	SGGNAVVG:0.23076923076923078	FNKDFFLI:0.23076923076923078	FFLILNVA:0.3076923076923077	YLKFTTTP:0.23076923076923078	PEGGGTWP:0.23076923076923078	EGGGTWPA:0.23076923076923078	FPGNSGGN:0.23076923076923078	MGGTFGGA:0.23076923076923078	
