cluster number:208
GH16:21	GH16:21
NQSIIVNI:0.23809523809523808	QSIIVNID:0.23809523809523808	GCATWPAL:0.23809523809523808	SHFKNQSI:0.2857142857142857	WPALWLTD:0.6666666666666666	ALWLTDPS:0.2857142857142857	DGLFIFDI:0.23809523809523808	TWPALWLT:0.5238095238095238	HFKNQSII:0.3333333333333333	ATWPALWL:0.23809523809523808	CATWPALW:0.23809523809523808	PALWLTDP:0.38095238095238093	SIIVNIDL:0.23809523809523808	IVNIDLCG:0.23809523809523808	IIVNIDLC:0.23809523809523808	CSMDVKRK:0.23809523809523808	NQMTLHTT:0.2857142857142857	FSVRIESK:0.23809523809523808	NASTGRFS:0.2857142857142857	GEIDIMEA:0.23809523809523808	RTAGIRMW:0.23809523809523808	NGEIDIME:0.2857142857142857	PNASTGRF:0.2857142857142857	ASTGRFSV:0.47619047619047616	RFSVRIES:0.23809523809523808	STGRFSVR:0.47619047619047616	TGRFSVRI:0.23809523809523808	HFRNQSII:0.3333333333333333	GRFSVRIE:0.23809523809523808	TPYGCGTW:0.3333333333333333	HTPYGCGT:0.3333333333333333	GCGTWPAL:0.47619047619047616	CGTWPALW:0.47619047619047616	PYGCGTWP:0.3333333333333333	YGCGTWPA:0.38095238095238093	GTWPALWL:0.47619047619047616	FKNQSIIA:0.23809523809523808	NQSIIANI:0.2857142857142857	KNQSIIAN:0.23809523809523808	IANIDLCG:0.3333333333333333	QSIIANID:0.2857142857142857	IIANIDLC:0.3333333333333333	SIIANIDL:0.3333333333333333	LFIFDVKH:0.23809523809523808	GLFIFDVK:0.23809523809523808	IFDVKHTP:0.23809523809523808	FIFDVKHT:0.23809523809523808	
