cluster number:285
CBM50:6	CBM50:6
LPPRSEVH:0.6666666666666666	KGQVLQIP:0.3333333333333333	KTKWKIKY:0.3333333333333333	PPRSEVHK:0.6666666666666666	TKWKIKYP:0.3333333333333333	KKTKWKIK:0.5	QQKPLENE:0.3333333333333333	KEWNHLTS:0.3333333333333333	LALFFVLL:0.5	EWNHLTSM:0.3333333333333333	RSEVHKKK:0.5	TSMKLQKG:0.3333333333333333	ALFFVLLP:0.5	AENLRKKM:0.5	KLQKGQVL:0.5	TKWKVKHP:0.3333333333333333	LVEKRPVQ:0.3333333333333333	VEKRPVQV:0.3333333333333333	KIPNMNGK:0.5	SFIYHTVQ:0.5	QAENLRKK:0.5	GNEKGMDL:0.5	HKKKKTKW:0.5	KWKVKHPL:0.3333333333333333	MKYYGNEK:0.5	DELQLPPR:0.3333333333333333	FFVLLPIS:0.5	LYSIAMKY:0.5	SIAMKYYG:0.5	ETLYSIAM:0.5	HLVEKRPV:0.3333333333333333	VQENETLY:0.6666666666666666	HLTSMKLQ:0.3333333333333333	ESNETESS:0.3333333333333333	VQVVTIDD:0.5	WNHLTSMK:0.3333333333333333	KTKWKVKH:0.3333333333333333	AMKYYGNE:0.5	RILALFFV:0.5	VTIDDESY:0.3333333333333333	KGMDLIKE:0.5	RPVQVVTI:0.5	REDQAENL:0.5	ESSFIYHT:0.3333333333333333	PRSEVHKK:0.5	LKIPNMNG:0.5	HTVQENET:0.6666666666666666	ILALFFVL:0.5	ETESSFIY:0.3333333333333333	QKGQVLKI:0.5	HPLVRILA:0.5	VHKKKKTK:0.5	EQESNETE:0.3333333333333333	FVLLPISI:0.5	KKKTKWKV:0.3333333333333333	LPISIYSI:0.5	IYSIYHLV:0.5	GMDLIKEW:0.5	PISIYSIY:0.5	YSIYHLVE:0.3333333333333333	IYHLVEKR:0.3333333333333333	KKKKTKWK:0.6666666666666666	KPLENEAK:0.5	ELQLPPRS:0.3333333333333333	MDLIKEWN:0.5	EDQAENLR:0.5	VLLPISIY:0.5	DLIKEWNH:0.3333333333333333	GQVLKIPN:0.5	LVRILALF:0.5	KVKHPLVR:0.3333333333333333	QESNETES:0.3333333333333333	NETESSFI:0.3333333333333333	VLKIPNMN:0.5	NHLTSMKL:0.3333333333333333	ENLRKKME:0.5	YGNEKGMD:0.5	NLRKKMEN:0.5	WKVKHPLV:0.3333333333333333	YSIAMKYY:0.5	VKHPLVRI:0.3333333333333333	QKPLENEA:0.3333333333333333	LRKKMENI:0.5	NETLYSIA:0.6666666666666666	NEKGMDLI:0.5	LQLPPRSE:0.3333333333333333	SNETESSF:0.3333333333333333	IAMKYYGN:0.5	FIYHTVQE:0.5	TVQENETL:0.6666666666666666	EVHKKKKT:0.5	VRILALFF:0.5	EKRPVQVV:0.3333333333333333	PVQVVTID:0.5	ISIYSIYH:0.5	LLPISIYS:0.5	VVTIDDES:0.3333333333333333	DQAENLRK:0.5	TLYSIAMK:0.5	SIYSIYHL:0.5	IDDESYET:0.3333333333333333	PLVRILAL:0.5	YHTVQENE:0.5	PLENEAKE:0.3333333333333333	MKLQKGQV:0.3333333333333333	TESSFIYH:0.3333333333333333	IYHTVQEN:0.5	MREDQAEN:0.5	SSFIYHTV:0.3333333333333333	ENETLYSI:0.6666666666666666	QLPPRSEV:0.3333333333333333	SIYHLVEK:0.3333333333333333	QENETLYS:0.6666666666666666	KYYGNEKG:0.5	KRPVQVVT:0.5	RKKMENIS:0.3333333333333333	LIKEWNHL:0.3333333333333333	QVLKIPNM:0.5	YHLVEKRP:0.3333333333333333	TIDDESYE:0.3333333333333333	LQKGQVLK:0.5	LTSMKLQK:0.3333333333333333	SMKLQKGQ:0.3333333333333333	KKTKWKVK:0.3333333333333333	LFFVLLPI:0.5	KGQVLKIP:0.5	IKEWNHLT:0.3333333333333333	QVVTIDDE:0.3333333333333333	YYGNEKGM:0.5	SEVHKKKK:0.5	KHPLVRIL:0.5	EKGMDLIK:0.5	KKKTKWKI:0.3333333333333333	ETVDVDQQ:0.3333333333333333	SYETVDVD:0.3333333333333333	TVDVDQQK:0.3333333333333333	VDVDQQKE:0.3333333333333333	YETVDVDQ:0.3333333333333333	
