cluster number:105
CBM50:6	CBM50:6|GH23:1
KDKTKTMT:0.5	DSPMIYAG:0.6666666666666666	SKNTLVHH:0.5	LVITIQPG:0.3333333333333333	IIVSFAAG:0.6666666666666666	VAIAAPHT:0.5	QAYQQESG:0.5	HRKGITRG:0.5	KTKTMTSK:0.5	IAQAYQQE:0.5	APHTQQAA:0.3333333333333333	TLLLIIVS:0.5	YAGNNLAI:0.5	MVQSSNCQ:0.6666666666666666	VQSSNCQN:0.6666666666666666	SFAAGSMI:0.6666666666666666	ELMDEIMK:0.5	AGSMIFGK:0.6666666666666666	EIMKQNQL:0.5	IVTLLLII:0.5	SARELMDE:0.5	ALVITIQP:0.3333333333333333	IYAGNNLA:0.5	GQAIVTLL:0.5	LYKDKTKT:0.5	ITIQPGDT:0.6666666666666666	VTLLLIIV:0.5	QNQLDSPM:0.5	VITIQPGD:0.6666666666666666	KEKVAIAA:0.6666666666666666	NQLDSPMI:0.6666666666666666	KVAIAAPH:0.5	LDSPMIYA:0.6666666666666666	KGITRGQA:0.5	AQAYQQES:0.5	DTLWSIAQ:0.5	GSMIFGKE:0.6666666666666666	LVHHRKGI:0.5	NCQNLYKD:0.6666666666666666	SSNCQNLY:0.6666666666666666	GNNLAIPV:0.5	TKTMTSKN:0.5	IVSFAAGS:0.6666666666666666	QAIVTLLL:0.5	AIAAPHTQ:0.5	SIAQAYQQ:0.5	PGDTLWSI:0.8333333333333334	QNLYKDKT:0.6666666666666666	SNCQNLYK:0.6666666666666666	RGQAIVTL:0.5	EKVAIAAP:0.6666666666666666	NLYKDKTK:0.5	AAPHTQQA:0.3333333333333333	ARELMDEI:0.5	KQNQLDSP:0.5	GITRGQAI:0.6666666666666666	IMKQNQLD:0.5	TLWSIAQA:0.5	QSSNCQNL:0.6666666666666666	KTMTSKNT:0.5	TLVHHRKG:0.5	LMDEIMKQ:0.5	GDTLWSIA:0.8333333333333334	AGNNLAIP:0.5	IQPGDTLW:1.0	NTLVHHRK:0.5	KNTLVHHR:0.6666666666666666	DKTKTMTS:0.5	MIFGKEKV:0.6666666666666666	MMVQSSNC:0.6666666666666666	LLIIVSFA:0.5	VHHRKGIT:0.5	AIVTLLLI:0.5	SPMIYAGN:0.6666666666666666	NNLAIPVY:0.5	IAAPHTQQ:0.5	MDEIMKQN:0.5	TRGQAIVT:0.6666666666666666	MKQNQLDS:0.5	QPGDTLWS:0.8333333333333334	YKDKTKTM:0.5	LWSIAQAY:0.5	RELMDEIM:0.5	AAGSMIFG:0.6666666666666666	TMTSKNTL:0.5	PMIYAGNN:0.6666666666666666	HHRKGITR:0.5	ITRGQAIV:0.6666666666666666	LIIVSFAA:0.5	VSFAAGSM:0.6666666666666666	MIYAGNNL:0.6666666666666666	CQNLYKDK:0.6666666666666666	FGKEKVAI:0.6666666666666666	QLDSPMIY:0.6666666666666666	IFGKEKVA:0.6666666666666666	TIQPGDTL:0.8333333333333334	MTSKNTLV:0.5	SMIFGKEK:0.6666666666666666	NLAIPVYR:0.5	DEIMKQNQ:0.5	RKGITRGQ:0.5	FAAGSMIF:0.6666666666666666	GKEKVAIA:0.6666666666666666	LLLIIVSF:0.5	WSIAQAYQ:0.5	TSKNTLVH:0.5	GLSARELM:0.3333333333333333	AYQQESGL:0.5	YQQESGLS:0.5	SGLSAREL:0.3333333333333333	ESGLSARE:0.3333333333333333	IVITIQPG:0.3333333333333333	QESGLSAR:0.3333333333333333	AIVITIQP:0.3333333333333333	LSARELMD:0.3333333333333333	QQESGLSA:0.3333333333333333	
