cluster number:454
CBM50:6	CBM50:6
NIAPGQVL:0.3333333333333333	LHSVDKNV:0.5	DELLHSVD:0.5	NKTDASAA:0.3333333333333333	KIFEANKN:0.6666666666666666	ANKNILSN:0.5	GVRTYTVK:0.3333333333333333	EANKNILS:0.5	VENKTDAS:0.3333333333333333	GDTLSAIA:0.8333333333333334	LLHSVDKN:0.5	VRTYTVKS:0.3333333333333333	IKNIGDEL:0.6666666666666666	DNIAPGQV:0.3333333333333333	HSVDKNVE:0.5	NIKNIGDE:0.6666666666666666	YNDASKYM:0.5	DASKYMKI:0.5	KNILSNPD:0.5	GDELLHSV:0.5	DTLSAIAK:0.6666666666666666	MSILDNIK:0.8333333333333334	RTYTVKSG:0.8333333333333334	APGQVLTI:0.8333333333333334	SKYMKIFE:0.5	ASKYMKIF:0.5	NDASKYMK:0.5	TVKSGDTL:0.8333333333333334	SGDTLSAI:0.8333333333333334	IFEANKNI:0.5	DNIKNIGD:0.6666666666666666	SNPDNIAP:0.3333333333333333	KNIGDELL:0.6666666666666666	ILSNPDNI:0.3333333333333333	KSGDTLSA:0.8333333333333334	SVDKNVEN:0.5	NKNILSNP:0.5	NPDNIAPG:0.3333333333333333	NIGDELLH:0.6666666666666666	TLSAIAKQ:0.6666666666666666	TYTVKSGD:0.6666666666666666	LDNIKNIG:0.8333333333333334	ENKTDASA:0.3333333333333333	FEANKNIL:0.5	GQVLTIPE:0.5	PGQVLTIP:0.6666666666666666	SAAGVRTY:0.3333333333333333	AGVRTYTV:0.3333333333333333	SILDNIKN:0.8333333333333334	NVENKTDA:0.3333333333333333	YMKIFEAN:0.8333333333333334	KYMKIFEA:0.5	ILDNIKNI:0.8333333333333334	NILSNPDN:0.3333333333333333	ELLHSVDK:0.5	KNVENKTD:0.5	VDKNVENK:0.5	VKSGDTLS:0.8333333333333334	MKIFEANK:0.8333333333333334	IAPGQVLT:0.8333333333333334	PDNIAPGQ:0.3333333333333333	LSNPDNIA:0.3333333333333333	DKNVENKT:0.5	AAGVRTYT:0.3333333333333333	IGDELLHS:0.5	YTVKSGDT:0.8333333333333334	LLHAVDKN:0.3333333333333333	PDKIAPGQ:0.5	AVDKNVED:0.3333333333333333	LHAVDKNV:0.3333333333333333	ASQYMKIF:0.3333333333333333	YNDASQYM:0.3333333333333333	LSSPDKIA:0.3333333333333333	DKIAPGQV:0.5	IAKQFYND:0.6666666666666666	KQFYNDAS:0.6666666666666666	HAVDKNVE:0.3333333333333333	NDASQYMK:0.3333333333333333	SSPDKIAP:0.3333333333333333	SQYMKIFE:0.3333333333333333	QYMKIFEA:0.3333333333333333	FYNDASQY:0.3333333333333333	DASQYMKI:0.3333333333333333	AKQFYNDA:0.6666666666666666	KIAPGQVL:0.5	LSAIAKQF:0.5	AIAKQFYN:0.5	SPDKIAPG:0.3333333333333333	QFYNDASQ:0.3333333333333333	SAIAKQFY:0.5	ELLHAVDK:0.3333333333333333	QFYNDASK:0.3333333333333333	FYNDASKY:0.3333333333333333	DRTYTVKS:0.3333333333333333	
