cluster number:70
CBM50:55	CBM50:55|GH23:1
GPHLHFET:0.32727272727272727	RAAFDGKV:0.2545454545454545	GLETVYGH:0.509090909090909	GGSTGRST:0.2	STGPHLHF:0.34545454545454546	GQPIGLGG:0.2727272727272727	TGPHLHFE:0.34545454545454546	RSTGPHLH:0.32727272727272727	AFDGKVRV:0.2	IRAAFDGK:0.23636363636363636	DTIRAAFD:0.23636363636363636	NGLETVYG:0.509090909090909	TGRSTGPH:0.32727272727272727	RHPNGLET:0.3090909090909091	HPNGLETV:0.21818181818181817	PNGLETVY:0.21818181818181817	GDTIRAAF:0.5454545454545454	HLHFETRF:0.5818181818181818	STGRSTGP:0.2	GSTGRSTG:0.2	TIRAAFDG:0.23636363636363636	GRSTGPHL:0.32727272727272727	RAGQPIGL:0.23636363636363636	VRAGQPIG:0.23636363636363636	AGQPIGLG:0.2727272727272727	PHLHFETR:0.32727272727272727	AAFDGKVR:0.4	LHFETRFL:0.4	AFDGKVRI:0.21818181818181817	FETRFLGI:0.2	HFETRFLG:0.4	ETVYGHLS:0.34545454545454546	IALGGNTG:0.36363636363636365	GNTGRSTG:0.6909090909090909	SHLHFETR:0.5454545454545454	GRSTGSHL:0.5636363636363636	GSHLHFET:0.5454545454545454	LGGNTGRS:0.6545454545454545	TVYGHLSK:0.3090909090909091	LETVYGHL:0.34545454545454546	IGDTIRAA:0.36363636363636365	PIALGGNT:0.36363636363636365	ALGGNTGR:0.36363636363636365	TGSHLHFE:0.5636363636363636	GGNTGRST:0.6545454545454545	TGRSTGSH:0.5636363636363636	STGSHLHF:0.5636363636363636	NTGRSTGS:0.5636363636363636	RSTGSHLH:0.5636363636363636	GFHMPTPS:0.23636363636363636	RRGYGKYV:0.2	GEPIALGG:0.2	VYGHLSKQ:0.2	GYGKYVVI:0.2	ARQAPIDR:0.2545454545454545	YGKYVVIR:0.2	AGEPIALG:0.2	GKYVVIRH:0.2	RGYGKYVV:0.2	EPIALGGN:0.2	RHDNGLET:0.21818181818181817	PIGLGGNT:0.2	YGHLSKQI:0.2545454545454545	IKVYIGDT:0.2909090909090909	GLGGNTGR:0.2909090909090909	LDIKVYIG:0.2909090909090909	IRHNNGLE:0.2	QDLLARQA:0.2	DLLARQAP:0.2	HLHFETRL:0.23636363636363636	TIYGHLSK:0.21818181818181817	DIKVYIGD:0.2909090909090909	VYIGDTIR:0.2909090909090909	FHMPTPSR:0.2	KVYIGDTI:0.2909090909090909	GLDIKVYI:0.2909090909090909	IGLGGNTG:0.2909090909090909	YIGDTIRA:0.2727272727272727	ETIYGHLS:0.2727272727272727	RHNNGLET:0.2	NGLETIYG:0.2545454545454545	HMPTPSRV:0.2	GLETIYGH:0.2545454545454545	LETIYGHL:0.23636363636363636	GHLSKQIV:0.2545454545454545	RAAFSGKV:0.2	AAFSGKVR:0.2	DTIRAAFS:0.2909090909090909	IRAAFSGK:0.2545454545454545	TIRAAFSG:0.2909090909090909	
