cluster number:279
CBM50:219	CBM50:219|GH73:1
PSVIPLGS:0.3835616438356164	SKVYVEGY:0.502283105022831	PLGSKVYV:0.4840182648401826	LGSKVYVE:0.502283105022831	VIPLGSKV:0.6255707762557078	YVEGYGEA:0.3515981735159817	AIAGDTGG:0.2100456621004566	DPSVIPLG:0.4200913242009132	SVIPLGSK:0.3242009132420091	IPLGSKVY:0.4977168949771689	VYVEGYGE:0.3470319634703196	EGYGEAIA:0.2968036529680365	AGDTGGAI:0.2511415525114155	TVQKGDTL:0.2465753424657534	GSKVYVEG:0.502283105022831	VDPSVIPL:0.4200913242009132	VQKGDTLW:0.3150684931506849	KVYVEGYG:0.5296803652968036	VEGYGEAI:0.2968036529680365	AVDPSVIP:0.3835616438356164	IAVDPSVI:0.3835616438356164	AKVIAVDP:0.3607305936073059	AADTGGAI:0.4885844748858447	VIAVDPSV:0.365296803652968	KVIAVDPS:0.273972602739726	NAKVIAVD:0.228310502283105	VIAVDPNV:0.2054794520547945	AVDPNVIP:0.2191780821917808	PNVIPLGS:0.2054794520547945	DPNVIPLG:0.2328767123287671	IAVDPNVI:0.2146118721461187	VDPNVIPL:0.2328767123287671	ADTGGAIK:0.4748858447488584	DTGGAIKG:0.7214611872146118	TGGAIKGN:0.639269406392694	GAIKGNKI:0.5159817351598174	AIKGNKID:0.5205479452054794	LWGISQKN:0.2009132420091324	KGDTLWGI:0.3013698630136986	TATAYTAN:0.2146118721461187	GDTLWGIS:0.3835616438356164	IKGNKIDV:0.4840182648401826	VTATAYTA:0.2785388127853881	ASAKEITV:0.2100456621004566	TLWGISQK:0.2694063926940639	DTLWGISQ:0.3515981735159817	TVTATAYT:0.2374429223744292	QKGDTLWG:0.2511415525114155	GGAIKGNK:0.5159817351598174	ANDGGISG:0.2374429223744292	KGNKIDVF:0.3378995433789954	GDTGGAIK:0.2191780821917808	MSFVAVAA:0.2009132420091324	GNKIDVFV:0.2146118721461187	TAADTGGA:0.2054794520547945	ATAADTGG:0.2054794520547945	
