cluster number:374
CBM50:33	CBM50:33|GH23:32
QIAVAERV:0.42424242424242425	AVAERVLA:0.30303030303030304	REQQIAVA:0.5454545454545454	GAWPACSA:0.48484848484848486	GDTLSKIA:0.21212121212121213	IAVAERVL:0.30303030303030304	NTGNGYSG:0.3333333333333333	DALAQCES:0.6666666666666666	WAINTGNG:0.48484848484848486	TREQQIAV:0.21212121212121213	NGYSGGLQ:0.3333333333333333	ATREQQIA:0.21212121212121213	AINTGNGY:0.3939393939393939	EQQIAVAE:0.5454545454545454	GYSGGLQF:0.3333333333333333	QQIAVAER:0.3333333333333333	WDALAQCE:0.696969696969697	INTGNGYS:0.2727272727272727	TGNGYSGG:0.3333333333333333	GNGYSGGL:0.3333333333333333	AWPACSAK:0.5151515151515151	ALAQCESG:0.48484848484848486	QCESGGNW:0.6363636363636364	CESGGNWA:0.45454545454545453	SREQQIAV:0.3333333333333333	TWAAYGGT:0.24242424242424243	GQVLQLPA:0.3333333333333333	TWDALAQC:0.5151515151515151	ESGGNWAI:0.36363636363636365	STWAAYGG:0.24242424242424243	STWDALAQ:0.36363636363636365	GNWAINTG:0.36363636363636365	QGWGAWPS:0.36363636363636365	NWAINTGN:0.36363636363636365	ALSGETYT:0.21212121212121213	WAAYGGTG:0.24242424242424243	ASREQQIA:0.3333333333333333	SGGNWAIN:0.3333333333333333	AQCESGGN:0.6363636363636364	GGNWAINT:0.3333333333333333	LAQCESGG:0.5757575757575758	GWGAWPSC:0.36363636363636365	TWAAFGGT:0.21212121212121213	AAPAPAAP:0.21212121212121213	QFTPSTWA:0.21212121212121213	AGQGWGAW:0.2727272727272727	WGAWPSCA:0.21212121212121213	GQGWGAWP:0.30303030303030304	GNGFSGGL:0.3333333333333333	FTPSTWAA:0.21212121212121213	LQFTPSTW:0.24242424242424243	GLQFTPST:0.24242424242424243	NTGNGFSG:0.30303030303030304	GFSGGLQF:0.3333333333333333	SGGLQFTP:0.2727272727272727	TGNGFSGG:0.3333333333333333	FSGGLQFT:0.3333333333333333	NGFSGGLQ:0.3333333333333333	GAWPSCAA:0.21212121212121213	GGLQFTPS:0.24242424242424243	SQGWGAWP:0.2727272727272727	ASQGWGAW:0.2727272727272727	TGNGYYGG:0.24242424242424243	GNGYYGGL:0.21212121212121213	GYYGGLQF:0.21212121212121213	NGYYGGLQ:0.21212121212121213	INTGNGFS:0.21212121212121213	WPACSAKL:0.36363636363636365	WGAWPACS:0.36363636363636365	PACSAKLG:0.36363636363636365	NTGNGYYG:0.21212121212121213	GWGAWPAC:0.36363636363636365	ACSAKLGL:0.36363636363636365	QGWGAWPA:0.36363636363636365	SAKLGLSG:0.2727272727272727	CSAKLGLS:0.2727272727272727	GSTWDALA:0.21212121212121213	
