cluster number:265
CBM50:24	CBM50:24
PGQVLRLP:0.625	ETLKDPDK:0.2916666666666667	WPRIFEAN:0.9166666666666666	SLSSIAKR:0.6666666666666666	TAEVTPAP:0.5	AKRHLGDG:0.5416666666666666	GDSLSSIA:0.6666666666666666	DSLSSIAK:0.6666666666666666	VTSSVDST:0.6666666666666666	PDKIFPGQ:0.75	STAEVTPA:0.5	KIFPGQVL:0.6666666666666666	SSVDSTAE:0.5	QAGDSLSS:0.7083333333333334	PRIFEANR:1.0	EANRETLK:0.2916666666666667	IAKRHLGD:0.5416666666666666	VTPAPDFS:0.625	AGDSLSSI:0.7083333333333334	KDPDKIFP:0.2916666666666667	DSTAEVTP:0.5	IFPGQVLR:0.625	TVQAGDSL:0.8333333333333334	SSIAKRHL:0.5416666666666666	DKIFPGQV:0.6666666666666666	RIFEANRE:0.75	FEANRETL:0.75	EVTPAPDF:0.5	LWPRIFEA:0.875	LSSIAKRH:0.6666666666666666	DPDKIFPG:0.75	SVDSTAEV:0.5	SIAKRHLG:0.5416666666666666	NRETLKDP:0.2916666666666667	RETLKDPD:0.2916666666666667	ANRETLKD:0.2916666666666667	FPGQVLRL:0.625	TLKDPDKI:0.2916666666666667	AEVTPAPD:0.5	TSSVDSTA:0.6666666666666666	LKDPDKIF:0.2916666666666667	VQAGDSLS:0.8333333333333334	IFEANRET:0.75	VDSTAEVT:0.5	EESVTVQA:0.5	LQDPDKIF:0.4583333333333333	RETLQDPD:0.4583333333333333	ETLQDPDK:0.4583333333333333	DGNLWPRI:0.75	RHLGDGNL:0.5416666666666666	QSTAQLVE:0.4166666666666667	KADFSNVT:0.7083333333333334	VQSTAQLV:0.4583333333333333	VRTSVQST:0.5833333333333334	ANRETLQD:0.4583333333333333	RTSVQSTA:0.5833333333333334	KKADFSNV:0.7916666666666666	ESVTVQAG:0.625	TPAPDFSN:0.5	VDKKADFS:0.7916666666666666	DKKADFSN:0.7916666666666666	TLQDPDKI:0.4583333333333333	AQLVEESV:0.4166666666666667	NRETLQDP:0.4583333333333333	GNLWPRIF:0.75	MSVDKKAD:0.6666666666666666	APDFSNVR:0.4583333333333333	PDFSNVRT:0.375	VEESVTVQ:0.4583333333333333	KRHLGDGN:0.5416666666666666	TAQLVEES:0.4166666666666667	SVQSTAQL:0.5416666666666666	PAPDFSNV:0.5	LGDGNLWP:0.5416666666666666	STAQLVEE:0.4166666666666667	NVRTSVQS:0.5	NLWPRIFE:0.75	EANRETLQ:0.4583333333333333	SVTVQAGD:0.6666666666666666	HLGDGNLW:0.5416666666666666	NVTSSVDS:0.5833333333333334	GDGNLWPR:0.75	TSVQSTAQ:0.5833333333333334	SNVRTSVQ:0.5	QLVEESVT:0.4166666666666667	VTVQAGDS:0.75	FSNVTSSV:0.5833333333333334	SNVTSSVD:0.5833333333333334	DFSNVTSS:0.5833333333333334	SVDKKADF:0.6666666666666666	ADFSNVTS:0.7083333333333334	DFSNVRTS:0.5	LVEESVTV:0.4166666666666667	FSNVRTSV:0.5	QDPDKIFP:0.4583333333333333	HYGDGNLW:0.20833333333333334	PDFSNVRS:0.20833333333333334	RHYGDGNL:0.20833333333333334	YGDGNLWP:0.20833333333333334	IAKRHYGD:0.25	DFSNVRSS:0.20833333333333334	KRHYGDGN:0.25	AKRHYGDG:0.25	FSNVRSSV:0.20833333333333334	QVLRLPAK:0.375	GQVLRLPA:0.375	VLRLPAKS:0.375	
