cluster number:53
CBM50:6	CBM50:6
TVSTGTTL:0.8333333333333334	TDTMSSSS:0.8333333333333334	YTVKAGDN:1.0	QRTVSTGT:1.0	YNTTIEEI:1.0	GIIVERAM:0.8333333333333334	AMPTAAMQ:1.0	TTLKIPKN:0.8333333333333334	YITYTVKA:1.0	ESEPKKNN:1.0	SSSSSKKS:1.0	SKYITYTV:1.0	LLVMVTPV:0.6666666666666666	TAAMQKAE:1.0	LKIPKNSV:1.0	AEYESNKK:1.0	KSKYITYT:1.0	LTMLAEEY:1.0	NTTIEEIM:1.0	VILIAILL:0.6666666666666666	MPTAAMQK:1.0	VKAGDNLT:1.0	EYESNKKV:1.0	NFLEVKIL:0.3333333333333333	ASFETDTM:0.8333333333333334	KKRHRKKR:0.3333333333333333	MLINLINF:0.3333333333333333	EIMQINGL:0.5	IAILLVMV:0.6666666666666666	INFLEVKI:0.3333333333333333	AMQKAEYE:1.0	LEVKILKK:0.3333333333333333	SVILIAIL:0.6666666666666666	HRKKRRWI:0.3333333333333333	VTKKESEP:1.0	AREKYGVK:1.0	KYITYTVK:1.0	PKKNNEEA:1.0	IISVILIA:0.6666666666666666	ERAMPTAA:0.8333333333333334	IIVERAMP:0.8333333333333334	SFETDTMS:0.8333333333333334	SKKSKYIT:1.0	KKNNEEAS:1.0	VTPVKGII:1.0	KESEPKKN:1.0	EEASFETD:0.8333333333333334	SEPKKNNE:1.0	PTAAMQKA:1.0	NLTMLAEE:1.0	VAREKYGV:1.0	LAEEYNTT:1.0	SSSKKSKY:1.0	YSIISVIL:0.6666666666666666	WIAYSIIS:0.6666666666666666	GLTQRTVS:1.0	KAEYESNK:1.0	KGIIVERA:0.8333333333333334	RKKRRWIA:0.3333333333333333	TPVKGIIV:1.0	KRRWIAYS:0.6666666666666666	MSSSSSKK:1.0	MVTPVKGI:1.0	NNEEASFE:1.0	MQKAEYES:1.0	REKYGVKV:1.0	EASFETDT:0.8333333333333334	KYGVKVTK:1.0	EKYGVKVT:1.0	KKSKYITY:1.0	IEEIMQIN:0.5	KKESEPKK:1.0	VERAMPTA:0.8333333333333334	TGTTLKIP:0.8333333333333334	DTMSSSSS:0.8333333333333334	EYNTTIEE:1.0	AYSIISVI:0.8333333333333334	KKVAREKY:1.0	DNLTMLAE:1.0	NGLTQRTV:1.0	LINLINFL:0.3333333333333333	NLINFLEV:0.3333333333333333	LTQRTVST:1.0	INGLTQRT:0.5	TMSSSSSK:1.0	LVMVTPVK:0.6666666666666666	IAYSIISV:0.6666666666666666	INLINFLE:0.3333333333333333	SSKKSKYI:1.0	FETDTMSS:0.8333333333333334	QKAEYESN:1.0	GVKVTKKE:1.0	ISVILIAI:0.6666666666666666	TYTVKAGD:1.0	RHRKKRRW:0.3333333333333333	ESNKKVAR:1.0	TMLAEEYN:1.0	AILLVMVT:0.6666666666666666	TKKESEPK:1.0	AEEYNTTI:1.0	KAGDNLTM:1.0	KKRRWIAY:0.6666666666666666	TTIEEIMQ:1.0	EEYNTTIE:1.0	PVKGIIVE:0.8333333333333334	MLAEEYNT:1.0	RWIAYSII:0.6666666666666666	SIISVILI:0.6666666666666666	KRHRKKRR:0.3333333333333333	VMVTPVKG:0.6666666666666666	STGTTLKI:0.8333333333333334	MQINGLTQ:0.5	SSSSKKSK:1.0	VKGIIVER:0.8333333333333334	AAMQKAEY:1.0	LIAILLVM:0.5	VSTGTTLK:0.8333333333333334	ITYTVKAG:1.0	ETDTMSSS:0.8333333333333334	KNNEEASF:1.0	YGVKVTKK:1.0	VKVTKKES:1.0	LINFLEVK:0.3333333333333333	ILLVMVTP:0.6666666666666666	YESNKKVA:1.0	NEEASFET:1.0	TLKIPKNS:0.8333333333333334	FLEVKILK:0.3333333333333333	RAMPTAAM:1.0	TQRTVSTG:1.0	RTVSTGTT:0.8333333333333334	QINGLTQR:0.5	IVERAMPT:0.8333333333333334	EEIMQING:0.5	IMQINGLT:0.5	RRWIAYSI:0.6666666666666666	GTTLKIPK:0.8333333333333334	GDNLTMLA:1.0	KIPKNSVR:1.0	SNKKVARE:1.0	ILIAILLV:0.5	TVKAGDNL:1.0	KVTKKESE:1.0	EPKKNNEE:1.0	AGDNLTML:1.0	NKKVAREK:1.0	KVAREKYG:1.0	TIEEIMQI:0.5	VNGLTQRT:0.5	HKKKRRWI:0.3333333333333333	KKKRRWIA:0.3333333333333333	MQVNGLTQ:0.5	EIMQVNGL:0.5	TIEEIMQV:0.5	IMQVNGLT:0.5	EEIMQVNG:0.5	IEEIMQVN:0.5	QVNGLTQR:0.5	RHKKKRRW:0.3333333333333333	KKRHKKKR:0.3333333333333333	KRHKKKRR:0.3333333333333333	MKKRHKKK:0.3333333333333333	
