cluster number:269
CBM50:12	CBM50:12|GH23:11
DARVVRYL:0.25	PAGAAGLW:0.25	WLALVESG:0.25	MPLETALY:0.25	AFAAYNMG:0.5	WELAFAAY:0.5	FYRVVAGD:0.25	RRRVFYRV:0.5	GLLASIRK:0.25	DERLDPER:0.3333333333333333	GRYGAAIR:0.3333333333333333	RWDARVVR:0.25	TNDFWELS:0.25	FFAHFEGL:0.25	GARIYGLT:0.3333333333333333	ERLDPERS:0.3333333333333333	SIRKYNTN:0.25	PLETALYV:0.25	YNMGYGGL:0.3333333333333333	LLASIRKY:0.25	ELAFAAYN:0.5	AAGLWQFM:0.3333333333333333	IRKYNTND:0.4166666666666667	RKYNTNDF:0.5	AGLWQFMP:0.3333333333333333	GYGGLLAS:0.25	MGYGGLLA:0.3333333333333333	SGRYGAAI:0.3333333333333333	EFFAHFEG:0.25	WDARVVRY:0.25	LETALYVP:0.25	ARVVRYLE:0.25	NMGYGGLL:0.3333333333333333	DRRRVFYR:0.3333333333333333	LALVESGF:0.25	SPAGAAGL:0.25	YGGLLASI:0.25	NTNDFWEL:0.3333333333333333	VFYRVVAG:0.25	NDFWELSR:0.25	YNTNDFWE:0.3333333333333333	ETALYVPK:0.3333333333333333	LAFAAYNM:0.5	FWELSRLE:0.25	RIYGLTVD:0.3333333333333333	AYNMGYGG:0.4166666666666667	YGLTVDRW:0.3333333333333333	GGLLASIR:0.25	GAAGLWQF:0.3333333333333333	ASIRKYNT:0.25	RYGAAIRR:0.3333333333333333	RVFYRVVA:0.25	RLDPERST:0.3333333333333333	TALYVPKI:0.3333333333333333	AAYNMGYG:0.5	RRVFYRVV:0.3333333333333333	KSGRYGAA:0.3333333333333333	DFWELSRL:0.25	ARIYGLTV:0.3333333333333333	FAAYNMGY:0.5	IYGLTVDR:0.3333333333333333	AGAAGLWQ:0.25	GMPLETAL:0.25	LASIRKYN:0.25	VRWGESLD:0.25	KYNTNDFW:0.5	VREGDTFS:0.25	AVREGDTF:0.25	LDPERSTL:0.25	GMTLQLFV:0.25	IEALNPQL:0.25	ALNPQLVA:0.25	PERSTLAA:0.25	LREQGLPE:0.25	STLAAARY:0.25	RSTLAAAR:0.25	AIRRVLRE:0.25	AAARYLSD:0.25	PDIPVRWD:0.3333333333333333	LPDIPVRW:0.25	REQGLPED:0.25	GLWQFMPE:0.25	LAAARYLS:0.25	AARYLSDL:0.25	YGAAIRRV:0.25	DPERSTLA:0.25	IRRVLREQ:0.25	ERSTLAAA:0.25	EQGLPEDL:0.25	TLAAARYL:0.25	EALNPQLV:0.25	AAIRRVLR:0.25	EGMTLQLF:0.25	ARYLSDLR:0.25	GAAIRRVL:0.25	AMIESGFD:0.4166666666666667	AGAVGLWQ:0.5	MIESGFDP:0.5	PAGAVGLW:0.4166666666666667	LYVPKIIA:0.25	GAVGLWQF:0.5833333333333334	SPAGAVGL:0.4166666666666667	VGLWQFMP:0.4166666666666667	RFGSWDLA:0.25	AVGLWQFM:0.4166666666666667	VAMIESGF:0.25	ESGFDPRA:0.25	IESGFDPR:0.3333333333333333	AYNMGYEQ:0.3333333333333333	LAFGYGVG:0.3333333333333333	WLKRSGRY:0.3333333333333333	NMGYEQLL:0.3333333333333333	SKLQLPDL:0.25	GYEQLLDR:0.25	PSETAAYV:0.25	ALAAYNMG:0.3333333333333333	TPLKTLAK:0.25	FETWLKRS:0.3333333333333333	SETAAYVP:0.25	YNMGYEQL:0.3333333333333333	SALAFGYG:0.3333333333333333	AKAAGVAT:0.25	ALAFGYGV:0.3333333333333333	DQRKNPRL:0.25	LWQFMPAT:0.3333333333333333	DLALAAYN:0.25	LAAYNMGY:0.3333333333333333	LKTLAKAA:0.25	QRKNPRLA:0.25	TLAKAAGV:0.25	FNELARQE:0.25	EQLLDRID:0.25	LDRIDRYG:0.25	PLKTLAKA:0.25	ETAAYVPK:0.3333333333333333	LAKAAGVA:0.25	RVPPGRGD:0.25	SWDLALAA:0.25	FFTRTDRG:0.25	DFNELARQ:0.3333333333333333	KTLAKAAG:0.25	LSKLQLPD:0.25	LLDRIDRY:0.25	TAAYVPKI:0.3333333333333333	RFFTRTDR:0.25	ALSKLQLP:0.25	QAAAHHLR:0.3333333333333333	AAHHLRDL:0.3333333333333333	KAAGVATS:0.25	WQFMPATG:0.3333333333333333	YEQLLDRI:0.25	PPGTPLKT:0.25	KYVRFFTR:0.3333333333333333	RSGRYQEM:0.25	GTPLKTLA:0.25	GLWQFMPA:0.3333333333333333	KSPAGAVG:0.25	NELARQEA:0.25	WDLALAAY:0.25	AAAHHLRD:0.3333333333333333	AFGYGVGM:0.3333333333333333	PGTPLKTL:0.25	YVRFFTRT:0.25	YGVGMAAP:0.3333333333333333	FGYGVGMA:0.3333333333333333	AAYNMGYE:0.3333333333333333	VRFFTRTD:0.25	GYGVGMAA:0.3333333333333333	ETWLKRSG:0.3333333333333333	AHHLRDLY:0.25	FTRTDRGR:0.25	LKRSGRYQ:0.3333333333333333	QLLDRIDR:0.25	KRSGRYQE:0.25	MGYEQLLD:0.25	DRIDRYGT:0.25	TWLKRSGR:0.3333333333333333	MFETWLKR:0.3333333333333333	LALAAYNM:0.3333333333333333	ESLLSLLP:0.25	VANNLERF:0.25	ANNLERFG:0.25	VSALAFGY:0.25	RLPEDLIW:0.25	LATQAAAH:0.25	NNLERFGF:0.25	PRLATQAA:0.25	TQAAAHHL:0.25	KNPRLATQ:0.25	RLATQAAA:0.25	NPRLATQA:0.25	SLLSLLPK:0.25	RKNPRLAT:0.25	LLSLLPKP:0.25	DPVDLLGG:0.25	PVDLLGGR:0.25	LDPVDLLG:0.25	NLERFGFD:0.25	MVSALAFG:0.25	ATQAAAHH:0.25	
