cluster number:550
CBM50:297	CBM50:297|GH23:1
EVDQLLRV:0.23905723905723905	MVKEGDAV:0.22895622895622897	EMGNSDSD:0.2356902356902357	RQGKPVDP:0.3838383838383838	QIEVDQLL:0.23905723905723905	GKPVDPLK:0.2356902356902357	AEMGNSDS:0.25252525252525254	IKHDATYL:0.21548821548821548	ALENGQNY:0.2828282828282828	VRRQGKPV:0.27946127946127947	GQKIAEMG:0.6632996632996633	DGRVVYAG:0.30976430976430974	NQIEVDQL:0.23905723905723905	AGNGLRGY:0.45454545454545453	TKGQKIAE:0.265993265993266	YLTAYAHN:0.5925925925925926	VDPLKYLP:0.2255892255892256	KIAEMGNS:0.32996632996632996	GYGNLIII:0.2558922558922559	RALMVKEG:0.23905723905723905	IALENGQN:0.2828282828282828	VKPGDTLY:0.2895622895622896	KGQKIAEM:0.4006734006734007	PNQIEVDQ:0.23905723905723905	KPGDTLYR:0.26936026936026936	ATYLTAYA:0.23905723905723905	HDATYLTA:0.2356902356902357	KEGDAVTK:0.22895622895622897	TAYAHNRA:0.3939393939393939	YGNLIIIK:0.2558922558922559	MGNSDSDR:0.2356902356902357	YAGNGLRG:0.45454545454545453	NRALMVKE:0.23905723905723905	GNGLRGYG:0.5521885521885522	HNRALMVK:0.23905723905723905	GLRGYGNL:0.7744107744107744	IIKHDATY:0.21548821548821548	LTAYAHNR:0.5252525252525253	RVKPGDTL:0.2828282828282828	NGLRGYGN:0.5622895622895623	QGKPVDPL:0.22895622895622897	DTLYRIAL:0.2727272727272727	TYLTAYAH:0.3501683501683502	RRQGKPVD:0.3838383838383838	ADGRVVYA:0.30976430976430974	VYAGNGLR:0.45791245791245794	KHDATYLT:0.2356902356902357	LMVKEGDA:0.22895622895622897	IAEMGNSD:0.3939393939393939	IEVDQLLR:0.23905723905723905	FEVRRQGK:0.2828282828282828	LYRIALEN:0.2828282828282828	EVRRQGKP:0.2828282828282828	AADGRVVY:0.32996632996632996	YYRVKPGD:0.20202020202020202	YAHNRALM:0.23905723905723905	LHFEVRRQ:0.2895622895622896	LENGQNYR:0.2727272727272727	HFEVRRQG:0.2895622895622896	GQNYRDIA:0.23905723905723905	AAADGRVV:0.32996632996632996	VMLHFEVR:0.29292929292929293	RGYGNLII:0.4511784511784512	QKIAEMGN:0.37373737373737376	PVDPLKYL:0.2255892255892256	DATYLTAY:0.2356902356902357	NLIIIKHD:0.2356902356902357	LRGYGNLI:0.4511784511784512	KPVDPLKY:0.2255892255892256	RVMLHFEV:0.2828282828282828	PLKYLPPQ:0.21885521885521886	PGDTLYRI:0.2760942760942761	YRIALENG:0.28619528619528617	AHNRALMV:0.23905723905723905	GYYRVKPG:0.20202020202020202	DPLKYLPP:0.21885521885521886	YRVKPGDT:0.28619528619528617	ALMVKEGD:0.23905723905723905	AYAHNRAL:0.3771043771043771	VVYAGNGL:0.4612794612794613	RIALENGQ:0.28619528619528617	ENGQNYRD:0.2727272727272727	GDTLYRIA:0.2895622895622896	VKEGDAVT:0.22895622895622897	VTKGQKIA:0.265993265993266	GNLIIIKH:0.2558922558922559	LIIIKHDA:0.23232323232323232	IIIKHDAT:0.23232323232323232	MLHFEVRR:0.26936026936026936	NGQNYRDI:0.2727272727272727	GDAVTKGQ:0.22895622895622897	NPNQIEVD:0.23905723905723905	GNSDSDRV:0.23232323232323232	DAVTKGQK:0.2255892255892256	AVTKGQKI:0.22895622895622897	EGDAVTKG:0.22895622895622897	APVVDRSG:0.23232323232323232	TLYRIALE:0.2558922558922559	DRVMLHFE:0.32323232323232326	RVERGDTL:0.21885521885521886	IEVGQVLR:0.4612794612794613	YRVERGDT:0.2356902356902357	GSAPVGPG:0.20875420875420875	CGSAPVGP:0.20875420875420875	EVGQVLRV:0.4478114478114478	QVLRVAPP:0.20202020202020202	ACGSAPVG:0.20875420875420875	GAGLRGYG:0.2053872053872054	
