cluster number:589
CBM50:6	CBM50:6
ALPGAAGR:0.5	VAGASGLG:0.3333333333333333	VALEWPRW:0.3333333333333333	RLVAGASG:0.3333333333333333	VAPGDSLW:0.5	LEWPRWYE:0.3333333333333333	AGASGLGV:0.3333333333333333	LLAPVAAQ:0.3333333333333333	GVLLAPVA:0.3333333333333333	SVTVAPGD:0.3333333333333333	TVAPGDSL:0.5	SGLGVLLA:0.3333333333333333	GASGLGVL:0.3333333333333333	GAAGRTLQ:0.3333333333333333	EWPRWYEA:0.3333333333333333	LVAGASGL:0.3333333333333333	LAPVAAQA:0.3333333333333333	LPGAAGRT:0.3333333333333333	PGAAGRTL:0.3333333333333333	LRLVAGAS:0.3333333333333333	ALEWPRWY:0.3333333333333333	GLGVLLAP:0.3333333333333333	LGVLLAPV:0.3333333333333333	WPRWYEAN:0.3333333333333333	ASGLGVLL:0.3333333333333333	VLLAPVAA:0.3333333333333333	VAAKLAGC:0.3333333333333333	VTVAPGDS:0.5	QIAAEWPR:0.5	IAAEWPRW:0.5	AAEWPRWW:0.3333333333333333	RGDSLWTI:0.3333333333333333	
