cluster number:273
CBM50:27	CBM50:27
RAAAFRID:0.2222222222222222	NRTGAGSE:0.2222222222222222	DTLRGIGN:0.25925925925925924	AGSEAIAR:0.37037037037037035	FRIDIDDV:0.2222222222222222	LHFELRKD:0.3333333333333333	AAFRIDID:0.2222222222222222	IDDVLTGG:0.25925925925925924	RGIGNRTG:0.25925925925925924	AAADGVVA:0.5185185185185185	LRGIGNRT:0.25925925925925924	DVVRGQKV:0.2222222222222222	GAGSEAIA:0.4444444444444444	IGNRTGAG:0.25925925925925924	VLTGGQPA:0.25925925925925924	RAAADGVV:0.25925925925925924	PKLHFELR:0.3333333333333333	HFELRKDR:0.2962962962962963	RTGAGSEA:0.25925925925925924	GNRTGAGS:0.25925925925925924	PGDTLRGI:0.4074074074074074	KLHFELRK:0.3333333333333333	RIDIDDVL:0.2222222222222222	AADGVVAY:0.5185185185185185	WVSAYGHA:0.3333333333333333	TGAGSEAI:0.4074074074074074	GVVAYAGD:0.2962962962962963	GDTLRGIG:0.25925925925925924	AAAFRIDI:0.2222222222222222	QPGDTLRG:0.4074074074074074	IRAAADGV:0.2222222222222222	IDIDDVLT:0.25925925925925924	TLRGIGNR:0.25925925925925924	GWVSAYGH:0.2962962962962963	VQPGDTLR:0.4074074074074074	DGVVAYAG:0.4074074074074074	EAIARANG:0.2222222222222222	GETGIAIA:0.8148148148148148	DVLTGGQP:0.25925925925925924	GSEAIARA:0.2962962962962963	EGETGIAI:0.2222222222222222	AIARANGL:0.2222222222222222	AFRIDIDD:0.2222222222222222	DIDDVLTG:0.25925925925925924	PIRAAADG:0.2222222222222222	DDVLTGGQ:0.25925925925925924	LSIPGGRY:0.25925925925925924	SIPGGRYH:0.25925925925925924	GIGNRTGA:0.25925925925925924	ADGVVAYA:0.4074074074074074	SEAIARAN:0.37037037037037035	LEEPYILR:0.2962962962962963	VQRGQSVK:0.2222222222222222	TGIAIARA:0.5185185185185185	IAIARAYG:0.5555555555555556	GIAIARAY:0.5555555555555556	ETGIAIAR:0.48148148148148145	IPGGRYHL:0.3333333333333333	PGGRYHLV:0.3333333333333333	GGRYHLVR:0.25925925925925924	AIARAYGV:0.37037037037037035	PQLHFEIR:0.3333333333333333	EPQLHFEI:0.2222222222222222	DGVVAYVG:0.2222222222222222	ADGVVAYV:0.2222222222222222	
