cluster number:350
CBM50:11	CBM50:11
YQTYYAHN:0.2727272727272727	DAGRVSFA:0.2727272727272727	HENGYQTY:0.45454545454545453	NGYQTYYA:0.36363636363636365	DKKITVQG:0.2727272727272727	FEVRKNGT:0.45454545454545453	VIIDHENG:0.2727272727272727	LHFEVRKN:0.9090909090909091	GYQTYYAH:0.45454545454545453	HFEVRKNG:0.9090909090909091	ENGYQTYY:0.45454545454545453	PTRGRLTS:0.2727272727272727	AGRVSFAG:0.2727272727272727	KNGTPVNP:0.2727272727272727	DHENGYQT:0.2727272727272727	NLVIIDHE:0.2727272727272727	GNLVIIDH:0.2727272727272727	ADAGRVSF:0.2727272727272727	LVIIDHEN:0.2727272727272727	HLHFEVRK:0.9090909090909091	VRKNGTPV:0.2727272727272727	YGNLVIID:0.2727272727272727	IDHENGYQ:0.2727272727272727	RKNGTPVN:0.2727272727272727	GDKKITVQ:0.2727272727272727	KKITVQGE:0.2727272727272727	EVRKNGTP:0.45454545454545453	QTYYAHNS:0.2727272727272727	IIDHENGY:0.2727272727272727	GFGTRWGR:0.2727272727272727	TSGFGTRW:0.2727272727272727	STGPHLHF:0.5454545454545454	GTRWGRRH:0.2727272727272727	TGPHLHFE:0.8181818181818182	RSTGPHLH:0.36363636363636365	IAKVGSTG:0.2727272727272727	VGSTGRST:0.2727272727272727	AYGNLVII:0.2727272727272727	PHLHFEVR:0.8181818181818182	TGRSTGPH:0.36363636363636365	WGRRHEGI:0.2727272727272727	TRWGRRHE:0.2727272727272727	LTSGFGTR:0.2727272727272727	STGRSTGP:0.2727272727272727	GSTGRSTG:0.36363636363636365	FGTRWGRR:0.2727272727272727	GRRHEGID:0.2727272727272727	GAYGNLVI:0.2727272727272727	GRSTGPHL:0.36363636363636365	AKVGSTGR:0.2727272727272727	GPHLHFEV:0.8181818181818182	SGFGTRWG:0.2727272727272727	RWGRRHEG:0.2727272727272727	KVGSTGRS:0.2727272727272727	
