cluster number:548
CBM50:17	CBM50:17
ASAVGFGI:0.23529411764705882	DAGLSARA:0.4117647058823529	GFMSAAEY:0.29411764705882354	AGLSARAQ:0.35294117647058826	YIAAADTN:0.47058823529411764	TYTVQAGD:0.23529411764705882	DQNLIIAG:0.23529411764705882	YTVQAGDS:0.23529411764705882	SAVGFGIV:0.23529411764705882	TNGEVVAI:0.5294117647058824	AWYNETNM:0.5882352941176471	DGTTYTVQ:0.29411764705882354	AAADTNKD:0.35294117647058826	AVGFGIVG:0.23529411764705882	KDGFMSAA:0.29411764705882354	GEVVAIGW:0.4117647058823529	GDTLSGIA:0.23529411764705882	SADGTTYT:0.29411764705882354	NGEVVAIG:0.5294117647058824	EVVAIGWS:0.23529411764705882	VAYIAAAD:0.29411764705882354	LNSLNAKR:0.29411764705882354	QAGDSLSK:0.23529411764705882	DGFMSAAE:0.29411764705882354	RASAVGFG:0.23529411764705882	AYIAAADT:0.29411764705882354	ADGTTYTV:0.29411764705882354	AADTNKDG:0.23529411764705882	ASADTVEV:0.23529411764705882	LDAGLSAR:0.4117647058823529	MWVANARA:0.47058823529411764	VQAGDSLS:0.23529411764705882	IAAADTNK:0.35294117647058826	TVQAGDSL:0.23529411764705882	NSLNAKRA:0.5882352941176471	QNLIIAGQ:0.23529411764705882	WVANARAS:0.23529411764705882	LATAAGVA:0.35294117647058826	SARAQSRA:0.23529411764705882	SVGFGIVG:0.47058823529411764	STNGEVVA:0.35294117647058826	PGHRMWVA:0.5882352941176471	GIPTNHFS:0.29411764705882354	FSTNGEVV:0.35294117647058826	GQPGHRMW:0.23529411764705882	GLSARAQS:0.23529411764705882	TLDAGLSA:0.29411764705882354	LNAKRASL:0.4117647058823529	GHRMWVAN:0.5882352941176471	TPNGQPGH:0.23529411764705882	PVTLDAGL:0.23529411764705882	NGGIPTNH:0.29411764705882354	GGIPTNHF:0.29411764705882354	NAKRASLG:0.4117647058823529	TLLATAAG:0.23529411764705882	YNTYKANG:0.29411764705882354	KRASLGLA:0.29411764705882354	RASLGLAP:0.29411764705882354	IPTNHFST:0.29411764705882354	NGQPGHRM:0.23529411764705882	VTLDAGLS:0.29411764705882354	PTNHFSTN:0.29411764705882354	AANGGIPT:0.23529411764705882	NHFSTNGE:0.35294117647058826	KKTLLATA:0.23529411764705882	PNGQPGHR:0.23529411764705882	ASLGLAPV:0.29411764705882354	LVNSLNAK:0.29411764705882354	HFSTNGEV:0.35294117647058826	VGFGIVGG:0.4117647058823529	VNSLNAKR:0.29411764705882354	SLNAKRAS:0.4117647058823529	HRMWVANA:0.4117647058823529	ANGGIPTN:0.29411764705882354	KTLLATAA:0.23529411764705882	TNHFSTNG:0.29411764705882354	QPGHRMWV:0.23529411764705882	LSARAQSR:0.23529411764705882	LLATAAGV:0.23529411764705882	AKRASLGL:0.4117647058823529	AAANGGIP:0.23529411764705882	NTYKANGG:0.29411764705882354	RMWVANAR:0.35294117647058826	EYNTYKAN:0.29411764705882354	AVANGGLP:0.47058823529411764	KSAVAAGA:0.29411764705882354	ANGTTVDA:0.23529411764705882	NGTPGHRM:0.35294117647058826	TMLNSLNA:0.23529411764705882	GTPGHRMW:0.4117647058823529	NAVANGGL:0.47058823529411764	NPNLIFVG:0.23529411764705882	PNLIFVGQ:0.23529411764705882	TNGTPGHR:0.35294117647058826	TPGHRMWV:0.4117647058823529	VANGGLPT:0.29411764705882354	LIFVGQQL:0.23529411764705882	RATSVGFG:0.35294117647058826	NLIFVGQQ:0.23529411764705882	IFVGQQLQ:0.23529411764705882	NGTTVDAL:0.23529411764705882	WVANARAT:0.23529411764705882	DTLYRIAA:0.23529411764705882	DAWYNETN:0.4117647058823529	ISVGQVLN:0.23529411764705882	VANARATS:0.23529411764705882	IDAWYNET:0.4117647058823529	TIIKSAVA:0.23529411764705882	FATNGEVV:0.23529411764705882	ATNGEVVA:0.23529411764705882	MKSSTIIK:0.23529411764705882	SSTIIKSA:0.23529411764705882	ATSVGFGI:0.35294117647058826	HFATNGEV:0.23529411764705882	ANARATSV:0.23529411764705882	VIDAWYNE:0.4117647058823529	ARATSVGF:0.23529411764705882	GDTLYRIA:0.23529411764705882	NARATSVG:0.23529411764705882	TSVGFGIV:0.35294117647058826	KSSTIIKS:0.23529411764705882	NHFATNGE:0.23529411764705882	STIIKSAV:0.23529411764705882	ANGGLPTN:0.23529411764705882	GGLPTNHF:0.23529411764705882	NGGLPTNH:0.23529411764705882	
