cluster number:544
CBM50:7	CBM50:7
EIVKANTP:0.42857142857142855	EAEKIILA:0.2857142857142857	ISIDGDKV:0.42857142857142855	GDKVKVSG:0.42857142857142855	DTLWKIAE:0.7142857142857143	AGHGLPSD:0.42857142857142855	ELAGHGLP:0.42857142857142855	DLILPGWV:0.2857142857142857	PDLILPGW:0.2857142857142857	NTPPVKNP:0.5714285714285714	IILALGNT:0.5714285714285714	AKYTEIVK:0.5714285714285714	KANTPPVK:0.5714285714285714	SIDGDKVK:0.42857142857142855	AGAKIFGG:0.2857142857142857	EHYGKGQG:0.42857142857142855	VKNPDLIL:0.2857142857142857	LWKIAEEH:0.5714285714285714	AVFYTVKK:0.42857142857142855	PPVKNPDL:0.5714285714285714	AKAATADD:0.2857142857142857	WKIAEEHY:0.5714285714285714	TPPVKNPD:0.5714285714285714	AAAAVFYT:0.2857142857142857	LPGWVLRI:0.2857142857142857	TEEAEKII:0.2857142857142857	QKELAGHG:0.42857142857142855	IAEEHYGK:0.5714285714285714	FYTVKKGD:0.7142857142857143	KVKVSGKA:0.42857142857142855	KNPDLILP:0.2857142857142857	KKGDTLWK:0.7142857142857143	KYTEIVKA:0.5714285714285714	FIKEAGAK:0.2857142857142857	PVKNPDLI:0.5714285714285714	AAAVFYTV:0.2857142857142857	QGAKYTEI:0.2857142857142857	DGDKVKVS:0.42857142857142855	IVKANTPP:0.5714285714285714	KVSGKAVS:0.2857142857142857	KEAGAKIF:0.2857142857142857	STEEAEKI:0.2857142857142857	ANTPPVKN:0.5714285714285714	HYGKGQGA:0.42857142857142855	GAKIFGGS:0.2857142857142857	AEKIILAL:0.42857142857142855	LQKELAGH:0.42857142857142855	IKEAGAKI:0.2857142857142857	EAAAAVFY:0.2857142857142857	EEHYGKGQ:0.42857142857142855	EEAEKIIL:0.5714285714285714	GKGQGAKY:0.42857142857142855	MGLFSFIK:0.42857142857142855	LILPGWVL:0.2857142857142857	TLWKIAEE:0.5714285714285714	YTVKKGDT:0.8571428571428571	KGQGAKYT:0.2857142857142857	GQGAKYTE:0.2857142857142857	PGWVLRIP:0.8571428571428571	KGDTLWKI:0.7142857142857143	DLAVTKEA:0.2857142857142857	GHGLPSDV:0.42857142857142855	GWVLRIPP:0.5714285714285714	TEIVKANT:0.42857142857142855	KIAEEHYG:0.5714285714285714	DKVKVSGK:0.42857142857142855	KAATADDL:0.2857142857142857	TVKKGDTL:0.7142857142857143	VSGKAVST:0.2857142857142857	SDLAVTKE:0.2857142857142857	AVTKEAAA:0.2857142857142857	SGKAVSTE:0.2857142857142857	NPDLILPG:0.2857142857142857	AKIFGGSA:0.2857142857142857	ILPGWVLR:0.2857142857142857	YGKGQGAK:0.42857142857142855	AAVFYTVK:0.42857142857142855	VKKGDTLW:0.7142857142857143	ESDLAVTK:0.2857142857142857	LAVTKEAA:0.2857142857142857	EAGAKIFG:0.2857142857142857	VKVSGKAV:0.2857142857142857	VTKEAAAA:0.2857142857142857	GDTLWKIA:0.7142857142857143	TKEAAAAV:0.2857142857142857	LAGHGLPS:0.42857142857142855	AEEHYGKG:0.5714285714285714	VKANTPPV:0.5714285714285714	VESDLAVT:0.2857142857142857	IDGDKVKV:0.42857142857142855	KELAGHGL:0.42857142857142855	KEAAAAVF:0.2857142857142857	YTEIVKAN:0.5714285714285714	EKIILALG:0.42857142857142855	GAKYTEIV:0.5714285714285714	KIILALGN:0.42857142857142855	VFYTVKKG:0.42857142857142855	AISIDGDK:0.2857142857142857	SDVAISID:0.2857142857142857	LPSDVAIS:0.2857142857142857	DLIQPGWV:0.5714285714285714	IKDAGAKI:0.2857142857142857	LIQPGWVL:0.5714285714285714	VAISIDGD:0.2857142857142857	KDAGAKIF:0.2857142857142857	GLFSFIKD:0.2857142857142857	LFSFIKDA:0.2857142857142857	GLPSDVAI:0.2857142857142857	DAGAKIFG:0.2857142857142857	PSDVAISI:0.2857142857142857	AGAKIFGS:0.2857142857142857	HGLPSDVA:0.2857142857142857	FSFIKDAG:0.2857142857142857	SFIKDAGA:0.2857142857142857	QPGWVLRI:0.5714285714285714	VKNPDLIQ:0.2857142857142857	FIKDAGAK:0.2857142857142857	KNPDLIQP:0.2857142857142857	IQPGWVLR:0.5714285714285714	NPDLIQPG:0.42857142857142855	PDLIQPGW:0.5714285714285714	DVAISIDG:0.2857142857142857	ILALGNTV:0.2857142857142857	LALGNTVG:0.2857142857142857	GKGKGAKY:0.2857142857142857	EAEKIILS:0.2857142857142857	AEKIILSL:0.2857142857142857	IILSLGNT:0.2857142857142857	HYGKGKGA:0.2857142857142857	EKIILSLG:0.2857142857142857	KGKGAKYT:0.2857142857142857	YGKGKGAK:0.2857142857142857	GKGAKYTE:0.2857142857142857	KGAKYTEI:0.2857142857142857	QEEAEKII:0.2857142857142857	KIILSLGN:0.2857142857142857	VLRIPPLA:0.2857142857142857	WVLRIPPL:0.2857142857142857	
