cluster number:410
CBM50:13	CBM50:13
EEKEVIVE:0.3076923076923077	AEMRAALG:0.38461538461538464	EMRAALGY:0.38461538461538464	PGQQFDVP:0.38461538461538464	QQFDVPRY:0.38461538461538464	IYPGQQFD:0.38461538461538464	GFDLEEVK:0.38461538461538464	MWPLIYKA:0.38461538461538464	KANRDKIK:0.3076923076923077	YNDPFMWP:0.5384615384615384	YKAEYDAL:0.38461538461538464	VFAWGCSK:0.38461538461538464	VTHTVTKG:0.3076923076923077	FMWPLIYK:0.38461538461538464	VPRYGFDL:0.38461538461538464	VEEKEVIV:0.3076923076923077	RKDAGAPW:0.23076923076923078	AWGCSKKV:0.38461538461538464	VVVEEKEV:0.38461538461538464	DALPVTHT:0.3076923076923077	KKLILLAI:0.3076923076923077	LIYKANRD:0.5384615384615384	YDALPVTH:0.3076923076923077	EYKHVYND:0.3076923076923077	PRYGFDLE:0.38461538461538464	YKANRDKI:0.38461538461538464	TEPEVVVV:0.38461538461538464	YGFDLEEV:0.38461538461538464	PAEMRAAL:0.38461538461538464	ANRDKIKN:0.3076923076923077	TVTKGECL:0.38461538461538464	TKGECLWW:0.46153846153846156	RYGFDLEE:0.38461538461538464	RAALGYSF:0.38461538461538464	FAWGCSKK:0.38461538461538464	KGECLWWI:0.46153846153846156	VVVVEEKE:0.38461538461538464	NDPFMWPL:0.46153846153846156	DPFMWPLI:0.46153846153846156	KHVYNDPF:0.3076923076923077	MKKLILLA:0.3076923076923077	PFMWPLIY:0.46153846153846156	LPVTHTVT:0.3076923076923077	NRDKIKNP:0.3076923076923077	ALEPGQDA:0.3076923076923077	AEYDALPV:0.38461538461538464	IYKANRDK:0.38461538461538464	KLILLAIA:0.23076923076923078	VYKAEYDA:0.38461538461538464	EVVVVEEK:0.38461538461538464	IPAEMRAA:0.3076923076923077	PVTHTVTK:0.3076923076923077	LVFAWGCS:0.3076923076923077	DVPRYGFD:0.38461538461538464	MRAALGYS:0.38461538461538464	RDKIKNPD:0.23076923076923078	VYNDPFMW:0.3076923076923077	QFDVPRYG:0.38461538461538464	FDLEEVKA:0.3076923076923077	HVYNDPFM:0.3076923076923077	FDVPRYGF:0.38461538461538464	WPLIYKAN:0.5384615384615384	ALPVTHTV:0.3076923076923077	EYDALPVT:0.3076923076923077	EPEVVVVE:0.38461538461538464	THTVTKGE:0.3076923076923077	YKHVYNDP:0.3076923076923077	VTKGECLW:0.46153846153846156	CLVFAWGC:0.3076923076923077	HTVTKGEC:0.38461538461538464	PLIYKANR:0.5384615384615384	YPGQQFDV:0.38461538461538464	PEVVVVEE:0.38461538461538464	VVEEKEVI:0.3076923076923077	GQQFDVPR:0.38461538461538464	KAEYDALP:0.38461538461538464	YKANRDQI:0.3076923076923077	KANRDQIK:0.3076923076923077	IYKANRDQ:0.3076923076923077	IKNPDLIY:0.6153846153846154	NPDLIYPG:0.38461538461538464	PDLIYPGQ:0.38461538461538464	KNPDLIYP:0.5384615384615384	QIKNPDLI:0.46153846153846156	DQIKNPDL:0.3076923076923077	IYNDPFMW:0.23076923076923078	ANRDQIKN:0.23076923076923078	NRDQIKNP:0.23076923076923078	RDQIKNPD:0.23076923076923078	ISEYKHVY:0.23076923076923078	WISEYKHV:0.23076923076923078	LWWISEYK:0.3076923076923077	QTEPEVVV:0.23076923076923078	DLIYPGQQ:0.3076923076923077	AGAPWKAL:0.3076923076923077	CSKKVQTE:0.23076923076923078	GECLWWIS:0.3076923076923077	LIYPGQQF:0.3076923076923077	WWISEYKH:0.3076923076923077	CLWWISEY:0.3076923076923077	PWKALEPG:0.3076923076923077	KKVQTEPE:0.23076923076923078	ECLWWISE:0.3076923076923077	KVQTEPEV:0.23076923076923078	APWKALEP:0.3076923076923077	SEYKHVYN:0.23076923076923078	WGCSKKVQ:0.23076923076923078	VQTEPEVV:0.23076923076923078	GAPWKALE:0.3076923076923077	GCSKKVQT:0.23076923076923078	SKKVQTEP:0.23076923076923078	KALEPGQD:0.23076923076923078	WKALEPGQ:0.23076923076923078	
