cluster number:587
CBM50:28	CBM50:28
NGDVKEEN:0.2857142857142857	VKSGETLG:0.35714285714285715	ETLGKIAK:0.4642857142857143	LLWDEIKK:0.35714285714285715	LGKIAKQY:0.2857142857142857	DLGEKLNI:0.32142857142857145	SVLDLGEK:0.2857142857142857	QSVLDLGE:0.35714285714285715	GDVKEENG:0.32142857142857145	LDLGEKLN:0.32142857142857145	GKIAKQYY:0.2857142857142857	VLDLGEKL:0.35714285714285715	TLGKIAKQ:0.2857142857142857	NLLWDEIK:0.39285714285714285	KSGETLGK:0.35714285714285715	TVKSGETL:0.25	SGETLGKI:0.39285714285714285	GETLGKIA:0.5714285714285714	HTVKSGET:0.25	YQSVLDLG:0.5	KNLLWDEI:0.39285714285714285	KYQSVLDL:0.5	LNIQNGDV:0.21428571428571427	IMADIKVA:0.42857142857142855	MADIKVAD:0.5357142857142857	WDEIKKVG:0.2857142857142857	DIMADIKV:0.4642857142857143	PSDIMADI:0.2857142857142857	KKVGGENP:0.21428571428571427	YYGDPMKY:0.21428571428571427	LWDEIKKV:0.2857142857142857	IKKVGGEN:0.21428571428571427	EIKKVGGE:0.21428571428571427	SDIMADIK:0.2857142857142857	DEIKKVGG:0.2857142857142857	WDKIKEIG:0.32142857142857145	ILKNPDLI:0.32142857142857145	DILKNPDL:0.25	LKNPDLIH:0.25	DKIKEIGG:0.32142857142857145	KNPDLIHP:0.25	AKTQYEKN:0.21428571428571427	GQELVIPN:0.42857142857142855	QYEKNLLW:0.39285714285714285	NQYEKNLL:0.21428571428571427	AKNQYEKN:0.25	YEKNLLWD:0.42857142857142855	DVKEENGV:0.21428571428571427	QELVIPNL:0.5	KNQYEKNL:0.25	VKEENGVL:0.25	YEKNLIWD:0.21428571428571427	ADIKVADE:0.2857142857142857	DIKVADES:0.2857142857142857	KIAKQYYG:0.25	IKVADESV:0.2857142857142857	AKYQSVLD:0.2857142857142857	KAKYQSVL:0.32142857142857145	IHPGQELV:0.32142857142857145	PGQELVIP:0.35714285714285715	HPGQELVI:0.32142857142857145	KIAKHYYG:0.21428571428571427	LGKIAKHY:0.21428571428571427	TLGKIAKH:0.21428571428571427	EKNLLWDE:0.2857142857142857	KVADESVY:0.21428571428571427	PDVIHPGQ:0.21428571428571427	VIHPGQEL:0.21428571428571427	DVIHPGQE:0.21428571428571427	
