cluster number:397
CBM50:29	CBM50:29|GH18:28
VLDYAVTV:0.2413793103448276	LVSTALAP:0.20689655172413793	FEYVYPED:0.3103448275862069	TYEWGWAG:0.4482758620689655	GLLYEAHD:0.5172413793103449	EVWFEDAR:0.4482758620689655	WFEDARSM:0.41379310344827586	LLYEAHDY:0.5172413793103449	RGISYWVL:0.20689655172413793	TALAPKIS:0.2413793103448276	VILMTYEW:0.3448275862068966	LMTYEWGW:0.4827586206896552	HEVWFEDA:0.4482758620689655	DFVILMTY:0.3448275862068966	DFEYVYPE:0.27586206896551724	IVDFVILM:0.27586206896551724	VWFEDARS:0.7931034482758621	GISYWVLG:0.20689655172413793	MTYEWGWA:0.4482758620689655	LDYAVTVI:0.2413793103448276	YEWGWAGG:0.4482758620689655	EYVYPEDR:0.3103448275862069	LRGISYWV:0.20689655172413793	VSTALAPK:0.3793103448275862	QPGLLYEA:0.3103448275862069	SYWVLGNP:0.2413793103448276	ILMTYEWG:0.3448275862068966	YWVLGNPF:0.2413793103448276	EWGWAGGR:0.3793103448275862	STALAPKI:0.2413793103448276	YAVTVIPR:0.20689655172413793	VDFVILMT:0.27586206896551724	WGWAGGRP:0.3448275862068966	PGLLYEAH:0.3103448275862069	WVLGNPFP:0.2413793103448276	DYAVTVIP:0.2413793103448276	FVILMTYE:0.3448275862068966	WFEDARSV:0.3103448275862069	GRPWAIAP:0.20689655172413793	MMGVPLYG:0.20689655172413793	AGGRPWAI:0.20689655172413793	AHGEIVDF:0.2413793103448276	IMMGVPLY:0.20689655172413793	RGVSYWVL:0.20689655172413793	LRGVSYWV:0.20689655172413793	EDARSVQA:0.20689655172413793	DARSVQAK:0.20689655172413793	GWAGGRPW:0.20689655172413793	KIMMGVPL:0.20689655172413793	HGEIVDFV:0.2413793103448276	GGRPWAIA:0.20689655172413793	WAGGRPWA:0.20689655172413793	PLYGYDWT:0.27586206896551724	PPMAVAPI:0.20689655172413793	GYDWTLPY:0.3448275862068966	VDFVIIMT:0.2413793103448276	FVIIMTYE:0.27586206896551724	YGLRGVSY:0.2413793103448276	SGGPPMAV:0.20689655172413793	WGWSGGPP:0.27586206896551724	TYEWGWSG:0.3448275862068966	GPPMAVAP:0.2413793103448276	IMTYEWGW:0.3103448275862069	TALAPKTY:0.20689655172413793	IIMTYEWG:0.27586206896551724	VVWFEDAR:0.27586206896551724	GWSGGPPM:0.20689655172413793	VAPINEVR:0.20689655172413793	LYGYDWTL:0.27586206896551724	VIIMTYEW:0.27586206896551724	HVVWFEDA:0.27586206896551724	YEWGWSGG:0.3448275862068966	EWGWSGGP:0.3448275862068966	PINEVRKV:0.20689655172413793	ALAPKTYD:0.20689655172413793	PMAVAPIN:0.20689655172413793	EYGLRGVS:0.27586206896551724	GGPPMAVA:0.2413793103448276	APINEVRK:0.20689655172413793	MTYEWGWS:0.3448275862068966	YGYDWTLP:0.3448275862068966	DFVIIMTY:0.27586206896551724	GLRGVSYW:0.2413793103448276	IVDFVIIM:0.2413793103448276	AVAPINEV:0.20689655172413793	WSGGPPMA:0.20689655172413793	YAVTAIPR:0.20689655172413793	PGDSLWSI:0.20689655172413793	AHDYRAHG:0.20689655172413793	
