cluster number:222
CBM50:83	CBM50:83|GH23:77
DAIAQCES:0.21686746987951808	HINTGNGY:0.39759036144578314	WDAIAQCE:0.21686746987951808	SGGNWHIN:0.3373493975903614	TGNGYYGG:0.7469879518072289	GQGIGAWP:0.39759036144578314	GNWHINTG:0.3493975903614458	QCESGGNW:0.3855421686746988	CESGGNWH:0.3493975903614458	IAQCESGG:0.3855421686746988	NTGNGYYG:0.7228915662650602	NWHINTGN:0.3493975903614458	GNGYYGGL:0.7469879518072289	YYGGLQFS:0.6144578313253012	ESGGNWHI:0.3493975903614458	NWDAIAQC:0.21686746987951808	GGNWHINT:0.3373493975903614	WHINTGNG:0.40963855421686746	AQCESGGN:0.3855421686746988	GYYGGLQF:0.7469879518072289	NGYYGGLQ:0.7469879518072289	INTGNGYY:0.5903614457831325	AALLAPLG:0.20481927710843373	YGGLQFSA:0.25301204819277107	ALLAPLGL:0.20481927710843373	VWDRIAQC:0.25301204819277107	TWRAYGGT:0.2891566265060241	AQGWGAWP:0.3132530120481928	AYGGTAYA:0.2289156626506024	GVWDRIAQ:0.25301204819277107	LLAPLGLL:0.2289156626506024	RIAQCESG:0.25301204819277107	DRIAQCES:0.25301204819277107	WDRIAQCE:0.25301204819277107	GAALLAPL:0.21686746987951808	GIGAWPVC:0.21686746987951808	IGAWPVCG:0.21686746987951808	QGIGAWPV:0.21686746987951808	
