cluster number:82
CBM50:11	CBM50:11
VIPVLKSK:0.6363636363636364	QGGSVAVN:0.36363636363636365	YEQEHHMP:0.45454545454545453	VLFSFLFA:0.36363636363636365	DKKEYVTI:0.45454545454545453	RWVVDVNH:0.45454545454545453	GFVYASSP:0.45454545454545453	EFIRWVVD:0.5454545454545454	VTITVAPG:0.36363636363636365	SSPVDKKE:0.36363636363636365	VLAGFVYA:0.45454545454545453	QYEQEHHM:0.45454545454545453	SKQGGSVA:0.36363636363636365	WGLAKQYE:0.5454545454545454	KEYVTITV:0.45454545454545453	NHLPSPRL:0.36363636363636365	ASSPVDKK:0.36363636363636365	ALVLAGFV:0.45454545454545453	EQIVIPVL:0.6363636363636364	EHHMPPDE:0.36363636363636365	IRWVVDVN:0.5454545454545454	KSKQGGSV:0.36363636363636365	SPRLAAGE:0.36363636363636365	VAPGDTLW:0.7272727272727273	FVYASSPV:0.36363636363636365	VVDVNHLP:0.45454545454545453	KQYEQEHH:0.45454545454545453	QIVIPVLK:0.6363636363636364	IPVLKSKQ:0.45454545454545453	LAGFVYAS:0.5454545454545454	YASSPVDK:0.36363636363636365	VLKSKQGG:0.36363636363636365	FSFLFALV:0.45454545454545453	IVIPVLKS:0.6363636363636364	YVLFSFLF:0.36363636363636365	APGDTLWG:0.45454545454545453	VYASSPVD:0.36363636363636365	DTLWGLAK:0.5454545454545454	GGSVAVNQ:0.36363636363636365	KTLLHYVL:0.36363636363636365	AGEQIVIP:0.6363636363636364	TLLHYVLF:0.36363636363636365	GLAKQYEQ:0.45454545454545453	ITVAPGDT:0.45454545454545453	PGDTLWGL:0.5454545454545454	QEHHMPPD:0.36363636363636365	DVNHLPSP:0.45454545454545453	PVLKSKQG:0.36363636363636365	LVLAGFVY:0.45454545454545453	LKSKQGGS:0.36363636363636365	RLAAGEQI:0.36363636363636365	TVAPGDTL:0.7272727272727273	FALVLAGF:0.45454545454545453	VDKKEYVT:0.45454545454545453	GDTLWGLA:0.7272727272727273	LPSPRLAA:0.36363636363636365	KKEYVTIT:0.45454545454545453	LHYVLFSF:0.36363636363636365	HHMPPDEF:0.36363636363636365	PDEFIRWV:0.45454545454545453	LLHYVLFS:0.36363636363636365	TITVAPGD:0.36363636363636365	GEQIVIPV:0.6363636363636364	LFSFLFAL:0.45454545454545453	AKQYEQEH:0.45454545454545453	SFLFALVL:0.45454545454545453	SPVDKKEY:0.36363636363636365	PRLAAGEQ:0.36363636363636365	LFALVLAG:0.45454545454545453	PPDEFIRW:0.36363636363636365	PVDKKEYV:0.45454545454545453	EYVTITVA:0.36363636363636365	PSPRLAAG:0.36363636363636365	HLPSPRLA:0.36363636363636365	LWGLAKQY:0.5454545454545454	VDVNHLPS:0.45454545454545453	AGFVYASS:0.36363636363636365	FLFALVLA:0.45454545454545453	LAAGEQIV:0.45454545454545453	TLWGLAKQ:0.5454545454545454	LAKQYEQE:0.45454545454545453	WVVDVNHL:0.45454545454545453	KQGGSVAV:0.36363636363636365	AAGEQIVI:0.45454545454545453	YVTITVAP:0.36363636363636365	EQEHHMPP:0.45454545454545453	DEFIRWVV:0.45454545454545453	FIRWVVDV:0.5454545454545454	HYVLFSFL:0.36363636363636365	VNHLPSPR:0.36363636363636365	MPPDEFIR:0.36363636363636365	HMPPDEFI:0.36363636363636365	MGKTLLHY:0.2727272727272727	APGDTLWD:0.2727272727272727	
