cluster number:436
CBM50:6	CBM50:6
NALPSGSL:0.3333333333333333	APDADPRD:0.3333333333333333	IMRLNALP:0.3333333333333333	PGDTLWSI:0.6666666666666666	PRDVVDAI:0.3333333333333333	VQPGDTLW:0.6666666666666666	TIDILGAS:0.3333333333333333	ADPRDVVD:0.3333333333333333	VDAIMRLN:0.3333333333333333	RDVVDAIM:0.3333333333333333	RLNALPSG:0.3333333333333333	LNALPSGS:0.3333333333333333	PDADPRDV:0.3333333333333333	TVQPGDTL:0.6666666666666666	MRLNALPS:0.3333333333333333	AIMRLNAL:0.5	MTTIDILG:0.3333333333333333	DILGASPR:0.3333333333333333	ALPSGSLD:0.3333333333333333	DVVDAIMR:0.3333333333333333	TTIDILGA:0.3333333333333333	DAIMRLNA:0.5	IDILGASP:0.3333333333333333	GDTLWSIA:0.6666666666666666	VTVQPGDT:0.6666666666666666	DPRDVVDA:0.3333333333333333	VVDAIMRL:0.3333333333333333	QPGDTLWS:0.6666666666666666	LRLTRRGR:0.3333333333333333	DTLWSIAE:0.5	RLRLTRRG:0.3333333333333333	TRLRLTRR:0.3333333333333333	ETVTVQPG:0.3333333333333333	TVTVQPGD:0.3333333333333333	
