cluster number:123
CBM50:102	CBM50:102|GH23:100
RRPRQAPA:0.803921568627451	VVAAGVTG:0.35294117647058826	IAIPLLGA:0.5	GSAIAIPL:0.5392156862745098	GNGYYGGL:0.49019607843137253	GNGRHRRP:0.7352941176470589	NGRHRRPR:0.8529411764705882	GVTGSAIA:0.5980392156862745	SAIAIPLL:0.5098039215686274	GRHRRPRQ:0.8921568627450981	NGYYGGLQ:0.47058823529411764	AIAIPLLG:0.5	ADLASRSQ:0.2549019607843137	SGNGRHRR:0.7254901960784313	VTGSAIAI:0.5490196078431373	LASRSQQI:0.4411764705882353	MLSGNGRH:0.46078431372549017	AGVTGSAI:0.5980392156862745	RHRRPRQA:0.803921568627451	SGRHASRG:0.27450980392156865	DLASRSQQ:0.4411764705882353	TGSAIAIP:0.5490196078431373	AAGVTGSA:0.6274509803921569	VAAGVTGS:0.6176470588235294	HRRPRQAP:0.803921568627451	LSGNGRHR:0.46078431372549017	WDRVAECE:0.35294117647058826	RVAECESG:0.29411764705882354	SRSQQIAV:0.37254901960784315	SQQIAVAE:0.3627450980392157	ASRSQQIA:0.37254901960784315	PDLILPGQ:0.2647058823529412	TWDRVAEC:0.27450980392156865	RSQQIAVA:0.37254901960784315	DRVAECES:0.29411764705882354	VAECESGG:0.5490196078431373	RPRQAPAL:0.4117647058823529	DPDLILPG:0.27450980392156865	RSGNGRHR:0.2647058823529412	MRSGNGRH:0.2647058823529412	ESGGMWSA:0.2549019607843137	CESGGMWS:0.2549019607843137	AECESGGM:0.22549019607843138	ECESGGMW:0.22549019607843138	RPRQAPAI:0.29411764705882354	QQIAVAEK:0.30392156862745096	GYYGGLQL:0.22549019607843138	
