cluster number:560
CBM50:12	CBM50:12
PGQVLVLP:0.3333333333333333	GTVTFTIG:0.25	NLWTISRR:0.25	VVRVEPNG:0.3333333333333333	DAVIAGRA:0.25	ISRRTYGE:0.3333333333333333	RRTYGEGE:0.3333333333333333	GEGERYTL:0.25	AEVPFTAP:0.25	AVIAGRAA:0.25	EPNGDAVI:0.3333333333333333	FDVVRVEP:0.3333333333333333	TYGEGERY:0.25	KVRDRAEV:0.25	RDPDLIYP:0.6666666666666666	PNGDAVIA:0.3333333333333333	IYPGQVLV:0.4166666666666667	RAEVPFTA:0.25	SRRTYGEG:0.3333333333333333	DLIYPGQV:0.9166666666666666	VIAGRAAP:0.25	RVAVVVAP:0.25	RVEPNGDA:0.3333333333333333	AGRAAPNA:0.25	TGKVRDRA:0.25	DGTVTFTI:0.25	RTYGEGER:0.3333333333333333	PDLIYPGQ:0.9166666666666666	APATVGRD:0.25	YGEGERYT:0.25	DVVRVEPN:0.3333333333333333	DPDLIYPG:0.9166666666666666	NGDAVIAG:0.3333333333333333	LIYPGQVL:0.5	VEPNGDAV:0.3333333333333333	IAGRAAPN:0.25	YPGQVLVL:0.3333333333333333	VRVEPNGD:0.3333333333333333	GDNLWTIS:0.25	EGERYTLI:0.25	GKVRDRAE:0.25	DNLWTISR:0.25	PATVGRDG:0.25	VAVVVAPA:0.25	GDAVIAGR:0.25	PGQVFVLP:0.4166666666666667	YPGQVFVL:0.4166666666666667	IRDPDLIY:0.5	LIYPGQVF:0.4166666666666667	IYPGQVFV:0.4166666666666667	NQDQIRDP:0.25	DQIRDPDL:0.25	QIRDPDLI:0.3333333333333333	QDQIRDPD:0.25	GDSLWRIS:0.25	ANQDQIRD:0.25	
