cluster number:340
CBM50:261	CBM50:261|GH25:246|GH24:1|GH73:1|3.2.1.17:1
TIYPGQRL:0.2681992337164751	VKSGDSWW:0.23371647509578544	TTLASQNG:0.21839080459770116	YTVKSGDS:0.24521072796934865	IYPGQRLV:0.2720306513409962	PGQRLVVR:0.25287356321839083	TYYTVKSG:0.23371647509578544	IYTTIYPG:0.25287356321839083	YYTVKSGD:0.26053639846743293	TVKSGDSW:0.23371647509578544	MTTLASQN:0.2222222222222222	YPGQRLVV:0.2720306513409962	TLASQNGK:0.2413793103448276	TTIYPGQR:0.25287356321839083	HTYYTVKS:0.23754789272030652	YTTIYPGQ:0.25287356321839083	LTGITDNG:0.2796934865900383	EFPNSLWI:0.26436781609195403	TGITDNGY:0.2796934865900383	VDLTGITD:0.3333333333333333	DLTGITDN:0.2796934865900383	FPNSLWIA:0.26436781609195403	KEFPNSLW:0.24904214559386972	KNSIVALD:0.210727969348659	GKRAHTYI:0.3831417624521073	QGKRAHTY:0.3486590038314176	AQGKRAHT:0.3486590038314176	GVDWSKYN:0.2222222222222222	GNVDLTGI:0.47509578544061304	KAAGYTPM:0.20689655172413793	GDTLSGIA:0.23371647509578544	QTPKNSIV:0.210727969348659	QGVDWSKY:0.2413793103448276	GGLDGNVD:0.5210727969348659	FTSTYVAG:0.210727969348659	NVDLTGIT:0.4789272030651341	LDGNVDLT:0.4904214559386973	AGYTPMYY:0.24521072796934865	AGGLDGNV:0.47509578544061304	IAQGKRAH:0.3448275862068966	IQTPKNSI:0.210727969348659	TYVAGGLD:0.20306513409961685	SLWIAAYP:0.2222222222222222	NSLWIAAY:0.24521072796934865	DQGVDWSK:0.21455938697318008	GLDGNVDL:0.5172413793103449	TSTYVAGG:0.20306513409961685	YVAGGLDG:0.20689655172413793	PKNSIVAL:0.210727969348659	PNSLWIAA:0.24521072796934865	TPKNSIVA:0.210727969348659	GDQGVDWS:0.23371647509578544	GDNLSSIA:0.23754789272030652	SIVALDYE:0.4904214559386973	STYVAGGL:0.20306513409961685	DGNVDLTG:0.4827586206896552	RAHTYIWY:0.2260536398467433	KRAHTYIW:0.3371647509578544	QFTSTYVA:0.210727969348659	GYTPMYYS:0.2950191570881226	VDWSKYNG:0.21839080459770116	PSMDGVAI:0.20306513409961685	TPMYYSYK:0.24521072796934865	PMYYSYKP:0.24904214559386972	FPSMDGVA:0.21455938697318008	YTPMYYSY:0.24521072796934865	ALDYEDGA:0.24904214559386972	LDYEDGAS:0.24904214559386972	LWLAEYPD:0.210727969348659	IVALDYED:0.24521072796934865	AGYTPMLY:0.2413793103448276	TPKGSIVA:0.47126436781609193	VALDYEDG:0.24521072796934865	KGSIVALD:0.4674329501915709	WLAEYPDY:0.20689655172413793	GSIVALDY:0.3371647509578544	PKGSIVAL:0.4674329501915709	AIAQGKRA:0.210727969348659	QVASAIAQ:0.20689655172413793	SAIAQGKR:0.210727969348659	ASAIAQGK:0.20689655172413793	VASAIAQG:0.20689655172413793	QTPKGSIV:0.28735632183908044	
