cluster number:530
CBM50:7	CBM50:7
LVGEECKQ:0.2857142857142857	VTARITET:0.2857142857142857	AKMDGCDL:0.42857142857142855	NTEQTIVR:0.42857142857142855	VGEECKQV:0.2857142857142857	GQVIKIPC:0.42857142857142855	VGQVIKIP:0.42857142857142855	VEDVSLTR:0.42857142857142855	KTFIDVPG:0.5714285714285714	TARITETR:0.2857142857142857	DVPGARPD:0.2857142857142857	ENTEQTIV:0.42857142857142855	TEQTIVRG:0.42857142857142855	CKQVVIRD:0.2857142857142857	VEVIPDKV:0.2857142857142857	TFIDVPGA:0.5714285714285714	DQSVHTFH:0.2857142857142857	TLSKLAQR:0.5714285714285714	AENTEQTI:0.2857142857142857	KVEVIPDK:0.2857142857142857	VPGARPDD:0.2857142857142857	SKLAQRYG:0.42857142857142855	EECKQVVI:0.2857142857142857	FKTFIDVP:0.5714285714285714	DTLSKLAQ:0.5714285714285714	VVEDVSLT:0.42857142857142855	FIDVPGAR:0.5714285714285714	CMCDVEIT:0.42857142857142855	AQRYGTTV:0.42857142857142855	KDDQSVHT:0.2857142857142857	VEGARPGM:0.42857142857142855	GEECKQVV:0.2857142857142857	LSKLAQRY:0.42857142857142855	ARITETRE:0.2857142857142857	KLAQRYGT:0.42857142857142855	RITETREV:0.2857142857142857	NAKMDGCD:0.42857142857142855	KPDVDKVR:0.42857142857142855	CARVTETV:0.2857142857142857	EVIPDKVI:0.2857142857142857	DDQSVHTF:0.2857142857142857	IDVPGARP:0.42857142857142855	GDTLSKLA:0.5714285714285714	EQTIVRGT:0.2857142857142857	DVIQDKVL:0.2857142857142857	MCDVEITN:0.2857142857142857	IVVEDVSL:0.2857142857142857	TVGQVIKI:0.2857142857142857	DIVVEDVS:0.2857142857142857	LAQRYGTT:0.42857142857142855	TDFIEVEG:0.2857142857142857	DVEVEWAN:0.2857142857142857	IPNKVIVE:0.2857142857142857	RYGTTVQA:0.2857142857142857	GTTFNYTI:0.42857142857142855	IIPNKVIV:0.2857142857142857	PDIEEILS:0.2857142857142857	PGACVPGT:0.2857142857142857	NPEITNPN:0.2857142857142857	CVPGTTFN:0.42857142857142855	TTFNYTIV:0.2857142857142857	ARPGMDAE:0.2857142857142857	KMDGCDLV:0.2857142857142857	WANAKMDG:0.2857142857142857	GARPGMDA:0.2857142857142857	EGARPGMD:0.2857142857142857	PGTTFNYT:0.42857142857142855	GDVVIKDV:0.2857142857142857	FIEVEGAR:0.2857142857142857	KIPCVAKG:0.42857142857142855	QRYGTTVQ:0.2857142857142857	TDIEGADV:0.2857142857142857	IKIPCVAK:0.42857142857142855	EWANAKMD:0.2857142857142857	IDVEVEWA:0.2857142857142857	VPGTTFNY:0.42857142857142855	GACVPGTT:0.2857142857142857	VEWANAKM:0.2857142857142857	IEVEGARP:0.2857142857142857	FTDFIEVE:0.2857142857142857	YGTTVQAI:0.2857142857142857	ANAKMDGC:0.2857142857142857	VVIKDVDV:0.2857142857142857	ACVPGTTF:0.2857142857142857	DVVIKDVD:0.2857142857142857	KCMCDVEI:0.2857142857142857	EVEGARPG:0.2857142857142857	EDVSLTRD:0.2857142857142857	RPGMDAEI:0.2857142857142857	VIKDVDVI:0.2857142857142857	DIDVEVEW:0.2857142857142857	VIKIPCVA:0.42857142857142855	DFIEVEGA:0.2857142857142857	NPQITNPN:0.2857142857142857	QITNPNLI:0.2857142857142857	PQITNPNL:0.2857142857142857	VDAMVESC:0.2857142857142857	VVTDIEGA:0.2857142857142857	VDVVTDIE:0.2857142857142857	GKPDVDKV:0.2857142857142857	DVIKIPCV:0.2857142857142857	PAGKPDVD:0.2857142857142857	VGDVIKIP:0.2857142857142857	AGKPDVDK:0.2857142857142857	DVVTDIEG:0.2857142857142857	PDVDKVRE:0.2857142857142857	GDVIKIPC:0.2857142857142857	DVDKVREI:0.2857142857142857	VDKVREIT:0.2857142857142857	NVGDVIKI:0.2857142857142857	AFEKDQSV:0.2857142857142857	FEKDQSVH:0.2857142857142857	
