cluster number:213
CBM50:13	CBM50:13
SWAAIAQK:1.0	REERKNKQ:0.9230769230769231	AIAQKYGI:1.0	QAVREERK:0.9230769230769231	APWWTALL:0.5384615384615384	WAAIAQKY:1.0	LAAVPLIT:0.7692307692307693	KQAPWWTA:0.5384615384615384	GLDTSSTL:1.0	RQQAVREE:0.8461538461538461	LARQQAVR:0.9230769230769231	PLSRLARQ:0.9230769230769231	DSWAAIAQ:1.0	AQKPLSRL:1.0	LLIAVMMA:1.0	KYGISAEE:1.0	ITSQNSDY:1.0	QKLKIKQA:0.6923076923076923	WWTALLIA:0.6923076923076923	TSKAKPAP:0.6153846153846154	AVPLITSQ:0.7692307692307693	PQAKKEQA:0.9230769230769231	SQNSDYAV:1.0	AVPQAKKE:0.9230769230769231	AKKEQAKP:1.0	AVREERKN:0.9230769230769231	LITSQNSD:1.0	EQNGLDTS:1.0	QQAVREER:0.9230769230769231	WTALLIAV:0.6923076923076923	AAIAQKYG:1.0	IAVMMALA:1.0	AKPAPKVK:0.7692307692307693	YGISAEEL:1.0	QKPLSRLA:1.0	VGQKLKIK:1.0	KLKIKQAK:0.6923076923076923	QKYGISAE:1.0	KVKTYVVK:1.0	NSDYAVPQ:0.9230769230769231	TLAVGQKL:1.0	KAKPAPKV:0.6923076923076923	NAQKPLSR:1.0	AVGQKLKI:1.0	LAEQNGLD:1.0	AVMMALAA:0.7692307692307693	KNKQAPWW:0.8461538461538461	ISAEELAE:1.0	LIAVMMAL:1.0	VVKAGDSW:0.6923076923076923	TSSTLAVG:1.0	QNSDYAVP:0.9230769230769231	PAPKVKTY:0.8461538461538461	QNGLDTSS:1.0	VMMALAAV:0.7692307692307693	SKAKPAPK:0.6153846153846154	KAGDSWAA:0.6923076923076923	VPLITSQN:1.0	TYVVKAGD:0.6923076923076923	PKVKTYVV:1.0	KKEQAKPK:1.0	MDQNAQKP:1.0	RLARQQAV:0.9230769230769231	ALLIAVMM:1.0	ERKNKQAP:0.7692307692307693	EELAEQNG:1.0	GDSWAAIA:1.0	ARQQAVRE:0.9230769230769231	LAVGQKLK:1.0	VPQAKKEQ:0.9230769230769231	SSTLAVGQ:1.0	NGLDTSST:1.0	QAKKEQAK:1.0	ELAEQNGL:1.0	VREERKNK:0.9230769230769231	AEELAEQN:1.0	AGDSWAAI:0.6923076923076923	QAPWWTAL:0.5384615384615384	KTSKAKPA:0.6153846153846154	KPAPKVKT:0.8461538461538461	QNAQKPLS:1.0	SAEELAEQ:1.0	AAVPLITS:0.7692307692307693	KPLSRLAR:0.9230769230769231	VKTYVVKA:0.6923076923076923	STLAVGQK:1.0	RKNKQAPW:0.8461538461538461	IAQKYGIS:1.0	AEQNGLDT:1.0	DTSSTLAV:1.0	TALLIAVM:0.6923076923076923	KEQAKPKP:0.7692307692307693	DQNAQKPL:1.0	EKTSKAKP:0.6153846153846154	MMALAAVP:0.7692307692307693	KTYVVKAG:0.6923076923076923	TSQNSDYA:1.0	GISAEELA:1.0	ALAAVPLI:0.7692307692307693	AQKYGISA:1.0	EQAKPKPA:0.6923076923076923	NKQAPWWT:0.5384615384615384	YAVPQAKK:0.9230769230769231	EERKNKQA:0.9230769230769231	SDYAVPQA:0.9230769230769231	GQKLKIKQ:1.0	LSRLARQQ:0.9230769230769231	LDTSSTLA:1.0	VKAGDSWA:0.6923076923076923	YVVKAGDS:0.6923076923076923	SRLARQQA:0.9230769230769231	PLITSQNS:1.0	APKVKTYV:1.0	PWWTALLI:0.5384615384615384	MALAAVPL:0.7692307692307693	DYAVPQAK:0.9230769230769231	KTYVVKSG:0.3076923076923077	KEQAKPKS:0.23076923076923078	QAPWWAAL:0.3076923076923077	PWWAALLI:0.3076923076923077	PKSAAEKT:0.23076923076923078	AVVPLITS:0.23076923076923078	KPKSAAEK:0.23076923076923078	LAVVPLIT:0.23076923076923078	MALAVVPL:0.23076923076923078	AVMMALAV:0.23076923076923078	VKTYVVKS:0.3076923076923077	WWAALLIA:0.3076923076923077	ALAVVPLI:0.23076923076923078	APWWAALL:0.3076923076923077	QKLKIKQV:0.3076923076923077	WAALLIAV:0.3076923076923077	YVVKSGDS:0.3076923076923077	KSGDSWAA:0.3076923076923077	MMALAVVP:0.23076923076923078	VMMALAVV:0.23076923076923078	AALLIAVM:0.3076923076923077	VVKSGDSW:0.3076923076923077	QAKPKSAA:0.23076923076923078	NKQAPWWA:0.3076923076923077	KQAPWWAA:0.3076923076923077	AKPKSAAE:0.23076923076923078	KLKIKQVK:0.3076923076923077	EQAKPKSA:0.23076923076923078	VVPLITSQ:0.23076923076923078	VKSGDSWA:0.3076923076923077	SGDSWAAI:0.3076923076923077	TYVVKSGD:0.3076923076923077	AEKTSKAK:0.6923076923076923	AAEKTSKA:0.6153846153846154	AKPKPAAE:0.5384615384615384	QAKPKPAA:0.5384615384615384	KPKPAAEK:0.5384615384615384	PAAEKTSK:0.5384615384615384	KPAAEKTS:0.5384615384615384	PKPAAEKT:0.5384615384615384	
