cluster number:389
CBM50:11	CBM50:11
IGVMGSTG:0.36363636363636365	SILAADNG:0.2727272727272727	TGVHLHFE:0.6363636363636364	VHLHFEVY:0.45454545454545453	GVHLHFEV:0.5454545454545454	HLDSISVS:0.2727272727272727	VGGYISSH:0.2727272727272727	AHLDSISV:0.36363636363636365	KIGVMGST:0.2727272727272727	PAVGGYIS:0.36363636363636365	YAHLDSIS:0.36363636363636365	AVGGYISS:0.36363636363636365	GSKIGVMG:0.2727272727272727	STGVHLHF:0.6363636363636364	WPAVGGYI:0.2727272727272727	RSILAADN:0.2727272727272727	MGSTGDST:0.36363636363636365	RWGKMHKG:0.2727272727272727	GIDIARPS:0.8181818181818182	GSTGDSTG:0.36363636363636365	KGIDIARP:0.6363636363636364	TKVIPSRG:0.45454545454545453	HKGIDIAR:0.6363636363636364	NGYRTLYA:0.2727272727272727	DHQNGYRT:0.2727272727272727	YRWGKMHK:0.2727272727272727	MHKGIDIA:0.2727272727272727	GYRTLYAH:0.2727272727272727	WGKMHKGI:0.2727272727272727	LLNKGTLE:0.2727272727272727	HLHFEVYK:0.45454545454545453	YRTLYAHL:0.2727272727272727	IDHQNGYR:0.2727272727272727	LHFEVYKN:0.45454545454545453	KMHKGIDI:0.2727272727272727	GTKVIPSR:0.45454545454545453	GYRWGKMH:0.2727272727272727	GKMHKGID:0.2727272727272727	HFEVYKNG:0.45454545454545453	KGTKVIPS:0.36363636363636365	GDVLGKIA:0.2727272727272727	TIKAADNG:0.6363636363636364	GNKIVIDH:0.45454545454545453	IKAADNGT:0.2727272727272727	YGNKIVID:0.45454545454545453	AADNGTVV:0.2727272727272727	KAADNGTV:0.2727272727272727	AHLSSIDV:0.2727272727272727	YAHLSSID:0.2727272727272727	IDIARPSN:0.5454545454545454	GKLHKGID:0.36363636363636365	DIARPSNR:0.36363636363636365	AWPAVGGY:0.2727272727272727	KLHKGIDI:0.36363636363636365	LHKGIDIA:0.36363636363636365	AVGGYVSS:0.2727272727272727	WGKLHKGI:0.2727272727272727	RWGKLHKG:0.2727272727272727	RTIKAADN:0.2727272727272727	PAVGGYVS:0.2727272727272727	WPAVGGYV:0.2727272727272727	VIPSRGTG:0.2727272727272727	KVIPSRGT:0.2727272727272727	GGYGNKIV:0.2727272727272727	GYGNKIVI:0.2727272727272727	VYAHLDSI:0.2727272727272727	TVYAHLDS:0.2727272727272727	
