cluster number:160
CBM50:32	CBM50:32|CE4:24
TKPIFRAP:0.5625	IVLMHTGA:0.53125	SGDTLYSI:0.25	NLISVGQV:0.28125	VALTFDDG:0.6875	NHSYSHPD:0.4375	TVKSGDTL:0.375	VGQVLKIP:0.25	TYTVKSGD:0.21875	ALAKANNI:0.40625	NVKATFFL:0.25	GSIVLMHT:0.53125	IVPGSIVL:0.4375	HQIGNHSY:0.25	VKATFFLT:0.34375	YTVKSGDT:0.375	LYSIARKY:0.28125	VKSGDTLY:0.34375	DTLYSIAR:0.59375	GNHSYSHP:0.40625	IGNHSYSH:0.25	IFRAPFGA:0.5625	AKANNITN:0.40625	KPIFRAPF:0.5625	HTGAGASG:0.4375	TIQWNIDT:0.5	LISVGQVL:0.28125	GAGASGTP:0.40625	LMHTGAGA:0.625	PIFRAPFG:0.59375	NIVPGSIV:0.4375	MHTGAGAS:0.4375	SYSHPDFT:0.4375	NNVKATFF:0.28125	FVTVSELL:0.28125	KSGDTLYS:0.25	RAPFGASN:0.46875	VPGSIVLM:0.46875	FRAPFGAS:0.46875	VLMHTGAG:0.53125	KVVALTFD:0.5625	TGAGASGT:0.4375	TTKPIFRA:0.3125	VVALTFDD:0.5625	PGSIVLMH:0.53125	GDTLYSIA:0.78125	SIVLMHTG:0.53125	KATFFLTG:0.40625	TLYSIARK:0.28125	LAKANNIT:0.375	HSYSHPDF:0.4375	YTVKAGDT:0.625	TFDDGSDG:0.5625	TTSKVVAL:0.34375	TVKAGDTL:0.625	TYTVKAGD:0.28125	NITNYNLI:0.375	LTFDDGSD:0.5625	KAKGYKFV:0.375	TSKVVALT:0.34375	VKAGDTLY:0.5625	ANNITNYN:0.375	AGDTLYSI:0.5625	NNITNYNL:0.375	KANNITNY:0.375	LKAKGYKF:0.375	ALTFDDGS:0.5625	AKGYKFVT:0.375	KAGDTLYS:0.53125	VGQVLVIP:0.34375	SKVVALTF:0.375	LYSIAKKY:0.21875	VGQVLTIP:0.34375	GASGTPGA:0.3125	TLYSIAKK:0.21875	THTIQWNI:0.25	ATFFLTGS:0.46875	DGSDGTNI:0.46875	VKYTVKAG:0.28125	KLKAKGYK:0.25	IDTVDWKG:0.34375	MISKLKAK:0.40625	AGASGTPG:0.3125	SDGTNINK:0.3125	DTVDWKGV:0.28125	GMISKLKA:0.25	NIDTVDWK:0.28125	TFFLTGSG:0.5	FFLTGSGA:0.375	FDDGSDGT:0.5	KYTVKAGD:0.375	DGTNINKI:0.375	GTNINKIL:0.375	SGTPGALP:0.3125	PGMISKLK:0.25	HTIQWNID:0.28125	FLTGSGAK:0.25	LPGMISKL:0.25	SKLKAKGY:0.40625	APFGASNA:0.25	DDGSDGTN:0.5	AGYTHTIQ:0.25	TVDWKGVS:0.28125	VDWKGVSS:0.25	GYKFVTVS:0.28125	VGDAGYTH:0.25	WNIDTVDW:0.28125	GYTHTIQW:0.25	KGYKFVTV:0.28125	QWNIDTVD:0.28125	TNINKILD:0.28125	YSHPDFTK:0.28125	NNIVPGSI:0.3125	GDAGYTHT:0.25	GSDGTNIN:0.3125	IQWNIDTV:0.21875	YTHTIQWN:0.25	ALPGMISK:0.25	DTLYSIAK:0.25	ISKLKAKG:0.40625	DAGYTHTI:0.25	ASGTPGAL:0.3125	NTTSKVVA:0.25	NLIRVGQV:0.25	LIRVGQVL:0.25	KSTKPIFR:0.25	STKPIFRA:0.25	GKSTKPIF:0.25	GNTTSKVV:0.21875	TGKSTKPI:0.25	KGNTTSKV:0.21875	YSIARKYN:0.21875	IRVGQVLV:0.21875	RVGQVLVI:0.21875	
