cluster number:621
CBM50:27	CBM50:27
LMAIDSAK:0.25925925925925924	LDFYAGAL:0.2962962962962963	PVISPLSK:0.4444444444444444	GALMAIDS:0.4444444444444444	GFDVTFDT:0.37037037037037035	ATRGFDVT:0.2962962962962963	NMTLDFYA:0.2962962962962963	MTLDFYAG:0.2962962962962963	RGFDVTFD:0.37037037037037035	AKETLYSL:0.2222222222222222	QFATRGFD:0.2222222222222222	ALMAIDSA:0.25925925925925924	TLDFYAGA:0.2962962962962963	FLNMTLDF:0.7777777777777778	VISPLSKD:0.37037037037037035	LNMTLDFY:0.7777777777777778	FYSGALMA:0.4074074074074074	TLDFYSGA:0.5185185185185185	DFYSGALM:0.4074074074074074	SGALMAID:0.3333333333333333	YSGALMAI:0.3333333333333333	LDFYSGAL:0.4074074074074074	LDYDEIPM:0.2222222222222222	IYQLNPDA:0.25925925925925924	KETLYGIS:0.2222222222222222	TKFGIAKQ:0.2222222222222222	NMTLDFYS:0.48148148148148145	PKETLYSL:0.2222222222222222	DKFLNMTL:0.5925925925925926	KETKFGIA:0.2222222222222222	KFGIAKQY:0.2222222222222222	ETKFGIAK:0.2222222222222222	MTLDFYSG:0.48148148148148145	MRSKNGNI:0.2222222222222222	VPVISPLS:0.3333333333333333	IGPFYQSN:0.2222222222222222	KETLYSLS:0.2962962962962963	ANKGVYIL:0.2962962962962963	KFLNMTLD:0.6296296296296297	ALLLPFNL:0.2222222222222222	ARLKKDKF:0.2962962962962963	ILYYDTDL:0.3333333333333333	RLKKDKFL:0.4444444444444444	LKKDKFLN:0.48148148148148145	YILYYDTD:0.2962962962962963	KDKFLNMT:0.48148148148148145	KKDKFLNM:0.48148148148148145	AIIGPFYQ:0.37037037037037035	AGALVAID:0.2222222222222222	IAKKYQVT:0.2222222222222222	GALVAIDS:0.2222222222222222	YQLNPDAQ:0.2222222222222222	DFYAGALV:0.2222222222222222	FYAGALVA:0.2222222222222222	YAGALVAI:0.2222222222222222	LYYDTDLT:0.2222222222222222	YDTDLTIK:0.37037037037037035	GPFYQNNV:0.37037037037037035	FYQNNVEK:0.37037037037037035	LDQDTINS:0.3333333333333333	QDTINSTK:0.3333333333333333	IAIVDPKK:0.2222222222222222	IIGPFYQN:0.3333333333333333	PFYQNNVE:0.37037037037037035	DAIIGPFY:0.3333333333333333	IGPFYQNN:0.3333333333333333	LGENEALD:0.3333333333333333	RLTKLKMH:0.3333333333333333	NIIAIVDP:0.2222222222222222	LTKLKMHY:0.3333333333333333	IIAIVDPK:0.2222222222222222	TKLKMHYP:0.3333333333333333	KLDQDTIN:0.3333333333333333	KLKMHYPS:0.3333333333333333	DQDTINST:0.3333333333333333	ALLLPFNI:0.25925925925925924	LYSLSKLY:0.2222222222222222	YSLSKLYD:0.2222222222222222	ETLYSLSK:0.2962962962962963	TLYSLSKL:0.2222222222222222	DTDLTIKE:0.2222222222222222	YANKGVYI:0.2222222222222222	GYANKGVY:0.2222222222222222	DLTIKEAK:0.2222222222222222	RGFDITFD:0.2222222222222222	KGETITQI:0.2222222222222222	TDLTIKEA:0.2222222222222222	LALLLPFN:0.2962962962962963	
