cluster number:568
CBM50:11	CBM50:11|GH25:9
WPFAAAWQ:0.36363636363636365	VSPWPFAA:0.2727272727272727	PFAAAWQY:0.36363636363636365	FAAAWQYS:0.5454545454545454	GLWVAGYP:0.5454545454545454	GDTMSAIA:0.2727272727272727	VNWFYGDA:0.45454545454545453	IPVLDWEP:0.45454545454545453	SPWPFAAA:0.2727272727272727	PWPFAAAW:0.36363636363636365	PVLDWEPS:0.2727272727272727	AAAWQYSS:0.5454545454545454	AAWQYSSS:0.36363636363636365	AWQYSSSG:0.36363636363636365	DVNWFYGD:0.45454545454545453	WFYGDAGT:0.36363636363636365	QLTGYRSG:0.36363636363636365	YHFARPDL:0.5454545454545454	NSPEAEAD:0.6363636363636364	GIAARLGI:0.36363636363636365	RVESAWGV:0.2727272727272727	SQTRGYMH:0.2727272727272727	WEPGGAYN:0.36363636363636365	VESAWGVK:0.2727272727272727	YGLWVAGY:0.45454545454545453	LGNSPEAE:0.5454545454545454	GERLRDPG:0.2727272727272727	WVAGYPRG:0.45454545454545453	PEAEADWF:0.5454545454545454	YPRGYAGE:0.36363636363636365	WLQRVESA:0.2727272727272727	GYMHDGVI:0.2727272727272727	LDWEPGGA:0.2727272727272727	YMHDGVIP:0.2727272727272727	AGERLRDP:0.2727272727272727	RGYAGERL:0.2727272727272727	GNSPEAEA:0.6363636363636364	WWALRWLQ:0.36363636363636365	RRGVYHFA:0.36363636363636365	HFARPDLG:0.5454545454545454	IDVNWFYG:0.36363636363636365	AVIRGDYG:0.36363636363636365	NWFYGDAG:0.36363636363636365	YGDAGTWA:0.45454545454545453	GVYHFARP:0.36363636363636365	RGYMHDGV:0.2727272727272727	RPDLGNSP:0.5454545454545454	SPEAEADW:0.5454545454545454	LRWLQRVE:0.36363636363636365	WALRWLQR:0.36363636363636365	ALRWLQRV:0.36363636363636365	VYHFARPD:0.36363636363636365	TQLTGYRS:0.36363636363636365	MHDGVIPV:0.2727272727272727	AGYPRGYA:0.36363636363636365	DYGLWVAG:0.2727272727272727	GYAGERLR:0.2727272727272727	VIPVLDWE:0.36363636363636365	LQRVESAW:0.2727272727272727	IYMSASVI:0.2727272727272727	GYPRGYAG:0.36363636363636365	ARPDLGNS:0.5454545454545454	ESAWGVKP:0.2727272727272727	HDGVIPVL:0.2727272727272727	QTRGYMHD:0.2727272727272727	VAGYPRGY:0.45454545454545453	DWEPGGAY:0.2727272727272727	DLGNSPEA:0.5454545454545454	RWLQRVES:0.2727272727272727	VIRGDYGN:0.36363636363636365	DGVIPVLD:0.36363636363636365	FARPDLGN:0.5454545454545454	YAGERLRD:0.2727272727272727	RGVYHFAR:0.36363636363636365	PDLGNSPE:0.5454545454545454	TRGYMHDG:0.2727272727272727	QRVESAWG:0.2727272727272727	GVIPVLDW:0.36363636363636365	PRGYAGER:0.2727272727272727	FYGDAGTW:0.36363636363636365	LWVAGYPR:0.45454545454545453	YRSGNPSL:0.2727272727272727	RSGNPSLI:0.2727272727272727	AKRWLDRV:0.2727272727272727	LIYPGEVL:0.2727272727272727	LTGYRSGN:0.2727272727272727	KVTEGNGY:0.36363636363636365	SGNPSLIY:0.2727272727272727	WGVKPLIY:0.36363636363636365	VTEGNGYT:0.36363636363636365	TGYRSGNP:0.2727272727272727	TEGNGYTD:0.36363636363636365	GVKPLIYM:0.2727272727272727	SGIAARLG:0.2727272727272727	GYRSGNPS:0.2727272727272727	LSGIAARL:0.2727272727272727	IAARLGIS:0.2727272727272727	VKPLIYMS:0.2727272727272727	WAKRWLDR:0.2727272727272727	AGTWAKYA:0.2727272727272727	PQQGAPVG:0.2727272727272727	GDAGTWAK:0.2727272727272727	QGAPVGDA:0.2727272727272727	QQGAPVGD:0.2727272727272727	TPQQGAPV:0.2727272727272727	DAGTWAKY:0.2727272727272727	PYVIYPGQ:0.2727272727272727	VIYPGQRL:0.2727272727272727	
