cluster number:451
CBM50:9	CBM50:9|GH73:4
AALESGWG:0.4444444444444444	KATTYIGT:0.3333333333333333	TVKSGDSL:0.4444444444444444	DSLWAIAQ:0.3333333333333333	YTVKSGDS:0.3333333333333333	SLKSLNNL:0.2222222222222222	GDSLWAIA:0.4444444444444444	AQAALESG:0.4444444444444444	SDLIYVGQ:0.2222222222222222	SGDSLWAI:0.4444444444444444	GTTVIMGT:0.2222222222222222	VKWNGYGA:0.2222222222222222	KSGDSLWA:0.5555555555555556	SVKKATTY:0.2222222222222222	SDTIYVGQ:0.2222222222222222	QRGLYASM:0.2222222222222222	TIYVGQTL:0.2222222222222222	RGLYASMM:0.2222222222222222	ASMMIAQA:0.2222222222222222	KKRKERIE:0.2222222222222222	VKKATTYI:0.2222222222222222	VKSGDSLW:0.5555555555555556	AYNLFGVK:0.3333333333333333	YASMMIAQ:0.2222222222222222	TTVIMGTA:0.2222222222222222	MKKRKERI:0.2222222222222222	NLFGVKWN:0.3333333333333333	QAALESGW:0.4444444444444444	SLNNLTSN:0.2222222222222222	IYVGQTLK:0.2222222222222222	TTYIGTTV:0.3333333333333333	GVKWNGYG:0.2222222222222222	GLYASMMI:0.2222222222222222	YIGTTVIM:0.2222222222222222	TYIGTTVI:0.2222222222222222	IGTTVIMG:0.2222222222222222	LFGVKWNG:0.3333333333333333	YNLFGVKW:0.3333333333333333	MIAQAALE:0.3333333333333333	SMMIAQAA:0.2222222222222222	IAQAALES:0.3333333333333333	KKATTYIG:0.3333333333333333	DTIYVGQT:0.2222222222222222	TVIMGTAG:0.2222222222222222	GVYGTYAT:0.3333333333333333	KSLNNLTS:0.2222222222222222	MMIAQAAL:0.2222222222222222	LYASMMIA:0.2222222222222222	FGVKWNGY:0.2222222222222222	LKSLNNLT:0.2222222222222222	ATTYIGTT:0.3333333333333333	NGVYGTYA:0.2222222222222222	RNGVYGTY:0.2222222222222222	YGGAYHTV:0.2222222222222222	DSLWKIAT:0.2222222222222222	AGDSLWGI:0.3333333333333333	YTVKAGDS:0.4444444444444444	ASSYAVAA:0.2222222222222222	GDSLWGIS:0.2222222222222222	SYTVKAGD:0.2222222222222222	NLRNGVYG:0.2222222222222222	KAGDSLWG:0.2222222222222222	YVGQTLKV:0.2222222222222222	TVKAGDSL:0.4444444444444444	AGDSLWKI:0.3333333333333333	VKAGDSLW:0.4444444444444444	LRNGVYGT:0.2222222222222222	KAGDSLWK:0.2222222222222222	GDSLWKIA:0.3333333333333333	SLWAIAQR:0.2222222222222222	TYTVKSGD:0.2222222222222222	KAGDSLWR:0.2222222222222222	GDSLWRIA:0.2222222222222222	AGDSLWRI:0.2222222222222222	
