cluster number:241
CBM50:56	CBM50:56|CBM18:51|GH18:51|CBM66:1|3.2.1.14:1
TNGCISNC:0.2857142857142857	GCISNCGT:0.30357142857142855	YMTYDLHG:0.5178571428571429	VYMTYDLH:0.39285714285714285	DWEYPGAP:0.5	PDIPGIPP:0.21428571428571427	GTNGCISN:0.21428571428571427	NGCISNCG:0.39285714285714285	APDIPGIP:0.2857142857142857	GNCLRSHV:0.32142857142857145	PCPLNACC:0.39285714285714285	YPGAPDIP:0.39285714285714285	CPLNACCS:0.21428571428571427	FDWEYPGA:0.2857142857142857	GAPDIPGI:0.26785714285714285	VDFDWEYP:0.32142857142857145	EYPGAPDI:0.42857142857142855	TYDLHGQW:0.7142857142857143	WEYPGAPD:0.5	NCLRSHVN:0.32142857142857145	MTYDLHGQ:0.7321428571428571	DFDWEYPG:0.3392857142857143	GVDFDWEY:0.32142857142857145	PGAPDIPG:0.26785714285714285	ITKAGVPS:0.25	DLHGQWDY:0.4107142857142857	MITKAGVP:0.375	YDLHGQWD:0.7142857142857143	CCNIWGQC:0.21428571428571427	CNIWGQCG:0.21428571428571427	LSMITKAG:0.26785714285714285	APASYWYL:0.2857142857142857	LNPCPLNA:0.2857142857142857	AMITKAGV:0.25	LAMITKAG:0.25	DGVDIDWE:0.25	IVYMTYDL:0.23214285714285715	GVDIDWEY:0.25	VDIDWEYP:0.25	YIVYMTYD:0.23214285714285715	NPCPLNAC:0.35714285714285715	CGPQVPGT:0.23214285714285715	VGVTSYGR:0.21428571428571427	LDGVDIDW:0.21428571428571427	DYIVYMTY:0.23214285714285715	AAPASYWY:0.26785714285714285	DIDWEYPG:0.21428571428571427	IAAPASYW:0.23214285714285715	GYISNAEI:0.21428571428571427	LHGQWDYG:0.30357142857142855	HGQWDYGN:0.2857142857142857	PASYWYLK:0.3392857142857143	DGVDFDWE:0.26785714285714285	LDGVDFDW:0.26785714285714285	
