cluster number:392
CBM50:9	CBM50:9|GH23:1
GNKIDVFF:0.3333333333333333	EGYGYAIA:0.3333333333333333	KLGTKVYV:0.2222222222222222	IAGDTGSA:0.3333333333333333	GDTGSAIK:0.3333333333333333	EFTVSASA:0.2222222222222222	KGNKIDVF:0.3333333333333333	SAFTANCN:0.2222222222222222	DTGSAIKG:0.3333333333333333	YTVKKGDS:0.4444444444444444	CNGCSGVT:0.3333333333333333	YAIAGDTG:0.3333333333333333	AIKGNKID:0.3333333333333333	TKTGINLK:0.2222222222222222	VYVEGYGY:0.2222222222222222	ASAFTANC:0.2222222222222222	IKLGTKVY:0.2222222222222222	NPDVKVIA:0.2222222222222222	TGSAIKGN:0.3333333333333333	AGDTGSAI:0.3333333333333333	KSWNNLKS:0.3333333333333333	TANCNGCS:0.3333333333333333	ANCNGCSG:0.3333333333333333	NGCSGVTK:0.2222222222222222	VIKLGTKV:0.3333333333333333	GCSGVTKT:0.2222222222222222	SAIKGNKI:0.3333333333333333	VKKGDSLF:0.2222222222222222	VSASAFTA:0.2222222222222222	PDVKVIAV:0.2222222222222222	FTANCNGC:0.2222222222222222	GSAIKGNK:0.3333333333333333	YVEGYGYA:0.2222222222222222	KIDVFFPT:0.2222222222222222	TKVYVEGY:0.2222222222222222	SWNNLKSN:0.2222222222222222	LKSWNNLK:0.3333333333333333	VTKTGINL:0.2222222222222222	VEGYGYAI:0.3333333333333333	AKTPSRSD:0.2222222222222222	LGTKVYVE:0.2222222222222222	GYAIAGDT:0.3333333333333333	IDVFFPTK:0.2222222222222222	SGVTKTGI:0.2222222222222222	IKGNKIDV:0.3333333333333333	TVKKGDSL:0.4444444444444444	CSGVTKTG:0.2222222222222222	AFTANCNG:0.2222222222222222	VKVIAVDP:0.2222222222222222	IALLVSGA:0.2222222222222222	AIAGDTGS:0.3333333333333333	GVTKTGIN:0.2222222222222222	GTKVYVEG:0.2222222222222222	NKIDVFFP:0.2222222222222222	SASAFTAN:0.2222222222222222	KVYVEGYG:0.2222222222222222	VAKTPSRS:0.2222222222222222	GYGYAIAG:0.3333333333333333	NCNGCSGV:0.3333333333333333	DVKVIAVD:0.2222222222222222	YGYAIAGD:0.3333333333333333	KKGDSLYK:0.2222222222222222	DSLYKIAK:0.2222222222222222	INLKRNPD:0.2222222222222222	GINLKRNP:0.2222222222222222	KGDSLYKI:0.2222222222222222	TGINLKRN:0.2222222222222222	GDSLYKIA:0.2222222222222222	VKKGDSLY:0.2222222222222222	GETLYSIS:0.3333333333333333	ETLYSISK:0.3333333333333333	KGETLYSI:0.3333333333333333	TLYSISKK:0.3333333333333333	LYSISKKY:0.3333333333333333	KVKKGDTL:0.2222222222222222	GDTLGKIA:0.3333333333333333	YKVKKGDT:0.2222222222222222	IAKKFRVS:0.2222222222222222	KIAKKFRV:0.2222222222222222	KKGDTLGK:0.3333333333333333	VKKGDTLG:0.3333333333333333	KGDTLGKI:0.3333333333333333	TLGKIAQR:0.2222222222222222	DTLGKIAQ:0.2222222222222222	DGKPAKMN:0.2222222222222222	SKKYEISM:0.2222222222222222	KPAKMNTT:0.2222222222222222	PAKMNTTT:0.2222222222222222	ISKKYEIS:0.2222222222222222	YSISKKYE:0.2222222222222222	KKYEISMA:0.2222222222222222	KMNTTTGV:0.2222222222222222	AKMNTTTG:0.2222222222222222	SISKKYEI:0.2222222222222222	GKPAKMNT:0.2222222222222222	
