cluster number:474
CBM50:6	CBM50:6
TLFRISRR:0.3333333333333333	EARNRELT:0.3333333333333333	VKPGETLF:0.5	NRELTAQV:0.3333333333333333	PDDIIEVG:0.5	AEKARSLN:0.6666666666666666	SLNFQRLL:0.6666666666666666	FEARNREL:0.3333333333333333	LFRISRRY:0.3333333333333333	LPDDIIEV:0.5	DIIEVGQK:0.3333333333333333	RISRRYGI:0.3333333333333333	NKLPDDII:0.5	TIHVVKPG:0.3333333333333333	ELDSEVKR:0.3333333333333333	QRLLAQEE:0.5	IIEVGQKL:0.3333333333333333	FRISRRYG:0.3333333333333333	KLPDDIIE:0.5	VVKPGETL:0.5	RSLNFQRL:0.6666666666666666	AELDSEVK:0.3333333333333333	NFQRLLAQ:0.5	ARSLNFQR:0.6666666666666666	FQRLLAQE:0.5	QEEKRTAE:0.3333333333333333	RELTAQVQ:0.3333333333333333	ALLERKAM:0.3333333333333333	DDIIEVGQ:0.5	GETLFRIS:0.3333333333333333	PGETLFRI:0.5	MNKLPDDI:0.3333333333333333	LLAQEEKR:0.3333333333333333	EEKRTAEL:0.3333333333333333	ETLFRISR:0.3333333333333333	ARNRELTA:0.3333333333333333	LLERKAME:0.3333333333333333	RNRELTAQ:0.3333333333333333	CVVLEEKY:0.3333333333333333	KPGETLFR:0.5	EKARSLNF:0.6666666666666666	HVVKPGET:0.5	EFEARNRE:0.3333333333333333	IHVVKPGE:0.5	LNFQRLLA:0.5	KARSLNFQ:0.6666666666666666	GCVVLEEK:0.3333333333333333	EKRTAELD:0.3333333333333333	RLLAQEEK:0.3333333333333333	SEKYEAEK:0.3333333333333333	YEARNREL:0.3333333333333333	KYEAEKAR:0.3333333333333333	EYEARNRE:0.3333333333333333	PGETLYRI:0.3333333333333333	YEAEKARS:0.3333333333333333	EAALLERK:0.3333333333333333	EAEKARSL:0.3333333333333333	EKYEAEKA:0.3333333333333333	AALLERKA:0.3333333333333333	KEAALLER:0.3333333333333333	TYYKSQSG:0.3333333333333333	AMTYYKSQ:0.3333333333333333	MTYYKSQS:0.3333333333333333	FRIAMTYY:0.3333333333333333	YYKSQSGI:0.3333333333333333	LFFILLPI:0.3333333333333333	MNKEDPYR:0.3333333333333333	RIAMTYYK:0.3333333333333333	IAMTYYKS:0.3333333333333333	FFILLPIT:0.3333333333333333	YKSQSGIE:0.3333333333333333	
