cluster number:185
CBM50:6	CBM50:6
DTLYSIAW:0.3333333333333333	LYSIAWRY:0.6666666666666666	SGTDRNKL:0.3333333333333333	DRNKLHFE:0.3333333333333333	LGSSGTDR:0.5	GVDIAGEK:0.3333333333333333	RNKLHFEI:0.3333333333333333	FEIRKNGQ:0.3333333333333333	LRKGVDIA:0.5	VDPLAYLP:0.5	DPLRKGVD:0.5	QRIAELGS:0.5	IYAGSALR:0.5	YGKLLIVK:0.5	SALRGYGK:0.5	DGTVIYAG:0.5	AADGTVIY:0.5	IAELGSSG:0.5	TDRNKLHF:0.3333333333333333	GQRIAELG:0.5	VDIAGEKG:0.3333333333333333	KGVDIAGE:0.3333333333333333	GYGKLLIV:0.5	LRGYGKLL:0.8333333333333334	RKNGQPVD:0.3333333333333333	ADGTVIYA:0.5	LSAYAHNH:0.3333333333333333	PVDPLAYL:0.5	VIYAGSAL:0.5	RGYGKLLI:0.8333333333333334	GTVIYAGS:0.5	GSSGTDRN:0.3333333333333333	KNGQPVDP:0.3333333333333333	NGQPVDPL:0.5	SSGTDRNK:0.3333333333333333	EIRKNGQP:0.3333333333333333	RKGVDIAG:0.5	AGSALRGY:0.5	WPAKGKVI:0.3333333333333333	ALRGYGKL:0.5	IAWRYGKD:0.5	GDPLRKGV:0.3333333333333333	AELGSSGT:0.5	AWRYGKDF:0.3333333333333333	GKLLIVKH:0.5	KGDTLYSI:0.3333333333333333	GSALRGYG:0.5	YAGSALRG:0.5	ELGSSGTD:0.5	GQPVDPLA:0.5	YLSAYAHN:0.3333333333333333	PLRKGVDI:0.5	AAADGTVI:0.5	VKAGQRIA:0.3333333333333333	RIAELGSS:0.5	KAGQRIAE:0.3333333333333333	AGQRIAEL:0.5	GTDRNKLH:0.3333333333333333	SIAWRYGK:0.5	TVIYAGSA:0.5	NKLHFEIR:0.3333333333333333	PAKGKVIS:0.3333333333333333	LHFEIRKN:0.3333333333333333	HFEIRKNG:0.3333333333333333	TLYSIAWR:0.8333333333333334	IRKNGQPV:0.3333333333333333	GDTLYSIA:0.3333333333333333	YSIAWRYG:0.5	QPVDPLAY:0.5	ETLYSIAW:0.5	GETLYSIA:0.5	KLLIVKHS:0.3333333333333333	GLRGYGKL:0.3333333333333333	KLLIIKHN:0.3333333333333333	EFLSAYAH:0.3333333333333333	SAYAHNDK:0.3333333333333333	AYAHNDKL:0.3333333333333333	YAHNDKLL:0.3333333333333333	AHNDKLLV:0.3333333333333333	GKLLIIKH:0.3333333333333333	YGKLLIIK:0.3333333333333333	LLIIKHNE:0.3333333333333333	LSAYAHND:0.3333333333333333	GYGKLLII:0.3333333333333333	FLSAYAHN:0.5	PGQRLRLT:0.3333333333333333	YPGQRLRL:0.3333333333333333	IYPGQRLR:0.3333333333333333	HFEIRRNG:0.3333333333333333	KLHFEIRR:0.3333333333333333	LHFEIRRN:0.3333333333333333	VVYAGSGL:0.3333333333333333	
