cluster number:628
CBM50:21	CBM50:21
LIYPGQVF:0.47619047619047616	GNTLWAIA:0.38095238095238093	VQPGNTLW:0.3333333333333333	PGNTLWAI:0.2857142857142857	TLWAIARE:0.3333333333333333	IYPGQIFD:0.38095238095238093	QPGNTLWA:0.2857142857142857	LWAIARER:0.2857142857142857	LIYPGQIF:0.42857142857142855	AIARERYG:0.2857142857142857	TVQPGNTL:0.3333333333333333	NTLWAIAR:0.3333333333333333	WAIARERY:0.2857142857142857	ETPFLRED:0.2857142857142857	IRDPDLIY:0.5714285714285714	RDPDLIYP:0.5714285714285714	RIRDPDLI:0.38095238095238093	DLIYPGQV:0.38095238095238093	PDLIYPGQ:0.7142857142857143	DPDLIYPG:0.7142857142857143	YVQVFEAN:0.2857142857142857	VFEANRDR:0.38095238095238093	FEANRDRI:0.38095238095238093	VQVFEANR:0.23809523809523808	EANRDRIR:0.38095238095238093	QVFEANRD:0.23809523809523808	LYVQVFEA:0.2857142857142857	DLIYPGQI:0.3333333333333333	RDRIRDPD:0.3333333333333333	DRIRDPDL:0.3333333333333333	YPGQIFDL:0.3333333333333333	NRDRIRDP:0.38095238095238093	ANRDRIRD:0.38095238095238093	PGQIFDLP:0.3333333333333333	
