cluster number:62
CBM50:51	CBM50:51
ATVVLNRV:0.6470588235294118	GKVAVATV:0.8235294117647058	VATVVLNR:0.6470588235294118	TVVLNRVD:0.6274509803921569	KELLARLV:0.23529411764705882	VAVATVVL:0.6470588235294118	LLARLVHA:0.45098039215686275	LARLVHAE:0.45098039215686275	DKELLARL:0.21568627450980393	VVLNRVDS:0.23529411764705882	KVAVATVV:0.6470588235294118	AVATVVLN:0.6470588235294118	FFAGHADA:0.23529411764705882	DLLARLVH:0.37254901960784315	EEALAFRG:0.2549019607843137	LVHAEAKG:0.49019607843137253	IAKQYGVP:0.27450980392156865	TAAEKDLL:0.23529411764705882	VEEALAFR:0.2549019607843137	KQYGVPLK:0.23529411764705882	LAFRGLGN:0.23529411764705882	YGVPLKQL:0.23529411764705882	NGSLYFYN:0.27450980392156865	TVVIGNHV:0.2549019607843137	VLNRVDHP:0.3333333333333333	AEAKGEPY:0.6666666666666666	VIGNHVFA:0.27450980392156865	AAEKDLLA:0.2549019607843137	FFFAGHAD:0.23529411764705882	SRPVTVVI:0.21568627450980393	RAVEEALA:0.2549019607843137	HYAFTPVA:0.21568627450980393	RVDHPDFP:0.2549019607843137	PVTVVIGN:0.21568627450980393	HTVKRGDT:0.21568627450980393	PYAGKVAV:0.7058823529411765	AEKDLLAR:0.2549019607843137	VHAEAKGE:0.49019607843137253	FYNPKTAK:0.3137254901960784	LNRVDHPD:0.2549019607843137	WLRSRPVT:0.21568627450980393	VTVVIGNH:0.2549019607843137	RLVHAEAK:0.45098039215686275	GGHYAFTP:0.23529411764705882	VKRGDTLW:0.21568627450980393	GNGSLYFY:0.27450980392156865	GEPYAGKV:0.7058823529411765	SLYFYNPK:0.39215686274509803	GHYAFTPV:0.23529411764705882	AFTPVANG:0.2549019607843137	QYGVPLKQ:0.23529411764705882	YAFTPVAN:0.2549019607843137	ALAFRGLG:0.2549019607843137	EKDLLARL:0.27450980392156865	FRGLGNGS:0.23529411764705882	ARLVHAEA:0.45098039215686275	LYFYNPKT:0.39215686274509803	YRAVEEAL:0.2549019607843137	RGLGNGSL:0.23529411764705882	AGKVAVAT:0.7647058823529411	EAKGEPYA:0.6078431372549019	VVIGNHVF:0.2549019607843137	AKQYGVPL:0.23529411764705882	YFYNPKTA:0.35294117647058826	AVEEALAF:0.27450980392156865	RPVTVVIG:0.21568627450980393	KGEPYAGK:0.6078431372549019	HAEAKGEP:0.49019607843137253	LGNGSLYF:0.23529411764705882	YAGKVAVA:0.7450980392156863	EALAFRGL:0.2549019607843137	GSLYFYNP:0.43137254901960786	RSRPVTVV:0.21568627450980393	KDLLARLV:0.4117647058823529	ITAAEKDL:0.23529411764705882	IGNHVFAK:0.5490196078431373	EPYAGKVA:0.7058823529411765	AFRGLGNG:0.23529411764705882	NRVDHPDF:0.2549019607843137	FAGHADAA:0.23529411764705882	AKGEPYAG:0.6078431372549019	GLGNGSLY:0.23529411764705882	YNPKTAKS:0.3137254901960784	VIYERSGG:0.27450980392156865	LRSRPVTV:0.21568627450980393	TVKRGDTL:0.21568627450980393	VVLNRVDH:0.35294117647058826	GSLFFFNP:0.23529411764705882	
