cluster number:175
CBM50:17	CBM50:17|GH25:10|GH23:1
DGYVVVDV:0.23529411764705882	DVSHHNAE:0.35294117647058826	ASVNIANA:0.35294117647058826	VDPAASVN:0.35294117647058826	LSGIAAKY:0.29411764705882354	AASVNIAN:0.35294117647058826	FIDVSHHN:0.35294117647058826	YVDPAASV:0.35294117647058826	DTLSGIAA:0.29411764705882354	GDTLSGIA:0.4117647058823529	DFIDVSHH:0.35294117647058826	PSVDFIDV:0.35294117647058826	AVVVKVSE:0.23529411764705882	SVDFIDVS:0.35294117647058826	LPLSFYQT:0.29411764705882354	QNLALLSK:0.23529411764705882	DPAASVNI:0.35294117647058826	NRIYVGQK:0.29411764705882354	ANAKQAGM:0.23529411764705882	VVVKVSEG:0.4117647058823529	GIAAKYGT:0.29411764705882354	TLSGIAAK:0.29411764705882354	IDVSHHNA:0.35294117647058826	GLPLSFYQ:0.29411764705882354	GYVVVDVE:0.23529411764705882	AQNLALLS:0.23529411764705882	SGIAAKYG:0.29411764705882354	NLALLSKL:0.23529411764705882	VDFIDVSH:0.4117647058823529	PAASVNIA:0.35294117647058826	SGDTLSEI:0.23529411764705882	EDYAGKYT:0.23529411764705882	KVKSGDTL:0.35294117647058826	VSLVDYMK:0.23529411764705882	SEDYAGKY:0.23529411764705882	GDTLSEIA:0.29411764705882354	KKLQLVGF:0.23529411764705882	TYKVKSGD:0.29411764705882354	TEYTNTFI:0.23529411764705882	KSGDTLSE:0.23529411764705882	WFDKKLQL:0.23529411764705882	DKKLQLVG:0.23529411764705882	YKVKSGDT:0.35294117647058826	VKSGDTLS:0.47058823529411764	FDKKLQLV:0.23529411764705882	IKNANLIY:0.23529411764705882	NGIKNANL:0.23529411764705882	GIKNANLI:0.23529411764705882	
