cluster number:306
CBM50:11	CBM50:11
QAIILANN:0.45454545454545453	AIILANNL:0.5454545454545454	GTTMQAII:0.6363636363636364	PPCPPPAP:0.36363636363636365	QYFPQGGF:0.2727272727272727	CPPPAPEP:0.36363636363636365	APEPVTYV:0.2727272727272727	PPPCPPPC:0.2727272727272727	PPPCPPPA:0.36363636363636365	TTMQAIIL:0.6363636363636364	NPDLIFPG:0.45454545454545453	NHPMNMQN:0.2727272727272727	EPVTYVVR:0.2727272727272727	DSVYKIAQ:0.2727272727272727	KGDSVYKI:0.2727272727272727	GDSVYKIA:0.36363636363636365	MNHPMNMQ:0.2727272727272727	PCPPPAPE:0.36363636363636365	TMQAIILA:0.5454545454545454	PCPPPCPP:0.36363636363636365	PAPEPVTY:0.2727272727272727	CPPPCPPP:0.36363636363636365	PPCPPPCP:0.2727272727272727	PPAPEPVT:0.2727272727272727	PDLIFPGQ:0.45454545454545453	FGTTMQAI:0.36363636363636365	PPPAPEPV:0.2727272727272727	MQAIILAN:0.5454545454545454	PEPVTYVV:0.2727272727272727	DLIFPGQV:0.36363636363636365	NLSNPDLI:0.45454545454545453	AKRYGTTM:0.2727272727272727	EVYVVKKG:0.2727272727272727	IILANNLS:0.2727272727272727	ILANNLSN:0.2727272727272727	KIAKRYGT:0.2727272727272727	NNLSNPDL:0.45454545454545453	VYVVKKGD:0.2727272727272727	LANNLSNP:0.2727272727272727	IAKRYGTT:0.2727272727272727	ANNLSNPD:0.45454545454545453	LSNPDLIF:0.36363636363636365	RYGTTMQA:0.2727272727272727	ELRSVAYN:0.2727272727272727	YGTTMQAI:0.2727272727272727	LRSVAYNP:0.2727272727272727	MELRSVAY:0.2727272727272727	
