cluster number:415
CBM50:28	CBM50:28
DAAQAVQI:0.35714285714285715	AVQISAYP:0.5	QISAYPDR:0.32142857142857145	QAVQISAY:0.5	AAQAVQIS:0.6071428571428571	ISAYPDRY:0.32142857142857145	VQISAYPD:0.39285714285714285	AVLAANGL:0.2857142857142857	AQAVQISA:0.6071428571428571	SLGLFQQR:0.75	GDTISGIA:0.25	DSLGLFQQ:0.75	LGLFQQRP:0.75	DTVSGIAA:0.21428571428571427	TQAAQAVQ:0.21428571428571427	YGDRDSLG:0.21428571428571427	SSIIYPGQ:0.32142857142857145	DRDSLGLF:0.75	TVSGIAAR:0.21428571428571427	RDSLGLFQ:0.75	GDTVSGIA:0.35714285714285715	GLFQQRPS:0.8214285714285714	GDRDSLGL:0.75	SGIAARFG:0.21428571428571427	IALATAMV:0.25	LDWGDRDS:0.32142857142857145	FQQRPSTG:0.4642857142857143	SAYPDRYG:0.21428571428571427	RPSTGWGT:0.4642857142857143	GIAIALAT:0.21428571428571427	FTDAAQAV:0.21428571428571427	WGDRDSLG:0.39285714285714285	QRPSTGWG:0.4642857142857143	TDAAQAVQ:0.21428571428571427	LFQQRPST:0.39285714285714285	DRGIAIAL:0.25	PSTGWGTP:0.35714285714285715	LATAMVES:0.25	QQRPSTGW:0.4642857142857143	NLDWGDRD:0.32142857142857145	ALATAMVE:0.25	DWGDRDSL:0.32142857142857145	AIALATAM:0.25	RNLDWGDR:0.32142857142857145	IAIALATA:0.25	RSVIYPGQ:0.21428571428571427	IIRVGREL:0.21428571428571427	LRNLDWGD:0.21428571428571427	TRGLLDIP:0.35714285714285715	RGLLDIPG:0.35714285714285715	LLDIPGWE:0.25	GAIIYPGQ:0.25	IRVGRELG:0.21428571428571427	GLLDIPGW:0.39285714285714285	AAQESGLR:0.25	LAAAAQES:0.25	AQESGLRN:0.21428571428571427	PDAYAKWE:0.21428571428571427	AAAAQESG:0.25	AAAQESGL:0.25	ALAAAAQE:0.21428571428571427	RTRGLLDI:0.21428571428571427	
