cluster number:85
CBM50:6	CBM50:6
GQVICLPP:0.8333333333333334	QVICLPIP:0.5	VICLPPII:0.8333333333333334	TVDKILAL:0.5	PPIIPYGK:0.8333333333333334	KILALNPY:0.5	PGDTLWLI:1.0	WEVAPGDT:1.0	CLPPIIPY:0.8333333333333334	QVICLPPI:0.8333333333333334	TTVDKILA:0.5	EVAPGDTL:1.0	YWEVAPGD:1.0	DKILALNP:0.5	VDKILALN:0.5	GTTVDKIL:0.6666666666666666	VGQVICLP:1.0	CPSGRYYT:1.0	VAPGDTLY:1.0	VICLPIPG:0.5	PIIPYGKT:0.8333333333333334	VGTTVDKI:1.0	GQVICLPI:0.5	TVGTTVDK:1.0	YCPSGRYY:1.0	PSGRYYTI:0.6666666666666666	LPPIIPYG:0.8333333333333334	ICLPPIIP:0.8333333333333334	NPGIDPNR:0.8333333333333334	NPYIDPNN:0.5	MVGQVICL:0.8333333333333334	PYGKTTEC:0.8333333333333334	GIYWEVAP:0.8333333333333334	ISQKINRP:0.8333333333333334	KTVGTTVD:0.8333333333333334	VNPGIDPN:0.3333333333333333	LVVGQVIC:0.5	APGDTLYK:0.8333333333333334	DTLWLISQ:0.8333333333333334	LWLISQKI:0.8333333333333334	PVDDIIRV:0.3333333333333333	LNPYIDPN:0.5	YYTVEPGD:0.3333333333333333	IRVNPGID:0.3333333333333333	EPGDTLWL:0.3333333333333333	RPVDDIIR:0.3333333333333333	SQKINRPV:0.8333333333333334	YGKTTECP:0.8333333333333334	GRYYTVEP:0.3333333333333333	PTGIYWEV:0.8333333333333334	GDTLWLIS:0.8333333333333334	DPNNLVVG:0.5	IDPNRLMV:0.8333333333333334	YIDPNNLV:0.5	KINRPVDD:0.3333333333333333	INRPVDDI:0.3333333333333333	SGRYYTVE:0.3333333333333333	TVEPGDTL:0.3333333333333333	DDIIRVNP:0.3333333333333333	TGIYWEVA:0.8333333333333334	IIRVNPGI:0.3333333333333333	VEPGDTLW:0.3333333333333333	TECPTGIY:0.8333333333333334	PNNLVVGQ:0.5	MPYCPSGR:0.8333333333333334	CPTGIYWE:0.8333333333333334	TTECPTGI:0.8333333333333334	GKTTECPT:0.8333333333333334	NLVVGQVI:0.5	DIIRVNPG:0.3333333333333333	AKTVGTTV:0.8333333333333334	IPYGKTTE:0.8333333333333334	DPNRLMVG:0.8333333333333334	PYCPSGRY:0.8333333333333334	KTTECPTG:0.8333333333333334	IIPYGKTT:0.8333333333333334	GIDPNRLM:0.8333333333333334	YTVEPGDT:0.3333333333333333	LMVGQVIC:0.8333333333333334	TLWLISQK:0.8333333333333334	LISQKINR:0.8333333333333334	ECPTGIYW:0.8333333333333334	NNLVVGQV:0.5	VVGQVICL:0.5	PSGRYYTV:0.3333333333333333	NRPVDDII:0.3333333333333333	VDDIIRVN:0.3333333333333333	IDPNNLVV:0.5	WLISQKIN:0.8333333333333334	RLMVGQVI:0.8333333333333334	PNRLMVGQ:0.8333333333333334	NRLMVGQV:0.8333333333333334	IYWEVAPG:0.8333333333333334	RYYTVEPG:0.3333333333333333	PYIDPNNL:0.5	QKINRPVD:0.3333333333333333	RVNPGIDP:0.3333333333333333	PGIDPNRL:0.8333333333333334	INRPVEDI:0.5	RYYTIAPG:0.5	PGDTLYKI:0.6666666666666666	RPVEDIIK:0.5	SGRYYTIA:0.5	GRYYTIAP:0.5	ALNPYIDP:0.5	KIAKTVGT:0.6666666666666666	YKIAKTVG:0.6666666666666666	LYKIAKTV:0.6666666666666666	TLYKIAKT:0.6666666666666666	ENPGIDPN:0.5	DIIKENPG:0.5	APGDTLWL:0.5	YTIAPGDT:0.5	NRPVEDII:0.5	PVEDIIKE:0.5	DTLYKIAK:0.6666666666666666	IIKENPGI:0.5	GDTLYKIA:0.6666666666666666	VEDIIKEN:0.5	KENPGIDP:0.5	IAPGDTLW:0.5	KINRPVED:0.5	YYTIAPGD:0.5	QKINRPVE:0.5	TIAPGDTL:0.5	EDIIKENP:0.5	IAKTVGTT:0.6666666666666666	IKENPGID:0.5	GQVICLPS:0.3333333333333333	VICLPSPG:0.3333333333333333	ILALNPYI:0.3333333333333333	QVICLPSP:0.3333333333333333	LALNPYID:0.3333333333333333	IDPDNLMV:0.3333333333333333	LNPYIDPD:0.3333333333333333	DNLMVGQV:0.3333333333333333	DPDNLMVG:0.3333333333333333	YIDPDNLM:0.3333333333333333	PYIDPDNL:0.3333333333333333	PDNLMVGQ:0.3333333333333333	NPYIDPDN:0.3333333333333333	NLMVGQVI:0.3333333333333333	
