cluster number:224
CBM50:108	CBM50:108|GH73:96|3.2.1.-:2|GH23:1|3.2.1.17:1|3.2.1.96:1
FGVKGSYN:0.24074074074074073	NLFGVKGS:0.3055555555555556	KGSYNGQS:0.2037037037037037	GVKGSYNG:0.24074074074074073	GSYNGQSV:0.2037037037037037	LFGVKGSY:0.2962962962962963	NLTQYDTP:0.2962962962962963	TVKSGDSL:0.32407407407407407	TGRYATDP:0.5277777777777778	LTGRYATD:0.5833333333333334	WLTGRYAT:0.24074074074074073	IKGSYNGQ:0.25925925925925924	ATAWLTGR:0.23148148148148148	ASVMMAQA:0.23148148148148148	TAWLTGRY:0.23148148148148148	QPIAQAND:0.25925925925925924	YNLFGIKG:0.3148148148148148	APNYNLFG:0.49074074074074076	ANDLYASV:0.46296296296296297	YASVMMAQ:0.23148148148148148	DATAWLTG:0.2222222222222222	AQPIAQAN:0.25925925925925924	SVMMAQAI:0.2037037037037037	QANDLYAS:0.28703703703703703	VKSGDSLW:0.3425925925925926	LYASVMMA:0.23148148148148148	LFGIKGSY:0.3611111111111111	NLFGIKGS:0.3611111111111111	DLYASVMM:0.23148148148148148	AWLTGRYA:0.23148148148148148	YNLTQYDT:0.35185185185185186	PNYNLFGI:0.21296296296296297	IAQANDLY:0.25925925925925924	FGIKGSYN:0.25925925925925924	PIAQANDL:0.25925925925925924	AQANDLYA:0.28703703703703703	GIKGSYNG:0.25925925925925924	NDLYASVM:0.8333333333333334	NYNLFGIK:0.21296296296296297	KAPNYNLF:0.25	LYASVMIA:0.6203703703703703	YASVMIAQ:0.6388888888888888	ASVMIAQA:0.6388888888888888	NYNLFGVK:0.2962962962962963	DLYASVMI:0.6018518518518519	YLTGRYAT:0.21296296296296297	YNLFGVKG:0.3425925925925926	PNYNLFGV:0.28703703703703703	AYVLRNTS:0.2037037037037037	DNAYVLRN:0.2037037037037037	NAYVLRNT:0.2037037037037037	YVLRNTSF:0.2037037037037037	LTQYDTPA:0.2037037037037037	NNFIYPGQ:0.3425925925925926	TYTVKSGD:0.24074074074074073	YTVKSGDS:0.26851851851851855	KNNFIYPG:0.2962962962962963	TVKSGDSV:0.24074074074074073	VKAGDSVW:0.25	YTVKAGDS:0.26851851851851855	NFIYPGQK:0.2962962962962963	IKNNFIYP:0.2962962962962963	FIYPGQKL:0.2962962962962963	KYTVKAGD:0.24074074074074073	NIKNNFIY:0.2962962962962963	VKSGDSVW:0.24074074074074073	NNIKNNFI:0.2962962962962963	TVKAGDSV:0.25925925925925924	VLRNTSFG:0.2037037037037037	
