cluster number:146
CBM50:162	CBM50:162|GH23:23
IAQKESSG:0.24691358024691357	GQYYGRYQ:0.3395061728395062	YGSWSAAK:0.2222222222222222	ESSGSYTA:0.3950617283950617	TAQNGQYY:0.2654320987654321	AQKESSGS:0.24691358024691357	QYYGRYQL:0.3395061728395062	QKESSGSY:0.24691358024691357	YVAGRYGS:0.2222222222222222	TVKSGDTL:0.3950617283950617	SGDTLSAI:0.20987654320987653	EWIAQKES:0.4382716049382716	NGQYYGRY:0.3395061728395062	YTAQNGQY:0.2716049382716049	FWLANGWY:0.3395061728395062	QNGQYYGR:0.2654320987654321	RYGSWSAA:0.35802469135802467	AQNGQYYG:0.2654320987654321	SYTAQNGQ:0.2716049382716049	YTVKSGDT:0.3950617283950617	SYTVKSGD:0.2222222222222222	GDTLSAIA:0.25308641975308643	SYLNGDLS:0.24691358024691357	AKEWIAQK:0.3950617283950617	KEWIAQKE:0.4382716049382716	KESSGSYT:0.22839506172839505	SSGSYTAQ:0.22839506172839505	VKSGDTLS:0.3950617283950617	WIAQKESS:0.21604938271604937	SGSYTAQN:0.22839506172839505	VAGRYGSW:0.2222222222222222	GSYTAQNG:0.2716049382716049	SAKEWIAQ:0.2962962962962963	SSAKEWIA:0.2037037037037037	IAQKESGG:0.2654320987654321	WIAQKESG:0.2222222222222222	SYLNGDYS:0.43209876543209874	GDYSAANQ:0.24074074074074073	YVTSRYGS:0.20987654320987653	QKESGGSY:0.2222222222222222	LNGDYSAA:0.24074074074074073	YLNGDYSA:0.345679012345679	AQKESGGS:0.2222222222222222	VTSRYGSW:0.20987654320987653	NGDYSAAN:0.24074074074074073	SGDTLSEI:0.2345679012345679	GDTLSEIA:0.29012345679012347	AQRESSGS:0.24691358024691357	ENQERVAD:0.30246913580246915	IAQRESSG:0.24691358024691357	QRESSGSY:0.24691358024691357	RYIGRYQL:0.2839506172839506	GSYTATNG:0.29012345679012347	TNGRYIGR:0.29012345679012347	GRYIGRYQ:0.2839506172839506	YTATNGRY:0.2777777777777778	NGRYIGRY:0.29012345679012347	ATNGRYIG:0.30246913580246915	TATNGRYI:0.2777777777777778	SYTATNGR:0.2777777777777778	YIGRYQLD:0.24691358024691357	DTLSEIAE:0.20987654320987653	RVADAYVA:0.2222222222222222	QERVADAY:0.2839506172839506	ERVADAYV:0.2839506172839506	NQERVADA:0.2839506172839506	YVASRYGS:0.25308641975308643	SRYGSWSA:0.21604938271604937	VASRYGSW:0.25308641975308643	
