cluster number:471
CBM50:18	CBM50:18
VNAERAKA:0.3333333333333333	HTSPTYGS:0.3333333333333333	TSPTYGSP:0.3333333333333333	WMNSSGHR:0.2222222222222222	SSGHRANI:0.2222222222222222	NSSGHRAN:0.2222222222222222	AGENIAKG:0.5	AERAKAGL:0.3333333333333333	GHRANILS:0.2777777777777778	SPTYGSPF:0.5	NAERAKAG:0.3333333333333333	GENIAKGQ:0.5	LVNAERAK:0.2777777777777778	MNSSGHRA:0.2222222222222222	YKAAGENI:0.2777777777777778	SPGHKANI:0.2222222222222222	KAAGENIA:0.2777777777777778	YTHIGVGY:0.2222222222222222	NSPGHKAN:0.2222222222222222	KDGNYWTQ:0.2222222222222222	GYVKDGNY:0.2222222222222222	MNSPGHKA:0.2222222222222222	THIGVGYV:0.3333333333333333	PTYGSPFD:0.2222222222222222	YWTQQFIG:0.2222222222222222	GSPFDMMK:0.2777777777777778	YGSPFDMM:0.2777777777777778	GVGYVKDG:0.2222222222222222	YVKDGNYW:0.2222222222222222	EQEVVKLV:0.2222222222222222	TYGSPFDM:0.2222222222222222	HIGVGYVK:0.2222222222222222	VGYVKDGN:0.2222222222222222	VKDGNYWT:0.2222222222222222	IGVGYVKD:0.2222222222222222	PGHKANIL:0.2222222222222222	WMNSPGHK:0.2222222222222222	QEVVKLVN:0.2222222222222222	GVQELIDA:0.3333333333333333	YGTPFTMM:0.2777777777777778	YWTQMFIQ:0.2777777777777778	FDHTSPTY:0.3888888888888889	KEQASVEQ:0.2222222222222222	KSQDMHDK:0.4444444444444444	SPTYGTPF:0.2777777777777778	HRANILNK:0.2777777777777778	TPFTMMKN:0.2777777777777778	KYKSQDMH:0.4444444444444444	DANPQLAN:0.3333333333333333	ELIDANPQ:0.3333333333333333	DHTSPTYG:0.3888888888888889	ANPQLANP:0.3333333333333333	QELIDANP:0.3333333333333333	PFTMMKNF:0.2777777777777778	GTPFTMMK:0.2777777777777778	PTYGTPFT:0.2777777777777778	NILNKNYT:0.2777777777777778	YFDHTSPT:0.3888888888888889	FTMMKNFG:0.2777777777777778	EQASVEQE:0.3333333333333333	TGVQELID:0.3333333333333333	LIDANPQL:0.3333333333333333	ASVEQEVV:0.2777777777777778	VAKYKSQD:0.5555555555555556	YKSQDMHD:0.4444444444444444	IDANPQLA:0.3333333333333333	VQELIDAN:0.3333333333333333	GHRANILN:0.2777777777777778	GNYWTQMF:0.3888888888888889	ANILNKNY:0.2777777777777778	ILNKNYTH:0.2777777777777778	HTSPTYGT:0.2777777777777778	LNKNYTHI:0.2777777777777778	ELSRVAKY:0.3888888888888889	NKNYTHIG:0.2777777777777778	WELSRVAK:0.3888888888888889	DGNYWTQM:0.3333333333333333	SRVAKYKS:0.5	NYWTQMFI:0.3888888888888889	QASVEQEV:0.3333333333333333	TYGTPFTM:0.2777777777777778	RVAKYKSQ:0.5555555555555556	AKYKSQDM:0.5555555555555556	LSRVAKYK:0.5	TSPTYGTP:0.2777777777777778	TMMKNFGI:0.2777777777777778	NIAKGQKS:0.2222222222222222	IAKGQKSA:0.2222222222222222	EGHRANIL:0.3333333333333333	NYFDHTSP:0.2777777777777778	ENIAKGQK:0.2222222222222222	QDMHDKNY:0.3333333333333333	WMNSEGHR:0.3333333333333333	AWMNSEGH:0.3333333333333333	KNYFDHTS:0.2777777777777778	DKNYFDHT:0.2777777777777778	DMHDKNYF:0.3333333333333333	SQDMHDKN:0.3333333333333333	NSEGHRAN:0.3333333333333333	DWELSRVA:0.3888888888888889	MHDKNYFD:0.2222222222222222	AAGENIAK:0.2222222222222222	SEGHRANI:0.3333333333333333	SVEQEVVK:0.2222222222222222	HDKNYFDH:0.2222222222222222	MNSEGHRA:0.3333333333333333	SWMNSPGH:0.2777777777777778	NYTHIGIG:0.2777777777777778	KNYTHIGI:0.2777777777777778	GDTLWKIA:0.3333333333333333	SGDTLWKI:0.3333333333333333	DTLWKIAL:0.2777777777777778	TLWKIALK:0.2777777777777778	ENIAKGQR:0.2222222222222222	VVTAWMNS:0.2222222222222222	AMAAESYT:0.2222222222222222	KGQRSAQE:0.2222222222222222	LWKIALKT:0.2222222222222222	TETGVQEL:0.2222222222222222	IALKTETG:0.2222222222222222	WTQMFIQK:0.2222222222222222	PQLANPNQ:0.2222222222222222	QRSAQEVV:0.2222222222222222	NPQLANPN:0.2222222222222222	SAGENIAK:0.2222222222222222	GQRSAQEV:0.2222222222222222	TAWMNSEG:0.2222222222222222	VTAWMNSE:0.2222222222222222	LKTETGVQ:0.2222222222222222	ALKTETGV:0.2222222222222222	AQEVVTAW:0.2222222222222222	NIAKGQRS:0.2222222222222222	QLANPNQI:0.2222222222222222	KIALKTET:0.2222222222222222	IAKGQRSA:0.2222222222222222	RSAQEVVT:0.2222222222222222	WKIALKTE:0.2222222222222222	MAAESYTV:0.2222222222222222	AKGQRSAQ:0.2222222222222222	EVVTAWMN:0.2222222222222222	SAQEVVTA:0.2222222222222222	KTETGVQE:0.2222222222222222	QEVVTAWM:0.2222222222222222	
