cluster number:384
CBM50:11	CBM50:11|GH23:9
AVSTSNAV:0.6363636363636364	VGFWQFKQ:0.2727272727272727	RKNIVAST:0.2727272727272727	GAARYLKK:0.2727272727272727	ETLWSISQ:0.2727272727272727	DAVSTSNA:0.6363636363636364	LVIQESSL:0.2727272727272727	GETLWSIS:0.36363636363636365	KYLVIQES:0.5454545454545454	VSTSNAVG:0.6363636363636364	NAVGFWQF:0.8181818181818182	SNAVGFWQ:0.7272727272727273	VAYQMGLG:0.36363636363636365	WYFKKFLA:0.2727272727272727	PDAVSTSN:0.2727272727272727	QMGLGGAR:0.2727272727272727	FKKFLAHK:0.2727272727272727	LIPDAVST:0.2727272727272727	HLKEYNKW:0.36363636363636365	HWYFKKFL:0.2727272727272727	YFKKFLAH:0.2727272727272727	IPDAVSTS:0.2727272727272727	TSNAVGFW:0.6363636363636364	VIQESSLI:0.2727272727272727	STSNAVGF:0.6363636363636364	AVGFWQFK:0.8181818181818182	AYQMGLGG:0.36363636363636365	YQMGLGGA:0.7272727272727273	NTHWYFKK:0.36363636363636365	GETLYAIA:0.2727272727272727	GFWQFKKG:0.45454545454545453	IQLDVDAL:0.2727272727272727	IDERKNIV:0.2727272727272727	LDVDALHR:0.2727272727272727	LAHKIAFE:0.2727272727272727	KFLAHKIA:0.36363636363636365	DVDALHRN:0.2727272727272727	RNTHWYFK:0.36363636363636365	INGIKGII:0.2727272727272727	YLVIQESG:0.2727272727272727	QLDVDALH:0.2727272727272727	VGFWQFKK:0.45454545454545453	FWQFKKGT:0.45454545454545453	NGIKGIIA:0.2727272727272727	VIQESGLI:0.2727272727272727	LVIQESGL:0.2727272727272727	KGETLYAI:0.2727272727272727	KKFLAHKI:0.36363636363636365	WQFKKGTA:0.45454545454545453	ISDAVSTS:0.2727272727272727	VSYQMGLG:0.2727272727272727	SYQMGLGG:0.36363636363636365	LVSYQMGL:0.2727272727272727	SLISDAVS:0.2727272727272727	QESSLISD:0.2727272727272727	DIQADVDA:0.2727272727272727	ESSLISDA:0.2727272727272727	LISDAVST:0.2727272727272727	SDAVSTSN:0.2727272727272727	SSLISDAV:0.2727272727272727	IQESSLIS:0.2727272727272727	QFKKGTAE:0.2727272727272727	KKGTAEEV:0.2727272727272727	KLDRVNLY:0.2727272727272727	FKKGTAEE:0.2727272727272727	KGTAEEVF:0.2727272727272727	DLKYLVIQ:0.2727272727272727	LKYLVIQE:0.2727272727272727	
