cluster number:180
CBM50:228	CBM50:228|GH23:214|GH25:1
WWYDGRRD:0.5964912280701754	IVESAFDP:0.33771929824561403	PKLLALAD:0.2719298245614035	QPGQKLKL:0.2149122807017544	PGFNRWAT:0.31140350877192985	AAYNSGEG:0.34649122807017546	AYNSGEGR:0.33771929824561403	NWWYDGRR:0.49122807017543857	LNPGFNRW:0.3201754385964912	ALLPIVES:0.3508771929824561	VPKLLALA:0.3157894736842105	DFWSLDLP:0.2631578947368421	NPGFNRWA:0.3157894736842105	PIVESAFD:0.34210526315789475	LLPIVESA:0.42543859649122806	YLQPGQKL:0.21052631578947367	GDSLARIA:0.2850877192982456	AYVPKLLA:0.3157894736842105	YVPKLLAL:0.4649122807017544	TDFWSLDL:0.2631578947368421	LQPGQKLK:0.20614035087719298	QNWWYDGR:0.3333333333333333	LPIVESAF:0.34649122807017546	SGDTLWDI:0.2149122807017544	PFAYSHGR:0.2982456140350877	FAYSHGRA:0.3026315789473684	WYDGRRDV:0.42543859649122806	ALAAYNSG:0.27631578947368424	DPFAYSHG:0.30701754385964913	WQFIPSTG:0.21052631578947367	VESAFDPF:0.3815789473684211	YNSGEGRV:0.25877192982456143	LAAYNSGE:0.22807017543859648	WLHALAAY:0.21052631578947367	LHALAAYN:0.21052631578947367	ESAFDPFA:0.2894736842105263	SAFDPFAY:0.2894736842105263	FDPFAYSH:0.2894736842105263	AFDPFAYS:0.2894736842105263	AYSHGRAA:0.22807017543859648	YSHGRAAG:0.22807017543859648	
