cluster number:364
CBM50:32	CBM50:32
IANKLLGL:0.25	TAIIKGQV:0.25	LKDPDEIF:0.34375	AEPQAAPA:0.3125	GQVQSQAD:0.3125	VAQVDDQM:0.59375	DFVKGIGK:0.84375	FEANKPML:0.375	TVATPEPE:0.4375	APATPAEP:0.5	LFDFVKGI:0.71875	TPAEPSAQ:0.5625	NTAPAEPQ:0.46875	VATPEPES:0.4375	AEPSAQEI:0.46875	DEIFPGQV:0.34375	TVKSGDNL:0.65625	QAAPATPA:0.28125	PQAAPATP:0.28125	VGNVDHVA:0.25	TAPAEPQA:0.3125	SGDNLSKI:0.625	LSKIAKEF:0.21875	LLGLIKSL:0.4375	DQMTVATP:0.4375	EPESKFYT:0.8125	KPMLKDPD:0.375	FYTVKSGD:0.9375	ATPAEPSA:0.5	APAEPQAA:0.3125	MLKDPDEI:0.34375	MGLFDFVK:0.71875	QEIANKLL:0.5	AQVDDQMT:0.5625	PGQVLRIP:1.0	GVEGLSVT:0.34375	DDQMTVAT:0.4375	PESKFYTV:0.8125	DKEKIILI:0.3125	PATPAEPS:0.5	EIANKLLG:0.5	FYGDANQY:0.5625	NLSKIAKE:0.34375	ESKFYTVK:0.84375	KSGDNLSK:0.65625	KNTAPAEP:0.46875	PAEPQAAP:0.3125	DNLSKIAK:0.3125	EFYGDANQ:0.53125	GKKNTAPA:0.5625	KGIGKKNT:0.75	LGVEGLSV:0.375	DPDEIFPG:0.34375	ATPEPESK:0.4375	PMLKDPDE:0.34375	EPSAQEIA:0.5	QMTVATPE:0.4375	ADKEKIIL:0.46875	GLSVTYNG:0.4375	KFYTVKSG:0.875	EGLSVTYN:0.34375	MTVATPEP:0.4375	IFEANKPM:0.375	IAKEFYGD:0.21875	VKGIGKKN:0.84375	EPQAAPAT:0.28125	KEKIILIV:0.3125	SAQEIANK:0.5	PAEPSAQE:0.75	GIGKKNTA:0.75	HVAQVDDQ:0.65625	IFPGQVLR:0.90625	IGKKNTAP:0.5625	GQVLRIPQ:0.46875	ANKLLGLI:0.4375	KEFYGDAN:0.53125	EIFPGQVL:0.34375	QADKEKII:0.46875	EANKPMLK:0.375	EKIILIVG:0.3125	KIILIVGN:0.3125	VEGLSVTY:0.34375	PSAQEIAN:0.5	FPGQVLRI:0.90625	AQEIANKL:0.5	TPEPESKF:0.46875	SQADKEKI:0.53125	SKIAKEFY:0.21875	KIAKEFYG:0.21875	KGQVQSQA:0.21875	KKNTAPAE:0.5625	VDDQMTVA:0.46875	NKPMLKDP:0.375	YTVKSGDN:0.65625	GDNLSKIA:0.3125	KIFEANKP:0.375	AKEFYGDA:0.25	DHVAQVDD:0.65625	ANKPMLKD:0.375	VKSGDNLS:0.65625	FVKGIGKK:0.84375	KDPDEIFP:0.34375	DTAIIKGQ:0.25	SKFYTVKS:0.875	GLFDFVKG:0.71875	PEPESKFY:0.75	FDFVKGIG:0.84375	NKLLGLIK:0.4375	KLLGLIKS:0.4375	QVDDQMTV:0.5625	PDEIFPGQ:0.34375	TDTAIIKG:0.3125	AAPATPAE:0.28125	LIKSLGLG:0.40625	GNIDHVAQ:0.46875	LGLIKSLG:0.40625	IDHVAQVD:0.46875	GLIKSLGL:0.40625	KGQVKSQA:0.25	PAPATPAE:0.21875	PAEPQPAP:0.25	SLGLGVEG:0.40625	GLGVEGLS:0.34375	KSLGLGVE:0.40625	GQVKSQAD:0.25	QPAPATPA:0.21875	QVKSQADK:0.21875	IKSLGLGV:0.40625	AEPQPAPA:0.25	LGLGVEGL:0.40625	NIDHVAQV:0.46875	PQPAPATP:0.25	EPQPAPAT:0.25	KSQADKEK:0.34375	VGNIDHVA:0.65625	IKGQVKSQ:0.25	VKSQADKE:0.34375	APAEPQPA:0.25	EKIILAVG:0.40625	DIFPGQVL:0.5	NKIFEANR:0.5625	KIFEANRP:0.5625	KNADDIFP:0.3125	ILAVGNID:0.3125	QYNKIFEA:0.5625	LAVGNIDH:0.5	NRPLLKNA:0.34375	LLKNADDI:0.34375	RPLLKNAD:0.34375	LKNADDIF:0.3125	IFEANRPL:0.59375	NADDIFPG:0.3125	DDIFPGQV:0.5	GDNLSKIS:0.34375	EANRPLLK:0.5625	DNLSKISK:0.34375	PLLKNADD:0.34375	AVGNIDHV:0.5	KIILAVGN:0.40625	NQYNKIFE:0.5625	IILAVGNI:0.3125	ANRPLLKN:0.34375	NLSKISKE:0.28125	YNKIFEAN:0.625	FEANRPLL:0.59375	ADDIFPGQ:0.5	ANKLLGHI:0.21875	KISKEFYG:0.375	SKISKEFY:0.375	IANKLLGH:0.25	LSKISKEF:0.375	GQVLRIPA:0.375	ISKEFYGD:0.375	NKLLGHIK:0.21875	REKIILAV:0.25	ADREKIIL:0.25	QADREKII:0.25	DREKIILA:0.25	ANQYNKIF:0.34375	NRPLLKDA:0.21875	HVAKVDDQ:0.25	SKEFYGDA:0.28125	DHVAKVDD:0.25	LLKDADDI:0.25	DANQYNKI:0.34375	PLLKDADD:0.25	YGDANQYN:0.34375	GDANQYNK:0.34375	RPLLKDAD:0.21875	ANRPLLKD:0.21875	VANKLLGL:0.21875	AEPSAQEV:0.28125	SAQEVANK:0.3125	EPSAQEVA:0.3125	EVANKLLG:0.3125	AQEVANKL:0.3125	PSAQEVAN:0.3125	QEVANKLL:0.3125	
