cluster number:608
CBM50:18	CBM50:18
LPKEGFYR:0.6111111111111112	YVENKFAY:0.3333333333333333	EELEALNP:0.2777777777777778	VLPKEGKW:0.4444444444444444	LPKEGKWR:0.4444444444444444	TEYVENKF:0.3333333333333333	ENKFAYKK:0.4444444444444444	VLPKEGFY:0.6111111111111112	PNTILIIP:0.2222222222222222	EGKWRVAY:0.3333333333333333	YKVLPKEG:0.5555555555555556	SYYKVLPK:0.3888888888888889	AYKFGISV:0.2777777777777778	GFDLTMDV:0.4444444444444444	YYKVLPKE:0.3888888888888889	YSYYKVLP:0.3333333333333333	KVLPKEGF:0.4444444444444444	PKEGFYRL:0.6111111111111112	DAVIGPLT:0.2777777777777778	RVAYKFGI:0.2777777777777778	VENKFAYK:0.3333333333333333	RGFDLTMD:0.3333333333333333	PKEGKWRV:0.3333333333333333	KWRVAYKF:0.3333333333333333	EYVENKFA:0.2222222222222222	WRVAYKFG:0.3333333333333333	KEGFYRLK:0.5	RKETLYSL:0.2777777777777778	GKWRVAYK:0.3333333333333333	KEGKWRVA:0.3333333333333333	YTVLPKEG:0.2777777777777778	DSAKQLGI:0.2222222222222222	ETIESIAK:0.3333333333333333	YATRGFDL:0.2222222222222222	YDAVIGPM:0.2777777777777778	LKFHYPSV:0.2222222222222222	TVLPKEGK:0.2777777777777778	SAKQLGIS:0.2222222222222222	KRKETLYS:0.2222222222222222	DYDAVIGP:0.2222222222222222	GETIESIA:0.3888888888888889	AKQLGIST:0.2222222222222222	YALNPDAK:0.2222222222222222	RIAYKFGI:0.3888888888888889	YLVTPFDI:0.2777777777777778	KWRIAYKF:0.4444444444444444	WRIAYKFG:0.3888888888888889	KVKRKETL:0.2777777777777778	GKWRIAYK:0.5555555555555556	VKRKETLY:0.3888888888888889	EGKWRIAY:0.6111111111111112	ENKFRYNK:0.2222222222222222	KETLYGLS:0.2222222222222222	HKVKRKET:0.2777777777777778	YYEVLPKE:0.2222222222222222	AYKFGITV:0.2777777777777778	RKETLYGL:0.2222222222222222	YIVKYDNL:0.2222222222222222	IENKFRYN:0.2222222222222222	DIYALNPD:0.2777777777777778	EVLPKEGF:0.2222222222222222	KRKETLYG:0.2222222222222222	IAYKFGIT:0.2222222222222222	YEVLPKEG:0.2222222222222222	IYALNPDA:0.3333333333333333	PKEGKWRI:0.5	LEALNPNM:0.2222222222222222	VQPKEGKW:0.2222222222222222	LTMDVVLR:0.3333333333333333	KKKLFGGY:0.2222222222222222	DLTMDVVL:0.3333333333333333	FDLTMDVV:0.3333333333333333	QPKEGKWR:0.2222222222222222	FAYKKKLF:0.2222222222222222	KFAYKKKL:0.2222222222222222	KEGKWRIA:0.5	IEDIKKHN:0.2222222222222222	TMDVVLRL:0.3333333333333333	KLFGGYYN:0.2222222222222222	MDVVLRLV:0.2777777777777778	RKGDKLQI:0.2222222222222222	YKKKLFGG:0.2222222222222222	LRKGDKLQ:0.2222222222222222	KKLFGGYY:0.2222222222222222	LKVDVYDT:0.2777777777777778	NKFAYKKK:0.3333333333333333	AYKKKLFG:0.2222222222222222	ELEALNPN:0.3333333333333333	KGDKLQIP:0.2222222222222222	EGFYRLKI:0.2222222222222222	GFYRLKIK:0.2222222222222222	
