cluster number:585
CBM50:153	CBM50:153|GH23:147
IPLEMKYL:0.35294117647058826	TPFNVEYN:0.2549019607843137	LAAYNSGP:0.5620915032679739	LEMKYLAI:0.30718954248366015	GYVPAFLA:0.42483660130718953	MKYLAIVE:0.2679738562091503	LDVSSYVD:0.2222222222222222	PLEMKYLA:0.35294117647058826	DWDLALAA:0.41830065359477125	KAIRRSGG:0.5686274509803921	GDYLGKIA:0.3202614379084967	GQRLTIYP:0.21568627450980393	VPAFLATM:0.23529411764705882	LAIVESAL:0.49019607843137253	YLAIVESA:0.477124183006536	TAGYVPAF:0.49019607843137253	IGQRLTIY:0.20261437908496732	DLALAAYN:0.41830065359477125	AGYVPAFL:0.35294117647058826	EMKYLAIV:0.2679738562091503	YVDERSDP:0.30718954248366015	RETAGYVP:0.43790849673202614	AFLATMYI:0.21568627450980393	SRVGATGL:0.5359477124183006	NVSKAIRR:0.2222222222222222	SYVDERSD:0.21568627450980393	LALAAYNS:0.45098039215686275	YVPAFLAT:0.41830065359477125	GPGNVSKA:0.22875816993464052	IKSFLKNR:0.20915032679738563	RVGATGLW:0.5359477124183006	PFNVEYNP:0.20915032679738563	ETAGYVPA:0.49019607843137253	AYNSGPGN:0.5620915032679739	ALAAYNSG:0.4444444444444444	PGNVSKAI:0.2222222222222222	TMYIFEYA:0.20261437908496732	PAFLATMY:0.3006535947712418	GNVSKAIR:0.2222222222222222	LPRETAGY:0.5294117647058824	VGATGLWQ:0.5490196078431373	YNSGPGNV:0.7124183006535948	TGLWQFMF:0.24183006535947713	WDLALAAY:0.41830065359477125	ATGLWQFM:0.7189542483660131	VSKAIRRS:0.21568627450980393	FGDWDLAL:0.24183006535947713	PRETAGYV:0.43790849673202614	AAYNSGPG:0.5620915032679739	TDTLKARL:0.24183006535947713	KYLAIVES:0.5098039215686274	GATGLWQF:0.7189542483660131	AIRRSGGY:0.24836601307189543	GDWDLALA:0.30718954248366015	VSSYVDER:0.3333333333333333	ATMYIFEY:0.24183006535947713	YYFPMFEQ:0.26143790849673204	PLEIKYLA:0.24183006535947713	IVESALNP:0.35294117647058826	TGLWQFMY:0.46405228758169936	SGDYLGKI:0.24836601307189543	LNPSYKLD:0.21568627450980393	AIVESALN:0.29411764705882354	FLNPSYKL:0.21568627450980393	KSRVGATG:0.3333333333333333	AKSRVGAT:0.28104575163398693	ESALNPKA:0.2549019607843137	RAKSRVGA:0.2222222222222222	PRAKSRVG:0.2222222222222222	GPGNVNKA:0.24836601307189543	PGNVNKAI:0.24183006535947713	GNVTKAIR:0.20915032679738563	SGPGNVTK:0.24183006535947713	NVTKAIRR:0.20915032679738563	PGNVTKAI:0.20915032679738563	GPGNVTKA:0.2679738562091503	PSYKLDII:0.20261437908496732	NPSYKLDI:0.20261437908496732	VTKAIRRS:0.20915032679738563	SYKLDIIP:0.20261437908496732	NSGPGNVT:0.24183006535947713	GDWDLVLA:0.20261437908496732	GNVNKAIR:0.27450980392156865	VNKAIRRS:0.24836601307189543	NVNKAIRR:0.27450980392156865	NKAIRRSG:0.24836601307189543	
