cluster number:596
CBM50:6	CBM50:6|GH73:6
GPNNNTEI:0.3333333333333333	SKIARYMN:0.3333333333333333	VGLIKKYE:0.3333333333333333	LIKKYELY:0.5	GIQRGGYA:0.8333333333333334	RGIQRGGY:0.6666666666666666	QSKIARYM:0.3333333333333333	DNLSTIAK:0.3333333333333333	TVKSGDNL:0.3333333333333333	HFIEFLKS:0.3333333333333333	GLIKKYEL:0.5	KIARYMNN:0.3333333333333333	NLSTIAKR:0.3333333333333333	IKKYELYQ:0.5	WARGIQRG:0.6666666666666666	KKYELYQY:0.5	KYELYQYD:0.6666666666666666	IARYMNNH:0.3333333333333333	NNHFGIKG:0.6666666666666666	NNNTEIRS:0.3333333333333333	ARGIQRGG:0.6666666666666666	EIRSAYRD:0.3333333333333333	LKPGQKIR:0.3333333333333333	YDHFIEFL:0.5	AQSTEDYI:0.3333333333333333	DHFIEFLK:0.3333333333333333	LYQYDERP:0.8333333333333334	YQYDERPE:0.5	IRSAYRDY:0.3333333333333333	YDERPEDY:0.3333333333333333	KGPNNNTE:0.3333333333333333	ELYQYDER:0.6666666666666666	YELYQYDE:0.6666666666666666	FIEFLKSR:0.3333333333333333	RYMNNHFG:0.3333333333333333	DHAQELMR:0.3333333333333333	VAIHESAS:0.3333333333333333	SYDHFIEF:0.5	AIHESASG:0.3333333333333333	YTVKSGDN:0.3333333333333333	ARYMNNHF:0.3333333333333333	PNNNTEIR:0.3333333333333333	VKSGDNLS:0.3333333333333333	FSPLFEKY:0.3333333333333333	GDNLSTIA:0.3333333333333333	AVAIHESA:0.8333333333333334	GQSKIARY:0.3333333333333333	QYDERPED:0.3333333333333333	LKPGQKLK:0.3333333333333333	LAVAIHES:0.6666666666666666	HKIPASII:0.3333333333333333	EIRSSYRD:0.3333333333333333	NHFGVKGP:0.3333333333333333	ILAVAIHE:0.6666666666666666	AIHESAAG:0.6666666666666666	IPASIILA:0.3333333333333333	TEIRSSYR:0.3333333333333333	HFGVKGPN:0.3333333333333333	KYDQYDYK:0.3333333333333333	VAIHESAA:0.5	NTEIRSSY:0.3333333333333333	KIPASIIL:0.3333333333333333	SRSWASQV:0.3333333333333333	IRSSYRDY:0.3333333333333333	NNHFGVKG:0.3333333333333333	YDERPDDY:0.5	ASVILAVA:0.5	GIKGANSN:0.5	SALKPGQK:0.3333333333333333	FGIKGANS:0.5	VILAVAIH:0.5	YQYDERPD:0.3333333333333333	HFGIKGAN:0.5	SVILAVAI:0.5	LNNHFGIK:0.5	QYDERPDD:0.5	NHFGIKGA:0.5	PASVILAV:0.5	VPASVILA:0.3333333333333333	YTVKAGDN:0.3333333333333333	KIARYLNN:0.3333333333333333	GYARSRTW:0.3333333333333333	KPGQKLKL:0.3333333333333333	ALMKKNGL:0.3333333333333333	IARYLNNH:0.3333333333333333	YARSRTWA:0.3333333333333333	TSKIARYL:0.3333333333333333	YLNNHFGI:0.3333333333333333	RYLNNHFG:0.3333333333333333	MKKNGLKG:0.3333333333333333	ARYLNNHF:0.3333333333333333	IQRGGYAR:0.5	GGYARSRT:0.3333333333333333	QRGGYARS:0.5	GTSKIARY:0.3333333333333333	ESYDHFIE:0.3333333333333333	SKIARYLN:0.3333333333333333	LMKKNGLK:0.3333333333333333	RGGYARSR:0.5	TVKAGDNL:0.3333333333333333	EFLKSRSS:0.3333333333333333	FLKSRSSF:0.3333333333333333	
