cluster number:428
CBM50:150	CBM50:150|GH23:142
IAEKVLAG:0.2	LAGQGKGA:0.28	ESGGNWSI:0.6333333333333333	CESGGNWS:0.6466666666666666	YGGLQFSA:0.24666666666666667	AATASEWD:0.26	TGNGYYGG:0.5933333333333334	GGNWSINT:0.6333333333333333	SASTWAAY:0.22666666666666666	LQFSASTW:0.26	GKGKHRRP:0.23333333333333334	QCESGGNW:0.6466666666666666	DAVAQCES:0.44666666666666666	EKVLAGQG:0.2866666666666667	SGGNWSIN:0.6	QFSASTWA:0.25333333333333335	ASTWAAYG:0.22666666666666666	TWAAYGGT:0.36666666666666664	NTGNGYYG:0.5733333333333334	STWAAYGG:0.4	GNGYYGGL:0.5866666666666667	YYGGLQFS:0.5533333333333333	VKKGDGEY:0.23333333333333334	NWSINTGN:0.6866666666666666	ASAATASE:0.26	GNWSINTG:0.68	WDAVAQCE:0.46	SEWDAVAQ:0.20666666666666667	SGKGKHRR:0.25333333333333335	KVLAGQGK:0.2733333333333333	VLAGQGKG:0.2733333333333333	FSASTWAA:0.22666666666666666	GGLQFSAS:0.26	GLQFSAST:0.26	GQGKGAWP:0.30666666666666664	WAAYGGTA:0.21333333333333335	SINTGNGY:0.5933333333333334	AEKVLAGQ:0.2733333333333333	AGQGKGAW:0.2866666666666667	AQCESGGN:0.6466666666666666	AVAQCESG:0.42	GYYGGLQF:0.5866666666666667	NGYYGGLQ:0.5866666666666667	EWDAVAQC:0.22666666666666666	VAQCESGG:0.6733333333333333	INTGNGYY:0.5666666666666667	WSINTGNG:0.7466666666666667	SAATASEW:0.26	KGKHRRPS:0.4	KHRRPSKA:0.4533333333333333	KGDGEYKV:0.4866666666666667	PGQQLHLK:0.32666666666666666	GKHRRPSK:0.46	FYGGLQFT:0.20666666666666667	GNGFYGGL:0.23333333333333334	GFYGGLQF:0.23333333333333334	NGFYGGLQ:0.23333333333333334	TGNGFYGG:0.22666666666666666	QGKGAWPV:0.26	GKGAWPVC:0.26	AYGGTAYA:0.2	KKGDGEYK:0.3	HRRPSKAT:0.2733333333333333	RRPSKATR:0.25333333333333335	KGAWPVCG:0.26	GAAVAAPL:0.26	ADLIYPGQ:0.25333333333333335	QQIAVAEK:0.2	GDGEYKVV:0.2866666666666667	DLIYPGQQ:0.20666666666666667	LIYPGQQL:0.26	KTVTTPTG:0.29333333333333333	TVTTPTGK:0.20666666666666667	IYPGQQLH:0.30666666666666664	YPGQQLHL:0.30666666666666664	AGVTGAAV:0.22666666666666666	AVAAPLMA:0.20666666666666667	GVTGAAVA:0.24	AAPLMAAG:0.20666666666666667	
