cluster number:121
CBM50:494	CBM50:494|CE4:1
PDKIYPGQ:0.7388663967611336	FEANKPML:0.7408906882591093	MLSHPDKI:0.20850202429149797	SHPDKIYP:0.27125506072874495	YPGQVLRI:0.5890688259109311	EANKPMLS:0.3097165991902834	PMLSHPDK:0.20850202429149797	DKIYPGQV:0.5587044534412956	LSHPDKIY:0.27530364372469635	FVKEAGEK:0.3522267206477733	PGQVLRIP:0.5931174089068826	IYPGQVLR:0.5931174089068826	HPDKIYPG:0.4574898785425101	IFEANKPM:0.7388663967611336	VKEAGEKL:0.2894736842105263	KIFEANKP:0.4757085020242915	KIYPGQVL:0.6437246963562753	GDTLSAIS:0.4959514170040486	TVKSGDTL:0.24696356275303644	SGDTLSAI:0.24696356275303644	DTLSAISK:0.37044534412955465	NKIFEANK:0.354251012145749	YTVKSGDT:0.2408906882591093	EANKPMLK:0.22874493927125505	KSGDTLSA:0.2388663967611336	YNKIFEAN:0.38866396761133604	VKSGDTLS:0.26720647773279355	KGDTLSAI:0.3117408906882591	VKKGDTLS:0.2651821862348178	KKGDTLSA:0.2550607287449393	SQEEKEKI:0.20445344129554655	
