cluster number:411
CBM50:18	CBM50:18
VYHVESGD:0.8888888888888888	HVESGDTL:0.8888888888888888	NKVKRTPR:0.8333333333333334	VKRTPRYM:0.8888888888888888	YHVESGDT:0.8888888888888888	ANKVKRTP:0.7777777777777778	EVYHVESG:0.8888888888888888	PGQIIKIR:0.8333333333333334	VESGDTLW:0.8888888888888888	RIYPGQII:0.9444444444444444	IYPGQIIK:0.9444444444444444	YPGQIIKI:0.9444444444444444	KRTPRYME:0.9444444444444444	GQIIKIRE:0.8333333333333334	KVKRTPRY:0.8333333333333334	NLNKLSSD:0.7222222222222222	QIIKIRER:0.7222222222222222	ISKSFNIP:0.4444444444444444	RNQANKVK:0.6666666666666666	EFPVTYEV:0.8333333333333334	SSDRIYPG:0.8333333333333334	LSSDRIYP:0.7222222222222222	KIRNQANK:0.5555555555555556	YMEFPVTY:0.8333333333333334	NQANKVKR:0.7222222222222222	LWTISKSF:0.3888888888888889	IRNQANKV:0.5	GKIPKIRN:0.5555555555555556	SGDTLWTI:0.8333333333333334	NKLSSDRI:0.6666666666666666	SDRIYPGQ:0.8333333333333334	WTISKSFN:0.3888888888888889	VTYEVYHV:0.7777777777777778	IPKIRNQA:0.5555555555555556	FNIPVQQL:0.5	DRIYPGQI:0.8333333333333334	PKIRNQAN:0.5555555555555556	MKGKIPKI:0.5555555555555556	TPRYMEFP:0.8333333333333334	TYEVYHVE:0.7777777777777778	ESGDTLWT:0.8333333333333334	RYMEFPVT:0.8333333333333334	PVTYEVYH:0.8333333333333334	DTLWTISK:0.3888888888888889	KIPKIRNQ:0.5555555555555556	RTPRYMEF:0.8333333333333334	MEFPVTYE:0.8333333333333334	TISKSFNI:0.3888888888888889	KLSSDRIY:0.6666666666666666	SKSFNIPV:0.4444444444444444	KSFNIPVQ:0.5	LNKLSSDR:0.6666666666666666	YEVYHVES:0.7777777777777778	GDTLWTIS:0.3888888888888889	KGKIPKIR:0.5555555555555556	FPVTYEVY:0.8333333333333334	QANKVKRT:0.6666666666666666	SFNIPVQQ:0.5	TLWTISKS:0.3888888888888889	PRYMEFPV:0.8888888888888888	AKSFKIPV:0.2777777777777778	KSFKIPVQ:0.2777777777777778	PVQQLMNL:0.7777777777777778	QLMNLNKL:0.6666666666666666	VQQLMNLN:0.8333333333333334	GDTLWTIA:0.4444444444444444	QQLMNLNK:0.7777777777777778	TIAKSFKI:0.3333333333333333	FKIPVQQL:0.2777777777777778	IPVQQLMN:0.7777777777777778	MNLNKLSS:0.6666666666666666	SFKIPVQQ:0.2777777777777778	LWTIAKSF:0.4444444444444444	DTLWTIAK:0.4444444444444444	LMNLNKLS:0.6666666666666666	KIPVQQLM:0.2777777777777778	WTIAKSFK:0.3333333333333333	TLWTIAKS:0.4444444444444444	IAKSFKIP:0.2777777777777778	NIPVQQLM:0.4444444444444444	
