cluster number:336
CBM50:7	CBM50:7
QPCPSGVY:0.42857142857142855	ALRVGTTV:0.42857142857142855	PYNLQIGQ:0.42857142857142855	LYFIALRV:0.42857142857142855	KQVPCPSG:0.2857142857142857	RYWRVEAG:0.42857142857142855	QIGQVLCL:0.42857142857142855	RVEAGDTL:0.42857142857142855	QVPCPSGR:0.42857142857142855	TTVEKLLE:0.5714285714285714	NPYNLQVG:0.42857142857142855	VEAGDTLY:0.42857142857142855	SGVYWQVA:0.42857142857142855	IARATGTT:0.42857142857142855	YNLQVGQN:0.2857142857142857	DTLYFIAL:0.42857142857142855	HINPYNLQ:0.2857142857142857	APGDTLYS:0.42857142857142855	GQKQVPCP:0.2857142857142857	PYNLQVGQ:0.42857142857142855	INPYNLQV:0.2857142857142857	PCPSGRYW:0.5714285714285714	EQPCPSGV:0.42857142857142855	NPGVNPYN:0.7142857142857143	TVEKLLEL:0.5714285714285714	ERLNPGVN:0.42857142857142855	PGDTLYSI:0.42857142857142855	VGQNICLP:0.42857142857142855	FIALRVGT:0.42857142857142855	EKLLELNP:0.5714285714285714	GVYWQVAP:0.42857142857142855	TGTTVEKL:0.42857142857142855	KLLELNPH:0.5714285714285714	NPHINPYN:0.2857142857142857	IALRVGTT:0.42857142857142855	GQNICLPG:0.42857142857142855	PGVNPYNL:0.7142857142857143	NLQVGQNI:0.42857142857142855	LNPGVNPY:0.42857142857142855	EAGDTLYF:0.42857142857142855	TVAELERL:0.42857142857142855	GVNPYNLQ:0.7142857142857143	DEQPCPSG:0.2857142857142857	DTLYSIAR:0.42857142857142855	LRVGTTVA:0.42857142857142855	SGRYWRVE:0.42857142857142855	LYSIARAT:0.42857142857142855	MGQKQVPC:0.2857142857142857	RVGTTVAE:0.42857142857142855	PSGVYWQV:0.42857142857142855	LLELNPHI:0.5714285714285714	TLYSIARA:0.42857142857142855	GDTLYFIA:0.42857142857142855	LELNPHIN:0.42857142857142855	TLYFIALR:0.42857142857142855	CPSGVYWQ:0.42857142857142855	GTTVAELE:0.42857142857142855	PCPSGVYW:0.42857142857142855	NPYNLQIG:0.5714285714285714	YNLQIGQV:0.42857142857142855	VYWQVAPG:0.42857142857142855	VGTTVAEL:0.42857142857142855	VPCPSGRY:0.42857142857142855	YFIALRVG:0.42857142857142855	LQIGQVLC:0.42857142857142855	LQVGQNIC:0.42857142857142855	PHINPYNL:0.2857142857142857	ELNPHINP:0.42857142857142855	AELERLNP:0.42857142857142855	YWRVEAGD:0.42857142857142855	YWQVAPGD:0.42857142857142855	ATGTTVEK:0.42857142857142855	GTTVEKLL:0.5714285714285714	QVAPGDTL:0.42857142857142855	ELERLNPG:0.42857142857142855	RATGTTVE:0.42857142857142855	YSIARATG:0.42857142857142855	VEKLLELN:0.5714285714285714	LERLNPGV:0.42857142857142855	AGDTLYFI:0.42857142857142855	IGQVLCLP:0.2857142857142857	VAPGDTLY:0.5714285714285714	WRVEAGDT:0.42857142857142855	WQVAPGDT:0.42857142857142855	PSGRYWRV:0.5714285714285714	CPSGRYWR:0.5714285714285714	GDTLYSIA:0.42857142857142855	LNPHINPY:0.2857142857142857	SIARATGT:0.42857142857142855	QVGQNICL:0.42857142857142855	ARATGTTV:0.42857142857142855	VNPYNLQI:0.5714285714285714	RLNPGVNP:0.5714285714285714	QKQVPCPS:0.2857142857142857	TTVAELER:0.42857142857142855	NLQIGQVL:0.42857142857142855	VAELERLN:0.42857142857142855	GRYWRVEA:0.42857142857142855	QYHTTVTE:0.2857142857142857	HTTVTELI:0.2857142857142857	ELILGNPG:0.2857142857142857	RQYHTTVT:0.2857142857142857	TRQLRNLL:0.2857142857142857	GNPGVNPY:0.2857142857142857	TELILGNP:0.2857142857142857	YHTTVTEL:0.2857142857142857	LGNPGVNP:0.2857142857142857	ILGNPGVN:0.2857142857142857	VTELILGN:0.2857142857142857	TVTELILG:0.2857142857142857	TTVTELIL:0.2857142857142857	LILGNPGV:0.2857142857142857	
