cluster number:206
CBM50:7	CBM50:7
VVQPGDSL:1.0	VQPGDSLA:0.2857142857142857	YVVQPGDS:1.0	IAKKLYGV:0.7142857142857143	KIESDRYV:0.7142857142857143	AKAFEDII:0.42857142857142855	GNTINEAK:0.5714285714285714	NTINEAKA:0.5714285714285714	DRHYYGNT:0.5714285714285714	DLVKIESD:0.7142857142857143	KAKAFEDI:0.42857142857142855	TIMDRHYY:0.7142857142857143	RLIHPGIV:0.7142857142857143	PGIVLRLP:0.7142857142857143	AIPDARLI:0.2857142857142857	SLYSIAKK:0.7142857142857143	KINRDAIP:0.2857142857142857	RHYYGNTI:0.5714285714285714	RYVVQPGD:0.7142857142857143	YGNTINEA:0.5714285714285714	GIVLRLPK:0.7142857142857143	VQPGDSLY:0.7142857142857143	TINEAKAK:0.5714285714285714	SIAKKLYG:0.7142857142857143	FEDIINQD:0.42857142857142855	QDLVKIES:0.7142857142857143	KKLYGVGE:0.7142857142857143	IPDARLIH:0.7142857142857143	AKINRDAI:0.2857142857142857	ARLIHPGI:0.7142857142857143	SDRYVVQP:0.7142857142857143	DIINQDLV:0.7142857142857143	IAKINRDA:0.2857142857142857	ESDRYVVQ:0.7142857142857143	YYGNTINE:0.5714285714285714	PDARLIHP:0.7142857142857143	DARLIHPG:0.7142857142857143	NQDLVKIE:0.7142857142857143	INRDAIPD:0.2857142857142857	LIHPGIVL:0.7142857142857143	EDIINQDL:0.42857142857142855	EAKAKAFE:0.42857142857142855	IINQDLVK:0.7142857142857143	TLTIMDRH:0.7142857142857143	MDRHYYGN:0.7142857142857143	LYSIAKKL:0.7142857142857143	HYYGNTIN:0.5714285714285714	MITLTIMD:0.7142857142857143	YSIAKKLY:0.7142857142857143	KAFEDIIN:0.42857142857142855	VKIESDRY:0.7142857142857143	WPDIAKIN:0.7142857142857143	NRDAIPDA:0.2857142857142857	DAIPDARL:0.2857142857142857	DSLYSIAK:0.7142857142857143	INEAKAKA:0.7142857142857143	HPGIVLRL:0.7142857142857143	INQDLVKI:0.7142857142857143	PGDSLYSI:0.7142857142857143	DIAKINRD:0.7142857142857143	AKKLYGVG:0.7142857142857143	ITLTIMDR:0.7142857142857143	QPGDSLYS:0.7142857142857143	IHPGIVLR:0.7142857142857143	IMDRHYYG:0.7142857142857143	RDAIPDAR:0.2857142857142857	AFEDIINQ:0.42857142857142855	LVKIESDR:0.7142857142857143	PDIAKINR:0.7142857142857143	IESDRYVV:0.7142857142857143	GDSLYSIA:0.7142857142857143	NEAKAKAF:0.7142857142857143	AKAKAFED:0.42857142857142855	DRYVVQPG:0.7142857142857143	LTIMDRHY:0.7142857142857143	RLPKLVKI:0.5714285714285714	IVLRLPKL:0.5714285714285714	LRLPKLVK:0.5714285714285714	VLRLPKLV:0.5714285714285714	GVGELWPD:0.42857142857142855	LYGVGELW:0.42857142857142855	DSIPDARL:0.42857142857142855	KAKAFDDI:0.2857142857142857	KAFDDIIN:0.2857142857142857	KLYGVGEL:0.42857142857142855	INRDSIPD:0.42857142857142855	SIPDARLI:0.42857142857142855	AKAFDDII:0.2857142857142857	AKINRDSI:0.42857142857142855	AKAKAFDD:0.2857142857142857	GELWPDIA:0.42857142857142855	LWPDIAKI:0.42857142857142855	RDSIPDAR:0.42857142857142855	IAKINRDS:0.42857142857142855	NRDSIPDA:0.42857142857142855	EAKAKAFD:0.2857142857142857	YGVGELWP:0.42857142857142855	KINRDSIP:0.42857142857142855	DDIINQDL:0.2857142857142857	VGELWPDI:0.42857142857142855	AFDDIINQ:0.2857142857142857	FDDIINQD:0.2857142857142857	ELWPDIAK:0.42857142857142855	
