cluster number:619
CBM50:19	CBM50:19|CBM32:1
QPIQHLNL:0.21052631578947367	LEVRVRGE:0.21052631578947367	PIQHLNLP:0.3684210526315789	EKAYARRT:0.2631578947368421	VLGKTTPV:0.5263157894736842	SAGPHLHL:0.3684210526315789	SRPFAPAL:0.21052631578947367	IDHGAGVV:0.3157894736842105	GGLVVIDH:0.42105263157894735	AGGPVAYH:0.21052631578947367	LAVNDGTV:0.3157894736842105	KAYARRTP:0.2631578947368421	VVLGKTTP:0.5789473684210527	GLSAGPHL:0.3684210526315789	GEVGTTGL:0.21052631578947367	GRVVLGKT:0.5789473684210527	HLHLEVRV:0.21052631578947367	DQPIQHLN:0.21052631578947367	TGLSAGPH:0.3684210526315789	VRGGLVVI:0.42105263157894735	RGGLVVID:0.42105263157894735	RVVLGKTT:0.5789473684210527	GQATVRFP:0.21052631578947367	LGKTTPVV:0.3684210526315789	TPVVYEVS:0.21052631578947367	EVGTTGLS:0.21052631578947367	VEKAYARR:0.2631578947368421	LDQPIQHL:0.21052631578947367	AGPHLHLE:0.3684210526315789	GKTTPVVY:0.3684210526315789	YPVRGGLV:0.47368421052631576	LHLEVRVR:0.21052631578947367	LSAGPHLH:0.3684210526315789	AYARRTPQ:0.3157894736842105	HLEVRVRG:0.21052631578947367	GLVVIDHG:0.42105263157894735	DHGAGVVS:0.3157894736842105	AGQATVRF:0.21052631578947367	PVRGGLVV:0.3684210526315789	ATVRFPSE:0.47368421052631576	WSRPFAPA:0.21052631578947367	VVIDHGAG:0.47368421052631576	RAGQATVR:0.21052631578947367	VIDHGAGV:0.3157894736842105	TTPVVYEV:0.3684210526315789	KTTPVVYE:0.3684210526315789	LVVIDHGA:0.47368421052631576	QATVRFPS:0.42105263157894735	AVNDGTVV:0.42105263157894735	PSEVGEDV:0.3157894736842105	TSLYFHQS:0.3157894736842105	QPRTYVAG:0.42105263157894735	GQPRTYVA:0.3684210526315789	RFPSEVGE:0.3157894736842105	DTLYSIAR:0.42105263157894735	LYFHQSRV:0.2631578947368421	VLGRVVLG:0.3684210526315789	FPSEVGED:0.3157894736842105	TPVLAVND:0.3157894736842105	LGRVVLGK:0.2631578947368421	PVLAVNDG:0.3157894736842105	IQHLNLPP:0.2631578947368421	FGQPRTYV:0.42105263157894735	SEVGEDVR:0.3157894736842105	ARIAGVNI:0.2631578947368421	SLRMGDAF:0.2631578947368421	TVRFPSEV:0.3157894736842105	GTPVLAVN:0.3157894736842105	VRFPSEVG:0.3157894736842105	VLAVNDGT:0.2631578947368421	GDTLYSIA:0.42105263157894735	SLYFHQSR:0.3684210526315789	PRTYVAGG:0.3684210526315789	RTYVAGGP:0.2631578947368421	VTSLYFHQ:0.21052631578947367	TYVAGGPV:0.2631578947368421	SSFGQPRT:0.3157894736842105	SFGQPRTY:0.3157894736842105	GVTSLYFH:0.21052631578947367	VRGEGTNP:0.3684210526315789	RVRGEGTN:0.3684210526315789	AYHFGTDY:0.2631578947368421	TLYSIARA:0.2631578947368421	SSSFGQPR:0.2631578947368421	YHFGTDYP:0.2631578947368421	RGEGTNPA:0.3684210526315789	HFGTDYPA:0.2631578947368421	VAYHFGTD:0.2631578947368421	TSSSFGQP:0.2631578947368421	GEGTNPAG:0.3157894736842105	ARRTPQAW:0.2631578947368421	KIGEVGST:0.21052631578947367	EGTNPAGW:0.3157894736842105	STGLSAGP:0.21052631578947367	EVGSTGLS:0.2631578947368421	IGEVGSTG:0.21052631578947367	VGSTGLSA:0.21052631578947367	LVRGRIPV:0.21052631578947367	GEVGSTGL:0.2631578947368421	GSTGLSAG:0.21052631578947367	YARRTPQA:0.2631578947368421	KGDTLYSL:0.21052631578947367	GDTLYSLA:0.21052631578947367	GTTVDALL:0.21052631578947367	VRAGDTLY:0.21052631578947367	RAGDTLYS:0.21052631578947367	AGDTLYSI:0.21052631578947367	AAQATVRF:0.21052631578947367	RAAQATVR:0.21052631578947367	AGTPVLAV:0.21052631578947367	AQATVRFP:0.21052631578947367	TARIAGVN:0.21052631578947367	ALVEKAYA:0.21052631578947367	LVEKAYAR:0.21052631578947367	RRTPQAWS:0.21052631578947367	EDVRQPNE:0.21052631578947367	GEDVRQPN:0.21052631578947367	DGTVVIAG:0.2631578947368421	NDGTVVIA:0.2631578947368421	VSLYFHQS:0.21052631578947367	QHLNLPPS:0.21052631578947367	AGVVSLYF:0.21052631578947367	HGAGVVSL:0.21052631578947367	VIAGRYPV:0.21052631578947367	GTVVIAGR:0.21052631578947367	VVIAGRYP:0.21052631578947367	AGRYPVRG:0.21052631578947367	RYPVRGGL:0.21052631578947367	IAGRYPVR:0.21052631578947367	TVVIAGRY:0.21052631578947367	GVVSLYFH:0.21052631578947367	VVSLYFHQ:0.21052631578947367	GRYPVRGG:0.21052631578947367	GAGVVSLY:0.21052631578947367	
