cluster number:557
CBM50:21	CBM50:21|GH23:19
YGGLQFWQ:0.5238095238095238	LQFWQPTW:0.5238095238095238	GGLQFWQP:0.5238095238095238	AWPVCSKR:0.38095238095238093	GNGFYGGL:0.47619047619047616	PVCSKRYG:0.38095238095238093	GWGAWPVC:0.2857142857142857	WGAWPVCS:0.23809523809523808	GFYGGLQF:0.47619047619047616	GAWPVCSK:0.23809523809523808	FYGGLQFW:0.42857142857142855	NGFYGGLQ:0.47619047619047616	QGWGAWPV:0.2857142857142857	VCSKRYGL:0.38095238095238093	NTGNGFYG:0.42857142857142855	TGNGFYGG:0.42857142857142855	GLQFWQPT:0.5238095238095238	WPVCSKRY:0.38095238095238093	DQWPWGCL:0.23809523809523808	QFWQPTWE:0.38095238095238093	PWGCLAEC:0.23809523809523808	GCLAECES:0.23809523809523808	DWHINTGN:0.23809523809523808	QWPWGCLA:0.23809523809523808	WPWGCLAE:0.23809523809523808	PRADLATR:0.42857142857142855	APRADLAT:0.42857142857142855	WGCLAECE:0.23809523809523808	GDWHINTG:0.23809523809523808	EGGWQALY:0.23809523809523808	DQWPWGCV:0.23809523809523808	VEGGWQAL:0.23809523809523808	QWPWGCVA:0.23809523809523808	YAPRADLA:0.3333333333333333	PTWVEHGG:0.23809523809523808	
