cluster number:604
CBM50:7	CBM50:7
KGDTLYGI:0.2857142857142857	YGWRRGRP:0.42857142857142855	DIDLVTGD:0.8571428571428571	VVKKGDTL:0.2857142857142857	TYAHLSHI:0.2857142857142857	ITSRYGWR:0.7142857142857143	SRYGWRRG:0.8571428571428571	IHPEYLFD:0.2857142857142857	GKGGNTGN:0.2857142857142857	GDTLYGIS:0.2857142857142857	NSRGSHLH:0.2857142857142857	GNTGNSRG:0.2857142857142857	KGGNTGNS:0.2857142857142857	LKIGQKLV:0.2857142857142857	KVITSRYG:0.7142857142857143	GGNTGNSR:0.2857142857142857	IDLVTGDS:0.8571428571428571	GIVRFARY:0.2857142857142857	TGNSRGSH:0.2857142857142857	KIGQKLVL:0.2857142857142857	IDIDLVTG:0.8571428571428571	YVVKKGDT:0.2857142857142857	TSRYGWRR:0.8571428571428571	VVVRHYNG:0.2857142857142857	VRHYNGLE:0.5714285714285714	SRGSHLHL:0.42857142857142855	RYGWRRGR:0.8571428571428571	VKKGDTLY:0.2857142857142857	DGIVRFAR:0.2857142857142857	PLKIGQKL:0.2857142857142857	VVRHYNGL:0.42857142857142855	IGKGGNTG:0.42857142857142855	IGQKLVLE:0.2857142857142857	NTGNSRGS:0.2857142857142857	RGSHLHLE:0.2857142857142857	GIDIDLVT:0.8571428571428571	HPEYLFDF:0.2857142857142857	GNSRGSHL:0.2857142857142857	DTLYGISR:0.2857142857142857	KKGDTLYG:0.2857142857142857	ILDGIVRF:0.2857142857142857	PEYLFDFS:0.42857142857142855	VITSRYGW:0.7142857142857143	LDGIVRFA:0.2857142857142857	GWRRGRPH:0.42857142857142855	DLVTGDSV:0.7142857142857143	GRPHQGID:0.2857142857142857	SVVSILDG:0.2857142857142857	RYSRGHGK:0.2857142857142857	QGIDIDLV:0.2857142857142857	TGDSVVSI:0.2857142857142857	HQGIDIDL:0.2857142857142857	GHGKTVVV:0.2857142857142857	ARYSRGHG:0.2857142857142857	GSHLHLVV:0.2857142857142857	HGKTVVVR:0.2857142857142857	GDSVVSIL:0.2857142857142857	SILDGIVR:0.2857142857142857	GKTVVVRH:0.2857142857142857	ETTYAHLS:0.2857142857142857	LETTYAHL:0.2857142857142857	DSVVSILD:0.2857142857142857	LGKGGNTG:0.2857142857142857	GQKLVLEL:0.2857142857142857	RPHQGIDI:0.2857142857142857	VTGDSVVS:0.42857142857142855	RGSHLHLV:0.42857142857142855	VSILDGIV:0.2857142857142857	PHQGIDID:0.2857142857142857	GLETTYAH:0.2857142857142857	VVSILDGI:0.2857142857142857	NGLETTYA:0.2857142857142857	LVTGDSVV:0.5714285714285714	KGGNTGRS:0.42857142857142855	GSHLHLVT:0.2857142857142857	TDSTYASP:0.2857142857142857	KGIDIDLV:0.2857142857142857	RHYNGLET:0.7142857142857143	AVKANDTV:0.2857142857142857	SHLHLVTS:0.2857142857142857	GKGGNTGR:0.42857142857142855	HKGIDIDL:0.2857142857142857	HLHLVTSY:0.2857142857142857	GDTLSRIS:0.42857142857142855	FTDSTYAS:0.2857142857142857	VKRGDTLS:0.2857142857142857	GLETVYAH:0.42857142857142855	GRAHRGID:0.2857142857142857	ASGNARGS:0.2857142857142857	NARGSHLH:0.2857142857142857	VTSRYGWR:0.2857142857142857	GNARGSHL:0.2857142857142857	RRGRAHRG:0.2857142857142857	NGLETVYA:0.42857142857142855	SGNARGSH:0.2857142857142857	RGRAHRGI:0.2857142857142857	VVTSRYGW:0.2857142857142857	RAHRGIDI:0.2857142857142857	HYNGLETV:0.42857142857142855	YIVKRGDT:0.2857142857142857	GWRRGRAH:0.42857142857142855	LETVYAHL:0.42857142857142855	AHRGIDID:0.2857142857142857	HRGIDIDL:0.2857142857142857	GGASGNAR:0.2857142857142857	VYIVKRGD:0.2857142857142857	SINPEYLF:0.2857142857142857	GASGNARG:0.2857142857142857	TVYAHLSK:0.2857142857142857	YNGLETVY:0.42857142857142855	ETVYAHLS:0.42857142857142855	YGWRRGRA:0.42857142857142855	WRRGRAHR:0.2857142857142857	VYAHLSKY:0.2857142857142857	IVKRGDTL:0.2857142857142857	ARGSHLHL:0.2857142857142857	
