cluster number:267
CBM50:42	CBM50:42|GH23:41
INNWDSNA:0.5	VPGTSTDS:0.30952380952380953	SIDNVFGA:0.35714285714285715	VIDPTFQA:0.23809523809523808	PTFQAYHV:0.2857142857142857	RYGSIDNV:0.8571428571428571	TTGGAVLA:0.21428571428571427	QVIDPTFQ:0.23809523809523808	KLYEGNRK:0.23809523809523808	YHVPGTST:0.42857142857142855	TSTDSYDP:0.2857142857142857	LLQVIDPT:0.5714285714285714	DPVANITA:0.8571428571428571	DSYDPVAN:0.5714285714285714	TDSYDPVA:0.2857142857142857	ANITAACN:0.8809523809523809	FQAYHVPG:0.23809523809523808	PGTSTDSY:0.2857142857142857	SKGLLQVI:0.9285714285714286	ACNYAADR:0.6428571428571429	DRYGSIDN:0.6428571428571429	IDPTFQAY:0.2857142857142857	GTSTDSYD:0.2857142857142857	QAYHVPGT:0.23809523809523808	DGWIKESL:0.42857142857142855	DPTFQAYH:0.2857142857142857	TAACNYAA:0.8095238095238095	YAADRYGS:0.6428571428571429	VANITAAC:0.8571428571428571	GAVLALPV:0.23809523809523808	SYDPVANI:0.5714285714285714	ITAACNYA:0.8809523809523809	LDGWIKES:0.42857142857142855	KGTPSKGL:0.30952380952380953	GTPSKGLL:0.6904761904761905	AYHVPGTS:0.7380952380952381	YEGIHRNI:0.42857142857142855	KGLLQVID:0.5714285714285714	TGGAVLAL:0.21428571428571427	GSIDNVFG:0.35714285714285715	AADRYGSI:0.6428571428571429	STDSYDPV:0.2857142857142857	GWIKESLA:0.35714285714285715	AINNWDSN:0.5	NYAADRYG:0.6428571428571429	GGAVLALP:0.23809523809523808	NDLDGWIK:0.3333333333333333	GLLQVIDP:0.5714285714285714	YGSIDNVF:0.40476190476190477	TPSKGLLQ:0.6904761904761905	HVPGTSTD:0.38095238095238093	LQVIDPTF:0.5714285714285714	PVANITAA:0.8571428571428571	PSKGLLQV:0.9285714285714286	CNYAADRY:0.6428571428571429	DLDGWIKE:0.35714285714285715	AACNYAAD:0.7380952380952381	GGWKKLYE:0.21428571428571427	ADRYGSID:0.6428571428571429	NITAACNY:0.8809523809523809	TFQAYHVP:0.23809523809523808	YDPVANIT:0.6666666666666666	IDNVFGAY:0.35714285714285715	INNWDINA:0.2857142857142857	IHRNIMRE:0.35714285714285715	AINNWDIN:0.2857142857142857	PAKGKHRR:0.21428571428571427	NLDGWIRE:0.38095238095238093	HRNIMRES:0.35714285714285715	AKGKHRRP:0.21428571428571427	LDGWIRES:0.35714285714285715	KGKHRRPK:0.21428571428571427	GWIRESLD:0.2857142857142857	DGWIRESL:0.35714285714285715	GIHRNIMR:0.35714285714285715	MPAKGKHR:0.21428571428571427	IMRESSGN:0.35714285714285715	MRESSGNP:0.6190476190476191	YGSIDNVN:0.42857142857142855	GGAALALP:0.2857142857142857	TGGAALAL:0.2857142857142857	RNIMRESS:0.35714285714285715	EGIHRNIM:0.23809523809523808	AGTPSKGL:0.2619047619047619	NIMRESSG:0.35714285714285715	GSIDNVNG:0.40476190476190477	VIDPTFRA:0.23809523809523808	VMRESSGN:0.2619047619047619	RESSGNPL:0.2857142857142857	SSGNPLAI:0.2619047619047619	PTFRAYHV:0.23809523809523808	PLAINNWD:0.30952380952380953	NNWDSNAA:0.38095238095238093	IDPTFRAY:0.23809523809523808	DPTFRAYH:0.23809523809523808	RAYHVPGT:0.21428571428571427	IHRNVMRE:0.21428571428571427	GIHRNVMR:0.21428571428571427	AGTGGAAL:0.21428571428571427	NPLAINNW:0.30952380952380953	ESSGNPLA:0.2857142857142857	FRAYHVPG:0.21428571428571427	NVMRESSG:0.2619047619047619	NWDSNAAA:0.21428571428571427	QVIDPTFR:0.23809523809523808	SGNPLAIN:0.2619047619047619	WDSNAAAG:0.23809523809523808	TFRAYHVP:0.21428571428571427	GNPLAINN:0.30952380952380953	ANNLDGWI:0.23809523809523808	YANNLDGW:0.23809523809523808	HRNVMRES:0.21428571428571427	NNLDGWIR:0.2619047619047619	RNVMRESS:0.2619047619047619	IDNVNGPY:0.2857142857142857	YTNDLDGW:0.3333333333333333	TNDLDGWI:0.3333333333333333	NAAAGTPS:0.21428571428571427	SIDNVNGP:0.2857142857142857	AAAGTPSK:0.21428571428571427	AAGTPSKG:0.21428571428571427	WIKESLAV:0.2619047619047619	KESLAVMA:0.23809523809523808	IKESLAVM:0.2619047619047619	MAQHGIPG:0.21428571428571427	GKHRRPKS:0.21428571428571427	PGTYEGIH:0.30952380952380953	ALPVIGAT:0.21428571428571427	DRADRSER:0.21428571428571427	LALPVIGA:0.21428571428571427	GTYEGIHR:0.30952380952380953	GIPGTYEG:0.30952380952380953	IPGTYEGI:0.30952380952380953	TYEGIHRN:0.30952380952380953	
