cluster number:27
CBM50:26	CBM50:26
DNPGVENV:0.46153846153846156	KEEDASKA:0.34615384615384615	NKEEDASK:0.2692307692307692	VNVTVENG:0.23076923076923078	LWEIATKA:0.3076923076923077	AAVEKAVL:0.3076923076923077	KAYGNGAK:0.5769230769230769	EDNPGVEN:0.38461538461538464	EKAVLMAG:0.7692307692307693	DIGRKLFN:0.2692307692307692	YKAIVEAN:0.4230769230769231	NPGVENVN:0.2692307692307692	EDASKAVT:0.38461538461538464	LFDFVGDI:0.2692307692307692	GAKYKAIV:0.38461538461538464	RKLFNKEE:0.2692307692307692	ENKIFPGQ:0.5	TLWEIATK:0.3076923076923077	DTLWEIAT:0.3076923076923077	FNKEEDAS:0.3076923076923077	VENGVAKI:0.3076923076923077	YVIQKGDT:0.7692307692307693	GDIGRKLF:0.23076923076923078	YGNGAKYK:0.46153846153846156	GLFDFVGD:0.2692307692307692	DFVGDIGR:0.23076923076923078	IGRKLFNK:0.2692307692307692	LFNKEEDA:0.2692307692307692	NKEVIKDE:0.4230769230769231	EVNIDEVT:0.23076923076923078	AGNVAGIT:0.3076923076923077	AYGNGAKY:0.5769230769230769	IATKAYGN:0.3076923076923077	AEDNPGVE:0.3076923076923077	KYKAIVEA:0.4230769230769231	NGVAKISG:0.2692307692307692	MGLFDFVG:0.38461538461538464	IFPGQKIR:0.9615384615384616	WEIATKAY:0.3076923076923077	GRKLFNKE:0.2692307692307692	KLFNKEED:0.2692307692307692	AKYKAIVE:0.38461538461538464	KGDTLWEI:0.38461538461538464	QKIRIPKG:0.38461538461538464	SKAVTEHL:0.23076923076923078	VENVNVTV:0.23076923076923078	DASKAVTE:0.23076923076923078	EEDASKAV:0.34615384615384615	EANKEVIK:0.6153846153846154	FVGDIGRK:0.23076923076923078	QKGDTLWE:0.38461538461538464	NVNVTVEN:0.23076923076923078	VLMAGNVA:0.38461538461538464	KAIVEANK:0.4230769230769231	VIQKGDTL:0.7692307692307693	IQKGDTLW:0.8461538461538461	ENVNVTVE:0.23076923076923078	NGAKYKAI:0.38461538461538464	GVENVNVT:0.2692307692307692	FPGQKIRI:0.5	KIFPGQKI:0.9615384615384616	KAVLMAGN:0.7692307692307693	TAAAVEKA:0.2692307692307692	NVTVENGV:0.23076923076923078	FDFVGDIG:0.2692307692307692	TKAYGNGA:0.3076923076923077	NKIFPGQK:0.5	DENKIFPG:0.5	AAAVEKAV:0.3076923076923077	GNGAKYKA:0.38461538461538464	TVENGVAK:0.2692307692307692	KDENKIFP:0.5	GDTLWEIA:0.38461538461538464	EIATKAYG:0.3076923076923077	IVEANKEV:0.6153846153846154	VEANKEVI:0.6153846153846154	LMAGNVAG:0.4230769230769231	ASKAVTEH:0.3076923076923077	KEVIKDEN:0.4230769230769231	EVIKDENK:0.4230769230769231	IKDENKIF:0.5	VTVENGVA:0.5384615384615384	VGDIGRKL:0.23076923076923078	AVLMAGNV:0.4230769230769231	MAGNVAGI:0.4230769230769231	GQKIRIPK:0.5	ENGVAKIS:0.2692307692307692	ATKAYGNG:0.3076923076923077	PGQKIRIP:0.5	AVEKAVLM:0.3076923076923077	PGVENVNV:0.2692307692307692	AIVEANKE:0.6153846153846154	VEKAVLMA:0.3076923076923077	VIKDENKI:0.5	KIRIPKGL:0.38461538461538464	ANKEVIKD:0.8076923076923077	MGLFDFAA:0.2692307692307692	HIAEDNPG:0.23076923076923078	AATAAAVE:0.23076923076923078	ATAAAVEK:0.23076923076923078	AVLMAGNI:0.34615384615384615	DEFYVIQK:0.46153846153846156	GDDEFYVI:0.2692307692307692	DDEFYVIQ:0.3076923076923077	LAGDDEFY:0.2692307692307692	EFYVIQKG:0.46153846153846156	AGDDEFYV:0.2692307692307692	FYVIQKGD:0.5769230769230769	FPGQKIRL:0.46153846153846156	GQKIRLPK:0.46153846153846156	PGQKIRLP:0.46153846153846156	ADKIFPGQ:0.4230769230769231	DTLWKIAE:0.4230769230769231	LEKAVLMA:0.3076923076923077	DADKIFPG:0.4230769230769231	YGNGAKYT:0.23076923076923078	DKIFPGQK:0.46153846153846156	GNGAKYTA:0.23076923076923078	ALEKAVLM:0.4230769230769231	NGAKYTAI:0.23076923076923078	KGDTLWKI:0.4230769230769231	EVIKDADK:0.4230769230769231	IKDADKIF:0.4230769230769231	KDADKIFP:0.4230769230769231	GAKYTAIV:0.23076923076923078	GDTLWKIA:0.4230769230769231	QKGDTLWK:0.38461538461538464	VIKDADKI:0.4230769230769231	KEVIKDAD:0.38461538461538464	TLWKIAEK:0.38461538461538464	NKEVIKDA:0.38461538461538464	
