cluster number:18
CBM50:89	CBM50:89
TGPHLHYE:0.5617977528089888	DFALDIRK:0.2247191011235955	HYEFLVDG:0.2247191011235955	HLHYEFLV:0.7640449438202247	IDFALDIR:0.3258426966292135	GPHLHYEF:0.550561797752809	DIDFALDI:0.33707865168539325	PHLHYEFL:0.5393258426966292	NFNPRRLH:0.38202247191011235	TGRVTGPH:0.4606741573033708	TLGGTGRV:0.3258426966292135	RRLHPVTG:0.5617977528089888	NPRRLHPV:0.5730337078651685	HSNTYITK:0.2808988764044944	PIWAAGDG:0.25842696629213485	KTGQRVKQ:0.2247191011235955	TGQRVKQG:0.23595505617977527	LGGTGRVT:0.3258426966292135	GTLGGTGR:0.3258426966292135	TPIWAAGD:0.25842696629213485	HYEFLVNG:0.5842696629213483	GGTGRVTG:0.3258426966292135	RAMKKAFL:0.3146067415730337	FGWDIDFA:0.5955056179775281	GTGRVTGP:0.3258426966292135	KAHRGTDY:0.2247191011235955	SSNFNPRR:0.29213483146067415	APVGTPIW:0.3146067415730337	AMKKAFLR:0.3146067415730337	SNTYITKY:0.2808988764044944	WDIDFALD:0.39325842696629215	NTYITKYL:0.2808988764044944	YITKYLHL:0.29213483146067415	IWAAGDGV:0.25842696629213485	SNFNPRRL:0.38202247191011235	WAAGDGVV:0.25842696629213485	AHRGTDYV:0.2247191011235955	VTGPHLHY:0.4606741573033708	VKTGQRVK:0.2247191011235955	GQRVKQGQ:0.29213483146067415	VSSNFNPR:0.21348314606741572	RVTGPHLH:0.47191011235955055	TYITKYLH:0.29213483146067415	IGTLGGTG:0.3146067415730337	GRVTGPHL:0.47191011235955055	GTPIWAAG:0.3146067415730337	PVGTPIWA:0.3146067415730337	GWDIDFAL:0.4044943820224719	FNPRRLHP:0.6067415730337079	PRRLHPVT:0.5730337078651685	VGTPIWAA:0.3146067415730337	RLHPVTGQ:0.33707865168539325	GRAMKKAF:0.3146067415730337	NQFNGNYV:0.21348314606741572	LHYEFLVN:0.5842696629213483	HRGTDYVA:0.2247191011235955	NGRAMKKA:0.3146067415730337	YNQFNGNY:0.21348314606741572	GNYVFIKH:0.33707865168539325	FNGNYVFI:0.3595505617977528	FLRAPVNF:0.3146067415730337	KAFLRAPV:0.23595505617977527	NGNYVFIK:0.33707865168539325	IFGWDIDF:0.48314606741573035	VHRNPRTV:0.2247191011235955	GIFGWDID:0.34831460674157305	AGIFGWDI:0.34831460674157305	YTPEGRSM:0.30337078651685395	VKQGQTIG:0.3146067415730337	LAGIFGWD:0.4044943820224719	GVHRNPRT:0.3146067415730337	KQGQTIGT:0.25842696629213485	RVKQGQTI:0.25842696629213485	LVNGVHKN:0.2808988764044944	QTIGTLGG:0.25842696629213485	LHPVTGRV:0.21348314606741572	AFLRAPLD:0.20224719101123595	RGTDYAAP:0.23595505617977527	MKKAFLRA:0.3707865168539326	PQSKSLTG:0.21348314606741572	RLHPVTGR:0.21348314606741572	NGVHKNPR:0.24719101123595505	EFLVNGVH:0.5056179775280899	YEFLVNGV:0.5056179775280899	TDYAAPVG:0.2247191011235955	YAAPVGTP:0.2247191011235955	YDENGRAM:0.24719101123595505	QRVKQGQT:0.2247191011235955	IKSNFWNA:0.2247191011235955	GQTIGTLG:0.25842696629213485	QGQTIGTL:0.25842696629213485	GTDYAAPV:0.2247191011235955	DENGRAMK:0.2696629213483146	KKAFLRAP:0.3707865168539326	KYLHLTKR:0.25842696629213485	SNFWNAGI:0.23595505617977527	VEGEVIGR:0.2696629213483146	ENGRAMKK:0.2696629213483146	ELAGIFGW:0.2696629213483146	NQIMELAG:0.2696629213483146	IMELAGIF:0.2696629213483146	QIMELAGI:0.2696629213483146	KAFLRAPL:0.20224719101123595	EGEVIGRG:0.2696629213483146	FLVNGVHK:0.29213483146067415	TIGTLGGT:0.25842696629213485	VHKNPRTV:0.24719101123595505	FLRAPLDF:0.20224719101123595	DYAAPVGT:0.2247191011235955	AAPVGTPI:0.2247191011235955	VNGVHKNP:0.24719101123595505	HRGTDYAA:0.24719101123595505	VVEGEVIG:0.2696629213483146	GVHKNPRT:0.24719101123595505	LPQSKSLT:0.21348314606741572	NFWNAGIS:0.21348314606741572	TKYLHLTK:0.25842696629213485	YYDENGRA:0.24719101123595505	MELAGIFG:0.2696629213483146	YVTKYLHL:0.2247191011235955	FGWDVDFA:0.24719101123595505	LHPVTGQV:0.25842696629213485	TGRVTGAH:0.2808988764044944	GAHLHYEF:0.3707865168539326	AHLHYEFL:0.2696629213483146	FLVNGVHR:0.20224719101123595	LVNGVHRN:0.20224719101123595	VTGAHLHY:0.3595505617977528	TGAHLHYE:0.3707865168539326	GRVTGAHL:0.2808988764044944	RVTGAHLH:0.2808988764044944	YNGNYVFI:0.20224719101123595	IFGWDVDF:0.23595505617977527	VNGVHRNP:0.29213483146067415	SSSFNPRR:0.20224719101123595	
