cluster number:395
CBM50:11	CBM50:11
STGPHLHF:0.36363636363636365	TGPHLHFE:0.36363636363636365	PHLHFEVR:0.2727272727272727	HMSKICVY:0.2727272727272727	ELIGRVGS:0.2727272727272727	GHMSKICV:0.2727272727272727	IGRVGSTG:0.6363636363636364	GPHLHFEV:0.2727272727272727	LIGRVGST:0.6363636363636364	GWRIHPIY:0.2727272727272727	YGHMSKIC:0.2727272727272727	GELIGRVG:0.2727272727272727	VSTGPHLH:0.2727272727272727	GVSTGPHL:0.2727272727272727	STGVSTGP:0.36363636363636365	VYVGQRVD:0.2727272727272727	RVGSTGVS:0.36363636363636365	TGVSTGPH:0.36363636363636365	VGSTGVST:0.36363636363636365	GSTGVSTG:0.36363636363636365	GRVGSTGV:0.36363636363636365	GPHVHFEV:0.6363636363636364	STGPHVHF:0.36363636363636365	TGPHVHFE:0.45454545454545453	PHVHFEVR:0.5454545454545454	
