cluster number:590
CBM50:11	CBM50:11
GGALFFYN:0.2727272727272727	VQDGSINL:0.36363636363636365	YQFSPVQD:0.36363636363636365	AVGAVILN:0.45454545454545453	GNHVFATK:0.45454545454545453	GALFFYNP:0.7272727272727273	FSPVQDGS:0.2727272727272727	PVVTRIGN:0.2727272727272727	QDGSINLE:0.36363636363636365	KVAVGAVI:0.36363636363636365	LPVVTRIG:0.2727272727272727	GAVILNRL:0.36363636363636365	EGKVAVGA:0.36363636363636365	IHAEARGE:0.7272727272727273	TLPVVTRI:0.2727272727272727	RIGNHVFA:0.36363636363636365	QFSPVQDG:0.36363636363636365	IGNHVFAT:0.5454545454545454	LLARLIHA:0.45454545454545453	GSINLEPD:0.45454545454545453	GKVAVGAV:0.45454545454545453	SPVQDGSI:0.2727272727272727	VAVGAVIL:0.36363636363636365	LIHAEARG:0.5454545454545454	DGSINLEP:0.45454545454545453	PVQDGSIN:0.36363636363636365	FEGKVAVG:0.36363636363636365	RLIHAEAR:0.45454545454545453	SINLEPDE:0.36363636363636365	VGAVILNR:0.45454545454545453	ARLIHAEA:0.45454545454545453	LARLIHAE:0.45454545454545453	VVTRIGNH:0.2727272727272727	VYQFSPVQ:0.2727272727272727	TRIGNHVF:0.2727272727272727	IYPGQKLI:0.36363636363636365	PGQKLIIP:0.36363636363636365	YPGQKLII:0.36363636363636365	AEARGESF:0.45454545454545453	HAEARGES:0.45454545454545453	AVILNRLA:0.2727272727272727	ALFFYNPK:0.36363636363636365	VILNRLAS:0.2727272727272727	RLASPDFP:0.2727272727272727	NRLASPDF:0.2727272727272727	
