cluster number:624
CBM50:14	CBM50:14|GH23:12
AFINYFTV:0.35714285714285715	NETIFAFI:0.2857142857142857	MGLWQFMP:0.5	WQFMPATG:0.5714285714285714	YTVQPGDS:0.35714285714285715	ALAAYNCG:0.5	IRRSGGKR:0.2857142857142857	YIPQFQAI:0.2857142857142857	RETRSYIP:0.21428571428571427	GDSLWLIS:0.2857142857142857	PFELNETI:0.2857142857142857	IESGLNPK:0.21428571428571427	KAIRRSGG:0.5	ESGLNPKA:0.35714285714285715	IPQFQAIM:0.21428571428571427	PRETRSYI:0.21428571428571427	ELNETIFA:0.2857142857142857	GLWQFMPA:0.5714285714285714	PQFQAIMY:0.21428571428571427	LPRETRSY:0.42857142857142855	DMPFELNE:0.21428571428571427	LNETIFAF:0.2857142857142857	EMDTDMPF:0.21428571428571427	IFAFINYF:0.35714285714285715	ELALAAYN:0.42857142857142855	YNCGPGNV:0.6428571428571429	SGDVLGKI:0.21428571428571427	MPFELNET:0.2857142857142857	SIIESGLN:0.21428571428571427	LAAYNCGP:0.5	RVGAMGLW:0.5714285714285714	VRSGDVLG:0.21428571428571427	NQIKPGQK:0.2857142857142857	TDMPFELN:0.2857142857142857	ETRSYIPQ:0.21428571428571427	QIKPGQKL:0.2857142857142857	AYNCGPGN:0.5714285714285714	LWQFMPAT:0.5714285714285714	IKPGQKLI:0.5714285714285714	ETIFAFIN:0.2857142857142857	QFQAIMYV:0.21428571428571427	PDFTYEEV:0.21428571428571427	NYFTVRNR:0.35714285714285715	DVLGKIAQ:0.21428571428571427	TVQPGDSL:0.35714285714285715	VGAMGLWQ:0.5714285714285714	QFMPATGK:0.21428571428571427	FELNETIF:0.2857142857142857	PGQKLIIG:0.5	TIFAFINY:0.2857142857142857	GAMGLWQF:0.5714285714285714	IIESGLNP:0.35714285714285715	SRVGAMGL:0.5714285714285714	DSLWLISK:0.2857142857142857	TRSYIPQF:0.21428571428571427	LWLISKKL:0.2857142857142857	AIRRSGGK:0.5	RSGGKRTF:0.2857142857142857	WELALAAY:0.42857142857142855	FINYFTVR:0.35714285714285715	IPDFTYEE:0.21428571428571427	LSIIESGL:0.21428571428571427	MDTDMPFE:0.2857142857142857	SLWLISKK:0.2857142857142857	LALAAYNC:0.42857142857142855	RSYIPQFQ:0.21428571428571427	NWELALAA:0.2857142857142857	KPGQKLII:0.5714285714285714	DTDMPFEL:0.2857142857142857	VQPGDSLW:0.5	AAYNCGPG:0.5714285714285714	INYFTVRN:0.35714285714285715	SGGKRTFW:0.2857142857142857	FAFINYFT:0.35714285714285715	QPGDSLWL:0.5	RRSGGKRT:0.2857142857142857	YLPRETRS:0.2857142857142857	GDVLGKIA:0.21428571428571427	SYIPQFQA:0.21428571428571427	AMGLWQFM:0.5714285714285714	PGDSLWLI:0.5	KSRVGAMG:0.35714285714285715	DDRMDPEL:0.35714285714285715	CGPGNVRK:0.42857142857142855	GLNPKAKS:0.21428571428571427	YFTVRNRE:0.35714285714285715	EEIKYLAI:0.21428571428571427	NCGPGNVR:0.5	AKSRVGAM:0.2857142857142857	LAIVESGL:0.21428571428571427	PGNVRKAI:0.42857142857142855	VRKAIRRS:0.42857142857142855	IYFPLFEK:0.21428571428571427	PEEIKYLA:0.21428571428571427	QFMPATGR:0.35714285714285715	AIVESGLN:0.21428571428571427	RKAIRRSG:0.42857142857142855	KYLAIVES:0.21428571428571427	FTVRNREY:0.35714285714285715	IDDRMDPE:0.2857142857142857	GPGNVRKA:0.5	DIDDRMDP:0.2857142857142857	GNVRKAIR:0.42857142857142855	NVRKAIRR:0.42857142857142855	SGLNPKAK:0.21428571428571427	YLAIVESG:0.21428571428571427	GDSLWLIA:0.21428571428571427	RRSGGKKT:0.21428571428571427	NYLPRETR:0.21428571428571427	TVRNREYT:0.21428571428571427	GDVLGSIA:0.21428571428571427	SGDVLGSI:0.21428571428571427	YNYLPRET:0.21428571428571427	RSGGKKTF:0.21428571428571427	RMDPELST:0.21428571428571427	DRMDPELS:0.21428571428571427	IRRSGGKK:0.21428571428571427	SGGKKTFW:0.21428571428571427	RETRSYVP:0.2857142857142857	PRETRSYV:0.21428571428571427	TRSYVPQF:0.2857142857142857	ETRSYVPQ:0.35714285714285715	
