cluster number:383
CBM50:6	CBM50:6|GH23:5
ELRRLNKM:0.3333333333333333	RASLPAGS:0.3333333333333333	WPLAITSY:0.6666666666666666	PQETLYRV:0.3333333333333333	IQDNVDFW:0.3333333333333333	YNHGQGGM:0.3333333333333333	ASRNYYAE:0.3333333333333333	YAEFIAAR:0.3333333333333333	EISGRYEP:0.3333333333333333	GLPEDLAY:0.5	EVAIHDDE:0.3333333333333333	RGLRERFR:0.3333333333333333	FIAAREVA:0.3333333333333333	FGFASRNY:0.3333333333333333	EHLGVIYE:0.3333333333333333	SYNHGQGG:0.5	VKPQETLY:0.3333333333333333	ASLPAGST:0.3333333333333333	AELRRLNK:0.3333333333333333	WRHVYGIW:0.3333333333333333	QRGLRERF:0.5	GRASLPAG:0.3333333333333333	SLPAGSTV:0.3333333333333333	VAELRRLN:0.3333333333333333	QDNVDFWR:0.3333333333333333	LPAGSTVW:0.3333333333333333	GSWPLAIT:0.5	DDEHLGVI:0.3333333333333333	AFGFASRN:0.3333333333333333	GFASRNYY:0.3333333333333333	DNVDFWRH:0.5	QETLYRVA:0.5	DEHLGVIY:0.3333333333333333	AEFIAARE:0.3333333333333333	GVWQFMPA:0.5	PLAITSYN:0.6666666666666666	VAIHDDEH:0.3333333333333333	LAITSYNH:0.6666666666666666	RNYYAEFI:0.3333333333333333	AIHDDEHL:0.3333333333333333	WQFMPATG:0.6666666666666666	HGQGGMAK:0.3333333333333333	RLGSWPLA:0.5	DFWRHVYG:0.5	PHVESSYQ:0.3333333333333333	AGSTVWLP:0.3333333333333333	EIQDNVDF:0.3333333333333333	QGGMAKAR:0.3333333333333333	ITSYNHGQ:0.5	VWQFMPAT:0.5	HLGVIYEV:0.5	IHDDEHLG:0.3333333333333333	GLRERFRR:0.3333333333333333	GGVAALYG:0.3333333333333333	GQGGMAKA:0.3333333333333333	SRNYYAEF:0.3333333333333333	VDFWRHVY:0.5	AHRRLGSW:0.3333333333333333	LGSWPLAI:0.5	FWRHVYGI:0.3333333333333333	NYYAEFIA:0.3333333333333333	QFMPATGR:0.6666666666666666	GVAALYGA:0.3333333333333333	EFIAAREV:0.3333333333333333	YYAEFIAA:0.3333333333333333	PAGSTVWL:0.3333333333333333	ETLYRVAL:0.5	HDDEHLGV:0.3333333333333333	ADGAARYL:0.5	AITSYNHG:0.6666666666666666	SVAELRRL:0.3333333333333333	KPQETLYR:0.3333333333333333	TSYNHGQG:0.5	SWPLAITS:0.6666666666666666	HRRLGSWP:0.3333333333333333	NHGQGGMA:0.3333333333333333	NVDFWRHV:0.5	RRLGSWPL:0.3333333333333333	VAALYGAS:0.3333333333333333	FASRNYYA:0.3333333333333333	LAYLPHVE:0.5	PERYFPEG:0.3333333333333333	RQYGLPED:0.3333333333333333	LPHVESSF:0.5	ERYFPEGI:0.3333333333333333	HPERYFPE:0.3333333333333333	RGVEISGR:0.3333333333333333	AYLPHVES:0.5	YGLPEDLA:0.3333333333333333	AGTTVWLP:0.3333333333333333	FMPATGRQ:0.3333333333333333	ATGRQYMT:0.3333333333333333	LPEDLAYL:0.3333333333333333	QYGLPEDL:0.3333333333333333	EDLAYLPH:0.5	PAGTTVWL:0.3333333333333333	YLPHVESS:0.5	GVEISGRY:0.3333333333333333	DLAYLPHV:0.5	VEISGRYD:0.3333333333333333	PHVESSFQ:0.3333333333333333	PEDLAYLP:0.5	SQRGLRER:0.3333333333333333	RVRSQRGL:0.3333333333333333	AADGAARY:0.3333333333333333	NETLYRVA:0.3333333333333333	AHGVPEDL:0.3333333333333333	VRSQRGLR:0.3333333333333333	PNETLYRV:0.3333333333333333	RSQRGLRE:0.3333333333333333	FLAAREVA:0.3333333333333333	ERVRSQRG:0.3333333333333333	HGVPEDLA:0.3333333333333333	FGFASRNF:0.3333333333333333	GFASRNFY:0.3333333333333333	
