cluster number:422
CBM50:6	CBM50:6
REQDNVLY:0.5	VSREYTVE:0.3333333333333333	LSKIGKAY:0.3333333333333333	LIQPGWKL:0.5	VSWQDIFE:0.5	GTAKSAAD:0.3333333333333333	SWQDIFEA:0.5	DLIQPGWK:0.5	GKAYGVSW:0.3333333333333333	ISNPDLIQ:0.5	DVVMNIEV:0.3333333333333333	TAKSAADK:0.3333333333333333	IDGTAKSA:0.3333333333333333	KIGKAYGV:0.3333333333333333	IGKAYGVS:0.3333333333333333	DKEKLWNA:0.3333333333333333	GDSLSKIG:0.5	DVISNPDL:0.3333333333333333	PGWKLKIP:0.5	NLQVREQD:0.3333333333333333	WQDIFEAN:0.5	EKLWNAYG:0.3333333333333333	VVMNIEVE:0.3333333333333333	VISNPDLI:0.3333333333333333	DSLSKIGK:0.5	VREQDNVL:0.5	LQVREQDN:0.3333333333333333	SLSKIGKA:0.3333333333333333	QPGWKLKI:0.5	YGVSWQDI:0.3333333333333333	DGTAKSAA:0.3333333333333333	DNVLYIDG:0.5	YIDGTAKS:0.3333333333333333	IQPGWKLK:0.5	SKIGKAYG:0.3333333333333333	EQDNVLYI:0.5	SNPDLIQP:0.5	PDLIQPGW:0.5	NVLYIDGT:0.3333333333333333	VMNIEVEE:0.3333333333333333	VLYIDGTA:0.3333333333333333	LYIDGTAK:0.3333333333333333	QVREQDNV:0.3333333333333333	GVSWQDIF:0.5	NPDLIQPG:0.5	GWKLKIPT:0.5	KAYGVSWQ:0.3333333333333333	QDNVLYID:0.5	AYGVSWQD:0.3333333333333333	KEKLWNAY:0.3333333333333333	QDIFEANK:0.3333333333333333	YRSADVVM:0.3333333333333333	DIFEANKD:0.3333333333333333	FEANKDQI:0.3333333333333333	SGDNLSKI:0.3333333333333333	NLSKIAKN:0.3333333333333333	YEKLDPEM:0.3333333333333333	GDNLSKIA:0.5	IFEANKDQ:0.3333333333333333	EKLDPEMR:0.3333333333333333	DNLSKIAK:0.3333333333333333	
