cluster number:438
CBM50:224	CBM50:224
WDISGKFL:0.26785714285714285	GDTLWDIS:0.8125	MRKSLLAL:0.4017857142857143	VYGIFRQG:0.23660714285714285	KEFLGINA:0.21875	DVVTLNKG:0.3705357142857143	TQEVRLGD:0.38392857142857145	TVVKGDTL:0.20535714285714285	LGINADDI:0.34375	ANPHLIYP:0.27232142857142855	INSFLLSN:0.29910714285714285	LLMVFRTY:0.48214285714285715	INSTFMPS:0.23660714285714285	ILDVPRGV:0.26339285714285715	GETVRDRV:0.26785714285714285	VAGNAERV:0.25892857142857145	KTGETVRD:0.42857142857142855	MVFRTYDK:0.38839285714285715	RTYDKLSY:0.38392857142857145	ETVRDRVT:0.20982142857142858	VFRTYDKL:0.38392857142857145	FRTYDKLS:0.38392857142857145	TLWDISGK:0.41517857142857145	SRGTIKLS:0.45535714285714285	EFLGINAD:0.3080357142857143	RGESRGTI:0.20535714285714285	NPHLIYPG:0.59375	LIYPGDTL:0.35714285714285715	VVKGDTLW:0.24553571428571427	RKSLLALL:0.4017857142857143	VKGDTLWD:0.22767857142857142	FLGINADD:0.30357142857142855	FLLSNRIV:0.28125	YDKLSYGL:0.33035714285714285	YGIFRQGK:0.46875	TGETVRDR:0.42857142857142855	PHLIYPGD:0.5982142857142857	DTLWDISG:0.5669642857142857	QEVRLGDR:0.39285714285714285	NSFLLSNR:0.29910714285714285	LLSNRIVD:0.27232142857142855	SFLLSNRI:0.3392857142857143	EVRLGDRL:0.41517857142857145	KSLLALLL:0.35267857142857145	TYDKLSYG:0.32142857142857145	VRLGDRLF:0.39732142857142855	ESRGTIKL:0.20982142857142858	LWDISGKF:0.26785714285714285	GLLMVFRT:0.5178571428571429	RGTIKLSP:0.45535714285714285	LMVFRTYD:0.38839285714285715	GESRGTIK:0.20535714285714285	YTVVKGDT:0.20089285714285715	KGDTLWDI:0.41517857142857145	GINADDIG:0.34375	DKLSYGLV:0.3080357142857143	IPDERAGL:0.3125	TTQEVRLG:0.2767857142857143	ERAGLLMV:0.41964285714285715	DGLAEGNV:0.23660714285714285	KIPDERAG:0.3125	INADDIGG:0.23660714285714285	PDERAGLL:0.39732142857142855	GLAEGNVL:0.23660714285714285	PWKWPELW:0.20535714285714285	RLGDRLFS:0.22767857142857142	RAGLLMVF:0.41964285714285715	NADDIGGG:0.23660714285714285	VPRGVTQI:0.39732142857142855	KAPYIVAG:0.20089285714285715	NSTFMPSA:0.23214285714285715	FRQGKVYT:0.21428571428571427	ADDIGGGE:0.23660714285714285	TVRDRITG:0.24553571428571427	AGLLMVFR:0.41964285714285715	DISGKFLR:0.20089285714285715	PNLIYPGD:0.20982142857142858	GIFRQGKV:0.26339285714285715	DERAGLLM:0.39732142857142855	RGVTQIGA:0.20089285714285715	LQRTTQEV:0.22321428571428573	RTTQEVRL:0.28125	GETVRDRI:0.20982142857142858	IFRQGKVY:0.26339285714285715	VAGDAERV:0.20089285714285715	QRTTQEVR:0.22321428571428573	KLSYGLVL:0.3482142857142857	GTIKLSPR:0.23214285714285715	ETVRDRIT:0.25	VMKTGETV:0.20535714285714285	DVPRGVTQ:0.4955357142857143	NPNLIYPG:0.20089285714285715	PRGVTQIG:0.39732142857142855	RDGLAEGN:0.23660714285714285	QGKVYTDP:0.20982142857142858	RQGKVYTD:0.21428571428571427	IIDVPRGV:0.28125	MKTGETVR:0.20535714285714285	IDVPRGVT:0.25892857142857145	STFMPSAP:0.24553571428571427	APYIVAGN:0.20982142857142858	IVAGNAER:0.21875	YIVAGNAE:0.21875	SLLALLLL:0.22767857142857142	PYIVAGNA:0.21875	LDVPRGVT:0.23214285714285715	
