cluster number:460
CBM50:7	CBM50:7
ITNPMTNR:0.2857142857142857	KITNPMTN:0.42857142857142855	YYSLGRKY:0.2857142857142857	GVENQNGK:0.2857142857142857	VENQNGKK:0.2857142857142857	GKKVILHK:0.2857142857142857	TNPMTNRT:0.42857142857142855	NPMTNRTT:0.42857142857142855	TTYAKVVG:0.2857142857142857	KKVILHKL:0.2857142857142857	VKNNDGKK:0.2857142857142857	SVGVKNND:0.2857142857142857	KNNDGKKM:0.2857142857142857	DSVGVKNN:0.2857142857142857	VGVKNNDG:0.2857142857142857	IDSVGVKN:0.2857142857142857	GVKNNDGK:0.2857142857142857	RFTDNEST:0.42857142857142855	AKVVGRFT:0.5714285714285714	NNLTSTNL:0.2857142857142857	TDNESTKD:0.42857142857142855	NESTKDVI:0.42857142857142855	PMTNRTTF:0.2857142857142857	RTTFAKVV:0.2857142857142857	YKVSAGET:0.5714285714285714	NRTTFAKV:0.2857142857142857	APIGTVIK:0.42857142857142855	KVSAGETL:0.5714285714285714	LDPNKKLV:0.42857142857142855	YGLFEKNE:0.2857142857142857	KLNNLTST:0.2857142857142857	KVVGRFTD:0.5714285714285714	ALDKRFHV:0.5714285714285714	MTNRTTFA:0.2857142857142857	ESTKDVII:0.2857142857142857	NKKLVLHR:0.42857142857142855	PNKKLVLH:0.42857142857142855	FTDNESTK:0.42857142857142855	DPNKKLVL:0.42857142857142855	TFAKVVGR:0.42857142857142855	VVGRFTDN:0.42857142857142855	FAKVVGRF:0.42857142857142855	ISYGSPNE:0.42857142857142855	EKNEKGVA:0.2857142857142857	LNNLTSTN:0.2857142857142857	TKLNNLTS:0.2857142857142857	VSAGETLY:0.42857142857142855	VGRFTDNE:0.42857142857142855	STKDVIIV:0.2857142857142857	QYKVSAGE:0.42857142857142855	GALDKRFH:0.5714285714285714	TNRTTFAK:0.2857142857142857	DNESTKDV:0.42857142857142855	GRFTDNES:0.42857142857142855	LGALDKRF:0.42857142857142855	TTFAKVVG:0.2857142857142857	AKRFGTTV:0.2857142857142857	KKLVLHRT:0.2857142857142857	AGETLYSI:0.2857142857142857	LHKLDPKD:0.2857142857142857	KDNYYSLG:0.2857142857142857	LDKRFHVN:0.42857142857142855	VNISYGSP:0.2857142857142857	GETLYSIA:0.2857142857142857	IAKRFGTT:0.2857142857142857	GTVIKITN:0.2857142857142857	KLVLHRTA:0.2857142857142857	PIGTVIKI:0.2857142857142857	TVIKITNP:0.2857142857142857	TAPIGTVI:0.2857142857142857	HVNISYGS:0.2857142857142857	KLDPKDNY:0.2857142857142857	SIAKRFGT:0.2857142857142857	VIKITNPM:0.2857142857142857	DKRFHVNI:0.42857142857142855	LVLHRTAP:0.2857142857142857	ETLYSIAK:0.2857142857142857	TLYSIAKR:0.2857142857142857	LYSIAKRF:0.2857142857142857	NISYGSPN:0.2857142857142857	YSIAKRFG:0.2857142857142857	LHRTAPIG:0.42857142857142855	IKITNPMT:0.2857142857142857	ILHKLDPK:0.2857142857142857	KRFHVNIS:0.42857142857142855	RTAPIGTV:0.42857142857142855	HKLDPKDN:0.2857142857142857	SAGETLYS:0.2857142857142857	PKDNYYSL:0.2857142857142857	VLHRTAPI:0.2857142857142857	DNYYSLGR:0.2857142857142857	RFHVNISY:0.42857142857142855	HRTAPIGT:0.42857142857142855	DPKDNYYS:0.2857142857142857	IGTVIKIT:0.2857142857142857	SLGALDKR:0.2857142857142857	FHVNISYG:0.42857142857142855	LDPKDNYY:0.2857142857142857	ETLFSIAK:0.2857142857142857	TLFSIAKR:0.2857142857142857	GETLFSIA:0.2857142857142857	SLDPNKKL:0.2857142857142857	
