cluster number:179
CBM50:6	CBM50:6
YAGYESTE:0.5	IASRFTDA:0.5	TEVVHYTV:0.5	VRPGDTLW:1.0	RPGDTLWS:0.6666666666666666	VVHYTVRP:0.5	SIASRFTD:0.5	LGEQTAYA:0.5	DDSRIVAG:0.5	CLGCTLAS:0.3333333333333333	DSRIVAGQ:0.5	AYAGYEST:0.5	FTDAPAAQ:0.5	GEQTAYAG:0.5	PAAQVVER:0.5	LDDSRIVA:0.5	LASRMPGL:0.3333333333333333	LKAVNGLD:0.5	EVVHYTVR:0.5	ASRMPGLG:0.3333333333333333	VLAALLCL:0.5	LIVLAALL:0.5	VVERLKAV:0.5	LLCLGCTL:0.3333333333333333	GLGEQTAY:0.5	STEVVHYT:0.5	DAPAAQVV:0.5	LAALLCLG:0.5	VAGQHLII:0.5	RMPGLGEQ:0.5	WSIASRFT:0.5	IVLAALLC:0.5	LCLGCTLA:0.3333333333333333	TAYAGYES:0.5	AAQVVERL:0.5	GCTLASRM:0.3333333333333333	QVVERLKA:0.5	TLASRMPG:0.3333333333333333	VHYTVRPG:0.5	PGDTLWSI:0.6666666666666666	DTLWSIAS:0.5	APAAQVVE:0.5	GYESTEVV:0.5	SRIVAGQH:0.5	GQHLIIPV:0.5	YESTEVVH:0.5	ESTEVVHY:0.5	EQTAYAGY:0.5	CTLASRMP:0.3333333333333333	GDTLWSIA:0.5	RFTDAPAA:0.5	QTAYAGYE:0.5	RLKAVNGL:0.5	GLDDSRIV:0.5	VERLKAVN:0.5	TDAPAAQV:0.5	AGQHLIIP:0.5	AGYESTEV:0.5	MPGLGEQT:0.5	ASRFTDAP:0.5	SRFTDAPA:0.5	AVNGLDDS:0.5	TVRPGDTL:0.8333333333333334	AALLCLGC:0.5	ERLKAVNG:0.5	TLWSIASR:0.5	RIVAGQHL:0.5	HYTVRPGD:0.5	LWSIASRF:0.5	LGCTLASR:0.3333333333333333	AQVVERLK:0.5	VNGLDDSR:0.5	NGLDDSRI:0.5	ALLCLGCT:0.3333333333333333	YTVRPGDT:0.8333333333333334	WLIVLAAL:0.5	SRMPGLGE:0.5	MWLIVLAA:0.5	KAVNGLDD:0.5	IVAGQHLI:0.5	PGLGEQTA:0.5	HISRSSGA:0.3333333333333333	VQTAGAKA:0.3333333333333333	GAVQTAGA:0.3333333333333333	ASHISRSS:0.3333333333333333	AKAHVRMW:0.3333333333333333	RMWLIVLA:0.3333333333333333	AVQTAGAK:0.3333333333333333	RSSGAVQT:0.3333333333333333	ISRSSGAV:0.3333333333333333	VRMWLIVL:0.3333333333333333	AGAKAHVR:0.3333333333333333	TAGAKAHV:0.3333333333333333	ALASHISR:0.3333333333333333	MSALASHI:0.3333333333333333	HVRMWLIV:0.3333333333333333	SALASHIS:0.3333333333333333	QTAGAKAH:0.3333333333333333	SRSSGAVQ:0.3333333333333333	AHVRMWLI:0.3333333333333333	SHISRSSG:0.3333333333333333	SSGAVQTA:0.3333333333333333	SGAVQTAG:0.3333333333333333	KAHVRMWL:0.3333333333333333	GAKAHVRM:0.3333333333333333	LASHISRS:0.3333333333333333	ELMALNEL:0.3333333333333333	ARTVDELM:0.3333333333333333	LNELDSAV:0.3333333333333333	MALNELDS:0.3333333333333333	ATLPTHVV:0.3333333333333333	AVLVPGQR:0.3333333333333333	ITSQGGDV:0.3333333333333333	WAYASSIT:0.3333333333333333	DELMALNE:0.3333333333333333	TSQGGDVA:0.3333333333333333	ALNELDSA:0.3333333333333333	AYASSITS:0.3333333333333333	YASSITSQ:0.3333333333333333	NELDSAVL:0.3333333333333333	SATLPTHV:0.3333333333333333	DTLWAYAS:0.3333333333333333	PKADSATL:0.3333333333333333	VARTVDEL:0.3333333333333333	GDVARTVD:0.3333333333333333	SAVLVPGQ:0.3333333333333333	LVPGQRII:0.3333333333333333	SQGGDVAR:0.3333333333333333	RPGDTLWA:0.3333333333333333	ELDSAVLV:0.3333333333333333	GDTLWAYA:0.3333333333333333	TVDELMAL:0.3333333333333333	QGGDVART:0.3333333333333333	LMALNELD:0.3333333333333333	SITSQGGD:0.3333333333333333	LPKADSAT:0.3333333333333333	MLPKADSA:0.3333333333333333	PGDTLWAY:0.3333333333333333	RTVDELMA:0.3333333333333333	DSATLPTH:0.3333333333333333	VDELMALN:0.3333333333333333	TLWAYASS:0.3333333333333333	GQRIIVPA:0.3333333333333333	PGQRIIVP:0.3333333333333333	GGDVARTV:0.3333333333333333	LDSAVLVP:0.3333333333333333	ASSITSQG:0.3333333333333333	KADSATLP:0.3333333333333333	DSAVLVPG:0.3333333333333333	SSITSQGG:0.3333333333333333	DVARTVDE:0.3333333333333333	QRIIVPAD:0.3333333333333333	ADSATLPT:0.3333333333333333	VLVPGQRI:0.3333333333333333	LWAYASSI:0.3333333333333333	VPGQRIIV:0.3333333333333333	
