cluster number:558
CBM50:44	CBM50:44
VKATAYTA:0.25	GINLKKNP:0.22727272727272727	VDPKVIPL:0.4090909090909091	CKGCSGIT:0.45454545454545453	LGSKVYVP:0.22727272727272727	KVYVPGYG:0.22727272727272727	GNKIDVFI:0.2727272727272727	SKVYVPGY:0.22727272727272727	VIPLGSKV:0.20454545454545456	DPKVIPLG:0.4090909090909091	TGINLKKN:0.22727272727272727	GSKVYVPG:0.22727272727272727	NKIDVFIP:0.25	TVKATAYT:0.20454545454545456	KVIAVDPK:0.4318181818181818	VEGYGYAV:0.25	EGYGYAVA:0.25	LKVIAVDP:0.4090909090909091	GLNLKKNP:0.22727272727272727	VIAVDPKV:0.4318181818181818	AVDPKVIP:0.29545454545454547	IAVDPKVI:0.4318181818181818	TGLNLKKN:0.20454545454545456	DTGGAIKG:0.5	AIKGKKID:0.3409090909090909	IKGKKIDV:0.29545454545454547	GAIKGKKI:0.29545454545454547	TGGAIKGK:0.29545454545454547	GDTGGAIK:0.36363636363636365	GKKIDVFI:0.29545454545454547	AVAGDTGG:0.20454545454545456	AGDTGGAI:0.4090909090909091	GGAIKGKK:0.29545454545454547	KGKKIDVF:0.29545454545454547	IAGDTGGA:0.22727272727272727	AIAGDTGG:0.29545454545454547	GTKVHVEG:0.29545454545454547	KVHVEGYG:0.36363636363636365	VSATAYTA:0.25	VHVEGYGY:0.29545454545454547	LGTKVHVE:0.29545454545454547	TKVHVEGY:0.29545454545454547	GCSGITRT:0.25	HVEGYGYA:0.29545454545454547	CSGITRTG:0.25	GDTLYKIS:0.3181818181818182	TGGAIKGN:0.20454545454545456	ALKWGRKN:0.20454545454545456	GYGYAVAG:0.20454545454545456	AYTAYCKG:0.22727272727272727	TVKSGDTL:0.20454545454545456	YAVAGDTG:0.20454545454545456	KWGRKNVK:0.22727272727272727	KIDVFIPT:0.25	WGRKNVKI:0.22727272727272727	TAYCKGCS:0.25	AYCKGCSG:0.25	RKNVKIKI:0.20454545454545456	YGYAVAGD:0.20454545454545456	YTAYCKGC:0.22727272727272727	YTVKSGDT:0.20454545454545456	GYAVAGDT:0.20454545454545456	KVIPLGTK:0.2727272727272727	IDVFIPTQ:0.22727272727272727	PKVIPLGT:0.2727272727272727	DVFIPTQS:0.22727272727272727	LKWGRKNV:0.20454545454545456	GRKNVKIK:0.20454545454545456	TAYTAYCK:0.22727272727272727	VIPLGTKV:0.2727272727272727	KNVKIKIL:0.20454545454545456	KGNKIDVF:0.3181818181818182	AIKGNKID:0.2727272727272727	IKGNKIDV:0.29545454545454547	KVWVEGYG:0.20454545454545456	GAIKGNKI:0.22727272727272727	GGAIKGNK:0.22727272727272727	
