cluster number:162
CBM50:121	CBM50:121|GH46:1
PDKIYPGQ:0.5289256198347108	HDVVRGDT:0.21487603305785125	VVRGDTLS:0.2396694214876033	KIYPGQKL:0.5371900826446281	YPGQKLRI:0.5454545454545454	EAQYHDVV:0.2066115702479339	YGDANKYP:0.3884297520661157	YHDVVRGD:0.21487603305785125	GQKLRIPP:0.2396694214876033	VRGDTLSA:0.2231404958677686	TLSAIAKK:0.3884297520661157	HPDKIYPG:0.34710743801652894	AQYHDVVR:0.21487603305785125	RGDTLSAI:0.2809917355371901	DKIYPGQK:0.3884297520661157	GDTLSAIA:0.6115702479338843	DVVRGDTL:0.21487603305785125	PGQKLRIP:0.5454545454545454	QYHDVVRG:0.21487603305785125	DTLSAIAK:0.5867768595041323	IYPGQKLR:0.5537190082644629	AGEKLFGG:0.2727272727272727	KEAGEKLF:0.5867768595041323	EAGEKLFG:0.4049586776859504	FEANKPML:0.7272727272727273	VIFEANKP:0.3884297520661157	IKEAGEKL:0.743801652892562	DANKYPVI:0.30578512396694213	YPVIFEAN:0.34710743801652894	FIKEAGEK:0.7520661157024794	PVIFEANK:0.34710743801652894	IFEANKPM:0.7272727272727273	ANKYPVIF:0.3140495867768595	GQKLRIPA:0.2644628099173554	KYPVIFEA:0.34710743801652894	NKYPVIFE:0.32231404958677684	SFIKEAGE:0.49586776859504134	ANKPMLSD:0.2066115702479339	EANKPMLS:0.5537190082644629	SGDTLSAI:0.2066115702479339	SAIAKKFY:0.23140495867768596	DFIKEAGE:0.23140495867768596	TREKIILC:0.2231404958677686	NKPMLSDP:0.2066115702479339	ATREKIIL:0.2066115702479339	DQATREKI:0.2644628099173554	LSAIAKKF:0.23140495867768596	RIYPGQKL:0.24793388429752067	QATREKII:0.2066115702479339	MGLLSFIK:0.32231404958677684	AAGNVQGV:0.2644628099173554	GLLSFIKE:0.30578512396694213	LLSFIKEA:0.30578512396694213	LSFIKEAG:0.34710743801652894	TVAFDGAS:0.256198347107438	GASRTVTL:0.2396694214876033	QGLDTSNL:0.24793388429752067	AADAIKNY:0.2231404958677686	SNLTVAFD:0.256198347107438	PGQKLVIP:0.256198347107438	TKAKVKVA:0.256198347107438	DLDTKAKV:0.256198347107438	LDTSNLTV:0.24793388429752067	NLTVAFDG:0.256198347107438	NVQGVAGV:0.2396694214876033	QKLVIPPQ:0.24793388429752067	ADAIKNYI:0.2231404958677686	FDGASRTV:0.256198347107438	AGNVQGVA:0.256198347107438	DTKAKVKV:0.256198347107438	VQGVAGVN:0.2396694214876033	VAAGNVQG:0.256198347107438	LDTKAKVK:0.256198347107438	GNVQGVAG:0.2396694214876033	EAGEKLLG:0.2644628099173554	GQKLVIPP:0.256198347107438	TAADAIKN:0.2231404958677686	KVAAGNVQ:0.256198347107438	ANQTAADA:0.2396694214876033	AFDGASRT:0.256198347107438	KEAGEKLL:0.2644628099173554	KLVIPPQS:0.2231404958677686	VKVAAGNV:0.256198347107438	DGASRTVT:0.2396694214876033	DTSNLTVA:0.256198347107438	VAFDGASR:0.256198347107438	AKVKVAAG:0.256198347107438	KAKVKVAA:0.256198347107438	TSNLTVAF:0.256198347107438	DDLQPDDP:0.2066115702479339	KVKVAAGN:0.256198347107438	LTVAFDGA:0.256198347107438	GLDTSNLT:0.24793388429752067	QTAADAIK:0.2396694214876033	NQTAADAI:0.2396694214876033	YPGQKLVI:0.256198347107438	IYPGQKLV:0.256198347107438	AANQTAAD:0.2396694214876033	QGVAGVND:0.23140495867768596	DDDLQPDD:0.2066115702479339	NDDDLQPD:0.2066115702479339	VNDDDLQP:0.2066115702479339	GVAGVNDD:0.23140495867768596	
