cluster number:413
CBM50:22	CBM50:22|GH18:20
TYGPPMAV:0.2727272727272727	FPQNWLVL:0.5	GYTYGPPM:0.2727272727272727	EVWFEDAR:0.3181818181818182	LMTYEWGY:0.6363636363636364	LVVGQTLV:0.45454545454545453	GPPMAVAP:0.45454545454545453	HEVWFEDA:0.3181818181818182	YGPPMAVA:0.4090909090909091	YWNLMRPF:0.22727272727272727	VWFEDARS:0.7727272727272727	MTYEWGYT:0.5454545454545454	YEWGYTYG:0.3181818181818182	TYEWGYTY:0.45454545454545453	PPMAVAPL:0.2727272727272727	WGYTYGPP:0.3181818181818182	EWGYTYGP:0.3181818181818182	YTYGPPMA:0.2727272727272727	GYWNLMRP:0.22727272727272727	VVGQTLVI:0.4090909090909091	WFEDARSI:0.6818181818181818	GIPNYGYD:0.36363636363636365	LTYLSIFS:0.45454545454545453	IPNYGYDW:0.45454545454545453	GLLYEAHD:0.2727272727272727	LLYEAHDY:0.2727272727272727	VILMTYEW:0.5	LYEAHDYP:0.45454545454545453	VVWFEDAR:0.4090909090909091	QLVVGQTL:0.22727272727272727	TYLSIFSY:0.36363636363636365	HVVWFEDA:0.36363636363636365	GTIEVNGY:0.4090909090909091	ILMTYEWG:0.5	YLSIFSYQ:0.2727272727272727	LSIFSYQV:0.22727272727272727	MGIPNYGY:0.45454545454545453	YEAHDYPV:0.36363636363636365	LGGVSYWT:0.3181818181818182	NYGYDWTL:0.45454545454545453	HVILMTYE:0.4090909090909091	GGVSYWTI:0.3181818181818182	EAHDYPVH:0.36363636363636365	PNYGYDWT:0.36363636363636365	AHDYPVHG:0.36363636363636365	YGYDWTLP:0.45454545454545453	TIEVNGYA:0.3181818181818182	EVNGYAFP:0.36363636363636365	IEVNGYAF:0.3181818181818182	TLPNLTYL:0.22727272727272727	YPVHGALV:0.22727272727272727	NYYGLDID:0.22727272727272727	NLTYLSIF:0.22727272727272727	GRYFPQNW:0.22727272727272727	VTTALAPK:0.2727272727272727	IGRYFPQN:0.22727272727272727	GLDIDFEY:0.2727272727272727	PNLTYLSI:0.22727272727272727	WTIGRYFP:0.22727272727272727	SYWTIGRY:0.22727272727272727	APLMVITN:0.2727272727272727	YWTIGRYF:0.22727272727272727	DYPVHGAL:0.3181818181818182	HDYPVHGA:0.3181818181818182	TIGRYFPQ:0.22727272727272727	LPNLTYLS:0.22727272727272727	KNYYGLDI:0.22727272727272727	RYFPQNWL:0.2727272727272727	YFPQNWLV:0.4090909090909091	KTLPNLTY:0.22727272727272727	GYDWTLPY:0.36363636363636365	PLMVITNI:0.22727272727272727	IDFEYIYP:0.2727272727272727	NGYAFPNI:0.3181818181818182	LDIDFEYI:0.22727272727272727	GQTLVILE:0.3181818181818182	QTLVILEG:0.22727272727272727	VNGYAFPN:0.3181818181818182	DIDFEYIY:0.22727272727272727	VGQTLVIL:0.3181818181818182	FMGIPNYG:0.22727272727272727	IFMGIPNY:0.22727272727272727	KIFMGIPN:0.22727272727272727	
