cluster number:528
CBM50:38	CBM50:38
FVKAGQLI:0.21052631578947367	DLETGDSV:0.21052631578947367	GGSTGRST:0.2631578947368421	AGYYAIWD:0.23684210526315788	TSALFNYY:0.21052631578947367	DLDLETGD:0.3157894736842105	AFDGVVRI:0.23684210526315788	GSTGRSTG:0.2894736842105263	EVRYEGNP:0.21052631578947367	VRYEGNPI:0.21052631578947367	LDLETGDS:0.21052631578947367	GVDLDLET:0.2631578947368421	HLHFEVRY:0.2894736842105263	GYYAIWDT:0.23684210526315788	VDLDLETG:0.2631578947368421	LSIVSEDT:0.23684210526315788	STGRSSGP:0.3157894736842105	LETLYGHM:0.2631578947368421	RSSGPHLH:0.34210526315789475	GSTGRSSG:0.3684210526315789	GLETLYGH:0.6842105263157895	GGSTGRSS:0.2894736842105263	NGLETLYG:0.6842105263157895	TLYGHMSK:0.23684210526315788	GRSSGPHL:0.34210526315789475	TGRSSGPH:0.34210526315789475	ETLYGHMS:0.2631578947368421	HFETRYEG:0.23684210526315788	TRYEGNPF:0.21052631578947367	YNGLETLY:0.39473684210526316	RHYNGLET:0.4473684210526316	LHFETRYE:0.23684210526315788	TLYGHLSK:0.39473684210526316	ETLYGHLS:0.39473684210526316	ETRYEGNP:0.21052631578947367	HYNGLETL:0.39473684210526316	HLHFETRY:0.2894736842105263	LETLYGHL:0.42105263157894735	FETRYEGN:0.21052631578947367	VRHYNGLE:0.3684210526315789	LGGSTGRS:0.2631578947368421	GLGGSTGR:0.2631578947368421	LVRHYNGL:0.23684210526315788	
