cluster number:211
CBM50:12	CBM50:12
PTLNAQGQ:0.25	QVVPTLNA:0.25	AKAYKLPV:0.25	AGPGRHRV:0.25	PVAVTPIP:0.3333333333333333	VGTRLYLT:0.3333333333333333	NAVMPRPA:0.25	VAKGQTLT:0.4166666666666667	NLRNANHV:0.25	GGSQVVPT:0.3333333333333333	YLAVNCSA:0.5	VQTKPVQA:0.25	PLQVDWGN:0.25	TLTQIAKA:0.4166666666666667	NANHVEVG:0.3333333333333333	GQTLTQIA:0.6666666666666666	PSNAVMPR:0.25	PAFKPVAV:0.25	LNNLRNAN:0.25	KPVVKAKP:0.25	PNKVEVGT:0.3333333333333333	VPTLNAQG:0.25	TQIAKAYK:0.3333333333333333	AAKPKQTL:0.25	GATEHTVA:0.3333333333333333	LAALLLTA:0.25	PGPTVTAG:0.25	ATEHTVAK:0.3333333333333333	ASVTVRSG:0.25	LRLPSNAV:0.25	TRLYLTDP:0.25	KKPVVKAK:0.25	QIAKAYKL:0.3333333333333333	YKLPVASL:0.25	RSGETLSD:0.3333333333333333	WQAMGGSQ:0.25	SWKTWEAP:0.25	AQGQALYL:0.25	SVTVRSGE:0.25	VEVGQTLR:0.25	KSADWRTY:0.25	QGQALYLA:0.4166666666666667	DWRTYGPL:0.5	GETLSDIA:0.6666666666666666	RFEKDLVK:0.3333333333333333	PRPAFKPV:0.25	NHVEVGQT:0.4166666666666667	LAKSADWR:0.25	LPVASLIS:0.25	AALLLTAW:0.25	KGQTLTQI:0.4166666666666667	WRTYGPLQ:0.5833333333333334	GQALYLAV:0.4166666666666667	EKDLVKDR:0.5	LQVDWGNW:0.25	PVQAKKPV:0.25	TVRSGETL:0.3333333333333333	LMALNNLR:0.25	AKSADWRT:0.25	VDWGNWQA:0.25	VPGPTVTA:0.25	DWGNWQAM:0.25	DLMALNNL:0.25	VTPIPGAT:0.3333333333333333	TAWFPLSA:0.25	PIPGATEH:0.3333333333333333	TEHTVAKG:0.3333333333333333	GQTLRLPS:0.4166666666666667	GNWQAMGG:0.25	ALAALLLT:0.25	AVMPRPAF:0.25	QTLAKSAD:0.25	SGETLSDI:0.4166666666666667	AKPKQTLA:0.25	VEVGTRLY:0.3333333333333333	VAVTPIPG:0.3333333333333333	NAQGQALY:0.25	RPAFKPVA:0.25	ALYLAVNC:0.4166666666666667	NWQAMGGS:0.25	KPVAVTPI:0.3333333333333333	TLRLPSNA:0.25	QAKKPVVK:0.25	TLAKSADW:0.25	IPGATEHT:0.3333333333333333	HTVAKGQT:0.4166666666666667	KQTLAKSA:0.25	PKQTLAKS:0.25	VQAKKPVV:0.25	TYGPLQVD:0.6666666666666666	QAMGGSQV:0.25	KPKQTLAK:0.25	VVPTLNAQ:0.25	KAYKLPVA:0.25	FEKDLVKD:0.5	KLPVASLI:0.25	IAKAYKLP:0.3333333333333333	LYLAVNCS:0.5	TPIPGATE:0.3333333333333333	TVAKGQTL:0.4166666666666667	VMPRPAFK:0.25	DPNKVEVG:0.25	LRNANHVE:0.4166666666666667	ALLLTAWF:0.25	HVEVGQTL:0.4166666666666667	GTRLYLTD:0.25	RLPSNAVM:0.25	KDLVKDRC:0.5	LPSNAVMP:0.25	DLVKDRCQ:0.4166666666666667	EVGQTLRL:0.25	QALYLAVN:0.4166666666666667	ADWRTYGP:0.4166666666666667	TKPVQAKK:0.25	ANHVEVGQ:0.3333333333333333	PVASLISI:0.25	GSQVVPTL:0.3333333333333333	RTYGPLQV:0.5833333333333334	FKPVAVTP:0.3333333333333333	EVGTRLYL:0.3333333333333333	KPVQAKKP:0.25	LLTAWFPL:0.25	GPLQVDWG:0.25	QTLTQIAK:0.4166666666666667	LTAWFPLS:0.25	VGQTLRLP:0.25	AMGGSQVV:0.25	AKGQTLTQ:0.4166666666666667	RDLMALNN:0.25	PVVKAKPV:0.25	LTQIAKAY:0.4166666666666667	PGATEHTV:0.3333333333333333	AFKPVAVT:0.25	WKTWEAPK:0.25	AASVTVRS:0.25	MPRPAFKP:0.25	VASLISIN:0.25	VTVRSGET:0.3333333333333333	MGGSQVVP:0.5	WGNWQAMG:0.25	QTLRLPSN:0.25	EHTVAKGQ:0.4166666666666667	SADWRTYG:0.25	AKKPVVKA:0.25	YGPLQVDW:0.8333333333333334	LNAQGQAL:0.25	KVEVGTRL:0.3333333333333333	TLNAQGQA:0.25	SQVVPTLN:0.3333333333333333	NNLRNANH:0.25	QVDWGNWQ:0.25	SNAVMPRP:0.25	LLLTAWFP:0.25	GSWKTWEA:0.25	NKVEVGTR:0.3333333333333333	QTKPVQAK:0.25	ALNNLRNA:0.25	RLYLTDPS:0.25	RNANHVEV:0.3333333333333333	MALNNLRN:0.25	AYKLPVAS:0.25	VRSGETLS:0.3333333333333333	AVTPIPGA:0.3333333333333333	GADGSWKT:0.25	ATGADGSW:0.3333333333333333	NATGADGS:0.3333333333333333	INATGADG:0.3333333333333333	VSVGTLMR:0.25	ADGSWKTW:0.25	TGADGSWK:0.4166666666666667	GVSVGTLM:0.25	KINATGAD:0.3333333333333333	WANWQPMG:0.3333333333333333	ETLSDIAA:0.4166666666666667	VKPGETLS:0.25	VDWANWQP:0.3333333333333333	TVKPGETL:0.25	GPLQVDWA:0.5	LQVDWANW:0.5	PLQVDWAN:0.5	QVDWANWQ:0.4166666666666667	NWQPMGGS:0.3333333333333333	TLSDIAAR:0.4166666666666667	GETLSEIA:0.25	DWANWQPM:0.3333333333333333	ANWQPMGG:0.3333333333333333	EVGQTLKL:0.25	LTQIARAY:0.25	QTLTQIAR:0.25	TLTQIARA:0.25	RGQTLTQI:0.25	VGQTLKLP:0.25	VEVGQTLK:0.25	LKLPSNAV:0.25	PMGGSQVV:0.25	QTLKLPSN:0.25	TLKLPSNA:0.25	GQTLKLPS:0.25	LSDIAARY:0.25	
