cluster number:481
CBM50:21	CBM50:21
STGPHLHF:0.42857142857142855	VGSTGRST:0.7619047619047619	TGRSTGPH:0.38095238095238093	GRSTGPHL:0.38095238095238093	GPHLHFEV:0.3333333333333333	TGPHLHFE:0.38095238095238093	RSTGPHLH:0.38095238095238093	STGRSTGP:0.38095238095238093	GSTGRSTG:0.7619047619047619	NDSWWLIA:0.47619047619047616	TETIPFDV:0.3333333333333333	AKTHDQIE:0.23809523809523808	HFEVIING:0.3333333333333333	SWWLIARK:0.5238095238095238	WLIARKND:0.38095238095238093	TVNPLNYL:0.23809523809523808	KVTPYLTV:0.23809523809523808	LVGSTGRS:0.5238095238095238	NGDTVNPL:0.23809523809523808	LIARKNDM:0.23809523809523808	HLHFEVII:0.3333333333333333	GDTVNPLN:0.23809523809523808	IGLVGSTG:0.5714285714285714	FEVIINGD:0.23809523809523808	ETIPFDVE:0.23809523809523808	DSWWLIAR:0.5238095238095238	WWLIARKN:0.5238095238095238	INGDTVNP:0.23809523809523808	TRYAHASK:0.2857142857142857	GLVGSTGR:0.47619047619047616	LHFEVIIN:0.3333333333333333	ILIDHGNG:0.23809523809523808	EVIINGDT:0.23809523809523808	STGRSTGS:0.2857142857142857	GRSTGSHL:0.2857142857142857	TIGLVGST:0.42857142857142855	EVLAANPG:0.23809523809523808	GETIGLVG:0.2857142857142857	ENDSWWLI:0.23809523809523808	TGSHLHFE:0.42857142857142855	TGRSTGSH:0.2857142857142857	STGSHLHF:0.38095238095238093	VDEKVTKE:0.23809523809523808	ASASRGSG:0.23809523809523808	RSTGSHLH:0.2857142857142857	ETIGLVGS:0.2857142857142857	VASASRGS:0.23809523809523808	WLIARKNN:0.23809523809523808	SHLHFEVI:0.23809523809523808	GSHLHFEV:0.2857142857142857	
