cluster number:554
CBM50:38	CBM50:38
STGPHLHF:0.7894736842105263	TLYAHNSR:0.34210526315789475	AGWNSGGY:0.4473684210526316	DIAAPIGT:0.21052631578947367	AAPIGTPI:0.23684210526315788	LYAHNSRI:0.23684210526315788	GIDIAAPI:0.21052631578947367	TGPHLHFE:0.8157894736842105	IDIAAPIG:0.21052631578947367	IAAPIGTP:0.21052631578947367	GRRWGRMH:0.23684210526315788	GWNSGGYG:0.631578947368421	VTLYAHNS:0.21052631578947367	WGRMHRGI:0.47368421052631576	GFSTGPHL:0.4473684210526316	GRMHRGID:0.47368421052631576	FNGYIWPA:0.2894736842105263	HLHFEIHP:0.34210526315789475	NSGGYGNL:0.5263157894736842	GPHLHFEI:0.5263157894736842	MHRGIDIA:0.47368421052631576	RMHRGIDI:0.47368421052631576	TAGWNSGG:0.2631578947368421	FSTGPHLH:0.4473684210526316	GTPIFAAA:0.21052631578947367	MGSTGFST:0.47368421052631576	TGFSTGPH:0.5	GSTGFSTG:0.5	SVTLYAHN:0.39473684210526316	VNPMAFLP:0.21052631578947367	SGGYGNLV:0.5263157894736842	WNSGGYGN:0.5526315789473685	RGIDIAAP:0.34210526315789475	VITAGWNS:0.21052631578947367	HRGIDIAA:0.34210526315789475	PHLHFEIH:0.34210526315789475	GSVTLYAH:0.3684210526315789	ITAGWNSG:0.21052631578947367	GYIWPAKG:0.21052631578947367	DGSVTLYA:0.3684210526315789	STGFSTGP:0.47368421052631576	RWGRMHRG:0.47368421052631576	AVNPMAFL:0.21052631578947367	GGYGNLVK:0.3684210526315789	RGIDIAGP:0.23684210526315788	AEMGSTGF:0.21052631578947367	EMGSTGFS:0.23684210526315788	GYGNLVEI:0.21052631578947367	YGWRWGRM:0.23684210526315788	GGYGNLVE:0.2631578947368421	GWRWGRMH:0.2631578947368421	HRGIDIAG:0.23684210526315788	QGQQIAEM:0.2894736842105263	QQIAEMGS:0.2631578947368421	GQQIAEMG:0.2894736842105263	QIAEMGST:0.2631578947368421	IAEMGSTG:0.39473684210526316	GYGNLVKL:0.21052631578947367	IDIAAPVG:0.23684210526315788	IAAPVGTP:0.23684210526315788	DIAAPVGT:0.23684210526315788	GIDIAAPV:0.23684210526315788	PHLHFEVH:0.23684210526315788	GPHLHFEV:0.23684210526315788	HLHFEVHP:0.21052631578947367	
