cluster number:99
CBM50:21	CBM50:21
ANRDVLDD:0.8095238095238095	RDVLDDPD:0.8095238095238095	NRDVLDDP:0.8095238095238095	GQTLKLPP:0.6666666666666666	GTYTVQKG:0.6190476190476191	DVLDDPDK:0.7619047619047619	SKIAKQHL:0.5238095238095238	KADFSGVS:0.38095238095238093	KQHLGDAN:0.5238095238095238	PDKIFPGQ:0.6666666666666666	AWKKIFEA:0.6190476190476191	TVQKGDSL:0.6666666666666666	GGTYTVQK:0.5238095238095238	GDSLSKIA:0.9047619047619048	WKKIFEAN:0.6190476190476191	DANAWKKI:0.5714285714285714	DKIFPGQT:0.6666666666666666	LGDANAWK:0.6666666666666666	ADFSGVSA:0.38095238095238093	VPKADFSG:0.5238095238095238	VSGGTYTV:0.38095238095238093	FEANRDVL:0.9047619047619048	SASVDSTA:0.38095238095238093	IFPGQTLK:0.6666666666666666	IAKQHLGD:0.5238095238095238	EKKADFSG:0.5238095238095238	VDSTAEQV:0.23809523809523808	AKQHLGDA:0.5238095238095238	VQKGDSLS:0.6666666666666666	FPGQTLKL:0.6190476190476191	TYTVQKGD:0.6190476190476191	HLGDANAW:0.5238095238095238	SGGTYTVQ:0.38095238095238093	GDANAWKK:0.5714285714285714	KKIFEANR:0.6190476190476191	DPDKIFPG:0.6666666666666666	SGVSASVD:0.42857142857142855	MSTEKKAD:0.5238095238095238	KIFPGQTL:0.6666666666666666	KIFEANRD:0.6190476190476191	TEKKADFS:0.5238095238095238	IFEANRDV:0.9047619047619048	LSKIAKQH:0.5238095238095238	STEKKADF:0.5238095238095238	EANRDVLD:0.7619047619047619	NAWKKIFE:0.6190476190476191	VSASVDST:0.38095238095238093	KIAKQHLG:0.5238095238095238	GVSASVDS:0.38095238095238093	QTLKLPPK:0.6666666666666666	YTVQKGDS:0.6666666666666666	VVSGGTYT:0.3333333333333333	PGQTLKLP:0.8571428571428571	DFSGVSAS:0.42857142857142855	QKGDSLSK:0.6190476190476191	DSLSKIAK:0.9047619047619048	ANAWKKIF:0.5714285714285714	DDPDKIFP:0.5714285714285714	KGDSLSKI:0.6190476190476191	PKADFSGV:0.5238095238095238	QHLGDANA:0.5238095238095238	FSGVSASV:0.42857142857142855	SLSKIAKQ:0.6190476190476191	QVPKADFS:0.38095238095238093	KKADFSGV:0.6190476190476191	VLDDPDKI:0.7619047619047619	LDDPDKIF:0.5714285714285714	ASVDSTAE:0.47619047619047616	RIFEANRD:0.23809523809523808	FSGVTASV:0.2857142857142857	KADFSGVT:0.23809523809523808	ADFSGVTA:0.23809523809523808	DFSGVTAS:0.2857142857142857	SGVTASVD:0.2857142857142857	
