cluster number:142
CBM50:58	CBM50:58|GH23:46|GH0:1
IPSSGEWA:0.25862068965517243	IGTMQVIP:0.5	ANAIGTMQ:0.5172413793103449	GTMQVIPS:0.39655172413793105	PSSGEWAS:0.2413793103448276	GVAIIRAL:0.22413793103448276	AIGTMQVI:0.5	QVIPSSGE:0.25862068965517243	VIPSSGEW:0.25862068965517243	SPANAIGT:0.5	NAIGTMQV:0.5	TMQVIPSS:0.39655172413793105	AVSPANAI:0.5	MQVIPSSG:0.5689655172413793	AGVAIIRA:0.2413793103448276	PANAIGTM:0.5	VSPANAIG:0.6551724137931034	VIPSSGQW:0.22413793103448276	GDTLSAIA:0.3275862068965517	GDTLSGIA:0.25862068965517243	AIAGYYQG:0.5	PSSGQWAS:0.22413793103448276	IPSSGQWA:0.22413793103448276	QVIPSSGQ:0.22413793103448276	YTVKAGDT:0.22413793103448276	TVKAGDTL:0.22413793103448276	VKAGDTLS:0.22413793103448276	NKALLNAS:0.20689655172413793	ASDLVGRK:0.27586206896551724	TTAALPAV:0.20689655172413793	ADTARRMG:0.2413793103448276	AGYYQGQY:0.3448275862068966	AGDTLSAI:0.25862068965517243	IAGYYQGQ:0.3793103448275862	IYPGQKIK:0.29310344827586204	LDPYDNAT:0.2413793103448276	KLNLLDPY:0.2413793103448276	LVGRKLNL:0.29310344827586204	RKLNLLDP:0.25862068965517243	WASDLVGR:0.3448275862068966	DLVGRKLN:0.2413793103448276	IVADTARR:0.22413793103448276	ALLNASPV:0.20689655172413793	SIIYPGQK:0.29310344827586204	GDTLGAIA:0.22413793103448276	TAIAGYYQ:0.29310344827586204	PYDNATAG:0.2413793103448276	QGQYSVSK:0.2413793103448276	SVSKYGMY:0.20689655172413793	LLDPYDNA:0.2413793103448276	SDLVGRKL:0.27586206896551724	GYYQGQYS:0.3448275862068966	NLLDPYDN:0.27586206896551724	LLNASPVP:0.20689655172413793	KALLNASP:0.20689655172413793	DNATAGVA:0.2413793103448276	YYQGQYSV:0.3620689655172414	VGRKLNLL:0.27586206896551724	QYSVSKYG:0.20689655172413793	YSVSKYGM:0.20689655172413793	RAVSPANA:0.3103448275862069	NATAGVAI:0.2413793103448276	LNLLDPYD:0.27586206896551724	YQGQYSVS:0.3103448275862069	LNASPVPS:0.20689655172413793	YDNATAGV:0.2413793103448276	ATAGVAII:0.2413793103448276	DTAIAGYY:0.25862068965517243	VADTARRM:0.2413793103448276	DTLGAIAA:0.20689655172413793	PSLALAFA:0.2413793103448276	GQYSVSKY:0.20689655172413793	YPGQKIKV:0.20689655172413793	QRAVSPAN:0.25862068965517243	TAGVAIIR:0.3275862068965517	DPYDNATA:0.2413793103448276	IIYPGQKI:0.27586206896551724	DTARRMGV:0.2413793103448276	GRKLNLLD:0.25862068965517243	
