cluster number:424
CBM50:60	CBM50:60
GSPFDMMK:0.23333333333333334	NYFSHTSP:0.2833333333333333	YGSPFDMM:0.3	HYWTQMFI:0.2833333333333333	GENIAAGQ:0.3	GHYWTQMF:0.25	DTMWKIAV:0.23333333333333334	TMWKIAVK:0.21666666666666667	WKIAVKYQ:0.25	MWKIAVKY:0.21666666666666667	AGENIAAG:0.2833333333333333	GDTMWKIA:0.2	GHRKNILS:0.2	WELSRVAR:0.21666666666666667	FSHTSPTY:0.43333333333333335	AGENIAMG:0.25	SPTYGSPF:0.75	NWELSRVA:0.2833333333333333	GENIAMGQ:0.23333333333333334	KNYFSHTS:0.23333333333333334	HTSPTYGS:0.45	SHTSPTYG:0.43333333333333335	YFSHTSPT:0.43333333333333335	TSPTYGSP:0.45	WMNSPGHR:0.43333333333333335	NSPTYGSP:0.25	PTYGSPFD:0.3	TYGSPFDM:0.3	HNSPTYGS:0.25	LSRVARYK:0.26666666666666666	TEIGVGYA:0.2	VARYKSQD:0.35	SRVARYKS:0.2833333333333333	RVARYKSQ:0.35	ARYKSQDM:0.4166666666666667	YGHYWTQM:0.21666666666666667	RYKSQDMI:0.31666666666666665	YKSQDMID:0.21666666666666667	KSQDMIDK:0.2	TAGENIAA:0.25	TYGSPFTM:0.2	
