cluster number:348
CBM50:17	CBM50:17
GVIGGTPT:0.23529411764705882	MVSNCNKF:0.29411764705882354	GMVSNCNK:0.29411764705882354	WNPAVGKD:0.23529411764705882	YCVGVPGT:0.23529411764705882	VGVPGTPT:0.23529411764705882	CVGVPGTP:0.23529411764705882	NPAVGKDC:0.23529411764705882	KWNPAVGK:0.23529411764705882	FIKWNPAV:0.23529411764705882	IKWNPAVG:0.23529411764705882	
