cluster number:63
CBM50:68	CBM50:68
GDRLLPAP:0.27941176470588236	RGDTLWGI:0.4117647058823529	YTVKRGDT:0.27941176470588236	NPHLIFPG:0.27941176470588236	TLWGISGM:0.2647058823529412	HLIFPGQT:0.22058823529411764	LWGISGMY:0.25	FPGQTLYL:0.23529411764705882	PFLVEPLV:0.22058823529411764	PHLIFPGQ:0.27941176470588236	ELAPNAPD:0.2647058823529412	GDTLWGIS:0.39705882352941174	QRATAQQV:0.3235294117647059	RVGDRLVN:0.23529411764705882	PELWGMNL:0.6029411764705882	LIEPFLVE:0.23529411764705882	VRVGDRLV:0.25	HLIEPFLV:0.23529411764705882	WRWPELWG:0.8529411764705882	DTLWGISG:0.3382352941176471	GVRVGDRL:0.22058823529411764	TVKRGDTL:0.29411764705882354	LIFPGQTL:0.22058823529411764	IFPGQTLY:0.23529411764705882	FLVEPLVV:0.22058823529411764	ARVVSIYG:0.20588235294117646	VGDRLVNP:0.2647058823529412	LVEPLVVD:0.22058823529411764	VKRGDTLW:0.5735294117647058	PWRWPELW:0.7941176470588235	IEPFLVEP:0.23529411764705882	AQNQVVAI:0.23529411764705882	WGISGMYL:0.25	RPWRWPEL:0.38235294117647056	KRGDTLWG:0.36764705882352944	RAGDRLLP:0.3235294117647059	EPFLVEPL:0.22058823529411764	AAQNQVVA:0.23529411764705882	QNQVVAIN:0.22058823529411764	WPELWGMN:0.8529411764705882	RWPELWGM:0.8529411764705882	VRVSPRTR:0.3088235294117647	YVVKRGDT:0.22058823529411764	PGQTLYLE:0.22058823529411764	DRVSYALI:0.23529411764705882	LGYEAQYV:0.22058823529411764	INRGTRDG:0.20588235294117646	ELWGMNLQ:0.29411764705882354	RVSYALIL:0.22058823529411764	ETVRVSPR:0.22058823529411764	TVRVSPRT:0.3088235294117647	FDRVSYAL:0.39705882352941174	VVKRGDTL:0.25	GVPLSELA:0.3235294117647059	GQTLYLEK:0.22058823529411764	RATAQQVA:0.29411764705882354	PHLIEPFL:0.3088235294117647	TFDRVSYA:0.36764705882352944	PHLIYPGQ:0.4117647058823529	SPWRWPEL:0.3088235294117647	NPHLIYPG:0.4117647058823529	GDRAYARG:0.36764705882352944	TGEILGYE:0.29411764705882354	GDTLWAIS:0.25	RGDRAYAR:0.20588235294117646	RLLPEPPR:0.22058823529411764	IYPGQVLY:0.20588235294117646	DRLLPEPP:0.23529411764705882	IEPFLAEP:0.23529411764705882	FRTFDRVS:0.3088235294117647	RTFDRVSY:0.3088235294117647	YPGQVLYL:0.20588235294117646	MVFRTFDR:0.3235294117647059	GDRLLPEP:0.23529411764705882	VFRTFDRV:0.3088235294117647	VPLSELAP:0.23529411764705882	KSPWRWPE:0.20588235294117646	LKSPWRWP:0.20588235294117646	EILGYEAQ:0.29411764705882354	GEILGYEA:0.27941176470588236	ILGYEAQY:0.29411764705882354	
