cluster number:453
CBM50:210	CBM50:210|GH23:111
STGPHLHF:0.3952380952380952	TGPHLHFE:0.7428571428571429	PHLHFEVR:0.43333333333333335	GSTGNSTG:0.37142857142857144	GNSTGPHL:0.38571428571428573	NSTGPHLH:0.38571428571428573	STGNSTGP:0.37142857142857144	TGNSTGPH:0.38571428571428573	GPHLHFEV:0.44285714285714284	ATGNVTGP:0.22857142857142856	SGYHTGVD:0.37142857142857144	GYHTGVDF:0.5666666666666667	TGNVTGPH:0.2523809523809524	GTVVSAGW:0.2761904761904762	VTGPHLHF:0.24761904761904763	SSGYHTGV:0.34285714285714286	GPHLHFEI:0.36666666666666664	WSSGYHTG:0.4666666666666667	GNVTGPHL:0.24761904761904763	MPAKGKHR:0.23333333333333334	MWSSGYHT:0.2	PAKGKHRR:0.23333333333333334	NVTGPHLH:0.24761904761904763	SGATGNVT:0.22857142857142856	VVSAGWGG:0.2761904761904762	AGTVVSAG:0.20476190476190476	GATGNVTG:0.22857142857142856	HLHFEIRT:0.32857142857142857	VPTGTSVK:0.22857142857142856	PHLHFEIR:0.3619047619047619	GVDFPVPT:0.22857142857142856	TGNGYYGG:0.2904761904761905	HTGVDFPV:0.3476190476190476	TGVDFPVP:0.23333333333333334	ASLTVTAG:0.2619047619047619	GNGYYGGL:0.3380952380952381	IAVAEKVL:0.21904761904761905	GRHRRYQP:0.3	YHTGVDFP:0.3380952380952381	GQGPGAWP:0.3047619047619048	AYLRAGGV:0.22380952380952382	PVPTGTSV:0.20476190476190476	TVTAGGAG:0.2619047619047619	NRASLTVT:0.2857142857142857	LDGQGPGA:0.22380952380952382	LTVTAGGA:0.2619047619047619	NGYYGGLQ:0.3380952380952381	RINRASLT:0.2761904761904762	INTGNGYY:0.22380952380952382	RASLTVTA:0.28095238095238095	SLTVTAGG:0.2619047619047619	DFPVPTGT:0.23809523809523808	VDFPVPTG:0.22857142857142856	NTGNGYYG:0.2857142857142857	FPVPTGTS:0.21428571428571427	QIAVAEKV:0.21904761904761905	DGQGPGAW:0.22380952380952382	VLDGQGPG:0.22380952380952382	YSQYAHLS:0.3952380952380952	DPLAYLRA:0.21428571428571427	GYYGGLQF:0.3380952380952381	INRASLTV:0.2714285714285714	AVRGRHRR:0.2	HLHFEVRT:0.3952380952380952	WSKGYHTG:0.2	HFEVRTGP:0.37142857142857144	RGRHRRYQ:0.20952380952380953	LHFEVRTG:0.3761904761904762	SQYAHLSA:0.24761904761904763	APRADLAT:0.23333333333333334	MAVRGRHR:0.2	FEVRTGPG:0.23333333333333334	RSGSTGNS:0.2523809523809524	YAPRADLA:0.28095238095238095	GRSGSTGN:0.2	SWSSGYHT:0.22380952380952382	SGSTGNST:0.32857142857142857	DIDPLAYL:0.22380952380952382	SDIDPLAY:0.20952380952380953	IDPLAYLR:0.22380952380952382	GSDIDPLA:0.23333333333333334	GPGAWPVC:0.23333333333333334	PGAWPVCS:0.22857142857142856	QGPGAWPV:0.23333333333333334	
