cluster number:545
CBM50:11	CBM50:11
GDTLWKVA:0.2727272727272727	TAIFEANR:0.2727272727272727	DLIYPGQK:0.36363636363636365	IYPGQKIR:0.5454545454545454	AIFEANRE:0.2727272727272727	LIYPGQKI:0.5454545454545454	YYEIQKGD:0.2727272727272727	EIQKGDTL:0.2727272727272727	PDLIYPGQ:0.45454545454545453	KDPDLIYP:0.2727272727272727	ANREVIKD:0.7272727272727273	FEANREVI:0.8181818181818182	YPGQKIRI:0.5454545454545454	KGDTLWKV:0.2727272727272727	IQKGDTLW:0.2727272727272727	YTAIFEAN:0.2727272727272727	IFEANREV:0.6363636363636364	DPDLIYPG:0.36363636363636365	NREVIKDP:0.5454545454545454	YEIQKGDT:0.2727272727272727	EANREVIK:0.7272727272727273	KYTAIFEA:0.2727272727272727	QKGDTLWK:0.2727272727272727	GQKIRIPK:0.5454545454545454	PGQKIRIP:0.8181818181818182	EVIKDPDL:0.45454545454545453	IKDPDLIY:0.2727272727272727	VIKDPDLI:0.45454545454545453	REVIKDPD:0.45454545454545453	DLIFPGQK:0.2727272727272727	IFPGQKIR:0.2727272727272727	DPDLIFPG:0.2727272727272727	IKDPDLIF:0.2727272727272727	FPGQKIRI:0.2727272727272727	KAVLMAGN:0.2727272727272727	LIFPGQKI:0.2727272727272727	PDLIFPGQ:0.2727272727272727	KDPDLIFP:0.2727272727272727	DSLSKIAK:0.2727272727272727	GDSLSKIA:0.2727272727272727	
