cluster number:107
CBM50:46	CBM50:46
APEPRTYT:0.2391304347826087	KLVLQDDR:0.34782608695652173	VLQDDRNL:0.5217391304347826	IAERFYGD:0.717391304347826	GAYTLTLQ:0.717391304347826	SGDTLWAI:0.5434782608695652	PAAVEEPA:0.21739130434782608	PAPEPRTY:0.2391304347826087	RTYTVVSG:0.2826086956521739	RFYGDGNQ:0.2608695652173913	YTVVSGDT:0.32608695652173914	VVSGDTLW:0.32608695652173914	LTSNNGAY:0.2391304347826087	AIAERFYG:0.6739130434782609	NNGAYTLT:0.2826086956521739	AYTLTLQD:0.6304347826086957	DVKLVLQD:0.30434782608695654	DDRNLVLY:0.4782608695652174	VSGDTLWA:0.30434782608695654	QDDRNLVL:0.4782608695652174	WAIAERFY:0.6304347826086957	DTLWAIAE:0.6739130434782609	FYGDGNQY:0.2826086956521739	TVVSGDTL:0.3695652173913043	VKLVLQDD:0.34782608695652173	LWAIAERF:0.6086956521739131	TYTVVSGD:0.2826086956521739	PEPRTYTV:0.2391304347826087	EPAPAPEP:0.2608695652173913	YGDGNQYQ:0.2826086956521739	ERFYGDGN:0.5869565217391305	AERFYGDG:0.782608695652174	AAVEEPAP:0.21739130434782608	LTLQDDGN:0.6521739130434783	LQDDRNLV:0.5434782608695652	DRNLVLYA:0.34782608695652173	NGAYTLTL:0.6521739130434783	TLQDDGNL:0.6521739130434783	PRTYTVVS:0.2608695652173913	TLTLQDDG:0.6304347826086957	TLWAIAER:0.6086956521739131	SNNGAYTL:0.2826086956521739	PGQVLTIP:0.43478260869565216	QDDGNLVL:0.6521739130434783	SLTSNNGA:0.2391304347826087	GDTLWAIA:0.6739130434782609	LVLQDDRN:0.4782608695652174	LQDDGNLV:0.6521739130434783	TSNNGAYT:0.2391304347826087	YTLTLQDD:0.6304347826086957	ERFYGDGS:0.21739130434782608	TDGNFVLY:0.21739130434782608	ASGIANPD:0.2608695652173913	WHTDTKGK:0.21739130434782608	NPDLIHPG:0.2826086956521739	FYGDGSKY:0.21739130434782608	QTDGNFVL:0.21739130434782608	HTDTKGKK:0.21739130434782608	KPVWHTDT:0.21739130434782608	ANPDLIHP:0.2391304347826087	SGIANPDL:0.2608695652173913	GIANPDLI:0.30434782608695654	RFYGDGSK:0.21739130434782608	DGNFVLYT:0.2826086956521739	FYGDGNRY:0.2608695652173913	DGNLVLSE:0.2391304347826087	RFYGDGNR:0.2608695652173913	ESGDTLWA:0.2608695652173913	YTVESGDT:0.2608695652173913	VESGDTLW:0.2608695652173913	TVESGDTL:0.2608695652173913	RNLVLYAA:0.21739130434782608	NLVLYAAD:0.2391304347826087	LYAADGPA:0.21739130434782608	LVLYAADG:0.2391304347826087	YAADGPAW:0.21739130434782608	VLYAADGP:0.21739130434782608	DDGNLVLA:0.2391304347826087	DGNLVLTE:0.21739130434782608	
