cluster number:27
GH12:13	GH12:13|3.2.1.151:1
AYDLFTSS:0.38461538461538464	IANVAYDL:0.23076923076923078	IIANVAYD:0.23076923076923078	VAYDLFTS:0.7692307692307693	NVAYDLFT:0.8461538461538461	WLSALGGA:0.23076923076923078	YDLFTSST:0.3076923076923077	ANVAYDLF:0.46153846153846156	TEPFQGKN:0.23076923076923078	FNWAGDNW:0.3076923076923077	AGTEPFQG:0.5384615384615384	DLFTSSTP:0.3076923076923077	DPKGGQCT:0.23076923076923078	EYELMVWL:0.38461538461538464	GDYTVYNN:0.23076923076923078	EPFQGKNA:0.23076923076923078	QVKSFANA:0.46153846153846156	YTVYNNLW:0.46153846153846156	VKSFANAA:0.46153846153846156	SFANAALK:0.3076923076923077	LGGAWPLT:0.46153846153846156	KSFANAAL:0.46153846153846156	AGDNWQVK:0.3076923076923077	VEYELMVW:0.38461538461538464	DYTVYNNL:0.3076923076923077	WQVKSFAN:0.46153846153846156	ALGGAWPL:0.5384615384615384	WAGDNWQV:0.3076923076923077	GTEPFQGK:0.23076923076923078	TSFNWAGD:0.3076923076923077	SFNWAGDN:0.23076923076923078	NWAGDNWQ:0.3076923076923077	FANAALKF:0.3076923076923077	GDNWQVKS:0.3076923076923077	SWQVKSFA:0.23076923076923078	CTGLDSVD:0.23076923076923078	DGNIITNV:0.23076923076923078	TTVFSYVA:0.23076923076923078	NGTVEYEL:0.23076923076923078	TIEYDYKY:0.23076923076923078	TVSKYSAA:0.3076923076923077	LFTSATAN:0.23076923076923078	QGKNGNTT:0.23076923076923078	GKNGNTTV:0.23076923076923078	ATLTVSKY:0.23076923076923078	AWHTSFNW:0.3076923076923077	PSTIEYDY:0.23076923076923078	WLAALGGA:0.38461538461538464	STIEYDYK:0.23076923076923078	EYDYKYDG:0.23076923076923078	GNTTVFSY:0.23076923076923078	KQFFDELP:0.23076923076923078	SIPSTIEY:0.3076923076923077	MVWLAALG:0.38461538461538464	VFSYVAVN:0.23076923076923078	DFNLYQGK:0.23076923076923078	TANGTVEY:0.23076923076923078	NATLTVSK:0.23076923076923078	AALGGAWP:0.38461538461538464	FKQFFDEL:0.23076923076923078	DSVDGSTI:0.23076923076923078	IITNVAYD:0.38461538461538464	GNIITNVA:0.23076923076923078	TVEYELMV:0.23076923076923078	FNLYQGKN:0.23076923076923078	ATANGTVE:0.23076923076923078	VWLAALGG:0.38461538461538464	KNGNTTVF:0.23076923076923078	GTVEYELM:0.23076923076923078	YELMVWLA:0.38461538461538464	LAALGGAW:0.38461538461538464	TGLDSVDG:0.23076923076923078	GLDSVDGS:0.23076923076923078	YDLFTSAT:0.3076923076923077	LYQGKNGN:0.23076923076923078	SATANGTV:0.23076923076923078	SKYSAAVN:0.23076923076923078	DLFTSATA:0.3076923076923077	IPSTIEYD:0.3076923076923077	ANGTVEYE:0.23076923076923078	DFKQFFDE:0.23076923076923078	TSATANGT:0.23076923076923078	TNVAYDLF:0.38461538461538464	ADFKQFFD:0.23076923076923078	IAWHTSFN:0.3076923076923077	LTVSKYSA:0.3076923076923077	ELMVWLAA:0.38461538461538464	GGAWPLTT:0.23076923076923078	ITNVAYDL:0.38461538461538464	NLYQGKNG:0.23076923076923078	NIITNVAY:0.23076923076923078	AYDLFTSA:0.3076923076923077	FTSATANG:0.23076923076923078	YQGKNGNT:0.23076923076923078	LDSVDGST:0.23076923076923078	VQAGTEPF:0.5384615384615384	VSKYSAAV:0.3076923076923077	NGNTTVFS:0.23076923076923078	YDGNIITN:0.23076923076923078	LMVWLAAL:0.38461538461538464	IEYDYKYD:0.23076923076923078	QCTGLDSV:0.3076923076923077	TVFSYVAV:0.23076923076923078	QAGTEPFQ:0.38461538461538464	VDFNLYQG:0.23076923076923078	NTTVFSYV:0.23076923076923078	TLTVSKYS:0.38461538461538464	SADFKQFF:0.23076923076923078	FSADFKQF:0.23076923076923078	HVQAGTEP:0.23076923076923078	GTEPFQGQ:0.23076923076923078	TVYNNLWG:0.3076923076923077	LTHVQAGT:0.23076923076923078	PFQGQNAT:0.23076923076923078	ELPADNTI:0.23076923076923078	THVQAGTE:0.23076923076923078	EPFQGQNA:0.23076923076923078	TEPFQGQN:0.23076923076923078	VYNNLWGE:0.23076923076923078	EIMVWLAA:0.3076923076923077	FTSSTPDG:0.23076923076923078	IMVWLAAI:0.3076923076923077	MVWLAAIG:0.3076923076923077	LFTSSTPD:0.23076923076923078	
