cluster number:17
GH12:36	GH12:36|3.2.1.151:7|CBM1:5|3.2.1.73:1|2.4.1.207:1
AGTEPFTG:0.5833333333333334	ALGGAGPI:0.4722222222222222	LGGAGPIS:0.4722222222222222	GGAGPISS:0.75	EYEIMIWL:0.3333333333333333	AGPISSTG:0.7222222222222222	GAGPISST:0.7222222222222222	GPISSTGS:0.5	KLYKGPNG:0.2222222222222222	TEPFTGSN:0.3055555555555556	ADVSYDLF:0.25	QAGTEPFT:0.3055555555555556	GTEPFTGS:0.5	EPFTGSNA:0.2777777777777778	IVADVAYD:0.2222222222222222	VQAGTEPF:0.2777777777777778	IMVWLAAL:0.25	WLAALGGA:0.3888888888888889	AALGGAGP:0.3888888888888889	TTVYSFVA:0.2777777777777778	YEIMVWLA:0.25	MVWLAALG:0.2222222222222222	EIMVWLAA:0.25	LAALGGAG:0.3888888888888889	VWLAALGG:0.2222222222222222	NGDTTVYS:0.25	EIMIWLAA:0.4444444444444444	DTTVYSFV:0.25	GDTTVYSF:0.25	YEIMIWLA:0.3333333333333333	GSQCTGVD:0.3611111111111111	SGSQCTGV:0.2777777777777778	LEAGTEPF:0.2222222222222222	
