cluster number:26
GH12:85	GH12:85|CBM2:66|3.2.1.4:7|CBM13:6|GH5_2:1
FNRVGPIQ:0.2	EPWQNGAG:0.36470588235294116	KSYPSVFN:0.3176470588235294	AVNSFSST:0.29411764705882354	ISSAPSSI:0.2	DPTPRTDG:0.27058823529411763	QAGFEPWQ:0.6823529411764706	PWQNGAGL:0.36470588235294116	DIWLDPTP:0.4823529411764706	HYTNCSPG:0.6941176470588235	YLTSIQAG:0.43529411764705883	WYLTSIQA:0.4235294117647059	VYNASYDI:0.3764705882352941	WLDPTPRT:0.3176470588235294	FRVTQADG:0.2235294117647059	YDIWLDPT:0.5647058823529412	NDVLSFVA:0.32941176470588235	PRTDGVNR:0.23529411764705882	PTPRTDGV:0.27058823529411763	RTEIMIWF:0.29411764705882354	QNNRWGTS:0.4235294117647059	WFNRVGPI:0.2	AVYNASYD:0.32941176470588235	IWLDPTPR:0.3764705882352941	SVFNGCHY:0.3176470588235294	LSFVAPSA:0.32941176470588235	PSVFNGCH:0.3176470588235294	IMIWFNRV:0.29411764705882354	MIWFNRVG:0.29411764705882354	GFEPWQNG:0.4117647058823529	FNGCHYTN:0.35294117647058826	VNSFSSTV:0.3176470588235294	VLSFVAPS:0.32941176470588235	LTSIQAGF:0.43529411764705883	VGPIQPIG:0.25882352941176473	RYVVQNNR:0.6235294117647059	VNRTEIMI:0.36470588235294116	WSFDVMDF:0.38823529411764707	FEPWQNGA:0.36470588235294116	CHYTNCSP:0.6941176470588235	YVVQNNRW:0.6941176470588235	QGRYVVQN:0.4235294117647059	GCHYTNCS:0.6941176470588235	NRVGPIQP:0.2	NNRWGTSA:0.3411764705882353	AGFEPWQN:0.4117647058823529	DGVNRTEI:0.3176470588235294	TQADGSVP:0.25882352941176473	SIQAGFEP:0.43529411764705883	NASYDIWL:0.5176470588235295	SYPSVFNG:0.3176470588235294	NGAGLAVN:0.27058823529411763	GPIQPIGS:0.36470588235294116	QNGAGLAV:0.32941176470588235	APKSYPSV:0.4470588235294118	GAGLAVNS:0.27058823529411763	TSIQAGFE:0.4470588235294118	GAPKSYPS:0.5294117647058824	NSFSSTVN:0.21176470588235294	PKSYPSVF:0.32941176470588235	IWFNRVGP:0.24705882352941178	YPSVFNGC:0.3176470588235294	ASYDIWLD:0.5176470588235295	TDGVNRTE:0.25882352941176473	VVQNNRWG:0.6941176470588235	SSAPSSIS:0.2	VQNNRWGT:0.5764705882352941	DVLSFVAP:0.3176470588235294	GVNRTEIM:0.4	VFNGCHYT:0.3176470588235294	AGLAVNSF:0.27058823529411763	GRYVVQNN:0.43529411764705883	GFRVTQAD:0.2235294117647059	SYDIWLDP:0.5176470588235295	NGCHYTNC:0.43529411764705883	NRTEIMIW:0.36470588235294116	TPRTDGVN:0.24705882352941178	SAPSSISY:0.24705882352941178	YTNCSPGT:0.6941176470588235	FDVMDFVR:0.36470588235294116	RTDGVNRT:0.24705882352941178	EIMIWFNR:0.3764705882352941	WQNGAGLA:0.32941176470588235	SWSFDVMD:0.32941176470588235	APSSISYG:0.24705882352941178	YNASYDIW:0.5411764705882353	LDPTPRTD:0.27058823529411763	TEIMIWFN:0.32941176470588235	SFDVMDFV:0.38823529411764707	SFVAPSAI:0.36470588235294116	LAVNSFSS:0.32941176470588235	GLAVNSFS:0.4588235294117647	IQAGFEPW:0.43529411764705883	QADGSVPT:0.32941176470588235	IQGRYVVQ:0.4	QPIGSPVG:0.3411764705882353	NQMEIMIW:0.2	GFEPWQGG:0.2823529411764706	TNCSPGTN:0.38823529411764707	ICEQYGST:0.27058823529411763	CEQYGSTT:0.23529411764705882	GVNQMEIM:0.2	PIGSPVGT:0.27058823529411763	NCSPGTNL:0.4470588235294118	AGFEPWQG:0.27058823529411763	SWYLTSIQ:0.27058823529411763	IGSPVGTA:0.24705882352941178	CSPGTNLP:0.49411764705882355	IQPIGSPV:0.3176470588235294	VNQMEIMI:0.2	EQYGSTTI:0.21176470588235294	VQAGFEPW:0.4470588235294118	VPTNGAPK:0.4	TNGAPKSY:0.4470588235294118	GSVPTNGA:0.36470588235294116	TTIQGRYV:0.3058823529411765	SVQAGFEP:0.4470588235294118	LTSVQAGF:0.4470588235294118	ADGSVPTN:0.36470588235294116	SVPTNGAP:0.36470588235294116	TSVQAGFE:0.4470588235294118	NGAPKSYP:0.4470588235294118	TIQGRYVV:0.3058823529411765	PTNGAPKS:0.43529411764705883	GFTADVTV:0.24705882352941178	YLTSVQAG:0.4470588235294118	WYLTSVQA:0.4470588235294118	DGSVPTNG:0.36470588235294116	GSIQPIGS:0.2	SPGTNLPA:0.2	QADTTICE:0.2	AYDIWLDP:0.2823529411764706	YDAAYDIW:0.23529411764705882	AAYDIWLD:0.29411764705882354	DAAYDIWL:0.24705882352941178	
