cluster number:6
GT43:11	GT43:11
CKRGGGAP:0.2727272727272727	GWYQRDMA:0.2727272727272727	GDDDNSYD:0.2727272727272727	KRGGGAPE:0.2727272727272727	FGDDDNSY:0.2727272727272727	YFGDDDNS:0.2727272727272727	WYQRDMAL:0.2727272727272727	TPTYKRIT:0.2727272727272727	MAGFAINL:0.36363636363636365	PETCLLED:0.5454545454545454	ADDDNSYD:0.45454545454545453	APETCLLE:0.6363636363636364	FAVDMAGF:0.5454545454545454	HWIVIEDG:0.45454545454545453	RFAVDMAG:0.36363636363636365	YFADDDNS:0.45454545454545453	RRFAVDMA:0.36363636363636365	ETCLLEDL:0.2727272727272727	IEPFGYEK:0.36363636363636365	DDNSYDLR:0.2727272727272727	VDMAGFAI:0.36363636363636365	EILVWHTK:0.2727272727272727	DNSYDLRL:0.2727272727272727	ILVWHTKT:0.2727272727272727	AVDMAGFA:0.5454545454545454	NSYDLRLF:0.2727272727272727	DMAGFAIN:0.36363636363636365	DIEPFGYE:0.36363636363636365	TCLLEDLG:0.2727272727272727	PTYKRITR:0.2727272727272727	NLHWIVIE:0.36363636363636365	GAPETCLL:0.6363636363636364	IIVITPTY:0.45454545454545453	DDDNSYDL:0.2727272727272727	FADDDNSY:0.45454545454545453	LHWIVIED:0.45454545454545453	VVYFADDD:0.5454545454545454	LGVWAVGL:0.2727272727272727	GVWAVGLV:0.2727272727272727	VITPTYRR:0.2727272727272727	VYFADDDN:0.5454545454545454	AGFAINLK:0.2727272727272727	HKTAKGYP:0.2727272727272727	IVITPTYR:0.2727272727272727	VWAVGLVG:0.2727272727272727	AVVYFADD:0.2727272727272727	WAVGLVGG:0.45454545454545453	TYMAHKTA:0.2727272727272727	CLLEDMGL:0.2727272727272727	VVTPTYKR:0.2727272727272727	IVVTPTYK:0.2727272727272727	LNSDAVFG:0.36363636363636365	FTDYIRNV:0.2727272727272727	GWYQRTMA:0.36363636363636365	ETCLLEDM:0.2727272727272727	RLFTDYIR:0.2727272727272727	EDIEPFGY:0.36363636363636365	YTYMAHKT:0.2727272727272727	LFTDYIRN:0.2727272727272727	SYTYMAHK:0.2727272727272727	TCLLEDMG:0.2727272727272727	WYQRTMAL:0.36363636363636365	RGWYQRTM:0.2727272727272727	LSYTYMAH:0.2727272727272727	NSDAVFGT:0.2727272727272727	DMAGFAVN:0.2727272727272727	DDDNSYDI:0.2727272727272727	MAGFAVNL:0.36363636363636365	DNSYDIRL:0.2727272727272727	DDNSYDIR:0.2727272727272727	NSYDIRLF:0.2727272727272727	DTFGYFVE:0.2727272727272727	AGFAVNLK:0.2727272727272727	
