cluster number:0
GT43:76	GT43:76|2.4.1.135:7
DMAGFAVN:0.25	GWKTVFDP:0.23684210526315788	WPVAFVGG:0.23684210526315788	RPVQKAEL:0.42105263157894735	ILVWHTRT:0.2236842105263158	VWHTRTEK:0.75	VWPVAFVG:0.23684210526315788	DDDNTYSL:0.5131578947368421	YSLELFEE:0.3026315789473684	PVQKAELT:0.3684210526315789	SLELFEEM:0.3026315789473684	KILVWHTR:0.21052631578947367	TYSRPVQK:0.3026315789473684	MAGFAVNL:0.21052631578947367	LHWILVED:0.2236842105263158	TPTYSRPV:0.3157894736842105	VAFVGGLR:0.23684210526315788	DDNTYSLE:0.40789473684210525	VSVWPVAF:0.2236842105263158	YSRPVQKA:0.3026315789473684	LELFEEMR:0.3026315789473684	FAIDMAGF:0.39473684210526316	KAELTRLA:0.32894736842105265	LFEEMRST:0.27631578947368424	VQKAELTR:0.4605263157894737	PVAFVGGL:0.23684210526315788	ELFEEMRS:0.25	NTYSLELF:0.40789473684210525	ALRWLRET:0.21052631578947367	YFADDDNT:0.5263157894736842	VYFADDDN:0.5526315789473685	ITPTYSRP:0.23684210526315788	AIDMAGFA:0.40789473684210525	AELTRLAN:0.2631578947368421	ADDDNTYS:0.6710526315789473	RPFAIDMA:0.39473684210526316	WHTRTEKP:0.4868421052631579	QKAELTRL:0.4605263157894737	PFAIDMAG:0.39473684210526316	IDMAGFAV:0.3684210526315789	FADDDNTY:0.7236842105263158	SVWPVAFV:0.2236842105263158	TYSLELFE:0.3026315789473684	SRPVQKAE:0.3026315789473684	FEEMRSTR:0.2236842105263158	DNTYSLEL:0.40789473684210525	ELTRLANT:0.2631578947368421	PTYSRPVQ:0.3026315789473684	LVWHTRTE:0.7105263157894737	VVYFADDD:0.4473684210526316	WPVGLVGG:0.5	VGLVGGLR:0.21052631578947367	SVWPVGLV:0.40789473684210525	VWPVGLVG:0.4868421052631579	RLVQKAEL:0.23684210526315788	VSVWPVGL:0.40789473684210525	PVGLVGGL:0.3026315789473684	GVSVWPVG:0.23684210526315788	QKAELVRL:0.21052631578947367	VQKAELVR:0.2236842105263158	GVVYFADD:0.39473684210526316	PRGVEQRN:0.3157894736842105	RPFPIDMA:0.23684210526315788	MAGFAVSL:0.21052631578947367	DMAGFAVS:0.21052631578947367	HTRTEKPK:0.21052631578947367	KVLVWHTR:0.2236842105263158	VLVWHTRT:0.5526315789473685	GMQESDFL:0.21052631578947367	PGMQESDF:0.21052631578947367	LTRLANTF:0.21052631578947367	IYAITPTY:0.25	
