cluster number:1
GT57:122	GT57:122|2.4.1.-:2
FQYNGFLF:0.4672131147540984	VHEKAILL:0.3442622950819672	DHIHFQYN:0.8442622950819673	TLDYPPFF:0.8524590163934426	CHAYWAPN:0.38524590163934425	QYNGFLFG:0.22950819672131148	HVHEKAIL:0.4344262295081967	HAYWAPNF:0.48360655737704916	YWAPNFWA:0.4262295081967213	LDYPPFFA:0.8442622950819673	HFQYNGFL:0.6475409836065574	GLCHAYWA:0.38524590163934425	RGLCHAYW:0.38524590163934425	TSEWTLDY:0.3770491803278688	LIVDHIHF:0.2786885245901639	GLLIVDHI:0.20491803278688525	IHFQYNGF:0.6885245901639344	SEWTLDYP:0.4016393442622951	WAPNFWAL:0.319672131147541	VDHIHFQY:0.36065573770491804	FGWHVHEK:0.860655737704918	AYWAPNFW:0.48360655737704916	LLIVDHIH:0.21311475409836064	WHVHEKAI:0.7295081967213115	WTLDYPPF:0.8524590163934426	SLFPLLFT:0.36065573770491804	GWHVHEKA:0.8852459016393442	LCHAYWAP:0.38524590163934425	HIHFQYNG:0.8442622950819673	IVDHIHFQ:0.28688524590163933	APNFWALY:0.319672131147541	EWTLDYPP:0.4016393442622951	FPFSRGLT:0.36885245901639346	LLIIDHIH:0.21311475409836064	LFGWHVHE:0.680327868852459	SRGLTHAY:0.3770491803278688	SFLFGWHV:0.5245901639344263	GLLIIDHI:0.20491803278688525	DYPPFFAY:0.6229508196721312	TDFEVHRN:0.5819672131147541	ASFLFGWH:0.39344262295081966	PFFAYFEW:0.4672131147540984	SRLFPFSR:0.32786885245901637	LTHAYWAP:0.4180327868852459	FSRGLTHA:0.36885245901639346	HSTDFEVH:0.22131147540983606	LIIDHIHF:0.36065573770491804	IDHIHFQY:0.48360655737704916	KHIYLYLA:0.20491803278688525	THAYWAPN:0.4180327868852459	LFPFSRGL:0.5573770491803278	DFEVHRNW:0.5819672131147541	PPFFAYFE:0.5573770491803278	STDFEVHR:0.5819672131147541	GLTHAYWA:0.4180327868852459	PFSRGLTH:0.36885245901639346	YHSTDFEV:0.22131147540983606	RGLTHAYW:0.4180327868852459	IIDHIHFQ:0.4344262295081967	RLFPFSRG:0.5573770491803278	FLFGWHVH:0.6147540983606558	YPPFFAYF:0.6065573770491803	TSQWTLDY:0.4262295081967213	QWTLDYPP:0.45081967213114754	HVHEKAIM:0.319672131147541	HIFLYLAP:0.2786885245901639	RNWLAITH:0.3114754098360656	HRNWLAIT:0.7377049180327869	STDFDVHR:0.3442622950819672	LSWLYNFD:0.22950819672131148	KHIFLYLA:0.2786885245901639	DVHRNWLA:0.319672131147541	CFKHIFLY:0.30327868852459017	VHRNWLAI:0.7377049180327869	GYVSLFPL:0.22131147540983606	DFDVHRNW:0.3360655737704918	TDFDVHRN:0.3360655737704918	DGCLDIVE:0.20491803278688525	SQWTLDYP:0.45081967213114754	FFAYFEWF:0.20491803278688525	VHEKAIML:0.319672131147541	QYNGFLFA:0.22950819672131148	FKHIFLYL:0.26229508196721313	SWLYNFDE:0.22950819672131148	FDVHRNWL:0.32786885245901637	FEVHRNWL:0.5081967213114754	EVHRNWLA:0.5163934426229508	FLLRAYVL:0.21311475409836064	HEKAIMLV:0.23770491803278687	VFLLRAYV:0.20491803278688525	LAITNKLP:0.20491803278688525	NWLAITNK:0.20491803278688525	FVFLLRAY:0.2540983606557377	LSRLFPFS:0.21311475409836064	EKAIMLVI:0.23770491803278687	RNWLAITN:0.3360655737704918	YFVFLLRA:0.22950819672131148	WLAITNKL:0.20491803278688525	LAITHSLP:0.21311475409836064	AYWAPNVW:0.21311475409836064	HEKAILLV:0.21311475409836064	WLAITHSL:0.22950819672131148	HAYWAPNV:0.21311475409836064	YWAPNVWA:0.21311475409836064	NWLAITHS:0.22950819672131148	VSLFPLLF:0.2540983606557377	
