cluster number:0
GT57:120	GT57:120|2.4.1.-:2
NWLIGNFS:0.23333333333333334	LFSFQVHE:0.5666666666666667	VLSICFKQ:0.2	RIFPFARG:0.2916666666666667	FLFSFQVH:0.44166666666666665	EDKVANFW:0.5166666666666667	GIFEDKVA:0.2833333333333333	WGLDYPPL:0.85	MSFFLFSF:0.21666666666666667	DHGHFQYN:0.6333333333333333	IDHGHFQY:0.5833333333333334	FFLFSFQV:0.44166666666666665	RGIFEDKV:0.2916666666666667	QYWGLDYP:0.5083333333333333	AQRHWMEI:0.475	QVHEKTIL:0.26666666666666666	LFTLWPLL:0.25833333333333336	PLLPITLL:0.24166666666666667	LLPITLLY:0.21666666666666667	RHWMEITQ:0.24166666666666667	DLQYWGLD:0.38333333333333336	FQYNSVML:0.2916666666666667	FTLWPLLK:0.25	EAQRHWME:0.7083333333333334	ANFWCVTN:0.21666666666666667	SFQVHEKT:0.25	DKVANFWC:0.5166666666666667	FVLSICFK:0.2	GLDYPPLT:0.825	LIDHGHFQ:0.5583333333333333	FARGIFED:0.24166666666666667	VANFWCVT:0.21666666666666667	GDFEAQRH:0.5666666666666667	CFKQMALY:0.225	FKQMALYY:0.5166666666666667	YWGLDYPP:0.75	QMALYYAP:0.325	ALFTLWPL:0.20833333333333334	HWMEITQH:0.20833333333333334	CSMSFFLF:0.20833333333333334	NFWCVTNV:0.2	GHFQYNSV:0.4	DFEAQRHW:0.5666666666666667	DYPPLTAF:0.2	YNSVMLGL:0.2	FPFARGIF:0.24166666666666667	CFVLSICF:0.2	KQMALYYA:0.425	HGHFQYNS:0.36666666666666664	SMSFFLFS:0.2	LDYPPLTA:0.825	FEDKVANF:0.48333333333333334	FQVHEKTI:0.25833333333333336	ACSMSFFL:0.20833333333333334	WPLLKKDG:0.23333333333333334	QYNSVMLG:0.2916666666666667	PLLKKDGL:0.26666666666666666	SFFLFSFQ:0.3416666666666667	FSFQVHEK:0.5666666666666667	LSICFKQM:0.2	WLIGNFSF:0.23333333333333334	FEAQRHWM:0.5	IFEDKVAN:0.2833333333333333	LQYWGLDY:0.5083333333333333	IFPFARGI:0.23333333333333334	LWPLLKKD:0.25	HRIFPFAR:0.25833333333333336	YDLQYWGL:0.26666666666666666	HFQYNSVM:0.2916666666666667	KVANFWCV:0.26666666666666666	WMEITQHL:0.20833333333333334	ARGIFEDK:0.24166666666666667	TLWPLLKK:0.24166666666666667	PFARGIFE:0.24166666666666667	QRHWMEIT:0.475	YPPLTAYH:0.5416666666666666	DYPPLTAY:0.5833333333333334	PPLTAYHS:0.5166666666666667	GDYEAQRH:0.36666666666666664	SFQVHEKS:0.35833333333333334	RGLFEDKV:0.48333333333333334	GLFEDKVA:0.44166666666666665	FQVHEKSI:0.24166666666666667	VHEKSILL:0.225	LFEDKVAN:0.43333333333333335	DYEAQRHW:0.36666666666666664	MFGDYEAQ:0.2	QVHEKSIL:0.3	FGDYEAQR:0.25833333333333336	LILIDHGH:0.225	ILIDHGHF:0.2916666666666667	GFKQMALY:0.2	PLTAYHSW:0.25833333333333336	LGFKQMAL:0.225	ARGLFEDK:0.225	QVHEKSVL:0.20833333333333334	YEAQRHWM:0.20833333333333334	
