cluster number:69
GH0:86	GH0:86
PSRGRDAV:0.38372093023255816	GTTYTHRC:0.4883720930232558	DTVIVLGW:0.47674418604651164	IIGMDSYD:0.5348837209302325	MNGTTYTH:0.4883720930232558	DAVPWTEC:0.26744186046511625	AVPWTECY:0.26744186046511625	DYCPHGVW:0.9302325581395349	WGLFRNGD:0.8372093023255814	GDDVVDII:0.38372093023255816	PWTECYPG:0.36046511627906974	YPEWGLFR:0.6744186046511628	GRDAVPWT:0.4186046511627907	SYPEWGLF:0.686046511627907	RGRDAVPW:0.43023255813953487	MDSYDQPP:0.23255813953488372	VLNVPMLE:0.37209302325581395	LFRNGDNP:0.4883720930232558	RDAVPWTE:0.2441860465116279	LRVGHTYL:0.5116279069767442	VGHTYLPG:0.7558139534883721	CPHGVWQC:0.8023255813953488	YCPHGVWQ:0.8023255813953488	GLFRNGDN:0.7441860465116279	LNVPMLER:0.3372093023255814	IVLGWEMN:0.5116279069767442	GWEMNGTT:0.627906976744186	VPMLERNE:0.3023255813953488	VIVLGWEM:0.5	LGWEMNGT:0.5813953488372093	DIIGMDSY:0.5348837209302325	EWGLFRNG:0.8372093023255814	RVGHTYLP:0.6627906976744186	SRGRDAVP:0.38372093023255816	VLGWEMNG:0.8604651162790697	TECYPGDD:0.3372093023255814	TYLPGDLW:0.2441860465116279	DDVVDIIG:0.38372093023255816	IGMDSYDQ:0.5697674418604651	EMNGTTYT:0.5116279069767442	PHGVWQCD:0.20930232558139536	TDYCPHGV:0.8837209302325582	PGDDVVDI:0.5348837209302325	PEWGLFRN:0.8255813953488372	NGTTYTHR:0.4883720930232558	CYPGDDVV:0.5930232558139535	TVIVLGWE:0.4883720930232558	HTYLPGDL:0.23255813953488372	GHTYLPGD:0.7325581395348837	WEMNGTTY:0.627906976744186	ELRVGHTY:0.45348837209302323	WTECYPGD:0.38372093023255816	VVDIIGMD:0.4069767441860465	GMDSYDQP:0.627906976744186	TITDYCPH:0.313953488372093	FVLNVPML:0.32558139534883723	DVVDIIGM:0.38372093023255816	YPGDDVVD:0.5930232558139535	ITDYCPHG:0.3488372093023256	VDIIGMDS:0.5348837209302325	ECYPGDDV:0.22093023255813954	VPWTECYP:0.26744186046511625	ISYPEWGL:0.4186046511627907	NVPMLERN:0.3023255813953488	DRMFVLNV:0.29069767441860467	GDNPEYMR:0.313953488372093	PDTVIVLG:0.43023255813953487	FRNGDNPE:0.37209302325581395	GVPDTVIV:0.26744186046511625	RMFVLNVP:0.313953488372093	GQKFRFDF:0.3023255813953488	PEYMRRML:0.3023255813953488	RSVPGQKF:0.20930232558139536	RNGDNPEY:0.3372093023255814	TYLPGDRW:0.4186046511627907	MFVLNVPM:0.29069767441860467	PGQKFRFD:0.27906976744186046	VPDTVIVL:0.36046511627906974	DNPEYMRR:0.3023255813953488	VPGQKFRF:0.27906976744186046	NPEYMRRM:0.3023255813953488	HTYLPGDR:0.4069767441860465	NGDNPEYM:0.3372093023255814	LTDYCPHG:0.313953488372093	PVSYPEWG:0.23255813953488372	KPVSYPEW:0.23255813953488372	TLTDYCPH:0.313953488372093	VSYPEWGL:0.2441860465116279	HRCGPDPE:0.313953488372093	GDRWSNIE:0.26744186046511625	GAYLDYGP:0.37209302325581395	AELRVGHT:0.3023255813953488	VTDYCPHG:0.2441860465116279	DRWSNIEG:0.26744186046511625	PGDRWSNI:0.313953488372093	TVTDYCPH:0.23255813953488372	WLGGAELR:0.2558139534883721	VPMMERNE:0.20930232558139536	VLVLGWEM:0.3023255813953488	LVLGWEMN:0.3023255813953488	HVDFAKAH:0.26744186046511625	DTVLVLGW:0.2441860465116279	TVLVLGWE:0.2441860465116279	GGAELRVG:0.2441860465116279	MLAWMDEH:0.20930232558139536	YLPGDRWS:0.313953488372093	LPGDRWSN:0.313953488372093	LGGAELRV:0.2441860465116279	NVPMMERN:0.20930232558139536	VPDTVLVL:0.20930232558139536	GAELRVGH:0.2558139534883721	PDTVLVLG:0.23255813953488372	TVDIIGMD:0.26744186046511625	TTYTHRCG:0.3953488372093023	TPSRGRDA:0.23255813953488372	YTHRCGPD:0.6162790697674418	DFTPSRGR:0.20930232558139536	FDFTPSRG:0.32558139534883723	LGVPDTVI:0.2558139534883721	TYTHRCGP:0.6162790697674418	FTPSRGRD:0.23255813953488372	FPEWGLFR:0.2441860465116279	SFPEWGLF:0.2558139534883721	GWEMNGIT:0.20930232558139536	WEMNGITY:0.20930232558139536	PGDDTVDI:0.20930232558139536	RFDFTPSR:0.313953488372093	NTLTDYCP:0.20930232558139536	CYPGDDTV:0.20930232558139536	YNTLTDYC:0.20930232558139536	FRFDFTPS:0.313953488372093	THRCGPDP:0.6046511627906976	YPGDDTVD:0.20930232558139536	YMRRMLAW:0.22093023255813954	DFAKAHGK:0.2441860465116279	VDFAKAHG:0.2441860465116279	GQRFRFDF:0.23255813953488372	
