cluster number:191
GH0:9	GH0:9
WSTYTNGA:0.3333333333333333	SYGLWQIN:0.3333333333333333	YGLWQINM:0.3333333333333333	YTNGAYRK:0.2222222222222222	PPDDSYGL:0.2222222222222222	MSRLSPEQ:0.2222222222222222	TPWSTYTN:0.3333333333333333	PEQIARHA:0.2222222222222222	WTPWSTYT:0.3333333333333333	AVAVALAE:0.4444444444444444	LWQINMLG:0.3333333333333333	STYTNGAY:0.3333333333333333	TYTNGAYR:0.2222222222222222	DDSYGLWQ:0.2222222222222222	AVALAESG:0.6666666666666666	IAVAVALA:0.2222222222222222	RLSPEQIA:0.2222222222222222	PWSTYTNG:0.3333333333333333	PDDSYGLW:0.2222222222222222	SRLSPEQI:0.2222222222222222	VAVALAES:0.6666666666666666	GLWQINML:0.3333333333333333	DSYGLWQI:0.2222222222222222	VALAESGG:0.5555555555555556	SWTPWSTY:0.3333333333333333	GEDSRGLW:0.3333333333333333	TWVAVALA:0.2222222222222222	ALAESGGN:0.4444444444444444	RGEDSRGL:0.2222222222222222	SRGLWQIN:0.3333333333333333	EDSRGLWQ:0.3333333333333333	AGLPSCRG:0.2222222222222222	WVAVALAE:0.2222222222222222	DSRGLWQI:0.3333333333333333	NAGLPSCR:0.2222222222222222	RGLWQINM:0.2222222222222222	LAESGGNT:0.2222222222222222	AYDAGFRG:0.2222222222222222	YDAGFRGD:0.2222222222222222	HAYDAGFR:0.2222222222222222	LTTAVAVA:0.2222222222222222	TAVAVALA:0.2222222222222222	DRGLWQIN:0.2222222222222222	AMGPERRR:0.2222222222222222	MGPERRRQ:0.2222222222222222	MLGAMGPE:0.2222222222222222	GAMGPERR:0.2222222222222222	LGAMGPER:0.2222222222222222	GKSWTPWS:0.2222222222222222	DGKSWTPW:0.2222222222222222	KSWTPWST:0.2222222222222222	INMLGAMG:0.2222222222222222	NMLGAMGP:0.2222222222222222	QINMLGAM:0.2222222222222222	WQINMLGA:0.2222222222222222	
