cluster number:0
CE15:32	CE15:32|CBM2:14|CBM57:2|CBM22:1|CBM9:1|GH10:1|CBM5:1|CBM60:1|GH11:1|CBM13:1
VAPRGLFI:0.4375	LGARSGSV:0.25	TGCSRFGK:0.4375	WSDVQDGT:0.28125	GRSASFSA:0.25	SEQPWLGD:0.25	KAAGAAVI:0.28125	VGREGTPR:0.46875	VLGGFGAD:0.3125	VTGCSRFG:0.4375	NKQGAFYS:0.46875	AVGREGTP:0.34375	EGTPRNNK:0.40625	FGADTAAI:0.28125	SRFGKGAF:0.46875	MVAPRGLF:0.5	YSEQPWLG:0.25	GARSGSVA:0.25	PVDTHEIV:0.21875	STGLLMAW:0.25	ATGVTGCS:0.3125	GAFDQRIA:0.46875	RFGKGAFV:0.3125	VQDGTHCA:0.34375	IKAAGAAV:0.3125	LGGFGADT:0.3125	LTMPIESG:0.6875	LPVDTHEI:0.21875	SDWRCRRA:0.25	WGVSRIID:0.53125	GVTGCSRF:0.40625	WLGARSGS:0.25	SSTGLLMA:0.25	PFPAVVVL:0.40625	WRCRRAEI:0.4375	REGTPRNN:0.34375	RNNKQGAF:0.40625	DWLGARSG:0.25	DWRCRRAE:0.4375	AVVVLGGF:0.28125	YWSDVQDG:0.40625	ALTMPIES:0.6875	SYWSDVQD:0.21875	GVSRIIDV:0.53125	VVLGGFGA:0.28125	SDVQDGTH:0.28125	GGFGADTA:0.4375	DQRIALTM:0.625	QRIALTMP:0.625	SGTGPFPA:0.4375	PAVVVLGG:0.40625	WLGDAFGS:0.5	ARSGSVAA:0.3125	TMPIESGT:0.25	APRGLFIM:0.53125	TPRNNKQG:0.40625	CSRFGKGA:0.46875	NNKQGAFY:0.40625	DVQDGTHC:0.28125	AFDQRIAL:0.46875	FPAVVVLG:0.40625	GREGTPRN:0.34375	FDQRIALT:0.625	EQPWLGDA:0.6875	IALTMPIE:0.625	QPWLGDAF:0.6875	GCSRFGKG:0.46875	LPSGTGPF:0.4375	PWLGDAFG:0.53125	GFGADTAA:0.28125	VVVLGGFG:0.28125	TGVTGCSR:0.34375	TGPFPAVV:0.40625	RIALTMPI:0.625	PSGTGPFP:0.46875	RCRRAEIR:0.25	GTPRNNKQ:0.40625	GPFPAVVV:0.59375	GTGPFPAV:0.5	PRNNKQGA:0.40625	SAYGEQPW:0.46875	NITYWSDV:0.21875	QGAFYSIY:0.28125	MAWAWGVS:0.28125	DPLAVGRE:0.28125	TMPIESGS:0.4375	LMAWAWGV:0.28125	CSRYGKGA:0.21875	AYGEQPWL:0.46875	WAWGVSRI:0.34375	SRIIDVIE:0.5625	ESGAQPLS:0.25	YGEQPWLG:0.46875	LAVGREGT:0.28125	GGAEVYKA:0.40625	AWGVSRII:0.34375	SVAALGGA:0.46875	VYKALGAG:0.40625	GVTGCSRY:0.3125	GEQPWLGD:0.46875	AWAWGVSR:0.4375	QPLSSAYG:0.21875	RSGSVAAL:0.28125	AALGGAEV:0.4375	TGCSRYGK:0.3125	PLSSAYGE:0.21875	SGSVAALG:0.28125	GLFIMDNP:0.34375	PRGLFIMD:0.34375	VAALGGAE:0.46875	VTGCSRYG:0.3125	SEWRTPLQ:0.25	LSSAYGEQ:0.4375	GSVAALGG:0.28125	RSEWRTPL:0.25	QKFLLKTG:0.3125	PLAVGREG:0.28125	GCSRYGKG:0.25	WRDWQTPT:0.25	KFLLKTGN:0.25	EVYKALGA:0.53125	HCAVRSEW:0.28125	VSRIIDVI:0.46875	PIESGSGG:0.21875	ALGGAEVY:0.46875	KQGAFYSI:0.28125	SGAQPLSS:0.25	GAFYSIYG:0.28125	RGLFIMDN:0.34375	SRYGKGAF:0.21875	AQPLSSAY:0.3125	SSAYGEQP:0.4375	EWRTPLQQ:0.34375	GAEVYKAL:0.5625	GAQPLSSA:0.3125	LFIMDNPH:0.34375	AEVYKALG:0.5625	LGGAEVYK:0.40625	RDWQTPTL:0.25	WRTPLQQN:0.21875	RGIPGEGA:0.25	EGAQSLSS:0.21875	IPGEGAQS:0.25	VAMVAPRG:0.375	IFRGIPGE:0.21875	PIESGSAG:0.28125	ADTATIKA:0.3125	GEGAQSLS:0.21875	NAKLPDPF:0.28125	SLSSAYGE:0.21875	GIPGEGAQ:0.25	RIIDVIEQ:0.40625	FIMDNPHI:0.28125	FRGIPGEG:0.21875	VISYDPLA:0.21875	QSLSSAYG:0.21875	MPIESGSA:0.28125	PIFRGIPG:0.21875	AQSLSSAY:0.21875	SYDPLAVG:0.21875	YDPLAVGR:0.21875	ISYDPLAV:0.21875	GAAVISYD:0.25	MDNPHIAN:0.28125	GADTATIK:0.3125	AAVISYDP:0.25	IMDNPHIA:0.25	PHIANLGP:0.28125	AMVAPRGL:0.375	PGEGAQSL:0.21875	AVISYDPL:0.25	GAQSLSSA:0.21875	IIDVIEQS:0.40625	NPHIANLG:0.28125	LGDAFGSF:0.4375	GDAFGSFT:0.4375	DNPHIANL:0.28125	IQKFLLKT:0.25	TGLLMAWA:0.21875	GLLMAWAW:0.25	GMIAPRGL:0.21875	LLMAWAWG:0.25	DAFGSFTG:0.25	DATGVTGC:0.28125	VAALAGAE:0.21875	ADATGVTG:0.28125	IDVIEQSG:0.28125	ENPHIDWL:0.21875	MENPHIDW:0.21875	DVIEQSGG:0.25	YWSDIQDG:0.21875	
