cluster number:10
CE15:13	CE15:13
SRLGKAAL:0.38461538461538464	GHSRLGKA:0.6153846153846154	HSRLGKAA:0.46153846153846156	LGKAALWA:0.38461538461538464	IGAWAWGM:0.3076923076923077	RLGKAALW:0.38461538461538464	AALWAGAQ:0.23076923076923078	VDQHELLA:0.3076923076923077	PRPLYVAS:0.5384615384615384	ALVAPRPL:0.23076923076923078	QHELLALV:0.23076923076923078	ELLALVAP:0.3076923076923077	LLALVAPR:0.3076923076923077	WADPRGEF:0.23076923076923078	LALVAPRP:0.3076923076923077	LPVDQHEL:0.38461538461538464	LVAPRPLY:0.23076923076923078	PVFLGLNF:0.3076923076923077	HELLALVA:0.3076923076923077	DQHELLAL:0.3076923076923077	PVDQHELL:0.38461538461538464	VAPRPLYV:0.23076923076923078	GKAALWAG:0.38461538461538464	ADPRGEFL:0.23076923076923078	RPLYVASA:0.5384615384615384	ALWAGAQD:0.23076923076923078	HGHSRLGK:0.23076923076923078	APRPLYVA:0.5384615384615384	KAALWAGA:0.38461538461538464	WAWGMSRI:0.3076923076923077	GGAALARR:0.23076923076923078	DSGEGGAA:0.23076923076923078	SGEGGAAL:0.6153846153846154	EGGAALAR:0.23076923076923078	GEGGAALA:0.23076923076923078	NDSGEGGA:0.23076923076923078	QWSDPKGE:0.38461538461538464	PFDQHILL:0.23076923076923078	DQHILLSL:0.23076923076923078	DPKGEFLG:0.38461538461538464	WSDPKGEF:0.5384615384615384	VFLGLNFC:0.23076923076923078	GDQWSDPK:0.38461538461538464	GAWAWGLS:0.23076923076923078	SNESGEGG:0.3076923076923077	ESGEGGAA:0.46153846153846156	FLGLNFCG:0.23076923076923078	FDQHILLS:0.23076923076923078	PKGEFLGA:0.38461538461538464	SDPKGEFL:0.5384615384615384	NESGEGGA:0.46153846153846156	AIGAWAWG:0.3076923076923077	DQWSDPKG:0.38461538461538464	ISNESGEG:0.23076923076923078	LPFDQHIL:0.23076923076923078	IISNESGE:0.23076923076923078	LGLNFCGN:0.23076923076923078	WGAIGAWA:0.23076923076923078	GAIGAWAW:0.23076923076923078	LFAENVYG:0.23076923076923078	GHSRIGKA:0.3076923076923077	GIRSVLGD:0.23076923076923078	TEKARGMQ:0.23076923076923078	NWGAIGAW:0.23076923076923078	AWAWGMSR:0.23076923076923078	GAWAWGMS:0.23076923076923078	ATEKARGM:0.23076923076923078	HSRIGKAA:0.23076923076923078	GEGGAALS:0.3076923076923077	EGGAALSR:0.3076923076923077	GGAALSRR:0.3076923076923077	DPKGEFLS:0.23076923076923078	PKGEFLSA:0.23076923076923078	VATAYYGD:0.23076923076923078	YAVATAYY:0.23076923076923078	AVATAYYG:0.23076923076923078	GYAVATAY:0.23076923076923078	RGYAVATA:0.23076923076923078	TAYYGDLE:0.23076923076923078	ATAYYGDL:0.23076923076923078	GAALSRRW:0.23076923076923078	
