cluster number:8
PL8:24	PL8:23|CBM70:3|4.2.2.12:2|CBM32:1|4.2.2.1:1|PL8_3:1
DDEIVALG:0.4166666666666667	FDDEIVAL:0.4166666666666667	EIVALGSG:0.3333333333333333	VALGSGIT:0.20833333333333334	IVALGSGI:0.3333333333333333	DEIVALGS:0.3333333333333333	TIVENRKI:0.25	KSWFMFDD:0.5	SWFMFDDE:0.5	DPYRMPGT:0.25	IGYYFPEG:0.25	DGFYPDGS:0.20833333333333334	MFDDEIVA:0.2916666666666667	ETIVENRK:0.2916666666666667	WFMFDDEI:0.375	SDIGYYFP:0.2916666666666667	PYRMPGTT:0.25	FMFDDEIV:0.375	MMDMVRGR:0.20833333333333334	GFYADGSF:0.20833333333333334	GSDIGYYF:0.25	DIGYYFPG:0.20833333333333334	DMVRGREI:0.20833333333333334	MDMVRGRE:0.3333333333333333	MVRGREIS:0.20833333333333334	VRGREISR:0.20833333333333334	DGFYADGS:0.20833333333333334	RMPGTTVD:0.25	YRMPGTTV:0.25	MPGTTVDT:0.25	DMVRGRAI:0.25	VRGRAISR:0.25	AKKSWFMF:0.5	DGFYKDGS:0.20833333333333334	GDGFYKDG:0.20833333333333334	MDMVRGRA:0.25	MVRGRAIS:0.25	TVDPYRMP:0.20833333333333334	VTSGDGFY:0.20833333333333334	VDPYRMPG:0.20833333333333334	KKSWFMFD:0.5	YNGGYGNS:0.25	RGWYTGSG:0.25	RDGLSDLT:0.25	AYNGGYGN:0.25	PDIRVLAN:0.25	GWYTGSGM:0.25	EIGAPLRL:0.25	GLSDLTDG:0.25	FAYNGGYG:0.25	DGLSDLTD:0.25	YTGSGMTY:0.2916666666666667	WYTGSGMT:0.25	LMDMVRGR:0.25	LTAKKSWF:0.25	TAKKSWFM:0.20833333333333334	YRLPGTTV:0.20833333333333334	
