cluster number:33
AA3:26	AA3_1:26|AA8:12
SVLLIERG:0.2692307692307692	AGCLLGGS:0.34615384615384615	GTDNLFVV:0.23076923076923078	RILFNSGI:0.38461538461538464	PRILFNSG:0.38461538461538464	TDNLFVVD:0.23076923076923078	THGLTSSG:0.23076923076923078	DNLFVVDA:0.23076923076923078	YLTHGLTS:0.38461538461538464	ILFNSGIG:0.38461538461538464	KVYGTDNL:0.23076923076923078	NLFVVDAS:0.23076923076923078	STPRILFN:0.38461538461538464	TPRILFNS:0.38461538461538464	LFNSGIGP:0.5	HPDLPTGN:0.6153846153846154	VDASIHPD:0.2692307692307692	PDLPTGNT:0.3076923076923077	SIHPDLPT:0.38461538461538464	VVDASIHP:0.23076923076923078	PTGNTQAI:0.2692307692307692	DLPTGNTQ:0.3076923076923077	IHPDLPTG:0.4230769230769231	LPTGNTQA:0.23076923076923078	DASIHPDL:0.2692307692307692	TYDYIVVG:0.38461538461538464	YMVFVHPP:0.2692307692307692	NSGIGPKK:0.2692307692307692	GGGPSGII:0.23076923076923078	YIVVGGGP:0.23076923076923078	VGGGPSGI:0.23076923076923078	GPVRTYLP:0.2692307692307692	DYIVVGGG:0.38461538461538464	GIGPKKQI:0.2692307692307692	CVLGGGVT:0.23076923076923078	RAGPVRTY:0.2692307692307692	YDYIVVGG:0.38461538461538464	LKDHPIFT:0.2692307692307692	NYMVFVHP:0.2692307692307692	FNSGIGPK:0.34615384615384615	AGPVRTYL:0.2692307692307692	SGIGPKKQ:0.2692307692307692	PVRTYLPL:0.23076923076923078	YMTHGLTS:0.23076923076923078	ADGKRYDQ:0.23076923076923078	PSADGKRY:0.38461538461538464	DGKRYDQG:0.23076923076923078	SADGKRYD:0.38461538461538464	NLKDHPIF:0.23076923076923078	QWIDLPVG:0.2692307692307692	LPSADGKR:0.34615384615384615	KVYLTHGL:0.23076923076923078	VYLTHGLT:0.23076923076923078	VDLNTKVY:0.23076923076923078	RLYERNPG:0.23076923076923078	LNTKVYGT:0.23076923076923078	LYERNPGT:0.23076923076923078	VVDLNTKV:0.23076923076923078	DLNTKVYG:0.23076923076923078	SVVDLNTK:0.23076923076923078	AGALSTPR:0.23076923076923078	
