cluster number:27
AA3:33	AA3_2:33
DYVVVGGG:0.3333333333333333	AGAFQSPQ:0.30303030303030304	PGHPQSTV:0.21212121212121213	VGGGTAGL:0.3333333333333333	SAGAFQSP:0.2727272727272727	LPPGHPQS:0.3939393939393939	RVVDASAF:0.30303030303030304	GLRVVDAS:0.5151515151515151	YVVVGGGT:0.30303030303030304	LVAPLSRG:0.2727272727272727	ARGKCLGG:0.24242424242424243	GAFQSPQL:0.2727272727272727	FQSPQLLM:0.30303030303030304	PPGHPQST:0.30303030303030304	GHPQSTVY:0.21212121212121213	YARGKCLG:0.21212121212121213	VVGGGTAG:0.24242424242424243	AFQSPQLL:0.2727272727272727	ALVAPLSR:0.2727272727272727	RGKCLGGS:0.24242424242424243	VVVGGGTA:0.21212121212121213	LRVVDASA:0.30303030303030304	LRVVDASS:0.24242424242424243	YMLAEKIA:0.21212121212121213	PQLLMVSG:0.45454545454545453	RVVDASSF:0.24242424242424243	QLLMVSGI:0.21212121212121213	SPQLLMVS:0.42424242424242425	LLMVSGIG:0.24242424242424243	LMVSGVGP:0.30303030303030304	GKTLGGSS:0.21212121212121213	QSPQLLMV:0.24242424242424243	QLLMVSGV:0.24242424242424243	VVDASAFP:0.24242424242424243	LLMVSGVG:0.24242424242424243	DYVIVGGG:0.24242424242424243	VIVGGGTA:0.21212121212121213	GVGQNLWD:0.21212121212121213	IVGGGTAG:0.21212121212121213	YVIVGGGT:0.24242424242424243	YDYVVVGG:0.24242424242424243	LMVSGIGP:0.2727272727272727	
