cluster number:12
AA3:18	AA3_2:16|AA3:2
VAGRLAEN:0.4444444444444444	DYPWPMPR:0.2777777777777778	GFHPCGTA:0.2222222222222222	HFEIDFVP:0.2222222222222222	PYINLNFF:0.2222222222222222	QPYINLNF:0.2222222222222222	QPHFEIDF:0.2222222222222222	TGFHPCGT:0.2222222222222222	EKPNTRGK:0.6111111111111112	SSGLLELV:0.2222222222222222	FHPCGTAR:0.4444444444444444	RIEKPNTR:0.2777777777777778	IPDCRIQN:0.6111111111111112	SQTGFHPC:0.2777777777777778	TRGKVLGG:0.3888888888888889	PHFEIDFV:0.2222222222222222	IEKPNTRG:0.2777777777777778	RGKVLGGS:0.3888888888888889	FEIDFVPM:0.2222222222222222	ILERSQTG:0.2777777777777778	KPNTRGKV:0.3333333333333333	PNTRGKVL:0.3333333333333333	NTRGKVLG:0.3333333333333333	GQPHFEID:0.2222222222222222	RSQTGFHP:0.2777777777777778	EIDFVPMF:0.2222222222222222	AGRLAENP:0.4444444444444444	QTGFHPCG:0.2777777777777778	KLLMLSGI:0.3888888888888889	GLRVIDAS:0.2222222222222222	GQPHFELD:0.3888888888888889	LMLSGIGP:0.2777777777777778	HPGVPFVL:0.2222222222222222	FGSAFQWH:0.2777777777777778	YDWAYKTT:0.3333333333333333	SSSLNYFS:0.2222222222222222	PNTRGKAL:0.2777777777777778	HVGQHLLD:0.3333333333333333	QHLLDHPG:0.2222222222222222	LDHPGVPF:0.2222222222222222	GVKGLRVI:0.2222222222222222	LGGSSSLN:0.3333333333333333	YERIEKPN:0.2222222222222222	VGQHLLDH:0.3333333333333333	RIQNSVYM:0.2222222222222222	LLMLSGIG:0.3888888888888889	SQYDWAYK:0.2222222222222222	EGIRFSYD:0.2777777777777778	LRVIDASV:0.3333333333333333	DASVIPVI:0.3888888888888889	DCRIQNSV:0.3333333333333333	DWAYKTTM:0.3888888888888889	VFESPKLL:0.2222222222222222	QPHFELDF:0.3888888888888889	TRGKALGG:0.2777777777777778	VIPDCRIQ:0.5	LLDHPGVP:0.2222222222222222	VKGLRVID:0.2222222222222222	ASVIPVIP:0.3888888888888889	GGSSSLNY:0.3333333333333333	DYERIEKP:0.2222222222222222	RVIDASVI:0.3333333333333333	KPNTRGKA:0.2777777777777778	VVGGGTAG:0.2222222222222222	SVIPVIPD:0.3888888888888889	SSLNYFSW:0.2222222222222222	VIDASVIP:0.3333333333333333	CRIQNSVY:0.3333333333333333	IPVIPDCR:0.4444444444444444	KGLRVIDA:0.2222222222222222	PDCRIQNS:0.3888888888888889	ALGGSSSL:0.2222222222222222	VIPVIPDC:0.3888888888888889	HLLDHPGV:0.2222222222222222	DHPGVPFV:0.2222222222222222	ERIEKPNT:0.2222222222222222	VGGGTAGN:0.3333333333333333	EKGADAIK:0.2222222222222222	REGIRFSY:0.2777777777777778	GQHLLDHP:0.3333333333333333	NTRGKALG:0.2777777777777778	KALGGSSS:0.2222222222222222	PKLLMLSG:0.5555555555555556	GVFESPKL:0.2222222222222222	IDASVIPV:0.3333333333333333	PVIPDCRI:0.5	GKALGGSS:0.2777777777777778	RGKALGGS:0.2777777777777778	GSSSLNYF:0.2222222222222222	IIVGGGTA:0.3888888888888889	TPKLLMLS:0.3888888888888889	LSGIGPKA:0.2222222222222222	IVGGGTAG:0.3888888888888889	FIIVGGGT:0.3333333333333333	DFIIVGGG:0.3888888888888889	GKVLGGSS:0.3888888888888889	WAYKTTMI:0.2222222222222222	IVDLLRPL:0.2777777777777778	AMNKMILE:0.2222222222222222	MILERSQT:0.2222222222222222	VIVDLLRP:0.2777777777777778	KMILERSQ:0.2222222222222222	EDYPWPMP:0.2222222222222222	EAMNKMIL:0.2222222222222222	NKMILERS:0.2222222222222222	TVIVDLLR:0.2777777777777778	MNKMILER:0.2222222222222222	ETPKLLML:0.3333333333333333	SDEAMNKM:0.2222222222222222	DEAMNKMI:0.2222222222222222	GEDYPWPM:0.2222222222222222	VEKPNTRG:0.2777777777777778	RVEKPNTR:0.2777777777777778	SGLLELVG:0.2777777777777778	VDLLRPLS:0.2777777777777778	HPCGTARL:0.3888888888888889	CGTARLSK:0.3333333333333333	VVAGRLAE:0.2222222222222222	MIGEKGAD:0.2222222222222222	VYMIGEKG:0.2222222222222222	EKGADMIK:0.2222222222222222	PCGTARLS:0.2777777777777778	VFETPKLL:0.2777777777777778	FETPKLLM:0.2777777777777778	YMIGEKGA:0.2222222222222222	GVFETPKL:0.2777777777777778	LLMLSGVG:0.2222222222222222	LMLSGVGP:0.2222222222222222	YDFIIVGG:0.2222222222222222	PHFELDFV:0.2222222222222222	PHVGQHLL:0.2777777777777778	
