cluster number:6
AA3:17	AA3_2:17
IMLATIFE:0.23529411764705882	CAMGGRAG:0.29411764705882354	GWGWDSLL:0.23529411764705882	YIFDLGNW:0.23529411764705882	GTCAMGGR:0.29411764705882354	DYDAWEAL:0.23529411764705882	YPFSVGSI:0.23529411764705882	PVGTCAMG:0.23529411764705882	FSVGSIHI:0.23529411764705882	GGTAGLAV:0.23529411764705882	QILQYPFS:0.23529411764705882	IGGGTAGL:0.23529411764705882	DWHPVGTC:0.23529411764705882	YDAWEALG:0.23529411764705882	IQATVYAI:0.23529411764705882	AMGGRAGI:0.23529411764705882	MLATIFEV:0.23529411764705882	NTITDWHP:0.23529411764705882	GGGTAGLA:0.23529411764705882	LATIFEVD:0.23529411764705882	TCAMGGRA:0.29411764705882354	KKYGTMLQ:0.23529411764705882	DAWEALGN:0.23529411764705882	QATVYAIA:0.29411764705882354	GLRVVDAS:0.4117647058823529	QYPFSVGS:0.23529411764705882	EYIFDLGN:0.23529411764705882	ELSGIGNP:0.23529411764705882	PQILELSG:0.35294117647058826	WHPVGTCA:0.23529411764705882	ILQYPFSV:0.23529411764705882	SPQILELS:0.29411764705882354	SETFHPPS:0.23529411764705882	ATVYAIAE:0.29411764705882354	LQYPFSVG:0.23529411764705882	GTMLQILQ:0.23529411764705882	VGENLQEH:0.23529411764705882	GKKYGTML:0.23529411764705882	TVYAIAEK:0.35294117647058826	VGTCAMGG:0.23529411764705882	SAHIQATV:0.23529411764705882	HPVGTCAM:0.23529411764705882	ERLRVYGV:0.23529411764705882	KYGTMLQI:0.23529411764705882	VYAIAEKA:0.4117647058823529	LELSGIGN:0.23529411764705882	PFSVGSIH:0.23529411764705882	AHIQATVY:0.23529411764705882	LRVVDASV:0.23529411764705882	ILELSGIG:0.29411764705882354	ATIFEVDP:0.23529411764705882	YAIAEKAA:0.47058823529411764	DERLRVYG:0.29411764705882354	GSNVGVWT:0.29411764705882354	HIMLATIF:0.23529411764705882	LQILQYPF:0.23529411764705882	YGTMLQIL:0.23529411764705882	GENLQEHI:0.23529411764705882	GTAGLAVA:0.23529411764705882	QILELSGI:0.29411764705882354	TMLQILQY:0.23529411764705882	MLQILQYP:0.23529411764705882	HIQATVYA:0.23529411764705882	TDWHPVGT:0.23529411764705882	VGGGTSGL:0.4117647058823529	GGGTSGLT:0.29411764705882354	IVGGGTSG:0.35294117647058826	TSGLTVAD:0.29411764705882354	GLTVADRL:0.29411764705882354	VIVGGGTS:0.35294117647058826	GTSGLTVA:0.29411764705882354	SGLTVADR:0.29411764705882354	GGTSGLTV:0.29411764705882354	VDERLRVY:0.23529411764705882	GGVVDERL:0.29411764705882354	VVDERLRV:0.29411764705882354	GVVDERLR:0.29411764705882354	LRVYGVKG:0.23529411764705882	RVYGVKGL:0.23529411764705882	YDYVIVGG:0.29411764705882354	DYVIVGGG:0.29411764705882354	GLVVANRL:0.23529411764705882	YVIVGGGT:0.29411764705882354	LTVADRLT:0.23529411764705882	AEKAADII:0.29411764705882354	AIAEKAAD:0.29411764705882354	LLQLSGIG:0.23529411764705882	EKAADIIK:0.23529411764705882	
