cluster number:4
AA11:6	AA11:6
GGSCQVSL:0.5	PFRSKFNP:0.5	KGKTFTVI:0.3333333333333333	GKPTATFA:0.3333333333333333	QVSLSYDK:0.5	GSNYPCKG:0.3333333333333333	YPNPGPDV:0.5	GTPAGKPT:0.3333333333333333	PHGGGSCQ:0.3333333333333333	FQRCASGV:0.3333333333333333	PAPFRSKF:0.5	AGKPTATF:0.3333333333333333	IDYTNTAP:0.3333333333333333	DYTNTAPL:0.3333333333333333	NIDYTNTA:0.3333333333333333	KPTATFAP:0.3333333333333333	IGNREFYM:0.6666666666666666	TFTVIQSI:0.3333333333333333	GGGSCQVS:0.5	PAGKPTAT:0.3333333333333333	AIWAWTWN:0.3333333333333333	GSCQVSLS:0.5	IWAWTWNN:0.3333333333333333	YTNTAPLA:0.3333333333333333	LSYDKGKT:0.5	PTATFAPG:0.3333333333333333	SNYPCKGY:0.3333333333333333	VSLSYDKG:0.5	SCQVSLSY:0.5	QRCASGVW:0.3333333333333333	YDKGKTFT:0.3333333333333333	DKGKTFTV:0.3333333333333333	NREFYMNC:0.6666666666666666	CASGVWSA:0.3333333333333333	TPAGKPTA:0.3333333333333333	SYDKGKTF:0.5	TGSGSGSG:0.5	SGSGSGSS:0.3333333333333333	GAPHGGGS:0.3333333333333333	APFRSKFN:0.5	DFTIPSDA:0.3333333333333333	GSGSGSGS:0.3333333333333333	FRSKFNPN:0.3333333333333333	APHGGGSC:0.3333333333333333	GNREFYMN:0.6666666666666666	FTIPSDAP:0.3333333333333333	GSGSGSSS:0.3333333333333333	HGGGSCQV:0.6666666666666666	SLSYDKGK:0.5	SGSGSGSG:0.3333333333333333	GEAIWAWT:0.5	GGAPHGGG:0.3333333333333333	LGTPAGKP:0.3333333333333333	CQVSLSYD:0.5	DLGTPAGK:0.3333333333333333	RCASGVWS:0.3333333333333333	REFYMNCA:0.5	EAIWAWTW:0.5	NYPCKGYH:0.3333333333333333	APEGEAIW:0.3333333333333333	SIIGGCPL:0.3333333333333333	ANYPCKGY:0.3333333333333333	LPGGVFIT:0.3333333333333333	PEGEAIWA:0.3333333333333333	DAPEGEAI:0.3333333333333333	GANYPCKG:0.3333333333333333	EGEAIWAW:0.3333333333333333	PNPGPDVI:0.3333333333333333	EFYMNCAP:0.3333333333333333	
