cluster number:3
CBM18:28	CBM18:28|GH18:27|GH16:1
INLMSYDL:0.2857142857142857	FDWEYPGA:0.2857142857142857	DFDWEYPG:0.2857142857142857	APTSYWYL:0.21428571428571427	VDWINLMS:0.25	PLNVCCSQ:0.21428571428571427	IALGGWTF:0.2857142857142857	LMSYDLHG:0.39285714285714285	WINLMSYD:0.32142857142857145	SYWYLRHF:0.39285714285714285	PTSYWYLR:0.25	TEIDLALD:0.21428571428571427	GVDFDWEY:0.2857142857142857	GLGFYGRS:0.32142857142857145	SNCDAKAE:0.21428571428571427	NLMSYDLH:0.42857142857142855	DWINLMSY:0.2857142857142857	CPLNVCCS:0.6428571428571429	VDFDWEYP:0.2857142857142857	LGLGFYGR:0.21428571428571427	CDAKAECG:0.25	NCDAKAEC:0.21428571428571427	TAPTSYWY:0.21428571428571427	LGFYGRSF:0.32142857142857145	YWYLRHFD:0.35714285714285715	FYGRSFTL:0.25	CSEFGFCG:0.2857142857142857	SEFGFCGT:0.2857142857142857	CCSEFGFC:0.2857142857142857	WEYPGADD:0.2857142857142857	DWEYPGAD:0.2857142857142857	SSYWYLRH:0.21428571428571427	EYPGADDR:0.2857142857142857	DGVDFDWE:0.25	WYLRHFDL:0.2857142857142857	YPGADDRG:0.2857142857142857	HTNLTEID:0.21428571428571427	PGADDRGG:0.2857142857142857	LDWEYPGA:0.21428571428571427	DLDWEYPG:0.21428571428571427	TCPLNVCC:0.21428571428571427	YDLHGVWD:0.25	GFYGRSFT:0.21428571428571427	SYDLHGVW:0.21428571428571427	EFGFCGTT:0.21428571428571427	ALGGWTFN:0.21428571428571427	MSYDLHGV:0.21428571428571427	LGGWTFND:0.21428571428571427	GGWTFSDN:0.21428571428571427	GHTNLTEI:0.21428571428571427	DQWISYDD:0.21428571428571427	PSSYWYLR:0.21428571428571427	APSSYWYL:0.21428571428571427	FTAPSSYW:0.21428571428571427	TAPSSYWY:0.21428571428571427	PLNVCCSK:0.21428571428571427	VIGYYEAW:0.21428571428571427	
