cluster number:2
CBM18:6	CBM18:6
IVIVMMAF:0.6666666666666666	VDPSMGVG:0.5	VDHQADVA:0.5	CGKGPKYC:0.5	NPTDAKLA:0.6666666666666666	AFMMVDPS:0.6666666666666666	LIVIVMMA:0.6666666666666666	KGPKYCGR:0.5	CSQFGYCG:1.0	DVAATKTA:0.5	SVALIVIV:0.5	MKSVALIV:0.5	VNMKSVAL:0.5	PSGMCCSQ:0.6666666666666666	DPSMGVGE:0.5	DAKLAGAG:0.6666666666666666	ADVAATKT:0.5	KSVALIVI:0.5	VIVMMAFM:0.6666666666666666	MAFMMVDP:0.6666666666666666	TTVDHQAD:0.6666666666666666	ECVRGRCP:0.5	RGRCPSGM:0.5	STTVDHQA:0.6666666666666666	GECVRGRC:0.5	ASTTVDHQ:0.6666666666666666	QFGYCGKG:0.5	KYCGRAST:0.6666666666666666	PTDAKLAG:0.6666666666666666	AKLAGAGS:0.6666666666666666	MVNMKSVA:0.5	VALIVIVM:0.6666666666666666	RCPSGMCC:0.6666666666666666	RASTTVDH:0.6666666666666666	GRCPSGMC:0.6666666666666666	SGMCCSQF:0.6666666666666666	TDAKLAGA:0.6666666666666666	MCCSQFGY:0.6666666666666666	GVGECVRG:0.5	IVMMAFMM:0.6666666666666666	CVRGRCPS:0.5	TVDHQADV:0.5	KLAGAGSP:0.6666666666666666	QADVAATK:0.5	CCSQFGYC:1.0	GKGPKYCG:0.5	YCGRASTT:0.6666666666666666	SMGVGECV:0.5	GYCGKGPK:0.5	GPKYCGRA:0.6666666666666666	MVDPSMGV:0.5	SQFGYCGK:0.8333333333333334	PKYCGRAS:0.6666666666666666	CPSGMCCS:0.6666666666666666	NMKSVALI:0.5	VMMAFMMV:0.6666666666666666	YCGKGPKY:0.5	ALIVIVMM:0.6666666666666666	VGECVRGR:0.5	FMMVDPSM:0.6666666666666666	GRASTTVD:0.6666666666666666	MMAFMMVD:0.6666666666666666	PSMGVGEC:0.5	DHQADVAA:0.5	MMVDPSMG:0.6666666666666666	MGVGECVR:0.5	GMCCSQFG:0.6666666666666666	VRGRCPSG:0.5	CGRASTTV:0.6666666666666666	HQADVAAT:0.5	FGYCGKGP:0.5	AKNPTDAK:0.3333333333333333	TAKNPTDA:0.3333333333333333	KNPTDAKL:0.3333333333333333	AATKTAKN:0.3333333333333333	KTAKNPTD:0.3333333333333333	VAATKTAK:0.3333333333333333	TKTAKNPT:0.3333333333333333	ATKTAKNP:0.3333333333333333	CQTGFGSC:0.3333333333333333	TCNKACAG:0.3333333333333333	GTGYGNCC:0.3333333333333333	AVPAQSFG:0.3333333333333333	SCLGTGYG:0.3333333333333333	ICGAFNGS:0.3333333333333333	VPAQSFGA:0.3333333333333333	GYGNCCSQ:0.3333333333333333	GAEMLQVR:0.3333333333333333	GICGAFNG:0.3333333333333333	GTGCQTGF:0.3333333333333333	GNCCSQFG:0.3333333333333333	PNALSLFY:0.3333333333333333	TGYGNCCS:0.3333333333333333	CNKACAGD:0.3333333333333333	GAPIAQST:0.3333333333333333	PIAQSTCN:0.3333333333333333	SGAPIAQS:0.3333333333333333	FGAEMLQV:0.3333333333333333	SFGAEMLQ:0.3333333333333333	NSGAPIAQ:0.3333333333333333	SAVPAQSF:0.3333333333333333	APIAQSTC:0.3333333333333333	CGTGCQTG:0.3333333333333333	GCQTGFGS:0.3333333333333333	QTGFGSCG:0.3333333333333333	NALSLFYL:0.3333333333333333	NCGGPNAL:0.3333333333333333	AQSTCNKA:0.3333333333333333	CGGPNALS:0.3333333333333333	CLGTGYGN:0.3333333333333333	TNCGGPNA:0.3333333333333333	VSAVPAQS:0.3333333333333333	STCNKACA:0.3333333333333333	PAQSFGAE:0.3333333333333333	AQSFGAEM:0.3333333333333333	GGPNALSL:0.3333333333333333	IDNSGAPI:0.3333333333333333	FGYCGKSD:0.3333333333333333	GPNALSLF:0.3333333333333333	QSTCNKAC:0.3333333333333333	AVSAVPAQ:0.3333333333333333	IAQSTCNK:0.3333333333333333	QFGYCGKS:0.3333333333333333	LGTGYGNC:0.3333333333333333	TGCQTGFG:0.3333333333333333	DNSGAPIA:0.3333333333333333	QSFGAEML:0.3333333333333333	ALSLFYLL:0.3333333333333333	NCCSQFGY:0.3333333333333333	AEMLQVRA:0.3333333333333333	YGNCCSQF:0.3333333333333333	VAVSAVPA:0.3333333333333333	HCGTGCQT:0.3333333333333333	
