cluster number:16
CBM18:11	CBM18:11|GH18:11|3.2.1.-:1
ADGSDNGK:0.2727272727272727	AYYAKWFT:0.2727272727272727	DGSDNGKS:0.36363636363636365	GGVMAWSL:0.5454545454545454	DGVDIDWE:0.5454545454545454	GSDNGKSG:0.36363636363636365	DIDWEYPG:0.7272727272727273	YDLMNRRN:0.2727272727272727	GVDIDWEY:0.5454545454545454	MAWSLGED:0.5454545454545454	AWSLGEDT:0.45454545454545453	DLMNRRNN:0.2727272727272727	FDGVDIDW:0.36363636363636365	GAKDEASR:0.2727272727272727	KLGGVMAW:0.45454545454545453	IAIGGWGD:0.2727272727272727	YYAKWFTT:0.2727272727272727	IDWEYPGG:0.7272727272727273	GVMAWSLG:0.5454545454545454	VMAWSLGE:0.5454545454545454	WEYPGGNG:0.8181818181818182	GFDGVDID:0.36363636363636365	LGFAYYAK:0.2727272727272727	VDIDWEYP:0.7272727272727273	LGGVMAWS:0.5454545454545454	NLGFAYYA:0.2727272727272727	DWEYPGGN:0.8181818181818182	WSLGEDTY:0.2727272727272727	LFWTWDTP:0.36363636363636365	GGNGQDYK:0.36363636363636365	PGGNGQDY:0.5454545454545454	AIGGWGDT:0.36363636363636365	LSIAVPGK:0.2727272727272727	EYPGGNGQ:0.45454545454545453	YPGGNGQD:0.45454545454545453	MTYDLMNR:0.45454545454545453	VNVMTYDL:0.36363636363636365	NVMTYDLM:0.36363636363636365	TYDLMNRR:0.45454545454545453	KELSIAVP:0.2727272727272727	FANSSLFT:0.2727272727272727	DYKQVPNS:0.2727272727272727	TFEAANFA:0.2727272727272727	VMTYDLMN:0.36363636363636365	GNGQDYKQ:0.2727272727272727	YDLMNRRD:0.45454545454545453	ANSSLFTT:0.2727272727272727	
