cluster number:20
CBM18:61	CBM18:61|GH18:57|CBM50:52|3.2.1.14:1|CBM66:1
TNGCISNC:0.3114754098360656	FDWEYPGA:0.26229508196721313	APDIPGIP:0.29508196721311475	GCISNCGT:0.3442622950819672	WEYPGAPD:0.5081967213114754	EYPGAPDI:0.4426229508196721	APASYWYL:0.3114754098360656	AAPASYWY:0.29508196721311475	GVDFDWEY:0.29508196721311475	NGCISNCG:0.4098360655737705	VDFDWEYP:0.29508196721311475	YPGAPDIP:0.4098360655737705	PGAPDIPG:0.2786885245901639	IAAPASYW:0.26229508196721313	MTYDLHGQ:0.6885245901639344	PASYWYLK:0.3770491803278688	YMTYDLHG:0.4918032786885246	DFDWEYPG:0.3114754098360656	WYLKGFPI:0.22950819672131148	DGVDFDWE:0.2459016393442623	SIAAPASY:0.22950819672131148	GYISNAEI:0.22950819672131148	GTNGCISN:0.2459016393442623	DWEYPGAP:0.5081967213114754	GAPDIPGI:0.2786885245901639	LDGVDFDW:0.2459016393442623	CGPQVPGT:0.2459016393442623	VGVTSYGR:0.26229508196721313	VTSYGRSF:0.22950819672131148	LAMITKAG:0.22950819672131148	DGVDIDWE:0.29508196721311475	SFGGWDFS:0.2459016393442623	DIDWEYPG:0.21311475409836064	FGGWDFST:0.22950819672131148	LDGVDIDW:0.2786885245901639	GVDIDWEY:0.29508196721311475	GVTSYGRS:0.2459016393442623	MITKAGVP:0.36065573770491804	VDIDWEYP:0.29508196721311475	AMITKAGV:0.22950819672131148	HGQWDYGN:0.2459016393442623	YDLHGQWD:0.6721311475409836	TYDLHGQW:0.6721311475409836	ITKAGVPS:0.2459016393442623	DLHGQWDY:0.3442622950819672	LSMITKAG:0.22950819672131148	LHGQWDYG:0.26229508196721313	NPCPLNAC:0.39344262295081966	VYMTYDLH:0.3770491803278688	LNPCPLNA:0.32786885245901637	IVYMTYDL:0.22950819672131148	YIVYMTYD:0.22950819672131148	PCPLNACC:0.4262295081967213	DYIVYMTY:0.22950819672131148	CCNIWGQC:0.21311475409836064	CNIWGQCG:0.21311475409836064	GNCLRSHV:0.32786885245901637	NCLRSHVN:0.3114754098360656	CPLNACCS:0.21311475409836064	
