cluster number:17
CBM18:35	CBM18:35|CE4:31|CBM50:1
TFFVTGNN:0.22857142857142856	RMIAEGHQ:0.2	ALTFDDGP:0.37142857142857144	FPTYMRPP:0.42857142857142855	LDTEGYLH:0.2	HQVASHTW:0.4	AEGHQVAS:0.2	EGHQVASH:0.2	QVASHTWS:0.37142857142857144	DTEGYLHD:0.2	YFPTYMRP:0.3142857142857143	GHQVASHT:0.37142857142857144	ASHTWSHQ:0.42857142857142855	VASHTWSH:0.37142857142857144	GYFPTYMR:0.3142857142857143	PTYMRPPY:0.7142857142857143	TYMRPPYS:0.6857142857142857	GHQIASHT:0.37142857142857144	QIASHTWS:0.2857142857142857	ALTYDDGP:0.22857142857142856	IASHTWSH:0.2857142857142857	LGYHVTYF:0.22857142857142856	LGYFPTYM:0.2571428571428571	ILGYFPTY:0.22857142857142856	HQIASHTW:0.37142857142857144	ATFFITGN:0.2	TFFITGNN:0.22857142857142856	LDTQDYLN:0.2	RPPYSSCT:0.2571428571428571	EGHQIASH:0.2	YMRPPYSS:0.3142857142857143	MRPPYSSC:0.3142857142857143	TVGECLGD:0.22857142857142856	VTVGECLG:0.22857142857142856	
