cluster number:4
CBM18:6	CBM18:6|GH19:1|3.2.1.14:1
TNCWDDER:0.3333333333333333	GNPPCGQD:0.8333333333333334	AQRCGSLG:0.3333333333333333	MRFLAAVV:0.6666666666666666	WDDERSDH:0.3333333333333333	GGGGTCPG:0.6666666666666666	AVGLVSAQ:1.0	CGSLGGGG:0.3333333333333333	YCGPSCET:0.3333333333333333	LAAVVIMS:0.6666666666666666	AAVVIMSS:0.6666666666666666	CGGGNDYC:0.8333333333333334	GTCPGLRC:0.6666666666666666	CGAAVGNP:1.0	VSAQRCGS:1.0	LGGGGTCP:0.3333333333333333	GQDRCCSV:0.8333333333333334	TCPGLRCC:0.8333333333333334	CSIWGWCG:1.0	PCGQDRCC:0.8333333333333334	NPPCGQDR:0.8333333333333334	RCGAAVGN:1.0	DSEPYCGP:0.3333333333333333	PYCGPSCE:0.3333333333333333	SLGGGGTC:0.3333333333333333	CSVHGWCG:1.0	PGLRCCSI:0.8333333333333334	MMRFLAAV:0.6666666666666666	DHRCGAAV:1.0	PPCGQDRC:0.8333333333333334	IMSSAMAV:1.0	RFLAAVVI:0.6666666666666666	DDERSDHR:0.3333333333333333	SIWGWCGD:1.0	SAQRCGSL:0.3333333333333333	WCGDSEPY:1.0	SEPYCGPS:0.3333333333333333	IWGWCGDS:1.0	GWCGDSEP:1.0	HRCGAAVG:1.0	ETNCWDDE:0.3333333333333333	CGDSEPYC:1.0	CCSIWGWC:1.0	CGPSCETN:0.3333333333333333	GGTCPGLR:0.6666666666666666	EPYCGPSC:0.3333333333333333	RCGSLGGG:0.3333333333333333	MAVGLVSA:1.0	WCGGGNDY:0.8333333333333334	RCCSIWGW:0.8333333333333334	SDHRCGAA:1.0	GGGTCPGL:0.6666666666666666	MSSAMAVG:1.0	VHGWCGGG:1.0	NCWDDERS:0.3333333333333333	AVVIMSSA:1.0	GPSCETNC:0.3333333333333333	SVHGWCGG:1.0	DRCCSVHG:1.0	GAAVGNPP:1.0	CCSVHGWC:1.0	PSCETNCW:0.3333333333333333	RSDHRCGA:1.0	LRCCSIWG:0.8333333333333334	GGGNDYCS:0.8333333333333334	CGQDRCCS:0.8333333333333334	FLAAVVIM:0.6666666666666666	SAMAVGLV:1.0	ERSDHRCG:1.0	DERSDHRC:0.3333333333333333	CPGLRCCS:0.8333333333333334	GSLGGGGT:0.3333333333333333	GWCGGGND:0.8333333333333334	LVSAQRCG:1.0	SSAMAVGL:1.0	RCCSVHGW:1.0	VGLVSAQR:1.0	SCETNCWD:0.3333333333333333	VGNPPCGQ:0.8333333333333334	AAVGNPPC:1.0	QDRCCSVH:0.8333333333333334	CETNCWDD:0.3333333333333333	AMAVGLVS:1.0	MMMRFLAA:0.6666666666666666	AVGNPPCG:1.0	WGWCGDSE:1.0	VIMSSAMA:1.0	GLRCCSIW:0.8333333333333334	GDSEPYCG:1.0	GLVSAQRC:1.0	HGWCGGGN:0.8333333333333334	VVIMSSAM:1.0	CWDDERSD:0.3333333333333333	QRCGSLGG:0.3333333333333333	NKCWSGER:0.6666666666666666	KCQYRCSS:0.3333333333333333	SGERSDHR:0.6666666666666666	CGSQGGGG:0.5	GGNDYCSG:0.6666666666666666	QRCGSQGG:0.6666666666666666	DSEPYCGR:0.6666666666666666	QGGGGTCP:0.5	EPYCGRTC:0.6666666666666666	GRTCENKC:0.6666666666666666	CQYRCSSS:0.8333333333333334	RCGSQGGG:0.6666666666666666	AQRCGSQG:0.6666666666666666	ENKCWSGE:0.6666666666666666	WSGERSDH:0.6666666666666666	KCWSGERS:0.6666666666666666	PYCGRTCE:0.6666666666666666	GNDYCSGG:0.5	GERSDHRC:0.6666666666666666	RTCENKCW:0.6666666666666666	YCGRTCEN:0.6666666666666666	GSQGGGGT:0.5	CWSGERSD:0.6666666666666666	SQGGGGTC:0.5	CGRTCENK:0.6666666666666666	SEPYCGRT:0.6666666666666666	TCENKCWS:0.6666666666666666	CENKCWSG:0.6666666666666666	SAQRCGSQ:0.6666666666666666	MRFLSAVV:0.3333333333333333	SAVVIMSS:0.3333333333333333	FLSAVVIM:0.3333333333333333	MMRFLSAV:0.3333333333333333	MMMRFLSA:0.3333333333333333	RFLSAVVI:0.3333333333333333	LSAVVIMS:0.3333333333333333	GGNCQYRC:0.3333333333333333	YCSGGNCQ:0.3333333333333333	CSGGNCQY:0.3333333333333333	GNCQYRCS:0.3333333333333333	DYCSGGNC:0.3333333333333333	NCQYRCSS:0.5	NDYCSGGN:0.3333333333333333	SGGNCQYR:0.3333333333333333	
