cluster number:10
CBM18:258	CBM18:258|GH19:249|3.2.1.14:81
RKREIAAF:0.24806201550387597	AAFLAQTS:0.375968992248062	TSHETTGG:0.7713178294573644	QTSHETTG:0.7790697674418605	FWMTPQSP:0.4186046511627907	WMTPQSPK:0.4186046511627907	DRIGFYKR:0.4069767441860465	RIGFYKRY:0.43023255813953487	TTGGWATA:0.24031007751937986	VADRIGFY:0.28294573643410853	LAQTSHET:0.375968992248062	ATAPDGPY:0.21705426356589147	QISYNYNY:0.2131782945736434	GWATAPDG:0.23255813953488372	PQSPKPSC:0.36046511627906974	SHETTGGW:0.7325581395348837	RVADRIGF:0.2596899224806202	INGGLECG:0.5891472868217055	ISYNYNYG:0.2131782945736434	TPQSPKPS:0.4263565891472868	ADRIGFYK:0.2054263565891473	FLAQTSHE:0.37209302325581395	GGWATAPD:0.23255813953488372	AQTSHETT:0.43410852713178294	GFYKRYCD:0.3643410852713178	KREIAAFL:0.20155038759689922	GKKYYGRG:0.23255813953488372	IGFYKRYC:0.39147286821705424	AFLAQTSH:0.38372093023255816	MTPQSPKP:0.42248062015503873	TGGWATAP:0.2364341085271318	FYTYDAFI:0.22093023255813954	KKYYGRGP:0.24031007751937986	IINGGLEC:0.5930232558139535	EQCGSQAG:0.2751937984496124	TNIINGGL:0.5930232558139535	AEQCGSQA:0.2713178294573643	QSPKPSCH:0.43023255813953487	ETTGGWAT:0.24031007751937986	QCGSQAGG:0.36046511627906974	WATAPDGP:0.2248062015503876	NIINGGLE:0.5930232558139535	WFWMTPQS:0.4263565891472868	NYNYGPAG:0.27906976744186046	HETTGGWA:0.4069767441860465	GRVPGYGV:0.26356589147286824	YGVITNII:0.44573643410852715	KYYGRGPI:0.2713178294573643	CGSQAGGA:0.3333333333333333	VPGYGVIT:0.2558139534883721	GYGVITNI:0.4496124031007752	YGRGPIQL:0.2364341085271318	YYGRGPIQ:0.49224806201550386	PGYGVITN:0.43023255813953487	RVPGYGVI:0.2558139534883721	AGRVPGYG:0.2751937984496124	GVITNIIN:0.5232558139534884	ITNIINGG:0.5542635658914729	HRNDAACP:0.2364341085271318	VITNIING:0.5232558139534884	RNDAACPA:0.2131782945736434	SFKTALWF:0.22093023255813954	HDVITGRW:0.21705426356589147	LLNNPDLV:0.3798449612403101	ALWFWMTP:0.22868217054263565	LWFWMTPQ:0.22868217054263565	NGGLECGR:0.28294573643410853	GRGPIQIS:0.37209302325581395	HETTGGWP:0.2596899224806202	KTALWFWM:0.2248062015503876	GGLECGRG:0.28294573643410853	FKTALWFW:0.23255813953488372	LNNPDLVA:0.3488372093023256	GLECGRGQ:0.21705426356589147	LECGRGQD:0.21705426356589147	DLLNNPDL:0.39147286821705424	DCYNQRPF:0.20155038759689922	TALWFWMT:0.2364341085271318	LDCYNQRP:0.2131782945736434	NLDCYNQR:0.3023255813953488	PDGPYAWG:0.4844961240310077	GRLPGYGV:0.21705426356589147	PIQISYNY:0.20155038759689922	AGRLPGYG:0.26744186046511625	QAGGALCP:0.375968992248062	GPYAWGYC:0.49612403100775193	YGRGPIQI:0.2558139534883721	DGPYAWGY:0.4883720930232558	AGGALCPN:0.20930232558139536	SPKPSCHD:0.2713178294573643	GPIQISYN:0.20930232558139536	NPDLVATD:0.42248062015503873	IQISYNYN:0.20155038759689922	AAGRLPGY:0.25193798449612403	TAPDGPYA:0.29457364341085274	PYAWGYCF:0.4186046511627907	PKPSCHDV:0.3178294573643411	APDGPYAW:0.4844961240310077	PDLVATDP:0.27906976744186046	RGPIQISY:0.20930232558139536	NNPDLVAT:0.3333333333333333	RAIGVDLL:0.23255813953488372	KPSCHDVI:0.26356589147286824	GVDLLNNP:0.24806201550387597	PSCHDVIT:0.22093023255813954	IGVDLLNN:0.24031007751937986	VDLLNNPD:0.2558139534883721	GRAIGVDL:0.2441860465116279	SCHDVITG:0.20930232558139536	AIGVDLLN:0.2441860465116279	GQTSHETT:0.3449612403100775	GFYTYDAF:0.2713178294573643	KTAIWFWM:0.2131782945736434	FKTAIWFW:0.2131782945736434	TAIWFWMT:0.2131782945736434	AFFGQTSH:0.20155038759689922	CPNGLCCS:0.2054263565891473	AAFFGQTS:0.21705426356589147	
