cluster number:23
CBM18:179	CBM18:179|GH19:164|3.2.1.14:25|GH18:2|CBM1:1|AA15:1
PLQLSWNY:0.2122905027932961	KFGYCGTT:0.2569832402234637	GRGPLQLS:0.2122905027932961	CSKFGYCG:0.2737430167597765	LSWNYNYG:0.3016759776536313	CCSKFGYC:0.2737430167597765	AQNCGCAS:0.20670391061452514	RGPLQLSW:0.2122905027932961	LQLSWNYN:0.2122905027932961	GPLQLSWN:0.2122905027932961	WNYNYGAA:0.24022346368715083	SKFGYCGT:0.2737430167597765	NYNYGAAG:0.24022346368715083	QLSWNYNY:0.3016759776536313	SIGFDGLN:0.2011173184357542	KREIAAFF:0.5810055865921788	FGATIRAI:0.41899441340782123	GATIRAIN:0.441340782122905	AAFFAHVT:0.36312849162011174	QGFGATIR:0.441340782122905	YYGRGPLQ:0.5139664804469274	GFGATIRA:0.4245810055865922	KTALWFWM:0.22905027932960895	EIAAFFAH:0.6033519553072626	GDGCQSGP:0.3016759776536313	ATIRAING:0.3854748603351955	TIRAINGA:0.2737430167597765	IAAFFAHV:0.3407821229050279	GHFCYIEE:0.2122905027932961	FKTALWFW:0.2849162011173184	HVTHETGH:0.3128491620111732	REIAAFFA:0.5921787709497207	AHVTHETG:0.3463687150837989	DGCQSGPC:0.3016759776536313	YCGDGCQS:0.3016759776536313	THETGHFC:0.5027932960893855	HFCYIEEI:0.2122905027932961	WFWMNNVH:0.21787709497206703	FFAHVTHE:0.35195530726256985	VTHETGHF:0.27932960893854747	HETGHFCY:0.5027932960893855	CGDGCQSG:0.3016759776536313	ETGHFCYI:0.4692737430167598	FAHVTHET:0.3463687150837989	AFFAHVTH:0.35195530726256985	TGHFCYIE:0.2011173184357542	DSKREIAA:0.24581005586592178	DDSKREIA:0.2346368715083799	GPLQISWN:0.3128491620111732	CCSQYGYC:0.22346368715083798	CSQYGYCG:0.2122905027932961	RGPLQISW:0.3128491620111732	SKREIAAF:0.2346368715083799	SWNYNYGP:0.40782122905027934	ISWNYNYG:0.3128491620111732	WNYNYGPA:0.441340782122905	PLQISWNY:0.29608938547486036	LQISWNYN:0.29608938547486036	GRGPLQIS:0.3128491620111732	QISWNYNY:0.3128491620111732	YGRGPLQI:0.3240223463687151	NYNYGPAG:0.441340782122905	RAINGALE:0.3407821229050279	IRAINGAL:0.22905027932960895	AINGALEC:0.35195530726256985	FFAHATHE:0.21787709497206703	AAFFAHAT:0.21787709497206703	IAAFFAHA:0.24581005586592178	FAHATHET:0.21787709497206703	AFFAHATH:0.21787709497206703	AHATHETG:0.21787709497206703	YISEINKS:0.2122905027932961	NKSNAYCD:0.2122905027932961	YNYGPAGR:0.2737430167597765	PAAAQNCG:0.2681564245810056	ISEINKSN:0.2122905027932961	EGKNFYTR:0.2569832402234637	GPAAAQNC:0.24581005586592178	TRSAFLSA:0.2681564245810056	NNPAQMNA:0.24581005586592178	RQWPCAAG:0.2569832402234637	NGIKNQAG:0.22905027932960895	QSGPCRSG:0.24022346368715083	FNGIKNQA:0.25139664804469275	MNARVGYY:0.2737430167597765	GCQSGPCR:0.25139664804469275	SEINKSNA:0.2122905027932961	GHFCYISE:0.2681564245810056	QAGSGCEG:0.24022346368715083	AYPGFAHG:0.20670391061452514	AAQNCGCQ:0.2905027932960894	CQSGPCRS:0.25139664804469275	NPAQMNAR:0.24581005586592178	KYYGRGPL:0.3240223463687151	AAAQNCGC:0.2905027932960894	WPCAAGQK:0.26256983240223464	AQNCGCQP:0.26256983240223464	GQKYYGRG:0.2737430167597765	KNFYTRSA:0.27932960893854747	QMNARVGY:0.2681564245810056	FCYISEIN:0.2681564245810056	NFYTRSAF:0.27932960893854747	GNNPAQMN:0.24581005586592178	DPGPNLTC:0.24581005586592178	FGYCGTTD:0.25139664804469275	YPGFAHGG:0.22905027932960895	FYTRSAFL:0.3687150837988827	GKNFYTRS:0.27932960893854747	AQMNARVG:0.2681564245810056	KNQAGSGC:0.2011173184357542	RSAFLSAV:0.22346368715083798	AAGQKYYG:0.26256983240223464	QKYYGRGP:0.2737430167597765	VDPGPNLT:0.24581005586592178	AGPAAAQN:0.24581005586592178	QWPCAAGQ:0.26256983240223464	AGSGCEGK:0.22905027932960895	SGCEGKNF:0.22346368715083798	IKNQAGSG:0.2011173184357542	YTRSAFLS:0.2681564245810056	NQAGSGCE:0.2011173184357542	TGHFCYIS:0.2681564245810056	INKSNAYC:0.2122905027932961	EINKSNAY:0.2122905027932961	PCAAGQKY:0.26256983240223464	FFNGIKNQ:0.25139664804469275	GPCRSGGG:0.2346368715083799	CAAGQKYY:0.26256983240223464	SGPCRSGG:0.2346368715083799	GKREIAAF:0.27932960893854747	QNCGCQPN:0.26256983240223464	PAQMNARV:0.24581005586592178	CYISEINK:0.2681564245810056	CEGKNFYT:0.2569832402234637	GCEGKNFY:0.2569832402234637	HFCYISEI:0.2681564245810056	AGQKYYGR:0.2681564245810056	GSGCEGKN:0.21787709497206703	
