cluster number:8
GH128:11	GH128:11
THVLGFNE:0.6363636363636364	HVLGFNEP:0.6363636363636364	ITHVLGFN:0.5454545454545454	FEFVPMMW:0.36363636363636365	EAWVANFE:0.2727272727272727	ANFEPLGE:0.2727272727272727	WVANFEPL:0.45454545454545453	FRSDVSNV:0.36363636363636365	WYDNFEGL:0.36363636363636365	IWVTEYAY:0.2727272727272727	EGLASHIG:0.36363636363636365	SNVGPNAA:0.2727272727272727	FFKQTLKW:0.2727272727272727	QDDKIWVQ:0.2727272727272727	ERLAEWPN:0.2727272727272727	FKQTLKWF:0.2727272727272727	HIGERLAE:0.2727272727272727	PQDDKIWV:0.2727272727272727	FEGLASHI:0.36363636363636365	RYTYFGAF:0.2727272727272727	AEAWVANF:0.2727272727272727	LGLPACTG:0.2727272727272727	YDNFEGLA:0.36363636363636365	HWYDNFEG:0.36363636363636365	VSNVGPNA:0.36363636363636365	AAEAWVAN:0.2727272727272727	LPVHWYDN:0.2727272727272727	GLASHIGE:0.45454545454545453	EYAYAHQD:0.2727272727272727	GAFRSDVS:0.2727272727272727	SDVSNVGP:0.36363636363636365	IGAQYLGL:0.2727272727272727	KLGLPACT:0.2727272727272727	ASHIGERL:0.2727272727272727	GAQYLGLN:0.2727272727272727	SHIGERLA:0.2727272727272727	AWVANFEP:0.45454545454545453	TYFGAFRS:0.2727272727272727	QTLKWFDE:0.2727272727272727	LKQFLGNC:0.2727272727272727	TEYAYAHQ:0.36363636363636365	KQTLKWFD:0.2727272727272727	WVTEYAYA:0.2727272727272727	GRYTYFGA:0.2727272727272727	KQFLGNCS:0.2727272727272727	GLPACTGG:0.2727272727272727	VLGFNEPD:0.5454545454545454	DNFEGLAS:0.36363636363636365	FVPMMWGV:0.36363636363636365	DVSNVGPN:0.36363636363636365	NITHVLGF:0.45454545454545453	PMMWGVGS:0.2727272727272727	VHWYDNFE:0.36363636363636365	FGAFRSDV:0.2727272727272727	IGRYTYFG:0.2727272727272727	YFGAFRSD:0.2727272727272727	LTTIGAQY:0.2727272727272727	VPMMWGVG:0.36363636363636365	GERLAEWP:0.2727272727272727	TIGAQYLG:0.2727272727272727	NFEGLASH:0.36363636363636365	VANFEPLG:0.2727272727272727	EFVPMMWG:0.36363636363636365	DITWYYNY:0.2727272727272727	FEPLGEMG:0.2727272727272727	PVHWYDNF:0.36363636363636365	TTIGAQYL:0.2727272727272727	NFEPLGEM:0.2727272727272727	IGERLAEW:0.2727272727272727	LPACTGGW:0.2727272727272727	YTYFGAFR:0.2727272727272727	WLKQFLGN:0.2727272727272727	TLKWFDES:0.2727272727272727	LASHIGER:0.45454545454545453	MMWGVGSD:0.2727272727272727	AFRSDVSN:0.2727272727272727	RSDVSNVG:0.36363636363636365	FIGRYTYF:0.2727272727272727	RYSYFGAF:0.36363636363636365	YSYFGAFR:0.36363636363636365	SYFGAFRS:0.36363636363636365	LQFVPMLW:0.2727272727272727	QFVPMLWG:0.2727272727272727	YFGAFRSS:0.2727272727272727	
