cluster number:23
GH128:34	GH128:34|CBM13:4|CBM32:1
GWLDRFMT:0.2647058823529412	GHADVDDV:0.29411764705882354	ADVDDVVQ:0.29411764705882354	FVPMIWGA:0.4117647058823529	HWYGSDFS:0.29411764705882354	WRKRIARH:0.20588235294117646	GGWLDRFM:0.4117647058823529	YAWFGLPA:0.47058823529411764	LGFNEPDL:0.35294117647058826	HADVDDVV:0.29411764705882354	LLSLWWLE:0.29411764705882354	DVDDVVQE:0.29411764705882354	RELLSLWW:0.20588235294117646	LHWYGSDF:0.29411764705882354	FRSWLVAI:0.23529411764705882	AITVRQVR:0.20588235294117646	ELLSLWWL:0.2647058823529412	LLGFNEPD:0.7352941176470589	LDRFMTGA:0.35294117647058826	AEATRWLD:0.35294117647058826	RYAWFGLP:0.5294117647058824	WLDRFMTG:0.35294117647058826	RSWLVAIT:0.20588235294117646	LWRKRIAR:0.20588235294117646	VDDVVQET:0.23529411764705882	PGGWLDRF:0.2647058823529412	GSPAVAYG:0.20588235294117646	DDVVQETL:0.23529411764705882	LGFNEPDM:0.35294117647058826	LGSPAVAY:0.20588235294117646	TPGGWLDR:0.20588235294117646	PAVAYGGD:0.23529411764705882	YLLGFNEP:0.29411764705882354	QRYAWFGL:0.2647058823529412	PSPLWRKR:0.23529411764705882	SPAVAYGG:0.20588235294117646	RVDFIALH:0.2647058823529412	QQAAFLTA:0.29411764705882354	RGYRVDFI:0.3235294117647059	GYRVDFIA:0.20588235294117646	AAFLTAAT:0.2647058823529412	AWFGLPAT:0.2647058823529412	YRVDFIAL:0.20588235294117646	FIALHWYG:0.2647058823529412	LHWYGGDF:0.3235294117647059	EFVPMIWG:0.47058823529411764	AEFVPMIW:0.2647058823529412	PIWLTEFA:0.23529411764705882	DFIALHWY:0.2647058823529412	IALHWYGG:0.23529411764705882	ALHWYGGD:0.23529411764705882	IWLTEFAL:0.20588235294117646	WFGLPATD:0.2647058823529412	WLTEFALI:0.23529411764705882	QAAFLTAA:0.2647058823529412	VDFIALHW:0.2647058823529412	VPMIWGAK:0.23529411764705882	SPAVAWGG:0.20588235294117646	LGSPAVAW:0.20588235294117646	GLPATDKD:0.20588235294117646	GSPAVAWG:0.20588235294117646	FGLPATDK:0.20588235294117646	AFRSWLVA:0.23529411764705882	TILRLGLT:0.20588235294117646	PLVYNIVG:0.23529411764705882	LPLVYNIV:0.23529411764705882	EQALDLWP:0.20588235294117646	TLLGFNEP:0.20588235294117646	RLGSPAVA:0.29411764705882354	VEFVPMIW:0.20588235294117646	RVDFITLH:0.20588235294117646	VDFITLHW:0.23529411764705882	YVERYAWF:0.20588235294117646	QRREVAEA:0.20588235294117646	
