cluster number:15
GH128:11	GH128:11|CBM32:5|CBM6:3|CBM13:1
EPNFKSQA:0.2727272727272727	IWLTEFAC:0.5454545454545454	LSTRWSSA:0.2727272727272727	NINLLGNS:0.2727272727272727	FNEPNFKS:0.2727272727272727	SGQLTELG:0.2727272727272727	NEPNFKSQ:0.2727272727272727	QYLLGFNE:0.36363636363636365	VNYCGDCV:0.2727272727272727	YLLGFNEP:0.7272727272727273	VWGGTPNA:0.2727272727272727	VSPAVNYC:0.2727272727272727	LDAFFAAC:0.2727272727272727	LLGNSGQL:0.2727272727272727	MVWGGTPN:0.2727272727272727	GISWWYNW:0.2727272727272727	AVNYCGDC:0.2727272727272727	VNYLENEP:0.2727272727272727	YCGDCVSE:0.2727272727272727	FACGDRPH:0.36363636363636365	PIWLTEFA:0.5454545454545454	RRKNLKLV:0.2727272727272727	TEFACGDR:0.36363636363636365	KPIWLTEF:0.5454545454545454	PMVWGGTP:0.2727272727272727	LLGFNEPN:0.9090909090909091	SPAVNYCG:0.36363636363636365	NYCGDCVS:0.2727272727272727	NLLGNSGQ:0.2727272727272727	YNKPIWLT:0.45454545454545453	GFNEPNFK:0.2727272727272727	AVHWYACD:0.2727272727272727	EAGAASVA:0.2727272727272727	EFACGDRP:0.36363636363636365	FKKYNKPI:0.2727272727272727	STRWSSAF:0.2727272727272727	INLLGNSG:0.2727272727272727	LFKKYNKP:0.2727272727272727	PEAGAASV:0.2727272727272727	NKPIWLTE:0.45454545454545453	LTEFACGD:0.5454545454545454	PAVNYCGD:0.2727272727272727	PNFKSQAN:0.2727272727272727	LGNSGQLT:0.2727272727272727	NYLENEPA:0.2727272727272727	AVNYLENE:0.2727272727272727	SWWYNWSP:0.36363636363636365	VARRKNLK:0.2727272727272727	EIPNINLL:0.36363636363636365	YLDAFFAA:0.2727272727272727	ARRKNLKL:0.2727272727272727	KKYNKPIW:0.36363636363636365	LGFNEPNF:0.8181818181818182	IPNINLLG:0.36363636363636365	GLFKKYNK:0.2727272727272727	LVSPAVNY:0.2727272727272727	WLTEFACG:0.5454545454545454	KYNKPIWL:0.36363636363636365	PNINLLGN:0.2727272727272727	DPVVYLDA:0.2727272727272727	NEIPNINL:0.2727272727272727	PVLEEVAR:0.36363636363636365	AFADPQYL:0.2727272727272727	FSGRNNEI:0.36363636363636365	WPVLEEVA:0.36363636363636365	VVYLDAFF:0.2727272727272727	SGRNNEIP:0.36363636363636365	SSAFADPQ:0.2727272727272727	RYAWFSGR:0.45454545454545453	VLEEVARR:0.36363636363636365	WFSGRNNE:0.36363636363636365	AWFSGRNN:0.36363636363636365	WSSAFADP:0.2727272727272727	GVTFTDPV:0.2727272727272727	PVVYLDAF:0.2727272727272727	NNEIPNIN:0.2727272727272727	TFTDPVVY:0.2727272727272727	TDPVVYLD:0.2727272727272727	VTFTDPVV:0.2727272727272727	SAFADPQY:0.2727272727272727	FRYAWFSG:0.36363636363636365	GRNNEIPN:0.2727272727272727	YGYHSAED:0.2727272727272727	RWSSAFAD:0.2727272727272727	LEEVARRK:0.2727272727272727	YAWFSGRN:0.36363636363636365	FTDPVVYL:0.2727272727272727	EVARRKNL:0.2727272727272727	RNNEIPNI:0.2727272727272727	PNVNLLGA:0.2727272727272727	AALWPVLE:0.2727272727272727	LWPVLEEV:0.2727272727272727	ALWPVLEE:0.2727272727272727	KRGLAYGY:0.2727272727272727	GLAYGYHS:0.2727272727272727	AAALWPVL:0.2727272727272727	RGLAYGYH:0.2727272727272727	
