cluster number:0
GH131:22	GH131:22|CBM1:11|3.2.1.-:1
IAFFESHF:0.5454545454545454	ADWHLGVL:0.3181818181818182	QIAFFESH:0.5454545454545454	EHQIAFFE:0.5454545454545454	GADWHLGV:0.3181818181818182	FESHFTEL:0.8181818181818182	HFTELKYG:0.4090909090909091	SHFTELKY:0.4090909090909091	NGADWHLG:0.36363636363636365	ESHFTELK:0.7272727272727273	SSNGADWH:0.5454545454545454	AFFESHFT:0.5454545454545454	ILWDGRFN:0.22727272727272727	TSSNGADW:0.4090909090909091	RTELIPQT:0.5454545454545454	FFESHFTE:0.9545454545454546	STSSNGAD:0.36363636363636365	SNGADWHL:0.36363636363636365	ELIPQTKA:0.22727272727272727	HQIAFFES:0.5454545454545454	ANTVGFWH:0.22727272727272727	EDFYFSGV:0.4090909090909091	YFSGVYIE:0.36363636363636365	HVGVLELP:0.22727272727272727	NTVGFWHS:0.22727272727272727	SNGADWHV:0.22727272727272727	TREHQIAF:0.22727272727272727	SHFTELKS:0.2727272727272727	TAYWNGQN:0.2727272727272727	GVLELPRS:0.2727272727272727	REHQIAFF:0.22727272727272727	GADWHVGV:0.22727272727272727	VGVLELPR:0.22727272727272727	HNVAYEID:0.4090909090909091	DWHVGVLE:0.22727272727272727	NVAYEIDF:0.4090909090909091	AYWNGQNM:0.2727272727272727	WHVGVLEL:0.22727272727272727	WNGQNMRR:0.3181818181818182	HFTELKSG:0.2727272727272727	DFYFSGVY:0.36363636363636365	TVGFWHST:0.22727272727272727	ADVWHNVA:0.2727272727272727	YQYYIHGS:0.3181818181818182	WHNVAYEI:0.4090909090909091	FYFSGVYI:0.36363636363636365	ADWHVGVL:0.2727272727272727	VLELPRSG:0.2727272727272727	LELPRSGY:0.2727272727272727	VWHNVAYE:0.36363636363636365	NGADWHVG:0.22727272727272727	VGFWHSTG:0.22727272727272727	YWNGQNMR:0.3181818181818182	DVWHNVAY:0.3181818181818182	MRRTELIP:0.36363636363636365	NMRRTELI:0.36363636363636365	YHFSLMRK:0.22727272727272727	GPYQYYIH:0.3181818181818182	RRTELIPQ:0.36363636363636365	SGSLTTSV:0.22727272727272727	YIESGSLT:0.2727272727272727	IESGSLTT:0.2727272727272727	LWDGRFND:0.3181818181818182	VYIESGSL:0.2727272727272727	FWHSTGSD:0.22727272727272727	GQNMRRTE:0.36363636363636365	VGPYQYYI:0.2727272727272727	GVYIESGS:0.36363636363636365	SGVYIESG:0.36363636363636365	FSGVYIES:0.22727272727272727	TELIPQTS:0.2727272727272727	TEDFYFSG:0.3181818181818182	GKVYYHFS:0.36363636363636365	ELIPQTSA:0.2727272727272727	ESGSLTTS:0.2727272727272727	QNMRRTEL:0.36363636363636365	PYQYYIHG:0.3181818181818182	KNPADSGS:0.22727272727272727	QVGPYQYY:0.22727272727272727	TTSVAGPG:0.22727272727272727	HLGVLELP:0.22727272727272727	EHQICFFE:0.2727272727272727	WHLGVLEL:0.22727272727272727	QICFFESH:0.2727272727272727	ICFFESHF:0.2727272727272727	CFFESHFT:0.2727272727272727	DWHLGVLE:0.22727272727272727	HQICFFES:0.2727272727272727	REHQICFF:0.22727272727272727	
