cluster number:11
GT30:11	GT30:11
VFVAGSTM:0.36363636363636365	AVSVGEVL:0.5454545454545454	LGAVWGLA:0.2727272727272727	ALVELELW:0.36363636363636365	VTGSVKFD:0.36363636363636365	GAVWGLAD:0.2727272727272727	WFHAVSVG:0.6363636363636364	RGGQNMME:0.5454545454545454	VAGSTMEG:0.2727272727272727	GRGGQNMM:0.36363636363636365	VGEVLLLR:0.36363636363636365	VWGLADVA:0.2727272727272727	GELGAVWG:0.2727272727272727	QNMMEPAA:0.36363636363636365	VSVGEVLL:0.45454545454545453	SVGEVLLL:0.45454545454545453	DTLGELGA:0.2727272727272727	GSTMEGEE:0.2727272727272727	AVWGLADV:0.2727272727272727	LADVAFVG:0.45454545454545453	ADVAFVGG:0.45454545454545453	LALVELEL:0.36363636363636365	FHAVSVGE:0.6363636363636364	GLADVAFV:0.36363636363636365	ELELWPNL:0.5454545454545454	WGLADVAF:0.36363636363636365	AGSTMEGE:0.2727272727272727	GGQNMMEP:0.5454545454545454	HAVSVGEV:0.8181818181818182	FVAGSTME:0.2727272727272727	DVAFVGGS:0.45454545454545453	ELGAVWGL:0.2727272727272727	LELWPNLI:0.45454545454545453	VAFVGGSL:0.45454545454545453	GQNMMEPA:0.36363636363636365	LVELELWP:0.5454545454545454	VELELWPN:0.6363636363636364	RLILVPRH:0.36363636363636365	VSVGEVNL:0.2727272727272727	AVSVGEVN:0.36363636363636365	SVGEVNLL:0.2727272727272727	ELWPNLIR:0.2727272727272727	LRLILVPR:0.36363636363636365	GSTHAPEE:0.2727272727272727	MMEPAAYG:0.2727272727272727	AGSTHAPE:0.2727272727272727	NMMEPAAY:0.2727272727272727	TGSVKFDG:0.2727272727272727	SVKFDGLE:0.2727272727272727	AVARRTFP:0.2727272727272727	VLALVELE:0.2727272727272727	ELDRLVES:0.2727272727272727	LAVARRTF:0.2727272727272727	VKFDGLES:0.2727272727272727	GLAVARRT:0.2727272727272727	CLWFHAVS:0.2727272727272727	LVFVAGST:0.2727272727272727	KFDGLESD:0.2727272727272727	TVLALVEL:0.2727272727272727	DLVFVAGS:0.2727272727272727	RPTVLALV:0.2727272727272727	PTVLALVE:0.2727272727272727	FDGLESDR:0.2727272727272727	GSVKFDGL:0.2727272727272727	PGRGGQNM:0.2727272727272727	GEVLLLRP:0.2727272727272727	TGLAVARR:0.2727272727272727	LWFHAVSV:0.2727272727272727	RSHRGYRR:0.2727272727272727	PCLWFHAV:0.2727272727272727	TGSIKYDG:0.2727272727272727	
