cluster number:6
GT30:142	GT30:142
IDNIGMLS:0.2535211267605634	GGGFGVGI:0.352112676056338	YIGGGFGV:0.2112676056338028	GIHNTLEA:0.2887323943661972	LGEFEQGR:0.8732394366197183	IHNTLEAA:0.29577464788732394	ASLGEFEQ:0.8450704225352113	AYIGGGFG:0.23943661971830985	GGFGVGIH:0.352112676056338	SLGEFEQG:0.8802816901408451	SGYEVRKN:0.5140845070422535	GFGVGIHN:0.352112676056338	GDTRFDRV:0.8098591549295775	SPSGYEVR:0.6619718309859155	PSGYEVRK:0.6338028169014085	FSPSGYEV:0.6549295774647887	FFSPSGYE:0.8802816901408451	GYEVRKNY:0.4647887323943662	TFFSPSGY:0.8591549295774648	VVGDTRFD:0.2676056338028169	AAVYGIPV:0.24647887323943662	DTRFDRVL:0.3380281690140845	FFIKYEFW:0.34507042253521125	WFHAASLG:0.4647887323943662	TVVGDTRF:0.20422535211267606	EAAVYGIP:0.24647887323943662	YSVSSIFR:0.2746478873239437	LLSSIYRY:0.2605633802816901	EFEQGRPL:0.4647887323943662	IWFHAASL:0.3380281690140845	LSSIYRYG:0.2535211267605634	HAASLGEF:0.5	FEQGRPLI:0.34507042253521125	HNVLEAAV:0.20422535211267606	VGDTRFDR:0.3028169014084507	YIWFHAAS:0.33098591549295775	EQGRPLIE:0.34507042253521125	FHAASLGE:0.4647887323943662	AASLGEFE:0.5	GEFEQGRP:0.8380281690140845	GLLSSIYR:0.2605633802816901	LTFFSPSG:0.6690140845070423	RFDRVLQI:0.24647887323943662	AFFIKYEF:0.30985915492957744	KLIIAPHV:0.23943661971830985	TRFDRVLQ:0.2605633802816901	AVYGIPVI:0.20422535211267606	LIIAPHVI:0.2323943661971831	LLTFFSPS:0.4647887323943662	YKILLTFF:0.2605633802816901	CFGLLSSI:0.2535211267605634	YGIPVIFG:0.22535211267605634	VYGIPVIF:0.20422535211267606	PVYSVSSI:0.21830985915492956	KILLTFFS:0.30985915492957744	GIPVIFGP:0.23943661971830985	ILLTFFSP:0.4154929577464789	VYSVSSIF:0.21830985915492956	MAFFIKYE:0.2535211267605634	FGLLSSIY:0.3732394366197183	EFEQGRPV:0.2535211267605634	AGDTRFDR:0.3028169014084507	FIKYEFWY:0.22535211267605634	YEVRKNYE:0.21830985915492956	AYVGGGFG:0.20422535211267606	VAGDTRFD:0.20422535211267606	
