cluster number:47
GT30:27	GT30:27
QAASGGEA:0.4074074074074074	LETELWPG:0.37037037037037035	ETELWPGL:0.37037037037037035	LLETELWP:0.37037037037037035	AASGGEAY:0.4074074074074074	ASGGEAYL:0.4074074074074074	AVFVGGSL:0.2222222222222222	VMPNIKFD:0.2222222222222222	SGGEAYLA:0.25925925925925924	QNFLEPLT:0.2222222222222222	GGQNFLEP:0.6666666666666666	GQNFLEPL:0.5555555555555556	TELWPGLL:0.25925925925925924	MPNIKFDR:0.3333333333333333	LGGQNFLE:0.5925925925925926	PLGGQNFL:0.48148148148148145	AAFVGGSL:0.2962962962962963	LETEIWPG:0.2222222222222222	VGGSLAPL:0.4074074074074074	APLGGQNF:0.37037037037037035	GSLAPLGG:0.4444444444444444	FVGGSLAP:0.4444444444444444	GGSLAPLG:0.4444444444444444	LAPLGGQN:0.4444444444444444	SLAPLGGQ:0.4444444444444444	AFVGGSLA:0.37037037037037035	LWDTFGEL:0.25925925925925924	ETEIWPGF:0.2222222222222222	TEIWPGFL:0.2222222222222222	GLFPRHMH:0.2962962962962963	
