cluster number:9
GT30:26	GT30:26
EIWPNFLR:0.2692307692307692	FPLDLPYL:0.3076923076923077	IVATSPLV:0.3076923076923077	TEIWPNFL:0.2692307692307692	VSVVTATG:0.23076923076923078	MVNGRISD:0.5769230769230769	PVMMVNGR:0.5384615384615384	ILEPAAHG:0.6153846153846154	LDTIGELG:0.46153846153846156	VMMVNGRI:0.5384615384615384	GHNILEPA:0.7307692307692307	GEIVATSP:0.4230769230769231	PLDLPYLT:0.23076923076923078	LEPAAHGK:0.6153846153846154	NILEPAAH:0.6153846153846154	GPHMFNFK:0.23076923076923078	EIVATSPL:0.38461538461538464	HNILEPAA:0.6923076923076923	PAAHGKPI:0.2692307692307692	SVGEIVAT:0.4230769230769231	AGSTHKGE:0.2692307692307692	IPVMMVNG:0.34615384615384615	WPNFLRIA:0.2692307692307692	VGPHMFNF:0.23076923076923078	AASVGEIV:0.5384615384615384	VGEIVATS:0.4230769230769231	DTIGELGR:0.4230769230769231	IWPNFLRI:0.23076923076923078	VETEIWPN:0.23076923076923078	EPAAHGKP:0.3076923076923077	ASVGEIVA:0.6153846153846154	VNGRISDR:0.3076923076923077	ETEIWPNF:0.2692307692307692	HAASVGEI:0.5384615384615384	MMVNGRIS:0.5384615384615384	NGRISDRS:0.38461538461538464	GGHNILEP:0.7307692307692307	LVETEIWP:0.23076923076923078	GRISDKSV:0.23076923076923078	NGRISDKS:0.2692307692307692	TELWPNFL:0.46153846153846156	TGNTKFDQ:0.4230769230769231	VETELWPN:0.4230769230769231	VTGNTKFD:0.38461538461538464	GEIVAASP:0.23076923076923078	SVGEIVAA:0.23076923076923078	NTKFDQTY:0.2692307692307692	ELWPNFLK:0.3076923076923077	VNGRISDK:0.2692307692307692	VGEIVAAS:0.23076923076923078	GNTKFDQT:0.2692307692307692	ETELWPNF:0.46153846153846156	NRGYRAKW:0.2692307692307692	TVGGTGKT:0.34615384615384615	PILVSVVT:0.2692307692307692	VGGTGKTP:0.34615384615384615	VFLPVETE:0.23076923076923078	AHGKAIIV:0.23076923076923078	RGTLREPL:0.2692307692307692	LPRGTLRE:0.34615384615384615	GTGKTPTA:0.34615384615384615	ILNRGYRA:0.2692307692307692	NPASFEQT:0.23076923076923078	AIGNPASF:0.23076923076923078	PRGTLREP:0.34615384615384615	PASFEQTL:0.23076923076923078	LNRGYRAK:0.2692307692307692	LVTVTGNT:0.2692307692307692	ILDDGYQH:0.3076923076923077	PRVFLPVE:0.23076923076923078	FLPVETEL:0.23076923076923078	SAIGNPAS:0.23076923076923078	GGTGKTPT:0.34615384615384615	LPVETELW:0.23076923076923078	GNPASFEQ:0.23076923076923078	ILDTIGEL:0.2692307692307692	HGGHNILE:0.2692307692307692	HGKAIIVG:0.23076923076923078	LDDGYQHW:0.3076923076923077	PVETELWP:0.34615384615384615	PAAHGKAI:0.2692307692307692	TVTGNTKF:0.2692307692307692	AAHGKAII:0.23076923076923078	IGNPASFE:0.23076923076923078	RVFLPVET:0.23076923076923078	VILDTIGE:0.2692307692307692	EPAAHGKA:0.2692307692307692	VTVTGNTK:0.2692307692307692	VHAASVGE:0.38461538461538464	WVHAASVG:0.38461538461538464	IMIAGSTH:0.2692307692307692	AIWVHAAS:0.3076923076923077	IWVHAASV:0.38461538461538464	AGSTHRGE:0.3076923076923077	YPDHHDYG:0.23076923076923078	DGYQHWQL:0.2692307692307692	DDGYQHWQ:0.2692307692307692	TGKTPTAQ:0.3076923076923077	DAIIYFPL:0.2692307692307692	AIIYFPLD:0.2692307692307692	RYPDHHDY:0.2692307692307692	ADAIIYFP:0.2692307692307692	EAFMLAKH:0.23076923076923078	AGDEAFML:0.23076923076923078	VNVFGNGY:0.23076923076923078	IIYFPLDL:0.2692307692307692	AVNVFGNG:0.23076923076923078	AFMLAKHL:0.23076923076923078	LYNLAAIL:0.23076923076923078	ILVSVVTT:0.23076923076923078	VITEKDAV:0.23076923076923078	AIVITEKD:0.23076923076923078	DAVNVFGN:0.23076923076923078	AVSAIGNP:0.23076923076923078	IVITEKDA:0.23076923076923078	ELVTVTGN:0.23076923076923078	GSTHRGEE:0.2692307692307692	DEAFMLAK:0.23076923076923078	GDEAFMLA:0.23076923076923078	FMLAKHLP:0.23076923076923078	IYFPLDLP:0.2692307692307692	ITEKDAVK:0.23076923076923078	EAIVITEK:0.23076923076923078	
