cluster number:22
GT30:13	GT30:13
STHPGEEE:0.3076923076923077	NPLEPAAC:0.3076923076923077	VPVLFGPH:0.23076923076923078	GSTHPGEE:0.23076923076923078	VLFGPHME:0.38461538461538464	PVLFGPHM:0.46153846153846156	GHNPLEPA:0.3076923076923077	HNPLEPAA:0.3076923076923077	LILAPRHP:0.46153846153846156	LLILAPRH:0.3076923076923077	ILAPRHPE:0.46153846153846156	LVPTGGHN:0.38461538461538464	WFFRPVLQ:0.3076923076923077	GNLKYDIP:0.3076923076923077	VGGSLVPT:0.38461538461538464	LLANGRIS:0.23076923076923078	FFRPVLQR:0.23076923076923078	LAPRHPER:0.7692307692307693	VIMETEIW:0.3076923076923077	SLVPTGGH:0.38461538461538464	IMETEIWP:0.38461538461538464	GSLVPTGG:0.38461538461538464	GGSLVPTG:0.38461538461538464	AASTHEGE:0.23076923076923078	HAYRSLSR:0.23076923076923078	RYLRFSWF:0.23076923076923078	HAVSVGET:0.38461538461538464	AYRSLSRG:0.23076923076923078	YHAYRSLS:0.23076923076923078	SRGRRTAF:0.23076923076923078	IYNLLLWL:0.23076923076923078	PLLVPYHA:0.23076923076923078	PFDYPFAV:0.38461538461538464	ALCMQSAE:0.23076923076923078	METEIWPN:0.3076923076923077	HVAGNLKY:0.23076923076923078	LLVPYHAY:0.23076923076923078	IYFPFDYP:0.3076923076923077	PRHPERAA:0.38461538461538464	SWFFRPVL:0.23076923076923078	RSLSRGRR:0.23076923076923078	GGHNPLEP:0.23076923076923078	DLVFVGGS:0.3076923076923077	PTGGHNPL:0.23076923076923078	ANGRISDR:0.23076923076923078	YFPFDYPF:0.38461538461538464	YLRFSWFF:0.23076923076923078	SDLVFVGG:0.3076923076923077	FVGGSLVP:0.46153846153846156	LRFSWFFR:0.23076923076923078	HMENFREI:0.23076923076923078	LVPYHAYR:0.23076923076923078	LVFVGGSL:0.38461538461538464	LCMQSAED:0.23076923076923078	FSWFFRPV:0.23076923076923078	VPTGGHNP:0.23076923076923078	DTVGELAG:0.3076923076923077	ENFREIAA:0.23076923076923078	CMQSAEDA:0.23076923076923078	LVVIMETE:0.23076923076923078	AGNLKYDI:0.23076923076923078	FGPHMENF:0.3076923076923077	TVGELAGL:0.3076923076923077	VVIMETEI:0.23076923076923078	LDTVGELA:0.23076923076923078	LPLLVPYH:0.23076923076923078	TGGHNPLE:0.23076923076923078	VPYHAYRS:0.23076923076923078	CIYFPFDY:0.3076923076923077	GPHMENFR:0.23076923076923078	VGELAGLY:0.3076923076923077	TEIWPNFI:0.3076923076923077	VHVAGNLK:0.23076923076923078	YRSLSRGR:0.23076923076923078	FPFDYPFA:0.38461538461538464	PHMENFRE:0.23076923076923078	RFSWFFRP:0.23076923076923078	VHAVSVGE:0.3076923076923077	VFVGGSLV:0.46153846153846156	MENFREIA:0.23076923076923078	VAGNLKYD:0.23076923076923078	LANGRISD:0.23076923076923078	ETEIWPNF:0.46153846153846156	LSRGRRTA:0.23076923076923078	ASDLVFVG:0.23076923076923078	PYHAYRSL:0.23076923076923078	NGRISDRS:0.3076923076923077	ASTHEGEE:0.23076923076923078	GELAGLYG:0.23076923076923078	LFGPHMEN:0.3076923076923077	FDYPFAVR:0.23076923076923078	APRHPERA:0.5384615384615384	SLSRGRRT:0.23076923076923078	VLAPRHPE:0.3076923076923077	LCIYFPFD:0.23076923076923078	LLDTVGEL:0.23076923076923078	SNVTETGR:0.23076923076923078	DLCIYFPF:0.23076923076923078	
