cluster number:20
GT30:27	GT30:27
ILHGPHVA:0.25925925925925924	LHGPHVAN:0.37037037037037035	GHTPWEPA:0.25925925925925924	GGHTPWEP:0.25925925925925924	GPHVANFA:0.2222222222222222	TVLAASTH:0.2222222222222222	AILHGPHV:0.2962962962962963	HGPHVANF:0.2222222222222222	HTPWEPAA:0.25925925925925924	LADTLGEM:0.48148148148148145	AASTHEGE:0.6666666666666666	GELASARP:0.25925925925925924	ASNGELAS:0.37037037037037035	APRHPRRA:0.3333333333333333	HGASNGEL:0.2962962962962963	LASARPLI:0.2222222222222222	NGELASAR:0.25925925925925924	SARSAARW:0.2222222222222222	ELASARPL:0.2222222222222222	LHGASNGE:0.2222222222222222	LAPRHPRR:0.48148148148148145	GHTPFEPA:0.2962962962962963	ADTMGEMA:0.2222222222222222	TLLAASTH:0.2222222222222222	LLAASTHE:0.2222222222222222	WLHGASNG:0.2222222222222222	PRHPRRAA:0.2222222222222222	LAASTHEG:0.6666666666666666	ESELWPNR:0.2222222222222222	GGHTPFEP:0.4074074074074074	LADTMGEM:0.2962962962962963	KGGHTPFE:0.2222222222222222	SNGELASA:0.3333333333333333	ASTHEGEE:0.4074074074074074	LILAPRHP:0.7407407407407407	LRLILAPR:0.5555555555555556	PGLRLILA:0.25925925925925924	RLILAPRH:0.7777777777777778	ASTHEGED:0.2962962962962963	GLRLILAP:0.25925925925925924	HAASNGEL:0.3333333333333333	ADTLGEMA:0.2962962962962963	APRHPRRG:0.2222222222222222	TWLAASTH:0.25925925925925924	VYLADTLG:0.2962962962962963	WLHAASNG:0.3333333333333333	WLAASTHE:0.2222222222222222	HTPYEPAA:0.25925925925925924	YLADTLGE:0.2962962962962963	ILAPRHPR:0.4074074074074074	DTLGEMAL:0.25925925925925924	GHTPYEPA:0.3333333333333333	LHAASNGE:0.3333333333333333	GGHTPYEP:0.3333333333333333	GPVVDLKA:0.2222222222222222	AASNGELA:0.2222222222222222	ENELWPNR:0.2222222222222222	
