cluster number:4
GT30:438	GT30:438|2.4.99.-:1
IWVHAVSV:0.2625570776255708	HAVSVGET:0.6210045662100456	GQNLIEAC:0.502283105022831	PRHPQRFD:0.4680365296803653	HPQRFDEV:0.3105022831050228	AVSVGETR:0.6095890410958904	WVHAVSVG:0.4315068493150685	GGQNLIEA:0.6940639269406392	QNLIEACA:0.4817351598173516	LGDSMGEM:0.2625570776255708	VPRHPQRF:0.6415525114155252	SVGETRAA:0.6095890410958904	VSVGETRA:0.6301369863013698	RHPQRFDE:0.3789954337899543	LIEACAVG:0.3127853881278539	PLGGQNLI:0.5707762557077626	NLIEACAV:0.3127853881278539	VHAVSVGE:0.4360730593607306	LGGQNLIE:0.6050228310502284	RGATARTV:0.2009132420091324	LPLGGQNL:0.3515981735159817	LVLTNARM:0.23972602739726026	METEVWPT:0.228310502283105	MTPSGRAT:0.21689497716894976	LTNARMSA:0.22146118721461186	LLGDSMGE:0.3310502283105023	TNARMSAR:0.22146118721461186	WVAASTRE:0.20776255707762556	GDSMGELG:0.22146118721461186	LLPLGGQN:0.3447488584474886	VLLGDSMG:0.2922374429223744	SMGELGAY:0.22146118721461186	LIWVHAVS:0.2009132420091324	EACAVGVP:0.2100456621004566	NARMSARS:0.22602739726027396	FNFTQATA:0.2009132420091324	IEACAVGV:0.2100456621004566	NFTQATAD:0.2009132420091324	VGETRAAQ:0.4748858447488584	WPTLIDEC:0.2191780821917808	TLIDECRR:0.2009132420091324	GLVMETEV:0.2100456621004566	MGELGAYY:0.22146118721461186	VWVAASTR:0.2579908675799087	LGDSMGEL:0.2420091324200913	GELGAYYA:0.22146118721461186	PVWVAAST:0.2237442922374429	ETRAAQPL:0.5776255707762558	FTQATADA:0.2009132420091324	GGSLLPLG:0.3515981735159817	HMTPSGRA:0.2191780821917808	DSMGELGA:0.22146118721461186	VLGNLKFD:0.271689497716895	VLTNARMS:0.23972602739726026	VPLVLTNA:0.23515981735159816	PQRFDEVA:0.2602739726027397	ILVPRHPQ:0.2009132420091324	RPVWVAAS:0.2237442922374429	VFNFTQAT:0.2009132420091324	TPSGRATG:0.21689497716894976	ACAVGVPV:0.2100456621004566	RHRGATAR:0.21232876712328766	HRGATART:0.23972602739726026	ASTREGEE:0.2831050228310502	ELGAYYAA:0.22146118721461186	SLLPLGGQ:0.3447488584474886	EVWPTLID:0.22146118721461186	LVMETEVW:0.2100456621004566	GSLLPLGG:0.3515981735159817	LGNLKFDM:0.2374429223744292	AASTREGE:0.22146118721461186	ETEVWPTL:0.228310502283105	LVPRHPQR:0.4315068493150685	VWPTLIDE:0.2191780821917808	VMETEVWP:0.2511415525114155	THMTPSGR:0.22146118721461186	PTLIDECR:0.2054794520547945	TEVWPTLI:0.22602739726027396	LIDECRRA:0.2009132420091324	GETRAAQP:0.5799086757990868	PLVLTNAR:0.23515981735159816	GPHTFNFA:0.20776255707762556	AQPLIDAL:0.23515981735159816	TRAAQPLI:0.4269406392694064	AAQPLIDA:0.23515981735159816	RAAQPLID:0.23515981735159816	AVSLGETR:0.2831050228310502	SLGETRAA:0.2671232876712329	VSLGETRA:0.2785388127853881	HAVSLGET:0.2876712328767123	LMETEIWP:0.2420091324200913	FIGGSLLP:0.3904109589041096	AFIGGSLL:0.3904109589041096	IGGSLLPL:0.317351598173516	LLTHMTPS:0.21689497716894976	LTHMTPSG:0.21689497716894976	
