cluster number:23
GT30:11	GT30:11
RVWLQAVS:0.36363636363636365	VWLQAVSV:0.36363636363636365	QAVSVGEV:0.36363636363636365	LQAVSVGE:0.9090909090909091	WLQAVSVG:0.9090909090909091	KFTQLADL:0.2727272727272727	AVGDTTGE:0.2727272727272727	RLLLVPRH:0.2727272727272727	LRKFTQLA:0.36363636363636365	MEGERWPE:0.36363636363636365	TTGELRKF:0.36363636363636365	PPHTEGQT:0.2727272727272727	GSSTWPGE:0.45454545454545453	GDTTGELR:0.36363636363636365	EGQTPVEA:0.36363636363636365	VNARLSDR:0.2727272727272727	PHTEGQTP:0.2727272727272727	ILMEGERW:0.36363636363636365	VEVYLTTT:0.2727272727272727	VGDTTGEL:0.36363636363636365	VYLTTTTS:0.45454545454545453	ELRKFTQL:0.36363636363636365	LTTTTSTG:0.7272727272727273	FVGKSLPP:0.36363636363636365	LMEGERWP:0.36363636363636365	LGSSTWPG:0.45454545454545453	FTQLADLV:0.2727272727272727	QAVSVGEM:0.45454545454545453	DTTGELRK:0.36363636363636365	ARLSDRSY:0.36363636363636365	VGKSLPPH:0.36363636363636365	SLPPHTEG:0.2727272727272727	LPPHTEGQ:0.2727272727272727	TGELRKFT:0.36363636363636365	EVYLTTTT:0.45454545454545453	RKFTQLAD:0.36363636363636365	GELRKFTQ:0.36363636363636365	PVEAAALG:0.2727272727272727	TEGQTPVE:0.2727272727272727	GQTPVEAA:0.6363636363636364	EGERWPEH:0.5454545454545454	TQLADLVF:0.36363636363636365	NARLSDRS:0.45454545454545453	TTTTSTGH:0.2727272727272727	VFVGKSLP:0.36363636363636365	HTEGQTPV:0.2727272727272727	YLTTTTST:0.5454545454545454	LLGSSTWP:0.45454545454545453	TPVEAAAL:0.36363636363636365	AVNARLSD:0.2727272727272727	QTPVEAAA:0.45454545454545453	GKSLPPHT:0.2727272727272727	SSTWPGEE:0.45454545454545453	KSLPPHTE:0.2727272727272727	AVSVGEVL:0.2727272727272727	WLYRLLFL:0.2727272727272727	TTTTSTGY:0.45454545454545453	LLLVPRHA:0.36363636363636365	LVPRHAER:0.36363636363636365	VLLGSSTW:0.45454545454545453	LLVPRHAE:0.36363636363636365	LYRLLFLP:0.2727272727272727	STWPGEEA:0.45454545454545453	VSVGEVLA:0.2727272727272727	GVRRIWLQ:0.2727272727272727	VPRHAERR:0.45454545454545453	VRRIWLQA:0.2727272727272727	RRIWLQAV:0.2727272727272727	RIWLQAVS:0.5454545454545454	VSVGEMLA:0.36363636363636365	ASTWPGEE:0.36363636363636365	GASTWPGE:0.36363636363636365	VVFVGKSL:0.2727272727272727	EEAALLAA:0.2727272727272727	AIAPLLEA:0.2727272727272727	PGEEAALL:0.36363636363636365	AVSVGEML:0.36363636363636365	TWPGEEAA:0.36363636363636365	GEEAALLA:0.2727272727272727	IWLQAVSV:0.5454545454545454	SVGEMLAI:0.2727272727272727	TEGERWPE:0.2727272727272727	WPGEEAAL:0.36363636363636365	LAIAPLLE:0.2727272727272727	RMRRRGGY:0.36363636363636365	TSTGYRLA:0.2727272727272727	TTSTGYRL:0.2727272727272727	TTTSTGYR:0.2727272727272727	GGQTPVEA:0.2727272727272727	PEHLHQAR:0.2727272727272727	WPEHLHQA:0.2727272727272727	RHAERRGE:0.2727272727272727	PRHAERRG:0.36363636363636365	VKRIWLQA:0.2727272727272727	KRIWLQAV:0.2727272727272727	
