cluster number:28
GT30:160	GT30:160
SGDTRFDR:0.55625	ASLGEFEQ:0.40625	KFIIAPHN:0.31875	FFSPSGYE:0.8375	HNILEPAT:0.28125	NILEPATF:0.26875	GDTRFDRV:0.725	DTRFDRVS:0.28125	VTFFSPSG:0.3875	FSPSGYEI:0.2125	HAASLGEF:0.23125	ILEPATFG:0.26875	FIIAPHNI:0.3	LHNILEPA:0.2875	GLHNILEP:0.2875	TGLHNILE:0.2125	TFFSPSGY:0.6125	VSGDTRFD:0.4125	AASLGEFE:0.23125	DIAYVGGG:0.275	LGEFEQGL:0.23125	GEFEQGLP:0.23125	YADIAYVG:0.38125	LTKIYSYA:0.2375	FSPSGYEV:0.375	SLGEFEQG:0.275	SGYEVRKN:0.2125	SYADIAYV:0.29375	YSYADIAY:0.3125	SPSGYEVR:0.21875	ADIAYVGG:0.4	PSGYEVRK:0.21875	SFFSPSGY:0.3	IIDTIGIL:0.225	IIAPHNIK:0.2	AASLGEYE:0.33125	LGEYEQGL:0.475	SLGEYEQG:0.50625	EYEQGLPV:0.4125	ASLGEYEQ:0.53125	HAASLGEY:0.33125	GEYEQGLP:0.475	IWMHAASL:0.2125	WMHAASLG:0.225	MHAASLGE:0.225	TVSGDTRF:0.26875	IDTIGILT:0.20625	DTIGILTK:0.275	LVTFFSPS:0.25	FSPSGYEN:0.2375	GLHNILEA:0.2	LHNILEAA:0.2	YEQGLPVL:0.20625	EQGLPVLE:0.225	
