cluster number:16
GT30:26	GT30:26
VSVGESLS:0.23076923076923078	ADTLGELG:0.4230769230769231	HGVSVGES:0.23076923076923078	VGESLSLL:0.23076923076923078	DTLGELGL:0.38461538461538464	WLHGVSVG:0.34615384615384615	TLGELGLF:0.2692307692307692	SVGESLSL:0.23076923076923078	LHGVSVGE:0.34615384615384615	VESELWPN:0.5384615384615384	AASTHEGE:0.3076923076923077	RFLDHWRP:0.3076923076923077	EPLAPRLL:0.23076923076923078	PDLTVLVT:0.23076923076923078	RLADVVVM:0.2692307692307692	SELWPNLL:0.5384615384615384	DVVVMGGS:0.2692307692307692	WPNLLLEA:0.34615384615384615	VFVESELW:0.46153846153846156	TVLVTSGT:0.2692307692307692	ADVVVMGG:0.2692307692307692	VWLHGVSV:0.2692307692307692	APRLLDAR:0.23076923076923078	ELWPNLLL:0.38461538461538464	PLAPRLLD:0.23076923076923078	VVVMGGSF:0.2692307692307692	GGHNPLEP:0.46153846153846156	LWPNLLLE:0.34615384615384615	LAVFVESE:0.38461538461538464	LFLRLADV:0.2692307692307692	RPDLTVLV:0.23076923076923078	GHNPLEPA:0.46153846153846156	ESELWPNL:0.6153846153846154	GLFLRLAD:0.2692307692307692	LAPRLLDA:0.23076923076923078	LVWLHGVS:0.2692307692307692	DLTVLVTS:0.23076923076923078	LALVSARI:0.3076923076923077	HNPLEPAR:0.46153846153846156	IHQYAPVD:0.23076923076923078	LRLADVVV:0.23076923076923078	FLRLADVV:0.2692307692307692	LEPLAPRL:0.23076923076923078	ALVSARIT:0.3076923076923077	NPLEPARL:0.46153846153846156	LADVVVMG:0.2692307692307692	AVFVESEL:0.38461538461538464	TGPDASNW:0.23076923076923078	PLEPARLG:0.3076923076923077	FVESELWP:0.5	ASTHEGEE:0.3076923076923077	AASTHPGE:0.3076923076923077	HGASVGES:0.34615384615384615	VWLHGASV:0.34615384615384615	ASVGESLS:0.3076923076923077	LAASTHPG:0.23076923076923078	LHGASVGE:0.38461538461538464	LVWLHGAS:0.34615384615384615	WLHGASVG:0.38461538461538464	GASVGESL:0.34615384615384615	DTLGEMGL:0.34615384615384615	GPLVWLHG:0.3076923076923077	GTRLALVS:0.2692307692307692	ADTLGEMG:0.34615384615384615	ASTHPGED:0.2692307692307692	IGGHNPLE:0.4230769230769231	TRLALVSA:0.2692307692307692	DPARLAER:0.2692307692307692	GKEDPARL:0.3076923076923077	EDPARLAE:0.2692307692307692	KEDPARLA:0.2692307692307692	GEADLKFG:0.2692307692307692	LVSAKLSD:0.2692307692307692	FDLILAQD:0.2692307692307692	ESLSILPL:0.23076923076923078	VSAKLSDR:0.23076923076923078	VADTLGEL:0.23076923076923078	ALVSAKLS:0.2692307692307692	DLILAQDA:0.23076923076923078	VGESLSIL:0.23076923076923078	SLSILPLV:0.23076923076923078	EADLKFGA:0.2692307692307692	ILAQDARA:0.23076923076923078	STHPGEDE:0.23076923076923078	SVGESLSI:0.23076923076923078	LILAQDAR:0.23076923076923078	SAKLSDRS:0.23076923076923078	LALVSAKL:0.2692307692307692	GESLSILP:0.23076923076923078	PLVWLHGA:0.23076923076923078	VAGEADLK:0.23076923076923078	LPLVERLR:0.23076923076923078	LVERLRAE:0.23076923076923078	RLALVSAK:0.23076923076923078	ILPLVERL:0.23076923076923078	AGEADLKF:0.23076923076923078	AGTRLALV:0.23076923076923078	SILPLVER:0.23076923076923078	AAGTRLAL:0.23076923076923078	PLVERLRA:0.23076923076923078	LSILPLVE:0.23076923076923078	YVADTLGE:0.2692307692307692	VADTLGEM:0.3076923076923077	PNLLLEAK:0.2692307692307692	GHNPLEAA:0.23076923076923078	GGHNPLEA:0.23076923076923078	HNPLEAAR:0.23076923076923078	KGKEDPAR:0.23076923076923078	PARLAERL:0.23076923076923078	TLGEMGLW:0.2692307692307692	
