cluster number:70
GH19:11	GH19:11|3.2.1.17:1|CBM50:1
GGLNGLED:0.36363636363636365	LNGLEDRR:0.36363636363636365	TRLRIAHF:0.2727272727272727	YKGRGLIQ:0.7272727272727273	MGQVTHEC:0.2727272727272727	QVTHECAG:0.2727272727272727	GQVTHECA:0.2727272727272727	MIPVDGNF:0.36363636363636365	YEGRRDLG:0.36363636363636365	AHFMGQVT:0.2727272727272727	ECAGFRTT:0.45454545454545453	INTRLRIA:0.2727272727272727	THECAGFR:0.45454545454545453	VNGGLNGL:0.36363636363636365	CAGFRTTE:0.45454545454545453	HFMGQVTH:0.2727272727272727	GLIQLTGR:0.6363636363636364	IPVDGNFI:0.36363636363636365	EGRRDLGN:0.45454545454545453	RYKGRGLI:0.6363636363636364	GLNGLEDR:0.36363636363636365	GFRTTEEF:0.6363636363636364	HECAGFRT:0.45454545454545453	FRTTEEFA:0.5454545454545454	PVDGNFIL:0.36363636363636365	NTRLRIAH:0.2727272727272727	FMGQVTHE:0.2727272727272727	VTHECAGF:0.2727272727272727	AGFRTTEE:0.6363636363636364	PATELAVM:0.2727272727272727	GRGLIQLT:0.7272727272727273	IAHFMGQV:0.2727272727272727	RIAHFMGQ:0.45454545454545453	FGPATELA:0.2727272727272727	NGGLNGLE:0.36363636363636365	GPATELAV:0.2727272727272727	RGLIQLTG:0.6363636363636364	KGRGLIQL:0.7272727272727273	DFGPATEL:0.2727272727272727	LRIAHFMG:0.45454545454545453	LVNGGLNG:0.2727272727272727	RTTEEFAS:0.45454545454545453	ASGAAYEG:0.5454545454545454	QLTGRANY:0.45454545454545453	TEEFASGA:0.45454545454545453	LTGRANYR:0.2727272727272727	FASGAAYE:0.45454545454545453	EFASGAAY:0.45454545454545453	EEFASGAA:0.45454545454545453	SGAAYEGR:0.45454545454545453	TTEEFASG:0.45454545454545453	KRYKGRGL:0.45454545454545453	RGSFGNAV:0.2727272727272727	TKLRIAHF:0.2727272727272727	NGLEDRRK:0.2727272727272727	GDGKRYKG:0.45454545454545453	KIACEYWK:0.45454545454545453	GKRYKGRG:0.45454545454545453	VVLRRGSF:0.2727272727272727	VLRRGSFG:0.2727272727272727	LEDRRKYL:0.2727272727272727	TVVLRRGS:0.2727272727272727	NTKLRIAH:0.2727272727272727	DGKRYKGR:0.45454545454545453	RRGSFGNA:0.2727272727272727	SLKIACEY:0.36363636363636365	KLRIAHFM:0.2727272727272727	INTKLRIA:0.2727272727272727	LKIACEYW:0.45454545454545453	GLEDRRKY:0.2727272727272727	LRRGSFGN:0.2727272727272727	IACEYWKR:0.2727272727272727	GRRDLGNI:0.2727272727272727	RRDLGNIK:0.2727272727272727	ACEYWKRR:0.2727272727272727	FGAATELA:0.2727272727272727	DGNFILAV:0.2727272727272727	GNFILAVA:0.2727272727272727	NFILAVAP:0.2727272727272727	GAATELAV:0.2727272727272727	VDGNFILA:0.2727272727272727	
