cluster number:90
GH19:12	GH19:12|CBM5:7|CBM73:2|GH18:1
TVNIINGG:0.5	YNYGQASE:0.3333333333333333	TTGGWPTA:0.25	AIWFWMTP:0.3333333333333333	GWPTAPGG:0.25	NYNYGQAS:0.3333333333333333	TAIWFWMT:0.3333333333333333	LSWNYNYG:0.6666666666666666	GGWPTAPG:0.25	NIINGGIE:0.4166666666666667	ETTGGWPT:0.25	VNIINGGI:0.25	SWNYNYGQ:0.3333333333333333	IWFWMTPQ:0.6666666666666666	QLSWNYNY:0.6666666666666666	IINGGIEC:0.4166666666666667	TGGWPTAP:0.25	IQLSWNYN:0.5833333333333334	TAPGGKYA:0.25	PGGKYAWG:0.25	APGGKYAW:0.25	GGKYAWGL:0.25	PKPSAHDA:0.25	WGLYFREE:0.3333333333333333	SQETTGGW:0.4166666666666667	MTPQYPKP:0.25	KSYHGRGP:0.4166666666666667	QLSYNYNY:0.25	ANISQETT:0.25	TPQYPKPS:0.25	NISQETTG:0.25	IQLSYNYN:0.25	AFLANISQ:0.25	YHGRGPIQ:0.4166666666666667	ISQETTGG:0.25	FLANISQE:0.25	WFWMTPQY:0.25	LANISQET:0.25	RELMAFLA:0.25	DFYSYANF:0.25	GRGPIQLS:0.4166666666666667	FWMTPQYP:0.25	AWGLYFRE:0.3333333333333333	KRELMAFL:0.25	QETTGGWP:0.25	HGRGPIQL:0.4166666666666667	GIWFWMTP:0.3333333333333333	WMTPQYPK:0.25	GKSYHGRG:0.4166666666666667	LMAFLANI:0.25	MAFLANIS:0.25	SYHGRGPI:0.4166666666666667	ELMAFLAN:0.25	LSYNYNYG:0.25	AGKSYHGR:0.3333333333333333	YAWGLYFR:0.25	RGPIQLSW:0.25	PIQLSWNY:0.25	QTAIWFWM:0.25	GPIQLSWN:0.25	
