cluster number:68
GH19:172	GH19:172|CBM18:127|3.2.1.14:23
NYNYGPAG:0.45930232558139533	YGRGPLQL:0.29651162790697677	TGHFCYIE:0.20348837209302326	AHATHETG:0.22674418604651161	YYGRGPLQ:0.6627906976744186	KREIAAFF:0.7209302325581395	AAFFAHAT:0.22674418604651161	SKREIAAF:0.26744186046511625	HFCYIEEI:0.21511627906976744	HETGHFCY:0.5406976744186046	REIAAFFA:0.7325581395348837	ATIRAING:0.4186046511627907	FKTALWFW:0.32558139534883723	IAAFFAHA:0.2558139534883721	ETGHFCYI:0.5	GATIRAIN:0.48255813953488375	FAHATHET:0.22674418604651161	GRGPLQLT:0.23255813953488372	GHFCYIEE:0.21511627906976744	DDSKREIA:0.27906976744186046	DSKREIAA:0.29069767441860467	AFFAHATH:0.22674418604651161	EIAAFFAH:0.6744186046511628	WNYNYGPA:0.46511627906976744	FFAHATHE:0.22674418604651161	THETGHFC:0.5406976744186046	RAINGALE:0.36046511627906974	FAHVTHET:0.43023255813953487	CGDGCQSG:0.313953488372093	LWFWMNNV:0.21511627906976744	EINKSNAY:0.22093023255813954	AQMNARVG:0.27906976744186046	QGFGATIR:0.4941860465116279	QMNARVGY:0.27906976744186046	WPCAAGQK:0.28488372093023256	TALWFWMN:0.20348837209302326	KNQAGSGC:0.20930232558139536	QAGSGCEG:0.25	PLQISWNY:0.3313953488372093	YTRSAFLS:0.28488372093023256	CSKFGYCG:0.27325581395348836	QISWNYNY:0.3430232558139535	PAQMNARV:0.2558139534883721	NNPAQMNA:0.2558139534883721	GPLQISWN:0.3546511627906977	NKSNAYCD:0.22093023255813954	IKNQAGSG:0.20930232558139536	INKSNAYC:0.22093023255813954	YISEINKS:0.22093023255813954	RGPLQISW:0.3546511627906977	IAAFFAHV:0.4011627906976744	CEGKNFYT:0.27906976744186046	VTHETGHF:0.31976744186046513	FGATIRAI:0.45348837209302323	DGCQSGPC:0.313953488372093	NGALECNG:0.20348837209302326	HVTHETGH:0.3953488372093023	HFCYISEI:0.29651162790697677	ISEINKSN:0.22093023255813954	NFYTRSAF:0.3081395348837209	FCYISEIN:0.29651162790697677	SKFGYCGT:0.27325581395348836	FFNGIKNQ:0.26744186046511625	CAAGQKYY:0.28488372093023256	INGALECN:0.20348837209302326	RSAFLSAV:0.23255813953488372	KYYGRGPL:0.36046511627906974	GPAAAQNC:0.2558139534883721	FNGIKNQA:0.26744186046511625	GSGCEGKN:0.22674418604651161	QKYYGRGP:0.3023255813953488	NQAGSGCE:0.20930232558139536	QWPCAAGQ:0.28488372093023256	AAGQKYYG:0.28488372093023256	GDGCQSGP:0.313953488372093	EGKNFYTR:0.27906976744186046	AHVTHETG:0.43023255813953487	GNNPAQMN:0.2616279069767442	YCGDGCQS:0.313953488372093	RQWPCAAG:0.27906976744186046	KFGYCGTT:0.2616279069767442	KNFYTRSA:0.3023255813953488	WFWMNNVH:0.23255813953488372	AINGALEC:0.37790697674418605	CCSKFGYC:0.27325581395348836	NPAQMNAR:0.2558139534883721	GCEGKNFY:0.27906976744186046	FGYCGTTD:0.2616279069767442	YNYGPAGR:0.29651162790697677	YPGFAHGG:0.23837209302325582	SGCEGKNF:0.23255813953488372	ISWNYNYG:0.3430232558139535	GIKNQAGS:0.20348837209302326	CYISEINK:0.3023255813953488	PCAAGQKY:0.28488372093023256	YGRGPLQI:0.36627906976744184	AAFFAHVT:0.4418604651162791	SWNYNYGP:0.42441860465116277	AYPGFAHG:0.21511627906976744	GHFCYISE:0.29651162790697677	TIRAINGA:0.3081395348837209	TGHFCYIS:0.29651162790697677	IRAINGAL:0.25	GQKYYGRG:0.3023255813953488	AGQKYYGR:0.29069767441860467	TRSAFLSA:0.28488372093023256	FFAHVTHE:0.42441860465116277	FYTRSAFL:0.3953488372093023	KTALWFWM:0.25	MNARVGYY:0.28488372093023256	GFGATIRA:0.45930232558139533	NGIKNQAG:0.2441860465116279	SEINKSNA:0.22093023255813954	ALWFWMNN:0.20930232558139536	AGPAAAQN:0.2558139534883721	AGSGCEGK:0.23837209302325582	GKNFYTRS:0.3023255813953488	AFFAHVTH:0.42441860465116277	GKREIAAF:0.31976744186046513	LQISWNYN:0.3313953488372093	GRGPLQIS:0.3546511627906977	DPGPNLTC:0.2558139534883721	GCQSGPCR:0.2616279069767442	AQNCGCQP:0.27325581395348836	PAAAQNCG:0.27325581395348836	GPCRSGGG:0.2441860465116279	QNCGCQPN:0.27325581395348836	SGPCRSGG:0.2441860465116279	QSGPCRSG:0.25	VDPGPNLT:0.2558139534883721	CQSGPCRS:0.2616279069767442	AAQNCGCQ:0.29651162790697677	AAAQNCGC:0.29651162790697677	GQGFGATI:0.20930232558139536	
