cluster number:26
GH19:6	GH19:6
RGIIQLTG:0.6666666666666666	LTGRSNYA:0.6666666666666666	IIQLTGRS:0.6666666666666666	QLTGRSNY:0.8333333333333334	IQLTGRSN:0.8333333333333334	GRGIIQLT:0.6666666666666666	GIIQLTGR:0.6666666666666666	ANRMGNGD:0.3333333333333333	VYANRMGN:0.6666666666666666	NRMGNGDA:0.3333333333333333	YANRMGNG:0.6666666666666666	FVYANRMG:0.5	NFVYANRM:0.3333333333333333	ARLMKVWP:0.3333333333333333	RIASFLAQ:0.6666666666666666	GLNELADD:0.6666666666666666	TAARLMKV:0.3333333333333333	KLANFVYA:0.3333333333333333	YTAARLMK:0.3333333333333333	ANFVYANR:0.3333333333333333	KVWPKRFP:0.5	DNDLEDFT:0.5	AARLMKVW:0.3333333333333333	LMKVWPKR:0.3333333333333333	RLMKVWPK:0.3333333333333333	LANFVYAN:0.3333333333333333	RGLNELAD:0.6666666666666666	MKVWPKRF:0.3333333333333333	ANRMGNGN:0.3333333333333333	DRFALFKQ:0.3333333333333333	FLAQTGYE:0.5	TGYESGQF:0.3333333333333333	LADDRTDD:0.3333333333333333	TGRSNYAA:0.3333333333333333	DDNDLEDF:0.3333333333333333	EITRRING:0.3333333333333333	SRGLNELA:0.5	LNELADDR:0.5	FTEITRRI:0.3333333333333333	ITRRINGG:0.5	SFLAQTGY:0.5	GYESGQFN:0.3333333333333333	LAQTGYES:0.5	WYWQSRGL:0.5	ASFLAQTG:0.5	QSRGLNEL:0.5	DRIASFLA:0.5	EDFTEITR:0.3333333333333333	AWYWQSRG:0.3333333333333333	YWQSRGLN:0.5	TEITRRIN:0.3333333333333333	QTGYESGQ:0.5	NDLEDFTE:0.3333333333333333	ADDRTDDN:0.3333333333333333	RGRGIIQL:0.5	LEDFTEIT:0.3333333333333333	DDRTDDND:0.3333333333333333	IASFLAQT:0.5	PDRIASFL:0.5	AQTGYESG:0.5	AAWYWQSR:0.3333333333333333	ELADDRTD:0.3333333333333333	GRSNYAAA:0.3333333333333333	NELADDRT:0.5	DLEDFTEI:0.3333333333333333	WQSRGLNE:0.5	RFALFKQV:0.3333333333333333	TPDRIASF:0.5	RTDDNDLE:0.3333333333333333	FRGRGIIQ:0.3333333333333333	DFTEITRR:0.3333333333333333	DRTDDNDL:0.3333333333333333	TDDNDLED:0.3333333333333333	
