cluster number:8
GH19:338	GH19:338|3.2.1.17:1
ISAGLAAR:0.2692307692307692	AIANLVYS:0.4230769230769231	DGWKYRGR:0.5502958579881657	AARWFPHI:0.2781065088757396	HIDAAMKE:0.23076923076923078	AAMKEFGI:0.3757396449704142	IAQVGHES:0.3520710059171598	WKYRGRGL:0.5295857988165681	KAAGISAG:0.23076923076923078	RGRGLIQI:0.5118343195266272	AARSAAWF:0.757396449704142	MFIAQVGH:0.34911242603550297	GLIQITGL:0.47041420118343197	GRGLIQIT:0.514792899408284	LAARWFPH:0.2988165680473373	SAGLAARW:0.2869822485207101	AAGISAGL:0.41420118343195267	MKEFGITA:0.22189349112426035	QKAAGISA:0.23372781065088757	PHIDAAMK:0.21597633136094674	FPHIDAAM:0.2603550295857988	FQKAAGIS:0.23964497041420119	QAMFIAQV:0.33727810650887574	GDGWKYRG:0.5088757396449705	ARSAAWFY:0.3875739644970414	WFPHIDAA:0.27218934911242604	AGLAARWF:0.2781065088757396	ARWFPHID:0.26627218934911245	YRGRGLIQ:0.5887573964497042	RWFPHIDA:0.2781065088757396	AMKEFGIT:0.3106508875739645	AGISAGLA:0.2988165680473373	GWKYRGRG:0.5591715976331361	KYRGRGLI:0.2455621301775148	FIAQVGHE:0.3520710059171598	AMFIAQVG:0.34911242603550297	DQAMFIAQ:0.7751479289940828	GLAARWFP:0.2692307692307692	GISAGLAA:0.2603550295857988	RGLIQITG:0.514792899408284	ARSAAWFF:0.3520710059171598	YAARSAAW:0.5562130177514792	RSAAWFFA:0.20414201183431951	AGDGWKYR:0.28994082840236685	IANLVYGG:0.31952662721893493	VRVTQIIN:0.28106508875739644	GHESAGFT:0.22485207100591717	RVTQIING:0.47633136094674555	YRGRGLKQ:0.20414201183431951	GITAPLDQ:0.2958579881656805	EFGITAPL:0.22189349112426035	KYRGRGLK:0.20118343195266272	FGITAPLD:0.22485207100591717	AIANLVYG:0.23668639053254437	ERQRAIAN:0.40236686390532544	QFQKAAGI:0.21005917159763313	PLERQRAI:0.35502958579881655	QIINGGQN:0.47633136094674555	VTQIINGG:0.47633136094674555	IINGGQNG:0.4822485207100592	TQIINGGQ:0.47337278106508873	INGGQNGI:0.39644970414201186	LPLERQRA:0.3520710059171598	LERQRAIA:0.35798816568047337	TGLNNYRD:0.23964497041420119	VYSKRMGN:0.27514792899408286	RAIANLVY:0.4260355029585799	LNNYRDCG:0.23964497041420119	YSKRMGNN:0.27514792899408286	LVYSKRMG:0.27514792899408286	NYRDCGNG:0.23076923076923078	RQRAIANL:0.3609467455621302	GLNNYRDC:0.23964497041420119	IANLVYSK:0.33727810650887574	YRDCGNGL:0.20414201183431951	NLVYSKRM:0.27514792899408286	LIQITGLN:0.21301775147928995	QRAIANLV:0.4260355029585799	ANLVYSKR:0.3343195266272189	RDCGNGLK:0.20118343195266272	LDQAMFIA:0.3727810650887574	QDEYAARS:0.28106508875739644	DEYAARSA:0.3224852071005917	VTLLINGG:0.20710059171597633	TAPLDQAM:0.29289940828402367	RVTLLING:0.20414201183431951	APLDQAMF:0.2958579881656805	EYAARSAA:0.3224852071005917	PLDQAMFI:0.3698224852071006	ITAPLDQA:0.29289940828402367	LVESFNYS:0.26627218934911245	VESFNYSV:0.21301775147928995	
