cluster number:72
GH19:15	GH19:15
LSEGWYTG:0.2	GLSEGWYT:0.2	ANKVYGGR:0.7333333333333333	KVYGGRLG:0.3333333333333333	FRGMGLVQ:0.2	LANKVYGG:0.7333333333333333	VYGGRLGN:0.4	AMLDMAPP:0.2	VWPSRFPT:0.2	NKVYGGRL:0.26666666666666666	YGGRMGNT:0.26666666666666666	VYGGRMGN:0.3333333333333333	KVYGGRMG:0.4	NLNYTSAA:0.3333333333333333	LSQAQVDG:0.2	YTSAARIR:0.2	QALANKVY:0.4	ALANKVYG:0.4666666666666667	RNPQALAN:0.2	ENLNYTSA:0.26666666666666666	NYTSAARI:0.26666666666666666	NKVYGGRM:0.4	NPQALANK:0.3333333333333333	LNYTSAAR:0.26666666666666666	PQALANKV:0.4	RGLPQITG:0.2	ATVFHETG:0.26666666666666666	TAVRILFD:0.2	VNGTDKAK:0.2	NGTDKAKL:0.2	AYARRAPF:0.3333333333333333	GRKLADYF:0.2	GWLYRGRG:0.26666666666666666	YRGRGLPQ:0.2	DGWLYRGR:0.3333333333333333	NFLDAIEA:0.2	RGRGLPQI:0.2	RAPFGGRL:0.4	ARRAPFGG:0.3333333333333333	TGRKLADY:0.2	DKAKLIAG:0.2	AVRILFDG:0.2	WLYRGRGL:0.26666666666666666	FTGRKLAD:0.2	VRILFDGM:0.2	RILFDGMI:0.2	YARRAPFG:0.3333333333333333	IVNGTDKA:0.26666666666666666	KAKLIAGY:0.2	GTDKAKLI:0.2	LATVFHET:0.26666666666666666	TVFHETGG:0.26666666666666666	GRGLPQIT:0.2	RRAPFGGR:0.4	TDKAKLIA:0.2	ATAIRILF:0.2	NDGWLYRG:0.2	FGGRLSQA:0.2	APFGGRLS:0.2	NKTTFFAY:0.2	HETGGKMQ:0.3333333333333333	TFFAYARR:0.2	FFAYARRA:0.2	MNKTTFFA:0.2	KTTFFAYA:0.2	FAYARRAP:0.2	GANDGWLY:0.2	GGRLSQAQ:0.2	PFGGRLSQ:0.2	TTFFAYAR:0.2	FHETGGKM:0.3333333333333333	GRLSQAQV:0.2	ANDGWLYR:0.2	LPDEQTAY:0.2	ETGGKMQP:0.26666666666666666	TGGKMQPI:0.2	
