cluster number:20
GH19:325	GH19:325
AMSAAWFW:0.24615384615384617	IAQVGHES:0.21846153846153846	RGRGLIQI:0.49230769230769234	VGHESGQL:0.4492307692307692	RINGGTNG:0.23076923076923078	GQLRYVRE:0.36923076923076925	ITRRINGG:0.5907692307692308	AAMSAAWF:0.24615384615384617	GLIQITGR:0.4276923076923077	LLQILPNA:0.28615384615384615	GRGLIQIT:0.5261538461538462	QVGHESGQ:0.47692307692307695	LQILPNAG:0.23692307692307693	INGGTNGL:0.23384615384615384	HAAMSAAW:0.2276923076923077	QQLLQILP:0.2923076923076923	GHESGQLR:0.4523076923076923	HESGQLRY:0.42153846153846153	TITRRING:0.2153846153846154	YRGRGLIQ:0.7815384615384615	SGQLRYVR:0.36923076923076925	AFIAQVGH:0.20307692307692307	AQVGHESG:0.5076923076923077	KYRGRGLI:0.4369230769230769	ESGQLRYV:0.40307692307692305	FIAQVGHE:0.21846153846153846	QLLQILPN:0.28307692307692306	RGLIQITG:0.5261538461538462	RLGNTPEA:0.3353846153846154	RGRGLIQV:0.3261538461538461	LGNTPEAD:0.3630769230769231	GLIQVTGR:0.3384615384615385	LRYVRELG:0.3261538461538461	CGEALGLD:0.24307692307692308	RGLIQVTG:0.3723076923076923	GNTPEADG:0.3569230769230769	QLRYVREL:0.28	TPEADGDG:0.36	NTPEADGD:0.3569230769230769	GRGLIQVT:0.37538461538461537	YLSKYDTG:0.42153846153846153	PEADGDGQ:0.37846153846153846	GEALGLDL:0.24307692307692308	LAQVGHES:0.3323076923076923	INGGLNGL:0.49230769230769234	LFGDERLL:0.3046153846153846	FLAQVGHE:0.3261538461538461	AAFLAQVG:0.29846153846153844	AFLAQVGH:0.31384615384615383	TRRINGGL:0.4523076923076923	RINGGLNG:0.40923076923076923	QYLSKYDT:0.3261538461538461	RRINGGLN:0.40307692307692305	NGGLNGLE:0.2123076923076923	ADGDGQKY:0.24307692307692308	PELLEQPQ:0.20923076923076922	WAAESAAW:0.2523076923076923	AAESAAWF:0.25846153846153846	YVRELGSD:0.23384615384615384	DQYLSKYD:0.21846153846153846	AESAAWFW:0.25846153846153846	QWAAESAA:0.24615384615384617	LLEQPQWA:0.27076923076923076	PQWAAESA:0.24	QIGHESGQ:0.24	AQIGHESG:0.3046153846153846	IGHESGQL:0.23692307692307693	DGQKYRGR:0.27384615384615385	QKYRGRGL:0.27384615384615385	DGDGQKYR:0.2676923076923077	GDGQKYRG:0.2676923076923077	GQKYRGRG:0.27384615384615385	NGLNELAD:0.23692307692307693	
