cluster number:60
GH19:31	GH19:31|CBM13:12|CBM50:6|CBM12:5|3.2.1.14:1|CBM18:1
GAGFGETI:0.22580645161290322	TADGAKVQ:0.25806451612903225	GNYCAAGN:0.3225806451612903	RKREVAAF:0.4838709677419355	ADGAKVQQ:0.22580645161290322	GETIRTIN:0.45161290322580644	ETIRTING:0.45161290322580644	EVAAFLAN:0.3225806451612903	CAAGNALG:0.2903225806451613	NGAGFGET:0.22580645161290322	DCNGTNAQ:0.25806451612903225	SWNGNYCA:0.4838709677419355	KREVAAFL:0.3225806451612903	REVAAFLA:0.3225806451612903	WDCNGTNA:0.25806451612903225	QLSWNGNY:0.4838709677419355	STADGAKV:0.22580645161290322	TRKREVAA:0.4838709677419355	LSWNGNYC:0.4838709677419355	VNGAGFGE:0.22580645161290322	NYCAAGNA:0.3225806451612903	NPGQVQSR:0.2903225806451613	GFGETIRT:0.45161290322580644	YCAAGNAL:0.3225806451612903	NGNYCAAG:0.4838709677419355	DGAKVQQW:0.25806451612903225	CDTSWGPP:0.2903225806451613	PGQVQSRI:0.25806451612903225	WNGNYCAA:0.4838709677419355	FGETIRTI:0.45161290322580644	AGFGETIR:0.25806451612903225	TSWGPPGC:0.2903225806451613	SSTADGAK:0.22580645161290322	DTSWGPPG:0.2903225806451613	RGPIQLSW:0.8709677419354839	GRGPIQLS:0.8709677419354839	RHTDMAID:0.22580645161290322	NRNPFYTY:0.22580645161290322	PIQLSWNG:0.41935483870967744	PNRNPFYT:0.22580645161290322	YGRGPIQL:0.6129032258064516	YYGRGPIQ:0.6129032258064516	ETRKREVA:0.22580645161290322	FPNRNPFY:0.22580645161290322	MFPNRNPF:0.22580645161290322	IQLSWNGN:0.41935483870967744	GPIQLSWN:0.8709677419354839	IQLSWNYN:0.45161290322580644	PIQLSWNY:0.45161290322580644	IINGGLEC:0.25806451612903225	QLSWNYNY:0.5161290322580645	LANIAHET:0.25806451612903225	AFLANIAH:0.2903225806451613	AAFLANIA:0.2903225806451613	LSWNYNYG:0.25806451612903225	EAAAFLAN:0.25806451612903225	FLANIAHE:0.2903225806451613	ALGIDLLN:0.22580645161290322	GIDLLNNP:0.22580645161290322	LGIDLLNN:0.22580645161290322	ILSESTFN:0.2903225806451613	QTGAGSMT:0.22580645161290322	TQTGAGSM:0.22580645161290322	RTINGALE:0.25806451612903225	AAGNALGV:0.22580645161290322	SWGPPGCG:0.22580645161290322	IRTINGAL:0.25806451612903225	GPPGCGCA:0.25806451612903225	GCGCAAGK:0.25806451612903225	VAAFLANI:0.22580645161290322	ALGVDLKN:0.22580645161290322	WGPPGCGC:0.25806451612903225	PGCGCAAG:0.25806451612903225	TINGALEC:0.25806451612903225	NALGVDLK:0.22580645161290322	GNALGVDL:0.22580645161290322	AGNALGVD:0.22580645161290322	TIRTINGA:0.25806451612903225	PPGCGCAA:0.25806451612903225	
