cluster number:36
GH19:11	GH19:11
GRADLGNT:0.6363636363636364	REIWGPTP:0.36363636363636365	PLAGARAD:0.2727272727272727	AIMPLAGA:0.2727272727272727	QLHAIMPL:0.2727272727272727	LAGARADV:0.2727272727272727	KRFMGRGL:0.2727272727272727	EGRADLGN:0.5454545454545454	TAAQLHAI:0.2727272727272727	AQLHAIMP:0.2727272727272727	YEGRADLG:0.5454545454545454	LREIWGPT:0.2727272727272727	HAIMPLAG:0.2727272727272727	AAQLHAIM:0.2727272727272727	DGKRFMGR:0.36363636363636365	GDGKRFMG:0.36363636363636365	AGARADVF:0.36363636363636365	FMGRGLIQ:0.2727272727272727	LHAIMPLA:0.2727272727272727	IMPLAGAR:0.2727272727272727	RYEGRADL:0.45454545454545453	GKRFMGRG:0.36363636363636365	MPLAGARA:0.2727272727272727	GARADVFA:0.36363636363636365	RFMGRGLI:0.36363636363636365	NTQPGDGK:0.2727272727272727	LAQVGHES:0.36363636363636365	FLAQVGHE:0.36363636363636365	GNTQPGDG:0.45454545454545453	ARADVFAP:0.2727272727272727	LGNTQPGD:0.45454545454545453	AAFLAQVG:0.36363636363636365	AFLAQVGH:0.36363636363636365	LFRQINTP:0.2727272727272727	TQPGDGKR:0.2727272727272727	DLGNTQPG:0.45454545454545453	ADVFAPIL:0.2727272727272727	RADVFAPI:0.2727272727272727	ADLGNTQP:0.2727272727272727	AAAFLAQV:0.2727272727272727	RADLGNTQ:0.36363636363636365	RAAAFLAQ:0.2727272727272727	PAQLRYEG:0.2727272727272727	QLRYEGRA:0.2727272727272727	AQLRYEGR:0.2727272727272727	LRYEGRAD:0.2727272727272727	TPAQLRYE:0.2727272727272727	GLIQITGR:0.36363636363636365	GRGLIQIT:0.36363636363636365	RGLIQITG:0.36363636363636365	IWGPTPAQ:0.2727272727272727	IQITGRAN:0.2727272727272727	LIQITGRA:0.2727272727272727	QITGRANY:0.36363636363636365	EIWGPTPA:0.2727272727272727	
