cluster number:46
GH19:62	GH19:62|CBM50:11
ASGAAYEG:0.45161290322580644	SGAAYEGR:0.45161290322580644	KGRGPIQL:0.5161290322580645	RYKGRGPI:0.2903225806451613	GRGPIQLT:0.532258064516129	RGPIQLTG:0.532258064516129	AQLAHESG:0.4032258064516129	LAQLAHES:0.3064516129032258	YKGRGPIQ:0.2903225806451613	FLAQLAHE:0.3064516129032258	AAFLAQLA:0.24193548387096775	GPIQLTGR:0.532258064516129	AFLAQLAH:0.22580645161290322	AYEGRKDL:0.3387096774193548	LTGRANYR:0.3548387096774194	YEGRKDLG:0.4032258064516129	AAYEGRKD:0.22580645161290322	EGRKDLGN:0.4032258064516129	GAAYEGRK:0.24193548387096775	QLTGRANY:0.4032258064516129	GVRFKGRG:0.22580645161290322	NFRYMEEI:0.20967741935483872	ITRRINGG:0.22580645161290322	GDGVRFKG:0.22580645161290322	HESGNFRY:0.20967741935483872	EIASGAAY:0.3709677419354839	YMEEIASG:0.41935483870967744	IASGAAYE:0.3709677419354839	INGGTNGL:0.27419354838709675	MEEIASGA:0.3548387096774194	SGNFRYME:0.20967741935483872	FKGRGPIQ:0.25806451612903225	EEIASGAA:0.3709677419354839	RFKGRGPI:0.25806451612903225	FRYMEEIA:0.3225806451612903	DGVRFKGR:0.22580645161290322	GNFRYMEE:0.20967741935483872	ESGNFRYM:0.20967741935483872	RYMEEIAS:0.4032258064516129	GNTQPGDG:0.4838709677419355	LGNTQPGD:0.4838709677419355	GRKDLGNT:0.22580645161290322	RKDLGNTQ:0.22580645161290322	DLGNTQPG:0.43548387096774194	TQPGDGVR:0.24193548387096775	GDGVRYKG:0.20967741935483872	GVRYKGRG:0.20967741935483872	DGVRYKGR:0.20967741935483872	NTQPGDGV:0.24193548387096775	TRRINGGY:0.20967741935483872	IQLTGRAN:0.3387096774193548	PIQLTGRA:0.2903225806451613	RRINGGYN:0.20967741935483872	VTRRINGG:0.20967741935483872	
