cluster number:85
GH19:273	GH19:273|CBM5:88|CBM12:76|CBM13:15|3.2.1.14:12|CBM6:2|GH23:2|CBM73:1
WKTALWYW:0.21245421245421245	GGLVHIVE:0.2967032967032967	ETGGLVHI:0.37362637362637363	AGDALGID:0.5567765567765568	YGRGPIQL:0.6153846153846154	GPGTMTPH:0.3443223443223443	PIQLSWNF:0.6593406593406593	GFGETIRS:0.5347985347985348	GLVHIVEQ:0.2967032967032967	DALGIDLL:0.5567765567765568	YYGRGPIQ:0.6190476190476191	WNFNYKAA:0.7509157509157509	ALWYWNTQ:0.30036630036630035	TALWYWNT:0.30036630036630035	IQLSWNFN:0.6593406593406593	GDALGIDL:0.5567765567765568	KAAGDALG:0.7582417582417582	QLSWNFNY:0.7655677655677655	GQAAYYGR:0.5054945054945055	FNYKAAGD:0.7509157509157509	PYGCPAGQ:0.5641025641025641	AGQAAYYG:0.5274725274725275	PAGQAAYY:0.5274725274725275	LVHIVEQN:0.2893772893772894	RGPIQLSW:0.663003663003663	VHIVEQNT:0.20146520146520147	AAGDALGI:0.608058608058608	GPIQLSWN:0.7472527472527473	AAYYGRGP:0.5421245421245421	GRGPIQLS:0.663003663003663	SWNFNYKA:0.7509157509157509	TGGLVHIV:0.30036630036630035	YKAAGDAL:0.7765567765567766	KTALWYWN:0.21245421245421245	AYYGRGPI:0.5787545787545788	GCPAGQAA:0.5238095238095238	QAAYYGRG:0.5054945054945055	YGCPAGQA:0.5054945054945055	QPYGCPAG:0.5934065934065934	NYKAAGDA:0.7948717948717948	HETGGLVH:0.48717948717948717	LSWNFNYK:0.7252747252747253	CPAGQAAY:0.5238095238095238	NFNYKAAG:0.7509157509157509	ALGIDLLN:0.37362637362637363	NTQSGPGT:0.21978021978021978	AQFNQMFP:0.5274725274725275	ANYPHYCD:0.6263736263736264	NQMFPNRN:0.358974358974359	YWNTQSGP:0.27106227106227104	LANVSHET:0.47985347985347987	GGNPAQVQ:0.2564102564102564	ANVSHETG:0.4652014652014652	REAAAFLA:0.20146520146520147	ECNGGNPA:0.2673992673992674	NPAQVQSR:0.4432234432234432	FNQMFPNR:0.36996336996337	GIDLLNNP:0.358974358974359	GNPAQVQS:0.2490842490842491	LGIDLLNN:0.358974358974359	FLANVSHE:0.47985347985347987	GLWYWNTQ:0.3443223443223443	AAFLANVS:0.47619047619047616	AFLANVSH:0.47619047619047616	WNTQSGPG:0.27106227106227104	NVSHETGG:0.5018315018315018	VSHETGGL:0.5018315018315018	TGLWYWNT:0.34065934065934067	WYWNTQSG:0.2783882783882784	EAAAFLAN:0.7252747252747253	NGGNPAQV:0.2564102564102564	AAAFLANV:0.6886446886446886	CNGGNPAQ:0.2564102564102564	SHETGGLV:0.46886446886446886	LWYWNTQS:0.2783882783882784	QFNQMFPN:0.36996336996337	EAQFNQMF:0.4945054945054945	NTANYPHY:0.38461538461538464	IRSINGSL:0.32234432234432236	EQNTANYP:0.3772893772893773	AWKTGLWY:0.27472527472527475	QNTANYPH:0.3553113553113553	TQSGPGTM:0.23443223443223443	QSGPGTMT:0.21978021978021978	KQEAAAFL:0.3553113553113553	WKTGLWYW:0.2783882783882784	TIRSINGS:0.43223443223443225	VVSEAQFN:0.3882783882783883	SQPYGCPA:0.23809523809523808	QEAAAFLA:0.5201465201465202	SEAQFNQM:0.3992673992673993	IVEQNTAN:0.22344322344322345	VSEAQFNQ:0.4139194139194139	TANYPHYC:0.3882783882783883	KTGLWYWN:0.27106227106227104	SINGSLEC:0.326007326007326	FVVSEAQF:0.41025641025641024	VAWKTGLW:0.23443223443223443	VEQNTANY:0.3956043956043956	RSINGSLE:0.326007326007326	GFVVSEAQ:0.29304029304029305	PAQVQSRV:0.27472527472527475	ETIRSING:0.4175824175824176	FGETIRSI:0.4139194139194139	GETIRSIN:0.41025641025641024	FANTGSDT:0.2087912087912088	HETGGLVY:0.2490842490842491	MTPHNAMV:0.22344322344322345	PGTMTPHN:0.20512820512820512	FPNRNSFY:0.20512820512820512	GTMTPHNA:0.2087912087912088	NPWLVQND:0.20512820512820512	GAGFGETI:0.2490842490842491	LECNGGNP:0.20512820512820512	AGFGETIR:0.28205128205128205	TQNGPGTM:0.21245421245421245	QNGPGTMT:0.21978021978021978	TPHNAMVN:0.20512820512820512	AMVNGAGF:0.24175824175824176	MVNGAGFG:0.23809523809523808	VKKQEAAA:0.21611721611721613	TVKKQEAA:0.21611721611721613	GSDTVKKQ:0.21611721611721613	KKQEAAAF:0.26373626373626374	DTVKKQEA:0.21245421245421245	SDTVKKQE:0.21611721611721613	ALSAYPGF:0.21245421245421245	
