cluster number:87
GH19:12	GH19:12
TKRAEGVL:0.25	RGLKQVTF:0.3333333333333333	AQREQLGR:0.4166666666666667	VEAMNTYG:0.25	TRRINGGL:0.25	DGWKYRGR:0.5	NTYGIDTP:0.25	VQESLNYS:0.25	LNYSVAGL:0.4166666666666667	RINGGLNG:0.25	RLTAAQRE:0.4166666666666667	MNTYGIDT:0.25	WFWKANGC:0.25	YRGRGLKQ:0.5	TFKANYEE:0.25	GLNGLQDR:0.25	IANIVYGG:0.3333333333333333	QDKYAALS:0.25	WKYRGRGL:0.5	QESLNYSV:0.25	GLTRRING:0.25	GLQDRIDR:0.25	GWFWKANG:0.25	RYGNNLNG:0.25	AAQREQLG:0.3333333333333333	SRLTAAQR:0.25	GIDTPKRQ:0.4166666666666667	YGIDTPKR:0.25	IVEAMNTY:0.25	AGLAIFGS:0.25	GSRLTAAQ:0.25	PERQAAIA:0.25	TKDQFMRA:0.25	YSVAGLAI:0.4166666666666667	SVQESLNY:0.25	VYGGRYGN:0.4166666666666667	FKANYEEC:0.25	SPERQAAI:0.25	LLLQDKYA:0.25	YPHIVEAM:0.25	KRAEGVLL:0.25	INGGLNGL:0.25	DQFMRAAG:0.25	RGRGLKQV:0.4166666666666667	LTAAQREQ:0.3333333333333333	RRINGGLN:0.25	YEECGKAL:0.25	AALSAGWF:0.25	KYAALSAG:0.3333333333333333	NYEECGKA:0.25	LSAGWFWK:0.25	QLGRKPGE:0.3333333333333333	FIGQIGTE:0.25	IVYGGRYG:0.25	QAAIANIV:0.25	CGKALGLN:0.25	ECGKALGL:0.25	ALGLNLVD:0.25	LQDRIDRT:0.25	SAGWFWKA:0.3333333333333333	GNNLNGDG:0.3333333333333333	SVAGLAIF:0.4166666666666667	FMRAAGIS:0.25	AGDVNGLT:0.25	KANYEECG:0.25	QFMRAAGI:0.25	KDQFMRAA:0.25	QDRIDRTK:0.25	KALGLNLV:0.25	LTRRINGG:0.25	NGDGWKYR:0.3333333333333333	GDVNGLTR:0.25	GLNLVDSP:0.25	KYRGRGLK:0.5	LLQDKYAA:0.25	ERQAAIAN:0.25	NYSVAGLA:0.4166666666666667	GDGWKYRG:0.5	EAMNTYGI:0.25	LSPERQAA:0.25	MTKDQFMR:0.25	NNLNGDGW:0.3333333333333333	ANIVYGGR:0.3333333333333333	EQLGRKPG:0.3333333333333333	AGWFWKAN:0.3333333333333333	FWKANGCN:0.25	TAAQREQL:0.3333333333333333	GGLNGLQD:0.25	WYPHIVEA:0.25	AAIANIVY:0.25	NLNGDGWK:0.3333333333333333	LAIFGSRL:0.25	DKYAALSA:0.25	RIDRTKRA:0.25	NGGLNGLQ:0.25	IDRTKRAE:0.25	DRTKRAEG:0.25	NGLQDRID:0.25	LNGDGWKY:0.3333333333333333	GLAIFGSR:0.25	DAGDVNGL:0.25	LGRKPGEK:0.25	ESLNYSVA:0.4166666666666667	IGQIGTES:0.25	AIANIVYG:0.3333333333333333	VNGLTRRI:0.25	YGNNLNGD:0.25	SLNYSVAG:0.4166666666666667	GWKYRGRG:0.5	GRGLKQVT:0.4166666666666667	TYGIDTPK:0.25	QREQLGRK:0.3333333333333333	REQLGRKP:0.3333333333333333	AMNTYGID:0.25	RQAAIANI:0.25	IFGSRLTA:0.25	HIVEAMNT:0.25	NIVYGGRY:0.25	EECGKALG:0.25	DVNGLTRR:0.25	FGSRLTAA:0.25	YAALSAGW:0.3333333333333333	PHIVEAMN:0.25	GKALGLNL:0.25	LNGLQDRI:0.25	DRIDRTKR:0.25	ANYEECGK:0.25	ALSAGWFW:0.25	RTKRAEGV:0.25	LQDKYAAL:0.25	VAGLAIFG:0.4166666666666667	IDTPKRQA:0.4166666666666667	FADAGDVN:0.25	AIFGSRLT:0.25	LGLNLVDS:0.25	ADAGDVNG:0.25	NGLTRRIN:0.25	GLTKRING:0.3333333333333333	NPDLLLQD:0.3333333333333333	LTKRINGG:0.3333333333333333	INGGTNGL:0.25	RGRGLKQI:0.4166666666666667	RGLKQITF:0.4166666666666667	GRGLKQIT:0.4166666666666667	LVESFNYS:0.25	FRGRGLKQ:0.3333333333333333	LITNPDLL:0.25	ARSAGWFW:0.5	AARSAGWF:0.5	GLKQITFL:0.25	QITFLDNY:0.25	KQITFLDN:0.25	LKQITFLD:0.25	KFRGRGLK:0.3333333333333333	YAARSAGW:0.25	DLITNPDL:0.25	RRQAAFIA:0.25	RQAAFIAQ:0.3333333333333333	QAAFIAQI:0.25	LADRQARL:0.25	NGLADRQA:0.25	TPRRQAAF:0.25	AAFIAQIG:0.25	PRRQAAFI:0.25	GLADRQAR:0.25	YGGRYGNT:0.25	GRYGNTQP:0.25	GGRYGNTQ:0.25	
