cluster number:69
GH19:483	GH19:483|CBM18:248|3.2.1.14:122|AA15:4|CBM1:1|CBM2:1
AQTSHETT:0.3416149068322981	WFWMTPQS:0.2981366459627329	NYNYGPAG:0.2525879917184265	ETTGGWAT:0.2401656314699793	TPQSPKPS:0.29606625258799174	FWMTPQSP:0.2939958592132505	AFLAQTSH:0.3022774327122153	PQSPKPSC:0.2463768115942029	IGFYKRYC:0.32091097308488614	MTPQSPKP:0.2939958592132505	SHETTGGW:0.6066252587991718	DRIGFYKR:0.3084886128364389	TNIINGGL:0.484472049689441	FLAQTSHE:0.2939958592132505	GFYKRYCD:0.28778467908902694	TGGWATAP:0.2422360248447205	QSPKPSCH:0.33747412008281574	IINGGLEC:0.4803312629399586	QCGSQAGG:0.2028985507246377	TTGGWATA:0.2401656314699793	LAQTSHET:0.2981366459627329	GGWATAPD:0.23395445134575568	AAFLAQTS:0.2939958592132505	GWATAPDG:0.2360248447204969	TSHETTGG:0.629399585921325	INGGLECG:0.474120082815735	NIINGGLE:0.47619047619047616	FYTYDAFI:0.22153209109730848	WMTPQSPK:0.2939958592132505	RIGFYKRY:0.33747412008281574	QTSHETTG:0.6314699792960663	WATAPDGP:0.20496894409937888	HETTGGWA:0.34782608695652173	GRGPIQLS:0.2111801242236025	TAPDGPYA:0.2567287784679089	PKPSCHDV:0.3146997929606625	FKTALWFW:0.2463768115942029	APDGPYAW:0.38923395445134573	PDGPYAWG:0.39544513457556935	KTALWFWM:0.2422360248447205	TALWFWMT:0.2567287784679089	GRGPIQIS:0.2836438923395445	SFKTALWF:0.2277432712215321	KYYGRGPI:0.2111801242236025	AGRVPGYG:0.2360248447204969	DGPYAWGY:0.3747412008281574	YYGRGPIQ:0.4865424430641822	GRVPGYGV:0.2236024844720497	GPYAWGYC:0.37888198757763975	NLDCYNQR:0.20082815734989648	PYAWGYCF:0.3188405797101449	NPDLVATD:0.3416149068322981	SPKPSCHD:0.2277432712215321	PDLVATDP:0.2111801242236025	YGVITNII:0.34782608695652173	ITNIINGG:0.4389233954451346	GVITNIIN:0.432712215320911	GYGVITNI:0.36645962732919257	RVPGYGVI:0.2422360248447205	VPGYGVIT:0.2422360248447205	PGYGVITN:0.3498964803312629	NNPDLVAT:0.2712215320910973	LLNNPDLV:0.29606625258799174	VITNIING:0.4306418219461698	DLLNNPDL:0.2981366459627329	LNNPDLVA:0.2546583850931677	YGRGPIQL:0.3002070393374741	KPSCHDVI:0.2587991718426501	GQTSHETT:0.2898550724637681	GFYTYDAF:0.23395445134575568	KTAIWFWM:0.22153209109730848	FKTAIWFW:0.22567287784679088	TAIWFWMT:0.2505175983436853	SFKTAIWF:0.20910973084886128	FFGQTSHE:0.20910973084886128	AAFFGQTS:0.2401656314699793	AFFGQTSH:0.2277432712215321	FGQTSHET:0.20910973084886128	
