cluster number:2
GT67:12	GT67:12
IGMSRKTF:0.4166666666666667	EIGMSRKT:0.4166666666666667	GDDDMFLR:0.3333333333333333	DDDMFLRV:0.5	KGDDDMFL:0.3333333333333333	FMDHEDMM:0.25	DHEDMMVG:0.25	LYVLARHP:0.3333333333333333	GMSRKTFL:0.25	AKGDDDMF:0.4166666666666667	PLYVLARH:0.3333333333333333	MSRKTFLW:0.25	HEDMMVGH:0.25	ATVRRCHF:0.25	MDHEDMMV:0.25	YATVRRCH:0.25	DDMFLRVP:0.5	TVRRCHFH:0.25	IAKGDDDM:0.3333333333333333	YIAKGDDD:0.3333333333333333	VRRCHFHN:0.25	VPQYLADL:0.3333333333333333	DMFLRVPQ:0.4166666666666667	RDVAERFV:0.25	LPLYILAR:0.3333333333333333	RVPQYLAD:0.3333333333333333	LPRRGLYW:0.3333333333333333	PQYLADLR:0.4166666666666667	TLGRDVAE:0.25	RRGLYWGT:0.3333333333333333	AEIGMSRK:0.4166666666666667	LYILARHP:0.3333333333333333	FLRVPQYL:0.4166666666666667	DAEIGMSR:0.25	DAMVGITL:0.25	GRDVAERF:0.25	LGRDVAER:0.25	EDAMVGIT:0.25	PLYILARH:0.3333333333333333	LRVPQYLA:0.25	DVAERFVS:0.25	MFLRVPQY:0.4166666666666667	PRRGLYWG:0.3333333333333333	TLPMNEGR:0.3333333333333333	MLPLYILA:0.3333333333333333	VAERFVSY:0.25	YTLGRDVA:0.25	GMSRKTFM:0.4166666666666667	PRRGVYWG:0.3333333333333333	LPRRGVYW:0.3333333333333333	RRRRHLQR:0.25	VRRRRRHL:0.25	VGMSRKTF:0.3333333333333333	AEVGMSRK:0.3333333333333333	RRRRRHLQ:0.25	MSRKTFMW:0.4166666666666667	EVGMSRKT:0.3333333333333333	SSVMVHHV:0.25	SRKTFMWL:0.25	EGRVSTNK:0.25	VATKRNNF:0.3333333333333333	DYLVALGV:0.3333333333333333	
