cluster number:11
PL7:43	PL7:42|4.2.2.11:2|4.2.2.3:1|CBM32:1|PL7_3:1
DNNAPPIL:0.5348837209302325	QKDNNAPP:0.4186046511627907	TLEVKVSD:0.20930232558139536	FTLEVKVS:0.27906976744186046	FENYFKAG:0.8372093023255814	GIFENYFK:0.23255813953488372	WDKGKIRV:0.2558139534883721	LIGQKDNN:0.3023255813953488	IFENYFKA:0.27906976744186046	DKGKIRVK:0.27906976744186046	WGIFENYF:0.23255813953488372	NYFKAGNY:0.8604651162790697	YFKAGNYF:0.5581395348837209	DLIGQKDN:0.20930232558139536	IGQKDNNA:0.4418604651162791	QRDLIGQK:0.20930232558139536	FKAGNYFQ:0.5581395348837209	RVKTKVLK:0.5116279069767442	KIRVKTKV:0.3488372093023256	YSRSELRE:0.46511627906976744	GKIRVKTK:0.5581395348837209	IRVKTKVL:0.37209302325581395	NNAPPILK:0.5348837209302325	KDNNAPPI:0.4186046511627907	KGKIRVKT:0.27906976744186046	ENYFKAGN:0.8604651162790697	YWDKGKIR:0.27906976744186046	RDLIGQKD:0.20930232558139536	GQKDNNAP:0.4186046511627907	LEVKVSDG:0.20930232558139536	KAGNYFQS:0.4186046511627907	NTKYSRSE:0.3953488372093023	NNVNWTFK:0.20930232558139536	SELREQMV:0.4186046511627907	HGRLTNEQ:0.5348837209302325	APPMLKIY:0.20930232558139536	PYMYNDST:0.20930232558139536	IHGRLTNE:0.5348837209302325	DNNAPPML:0.20930232558139536	KYSRSELR:0.3953488372093023	IMQIHGRL:0.5116279069767442	LKIYWDKG:0.20930232558139536	RSELREQM:0.5116279069767442	MQIHGRLT:0.5581395348837209	NAPPMLKI:0.20930232558139536	SRSELREQ:0.3953488372093023	NNAPPMLK:0.20930232558139536	PPMLKIYW:0.20930232558139536	NVNWTFKQ:0.20930232558139536	VKTKVLKN:0.3023255813953488	IIMQIHGR:0.5116279069767442	VNWTFKQG:0.20930232558139536	TKYSRSEL:0.3953488372093023	QIHGRLTN:0.6511627906976745	GVFENYFK:0.46511627906976744	PPEILDYA:0.23255813953488372	LREQMVPG:0.32558139534883723	APPILKIY:0.3953488372093023	NAPPILKI:0.3953488372093023	DLSHWKVT:0.3023255813953488	PPILKIYW:0.37209302325581395	ELREQMVP:0.32558139534883723	WGVFENYF:0.46511627906976744	GNYFQSRD:0.27906976744186046	VFENYFKA:0.4418604651162791	GRLTNEQR:0.3488372093023256	VIIMQIHG:0.2558139534883721	TNEQRDLI:0.2558139534883721	RLTNEQRD:0.3488372093023256	REQMVPGD:0.23255813953488372	AGNYFQSR:0.27906976744186046	NEQRDLIG:0.2558139534883721	LTNEQRDL:0.2558139534883721	ATTANTKY:0.2558139534883721	KFTLEVKV:0.23255813953488372	KWGVFENY:0.32558139534883723	YFKAGNYL:0.3023255813953488	NSSYSRTE:0.20930232558139536	SSYSRTEL:0.20930232558139536	SYSRTELR:0.23255813953488372	YSRTELRE:0.32558139534883723	IDLSHWKV:0.2558139534883721	TTANTKYS:0.27906976744186046	TANTKYSR:0.27906976744186046	ANTKYSRS:0.23255813953488372	
