cluster number:26
GH105:17	GH105:17|GH145:1
WSRGNGWV:0.7058823529411765	RGNGWVFA:0.4117647058823529	NGWVFAGL:0.4117647058823529	SRGNGWVF:0.5882352941176471	GNGWVFAG:0.4117647058823529	TEVYGTGA:0.23529411764705882	EVYGTGAF:0.23529411764705882	NGWVFGGL:0.35294117647058826	RVADWQIE:0.29411764705882354	RGNGWVFG:0.4117647058823529	AFLSAGSE:0.29411764705882354	VYGTGAFL:0.23529411764705882	HHPLDWTN:0.23529411764705882	FYPTPETS:0.35294117647058826	ADKTEVYG:0.23529411764705882	DGMLGYVQ:0.5294117647058824	DWTNGALY:0.35294117647058826	PETSGSSF:0.23529411764705882	GMLGYVQP:0.6470588235294118	AGSEVYKL:0.23529411764705882	TPETSGSS:0.23529411764705882	FMSPPVWA:0.4117647058823529	KTEVYGTG:0.23529411764705882	PLDWTNGA:0.23529411764705882	YPTPETSG:0.5294117647058824	KIFWSRGN:0.29411764705882354	SAGSEVYK:0.29411764705882354	GSEVYKLY:0.23529411764705882	FGLAWGIN:0.23529411764705882	PTPETSGS:0.23529411764705882	LDWTNGAL:0.23529411764705882	HADDHTVG:0.29411764705882354	GAFLSAGS:0.29411764705882354	LFMSPPVW:0.4117647058823529	ADDHTVGQ:0.29411764705882354	CDALFMSP:0.35294117647058826	VADWQIEH:0.29411764705882354	FWSRGNGW:0.5294117647058824	HPLDWTNG:0.23529411764705882	GHWAMSLL:0.4117647058823529	GYVQPIGA:0.5294117647058824	QDRWNWCD:0.35294117647058826	DALFMSPP:0.4117647058823529	FLSAGSEV:0.29411764705882354	ALFMSPPV:0.4117647058823529	NWCDALFM:0.35294117647058826	MLGYVQPI:0.5294117647058824	GNGWVFGG:0.35294117647058826	RWNWCDAL:0.35294117647058826	EGHWAMSL:0.29411764705882354	LGYVQPIG:0.5294117647058824	DRWNWCDA:0.35294117647058826	DWQIEHFR:0.23529411764705882	WCDALFMS:0.35294117647058826	YHADDHTV:0.35294117647058826	GLAWGINN:0.23529411764705882	LSAGSEVY:0.29411764705882354	WNWCDALF:0.35294117647058826	ADWQIEHF:0.23529411764705882	PGKAWADK:0.23529411764705882	IFWSRGNG:0.29411764705882354	WQIEHFRD:0.23529411764705882	NGALYVGM:0.47058823529411764	TWCDALFM:0.23529411764705882	PTPETSGT:0.29411764705882354	WTNGALYV:0.4117647058823529	WTWCDALF:0.23529411764705882	QPIGAAPG:0.4117647058823529	TNGALYVG:0.4117647058823529	RWTWCDAL:0.23529411764705882	YVQPIGAA:0.4117647058823529	GAFLAAGS:0.35294117647058826	VQPIGAAP:0.5294117647058824	VFWSRGNG:0.23529411764705882	TEVYGVGA:0.23529411764705882	YGLAWGIN:0.23529411764705882	KVFWSRGN:0.23529411764705882	CDALFMAP:0.29411764705882354	WCDALFMA:0.29411764705882354	DALFMAPP:0.23529411764705882	GAAPGKAW:0.29411764705882354	FTFGLAWG:0.23529411764705882	ARGNGWVF:0.23529411764705882	WARGNGWV:0.23529411764705882	FFTFGLAW:0.23529411764705882	AWGINNGI:0.23529411764705882	GINNGILD:0.23529411764705882	SPPVWAKL:0.29411764705882354	WGINNGIL:0.23529411764705882	EFYPTPET:0.23529411764705882	HQDRWNWC:0.29411764705882354	MSPPVWAK:0.29411764705882354	HWAMSLLG:0.23529411764705882	WAMSLLGQ:0.23529411764705882	GALYVGMV:0.23529411764705882	KDGMLGYV:0.23529411764705882	
