cluster number:15
GH105:30	GH105:30
NINTTAPL:0.4	HNFSEAFW:0.2	SEAFWCRG:0.2	NTTAPLLS:0.2	TETSGSAA:0.2	MAILFTAK:0.2	LFMAILFT:0.2	WIDTLFMA:0.3333333333333333	SGSAAIAA:0.4666666666666667	GVGLYGLQ:0.2	DFGMEEWD:0.2	YTETSGSA:0.2	MEEWDWPQ:0.2	GLYGLQKL:0.2	LYDKKTGL:0.2	QGVGLYGL:0.7	PQGVGLYG:0.7	LWHTLLDD:0.3	PMAYGQAM:0.26666666666666666	PLLSLMEL:0.2	GSAAIAAG:0.4666666666666667	TGLFYHGW:0.4	EAFWCRGN:0.2	APMAYGQA:0.26666666666666666	EGTVLGVS:0.2	TTAPLLSL:0.2	FARDFGME:0.2	VGLYGLQK:0.2	TLFMAILF:0.2	YLYDKKTG:0.2	LLLHIKYL:0.2	EWDWPQGV:0.6333333333333333	IIIAPMAY:0.3	ILFTAKMG:0.2	KYLYDKKT:0.2	AILFTAKM:0.2	TAPLLSLM:0.2	FGMEEWDW:0.2	LHIKYLYD:0.23333333333333334	FSEAFWCR:0.2	IAPMAYGQ:0.5	IWIDTLFM:0.3333333333333333	HIKYLYDK:0.4666666666666667	WDWPQGVG:0.7	FTAKMGVK:0.2	YDKKTGLF:0.2	ETSGSAAI:0.2	ARDFGMEE:0.2	RHNFSEAF:0.2	INTTAPLL:0.4	SYTETSGS:0.26666666666666666	DTLFMAIL:0.2	LVALGEAL:0.2	QLLLHIKY:0.2	FMAILFTA:0.2	EEWDWPQG:0.36666666666666664	APLLSLME:0.2	WPQGVGLY:0.7	NFSEAFWC:0.2	IKYLYDKK:0.36666666666666664	LFTAKMGV:0.2	LLHIKYLY:0.23333333333333334	EIWIDTLF:0.26666666666666666	YFARDFGM:0.2	IIAPMAYG:0.3	IDTLFMAI:0.2	GMEEWDWP:0.2	DWPQGVGL:0.6333333333333333	RDFGMEEW:0.2	GLWHTLLD:0.3	TSGSAAIA:0.2	GNSWFTLG:0.2	TGLFFHGW:0.2	CRGNSWFT:0.7333333333333333	AAIAAGIL:0.43333333333333335	SRNINTTA:0.23333333333333334	RGNSWFTL:0.3	RNINTTAP:0.23333333333333334	FWCRGNSW:0.6333333333333333	WCRGNSWF:0.7333333333333333	SAAIAAGI:0.43333333333333335	EVSGSAAI:0.5333333333333333	SGSAAITA:0.23333333333333334	TAGILKGI:0.2	ITAGILKG:0.2	TTAPLLTL:0.3	GSAAITAG:0.23333333333333334	NTTAPLLT:0.3	SAAITAGI:0.2	AGILKGIR:0.2	AAITAGIL:0.2	VSGSAAIT:0.23333333333333334	AITAGILK:0.2	IFWCRGNS:0.26666666666666666	APMAYGQS:0.3	GFQHVTSA:0.3	EEVSGSAA:0.4	TVLNVSGG:0.2	YEEVSGSA:0.4	KSGLWHTV:0.23333333333333334	AYGQSLTI:0.3	VTSANGDR:0.3	NVSGGTGM:0.2	SGGTGMGY:0.23333333333333334	HVTSANGD:0.3	MAYGQSLT:0.3333333333333333	DRQGVRLN:0.2	PSKNINTT:0.4	PMAYGQSL:0.43333333333333335	LPSKNINT:0.4	TSANGDRQ:0.23333333333333334	RQGVRLNE:0.2	SYEEVSGS:0.43333333333333335	NGDRQGVR:0.2	GLPSKNIN:0.4	LMNCLPRT:0.26666666666666666	GTVLNVSG:0.2	ANGDRQGV:0.2	FQHVTSAN:0.3	WLMNCLPR:0.26666666666666666	DGTVLNVS:0.43333333333333335	LNVSGGTG:0.2	VLFLNRMG:0.2	SANGDRQG:0.2	QHVTSANG:0.3	FMTVLFLN:0.3	GVGLYGLL:0.3333333333333333	GDRQGVRL:0.2	VSGGTGMG:0.23333333333333334	VLNVSGGT:0.2	SGLWHTVL:0.3	EMWIDTLF:0.2	DTLFMTVL:0.3333333333333333	GGFQHVTS:0.2	LFMTVLFL:0.26666666666666666	KNINTTAP:0.3	VSGSAAIA:0.26666666666666666	TLFMTVLF:0.3333333333333333	TSYEEVSG:0.23333333333333334	VGLYGLLK:0.2	VFWCRGNS:0.2	EGGFQHVT:0.2	WIDTLFMT:0.23333333333333334	SKNINTTA:0.3	IDTLFMTV:0.3333333333333333	TKEGGFQH:0.23333333333333334	MWIDTLFM:0.2	TVLNVSAG:0.23333333333333334	VLNVSAGT:0.23333333333333334	GTVLNVSA:0.23333333333333334	LNVSAGTG:0.2	
