cluster number:13
GH105:31	GH105:31
LYMSVPFL:0.3548387096774194	YGVCRGSG:0.3225806451612903	DDLYMSVP:0.3548387096774194	LDDCGSFG:0.6774193548387096	DLYMSVPF:0.3548387096774194	DDCGSFGS:0.2903225806451613	WGRGNGWV:0.7096774193548387	DDCGSFGA:0.3870967741935484	NVYGVCRG:0.2903225806451613	GRWNYPLG:0.3870967741935484	EASCTSMF:0.22580645161290322	GVCRGSGY:0.3225806451612903	KQGNVYGV:0.22580645161290322	WCDDLYMS:0.3548387096774194	PLGVTLYG:0.5806451612903226	LYMSTPFL:0.3870967741935484	CDDLYMST:0.22580645161290322	DDLYMSTP:0.3870967741935484	YPLGVTLY:0.5806451612903226	GIVLLAGI:0.2903225806451613	VYGVCRGS:0.2903225806451613	GVTLYGLL:0.41935483870967744	SCTSMFIY:0.22580645161290322	NLNDDVFP:0.22580645161290322	LNDTHGIG:0.45161290322580644	LGVTLYGL:0.5161290322580645	IGIVLLAG:0.45161290322580644	IDKQGNVY:0.22580645161290322	NDTHGIGI:0.5161290322580645	DLYMSTPF:0.3870967741935484	IVLLAGIE:0.2903225806451613	GIGIVLLA:0.45161290322580644	RWNYPLGV:0.3870967741935484	DKQGNVYG:0.22580645161290322	SLDDCGSF:0.5161290322580645	CRGSGYSF:0.25806451612903225	GNVYGVCR:0.2903225806451613	WHQVLTDP:0.2903225806451613	GLWHQVLT:0.41935483870967744	HGIGIVLL:0.45161290322580644	DTHGIGIV:0.5161290322580645	LWHQVLTD:0.2903225806451613	WNYPLGVT:0.6129032258064516	VCRGSGYS:0.3225806451612903	TMWCDDLY:0.25806451612903225	DSLDDCGS:0.5483870967741935	PWGRGNGW:0.7096774193548387	MWCDDLYM:0.25806451612903225	NYPLGVTL:0.6129032258064516	SNLNDDVF:0.22580645161290322	THGIGIVL:0.41935483870967744	VPWGRGNG:0.3225806451612903	QGNVYGVC:0.22580645161290322	WADDLYMS:0.3870967741935484	GIPWGRGN:0.22580645161290322	GNGWVLFS:0.3870967741935484	MWADDLYM:0.25806451612903225	RGNGWVLF:0.3870967741935484	TMWADDLY:0.22580645161290322	NGWVLFSL:0.3870967741935484	IPWGRGNG:0.3548387096774194	LFSLSELL:0.25806451612903225	GRGNGWVL:0.41935483870967744	FGRWNYPL:0.2903225806451613	CGSFGATM:0.22580645161290322	YAFARGVR:0.3225806451612903	GSFGATML:0.22580645161290322	DCGSFGAT:0.25806451612903225	SVPFLCRY:0.2903225806451613	GWVLFSLT:0.22580645161290322	FARGVRFG:0.3225806451612903	RGVRFGWL:0.25806451612903225	YMSVPFLC:0.2903225806451613	LFGRWNYP:0.22580645161290322	IMSHVYDF:0.22580645161290322	MSVPFLCR:0.2903225806451613	VLFSLTEL:0.22580645161290322	ARGVRFGW:0.3225806451612903	WVLFSLTE:0.22580645161290322	LFSLTELL:0.22580645161290322	IDSLDDCG:0.3870967741935484	MSHVYDFK:0.22580645161290322	AFARGVRF:0.25806451612903225	
