cluster number:31
GH105:12	GH105:12
PTLYGQGL:0.75	HPTLYGQG:0.25	TRANAWIA:0.5	RANAWIAA:0.25	FEHTVTEN:0.3333333333333333	ARWTRANA:0.6666666666666666	APRTREGA:0.75	SFPEQVWA:0.5	FPEQVWAD:0.8333333333333334	PGVGVIAL:0.25	HMSAARWT:0.4166666666666667	WVPGVGVI:0.6666666666666666	GAFEHTVT:0.5833333333333334	VPGVGVIA:0.3333333333333333	GVGVIALL:0.25	ADTVFMAV:0.4166666666666667	TREGAFEH:0.5833333333333334	EAPRTREG:0.5833333333333334	MAVLFLAR:0.9166666666666666	VWADTVFM:0.4166666666666667	FMAVLFLA:0.6666666666666666	QWDWVPGV:0.25	DTVFMAVL:0.4166666666666667	PCHPTLYG:0.25	LLQWVERN:0.25	SAARWTRA:0.5	VFMAVLFL:0.4166666666666667	TVFMAVLF:0.4166666666666667	WDWVPGVG:1.0	VSGGTPVM:0.75	RTREGAFE:0.5833333333333334	WTRANAWI:0.5	WADTVFMA:0.4166666666666667	SGSAGIAC:0.5833333333333334	AFEHTVTE:0.5833333333333334	QVWADTVF:0.4166666666666667	EQVWADTV:0.6666666666666666	ETSGSAGI:0.9166666666666666	IPCHPTLY:0.25	DWVPGVGV:0.6666666666666666	RWTRANAW:0.6666666666666666	VGVIALLE:0.25	AARWTRAN:0.5	EHTVTENV:0.4166666666666667	TSGSAGIA:0.9166666666666666	CHPTLYGQ:0.25	GSAGIACG:0.5833333333333334	EGAFEHTV:0.5833333333333334	GVSGGTPV:0.75	GVIALLEY:0.25	MSAARWTR:0.4166666666666667	LHLRLLQD:0.3333333333333333	PEQVWADT:0.8333333333333334	PRTREGAF:0.5833333333333334	REGAFEHT:0.5833333333333334	GSAGIAAG:0.3333333333333333	AVLFLARL:0.6666666666666666	GVLFHGWN:0.4166666666666667	SGGTPVMP:0.5	SGSAGIAA:0.3333333333333333	GGTPVMPS:0.3333333333333333	VLFLARLA:0.4166666666666667	VPGVGVIS:0.3333333333333333	TGVLFHGW:0.25	VLFLARLG:0.25	SAGIAAGI:0.25	HWDWVPGV:0.5	HSGNWGMD:0.25	VINSMAPF:0.4166666666666667	YGQGLVLM:0.3333333333333333	GQGLVLML:0.3333333333333333	LYGQGLVL:0.5833333333333334	NSMAPFAI:0.4166666666666667	QGLVLMLL:0.25	ASFPEQVW:0.25	INSMAPFA:0.4166666666666667	KVINSMAP:0.5	QVWADTVY:0.25	REGALEHT:0.25	EVQGVSGG:0.25	VYMAVLFL:0.25	VQGVSGGT:0.25	DTVYMAVL:0.25	WADTVYMA:0.25	ALEHTVTE:0.3333333333333333	YMAVLFLA:0.25	QGVSGGTP:0.25	NGEVQGVS:0.25	GALEHTVT:0.25	RANAWITL:0.25	GEVQGVSG:0.25	TLYGQGLV:0.5	ADTVYMAV:0.25	SAGIACGF:0.25	EGALEHTV:0.25	DHWDWVPG:0.25	ARANAWIT:0.25	VWADTVYM:0.25	TVYMAVLF:0.25	WARANAWI:0.25	QETSGSAG:0.3333333333333333	TREGALEH:0.25	VLFHGWNC:0.3333333333333333	QLELHLRL:0.25	AKVINSMA:0.25	LFHGWNCI:0.25	LELHLRLL:0.25	VMDRTDFY:0.25	MAPFAIFP:0.25	HTVMDRTD:0.25	GLWHTVMD:0.25	SMAPFAIF:0.25	IPTLYGQG:0.25	LWHTVMDR:0.25	TVMDRTDF:0.25	WHTVMDRT:0.25	
