cluster number:34
GH105:18	GH105:18
ADDYCVGQ:0.2222222222222222	VYGVGAFL:0.3888888888888889	GVGAFLLA:0.4444444444444444	DALFMGPP:0.2777777777777778	QQPDGSWH:0.2222222222222222	GEKVFWSR:0.2222222222222222	GSWHASLL:0.3333333333333333	SLLDPASY:0.2222222222222222	SWHASLLD:0.3333333333333333	VFWSRGNG:0.7222222222222222	NGEKVFWS:0.2222222222222222	PDGSWHAS:0.2777777777777778	REWAWCDA:0.4444444444444444	AWCDALFM:0.4444444444444444	LLDPASYP:0.2222222222222222	DVYGVGAF:0.2222222222222222	EKNGEKVF:0.2222222222222222	QPDGSWHA:0.2222222222222222	WHASLLDP:0.3888888888888889	VGAFLLAG:0.5	FWSRGNGW:0.7777777777777778	WCDALFMG:0.3333333333333333	EWAWCDAL:0.4444444444444444	WAWCDALF:0.4444444444444444	WSRGNGWV:0.8333333333333334	CDALFMGP:0.3333333333333333	EKVFWSRG:0.2222222222222222	KNGEKVFW:0.2222222222222222	YGVGAFLL:0.5	TDVYGVGA:0.2222222222222222	KVFWSRGN:0.7222222222222222	DGSWHASL:0.3888888888888889	AFLLAGSE:0.5555555555555556	LLAGSEVY:0.2222222222222222	CDALFMAP:0.3888888888888889	WCDALFMA:0.3888888888888889	DALFMAPP:0.2777777777777778	GAFLLAGS:0.5555555555555556	FLLAGSEV:0.2777777777777778	SWCDALFM:0.2222222222222222	SRGNGWVL:0.2777777777777778	GKKVFWSR:0.2777777777777778	NGKKVFWS:0.2777777777777778	KETSGTGF:0.2777777777777778	KKVFWSRG:0.2777777777777778	RGNGWVLA:0.2222222222222222	GNGWVLAG:0.2222222222222222	NGWVLAGL:0.2222222222222222	SRGNGWVM:0.3333333333333333	GNGWVMGG:0.2222222222222222	RGNGWVMG:0.2222222222222222	
