cluster number:10
GH105:68	GH105:68|CE8:1
MWLDGLYM:0.2647058823529412	DGLYMGAP:0.5294117647058824	QMWLDGLY:0.2647058823529412	YMGAPFYA:0.39705882352941174	LDGLYMGA:0.6617647058823529	WLDGLYMG:0.9117647058823529	GLYMGAPF:0.5294117647058824	GNYLEASG:0.39705882352941174	LYMGAPFY:0.47058823529411764	MGAPFYAE:0.36764705882352944	YYISEPII:0.3382352941176471	GLYMGSPF:0.23529411764705882	LDGLYMGS:0.25	YAYYISEP:0.2647058823529412	AYYISEPI:0.5294117647058824	SGTWYQVT:0.25	LYMGSPFY:0.22058823529411764	KWSYDYGV:0.23529411764705882	EFVLETKE:0.22058823529411764	MAKGIRLG:0.20588235294117646	LEASGSSM:0.23529411764705882	RTSEGAFW:0.47058823529411764	YQIWLDGL:0.5	DQKGVGAF:0.20588235294117646	TKEGWLNL:0.20588235294117646	NDQKGVGA:0.20588235294117646	RKGNYLEA:0.47058823529411764	HPRTSEGA:0.47058823529411764	VYAMAKGI:0.20588235294117646	IWLDGLYM:0.6764705882352942	IYPYQIWL:0.47058823529411764	NKNCQVAG:0.3235294117647059	GVGAFLQA:0.20588235294117646	EYNIDHVN:0.25	KGNYLEAS:0.6176470588235294	YLEASGSS:0.23529411764705882	DGLYMGSP:0.23529411764705882	NCQVAGLG:0.3235294117647059	YPYQIWLD:0.5	CQVAGLGG:0.35294117647058826	KNCQVAGL:0.3235294117647059	YAMAKGIR:0.2647058823529412	KGVGAFLQ:0.20588235294117646	AMAKGIRL:0.20588235294117646	FWHKEIYP:0.25	PRTSEGAF:0.47058823529411764	SEGAFWHK:0.47058823529411764	TSEGAFWH:0.47058823529411764	NYLEASGS:0.23529411764705882	LNKNCQVA:0.3235294117647059	PYQIWLDG:0.5	QVAGLGGA:0.22058823529411764	QIWLDGLY:0.6764705882352942	QKGVGAFL:0.20588235294117646	NLNKNCQV:0.3235294117647059	FAYYISEP:0.27941176470588236	IDHLNNGK:0.20588235294117646	NIDHLNNG:0.20588235294117646	YYISEPIV:0.3235294117647059	KTGLLYHA:0.20588235294117646	VDEYNIDH:0.20588235294117646	GVGPFILA:0.23529411764705882	KGVGPFIL:0.23529411764705882	WHKQIYPY:0.20588235294117646	KQIYPYQI:0.20588235294117646	DGTFAYYI:0.22058823529411764	ISEPIITN:0.20588235294117646	GTFAYYIS:0.22058823529411764	YLEASASS:0.25	SEPIITND:0.20588235294117646	HKQIYPYQ:0.20588235294117646	RDGTFAYY:0.22058823529411764	YISEPIIT:0.20588235294117646	FWHKQIYP:0.22058823529411764	EASASSMI:0.25	TFAYYISE:0.22058823529411764	GNYLEASA:0.38235294117647056	QIYPYQIW:0.20588235294117646	LEASASSM:0.25	NYLEASAS:0.38235294117647056	TGLLYHAW:0.39705882352941174	GLLYHAWD:0.39705882352941174	LLYHAWDE:0.38235294117647056	SKNFWGRS:0.22058823529411764	GCSKNFWG:0.20588235294117646	NFWGRSMG:0.22058823529411764	TGCSKNFW:0.20588235294117646	FWGRSMGW:0.22058823529411764	CSKNFWGR:0.20588235294117646	
