cluster number:9
GH105:24	GH105:24
TLFELYDL:0.25	FYMEYETR:0.3333333333333333	KDDAKGVG:0.20833333333333334	WNYIDGCM:0.6666666666666666	SGMWYQVV:0.25	PRTKEGNF:0.3333333333333333	VWLDGLYM:0.5	NFWHKNIY:0.20833333333333334	NAGKTLFE:0.25	TKEGNFWH:0.3333333333333333	YQDESGMW:0.20833333333333334	IYPNQVWL:0.2916666666666667	KEGNFWHK:0.3333333333333333	IMAYALLK:0.20833333333333334	QVWLDGLY:0.5	SGSSIMAY:0.20833333333333334	ICLVAGLG:0.7916666666666666	CDKVTGLS:0.3333333333333333	LFELYDLT:0.25	WLRALGWY:0.25	GKTLFELY:0.25	PFYMEYET:0.375	GPFLLAYT:0.25	NFWLRALG:0.2916666666666667	MFWCDKVT:0.20833333333333334	SIMAYALL:0.20833333333333334	KEKYRKAI:0.25	LLKGVRLG:0.20833333333333334	KTLFELYD:0.25	STWNYIDG:0.20833333333333334	WCDKVTGL:0.3333333333333333	EKYRKAID:0.3333333333333333	RTKEGNFW:0.3333333333333333	ESGMWYQV:0.20833333333333334	NYIDGCMI:0.5833333333333334	YIDGCMIK:0.4166666666666667	QPFYMEYE:0.4583333333333333	FELYDLTG:0.25	GMWYQVVN:0.2916666666666667	VGPFLLAY:0.25	GVGPFLLA:0.2916666666666667	KYQDESGM:0.20833333333333334	FWHKNIYP:0.20833333333333334	TGKEKYRK:0.2916666666666667	MALLDTLD:0.20833333333333334	YLETSGSS:0.25	VKDDAKGV:0.20833333333333334	LKYQDESG:0.20833333333333334	LDGICLVA:0.25	DNVNAGKT:0.2916666666666667	FWLRALGW:0.3333333333333333	DDAKGVGP:0.3333333333333333	VNAGKTLF:0.3333333333333333	YDLTGKEK:0.2916666666666667	GNFWHKNI:0.20833333333333334	DKVTGLSQ:0.20833333333333334	FWCDKVTG:0.2916666666666667	KSTWNYID:0.20833333333333334	GSSIMAYA:0.20833333333333334	AKGVGPFL:0.3333333333333333	LYDLTGKE:0.2916666666666667	GKEKYRKA:0.2916666666666667	YPNQVWLD:0.2916666666666667	NQVWLDGL:0.3333333333333333	CLVAGLGG:0.4166666666666667	QDESGMWY:0.25	RNYLETSG:0.20833333333333334	IDGCMIKA:0.375	NYLETSGS:0.4166666666666667	LETSGSSI:0.20833333333333334	PFLLAYTE:0.25	YMEYETRF:0.25	TGLSQNFW:0.20833333333333334	GLYYHAYD:0.2916666666666667	PNQVWLDG:0.2916666666666667	DLTGKEKY:0.2916666666666667	YYMSEPVV:0.20833333333333334	DGCMIKAI:0.20833333333333334	ALLDTLDK:0.20833333333333334	LEMYAITK:0.20833333333333334	TWNYIDGC:0.2916666666666667	DESGMWYQ:0.25	GICLVAGL:0.7083333333333334	AGKTLFEL:0.25	ELYDLTGK:0.25	KGVGPFLL:0.2916666666666667	DAKGVGPF:0.375	DGICLVAG:0.2916666666666667	NVNAGKTL:0.2916666666666667	SSIMAYAL:0.20833333333333334	TSGSSIMA:0.20833333333333334	NIDNVNAG:0.25	ETSGSSIM:0.20833333333333334	LTGKEKYR:0.3333333333333333	IDNVNAGK:0.25	FWLRAMGW:0.25	GGICLVAG:0.4166666666666667	NFWHKKIY:0.25	YMAQPFYM:0.3333333333333333	FWHKKIYP:0.20833333333333334	LGGICLVA:0.4166666666666667	GNFWHKKI:0.25	NFWLRAMG:0.20833333333333334	GVRLGYLP:0.20833333333333334	LKGVRLGY:0.20833333333333334	KGVRLGYL:0.20833333333333334	LVAGLGGK:0.25	TGLYYHGY:0.2916666666666667	NYLETSGT:0.25	MAQPFYME:0.20833333333333334	GLYYHGYD:0.2916666666666667	KWNYIDGC:0.20833333333333334	KTGLYYHG:0.3333333333333333	DEKTGLYY:0.25	AQPFYMEY:0.20833333333333334	EKTGLYYH:0.25	GNYLETSG:0.2916666666666667	DAKGVGPL:0.20833333333333334	RDEKTGLY:0.20833333333333334	NDAKGVGP:0.25	QPRTKEGN:0.20833333333333334	WLDGLYMG:0.20833333333333334	
