cluster number:35
GH105:56	GH105:56|CE12:2|3.2.1.172:1
SYEWGVTY:0.8035714285714286	SVPALAQM:0.2857142857142857	CVGTGMGF:0.44642857142857145	YGPVLLAG:0.39285714285714285	GYGPVLLA:0.30357142857142855	VPALAQMG:0.3392857142857143	WHQLLDRN:0.375	DRNDSYLE:0.4107142857142857	YEWGVTYA:0.2857142857142857	AHGYGPVL:0.4642857142857143	HGYGPVLL:0.30357142857142855	NDSYLETS:0.4642857142857143	FHWARANG:0.26785714285714285	AAHGYGPV:0.625	GTGMGFDP:0.42857142857142855	EGTCVGTG:0.42857142857142855	QVEGTCVG:0.42857142857142855	GTLARNRP:0.39285714285714285	LTSYEWGV:0.2857142857142857	QLLDRNDS:0.30357142857142855	GQVEGTCV:0.42857142857142855	GPVLLAGA:0.375	TSYEWGVT:0.2857142857142857	WGVTYAGM:0.25	GTCVGTGM:0.5535714285714286	PVLLAGAE:0.35714285714285715	LLDRNDSY:0.30357142857142855	HWARANGW:0.3392857142857143	WARANGWA:0.42857142857142855	DSYLETSA:0.7142857142857143	MSVPALAQ:0.2857142857142857	LDRNDSYL:0.3392857142857143	WLDDLYMS:0.21428571428571427	RNDSYLET:0.4107142857142857	VEGTCVGT:0.4642857142857143	VGTGMGFD:0.42857142857142855	HQLLDRND:0.3392857142857143	TCVGTGMG:0.2857142857142857	EWGVTYAG:0.25	DGTLARNR:0.39285714285714285	LWLDDLYM:0.23214285714285715	ETSATAIY:0.625	TSATAIYV:0.26785714285714285	LDDAGAVC:0.23214285714285715	CVGTGMAF:0.35714285714285715	VGTGMAFD:0.35714285714285715	FRLASYEW:0.25	SATAIYVY:0.26785714285714285	KEYRLADG:0.30357142857142855	LWLDDMFM:0.30357142857142855	TLWLDDMF:0.26785714285714285	EWGVTYSA:0.21428571428571427	DPAFYYYR:0.48214285714285715	MAFDPAFY:0.3392857142857143	GMAFDPAF:0.3392857142857143	NKEYRLAD:0.21428571428571427	FHWGRANG:0.30357142857142855	YRLADGTF:0.23214285714285715	TPLHLLQP:0.32142857142857145	RLADGTFA:0.23214285714285715	RANGWALL:0.23214285714285715	PVNVYAAH:0.2857142857142857	WGRANGWA:0.44642857142857145	NTPLHLLQ:0.25	YAAHGYGP:0.5	VNVYAAHG:0.2857142857142857	WLDDMFMG:0.2857142857142857	AINKGWID:0.21428571428571427	ALDDAGAV:0.25	FWHQLLDR:0.3392857142857143	LADGTFAR:0.23214285714285715	AHAINKGW:0.21428571428571427	PAFYYYRP:0.5178571428571429	ASYEWGVT:0.26785714285714285	LETSATAI:0.6785714285714286	TCVGTGMA:0.32142857142857145	SYLETSAT:0.6071428571428571	NVYAAHGY:0.32142857142857145	YEWGVTYS:0.39285714285714285	FYYYRPVN:0.32142857142857145	GFWHQLLD:0.44642857142857145	RLASYEWG:0.25	YRPVNVYA:0.25	PHALDDAG:0.5178571428571429	AFYYYRPV:0.375	ANGWALLT:0.23214285714285715	VYAAHGYG:0.35714285714285715	DSNTPLHL:0.23214285714285715	FDPAFYYY:0.48214285714285715	RPVNVYAA:0.2857142857142857	YLETSATA:0.6964285714285714	YYYRPVNV:0.2857142857142857	NTLWLDDM:0.26785714285714285	YYRPVNVY:0.25	GTGMAFDP:0.3392857142857143	HWGRANGW:0.30357142857142855	ATAIYVYC:0.23214285714285715	LASYEWGV:0.26785714285714285	HAINKGWI:0.21428571428571427	AFDPAFYY:0.30357142857142855	SNTPLHLL:0.23214285714285715	TGMAFDPA:0.3392857142857143	HALDDAGA:0.48214285714285715	EYRLADGT:0.30357142857142855	NDSNTPLH:0.23214285714285715	PNTLWLDD:0.21428571428571427	SATAIYTY:0.21428571428571427	TLARNRPQ:0.25	NTLWLDDL:0.30357142857142855	GRANGWAI:0.21428571428571427	TGMGFDPA:0.39285714285714285	KGLYMHGW:0.23214285714285715	GMGFDPAF:0.39285714285714285	GFDPAFYY:0.375	GLYMHGWV:0.26785714285714285	RLTSYEWG:0.23214285714285715	MGFDPAFY:0.39285714285714285	
