cluster number:63
GH73:21	GH73:21
HLLAYAST:0.47619047619047616	GIRPDVAL:0.23809523809523808	FFAYGGDV:0.23809523809523808	AHIQHLLA:0.6666666666666666	REGIRPDV:0.38095238095238093	RAHIQHLL:0.6666666666666666	FCGLGATG:0.47619047619047616	KETGFFAY:0.23809523809523808	ETGFFAYG:0.23809523809523808	TGFFAYGG:0.23809523809523808	NFCGLGAT:0.47619047619047616	ARAHIQHL:0.2857142857142857	IQHLLAYA:0.5714285714285714	GFFAYGGD:0.23809523809523808	NGVWAVPG:0.23809523809523808	HIQHLLAY:0.6666666666666666	EGIRPDVA:0.38095238095238093	NNFCGLGA:0.47619047619047616	QNNFCGLG:0.5714285714285714	QHLLAYAS:0.5238095238095238	IVDPRYDL:0.23809523809523808	CGLGATGN:0.42857142857142855	LNGVWAVP:0.23809523809523808	GARAHIQH:0.2857142857142857	QALKETGF:0.42857142857142855	GLGTTSAT:0.2857142857142857	DQNNYCGL:0.3333333333333333	GLNGRWAV:0.23809523809523808	ALKETGFF:0.42857142857142855	YGGTVTPD:0.2857142857142857	CGLGTTSA:0.2857142857142857	GTVTPDQN:0.2857142857142857	VDPRYSLV:0.2857142857142857	PDQNNYCG:0.2857142857142857	GGTVTPDQ:0.2857142857142857	TPDQNNYC:0.2857142857142857	GVRAHIQH:0.6190476190476191	LGTTSATV:0.2857142857142857	QNNYCGLG:0.38095238095238093	LGVRAHIQ:0.3333333333333333	VTPDQNNY:0.2857142857142857	TVTPDQNN:0.2857142857142857	AFAQALKE:0.2857142857142857	FAQALKET:0.3333333333333333	NNYCGLGT:0.3333333333333333	DPRYSLVR:0.2857142857142857	NGRWAVPG:0.5238095238095238	VRAHIQHL:0.6190476190476191	AQALKETG:0.3333333333333333	VVDPRYSL:0.2857142857142857	LNGRWAVP:0.5238095238095238	NYCGLGTT:0.3333333333333333	YCGLGTTS:0.3333333333333333	LLAYASTR:0.23809523809523808	LKETGFFR:0.2857142857142857	GFFRYGGT:0.2857142857142857	KETGFFRY:0.2857142857142857	ETGFFRYG:0.2857142857142857	VAFAQALK:0.23809523809523808	FRYGGTVT:0.2857142857142857	RYGGTVTP:0.23809523809523808	DLNGRWAV:0.23809523809523808	DVAFAQAL:0.23809523809523808	TGFFRYGG:0.2857142857142857	FFRYGGTV:0.2857142857142857	QLGVRAHI:0.23809523809523808	ALCQALKE:0.23809523809523808	LCQALKET:0.23809523809523808	CQALKETG:0.23809523809523808	
