cluster number:98
GH73:21	GH73:21
LESGWGSS:0.2857142857142857	ANNLFGIK:0.6666666666666666	NNLFGIKG:0.6666666666666666	ESGWGSSG:0.2857142857142857	SGWGSSGL:0.2857142857142857	NNLFGIKA:0.23809523809523808	YATDPNYA:0.5238095238095238	AALESGWG:0.5238095238095238	QAALESGW:0.5714285714285714	GYATDPNY:0.6190476190476191	AAGYATDP:0.5714285714285714	ALESGWGS:0.2857142857142857	AGYATDPN:0.5714285714285714	TIAQAALE:0.5714285714285714	AAAGYATD:0.5714285714285714	IAQAALES:0.6190476190476191	AQAALESG:0.5714285714285714	SWNRNLYS:0.2857142857142857	DTPSGGSY:0.23809523809523808	VLNRAGLL:0.38095238095238093	AYNNWGES:0.5714285714285714	NYAAKLIQ:0.23809523809523808	RAYNNWGE:0.5714285714285714	KGSGPAGS:0.47619047619047616	YAAKLIQI:0.2857142857142857	TLKTGVQE:0.23809523809523808	SRDTLKTG:0.3333333333333333	LTIAQAAL:0.5238095238095238	PASLTIAQ:0.23809523809523808	ILTVLNRA:0.23809523809523808	FGIKGSGP:0.47619047619047616	KTGVQEQG:0.23809523809523808	LIQIMNTY:0.2857142857142857	AAGLLDTP:0.38095238095238093	SYDFYRIL:0.2857142857142857	DDEMSAED:0.2857142857142857	IAAAGYAT:0.5238095238095238	AAKLIQIM:0.23809523809523808	ASLTIAQA:0.5238095238095238	KLIQIMNT:0.2857142857142857	GVSWNRNL:0.2857142857142857	LTVKANNL:0.23809523809523808	VPASLTIA:0.23809523809523808	SLTIAQAA:0.5238095238095238	KANNLFGI:0.5238095238095238	EMSAEDKQ:0.3333333333333333	DTLKTGVQ:0.23809523809523808	RDTLKTGV:0.3333333333333333	GSYDFYRI:0.38095238095238093	PSGGSYDF:0.23809523809523808	NRAGLLVT:0.2857142857142857	ATDPNYAA:0.23809523809523808	VSWNRNLY:0.2857142857142857	DEMSAEDK:0.23809523809523808	VMNVPAWA:0.23809523809523808	FRAYNNWG:0.5714285714285714	IQIMNTYN:0.2857142857142857	YDFYRILT:0.2857142857142857	LNRAGLLV:0.3333333333333333	YRILTVLN:0.23809523809523808	GIKGSGPA:0.47619047619047616	RILTVLNR:0.23809523809523808	AKLIQIMN:0.2857142857142857	PNYAAKLI:0.23809523809523808	VKANNLFG:0.2857142857142857	LFGIKGSG:0.47619047619047616	GGSYDFYR:0.47619047619047616	TGVQEQGQ:0.23809523809523808	DFYRILTV:0.2857142857142857	LKTGVQEQ:0.23809523809523808	TPSGGSYD:0.23809523809523808	SGGSYDFY:0.23809523809523808	QIMNTYNL:0.2857142857142857	TVLNRAGL:0.38095238095238093	DPNYAAKL:0.23809523809523808	IMNTYNLY:0.2857142857142857	NLFGIKGS:0.47619047619047616	LTVLNRAG:0.2857142857142857	VNGVSWNR:0.23809523809523808	EIAAAGYA:0.47619047619047616	IKGSGPAG:0.47619047619047616	FYRILTVL:0.23809523809523808	TVKANNLF:0.23809523809523808	MNVPAWAE:0.23809523809523808	YNNWGESV:0.38095238095238093	GESVADHS:0.38095238095238093	ESVADHSA:0.38095238095238093	VADHSALI:0.38095238095238093	NWGESVAD:0.38095238095238093	WGESVADH:0.38095238095238093	NNWGESVA:0.38095238095238093	SVADHSAL:0.38095238095238093	AASLTIAQ:0.2857142857142857	TGGSYDFY:0.23809523809523808	AVAAGLLD:0.2857142857142857	TVSRDTLK:0.23809523809523808	AAREIAAA:0.23809523809523808	REIAAAGY:0.2857142857142857	HIAASLTI:0.2857142857142857	YNLYQYDE:0.23809523809523808	VSRDTLKT:0.23809523809523808	LTVSRDTL:0.23809523809523808	PAWAEPAV:0.23809523809523808	AAVAAGLL:0.2857142857142857	AREIAAAG:0.23809523809523808	SHIAASLT:0.2857142857142857	IAASLTIA:0.2857142857142857	RSHIAASL:0.2857142857142857	VAAGLLDT:0.23809523809523808	PTGGSYDF:0.23809523809523808	
