cluster number:28
GH73:48	GH73:48
FMLGQAGH:0.5416666666666666	LGQAGHET:0.5833333333333334	QKAGYATD:0.7708333333333334	GQAGHETG:0.7291666666666666	AYDSYEES:0.20833333333333334	RAYDSYEE:0.22916666666666666	KFRAYDSY:0.5208333333333334	LQKAGYAT:0.7708333333333334	MLGQAGHE:0.6041666666666666	QAGHETGW:0.7291666666666666	KAGYATDP:0.7708333333333334	FRAYDSYE:0.5	AKFRAYDS:0.6041666666666666	AGHETGWG:0.7291666666666666	ELQKAGYA:0.4791666666666667	GKVAEITT:0.2916666666666667	VAEITTTE:0.3125	FNLFGIKA:0.6041666666666666	RAYDSYED:0.25	YDSYEDSF:0.22916666666666666	SNSFNLFG:0.3541666666666667	SFNLFGIK:0.5833333333333334	HETGWGKS:0.3333333333333333	ETGWGKSE:0.2916666666666667	FRDYARLI:0.5208333333333334	KQLESLFM:0.2708333333333333	GSNSFNLF:0.3541666666666667	SFRDYARL:0.5	AKQLESLF:0.2708333333333333	NSFNLFGI:0.375	AYDSYEDS:0.22916666666666666	KVAEITTT:0.2916666666666667	ATMKSGLL:0.2916666666666667	TMKSGLLD:0.22916666666666666	GHETGWGK:0.4375	TGWGKSEI:0.2916666666666667	RDYARLIT:0.20833333333333334	AEITTTEY:0.2916666666666667	KVAEVTTT:0.4166666666666667	ESLFMREL:0.4166666666666667	TTTEYVNG:0.22916666666666666	FMRELIKS:0.4166666666666667	KQFESLFM:0.375	MRELIKSM:0.4166666666666667	SLFMRELI:0.375	VAEVTTTE:0.4166666666666667	ELIKSMRE:0.3958333333333333	SMREATMK:0.5625	AKQFESLF:0.375	RELIKSMR:0.4166666666666667	FESLFMRE:0.3958333333333333	AEVTTTEY:0.4166666666666667	GTDLLDQQ:0.22916666666666666	LFMRELIK:0.4166666666666667	KSMREATM:0.5833333333333334	MREATMKS:0.5625	SGQPGGLS:0.2708333333333333	LGTDLLDQ:0.22916666666666666	MSGQPGGL:0.2708333333333333	QFESLFMR:0.3958333333333333	IKSMREAT:0.6458333333333334	REATMKSG:0.5625	LIKSMREA:0.3958333333333333	GKVAEVTT:0.4166666666666667	HNLFGIKA:0.22916666666666666	ESFRDYAR:0.3541666666666667	EMIKSMRE:0.25	YATDPEYA:0.375	KAGKGWTG:0.3333333333333333	AYAPAPKG:0.20833333333333334	AGYATDPE:0.375	APAPKGRD:0.20833333333333334	REMIKSMR:0.25	TGKVAEVT:0.3333333333333333	SYEESFRD:0.25	YAPAPKGR:0.20833333333333334	EESFRDYA:0.3333333333333333	GWTGKVAE:0.5208333333333334	GKGWTGKV:0.3333333333333333	ESLFMREM:0.25	GIKAGKGW:0.3333333333333333	KGWTGKVA:0.375	EVTTTEYI:0.3333333333333333	SLFMREMI:0.25	LFGIKAGK:0.3333333333333333	MIKSMREA:0.25	FMREMIKS:0.25	ARSLNALK:0.20833333333333334	FGIKAGKG:0.3333333333333333	NAYAPAPK:0.20833333333333334	MREMIKSM:0.25	DARSLNAL:0.20833333333333334	LFMREMIK:0.25	IKAGKGWT:0.3333333333333333	KVTAKFRA:0.4375	EATMKSGL:0.4583333333333333	LESLFMRE:0.2708333333333333	QLESLFMR:0.2708333333333333	RKVTAKFR:0.2708333333333333	GYATDPEY:0.3958333333333333	AGKGWTGK:0.3333333333333333	VTAKFRAY:0.4583333333333333	NLFGIKAG:0.625	WTGKVAEV:0.4166666666666667	LAADARSL:0.22916666666666666	YEESFRDY:0.25	KLSRAIQS:0.25	TAKFRAYD:0.3541666666666667	ASFMLGQA:0.3541666666666667	KDGSNSFN:0.2708333333333333	SGIPASFM:0.375	YAAKLSRA:0.20833333333333334	VTTTEYIN:0.20833333333333334	AGYATDPQ:0.20833333333333334	DGSNSFNL:0.3125	IPASFMLG:0.3541666666666667	AAKLSRAI:0.20833333333333334	GYATDPQY:0.20833333333333334	TTTEYING:0.3333333333333333	SFMLGQAG:0.375	YATDPQYA:0.20833333333333334	GIPASFML:0.375	PASFMLGQ:0.3541666666666667	AAELQKAG:0.25	AELQKAGY:0.25	KEAAKQFE:0.25	AAKQFESL:0.2708333333333333	WTGKVAEI:0.22916666666666666	EAAKQFES:0.2708333333333333	TGKVAEIT:0.20833333333333334	GLQKAGYA:0.25	ATMKSGLM:0.20833333333333334	HETGWGRS:0.25	TGWGRSEI:0.20833333333333334	GWGRSEIR:0.20833333333333334	ETGWGRSE:0.20833333333333334	GHETGWGR:0.2708333333333333	
