cluster number:140
GH73:6	GH73:6
RQLGLTAR:0.3333333333333333	RAAGHGIA:0.3333333333333333	WGLETGWG:0.8333333333333334	GLETGWGK:1.0	STDQYRAY:0.3333333333333333	NNLGNIKG:0.3333333333333333	LTARAAGH:0.3333333333333333	LGQWGLET:0.8333333333333334	VLLGQWGL:0.3333333333333333	DVLLGQWG:0.3333333333333333	GLTARAAG:0.3333333333333333	LLGQWGLE:0.5	PGTNNLGN:1.0	GQWGLETG:0.8333333333333334	PDVLLGQW:0.3333333333333333	GTNNLGNI:1.0	AGHGIADA:0.3333333333333333	VPGTNNLG:0.5	GSTDQYRA:0.3333333333333333	LETGWGKS:1.0	AAGHGIAD:0.3333333333333333	TGSTDQYR:0.3333333333333333	TNNLGNIK:1.0	QWGLETGW:0.8333333333333334	ARAAGHGI:0.3333333333333333	LGLTARAA:0.3333333333333333	GRQLGLTA:0.3333333333333333	TARAAGHG:0.3333333333333333	QLGLTARA:0.3333333333333333	RKYPGVVG:0.3333333333333333	NLGNIKDF:0.6666666666666666	LGNIKDFS:0.6666666666666666	QAFADDYA:0.3333333333333333	NNLGNIKD:0.6666666666666666	PQAFADDY:0.3333333333333333	ISGTANAA:0.3333333333333333	GTANAATP:0.3333333333333333	VAARDNMT:0.3333333333333333	SGTANAAT:0.3333333333333333	GNIKDFSG:0.6666666666666666	GQKLGVDP:0.3333333333333333	AISGTANA:0.3333333333333333	ARDNMTGS:0.3333333333333333	GVAARDNM:0.3333333333333333	AARDNMTG:0.3333333333333333	SVIPGTNN:0.5	KSVIPGTN:0.5	VIPGTNNL:0.5	TGWGKSVI:0.5	IPGTNNLG:0.5	ETGWGKSV:0.6666666666666666	IKDFSGGG:0.3333333333333333	GKSVIPGT:0.5	WGKSVIPG:0.5	GWGKSVIP:0.5	NIKDFSGG:0.3333333333333333	GGYAEDPD:0.3333333333333333	YAEDPDYV:0.3333333333333333	GYAEDPDY:0.3333333333333333	
