cluster number:133
GH73:12	GH73:12
VSLALAQA:0.25	GWGTSRFA:0.75	SGWGTSRF:0.25	SLALAQAA:0.4166666666666667	ESGWGTSR:0.25	PVSLALAQ:0.25	VPVSLALA:0.25	WGTSRFAQ:0.5	TGWGTSRF:0.5	ETGWGTSR:0.5	SLAIAQAA:0.25	TIKQLFED:0.25	GNALFGQW:0.5	LAQAAKET:0.25	QAAKETGW:0.4166666666666667	ASVRAYQR:0.25	WTWSGEGL:0.25	ASTIKQLF:0.25	STIKQLFE:0.25	FDDAKLLP:0.25	DAKLLPSS:0.25	AQAAKETG:0.4166666666666667	EGHKVMKF:0.25	LFGQWTWS:0.4166666666666667	AAKETGWG:0.4166666666666667	IKQLFEDT:0.25	ALAQAAKE:0.25	ALFGQWTW:0.4166666666666667	QASVRAYQ:0.25	QWTWSGEG:0.4166666666666667	DDAKLLPS:0.25	TWSGEGLK:0.25	DFDDAKLL:0.25	LALAQAAK:0.25	LQASVRAY:0.25	QNNLKDFD:0.25	KETGWGTS:0.4166666666666667	GHKVMKFN:0.25	SVRAYQRN:0.25	LDKYAETG:0.4166666666666667	NALFGQWT:0.5	YLDKYAET:0.3333333333333333	GQWTWSGE:0.4166666666666667	QGNALFGQ:0.25	SGEGLKPK:0.25	FGQWTWSG:0.4166666666666667	AKETGWGT:0.4166666666666667	WSGEGLKP:0.25	GTSRFALE:0.25	RFALEGNA:0.25	TSRFALEG:0.25	SRFALEGN:0.25	WGTSRFAL:0.25	AYQRNLNT:0.3333333333333333	EGNALFGQ:0.3333333333333333	YQRNLNTH:0.3333333333333333	TLKIRMDE:0.25	STLKIRMD:0.25	QEGNALFG:0.25	FAQEGNAL:0.25	SRFAQEGN:0.25	TSRFAQEG:0.25	GTSRFAQE:0.25	IENTKKRK:0.25	AQEGNALF:0.25	RFAQEGNA:0.25	
