cluster number:168
GH73:190	GH73:190|CBM50:53|3.2.1.-:2
YGHVAFVE:0.3684210526315789	GNCTQYVY:0.2789473684210526	AILESGSG:0.4631578947368421	TQYVYNRI:0.2736842105263158	AQAILESG:0.5210526315789473	CTQYVYNR:0.2789473684210526	QAILESGS:0.4631578947368421	GHVAFVEK:0.26842105263157895	NCTQYVYN:0.2789473684210526	HVAFVEKV:0.26842105263157895	AQAILESA:0.21578947368421053	LYASVMIA:0.631578947368421	VMIAQAIL:0.6157894736842106	SVMIAQAI:0.6157894736842106	NLFGIKGA:0.20526315789473684	MIAQAILE:0.6263157894736842	YNLFGIKG:0.5842105263157895	LFGIKGAY:0.20526315789473684	NDLYASVM:0.3368421052631579	YASVMIAQ:0.6526315789473685	NYNLFGIK:0.5210526315789473	APNYNLFG:0.34210526315789475	PNYNLFGI:0.5263157894736842	IAQAILES:0.6473684210526316	ASVMIAQA:0.7	DLYASVMI:0.5	LTGRYATD:0.2631578947368421	TGRYATDT:0.22105263157894736	
