cluster number:45
GH73:54	GH73:54|GH25:2|CE4:1
FGGVLDES:0.3148148148148148	LQGDGSMV:0.37037037037037035	KWAPSATY:0.24074074074074073	AAKETGYG:0.5370370370370371	HLALYAGA:0.7962962962962963	GGVLDESY:0.3148148148148148	ATYGEEVN:0.2222222222222222	PDGNWYYL:0.3333333333333333	QAHLDHLA:0.5	AHLDHLAL:0.6666666666666666	GDGSMVTG:0.35185185185185186	DHLALYAG:0.8888888888888888	DGSMVTGL:0.2222222222222222	GVQAHLDH:0.5185185185185185	LDHLALYA:0.6296296296296297	DTYDPRHF:0.2777777777777778	WYYLQGDG:0.5	FFISIHHN:0.2037037037037037	QGDGSMVT:0.35185185185185186	GNFGGVLD:0.3333333333333333	EGVQAHLD:0.5185185185185185	YAGAEGYP:0.2222222222222222	ALYAGAEG:0.2222222222222222	SATYGEEV:0.2222222222222222	YGNFGGVL:0.3333333333333333	VQAHLDHL:0.5185185185185185	WAPSATYG:0.2777777777777778	LYAGAEGY:0.2222222222222222	YYLQGDGS:0.48148148148148145	LALYAGAE:0.2222222222222222	GKWAPSAT:0.2037037037037037	QAAKETGY:0.5370370370370371	YLQGDGSM:0.48148148148148145	PSATYGEE:0.2777777777777778	HLDHLALY:0.6296296296296297	APSATYGE:0.2777777777777778	VQAAKETG:0.5555555555555556	FGGDDGAY:0.2777777777777778	YSERDLNM:0.35185185185185186	AKETGYGK:0.35185185185185186	ETGYGKFG:0.2777777777777778	NLFVCRNT:0.2962962962962963	KETGYGKF:0.35185185185185186	AKSKGATD:0.3333333333333333	TGYGKFGG:0.25925925925925924	IVIDPGHN:0.25925925925925924	ERDLNMQV:0.2037037037037037	YVQAAKET:0.7037037037037037	WAKSKGAT:0.3888888888888889	SERDLNMQ:0.2777777777777778	WDEGVQAH:0.7037037037037037	LGGKWAPS:0.4444444444444444	DPGHNFGG:0.2037037037037037	RDLNMQVA:0.2037037037037037	GHNFGGDD:0.2777777777777778	ESYHNPCG:0.3333333333333333	NWYYLYSD:0.24074074074074073	GYGKFGGV:0.25925925925925924	MQVADKLK:0.2777777777777778	LNMQVADK:0.2777777777777778	GGKWAPSL:0.2037037037037037	NFGGDDGA:0.2777777777777778	WYYLYSDG:0.24074074074074073	KWYYLQGD:0.2962962962962963	YHNPCGLK:0.46296296296296297	TYSERDLN:0.3333333333333333	SYHNPCGL:0.42592592592592593	DEGVQAHL:0.48148148148148145	NMQVADKL:0.2777777777777778	AYVQAAKE:0.7037037037037037	HNFGGDDG:0.2777777777777778	EHGDVNPA:0.25925925925925924	ADLYWEYS:0.2037037037037037	LADLYWEY:0.2222222222222222	HNPCGLKT:0.2037037037037037	IAYVQAAK:0.4074074074074074	NPAIAYVQ:0.2962962962962963	DVNPAIAY:0.2777777777777778	AHMDHLAL:0.2222222222222222	TVNSLGGK:0.25925925925925924	HMDHLALY:0.2222222222222222	AIAYVQAA:0.24074074074074073	VNSLGGKW:0.25925925925925924	SLGGKWAP:0.3333333333333333	MDHLALYA:0.2222222222222222	VQAHMDHL:0.2222222222222222	GVQAHMDH:0.2222222222222222	QAHMDHLA:0.2222222222222222	NPCGMKTS:0.2777777777777778	VNPAIAYV:0.2962962962962963	NSLGGKWA:0.3148148148148148	GDVNPAIA:0.2777777777777778	DEGVQAHM:0.2222222222222222	PAIAYVQA:0.24074074074074073	EGVQAHMD:0.2222222222222222	FNSWDEGV:0.24074074074074073	GIAYVQAA:0.2037037037037037	NSWDEGVQ:0.24074074074074073	KSKGATDT:0.2037037037037037	PGIAYVQA:0.2037037037037037	SKGATDTF:0.25925925925925924	VNPGIAYV:0.24074074074074073	SWDEGVQA:0.4444444444444444	NPGIAYVQ:0.25925925925925924	VLVEVGFI:0.2777777777777778	LALYAGAD:0.2962962962962963	AMAKGWIN:0.2037037037037037	ALYAGADG:0.2962962962962963	GHDYGKDY:0.2222222222222222	HDYGKDYG:0.2222222222222222	GAMAKGWI:0.37037037037037035	DGSMATGW:0.2037037037037037	YAGADGYP:0.2962962962962963	ATTDFKII:0.2037037037037037	TTDFKIIS:0.2037037037037037	LYAGADGY:0.2962962962962963	PAVLVEVG:0.2777777777777778	LVEVGFIT:0.2777777777777778	AATTDFKI:0.2037037037037037	DESYHNPC:0.2222222222222222	VEVGFITN:0.2777777777777778	AVLVEVGF:0.2777777777777778	LDESYHNP:0.2037037037037037	GVLDESYH:0.2037037037037037	VLDESYHN:0.2037037037037037	TGAMAKGW:0.2037037037037037	PRHFVTIK:0.25925925925925924	RHFVTIKG:0.25925925925925924	DPRHFVTI:0.25925925925925924	YFNTDGSM:0.25925925925925924	FVTIKGKA:0.2037037037037037	HFVTIKGK:0.2037037037037037	YDPRHFVT:0.2037037037037037	TYDPRHFV:0.25925925925925924	
