cluster number:135
GH73:124	GH73:124|CBM50:102|3.2.1.-:2|3.2.1.17:1|3.2.1.96:1
QPIAQAND:0.23387096774193547	TAWLTGRY:0.27419354838709675	GSYNGQSV:0.24193548387096775	WLTGRYAT:0.28225806451612906	FGIKGSYN:0.29838709677419356	GIKGSYNG:0.29838709677419356	KGSYNGQS:0.24193548387096775	NLTQYDTP:0.27419354838709675	IKGSYNGQ:0.29838709677419356	AQPIAQAN:0.23387096774193547	LTGRYATD:0.532258064516129	YNLFGIKG:0.3790322580645161	YASVMMAQ:0.21774193548387097	PIAQANDL:0.23387096774193547	NYNLFGIK:0.2661290322580645	KAPNYNLF:0.21774193548387097	AWLTGRYA:0.27419354838709675	NLFGIKGS:0.3951612903225806	VKSGDSLW:0.29838709677419356	QANDLYAS:0.25806451612903225	AQANDLYA:0.25806451612903225	ATAWLTGR:0.27419354838709675	IAQANDLY:0.23387096774193547	DLYASVMM:0.20161290322580644	ANDLYASV:0.4596774193548387	TGRYATDP:0.47580645161290325	DATAWLTG:0.2661290322580645	SVMMAQAI:0.20161290322580644	LFGIKGSY:0.3951612903225806	YNLTQYDT:0.3790322580645161	NDLYASVM:0.8145161290322581	APNYNLFG:0.5161290322580645	LYASVMMA:0.21774193548387097	PNYNLFGI:0.2661290322580645	TVKSGDSL:0.2903225806451613	ASVMMAQA:0.21774193548387097	LYASVMIA:0.6532258064516129	NFIYPGQK:0.2661290322580645	GVKGSYNG:0.22580645161290322	TVKSGDSV:0.20967741935483872	TVKAGDSV:0.22580645161290322	YTVKAGDS:0.25806451612903225	FIYPGQKL:0.2661290322580645	YASVMIAQ:0.6693548387096774	YNLFGVKG:0.31451612903225806	LFGVKGSY:0.25806451612903225	ASVMIAQA:0.6693548387096774	NYNLFGVK:0.2661290322580645	AAFRKYPS:0.21774193548387097	VKSGDSVW:0.20967741935483872	PNYNLFGV:0.25806451612903225	IKNNFIYP:0.2661290322580645	NIKNNFIY:0.2661290322580645	YTVKSGDS:0.24193548387096775	NNIKNNFI:0.2661290322580645	NNFIYPGQ:0.3064516129032258	AFRKYPSY:0.21774193548387097	DLYASVMI:0.6129032258064516	VKAGDSVW:0.22580645161290322	KNNFIYPG:0.2661290322580645	TYTVKSGD:0.20967741935483872	NLFGVKGS:0.2661290322580645	FGVKGSYN:0.22580645161290322	KYTVKAGD:0.21774193548387097	YLTGRYAT:0.20161290322580644	SAPNYNLF:0.21774193548387097	
