cluster number:167
GH73:13	GH73:13
TGLDWNTV:0.3076923076923077	DPRNFLNE:0.23076923076923078	VSPYHLAS:0.38461538461538464	PYHLASRC:0.23076923076923078	SPYHLASR:0.38461538461538464	GDINGDGK:0.23076923076923078	GVSPYHLA:0.38461538461538464	HQYMTNVQ:0.3076923076923077	QGFPDSYK:0.23076923076923078	NLYKHQYM:0.3076923076923077	FFNIEAYQ:0.23076923076923078	YYMDPRNF:0.6923076923076923	YLKKFNVQ:0.38461538461538464	TFYLKKFN:0.3076923076923077	GSNLYKHQ:0.3076923076923077	FNIEAYQS:0.23076923076923078	NIEAYQSG:0.23076923076923078	GLWWASQS:0.23076923076923078	FNVQGSNL:0.3076923076923077	EKSILGGA:0.23076923076923078	NFFNIEAY:0.23076923076923078	EGFPESYK:0.23076923076923078	RYYMDPRN:0.23076923076923078	FYLKKFNV:0.3076923076923077	YYNFFNIE:0.23076923076923078	PYVLAAMI:0.3076923076923077	KKFNVQGS:0.38461538461538464	VQGSNLYK:0.3076923076923077	PRNFLDET:0.3076923076923077	TAQNGSVR:0.23076923076923078	KFNVQGSN:0.3076923076923077	NVQGSNLY:0.3076923076923077	YNFFNIEA:0.23076923076923078	LWWASQSG:0.23076923076923078	TPTFSRDT:0.23076923076923078	PNNKLSGL:0.38461538461538464	GYYNFFNI:0.23076923076923078	LKKFNVQG:0.38461538461538464	SNLYKHQY:0.3076923076923077	DPRNFLDE:0.38461538461538464	MDPRNFLD:0.46153846153846156	QGSNLYKH:0.3076923076923077	YMDPRNFL:0.6923076923076923	RGLWWASQ:0.23076923076923078	PGGSNVTI:0.23076923076923078	VSSWKSVA:0.23076923076923078	LSGLGVDG:0.23076923076923078	LNVRSGAG:0.38461538461538464	KLSGLGVD:0.23076923076923078	GSPNNKLS:0.23076923076923078	NKLSGLGV:0.23076923076923078	GSYGRPWN:0.23076923076923078	SPNNKLSG:0.23076923076923078	SQSGSYGR:0.23076923076923078	EGYYNFFN:0.23076923076923078	TSLNVRSG:0.23076923076923078	ATSLNVRS:0.23076923076923078	QLHAQYPN:0.23076923076923078	DGSPNNKL:0.23076923076923078	SGAGTGYS:0.23076923076923078	SGLGVDGF:0.23076923076923078	HAQYPNWV:0.23076923076923078	LRQLHAQY:0.23076923076923078	RSGAGTGY:0.3076923076923077	SYGRPWNT:0.23076923076923078	SGSYGRPW:0.23076923076923078	LHAQYPNW:0.23076923076923078	YEGYYNFF:0.23076923076923078	QSGSYGRP:0.23076923076923078	IPVFNNMP:0.23076923076923078	ASQSGSYG:0.23076923076923078	VRSGAGTG:0.3076923076923077	QGFPESYK:0.3076923076923077	SLNVRSGA:0.3076923076923077	SQGFPESY:0.23076923076923078	NNKLSGLG:0.23076923076923078	RQLHAQYP:0.23076923076923078	GYEGYYNF:0.3076923076923077	NVRSGAGT:0.38461538461538464	AQYPNWVF:0.23076923076923078	GLDWNTVI:0.23076923076923078	MDPRNFLN:0.23076923076923078	SGVSPYHL:0.38461538461538464	
