cluster number:117
GH73:18	GH73:18
AQAALETG:0.7222222222222222	DQQLALNM:0.2222222222222222	RSYGSYAE:0.2222222222222222	SYNLFNIK:0.3888888888888889	YADKLTRI:0.3888888888888889	FMVAQAAL:0.5555555555555556	QQLALNMA:0.2222222222222222	YQSLLDQQ:0.2222222222222222	GYATDPMY:0.6111111111111112	LDQQLALN:0.2777777777777778	IIAGNTLR:0.2222222222222222	TRIIAGNT:0.2222222222222222	TDPMYADK:0.5	GIPAQFMV:0.2222222222222222	QAALETGW:0.7777777777777778	FRSYGSYA:0.2222222222222222	YNLFNIKA:0.3888888888888889	AGYATDPM:0.5	VAQAALET:0.6666666666666666	SLGDLKRL:0.2777777777777778	QFMVAQAA:0.2777777777777778	PAQFMVAQ:0.2222222222222222	GDLKRLAR:0.3333333333333333	AEAFQDYA:0.2222222222222222	MYADKLTR:0.3333333333333333	LFNIKAGS:0.5	LLDQQLAL:0.2777777777777778	RIIAGNTL:0.2222222222222222	ADKLTRII:0.3888888888888889	IPAQFMVA:0.2222222222222222	LGDLKRLA:0.3333333333333333	TGIPAQFM:0.2222222222222222	QSLLDQQL:0.2222222222222222	AALETGWG:0.8333333333333334	YGSYAEAF:0.5	DPMYADKL:0.5	KLTRIIAG:0.2222222222222222	AQFMVAQA:0.2222222222222222	ATDPMYAD:0.5	MVAQAALE:0.5555555555555556	PMYADKLT:0.3333333333333333	LTRIIAGN:0.2222222222222222	NLFNIKAG:0.6111111111111112	YATDPMYA:0.5555555555555556	SLLDQQLA:0.2222222222222222	QAGYATDP:0.5	GSPSYNLF:0.2222222222222222	RHADGSPS:0.2222222222222222	PRYAGVLG:0.2222222222222222	AYGSYAEA:0.2777777777777778	RYAGVLGQ:0.2222222222222222	RAYGSYAE:0.3333333333333333	YRQLGGKA:0.2222222222222222	DGSPSYNL:0.2222222222222222	LRHADGSP:0.2222222222222222	SPRYAGVL:0.2222222222222222	LRAAAKQF:0.2777777777777778	AGYATDPQ:0.2222222222222222	RAAAKQFE:0.2777777777777778	ADGSPSYN:0.2222222222222222	GYATDPQY:0.2222222222222222	FRAYGSYA:0.3333333333333333	YATDPQYA:0.2222222222222222	ARSLQQAG:0.2222222222222222	RFRAYGSY:0.2777777777777778	DKLTRIIG:0.2777777777777778	AEAFRDYA:0.2222222222222222	SHNLFNIK:0.2222222222222222	GSYAEAFR:0.2222222222222222	GIPAHFMV:0.2222222222222222	QQAGYATD:0.3333333333333333	RSLQQAGY:0.2222222222222222	LQQAGYAT:0.3333333333333333	SYAEAFRD:0.2222222222222222	ALETGWGR:0.2222222222222222	KLTRIIGG:0.2777777777777778	HNLFNIKA:0.2777777777777778	SLQQAGYA:0.2222222222222222	YAEAFRDY:0.2222222222222222	TGIPAHFM:0.2222222222222222	AAAKQFEA:0.2222222222222222	FARSLQQA:0.2222222222222222	KSMRDATP:0.2222222222222222	VWPHAVEA:0.2222222222222222	WPHAVEAS:0.2222222222222222	GSPSHNLF:0.2222222222222222	DGSPSHNL:0.2222222222222222	QFEALFLQ:0.2222222222222222	
