cluster number:164
GH73:12	GH73:12
VEFCKFTD:0.25	FGTHWLAD:0.3333333333333333	EVEFCKFT:0.25	FAINDVSL:0.3333333333333333	DFVFKQEG:0.25	ITHRWLQA:0.25	QEGDRRMI:0.25	FLGFLKAK:0.25	GYSSDPKY:0.25	SKVVDLLP:0.25	DNHDFGTH:0.25	AIKLFQSI:0.4166666666666667	LAQWLLES:0.75	ENFLGFLK:0.25	FFNDQQLI:0.25	AAPFAIND:0.4166666666666667	KWQFDFVF:0.25	THRWLQAA:0.3333333333333333	FCKFTDID:0.25	TDIDAFII:0.25	GLFDAIKL:0.25	TPDHHGHE:0.3333333333333333	HIHFEINP:0.3333333333333333	DRGLFDAI:0.25	TPENFLGF:0.4166666666666667	HRWLQAAN:0.3333333333333333	NTPENFLG:0.4166666666666667	NGNFGGIV:0.25	FTDIDAFI:0.25	LKEVTLAQ:0.5	IPASVEQL:0.25	KFTDIDAF:0.25	QDGKWQFD:0.25	VFKQEGDR:0.25	QILKEVTL:0.4166666666666667	PDMKGFAE:0.3333333333333333	DMKGFAEP:0.25	EVTLAQWL:0.5	CKFTDIDA:0.25	GKWQFDFV:0.25	VDLLPEAQ:0.25	AINDVSLP:0.3333333333333333	KQEGDRRM:0.25	ILKEVTLA:0.4166666666666667	HGGDTPDH:0.25	DLLPEAQK:0.25	ARAILKSI:0.25	INRQILKE:0.4166666666666667	DIDAFIIG:0.25	LKIKVPSE:0.25	NFGGIVWS:0.25	NHDFGTHW:0.25	ADRDRGLF:0.25	QSIIAGRS:0.25	QAANAPRW:0.25	PASVEQLQ:0.25	PHGGDTPD:0.25	GNFGGIVW:0.25	TNTPENFL:0.4166666666666667	HETGMMCD:0.25	AVFFNDQQ:0.25	LPEAQKLL:0.3333333333333333	IDAFIIGY:0.25	FDFVFKQE:0.25	PDHHGHET:0.3333333333333333	NFAGLKWR:0.5833333333333334	QKLLANAG:0.25	LGFLKAKG:0.25	TLAQWLLE:0.6666666666666666	LKAKGYSS:0.25	VGIGGVNK:0.25	EAQKLLAN:0.25	YTNTPENF:0.25	QFDFVFKQ:0.25	GDTPDHHG:0.3333333333333333	HDFGTHWL:0.5	PENFLGFL:0.4166666666666667	FIIGYWKF:0.3333333333333333	IKVVVPFD:0.25	PFAINDVS:0.25	DAFIIGYW:0.25	DRDRGLFD:0.25	NHIHFEIN:0.25	AFIIGYWK:0.3333333333333333	SIIAGRST:0.25	SADRDRGL:0.25	THWLADVI:0.25	GFLKAKGY:0.25	GFAEPLKI:0.25	GGDTPDHH:0.3333333333333333	DGKWQFDF:0.25	VEQLQLIR:0.25	KNGNFGGI:0.25	FGGIVWSS:0.25	NFLGFLKA:0.25	KLFQSIIA:0.3333333333333333	VTLAQWLL:0.6666666666666666	EFCKFTDI:0.3333333333333333	AKGYSSDP:0.25	IIGYWKFL:0.3333333333333333	VFFNDQQL:0.25	FKQEGDRR:0.25	RWLQAANA:0.3333333333333333	PEAQKLLA:0.25	DAIKLFQS:0.3333333333333333	KEVTLAQW:0.5	KGYSSDPK:0.25	LFQSIIAG:0.4166666666666667	APFAINDV:0.25	VVDLLPEA:0.25	GYWKFLTR:0.5833333333333334	KVVDLLPE:0.25	GDGRVDVG:0.25	RGLFDAIK:0.25	FQSIIAGR:0.3333333333333333	EINPPVRS:0.25	RQILKEVT:0.3333333333333333	ANNFAGLK:0.4166666666666667	SVEQLQLI:0.25	FVFKQEGD:0.25	GHETGMMC:0.25	DAARAILK:0.25	FEINPPVR:0.25	GGIVWSSS:0.25	ASVEQLQL:0.3333333333333333	FLKAKGYS:0.25	IHFEINPP:0.3333333333333333	FDAIKLFQ:0.25	LQAANAPR:0.25	NRQILKEV:0.3333333333333333	IGYWKFLT:0.3333333333333333	IKLFQSII:0.4166666666666667	LLPEAQKL:0.3333333333333333	SLPHGGDT:0.3333333333333333	SVGIGGVN:0.25	EGDRRMII:0.25	WQFDFVFK:0.25	DHHGHETG:0.3333333333333333	NNFAGLKW:0.5	LPHGGDTP:0.3333333333333333	YWKFLTRT:0.25	HFEINPPV:0.25	AQKLLANA:0.25	DFGTHWLA:0.5	DTPDHHGH:0.3333333333333333	GSVGIGGV:0.25	RDRGLFDA:0.25	AARAILKS:0.25	WLQAANAP:0.5	KAKGYSSD:0.25	LFDAIKLF:0.25	GTHWLADV:0.25	QWLLESGR:0.25	AQWLLESG:0.25	LESGRATS:0.25	HETGLMCD:0.3333333333333333	DKHDFGTH:0.25	GHETGLMC:0.3333333333333333	LMCDVFLP:0.25	TGLMCDVF:0.25	GLMCDVFL:0.25	KHDFGTHW:0.25	ETGLMCDV:0.3333333333333333	ELGYTWVG:0.25	WLLESARA:0.25	NANNFAGL:0.25	EQLQLIRA:0.25	EEHTNTPE:0.25	YKGLEEHT:0.25	LESARATS:0.25	KGLEEHTN:0.25	EHTNTPEN:0.25	TPENFIGF:0.25	QWLLESAR:0.4166666666666667	PYKGLEEH:0.25	LLESARAT:0.25	EEVEFCKF:0.25	LEEHTNTP:0.25	GLEEHTNT:0.25	QLQLIRAP:0.25	AQWLLESA:0.4166666666666667	HTNTPENF:0.25	
