cluster number:10
GH73:109	GH73:109
AQAILESN:0.3394495412844037	KDATAALT:0.21100917431192662	AILESNSG:0.3394495412844037	NFFGIKGD:0.2018348623853211	MIAQAILE:0.7247706422018348	ILESNSGQ:0.26605504587155965	LYASVMIA:0.7981651376146789	NDLYASVM:0.47706422018348627	YASVMIAQ:0.7981651376146789	LESNSGQS:0.28440366972477066	VMIAQAIL:0.7155963302752294	YKDATAAL:0.21100917431192662	ALTGTYAT:0.23853211009174313	LTGTYATD:0.3302752293577982	IAQAILES:0.8807339449541285	ASVMIAQA:0.7889908256880734	DATAALTG:0.7064220183486238	QAILESNS:0.3394495412844037	YNFFGIKG:0.7064220183486238	DLYASVMI:0.7247706422018348	SVMIAQAI:0.7247706422018348	SYQDATAA:0.43119266055045874	YQDATAAL:0.48623853211009177	TGVYATDT:0.29357798165137616	AALTGVYA:0.3302752293577982	QDATAALT:0.48623853211009177	ATAALTGV:0.3302752293577982	TAALTGVY:0.3302752293577982	ALTGVYAT:0.3486238532110092	LTGVYATD:0.3486238532110092	SQAPYYNF:0.3853211009174312	APYYNFFG:0.3853211009174312	GQSGLSQA:0.25688073394495414	SGLSQAPY:0.25688073394495414	QAPYYNFF:0.3853211009174312	FFGIKGSY:0.21100917431192662	LSQAPYYN:0.3853211009174312	PYYNFFGI:0.44036697247706424	FGIKGSYN:0.21100917431192662	GIKGSYNG:0.22018348623853212	GLSQAPYY:0.25688073394495414	QSGLSQAP:0.25688073394495414	YYNFFGIK:0.44036697247706424	YNGNSVTM:0.2018348623853211	NFFGIKGS:0.21100917431192662	YATDTSYN:0.3302752293577982	QERDLYAS:0.2018348623853211	ERDLYASV:0.24770642201834864	FFGIKGAY:0.23853211009174313	LYATDTSY:0.25688073394495414	FGIKGAYN:0.23853211009174313	YGLTAYDV:0.22018348623853212	NTLSYQDA:0.26605504587155965	TGLYATDT:0.29357798165137616	TAALTGLY:0.29357798165137616	NFFGIKGA:0.23853211009174313	TYGLTAYD:0.23853211009174313	SNTLSYQD:0.26605504587155965	TLSYQDAT:0.27522935779816515	GIKGAYNG:0.22935779816513763	RDLYASVM:0.24770642201834864	LTGLYATD:0.29357798165137616	AALTGLYA:0.29357798165137616	GLYATDTS:0.25688073394495414	ALTGLYAT:0.29357798165137616	LSYQDATA:0.27522935779816515	ATAALTGL:0.29357798165137616	
