cluster number:33
GH73:32	GH73:32
VSSYMRNL:0.375	SSYMRNLN:0.375	SVSSYMRN:0.375	IYGLVNYS:0.375	MRNLNSNT:0.3125	NLNSNTAY:0.3125	GSSRFARE:0.625	SVDASVSS:0.21875	SSRFAREG:0.625	ASVSSYMR:0.21875	TQVPDFSA:0.3125	REGFNFFG:0.375	ELLDMLRH:0.4375	LRPIVQQQ:0.21875	QEAYIDEL:0.59375	QLIYGLVN:0.375	LVNYSERQ:0.5625	LNSLLKRV:0.21875	DASVSSYM:0.21875	PIVQQQNA:0.21875	VPSSRGSG:0.34375	EAYIDELL:0.59375	RPIVQQQN:0.21875	GFNFFGEW:0.375	FAREGFNF:0.375	MVLIQAAN:0.5625	SIRADLRA:0.3125	NSLLKRVD:0.21875	LIQAANES:0.40625	AYIDELLD:0.375	NFFGEWCF:0.375	RNLNSNTA:0.3125	ADQLIYGL:0.3125	SERQEAYI:0.65625	GWGSSRFA:0.9375	SLLKRVDI:0.375	AARNVDAK:0.28125	VNYSERQE:0.5625	IPESMVLI:0.21875	ARNVDAKS:0.28125	RNVDAKSL:0.28125	SYMRNLNS:0.65625	IVQQQNAI:0.21875	VTQVPDFS:0.3125	RQEAYIDE:0.59375	FFDFLRPI:0.375	YSERQEAY:0.6875	FNFFGEWC:0.375	IVPSSRGS:0.34375	AFFDFLRP:0.5	VDASVSSY:0.21875	FFGEWCFS:0.21875	SRFAREGF:0.375	ESMVLIQA:0.4375	LFRSIRAD:0.40625	YGLVNYSE:0.5625	EGFNFFGE:0.375	ESGWGSSR:0.5625	YAARNVDA:0.28125	RSIRADLR:0.65625	PVTQVPDF:0.3125	GCGIVPSS:0.375	GLVNYSER:0.59375	IDELLDML:0.375	YMRNLNSN:0.65625	KSLNSLLK:0.21875	QVPDFSAI:0.3125	ERQEAYID:0.625	IRADLRAQ:0.3125	WGSSRFAR:0.625	FLRPIVQQ:0.21875	CGIVPSSR:0.375	FRSIRADL:0.40625	PESMVLIQ:0.4375	NYSERQEA:0.6875	SGWGSSRF:0.5625	DPVTQVPD:0.28125	YIDELLDM:0.375	PSSRGSGK:0.34375	SLNSLLKR:0.21875	QAANESGW:0.5	AREGFNFF:0.375	VLIQAANE:0.6875	DQLIYGLV:0.3125	SMVLIQAA:0.4375	GIVPSSRG:0.375	RFAREGFN:0.375	IQAANESG:0.40625	AANESGWG:0.5	NESGWGSS:0.46875	ANESGWGS:0.5	LLDMLRHN:0.4375	VQQQNAII:0.21875	DELLDMLR:0.375	LIYGLVNY:0.375	NFFGQWCF:0.4375	FFGQWCFK:0.21875	NSNAAYSL:0.28125	AANETGWG:0.34375	SLLRSIRA:0.25	AAYSLLRS:0.25	TGWGSSRF:0.40625	LIQAANET:0.3125	NETGWGSS:0.40625	GLNFFGQW:0.25	AYSLLRSI:0.25	LRSIRADL:0.25	IDELLEML:0.28125	GLVPQSRT:0.21875	LNFFGQWC:0.25	DELLEMLR:0.25	IQAANETG:0.3125	YIDELLEM:0.28125	AYIDELLE:0.25	LNSNAAYS:0.3125	NLNSNAAY:0.3125	LLEMLRQN:0.21875	KGCGLVPQ:0.28125	ETGWGSSR:0.40625	CGLVPQSR:0.28125	YSLLRSIR:0.25	GCGLVPQS:0.28125	EGLNFFGQ:0.21875	NAAYSLLR:0.28125	LLRSIRAD:0.28125	WGSSRFAK:0.25	SNAAYSLL:0.28125	QAANETGW:0.34375	ANETGWGS:0.40625	RIGSFTLA:0.25	MKTGRIGS:0.25	LFDKYQYA:0.28125	FDKYQYAA:0.28125	LDMLRHNE:0.34375	YQYAARNV:0.25	IRADLRSQ:0.34375	VPDFSAIN:0.21875	DMLRHNEK:0.34375	MLRHNEKY:0.34375	LRHNEKYL:0.34375	SIRADLRS:0.34375	GSFTLALA:0.3125	GRIGSFTL:0.25	PDFSAIND:0.21875	KTGRIGSF:0.25	RHNEKYLV:0.34375	TGRIGSFT:0.25	RADLRSQE:0.3125	KYQYAARN:0.3125	IGSFTLAL:0.25	VDPVTQVP:0.25	QYAARNVD:0.25	DKYQYAAR:0.34375	AYALFRSI:0.25	ALFRSIRA:0.25	YALFRSIR:0.25	ITEKKKAF:0.21875	DIVPESMV:0.21875	HEVKVFSS:0.21875	EVKVFSSV:0.21875	KAFFDFLR:0.25	DITEKKKA:0.21875	TEKKKAFF:0.21875	HNEKYLVN:0.21875	LLKRVDIV:0.21875	KKKAFFDF:0.25	KKAFFDFL:0.25	LKRVDIVP:0.21875	RVDIVPES:0.21875	VKVFSSVD:0.21875	VDIVPESM:0.21875	VPESMVLI:0.21875	KRVDIVPE:0.21875	IVPESMVL:0.21875	EKKKAFFD:0.21875	RNLNSNAA:0.28125	MRNLNSNA:0.28125	VASYMRNL:0.21875	SVASYMRN:0.21875	ASYMRNLN:0.21875	
