cluster number:101
GH73:12	GH73:12
AQAALETG:0.75	QAALETGW:0.8333333333333334	ATDPAYAD:0.3333333333333333	YATDPAYA:0.5	LETGWGKQ:0.25	TDPAYADK:0.3333333333333333	ETGWGKQI:0.25	AALETGWG:0.8333333333333334	AGYATDPA:0.5	ALETGWGK:0.5	GYATDPAY:0.5	LAQAALET:0.5	QPRYHHAL:0.25	ELRQTARQ:0.25	MLKSMREA:0.25	LFNIKADS:0.5833333333333334	LLAQAALE:0.4166666666666667	DPAYADKV:0.25	QGLFDQQI:0.25	NLFNIKAD:0.75	FNIKADSR:0.5	YQGLFDQQ:0.25	PAYADKVL:0.25	LAEAGYAT:0.25	QQPRYHHA:0.25	AEAGYATD:0.25	GVAVREQA:0.25	HNLFNIKA:0.25	EAGYATDP:0.5	FYQGLFDQ:0.25	STLEYRQG:0.25	NIKADSRW:0.5	LRQVAAQF:0.25	RQVAAQFE:0.25	TYREMADQ:0.25	DQQLAMDL:0.25	TLRQVAAQ:0.25	ADQQLAMD:0.25	EMADQQLA:0.25	QQLAMDLS:0.25	REMADQQL:0.25	LETGWGKH:0.25	AGYATDPQ:0.3333333333333333	YREMADQQ:0.25	FNLFNIKA:0.4166666666666667	MADQQLAM:0.25	SFNLFNIK:0.4166666666666667	MLKSMRQA:0.25	GYATDPQY:0.3333333333333333	SSFNLFNI:0.25	YATDPQYA:0.3333333333333333	VLLAQAAL:0.25	ALETGWGR:0.3333333333333333	FEDYVSFL:0.25	EDYVSFLQ:0.25	SFEDYVSF:0.25	QSFEDYVS:0.25	
