cluster number:154
GH73:11	GH73:11
AAKESGWG:0.6363636363636364	LLERVDIL:0.2727272727272727	ALFGQWDF:0.2727272727272727	VEGYLLNL:0.2727272727272727	LVLAQAAK:0.36363636363636365	LERVDILP:0.2727272727272727	VLAQAAKE:0.36363636363636365	VKQKKMVF:0.2727272727272727	GNALFGQW:0.36363636363636365	PSLVLAQA:0.45454545454545453	LPVKQKKM:0.2727272727272727	ASVEGYLL:0.2727272727272727	ERVDILPP:0.2727272727272727	NALFGQWD:0.2727272727272727	AKESGWGT:0.5454545454545454	EGYLLNLN:0.2727272727272727	LAQAAKES:0.5454545454545454	LVLLANEK:0.2727272727272727	MIRTNKLY:0.2727272727272727	QLPVKQKK:0.2727272727272727	VDILPPSL:0.2727272727272727	EGNALFGQ:0.2727272727272727	PVKQKKMV:0.2727272727272727	SLVLAQAA:0.5454545454545454	YLLNLNTH:0.2727272727272727	IRTNKLYL:0.2727272727272727	GYLLNLNT:0.2727272727272727	ALAGTLDR:0.2727272727272727	LPPSLVLA:0.45454545454545453	SGWGTSRF:0.6363636363636364	TLDRYSER:0.2727272727272727	GTLDRYSE:0.2727272727272727	QAAKESGW:0.6363636363636364	KESGWGTS:0.5454545454545454	LDRYSERG:0.2727272727272727	SVEGYLLN:0.2727272727272727	PLVLLANE:0.2727272727272727	RVDILPPS:0.2727272727272727	DILPPSLV:0.45454545454545453	LAGTLDRY:0.2727272727272727	ILPPSLVL:0.45454545454545453	ESGWGTSR:0.6363636363636364	AQAAKESG:0.5454545454545454	PPSLVLAQ:0.45454545454545453	AGTLDRYS:0.2727272727272727	NLNTHSAY:0.2727272727272727	PLHLLTRT:0.2727272727272727	GWGTSRFA:0.45454545454545453	SNWGRSRF:0.2727272727272727	ESNWGRSR:0.2727272727272727	NNYFGIWC:0.2727272727272727	NYFGIWCF:0.2727272727272727	
