cluster number:112
GH73:12	GH73:12|CBM50:1
LRQSGYAT:0.75	NLFGIKAD:0.75	KLRSIIEN:0.5833333333333334	KYGEKLRS:0.5833333333333334	IIENYKLY:0.6666666666666666	PKYGEKLR:0.5833333333333334	GTSYLATH:0.5	VADYAKFF:0.6666666666666666	RIKNYQSF:0.5833333333333334	LALRQSGY:0.6666666666666666	ADAAWTGD:0.25	AILESAWG:0.5833333333333334	YAKFFTST:0.6666666666666666	FTSTPWRI:0.75	SQAILESA:0.5	LFRKYNSW:0.6666666666666666	KHLFRKYN:0.5833333333333334	IKNYQSFR:0.5833333333333334	DAAWTGDT:0.25	ILALRQSG:0.6666666666666666	NNLFGIKA:0.75	FREATDYQ:0.5833333333333334	QSFREATD:0.5833333333333334	EKKQEKHL:0.6666666666666666	DYAKFFTS:0.6666666666666666	FGIKADAA:0.6666666666666666	ESAWGTSY:0.5	AILALRQS:0.6666666666666666	WTGDTIEI:0.3333333333333333	GDTIEIIT:0.25	ALRQSGYA:0.75	YRDGEKKQ:0.6666666666666666	EKLRSIIE:0.5833333333333334	RKYNSWNE:0.5833333333333334	EKHLFRKY:0.6666666666666666	DPKYGEKL:0.6666666666666666	NESVADYA:0.6666666666666666	ATHGNNLF:0.6666666666666666	NEYRDGEK:0.6666666666666666	MLSQAILE:0.5	QAILALRQ:0.6666666666666666	GEKKQEKH:0.6666666666666666	TSYLATHG:0.5	YNSWNESV:0.5833333333333334	SAWGTSYL:0.5	QQAILALR:0.6666666666666666	LSQAILES:0.5	NYQSFREA:0.5833333333333334	RDGEKKQE:0.6666666666666666	LFGIKADA:0.6666666666666666	TGDTIEII:0.25	GIKADAAW:0.6666666666666666	LRSIIENY:0.5833333333333334	HLFRKYNS:0.5833333333333334	ESVADYAK:0.6666666666666666	EIITNEYR:0.6666666666666666	KYNSWNES:0.5833333333333334	LATHGNNL:0.5	KADAAWTG:0.6666666666666666	TDYQQAIL:0.6666666666666666	YQQAILAL:0.6666666666666666	EATDYQQA:0.75	WNESVADY:0.6666666666666666	FRKYNSWN:0.5833333333333334	QAILESAW:0.5833333333333334	IITNEYRD:0.6666666666666666	KKQEKHLF:0.6666666666666666	FFTSTPWR:0.8333333333333334	KNYQSFRE:0.5833333333333334	SYLATHGN:0.5	RSIIENYK:0.5833333333333334	YLATHGNN:0.5	ATDYQQAI:0.75	ITNEYRDG:0.6666666666666666	TIEIITNE:0.6666666666666666	TSTPWRIK:0.75	YATDPKYG:0.6666666666666666	THGNNLFG:0.6666666666666666	SGYATDPK:0.6666666666666666	YGEKLRSI:0.5833333333333334	WGTSYLAT:0.5	HGNNLFGI:0.6666666666666666	STPWRIKN:0.75	LESAWGTS:0.6666666666666666	SIIENYKL:0.6666666666666666	AWGTSYLA:0.5	EYRDGEKK:0.6666666666666666	ATDPKYGE:0.6666666666666666	KQEKHLFR:0.6666666666666666	DTIEIITN:0.25	PWRIKNYQ:0.6666666666666666	SWNESVAD:0.6666666666666666	TPWRIKNY:0.75	IEIITNEY:0.6666666666666666	AKFFTSTP:0.6666666666666666	WRIKNYQS:0.6666666666666666	ADYAKFFT:0.6666666666666666	NSWNESVA:0.5833333333333334	TNEYRDGE:0.6666666666666666	GYATDPKY:0.6666666666666666	AWTGDTIE:0.25	YQSFREAT:0.5833333333333334	KFFTSTPW:0.75	IKADAAWT:0.6666666666666666	QSGYATDP:0.75	RQSGYATD:0.75	GEKLRSII:0.5833333333333334	REATDYQQ:0.75	TDPKYGEK:0.6666666666666666	SVADYAKF:0.6666666666666666	AAWTGDTI:0.25	DGEKKQEK:0.6666666666666666	SFREATDY:0.5833333333333334	GNNLFGIK:0.75	ILESAWGT:0.6666666666666666	QEKHLFRK:0.6666666666666666	DYQQAILA:0.6666666666666666	YKLYLLDN:0.5	IENYKLYL:0.5833333333333334	ENYKLYLL:0.5833333333333334	NYKLYLLD:0.5833333333333334	TGATIEII:0.4166666666666667	AWTGATIE:0.4166666666666667	WTGATIEI:0.4166666666666667	AAWTGATI:0.4166666666666667	DAAWTGAT:0.4166666666666667	ADAAWTGA:0.4166666666666667	GATIEIIT:0.4166666666666667	ATIEIITN:0.4166666666666667	
