cluster number:54
GH73:180	GH73:180
NNYFGQWC:0.25	ESAWGTSR:0.9111111111111111	AWGTSRFA:0.9055555555555556	WGTSRFAR:0.38333333333333336	YSERGEAY:0.24444444444444444	SAWGTSRF:0.9111111111111111	ANESAWGT:0.9	YFMNVNRN:0.42777777777777776	NESAWGTS:0.9	AANESAWG:0.8333333333333334	QAANESAW:0.8333333333333334	HGYFMNVN:0.2833333333333333	GYFMNVNR:0.31666666666666665	WGTSRFAT:0.3277777777777778	NLFGQWCY:0.23333333333333334	ANNLFGQW:0.22777777777777777	QANNLFGQ:0.22777777777777777	NVLPEALV:0.25	VLPEALVL:0.25	NNLFGQWC:0.32222222222222224	LPEALVLT:0.2611111111111111	LTQAANES:0.3333333333333333	PEALVLTQ:0.31666666666666665	RVNVLPEA:0.23333333333333334	EALVLTQA:0.31666666666666665	ALVLTQAA:0.32222222222222224	TQAANESA:0.3333333333333333	VNVLPEAL:0.23333333333333334	VLTQAANE:0.3333333333333333	LVLTQAAN:0.32222222222222224	
