cluster number:2
GH73:425	GH73:425|3.2.1.-:1
YSDLNRLN:0.23529411764705882	RYLVAQAA:0.3811764705882353	AQAALETG:0.9741176470588235	SHNLFGIK:0.6705882352941176	YLVAQAAL:0.5035294117647059	NQRRLALP:0.21411764705882352	FVRELQKA:0.30117647058823527	GGGIGLAD:0.2917647058823529	LAVSMSRE:0.2752941176470588	QKAGYATD:0.5176470588235295	QLAVSMSR:0.28705882352941176	VDPRYLVA:0.20705882352941177	PRYLVAQA:0.32	SSHNLFGI:0.5576470588235294	AKQYQEMY:0.2611764705882353	AVAQPPLA:0.23294117647058823	QEFESLFL:0.36470588235294116	SREGGGIG:0.34823529411764703	QAALETGW:0.9741176470588235	SMSREGGG:0.29411764705882354	MLKSMRSA:0.35058823529411764	QYQEMYDQ:0.26588235294117646	NRLNQLKV:0.28941176470588237	GYATDPNY:0.23529411764705882	SSSHNLFG:0.42823529411764705	LKSMRSAT:0.25176470588235295	KVAQEFES:0.5105882352941177	LQKAGYAT:0.5176470588235295	VAQAALET:0.8894117647058823	AGYATDPN:0.23294117647058823	RAVAQPPL:0.23294117647058823	GSSSHNLF:0.43058823529411766	YDQQLAVS:0.3411764705882353	LETGWGKS:0.5694117647058824	AQPPLAPA:0.2541176470588235	GGIGLADV:0.3552941176470588	SDLNRLNQ:0.24235294117647058	IGVDPRYL:0.20705882352941177	GVDPRYLV:0.20705882352941177	QEMYDQQL:0.26588235294117646	LNRLNQLK:0.2988235294117647	DPRYLVAQ:0.31058823529411766	KAGYATDP:0.5623529411764706	EGGGIGLA:0.2752941176470588	GIGLADVL:0.37176470588235294	VAQEFESL:0.4988235294117647	VSMSREGG:0.2917647058823529	DLNRLNQL:0.2988235294117647	SADNPEQF:0.24941176470588236	ARAITSEF:0.4329411764705882	RKVAQEFE:0.49411764705882355	GRAVAQPP:0.2235294117647059	RLNQLKVG:0.28941176470588237	TGWGKSVM:0.3764705882352941	LVAQAALE:0.8	SYSDLNRL:0.24235294117647058	REGGGIGL:0.34823529411764703	DQQLAVSM:0.28705882352941176	KQYQEMYD:0.26588235294117646	QFVRELQK:0.28941176470588237	RELQKAGY:0.3788235294117647	DGSSSHNL:0.42823529411764705	RAITSEFR:0.41411764705882353	MYDQQLAV:0.4	ETGWGKSV:0.3788235294117647	AALETGWG:0.9694117647058823	EMLKSMRS:0.3388235294117647	VAQPPLAP:0.24	EQFVRELQ:0.2917647058823529	KSADNPEQ:0.2211764705882353	NPEQFVRE:0.23058823529411765	ADNPEQFV:0.24	AQEFESLF:0.4988235294117647	AVSMSREG:0.2776470588235294	QQLAVSMS:0.28705882352941176	PEQFVREL:0.2964705882352941	VRELQKAG:0.3035294117647059	EMYDQQLA:0.24235294117647058	ALETGWGK:0.7858823529411765	DNPEQFVR:0.23058823529411765	GWGKSVMR:0.3764705882352941	ELQKAGYA:0.4752941176470588	HNLFGIKA:0.5741176470588235	YQEMYDQQ:0.26588235294117646	MSREGGGI:0.29411764705882354	NLFGIKAT:0.2611764705882353	LFGIKATG:0.25882352941176473	FVATMLPM:0.2752941176470588	TDRLLAGI:0.26823529411764707	DSGSYSDL:0.23529411764705882	SYQDSFHD:0.26588235294117646	DSFHDLVT:0.25882352941176473	IGLADVLM:0.20470588235294118	AAKQYQEM:0.2188235294117647	PAAKQYQE:0.2188235294117647	HDLVTLLQ:0.2611764705882353	KLTDRLLA:0.2611764705882353	YASKISQI:0.2917647058823529	LADVLMRQ:0.2	MRKVAQEF:0.20470588235294118	AITSEFRD:0.2211764705882353	SGSYSDLN:0.23529411764705882	PSKLTDRL:0.2023529411764706	VATMLPMA:0.2752941176470588	LVTLLQSN:0.20705882352941177	RLLAGIVP:0.3058823529411765	SKISQIAK:0.25176470588235295	DLVTLLQS:0.22588235294117648	LPSKLTDR:0.2023529411764706	NMRKVAQE:0.20470588235294118	GSYSDLNR:0.23529411764705882	TPAAKQYQ:0.22823529411764706	ITSEFRDG:0.2211764705882353	LTDRLLAG:0.2776470588235294	NTPAAKQY:0.22823529411764706	ASKISQIA:0.2917647058823529	DRLLAGIV:0.3058823529411765	QARAITSE:0.23529411764705882	QDSFHDLV:0.26588235294117646	SFHDLVTL:0.2611764705882353	YQDSFHDL:0.26588235294117646	QPPLAPAK:0.2164705882352941	FHDLVTLL:0.2611764705882353	GLADVLMR:0.2	LAGIVPSA:0.25176470588235295	LLAGIVPS:0.22588235294117648	QDGSSSHN:0.2023529411764706	
