cluster number:12
GH73:196	GH73:196|CBM50:185
NNHFGIKC:0.8979591836734694	LAQGILES:0.42857142857142855	NHFGIKCH:0.6887755102040817	KGDTLYSI:0.20408163265306123	YGIPASIT:0.20408163265306123	PASITLAQ:0.8979591836734694	TLAQGILE:0.4744897959183674	AQGILESG:0.4030612244897959	ITLAQGIL:0.4744897959183674	ASITLAQG:0.8571428571428571	IPASITLA:0.8010204081632653	GIPASITL:0.23469387755102042	SITLAQGI:0.4846938775510204	GILESGSG:0.20918367346938777	GNNHFGIK:0.20918367346938777	QGILESGS:0.20918367346938777	SNNHFGIK:0.27040816326530615	LKKAGYAT:0.3826530612244898	YKIPASIT:0.25	KIPASITL:0.33163265306122447	GLKKAGYA:0.3826530612244898	ANNHFGIK:0.32653061224489793	KKAGYATD:0.2602040816326531	ITLAQGLL:0.2602040816326531	KAGYATDP:0.29081632653061223	TLAQGLLE:0.2602040816326531	LAQGLLES:0.2193877551020408	SITLAQGL:0.29081632653061223	
