cluster number:131
GH73:12	GH73:12|CBM50:2
KFGIPASI:0.6666666666666666	EKFGIPAS:0.5833333333333334	MEKFGIPA:0.5833333333333334	KECFRKYN:0.6666666666666666	ASIKLGQG:0.8333333333333334	SIKLGQGI:0.75	CGKNWMGD:0.25	GIPASIKL:0.8333333333333334	FGIKCGKN:0.5	EEMEKFGI:0.5	EIENVIEY:0.25	NNHFGIKC:0.8333333333333334	EMEKFGIP:0.5	SSLSKATN:0.4166666666666667	DDDLPKEC:0.5	KCGKNWMG:0.25	LSKATNNH:0.4166666666666667	IKCGKNWM:0.25	TNNHFGIK:0.6666666666666666	YNSVRESF:0.3333333333333333	YHDDDLPK:0.5	YYHDDDLP:0.5833333333333334	RKYNSVRE:0.3333333333333333	DDLPKECF:0.5	HFGIKCGK:0.75	CFRKYNSV:0.75	HDDDLPKE:0.5	GQGILESS:0.75	LPKECFRK:0.5	NHFGIKCG:0.8333333333333334	GYATSLNY:0.5	ECFRKYNS:0.75	KLGQGILE:0.75	GIKCGKNW:0.5	LIDQIEKY:0.25	FAVEEMEK:0.25	AGYATSLN:0.5	KYNSVRES:0.3333333333333333	PASIKLGQ:0.8333333333333334	KATNNHFG:0.5833333333333334	FGIPASIK:0.6666666666666666	FRKYNSVR:0.3333333333333333	LGQGILES:0.75	SKATNNHF:0.4166666666666667	LLIDQIEK:0.25	PKECFRKY:0.6666666666666666	IKLGQGIL:0.75	SLSKATNN:0.4166666666666667	DLPKECFR:0.5	IPASIKLG:0.8333333333333334	KEIENVIE:0.25	ATNNHFGI:0.5833333333333334	FRKYNSVK:0.25	KYNSVKES:0.25	QEKKKEIE:0.25	FHDHSKFL:0.4166666666666667	YATSLNYE:0.25	AVFAIEEM:0.4166666666666667	FLQQPRYS:0.3333333333333333	EKKKEIEN:0.25	KYAVFAIE:0.4166666666666667	YNSVKESF:0.25	DVYYHDDD:0.5	SFHDHSKF:0.4166666666666667	ELKKAGYA:0.4166666666666667	KSSLSKAT:0.25	ESFHDHSK:0.4166666666666667	ENVIEYVK:0.25	LKKAGYAT:0.5833333333333334	QPRYSKLF:0.3333333333333333	VIEYVKKY:0.25	KESFHDHS:0.25	SELKKAGY:0.25	KKKEIENV:0.25	RKYNSVKE:0.25	IEYVKKYA:0.25	YAVFAIEE:0.4166666666666667	KKYAVFAI:0.3333333333333333	ASELKKAG:0.25	VYYHDDDL:0.4166666666666667	KAGYATSL:0.4166666666666667	AIEEMEKF:0.3333333333333333	GDVYYHDD:0.5	VKKYAVFA:0.25	PRYSKLFL:0.25	FAIEEMEK:0.3333333333333333	NSVKESFH:0.25	VFAIEEME:0.3333333333333333	HDHSKFLQ:0.3333333333333333	GKSSLSKA:0.25	IEEMEKFG:0.3333333333333333	LQQPRYSK:0.3333333333333333	EYVKKYAV:0.25	YVKKYAVF:0.25	HSKFLQQP:0.3333333333333333	VKESFHDH:0.25	WASELKKA:0.25	DHSKFLQQ:0.3333333333333333	SKFLQQPR:0.3333333333333333	KNKDSFFR:0.25	MSLFSFSQ:0.25	KFLQQPRY:0.3333333333333333	NVIEYVKK:0.25	QQPRYSKL:0.3333333333333333	RYSKLFLL:0.25	YSKLFLLK:0.25	KKAGYATS:0.5833333333333334	SVKESFHD:0.25	SFNDHSKF:0.25	SVRESFND:0.25	LFAVEEME:0.25	KYALFAVE:0.25	KKYALFAV:0.25	NDHSKFLK:0.25	ALFAVEEM:0.25	VRESFNDH:0.25	ESFNDHSK:0.25	FNDHSKFL:0.25	NSVRESFN:0.25	RESFNDHS:0.25	YALFAVEE:0.25	QGILESSS:0.3333333333333333	LESSSGKS:0.25	ILESSSGK:0.25	GILESSSG:0.3333333333333333	
