cluster number:36
GH73:21	GH73:21|CBM50:19
PASITLAQ:0.8095238095238095	ASITLAQG:0.7619047619047619	IPASITLA:0.8095238095238095	GIPASITL:0.8095238095238095	AQGIIESG:0.2857142857142857	LAQGIIES:0.2857142857142857	SITLAQGI:0.5238095238095238	TLAQGIIE:0.2857142857142857	ITLAQGII:0.2857142857142857	LYNISKRF:0.23809523809523808	NNHFGIKC:0.8095238095238095	IKIGQKLV:0.23809523809523808	NHFGIKCT:0.42857142857142855	LKKAGYAT:0.23809523809523808	TLYNISKR:0.23809523809523808	GDTLYNIS:0.23809523809523808	ANNHFGIK:0.7142857142857143	DTLYNISK:0.23809523809523808	YGIPASIT:0.47619047619047616	HFGIKCTS:0.3333333333333333	KAGYATNP:0.23809523809523808	GLKKAGYA:0.23809523809523808	KKAGYATN:0.23809523809523808	GYATNPKY:0.38095238095238093	AGYATNPK:0.38095238095238093	SGSGNSSL:0.23809523809523808	GIKIGQKL:0.23809523809523808	FRVYKDAR:0.2857142857142857	DCFRVYKD:0.2857142857142857	LFELDKND:0.2857142857142857	KQAGYATN:0.23809523809523808	GSGNSSLA:0.23809523809523808	VYKDARES:0.2857142857142857	IESGSGNS:0.23809523809523808	LDKNDYKN:0.23809523809523808	ELDKNDYK:0.23809523809523808	IEKAANKA:0.23809523809523808	SGNSSLAK:0.23809523809523808	EKAANKAN:0.23809523809523808	GLKQAGYA:0.23809523809523808	YATNPKYP:0.3333333333333333	DKNDYKNW:0.23809523809523808	GIIESGSG:0.23809523809523808	QGIIESGS:0.23809523809523808	ESGSGNSS:0.23809523809523808	YKDARESY:0.23809523809523808	FELDKNDY:0.2857142857142857	FLKRKRYS:0.23809523809523808	LKQAGYAT:0.23809523809523808	RVYKDARE:0.2857142857142857	CFRVYKDA:0.2857142857142857	KNDYKNWA:0.23809523809523808	IIESGSGN:0.23809523809523808	QAGYATNP:0.23809523809523808	AKYANNHF:0.23809523809523808	YANNHFGI:0.2857142857142857	SEFLKRKR:0.2857142857142857	HSEFLKRK:0.2857142857142857	KYANNHFG:0.23809523809523808	DHSEFLKR:0.2857142857142857	EFLKRKRY:0.2857142857142857	LAKYANNH:0.23809523809523808	KAAGYATN:0.23809523809523808	LKAAGYAT:0.3333333333333333	GLKAAGYA:0.3333333333333333	AAGYATNP:0.23809523809523808	
