cluster number:4
CBM51:17	CBM51:17|GH97:14|GH20:1
TIPRGLQR:0.23529411764705882	ARARGVDV:0.23529411764705882	DGKNFDHA:0.23529411764705882	IPRGLQRT:0.23529411764705882	FDHADWAD:0.23529411764705882	RGVDVLLW:0.23529411764705882	DHADWADA:0.4117647058823529	HGATIPRG:0.23529411764705882	RYARARGV:0.35294117647058826	DFMDSDSQ:0.23529411764705882	GDGKNFDH:0.23529411764705882	ATIPRGLQ:0.23529411764705882	LATPWRTA:0.4117647058823529	PRGLQRTW:0.23529411764705882	FHGATIPR:0.23529411764705882	VERDQSNG:0.4117647058823529	NFDHADWA:0.23529411764705882	GYGPVERD:0.29411764705882354	DDLAPPSK:0.23529411764705882	VGDLATVT:0.35294117647058826	GKNFDHAD:0.29411764705882354	RGLQRTWP:0.23529411764705882	GPVERDQS:0.4117647058823529	NGYGPVER:0.29411764705882354	KNFDHADW:0.29411764705882354	VRYARARG:0.29411764705882354	PFTRNVVG:0.23529411764705882	GATIPRGL:0.23529411764705882	PVERDQSN:0.4117647058823529	YARARGVD:0.23529411764705882	YGPVERDQ:0.23529411764705882	GWGPVERD:0.23529411764705882	GDLATVTE:0.29411764705882354	VADTSWIR:0.23529411764705882	TLVDDLAP:0.29411764705882354	TSWIRPGT:0.23529411764705882	GLKIDFMD:0.23529411764705882	AGLKIDFM:0.23529411764705882	VDDLAPPS:0.35294117647058826	LVDDLAPP:0.35294117647058826	DLATVTES:0.29411764705882354	KIDFMDSD:0.23529411764705882	GPLATPWR:0.29411764705882354	IDFMDSDS:0.23529411764705882	DGVAYRYV:0.23529411764705882	VDYAAAHG:0.23529411764705882	LKIDFMDS:0.23529411764705882	PLATPWRT:0.29411764705882354	DTSWIRPG:0.47058823529411764	DDGVAYRY:0.29411764705882354	STLVDDLA:0.5294117647058824	LATVTEST:0.29411764705882354	TVTESTLV:0.29411764705882354	ADTSWIRP:0.29411764705882354	NGWGPVER:0.23529411764705882	ATVTESTL:0.29411764705882354	ADWADARL:0.23529411764705882	PTVWDETR:0.23529411764705882	VGVDDEVG:0.23529411764705882	HADWADAR:0.29411764705882354	VGSMDYTP:0.29411764705882354	LLVNFHGA:0.23529411764705882	GRYSGSHL:0.23529411764705882	DGRYSGSH:0.23529411764705882	GSTLVDDL:0.23529411764705882	GSMDYTPT:0.23529411764705882	QLPTAWDE:0.23529411764705882	LPTAWDET:0.23529411764705882	HELALPVV:0.23529411764705882	LPVVYESG:0.29411764705882354	ALPVVYES:0.29411764705882354	RVSDDGVA:0.23529411764705882	LALPVVYE:0.23529411764705882	AHELALPV:0.23529411764705882	ELALPVVY:0.23529411764705882	DRWFVGGI:0.29411764705882354	ATPWRTAI:0.29411764705882354	GDRWFVGG:0.23529411764705882	PELVRYAR:0.35294117647058826	TPWRTAIV:0.29411764705882354	PWRTAIVG:0.29411764705882354	WVPELVRY:0.35294117647058826	VPELVRYA:0.35294117647058826	FTRNVVGS:0.23529411764705882	ELVRYARA:0.23529411764705882	QRTWPQVM:0.23529411764705882	
