cluster number:24
CBM51:18	CBM51:18|GH27:17|CBM40:1|GH33:1
VTDGGNGN:0.2222222222222222	GWTYVNID:0.2222222222222222	TPPMGWNS:0.6666666666666666	MGWNSWNC:0.5555555555555556	VFGVRPGS:0.3333333333333333	IYVKELED:0.2222222222222222	VRDLWRQK:0.3888888888888889	PLLIGCDM:0.3333333333333333	LKYDWCSY:0.4444444444444444	KWGFDYLK:0.2222222222222222	FDYLKYDW:0.3888888888888889	ALTPPMGW:0.5	DHADWADA:0.2777777777777778	NDPDMLVV:0.6666666666666666	IALTPPMG:0.2777777777777778	AKWGFDYL:0.2222222222222222	GWNSWNCF:0.2777777777777778	GIYSSPGP:0.3333333333333333	YVKELEDG:0.2222222222222222	LKPDEQYL:0.2222222222222222	YDWCSYGG:0.2222222222222222	DWCSYGGV:0.2222222222222222	FGVRPGSP:0.3333333333333333	DPDMLVVG:0.6666666666666666	NLLTNDEV:0.2777777777777778	KYDWCSYG:0.4444444444444444	SAPLLIGC:0.4444444444444444	GFDYLKYD:0.3888888888888889	PGNWNDPD:0.2777777777777778	WGFDYLKY:0.3888888888888889	DYLKYDWC:0.6111111111111112	WRTTNDIT:0.2777777777777778	FSAPLLIG:0.2777777777777778	NWNDPDML:0.2777777777777778	YGWTYVNI:0.2222222222222222	GVRPGSPF:0.2222222222222222	GNWNDPDM:0.2777777777777778	PPMGWNSW:0.6666666666666666	KPDEQYLH:0.2222222222222222	RTTNDITD:0.2777777777777778	APLLIGCD:0.4444444444444444	LTPPMGWN:0.6111111111111112	AKPGNWND:0.2222222222222222	WNDPDMLV:0.6666666666666666	PMGWNSWN:0.6111111111111112	YSSPGPWT:0.2777777777777778	KPGNWNDP:0.2222222222222222	LLTNDEVI:0.2222222222222222	RDLWRQKD:0.4444444444444444	WTYVNIDD:0.2222222222222222	VGIDDEVK:0.2222222222222222	SSPGPWTC:0.2777777777777778	YLKYDWCS:0.3888888888888889	WLDQLDLS:0.2222222222222222	GLKFGIYS:0.2222222222222222	GWNSWNCW:0.3888888888888889	GVDYLKYD:0.2222222222222222	WGVDYLKY:0.2222222222222222	GGNLWRTT:0.2222222222222222	PDMLVVGK:0.2222222222222222	YIHSLGLK:0.2777777777777778	EVIAVNQD:0.3333333333333333	NIDDGWEA:0.2222222222222222	VIAVNQDP:0.2777777777777778	IAVNQDPL:0.2777777777777778	DYIHSLGL:0.2222222222222222	PLLIGCDL:0.2222222222222222	MGWNSWNV:0.2222222222222222	FTLSLLTN:0.2222222222222222	GPWTCGGC:0.2222222222222222	TNDITDTW:0.2222222222222222	SPGPWTCG:0.2222222222222222	PGPWTCGG:0.2222222222222222	KFPDMKGL:0.2222222222222222	TTNDITDT:0.2222222222222222	LWRQKDLG:0.2777777777777778	DLWRQKDL:0.2777777777777778	WNSWNCWG:0.2777777777777778	GHWNDPDM:0.3333333333333333	PGHWNDPD:0.3888888888888889	HWNDPDML:0.3333333333333333	GPGHWNDP:0.2222222222222222	NCWRTTGD:0.2222222222222222	GNCWRTTG:0.2222222222222222	KVFGVRPG:0.2222222222222222	GGNCWRTT:0.2222222222222222	PRDIVYSL:0.2222222222222222	YLKYDWCG:0.2222222222222222	VYSLCQYG:0.2222222222222222	IVYSLCQY:0.2222222222222222	DIVYSLCQ:0.2222222222222222	VGGNCWRT:0.2222222222222222	RDIVYSLC:0.2222222222222222	LKYDWCGY:0.2222222222222222	QDPLGKQA:0.2777777777777778	
