cluster number:1
GH57:67	GH57:67|GT5:1|3.2.1.1:1
GIHEFLRW:0.23880597014925373	ADKYASWL:0.208955223880597	WDQWPLTA:0.22388059701492538	DLSAWLGN:0.417910447761194	LSDDIGFR:0.4925373134328358	ERDLSAWL:0.3880597014925373	NTEFIYNN:0.208955223880597	ETFGEHHW:0.4925373134328358	YRLSDDIG:0.40298507462686567	SPNYVYKA:0.208955223880597	ADERDLSA:0.3283582089552239	IAVDYETF:0.22388059701492538	GWRSPNYV:0.3582089552238806	HEFLRWLP:0.23880597014925373	LGWRSPNY:0.47761194029850745	LSAWLGNE:0.208955223880597	VHSYFSPY:0.31343283582089554	YETFGEHH:0.5074626865671642	AVDYETFG:0.22388059701492538	FGEHHWPE:0.31343283582089554	TISWADER:0.26865671641791045	PLTADKYA:0.4925373134328358	WPLTADKY:0.23880597014925373	DYETFGEH:0.8507462686567164	QWPLTADK:0.208955223880597	NYRLSDDI:0.3582089552238806	WVLGWRSP:0.208955223880597	VDYETFGE:0.31343283582089554	SDDIGFRF:0.4925373134328358	TFGEHHWP:0.31343283582089554	GEHHWPES:0.22388059701492538	ISWADERD:0.3283582089552239	VLGWRSPN:0.29850746268656714	SWADERDL:0.3283582089552239	QTYYHSLA:0.23880597014925373	RSPNYVYK:0.23880597014925373	DQWPLTAD:0.208955223880597	GEVHSYFS:0.23880597014925373	IHEFLRWL:0.23880597014925373	HHWPESGI:0.22388059701492538	DERDLSAW:0.3283582089552239	WADERDLS:0.3283582089552239	WRSPNYVY:0.5223880597014925	EVHSYFSP:0.2537313432835821	EHHWPESG:0.22388059701492538	RNYRLSDD:0.5223880597014925	RLSDDIGF:0.373134328358209	RDLSAWLG:0.417910447761194	ENTEFIYN:0.208955223880597	FRNTELIY:0.23880597014925373	YPLTADKY:0.373134328358209	YETFGEHQ:0.2835820895522388	ETFGEHQW:0.208955223880597	YMDYETFG:0.2537313432835821	MDYETFGE:0.3582089552238806	DDIGFRFS:0.3880597014925373	QTSDNFYY:0.22388059701492538	TGIFEFLR:0.26865671641791045	QYPLTADK:0.208955223880597	EVHQPYRL:0.2537313432835821	FEVHQPYR:0.26865671641791045	
