cluster number:24
GH57:12	GH57:12
FFVKYEES:0.3333333333333333	DDAEKFGL:0.3333333333333333	NDVFWHGI:0.25	AEKFGLWP:0.3333333333333333	VFWHGIFG:0.25	LQTNDVFW:0.25	PNLRDNAY:0.3333333333333333	WHGIFGGL:0.5	IFGGLYLP:0.5	TNDVFWHG:0.25	NRLHKRML:0.25	DAEKFGLW:0.3333333333333333	KGLWLTER:0.6666666666666666	NVSYYEMG:0.25	YLPNLRDN:0.5	HGIFGGLY:0.5	GLYLPNLR:0.8333333333333334	EESNRLHK:0.3333333333333333	FDDAEKFG:0.5	ESNRLHKR:0.4166666666666667	GDFANQPF:0.4166666666666667	NFQNTLTR:0.3333333333333333	LTERVWES:0.25	PKGLWLTE:0.6666666666666666	LYLPNLRD:0.5	NFFVKYEE:0.3333333333333333	EMGEWSLR:0.3333333333333333	DVFWHGIF:0.25	YEPVLASI:0.25	GIFGGLYL:0.5	LPNLRDNA:0.4166666666666667	GGLYLPNL:0.8333333333333334	GLWLTERV:0.75	YYEMGEWS:0.3333333333333333	NLRDNAYR:0.25	FVKYEESN:0.3333333333333333	SYYEMGEW:0.3333333333333333	VKYEESNR:0.3333333333333333	SNRLHKRM:0.4166666666666667	VSYYEMGE:0.25	KYEESNRL:0.3333333333333333	QTNDVFWH:0.25	FGGLYLPN:0.8333333333333334	YEESNRLH:0.3333333333333333	FWHGIFGG:0.25	LWLTERVW:0.75	YEMGEWSL:0.3333333333333333	WLTERVWE:0.4166666666666667	GGFYEPVL:0.25	FGLHMHQP:0.25	FNFQNTLT:0.3333333333333333	HMHQPVDN:0.4166666666666667	LYRLQTND:0.25	MHQPVDNF:0.4166666666666667	KGGIWKNF:0.3333333333333333	LLFGIHMH:0.25	LFGIHMHQ:0.25	GGIWKNFF:0.3333333333333333	VDDYHFLS:0.25	LHCSGWLL:0.25	FSLHCSGW:0.4166666666666667	HQPVDNFD:0.25	IFDDAEKF:0.4166666666666667	SLHCSGWL:0.4166666666666667	IHMHQPVD:0.3333333333333333	KFSLHCSG:0.3333333333333333	FKFSLHCS:0.3333333333333333	FGIHMHQP:0.25	GIHMHQPV:0.3333333333333333	WVYEKGWL:0.3333333333333333	DGEKFGVW:0.25	KNFFVKYP:0.25	LWHGIFGG:0.3333333333333333	IFDDGEKF:0.3333333333333333	EMGEWSLF:0.3333333333333333	GIHCHQPV:0.25	CNDVLWHG:0.3333333333333333	LFGIHCHQ:0.25	FDDGEKFG:0.4166666666666667	IIFDDGEK:0.25	FSGGFYEP:0.25	EWVYEKGW:0.25	NFFVKYPE:0.25	FFVKYPES:0.25	FVKYPESN:0.25	NDVLWHGI:0.3333333333333333	WKNFFVKY:0.5	FGIHCHQP:0.25	DDGEKFGV:0.25	WLTERVWD:0.3333333333333333	DVLWHGIF:0.3333333333333333	GEKFGVWP:0.25	VLWHGIFG:0.3333333333333333	EKFGLWPE:0.25	MGEWSLRA:0.25	GIWKNFFV:0.25	WHGVFGGL:0.3333333333333333	EFNFQNTL:0.25	FSAGYYEP:0.25	SAGYYEPI:0.25	KNFFVKYE:0.25	FQNTLTRR:0.25	HGVFGGLY:0.3333333333333333	GVFGGLYL:0.3333333333333333	DFANQPFE:0.25	VFGGLYLP:0.3333333333333333	IWKNFFVK:0.25	AGYYEPIL:0.25	KFGLWPET:0.25	FLVKYPES:0.3333333333333333	LVKYPESN:0.3333333333333333	NFLVKYPE:0.3333333333333333	TPKGLWLT:0.3333333333333333	QTPKGLWL:0.3333333333333333	VKYPESNR:0.4166666666666667	GIEYVIVD:0.25	ESNRIHKR:0.3333333333333333	LYLPNLRN:0.25	VIVDDYHF:0.25	YPESNRIH:0.3333333333333333	WLLEYIKN:0.25	YSGWLLEY:0.25	NTLTRRKE:0.3333333333333333	VHYSGWLL:0.25	IEYVIVDD:0.25	SGWLLEYI:0.25	YVIVDDYH:0.25	HYSGWLLE:0.25	QCNDVLWH:0.25	KYPESNRI:0.3333333333333333	YLPNLRNN:0.25	KNSFIDHI:0.25	GWLLEYIK:0.25	EYVIVDDY:0.25	PESNRIHK:0.3333333333333333	QNTLTRRK:0.3333333333333333	LTERVWDS:0.25	NYQNTLTR:0.25	TRRKEAYH:0.25	HCSGWLME:0.25	FNYQNTLT:0.25	IIFDDAEK:0.25	AAIIFDDA:0.25	YQNTLTRR:0.25	AIIFDDAE:0.25	
