cluster number:9
GH57:61	GH57:61
TFGEHQWA:0.3442622950819672	LQTSDHFY:0.4426229508196721	QTSDHFYY:0.47540983606557374	LFMDYETF:0.7213114754098361	YETFGEHQ:0.7540983606557377	FMDYETFG:0.7540983606557377	DYETFGEH:0.7704918032786885	ETFGEHQW:0.7049180327868853	NLFMDYET:0.7868852459016393	LKNYRLSD:0.21311475409836064	MDYETFGE:0.7540983606557377	KNYRLSDD:0.21311475409836064	TSDHFYYM:0.7049180327868853	DIAFRFSN:0.3442622950819672	VNLFMDYE:0.29508196721311475	SWADEERD:0.39344262295081966	ISWADEER:0.2786885245901639	HFYYMCTK:0.3770491803278688	DHFYYMCT:0.3770491803278688	LSDDIAFR:0.6229508196721312	DDIAFRFS:0.4918032786885246	PISWADEE:0.2459016393442623	SDHFYYMC:0.45901639344262296	SDDIAFRF:0.639344262295082	WADTERDL:0.29508196721311475	INLFMDYE:0.29508196721311475	VFRNTELI:0.3114754098360656	FRNTELIY:0.639344262295082	CFYFQVHQ:0.2459016393442623	FYFQVHQP:0.3114754098360656	DGDVHKYF:0.22950819672131148	NYKLSDDI:0.26229508196721313	YKLSDDIA:0.29508196721311475	KLSDDIAF:0.3114754098360656	EVINLFMD:0.21311475409836064	NTELIYSD:0.26229508196721313	RNTELIYS:0.3770491803278688	WADEERDL:0.29508196721311475	RDLTAWLG:0.3770491803278688	DLTAWLGN:0.3770491803278688	ERDLTAWL:0.3770491803278688	EERDLTAW:0.21311475409836064	DEERDLTA:0.21311475409836064	ADEERDLT:0.21311475409836064	WRSPNFVY:0.21311475409836064	TWADTERD:0.21311475409836064	
