cluster number:6
GH57:102	GH57:102
WWFGDYNP:0.5686274509803921	GLSDLIGF:0.2647058823529412	GSDWFWWF:0.5	WTYLHAIK:0.21568627450980393	AICEGSDW:0.2647058823529412	FRDDGLSD:0.45098039215686275	ICEGSDWF:0.21568627450980393	RDDGLSDL:0.2647058823529412	LDGENAWE:0.7058823529411765	WFWWFGDY:0.5882352941176471	TYLHAIKD:0.21568627450980393	LAICEGSD:0.2647058823529412	YLHAIKDY:0.37254901960784315	PWTYLHAI:0.21568627450980393	FFRDDGLS:0.43137254901960786	VVLCWHMH:0.2647058823529412	VLCWHMHQ:0.35294117647058826	ILDGENAW:0.6274509803921569	LCWHMHQP:0.4019607843137255	CEGSDWFW:0.46078431372549017	SDWFWWFG:0.6568627450980392	DGLSDLIG:0.2647058823529412	DWFWWFGD:0.5980392156862745	FWWFGDYN:0.5882352941176471	QLAICEGS:0.2549019607843137	DDGLSDLI:0.2647058823529412	IILDGENA:0.20588235294117646	EGSDWFWW:0.5196078431372549	WVYGTFST:0.35294117647058826	LVWYHLAW:0.2549019607843137	YGTFSTWI:0.4215686274509804	GSWVYGTF:0.35294117647058826	VAGSWVYG:0.3333333333333333	SWVYGTFS:0.35294117647058826	TFSTWIGD:0.3431372549019608	LVAGSWVY:0.24509803921568626	AGSWVYGT:0.37254901960784315	GTFSTWIG:0.4215686274509804	VYGTFSTW:0.35294117647058826	DGENAWEY:0.6470588235294118	DLLVWYHL:0.39215686274509803	ENAWEYYP:0.49019607843137253	WHMHQPDY:0.45098039215686275	GENAWEYY:0.5294117647058824	LPWVYLHA:0.22549019607843138	VSVILDGE:0.3137254901960784	VVSVILDG:0.28431372549019607	KNRAWDLL:0.21568627450980393	SVILDGEN:0.3431372549019608	LLVWYHLA:0.24509803921568626	VILDGENA:0.4117647058823529	WFGDYNPA:0.3137254901960784	LWHMHQPD:0.20588235294117646	HMHQPDYR:0.4215686274509804	MHQPDYRD:0.3333333333333333	LPWTYLHA:0.24509803921568626	ADLLVWYH:0.23529411764705882	
