cluster number:20
GH65:39	GH65:39
SGFIEQHI:0.6153846153846154	WNYYEPKT:0.2564102564102564	YKGHTFWD:0.3333333333333333	VIGPDEYK:0.7692307692307693	LTGEGYKG:0.2564102564102564	WSGFIEQH:0.6153846153846154	TELPNLPD:0.23076923076923078	GEGYKGHT:0.3333333333333333	NVIGPDEY:0.23076923076923078	EGYKGHTF:0.3333333333333333	NWNYYEPK:0.2564102564102564	GLTGEGYK:0.20512820512820512	MNIGAKGL:0.23076923076923078	ANWNYYEP:0.23076923076923078	GFIEQHIT:0.6410256410256411	IGPDEYKE:0.7692307692307693	YYEPKTTH:0.23076923076923078	KGHTFWDT:0.3076923076923077	KGLTGEGY:0.20512820512820512	GYKGHTFW:0.3333333333333333	EVTELPNL:0.28205128205128205	GHTFWDTE:0.3076923076923077	TGEGYKGH:0.358974358974359	GPDEYKEH:0.9487179487179487	EVTELPNA:0.23076923076923078	ENEVTELP:0.2564102564102564	EQHITSDV:0.23076923076923078	SGEGYKGH:0.6153846153846154	DSSLSLST:0.5384615384615384	YKEHVNNN:0.23076923076923078	KEHVNNNA:0.23076923076923078	HAASLGGI:0.23076923076923078	KIWSGFIE:0.5641025641025641	WDTEIFIL:0.3076923076923077	TLHDSSLS:0.6923076923076923	LSGEGYKG:0.5897435897435898	DYNLEQVN:0.2564102564102564	YEPKTLHD:0.4358974358974359	WASRLEWN:0.2564102564102564	GLSGEGYK:0.46153846153846156	FVAGTFNK:0.20512820512820512	LFVAGTFN:0.20512820512820512	GIHAASLG:0.20512820512820512	FWDTEIFI:0.3333333333333333	LHDSSLSL:0.5128205128205128	DTEIFILP:0.3076923076923077	YYEPKTLH:0.4358974358974359	AASLGGIW:0.23076923076923078	IHAASLGG:0.20512820512820512	NGYMGLRS:0.3333333333333333	PKTLHDSS:0.4358974358974359	GEVTPVWG:0.23076923076923078	RNLFVAGT:0.28205128205128205	DQLAIRFA:0.41025641025641024	ARSLLEYR:0.2564102564102564	IEQHITSD:0.46153846153846156	IQVSKQAD:0.20512820512820512	DGEVTPVW:0.23076923076923078	FIEQHITS:0.41025641025641024	DEYKEHVN:0.23076923076923078	TKIWSGFI:0.41025641025641024	KTLHDSSL:0.5384615384615384	NEVTELPN:0.3076923076923077	EPKTLHDS:0.4358974358974359	PVWGAADI:0.23076923076923078	PQDDTYLQ:0.28205128205128205	ASLGGIWQ:0.23076923076923078	EYKEHVNN:0.23076923076923078	SLSLSTHS:0.23076923076923078	FWASRLEW:0.38461538461538464	AKGLSGEG:0.48717948717948717	SLGNGYMG:0.23076923076923078	GNGYMGLR:0.358974358974359	LGNGYMGL:0.358974358974359	NLFVAGTF:0.20512820512820512	GAKGLSGE:0.41025641025641024	EVTPVWGA:0.358974358974359	TPVWGAAD:0.20512820512820512	IWSGFIEQ:0.5641025641025641	SSLSLSTH:0.5384615384615384	KGLSGEGY:0.48717948717948717	PDEYKEHV:0.6666666666666666	FDQLAIRF:0.3076923076923077	HDSSLSLS:0.5641025641025641	SLSLSTHA:0.23076923076923078	SLSTHAIL:0.20512820512820512	DNNAFTNY:0.2564102564102564	TTHDSSLS:0.20512820512820512	DVIGPDEY:0.5128205128205128	KQADVLLL:0.2564102564102564	TKQADVLL:0.20512820512820512	LSLSTHAI:0.20512820512820512	YKGHSFWD:0.5128205128205128	QHFHEGEK:0.2564102564102564	VIPQDDTY:0.28205128205128205	DEYKEHVD:0.3333333333333333	FHEGEKRI:0.2564102564102564	GHSFWDTE:0.5384615384615384	HFHEGEKR:0.2564102564102564	NSGAQHFH:0.20512820512820512	SFWDTEIF:0.28205128205128205	EYKEHVDN:0.3076923076923077	GYKGHSFW:0.5128205128205128	NYYEPKTL:0.20512820512820512	EGYKGHSF:0.5128205128205128	GEGYKGHS:0.5128205128205128	KGHSFWDT:0.5128205128205128	AQHFHEGE:0.20512820512820512	GAQHFHEG:0.20512820512820512	HSFWDTEI:0.28205128205128205	SGAQHFHE:0.20512820512820512	IPQDDTYL:0.5897435897435898	IGAKGLSG:0.358974358974359	DTEVFMLP:0.20512820512820512	FWDTEVFM:0.20512820512820512	WDTEVFML:0.20512820512820512	GFGGVRML:0.20512820512820512	MQVSKQAD:0.20512820512820512	NNAFTNYM:0.38461538461538464	VTPVWGAV:0.20512820512820512	PVWGAVDI:0.20512820512820512	TPVWGAVD:0.20512820512820512	NAFTNYMA:0.41025641025641024	IIDLTKYK:0.20512820512820512	QVSKQADI:0.20512820512820512	TEIFILPF:0.2564102564102564	TNSGAQHF:0.20512820512820512	EQHITSDI:0.23076923076923078	GYMGLRSA:0.28205128205128205	EIFILPFF:0.23076923076923078	EGAMYPWE:0.23076923076923078	FILPFFIY:0.20512820512820512	KEHVDNNA:0.28205128205128205	IIPQDDTY:0.3076923076923077	YKEHVDNN:0.28205128205128205	
