cluster number:39
GH17:17	GH17:17
VSVGNELV:0.23529411764705882	LFTTYNDY:0.23529411764705882	TTYNDYWK:0.35294117647058826	FTTYNDYW:0.35294117647058826	NSHPYWDG:0.4117647058823529	ILFTTYND:0.23529411764705882	SVGNELVN:0.23529411764705882	VNSHPYWD:0.4117647058823529	VNCHPYWD:0.35294117647058826	VVTVDTLV:0.47058823529411764	VTVDTLVA:0.6470588235294118	GNERVNDG:0.23529411764705882	RGWSAVHT:0.29411764705882354	ITETGWPT:0.5294117647058824	YVVTVDTL:0.29411764705882354	IRLYSTDC:0.47058823529411764	TGWPTKGD:0.23529411764705882	TETGWPTK:0.23529411764705882	LITETGWP:0.5294117647058824	GWPTKGDT:0.23529411764705882	MFTMYNDY:0.29411764705882354	TMYNDYWK:0.47058823529411764	HPYWDGGV:0.47058823529411764	KGITYSPY:0.35294117647058826	GYVVTVDT:0.29411764705882354	LIRLYSTD:0.29411764705882354	NCHPYWDG:0.35294117647058826	IAVNCHPY:0.35294117647058826	SRGWSAVH:0.29411764705882354	ILITETGW:0.23529411764705882	ETGWPTKG:0.23529411764705882	ELIRLYST:0.23529411764705882	AVNCHPYW:0.35294117647058826	FTMYNDYW:0.47058823529411764	DVLITETG:0.23529411764705882	NQVAAVKS:0.23529411764705882	YWKDPGAY:0.23529411764705882	DYWKDPGA:0.23529411764705882	TETGWPTQ:0.4117647058823529	WKDPGAYN:0.23529411764705882	STDCSGIE:0.29411764705882354	YNVEQHWG:0.23529411764705882	INTATATA:0.23529411764705882	AVNSHPYW:0.35294117647058826	AYNVEQHW:0.23529411764705882	VLITETGW:0.29411764705882354	TVDTLVAY:0.23529411764705882	GATAAAGS:0.23529411764705882	VEQHWGLY:0.23529411764705882	VDTLVAYV:0.23529411764705882	AGATAAAG:0.23529411764705882	QVAAVKSI:0.23529411764705882	GITYSPYT:0.5882352941176471	TEAAPIKR:0.23529411764705882	TGWPTQGD:0.29411764705882354	CSGIENVL:0.29411764705882354	SHPYWDGG:0.29411764705882354	NPQLCEMS:0.23529411764705882	PGAYNVEQ:0.23529411764705882	TDCSGIEN:0.29411764705882354	EQHWGLYG:0.23529411764705882	QLCEMSDY:0.23529411764705882	RLYSTDCS:0.29411764705882354	PQLCEMSD:0.23529411764705882	NDYWKDPG:0.29411764705882354	YQGGSPGK:0.23529411764705882	KDPGAYNV:0.23529411764705882	KDVLITET:0.23529411764705882	WGLYGDPS:0.23529411764705882	SINTATAT:0.23529411764705882	DPGAYNVE:0.23529411764705882	GAYNVEQH:0.23529411764705882	ETGWPTQG:0.4117647058823529	NVEQHWGL:0.23529411764705882	SKDVLITE:0.23529411764705882	DCSGIENV:0.29411764705882354	YSTDCSGI:0.29411764705882354	ITYSPYTK:0.4117647058823529	HWGLYGDP:0.23529411764705882	LYSTDCSG:0.29411764705882354	QHWGLYGD:0.23529411764705882	YNDYWKSP:0.23529411764705882	LGITYSPY:0.35294117647058826	VEQYWGIF:0.23529411764705882	EQYWGIFG:0.23529411764705882	DFIAVNCH:0.23529411764705882	GDFSKVYA:0.23529411764705882	GVEQYWGI:0.23529411764705882	FIAVNCHP:0.23529411764705882	QYWGIFGD:0.23529411764705882	DYWKSPGS:0.23529411764705882	NDYWKSPG:0.23529411764705882	TVDTLVAT:0.23529411764705882	SDFIAVNC:0.23529411764705882	TYSPYTKS:0.23529411764705882	QKLFLGVW:0.23529411764705882	
