cluster number:54
GH17:84	GH17:84|3.2.1.39:19|3.2.1.73:5
EKAGAPGV:0.2261904761904762	AMVDAVYA:0.21428571428571427	NVYPYFAY:0.5238095238095238	SESGWPSA:0.7857142857142857	VYPYFAYR:0.2619047619047619	VVSESGWP:0.7619047619047619	YATFQPGT:0.2619047619047619	VDAVYAAL:0.2261904761904762	YPYFAYRD:0.21428571428571427	LEKAGAPG:0.2261904761904762	GLTYTNLF:0.27380952380952384	VVVSESGW:0.5	SGWPSAGG:0.6071428571428571	VYAALEKA:0.23809523809523808	AVYAALEK:0.23809523809523808	NYATFQPG:0.2857142857142857	YRDNPRDI:0.21428571428571427	PSAGGFAA:0.23809523809523808	FQPGTTVR:0.20238095238095238	ATFQPGTT:0.23809523809523808	AALEKAGA:0.32142857142857145	YAALEKAG:0.36904761904761907	GWPSAGGF:0.34523809523809523	ESGWPSAG:0.7023809523809523	LNYATFQP:0.2619047619047619	QPGTTVRD:0.21428571428571427	ALEKAGAP:0.2976190476190476	MVDAVYAA:0.2261904761904762	TFQPGTTV:0.23809523809523808	VSESGWPS:0.75	DAVYAALE:0.23809523809523808	WPSAGGFA:0.23809523809523808	PLLANVYP:0.6071428571428571	LANVYPYF:0.5119047619047619	ANVYPYFA:0.4880952380952381	RYIAVGNE:0.2857142857142857	LLANVYPY:0.5714285714285714	YIAVGNEV:0.3333333333333333	FDAMVDAV:0.27380952380952384	LFNPDKSP:0.3333333333333333	KYIAAGNE:0.2976190476190476	ETYIFAMF:0.44047619047619047	TYIFAMFN:0.40476190476190477	PYYPAVNI:0.2619047619047619	AVNIKYIA:0.2619047619047619	APLLANVY:0.5238095238095238	YYPAVNIK:0.25	AMFNENQK:0.42857142857142855	NIKYIAAG:0.21428571428571427	GLFNPDKS:0.3333333333333333	YNQGLINH:0.20238095238095238	RPYYPAVN:0.21428571428571427	FNPDKSPA:0.30952380952380953	YIAAGNEV:0.2857142857142857	VRPYYPAV:0.23809523809523808	PAVNIKYI:0.2619047619047619	NPDKSPAY:0.30952380952380953	GAPLLANV:0.4523809523809524	TGAPLLAN:0.47619047619047616	LETYIFAM:0.2857142857142857	ASTGAPLL:0.30952380952380953	IFAMFNEN:0.44047619047619047	YPAVNIKY:0.25	FGLFNPDK:0.36904761904761907	QLYRSKGI:0.21428571428571427	NQGLINHV:0.20238095238095238	LFDAMVDA:0.4166666666666667	SIGVCYGV:0.35714285714285715	VVQLYRSK:0.2261904761904762	FAMFNENQ:0.42857142857142855	NVRPYYPA:0.23809523809523808	IKYIAAGN:0.2976190476190476	LASTGAPL:0.32142857142857145	VQSIGVCY:0.32142857142857145	VQLYRSKG:0.2261904761904762	YIFAMFNE:0.5	QSIGVCYG:0.32142857142857145	STGAPLLA:0.2619047619047619	NLFDAMVD:0.32142857142857145	NARAYNQG:0.21428571428571427	TNLFDAMV:0.2619047619047619	YTNLFDAM:0.2857142857142857	HFGLFNPD:0.2976190476190476	ARAYNQGL:0.21428571428571427	TYTNLFDA:0.25	RAYNQGLI:0.21428571428571427	YVFAMFNE:0.20238095238095238	LTYTNLFD:0.23809523809523808	YNQGLIDH:0.23809523809523808	NQGLIDHV:0.2261904761904762	
