cluster number:53
GH17:37	GH17:37|CBM43:27|3.2.1.39:2
AERNWGLF:0.2972972972972973	YIFALFNE:0.35135135135135137	MNAYYQAN:0.24324324324324326	ERNWGLFR:0.21621621621621623	IFALFNEN:0.35135135135135137	NAYYQANG:0.24324324324324326	TPHSLGIL:0.24324324324324326	ETYIFALF:0.35135135135135137	IDRVKLFD:0.24324324324324326	AIGVNYGT:0.21621621621621623	TYIFALFN:0.32432432432432434	VSTPHSLG:0.2702702702702703	STPHSLGI:0.24324324324324326	NPYPYFGY:0.2702702702702703	VNPYPYFG:0.40540540540540543	FETYIFAL:0.2972972972972973	FMVNPYPY:0.40540540540540543	MVNPYPYF:0.4864864864864865	SPFMVNPY:0.35135135135135137	PFMVNPYP:0.5135135135135135	GKGTPLMP:0.3783783783783784	NPDILRAF:0.21621621621621623	GVNYGTLG:0.2702702702702703	VNYGTLGN:0.21621621621621623	SIGVNYGT:0.2702702702702703	IGVNYGTL:0.3783783783783784	PDILRAFA:0.21621621621621623	PDFTPVYD:0.2702702702702703	GTPLMPNR:0.5675675675675675	TPLMPNRT:0.2702702702702703	PLMPNRTF:0.2702702702702703	LMPNRTFE:0.24324324324324326	KSPFMVNP:0.24324324324324326	TKSPFMVN:0.24324324324324326	SGKGTPLM:0.21621621621621623	KGTPLMPN:0.2702702702702703	
