cluster number:12
GH103:86	GH103:86
LDYNCSNF:0.6627906976744186	TGYPQFLP:0.2558139534883721	GHETNYGS:0.22093023255813954	YALSVGLL:0.6976744186046512	LLEPDGPG:0.4069767441860465	GPGKTAYL:0.20930232558139536	ALASIANY:0.23255813953488372	ILDYNCSN:0.7093023255813954	YNCSNFYA:0.6395348837209303	AGATGYPQ:0.2558139534883721	RAILDYNC:0.43023255813953487	WAGATGYP:0.2558139534883721	AILDYNCS:0.43023255813953487	FYALSVGL:0.6395348837209303	ATGYPQFL:0.2558139534883721	SWAGATGY:0.2558139534883721	LAWEGRRR:0.2441860465116279	YPQFLPSV:0.47674418604651164	HETNYGSY:0.20930232558139536	SVGLLADA:0.3372093023255814	ASIANYFV:0.3023255813953488	DGPGKTAY:0.20930232558139536	LATLAWEG:0.2441860465116279	PGKTAYLL:0.20930232558139536	NFYALSVG:0.6395348837209303	PQFLPSVY:0.8255813953488372	CSNFYALS:0.6395348837209303	SNFYALSV:0.6395348837209303	KHVDAARI:0.22093023255813954	LSVGLLAD:0.6511627906976745	LASIANYF:0.313953488372093	LEPDGPGK:0.20930232558139536	GSWAGATG:0.3953488372093023	DALASIAN:0.23255813953488372	GQPWGVAV:0.2441860465116279	YRAILDYN:0.43023255813953487	RSLATLAW:0.22093023255813954	NYRAILDY:0.43023255813953487	LVGSWAGA:0.3023255813953488	EPDGPGKT:0.20930232558139536	TLAWEGRR:0.2441860465116279	GYPQFLPS:0.5348837209302325	QFLPSVYL:0.813953488372093	FLPSVYLR:0.6511627906976745	NCSNFYAL:0.6395348837209303	DYNCSNFY:0.6627906976744186	ATLAWEGR:0.2441860465116279	TLLEPDGP:0.3953488372093023	GKTAYLLT:0.20930232558139536	GATGYPQF:0.2558139534883721	PSVYLRLA:0.4069767441860465	PDGPGKTA:0.20930232558139536	LPSVYLRL:0.4883720930232558	ATLLEPDG:0.4186046511627907	VGLLADAV:0.23255813953488372	ALSVGLLA:0.6511627906976745	AYLLTGNY:0.4069767441860465	LKGSWAGA:0.47674418604651164	SVGLLADE:0.5116279069767442	GAFGYPQF:0.2558139534883721	FGYPQFLP:0.2558139534883721	KGSWAGAF:0.2558139534883721	GSWAGAFG:0.38372093023255816	YLLTGNYR:0.4186046511627907	ANYFRDAG:0.20930232558139536	SIANYFRD:0.20930232558139536	TGNYRVIL:0.2441860465116279	SWAGAFGY:0.22093023255813954	LLTGNYRV:0.2441860465116279	IANYFRDA:0.20930232558139536	AGAFGYPQ:0.2558139534883721	YNCSNYYA:0.2558139534883721	YFRDAGWR:0.22093023255813954	LTGNYRVI:0.2441860465116279	NYFRDAGW:0.20930232558139536	AFGYPQFL:0.2558139534883721	VGLLADEI:0.45348837209302323	WAGAFGYP:0.22093023255813954	LLTGNYRA:0.2441860465116279	LTGNYRAI:0.2441860465116279	TAYLLTGN:0.36046511627906974	TGNYRAIL:0.2441860465116279	GNYRAILD:0.20930232558139536	YYAMSVGL:0.22093023255813954	DGDGRADI:0.22093023255813954	DGDGDGRA:0.26744186046511625	YAMSVGLL:0.22093023255813954	AMSVGLLA:0.22093023255813954	NPQFLPSV:0.20930232558139536	GDGDGRAD:0.22093023255813954	MSVGLLAD:0.22093023255813954	GNPQFLPS:0.2441860465116279	LAYEGRRR:0.4418604651162791	EGRRRELF:0.2558139534883721	TLAYEGRR:0.37209302325581395	VILDYNCS:0.22093023255813954	YRVILDYN:0.22093023255813954	RVILDYNC:0.22093023255813954	NYRVILDY:0.22093023255813954	RRSLFEPE:0.22093023255813954	AYEGRRRS:0.22093023255813954	YEGRRRSL:0.2441860465116279	GRRRSLFE:0.2441860465116279	LATLAYEG:0.3372093023255814	ALATLAYE:0.20930232558139536	EGRRRSLF:0.2558139534883721	RRRSLFEP:0.22093023255813954	ATLAYEGR:0.3372093023255814	HVDAARIG:0.23255813953488372	
