cluster number:44
GH103:286	GH103:286
IRSLATLA:0.22377622377622378	LATLAYAD:0.32517482517482516	QFIPTSYL:0.3321678321678322	TQFIPTSY:0.5629370629370629	HTQFIPTS:0.5734265734265734	GHTQFIPT:0.6258741258741258	IWNSVPDA:0.23776223776223776	YNASDSYA:0.20279720279720279	NFGSGSKA:0.2062937062937063	FIPTSYLL:0.20279720279720279	LIAALKIL:0.26573426573426573	RDIWNSVP:0.21678321678321677	AMGHTQFI:0.5734265734265734	SVPDALAT:0.24825174825174826	TGSWAGAM:0.5664335664335665	DSRVNPYT:0.2062937062937063	AIWSMESN:0.36013986013986016	AGAMGHTQ:0.8181818181818182	LAIWSMES:0.3741258741258741	SMESNYGA:0.2062937062937063	GAMGHTQF:0.8076923076923077	IPTSYLLY:0.20279720279720279	WAGAMGHT:0.8181818181818182	WNSVPDAL:0.23776223776223776	GSGSKAAI:0.2062937062937063	FGSGSKAA:0.2062937062937063	DGNFGSGS:0.21328671328671328	QLIAALKI:0.2937062937062937	IAALKILQ:0.23076923076923078	ILLAIWSM:0.2727272727272727	LLAIWSME:0.32517482517482516	DIWNSVPD:0.23776223776223776	GNFGSGSK:0.2062937062937063	GSWAGAMG:0.8496503496503497	WSMESNYG:0.36363636363636365	SWAGAMGH:0.8251748251748252	IWSMESNY:0.36013986013986016	MGHTQFIP:0.5734265734265734	AMGHTQFM:0.23426573426573427	MGHTQFMP:0.23426573426573427	AVDFTGDG:0.2762237762237762	ALAVGLLA:0.25874125874125875	LAVGLLAD:0.25874125874125875	YALAVGLL:0.2692307692307692	MTGSWAGA:0.4230769230769231	DGRRDIWS:0.2727272727272727	GRRGAFFE:0.2062937062937063	GDGRRDIW:0.34615384615384615	LASTAAYL:0.3531468531468531	QFIPTSYQ:0.2097902097902098	RDIWSDDP:0.2097902097902098	ALASTAAY:0.32167832167832167	DALASTAA:0.32167832167832167	
