cluster number:6
GH103:304	GH103:304
QPRFIVAL:0.34868421052631576	VQPRFIVA:0.34868421052631576	EGRREAFF:0.3782894736842105	SWAGAMGQ:0.9769736842105263	KGSWAGAM:0.8486842105263158	PRFIVALW:0.3519736842105263	LKGSWAGA:0.41118421052631576	RFIVALWG:0.4769736842105263	GSWAGAMG:0.9769736842105263	LWGVESNF:0.2138157894736842	WGVESNFG:0.2138157894736842	IVALWGVE:0.2236842105263158	ALWGVESN:0.2138157894736842	VALWGVES:0.21052631578947367	FIVALWGV:0.22039473684210525	GVQPRFIV:0.2730263157894737	GDGKKDIW:0.24342105263157895	YGVQPRFI:0.21052631578947367	WAGAMGQC:0.3651315789473684	MGQCQFMP:0.3651315789473684	DRNQPEKK:0.2532894736842105	ALAVSHLA:0.20065789473684212	LAVSHLAD:0.20394736842105263	AGAMGQCQ:0.3651315789473684	NRSYYFAL:0.20065789473684212	GQCQFMPS:0.29276315789473684	VFASTANY:0.34868421052631576	WNRSYYFA:0.506578947368421	DVFASTAN:0.34868421052631576	FASTANYL:0.34868421052631576	QFMPSSFL:0.47368421052631576	FALAVSHL:0.20065789473684212	FKGSWAGA:0.23026315789473684	ASTANYLS:0.22039473684210525	AMGQCQFM:0.3651315789473684	YFALAVSH:0.20065789473684212	QCQFMPSS:0.27631578947368424	GAMGQCQF:0.3651315789473684	CQFMPSSF:0.2730263157894737	MHWNRSYY:0.35526315789473684	HWNRSYYF:0.35526315789473684	LATLAFEG:0.2631578947368421	DDVFASTA:0.2532894736842105	PAQFPAYV:0.2236842105263158	FPAYVEQL:0.2138157894736842	AFEGRREA:0.32894736842105265	PAYVEQLK:0.20723684210526316	ATLAFEGR:0.2631578947368421	SALATLAF:0.2532894736842105	FLVYDNFR:0.2565789473684211	ALATLAFE:0.2532894736842105	LAFEGRRE:0.3519736842105263	FEGRREAF:0.28618421052631576	NRSYYFAI:0.22697368421052633	KADRNQPE:0.2532894736842105	TLAFEGRR:0.3651315789473684	MKGSWAGA:0.21710526315789475	LVYDNFRT:0.25	NFRTIMHW:0.24013157894736842	FRTIMHWN:0.24013157894736842	TIMHWNRS:0.2138157894736842	MGQSQFMP:0.21052631578947367	AMGQSQFM:0.20723684210526316	GAMGQSQF:0.20723684210526316	WAGAMGQS:0.20723684210526316	AGAMGQSQ:0.20723684210526316	
