cluster number:31
GH103:174	GH103:174
RSPLYAMA:0.3735632183908046	YVITRYNR:0.4827586206896552	GSYAGAMG:0.867816091954023	NRSPLYAM:0.3735632183908046	RHYAVDFD:0.4367816091954023	SSYRHYAV:0.41379310344827586	RYNRSPLY:0.46551724137931033	SYRHYAVD:0.4367816091954023	PSSYRHYA:0.3505747126436782	ITRYNRSP:0.4827586206896552	GQFIPSSY:0.22988505747126436	YRHYAVDF:0.4425287356321839	VITRYNRS:0.4942528735632184	NFYVITRY:0.7586206896551724	SPLYAMAV:0.4367816091954023	YAMAVHQL:0.23563218390804597	YNRSPLYA:0.39080459770114945	PLYAMAVH:0.21264367816091953	FIPSSYRH:0.20114942528735633	TRYNRSPL:0.46551724137931033	LYAMAVHQ:0.22988505747126436	FYVITRYN:0.7586206896551724	QFIPSSYR:0.25862068965517243	HYAVDFDG:0.3390804597701149	VDAIGSVA:0.3275862068965517	GSVANYFA:0.29310344827586204	KGSYAGAM:0.6091954022988506	YTLGFHYP:0.3045977011494253	NPVDAIGS:0.3275862068965517	DAIGSVAN:0.6896551724137931	VLDSLYTL:0.21264367816091953	SLYTLGFH:0.20689655172413793	IVAIIGIE:0.3218390804597701	AVDFDGDG:0.3505747126436782	VAIIGIET:0.3160919540229885	AGAMGMGQ:0.2413793103448276	IGIETFYG:0.3218390804597701	GQFMPSSY:0.2413793103448276	RHNFYVIT:0.20689655172413793	HNFYVITR:0.29310344827586204	LKGSYAGA:0.4367816091954023	PVDAIGSV:0.3563218390804598	IIGIETFY:0.3218390804597701	LYTLGFHY:0.3160919540229885	GAMGMGQF:0.2413793103448276	YAGAMGMG:0.2413793103448276	QFMPSSYR:0.2413793103448276	YAVDFDGD:0.3793103448275862	DSLYTLGF:0.22413793103448276	IGSVANYF:0.6551724137931034	AIIGIETF:0.3218390804597701	RPWEAKPW:0.29310344827586204	SYAGAMGM:0.2471264367816092	LDSLYTLG:0.21839080459770116	AIGSVANY:0.6896551724137931	SYAGAMGY:0.3045977011494253	YVITRYNH:0.26436781609195403	VITRYNHS:0.27011494252873564	DALYTLGF:0.20114942528735633	PWEAKPWH:0.3505747126436782	GSVANYFH:0.21839080459770116	LYAMAVYQ:0.21264367816091953	
