cluster number:30
GH103:144	GH103:144
HGEIGQTQ:0.5833333333333334	KGAAHGEI:0.20833333333333334	GEIGQTQF:0.5833333333333334	IQGWNAAS:0.3611111111111111	AHGEIGQT:0.4375	GNQHTLSA:0.24305555555555555	TIRADRGQ:0.2152777777777778	NAASVYQQ:0.3402777777777778	EIGQTQFL:0.5416666666666666	DALASTAN:0.4583333333333333	ALASTANF:0.5486111111111112	ADALASTA:0.4513888888888889	WGMETGFG:0.8611111111111112	MGNQHTLS:0.22916666666666666	AASVYQQA:0.3333333333333333	AAHGEIGQ:0.4375	AAIQGWNA:0.3472222222222222	GPLLAIWG:0.2708333333333333	GWNAASVY:0.3888888888888889	LLAIWGME:0.3680555555555556	VGSRADAL:0.24305555555555555	CRRSDYFT:0.2708333333333333	RADALAST:0.2916666666666667	WNAASVYQ:0.4097222222222222	NQHTLSAV:0.24305555555555555	TLSAVATL:0.3263888888888889	ASVYQQAI:0.4166666666666667	GAAHGEIG:0.4930555555555556	GSRADALA:0.24305555555555555	AIWGMETG:0.8680555555555556	QLYAALKL:0.3958333333333333	AKGAAHGE:0.2013888888888889	LASTANFL:0.5486111111111112	SRADALAS:0.2916666666666667	IWGMETGF:0.8611111111111112	IGQTQFLP:0.5416666666666666	SVYQQAIA:0.4097222222222222	PLLAIWGM:0.2708333333333333	AIQGWNAA:0.5625	DCRRSDYF:0.2777777777777778	YGVPAGPL:0.3194444444444444	LAIWGMET:0.3680555555555556	QGWNAASV:0.3888888888888889	AALKLIDR:0.20833333333333334	TDQLYAAL:0.5833333333333334	TIAADRGQ:0.3611111111111111	WRAGAGYQ:0.375	AHGWRAGA:0.2013888888888889	GWRAGAGY:0.375	LDQFLAKR:0.2569444444444444	LNSTANFL:0.2013888888888889	DQLYAALK:0.2638888888888889	GEPNFAAI:0.3194444444444444	QRYGVPPG:0.2916666666666667	LYAALKLI:0.2152777777777778	QPGEPNFA:0.3263888888888889	YAALKLID:0.2152777777777778	TLAYDCRR:0.9236111111111112	FTDQLYAA:0.5833333333333334	GMETGFGS:0.5347222222222222	GYQPGEPN:0.5555555555555556	AGAGYQPG:0.4305555555555556	DQFLAKRG:0.2569444444444444	ATLAYDCR:0.5277777777777778	WNAAGVYQ:0.2361111111111111	PGEPNFAA:0.3263888888888889	LAYDCRRP:0.2708333333333333	YGVPPGPL:0.3263888888888889	GPLIAIWG:0.5486111111111112	PLIAIWGM:0.5416666666666666	YQPGEPNF:0.5	LIAIWGME:0.5416666666666666	GAGYQPGE:0.5833333333333334	ALNSTANF:0.2013888888888889	AGYQPGEP:0.5138888888888888	HGWRAGAG:0.375	IAIWGMET:0.5555555555555556	RYGVPPGP:0.3263888888888889	RAGAGYQP:0.3680555555555556	VSTLAYDC:0.2916666666666667	AGPLIAIW:0.3958333333333333	LSAVSTLA:0.3125	ADRGQKSF:0.5069444444444444	FKLSLDQF:0.2222222222222222	DQLYAALQ:0.22916666666666666	NFLRGHGW:0.20833333333333334	LAYDCRRS:0.6388888888888888	STANFLRG:0.20833333333333334	ANFLRGHG:0.20833333333333334	YDCRRSAY:0.2013888888888889	CRRSAYFT:0.20833333333333334	HTLSAVST:0.3055555555555556	AVSTLAYD:0.2916666666666667	GQKSFKLS:0.4722222222222222	TLSAVSTL:0.3194444444444444	QLYAALQL:0.2916666666666667	RGQKSFKL:0.4722222222222222	SFKLSLDQ:0.2222222222222222	AYDCRRSA:0.2708333333333333	GVPAGPLI:0.3958333333333333	KSFKLSLD:0.2013888888888889	QKSFKLSL:0.25	STLAYDCR:0.2916666666666667	SAVSTLAY:0.2916666666666667	PAGPLIAI:0.3958333333333333	ASTANFLR:0.25	DCRRSAYF:0.20833333333333334	VPAGPLIA:0.3958333333333333	LYAALQLV:0.2777777777777778	TANFLRGH:0.20833333333333334	DRGQKSFK:0.4791666666666667	YFTDQLYA:0.4444444444444444	RGAAHGEI:0.2152777777777778	NFLKGHGW:0.2986111111111111	STANFLKG:0.2986111111111111	TANFLKGH:0.2986111111111111	QKSFKLSF:0.3125	ANFLKGHG:0.2986111111111111	KSFKLSFD:0.2222222222222222	AVATLAYD:0.3333333333333333	VATLAYDC:0.3333333333333333	NFAAIQGW:0.2013888888888889	FAAIQGWN:0.20833333333333334	SAVATLAY:0.3333333333333333	LSAVATLA:0.3263888888888889	AYDCRRSD:0.2222222222222222	RYGVPAGP:0.25	YDCRRSDY:0.22916666666666666	IEQRYGVP:0.22916666666666666	SIEQRYGV:0.2013888888888889	GMETGFGA:0.20833333333333334	LKGHGWRA:0.2013888888888889	GHGWRAGA:0.20833333333333334	FLKGHGWR:0.2013888888888889	KGHGWRAG:0.2013888888888889	ASTANFLK:0.2361111111111111	YQQAIAYI:0.2013888888888889	VYQQAIAY:0.2152777777777778	QQAIAYIG:0.2013888888888889	METGFGSY:0.22916666666666666	TGFGSYMG:0.22916666666666666	IAADRGQK:0.20833333333333334	AADRGQKS:0.2013888888888889	ETGFGSYM:0.22916666666666666	
