cluster number:10
GH103:97	GH103:97
GLETNYGS:0.24742268041237114	GDGRRDLW:0.21649484536082475	LADRIAGA:0.27835051546391754	WGLETNYG:0.36082474226804123	SLATLACD:0.4639175257731959	HLADRIAG:0.20618556701030927	DGDGRRDL:0.21649484536082475	SFWGLETN:0.26804123711340205	YAIAVGHL:0.2268041237113402	ELDRRQPE:0.20618556701030927	VIELDRRQ:0.20618556701030927	LETNYGSY:0.23711340206185566	GHLADRIA:0.20618556701030927	IELDRRQP:0.20618556701030927	NRSEFYAI:0.31958762886597936	VGHLADRI:0.5567010309278351	SEFYAIAV:0.35051546391752575	RVIELDRR:0.20618556701030927	LSFWGLET:0.21649484536082475	WNRSEFYA:0.3917525773195876	LDRRQPEF:0.20618556701030927	FYAIAVGH:0.20618556701030927	IAVGHLAD:0.26804123711340205	AVGHLADR:0.31958762886597936	GSWAGAMG:0.9278350515463918	EFYAIAVG:0.35051546391752575	AIAVGHLA:0.2268041237113402	SWAGAMGH:0.8350515463917526	FWGLETNY:0.36082474226804123	AMGHTQFM:0.5979381443298969	GHTQFMPS:0.5360824742268041	AGAMGHTQ:0.5979381443298969	GAMGHTQF:0.5979381443298969	WAGAMGHT:0.5979381443298969	MGHTQFMP:0.5979381443298969	DALTSAAN:0.29896907216494845	MPVLDSLA:0.25773195876288657	YKGKMPVL:0.24742268041237114	LACDPRRS:0.29896907216494845	DSLATLAC:0.4948453608247423	LDSLATLA:0.422680412371134	YFSKRVTD:0.23711340206185566	TLACDPRR:0.31958762886597936	SKRVTDWR:0.23711340206185566	MPSAYTHY:0.21649484536082475	KMPVLDSL:0.23711340206185566	HTQFMPSA:0.5051546391752577	AFWGLETN:0.6082474226804123	GKMPVLDS:0.23711340206185566	TQFMPSAY:0.4948453608247423	LAFWGLET:0.32989690721649484	ALTSAANF:0.29896907216494845	FMPSAYTH:0.21649484536082475	YLLAFWGL:0.31958762886597936	KGKMPVLD:0.24742268041237114	PSAYTHYA:0.21649484536082475	LLAFWGLE:0.32989690721649484	QFMPSAYT:0.2268041237113402	ATLACDPR:0.24742268041237114	FWGLETNF:0.5154639175257731	VLDSLATL:0.3917525773195876	MVGSWAGA:0.4845360824742268	WGLETNFG:0.5154639175257731	VGSWAGAM:0.4742268041237113	LATLACDP:0.24742268041237114	LTSAANFL:0.30927835051546393	FSKRVTDW:0.23711340206185566	QPEFVQTF:0.26804123711340205	PVLDSLAT:0.25773195876288657	WGREVLLP:0.30927835051546393	AVDGDGDG:0.25773195876288657	RWGREVLL:0.29896907216494845	GLETNFGS:0.36082474226804123	LETNFGSY:0.36082474226804123	YAVDGDGD:0.23711340206185566	TVGHLADR:0.21649484536082475	HLADRING:0.3402061855670103	DGDGDGKA:0.2268041237113402	PSAYAKYA:0.24742268041237114	GFDVGKPD:0.3711340206185567	TGPAFLGY:0.30927835051546393	DGDGKADL:0.24742268041237114	FDVGKPDG:0.3711340206185567	GKADLWNS:0.23711340206185566	DGKADLWN:0.23711340206185566	GHLADRIN:0.3402061855670103	FGSYKGKM:0.20618556701030927	QFMPSAYA:0.24742268041237114	GDGKADLW:0.23711340206185566	ELMQALKL:0.23711340206185566	GDGDGKAD:0.2268041237113402	MPSAYAKY:0.24742268041237114	GHTGPAFL:0.31958762886597936	HTGPAFLG:0.30927835051546393	MQALKLKE:0.2268041237113402	NFGSYKGK:0.2268041237113402	LMQALKLK:0.2268041237113402	TNFGSYKG:0.24742268041237114	KADLWNST:0.20618556701030927	ETNFGSYK:0.24742268041237114	FMPSAYAK:0.24742268041237114	AIDGDGDG:0.2268041237113402	LSSAANFL:0.2268041237113402	DALSSAAN:0.2268041237113402	ALSSAANF:0.2268041237113402	YAIDGDGD:0.2268041237113402	MRWNRSEF:0.25773195876288657	RWNRSEFY:0.26804123711340205	YLPAGHTG:0.20618556701030927	FNVIMRWN:0.2268041237113402	LPAGHTGP:0.20618556701030927	VIMRWNRS:0.4020618556701031	IMRWNRSE:0.3711340206185567	PAGHTGPA:0.20618556701030927	NFNVIMRW:0.2268041237113402	NVIMRWNR:0.2268041237113402	AGHTGPAF:0.20618556701030927	LYLPAGHT:0.20618556701030927	TSAANFLQ:0.23711340206185566	GWQRNERW:0.21649484536082475	VGKPDGVL:0.2268041237113402	QPEFSQTF:0.26804123711340205	GKPDGVLG:0.2268041237113402	DVGKPDGV:0.21649484536082475	LADRINGG:0.24742268041237114	NERWGREV:0.28865979381443296	PDGVLGRN:0.20618556701030927	DGVLGRNS:0.20618556701030927	LGWQRNER:0.21649484536082475	TMVGSWAG:0.21649484536082475	RNERWGRE:0.25773195876288657	ALKLKEKY:0.2268041237113402	WQRNERWG:0.21649484536082475	QRNERWGR:0.21649484536082475	
