cluster number:13
GH103:41	GH103:41
EFTLTWAQ:0.5609756097560976	SAYLRYAA:0.34146341463414637	GSYAGAMG:0.8780487804878049	QFMPSAYL:0.5365853658536586	VIDALATL:0.3902439024390244	MPSAYLRY:0.4146341463414634	AVMGIWGL:0.24390243902439024	YALGVGLL:0.4634146341463415	YHNFNVIR:0.4146341463414634	DRHQPEFT:0.4878048780487805	MGIWGLES:0.2926829268292683	IDALATLA:0.34146341463414637	VIRRYNPS:0.6829268292682927	EADVFASI:0.3170731707317073	TLTWAQYR:0.24390243902439024	HNFNVIRR:0.4146341463414634	FNVIRRYN:0.5853658536585366	NVIRRYNP:0.5853658536585366	VYHNFNVI:0.4146341463414634	GIWGLESG:0.2682926829268293	FASIANYL:0.36585365853658536	LDRHQPEF:0.21951219512195122	PEFTLTWA:0.5609756097560976	ALGVGLLG:0.4634146341463415	RHQPEFTL:0.4878048780487805	SYAGAMGQ:0.8780487804878049	IRRYNPSD:0.8536585365853658	VMGIWGLE:0.2682926829268293	ADVFASIA:0.3170731707317073	HQPEFTLT:0.5609756097560976	DGRRSAFF:0.2926829268292683	DVFASIAN:0.3902439024390244	QPEFTLTW:0.5609756097560976	PSAYLRYA:0.4146341463414634	FMPSAYLR:0.4146341463414634	NFNVIRRY:0.5853658536585366	FTLTWAQY:0.5609756097560976	VFASIANY:0.3902439024390244	GRRSAFFR:0.2926829268292683	LATLAYDG:0.3170731707317073	AMGQPQFM:0.8536585365853658	TLAYDGRR:0.3170731707317073	RYNPSDFY:0.6829268292682927	EAFIVYHN:0.21951219512195122	ESAYGTRM:0.2682926829268293	LKADRHQP:0.2682926829268293	GEAFIVYH:0.21951219512195122	LAYDGRRS:0.21951219512195122	MLGSYAGA:0.4146341463414634	AYLRYAAS:0.21951219512195122	QPQFMPSA:0.5609756097560976	NAKVLKAD:0.24390243902439024	LESAYGTR:0.2926829268292683	GQPQFMPS:0.6829268292682927	TQPNAKVL:0.24390243902439024	GAIAGIWG:0.2926829268292683	QPNAKVLK:0.24390243902439024	DALATLAY:0.21951219512195122	RPDGVGGE:0.24390243902439024	ALTTQPNA:0.24390243902439024	FYALGVGL:0.34146341463414637	ANYLAKCH:0.24390243902439024	NYLAKCHW:0.24390243902439024	AKVLKADR:0.24390243902439024	WGLESAYG:0.3902439024390244	AFIVYHNF:0.21951219512195122	YDGRRSAF:0.21951219512195122	GLLGDAIT:0.21951219512195122	PDGVGGEA:0.24390243902439024	SAYGTRMG:0.2682926829268293	IVYHNFNV:0.21951219512195122	LRYAASYP:0.21951219512195122	ALATLAYD:0.24390243902439024	PNAKVLKA:0.24390243902439024	IRPDGVGG:0.21951219512195122	VGLLGDAI:0.21951219512195122	KGAIAGIW:0.24390243902439024	NEADVFAS:0.24390243902439024	GMLGSYAG:0.2926829268292683	AYGTRMGT:0.21951219512195122	SDFYALGV:0.34146341463414637	LTWAQYKD:0.2682926829268293	LAGVRREA:0.24390243902439024	WAQYKDRV:0.24390243902439024	NPSDFYAL:0.5365853658536586	SIANYLAK:0.24390243902439024	AGIWGLES:0.2926829268292683	KADRHQPE:0.2682926829268293	GAMGQPQF:0.8536585365853658	TWAQYKDR:0.2682926829268293	IANYLAKC:0.24390243902439024	DGVGGEAF:0.21951219512195122	TTQPNAKV:0.24390243902439024	VLKADRHQ:0.2682926829268293	YAGAMGQP:0.7804878048780488	LGSYAGAM:0.4146341463414634	GIWGLESA:0.3902439024390244	GGEAFIVY:0.21951219512195122	RRYNPSDF:0.6829268292682927	LALTTQPN:0.24390243902439024	YLRYAASY:0.21951219512195122	PSDFYALG:0.34146341463414637	AIAGIWGL:0.2926829268292683	YNPSDFYA:0.6829268292682927	FIVYHNFN:0.21951219512195122	ALALTTQP:0.24390243902439024	MGQPQFMP:0.8536585365853658	IWGLESAY:0.3902439024390244	GLESAYGT:0.36585365853658536	AGAMGQPQ:0.8536585365853658	TLTWAQYK:0.2682926829268293	DFYALGVG:0.34146341463414637	ADRHQPEF:0.2682926829268293	ATLAYDGR:0.3170731707317073	LTTQPNAK:0.24390243902439024	PQFMPSAY:0.5609756097560976	ASIANYLA:0.2926829268292683	AGVRREAI:0.21951219512195122	KVLKADRH:0.2682926829268293	IAGIWGLE:0.2926829268292683	FLAGVRRE:0.24390243902439024	GRRASFFR:0.24390243902439024	DGPGGEAF:0.21951219512195122	PDGPGGEA:0.21951219512195122	
