cluster number:43
GH103:7	GH103:7
GSYAGAMG:0.2857142857142857	LGTYVGNR:0.2857142857142857	VETRLGTY:0.42857142857142855	HSNYYVDT:0.2857142857142857	GISQFMPS:0.42857142857142855	GVDKTIIT:0.2857142857142857	VDKTIITA:0.2857142857142857	SNYYVDTL:0.2857142857142857	NHSNYYVD:0.2857142857142857	LVETRLGT:0.42857142857142855	YYVDTLLK:0.2857142857142857	AMGISQFM:0.42857142857142855	WAYKELKA:0.2857142857142857	ETRLGTYV:0.2857142857142857	GAMGISQF:0.42857142857142855	ISQFMPSN:0.42857142857142855	MGISQFMP:0.42857142857142855	YVDTLLKI:0.2857142857142857	LLKISDKL:0.2857142857142857	RLGTYVGN:0.2857142857142857	VDTLLKIS:0.2857142857142857	YAGAMGIS:0.42857142857142855	KISDKLKG:0.2857142857142857	YGVDKTII:0.2857142857142857	QFMPSNAL:0.2857142857142857	TLLKISDK:0.2857142857142857	AYKELKAL:0.2857142857142857	DKTIITAI:0.2857142857142857	YNHSNYYV:0.2857142857142857	TRLGTYVG:0.2857142857142857	NYYVDTLL:0.2857142857142857	LKISDKLK:0.2857142857142857	AGAMGISQ:0.42857142857142855	HSESSLDY:0.2857142857142857	SQFMPSNA:0.2857142857142857	SYAGAMGI:0.42857142857142855	YKELKALL:0.2857142857142857	DTLLKISD:0.2857142857142857	AILLVETR:0.7142857142857143	IFSVANYL:0.2857142857142857	TAILLVET:0.5714285714285714	DAIFSVAN:0.2857142857142857	ILLVETRL:0.42857142857142855	ITAILLVE:0.5714285714285714	LLVETRLG:0.42857142857142855	AIFSVANY:0.2857142857142857	LLVETRFG:0.2857142857142857	ILLVETRF:0.2857142857142857	SQFMPSNI:0.2857142857142857	EVITAILL:0.2857142857142857	VITAILLV:0.42857142857142855	SKLNYDQF:0.2857142857142857	ESKLNYDQ:0.2857142857142857	KLNYDQFL:0.2857142857142857	PSNILKLG:0.2857142857142857	
