cluster number:12
CBM21:7	CBM21:7
WDNNDGKN:0.2857142857142857	DNNDGKNY:0.2857142857142857	VVFADMKG:0.2857142857142857	FDQFGSPR:0.2857142857142857	EFDQFGSP:0.2857142857142857	NVYGCQDT:0.2857142857142857	TFMNNVYG:0.2857142857142857	NNVYGCQD:0.2857142857142857	YLDFRNRL:0.2857142857142857	YGCQDTDT:0.2857142857142857	FEKSVQVR:0.2857142857142857	ADYLDFRN:0.2857142857142857	KKRVVFAD:0.42857142857142855	KRVVFADM:0.2857142857142857	MNNVYGCQ:0.2857142857142857	FMNNVYGC:0.2857142857142857	VYGCQDTD:0.2857142857142857	CTFMNNVY:0.2857142857142857	DYLDFRNR:0.2857142857142857	RVVFADMK:0.2857142857142857	KPLRPCLS:0.2857142857142857	GTVKVRNI:0.2857142857142857	GCQDTDTF:0.2857142857142857	PLRPCLSS:0.2857142857142857	GKKRVVFA:0.2857142857142857	KKVVFADS:0.42857142857142855	FADSKGMS:0.42857142857142855	TGTIKVRN:0.2857142857142857	VHVRITFD:0.42857142857142855	VFADSKGM:0.42857142857142855	AADYLDFR:0.2857142857142857	DSKGMSLT:0.42857142857142855	SLTAVHVF:0.2857142857142857	VRITFDSW:0.5714285714285714	ITFDSWKS:0.2857142857142857	KGMSLTAV:0.42857142857142855	KNLVCLEN:0.2857142857142857	NLVCLENC:0.2857142857142857	LTGTIKVR:0.2857142857142857	VVFADSKG:0.42857142857142855	MSLTAVHV:0.2857142857142857	PAADYLDF:0.2857142857142857	HVRITFDS:0.42857142857142855	KVVFADSK:0.42857142857142855	SKGMSLTA:0.42857142857142855	GMSLTAVH:0.2857142857142857	KKKVVFAD:0.42857142857142855	QPAADYLD:0.2857142857142857	RITFDSWK:0.42857142857142855	ADSKGMSL:0.42857142857142855	AKKKVVFA:0.2857142857142857	WDNNNGKN:0.2857142857142857	KAKKKVVF:0.2857142857142857	DNNNGKNY:0.2857142857142857	ADAKGLAL:0.2857142857142857	FADAKGLA:0.2857142857142857	
