cluster number:7
GH110:12	GH110:12
IPFSFQGD:0.3333333333333333	HRARNIII:0.3333333333333333	MSSIMLRG:0.3333333333333333	RDHRARNI:0.4166666666666667	NKTWNPTF:0.3333333333333333	VDGLIIKG:0.25	RARNIIIK:0.3333333333333333	RVDGLIIK:0.25	CKGDILIE:0.6666666666666666	HFANCKGD:0.5833333333333334	TNVHGTYV:0.75	VHGTYVEV:0.3333333333333333	IIWADRVD:0.25	DGTNVHGT:0.75	ENKTWNPT:0.3333333333333333	NIIIKTPK:0.25	DHRARNII:0.3333333333333333	ANCKGDIL:0.5833333333333334	SMMSSIML:0.3333333333333333	IIIKTPKK:0.25	HHALGMGF:0.75	ADRVDGLI:0.3333333333333333	GDLLENKT:0.4166666666666667	DGLIIKGN:0.25	THFANCKG:0.5833333333333334	LGMGFLFE:0.8333333333333334	WADRVDGL:0.6666666666666666	LLENKTWN:0.3333333333333333	GTNVHGTY:0.75	ARNIIIKT:0.3333333333333333	GFLFERSE:0.4166666666666667	PRLGKSFD:0.25	NCKGDILI:0.6666666666666666	GMGFLFER:0.75	TIHHALGM:0.25	ALGMGFLF:0.8333333333333334	DIPFSFQG:0.3333333333333333	FANCKGDI:0.5833333333333334	LKVSPRLG:0.25	HALGMGFL:0.8333333333333334	IWADRVDG:0.25	RNIIIKTP:0.3333333333333333	WDIPFSFQ:0.4166666666666667	DRVDGLII:0.3333333333333333	IRDHRARN:0.4166666666666667	KTWNPTFT:0.3333333333333333	SSMMSSIM:0.3333333333333333	TIDWDIPF:0.3333333333333333	PFSFQGDV:0.25	ATHFANCK:0.5833333333333334	MGFLFERS:0.5	DLLENKTW:0.3333333333333333	ADATHFAN:0.5833333333333334	LSSMMSSI:0.4166666666666667	WFESGNVE:0.25	LENKTWNP:0.5833333333333334	DWDIPFSF:0.4166666666666667	MMSSIMLR:0.3333333333333333	SIMLRGET:0.25	IIKTPKKI:0.25	IHHALGMG:0.5	NVHGTYVE:0.4166666666666667	WNPTFTMR:0.25	IDWDIPFS:0.3333333333333333	DATHFANC:0.5833333333333334	DDGTNVHG:0.75	SSIMLRGE:0.3333333333333333	TWNPTFTM:0.3333333333333333	ENNTIETF:0.3333333333333333	TIRDHRAR:0.25	FENNTIET:0.3333333333333333	VEDVLIRN:0.25	FEQTGFEF:0.25	NRYAPAFQ:0.4166666666666667	HGQVAPFQ:0.3333333333333333	NRIVWADR:0.4166666666666667	HFEQTGFE:0.25	FGNRIVWA:0.25	MLDDGTNV:0.5833333333333334	IADATHFA:0.25	FHGQVAPF:0.3333333333333333	IFHGQVAP:0.3333333333333333	GDEVWFIK:0.25	LDDGTNVH:0.5833333333333334	EDVLIRNN:0.25	GNRIVWAD:0.25	DEVWFIKA:0.25	FIFHGQVA:0.25	SIDWDIPF:0.4166666666666667	EVWFIKAP:0.25	MSSILFRG:0.25	NMLDDGTN:0.25	SSMMSSIL:0.25	HRARNIVL:0.3333333333333333	SSILFRGE:0.25	PVFTMRGC:0.25	NPVFTMRG:0.25	GSILHSKG:0.25	PLKTVIEN:0.25	FENMLDDG:0.5	RFENMLDD:0.4166666666666667	SMMSSILF:0.25	VGSILHSK:0.25	RARNIVLK:0.3333333333333333	LKTVIENN:0.25	MMSSILFR:0.25	ENMLDDGT:0.25	ADATHFCN:0.25	ARNIVLKT:0.25	RNIVLKTP:0.25	VVIHHALG:0.25	IVWADRVD:0.4166666666666667	FLFERSEN:0.25	GDILIENC:0.25	KGDILIEN:0.4166666666666667	RIVWADRV:0.5	VWADRVDG:0.4166666666666667	VIHHALGM:0.25	EIEGNGAE:0.25	IDWDIPFT:0.4166666666666667	DWDIPFTF:0.4166666666666667	KVHHALGM:0.25	LSIDWDIP:0.25	ESGAVEDV:0.3333333333333333	VEIEGNGA:0.3333333333333333	RYAPAFQV:0.5	SVEIEGNG:0.25	VHHALGMG:0.25	TIADATHF:0.3333333333333333	IENNNFSS:0.25	NNNFSSMM:0.25	TNHGNGLK:0.3333333333333333	ENNNFSSM:0.25	HGNGLKKI:0.25	NHGNGLKK:0.25	STIADATH:0.25	ITNHGNGL:0.25	NNFSSMMS:0.25	TPLKTVIE:0.25	MGFLFERT:0.25	KTPLKTVI:0.25	DHRARNIV:0.25	IEGNGAEF:0.25	
