cluster number:47
CBM35:86	CBM35:86|GH16:1
PGVPRTSY:0.46511627906976744	GYGYPGPA:0.29069767441860467	AAPETLPG:0.27906976744186046	QPGVPRTS:0.46511627906976744	YNQVRAVG:0.3023255813953488	GVPRTSYN:0.43023255813953487	YAAPETLP:0.27906976744186046	HYAAPETL:0.27906976744186046	VPRTSYNQ:0.4069767441860465	NQVRAVGE:0.2558139534883721	SYNQVRAV:0.3023255813953488	RTSYNQVR:0.43023255813953487	AHYAAPET:0.37209302325581395	QVRAVGER:0.29069767441860467	NAHYAAPE:0.3372093023255814	TSYNQVRA:0.2558139534883721	APETLPGG:0.3488372093023256	AQPGVPRT:0.313953488372093	GGYGYPGP:0.3953488372093023	PRTSYNQV:0.43023255813953487	PEDDDPFG:0.6627906976744186	YGVPGKDA:0.22093023255813954	DPFGYLYA:0.6511627906976745	DDPFGYLY:0.813953488372093	PFGYLYAD:0.6511627906976745	EDDDPFGY:0.6627906976744186	FGYLYADG:0.6511627906976745	GYLYADGQ:0.6511627906976745	DDDPFGYL:0.7093023255813954	GPNTKGLL:0.4069767441860465	IGAVAVVA:0.37209302325581395	KGLLIGAV:0.22093023255813954	LPKQDAAT:0.20930232558139536	LIGAVAVV:0.4186046511627907	NNGASTPE:0.29069767441860467	LLIGAVAV:0.4186046511627907	AVAVVAVV:0.27906976744186046	STPEDDDP:0.4069767441860465	GLLIGAVA:0.36046511627906974	TPEDDDPF:0.45348837209302323	PNTKGLLI:0.4069767441860465	TKGLLIGA:0.3953488372093023	RGPNTKGL:0.32558139534883723	ASTPEDDD:0.36046511627906974	MTAGNNGA:0.26744186046511625	GNNGASTP:0.26744186046511625	GASTPEDD:0.36046511627906974	PKQDAATL:0.20930232558139536	NGASTPED:0.3372093023255814	NTKGLLIG:0.3953488372093023	VGERQYGQ:0.3023255813953488	VRAVGERQ:0.2441860465116279	LYADGQAA:0.20930232558139536	RAVGERQY:0.2441860465116279	ADGQAAGA:0.20930232558139536	YADGQAAG:0.20930232558139536	AVGERQYG:0.2441860465116279	YLYADGQA:0.5581395348837209	LNKGTNTI:0.22093023255813954	LLIGAIAV:0.2558139534883721	KGLLIGAI:0.22093023255813954	LIGAIAVV:0.2558139534883721	IGAIAVVA:0.2441860465116279	GLLIGAIA:0.2558139534883721	ANGAQPPS:0.22093023255813954	NGAQPPSG:0.22093023255813954	ADGQANGA:0.2441860465116279	YADGQANG:0.2441860465116279	GYGYPNSV:0.26744186046511625	LYADGQAN:0.2441860465116279	VAAVVIGI:0.3372093023255814	VVAAVVIG:0.3372093023255814	DGQANGAQ:0.23255813953488372	GAQPPSGG:0.313953488372093	AVVAAVVI:0.32558139534883723	QANGAQPP:0.23255813953488372	GQANGAQP:0.23255813953488372	GGYGYPNS:0.26744186046511625	YGQPNAHY:0.20930232558139536	AQPPSGGY:0.27906976744186046	PPSGGYGY:0.29069767441860467	PSGGYGYP:0.29069767441860467	SGGYGYPN:0.2558139534883721	QPPSGGYG:0.27906976744186046	
