cluster number:265
CE4:26	CE4:26
VSSGDAGG:0.2692307692307692	GSSNTVSR:0.3076923076923077	KVVYLTFD:0.4230769230769231	GVKATFFV:0.2692307692307692	LTFDDGPS:0.6153846153846154	PGGSSNTV:0.6153846153846154	VVYLTFDD:0.4230769230769231	NVSSGDAG:0.3076923076923077	WNVSSGDA:0.5	SHDVSVVL:0.23076923076923078	FDWNVSSG:0.2692307692307692	VKATFFVT:0.5384615384615384	KATFFVTG:0.46153846153846156	TFDDGPSP:0.23076923076923078	RFPGGSSN:0.8461538461538461	HGYTFLPL:0.23076923076923078	DVSVVLQH:0.23076923076923078	DDGPSPYT:0.23076923076923078	FDDGPSPY:0.23076923076923078	FPGGSSNT:0.7692307692307693	GGSSNTVS:0.6153846153846154	AHGYTFLP:0.23076923076923078	HKVVYLTF:0.23076923076923078	VSVVLQHD:0.34615384615384615	VYLTFDDG:0.6923076923076923	YLTFDDGP:0.9230769230769231	DWNVSSGD:0.5	HDVSVVLQ:0.23076923076923078	YNVKATFF:0.3076923076923077	KYNVKATF:0.23076923076923078	IRFPGGSS:0.46153846153846156	NVKATFFV:0.3076923076923077	LTFDDGPG:0.3076923076923077	IYLTFDDG:0.23076923076923078	
