cluster number:270
CE4:19	CE4:19
IVLMHPTE:0.21052631578947367	GHEIGNHG:0.3157894736842105	LFAPPYGE:0.42105263157894735	MWSIDTID:0.3157894736842105	IMWSIDTI:0.2631578947368421	WSIDTIDW:0.631578947368421	HEIGNHGY:0.3157894736842105	EIGSHGYS:0.21052631578947367	LWSIDTID:0.3157894736842105	LYAPPYGE:0.3684210526315789	GYSHPHPD:0.2631578947368421	IGSHGYSH:0.21052631578947367	AHNGAIVL:0.3684210526315789	AIVLMHPT:0.5263157894736842	KAHNGAIV:0.3157894736842105	TIDWQRPA:0.3157894736842105	NGAIVLMH:0.47368421052631576	VFWGEEYI:0.21052631578947367	GAIVLMHP:0.5263157894736842	SIDTIDWQ:0.47368421052631576	FWGEEYIP:0.21052631578947367	SHGYSHPH:0.21052631578947367	DTIDWQRP:0.5789473684210527	HNGAIVLM:0.42105263157894735	IDWQRPAP:0.3157894736842105	HEIGSHGY:0.2631578947368421	GSHGYSHP:0.21052631578947367	NVFWGEEY:0.3157894736842105	GHEIGSHG:0.2631578947368421	IDTIDWQR:0.5263157894736842	HGYSHPHP:0.3157894736842105	ILWSIDTI:0.2631578947368421	CNVFWGEE:0.3157894736842105	APPYGERG:0.21052631578947367	HPHPDQLS:0.21052631578947367	VLMHPTAP:0.3684210526315789	IVLMHPTA:0.3684210526315789	LMHPTAPT:0.3684210526315789	MHPTAPTV:0.3157894736842105	APPYGEYN:0.21052631578947367	
