cluster number:195
CE4:11	CE4:11
EALPEIIE:0.2727272727272727	LTFDDGPS:0.7272727272727273	TVEALPEI:0.2727272727272727	AYLTFDDG:0.36363636363636365	DDGPSENT:0.2727272727272727	YLTFDDGP:0.9090909090909091	FDDGPSEN:0.2727272727272727	TFDDGPSE:0.2727272727272727	KTAYLTFD:0.36363636363636365	VEALPEII:0.2727272727272727	TAYLTFDD:0.36363636363636365	RIVDEGHT:0.36363636363636365	TSVVLLHD:0.2727272727272727	RFPGGSSN:0.45454545454545453	YYRFPGGS:0.2727272727272727	IVDEGHTL:0.36363636363636365	DEGHTLGM:0.36363636363636365	YRFPGGSS:0.45454545454545453	KTSVVLLH:0.2727272727272727	VDEGHTLG:0.36363636363636365	YKTSVVLL:0.2727272727272727	KYKTSVVL:0.2727272727272727	DDGPSSNT:0.2727272727272727	DVKATFFV:0.36363636363636365	YDVKATFF:0.2727272727272727	VYLTFDDG:0.45454545454545453	GHTLGMHS:0.45454545454545453	EGHTLGMH:0.36363636363636365	TLGMHSYS:0.36363636363636365	FDDGPSSN:0.36363636363636365	LGMHSYSH:0.2727272727272727	TFDDGPSS:0.45454545454545453	HTLGMHSY:0.45454545454545453	KATFFVVG:0.2727272727272727	VKATFFVV:0.2727272727272727	
