cluster number:138
CE4:91	CE4:91
SFDDGPSV:0.21978021978021978	FPGGHMTW:0.27472527472527475	HDTYGKEE:0.6923076923076923	FVEKYLNQ:0.2087912087912088	KKQGYEFK:0.26373626373626374	NHTYSHDY:0.24175824175824176	AIGNHTYS:0.46153846153846156	KEETAKAL:0.5824175824175825	GPSVTVTP:0.21978021978021978	DGKKVVYL:0.31868131868131866	HAIGNHTY:0.3516483516483517	MHDTYGKE:0.7252747252747253	YGKEETAK:0.5934065934065934	RFPGGHMT:0.27472527472527475	DYHQIDWN:0.25274725274725274	LMHDTYGK:0.7362637362637363	GKEETAKA:0.5714285714285714	YLSFDDGP:0.31868131868131866	IRFPGGHM:0.31868131868131866	KDYHQIDW:0.24175824175824176	AFVEKYLN:0.2087912087912088	EKYLNQQM:0.3076923076923077	DTYGKEET:0.6923076923076923	TYGKEETA:0.6153846153846154	IGNHTYSH:0.5274725274725275	FDDGPSVT:0.21978021978021978	GHAIGNHT:0.3516483516483517	YLKKQGYE:0.23076923076923078	LKKQGYEF:0.26373626373626374	EETAKALP:0.5824175824175825	EGHAIGNH:0.2967032967032967	VEKYLNQQ:0.2087912087912088	GNHTYSHD:0.26373626373626374	DDGPSVTV:0.21978021978021978	DGPSVTVT:0.21978021978021978	ETAKALPE:0.23076923076923078	LSFDDGPS:0.31868131868131866	KVAYLTFD:0.21978021978021978	LTFDDGPS:0.5494505494505495	AYLTFDDG:0.32967032967032966	YLTFDDGP:0.5824175824175825	TFDDGPSE:0.2967032967032967	VAYLTFDD:0.21978021978021978	DGPSETVT:0.2857142857142857	VVYLTFDD:0.24175824175824176	GPSETVTP:0.2857142857142857	VYLTFDDG:0.25274725274725274	KVVYLTFD:0.24175824175824176	DDGPSETV:0.2857142857142857	FDDGPSET:0.34065934065934067	TVTPQILD:0.3516483516483517	ILMHDTYG:0.4725274725274725	PDGADGKK:0.38461538461538464	GREKAIIL:0.24175824175824176	DGADGKKV:0.38461538461538464	AIILMHDT:0.2857142857142857	GNHTYSHN:0.26373626373626374	IILMHDTY:0.3076923076923077	REKAIILM:0.2857142857142857	EKAIILMH:0.2857142857142857	NHTYSHNY:0.26373626373626374	KAIILMHD:0.2857142857142857	TPQILDIL:0.3076923076923077	VTPQILDI:0.2967032967032967	PQILDILK:0.2967032967032967	VLGEDFST:0.24175824175824176	YSHNYKYL:0.2087912087912088	SHNYKYLY:0.2087912087912088	GADGKKVA:0.24175824175824176	DGKKVAYL:0.25274725274725274	ADGKKVAY:0.24175824175824176	
