cluster number:264
CE4:6	CE4:6
GDPDPSLS:0.3333333333333333	KALGLRFI:0.3333333333333333	IESGDPDP:0.5	LFRPPYGE:0.8333333333333334	HANGKGKH:0.5	DYLIEHRI:0.3333333333333333	ALGLRFIQ:0.3333333333333333	FHANGKGK:0.3333333333333333	PGVALTFD:0.5	GKGKHTRE:0.3333333333333333	TLFRPPYG:0.5	VKALGLRF:0.5	FRPPYGEY:0.8333333333333334	VVKALGLR:0.3333333333333333	LTFDLCPV:0.6666666666666666	CPGVALTF:0.5	KGKHTREV:0.3333333333333333	ESGDPDPS:0.3333333333333333	NGKGKHTR:0.3333333333333333	SGDPDPSL:0.3333333333333333	ALTFDLCP:0.6666666666666666	GVALTFDL:0.5	DPDPSLST:0.3333333333333333	ATLFRPPY:0.3333333333333333	PDPSLSTE:0.3333333333333333	ANGKGKHT:0.5	LGLRFIQW:0.3333333333333333	VFHANGKG:0.3333333333333333	VALTFDLC:0.6666666666666666	PATFFMSG:0.5	HLPLHSAD:0.3333333333333333	AQVIKSGP:0.3333333333333333	PLHSADEQ:0.3333333333333333	TFFMSGKW:0.3333333333333333	ATFFMSGK:0.3333333333333333	PYGEYNDV:0.3333333333333333	LPLHSADE:0.3333333333333333	IPATFFMS:0.3333333333333333	RPPYGEYN:0.6666666666666666	PPYGEYND:0.5	TFDLCPVR:0.5	VMHANGKG:0.5	MHANGKGK:0.3333333333333333	VIVMHANG:0.3333333333333333	GDPDPTLT:0.3333333333333333	DPDPTLTA:0.3333333333333333	GSVIVMHA:0.3333333333333333	SVIVMHAN:0.3333333333333333	SGDPDPTL:0.3333333333333333	IVMHANGK:0.5	SCPGVALT:0.3333333333333333	KQEILGPV:0.3333333333333333	FFEVGTHG:0.3333333333333333	VPFFEVGT:0.3333333333333333	QKQEILGP:0.3333333333333333	PFFEVGTH:0.3333333333333333	VVSGDPDP:0.3333333333333333	
