cluster number:204
CE4:121	CE4:121|GT2:78|CBM50:1
GPDPRWTP:0.2066115702479339	ALTFDDGP:0.5785123966942148	VALTFDDG:0.2975206611570248	GDRSQTVA:0.2396694214876033	HDGGGDRS:0.24793388429752067	DGGGDRSQ:0.24793388429752067	LTFDDGPD:0.48760330578512395	DDGPDPRW:0.2066115702479339	RSQTVAAL:0.2644628099173554	MHDGGGDR:0.256198347107438	GGDRSQTV:0.30578512396694213	TFDDGPDP:0.4628099173553719	DGPDPRWT:0.2066115702479339	DRSQTVAA:0.2396694214876033	FDDGPDPR:0.2066115702479339	GGGDRSQT:0.2231404958677686	LMHDGGGD:0.24793388429752067	AVSGNTKV:0.2727272727272727	PGAIGAFR:0.45454545454545453	YRWCYGTL:0.33884297520661155	GNTKVGNR:0.256198347107438	WRQRYRWC:0.35537190082644626	RQLMYLVV:0.30578512396694213	RTVALTFD:0.2066115702479339	PTVPGAIG:0.4049586776859504	VPGAIGAF:0.371900826446281	CYGTLQAM:0.2066115702479339	TLQAMWKH:0.2975206611570248	CMPTVPGA:0.48760330578512395	QAMWKHRR:0.23140495867768596	GAVSGNTK:0.2727272727272727	YRQLMYLV:0.4462809917355372	VYRQLMYL:0.3884297520661157	LQAMWKHR:0.2975206611570248	DTLAEDTD:0.4297520661157025	GWRVVYEE:0.371900826446281	WCYGTLQA:0.2396694214876033	GAIGAFRR:0.45454545454545453	GTLQAMWK:0.2975206611570248	QRYRWCYG:0.4132231404958678	RYRWCYGT:0.4132231404958678	FVYRQLMY:0.30578512396694213	LAEDTDLT:0.5206611570247934	LMYLVVIQ:0.24793388429752067	RQRYRWCY:0.34710743801652894	VIGFNLDR:0.24793388429752067	TLAEDTDL:0.5206611570247934	AEDTDLTM:0.5041322314049587	QLWRQRYR:0.35537190082644626	VSGNTKVG:0.256198347107438	LWRQRYRW:0.45454545454545453	RWCYGTLQ:0.33884297520661155	YGTLQAMW:0.2975206611570248	MPTVPGAI:0.3884297520661157	NTKVGNRR:0.2066115702479339	TVPGAIGA:0.3884297520661157	YVIGFNLD:0.24793388429752067	EDTDLTMA:0.4132231404958678	IGFNLDRR:0.24793388429752067	VIVPAYNE:0.30578512396694213	SGNTKVGN:0.256198347107438	MYLVVIQS:0.24793388429752067	QLMYLVVI:0.2644628099173554	EYVIGFNL:0.24793388429752067	YLVVIQSV:0.2809917355371901	DGSTDGTA:0.2727272727272727	DTDLTMAL:0.36363636363636365	GFNLDRRM:0.35537190082644626	VVDDGSTD:0.2892561983471074	GSTDGTAD:0.2396694214876033	VDDGSTDG:0.2727272727272727	ECMPTVPG:0.34710743801652894	DDGSTDGT:0.2892561983471074	PVSVIVPA:0.2396694214876033	VSVIVPAY:0.24793388429752067	SVIVPAYN:0.24793388429752067	GAFRRDAL:0.2231404958677686	DTVFEPDA:0.2644628099173554	RAGWRVVY:0.33884297520661155	LECMPTVP:0.256198347107438	AYNEEAGI:0.23140495867768596	LGRWQHLE:0.2727272727272727	AIGAFRRD:0.256198347107438	VIDDGSTD:0.256198347107438	FNLDRRMF:0.2066115702479339	LRQLWRQR:0.2396694214876033	TDLTMALW:0.2231404958677686	GRWQHLEY:0.2727272727272727	EVLECMPT:0.23140495867768596	RMFEVLEC:0.21487603305785125	FEVLECMP:0.2066115702479339	PAYNEEAG:0.23140495867768596	RRMFEVLE:0.21487603305785125	AGWRVVYE:0.3305785123966942	RQLWRQRY:0.2644628099173554	SLRQLWRQ:0.23140495867768596	DLTMALWR:0.2066115702479339	MFEVLECM:0.2066115702479339	DADTVFEP:0.23140495867768596	VLECMPTV:0.256198347107438	RWQHLEYV:0.24793388429752067	IGAFRRDA:0.24793388429752067	LLGRWQHL:0.24793388429752067	HPELVRRI:0.21487603305785125	IALTFDDG:0.21487603305785125	GPDPVWTP:0.256198347107438	PDPVWTPR:0.21487603305785125	
