cluster number:76
CE4:152	CE4:152
HASDSAKQ:0.4407894736842105	PPTGQFNK:0.3815789473684211	MNHFYVWH:0.3618421052631579	ATFFLSAS:0.6907894736842105	QIGSMGYA:0.375	KGLKNVTV:0.34868421052631576	TFFLSASW:0.6973684210526315	DGHQIGSM:0.375	SWAERHPD:0.5855263157894737	LLRPPTGQ:0.48026315789473684	SMGYAYKN:0.375	GHQIGSMG:0.3815789473684211	KDGHQIGS:0.375	LSASWAER:0.6842105263157895	ASDSAKQT:0.4407894736842105	FFLSASWA:0.6973684210526315	HQIGSMGY:0.3815789473684211	FLSASWAE:0.6973684210526315	RPPTGQFN:0.48026315789473684	IGSMGYAY:0.3881578947368421	GSMGYAYK:0.375	SASWAERH:0.6907894736842105	ASWAERHP:0.6907894736842105	LRPPTGQF:0.48026315789473684	MGYAYKNY:0.3815789473684211	GDIVLLHA:0.5723684210526315	GIKNATFF:0.4342105263157895	IIIIAAFA:0.21710526315789475	VLLHASDS:0.5657894736842105	HFYVWHIK:0.20394736842105263	LLHASDSA:0.875	KANGIKNA:0.3026315789473684	NGIKNATF:0.3355263157894737	KNATFFLS:0.6907894736842105	DIVLLHAS:0.5723684210526315	LHASDSAK:0.3815789473684211	IVLLHASD:0.5723684210526315	IKNATFFL:0.6842105263157895	FYVWHIKR:0.20394736842105263	NHFYVWHI:0.35526315789473684	ANGIKNAT:0.3026315789473684	LKANGIKN:0.3026315789473684	ISWGDEKA:0.25	NATFFLSA:0.7368421052631579	TFDISWGD:0.618421052631579	HEIGSMGY:0.32894736842105265	LTFDISWG:0.5	DGHEIGSM:0.24342105263157895	LGYTVVHW:0.25	SLGYTVVH:0.24342105263157895	EIGSMGYN:0.26973684210526316	GYTVVHWS:0.29605263157894735	GHEIGSMG:0.32894736842105265	DIQLLRPP:0.21052631578947367	IILLHASD:0.34210526315789475	KNVTVGDL:0.3026315789473684	GDIILLHA:0.34210526315789475	RAVPLPVF:0.28289473684210525	HYSVNSQD:0.3026315789473684	AERHPDTV:0.3223684210526316	AAFAAASF:0.26973684210526316	FFYIQRAV:0.27631578947368424	FDISWGDE:0.4144736842105263	SFFYIQRA:0.28289473684210525	SVNSQDWT:0.26973684210526316	WAERHPDT:0.3223684210526316	YIQRAVPL:0.28289473684210525	VNSQDWTN:0.26973684210526316	VTVGDLIA:0.29605263157894735	QLLRPPTG:0.2236842105263158	AFAAASFF:0.2631578947368421	VKDGHQIG:0.2631578947368421	NVTVGDLI:0.3026315789473684	FYIQRAVP:0.28289473684210525	LKNVTVGD:0.3026315789473684	YSVNSQDW:0.3026315789473684	TVGDLIAN:0.29605263157894735	VHYSVNSQ:0.29605263157894735	NSQDWTNP:0.26973684210526316	SQDWTNPG:0.26973684210526316	IQLLRPPT:0.2236842105263158	GLKNVTVG:0.3026315789473684	ILLHASDS:0.32894736842105265	VVHYSVNS:0.3026315789473684	DISWGDEK:0.23684210526315788	QRAVPLPV:0.28289473684210525	ALTFDISW:0.35526315789473684	IAAFAAAS:0.27631578947368424	ASFFYIQR:0.28289473684210525	IQRAVPLP:0.28289473684210525	FAAASFFY:0.2631578947368421	DIILLHAS:0.34210526315789475	AAASFFYI:0.2631578947368421	AASFFYIQ:0.26973684210526316	WGDEKAVP:0.2894736842105263	GDEKAVPI:0.2894736842105263	VALTFDIS:0.2631578947368421	KGGDIVLL:0.32894736842105265	HASDSATQ:0.2631578947368421	ASDSATQT:0.2631578947368421	GGDIVLLH:0.3618421052631579	DEKAVPIL:0.2894736842105263	EKAVPILN:0.2631578947368421	EVALTFDI:0.23684210526315788	LHASDSAT:0.2565789473684211	WAERHPDI:0.2631578947368421	AERHPDIV:0.2631578947368421	
