cluster number:157
CE4:132	CE4:132
FFRAPAGL:0.7651515151515151	GLRNPFLE:0.6212121212121212	RNPFLEPV:0.5984848484848485	LRNPFLEP:0.6212121212121212	RAPAGLRN:0.8484848484848485	AGLRNPFL:0.7272727272727273	PAGLRNPF:0.6742424242424242	NPFLEPVL:0.5984848484848485	APAGLRNP:0.6893939393939394	FRAPAGLR:0.8484848484848485	ALTIDDGP:0.7045454545454546	IALTIDDG:0.6136363636363636	LLHDGNAA:0.23484848484848486	ILLLHDGN:0.2727272727272727	PNWTRLPA:0.29545454545454547	PLFFRAPA:0.42424242424242425	GPNWTRLP:0.5757575757575758	RATFFCIG:0.4090909090909091	LLLHDGNA:0.22727272727272727	LFFRAPAG:0.42424242424242425	LTIDDGPD:0.5378787878787878	LGPNWTRL:0.5757575757575758	TIDDGPDP:0.6742424242424242	ARATFFCI:0.2727272727272727	RPLFFRAP:0.3333333333333333	VENHSQRH:0.3787878787878788	SWTRRGFD:0.5606060606060606	GPGALRRE:0.23484848484848486	FFCIGDLA:0.3409090909090909	WPWAAGGV:0.20454545454545456	TRRGFDTR:0.6363636363636364	LGLQLASW:0.3787878787878788	RDILLLHD:0.42424242424242425	WTRRGFDT:0.6742424242424242	TFFCIGDL:0.3409090909090909	GLQLASWT:0.4318181818181818	DILLLHDG:0.5681818181818182	LASWTRRG:0.5303030303030303	EVTPRVLD:0.32575757575757575	FCIGDLAR:0.3181818181818182	LQLASWTR:0.44696969696969696	LLLHDGHA:0.2803030303030303	GGVIASHL:0.20454545454545456	ASWTRRGF:0.49242424242424243	VARGHAVE:0.38636363636363635	PEVTPRVL:0.32575757575757575	HAVENHSQ:0.44696969696969696	EAIVARGH:0.3712121212121212	TPRVLDLL:0.5075757575757576	RGHAVENH:0.5151515151515151	AVENHSQR:0.3787878787878788	HAGAAAAV:0.23484848484848486	LAPRDILL:0.2803030303030303	SALLGPNW:0.24242424242424243	RVLDLLDR:0.32575757575757575	LLHDGHAA:0.2727272727272727	GHAVENHS:0.5303030303030303	IGDLARRH:0.3106060606060606	ATFFCIGD:0.3560606060606061	APRDILLL:0.22727272727272727	AIVARGHA:0.3939393939393939	PGALRREI:0.24242424242424243	GLAPRDIL:0.25757575757575757	RIALTIDD:0.24242424242424243	ALLGPNWT:0.24242424242424243	PFLEPVLC:0.48484848484848486	CIGDLARR:0.3106060606060606	PRDILLLH:0.22727272727272727	ARGHAVEN:0.4015151515151515	ILLLHDGH:0.29545454545454547	RRGFDTRT:0.21212121212121213	QLASWTRR:0.44696969696969696	VTPRVLDL:0.49242424242424243	LHAGAAAA:0.24242424242424243	IVARGHAV:0.38636363636363635	LHDGHAAR:0.24242424242424243	PRVLDLLD:0.4696969696969697	GDLARRHP:0.3106060606060606	LLGPNWTR:0.5227272727272727	LAAWTRRG:0.20454545454545456	TAAGLWPR:0.2727272727272727	LTAAGLWP:0.2878787878787879	AAGLWPRS:0.4696969696969697	ALTAAGLW:0.26515151515151514	LVHDGHAA:0.24242424242424243	DILLVHDG:0.24242424242424243	FLEPVLCE:0.20454545454545456	LRREIAAA:0.2196969696969697	QRHRHTFS:0.24242424242424243	KPTPLIAG:0.22727272727272727	SHLALTAA:0.2196969696969697	RREIAAAQ:0.2196969696969697	IDDGPDPD:0.21212121212121213	VLRAAADA:0.20454545454545456	VHDGHAAR:0.24242424242424243	RDILLVHD:0.21212121212121213	HLALTAAG:0.2196969696969697	LALTAAGL:0.2196969696969697	SQRHRHTF:0.24242424242424243	ALRREIAA:0.2196969696969697	AGRRIALT:0.23484848484848486	ENHSQRHR:0.2878787878787879	NHSQRHRH:0.2878787878787879	RRIALTID:0.23484848484848486	RHRHTFSL:0.2196969696969697	RRWKPTPL:0.20454545454545456	TLRAALAP:0.23484848484848486	RAAADAQL:0.25757575757575757	LLVHDGHA:0.24242424242424243	WKPTPLIA:0.22727272727272727	ASHLALTA:0.21212121212121213	HDGHAARD:0.26515151515151514	RWKPTPLI:0.20454545454545456	LRAAADAQ:0.25757575757575757	GRRIALTI:0.23484848484848486	HSQRHRHT:0.24242424242424243	ILLVHDGH:0.24242424242424243	LRAALAPE:0.23484848484848486	LWPRSALL:0.2196969696969697	DLARRHPR:0.22727272727272727	GLWPRSAL:0.2196969696969697	AGLWPRSA:0.2196969696969697	WPRSALLG:0.2196969696969697	RSALLGPN:0.20454545454545456	PRSALLGP:0.20454545454545456	DGHAARDA:0.22727272727272727	DGPDPEVT:0.25757575757575757	GPDPEVTP:0.25757575757575757	IDDGPDPE:0.2196969696969697	DDGPDPEV:0.25757575757575757	
