cluster number:285
CE4:18	CE4:18
VAALTFDD:0.2222222222222222	YHHVRLPP:0.3333333333333333	TFDDAPHP:0.7777777777777778	TFFVIGRN:0.5	IVLLHDNA:0.3888888888888889	ALTFDDAP:0.7777777777777778	GIVLLHDN:0.6666666666666666	YGGFGGPL:0.3333333333333333	NHTYHHVR:0.7222222222222222	LLLDLLRR:0.3333333333333333	GGIVLLHD:0.7222222222222222	EVGNHTYH:0.3333333333333333	GNHTYHHV:0.5	ATFFVIGR:0.5	TYHHVRLP:0.6111111111111112	PLLLDLLR:0.3333333333333333	FFVIGRNA:0.5	HHVRLPPL:0.3333333333333333	EPLLLDLL:0.3333333333333333	QGHEVGNH:0.3333333333333333	PYFVRDMV:0.4444444444444444	PGGIVLLH:0.3888888888888889	AYPYFVRD:0.6666666666666666	TVFWTDDP:0.5555555555555556	HTYHHVRL:0.7222222222222222	YPYFVRDM:0.6111111111111112	LTFDDAPH:0.7777777777777778	GGFGGPLP:0.3333333333333333	KATFFVIG:0.3333333333333333	AALTFDDA:0.5555555555555556	GHEVGNHT:0.3333333333333333	FEPLLLDL:0.2222222222222222	VGNHTYHH:0.3333333333333333	HEVGNHTY:0.3333333333333333	RNAEAYPY:0.3888888888888889	DDAPHPLF:0.3888888888888889	GLTTVFWT:0.4444444444444444	LGLTTVFW:0.3333333333333333	NAEAYPYF:0.3888888888888889	VFWTDDPG:0.6111111111111112	GRNAEAYP:0.3888888888888889	RPGGIVLL:0.3333333333333333	LRPGGIVL:0.3333333333333333	IGRNAEAY:0.3888888888888889	YFRPPGGR:0.3888888888888889	TTVFWTDD:0.4444444444444444	FWTDDPGD:0.6666666666666666	LTTVFWTD:0.4444444444444444	LPLFTASV:0.2777777777777778	PLFTASVP:0.2777777777777778	RYFRPPGG:0.6666666666666666	IVLLHDNV:0.2777777777777778	FDDAPHPL:0.6111111111111112	VRYFRPPG:0.6111111111111112	PVRYFRPP:0.6111111111111112	ASVPRARL:0.3333333333333333	WTDDPGDF:0.5555555555555556	GFGGPLPL:0.5	NGFIEVAH:0.2777777777777778	DDAPHPLY:0.2222222222222222	VLLHDNAP:0.3888888888888889	TASVPRAR:0.3333333333333333	RRAGVRAT:0.2222222222222222	LRRAGVRA:0.2222222222222222	EVDVSVYD:0.2777777777777778	DDPGDFQN:0.3888888888888889	GHEVANHT:0.3333333333333333	DPGDFQNP:0.3333333333333333	GGPLPLLT:0.3888888888888889	PGDFQNPG:0.3333333333333333	FGGPLPLL:0.3888888888888889	GQVQPLAP:0.2222222222222222	TDDPGDFQ:0.3888888888888889	HEVANHTY:0.2777777777777778	CIGRNAEA:0.2222222222222222	FRPPGGEY:0.3888888888888889	DTLRRAGV:0.2222222222222222	QGHEVANH:0.2777777777777778	VANHTYHH:0.2777777777777778	TGRPVRYF:0.2222222222222222	EVANHTYH:0.2777777777777778	LDTLRRAG:0.2222222222222222	YFRPPGGE:0.3888888888888889	LAALTFDD:0.3333333333333333	GRPVRYFR:0.2222222222222222	FFCIGRNA:0.2777777777777778	RPVRYFRP:0.2222222222222222	FCIGRNAE:0.2222222222222222	EAYPYFVR:0.3333333333333333	TFFCIGRN:0.2777777777777778	ANHTYHHV:0.2777777777777778	ATFFCIGR:0.2777777777777778	AEAYPYFV:0.3333333333333333	LLHDNAPQ:0.2222222222222222	AGFGGPLP:0.3333333333333333	GFIEVAHA:0.2222222222222222	APGTRPAP:0.2222222222222222	FRPPGGRF:0.2222222222222222	YAGFGGPL:0.3333333333333333	SNGFIEVA:0.2222222222222222	GPLPLLTA:0.2777777777777778	PLLTASVP:0.2777777777777778	LTTVGGLP:0.2777777777777778	TGKPVRYF:0.2222222222222222	LLTASVPR:0.2222222222222222	TTVGGLPK:0.2777777777777778	KPVRYFRP:0.2222222222222222	GKPVRYFR:0.2222222222222222	PGGEYTPA:0.2222222222222222	PPGGEYTP:0.2777777777777778	LFEPLLLD:0.2777777777777778	LPLLTASV:0.2777777777777778	LTGKPVRY:0.2222222222222222	DAPHPLFE:0.2777777777777778	HPLFEPLL:0.2777777777777778	PLFEPLLL:0.2777777777777778	RPPGGEYT:0.2777777777777778	GDFQNPGD:0.2777777777777778	PHPLFEPL:0.2777777777777778	PLPLLTAS:0.2777777777777778	APHPLFEP:0.2777777777777778	QPVAPGTR:0.2777777777777778	
