cluster number:139
CE4:14	CE4:14
FAADGRDT:0.21428571428571427	DLLGEPVR:0.21428571428571427	HFCYPYGS:0.5	LGFLWRLH:0.21428571428571427	RRFAAQMA:0.21428571428571427	RKAISHGD:0.21428571428571427	DDPLTLPR:0.42857142857142855	PLMSAARI:0.21428571428571427	DFAPMKAH:0.21428571428571427	YEYAFPVL:0.21428571428571427	LGQPSSWF:0.2857142857142857	YTVLSMDQ:0.2857142857142857	LLGEPVRH:0.21428571428571427	GFPAMVYL:0.2857142857142857	LLGFLWRL:0.21428571428571427	TPPLMSAA:0.21428571428571427	PVRHFCYP:0.21428571428571427	FCYPYGSH:0.42857142857142855	DDGYENFY:0.42857142857142855	GYTVLSMD:0.2857142857142857	ILMYHQVG:0.5	FGYTVLSM:0.2857142857142857	DGRDTPPL:0.42857142857142855	FGSHSATH:0.21428571428571427	VALTFDDG:0.5714285714285714	LTFDDGYE:0.5	FYEYAFPV:0.21428571428571427	TATTCARA:0.21428571428571427	IDFGSHSA:0.21428571428571427	GDNLLGFL:0.21428571428571427	LMYHQVGD:0.2857142857142857	YENFYEYA:0.35714285714285715	DPLTLPRK:0.42857142857142855	PPRAVALT:0.42857142857142855	GSHDLRAV:0.21428571428571427	DGYENFYE:0.42857142857142855	RDTPPLMS:0.2857142857142857	PPLMSAAR:0.21428571428571427	FAAQMAWL:0.21428571428571427	DTPPLMSA:0.2857142857142857	AISHGDNL:0.21428571428571427	GIDFGSHS:0.21428571428571427	TFDDGYEN:0.5	KAISHGDN:0.21428571428571427	FDDGYENF:0.5	YPYGSHDL:0.35714285714285715	LTLPRKAI:0.21428571428571427	WFAADGRD:0.21428571428571427	ATTCARAP:0.21428571428571427	PRKAISHG:0.21428571428571427	GQPSSWFA:0.2857142857142857	RFAAQMAW:0.21428571428571427	GYLTATTC:0.21428571428571427	SMDQVLAC:0.35714285714285715	DNLLGFLW:0.21428571428571427	PLTLPRKA:0.42857142857142855	AGYLTATT:0.21428571428571427	GRDTPPLM:0.42857142857142855	TTCARAPA:0.21428571428571427	ADGRDTPP:0.21428571428571427	AADGRDTP:0.21428571428571427	NILMYHQV:0.42857142857142855	TVLSMDQV:0.2857142857142857	MYHQVGDF:0.2857142857142857	RAVALTFD:0.5714285714285714	LPRKAISH:0.21428571428571427	AVALTFDD:0.7142857142857143	NLLGFLWR:0.21428571428571427	DFGSHSAT:0.21428571428571427	CYPYGSHD:0.5	HGDNLLGF:0.21428571428571427	DQVLACLR:0.2857142857142857	RFGYTVLS:0.2857142857142857	LQRYGFPA:0.21428571428571427	PYGSHDLR:0.2857142857142857	QVLACLRG:0.2857142857142857	NFYEYAFP:0.2857142857142857	PVLQRYGF:0.21428571428571427	PAMVYLIA:0.21428571428571427	VLSMDQVL:0.35714285714285715	PRAVALTF:0.42857142857142855	ENFYEYAF:0.2857142857142857	MDQVLACL:0.2857142857142857	INILMYHQ:0.5714285714285714	VLQRYGFP:0.21428571428571427	GYENFYEY:0.35714285714285715	LSMDQVLA:0.35714285714285715	GDFAPMKA:0.21428571428571427	ALTFDDGY:0.5714285714285714	LLGQPSSW:0.2857142857142857	FPAMVYLI:0.35714285714285715	FAAQMAFL:0.21428571428571427	HAWPVLQR:0.21428571428571427	RFAAQMAF:0.21428571428571427	EHAWPVLQ:0.21428571428571427	LQRHGFPA:0.21428571428571427	PMKAHRST:0.21428571428571427	MKAHRSTY:0.21428571428571427	TLPRKAVS:0.21428571428571427	FAPMKAHR:0.21428571428571427	KAHRSTYC:0.21428571428571427	LTLPRKAV:0.21428571428571427	HGFPAMVY:0.21428571428571427	GINILMYH:0.2857142857142857	APMKAHRS:0.21428571428571427	HVKLAEQD:0.21428571428571427	VEAVAEAG:0.21428571428571427	EAVAEAGY:0.2857142857142857	
