cluster number:239
CE4:33	CE4:33|GH11:15|CBM6:9|3.2.1.8:4|3.1.1.72:3|CBM36:3|GH10:1|CBM5:1|CBM60:1
PTPEALDI:0.5151515151515151	VRTSKRTS:0.24242424242424243	ITVDGGTY:0.2727272727272727	PHPTPEAL:0.45454545454545453	KMGKMYEV:0.24242424242424243	RTSKRTSG:0.24242424242424243	YDYELWKD:0.21212121212121213	LTFDDGPD:0.5757575757575758	TRVNQPSI:0.3333333333333333	LVFSGPVN:0.21212121212121213	ETTRVNQP:0.30303030303030304	QPNGNSYL:0.21212121212121213	EGYQSSGK:0.21212121212121213	WSVRTSKR:0.21212121212121213	RTSGTISV:0.30303030303030304	TPEALDII:0.42424242424242425	YLCVYGWT:0.21212121212121213	HPTPEALD:0.5151515151515151	ALDIIIPT:0.21212121212121213	LDIIIPTL:0.21212121212121213	EALDIIIP:0.42424242424242425	TFQQYWSV:0.30303030303030304	GYQSSGKA:0.21212121212121213	IYETTRVN:0.21212121212121213	SYLCVYGW:0.21212121212121213	SVRTSKRT:0.24242424242424243	ALTFDDGP:0.8484848484848485	FVTLSELF:0.30303030303030304	SKRTSGTI:0.30303030303030304	TTRVNQPS:0.30303030303030304	VALTFDDG:0.6060606060606061	QYWSVRTS:0.24242424242424243	GYDYELWK:0.21212121212121213	YQPNGNSY:0.24242424242424243	PEALDIII:0.42424242424242425	FQQYWSVR:0.30303030303030304	GTATFQQY:0.21212121212121213	QQYWSVRT:0.21212121212121213	KRTSGTIS:0.3333333333333333	ATFQQYWS:0.21212121212121213	NSYLCVYG:0.21212121212121213	TATFQQYW:0.21212121212121213	MKMGKMYE:0.24242424242424243	MGKMYEVA:0.24242424242424243	GMKMGKMY:0.24242424242424243	YWSVRTSK:0.24242424242424243	GNSYLCVY:0.21212121212121213	YETTRVNQ:0.30303030303030304	TSKRTSGT:0.2727272727272727	KGTITVDG:0.21212121212121213	LVEYYIIE:0.21212121212121213	VEGYQSSG:0.36363636363636365	PEPHPTPE:0.2727272727272727	QPEPHPTP:0.2727272727272727	GTTPKFFR:0.21212121212121213	SWGTWRPP:0.21212121212121213	LHDVQPEP:0.3333333333333333	GTITVDGG:0.21212121212121213	WSNINNIL:0.21212121212121213	HDVQPEPH:0.3939393939393939	VVEGYQSS:0.21212121212121213	VEYYIIES:0.21212121212121213	LVALTFDD:0.5151515151515151	KLVALTFD:0.5151515151515151	EYYIIESW:0.21212121212121213	SNINNILF:0.21212121212121213	GYEFVTLT:0.21212121212121213	ILLHDVQP:0.42424242424242425	HEIGNHSW:0.24242424242424243	RGYEFVTL:0.21212121212121213	IILLHDVQ:0.42424242424242425	YYIIESWG:0.21212121212121213	VLDKLDKY:0.21212121212121213	NINNILFR:0.21212121212121213	LLHDVQPE:0.3333333333333333	GHEIGNHS:0.24242424242424243	EPHPTPEA:0.2727272727272727	PLVEYYII:0.24242424242424243	WGTWRPPG:0.21212121212121213	SGHEIGNH:0.21212121212121213	VQPEPHPT:0.2727272727272727	DVQPEPHP:0.3939393939393939	FFRPPNLA:0.3333333333333333	PRFFRPPN:0.21212121212121213	RFFRPPNL:0.21212121212121213	RPPNLAVS:0.2727272727272727	FRPPNLAV:0.2727272727272727	ELFKRKGV:0.21212121212121213	DGAIILLH:0.24242424242424243	AIILLHDV:0.24242424242424243	GAIILLHD:0.24242424242424243	GYQSSGSA:0.21212121212121213	EGYQSSGS:0.21212121212121213	
