cluster number:148
CE4:12	CE4:12
EEGAELSL:0.4166666666666667	DTNDMRFF:0.25	FDTNDMRF:0.8333333333333334	LHTRIIGR:0.3333333333333333	GLHTRIIG:0.3333333333333333	IGLHTRII:0.3333333333333333	NVEEGAEL:0.75	FLYDSNAY:0.6666666666666666	YDSNAYND:0.6666666666666666	EFIYEAVE:0.25	PNGAGLAV:0.25	GWHTRSAT:0.6666666666666666	VVLPYAFD:0.4166666666666667	GGFVFAED:0.25	LYDSNAYN:0.6666666666666666	GGFLYDSN:0.6666666666666666	VVNVEEGA:0.8333333333333334	FVVNVEEG:0.25	PATLNACG:0.3333333333333333	MESHFEYG:0.5833333333333334	AFDTNDMR:0.8333333333333334	PRAGWPRI:0.5833333333333334	DSNAYNDD:0.6666666666666666	LHLRIIGR:0.5	EYGPRAGW:0.5833333333333334	YGPRAGWP:0.5833333333333334	PVGWHTRS:0.5833333333333334	PYAFDTND:0.8333333333333334	VEEGAELS:0.75	NGAGLAVS:0.25	DGHEIAAH:0.25	HFEYGPRA:0.5833333333333334	NAYNDDIP:0.25	YAFDTNDM:0.8333333333333334	VPATLNAC:0.3333333333333333	VNVEEGAE:0.8333333333333334	LAVSFVVN:0.25	EEGAELSI:0.4166666666666667	ESHFEYGP:0.5833333333333334	QEAVADGH:0.25	LPYAFDTN:0.8333333333333334	NEFIYEAV:0.25	WHTRSATS:0.6666666666666666	LRIIGRPA:0.25	AVSFVVNV:0.25	RAGWPRIR:0.5833333333333334	GPHVVLPY:0.3333333333333333	PHVVLPYA:0.4166666666666667	GLHLRIIG:0.5	GPRAGWPR:0.5833333333333334	APRMLSIG:0.3333333333333333	SHFEYGPR:0.5833333333333334	SNAYNDDI:0.25	RIIGRPAR:0.5	SFVVNVEE:0.25	DLCMESHF:0.6666666666666666	CMESHFEY:0.5833333333333334	VGWHTRSA:0.5	EAVADGHE:0.3333333333333333	LCMESHFE:0.5833333333333334	TLNACGRA:0.4166666666666667	WPNGAGLA:0.25	VLPYAFDT:0.5	FEYGPRAG:0.5833333333333334	GFVFAEDF:0.25	APVGWHTR:0.4166666666666667	ATLNACGR:0.4166666666666667	IIGRPARI:0.5	RYCIAAFD:0.25	PRMLSIGL:0.4166666666666667	HLRIIGRP:0.5	RMLSIGLH:0.4166666666666667	RWERHVHM:0.25	WERHVHMD:0.25	HVVLPYAF:0.4166666666666667	GFLYDSNA:0.6666666666666666	VSFVVNVE:0.25	GHEIAAHG:0.25	AGWPRIRA:0.3333333333333333	GVAATLNA:0.25	RDLCMESH:0.4166666666666667	QGGFLYDS:0.3333333333333333	RAVALSPW:0.25	GDERNESV:0.3333333333333333	IGGLERFL:0.25	EVAAHGWR:0.3333333333333333	VGLHLRII:0.3333333333333333	ATSVNTRR:0.25	AVALSPWL:0.25	EGAELSIG:0.3333333333333333	AHGWRWER:0.5	GRAVALSP:0.25	SNAYNDDL:0.3333333333333333	YGVAATLN:0.25	RDAIARHW:0.25	DAIARHWL:0.25	HEVAAHGW:0.3333333333333333	LRIIGRPG:0.25	GHEVAAHG:0.3333333333333333	SVNTRRLL:0.25	PGRIGGLE:0.3333333333333333	VAAHGWRW:0.3333333333333333	RRDAIARH:0.25	AIARAVAA:0.25	ADGHEVAA:0.25	GLERFLAH:0.25	GWRWERHA:0.3333333333333333	SVGLHLRI:0.3333333333333333	GGLERFLA:0.25	SATSVNTR:0.25	RIGGLERF:0.25	HGWRWERH:0.5	IGRPGRIG:0.3333333333333333	EQGGFLYD:0.3333333333333333	GRPGRIGG:0.3333333333333333	TSVNTRRL:0.25	DGHEVAAH:0.3333333333333333	ATLNANGR:0.25	FARRDAIA:0.3333333333333333	WFARRDAI:0.3333333333333333	TLNANGRA:0.25	NAYNDDLP:0.3333333333333333	DTNDMRFQ:0.4166666666666667	GRIGGLER:0.25	VADGHEVA:0.25	RSATSVNT:0.25	IARAVAAI:0.25	HTRSATSV:0.25	DDFARYCI:0.4166666666666667	AAHGWRWE:0.5	IIGRPGRI:0.25	ERNESVYE:0.3333333333333333	RPGRIGGL:0.3333333333333333	ARRDAIAR:0.25	DERNESVY:0.3333333333333333	TRSATSVN:0.25	AATLNANG:0.25	VAATLNAN:0.25	RIIGRPGR:0.25	GHEVSCHG:0.25	RGHEVSCH:0.25	PDLCMESH:0.25	PGGGFVQA:0.25	ILPYAFDT:0.3333333333333333	ARGHEVSC:0.25	VILPYAFD:0.25	ALEATPWI:0.25	LIEQGGFL:0.25	CGRALEAT:0.25	LEATPWIA:0.25	LSIGLHTR:0.25	LLIEQGGF:0.25	GRALEATP:0.25	IEQGGFLY:0.25	EDFARYCI:0.25	LNACGRAL:0.25	PLGWHTRS:0.25	AEDFARYC:0.25	MLSIGLHT:0.25	TRDLLIEQ:0.25	SIVVNVEE:0.3333333333333333	HTRIIGRP:0.25	DAPRMLSI:0.25	DLLIEQGG:0.25	RALEATPW:0.25	VSIVVNVE:0.25	DFARYCIA:0.3333333333333333	IVVNVEEG:0.3333333333333333	AVSIVVNV:0.25	RDLLIEQG:0.25	PPLGWHTR:0.25	ACGRALEA:0.25	TRIIGRPA:0.25	NACGRALE:0.25	LGWHTRSA:0.25	LAVSIVVN:0.25	SIGLHTRI:0.25	MMSVGLHL:0.25	TNDMRFQP:0.25	EHGGFLYD:0.25	NDMRFQPG:0.25	DMRFQPGG:0.25	HGGFLYDS:0.3333333333333333	MRFQPGGG:0.25	MSVGLHLR:0.25	RFQPGGGF:0.25	SDRDFRGY:0.25	VWFARRDA:0.25	PGVWFARR:0.25	ADDFARYC:0.25	GVWFARRD:0.25	
