cluster number:206
CE4:6	CE4:6
KVVALTFD:0.5	LVRTPGTY:0.5	RPPGGLVS:0.3333333333333333	SLVRTPGT:0.5	GYRFVTLS:0.3333333333333333	VFPGAIIL:0.3333333333333333	AIILMHDG:0.6666666666666666	LNILKEKD:0.3333333333333333	HEIGNHGF:0.3333333333333333	SVDSKDWR:0.3333333333333333	ALTFDDGP:0.8333333333333334	LMHDGGYQ:0.3333333333333333	GGYQRTQT:0.3333333333333333	QRTQTVKS:0.3333333333333333	NILKEKDV:0.3333333333333333	DGGYQRTQ:0.3333333333333333	ALWSVDSK:0.3333333333333333	RTPGTYYM:0.5	ILMHDGGY:0.5	GHEIGNHG:0.5	VALWSVDS:0.3333333333333333	DSKDWRNP:0.3333333333333333	VALTFDDG:0.8333333333333334	TYFYRPPG:0.5	RFVTLSEL:0.3333333333333333	EGHEIGNH:0.3333333333333333	TQEKVVAL:0.5	MHDGGYQR:0.3333333333333333	SKDWRNPG:0.3333333333333333	RTQTVKSL:0.3333333333333333	HTYFYRPP:0.5	VRTPGTYY:0.5	PGAIILMH:0.6666666666666666	HDGGYQRT:0.3333333333333333	YQRTQTVK:0.3333333333333333	TPGTYYMA:0.3333333333333333	RATFFVLG:0.3333333333333333	LTFDDGPD:0.5	YFYRPPGG:0.5	GAIILMHD:0.6666666666666666	LWSVDSKD:0.5	YRFVTLSE:0.3333333333333333	PSLVRTPG:0.5	FPGAIILM:0.3333333333333333	EKVVALTF:0.5	GYQRTQTV:0.3333333333333333	QEKVVALT:0.5	VRATFFVL:0.3333333333333333	WSVDSKDW:0.5	VVALTFDD:0.5	YRPPGGLV:0.3333333333333333	IILMHDGG:0.8333333333333334	TFDDGPDP:0.5	VPSLVRTP:0.3333333333333333	IVALTFDD:0.3333333333333333	DGYRFVTL:0.3333333333333333	ILMHDGGG:0.3333333333333333	
