cluster number:303
CE4:87	CE4:87
PVWTPQVL:0.22988505747126436	FCMVGTQA:0.3333333333333333	GWNVDTKD:0.47126436781609193	GVKATFCM:0.5057471264367817	PGGAFTPY:0.6896551724137931	YRAPGGAF:0.9655172413793104	KATFCMVG:0.47126436781609193	RAPGGAFT:0.9655172413793104	DGPDPVWT:0.40229885057471265	AFTPYSRQ:0.21839080459770116	TILFHDAG:0.21839080459770116	LDAERMIT:0.26436781609195403	DGHRLCDH:0.2413793103448276	DDGPDPVW:0.40229885057471265	NVDTKDFE:0.42528735632183906	GPDPVWTP:0.40229885057471265	VNITIDDG:0.7126436781609196	GGAFTPYS:0.6896551724137931	FHDAGGDR:0.4827586206896552	ATFCMVGT:0.3333333333333333	QGYSFGFP:0.28735632183908044	AASRGMRP:0.27586206896551724	TIDDGPDP:0.8620689655172413	ILDAERMI:0.367816091954023	GYSFGFPV:0.367816091954023	VADGHRLC:0.28735632183908044	VKATFCMV:0.4482758620689655	YSFGFPVR:0.367816091954023	PTILFHDA:0.21839080459770116	LCDHTVSH:0.3103448275862069	YYRAPGGA:0.9655172413793104	RLCDHTVS:0.28735632183908044	ILFHDAGG:0.21839080459770116	NGPTILFH:0.21839080459770116	GVNITIDD:0.45977011494252873	LFHDAGGD:0.4827586206896552	NITIDDGP:0.8390804597701149	QILDAERM:0.2413793103448276	LAASRGMR:0.22988505747126436	ITKASGGV:0.2413793103448276	PLGWNVDT:0.4942528735632184	ASRGMRPL:0.27586206896551724	VVADGHRL:0.27586206896551724	GPTILFHD:0.27586206896551724	RGMRPLGW:0.3103448275862069	GHRLCDHT:0.42528735632183906	APGGAFTP:0.9540229885057471	SRGMRPLG:0.27586206896551724	VSHDTAMD:0.21839080459770116	IDDGPDPV:0.40229885057471265	DHTVSHDT:0.22988505747126436	GMRPLGWN:0.8735632183908046	TFCMVGTQ:0.3333333333333333	LGWNVDTK:0.47126436781609193	WNVDTKDF:0.47126436781609193	CDHTVSHD:0.26436781609195403	HRLCDHTV:0.3333333333333333	ITIDDGPD:0.8620689655172413	GAFTPYSR:0.6896551724137931	RPLGWNVD:0.8390804597701149	MRPLGWNV:0.8390804597701149	DPVWTPQV:0.21839080459770116	PDPVWTPQ:0.22988505747126436	ADGHRLCD:0.2413793103448276	PLGWNVDS:0.3448275862068966	GWNVDSKD:0.3218390804597701	EASGGVRP:0.22988505747126436	AGGDRSQT:0.26436781609195403	VRPMYYRA:0.2413793103448276	WNVDSKDF:0.3218390804597701	SGGVRPMY:0.2413793103448276	SHGMRPLG:0.26436781609195403	GGVRPMYY:0.2413793103448276	DAGGDRSQ:0.26436781609195403	PMYYRAPG:0.26436781609195403	QAQAHPDL:0.20689655172413793	AGHRLCDH:0.3793103448275862	HGMRPLGW:0.39080459770114945	RPMYYRAP:0.25287356321839083	NVDSKDFE:0.28735632183908044	AVNITIDD:0.21839080459770116	VVAAGHRL:0.41379310344827586	AASHGMRP:0.26436781609195403	ASGGVRPM:0.2413793103448276	HDAGGDRS:0.27586206896551724	LGWNVDSK:0.3218390804597701	AAGHRLCD:0.3793103448275862	LAASHGMR:0.25287356321839083	GVRPMYYR:0.2413793103448276	NGVKATFC:0.27586206896551724	VAAGHRLC:0.41379310344827586	MYYRAPGG:0.26436781609195403	AQAHPDLV:0.20689655172413793	GGDRSQTV:0.26436781609195403	ASHGMRPL:0.26436781609195403	TPYSRKLA:0.21839080459770116	PYSRKLAA:0.21839080459770116	AFTPYSRK:0.21839080459770116	FTPYSRKL:0.21839080459770116	EYYRAPGG:0.20689655172413793	GPTVLFHD:0.367816091954023	VLFHDGGG:0.2413793103448276	NGPTVLFH:0.2413793103448276	TVLFHDGG:0.22988505747126436	PTVLFHDG:0.22988505747126436	LYYRAPGG:0.20689655172413793	GHRLCDHS:0.25287356321839083	RGVNITID:0.25287356321839083	ASVWTAQA:0.20689655172413793	
