cluster number:230
CE4:23	CE4:23
LTFDDGPS:1.0	TFDDGPSP:0.391304347826087	FDDGPSPN:0.34782608695652173	YLTFDDGP:0.9565217391304348	RFPGGSFG:0.4782608695652174	KVAYLTFD:0.6086956521739131	SIGNHTYS:0.21739130434782608	AYLTFDDG:0.782608695652174	IRFPGGSF:0.391304347826087	LIRFPGGS:0.391304347826087	VAYLTFDD:0.6086956521739131	IGNHTYSH:0.34782608695652173	KKVAYLTF:0.30434782608695654	KATFFLIG:0.391304347826087	NIKATFFL:0.21739130434782608	GKKVAYLT:0.2608695652173913	ATFFLIGK:0.21739130434782608	DGKKVAYL:0.2608695652173913	NNIKATFF:0.2608695652173913	IKATFFLI:0.391304347826087	TFDDGPST:0.2608695652173913	VVILMHDA:0.391304347826087	TVVILMHD:0.2608695652173913	KLIRFPGG:0.30434782608695654	ILMHDAPA:0.30434782608695654	VILMHDAP:0.2608695652173913	LMHDAPAK:0.30434782608695654	VGNHTYSH:0.2608695652173913	HVVGNHTY:0.2608695652173913	GHVVGNHT:0.2608695652173913	VVGNHTYS:0.21739130434782608	EGHVVGNH:0.2608695652173913	VQALPQVI:0.2608695652173913	ALPQVIEY:0.2608695652173913	TTVQALPQ:0.2608695652173913	QALPQVIE:0.2608695652173913	LKSKGYTF:0.21739130434782608	DDGPSPNT:0.21739130434782608	TVQALPQV:0.21739130434782608	GYHYVDWN:0.30434782608695654	YHYVDWND:0.21739130434782608	KATFFVIG:0.21739130434782608	AGYHYVDW:0.21739130434782608	
