cluster number:263
CE4:7	CE4:7
KDPGRPIP:0.2857142857142857	MYHQVGVF:0.2857142857142857	AEWFAKDP:0.2857142857142857	HGFPATVY:0.5714285714285714	YAISGWLG:0.42857142857142855	CYPFGSFD:0.2857142857142857	RKAISFGD:0.5714285714285714	RANYCDHR:0.2857142857142857	SATTCLRG:0.5714285714285714	AAGITIGS:0.42857142857142855	LVLTFDDA:0.2857142857142857	ATTCLRGA:0.42857142857142855	WFAKDPGR:0.42857142857142855	LAGLRGER:0.2857142857142857	EWFAKDPG:0.2857142857142857	QVGVFAPM:0.2857142857142857	YRSATTCL:0.2857142857142857	PRKAISFG:0.5714285714285714	RHGFPATV:0.42857142857142855	ALVLTFDD:0.2857142857142857	FAKDPGRP:0.42857142857142855	YHQVGVFA:0.2857142857142857	FAPMREHR:0.2857142857142857	GWLGRRAE:0.2857142857142857	LRGERPLP:0.2857142857142857	VLGAPVRH:0.2857142857142857	ILMYHQVG:0.7142857142857143	AGYRSATT:0.2857142857142857	HQVGVFAP:0.2857142857142857	TTCLRGAA:0.42857142857142855	SILMYHQV:0.7142857142857143	VYAISGWL:0.42857142857142855	HRANYCDH:0.2857142857142857	GYRSATTC:0.2857142857142857	LGRRAEWF:0.2857142857142857	FPATVYAI:0.42857142857142855	RALVLTFD:0.2857142857142857	RRAEWFAK:0.2857142857142857	GRRAEWFA:0.42857142857142855	LLARLGYR:0.42857142857142855	LCYPFGSF:0.2857142857142857	HLCYPFGS:0.2857142857142857	ARLGYRVL:0.2857142857142857	NYCDHRRF:0.2857142857142857	ALAGLRGE:0.2857142857142857	ATVYAISG:0.42857142857142855	AGLRGERP:0.2857142857142857	KAISFGDD:0.42857142857142855	RSATTCLR:0.2857142857142857	RAEWFAKD:0.2857142857142857	ANYCDHRR:0.2857142857142857	LPRKAISF:0.5714285714285714	AKDPGRPI:0.2857142857142857	GFPATVYA:0.42857142857142855	SGWLGRRA:0.42857142857142855	GLRGERPL:0.2857142857142857	PATVYAIS:0.42857142857142855	LARLGYRV:0.42857142857142855	AGITIGSH:0.42857142857142855	AISGWLGR:0.42857142857142855	LMYHQVGV:0.2857142857142857	HAAGITIG:0.42857142857142855	ISGWLGRR:0.42857142857142855	RVSILMYH:0.2857142857142857	VSILMYHQ:0.2857142857142857	VLTFDDAY:0.2857142857142857	WLGRRAEW:0.2857142857142857	TVYAISGW:0.42857142857142855	AQMALLAR:0.2857142857142857	PLALPRKA:0.2857142857142857	EVHAAGIT:0.2857142857142857	GITIGSHT:0.2857142857142857	DHPLALPR:0.42857142857142855	ADHPLALP:0.2857142857142857	ALPRKAIS:0.5714285714285714	LREVHAAG:0.2857142857142857	NYCDRRRF:0.2857142857142857	RANYCDRR:0.2857142857142857	ANYCDRRR:0.2857142857142857	AISFGDDL:0.2857142857142857	VVLTFDDG:0.5714285714285714	VLTFDDGY:0.42857142857142855	HPLALPRK:0.2857142857142857	LALPRKAI:0.5714285714285714	ITIGSHTA:0.2857142857142857	REVHAAGI:0.2857142857142857	HRANYCDR:0.2857142857142857	ALLARLGY:0.2857142857142857	MALLARLG:0.2857142857142857	VHAAGITI:0.2857142857142857	QMALLARL:0.42857142857142855	LRDSKAAL:0.2857142857142857	RDSKAALE:0.2857142857142857	ASATTCLR:0.2857142857142857	LTFDDGYE:0.2857142857142857	FDDGYENF:0.2857142857142857	AVVLTFDD:0.42857142857142855	GYASATTC:0.2857142857142857	RAVVLTFD:0.42857142857142855	TFDDGYEN:0.2857142857142857	DSKAALED:0.2857142857142857	ELRDSKAA:0.2857142857142857	YASATTCL:0.2857142857142857	VLTFDDGC:0.2857142857142857	AIVYAIAG:0.2857142857142857	FPAIVYAI:0.2857142857142857	GFPAIVYA:0.2857142857142857	KAISYGDN:0.2857142857142857	RKAISYGD:0.2857142857142857	LPRKAISY:0.2857142857142857	PAIVYAIA:0.2857142857142857	PRKAISYG:0.2857142857142857	YCDVGRFR:0.2857142857142857	ISILMYHQ:0.2857142857142857	
