cluster number:21
CE4:170	CE4:170
ALTFDDGP:0.9176470588235294	VALTFDDG:0.8647058823529412	LTFDDGPD:0.4294117647058823	MHDIHQTS:0.22941176470588234	LMHDIHQT:0.5352941176470588	SIILMHDI:0.3411764705882353	PGSIILMH:0.2235294117647059	GSIILMHD:0.3411764705882353	IILMHDIH:0.3588235294117647	ILMHDIHQ:0.37058823529411766	LAKYQAKG:0.23529411764705882	PPYGATNA:0.23529411764705882	MHDIHQTT:0.31176470588235294	HQTTINAL:0.22941176470588234	QLQPGGVV:0.2411764705882353	TRDWENHS:0.20588235294117646	MLWTVDTR:0.2529411764705882	GVVLMHDI:0.24705882352941178	YQAKGTFF:0.24705882352941178	VLDILAKY:0.23529411764705882	EYLKAEGY:0.2529411764705882	YGATNATV:0.21764705882352942	DVINPDFL:0.2411764705882353	PGGVVLMH:0.24705882352941178	QPGGVVLM:0.2411764705882353	FDVINPDF:0.2411764705882353	HDIHQTTI:0.2647058823529412	TVDTRDWE:0.27058823529411763	NHTWDHPN:0.2235294117647059	AIEKACGK:0.21764705882352942	LRPPYGAT:0.3411764705882353	TFDDGPDP:0.3352941176470588	QMLWTVDT:0.20588235294117646	YLRPPYGA:0.3235294117647059	QAIEKACG:0.20588235294117646	ILAKYQAK:0.23529411764705882	LDILAKYQ:0.23529411764705882	LQPGGVVL:0.2411764705882353	DILAKYQA:0.23529411764705882	TPQVLDIL:0.2411764705882353	AKYQAKGT:0.2411764705882353	TTPQVLDI:0.2411764705882353	QAKGTFFM:0.24705882352941178	GGVVLMHD:0.24705882352941178	MEYLKAEG:0.24705882352941178	IHQTTINA:0.22941176470588234	PQVLDILA:0.2411764705882353	KYQAKGTF:0.2411764705882353	VVLMHDIH:0.24705882352941178	TWDHPNLT:0.21764705882352942	DTRDWENH:0.2235294117647059	LFDVINPD:0.2411764705882353	RDWENHST:0.20588235294117646	RPPYGATN:0.32941176470588235	TNQAIEKA:0.20588235294117646	LVALTFDD:0.3411764705882353	WTVDTRDW:0.27058823529411763	NQAIEKAC:0.20588235294117646	VLMHDIHQ:0.24705882352941178	KLVALTFD:0.3352941176470588	DIHQTTIN:0.22941176470588234	QVLDILAK:0.23529411764705882	QTTINALP:0.22941176470588234	PYGATNAT:0.21764705882352942	LWTVDTRD:0.27058823529411763	HTWDHPNL:0.2235294117647059	VDTRDWEN:0.27058823529411763	MRPPYGAI:0.27647058823529413	KLMRPPYG:0.2529411764705882	LTFDDGPN:0.48823529411764705	LMRPPYGA:0.2529411764705882	GNHSWSHP:0.27058823529411763	TFDDGPNP:0.3411764705882353	DLSFIMWD:0.20588235294117646	SKLMRPPY:0.21176470588235294	MWDVDSLD:0.21764705882352942	SFIMWDVD:0.21764705882352942	DVDSLDWK:0.21764705882352942	DSLDWKSK:0.20588235294117646	WDVDSLDW:0.21764705882352942	FIMWDVDS:0.21764705882352942	KVVALTFD:0.21764705882352942	SLDWKSKN:0.20588235294117646	LSFIMWDV:0.20588235294117646	LDLSFIMW:0.21176470588235294	IMWDVDSL:0.21764705882352942	LDWKSKNE:0.2	SSKLMRPP:0.21176470588235294	VVALTFDD:0.2235294117647059	VDSLDWKS:0.21176470588235294	SSSKLMRP:0.20588235294117646	VLGSSSKL:0.2	AKKQITDT:0.2	GAITDDIR:0.20588235294117646	KATFFVLG:0.21176470588235294	FDYKDSQI:0.20588235294117646	KQITDTED:0.2	RPPYGAIT:0.21176470588235294	LGSSSKLM:0.20588235294117646	DYKDSQII:0.20588235294117646	PYGAITDD:0.20588235294117646	PPYGAITD:0.20588235294117646	YKDSQIIL:0.2	YGAITDDI:0.20588235294117646	TFFVLGKN:0.21764705882352942	KDSQIILY:0.2	KKQITDTE:0.2	ATFFVLGK:0.21764705882352942	AITDDIRN:0.20588235294117646	GSSSKLMR:0.20588235294117646	DSQIILYP:0.2	
