cluster number:234
CE4:14	CE4:14
SATGDRNV:0.9285714285714286	EARSEHVS:0.7857142857142857	MTCLGRLS:0.21428571428571427	DGPDPRWT:0.8571428571428571	HVSATGDR:0.7857142857142857	TASILDVL:0.8571428571428571	DRNVYLTF:1.0	LTFDDGPD:1.0	TCLGRLSE:0.21428571428571427	ARSEHVSA:0.7857142857142857	VLAEHEVP:0.7857142857142857	AEHEVPAT:0.7857142857142857	RLSEARSE:0.8571428571428571	VSATGDRN:0.9285714285714286	VYLTFDDG:1.0	YLTFDDGP:1.0	ATGDRNVY:1.0	FDDGPDPR:0.8571428571428571	SEHVSATG:0.7857142857142857	LGRLSEAR:0.21428571428571427	SILDVLAE:0.9285714285714286	SEARSEHV:0.7857142857142857	DPRWTASI:0.8571428571428571	DDGPDPRW:0.8571428571428571	WTASILDV:0.8571428571428571	RNVYLTFD:1.0	DVLAEHEV:0.7857142857142857	EHEVPATF:0.7857142857142857	GDRNVYLT:1.0	GRLSEARS:0.7857142857142857	LDVLAEHE:0.9285714285714286	PRWTASIL:0.8571428571428571	NVYLTFDD:1.0	GPDPRWTA:0.8571428571428571	EHVSATGD:0.7857142857142857	TGDRNVYL:1.0	TFDDGPDP:1.0	ASILDVLA:0.7857142857142857	LAEHEVPA:0.7857142857142857	LSEARSEH:0.7857142857142857	RWTASILD:0.8571428571428571	ILDVLAEH:0.9285714285714286	PDPRWTAS:0.8571428571428571	RSEHVSAT:0.7857142857142857	CLGRLSEA:0.21428571428571427	HEVPATFF:0.7142857142857143	CPGRLSEA:0.5714285714285714	TCPGRLSE:0.5714285714285714	MTCPGRLS:0.5714285714285714	PGRLSEAR:0.5714285714285714	AAAHPKLI:0.35714285714285715	AAHPKLIQ:0.35714285714285715	CAAAHPKL:0.42857142857142855	PATFFVIG:0.42857142857142855	TCAAAHPK:0.2857142857142857	IGTCAAAH:0.2857142857142857	VPATFFVI:0.2857142857142857	FVIGTCAA:0.35714285714285715	FFVIGTCA:0.35714285714285715	ATFFVIGT:0.35714285714285715	VIGTCAAA:0.2857142857142857	GTCAAAHP:0.2857142857142857	TFFVIGTC:0.35714285714285715	EVPATFFV:0.5714285714285714	
