cluster number:62
CE4:27	CE4:27
LTFDDGPS:0.5185185185185185	YLTFDDGP:0.8888888888888888	VYLTFDDG:0.5185185185185185	YDAKATFF:0.2222222222222222	WNVDSEDW:0.3333333333333333	LKVLPRIL:0.2222222222222222	KEKFYASP:0.2222222222222222	LKKEGYTF:0.2222222222222222	KVLPRILE:0.2222222222222222	TLKVLPRI:0.2222222222222222	TFDDGPTA:0.2222222222222222	DQKATLKV:0.48148148148148145	HGMTHRKE:0.2962962962962963	VILMHDQK:0.4444444444444444	THRKEKFY:0.2962962962962963	NPVILMHD:0.3333333333333333	KYDAKATF:0.2222222222222222	TLIRPPYG:0.2962962962962963	PPYGSKPY:0.4444444444444444	PVILMHDQ:0.4444444444444444	GMTHRKEK:0.2962962962962963	TTLIRPPY:0.2962962962962963	WDWNVDSE:0.3333333333333333	RPPYGSKP:0.4444444444444444	ILMHDQKA:0.48148148148148145	YHLWDWNV:0.48148148148148145	LMHDQKAT:0.5185185185185185	KFYASPAA:0.3333333333333333	PYGSKPYF:0.5925925925925926	TNPVILMH:0.25925925925925924	DWNVDSED:0.3333333333333333	YASPAAAL:0.3333333333333333	LTFDDGPT:0.3333333333333333	QGYHLWDW:0.37037037037037035	HRKEKFYA:0.2962962962962963	HLWDWNVD:0.5925925925925926	RKEKFYAS:0.2962962962962963	GSKPYFTK:0.4444444444444444	IRPPYGSK:0.4444444444444444	LHGMTHRK:0.2962962962962963	QKATLKVL:0.48148148148148145	YGSKPYFT:0.5185185185185185	DAKATFFM:0.2222222222222222	HDQKATLK:0.48148148148148145	LWDWNVDS:0.7037037037037037	GYHLWDWN:0.48148148148148145	MHDQKATL:0.5185185185185185	LIRPPYGS:0.4444444444444444	ATLKVLPR:0.4074074074074074	KATLKVLP:0.48148148148148145	FYASPAAA:0.3333333333333333	MTHRKEKF:0.2962962962962963	TFDDGPSA:0.4444444444444444	SKTNPVIL:0.2222222222222222	TFFMLGPN:0.2962962962962963	DDGPSATT:0.4074074074074074	LGLHGMTH:0.25925925925925924	ATFFMLGP:0.4074074074074074	FDDGPSAT:0.4074074074074074	KATFFMLG:0.5185185185185185	GLGLHGMT:0.2222222222222222	TPYGSKPY:0.3333333333333333	LIRTPYGS:0.2222222222222222	RTPYGSKP:0.3333333333333333	IRTPYGSK:0.25925925925925924	AKATFFML:0.37037037037037035	WNVDSLDW:0.2222222222222222	DWNVDSLD:0.2222222222222222	WDWNVDSL:0.2222222222222222	
