cluster number:80
CE4:261	CE4:261|3.5.1.-:7
LLHDGCPP:0.6015325670498084	IVLLHDGC:0.6704980842911877	AIVLLHDG:0.7164750957854407	GAIVLLHD:0.7164750957854407	VLLHDGCP:0.6475095785440613	PGAIVLLH:0.7126436781609196	VANHTMTH:0.6666666666666666	LHDGCPPD:0.3716475095785441	NHTMTHPD:0.7279693486590039	SADPRDWS:0.20689655172413793	LTFDDGPN:0.3103448275862069	ANHTMTHP:0.6743295019157088	WSADPRDW:0.20689655172413793	HTMTHPDL:0.7279693486590039	RPGAIVLL:0.6053639846743295	TFDDGPNP:0.3333333333333333	HWSADPRD:0.20689655172413793	YLTFDDGP:0.4482758620689655	HDGCPPDE:0.367816091954023	HRVPATFF:0.31800766283524906	EVANHTMT:0.4904214559386973	IAEGHEVA:0.26436781609195403	VRPGAIVL:0.367816091954023	RVPATFFV:0.36398467432950193	AEGHEVAN:0.4329501915708812	MIAEGHEV:0.28735632183908044	RPGVDAIV:0.20689655172413793	ATFFVIGA:0.2222222222222222	PGVDAIVD:0.23371647509578544	HEVANHTM:0.4942528735632184	VHWSVDPR:0.3103448275862069	WSVDPRDW:0.5019157088122606	VDPRDWSR:0.26436781609195403	SVDPRDWS:0.44061302681992337	PATFFVIG:0.6168582375478927	HWSVDPRD:0.4904214559386973	PRDWSRPG:0.5095785440613027	RAPYGIWT:0.26053639846743293	VPATFFVI:0.47126436781609193	GHEVANHT:0.4904214559386973	EGHEVANH:0.4444444444444444	TMTHPDLS:0.5363984674329502	VYLTFDDG:0.3333333333333333	DPRDWSRP:0.5095785440613027	RMIAEGHE:0.29118773946360155	RDWSRPGV:0.26436781609195403	DWSRPGVD:0.25287356321839083	SVRPGAIV:0.2681992337164751	IQRMIAEG:0.20306513409961685	QRMIAEGH:0.23371647509578544	LIQRMIAE:0.20306513409961685	ASVRPGAI:0.20306513409961685	RHIRAPYG:0.31800766283524906	VRHIRAPY:0.28735632183908044	TFFVIGTY:0.2950191570881226	ATFFVIGT:0.30268199233716475	FFVIGTYA:0.26053639846743293	AVHWSVDP:0.20689655172413793	
