cluster number:134
CE4:74	CE4:74
GDIVLLHA:0.47297297297297297	EFVTVSEL:0.5675675675675675	KAHPGDIV:0.5540540540540541	FEIGSHGH:0.3918918918918919	GYEFVTVS:0.5675675675675675	YEFVTVSE:0.5405405405405406	VLLHASDS:0.44594594594594594	PGDIVLLH:0.47297297297297297	RLPNGDFD:0.21621621621621623	DIVLLHAS:0.47297297297297297	IGSHGHKH:0.6351351351351351	IVLLHASD:0.47297297297297297	KQTHEALP:0.6486486486486487	LTFDISWG:0.972972972972973	AHPGDIVL:0.5945945945945946	IALTFDIS:0.6756756756756757	ALTFDISW:0.972972972972973	EIGSHGHK:0.6621621621621622	GFEIGSHG:0.3918918918918919	HPGDIVLL:0.47297297297297297	AIYSVPTD:0.22972972972972974	VIQWDTDS:0.6216216216216216	MPNGDFDK:0.5945945945945946	FDISWGDK:0.33783783783783783	HGHKHVNY:0.33783783783783783	PNLIRMPN:0.2702702702702703	PNGDFDKR:0.8783783783783784	SHGHKHVN:0.2972972972972973	TFFLSSPW:0.6351351351351351	CKQTHEAL:0.43243243243243246	GSHGHKHV:0.2972972972972973	ASDSCKQT:0.5135135135135135	LIRMPNGD:0.5945945945945946	GHKHVNYS:0.32432432432432434	THEALPVI:0.25675675675675674	DSCKQTHE:0.43243243243243246	EALPVIID:0.24324324324324326	ATFFLSSP:0.5405405405405406	TFDISWGD:0.3783783783783784	NGDFDKRV:0.8648648648648649	QWDTDSLD:0.5675675675675675	YSVPTDKK:0.25675675675675674	NLIRMPNG:0.2702702702702703	HASDSCKQ:0.5135135135135135	SDSCKQTH:0.5	IQWDTDSL:0.5540540540540541	QTHEALPV:0.25675675675675674	IYSVPTDK:0.22972972972972974	SCKQTHEA:0.43243243243243246	RMPNGDFD:0.5945945945945946	DISWGDKR:0.33783783783783783	WDTDSLDW:0.5675675675675675	IRMPNGDF:0.5945945945945946	HEALPVII:0.25675675675675674	GDFDKRVL:0.8648648648648649	DTDSLDWK:0.40540540540540543	FFLSSPWS:0.527027027027027	KLIALTFD:0.3918918918918919	LDWKNIGV:0.22972972972972974	LIALTFDI:0.3918918918918919	DFDKRVLR:0.2702702702702703	DISWGEKR:0.32432432432432434	TFDISWGE:0.5135135135135135	LSSPWSKT:0.3108108108108108	KKLIALTF:0.3918918918918919	LLHASDSC:0.3783783783783784	YKVIQWDT:0.2972972972972973	TDSLDWKN:0.4594594594594595	FDISWGEK:0.35135135135135137	SPWSKTHP:0.24324324324324326	ISWGEKRP:0.21621621621621623	PSAIYSVP:0.22972972972972974	QGYEFVTV:0.4864864864864865	KVIQWDTD:0.3108108108108108	DSLDWKNI:0.22972972972972974	FLSSPWSK:0.36486486486486486	KATFFLSS:0.3918918918918919	SLDWKNIG:0.22972972972972974	LHASDSCK:0.3783783783783784	SAIYSVPT:0.22972972972972974	SSPWSKTH:0.3108108108108108	EKKLIALT:0.20270270270270271	PILKVLED:0.32432432432432434	FVTVSELI:0.35135135135135137	KVLEDKKV:0.32432432432432434	FYVFSGKK:0.20270270270270271	MNSFYVFS:0.20270270270270271	ERGNITVF:0.20270270270270271	RGNITVFS:0.20270270270270271	ILKVLEDK:0.32432432432432434	VERGNITV:0.20270270270270271	VFSGKKIK:0.20270270270270271	YSVPTEKK:0.21621621621621623	DKRVLQVA:0.3783783783783784	YVERGNIT:0.20270270270270271	DFDKRVLQ:0.4189189189189189	LGYKVIQW:0.21621621621621623	YVFSGKKI:0.20270270270270271	VTVSELIS:0.3108108108108108	DLGYKVIQ:0.20270270270270271	LKVLEDKK:0.32432432432432434	NSFYVFSG:0.20270270270270271	TVSELISQ:0.20270270270270271	SGKKIKRF:0.20270270270270271	VDKATFFL:0.20270270270270271	GYKVIQWD:0.22972972972972974	FDKRVLQV:0.3918918918918919	DKATFFLS:0.20270270270270271	TEKKLIAL:0.20270270270270271	YEIGSHGH:0.25675675675675674	SKAHPGDI:0.32432432432432434	GYEIGSHG:0.3783783783783784	PWSKTHPE:0.3108108108108108	PKLIRMPN:0.25675675675675674	GHKHENYS:0.20270270270270271	ISWGDKRT:0.24324324324324326	DSLDWKNP:0.24324324324324326	SLDWKNPG:0.24324324324324326	SHGHKHEN:0.20270270270270271	HGHKHENY:0.20270270270270271	FVTVSELL:0.25675675675675674	KLIRMPNG:0.25675675675675674	GSHGHKHE:0.20270270270270271	VALTFDIS:0.21621621621621623	IILMHASD:0.25675675675675674	ILMHASDS:0.20270270270270271	LPNGDFDK:0.20270270270270271	NYSSLSDE:0.21621621621621623	GDIILMHA:0.24324324324324326	PGDIILMH:0.21621621621621623	DIILMHAS:0.24324324324324326	
