cluster number:188
CE4:435	CE4:435|GT4:1
LHGDAASE:0.2827586206896552	VLNYEEGG:0.2482758620689655	SYADDLPY:0.4459770114942529	HWNMESIY:0.27816091954022987	DAASEAFL:0.2896551724137931	ADSYADDL:0.20919540229885059	GSRAGFWR:0.45517241379310347	GFPFIIAV:0.296551724137931	HPDLAGKL:0.32873563218390806	NYEEGGEN:0.48735632183908045	GDAASEAF:0.2896551724137931	PDLAGKLA:0.3264367816091954	ESIYEYGS:0.2206896551724138	EIASHGLK:0.2942528735632184	GRPGRAAA:0.3218390804597701	AASEAFLS:0.28735632183908044	SIYEYGSR:0.2206896551724138	EYGSRAGF:0.43908045977011495	AHPDLAGK:0.3264367816091954	GWYTGRCS:0.2482758620689655	WEIASHGL:0.5448275862068965	NMESIYEY:0.4574712643678161	MESIYEYG:0.4850574712643678	RHWNMESI:0.27816091954022987	RPGRAAAL:0.3218390804597701	SIGLHCRL:0.31494252873563217	IASHGLKW:0.2942528735632184	QRHWNMES:0.22758620689655173	LNYEEGGE:0.2482758620689655	YEYGSRAG:0.4	FPFIIAVR:0.20919540229885059	SEAFLSEI:0.3333333333333333	DSYADDLP:0.46436781609195404	YADDLPYW:0.41379310344827586	ASEAFLSE:0.3448275862068966	YGSRAGFW:0.43908045977011495	HGDAASEA:0.2896551724137931	GQRHWNME:0.2	WRLHRLFT:0.26666666666666666	IYEYGARA:0.23908045977011494	QFVINYEE:0.3931034482758621	GFWRLHRL:0.3724137931034483	GWEIASHG:0.47586206896551725	FWRLHRLF:0.32413793103448274	ARAGFWRL:0.367816091954023	SIYEYGAR:0.271264367816092	CRLVGRPG:0.41379310344827586	IASHGLRW:0.26666666666666666	NPEAVAAM:0.25287356321839083	GLHCRLVG:0.4459770114942529	EQASAGLD:0.28735632183908044	RNPEAVAA:0.22988505747126436	ESIYEYGA:0.271264367816092	AGWEIASH:0.42298850574712643	HCRLVGRP:0.4160919540229885	YGARAGFW:0.37471264367816093	ASAGLDAL:0.25517241379310346	RLVGRPGR:0.39770114942528734	MMSVGLHC:0.3425287356321839	EIASHGLR:0.26666666666666666	VQFVINYE:0.37471264367816093	GARAGFWR:0.37701149425287356	LVGRPGRA:0.28735632183908044	YEYGARAG:0.296551724137931	RAGFWRLH:0.4781609195402299	AGFWRLHR:0.47586206896551725	SVGLHCRL:0.33793103448275863	SAGLDALT:0.23908045977011494	EYGARAGF:0.296551724137931	MSVGLHCR:0.3448275862068966	FVINYEEG:0.3954022988505747	QASAGLDA:0.25517241379310346	VGLHCRLV:0.22528735632183908	LHCRLVGR:0.4206896551724138	EAGWEIAS:0.23908045977011494	ARRIDIAR:0.20919540229885059	DANDMRFA:0.30344827586206896	GFNSGDQF:0.3333333333333333	AGLDALTD:0.2574712643678161	ANDMRFAT:0.367816091954023	LDANDMRF:0.39080459770114945	YTLDANDM:0.43908045977011495	MSIGLHCR:0.24597701149425288	ARIAVQFV:0.3218390804597701	QGFNSGDQ:0.32413793103448274	TLDANDMR:0.3839080459770115	FNSGDQFF:0.30344827586206896	SDSYADDL:0.21149425287356322	RAAALARF:0.22988505747126436	MMSIGLHC:0.24367816091954023	YEEGGENC:0.2689655172413793	FDVLYAEG:0.2045977011494253	AFLSEIVG:0.25057471264367814	PYTLDAND:0.43908045977011495	EAFLSEIV:0.25517241379310346	SLYEYGSR:0.22758620689655173	LIVPYTLD:0.2689655172413793	ESLYEYGS:0.22758620689655173	MESLYEYG:0.2597701149425287	EIASHGYR:0.20229885057471264	QLIVPYTL:0.2160919540229885	IASHGYRW:0.20229885057471264	WEIASHGY:0.20229885057471264	SRAGFWRL:0.43908045977011495	VAAMKEAG:0.20689655172413793	RAGFWRLW:0.2574712643678161	AAMKEAGW:0.20689655172413793	QFFTYLKD:0.25057471264367814	AGFWRLWR:0.2574712643678161	PKMMSVGL:0.26436781609195403	KMMSVGLH:0.2689655172413793	LSEIVGAQ:0.21839080459770116	MRFATPQG:0.2942528735632184	DMRFATPQ:0.2942528735632184	PQGFNSGD:0.2	EEGGFLYS:0.20229885057471264	IGLHCRLV:0.2160919540229885	VGRPGRAA:0.2827586206896552	FATPQGFN:0.2942528735632184	NDMRFATP:0.2942528735632184	RFATPQGF:0.2942528735632184	DWEIASHG:0.2045977011494253	ADWEIASH:0.2	VPYTLDAN:0.2413793103448276	RIDIARHW:0.2482758620689655	RRIDIARH:0.22988505747126436	FLSEIVGA:0.2597701149425287	AVAAMKEA:0.21149425287356322	GDQFFTYL:0.2	AVQFVINY:0.3701149425287356	IAVQFVIN:0.24597701149425288	RIAVQFVI:0.21379310344827587	VINYEEGG:0.28735632183908044	INYEEGGE:0.28735632183908044	
