cluster number:153
CE4:13	CE4:13
ALTFDDGP:0.6923076923076923	PGAIVLSH:0.23076923076923078	VALTFDDG:0.6923076923076923	YMRAPGGN:0.3076923076923077	LTFDDGPD:0.6153846153846154	RAPGGNFT:0.5384615384615384	MRAPGGNF:0.3076923076923077	APGGNFTP:0.3076923076923077	GVALTFDD:0.3076923076923077	GAIVLSHD:0.46153846153846156	TNAAIRAA:0.3076923076923077	TFDDGPDP:0.6153846153846154	VKATFCLV:0.38461538461538464	VDPRDWEH:0.5384615384615384	ARRHPDLV:0.23076923076923078	KATFCLVG:0.46153846153846156	AIVLSHDY:0.3076923076923077	NAAIRAAV:0.3076923076923077	AAIRAAVP:0.3076923076923077	RTNAAIRA:0.23076923076923078	VKATFCVV:0.23076923076923078	KATFCVVG:0.23076923076923078	YFRAPGGN:0.23076923076923078	DYAQPDTI:0.23076923076923078	FRAPGGNF:0.5384615384615384	HDYAQPDT:0.23076923076923078	LSHDYAQP:0.23076923076923078	FDDGPDPA:0.23076923076923078	LCNHTWDH:0.23076923076923078	SHDYAQPD:0.23076923076923078	DPRDWEHP:0.23076923076923078	HTLCNHTW:0.3076923076923077	GHTLCNHT:0.38461538461538464	LSHDFNQP:0.3076923076923077	AIRAAVPG:0.23076923076923078	HRAPGTLP:0.3076923076923077	IRAAVPGA:0.23076923076923078	ATFCLVGE:0.23076923076923078	AGHTLCNH:0.23076923076923078	IPFFRAPG:0.23076923076923078	DGMTSLYW:0.23076923076923078	AAGHTLCN:0.23076923076923078	IVLSHDFN:0.23076923076923078	PFFRAPGG:0.3076923076923077	QPDTIAAY:0.23076923076923078	FFRAPGGN:0.3076923076923077	VLSHDFNQ:0.23076923076923078	TVALTFDD:0.3076923076923077	SHDFNQPD:0.23076923076923078	HDFNQPDT:0.23076923076923078	
