cluster number:96
CE4:7	CE4:7
RVTGHYSN:0.2857142857142857	YSNEKFIE:0.2857142857142857	QMKYLKKN:0.2857142857142857	PRTGGLGL:0.7142857142857143	GYKDNHDF:0.2857142857142857	NHDFAYPI:0.2857142857142857	YHKVNPDP:0.8571428571428571	VNPDPRTG:0.7142857142857143	PPDKFEWQ:0.42857142857142855	TTELGLAK:0.42857142857142855	EWQMKYLK:0.42857142857142855	PIVITFDD:0.7142857142857143	HFQKGKPL:0.2857142857142857	WQMKYLKK:0.2857142857142857	MYHKVNPD:0.8571428571428571	KFEWQMKY:0.42857142857142855	PIMKKYGF:0.5714285714285714	KDNHDFAY:0.2857142857142857	DNHDFAYP:0.2857142857142857	PYGSHNDQ:0.2857142857142857	TGGLGLRV:0.8571428571428571	HKVNPDPR:0.7142857142857143	ILMYHKVN:0.7142857142857143	FQKGKPLP:0.2857142857142857	DHFQKGKP:0.2857142857142857	FRAAVTTE:0.2857142857142857	IEESKRVL:0.42857142857142855	VTTELGLA:0.42857142857142855	YKDNHDFA:0.2857142857142857	NPDPRTGG:0.7142857142857143	DFAYPIMK:0.2857142857142857	DGYKDNHD:0.42857142857142855	MKKYGFTG:0.42857142857142855	VFAYPYGS:0.2857142857142857	LPDKPIVI:0.42857142857142855	GLGLRVPP:0.7142857142857143	YGFTGTVF:0.42857142857142855	KVNPDPRT:0.7142857142857143	FIEELHKY:0.42857142857142855	IPILMYHK:0.5714285714285714	FDDGYKDN:0.5714285714285714	YPIMKKYG:0.5714285714285714	GSHNDQVA:0.2857142857142857	FEWQMKYL:0.5714285714285714	IVITFDDG:0.7142857142857143	AAVTTELG:0.42857142857142855	AGFRAAVT:0.2857142857142857	RAAVTTEL:0.42857142857142855	DDGYKDNH:0.42857142857142855	DKPIVITF:0.42857142857142855	PDKFEWQM:0.42857142857142855	RVPPDKFE:0.42857142857142855	IMKKYGFT:0.42857142857142855	LRVPPDKF:0.42857142857142855	DPRTGGLG:0.7142857142857143	GGLGLRVP:0.7142857142857143	GFRAAVTT:0.2857142857142857	ITFDDGYK:0.5714285714285714	LMYHKVNP:0.8571428571428571	VITFDDGY:0.8571428571428571	KKLQPENK:0.2857142857142857	VPPDKFEW:0.42857142857142855	LGLRVPPD:0.5714285714285714	YPYGSHND:0.2857142857142857	YGSHNDQV:0.2857142857142857	PDPRTGGL:0.7142857142857143	KYGFTGTV:0.42857142857142855	RTGGLGLR:0.7142857142857143	QGIPILMY:0.2857142857142857	GLRVPPDK:0.42857142857142855	FAYPIMKK:0.2857142857142857	FTGTVFVV:0.42857142857142855	PDKPIVIT:0.42857142857142855	KKYGFTGT:0.42857142857142855	GIPILMYH:0.42857142857142855	HDFAYPIM:0.2857142857142857	AYPIMKKY:0.5714285714285714	KPIVITFD:0.5714285714285714	AVTTELGL:0.42857142857142855	KFIEELHK:0.2857142857142857	GAHTVNHP:0.2857142857142857	VTGHYSNE:0.2857142857142857	EESKRVLE:0.42857142857142855	TFDDGYKD:0.5714285714285714	DKFEWQMK:0.42857142857142855	QIEESKRV:0.2857142857142857	PILMYHKV:0.7142857142857143	GFTGTVFV:0.42857142857142855	IGNTNFFD:0.42857142857142855	NTNFFDVE:0.42857142857142855	NFFDVEKK:0.42857142857142855	EVFCYPYG:0.2857142857142857	HTVDHPHL:0.2857142857142857	FFDVEKKL:0.42857142857142855	TVSLTDVM:0.2857142857142857	PVEVFCYP:0.2857142857142857	TVDHPHLA:0.2857142857142857	HGLKKPVE:0.2857142857142857	TNFFDVEK:0.42857142857142855	VSLTDVMD:0.42857142857142855	LTDVMDHF:0.42857142857142855	VDHPHLAE:0.2857142857142857	GNTNFFDV:0.42857142857142855	LKKPVEVF:0.2857142857142857	DVEKKLQP:0.42857142857142855	TGTVFVVT:0.2857142857142857	VEVFCYPY:0.2857142857142857	AGYRAAVT:0.2857142857142857	SLTDVMDH:0.42857142857142855	LEHGLKKP:0.2857142857142857	DHPHLAEV:0.2857142857142857	FDVEKKLQ:0.42857142857142855	GLKKPVEV:0.42857142857142855	EHGLKKPV:0.2857142857142857	TDVMDHFE:0.2857142857142857	GYRAAVTT:0.42857142857142855	YAYPIMKK:0.2857142857142857	KHLPDKPI:0.2857142857142857	KAIGNTNF:0.2857142857142857	PYGSYNDT:0.2857142857142857	FVIGAHTV:0.2857142857142857	YPYGSYND:0.2857142857142857	GAHTVDHP:0.2857142857142857	GKHLPDKP:0.2857142857142857	YGSYNDTV:0.2857142857142857	IGAHTVDH:0.2857142857142857	AYPYGSYN:0.2857142857142857	VIGAHTVD:0.2857142857142857	AIGNTNFF:0.2857142857142857	GSYNDTVA:0.2857142857142857	HLPDKPIV:0.2857142857142857	GFVIGAHT:0.2857142857142857	PILKKYGF:0.2857142857142857	HGFHTVSL:0.2857142857142857	YAFPILKK:0.2857142857142857	AFPILKKY:0.2857142857142857	FPILKKYG:0.2857142857142857	
