cluster number:40
CE4:219	CE4:219
LTFDNGYE:0.8584474885844748	YLRPPRGV:0.3150684931506849	PGAIYLLH:0.2694063926940639	FDNGYENG:0.908675799086758	HPGAIYLL:0.2694063926940639	ENGYTPKV:0.2420091324200913	LGNTKEKT:0.2100456621004566	DNGYENGY:0.8493150684931506	PKVLDVLK:0.2465753424657534	GTFFVTGH:0.228310502283105	TIYLTFDN:0.273972602739726	PPRGVFSE:0.4292237442922374	GYQTVFWS:0.2968036529680365	QAHPGAIY:0.2648401826484018	HHPDLTTK:0.2876712328767123	YLGNTKEK:0.2100456621004566	GYENGYTP:0.4292237442922374	GNTKEKTI:0.2146118721461187	AHPGAIYL:0.2694063926940639	TFDNGYEN:0.908675799086758	YDAFYLGN:0.319634703196347	LGYQTVFW:0.2968036529680365	NGYTPKVL:0.2420091324200913	KYDAFYLG:0.3881278538812785	LHTVSKDN:0.319634703196347	YLTFDNGY:0.7990867579908676	VFWSVAFV:0.3013698630136986	DAFYLGNT:0.2922374429223744	SVAFVDWK:0.2146118721461187	GYTPKVLD:0.2420091324200913	NTKEKTIY:0.2146118721461187	TKEKTIYL:0.2146118721461187	NGYENGYT:0.8447488584474886	LLHTVSKD:0.319634703196347	DNLYLRPP:0.2465753424657534	AIYLLHTV:0.2694063926940639	IYLLHTVS:0.2694063926940639	LRPPRGVF:0.3150684931506849	EGHIIGNH:0.6757990867579908	QTVFWSVA:0.2922374429223744	GAIYLLHT:0.2694063926940639	RPPRGVFS:0.4292237442922374	AFYLGNTK:0.2922374429223744	WSVAFVDW:0.3059360730593607	TVFWSVAF:0.2968036529680365	KEKTIYLT:0.2146118721461187	FWSVAFVD:0.3059360730593607	LYLRPPRG:0.3059360730593607	YQTVFWSV:0.2922374429223744	FVTGHFVK:0.3789954337899543	KQAHPGAI:0.2602739726027397	YENGYTPK:0.3561643835616438	FFVTGHFV:0.3835616438356164	KVLDVLKK:0.2009132420091324	EALDDAIT:0.2420091324200913	FYLGNTKE:0.2054794520547945	TPKVLDVL:0.2465753424657534	YTPKVLDV:0.2420091324200913	EKTIYLTF:0.273972602739726	TFFVTGHF:0.2465753424657534	GHIIGNHS:0.684931506849315	IYLTFDNG:0.5981735159817352	KTIYLTFD:0.273972602739726	NLYLRPPR:0.3059360730593607	NHSWSHPD:0.3105022831050228	IIGNHSWS:0.2237442922374429	ATFFVTGH:0.3607305936073059	IGNHSWSH:0.2694063926940639	PRGVFSER:0.3242009132420091	DEGHIIGN:0.2237442922374429	VPATFFVT:0.3424657534246575	ILDVLKEK:0.2146118721461187	TFFVTGHY:0.3378995433789954	PATFFVTG:0.3515981735159817	SKDNAEAL:0.319634703196347	GNHSWSHP:0.3105022831050228	HIIGNHSW:0.3424657534246575	FSERTLAL:0.2100456621004566	KVPATFFV:0.2420091324200913	VSKDNAEA:0.2054794520547945	YLRPPRGI:0.2374429223744292	RPPRGIFS:0.2648401826484018	LRPPRGIF:0.228310502283105	GHFVKDQP:0.2876712328767123	TGHFVKDQ:0.2876712328767123	VTGHFVKD:0.3013698630136986	GHIVGNHS:0.228310502283105	GYTFKSLD:0.2054794520547945	GNHSYHHP:0.2054794520547945	EGHIVGNH:0.2328767123287671	AAFFVTGH:0.228310502283105	PPRGIFSE:0.2100456621004566	FWSLAFVD:0.2054794520547945	FFVTGHYL:0.2694063926940639	HTVSKDNA:0.2420091324200913	WSLAFVDW:0.2100456621004566	
