cluster number:51
CE4:55	CE4:55
NVDSLDWK:0.6363636363636364	WNVDSLDW:0.7636363636363637	VDSLDWKG:0.6545454545454545	QIALTFDD:0.3090909090909091	IRPPYGDI:0.2909090909090909	NWNVDSLD:0.6727272727272727	IGNHSYNH:0.2545454545454545	DSLDWKGL:0.6363636363636364	GNHSYNHP:0.2909090909090909	KATFFIVG:0.32727272727272727	GYKLVNWN:0.21818181818181817	PRLIRPPY:0.45454545454545453	FDDVPDPR:0.4909090909090909	ALTFDDVP:0.7636363636363637	DDVPDPRF:0.43636363636363634	RLIRPPYG:0.45454545454545453	IRPPYGEI:0.36363636363636365	LIRPPYGE:0.34545454545454546	KLVNWNVD:0.21818181818181817	LTFDDVPD:0.7636363636363637	SLDWKGLS:0.43636363636363634	IALTFDDV:0.5636363636363636	TFDDVPDP:0.4909090909090909	VNWNVDSL:0.6181818181818182	PDPRFTPQ:0.38181818181818183	LVNWNVDS:0.2545454545454545	GYTFVTVP:0.21818181818181817	DVPDPRFT:0.43636363636363634	YKLVNWNV:0.21818181818181817	VPDPRFTP:0.36363636363636365	RPPYGEIT:0.2727272727272727	PPYGEITE:0.23636363636363636	TFFVVGSR:0.2545454545454545	LDWKGLSK:0.36363636363636365	KPRLIRPP:0.2545454545454545	GHAIGNHS:0.4909090909090909	GTIQALPE:0.21818181818181817	IREGHAIG:0.2909090909090909	IILQHGGG:0.2909090909090909	AIILQHGG:0.2	DPRFTPQL:0.2	FFVVGSRA:0.2545454545454545	AGYKPRLI:0.23636363636363636	IQALPEVI:0.21818181818181817	HAIGNHSY:0.4727272727272727	KATFFVVG:0.36363636363636365	ILQHGGGG:0.2909090909090909	LIRPPYGD:0.2727272727272727	PRFTPQLL:0.2	YKPRLIRP:0.23636363636363636	PPYGDISE:0.2	REGHAIGN:0.4	VKATFFVV:0.36363636363636365	RPPYGDIS:0.2	ATFFVVGS:0.2545454545454545	EGHAIGNH:0.45454545454545453	GAIILQHG:0.2	TIQALPEV:0.21818181818181817	GYKPRLIR:0.23636363636363636	IVNWNVDS:0.36363636363636365	KHADIFKM:0.2	KGLSKTQI:0.2	GSIILMHA:0.21818181818181817	FVTVPRLL:0.21818181818181817	VPRLLHTS:0.21818181818181817	IILMHAGG:0.21818181818181817	EITEPQIQ:0.2	GYMIVNWN:0.21818181818181817	HAGGGQSS:0.21818181818181817	SIILMHAG:0.21818181818181817	ADIFKMCG:0.2	IIREGHAI:0.2	RATPTLAM:0.2	PYGEITEP:0.21818181818181817	KKHADIFK:0.2	YMIVNWNV:0.23636363636363636	TLAMLRKK:0.2	KGYKFVTV:0.21818181818181817	VTVPRLLH:0.21818181818181817	PDSRYTPQ:0.21818181818181817	VPDSRYTP:0.21818181818181817	GYKFVTVP:0.21818181818181817	AKGYKFVT:0.21818181818181817	GNHSYTHP:0.23636363636363636	LHANGIKA:0.21818181818181817	IGNHSYTH:0.2	HSYTHPDF:0.21818181818181817	KTQIQRNV:0.2	ANGIKATF:0.21818181818181817	ARRHGYMI:0.2	PRLLHTSE:0.21818181818181817	ALLLAFSS:0.2	HADIFKMC:0.2	EPQIQWAR:0.2	QWARRHGY:0.2	MHAGGGQS:0.21818181818181817	TQIQRNVI:0.2	LSKTQIQR:0.2	NHSYTHPD:0.21818181818181817	IQRNVIPA:0.21818181818181817	KFVTVPRL:0.21818181818181817	SYTHPDFR:0.21818181818181817	PTLAMLRK:0.2	MIVNWNVD:0.23636363636363636	HANGIKAT:0.21818181818181817	RKKHADIF:0.2	TPTLAMLR:0.2	LMHAGGGQ:0.21818181818181817	ATFFIVGH:0.21818181818181817	LRKKHADI:0.2	TFDDVPDS:0.21818181818181817	LAMLRKKH:0.2	YTHPDFRK:0.21818181818181817	RRHGYMIV:0.2	WARRHGYM:0.2	FDDVPDSR:0.21818181818181817	SKTQIQRN:0.2	QRNVIPAT:0.21818181818181817	WKGLSKTQ:0.2545454545454545	ILMHAGGG:0.21818181818181817	RHGYMIVN:0.2	SLKAKGYK:0.2	MLRKKHAD:0.2	DVPDSRYT:0.21818181818181817	DIFKMCGP:0.21818181818181817	YGEITEPQ:0.21818181818181817	PGSIILMH:0.21818181818181817	DSRYTPQV:0.21818181818181817	SRYTPQVL:0.21818181818181817	RLLHTSER:0.2	LKAKGYKF:0.21818181818181817	TVPRLLHT:0.21818181818181817	DDVPDSRY:0.21818181818181817	FFIVGHRA:0.21818181818181817	IKATFFIV:0.21818181818181817	GIKATFFI:0.21818181818181817	DWKGLSKT:0.2545454545454545	FKMCGPHT:0.2	AGGGQSSN:0.21818181818181817	IFKMCGPH:0.2	NGIKATFF:0.21818181818181817	YKFVTVPR:0.21818181818181817	TEPQIQWA:0.2	GLSKTQIQ:0.2	ATPTLAML:0.2	THPDFRKA:0.21818181818181817	QIQRNVIP:0.21818181818181817	GGGQSSNL:0.21818181818181817	HGYMIVNW:0.21818181818181817	ITEPQIQW:0.2	TFFIVGHR:0.21818181818181817	KAKGYKFV:0.21818181818181817	RIIREGHA:0.2	GEITEPQI:0.2	FIVGHRAE:0.2	TPQVLDVL:0.23636363636363636	RYTPQVLD:0.2	
