cluster number:225
CE4:18	CE4:18
LLHDTSEK:0.6111111111111112	AITFDDGP:0.3888888888888889	VAITFDDG:0.2777777777777778	IILLHDTS:0.6111111111111112	GSIILLHD:0.4444444444444444	LHDTSEKT:0.5	LYRPPFGV:0.5555555555555556	SIILLHDT:0.4444444444444444	ILLHDTSE:0.5555555555555556	FILFYLFC:0.3333333333333333	DDGPTEFT:0.3888888888888889	FCIGKQIE:0.4444444444444444	LFYLFCNV:0.3888888888888889	TFQRIIAE:0.2777777777777778	RPPFGVTN:0.5555555555555556	GVTNPNIA:0.4444444444444444	GHTIGNHT:0.4444444444444444	IKATFFCI:0.2222222222222222	ALTFDDGP:0.4444444444444444	TFDDGPTE:0.3888888888888889	VTNPNIAK:0.3333333333333333	KYSTFTVD:0.2222222222222222	PETFQRII:0.3333333333333333	GWNVRSLD:0.6111111111111112	RTKIKEVA:0.2222222222222222	FDDGPTEF:0.3888888888888889	FQRIIAEG:0.2777777777777778	ILFYLFCN:0.3333333333333333	TKIKEVAL:0.2222222222222222	FFCIGKQI:0.4444444444444444	KSIGWNVR:0.3888888888888889	EKYPETFQ:0.3333333333333333	RIIAEGHT:0.2222222222222222	CNVFIYAF:0.3333333333333333	PPFGVTNP:0.5555555555555556	PFILFYLF:0.2222222222222222	VALTFDDG:0.4444444444444444	GKQIEKYP:0.3333333333333333	KGSIILLH:0.2777777777777778	LFCNVFIY:0.3333333333333333	EGHTIGNH:0.3888888888888889	YPETFQRI:0.3333333333333333	KQIEKYPE:0.3333333333333333	IAEGHTIG:0.2222222222222222	IGWNVRSL:0.6111111111111112	DGPTEFTP:0.3888888888888889	QRIIAEGH:0.2777777777777778	HKKSIGWN:0.2222222222222222	LTFDDGPT:0.4444444444444444	CIGKQIEK:0.3888888888888889	IEKYPETF:0.3333333333333333	THKKSIGW:0.2222222222222222	SIGWNVRS:0.6111111111111112	KRTKIKEV:0.2222222222222222	MKHYPFIL:0.2222222222222222	FCNVFIYA:0.3333333333333333	FGVTNPNI:0.5	IGKQIEKY:0.3333333333333333	KIKEVALT:0.2222222222222222	IKEVALTF:0.2777777777777778	ETFQRIIA:0.3333333333333333	HYPFILFY:0.2222222222222222	PTEFTPKF:0.2222222222222222	KYPETFQR:0.3333333333333333	PFGVTNPN:0.3888888888888889	KATFFCIG:0.6111111111111112	YRPPFGVT:0.5	TFFCIGKQ:0.4444444444444444	HKRTKIKE:0.2222222222222222	NPNIAKAI:0.2777777777777778	FYLFCNVF:0.3888888888888889	TEFTPKFL:0.2222222222222222	KHYPFILF:0.2222222222222222	QIEKYPET:0.3333333333333333	HDTSEKTY:0.3333333333333333	EFTPKFLD:0.2222222222222222	WNVRSLDT:0.6111111111111112	EVALTFDD:0.4444444444444444	KKSIGWNV:0.3888888888888889	GPTEFTPK:0.2222222222222222	AEGHTIGN:0.2777777777777778	ATFFCIGK:0.6111111111111112	KEVALTFD:0.4444444444444444	THKRTKIK:0.2222222222222222	YPFILFYL:0.2222222222222222	TNPNIAKA:0.3333333333333333	IIAEGHTI:0.2222222222222222	NVRSLDTI:0.3333333333333333	YLFCNVFI:0.3333333333333333	VVWGSFDI:0.2222222222222222	NHTLSHSN:0.2222222222222222	SHSNSTGF:0.2222222222222222	SAVVVWGS:0.2222222222222222	SNSTGFLS:0.2222222222222222	IGNHTLSH:0.2222222222222222	SITHKRTK:0.2222222222222222	NSTGFLST:0.2222222222222222	VFIYAFQG:0.2222222222222222	FVNSITHK:0.3333333333333333	HSNSTGFL:0.2222222222222222	VKATFFCI:0.2222222222222222	YSTFTVDS:0.2777777777777778	NVFIYAFQ:0.2222222222222222	NSITHKRT:0.3333333333333333	STFTVDSI:0.2777777777777778	YFVNSITH:0.3333333333333333	VNSITHKR:0.3333333333333333	AVVVWGSF:0.2222222222222222	FSAVVVWG:0.2222222222222222	GNHTLSHS:0.2777777777777778	HTIGNHTL:0.2222222222222222	SEKTYRVL:0.2222222222222222	GNHTYSHS:0.2777777777777778	GVTNPSIA:0.2222222222222222	DKKYSTFT:0.2777777777777778	DTSEKTYR:0.2222222222222222	IGNHTYSH:0.2222222222222222	LGYFVNSI:0.2777777777777778	GYFVNSIT:0.2777777777777778	FGVTNPSI:0.2777777777777778	TSEKTYRV:0.2222222222222222	PAFGVTNP:0.3333333333333333	LYRPAFGV:0.2777777777777778	YRPAFGVT:0.2777777777777778	RPAFGVTN:0.3333333333333333	GDIILLHD:0.2777777777777778	KGDIILLH:0.2222222222222222	DIILLHDT:0.2222222222222222	
