cluster number:168
CE4:39	CE4:39
VDSGDSKR:0.3076923076923077	HNYHDLYS:0.23076923076923078	GVKATFFV:0.2564102564102564	KATFFVLG:0.5384615384615384	AIGNHTYN:0.41025641025641024	YNHNYHDL:0.23076923076923078	DWTVDSGD:0.358974358974359	NYHDLYSG:0.23076923076923078	HTYNHNYH:0.23076923076923078	AIWEQGHA:0.23076923076923078	WTVDSGDS:0.358974358974359	HDLYSGFT:0.23076923076923078	HAIGNHTY:0.4358974358974359	VILLLHDG:0.3076923076923077	NHTYNHNY:0.3076923076923077	YHDLYSGF:0.23076923076923078	ITGVRPQL:0.3076923076923077	GNHTYNHN:0.3076923076923077	IWEQGHAI:0.3076923076923077	LYSGFTEF:0.2564102564102564	EPVQFRVS:0.23076923076923078	TYNHNYHD:0.20512820512820512	NAIWEQGH:0.20512820512820512	VKATFFVL:0.46153846153846156	DLYSGFTE:0.23076923076923078	QGHAIGNH:0.3076923076923077	WEQGHAIG:0.3076923076923077	GHAIGNHT:0.46153846153846156	NHNYHDLY:0.23076923076923078	EQGHAIGN:0.3076923076923077	INAIWEQG:0.20512820512820512	IGNHTYNH:0.4358974358974359	YSGFTEFW:0.2564102564102564	LFAPGKPL:0.20512820512820512	FFVLGEQA:0.2564102564102564	LVRAPGGT:0.6410256410256411	WNVDSGDS:0.3076923076923077	DWNVDSGD:0.3076923076923077	ATFFVLGE:0.3333333333333333	TFFVLGEQ:0.3076923076923077	LTFDDGPS:0.7692307692307693	LLHDGAGH:0.20512820512820512	PVQFRVSA:0.23076923076923078	TVYLTFDD:0.5641025641025641	VYLTFDDG:0.7948717948717948	YLTFDDGP:0.8205128205128205	KTVYLTFD:0.41025641025641024	PGGTFGHF:0.2564102564102564	RPQLVRAP:0.38461538461538464	QLVRAPGG:0.38461538461538464	VRAPGGTF:0.3076923076923077	VRPQLVRA:0.23076923076923078	GVRPQLVR:0.20512820512820512	APGGTFGH:0.2564102564102564	RAPGGTFG:0.3333333333333333	PQLVRAPG:0.38461538461538464	GGTFGHFD:0.2564102564102564	TGVRPQLV:0.20512820512820512	
