cluster number:187
CE4:12	CE4:12
GAESPWTR:0.25	CHGWLWRP:0.25	EAARGLPR:0.4166666666666667	MGEVISVV:0.3333333333333333	FHPNGFVR:0.6666666666666666	PYRDPSGL:0.25	FEEGAEQQ:0.25	ALDVLEAE:0.25	PDPGQAQI:0.25	GLPRLLNI:0.3333333333333333	DVLEAEAA:0.25	LDVLEAEA:0.25	RGAESPWT:0.25	MKFFHPNG:1.0	EEGAEQQV:0.25	YTSNGFDD:0.4166666666666667	AYGTRAGA:0.25	FHLRIVGR:0.3333333333333333	FFHPNGFV:1.0	FCRGAESP:0.25	SNGFDDDL:0.5	GQAQIFAY:0.25	LAVSVVVN:0.25	LPRLLNIG:0.3333333333333333	QAQIFAYG:0.25	CRGAESPW:0.25	DPGQAQIF:0.25	RGLPRLLN:0.4166666666666667	IVGRPGRF:0.25	TSNGFDDD:0.4166666666666667	DALDVLEA:0.25	AEAARGLP:0.3333333333333333	HLRIVGRP:0.4166666666666667	WLWRPHAD:0.3333333333333333	FDDDLPYR:0.25	FFCRGAES:0.3333333333333333	CGRAAERA:0.25	HGWLWRPH:0.3333333333333333	GEVISVVP:0.4166666666666667	LEAEAARG:0.25	DMKFFHPN:1.0	DDLPYRDP:0.25	RIVGRPGR:0.25	VSVVVNFE:0.25	KFFHPNGF:1.0	ARGLPRLL:0.4166666666666667	DLPYRDPS:0.25	LNIGFHLR:0.25	SPWTRDLL:0.25	YVTDALDV:0.25	GFDDDLPY:0.5	LPYRDPSG:0.25	PGQAQIFA:0.25	FAYGTRAG:0.3333333333333333	LRIVGRPG:0.25	GWLWRPHA:0.3333333333333333	SVVVNFEE:0.25	RLLNIGFH:0.25	GFFCRGAE:0.3333333333333333	NGFDDDLP:0.5	NDMKFFHP:1.0	AQIFAYGT:0.25	VLEAEAAR:0.25	IGFHLRIV:0.25	EAEAARGL:0.25	AVSVVVNF:0.25	GTRAGAWR:0.25	NFEEGAEQ:0.25	GFHLRIVG:0.3333333333333333	VVVNFEEG:0.25	TDALDVLE:0.25	LLNIGFHL:0.25	VNFEEGAE:0.75	QIFAYGTR:0.3333333333333333	VVNFEEGA:0.5833333333333334	IFAYGTRA:0.3333333333333333	ACHGWLWR:0.25	PRLLNIGF:0.25	NIGFHLRI:0.3333333333333333	DDDLPYRD:0.25	VTDALDVL:0.25	WRPHADYD:0.3333333333333333	AARGLPRL:0.4166666666666667	YGTRAGAW:0.25	HPNGFVRA:0.6666666666666666	HGWRWLPH:0.25	NGARVAVS:0.3333333333333333	MCGRAVER:0.5	FVQPEDFS:0.25	GWRWLPHA:0.25	FHPNGFVQ:0.25	RDLRGYGR:0.25	EGAELAVE:0.25	ARVAVSLV:0.3333333333333333	MMCGRAVE:0.25	EEGAELAV:0.3333333333333333	AVSLVVNF:0.3333333333333333	VHGWRWLP:0.25	DTNDMKFF:0.4166666666666667	EAGHEPAV:0.25	FEEGAELA:0.3333333333333333	EPAVHGWR:0.4166666666666667	GFDTNDMK:0.25	AGHEPAVH:0.25	GFVQPEDF:0.25	GARVAVSL:0.3333333333333333	PYGFDTND:0.25	RDLVQEQV:0.25	TNDMKFFH:0.4166666666666667	LAVEQGDA:0.25	PNGFVQPE:0.25	QEQVFDYG:0.25	GHEPAVHG:0.4166666666666667	VQEQVFDY:0.25	RVAVSLVV:0.25	LWRFLDAF:0.3333333333333333	SLVVNFEE:0.3333333333333333	DSNALDDD:0.25	YGFDTNDM:0.25	NFEEGAEL:0.5	PAVHGWRW:0.4166666666666667	RICGRPAR:0.25	VSLVVNFE:0.3333333333333333	GAELAVEQ:0.25	LVQEQVFD:0.25	WRFLDAFA:0.25	ICGRPARF:0.25	GRAVERVP:0.25	NALDDDLP:0.25	NGFVQPED:0.25	FDTNDMKF:0.3333333333333333	DDDLPYWS:0.25	SNALDDDL:0.25	LVVNFEEG:0.3333333333333333	AVHGWRWL:0.25	GLWRFLDA:0.3333333333333333	ALDDDLPY:0.25	CGRAVERV:0.25	LDDDLPYW:0.4166666666666667	VAVSLVVN:0.25	LRICGRPA:0.25	AELAVEQG:0.25	DLVQEQVF:0.25	PNGARVAV:0.3333333333333333	HEPAVHGW:0.4166666666666667	ELAVEQGD:0.25	HLRICGRP:0.25	YDSNALDD:0.25	QVFDYGMR:0.25	WPNGARVA:0.3333333333333333	LPYGFDTN:0.25	EQVFDYGM:0.25	HPNGFVQP:0.25	FYMCGRAV:0.25	DDDLPYWD:0.3333333333333333	YMCGRAVE:0.25	TFYMCGRA:0.25	SPWTRELL:0.25	LNIGLHLR:0.25	GFLYTSNG:0.3333333333333333	CGRAVERS:0.3333333333333333	PAGFFCRG:0.25	GWRWRPHA:0.4166666666666667	HGWRWRPH:0.4166666666666667	DSNDMKFF:0.4166666666666667	NIGLHLRI:0.25	RWRPHADY:0.4166666666666667	ESPWTREL:0.25	GRAVERSP:0.3333333333333333	SNDMKFFH:0.4166666666666667	ATFYMCGR:0.25	GRPGRFAA:0.3333333333333333	WRWRPHAD:0.4166666666666667	LLNIGLHL:0.25	VARGHEPA:0.25	GRPARFAA:0.3333333333333333	FDDDLPYW:0.3333333333333333	NGARLAVS:0.25	PNGARLAV:0.25	WPNGARLA:0.25	RGFLYTSN:0.25	YALDSNDM:0.25	LDSNDMKF:0.25	VHGWRWRP:0.25	AVHGWRWR:0.25	VVPYALDS:0.25	VPYALDSN:0.25	PYALDSND:0.25	ALDSNDMK:0.25	
