cluster number:260
CE4:27	CE4:27
RVALTFDD:0.2962962962962963	ALTFDDGP:0.5925925925925926	GYEFVTVS:0.4444444444444444	QYPTVFRP:0.25925925925925924	LQKQGYEF:0.2962962962962963	PSILWSID:0.25925925925925924	VALTFDDG:0.4074074074074074	AGHEIGNH:0.37037037037037035	GQYPTVFR:0.25925925925925924	WSIDTLDW:0.2962962962962963	AIGQYPTV:0.25925925925925924	EFVTVSEI:0.25925925925925924	FRPPYGAT:0.25925925925925924	IDTLDWKH:0.4074074074074074	QKQGYEFV:0.2962962962962963	LTFDDGPD:0.2222222222222222	TSNAIYAA:0.25925925925925924	DGSIILMH:0.2962962962962963	PTVFRPPY:0.2962962962962963	YAAIGQYP:0.25925925925925924	SILWSIDT:0.25925925925925924	AIYAAIGQ:0.25925925925925924	LWSIDTLD:0.25925925925925924	TVFRPPYG:0.4444444444444444	YLQKQGYE:0.25925925925925924	FDDGPDAK:0.2222222222222222	IYAAIGQY:0.25925925925925924	SIILMHDI:0.37037037037037035	SIDTLDWK:0.2962962962962963	ILWSIDTL:0.25925925925925924	YEFVTVSE:0.4444444444444444	IGQYPTVF:0.25925925925925924	LYLQKQGY:0.25925925925925924	KKRVALTF:0.25925925925925924	KQGYEFVT:0.3333333333333333	GHEIGNHT:0.8518518518518519	VFRPPYGA:0.3333333333333333	YPTVFRPP:0.25925925925925924	SNAIYAAI:0.25925925925925924	RPPYGATN:0.25925925925925924	GSIILMHD:0.37037037037037035	AAIGQYPT:0.25925925925925924	KDGSIILM:0.2962962962962963	KRVALTFD:0.2962962962962963	QGYEFVTV:0.3333333333333333	IILMHDIH:0.37037037037037035	NAIYAAIG:0.25925925925925924	TFDDGPDA:0.2222222222222222	KKPTLFRP:0.3333333333333333	YNVKATFF:0.3333333333333333	LDVLKKYN:0.2222222222222222	LKKYNVKA:0.2962962962962963	VLKKYNVK:0.2222222222222222	QVLDVLKK:0.2962962962962963	KDWKNPGA:0.2962962962962963	TFNHPDIS:0.3333333333333333	GKKPTLFR:0.3333333333333333	AITFDDGP:0.2962962962962963	ASKEGHEI:0.2962962962962963	IGNHTFNH:0.5185185185185185	EIGNHTFN:0.5185185185185185	RASKEGHE:0.2962962962962963	PKMIEKGF:0.2222222222222222	ILLHDYAT:0.3333333333333333	EGHEIGNH:0.4074074074074074	FDDGPHPK:0.5185185185185185	KPTLFRPP:0.37037037037037035	DIILLHDY:0.3333333333333333	HTFNHPDI:0.37037037037037035	GDIILLHD:0.3333333333333333	HPDISNLS:0.2222222222222222	SKEGHEIG:0.2962962962962963	NHPDISNL:0.2222222222222222	DGPHPKET:0.37037037037037035	KEGHEIGN:0.3333333333333333	KYNVKATF:0.3333333333333333	ITFDDGPH:0.2962962962962963	NGDIILLH:0.3333333333333333	VLDVLKKY:0.2222222222222222	TFDDGPHP:0.5185185185185185	KKYNVKAT:0.2962962962962963	LLHDYATN:0.37037037037037035	IPKMIEKG:0.25925925925925924	HEIGNHTF:0.5185185185185185	DDGPHPKE:0.37037037037037035	IILLHDYA:0.3333333333333333	GNHTFNHP:0.4074074074074074	TGKKPTLF:0.3333333333333333	DVLKKYNV:0.2222222222222222	FNHPDISN:0.3333333333333333	NHTFNHPD:0.37037037037037035	TLDWKHHN:0.2222222222222222	KATFFMVG:0.25925925925925924	DTLDWKHH:0.25925925925925924	FRPPYGSY:0.2962962962962963	LDWKHHNP:0.2222222222222222	MHDIHQTT:0.3333333333333333	KASVKDGS:0.2222222222222222	VKDGSIIL:0.2222222222222222	VKASVKDG:0.2222222222222222	SVKDGSII:0.2222222222222222	AGWAYVEA:0.2222222222222222	DIHQTTAN:0.2222222222222222	LMHDIHQT:0.3333333333333333	ASVKDGSI:0.2222222222222222	YVKASVKD:0.2222222222222222	AKVTPQIL:0.2222222222222222	KVTPQILA:0.2222222222222222	HDIHQTTA:0.3333333333333333	HQTTANGL:0.2222222222222222	IHQTTANG:0.2222222222222222	ILMHDIHQ:0.25925925925925924	YDAKATFF:0.2962962962962963	KYDAKATF:0.2962962962962963	EFVTVSEL:0.2222222222222222	LTFDDGPH:0.2222222222222222	
