cluster number:196
CE4:7	CE4:7
KTILWSID:0.2857142857142857	TGRWVKAF:0.2857142857142857	EIVKAGHE:0.2857142857142857	RPIERGNE:0.2857142857142857	WVKAFPEM:0.2857142857142857	IVKAGHEI:0.2857142857142857	AGHEIGSH:0.5714285714285714	TVNRPIER:0.2857142857142857	GYKTILWS:0.2857142857142857	CNVDWGNE:0.7142857142857143	LWSIDTID:0.42857142857142855	NEVIPEIL:0.42857142857142855	LIIIITGT:0.2857142857142857	STTTNYAT:0.2857142857142857	AIVLMHPM:0.42857142857142855	FVTGRWVK:0.2857142857142857	AFACNVDW:0.2857142857142857	GNEVIPEI:0.42857142857142855	IIITGTIL:0.2857142857142857	ELGYKTIL:0.42857142857142855	PIERGNEN:0.2857142857142857	ACNVDWGN:0.5714285714285714	KAGHEIGS:0.42857142857142855	NVDWGNEV:0.7142857142857143	YATVNRPI:0.2857142857142857	KITFFVTG:0.5714285714285714	LGYKTILW:0.42857142857142855	VKAGHEIG:0.2857142857142857	LMHPMPET:0.5714285714285714	TIDWRQGS:0.2857142857142857	ITFFVTGR:0.5714285714285714	FFVTGRWV:0.2857142857142857	ATVNRPIE:0.2857142857142857	VTGRWVKA:0.2857142857142857	TTTNYATV:0.2857142857142857	PETAKALP:0.5714285714285714	FAPPSGAY:0.42857142857142855	AYNEYTLI:0.2857142857142857	VNRPIERG:0.2857142857142857	FACNVDWG:0.42857142857142855	SGAYNEYT:0.2857142857142857	QELGYKTI:0.2857142857142857	ATSTTTNY:0.2857142857142857	IDWRQGST:0.2857142857142857	GRWVKAFP:0.2857142857142857	GAIVLMHP:0.7142857142857143	IDTIDWRQ:0.2857142857142857	MPETAKAL:0.5714285714285714	TFFVTGRW:0.5714285714285714	PPSGAYNE:0.42857142857142855	APPSGAYN:0.42857142857142855	RWVKAFPE:0.2857142857142857	PSGAYNEY:0.2857142857142857	HEIGSHGY:0.5714285714285714	IIIITGTI:0.2857142857142857	WGNEVIPE:0.5714285714285714	IAFACNVD:0.2857142857142857	TSTTTNYA:0.2857142857142857	VKITFFVT:0.42857142857142855	NRPIERGN:0.2857142857142857	IVLMHPMP:0.42857142857142855	GAYNEYTL:0.2857142857142857	TNYATVNR:0.2857142857142857	IGSHGYQH:0.2857142857142857	HPMPETAK:0.5714285714285714	YKTILWSI:0.2857142857142857	AQELGYKT:0.2857142857142857	DWGNEVIP:0.7142857142857143	GHEIGSHG:0.5714285714285714	EIGSHGYQ:0.2857142857142857	VLMHPMPE:0.42857142857142855	MHPMPETA:0.5714285714285714	DTIDWRQG:0.2857142857142857	IERGNENS:0.2857142857142857	TTNYATVN:0.2857142857142857	IITGTILY:0.2857142857142857	LFAPPSGA:0.5714285714285714	VKAFPEMF:0.2857142857142857	WSIDTIDW:0.42857142857142855	VDWGNEVI:0.7142857142857143	SIDTIDWR:0.2857142857142857	TILWSIDT:0.42857142857142855	ILWSIDTI:0.42857142857142855	PMPETAKA:0.5714285714285714	NYATVNRP:0.2857142857142857	EVIPEILE:0.2857142857142857	VTGRWASK:0.2857142857142857	LGYQTILW:0.2857142857142857	FFVTGRWA:0.42857142857142855	FVTGRWAS:0.2857142857142857	LWTIDTID:0.2857142857142857	TILWTIDT:0.2857142857142857	TLFAPPSG:0.2857142857142857	TIDTIDWR:0.5714285714285714	ILWTIDTI:0.2857142857142857	WTIDTIDW:0.5714285714285714	MALTINVV:0.2857142857142857	IDWRPSSS:0.2857142857142857	MWTIDTID:0.2857142857142857	ALTINVVW:0.2857142857142857	VYAPPYGE:0.2857142857142857	PGAIVLMH:0.2857142857142857	VLMHPTDR:0.2857142857142857	AIVLMHPT:0.2857142857142857	TINVVWGT:0.2857142857142857	LMHPTDRT:0.2857142857142857	DTIDWRPS:0.2857142857142857	TIDWRPSS:0.2857142857142857	DWRPSSSV:0.2857142857142857	MHPTDRTV:0.2857142857142857	LTINVVWG:0.2857142857142857	IVLMHPTD:0.2857142857142857	IDTIDWRP:0.2857142857142857	
