cluster number:254
CE4:14	CE4:14|CBM50:2
VPATFFVL:0.42857142857142855	KVINWSVD:0.21428571428571427	ALTFDDGP:1.0	WSVDSVDW:0.21428571428571427	PATFFVLG:0.42857142857142855	KIALTFDD:0.21428571428571427	TFFVLGSK:0.2857142857142857	INTLPDVR:0.21428571428571427	LINTLPDV:0.21428571428571427	VDSVDWRD:0.21428571428571427	VINWSVDS:0.21428571428571427	DSVDWRDQ:0.21428571428571427	YKVINWSV:0.21428571428571427	ALMRPPYG:0.2857142857142857	SVDSVDWR:0.21428571428571427	AQGYEFVT:0.21428571428571427	INWSVDSV:0.21428571428571427	TNKIALTF:0.21428571428571427	LTFDDGPN:0.21428571428571427	LMRPPYGA:0.21428571428571427	IALTFDDG:0.7142857142857143	TALMRPPY:0.21428571428571427	NKIALTFD:0.21428571428571427	QGYEFVTV:0.5	NVPATFFV:0.42857142857142855	NWSVDSVD:0.21428571428571427	ILINTLPD:0.21428571428571427	GYEFVTVD:0.2857142857142857	ATFFVLGS:0.2857142857142857	DDGPDPRF:0.42857142857142855	VALTFDDG:0.2857142857142857	WDVDTLDW:0.21428571428571427	LFRPPYGF:0.35714285714285715	LTFDDGPD:0.7857142857142857	GSIILMHD:0.21428571428571427	FDDGPDPR:0.6428571428571429	DGPDPRFT:0.21428571428571427	ILMHDGGD:0.21428571428571427	SIILMHDG:0.21428571428571427	FRPPYGFL:0.2857142857142857	IILMHDGG:0.35714285714285715	TFDDGPDP:0.6428571428571429	NHTYWHPN:0.2857142857142857	PGAIILMH:0.42857142857142855	GAIILMHD:0.42857142857142855	EFVTVPEL:0.35714285714285715	GWSVDSLD:0.21428571428571427	HTYWHPNL:0.2857142857142857	AIILMHDG:0.42857142857142855	DGPDPRYT:0.21428571428571427	DDGPDPRY:0.21428571428571427	NIHPGAII:0.21428571428571427	HPGAIILM:0.2857142857142857	GNHTYWHP:0.2857142857142857	IHPGAIIL:0.21428571428571427	WSVDSLDW:0.2857142857142857	ILQQRYPE:0.21428571428571427	LDWQEDPP:0.2857142857142857	GHIIGNHT:0.21428571428571427	FRAPYGFL:0.2857142857142857	IIGNHTYW:0.21428571428571427	VDSLDWQE:0.21428571428571427	GYRTKLFR:0.21428571428571427	TYWHPNLV:0.21428571428571427	SLDWQEDP:0.2857142857142857	EGHIIGNH:0.21428571428571427	HIIGNHTY:0.21428571428571427	IGNHTYWH:0.21428571428571427	SVDSLDWQ:0.21428571428571427	FVTVPELL:0.21428571428571427	LFRAPYGF:0.21428571428571427	DSLDWQED:0.2857142857142857	YNELVEKL:0.2857142857142857	NRIALTFD:0.21428571428571427	VPATFFVM:0.2857142857142857	RIALTFDD:0.42857142857142855	EGHVIGNH:0.35714285714285715	PATFFVMG:0.2857142857142857	YNVPATFF:0.35714285714285715	LYNELVEK:0.2857142857142857	YGFLYNEL:0.2857142857142857	GFLYNELV:0.2857142857142857	PYGFLYNE:0.2857142857142857	FLYNELVE:0.2857142857142857	ILMHDGAE:0.21428571428571427	IILMHDGA:0.2857142857142857	QEDPPEVI:0.21428571428571427	DPPEVIAS:0.21428571428571427	KQYNVPAT:0.21428571428571427	KLFRPPYG:0.21428571428571427	TLEREVTR:0.21428571428571427	REVTRTED:0.21428571428571427	KRIALTFD:0.21428571428571427	LEREVTRT:0.21428571428571427	RPPYGFLY:0.21428571428571427	DGPDPRFS:0.21428571428571427	EDPPEVIA:0.21428571428571427	GYEFVTVP:0.21428571428571427	EREVTRTE:0.21428571428571427	HVIGNHTY:0.21428571428571427	NEGHVIGN:0.21428571428571427	WQEDPPEV:0.21428571428571427	DWQEDPPE:0.21428571428571427	GHVIGNHT:0.2857142857142857	LKQYNVPA:0.21428571428571427	PPYGFLYN:0.21428571428571427	QYNVPATF:0.21428571428571427	
