cluster number:249
CE4:13	CE4:13
FRAPGGDW:0.3076923076923077	TWFRAPGG:0.23076923076923078	PRDWARPG:0.3076923076923077	RDWARPGT:0.3076923076923077	VALTIDDG:0.46153846153846156	GDRSQTVA:0.38461538461538464	HDGGGDRS:0.7692307692307693	WSVDPRDW:0.3076923076923077	DGGGDRSQ:0.7692307692307693	RAPGGDWS:0.3076923076923077	DPRDWARP:0.3076923076923077	RSQTVAAL:0.38461538461538464	AESRPVYE:0.23076923076923078	GGDRSQTV:0.46153846153846156	RATFFLIG:0.3076923076923077	VDPRDWAR:0.3076923076923077	DRSQTVAA:0.38461538461538464	FFLIGENA:0.23076923076923078	IRATFFLI:0.23076923076923078	PGGDWSPA:0.38461538461538464	ESRPVYEL:0.23076923076923078	APGGDWSP:0.23076923076923078	GGGDRSQT:0.7692307692307693	ALTIDDGP:0.7692307692307693	SRPVYELD:0.23076923076923078	RPVYELDA:0.23076923076923078	VVALTIDD:0.23076923076923078	PTWFRAPG:0.23076923076923078	DDGPHPVW:0.46153846153846156	LCHDGGGD:0.5384615384615384	ANHTWSHP:0.3076923076923077	CMIGNQVL:0.3076923076923077	GNQVLGHE:0.3076923076923077	CHDGGGDR:0.5384615384615384	QILLCHDG:0.3076923076923077	IPALKARG:0.23076923076923078	ILLCHDGG:0.46153846153846156	IGNQVLGH:0.3076923076923077	SPGGDWSP:0.23076923076923078	FCMIGNQV:0.3076923076923077	PHPVWTPK:0.23076923076923078	GPHPVWTP:0.46153846153846156	HPVWTPKI:0.23076923076923078	RSPGGDWS:0.23076923076923078	IDDGPHPV:0.46153846153846156	PGQILLCH:0.3076923076923077	PVWTPKIL:0.23076923076923078	LANHTWSH:0.23076923076923078	MIGNQVLG:0.3076923076923077	LTIDDGPH:0.6153846153846154	GQILLCHD:0.3076923076923077	PRDWSRPG:0.23076923076923078	LLCHDGGG:0.6153846153846154	DGPHPVWT:0.46153846153846156	TIDDGPHP:0.5384615384615384	FRSPGGDW:0.3076923076923077	DPRDWSRP:0.23076923076923078	GPHPEWTP:0.23076923076923078	IALTIDDG:0.3076923076923077	DDGPHPEW:0.23076923076923078	DGPHPEWT:0.23076923076923078	GGDWSPAV:0.23076923076923078	AIALTIDD:0.23076923076923078	GDWSPAVL:0.23076923076923078	PAVLAAAA:0.23076923076923078	PHPVWTPR:0.23076923076923078	RLFRAPGG:0.3076923076923077	PRLFRAPG:0.3076923076923077	
