cluster number:18
CE4:152	CE4:152
PILMYHAV:0.2565789473684211	RVRILPTT:0.3815789473684211	TVNHPDLS:0.39473684210526316	AYPSGRYN:0.3881578947368421	FLTPEEAY:0.2236842105263158	DGLLSLNR:0.29605263157894735	KATNNVIT:0.7105263157894737	AKATNNVI:0.3881578947368421	RILPTTTA:0.34868421052631576	KKVVWLTF:0.5526315789473685	GLLSLNRV:0.3092105263157895	TNEGLASA:0.29605263157894735	KVVWLTFD:0.7039473684210527	GMSFQSHT:0.21710526315789475	NRVRILPT:0.34210526315789475	TTNEGLAS:0.3026315789473684	IAYPSGRY:0.3881578947368421	ILMYHAVH:0.2565789473684211	LSLNRVRI:0.21710526315789475	IPILMYHA:0.4868421052631579	NNVITGFV:0.23684210526315788	HAVHVMDP:0.21710526315789475	AVHVMDPS:0.21710526315789475	YYFLTPEE:0.26973684210526316	VRILPTTT:0.3026315789473684	YHAVHVMD:0.2236842105263158	KLGLTTNE:0.2565789473684211	LNRVRILP:0.3815789473684211	PAKKVVWL:0.2894736842105263	LLSLNRVR:0.3092105263157895	HTVNHPDL:0.7368421052631579	TNNVITGF:0.40789473684210525	LMYHAVHV:0.23026315789473684	VHVMDPSE:0.2236842105263158	YFLTPEEA:0.2236842105263158	LGLTTNEG:0.2631578947368421	LTPEEAYK:0.2631578947368421	YKLGLTTN:0.2631578947368421	HVMDPSEA:0.29605263157894735	LPAKKVVW:0.2894736842105263	ATNNVITG:0.6447368421052632	YPILKKYK:0.2236842105263158	VVWLTFDD:0.7105263157894737	MYHAVHVM:0.23684210526315788	GYYFLTPE:0.26973684210526316	NANLIVDP:0.25	AYPILKKY:0.46710526315789475	AKKVVWLT:0.2894736842105263	SLNRVRIL:0.26973684210526316	ILMYHAIH:0.6513157894736842	SFQDHTVN:0.2894736842105263	PVKIPILM:0.3355263157894737	DHTVNHPD:0.4342105263157895	DDSMIDFY:0.25	TNNVITGL:0.23026315789473684	NVITGLTE:0.21710526315789475	VWLTFDDS:0.5986842105263158	SLNRIRIL:0.29605263157894735	YYFLSPEE:0.27631578947368424	MSFQDHTV:0.28289473684210525	GRYNDTTL:0.20394736842105263	LMYHAIHV:0.47368421052631576	LTFDDSMI:0.25	YKLGVTTN:0.4473684210526316	TFDDSMID:0.25	VKIPILMY:0.34210526315789475	MYHAIHVM:0.47368421052631576	NNVITGLT:0.2236842105263158	KDSKDYLD:0.20394736842105263	GLLSLNRI:0.3026315789473684	LNYKLGVT:0.23684210526315788	KLGVTTNE:0.3355263157894737	VAYPILKK:0.23684210526315788	VNHPDLEQ:0.20394736842105263	PILMYHAI:0.6578947368421053	GMSFQDHT:0.28289473684210525	TPVKIPIL:0.23026315789473684	QDHTVNHP:0.2894736842105263	GYYFLSPE:0.27631578947368424	WLTFDDSM:0.29605263157894735	LLSLNRIR:0.3026315789473684	LSLNRIRI:0.3026315789473684	LGVTTNEG:0.3355263157894737	FQDHTVNH:0.2894736842105263	FDDSMIDF:0.25	NYKLGVTT:0.23684210526315788	LNRIRILP:0.3026315789473684	DTTLQIAA:0.2236842105263158	TVNHPDLE:0.3223684210526316	AIAYPSGR:0.24342105263157895	NGLLSLNR:0.3157894736842105	KIPILMYH:0.34210526315789475	NANLIVAP:0.2236842105263158	IAYPAGRY:0.21710526315789475	ANLIVAPD:0.32894736842105265	YHAIHVMA:0.23026315789473684	WLTFDDSL:0.35526315789473684	TFESHLKA:0.26973684210526316	MKATNNVI:0.21710526315789475	FESHLKAL:0.26973684210526316	TTNNGLAS:0.27631578947368424	LPILMYHA:0.21710526315789475	AYKVLTEN:0.24342105263157895	PEEAYKVL:0.21052631578947367	YKVLTENV:0.2565789473684211	VLTENVLP:0.2565789473684211	EAYKVLTE:0.24342105263157895	KVLTENVL:0.2565789473684211	
