cluster number:137
CE4:29	CE4:29
ANHTYTHP:0.3448275862068966	ALTFDDGP:0.9655172413793104	LFHDGGGN:0.5517241379310345	GHEIANHT:0.20689655172413793	VALTFDDG:0.5862068965517241	VMWSWHQD:0.4482758620689655	DGPHPKYT:0.3448275862068966	VLFHDGGG:0.41379310344827586	FDDGPHPK:0.3448275862068966	LTFDDGPH:0.8275862068965517	MWSWHQDT:0.4827586206896552	DDGPHPKY:0.3448275862068966	TFDDGPHP:0.5172413793103449	FHDGGGNR:0.4827586206896552	HEIANHTY:0.20689655172413793	GGGNRTQT:0.20689655172413793	HELANHTY:0.3448275862068966	WHQDTQDW:0.27586206896551724	HDGGGNRT:0.20689655172413793	RPVGGNYT:0.20689655172413793	DGYKVVMW:0.20689655172413793	YDAKATFF:0.20689655172413793	YKVVMWSW:0.4482758620689655	SWHQDTQD:0.27586206896551724	GFSPVLFR:0.20689655172413793	ILFHDGGG:0.3103448275862069	ITGFSPVL:0.20689655172413793	TQDWKEPG:0.20689655172413793	EGHELANH:0.41379310344827586	KDGYKVVM:0.20689655172413793	KQGYTFVT:0.2413793103448276	QDTQDWKE:0.20689655172413793	GYKVVMWS:0.4482758620689655	FSPVLFRP:0.20689655172413793	PGDVILFH:0.3103448275862069	VILFHDGG:0.3103448275862069	IVALTFDD:0.41379310344827586	KVVMWSWH:0.4827586206896552	ELANHTYT:0.20689655172413793	SPVLFRPV:0.20689655172413793	DKIVALTF:0.2413793103448276	LAKYDAKA:0.20689655172413793	LANHTYTH:0.20689655172413793	GPHPKYTA:0.2413793103448276	AKATFFII:0.2413793103448276	VLFRPVGG:0.20689655172413793	FRPVGGNY:0.3103448275862069	KKQGYTFV:0.2413793103448276	VKDGYKVV:0.20689655172413793	KIVALTFD:0.41379310344827586	KYDAKATF:0.20689655172413793	GHELANHT:0.41379310344827586	WSWHQDTQ:0.27586206896551724	KATFFIIG:0.2413793103448276	DTQDWKEP:0.20689655172413793	LFRPVGGN:0.27586206896551724	GGNRTQTI:0.20689655172413793	LKKQGYTF:0.2413793103448276	DVILFHDG:0.3103448275862069	HQDTQDWK:0.27586206896551724	GDVILFHD:0.3103448275862069	TGFSPVLF:0.20689655172413793	AKYDAKAT:0.20689655172413793	PVLFRPVG:0.20689655172413793	DGGGNRTQ:0.20689655172413793	VVMWSWHQ:0.3448275862068966	LFRPVEGQ:0.2413793103448276	IVLFHDGG:0.2413793103448276	FDDGPHKK:0.20689655172413793	FRPVEGQY:0.20689655172413793	IIALTFDD:0.20689655172413793	IALTFDDG:0.3793103448275862	KIIALTFD:0.20689655172413793	TFDDGPHK:0.20689655172413793	KPGDVILF:0.20689655172413793	
