cluster number:287
CE4:169	CE4:169
ALTFDDGP:0.8224852071005917	AIGNHTWH:0.2603550295857988	IGNHTWHH:0.38461538461538464	KVIALTFD:0.5976331360946746	IALTFDDG:0.727810650887574	VIALTFDD:0.5976331360946746	MHDGGGDR:0.31952662721893493	LMHDGGGD:0.31952662721893493	HTWHHWYR:0.23668639053254437	VTIPELLE:0.20118343195266272	KPGGIVLM:0.2781065088757396	LTFDDGPW:0.4970414201183432	FVTIPELL:0.31952662721893493	GIVLMHDG:0.378698224852071	GGIVLMHD:0.378698224852071	YKTTGVKT:0.22485207100591717	NHTWHHWY:0.5857988165680473	HAIGNHTW:0.24260355029585798	VLMHDGGG:0.6863905325443787	IYKTTGVK:0.22485207100591717	IVLMHDGG:0.650887573964497	PGGIVLMH:0.35502958579881655	GHAIGNHT:0.24260355029585798	GNHTWHHW:0.41420118343195267	MHDGGGNR:0.38461538461538464	LMHDGGGN:0.39644970414201186	KTTLFRPP:0.20710059171597633	HDGGGNRS:0.35502958579881655	TTLFRPPG:0.21301775147928995	TLFRPPGG:0.21301775147928995	FVTVPELL:0.24260355029585798	TFDDGPWP:0.38461538461538464	HTWHHWYH:0.24260355029585798	
