cluster number:150
CE4:72	CE4:72
RRGHELAV:0.2777777777777778	ALTFDDGP:0.9444444444444444	PVLWSAWG:0.2916666666666667	PYGILTGG:0.20833333333333334	RGHELAVH:0.3055555555555556	HVALTFDD:0.6666666666666666	VLWSAWGR:0.3055555555555556	ELAVHGWT:0.2222222222222222	VALTFDDG:0.75	LGVRATFF:0.3055555555555556	DHVALTFD:0.3888888888888889	WYRPPYGI:0.4583333333333333	LTFDDGPD:0.8888888888888888	LWSAWGRD:0.3055555555555556	PPYGILTG:0.20833333333333334	YRPPYGIL:0.4583333333333333	RPPYGILT:0.4444444444444444	YGILTGGR:0.20833333333333334	WSAWGRDW:0.3055555555555556	TVLLHDTD:0.20833333333333334	LAVHGWTH:0.2222222222222222	HELAVHGW:0.4583333333333333	VRATFFLL:0.20833333333333334	RATFFLLG:0.2916666666666667	TFDDGPDP:0.8194444444444444	GHELAVHG:0.4722222222222222	PDHVALTF:0.2222222222222222	GGTILLHD:0.2222222222222222	GPAATWLP:0.3333333333333333	GVRATFFV:0.2222222222222222	PVLWTAWG:0.2638888888888889	RATFFVLG:0.4166666666666667	VRATFFVL:0.375	ATFFVLGE:0.20833333333333334	GGGTVLLH:0.3333333333333333	AHIGPAAT:0.20833333333333334	IGPAATWL:0.2777777777777778	GGTVLLHD:0.3611111111111111	HIGPAATW:0.2777777777777778	GHVALTFD:0.2222222222222222	PRWYRPPY:0.25	RWYRPPYG:0.25	HEVAVHGW:0.2222222222222222	GHEVAVHG:0.25	TVLLHDSD:0.2777777777777778	HDSDCTSA:0.2777777777777778	DSDCTSAP:0.2222222222222222	GTVLLHDS:0.2222222222222222	LLHDSDCT:0.2777777777777778	LHDSDCTS:0.2777777777777778	DDGPDPAS:0.25	DGPDPAST:0.25	FDDGPDPA:0.2638888888888889	GPDPASTP:0.25	AWGRDWTA:0.2916666666666667	SAWGRDWT:0.2361111111111111	
