cluster number:125
CE4:94	CE4:94
GFGFEHFK:0.5212765957446809	AVKWALGG:0.26595744680851063	LQHPPEMV:0.2978723404255319	YKVVAMRA:0.2127659574468085	LDKLGKGI:0.26595744680851063	AGGYKVVA:0.2765957446808511	FFRFPALQ:0.40425531914893614	TTGGPGFG:0.7127659574468085	QHPPEMVT:0.2978723404255319	AEALPELL:0.2872340425531915	GKGIILMH:0.6808510638297872	PGFGFEHF:0.5212765957446809	TAEALPEL:0.2978723404255319	VEIDTTGG:0.5638297872340425	TFDDGPWP:0.7446808510638298	KVVAMRAK:0.2127659574468085	KAGGYKVV:0.6595744680851063	DTTGGPGF:0.6914893617021277	ALQHPPEM:0.2978723404255319	FPALQHPP:0.40425531914893614	LTFDDGPW:0.7978723404255319	PPEMVTYL:0.30851063829787234	TGGPGFGF:0.648936170212766	DKLGKGII:0.30851063829787234	VLTFDDGP:0.851063829787234	VGTHTWSH:0.35106382978723405	LKAGGYKV:0.6702127659574468	TVGTHTWS:0.3404255319148936	LRRLKAGG:0.2553191489361702	GHTVGTHT:0.32978723404255317	GYKVVAMR:0.22340425531914893	PEMVTYLG:0.30851063829787234	CDLDSFDF:0.22340425531914893	KLGKGIIL:0.3191489361702128	FSCDLDSF:0.22340425531914893	VVLTFDDG:0.851063829787234	LGKGIILM:0.30851063829787234	KHTAEALP:0.3617021276595745	RFPALQHP:0.40425531914893614	KGIILMHD:0.723404255319149	HTVGTHTW:0.32978723404255317	GGYKVVAM:0.2765957446808511	EIDTTGGP:0.574468085106383	IDTTGGPG:0.648936170212766	RTVEIDTT:0.2872340425531915	HPPEMVTY:0.30851063829787234	SCDLDSFD:0.22340425531914893	GPGFGFEH:0.5212765957446809	RRLKAGGY:0.2553191489361702	GGPGFGFE:0.5425531914893617	PAPFFRFP:0.3829787234042553	FRFPALQH:0.40425531914893614	EVVLTFDD:0.8617021276595744	TVEIDTTG:0.2872340425531915	GIILMHDF:0.6170212765957447	HTAEALPE:0.2553191489361702	PALQHPPE:0.3191489361702128	RLKAGGYK:0.5851063829787234	PFFRFPAL:0.43617021276595747	SAVKWALG:0.2765957446808511	EKGFSAVK:0.26595744680851063	KALADECT:0.43617021276595747	DKEVVLTF:0.5319148936170213	KEVVLTFD:0.5851063829787234	VLKALADE:0.4574468085106383	PSPFFRFP:0.30851063829787234	EIEKGFSA:0.24468085106382978	CANPDALG:0.2127659574468085	IEKGFSAV:0.23404255319148937	LKALADEC:0.4574468085106383	ALADECTK:0.20212765957446807	FGFEHFKQ:0.30851063829787234	SIGKHATY:0.23404255319148937	AVLKALAD:0.43617021276595747	FFSIGKHA:0.23404255319148937	IILMHDFQ:0.5212765957446809	TPAVLKAL:0.48936170212765956	PAVLKALA:0.43617021276595747	FSIGKHAT:0.23404255319148937	ILMHDFQK:0.5	AGGYKVVQ:0.2553191489361702	DGPWPVNT:0.3404255319148936	DFLRDKEV:0.2765957446808511	EHFKQLDF:0.22340425531914893	PWPVNTPA:0.2872340425531915	HATYHPEI:0.2978723404255319	WPVNTPAV:0.2872340425531915	FEHFKQLD:0.22340425531914893	GPWPVNTP:0.32978723404255317	LRDKEVVL:0.2765957446808511	GGYKVVQM:0.23404255319148937	RDKEVVLT:0.2765957446808511	FDDGPWPV:0.3617021276595745	SPFFRFPA:0.24468085106382978	TRNVAMFS:0.20212765957446807	FLRDKEVV:0.2765957446808511	NTPAVLKA:0.425531914893617	GKHATYHP:0.30851063829787234	DDGPWPVN:0.3404255319148936	GTRNVAMF:0.20212765957446807	HTWSHANL:0.35106382978723405	KHATYHPE:0.2978723404255319	ATYHPEIL:0.2978723404255319	FFPIGKHA:0.26595744680851063	GFEHFKQL:0.22340425531914893	PVNTPAVL:0.26595744680851063	LDFLRDKE:0.2765957446808511	HFKQLDFL:0.22340425531914893	MHDFQKHT:0.3617021276595745	HDFQKHTA:0.2553191489361702	LMHDFQKH:0.3617021276595745	TTGIFFSI:0.2127659574468085	FQKHTAEA:0.2553191489361702	QKHTAEAL:0.2553191489361702	ECTTGIFF:0.2765957446808511	WSHANLNN:0.20212765957446807	IFFSIGKH:0.2127659574468085	CTTGIFFS:0.2127659574468085	LADECTTG:0.26595744680851063	TGIFFSIG:0.2127659574468085	DECTTGIF:0.26595744680851063	HANLNNKK:0.20212765957446807	ADECTTGI:0.26595744680851063	ALADECTT:0.23404255319148937	TWSHANLN:0.2765957446808511	GIFFSIGK:0.2127659574468085	DFQKHTAE:0.2553191489361702	SHANLNNK:0.20212765957446807	APFFRFPQ:0.24468085106382978	PFFRFPQL:0.2765957446808511	HTWSHVNL:0.22340425531914893	VVEIDTTG:0.24468085106382978	GLMLASVV:0.2127659574468085	RVVEIDTT:0.24468085106382978	HPEILRQV:0.2127659574468085	TYHPEILR:0.20212765957446807	AAPAPAPA:0.20212765957446807	
