cluster number:216
CE4:84	CE4:84
VLWTLDTV:0.3333333333333333	FFLDGSWL:0.5833333333333334	TFFLDGSW:0.7261904761904762	AIPGYNGL:0.5595238095238095	RGNPAKPM:0.20238095238095238	WFAPPSGD:0.5	PIYRGNPA:0.20238095238095238	GYNGLEVD:0.5119047619047619	WTLDTVDW:0.42857142857142855	LKTVLWTL:0.2976190476190476	LWTLDTVD:0.40476190476190477	NVAWGNEY:0.5357142857142857	YNGLEVDV:0.21428571428571427	YRGNPAKP:0.21428571428571427	TVSQTLSP:0.25	VDRVWKAI:0.30952380952380953	PGYNGLEV:0.5119047619047619	GLKTVLWT:0.44047619047619047	VAWGNEYI:0.3333333333333333	MINVAWGN:0.6190476190476191	WKAIPGYN:0.5952380952380952	INVAWGNE:0.7857142857142857	IYRGNPAK:0.20238095238095238	LGLKTVLW:0.23809523809523808	FLDGSWLS:0.2261904761904762	FAPPSGDF:0.5476190476190477	APPSGDFD:0.23809523809523808	RVWKAIPG:0.5238095238095238	LGTVSQTL:0.34523809523809523	DRVWKAIP:0.5238095238095238	IPGYNGLE:0.5	GNPAKPMV:0.20238095238095238	TVLWTLDT:0.3333333333333333	KAIPGYNG:0.5952380952380952	FMINVAWG:0.2261904761904762	KTVLWTLD:0.2976190476190476	VWKAIPGY:0.5714285714285714	GTVSQTLS:0.39285714285714285	LINVAWGN:0.20238095238095238	IDRVWKAI:0.21428571428571427	LILMHPTA:0.20238095238095238	WTVDTVDW:0.30952380952380953	ILMHPTAS:0.20238095238095238	KWFAPPSG:0.30952380952380953	WFAPPSGS:0.20238095238095238	GSLILMHP:0.2261904761904762	VAWGNEYL:0.20238095238095238	SLILMHPT:0.2261904761904762	FLDGSWLK:0.3333333333333333	ATFFLDGS:0.4880952380952381	LDGSWLKK:0.30952380952380953	VKATFFLD:0.4642857142857143	SLMINVAW:0.2857142857142857	LMINVAWG:0.4166666666666667	KATFFLDG:0.47619047619047616	NVAWGNEF:0.2857142857142857	MVSLMINV:0.2619047619047619	GSWLKKNP:0.21428571428571427	DGSWLKKN:0.2857142857142857	LMHPTDSS:0.21428571428571427	VSLMINVA:0.2619047619047619	PMVSLMIN:0.23809523809523808	APPSGDFN:0.30952380952380953	KPMVSLMI:0.23809523809523808	NHAYSHPD:0.23809523809523808	LWTVDTVD:0.2619047619047619	YNGLEVDL:0.2261904761904762	VLWTVDTV:0.21428571428571427	TVLWTVDT:0.2261904761904762	HAYSHPNM:0.2619047619047619	AYSHPNMS:0.25	NHAYSHPN:0.25	LSNHAYSH:0.20238095238095238	SGDFNQQT:0.21428571428571427	GNPEKPMV:0.25	SNHAYSHP:0.23809523809523808	GHELSNHA:0.20238095238095238	PPSGDFNQ:0.2857142857142857	ELSNHAYS:0.20238095238095238	RGNPEKPM:0.2261904761904762	GDFNQQTV:0.21428571428571427	PSGDFNQQ:0.21428571428571427	HELSNHAY:0.20238095238095238	
