cluster number:309
CE4:46	CE4:46|CBM50:1
DDGPHPKV:0.2826086956521739	HEIGNHSW:0.34782608695652173	YDAKATFF:0.30434782608695654	DIHQSTAD:0.391304347826087	ALTFDDGP:0.8913043478260869	LMHDIHQS:0.391304347826087	VALTFDDG:0.3695652173913043	FDDGPHPK:0.32608695652173914	HDIHQSTA:0.391304347826087	LTFDDGPH:0.43478260869565216	KYDAKATF:0.2391304347826087	TFDDGPHP:0.4782608695652174	GHEIGNHS:0.391304347826087	HQSTADGL:0.391304347826087	TVFRPPYG:0.43478260869565216	SIILMHDI:0.2608695652173913	IHQSTADG:0.391304347826087	HYYSFVLT:0.21739130434782608	TFFMLGSR:0.34782608695652173	VFRPPYGA:0.43478260869565216	MHDIHQST:0.391304347826087	DAKATFFM:0.34782608695652173	KATFFMLG:0.6739130434782609	ATFFMLGS:0.391304347826087	IILMHDIH:0.2608695652173913	DGPHPKVT:0.2826086956521739	FFMLGSRV:0.2826086956521739	AKATFFML:0.6521739130434783	TADGLDAV:0.3695652173913043	GNHSWNHP:0.30434782608695654	STADGLDA:0.3695652173913043	LTFDDGPD:0.2391304347826087	EIGNHSWN:0.2826086956521739	ATVFRPPY:0.32608695652173914	TFDDGPDP:0.21739130434782608	ADGLDAVL:0.3695652173913043	ATFFMLGN:0.2608695652173913	IALTFDDG:0.5	GSIILMHD:0.2391304347826087	IGNHSWNH:0.2826086956521739	GYEFVTVS:0.2608695652173913	GLDAVLAY:0.2826086956521739	QSTADGLD:0.2826086956521739	AIVLMHDI:0.2608695652173913	RIALTFDD:0.21739130434782608	IVLMHDIH:0.32608695652173914	DAVLAYLQ:0.2608695652173913	NAIVLMHD:0.21739130434782608	YEFVTVSE:0.2391304347826087	DTLDWKHR:0.30434782608695654	LDAVLAYL:0.2826086956521739	RGHEIGNH:0.21739130434782608	NNAIVLMH:0.21739130434782608	HNNAIVLM:0.21739130434782608	DGLDAVLA:0.2826086956521739	VLMHDIHQ:0.2826086956521739	GHEIGNHT:0.21739130434782608	WTIDTLDW:0.21739130434782608	TIDTLDWK:0.21739130434782608	FRPPYGAV:0.2826086956521739	
