cluster number:165
CE4:6	CE4:6
HDDRADPE:0.3333333333333333	GLGLELVI:0.3333333333333333	EHTPRLLD:0.5	DHRSLLTL:0.3333333333333333	LELVIWSG:0.3333333333333333	PHPEHTPR:0.5	LGLELVIW:0.3333333333333333	TYDDGPHP:0.5	ALTYDDGP:0.5	LTYDDGPH:0.5	LHDDRADP:0.3333333333333333	YRPPYGRH:0.3333333333333333	DDRADPET:0.3333333333333333	ATATFFVL:0.5	LYRPPYGR:0.3333333333333333	RGLGLELV:0.3333333333333333	LLHDDRAD:0.3333333333333333	HTPRLLDV:0.3333333333333333	VALTYDDG:0.3333333333333333	HPEHTPRL:0.5	DDGPHPEH:0.5	VVALTYDD:0.3333333333333333	GATATFFV:0.5	AGATATFF:0.5	PEHTPRLL:0.5	DRADPETL:0.3333333333333333	VLLHDDRA:0.3333333333333333	RPPYGRHT:0.3333333333333333	IVLLHDDR:0.3333333333333333	LVIWSGDA:0.3333333333333333	GLELVIWS:0.3333333333333333	TPRLLDVL:0.3333333333333333	YDDGPHPE:0.3333333333333333	ELVIWSGD:0.3333333333333333	PRLLDVLA:0.3333333333333333	GPHPEHTP:0.5	DGPHPEHT:0.5	AEGHEIAL:0.3333333333333333	GHEIALHG:0.5	EGHEIALH:0.5	FAGPADGV:0.3333333333333333	PADGVDDG:0.3333333333333333	FRPPYGAQ:0.3333333333333333	GPADGVDD:0.3333333333333333	EPEVDRGA:0.3333333333333333	PEVDRGAL:0.3333333333333333	AGPADGVD:0.3333333333333333	WFRPPYGA:0.3333333333333333	
