cluster number:246
CE4:29	CE4:29
LHDGGGDR:0.27586206896551724	RIVREGHQ:0.4482758620689655	PVAEIRAD:0.27586206896551724	ALTFDDGP:0.7586206896551724	TATFCVVG:0.3103448275862069	EGHQLCNH:0.6551724137931034	IVREGHQL:0.4827586206896552	YRQPGGRW:0.3448275862068966	VALTFDDG:0.7241379310344828	RRPVAEIR:0.2413793103448276	FYRQPGGR:0.2413793103448276	HQLCNHSW:0.6551724137931034	VTATFCVV:0.27586206896551724	GHQLCNHS:0.6551724137931034	LTFDDGPD:0.4827586206896552	REGHQLCN:0.6206896551724138	QPGGRWTA:0.3448275862068966	RPVAEIRA:0.2413793103448276	RQPGGRWT:0.5862068965517241	LLHDGGGD:0.27586206896551724	VLLHDGGG:0.4827586206896552	VREGHQLC:0.5172413793103449	VAEIRADL:0.27586206896551724	TFDDGPDP:0.4827586206896552	PGGRWTAE:0.3448275862068966	LHDGGGNR:0.20689655172413793	LVRRIVRE:0.20689655172413793	LHWSVDPQ:0.3793103448275862	RPLHWSVD:0.2413793103448276	NHSWRHDL:0.2413793103448276	WTPKVLDQ:0.20689655172413793	LLHDGGGN:0.20689655172413793	PAWTPKVL:0.2413793103448276	QLCNHSWR:0.41379310344827586	IVLLHDGG:0.3103448275862069	RRIVREGH:0.20689655172413793	LCNHSWRH:0.41379310344827586	PLHWSVDP:0.27586206896551724	WSVDPQDW:0.41379310344827586	VRRIVREG:0.20689655172413793	HWSVDPQD:0.3793103448275862	HDGGGNRA:0.20689655172413793	TPKVLDQL:0.20689655172413793	SVDPQDWD:0.2413793103448276	CNHSWRHD:0.3793103448275862	PKVLDQLR:0.20689655172413793	AVALTFDD:0.20689655172413793	AHVTATFC:0.20689655172413793	GGRWTAEE:0.20689655172413793	VARIVREG:0.2413793103448276	GVALTFDD:0.27586206896551724	WFRQPGGR:0.20689655172413793	FRQPGGRW:0.2413793103448276	ARIVREGH:0.2413793103448276	LVARIVRE:0.2413793103448276	AAHVTATF:0.20689655172413793	HDGGGDRS:0.27586206896551724	MHDGGGDR:0.27586206896551724	VLMHDGGG:0.3103448275862069	IVLMHDGG:0.20689655172413793	LMHDGGGD:0.27586206896551724	PDLKRRYG:0.20689655172413793	IPDLKRRY:0.20689655172413793	LIPDLKRR:0.20689655172413793	FDDGPDPR:0.20689655172413793	KPKLRPLP:0.20689655172413793	
