cluster number:52
CE4:72	CE4:72
EAERAGAR:0.2777777777777778	PGSVVSLH:0.2638888888888889	HELGNHTM:0.2222222222222222	RAGARVTV:0.3194444444444444	ERAGARVT:0.3194444444444444	GLRAVTTT:0.4583333333333333	GARVTVLA:0.5	ARVTVLAV:0.4305555555555556	GHELGNHT:0.4861111111111111	AERAGARV:0.2222222222222222	IGSWFRPS:0.2638888888888889	AVALTFHG:0.25	RVTVLAVG:0.4583333333333333	VLSYDVDS:0.6805555555555556	PHVLSYDV:0.7083333333333334	RGLRAVTT:0.4722222222222222	AGYPHVLS:0.6944444444444444	RRGLRAVT:0.5694444444444444	LDGGHELG:0.4305555555555556	AGARVTVL:0.3888888888888889	GGHELGNH:0.4583333333333333	RAVTTTEL:0.5833333333333334	LRAVTTTE:0.5833333333333334	YPHVLSYD:0.75	HVLSYDVD:0.6805555555555556	DGGHELGN:0.4444444444444444	GYPHVLSY:0.7638888888888888	GSWFRPSQ:0.2361111111111111	LTGSIGTW:0.4583333333333333	AVTTTELL:0.4444444444444444	LSYDVDSL:0.6527777777777778	PRVALTFH:0.20833333333333334	RVALTFHG:0.2638888888888889	DRRGLRAV:0.20833333333333334	LTFHGQGD:0.4583333333333333	LDGGHDLG:0.3611111111111111	LAVGTWLD:0.4027777777777778	RLTGSIGT:0.4444444444444444	ALTFHGQG:0.4861111111111111	VTTTELLS:0.25	VLAVGTWL:0.5	IGTWFRPS:0.4444444444444444	DGGHDLGN:0.3611111111111111	GTWFRPSR:0.4166666666666667	VALTFHGQ:0.4305555555555556	SVVSLHFG:0.5138888888888888	VTVLAVGT:0.3194444444444444	TWFRPSRA:0.2361111111111111	TFHGQGDP:0.375	SYDVDSLD:0.6666666666666666	ILDGGHDL:0.3194444444444444	SIGTWFRP:0.4444444444444444	TGSIGTWF:0.4583333333333333	GSVVSLHF:0.5138888888888888	GHDLGNHT:0.4305555555555556	TVLAVGTW:0.5	GGHDLGNH:0.4027777777777778	GSIGTWFR:0.4583333333333333	RILDGGHD:0.3194444444444444	MARRILDG:0.3472222222222222	ARRILDGG:0.6527777777777778	HDLGNHTQ:0.3055555555555556	ARRAGYPH:0.2361111111111111	GARLTVLA:0.20833333333333334	LRRLTGSI:0.2916666666666667	RRLTGSIG:0.2916666666666667	RAGYPHVL:0.4722222222222222	RRILDGGH:0.6527777777777778	RRAGYPHV:0.2222222222222222	RLTVLAVG:0.2222222222222222	RLRRLTGS:0.3888888888888889	ARLTVLAV:0.2222222222222222	GTWLDEHP:0.20833333333333334	VVSLHFGY:0.4027777777777778	CADRLRRL:0.25	AVGTWLDE:0.2777777777777778	LARRILDG:0.2361111111111111	ADRLRRLT:0.25	DRLRRLTG:0.25	VGTWLDEH:0.20833333333333334	LGNHTQRH:0.2777777777777778	RILDGGHE:0.3472222222222222	YDVDSLDF:0.3055555555555556	ILDGGHEL:0.2777777777777778	DSLDFTSP:0.2361111111111111	LDFTSPGA:0.2222222222222222	VDSLDFTS:0.2222222222222222	SLDFTSPG:0.2361111111111111	DVDSLDFT:0.2222222222222222	RPRVALTF:0.2361111111111111	
