cluster number:214
CE4:22	CE4:22
YKIIMWDV:0.4090909090909091	FRPPYGKI:0.5	IIVFHDSQ:0.2727272727272727	IIMWDVLS:0.2727272727272727	KATFFCVG:0.5454545454545454	VFHDSQKA:0.2727272727272727	KLFRPPYG:0.3181818181818182	GYKIIMWD:0.5454545454545454	ATFFCVGK:0.2727272727272727	SGSIIVFH:0.4090909090909091	ESGSIIVF:0.22727272727272727	KIIMWDVL:0.4090909090909091	SIIVFHDS:0.45454545454545453	IVFHDSQK:0.2727272727272727	GSIIVFHD:0.6363636363636364	TFFCVGKN:0.2727272727272727	FDDGPIPE:0.6818181818181818	LTFDDGPI:0.7272727272727273	IYLTFDDG:0.5909090909090909	NIVKHPEI:0.22727272727272727	IIMWDVLT:0.2727272727272727	IKATFFCV:0.3181818181818182	IVKHPEIF:0.22727272727272727	TFDDGPIP:0.7727272727272727	FFCVGKNI:0.22727272727272727	YLTFDDGP:0.8636363636363636	IGNHTYNH:0.2727272727272727	ENKIYLTF:0.2727272727272727	DGPIPEIT:0.4090909090909091	YGKIKPSQ:0.22727272727272727	PEITEWVL:0.2727272727272727	IPEITEWV:0.2727272727272727	GPIPEITE:0.2727272727272727	IIMWDILT:0.22727272727272727	KIIMWDIL:0.22727272727272727	VSKEKCLE:0.22727272727272727	KLGYKIIM:0.22727272727272727	KIYLTFDD:0.2727272727272727	DDGPIPEI:0.4090909090909091	RPPYGKIK:0.2727272727272727	NIKATFFC:0.3181818181818182	PYGKIKPS:0.22727272727272727	SKEKCLEN:0.22727272727272727	LGYKIIMW:0.22727272727272727	NKIYLTFD:0.2727272727272727	PPYGKIKP:0.22727272727272727	YKIIMWDI:0.22727272727272727	PIPEITEW:0.2727272727272727	HTYNHLKG:0.3181818181818182	LFRPPYGR:0.2727272727272727	NHTYNHLK:0.3181818181818182	TYNHLKGW:0.3181818181818182	GNHTYNHL:0.36363636363636365	VGNHTYNH:0.2727272727272727	VYLTFDDG:0.22727272727272727	FFCVGENI:0.22727272727272727	TFFCVGEN:0.3181818181818182	ATFFCVGE:0.3181818181818182	
