cluster number:171
CE4:14	CE4:14
VVALTFDA:0.6428571428571429	IVLMHIGS:0.2857142857142857	DGTTLDAD:0.2857142857142857	QPGEIVLM:0.42857142857142855	NPDDGTTL:0.21428571428571427	DDGTTLDA:0.21428571428571427	VALTFDAG:0.7142857142857143	FRFPFGER:0.21428571428571427	RPLFRFPF:0.42857142857142855	GEIVLMHI:0.2857142857142857	IGSNPDDG:0.21428571428571427	HRVGNHSM:0.21428571428571427	TLDADALP:0.6428571428571429	GNHSMTHP:0.42857142857142855	FGERDART:0.21428571428571427	WTVDTLGW:0.6428571428571429	PVRWTVDT:0.21428571428571427	LQPGEIVL:0.2857142857142857	FPFGERDA:0.21428571428571427	NHSMTHPG:0.21428571428571427	PFGERDAR:0.21428571428571427	RWTVDTLG:0.6428571428571429	MHIGSNPD:0.21428571428571427	HIGSNPDD:0.21428571428571427	GTTLDADA:0.2857142857142857	PDDGTTLD:0.21428571428571427	ALTFDAGA:0.7142857142857143	EIVLMHIG:0.2857142857142857	PRPLFRFP:0.42857142857142855	VLMHIGSN:0.2857142857142857	GHRVGNHS:0.2857142857142857	LTFDAGAN:0.5714285714285714	RVGNHSMT:0.21428571428571427	TTLDADAL:0.2857142857142857	ERDARTIA:0.21428571428571427	VGNHSMTH:0.2857142857142857	VDTLGWKG:0.5714285714285714	FFLTGNWA:0.21428571428571427	TVDTLGWK:0.5	TFFLTGNW:0.21428571428571427	HSMTHPGF:0.21428571428571427	GERDARTI:0.21428571428571427	LFRFPFGE:0.21428571428571427	PGEIVLMH:0.5714285714285714	LMHIGSNP:0.2857142857142857	RFPFGERD:0.21428571428571427	PLFRFPFG:0.6428571428571429	VRWTVDTL:0.42857142857142855	HLGSNPDD:0.21428571428571427	DPRPFFRF:0.21428571428571427	LGSNPDDG:0.21428571428571427	MHLGSNPD:0.21428571428571427	NPDDGSTL:0.42857142857142855	PATFFLTG:0.21428571428571427	LMHLGSNP:0.21428571428571427	FFLTGAWA:0.35714285714285715	RVVALTFD:0.35714285714285715	LTDAQIAA:0.21428571428571427	VPATFFLT:0.21428571428571427	SNPDDGST:0.42857142857142855	AAGYGFVT:0.42857142857142855	RAAGYGFV:0.35714285714285715	RRVVALTF:0.21428571428571427	GYGFVTLD:0.5	TFFLTGAW:0.35714285714285715	PRPFFRFP:0.21428571428571427	GSNPDDGS:0.42857142857142855	AGYGFVTL:0.5	PDDGSTLD:0.42857142857142855	DDGSTLDA:0.42857142857142855	ARTIAAVN:0.2857142857142857	RDARTIAA:0.2857142857142857	GWKGTSGG:0.5	TLGWKGTS:0.42857142857142855	ILAAGADP:0.21428571428571427	LGWKGTSG:0.5	DTLGWKGT:0.5	PPAAPFPA:0.21428571428571427	TFDAGANA:0.2857142857142857	IRAAGYGF:0.21428571428571427	DARTIAAV:0.2857142857142857	FRFPFGAR:0.21428571428571427	LFRFPFGA:0.21428571428571427	DGSTLDAD:0.42857142857142855	GTFFLTGA:0.21428571428571427	DPRPLFRF:0.35714285714285715	GSTLDADA:0.42857142857142855	STLDADAL:0.5	LGYVPVRW:0.21428571428571427	FLTGAWAA:0.21428571428571427	AAGADPRP:0.21428571428571427	KVVALTFD:0.2857142857142857	GYVPVRWT:0.21428571428571427	GGDPRPLF:0.21428571428571427	YVPVRWTV:0.21428571428571427	FRFPFGDR:0.21428571428571427	LFRFPFGD:0.21428571428571427	GDPRPLFR:0.21428571428571427	VPVRWTVD:0.21428571428571427	RFPFGDRD:0.21428571428571427	WTVDSLGW:0.21428571428571427	LDADALPA:0.21428571428571427	RWTVDSLG:0.21428571428571427	
