cluster number:129
CE4:19	CE4:19
KNKGFSFV:0.21052631578947367	HASDSAKQ:0.21052631578947367	EPNIALTF:0.21052631578947367	SDSAKQTA:0.21052631578947367	KQTAGALE:0.21052631578947367	IALTFNIS:0.631578947368421	GMLGYRYK:0.47368421052631576	NISWGEEK:0.2631578947368421	FVSGEWAE:0.5263157894736842	RHPDILEK:0.21052631578947367	LTFNISWG:0.7894736842105263	VIHWNVNP:0.21052631578947367	GYRYKSYL:0.47368421052631576	NKGFSFVS:0.21052631578947367	LGYRYKSY:0.47368421052631576	WAERHPDI:0.3684210526315789	LFTATFLW:0.21052631578947367	EWAERHPD:0.42105263157894735	HFYVWRFN:0.21052631578947367	ELINQAHA:0.2631578947368421	TFFVSGEW:0.5263157894736842	MLGYRYKS:0.47368421052631576	GHFNKEII:0.21052631578947367	TFNISWGE:0.6842105263157895	ATFFVSGE:0.47368421052631576	VSGEWAER:0.47368421052631576	AERHPDIL:0.2631578947368421	PNIALTFN:0.2631578947368421	SGEWAERH:0.5789473684210527	HELGMLGY:0.42105263157894735	ELGMLGYR:0.42105263157894735	ALFTATFL:0.21052631578947367	WNVNPNDW:0.2631578947368421	LGMLGYRY:0.42105263157894735	ASDSAKQT:0.21052631578947367	GEWAERHP:0.5789473684210527	RFNKWKRW:0.21052631578947367	HPDILEKI:0.21052631578947367	AKQTAGAL:0.21052631578947367	SAKQTAGA:0.21052631578947367	ISWGEEKV:0.2631578947368421	LKNKGFSF:0.2631578947368421	NIALTFNI:0.42105263157894735	HWNVNPND:0.2631578947368421	FFVSGEWA:0.5263157894736842	ERHPDILE:0.21052631578947367	DSAKQTAG:0.21052631578947367	FNISWGEE:0.42105263157894735	ALTFNISW:0.7894736842105263	FYVWRFNK:0.21052631578947367	LMHASDSA:0.21052631578947367	LHASDSVK:0.3684210526315789	YRYKSYLD:0.21052631578947367	LPGLKNKG:0.2631578947368421	LLHASDSV:0.3157894736842105	ILPGLKNK:0.3157894736842105	PGLKNKGF:0.21052631578947367	TILPGLKN:0.21052631578947367	ASDSVKQT:0.47368421052631576	TLLRPPNG:0.2631578947368421	PTLLRPPN:0.2631578947368421	HASDSVKQ:0.47368421052631576	QATFFVSG:0.3157894736842105	VQATFFVS:0.21052631578947367	SDSVKQTA:0.21052631578947367	ILLHASDS:0.2631578947368421	LRPPNGAF:0.21052631578947367	LLRPPNGA:0.21052631578947367	
