cluster number:176
CE4:41	CE4:41|3.5.1.41:4|AA1:1
HNAFYDFL:0.2682926829268293	TMFYIGSN:0.3170731707317073	SNVLDWPL:0.24390243902439024	WPLEAQRG:0.21951219512195122	KATMFYIG:0.2926829268292683	VHTWSHQY:0.24390243902439024	TWSHQYMT:0.21951219512195122	DWPLEAQR:0.21951219512195122	CVHTWSHQ:0.24390243902439024	ICVHTWSH:0.2926829268292683	TWGLTFDD:0.2682926829268293	ATMFYIGS:0.3170731707317073	WGLTFDDG:0.3170731707317073	IVLTHEIN:0.24390243902439024	MFYIGSNV:0.6585365853658537	VTPTCWRP:0.2682926829268293	QVFAELYY:0.24390243902439024	TFDDGPNC:0.43902439024390244	VFAELYYT:0.3170731707317073	GNIVLTHE:0.2682926829268293	YIGSNVLD:0.24390243902439024	GSNVLDWP:0.2682926829268293	TPTCWRPP:0.2682926829268293	IGSNVLDW:0.2682926829268293	GVTPTCWR:0.2926829268292683	FDDGPNCT:0.21951219512195122	DDGPNCTH:0.21951219512195122	LTFDDGPN:0.3902439024390244	CWRPPYGD:0.24390243902439024	DDRVRAIA:0.2682926829268293	DGPNCTHN:0.21951219512195122	WSHQYMTA:0.21951219512195122	GLTFDDGP:0.3902439024390244	FYIGSNVL:0.2926829268292683	HTWSHQYM:0.21951219512195122	NIVLTHEI:0.2682926829268293	IATQLNLT:0.2682926829268293	NCSHNAFY:0.5365853658536586	DDGPNCSH:0.6585365853658537	DRVRWIAT:0.36585365853658536	GPNCSHNA:0.6585365853658537	YDDGPNCS:0.2682926829268293	SMFYIGSN:0.34146341463414637	GDVDDRVR:0.4634146341463415	DDRVRWIA:0.43902439024390244	RWIATQLN:0.2682926829268293	RVRWIATQ:0.36585365853658536	ASMFYIGS:0.34146341463414637	WIATQLNL:0.2682926829268293	DVDDRVRW:0.24390243902439024	VATCMNIT:0.3170731707317073	DGPNCSHN:0.6585365853658537	VRWIATQL:0.36585365853658536	VDDRVRWI:0.24390243902439024	PNCSHNAF:0.5365853658536586	NLDTDDWA:0.24390243902439024	ELYYTQKA:0.34146341463414637	DTDDWAAG:0.3902439024390244	FYIGSNVV:0.2682926829268293	LAELYYTQ:0.24390243902439024	AELYYTQK:0.34146341463414637	CSHNAFYD:0.5121951219512195	FDDGPNCS:0.34146341463414637	SDPDCWWS:0.21951219512195122	KASMFYIG:0.3170731707317073	VLAELYYT:0.24390243902439024	WNLDTDDW:0.2926829268292683	SHNAFYDY:0.34146341463414637	LYYTQKAI:0.34146341463414637	HNAFYDYL:0.36585365853658536	LWNLDTDD:0.21951219512195122	EVLAELYY:0.2682926829268293	DPDCWWSA:0.24390243902439024	LDTDDWAA:0.3170731707317073	FGDVDDRV:0.3902439024390244	YYTQKAIK:0.3902439024390244	DVATCMNI:0.2926829268292683	WRPPFGDV:0.21951219512195122	CWRPPFGD:0.24390243902439024	PPFGDVDD:0.21951219512195122	RPPFGDVD:0.21951219512195122	PFGDVDDR:0.24390243902439024	GDIDDRVR:0.21951219512195122	WSHQLMTT:0.21951219512195122	TWSHQLMT:0.21951219512195122	SHQLMTTL:0.21951219512195122	HTWSHQLM:0.21951219512195122	TWGLTYDD:0.24390243902439024	GLTYDDGP:0.24390243902439024	NAFYDYLE:0.21951219512195122	CPEPETWG:0.2682926829268293	WGLTYDDG:0.24390243902439024	LTYDDGPN:0.24390243902439024	PEPETWGL:0.2682926829268293	ETWGLTYD:0.24390243902439024	EPETWGLT:0.2926829268292683	PETWGLTY:0.24390243902439024	TYDDGPNC:0.24390243902439024	SDPDCWWT:0.21951219512195122	
