cluster number:123
CE4:208	CE4:208|GH153:196
AWMPVLAF:0.20192307692307693	ADALYFPN:0.3269230769230769	VYAWMPVL:0.21634615384615385	YAWMPVLA:0.20192307692307693	LYFPNRHL:0.21634615384615385	NRVAWQLK:0.27403846153846156	QLKTRAGV:0.21634615384615385	VYAWLPVL:0.3701923076923077	SYHDIRDD:0.21153846153846154	GLLFHDDA:0.30288461538461536	RNLYAQPV:0.21153846153846154	DLFNRVAW:0.2932692307692308	VYLQAFAD:0.5096153846153846	RVAWQLKT:0.3942307692307692	QAFADPDG:0.39903846153846156	NFAAHLDW:0.3125	VWPYAAYN:0.3173076923076923	PVLLTFDD:0.22596153846153846	LLTFDDGL:0.3317307692307692	WQLKTRAG:0.21634615384615385	FDDGLRSV:0.22596153846153846	SFDLEGRS:0.27884615384615385	PNRHLPMR:0.3894230769230769	AWYPDDFI:0.20192307692307693	AGVKVYAW:0.20673076923076922	KVYAWLPV:0.20192307692307693	FEGLLFHD:0.21153846153846154	ADLFNRVA:0.23557692307692307	HLPMRADL:0.32211538461538464	AWQLKTRA:0.3701923076923077	TFDDGLRS:0.32211538461538464	IVWPYAAY:0.20192307692307693	FAAHLDWL:0.3125	FNRVAWQL:0.2932692307692308	GVKVYAWL:0.20192307692307693	DDGLRSVY:0.22596153846153846	RAGVKVYA:0.20673076923076922	LPMRADLF:0.35096153846153844	QNFAAHLD:0.23076923076923078	TQNFAAHL:0.23076923076923078	AVSTQNFA:0.22115384615384615	LFNRVAWQ:0.2932692307692308	DALYFPNR:0.27884615384615385	YFEGLLFH:0.21153846153846154	YFPNRHLP:0.41346153846153844	YHDIRDDV:0.21153846153846154	VSTQNFAA:0.22596153846153846	LTFDDGLR:0.3269230769230769	FPNRHLPM:0.3894230769230769	LSYHDIRD:0.27884615384615385	AFADPDGN:0.2403846153846154	ELQTVDWR:0.25	VLLTFDDG:0.5480769230769231	RADLFNRV:0.22115384615384615	RHLPMRAD:0.32211538461538464	VAWQLKTR:0.3942307692307692	VKVYAWLP:0.20192307692307693	YLQAFADP:0.5240384615384616	NRHLPMRA:0.32211538461538464	ALYFPNRH:0.38461538461538464	STQNFAAH:0.22596153846153846	EGLLFHDD:0.25	FELQTVDW:0.3076923076923077	LQAFADPD:0.39903846153846156	SRVAWQLK:0.20192307692307693	PMRADLFS:0.3317307692307692	NRHMPMRA:0.22115384615384615	MPMRADLF:0.2403846153846154	YFPNRHMP:0.3269230769230769	ADLFSRVA:0.20673076923076922	LFSRVAWQ:0.20192307692307693	FSRVAWQL:0.20192307692307693	RADLFSRV:0.2548076923076923	RHMPMRAD:0.23076923076923078	MRADLFSR:0.33653846153846156	FPNRHMPM:0.2644230769230769	DLFSRVAW:0.20673076923076922	HMPMRADL:0.23076923076923078	PNRHMPMR:0.27884615384615385	RPILLTFD:0.20192307692307693	VLDDYEDA:0.27403846153846156	VWPYGAHN:0.20192307692307693	RDNLRASF:0.21153846153846154	YYPDDFIA:0.20192307692307693	QAFADPKG:0.2548076923076923	LTARNIFA:0.2644230769230769	LQAFADPK:0.2548076923076923	GPNTPDVP:0.24519230769230768	NYGYYPDD:0.20673076923076922	PILLTFDD:0.20192307692307693	ILLTFDDG:0.20673076923076922	GYYPDDFI:0.2403846153846154	YGYYPDDF:0.21153846153846154	LLTFDDGY:0.34134615384615385	PNTPDVPL:0.2403846153846154	NPQGNELP:0.23076923076923078	PQGNELPA:0.23076923076923078	AQNYDDFL:0.2644230769230769	DDAVLDDY:0.24519230769230768	AVLDDYED:0.25	ALMAMPYM:0.23076923076923078	ANPQGNEL:0.22596153846153846	DAVLDDYE:0.25	RDVMSLKS:0.21634615384615385	AVLLTFDD:0.27403846153846156	MAMPYMEQ:0.2644230769230769	AMPYMEQA:0.25961538461538464	LMAMPYME:0.23076923076923078	LLVLSYHD:0.21634615384615385	
