cluster number:181
CE4:17	CE4:17
LTFDAGYE:0.4117647058823529	IYLTFDAG:0.29411764705882354	KRMVAEGH:0.35294117647058826	YLTFDAGY:0.47058823529411764	LVKRMVAE:0.29411764705882354	VKRMVAEG:0.29411764705882354	DCGYENGN:0.4117647058823529	RPPQGKYS:0.5294117647058824	TFFVVGHF:0.23529411764705882	HSTSKTNG:0.35294117647058826	LGRIHPGA:0.29411764705882354	HPGAIVLL:0.4117647058823529	APATFFVV:0.23529411764705882	IHPGAIVL:0.4117647058823529	TYHHPDMS:0.29411764705882354	GHTVGNHT:0.23529411764705882	WEEMGYTF:0.29411764705882354	GAIVLLHS:0.35294117647058826	WSLAYVDW:0.8235294117647058	KLLGRIHP:0.29411764705882354	LLTKWEEM:0.5294117647058824	PATFFVVG:0.23529411764705882	TKWEEMGY:0.5882352941176471	YLTFDCGY:0.47058823529411764	NHTYHHPD:0.29411764705882354	RIHPGAIV:0.4117647058823529	ATFFVVGH:0.23529411764705882	DELLTKWE:0.7058823529411765	PPQGKYST:0.23529411764705882	LTFDCGYE:0.47058823529411764	TFFWSLAY:0.7647058823529411	ILDELLTK:0.7647058823529411	LLGRIHPG:0.29411764705882354	LLHSTSKT:0.4117647058823529	VLLHSTSK:0.4117647058823529	PILDALKK:0.23529411764705882	NGEILDEL:0.29411764705882354	SKTNGEIL:0.23529411764705882	FVVGHFLE:0.23529411764705882	TFDCGYEN:0.47058823529411764	FFWSLAYV:0.7647058823529411	GEILDELL:0.29411764705882354	ELLTKWEE:0.5882352941176471	FDCGYENG:0.47058823529411764	GNHTYHHP:0.29411764705882354	LTKWEEMG:0.5294117647058824	LHSTSKTN:0.4117647058823529	AIVLLHST:0.35294117647058826	HTYHHPDM:0.29411764705882354	STSKTNGE:0.23529411764705882	CGYENGNT:0.4117647058823529	LDELLTKW:0.7647058823529411	EILDELLT:0.35294117647058826	YRPPQGKY:0.5294117647058824	QPTKEEAF:0.5294117647058824	FWSLAYVD:0.8235294117647058	YYRPPQGK:0.5294117647058824	KTNGEILD:0.23529411764705882	IVLLHSTS:0.35294117647058826	KWEEMGYT:0.29411764705882354	EGHTVGNH:0.29411764705882354	TSKTNGEI:0.23529411764705882	PGAIVLLH:0.4117647058823529	TNGEILDE:0.29411764705882354	FFVVGHFL:0.23529411764705882	VGNHTYHH:0.35294117647058826	ILDALKKH:0.7647058823529411	LDALKKHN:0.5882352941176471	KLLTRIHP:0.23529411764705882	DALKKHNA:0.29411764705882354	TRIHPGAI:0.23529411764705882	IYLTFDCG:0.4117647058823529	KYYRPPQG:0.4117647058823529	LTRIHPGA:0.23529411764705882	LLTRIHPG:0.23529411764705882	TSPDLVKR:0.23529411764705882	AGYENGNT:0.29411764705882354	NTAAILDA:0.23529411764705882	QGKYSESN:0.23529411764705882	TAAILDAL:0.23529411764705882	AILDALKK:0.23529411764705882	ATFFLVGN:0.23529411764705882	DAGYENGN:0.29411764705882354	GYKTFFWS:0.47058823529411764	YKTFFWSL:0.47058823529411764	TFFLVGNY:0.23529411764705882	DGNWGLSF:0.29411764705882354	KVIYLTFD:0.23529411764705882	YENGNTAA:0.23529411764705882	SLAYVDWY:0.47058823529411764	NGNTAAIL:0.23529411764705882	GKYSESNL:0.23529411764705882	SPDLVKRM:0.23529411764705882	FDAGYENG:0.29411764705882354	TKEEAFKK:0.23529411764705882	PQGKYSES:0.23529411764705882	AAILDALK:0.23529411764705882	PDLVKRMV:0.23529411764705882	PTKEEAFK:0.29411764705882354	EEAFKKLL:0.23529411764705882	ENGNTAAI:0.23529411764705882	ADGNWGLS:0.29411764705882354	PPQGKYSE:0.29411764705882354	QILDELLT:0.29411764705882354	GYENGNTA:0.35294117647058826	DKQPTKEE:0.35294117647058826	KQPTKEEA:0.35294117647058826	KTFFWSLA:0.47058823529411764	GNTAAILD:0.23529411764705882	DALKKHNV:0.29411764705882354	TFDAGYEN:0.29411764705882354	KEEAFKKL:0.23529411764705882	GHIVGNHT:0.23529411764705882	EGHIVGNH:0.23529411764705882	LGYKTFFW:0.23529411764705882	ATFFVVGN:0.23529411764705882	HPGAVVLL:0.29411764705882354	PGAVVLLH:0.29411764705882354	HPDMSKIS:0.23529411764705882	HHPDMSKI:0.23529411764705882	AVVLLHST:0.23529411764705882	GAVVLLHS:0.23529411764705882	VVLLHSTS:0.23529411764705882	VDWYQDKQ:0.23529411764705882	YVDWYQDK:0.23529411764705882	AYVDWYQD:0.23529411764705882	LHSTSSTN:0.23529411764705882	GRIHPGAV:0.23529411764705882	DWYQDKQP:0.23529411764705882	LLHSTSST:0.23529411764705882	LAYVDWYQ:0.23529411764705882	HSTSSTNA:0.23529411764705882	
