cluster number:184
CE4:13	CE4:13
VMWRIASL:0.23076923076923078	FRPPFGQY:0.38461538461538464	PVMWRIAS:0.23076923076923078	IASLDWEL:0.23076923076923078	FFWQTRLL:0.23076923076923078	EDGAIILL:0.5384615384615384	LLHELKQT:0.3076923076923077	RPPFGQYN:0.3076923076923077	LTFDDGPG:0.3076923076923077	GAIILLHE:0.6153846153846154	LEDGAIIL:0.5384615384615384	WRIASLDW:0.23076923076923078	DGAIILLH:0.5384615384615384	ILLHELKQ:0.3076923076923077	VLTFDDGP:0.23076923076923078	WQTRLLYP:0.23076923076923078	FWQTRLLY:0.23076923076923078	RIASLDWE:0.23076923076923078	AIILLHEL:0.6153846153846154	MWRIASLD:0.23076923076923078	FFWQSRLL:0.38461538461538464	LTFDDGPS:0.5384615384615384	SMDWELKE:0.23076923076923078	YFRPPFGQ:0.3076923076923077	YEKQYQDI:0.23076923076923078	ASMDWELK:0.38461538461538464	NLEDGAII:0.46153846153846156	FWQSRLLY:0.23076923076923078	DNLEDGAI:0.23076923076923078	RYFRPPFG:0.23076923076923078	TFDDGPSK:0.3076923076923077	LLYPARPW:0.3076923076923077	LYPARPWQ:0.3076923076923077	ILTFDDGP:0.46153846153846156	VILTFDDG:0.3076923076923077	KSVILTFD:0.3076923076923077	VPAMFFWQ:0.23076923076923078	YPARPWQR:0.3076923076923077	SVILTFDD:0.3076923076923077	LTTVMWRI:0.23076923076923078	LGLTTVMW:0.23076923076923078	TTVMWRIA:0.23076923076923078	IILLHELE:0.3076923076923077	ALGLTTVM:0.23076923076923078	ILLHELEQ:0.3076923076923077	WRIASMDW:0.3076923076923077	RIASMDWE:0.3076923076923077	LLHELEQT:0.3076923076923077	MWRIASMD:0.3076923076923077	ENLEDGAI:0.23076923076923078	THSMKHRN:0.23076923076923078	VMWRIASM:0.23076923076923078	TENLEDGA:0.23076923076923078	GLTTVMWR:0.23076923076923078	GTHSMKHR:0.23076923076923078	IASMDWEL:0.3076923076923077	TVMWRIAS:0.23076923076923078	HSMKHRNL:0.23076923076923078	PQLLDILK:0.23076923076923078	LPQLLDIL:0.23076923076923078	
