cluster number:107
CE4:6	CE4:6
HGARLTVM:0.3333333333333333	HTQNHLDI:0.5	TVDRRTVL:0.3333333333333333	MARRILDG:0.3333333333333333	WFRPSAAQ:0.5	RILDGGHE:0.3333333333333333	ARRILDGG:0.3333333333333333	ERLQRLTG:0.3333333333333333	ELGNHTQN:0.6666666666666666	RWFRPSAA:0.5	GHELGNHT:0.8333333333333334	LTGSIGRW:0.6666666666666666	TVMVVGSW:0.5	SIGRWFRP:0.6666666666666666	MVVGSWLD:0.5	DALPGILD:0.5	VVGSWLDQ:0.5	FDVDPRDY:0.5	TGSIGRWF:0.6666666666666666	IGRWFRPS:0.6666666666666666	EQHGARLT:0.5	LTFHGQGD:0.5	GSWLDQQP:0.5	RLQRLTGS:0.3333333333333333	VVALHMGH:0.5	QHGARLTV:0.5	HELGNHTQ:0.8333333333333334	LQRLTGSI:0.3333333333333333	QCAERLQR:0.3333333333333333	IAQCAERL:0.3333333333333333	MTVDRRTV:0.3333333333333333	DGGHELGN:0.3333333333333333	QRLTGSIG:0.3333333333333333	NHTQNHLD:0.5	LTTAEQHG:0.3333333333333333	RRILDGGH:0.3333333333333333	LTVMVVGS:0.5	LSFDVDPR:0.3333333333333333	ARLTVMVV:0.3333333333333333	RPSAAQYA:0.5	VGSWLDQQ:0.5	VDRRTVLR:0.3333333333333333	RLTGSIGR:0.5	RLTVMVVG:0.3333333333333333	ALTFHGQG:0.5	GRWFRPSA:0.6666666666666666	AERLQRLT:0.3333333333333333	AQCAERLQ:0.3333333333333333	NHLDISTM:0.3333333333333333	AVTASQLC:0.3333333333333333	TQNHLDIS:0.5	ALPGILDG:0.3333333333333333	FRPSAAQY:0.5	SVVALHMG:0.5	EIAQCAER:0.3333333333333333	GGSVVALH:0.5	GSVVALHM:0.5	GARLTVMV:0.3333333333333333	FHGQGDPA:0.3333333333333333	QNHLDIST:0.3333333333333333	AEQHGARL:0.5	VALTFHGQ:0.3333333333333333	GSIGRWFR:0.6666666666666666	CAERLQRL:0.3333333333333333	GNHTQNHL:0.5	VTASQLCA:0.3333333333333333	TAEQHGAR:0.5	TFHGQGDP:0.5	LGNHTQNH:0.6666666666666666	SFDVDPRD:0.3333333333333333	LDGGHELG:0.3333333333333333	GGHELGNH:0.5	GDPALATA:0.3333333333333333	TTAEQHGA:0.3333333333333333	QVALTFHG:0.3333333333333333	VMVVGSWL:0.5	LPGILDGL:0.3333333333333333	ILDGGHEL:0.3333333333333333	VDALPGIL:0.3333333333333333	TVDALPGI:0.3333333333333333	AVGYEHVL:0.3333333333333333	RGGSVVAL:0.3333333333333333	PTAAELQR:0.3333333333333333	DRRTVLRT:0.3333333333333333	AAELQRRV:0.3333333333333333	WLDQQPQM:0.3333333333333333	PPVLPPLA:0.3333333333333333	SWLDQQPQ:0.3333333333333333	ATALLETA:0.3333333333333333	LATALLET:0.3333333333333333	TALLETAE:0.3333333333333333	DPTAAELQ:0.3333333333333333	PSAAQYAT:0.3333333333333333	VRGGSVVA:0.3333333333333333	TAAELQRR:0.3333333333333333	AELQRRVL:0.3333333333333333	LPAILDGL:0.3333333333333333	HVLSFDVD:0.3333333333333333	ALPAILDG:0.3333333333333333	VLSFDVDP:0.3333333333333333	
