cluster number:290
CE4:11	CE4:11
PWAVKHPE:0.36363636363636365	KIKEVTGV:0.36363636363636365	KVKTDKKV:0.2727272727272727	EEHVNLSE:0.2727272727272727	SLDWKKPG:0.36363636363636365	HGEEHVNL:0.36363636363636365	IRTPNGDW:0.5454545454545454	PKRIVAEG:0.36363636363636365	SHGEEHVN:0.36363636363636365	AKKYAIYK:0.36363636363636365	FISGPWAV:0.2727272727272727	NYRVIQWS:0.2727272727272727	TTAEELNY:0.2727272727272727	LDWKKPGV:0.36363636363636365	TFFISGPW:0.36363636363636365	GPVLDILK:0.2727272727272727	TFDISWGT:0.45454545454545453	AIILMHAS:0.6363636363636364	SGPWAVKH:0.36363636363636365	PGPVLDIL:0.2727272727272727	KEVTGVEP:0.2727272727272727	LVTVSELL:0.5454545454545454	QLVTVSEL:0.2727272727272727	VLTTAEEL:0.2727272727272727	IILMHASD:0.9090909090909091	LMHASDTC:0.7272727272727273	LTTAEELN:0.2727272727272727	ILMHASDT:0.9090909090909091	ASHGEEHV:0.36363636363636365	QGYQLVTV:0.2727272727272727	LIRTPNGD:0.7272727272727273	EFPKRIVA:0.36363636363636365	LTFDISWG:0.7272727272727273	AIYKVKTD:0.2727272727272727	GPWAVKHP:0.36363636363636365	TAKKYAIY:0.36363636363636365	VKHPEFPK:0.2727272727272727	GYQLVTVS:0.2727272727272727	EHVNLSEY:0.2727272727272727	AALTFDIS:0.2727272727272727	DSLDWKKP:0.36363636363636365	AVKHPEFP:0.2727272727272727	IYKVKTDK:0.2727272727272727	TTAKKYAI:0.2727272727272727	WAVKHPEF:0.2727272727272727	VPGPVLDI:0.2727272727272727	GAIILMHA:0.6363636363636364	ISGPWAVK:0.2727272727272727	HPEFPKRI:0.2727272727272727	TPNGDWND:0.45454545454545453	ALTFDISW:0.7272727272727273	KHPEFPKR:0.2727272727272727	KKYAIYKV:0.36363636363636365	RTPNGDWN:0.5454545454545454	YQLVTVSE:0.2727272727272727	IKEVTGVE:0.2727272727272727	YAIYKVKT:0.2727272727272727	RIVAEGHE:0.36363636363636365	KRIVAEGH:0.36363636363636365	FPKRIVAE:0.36363636363636365	FFISGPWA:0.36363636363636365	YKVKTDKK:0.2727272727272727	GEEHVNLS:0.36363636363636365	PEFPKRIV:0.36363636363636365	KYAIYKVK:0.2727272727272727	KVVALTFD:0.5454545454545454	TDKKVVAL:0.2727272727272727	KVPGPVLD:0.2727272727272727	DISWGTKV:0.2727272727272727	SWGTKVPG:0.2727272727272727	WGTKVPGP:0.2727272727272727	TKVPGPVL:0.2727272727272727	ISWGTKVP:0.2727272727272727	FDISWGTK:0.2727272727272727	FFLSGPWV:0.2727272727272727	VALTFDIS:0.45454545454545453	HPGAIILM:0.45454545454545453	PNGDWNDM:0.36363636363636365	PGAIILMH:0.5454545454545454	GHEIASHG:0.45454545454545453	GTKVPGPV:0.2727272727272727	EGHEIASH:0.2727272727272727	TFFLSGPW:0.45454545454545453	KKVVALTF:0.36363636363636365	PNLIRTPN:0.36363636363636365	AEGHEIAS:0.2727272727272727	NLIRTPNG:0.45454545454545453	DKKVVALT:0.2727272727272727	EPNLIRTP:0.2727272727272727	VVALTFDI:0.36363636363636365	NGDWNDMV:0.36363636363636365	HASDTCLQ:0.2727272727272727	SDTCLQTP:0.2727272727272727	VTVSELLK:0.36363636363636365	MHASDTCL:0.2727272727272727	ASDTCLQT:0.2727272727272727	IQWSVDSL:0.45454545454545453	CTFFLSGP:0.2727272727272727	AIQWSVDS:0.2727272727272727	SVDSLDWK:0.2727272727272727	WSVDSLDW:0.45454545454545453	QWSVDSLD:0.45454545454545453	MHASDTCK:0.2727272727272727	DSLDWKNP:0.2727272727272727	SLDWKNPG:0.2727272727272727	HASDTCKQ:0.2727272727272727	ASDTCKQT:0.2727272727272727	
