cluster number:269
CE4:62	CE4:62
SVYLTFDD:0.22580645161290322	FDDGPIPE:0.8064516129032258	RNGSIITF:0.5483870967741935	VTRDYSKW:0.24193548387096775	ARNGSIIT:0.3548387096774194	YARNGSII:0.41935483870967744	TFHDSLKS:0.4032258064516129	LTFDDGPI:0.8387096774193549	ITFHDSLK:0.46774193548387094	SIITFHDS:0.5483870967741935	IITFHDSL:0.46774193548387094	DLVTRDYS:0.45161290322580644	WDLVTRDY:0.45161290322580644	NGSIITFH:0.5483870967741935	TFDDGPIP:0.8709677419354839	LVTRDYSK:0.4032258064516129	GSIITFHD:0.5483870967741935	MWDLVTRD:0.45161290322580644	VYLTFDDG:0.6129032258064516	YLTFDDGP:0.8387096774193549	VMWDLVTR:0.3548387096774194	FHDSLKSI:0.22580645161290322	PEVTPWVL:0.3387096774193548	PIPEVTPW:0.3387096774193548	GPIPEVTP:0.3870967741935484	IVFHDSLK:0.20967741935483872	IPEVTPWV:0.3387096774193548	DGPIPEVT:0.3870967741935484	VFHDSLKA:0.24193548387096775	GDNIRKHP:0.22580645161290322	DDGPIPEV:0.3870967741935484	DGPIPEIT:0.20967741935483872	PIPEITPW:0.20967741935483872	RYARNGSI:0.3548387096774194	DDGPIPEI:0.20967741935483872	GPIPEITP:0.20967741935483872	KATFFMVG:0.3225806451612903	AVYLTFDD:0.27419354838709675	GNHTFNHI:0.2903225806451613	TFFCVGDN:0.20967741935483872	KATFFCVG:0.2903225806451613	ATFFCVGD:0.20967741935483872	HTFNHIRG:0.24193548387096775	VGDNIRKH:0.20967741935483872	TFNHIRGF:0.24193548387096775	IKATFFMV:0.20967741935483872	FFMVGDNI:0.20967741935483872	FNHIRGFE:0.24193548387096775	IVMWDLVT:0.20967741935483872	NHTFNHIR:0.24193548387096775	FRPPHGHM:0.3387096774193548	LFRPPHGH:0.3548387096774194	NHIRGFEY:0.24193548387096775	ATFFMVGD:0.3225806451612903	TFFMVGDN:0.3225806451612903	
