cluster number:66
CE4:35	CE4:35|CBM18:25|3.5.1.41:1|CBM50:1
FPTYMRPP:0.45714285714285713	ASHTWSHQ:0.34285714285714286	MRPPYSSC:0.22857142857142856	PTYMRPPY:0.6285714285714286	HQIASHTW:0.37142857142857144	IALTFDDG:0.2	IASHTWSH:0.34285714285714286	ALTFDDGP:0.42857142857142855	TYMRPPYS:0.6	YMRPPYSS:0.22857142857142856	GHQIASHT:0.37142857142857144	VGECLGDP:0.2571428571428571	QIASHTWS:0.34285714285714286	TFFITGNN:0.22857142857142856	TVGECLGD:0.34285714285714286	VTVGECLG:0.3142857142857143	TFDDGPYI:0.2	FDDGPYIY:0.2	LDTEGYLH:0.2	DTEGYLHD:0.2	RMIAEGHQ:0.2	GYFPTYMR:0.3142857142857143	GHQVASHT:0.4	HQVASHTW:0.4	LGYFPTYM:0.2571428571428571	LGYHVTYF:0.22857142857142856	ILGYFPTY:0.22857142857142856	YFPTYMRP:0.3142857142857143	VASHTWSH:0.3142857142857143	LTFDDGPY:0.2571428571428571	QVASHTWS:0.3142857142857143	ALTYDDGP:0.22857142857142856	ATFFITGN:0.2	LDTQDYLN:0.2	
