cluster number:233
CE4:48	CE4:48|GT2:2
PVLITFDD:0.625	LRRVTVRR:0.5208333333333334	LITFDDGY:0.625	ALRRVTVR:0.5208333333333334	VGNGLARR:0.2708333333333333	GYAQALAV:0.2916666666666667	GHSHTHPQ:0.6458333333333334	LFVSTGWL:0.375	GVHRHALP:0.7708333333333334	GVEIGGHS:0.6458333333333334	RELAAAGV:0.25	AAGVEIGG:0.3541666666666667	SHTHPQLD:0.6875	ATLFVSTG:0.4583333333333333	FPATLFVS:0.3541666666666667	YALRRVTV:0.5416666666666666	HSHTHPQL:0.6875	RRVTVRRS:0.2708333333333333	VTVRRSTG:0.3125	HGFPATLF:0.3541666666666667	RRVRRAVR:0.2708333333333333	GPYALRRV:0.5625	ASFAYPYG:0.22916666666666666	VEIGGHSH:0.6875	IGGHSHTH:0.75	ARRAQGPY:0.20833333333333334	LAAAGVEI:0.3541666666666667	ATRALSVT:0.20833333333333334	ALAVGNGL:0.25	LAVGNGLA:0.3125	YAQALAVG:0.2708333333333333	VLITFDDG:0.625	ELAAAGVE:0.25	QALAVGNG:0.2708333333333333	PNDATRAL:0.25	AQGPYALR:0.20833333333333334	VSTGWLRG:0.375	RVTVRRST:0.4166666666666667	HRHALPVL:0.6666666666666666	PATLFVST:0.3541666666666667	FAYPYGYS:0.8125	VHRHALPV:0.6666666666666666	RHALPVLA:0.6041666666666666	QGPYALRR:0.5833333333333334	AGVEIGGH:0.5208333333333334	GYSDRRVR:0.25	FVSTGWLR:0.375	GGHSHTHP:0.75	WRSGRPLP:0.3125	PYALRRVT:0.5625	RPVLITFD:0.6041666666666666	AAAGVEIG:0.3541666666666667	RRAQGPYA:0.20833333333333334	TRALSVTP:0.20833333333333334	EIGGHSHT:0.75	RAQGPYAL:0.20833333333333334	DATRALSV:0.2916666666666667	HTHPQLDQ:0.6875	GFPATLFV:0.375	AVGNGLAR:0.2708333333333333	TLFVSTGW:0.5625	STGWLRGP:0.25	SFAYPYGY:0.8125	PASFAYPY:0.22916666666666666	NDATRALS:0.25	AQALAVGN:0.3541666666666667	VSFAYPYG:0.5416666666666666	PILMYHAV:0.3958333333333333	GYSSRRVR:0.5625	RARQVRRK:0.22916666666666666	VRRARQVR:0.25	PVSFAYPY:0.5416666666666666	EAFAEQMA:0.25	THPQLDQL:0.6458333333333334	AFAEQMAL:0.3333333333333333	PVPILMYH:0.2916666666666667	GGGLDTML:0.20833333333333334	LARRRQGP:0.3541666666666667	PYGYSSRR:0.5625	DRALTKGY:0.5833333333333334	YGYSSRRV:0.5625	RDRALTKG:0.3541666666666667	FARDRALT:0.3333333333333333	YPYGYSSR:0.5625	VPILMYHA:0.3958333333333333	QVRELAAA:0.3333333333333333	ARRRQGPY:0.3541666666666667	AYPYGYSS:0.6041666666666666	ARDRALTK:0.3125	RALTKGYA:0.5833333333333334	GLDTMLDW:0.20833333333333334	ALTKGYAV:0.2708333333333333	VRELAAAG:0.3125	RRARQVRR:0.22916666666666666	ARQVRRKA:0.22916666666666666	RQVRRKAI:0.20833333333333334	PEAFAEQM:0.3125	TFDDGYEG:0.8333333333333334	PILMYHSV:0.25	YEGVHRHA:0.7291666666666666	GGALDTML:0.20833333333333334	ILMYHSVA:0.25	TRALSVAP:0.2916666666666667	ITFDDGYE:0.5625	DQVRELAA:0.22916666666666666	FDDGYEGV:0.8333333333333334	DDGYEGVH:0.8333333333333334	DTMLDWDQ:0.22916666666666666	DGYEGVHR:0.8333333333333334	LDWDQVRE:0.20833333333333334	RRVRQAVR:0.20833333333333334	GYEGVHRH:0.75	LAVGNALA:0.3958333333333333	DWDQVREL:0.20833333333333334	EGVHRHAL:0.7291666666666666	MLDWDQVR:0.2708333333333333	ATRALSVA:0.2916666666666667	TMLDWDQV:0.20833333333333334	LDTMLDWD:0.20833333333333334	PQLDQLDD:0.3125	HPQLDQLD:0.375	WDQVRELA:0.2916666666666667	GLTPVTTA:0.20833333333333334	RRQGPYAL:0.375	SVTPEAFA:0.20833333333333334	LSVTPEAF:0.22916666666666666	KGYALVRR:0.2708333333333333	YSSRRVRR:0.2916666666666667	TKGYALVR:0.2708333333333333	RRKAIRSR:0.22916666666666666	RRRQGPYA:0.3333333333333333	VGNALARR:0.20833333333333334	MLDWGQVR:0.25	ALTKGYAL:0.22916666666666666	VTFDDGYE:0.2708333333333333	AVGNALAR:0.20833333333333334	LTKGYALV:0.25	SLAVGNAL:0.22916666666666666	WGQVRELA:0.20833333333333334	LDWGQVRE:0.20833333333333334	DWGQVREL:0.20833333333333334	ILMYHAVA:0.2708333333333333	
