cluster number:160
CE4:12	CE4:12
DDGYEDNY:0.3333333333333333	VVITFDDG:0.8333333333333334	FDDGYEDN:0.3333333333333333	ITFDDGYE:0.3333333333333333	VITFDDGY:0.8333333333333334	TFDDGYED:0.3333333333333333	DGYEDNYL:0.25	PVVITFDD:0.6666666666666666	KPVVITFD:0.5833333333333334	PAKPVVIT:0.25	ILMYHSIS:0.25	AKPVVITF:0.25	PILMYHSI:0.25	
