cluster number:149
CE4:9	CE4:9
KVVALTFD:0.5555555555555556	FYLTGYEI:0.2222222222222222	TFRPPYGR:0.2222222222222222	DGPGVHTD:0.2222222222222222	ALTFDDGP:0.8888888888888888	TDEKVVAL:0.3333333333333333	DDGPGVHT:0.2222222222222222	IGYEGEIT:0.2222222222222222	VALTFDDG:0.6666666666666666	IILLHVMY:0.4444444444444444	LIRQIGYE:0.2222222222222222	QIGYEGEI:0.2222222222222222	DVKGTFYL:0.2222222222222222	ILLHVMYE:0.4444444444444444	LTFDDGPG:0.3333333333333333	VKGTFYLT:0.2222222222222222	KGTFYLTG:0.2222222222222222	EITFRPPY:0.2222222222222222	GEITFRPP:0.3333333333333333	VETDEKVV:0.2222222222222222	PGDIILLH:0.2222222222222222	EGEITFRP:0.3333333333333333	FVTVSELL:0.3333333333333333	LHVMYESR:0.4444444444444444	DELIRQIG:0.2222222222222222	YLTGYEIE:0.2222222222222222	ETDEKVVA:0.2222222222222222	FDDGPGVH:0.2222222222222222	IRQIGYEG:0.2222222222222222	ITFRPPYG:0.2222222222222222	TFYLTGYE:0.2222222222222222	EKVVALTF:0.4444444444444444	RQIGYEGE:0.2222222222222222	TDELIRQI:0.2222222222222222	VTVSELLQ:0.2222222222222222	ELIRQIGY:0.2222222222222222	KTDELIRQ:0.2222222222222222	GYEGEITF:0.3333333333333333	DEKVVALT:0.3333333333333333	VVALTFDD:0.5555555555555556	YEGEITFR:0.3333333333333333	LLHVMYES:0.4444444444444444	GTFYLTGY:0.2222222222222222	TFDDGPGV:0.3333333333333333	TVSELLQY:0.2222222222222222	KSPSFIKD:0.2222222222222222	PSFIKDEI:0.2222222222222222	HQRMVFKS:0.2222222222222222	MVFKSPSF:0.2222222222222222	GSIILLHV:0.3333333333333333	EIGNHSYS:0.4444444444444444	IGNHSYSH:0.4444444444444444	EGHEIGNH:0.4444444444444444	VFKSPSFI:0.2222222222222222	HEIGNHSY:0.5555555555555556	QFFGGLVN:0.2222222222222222	HVMYESRK:0.2222222222222222	SYSHQRMV:0.2222222222222222	NHSYSHQR:0.2222222222222222	SIILLHVM:0.3333333333333333	KPGSIILL:0.2222222222222222	PGSIILLH:0.4444444444444444	FQFFGGLV:0.2222222222222222	HSYSHQRM:0.2222222222222222	GHEIGNHS:0.5555555555555556	QRMVFKSP:0.2222222222222222	GNHSYSHQ:0.2222222222222222	SPSFIKDE:0.2222222222222222	SHQRMVFK:0.2222222222222222	YSHQRMVF:0.2222222222222222	RMVFKSPS:0.2222222222222222	IKPGSIIL:0.2222222222222222	EPGSIILL:0.2222222222222222	LTFDDGPT:0.2222222222222222	EEDIKATF:0.2222222222222222	
