cluster number:331
CE4:22	CE4:22|CBM18:1
GSLLGIQQ:0.5454545454545454	AAAEKLLA:0.3181818181818182	LDPNKKYV:0.22727272727272727	LRPPYGAI:0.4090909090909091	RPPYGAID:0.5454545454545454	KKYVALTF:0.5454545454545454	NEGYEFVT:0.3181818181818182	KNEGYEFV:0.3181818181818182	ALTFDDGP:0.9545454545454546	NKKYVALT:0.5454545454545454	KLLDQAKE:0.22727272727272727	YDPEKLTI:0.2727272727272727	YSHPQLNT:0.5454545454545454	IQQKLLDQ:0.22727272727272727	GMNDERLV:0.3181818181818182	FGMNDERL:0.3181818181818182	YVWNRETG:0.36363636363636365	VPDEGSLL:0.36363636363636365	SLKADSYV:0.36363636363636365	TIGMPIIQ:0.36363636363636365	ETGRFEDA:0.36363636363636365	VALTFDDG:0.8636363636363636	HQYFGMND:0.3181818181818182	PDEGSLLG:0.5454545454545454	LVPDEGSL:0.36363636363636365	VIQQKLLD:0.22727272727272727	LGIQQVIQ:0.5454545454545454	ASHSYSHP:0.4090909090909091	TFFMLGQM:0.36363636363636365	SKFTYDPE:0.36363636363636365	AAEKLLAS:0.3181818181818182	LLDQAKEP:0.22727272727272727	SHPQLNTL:0.5454545454545454	EFVTVDQL:0.36363636363636365	KPLHQYFG:0.3181818181818182	YEFVTVDQ:0.36363636363636365	ILIHDIHP:0.22727272727272727	TYDPEKLT:0.2727272727272727	NLRPPYGA:0.36363636363636365	LHQYFGMN:0.3181818181818182	GIQQVIQQ:0.5454545454545454	HEIASHSY:0.36363636363636365	LKNEGYEF:0.3181818181818182	AETIGMPI:0.3181818181818182	IQQVIQQK:0.4090909090909091	RETGRFED:0.36363636363636365	SHSYSHPQ:0.4090909090909091	AEKLLASI:0.3181818181818182	FTYDPEKL:0.2727272727272727	VKATFFML:0.45454545454545453	QQKLLDQA:0.22727272727272727	QYFGMNDE:0.3181818181818182	PPYGAIDK:0.36363636363636365	LLGIQQVI:0.5454545454545454	DSYVWNRE:0.36363636363636365	QKPLHQYF:0.36363636363636365	DEGSLLGI:0.5454545454545454	NRETGRFE:0.36363636363636365	DSKFTYDP:0.22727272727272727	KFTYDPEK:0.36363636363636365	KADSYVWN:0.36363636363636365	LTFDDGPN:0.6818181818181818	QVIQQKLL:0.2727272727272727	HSYSHPQL:0.5	KYVALTFD:0.6363636363636364	NDVKATFF:0.36363636363636365	SYSHPQLN:0.45454545454545453	KYEAAAEK:0.3181818181818182	WNRETGRF:0.36363636363636365	EIASHSYS:0.36363636363636365	VSTYSLKA:0.36363636363636365	SAETIGMP:0.3181818181818182	EAAAEKLL:0.3181818181818182	SYVWNRET:0.36363636363636365	VWNRETGR:0.36363636363636365	PLHQYFGM:0.3181818181818182	YFGMNDER:0.3181818181818182	ADSYVWNR:0.36363636363636365	STYSLKAD:0.36363636363636365	KVSTYSLK:0.36363636363636365	ETIGMPII:0.3181818181818182	FFMLGQMV:0.36363636363636365	EGSLLGIQ:0.5454545454545454	FVTVDQLL:0.36363636363636365	HPQLNTLS:0.5454545454545454	TYSLKADS:0.36363636363636365	KATFFMLG:0.5	QQVIQQKL:0.2727272727272727	YEAAAEKL:0.3181818181818182	HDIHPKSV:0.36363636363636365	ASKVSTYS:0.2727272727272727	GYEFVTVD:0.36363636363636365	IASHSYSH:0.36363636363636365	MNDERLVD:0.36363636363636365	ATFFMLGQ:0.4090909090909091	SLLGIQQV:0.5454545454545454	EIAPFIDP:0.36363636363636365	PNKKYVAL:0.22727272727272727	DPNKKYVA:0.22727272727272727	EKLLASIQ:0.3181818181818182	GHEIASHS:0.36363636363636365	SKVSTYSL:0.2727272727272727	LKADSYVW:0.36363636363636365	YSLKADSY:0.36363636363636365	WDIDSQDW:0.22727272727272727	QKLLDQAK:0.22727272727272727	YVALTFDD:0.6363636363636364	IGMPIIQW:0.36363636363636365	TFDDGPNN:0.2727272727272727	TGRFEDAD:0.2727272727272727	LKAQGYEF:0.22727272727272727	IILLHDIH:0.22727272727272727	KAQGYEFV:0.22727272727272727	GSIILLHD:0.22727272727272727	SIILLHDI:0.22727272727272727	TFDDGPND:0.22727272727272727	AQGYEFVT:0.2727272727272727	QGYEFVTV:0.22727272727272727	YEFVTIDQ:0.3181818181818182	FVTIDQLL:0.22727272727272727	NNVKATFF:0.2727272727272727	EFVTIDQL:0.2727272727272727	IIQWNIDS:0.22727272727272727	GYEFVTID:0.3181818181818182	NVKATFFM:0.22727272727272727	LDENKKYV:0.22727272727272727	DENKKYVA:0.22727272727272727	ENKKYVAL:0.22727272727272727	
