cluster number:274
CE4:91	CE4:91
HELANHTY:0.34065934065934067	RFVTVSEL:0.24175824175824176	ALTFDDGP:0.9230769230769231	LTFDDGPD:0.7032967032967034	ILWSWHQD:0.3626373626373626	LPELKKRG:0.2857142857142857	TFDDGPDP:0.42857142857142855	EGHELANH:0.31868131868131866	RGDIVWEV:0.27472527472527475	ILPELKKR:0.2857142857142857	GDIVLFHD:0.3626373626373626	LWSWHQDT:0.5274725274725275	GHELANHT:0.34065934065934067	GDIVWEVP:0.34065934065934067	KVIALTFD:0.31868131868131866	ARNGDIVL:0.2967032967032967	NARNGDIV:0.2967032967032967	IALTFDDG:0.7142857142857143	FVTVSELL:0.38461538461538464	AKATFFVV:0.42857142857142855	VIALTFDD:0.31868131868131866	KATFFVVG:0.45054945054945056	KLIALTFD:0.2857142857142857	DIVWEVPT:0.2087912087912088	LIALTFDD:0.2857142857142857	LKIILPEL:0.3076923076923077	ALKIILPE:0.3076923076923077	EALKIILP:0.26373626373626374	YDAKATFF:0.23076923076923078	TFFVVGSR:0.2087912087912088	DAKATFFV:0.23076923076923078	LFRPPGGS:0.21978021978021978	ATFFVVGS:0.21978021978021978	FFVVGSRV:0.2087912087912088	FRPPGGSY:0.23076923076923078	
