cluster number:15
CE4:45	CE4:45
ALTFDDGP:0.8222222222222222	RPVYYRPP:0.26666666666666666	YYRPPWGH:0.5333333333333333	VALTFDDG:0.28888888888888886	VYYRPPWG:0.26666666666666666	VKATFFVV:0.5777777777777777	LTFDDGPD:0.6888888888888889	GVALTFDD:0.2222222222222222	IIVLHDSG:0.2222222222222222	PVYYRPPW:0.26666666666666666	KATFFVVG:0.6222222222222222	TFDDGPDP:0.7111111111111111	GPDPYYTP:0.4222222222222222	NYRHISNW:0.35555555555555557	YRPPWGHF:0.5555555555555556	HNYRHISN:0.35555555555555557	FDDGPDPY:0.4222222222222222	DGPDPYYT:0.4222222222222222	RPPWGHFN:0.5555555555555556	DDGPDPYY:0.4222222222222222	APEQMLSA:0.3111111111111111	YYTPKLLD:0.28888888888888886	CLALTFDD:0.28888888888888886	TPKLLDLL:0.3111111111111111	YGVKATFF:0.26666666666666666	GVKATFFV:0.3333333333333333	KRYTTVLW:0.28888888888888886	RGGAVIVL:0.28888888888888886	DLLKKYGV:0.24444444444444444	QKRYTTVL:0.28888888888888886	DCLALTFD:0.28888888888888886	AVIVLHDN:0.28888888888888886	IHNYRHIS:0.24444444444444444	KYGVKATF:0.26666666666666666	AKKMRWVT:0.24444444444444444	YTPKLLDL:0.28888888888888886	EQMLSALE:0.3111111111111111	PEQMLSAL:0.3111111111111111	LDLLKKYG:0.24444444444444444	LDWGVRRA:0.28888888888888886	GHFNAWTP:0.2	LKKYGVKA:0.26666666666666666	WLDWGVRR:0.28888888888888886	LHDNGDAL:0.28888888888888886	MRWVTITE:0.28888888888888886	HDNGDALG:0.28888888888888886	GGAVIVLH:0.28888888888888886	YRHISNWL:0.24444444444444444	LLDLLKKY:0.4444444444444444	PWGHFNAW:0.28888888888888886	VIVLHDNG:0.28888888888888886	KKMRWVTI:0.24444444444444444	DNGDALGA:0.28888888888888886	ATFFVVGR:0.28888888888888886	PKLLDLLK:0.3111111111111111	VQKRYTTV:0.28888888888888886	RHISNWLL:0.2	DPYYTPKL:0.28888888888888886	PYYTPKLL:0.28888888888888886	VLHDNGDA:0.28888888888888886	IVLHDNGD:0.28888888888888886	KKYGVKAT:0.26666666666666666	RAPEQMLS:0.2	PPWGHFNA:0.3111111111111111	WGHFNAWT:0.2	MLSALELL:0.3111111111111111	PDPYYTPK:0.28888888888888886	KMRWVTIT:0.3333333333333333	LLKKYGVK:0.24444444444444444	TFFVVGRK:0.28888888888888886	KLLDLLKK:0.3111111111111111	QMLSALEL:0.3111111111111111	LALTFDDG:0.3111111111111111	GIHNYRHI:0.24444444444444444	DWGVRRAA:0.28888888888888886	GAVIVLHD:0.3111111111111111	RYPDIVRR:0.24444444444444444	PIVQKRYT:0.24444444444444444	NGDALGAD:0.24444444444444444	IERATGQR:0.2222222222222222	ERATGQRP:0.2222222222222222	YPDIVRRM:0.24444444444444444	ERYPDIVR:0.24444444444444444	IVQKRYTT:0.24444444444444444	AIERATGQ:0.2222222222222222	IALTFDDG:0.2222222222222222	RRAAAAIE:0.2222222222222222	WGVRRAAA:0.2222222222222222	VRRAAAAI:0.2222222222222222	GVRRAAAA:0.2222222222222222	RAAAAIER:0.2	AAIERATG:0.2222222222222222	AAAIERAT:0.2222222222222222	AAAAIERA:0.2	
