cluster number:189
CE4:12	CE4:12
KLHPGATI:0.4166666666666667	KVWKKTPG:0.3333333333333333	APPSGSYN:0.5	MVAFLINV:0.25	VAFLINVS:0.3333333333333333	SVMINRVN:0.25	KATFFIEG:0.5833333333333334	GHVIGNHA:0.5	TIDWKNPT:0.25	GATILMHP:0.6666666666666666	IEGKWAKE:0.4166666666666667	VSVMINRV:0.25	ILWTVDTI:0.3333333333333333	KNPTVSVM:0.25	ATFFIEGK:0.5833333333333334	KTPGRNGL:0.4166666666666667	IYRGHPEK:0.5	WKNPTVSV:0.25	FLINVSWG:0.5833333333333334	YIDKVWKK:0.3333333333333333	WKKTPGRN:0.5	EGKWAKEN:0.3333333333333333	PGATILMH:0.5	FFIEGKWA:0.8333333333333334	HPDMARLS:0.3333333333333333	FIEGKWAK:0.75	EQGHVIGN:0.4166666666666667	TVDTIDWK:0.5833333333333334	HVIGNHAY:0.5	VIGNHAYN:0.3333333333333333	AYNHPDMA:0.4166666666666667	PIYRGHPE:0.5	PPSGSYNQ:0.3333333333333333	NHPDMARL:0.25	QGHVIGNH:0.4166666666666667	VWKKTPGR:0.5	HAYNHPDM:0.5833333333333334	EMVAFLIN:0.25	LWTVDTID:0.6666666666666666	DKVWKKTP:0.3333333333333333	TILMHPTE:0.5	NHAYNHPD:0.5833333333333334	TFFIEGKW:0.5833333333333334	KKTPGRNG:0.5	PTVSVMIN:0.25	PDMARLSN:0.25	AYIDKVWK:0.3333333333333333	YNHPDMAR:0.3333333333333333	ATILMHPT:0.6666666666666666	VKATFFIE:0.5	DWKNPTVS:0.25	PKWFAPPS:0.4166666666666667	DMARLSNQ:0.25	KEMVAFLI:0.25	IGNHAYNH:0.6666666666666666	KWFAPPSG:0.4166666666666667	AFLINVSW:0.4166666666666667	VDTIDWKN:0.6666666666666666	IDKVWKKT:0.3333333333333333	NPTVSVMI:0.25	WTVDTIDW:0.6666666666666666	TVSVMINR:0.25	GNHAYNHP:0.6666666666666666	HPGATILM:0.5	FAPPSGSY:0.5	WFAPPSGS:0.5	NAELVKMI:0.25	TILWTVDT:0.3333333333333333	DTIDWKNP:0.75	LHPGATIL:0.5	IDWKNPTV:0.25	SPIYRGHP:0.4166666666666667	GHLIGNHA:0.25	INVSWGEE:0.4166666666666667	TPKWFAPP:0.25	NVSWGEEY:0.4166666666666667	SWGEEYIP:0.3333333333333333	KNPSVSVM:0.5	VSWGEEYI:0.3333333333333333	APPSGSFN:0.25	EQGHLIGN:0.25	WKNPSVSV:0.5	LIGNHAYN:0.3333333333333333	FAPPSGSF:0.3333333333333333	HLIGNHAY:0.3333333333333333	LPASPIYR:0.4166666666666667	ASPIYRGH:0.25	PASPIYRG:0.3333333333333333	QGHLIGNH:0.25	DWKNPSVS:0.5	IDWKNPSV:0.5	TIDWKNPS:0.5	LINVSWGE:0.5	DILKAITG:0.25	KWAKNNAE:0.3333333333333333	QTNDILKA:0.25	VLWTVDTI:0.3333333333333333	GKWAKNNA:0.3333333333333333	TNDILKAI:0.25	ETVLWTVD:0.3333333333333333	EGKWAKNN:0.3333333333333333	DLPASPIY:0.25	METVLWTV:0.3333333333333333	NDILKAIT:0.25	IEGKWAKN:0.3333333333333333	TVLWTVDT:0.3333333333333333	ETILWSVD:0.25	METILWSV:0.25	NPSVSVMM:0.25	ILWSVDTI:0.25	VSVMMNRV:0.25	PSVSVMMN:0.25	NVSWGTEY:0.3333333333333333	WSVDTIDW:0.25	INVSWGTE:0.3333333333333333	SWGTEYIP:0.25	VSWGTEYI:0.25	SVSVMMNR:0.25	LWSVDTID:0.25	TILWSVDT:0.25	LLINVSWG:0.25	YFAPPSGS:0.25	QVKATFFI:0.25	
