cluster number:86
CE4:6	CE4:6|CBM18:1
YNAKATFF:0.3333333333333333	KKYNAKAT:0.3333333333333333	ALLKKYNA:0.3333333333333333	KYNAKATF:0.3333333333333333	GNHTYSHS:0.3333333333333333	NHTYSHSK:0.3333333333333333	NAKATFFC:0.3333333333333333	LALLKKYN:0.3333333333333333	LKKYNAKA:0.5	LLKKYNAK:0.5	VLALLKKY:0.3333333333333333	INFFRPPY:0.5	LLLLLFLL:0.3333333333333333	IGWNIRSL:0.5	SVLVLEQF:0.5	QFLQFLQQ:0.5	EELLNLKA:0.3333333333333333	PGGIVLLH:0.5	VVSIEELL:0.5	WIGINAFG:0.3333333333333333	SHSKFFDF:0.3333333333333333	LTFDDGPS:0.8333333333333334	MITHKNIS:0.5	SPGGIVLL:0.5	ALTFDDGP:0.6666666666666666	SIEELLNL:0.5	TFFCIGKN:0.3333333333333333	SRKINFFR:0.3333333333333333	HSVLVLEQ:0.5	PPYGVTTP:0.5	KFTSRKIN:0.3333333333333333	LLLLFLLN:0.3333333333333333	LEKFTSRK:0.3333333333333333	RISSNYHV:0.5	FFRPPYGV:0.5	ETEKKIAL:0.3333333333333333	ELLNLKAY:0.3333333333333333	GHLVGNHS:0.5	TPSIRRAL:0.5	HLVGNHSY:0.5	LFLLNLYI:0.3333333333333333	GWNIRSLD:0.5	GVTTPSIR:0.5	GHKTIGWN:0.5	VLEQFLQF:0.5	RKINFFRP:0.3333333333333333	FLQQNNYQ:0.5	LVLEQFLQ:0.5	VTTPSIRR:0.5	LLNLYIAI:0.3333333333333333	KIALTFDD:0.5	TSRKINFF:0.3333333333333333	NFFRPPYG:0.5	HSKFFDFY:0.3333333333333333	QNNYQVVS:0.5	VSIEELLN:0.5	KKIALTFD:0.5	GGIVLLHD:0.5	QQNNYQVV:0.5	QFLQQNNY:0.5	HSYSHSKF:0.3333333333333333	LEQFLQFL:0.5	VLVLEQFL:0.5	IALTFDDG:0.5	SYSHSKFF:0.3333333333333333	NHSYSHSK:0.3333333333333333	NYHVKAFC:0.3333333333333333	LVGNHSYS:0.5	FLQFLQQN:0.5	IRSLDGGT:0.5	TIGWNIRS:0.5	KTIGWNIR:0.5	VGNHSYSH:0.5	QVVSIEEL:0.5	FRPPYGVT:0.5	FFCIGKNI:0.5	LQFLQQNN:0.5	YQVVSIEE:0.5	NNYQVVSI:0.5	NYQVVSIE:0.5	TTPSIRRA:0.5	GNHSYSHS:0.5	SNYHVKAF:0.3333333333333333	IGINAFGS:0.3333333333333333	LNLYIAIH:0.3333333333333333	SSNYHVKA:0.5	EQFLQFLQ:0.5	TFDDGPSI:0.3333333333333333	EKKIALTF:0.5	YGVTTPSI:0.5	PEILQKVI:0.3333333333333333	PYGVTTPS:0.5	WNIRSLDG:0.5	FLLNLYIA:0.3333333333333333	TGHKTIGW:0.5	LLFLLNLY:0.3333333333333333	PSIRRALK:0.5	NIRSLDGG:0.5	ATFFCIGK:0.3333333333333333	GIVLLHDT:0.5	IVLLHDTG:0.5	RPPYGVTT:0.5	IEELLNLK:0.3333333333333333	LQQNNYQV:0.5	FCIGKNIE:0.5	HKTIGWNI:0.5	DDGPSIYT:0.3333333333333333	YSHSKFFD:0.3333333333333333	EKFTSRKI:0.3333333333333333	LLLFLLNL:0.3333333333333333	FDDGPSIY:0.3333333333333333	ISSNYHVK:0.5	LLEKFTSR:0.3333333333333333	TEKKIALT:0.3333333333333333	KINFFRPP:0.5	FTSRKINF:0.3333333333333333	KNISIFFI:0.3333333333333333	HDTGEHSV:0.3333333333333333	KRVSPGGI:0.3333333333333333	DTGEHSVL:0.3333333333333333	ISIFFILL:0.3333333333333333	RSLDGGTK:0.3333333333333333	KNQELILN:0.3333333333333333	EVLELLKK:0.3333333333333333	IFFILLLL:0.3333333333333333	GSSRISSN:0.3333333333333333	SRISSNYH:0.3333333333333333	ELILNRIT:0.3333333333333333	GEHSVLVL:0.3333333333333333	LILNRITK:0.3333333333333333	LLHDTGEH:0.3333333333333333	LDGGTKNQ:0.3333333333333333	DGGTKNQE:0.3333333333333333	NISIFFIL:0.3333333333333333	GTKNQELI:0.3333333333333333	RITKRVSP:0.3333333333333333	GGTKNQEL:0.3333333333333333	VLELLKKY:0.3333333333333333	EHSVLVLE:0.3333333333333333	VSPGGIVL:0.3333333333333333	SLDGGTKN:0.3333333333333333	FFILLLLL:0.3333333333333333	ELLKKYNA:0.3333333333333333	LNRITKRV:0.3333333333333333	HKNISIFF:0.3333333333333333	TLEVLELL:0.3333333333333333	NRITKRVS:0.3333333333333333	QELILNRI:0.3333333333333333	ITHKNISI:0.3333333333333333	ITKRVSPG:0.3333333333333333	THKNISIF:0.3333333333333333	SSRISSNY:0.3333333333333333	TKNQELIL:0.3333333333333333	NQELILNR:0.3333333333333333	VLLHDTGE:0.3333333333333333	SIFFILLL:0.3333333333333333	ILNRITKR:0.3333333333333333	LEVLELLK:0.3333333333333333	TGEHSVLV:0.3333333333333333	TKRVSPGG:0.3333333333333333	RVSPGGIV:0.3333333333333333	LELLKKYN:0.3333333333333333	LHDTGEHS:0.3333333333333333	
