cluster number:185
CE4:6	CE4:6
PILITFDD:0.6666666666666666	EKPILITF:0.3333333333333333	VLMYHSIS:0.3333333333333333	DDGYSDNY:0.3333333333333333	KPILITFD:0.6666666666666666	PRLGYKLG:0.3333333333333333	LGYKLGFT:0.3333333333333333	EEMKWLKS:0.3333333333333333	MYHSISTI:0.3333333333333333	RLGYKLGF:0.3333333333333333	TFDDGYSD:0.3333333333333333	SISTIPGN:0.3333333333333333	PVLMYHSI:0.5	GYKLGFTT:0.3333333333333333	PGNNLGVP:0.3333333333333333	LITFDDGY:0.8333333333333334	GNNLGVPV:0.3333333333333333	ISTIPGNN:0.3333333333333333	FDDGYSDN:0.3333333333333333	MPRLGYKL:0.3333333333333333	STIPGNNL:0.3333333333333333	TIPGNNLG:0.3333333333333333	HSISTIPG:0.3333333333333333	IPGNNLGV:0.3333333333333333	IPVLMYHS:0.5	PEKPILIT:0.3333333333333333	ILITFDDG:0.6666666666666666	GIPVLMYH:0.5	LMYHSIST:0.3333333333333333	YHSISTIP:0.3333333333333333	FDDGYLDN:0.6666666666666666	GFRATFFI:0.3333333333333333	DDGYLDNY:0.5	GNSIGSHT:0.3333333333333333	QGNSIGSH:0.3333333333333333	TFDDGYLD:0.6666666666666666	ITFDDGYL:0.6666666666666666	
