cluster number:35
CE4:35	CE4:35|GH2:1
ADWQPLPG:0.37142857142857144	VKAAFFVT:0.42857142857142855	NNVKAAFF:0.4	HPGAVILL:0.42857142857142855	AVILLHAV:0.5428571428571428	HAVSKDDT:0.2	YLTFDEGY:0.9142857142857143	ILDILKAN:0.22857142857142856	GNHTVNHP:0.4	PPMGEYSE:0.22857142857142856	YTPKILDI:0.37142857142857144	LLHAVSKD:0.6	EESYNTVM:0.2	RIHPGAVI:0.2	TPKILDIL:0.37142857142857144	DWQPLPGG:0.37142857142857144	GYENGYTP:0.3142857142857143	ILLHAVSK:0.45714285714285713	PKILDILK:0.37142857142857144	GYTPKILD:0.37142857142857144	DEGYENGY:0.6571428571428571	HTVNHPSL:0.4	IHPGAVIL:0.2571428571428571	GHIVGNHT:0.6285714285714286	PMGEYSER:0.2	NVKAAFFV:0.3142857142857143	GYKTVFWS:0.2	KILDILKA:0.2	FDEGYENG:0.7142857142857143	NGYTPKIL:0.2857142857142857	ENGYTPKI:0.2857142857142857	MGEYSERT:0.2	DNTLYGWG:0.2571428571428571	IYLTFDEG:0.34285714285714286	NHTVNHPS:0.4	HIVGNHTV:0.42857142857142855	KAAFFVTG:0.42857142857142855	LTFDEGYE:0.9142857142857143	VGNHTVNH:0.42857142857142855	LDNTLYGW:0.2571428571428571	EYSERTLY:0.37142857142857144	GEYSERTL:0.6571428571428571	VILLHAVS:0.5142857142857142	EGHIVGNH:0.6285714285714286	YENGYTPK:0.2857142857142857	EGYENGYT:0.6285714285714286	TFDEGYEN:0.7142857142857143	LGYKTVFW:0.2	GAVILLHA:0.5428571428571428	AAFFVTGP:0.37142857142857144	LHAVSKDD:0.2	IVGNHTVN:0.42857142857142855	AFFVTGPY:0.37142857142857144	RPPMGEYS:0.2571428571428571	YSERTLYI:0.2	PGAVILLH:0.42857142857142855	TVNHPSLP:0.4	FDEGYEAG:0.2	GYEFKTLD:0.2	EEGHIVGN:0.22857142857142856	TFDEGYEA:0.2	PGGPEESY:0.2571428571428571	NHQTPEIT:0.2	LGYRTVFW:0.22857142857142856	FVTGPYVK:0.2	KKVVYLTF:0.2	YRTVFWSL:0.2	LPNHQTPE:0.2	VYLTFDEG:0.42857142857142855	SLGYRTVF:0.2	RMVEEGHI:0.22857142857142856	EGYEFKTL:0.2	YEFKTLDD:0.2	FFVTGPYV:0.2	VVYLTFDE:0.3142857142857143	KVVYLTFD:0.3142857142857143	VNHPSLPT:0.2	EFKTLDDI:0.2	MVEEGHIV:0.22857142857142856	TKSLGYRT:0.2	WQPLPGGP:0.34285714285714286	LHAVSKDN:0.4	LPGGPEES:0.2571428571428571	RTVFWSLA:0.2	PLPGGPEE:0.2571428571428571	PNHQTPEI:0.2	HQTPEITP:0.2	HAVSKDNA:0.3142857142857143	KSLGYRTV:0.2	QPLPGGPE:0.2571428571428571	DEKVKEEI:0.2	GYRTVFWS:0.22857142857142856	VEEGHIVG:0.22857142857142856	KAAFFITG:0.2	MFKELTGK:0.2	PKGEYSER:0.4	DLVRRMVE:0.2	PPKGEYSE:0.42857142857142855	VRRMVEEG:0.22857142857142856	KGEYSERT:0.4	RRMVEEGH:0.22857142857142856	RPPKGEYS:0.42857142857142855	FFITGPYL:0.2	LRPPKGEY:0.2571428571428571	LVRRMVEE:0.22857142857142856	GYENGYTA:0.2	PEESYNTV:0.22857142857142856	GGPEESYN:0.22857142857142856	GPEESYNT:0.22857142857142856	ILDILKEN:0.2	
