cluster number:226
CE4:42	CE4:42|GH10:1
GSIILLHV:0.30952380952380953	GHELGNHT:0.2619047619047619	IILLHVMY:0.2857142857142857	RPPYGKKL:0.5714285714285714	AAAGHELG:0.21428571428571427	AGHELGNH:0.47619047619047616	MWDVEPDS:0.35714285714285715	FRPPYGKK:0.5238095238095238	ALTLDDGP:0.23809523809523808	IAAAGHEL:0.21428571428571427	AAGHELGN:0.3333333333333333	AIAAAGHE:0.2857142857142857	TFRPPYGK:0.40476190476190477	SIILLHVM:0.30952380952380953	PGSIILLH:0.5238095238095238	VALTLDDG:0.23809523809523808	TRPGSIIL:0.23809523809523808	PPYGKKLW:0.2857142857142857	GYRFVTVS:0.4523809523809524	RPGSIILL:0.38095238095238093	KVVALTFD:0.3333333333333333	TVMWDVEP:0.21428571428571427	ALTFDDGP:0.5476190476190477	VALTFDDG:0.47619047619047616	VMWDVEPD:0.21428571428571427	VVALTFDD:0.35714285714285715	AGHEIGNH:0.2619047619047619	AAGHEIGN:0.21428571428571427	ITFRPPYG:0.30952380952380953	IAAAGHEI:0.21428571428571427	AAAGHEIG:0.21428571428571427	LTFDDGPT:0.2619047619047619	ELGNHSYS:0.21428571428571427	GEITFRPP:0.21428571428571427	HELGNHSY:0.23809523809523808	GHELGNHS:0.30952380952380953	LGNHSYSH:0.21428571428571427	RFVTVSEL:0.23809523809523808	FVTVSELL:0.23809523809523808	YRFVTVSE:0.23809523809523808	
