cluster number:306
CE4:6	CE4:6
VPATFFCI:0.5	KLLNIPAY:0.3333333333333333	PAKMLAEL:0.3333333333333333	LFRPPYGV:0.6666666666666666	ALTFDDGP:0.3333333333333333	IDKLLNIP:0.3333333333333333	PKLFRPPY:0.3333333333333333	EVPATFFC:0.3333333333333333	TNPNLKKA:0.3333333333333333	ERIDKLLN:0.3333333333333333	IRSLDTVA:0.3333333333333333	FGPAKMLA:0.3333333333333333	NPNLKKAI:0.3333333333333333	KLFRPPYG:0.3333333333333333	VTNPNLKK:0.3333333333333333	DKLLNIPA:0.3333333333333333	YGVTNPNL:0.5	LLNIPAYA:0.3333333333333333	RPPYGVTN:0.8333333333333334	PPYGVTNP:0.8333333333333334	FRPPYGVT:0.8333333333333334	PATFFCIG:0.6666666666666666	GYTIERID:0.3333333333333333	TIERIDKL:0.3333333333333333	YTIERIDK:0.3333333333333333	PYGVTNPN:0.8333333333333334	RIDKLLNI:0.3333333333333333	GVTNPNLK:0.3333333333333333	GPAKMLAE:0.3333333333333333	IERIDKLL:0.3333333333333333	SYYHDFWF:0.3333333333333333	IAISFDDG:0.3333333333333333	AISFDDGP:0.3333333333333333	YGVTNPNV:0.3333333333333333	TFFCIGYR:0.3333333333333333	FCIGYRVA:0.3333333333333333	WFRPPYGV:0.3333333333333333	FFCIGYRV:0.3333333333333333	MKWFRPPY:0.3333333333333333	HSYYHDFW:0.3333333333333333	HDFWFDMH:0.3333333333333333	KWFRPPYG:0.3333333333333333	YVKEQGYT:0.3333333333333333	YHDFWFDM:0.3333333333333333	ATFFCIGY:0.3333333333333333	YYHDFWFD:0.3333333333333333	
