cluster number:20
CE4:45	CE4:45
DYAEAGGE:0.28888888888888886	TFCVIGAY:0.9111111111111111	PATFCVIG:0.9777777777777777	ATFCVIGA:0.9777777777777777	ILDVLAQH:0.9555555555555556	YLSFDDGP:0.7111111111111111	GAYAAAQP:0.5111111111111111	SDYAEAGG:0.26666666666666666	LDVLAQHR:0.9555555555555556	VIGAYAAA:0.5111111111111111	AYAAAQPQ:0.5111111111111111	VLAQHRTP:0.6888888888888889	PAILDVLA:0.9555555555555556	FCVIGAYA:0.9111111111111111	DVLAQHRT:0.6888888888888889	NDATEARS:0.4222222222222222	RTPATFCV:0.7111111111111111	FDDGPNPL:0.6888888888888889	ARSDYAEA:0.26666666666666666	AEAGGEPC:0.2	TEARSDYA:0.5333333333333333	TPAILDVL:0.9777777777777777	DATEARSD:0.4222222222222222	IGAYAAAQ:0.5111111111111111	TNDATEAR:0.4444444444444444	LAQHRTPA:0.6888888888888889	CVIGAYAA:0.8888888888888888	QHRTPATF:0.7111111111111111	EARSDYAE:0.28888888888888886	YAEAGGEP:0.2	HRTPATFC:0.7111111111111111	ATEARSDY:0.4444444444444444	YAAAQPQL:0.4444444444444444	AILDVLAQ:0.9555555555555556	STNDATEA:0.4444444444444444	RSDYAEAG:0.26666666666666666	TPATFCVI:0.7111111111111111	SFDDGPNP:0.7111111111111111	LSFDDGPN:0.7111111111111111	AQHRTPAT:0.6888888888888889	DGPNPHCT:0.26666666666666666	GPNPHCTP:0.26666666666666666	PNPHCTPA:0.26666666666666666	CVYLTFDD:0.26666666666666666	LTFDDGPN:0.26666666666666666	QHRAPATF:0.26666666666666666	LAQHRAPA:0.26666666666666666	GAYAAGQP:0.35555555555555557	VLAQHRAP:0.26666666666666666	AYAAGQPE:0.2222222222222222	APATFCVI:0.26666666666666666	NPHCTPAI:0.26666666666666666	RAPATFCV:0.26666666666666666	CTPAILDV:0.9555555555555556	AQHRAPAT:0.26666666666666666	HCTPAILD:0.26666666666666666	TFDDGPNP:0.26666666666666666	IGAYAAGQ:0.35555555555555557	VIGAYAAG:0.37777777777777777	DDGPNPHC:0.26666666666666666	VYLTFDDG:0.26666666666666666	PHCTPAIL:0.26666666666666666	YLTFDDGP:0.26666666666666666	FDDGPNPH:0.26666666666666666	HRAPATFC:0.26666666666666666	DVLAQHRA:0.26666666666666666	EAGGEPCV:0.24444444444444444	DLTEARSD:0.2222222222222222	GGEPCVYL:0.6222222222222222	DDGPNPLC:0.6666666666666666	EPCVYLSF:0.6444444444444445	LCTPAILD:0.6666666666666666	PNPLCTPA:0.6666666666666666	CVYLSFDD:0.6444444444444445	AGGEPCVY:0.6	AQPQLIQR:0.26666666666666666	DGPNPLCT:0.6666666666666666	LTEARSDY:0.2222222222222222	AAAQPQLI:0.35555555555555557	NPLCTPAI:0.6666666666666666	PCVYLSFD:0.6444444444444445	NDLTEARS:0.2222222222222222	GPNPLCTP:0.6666666666666666	AAQPQLIQ:0.28888888888888886	GEPCVYLS:0.6444444444444445	PLCTPAIL:0.6666666666666666	VYLSFDDG:0.6666666666666666	RSTNDATE:0.3333333333333333	MRSTNDAT:0.3333333333333333	DAGGEPCV:0.37777777777777777	SDYADAGG:0.26666666666666666	RSDYADAG:0.26666666666666666	ARSDYADA:0.24444444444444444	DYADAGGE:0.26666666666666666	ADAGGEPC:0.26666666666666666	EARSDYAD:0.24444444444444444	YADAGGEP:0.26666666666666666	
