cluster number:319
CE4:77	CE4:77
YDVRAMFF:0.2077922077922078	MADEGHVV:0.35064935064935066	APYGAWNR:0.8701298701298701	SHDAGGDR:0.5844155844155844	AAFQLGAE:0.2077922077922078	AAPGVVVL:0.6233766233766234	DEGHVVGN:0.36363636363636365	APGVVVLS:0.5844155844155844	FRAPYGAW:0.5584415584415584	AMFFVCGE:0.7012987012987013	DVRAMFFV:0.3116883116883117	GAAPGVVV:0.6233766233766234	ADEGHVVG:0.35064935064935066	VVVLSHDA:0.6493506493506493	RAPYGAWN:0.8701298701298701	GVVVLSHD:0.6493506493506493	WNRAAFQL:0.2857142857142857	GHVVGNHT:0.45454545454545453	LSHDAGGD:0.5844155844155844	PYGAWNRA:0.44155844155844154	VLSHDAGG:0.7922077922077922	YGAWNRAA:0.38961038961038963	RMADEGHV:0.33766233766233766	VRAMFFVC:0.6493506493506493	MEPMAWTV:0.2727272727272727	EPMAWTVD:0.2727272727272727	LQPLTGYG:0.22077922077922077	NHTWTHPL:0.23376623376623376	VVLSHDAG:0.6883116883116883	RLQPLTGY:0.23376623376623376	GNHTWTHP:0.2727272727272727	AWNRAAFQ:0.2857142857142857	WFRAPYGA:0.5584415584415584	NRAAFQLG:0.2857142857142857	ARMADEGH:0.22077922077922077	GMEPMAWT:0.2857142857142857	EGHVVGNH:0.38961038961038963	HVVGNHTW:0.45454545454545453	PMAWTVDT:0.2597402597402597	RAAFQLGA:0.24675324675324675	PGVVVLSH:0.6493506493506493	RAMFFVCG:0.7272727272727273	GAWNRAAF:0.38961038961038963	LDWTTPGT:0.23376623376623376	MEPLAWTV:0.5584415584415584	WTVDTLDW:0.5974025974025974	HTWSHPLL:0.3116883116883117	GDRSQSVR:0.22077922077922077	RSQSVRAL:0.22077922077922077	PLAWTVDT:0.44155844155844154	DAGGDRSQ:0.6103896103896104	EPLAWTVD:0.5584415584415584	TVDTLDWT:0.35064935064935066	LAWTVDTL:0.4155844155844156	LGMEPLAW:0.5454545454545454	VGNHTWSH:0.33766233766233766	VDTLDWTT:0.23376623376623376	TWSHPLLT:0.2857142857142857	FFVCGEMA:0.7142857142857143	GMEPLAWT:0.5714285714285714	DGAAPGVV:0.3246753246753247	AWTVDTLD:0.5714285714285714	GNHTWSHP:0.37662337662337664	SQSVRALR:0.22077922077922077	FVCGEMAD:0.2597402597402597	PYGAWNRN:0.22077922077922077	RSEMERTS:0.2077922077922078	TLDWTTPG:0.23376623376623376	GGDRSQSV:0.4675324675324675	DTLDWTTP:0.23376623376623376	VVGNHTWS:0.2987012987012987	HDAGGDRS:0.6233766233766234	AGGDRSQS:0.4675324675324675	NHTWSHPL:0.36363636363636365	DRSQSVRA:0.22077922077922077	LLREMADD:0.2077922077922078	MFFVCGEM:0.5974025974025974	AALRRYLP:0.2077922077922078	VGNHSWSH:0.23376623376623376	HDAGGNRS:0.24675324675324675	SQSVAALR:0.2597402597402597	LWYRAPYG:0.2727272727272727	REMADDGH:0.22077922077922077	SVAALRRY:0.2077922077922078	MVLTFDDG:0.5064935064935064	QSVAALRR:0.2077922077922078	HVVGNHSW:0.23376623376623376	SHDAGGNR:0.22077922077922077	DAGGNRSQ:0.22077922077922077	PLWYRAPY:0.2727272727272727	VVGNHSWS:0.23376623376623376	SWSHPLIP:0.22077922077922077	EMADDGHV:0.2077922077922078	LREMADDG:0.2077922077922078	HSWSHPLI:0.22077922077922077	DGHVVGNH:0.2857142857142857	PRYTPDIL:0.2077922077922078	DDGHVVGN:0.2077922077922078	RSQSVAAL:0.2727272727272727	VAALRRYL:0.2077922077922078	GNHSWSHP:0.2727272727272727	YRAPYGAW:0.2727272727272727	VLTFDDGP:0.5714285714285714	WYRAPYGA:0.2727272727272727	GHVVGNHS:0.23376623376623376	NHSWSHPL:0.2727272727272727	LSHDAGGN:0.22077922077922077	DLLREMAD:0.23376623376623376	SGYHLTVP:0.2077922077922078	ELGMEPLA:0.4675324675324675	DGPDPRYT:0.5584415584415584	GAELGMEP:0.4805194805194805	DDGPDPRY:0.5454545454545454	LTFDDGPD:0.6233766233766234	FDDGPDPR:0.5454545454545454	AELGMEPL:0.44155844155844154	WSHPLLTR:0.2077922077922078	TFDDGPDP:0.5194805194805194	GPDPRYTP:0.5454545454545454	FEIGAELG:0.22077922077922077	EIGAELGM:0.22077922077922077	IGAELGME:0.2597402597402597	
