cluster number:240
CE4:49	CE4:49
GERPKFFR:0.22448979591836735	RPKFFRAP:0.22448979591836735	VPAIFFVN:0.2857142857142857	LADIMVNT:0.2653061224489796	EEIIGERP:0.24489795918367346	KFFRAPFG:0.3673469387755102	AIFFVNGH:0.8367346938775511	ALADIMVN:0.20408163265306123	LMNWTYGY:0.46938775510204084	GANLLMHD:0.8367346938775511	LTIDDAPD:0.3469387755102041	VVLLTIDD:0.3673469387755102	PAIFFVNG:0.6326530612244898	NLLMHDRE:0.4897959183673469	LLTIDDAP:0.3673469387755102	NWTYGYDW:0.6938775510204082	RAPFGVNT:0.20408163265306123	MNWTYGYD:0.8979591836734694	ANLLMHDR:0.8367346938775511	LMHDREWT:0.5102040816326531	TIDDAPDK:0.3877551020408163	FFVNGHFI:0.3877551020408163	IFFVNGHF:0.8367346938775511	WTYGYDWE:0.5918367346938775	PKFFRAPF:0.3673469387755102	DGANLLMH:0.22448979591836735	VLLTIDDA:0.3469387755102041	ERPKFFRA:0.22448979591836735	IGERPKFF:0.20408163265306123	LLMHDREW:0.4897959183673469	NGANLLMH:0.40816326530612246	KVVLLTID:0.24489795918367346	FFVNGHFL:0.4489795918367347	IGNHTYSH:0.3469387755102041	APAIFFVN:0.22448979591836735	TYGYDWEK:0.2653061224489796	RAPFGSNT:0.22448979591836735	RPRFFRAP:0.20408163265306123	APFGSNTD:0.20408163265306123	GERPRFFR:0.20408163265306123	FRAPFGSN:0.22448979591836735	ERPRFFRA:0.20408163265306123	FFRAPFGS:0.22448979591836735	GFAIGNHT:0.20408163265306123	NLLMHDRD:0.22448979591836735	FVNGHFLD:0.20408163265306123	
