cluster number:252
CE4:18	CE4:18
LGNHSENH:0.3333333333333333	DSLDWKDY:0.3333333333333333	SFDAAWGN:0.2777777777777778	GNHSENHK:0.3333333333333333	AGHDLGNH:0.2777777777777778	IQWDVDSL:0.6666666666666666	DAAWGNED:0.3333333333333333	FDAAWGNE:0.3333333333333333	TFFMTGGW:0.3333333333333333	FFMTGGWV:0.2777777777777778	SLDWKDYG:0.3333333333333333	AAWGNEDT:0.3333333333333333	QWDVDSLD:0.6666666666666666	DVDSLDWK:0.6666666666666666	DLGNHSEN:0.3333333333333333	WDVDSLDW:0.7222222222222222	VDSLDWKD:0.3888888888888889	GHDLGNHS:0.3888888888888889	HDLGNHSE:0.3333333333333333	GYEIVPIS:0.2222222222222222	NAALHTPE:0.2222222222222222	HNAALHTP:0.2222222222222222	IVLFHNAA:0.2777777777777778	VLFHNAAL:0.2222222222222222	LFRPPYGD:0.3888888888888889	GSIVLFHN:0.2777777777777778	SIVLFHNA:0.2222222222222222	AALHTPEA:0.2222222222222222	VPISQLIY:0.2777777777777778	RPPYGDYN:0.2222222222222222	FRPPYGDY:0.3888888888888889	LHTPEALP:0.2222222222222222	ALHTPEAL:0.2222222222222222	LFHNAALH:0.2222222222222222	FHNAALHT:0.2222222222222222	VKATFFMT:0.3333333333333333	KATFFMTG:0.3333333333333333	AISFDAAW:0.2222222222222222	NVKATFFM:0.2777777777777778	PIQWDVDS:0.3888888888888889	HNVKATFF:0.2777777777777778	YPIQWDVD:0.2777777777777778	ATFFMTGG:0.2777777777777778	LDWKDYGA:0.2222222222222222	KHNVKATF:0.2777777777777778	YYPIQWDV:0.2777777777777778	ISFDAAWG:0.2777777777777778	VDSLDWKN:0.2777777777777778	DSLDWKNY:0.2222222222222222	SLDWKNYG:0.2222222222222222	LDWKNYGV:0.2222222222222222	GYEIVPVS:0.2222222222222222	LIDTVYGC:0.2222222222222222	
