cluster number:9
CBM73:12	AA10:12|CBM73:12|CBM5:1
QRIDPAGE:0.5833333333333334	GEGFYNCS:0.5833333333333334	PAGEGFYN:0.5833333333333334	DPAGEGFY:0.5833333333333334	WQRIDPAG:0.5833333333333334	EGFYNCSD:0.5833333333333334	GFYNCSDI:0.5833333333333334	IDPAGEGF:0.5833333333333334	RIDPAGEG:0.5833333333333334	AGEGFYNC:0.5833333333333334	GYSKAMAI:0.3333333333333333	HFRILDNT:0.3333333333333333	LIAAPGYN:0.25	IGTAPHVP:0.5833333333333334	PLTWNDLV:0.3333333333333333	VQWQRIDP:0.5	PDGQLCSA:0.25	VKREVPDG:0.25	KGYSKAMA:0.3333333333333333	FYNCSDIN:0.5	TEQLTVAQ:0.25	CKPWPATG:0.4166666666666667	YPGQQWNE:0.3333333333333333	IAAPGYND:0.25	HTEQLTVA:0.4166666666666667	TLFVQWQR:0.5	ATLFVQWQ:0.5	KPWPATGW:0.4166666666666667	EQLTVAQT:0.25	IIGTAPHV:0.5	DVRIIGTA:0.3333333333333333	FRILDNTP:0.3333333333333333	TAPHVPSF:0.5833333333333334	QWQRIDPA:0.5	AAPGYNDP:0.25	RIIGTAPH:0.5	GDSVHFRI:0.25	VPDGQLCS:0.25	HVPSFAKV:0.5	MDVRIIGT:0.25	FVQWQRID:0.5	LTWNDLVL:0.3333333333333333	GQQWNEVA:0.3333333333333333	APHVPSFA:0.5	VRIIGTAP:0.5	PGQQWNEV:0.3333333333333333	VHFRILDN:0.5	LFVQWQRI:0.5	PWPATGWC:0.4166666666666667	PHVPSFAK:0.5	KKDGLNLV:0.25	GTAPHVPS:0.5833333333333334	QWNEVAHL:0.3333333333333333	SGQYPGQQ:0.25	PQAKEVVD:0.25	LGQFIDAV:0.25	GEYPAYVP:0.25	GGGEYPAY:0.25	DLGQFIDA:0.25	WNEVAHLI:0.3333333333333333	GKATLFVQ:0.25	AKEVVDIT:0.25	DLVLIHTE:0.25	YNCSDINI:0.4166666666666667	LDNTPQAK:0.25	ILDNTPQA:0.25	FWSGNPSD:0.25	QAKEVVDI:0.25	WNDLVLIH:0.25	GQYPGQQW:0.25	QQWNEVAH:0.4166666666666667	GGEYPAYV:0.25	VLIHTEQL:0.25	SIAKVGEK:0.25	TWNDLVLI:0.25	TPQAKEVV:0.25	VPSFAKVF:0.4166666666666667	LVLIHTEQ:0.25	PSFAKVFL:0.4166666666666667	SFAKVFLT:0.4166666666666667	KATLFVQW:0.25	PDFWSGNP:0.25	DNTPQAKE:0.25	GQFIDAVM:0.25	LPDFWSGN:0.25	QYPGQQWN:0.25	EVVDITLP:0.25	DFWSGNPS:0.25	NTPQAKEV:0.25	RILDNTPQ:0.25	NDLVLIHT:0.25	KEVVDITL:0.25	VVDITLPI:0.25	AKVFLTKP:0.25	IHTEQLTV:0.3333333333333333	VFLTKPGF:0.25	TKPGFDPT:0.25	GFDPTTAP:0.3333333333333333	KPGFDPTT:0.25	APGYNDPE:0.25	FLTKPGFD:0.25	KVFLTKPG:0.25	LIHTEQLT:0.3333333333333333	FDPTTAPL:0.3333333333333333	DPTTAPLT:0.3333333333333333	PGFDPTTA:0.3333333333333333	FAKVFLTK:0.25	LTKPGFDP:0.25	PTTAPLTW:0.3333333333333333	PGPVDPAP:0.25	PAPPVARI:0.25	SGQAFTFS:0.25	GPVDPAPP:0.25	PVDPAPPV:0.25	LKSGQAFT:0.25	YEWAVPGM:0.25	KSGQAFTF:0.25	VDPAPPVA:0.25	GQAFTFSG:0.25	DPAPPVAR:0.25	DPGPVDPA:0.25	WAYAPGTG:0.3333333333333333	AWAYAPGT:0.3333333333333333	RVGVKKNE:0.25	PWTKEKVF:0.25	NYKCKPWP:0.25	EGFYGCSD:0.25	YKCKPWPA:0.25	DPVGEGFY:0.25	GGGDYPQY:0.25	WPATGWCK:0.25	HWQEAWDK:0.25	DKTQPSPW:0.25	TRWQRRDP:0.25	WTKEKVFI:0.25	TKEKVFID:0.25	NKKRHEAQ:0.25	RRDPVGEG:0.25	WCKGAAWA:0.25	GPVDERPP:0.25	VGVKKNET:0.25	RWQRRDPV:0.25	PATGWCKG:0.25	GWCKGAAW:0.25	GAAWAYAP:0.25	WQRRDPVG:0.25	QPSPWTKE:0.25	RVFGHDRA:0.25	HIIRVGVK:0.25	GVKKNETI:0.25	VHFRVFGH:0.25	WQEAWDKL:0.25	SPWTKEKV:0.25	PVAVIEGR:0.25	AVIEGRTE:0.25	VIEGRTEI:0.25	HFRVFGHD:0.25	KGAAWAYA:0.25	KCKPWPAT:0.25	RPPVAVIE:0.25	VDERPPVA:0.25	AAWAYAPG:0.25	DERPPVAV:0.25	EGRTEIKA:0.25	RTEIKAGE:0.25	IRVGVKKN:0.25	PSPWTKEK:0.25	PPVAVIEG:0.25	QRRDPVGE:0.25	SQHIIRVG:0.25	GEGFYGCS:0.25	VFGHDRAV:0.25	ATGWCKGA:0.25	GDTVHFRV:0.25	PGPVDERP:0.25	TQPSPWTK:0.25	FRVFGHDR:0.25	PVGEGFYG:0.25	KTQPSPWT:0.25	RDPVGEGF:0.25	GRTEIKAG:0.25	IIRVGVKK:0.25	ERPPVAVI:0.25	KKRHEAQV:0.25	QHIIRVGV:0.25	KKNETITF:0.25	VGEGFYGC:0.25	VAVIEGRT:0.25	VKKNETIT:0.25	IEGRTEIK:0.25	TVHFRVFG:0.25	TGWCKGAA:0.25	PVDERPPV:0.25	GFYGCSDI:0.25	DTVHFRVF:0.25	CKGAAWAY:0.25	
