cluster number:15
CBM73:17	CBM73:17|CBM5:14|GH18:9|AA10:4|3.2.1.14:2|PL14:1|PL14_3:1|CBM12:1|GH19:1|GH5_2:1|1.-.-.-:1
GPYEPGVG:0.29411764705882354	CTVGGWCT:0.35294117647058826	GGWCTVGG:0.4117647058823529	EPGVGWAW:0.29411764705882354	YEPGVGWA:0.4117647058823529	GWCTVGGP:0.4117647058823529	SSSSVASS:0.29411764705882354	VGGWCTVG:0.4117647058823529	GGPYEPGV:0.29411764705882354	WCTVGGPY:0.4117647058823529	TVGGWCTV:0.29411764705882354	PYEPGVGW:0.29411764705882354	KNTCPATG:0.29411764705882354	IEDYKVLK:0.4117647058823529	YKVLKNTC:0.35294117647058826	WADVFDGI:0.29411764705882354	AAQYVDFY:0.23529411764705882	SSSGSSSG:0.23529411764705882	VDGVADTW:0.29411764705882354	RKLKQMYP:0.23529411764705882	DPRWADVF:0.23529411764705882	SYADYDRF:0.23529411764705882	FYGRGWTG:0.23529411764705882	GVYGRNYH:0.23529411764705882	LRKLKQMY:0.23529411764705882	DGVADTWD:0.29411764705882354	PTAPHSAL:0.35294117647058826	NWWSYDTP:0.29411764705882354	CGNNWWSY:0.23529411764705882	GSSSSGSS:0.23529411764705882	FNQLRKLK:0.35294117647058826	IGDSYADY:0.23529411764705882	SSGSSSSG:0.23529411764705882	SAPGGSAT:0.23529411764705882	IGFYGRGW:0.29411764705882354	GGWCSQGG:0.23529411764705882	EAGIEDYK:0.29411764705882354	GDSYADYD:0.23529411764705882	LRGSFNQL:0.35294117647058826	RGSFNQLR:0.35294117647058826	GGWTWSGG:0.4117647058823529	YGRNYHVK:0.23529411764705882	WGVYGRNY:0.23529411764705882	CKVGGWCS:0.23529411764705882	RNYHVKNI:0.4117647058823529	GGSATGAA:0.29411764705882354	SYDTPSTI:0.23529411764705882	SFGGWTWS:0.4117647058823529	WSYDTPST:0.23529411764705882	LKNTCPAT:0.29411764705882354	VYGRNYHV:0.23529411764705882	SSSSSSSS:0.4117647058823529	DSYADYDR:0.23529411764705882	GIGFYGRG:0.29411764705882354	YEAGIEDY:0.29411764705882354	SFNQLRKL:0.35294117647058826	ADYAGAAQ:0.23529411764705882	FGGWTWSG:0.4117647058823529	PRWADVFD:0.23529411764705882	EDYKVLKN:0.35294117647058826	AGIEDYKV:0.29411764705882354	KVLKNTCP:0.35294117647058826	YADYDRFY:0.23529411764705882	QLRKLKQM:0.23529411764705882	FFWELSGD:0.4117647058823529	APGGSATG:0.29411764705882354	GIEDYKVL:0.4117647058823529	NTCPATGT:0.23529411764705882	DYAGAAQY:0.23529411764705882	GSFNQLRK:0.35294117647058826	GAAQYVDF:0.23529411764705882	GPTAPHSA:0.35294117647058826	GFYGRGWT:0.29411764705882354	DYKVLKNT:0.35294117647058826	GRNYHVKN:0.23529411764705882	SGSSSSSS:0.23529411764705882	YAFGNVQN:0.4117647058823529	SSSSSSSG:0.35294117647058826	SVDGVADT:0.29411764705882354	WSFGGWTW:0.4117647058823529	ADVFDGID:0.29411764705882354	FWELSGDT:0.4117647058823529	PGGSATGA:0.29411764705882354	NQLRKLKQ:0.23529411764705882	QSAPGGSA:0.23529411764705882	GNNWWSYD:0.23529411764705882	LGIGFYGR:0.29411764705882354	NNWWSYDT:0.23529411764705882	GSSSSSSS:0.29411764705882354	VGGWCSQG:0.23529411764705882	AFGNVQNG:0.4117647058823529	RWADVFDG:0.29411764705882354	WWSYDTPS:0.23529411764705882	VLKNTCPA:0.35294117647058826	SSSSGSSS:0.23529411764705882	KVGGWCSQ:0.23529411764705882	GWTWSGGF:0.4117647058823529	TAPHSALY:0.35294117647058826	YGRGWTGV:0.23529411764705882	QCTVGGWC:0.29411764705882354	GWAWTNAW:0.23529411764705882	SSVVSSSS:0.23529411764705882	CTVGGPYA:0.35294117647058826	TVGGPYAP:0.35294117647058826	SSSSVVSS:0.23529411764705882	YQCTVGGW:0.29411764705882354	VGGPYAPG:0.4117647058823529	WAWTNAWS:0.23529411764705882	TWSGGFGQ:0.23529411764705882	MTYDFFGA:0.23529411764705882	WTWSGGFG:0.29411764705882354	GNVQNGQC:0.23529411764705882	FGNVQNGQ:0.23529411764705882	WSGGFGQA:0.23529411764705882	GIDIDWEY:0.29411764705882354	DGIDIDWE:0.29411764705882354	FDGIDIDW:0.29411764705882354	IDIDWEYP:0.29411764705882354	VFDGIDID:0.23529411764705882	DIDWEYPN:0.23529411764705882	
