cluster number:16
GT41:61	GT41:61|GT4:4|GT2:3|GT0:1|GT11:1
DYLMINLL:0.21311475409836064	GVSYPKPY:0.21311475409836064	SFLKMLGV:0.22950819672131148	EKLIRLPN:0.2786885245901639	LPNIGVSY:0.21311475409836064	PIVTCPGE:0.29508196721311475	TCPGEFMR:0.4262295081967213	GTLWLTGW:0.21311475409836064	FLSSELME:0.36065573770491804	RLTNFYLS:0.21311475409836064	IDYFLSSE:0.2786885245901639	LPIVTCPG:0.3114754098360656	GHPVTTGL:0.26229508196721313	FTWSGGNT:0.22950819672131148	PNIGVSYP:0.21311475409836064	IGVSYPKP:0.21311475409836064	SYSGTLWL:0.21311475409836064	CPGEFMRG:0.3770491803278688	VTCPGEFM:0.4262295081967213	FKYLPQYD:0.32786885245901637	WGHPVTTG:0.26229508196721313	SGTLWLTG:0.21311475409836064	LTNFYLSY:0.21311475409836064	RLDYLMIN:0.21311475409836064	NIGVSYPK:0.21311475409836064	GLPTIDYF:0.3770491803278688	PGEFMRGR:0.4098360655737705	YSGTLWLT:0.21311475409836064	DSFLKMLG:0.22950819672131148	VSYPKPYI:0.21311475409836064	MLGVTDTI:0.21311475409836064	LIRLPNIG:0.2459016393442623	YFLSSELM:0.32786885245901637	PFKYLPQY:0.2459016393442623	FEIYCYYT:0.21311475409836064	LGVTDTIA:0.22950819672131148	CQAPFKYL:0.2459016393442623	AWGHPVTT:0.22950819672131148	LPTIDYFL:0.32786885245901637	DYFLSSEL:0.32786885245901637	NFYLSYQA:0.21311475409836064	APFKYLPQ:0.2459016393442623	RLAPVQCV:0.22950819672131148	QAPFKYLP:0.2459016393442623	EIYCYYTG:0.21311475409836064	DTFTWSGG:0.22950819672131148	YSEKLIRL:0.3114754098360656	LDYLMINL:0.21311475409836064	LRLAPVQC:0.4098360655737705	GEFMRGRH:0.4098360655737705	LDTFTWSG:0.22950819672131148	PTIDYFLS:0.32786885245901637	SEKLIRLP:0.26229508196721313	KLIRLPNI:0.2459016393442623	TIDYFLSS:0.3770491803278688	TFTWSGGN:0.22950819672131148	TNFYLSYQ:0.21311475409836064	TLWLTGWL:0.21311475409836064	HYSEKLIR:0.3114754098360656	SYPKPYIP:0.21311475409836064	IVTCPGEF:0.2459016393442623	EAIACNLP:0.2459016393442623	GGNTTLEA:0.39344262295081966	WSGGNTTL:0.39344262295081966	LCCQAPFK:0.21311475409836064	NTTLEAIA:0.26229508196721313	EFMRGRHS:0.3770491803278688	GNTTLEAI:0.3114754098360656	LEAIACNL:0.2459016393442623	SGGNTTLE:0.39344262295081966	NLPIVTCP:0.21311475409836064	TTLEAIAC:0.26229508196721313	CCQAPFKY:0.21311475409836064	YLCCQAPF:0.21311475409836064	LPVVTCPG:0.2459016393442623	QSLFKYLP:0.2786885245901639	SGLPTIDY:0.3114754098360656	TSGLPTID:0.32786885245901637	LRLAPIQC:0.26229508196721313	LSSELMEP:0.2459016393442623	FMRGRHSY:0.22950819672131148	
