cluster number:15
GT41:32	GT41:32|GT2:5|GT56:3
MPDDYICY:0.25	GLTTCEAL:0.5	FAGRHSAT:0.84375	EALLMGVP:0.4375	ALDPWPYS:0.875	LTTCEALL:0.4375	AGRHSATH:0.84375	CEALLMGV:0.4375	MGVPVVTL:0.625	FRQHPVGA:0.34375	GGLINTTG:0.6875	ALLMGVPV:0.4375	GMFSDGFR:0.21875	TFAGRHSA:0.8125	YSGGLTTC:0.9375	VGGLINTT:0.6875	PWPYSGGL:0.90625	SDGFRQHP:0.40625	PGPTFAGR:0.875	VTFGCFNN:0.21875	TFGCFNNP:0.59375	VPVVTLPG:0.625	GCFNNPTK:0.53125	VVTLPGPT:0.59375	GVPVVTLP:0.625	HPVGAMTT:0.25	FGCFNNPT:0.375	LMGVPVVT:0.53125	GLINTTGL:0.3125	LVKWVGGL:0.40625	GPTFAGRH:0.875	PVVTLPGP:0.625	LDPWPYSG:0.90625	TTCEALLM:0.4375	KWVGGLIN:0.71875	LPGPTFAG:0.75	WPYSGGLT:0.96875	PTFAGRHS:0.84375	PYSGGLTT:0.96875	VTLPGPTF:0.59375	WVGGLINT:0.71875	GRHSATHL:0.84375	DPWPYSGG:0.90625	MFSDGFRQ:0.21875	LLMGVPVV:0.375	GFRQHPVG:0.40625	RAIWQRYC:0.5	FSDGFRQH:0.21875	FNNPTKIN:0.34375	RMPDDYIC:0.25	GGLTTCEA:0.875	CFNNPTKI:0.34375	QHPVGAMT:0.25	SGGLTTCE:0.9375	VKWVGGLI:0.65625	RQHPVGAM:0.34375	TCEALLMG:0.4375	DGFRQHPV:0.40625	TLPGPTFA:0.6875	LIRLPDDY:0.5625	TEKLIRLP:0.5625	IWQRYCEG:0.28125	ALRAIWQR:0.3125	YITFGCFN:0.28125	LYTEKLIR:0.28125	ATHLVNAG:0.4375	RLPDDYIC:0.5625	SATHLVNA:0.4375	THLVNAGM:0.21875	KLIRLPDD:0.5625	GYITFGCF:0.28125	IDILIDLS:0.28125	HSATHLVN:0.4375	HLVNAGMP:0.25	VDIALDPW:0.5	IESPPGSD:0.21875	LVNAGMPE:0.25	AIWQRYCE:0.34375	LINTTGVE:0.28125	YTEKLIRL:0.5625	DILIDLSG:0.28125	IALDPWPY:0.71875	ITFGCFNN:0.4375	NQRLKLAF:0.25	VNAGMPEL:0.25	AGMPELVV:0.34375	NAGMPELV:0.40625	DIALDPWP:0.71875	RHSATHLV:0.46875	KLAFLLHT:0.21875	EKLIRLPD:0.5625	GLINTTGV:0.34375	GLTTCEAM:0.25	IRLPDDYI:0.59375	NRVDIALD:0.21875	DRIDILID:0.25	IDILIDLC:0.21875	ILIDLCGH:0.21875	RVDIALDP:0.25	RIDILIDL:0.21875	YNRVDIAL:0.21875	LPDDYICY:0.5	DILIDLCG:0.21875	WQRYCEGK:0.28125	PLLVKWVG:0.28125	APLLVKWV:0.28125	PAPLLVKW:0.28125	LLVKWVGG:0.28125	PAPLIVKW:0.21875	IVKWVGGL:0.21875	NAGLPELV:0.34375	LIVKWVGG:0.21875	PLIVKWVG:0.21875	APLIVKWV:0.21875	DGIDILID:0.25	GIDILIDL:0.25	VCDGPRFA:0.21875	AMRAIWQR:0.34375	LDNLNDSL:0.21875	GFSFYRLN:0.21875	MRAIWQRY:0.28125	THLVNAGL:0.25	AIDYLLTD:0.21875	YSNRLTSL:0.21875	ALQPAPLL:0.21875	FYTEKLIR:0.25	MALQPAPL:0.21875	SRLLLKGG:0.21875	DDYICYDP:0.21875	PDDYICYD:0.21875	LVNAGLPE:0.21875	LEYGSGGS:0.21875	NLYKDIGQ:0.21875	QPAPLLVK:0.25	DYICYDPP:0.21875	NRLTSLHY:0.21875	SNRLTSLH:0.21875	LTSLHYDP:0.21875	LQPAPLLV:0.21875	VNAGLPEL:0.21875	HLVNAGLP:0.21875	
