cluster number:45
GT41:13	GT41:13
DILVDLAG:0.23076923076923078	TIWRLPRC:0.46153846153846156	CTTTCEAL:0.46153846153846156	VDLAGHTA:0.38461538461538464	RIGYISPD:0.3076923076923077	YRQMWQIY:0.3076923076923077	YLGYFATT:0.6153846153846154	GYISPDFR:0.3076923076923077	TCEALWMG:0.46153846153846156	LWMGVPTL:0.23076923076923078	PTIDYWIT:0.46153846153846156	IWRLPRCY:0.46153846153846156	KYYRCALL:0.23076923076923078	MGVPTLTL:0.23076923076923078	STVGLSDL:0.3076923076923077	IGYISPDF:0.3076923076923077	IDILVDLA:0.23076923076923078	RSTVGLSD:0.3076923076923077	ILKAVPNS:0.3076923076923077	NLGLVYEQ:0.23076923076923078	RLRIGYIS:0.3076923076923077	TSETIWRL:0.46153846153846156	AYRQMWQI:0.3076923076923077	ATYLGYFA:0.3076923076923077	VPTLTLAG:0.23076923076923078	YFATTGLP:0.3076923076923077	LPTIDYWI:0.3076923076923077	GGCTTTCE:0.3076923076923077	LGYFATTG:0.6153846153846154	GVPTLTLA:0.23076923076923078	TYLGYFAT:0.46153846153846156	IDYWITDE:0.23076923076923078	LVDLAGHT:0.23076923076923078	EKYYRCAL:0.23076923076923078	EALWMGVP:0.6153846153846154	LKAVPNSR:0.3076923076923077	GCTTTCEA:0.46153846153846156	YNLGLVYE:0.23076923076923078	FATTGLPT:0.3076923076923077	ETIWRLPR:0.46153846153846156	GIKPAPIQ:0.23076923076923078	TIDYWITD:0.6153846153846154	LRIGYISP:0.3076923076923077	TTGLPTID:0.3076923076923077	QATYLGYF:0.3076923076923077	SETIWRLP:0.46153846153846156	CEALWMGV:0.46153846153846156	ILVDLAGH:0.23076923076923078	AEKYYRCA:0.3076923076923077	GLPTIDYW:0.3076923076923077	ALWMGVPT:0.3076923076923077	ISPDFRRH:0.3076923076923077	TTCEALWM:0.46153846153846156	TGLPTIDY:0.3076923076923077	YYRCALLL:0.23076923076923078	KAVPNSRL:0.3076923076923077	TTTCEALW:0.46153846153846156	GYFATTGL:0.46153846153846156	YISPDFRR:0.3076923076923077	ATTGLPTI:0.3076923076923077	WMGVPTLT:0.23076923076923078	LGIKPAPI:0.23076923076923078	WRSTVGLS:0.3076923076923077	KAYYRLGL:0.23076923076923078	VLGIKPAP:0.23076923076923078	SPDFRRHS:0.3076923076923077	KTSETIWR:0.3076923076923077	WRLPRCYV:0.3076923076923077	EKTSETIW:0.3076923076923077	DTEEKTSE:0.23076923076923078	EEKTSETI:0.23076923076923078	TEEKTSET:0.23076923076923078	DVGANVGV:0.3076923076923077	ALWMGVPV:0.46153846153846156	VIDVGANV:0.3076923076923077	GANVGVYT:0.3076923076923077	IDVGANVG:0.3076923076923077	WMGVPVLT:0.38461538461538464	MGVPVLTL:0.38461538461538464	VGANVGVY:0.3076923076923077	ANVGVYTF:0.3076923076923077	LWMGVPVL:0.38461538461538464	
