cluster number:3
AA2:34	AA2:34
PGAPKVQF:0.20588235294117646	AITPGDFI:0.9411764705882353	RPPPIAPA:0.2647058823529412	PGDFIQFA:0.8529411764705882	IVPQPVNT:0.4411764705882353	QFAGALSL:0.6764705882352942	PAPDFIVP:0.5294117647058824	GDFIQFAG:0.7352941176470589	PDFIVPQP:0.5294117647058824	DFIQFAGA:0.7352941176470589	APDFIVPQ:0.5294117647058824	DFIVPQPV:0.47058823529411764	PVNTTDEL:0.35294117647058826	QPVNTTDE:0.35294117647058826	VPQPVNTT:0.4411764705882353	PPPIAPAP:0.2647058823529412	IQFAGALS:0.6764705882352942	FSIGRPPP:0.4117647058823529	FIVPQPVN:0.5	LTLCPGAP:0.6470588235294118	FIQFAGAL:0.6764705882352942	ALSLTLCP:0.47058823529411764	VQFSIGRP:0.2647058823529412	IGRPPPIA:0.2647058823529412	APAPDFIV:0.20588235294117646	IAPAPDFI:0.20588235294117646	GRPPPIAP:0.2647058823529412	TLCPGAPK:0.3235294117647059	AGALSLTL:0.4411764705882353	LCPGAPKV:0.3235294117647059	QFSIGRPP:0.2647058823529412	PQPVNTTD:0.7352941176470589	PPIAPAPD:0.20588235294117646	TPGDFIQF:0.8529411764705882	VNTTDELL:0.35294117647058826	FAGALSLT:0.5294117647058824	ITPGDFIQ:0.9411764705882353	ALLTSHTV:0.20588235294117646	PIAPAPDF:0.20588235294117646	GALSLTLC:0.47058823529411764	SIGRPPPI:0.23529411764705882	CPGAPKVQ:0.20588235294117646	SLTLCPGA:0.6470588235294118	LSLTLCPG:0.47058823529411764	NAITPGDF:0.4117647058823529	LLTAFANV:0.23529411764705882	PVNTTDQL:0.38235294117647056	VNTTDQLL:0.38235294117647056	QPVNTTDQ:0.38235294117647056	IPQPVNTT:0.35294117647058826	LIALLSSH:0.23529411764705882	ELIALLSS:0.23529411764705882	GPAPDFIV:0.20588235294117646	EFIALLAS:0.20588235294117646	FIALLASH:0.20588235294117646	ALLASHSV:0.20588235294117646	DFIIPQPV:0.23529411764705882	PAPDFIIP:0.2647058823529412	IIPQPVNT:0.3235294117647059	PDFIIPQP:0.2647058823529412	APDFIIPQ:0.2647058823529412	TLCPGAPQ:0.23529411764705882	FIIPQPVN:0.3235294117647059	LCPGAPQV:0.23529411764705882	AAITPGDF:0.2647058823529412	
