cluster number:10
AA9:6	AA9:6
INHPGPTQ:0.5	QIALHMAS:0.3333333333333333	AHYTFPRL:0.3333333333333333	IRCYTSQT:0.3333333333333333	KNAQSKQG:0.5	FKISTTMP:0.3333333333333333	PGPTQYYL:0.5	RLVVNGQP:0.3333333333333333	ATRMTKNA:0.3333333333333333	GPTQYYLA:0.5	VWFKISTT:0.3333333333333333	RMTKNAQS:0.5	TFPRLVVN:0.5	ALPGAYKS:0.3333333333333333	LVVNGQPE:0.3333333333333333	STQQINHP:0.5	QQINHPGP:0.5	DGSGAVWF:0.5	VALPGAYK:0.3333333333333333	TKNAQSKQ:0.5	NHPGPTQY:0.6666666666666666	PRLVVNGQ:0.3333333333333333	RCYTSQTA:0.3333333333333333	HYISTQQI:0.3333333333333333	YISTQQIN:0.5	SGAVWFKI:0.5	MTKNAQSK:0.5	AVWFKIST:0.3333333333333333	PLVALPGA:0.3333333333333333	TRMTKNAQ:0.5	FPRLVVNG:0.5	QYYLAKVP:0.3333333333333333	NAQSKQGV:0.3333333333333333	PTQYYLAK:0.3333333333333333	GAVWFKIS:0.3333333333333333	DIRCYTSQ:0.3333333333333333	TQQINHPG:0.5	LVALPGAY:0.3333333333333333	IALHMASQ:0.5	HPGPTQYY:0.6666666666666666	TQYYLAKV:0.3333333333333333	HYTFPRLV:0.6666666666666666	QINHPGPT:0.5	WFKISTTM:0.3333333333333333	YTFPRLVV:0.5	ISTQQINH:0.5	GSGAVWFK:0.5	NTPSGEYL:0.3333333333333333	PSGEYLLR:0.6666666666666666	TPSGEYLL:0.5	VPAGATVH:0.3333333333333333	WDGSGAVW:0.3333333333333333	ALHMASQA:0.3333333333333333	YLLRVEHI:0.3333333333333333	LLRVEHIA:0.3333333333333333	SAKTWDGS:0.3333333333333333	EYLLRVEH:0.3333333333333333	TWDGSGAV:0.3333333333333333	GHYTFPRL:0.3333333333333333	KTWDGSGA:0.3333333333333333	PAGATVHY:0.3333333333333333	GEYLLRVE:0.6666666666666666	AKTWDGSG:0.3333333333333333	EYLLRVEQ:0.3333333333333333	SGEYLLRV:0.5	LRVEQIAL:0.3333333333333333	YLLRVEQI:0.3333333333333333	GGNGTPGP:0.3333333333333333	LLRVEQIA:0.3333333333333333	RVEQIALH:0.3333333333333333	
