cluster number:16
AA9:9	AA9:9|1.-.-.-:2
QFYLARVP:0.3333333333333333	GEGAVWFK:0.2222222222222222	HPGPMQFY:0.3333333333333333	VSFPGAYK:0.2222222222222222	MQFYLARV:0.3333333333333333	PMQFYLAR:0.3333333333333333	IYHEQPTF:0.2222222222222222	FYLARVPD:0.3333333333333333	ILININYP:0.3333333333333333	RRADNWQN:0.3333333333333333	IGLHVAQS:0.2222222222222222	NINYPVPT:0.2222222222222222	KIYHEQPT:0.2222222222222222	ARVPDGQD:0.4444444444444444	LARVPDGQ:0.3333333333333333	ININYPVP:0.2222222222222222	PGILININ:0.3333333333333333	YHPGPMQF:0.3333333333333333	RADNWQNN:0.3333333333333333	DPGILINI:0.3333333333333333	WFKIYHEQ:0.3333333333333333	TGEGAVWF:0.2222222222222222	TGGGSTEP:0.3333333333333333	YLARVPDG:0.3333333333333333	VWFKIYHE:0.2222222222222222	PGPMQFYL:0.3333333333333333	ADNWQNNG:0.3333333333333333	DNWQNNGF:0.3333333333333333	GAVWFKIY:0.2222222222222222	GPMQFYLA:0.3333333333333333	GILININY:0.3333333333333333	NYPVPTSY:0.2222222222222222	LININYPV:0.2222222222222222	YISCAQLS:0.2222222222222222	YHEQPTFG:0.2222222222222222	QFYISCAQ:0.7777777777777778	SWTGEGAV:0.2222222222222222	KVSFPGAY:0.3333333333333333	AVWFKIYH:0.2222222222222222	FKIYHEQP:0.3333333333333333	VRRADNWQ:0.3333333333333333	WTGEGAVW:0.2222222222222222	AQFYISCA:0.6666666666666666	NWQNNGFV:0.3333333333333333	FYISCAQL:0.6666666666666666	INYPVPTS:0.2222222222222222	YLLRAEHI:0.3333333333333333	FVGSVTSP:0.2222222222222222	NINWPIPT:0.2222222222222222	NWPIPTSY:0.2222222222222222	VTSPQIRC:0.3333333333333333	PSIYHPGP:0.2222222222222222	GFVGSVTS:0.2222222222222222	TSYQNPGP:0.3333333333333333	RVEHIGLH:0.2222222222222222	VAFPGAYS:0.3333333333333333	VEHIGLHS:0.2222222222222222	NKVAFPGA:0.2222222222222222	KVAFPGAY:0.2222222222222222	SVTSPQIR:0.2222222222222222	NGFVGSVT:0.2222222222222222	PTSYQNPG:0.3333333333333333	VGSVTSPQ:0.2222222222222222	GSVTSPQI:0.2222222222222222	INWPIPTS:0.2222222222222222	TATVAAGS:0.2222222222222222	YMARVPDG:0.2222222222222222	RVPDGQDV:0.3333333333333333	FYMARVPD:0.2222222222222222	YISCAQLK:0.2222222222222222	QNPGPAVF:0.2222222222222222	GAVWFKVY:0.2222222222222222	SYQNPGPA:0.2222222222222222	AVWFKVYE:0.2222222222222222	LRAEHIAL:0.2222222222222222	PVPTSYQN:0.2222222222222222	DWQHVRRA:0.2222222222222222	HYTLPRVG:0.2222222222222222	VPTSYQNP:0.2222222222222222	HVRRADNW:0.2222222222222222	RAEHIALH:0.2222222222222222	AHYTLPRV:0.2222222222222222	GGAQFYIS:0.4444444444444444	VTGGGSTE:0.2222222222222222	TDPGILIN:0.2222222222222222	YQNPGPAV:0.2222222222222222	QHVRRADN:0.2222222222222222	WQHVRRAD:0.2222222222222222	IRCFQATP:0.2222222222222222	FGAQLTWP:0.2222222222222222	GAQLTWPS:0.2222222222222222	WQNNGFVG:0.2222222222222222	QIRCFQAT:0.2222222222222222	GAQFYISC:0.5555555555555556	LLRAEHIA:0.2222222222222222	YPVPTSYQ:0.2222222222222222	GSTVGFAL:0.2222222222222222	VSIPGVYS:0.2222222222222222	STVGFALD:0.2222222222222222	EHIALHSA:0.3333333333333333	RIEHIALH:0.2222222222222222	IEHIALHS:0.2222222222222222	TVGFALDQ:0.2222222222222222	HIALHSAS:0.3333333333333333	AAGSTVGF:0.2222222222222222	AGSTVGFA:0.2222222222222222	IALHSASS:0.2222222222222222	VAAGSTVG:0.2222222222222222	SGYYLLRA:0.2222222222222222	SPQIRCFQ:0.2222222222222222	TSPQIRCF:0.2222222222222222	GYYLLRAE:0.2222222222222222	
