cluster number:19
AA9:14	AA9:14|CBM1:4|1.-.-.-:1
VWTPEWPE:0.21428571428571427	TPEWPESH:0.21428571428571427	WTPEWPES:0.21428571428571427	NYVLRHEI:0.5	KIDGAGYD:0.21428571428571427	NSWLVQIP:0.21428571428571427	HIGPVIDY:0.21428571428571427	EWPESHIG:0.21428571428571427	WPESHIGP:0.21428571428571427	NGNSWLVQ:0.21428571428571427	PESHIGPV:0.21428571428571427	GNSWLVQI:0.21428571428571427	GNYVLRHE:0.5	PEWPESHI:0.21428571428571427	SHIGPVID:0.21428571428571427	FKIDGAGY:0.21428571428571427	ESHIGPVI:0.21428571428571427	EIIALHGA:0.42857142857142855	GPVIDYLA:0.2857142857142857	GAQAYPQC:0.6428571428571429	YVLRHEII:0.5	VLRHEIIA:0.2857142857142857	QAYPQCIN:0.42857142857142855	DNGFVEPN:0.35714285714285715	GVAGTSLY:0.2857142857142857	PNGAQAYP:0.2857142857142857	NGAQAYPQ:0.6428571428571429	HEIIALHG:0.5	RHEIIALH:0.5714285714285714	DPGILFNP:0.35714285714285715	AQAYPQCI:0.42857142857142855	LRHEIIAL:0.2857142857142857	LGFISPDQ:0.21428571428571427	GFISPDQY:0.21428571428571427	LDLGFISP:0.21428571428571427	FYKATDPG:0.21428571428571427	FRHEIIAL:0.21428571428571427	YKATDPGI:0.2857142857142857	SFYKATDP:0.21428571428571427	TIPGPALW:0.2857142857142857	TSFYKATD:0.21428571428571427	DLGFISPD:0.21428571428571427	YTIPGPAL:0.2857142857142857	ATSFYKAT:0.21428571428571427	LVAAHGHV:0.21428571428571427	SGSNPGNW:0.21428571428571427	TDPGILFN:0.42857142857142855	PGILFNPY:0.2857142857142857	ATDPGILF:0.21428571428571427	GILFNPYV:0.21428571428571427	AYPQCINL:0.2857142857142857	GQCGGNGW:0.21428571428571427	QDNGFVEP:0.2857142857142857	AGNYVLRH:0.35714285714285715	LKAGNYVL:0.35714285714285715	DIICHKSA:0.35714285714285715	KAGNYVLR:0.35714285714285715	TWPESHHG:0.2857142857142857	WPESHHGP:0.2857142857142857	PESHHGPV:0.2857142857142857	WDTWPESH:0.2857142857142857	DTWPESHH:0.2857142857142857	PTDPGILF:0.21428571428571427	SHHGPVTE:0.21428571428571427	AHGHVAKV:0.21428571428571427	YPQCINLK:0.21428571428571427	LRHEIIGL:0.21428571428571427	EIIGLHSA:0.21428571428571427	AVGWAAGN:0.21428571428571427	VGWAAGNQ:0.21428571428571427	ESHHGPVT:0.21428571428571427	NAHGHVAK:0.21428571428571427	NLKVTGSG:0.21428571428571427	YTGGIPHG:0.21428571428571427	GPVTEYLA:0.21428571428571427	YLAPVSGD:0.21428571428571427	RHEIIGLH:0.21428571428571427	GIPHGAPS:0.21428571428571427	PVTEYLAP:0.21428571428571427	GGIPHGAP:0.21428571428571427	HGPVTEYL:0.21428571428571427	NLKAGNYV:0.21428571428571427	EYLAPVSG:0.21428571428571427	PGILFNLY:0.21428571428571427	TLKWDTWP:0.21428571428571427	WAAGNQDN:0.21428571428571427	SGDFASIN:0.21428571428571427	PVSGDFAS:0.21428571428571427	HHGPVTEY:0.21428571428571427	GDFASINK:0.21428571428571427	CINLKVTG:0.21428571428571427	TGGIPHGA:0.21428571428571427	KWDTWPES:0.21428571428571427	PQCINLKV:0.21428571428571427	QCINLKVT:0.21428571428571427	AGNQDNGF:0.21428571428571427	APVSGDFA:0.21428571428571427	GWAAGNQD:0.21428571428571427	INLKVTGS:0.21428571428571427	LAPVSGDF:0.21428571428571427	HEIIGLHS:0.21428571428571427	EYTGGIPH:0.21428571428571427	LKWDTWPE:0.21428571428571427	GNQDNGFV:0.21428571428571427	TEYLAPVS:0.21428571428571427	TADIICHK:0.2857142857142857	VLRHEIIG:0.21428571428571427	ADIICHKS:0.21428571428571427	VSGDFASI:0.21428571428571427	VTEYLAPV:0.21428571428571427	AAGNQDNG:0.21428571428571427	DPGILFNL:0.21428571428571427	AFGTADII:0.21428571428571427	GTADIICH:0.21428571428571427	FGTADIIC:0.21428571428571427	
