cluster number:15
AA9:14	AA9:14|CBM1:7|1.-.-.-:2
QYLMRVEL:0.21428571428571427	PIQVYLAK:0.35714285714285715	GQLKGVRA:0.21428571428571427	SFPGAYSA:0.21428571428571427	GPIQVYLA:0.35714285714285715	SHKGPIQV:0.35714285714285715	KGPIQVYL:0.35714285714285715	IQVYLAKV:0.35714285714285715	ASHKGPIQ:0.2857142857142857	NPIAASHK:0.2857142857142857	PLYGQCGG:0.21428571428571427	QVYLAKVD:0.2857142857142857	LKWFKVAE:0.21428571428571427	ELLALHSA:0.5	APGQYLMR:0.2857142857142857	MRVELLAL:0.35714285714285715	VDNAATAS:0.35714285714285715	YLAKVDNA:0.7142857142857143	HKGPIQVY:0.35714285714285715	FQRVSVNG:0.21428571428571427	PIAASHKG:0.5714285714285714	DQGQLKGV:0.21428571428571427	LAKVDNAA:0.7142857142857143	KVDNAATA:0.35714285714285715	VYLAKVDN:0.42857142857142855	DNAATASP:0.21428571428571427	QLKGVRAP:0.21428571428571427	RVELLALH:0.42857142857142855	GQYLMRVE:0.21428571428571427	AKVDNAAT:0.5714285714285714	DNPIAASH:0.2857142857142857	LLALHSAS:0.21428571428571427	AASHKGPI:0.42857142857142855	QGQLKGVR:0.21428571428571427	GLKWFKVA:0.2857142857142857	SGLKWFKV:0.21428571428571427	IAASHKGP:0.5714285714285714	LMRVELLA:0.35714285714285715	VSFPGAYS:0.2857142857142857	IFQRVSVN:0.21428571428571427	VELLALHS:0.42857142857142855	YLMRVELL:0.35714285714285715	TVSFPGAY:0.42857142857142855	GDPDNPIA:0.21428571428571427	HVIGGAQF:0.2857142857142857	TGQPDNGG:0.21428571428571427	AYLAKVDN:0.21428571428571427	GQPDNGGK:0.21428571428571427	GHVIGGAQ:0.21428571428571427	PGPAPISC:0.21428571428571427	CIAPGQYL:0.21428571428571427	HPIAASHK:0.2857142857142857	VIGGAQFP:0.21428571428571427	DHPIAASH:0.2857142857142857	IFQKVSVN:0.35714285714285715	KVDNAASA:0.21428571428571427	AQINVSGS:0.21428571428571427	AKVDNAAS:0.21428571428571427	NDPDHPIA:0.21428571428571427	CAQINVSG:0.35714285714285715	FQKVSVNG:0.35714285714285715	QINVSGSG:0.21428571428571427	SCAQINVS:0.35714285714285715	PNDPDHPI:0.21428571428571427	KVDNAATT:0.21428571428571427	TVPAGAKV:0.21428571428571427	VPAGAKVG:0.21428571428571427	YQSCAQIN:0.21428571428571427	QFYQSCAQ:0.2857142857142857	QSCAQINV:0.21428571428571427	AQFYQSCA:0.2857142857142857	FYQSCAQI:0.21428571428571427	VKAGDRIG:0.21428571428571427	
