cluster number:22
AA9:14	AA9:14|CBM1:12|1.-.-.-:3
AGSTVTVE:0.21428571428571427	AKYQQCGG:0.21428571428571427	TCSAVSPP:0.21428571428571427	RAEVIALH:0.21428571428571427	VKAGSTVT:0.21428571428571427	SGSTCSAV:0.21428571428571427	SPVTDVTS:0.21428571428571427	APGPAVYS:0.21428571428571427	CASGSTCS:0.21428571428571427	SNSPVTDV:0.21428571428571427	ADGSSGWF:0.2857142857142857	ESTCKVGS:0.21428571428571427	SEAIGGAH:0.21428571428571427	DGSSGWFK:0.2857142857142857	STVTVEMH:0.21428571428571427	AVSPPYYS:0.42857142857142855	VSPPYYSQ:0.42857142857142855	SAVSPPYY:0.21428571428571427	STCSAVSP:0.21428571428571427	YVAPGPAV:0.21428571428571427	GGAHYGPV:0.35714285714285715	CPVKAGST:0.21428571428571427	PVKAGSTV:0.21428571428571427	NSPVTDVT:0.21428571428571427	SPPYYSQC:0.42857142857142855	LNSCCGKM:0.21428571428571427	TVTVEMHQ:0.42857142857142855	PVTDVTSN:0.21428571428571427	GCESTCKV:0.21428571428571427	AAAHATFQ:0.21428571428571427	KDLNSCCG:0.21428571428571427	PGPAVYSG:0.35714285714285715	GDYLLRAE:0.7857142857142857	GSTCSAVS:0.21428571428571427	GPAVYSGG:0.35714285714285715	ASGSTCSA:0.21428571428571427	AIGGAHYG:0.35714285714285715	CSAVSPPY:0.21428571428571427	CESTCKVG:0.21428571428571427	DLNSCCGK:0.21428571428571427	GSTVTVEM:0.21428571428571427	KCPVKAGS:0.21428571428571427	IGGAHYGP:0.35714285714285715	EAIGGAHY:0.35714285714285715	TVSFPGAY:0.21428571428571427	PSGDYLLR:0.42857142857142855	CYQITVSG:0.2857142857142857	LNACCGKM:0.21428571428571427	GGTVTVEM:0.2857142857142857	GQGYTGCT:0.21428571428571427	FQQLWVDG:0.21428571428571427	GKMNVKIP:0.2857142857142857	DIPSGDYL:0.21428571428571427	AGGTVTVE:0.2857142857142857	SGDYLLRA:0.5	QITVSGGG:0.2857142857142857	GGQGYTGC:0.21428571428571427	YTGCTTCA:0.21428571428571427	CGKMNVKI:0.2857142857142857	QCGGQGYT:0.21428571428571427	YQITVSGG:0.2857142857142857	DYLLRAEA:0.5714285714285714	ITVSGGGS:0.21428571428571427	GTVTVEMH:0.2857142857142857	IPSGDYLL:0.2857142857142857	CCGKMNVK:0.2857142857142857	GYTGCTTC:0.21428571428571427	DLNACCGK:0.21428571428571427	TVSGGGSA:0.21428571428571427	CGGQGYTG:0.21428571428571427	NEAIGGAH:0.21428571428571427	HYGPVMVY:0.21428571428571427	DDDYWGTK:0.2857142857142857	SGDDDYWG:0.21428571428571427	LLRAEALA:0.42857142857142855	TCKVGSSP:0.2857142857142857	STCKVGSS:0.21428571428571427	RAEALALH:0.42857142857142855	LRAEALAL:0.42857142857142855	SNSPVTNV:0.35714285714285715	VTVEMHQQ:0.42857142857142855	PLSNSPVT:0.21428571428571427	DDYWGTKD:0.2857142857142857	DYWGTKDL:0.21428571428571427	GDDDYWGT:0.2857142857142857	YLLRAEAL:0.42857142857142855	YWGTKDLN:0.21428571428571427	VGDDDNWG:0.21428571428571427	GGAQFYMS:0.21428571428571427	GKCPVKAG:0.21428571428571427	GGAHWGPV:0.2857142857142857	QFYMSCYQ:0.21428571428571427	PPYYSQCA:0.21428571428571427	TVEMHQQP:0.21428571428571427	KAVSPPYY:0.21428571428571427	AEALALHT:0.2857142857142857	AQFYMSCY:0.21428571428571427	EMHQQPGD:0.2857142857142857	HQQPGDRS:0.2857142857142857	VEMHQQPG:0.21428571428571427	CKAVSPPY:0.21428571428571427	ALALHTAG:0.21428571428571427	DASTADGS:0.21428571428571427	NSPVTNVG:0.21428571428571427	EALALHTA:0.2857142857142857	GAQFYMSC:0.2857142857142857	IGGAHWGP:0.2857142857142857	QQPGDRSC:0.2857142857142857	MHQQPGDR:0.2857142857142857	LNDYYSQC:0.21428571428571427	CYQLTVTG:0.21428571428571427	QLTVTGSG:0.21428571428571427	YQLTVTGS:0.21428571428571427	
