cluster number:23
AA9:21	AA9:21|1.-.-.-:1
YLANCNGD:0.3333333333333333	DGAQNYPQ:0.6666666666666666	TDPGILVN:0.23809523809523808	VITYLANC:0.2857142857142857	GPVITYLA:0.38095238095238093	QNYPQCIN:0.47619047619047616	GAQNYPQC:0.8571428571428571	ITYLANCN:0.2857142857142857	NYPQCINL:0.42857142857142855	LANCNGDC:0.3333333333333333	RHEIIALH:0.8571428571428571	AQNYPQCI:0.47619047619047616	LEFFKIDE:0.3333333333333333	DPGILVNI:0.23809523809523808	TYLANCNG:0.3333333333333333	PGILVNIY:0.23809523809523808	PVITYLAN:0.2857142857142857	TWASDNLI:0.23809523809523808	IIALHSAG:0.5238095238095238	NNSWTVTI:0.2857142857142857	NSWTVTIP:0.2857142857142857	DLGFVDGS:0.23809523809523808	ANCNGDCA:0.23809523809523808	HEIIALHS:0.6666666666666666	TDLGFVDG:0.42857142857142855	EIIALHSA:0.6666666666666666	GTLGTALY:0.2857142857142857	VAGHGYVS:0.23809523809523808	LVAGHGYV:0.23809523809523808	IALHSAGN:0.23809523809523808	ATDLGFVD:0.42857142857142855	GNYVLRHE:0.38095238095238093	YVLRHEII:0.47619047619047616	VLRHEIIA:0.42857142857142855	NYVLRHEI:0.38095238095238093	WPESHHGP:0.3333333333333333	PESHHGPV:0.2857142857142857	ESHHGPVI:0.23809523809523808	LRHEIIAL:0.47619047619047616	AWSTTATD:0.23809523809523808	GTVELQWT:0.23809523809523808	WPDSHHGP:0.23809523809523808	DSHHGPVI:0.23809523809523808	ASLVAGHG:0.23809523809523808	IAWSTTAT:0.23809523809523808	LASASLVA:0.23809523809523808	GGTVELQW:0.23809523809523808	PDSHHGPV:0.23809523809523808	ASASLVAG:0.23809523809523808	SASLVAGH:0.23809523809523808	TATDLGFV:0.23809523809523808	QDGAQNYP:0.23809523809523808	YVVRHEII:0.23809523809523808	SHHGPVIT:0.2857142857142857	VRHEIIAL:0.23809523809523808	NYVVRHEI:0.23809523809523808	VVRHEIIA:0.23809523809523808	HHGPVITY:0.42857142857142855	GNYVVRHE:0.23809523809523808	HGPVITYL:0.23809523809523808	
