cluster number:21
AA9:6	AA9:6|CBM1:2
GNVWVKIE:0.3333333333333333	LRHEILGL:0.6666666666666666	NVWVKIEQ:0.3333333333333333	PGGPVWSE:0.3333333333333333	PPWASDLL:0.3333333333333333	ILGLHVAG:0.3333333333333333	EYLLRHEI:0.5	YTAPGGPV:0.3333333333333333	LLRHEILG:0.6666666666666666	EILGLHVA:0.6666666666666666	WASDLLRE:0.3333333333333333	LGLHVAGT:0.3333333333333333	PWASDLLR:0.3333333333333333	VWVKIEQL:0.3333333333333333	HEILGLHV:0.6666666666666666	TAPGGPVW:0.3333333333333333	RHEILGLH:0.6666666666666666	GEYLLRHE:0.5	APGGPVWS:0.5	PGEYLLRH:0.3333333333333333	GIALPGAY:0.3333333333333333	YLLRHEIL:0.6666666666666666	GDTGNVWV:0.5	KGDTGNVW:0.5	DTGNVWVK:0.5	GAQFYPSC:0.3333333333333333	TGNVWVKI:0.5	FKGDTGNV:0.5	GAQFYPNC:0.5	RKLNTYGP:0.3333333333333333	TYPAADAY:0.3333333333333333	QFYPNCVQ:0.3333333333333333	KLNTYGPA:0.3333333333333333	AQFYPNCV:0.3333333333333333	GPVMTYIA:0.3333333333333333	FYPNCVQI:0.3333333333333333	NFKGDTGN:0.3333333333333333	NGAQFYPN:0.3333333333333333	LNDYYSQC:0.3333333333333333	
