cluster number:0
AA9:52	AA9:52|CBM1:11|1.-.-.-:3
RHEIIALH:0.7884615384615384	DGAQNYPQ:0.21153846153846154	GAQNYPQC:0.7115384615384616	HEIIALHS:0.46153846153846156	YVLRHEII:0.6346153846153846	VLRHEIIA:0.6346153846153846	NYVLRHEI:0.4807692307692308	LRHEIIAL:0.6346153846153846	LEFFKIDG:0.25	IIALHSAG:0.3269230769230769	IALHSAGQ:0.2692307692307692	GNYVLRHE:0.4807692307692308	FFKIDGVG:0.2692307692307692	PGNYVLRH:0.34615384615384615	NGAQNYPQ:0.40384615384615385	QNYPQCFN:0.5769230769230769	APGNYVLR:0.3076923076923077	AQNYPQCF:0.5769230769230769	EIIALHSA:0.4230769230769231	FKIDGVGL:0.25	GPVIDYLA:0.3269230769230769	NYPQCFNL:0.34615384615384615	
