cluster number:28
GT87:67	GT87:67
PVSWSHHW:0.5671641791044776	SWSHHWVW:0.8059701492537313	LAAAVKLT:0.31343283582089554	VSPVSWSH:0.5223880597014925	IGLAAAVK:0.208955223880597	SPVSWSHH:0.5671641791044776	AAVKLTPA:0.34328358208955223	GLAAAVKL:0.29850746268656714	LLVSPVSW:0.43283582089552236	LVSPVSWS:0.417910447761194	GLLVSPVS:0.208955223880597	VSWSHHWV:0.5671641791044776	AAAVKLTP:0.34328358208955223	TLATAGNL:0.22388059701492538	TTLRYGQI:0.5223880597014925	DLMVYRAE:0.3582089552238806	TANQSLRG:0.26865671641791045	PVWTTLRY:0.5671641791044776	YPPFAALL:0.5671641791044776	DLYALRAT:0.208955223880597	ALLVSPVS:0.208955223880597	EPVWTTLR:0.5671641791044776	WTTLRYGQ:0.5671641791044776	LRYGQINL:0.5373134328358209	RTLATAGN:0.22388059701492538	RYGQINLL:0.582089552238806	PPFAALLF:0.5522388059701493	TYPPFAAL:0.6119402985074627	AALLFTPL:0.417910447761194	PFAALLFT:0.44776119402985076	VWTTLRYG:0.5671641791044776	LMVYRAEG:0.3582089552238806	TLRYGQIN:0.5373134328358209	TALLVSPV:0.208955223880597	FAALLFTP:0.417910447761194	VRAGGDLY:0.22388059701492538	RAGGDLYA:0.23880597014925373	AVWCEPVW:0.26865671641791045	YGQINLLL:0.26865671641791045	HHWVWCVP:0.40298507462686567	GQINLLLA:0.23880597014925373	VWCEPVWT:0.5074626865671642	ALLFTPLT:0.2835820895522388	CEPVWTTL:0.44776119402985076	SPISWSHH:0.23880597014925373	WSHHWVWC:0.29850746268656714	VLWDLTRR:0.373134328358209	LTPALFAV:0.23880597014925373	WCEPVWTT:0.5074626865671642	MIDLMVYR:0.23880597014925373	ISWSHHWV:0.23880597014925373	IDLMVYRA:0.23880597014925373	SHHWVWCV:0.29850746268656714	KLTPALFA:0.23880597014925373	PISWSHHW:0.23880597014925373	PNTYPPFA:0.2537313432835821	LVLWDLTR:0.3283582089552239	AVLVLWDL:0.22388059701492538	LPNTYPPF:0.2537313432835821	NLLLAVLV:0.208955223880597	LLLAVLVL:0.208955223880597	NTYPPFAA:0.2537313432835821	GVLARLLH:0.22388059701492538	LLAVLVLW:0.208955223880597	SFALWWVP:0.22388059701492538	LAVLVLWD:0.208955223880597	FALWWVPH:0.22388059701492538	VLARLLHT:0.22388059701492538	LTPGLFVV:0.208955223880597	KLTPGLFV:0.208955223880597	
