cluster number:12
GT87:18	GT87:18
LPFTYPPF:0.5555555555555556	PFTYPPFA:0.7777777777777778	FTYPPFAA:0.7777777777777778	DNISIQGW:0.2222222222222222	ISWSHHNV:0.3333333333333333	YRLGAMTI:0.2222222222222222	SPISWSHH:0.6111111111111112	GIKLTPLA:0.5555555555555556	GAMTIFDN:0.3333333333333333	TPLAFGLI:0.2222222222222222	LGAMTIFD:0.2222222222222222	YPPFAALL:0.2777777777777778	MTIFDNEG:0.2777777777777778	PISWSHHN:0.5555555555555556	LTPLAFGL:0.4444444444444444	GASFAATV:0.2222222222222222	NISIQGWL:0.2222222222222222	PPFAALLF:0.2777777777777778	IKLTPLAF:0.3888888888888889	TLGASFAA:0.2222222222222222	TYPPFAAL:0.5	RLGAMTIF:0.2222222222222222	AMTIFDNE:0.2777777777777778	KLTPLAFG:0.4444444444444444	ISPISWSH:0.3888888888888889	LGASFAAT:0.2222222222222222	WKGIATLG:0.3333333333333333	LVFGLILL:0.2222222222222222	LVRRDWKG:0.2222222222222222	PATRVPRG:0.4444444444444444	GVLIGIAG:0.2222222222222222	RPATRVPR:0.4444444444444444	TRVPRGVL:0.4444444444444444	LSPISWSH:0.2222222222222222	LLVRRDWK:0.2222222222222222	DWKGIATL:0.3333333333333333	PLVFGLIL:0.2222222222222222	RGVLIGIA:0.2222222222222222	PRGVLIGI:0.2222222222222222	FGLILLVR:0.2222222222222222	RVPRGVLI:0.2777777777777778	VFGLILLV:0.2222222222222222	HHNVLLPL:0.2222222222222222	HNVLLPLL:0.2222222222222222	VRRDWKGI:0.2222222222222222	GLILLVRR:0.2222222222222222	TPLVFGLI:0.2222222222222222	LILLVRRD:0.2222222222222222	LTPLVFGL:0.2222222222222222	KLTPLVFG:0.2222222222222222	SWSHHNVL:0.2222222222222222	KGIATLGA:0.3333333333333333	ATRVPRGV:0.4444444444444444	VPRGVLIG:0.2777777777777778	TIFDNEGF:0.2222222222222222	SHHNVLLP:0.2222222222222222	VLIGIAGG:0.2222222222222222	ILLVRRDW:0.2222222222222222	WSHHNVLL:0.2222222222222222	RGLPFTYP:0.2777777777777778	TRGLPFTY:0.2777777777777778	GLPFTYPP:0.3333333333333333	LQISPISW:0.2222222222222222	QISPISWS:0.2222222222222222	PWRLTTHF:0.2222222222222222	LVGMYISP:0.2222222222222222	THFGQINA:0.2222222222222222	RLTTHFGQ:0.2222222222222222	ALVGMYIS:0.2222222222222222	WRLTTHFG:0.2222222222222222	TTHFGQIN:0.2222222222222222	MLQISPIS:0.2222222222222222	ISWSHHNT:0.2222222222222222	SHHNTWYP:0.2222222222222222	VGMYISPF:0.2222222222222222	SWSHHNTW:0.2222222222222222	WSHHNTWY:0.2222222222222222	GMYISPFW:0.2222222222222222	LTTHFGQI:0.2222222222222222	GPWRLTTH:0.2222222222222222	IAAGIKLT:0.3888888888888889	GIAAGIKL:0.3888888888888889	AGIKLTPL:0.3888888888888889	AAGIKLTP:0.3888888888888889	
