cluster number:30
GT87:22	GT87:22
LPFTYPPF:0.7727272727272727	PFTYPPFA:0.7727272727272727	FTYPPFAA:0.8636363636363636	AAGIKLTP:0.5	PDTGRIGG:0.22727272727272727	PVSWSHHW:0.6363636363636364	LISPVSWS:0.4090909090909091	RDTFVFGQ:0.22727272727272727	LGPWRDTF:0.2727272727272727	AEWGKDPQ:0.22727272727272727	SWSHHWVW:0.6818181818181818	PLAFGLYF:0.2727272727272727	AILLLGPW:0.22727272727272727	AMHRVPSR:0.22727272727272727	LLISPVSW:0.5	TFVFGQIN:0.22727272727272727	AAEWGKDP:0.22727272727272727	FAMHRVPS:0.22727272727272727	GQINIILM:0.2727272727272727	VALPSMAF:0.22727272727272727	PSMAFAMH:0.22727272727272727	LLLGPWRD:0.22727272727272727	LPDTGRIG:0.22727272727272727	RDGLPFTY:0.22727272727272727	GPWRDTFV:0.22727272727272727	WPAGLLIG:0.2727272727272727	AVALPSMA:0.22727272727272727	WSHHWVWV:0.3181818181818182	FLVRRDFK:0.2727272727272727	AGAAEWGK:0.22727272727272727	YVDNLSLK:0.22727272727272727	YPPFAALL:0.45454545454545453	EWGKDPQT:0.22727272727272727	DPQTQWQL:0.22727272727272727	IRWPAGLL:0.2727272727272727	ALPSMAFA:0.22727272727272727	SPVSWSHH:0.6363636363636364	LTPLAFGL:0.3181818181818182	HWVWVAVA:0.22727272727272727	LLGPWRDT:0.2727272727272727	RWPAGLLI:0.2727272727272727	FGLYFLVR:0.2727272727272727	GKDPQTQW:0.22727272727272727	MLLISPVS:0.45454545454545453	GAAEWGKD:0.22727272727272727	LVRRDFKA:0.2727272727272727	QINIILMG:0.22727272727272727	GLYFLVRR:0.2727272727272727	FVFGQINI:0.22727272727272727	GLPFTYPP:0.45454545454545453	LMLLISPV:0.2727272727272727	VDNLSLKG:0.22727272727272727	AFAMHRVP:0.22727272727272727	WMAAGFFG:0.22727272727272727	AAGFFGSI:0.22727272727272727	PPFAALLF:0.45454545454545453	LPSMAFAM:0.22727272727272727	ILPDTGRI:0.22727272727272727	DGLPFTYP:0.22727272727272727	LYFLVRRD:0.2727272727272727	TYPPFAAL:0.6363636363636364	KDPQTQWQ:0.22727272727272727	PWRDTFVF:0.22727272727272727	KLTPLAFG:0.3181818181818182	SMAFAMHR:0.22727272727272727	ILLLGPWR:0.22727272727272727	WGKDPQTQ:0.22727272727272727	ISPVSWSH:0.4090909090909091	DTGRIGGP:0.22727272727272727	TPLAFGLY:0.2727272727272727	AFGLYFLV:0.2727272727272727	MAFAMHRV:0.22727272727272727	LAFGLYFL:0.2727272727272727	VRRDFKAL:0.2727272727272727	SHHWVWVA:0.3181818181818182	VSWSHHWV:0.6363636363636364	YFLVRRDF:0.2727272727272727	MAAGFFGS:0.22727272727272727	FGQINIIL:0.22727272727272727	DTFVFGQI:0.22727272727272727	WRDTFVFG:0.22727272727272727	AGIKLTPL:0.4090909090909091	AWLARHYF:0.22727272727272727	IKLTPLVF:0.2727272727272727	GIKLTPLV:0.22727272727272727	KLTPLVFG:0.22727272727272727	GYVDNLSL:0.22727272727272727	
