cluster number:9
GT87:39	GT87:39
VYRAEGAA:0.3333333333333333	GLWLEPVF:0.358974358974359	TRRLYETG:0.20512820512820512	QINLALAC:0.358974358974359	DNQSLQGL:0.48717948717948717	SWSHHWVW:0.5897435897435898	LYGFTVTE:0.3333333333333333	VWCVPLLA:0.3076923076923077	LVLWDLTR:0.4358974358974359	VLWDLTRP:0.38461538461538464	WSHHWVWC:0.5384615384615384	WLEPVFQT:0.5897435897435898	LALACLVL:0.38461538461538464	LWLEPVFQ:0.46153846153846156	YRAEGAAV:0.3076923076923077	CLVLWDLT:0.38461538461538464	GQINLALA:0.358974358974359	HWVWCVPL:0.6410256410256411	PATYPPFA:0.7435897435897436	RRLYETGR:0.20512820512820512	INLALACL:0.358974358974359	LGLWLEPV:0.28205128205128205	IVDNQSLQ:0.48717948717948717	AGIKLTPA:0.3333333333333333	RLYETGRV:0.20512820512820512	GDLYGFTV:0.2564102564102564	LYETGRVG:0.20512820512820512	TALGLWLE:0.2564102564102564	PWWQQPLA:0.2564102564102564	TYPPFAAI:0.2564102564102564	FAAILFVP:0.28205128205128205	LFGQINLA:0.2564102564102564	PFAAILFV:0.28205128205128205	LPATYPPF:0.7435897435897436	ACLVLWDL:0.38461538461538464	NLALACLV:0.38461538461538464	PPFAAILF:0.358974358974359	RAEGAAVA:0.23076923076923078	WIVDNQSL:0.5897435897435898	YGFTVTEW:0.3333333333333333	ATYPPFAA:0.7948717948717948	GTVLLGAL:0.20512820512820512	ALACLVLW:0.38461538461538464	LFVPTTWL:0.20512820512820512	VDNQSLQG:0.48717948717948717	ALGLWLEP:0.28205128205128205	VLLGALVL:0.28205128205128205	LPWWQQPL:0.20512820512820512	AAGIKLTP:0.5641025641025641	FGQINLAL:0.3076923076923077	AWIVDNQS:0.3333333333333333	LLGALVLP:0.3333333333333333	DLYGFTVT:0.48717948717948717	WVWCVPLL:0.6153846153846154	SHHWVWCV:0.46153846153846156	YPPFAAIL:0.3333333333333333	HHWVWCVP:0.6666666666666666	GGDLYGFT:0.2564102564102564	LACLVLWD:0.38461538461538464	AVYLLITG:0.23076923076923078	WTHHWVWC:0.23076923076923078	VYLLITGR:0.28205128205128205	PISWTHHW:0.2564102564102564	FAVYLLIT:0.23076923076923078	IAAGIKLT:0.28205128205128205	GIAAGIKL:0.28205128205128205	SWTHHWVW:0.23076923076923078	ISWTHHWV:0.23076923076923078	VDNQSLRG:0.20512820512820512	LLITGRVR:0.2564102564102564	YLLITGRV:0.28205128205128205	THHWVWCV:0.20512820512820512	TYPPFAAL:0.3076923076923077	GIKLTPAI:0.20512820512820512	IKLTPAIF:0.20512820512820512	PFAALLFI:0.23076923076923078	ALLVSPIS:0.4358974358974359	RPDGARFK:0.20512820512820512	SPISWSHH:0.48717948717948717	LLFIPTTW:0.20512820512820512	LLALLIHL:0.20512820512820512	FWTRRMFE:0.23076923076923078	CLVLWDLS:0.28205128205128205	LSRPDGAR:0.2564102564102564	AATGGDLY:0.23076923076923078	SRPDGARF:0.20512820512820512	WTRRMFET:0.23076923076923078	DLSRPDGA:0.2564102564102564	LVSPISWS:0.48717948717948717	LWDLSRPD:0.2564102564102564	VTALLVSP:0.23076923076923078	YPPFAALL:0.28205128205128205	NAALLALL:0.2564102564102564	TAVTALLV:0.20512820512820512	LLVSPISW:0.5641025641025641	NQSLQGLI:0.2564102564102564	RVGKVWIV:0.20512820512820512	VFGQVNLA:0.20512820512820512	ATGGDLYG:0.23076923076923078	ALLALLIH:0.20512820512820512	FAALLFIP:0.23076923076923078	VWIVDNQS:0.20512820512820512	PPFAALLF:0.2564102564102564	AALLFIPT:0.23076923076923078	AALLALLI:0.20512820512820512	TGGDLYGF:0.23076923076923078	ISWSHHWV:0.5128205128205128	WDLSRPDG:0.2564102564102564	LALLIHLS:0.20512820512820512	AVTALLVS:0.23076923076923078	AAATGGDL:0.23076923076923078	LVLWDLSR:0.28205128205128205	ALLFIPTT:0.20512820512820512	PDGARFKG:0.20512820512820512	VLWDLSRP:0.2564102564102564	VSPISWSH:0.48717948717948717	VGKVWIVD:0.20512820512820512	FGQVNLAL:0.2564102564102564	PISWSHHW:0.5128205128205128	TALLVSPI:0.41025641025641024	VFQTLLFG:0.20512820512820512	FQTLLFGQ:0.20512820512820512	VWCVPLLV:0.20512820512820512	LEPVFQTL:0.28205128205128205	PVFQTLLF:0.20512820512820512	EPVFQTLL:0.20512820512820512	LGLALLAA:0.20512820512820512	
