cluster number:21
GT87:54	GT87:54
PVSWSHHW:0.7222222222222222	FGQINLVL:0.24074074074074073	VSPVSWSH:0.3148148148148148	WPRGMLIG:0.24074074074074073	SPVSWSHH:0.7962962962962963	TYPPLAAL:0.2037037037037037	GLPFTYPP:0.3148148148148148	PFTYPPLA:0.46296296296296297	LLVSPVSW:0.2777777777777778	FTYPPLAA:0.46296296296296297	DTGRIGPP:0.2037037037037037	GQINLVLM:0.25925925925925924	LVSPVSWS:0.3148148148148148	LPFTYPPL:0.5185185185185185	QINLVLMA:0.25925925925925924	SWSHHWVW:0.6481481481481481	VSWSHHWV:0.6481481481481481	WSHHWVWV:0.2037037037037037	IKLTPAVF:0.4444444444444444	LLASPVSW:0.2962962962962963	LASPVSWS:0.2222222222222222	ASPVSWSH:0.24074074074074073	AIKLTPAV:0.42592592592592593	LAAAIKLT:0.2962962962962963	AAAIKLTP:0.4074074074074074	PFTYPPFA:0.2037037037037037	GLAAAIKL:0.2962962962962963	FTYPPFAA:0.2037037037037037	AAIKLTPA:0.3888888888888889	IGLAAAIK:0.2037037037037037	
