cluster number:27
GT87:6	GT87:6
FAVALVGL:0.3333333333333333	IGLAAAIK:0.5	YPPIAAVL:0.3333333333333333	GDTRTASP:0.3333333333333333	GLSGGDTR:0.5	VFAFLAGR:0.3333333333333333	NLYFIYPP:0.3333333333333333	ADLLPDRP:0.3333333333333333	TIDLQVYV:0.5	LAAAIKLT:0.5	AAAIKLTP:0.5	WPWQPSTI:0.3333333333333333	GNQSLLGV:0.5	PPIAAVLM:0.3333333333333333	LMALVVAD:0.6666666666666666	LASPLSWT:0.8333333333333334	AVEPIRTT:0.6666666666666666	VVADLLPD:0.5	LFVVFAFL:0.3333333333333333	YFIYPPIA:0.3333333333333333	YVWILPMA:0.3333333333333333	MALVVADL:0.6666666666666666	LVGLCTCL:0.3333333333333333	ALLGTLVA:0.3333333333333333	WILPMAVA:0.3333333333333333	VALLGTLV:0.3333333333333333	GLCTCLAS:0.3333333333333333	GLAAAIKL:0.5	FGLSGGDT:0.3333333333333333	GGDTRTAS:0.3333333333333333	SWTHHYVW:0.6666666666666666	RGWALGLL:0.3333333333333333	FIYPPIAA:0.5	DLQVYVYA:0.5	PIRTTLGY:0.6666666666666666	HHYVWILP:0.5	LSWTHHYV:0.5	TRTASPLY:0.3333333333333333	VWILPMAV:0.3333333333333333	LVANLGPV:0.3333333333333333	LQVYVYAV:0.5	IDLQVYVY:0.5	LYFIYPPI:0.5	AVRDMLAG:0.3333333333333333	THHYVWIL:0.5	VEPIRTTL:0.6666666666666666	TLGYGQVN:0.6666666666666666	LCTCLASP:0.3333333333333333	VLAVEPIR:0.5	VVLAVEPI:0.3333333333333333	FAFLAGRR:0.3333333333333333	HYVWILPM:0.5	ASPLSWTH:0.8333333333333334	WTHHYVWI:0.5	RTTLGYGQ:0.6666666666666666	TCLASPLS:0.5	AFLAGRRR:0.3333333333333333	LSGGDTRT:0.3333333333333333	DTRTASPL:0.3333333333333333	SPLSWTHH:0.8333333333333334	PWQPSTID:0.3333333333333333	WNLYFIYP:0.3333333333333333	AVALVGLC:0.3333333333333333	WQPSTIDL:0.3333333333333333	STIDLQVY:0.3333333333333333	CTCLASPL:0.3333333333333333	IYPPIAAV:0.3333333333333333	VGLCTCLA:0.3333333333333333	TTLGYGQV:0.6666666666666666	PSTIDLQV:0.3333333333333333	LGYGQVNT:0.6666666666666666	EPIRTTLG:0.6666666666666666	CLASPLSW:0.5	AWPWQPST:0.3333333333333333	LVVADLLP:0.6666666666666666	ALVVADLL:0.5	VALVGLCT:0.3333333333333333	SGGDTRTA:0.3333333333333333	QPSTIDLQ:0.3333333333333333	VADLLPDR:0.3333333333333333	IRTTLGYG:0.6666666666666666	VFAVALVG:0.3333333333333333	PLSWTHHY:0.5	ALVGLCTC:0.3333333333333333	LIGLAAAI:0.5	LAVEPIRT:0.5	ILPMAVAV:0.3333333333333333	SACLPLAL:0.3333333333333333	AIKLTPAL:0.3333333333333333	PLALLPYG:0.3333333333333333	KLTPALFV:0.3333333333333333	TLVGAVFQ:0.3333333333333333	RCGVPRGW:0.5	LPLALLPY:0.5	ACLPLALL:0.3333333333333333	CLPLALLP:0.5	IKLTPALF:0.3333333333333333	AAIKLTPA:0.3333333333333333	VSACLPLA:0.3333333333333333	FLMALVVA:0.3333333333333333	VKLTPALF:0.3333333333333333	FIYPPISA:0.3333333333333333	YVGNQSLL:0.3333333333333333	VGNQSLLG:0.3333333333333333	NQSLLGVV:0.3333333333333333	QELVANLG:0.3333333333333333	GQVNTFLM:0.3333333333333333	GYGQVNTF:0.3333333333333333	ELVANLGP:0.3333333333333333	PLQELVAN:0.3333333333333333	AVLMTPLA:0.3333333333333333	LQELVANL:0.3333333333333333	PRGWRLAV:0.3333333333333333	YGQVNTFL:0.3333333333333333	
