cluster number:33
GT14:7	GT14:7
DDVSFFIH:0.42857142857142855	VEYWHIRW:0.2857142857142857	FKDKVVNE:0.2857142857142857	KGKEFLEY:0.2857142857142857	FVNRFNYT:0.5714285714285714	LVTQLQDL:0.2857142857142857	LPCSKWRG:0.2857142857142857	EYWHIRWK:0.2857142857142857	TLILNSPF:0.42857142857142855	NRFNYTFC:0.2857142857142857	LILNSPFK:0.42857142857142855	EYFPLPCS:0.2857142857142857	PLYGGSQF:0.2857142857142857	KIAYIILA:0.5714285714285714	FFQTLILN:0.42857142857142855	LTGECVKW:0.2857142857142857	AYIILAHK:0.5714285714285714	KEFLEYFP:0.2857142857142857	KFVNRFNY:0.42857142857142855	WCLTGECV:0.42857142857142855	YFPLPCSK:0.2857142857142857	DKVVNEHL:0.2857142857142857	NYTFCTDE:0.2857142857142857	PLPCSKWR:0.2857142857142857	TDDVSFFI:0.42857142857142855	ILNSPFKD:0.2857142857142857	KVVNEHLR:0.2857142857142857	CSKWRGGG:0.2857142857142857	VSFFIHID:0.42857142857142855	NLSGQDYL:0.2857142857142857	NTDDVSFF:0.42857142857142855	LNTDDVSF:0.42857142857142855	NKGKEFLE:0.2857142857142857	FQTLILNS:0.42857142857142855	SPFKDKVV:0.2857142857142857	KDKVVNEH:0.2857142857142857	PCSKWRGG:0.2857142857142857	DVSFFIHI:0.42857142857142855	RRVEYWHI:0.2857142857142857	GECVKWIN:0.2857142857142857	LIKSNEQI:0.2857142857142857	NSPFKDKV:0.2857142857142857	TGECVKWI:0.2857142857142857	FNYTFCTD:0.2857142857142857	INDFVKQN:0.2857142857142857	KWINDFVK:0.2857142857142857	YGGSQFWC:0.2857142857142857	TQLQDLPN:0.2857142857142857	IAYIILAH:0.5714285714285714	LYGGSQFW:0.2857142857142857	RVEYWHIR:0.2857142857142857	CLTGECVK:0.42857142857142855	YLIKSNEQ:0.2857142857142857	LEYFPLPC:0.42857142857142855	SGQDYLIK:0.42857142857142855	FWCLTGEC:0.2857142857142857	YIILAHKY:0.5714285714285714	SQFWCLTG:0.2857142857142857	FFIHIDKK:0.42857142857142855	FIHIDKKA:0.2857142857142857	EFLEYFPL:0.42857142857142855	QLVTQLQD:0.2857142857142857	IILAHKYP:0.5714285714285714	RFNYTFCT:0.2857142857142857	SFFIHIDK:0.5714285714285714	QTLILNSP:0.42857142857142855	WINDFVKQ:0.2857142857142857	VTQLQDLP:0.2857142857142857	LSGQDYLI:0.42857142857142855	FARKFDMT:0.42857142857142855	GSQFWCLT:0.2857142857142857	GQDYLIKS:0.42857142857142855	VNRFNYTF:0.2857142857142857	GKEFLEYF:0.2857142857142857	QFWCLTGE:0.2857142857142857	PFKDKVVN:0.2857142857142857	IVNLSGQD:0.2857142857142857	IHIDKKAD:0.2857142857142857	QDYLIKSN:0.42857142857142855	VNLSGQDY:0.2857142857142857	FPLYGGSQ:0.2857142857142857	DYLIKSNE:0.2857142857142857	MKIAYIIL:0.5714285714285714	GGSQFWCL:0.2857142857142857	LNSPFKDK:0.42857142857142855	VVNEHLRY:0.2857142857142857	FPLPCSKW:0.2857142857142857	FLEYFPLP:0.42857142857142855	IDPDILDM:0.2857142857142857	SPFKDKII:0.2857142857142857	FVKQNPKF:0.2857142857142857	GFALYGGS:0.2857142857142857	PEGFALYG:0.2857142857142857	PDILDMID:0.2857142857142857	TIDPDILD:0.2857142857142857	DMIDKMIL:0.2857142857142857	PKFVNRFN:0.2857142857142857	ARKFDMTI:0.2857142857142857	EKLFARKF:0.2857142857142857	NSPFKDKI:0.2857142857142857	VNRFNYTY:0.2857142857142857	EGFALYGG:0.2857142857142857	KQNPKFVN:0.2857142857142857	PFKDKIIN:0.2857142857142857	QNPKFVNR:0.2857142857142857	ILAHKYPE:0.42857142857142855	KFPEGFAL:0.2857142857142857	VKQNPKFV:0.2857142857142857	NPKFVNRF:0.2857142857142857	DPDILDMI:0.2857142857142857	LDMIDKMI:0.2857142857142857	SEKLFARK:0.42857142857142855	KLFARKFD:0.2857142857142857	LAHKYPEQ:0.42857142857142855	AHKYPEQL:0.42857142857142855	DELFYQIL:0.2857142857142857	RKFDMTID:0.2857142857142857	FPEGFALY:0.2857142857142857	FALYGGSA:0.2857142857142857	DFVKQNPK:0.2857142857142857	EFKSPINS:0.2857142857142857	REFKSPIN:0.2857142857142857	FKSPINSL:0.2857142857142857	SPINSLLY:0.2857142857142857	PINSLLYS:0.2857142857142857	KSPINSLL:0.2857142857142857	
