cluster number:10
GT14:17	GT14:17
YYHLLSGV:0.7647058823529411	NDIYIHID:0.23529411764705882	LLSGVDLP:0.23529411764705882	EAEYLLFE:0.23529411764705882	YHLLSGVD:0.7647058823529411	SGVDLPLK:0.23529411764705882	HLLSGVDL:0.23529411764705882	LSGVDMPL:0.4117647058823529	GVDMPLKS:0.35294117647058826	NTFCSDEI:0.4117647058823529	GCMRMIGW:0.35294117647058826	TFCSDEIF:0.4117647058823529	YKNTFCSD:0.23529411764705882	ARKFNSKN:0.29411764705882354	FKKGTQWV:0.4117647058823529	KKGTQWVS:0.4117647058823529	FARKFNSK:0.29411764705882354	IYKNTFCS:0.23529411764705882	FLFARKFN:0.23529411764705882	LLSGVDMP:0.4117647058823529	YQGKEFIG:0.23529411764705882	HLLSGVDM:0.4117647058823529	DDPRNDIY:0.29411764705882354	GKEFIGFY:0.29411764705882354	VDMPLKSQ:0.35294117647058826	CMRMIGWK:0.29411764705882354	KEFIGFYQ:0.23529411764705882	KNTFCSDE:0.23529411764705882	LFARKFNS:0.4117647058823529	SGVDMPLK:0.4117647058823529	DVRWGDVS:0.35294117647058826	ILAHNEYP:0.29411764705882354	RNDIYIHF:0.23529411764705882	RIDVRWGD:0.29411764705882354	VRWGDVSV:0.35294117647058826	KHAYLILA:0.29411764705882354	IDVRWGDV:0.29411764705882354	LILAHNEY:0.29411764705882354	KGTQWVSL:0.4117647058823529	GTQWVSLT:0.4117647058823529	NDIYIHFD:0.29411764705882354	HAYLILAH:0.29411764705882354	YLILAHNE:0.4117647058823529	AYLILAHN:0.29411764705882354	HNEYPVLE:0.23529411764705882	YQNTFCSD:0.23529411764705882	LAHNEYPV:0.23529411764705882	YLFARKFN:0.23529411764705882	FIQTLCWN:0.23529411764705882	PLKSQNEI:0.23529411764705882	QNTFCSDE:0.23529411764705882	TQWVSLTD:0.29411764705882354	AHNEYPVL:0.23529411764705882	SDEIFIQT:0.23529411764705882	IQTLCWNS:0.23529411764705882	DFKKGTQW:0.23529411764705882	DVSVVEAE:0.29411764705882354	FCSDEIFI:0.23529411764705882	CSDEIFIQ:0.23529411764705882	WGDVSVVE:0.29411764705882354	GDVSVVEA:0.29411764705882354	LKSQNEIH:0.23529411764705882	RWGDVSVV:0.29411764705882354	
