cluster number:5
GT14:23	GT14:23
LFARKFDA:0.21739130434782608	WGGYSLVD:0.5217391304347826	VPDGDIKL:0.34782608695652173	LSGQDFPL:0.6521739130434783	GYSLVDAE:0.4782608695652174	FFQTVMMN:0.5652173913043478	LWGGYSLV:0.5652173913043478	DLFARKFD:0.2608695652173913	SGQDFPLK:0.43478260869565216	VDAELRGM:0.391304347826087	YSLVDAEL:0.4782608695652174	TPFIGTQW:0.2608695652173913	GGYSLVDA:0.5217391304347826	HRYPAQFK:0.21739130434782608	LVDAELRG:0.4782608695652174	WVPDGDIK:0.34782608695652173	VHRYPAQF:0.21739130434782608	LVHRYPAQ:0.21739130434782608	ALWGGYSL:0.5652173913043478	SLVDAELR:0.4782608695652174	NLSGQDFP:0.6521739130434783	RYPAQFKR:0.21739130434782608	NALWGGYS:0.34782608695652173	DWVPDGDI:0.34782608695652173	INLSGQDF:0.6521739130434783	GDIKLRPR:0.6956521739130435	PDGDIKLR:0.6086956521739131	DGDIKLRP:0.6086956521739131	IDWVPDGD:0.34782608695652173	TFIADEGF:0.43478260869565216	EGFFQTVM:0.4782608695652174	GQDFPLKT:0.2608695652173913	RPETMNRI:0.21739130434782608	PNLFARKF:0.21739130434782608	YLILVHRY:0.34782608695652173	TQWMIVSR:0.21739130434782608	LILVHRYP:0.34782608695652173	DEGFFQTV:0.6956521739130435	NLFARKFD:0.30434782608695654	WTHFINLS:0.2608695652173913	ADEGFFQT:0.6956521739130435	GYSLVNIE:0.21739130434782608	FINLSGQD:0.6521739130434783	QDFPLKTQ:0.2608695652173913	KLRPRTFT:0.21739130434782608	FQTVMMNN:0.21739130434782608	MIAYLILV:0.34782608695652173	AYLILVHR:0.391304347826087	DDLRLIDW:0.21739130434782608	SLVNIELR:0.2608695652173913	QDDLRLID:0.21739130434782608	YSLVNIEL:0.21739130434782608	THFINLSG:0.2608695652173913	VNIELRGM:0.2608695652173913	DIKLRPRT:0.4782608695652174	FIADEGFF:0.4782608695652174	IKLRPRTF:0.391304347826087	IAYLILVH:0.391304347826087	NTFIADEG:0.43478260869565216	LVNIELRG:0.2608695652173913	GFFQTVMM:0.4782608695652174	IADEGFFQ:0.6956521739130435	TVMMNNDC:0.21739130434782608	NIELRGMA:0.21739130434782608	GGYSLVNI:0.21739130434782608	MMNNDCHG:0.21739130434782608	IGTQWMIV:0.21739130434782608	GTQWMIVS:0.21739130434782608	HFINLSGQ:0.30434782608695654	QTVMMNND:0.21739130434782608	WGGYSLVN:0.21739130434782608	LFARKFDL:0.21739130434782608	VMMNNDCH:0.21739130434782608	YIGNQWMI:0.2608695652173913	PYIGNQWM:0.2608695652173913	FARKFDET:0.21739130434782608	LIADEGFF:0.21739130434782608	LFARKFDE:0.2608695652173913	QFKRLFKA:0.2608695652173913	HYLIHVDK:0.21739130434782608	TPYIGNQW:0.21739130434782608	KRLFKAIY:0.2608695652173913	FKRLFKAI:0.2608695652173913	FFINLSGQ:0.2608695652173913	AFYRNTFI:0.2608695652173913	FQTVMMNT:0.2608695652173913	YKAFYRNT:0.2608695652173913	YRNTFIAD:0.2608695652173913	FYRNTFIA:0.2608695652173913	RNTFIADE:0.2608695652173913	PEQFKRLF:0.2608695652173913	KAFYRNTF:0.2608695652173913	IDWIPDGD:0.21739130434782608	DWIPDGDI:0.21739130434782608	WIPDGDIK:0.2608695652173913	IPDGDIKL:0.2608695652173913	KALWGGYS:0.21739130434782608	AYLVLVHR:0.21739130434782608	IAYLVLVH:0.21739130434782608	QFKRLFRA:0.21739130434782608	HVDKNSGP:0.21739130434782608	RYKAFYRN:0.21739130434782608	LVLVHRYP:0.21739130434782608	FKRLFRAI:0.21739130434782608	YLVLVHRY:0.21739130434782608	
