cluster number:13
GT14:6	GT14:6
NYIILTHK:0.3333333333333333	DEMFFQTL:0.3333333333333333	HIDAKANI:0.3333333333333333	LLSGQDYP:0.6666666666666666	LSGQDYPI:0.6666666666666666	QNFDFIEF:0.3333333333333333	RVDVIWGD:0.3333333333333333	GQDYPIKS:0.6666666666666666	QINYIILT:0.3333333333333333	NQNFDFIE:0.3333333333333333	YTILLSGQ:0.3333333333333333	SIVQATLN:0.3333333333333333	IDAKANIE:0.3333333333333333	VHIDAKAN:0.3333333333333333	SGQDYPIK:0.6666666666666666	ILLSGQDY:0.3333333333333333	FFVHIDAK:0.3333333333333333	INYIILTH:0.3333333333333333	PDEMFFQT:0.3333333333333333	GYTILLSG:0.3333333333333333	TILLSGQD:0.3333333333333333	IVQATLNA:0.3333333333333333	MQINYIIL:0.3333333333333333	FVHIDAKA:0.3333333333333333	VQATLNAM:0.3333333333333333	QDYPIKSK:0.3333333333333333	DEIFFQTL:0.3333333333333333	PDEIFFQT:0.3333333333333333	LFARKFDI:0.5	KLFARKFD:0.3333333333333333	FFQTLVMN:0.3333333333333333	FLLSGQDY:0.3333333333333333	
