cluster number:16
GT14:91	GT14:91|2.4.1.-:6
PRTLLMYY:0.21978021978021978	ASDYPLVT:0.5934065934065934	LPRTLLMY:0.26373626373626374	GWDNLPRT:0.5714285714285714	CIWGWDNL:0.26373626373626374	YFHTVICN:0.3626373626373626	NLPRTLLM:0.26373626373626374	DWFINLSA:0.6593406593406593	WFINLSAS:0.6923076923076923	LSASDYPL:0.7582417582417582	YCIWGWDN:0.26373626373626374	EGYFHTVI:0.3626373626373626	YPLVTQDD:0.5714285714285714	SPEGYFHT:0.46153846153846156	WDWFINLS:0.6813186813186813	SDYPLVTQ:0.6043956043956044	EYCIWGWD:0.2087912087912088	SSPEGYFH:0.46153846153846156	INLSASDY:0.6923076923076923	WDNLPRTL:0.26373626373626374	NFISSPEG:0.21978021978021978	FISSPEGY:0.21978021978021978	FINLSASD:0.6923076923076923	SASDYPLV:0.6153846153846154	NLSASDYP:0.7582417582417582	ISSPEGYF:0.21978021978021978	GYFHTVIC:0.3626373626373626	PEGYFHTV:0.46153846153846156	DNLPRTLL:0.34065934065934067	IWGWDNLP:0.4175824175824176	WGWDNLPR:0.5494505494505495	DYPLVTQD:0.6153846153846154	SWDNPPKQ:0.25274725274725274	DNLPRTVL:0.27472527472527475	ISWDNPPK:0.25274725274725274	NPPKQHPH:0.2857142857142857	NLPRTVLM:0.26373626373626374	DNPPKQHP:0.3516483516483517	WDNPPKQH:0.3516483516483517	LPRTVLMY:0.26373626373626374	TTVNHDLH:0.2967032967032967	PRTVLMYY:0.25274725274725274	DPVLDKID:0.34065934065934067	NTTVNHDL:0.2857142857142857	WDNLPRTV:0.27472527472527475	PLVTQDDL:0.5274725274725275	NLVTYRGP:0.3956043956043956	FKLFTGSA:0.4835164835164835	PTAFKLFT:0.4065934065934066	LPRDLNFI:0.2967032967032967	TAFKLFTG:0.4065934065934066	AFKLFTGS:0.37362637362637363	LVTYRGPT:0.4065934065934066	VTYRGPTM:0.5164835164835165	KLFTGSAW:0.5164835164835165	TMVANTLH:0.23076923076923078	LNFIEHTS:0.23076923076923078	ANLVTYRG:0.2857142857142857	TYRGPTMV:0.3956043956043956	PTMVANTL:0.23076923076923078	LFTGSAWM:0.3626373626373626	MVANTLHA:0.23076923076923078	YRGPTMVA:0.2857142857142857	DWDWFINL:0.2967032967032967	GPTMVANT:0.23076923076923078	SSPEGYFQ:0.21978021978021978	SPEGYFQT:0.21978021978021978	LVTQDDLL:0.27472527472527475	TNFVSSPE:0.27472527472527475	YTNFVSSP:0.27472527472527475	VNHDLHYI:0.24175824175824176	VSSPEGYF:0.3076923076923077	NFVSSPEG:0.3076923076923077	YYTNFVSS:0.27472527472527475	FVSSPEGY:0.3076923076923077	VTQDDLLH:0.21978021978021978	
