cluster number:28
GT14:6	GT14:6
RWGGFSLV:0.3333333333333333	FARKFAGD:0.3333333333333333	LVLLSGAD:0.3333333333333333	LILAHAAP:0.3333333333333333	LAHAAPAQ:0.3333333333333333	LVPDEMFV:0.3333333333333333	VLLSGADY:0.3333333333333333	LFARKFAG:0.3333333333333333	ARKFAGDG:0.3333333333333333	ILAHAAPA:0.3333333333333333	SGADYPIK:0.3333333333333333	CRWGGFSL:0.3333333333333333	TLVPDEMF:0.3333333333333333	AHAAPAQL:0.3333333333333333	LSGADYPI:0.3333333333333333	PDEMFVQT:0.3333333333333333	HVDANTPA:0.3333333333333333	VPDEMFVQ:0.3333333333333333	LLSGADYP:0.6666666666666666	GADYPIKP:0.3333333333333333	VDANTPAD:0.3333333333333333	SAQDYPLK:0.3333333333333333	LSAQDYPL:0.3333333333333333	LLSAQDYP:0.3333333333333333	AQDYPLKS:0.3333333333333333	VNDNLRYI:0.3333333333333333	NDNLRYID:0.3333333333333333	
