cluster number:14
GH53:17	GH53:17|CBM10:1
NEITPGML:0.5294117647058824	SYYPWWHG:0.47058823529411764	ANQWKPKA:0.23529411764705882	AIRLRIWN:0.29411764705882354	GNEITPGM:0.5882352941176471	VETAYPWT:0.47058823529411764	EITPGMLW:0.4117647058823529	GFYYWEPA:0.29411764705882354	ETAYPWTL:0.4117647058823529	DPANQWKP:0.29411764705882354	WADPANQW:0.29411764705882354	PDMVQVGN:0.23529411764705882	ADPANQWK:0.29411764705882354	QWKPKAWE:0.23529411764705882	WEPAWIPS:0.29411764705882354	VVETAYPW:0.47058823529411764	GGFCNLER:0.29411764705882354	DMVQVGNE:0.23529411764705882	RLRIWNDP:0.47058823529411764	IRLRIWND:0.4117647058823529	GFCNLERT:0.29411764705882354	MIHIDRGG:0.35294117647058826	FYYWEPAW:0.29411764705882354	YWEPAWIP:0.29411764705882354	NQWKPKAW:0.23529411764705882	YYWEPAWI:0.29411764705882354	HIDRGGDN:0.23529411764705882	PANQWKPK:0.23529411764705882	IMIHIDRG:0.4117647058823529	FLLDFHYS:0.7647058823529411	LLDFHYSD:0.7647058823529411	NAIRLRIW:0.29411764705882354	MVQVGNEI:0.23529411764705882	VQVGNEIT:0.23529411764705882	IHIDRGGD:0.35294117647058826	GYNWIRLR:0.23529411764705882	HYSDTWAD:0.47058823529411764	DMVQIGNE:0.6470588235294118	PDMVQIGN:0.6470588235294118	HGYNWIRL:0.23529411764705882	IGQSYYPW:0.23529411764705882	QSYYPWWH:0.29411764705882354	YPWWHGSL:0.23529411764705882	YYPWWHGS:0.35294117647058826	GQSYYPWW:0.29411764705882354	NWIRLRLF:0.23529411764705882	YSDTWADP:0.47058823529411764	MVQIGNEI:0.5294117647058824	DFHYSDTW:0.23529411764705882	IGNEITPG:0.4117647058823529	QIGNEITP:0.4117647058823529	MGFLLDFH:0.23529411764705882	GFLLDFHY:0.23529411764705882	LDFHYSDT:0.23529411764705882	VQIGNEIT:0.4117647058823529	FHYSDTWA:0.23529411764705882	FHYSDKWA:0.23529411764705882	SDKWADPA:0.23529411764705882	KWADPANQ:0.23529411764705882	DKWADPAN:0.23529411764705882	IWNDPPGG:0.23529411764705882	LRIWNDPP:0.35294117647058826	DIIVVETA:0.29411764705882354	KDIIVVET:0.29411764705882354	YSDKWADP:0.23529411764705882	HYSDKWAD:0.23529411764705882	RIWNDPPG:0.29411764705882354	SFLDEIEQ:0.23529411764705882	LDFHYSDK:0.23529411764705882	IVVETAYP:0.23529411764705882	DFHYSDKW:0.23529411764705882	IIVVETAY:0.29411764705882354	VFWWEPAV:0.23529411764705882	GVFWWEPA:0.23529411764705882	FCNLERTL:0.23529411764705882	
