cluster number:11
GH53:23	GH53:23|3.2.1.89:4|CBM1:1|GT25:1
SIGNEIRA:0.21739130434782608	GNEIRAGL:0.21739130434782608	PFSAAGQT:0.21739130434782608	LFYWEPAW:0.43478260869565216	IISIGNEI:0.21739130434782608	KIMIHLDN:0.30434782608695654	HFSDTWAD:0.34782608695652173	NEIRAGLL:0.21739130434782608	GVNTVRQR:0.4782608695652174	GVGLFYWE:0.2608695652173913	GVSYYPFY:0.21739130434782608	IGNEIRAG:0.21739130434782608	YKGVDWSS:0.34782608695652173	FYWEPAWI:0.30434782608695654	TYKGVDWS:0.21739130434782608	LAKRAKAA:0.34782608695652173	IPFSAAGQ:0.30434782608695654	PKIMIHLD:0.43478260869565216	AKRAKAAG:0.43478260869565216	KPKIMIHL:0.43478260869565216	VGLFYWEP:0.2608695652173913	IMIHLDNG:0.30434782608695654	EIRAGLLW:0.21739130434782608	LHFSDTWA:0.30434782608695654	GLFYWEPA:0.43478260869565216	KRAKAAGL:0.391304347826087	IRAGLLWP:0.21739130434782608	FSDTWADP:0.34782608695652173	KGVDWSSV:0.21739130434782608	DFDMMGVS:0.2608695652173913	ALSSLSVF:0.30434782608695654	QALSSLSV:0.21739130434782608	GLGVYIDF:0.21739130434782608	IVSIGNEI:0.2608695652173913	HYSDTWAD:0.5652173913043478	NANLGSSC:0.21739130434782608	ILAANGVN:0.2608695652173913	AAWGIKDS:0.21739130434782608	DTWADPAH:0.2608695652173913	VRQRVWVN:0.391304347826087	WKLYNYTL:0.21739130434782608	NGVNTVRQ:0.30434782608695654	MGVSFYPF:0.391304347826087	ANLGSSCA:0.21739130434782608	MMGVSFYP:0.21739130434782608	NTVRQRVW:0.2608695652173913	DMMGVSFY:0.21739130434782608	LGVYIDFH:0.21739130434782608	LSPKPKIM:0.21739130434782608	IARLLHSA:0.21739130434782608	SAAWGIKD:0.21739130434782608	GVSFYPFY:0.4782608695652174	VNTVRQRV:0.2608695652173913	ANGVNTVR:0.21739130434782608	PKPKIMIH:0.391304347826087	NIARLLHS:0.21739130434782608	SPKPKIMI:0.2608695652173913	GQALSSLS:0.21739130434782608	MIHLDNGW:0.21739130434782608	FHYSDTWA:0.21739130434782608	VSFYPFYS:0.21739130434782608	TWADPAHQ:0.2608695652173913	YSDTWADP:0.5652173913043478	SGQALSSL:0.21739130434782608	TVRQRVWV:0.2608695652173913	SDTWADPA:0.30434782608695654	RQRVWVNP:0.43478260869565216	HLDNGWNW:0.2608695652173913	QRVWVNPS:0.2608695652173913	SDTWADPG:0.5217391304347826	DTWADPGH:0.30434782608695654	TWADPGHQ:0.30434782608695654	TSLTNMAN:0.21739130434782608	DLHYSDTW:0.21739130434782608	LHYSDTWA:0.30434782608695654	
