cluster number:3
GH53:97	GH53:97|CBM61:4|3.2.1.89:3|CBM13:1|CBM10:1|CBM60:1|GH35:1
HYSDTWAD:0.20618556701030927	ETNNGMLW:0.25773195876288657	NETNNGML:0.25773195876288657	MIDFHYSD:0.6185567010309279	KVIVHLAN:0.21649484536082475	GNETNNGM:0.25773195876288657	SDTWADPG:0.20618556701030927	RLRVWVNP:0.6082474226804123	YSDTWADP:0.20618556701030927	WFFDNLRS:0.21649484536082475	QVGNEINS:0.21649484536082475	MRIMIDFH:0.24742268041237114	VGNEINSG:0.21649484536082475	DGRDTLDK:0.20618556701030927	NGYDNANF:0.21649484536082475	GWNDGRDT:0.20618556701030927	DFHYSDSW:0.4845360824742268	LGQFINSG:0.21649484536082475	DNLRSAGG:0.21649484536082475	GGWNDGRD:0.20618556701030927	GKWDVIGM:0.24742268041237114	RSAGGKWD:0.21649484536082475	SAGGKWDV:0.2268041237113402	VQVGNEIN:0.26804123711340205	FHYSDSWA:0.5463917525773195	NLRSAGGK:0.21649484536082475	VIGMSHYP:0.2268041237113402	YDNANFRW:0.21649484536082475	KAVYPNAK:0.21649484536082475	KWDVIGMS:0.27835051546391754	NDGRDTLD:0.20618556701030927	IDFHYSDS:0.4020618556701031	NANFRWFF:0.21649484536082475	IMIDFHYS:0.41237113402061853	GRDTLDKA:0.20618556701030927	FRWFFDNL:0.21649484536082475	LKDNGITV:0.21649484536082475	ATKAVYPN:0.21649484536082475	WVQVGNEI:0.36082474226804123	NFRWFFDN:0.21649484536082475	LRSAGGKW:0.21649484536082475	DNANFRWF:0.21649484536082475	ANFRWFFD:0.21649484536082475	GMRIMIDF:0.24742268041237114	GGKWDVIG:0.25773195876288657	GYDNANFR:0.21649484536082475	AGGKWDVI:0.21649484536082475	NEINSGML:0.2268041237113402	GQFINSGY:0.21649484536082475	YLKDNGIT:0.21649484536082475	WNDGRDTL:0.20618556701030927	DVIGMSHY:0.2268041237113402	RIMIDFHY:0.36082474226804123	EINSGMLW:0.2268041237113402	FFDNLRSA:0.21649484536082475	WDVIGMSH:0.21649484536082475	FDNLRSAG:0.21649484536082475	QGMRIMID:0.2268041237113402	IGMSHYPP:0.21649484536082475	RWFFDNLR:0.21649484536082475	TKAVYPNA:0.21649484536082475	AVYPNAKV:0.20618556701030927	GNEINSGM:0.23711340206185566	KGADVSWL:0.23711340206185566	AYPGWQGY:0.20618556701030927	YPGWQGYT:0.20618556701030927	GMDWQQAA:0.24742268041237114	NAIRLRVW:0.30927835051546393	LRVWVNPS:0.2268041237113402	SWADPGKQ:0.44329896907216493	MDWQQAAT:0.20618556701030927	NAYPGWQG:0.20618556701030927	IRLRVWVN:0.4639175257731959	EPNAYPGW:0.20618556701030927	AIRLRVWV:0.31958762886597936	EVGMDWQQ:0.23711340206185566	AQGMRIMI:0.20618556701030927	SDSWADPG:0.4845360824742268	HYPPVGSW:0.20618556701030927	AKGADVSW:0.28865979381443296	VGMDWQQA:0.23711340206185566	HYSDSWAD:0.5257731958762887	HLANGYDN:0.20618556701030927	SHYPPVGS:0.20618556701030927	PNAYPGWQ:0.20618556701030927	YSDSWADP:0.5257731958762887	DSWADPGK:0.44329896907216493	GKQTKPAA:0.3711340206185567	QTKPAAWA:0.23711340206185566	KQTKPAAW:0.3711340206185567	WADPGKQT:0.38144329896907214	DPGKQTKP:0.38144329896907214	PGKQTKPA:0.3711340206185567	ADPGKQTK:0.38144329896907214	EWVQVGNE:0.30927835051546393	VGNETNNG:0.24742268041237114	VQVGNETN:0.28865979381443296	PEWVQVGN:0.29896907216494845	QVGNETNN:0.24742268041237114	WVQVGNET:0.41237113402061853	GLGVFYWE:0.23711340206185566	GVFYWEPE:0.21649484536082475	LGVFYWEP:0.35051546391752575	
