cluster number:203
GH13:590	GH13_8:577|CBM48:328|2.4.1.18:32|GH13:13|GT4:1
ALVGDKTI:0.35084745762711866	EFGHPEWL:0.2745762711864407	HDQALVGD:0.611864406779661	FGHPEWLD:0.27288135593220336	HPEWLDFP:0.2677966101694915	AEDVSGMP:0.3423728813559322	MGNEFGHP:0.49491525423728816	LHKMIRLI:0.20508474576271185	GVTSMLYH:0.2830508474576271	YLNFMGNE:0.4728813559322034	FDGVTSML:0.5949152542372881	QALVGDKT:0.5711864406779661	YAESHDQA:0.411864406779661	NFMGNEFG:0.47627118644067795	GHPEWLDF:0.2677966101694915	IAEDVSGM:0.2711864406779661	RFDGVTSM:0.7457627118644068	SHDQALVG:0.6084745762711864	NEFGHPEW:0.6813559322033899	ESHDQALV:0.6084745762711864	LWDSRLFN:0.28983050847457625	LRFLLSNL:0.2593220338983051	VLRFLLSN:0.3135593220338983	GNEFGHPE:0.6813559322033899	AESHDQAL:0.37796610169491524	EVLRFLLS:0.31186440677966104	LNFMGNEF:0.4711864406779661	DGVTSMLY:0.5932203389830508	DQALVGDK:0.6016949152542372	AYAESHDQ:0.23559322033898306	ALHKMIRL:0.3728813559322034	HKMIRLIT:0.20847457627118643	FMGNEFGH:0.49491525423728816	WDSRLFNY:0.4	RFLLSNLR:0.2593220338983051	YYASFGYH:0.2593220338983051	EHSYYASF:0.22033898305084745	GYHVTNFF:0.2627118644067797	YHVTNFFA:0.2593220338983051	SYYASFGY:0.21694915254237288	HSYYASFG:0.21694915254237288	YASFGYHV:0.2593220338983051	ASFGYHVT:0.2305084745762712	FGYHVTNF:0.2711864406779661	SFGYHVTN:0.27796610169491526	GFRFDGVT:0.711864406779661	GVGFDYRL:0.2016949152542373	GYLNFMGN:0.4186440677966102	GGEGYLNF:0.23559322033898306	GGVGFDYR:0.2016949152542373	DAVVYLML:0.2033898305084746	WEVLRFLL:0.23559322033898306	DGFRFDGV:0.7169491525423729	GEGYLNFM:0.22033898305084745	LVFVFNFH:0.22542372881355932	FGHPEWID:0.35423728813559324	KFDGFRFD:0.23389830508474577	HPEWIDFP:0.3847457627118644	GHPEWIDF:0.3847457627118644	EFGHPEWI:0.35423728813559324	LGGEGYLN:0.2305084745762712	EGYLNFMG:0.22033898305084745	FDGFRFDG:0.7389830508474576	PEWIDFPR:0.37796610169491524	DSRLFNYG:0.2271186440677966	FRFDGVTS:0.711864406779661	TDVDAVVY:0.211864406779661	RGIALHKM:0.28135593220338984	GGIGFDYR:0.25254237288135595	HAYYASFG:0.2135593220338983	GIALHKMI:0.27288135593220336	YYASFGYQ:0.23220338983050848	GIGFDYRL:0.24915254237288137	LLDVVHSH:0.24915254237288137	YASFGYQV:0.2271186440677966	EHAYYASF:0.211864406779661	VLLDVVHS:0.23559322033898306	DFPREGNG:0.21864406779661016	IALHKMIR:0.2711864406779661	AYYASFGY:0.2135593220338983	HPYYGSFG:0.2033898305084746	PYYGSFGY:0.2033898305084746	NFFAVSSR:0.2	EHPYYGSF:0.2016949152542373	SSRFGTPE:0.2864406779661017	QLMAIMEH:0.2305084745762712	GFDYRLAM:0.3864406779661017	FDYRLAMA:0.3050847457627119	DVVHSHAS:0.34915254237288135	DRGIALHK:0.2288135593220339	VHSHAVKN:0.2135593220338983	EWIDFPRE:0.2559322033898305	IDFPREGN:0.25254237288135595	WIDFPREG:0.25254237288135595	LDVVHSHA:0.2440677966101695	ALVGDKTL:0.2	
