cluster number:141
GH13:7	GH13:4|GH13_33:3
DGTLRRWV:0.2857142857142857	MGPDFFLA:0.2857142857142857	PSAAARRI:0.2857142857142857	GGWAVTGE:0.42857142857142855	PAATGMGP:0.2857142857142857	DPSAAARR:0.2857142857142857	PDFFLAAR:0.42857142857142855	ATGMGPDF:0.2857142857142857	GMGPDFFL:0.2857142857142857	GLYVAPSG:0.2857142857142857	TGMGPDFF:0.2857142857142857	GWAVTGEV:0.42857142857142855	TVTSPAAE:0.2857142857142857	GTLRRWVY:0.2857142857142857	GPDFFLAA:0.42857142857142855	AATGMGPD:0.2857142857142857	DTVTSPAA:0.2857142857142857	WAVTGEVR:0.5714285714285714	AVTGEVRG:0.5714285714285714	PGGWAVTG:0.5714285714285714	TLRRWVYR:0.2857142857142857	TGEVRGAD:0.5714285714285714	ATGLGPDF:0.7142857142857143	TGLGPDFF:0.2857142857142857	GEVRGADG:0.5714285714285714	DFFLAARG:0.2857142857142857	PAATGLGP:0.5714285714285714	GLGPDFFL:0.2857142857142857	LQWLERQS:0.5714285714285714	AATGLGPD:0.5714285714285714	RQSRHILL:0.2857142857142857	DPSGQARR:0.5714285714285714	AAVIRHTG:0.42857142857142855	RIFSAAVI:0.2857142857142857	VLLWQDPS:0.5714285714285714	VDWRPLLD:0.2857142857142857	FSAAVIRH:0.2857142857142857	DWRPLLDL:0.2857142857142857	AAAYALLS:0.42857142857142855	PVLLWQDP:0.5714285714285714	SGQARRIF:0.42857142857142855	LERQSMLG:0.5714285714285714	QARRIFSA:0.42857142857142855	PPAATGLG:0.42857142857142855	WATPGGWA:0.42857142857142855	DVLPPSLT:0.2857142857142857	WLERQSML:0.5714285714285714	PWATPGGW:0.42857142857142855	AAPLAALL:0.2857142857142857	APLAALLR:0.2857142857142857	QWLERQSM:0.5714285714285714	SAAVIRHT:0.42857142857142855	RRIFSAAV:0.2857142857142857	GQARRIFS:0.42857142857142855	LWQDPSGQ:0.5714285714285714	LPWATPGG:0.42857142857142855	ATPGGWAV:0.2857142857142857	RPVLLWQD:0.5714285714285714	LLWQDPSG:0.5714285714285714	TPGGWAVT:0.42857142857142855	IFSAAVIR:0.2857142857142857	LPPAATGL:0.42857142857142855	ARRIFSAA:0.42857142857142855	QDPSGQAR:0.5714285714285714	PSGQARRI:0.42857142857142855	DAAPLAAL:0.2857142857142857	YLQWLERQ:0.42857142857142855	WQDPSGQA:0.5714285714285714	WRPLLDLP:0.2857142857142857	PAAAYALL:0.2857142857142857	ALLSGDAA:0.2857142857142857	AYALLSGD:0.2857142857142857	TGLGPDFI:0.2857142857142857	RRWVYRYS:0.2857142857142857	AAYALLSG:0.2857142857142857	LRARRDAG:0.2857142857142857	ADPGYLQW:0.2857142857142857	HTGLQQQT:0.42857142857142855	HRYGGWAM:0.42857142857142855	IRHTGLQQ:0.42857142857142855	EALMGLDV:0.2857142857142857	DSLPWATP:0.2857142857142857	LLRARRDA:0.2857142857142857	LSGDAAPL:0.2857142857142857	LRPVLLWQ:0.42857142857142855	GLGPDFIL:0.2857142857142857	WLLAANFS:0.2857142857142857	ALMGLDVP:0.2857142857142857	ARRDAGLA:0.2857142857142857	GGWAMQDD:0.2857142857142857	PDFILQAR:0.2857142857142857	PRADPGYL:0.2857142857142857	RADPGYLQ:0.2857142857142857	AVPQKDWD:0.2857142857142857	YGGWAMQD:0.2857142857142857	RYGGWAMQ:0.42857142857142855	QWADRQSF:0.2857142857142857	RWVYRYSG:0.2857142857142857	RARRDAGL:0.2857142857142857	SLPWATPG:0.2857142857142857	YALLSGDA:0.2857142857142857	RDSLPWAT:0.2857142857142857	GYLQWLER:0.2857142857142857	DPGYLQWL:0.2857142857142857	PGYLQWLE:0.2857142857142857	ADRQSFLH:0.2857142857142857	SGDAAPLA:0.2857142857142857	WADRQSFL:0.2857142857142857	LPRADPGY:0.2857142857142857	RHTGLQQQ:0.42857142857142855	LTAQVSGT:0.2857142857142857	LLSGDAAP:0.2857142857142857	LGPDFILQ:0.2857142857142857	TGLQQQTL:0.42857142857142855	GPDFILQA:0.2857142857142857	VIRHTGLQ:0.2857142857142857	LQQQTLAG:0.2857142857142857	GLEALDAL:0.2857142857142857	GLQQQTLA:0.2857142857142857	QQQTLAGL:0.2857142857142857	PGLEALDA:0.2857142857142857	QARHASRF:0.2857142857142857	AVIRHTGL:0.2857142857142857	IHRYGGWA:0.2857142857142857	VTGEVRGA:0.2857142857142857	EIHRYGGW:0.2857142857142857	LQARHASR:0.2857142857142857	
