cluster number:175
GH13:59	GH13:59|CBM48:9
DGFRFDLS:0.3220338983050847	FRFDLSKG:0.3220338983050847	FYFAPDKY:0.22033898305084745	VNAIELMP:0.3559322033898305	NAIELMPV:0.23728813559322035	YFAPDKYY:0.2711864406779661	FAPDKYYG:0.3389830508474576	GFRFDLSK:0.3220338983050847	NDSWGYNP:0.2542372881355932	FDLSKGFT:0.5084745762711864	GNDSWGYN:0.288135593220339	GVNAIELM:0.3559322033898305	LGVNAIEL:0.4067796610169492	DLSKGFTQ:0.5423728813559322	RFDLSKGF:0.5084745762711864	WQFGELGY:0.4745762711864407	MESHDEER:0.6440677966101694	PGPKMIWQ:0.4067796610169492	LSKGFTQK:0.288135593220339	YELLVRDF:0.4576271186440678	GPKMIWQF:0.4067796610169492	GYMESHDE:0.22033898305084745	YMESHDEE:0.6440677966101694	PKMIWQFG:0.3898305084745763	KMIWQFGE:0.4067796610169492	SHDEERLM:0.23728813559322035	IWQFGELG:0.3220338983050847	MIWQFGEL:0.2711864406779661	ESHDEERL:0.423728813559322	ILEHFADN:0.2711864406779661	ELLVRDFV:0.22033898305084745	PVNEFEGN:0.22033898305084745	SWGYNPSF:0.3728813559322034	TYMESHDE:0.23728813559322035	VYELLVRD:0.23728813559322035	WGYNPSFY:0.22033898305084745	GYNPSFYF:0.2033898305084746	QFGELGYD:0.3559322033898305	NVGYDFNH:0.2033898305084746	GYDFNHES:0.23728813559322035	YVILEHFA:0.2711864406779661	VVYELLVR:0.2033898305084746	
