cluster number:125
CBM13:42	CBM13:42
LRAGSDAE:0.21428571428571427	SHADAGVV:0.2619047619047619	LAEAVLGW:0.35714285714285715	GGRGMRAA:0.40476190476190477	VLGWGARR:0.7619047619047619	DSHADAGV:0.2619047619047619	RPRLLVAV:0.38095238095238093	RGDDVRYD:0.38095238095238093	YCRHAAEQ:0.23809523809523808	AALLMARH:0.3333333333333333	PLRAGSDA:0.21428571428571427	AREKFREG:0.38095238095238093	LLAEAVLG:0.38095238095238093	PAGGRGMR:0.47619047619047616	ADAGVVIL:0.30952380952380953	LGVLLAEA:0.23809523809523808	GGALLPDV:0.7142857142857143	DDVRYDLT:0.42857142857142855	LGWGARRY:0.7857142857142857	RHAAEQLG:0.2619047619047619	GALLPDVQ:0.4523809523809524	LDSHADAG:0.23809523809523808	EAVLGWGA:0.5714285714285714	RRYLDSRP:0.5238095238095238	PRLLVAVR:0.38095238095238093	ARRYLDSR:0.5238095238095238	KPAGGRGM:0.5	YLDSRPGR:0.5	GDDVRYDL:0.3333333333333333	LCLDSHAD:0.2619047619047619	RRGGALLP:0.7857142857142857	ALRPRLLV:0.5238095238095238	RLLVAVRD:0.38095238095238093	LLVAVRDT:0.5238095238095238	CRYYNRLL:0.23809523809523808	AEAVLGWG:0.5476190476190477	GELLPRWD:0.3333333333333333	HADAGVVI:0.21428571428571427	GARRYLDS:0.5238095238095238	ALLMARHW:0.4523809523809524	GWGARRYL:0.7142857142857143	RYYNRLLD:0.23809523809523808	RYLDSRPG:0.5	LVAVRDTV:0.5238095238095238	RAGSDAEA:0.21428571428571427	CRHAAEQL:0.40476190476190477	RGGALLPD:0.7380952380952381	QGELLPRW:0.30952380952380953	DAGVVILG:0.3333333333333333	VLLAEAVL:0.2857142857142857	LRPRLLVA:0.40476190476190477	AGGRGMRA:0.40476190476190477	AVLGWGAR:0.5476190476190477	GVLLAEAV:0.2619047619047619	CLDSHADA:0.23809523809523808	WGARRYLD:0.5952380952380952	TEVEAEPI:0.21428571428571427	VPIRRGGA:0.5476190476190477	NRLLDVPI:0.4523809523809524	TPHPPRPP:0.30952380952380953	RGMRAAKS:0.2619047619047619	YDLTVRGE:0.23809523809523808	AALEQARE:0.2857142857142857	RCLLWHTE:0.2857142857142857	LMARHWQP:0.30952380952380953	LLWHTEVE:0.5714285714285714	PIRRGGAL:0.6190476190476191	HPPRPPYP:0.2619047619047619	LWHTEVEA:0.40476190476190477	CVRAHREL:0.3333333333333333	DVPIRRGG:0.5952380952380952	PHPPRPPY:0.2619047619047619	DLTVRGEL:0.21428571428571427	IRRGGALL:0.6190476190476191	LLMARHWQ:0.3333333333333333	LDSRPGRA:0.21428571428571427	CLLWHTEV:0.5	LDVPIRRG:0.5952380952380952	HTEVEAEP:0.35714285714285715	RLLDVPIR:0.5952380952380952	GRGMRAAK:0.30952380952380953	GCVRAHRE:0.30952380952380953	VRAHRELA:0.5238095238095238	VAVRDTVR:0.30952380952380953	ARCLLWHT:0.2619047619047619	LLDVPIRR:0.5952380952380952	WHTEVEAE:0.40476190476190477	RYDLTVRG:0.21428571428571427	PPRPPYPP:0.35714285714285715	RAHRELAP:0.5	AHRELAPT:0.2619047619047619	QCLLWHTE:0.21428571428571427	ISVPAGLL:0.21428571428571427	AAEQLSHF:0.2857142857142857	EYAVICLA:0.23809523809523808	YNRLLDVP:0.5	ETVLGWGA:0.23809523809523808	EQLSHFEG:0.23809523809523808	AEQLSHFE:0.2619047619047619	ASQCLLWH:0.21428571428571427	SVPAGLLG:0.23809523809523808	EQAREKFR:0.30952380952380953	AGVVILGT:0.21428571428571427	ADPGLCLD:0.21428571428571427	VPAGLLGM:0.21428571428571427	DGLLRSVA:0.23809523809523808	PTPHPPRP:0.35714285714285715	LLGMDTDT:0.21428571428571427	LEQAREKF:0.30952380952380953	GALLPDVR:0.23809523809523808	PAGLLGMD:0.23809523809523808	VRDTVRQW:0.21428571428571427	GVVILGTC:0.21428571428571427	REKFREGC:0.2619047619047619	QAREKFRE:0.3333333333333333	VVILGTCA:0.21428571428571427	MARHWQPA:0.23809523809523808	VILGTCAD:0.21428571428571427	MPTPHPPR:0.35714285714285715	AGLLGMDT:0.21428571428571427	LAETVLGW:0.21428571428571427	AETVLGWG:0.21428571428571427	LLAETVLG:0.21428571428571427	RFYNRLLD:0.3333333333333333	CRFYNRLL:0.3333333333333333	FYNRLLDV:0.2857142857142857	TVQGELLP:0.21428571428571427	VQGELLPR:0.21428571428571427	DVRYDLTV:0.2857142857142857	VVKVRDGS:0.21428571428571427	VASAGLLA:0.21428571428571427	HAAEQLGH:0.21428571428571427	GVASAGLL:0.21428571428571427	MVTATAFH:0.21428571428571427	
