cluster number:50
CBM13:26	CBM13:26|GH19:11|CBM35:1|GH31:1
ETIRTING:0.38461538461538464	CNGTNAQK:0.4230769230769231	DCNGTNAQ:0.4230769230769231	TEGDYVIR:0.3076923076923077	DGAKVQQW:0.4230769230769231	LSWNGNYC:0.4230769230769231	TADGAKVQ:0.5769230769230769	CIDVASSS:0.2692307692307692	GFGETIRT:0.38461538461538464	AGFGETIR:0.23076923076923078	EGDYVIRS:0.5	REVAAFLA:0.23076923076923078	CAAGNALG:0.23076923076923078	SWNGNYCA:0.4230769230769231	IDVASSST:0.2692307692307692	AKVQQWDC:0.3076923076923077	NGNYCAAG:0.4230769230769231	VQQWDCNG:0.3076923076923077	RKREVAAF:0.4230769230769231	IINVNSGK:0.3076923076923077	GETIRTIN:0.38461538461538464	NYCAAGNA:0.23076923076923078	KREVAAFL:0.23076923076923078	EVAAFLAN:0.23076923076923078	KVQQWDCN:0.3076923076923077	ASSSTADG:0.3076923076923077	NPGQVQSR:0.2692307692307692	WNGNYCAA:0.4230769230769231	SSTADGAK:0.46153846153846156	DVASSSTA:0.2692307692307692	TRKREVAA:0.4230769230769231	QWDCNGTN:0.2692307692307692	WDCNGTNA:0.4230769230769231	STADGAKV:0.5384615384615384	GAKVQQWD:0.3076923076923077	FGETIRTI:0.38461538461538464	GNYCAAGN:0.23076923076923078	YCAAGNAL:0.23076923076923078	QQWDCNGT:0.2692307692307692	VASSSTAD:0.2692307692307692	GDYVIRSV:0.23076923076923078	KCIDVASS:0.2692307692307692	PGQVQSRI:0.2692307692307692	ITEGDYVI:0.23076923076923078	KIINVNSG:0.2692307692307692	QLSWNGNY:0.4230769230769231	SSSTADGA:0.38461538461538464	NGTNAQKF:0.4230769230769231	ADGAKVQQ:0.4230769230769231	GTNAQKFH:0.23076923076923078	TNAQKFHI:0.23076923076923078	NAQKFHIS:0.3076923076923077	AQKFHISP:0.3076923076923077	FSIHARHT:0.2692307692307692	QKFHISPT:0.3076923076923077	SIHARHTD:0.2692307692307692	YVGGANQQ:0.3076923076923077	RGPIQLSW:0.34615384615384615	VGGANQQF:0.2692307692307692	GPIQLSWN:0.34615384615384615	SDGYWKII:0.2692307692307692	DGYWKIIN:0.2692307692307692	GRGPIQLS:0.34615384615384615	YGRGPIQL:0.3076923076923077	TSDGYWKI:0.3076923076923077	ILSESTFN:0.23076923076923078	SPTSDGYW:0.23076923076923078	IHARHTDM:0.23076923076923078	PYTGTANQ:0.2692307692307692	QYPYTGTA:0.2692307692307692	HQWSYVGG:0.34615384615384615	YYGRGPIQ:0.3076923076923077	WGSADNGT:0.34615384615384615	GYWKIINV:0.2692307692307692	PIQLSWNG:0.34615384615384615	VQYPYTGT:0.34615384615384615	PTSDGYWK:0.2692307692307692	IQLSWNGN:0.34615384615384615	GDYVIRSA:0.34615384615384615	QWSYVGGA:0.2692307692307692	WSYVGGAN:0.2692307692307692	YPYTGTAN:0.2692307692307692	SYVGGANQ:0.2692307692307692	WKIINVNS:0.3076923076923077	YWKIINVN:0.2692307692307692	MFPNRNPF:0.23076923076923078	IINVNSNK:0.2692307692307692	FPNRNPFY:0.23076923076923078	PNRNPFYT:0.23076923076923078	NRNPFYTY:0.23076923076923078	MAIDLYWG:0.2692307692307692	RHTDMAID:0.38461538461538464	YVIRSVMT:0.2692307692307692	IRSVMTNK:0.23076923076923078	RSVMTNKC:0.23076923076923078	KFHISPTS:0.2692307692307692	HTDMAIDL:0.23076923076923078	DLYWGSAD:0.3076923076923077	YWGSADNG:0.3076923076923077	LYWGSADN:0.3076923076923077	TDMAIDLY:0.23076923076923078	IDLYWGSA:0.3076923076923077	DMAIDLYW:0.23076923076923078	AIDLYWGS:0.3076923076923077	VIRSVMTN:0.23076923076923078	VNSNKALD:0.3076923076923077	NSNKALDI:0.2692307692307692	NVNSNKAL:0.3076923076923077	MTNKCIDV:0.23076923076923078	
