cluster number:28
CBM13:54	CBM13:54|GH64:19
SAAGDLVN:0.2037037037037037	CMDVAWGS:0.3148148148148148	NPQANKCV:0.37037037037037035	VNPQANKC:0.48148148148148145	PAQQFVLS:0.3148148148148148	DLVNPQAN:0.46296296296296297	GVTSGGSG:0.2222222222222222	QAQGVTSG:0.5740740740740741	PQANKCVD:0.37037037037037035	GGFVTAGH:0.5185185185185185	GRTTGWRC:0.2037037037037037	FAGSSFPG:0.2037037037037037	YDIRGGDQ:0.2037037037037037	CRSGRTTG:0.2222222222222222	GNPAQQFV:0.37037037037037035	AEGGDSGG:0.2037037037037037	LVNPQANK:0.48148148148148145	DGARLQLW:0.2037037037037037	GFVTAGHC:0.5370370370370371	GDLVNPQA:0.4444444444444444	QANKCVDI:0.3148148148148148	LSAAGDLV:0.2222222222222222	RTTGWRCG:0.2037037037037037	SGRTTGWR:0.2037037037037037	VTSGGSGN:0.2037037037037037	ACAEGGDS:0.2037037037037037	VPNSNFSD:0.2222222222222222	CAEGGDSG:0.2037037037037037	QGVTSGGS:0.2222222222222222	TSGGSGNC:0.2037037037037037	RSGRTTGW:0.2222222222222222	PNSNFSDG:0.2222222222222222	FVTAGHCG:0.5370370370370371	SGNPAQQF:0.3333333333333333	AGDLVNPQ:0.5370370370370371	CSGNPAQQ:0.4074074074074074	VLSAAGDL:0.2222222222222222	NSNFSDGV:0.2222222222222222	DVPNSNFS:0.2222222222222222	NPAQQFVL:0.37037037037037035	AAGDLVNP:0.25925925925925924	AQGVTSGG:0.25925925925925924	TPDGLVQP:0.2222222222222222	AYAFAFDD:0.2037037037037037	NSSQVDMF:0.25925925925925924	LTPDGLVQ:0.2222222222222222	LCAALNRG:0.2037037037037037	LNRGTLGT:0.2222222222222222	TLCAALNR:0.2037037037037037	AALNRGTL:0.2037037037037037	WLNSSQVD:0.25925925925925924	SLVHDGDP:0.2222222222222222	CAALNRGT:0.2037037037037037	ILFDWSEF:0.24074074074074073	LWLNSSQV:0.24074074074074073	DWSEFTYN:0.2962962962962963	FESLVHDG:0.2037037037037037	PDGLVQPA:0.2222222222222222	ALNRGTLG:0.24074074074074073	YAFAFDDV:0.2037037037037037	LFDWSEFT:0.2962962962962963	GLWLNSSQ:0.24074074074074073	LNSSQVDM:0.2222222222222222	RSDGTVLR:0.2222222222222222	WSEFTYND:0.2962962962962963	ESLVHDGD:0.2222222222222222	DGLVQPAP:0.25925925925925924	FDWSEFTY:0.2962962962962963	TRSDGTVL:0.2222222222222222	LVQPAPWA:0.24074074074074073	RTLCAALN:0.2037037037037037	LVHDGDPR:0.2037037037037037	GLVQPAPW:0.2962962962962963	SSQVDMFA:0.2222222222222222	VLRVLAPG:0.2962962962962963	GTVLRVLA:0.2962962962962963	EFTYNDAG:0.2037037037037037	DGTVLRVL:0.2962962962962963	TVLRVLAP:0.2962962962962963	RVLAPGKA:0.2962962962962963	LRVLAPGK:0.2962962962962963	VLAPGKAA:0.25925925925925924	TTGWRCGT:0.24074074074074073	GNQAQGVT:0.46296296296296297	NGGFVTAG:0.2222222222222222	LSGAGDLV:0.4074074074074074	ISGNQAQG:0.2777777777777778	VTAGHCGG:0.37037037037037035	NQAQGVTS:0.46296296296296297	CIDVPNSN:0.2037037037037037	SGNQAQGV:0.42592592592592593	VNGGFVTA:0.2222222222222222	RGGDQYVI:0.2037037037037037	AWGSTANG:0.2037037037037037	KCMDVAWG:0.2037037037037037	WGSTANGA:0.2222222222222222	FVLSGAGD:0.25925925925925924	GAGDLVNP:0.24074074074074073	SGAGDLVN:0.2222222222222222	VLSGAGDL:0.3333333333333333	
