cluster number:56
CBM13:42	CBM13:42|CE3:27|CE1:7|GH27:4|CE15:1
VMPLGDSI:0.5952380952380952	GTQVPGGY:0.35714285714285715	AESNGGTR:0.21428571428571427	WRIDQIDA:0.42857142857142855	TEGTQVPG:0.38095238095238093	ITEGTQVP:0.38095238095238093	GTNDILQN:0.35714285714285715	SNGGTRVM:0.21428571428571427	GGTRVMPL:0.21428571428571427	RIGLWQRL:0.2857142857142857	GDSITEGT:0.40476190476190477	IDQIDANI:0.3333333333333333	LGDSITEG:0.40476190476190477	LHIGTNDI:0.40476190476190477	TRVMPLGD:0.21428571428571427	LIDGVHPT:0.21428571428571427	IGTNDILQ:0.3333333333333333	SITEGTQV:0.38095238095238093	GHPGWRID:0.40476190476190477	NDILQNYN:0.30952380952380953	GYRIGLWQ:0.42857142857142855	RIDQIDAN:0.42857142857142855	ESNGGTRV:0.21428571428571427	PLGDSITE:0.40476190476190477	PGWRIDQI:0.38095238095238093	GTRVMPLG:0.21428571428571427	PGGYRIGL:0.42857142857142855	TQVPGGYR:0.35714285714285715	QVPGGYRI:0.3333333333333333	EGTQVPGG:0.38095238095238093	RTVLLHIG:0.2857142857142857	RVMPLGDS:0.5714285714285714	GWRIDQID:0.4523809523809524	GGYRIGLW:0.42857142857142855	VPGGYRIG:0.40476190476190477	YRIGLWQR:0.42857142857142855	TNDILQNY:0.3333333333333333	DSITEGTQ:0.40476190476190477	DILQNYNV:0.30952380952380953	TVLLHIGT:0.40476190476190477	PRTVLLHI:0.2857142857142857	LLHIGTND:0.5714285714285714	HPGWRIDQ:0.40476190476190477	VLLHIGTN:0.5	MPLGDSIT:0.6190476190476191	DLIDGVHP:0.21428571428571427	NGGTRVMP:0.21428571428571427	HIGTNDIL:0.3333333333333333	GVRVMPLG:0.35714285714285715	LGDHDHEG:0.4523809523809524	SNGGVRVM:0.3333333333333333	DHDHEGHP:0.2619047619047619	GSGRCLDV:0.23809523809523808	VGSQFNGP:0.35714285714285715	FVGSQFNG:0.2619047619047619	GGYDKMAA:0.2619047619047619	DHEGHPGW:0.2619047619047619	ILQNYNVS:0.21428571428571427	GGVRVMPL:0.35714285714285715	AGGYDKMA:0.23809523809523808	HDHEGHPG:0.2619047619047619	ESNGGVRV:0.3333333333333333	EGHPGWRI:0.2619047619047619	NGGVRVMP:0.3333333333333333	NAAIPGIV:0.23809523809523808	AESNGGVR:0.38095238095238093	VRVMPLGD:0.35714285714285715	GDHDHEGH:0.4523809523809524	HEGHPGWR:0.2619047619047619	DFVGSQFN:0.2619047619047619	GKRVHLVD:0.21428571428571427	WDCHGGTN:0.21428571428571427	DCHGGTNQ:0.23809523809523808	GVQSGLCL:0.21428571428571427	VDFVGSQF:0.21428571428571427	
