cluster number:75
CBM13:54	CBM13:54|GH43_24:43|3.2.1.145:2|GH141:1|GH18:1|GH43_23:1|CE8:1
TSYLYLGD:0.4444444444444444	QTAYVLPV:0.2962962962962963	ERPKVVYN:0.2222222222222222	WRGSFRPL:0.2222222222222222	NYDLHIYR:0.2777777777777778	ANIERPKV:0.5555555555555556	WEFRNHVL:0.2962962962962963	GSQTAYVL:0.2777777777777778	FMLTSGAT:0.3333333333333333	TVNDSRYV:0.24074074074074073	DSRYVWLP:0.42592592592592593	YDLHIYRL:0.2777777777777778	GTSGTSYL:0.2037037037037037	AHGGGVLK:0.24074074074074073	YFMLTSGA:0.3333333333333333	GDRWGNSF:0.3333333333333333	PGGHREAP:0.3148148148148148	SQTAYVLP:0.2962962962962963	DLHIYRLT:0.3148148148148148	EAPALFKR:0.5370370370370371	TSGTSYLY:0.2037037037037037	GWNPNQQQ:0.2777777777777778	WGNSFGGT:0.2222222222222222	YSEARAAV:0.25925925925925924	IERPKVVY:0.2222222222222222	GSFRPLGQ:0.2222222222222222	SRYVWLPL:0.4074074074074074	ANPWPGGH:0.24074074074074073	VANPWPGG:0.24074074074074073	SGATGWNP:0.2962962962962963	FGGTVNDS:0.24074074074074073	ARAAVAVS:0.35185185185185186	FVMWMHKE:0.42592592592592593	APALFKRG:0.2777777777777778	GVYFMLTS:0.3148148148148148	VYFMLTSG:0.3888888888888889	GTVNDSRY:0.24074074074074073	TAYGSQTA:0.2222222222222222	RHSGKCAD:0.2037037037037037	GATGWNPN:0.2962962962962963	DYSEARAA:0.24074074074074073	IYRLTADY:0.2777777777777778	LVANPWPG:0.24074074074074073	PNQQQYAT:0.3333333333333333	VMWMHKEN:0.5555555555555556	RNADNTFR:0.2777777777777778	AVSDTVDG:0.3148148148148148	REAPALFK:0.5370370370370371	DRWGNSFG:0.3333333333333333	GTSYLYLG:0.25925925925925924	YLYLGDRW:0.46296296296296297	LYLGDRWG:0.3148148148148148	YGSQTAYV:0.24074074074074073	NSFGGTVN:0.2222222222222222	NPWPGGHR:0.24074074074074073	EARAAVAV:0.3148148148148148	RLTADYTG:0.2222222222222222	RAAVAVSD:0.2962962962962963	TSGATGWN:0.2962962962962963	GGHREAPA:0.3888888888888889	MWMHKENG:0.5	RWGNSFGG:0.3333333333333333	VNDSRYVW:0.42592592592592593	AVAVSDTV:0.3148148148148148	AYRSTDLK:0.3148148148148148	NQQQYATA:0.35185185185185186	GGTVNDSR:0.24074074074074073	HAHGGGVL:0.2222222222222222	VAVSDTVD:0.3148148148148148	PWPGGHRE:0.24074074074074073	EFRNHVLT:0.2962962962962963	GNSFGGTV:0.2222222222222222	WPGGHREA:0.25925925925925924	WNPNQQQY:0.2777777777777778	YRLTADYT:0.2777777777777778	NPNQQQYA:0.2777777777777778	ARHSGKCA:0.2222222222222222	AAVAVSDT:0.3148148148148148	MLTSGATG:0.3333333333333333	GHREAPAL:0.4074074074074074	SYLYLGDR:0.4444444444444444	SEARAAVA:0.25925925925925924	AYVLPVQG:0.3148148148148148	ATGWNPNQ:0.35185185185185186	TGWNPNQQ:0.3148148148148148	HREAPALF:0.4444444444444444	TAYVLPVQ:0.25925925925925924	LGDRWGNS:0.2962962962962963	YLGDRWGN:0.2962962962962963	SFGGTVND:0.24074074074074073	SGTSYLYL:0.2222222222222222	NDSRYVWL:0.42592592592592593	LTSGATGW:0.4444444444444444	PVHAHGGG:0.2037037037037037	ERPKVMYN:0.25925925925925924	IERPKVMY:0.24074074074074073	QYATATSL:0.2037037037037037	QQYATATS:0.2962962962962963	KFVMWMHK:0.2037037037037037	HGGGVLKV:0.2222222222222222	GYMVSAAR:0.2222222222222222	QQQYATAT:0.3148148148148148	VWLPLTFP:0.2037037037037037	NADNTFRY:0.2222222222222222	VHAHGGGV:0.3333333333333333	TGKFVMWM:0.2037037037037037	ADNTFRYV:0.2222222222222222	GKFVMWMH:0.2037037037037037	GGGVLKVG:0.2222222222222222	YVWLPLTF:0.2037037037037037	RPKVMYNA:0.2037037037037037	NIERPKVM:0.2037037037037037	HAHGGGVI:0.2222222222222222	SGKCLDVA:0.3148148148148148	ENRNADNT:0.2037037037037037	QHMSRDIT:0.24074074074074073	YVLPVQGS:0.25925925925925924	YYYWFGEN:0.37037037037037035	HMSRDITL:0.2222222222222222	NRNADNTF:0.2037037037037037	FGENRNAD:0.2777777777777778	AHGGGVIK:0.25925925925925924	WFGENRNA:0.2777777777777778	YWFGENRN:0.4444444444444444	GENRNADN:0.2037037037037037	YYWFGENR:0.48148148148148145	RWAGAWGG:0.2037037037037037	TSYLYMGD:0.24074074074074073	SYLYMGDR:0.25925925925925924	YGEARAAV:0.24074074074074073	GDRWAGAW:0.2962962962962963	GEARAAVA:0.24074074074074073	DRWAGAWG:0.2037037037037037	YLYMGDRW:0.2777777777777778	RHSGKCLD:0.3148148148148148	HSGKCLDV:0.3333333333333333	ARHSGKCL:0.3148148148148148	
