cluster number:145
CBM13:11	CBM13:11|CBM2:9|CBM6:5|GH43_16:5|CE1:4|GH10:4|3.2.1.8:1|CBM36:1|3.1.1.73:1|3.2.1.-:1
INSWGSGY:0.36363636363636365	LYLLHGIG:0.36363636363636365	QKYLTVEG:0.45454545454545453	YTDREHRA:0.2727272727272727	LLHGIGGN:0.36363636363636365	SSWNVNVK:0.36363636363636365	IGGNENEW:0.2727272727272727	DGWYYIKG:0.45454545454545453	SQKYLTVE:0.45454545454545453	PNGGSVEF:0.2727272727272727	VLYLLHGI:0.36363636363636365	GWYYIKGV:0.36363636363636365	LHGIGGNE:0.36363636363636365	IPNGGSVE:0.2727272727272727	HGIGGNEN:0.2727272727272727	NGGSVEFG:0.2727272727272727	GIGGNENE:0.2727272727272727	NSWGSGYQ:0.2727272727272727	KYLTVEGN:0.45454545454545453	YLLHGIGG:0.36363636363636365	LEYFKLTD:0.2727272727272727	GVDGQKWY:0.36363636363636365	VITPVDWN:0.2727272727272727	GFEVQITE:0.2727272727272727	YVITPVDW:0.2727272727272727	KLFYNDYN:0.2727272727272727	VKLFYNDY:0.2727272727272727	DGWYYIKN:0.2727272727272727	VDGQKWYV:0.36363636363636365	NSGWEAVY:0.2727272727272727	LVWHSQTP:0.2727272727272727	QQWQFEKV:0.2727272727272727	YNDYNTYM:0.2727272727272727	FYNDYNTY:0.36363636363636365	YVKKAFNY:0.2727272727272727	LVNYINQG:0.2727272727272727	AGFEVQIT:0.2727272727272727	TLVWHSQT:0.2727272727272727	SGWEAVYG:0.2727272727272727	GTGVDGQK:0.2727272727272727	TGVDGQKW:0.2727272727272727	NQQWQFEK:0.36363636363636365	LFYNDYNT:0.36363636363636365	WEAVYGNN:0.2727272727272727	KKAFNYAY:0.2727272727272727	VKKAFNYA:0.2727272727272727	YQNGLKMR:0.2727272727272727	HTLVWHSQ:0.2727272727272727	CYQNGLKM:0.2727272727272727	GWEAVYGN:0.2727272727272727	GQGYTLDV:0.2727272727272727	TANGMSAQ:0.2727272727272727	GTGTGVAG:0.2727272727272727	GMQSHLGT:0.2727272727272727	TGTGVAGQ:0.2727272727272727	GYTLDVVY:0.2727272727272727	TNIQTYTA:0.2727272727272727	QTYTANGM:0.2727272727272727	GLDVENKG:0.2727272727272727	QGYTLDVV:0.2727272727272727	GQKWYLTN:0.2727272727272727	TLKNGQGY:0.2727272727272727	ANGMSAQE:0.2727272727272727	YTANGMSA:0.2727272727272727	DVVYGKDE:0.2727272727272727	VVYGKDED:0.2727272727272727	TYTANGMS:0.2727272727272727	VEIGTGTG:0.36363636363636365	EIGTGTGV:0.2727272727272727	VAGQKWYL:0.2727272727272727	KNGQGYTL:0.2727272727272727	VTLKNGQG:0.2727272727272727	VNVEIGTG:0.2727272727272727	NVEIGTGT:0.36363636363636365	LDVVYGKD:0.2727272727272727	YVTLKNGQ:0.2727272727272727	GVAGQKWY:0.2727272727272727	GMSAQEFK:0.2727272727272727	LDVENKGT:0.2727272727272727	LKNGQGYT:0.2727272727272727	GTGVAGQK:0.2727272727272727	TLDVVYGK:0.2727272727272727	IGTGTGVA:0.2727272727272727	NGQGYTLD:0.2727272727272727	GTTDGSNV:0.2727272727272727	NIQTYTAN:0.2727272727272727	IQTYTANG:0.2727272727272727	GYVTLKNG:0.36363636363636365	NGMSAQEF:0.2727272727272727	TGVAGQKW:0.2727272727272727	YTLDVVYG:0.2727272727272727	ADSPTGPW:0.36363636363636365	DAPYLFED:0.36363636363636365	DSSWNVNV:0.2727272727272727	DKFFLYFA:0.36363636363636365	GTGYLYFG:0.36363636363636365	VDSDGTGY:0.2727272727272727	DSGINKIG:0.36363636363636365	YYYSYCSN:0.36363636363636365	DGTGYLYF:0.36363636363636365	APYLFEDS:0.36363636363636365	SGINKIGN:0.36363636363636365	FEDSGINK:0.36363636363636365	PNQQWQFE:0.2727272727272727	SDGTGYLY:0.2727272727272727	GYLYFGGG:0.36363636363636365	GNPNQQWQ:0.2727272727272727	KFFLYFAN:0.36363636363636365	NPNQQWQF:0.2727272727272727	LFEDSGIN:0.36363636363636365	FFLYFANN:0.36363636363636365	DSDGTGYL:0.2727272727272727	TGYLYFGG:0.36363636363636365	AHPKTARV:0.2727272727272727	EDSGINKI:0.36363636363636365	PYLFEDSG:0.36363636363636365	IDAPYLFE:0.36363636363636365	YLFEDSGI:0.36363636363636365	DGWYYLKN:0.2727272727272727	GWYYLKNT:0.2727272727272727	FLYFANNA:0.2727272727272727	
