cluster number:202
CBM13:6	CBM13:6
KYLAYFNG:0.3333333333333333	WRLKNKAT:0.3333333333333333	TGKCLDSN:0.3333333333333333	VYVGACNG:0.3333333333333333	LKNKATGR:0.3333333333333333	NKATGRTL:0.3333333333333333	GKYLAYFN:0.3333333333333333	AVYVGACN:0.3333333333333333	VGACNGGN:0.3333333333333333	AGTGQAFA:0.3333333333333333	GAVYVGAC:0.3333333333333333	GWRLKNKA:0.3333333333333333	AAAAVLAP:0.3333333333333333	VRTTSATG:0.3333333333333333	RTTSATGA:0.3333333333333333	RLKNKATG:0.3333333333333333	KNKATGRT:0.3333333333333333	YVGACNGG:0.3333333333333333	GKCLDSNR:0.3333333333333333	GTGQAFAA:0.3333333333333333	NGKYLAYF:0.3333333333333333	NGGNYQKW:0.6666666666666666	CNGGNYQK:0.3333333333333333	GGNYQKWY:0.5	TGRYLDSN:0.3333333333333333	TGRLLDSN:0.3333333333333333	ATGRYLDS:0.3333333333333333	GRLLDSNY:0.3333333333333333	NGGNYQRW:0.3333333333333333	VYTLPCNG:0.3333333333333333	YTLPCNGG:0.3333333333333333	TGRCLDSN:0.5	TLPCNGGS:0.3333333333333333	LPCNGGSY:0.3333333333333333	PCNGGSYQ:0.3333333333333333	GRCLDSNG:0.3333333333333333	
