cluster number:68
CBM13:81	CBM13:81|GH16:71|3.2.1.39:4|CBM6:4|GH64:3|GH0:1|3.2.1.6:1|3.2.1.73:1
LNVAVGGN:0.2222222222222222	VAVGGNWP:0.2839506172839506	DIMENIGR:0.2345679012345679	QMLVDYVR:0.37037037037037035	RGQGIWPA:0.3333333333333333	MLVDYVRV:0.37037037037037035	GRFEARIK:0.2222222222222222	YTSARLLT:0.25925925925925924	WPAFWMLG:0.7654320987654321	KIPRGQGI:0.2345679012345679	YGRFEARI:0.2345679012345679	WVFDHPFF:0.32098765432098764	GEIDIMEN:0.4691358024691358	EARIKIPR:0.25925925925925924	MENIGREP:0.25925925925925924	IDIMENIG:0.2345679012345679	IKIPRGQG:0.2716049382716049	ARIKIPRG:0.25925925925925924	RIKIPRGQ:0.2716049382716049	TVHGPGYS:0.20987654320987653	AVGGNWPG:0.5925925925925926	NVAVGGNW:0.2839506172839506	HGPGYSGG:0.41975308641975306	IPRGQGIW:0.2839506172839506	GQGIWPAF:0.4567901234567901	IMENIGRE:0.2345679012345679	VFDHPFFM:0.20987654320987653	EIDIMENI:0.2345679012345679	RWVFDHPF:0.20987654320987653	VHGPGYSG:0.20987654320987653	NLVITARR:0.2839506172839506	PRGQGIWP:0.3333333333333333	GIWPAFWM:0.4567901234567901	GNLVITAR:0.37037037037037035	ILNVAVGG:0.25925925925925924	IWPAFWML:0.4567901234567901	QGIWPAFW:0.4567901234567901	SGEIDIME:0.43209876543209874	NNELQYYT:0.37037037037037035	GNNELQYY:0.4074074074074074	EIDIMENV:0.2345679012345679	RALGKCLD:0.25925925925925924	ALGKCLDV:0.25925925925925924	IDIMENVG:0.2345679012345679	VRALGKCL:0.2222222222222222	LVDYVRVY:0.20987654320987653	LVITARRE:0.24691358024691357	GTIHGPGY:0.20987654320987653	TIHGPGYS:0.20987654320987653	GWGNNELQ:0.35802469135802467	NLAVGGNW:0.2345679012345679	VDYVRVYQ:0.2716049382716049	LNLAVGGN:0.24691358024691357	WGNNELQY:0.32098765432098764	GGNWPGSP:0.2962962962962963	LAVGGNWP:0.2345679012345679	VGGNWPGS:0.2962962962962963	LLNLAVGG:0.20987654320987653	CQYTSARL:0.20987654320987653	AFWMLGND:0.20987654320987653	PAFWMLGN:0.2222222222222222	GLWPAFWM:0.24691358024691357	LWPAFWML:0.24691358024691357	GQGLWPAF:0.2345679012345679	QGLWPAFW:0.2345679012345679	
