cluster number:154
CBM13:52	CBM13:52|GH18:24|GH46:9|GH3:5|GH26:3|CE0:2|GH75:1|PL7_4:1|GH76:1
ANGTAVQL:0.34615384615384615	ALGKCLDV:0.4423076923076923	SANGTAVQ:0.21153846153846154	DGTLRALG:0.25	TLRALGKC:0.36538461538461536	GTLRALGK:0.2692307692307692	RALGKCLD:0.38461538461538464	QLWDCNGT:0.21153846153846154	DCNGTGAQ:0.4230769230769231	IQLWDCNG:0.25	GKCVDVAA:0.25	GGKCVDVA:0.34615384615384615	KCVDVAAA:0.23076923076923078	LYDCNGTG:0.21153846153846154	LGKCLDVT:0.3076923076923077	QLYDCNGT:0.28846153846153844	YDCNGTGA:0.2692307692307692	TRLQIWDC:0.36538461538461536	GVPFYSRP:0.28846153846153844	SADGTRLQ:0.25	NWELSQDT:0.2692307692307692	LTHINYAF:0.28846153846153844	AYDGGSPH:0.34615384615384615	VDWLNIMA:0.3269230769230769	SSADGTRL:0.25	YDGGSPHA:0.34615384615384615	SVGYMPSW:0.23076923076923078	WLNIMAYD:0.3269230769230769	NYAFVLPN:0.25	DWEYPDPG:0.34615384615384615	LGVPFYSR:0.28846153846153844	PHANYDWS:0.3076923076923077	INYAFVLP:0.21153846153846154	HANYDWSI:0.3076923076923077	MNWELSQD:0.34615384615384615	SPHANYDW:0.3076923076923077	ELSQDTTG:0.21153846153846154	GTRLQIWD:0.38461538461538464	MDPANANR:0.25	HINYAFVL:0.21153846153846154	VLGVPFYS:0.28846153846153844	GSPHANYD:0.3076923076923077	RGKLLTAA:0.28846153846153844	KLLTAAVV:0.34615384615384615	GGSPHANY:0.3076923076923077	LNIMAYDG:0.34615384615384615	WELSQDTT:0.21153846153846154	DWLNIMAY:0.3269230769230769	THINYAFV:0.21153846153846154	RLQIWDCF:0.28846153846153844	NIMAYDGG:0.34615384615384615	DPANANRD:0.3269230769230769	KLTHINYA:0.28846153846153844	MAYDGGSP:0.34615384615384615	DGTRLQIW:0.28846153846153844	PANANRDC:0.3076923076923077	DSAFEALA:0.28846153846153844	GAQQCYNG:0.21153846153846154	ADGTRLQI:0.28846153846153844	GKLLTAAV:0.34615384615384615	DGGSPHAN:0.3076923076923077	LLTAAVVS:0.3269230769230769	IMAYDGGS:0.34615384615384615	VQLYDCNG:0.23076923076923078	TAAVVSEG:0.28846153846153844	DMDWEYPD:0.25	QYNLDGVD:0.23076923076923078	AGGMMNWE:0.21153846153846154	LTAAVVSE:0.28846153846153844	MMNWELSQ:0.21153846153846154	GVDMDWEY:0.25	PFYSRPGY:0.2692307692307692	ANAGGMMN:0.21153846153846154	MDWEYPDP:0.25	SAFEALAA:0.23076923076923078	SRGKLLTA:0.25	DGVDMDWE:0.25	VPFYSRPG:0.23076923076923078	NNFKSVGY:0.23076923076923078	GMMNWELS:0.21153846153846154	VLPNNFKS:0.23076923076923078	SNGTLRNP:0.2692307692307692	ANANRDCT:0.23076923076923078	WALANAGG:0.21153846153846154	AVLGVPFY:0.21153846153846154	QAQSNGTL:0.21153846153846154	VDMDWEYP:0.25	GGMMNWEL:0.21153846153846154	AQSNGTLR:0.23076923076923078	QSNGTLRN:0.2692307692307692	PNNFKSVG:0.23076923076923078	NANRDCTT:0.21153846153846154	LPNNFKSV:0.23076923076923078	NAGGMMNW:0.21153846153846154	ANYDWSIN:0.21153846153846154	LDGVDMDW:0.25	KAVLGVPF:0.21153846153846154	WQAQSNGT:0.21153846153846154	AFEALAAN:0.23076923076923078	GTAVQLYD:0.21153846153846154	NGTAVQLY:0.2692307692307692	AVQLYDCN:0.21153846153846154	TAVQLYDC:0.21153846153846154	
