cluster number:198
CBM13:36	CBM13:36|GH54:28|GH43_26:6|GH16:1
SGPWVEAD:0.2777777777777778	GPWVEADL:0.4166666666666667	PSDATENA:0.2777777777777778	ATENAVQA:0.3333333333333333	CTGSGPWV:0.3055555555555556	AHSTTRAL:0.3333333333333333	WVEADLEN:0.4166666666666667	LGTGGDNS:0.3888888888888889	HSTTRALF:0.25	VEADLENG:0.4166666666666667	ADLENGMF:0.2777777777777778	PWVEADLE:0.4166666666666667	EADLENGM:0.3611111111111111	TGSGPWVE:0.2222222222222222	GSGPWVEA:0.2777777777777778	SDATENAV:0.2777777777777778	DATENAVQ:0.3333333333333333	TTGIATGS:0.2222222222222222	YQVKRASD:0.2222222222222222	HSTVRALF:0.2222222222222222	AAHSTVRA:0.25	AVQANIVA:0.25	LGIGGDNS:0.3055555555555556	GAIILGIG:0.2222222222222222	ENAVQANI:0.3333333333333333	CFDYGNAE:0.5277777777777778	ADLENGLF:0.2777777777777778	CCFDYGNA:0.5277777777777778	TENAVQAN:0.2222222222222222	FDYGNAET:0.3055555555555556	NAVQANIV:0.3611111111111111	AIILGIGG:0.2222222222222222	AHSTVRAL:0.25	IILGIGGD:0.3055555555555556	YGNAETNN:0.25	DYGNAETN:0.25	ILGIGGDN:0.3055555555555556	LYQVKRAS:0.2222222222222222	GTGGDNSN:0.2222222222222222	TGNGHMDA:0.2777777777777778	DTGNGHMD:0.2777777777777778	AGGHKVYG:0.2222222222222222	ASGTHVGS:0.2222222222222222	TPCVAAHS:0.3055555555555556	YMVASGTH:0.25	VASGTHVG:0.2222222222222222	MVASGTHV:0.25	NPQSGRCL:0.3333333333333333	AVQLWDCQ:0.2222222222222222	NGHMDAVS:0.2222222222222222	GPGGKCVD:0.2222222222222222	GNGHMDAV:0.2222222222222222	PQSGRCLD:0.3333333333333333	ATTCYFAP:0.2222222222222222	PGGKCVDV:0.2222222222222222	GGKCVDVA:0.25	TTCYFAPC:0.2222222222222222	SYNGPLYQ:0.2222222222222222	TLGRCLDI:0.25	GTPCVAAH:0.3055555555555556	RTLGRCLD:0.25	PCVAAHST:0.25	
