cluster number:104
CBM13:24	CBM13:24|CBM2:1|GH16:1
FLGSGNFR:0.20833333333333334	YNGTWDAA:0.375	PTTAVLRT:0.25	DNAPLQLW:0.25	VLFLDDAP:0.2916666666666667	TADNAPLQ:0.25	IAFYNGTW:0.2916666666666667	IQQYTCNG:0.2916666666666667	LFLDDAPQ:0.20833333333333334	WGPTTAVL:0.4583333333333333	VARHSGKC:0.20833333333333334	FKVIAFYN:0.25	LYANFGHN:0.6666666666666666	NGTAIQQY:0.2916666666666667	GTWDAAHI:0.4583333333333333	ANGTAIQQ:0.2916666666666667	AAQRAGFE:0.20833333333333334	ARHSGKCL:0.4583333333333333	ANFGHNAM:0.7083333333333334	MLYANFGH:0.6666666666666666	TWDAAHID:0.3333333333333333	TWGPTTAV:0.4583333333333333	WLGFHVSA:0.25	GPTTAVLR:0.375	NTWGPTTA:0.5416666666666666	SAVSEWYS:0.3333333333333333	FGHNAMNY:0.5	RSNTWGPT:0.20833333333333334	QQYTCNGT:0.3333333333333333	KVIAFYNG:0.25	AFYNGTWD:0.5	LGFHVSAF:0.20833333333333334	ADNAPLQL:0.25	VVLFLDDA:0.2916666666666667	WDAAHIDF:0.3333333333333333	TTAVLRTE:0.25	AAQSFRLT:0.20833333333333334	NFGHNAMN:0.5	FYNGTWDA:0.375	YANFGHNA:0.75	VIAFYNGT:0.3333333333333333	NGTWDAAH:0.375	AVSEWYSW:0.3333333333333333	TSAVSEWY:0.2916666666666667	FRSNTWGP:0.20833333333333334	SNTWGPTT:0.375	KMLYANFG:0.5	GKCVDARA:0.2916666666666667	ILASVDPS:0.3333333333333333	GTDPNQSW:0.4583333333333333	LAFYNGTW:0.20833333333333334	KVLAFYNG:0.25	FKVLAFYN:0.25	GTAAQSFR:0.25	QLWSYSGG:0.20833333333333334	AASANGTA:0.20833333333333334	STADSVQL:0.25	TDPNQSWY:0.4166666666666667	KCVDARAA:0.2916666666666667	EWYSWSND:0.375	WFPQAAAQ:0.20833333333333334	CVDARAAA:0.25	FHVSAFTT:0.5	ASVDPSSF:0.4166666666666667	SVDPSSFP:0.4166666666666667	YKMLYANF:0.5	VLAFYNGT:0.25	SEWYSWSN:0.4583333333333333	NGTAAQSF:0.20833333333333334	GFHVSAFT:0.5416666666666666	WYSWSNDL:0.375	LASVDPSS:0.4166666666666667	CNGTAAQS:0.20833333333333334	SGKCLDVP:0.20833333333333334	YSWSNDLR:0.375	TAAQSFRL:0.25	TADSVQLV:0.20833333333333334	AIQQYACN:0.25	GTAIQQYA:0.20833333333333334	SGKCVDAR:0.25	IQQYACNG:0.25	TAIQQYAC:0.20833333333333334	ADSVQLVQ:0.25	AAGTANGT:0.25	GTYDAAHI:0.20833333333333334	PNQTWYSG:0.20833333333333334	GHNAMDYA:0.20833333333333334	TDPNQTWY:0.20833333333333334	NFGHNAMD:0.3333333333333333	SSVSEWYS:0.3333333333333333	GTDPNQTW:0.20833333333333334	SVSEWYSW:0.3333333333333333	LSSTFASA:0.3333333333333333	TSSVSEWY:0.375	FGHNAMDY:0.3333333333333333	DPNQTWYS:0.20833333333333334	WMGFHVSA:0.3333333333333333	VSEWYSWS:0.5416666666666666	VSAFTTDA:0.25	CVDARAAG:0.2916666666666667	GGAWMGFH:0.20833333333333334	HVSAFTTD:0.2916666666666667	MGFHVSAF:0.3333333333333333	GAWMGFHV:0.20833333333333334	VDARAAGT:0.20833333333333334	VSTADNAP:0.25	TRLSSTFA:0.2916666666666667	GGGWMGFH:0.20833333333333334	WYSGYYPI:0.5	DAAHIDFV:0.25	TWYSGYYP:0.20833333333333334	RLSSTFAS:0.2916666666666667	NTRLSSTF:0.25	QTWYSGYY:0.20833333333333334	TARHSGKC:0.25	DPNQSWYS:0.375	GYYPILWT:0.3333333333333333	SGYYPILW:0.3333333333333333	SWYSGYYP:0.3333333333333333	NQSWYSGY:0.25	YSGYYPIL:0.3333333333333333	LPATFTSS:0.25	GRYHFTAR:0.20833333333333334	RHSGKCLS:0.2916666666666667	SFPLGTDP:0.5833333333333334	YQVVLFLD:0.4583333333333333	FTARHSGK:0.25	QSWYSGYY:0.3333333333333333	QVVLFLDD:0.4583333333333333	PSSFPLGT:0.4166666666666667	LGTDPNQS:0.3333333333333333	FTSSVSEW:0.2916666666666667	YYPILWTN:0.3333333333333333	PATFTSSV:0.20833333333333334	TFTSSVSE:0.25	PNQSWYSG:0.375	YHFTARHS:0.25	ATFTSSVS:0.20833333333333334	TCVDARAA:0.25	YPILWTNT:0.25	HFTARHSG:0.25	VDPSSFPL:0.375	GTCVDARA:0.20833333333333334	FPLGTDPN:0.4583333333333333	DPSSFPLG:0.375	PLGTDPNQ:0.4583333333333333	RYHFTARH:0.20833333333333334	SSFPLGTD:0.4166666666666667	VIQQYTCN:0.25	FTSAVSEW:0.25	NGTVIQQY:0.20833333333333334	DGLKWLGG:0.375	PISPTAWY:0.25	TFTSAVSE:0.25	ANGTVIQQ:0.20833333333333334	GTVIQQYT:0.20833333333333334	LDGLKWLG:0.20833333333333334	TVIQQYTC:0.25	RHSGKCLT:0.20833333333333334	QFLGSGNF:0.20833333333333334	STFASATQ:0.20833333333333334	SSTFASAT:0.20833333333333334	TFASATQN:0.20833333333333334	STADNAPL:0.20833333333333334	GLKWLGGA:0.25	WYHNQFLG:0.20833333333333334	EANQWFPQ:0.20833333333333334	KILASVDP:0.20833333333333334	IKILASVD:0.20833333333333334	
