cluster number:126
CBM13:6	CBM13:6|PL1_4:3|PL1:1
TGADNQRW:0.3333333333333333	GTTDYGHY:0.3333333333333333	NTPRIIRV:0.3333333333333333	SITDINDG:0.3333333333333333	HMVNNYFD:0.3333333333333333	YLDGTTDY:0.3333333333333333	NGKQEKIL:0.3333333333333333	GVSNIIIR:0.3333333333333333	NLSITDIN:0.3333333333333333	RNLSITDI:0.3333333333333333	GTTGGAGG:0.5	SNIIIRNL:0.5	LDGTTDYG:0.3333333333333333	VSNIIIRN:0.3333333333333333	YNGKQEKI:0.3333333333333333	GADNQRWT:0.3333333333333333	GNTPRIIR:0.3333333333333333	NYLDGTTD:0.3333333333333333	VGSNKTII:0.3333333333333333	TTDYGHYC:0.3333333333333333	TDYGHYCN:0.3333333333333333	IIRNLSIT:0.3333333333333333	DGTTDYGH:0.3333333333333333	GSNKTIIG:0.3333333333333333	LSITDIND:0.3333333333333333	IRNLSITD:0.3333333333333333	GGAGGEVV:0.3333333333333333	TGGAGGEV:0.3333333333333333	NIIIRNLT:0.3333333333333333	SSAAPTSD:0.3333333333333333	VLVRPYIT:0.3333333333333333	PYITTEPG:0.3333333333333333	VRPYITTE:0.3333333333333333	PVLVRPYI:0.3333333333333333	RPYITTEP:0.3333333333333333	DPVLVRPY:0.3333333333333333	LVRPYITT:0.3333333333333333	
