cluster number:158
CBM13:66	CBM13:66|GH54:26|GH141:18|CE1:6|GH10:4|GH51:1|GH30:1|GH11:1|GH27:1
VTGVQSGL:0.22727272727272727	GVQSGLCL:0.5606060606060606	TVTGVQSG:0.22727272727272727	GTVTGVQS:0.22727272727272727	QSGLCLDA:0.2878787878787879	TGVQSGLC:0.5151515151515151	VQSGLCLD:0.5757575757575758	LCLDVTGA:0.25757575757575757	SGLCLDVT:0.2727272727272727	GLCLDVTG:0.2727272727272727	AAHSTTRA:0.25757575757575757	QSGLCLDV:0.3939393939393939	CVAAHSTT:0.22727272727272727	TPCVAAHS:0.3181818181818182	GGTPCVAA:0.3181818181818182	PCVAAHST:0.3181818181818182	VAAHSTTR:0.22727272727272727	AHSTTRAL:0.25757575757575757	GCCFDYGN:0.3181818181818182	GYPSDATE:0.21212121212121213	HSTTRALY:0.24242424242424243	YDQSGRGN:0.21212121212121213	GTPCVAAH:0.3181818181818182	NGTITGVQ:0.2727272727272727	GTITGVQS:0.2878787878787879	TITGVQSG:0.2878787878787879	ITGVQSGL:0.2878787878787879	ASGVGLGA:0.21212121212121213	NGQANQQW:0.21212121212121213	CNGQANQQ:0.21212121212121213	LYQVRRSS:0.22727272727272727	YQVRRSSD:0.22727272727272727	TNGDRGNV:0.21212121212121213	GVRADAHH:0.21212121212121213	NGDRGNVV:0.21212121212121213	VRADAHHP:0.21212121212121213	GGVRADAH:0.21212121212121213	SGLCLDAN:0.21212121212121213	
