cluster number:93
CBM13:17	CBM13:17|PL11_1:9|CE12:3|CBM35:3|CBM37:2|GH93:1|GH28:1|PL1_2:1|CBM10:1|PL11_2:1|GH43_4:1|CBM2:1
NVNSGLYL:0.23529411764705882	ARHSGKVL:0.23529411764705882	RIDLGRNI:0.23529411764705882	LWRIDLGR:0.23529411764705882	RAGAHYTQ:0.35294117647058826	RLWRIDLG:0.23529411764705882	YNQPPHPS:0.35294117647058826	WRIDLGRN:0.23529411764705882	AGAHYTQF:0.29411764705882354	GTRLWRID:0.23529411764705882	IDLGRNIR:0.23529411764705882	NIRAGAHY:0.35294117647058826	AYNQPPHP:0.35294117647058826	YGNRVDRF:0.4117647058823529	ILGDWREE:0.29411764705882354	RNIRAGAH:0.23529411764705882	LGRNIRAG:0.23529411764705882	IRAGAHYT:0.35294117647058826	DILGDWRE:0.29411764705882354	DLGRNIRA:0.23529411764705882	NQPPHPSF:0.23529411764705882	GRNIRAGA:0.23529411764705882	TRLWRIDL:0.23529411764705882	GDALHVGD:0.35294117647058826	GHGDALHV:0.29411764705882354	DNYGNRVD:0.23529411764705882	DLFGDWRE:0.29411764705882354	RHSGKVLD:0.23529411764705882	HGDALHVG:0.35294117647058826	AMKTADGT:0.23529411764705882	RVDRFLAG:0.23529411764705882	NYGNRVDR:0.23529411764705882	GDNYGNRV:0.23529411764705882	WGDNYGNR:0.23529411764705882	LFGDWREE:0.29411764705882354	DALHVGDF:0.23529411764705882	NRVDRFLA:0.23529411764705882	GNRVDRFL:0.35294117647058826	WQNVAYNQ:0.23529411764705882	NVAYNQPP:0.23529411764705882	QNVAYNQP:0.23529411764705882	AWQNVAYN:0.23529411764705882	VAYNQPPH:0.23529411764705882	
