cluster number:116
CBM13:7	CBM13:7
NTGRCVDD:0.2857142857142857	AFTCNGLN:0.2857142857142857	GLRAFTCN:0.2857142857142857	QNQNTGRC:0.2857142857142857	RAFTCNGL:0.2857142857142857	TGRCVDDS:0.2857142857142857	NQNTGRCV:0.2857142857142857	LRAFTCNG:0.2857142857142857	TGRCIDDS:0.7142857142857143	QNTGRCVD:0.2857142857142857	QNTGRCID:0.2857142857142857	NQNTGRCI:0.2857142857142857	NTGRCIDD:0.42857142857142855	CNGLNYQQ:0.2857142857142857	CNGLNYQR:0.2857142857142857	AALLLTGT:0.2857142857142857	ALLLTGTT:0.2857142857142857	TLKNQNTG:0.2857142857142857	GLRAFGCN:0.2857142857142857	YGLRAFGC:0.2857142857142857	LLLTGTTA:0.2857142857142857	KNQNTGRC:0.2857142857142857	LKNQNTGR:0.2857142857142857	GRCIDDSS:0.2857142857142857	NQATGRCI:0.2857142857142857	ATGRCIDD:0.2857142857142857	QATGRCID:0.2857142857142857	
