cluster number:193
CBM13:6	CBM13:6
LDAPGVVS:0.3333333333333333	AAISGLPL:0.3333333333333333	EEHLDAPG:0.3333333333333333	RLDVANAS:0.8333333333333334	VVSLIAAI:0.3333333333333333	ANASTDSG:0.5	PGVVSLIA:0.6666666666666666	QEWIVEEH:0.5	GAQEWIVE:0.6666666666666666	AFGAQEWI:0.6666666666666666	KANAFGAQ:0.3333333333333333	AQEWIVEE:0.5	APGVVSLI:0.3333333333333333	LIAAISGL:0.3333333333333333	RNVASGLL:0.3333333333333333	SQWWRLEP:0.6666666666666666	NVASGLLL:0.3333333333333333	DAPGVVSL:0.3333333333333333	EWIVEEHL:0.5	ISPVHSGG:0.3333333333333333	HLDAPGVV:0.3333333333333333	VSLIAAIS:0.3333333333333333	VEEHLDAP:0.3333333333333333	IVEEHLDA:0.3333333333333333	FGAQEWIV:0.6666666666666666	VWKANAFG:0.3333333333333333	SPVHSGGG:0.3333333333333333	GNRVGVGP:0.3333333333333333	EHLDAPGV:0.3333333333333333	SLIAAISG:0.3333333333333333	QVWKANAF:0.3333333333333333	NAFGAQEW:1.0	SGLPLEAD:0.6666666666666666	WKANAFGA:0.3333333333333333	GVVSLIAA:0.3333333333333333	AISGLPLE:0.3333333333333333	ANAFGAQE:1.0	PSQWWRLE:0.6666666666666666	ISGLPLEA:0.6666666666666666	DVANASTD:0.5	WIVEEHLD:0.5	LDVANAST:0.8333333333333334	IAAISGLP:0.3333333333333333	VANASTDS:0.5	LEADAEGR:0.5	SPSQWWRL:0.5	VGPDGPPA:0.5	AEGRVRQG:0.3333333333333333	VLQLEGAS:0.5	VRVGPDGP:0.5	ACISGLPL:0.3333333333333333	PPAPAAAR:0.5	ARVQVWRA:0.5	RIRNVDSG:0.3333333333333333	GEDTDSPS:0.5	VQVWRANA:0.5	GLVLQLEG:0.5	GRVRQGED:0.3333333333333333	SLIACISG:0.3333333333333333	SGLVLQLE:0.5	RVRQGEDT:0.3333333333333333	VSEDNERR:0.3333333333333333	EGASRVRV:0.5	GGIFHVVS:0.6666666666666666	SEDNERRL:0.3333333333333333	EDNERRLD:0.3333333333333333	GARVQVWR:0.5	TPVHSGGG:0.3333333333333333	SRVRVGPD:0.5	IRNVDSGL:0.3333333333333333	LPLEADAE:0.3333333333333333	HVVSEDNE:0.3333333333333333	LVLQLEGA:0.5	VVSLIACI:0.3333333333333333	ANASTESG:0.3333333333333333	EGRVRQGE:0.3333333333333333	ADAEGRVR:0.3333333333333333	APAAARRW:0.5	LQLEGASR:0.5	PLEADAEG:0.3333333333333333	EADAEGRV:0.3333333333333333	RVQVWRAN:0.5	VWRANAFG:0.5	RNVDSGLV:0.3333333333333333	DSPSQWWR:0.5	GIFHVVSE:0.5	DAEGRVRQ:0.3333333333333333	ASRVRVGP:0.5	RANAFGAQ:0.5	IFHVVSED:0.5	DNERRLDV:0.3333333333333333	DGPPAPAA:0.5	AAARRWLI:0.3333333333333333	PAPAAARR:0.5	QVWRANAF:0.5	WRANAFGA:0.5	NERRLDVA:0.3333333333333333	LIACISGL:0.3333333333333333	RQGEDTDS:0.5	NVDSGLVL:0.3333333333333333	YRIRNVDS:0.3333333333333333	RRLDVANA:0.6666666666666666	DVANASTE:0.3333333333333333	VANASTES:0.3333333333333333	GGGIFHVV:0.6666666666666666	VDSGLVLQ:0.3333333333333333	GPPAPAAA:0.5	DTDSPSQW:0.5	VVSEDNER:0.3333333333333333	SGGGIFHV:0.6666666666666666	PVHSGGGI:0.6666666666666666	VHSGGGIF:0.6666666666666666	VSLIACIS:0.3333333333333333	GLPLEADA:0.5	SGARVQVW:0.5	LEGASRVR:0.5	RVRVGPDG:0.5	RVGPDGPP:0.5	ERRLDVAN:0.3333333333333333	GVVSLIAC:0.3333333333333333	GASRVRVG:0.5	DSGLVLQL:0.5	CISGLPLE:0.3333333333333333	QLEGASRV:0.5	FHVVSEDN:0.5	TDSPSQWW:0.5	QGEDTDSP:0.5	GPDGPPAP:0.5	HSGGGIFH:0.6666666666666666	PAAARRWL:0.3333333333333333	EDTDSPSQ:0.5	PDGPPAPA:0.5	VRQGEDTD:0.3333333333333333	DPGVVSLI:0.3333333333333333	HLDDPGVV:0.5	GVYRIRNV:0.3333333333333333	GRRLDVAN:0.3333333333333333	DGVYRIRN:0.3333333333333333	LDDPGVVS:0.5	DDPGVVSL:0.5	QWWRLEPV:0.5	NGRRLDVA:0.3333333333333333	NASTDSGA:0.3333333333333333	DSGARVQV:0.3333333333333333	TDSGARVQ:0.3333333333333333	ASTDSGAR:0.3333333333333333	VEEHLDDP:0.3333333333333333	STDSGARV:0.3333333333333333	EEHLDDPG:0.3333333333333333	EHLDDPGV:0.3333333333333333	FGAQEWLV:0.3333333333333333	AFGAQEWL:0.3333333333333333	GAQEWLVE:0.3333333333333333	
