cluster number:149
GT9:6	GT9:6
HPYFGFAP:0.5	RLKILDPN:0.3333333333333333	YGSTHPYF:0.3333333333333333	MARAVGVK:0.3333333333333333	STHPYFGF:0.3333333333333333	RRLKILDP:0.3333333333333333	DEGDYIFK:0.3333333333333333	VISNDSAV:0.3333333333333333	LTSISPQE:0.3333333333333333	LRGKLSIR:0.3333333333333333	VIDLRGKL:0.3333333333333333	IDLRGKLS:0.3333333333333333	ARAVGVKV:0.3333333333333333	LKILDPNF:0.3333333333333333	TSISPQEV:0.3333333333333333	VVLVGSKE:0.3333333333333333	KRRLKILD:0.3333333333333333	NVVLVGSK:0.3333333333333333	THPYFGFA:0.5	GSTHPYFG:0.3333333333333333	LKRRLKIL:0.3333333333333333	ILDPNFNV:0.3333333333333333	CLTSISPQ:0.3333333333333333	HMARAVGV:0.3333333333333333	VLVGSKED:0.3333333333333333	KILDPNFN:0.3333333333333333	KDEGDYIF:0.3333333333333333	DLRGKLSI:0.3333333333333333	PYFGFAPL:0.3333333333333333	RFSSLGDV:0.8333333333333334	DFLTFKPF:0.3333333333333333	SSLGDVIL:0.8333333333333334	VDFLTFKP:0.3333333333333333	IRFSSLGD:0.5	SLGDVILS:0.3333333333333333	GFNVVLVG:0.3333333333333333	AHMSRAVG:0.3333333333333333	FNVVLVGS:0.3333333333333333	FSSLGDVI:0.8333333333333334	SIRESLSV:0.3333333333333333	LSIRESLS:0.3333333333333333	GKLSIRES:0.3333333333333333	KLSIRESL:0.3333333333333333	
