cluster number:185
GT9:46	GT9:46
GRNSNPFL:0.2608695652173913	AVQLHGGG:0.34782608695652173	DLAVQLHG:0.32608695652173914	GNDSGPRH:0.5434782608695652	HGGGRNSN:0.2608695652173913	GGGRNSNP:0.2608695652173913	RNSNPFLL:0.2391304347826087	LGARHTVG:0.45652173913043476	LGNDSGPR:0.30434782608695654	VQLHGGGR:0.32608695652173914	LAVQLHGG:0.34782608695652173	TTRCPVCG:0.2391304347826087	GGRNSNPF:0.2608695652173913	VLGNDSGP:0.21739130434782608	TQVGWTAE:0.2391304347826087	GARHTVGT:0.41304347826086957	SNPFLLRL:0.45652173913043476	DSGPRHLA:0.7608695652173914	RCPVCGVD:0.2391304347826087	HPGATDPR:0.6521739130434783	GATDPRRR:0.6304347826086957	CPVCGVDV:0.2608695652173913	FLLRLGAR:0.391304347826087	PFLLRLGA:0.41304347826086957	GGGLGDLL:0.2608695652173913	RLGARHTV:0.32608695652173914	NPFLLRLG:0.41304347826086957	IHPGATDP:0.3695652173913043	QVGWTAER:0.2391304347826087	LRGGGLGD:0.717391304347826	TRCPVCGV:0.2391304347826087	GVDVTQVG:0.2391304347826087	VDVTQVGW:0.2391304347826087	LLRLGARH:0.3695652173913043	ATDPRRRW:0.6304347826086957	CGVDVTQV:0.2391304347826087	VCGVDVTQ:0.2391304347826087	GGLGDLLF:0.2608695652173913	VTQVGWTA:0.43478260869565216	VLRGGGLG:0.6739130434782609	GLGDLLFA:0.2391304347826087	LRLGARHT:0.32608695652173914	YVYYQHEV:0.21739130434782608	NSNPFLLR:0.2391304347826087	RGGGLGDL:0.6956521739130435	PGATDPRR:0.6521739130434783	DVTQVGWT:0.43478260869565216	PVCGVDVT:0.2608695652173913	VGWTAERC:0.2391304347826087	FDLAVQLH:0.2608695652173913	YYQHEVLR:0.30434782608695654	GRYSNPFL:0.21739130434782608	GGRYSNPF:0.21739130434782608	DPRRRWPA:0.30434782608695654	WTTRCPVC:0.21739130434782608	NDSGPRHL:0.6086956521739131	IAVLRGGG:0.6304347826086957	AVLRGGGL:0.5869565217391305	GGGRYSNP:0.21739130434782608	HGGGRYSN:0.21739130434782608	RRFDLAVQ:0.2391304347826087	RIAVLRGG:0.41304347826086957	EVAGLAGA:0.2826086956521739	TDPRRRWP:0.5652173913043478	LEVAGLAG:0.2826086956521739	GPRHLAQA:0.45652173913043476	SGPRHLAQ:0.45652173913043476	RHLAQAVG:0.2391304347826087	PRHLAQAV:0.2391304347826087	VVIHPGAT:0.2391304347826087	VIHPGATD:0.2391304347826087	DPRRRWPV:0.21739130434782608	GGGLGDLI:0.2826086956521739	TQVGWTAP:0.2608695652173913	
