cluster number:126
GT9:24	GT9:24
ILSFPLFL:0.20833333333333334	SFPLFLWL:0.20833333333333334	LILSFPLF:0.20833333333333334	TGPMHLAA:0.75	WADLNALD:0.5	RMGDLILS:0.5	HWADLNAL:0.5	NLSMGPVH:0.20833333333333334	LSFPLFLW:0.20833333333333334	HNRFHWAD:0.25	TPDTGPMH:0.9166666666666666	LSMGPVHA:0.20833333333333334	VLNLSMGP:0.25	RHNRFHWA:0.2916666666666667	QRMGDLIL:0.5416666666666666	GDLILSFP:0.25	LNLSMGPV:0.2916666666666667	GPMHLAAW:0.7083333333333334	TGPYQPGH:0.20833333333333334	NNRHNRFH:0.20833333333333334	HNNRHNRF:0.20833333333333334	ITPDTGPM:0.5	DLILSFPL:0.25	VGLFLGAS:0.375	MQRMGDLI:0.5416666666666666	MGDLILSF:0.2916666666666667	GLFLGASE:0.2916666666666667	QMQRMGDL:0.625	PDTGPMHL:0.8333333333333334	DTGPMHLA:0.875	FHWADLNA:0.4583333333333333	NRHNRFHW:0.2916666666666667	RFHWADLN:0.2916666666666667	NRFHWADL:0.2916666666666667	ETGPYQPG:0.20833333333333334	LSMGNVNP:0.20833333333333334	FITPDTGP:0.25	LFITPDTG:0.25	LNLSMGNV:0.2916666666666667	ADLNALDC:0.20833333333333334	NPWETGPY:0.25	LQMQRMGD:0.5	SMGNVNPW:0.20833333333333334	NLSMGNVN:0.25	GNVNPWET:0.25	VNPWETGP:0.3333333333333333	PWETGPYQ:0.20833333333333334	NVNPWETG:0.20833333333333334	MGNVNPWE:0.20833333333333334	VTPDTGPM:0.4166666666666667	GDLILSYP:0.20833333333333334	PMHLAAWT:0.4583333333333333	ILILQMQR:0.3333333333333333	PILILQMQ:0.3333333333333333	MHLAAWTG:0.4583333333333333	HLAAWTGL:0.3333333333333333	LILQMQRM:0.3333333333333333	MGDLILSY:0.20833333333333334	DLILSYPL:0.20833333333333334	ILQMQRMG:0.3333333333333333	LAAWTGLK:0.25	LVHNNRHN:0.20833333333333334	SLVHNNRH:0.20833333333333334	QLYRTSLV:0.20833333333333334	LSHRPEAA:0.25	WQLYRTSL:0.20833333333333334	NLSHRPEA:0.25	LKCLNLSM:0.20833333333333334	GLKCLNLS:0.20833333333333334	KCLNLSMG:0.20833333333333334	KPILILQM:0.20833333333333334	
