cluster number:197
GT9:17	GT9:17
PRHIAVAV:0.23529411764705882	SAPRHIAV:0.23529411764705882	RHIAVAVD:0.23529411764705882	MHLGNCSA:0.23529411764705882	APRHIAVA:0.23529411764705882	HIAVAVDT:0.23529411764705882	TLDPTHRR:0.29411764705882354	QLPRCRWV:0.35294117647058826	ILVCQLRQ:0.7647058823529411	LRQIGDVV:0.23529411764705882	HLGNCSAP:0.4117647058823529	VCQLRQIG:0.7058823529411765	FQQLPRCR:0.47058823529411764	CQLRQIGD:0.8235294117647058	LVCQLRQI:0.7058823529411765	QQLPRCRW:0.35294117647058826	WTFPSPEH:0.29411764705882354	AVAVDTPS:0.35294117647058826	CSAPRHIA:0.23529411764705882	IAVAVDTP:0.23529411764705882	QLRQIGDV:0.8235294117647058	KILVCQLR:0.23529411764705882	LGNCSAPR:0.47058823529411764	RQIGDVVL:0.23529411764705882	GNCSAPRH:0.7647058823529411	NCSAPRHI:0.23529411764705882	AEIHVLTE:0.35294117647058826	RQIGDVLL:0.6470588235294118	GDVLLATP:0.35294117647058826	DFQQLPRC:0.5294117647058824	VVDFQQLP:0.47058823529411764	LHVGNCSA:0.23529411764705882	HVGNCSAP:0.23529411764705882	MLSLREMA:0.23529411764705882	LSLREMAA:0.23529411764705882	LRQIGDVL:0.5882352941176471	RRILVCQL:0.35294117647058826	RILVCQLR:0.5294117647058824	QIGDVLLA:0.35294117647058826	VDFQQLPR:0.7058823529411765	IGDVLLAT:0.35294117647058826	IGDVLLST:0.23529411764705882	PWYNRWLY:0.23529411764705882	LVVDFQQL:0.29411764705882354	DLVVDFQQ:0.29411764705882354	PPWYNRWL:0.23529411764705882	TVDPSHRR:0.35294117647058826	YDLVVDFQ:0.23529411764705882	GDVLLSTP:0.23529411764705882	ITVDPSHR:0.29411764705882354	QIGDVLLS:0.23529411764705882	WYNRWLYT:0.23529411764705882	NCSAPRHF:0.4117647058823529	SAPRHFAV:0.4117647058823529	KRILVCQL:0.23529411764705882	AWTFPSPE:0.23529411764705882	CSAPRHFA:0.4117647058823529	PKRILVCQ:0.23529411764705882	IVDFQQLP:0.23529411764705882	LIVDFQQL:0.23529411764705882	GYDLIVDF:0.23529411764705882	PRHFAVAV:0.47058823529411764	DLIVDFQQ:0.23529411764705882	RHFAVAVD:0.23529411764705882	HFAVAVDT:0.29411764705882354	FAVAVDTP:0.29411764705882354	YDLIVDFQ:0.35294117647058826	APRHFAVA:0.35294117647058826	
