cluster number:81
GT9:113	GT9:113
LLWLTGIP:0.2743362831858407	IGDQILFF:0.5486725663716814	GGIGDQIL:0.5575221238938053	ALVPGGIG:0.6106194690265486	FPTLDDLK:0.35398230088495575	VVALVPGG:0.2831858407079646	FFPTLDDL:0.336283185840708	LFFPTLDD:0.336283185840708	QILFFPTL:0.6194690265486725	LLLWLTGI:0.24778761061946902	ALFGPTDP:0.23893805309734514	GIGDQILF:0.5398230088495575	DQILFFPT:0.6283185840707964	QIDVVVEP:0.22123893805309736	GDQILFFP:0.5752212389380531	ILFFPTLD:0.3805309734513274	VALVPGGI:0.37168141592920356	LVPGGIGD:0.5398230088495575	VPGGIGDQ:0.5398230088495575	IDVVVEPR:0.26548672566371684	PGGIGDQI:0.5398230088495575	GYILIHGG:0.23893805309734514	ILALVPGG:0.30973451327433627	VGTYTIAL:0.20353982300884957	GLLLWLTG:0.21238938053097345	LALVPGGI:0.3008849557522124	CTDSAPMH:0.2743362831858407	TIALFGPT:0.26548672566371684	RNSLADWG:0.3185840707964602	TDSAPMHL:0.23008849557522124	DSAPMHLA:0.21238938053097345	SLADWGNL:0.34513274336283184	YTIALFGP:0.25663716814159293	TYTIALFG:0.4247787610619469	NSLADWGN:0.36283185840707965	IAGANLML:0.26548672566371684	VEPRSKAA:0.23008849557522124	VVEPRSKA:0.22123893805309736	AMIAGANL:0.25663716814159293	ADWGNLVG:0.2831858407079646	IRDREYDV:0.2831858407079646	PRSKAAYR:0.23893805309734514	AAYRVSKS:0.3185840707964602	KAAYRVSK:0.3185840707964602	KDRNSLAD:0.25663716814159293	LADWGNLV:0.26548672566371684	RSKAAYRV:0.24778761061946902	AAMIAGAN:0.20353982300884957	VAVQTYTI:0.3185840707964602	DRNSLADW:0.36283185840707965	PTLDDLKR:0.23893805309734514	LSVAVQTY:0.24778761061946902	VVVEPRSK:0.23008849557522124	DVVVEPRS:0.26548672566371684	RVVALVPG:0.30973451327433627	AYRVSKSV:0.3274336283185841	DREYDVAI:0.24778761061946902	AQIDVVVE:0.20353982300884957	SVAVQTYT:0.25663716814159293	RDREYDVA:0.2831858407079646	SKAAYRVS:0.30973451327433627	EPRSKAAY:0.25663716814159293	MRVVALVP:0.30973451327433627	LCTDSAPM:0.21238938053097345	RILALVPG:0.2920353982300885	VQTYTIAL:0.25663716814159293	FDYKDRNS:0.20353982300884957	QTYTIALF:0.23893805309734514	TIRDREYD:0.20353982300884957	GTIRDREY:0.26548672566371684	AVQTYTIA:0.26548672566371684	LWLTGIPT:0.22123893805309736	WLTGIPTR:0.25663716814159293	TGIPTRIG:0.24778761061946902	GIPTRIGY:0.23893805309734514	LTGIPTRI:0.24778761061946902	MRILALVP:0.2743362831858407	
