cluster number:178
GT9:328	GT9:328
LFIGVDSV:0.7865853658536586	GVDSVPMH:0.676829268292683	TPLVALFG:0.23170731707317074	RWFFKCWD:0.20426829268292682	FIGVDSVP:0.6676829268292683	WFFKCWDE:0.20121951219512196	IQPTSRWF:0.4329268292682927	LVALFGPS:0.23170731707317074	DSVPMHMA:0.676829268292683	SRWFFKCW:0.6341463414634146	TSRWFFKC:0.6067073170731707	PTSRWFFK:0.6067073170731707	PLVALFGP:0.23170731707317074	VALFGPSK:0.5060975609756098	IGVDSVPM:0.6676829268292683	VIQPTSRW:0.4603658536585366	YIVIQPTS:0.42073170731707316	QPTSRWFF:0.600609756097561	VDSVPMHM:0.676829268292683	IVIQPTSR:0.4268292682926829	ALFGPSKL:0.5945121951219512	VINLADQW:0.2896341463414634	IKLRHHGD:0.6189024390243902	HGDMLLIT:0.21951219512195122	QLTLRQLA:0.4725609756097561	AGQLTLRQ:0.4695121951219512	DVLLYEET:0.36585365853658536	LFGPSKLT:0.45426829268292684	SKLTFWRP:0.27439024390243905	NLSILAPL:0.23780487804878048	EETRDMLA:0.3353658536585366	GEVIWAGD:0.2896341463414634	ARLFIGVD:0.2926829268292683	VIKLRHHG:0.2347560975609756	GPSKLTFW:0.4481707317073171	IDHARLFI:0.23780487804878048	LAGQLTLR:0.4695121951219512	VIWAGDFG:0.3201219512195122	TDAVIAAA:0.27439024390243905	RHHGDMLL:0.6219512195121951	LLYEETRD:0.3475609756097561	DHARLFIG:0.23780487804878048	VPMHMAAA:0.649390243902439	RILVIKLR:0.38414634146341464	DERYLDLI:0.2347560975609756	KLRHHGDM:0.6158536585365854	TFWRPWQA:0.25914634146341464	SLAGQLTL:0.4969512195121951	LTLRQLAA:0.2896341463414634	LTFWRPWQ:0.27439024390243905	LYEETRDM:0.34146341463414637	ETRDMLAA:0.3445121951219512	LVIKLRHH:0.2347560975609756	PSKLTFWR:0.27439024390243905	KLTFWRPW:0.27439024390243905	HHGDMLLI:0.21951219512195122	YEETRDML:0.34146341463414637	SVPMHMAA:0.649390243902439	GDMLLITP:0.21951219512195122	ILVIKLRH:0.39939024390243905	HARLFIGV:0.23780487804878048	VLLYEETR:0.36585365853658536	RLFIGVDS:0.31402439024390244	GFDFPKRR:0.2865853658536585	QNLSILAP:0.21341463414634146	FGPSKLTF:0.4481707317073171	LRHHGDML:0.6036585365853658	GQLTLRQL:0.4725609756097561	PMHMAAAL:0.7652439024390244	TDERYLDL:0.2347560975609756	YLDLIPTD:0.2652439024390244	ERYLDLIP:0.3018292682926829	LIPTDAVI:0.2804878048780488	IPTDAVIA:0.27134146341463417	RYLDLIPT:0.2682926829268293	LTLRQLAS:0.21951219512195122	LDLIPTDA:0.2682926829268293	PTDAVIAA:0.27134146341463417	DLIPTDAV:0.2682926829268293	LIKLRHHG:0.25	INLADQWR:0.27134146341463417	IDVLLYEE:0.21036585365853658	LQTPCVAL:0.2530487804878049	HMAAALQT:0.47865853658536583	GVVSLAGQ:0.21646341463414634	QTPCVALF:0.2530487804878049	GDMLLTTP:0.3201219512195122	MHMAAALQ:0.47560975609756095	PCVALFGP:0.2804878048780488	VEQNLSIL:0.2865853658536585	NLADQWRS:0.4817073170731707	VVSLAGQL:0.22560975609756098	AAALQTPC:0.3079268292682927	AALQTPCV:0.2530487804878049	HHGDMLLT:0.3170731707317073	DQWRSAIV:0.20121951219512196	ADQWRSAI:0.39634146341463417	CVALFGPS:0.25914634146341464	MLLTTPVI:0.2804878048780488	HTVEQNLS:0.4481707317073171	LVINLADQ:0.25	LADQWRSA:0.47865853658536583	ERYLDAIP:0.22865853658536586	LHTVEQNL:0.4054878048780488	LLIKLRHH:0.25	HGDMLLTT:0.3170731707317073	AQIDVLLY:0.3353658536585366	RYLDAIPV:0.21646341463414634	LLTTPVIN:0.2073170731707317	TPCVALFG:0.2804878048780488	VSLAGQLT:0.21646341463414634	TVEQNLSI:0.24695121951219512	ALQTPCVA:0.2530487804878049	MAAALQTP:0.4725609756097561	DMLLTTPV:0.2896341463414634	ILLIKLRH:0.25	AKLFIGVD:0.2804878048780488	KLFIGVDS:0.28353658536585363	LAALIDHA:0.24085365853658536	PDPDAIDT:0.21036585365853658	LVVNLADQ:0.20121951219512196	WFFKCWSE:0.20121951219512196	DLVVNLAD:0.20121951219512196	VVNLADQW:0.21951219512195122	QLAALIDH:0.22865853658536586	YDLVVNLA:0.20121951219512196	VVQPTSRW:0.20121951219512196	LPDPDAID:0.21036585365853658	RWFFKCWS:0.20426829268292682	
