cluster number:156
GT9:34	GT9:34
DPALLAVT:0.2647058823529412	LPTPGLDD:0.20588235294117646	RALKLGDL:0.6470588235294118	PDPALLAV:0.6764705882352942	DLLVAVPA:0.7941176470588235	GPHVVLTD:0.23529411764705882	ALRALKLG:0.4117647058823529	PPEEWGPP:0.20588235294117646	KLGDLLVA:0.7058823529411765	VVIFGPAP:0.23529411764705882	GDLLVAVP:0.7941176470588235	LKLGDLLV:0.6764705882352942	ALKLGDLL:0.6470588235294118	LGDLLVAV:0.7647058823529411	SVVIFGPA:0.35294117647058826	PSVVIFGP:0.35294117647058826	VPDPALLA:0.20588235294117646	APPEEWGP:0.20588235294117646	LRALKLGD:0.6764705882352942	AYGIPSVV:0.23529411764705882	DVAVNLHG:0.4411764705882353	VPALHALR:0.23529411764705882	LFGPAPPE:0.20588235294117646	LRAIKLGD:0.20588235294117646	VLRAIKLG:0.20588235294117646	TGAAHLAS:0.5882352941176471	VAVPALHA:0.20588235294117646	AHLASAYG:0.29411764705882354	AAHLASAY:0.5588235294117647	SVVLFGPA:0.47058823529411764	VVLFGPAP:0.4117647058823529	DTGAAHLA:0.7941176470588235	WGPPASGP:0.23529411764705882	AVPALHAL:0.20588235294117646	LVAVPALH:0.20588235294117646	GPPASGPH:0.23529411764705882	LLVAVPAL:0.7352941176470589	PSVVLFGP:0.47058823529411764	GAAHLASA:0.5882352941176471	GIPSVVIF:0.20588235294117646	GPHIVLTD:0.20588235294117646	PHIVLTDA:0.20588235294117646	ADTGAAHL:0.6176470588235294	VGAAYGSR:0.5882352941176471	IHVGAAYG:0.35294117647058826	VAVPALRA:0.23529411764705882	YGIPSVVI:0.20588235294117646	ISADTGAA:0.23529411764705882	VISADTGA:0.23529411764705882	SADTGAAH:0.6176470588235294	LVAVPALR:0.5588235294117647	LVISADTG:0.23529411764705882	IPSVVIFG:0.20588235294117646	VIHVGAAY:0.35294117647058826	HVGAAYGS:0.5882352941176471	EWGPPPGP:0.20588235294117646	VLRALKLG:0.2647058823529412	WGPPPGPH:0.47058823529411764	VDVAVNLH:0.35294117647058826	AYGSRLWP:0.35294117647058826	YGSRLWPV:0.20588235294117646	AAYGSRLW:0.35294117647058826	LVLRALKL:0.23529411764705882	GAAYGSRL:0.35294117647058826	LLVLRALK:0.23529411764705882	VAVPALRG:0.3235294117647059	VSADTGAA:0.38235294117647056	AVNLHGNG:0.3235294117647059	AVPALRGL:0.29411764705882354	VPALRGLR:0.29411764705882354	LALRALKL:0.3235294117647059	VAVNLHGN:0.20588235294117646	DPDPALLA:0.3235294117647059	VVSADTGA:0.38235294117647056	TPSVVLFG:0.23529411764705882	GPPPGPHV:0.29411764705882354	PGPHVVLT:0.2647058823529412	PPPGPHVV:0.2647058823529412	PPGPHVVL:0.2647058823529412	DIAVNLHG:0.20588235294117646	ERERWTRL:0.20588235294117646	VDIAVNLH:0.20588235294117646	PALLAVTV:0.20588235294117646	RERWTRLL:0.20588235294117646	LVVSADTG:0.23529411764705882	RLVVSADT:0.20588235294117646	RPSVVLFG:0.20588235294117646	LRGLRRAF:0.23529411764705882	RRAFPEHR:0.23529411764705882	RGLRRAFP:0.23529411764705882	ALRGLRRA:0.23529411764705882	PALRGLRR:0.23529411764705882	
