cluster number:49
GT9:19	GT9:19
RFDELDEI:0.21052631578947367	AFLGDAVL:0.631578947368421	ELDEIERL:0.21052631578947367	GLHGPQQC:0.21052631578947367	TAIFGPTV:0.21052631578947367	LDCRPCGL:0.3157894736842105	PGSVWATK:0.2631578947368421	QQCPLGHH:0.21052631578947367	DAVLTLPL:0.47368421052631576	IERLLQLV:0.2631578947368421	CGLHGPQQ:0.21052631578947367	DCYLSNDS:0.21052631578947367	AVLTLPLL:0.3684210526315789	GVWNTAFL:0.21052631578947367	GDAVLTLP:0.5789473684210527	DCRPCGLH:0.3684210526315789	PVTAIFGP:0.21052631578947367	VHEFDKRG:0.2631578947368421	CYLSNDSG:0.21052631578947367	YLSNDSGP:0.21052631578947367	GPMHIAWA:0.21052631578947367	MHIAWAQR:0.21052631578947367	DELDEIER:0.21052631578947367	LGDAVLTL:0.5789473684210527	DEIERLLQ:0.21052631578947367	EIERLLQL:0.2631578947368421	RIGVWNTA:0.21052631578947367	NTAFLGDA:0.3157894736842105	RRFDELDE:0.21052631578947367	GPQQCPLG:0.2631578947368421	LSNDSGPM:0.21052631578947367	IGVWNTAF:0.21052631578947367	CPLGHHRC:0.21052631578947367	DSGPMHIA:0.3684210526315789	LDEIERLL:0.2631578947368421	PQQCPLGH:0.2631578947368421	HPGSVWAT:0.21052631578947367	FLGDAVLT:0.5789473684210527	PCGLHGPQ:0.2631578947368421	WNTAFLGD:0.3684210526315789	SGPMHIAW:0.3684210526315789	SVWATKRW:0.2631578947368421	NDSGPMHI:0.42105263157894735	TAFLGDAV:0.631578947368421	PMHIAWAQ:0.21052631578947367	GSVWATKR:0.2631578947368421	RPCGLHGP:0.47368421052631576	LDCYLSND:0.21052631578947367	VWNTAFLG:0.3157894736842105	FDELDEIE:0.21052631578947367	CRPCGLHG:0.631578947368421	VTAIFGPT:0.21052631578947367	QCPLGHHR:0.21052631578947367	PLGHHRCM:0.21052631578947367	SNDSGPMH:0.2631578947368421	LFAGPGEE:0.21052631578947367	LHGPQQCP:0.21052631578947367	HGPQQCPL:0.2631578947368421	GPTVRRLG:0.21052631578947367	TNDSGPMH:0.47368421052631576	DSGPMHLA:0.42105263157894735	PTVRRLGF:0.21052631578947367	NDSGPMHL:0.3684210526315789	SGPMHLAW:0.42105263157894735	LSLPELAA:0.21052631578947367	FGPTVRRL:0.21052631578947367	CWPVEYFS:0.21052631578947367	HPGSTWPT:0.3157894736842105	QDVPLVAL:0.21052631578947367	TKCWPVEY:0.21052631578947367	IGVWQTAF:0.2631578947368421	YDRPWYNR:0.21052631578947367	PGSTWPTK:0.3157894736842105	VWQTAFLG:0.2631578947368421	DVPLVALF:0.21052631578947367	WPTKCWPV:0.2631578947368421	VALFGPTV:0.42105263157894735	STWPTKCW:0.2631578947368421	QTAFLGDA:0.3684210526315789	LTNDSGPM:0.42105263157894735	RIGYDRPW:0.2631578947368421	GSTWPTKC:0.2631578947368421	LVALFGPT:0.3157894736842105	PTKCWPVE:0.21052631578947367	PLVALFGP:0.3157894736842105	KIGVWQTA:0.2631578947368421	GVWQTAFL:0.2631578947368421	GFDLWISA:0.21052631578947367	VPLVALFG:0.21052631578947367	GYDRPWYN:0.21052631578947367	FDLWISAH:0.21052631578947367	WQTAFLGD:0.3684210526315789	TWPTKCWP:0.2631578947368421	IGYDRPWY:0.21052631578947367	KCWPVEYF:0.21052631578947367	DRPWYNRL:0.21052631578947367	QGFDLWIS:0.21052631578947367	YLTNDSGP:0.3684210526315789	RFPDAEIH:0.21052631578947367	VLGMHPGS:0.21052631578947367	AYLTNDSG:0.21052631578947367	PVLGMHPG:0.21052631578947367	VDRRFDEL:0.21052631578947367	GAPVRIGY:0.21052631578947367	HEFDKRGT:0.21052631578947367	DLDCRPCG:0.21052631578947367	FDKRGTQG:0.21052631578947367	EFDKRGTQ:0.21052631578947367	EVDLDCRP:0.21052631578947367	VDLDCRPC:0.21052631578947367	HTSLRSGL:0.21052631578947367	
