cluster number:199
GT9:11	GT9:11
FLGDLILT:0.2727272727272727	GFSFLYTD:0.2727272727272727	ISPHRSHR:0.2727272727272727	SPHRSHRA:0.2727272727272727	SKLLISND:0.2727272727272727	DLILTTPL:0.36363636363636365	IDIYGPTV:0.2727272727272727	HRSHRASY:0.2727272727272727	DIAISPHR:0.2727272727272727	PHRSHRAS:0.2727272727272727	AGFSFLYT:0.2727272727272727	KLLISNDS:0.36363636363636365	GDLILTTP:0.36363636363636365	LLISNDSA:0.5454545454545454	AISPHRSH:0.2727272727272727	IAISPHRS:0.2727272727272727	SNDSAPVH:0.45454545454545453	ISNDSAPV:0.45454545454545453	KHSKLLIS:0.2727272727272727	QTAFLGDL:0.2727272727272727	HSKLLISN:0.2727272727272727	CRPCGLHG:0.45454545454545453	LGDLILTT:0.36363636363636365	LISNDSAP:0.6363636363636364	NDSAPVHM:0.2727272727272727	RPCGLHGH:0.2727272727272727	TAFLGDLI:0.2727272727272727	DSAPVHMA:0.2727272727272727	AFLGDLIL:0.2727272727272727	TAFLGDAI:0.2727272727272727	QTAFLGDA:0.2727272727272727	AFLGDAIL:0.2727272727272727	IQTAFLGD:0.36363636363636365	LVIQTAFL:0.36363636363636365	VIQTAFLG:0.36363636363636365	FLVIQTAF:0.2727272727272727	RFLVIQTA:0.2727272727272727	
