cluster number:90
GT9:12	GT9:12
GDAILLTP:0.4166666666666667	NTKDHPST:0.75	LFNTKDHP:0.8333333333333334	DAILLTPL:0.4166666666666667	SIAILAQE:0.3333333333333333	ILAQEKYG:0.25	KYGDAILL:0.25	LLFNTKDH:0.5833333333333334	LLITPDTS:0.3333333333333333	KFDLLFNT:0.25	LTPLLKNL:0.3333333333333333	FNTKDHPS:0.8333333333333334	IAILAQEK:0.4166666666666667	EKYGDAIL:0.25	TPDTSMVH:0.3333333333333333	LAQEKYGD:0.25	LLTPLLKN:0.3333333333333333	QEKYGDAI:0.25	AILLTPLL:0.3333333333333333	FDLLFNTK:0.5833333333333334	AQEKYGDA:0.25	TPLLKNLK:0.25	DLLFNTKD:0.5833333333333334	YGDAILLT:0.25	ILLTPLLK:0.3333333333333333	QDISRFGP:0.25	ISRFGPYA:0.25	KRQFRQLF:0.25	RQFRQLFA:0.25	KKKRQFRQ:0.25	DISRFGPY:0.25	RLLVTPDT:0.25	LLVTPDTS:0.3333333333333333	PQDISRFG:0.25	YREAPQDI:0.4166666666666667	LYREAPQD:0.5	AFPDLEIH:0.25	LVTPDTSM:0.25	LRLLVTPD:0.25	CRPSLPAM:0.25	PSLPAMPV:0.25	TSMVHVAS:0.25	FLLQSALI:0.25	LAQEKLGD:0.5	RPSLPAMP:0.25	APQDISRF:0.25	AILAQEKL:0.4166666666666667	EAPQDISR:0.25	PTRNLYEA:0.25	ILAQEKLG:0.5	GLYREAPQ:0.5	KKRQFRQL:0.25	PPTRNLYE:0.25	PDTSMVHV:0.25	REAPQDIS:0.25	AQEKLGDC:0.25	KKKKRQFR:0.25	VTPDTSMV:0.25	QFRQLFAR:0.25	SLPAMPVS:0.25	TRNLYEAS:0.25	DTSMVHVA:0.25	TKDHPSTH:0.3333333333333333	HPSTHFLL:0.3333333333333333	STHFLLQS:0.3333333333333333	DHPSTHFL:0.3333333333333333	PSTHFLLQ:0.3333333333333333	KDHPSTHF:0.3333333333333333	TPDTSLIH:0.25	RFDLLFNT:0.3333333333333333	PYIPPMPV:0.25	CRPYIPPM:0.25	YIPPMPVS:0.25	RPYIPPMP:0.25	
