cluster number:108
GT9:29	GT9:29
FAPFTTRP:0.20689655172413793	VFAPFTTR:0.3103448275862069	GVDTGLTH:0.6206896551724138	IGVDTGLT:0.3103448275862069	APFTTRPQ:0.3103448275862069	LFGSTRPY:0.27586206896551724	TTRPQKHW:0.7931034482758621	PFTTRPQK:0.7586206896551724	GSTRPYLD:0.3448275862068966	RIGLGSRE:0.4827586206896552	GDIVFASP:0.20689655172413793	GLGSREGS:0.5862068965517241	FTTRPQKH:0.7931034482758621	IGDIVFAS:0.2413793103448276	IGLGSREG:0.4482758620689655	SAIGDIVF:0.20689655172413793	AIGDIVFA:0.2413793103448276	FGSTRPYL:0.3448275862068966	LGSREGSQ:0.3793103448275862	VDTGLTHM:0.5862068965517241	LIGVDTGL:0.20689655172413793	RRIGLGSR:0.20689655172413793	PVILGGPA:0.20689655172413793	DTGLTHMG:0.4827586206896552	VRLSAIGD:0.3793103448275862	RLSAIGDV:0.3448275862068966	CPFTTRPQ:0.3793103448275862	PQKHWFED:0.3103448275862069	LSAIGDVV:0.2413793103448276	TVALFGST:0.3448275862068966	PTVALFGS:0.3448275862068966	LFGSTCPY:0.3103448275862069	RPQKHWFE:0.3448275862068966	TRPQKHWF:0.3793103448275862	CSPCRRRP:0.2413793103448276	SPCRRRPT:0.2413793103448276	AVFAPFTT:0.2413793103448276	STRPYLDT:0.2413793103448276	PCRRRPTC:0.2413793103448276	IGDVVFAS:0.20689655172413793	TRPYLDTG:0.20689655172413793	LLVGVDTG:0.27586206896551724	SAIGDVVF:0.20689655172413793	AIGDVVFA:0.20689655172413793	EGSQWLMT:0.27586206896551724	RPYLDTGR:0.20689655172413793	LVGVDTGL:0.27586206896551724	GSREGSQW:0.2413793103448276	SREGSQWL:0.27586206896551724	GDVVFASP:0.20689655172413793	KHWFEDAW:0.20689655172413793	REGSQWLM:0.27586206896551724	VGVDTGLT:0.27586206896551724	QKHWFEDA:0.20689655172413793	LQGLLKSG:0.27586206896551724	FGSTCPYL:0.20689655172413793	DLQGLLKS:0.27586206896551724	LALDLQGL:0.20689655172413793	LDLQGLLK:0.20689655172413793	QGLLKSGV:0.20689655172413793	
