cluster number:180
GT9:134	GT9:134
VTGDTGPL:0.6791044776119403	GHLIQRKL:0.3283582089552239	YWDHKAKD:0.26119402985074625	FNTPAIRA:0.43283582089552236	MFNTPAIR:0.43283582089552236	GPLHLAIA:0.31343283582089554	TGPLHLAI:0.3208955223880597	TVSLFVTA:0.3582089552238806	DLMFNTPA:0.31343283582089554	DTGPLHLA:0.7910447761194029	DHKAKDML:0.26119402985074625	LVTGDTGP:0.7014925373134329	VIFSTTAL:0.20149253731343283	IYWDHKAK:0.26865671641791045	QVLVTGDT:0.22388059701492538	HLIQRKLD:0.27611940298507465	TGDTGPLH:0.8059701492537313	GDTGPLHL:0.7686567164179104	VLVTGDTG:0.6194029850746269	ALGDLMFN:0.31343283582089554	SLFVTANP:0.3208955223880597	WDHKAKDM:0.26119402985074625	FSTTALGD:0.291044776119403	GDLMFNTP:0.31343283582089554	VSLFVTAN:0.31343283582089554	IFSTTALG:0.27611940298507465	LGDLMFNT:0.31343283582089554	PLHLAIAL:0.2835820895522388	VIYWDHKA:0.26119402985074625	IVIFSTTA:0.20149253731343283	LMFNTPAI:0.31343283582089554	GFQMGASE:0.30597014925373134	TTLPQLLA:0.2462686567164179	IGFQMGAS:0.30597014925373134	VIYSTTAL:0.3358208955223881	YSTTALGD:0.40298507462686567	IVIYSTTA:0.31343283582089554	IGFQLGAS:0.31343283582089554	IYSTTALG:0.3582089552238806	STTALGDF:0.5	KSLREHQP:0.20149253731343283	FDNIVIYS:0.20149253731343283	LGASTESR:0.23134328358208955	KLELISIL:0.20149253731343283	ILGCRSDD:0.21641791044776118	ISILGCRS:0.20149253731343283	PLLKSLRE:0.208955223880597	DFMFNTPA:0.35074626865671643	LREHQPDL:0.208955223880597	REHQPDLA:0.208955223880597	RRKLELIS:0.22388059701492538	VALKVKTI:0.20149253731343283	TALGDFMF:0.3805970149253731	RDNYSSGI:0.22388059701492538	STESRCWP:0.23134328358208955	SLREHQPD:0.20149253731343283	LPYDIISA:0.20149253731343283	LGDFMFNT:0.3805970149253731	PLHLAVAL:0.43283582089552236	HLPYDIIS:0.20149253731343283	DNIVIYST:0.208955223880597	AVALKVKT:0.208955223880597	ALKVKTIS:0.20149253731343283	TTALGDFM:0.39552238805970147	QLGASTES:0.23134328358208955	HLAVALKV:0.21641791044776118	LKVKTISL:0.20149253731343283	AHITLVVH:0.23880597014925373	IRDNYSSG:0.22388059701492538	LLKSLREH:0.208955223880597	LHSHLPYD:0.35074626865671643	ISLFVTAD:0.23880597014925373	ALGDFMFN:0.3805970149253731	ILHSHLPY:0.3208955223880597	GFQLGAST:0.27611940298507465	YIIRDNYS:0.20149253731343283	HSHLPYDI:0.208955223880597	TIGFQLGA:0.22388059701492538	LHLAVALK:0.3880597014925373	TESRCWPV:0.23134328358208955	SILGCRSD:0.21641791044776118	GPLHLAVA:0.4552238805970149	LELISILG:0.20149253731343283	KTISLFVT:0.22388059701492538	LGCRSDDP:0.23880597014925373	LISILGCR:0.20149253731343283	ASTESRCW:0.23134328358208955	RKLELISI:0.20149253731343283	ELISILGC:0.20149253731343283	TISLFVTA:0.2537313432835821	GDFMFNTP:0.3805970149253731	FQLGASTE:0.22388059701492538	CRSDDPTM:0.23880597014925373	LKSLREHQ:0.20149253731343283	VKTISLFV:0.20149253731343283	MSKKWKIK:0.208955223880597	GASTESRC:0.23134328358208955	NIVIYSTT:0.26865671641791045	GCRSDDPT:0.23880597014925373	KVKTISLF:0.20149253731343283	TGPLHLAV:0.4626865671641791	LAVALKVK:0.208955223880597	RSDDPTME:0.208955223880597	ILHSKAPY:0.21641791044776118	NTPAIRAL:0.21641791044776118	QRVVSHIG:0.208955223880597	LHSKAPYD:0.21641791044776118	ITLVSSHK:0.21641791044776118	TLVSSHKN:0.21641791044776118	SRCWPVSH:0.20149253731343283	
