cluster number:163
GT9:64	GT9:64
RAALVICN:0.21875	RGLLLPDS:0.515625	QARGHTVV:0.234375	HHLTREAL:0.21875	CMSLPSLR:0.46875	TRALQARG:0.21875	VCMSLPSL:0.5625	SPRAVCVG:0.203125	RGHTVVMC:0.265625	PNWVGDVC:0.59375	DVCMSLPS:0.578125	LPDSLSSA:0.8125	DTLTRALQ:0.21875	RRARGLLL:0.203125	PTLDLPLT:0.25	LIAPTATG:0.859375	GHTVVMCP:0.359375	VWPGFDTL:0.234375	VMCPPPAE:0.4375	DSLSSALV:0.265625	RSFLLRWP:0.234375	CNDSGVSH:0.84375	TLFGVTRP:0.34375	LVICARPW:0.390625	TGPWSPRA:0.46875	RPWARDLL:0.65625	TVVMCPPP:0.40625	DSGVSHVA:0.703125	SALVFRLA:0.25	SGVSHVAA:0.6875	WARDLLDG:0.375	ICNDSGVS:0.46875	GYRDDGRS:0.8125	MSLPSLRA:0.203125	ARGHTVVM:0.234375	LGAFAALT:0.375	ICARPWAR:0.40625	GRSFLLRW:0.234375	FVLIAPTA:0.6875	CARPWARD:0.65625	SLSSALVF:0.265625	ELTLFGVT:0.234375	TRPGRTGP:0.359375	LLPDSLSS:0.65625	SWHHLTRE:0.21875	LVICNDSG:0.453125	GAFAALTA:0.203125	LQARGHTV:0.234375	ALVICNDS:0.265625	SCLYVRLP:0.234375	TATGLHKG:0.515625	VFRLAGLP:0.21875	LHAVQSWH:0.359375	ISCLYVRL:0.21875	CLYVRLPN:0.234375	GVTRPGRT:0.359375	HTVVMCPP:0.359375	TLTRALQA:0.21875	IAPTATGL:0.8125	WVGDVCMS:0.515625	YVRLPNWV:0.453125	FGVTRPGR:0.359375	WPGFDTLT:0.234375	MCPPPAET:0.25	GRRARGLL:0.203125	DGRSFLLR:0.234375	PSAGYRDD:0.390625	NWVGDVCM:0.59375	KVWPGFDT:0.234375	ARPWARDL:0.65625	RARGLLLP:0.203125	GLPLVICA:0.328125	PWARDLLD:0.375	SLPSLRAL:0.203125	RDDGRSFL:0.234375	GDVCMSLP:0.6875	ARELTLFG:0.234375	ARGLLLPD:0.3125	LFGVTRPG:0.359375	WSPRAVCV:0.203125	PGFDTLTR:0.234375	PWSPRAVC:0.390625	VGDVCMSL:0.515625	HAVQSWHH:0.203125	FDTLTRAL:0.21875	VICARPWA:0.421875	GRTGPWSP:0.375	APTATGLH:0.8125	LSSALVFR:0.265625	AFAALTAR:0.203125	ALVFRLAG:0.25	LPNWVGDV:0.484375	WHHLTREA:0.21875	RLPNWVGD:0.484375	PDSLSSAL:0.359375	PGRTGPWS:0.375	VVMCPPPA:0.4375	VRLPNWVG:0.46875	AALVICND:0.25	GVSHVAAA:0.6875	PLVICARP:0.375	VLIAPTAT:0.71875	RTGPWSPR:0.390625	VICNDSGV:0.515625	RALQARGH:0.21875	ATGLHKGK:0.375	VTRPGRTG:0.359375	DDGRSFLL:0.234375	VSHVAAAA:0.40625	LTLFGVTR:0.390625	LTRALQAR:0.21875	RPGRTGPW:0.359375	LYVRLPNW:0.375	YRDDGRSF:0.234375	GLLLPDSL:0.671875	NDSGVSHV:0.703125	GPWSPRAV:0.390625	RFVLIAPT:0.21875	RELTLFGV:0.234375	AVQSWHHL:0.203125	PTATGLHK:0.53125	AGYRDDGR:0.75	SSALVFRL:0.25	LPLVICAR:0.328125	GFDTLTRA:0.203125	LLLPDSLS:0.625	GKVGPDRA:0.25	IKVWPGFD:0.203125	SAGYRDDG:0.390625	ALQARGHT:0.21875	VVCNDSGV:0.375	VCNDSGVS:0.375	RAALVVCN:0.234375	AALVVCND:0.296875	LVVCNDSG:0.328125	PCAGYRDD:0.203125	ALVVCNDS:0.296875	CAGYRDDG:0.21875	EARRNAPT:0.28125	IYVRLPNW:0.21875	ARRNAPTA:0.296875	PPLGLGAF:0.34375	PTATGLHR:0.265625	GRSLLLRW:0.375	SSAAVFRL:0.40625	SLSSAAVF:0.40625	DSLSSAAV:0.421875	YRDDGRSL:0.40625	VAAAAGAR:0.28125	LPPLGLGA:0.34375	SHVAAAAG:0.28125	LGLGAFAA:0.25	TATGLHRG:0.265625	LSSAAVFR:0.40625	RDDGRSLL:0.390625	DDGRSLLL:0.40625	RSLLLRWP:0.359375	AAVFRLAG:0.40625	DGRSLLLR:0.375	GLGAFAAL:0.296875	SAAVFRLA:0.40625	RERTGPWS:0.203125	HVAAAAGA:0.28125	PFVLIAPT:0.421875	LLPPLGLG:0.34375	PDSLSSAA:0.4375	PLGLGAFA:0.34375	MCPPPAEV:0.203125	RPFVLIAP:0.28125	PWARDLLA:0.234375	HKGKVKVW:0.203125	NWIGDVCM:0.203125	TGLHKGKV:0.203125	GRPFVLIA:0.203125	WARDLLAG:0.21875	QLTLFGVT:0.234375	PNWIGDVC:0.203125	ARDLLAGV:0.21875	LHKGKVKV:0.203125	ARRNAPSA:0.203125	KGKVKVWP:0.203125	EARRNAPS:0.203125	VKVWPGFD:0.203125	RQLTLFGV:0.234375	ARQLTLFG:0.234375	WIGDVCMS:0.203125	GLHKGKVK:0.203125	VCARPWAR:0.265625	VVCARPWA:0.265625	AGVPSAGY:0.265625	AAAAGARE:0.234375	FRLAGVPS:0.265625	RLAGVPSA:0.265625	GVPSAGYR:0.265625	VPSAGYRD:0.265625	LAGVPSAG:0.265625	AAAGAREL:0.234375	VFRLAGVP:0.296875	
