cluster number:97
GT9:9	GT9:9
HLAAAVGA:0.3333333333333333	DADITLLT:0.2222222222222222	EWEAKRLA:0.2222222222222222	RLGSLGDT:0.6666666666666666	VMALPCFH:0.2222222222222222	GDTVMALP:0.2222222222222222	DTVMALPC:0.2222222222222222	LGDTVMAL:0.2222222222222222	ADITLLTN:0.2222222222222222	IRALKIDT:0.2222222222222222	TVMALPCF:0.2222222222222222	IYRLGSLG:0.6666666666666666	SLGDTVMA:0.2222222222222222	LAAAVGAP:0.2222222222222222	QIRALKID:0.2222222222222222	YRLGSLGD:0.6666666666666666	LGSLGDTV:0.3333333333333333	GSLGDTVM:0.2222222222222222	ILIYRLGS:0.2222222222222222	EAKRLARR:0.2222222222222222	QQKKCILS:0.2222222222222222	LIYRLGSL:0.6666666666666666	FIGHDSGP:0.2222222222222222	MALPCFHK:0.2222222222222222	PDADITLL:0.2222222222222222	QKKCILSI:0.2222222222222222	WEAKRLAR:0.2222222222222222	NYPVGTRN:0.2222222222222222	DSGPMHLA:0.6666666666666666	GPMHLAAA:0.6666666666666666	PMHLAAAV:0.4444444444444444	GHDSGPMH:0.4444444444444444	MHLAAAVG:0.3333333333333333	HDSGPMHL:0.4444444444444444	SGPMHLAA:0.7777777777777778	APAAAAVL:0.2222222222222222	KAPAAAAV:0.2222222222222222	VVNLCGKL:0.2222222222222222	PVVNLCGK:0.2222222222222222	IFSARNLP:0.2222222222222222	PAAAAVLG:0.2222222222222222	NLCGKLSP:0.2222222222222222	FLGHDSGP:0.2222222222222222	RVLIYRLG:0.3333333333333333	LCGKLSPR:0.2222222222222222	VNLCGKLS:0.2222222222222222	LGHDSGPM:0.2222222222222222	VFLGHDSG:0.2222222222222222	VLIYRLGS:0.4444444444444444	RRVLIYRL:0.2222222222222222	AVLGDSGL:0.2222222222222222	
