cluster number:82
GT9:46	GT9:46
RALGVGDL:0.717391304347826	LRALGVGD:0.717391304347826	LVLRALGV:0.6304347826086957	VGDLATAV:0.34782608695652173	TAVPALRA:0.32608695652173914	VPALRALR:0.34782608695652173	LAVNLHGR:0.2608695652173913	VLRALGVG:0.6304347826086957	LGVGDLAT:0.5869565217391305	ATAVPALR:0.45652173913043476	VNLHGRGP:0.782608695652174	GVGDLATA:0.41304347826086957	ALGVGDLA:0.6521739130434783	GDLATAVP:0.45652173913043476	LATAVPAL:0.45652173913043476	LHGRGPQS:0.5652173913043478	DLATAVPA:0.45652173913043476	AVNLHGRG:0.782608695652174	AVPALRAL:0.2826086956521739	NLHGRGPQ:0.5652173913043478	SVLLFGPV:0.2608695652173913	HRVVVTGS:0.3695652173913043	GPQSHRML:0.21739130434782608	HGRGPQSH:0.5	ARLVVSGD:0.43478260869565216	RGHRVVVT:0.21739130434782608	GRGPQSHR:0.4782608695652174	GHRVVVTG:0.391304347826087	RLVVSGDT:0.45652173913043476	LVVSGDTG:0.45652173913043476	HEVDRWCR:0.21739130434782608	RALRAAYP:0.21739130434782608	LFGPVPPA:0.21739130434782608	MILVLRAL:0.6521739130434783	ILVLRALG:0.6521739130434783	LVGGVDRL:0.21739130434782608	EHEVDRWC:0.21739130434782608	PALRALRA:0.30434782608695654	ALRALRAA:0.2391304347826087	GELAALVA:0.2391304347826087	WGPPPDRP:0.3695652173913043	TPSVVLFG:0.2391304347826087	SVVLFGPV:0.41304347826086957	VVLFGPVP:0.30434782608695654	EHEVRRWC:0.21739130434782608	EVRRWCRL:0.2391304347826087	VLFGPVPP:0.2391304347826087	HEVRRWCR:0.2391304347826087	PSVVLFGP:0.2608695652173913	AVLAGRTD:0.2608695652173913	RELVLAAP:0.2391304347826087	TGVAHLAT:0.45652173913043476	GVAHLATG:0.2826086956521739	DRPRHRVL:0.21739130434782608	VAVNLHGR:0.2608695652173913	TVLHPGSK:0.2608695652173913	AVPALRGL:0.2391304347826087	VPALRGLR:0.2391304347826087	GDTGVAHL:0.391304347826087	VAHLATGY:0.2826086956521739	ASVVLFGP:0.2391304347826087	DTGVAHLA:0.45652173913043476	VVSGDTGV:0.41304347826086957	VRRWCRLL:0.21739130434782608	AHLATGYG:0.21739130434782608	PALRGLRA:0.2391304347826087	SGDTGVAH:0.391304347826087	VSGDTGVA:0.34782608695652173	TASVVLFG:0.21739130434782608	GVTVLHPG:0.2608695652173913	RGPQSHRL:0.2391304347826087	GPQSHRLL:0.2391304347826087	
