cluster number:53
GT9:11	GT9:11
PIDHRCMT:0.5454545454545454	ECPIDHRC:0.6363636363636364	CPIDHRCM:0.7272727272727273	PCLLRECP:0.5454545454545454	RECPIDHR:0.6363636363636364	LLRECPID:0.5454545454545454	CLLRECPI:0.5454545454545454	NWLGDAVM:0.2727272727272727	LRECPIDH:0.6363636363636364	CAPCLLRE:0.45454545454545453	IDHRCMTG:0.36363636363636365	APCLLREC:0.45454545454545453	TGPMHIAA:0.36363636363636365	GPMHIAAA:0.36363636363636365	DTGPMHIA:0.36363636363636365	PNWLGDAV:0.36363636363636365	GYATDGRT:0.2727272727272727	FGPTDWRT:0.2727272727272727	GPTDWRTT:0.2727272727272727	YGYATDGR:0.2727272727272727	FLDRDGTL:0.36363636363636365	CPHHPDDG:0.2727272727272727	VLFQNAFE:0.2727272727272727	AVMCEPAL:0.2727272727272727	AVFGPTDW:0.2727272727272727	GIPRRYGY:0.2727272727272727	PHHPDDGC:0.2727272727272727	ILGAKGEE:0.2727272727272727	DHRCMTGV:0.2727272727272727	DAVMCEPA:0.2727272727272727	AGIPRRYG:0.2727272727272727	AVLFQNAF:0.2727272727272727	VTVFLDRD:0.2727272727272727	VAVFGPTD:0.2727272727272727	NDTGPMHI:0.2727272727272727	YFCPHHPD:0.2727272727272727	TIRELMAA:0.2727272727272727	RYGYATDG:0.2727272727272727	FCPHHPDD:0.2727272727272727	LDRDGTLN:0.36363636363636365	PRRYGYAT:0.2727272727272727	AKRWLPDR:0.2727272727272727	QNAFEAAF:0.2727272727272727	RRYGYATD:0.2727272727272727	TTIRELMA:0.2727272727272727	FQNAFEAA:0.36363636363636365	TVFLDRDG:0.2727272727272727	VFLDRDGT:0.36363636363636365	IPRRYGYA:0.2727272727272727	GVTVFLDR:0.2727272727272727	GDAVMCEP:0.2727272727272727	LAGIPRRY:0.2727272727272727	TNDTGPMH:0.45454545454545453	LFQNAFEA:0.36363636363636365	LTNDTGPM:0.2727272727272727	
