cluster number:92
GT9:23	GT9:23
LTRFGDLL:0.5217391304347826	HLAAGLGV:0.43478260869565216	FGDLLQTQ:0.43478260869565216	VINLTRFG:0.30434782608695654	GDLLQTQP:0.43478260869565216	DTGTMHLA:0.9130434782608695	VFLATAQP:0.30434782608695654	TGTMHLAA:0.9565217391304348	LLTNDTGT:0.21739130434782608	TMHLAAGL:0.7391304347826086	AAGLGVPV:0.21739130434782608	NDTGTMHL:0.9130434782608695	GTMHLAAG:0.8695652173913043	GCSPFNLV:0.2608695652173913	TNDTGTMH:0.8260869565217391	TRFGDLLQ:0.5652173913043478	AVFLATAQ:0.30434782608695654	LVINLTRF:0.21739130434782608	NLTRFGDL:0.7391304347826086	RFGDLLQT:0.43478260869565216	INLTRFGD:0.6086956521739131	RGCSPFNL:0.30434782608695654	DLLQTQPV:0.30434782608695654	CSPFNLVD:0.2608695652173913	LTNDTGTM:0.21739130434782608	MHLAAGLG:0.6521739130434783	LAAGLGVP:0.391304347826087	ATAQPWDT:0.6956521739130435	FLATAQPW:0.6956521739130435	GASEDRRR:0.30434782608695654	IFLATAQP:0.4782608695652174	TAQPWDTG:0.6956521739130435	VTNDTGTM:0.43478260869565216	SEDRRRWP:0.30434782608695654	FGFNADTS:0.30434782608695654	LATAQPWD:0.6956521739130435	EDRRRWPV:0.30434782608695654	AIFLATAQ:0.43478260869565216	ASEDRRRW:0.30434782608695654	AQPWDTGP:0.6956521739130435	LVTNDTGT:0.4782608695652174	LLVTNDTG:0.2608695652173913	LAIFLATA:0.30434782608695654	QPWDTGPY:0.6086956521739131	ALQLGASE:0.2608695652173913	ASEERRRW:0.21739130434782608	GASEERRR:0.21739130434782608	IINLTRFG:0.30434782608695654	LIINLTRF:0.2608695652173913	SEERRRWP:0.21739130434782608	PWDTGPYR:0.30434782608695654	EFGFNADT:0.21739130434782608	MNVLIINL:0.21739130434782608	GDLIQTQP:0.2608695652173913	TRFGDLIQ:0.21739130434782608	DEFGFNAD:0.21739130434782608	NVLIINLT:0.21739130434782608	LTRFGDLI:0.21739130434782608	FGDLIQTQ:0.2608695652173913	DLIQTQPV:0.2608695652173913	VLIINLTR:0.21739130434782608	RFGDLIQT:0.2608695652173913	GNICLEPD:0.21739130434782608	LIQTQPVI:0.2608695652173913	
