cluster number:102
GT9:9	GT9:9
LGGGHFGR:0.5555555555555556	KMDCYNCN:0.2222222222222222	TDAIGDYI:0.2222222222222222	SVCILGGG:0.2222222222222222	KFLAKFRS:0.2222222222222222	PSVCILGG:0.2222222222222222	NCNWNCIY:0.2222222222222222	ETSAIHIA:0.2222222222222222	LFRNFIEI:0.2222222222222222	VCILGGGH:0.3333333333333333	SNETSAIH:0.2222222222222222	CYNCNWNC:0.2222222222222222	AIGDYILF:0.4444444444444444	CILGGGHF:0.5555555555555556	IKTDAIGD:0.2222222222222222	GGHFGRFA:0.2222222222222222	MDCYNCNW:0.2222222222222222	GGGHFGRF:0.5555555555555556	FLAKFRSG:0.2222222222222222	KTPSVCIL:0.2222222222222222	TPSVCILG:0.2222222222222222	KTDAIGDY:0.3333333333333333	SAIHIAAA:0.2222222222222222	GDYILFRN:0.3333333333333333	ILFRNFIE:0.2222222222222222	TSAIHIAA:0.2222222222222222	FEFDRSKF:0.3333333333333333	DYILFRNF:0.3333333333333333	NETSAIHI:0.2222222222222222	DAIGDYIL:0.4444444444444444	YNCNWNCI:0.2222222222222222	GHFGRFAP:0.2222222222222222	HFGRFAPY:0.2222222222222222	EFDRSKFF:0.3333333333333333	YILFRNFI:0.2222222222222222	FGRFAPYP:0.2222222222222222	IGDYILFR:0.4444444444444444	ILGGGHFG:0.4444444444444444	DRSKFFFE:0.2222222222222222	ICILGGGH:0.2222222222222222	FDRSKFFF:0.2222222222222222	IRVDAIGD:0.2222222222222222	FGRFFPYP:0.2222222222222222	IGDFVLWL:0.2222222222222222	
