cluster number:160
GT9:6	GT9:6
RPNHRLGN:0.8333333333333334	PTVGFFSV:0.5	LLDIKLSD:0.3333333333333333	DLFVKGGV:0.6666666666666666	VKGGVAHP:0.3333333333333333	AADNGVMH:0.6666666666666666	NIIEMLPI:0.5	YGNGSVAL:0.3333333333333333	LIIRPNHR:0.5	KNSSSGRL:0.6666666666666666	LTPTVGFF:0.3333333333333333	DNGVMHLA:0.6666666666666666	NKKTICIY:0.3333333333333333	GVMHLASA:0.6666666666666666	RLGNQLLL:0.5	KGGVAHPV:0.3333333333333333	TPLVQEVI:0.3333333333333333	SSSGRLLT:0.5	PNHRLGNQ:0.5	VDLFVKGG:0.5	VMHLASAS:0.5	KYPIYNLR:0.5	FVKGGVAH:0.3333333333333333	MLPIENIS:0.6666666666666666	FIAADNGV:0.6666666666666666	IIEMLPIE:0.5	HRLGNQLL:0.6666666666666666	TVGFFSVT:0.5	NNKKTICI:0.3333333333333333	NSSSGRLL:0.5	NHRLGNQL:0.6666666666666666	IIRPNHRL:0.5	HISKYPIY:0.5	YTNATGNK:0.5	SKYPIYNL:0.5	GNQLLLTP:0.5	TGNKCYSE:0.5	IEMLPIEN:0.6666666666666666	MHLASASL:0.5	TPTVGFFS:0.3333333333333333	HLASASLT:0.3333333333333333	LGNQLLLT:0.5	CIYTNATG:0.6666666666666666	TICIYTNA:0.6666666666666666	KKTICIYT:0.6666666666666666	ICIYTNAT:0.6666666666666666	DKNSSSGR:0.6666666666666666	ATGNKCYS:0.5	LFVKGGVA:0.6666666666666666	EMLPIENI:0.6666666666666666	NATGNKCY:0.5	IRPNHRLG:0.5	GGVAHPVF:0.3333333333333333	NGVMHLAS:0.6666666666666666	LASASLTP:0.3333333333333333	ADNGVMHL:0.6666666666666666	ISKYPIYN:0.5	VFIAADNG:0.3333333333333333	TNATGNKC:0.5	PYGNGSVA:0.3333333333333333	IAADNGVM:0.6666666666666666	IYTNATGN:0.5	KTICIYTN:0.6666666666666666	PLLDIKLS:0.3333333333333333	INGDKNSS:0.5	SSGRLLTQ:0.3333333333333333	PYGNGSIA:0.3333333333333333	EPYGNGSI:0.3333333333333333	LVINGDKN:0.5	VINGDKNS:0.5	LPIENISK:0.5	PIYNLRYF:0.3333333333333333	ENISKINF:0.3333333333333333	LPLLDIKL:0.3333333333333333	DKCYSEDW:0.3333333333333333	YDLVINGD:0.6666666666666666	TPIVQEVL:0.3333333333333333	YEPYGNGS:0.5	QLLLTPIV:0.3333333333333333	NQLLLTPI:0.3333333333333333	TAIFIAAD:0.3333333333333333	PIENISKI:0.5	TYDLVING:0.3333333333333333	ISKINFKA:0.3333333333333333	ATGDKCYS:0.3333333333333333	NISKINFK:0.3333333333333333	TVDLFVKG:0.3333333333333333	KNDKKTIC:0.3333333333333333	KTYDLVIN:0.3333333333333333	NGDKNSSS:0.5	PIVQEVLN:0.3333333333333333	LLLTPIVQ:0.3333333333333333	DLVINGDK:0.5	EVLNTFPN:0.3333333333333333	KCYSEDWW:0.5	NDKKTICI:0.3333333333333333	YNIIEMLP:0.3333333333333333	IFIAADNG:0.3333333333333333	AIFIAADN:0.3333333333333333	IVQEVLNT:0.3333333333333333	QEVLNTFP:0.3333333333333333	GDKNSSSG:0.5	LLTPIVQE:0.3333333333333333	VQEVLNTF:0.3333333333333333	IENISKIN:0.3333333333333333	LTPIVQEV:0.3333333333333333	IYNLRYFL:0.3333333333333333	IREMGAII:0.3333333333333333	VGFFSVTN:0.5	DKKTICIY:0.3333333333333333	NTAIFIAA:0.3333333333333333	DYEHISKY:0.3333333333333333	YEHISKYP:0.3333333333333333	FYSKDIRE:0.3333333333333333	EHISKYPI:0.3333333333333333	VLIIRPNH:0.3333333333333333	YSKDIREM:0.3333333333333333	LISRPNHR:0.3333333333333333	SRPNHRLG:0.3333333333333333	VLISRPNH:0.3333333333333333	RVLISRPN:0.3333333333333333	SSSGRLST:0.3333333333333333	ISRPNHRL:0.3333333333333333	IYEPYGNG:0.3333333333333333	KRVLISRP:0.3333333333333333	NSSSGRLS:0.3333333333333333	IKRVLISR:0.3333333333333333	
