cluster number:51
GT9:174	GT9:174
CADLFIAG:0.4482758620689655	NHRLTQRR:0.27011494252873564	ILVIRNDK:0.3045977011494253	RLTQRRSR:0.22413793103448276	AWPAFAML:0.25862068965517243	NIPTIGFY:0.25287356321839083	RLAPATKW:0.23563218390804597	GSTGPLHL:0.2988505747126437	ISFFSNTH:0.20689655172413793	SFFSNTHN:0.20689655172413793	ADLFIAGS:0.45977011494252873	KKWIFVHS:0.2471264367816092	VLTAGPGE:0.3390804597701149	HRLTQRRS:0.27586206896551724	GSATNLSL:0.27011494252873564	LVIRNDKL:0.22413793103448276	HSGSGGSA:0.28735632183908044	IAGSTGPL:0.7126436781609196	LKLTALVP:0.27586206896551724	SGSGGSAT:0.2413793103448276	FIAGSTGP:0.6839080459770115	LFIAGSTG:0.5804597701149425	QRRSRSEK:0.22988505747126436	AGSTGPLH:0.9137931034482759	KILVIRND:0.3045977011494253	GIKYRLAP:0.25287356321839083	KYRLAPAT:0.25287356321839083	FAHSLACA:0.20114942528735633	WIFVHSGS:0.25287356321839083	STGPLHLS:0.29310344827586204	NDKLGDFM:0.2988505747126437	GGSATNLS:0.28160919540229884	WPAFAMLK:0.26436781609195403	IKYRLAPA:0.25287356321839083	SLACADLF:0.3333333333333333	VIRNDKLG:0.22413793103448276	YRLAPATK:0.7011494252873564	VHSGSGGS:0.26436781609195403	LACADLFI:0.3448275862068966	HSLACADL:0.20114942528735633	GSGGSATN:0.2413793103448276	YNHRLTQR:0.27011494252873564	TALVPSYT:0.3275862068965517	SGGSATNL:0.2413793103448276	TQRRSRSE:0.21839080459770116	KWIFVHSG:0.25287356321839083	DLFIAGST:0.45977011494252873	KHLAFCPP:0.20114942528735633	ACADLFIA:0.4425287356321839	IPTIGFYP:0.26436781609195403	RNDKLGDF:0.3505747126436782	IFVHSGSG:0.25287356321839083	LYNHRLTQ:0.23563218390804597	MISFFSNT:0.20114942528735633	LAPATKWV:0.20689655172413793	FVHSGSGG:0.25862068965517243	APATKWVQ:0.20689655172413793	IRNDKLGD:0.22413793103448276	LTQRRSRS:0.22413793103448276	GGSANNLS:0.47126436781609193	RLAPATKL:0.4540229885057471	ALVPAYTA:0.20689655172413793	LLVIRNDK:0.21264367816091953	GSGGSANN:0.42528735632183906	GSANNLSL:0.2413793103448276	SGGSANNL:0.42528735632183906	IRNDKIGD:0.3333333333333333	STGPLHIA:0.5862068965517241	GSTGPLHI:0.632183908045977	RNDKIGDF:0.5804597701149425	NDKIGDFM:0.5689655172413793	VIRNDKIG:0.3333333333333333	LVIRNDKI:0.3333333333333333	TGPLHIAA:0.40804597701149425	MLAWPSFA:0.40804597701149425	LAWPSFAM:0.40804597701149425	IKQKRSQS:0.22413793103448276	DASINLFS:0.22988505747126436	KRSQSAKP:0.21839080459770116	LARLCPWI:0.22413793103448276	GDFMLAWP:0.603448275862069	NSEGRHLA:0.21839080459770116	DKIGDFML:0.4942528735632184	RSQSAKPE:0.28160919540229884	FMLAWPSF:0.40229885057471265	PLRWRPLN:0.3045977011494253	VPTVGFFP:0.28735632183908044	WPSFAMLK:0.40804597701149425	PLNSEGRH:0.21839080459770116	KQKRSQSA:0.22988505747126436	IGDFMLAW:0.47126436781609193	AWPSFAML:0.40804597701149425	QKRSQSAK:0.22988505747126436	LRWRPLNS:0.27011494252873564	DVPTVGFF:0.28735632183908044	KIGDFMLA:0.47126436781609193	SQSAKPEY:0.21264367816091953	NALLVWKA:0.20114942528735633	RIKQKRSQ:0.22413793103448276	LNSEGRHL:0.21839080459770116	TPLRWRPL:0.3045977011494253	SEGRHLAF:0.21839080459770116	YNALLVWK:0.25862068965517243	DFMLAWPS:0.40229885057471265	ASINLFST:0.22988505747126436	FDASINLF:0.22988505747126436	ARLCPWID:0.22413793103448276	EYEYNLDL:0.2988505747126437	GSANNLSI:0.20689655172413793	RSATPLRW:0.5114942528735632	APATKLAQ:0.2988505747126437	VHAGSGGS:0.3850574712643678	LTAGPGEE:0.3793103448275862	LVVRNDKI:0.2471264367816092	GPLHIAAA:0.3045977011494253	IPYRLAPA:0.39655172413793105	LAPATKLA:0.27011494252873564	HAGSGGSA:0.39655172413793105	SATPLRWR:0.27011494252873564	YEYNLDLV:0.27586206896551724	PYRLAPAT:0.40229885057471265	VVRNDKIG:0.2471264367816092	PEYEYNLD:0.28735632183908044	AGSGGSAN:0.3735632183908046	ILVVRNDK:0.2413793103448276	KPEYEYNL:0.28735632183908044	EYNLDLVR:0.28160919540229884	ATPLRWRP:0.27011494252873564	VRNDKIGD:0.2471264367816092	ILTAGPGE:0.20114942528735633	
