cluster number:110
GT9:1229	GT9:1229|GT2:1|2.4.99.-:1
NDSGLMHV:0.7705451586655818	DSGLMHVA:0.7062652563059398	VAAALNRP:0.2660699755899105	LCPGAEFG:0.31570382424735555	AAALNRPL:0.29536208299430433	VIGPSWVG:0.30105777054515864	GPSWVGDM:0.6867371847030106	GAEFGPAK:0.5671277461350691	CPGAEFGP:0.5606183889340928	FGPAKRWP:0.49308380797396256	MKILVIGP:0.27990235964198534	IGPSWVGD:0.4458909682668836	GLMHVAAA:0.6818551668022783	EFGPAKRW:0.49308380797396256	PGAEFGPA:0.5663140764849471	HVAAALNR:0.2660699755899105	PSWVGDMV:0.323026851098454	AEFGPAKR:0.5012205044751831	ILVIGPSW:0.2978030919446705	SGLMHVAA:0.6908055329536208	MHVAAALN:0.322213181448332	KILVIGPS:0.2774613506916192	SWVGDMVM:0.31733116354759966	LVIGPSWV:0.3002441008950366	LMHVAAAL:0.5817737998372661	EMRYGLLN:0.41903986981285596	VGDMVMAQ:0.23596419853539463	PNSLKSAL:0.2676973148901546	MRYGLLND:0.4157851912123678	VGPSWVGD:0.23759153783563874	WVGDMVMA:0.23921887713588283	VTNDSGLM:0.2823433685923515	SALVPFFA:0.41822620016273393	LPNSLKSA:0.3449959316517494	KSALVPFF:0.42066720911310007	RGEMRYGL:0.3213995117982099	GEMRYGLL:0.4239218877135883	TNDSGLMH:0.28885272579332794	SNDSGLMH:0.5459723352318958	VSNDSGLM:0.5061025223759154	VVSNDSGL:0.4434499593165175	VGDMMMSQ:0.28641171684296174	ERYVALAY:0.24003254678600489	SQSLYRTL:0.2937347436940602	PLVALYGP:0.3352318958502848	APAWCRPL:0.306753458096013	TGWRGEMR:0.3572009764035802	ITGYHKVR:0.2001627339300244	IDVMAPAW:0.31163547599674535	QPLLWPQL:0.24003254678600489	PLGHGALE:0.25223759153783565	MPLGHGAL:0.27502034174125306	DMMMSQSL:0.28885272579332794	PQPLLWPQ:0.23840520748576077	RPLVALYG:0.31651749389747763	WCRPLLSR:0.21074043938161108	ALYGPSSP:0.3279088689991863	VERYVALA:0.274206672091131	YHKVRKGD:0.25386493083807976	QSLYRTLK:0.21562245728234336	DLPQPLLW:0.24979658258746948	IGFCPGAE:0.3441822620016273	RYVALAYD:0.25386493083807976	FKSALVPF:0.27502034174125306	PDFTPPLS:0.32546786004882017	PSWVGDMM:0.3742880390561432	WRGEMRYG:0.33116354759967453	MVERYVAL:0.2855980471928397	LVALYGPS:0.28885272579332794	RWPHYHYA:0.3628966639544345	PLMVERYV:0.20748576078112285	RTGWRGEM:0.3572009764035802	NLAGETQL:0.2001627339300244	YGPSSPDF:0.3213995117982099	SPDFTPPL:0.3417412530512612	MAPAWCRP:0.30349877949552484	SLYRTLKA:0.22620016273393004	LLSRMPEV:0.21236777868185516	GFCPGAEF:0.3938161106590724	VMAPAWCR:0.30431244914564687	GPAKRWPH:0.3791700569568755	AKRWPHYH:0.37591537835638733	DVMAPAWC:0.31000813669650124	SSPDFTPP:0.3279088689991863	WVGDMMMS:0.37347436940602113	PLLSRMPE:0.20748576078112285	GDMMMSQS:0.28966639544344996	MMMSQSLY:0.29617575264442636	IRLITGYH:0.22782750203417412	FCPGAEFG:0.43368592351505286	KRWPHYHY:0.37672904800650936	GYHKVRKG:0.26037428803905616	RPLLSRMP:0.20667209113100082	VALYGPSS:0.28641171684296174	PSSPDFTP:0.322213181448332	SWVGDMMM:0.37347436940602113	CRPLLSRM:0.21074043938161108	GPSSPDFT:0.322213181448332	MSQSLYRT:0.29617575264442636	GWRGEMRY:0.36208299430431246	LMVERYVA:0.20097640358014646	PAWCRPLL:0.306753458096013	AWCRPLLS:0.20260374288039057	DFTPPLSH:0.20585842148087877	VIRLITGY:0.22457282343368593	RLITGYHK:0.20748576078112285	MMSQSLYR:0.2994304312449146	LPQPLLWP:0.26525630593978844	PAKRWPHY:0.37347436940602113	LYGPSSPD:0.323026851098454	VAVYGSTS:0.21887713588283156	LVPFFAGI:0.22457282343368593	AVVSNDSG:0.3148901545972335	ILERMPEV:0.20097640358014646	AVYGSTSP:0.22701383238405207	ALNRPLVA:0.2709519934906428	PILERMPE:0.23921887713588283	ALVPFFAG:0.24165988608624897	AALNRPLV:0.2774613506916192	VLPNSFKS:0.3368592351505289	NSFKSALV:0.2628152969894223	PNSFKSAL:0.3506916192026037	SFKSALVP:0.2701383238405207	LPNSFKSA:0.35394629780309195	YHQSLIDI:0.3718470301057771	GYHQSLID:0.3718470301057771	AYVLPNSF:0.2839707078925956	RAYVLPNS:0.2481692432872254	HKVRKGDA:0.20097640358014646	PLLWPQLQ:0.2001627339300244	DRAYVLPN:0.2449145646867372	QSLIDITP:0.20585842148087877	YDRAYVLP:0.24572823433685922	YVLPNSFK:0.2839707078925956	HQSLIDIT:0.2050447518307567	LLWPQLQV:0.20097640358014646	WQVWLFGS:0.22375915378356387	GWQVWLFG:0.22375915378356387	
