cluster number:2
GT9:362	GT9:362
ICILRLSA:0.30662983425414364	SICILRLS:0.2596685082872928	ASKAYKNW:0.21823204419889503	VIAPDTGP:0.2596685082872928	FDALLHMQ:0.27900552486187846	GLYAHHNP:0.3342541436464088	LRLSAIGD:0.7762430939226519	GTPVIGLY:0.42265193370165743	ILRLSAIG:0.5248618784530387	TPVIGLYA:0.5386740331491713	SAIGDVCH:0.4723756906077348	TQGTPVIG:0.2430939226519337	RLSAIGDV:0.7071823204419889	QGTPVIGL:0.24585635359116023	CILRLSAI:0.5220994475138122	LSAIGDVC:0.6712707182320442	AIGDVCHA:0.39502762430939226	GKTNLKQL:0.2154696132596685	PHVLDGFM:0.2154696132596685	LCILRLSA:0.3149171270718232	SLCILRLS:0.30662983425414364	SPHVLDGF:0.24585635359116023	IAPDTGPA:0.24033149171270718	APDTGPAH:0.48066298342541436	ALLHMQYA:0.2154696132596685	DALLHMQY:0.2154696132596685	SAIGDVCN:0.20441988950276244	IGLYAHHN:0.292817679558011	PDTGPAHM:0.4530386740331492	DTGPAHMA:0.4447513812154696	ATLGIKAK:0.2154696132596685	VIGLYAHS:0.23480662983425415	LVLAPDTG:0.22099447513812154	IGLYAHSN:0.2265193370165746	IGDVCHAV:0.26243093922651933	VLAPDTGP:0.26243093922651933	GLYAHSNP:0.26795580110497236	PVIGLYAH:0.3729281767955801	DSGPAHIA:0.23204419889502761	GPAHIATT:0.2265193370165746	PAHIATTQ:0.2265193370165746	SGPAHIAT:0.23204419889502761	
