cluster number:59
GT9:60	GT9:60
VGNDTGPM:0.4666666666666667	MHTRARQR:0.3	GQVRVLRV:0.2	RARQRDQL:0.3	TGPMHLAA:0.5	LVIKLGAL:0.26666666666666666	RPAKRWPA:0.35	HRPAKRWP:0.5	HTRARQRD:0.3	DLQTSGRS:0.3333333333333333	VIKLGALG:0.26666666666666666	AVGNDTGP:0.48333333333333334	TRARQRDQ:0.3	GNDTGPMH:0.7333333333333333	PGAAPHRP:0.26666666666666666	ILVIKLGA:0.26666666666666666	ARQRDQLR:0.3	GPMHLAAA:0.31666666666666665	RILVIKLG:0.23333333333333334	TLLTTAPF:0.21666666666666667	YDLQTSGR:0.23333333333333334	DTGPMHLA:0.5	IKLGALGD:0.2833333333333333	NDTGPMHL:0.6166666666666667	PHRPAKRW:0.2833333333333333	APHRPAKR:0.2833333333333333	VPGAAPHR:0.25	LVPGAAPH:0.2	RVYDLQTS:0.36666666666666664	DRVYDLQT:0.2833333333333333	AHITLLTT:0.3333333333333333	FSADSNPA:0.25	ALGDFVQS:0.3	NPALTAPL:0.21666666666666667	PALTAPLG:0.21666666666666667	IRLGALGD:0.35	GDFVQSFG:0.23333333333333334	LFSADSNP:0.25	VQSFGPFQ:0.2	SADSNPAL:0.25	QSFGPFQA:0.2	GCRCVVLF:0.2	GALGDFVQ:0.5333333333333333	SNPALTAP:0.3	ARRYGELA:0.2	DSNPALTA:0.25	LGDFVQSF:0.3	VLFSADSN:0.25	LGALGDFV:0.55	SFGPFQAI:0.2	PARRYGEL:0.2	CAVGNDTG:0.25	PYVLIVPG:0.2	CRCVVLFS:0.2	FGPFQAIR:0.2	ILVIRLGA:0.2833333333333333	PAKRWPAR:0.21666666666666667	LVIRLGAL:0.35	RCVVLFSA:0.2	MGCRCVVL:0.2	RWPARRYG:0.2	ADSNPALT:0.25	GPFQAIRQ:0.2	KRWPARRY:0.2	PFQAIRQA:0.2	AKRWPARR:0.2	WPARRYGE:0.2	FVQSFGPF:0.23333333333333334	VIRLGALG:0.35	RILVIRLG:0.26666666666666666	RLGALGDF:0.31666666666666665	DFVQSFGP:0.23333333333333334	KLGALGDF:0.26666666666666666	ALGDFVQA:0.2833333333333333	LLTTAPFV:0.2	
