cluster number:84
GT9:22	GT9:22
APTSVWFT:0.5909090909090909	ASTGFLTA:0.2727272727272727	ILATALLE:0.3181818181818182	DVILATAL:0.36363636363636365	LLASAALM:0.2727272727272727	TGFLTAFS:0.36363636363636365	AFIGDVIL:0.6818181818181818	TLQRFAST:0.3181818181818182	YVNDSAPM:0.2727272727272727	PTSVWFTK:0.5909090909090909	LLGGPPDV:0.22727272727272727	ASAALMRG:0.3181818181818182	SAALMRGA:0.3181818181818182	GDVILATA:0.5	RFASTGFL:0.2727272727272727	LLIQTAFI:0.4090909090909091	VWFTKQFP:0.3181818181818182	LIQTAFIG:0.4090909090909091	HLCSAVGA:0.2727272727272727	QTAFIGDV:0.7727272727272727	LCSAVGAP:0.2727272727272727	LASAALMR:0.2727272727272727	IGDVILAT:0.5454545454545454	VLNYVNDS:0.2727272727272727	GFLTAFSG:0.3181818181818182	LVRKGNEG:0.3181818181818182	IQTAFIGD:0.8181818181818182	NYVNDSAP:0.7727272727272727	AVLNYVND:0.2727272727272727	FASTGFLT:0.2727272727272727	IAPTSVWF:0.36363636363636365	CIAPTSVW:0.36363636363636365	QRFASTGF:0.2727272727272727	VNDSAPMH:0.2727272727272727	TSVWFTKQ:0.5909090909090909	LQRFASTG:0.3181818181818182	SVWFTKQF:0.3181818181818182	VRKGNEGL:0.3181818181818182	STGFLTAF:0.2727272727272727	TAFIGDVI:0.7272727272727273	FIGDVILA:0.5454545454545454	VILATALL:0.22727272727272727	AMNAPTTA:0.22727272727272727	PLHLCSAM:0.22727272727272727	LCSAMNAP:0.22727272727272727	YVNDSAPL:0.45454545454545453	HLCSAMNA:0.22727272727272727	TAVFCSTV:0.22727272727272727	SAPLHLCS:0.4090909090909091	SVWFTKQY:0.5	AVFCSTVP:0.45454545454545453	MNYVNDSA:0.5909090909090909	SAMNAPTT:0.22727272727272727	IIQTAFIG:0.2727272727272727	LSLLQSAA:0.2727272727272727	FGFGPLAD:0.3181818181818182	VNDSAPLH:0.45454545454545453	NDSAPLHL:0.5	APLHLCSA:0.4090909090909091	VWFTKQYP:0.5	RFLIIQTA:0.22727272727272727	SLLQSAAL:0.2727272727272727	LIIQTAFI:0.2727272727272727	FLIIQTAF:0.22727272727272727	DSAPLHLC:0.4090909090909091	CSAMNAPT:0.22727272727272727	LHLCSAMN:0.22727272727272727	CPLGHFRC:0.36363636363636365	LANHPFLN:0.22727272727272727	ACPLGHFR:0.22727272727272727	LLANHPFL:0.22727272727272727	PLGHFRCA:0.36363636363636365	VVTLQRFA:0.22727272727272727	GRVVTLQR:0.22727272727272727	VYLLGGPP:0.22727272727272727	VTLQRFAS:0.22727272727272727	FLTAFSGA:0.2727272727272727	YGRVVTLQ:0.22727272727272727	RVVTLQRF:0.22727272727272727	CRPCGLHG:0.5454545454545454	YLLGGPPD:0.22727272727272727	CSTVPEFG:0.2727272727272727	FCSTVPEF:0.2727272727272727	VPEFGFGP:0.2727272727272727	RKGNEGLL:0.2727272727272727	PEFGFGPL:0.2727272727272727	TVPEFGFG:0.2727272727272727	STVPEFGF:0.22727272727272727	RPCGLHGY:0.22727272727272727	GFDKNPLS:0.22727272727272727	
