cluster number:117
GT9:19	GT9:19
LVVRLSSI:0.21052631578947367	PKGHFRCM:0.47368421052631576	NDTGLMHM:0.42105263157894735	LVVDLQNN:0.3157894736842105	SSIGDIIL:0.42105263157894735	VVRLSSIG:0.21052631578947367	TNDTGLMH:0.5789473684210527	RLSSIGDI:0.631578947368421	CPKGHFRC:0.47368421052631576	AVLTNDTG:0.5789473684210527	DAVLTNDT:0.5263157894736842	RCPKGHFR:0.21052631578947367	LTNDTGLM:0.5789473684210527	DLQNNRRS:0.2631578947368421	VVDLQNNR:0.21052631578947367	YDLVVDLQ:0.2631578947368421	IGDIILTT:0.42105263157894735	VDLQNNRR:0.21052631578947367	DTGLMHMA:0.42105263157894735	VRLSSIGD:0.21052631578947367	RPCSHIGR:0.7368421052631579	VLTNDTGL:0.5789473684210527	LSSIGDII:0.42105263157894735	CRPCSHIG:0.8421052631578947	DLVVDLQN:0.21052631578947367	LFVLFGSS:0.5263157894736842	LMHMASAF:0.42105263157894735	SIGDIILT:0.3684210526315789	GDIILTTP:0.42105263157894735	TGLMHMAS:0.42105263157894735	VLAVCFGA:0.21052631578947367	GLMHMASA:0.42105263157894735	VREFGFLP:0.21052631578947367	VDLQNNLR:0.21052631578947367	VVDLQNNL:0.21052631578947367	FVLFGSSV:0.3157894736842105	REFGFLPY:0.21052631578947367	NWKKLLLV:0.2631578947368421	HMASAFGK:0.2631578947368421	VIRLSSIG:0.3157894736842105	SCPKGHFR:0.21052631578947367	CDAVLTND:0.21052631578947367	MHMASAFG:0.3157894736842105	LVIRLSSI:0.3157894736842105	IRLSSIGD:0.42105263157894735	ILVIRLSS:0.3684210526315789	SVREFGFL:0.21052631578947367	SSVREFGF:0.3684210526315789	FGSSVREF:0.3684210526315789	GSSVREFG:0.3684210526315789	FVIFGSSV:0.21052631578947367	KLFVIFGS:0.21052631578947367	LLLGGKED:0.3157894736842105	LMHIASAF:0.2631578947368421	VDAVLTND:0.21052631578947367	DTGLMHIA:0.2631578947368421	VLLLGGKE:0.2631578947368421	IVLTTPVL:0.2631578947368421	LFVIFGSS:0.21052631578947367	AFGKKLFV:0.21052631578947367	VRLSAIGD:0.21052631578947367	IGDIVLTT:0.3157894736842105	MHIASAFG:0.2631578947368421	LMQSAALL:0.21052631578947367	SAFGKKLF:0.21052631578947367	RLSAIGDI:0.21052631578947367	VVRLSAIG:0.21052631578947367	NDTGLMHI:0.2631578947368421	GDIVLTTP:0.3157894736842105	GLMHIASA:0.2631578947368421	TGLMHIAS:0.2631578947368421	DIVLTTPV:0.2631578947368421	LVVRLSAI:0.21052631578947367	ASAFGKKL:0.21052631578947367	KILVIRLS:0.21052631578947367	RCRPCSHI:0.3157894736842105	DIILTTPL:0.2631578947368421	GLRCRPCS:0.2631578947368421	IILTTPLL:0.21052631578947367	HIGRDRCP:0.2631578947368421	SHIGRDRC:0.2631578947368421	ILTTPLLR:0.21052631578947367	LRCRPCSH:0.3157894736842105	CSHIGRDR:0.2631578947368421	PCSHIGRD:0.3157894736842105	SCRPCSHI:0.21052631578947367	LSCRPCSH:0.21052631578947367	LMQTAALL:0.21052631578947367	IFGSSVRE:0.21052631578947367	IGRDRCPK:0.21052631578947367	
