cluster number:203
GT9:13	GT9:13
TPQKSMPY:0.6153846153846154	ILVIQNKR:0.46153846153846156	KAIEDRIN:0.23076923076923078	GKAIEDRI:0.38461538461538464	RIGDVLIS:0.3076923076923077	KALDKPTF:0.3076923076923077	IGDVLISS:0.38461538461538464	LGILGSTP:0.23076923076923078	FNYAPNQK:0.23076923076923078	DIIFDPYS:0.3076923076923077	MLGILGST:0.23076923076923078	STPQKSMP:0.6153846153846154	KILVIQNK:0.46153846153846156	ALDKPTFT:0.3076923076923077	MKKILVIQ:0.38461538461538464	EDSIRGFI:0.3076923076923077	IMLGILGS:0.23076923076923078	KLQSRLIC:0.23076923076923078	NCGKAIED:0.23076923076923078	QNKRIGDV:0.6923076923076923	KKILVIQN:0.38461538461538464	ILGSTPQK:0.3076923076923077	IIFDPYSK:0.38461538461538464	LVIQNKRI:0.46153846153846156	IYEDSIRG:0.3076923076923077	LDKPTFTI:0.23076923076923078	NEGGSVHI:0.23076923076923078	GILGSTPQ:0.3076923076923077	YEDSIRGF:0.3076923076923077	PYVNKEHW:0.23076923076923078	CGKAIEDR:0.3076923076923077	IQNKRIGD:0.6923076923076923	SPYVNKEH:0.23076923076923078	LGSTPQKS:0.6153846153846154	DIYEDSIR:0.3076923076923077	GSTPQKSM:0.6153846153846154	YDIIFDPY:0.38461538461538464	KRIGDVLI:0.5384615384615384	VIQNKRIG:0.46153846153846156	NKRIGDVL:0.7692307692307693	YSPYVNKE:0.23076923076923078	ALNKPTFT:0.3076923076923077	NKPTFTIF:0.3076923076923077	SKALNKPT:0.23076923076923078	KALNKPTF:0.3076923076923077	PTFTIFSP:0.7692307692307693	KPTFTIFS:0.5384615384615384	LNKPTFTI:0.3076923076923077	ISKALNKP:0.23076923076923078	QKSMPYDY:0.23076923076923078	KDHWASFE:0.23076923076923078	HWASFEDG:0.38461538461538464	WASFEDGK:0.38461538461538464	KVLIIQNK:0.23076923076923078	LIIQNKRI:0.23076923076923078	VLGSTPQK:0.3076923076923077	PQKSMPYD:0.23076923076923078	GVLGSTPQ:0.3076923076923077	TFTIFSPY:0.5384615384615384	DHWASFED:0.23076923076923078	VLIIQNKR:0.23076923076923078	IIQNKRIG:0.23076923076923078	FTIFSPYV:0.38461538461538464	KYDIIFDP:0.23076923076923078	LGVLGSTP:0.23076923076923078	IFSPYVLK:0.23076923076923078	TIFSPYVL:0.23076923076923078	RRKIEEDP:0.23076923076923078	EKELKKIP:0.23076923076923078	LFNYAPHQ:0.23076923076923078	FNYAPHQK:0.3076923076923077	IENNPNID:0.23076923076923078	VIENNPNI:0.23076923076923078	GVIENNPN:0.23076923076923078	IGDVLIAS:0.23076923076923078	RIGDVLIA:0.23076923076923078	
