cluster number:138
GT9:34	GT9:34|GT2:4
QQKMIGDV:0.5588235294117647	QILFNYIP:0.3235294117647059	FTIFSPWI:0.2647058823529412	IPTFTIFS:0.20588235294117646	AINMAKAL:0.29411764705882354	EGGAINMA:0.4117647058823529	LIIQQKMI:0.20588235294117646	PTFTIFSP:0.23529411764705882	ALIGNEGG:0.6176470588235294	GNEGGAIN:0.5	IQQKMIGD:0.5588235294117647	LFNYIPKQ:0.23529411764705882	LIGNEGGA:0.5882352941176471	AGLAIENR:0.29411764705882354	QKMIGDVL:0.5588235294117647	GAINMAKA:0.4117647058823529	IIQQKMIG:0.20588235294117646	IGNEGGAI:0.5	TFTIFSPW:0.2647058823529412	KMIGDVLA:0.20588235294117646	NEGGAINM:0.5	GGAINMAK:0.4117647058823529	IGNEGGAV:0.35294117647058826	ILVIQQKM:0.29411764705882354	VIQQKMIG:0.35294117647058826	LVIQQKMI:0.35294117647058826	KILVIQQK:0.29411764705882354	EGGAVNMA:0.35294117647058826	NEGGAVNM:0.35294117647058826	AVNMAKAL:0.23529411764705882	GNEGGAVN:0.35294117647058826	GAVNMAKA:0.35294117647058826	GGAVNMAK:0.35294117647058826	LTSSILFE:0.2647058823529412	AIIGNEGG:0.20588235294117646	TSSILFEA:0.23529411764705882	VLTSSILF:0.3235294117647059	GDVLTSSI:0.4117647058823529	SSILFEAL:0.20588235294117646	IIGNEGGA:0.23529411764705882	IGDVLTSS:0.4411764705882353	DVLTSSIL:0.38235294117647056	MIGDVLTS:0.47058823529411764	MKILVIQQ:0.23529411764705882	KMIGDVLT:0.4411764705882353	VHLKDFKP:0.29411764705882354	ENNPFIDK:0.23529411764705882	VENNPFID:0.20588235294117646	VVENNPFI:0.20588235294117646	KDFKPELY:0.20588235294117646	HLKDFKPE:0.23529411764705882	LKDFKPEL:0.20588235294117646	SVHLKDFK:0.23529411764705882	
