cluster number:212
GT9:69	GT9:69
VICGDTGV:0.2608695652173913	LRALGLGD:0.5942028985507246	VLRALGLG:0.4927536231884058	VDELLPTA:0.2028985507246377	WPPDRFAA:0.2028985507246377	AVPALRGL:0.2028985507246377	VPALRGLR:0.2463768115942029	GDTGVAHL:0.43478260869565216	LGDLLTAV:0.4492753623188406	DTGVAHLA:0.42028985507246375	LLTAVPAL:0.5217391304347826	PPDRFAAV:0.2028985507246377	LGLGDLLT:0.6086956521739131	DLLTAVPA:0.4927536231884058	GLGDLLTA:0.4927536231884058	GDLLTAVP:0.4927536231884058	ALGLGDLL:0.5072463768115942	LTAVPALR:0.5362318840579711	CGDTGVAH:0.42028985507246375	PALRGLRR:0.2463768115942029	AVDELLPT:0.3333333333333333	TAVPALRG:0.2028985507246377	RALGLGDL:0.5217391304347826	VCGDTGVA:0.2028985507246377	TGVAHLAT:0.2753623188405797	LLFGPTPP:0.391304347826087	TAVPALRA:0.34782608695652173	VPALRALR:0.3188405797101449	PALRALRR:0.391304347826087	GVAHLATA:0.2608695652173913	ALRALRRA:0.30434782608695654	VLLFGPTP:0.391304347826087	HLATAFGT:0.2608695652173913	AVPALRAL:0.36231884057971014	VVIHPGAA:0.21739130434782608	GTPSVLLF:0.2898550724637681	CGDTGVGH:0.3188405797101449	PSVLLFGP:0.3333333333333333	SVLLFGPT:0.3188405797101449	ICGDTGVG:0.2318840579710145	TPSVLLFG:0.3333333333333333	GLGDLLTG:0.2318840579710145	DTGVGHLA:0.30434782608695654	ILVLRALG:0.21739130434782608	GDTGVGHL:0.2608695652173913	LVLRALGL:0.3188405797101449	TGVGHLAT:0.30434782608695654	GVGHLATA:0.30434782608695654	DLAVNLHG:0.2318840579710145	PDLAVNLH:0.21739130434782608	VNLHGRGP:0.3188405797101449	LHGRGPQS:0.2028985507246377	ATAYGTPS:0.2028985507246377	AVNLHGRG:0.3188405797101449	PSVVLFGP:0.2318840579710145	NLHGRGPQ:0.2028985507246377	TAYGTPSV:0.2028985507246377	LAVNLHGR:0.2608695652173913	LVVCGDTG:0.2318840579710145	VVCGDTGV:0.2463768115942029	
