cluster number:155
GT9:23	GT9:23
AFFLSSAW:0.5217391304347826	AWCHETGP:0.30434782608695654	CHETGPYG:0.30434782608695654	SSAWCHET:0.30434782608695654	FFLSSAWC:0.6086956521739131	WCHETGPY:0.30434782608695654	FLSSAWCH:0.30434782608695654	SAWCHETG:0.30434782608695654	LSSAWCHE:0.30434782608695654	DTGTMHLA:0.6956521739130435	GTMHLAAH:0.5217391304347826	TMHLAAHL:0.5217391304347826	TGTMHLAA:0.6956521739130435	LTPDTGTM:0.30434782608695654	PDTGTMHL:0.6956521739130435	MHLAAHLG:0.5217391304347826	LVIQLARF:0.43478260869565216	VYNLNFSG:0.21739130434782608	VIQLARFG:0.43478260869565216	TPDTGTMH:0.6521739130434783	QLARFGDL:0.4782608695652174	IQLARFGD:0.5652173913043478	GVVLAGRE:0.43478260869565216	ETGPYGLG:0.30434782608695654	GRESRRSL:0.43478260869565216	SSAWCFET:0.21739130434782608	AWCFETGP:0.21739130434782608	LSSAWCFE:0.21739130434782608	CFETGPYG:0.21739130434782608	RESRRSLP:0.43478260869565216	TGPYGLGH:0.30434782608695654	HLAAHLGT:0.30434782608695654	LAAHLGTP:0.30434782608695654	FLSSAWCF:0.21739130434782608	LAFFLSSA:0.2608695652173913	ITPDTGTM:0.21739130434782608	SAWCFETG:0.21739130434782608	WCFETGPY:0.21739130434782608	GPYGLGHT:0.21739130434782608	GGIGVVLA:0.21739130434782608	AGRESRRS:0.391304347826087	DLVQTKRL:0.21739130434782608	LAGRESRR:0.391304347826087	GIGVVLAG:0.34782608695652173	GGGIGVVL:0.21739130434782608	GDLVQTKR:0.21739130434782608	YLVIQLAR:0.2608695652173913	FGDLVQTK:0.21739130434782608	VLAGRESR:0.391304347826087	VVLAGRES:0.391304347826087	RFGDLVQT:0.2608695652173913	IGVVLAGR:0.34782608695652173	AAHLGTPV:0.2608695652173913	ARFGDLVQ:0.21739130434782608	PLNLVDFW:0.30434782608695654	LNLVDFWA:0.30434782608695654	VLAFFLSS:0.21739130434782608	PVLAFFLS:0.21739130434782608	LGVVLAGR:0.21739130434782608	GLGVVLAG:0.21739130434782608	
