cluster number:165
GT9:14	GT9:14
DTAWRTGP:0.6428571428571429	VQIYNFDT:0.42857142857142855	GVSHIAVA:0.2857142857142857	GVVGVDSG:0.42857142857142855	KLSSLGDV:0.8571428571428571	DSGVSHIA:0.2857142857142857	TEGSGYEA:0.2857142857142857	PAVQDLRA:0.21428571428571427	KILIVKLS:0.21428571428571427	CEGVARVI:0.21428571428571427	VVHTMPAV:0.21428571428571427	AYDAVIDL:0.21428571428571427	HTMPAVQD:0.21428571428571427	VSHIAVAL:0.2857142857142857	AVQDLRAA:0.21428571428571427	SLGDVVHT:0.2857142857142857	LVARCEGV:0.21428571428571427	LSSLGDVV:0.7857142857142857	VDSGVSHI:0.2857142857142857	PLVARCEG:0.21428571428571427	HIAVALDL:0.6428571428571429	RCEGVARV:0.21428571428571427	GVARVIPC:0.21428571428571427	SGYEAPTR:0.35714285714285715	VKLSSLGD:0.8571428571428571	EGSGYEAP:0.2857142857142857	GVDSGVSH:0.2857142857142857	RIDWVVER:0.21428571428571427	DAVIDLQG:0.7142857142857143	SHIAVALD:0.6428571428571429	DLPHVQIY:0.2857142857142857	FAPLVARC:0.21428571428571427	AVALDLPH:0.6428571428571429	NFDTAWRT:0.6428571428571429	LVALVHGT:0.2857142857142857	NQTEGSGY:0.2857142857142857	YNFDTAWR:0.6428571428571429	MPAVQDLR:0.2857142857142857	QIYNFDTA:0.42857142857142855	IVKLSSLG:0.6428571428571429	VALDLPHV:0.6428571428571429	APLVARCE:0.21428571428571427	GDVVHTMP:0.21428571428571427	SSLGDVVH:0.7857142857142857	PLVALVHG:0.21428571428571427	LDLPHVQI:0.35714285714285715	QTEGSGYE:0.2857142857142857	ANQTEGSG:0.2857142857142857	ARIDWVVE:0.21428571428571427	ALVHGTSR:0.42857142857142855	YEAPTRWV:0.35714285714285715	PHVQIYNF:0.35714285714285715	VHTMPAVQ:0.21428571428571427	EGVARVIP:0.21428571428571427	VALVHGTS:0.42857142857142855	LPHVQIYN:0.35714285714285715	DVVHTMPA:0.21428571428571427	ILIVKLSS:0.35714285714285715	EAPTRWVA:0.35714285714285715	ALDLPHVQ:0.6428571428571429	CAGVVGVD:0.42857142857142855	AGVVGVDS:0.42857142857142855	GSGYEAPT:0.35714285714285715	MANQTEGS:0.21428571428571427	IAVALDLP:0.5714285714285714	YDAVIDLQ:0.7142857142857143	LGDVVHTM:0.21428571428571427	IYNFDTAW:0.42857142857142855	HVQIYNFD:0.42857142857142855	FDTAWRTG:0.6428571428571429	LIVKLSSL:0.6428571428571429	GYEAPTRW:0.35714285714285715	APTRWVAD:0.35714285714285715	AVIDLQGL:0.7142857142857143	SGVSHIAV:0.2857142857142857	SLGDVVHA:0.5	LAPGGKRY:0.21428571428571427	TAWRTGPL:0.21428571428571427	DSGLSHIA:0.35714285714285715	HGTSRADK:0.42857142857142855	ARLAPGGK:0.21428571428571427	DLQGLTKS:0.6428571428571429	GLSHIAVA:0.42857142857142855	VDSGLSHI:0.35714285714285715	SGLSHIAV:0.35714285714285715	LSHIAVAL:0.42857142857142855	APGGKRYA:0.21428571428571427	PGGKRYAL:0.2857142857142857	LVHGTSRA:0.2857142857142857	VGVDSGLS:0.2857142857142857	VHAMPAVQ:0.2857142857142857	GVDSGLSH:0.5	DVVHAMPA:0.35714285714285715	GDVVHAMP:0.35714285714285715	VVHAMPAV:0.35714285714285715	LGDVVHAM:0.42857142857142855	CELRRWRK:0.21428571428571427	VDAVWQAW:0.21428571428571427	VHGTSRAD:0.42857142857142855	RLAPGGKR:0.21428571428571427	VVGVDSGL:0.2857142857142857	HAMPAVQD:0.2857142857142857	AQIDWVVE:0.35714285714285715	GGKRYALA:0.21428571428571427	IDLQGLTK:0.5714285714285714	RYALANQT:0.21428571428571427	VLIVKLSS:0.21428571428571427	LQGLTKSA:0.5	KRYALANQ:0.21428571428571427	QGLTKSAL:0.35714285714285715	PTRWVADV:0.21428571428571427	GKRYALAN:0.21428571428571427	VIDLQGLT:0.5714285714285714	TRWVADVA:0.21428571428571427	LTKSALVA:0.21428571428571427	GLTKSALV:0.35714285714285715	LLVKLSSL:0.21428571428571427	GTSRADKE:0.21428571428571427	LDLPHVQL:0.2857142857142857	PHVQLYNF:0.21428571428571427	GVIGVDSG:0.42857142857142855	DLPHVQLY:0.2857142857142857	TSRADKEW:0.21428571428571427	LPHVQLYN:0.2857142857142857	LVKLSSLG:0.21428571428571427	SRADKEWP:0.21428571428571427	RADKEWPL:0.21428571428571427	SFEAPARW:0.21428571428571427	ESYDAVID:0.21428571428571427	FEAPARWV:0.21428571428571427	SYDAVIDL:0.21428571428571427	GSSFEAPA:0.21428571428571427	EGSSFEAP:0.21428571428571427	SSFEAPAR:0.21428571428571427	QTEGSSFE:0.21428571428571427	EAPARWVA:0.21428571428571427	TEGSSFEA:0.21428571428571427	IGVDSGLS:0.21428571428571427	VIGVDSGL:0.2857142857142857	
