cluster number:207
GT9:7	GT9:7|GT4:1
QLHYTIDW:0.2857142857142857	MLCSVPAF:0.2857142857142857	VPAFRALR:0.5714285714285714	LCSVPAFR:0.2857142857142857	TTLGSLGV:0.42857142857142855	VHPGSRGS:0.2857142857142857	DMLCSVPA:0.2857142857142857	GVSHMAAA:0.5714285714285714	TLGSLGVL:0.2857142857142857	PGYPGLPE:0.8571428571428571	YPGLPEQP:0.5714285714285714	PSVIISMD:0.2857142857142857	CSVPAFRA:0.2857142857142857	VHFPGYPG:0.2857142857142857	IFRALQLG:0.42857142857142855	VIISMDGE:0.2857142857142857	SVPAFRAL:0.2857142857142857	CVHPGSRG:0.2857142857142857	ALQLGDML:0.42857142857142855	SVIISMDG:0.2857142857142857	AIFRALQL:0.42857142857142855	HYTIDWTT:0.2857142857142857	LHYTIDWT:0.2857142857142857	TGVSHMAA:0.5714285714285714	ARALLSNC:0.2857142857142857	CTGVSHMA:0.42857142857142855	ALLSNCTG:0.2857142857142857	RALLSNCT:0.2857142857142857	NCTGVSHM:0.42857142857142855	LLSNCTGV:0.42857142857142855	FVHFPGYP:0.2857142857142857	TPSVIISM:0.2857142857142857	FPGYPGLP:0.8571428571428571	GYPGLPEQ:0.8571428571428571	LQLGDMLC:0.42857142857142855	GDMLCSVP:0.2857142857142857	IISMDGEP:0.5714285714285714	FRALQLGD:0.7142857142857143	LQMQGNGS:0.2857142857142857	SNCTGVSH:0.2857142857142857	RALQLGDM:0.42857142857142855	LGDMLCSV:0.2857142857142857	IAIFRALQ:0.42857142857142855	HFPGYPGL:0.2857142857142857	LSNCTGVS:0.2857142857142857	QLGDMLCS:0.2857142857142857	LIISMDGE:0.2857142857142857	PSLIISMD:0.2857142857142857	SHMAAALR:0.2857142857142857	VSHMAAAL:0.42857142857142855	SLIISMDG:0.2857142857142857	TPSLIISM:0.2857142857142857	GRTTLGSL:0.2857142857142857	ANCTGVSH:0.2857142857142857	PGLPEQPF:0.2857142857142857	SMDGEPHR:0.2857142857142857	IVFPGYPG:0.2857142857142857	VFPGYPGL:0.2857142857142857	IQMQGNGT:0.2857142857142857	MDGEPHRW:0.2857142857142857	CIHPGSRG:0.2857142857142857	GDLLCTVP:0.2857142857142857	DLLCTVPA:0.2857142857142857	LGDLLCTV:0.2857142857142857	
