cluster number:83
GT9:17	GT9:17
CADVVLSS:0.23529411764705882	ACADVVLS:0.23529411764705882	REPDFQAC:0.29411764705882354	MRVLALSP:0.5882352941176471	MLSMSHIP:0.7058823529411765	AAVACADV:0.23529411764705882	RVLALSPG:0.5882352941176471	VLALSPGS:0.29411764705882354	LALSPGSL:0.23529411764705882	ADVVLSSC:0.4117647058823529	GPLLLLAP:0.29411764705882354	VACADVVL:0.29411764705882354	NLMLSMSH:0.6470588235294118	QVNLMLSM:0.6470588235294118	LMLSMSHI:0.7058823529411765	EGPLLLLA:0.23529411764705882	RQVNLMLS:0.23529411764705882	GRQVNLML:0.23529411764705882	VNLMLSMS:0.7058823529411765	RAAAVACA:0.23529411764705882	VREPDFQA:0.29411764705882354	GEGPLLLL:0.23529411764705882	AAAVACAD:0.23529411764705882	LGSVREPD:0.23529411764705882	SMSHIPTR:0.29411764705882354	WANLLGSV:0.23529411764705882	ANLLGSVR:0.23529411764705882	DFQVCLNF:0.23529411764705882	EPDFQVCL:0.23529411764705882	GDGPLLLL:0.23529411764705882	LLGSVREP:0.23529411764705882	PDFQVCLN:0.23529411764705882	NLLGSVRE:0.35294117647058826	QVCLNFAE:0.23529411764705882	DWANLLGS:0.29411764705882354	FQVCLNFA:0.23529411764705882	VREPDFQV:0.29411764705882354	LSMSHIPT:0.29411764705882354	ADWANLLG:0.7058823529411765	VCLNFAEG:0.23529411764705882	GVPLVALG:0.4117647058823529	REPDFQVC:0.29411764705882354	GSVREPDF:0.23529411764705882	SVREPDFQ:0.23529411764705882	DVVLSSCP:0.47058823529411764	VLALSPGP:0.29411764705882354	QQVNLMLS:0.4117647058823529	GQQVNLML:0.4117647058823529	DVLTALGF:0.23529411764705882	CVREPDFQ:0.4117647058823529	NLLGCVRE:0.4117647058823529	LLGCVREP:0.4117647058823529	GCVREPDF:0.4117647058823529	LGCVREPD:0.4117647058823529	GTPLVALG:0.29411764705882354	TLADWANL:0.47058823529411764	LADWANLL:0.5882352941176471	VVLSSCPV:0.29411764705882354	AEGQQVNL:0.35294117647058826	PLVALGAE:0.23529411764705882	ANLLGCVR:0.35294117647058826	REPDFQIC:0.23529411764705882	FAEGQQVN:0.29411764705882354	WANLLGCV:0.35294117647058826	DWANLLGC:0.35294117647058826	PTLADWAN:0.29411764705882354	QLDRLPAL:0.35294117647058826	EGQQVNLM:0.35294117647058826	NFAEGQQV:0.29411764705882354	TPLVALGA:0.23529411764705882	
