cluster number:52
GT9:21	GT9:21
LRHHGDVL:0.7619047619047619	PTSRWLFK:0.3333333333333333	VIKLRHHG:0.5714285714285714	HHGDVLLT:0.38095238095238093	IHPTSRWL:0.2857142857142857	SRWLFKTW:0.23809523809523808	RHHGDVLL:0.7619047619047619	LVIKLRHH:0.5714285714285714	ALFGPSGD:0.2857142857142857	KLRHHGDV:0.7619047619047619	LDALRRLG:0.23809523809523808	HPTSRWLF:0.3333333333333333	VALFGPSG:0.3333333333333333	IKLRHHGD:0.7142857142857143	TSRWLFKT:0.23809523809523808	GVDSVPMH:0.2857142857142857	FNLSDQWR:0.23809523809523808	RELAAAID:0.23809523809523808	NLRELAAA:0.3333333333333333	LNLRELAA:0.3333333333333333	AAALDKPQ:0.2857142857142857	LRELAAAI:0.3333333333333333	ELAAAIDG:0.23809523809523808	RRALVIKL:0.23809523809523808	LDALRRIG:0.23809523809523808	DLSGQLSL:0.23809523809523808	LSGQLSLK:0.23809523809523808	RALVIKLR:0.2857142857142857	SGQLSLKE:0.23809523809523808	GQLSLKEL:0.2857142857142857	ALVIKLRH:0.2857142857142857	HHGDVLLA:0.38095238095238093	HGDVLLAT:0.2857142857142857	VDSAPMHI:0.47619047619047616	GVDSAPMH:0.5238095238095238	PMHIAAAM:0.23809523809523808	LSLKELAA:0.2857142857142857	SAPMHIAA:0.47619047619047616	QLSLKELA:0.23809523809523808	APMHIAAA:0.47619047619047616	SLKELAAL:0.23809523809523808	DSAPMHIA:0.47619047619047616	LFIGVDSA:0.23809523809523808	IGVDSAPM:0.2857142857142857	VVLTAAPS:0.23809523809523808	FIGVDSAP:0.2857142857142857	PMHIAAAL:0.2857142857142857	MHIAAALD:0.2857142857142857	HIAAALDK:0.2857142857142857	IAAALDKP:0.23809523809523808	
