cluster number:105
GT9:13	GT9:13
NHRLGNLL:0.38461538461538464	RPNHRLGN:0.6153846153846154	IMRNLTKN:0.23076923076923078	RLGNLLLI:0.46153846153846156	PDCKIDLF:0.23076923076923078	FIGADSGI:0.46153846153846156	FPDCKIDL:0.3076923076923077	TIGLFSVT:0.23076923076923078	EILPVENI:0.3076923076923077	YNIIEILP:0.3076923076923077	PTIGLFSV:0.5384615384615384	LPVENISK:0.38461538461538464	MRNLTKNI:0.23076923076923078	RVLICRPN:0.23076923076923078	HRLGNLLL:0.3076923076923077	NLLLITPL:0.46153846153846156	IDLFVKGT:0.23076923076923078	ILPVENIS:0.3076923076923077	LFIGADSG:0.38461538461538464	GNLLLITP:0.46153846153846156	GADSGIMH:0.5384615384615384	IGADSGIM:0.46153846153846156	NIIEILPV:0.23076923076923078	RNLTKNIG:0.23076923076923078	DSGIMHLA:0.38461538461538464	SGIMHLAS:0.3076923076923077	DCKIDLFV:0.23076923076923078	TGDKCYSE:0.23076923076923078	TPTIGLFS:0.38461538461538464	IIEILPVE:0.23076923076923078	PNHRLGNL:0.38461538461538464	IEILPVEN:0.38461538461538464	LGNLLLIT:0.46153846153846156	ADSGIMHL:0.5384615384615384	CKIDLFVK:0.38461538461538464	PVENISKI:0.23076923076923078	KIDLFVKG:0.5384615384615384	ATGDKCYS:0.23076923076923078	SSSGRLAT:0.23076923076923078	ENVSQIDF:0.23076923076923078	NVSQIDFK:0.23076923076923078	KKYDLVIN:0.3076923076923077	VSQIDFKA:0.23076923076923078	KYPVYNFR:0.3076923076923077	KCYSEEWW:0.23076923076923078	AKYPVYNF:0.3076923076923077	HIAKYPVY:0.3076923076923077	IAKYPVYN:0.3076923076923077	LPVENVSQ:0.23076923076923078	VLICRPNG:0.23076923076923078	INVDQNSS:0.23076923076923078	CRPNGRLG:0.23076923076923078	PVENVSQI:0.23076923076923078	YSKDVREI:0.23076923076923078	LICRPNGR:0.23076923076923078	TIGLFSVS:0.3076923076923077	QNSSSGRL:0.23076923076923078	NVDQNSSS:0.23076923076923078	PKKPFKEL:0.23076923076923078	VDQNSSSG:0.23076923076923078	NSSSGRLA:0.23076923076923078	DQNSSSGR:0.23076923076923078	LPKKPFKE:0.23076923076923078	ICRPNGRL:0.23076923076923078	SSSGRLAV:0.23076923076923078	RPNGRLGN:0.23076923076923078	FYSKDVRE:0.23076923076923078	TRPNHRLG:0.23076923076923078	ITRPNHRL:0.23076923076923078	LITRPNHR:0.23076923076923078	SSSGRLST:0.38461538461538464	IDLFVKGG:0.23076923076923078	FTYATGAK:0.23076923076923078	LLITPLVQ:0.3076923076923077	LLLITPLV:0.3076923076923077	TYATGAKC:0.23076923076923078	LITPLVQE:0.3076923076923077	ITPLVQEV:0.23076923076923078	YSKDIREI:0.23076923076923078	GSSSGRLS:0.23076923076923078	
