cluster number:193
GT9:126	GT9:126
LDVMLSMD:0.21428571428571427	GDVAMTVP:0.46825396825396826	DVAMTVPV:0.4444444444444444	DAVADLHN:0.24603174603174602	SAMGDVAM:0.5238095238095238	MGDVAMTV:0.46825396825396826	DVMLSMDS:0.2222222222222222	AMGDVAMT:0.36507936507936506	TLWGVTHP:0.30952380952380953	DSGNAHLA:0.2619047619047619	LWGVTHPY:0.25396825396825395	AMDSGNAH:0.23809523809523808	IGIAPFAA:0.35714285714285715	IRLSAMGD:0.3333333333333333	SGNAHLAA:0.25396825396825395	VTHPYAGF:0.35714285714285715	RLSAMGDV:0.4603174603174603	GVTHPYAG:0.3492063492063492	WGVTHPYA:0.3492063492063492	MDSGNAHL:0.40476190476190477	IPTSIYGN:0.23809523809523808	WIGIAPFA:0.30158730158730157	LSAMGDVA:0.4444444444444444	LSMDSGNA:0.3412698412698413	AHIAAMLG:0.20634920634920634	NAHIAAML:0.20634920634920634	AVADLHNV:0.2619047619047619	GIAPFAQY:0.20634920634920634	MDSGNAHI:0.21428571428571427	PTSVYGNK:0.42857142857142855	VIRLSAMG:0.25396825396825395	GNAHIAAM:0.21428571428571427	DSGNAHIA:0.21428571428571427	ILVIRLSA:0.21428571428571427	LVIRLSAM:0.24603174603174602	MLSMDSGN:0.42063492063492064	SMDSGNAH:0.3968253968253968	SGNAHIAA:0.21428571428571427	PTSIYGNK:0.2222222222222222	THPYAGFY:0.20634920634920634	HPYAGFYP:0.20634920634920634	DLHNVLRS:0.30952380952380953	VADLHNVL:0.25396825396825395	IGIAPFAQ:0.2222222222222222	ADLHNVLR:0.373015873015873	VAMTVPVL:0.2619047619047619	IPTSVYGN:0.24603174603174602	PLIPTSVY:0.23015873015873015	LIPTSVYG:0.23015873015873015	VMLSMDSG:0.20634920634920634	
