cluster number:3
GT9:131	GT9:131
DTGVSHVA:0.3969465648854962	LCAVPALR:0.7404580152671756	NDTGVSHV:0.3969465648854962	CNDTGVSH:0.5343511450381679	TGVSHVAA:0.3969465648854962	GVSHVAAA:0.3816793893129771	RIAVFRAL:0.33587786259541985	TLIGLPWA:0.366412213740458	ITLIGLPW:0.37404580152671757	MLCAVPAL:0.7099236641221374	DMLCAVPA:0.7022900763358778	LGDMLCAV:0.6946564885496184	GDMLCAVP:0.6946564885496184	QLGDMLCA:0.6641221374045801	CAVPALRA:0.7404580152671756	VPALRALR:0.7786259541984732	VCNDTGVS:0.22900763358778625	LQLGDMLC:0.7022900763358778	AVPALRAL:0.7175572519083969	IAVFRALQ:0.48854961832061067	PALRALRR:0.42748091603053434	ALQLGDML:0.6946564885496184	AVFRALQL:0.5114503816793893	VFRALQLG:0.6106870229007634	FRALQLGD:0.6946564885496184	RALQLGDM:0.6946564885496184	AIQLHGSG:0.5038167938931297	LRALRRGE:0.29770992366412213	ARITLIGL:0.32061068702290074	DLAIQLHG:0.46564885496183206	DYLEFPLG:0.3053435114503817	FDLAIQLH:0.46564885496183206	LLLCNDTG:0.22137404580152673	LAIQLHGS:0.46564885496183206	SRRWPVER:0.25190839694656486	RLLLCNDT:0.21374045801526717	PLGGLDYA:0.26717557251908397	ALRALRRG:0.3282442748091603	DWGDYLEF:0.29770992366412213	CPYGHECA:0.22137404580152673	LEFPLGGL:0.3053435114503817	RALRRGEP:0.29770992366412213	LIGLPWAR:0.20610687022900764	ARLLLCND:0.21374045801526717	SHVAAALG:0.32061068702290074	WGDYLEFP:0.29770992366412213	CGRTPLGA:0.29770992366412213	VSHVAAAL:0.31297709923664124	FPLGGLDY:0.29770992366412213	RWPVERFA:0.20610687022900764	LCGRTPLG:0.29770992366412213	RRWPVERF:0.22900763358778625	IQLHGSGA:0.2748091603053435	RITLIGLP:0.31297709923664124	GDYLEFPL:0.3053435114503817	GRTPLGAL:0.2824427480916031	EFPLGGLD:0.3053435114503817	YLEFPLGG:0.3053435114503817	LVVCNDTG:0.2748091603053435	RLVVCNDT:0.26717557251908397	DYPPCRPC:0.21374045801526717	HRVLADYP:0.22900763358778625	RFDLAIQL:0.25190839694656486	RRFDLAIQ:0.21374045801526717	LADYPPCR:0.21374045801526717	ADYPPCRP:0.22137404580152673	
