cluster number:56
GT9:26	GT9:26
TPVVALFG:0.4230769230769231	GTPVVALF:0.4230769230769231	VGTPVVAL:0.38461538461538464	AVGTPVVA:0.2692307692307692	PVVALFGP:0.46153846153846156	VVALFGPT:0.4230769230769231	CRPCSLHG:0.6153846153846154	ALGDVVLT:0.34615384615384615	FRLSALGD:0.23076923076923078	SALGDVVL:0.34615384615384615	RLSALGDV:0.38461538461538464	VVLTTGVL:0.23076923076923078	VTGDSGPM:0.46153846153846156	TGDSGPMH:0.5769230769230769	ALHPYATH:0.46153846153846156	PCRPCSLH:0.2692307692307692	LSALGDVV:0.38461538461538464	LGDVVLTT:0.38461538461538464	GDVVLTTG:0.38461538461538464	DVVLTTGV:0.34615384615384615	ALFGPTTR:0.23076923076923078	ATHPDKAW:0.23076923076923078	PLVALHPY:0.3076923076923077	LHPYATHP:0.38461538461538464	LDLHGTLR:0.2692307692307692	GLLDLHGT:0.23076923076923078	DSGPMHLA:0.6153846153846154	HPYATHPD:0.23076923076923078	VLVTGDSG:0.23076923076923078	GTLRSRLL:0.23076923076923078	HGTLRSRL:0.23076923076923078	DLHGTLRS:0.4230769230769231	YATHPDKA:0.23076923076923078	LHGTLRSR:0.4230769230769231	VALHPYAT:0.3076923076923077	PYATHPDK:0.23076923076923078	LLDLHGTL:0.2692307692307692	LVALHPYA:0.23076923076923078	LVTGDSGP:0.4230769230769231	GDSGPMHL:0.5769230769230769	
