cluster number:139
GT9:11	GT9:11|GT30:2
VIHALPVA:0.36363636363636365	GDVIHALP:0.36363636363636365	DVIHALPV:0.36363636363636365	PVTHGPYG:0.2727272727272727	IGDVIHAL:0.36363636363636365	LSAIGDVI:0.5454545454545454	DLHGLFKS:0.2727272727272727	SAIGDVIH:0.5454545454545454	RLSAIGDV:0.5454545454545454	AIGDVIHA:0.36363636363636365	LDLHGLFK:0.2727272727272727	IRLSAIGD:0.45454545454545453	FIGGDTGP:0.2727272727272727	IIRLSAIG:0.45454545454545453	GGDTGPMH:0.2727272727272727	LIIRLSAI:0.45454545454545453	GDTGPMHL:0.2727272727272727	LFIGGDTG:0.2727272727272727	DTGPMHLA:0.36363636363636365	IGGDTGPM:0.2727272727272727	RILIIRLS:0.2727272727272727	ILIIRLSA:0.36363636363636365	YIGGDTGP:0.2727272727272727	IGGDTGPT:0.2727272727272727	GGDTGPTH:0.2727272727272727	GDTGPTHL:0.2727272727272727	DTGPTHLA:0.2727272727272727	
