cluster number:12
GH20:72	GH20:72|3.2.1.52:14
IVWQEVFD:0.2638888888888889	FHWHIVDD:0.2361111111111111	HWHIVDDQ:0.4027777777777778	GGEACMWG:0.3055555555555556	DQSFPYQS:0.3194444444444444	HIVDDQSF:0.4027777777777778	WHIVDDQS:0.4027777777777778	IVDDQSFP:0.4027777777777778	VFHWHIVD:0.2638888888888889	NVFHWHIV:0.2638888888888889	GEACMWGE:0.3055555555555556	ILKTLDAM:0.20833333333333334	DDQSFPYQ:0.3194444444444444	VDDQSFPY:0.4166666666666667	DEVDFTCW:0.2361111111111111	IEYARLRG:0.3333333333333333	IGGEACMW:0.2777777777777778	FDTPGHTL:0.20833333333333334	EVDFTCWK:0.20833333333333334	GGDEVDFT:0.25	VWQEVFDN:0.3472222222222222	VIGGEACM:0.25	GALRGLET:0.4305555555555556	TVWGALRG:0.25	LRGLETFS:0.4722222222222222	RGLETFSQ:0.4722222222222222	TPGHTLSW:0.20833333333333334	DFTCWKSN:0.20833333333333334	YARLRGIR:0.375	CMWGEYVD:0.20833333333333334	LGGDEVDF:0.375	TSRHYLPL:0.2638888888888889	AVAERLWS:0.4027777777777778	VIEYARLR:0.3055555555555556	DTSRHYLP:0.375	ETVWGALR:0.2222222222222222	VDFTCWKS:0.20833333333333334	RLRGIRVL:0.2777777777777778	WGALRGLE:0.5138888888888888	LVIGGEAC:0.4166666666666667	LETFSQLV:0.3194444444444444	AEFDTPGH:0.25	ARLRGIRV:0.4583333333333333	LLDTSRHY:0.2777777777777778	EFDTPGHT:0.5	PGLLTPCY:0.2361111111111111	FTCWKSNP:0.20833333333333334	LLTPCYSG:0.20833333333333334	VDDPSFPY:0.2222222222222222	GDEVDFTC:0.25	PGHTLSWG:0.20833333333333334	HLGGDEVD:0.375	ALRGLETF:0.4027777777777778	EYARLRGI:0.3333333333333333	LDTSRHYL:0.2777777777777778	GLETFSQL:0.5	DTPGHTLS:0.20833333333333334	VWGALRGL:0.5	WPRASAVA:0.25	LHWHIVDD:0.3888888888888889	NVLHWHIV:0.3888888888888889	VLHWHIVD:0.3888888888888889	PRASAVAE:0.2638888888888889	LTPRLWPR:0.3333333333333333	LSAPWYLD:0.2222222222222222	DATNLTPR:0.2916666666666667	GEACLWGE:0.3055555555555556	PGHTQSWG:0.3194444444444444	TNLTPRLW:0.3333333333333333	RGIRVIPE:0.20833333333333334	LDAMAFNK:0.2222222222222222	AMAFNKFN:0.2222222222222222	RFPHRGIL:0.20833333333333334	ILSAPWYL:0.2222222222222222	SAVGERLW:0.20833333333333334	GIRVIPEF:0.20833333333333334	FNKFNVLH:0.20833333333333334	GGEACLWG:0.3055555555555556	LWPRASAV:0.3472222222222222	KFNVLHWH:0.2361111111111111	VDATNLTP:0.2916666666666667	TPRLWPRA:0.3333333333333333	IGGEACLW:0.25	HTQSWGKG:0.2638888888888889	ATNLTPRL:0.2916666666666667	PRFPHRGI:0.20833333333333334	FNVLHWHI:0.2361111111111111	AVGERLWS:0.20833333333333334	RLWPRASA:0.3888888888888889	NLTPRLWP:0.3333333333333333	MAFNKFNV:0.2222222222222222	IRVIPEFD:0.20833333333333334	DAMAFNKF:0.2222222222222222	PRLWPRAS:0.3611111111111111	NKFNVLHW:0.2361111111111111	TQSWGKGQ:0.25	GHTQSWGK:0.2638888888888889	NKFNVFHW:0.2777777777777778	KFNVFHWH:0.3055555555555556	EACLWGEY:0.25	FDTPGHTQ:0.20833333333333334	PEFDTPGH:0.2777777777777778	YIHLGGDE:0.2222222222222222	IHLGGDEV:0.3611111111111111	DTPGHTQS:0.20833333333333334	ACLWGEYV:0.25	KLESFYIQ:0.2222222222222222	CLWGEYVD:0.25	TPGHTQSW:0.20833333333333334	ETFSQLVY:0.2222222222222222	SAVAERLW:0.2916666666666667	EYVDATNL:0.2916666666666667	WGEYVDAT:0.2916666666666667	GEYVDATN:0.2916666666666667	LWGEYVDA:0.2222222222222222	ASAVAERL:0.2222222222222222	RASAVAER:0.2222222222222222	YVDATNLT:0.20833333333333334	
