cluster number:86
GH20:611	GH20:611|3.2.1.52:5|CBM62:1|GH92:1|3.2.1.-:1
WDEILEGG:0.530278232405892	FHWHLTDD:0.38461538461538464	ILEGGLAP:0.3780687397708674	YIHIGGDE:0.4713584288052373	GWDEILEG:0.6121112929623568	HWHLTDDQ:0.38461538461538464	DQGWRIEI:0.5711947626841244	LTDDQGWR:0.4762684124386252	EIKKYPKL:0.45990180032733224	QGWRIEIK:0.5400981996726678	LEGGLAPN:0.29132569558101473	NTFHWHLT:0.22422258592471359	IEIKKYPK:0.3780687397708674	PEIEMPGH:0.3502454991816694	IIGWDEIL:0.33387888707037644	EIEMPGHA:0.22422258592471359	HIGGDECP:0.2618657937806874	EILEGGLA:0.40589198036006546	HLTDDQGW:0.4762684124386252	GWRIEIKK:0.5270049099836334	TDDQGWRI:0.381342062193126	IGGDECPK:0.25040916530278234	WHLTDDQG:0.39279869067103107	EGGLAPNA:0.29296235679214405	DDQGWRIE:0.4238952536824877	WRIEIKKY:0.5368248772504092	DEILEGGL:0.4320785597381342	RIEIKKYP:0.5351882160392799	IGWDEILE:0.5499181669394435	IHIGGDEC:0.220949263502455	IKKYPKLT:0.4157119476268412	GGLAPNAT:0.24222585924713586	LAPNATVM:0.24549918166939444	NATVMSWR:0.27495908346972175	HWHLTEDQ:0.2078559738134206	GLAPNATV:0.24222585924713586	PNATVMSW:0.28477905073649756	IPEIEMPG:0.20621931260229132	ATVMSWRG:0.40916530278232405	APNATVMS:0.25859247135842883	KKYPKLTE:0.24877250409165302	
