cluster number:46
GH20:272	GH20:272|CBM5:11|CBM32:9|3.2.1.52:6|CBM35:1|CBM12:1
PEIDMPGH:0.5183823529411765	DMPGHTNA:0.4852941176470588	FHGVQTLR:0.24632352941176472	VVPEIDMP:0.27205882352941174	GVQTLRQL:0.4632352941176471	GSTQVGGG:0.21323529411764705	LHIGGDEA:0.4117647058823529	VQTLRQLL:0.4264705882352941	LHLSDDQG:0.43014705882352944	MPGHTNAA:0.4852941176470588	GGDEAHST:0.3088235294117647	GVEAPLWS:0.23161764705882354	MLDVSRHF:0.23897058823529413	GHTNAALA:0.38235294117647056	APPLYTGT:0.2536764705882353	GGSTQVGG:0.21323529411764705	YLHIGGDE:0.36764705882352944	HLHLSDDQ:0.4338235294117647	LFHGVQTL:0.25	LHLHLSDD:0.41544117647058826	IGGDEAHS:0.3014705882352941	TLRQLLPA:0.3088235294117647	HGVQTLRQ:0.2610294117647059	HLSDDQGW:0.4522058823529412	NAALASYA:0.3272058823529412	VGFSSLCV:0.2647058823529412	QTLRQLLP:0.4963235294117647	AMLDVSRH:0.22058823529411764	GDEAHSTS:0.20955882352941177	TNAALASY:0.39338235294117646	IDMPGHTN:0.43014705882352944	LDVSRHFF:0.23161764705882354	VEAPLWSE:0.22794117647058823	YRGAMLDV:0.3602941176470588	SDDQGWRI:0.39705882352941174	PGHTNAAL:0.5073529411764706	VPEIDMPG:0.35661764705882354	EAPLWSET:0.2977941176470588	EIDMPGHT:0.4338235294117647	LSDDQGWR:0.4522058823529412	AGLFHGVQ:0.25	DDQGWRIA:0.375	HIGGDEAH:0.35294117647058826	HTNAALAS:0.39338235294117646	GLFHGVQT:0.2610294117647059	AELGWSPA:0.27205882352941174	LGVEAPLW:0.29411764705882354	NCDGVAPP:0.21691176470588236	EAPLWTET:0.2610294117647059	YAELNCDG:0.2647058823529412	GVAPPLYT:0.23529411764705882	ELNCDGVA:0.20955882352941177	VEAPLWTE:0.30514705882352944	MAFPRLPG:0.22426470588235295	DGVAPPLY:0.21323529411764705	CDGVAPPL:0.21323529411764705	VAPPLYTG:0.23529411764705882	LASYAELN:0.25735294117647056	TYDFVDDV:0.20955882352941177	GVEAPLWT:0.30514705882352944	ASYAELNC:0.26838235294117646	LNCDGVAP:0.23529411764705882	AALASYAE:0.25	ALASYAEL:0.25735294117647056	SYAELNCD:0.2536764705882353	LDVARHFF:0.39705882352941174	DQGWRIEI:0.23161764705882354	HLHLTDDQ:0.375	LTDDQGWR:0.3860294117647059	LHLHLTDD:0.3639705882352941	HLTDDQGW:0.3860294117647059	LHLTDDQG:0.35661764705882354	MLDVARHF:0.4742647058823529	TDDQGWRI:0.27941176470588236	DDQGWRIE:0.23529411764705882	LRQLLPAA:0.20955882352941177	EVGGGPGG:0.20220588235294118	RGAMLDVA:0.30514705882352944	GAMLDVAR:0.30514705882352944	AMLDVARH:0.3382352941176471	PEIDLPGH:0.20588235294117646	VLGVEAPL:0.20220588235294118	
