cluster number:14
GH20:30	GH20:30
IGQLLLDL:0.23333333333333334	NVGCDETY:0.23333333333333334	DIIIQHPE:0.23333333333333334	PGTSSWNS:0.5333333333333333	ESFPQVWE:0.23333333333333334	QFNVGCDE:0.23333333333333334	QNSFGHME:0.3333333333333333	SFGHMEGW:0.2	PFAYESFP:0.26666666666666666	GKTMQFWG:0.2	YIELVPNQ:0.3333333333333333	TMQFWGDI:0.3	PITGEEIL:0.2	VWELETPI:0.2	ANLRSAAI:0.2	NGIHFVKH:0.23333333333333334	QFWGDIII:0.3	AGIPFYVC:0.3333333333333333	GQLLLDLG:0.23333333333333334	LVPNQNSF:0.5333333333333333	VPNQNSFG:0.5333333333333333	WELETPIT:0.2	MQFWGDII:0.3333333333333333	QLLLDLGN:0.23333333333333334	GIPFYVCP:0.36666666666666664	PQVWELET:0.23333333333333334	LETPITGE:0.2	IPFYVCPG:0.4	DTLKFREA:0.2	TPITGEEI:0.2	SFPQVWEL:0.23333333333333334	ETPITGEE:0.2	FWGDIIIQ:0.26666666666666666	GLFMHPGT:0.2	EIPEGFML:0.2	FREAGIPF:0.2	LAEIPEGF:0.2	FVKHAVQL:0.23333333333333334	ISRNKIPK:0.23333333333333334	AMEWGYSA:0.23333333333333334	YVCPGTSS:0.6666666666666666	QVWELETP:0.23333333333333334	PNQNSFGH:0.5666666666666667	CPGTSSWN:0.5666666666666667	YPEGLFMH:0.2	PEGLFMHP:0.2	RSAAIHGK:0.2	FAYESFPQ:0.23333333333333334	GCDETYEL:0.23333333333333334	AYESFPQV:0.23333333333333334	PFYVCPGT:0.4666666666666667	ETYELGLG:0.23333333333333334	DISRNKIP:0.23333333333333334	NSFGHMEG:0.2	HFVKHAVQ:0.23333333333333334	CDETYELG:0.23333333333333334	ELETPITG:0.2	GAIGYLIT:0.23333333333333334	LFMHPGTF:0.2	VGCDETYE:0.23333333333333334	IIIQHPEL:0.23333333333333334	KFREAGIP:0.2	SAAIHGKN:0.2	IGYLITDW:0.26666666666666666	GDIIIQHP:0.23333333333333334	FGHMEGWL:0.2	IPEGFMLP:0.2	KTMQFWGD:0.2	YLITDWGD:0.3333333333333333	IHFVKHAV:0.23333333333333334	AAIHGKNN:0.2	AIHGKNNG:0.2	AIGYLITD:0.23333333333333334	EAGIPFYV:0.23333333333333334	TYELGLGK:0.2	LRSAAIHG:0.2	NLRSAAIH:0.2	VCPGTSSW:0.6666666666666666	IELVPNQN:0.5666666666666667	IQHPELIP:0.23333333333333334	EGLFMHPG:0.2	IIQHPELI:0.23333333333333334	FPQVWELE:0.23333333333333334	LLDLGNYY:0.23333333333333334	NQNSFGHM:0.43333333333333335	REAGIPFY:0.2	GIHFVKHA:0.23333333333333334	FNVGCDET:0.43333333333333335	GYLITDWG:0.3333333333333333	AEIPEGFM:0.2	ELVPNQNS:0.5	FYVCPGTS:0.7666666666666667	RGKTMQFW:0.2	RYIELVPN:0.3333333333333333	DETYELGL:0.23333333333333334	WGDIIIQH:0.23333333333333334	YESFPQVW:0.23333333333333334	LLLDLGNY:0.23333333333333334	ERFIELVP:0.3	IALEWGYE:0.2	RFIELVPN:0.3333333333333333	FIELVPNQ:0.3	CKERFIEL:0.23333333333333334	YTEHTFAY:0.36666666666666664	TMMFWGDI:0.23333333333333334	TEHTFAYR:0.2	LYTEHTFA:0.3333333333333333	ELLPHFSS:0.3333333333333333	DISRDKVP:0.26666666666666666	QLYTEHTF:0.3333333333333333	YCKERFIE:0.23333333333333334	LLPHFSSK:0.2	HWQHLPIS:0.23333333333333334	FGHMEKWL:0.23333333333333334	WGDNGHWQ:0.23333333333333334	DWGDNGHW:0.23333333333333334	GTSSWNSF:0.2	TDWGDNGH:0.4	FQLYTEHT:0.23333333333333334	SFGHMEKW:0.2	GHWQHLPI:0.23333333333333334	FMLDISRD:0.23333333333333334	LTDWGDNG:0.23333333333333334	NQLQLYIE:0.26666666666666666	
