cluster number:88
GH20:12	GH20:12
PLQQSFGH:0.25	LVMEWEAT:0.25	DETYLLGH:0.8333333333333334	QSFGHVEY:0.25	EFEHYRLM:0.25	GFHLDLRI:0.5	YIHIGGDE:0.6666666666666666	GHVEYILR:0.75	LQQSFGHV:0.25	VEYILRNP:0.5	GDETYLLG:0.8333333333333334	VIPLQQSF:0.25	MTSWSTSG:0.5	HIGGDETY:0.75	MEWEATYP:0.25	TSWSTSGL:0.25	FIDWNYGW:0.3333333333333333	IPLQQSFG:0.25	ADIALKYP:0.25	WADIALKY:0.25	FHLDLRIQ:0.5	FGHVEYIL:0.25	VMEWEATY:0.25	HVEYILRN:0.6666666666666666	EWEATYPF:0.25	IGGDETYL:0.75	INTLVMEW:0.25	SWSTSGLY:0.25	GINTLVME:0.25	TLVMEWEA:0.3333333333333333	QQSFGHVE:0.25	NTLVMEWE:0.5	IHIGGDET:0.75	GGDETYLL:0.8333333333333334	SFGHVEYI:0.25	MEWEGTYP:0.4166666666666667	GKKPIIWA:0.25	KGFTFWGS:0.25	GFTFWGSP:0.3333333333333333	KKPIIWAD:0.25	EWEGTYPY:0.25	KPIIWADI:0.25	ETYLLGHC:0.5	FVDWNYGW:0.5	VFVDWNYG:0.3333333333333333	VMTSWSTS:0.25	LDLRIQVM:0.4166666666666667	TVFVDWNY:0.25	KGFHLDLR:0.5833333333333334	YKGIVMTS:0.25	GIVMTSWS:0.25	KGIVMTSW:0.25	HLDLRIQV:0.4166666666666667	IKGFHLDL:0.25	IVMTSWST:0.25	NWYVTDWT:0.25	PVMWADII:0.25	HNSDYIHI:0.3333333333333333	VDWNYGWK:0.25	MVQIRNTY:0.25	DYIHIGGD:0.3333333333333333	YVTDWTTH:0.25	ISQLCPME:0.25	NSDYIHIG:0.3333333333333333	THNSDYIH:0.4166666666666667	PLQQSLGH:0.4166666666666667	YGFTWDVG:0.3333333333333333	LRIQVMTP:0.3333333333333333	DNWYVTDW:0.25	VQIRNTYP:0.25	KGFLYDSE:0.25	KLNKGFLY:0.25	FTWDVGYD:0.3333333333333333	PDNWYVTD:0.25	STTGVYGF:0.25	FKLMADLR:0.3333333333333333	SWSTTGVY:0.25	GFTWDVGY:0.3333333333333333	HPDNWYVT:0.25	VTDWTTHF:0.25	FIPYAREA:0.25	RKDISQLC:0.5	KKPVMWAD:0.25	WTTHFKNQ:0.25	DWTTHFKN:0.25	GKKPVMWA:0.25	VYGFTWDV:0.3333333333333333	YILRNPRY:0.4166666666666667	QSLGHVEY:0.4166666666666667	LQQSLGHV:0.4166666666666667	NKGFLYDS:0.25	SLGHVEYI:0.4166666666666667	MADLRMHY:0.3333333333333333	KDISQLCP:0.5	TWDVGYDV:0.3333333333333333	WSTTGVYG:0.25	EGKSKLFV:0.25	IQVMTPQA:0.25	DIILKHPE:0.25	ILRNPRYS:0.4166666666666667	GVYGFTWD:0.3333333333333333	LRMHYLDF:0.3333333333333333	DLRIQVMT:0.4166666666666667	ELPKETIF:0.25	DRKDISQL:0.5	LGHVEYIL:0.5	LNKGFLYD:0.3333333333333333	EYILRNPR:0.4166666666666667	WADIILKH:0.25	EDRKDISQ:0.5	RMHYLDFK:0.3333333333333333	FRILIASY:0.5	EEGKSKLF:0.25	KEDRKDIS:0.5	DISQLCPM:0.5	VMWADIIL:0.25	TSWSTTGV:0.25	MWADIILK:0.4166666666666667	TGVYGFTW:0.25	TTHFKNQK:0.25	ADLRMHYL:0.3333333333333333	RIQVMTPQ:0.25	DLRMHYLD:0.3333333333333333	ASELPKET:0.25	RILIASYA:0.5	WYVTDWTT:0.25	ADIILKHP:0.25	QQSLGHVE:0.4166666666666667	LMADLRMH:0.3333333333333333	LKEDRKDI:0.5	KLMADLRM:0.3333333333333333	SDYIHIGG:0.3333333333333333	SELPKETI:0.25	TDWTTHFK:0.25	TTGVYGFT:0.25	KPVMWADI:0.25	GKSKLFVD:0.3333333333333333	GFLYDSEL:0.25	QVMTPQAL:0.25	LFVDHMKM:0.3333333333333333	SKLFVDHM:0.25	RSHPDNWY:0.4166666666666667	HFKLMADL:0.25	VPLQQSLG:0.25	DIILKYPE:0.25	GIQVVPLQ:0.25	ILKYPEAA:0.25	YPEAAAEL:0.25	QVVPLQQS:0.25	LKYPEAAA:0.25	LGIQVVPL:0.25	KSKLFVDH:0.25	IQVVPLQQ:0.25	ADIILKYP:0.25	KYPEAAAE:0.25	EWEGTYPF:0.25	GFRILIAS:0.4166666666666667	VVPLQQSL:0.25	IILKYPEA:0.25	KLFVDHMK:0.25	WADIILKY:0.25	PEAAAELP:0.25	IRSHPDNW:0.4166666666666667	TYPMSGFR:0.25	PMSGFRIL:0.25	NTYPMSGF:0.25	MSGFRILI:0.25	RNTYPMSG:0.25	SIRSHPDN:0.3333333333333333	SGFRILIA:0.3333333333333333	PSIRSHPD:0.3333333333333333	YPMSGFRI:0.25	VKGFHLDL:0.3333333333333333	FVDHMKMI:0.25	
