cluster number:2
GH134:38	GH134:38|CBM10:1|GH3:1
GHRNGESG:0.3684210526315789	YGYETWFS:0.21052631578947367	AGGNTRDL:0.3157894736842105	KYQSDDTR:0.5	YGDGKSGD:0.47368421052631576	DEKYQSDD:0.23684210526315788	ETWFSGHR:0.34210526315789475	GYETWFSG:0.3157894736842105	TYGDGKSG:0.23684210526315788	AWIQQQIE:0.21052631578947367	YETWFSGH:0.3157894736842105	EKYQSDDT:0.23684210526315788	ESDEKYQS:0.23684210526315788	FSGHRNGE:0.42105263157894735	TWFSGHRN:0.34210526315789475	GAILNSDL:0.34210526315789475	YQSDDTRF:0.5	QIESDEKY:0.21052631578947367	GGNTRDLA:0.34210526315789475	SGHRNGES:0.2894736842105263	SDEKYQSD:0.23684210526315788	IESDEKYQ:0.21052631578947367	IQQQIESD:0.34210526315789475	YTYGDGKS:0.23684210526315788	WIQQQIES:0.34210526315789475	DYTYGDGK:0.47368421052631576	WFSGHRNG:0.42105263157894735	GNTRDLAI:0.34210526315789475	NFGVFKQN:0.23684210526315788	TDYTYGDG:0.4473684210526316	NGAILNSD:0.2894736842105263	SASEFLGQ:0.42105263157894735	FGVFKQNW:0.23684210526315788	TNFGVFKQ:0.23684210526315788	DGKSGDAT:0.23684210526315788	GIFKQNWM:0.2631578947368421	AGHRNGAS:0.23684210526315788	KQNWMMLR:0.2631578947368421	FKQNWMML:0.2631578947368421	SGDATNFG:0.23684210526315788	GKSGDATN:0.23684210526315788	ATNFGIFK:0.39473684210526316	FGIFKQNW:0.631578947368421	GHRNGASG:0.23684210526315788	GDGKSGDA:0.2631578947368421	GDATNFGI:0.39473684210526316	WFAGHRNG:0.2894736842105263	IFKQNWMM:0.2631578947368421	QNWMMLRT:0.23684210526315788	NWMMLRTS:0.23684210526315788	DMAIAMLE:0.2894736842105263	NFGIFKQN:0.6578947368421053	DATNFGIF:0.39473684210526316	TNFGIFKQ:0.631578947368421	KSGDATNF:0.23684210526315788	WMMLRTSA:0.21052631578947367	DLAIAMLE:0.42105263157894735	DTRFWVDV:0.6052631578947368	DVWFAGHR:0.2631578947368421	YTYGDGKT:0.21052631578947367	LAIAMLET:0.34210526315789475	DDTRFWVD:0.6052631578947368	TRFWVDVV:0.3157894736842105	TMTTDYTY:0.3157894736842105	HRNGESGV:0.2894736842105263	RFWVDVVA:0.23684210526315788	QSDDTRFW:0.39473684210526316	FWVDVVAI:0.23684210526315788	TTDYTYGD:0.34210526315789475	SDDTRFWV:0.47368421052631576	MTTDYTYG:0.34210526315789475	DIKARHDG:0.23684210526315788	IKARHDGE:0.21052631578947367	KDIKARHD:0.34210526315789475	YGDGKTGD:0.34210526315789475	QIESDKKY:0.23684210526315788	WIKSQIES:0.21052631578947367	KQNWYMLR:0.2894736842105263	GIFKQNWY:0.2631578947368421	IFKQNWYM:0.21052631578947367	FKQNWYML:0.2894736842105263	TRDLAIAM:0.23684210526315788	RDLAIAML:0.23684210526315788	NTRDLAIA:0.23684210526315788	VWFAGHRN:0.21052631578947367	AIAMLETN:0.21052631578947367	ASEFLGQT:0.21052631578947367	SEFLGQTV:0.21052631578947367	
