cluster number:8
GT61:11	GT61:11
GVHGAGLT:0.45454545454545453	VHGAGLTN:0.36363636363636365	LGVHGAGL:0.2727272727272727	FTDIVIPL:0.2727272727272727	GLTNMLFL:0.5454545454545454	KSSPEYAA:0.36363636363636365	LRDTYSLE:0.36363636363636365	VNSCDVLM:0.2727272727272727	RDTYSLER:0.45454545454545453	FVGLKFHG:0.2727272727272727	HGAGLTNM:0.6363636363636364	KGTLVEAM:0.2727272727272727	LFLPDNAV:0.5454545454545454	LYMTSFGY:0.2727272727272727	VGLKFHGD:0.2727272727272727	QYAPDDPI:0.36363636363636365	GAGLTNML:0.5454545454545454	QLVNSCDV:0.2727272727272727	LVNSCDVL:0.2727272727272727	AGLTNMLF:0.5454545454545454	LTNMLFLP:0.5454545454545454	GTLVEAMK:0.2727272727272727	FAQLVNSC:0.2727272727272727	FLRDTYSL:0.6363636363636364	NSCDVLMG:0.2727272727272727	NMLFLPDN:0.6363636363636364	KFHGDLIV:0.2727272727272727	GLKFHGDL:0.36363636363636365	TNMLFLPD:0.5454545454545454	PLYMTSFG:0.2727272727272727	LKFHGDLI:0.2727272727272727	FPLYMTSF:0.2727272727272727	MLFLPDNA:0.5454545454545454	AQLVNSCD:0.2727272727272727	SSPEYAAG:0.36363636363636365	GMNLRYLE:0.36363636363636365	VMLGVHGA:0.2727272727272727	NSCDVMLG:0.2727272727272727	VNSCDVML:0.2727272727272727	MLGVHGAG:0.2727272727272727	TVNSCDVM:0.2727272727272727	MNLRYLEY:0.36363636363636365	DVMLGVHG:0.2727272727272727	SCDVMLGV:0.2727272727272727	CDVMLGVH:0.2727272727272727	ENEQVHCY:0.2727272727272727	PRLMIVSR:0.36363636363636365	RLMIVSRK:0.36363636363636365	KMFVGLKF:0.5454545454545454	FPLYITSF:0.2727272727272727	MFVGLKFY:0.2727272727272727	GIHGAGLT:0.36363636363636365	LFPLYITS:0.2727272727272727	IHGAGLTN:0.36363636363636365	FLPDNAVV:0.2727272727272727	LPDNAVVI:0.2727272727272727	PDNAVVIQ:0.2727272727272727	RHWTVKVV:0.2727272727272727	MGIHGAGL:0.2727272727272727	
