cluster number:9
PL3:18	PL3_2:16|4.2.2.2:2|PL3:1|CBM35:1|PL3_5:1
GGAQGAED:0.2222222222222222	IGADQIEG:0.6111111111111112	GADQIEGV:0.6111111111111112	CTIENVWW:0.7777777777777778	GGGAQGAE:0.2222222222222222	TIENVWWE:0.3333333333333333	KVIGGGAQ:0.2222222222222222	ADQIEGVH:0.5555555555555556	AEDKVIQH:0.3333333333333333	QGAEDKVI:0.2222222222222222	CEDALSLK:0.4444444444444444	GAEDKVIQ:0.3333333333333333	IEGVHCEG:0.5555555555555556	QIEGVHCE:0.6111111111111112	GAQGAEDK:0.2222222222222222	LKNAIIGA:0.4444444444444444	GATLKNAI:0.3333333333333333	KNAIIGAD:0.4444444444444444	NVKAYNGK:0.2777777777777778	EDKVIQHN:0.3333333333333333	IIGADQIE:0.6111111111111112	NAIIGADQ:0.5555555555555556	GDSDAVFI:0.2777777777777778	AIIGADQI:0.5555555555555556	VCEDALSL:0.4444444444444444	KVCEDALS:0.3333333333333333	DQIEGVHC:0.7222222222222222	TLKNAIIG:0.5	IGGGAQGA:0.2222222222222222	VIGGGAQG:0.2222222222222222	EGGDSDAV:0.2777777777777778	ATLKNAII:0.3333333333333333	AQGAEDKV:0.2222222222222222	GGDSDAVF:0.2777777777777778	QHNGGGTV:0.2222222222222222	MKTYGRGV:0.4444444444444444	NGGGTVSI:0.2222222222222222	HCEGSCTI:0.5	GGMKTYGR:0.4444444444444444	HNGGGTVS:0.2222222222222222	VHCEGSCT:0.4444444444444444	GVHCEGSC:0.4444444444444444	IQHNGGGT:0.2222222222222222	WWEAVCED:0.2222222222222222	SCTIENVW:0.6111111111111112	GSCTIENV:0.6111111111111112	CEGSCTIE:0.5	DDKVIQHN:0.2222222222222222	FDGGMKTY:0.4444444444444444	ADDKVIQH:0.2222222222222222	NSNYGDTA:0.2222222222222222	LYRSCGNC:0.3333333333333333	TFDGGMKT:0.3888888888888889	GKLYRSCG:0.3888888888888889	NVWWEAVC:0.2222222222222222	EGSCTIEN:0.5	VWWEAVCE:0.2222222222222222	EGVHCEGS:0.4444444444444444	KLYRSCGN:0.3333333333333333	FGKLYRSC:0.3888888888888889	DGGMKTYG:0.4444444444444444	DKVIQHNG:0.3333333333333333	GMKTYGRG:0.4444444444444444	SVKEICVE:0.2777777777777778	SGTFDGGM:0.2777777777777778	RGVKCTGQ:0.3888888888888889	GTFDGGMK:0.2777777777777778	EKRASFPI:0.2222222222222222	KTYGRGVK:0.3333333333333333	CTGQDEGG:0.2222222222222222	KRASFPIP:0.2222222222222222	TYGRGVKC:0.3333333333333333	YGRGVKCT:0.2777777777777778	VKEICVEY:0.2777777777777778	GRGVKCTG:0.3888888888888889	DFGKLYRS:0.2777777777777778	SFPIPASK:0.2222222222222222	PIPASKGS:0.2777777777777778	ASFPIPAS:0.2222222222222222	CASSVKEI:0.2222222222222222	IGSGPSKA:0.2222222222222222	PASKGSVT:0.2222222222222222	GTVTIDGF:0.2222222222222222	RASFPIPA:0.2222222222222222	TVTIDGFT:0.2222222222222222	FPIPASKG:0.3333333333333333	YRSCGNCK:0.2222222222222222	GSGPSKAC:0.2222222222222222	RSCGNCKK:0.2222222222222222	SGPSKACK:0.2222222222222222	SSVKEICV:0.2222222222222222	ASSVKEIC:0.2222222222222222	GTLKNVII:0.2222222222222222	TLKNVIIG:0.2777777777777778	
