cluster number:8
PL3:33	PL3_2:29|PL3:4|4.2.2.2:3
VWFEDVCE:0.5757575757575758	EDVCEDAI:0.7272727272727273	LEFVWFED:0.45454545454545453	TLEFVWFE:0.24242424242424243	WFEDVCED:0.6666666666666666	CTLEFVWF:0.24242424242424243	DVCEDAIS:0.36363636363636365	EFVWFEDV:0.45454545454545453	YDRGSGAC:0.24242424242424243	FEDVCEDA:0.696969696969697	VCEDAISI:0.3333333333333333	FVWFEDVC:0.45454545454545453	KVYRSCGN:0.5151515151515151	YRSCGNCS:0.30303030303030304	GKVYRSCG:0.5454545454545454	VYRSCGNC:0.5151515151515151	YGKVYRSC:0.5454545454545454	DYGKVYRS:0.5151515151515151	NIIGGGAY:0.45454545454545453	IGGGAYKA:0.3939393939393939	GTANIIGG:0.42424242424242425	GAYKAADK:0.36363636363636365	ADKVIQHN:0.21212121212121213	NDYGKVYR:0.42424242424242425	RSVHMEGV:0.30303030303030304	GSGTANII:0.36363636363636365	IIGGGAYK:0.42424242424242425	VHMEGVTA:0.30303030303030304	TAVNGGEL:0.3333333333333333	VNIINFYA:0.21212121212121213	INTNLGDK:0.3333333333333333	GNCKGNSK:0.30303030303030304	VTAVNGGE:0.2727272727272727	LIGINTNL:0.2727272727272727	ANDYGKVY:0.42424242424242425	GELIGINT:0.30303030303030304	EGVTAVNG:0.2727272727272727	KAADKVIQ:0.21212121212121213	GGELIGIN:0.30303030303030304	YRSCGNCK:0.42424242424242425	DAISIKGS:0.24242424242424243	RSCGNCKG:0.36363636363636365	SIKGSGTA:0.24242424242424243	NGGELIGI:0.2727272727272727	HMEGVTAV:0.2727272727272727	NCKGNSKC:0.30303030303030304	KRSVHMEG:0.3333333333333333	IGINTNLG:0.30303030303030304	GNSKCKRS:0.30303030303030304	AVNGGELI:0.24242424242424243	CKGNSKCK:0.30303030303030304	YKAADKVI:0.21212121212121213	YANDYGKV:0.42424242424242425	ANIIGGGA:0.42424242424242425	AISIKGSG:0.24242424242424243	AYKAADKV:0.21212121212121213	HNGCGHVN:0.42424242424242425	SCGNCKGN:0.36363636363636365	QHNGCGHV:0.42424242424242425	CKRSVHME:0.3333333333333333	CGNCKGNS:0.30303030303030304	GINTNLGD:0.3333333333333333	KCKRSVHM:0.30303030303030304	MEGVTAVN:0.2727272727272727	TANIIGGG:0.42424242424242425	FYANDYGK:0.45454545454545453	VNGGELIG:0.24242424242424243	SKCKRSVH:0.30303030303030304	GGGAYKAA:0.36363636363636365	NFYANDYG:0.42424242424242425	KVIQHNGC:0.3333333333333333	ELIGINTN:0.30303030303030304	GVTAVNGG:0.2727272727272727	NGCGHVNI:0.42424242424242425	NSKCKRSV:0.30303030303030304	DKVIQHNG:0.3333333333333333	SVHMEGVT:0.30303030303030304	IKGSGTAN:0.3333333333333333	GGAYKAAD:0.36363636363636365	SGTANIIG:0.36363636363636365	AADKVIQH:0.21212121212121213	ISIKGSGT:0.24242424242424243	VIQHNGCG:0.3333333333333333	KGSGTANI:0.3333333333333333	KGNSKCKR:0.30303030303030304	IQHNGCGH:0.42424242424242425	GCGTVNII:0.24242424242424243	VVQHNGCG:0.21212121212121213	KVVQHNGC:0.21212121212121213	NGCGTVNI:0.24242424242424243	GTVNIINF:0.21212121212121213	CGTVNIIN:0.21212121212121213	IIGGGAYH:0.24242424242424243	QHNGCGTV:0.36363636363636365	TVNIINFY:0.21212121212121213	VQHNGCGT:0.2727272727272727	HNGCGTVN:0.30303030303030304	DVCEDAIT:0.36363636363636365	IGGGAYHA:0.2727272727272727	DKVVQHNG:0.21212121212121213	ACLGYTGG:0.21212121212121213	GGGAYHAS:0.24242424242424243	GGAYHASD:0.24242424242424243	GAYHASDK:0.24242424242424243	CEDAISIK:0.24242424242424243	GKLYRSCG:0.24242424242424243	KLYRSCGN:0.24242424242424243	LYRSCGNC:0.24242424242424243	VNFYANDY:0.30303030303030304	CEDAITIK:0.21212121212121213	VFVLEDGA:0.24242424242424243	NQKEGVHC:0.21212121212121213	TNLGDKAT:0.21212121212121213	IGANQKEG:0.24242424242424243	HVNIVNFY:0.30303030303030304	NLGDKATY:0.21212121212121213	NIVNFYAN:0.30303030303030304	CGHVNIVN:0.30303030303030304	GHVNIVNF:0.30303030303030304	NTNLGDKA:0.21212121212121213	NLEFVWFE:0.21212121212121213	VCEDAITI:0.24242424242424243	GCGHVNIV:0.30303030303030304	CNLEFVWF:0.21212121212121213	VNIVNFYA:0.30303030303030304	IVNFYAND:0.30303030303030304	GANQKEGV:0.24242424242424243	KATYSNNC:0.21212121212121213	GDKATYSN:0.21212121212121213	DKATYSNN:0.21212121212121213	
