cluster number:7
PL3:91	PL3_4:73|PL3:10|PL3_2:8|CBM13:7|4.2.2.2:3|CBM66:3
GEDAATFK:0.37362637362637363	DKVFQHNG:0.46153846153846156	VGEDAATF:0.7692307692307693	LYRSCGNC:0.4065934065934066	GKLYRSCG:0.3626373626373626	EDAATFKG:0.34065934065934067	PAADGVHC:0.46153846153846156	KLYRSCGN:0.3516483516483517	FGKLYRSC:0.23076923076923078	DVGEDAAT:0.7582417582417582	GINTNYGD:0.3956043956043956	FQHNGPGT:0.25274725274725274	VGINTNYG:0.2087912087912088	WWEDVGED:0.6153846153846154	VFQHNGPG:0.27472527472527475	NVWWEDVG:0.6043956043956044	EDVGEDAA:0.7142857142857143	VWWEDVGE:0.6153846153846154	WEDVGEDA:0.7142857142857143	KVFQHNGP:0.27472527472527475	VFQFNGAG:0.2857142857142857	CTLQNVWW:0.4835164835164835	DKVFQFNG:0.32967032967032966	ASDKVFQF:0.25274725274725274	KVFQFNGA:0.2857142857142857	KLVRSCGN:0.21978021978021978	SCTLQNVW:0.4065934065934066	GSCTLQNV:0.4065934065934066	TLQNVWWE:0.3956043956043956	GKLVRSCG:0.21978021978021978	SDKVFQFN:0.25274725274725274	LVRSCGNC:0.21978021978021978	LQNVWWED:0.3626373626373626	QNVWWEDV:0.4065934065934066	SGPDGTYC:0.23076923076923078	GAVLKNVI:0.31868131868131866	INTNYGDS:0.25274725274725274	PAADGIHC:0.3076923076923077	SGTKDYGM:0.2087912087912088	GSGPDGTY:0.23076923076923078	PCQKYIGN:0.26373626373626374	GPDGTYCK:0.2087912087912088	GEDAATFR:0.2967032967032967	KIVPCQKY:0.2087912087912088	IVPCQKYI:0.2087912087912088	VPCQKYIG:0.2087912087912088	EDAATFRG:0.25274725274725274	DGAVLKNV:0.23076923076923078	VRSCGNCS:0.23076923076923078	YRSCGNCS:0.21978021978021978	SCGNCSTQ:0.24175824175824176	CGNCSTQY:0.21978021978021978	RSCGNCST:0.24175824175824176	
