cluster number:6
GT19:149	GT19:149
LLNVPQVV:0.38926174496644295	TDKLLAIF:0.26174496644295303	ALLNVPQV:0.40939597315436244	RIFISTGE:0.4899328859060403	FISTGEVS:0.7583892617449665	KSGTVNLE:0.7919463087248322	STGEVSGD:0.9463087248322147	DKLLAIFP:0.3087248322147651	LNVPQVVV:0.2684563758389262	IVPELLQE:0.28859060402684567	NVPQVVVY:0.30201342281879195	PQVVVYRL:0.2684563758389262	ISTGEVSG:0.9060402684563759	TGEVSGDL:0.912751677852349	VTWVGHPL:0.3422818791946309	GHPLVDRM:0.22818791946308725	IALLPASR:0.31543624161073824	WVGHPLVD:0.2751677852348993	VGHPLVDR:0.2751677852348993	MRIFISTG:0.4228187919463087	VPQVVVYR:0.30201342281879195	IFISTGEV:0.6845637583892618	GEVSGDLQ:0.8322147651006712	SGTVNLEL:0.5167785234899329	VSGDLQGS:0.5302013422818792	VNLELALL:0.40268456375838924	LAIFPEEA:0.4563758389261745	GTVNLELA:0.5167785234899329	LLAIFPEE:0.3288590604026846	LIDYMGPN:0.3959731543624161	TVNLELAL:0.5167785234899329	WVGHPLLD:0.2348993288590604	EVSGDLQG:0.7718120805369127	DLQGSLLI:0.30201342281879195	YIAPQEWA:0.26174496644295303	IAPQEWAW:0.24161073825503357	SGDLQGSL:0.48322147651006714	GDLQGSLL:0.46308724832214765	YYIAPQEW:0.5973154362416108	VLIDYMGP:0.2684563758389262	VVLIDYMG:0.2751677852348993	ADLAITKS:0.21476510067114093	DLAITKSG:0.24161073825503357	TKSGTVNL:0.42953020134228187	ITKSGTVN:0.3959731543624161	LALLNVPQ:0.2684563758389262	HFWIPLSL:0.30201342281879195	NLELALLN:0.28187919463087246	PPDLVVLI:0.28859060402684567	LAITKSGT:0.24161073825503357	LVVLIDYM:0.2214765100671141	ELALLNVP:0.2684563758389262	AITKSGTV:0.3959731543624161	AADLAITK:0.2214765100671141	DLVVLIDY:0.30201342281879195	PDLVVLID:0.30201342281879195	NPPDLVVL:0.20134228187919462	AAADLAIT:0.2080536912751678	AAMELLLN:0.20134228187919462	LELALLNV:0.2684563758389262	VHFWIPLS:0.20134228187919462	IDYMGPNL:0.21476510067114093	LEIVALGG:0.31543624161073824	IAPQEWVW:0.35570469798657717	QELKYLLP:0.3959731543624161	APQEWVWS:0.33557046979865773	YIAPQEWV:0.35570469798657717	KLLAIFPE:0.24161073825503357	AIALLPAS:0.26174496644295303	GSIPFASP:0.20134228187919462	VYYIAPQE:0.2550335570469799	VSGDLQGA:0.20134228187919462	LPASRRQE:0.2080536912751678	ELKYLLPV:0.21476510067114093	FPEEARYF:0.20134228187919462	FWIPLSLE:0.3221476510067114	LLPASRRQ:0.2080536912751678	AIFPEEAR:0.3825503355704698	IFPEEARY:0.33557046979865773	PASRRQEL:0.20134228187919462	
