cluster number:24
GT19:96	GT19:96
LAASGTVT:0.4479166666666667	PPCSYVGH:0.4479166666666667	GHPLIERL:0.3020833333333333	SPGFTHAV:0.22916666666666666	VGHPLIER:0.3229166666666667	VDYVSPSV:0.3958333333333333	LALAGVPM:0.3125	ALLPFEPE:0.28125	SPSVWAWR:0.5833333333333334	AHRRLGGP:0.21875	HVLALLPF:0.5104166666666666	PCSYVGHP:0.4479166666666667	LALLPFEP:0.6979166666666666	IDHVLALL:0.23958333333333334	IDSPGFTH:0.22916666666666666	IIDSPGFT:0.22916666666666666	AGVPMVVA:0.20833333333333334	ALAASGTV:0.5	VTLELALA:0.4375	LELALAGV:0.3229166666666667	AALAASGT:0.4895833333333333	ELALAGVP:0.3229166666666667	TLELALAG:0.3645833333333333	DVLVIIDS:0.34375	IVLPNLIL:0.22916666666666666	LGGPPCSY:0.2916666666666667	YVGHPLIE:0.5729166666666666	PMVVAYKV:0.22916666666666666	AASGTVTL:0.4583333333333333	LPGSRRSE:0.78125	VWAWRPWR:0.23958333333333334	SGDQLGAK:0.25	RAALAASG:0.3229166666666667	PGSRRSEI:0.5625	FRRARAAL:0.20833333333333334	LLPFEPEA:0.20833333333333334	YVSPSVWA:0.5833333333333334	TVTLELAL:0.6770833333333334	SVWAWRPW:0.22916666666666666	RSEIERLM:0.21875	VLVIIDSP:0.3541666666666667	VIIDSPGF:0.22916666666666666	GPPCSYVG:0.4479166666666667	ARAALAAS:0.3229166666666667	AWRPWRAK:0.20833333333333334	GSRRSEIE:0.21875	PSVWAWRP:0.5520833333333334	GDQLGAKL:0.25	PDVLVIID:0.34375	DYVSPSVW:0.5104166666666666	LVIIDSPG:0.23958333333333334	SEIERLMP:0.21875	GGPPCSYV:0.2916666666666667	SRRSEIER:0.21875	DHVLALLP:0.5104166666666666	SYVGHPLI:0.3020833333333333	LAGVPMVV:0.20833333333333334	WAWRPWRA:0.23958333333333334	ALAGVPMV:0.3020833333333333	RRSEIERL:0.21875	PGFTHAVA:0.22916666666666666	ASGTVTLE:0.4479166666666667	VPMVVAYK:0.21875	VLPGSRRS:0.71875	CSYVGHPL:0.4791666666666667	VLALLPFE:0.5208333333333334	RPDVLVII:0.21875	PIVDYVSP:0.4166666666666667	GVPMVVAY:0.3125	VSPSVWAW:0.5833333333333334	DSPGFTHA:0.22916666666666666	IVDYVSPS:0.28125	GTVTLELA:0.8020833333333334	RRARAALA:0.20833333333333334	SGTVTLEL:0.875	RRLIQVPT:0.20833333333333334	MKVLRQRL:0.21875	FPIEELSI:0.3541666666666667	IPIVDYVS:0.28125	GSRRSEIR:0.25	ILANLVIG:0.3229166666666667	LFPIEELS:0.3333333333333333	AKSGTVTL:0.3958333333333333	LMKVLRQR:0.21875	LAKSGTVT:0.375	QLPKILRL:0.23958333333333334	SLFPIEEL:0.21875	LGLLPFEP:0.20833333333333334	TLELALSG:0.23958333333333334	FTHRVARR:0.34375	PDFTHRVA:0.4479166666666667	SVILANLV:0.3333333333333333	VILANLVI:0.3125	MLGYVDHV:0.20833333333333334	LVIIDSPD:0.4375	FLIATEES:0.2916666666666667	VIPEFLQE:0.20833333333333334	IATEESGD:0.34375	LLVLPGSR:0.5520833333333334	PVLLVLPG:0.40625	RRSEIRHH:0.23958333333333334	SSVILANL:0.22916666666666666	VSSVILAN:0.20833333333333334	ALAKSGTV:0.375	TEESGDRL:0.40625	IDSPDFTH:0.4791666666666667	HVLGLLPF:0.20833333333333334	PPVLLVLP:0.3020833333333333	DHVLGLLP:0.20833333333333334	LVLPGSRR:0.53125	HRVARRVR:0.34375	IIDSPDFT:0.53125	VIIDSPDF:0.46875	MVTAYRVG:0.20833333333333334	AALAKSGT:0.3854166666666667	LPKILRLI:0.22916666666666666	KSGTVTLE:0.4166666666666667	DFTHRVAR:0.34375	WAWRPGRA:0.6145833333333334	VTLELALS:0.25	LIATEESG:0.34375	ATEESGDR:0.40625	PKILRLIR:0.21875	DSPDFTHR:0.3958333333333333	KVLRQRLG:0.21875	VLGLLPFE:0.20833333333333334	THRVARRV:0.34375	LLPFEPEE:0.20833333333333334	EESGDRLG:0.4166666666666667	AWRPGRAR:0.4583333333333333	SRRSEIRH:0.25	SPDFTHRV:0.3958333333333333	VLLVLPGS:0.4166666666666667	IFLIATEE:0.25	PMVTAYRV:0.21875	CTYVGHPL:0.28125	ALLPFEPD:0.22916666666666666	TYVGHPLI:0.22916666666666666	VWAWRPGR:0.46875	SVWAWRPG:0.3125	WRPGRARA:0.21875	ESGDRLGA:0.21875	PGSRRSEV:0.21875	RPGRARAM:0.21875	KRAAFRIA:0.21875	RVARRVRA:0.25	YVDHVLAL:0.2708333333333333	VDHVLALL:0.2708333333333333	
