cluster number:38
GT19:12	GT19:12
GEASGDLH:0.9166666666666666	FLLPVASS:0.25	VGHPLLDA:0.4166666666666667	VEYVGHPL:0.3333333333333333	TVTLQIAL:0.25	IVTGEASG:0.5833333333333334	GTVTLQIA:0.25	TLQIALVG:0.25	CEILIPGE:0.25	SGDLHGAH:0.25	GDLHGAHL:0.25	YYVSPQVW:0.3333333333333333	VSPQVWAW:0.4166666666666667	WAWRRGRV:0.4166666666666667	VIGLFPGS:0.25	VDRLAAIF:0.25	QIALVGTP:0.25	VSGTVTLQ:0.5	QVWAWRRG:0.4166666666666667	ASGDLHGA:0.8333333333333334	YVSPQVWA:0.4166666666666667	VTLQIALV:0.25	DVEYVGHP:0.25	MGLVEVLG:0.25	TGEASGDL:0.75	LAAIFPFE:0.25	PQVWAWRR:0.4166666666666667	LVGTPMAI:0.3333333333333333	VTGEASGD:0.75	DIDVEYVG:0.25	LAVMGLVE:0.25	DRLAAIFP:0.25	EYVGHPLL:0.25	LQIALVGT:0.25	AGCEILIP:0.25	YVGHPLLD:0.4166666666666667	AAIFPFEP:0.25	SGTVTLQI:0.25	GLANIVAG:0.25	IGLFPGSR:0.25	EASGDLHG:0.9166666666666666	VMGLVEVL:0.25	LDIDVEYV:0.25	AVMGLVEV:0.25	RLAAIFPF:0.25	GLFPGSRK:0.25	VVDRLAAI:0.25	ALVGTPMA:0.3333333333333333	IDVEYVGH:0.25	VWAWRRGR:0.5	GCEILIPG:0.25	TVSGTVTL:0.25	SPQVWAWR:0.4166666666666667	VGLFPGSR:0.25	PVVGLFPG:0.25	VVGLFPGS:0.25	AWRRGRVK:0.25	LYYVSPQV:0.25	SGDLHGAN:0.5	GDLHGANL:0.4166666666666667	LIVTGEAS:0.4166666666666667	TLQAAVVG:0.25	ILIVTGEA:0.3333333333333333	DLHGANLA:0.25	HPLLDAVA:0.25	TATLQAAV:0.25	QAAVVGTP:0.25	GTATLQAA:0.25	AAVVGTPM:0.25	ASGTATLQ:0.25	SGTATLQA:0.25	LQAAVVGT:0.25	RILIVTGE:0.3333333333333333	GHPLLDAV:0.3333333333333333	MPRILIVT:0.25	PRILIVTG:0.25	
