cluster number:10
GT19:158	GT19:158
APTVWAWR:0.33544303797468356	ITIDSPDF:0.33544303797468356	TVSLELAA:0.4430379746835443	GTVSLELA:0.7974683544303798	VTLVNLVS:0.4177215189873418	LAASGTVS:0.6265822784810127	VAPTVWAW:0.3227848101265823	IAGEPSGD:0.20253164556962025	IRTVHYVA:0.24050632911392406	ALAASGTV:0.7215189873417721	TLVNLVSD:0.24050632911392406	SGTVSLEL:0.689873417721519	PGLRAARA:0.27848101265822783	RTVHYVAP:0.2911392405063291	DTVTLVNL:0.4177215189873418	TVTLVNLV:0.4240506329113924	LVNLVSDT:0.2088607594936709	DFVGHPVV:0.3670886075949367	ASGTVSLE:0.6835443037974683	VWAWRPGR:0.379746835443038	VNLVSDTR:0.2088607594936709	TIDSPDFC:0.20253164556962025	CDFVGHPV:0.41139240506329117	WAWRPGRA:0.379746835443038	YVAPTVWA:0.3227848101265823	PTVWAWRP:0.33544303797468356	HYVAPTVW:0.21518987341772153	AASGTVSL:0.6329113924050633	IDTVTLVN:0.25316455696202533	LALAASGT:0.27848101265822783	PDFSLRVA:0.25316455696202533	LLPFEPPY:0.35443037974683544	HVLALLPF:0.2848101265822785	LALLPFEP:0.379746835443038	IDHVLALL:0.22784810126582278	GEPSGDRL:0.23417721518987342	APSVWAWR:0.4810126582278481	LPFEPPYM:0.3227848101265823	LSVMGLAE:0.2088607594936709	VWAWRPKR:0.2088607594936709	RAAFAAAD:0.26582278481012656	YVAPSVWA:0.37341772151898733	WAWRPKRA:0.2088607594936709	LPGSRRSE:0.310126582278481	GLRAARAV:0.24050632911392406	LRAARAVL:0.21518987341772153	DSPDFSLR:0.23417721518987342	PSVWAWRP:0.5443037974683544	VSLELAAA:0.22784810126582278	DLALAASG:0.25316455696202533	IDSPDFSL:0.23417721518987342	AGEPSGDR:0.24050632911392406	AADLALAA:0.22151898734177214	DHVLALLP:0.27848101265822783	SPDFSLRV:0.23417721518987342	EPSGDRLG:0.23417721518987342	TIDSPDFS:0.24050632911392406	PGSRRSEV:0.2468354430379747	VLALLPFE:0.34177215189873417	VAPSVWAW:0.35443037974683544	ALLPFEPP:0.36075949367088606	LALPGSRR:0.20253164556962025	KRAAFAAA:0.2468354430379747	VIDHVLAL:0.20253164556962025	HYVAPSVW:0.36075949367088606	ADLALAAS:0.23417721518987342	VHYVAPSV:0.25316455696202533	TVSLELAL:0.33544303797468356	WSAALPNI:0.21518987341772153	VAGEESGD:0.22151898734177214	VSLELALA:0.2848101265822785	GEESGDLL:0.31645569620253167	IAIVAGEE:0.20253164556962025	AALAASGT:0.22784810126582278	AGEESGDL:0.3037974683544304	AIVAGEES:0.20253164556962025	EESGDLLG:0.3037974683544304	ESGDLLGA:0.2911392405063291	SGDLLGAD:0.2911392405063291	GDLLGADL:0.22151898734177214	IVAGEESG:0.20253164556962025	IDSPDFCL:0.20253164556962025	DSPDFCLR:0.20253164556962025	SPDFCLRV:0.20253164556962025	LPGSRRGE:0.25949367088607594	LGGALMAG:0.20253164556962025	PGSRRGEV:0.22151898734177214	SVWAWRPG:0.2468354430379747	
