cluster number:29
GT19:41	GT19:41
AVVGLVEV:0.36585365853658536	PFEVPFYE:0.2926829268292683	IVAGEASG:0.6829268292682927	VAGEASGD:0.5609756097560976	LAVVGLVE:0.21951219512195122	VLYYISPQ:0.5853658536585366	VVGLVEVL:0.2926829268292683	KVLYYISP:0.4634146341463415	ASGTVTLE:0.2926829268292683	GVKVLYYI:0.24390243902439024	AASGTVTL:0.24390243902439024	VKVLYYIS:0.24390243902439024	PDLLILID:0.43902439024390244	FPFEVPFY:0.2682926829268293	VGLFPGSR:0.36585365853658536	ISPQVWAW:0.7073170731707317	LIDYPDFN:0.43902439024390244	PDFNLRLA:0.2682926829268293	YPDFNLRL:0.24390243902439024	LILIDYPD:0.3902439024390244	LLILIDYP:0.4634146341463415	DLLILIDY:0.3902439024390244	IDYPDFNL:0.3170731707317073	ILIDYPDF:0.4146341463414634	DYPDFNLR:0.24390243902439024	FVGHPLLD:0.2926829268292683	MAVLFPFE:0.21951219512195122	MIVAGEAS:0.4146341463414634	SPQVWAWR:0.7073170731707317	SGTVTLEI:0.3170731707317073	PVSFVGHP:0.21951219512195122	GEASGDLH:0.3170731707317073	AGEASGDL:0.2926829268292683	DVMQVCDA:0.21951219512195122	DHIGICNI:0.21951219512195122	PGSRRGEI:0.21951219512195122	LFPGSRRG:0.24390243902439024	YDVMQVCD:0.21951219512195122	IGICNIVA:0.21951219512195122	ASGDLHGA:0.24390243902439024	GICNIVAG:0.21951219512195122	YYISPQVW:0.5121951219512195	MAVVFPFE:0.2926829268292683	PPDLLILI:0.3170731707317073	FPGSRRGE:0.24390243902439024	HIGICNIV:0.21951219512195122	YISPQVWA:0.5365853658536586	VSGTVTLE:0.2682926829268293	LYYISPQV:0.43902439024390244	VSFVGHPL:0.21951219512195122	TVTLEIAL:0.3170731707317073	VMQVCDAI:0.21951219512195122	GVPMVIIY:0.21951219512195122	EASGDLHG:0.2926829268292683	VDHIGICN:0.21951219512195122	TLEIALMG:0.2682926829268293	GLFPGSRR:0.4634146341463415	AVVFPFEV:0.21951219512195122	GTVTLEIA:0.3170731707317073	FPGSRRSE:0.21951219512195122	LFPGSRRS:0.21951219512195122	
