cluster number:28
GT19:13	GT19:13
PKIWAWRT:0.3076923076923077	RVEDLSVM:0.3076923076923077	TLETALIG:0.23076923076923078	PDAVVLID:0.23076923076923078	MPGSRRKE:0.23076923076923078	GTPTLVTY:0.23076923076923078	ISPKIWAW:0.3076923076923077	SILPFEVD:0.38461538461538464	KIWAWRTG:0.3076923076923077	LIGTPTLV:0.3076923076923077	LMPGSRRK:0.23076923076923078	ATLETALI:0.23076923076923078	DLSVMGIT:0.3076923076923077	LETALIGT:0.23076923076923078	RPDAVVLI:0.23076923076923078	GRIGLMPG:0.23076923076923078	IWAWRTGR:0.3076923076923077	YVGNPLVD:0.23076923076923078	TLVTYKVS:0.23076923076923078	PFEVDFYR:0.23076923076923078	VDYVGNPL:0.23076923076923078	PTLVTYKV:0.23076923076923078	LSVMGITE:0.3076923076923077	GELSGDMH:0.23076923076923078	DAPEFNFR:0.3076923076923077	AVVLIDAP:0.3076923076923077	IGLMPGSR:0.23076923076923078	IAASGTAT:0.23076923076923078	GTATLETA:0.5384615384615384	EVFPELLQ:0.38461538461538464	GLMPGSRR:0.23076923076923078	ELSGDMHG:0.23076923076923078	SPKIWAWR:0.3076923076923077	AASGTATL:0.8461538461538461	IDAPEFNF:0.23076923076923078	YYISPKIW:0.3076923076923077	EDLSVMGI:0.3076923076923077	VEDLSVMG:0.3076923076923077	VGNPLVDM:0.23076923076923078	GIPVYYYI:0.23076923076923078	LIDAPEFN:0.23076923076923078	ILPFEVDF:0.38461538461538464	DAVVLIDA:0.23076923076923078	RIGLMPGS:0.23076923076923078	LPFEVDFY:0.38461538461538464	LRVEDLSV:0.23076923076923078	SGTATLET:0.6153846153846154	YISPKIWA:0.3076923076923077	TALIGTPT:0.23076923076923078	LGIPVYYY:0.23076923076923078	VVLIDAPE:0.3076923076923077	MLIAASGT:0.23076923076923078	SVMGITEV:0.3076923076923077	TATLETAL:0.5384615384615384	ETALIGTP:0.23076923076923078	REVFPELL:0.3076923076923077	VFPELLQE:0.38461538461538464	VLIDAPEF:0.3076923076923077	TPTLVTYK:0.23076923076923078	GNPLVDMV:0.23076923076923078	ASGTATLE:0.8461538461538461	LVTYKVSP:0.23076923076923078	WAWRTGRV:0.23076923076923078	ALIGTPTL:0.3076923076923077	GIMPGSRK:0.23076923076923078	PELLQENA:0.23076923076923078	MPGSRKKE:0.23076923076923078	IMPGSRKK:0.23076923076923078	FPELLQEN:0.23076923076923078	IGILPGSR:0.38461538461538464	ATLETALL:0.23076923076923078	YVGHPLLD:0.3076923076923077	AIMAASGT:0.23076923076923078	MAASGTAT:0.3076923076923077	IMAASGTA:0.3076923076923077	RIGILPGS:0.23076923076923078	GTATLECA:0.3076923076923077	LAASGTAT:0.3076923076923077	TATLECAL:0.3076923076923077	SGTATLEC:0.3076923076923077	PGSRKKEI:0.23076923076923078	WINAGEAS:0.23076923076923078	INAGEASG:0.23076923076923078	NAGEASGD:0.23076923076923078	FSIARAPG:0.23076923076923078	
