cluster number:1
GT19:343	GT19:343
EVVKELIQ:0.2303206997084548	GEASGDLH:0.7434402332361516	LETALFKV:0.23323615160349853	AGEASGDL:0.5918367346938775	AALVTSGT:0.5626822157434402	KYYIIAGE:0.37026239067055394	PGSRKQEI:0.39067055393586003	ISPQIWAW:0.21865889212827988	RFWGGDLM:0.2886297376093295	ATLETALF:0.5043731778425656	IAGEASGD:0.5014577259475219	ASGDLHGS:0.3177842565597668	ALLPGSRK:0.46355685131195334	PQIWAWKE:0.21282798833819241	YISLVNLI:0.47230320699708456	TLETALFK:0.25072886297376096	YQFVIAGA:0.34110787172011664	MKYYIIAG:0.3673469387755102	SGDLHGSN:0.31486880466472306	YIIAGEAS:0.36151603498542273	SPQIWAWK:0.21865889212827988	SLVNLIMD:0.3498542274052478	ALVTSGTA:0.6559766763848397	IIAGEASG:0.3819241982507289	GDLHGSNL:0.3119533527696793	YYIIAGEA:0.358600583090379	ISLVNLIM:0.41690962099125367	VGHPLIDA:0.20116618075801748	GTATLETA:0.7959183673469388	VIAGAPSQ:0.20699708454810495	FVGHPLID:0.22740524781341107	IALLPGSR:0.4956268221574344	VTSGTATL:0.7842565597667639	YYISPQIW:0.2478134110787172	YISPQIWA:0.2594752186588921	GGTLVKHY:0.22740524781341107	DLHGSNLM:0.21865889212827988	LHGSNLMK:0.20699708454810495	SGTATLET:0.8221574344023324	QFVIAGAP:0.3819241982507289	EASGDLHG:0.46647230320699706	FVIAGAPS:0.37026239067055394	TSGTATLE:0.7988338192419825	KYISLVNL:0.2944606413994169	TATLETAL:0.7696793002915452	LVTSGTAT:0.6763848396501457	LLPGSRKQ:0.4839650145772595	ETALFKVP:0.23323615160349853	LPGSRKQE:0.5510204081632653	VPQVVCYK:0.21574344023323616	VDYPGFNL:0.20408163265306123	EASGDLHA:0.27696793002915454	ASGDLHAS:0.24198250728862974	VILPFEKD:0.23323615160349853	LPFEKDFY:0.23323615160349853	ILPFEKDF:0.2594752186588921	VGHPLLDA:0.20408163265306123	FVGHPLLD:0.21865889212827988	PIIALLPG:0.27405247813411077	FISLVNLI:0.21574344023323616	IIALLPGS:0.40233236151603496	GFNLRIAK:0.22740524781341107	ATLETALL:0.20408163265306123	RDLAFMGF:0.20699708454810495	MYVILPFE:0.21574344023323616	YRDLAFMG:0.20699708454810495	HYRDLAFM:0.20699708454810495	YVILPFEK:0.20699708454810495	DYPGFNLR:0.20116618075801748	
