cluster number:3
CBM69:6	CBM69:6
ECNLPDVN:1.0	DKNTKVVI:0.8333333333333334	LKKGGMDK:1.0	KGDGIYQL:1.0	KMHYKGDG:0.8333333333333334	ERKMHYKG:0.8333333333333334	PDVNERGP:1.0	GIYQLIYS:0.8333333333333334	LIYSEKAG:0.8333333333333334	KPERKMHY:0.8333333333333334	WTIQIGPD:1.0	AGAVTMQF:1.0	PRYSECNL:1.0	NPQFTVTG:1.0	ADGKYVWT:1.0	AVTMQFAT:1.0	NWNPQFTV:1.0	YSECNLPD:1.0	KGGMDKNT:1.0	GPIAAGLY:1.0	MHYKGDGI:0.8333333333333334	GMDKNTKV:1.0	PEGYWLMK:1.0	MDKNTKVV:0.8333333333333334	GDGIYQLI:0.8333333333333334	MNWNPQFT:1.0	ATMNWNPQ:1.0	DPRYSECN:1.0	PIAAGLYI:1.0	VIPADGKY:0.8333333333333334	GLELPLNQ:1.0	NTKVVIPA:0.8333333333333334	FTVTGLEL:1.0	QLIYSEKA:0.8333333333333334	RKMHYKGD:0.8333333333333334	IPADGKYV:1.0	MKADPRYS:0.3333333333333333	KKAIAAMV:1.0	IAAGLYIS:1.0	KNTKVVIP:0.8333333333333334	VWTIQIGP:1.0	DGIYQLIY:0.8333333333333334	KYVWTIQI:1.0	TKVVIPAD:0.8333333333333334	QAKTLKKG:1.0	LNQAKTLK:1.0	AKTLKKGG:1.0	YSEKAGAV:1.0	ELPLNQAK:1.0	PERKMHYK:0.8333333333333334	RGPIAAGL:1.0	IYSEKAGA:0.8333333333333334	TLKKGGMD:1.0	YWLMKPER:1.0	RYSECNLP:1.0	SEKAGAVT:1.0	LMKPERKM:0.8333333333333334	KTLKKGGM:1.0	KADPRYSE:1.0	VNERGPIA:1.0	YVWTIQIG:1.0	MKPERKMH:0.8333333333333334	TGLELPLN:1.0	WLMKPERK:1.0	NLPDVNER:1.0	EKAGAVTM:1.0	LPDVNERG:1.0	DGKYVWTI:1.0	DKKAIAAM:1.0	PADGKYVW:1.0	DVNERGPI:1.0	TMQFATMN:1.0	FATMNWNP:1.0	TMNWNPQF:1.0	TIQIGPDK:1.0	IYQLIYSE:0.8333333333333334	AAMVAPCK:1.0	KVVIPADG:0.8333333333333334	EGYWLMKP:1.0	VTGLELPL:1.0	IGPDKKAI:1.0	QIGPDKKA:1.0	LELPLNQA:1.0	KAGAVTMQ:1.0	KKGGMDKN:1.0	WNPQFTVT:1.0	PLNQAKTL:1.0	IQIGPDKK:1.0	PQFTVTGL:1.0	IAAMVAPC:1.0	YKGDGIYQ:1.0	NQAKTLKK:1.0	HYKGDGIY:1.0	SECNLPDV:1.0	VTMQFATM:1.0	YQLIYSEK:0.8333333333333334	GPDKKAIA:1.0	LPLNQAKT:1.0	CNLPDVNE:1.0	GAVTMQFA:1.0	KAIAAMVA:1.0	GKYVWTIQ:1.0	GYWLMKPE:1.0	AIAAMVAP:1.0	ERGPIAAG:1.0	LPEGYWLM:1.0	MQFATMNW:1.0	ADPRYSEC:1.0	NERGPIAA:1.0	QFATMNWN:1.0	TVTGLELP:1.0	AAGLYISG:1.0	QFTVTGLE:1.0	PDKKAIAA:1.0	GGMDKNTK:1.0	VVIPADGK:0.8333333333333334	LLSGCVDG:0.6666666666666666	LSGCVDGN:0.6666666666666666	SGSQEGVV:0.6666666666666666	ISGTLPEG:0.8333333333333334	GTLPEGYW:0.8333333333333334	SPSGSQEG:0.6666666666666666	GLLSGCVD:0.6666666666666666	VVKADPRY:0.6666666666666666	DGNSPSGS:0.6666666666666666	SGCVDGNS:0.6666666666666666	CVDGNSPS:0.6666666666666666	GSQEGVVK:0.6666666666666666	GCVDGNSP:0.6666666666666666	GNSPSGSQ:0.6666666666666666	LYISGTLP:0.8333333333333334	LLIAAVLT:0.6666666666666666	EGVVKADP:0.6666666666666666	MKNKLLIA:0.6666666666666666	YISGTLPE:0.8333333333333334	IAAVLTGL:0.6666666666666666	PSGSQEGV:0.6666666666666666	KNKLLIAA:0.6666666666666666	SQEGVVKA:0.6666666666666666	VDGNSPSG:0.6666666666666666	NSPSGSQE:0.6666666666666666	NKLLIAAV:0.6666666666666666	TGLLSGCV:0.6666666666666666	TLPEGYWL:0.8333333333333334	VLTGLLSG:0.6666666666666666	QEGVVKAD:0.6666666666666666	GVVKADPR:0.6666666666666666	VKADPRYS:0.6666666666666666	GLYISGTL:0.8333333333333334	AAVLTGLL:0.6666666666666666	AVLTGLLS:0.6666666666666666	KLLIAAVL:0.6666666666666666	LTGLLSGC:0.6666666666666666	LIAAVLTG:0.6666666666666666	SGTLPEGY:0.8333333333333334	AGLYISGT:0.8333333333333334	
