cluster number:8
GT91:12	GT91:12
VGPLRGGT:0.3333333333333333	IPNGISSW:0.4166666666666667	YRLAGSSV:0.25	LIPNGISS:0.3333333333333333	AGSSVWLE:0.4166666666666667	GVHFMISR:0.5	RLAGSSVW:0.5833333333333334	KYYGPEDP:0.3333333333333333	YYGPEDPR:0.5	LAGSSVWL:0.5833333333333334	WYRLAGSS:0.25	YGVHFMIS:0.3333333333333333	VHFMISRV:0.25	FNAYHRKL:0.25	PSFLPIPF:0.3333333333333333	RGGTQLIN:0.25	YGPEDPRI:0.3333333333333333	FPSFLPIP:0.4166666666666667	LEQYGVHF:0.25	GPLRGGTE:0.25	PLIIFNAY:0.25	KQKNWTPF:0.25	EPLIIFNA:0.25	GSSVWLEQ:0.3333333333333333	IFNAYHRK:0.25	WLEQYGVH:0.3333333333333333	IIFNAYHR:0.25	LIIFNAYH:0.25	QYGVHFMI:0.25	SVWLEQYG:0.4166666666666667	PLRGGTEL:0.25	EQYGVHFM:0.25	SHISSSIS:0.25	WVGFARAH:0.25	SSVWLEQY:0.3333333333333333	VWLEQYGV:0.3333333333333333	QKNWTPFI:0.3333333333333333	YGPEDPRL:0.3333333333333333	FLPIPFYH:0.25	SFLPIPFY:0.25	VLIPNGIS:0.3333333333333333	FYGPEDPR:0.25	RFYGPEDP:0.25	KNWTPFVS:0.25	QKNWTPFV:0.25	CGSSMYRP:0.25	GSSMYRPN:0.25	FRLAGSSV:0.3333333333333333	CGCGSSMY:0.25	GCGSSMYR:0.25	WFRLAGSS:0.4166666666666667	SSMYRPNL:0.25	MYRPNLVV:0.25	
