cluster number:5
GH31:44	GH31:44|3.2.1.20:6|3.2.1.84:2
WIDMNEPA:0.22727272727272727	LCARWATL:0.2727272727272727	HQCRYGYR:0.22727272727272727	IPLETMWT:0.5454545454545454	MWTDIDYM:0.6363636363636364	VITRSTFA:0.2727272727272727	TETLCARW:0.3181818181818182	ALWIDMNE:0.38636363636363635	RSTFAGSG:0.22727272727272727	ETMWTDID:0.5454545454545454	VVANYSAA:0.25	IVMVDPAV:0.4090909090909091	YLPDDIFY:0.20454545454545456	IDYMDRRR:0.2727272727272727	ADVCGFGG:0.20454545454545456	PLETMWTD:0.5454545454545454	DVCGFGGN:0.20454545454545456	LETMWTDI:0.5454545454545454	LNSNGMDV:0.22727272727272727	FLLNSNGM:0.45454545454545453	GVFLLNSN:0.3409090909090909	TDIDYMDR:0.25	LYGLGEHS:0.36363636363636365	TLCARWAT:0.25	THGVFLLN:0.2727272727272727	GGVLDFYF:0.29545454545454547	GTHGVFLL:0.3409090909090909	VFLLNSNG:0.45454545454545453	QCRYGYRD:0.22727272727272727	ETLCARWA:0.3181818181818182	IDALWIDM:0.38636363636363635	QHYIVMVD:0.25	YIVMVDPA:0.38636363636363635	TRSTFAGS:0.22727272727272727	ITRSTFAG:0.6136363636363636	DIDYMDRR:0.29545454545454547	DQHYIVMV:0.20454545454545456	WTDIDYMD:0.38636363636363635	GSLYLDDG:0.3181818181818182	HYIVMVDP:0.25	LWIDMNEP:0.5	YDTHNLYG:0.38636363636363635	LVITRSTF:0.25	HGVFLLNS:0.29545454545454547	DALWIDMN:0.38636363636363635	CARWATLG:0.2727272727272727	GADVCGFG:0.25	LLDYIYTA:0.4772727272727273	HPIYFDHR:0.25	VGADVCGF:0.3181818181818182	LLNSNGMD:0.4772727272727273	TMWTDIDY:0.5454545454545454	YGLGEHSD:0.4318181818181818	YRLLDYIY:0.29545454545454547	MVGSDVCG:0.22727272727272727	AEVVANYS:0.25	RLLDYIYT:0.29545454545454547	RYRLLDYI:0.29545454545454547	VAEVVANY:0.25	VGSDVCGF:0.29545454545454547	GFHQCKYG:0.20454545454545456	AGIPLETM:0.29545454545454547	IDGLWIDM:0.2727272727272727	DGLWIDMN:0.3181818181818182	DIDGLWID:0.25	GIPLETMW:0.3181818181818182	GLWIDMNE:0.29545454545454547	NLYGLGEH:0.38636363636363635	LYGLGEHT:0.22727272727272727	VGKWLGDN:0.3409090909090909	LYLDDGDS:0.29545454545454547	YGLGEHTD:0.22727272727272727	MMPYWGFG:0.2727272727272727	LPAMMPYW:0.20454545454545456	PNLYGLGE:0.36363636363636365	AMMPYWGF:0.25	NPNLYGLG:0.2727272727272727	NLYGTMMS:0.22727272727272727	TRSTFAGA:0.36363636363636365	LGDNLSTW:0.20454545454545456	WLGDNLST:0.20454545454545456	RSTFAGAG:0.36363636363636365	HNLYGTMM:0.22727272727272727	DTHNLYGT:0.20454545454545456	PESVFPRP:0.20454545454545456	TEELCARW:0.20454545454545456	IDIRYRLL:0.2727272727272727	EELCARWA:0.25	IITRSTFA:0.3409090909090909	VAEVVYNY:0.20454545454545456	LNSNGMDI:0.2727272727272727	VGHWLGDN:0.2727272727272727	RPLIITRS:0.25	DIRYRLLD:0.36363636363636365	PLIITRST:0.25	LIITRSTF:0.20454545454545456	IRYRLLDY:0.38636363636363635	LWIDMNEA:0.20454545454545456	GPGLLVAP:0.20454545454545456	ADTGVDID:0.20454545454545456	VWPGVTAF:0.22727272727272727	MVDPAVAY:0.3181818181818182	TGVDIDAL:0.20454545454545456	DTGVDIDA:0.20454545454545456	VTAFPDWF:0.22727272727272727	GVDIDALW:0.2727272727272727	PGVTAFPD:0.22727272727272727	PGLLVAPV:0.20454545454545456	DIDALWID:0.36363636363636365	VDIDALWI:0.2727272727272727	GVTAFPDW:0.22727272727272727	GLLVAPVT:0.20454545454545456	GVVWPGVT:0.3409090909090909	WPGVTAFP:0.22727272727272727	KGVVWPGV:0.22727272727272727	VVMVDPAV:0.25	DQHYVVMV:0.20454545454545456	WIDMNEPS:0.3409090909090909	VVWPGVTA:0.20454545454545456	DMNEPSNF:0.3181818181818182	PMVGADVC:0.25	VYQVPESV:0.25	CARWASLG:0.22727272727272727	LCARWASL:0.22727272727272727	ARWASLGA:0.22727272727272727	YVVMVDPA:0.2727272727272727	QHYVVMVD:0.22727272727272727	RWASLGAF:0.22727272727272727	VMVDPAVA:0.3409090909090909	HYVVMVDP:0.22727272727272727	IDMNEPSN:0.3181818181818182	AFPDWFHP:0.20454545454545456	MVGADVCG:0.25	TAFPDWFH:0.22727272727272727	KAIDIRYR:0.25	AIDIRYRL:0.29545454545454547	VDPAVAYQ:0.20454545454545456	TADLTLAG:0.20454545454545456	
