cluster number:4
CE0:12	CE0:12|3.1.1.-:1
HIKVASHL:0.3333333333333333	GPEVQHDT:0.25	GRWDSKYV:0.5	VGHIKVAS:0.3333333333333333	YEGLSSWA:0.4166666666666667	YKGRWDSK:0.6666666666666666	WDSKYVSW:0.4166666666666667	FGATGPEV:0.25	GHIKVASH:0.3333333333333333	HPTDVGHI:0.4166666666666667	LGWEFGAT:0.25	KGRWDSKY:0.5	WEFGATGP:0.25	TAYPGICL:0.4166666666666667	TDVGHIKV:0.4166666666666667	ILQNGQVR:0.3333333333333333	ITAYPGIC:0.4166666666666667	DVGHIKVA:0.4166666666666667	YSITAYPG:0.4166666666666667	SITAYPGI:0.3333333333333333	ASHLMQWT:0.25	EYSITAYP:0.4166666666666667	TYEGLSSW:0.3333333333333333	KLGWEFGA:0.25	PTDVGHIK:0.4166666666666667	SKYVSWWS:0.4166666666666667	GATGPEVQ:0.25	DSKYVSWW:0.4166666666666667	EFGATGPE:0.25	GWEFGATG:0.25	RWDSKYVS:0.5	TVEIIGDS:0.25	ATGPEVQH:0.25	SHLMQWTK:0.25	LQNGQVRE:0.25	EGLSSWAY:0.4166666666666667	TILQNGQV:0.25	TGPEVQHD:0.25	LGAGLGNT:0.25	GKWPKAQV:0.25	GNTYLPNA:0.25	DIVVINIG:0.25	HQWFYTSD:0.3333333333333333	GAGLGNTE:0.4166666666666667	WGNPRGQV:0.25	KVASHLQQ:0.25	VASHLQQF:0.25	ASHLQQFI:0.25	GLGAGLGN:0.25	GQVHQWFY:0.25	EISYKGRW:0.5833333333333334	VINIGTND:0.3333333333333333	PGICAADQ:0.25	HGKWPKAQ:0.25	YPGICAAD:0.25	PQWHPTDV:0.25	RIEVIGDS:0.25	GILQHNDI:0.3333333333333333	WHPTDVGA:0.25	THLLVSPE:0.3333333333333333	SLWLGFYQ:0.25	AYGLGAGL:0.25	GLGNTEYS:0.3333333333333333	YGLGAGLG:0.25	IEVIGDSL:0.25	WAYGLGAG:0.25	SWAYGLGA:0.25	PAADIVVI:0.25	NTYLPNAP:0.25	QWHPTDVG:0.25	QWFYTSDT:0.3333333333333333	GRRIEVIG:0.25	VSPETPGS:0.25	ATHLLVSP:0.3333333333333333	QVHQWFYT:0.25	ISYKGRWD:0.5833333333333334	WFYTSDTS:0.3333333333333333	IVVINIGT:0.25	ASEISYKG:0.25	CWGNPRGQ:0.3333333333333333	RRIEVIGD:0.25	VVINIGTN:0.3333333333333333	VMSLWLGF:0.25	MSLWLGFY:0.25	SEISYKGR:0.25	VHQWFYTS:0.25	AGLGNTEY:0.3333333333333333	AADIVVIN:0.25	ADIVVINI:0.25	YRIGGLDW:0.25	SYKGRWDS:0.6666666666666666	NWAYGVQI:0.25	FVHYFNTT:0.25	MQHNDIGP:0.25	VHYFNTTG:0.25	HYFNTTGI:0.25	VSWWSAPG:0.3333333333333333	AQIVLMSL:0.25	ATILENGQ:0.3333333333333333	QIVLMSLW:0.25	ELRVTNWA:0.25	LGNTEYSI:0.25	NLGTNDSN:0.25	YVSWWSAP:0.25	KYVSWWSA:0.25	VVINLGTN:0.25	TEYSITAY:0.25	INLGTNDS:0.25	VINLGTND:0.25	GNTEYSIT:0.25	FELRVTNW:0.25	NTEYSITA:0.25	YTSDTSPR:0.25	LRVTNWAY:0.25	SWWSAPGL:0.25	WWSAPGLK:0.25	TSDTSPRA:0.25	RVTNWAYG:0.25	
