cluster number:16
CE0:7	CE0:7
LVADGDRL:0.7142857142857143	GRTMTAEA:0.42857142857142855	LAHAPGPL:0.2857142857142857	ARTISVCD:0.2857142857142857	DGRTMTAE:0.2857142857142857	LGDAVCDY:0.42857142857142855	CDLGDAVC:0.2857142857142857	WPILAHAP:0.42857142857142855	IGAAGSGE:0.7142857142857143	FMGSVDTG:0.2857142857142857	VAVHTSYA:0.42857142857142855	IGARTISV:0.2857142857142857	GDAVCDYD:0.5714285714285714	GSVDTGTA:0.2857142857142857	VDTGTAAL:0.2857142857142857	GFMGSVDT:0.2857142857142857	PILAHAPG:0.2857142857142857	LLVADGDR:0.7142857142857143	AMVVHRNL:0.8571428571428571	AQDWPILA:0.5714285714285714	SVCDLGDA:0.2857142857142857	DLGDAVCD:0.2857142857142857	RTMTAEAV:0.42857142857142855	VADGDRLP:0.7142857142857143	LAAVLLVA:0.2857142857142857	GVAQDWPI:0.5714285714285714	QGAMVVHR:0.8571428571428571	ILAHAPGP:0.2857142857142857	DWPILAHA:0.42857142857142855	VCDLGDAV:0.2857142857142857	GAMVVHRN:0.8571428571428571	AVLLVADG:0.2857142857142857	GKGVAQDW:0.42857142857142855	PDVHWIGA:0.5714285714285714	KVVLAGYS:0.5714285714285714	DVHWIGAA:0.7142857142857143	YSQGAMVV:0.8571428571428571	CPDVHWIG:0.7142857142857143	LAGYSQGA:1.0	SKVVLAGY:0.5714285714285714	HWIGAAGS:0.7142857142857143	WIGAAGSG:0.7142857142857143	MGSVDTGT:0.2857142857142857	VHWIGAAG:0.7142857142857143	VVLAGYSQ:0.8571428571428571	SQGAMVVH:0.8571428571428571	GYSQGAMV:0.8571428571428571	GAAGSGER:0.5714285714285714	ISVCDLGD:0.2857142857142857	TISVCDLG:0.2857142857142857	SVDTGTAA:0.2857142857142857	RTISVCDL:0.2857142857142857	KGVAQDWP:0.42857142857142855	VLAGYSQG:1.0	TIGARTIS:0.2857142857142857	VLLVADGD:0.2857142857142857	AGYSQGAM:0.8571428571428571	GARTISVC:0.42857142857142855	AAVLLVAD:0.2857142857142857	AVHTSYAR:0.42857142857142855	QDWPILAH:0.42857142857142855	VAQDWPIL:0.5714285714285714	SPNLAAAL:0.2857142857142857	AVCDYDPD:0.2857142857142857	DRLPQDPT:0.2857142857142857	NLAAALLV:0.2857142857142857	ASPNLAAA:0.2857142857142857	MNPAAVAV:0.2857142857142857	FVAQCPTS:0.2857142857142857	RTITAEAV:0.2857142857142857	DEMNPAAV:0.2857142857142857	ALLVADGD:0.42857142857142855	CDYDPDAE:0.2857142857142857	PTSQVVLA:0.2857142857142857	CPTSQVVL:0.2857142857142857	DAVCDYDP:0.42857142857142855	QQSGRTIT:0.2857142857142857	AALLVADG:0.42857142857142855	ALDASPNL:0.2857142857142857	DPDAEDEM:0.2857142857142857	PNLAAALL:0.2857142857142857	ADGDRLPQ:0.2857142857142857	WTVPLYQL:0.2857142857142857	DAEDEMNP:0.2857142857142857	PACPDVHW:0.2857142857142857	GDRLPQDP:0.2857142857142857	AVAVHTSY:0.2857142857142857	QSGRTITA:0.2857142857142857	VAQCPTSQ:0.2857142857142857	AEDEMNPA:0.2857142857142857	MVVHRNLH:0.42857142857142855	TAEAVNYP:0.2857142857142857	VPGAGKGV:0.2857142857142857	GAGKGVAQ:0.2857142857142857	LAAALLVA:0.2857142857142857	LDASPNLA:0.2857142857142857	AQCPTSQV:0.2857142857142857	SQVVLAGY:0.2857142857142857	TVPLYQLV:0.2857142857142857	TITAEAVN:0.2857142857142857	ACPDVHWI:0.2857142857142857	WAGFMSSV:0.2857142857142857	EMNPAAVA:0.2857142857142857	SGRTITAE:0.2857142857142857	QPACPDVH:0.2857142857142857	DYDPDAED:0.2857142857142857	PGAGKGVA:0.2857142857142857	PDAEDEMN:0.2857142857142857	AAVAVHTS:0.2857142857142857	GRTITAEA:0.2857142857142857	EDEMNPAA:0.2857142857142857	AAALLVAD:0.2857142857142857	AQPACPDV:0.2857142857142857	AGFMSSVD:0.2857142857142857	YDPDAEDE:0.2857142857142857	DASPNLAA:0.2857142857142857	AEAVNYPA:0.2857142857142857	TSQVVLAG:0.2857142857142857	DGDRLPQD:0.2857142857142857	QCPTSQVV:0.2857142857142857	ITAEAVNY:0.2857142857142857	AGKGVAQD:0.2857142857142857	QVVLAGYS:0.2857142857142857	PAAVAVHT:0.2857142857142857	NPAAVAVH:0.2857142857142857	VCDYDPDA:0.2857142857142857	MVVHRNLQ:0.2857142857142857	SRTISVCD:0.2857142857142857	VGSRTISV:0.2857142857142857	DGGILDWA:0.2857142857142857	GILDWAGF:0.2857142857142857	GSRTISVC:0.2857142857142857	GGILDWAG:0.2857142857142857	CDVGDPVC:0.2857142857142857	DGDRLPAD:0.2857142857142857	VCDVGDPV:0.2857142857142857	DVGDPVCD:0.2857142857142857	ADGDRLPA:0.2857142857142857	SVCDVGDP:0.2857142857142857	
