cluster number:18
CE0:23	CE0:23
TGESGGGT:0.391304347826087	RCATLARM:0.30434782608695654	AVMGDEAV:0.21739130434782608	FGGCTCES:0.34782608695652173	NVAFESLP:0.34782608695652173	YTVENVAF:0.21739130434782608	VTGESGGG:0.21739130434782608	GGCTCESG:0.34782608695652173	SGGGTQTF:0.5652173913043478	GGTQTFLL:0.21739130434782608	VENVAFES:0.2608695652173913	FFGGCTCE:0.34782608695652173	GCTCESGM:0.34782608695652173	MVSAHFFG:0.43478260869565216	ESGMPIHK:0.5652173913043478	QRCATLAR:0.21739130434782608	AALAAPRP:0.34782608695652173	CATLARMG:0.30434782608695654	VAFESLPG:0.34782608695652173	RMGAVVFA:0.2608695652173913	ARMGAVVF:0.34782608695652173	TVENVAFE:0.21739130434782608	AAYRFLAK:0.21739130434782608	GVTGESGG:0.21739130434782608	GGGTQTFL:0.21739130434782608	VTGNLYRP:0.30434782608695654	ESGGGTQT:0.43478260869565216	TCESGMPI:0.21739130434782608	SAHFFGGC:0.6956521739130435	CTCESGMP:0.34782608695652173	ATLARMGA:0.30434782608695654	HFFGGCTC:0.30434782608695654	QQRCATLA:0.21739130434782608	AHFFGGCT:0.2608695652173913	VMVSAHFF:0.43478260869565216	VSAHFFGG:0.6956521739130435	SGMPIHKR:0.21739130434782608	LARMGAVV:0.21739130434782608	GESGGGTQ:0.5217391304347826	GYTVENVA:0.21739130434782608	CESGMPIH:0.6521739130434783	VVMVSAHF:0.34782608695652173	AVYPFLAK:0.30434782608695654	GASGGGTQ:0.391304347826087	PVVMVSAH:0.34782608695652173	WNSIRSVD:0.21739130434782608	RPDAQKRF:0.21739130434782608	RYRPDAQK:0.21739130434782608	AFESLPGV:0.2608695652173913	TNNVEIAA:0.391304347826087	QLWNSIRS:0.21739130434782608	TGASGGGT:0.391304347826087	PDAQKRFA:0.21739130434782608	GRYRPDAQ:0.21739130434782608	NSIRSVDF:0.21739130434782608	YQTNNVEI:0.21739130434782608	YRPDAQKR:0.21739130434782608	QTNNVEIA:0.43478260869565216	LAAPRPML:0.21739130434782608	PMLLVSDG:0.2608695652173913	IKVSVPVV:0.30434782608695654	FAYDMVGY:0.2608695652173913	VFAYDMVG:0.30434782608695654	PRPMLLVS:0.21739130434782608	KVSVPVVM:0.34782608695652173	APRPMLLV:0.21739130434782608	MGAVVFAY:0.2608695652173913	AAPRPMLL:0.2608695652173913	VSVPVVMV:0.43478260869565216	GAVVFAYD:0.2608695652173913	HDYGPSKR:0.21739130434782608	RPMLLVSD:0.21739130434782608	VPVVMVSA:0.2608695652173913	RIKVSVPV:0.30434782608695654	AVVFAYDM:0.2608695652173913	ALAAPRPM:0.2608695652173913	SVPVVMVS:0.43478260869565216	VQNVAFES:0.21739130434782608	QNVAFESL:0.21739130434782608	YPFLAKHL:0.2608695652173913	LARMGAIV:0.21739130434782608	ARMGAIVF:0.2608695652173913	GGCVCESG:0.43478260869565216	FGGCVCES:0.43478260869565216	FFGGCVCE:0.391304347826087	ITGASGGG:0.21739130434782608	GCVCESGM:0.391304347826087	CVCESGMP:0.30434782608695654	VCESGMPI:0.30434782608695654	SGGGTQAF:0.21739130434782608	HFFGGCVC:0.30434782608695654	AHFFGGCV:0.30434782608695654	PVVQVSAH:0.21739130434782608	VVQVSAHF:0.21739130434782608	VQVSAHFF:0.21739130434782608	QVSAHFFG:0.2608695652173913	
