cluster number:38
AA10:94	AA10:94|CBM2:37|1.-.-.-:2
ASHMDQTY:0.3617021276595745	DQASHGAD:0.5319148936170213	QAWQDNPN:0.22340425531914893	LYDQASHG:0.32978723404255317	NYGCWLRW:0.22340425531914893	NPNAMWNW:0.2978723404255319	WQDNPNAM:0.22340425531914893	EDPMCWQA:0.3404255319148936	YGCWLRWG:0.2127659574468085	QDNPNAMW:0.23404255319148937	DNPNAMWN:0.23404255319148937	NAMWNWNG:0.7021276595744681	AWQDNPNA:0.22340425531914893	MCWQAWQD:0.3404255319148936	CWQAWQDN:0.2553191489361702	DGQLCSGG:0.48936170212765956	RNYGCWLR:0.22340425531914893	WNWNGLYR:0.6808510638297872	YDQASHGA:0.32978723404255317	ASHGADYF:0.3404255319148936	AMWNWNGL:0.8191489361702128	PDGQLCSG:0.48936170212765956	PMCWQAWQ:0.7978723404255319	PNAMWNWN:0.6063829787234043	WQAWQDNP:0.23404255319148937	MWNWNGLY:0.6914893617021277	VYVTKQGF:0.24468085106382978	QASHGADY:0.5319148936170213	DPMCWQAW:0.8191489361702128	GADYIRVY:0.20212765957446807	GQLCSGGR:0.46808510638297873	YTIWQASH:0.5957446808510638	HGADYIRV:0.20212765957446807	MCWQAWQA:0.3829787234042553	IPDGQLCS:0.3404255319148936	AIPDGQLC:0.20212765957446807	MWNWNGLF:0.2127659574468085	AWQADPNA:0.20212765957446807	ADPNAMWN:0.22340425531914893	IWQASHLD:0.2765957446808511	WQADPNAM:0.20212765957446807	WQASHLDQ:0.30851063829787234	DPNAMWNW:0.30851063829787234	QADPNAMW:0.20212765957446807	TIWQASHL:0.26595744680851063	WQAWQADP:0.2553191489361702	QAWQADPN:0.20212765957446807	CWQAWQAD:0.26595744680851063	VYTIWQAS:0.5638297872340425	NWNGLFRE:0.2127659574468085	WNWNGLFR:0.2127659574468085	PASRNYGC:0.5425531914893617	IWQASHMD:0.3829787234042553	AHGSVVDP:0.40425531914893614	VVYTIWQA:0.40425531914893614	VVDPASRN:0.3723404255319149	VPDGQLCS:0.24468085106382978	SVVDPASR:0.39361702127659576	LCSGGRTE:0.26595744680851063	DQTYFLCS:0.3191489361702128	MDQTYFLC:0.3191489361702128	GRHVVYTI:0.3829787234042553	WNGLYRNG:0.30851063829787234	GSVVDPAS:0.39361702127659576	HGSVVDPA:0.39361702127659576	HMDQTYFL:0.3191489361702128	NWNGLYRN:0.3404255319148936	YFLCSDVN:0.23404255319148937	SHMDQTYF:0.3191489361702128	TYFLCSDV:0.3191489361702128	YVTRQGFD:0.2127659574468085	TIWQASHM:0.3829787234042553	VDPASRNY:0.425531914893617	SRNYGCWL:0.20212765957446807	VKLYDQAS:0.20212765957446807	WQASHMDQ:0.425531914893617	QLCSGGRT:0.43617021276595747	QTYFLCSD:0.3191489361702128	SAHGSVVD:0.2127659574468085	VTRQGFDP:0.20212765957446807	FLCSDVNF:0.23404255319148937	DPASRNYG:0.4574468085106383	RHVVYTIW:0.3829787234042553	NGLYRNGS:0.2978723404255319	KLYDQASH:0.22340425531914893	HVVYTIWQ:0.39361702127659576	QASHMDQT:0.3191489361702128	ASRNYGCW:0.5	TGRHVVYT:0.26595744680851063	DFQNPAMA:0.35106382978723405	LYRNGSAG:0.22340425531914893	GLYRNGSA:0.22340425531914893	NWNGLYRE:0.23404255319148937	SRNYGCWQ:0.2553191489361702	RNYGCWQR:0.2553191489361702	WGSDFQNP:0.2978723404255319	YGCWQRWG:0.2553191489361702	QDPMCWQA:0.3191489361702128	RWGSDFQN:0.2978723404255319	NYGCWQRW:0.2553191489361702	RTGRHIVY:0.20212765957446807	
