cluster number:21
GT22:28	GT22:28
HKEVRFIY:0.5714285714285714	WYCSTRTF:0.2857142857142857	NPWQWYCS:0.2857142857142857	HSTPWRSH:0.6428571428571429	PDEYFQAL:0.25	CSTRTFSN:0.6071428571428571	GAWLTWEW:0.4642857142857143	QWYCSTRT:0.2857142857142857	YCSTRTFS:0.2857142857142857	EYFQALEP:0.25	STPWRSHL:0.5	YFQALEPA:0.25	DEYFQALE:0.25	LRSSLHPA:0.21428571428571427	VRTFFQPD:0.21428571428571427	TFFQPDEY:0.5	RTFFQPDE:0.32142857142857145	QPDEYFQA:0.25	FQPDEYFQ:0.5714285714285714	QLRSSLHP:0.5	FGFWTFPP:0.21428571428571427	KEVRFIYP:0.5714285714285714	RFIYPLLP:0.5714285714285714	VRFIYPLL:0.5357142857142857	TPWRSHLV:0.39285714285714285	STRTFSNS:0.5714285714285714	PWRSHLVY:0.25	PCHSTPWR:0.75	AWLTWEWQ:0.21428571428571427	SHKEVRFI:0.42857142857142855	ISHKEVRF:0.5	YQLRSSLH:0.21428571428571427	FFQPDEYF:0.42857142857142855	CHSTPWRS:0.75	YFGFWTFP:0.2857142857142857	WRSHLVYP:0.25	FQALEPAW:0.25	WQWYCSTR:0.2857142857142857	PWQWYCST:0.2857142857142857	SGAWLTWE:0.4642857142857143	EVRFIYPL:0.5714285714285714	LRPTNLLI:0.2857142857142857	RTFSNSLE:0.6428571428571429	SLAVFYGR:0.35714285714285715	QSLAVFYG:0.39285714285714285	HQLRSSLH:0.25	TFSNSLET:0.39285714285714285	NSLETTLT:0.21428571428571427	FSNSLETT:0.21428571428571427	LTCEPPLH:0.25	ALTCEPPL:0.39285714285714285	TRTFSNSL:0.5357142857142857	RPTNLLIW:0.2857142857142857	SNSLETTL:0.21428571428571427	MPCHSTPW:0.6428571428571429	LISHKEVR:0.2857142857142857	SLISHKEV:0.2857142857142857	PDEFFQSL:0.2857142857142857	TFFQPDEF:0.32142857142857145	QPDEFFQS:0.2857142857142857	DEFFQSLE:0.2857142857142857	FFQSLEPA:0.2857142857142857	LSLISHKE:0.2857142857142857	RDEADRFY:0.2857142857142857	DEADRFYD:0.2857142857142857	YRDEADRF:0.2857142857142857	FLMPCHST:0.7142857142857143	LAVFYGRN:0.21428571428571427	FQPDEFFQ:0.2857142857142857	LMPCHSTP:0.7142857142857143	FQSLEPAW:0.5357142857142857	FFQPDEFF:0.2857142857142857	EFFQSLEP:0.2857142857142857	KTFFQPDE:0.25	FIYPLLPI:0.21428571428571427	GFLMPCHS:0.5	VGFLMPCH:0.35714285714285715	ACILRPTN:0.25	EADRFYDD:0.21428571428571427	ADRFYDDP:0.21428571428571427	FCSTRTFS:0.2857142857142857	WFCSTRTF:0.2857142857142857	ESGAWLTW:0.21428571428571427	PDEYFQSL:0.32142857142857145	YFQSLEPA:0.25	DEYFQSLE:0.32142857142857145	LLTTALPF:0.2857142857142857	PWQWFCST:0.2857142857142857	HQRGVIDV:0.21428571428571427	SPWQWFCS:0.25	EYFQSLEP:0.25	WQWFCSTR:0.2857142857142857	LTTALPFA:0.21428571428571427	LPLLLTTA:0.21428571428571427	QWFCSTRT:0.2857142857142857	GLPLLLTT:0.21428571428571427	QPDEYFQS:0.32142857142857145	PLLLTTAL:0.2857142857142857	RPTNILIW:0.25	LLLTTALP:0.2857142857142857	
