cluster number:6
GT22:23	GT22:23
SRTLPNMF:0.5217391304347826	SLNYPGGE:0.21739130434782608	LLFVAIYS:0.34782608695652173	TFPGAVPR:0.4782608695652174	HKEARFIF:0.21739130434782608	HFTFPGAV:0.4782608695652174	FYASRTLP:0.21739130434782608	ARFIFYVV:0.21739130434782608	VAIYSLQP:0.2608695652173913	GAVPRTFV:0.2608695652173913	AIYSLQPH:0.30434782608695654	FIFYVVPS:0.21739130434782608	DVLVYGTP:0.21739130434782608	FVAIYSLQ:0.2608695652173913	RFIFYVVP:0.2608695652173913	FYVVPSLT:0.21739130434782608	IYSLQPHK:0.30434782608695654	YTKVEESF:0.8695652173913043	SLLFVAIY:0.21739130434782608	NMFAFGLT:0.43478260869565216	YSLQPHKE:0.391304347826087	LWPELWGF:0.21739130434782608	TLPNMFAF:0.5652173913043478	YLLLQASQ:0.21739130434782608	WQKPLWPE:0.21739130434782608	PHKEARFI:0.21739130434782608	LNYPGGEA:0.34782608695652173	LPNMFAFG:0.391304347826087	LLLQASQF:0.21739130434782608	LLQASQFH:0.2608695652173913	DVLSCMTG:0.2608695652173913	WPELWGFY:0.30434782608695654	MFAFGLTT:0.43478260869565216	TKVEESFN:0.782608695652174	PNMFAFGL:0.391304347826087	LFVAIYSL:0.2608695652173913	SSLNYPGG:0.5652173913043478	PYTKVEES:0.8695652173913043	HDVLVYGT:0.21739130434782608	PSLLFVAI:0.21739130434782608	IFYVVPSL:0.21739130434782608	FPGAVPRT:0.6086956521739131	EARFIFYV:0.21739130434782608	DSYFWQKP:0.30434782608695654	SFNIQATH:0.391304347826087	LQASQFHV:0.21739130434782608	VEESFNIQ:0.6521739130434783	EESFNIQA:0.6521739130434783	ESFNIQAT:0.391304347826087	AVPRTFVG:0.2608695652173913	FWQKPLWP:0.21739130434782608	TYDHFTFP:0.2608695652173913	YFWQKPLW:0.21739130434782608	DHFTFPGA:0.4782608695652174	QPHKEARF:0.2608695652173913	PGAVPRTF:0.6086956521739131	QKPLWPEL:0.21739130434782608	APYTKVEE:0.6956521739130435	ASRTLPNM:0.5217391304347826	YASRTLPN:0.5217391304347826	FNIQATHD:0.391304347826087	NYPGGEAL:0.30434782608695654	KVEESFNI:0.6521739130434783	KEARFIFY:0.21739130434782608	WYLLLQAS:0.21739130434782608	RTLPNMFA:0.5652173913043478	AGVIFRSE:0.21739130434782608	SYFWQKPL:0.21739130434782608	YDHFTFPG:0.4782608695652174	FTFPGAVP:0.4782608695652174	VHADVLTC:0.21739130434782608	YSAQPHKE:0.21739130434782608	PIDSYFWQ:0.391304347826087	LTCMTGLT:0.21739130434782608	LNYPGGDA:0.34782608695652173	NYPGGDAL:0.30434782608695654	SLTAAAAL:0.21739130434782608	TGGWWVGP:0.2608695652173913	VPIDSYFW:0.34782608695652173	HADVLTCM:0.21739130434782608	SVPIDSYF:0.30434782608695654	ISSLNYPG:0.391304347826087	TAAAALGA:0.2608695652173913	ADVLTCMT:0.21739130434782608	LTAAAALG:0.2608695652173913	TCMTGLTL:0.21739130434782608	AFGLTTLA:0.4782608695652174	VLTCMTGL:0.21739130434782608	YYFTSALP:0.21739130434782608	PSLTAAAA:0.21739130434782608	AAAALGAN:0.21739130434782608	CMTGLTLF:0.2608695652173913	DVLTCMTG:0.2608695652173913	SLNYPGGD:0.30434782608695654	IDSYFWQK:0.2608695652173913	FAFGLTTL:0.391304347826087	LFQASQFH:0.2608695652173913	VPPLTAAA:0.2608695652173913	FQASQFHV:0.2608695652173913	PHKEWRFI:0.34782608695652173	IQATHDIL:0.2608695652173913	SQFHVMYY:0.21739130434782608	ASQFHVMY:0.21739130434782608	NIQATHDI:0.2608695652173913	QASQFHVM:0.21739130434782608	LPRLLLNP:0.2608695652173913	VPRTFVGA:0.21739130434782608	HKEWRFIV:0.2608695652173913	KEWRFIVY:0.2608695652173913	NLACQTGV:0.30434782608695654	YYASRTLP:0.30434782608695654	ALPRLLLN:0.2608695652173913	TGGWWIGP:0.21739130434782608	FGLTTLAF:0.21739130434782608	PRLLLNPL:0.21739130434782608	
