cluster number:123
GH2:65	GH2:65|3.2.1.-:1
FTWTGWDY:0.4153846153846154	HPSVIMYS:0.3076923076923077	YLGEAGIG:0.2	RGACVHHD:0.2153846153846154	VIGDFTWT:0.4	IMYSIGNE:0.3230769230769231	HVIGDFTW:0.3076923076923077	SVIMYSIG:0.27692307692307694	MYSIGNEI:0.27692307692307694	GDFTWTGW:0.4153846153846154	VIMYSIGN:0.3076923076923077	GWDYLGEA:0.2153846153846154	LRGACVHH:0.2	DFTWTGWD:0.4	VTLPHDAM:0.3076923076923077	NHPSVIMY:0.3230769230769231	PSVIMYSI:0.27692307692307694	WTGWDYLG:0.38461538461538464	IGDFTWTG:0.4461538461538462	RVIVGSET:0.2153846153846154	TGWDYLGE:0.38461538461538464	TWTGWDYL:0.36923076923076925	DYLGEAGI:0.2	WDYLGEAG:0.24615384615384617	KDFNHPSV:0.23076923076923078	DFNHPSVI:0.26153846153846155	AIRSAHNP:0.23076923076923078	ALLDACDR:0.2153846153846154	GFNAIRSA:0.2	AGFNAIRS:0.38461538461538464	NAIRSAHN:0.23076923076923078	FNAIRSAH:0.2	ACIHHDNG:0.38461538461538464	LRGACIHH:0.35384615384615387	GACIHHDN:0.38461538461538464	FNAIRSSH:0.2153846153846154	DACDRLGM:0.2	YREIVFGL:0.23076923076923078	SIGNEIPE:0.3230769230769231	HHDNGVIG:0.23076923076923078	YSIGNEIP:0.3384615384615385	IHHDNGVI:0.23076923076923078	ACDRLGML:0.24615384615384617	GFNAIRSS:0.2153846153846154	CIHHDNGV:0.2923076923076923	REIVFGLR:0.23076923076923078	SYYREIVF:0.27692307692307694	RGACIHHD:0.36923076923076925	IGNEIPET:0.2153846153846154	CDRLGMLV:0.2153846153846154	LDACDRLG:0.2153846153846154	HDNGVIGA:0.2153846153846154	YYREIVFG:0.24615384615384617	KDYNHPSV:0.24615384615384617	TLPHDAMI:0.23076923076923078	HDNGILGA:0.24615384615384617	HHDNGILG:0.24615384615384617	HPSVILYS:0.2	NHPSVILY:0.24615384615384617	KLRGACIH:0.26153846153846155	VKLRGACI:0.26153846153846155	KEAGFNAI:0.23076923076923078	EAGFNAIR:0.23076923076923078	LKEAGFNA:0.23076923076923078	
