cluster number:112
GH2:21	GH2:21
DGGAVGAA:0.3333333333333333	GIDYLGEA:0.23809523809523808	NHPSIVIW:0.23809523809523808	PHDWSIEG:0.3333333333333333	GVCLHHDG:0.3333333333333333	AVGAAVPL:0.3333333333333333	HPSIVIWS:0.23809523809523808	DRNHPSIV:0.3333333333333333	HHDGGAVG:0.3333333333333333	LHHDGGAV:0.2857142857142857	PTRPVTQA:0.23809523809523808	GGAVGAAV:0.3333333333333333	PEFLDLCD:0.5238095238095238	TGIDYLGE:0.2857142857142857	HDGGAVGA:0.3333333333333333	RNHPSIVI:0.3333333333333333	APEFLDLC:0.2857142857142857	GAVGAAVP:0.38095238095238093	WTGIDYLG:0.2857142857142857	VCLHHDGG:0.3333333333333333	RDRNHPSI:0.6190476190476191	EDPTRPVT:0.23809523809523808	DPTRPVTQ:0.23809523809523808	CLHHDGGA:0.23809523809523808	LRDRNHPS:0.2857142857142857	TRPVTMAL:0.23809523809523808	YTGAGIYR:0.2857142857142857	FDGVMANS:0.23809523809523808	NYRENELI:0.23809523809523808	NPVAPEFL:0.23809523809523808	PVTMALFR:0.3333333333333333	PVAPEFLD:0.2857142857142857	VPHDWSIE:0.23809523809523808	VAPEFLDL:0.2857142857142857	VGQNYREN:0.47619047619047616	GQNYRENE:0.47619047619047616	RPVTMALF:0.3333333333333333	HNPVAPEF:0.23809523809523808	GAGIYRHV:0.23809523809523808	TMALFRPN:0.3333333333333333	KGVCLHHD:0.3333333333333333	VTMALFRP:0.38095238095238093	SIGNEIHD:0.2857142857142857	QNYRENEL:0.42857142857142855	KPIGWERA:0.23809523809523808	AYAGMFLW:0.23809523809523808	LDLCDRLG:0.23809523809523808	SAQPASRW:0.23809523809523808	AGMFLWTG:0.23809523809523808	LDVVGQNY:0.42857142857142855	TSAQPASR:0.23809523809523808	LPTGVAWY:0.23809523809523808	PTGVAWYR:0.2857142857142857	YAGMFLWT:0.23809523809523808	GNEIHDTP:0.3333333333333333	EFLDLCDR:0.3333333333333333	TGFWLNGR:0.2857142857142857	DTSAQPAS:0.23809523809523808	AQPASRWY:0.23809523809523808	SPEFLDLC:0.23809523809523808	DVVGQNYR:0.5238095238095238	FLDLCDRL:0.23809523809523808	GFWLNGRN:0.38095238095238093	VVGQNYRE:0.5238095238095238	RDRNHPSV:0.3333333333333333	AVRADTSA:0.2857142857142857	VRRDRNHP:0.3333333333333333	WAIAGPFD:0.23809523809523808	HDWAIAGP:0.2857142857142857	PHDWAIAG:0.2857142857142857	LLDVVGQN:0.23809523809523808	ADLLDVVG:0.23809523809523808	RRDRNHPS:0.42857142857142855	DLLDVVGQ:0.23809523809523808	DWAIAGPF:0.23809523809523808	VNAIRTAH:0.38095238095238093	GVNAIRTA:0.38095238095238093	NAIRTAHN:0.2857142857142857	LGVNAIRT:0.23809523809523808	ALGVNAIR:0.23809523809523808	AGNEIHDT:0.2857142857142857	SAGNEIHD:0.2857142857142857	
