cluster number:108
GH2:47	GH2:47
QLNDCWPV:0.6382978723404256	GYGEQPLY:0.2127659574468085	GWDWGPQL:0.3191489361702128	GRWKALHY:0.574468085106383	DCWPVASW:0.48936170212765956	LNDCWPVA:0.46808510638297873	LWWPNGYG:0.3191489361702128	CWPVASWS:0.3191489361702128	FGWDWGPQ:0.3191489361702128	WQLNDCWP:0.723404255319149	WCGNNEME:0.5531914893617021	NDCWPVAS:0.48936170212765956	ALWCGNNE:0.2765957446808511	YGVEHWRR:0.2978723404255319	WDWGPQLP:0.3191489361702128	LALWCGNN:0.2553191489361702	YWQLNDCW:0.5957446808510638	NMLRVWGG:0.2127659574468085	HYWDVWHG:0.48936170212765956	LWCGNNEM:0.5319148936170213	DYFGRWKA:0.2553191489361702	LYWQLNDC:0.2553191489361702	YWPSSPSS:0.3191489361702128	WPVASWSS:0.3404255319148936	YGRWKALH:0.3404255319148936	HHASLGLW:0.3829787234042553	RVWGGGYY:0.40425531914893614	RKAHYMFG:0.23404255319148937	HYMFGWDW:0.23404255319148937	HASLGLWC:0.3829787234042553	MFGWDWGP:0.5319148936170213	RRHRGRCM:0.23404255319148937	GLWCGNNE:0.48936170212765956	LGLWCGNN:0.48936170212765956	YGLIVWQD:0.23404255319148937	HWRRHRGR:0.2127659574468085	RHRGRCMG:0.23404255319148937	ASLGLWCG:0.3829787234042553	RHHASLGL:0.3829787234042553	IRVWGGGY:0.23404255319148937	IRHHASLG:0.23404255319148937	WRRHRGRC:0.2127659574468085	LPDMGIWR:0.2127659574468085	KAHYMFGW:0.23404255319148937	RIRHHASL:0.23404255319148937	SLGLWCGN:0.425531914893617	AHYMFGWD:0.23404255319148937	YMFGWDWG:0.2765957446808511	ESFTLPED:0.2553191489361702	ASWSSIDY:0.3191489361702128	DVHYWDVW:0.2127659574468085	GDVHYWDV:0.2127659574468085	YYGRWKAL:0.3404255319148936	SFTLPEDR:0.3191489361702128	VHYWDVWH:0.2127659574468085	IDYYGRWK:0.3829787234042553	SWSSIDYY:0.2765957446808511	DYYGRWKA:0.40425531914893614	SPSSGGGF:0.2553191489361702	SIDYYGRW:0.3829787234042553	SSIDYYGR:0.2765957446808511	FTLPEDRN:0.3404255319148936	WSSIDYYG:0.2765957446808511	NRGRCMGA:0.2765957446808511	RRNRGRCM:0.3404255319148936	RGRCMGAI:0.23404255319148937	GRCMGAIY:0.23404255319148937	EFGFQSFP:0.3404255319148936	VASWSSID:0.2978723404255319	YASQLLQA:0.2127659574468085	RCMGAIYW:0.23404255319148937	GADYIPED:0.2127659574468085	PVASWSSI:0.2978723404255319	IYWQLNDC:0.2127659574468085	MGAIYWQL:0.23404255319148937	VWQDFMFA:0.2978723404255319	QDFMFACA:0.23404255319148937	PSSGGSFD:0.2553191489361702	WQDFMFAC:0.2978723404255319	GAIYWQLN:0.23404255319148937	AIYWQLND:0.23404255319148937	SEFGFQSF:0.3191489361702128	NIFSYVME:0.3191489361702128	RNRGRCMG:0.3404255319148936	CMGAIYWQ:0.23404255319148937	SPSSGGSF:0.2553191489361702	VWGGGYYP:0.3617021276595745	GGGYYPDD:0.2553191489361702	WGGGYYPD:0.2765957446808511	WPSSPSSG:0.2978723404255319	FYWPSSPS:0.2553191489361702	PSSPSSGG:0.2978723404255319	VMESHQKN:0.23404255319148937	MGANYIPE:0.2127659574468085	GANYIPED:0.2765957446808511	ANYIPEDN:0.23404255319148937	TLPEDRNI:0.2553191489361702	DRNIFSYV:0.23404255319148937	RNIFSYVM:0.23404255319148937	LRHHASLG:0.2127659574468085	EDRNIFSY:0.23404255319148937	LPEDRNIF:0.2553191489361702	RLRHHASL:0.23404255319148937	PEDRNIFS:0.2978723404255319	DWGPQLPD:0.2765957446808511	WPVASWAS:0.2127659574468085	
