cluster number:70
GH2:235	GH2:235|CBM42:62|CBM57:1
EYPRPQLT:0.3404255319148936	SSGIWQTV:0.40425531914893614	HIKVEPDR:0.2	TPSSGIWQ:0.2170212765957447	VRKHIKVE:0.6085106382978723	NEGWGQYD:0.30638297872340425	DRMWYRRT:0.2	WQTVWLEP:0.37446808510638296	LDQGFWPD:0.43829787234042555	GEYGGLGL:0.2425531914893617	SPDDPFLY:0.2425531914893617	YRRTFTVP:0.32340425531914896	RMWYRRTF:0.23829787234042554	MWYRRTFT:0.2425531914893617	YPRPQLTR:0.35319148936170214	RKHIKVEP:0.6212765957446809	IWQTVWLE:0.43829787234042555	WSPDDPFL:0.2425531914893617	ATLDQGFW:0.23829787234042554	PDDPFLYD:0.23404255319148937	PSSGIWQT:0.225531914893617	PVESQLSG:0.23829787234042554	GIWQTVWL:0.43829787234042555	IKVEPDRW:0.2	YTQITDVE:0.22127659574468084	RLWSPDDP:0.20851063829787234	YWADRLGL:0.2425531914893617	DQGFWPDG:0.43829787234042555	TLDQGFWP:0.33191489361702126	YTPSSGIW:0.2170212765957447	KHIKVEPD:0.20425531914893616	QGFWPDGL:0.37446808510638296	QTVWLEPV:0.23404255319148937	WYRRTFTV:0.251063829787234	LWSPDDPF:0.20425531914893616	SGIWQTVW:0.8680851063829788	GIYTAPTD:0.2680851063829787	PEYPRPQL:0.48936170212765956	PDGIYTAP:0.2936170212765957	WPDGIYTA:0.2936170212765957	DGIYTAPT:0.2680851063829787	YTAPTDEA:0.20425531914893616	LPEYPRPQ:0.6170212765957447	TAPTDEAL:0.32340425531914896	LGLLVWQD:0.5829787234042553	NAHSGVNC:0.23404255319148937	KHIKVEPA:0.2	RLGLLVWQ:0.3276595744680851	FNEGWGEW:0.24680851063829787	ADRLGLLV:0.3276595744680851	PLPEYPRP:0.3574468085106383	AHSGVNCC:0.251063829787234	VNAHSGVN:0.2127659574468085	DRLGLLVW:0.3276595744680851	QTVWMEPV:0.3659574468085106	IWQTVWME:0.40425531914893614	TVWMEPVA:0.2978723404255319	WQTVWMEP:0.3872340425531915	GIWQTVWM:0.40425531914893614	LVWQDMPS:0.31063829787234043	ASGIWQTV:0.28085106382978725	GTLDQGYW:0.26382978723404255	NALPEYPR:0.251063829787234	GYWPDGIY:0.28936170212765955	YWPDGIYT:0.2851063829787234	LDQGYWPD:0.49361702127659574	KHIKVEPQ:0.20425531914893616	TLDQGYWP:0.3617021276595745	ALPEYPRP:0.2723404255319149	HIKVEPQR:0.2	VWQDMPSM:0.2553191489361702	DQGYWPDG:0.49361702127659574	EGWGQYDQ:0.20425531914893616	IKVEPQRW:0.2	QGYWPDGI:0.35319148936170214	PFNEGWGE:0.2170212765957447	WVPFNEGW:0.20425531914893616	VPFNEGWG:0.225531914893617	FNMVRKHI:0.2553191489361702	GFNMVRKH:0.2553191489361702	NMVRKHIK:0.2680851063829787	MVRKHIKV:0.2553191489361702	DKLGLLVW:0.225531914893617	ADKLGLLV:0.20851063829787234	KLGLLVWQ:0.225531914893617	GLLVWQDM:0.42127659574468085	LLVWQDMP:0.42127659574468085	NGLLTYDR:0.24680851063829787	LGFNMVRK:0.23829787234042554	
