cluster number:26
GH2:6	GH2:6
DPVFYDLC:0.6666666666666666	THALMGAL:0.6666666666666666	WSESMLER:0.6666666666666666	YPNDPVFY:0.6666666666666666	LTNHPEWS:0.6666666666666666	TNHPEWSE:0.6666666666666666	MLERGRRM:0.6666666666666666	VMTHKNHP:0.6666666666666666	SNLETHAL:0.5	VFYDLCDE:0.6666666666666666	ALMGALTN:0.6666666666666666	GLCVVCES:0.6666666666666666	ESMLERGR:0.6666666666666666	ETHALMGA:0.6666666666666666	LMGALTNH:0.6666666666666666	RTSHYPND:0.3333333333333333	RGRRMVMT:0.6666666666666666	NHPSIIIW:0.8333333333333334	CESNLETH:0.5	ESNLETHA:0.5	TSHYPNDP:0.3333333333333333	LERGRRMV:0.6666666666666666	NLETHALM:0.5	SMLERGRR:0.6666666666666666	HYPNDPVF:0.6666666666666666	LETHALMG:0.5	PNDPVFYD:0.6666666666666666	PEWSESML:0.6666666666666666	PVFYDLCD:0.6666666666666666	NDPVFYDL:0.6666666666666666	MGALTNHP:0.6666666666666666	ERGRRMVM:0.6666666666666666	MTHKNHPS:0.6666666666666666	KNHPSIII:0.8333333333333334	RRMVMTHK:0.6666666666666666	VVCESNLE:0.5	LCVVCESN:0.6666666666666666	HPEWSESM:0.6666666666666666	HKNHPSII:0.6666666666666666	GRRMVMTH:0.6666666666666666	ALTNHPEW:0.6666666666666666	THKNHPSI:0.6666666666666666	SHYPNDPV:0.3333333333333333	NHPEWSES:0.6666666666666666	CVVCESNL:0.5	GALTNHPE:0.6666666666666666	EWSESMLE:0.6666666666666666	SESMLERG:0.6666666666666666	RMVMTHKN:0.6666666666666666	VCESNLET:0.5	MVMTHKNH:0.6666666666666666	HALMGALT:0.6666666666666666	CHYPNDPV:0.3333333333333333	TCHYPNDP:0.6666666666666666	RTCHYPND:0.6666666666666666	DLCDEYGL:0.5	CDEYGLCV:0.5	FYDLCDEY:0.5	VRTCHYPN:0.6666666666666666	EYGLCVVC:0.5	YDLCDEYG:0.5	DEYGLCVV:0.5	LCDEYGLC:0.5	YGLCVVCE:0.5	
