cluster number:81
GH2:11	GH2:11
SNDFRSTK:0.2727272727272727	NESSLTWI:0.2727272727272727	NYHYPGIN:0.2727272727272727	AGETYQNN:0.36363636363636365	IVGYGPWG:0.5454545454545454	HDQCWGGF:0.36363636363636365	GGAIWSGI:0.2727272727272727	PTLFGEYA:0.2727272727272727	RGVNRHSV:0.2727272727272727	STYNRREL:0.2727272727272727	WSGIDDTF:0.2727272727272727	EGSFVPFE:0.2727272727272727	VGYGPWGP:0.2727272727272727	SFHDQCWG:0.2727272727272727	VENESSLT:0.2727272727272727	AIWSGIDD:0.36363636363636365	HEGSFVPF:0.2727272727272727	HTVGGILR:0.36363636363636365	LRGVNRHS:0.2727272727272727	GGKPNVAG:0.36363636363636365	NGSEPFYG:0.36363636363636365	YIRTSHYP:0.6363636363636364	NNGSEPFY:0.36363636363636365	GAIWSGID:0.2727272727272727	LLTDPGVR:0.2727272727272727	LGGAIWSG:0.2727272727272727	RFDGVSSH:0.2727272727272727	IIWSLGNE:0.45454545454545453	VAGETYQN:0.36363636363636365	GSEPFYGS:0.36363636363636365	DIANYHYP:0.36363636363636365	HGASPIWK:0.2727272727272727	SVIIWSLG:0.36363636363636365	TSHYPPSE:0.6363636363636364	DQCWGGFN:0.36363636363636365	VPGEWVMQ:0.2727272727272727	LSWKRKGE:0.2727272727272727	GNLGGAIW:0.2727272727272727	GLFVENES:0.2727272727272727	AWRRPKPE:0.2727272727272727	TYNRRELL:0.2727272727272727	DGGKPNVA:0.36363636363636365	NYIRTSHY:0.6363636363636364	GKPNVAGE:0.36363636363636365	IWSLGNES:0.45454545454545453	KLRGVNRH:0.36363636363636365	QCWGGFNN:0.36363636363636365	IRTSHYPP:0.8181818181818182	ISDILACT:0.2727272727272727	FVENESSL:0.2727272727272727	PNVAGETY:0.36363636363636365	SWKRKGEF:0.2727272727272727	WKRKGEFT:0.2727272727272727	PGEWVMQG:0.2727272727272727	IDDTFHLP:0.2727272727272727	ENESSLTW:0.2727272727272727	LFVENESS:0.2727272727272727	DAWRRPKP:0.2727272727272727	SDILACTS:0.2727272727272727	AEHEGSFV:0.2727272727272727	ASRSWLQD:0.2727272727272727	YHYPGING:0.2727272727272727	RELLTDPG:0.2727272727272727	RRELLTDP:0.2727272727272727	EDGGKPNV:0.2727272727272727	KPNVAGET:0.36363636363636365	NRHSVHPL:0.2727272727272727	HSVHPLTG:0.2727272727272727	GTAKLNAK:0.2727272727272727	GIDDTFHL:0.2727272727272727	ANCNYIRT:0.5454545454545454	CNYIRTSH:0.5454545454545454	RPKPEYWG:0.2727272727272727	VIIWSLGN:0.36363636363636365	DILACTSQ:0.2727272727272727	RHSVHPLT:0.2727272727272727	SGIDDTFH:0.2727272727272727	RPTLFGEY:0.36363636363636365	GVNRHSVH:0.2727272727272727	TISDILAC:0.2727272727272727	ELLTDPGV:0.2727272727272727	LACTSQYA:0.36363636363636365	TLFGEYAH:0.2727272727272727	GETYQNNI:0.36363636363636365	WRRPKPEY:0.45454545454545453	FHDQCWGG:0.45454545454545453	VNRHSVHP:0.2727272727272727	SEPFYGSP:0.36363636363636365	FDGVSSHA:0.2727272727272727	SRSWLQDE:0.2727272727272727	QASRSWLQ:0.2727272727272727	NCNYIRTS:0.5454545454545454	IWSGIDDT:0.2727272727272727	EHEGSFVP:0.2727272727272727	HYPGINGP:0.2727272727272727	RRPKPEYW:0.36363636363636365	SVHPLTGR:0.2727272727272727	RTSHYPPS:0.7272727272727273	ANYHYPGI:0.2727272727272727	ILACTSQY:0.2727272727272727	NVAGETYQ:0.36363636363636365	IANYHYPG:0.2727272727272727	GSNDFRST:0.2727272727272727	KNYPLYTL:0.2727272727272727	SKADIANY:0.2727272727272727	DGRIVGYG:0.2727272727272727	HYPPSEEF:0.45454545454545453	TMSRPTLF:0.2727272727272727	MSRPTLFG:0.2727272727272727	SRPTLFGE:0.2727272727272727	TYQNNIYP:0.2727272727272727	GRIVGYGP:0.2727272727272727	RKDAELFR:0.2727272727272727	PDGRIVGY:0.2727272727272727	YPLYTLFA:0.2727272727272727	DELGLFVE:0.2727272727272727	YPPSEEFL:0.45454545454545453	SHYPPSEE:0.45454545454545453	ADIANYHY:0.2727272727272727	RIVGYGPW:0.2727272727272727	DTMSRPTL:0.2727272727272727	KADIANYH:0.2727272727272727	ETYQNNIY:0.2727272727272727	ATDTMSRP:0.2727272727272727	TDTMSRPT:0.2727272727272727	NYPLYTLF:0.2727272727272727	QYAAHTVG:0.2727272727272727	NHPSVIIW:0.36363636363636365	AHTVGGIL:0.2727272727272727	YAAHTVGG:0.2727272727272727	SQYAAHTV:0.2727272727272727	PSVIIWSL:0.2727272727272727	AAHTVGGI:0.2727272727272727	VKLRGVNR:0.2727272727272727	HPSVIIWS:0.36363636363636365	AIWAGIDD:0.2727272727272727	GAIWAGID:0.2727272727272727	GGAIWAGI:0.2727272727272727	LGGAIWAG:0.2727272727272727	
