cluster number:110
GH2:60	GH2:60|CBM32:6
DFPGQGTA:0.6333333333333333	VRFHSWCP:0.23333333333333334	YKADIEAA:0.2	SSIFWNTA:0.2	HEIGQWCV:0.3	NHVRFHSW:0.21666666666666667	DIEAALRT:0.23333333333333334	PGQGTALV:0.5666666666666667	CYKADIEA:0.2	KADIEAAL:0.2	HSWCPPEA:0.6333333333333333	SHEIGQWC:0.3333333333333333	WCPPEAAF:0.65	FHSWCPPE:0.6833333333333333	SIFWNTAW:0.2	EIGQWCVY:0.2833333333333333	QGTALVGV:0.31666666666666665	GQWCVYPN:0.25	FPGQGTAL:0.5666666666666667	RFHSWCPP:0.8833333333333333	GLNHVRFH:0.23333333333333334	GFSSIFWN:0.25	ADIEAALR:0.2	LNHVRFHS:0.23333333333333334	IGQWCVYP:0.2833333333333333	HVRFHSWC:0.21666666666666667	TALVGVLD:0.26666666666666666	FSSIFWNT:0.25	IFWNTAWT:0.21666666666666667	AYGNHPSF:0.3	GTALVGVL:0.3	SWCPPEAA:0.6333333333333333	GQGTALVG:0.65	HLRFHSWC:0.26666666666666666	FQLLDLHD:0.3333333333333333	QLLDLHDF:0.38333333333333336	HDFPGQGT:0.36666666666666664	NHLRFHSW:0.26666666666666666	DLHDFPGQ:0.4	LNHLRFHS:0.21666666666666667	LRFHSWCP:0.3	LHDFPGQG:0.36666666666666664	LDLHDFPG:0.4	GFQLLDLH:0.3333333333333333	GLNHLRFH:0.21666666666666667	LLDLHDFP:0.38333333333333336	EAAFEAAD:0.2	PPEAAFEA:0.2	CPPEAAFE:0.21666666666666667	PEAAFEAA:0.2	PHTLGILC:0.21666666666666667	KEEIERAL:0.2	VFWSPVHF:0.3	FWSPVHFP:0.2833333333333333	YKEEIERA:0.23333333333333334	PVFWSPVH:0.21666666666666667	LYKEEIER:0.25	FLRGTLEC:0.36666666666666664	GLNHIRFH:0.23333333333333334	TLECCIFP:0.21666666666666667	EYGNHPSF:0.21666666666666667	RGTLECCI:0.2	IRFHSWCP:0.26666666666666666	HIRFHSWC:0.23333333333333334	LNHIRFHS:0.23333333333333334	NHIRFHSW:0.23333333333333334	GTLECCIF:0.2	YGNHPSFC:0.31666666666666665	
