cluster number:111
GH2:189	GH2:189
VPLNESWG:0.2222222222222222	RPEYPRPQ:0.25396825396825395	WVPLNESW:0.2222222222222222	FYTRTTGI:0.20105820105820105	GYCYTQLT:0.5396825396825397	NGLLTYDR:0.2328042328042328	EINGLLTY:0.2328042328042328	TQLTDVEQ:0.37566137566137564	INGLLTYD:0.21693121693121692	YCYTQLTD:0.5343915343915344	FQRLVLDQ:0.5079365079365079	TRTTGIWQ:0.5873015873015873	QRLVLDQG:0.5661375661375662	DVEQEING:0.291005291005291	VEQEINGL:0.2804232804232804	QEINGLLT:0.23809523809523808	TDVEQEIN:0.2857142857142857	QLTDVEQE:0.37566137566137564	LHFGAVDY:0.3915343915343915	PRPEYPRP:0.37037037037037035	CYTQLTDV:0.6984126984126984	LTDVEQEI:0.2698412698412698	EQEINGLL:0.26455026455026454	YTRTTGIW:0.5873015873015873	RLVLDQGY:0.3439153439153439	YTQLTDVE:0.37566137566137564	EDPRFLYW:0.2222222222222222	PRFLYWAD:0.20105820105820105	TTGIWQTV:0.5502645502645502	IWQTVWLE:0.42328042328042326	GIWQTVWL:0.42328042328042326	TGIWQTVW:0.671957671957672	LLHFGAVD:0.42328042328042326	AGFNGARL:0.455026455026455	PSIVGWCP:0.20105820105820105	HPSIVGWC:0.20634920634920634	GFNGARLH:0.5291005291005291	PVFQRLVL:0.2222222222222222	RTTGIWQT:0.5132275132275133	NGARLHQK:0.4603174603174603	FNGARLHQ:0.4603174603174603	AAGFNGAR:0.24867724867724866	VFQRLVLD:0.3915343915343915	LVLDQGYW:0.30158730158730157	LVWGEFGD:0.32275132275132273	VWGEFGDW:0.32275132275132273	TQLTDVFQ:0.30687830687830686	VLDQGYWP:0.24338624338624337	KVFEERFL:0.25925925925925924	GWCPLNET:0.3492063492063492	VDHDATVW:0.20634920634920634	RLHQKVFE:0.42328042328042326	QLTDVFQE:0.30687830687830686	MFGYCYTQ:0.328042328042328	YTQLTDVF:0.31216931216931215	SEFGGIWW:0.2751322751322751	AVDHDATV:0.20634920634920634	WGEFGDWG:0.3386243386243386	DSGLERGL:0.24338624338624337	RHRGGFTP:0.21164021164021163	QKVFEERF:0.2751322751322751	LHQKVFEE:0.3968253968253968	GARLHQKV:0.4444444444444444	YLVWGEFG:0.32275132275132273	GYLVWGEF:0.35978835978835977	FGYCYTQL:0.328042328042328	ARLHQKVF:0.42857142857142855	HQKVFEER:0.3968253968253968	DRLGYLVW:0.37037037037037035	ALVRDIEL:0.20634920634920634	WQTVWLEP:0.21164021164021163	RVLLHFGA:0.20634920634920634	PDGLMTAP:0.20634920634920634	ADRLGYLV:0.37037037037037035	YPDGLMTA:0.20105820105820105	GDSGLERG:0.21693121693121692	RLGYLVWG:0.37037037037037035	HFGAVDHD:0.26455026455026454	HADRLGYL:0.3333333333333333	QTVWLEPV:0.21164021164021163	LHFGAVDH:0.26455026455026454	LGYLVWGE:0.41798941798941797	VLLHFGAV:0.25396825396825395	
