cluster number:4
GH2:488	GH2:488|3.2.1.23:4|CBM67:3|CBM32:3|CBM13:1
RTSHYPND:0.24180327868852458	RDKNHPSI:0.20081967213114754	FWRAPTDN:0.23565573770491804	GFIWDWVD:0.26434426229508196	FIWDWVDQ:0.2540983606557377	QGGFIWDW:0.26024590163934425	TSHYPNDP:0.22745901639344263	GGFIWDWV:0.26434426229508196	AVRTSHYP:0.22336065573770492	NAVRTSHY:0.22336065573770492	DEANIESH:0.48155737704918034	ERDKNHPS:0.2520491803278688	EANIESHG:0.430327868852459	VRTSHYPN:0.29098360655737704	WRAPTDND:0.23975409836065573	LQGGFIWD:0.25614754098360654	DGSYLEDQ:0.305327868852459	GSYLEDQD:0.3114754098360656	IWDWVDQG:0.36475409836065575	WSLGNEAG:0.47540983606557374	MVERDKNH:0.2069672131147541	YAHAMGNS:0.48770491803278687	IWSLGNEA:0.20901639344262296	EYAHAMGN:0.5717213114754098	VERDKNHP:0.20491803278688525	VGYSEDSK:0.24795081967213115	CEYAHAMG:0.39344262295081966	ANIESHGM:0.32991803278688525	SLGNEAGN:0.2520491803278688	LGNEAGNG:0.2520491803278688	WDWVDQGI:0.21106557377049182	HAMGNSVG:0.2069672131147541	
