cluster number:120
GH2:187	GH2:187|3.2.1.25:3|CBM67:1
QDFLFACA:0.5721925133689839	LVWQDFLF:0.2887700534759358	FACAAYPE:0.5561497326203209	DFLFACAA:0.5508021390374331	RGVNWIPD:0.27807486631016043	LVFDGLDT:0.3582887700534759	ACAAYPEE:0.5882352941176471	VWQDFLFA:0.4385026737967914	WQLNDCWP:0.5721925133689839	LFACAAYP:0.46524064171123	GVNWIPDD:0.35294117647058826	WQDFLFAC:0.49732620320855614	GYYLDLLP:0.31016042780748665	FLFACAAY:0.5508021390374331	AYPEEEPL:0.26737967914438504	PRFCSEFG:0.2887700534759358	VAELDPTR:0.26737967914438504	SFGWDWGP:0.2620320855614973	RVWGGGIY:0.3422459893048128	GANWIPDD:0.42780748663101603	ELDPTRPY:0.33689839572192515	QLNDCWPV:0.5401069518716578	NLLRVWGG:0.29411764705882354	LNDCWPVT:0.45454545454545453	VWQLNDCW:0.4919786096256685	MACSFGWD:0.25133689839572193	ATQLNQAR:0.33689839572192515	RKMACSFG:0.25133689839572193	LLRVWGGG:0.3048128342245989	KMACSFGW:0.25133689839572193	CWPVTSWA:0.49732620320855614	IPRFCSEF:0.20320855614973263	VWGGGIYE:0.33689839572192515	AAYPEEEP:0.41711229946524064	CSFGWDWG:0.26737967914438504	ACSFGWDW:0.26737967914438504	EFGFQGPP:0.22459893048128343	DCWPVTSW:0.6417112299465241	AELDPTRP:0.2727272727272727	NDCWPVTS:0.6417112299465241	IVWQLNDC:0.2727272727272727	CAAYPEEE:0.41711229946524064	TQLNQARA:0.5401069518716578	LRVWGGGI:0.37967914438502676	WPVTSWAA:0.49732620320855614	GCVHTDLL:0.36363636363636365	NVVRLMPH:0.22994652406417113	HQKAEDGN:0.21390374331550802	RDNVVRLM:0.24064171122994651	PGCVHTDL:0.3850267379679144	EFGWQAPP:0.28342245989304815	LVLWNGNN:0.2887700534759358	CVHTDLLA:0.2727272727272727	PSLVLWNG:0.21390374331550802	FGWDWGPT:0.4919786096256685	VPGCVHTD:0.3850267379679144	PHPSLVLW:0.20855614973262032	GWDWGPTL:0.45454545454545453	KAEDGNGK:0.20320855614973263	WDWGPTLV:0.44919786096256686	SEFGWQAP:0.24598930481283424	HTDLLAAG:0.28342245989304815	PTLVTAGI:0.23529411764705882	VHTDLLAA:0.3155080213903743	QKAEDGNG:0.20320855614973263	AEDGNGKL:0.20320855614973263	HPSLVLWN:0.20320855614973263	PNDPAHGT:0.20320855614973263	WNGNNENL:0.20855614973262032	LWNGNNEN:0.41711229946524064	FGWQAPPA:0.22994652406417113	DWGPTLVT:0.45454545454545453	LWWPRGYG:0.2727272727272727	GPTLVTAG:0.3689839572192513	HPNDPAHG:0.23529411764705882	SLVLWNGN:0.2887700534759358	WGPTLVTA:0.3689839572192513	DLLAAGLI:0.2727272727272727	VLWNGNNE:0.29411764705882354	LLAAGLIP:0.20320855614973263	NGNNENLW:0.20855614973262032	TDLLAAGL:0.20855614973262032	TLVTAGIW:0.23529411764705882	ATVPGCVH:0.3689839572192513	LVTLLPGE:0.44919786096256686	ACNFGWDW:0.45454545454545453	GNNENIWG:0.34759358288770054	PRFVAEFG:0.3422459893048128	NFGWDWGP:0.45989304812834225	QLNQARAI:0.29411764705882354	EVEAEARE:0.22459893048128343	CNFGWDWG:0.45454545454545453	VTLLPGES:0.3689839572192513	TVPGCVHT:0.24064171122994651	GLDTVATV:0.21390374331550802	PATVPGCV:0.2620320855614973	FDGLDTVA:0.24598930481283424	EEEPLRSE:0.21390374331550802	FCSEFGWQ:0.20320855614973263	RFCSEFGW:0.20320855614973263	CSEFGWQA:0.20320855614973263	VLRSANDL:0.21390374331550802	MLVTLLPG:0.24064171122994651	RRKPLWYA:0.34759358288770054	NWIPDDCF:0.27807486631016043	MACNFGWD:0.3582887700534759	RKMACNFG:0.36363636363636365	RKPLWYAL:0.3422459893048128	KPLWYALR:0.22994652406417113	GRRKPLWY:0.33689839572192515	WIPDDCFP:0.25668449197860965	KMACNFGW:0.3582887700534759	PGSPYSGS:0.20855614973262032	RVWGGGIF:0.2192513368983957	NGNNENIW:0.25668449197860965	MLRVWGGG:0.2192513368983957	VWGGGIFE:0.2192513368983957	WNGNNENI:0.2620320855614973	ANWIPDDC:0.2192513368983957	LIPDPYLD:0.20320855614973263	
