cluster number:99
GH2:155	GH2:155|3.2.1.23:5
GPGDLEDY:0.25161290322580643	CHAMGNGP:0.24516129032258063	NFCMDGLV:0.3096774193548387	QVSHSTSE:0.2	GIFRDVYL:0.4258064516129032	FLPRFGLR:0.2	PYTQEELT:0.3032258064516129	NGPGDLED:0.24516129032258063	VNRHDSDP:0.45806451612903226	MGNGPGDL:0.3419354838709677	RMSGIFRD:0.5225806451612903	KFRMSGIF:0.5032258064516129	SGIFRDVY:0.8451612903225807	HAMGNGPG:0.45161290322580644	GNFCMDGL:0.2838709677419355	MSGIFRDV:0.5225806451612903	GVNRHDSD:0.4645161290322581	AMGNGPGD:0.3741935483870968	FRMSGIFR:0.4967741935483871	YPFPFDPP:0.2967741935483871	LVLKWCDG:0.34838709677419355	DGLVYPDR:0.2709677419354839	GYSQVSHS:0.2129032258064516	PDRTPHTG:0.2	WEWCDHAI:0.3548387096774194	QDKFRMSG:0.5032258064516129	VLKWCDGS:0.432258064516129	LKWCDGSY:0.432258064516129	NRHDSDPV:0.25161290322580643	PFDPPFVP:0.25806451612903225	WRAPTDND:0.7935483870967742	EDQDKFRM:0.535483870967742	VLVLKWCD:0.34838709677419355	RHDSDPVT:0.24516129032258063	GNGPGDLE:0.2645161290322581	PFLPRFGL:0.3032258064516129	GLVYPDRT:0.21935483870967742	DKFRMSGI:0.5032258064516129	LNFEGVDS:0.4838709677419355	VSHSTSEF:0.2	DQDKFRMS:0.5225806451612903	IFRDVYLL:0.4129032258064516	HDSDPVTG:0.24516129032258063	YPDRTPHT:0.2	LCEYAHAM:0.2967741935483871	QSGIGSNS:0.2709677419354839	RHSGIFRD:0.2	FVGYSQIS:0.2064516129032258	QDMFRHSG:0.2	GIFRDVYI:0.4129032258064516	IGSNSCGP:0.6451612903225806	GIGSNSCG:0.6451612903225806	YGFYVMSE:0.2967741935483871	SGIGSNSC:0.5096774193548387	HDGNFCVD:0.38064516129032255	CEYAHAMG:0.2967741935483871	DMFRHSGI:0.2	DGNFCVDG:0.45161290322580644	ILCEYAHA:0.25161290322580643	SNSCGPEL:0.22580645161290322	EYAHAMGN:0.2967741935483871	TAHYPKSP:0.23870967741935484	GFVWEWCD:0.432258064516129	HSGIFRDV:0.2	FYVMSEAD:0.3096774193548387	KPFILCEY:0.2	GSNSCGPE:0.22580645161290322	IRTAHYPK:0.2645161290322581	VGYSQISH:0.2129032258064516	GGFVWEWC:0.45161290322580644	RTAHYPKS:0.23870967741935484	YAHAMGNS:0.22580645161290322	GFYVMSEA:0.3096774193548387	IFRDVYIL:0.3161290322580645	FVWEWCDH:0.5225806451612903	KMSGIGSN:0.23225806451612904	DYKMSGIG:0.23225806451612904	SYLEDQDK:0.432258064516129	IRTAHYPN:0.2645161290322581	INAIRTAH:0.22580645161290322	KWCDGSYL:0.3870967741935484	LEDQDKFR:0.4838709677419355	GSYLEDQD:0.45806451612903226	MSGIGSNS:0.23870967741935484	CEYSHAMG:0.3032258064516129	HNINAIRT:0.2645161290322581	YKMSGIGS:0.23225806451612904	DSDPKTGY:0.2	LLNFEGVD:0.2064516129032258	WCDGSYLE:0.4	NINAIRTA:0.22580645161290322	SPYTQEEL:0.24516129032258063	PQENGSHY:0.23225806451612904	KPQENGSH:0.25806451612903225	AIRTAHYP:0.44516129032258067	WSLGNESG:0.36774193548387096	HDSDPKTG:0.2	DGSYLEDQ:0.4064516129032258	YSHAMGNS:0.2	CDGSYLED:0.4	NVERDKNR:0.2064516129032258	EYSHAMGN:0.3096774193548387	FSFNLSPY:0.2	ANVERDKN:0.2064516129032258	LCEYSHAM:0.2838709677419355	YLEDQDKF:0.4838709677419355	NAIRTAHY:0.44516129032258067	PFDPPYVP:0.2645161290322581	WEWCDHAP:0.2064516129032258	NFEGVDSC:0.43870967741935485	DGNFCMDG:0.2064516129032258	EGVDSCFY:0.34838709677419355	CGGFVWEW:0.3225806451612903	FEGVDSCF:0.3419354838709677	VDSCFYVW:0.21935483870967742	VWEWCDHA:0.5548387096774193	NIWRAPTD:0.4064516129032258	GVDSCFYV:0.22580645161290322	IWRAPTDN:0.6193548387096774	FKGVNRHD:0.23225806451612904	IKFKGVNR:0.2	KFKGVNRH:0.23225806451612904	RAPTDNDR:0.4645161290322581	KGVNRHDS:0.2838709677419355	LPRFGLRF:0.2064516129032258	VGYSQVSH:0.25806451612903225	GNFCVDGL:0.25161290322580643	YPIPFDPP:0.2903225806451613	NFCVDGLV:0.23870967741935484	NFNAIRTA:0.21935483870967742	FNAIRTAH:0.21935483870967742	
