cluster number:33
GH2:17	GH2:17|CBM57:5
WNMFDFAS:0.23529411764705882	GVSRHQDR:0.29411764705882354	NYNHPSVV:0.23529411764705882	YNHPSVVT:0.23529411764705882	QNYNHPSV:0.35294117647058826	HGVSRHQD:0.35294117647058826	LHGVSRHQ:0.29411764705882354	NHPSVVTW:0.23529411764705882	EIPFVGPG:0.23529411764705882	DAFYFYKA:0.5882352941176471	KGLVTYDR:0.4117647058823529	NCISPLDY:0.23529411764705882	FYKANWNP:0.35294117647058826	GLVTYDRK:0.29411764705882354	AFYFYKAN:0.5294117647058824	KGFFLNGK:0.29411764705882354	FHPEEWQT:0.29411764705882354	KKDAFYFY:0.29411764705882354	RLFLYFEG:0.23529411764705882	YKANWNPE:0.29411764705882354	YFYKANWN:0.4117647058823529	ELIRQNYN:0.4117647058823529	IRQNYNHP:0.4117647058823529	INDKGLVT:0.4117647058823529	ANWNPEPM:0.23529411764705882	VNLPHTWN:0.23529411764705882	LIRQNYNH:0.29411764705882354	DKGLVTYD:0.4117647058823529	RQNYNHPS:0.47058823529411764	SISEYGAG:0.23529411764705882	PFVGPGGY:0.23529411764705882	KDAFYFYK:0.5882352941176471	NDKGLVTY:0.4117647058823529	KRLFLYFE:0.23529411764705882	GINDKGLV:0.29411764705882354	WGLFNELK:0.23529411764705882	IPFVGPGG:0.23529411764705882	GLFNELKL:0.23529411764705882	FWGLFNEL:0.23529411764705882	KANWNPEP:0.29411764705882354	FYFYKANW:0.5294117647058824	QQLRELIR:0.23529411764705882	QLRELIRQ:0.29411764705882354	EYGAGGAL:0.23529411764705882	RKDAFYFY:0.29411764705882354	LRELIRQN:0.23529411764705882	
