cluster number:64
GH2:217	GH2:217|3.2.1.25:6
LVWQDFMF:0.5253456221198156	GILVWQDF:0.3870967741935484	ILVWQDFM:0.34101382488479265	PRFMSEFG:0.2304147465437788	NGILVWQD:0.20276497695852536	GLDTYADV:0.2857142857142857	WPVVSWSS:0.2073732718894009	RFMSEFGF:0.2304147465437788	YCMGTLYW:0.271889400921659	DNFFDLLP:0.2488479262672811	VSWSSIDY:0.22119815668202766	VWQDFMFA:0.631336405529954	WQDFMFAC:0.5714285714285714	CMGTLYWQ:0.2903225806451613	PYCMGTLY:0.271889400921659	RVWGGGIY:0.5483870967741935	LWCGNNEN:0.20276497695852536	FSDNFFDL:0.29493087557603687	WQLNDCWP:0.25806451612903225	VWGGGIYE:0.5299539170506913	SDNFFDLL:0.20276497695852536	MLRVWGGG:0.543778801843318	ALWCGNNE:0.5483870967741935	ANMNMLRV:0.3271889400921659	IALWCGNN:0.3548387096774194	NMLRVWGG:0.5483870967741935	MNMLRVWG:0.5299539170506913	LRVWGGGI:0.4700460829493088	NMNMLRVW:0.48847926267281105	MSEYGFQS:0.2534562211981567	QDFMFACS:0.25806451612903225	FACSMYPG:0.20276497695852536	ACSMYPGD:0.20276497695852536	WDWGPRLV:0.39631336405529954	SEYGFQSF:0.2764976958525346	RFMSEYGF:0.2903225806451613	DCWPVASW:0.3317972350230415	YGWDWGPR:0.391705069124424	CWPVASWS:0.2073732718894009	HYGWDWGP:0.31336405529953915	EYGFQSFP:0.28110599078341014	MFACSMYP:0.20276497695852536	NDCWPVAS:0.3271889400921659	DFMFACSM:0.2073732718894009	YHYGWDWG:0.3087557603686636	FMSEYGFQ:0.2903225806451613	GWDWGPRL:0.42857142857142855	FMFACSMY:0.20276497695852536	DWGPRLVT:0.35944700460829493	PYHYGWDW:0.271889400921659	ARKAPYHY:0.20276497695852536	YGFQSFPE:0.23963133640552994	VLWCGNNE:0.20276497695852536	APYHYGWD:0.271889400921659	RKAPYHYG:0.271889400921659	GRFMSEYG:0.2534562211981567	KAPYHYGW:0.271889400921659	FGWDWGPR:0.2995391705069124	WCGNNEID:0.2672811059907834	VPGTVHTD:0.21658986175115208	PGTVHTDL:0.22580645161290322	LWCGNNEI:0.3225806451612903	VGRFMSEY:0.2073732718894009	
