cluster number:40
GH2:595	GH2:595|3.2.1.23:22|CBM51:8|CBM0:1
INAVRTSH:0.44201680672268906	GIFRDVYL:0.24369747899159663	KRIVFKGV:0.22521008403361345	LEDQDFWR:0.4369747899159664	QMGVGGDD:0.4689075630252101	VFKGVNRH:0.2184873949579832	IFRDVYLY:0.2319327731092437	AVRTSHYP:0.5159663865546219	EDQDFWRL:0.2857142857142857	ASWLEDQD:0.39327731092436974	KGVNRHEF:0.2957983193277311	RIVFKGVN:0.21176470588235294	NAVRTSHY:0.5176470588235295	GKRIVFKG:0.2823529411764706	ETNLETHG:0.23025210084033612	GVGGDDSW:0.44537815126050423	NGKRIVFK:0.2823529411764706	VRTSHYPN:0.5327731092436975	NINAVRTS:0.4134453781512605	IWSLGNES:0.2504201680672269	IVFKGVNR:0.21176470588235294	YGLYVIDE:0.23361344537815126	LCDEYGLY:0.22857142857142856	VGGDDSWG:0.3815126050420168	MGVGGDDS:0.41008403361344536	DETNLETH:0.22521008403361345	FKGVNRHE:0.29411764705882354	SWLEDQDF:0.4117647058823529	WLEDQDFW:0.4336134453781513	YELCDEYG:0.3680672268907563	IWSCGNES:0.22857142857142856	RLVHYEGV:0.3092436974789916	GGDDSWGA:0.34789915966386553	FSGIFRDV:0.2319327731092437	SRLVHYEG:0.24033613445378152	YSEDSFTP:0.2134453781512605	EYMHAMGN:0.22521008403361345	GYSEDSFT:0.2235294117647059	QGGFIWDY:0.20840336134453782	WYELCDEY:0.34789915966386553	VGYSEDSF:0.20672268907563024	YQGGFIWD:0.5243697478991597	GDDSWGAP:0.27563025210084036	KPYISCEY:0.24705882352941178	GNESYAGE:0.23361344537815126	LNGKRIVF:0.20336134453781513	DDSWGAPV:0.24705882352941178	YMHAMGNS:0.22521008403361345	YISCEYMH:0.20504201680672268	NLETHGSW:0.23025210084033612	ESRMYAKP:0.2319327731092437	PYISCEYM:0.20336134453781513	SCEYMHAM:0.2134453781512605	CEYMHAMG:0.22521008403361345	RFSGIFRD:0.2319327731092437	RTSHYPNQ:0.4050420168067227	EDSFTPSE:0.4773109243697479	HNINAVRT:0.2722689075630252	AQMGVGGD:0.23529411764705882	AAQMGVGG:0.21680672268907564	DSFTPSEF:0.48067226890756304	FWSLGNES:0.2605042016806723	SEFDLTPY:0.26218487394957984	CEYMHDMG:0.23697478991596638	IGYAEDSF:0.24873949579831933	EDQDMFRF:0.20504201680672268	YMHDMGNS:0.23697478991596638	AEDSFTPS:0.3495798319327731	WDFIDQAL:0.20672268907563024	SFTPSEFD:0.3764705882352941	ESHGSWQK:0.21680672268907564	QGGFIWDF:0.3126050420168067	EPSYNVPG:0.21008403361344538	DQDMFRFS:0.2	FRFSGIFR:0.2184873949579832	HGSWQKMG:0.20336134453781513	QDMFRFSG:0.20168067226890757	PSEFDLTP:0.253781512605042	FTPSEFDL:0.2638655462184874	GGFIWDFI:0.34789915966386553	MYQGGFIW:0.2134453781512605	NLESHGSW:0.226890756302521	WSLGNESY:0.4	YAEDSFTP:0.35294117647058826	FIWDFIDQ:0.35126050420168065	GFIWDFID:0.34789915966386553	TPSEFDLT:0.2638655462184874	GYAEDSFT:0.3546218487394958	LGNESYAG:0.3025210084033613	SDYEFSGD:0.2453781512605042	NGVNRHEW:0.26554621848739496	INGVNRHE:0.21176470588235294	EYMHDMGN:0.23697478991596638	FIGYAEDS:0.2504201680672269	YEFSGDGL:0.226890756302521	IWDFIDQA:0.33277310924369746	LESHGSWQ:0.21680672268907564	DYEFSGDG:0.3058823529411765	SLGNESYA:0.33613445378151263	RWYELCDE:0.2218487394957983	RPVHYEGV:0.21680672268907564	LCDEYGIY:0.22857142857142856	SASWLEDQ:0.21008403361344538	LAAQMGVG:0.2134453781512605	
