cluster number:48
GH2:44	GH2:44|GH43_24:1
YTGSGIYR:0.25	LRDRNHPS:0.3181818181818182	GCVHHDNG:0.3409090909090909	LDVVGYNY:0.20454545454545456	GSGIYRHV:0.45454545454545453	RWYTGSGI:0.25	VIGDFVWT:0.5227272727272727	WYTGSGIY:0.25	NHPSIIMW:0.3181818181818182	GGCVHHDN:0.3409090909090909	RDRNHPSI:0.38636363636363635	TGSGIYRH:0.22727272727272727	PSSRWYAG:0.25	GCIHHDNG:0.25	KGGCIHHD:0.22727272727272727	PSIIMWSI:0.2727272727272727	IGNEITWG:0.20454545454545456	IIMWSIGN:0.2727272727272727	DRAEERKV:0.5	MWSIGNEI:0.4090909090909091	SIGNEITW:0.20454545454545456	GIYRHVWL:0.5909090909090909	LDVAGYNY:0.20454545454545456	CGDIDICG:0.25	NLILEFEG:0.20454545454545456	KNLILEFE:0.20454545454545456	YDRAEERK:0.29545454545454547	DACDRLGM:0.3409090909090909	KPSSRWYA:0.20454545454545456	SIIMWSIG:0.2727272727272727	IMWSIGNE:0.38636363636363635	IGDFVWTA:0.6590909090909091	ACDRLGML:0.45454545454545453	HPSIIMWS:0.29545454545454547	NCGDIDIC:0.20454545454545456	FLDACDRL:0.38636363636363635	GGCIHHDN:0.25	CDRLGMLV:0.45454545454545453	WSIGNEIT:0.20454545454545456	LDACDRLG:0.38636363636363635	KLKGGCIH:0.22727272727272727	LKGGCIHH:0.22727272727272727	RAEERKVE:0.5454545454545454	HKPSSRWY:0.20454545454545456	LPHDWSIE:0.4318181818181818	GMLVIDEA:0.20454545454545456	LVIDEAFD:0.3409090909090909	GGTGWYRK:0.20454545454545456	PHDWSIED:0.22727272727272727	DRLGMLVI:0.36363636363636365	MLVIDEAF:0.20454545454545456	RDRNHPSV:0.20454545454545456	RKVELLKA:0.29545454545454547	FNAVRTSH:0.22727272727272727	AEERKVEL:0.4772727272727273	AGFNAVRT:0.25	EERKVELL:0.3409090909090909	PWHGAYCG:0.25	HGAYCGDI:0.20454545454545456	GFNAVRTS:0.22727272727272727	ERKVELLK:0.3409090909090909	NAVRTSHN:0.25	WHGAYCGD:0.25	GAYCGDID:0.20454545454545456	LKASGFNA:0.22727272727272727	PAFLDACD:0.3181818181818182	NSRWYSGS:0.20454545454545456	RPQSYYRD:0.25	YSGSGIYR:0.2727272727272727	AFLDACDR:0.3409090909090909	KRPQSYYR:0.25	LLKASGFN:0.20454545454545456	WYSGSGIY:0.2727272727272727	SGIYRHVW:0.4318181818181818	SGSGIYRH:0.25	SRWYSGSG:0.20454545454545456	RWYSGSGI:0.29545454545454547	QSYYRDVV:0.20454545454545456	VWTAIDYL:0.25	TAIDYLGE:0.25	GDFVWTAI:0.25	HHDNGPLG:0.2727272727272727	WTAIDYLG:0.25	DFVWTAID:0.25	FVWTAIDY:0.25	PQSYYRDV:0.22727272727272727	SYYRDVVW:0.20454545454545456	YLGESGIG:0.3181818181818182	VWPTWESW:0.25	VLRDRNHP:0.2727272727272727	LGESGIGR:0.29545454545454547	YFEGVYMN:0.22727272727272727	GWRKPISH:0.22727272727272727	TGWRKPIS:0.20454545454545456	WRKPISHY:0.22727272727272727	YIIGDFVW:0.22727272727272727	DYLGESGI:0.3181818181818182	MVLRDRNH:0.2727272727272727	RKPISHYR:0.2727272727272727	IIGDFVWT:0.20454545454545456	PHDWSIEG:0.20454545454545456	SVWPTWES:0.20454545454545456	DLPHDWSI:0.2727272727272727	WSVWPTWE:0.20454545454545456	FEGVYMNS:0.20454545454545456	LDLPHDWS:0.22727272727272727	
