cluster number:10
GH2:59	GH2:59|3.2.1.25:2|CBM35:1|GH27:1
WPVTSWAI:0.2033898305084746	GILVWQDF:0.3559322033898305	RVWGGGIY:0.4745762711864407	DELGILVW:0.2033898305084746	VWQLNDCW:0.3559322033898305	CDELGILV:0.2033898305084746	LGILVWQD:0.23728813559322035	ELGILVWQ:0.2033898305084746	CWPVTSWA:0.23728813559322035	VWGGGIYE:0.4745762711864407	LVWQLNDC:0.3559322033898305	DCWPVTSW:0.3559322033898305	NDCWPVTS:0.3559322033898305	IRVWGGGI:0.3050847457627119	WQLNDCWP:0.4745762711864407	YHWGWDWG:0.559322033898305	RKAQYHWG:0.5254237288135594	KAQYHWGW:0.5254237288135594	QYHWGWDW:0.5423728813559322	MIRVWGGG:0.4406779661016949	GSCWIPAD:0.2033898305084746	HWGWDWGP:0.576271186440678	AQYHWGWD:0.5254237288135594	VRKAQYHW:0.5084745762711864	WGGGIYEE:0.2033898305084746	GNNEDYQV:0.3050847457627119	WPQPLKYL:0.23728813559322035	YAGNNEDY:0.23728813559322035	GRFVSEFG:0.559322033898305	RFVSEFGM:0.6101694915254238	QDFMFACG:0.3389830508474576	FVSEFGME:0.3220338983050847	VWQDFMFA:0.3559322033898305	YHPGSPWG:0.3559322033898305	IHQWNVWH:0.2542372881355932	HQWNVWHG:0.6271186440677966	WQDFMFAC:0.3898305084745763	AGNNEDYQ:0.559322033898305	GDIHQWNV:0.2542372881355932	DIHQWNVW:0.2542372881355932	DWPQPLKY:0.2711864406779661	GVLVWQDF:0.22033898305084745	FHNKADGH:0.3050847457627119	LVWQDFMF:0.6440677966101694	PGSPWGDG:0.23728813559322035	DGLDTFAT:0.2542372881355932	LGGRFNSE:0.22033898305084745	FMFGCGNY:0.3389830508474576	RHHPSIVI:0.3220338983050847	GHERRIAT:0.2033898305084746	PARYIYEK:0.3728813559322034	LKTDFPAR:0.2542372881355932	GGRFNSEF:0.23728813559322035	DFPARYIY:0.3050847457627119	RGWRRQWG:0.22033898305084745	FNSEFGME:0.22033898305084745	WHGTQEKY:0.288135593220339	PTNVHLDL:0.3050847457627119	HGTQEKYQ:0.288135593220339	VLAFDGLD:0.2542372881355932	LGVLVWQD:0.2033898305084746	PQPLKYLD:0.2033898305084746	KADGHERR:0.3050847457627119	IYAGNNED:0.2033898305084746	RFNSEFGM:0.23728813559322035	NKADGHER:0.3050847457627119	GLDTFATV:0.3728813559322034	ADGHERRI:0.2711864406779661	DGHERRIA:0.2711864406779661	YRGWRRQW:0.22033898305084745	TVGDMHQW:0.2033898305084746	VWQDFMFG:0.3559322033898305	EFGMEAFP:0.3220338983050847	QDFMFGCG:0.3559322033898305	AFDGLDTF:0.2711864406779661	QWNVWHGT:0.4067796610169492	WQDFMFGC:0.3728813559322034	HPGSPWGD:0.23728813559322035	HERRIATY:0.2033898305084746	KTDFPARY:0.2542372881355932	FDGLDTFA:0.3389830508474576	NSEFGMEA:0.2033898305084746	MFGCGNYP:0.3389830508474576	KRLRHHPS:0.2033898305084746	DELGVLVW:0.2033898305084746	WLKTDFPA:0.2542372881355932	GSDWIPAD:0.2542372881355932	CGGSDWIP:0.2542372881355932	SEFGMEAF:0.3220338983050847	DFHNKADG:0.3559322033898305	LAVRKAQY:0.3050847457627119	ELGVLVWQ:0.2033898305084746	WNVWHGTQ:0.3728813559322034	DFMFGCGN:0.3389830508474576	AVRKAQYH:0.3220338983050847	GRFNSEFG:0.23728813559322035	FPARYIYE:0.5423728813559322	VLVWQDFM:0.22033898305084745	LAFDGLDT:0.288135593220339	TDFPARYI:0.288135593220339	LRHHPSIV:0.423728813559322	NVWHGTQE:0.3728813559322034	VWHGTQEK:0.3728813559322034	GGSDWIPA:0.2542372881355932	VGDMHQWN:0.2033898305084746	HNKADGHE:0.3050847457627119	RLAVRKAQ:0.3050847457627119	RLRHHPSI:0.3389830508474576	VGRFVSEF:0.2033898305084746	YDACDELG:0.2033898305084746	PSIVIWAG:0.2033898305084746	ILVWQDFM:0.288135593220339	WIPADNFI:0.2033898305084746	CGGALVWQ:0.2033898305084746	QFPTNVHL:0.2033898305084746	HPSIVIWA:0.2033898305084746	FGCGNYPA:0.2033898305084746	SIVIWAGN:0.2033898305084746	ASAYRLWK:0.22033898305084745	PADNFIPR:0.2033898305084746	FPTNVHLD:0.22033898305084745	FYDACDEL:0.2033898305084746	SAYRLWKR:0.22033898305084745	GWDWGPTL:0.2711864406779661	SRLAVRKA:0.22033898305084745	LASAYRLW:0.22033898305084745	VIWAGNNE:0.23728813559322035	LVGRFVSE:0.2033898305084746	QPGTSFFF:0.2033898305084746	WAGNNEDY:0.3050847457627119	HHPSIVIW:0.22033898305084745	IVIWAGNN:0.22033898305084745	IWAGNNED:0.23728813559322035	RYGKQPLY:0.2033898305084746	NWPEPLKY:0.23728813559322035	IPADNFIP:0.2033898305084746	ALVWQLND:0.2033898305084746	GALVWQLN:0.2033898305084746	GNNEDYQI:0.2033898305084746	
