cluster number:114
GH2:76	GH2:76|3.2.1.31:1|GH3:1
NFVRLAHY:0.3815789473684211	WSEIPVYW:0.25	VRLAHYPH:0.6842105263157895	WSVANETP:0.25	LVWSEIPV:0.23684210526315788	FVRLAHYP:0.3684210526315789	VWSEIPVY:0.23684210526315788	VPGDWNSQ:0.3157894736842105	YYEGTVWY:0.21052631578947367	NYGGITRD:0.4342105263157895	YGGITRDV:0.4342105263157895	TDWWNYGG:0.40789473684210525	GWNRKGLI:0.2894736842105263	WWNYGGIT:0.47368421052631576	LAHYPHNE:0.4342105263157895	WNYGGITR:0.47368421052631576	DWWNYGGI:0.4868421052631579	NTDWWNYG:0.3684210526315789	RLAHYPHN:0.4342105263157895	FLRGISIH:0.21052631578947367	VYLNGKKL:0.21052631578947367	YLNGKKLG:0.2236842105263158	WAKELGCN:0.25	NRKGLISE:0.27631578947368424	WNRKGLIS:0.27631578947368424	CNYVRLAH:0.2236842105263158	YVRLAHYP:0.21052631578947367	NYVRLAHY:0.2236842105263158	HEGGFTPF:0.42105263157894735	
