cluster number:38
GH2:88	GH2:88|3.2.1.23:1
DLCDEMGF:0.3068181818181818	GFLVQDEF:0.2159090909090909	LCDEMGFL:0.3522727272727273	EWDNPKDK:0.25	MGFLVQDE:0.23863636363636365	WSIGNEIE:0.5454545454545454	DEFFDEWD:0.2159090909090909	LDLCDEMG:0.22727272727272727	DEWDNPKD:0.25	QDEFFDEW:0.22727272727272727	WDNPKDKR:0.25	EMGFLVQD:0.20454545454545456	IGNEIEWT:0.5454545454545454	ADSRWYTG:0.5227272727272727	QWSIGNEI:0.32954545454545453	FLWTGIDY:0.48863636363636365	FLVQDEFF:0.20454545454545456	FDEWDNPK:0.25	KGVCLHHD:0.4318181818181818	KIKGVCLH:0.23863636363636365	DEMGFLVQ:0.29545454545454547	LVQDEFFD:0.2159090909090909	FQWSIGNE:0.26136363636363635	IFQWSIGN:0.20454545454545456	GLVGAAVP:0.2727272727272727	SIGNEIEW:0.5454545454545454	NEIEWTYP:0.42045454545454547	EIEWTYPR:0.2727272727272727	VQDEFFDE:0.22727272727272727	CDEMGFLV:0.3409090909090909	GNEIEWTY:0.5	IKGVCLHH:0.26136363636363635	YTGSGIYR:0.6477272727272727	LPGGIGWY:0.3181818181818182	GYLPGGIG:0.2159090909090909	GSGIYRDV:0.22727272727272727	ATGYLPGG:0.20454545454545456	QFLWTGID:0.3068181818181818	RWYTGSGI:0.6590909090909091	TGSGIYRD:0.2159090909090909	GQFLWTGI:0.2727272727272727	YPNDPYSH:0.20454545454545456	YLPGGIGW:0.25	WYTGSGIY:0.625	TGIDYLGE:0.4090909090909091	SRWYTGSG:0.625	GIDYLGES:0.20454545454545456	WTGIDYLG:0.4090909090909091	TGYLPGGI:0.25	LWTGIDYL:0.36363636363636365	DSRWYTGS:0.625	DYPNDPYS:0.2159090909090909	TGSGIYRN:0.3409090909090909	GVCLHHDA:0.32954545454545453	VCLHHDAG:0.32954545454545453	GSGIYRNV:0.375	PGGIGWYR:0.2159090909090909	LPHDWSIE:0.20454545454545456	RYADSRWY:0.22727272727272727	GGIGWYRK:0.26136363636363635	YADSRWYT:0.2727272727272727	HHDAGLVG:0.2159090909090909	LHHDAGLV:0.20454545454545456	GIDYLGEA:0.22727272727272727	DEAFDEWE:0.2159090909090909	MWSIGNEI:0.22727272727272727	LRDRNHPS:0.20454545454545456	RDRNHPSI:0.2159090909090909	
