cluster number:44
GH2:23	CBM57:23|GH2:23
DFTFFGGI:0.43478260869565216	EKGFFLNG:0.34782608695652173	TFFGGIYR:0.43478260869565216	PHINNKGL:0.21739130434782608	EACDRLGI:0.30434782608695654	AEKGFFLN:0.21739130434782608	VIWAYMNE:0.2608695652173913	INNKGLLT:0.21739130434782608	DAEKGFFL:0.21739130434782608	MGGNFLRV:0.391304347826087	GSWGYIGG:0.2608695652173913	LGILASVE:0.21739130434782608	ACDRLGIL:0.2608695652173913	FTFFGGIY:0.43478260869565216	FDAEKGFF:0.21739130434782608	ADFTFFGG:0.6086956521739131	HINNKGLL:0.21739130434782608	LRVAHYPQ:0.43478260869565216	KGFFLNGK:0.43478260869565216	YFLYQAYL:0.2608695652173913	NFLRVAHY:0.391304347826087	RVAHYPQD:0.391304347826087	GGNFLRVA:0.2608695652173913	FLRVAHYP:0.391304347826087	LNGKPLKL:0.2608695652173913	VAHYPQDP:0.391304347826087	GNFLRVAH:0.2608695652173913	FLRIAHYP:0.21739130434782608	IWAYMNEV:0.34782608695652173	NFLRIAHY:0.21739130434782608	LRIAHYPQ:0.21739130434782608	RQNYNHPS:0.21739130434782608	RIAHYPQD:0.21739130434782608	IPIVNAIT:0.21739130434782608	FLNGKSLG:0.21739130434782608	LLKEMGGN:0.34782608695652173	TSVEIPIV:0.2608695652173913	EIPIVNAI:0.21739130434782608	AYMNEVLL:0.30434782608695654	KEMGGNFL:0.34782608695652173	YMNEVLLR:0.30434782608695654	WAYMNEVL:0.30434782608695654	LTSVEIPI:0.21739130434782608	GWNLYQGW:0.2608695652173913	SVEIPIVN:0.30434782608695654	WNLYQGWY:0.2608695652173913	LKEMGGNF:0.34782608695652173	MNEVLLRP:0.2608695652173913	VEIPIVNA:0.2608695652173913	EMGGNFLR:0.34782608695652173	GTSRHQDY:0.2608695652173913	YNHPSVVI:0.21739130434782608	PLSADFTF:0.43478260869565216	PHVNNKGL:0.2608695652173913	PPLSADFT:0.2608695652173913	NHPSVVIW:0.21739130434782608	SADFTFFG:0.391304347826087	LIGTSRHQ:0.2608695652173913	LSADFTFF:0.391304347826087	FGGIYRDV:0.21739130434782608	KLIGTSRH:0.2608695652173913	GKPLKLIG:0.21739130434782608	NLNDFYSE:0.2608695652173913	WNLNDFYS:0.2608695652173913	IGTSRHQD:0.2608695652173913	FFGGIYRD:0.21739130434782608	NGKPLKLI:0.21739130434782608	GSWGYVGG:0.21739130434782608	IIWAYMNE:0.2608695652173913	GLYRDVYL:0.2608695652173913	GGLYRDVY:0.2608695652173913	TFFGGLYR:0.21739130434782608	DFTFFGGL:0.21739130434782608	FTFFGGLY:0.21739130434782608	
