cluster number:12
GH2:64	GH2:64|3.2.1.31:1
TIRLAHYQ:0.71875	ANTIRLAH:0.59375	QNYNHPSI:0.53125	GANTIRLA:0.59375	DYTEEYQA:0.421875	RLAHYQHD:0.609375	IRLAHYQH:0.78125	NTIRLAHY:0.59375	DVISYNHY:0.265625	GMVVWAEI:0.21875	SYNHYFGW:0.265625	YFYDLCDE:0.40625	VQNYNHPS:0.234375	EEYQAYYH:0.390625	MVVWAEIP:0.21875	YNHYFGWY:0.265625	EYQAYYHE:0.390625	DPTRLTTM:0.203125	TRLTTMAV:0.203125	DDFHKKYP:0.234375	NTISQMKE:0.375	IVVWGLSN:0.34375	TISQMKEL:0.375	QGDYTEEY:0.390625	LAHYQHDQ:0.578125	AHYQHDQY:0.53125	QHDQYFYD:0.359375	GLSNEITM:0.40625	GCEALNWH:0.390625	PVQGDYTE:0.203125	LEMGANTI:0.296875	HYQHDQYF:0.359375	QAYYHEEL:0.265625	RLTTMAVV:0.203125	LTTMAVVS:0.203125	IPDVISYN:0.234375	VVWGLSNE:0.34375	PDVISYNH:0.234375	WGLSNEIT:0.6875	LSNEITMG:0.25	YYHEELIK:0.25	RENTISQM:0.390625	ENTISQMK:0.3125	ALNWHTSN:0.21875	MDPTRLTT:0.28125	EYGCEALN:0.390625	NGRENTIS:0.28125	GRENTISQ:0.390625	AYYHEELI:0.265625	SEYGCEAL:0.390625	QNYNHPCI:0.203125	YGCEALNW:0.390625	LILEMGAN:0.21875	QIPDVISY:0.234375	KYPNIPIG:0.203125	QYFYDLCD:0.375	MGANTIRL:0.375	ISQMKELI:0.28125	EALNWHTS:0.390625	DQYFYDLC:0.359375	TTMAVVSM:0.203125	DFHKKYPN:0.234375	EMGANTIR:0.375	PTRLTTMA:0.203125	HDQYFYDL:0.359375	VWGLSNEI:0.515625	YTEEYQAY:0.375	PNGRENTI:0.28125	ILEMGANT:0.296875	TEEYQAYY:0.375	GDYTEEYQ:0.453125	CEALNWHT:0.390625	YQAYYHEE:0.375	YQHDQYFY:0.359375	VQGDYTEE:0.203125	SNEITMGG:0.25	LNWHTSNP:0.21875	YHEELIKQ:0.234375	KELIIQNY:0.203125	NYNHPSIV:0.484375	YNHPSIVV:0.421875	PSIVVWGL:0.328125	IQIPDVIS:0.203125	MKELIIQN:0.203125	YIQIPDVI:0.203125	HPSIVVWG:0.4375	SQMKELII:0.203125	SIVVWGLS:0.3125	WAEIPYIS:0.546875	QMKELIIQ:0.203125	NHPSIVVW:0.421875	FDDFHKKY:0.203125	VVWAEIPY:0.296875	YDLCDERG:0.234375	ELIVQNYN:0.234375	LIVQNYNH:0.234375	IVQNYNHP:0.21875	EIPYISEH:0.203125	FYDLCDER:0.234375	VWAEIPYI:0.40625	SEYGADAN:0.21875	LYFGWYLG:0.203125	NLYFGWYL:0.203125	EYGADANP:0.21875	GLSNEITA:0.21875	SYNLYFGW:0.25	YNLYFGWY:0.25	LSNEITAA:0.21875	SNEITAAS:0.203125	WAEIPYIT:0.21875	RLAHYQHA:0.265625	NSYNLYFG:0.203125	GLVIWAEI:0.21875	TFYGGIYR:0.203125	GVSRHQDR:0.25	FTFYGGIY:0.203125	VIWAEIPY:0.21875	LVIWAEIP:0.21875	ADFTFYGG:0.3125	PLRGVSRH:0.21875	LRGVSRHQ:0.21875	DFTFYGGI:0.203125	IWAEIPYI:0.21875	RGVSRHQD:0.21875	NHYFGWYG:0.25	HYFGWYGG:0.25	
