cluster number:50
GH15:12	GH15:12
PAGGLAPG:0.25	GVSWTPET:0.6666666666666666	VSWTPETA:0.6666666666666666	DGVSWTPE:0.6666666666666666	AGALPEKV:0.25	RPAGGLAP:0.25	SWTPETAL:0.75	VWPRDASF:0.5	PAGPAPLA:0.6666666666666666	ETALLAWS:0.3333333333333333	WTCALVLL:0.25	GRPAGPAP:0.25	DVDAAIAL:0.25	LAALQLPD:0.25	LLAWSAAA:0.25	VDAAIALV:0.25	TPETALLA:0.5	GAGWFLWA:0.4166666666666667	WPRDASFA:0.3333333333333333	PRDASFAA:0.3333333333333333	DGGFEARY:0.5833333333333334	DGRPAGPA:0.25	AWSAAALG:0.25	GPVSAWRY:0.25	PLAWTCAL:0.4166666666666667	WRYVWPRD:0.5	WRDDGVSW:0.5	DDVDAAIA:0.3333333333333333	ALLAWSAA:0.3333333333333333	PETALLAW:0.3333333333333333	APLAWTCA:0.4166666666666667	LAWTCALV:0.3333333333333333	GPAPLAWT:0.6666666666666666	AWTCALVL:0.25	TALLAWSA:0.3333333333333333	GAVVAGPV:0.3333333333333333	DGAGWFLW:0.4166666666666667	RYVWPRDA:0.5	VAGPVSAW:0.25	YVWPRDAS:0.25	TCALVLLA:0.25	DYWEVPER:0.25	AALQLPDG:0.25	PGWGRHVR:0.25	AAPVLLGL:0.4166666666666667	PVSAWRYV:0.25	IALVGPPF:0.25	AVVAGPVS:0.3333333333333333	AWRYVWPR:0.25	PAPLAWTC:0.5	DAAIALVG:0.25	HRTAAGAL:0.25	LAWSAAAL:0.25	DDGVSWTP:0.5	APVLLGLE:0.4166666666666667	AIALVGPP:0.25	VVAGPVSA:0.25	DDDVDAAI:0.25	AGPVSAWR:0.25	AGPAPLAW:0.6666666666666666	YWEVPERR:0.25	RDDGVSWT:0.5	AAIALVGP:0.25	RPAGPAPL:0.25	SAWRYVWP:0.25	VSAWRYVW:0.25	DLLALTGP:0.3333333333333333	WTPETALL:0.5	PDYWEVPE:0.25	LTLGTAAP:0.4166666666666667	DAAFAAAA:0.3333333333333333	FAPGWGRH:0.25	YVWPRDAA:0.25	SIWRYVWP:0.25	VSIWRYVW:0.25	WPRDAAFA:0.3333333333333333	PVSIWRYV:0.25	VWPRDAAF:0.25	RDAAFAAA:0.3333333333333333	PRDAAFAA:0.3333333333333333	IWRYVWPR:0.25	GGFEARYT:0.4166666666666667	GSSWRDDG:0.25	PSHLPAAS:0.25	APAGPAPL:0.25	SSWRDDGV:0.25	TLGTAAPV:0.3333333333333333	GWFLWAAG:0.25	PGSSWRDD:0.25	GAPAGPAP:0.25	TPSHLPAA:0.25	SWRDDGVS:0.25	LPAASPDY:0.25	AASPDYWE:0.25	GAVVAAPV:0.25	ASPDYWEV:0.25	SHLPAASP:0.25	PAASPDYW:0.25	LGTAAPVL:0.3333333333333333	HLPAASPD:0.25	VLLGLEAA:0.3333333333333333	TAAPVLLG:0.25	PVLLGLEA:0.25	GTAAPVLL:0.25	AAFAAAAL:0.25	ALLDLRAL:0.25	ERALLDLR:0.25	LLDLRALT:0.25	RALLDLRA:0.25	SPDYWEVA:0.25	AAAALSAV:0.25	PDYWEVAE:0.25	ARLPQGRW:0.25	FAAAALSA:0.25	RDASFAAA:0.25	DASFAAAA:0.25	
