cluster number:45
GH15:101	GH15:101|CBM20:78|3.2.1.3:29|CBM21:1
WGRPQRDG:0.9405940594059405	PQRDGPAL:0.7920792079207921	QRDGPALR:0.7821782178217822	FQPCSDKA:0.297029702970297	GGLGEPKF:0.36633663366336633	QPCSDKAL:0.297029702970297	DGPALRAT:0.42574257425742573	RPQRDGPA:0.7821782178217822	GRYPEDVY:0.2079207920792079	RDGPALRA:0.7623762376237624	GRPQRDGP:0.9405940594059405	VDSFRSIY:0.3564356435643564	TFQPCSDK:0.3069306930693069	HRALVEGA:0.22772277227722773	QHRALVEG:0.36633663366336633	AAEQLYDA:0.504950495049505	AAAEQLYD:0.5643564356435643	GPALRATA:0.38613861386138615	WTRDSALT:0.21782178217821782	TWTRDSAL:0.2871287128712871	YFYTWTRD:0.33663366336633666	FYTWTRDS:0.25742574257425743	YTWTRDSA:0.2871287128712871	AEQLYDAL:0.31683168316831684	TLAAAEQL:0.33663366336633666	LAAAEQLY:0.3564356435643564	LWEEVNGS:0.22772277227722773	EEVNGSSF:0.22772277227722773	AWGRPQRD:0.22772277227722773	SGGLGEPK:0.2079207920792079	LTWSYAAF:0.2871287128712871	WEEVNGSS:0.22772277227722773	LGEPKFNV:0.2376237623762376	VNGSSFFT:0.22772277227722773	GLGEPKFN:0.31683168316831684	TGFDLWEE:0.39603960396039606	EVNGSSFF:0.2376237623762376	VVDSFRSI:0.26732673267326734	GFDLWEEV:0.504950495049505	DLWEEVNG:0.25742574257425743	NTGGGRSG:0.2079207920792079	GRYPEDSY:0.2376237623762376	DLTWSYAA:0.46534653465346537	GGGRSGKD:0.22772277227722773	GNPWYLAT:0.25742574257425743	NGNPWYLA:0.2079207920792079	TWSYAAFL:0.22772277227722773	SWGRPQRD:0.297029702970297	TWSYAALL:0.2079207920792079	GEPKFNVD:0.2079207920792079	LTWSYAAL:0.21782178217821782	DYFYTWTR:0.3069306930693069	PDYFYTWT:0.3069306930693069	GPALRAIA:0.25742574257425743	DGPALRAI:0.27722772277227725	PALRAIAL:0.21782178217821782	TGSWGRPQ:0.21782178217821782	VAVGRYPE:0.2376237623762376	RDLTWSYA:0.2376237623762376	PALRATAM:0.2376237623762376	EQLYDALY:0.21782178217821782	ALRATAMI:0.2376237623762376	ARDLTWSY:0.24752475247524752	GSWGRPQR:0.24752475247524752	AVGRYPED:0.2376237623762376	HRALVEGS:0.21782178217821782	QYWNQTGF:0.24752475247524752	YWNQTGFD:0.24752475247524752	VAQYWNQT:0.26732673267326734	WNQTGFDL:0.25742574257425743	AQYWNQTG:0.27722772277227725	NQTGFDLW:0.25742574257425743	YVAQYWNQ:0.26732673267326734	QTGFDLWE:0.25742574257425743	
