cluster number:36
GH15:56	GH15:56
AEGTWRDA:0.44642857142857145	VGSSWHPY:0.35714285714285715	PRDGALIA:0.3392857142857143	QLPIQEDE:0.42857142857142855	ETEVGDTA:0.23214285714285715	NPWIICTL:0.44642857142857145	AQGSVDST:0.4642857142857143	EDETALVL:0.32142857142857145	WPRDGALI:0.375	APLTWSHA:0.5	PYVGQLNH:0.3392857142857143	IAQGSVDS:0.5357142857142857	HKYNPDGS:0.25	NRDHYSYM:0.39285714285714285	KPSYDLWE:0.3392857142857143	GNPIAQGS:0.2857142857142857	PVSVAPLT:0.21428571428571427	EERRGIFT:0.21428571428571427	DHYSYMWP:0.39285714285714285	VAPLTWSH:0.5357142857142857	SYMWPRDG:0.5535714285714286	VPGNPWII:0.32142857142857145	VSVAPLTW:0.21428571428571427	NETEVGDT:0.21428571428571427	YVGQLNHV:0.26785714285714285	PWIICTLW:0.44642857142857145	WEERRGIF:0.23214285714285715	YWQRWVNK:0.21428571428571427	GSVDSTIS:0.23214285714285715	IQEDETAL:0.5892857142857143	YMWPRDGA:0.5535714285714286	DLWEERRG:0.39285714285714285	NPIAQGSV:0.375	EGTWRDAE:0.5	PLTWSHAT:0.5	VGQLNHVG:0.26785714285714285	TWRDAEDG:0.5178571428571429	QEDETALV:0.5892857142857143	GNPWIICT:0.4642857142857143	SYDLWEER:0.7678571428571429	LWEERRGI:0.3392857142857143	PIQEDETA:0.6071428571428571	QGSVDSTI:0.30357142857142855	YSYMWPRD:0.5714285714285714	PSYDLWEE:0.5178571428571429	GTWRDAED:0.5178571428571429	GQLNHVGG:0.26785714285714285	SVAPLTWS:0.5357142857142857	LPIQEDET:0.7321428571428571	PIAQGSVD:0.4107142857142857	YDLWEERR:0.375	SVDSTISF:0.23214285714285715	PGNPWIIC:0.4107142857142857	PKPSYDLW:0.3392857142857143	HYSYMWPR:0.39285714285714285	LPKPSYDL:0.30357142857142855	MWPRDGAL:0.5	RDHYSYMW:0.39285714285714285	DLWEERYG:0.32142857142857145	LTWSHATF:0.32142857142857145	PLSVAPLT:0.23214285714285715	EVGDTAAY:0.21428571428571427	KYNPDGTV:0.23214285714285715	HKYNPDGT:0.35714285714285715	PDGTVGSS:0.2857142857142857	LSVAPLTW:0.2857142857142857	TVGSSWHP:0.2857142857142857	NPDGTVGS:0.2857142857142857	GDTAAYYP:0.23214285714285715	DGTVGSSW:0.2857142857142857	GTVGSSWH:0.2857142857142857	VGDTAAYY:0.21428571428571427	LWEERYGI:0.26785714285714285	YNPDGTVG:0.23214285714285715	YDLWEERY:0.3392857142857143	TWSHATFV:0.26785714285714285	LLHKYNPD:0.3392857142857143	GYLLHKYN:0.25	EDETALVI:0.23214285714285715	YLLHKYNP:0.25	LHKYNPDG:0.375	GAIIAAND:0.5	AIIAANDS:0.375	IIAANDSD:0.35714285714285715	IAANDSDI:0.25	VSPLTWSH:0.21428571428571427	NGAIIAAN:0.23214285714285715	YYPYVGQL:0.23214285714285715	YPYVGQLN:0.25	
