cluster number:21
GH15:26	GH15:26
HGIWEVRT:0.2692307692307692	PVRWGNAA:0.23076923076923078	GGGGLDAS:0.2692307692307692	HLGGGGLD:0.2692307692307692	PQAFSHIG:0.5	HEGAFLLC:0.23076923076923078	IEDHGLIG:0.34615384615384615	DHGLIGDG:0.34615384615384615	EHLGGGGL:0.2692307692307692	RPFTYSAA:0.38461538461538464	LCSFWLVD:0.5	CSFWLVDN:0.5	SAPVRWGN:0.5384615384615384	GFLGWVLD:0.23076923076923078	VAAPTSSL:0.4230769230769231	PIEDHGLI:0.34615384615384615	HDVYGEIL:0.23076923076923078	YGEILDCA:0.2692307692307692	GRPFTYSA:0.34615384615384615	APTSSLPE:0.34615384615384615	QAFSHIGV:0.23076923076923078	LGGGGLDA:0.2692307692307692	RDAAFSVY:0.3076923076923077	AAFSVYAL:0.23076923076923078	EGAFLLCS:0.6923076923076923	PDHGIWEV:0.34615384615384615	DAAFSVYA:0.3076923076923077	FLGWVLDA:0.4230769230769231	EDHGLIGD:0.38461538461538464	GEILDCAY:0.23076923076923078	QHDVYGEI:0.34615384615384615	LVRRSAIT:0.23076923076923078	TAALVGRD:0.3076923076923077	TEHLGGGG:0.34615384615384615	NWDYRYAW:0.6153846153846154	VRWGNAAA:0.23076923076923078	GAFLLCSF:0.6923076923076923	DVYGEILD:0.23076923076923078	AFLLCSFW:0.6923076923076923	DHGIWEVR:0.34615384615384615	GGGLDASL:0.2692307692307692	VYGEILDC:0.23076923076923078	GHEGAFLL:0.23076923076923078	LGWVLDAV:0.2692307692307692	AAPTSSLP:0.5769230769230769	AALVGRDG:0.3076923076923077	LPIEDHGL:0.3076923076923077	FLLCSFWL:0.6538461538461539	LLCSFWLV:0.46153846153846156	GLLYRYLP:0.34615384615384615	WVRDAAFS:0.2692307692307692	RNWDYRYA:0.6153846153846154	GGLDASLL:0.4230769230769231	DASLLALP:0.5769230769230769	GLLPEQID:0.4230769230769231	AYAVFALR:0.23076923076923078	DYRYAWIR:0.4230769230769231	AGDGLLYR:0.4230769230769231	LLPEQIDP:0.34615384615384615	QVALDRAA:0.3076923076923077	LVRRAAIT:0.23076923076923078	AWRQPDQG:0.23076923076923078	APTSSLPA:0.23076923076923078	LVAAPTSS:0.23076923076923078	NFPQAFSH:0.6538461538461539	QPDQGIWE:0.23076923076923078	ADHPRMAA:0.23076923076923078	CQVALDRA:0.3076923076923077	LSAGDGLL:0.23076923076923078	PTSSLPAP:0.23076923076923078	LDASLLAL:0.5	GDGLLYRY:0.4230769230769231	GLIGDGTT:0.3076923076923077	QAFSHIGI:0.23076923076923078	LGLLPEQI:0.46153846153846156	VFALRRIG:0.3076923076923077	PVRWGNGA:0.5384615384615384	VRWGNGAA:0.4230769230769231	RRAAITLK:0.23076923076923078	DGLLYRYL:0.38461538461538464	RQPDQGIW:0.23076923076923078	GGVRNWDY:0.2692307692307692	MCQVALDR:0.2692307692307692	DPDPPFRP:0.23076923076923078	SPLGLLPE:0.23076923076923078	DQGIWEVR:0.34615384615384615	GLLYRYLH:0.34615384615384615	PDQGIWEV:0.34615384615384615	FMGNFPQA:0.23076923076923078	SLLALPLR:0.6538461538461539	YRYAWIRD:0.4230769230769231	RYAWIRDA:0.34615384615384615	GVRNWDYR:0.2692307692307692	WRQPDQGI:0.23076923076923078	ASLLALPL:0.5769230769230769	AVFALRRI:0.2692307692307692	IGGVRNWD:0.23076923076923078	VRRAAITL:0.23076923076923078	WDYRYAWI:0.4230769230769231	RQHDVYGE:0.23076923076923078	YAVFALRR:0.23076923076923078	YAWIRDAA:0.34615384615384615	GNFPQAFS:0.6538461538461539	PADHPRMA:0.23076923076923078	RAAITLKL:0.23076923076923078	VRNWDYRY:0.23076923076923078	PLGLLPEQ:0.46153846153846156	FPQAFSHI:0.34615384615384615	QRQHDVYG:0.23076923076923078	DHPRMAAT:0.23076923076923078	GSAPVRWG:0.3076923076923077	ALVGRDGA:0.3076923076923077	LTEHLGGG:0.3076923076923077	LCSFWLAD:0.2692307692307692	FLGNFPQA:0.5	LGNFPQAF:0.4230769230769231	GAFLGNFP:0.23076923076923078	RGSAPVRW:0.3076923076923077	CSFWLADN:0.2692307692307692	YRGSAPVR:0.2692307692307692	SLTEHLGG:0.23076923076923078	RRSAITLK:0.23076923076923078	VRRSAITL:0.23076923076923078	AFLGNFPQ:0.23076923076923078	LVGRDGAI:0.23076923076923078	GYRGSAPV:0.2692307692307692	LCVPRFDS:0.23076923076923078	RSAITLKL:0.23076923076923078	GQGRLDEA:0.34615384615384615	SFWLADNL:0.2692307692307692	LALPLRRV:0.23076923076923078	DVYGELLD:0.23076923076923078	GLDASLLA:0.3076923076923077	LLALPLRR:0.2692307692307692	SFWLVDNL:0.4230769230769231	APVRWGNG:0.34615384615384615	AATSSLPE:0.23076923076923078	AAATSSLP:0.23076923076923078	
