cluster number:48
GH15:13	GH15:13|3.2.1.-:1
YDWWEEHV:0.46153846153846156	PASPTFSA:0.38461538461538464	WWDFQLDG:0.46153846153846156	YPASPTFS:0.38461538461538464	DGAFIAEG:0.38461538461538464	SAYRGYSW:0.3076923076923077	SGAYPASP:0.46153846153846156	PCYDWWEE:0.7692307692307693	FSAYRGYS:0.3076923076923077	DFQLDGYG:0.46153846153846156	QLDGYGTW:0.5384615384615384	ASPTFSAY:0.38461538461538464	WEEHVEHR:0.23076923076923078	DGYGTWLW:0.6153846153846154	CYDWWEEH:0.7692307692307693	TFSAYRGY:0.38461538461538464	SWLRDGAF:0.23076923076923078	DDDWWDFQ:0.23076923076923078	LDGYGTWL:0.46153846153846156	RDGAFIAE:0.38461538461538464	MLPTRFTL:0.23076923076923078	APSGAYPA:0.23076923076923078	PSGAYPAS:0.38461538461538464	QAPSGAYP:0.23076923076923078	LRDGAFIA:0.23076923076923078	GTWLWALR:0.23076923076923078	HRHVATLG:0.23076923076923078	DWWEEHVE:0.3076923076923077	GAYPASPT:0.46153846153846156	FQLDGYGT:0.5384615384615384	SPTFSAYR:0.3076923076923077	EHRHVATL:0.23076923076923078	PTFSAYRG:0.38461538461538464	WLRDGAFI:0.23076923076923078	DWWDFQLD:0.3076923076923077	DDWWDFQL:0.23076923076923078	GDDDWWDF:0.23076923076923078	AYPASPTF:0.46153846153846156	WDFQLDGY:0.46153846153846156	YSWLRDGA:0.23076923076923078	EHVEHRHV:0.23076923076923078	EEHVEHRH:0.23076923076923078	YGTWLWAL:0.38461538461538464	WWEEHVEH:0.3076923076923077	GYGTWLWA:0.5384615384615384	WGTVATPL:0.23076923076923078	HVSTLGAI:0.23076923076923078	VATPLLWS:0.7692307692307693	VFYGGGQW:0.23076923076923078	DFQTDGYG:0.3076923076923077	RPCYDWWE:0.46153846153846156	RWGTVATP:0.23076923076923078	DVFYGGGQ:0.23076923076923078	ATPLLWSH:0.7692307692307693	HGMYLILA:0.3076923076923077	YLILADEL:0.3076923076923077	MYLILADE:0.3076923076923077	ACVVPFGL:0.23076923076923078	GMYLILAD:0.3076923076923077	WWDFQTDG:0.3076923076923077	TPLLWSHG:0.46153846153846156	RHVSTLGA:0.23076923076923078	WSHGMYLI:0.3076923076923077	GYAWLRDG:0.23076923076923078	TVATPLLW:0.23076923076923078	SHGMYLIL:0.3076923076923077	LLWSHGMY:0.5384615384615384	LWSHGMYL:0.5384615384615384	HRHVSTLG:0.23076923076923078	GTVATPLL:0.23076923076923078	LILADELG:0.3076923076923077	PLLWSHGM:0.5384615384615384	WDFQTDGY:0.3076923076923077	DWWDFQTD:0.23076923076923078	DGHLTKWL:0.3076923076923077	YSWFRDGA:0.23076923076923078	DTFYGGGQ:0.3076923076923077	SWFRDGAF:0.3076923076923077	GYSWFRDG:0.23076923076923078	FYGGGQWP:0.3076923076923077	PLLWSHAM:0.38461538461538464	RDGAFIAD:0.23076923076923078	DDWWDFQT:0.23076923076923078	YGGGQWPL:0.23076923076923078	FRDGAFIA:0.38461538461538464	TPLLWSHA:0.3076923076923077	GHLTKWLG:0.38461538461538464	TFYGGGQW:0.3076923076923077	GGGQWPLL:0.23076923076923078	WFRDGAFI:0.38461538461538464	PVATPLLW:0.38461538461538464	GPVATPLL:0.38461538461538464	WARPCYDW:0.23076923076923078	WGPVATPL:0.38461538461538464	ARPCYDWW:0.23076923076923078	RWGPVATP:0.38461538461538464	GSDAVDGS:0.23076923076923078	SDAVDGSL:0.23076923076923078	QEWIDRWG:0.23076923076923078	WIAAQATP:0.23076923076923078	DRWGPVAT:0.23076923076923078	AVDGSLLA:0.23076923076923078	VDGSLLAC:0.23076923076923078	
