cluster number:12
GH15:26	GH15:26|3.2.1.3:3
DLWEENQG:0.23076923076923078	PQNDGPAL:0.2692307692307692	SNPSGSFD:0.23076923076923078	QWTRDSAI:0.2692307692307692	IGRYPEDV:0.23076923076923078	YQWTRDSA:0.2692307692307692	NPDYYYQW:0.2692307692307692	DGPALRAY:0.23076923076923078	PSGSFDDE:0.2692307692307692	RPQNDGPA:0.2692307692307692	YYQWTRDS:0.2692307692307692	NDGPALRA:0.23076923076923078	ALRAYAIS:0.23076923076923078	QNDGPALR:0.2692307692307692	DYYYQWTR:0.3076923076923077	PALRAYAI:0.23076923076923078	YAISRYLN:0.23076923076923078	SSEGNPWF:0.23076923076923078	YYYQWTRD:0.38461538461538464	STSNPDYY:0.2692307692307692	HFFTSLVQ:0.23076923076923078	SEGNPWFL:0.23076923076923078	RYPEDVYN:0.3076923076923077	VIASPSTS:0.2692307692307692	PSTSNPDY:0.2692307692307692	EDVYNGDG:0.23076923076923078	GFDLWEEN:0.23076923076923078	SPSTSNPD:0.2692307692307692	WGRPQNDG:0.4230769230769231	SNPDYYYQ:0.2692307692307692	IASPSTSN:0.2692307692307692	GSSEGNPW:0.23076923076923078	RAYAISRY:0.23076923076923078	TSNPDYYY:0.2692307692307692	GRYPEDVY:0.46153846153846156	GRPQNDGP:0.4230769230769231	AYAISRYL:0.23076923076923078	YPEDVYNG:0.3076923076923077	GLGEPKFN:0.23076923076923078	PEDVYNGD:0.23076923076923078	GLDSATYI:0.23076923076923078	AIGRYPED:0.2692307692307692	LRAYAISR:0.23076923076923078	ASPSTSNP:0.2692307692307692	FDLWEENQ:0.23076923076923078	GPALRAYA:0.23076923076923078	NPSGSFDD:0.2692307692307692	PDYYYQWT:0.3076923076923077	GILNNIGG:0.23076923076923078	SGLGEPKF:0.2692307692307692	SEGNPWFI:0.6153846153846154	TSEGNPWF:0.3076923076923077	GTSEGNPW:0.34615384615384615	GNPWFIST:0.46153846153846156	GLGEPKFM:0.2692307692307692	EGNPWFIS:0.46153846153846156	LTWSYSAV:0.23076923076923078	TWSYSAVW:0.23076923076923078	RYPEDIYD:0.34615384615384615	WGRPQRDG:0.34615384615384615	GVALGRYP:0.2692307692307692	FDLWEEVD:0.23076923076923078	VALGRYPE:0.2692307692307692	QRDGPGLR:0.34615384615384615	RPQRDGPG:0.34615384615384615	SWGRPQRD:0.23076923076923078	YPEDIYDG:0.34615384615384615	GRYPEDIY:0.34615384615384615	GRPQRDGP:0.34615384615384615	LGRYPEDI:0.23076923076923078	ALGRYPED:0.38461538461538464	PQRDGPGL:0.34615384615384615	
