cluster number:13
GH15:152	GH15:152
YRYAWVRD:0.48026315789473684	DYRYAWVR:0.46710526315789475	GAIAAAAT:0.27631578947368424	AIAAAATT:0.24342105263157895	DSPPLFDR:0.45394736842105265	ELARRIEG:0.3157894736842105	AAATTSLP:0.42105263157894735	PPLFDRLL:0.3815789473684211	AAAATTSL:0.3684210526315789	PQGLSHLA:0.631578947368421	PLFDRLLD:0.39473684210526316	IAAAATTS:0.27631578947368424	GEGRSVAL:0.2631578947368421	SPPLFDRL:0.3223684210526316	LTESLNSG:0.28289473684210525	AATTSLPE:0.42105263157894735	DGSIDWWC:0.3223684210526316	MDSPPLFD:0.32894736842105265	RYAWVRDA:0.4407894736842105	SHLALIHA:0.20394736842105263	LSHLALIH:0.20394736842105263	AKAAFSWL:0.21052631578947367	SALALKLL:0.3223684210526316	KNYDYRYA:0.26973684210526316	GLSHLALI:0.40131578947368424	ARLTESLN:0.24342105263157895	HLALIHAA:0.20394736842105263	QGLSHLAL:0.5526315789473685	ALALKLLL:0.24342105263157895	RSALALKL:0.3223684210526316	NYDYRYAW:0.26973684210526316	RLTESLNS:0.26973684210526316	IGDGRTVA:0.20394736842105263	GDGRTVAL:0.20394736842105263	AWVRDAAY:0.2565789473684211	GRLPWSEL:0.34868421052631576	AGRLPWSE:0.42105263157894735	TGAIAAAV:0.21052631578947367	PWSELARR:0.3092105263157895	YAWVRDAA:0.23026315789473684	PTGAIAAA:0.3355263157894737	NWDYRYAW:0.3026315789473684	ALALKFLW:0.39473684210526316	PVRVGNTA:0.20394736842105263	LALKFLWF:0.21710526315789475	WSELARRI:0.21052631578947367	LPWSELAR:0.3092105263157895	LFDRLLDA:0.2565789473684211	RLPWSELA:0.3092105263157895	YAAIGDGR:0.3157894736842105	WDYRYAWV:0.26973684210526316	SALALKFL:0.4342105263157895	LPQGLSHL:0.2631578947368421	GNLPQGLS:0.2631578947368421	LGNLPQGL:0.29605263157894735	NLPQGLSH:0.2631578947368421	YRFAWVRD:0.21710526315789475	DYRFAWVR:0.21710526315789475	GGKNWDYR:0.21052631578947367	FLWFSPTG:0.20394736842105263	GDGRSVAL:0.3026315789473684	LKFLWFSP:0.20394736842105263	QAYTFYAG:0.2565789473684211	ALKFLWFS:0.20394736842105263	FSPTGAIA:0.24342105263157895	KFLWFSPT:0.20394736842105263	SPTGAIAA:0.3026315789473684	LWFSPTGA:0.20394736842105263	WVRDAAYT:0.21052631578947367	RSALALKF:0.39473684210526316	SIDWWCVP:0.23684210526315788	GSIDWWCV:0.23684210526315788	VALIAPDG:0.24342105263157895	RDACLIIK:0.21710526315789475	SVALIAPD:0.24342105263157895	GRSVALIA:0.2631578947368421	IGEGRSVA:0.24342105263157895	EGRSVALI:0.23026315789473684	CKAAFSWL:0.20394736842105263	RSVALIAP:0.24342105263157895	AGRLPWAE:0.21052631578947367	
