cluster number:10
GH146:113	GH146:113|GH97:2|3.2.1.185:1|GH43_19:1|GH43_34:1|CBM13:1
HANTQIPK:0.7256637168141593	TQIPKVIG:0.4778761061946903	GNSVREHF:0.415929203539823	SVREHFHP:0.2920353982300885	GLHANTQI:0.36283185840707965	GGNSVREH:0.4336283185840708	GLDGHIGG:0.5486725663716814	LDGHIGGH:0.5486725663716814	NTQIPKVI:0.4778761061946903	ANTQIPKV:0.5752212389380531	IGGNSVRE:0.35398230088495575	NSVREHFH:0.30973451327433627	LHANTQIP:0.35398230088495575	TCNTYNML:0.4690265486725664	EQQPESDH:0.415929203539823	VGSGLENH:0.23893805309734514	SEHGGLNE:0.2743362831858407	CNTYNMLR:0.23008849557522124	IGGHYLSA:0.36283185840707965	HILSSQHP:0.3185840707964602	GHYLSALA:0.2831858407079646	WVPLYNIH:0.35398230088495575	FWCCVGSG:0.3805309734513274	ENTGLDGH:0.34513274336283184	QGPETCNT:0.20353982300884957	HIGGHYLS:0.3805309734513274	GGFVYFTP:0.46017699115044247	GPETCNTY:0.5221238938053098	NTYNMLRL:0.23008849557522124	VPLYNIHK:0.35398230088495575	GMHANTQI:0.2920353982300885	QQPESDHF:0.30973451327433627	CCVGSGLE:0.25663716814159293	MHANTQIP:0.26548672566371684	GGHYLSAL:0.415929203539823	TGLDGHIG:0.35398230088495575	QIPKVIGF:0.3274336283185841	WCCVGSGL:0.25663716814159293	PETCNTYN:0.5221238938053098	ENHAKYGE:0.24778761061946902	KGGFVYFT:0.23008849557522124	GEQQPESD:0.415929203539823	ADDSRMGH:0.24778761061946902	FVYFTPMR:0.36283185840707965	GHIGGHYL:0.45132743362831856	DGHIGGHY:0.5132743362831859	WENTGLDG:0.34513274336283184	NWENTGLD:0.34513274336283184	NHILSSQH:0.30973451327433627	GFVYFTPM:0.36283185840707965	VYFTPMRP:0.40707964601769914	HYRVYSQP:0.40707964601769914	LYNHILSS:0.3008849557522124	YAGLRDAY:0.23893805309734514	NTGLDGHI:0.336283185840708	YNHILSSQ:0.34513274336283184	ETCNTYNM:0.5221238938053098	YGPIVLAA:0.20353982300884957	CVGSGLEN:0.23893805309734514	HKTYAGLR:0.20353982300884957	PGEQQPES:0.23893805309734514	RPGHYRVY:0.20353982300884957	YRVYSQPE:0.24778761061946902	ALYNHILS:0.3008849557522124	SFWCCVGS:0.23893805309734514	RVYSQPET:0.22123893805309736	LYVNLFIP:0.3008849557522124	PGHYRVYS:0.20353982300884957	WCCVGSGI:0.24778761061946902	CCVGSGIE:0.24778761061946902	VYSQPETS:0.22123893805309736	TYAGLRDA:0.20353982300884957	GHYRVYSQ:0.21238938053097345	KTYAGLRD:0.20353982300884957	YVNLFIPS:0.3893805309734513	YERALYNH:0.39823008849557523	RALYNHIL:0.40707964601769914	ERALYNHI:0.40707964601769914	VPWYNLHK:0.21238938053097345	WVPWYNLH:0.21238938053097345	MWCCVGSG:0.3805309734513274	EGPETCNT:0.3274336283185841	SMWCCVGS:0.25663716814159293	TGLHANTQ:0.26548672566371684	PIVLAAKT:0.22123893805309736	GPIVLAAK:0.23008849557522124	LTGLHANT:0.2743362831858407	TYNMLRLT:0.20353982300884957	DYYERALY:0.3185840707964602	YYERALYN:0.35398230088495575	TYNMLKLS:0.23008849557522124	MLRSEHGG:0.23893805309734514	LRSEHGGL:0.20353982300884957	RSEHGGLN:0.20353982300884957	NTYNMLKL:0.2743362831858407	CNTYNMLK:0.2743362831858407	
