cluster number:8
GH146:30	GH146:30|CBM22:2
FWCCTGTG:0.6666666666666666	MTMYFQPM:0.3333333333333333	MATGYFKV:0.3	GYLSAFPE:0.2	NDQYELEH:0.23333333333333334	YNMLKLTR:0.2	TGYFKVYS:0.3	WYTMHKII:0.4	GYFKVYSS:0.23333333333333334	NMLKLTRE:0.2	ILKGKHAN:0.2	YGPVVLSA:0.4666666666666667	HFWCCTGT:0.36666666666666664	AWVPWYTM:0.23333333333333334	KFLGALNR:0.26666666666666666	EIRGHTLG:0.3	KHANTTIP:0.6	YFQPMATG:0.36666666666666664	FQPMATGY:0.36666666666666664	HANTTIPK:0.8	GNDQYELE:0.23333333333333334	PAWVPWYT:0.23333333333333334	TEIRGHTL:0.26666666666666666	TGTGMESF:0.36666666666666664	DILKGKHA:0.2	NTTIPKFL:0.3	WVPWYTMH:0.4666666666666667	CCTGTGME:0.5333333333333333	VPWYTMHK:0.4666666666666667	EHFWCCTG:0.23333333333333334	TTIPKFLG:0.3	FEHFWCCT:0.23333333333333334	FLGALNRY:0.23333333333333334	GKHANTTI:0.5666666666666667	ANTTIPKF:0.43333333333333335	PKFLGALN:0.26666666666666666	TIPKFLGA:0.3	EYGGMNDC:0.5	PMATGYFK:0.3333333333333333	PWYTMHKI:0.5333333333333333	LKGKHANT:0.23333333333333334	CTGTGMES:0.36666666666666664	KGKHANTT:0.2	VEYGGMND:0.5	VGNDQYEL:0.23333333333333334	WCCTGTGM:0.5333333333333333	GMTMYFQP:0.3333333333333333	MYFQPMAT:0.3333333333333333	TGMTMYFQ:0.3	YGGMNDCL:0.43333333333333335	MHKIIAGL:0.3	GGMNDCLY:0.43333333333333335	QPMATGYF:0.3333333333333333	TMHKIIAG:0.3	GMESFTKL:0.2	YTMHKIIA:0.3	MLKLTREL:0.2	PFEHFWCC:0.23333333333333334	ATGYFKVY:0.3	IPKFLGAL:0.3	IRGHTLGH:0.3	YITGGNSE:0.2	TMYFQPMA:0.3333333333333333	VLSVEYGG:0.23333333333333334	TCNTYNML:0.3333333333333333	INAILSSQ:0.2	NTYNMLKL:0.26666666666666666	KLNDSLYF:0.23333333333333334	NSEWEHFG:0.3333333333333333	TGGNSEWE:0.3333333333333333	AILSSQNP:0.2	YVTGGNSE:0.2	SVEYGGMN:0.23333333333333334	GHTLGHYL:0.3	GGNSEWEH:0.3333333333333333	YNMLKLSR:0.36666666666666664	CNTYNMLK:0.3333333333333333	LSVEYGGM:0.23333333333333334	RGHTLGHY:0.3	NAILSSQN:0.2	ETCNTYNM:0.36666666666666664	GNSEWEHF:0.3333333333333333	LPVGNDQY:0.2	TKLNDSLY:0.2	PVGNDQYE:0.2	RELFKITG:0.2	YLSALSQA:0.2	GMNDCLYE:0.3	RLVFTPHY:0.2	SLPVGNDQ:0.2	DSLPVGND:0.2	NDCLYELY:0.3	GHYLSALS:0.2	MNDCLYEL:0.3	HYLSALSQ:0.2	SAGYVSAF:0.23333333333333334	NFRGHFFG:0.2	IEYGGMND:0.23333333333333334	TIPKLIGA:0.23333333333333334	EYGGMNDA:0.3	IPKLIGAL:0.23333333333333334	YGGMNDAL:0.3	ANTTIPKL:0.3333333333333333	ASQNPETG:0.23333333333333334	GGMNDALY:0.3	TTIPKLIG:0.23333333333333334	EFWCCTGT:0.26666666666666666	ENVLVPWY:0.2	SQNPETGM:0.2	FRGHFFGH:0.2	NTTIPKLI:0.23333333333333334	VLPGKHAN:0.26666666666666666	LPGKHANT:0.26666666666666666	VPWYNLHK:0.2	NVLPGKHA:0.2	NSQSEHFH:0.23333333333333334	NMLKLSRE:0.26666666666666666	LKLSRELF:0.26666666666666666	MLKLSREL:0.26666666666666666	IPKFIGAL:0.2	GYVSAFRE:0.2	CNEYNMLK:0.2	HKVLAGLL:0.26666666666666666	KVLAGLLD:0.2	LHKVLAGL:0.26666666666666666	YNLHKVLA:0.2	NLHKVLAG:0.23333333333333334	NEYNMLKL:0.2	RDHTYVTG:0.2	TYVTGGNS:0.26666666666666666	PVVLSAGL:0.23333333333333334	VVLSAGLG:0.23333333333333334	GPVVLSAG:0.23333333333333334	HTYVTGGN:0.26666666666666666	DHTYVTGG:0.23333333333333334	
