cluster number:8
GH66:22	GH66:22|3.2.1.11:3|CBM2:1
LTDAVIFA:0.45454545454545453	PGVLLTDA:0.36363636363636365	GSHLELGE:0.45454545454545453	VLLTDAVI:0.36363636363636365	VLAAYMNY:0.6818181818181818	GGSHLELG:0.45454545454545453	TPGVLLTD:0.3181818181818182	LLTDAVIF:0.5	NTVLAAYM:0.5909090909090909	IQFYDWQY:0.3181818181818182	VMNAVNQY:0.22727272727272727	EYFPNKNL:0.22727272727272727	INGIQFYD:0.4090909090909091	NTPGVLLT:0.36363636363636365	FNTPGVLL:0.4090909090909091	NGIQFYDW:0.4090909090909091	AYQNLLRD:0.4090909090909091	GIQFYDWQ:0.4090909090909091	YQNLLRDG:0.22727272727272727	GVLLTDAV:0.36363636363636365	TVLAAYMN:0.5909090909090909	HINGIQFY:0.4090909090909091	DWSKFPRY:0.2727272727272727	SKFPRYGY:0.22727272727272727	VSSDWSKF:0.22727272727272727	FYDWQYKH:0.5	SDWSKFPR:0.22727272727272727	YYDFLTAY:0.4090909090909091	VDVSSDWS:0.2727272727272727	AVDVSSDW:0.6818181818181818	SSDWSKFP:0.22727272727272727	DVSSDWSK:0.22727272727272727	WSKFPRYG:0.2727272727272727	MLSKEYFP:0.5	KFPRYGYL:0.5454545454545454	APVKFLYT:0.3181818181818182	QFYDWQYK:0.4090909090909091	SKEYFPHK:0.3181818181818182	YNLLFGAY:0.22727272727272727	DGWHVDQL:0.5454545454545454	LELGENML:0.5	PVKFLYTE:0.3181818181818182	WGKFPRYG:0.3181818181818182	DWGKFPRY:0.3181818181818182	VDYVMNAV:0.3181818181818182	RFHINGIQ:0.36363636363636365	DVSSDWGK:0.3181818181818182	RYGYLADF:0.45454545454545453	VMNAVGQF:0.22727272727272727	VIFASGGS:0.36363636363636365	IERLNRFH:0.36363636363636365	KFLYTEVW:0.3181818181818182	SGGSHLEL:0.36363636363636365	LNRFHING:0.45454545454545453	VIERLNRF:0.3181818181818182	LGENMLSK:0.3181818181818182	IAVDVSSD:0.5	NMLSKEYF:0.3181818181818182	ENMLSKEY:0.3181818181818182	ERLNRFHI:0.36363636363636365	YDFLTAYQ:0.22727272727272727	FDGWHVDQ:0.5454545454545454	NYNLLFGA:0.2727272727272727	NIAVDVSS:0.45454545454545453	NAVGQFGQ:0.22727272727272727	MKAMNYNL:0.45454545454545453	DAVIFASG:0.4090909090909091	FLYTEVWG:0.22727272727272727	FPRYGYLA:0.45454545454545453	VSSDWGKF:0.3181818181818182	RLNRFHIN:0.4090909090909091	FHINGIQF:0.36363636363636365	KAMNYNLL:0.3181818181818182	VKFLYTEV:0.3181818181818182	MNYNLLFG:0.2727272727272727	HLELGENM:0.5	EFNTPGVL:0.2727272727272727	ELGENMLS:0.4090909090909091	PRYGYLAD:0.45454545454545453	FASGGSHL:0.36363636363636365	PFDGWHVD:0.5	GEFNTPGV:0.2727272727272727	VDVSSDWG:0.3181818181818182	SHLELGEN:0.4090909090909091	PGEFNTPG:0.22727272727272727	LPKLKYWD:0.3181818181818182	WHVDQLGD:0.5	LSKEYFPH:0.36363636363636365	SSDWGKFP:0.3181818181818182	YDWQYKHQ:0.22727272727272727	IFASGGSH:0.36363636363636365	GKFPRYGY:0.3181818181818182	SDWGKFPR:0.3181818181818182	TDAVIFAS:0.4090909090909091	DYVMNAVG:0.3181818181818182	DFLTAYQN:0.22727272727272727	KEYFPHKN:0.22727272727272727	MNAVGQFG:0.22727272727272727	GWHVDQLG:0.5454545454545454	LNTVLAAY:0.45454545454545453	YVMNAVGQ:0.36363636363636365	AVIFASGG:0.45454545454545453	GENMLSKE:0.3181818181818182	VDQLGDRG:0.5	NRFHINGI:0.36363636363636365	EYFPHKNL:0.22727272727272727	ASGGSHLE:0.36363636363636365	HVDQLGDR:0.5	LPFDGWHV:0.5	LKYWDMVV:0.2727272727272727	AMNYNLLF:0.2727272727272727	HLPFDGWH:0.22727272727272727	DVDYVMNA:0.22727272727272727	LDVDYVMN:0.22727272727272727	FLYTEVWD:0.2727272727272727	NMKAMNYN:0.2727272727272727	LAAYMNYD:0.22727272727272727	
