cluster number:27
AA1:23	AA1:23
GKTYLLRI:0.34782608695652173	IINAALNN:0.2608695652173913	LRIINAAL:0.4782608695652174	TYLLRIIN:0.43478260869565216	LLRIINAA:0.4782608695652174	KTYLLRII:0.391304347826087	YLLRIINA:0.43478260869565216	RIINAALN:0.43478260869565216	PGQTVDAL:0.30434782608695654	WAVIRFVA:0.21739130434782608	TVEMVLQN:0.21739130434782608	FLRATVYG:0.2608695652173913	PTGGWAVI:0.21739130434782608	VPTGGWAV:0.21739130434782608	APGQTVDA:0.21739130434782608	ETSLPPPP:0.21739130434782608	GQTVDALM:0.2608695652173913	EGTLWWHA:0.4782608695652174	GEWWNANV:0.2608695652173913	VNGQLPGP:0.21739130434782608	KSTKVKTL:0.21739130434782608	TGGWAVIR:0.21739130434782608	GVYTRDFP:0.30434782608695654	GWAVIRFV:0.21739130434782608	SFLRATVY:0.2608695652173913	LRATVYGA:0.43478260869565216	LAQGFGNY:0.391304347826087	LLGEWWNA:0.2608695652173913	GTLWWHAH:0.6956521739130435	GGWAVIRF:0.43478260869565216	VEMVLQNT:0.21739130434782608	VYTRDFPD:0.21739130434782608	AVPTGGWA:0.21739130434782608	VLAQGFGN:0.391304347826087	NGQLPGPT:0.21739130434782608	QEGTLWWH:0.6956521739130435	EGDTVVVH:0.2608695652173913	LGEWWNAN:0.21739130434782608	VAGHTFTV:0.21739130434782608	AGHTFTVV:0.21739130434782608	RATVYGAL:0.4782608695652174	RFVADNPG:0.21739130434782608	GQEGTLWW:0.5217391304347826	LWWHAHSS:0.21739130434782608	TLWWHAHS:0.2608695652173913	TLWWHAHV:0.2608695652173913	YRFNVTGQ:0.2608695652173913	TYRFNVTG:0.2608695652173913	TGQEGTLW:0.34782608695652173	EGDTLVVH:0.21739130434782608	GALIIRPR:0.34782608695652173	VYGALIIR:0.30434782608695654	HVLAQGFG:0.30434782608695654	FHVLAQGF:0.30434782608695654	EGTLWWHS:0.21739130434782608	ENHPIHLH:0.2608695652173913	TVYGALII:0.34782608695652173	YGALIIRP:0.30434782608695654	SDAYTING:0.30434782608695654	NFHVLAQG:0.2608695652173913	FNFHVLAQ:0.2608695652173913	GTLWWHSH:0.21739130434782608	AAVVEHTF:0.21739130434782608	ATVYGALI:0.30434782608695654	AQGFGNYN:0.21739130434782608	YNLTIHWH:0.21739130434782608	PYNLTIHW:0.21739130434782608	HGFNFHVL:0.21739130434782608	NLTIHWHG:0.2608695652173913	SPYNLTIH:0.21739130434782608	GFNFHVLA:0.21739130434782608	NKSPYNLT:0.21739130434782608	HPIHLHGF:0.21739130434782608	NHPIHLHG:0.21739130434782608	PILLGEWW:0.21739130434782608	PIIIGEWW:0.21739130434782608	TINGKLGD:0.21739130434782608	VPIIIGEW:0.21739130434782608	DSNPMHLH:0.21739130434782608	SNPMHLHG:0.21739130434782608	LTIHWHGV:0.21739130434782608	INGKLGDL:0.21739130434782608	
