cluster number:30
AA1:561	AA1_1:502|AA1:59|1.10.3.2:57|CE4:1
NPGPWFLH:0.49732620320855614	VDSIQIFA:0.33511586452762926	FAGQRYSF:0.24420677361853832	AGTFWYHS:0.6987522281639929	PHPFHLHG:0.6024955436720143	QIFAGQRY:0.2549019607843137	YCDGLRGP:0.5846702317290553	TFWYHSHL:0.5222816399286988	HLSTQYCD:0.5044563279857398	FLHCHIDW:0.20320855614973263	VPDQAGTF:0.43672014260249553	GTFWYHSH:0.6541889483065954	HCHIDWHL:0.2816399286987522	DGPAFVNQ:0.25133689839572193	WFLHCHID:0.5704099821746881	FWYHSHLS:0.45098039215686275	IHWHGFFQ:0.3137254901960784	SHLSTQYC:0.49376114081996436	TDNPGPWF:0.37967914438502676	PFHLHGHT:0.2887700534759358	GQRYSFVL:0.27450980392156865	HPFHLHGH:0.6238859180035651	GGINSAIL:0.32620320855614976	AFVNQCPI:0.28520499108734404	PWFLHCHI:0.5668449197860963	ADGPAFVN:0.22994652406417113	TQYCDGLR:0.6470588235294118	STQYCDGL:0.5579322638146168	GPAFVNQC:0.2531194295900178	IFAGQRYS:0.29233511586452765	PGPWFLHC:0.49732620320855614	QAGTFWYH:0.6648841354723708	SIHWHGFF:0.27807486631016043	PAFVNQCP:0.2531194295900178	HSHLSTQY:0.48841354723707664	GPWFLHCH:0.5811051693404634	CDGLRGPF:0.2620320855614973	INSAILRY:0.47771836007130125	DQAGTFWY:0.5472370766488414	FVNQCPIA:0.22281639928698752	LHCHIDWH:0.25846702317290554	VDNYWIRA:0.2709447415329768	WYHSHLST:0.48841354723707664	QYCDGLRG:0.7736185383244206	VLLQILSG:0.5490196078431373	PVLLQILS:0.5490196078431373	LLQILSGA:0.44385026737967914	DNPGPWFL:0.3689839572192513	AGQRYSFV:0.23351158645276293	GINSAILR:0.45811051693404636	GPHPFHLH:0.23351158645276293	FHLHGHTF:0.2887700534759358	YHSHLSTQ:0.48841354723707664	WADGPAFV:0.3689839572192513	PDQAGTFW:0.46524064171123	TSIHWHGF:0.27450980392156865	LSTQYCDG:0.5169340463458111	VPVLLQIL:0.46880570409982175	QIFAAQRY:0.22459893048128343	LQILSGAQ:0.25133689839572193	RGPFVVYD:0.21212121212121213	ITLADWYH:0.45811051693404636	FAAQRYSF:0.25133689839572193	TVPVLLQI:0.36185383244206776	GLRGPFVV:0.2192513368983957	PTVPVLLQ:0.3689839572192513	VITLADWY:0.3493761140819964	TVITLADW:0.35472370766488415	TLINGLGR:0.41354723707664887	DNYWIRAN:0.21390374331550802	GPFVVYDP:0.20677361853832443	NWADGPAF:0.3404634581105169	TNWADGPA:0.3493761140819964	PPTVPVLL:0.30303030303030304	GTNWADGP:0.3226381461675579	IFAAQRYS:0.25668449197860965	NYWIRANP:0.3155080213903743	IQIFAAQR:0.21212121212121213	LRGPFVVY:0.2192513368983957	DGLRGPFV:0.23885918003565063	GKRYRFRL:0.4206773618538324	NSAILRYD:0.23707664884135474	KRYRFRLV:0.3868092691622103	YRFRLVSL:0.20320855614973263	AQRYSFVL:0.26737967914438504	HCHIDFHL:0.3600713012477718	GAPHPFHL:0.20320855614973263	GDNVTIRF:0.3868092691622103	ATLINGLG:0.20677361853832443	AAQRYSFV:0.24064171122994651	LHCHIDFH:0.3493761140819964	AVVRSAGS:0.23351158645276293	FLHCHIDF:0.33868092691622104	APHPFHLH:0.20320855614973263	FAVVRSAG:0.23707664884135474	RYRFRLVS:0.44919786096256686	AILRYDGA:0.20499108734402852	SAILRYDG:0.20499108734402852	STSIHWHG:0.26024955436720143	
