cluster number:0
AA1:11	AA1:11
LLTADKSV:1.0	ATPVTSTF:1.0	ANVPLTVD:1.0	TIGVGIDP:1.0	AVDNVTAI:1.0	YYSISGVF:0.9090909090909091	TDTIFIGP:1.0	AYTKPFST:1.0	TVVAVDNV:1.0	GVGIDPCA:1.0	VTAIAFLR:1.0	HSLYFTIG:1.0	LRSLNSKK:1.0	FSPPVLTT:0.6363636363636364	ADKSVGKY:1.0	TFMDNLRS:1.0	CATCVNGS:1.0	DNVTAIAF:1.0	SKKFPANV:0.45454545454545453	VGKYLMAV:1.0	TSTFMDNL:1.0	PANVPLTV:1.0	FSTDTIFI:1.0	SFIMPTTA:1.0	VVAVDNVT:1.0	TKPFSTDT:1.0	KFPANVPL:0.45454545454545453	STDTIFIG:1.0	DHSLYFTI:1.0	AFSPPVLT:0.6363636363636364	ALLQAHYY:0.9090909090909091	AVSPFMDT:1.0	AFLRYKGT:1.0	NVTAIAFL:1.0	TIAFSPPV:0.6363636363636364	FMDTVVAV:1.0	LNSKKFPA:0.45454545454545453	DTVVAVDN:1.0	CVNGSKAV:1.0	LTTTPAIN:1.0	VDNVTAIA:1.0	GAINNISF:1.0	VEVDAAYT:1.0	IMPTTALL:0.9090909090909091	EVDAAYTK:1.0	PAINATPV:1.0	RSLNSKKF:0.45454545454545453	LMAVSPFM:1.0	MPTTALLQ:0.9090909090909091	DTIFIGPG:1.0	VGIDPCAT:1.0	QAHYYSIS:0.9090909090909091	PFSTDTIF:1.0	LQAHYYSI:0.9090909090909091	LTADKSVG:1.0	ATCVNGSK:1.0	NVPLTVDH:1.0	FMDNLRSL:1.0	TAIAFLRY:1.0	GSKAVGAI:1.0	IGVGIDPC:1.0	SLNSKKFP:0.45454545454545453	SVGKYLMA:1.0	INATPVTS:1.0	FPANVPLT:0.45454545454545453	STFMDNLR:1.0	TVVEVDAA:0.8181818181818182	VNGSKAVG:1.0	KYLMAVSP:1.0	TPAINATP:1.0	YKGTIAFS:1.0	PPVLTTTP:0.6363636363636364	NSKKFPAN:0.45454545454545453	NISFIMPT:1.0	IFIGPGQT:1.0	VLTTTPAI:1.0	DKSVGKYL:1.0	NNISFIMP:1.0	IDPCATCV:1.0	LRYKGTIA:1.0	IAFLRYKG:1.0	TVDHSLYF:1.0	FIMPTTAL:1.0	VPLTVDHS:1.0	TADKSVGK:1.0	LLQAHYYS:0.9090909090909091	PFMDTVVA:1.0	SPPVLTTT:0.6363636363636364	PCATCVNG:1.0	VDAAYTKP:1.0	VSPFMDTV:1.0	TNALLTAD:1.0	QTTNALLT:1.0	TCVNGSKA:1.0	PGQTTNAL:1.0	SKAVGAIN:1.0	FIGPGQTT:1.0	KKFPANVP:0.45454545454545453	GTIAFSPP:0.6363636363636364	HYYSISGV:0.9090909090909091	TTNALLTA:1.0	ISFIMPTT:1.0	IAFSPPVL:0.6363636363636364	NLRSLNSK:1.0	VDHSLYFT:1.0	VAVDNVTA:1.0	INNISFIM:1.0	TIFIGPGQ:1.0	AINNISFI:1.0	VTSTFMDN:1.0	TTALLQAH:0.9090909090909091	YTKPFSTD:1.0	AHYYSISG:0.9090909090909091	ALLTADKS:1.0	TTPAINAT:1.0	SPFMDTVV:1.0	NALLTADK:1.0	MDTVVAVD:1.0	PVLTTTPA:0.6363636363636364	MAVSPFMD:1.0	DAAYTKPF:1.0	NGSKAVGA:1.0	PLTVDHSL:1.0	TTTPAINA:1.0	YLMAVSPF:1.0	GKYLMAVS:1.0	LYFTIGVG:1.0	LTVDHSLY:1.0	PVTSTFMD:1.0	DPCATCVN:1.0	KAVGAINN:1.0	TPVTSTFM:1.0	GQTTNALL:1.0	KGTIAFSP:1.0	VVEVDAAY:1.0	SLYFTIGV:1.0	AVGAINNI:1.0	PTTALLQA:0.9090909090909091	NATPVTST:1.0	RYKGTIAF:1.0	YSISGVFT:0.9090909090909091	GIDPCATC:1.0	KPFSTDTI:1.0	AAYTKPFS:1.0	AINATPVT:1.0	KSVGKYLM:1.0	FLRYKGTI:1.0	TALLQAHY:0.9090909090909091	VGAINNIS:1.0	AIAFLRYK:1.0	FTIGVGID:1.0	MDNLRSLN:1.0	YFTIGVGI:1.0	DNLRSLNS:1.0	GPGQTTNA:1.0	IGPGQTTN:1.0	GVFTDDFP:0.8181818181818182	SFNYTGNN:0.8181818181818182	FNYTGNNT:0.8181818181818182	FTDDFPAM:0.8181818181818182	DDFPAMPP:0.8181818181818182	PAMPPNSF:0.8181818181818182	NNTALNLQ:0.7272727272727273	DFPAMPPN:0.8181818181818182	TDDFPAMP:0.8181818181818182	FPAMPPNS:0.8181818181818182	GNNTALNL:0.8181818181818182	MPPNSFNY:0.8181818181818182	ISGVFTDD:0.8181818181818182	NTALNLQT:0.7272727272727273	SISGVFTD:0.8181818181818182	SGVFTDDF:0.8181818181818182	TALNLQTI:0.7272727272727273	YTGNNTAL:0.8181818181818182	NYTGNNTA:0.8181818181818182	PNSFNYTG:0.8181818181818182	ALNLQTIN:0.7272727272727273	TGNNTALN:0.8181818181818182	NSFNYTGN:0.8181818181818182	PPNSFNYT:0.8181818181818182	VFTDDFPA:0.8181818181818182	LNLQTING:0.6363636363636364	AMPPNSFN:0.8181818181818182	LNSKKYPA:0.5454545454545454	PLVLTTTP:0.2727272727272727	LVLTTTPA:0.2727272727272727	YPANVPLT:0.5454545454545454	SKKYPANV:0.5454545454545454	FSPLVLTT:0.2727272727272727	RSLNSKKY:0.5454545454545454	AFSPLVLT:0.2727272727272727	IAFSPLVL:0.2727272727272727	SPLVLTTT:0.2727272727272727	NSKKYPAN:0.5454545454545454	NLQTINGT:0.5454545454545454	KYPANVPL:0.5454545454545454	TIAFSPLV:0.2727272727272727	KKYPANVP:0.5454545454545454	GTIAFSPL:0.2727272727272727	SLNSKKYP:0.5454545454545454	
