cluster number:19
AA1:75	AA1_3:72|CBM20:4|AA1:3|1.10.3.2:2
MHCHIAWH:0.30666666666666664	HCHIAWHV:0.30666666666666664	LMHCHIAW:0.24	WYHSHFSA:0.21333333333333335	HSHFSAQY:0.22666666666666666	GTSIHWHG:0.36	YHSHFSAQ:0.21333333333333335	SHFSAQYG:0.22666666666666666	CHIAWHVS:0.29333333333333333	WLMHCHIA:0.28	NGTSIHWH:0.36	YGTSWYHS:0.5333333333333333	GIGQRYDV:0.2	GTSWYHSH:0.6933333333333334	SWYHSHFS:0.36	QYGTSWYH:0.5333333333333333	IHLHGHDF:0.36	PHPIHLHG:0.28	HPIHLHGH:0.4266666666666667	RRDVAMLP:0.25333333333333335	TSWYHSHF:0.41333333333333333	IGQRYDVI:0.25333333333333335	GQRYDVII:0.36	PIHLHGHD:0.41333333333333333	YHSHYSLQ:0.21333333333333335	PGAWLMHC:0.22666666666666666	CHIAWHAS:0.2	WYHSHYSL:0.21333333333333335	HCHIAWHA:0.25333333333333335	GAWLMHCH:0.22666666666666666	AWLMHCHI:0.22666666666666666	HSHYSLQY:0.2	NPGAWLMH:0.22666666666666666	TQYGTSWY:0.29333333333333333	ATQYGTSW:0.25333333333333335	TDNPGAWL:0.2	NPPRRDVA:0.22666666666666666	TSWYHSHY:0.25333333333333335	SWYHSHYS:0.30666666666666664	IHWHGIRQ:0.21333333333333335	
