cluster number:26
AA1:31	AA1:31
YHYGQINI:0.22580645161290322	PNPQGSYH:0.2903225806451613	SAARPNPQ:0.3870967741935484	VSRHTIQV:0.2903225806451613	ARPNPQGS:0.8709677419354839	NITRTIKL:0.25806451612903225	LTASAARP:0.3870967741935484	GQINITRT:0.22580645161290322	SYHYGQIN:0.22580645161290322	RSLRDEYN:0.25806451612903225	YGQINITR:0.22580645161290322	NPQGSYHY:0.2903225806451613	ASAARPNP:0.3870967741935484	NLTASAAR:0.3870967741935484	SFRWNLTA:0.3548387096774194	RSFRWNLT:0.3225806451612903	HYGQINIT:0.22580645161290322	WNLTASAA:0.3870967741935484	LVEMEGSH:0.25806451612903225	RWNLTASA:0.3870967741935484	GSYHYGQI:0.22580645161290322	RPNPQGSY:0.3870967741935484	TASAARPN:0.3870967741935484	INITRTIK:0.2903225806451613	QGSYHYGQ:0.22580645161290322	KLVEMEGS:0.25806451612903225	PQGSYHYG:0.2903225806451613	AARPNPQG:0.7419354838709677	TFDNAGMW:0.22580645161290322	FRWNLTAS:0.3548387096774194	GVLGTNCP:0.3548387096774194	WQDGVLGT:0.3870967741935484	QDGVLGTN:0.3548387096774194	DSLDVHVG:0.25806451612903225	YDSLDVHV:0.2903225806451613	KNSWQDGV:0.2903225806451613	RKNSWQDG:0.45161290322580644	NSWQDGVL:0.25806451612903225	PNPQGSFH:0.3225806451612903	DGVLGTNC:0.3548387096774194	NPQGSFHY:0.3225806451612903	INGQFPGP:0.3548387096774194	SWQDGVLG:0.2903225806451613	PQGSFHYG:0.3225806451612903	RPNPQGSF:0.4838709677419355	LINGQFPG:0.2903225806451613	SLDVHVGQ:0.2903225806451613	ILINGQFP:0.2903225806451613	GSFFYFPS:0.22580645161290322	TSLNFRIQ:0.2903225806451613	DIHVGQSY:0.25806451612903225	VGQSYSFL:0.25806451612903225	VKDQIGSF:0.22580645161290322	KDQIGSFF:0.2903225806451613	QIGSFFYF:0.25806451612903225	VLGTNCPI:0.2903225806451613	DQIGSFFY:0.2903225806451613	LGTNCPIP:0.2903225806451613	STSLNFRI:0.25806451612903225	IHVGQSYS:0.25806451612903225	IGSFFYFP:0.25806451612903225	HVGQSYSF:0.25806451612903225	QVKDQIGS:0.41935483870967744	FQVKDQIG:0.41935483870967744	GTNCPIPP:0.22580645161290322	SLNFRIQG:0.22580645161290322	LNFRIQGH:0.2903225806451613	NIVVNVFN:0.25806451612903225	LLIPVPYA:0.22580645161290322	GWAWSLNQ:0.22580645161290322	LDAVSRHT:0.22580645161290322	LIPVPYAD:0.22580645161290322	AWSLNQFR:0.22580645161290322	SRLLIPVP:0.3225806451612903	NVFNNLDE:0.22580645161290322	NNIVVNVF:0.25806451612903225	RLLIPVPY:0.25806451612903225	HRKNSWQD:0.2903225806451613	GMWNLRSE:0.22580645161290322	WAWSLNQF:0.22580645161290322	NLLDAVSR:0.22580645161290322	RHTIQVFP:0.22580645161290322	YNLLDAVS:0.22580645161290322	LLDAVSRH:0.22580645161290322	NNNIVVNV:0.25806451612903225	VFNNLDEP:0.22580645161290322	QHRKNSWQ:0.2903225806451613	IPVPYADP:0.22580645161290322	TPLKLAEY:0.2903225806451613	SRHTIQVF:0.22580645161290322	NYNLLDAV:0.22580645161290322	VETEGSYT:0.22580645161290322	LVETEGSY:0.22580645161290322	
