cluster number:13
AA1:11	AA1:11
GPFLLHCH:0.2727272727272727	EHPMYVYA:0.45454545454545453	DGLYGAIY:0.5454545454545454	LGTPWSDG:0.2727272727272727	NPGPFLLH:0.2727272727272727	PGPFLLHC:0.2727272727272727	IDEHPMYV:0.45454545454545453	PIMLSDWR:0.2727272727272727	SIDEHPMY:0.5454545454545454	DEHPMYVY:0.45454545454545453	FSIDEHPM:0.5454545454545454	YAVDGRYV:0.2727272727272727	WSDGVPGL:0.6363636363636364	PMYVYAVD:0.2727272727272727	TVHFHGIE:0.2727272727272727	VDGRYVEP:0.2727272727272727	DDGLYGAI:0.2727272727272727	PWSDGVPG:0.7272727272727273	HPMYVYAV:0.2727272727272727	TPWSDGVP:0.6363636363636364	SDGVPGLS:0.2727272727272727	VHFHGIEQ:0.36363636363636365	MYVYAVDG:0.2727272727272727	QGDDVEFL:0.2727272727272727	GLYGAIYI:0.36363636363636365	DGVPGLSQ:0.2727272727272727	PIHKHSNK:0.45454545454545453	AVDGRYVE:0.2727272727272727	GTPWSDGV:0.45454545454545453	HPIHKHSN:0.45454545454545453	GDDVEFLV:0.2727272727272727	IHKHSNKF:0.36363636363636365	HKHSNKFF:0.2727272727272727	DGVPGLTQ:0.2727272727272727	SDGVPGLT:0.2727272727272727	
