cluster number:4
AA1:52	AA1_2:47|AA1:5|1.10.3.2:1
PGTYWYHS:0.36538461538461536	GNQSTSLH:0.25	RGIVALVF:0.2692307692307692	KVPTLYTA:0.25	VWLFHCHI:0.5384615384615384	QSTSLHFH:0.25	STSLHFHG:0.25	LGNQSTSL:0.25	PGVWLFHC:0.5384615384615384	NIGAFAGQ:0.3076923076923077	RHPFHLHG:0.3076923076923077	IVALVFSC:0.2692307692307692	VPTLYTAL:0.23076923076923078	KADNPGVW:0.25	HPFHLHGH:0.7115384615384616	GVWLFHCH:0.5384615384615384	TYWYHSHT:0.25	LFHCHIEW:0.6346153846153846	DNPGVWLF:0.4423076923076923	IGAFAGQY:0.3076923076923077	RPVIGING:0.21153846153846154	QPGTYWYH:0.36538461538461536	IVQIVVNN:0.21153846153846154	GTYWYHSH:0.5961538461538461	SMDTTLFD:0.25	GRHPFHLH:0.3076923076923077	ERPVIGIN:0.21153846153846154	NPGVWLFH:0.5384615384615384	ADNPGVWL:0.38461538461538464	GIVALVFS:0.28846153846153844	HCHIEWHV:0.5384615384615384	WLFHCHIE:0.5961538461538461	TSLHFHGL:0.34615384615384615	NQSTSLHF:0.25	RFKADNPG:0.2692307692307692	FKADNPGV:0.25	FHCHIEWH:0.7115384615384616	GQYPDGLR:0.5384615384615384	QYPDGLRG:0.5769230769230769	YPDGLRGP:0.4807692307692308	TYNFTVDQ:0.21153846153846154	GANYAFFN:0.25	SLHFHGLF:0.23076923076923078	DQPGTYWY:0.21153846153846154	PTGAEPVP:0.4807692307692308	NPTGAEPV:0.4807692307692308	PKVPTLYT:0.3269230769230769	AFFNNITY:0.36538461538461536	YAFFNNIT:0.2692307692307692	NYAFFNNI:0.23076923076923078	DGLRGPLI:0.28846153846153844	NVTGWLVY:0.23076923076923078	PDGLRGPL:0.3269230769230769	DGANYAFF:0.23076923076923078	
