cluster number:28
CBM18:28	CBM18:28|GH16:28|3.2.1.39:1
VKDEIDFE:0.25	GVVTAFIL:0.4642857142857143	KDEIDFEW:0.21428571428571427	DVKDEIDF:0.21428571428571427	GTIEWAGG:0.2857142857142857	SDVKDEID:0.6785714285714286	WAGGEIDW:0.25	AYCLGGCD:0.6428571428571429	QLSLWPAG:0.21428571428571427	RVQLSLWP:0.2857142857142857	GAYCLGGC:0.6428571428571429	PQTPARVQ:0.21428571428571427	APCCSQYG:0.21428571428571427	YCLGGCDP:0.6428571428571429	CSQYGECG:0.35714285714285715	PCCSQYGE:0.35714285714285715	LSDVKDEI:0.21428571428571427	TGAYCLGG:0.25	TAFILLSD:0.21428571428571427	GTIDWAGG:0.2857142857142857	GTGAYCLG:0.25	DVKDEIDY:0.5	VKDEIDYE:0.5357142857142857	LLSDVKDE:0.21428571428571427	CCSQYGEC:0.35714285714285715	FILLSDVK:0.21428571428571427	VTAFILLS:0.21428571428571427	AFILLSDV:0.21428571428571427	QYGECGTG:0.21428571428571427	ILLSDVKD:0.21428571428571427	CGTGAYCL:0.25	VVTAFILL:0.21428571428571427	SQYGECGT:0.21428571428571427	GGCDPRMS:0.25	CLGGCDPR:0.35714285714285715	SCVPAPVC:0.25	FPQTPSRV:0.25	NYYFQGIT:0.21428571428571427	CDPRMSFS:0.21428571428571427	YMWYGNVK:0.35714285714285715	TNYYFQGI:0.35714285714285715	MWYGNVKA:0.35714285714285715	PQTPSRVQ:0.32142857142857145	DSCVPAPV:0.21428571428571427	GCDPRMSF:0.21428571428571427	LGGCDPRM:0.25	QTNYYFQG:0.35714285714285715	DEIDYEFV:0.42857142857142855	ILFSDVKD:0.2857142857142857	ECGVGAYC:0.21428571428571427	YGECGVGA:0.21428571428571427	FSDVKDEI:0.2857142857142857	CGVGAYCL:0.2857142857142857	FSLDSCVP:0.25	EIDYEFVG:0.42857142857142855	QLSLWPGG:0.25	LFSDVKDE:0.2857142857142857	AFILFSDV:0.2857142857142857	TAFILFSD:0.25	AQTNYYFQ:0.25	QTPSRVQL:0.21428571428571427	VGAYCLGG:0.2857142857142857	GVGAYCLG:0.2857142857142857	MSFSLDSC:0.25	YEIRWTPD:0.25	GECGVGAY:0.21428571428571427	WAGGPIDW:0.25	KDEIDYEF:0.42857142857142855	TPSRVQLS:0.21428571428571427	SFSLDSCV:0.25	FILFSDVK:0.2857142857142857	VQLSLWPG:0.25	
