cluster number:1
GH39:81	GH39:81|3.2.1.37:8
SYWTFSDV:0.5679012345679012	GGFGLVAL:0.32098765432098764	TFSDVFEE:0.5679012345679012	PIEVWNEP:0.32098765432098764	ITEFNSSY:0.38271604938271603	PFLELGFM:0.35802469135802467	WPIEVWNE:0.32098765432098764	HGGFGLVA:0.48148148148148145	QVGGPAIC:0.2962962962962963	YWTFSDVF:0.5679012345679012	FHGGFGLV:0.48148148148148145	VGGPAICG:0.49382716049382713	FLELGFMP:0.35802469135802467	HITEFNSS:0.38271604938271603	WTFSDVFE:0.5679012345679012	IEVWNEPN:0.3333333333333333	RPFLELGF:0.20987654320987653	WKGNVTPP:0.2222222222222222	RLGLALQK:0.32098765432098764	LGLALQKE:0.32098765432098764	AYIARILS:0.20987654320987653	DDVGIYRE:0.38271604938271603	GRLGLALQ:0.345679012345679	YIARILSE:0.20987654320987653	GLALQKEY:0.4444444444444444	AAYIARIL:0.20987654320987653	PVHITEFN:0.24691358024691357	EVWNEPNL:0.5555555555555556	FGLLTHRQ:0.2839506172839506	ALFHGGFG:0.25925925925925924	LPVHITEF:0.2222222222222222	NSSYRPDN:0.20987654320987653	LALRRDYQ:0.20987654320987653	GGFGLLTH:0.30864197530864196	FNSSYRPD:0.20987654320987653	LFHGGFGL:0.3333333333333333	WRGNVTPP:0.24691358024691357	VHITEFNS:0.2222222222222222	LASGDQTV:0.345679012345679	EFNSSYRP:0.20987654320987653	GGPAISPG:0.2345679012345679	DFVSRHAY:0.43209876543209874	TEFNSSYR:0.2345679012345679	LQVGGPAI:0.4444444444444444	IGFRHIRG:0.2222222222222222	GFGLLTHR:0.2839506172839506	VGGPAISP:0.2345679012345679	FHGGFGLL:0.2962962962962963	FRHIRGHG:0.2345679012345679	HGGFGLLT:0.30864197530864196	ASGDQTVF:0.345679012345679	GFRHIRGH:0.2345679012345679	AYLAPVLA:0.2222222222222222	SFSYWTFS:0.6296296296296297	VDFVSRHA:0.4074074074074074	AAYLAPVL:0.2222222222222222	RHIRGHGL:0.2222222222222222	DSFSYWTF:0.6790123456790124	FSYWTFSD:0.6296296296296297	KPTYHLYA:0.2345679012345679	PVDFVSRH:0.43209876543209874	VPVDFVSR:0.38271604938271603	PTYHLYAF:0.2345679012345679	HAYTSGPA:0.2222222222222222	VSRHAYTS:0.3950617283950617	FVSRHAYT:0.3950617283950617	GHGLLSDD:0.2222222222222222	RGHGLLSD:0.38271604938271603	VDSFSYWT:0.6296296296296297	IRGHGLLS:0.35802469135802467	YIRGHGLL:0.30864197530864196	MGRPRFPS:0.20987654320987653	PFEIWNEP:0.20987654320987653	VGTGRLGL:0.25925925925925924	YNFTYIDR:0.345679012345679	SEGGDYVD:0.25925925925925924	HITEYNTS:0.30864197530864196	SRHAYTSK:0.2345679012345679	TEYNTSYS:0.2839506172839506	NVTPPKDY:0.32098765432098764	TGRLGLAL:0.3333333333333333	FYNFTYID:0.37037037037037035	CVGTGRLG:0.25925925925925924	EIWNEPNL:0.2345679012345679	RILSEGGD:0.2345679012345679	EGGDYVDS:0.25925925925925924	GDYVDSFS:0.30864197530864196	TYIGLDDS:0.2222222222222222	NFTYIDRI:0.345679012345679	GPAICGGS:0.2962962962962963	GTGRLGLA:0.3333333333333333	ILSEGGDY:0.2345679012345679	FEIWNEPN:0.20987654320987653	GGDYVDSF:0.25925925925925924	GGPAICGG:0.41975308641975306	PFYNFTYI:0.3333333333333333	ARILSEGG:0.25925925925925924	EYNTSYSP:0.2839506172839506	DYVDSFSY:0.30864197530864196	LSEGGDYV:0.25925925925925924	PAICGGSD:0.2962962962962963	YVDSFSYW:0.345679012345679	WPFEIWNE:0.20987654320987653	GNVTPPKD:0.30864197530864196	ITEYNTSY:0.30864197530864196	YFKLYEVT:0.20987654320987653	EYFKLYEV:0.20987654320987653	
