cluster number:58
GH39:48	GH39:48|CBM9:1
FGADEPNY:0.2916666666666667	IGFMPEAL:0.3541666666666667	FFGADEPN:0.25	ALPTARVG:0.20833333333333334	DPEGCAAC:0.875	NLLTSGDG:0.3541666666666667	ADEPNYAT:0.20833333333333334	WRFFGADE:0.25	GFMPEALS:0.3541666666666667	GADEPNYA:0.2708333333333333	LPTARVGG:0.20833333333333334	RFFGADEP:0.25	HNLLTSGD:0.3541666666666667	AHNLLTSG:0.2708333333333333	RAHNLLTS:0.3125	TGWAYPPK:0.4166666666666667	FGYDEPNY:0.5625	STNAYTED:0.5	SYEVWKKM:0.22916666666666666	FMPEALST:0.20833333333333334	NSYEVWKK:0.22916666666666666	VLNVFRMF:0.4583333333333333	WAYPPKDY:0.4166666666666667	RDLATNGV:0.4791666666666667	YEVWKKMG:0.2708333333333333	EVESWYWE:0.3541666666666667	PVLNVFRM:0.5416666666666666	AWFGYDEP:0.3125	IGESDPEG:0.7708333333333334	MKDGKKLL:0.2708333333333333	TYMKDGKK:0.22916666666666666	NYTYMKDG:0.3333333333333333	SNSYEVWK:0.22916666666666666	EFEDQPWF:0.20833333333333334	PEGCAACS:0.3125	FRDLATNG:0.5208333333333334	KPVLNVFR:0.3958333333333333	YDEPNYTY:0.5208333333333334	DGKKLLSE:0.20833333333333334	TNGVDKPV:0.3125	FEFEDQPW:0.20833333333333334	DKPVLNVF:0.3958333333333333	GFRDLATN:0.5208333333333334	GSTNAYTE:0.5208333333333334	WFGYDEPN:0.5	YMKDGKKL:0.2708333333333333	ESDPEGCA:0.8125	LKWGSTNA:0.5	VFRMFGMM:0.22916666666666666	NAYRNGTM:0.4375	WAWFGYDE:0.3125	GYDEPNYT:0.5625	VWKKMGSP:0.2708333333333333	WGSTNAYT:0.5416666666666666	PPKDYKKW:0.20833333333333334	YTYMKDGK:0.25	PNYTYMKD:0.3333333333333333	IIGESDPE:0.3125	EPNYTYMK:0.3333333333333333	NGVDKPVL:0.3125	KDGKKLLS:0.20833333333333334	NVFRMFGM:0.22916666666666666	AALKWGST:0.25	KEVESWYW:0.22916666666666666	LATNGVDK:0.4791666666666667	SDPEGCAA:0.7916666666666666	GWAYPPKD:0.4375	LNVFRMFG:0.3333333333333333	DLATNGVD:0.4791666666666667	GESDPEGC:0.7916666666666666	WYWELWNE:0.20833333333333334	VDKPVLNV:0.3333333333333333	DEPNYTYM:0.3541666666666667	ATNGVDKP:0.3125	ALKWGSTN:0.6041666666666666	GVDKPVLN:0.3541666666666667	KWGSTNAY:0.5625	AYRNGTMY:0.4583333333333333	EVWKKMGS:0.2708333333333333	TNAYTEDA:0.3958333333333333	PALKWGST:0.375	QPYFDGFR:0.20833333333333334	EGCAACSA:0.22916666666666666	YRNGTMYS:0.5625	FEFENQPW:0.25	WYWEVWNE:0.22916666666666666	AQIGFMPE:0.2708333333333333	LSPVPVYV:0.2708333333333333	GTMYSSYT:0.5625	QIGFMPEA:0.3541666666666667	RNGTMYSS:0.5625	EFENQPWF:0.25	YGFRDLAT:0.20833333333333334	FYGFRDLA:0.20833333333333334	EGCAACGM:0.2916666666666667	SPVPVYVR:0.2708333333333333	PLAQIGFM:0.20833333333333334	MYSSYTAA:0.5208333333333334	SFEFENQP:0.22916666666666666	PEGCAACG:0.3125	LAQIGFMP:0.20833333333333334	VSWSFEFE:0.2708333333333333	AVSWSFEF:0.20833333333333334	WSFEFENQ:0.22916666666666666	TMYSSYTA:0.5625	NGTMYSSY:0.5625	GAVSWSFE:0.20833333333333334	NAYTEDAN:0.20833333333333334	AYTEDANG:0.20833333333333334	PRQGVSLL:0.3125	SYTAASFA:0.4375	LPRQGVSL:0.3125	YTAASFAR:0.4375	AASFARKY:0.22916666666666666	YSSYTAAS:0.4791666666666667	TAASFARK:0.2708333333333333	SSYTAASF:0.4583333333333333	VWHYHDDD:0.22916666666666666	PVVIGESD:0.25	DFLAFHAK:0.25	EGAVTWAF:0.20833333333333334	VVIGESDP:0.2708333333333333	VIGESDPE:0.4375	WEVWNEPD:0.2708333333333333	FLAFHAKG:0.25	LPVLNVFR:0.20833333333333334	
