cluster number:14
GH39:6	GH39:6
GWIRDEIT:0.5	GLGNVTPQ:0.3333333333333333	HLKKHNGP:0.3333333333333333	KLLNTAAD:0.3333333333333333	AYARAAAW:0.5	NTAADAIK:0.3333333333333333	LNTAADAI:0.3333333333333333	YDPDAYAR:0.3333333333333333	ADAIKAAN:0.5	IKAANPRM:0.6666666666666666	YARAAAWL:0.5	WIRDEITW:0.5	ITDHPYSF:0.5	DPDAYARA:0.5	DAYARAAA:0.5	DGITDHPY:0.3333333333333333	IGLGNVTP:0.3333333333333333	IALWSAER:0.3333333333333333	VIALWSAE:0.3333333333333333	TAADAIKA:0.3333333333333333	GITDHPYS:0.3333333333333333	VIGLGNVT:0.3333333333333333	TDHPYSFR:0.5	LGNVTPQN:0.3333333333333333	DAIKAANP:0.5	LLNTAADA:0.3333333333333333	VDGITDHP:0.3333333333333333	ARAAAWLA:0.5	PYSFRSPP:0.5	AIKAANPR:0.6666666666666666	DHPYSFRS:0.5	HPYSFRSP:0.5	VGWIRDEI:0.6666666666666666	PDAYARAA:0.5	LGVGWIRD:0.6666666666666666	AADAIKAA:0.3333333333333333	GVGWIRDE:0.6666666666666666	YSFRSPPE:0.5	IEILNEPF:0.5	KELDGKIH:0.3333333333333333	IHAIEILN:0.3333333333333333	WLAKELDG:0.5	AAWLAKEL:0.5	AHGLKIIA:0.3333333333333333	MTVIGLGN:0.3333333333333333	PKPAYAAV:0.3333333333333333	RAAAWLAK:0.5	KAANPRMT:0.5	GKIHAIEI:0.3333333333333333	KPAYAAVQ:0.3333333333333333	LAKELDGK:0.5	ADLGVGWI:0.3333333333333333	KIHAIEIL:0.3333333333333333	RMTVIGLG:0.3333333333333333	NPRMTVIG:0.3333333333333333	DLGVGWIR:0.3333333333333333	ENTRKWID:0.3333333333333333	FSEAAQAR:0.3333333333333333	AKELDGKI:0.3333333333333333	AAQARYAQ:0.3333333333333333	PRMTVIGL:0.3333333333333333	DGKIHAIE:0.3333333333333333	EILNEPFG:0.3333333333333333	SFRSPPEI:0.3333333333333333	AAAWLAKE:0.5	ANPRMTVI:0.3333333333333333	AANPRMTV:0.5	NAHGLKII:0.3333333333333333	AQARYAQR:0.3333333333333333	EAAQARYA:0.3333333333333333	TVIGLGNV:0.3333333333333333	ELDGKIHA:0.3333333333333333	HAIEILNE:0.3333333333333333	SEAAQARY:0.3333333333333333	IRDEITWR:0.3333333333333333	LDGKIHAI:0.3333333333333333	GFSEAAQA:0.3333333333333333	AIEILNEP:0.3333333333333333	QARYAQRR:0.3333333333333333	RDEITWRD:0.3333333333333333	AWLAKELD:0.5	ANAHGLKI:0.3333333333333333	IADLGVGW:0.3333333333333333	SENTRKWI:0.3333333333333333	RDGIATAD:0.3333333333333333	EVDGIADH:0.3333333333333333	DGIADHPY:0.3333333333333333	KRDGIATA:0.3333333333333333	GIADHPYS:0.3333333333333333	VDGIADHP:0.3333333333333333	ILKRDGIA:0.3333333333333333	LKRDGIAT:0.3333333333333333	AANPDIKV:0.3333333333333333	KAANPDIK:0.3333333333333333	
