cluster number:33
GH39:11	GH39:11
RGMGILGV:0.36363636363636365	KIWITEYG:0.36363636363636365	DALSFHPY:0.2727272727272727	YEVWNEPN:0.7272727272727273	GMGILGVL:0.36363636363636365	FDALSFHP:0.2727272727272727	EVWNEPNS:0.2727272727272727	AYEVWNEP:0.6363636363636364	LDWAYANG:0.2727272727272727	WLDWAYAN:0.2727272727272727	RRARYWQL:0.2727272727272727	DWAYANGY:0.2727272727272727	HHPYPAWN:0.2727272727272727	ARYWQLVR:0.2727272727272727	RARYWQLV:0.2727272727272727	AHHPYPAW:0.2727272727272727	DDGNLVLY:0.2727272727272727	QDDGNLVL:0.2727272727272727	LQGDGNLV:0.2727272727272727	
