cluster number:78
GH39:12	GH39:12
YEIWNEWL:0.3333333333333333	GISLHPYS:0.4166666666666667	EIWNEWLY:0.25	SLHPYSYG:0.25	IDGISLHP:0.25	YGTGIPFK:0.25	WNEWLYGT:0.3333333333333333	YIDGISLH:0.25	HPYSYGNP:0.25	IKGVWWYD:0.4166666666666667	LHPYSYGN:0.25	PYSYGNPD:0.25	DGISLHPY:0.4166666666666667	NEWLYGTG:0.3333333333333333	WYDLIDDG:0.6666666666666666	WLYGTGIP:0.25	VWWYDLID:0.4166666666666667	DLIDDGTD:0.25	YYEIWNEW:0.75	ISLHPYSY:0.4166666666666667	YDLIDDGT:0.25	EWLYGTGI:0.25	FIKGVWWY:0.4166666666666667	IWNEWLYG:0.3333333333333333	LYGTGIPF:0.25	GVWWYDLI:0.4166666666666667	KGVWWYDL:0.4166666666666667	WWYDLIDD:0.6666666666666666	KYYEIWNE:0.5833333333333334	YGFTSIRD:0.3333333333333333	DFIKGVWW:0.3333333333333333	VKNREHRF:0.25	FTSIRDDY:0.3333333333333333	GFTSIRDD:0.3333333333333333	KNREHRFG:0.25	DLIDDGSN:0.25	VKYYEIWN:0.5833333333333334	YDLIDDGS:0.25	YIKGLWWY:0.5	KGLWWYDL:0.5	LWWYDLID:0.25	IKGLWWYD:0.5	GLWWYDLI:0.4166666666666667	LAGSINPL:0.3333333333333333	NKEDNFGF:0.25	AIILAGSI:0.3333333333333333	NAIILAGS:0.3333333333333333	PNAIILAG:0.3333333333333333	KEDNFGFF:0.25	ILAGSINP:0.3333333333333333	KGKVKYYE:0.4166666666666667	YEIWNEWT:0.3333333333333333	EIWNEWTI:0.3333333333333333	DPNAIILA:0.3333333333333333	KVKYYEIW:0.4166666666666667	IILAGSIN:0.3333333333333333	GKVKYYEI:0.4166666666666667	RYKGKVKY:0.25	NYIDGVSL:0.25	ILNYIDGV:0.25	LGILNYID:0.25	YIDGVSLH:0.25	LNYIDGVS:0.3333333333333333	GILNYIDG:0.25	
