cluster number:44
GH39:7	GH39:7|CBM9:4
PTFWFGTA:0.2857142857142857	VWNEPPTF:0.2857142857142857	GLALTSQG:0.2857142857142857	VSRYKPGG:0.2857142857142857	NEPPTFWF:0.2857142857142857	EVWNEPPT:0.2857142857142857	EPPTFWFG:0.2857142857142857	WEVWNEPP:0.2857142857142857	EYGLALTS:0.2857142857142857	SPWGIGGG:0.2857142857142857	PPTFWFGT:0.2857142857142857	PWGIGGGG:0.2857142857142857	TGRPVFLV:0.2857142857142857	WNEPPTFW:0.2857142857142857	AIHLYPGP:0.2857142857142857	SLFSTWTF:0.2857142857142857	LFSTWTFV:0.2857142857142857	DGSGRSGW:0.2857142857142857	YGLALTSQ:0.2857142857142857	GSGRSGWI:0.2857142857142857	TFWFGTAE:0.2857142857142857	LTGRPVFL:0.2857142857142857	IRYWEVWN:0.42857142857142855	RYWEVWNE:0.5714285714285714	MWDDDYLY:0.2857142857142857	TIDGDLSD:0.2857142857142857	TMWDDDYL:0.2857142857142857	IDGDLSDW:0.2857142857142857	YWEVWNEP:0.42857142857142855	WTPQDLSA:0.2857142857142857	GWTPQDLS:0.2857142857142857	QIRYWEVW:0.2857142857142857	
