cluster number:36
GH39:28	GH39:28
SEAIKRID:0.2857142857142857	SYGFNSVR:0.2857142857142857	FGIGTHIA:0.32142857142857145	LVLDYGNN:0.32142857142857145	TSEAIKRI:0.2857142857142857	EVWNEWYL:0.32142857142857145	RYKGKVKY:0.32142857142857145	YKESSDFY:0.25	YGFNSVRD:0.2857142857142857	TEVGYPTN:0.21428571428571427	ITEVGYPT:0.21428571428571427	NEWYLGTG:0.32142857142857145	YTLMNSAD:0.32142857142857145	WWYTLMNS:0.32142857142857145	KVKSYGFN:0.2857142857142857	FEFGIGTH:0.32142857142857145	WYTLMNSA:0.32142857142857145	VWNEWYLG:0.32142857142857145	EWYLGTGI:0.32142857142857145	KATSEAIK:0.32142857142857145	NRESNFGI:0.32142857142857145	VIAGSFNP:0.25	EFGIGTHI:0.32142857142857145	SVRDELYW:0.2857142857142857	KYYEVWNE:0.39285714285714285	GTGISSWF:0.32142857142857145	NSVRDELY:0.2857142857142857	LIKATSEA:0.32142857142857145	RESNFGIL:0.32142857142857145	KVKYYEVW:0.39285714285714285	YEVWNEWY:0.32142857142857145	RDELYWND:0.32142857142857145	ATSEAIKR:0.32142857142857145	YLGTGISS:0.32142857142857145	KGKVKYYE:0.5714285714285714	WYLGTGIS:0.32142857142857145	ILMHNESE:0.32142857142857145	NYKESSDF:0.25	GTHIANYK:0.2857142857142857	SNRESNFG:0.32142857142857145	GFNSVRDE:0.2857142857142857	VKSYGFNS:0.2857142857142857	VKYYEVWN:0.39285714285714285	GILMHNES:0.32142857142857145	YKGKVKYY:0.32142857142857145	KESSDFYI:0.25	ESNFGILM:0.32142857142857145	AKVIAGSF:0.25	IGTHIANY:0.32142857142857145	LLVLDYGN:0.42857142857142855	IAGSFNPL:0.2857142857142857	VRDELYWN:0.2857142857142857	NFGILMHN:0.32142857142857145	KSYGFNSV:0.2857142857142857	LMHNESEK:0.32142857142857145	THIANYKE:0.2857142857142857	FGILMHNE:0.32142857142857145	YITEVGYP:0.2857142857142857	YYEVWNEW:0.5714285714285714	KVIAGSFN:0.25	GKVKYYEV:0.39285714285714285	IANYKESS:0.2857142857142857	FNSVRDEL:0.2857142857142857	LGTGISSW:0.32142857142857145	AFEFGIGT:0.32142857142857145	HIANYKES:0.2857142857142857	WNEWYLGT:0.32142857142857145	GIGTHIAN:0.32142857142857145	SNFGILMH:0.32142857142857145	YIKGIWWY:0.2857142857142857	EAIKRIDP:0.2857142857142857	AGSFNPLK:0.32142857142857145	IKATSEAI:0.32142857142857145	TLMNSADN:0.32142857142857145	ANRYKGKV:0.35714285714285715	ANYKESSD:0.25	KGIWWYDL:0.25	IKGIWWYD:0.35714285714285715	GIWWYDLI:0.21428571428571427	YDLINDGN:0.21428571428571427	WYDLINDG:0.32142857142857145	IKGVWWYD:0.2857142857142857	DGISLHPY:0.21428571428571427	WWYDLIND:0.32142857142857145	GVWWYDLI:0.25	VWWYDLIN:0.25	KGVWWYDL:0.2857142857142857	YIKGVWWY:0.5	FASYAAWV:0.21428571428571427	AQYMIKYT:0.21428571428571427	TGISSWFL:0.21428571428571427	EKFASYAA:0.21428571428571427	DYIKGVWW:0.21428571428571427	KKAKPDDT:0.21428571428571427	FLKKAKPD:0.21428571428571427	KFASYAAW:0.21428571428571427	NRTKTDHY:0.21428571428571427	WFLKKAKP:0.21428571428571427	AAQYMIKY:0.21428571428571427	GISSWFLK:0.21428571428571427	RTKTDHYF:0.21428571428571427	IEKFASYA:0.21428571428571427	LYITEVGY:0.21428571428571427	SWFLKKAK:0.21428571428571427	LKKAKPDD:0.21428571428571427	SSWFLKKA:0.21428571428571427	YIDGISVH:0.21428571428571427	ISSWFLKK:0.21428571428571427	
