cluster number:8
GH39:17	GH39:17
EIWNEPNG:0.35294117647058826	YEIWNEPN:0.5882352941176471	AAGYFDAL:0.5882352941176471	KKIWATEY:0.47058823529411764	GRVGALAV:0.29411764705882354	TYTPTAAA:0.23529411764705882	RVGALAVA:0.29411764705882354	TPTAAARH:0.23529411764705882	KIWATEYG:0.47058823529411764	AAGAAGYF:0.35294117647058826	FTYTPTAA:0.23529411764705882	YAAGAAGY:0.35294117647058826	WATEYGQP:0.35294117647058826	IWATEYGQ:0.35294117647058826	MYAAGAAG:0.35294117647058826	IKAADPDA:0.29411764705882354	GALAVALG:0.29411764705882354	GAAGYFDA:0.7058823529411765	YTPTAAAR:0.23529411764705882	AGAAGYFD:0.47058823529411764	VGALAVAL:0.29411764705882354	AGYFDALS:0.5294117647058824	PDPAAYTE:0.23529411764705882	DPAAYTEL:0.23529411764705882	PAAYTELL:0.23529411764705882	AYEIWNEP:0.4117647058823529	DALSYHPY:0.47058823529411764	GDGNKKIW:0.29411764705882354	LSYHPYHY:0.23529411764705882	FDALSYHP:0.47058823529411764	DGTFTYTP:0.23529411764705882	AGTVTVID:0.23529411764705882	GNKKIWAT:0.29411764705882354	NKKIWATE:0.29411764705882354	SYHPYHYT:0.23529411764705882	YFDALSYH:0.47058823529411764	GYFDALSY:0.47058823529411764	GTVTVIDT:0.23529411764705882	DGNKKIWA:0.29411764705882354	TFTYTPTA:0.23529411764705882	ALSYHPYH:0.23529411764705882	GTFTYTPT:0.23529411764705882	LMVANGDG:0.23529411764705882	TVTDGYGG:0.23529411764705882	TVTVTVTD:0.23529411764705882	ISAYEIWN:0.29411764705882354	SAYEIWNE:0.29411764705882354	VTVTDGYG:0.23529411764705882	TVTVTDGY:0.23529411764705882	VTVTVTDG:0.23529411764705882	
