cluster number:13
GH39:6	GH39:6
LARERLSW:0.5	LEMFHDAP:0.5	GGLARERL:0.3333333333333333	GLARERLS:0.5	VSPIVLQP:0.3333333333333333	GGGVFAYL:0.3333333333333333	NGLLDESD:0.3333333333333333	LLDESDFI:0.3333333333333333	DRWAYPRF:0.6666666666666666	ESRACGVA:0.3333333333333333	TPIGGGVF:0.6666666666666666	GDRWAYPR:0.3333333333333333	FPFVYPAY:0.3333333333333333	PIGGGVFA:0.6666666666666666	DESDFISF:0.3333333333333333	KGDRWAYP:0.3333333333333333	IEVSDFYL:0.3333333333333333	RNGLLDES:0.3333333333333333	ESDFISFH:0.3333333333333333	VESRACGV:0.3333333333333333	ILEMFHDA:0.3333333333333333	YAGDLALP:0.3333333333333333	AIEVSDFY:0.3333333333333333	TGVLLRAR:0.5	IGGGVFAY:0.3333333333333333	FIPSLGLE:0.3333333333333333	GVLLRARC:0.5	LDESDFIS:0.3333333333333333	ARNGLLDE:0.6666666666666666	GLLDESDF:0.3333333333333333	NAIEVSDF:0.3333333333333333	KILEMFHD:0.3333333333333333	YGDPLGLE:0.3333333333333333	MQAVESRA:0.3333333333333333	ALEVWNEP:0.8333333333333334	GLLDECDF:0.3333333333333333	QAVESRAC:0.3333333333333333	LEVWNEPD:0.5	YYGDPLGL:0.3333333333333333	HYYGDPLG:0.3333333333333333	VWNEPDIG:0.3333333333333333	NGLLDECD:0.3333333333333333	ITGVLVRA:0.3333333333333333	DFISFHYY:0.3333333333333333	SFHYYGDP:0.3333333333333333	PADQYLPL:0.3333333333333333	AVESRACG:0.3333333333333333	RNGLLDEC:0.5	FHYYGDPL:0.3333333333333333	NEPDIGFG:0.3333333333333333	EVWNEPDI:0.5	WNEPDIGF:0.3333333333333333	RITGVLVR:0.3333333333333333	QPADQYLP:0.5	DGEWHVAY:0.3333333333333333	ATVRLMSW:0.5	FPDDLIAA:0.3333333333333333	GDPLGLER:0.3333333333333333	PADGEWHV:0.5	AMQAVESR:0.3333333333333333	ADGEWHVA:0.3333333333333333	IVLQPQID:0.3333333333333333	TGVLVRAR:0.3333333333333333	DTEAMRLY:0.3333333333333333	WAYPRFTL:0.5	FTLPQEVD:0.3333333333333333	YPRFTLPQ:0.5	GNQPADQY:0.3333333333333333	AGVDTPIG:0.3333333333333333	VDRWAYPR:0.3333333333333333	AYPRFTLP:0.5	GALEVWNE:0.5	WGALEVWN:0.5	ARERLSWN:0.3333333333333333	GFGGNQPA:0.3333333333333333	ERLSWNAI:0.3333333333333333	GVDTPIGG:0.3333333333333333	RWAYPRFT:0.5	PATVRLMS:0.3333333333333333	DTPIGGGV:0.5	AARNGLLD:0.5	VDTPIGGG:0.3333333333333333	GGNQPADQ:0.3333333333333333	PRFTLPQE:0.5	FGGNQPAD:0.3333333333333333	LAARNGLL:0.5	GVDRWAYP:0.3333333333333333	IGFGGNQP:0.3333333333333333	RFTLPQEV:0.5	RERLSWNA:0.3333333333333333	YWGALEVW:0.3333333333333333	SLAARNGL:0.3333333333333333	VLLRARCA:0.3333333333333333	LEVWNEPN:0.3333333333333333	
