cluster number:47
GH39:22	GH39:22
EFGWATRN:0.45454545454545453	WMDLHDRS:0.2727272727272727	PRYRILLG:0.2727272727272727	LLGLLGNE:0.2727272727272727	GDWSPRPA:0.2727272727272727	HDRSGAIY:0.2727272727272727	AMFLWNLN:0.36363636363636365	EPDPRYRI:0.2727272727272727	YWVQYFER:0.3181818181818182	ATRNNTPG:0.3181818181818182	LFVLGYPI:0.22727272727272727	YILGRLLG:0.2727272727272727	PDEPDPRY:0.22727272727272727	QQVRWMDL:0.2727272727272727	TPNALFVL:0.22727272727272727	RENEPPFQ:0.22727272727272727	LHDRSGAI:0.2727272727272727	IWITEFGW:0.2727272727272727	FGWATRNN:0.3181818181818182	WHPDEPDP:0.22727272727272727	VQYFERQR:0.2727272727272727	GRENEPPF:0.22727272727272727	SREFYFRR:0.2727272727272727	ILLGLLGN:0.2727272727272727	QYFERAIL:0.2727272727272727	RQRMEWHP:0.2727272727272727	WITEFGWA:0.4090909090909091	HPDEPDPR:0.22727272727272727	RMEWHPDE:0.22727272727272727	FWLNNGGL:0.2727272727272727	MEWHPDEP:0.22727272727272727	ERQRMEWH:0.2727272727272727	MFLWNLNF:0.4090909090909091	EWHPDEPD:0.22727272727272727	YRVQYFER:0.2727272727272727	ERAILEEH:0.2727272727272727	DPRYRILL:0.2727272727272727	TEFGWATR:0.45454545454545453	DRSGAIYW:0.2727272727272727	ITEFGWAT:0.4090909090909091	ALFVLGYP:0.22727272727272727	VRWMDLHD:0.2727272727272727	GWATRNNT:0.3181818181818182	YFERQRME:0.2727272727272727	QRMEWHPD:0.22727272727272727	VAAPSWAT:0.22727272727272727	WVQYFERQ:0.2727272727272727	RWMDLHDR:0.2727272727272727	MDLHDRSG:0.2727272727272727	PFIEESFT:0.2727272727272727	NGDWSPRP:0.2727272727272727	YFERAILE:0.2727272727272727	RVQYFERA:0.2727272727272727	FERQRMEW:0.2727272727272727	FLWNLNFA:0.36363636363636365	DLHDRSGA:0.2727272727272727	WATRNNTP:0.3181818181818182	NPPDTLWP:0.36363636363636365	RILLGLLG:0.2727272727272727	QYFERQRM:0.2727272727272727	LGLLGNEY:0.2727272727272727	QVRWMDLH:0.2727272727272727	RQQVRWMD:0.2727272727272727	FERAILEE:0.2727272727272727	GLLGNEYR:0.2727272727272727	VQYFERAI:0.2727272727272727	PNALFVLG:0.22727272727272727	YYILGRLL:0.2727272727272727	TRNNTPGY:0.2727272727272727	RAILEEHP:0.2727272727272727	FVLGYPIS:0.22727272727272727	PDPRYRIL:0.2727272727272727	DEPDPRYR:0.22727272727272727	LLGNEYRD:0.2727272727272727	NALFVLGY:0.22727272727272727	RYRILLGL:0.2727272727272727	YRILLGLL:0.2727272727272727	IWNEQNLA:0.45454545454545453	MGEMAKRY:0.22727272727272727	FMGEMAKR:0.22727272727272727	NPDWSPRP:0.2727272727272727	LNPDWSPR:0.36363636363636365	DWSPRPAY:0.22727272727272727	AVENGGRV:0.36363636363636365	IWITEYGW:0.22727272727272727	EQNLAVEN:0.2727272727272727	DAQAVHPG:0.22727272727272727	QAVHPGGA:0.3181818181818182	HPGGAANP:0.36363636363636365	QNLAVENG:0.2727272727272727	YFRHVENV:0.36363636363636365	AQAVHPGG:0.22727272727272727	HYFRHVEN:0.2727272727272727	EIWNEQNL:0.3181818181818182	LAVENGGR:0.36363636363636365	ILNPDWSP:0.2727272727272727	THYFRHVE:0.2727272727272727	GGAANPPD:0.36363636363636365	NLAVENGG:0.45454545454545453	ANPPDTLW:0.2727272727272727	AVHPGGAA:0.3181818181818182	PGGAANPP:0.36363636363636365	NEQNLAVE:0.2727272727272727	VHPGGAAN:0.4090909090909091	GAANPPDT:0.36363636363636365	TPGYEFGN:0.2727272727272727	WITEYGWA:0.22727272727272727	AANPPDTL:0.2727272727272727	FRHVENVR:0.36363636363636365	ITEYGWAT:0.22727272727272727	WNEQNLAV:0.2727272727272727	NTPGYEFG:0.22727272727272727	NNTPGYEF:0.22727272727272727	
