cluster number:2
PL15:11	PL15:11
SPYGSYNH:0.36363636363636365	SWYRQTKA:0.2727272727272727	PYGSYNHS:0.2727272727272727	DQYPFDSH:0.45454545454545453	AEFLVLLD:0.2727272727272727	NAVTFDGG:0.2727272727272727	KSSPYGSY:0.36363636363636365	HSHGDQNS:0.2727272727272727	YRQTKAHN:0.2727272727272727	NHSHGDQN:0.5454545454545454	RQTKAHNA:0.2727272727272727	TSWYRQTK:0.2727272727272727	WYRQTKAH:0.2727272727272727	YFKSSPYG:0.9090909090909091	SSPYGSYN:0.36363636363636365	YGSYNHSH:0.2727272727272727	FKSSPYGS:0.9090909090909091	QYPFDSHG:0.45454545454545453	DQATRQIA:0.2727272727272727	QDQATRQI:0.36363636363636365	YAEGDATP:0.2727272727272727	DYAEGDAT:0.2727272727272727	VWSGPEGG:0.2727272727272727	NQDQATRQ:0.36363636363636365	TYDGGIGQ:0.2727272727272727	RGDQLAAL:0.2727272727272727	NGTAYAEY:0.45454545454545453	PTSYANQD:0.2727272727272727	WTDWYHQT:0.2727272727272727	LLQAPYPL:0.2727272727272727	FDGGKGQL:0.2727272727272727	ANQDQATR:0.2727272727272727	TFDGGKGQ:0.36363636363636365	SFNHSHGD:0.36363636363636365	EGGYANGT:0.36363636363636365	SSPYGSFN:0.36363636363636365	RLDQYPFD:0.2727272727272727	PLLVKAGW:0.2727272727272727	YGSFNHSH:0.36363636363636365	VKAGWYDW:0.2727272727272727	VHAFGDGS:0.2727272727272727	SPYGSFNH:0.36363636363636365	GSFNHSHG:0.36363636363636365	AGWYDWYG:0.2727272727272727	SYANQDQA:0.2727272727272727	GWYDWYGS:0.2727272727272727	LVKAGWYD:0.2727272727272727	LLVKAGWY:0.2727272727272727	TSYANQDQ:0.2727272727272727	KSSPYGSF:0.45454545454545453	GGYANGTA:0.36363636363636365	GYANGTAY:0.36363636363636365	FNHSHGDQ:0.45454545454545453	HSHGDQNG:0.36363636363636365	GQPLLVKA:0.2727272727272727	LQAPYPLP:0.36363636363636365	GRLDQYPF:0.2727272727272727	WFDFSFRA:0.2727272727272727	QPLLVKAG:0.2727272727272727	GPTSYANQ:0.2727272727272727	ANGTAYAE:0.45454545454545453	PYGSFNHS:0.36363636363636365	WYDWYGSP:0.2727272727272727	YANGTAYA:0.2727272727272727	LDQYPFDS:0.2727272727272727	KAGWYDWY:0.2727272727272727	YANQDQAT:0.2727272727272727	DGGKGQLV:0.2727272727272727	NGRLDQYP:0.2727272727272727	HGAFYLKN:0.2727272727272727	YTWRVRPA:0.2727272727272727	EAAALLWR:0.2727272727272727	VYFKSSPY:0.45454545454545453	TSVYFKSS:0.5454545454545454	GSYTWRVR:0.2727272727272727	SVYFKSSP:0.5454545454545454	RTSVYFKS:0.36363636363636365	SLVINSGG:0.2727272727272727	WSGPEGGF:0.2727272727272727	NSLVINSG:0.2727272727272727	QNSLVINS:0.2727272727272727	DQNSLVIN:0.2727272727272727	SIGWAAMH:0.2727272727272727	IGWAAMHS:0.2727272727272727	GWAAMHSD:0.2727272727272727	PSIGWAAM:0.2727272727272727	VVVVRDKL:0.2727272727272727	QNPPGFAW:0.2727272727272727	GFANGTAY:0.2727272727272727	GGFANGTA:0.2727272727272727	VRQVWYLR:0.2727272727272727	
