cluster number:1
GH140:31	GH140:31|3.2.1.-:1
RRYGYWSV:0.25806451612903225	VRRYGYWS:0.25806451612903225	WLGDTGWL:0.3870967741935484	GNDWVLIL:0.22580645161290322	DVRRYGYW:0.25806451612903225	FWLGDTGW:0.3870967741935484	FFWLGDTG:0.3870967741935484	PFFWLGDT:0.5483870967741935	LGDTGWLL:0.22580645161290322	GEPSYEGI:0.22580645161290322	DGEPSYEG:0.22580645161290322	IDGEPSYE:0.22580645161290322	EPSYEGIP:0.25806451612903225	IWLNGGDT:0.2903225806451613	FQSGHRRY:0.41935483870967744	MFQSGHRR:0.41935483870967744	RYAYWSVF:0.3548387096774194	LDFNMFQS:0.5806451612903226	VRRYAYWS:0.2903225806451613	YAYWSVFA:0.2903225806451613	AYWSVFAG:0.2903225806451613	NMFQSGHR:0.4838709677419355	FNMFQSGH:0.5806451612903226	RRYAYWSV:0.3548387096774194	WLDFNMFQ:0.5806451612903226	DVRRYAYW:0.3225806451612903	DFNMFQSG:0.5806451612903226	TLDGEPSY:0.22580645161290322	PTLDGEPS:0.22580645161290322	KPTLDGEP:0.2903225806451613	LDGEPSYE:0.25806451612903225	GKPFFWLG:0.25806451612903225	TFHPFGRT:0.3548387096774194	KPFFWLGD:0.3548387096774194	
