cluster number:4
GH140:21	GH140:21
PFFYLGDT:0.2857142857142857	FYLGDTAW:0.2857142857142857	FFYLGDTA:0.2857142857142857	LGDTAWEL:0.47619047619047616	IIWILGGD:0.23809523809523808	IWILGGDR:0.42857142857142855	WILGGDRN:0.2857142857142857	YLGDTAWE:0.23809523809523808	AWELFHRL:0.6666666666666666	VIWILGGD:0.23809523809523808	GFTVIQAV:0.38095238095238093	GDTAWELF:0.6666666666666666	WELFHRLD:0.2857142857142857	DTAWELFH:0.7619047619047619	KGFTVIQA:0.2857142857142857	TAWELFHR:0.7142857142857143	LPTWGDKV:0.2857142857142857	LLPTWGDK:0.5238095238095238	ELFHRLNR:0.23809523809523808	FHRLNREE:0.23809523809523808	GLLPTWGD:0.2857142857142857	LFHRLNRE:0.23809523809523808	WELFHRLN:0.23809523809523808	ALLPTWGD:0.23809523809523808	GAFGHTYG:0.23809523809523808	
