cluster number:9
CE2:27	CE2:27|CBM2:8|CBM13:3
VATLVTPG:0.37037037037037035	GRGMVRNY:0.4074074074074074	FRGTGVGV:0.25925925925925924	GMVRNYNG:0.5555555555555556	EGRFRGTG:0.5185185185185185	MVRNYNGG:0.48148148148148145	DRLGCDWH:0.25925925925925924	SGRGMVRN:0.4074074074074074	LGTNDFST:0.3333333333333333	IEFIGDSL:0.37037037037037035	RQIEFIGD:0.7407407407407407	RGMVRNYN:0.25925925925925924	RFRGTGVG:0.4444444444444444	LDRLGCDW:0.2222222222222222	GRFRGTGV:0.4444444444444444	EFIGDSLT:0.37037037037037035	DGATVATL:0.2222222222222222	QIEFIGDS:0.7407407407407407	TVATLVTP:0.37037037037037035	FEGRFRGT:0.5555555555555556	DYDVQIDG:0.25925925925925924	ATLVTPGR:0.2222222222222222	YFEGRFRG:0.2962962962962963	IGLGINDF:0.2222222222222222	VIGLGIND:0.2222222222222222	GLGINDFS:0.48148148148148145	LGINDFST:0.48148148148148145	VVIGLGIN:0.2222222222222222	LGCDWHPS:0.2962962962962963	RSRQIEFI:0.25925925925925924	AARSRQIE:0.2222222222222222	VAAPGGAV:0.25925925925925924	AAPGGAVL:0.2962962962962963	PAARSRQI:0.2222222222222222	DYDVQVDG:0.3333333333333333	RTFYDRAL:0.25925925925925924	YDRALLNV:0.5185185185185185	SWPGVYFE:0.37037037037037035	FVAAPGGA:0.25925925925925924	FGGFVAAP:0.3333333333333333	GFVAAPGG:0.37037037037037035	HTVRLVKR:0.4074074074074074	YSWPGVYF:0.25925925925925924	YRTFYDRA:0.2222222222222222	PGVYFEGR:0.3333333333333333	WPGVYFEG:0.4444444444444444	SRQIEFIG:0.25925925925925924	GGFVAAPG:0.3333333333333333	TFYDRALL:0.2222222222222222	FYDRALLN:0.25925925925925924	ARSRQIEF:0.25925925925925924	VVGLGIND:0.2222222222222222	TSTFGGFV:0.2962962962962963	FSGRGMVR:0.2962962962962963	AFSGRGMV:0.2962962962962963	NAFSGRGM:0.25925925925925924	VVVGLGIN:0.2222222222222222	VGLGINDF:0.2222222222222222	PGDTSTFG:0.2222222222222222	STFGGFVA:0.2222222222222222	LGMVRNYN:0.2222222222222222	GYSGLGMV:0.2222222222222222	SGLGMVRN:0.37037037037037035	VNLGTNDF:0.2222222222222222	VWQNPGTW:0.25925925925925924	INGYSGLG:0.2222222222222222	DTSTFGGF:0.2222222222222222	PDSLAAAY:0.2222222222222222	WTPDSLAA:0.2222222222222222	LNADYQIN:0.2222222222222222	YSGLGMVR:0.25925925925925924	TVRLVKRT:0.2222222222222222	WQNPGTWR:0.25925925925925924	QNPGTWRP:0.25925925925925924	TGVGIVLD:0.25925925925925924	GDTSTFGG:0.2222222222222222	DVWQNPGT:0.25925925925925924	DSLAAAYR:0.2222222222222222	GTGVGIVL:0.37037037037037035	GDVWQNPG:0.25925925925925924	TPDSLAAA:0.2222222222222222	QINGYSGL:0.2222222222222222	NGYSGLGM:0.2222222222222222	GVGIVLDD:0.25925925925925924	GLGMVRNY:0.2962962962962963	RGTGVGIV:0.2962962962962963	VVNLGTND:0.2222222222222222	YQINGYSG:0.2222222222222222	LVTPGRTT:0.25925925925925924	VRLVKRTE:0.2222222222222222	RTYYDRAL:0.2962962962962963	YRTYYDRA:0.25925925925925924	SFTAGYGN:0.2222222222222222	GINDFSTP:0.25925925925925924	GDSFTAGY:0.25925925925925924	TYYDRALL:0.25925925925925924	DSFTAGYG:0.25925925925925924	YYDRALLN:0.25925925925925924	TLVTPGRT:0.2962962962962963	GVYFEGRF:0.2222222222222222	
