cluster number:3
GH120:36	GH120:36
FMTILHGD:0.4444444444444444	LDWQAQGT:0.4444444444444444	DWQAQGTR:0.3888888888888889	PHWSKGWI:0.6111111111111112	ATQWAPPT:0.25	NHIHHINN:0.3055555555555556	GIVGHLGG:0.2777777777777778	MHAAIDVI:0.3333333333333333	WSKGWIIE:0.6388888888888888	GISLGKYL:0.25	GMIGPHWS:0.4166666666666667	IGPHWSKG:0.6944444444444444	AATQWAPP:0.25	KMHAAIDV:0.4166666666666667	AGFMTILH:0.3333333333333333	GGVFSLIE:0.3055555555555556	GIKMHAAI:0.4166666666666667	GLWLDWQA:0.2222222222222222	WLDWQAQG:0.4444444444444444	EVSHGPTL:0.3611111111111111	MIGPHWSK:0.4166666666666667	IKMHAAID:0.4166666666666667	HWSKGWII:0.6111111111111112	RGLWLDWQ:0.2222222222222222	GPHWSKGW:0.75	GFMTILHG:0.4444444444444444	LWLDWQAQ:0.4444444444444444	GAEIGGIK:0.2222222222222222	TQWAPPTA:0.25	AVCRGQYH:0.3055555555555556	PTLIDNNI:0.25	CAGISLGK:0.25	DVIIRRNH:0.2777777777777778	QYHGWLKE:0.3055555555555556	TLIDNNIL:0.25	GDEVLVAP:0.2222222222222222	TQMERDAV:0.3055555555555556	MERDAVCR:0.3055555555555556	GPTLIDNN:0.4722222222222222	TTWAPPAA:0.2222222222222222	AGISLGKY:0.25	GWIIEDCE:0.25	CRGQYHGW:0.3333333333333333	IEDNHIHH:0.2777777777777778	EDNHIHHI:0.2777777777777778	AGIKMHAA:0.2222222222222222	GTRITQNL:0.2222222222222222	PTQMERDA:0.3333333333333333	RGQYHGWL:0.3055555555555556	WIIEDCEI:0.2222222222222222	ERDAVCRG:0.3055555555555556	TILHGDDR:0.2777777777777778	QGTRITQN:0.25	AIDVIIRR:0.3055555555555556	VCRGQYHG:0.3055555555555556	MTILHGDD:0.2777777777777778	VKSPTQME:0.2777777777777778	DAVCRGQY:0.3055555555555556	HGPTLIDN:0.4722222222222222	ATTWAPPA:0.3611111111111111	KSPTQMER:0.3611111111111111	GQYHGWLK:0.3055555555555556	AAIDVIIR:0.3055555555555556	IDNNILLS:0.25	DGMIGPHW:0.25	DNHIHHIN:0.2777777777777778	KGWIIEDC:0.3888888888888889	LIDNNILL:0.25	KAATTWAP:0.3611111111111111	SHGPTLID:0.2777777777777778	DEVLVAPG:0.2222222222222222	RDAVCRGQ:0.3055555555555556	IDVIIRRN:0.3055555555555556	VEVSHGPT:0.2777777777777778	EAQGTRIT:0.25	QDGMIGPH:0.25	AQGTRITQ:0.25	QMERDAVC:0.3055555555555556	SPTQMERD:0.3611111111111111	GAEIAGIK:0.2777777777777778	WEAQGTRI:0.25	VSHGPTLI:0.2777777777777778	HAAIDVII:0.3055555555555556	SKGWIIED:0.4166666666666667	DWEAQGTR:0.3333333333333333	AATTWAPP:0.3888888888888889	NKAATTWA:0.25	GIKLHAAI:0.25	IKLHAAID:0.25	GVFSLIED:0.25	RTEVAGFM:0.3055555555555556	TEVAGFMT:0.3055555555555556	FSLIEDNH:0.2222222222222222	FYNNIFVQ:0.3611111111111111	HRTEVAGF:0.3055555555555556	VFSLIEDN:0.25	RFYNNIFV:0.3333333333333333	LIGPHWSK:0.2777777777777778	GLIGPHWS:0.3055555555555556	VEVCHGPY:0.2222222222222222	EGLIGPHW:0.2777777777777778	QEGLIGPH:0.2777777777777778	VAGFMTIL:0.25	PRYTPYHI:0.2222222222222222	PTLIDNNL:0.2222222222222222	IDNNLLLS:0.2222222222222222	EVAGFMTI:0.25	ENVEINVR:0.2222222222222222	ALWLDWQA:0.2222222222222222	RALWLDWQ:0.2222222222222222	
