cluster number:2
CE9:301	CE9:301
AGSILKMN:0.3554817275747508	HLEGPFIS:0.5149501661129569	MRGLHHRE:0.2591362126245847	LAGSILKM:0.5348837209302325	GLHHREPG:0.28903654485049834	GTTSFLAT:0.4717607973421927	RGLHHREP:0.2558139534883721	VHLEGPFI:0.2591362126245847	EGTTSFLA:0.46511627906976744	FLATTMTQ:0.37209302325581395	SFLATTMT:0.4418604651162791	TLAGSILK:0.2724252491694352	TTSFLATT:0.4717607973421927	GVHLEGPF:0.3488372093023256	TSFLATTM:0.44518272425249167	LHHREPGV:0.2425249169435216	GTLAGSIL:0.3521594684385382	DGTLAGSI:0.3222591362126246	LGVHLEGP:0.22591362126245848	FIDIHIHG:0.3089700996677741	AKHVTHLY:0.2059800664451827	LPGFIDIH:0.2425249169435216	PGFIDIHI:0.3089700996677741	GAKHVTHL:0.20930232558139536	ITDAMRAK:0.7508305647840532	DAMRAKGL:0.24916943521594684	ILITDAMR:0.2425249169435216	TDAMRAKG:0.5880398671096345	KHVTHLYN:0.23255813953488372	GFIDIHIH:0.3089700996677741	LITDAMRA:0.5880398671096345	LATTMTQS:0.42524916943521596	IDIHIHGG:0.2724252491694352	IVGIHLEG:0.2026578073089701	FSIGHTVA:0.2059800664451827	LLSEGTTS:0.27906976744186046	IHIHGGYG:0.2691029900332226	PGVFGAAW:0.21262458471760798	ALAGSILK:0.24916943521594684	LEGPFISE:0.3853820598006645	DIHIHGGY:0.2724252491694352	RVTSLNQA:0.2159468438538206	YLITDAMR:0.2691029900332226	HVTHLYNA:0.23588039867109634	VGIHLEGP:0.22591362126245848	DAMRAKGM:0.33222591362126247	TFAPEVEG:0.23255813953488372	WRVTSLNQ:0.2159468438538206	LWRVTSLN:0.2026578073089701	GEYDLGGQ:0.2956810631229236	GALAGSIL:0.2757475083056478	GIHLEGPF:0.3687707641196013	IHLEGPFI:0.31893687707641194	AMRAKGMP:0.2591362126245847	SLNQAIAL:0.21926910299003322	FAPEVEGA:0.2292358803986711	
