cluster number:6
CE9:123	CE9:123
TMTYAPEL:0.2032520325203252	PTVTHLFN:0.24390243902439024	THLFNGMP:0.3089430894308943	GIHAEGPF:0.2845528455284553	PGPVAACL:0.25203252032520324	GMPPLHHR:0.21138211382113822	NGMPPLHH:0.21138211382113822	GTTTLLAS:0.2682926829268293	TVTHLFNG:0.2032520325203252	HLFNGMPP:0.2682926829268293	VTHLFNGM:0.2032520325203252	VTATHLFN:0.3983739837398374	GAQDPAAI:0.23577235772357724	LIADGVHL:0.4959349593495935	SLGHTDAD:0.2845528455284553	TATHLFNA:0.4634146341463415	VELIADGV:0.4796747967479675	ATHLFNAM:0.4878048780487805	CGAQDPAA:0.23577235772357724	HLFNAMPP:0.3821138211382114	RCGAQDPA:0.2682926829268293	CRCGAQDP:0.2032520325203252	GAIAGGTS:0.43902439024390244	ELIADGVH:0.4959349593495935	THLFNAMP:0.5691056910569106	AIAGGTST:0.24390243902439024	IAGGTSTL:0.2926829268292683	HLEGPFIN:0.21951219512195122	GIHLEGPF:0.4065040650406504	IHLEGPFI:0.23577235772357724	HHRSPGPV:0.21138211382113822	IADGVHLA:0.2845528455284553	PLHHRAPG:0.2601626016260163	PPLHHRAP:0.25203252032520324	NAMPPLHH:0.2764227642276423	MPPLHHRA:0.25203252032520324	LFNAMPPL:0.2845528455284553	FNAMPPLH:0.2764227642276423	AMPPLHHR:0.2764227642276423	TVTATHLF:0.2601626016260163	AGGTSTLA:0.21138211382113822	LVTDSMAA:0.2032520325203252	
