cluster number:63
CE9:52	CE9:52
LVSDAMAA:0.23076923076923078	VHLADETV:0.21153846153846154	GLVDVHCH:0.4230769230769231	LEGPFLSV:0.28846153846153844	LAGIHLEG:0.25	GVHLADET:0.21153846153846154	IHLEGPFL:0.40384615384615385	SIGHTDAS:0.21153846153846154	HLEGPFLS:0.4423076923076923	IALVSDAM:0.21153846153846154	DGVHLADE:0.21153846153846154	MAAAGMPD:0.4230769230769231	PMHHRAPG:0.28846153846153844	LVDVHCHG:0.4230769230769231	PGLVDVHC:0.4230769230769231	SDAMAAAG:0.23076923076923078	AAAGMPDG:0.4230769230769231	GDGVHLAD:0.21153846153846154	AGIHLEGP:0.28846153846153844	AACLAAAA:0.34615384615384615	VSDAMAAA:0.23076923076923078	DAMAAAGM:0.7692307692307693	ALVSDAMA:0.23076923076923078	ATHLFNGM:0.6538461538461539	VAACLAAA:0.3076923076923077	GIHLEGPF:0.38461538461538464	AMAAAGMP:0.4807692307692308	GGTAHLLD:0.2692307692307692	LLPGLVDV:0.23076923076923078	RRHGTTSL:0.21153846153846154	GTTSLVAS:0.34615384615384615	LRGRVVTP:0.21153846153846154	VDVHCHGG:0.3076923076923077	AHLLDVVR:0.25	IAGGTAHL:0.34615384615384615	LPGLVDVH:0.34615384615384615	DVHCHGGG:0.3076923076923077	TAHLLDVV:0.21153846153846154	EHRRHGTT:0.25	HGTTSLVA:0.3076923076923077	AGGTAHLL:0.2692307692307692	GTAHLLDV:0.23076923076923078	THLFNGMR:0.4230769230769231	RHGTTSLV:0.28846153846153844	HRRHGTTS:0.21153846153846154	TATHLFNG:0.4230769230769231	VHCHGGGG:0.3076923076923077	TDAMAAAG:0.5769230769230769	HLFNGMRP:0.40384615384615385	CLAAAARG:0.25	AMAAAGMA:0.25	LPGLVDLH:0.23076923076923078	PTATHLFN:0.21153846153846154	MAAAGMAD:0.25	HGGGGASF:0.23076923076923078	GGGGASFP:0.21153846153846154	LVTDAMAA:0.40384615384615385	LVASLVTA:0.25	AAAGMADG:0.25	ACLAAAAR:0.21153846153846154	GGGASFPD:0.21153846153846154	VTDAMAAA:0.4807692307692308	ELIGDGVH:0.21153846153846154	VDLHCHGG:0.21153846153846154	AIAGGTAH:0.2692307692307692	HCHGGGGA:0.2692307692307692	
