cluster number:7
CE9:275	CE9:275|3.5.1.80:1
IQVNGGGG:0.2	VNGGGGAL:0.2545454545454545	TDAMPPVG:0.44	LIVDGHHV:0.2109090909090909	QVNGGGGA:0.3054545454545455	LVTDAMPP:0.4618181818181818	NGGGGALF:0.24	FTHLFNAM:0.26181818181818184	HFEGPHLS:0.3090909090909091	GYQADLVL:0.23272727272727273	GATGFTHL:0.23636363636363636	GLIVDGHH:0.2109090909090909	VTDAMPPV:0.44	GFTHLFNA:0.26181818181818184	AGATGFTH:0.23272727272727273	DIQVNGGG:0.20727272727272728	FEGPHLSV:0.2109090909090909	CGLIVDGH:0.20727272727272728	GGGGALFN:0.24	THLFNAMS:0.23272727272727273	LLVTDAMP:0.2690909090909091	NGGGGVLF:0.32	DVQVNGGG:0.3563636363636364	VQVNGGGG:0.3563636363636364	VNGGGGVL:0.3527272727272727	PGFIDVQV:0.29454545454545455	GFIDVQVN:0.29818181818181816	QVNGGGGV:0.4509090909090909	MLVTDAMP:0.22545454545454546	IDVQVNGG:0.32	FIDVQVNG:0.29818181818181816	GGGGVLFN:0.32	TLAPERVP:0.23636363636363636	LAGSALDM:0.36	DGVHVHPA:0.2872727272727273	AARMASTY:0.22545454545454546	AEAARMAS:0.21818181818181817	GFTHLYNA:0.5163636363636364	VHVHPASL:0.28	VHPASLRV:0.3054545454545455	LDMATAVR:0.33454545454545453	GVVRNAAG:0.20363636363636364	PASLRVAL:0.3018181818181818	LYNAMSPL:0.2727272727272727	AGSALDMA:0.34545454545454546	LAPERVPL:0.21818181818181817	PARKGTHD:0.2290909090909091	IVDGVHVH:0.2872727272727273	ALAAKPRG:0.29818181818181816	DMATAVRN:0.33454545454545453	LYGETITA:0.2290909090909091	ALDMATAV:0.3054545454545455	LLLVTDAM:0.24	FTHLYNAM:0.52	RVALAAKP:0.29818181818181816	ARMASTYP:0.22545454545454546	GSALDMAT:0.27636363636363637	SLDNGVTL:0.22181818181818183	MASTYPAQ:0.2727272727272727	VDGVHVHP:0.2872727272727273	VALAAKPR:0.29454545454545455	SALDMATA:0.26545454545454544	HVHPASLR:0.3054545454545455	AHRRFGTT:0.28363636363636363	LAEAARMA:0.21818181818181817	GIHLEGPY:0.3490909090909091	HLYNAMSP:0.3418181818181818	SLRVALAA:0.3018181818181818	HPASLRVA:0.3090909090909091	AVGAALED:0.23272727272727273	THLYNAMS:0.4909090909090909	LRVALAAK:0.3018181818181818	RMASTYPA:0.3381818181818182	EAARMAST:0.22545454545454546	GVHVHPAS:0.28	ASLRVALA:0.3018181818181818	TGFTHLYN:0.24363636363636362	IHLEGPYL:0.22181818181818183	LGIHLEGP:0.3527272727272727	GGGVLFNN:0.20727272727272728	GVLGIHLE:0.2545454545454545	VLGIHLEG:0.2545454545454545	MLPTLISD:0.2109090909090909	AIAQGVPG:0.22181818181818183	
