cluster number:68
CE9:42	CE9:42
GGGGHDFM:0.47619047619047616	GLHLEGPY:0.35714285714285715	IIADGIHL:0.2619047619047619	AHTDAIYE:0.42857142857142855	GGHDFMDG:0.38095238095238093	GHDFMDGT:0.30952380952380953	RGAGMPDG:0.21428571428571427	TDAIYEEV:0.2619047619047619	KDADIVIF:0.23809523809523808	GKDADIVI:0.23809523809523808	FAGSVATT:0.23809523809523808	VEIIADGI:0.2619047619047619	MTVEIIAD:0.2619047619047619	GESILGSL:0.2619047619047619	AFAGSVAT:0.42857142857142855	HLEGPYFS:0.2857142857142857	THLYSAMS:0.30952380952380953	YVSPGFID:0.2857142857142857	TVEIIADG:0.2619047619047619	IIEDGVAK:0.38095238095238093	HDFMDGTV:0.23809523809523808	MPDGESIL:0.21428571428571427	FMDGTVEA:0.21428571428571427	TDAMRGAG:0.2619047619047619	EIIADGIH:0.2857142857142857	HGGGGHDF:0.47619047619047616	IAHTDAIY:0.2857142857142857	LHLEGPYF:0.35714285714285715	DAMRGAGM:0.23809523809523808	IADGIHLP:0.2619047619047619	AMRGAGMP:0.21428571428571427	DGESILGS:0.21428571428571427	KVIIEDGV:0.21428571428571427	GGGHDFMD:0.47619047619047616	DFMDGTVE:0.21428571428571427	GAGMPDGE:0.21428571428571427	VIIEDGVA:0.2857142857142857	AGMPDGES:0.21428571428571427	GMPDGESI:0.21428571428571427	RYAGVVEA:0.21428571428571427	MRGAGMPD:0.21428571428571427	PDGESILG:0.21428571428571427	DADIVIFD:0.2857142857142857	NAFRYAGV:0.21428571428571427	HTDAIYEE:0.35714285714285715	TDAMRAAG:0.23809523809523808	HLEGPYFA:0.40476190476190477	SFAGSVAT:0.23809523809523808	VEDGVAKL:0.2619047619047619	QRGAQDPR:0.4523809523809524	DIHVHGGG:0.2619047619047619	IHVHGGGG:0.23809523809523808	VAKLPDRS:0.2857142857142857	SQRGAQDP:0.2619047619047619	VIVEDGVA:0.23809523809523808	RWSAAPEL:0.38095238095238093	GFIDIHVH:0.23809523809523808	FIDIHVHG:0.2619047619047619	GVAKLPDR:0.5238095238095238	DGVAKLPD:0.5476190476190477	ALITDAMR:0.38095238095238093	RNAFRYAG:0.21428571428571427	RRNAFRYA:0.21428571428571427	PGFIDIHV:0.23809523809523808	RGAQDPRY:0.30952380952380953	IVEDGVAK:0.2619047619047619	GAQDPRYI:0.2857142857142857	IDIHVHGG:0.2619047619047619	AQDPRYIR:0.2619047619047619	TALITDAM:0.21428571428571427	EDGVAKLP:0.5476190476190477	NGYTLATH:0.21428571428571427	LITDAMRA:0.21428571428571427	HLPAPLLK:0.21428571428571427	LPAPLLKL:0.21428571428571427	DRTAFAGS:0.21428571428571427	AGSVATAD:0.3333333333333333	SVATADRL:0.30952380952380953	ATADRLVR:0.38095238095238093	FAGSVATA:0.3333333333333333	GSVATADR:0.30952380952380953	VATADRLV:0.2619047619047619	ADRLVRTM:0.21428571428571427	MDVEIIAD:0.2619047619047619	EIIADGVH:0.23809523809523808	IIADGVHL:0.23809523809523808	GMHLEGPY:0.21428571428571427	DVEIIADG:0.2857142857142857	IADGVHLP:0.2857142857142857	VAKLPDRT:0.23809523809523808	TADRLVRT:0.2857142857142857	VEIIADGV:0.23809523809523808	MHLEGPYF:0.21428571428571427	DRSAFAGS:0.23809523809523808	HARYGTTA:0.23809523809523808	IEDGVAKL:0.30952380952380953	SPGFIDIH:0.35714285714285715	LPDRSAFA:0.21428571428571427	KLPDRSAF:0.21428571428571427	AKLPDRSA:0.21428571428571427	PDRSAFAG:0.21428571428571427	
