cluster number:51
CE9:52	CE9:52
TPGFVDIH:0.21153846153846154	LTHAFNAM:0.6346153846153846	AAAGSADG:0.2692307692307692	SHLEGPFL:0.5192307692307693	LGSHLEGP:0.5384615384615384	AGSTLTLD:0.2692307692307692	IAGSTLTL:0.25	DAMAAAGS:0.40384615384615385	GSHLEGPF:0.5192307692307693	VLGSHLEG:0.28846153846153844	HHRAPGPV:0.5	MAAAGSAD:0.2692307692307692	AMAAAGSA:0.2692307692307692	GSIAGSTL:0.34615384615384615	ILTHAFNA:0.2692307692307692	TIAPELPG:0.4423076923076923	TDAMAAAG:0.6346153846153846	LTPGFVDI:0.21153846153846154	IAPELPGG:0.21153846153846154	HLEGPFLD:0.46153846153846156	ITDAMAAA:0.36538461538461536	SIAGSTLT:0.36538461538461536	ALITDAMA:0.4807692307692308	LITDAMAA:0.4807692307692308	IAGSTLTQ:0.46153846153846156	HAFNAMPG:0.5576923076923077	PGIHHRAP:0.38461538461538464	TIAGSTLT:0.2692307692307692	AFNAMPGI:0.40384615384615385	THAFNAMP:0.5576923076923077	FNAMPGIH:0.46153846153846156	IHHRAPGP:0.5	GIHHRAPG:0.5	LVTDAMAA:0.28846153846153844	AMPGIHHR:0.46153846153846156	HHRAPGPI:0.21153846153846154	ALVTDAMA:0.28846153846153844	MPGIHHRA:0.38461538461538464	NAMPGIHH:0.46153846153846156	VTDAMAAA:0.28846153846153844	AGSTLTQD:0.4807692307692308	RVALITDA:0.28846153846153844	RQVTIAPE:0.28846153846153844	LLTHAFNA:0.23076923076923078	QVTIAPEL:0.2692307692307692	VALITDAM:0.28846153846153844	VTIAPELP:0.28846153846153844	HRAHGTTR:0.3269230769230769	RAPGPVLA:0.21153846153846154	HRAPGPVL:0.21153846153846154	IAPELPGA:0.23076923076923078	GSTLTQDA:0.21153846153846154	TLTQDAAL:0.21153846153846154	STLTQDAA:0.21153846153846154	GASILTHA:0.21153846153846154	TLAPELPG:0.23076923076923078	ILGSHLEG:0.23076923076923078	ASILTHAF:0.21153846153846154	SILTHAFN:0.21153846153846154	AGASILTH:0.21153846153846154	AVGHTDAD:0.21153846153846154	LEGPFLDP:0.21153846153846154	
