cluster number:59
CE9:46	CE9:46
GTLAGSDL:0.5434782608695652	DTQVNGGG:0.8478260869565217	NGGGGVLF:0.7391304347826086	TQVNGGGG:0.8260869565217391	LMLVTDAM:0.21739130434782608	VNGGGGVL:0.8478260869565217	IDTQVNGG:0.6304347826086957	QVNGGGGV:0.8478260869565217	DGTLAGSD:0.2391304347826087	GGGVLFND:0.6521739130434783	LAGSDLDM:0.5652173913043478	GGGGVLFN:0.7391304347826086	TLAGSDLD:0.5652173913043478	AGSDLDMA:0.34782608695652173	RFMLVTDA:0.2608695652173913	VTDAMPTV:0.3695652173913043	TDAMPTVG:0.3695652173913043	GIHIEGPF:0.2608695652173913	AAIGAAHR:0.21739130434782608	FIDTQVNG:0.5434782608695652	PGFIDTQV:0.5434782608695652	HIEGPFLN:0.3695652173913043	FMLVTDAM:0.2608695652173913	LVTDAMPT:0.3695652173913043	DRFMLVTD:0.2608695652173913	IAAIGAAH:0.391304347826087	MLVTDAMP:0.6086956521739131	GFIDTQVN:0.5434782608695652	THLFNAMS:0.5652173913043478	HLFNAMSP:0.5217391304347826	LFNAMSPL:0.5	LPTLISDD:0.4782608695652174	TDAMPSVG:0.2826086956521739	VTDAMPSV:0.2826086956521739	GGVLFNDA:0.21739130434782608	TLVTLAPE:0.41304347826086957	GFLPTLIS:0.34782608695652173	TTGFLPTL:0.34782608695652173	FLPTLISD:0.5217391304347826	VPGFIDTQ:0.2391304347826087	LVPGFIDT:0.2391304347826087	FGTTGFLP:0.21739130434782608	GVIVAAGH:0.2826086956521739	GTTGFLPT:0.34782608695652173	AHRRFGTT:0.2826086956521739	PTLISDDL:0.43478260869565216	LVTDAMPS:0.2826086956521739	TGFLPTLI:0.34782608695652173	FNAMSPLT:0.32608695652173914	FTHLFNAM:0.5	GFTHLFNA:0.41304347826086957	AMSPLTSR:0.2608695652173913	IVDGRHVD:0.21739130434782608	NAMSPLTS:0.2608695652173913	REPGVVGA:0.2608695652173913	VDGRHVDP:0.21739130434782608	SREPGVVG:0.2391304347826087	VIVAAGHT:0.21739130434782608	SPLTSREP:0.21739130434782608	MSPLTSRE:0.21739130434782608	AGVIVAAG:0.21739130434782608	PLTSREPG:0.2391304347826087	
