cluster number:31
CE9:28	CE9:28
LPRHPNYL:0.35714285714285715	LSTHLGNG:0.35714285714285715	THLGNGAH:0.5	STHLGNGA:0.5	PRHPNYLW:0.35714285714285715	LEGPFLSP:0.32142857142857145	HLEGPFLS:0.42857142857142855	GATMSTHL:0.21428571428571427	MSTHLGNG:0.35714285714285715	ATMSTHLG:0.21428571428571427	TMSTHLGN:0.21428571428571427	AGATMSTH:0.21428571428571427	EGPFLSPE:0.2857142857142857	PEDGPRGA:0.25	DGPRGAHP:0.25	EGRLHLAG:0.21428571428571427	HLTLPRHP:0.21428571428571427	PGLVDLQV:0.21428571428571427	IHLEGPFL:0.39285714285714285	VSIGHTAA:0.35714285714285715	GPRGAHPR:0.2857142857142857	GLVDLQVN:0.25	SPEDGPRG:0.21428571428571427	APGLVDLQ:0.39285714285714285	LAPGLVDL:0.21428571428571427	EDGPRGAH:0.42857142857142855	LVDLQVNG:0.25	GIHLEGPF:0.5714285714285714	PRGAHPRE:0.25	NYIWEQLA:0.25	RLSTHLGN:0.2857142857142857	PRHPNYIW:0.32142857142857145	EEGPRGAH:0.25	GARLSTHL:0.2857142857142857	AGARLSTH:0.2857142857142857	ARLSTHLG:0.2857142857142857	LPRHPNYI:0.32142857142857145	TLPRHPNY:0.21428571428571427	PEGRLHLA:0.21428571428571427	PGLVDLQI:0.25	IADGFHLP:0.32142857142857145	GGIHLEGP:0.2857142857142857	ADGFHLPD:0.21428571428571427	TPEGRLHL:0.21428571428571427	LTPEGRLH:0.21428571428571427	GLVDLQIN:0.25	LVDLQING:0.25	IGGIHLEG:0.2857142857142857	SIGHTAAT:0.21428571428571427	
