cluster number:12
CE9:18	CE9:18
GAYGFDTN:0.2222222222222222	HVYNGMTP:0.2222222222222222	EGAEILGI:0.3333333333333333	EILGIHFE:0.5	PARCLGVD:0.2222222222222222	EGVTSILP:0.2222222222222222	ALNSCTIN:0.3888888888888889	NSCTINPA:0.4444444444444444	THVYNGMT:0.3333333333333333	TTVTQMPD:0.2777777777777778	TINPARCL:0.3333333333333333	YKGAQPPE:0.2777777777777778	AYGFDTND:0.2222222222222222	GAQPPEAI:0.2777777777777778	YGFDTNDA:0.2222222222222222	RDIYGEII:0.2777777777777778	MTHVYNGM:0.5	LNSCTINP:0.3888888888888889	RVRDIYGE:0.2777777777777778	HGAYGFDT:0.2222222222222222	FRVRDIYG:0.2777777777777778	ILGIHFEG:0.5	INPARCLG:0.2222222222222222	RIPEEGVT:0.2777777777777778	AEILGIHF:0.5	GAEILGIH:0.5	YEGAEILG:0.3333333333333333	AQPPEAIA:0.2777777777777778	NPARCLGV:0.2222222222222222	HTHGAYGF:0.2222222222222222	LGIHFEGP:0.5555555555555556	SMTHVYNG:0.5	SCTINPAR:0.3888888888888889	KGAQPPEA:0.2777777777777778	ILPTTVTQ:0.3333333333333333	LPTTVTQM:0.2777777777777778	PTTVTQMP:0.2777777777777778	AFRVRDIY:0.2777777777777778	VRDIYGEI:0.2777777777777778	CTINPARC:0.3333333333333333	RIVPGFID:0.3888888888888889	GFIDIHTH:0.5555555555555556	PGFIDIHT:0.6111111111111112	IDIHTHGA:0.3888888888888889	IVPGFIDI:0.2777777777777778	VPGFIDIH:0.3888888888888889	FIDIHTHG:0.5555555555555556	VTQMPDVL:0.2222222222222222	EIICDGCH:0.2777777777777778	IKYITLAP:0.2222222222222222	DGCHSHLA:0.2222222222222222	ICDGCHSH:0.2222222222222222	GYEGAEIL:0.2222222222222222	YGEIICDG:0.5	HSHLAALN:0.2222222222222222	SHLAALNN:0.2222222222222222	DKRIVPGF:0.2222222222222222	GDKRIVPG:0.2222222222222222	KYITLAPE:0.2222222222222222	RVWIAGQF:0.2222222222222222	VVVSMGHS:0.2222222222222222	DIHTHGAY:0.3888888888888889	TQMPDVLT:0.2222222222222222	IICDGCHS:0.2777777777777778	GEIICDGC:0.2777777777777778	CDGCHSHL:0.2222222222222222	DIYGEIIC:0.2222222222222222	DYGDKRIV:0.2222222222222222	GCHSHLAA:0.2222222222222222	CHSHLAAL:0.2222222222222222	IYGEIICD:0.2222222222222222	GVVVSMGH:0.2222222222222222	TVTQMPDV:0.2222222222222222	YGDKRIVP:0.2222222222222222	HFEGPYLD:0.4444444444444444	FEGPYLDM:0.2777777777777778	GIHFEGPY:0.4444444444444444	IHFEGPYL:0.4444444444444444	KGRDHAIM:0.2222222222222222	GRDHAIMI:0.2222222222222222	THGAYGYD:0.2222222222222222	HTHGAYGY:0.2222222222222222	HGAYGYDT:0.2222222222222222	DHAIMITD:0.2222222222222222	AIMITDSL:0.2222222222222222	IHTHGAYG:0.2777777777777778	AYGYDTND:0.2222222222222222	HAIMITDS:0.2222222222222222	IMITDSLC:0.2777777777777778	RDHAIMIT:0.2222222222222222	GAYGYDTN:0.2222222222222222	
