cluster number:1
CE9:256	CE9:256
AELICDGH:0.578125	LVATYLDG:0.26171875	LKLKDGLK:0.23046875	VDTHIHGF:0.4453125	AYNGMRGL:0.54296875	VTSFLPTT:0.6171875	DFIVLDKD:0.328125	SILKLKDG:0.421875	DYMLGEFP:0.2578125	KDGLKNVV:0.23046875	APGLVDTH:0.84375	KYKGAQNP:0.28125	LGEFPVVV:0.2734375	ASVWVHAY:0.48828125	EGPYFTEK:0.23046875	GASVWVHA:0.48828125	YMLGEFPV:0.265625	EKYKGAQN:0.34765625	TEKYKGAQ:0.34375	TYAELICD:0.5859375	TVALGHSN:0.3828125	IALAPERE:0.234375	YFTEKYKG:0.2265625	PGLVDTHI:0.8671875	ANGTARLK:0.23828125	TSFLPTTL:0.6171875	FTEKYKGA:0.34375	GSILKLKD:0.421875	DGDYMLGE:0.41796875	PYFTEKYK:0.2265625	AGSILKLK:0.5078125	VHAYNGMR:0.546875	WVHAYNGM:0.5078125	VALITDCM:0.28125	NGMRGLTH:0.3984375	VTVALGHS:0.41796875	LAPEREGV:0.27734375	VVANGTAR:0.2421875	GMRGLTHR:0.3828125	KLKDGLKN:0.2265625	GVTSFLPT:0.77734375	YNGMRGLT:0.3984375	ALGHSNAT:0.359375	ILKLKDGL:0.36328125	LVDTHIHG:0.8828125	FEGPYFTE:0.5546875	GVTVALGH:0.4140625	LKDGLKNV:0.23046875	LICDGHHV:0.68359375	VALGHSNA:0.2109375	LPTTLTSS:0.2421875	SVWVHAYN:0.48828125	IAPGLVDT:0.71484375	SFLPTTLT:0.6171875	FLPTTLTS:0.5078125	YAELICDG:0.59375	ADFIVLDK:0.4296875	AGASVWVH:0.6171875	ALAPEREG:0.32421875	YFEGPYFT:0.3828125	NLAGSILK:0.5	VVVANGTA:0.24609375	KIALAPER:0.58203125	FIVLDKDL:0.3203125	MRGLTHRE:0.3828125	GNLAGSIL:0.62890625	VANGTARL:0.23828125	GPYFTEKY:0.2265625	VWVHAYNG:0.4921875	TGNLAGSI:0.20703125	GDYMLGEF:0.2578125	LAGSILKL:0.51953125	HAYNGMRG:0.54296875	TGVTSFLP:0.41796875	ELICDGHH:0.68359375	GLVDTHIH:0.8828125	GLLSTGVT:0.22265625	TTLTSTFE:0.203125	LPTTLTST:0.2109375	STGVTSFL:0.23046875	PTTLTSTF:0.203125	LLSTGVTS:0.23046875	LSTGVTSF:0.23046875	ACDILMQQ:0.203125	LGHSNATY:0.203125	VDTHIHGY:0.40625	CDILMQQK:0.203125	GIYFEGPY:0.3046875	IDDVCGQI:0.38671875	DDVCGQIK:0.28515625	GLNHREPG:0.20703125	GMVGAVYN:0.23828125	QGVTVALG:0.22265625	AADFIVLD:0.265625	GAQNPSYM:0.25390625	KGAQNPSY:0.32421875	LNHREPGM:0.26953125	NHREPGMV:0.27734375	REPGMVGA:0.65234375	EPGMVGAV:0.32421875	IYFEGPYF:0.3046875	PNTYAELI:0.34375	NTYAELIC:0.34375	YKGAQNPS:0.2578125	HREPGMVG:0.65234375	AVEAGASV:0.2734375	PGMVGAVY:0.3125	ALGHSNGT:0.23828125	GTARLKES:0.20703125	WQKAAKGL:0.2265625	TKQGVTVA:0.21484375	LGHSNGTY:0.22265625	YQIAPGLV:0.30078125	QKAAKGLI:0.22265625	AGADVMDN:0.2578125	CDGHHVSP:0.25	THREPGMV:0.2421875	KKIALAPE:0.375	ICDGHHVS:0.25	EEYKGAQN:0.2265625	SGNLAGSI:0.2421875	PYFTEEYK:0.2265625	IKKIALAP:0.30859375	IQGIYFEG:0.3046875	IALAPERD:0.2265625	QGIYFEGP:0.30859375	ITDCMRAG:0.359375	THIHGYAG:0.24609375	KQGVTVAL:0.21484375	TARLKESG:0.20703125	GADVMDNS:0.21484375	GAKIQGIY:0.3515625	LIKKIALA:0.2578125	ALAPERDG:0.203125	GLTHREPG:0.20703125	KIQGIYFE:0.3046875	QIAPGLVD:0.31640625	EYKGAQNP:0.2265625	DTHIHGYA:0.30859375	ESGNLAGS:0.20703125	LTHREPGM:0.203125	TEEYKGAQ:0.2265625	KGAKIQGI:0.23046875	GYQIAPGL:0.23828125	RGLTHREP:0.20703125	GPYFTEEY:0.2265625	EGPYFTEE:0.23828125	LPNTYAEL:0.23828125	QAGASVWV:0.203125	VQAGASVW:0.203125	TDCMRAGG:0.30859375	YFTEEYKG:0.2265625	GLIKKIAL:0.25	FTEEYKGA:0.2265625	VALGHSNG:0.23828125	AKIQGIYF:0.3046875	VKGAKIQG:0.203125	ICDGHHVH:0.24609375	CDGHHVHP:0.24609375	EPGMVGAA:0.25390625	THIHGFAG:0.20703125	DTHIHGFA:0.20703125	GAQNPKYM:0.20703125	AGVTSFLP:0.21484375	
