cluster number:71
CE9:7	CE9:7
HLGNAMPP:0.2857142857142857	KGAHPERW:0.2857142857142857	APELPGAL:0.5714285714285714	THLGNAMP:0.42857142857142855	LAGSAASL:0.2857142857142857	GPARLGDQ:0.42857142857142855	WRALGPDR:0.2857142857142857	ARLGDQDV:0.2857142857142857	ADGTLAGS:0.2857142857142857	DGHHLDPL:0.2857142857142857	AWRALGPD:0.2857142857142857	LGNAMPPL:0.2857142857142857	RALGPDRF:0.2857142857142857	GAHPERWL:0.2857142857142857	DGTLAGSA:0.2857142857142857	DGPARLGD:0.42857142857142855	GTLAGSAA:0.42857142857142855	LPDGPARL:0.2857142857142857	ALGPDRFL:0.2857142857142857	RKGAHPER:0.2857142857142857	PDGPARLG:0.42857142857142855	LGLPDGPA:0.2857142857142857	RLADGTLA:0.2857142857142857	LADGTLAG:0.2857142857142857	GLPDGPAR:0.2857142857142857	TLAGSAAS:0.2857142857142857	PARLGDQD:0.2857142857142857	PELPGALD:0.42857142857142855	LAPELPGA:0.7142857142857143	LVTLAPEL:0.2857142857142857	TLAPELPG:0.7142857142857143	VTLAPELP:0.42857142857142855	GVIADGHH:0.2857142857142857	ELPGALDV:0.2857142857142857	VIADGHHL:0.42857142857142855	VTHLGNAM:0.2857142857142857	VVVSAGHS:0.42857142857142855	RGVVVSAG:0.2857142857142857	GVVVSAGH:0.42857142857142855	THLFNAMP:0.2857142857142857	LGVHLEGP:0.42857142857142855	PLGVHLEG:0.2857142857142857	GVHLEGPF:0.2857142857142857	
