cluster number:32
CE9:29	CE9:29
GLIKLVDI:0.2413793103448276	IKLVDIAP:0.2413793103448276	LIKLVDIA:0.2413793103448276	THLYNAMP:0.5517241379310345	KLVDIAPE:0.3103448275862069	LVDIAPEE:0.3103448275862069	HIHPAMVR:0.2413793103448276	LAICPATM:0.2413793103448276	IAGSATNL:0.3448275862068966	PGLVDIHF:0.41379310344827586	CDGVHIHP:0.27586206896551724	IPGLVDIH:0.3103448275862069	DLVGINME:0.2413793103448276	GSATNLMD:0.27586206896551724	ATNLMDCM:0.2413793103448276	ADLVGINM:0.2413793103448276	TNLMDCMR:0.2413793103448276	LVDIHFHG:0.41379310344827586	GINMEGPF:0.6896551724137931	HLYNAMPP:0.27586206896551724	ICDGVHIH:0.27586206896551724	AGSATNLM:0.27586206896551724	GADLVGIN:0.2413793103448276	LISDSMMA:0.3103448275862069	LVGINMEG:0.5517241379310345	SDSMMATG:0.20689655172413793	GLVDIHFH:0.41379310344827586	ISDSMMAT:0.20689655172413793	VDIHFHGC:0.2413793103448276	ELICDGVH:0.27586206896551724	SATNLMDC:0.27586206896551724	DGVHIHPS:0.3103448275862069	VGINMEGP:0.6551724137931034	VLAICPAT:0.20689655172413793	LICDGVHI:0.27586206896551724	GVLAICPA:0.20689655172413793	AICPATMT:0.20689655172413793	LGGQAVTV:0.20689655172413793	GTIAGSAT:0.3448275862068966	INMEGPFI:0.5862068965517241	IAPEEPGA:0.27586206896551724	NMEGPFIS:0.4827586206896552	YEASVGVT:0.20689655172413793	TIAGSATN:0.2413793103448276	ISDSMRAT:0.3103448275862069	LISDSMRA:0.27586206896551724	MILISDSM:0.2413793103448276	RMILISDS:0.2413793103448276	SDSMRATG:0.3103448275862069	ILISDSMR:0.27586206896551724	VDIAPEEP:0.2413793103448276	MEGPFISP:0.41379310344827586	DIAPEEPG:0.2413793103448276	DGTIAGSA:0.20689655172413793	HVTHLYNA:0.20689655172413793	VTHLYNAM:0.2413793103448276	YAIPGLID:0.20689655172413793	LIDLHFHG:0.20689655172413793	IDLHFHGC:0.20689655172413793	PGLIDLHF:0.20689655172413793	GLIDLHFH:0.20689655172413793	
