cluster number:19
GH42:291	GH42:291|3.2.1.23:10
HSTSAVNW:0.2852233676975945	AVNWQPRN:0.24398625429553264	LMEHSTSA:0.27491408934707906	WGTAFWSQ:0.2852233676975945	STSAVNWQ:0.28865979381443296	GGDYNPEQ:0.6769759450171822	FSWALLEP:0.24398625429553264	DYNPEQWP:0.6391752577319587	TSAVNWQP:0.26804123711340205	SAVNWQPR:0.2268041237113402	AWGTAFWS:0.27147766323024053	GDYNPEQW:0.6769759450171822	EHSTSAVN:0.2852233676975945	MEHSTSAV:0.27835051546391754	YGGDYNPE:0.3848797250859107	KFHSAMLP:0.21305841924398625	LATATASP:0.22336769759450173	SVGIFSWA:0.281786941580756	ATATASPP:0.2268041237113402	VSVGIFSW:0.2852233676975945	EKFHSAML:0.21649484536082475	FHSAMLPH:0.20618556701030927	FFQWRQSR:0.20962199312714777	WHVHNEYG:0.3127147766323024	RLGGYPGA:0.2542955326460481	MFFQWRQS:0.21305841924398625	FGGDYNPE:0.30584192439862545	HPALALWH:0.2646048109965636	PALALWHV:0.23711340206185566	NPEQWPEE:0.22336769759450173	AEKFHSAM:0.29553264604810997	YNPEQWPE:0.39862542955326463	GAEKFHSA:0.38831615120274915	IFSWALLE:0.2268041237113402	RNSLAHVA:0.21305841924398625	NSLAHVAR:0.21305841924398625	LGGYPGAF:0.22336769759450173	SLAHVARG:0.2508591065292096	GGYPGAFR:0.2508591065292096	GIFSWALL:0.21993127147766323	VGIFSWAL:0.23024054982817868	TASPPPWL:0.20962199312714777	
