cluster number:15
GH42:175	GH42:175|3.2.1.23:9
INVFSWAL:0.24	LYGGDYNP:0.2342857142857143	TINVFSWA:0.3028571428571429	VAHGADTV:0.3657142857142857	GGDYNPEQ:0.6514285714285715	QAVAHGAD:0.4514285714285714	DYNPEQWP:0.2742857142857143	AHGADTVQ:0.24571428571428572	ATINVFSW:0.3142857142857143	GDYNPEQW:0.6228571428571429	AVAHGADT:0.3657142857142857	YGGDYNPE:0.5542857142857143	SGIVNEND:0.24571428571428572	EIVVPNEL:0.21714285714285714	QGISLDYR:0.2	LWSYQAVA:0.2857142857142857	MRLWSYQA:0.35428571428571426	LAERYKDH:0.28	QTPSQQNW:0.41714285714285715	PVTTNLMG:0.2914285714285714	ACEKYHGA:0.34285714285714286	PFMLMEQT:0.4857142857142857	RRSIGACE:0.2742857142857143	QLRRSIGA:0.25142857142857145	EKYHGAVI:0.35428571428571426	QNWQPYNS:0.26857142857142857	KRKFGGRH:0.28	MLMEQTPS:0.45714285714285713	RKFGGRHN:0.2857142857142857	GRKRKFGG:0.26285714285714284	QQNWQPYN:0.26857142857142857	KFGGRHNS:0.2857142857142857	RSIGACEK:0.2742857142857143	MTHDLMRG:0.21142857142857144	SQQNWQPY:0.26285714285714284	EEIDALLP:0.26857142857142857	VGHEHTRV:0.2	DVVSWDNY:0.2	LMEQTPSQ:0.48	RKRKFGGR:0.26285714285714284	AERYKDHP:0.28	GAVIEHVG:0.2742857142857143	NSLKRPGV:0.2914285714285714	FFQLRRSI:0.24	LKRPGVMR:0.36	HDLMRGLK:0.5657142857142857	QPFMLMEQ:0.38285714285714284	FQGISLDY:0.3657142857142857	GHEHTRVF:0.22285714285714286	YNSLKRPG:0.32	WAEEIDAL:0.22285714285714286	FMLMEQTP:0.49142857142857144	KYHGAVIE:0.22857142857142856	HGAVIEHV:0.2742857142857143	RPGVMRLW:0.4057142857142857	GGYPGELR:0.26285714285714284	NWQPYNSL:0.24571428571428572	YHGAVIEH:0.2342857142857143	IWAEEIDA:0.22285714285714286	PGVMRLWS:0.4057142857142857	GQPFMLME:0.34285714285714286	MFKLAGID:0.21142857142857144	GVMRLWSY:0.3657142857142857	VMRLWSYQ:0.3657142857142857	AMTHDLMR:0.21142857142857144	THDLMRGL:0.2342857142857143	VTTNLMGF:0.2057142857142857	PYNSLKRP:0.2	FWGHTFYD:0.3657142857142857	LRRSIGAC:0.25142857142857145	RLWSYQAV:0.28	GIWAEEID:0.22285714285714286	FQLRRSIG:0.26285714285714284	LAGIDVAT:0.2057142857142857	WYGGDYNP:0.21142857142857144	GIVNENDL:0.2	KLAERYKD:0.2342857142857143	PSQQNWQP:0.26857142857142857	AVIEHVGH:0.26857142857142857	EQTPSQQN:0.41714285714285715	DYNPEQWD:0.29714285714285715	TPSQQNWQ:0.4	VIEHVGHE:0.26285714285714284	CEKYHGAV:0.32571428571428573	VVSWDNYP:0.2	KRPGVMRL:0.41714285714285715	IVNENDLV:0.2	FSGIVNEN:0.2342857142857143	RMFKLAGI:0.21142857142857144	WGHTFYDW:0.3657142857142857	FKLAGIDV:0.2	GACEKYHG:0.34285714285714286	SLKRPGVM:0.29714285714285715	MEQTPSQQ:0.41714285714285715	WQPYNSLK:0.24	HVGHEHTR:0.2	APVLYMVK:0.37142857142857144	TAAHPAWM:0.2571428571428571	CPNSPTYR:0.28	ATSTAAHP:0.21142857142857144	TSTAAHPA:0.22285714285714286	EKFHGAVI:0.2857142857142857	WVEEIDAL:0.2571428571428571	CLATSTAA:0.22285714285714286	WHVSNEYG:0.22285714285714286	STAAHPAW:0.22285714285714286	RHNSCPNS:0.32571428571428573	ADTVMFFQ:0.21142857142857144	FGGRHNSC:0.25142857142857145	HNSCPNSP:0.3142857142857143	HTFYDWDE:0.21142857142857144	AAHPAWMA:0.2571428571428571	PNSPTYRK:0.24571428571428572	LATSTAAH:0.2057142857142857	ERYKDHPA:0.24571428571428572	NSCPNSPT:0.3028571428571429	NSPTYRKY:0.24	LDYFKWAK:0.2857142857142857	TVMFFQLR:0.2	GHTFYDWD:0.22285714285714286	VMFFQLRR:0.2	TFFSGIVN:0.25142857142857145	MFFQLRRS:0.21714285714285714	SCPNSPTY:0.2857142857142857	LMRGLKDG:0.21142857142857144	GRHNSCPN:0.2571428571428571	HVSNEYGG:0.21714285714285714	GGRHNSCP:0.2571428571428571	DTVMFFQL:0.2057142857142857	GADTVMFF:0.21142857142857144	TFYDWDEI:0.21142857142857144	GIWVEEID:0.2	FFSGIVNE:0.25142857142857145	TTFFSGIV:0.3028571428571429	DLMRGLKD:0.24	
