cluster number:0
GH92:643	GH92:643|3.2.1.-:7|3.2.1.114:1|GH88:1|CBM57:1
GQMSAWYV:0.28149300155520995	DCGQMSAW:0.46967340590979784	AHGNEPSH:0.552099533437014	LEYAYDDW:0.2581648522550544	SGNEDCGQ:0.2581648522550544	YVNPFIGT:0.2115085536547434	TGLIGQYA:0.2052877138413686	DTYRAAHP:0.2099533437013997	GFSHTHLS:0.6049766718506998	YAHGNEPS:0.552099533437014	LWDTYRAA:0.2006220839813375	QYAHGNEP:0.5769828926905132	EDCGQMSA:0.39035769828926903	SHTHLSGT:0.552099533437014	HGNEPSHH:0.6842923794712286	WDTYRAAH:0.2099533437013997	NEDCGQMS:0.4276827371695179	YGFSHTHL:0.2052877138413686	LIGQYAHG:0.2986003110419907	FSLWDTYR:0.29704510108864696	FIGTGGHG:0.28149300155520995	SLWDTYRA:0.3810264385692068	GNEDCGQM:0.4307931570762053	GTGGHGHT:0.3141524105754277	IGQYAHGN:0.43390357698289267	FSHTHLSG:0.6080870917573873	GQYAHGNE:0.5769828926905132	TLEYAYDD:0.23950233281493002	GLIGQYAH:0.2954898911353033	IGTGGHGH:0.3312597200622084	HTHLSGTG:0.6205287713841369	CGQMSAWY:0.3343701399688958	MVQLSPDT:0.29082426127527217	HLSGTGIG:0.2581648522550544	SLWDTFRA:0.26749611197511663	FSLWDTFR:0.208398133748056	THLSGTGI:0.2690513219284603	LSGTGIGD:0.25660964230171074	GHTFPGAT:0.20217729393468117	GNEPSHHV:0.33748055987558323	YTEGNAWQ:0.2737169517884914	GMVQLSPD:0.4059097978227061	GNEDVGQM:0.2301710730948678	NEDVGQMS:0.2301710730948678	FGMVQLSP:0.27216174183514774	PFGMVQLS:0.27216174183514774	IFYTALYH:0.2534992223950233	GNEPSHHI:0.3312597200622084	TFSLWDTY:0.2192846034214619	
