cluster number:16
GH92:39	GH92:39
SMMHESGT:0.3333333333333333	LPSNRTGE:0.20512820512820512	SGTGGAPK:0.20512820512820512	LLPSNRTG:0.20512820512820512	EGRGALPD:0.3333333333333333	VDVSHVLP:0.20512820512820512	LPGNSDAG:0.6666666666666666	GNSDAGAM:0.6153846153846154	SNRTGENP:0.20512820512820512	ESGTGGAP:0.46153846153846156	STKEGRGA:0.38461538461538464	VLADAYVK:0.4358974358974359	DVSHVLPS:0.2564102564102564	TKEGRGAL:0.38461538461538464	SSTKEGRG:0.28205128205128205	GLPGNSDA:0.6923076923076923	KEGRGALP:0.3333333333333333	PGNSDAGA:0.6666666666666666	RVGISFIS:0.20512820512820512	NVLADAYV:0.3076923076923077	TGGAPKYG:0.358974358974359	SRVGISFI:0.20512820512820512	MPDARSSN:0.20512820512820512	LADAYVKG:0.4358974358974359	SSEPYYDD:0.20512820512820512	MMHESGTG:0.38461538461538464	ADAYVKGV:0.3076923076923077	GRGALPDW:0.48717948717948717	GYMPDARS:0.20512820512820512	PSNRTGEN:0.20512820512820512	DAYVKGVR:0.28205128205128205	DNVLADAY:0.3076923076923077	HESGTGGA:0.46153846153846156	GTGGAPKY:0.358974358974359	AYVKGVRG:0.28205128205128205	RGALPDWL:0.3333333333333333	GMVKLGPD:0.2564102564102564	MHESGTGG:0.41025641025641024	VQSLKVNG:0.28205128205128205	YVQSLKVN:0.2564102564102564	AMVKDAEV:0.23076923076923078	GRTQGGSN:0.41025641025641024	NSDAGAMQ:0.41025641025641024	NGRTQGGS:0.20512820512820512	NADNVLAD:0.23076923076923078	GGSNADNV:0.20512820512820512	DSSTKEGR:0.20512820512820512	SNADNVLA:0.23076923076923078	TQGGSNAD:0.3333333333333333	RTQGGSNA:0.3076923076923077	ADNVLADA:0.23076923076923078	GSNADNVL:0.23076923076923078	QGGSNADN:0.2564102564102564	LHESGTGG:0.20512820512820512	RSGRTQGG:0.20512820512820512	AGAMQAWL:0.20512820512820512	SFLTPYLY:0.23076923076923078	YYDDFFTI:0.23076923076923078	PSFLTPYL:0.2564102564102564	SGRTQGGS:0.20512820512820512	EPSFLTPY:0.2564102564102564	DAGAMQAW:0.20512820512820512	NEPSFLTP:0.3333333333333333	SDAGAMQA:0.23076923076923078	DDFFTIWD:0.23076923076923078	FTIWDTFR:0.20512820512820512	MCKMGVDV:0.20512820512820512	YDDFFTIW:0.23076923076923078	IGNEPSFL:0.20512820512820512	DDEYEGKP:0.20512820512820512	EPYYDDWF:0.20512820512820512	DIGNEPSF:0.20512820512820512	EGKPVEYG:0.20512820512820512	GNEPSFLT:0.2564102564102564	YEGKPVEY:0.2564102564102564	PYYDDWFT:0.20512820512820512	ISMMHESG:0.23076923076923078	SGLPGNSD:0.20512820512820512	GISMMHES:0.20512820512820512	
