cluster number:35
GH92:77	GH92:77
PYTKNWID:0.2077922077922078	LVLTLGKN:0.2077922077922078	TKNWIDHS:0.22077922077922077	RYSGFNQT:0.2077922077922078	KNWIDHSF:0.24675324675324675	HSFFTEGK:0.3116883116883117	GFNQTYSK:0.2077922077922078	WIDHSFFT:0.2857142857142857	KPYTKNWI:0.22077922077922077	TAVGDLPP:0.2077922077922078	YTKNWIDH:0.2727272727272727	SFFTEGKE:0.2987012987012987	NWIDHSFF:0.2987012987012987	NQTYSKRW:0.2077922077922078	VLTLGKNE:0.2077922077922078	SGFNQTYS:0.2077922077922078	GTAVGDLP:0.2077922077922078	FTEGKELV:0.2857142857142857	TEGKELVL:0.2857142857142857	EGKELVLT:0.24675324675324675	ELVLTLGK:0.2077922077922078	KELVLTLG:0.24675324675324675	YSGFNQTY:0.2077922077922078	DHSFFTEG:0.3116883116883117	LTLGKNES:0.2727272727272727	GKELVLTL:0.24675324675324675	WGTAVGDL:0.2077922077922078	GDLPPSLG:0.2077922077922078	FNQTYSKR:0.2077922077922078	TLNGKPYT:0.2077922077922078	VGDLPPSL:0.2077922077922078	AVGDLPPS:0.2077922077922078	GKPYTKNW:0.22077922077922077	IDHSFFTE:0.2727272727272727	ATLNGKPY:0.23376623376623376	GRYSGFNQ:0.2077922077922078	FFTEGKEL:0.2987012987012987	CRMSLCKG:0.2987012987012987	MHDSGTGG:0.37662337662337664	GMAKAVAD:0.4675324675324675	MAKAVADV:0.2077922077922078	SISRTLEY:0.24675324675324675	GFSHMHDS:0.2077922077922078	SRTLEYAY:0.24675324675324675	GGSNADVV:0.45454545454545453	VFAGATLP:0.2597402597402597	DDSGAMGS:0.33766233766233766	SHMHDSGT:0.2077922077922078	GWLPDCRM:0.38961038961038963	YCIWDSFR:0.36363636363636365	GNDDSGAM:0.5324675324675324	TQGGSNAD:0.6883116883116883	NDDSGAMG:0.5064935064935064	EYAYNDFC:0.2077922077922078	PDCRMSLC:0.2987012987012987	WLPDCRMS:0.3116883116883117	QGGSNADV:0.4935064935064935	LPDCRMSL:0.35064935064935066	DSGAMGSF:0.33766233766233766	FSHMHDSG:0.2077922077922078	GSNADVVL:0.22077922077922077	RSISRTLE:0.23376623376623376	HMHDSGTG:0.2077922077922078	PGNDDSGA:0.4805194805194805	DCRMSLCK:0.2987012987012987	HYAGRPGL:0.2077922077922078	SPQDYTGE:0.22077922077922077	YHYAGRPG:0.2077922077922078	HDSGTGGS:0.2987012987012987	LHDSGTGG:0.24675324675324675	PQDYTGEN:0.2987012987012987	SRTVEYAY:0.22077922077922077	YAGRPGLS:0.2077922077922078	IQSATLNG:0.22077922077922077	YGMAKAVA:0.2727272727272727	GLFPNPGQ:0.3246753246753247	QNYTGENP:0.33766233766233766	MMGLFPNP:0.2597402597402597	YTGENPLW:0.44155844155844154	DSFYCIWD:0.44155844155844154	SLGNFPLF:0.3246753246753247	MGLFPNPG:0.2857142857142857	PQNYTGEN:0.33766233766233766	FDSFYCIW:0.37662337662337664	FYSGIYRT:0.2077922077922078	GLPGNDDS:0.36363636363636365	LPGNDDSG:0.36363636363636365	PSLGNFPL:0.3116883116883117	YTQGGSNA:0.23376623376623376	NYTGENPL:0.24675324675324675	ITYIGNEP:0.2077922077922078	GYTQGGSN:0.22077922077922077	YIQSATLN:0.2077922077922078	PYFDSFYC:0.4025974025974026	YFDSFYCI:0.37662337662337664	MAKAVADT:0.2597402597402597	PYGMAKAV:0.2727272727272727	LGNFPLFP:0.2727272727272727	EPYFDSFY:0.33766233766233766	VYLITPPF:0.23376623376623376	NIYIQSAT:0.22077922077922077	YLITPPFF:0.23376623376623376	IYIQSATL:0.2597402597402597	QYHYAGRP:0.24675324675324675	SPQNYTGE:0.23376623376623376	DYTGENPL:0.2077922077922078	QDYTGENP:0.23376623376623376	SFYCIWDS:0.24675324675324675	FYCIWDSF:0.2597402597402597	HDSGTGGN:0.22077922077922077	DSGTGGNP:0.22077922077922077	GTGGNPSL:0.22077922077922077	GNPSLGNF:0.2077922077922078	SGTGGNPS:0.22077922077922077	TGGNPSLG:0.22077922077922077	GGNPSLGN:0.2077922077922078	HYAGRPAL:0.24675324675324675	AGRPALSA:0.22077922077922077	YAGRPALS:0.24675324675324675	GGNVFAGA:0.23376623376623376	YHYAGRPA:0.22077922077922077	
