cluster number:32
GH76:11	GH76:11
SKNACSNG:0.8181818181818182	DGGLFKGI:0.5454545454545454	KNACSNGP:0.8181818181818182	WSKNACSN:0.36363636363636365	LFKGIFVR:0.2727272727272727	GDGGLFKG:0.5454545454545454	FKGIFVRY:0.2727272727272727	GGLFKGIF:0.5454545454545454	ACSNGPAA:0.2727272727272727	NACSNGPA:0.7272727272727273	GLFKGIFI:0.2727272727272727	FKGIFIRY:0.2727272727272727	DDMEWIAL:0.36363636363636365	MLIEAAAL:0.2727272727272727	DMEWIALA:0.2727272727272727	KGIFIRYF:0.2727272727272727	LFKGIFIR:0.2727272727272727	LIEAAALL:0.2727272727272727	YWPQAHAM:0.45454545454545453	WPQAHAMD:0.45454545454545453	PQAHAMDV:0.45454545454545453	HYWPQAHA:0.2727272727272727	ELYKITGD:0.2727272727272727	GAAHELYK:0.2727272727272727	
