cluster number:25
GH76:119	GH76:119
PYYWWEAG:0.5042016806722689	TEGNDDQA:0.29411764705882354	LARYTGNQ:0.21008403361344538	NDDQAFWG:0.33613445378151263	CNGGLRWQ:0.20168067226890757	WEAGGAWG:0.2605042016806723	LAQAVFNT:0.3865546218487395	CSGGTDGH:0.3025210084033613	YKNSVSNG:0.23529411764705882	YWWEAGGA:0.31092436974789917	NTMALRWD:0.20168067226890757	LNQSTTEG:0.3025210084033613	AQAVFNTM:0.3949579831932773	DQAFWGIA:0.23529411764705882	RLARYTGN:0.44537815126050423	QWLYLAQA:0.23529411764705882	FNTMALRW:0.20168067226890757	PLNQSTTE:0.3025210084033613	VSNGALFH:0.2857142857142857	YYWWEAGG:0.31932773109243695	PQWLYLAQ:0.23529411764705882	TTEGNDDQ:0.46218487394957986	AERNFTNP:0.23529411764705882	GGTDGHTC:0.4369747899159664	AARLARYT:0.33613445378151263	YLAQAVFN:0.226890756302521	WLYLAQAV:0.226890756302521	GTDGHTCG:0.4369747899159664	YIPLNQST:0.20168067226890757	QAVFNTMA:0.2773109243697479	VFNTMALR:0.20168067226890757	QSTTEGND:0.37815126050420167	GYYGLGEQ:0.21008403361344538	SGGTDGHT:0.3025210084033613	QRSFKAYF:0.33613445378151263	ARLARYTG:0.42016806722689076	GNDDQAFW:0.3865546218487395	GGLRWQIF:0.773109243697479	AVFNTMAL:0.20168067226890757	QWTYNQGL:0.25210084033613445	DDQAFWGI:0.25210084033613445	LYLAQAVF:0.226890756302521	NQSTTEGN:0.37815126050420167	DQRSFKAY:0.36134453781512604	IPLNQSTT:0.20168067226890757	EGNDDQAF:0.33613445378151263	STTEGNDD:0.37815126050420167	YQWTYNQG:0.21008403361344538	DGYYGLGE:0.21008403361344538	NNDQRSFK:0.21008403361344538	AAERNFTN:0.23529411764705882	WWEAGGAW:0.29411764705882354	CNNDQRSF:0.31092436974789917	GEQMSALE:0.4369747899159664	RWQIFTWN:0.4117647058823529	ARLGRYTG:0.20168067226890757	VEGNDDQG:0.21008403361344538	LRWQIFTW:0.37815126050420167	EQMSALEV:0.31092436974789917	WQIFTWNS:0.33613445378151263	YGLGEQMS:0.40336134453781514	TDGHTCGL:0.35294117647058826	QIFTWNSG:0.33613445378151263	GGGLRWQI:0.5882352941176471	AARLGRYT:0.226890756302521	GLRWQIFT:0.37815126050420167	IFTWNSGY:0.33613445378151263	LGEQMSAL:0.42857142857142855	DGHTCGLN:0.3949579831932773	AGEAFGGM:0.20168067226890757	RLGRYTGN:0.20168067226890757	GLGEQMSA:0.42857142857142855	MVEGNDDQ:0.21008403361344538	GHTCGLNW:0.3949579831932773	CGGGLRWQ:0.5882352941176471	EGNDDQGV:0.25210084033613445	GNDDQGVW:0.25210084033613445	AGAGIITA:0.20168067226890757	TEGNDDQG:0.2605042016806723	YDYKNTVS:0.21008403361344538	GYDYKNTV:0.21008403361344538	WNSGYDYK:0.3865546218487395	HTCGLNWF:0.20168067226890757	NSGYDYKN:0.37815126050420167	SCSGGTDG:0.31932773109243695	SFKAYFSR:0.20168067226890757	
