cluster number:0
GH76:256	GH76:256
QGVVLGLE:0.31640625	PANGPAAI:0.21484375	LSVQLSGW:0.6953125	LGLETELA:0.28515625	YDDMAWLA:0.31640625	FFNAPANG:0.29296875	CQGVVLGL:0.31640625	PERDLSVQ:0.30078125	DDMAWLAL:0.2734375	DMAWLALA:0.2734375	GIPWRKQD:0.203125	LSGWMLLE:0.296875	GILARYLA:0.44921875	HYWWQAHL:0.41015625	GGGDGGLF:0.53515625	GGIPWRKQ:0.203125	ERDLSVQL:0.81640625	QLSGWMLL:0.296875	DLSVQLSG:0.69921875	GWMLLEAA:0.27734375	FNAPANGP:0.3125	VLGLETEL:0.26171875	YYDDMAWL:0.421875	GGLFNGIL:0.2265625	TYCQGVVL:0.33203125	VQLSGWML:0.671875	YTYCQGVV:0.30859375	GGDGGLFN:0.26953125	SVQLSGWM:0.6796875	ILARYLAL:0.2265625	RDLSVQLS:0.734375	DGGLFNGI:0.2265625	GGGIPWRK:0.3046875	NAPANGPA:0.38671875	GVVLGLET:0.26171875	WHYWWQAH:0.78515625	GDGGLFNG:0.23828125	YCQGVVLG:0.42578125	VVLGLETE:0.26171875	SGWMLLEA:0.296875	VPEDGGGI:0.20703125	GSLVRAQY:0.20703125	THLVFDGI:0.21484375	HLVFDGIK:0.203125	LVRAQYTY:0.20703125	GAGGGDGG:0.234375	GWMLMEAA:0.4296875	AGGGDGGL:0.24609375	PEDGGGIP:0.22265625	SGWMLMEA:0.35546875	DGGGIPWR:0.234375	QLSGWMLM:0.359375	MAWLALAL:0.21484375	QFFNAPAN:0.21484375	VRAQYTYC:0.2265625	DQFFNAPA:0.2109375	QYTYCQGV:0.23046875	WQAHLLDC:0.29296875	LSGWMLME:0.359375	WLALALER:0.23046875	AERDLSVQ:0.28125	APANGPAG:0.234375	YWWQAHLL:0.38671875	ARYLALVA:0.26171875	QAHLLDCL:0.21484375	WWQAHLLD:0.375	WVPEDGGG:0.20703125	SLVRAQYT:0.20703125	EDGGGIPW:0.22265625	RAQYTYCQ:0.2265625	RYLALVAT:0.23046875	AQYTYCQG:0.23046875	LALALERA:0.2109375	AWLALALE:0.21875	PANGPAGI:0.20703125	TWHYWWQA:0.203125	WQAHYLDC:0.30859375	WWQAHYLD:0.30859375	LEVDGLPV:0.28515625	DGDGGLFK:0.30859375	HYWWQAHY:0.36328125	GGLFKGIL:0.359375	DGGLFKGI:0.359375	GLPVFATD:0.21875	RLEVDGLP:0.38671875	DERDLSVQ:0.2578125	HRLEVDGL:0.34375	QAHYLDCL:0.26953125	TGDGDGGL:0.28515625	GDGDGGLF:0.30859375	GDGGLFKG:0.36328125	EVDGLPVF:0.28515625	LPVFATDW:0.21875	ADLAESAI:0.2109375	RADLAESA:0.21484375	DGLPVFAT:0.2265625	VDGLPVFA:0.24609375	YWWQAHYL:0.30859375	WMLLEAAA:0.26171875	RWHYWWQA:0.203125	
