cluster number:17
GH76:46	GH76:46
GYDYKNTI:0.2391304347826087	ASLGNDDQ:0.4782608695652174	DYKNTIAN:0.2608695652173913	YDYKNTIA:0.2391304347826087	PGILPGPP:0.6304347826086957	WLALAQAV:0.6304347826086957	LALAQAVF:0.41304347826086957	NGCFFNLG:0.2608695652173913	CFFNLGAR:0.30434782608695654	FNLGARLA:0.34782608695652173	GILPGPPP:0.391304347826087	YKNSIANG:0.2826086956521739	TPGILPGP:0.2391304347826087	LGARLARY:0.3695652173913043	ALAQAVFN:0.34782608695652173	LAQAVFNT:0.4782608695652174	TCGGGLRW:0.2391304347826087	RLARYTGN:0.43478260869565216	NSIANGCF:0.2826086956521739	GDYYWWEG:0.32608695652173914	AQAVFNTQ:0.4782608695652174	ANGCFFNL:0.2608695652173913	TASLGNDD:0.391304347826087	YWWEGGAM:0.2826086956521739	GCFFNLGA:0.2608695652173913	YYWWEGGA:0.45652173913043476	IANGCFFN:0.3695652173913043	GGGLRWQI:0.34782608695652173	ARLARYTG:0.43478260869565216	KNSIANGC:0.2826086956521739	GARLARYT:0.6086956521739131	NNGYDYKN:0.2608695652173913	DYYWWEGG:0.32608695652173914	GGLRWQIP:0.34782608695652173	SIANGCFF:0.2826086956521739	GYDYKNSI:0.34782608695652173	QAVFNTQA:0.4782608695652174	NLGARLAR:0.391304347826087	FFNLGARL:0.3695652173913043	CGGGLRWQ:0.3695652173913043	NGGLRWQI:0.2391304347826087	TDMLSFKG:0.2608695652173913	CNGGLRWQ:0.32608695652173914	MLSFKGYV:0.2391304347826087	KGYVHRWL:0.21739130434782608	DMLSFKGY:0.391304347826087	FKGYVHRW:0.32608695652173914	LSFKGYVH:0.21739130434782608	SFKGYVHR:0.30434782608695654	LGNDDQGF:0.5869565217391305	GNDDQGFW:0.8478260869565217	SLGNDDQG:0.5652173913043478	NDDQGFWG:0.782608695652174	DDQGFWGM:0.6956521739130435	EGNDDQGF:0.21739130434782608	QGFWGMSA:0.34782608695652173	DQGFWGMS:0.3695652173913043	GFWGMSAM:0.30434782608695654	WGMSAMLA:0.32608695652173914	MSAMLAAE:0.32608695652173914	FWGMSAML:0.32608695652173914	GMSAMLAA:0.32608695652173914	PQWLALAQ:0.43478260869565216	QWLALAQA:0.4782608695652174	LALAQAVW:0.21739130434782608	DQPQWLAL:0.21739130434782608	AAVSSLLI:0.21739130434782608	QPQWLALA:0.2391304347826087	LAAVSSLL:0.34782608695652173	VLAAVSSL:0.30434782608695654	IPGILPGP:0.30434782608695654	NCTDINKA:0.2391304347826087	
