cluster number:28
GH76:26	GH76:26
TYKNAITN:0.3076923076923077	NEMVYTYN:0.3076923076923077	VILSGLRG:0.34615384615384615	NAITNELF:0.3076923076923077	RNEMVYTY:0.3076923076923077	KNAITNEL:0.8846153846153846	YKNAITNE:0.8846153846153846	GLGRNGIL:0.23076923076923078	EMVYTYNQ:0.6153846153846154	LGRNGILE:0.23076923076923078	LSGLRGLW:0.38461538461538464	AITNELFI:0.23076923076923078	MYLYFPGD:0.4230769230769231	ILSGLRGL:0.34615384615384615	PAFAHRAR:0.2692307692307692	GRGRTVET:0.6153846153846154	TFKGIFFH:0.2692307692307692	GRTVETQG:0.2692307692307692	GQTFKGIF:0.34615384615384615	RGRGRTVE:0.6153846153846154	GVLLTGQR:0.23076923076923078	DDMLWVVL:0.5384615384615384	PYKNAITN:0.5769230769230769	TYNQGVLL:0.34615384615384615	NQGVLLTG:0.23076923076923078	KGIFFHHL:0.2692307692307692	YTYNQGVL:0.2692307692307692	DMLWVVLG:0.5	AFDDMLWV:0.2692307692307692	VYTYNQGV:0.5384615384615384	FKGIFFHH:0.4230769230769231	MLWVVLGW:0.5	FDDMLWVV:0.2692307692307692	MVYTYNQG:0.6153846153846154	DRGRGRTV:0.3076923076923077	QGVLLTGQ:0.23076923076923078	LWVVLGWL:0.5384615384615384	AITNELYI:0.3076923076923077	NAITNELY:0.3076923076923077	NDRGRGRT:0.3076923076923077	RTVETQGG:0.23076923076923078	YNQGVLLT:0.23076923076923078	QTFKGIFF:0.3076923076923077	RGRTVETQ:0.6153846153846154	QDGQTFKG:0.2692307692307692	CSQDGQTF:0.23076923076923078	QAYDDMLW:0.2692307692307692	AYDDMLWV:0.2692307692307692	SQDGQTFK:0.23076923076923078	YDDMLWVV:0.2692307692307692	WVVLGWLE:0.3076923076923077	YTYNQGVI:0.3076923076923077	TYNQGVIL:0.3076923076923077	DGQTFKGI:0.2692307692307692	NQGVILSG:0.23076923076923078	YNQGVILS:0.23076923076923078	GLYADGFH:0.23076923076923078	AIDWTAAV:0.2692307692307692	DEMVYTYN:0.3076923076923077	PPWRGLGR:0.2692307692307692	LPPWRGLG:0.23076923076923078	RDEMVYTY:0.3076923076923077	NAITNELW:0.23076923076923078	
