cluster number:19
GH76:38	GH76:38
AAVELSTQ:0.23684210526315788	FKNTPATA:0.3684210526315789	HYVDCLVD:0.39473684210526316	VDAGRREL:0.23684210526315788	AHYVDCLV:0.39473684210526316	ATAPVALY:0.23684210526315788	TYNQGPVL:0.42105263157894735	YVDCLVDA:0.2894736842105263	TGDGGLFT:0.3157894736842105	GALLELGG:0.39473684210526316	WWQAHYVD:0.42105263157894735	VELSTQLQ:0.4473684210526316	NNYYDDMA:0.21052631578947367	WQAHYVDC:0.39473684210526316	LTLQFDSA:0.21052631578947367	VDCLVDAG:0.2894736842105263	DFKNTPAT:0.3684210526315789	YDDMAWLA:0.7105263157894737	GPVLGALL:0.39473684210526316	PSAGRLAS:0.23684210526315788	HYWWQAHY:0.5789473684210527	DDMAWLAL:0.868421052631579	PVALYYAR:0.2631578947368421	KRDFKNTP:0.42105263157894735	VALYYART:0.2631578947368421	APVALYYA:0.21052631578947367	QAHYVDCL:0.39473684210526316	LSTQLQAW:0.5526315789473685	CLVDAGRR:0.23684210526315788	GGLFTGIL:0.6052631578947368	VLGALLEL:0.39473684210526316	TAPVALYY:0.21052631578947367	AVELSTQL:0.3157894736842105	NQGPVLGA:0.4473684210526316	PATAPVAL:0.23684210526315788	ALYYARTG:0.2631578947368421	YTYNQGPV:0.3157894736842105	YNQGPVLG:0.4473684210526316	PWHYWWQA:0.5	NTPATAPV:0.23684210526315788	LGGGTFWS:0.21052631578947367	VNNYYDDM:0.21052631578947367	STQLQAWM:0.5263157894736842	DGGLFTGI:0.6052631578947368	GTGDGGLF:0.3157894736842105	ELSTQLQA:0.4473684210526316	YYDDMAWL:0.42105263157894735	GDGGLFTG:0.6052631578947368	YWWQAHYV:0.42105263157894735	VTGIRLRN:0.23684210526315788	LVTGIRLR:0.23684210526315788	NYYDDMAW:0.21052631578947367	IYTYNQGP:0.23684210526315788	GAAVELST:0.23684210526315788	KNTPATAP:0.3684210526315789	RDFKNTPA:0.5263157894736842	TPATAPVA:0.23684210526315788	WHYWWQAH:0.7894736842105263	RPSAGRLA:0.21052631578947367	LGALLELG:0.4473684210526316	LVDAGRRE:0.23684210526315788	QGPVLGAL:0.4473684210526316	PVLGALLE:0.39473684210526316	DCLVDAGR:0.23684210526315788	LLFLPGTH:0.21052631578947367	SAGRLASR:0.21052631578947367	FYDDMAWL:0.2894736842105263	QLQAWMAL:0.23684210526315788	AGRLASRL:0.21052631578947367	TQLQAWMA:0.23684210526315788	AWMALEAA:0.21052631578947367	GRLASRLV:0.21052631578947367	RLLFLPGT:0.21052631578947367	LQAWMALE:0.23684210526315788	QAWMALEA:0.21052631578947367	RLASRLVT:0.21052631578947367	VYTYNQGP:0.23684210526315788	GILCRYLA:0.2894736842105263	TYNQGPIL:0.21052631578947367	TGILCRYL:0.2631578947368421	DMAWLALA:0.7631578947368421	LFTGILCR:0.2631578947368421	FTGILCRY:0.2631578947368421	MAWLALAA:0.2894736842105263	ASRLVTGI:0.21052631578947367	WLALATHR:0.21052631578947367	LASRLVTG:0.21052631578947367	SRLVTGIR:0.21052631578947367	AWLALATH:0.21052631578947367	MAWLALAT:0.2631578947368421	LALATHRL:0.21052631578947367	RLVTGIRL:0.21052631578947367	WWQAHYLD:0.23684210526315788	YWWQAHYL:0.2631578947368421	ILCRYLAL:0.23684210526315788	FTGILVRY:0.21052631578947367	TGILVRYL:0.21052631578947367	LFTGILVR:0.21052631578947367	RYLALAAR:0.21052631578947367	YLALAARD:0.21052631578947367	
