cluster number:11
GH76:12	GH76:12|CBM35:2
GWWALAWI:0.5	TYNQGVIL:0.4166666666666667	WWALAWIR:0.3333333333333333	FLNEFYDD:0.5833333333333334	TKNAISIW:0.25	AASLARRV:0.25	DIFNDMQT:0.25	GYVNAIAN:0.25	TAASLARR:0.25	WIRASDAT:0.25	WDNAWWSS:0.25	AIANELYL:0.25	ATGPSHSS:0.25	TTVHTMKT:0.25	LYRRFITK:0.25	AQKTTVHT:0.25	LAWIRASD:0.25	FITKNAIS:0.25	AIVAAIAV:0.25	EEANKLNI:0.25	EFYDDEGW:0.5833333333333334	IFVRNLRY:0.25	GLQTWSYN:0.25	FVRNLRYL:0.25	FLGKRGFD:0.25	SSALDAIV:0.25	GSGYVNAI:0.25	TVHTMKTM:0.25	NNGLQTWS:0.25	QFKGIFVR:0.4166666666666667	EANKLNIG:0.25	SHSSALDA:0.25	VRNLRYLH:0.25	DGQQFKGI:0.25	NGLQTWSY:0.25	EAAIDIFN:0.25	VHTMKTMT:0.25	QTWSYNQG:0.25	TWSYNQGV:0.25	QYLEAAID:0.25	AAIDIFND:0.25	NAWWSSAN:0.25	KTTVHTMK:0.25	YNQGVVLG:0.3333333333333333	QKTTVHTM:0.25	DDEGWWAL:0.6666666666666666	IVAAIAVS:0.25	GGIRWKKE:0.25	LEEANKLN:0.25	IRASDATG:0.25	ALAWIRAS:0.25	GIFVRNLR:0.3333333333333333	QQFKGIFV:0.25	LNEFYDDE:0.5	WALAWIRA:0.25	ANKLNIGG:0.25	GQQFKGIF:0.25	ITKNAISI:0.25	NFLNEFYD:0.25	VNAIANEL:0.25	NAQKTTVH:0.25	DAIVAAIA:0.25	AWIRASDA:0.25	GIRWKKEG:0.25	NAIANELY:0.25	GPSHSSAL:0.25	IRWKKEGE:0.25	ALDAIVAA:0.25	CKNNGLQT:0.25	AIDIFNDM:0.25	RFITKNAI:0.25	DEGWWALA:0.5	DNAWWSSA:0.25	EGWWALAW:0.5	IFNDMQTG:0.25	SGYVNAIA:0.25	PSHSSALD:0.25	YRRFITKN:0.25	RRFITKNA:0.25	KGIFVRNL:0.4166666666666667	NEFYDDEG:0.5833333333333334	FNDMQTGT:0.25	IDIFNDMQ:0.25	RNLRYLHT:0.25	YDDEGWWA:0.75	AKKQWNWF:0.25	LEAAIDIF:0.25	YLEAAIDI:0.25	YVNAIANE:0.25	IAKKQWNW:0.25	HSSALDAI:0.25	KNNGLQTW:0.25	LDAIVAAI:0.25	FKGIFVRN:0.4166666666666667	TGPSHSSA:0.25	FYDDEGWW:0.5833333333333334	SALDAIVA:0.25	LQTWSYNQ:0.25	TYNQGVVL:0.25	PNGILREP:0.25	QFKGIFMR:0.3333333333333333	GGGIWWNK:0.3333333333333333	NGILREPC:0.25	TWTYNQGV:0.5	GPQFKGIF:0.3333333333333333	WINAYDLT:0.25	PTWTYNQG:0.3333333333333333	WTYNQGVV:0.25	CGGGIWWN:0.3333333333333333	KGIFMRNL:0.3333333333333333	GWWALTWI:0.25	FKGIFMRN:0.3333333333333333	GGIWWNKE:0.3333333333333333	GILREPCE:0.25	PQFKGIFM:0.25	DGPQFKGI:0.3333333333333333	YNQGVILG:0.5	YKNAIANE:0.3333333333333333	WTYNQGVI:0.3333333333333333	TCGGGIWW:0.3333333333333333	NAIANELF:0.4166666666666667	NQGVILGA:0.4166666666666667	KNAIANEL:0.3333333333333333	QGVILGAL:0.4166666666666667	
