cluster number:8
GH76:27	GH76:27
AQGVFNTQ:0.3333333333333333	NAISNGGL:0.3333333333333333	LAQGVFNT:0.3333333333333333	KNAISNGG:0.3333333333333333	RWQIWPYQ:0.25925925925925924	FWGLAAIT:0.2962962962962963	SLAQGVFN:0.2962962962962963	WGLAAITA:0.2962962962962963	LSLAQGVF:0.2962962962962963	QLAARLAR:0.2962962962962963	LGNDDQMF:0.4074074074074074	SNGGLFQL:0.4074074074074074	LFQLAARL:0.4074074074074074	GNDDQMFW:0.48148148148148145	AARLARYT:0.3333333333333333	FQLAARLA:0.2962962962962963	SWLSLAQG:0.2962962962962963	GLFQLAAR:0.3333333333333333	WAEKIWDW:0.3333333333333333	NGGLFQLA:0.2962962962962963	LAARLARY:0.2962962962962963	DDQMFWGL:0.48148148148148145	GGLFQLAA:0.2962962962962963	AEKIWDWS:0.3333333333333333	TWNVADST:0.2222222222222222	WLSLAQGV:0.3333333333333333	DQMFWGLA:0.48148148148148145	QMFWGLAA:0.37037037037037035	NDDQMFWG:0.48148148148148145	CGGGLRWQ:0.25925925925925924	ISNGGLFQ:0.4074074074074074	QWTYNYGT:0.25925925925925924	NSISNGGL:0.2222222222222222	FWGLAAMT:0.2222222222222222	TYNYGTYL:0.2222222222222222	AAYMYNYT:0.25925925925925924	SISNGGLF:0.2222222222222222	WTYNYGTY:0.2222222222222222	GAAYMYNY:0.25925925925925924	AISNGGLF:0.2962962962962963	GAMFMTLI:0.2222222222222222	MFMTLIQY:0.2962962962962963	EKIWDWSA:0.2222222222222222	FMTLIQYW:0.2962962962962963	AMFMTLIQ:0.2222222222222222	MFWGLAAI:0.2222222222222222	GKLTDTWY:0.2222222222222222	WLGNDDQM:0.2222222222222222	GIPGKLTD:0.2222222222222222	TEGIPGKL:0.2222222222222222	PGKLTDTW:0.2222222222222222	EGIPGKLT:0.2222222222222222	IPGKLTDT:0.2222222222222222	
