cluster number:4
GH76:24	GH76:24
AIANELYL:0.4583333333333333	NQGVILGG:0.2916666666666667	QGVILGGL:0.2916666666666667	DDEGWWAL:0.7083333333333334	VNAIANEL:0.3333333333333333	NAIANELY:0.4583333333333333	YDDEGWWA:0.875	YVNAIANE:0.3333333333333333	FYDDEGWW:0.2916666666666667	DEGWWALG:0.25	YNQGVILG:0.4166666666666667	ILGGLVEL:0.2916666666666667	TQSSALDA:0.25	GVILGGLV:0.25	DEGWWALA:0.4583333333333333	VILGGLVE:0.25	LGGLVELS:0.3333333333333333	QGVVLGGL:0.375	DYYDDEGW:0.3333333333333333	WSYNQGVV:0.25	NELYLSVA:0.3333333333333333	TWSYNQGV:0.20833333333333334	YNQGVVLG:0.375	VVLGGLVE:0.2916666666666667	ELYLSVAA:0.2916666666666667	NQGVVLGG:0.375	SYNQGVVL:0.25	IANELYLS:0.3333333333333333	ANELYLSV:0.3333333333333333	NDYYDDEG:0.3333333333333333	GVVLGGLV:0.2916666666666667	YYDDEGWW:0.5833333333333334	VLGGLVEL:0.2916666666666667	ADGAQFKG:0.20833333333333334	DASTQSSA:0.25	SSALDALV:0.20833333333333334	VWSYNQGV:0.20833333333333334	TYVNAIAN:0.20833333333333334	QSSALDAL:0.20833333333333334	ALDALVAA:0.20833333333333334	GADGAQFK:0.20833333333333334	SALDALVA:0.20833333333333334	CGADGAQF:0.20833333333333334	TVWSYNQG:0.20833333333333334	EGWWALAW:0.3333333333333333	SYNQGVIL:0.3333333333333333	QFKGVFVR:0.25	FKGVFVRN:0.25	KGVFVRNL:0.25	GAQFKGVF:0.2916666666666667	GWWALAWI:0.25	AQFKGVFV:0.20833333333333334	NEYYDDEG:0.20833333333333334	EYYDDEGW:0.20833333333333334	
