cluster number:20
CE7:101	CE7:101|3.1.1.72:3|3.1.1.-:1
CPPSTQFA:0.7227722772277227	PPSTQFAA:0.49504950495049505	PVYPFLSD:0.40594059405940597	CAALEPRI:0.2871287128712871	ACAALEPR:0.5247524752475248	PSTQFAAY:0.43564356435643564	QFAAYNKI:0.38613861386138615	STQFAAYN:0.43564356435643564	TQFAAYNK:0.39603960396039606	GARIHAKY:0.26732673267326734	FLDTAQLA:0.25742574257425743	FTKLGYID:0.2376237623762376	GQGGLSED:0.42574257425742573	RGQGGLSE:0.42574257425742573	ICPPSTQF:0.5247524752475248	VYPFLSDY:0.44554455445544555	GYIDIQHL:0.2376237623762376	RGARIHAK:0.21782178217821782	GVRGARIH:0.21782178217821782	FTGVRGAR:0.2376237623762376	RVWEMDLA:0.2079207920792079	TGVRGARI:0.22772277227722773	YIDIQHLA:0.2376237623762376	IFLDTAQL:0.22772277227722773	YFTGVRGA:0.2079207920792079	VRGARIHA:0.21782178217821782	LYFTGVRG:0.21782178217821782	LGYIDIQH:0.2376237623762376	DCRGQGGL:0.3564356435643564	LGYIDIQN:0.2079207920792079	RLGYIDIQ:0.33663366336633666	CRGQGGLS:0.3564356435643564	FHGYSCDS:0.2376237623762376	GYSCDSGD:0.2376237623762376	PFLSDYKR:0.43564356435643564	YPFLSDYK:0.43564356435643564	EYGHEYLP:0.2871287128712871	YGHEYLPY:0.25742574257425743	RGHIIRGI:0.22772277227722773	FTGVGGAR:0.22772277227722773	LAMDCRGQ:0.32673267326732675	YFTGVGGA:0.3465346534653465	DTICPPST:0.31683168316831684	LYFTGVGG:0.37623762376237624	LSDYKRAW:0.25742574257425743	MDCRGQGG:0.4158415841584158	VPVYPFLS:0.26732673267326734	IIRGIDDP:0.2079207920792079	GHIIRGID:0.2079207920792079	HIIRGIDD:0.2079207920792079	AMDCRGQG:0.37623762376237624	GHEYLPYL:0.24752475247524752	YSCDSGDW:0.2376237623762376	YRNVFLDT:0.27722772277227725	VLAMDCRG:0.32673267326732675	AVPVYPFL:0.25742574257425743	HGYSCDSG:0.2376237623762376	FLSDYKRA:0.26732673267326734	YYRNVFLD:0.27722772277227725	MFHGYSCD:0.21782178217821782	HLYFTGVG:0.31683168316831684	TICPPSTQ:0.31683168316831684	LYYRNVFL:0.2376237623762376	CAALEPRV:0.24752475247524752	VACAALEP:0.22772277227722773	GHIIRGLD:0.31683168316831684	HIIRGLDD:0.2376237623762376	GALTVACA:0.22772277227722773	IRGIDDPD:0.2079207920792079	GGLSEDNL:0.21782178217821782	GGALTVAC:0.22772277227722773	SQGGALTV:0.22772277227722773	ALTVACAA:0.21782178217821782	TVACAALE:0.21782178217821782	QGGLSEDN:0.21782178217821782	QGGALTVA:0.22772277227722773	LTVACAAL:0.21782178217821782	
