cluster number:18
CE7:53	CE7:53|GH26:1
GRAGGWPH:0.6037735849056604	VTGGSQGG:0.4339622641509434	DETCPPTS:0.3018867924528302	LHGRAGGW:0.24528301886792453	ETCPPTSM:0.2641509433962264	NDETCPPT:0.2830188679245283	HGRAGGWP:0.3018867924528302	LRVPGAGV:0.3584905660377358	PGAGVRPY:0.4716981132075472	VPGAGVRP:0.4716981132075472	RVPGAGVR:0.3584905660377358	VYLGCVRA:0.32075471698113206	RVYLGCVR:0.3018867924528302	AGGWPHLF:0.24528301886792453	PGAGIRPY:0.22641509433962265	LEIGIHGI:0.3018867924528302	RAGGWPHL:0.2641509433962264	TCPPTSMY:0.24528301886792453	YKRVYLGC:0.3018867924528302	PTSMYAAY:0.24528301886792453	CPPTSMYA:0.2830188679245283	TSMYAAYN:0.22641509433962265	GIHGIPVN:0.32075471698113206	YYDVVNFA:0.5094339622641509	EIGIHGIP:0.32075471698113206	IGIHGIPV:0.5471698113207547	ITLEIGIH:0.2830188679245283	YYKRVYLG:0.3018867924528302	YDVVNFAR:0.39622641509433965	KRVYLGCV:0.2830188679245283	EGKYPALL:0.24528301886792453	GGSQGGAL:0.660377358490566	GSQGGALS:0.4339622641509434	SQGGALSI:0.4716981132075472	TGGSQGGA:0.39622641509433965	PPTSMYAA:0.2641509433962264	TLEIGIHG:0.2830188679245283	AVTGGSQG:0.2830188679245283	VPGAGIRP:0.22641509433962265	YYYKRVYL:0.20754716981132076	YGILCVPK:0.20754716981132076	IHGIPVNL:0.24528301886792453	PKKEGKYP:0.2641509433962264	KKEGKYPA:0.2641509433962264	GGALSIVT:0.2641509433962264	TLLPERCT:0.32075471698113206	QGGALSIV:0.3018867924528302	GALSIVTA:0.24528301886792453	MTLLPERC:0.3018867924528302	ALLRVPGA:0.24528301886792453	GKYPALLR:0.20754716981132076	YPALLRVP:0.22641509433962265	LLRVPGAG:0.24528301886792453	PALLRVPG:0.24528301886792453	KYPALLRV:0.20754716981132076	GIHGIPVT:0.22641509433962265	LLPERCTE:0.2830188679245283	
