cluster number:1
GT85:107	GT85:107
RLVGSLPV:0.29906542056074764	DLPAYYPG:0.308411214953271	ETVVLTDE:0.308411214953271	LPVATGIA:0.3364485981308411	SHYANPLG:0.8130841121495327	PNVRFRGV:0.32710280373831774	SLPVATGI:0.3364485981308411	DLAEDIYP:0.21495327102803738	TSHYANPL:0.8037383177570093	LVGSLPVA:0.29906542056074764	IGVSSMAI:0.308411214953271	PGWEVFQP:0.27102803738317754	LAEDIYPN:0.3644859813084112	VGSLPVAT:0.37383177570093457	AAIAWGPY:0.2336448598130841	LPAYYPGA:0.308411214953271	PNNPNVRF:0.3644859813084112	QAFTSHYA:0.5607476635514018	AIAAIAWG:0.22429906542056074	VDQVFRTQ:0.29906542056074764	PVATGIAL:0.3364485981308411	LLGLPGWE:0.2523364485981308	VGPFVVVT:0.411214953271028	YPNNPNVR:0.37383177570093457	TLLGFRLD:0.45794392523364486	DIYPNNPN:0.2803738317757009	ATGIALVT:0.2897196261682243	NLPAFGPS:0.27102803738317754	GSTLLGFR:0.21495327102803738	IYPNNPNV:0.2803738317757009	TDGNGERA:0.3364485981308411	GFQAFTSH:0.4672897196261682	YANPLGEF:0.8504672897196262	NPNVRFRG:0.35514018691588783	FTSHYANP:0.7476635514018691	YYPGAWFW:0.3177570093457944	AYYPGAWF:0.308411214953271	PAYYPGAW:0.308411214953271	GVSSMAIA:0.308411214953271	IAAIAWGP:0.2336448598130841	HYANPLGE:0.8691588785046729	GSLPVATG:0.3364485981308411	DATQYYAE:0.2336448598130841	EDIYPNNP:0.2523364485981308	WQRLVGSL:0.29906542056074764	DGNGERAD:0.3364485981308411	NNPNVRFR:0.35514018691588783	TGIALVTT:0.2897196261682243	GPFVVVTR:0.22429906542056074	GNGERADR:0.2897196261682243	VATGIALV:0.3177570093457944	AFTSHYAN:0.7383177570093458	QVGPFVVV:0.42990654205607476	IAMGIPAA:0.308411214953271	QRLVGSLP:0.29906542056074764	FQAFTSHY:0.4672897196261682	AEDIYPNN:0.2523364485981308	EPYACVIA:0.21495327102803738	YACVIAMG:0.21495327102803738	VIAMGIPA:0.21495327102803738	LVPVWQRI:0.2616822429906542	ACVIAMGI:0.21495327102803738	CVIAMGIP:0.21495327102803738	PYACVIAM:0.21495327102803738	FRTQFLTR:0.5607476635514018	EPYAAIVA:0.2336448598130841	GFRTQFLT:0.34579439252336447	TDGYGERA:0.2523364485981308	DTDGYGER:0.2897196261682243	ATRLYLDG:0.22429906542056074	ATFYTLFT:0.2336448598130841	SATFYTLF:0.2336448598130841	FWLGGRLA:0.21495327102803738	QGFRTQFL:0.411214953271028	FYTLFTGA:0.22429906542056074	VDQGFRTQ:0.42990654205607476	GWFWLGGR:0.35514018691588783	IPLSATRL:0.22429906542056074	DGYGERAD:0.2523364485981308	WFWLGGRL:0.21495327102803738	DQGFRTQF:0.42990654205607476	GGRLANLL:0.22429906542056074	VLVPVWQR:0.29906542056074764	GPFVVVTH:0.24299065420560748	RTQFLTRM:0.308411214953271	GTTLLGFR:0.4205607476635514	TTLLGFRL:0.2616822429906542	GSLPVATA:0.2523364485981308	DTVVLTDE:0.2336448598130841	LVPVWQRL:0.308411214953271	SLPVATAI:0.24299065420560748	LPVATAIA:0.24299065420560748	PVATAIAL:0.24299065420560748	VATAIALV:0.205607476635514	
