cluster number:472
GH23:157	GH23:157
RVESGFNP:0.5414012738853503	VESGFNPY:0.5987261146496815	CAASVHPD:0.31210191082802546	RYSVGLMQ:0.8407643312101911	AASVHPDT:0.31210191082802546	ARVESGFN:0.5222929936305732	EFNNTSYV:0.2229299363057325	ESGFNPYA:0.6242038216560509	VGLMQITS:0.8089171974522293	SVGLMQIT:0.8407643312101911	YSVGLMQI:0.8789808917197452	RRYSVGLM:0.6242038216560509	LMQITSTN:0.7452229299363057	CENLKVSE:0.20382165605095542	AMQCAASV:0.21656050955414013	LSCYYSGN:0.7770700636942676	QCAASVHP:0.27388535031847133	MQITSTNF:0.7452229299363057	SGFNPYAI:0.5286624203821656	DPCENLKV:0.20382165605095542	GLSCYYSG:0.20382165605095542	TSYVQRIG:0.3630573248407643	AIAEIIPK:0.28662420382165604	RGLSCYYS:0.20382165605095542	MFDPCENL:0.20382165605095542	FNPYAIAE:0.5286624203821656	GLMQITST:0.7707006369426752	VARVESGF:0.5095541401273885	MQCAASVH:0.2229299363057325	GFNPYAIA:0.5222929936305732	NPYAIAEI:0.6305732484076433	PCENLKVS:0.20382165605095542	HEVARVES:0.2229299363057325	HRYSVGLM:0.21019108280254778	FDPCENLK:0.20382165605095542	EVARVESG:0.2356687898089172	YAIAEIIP:0.28662420382165604	QITSTNFA:0.20382165605095542	PYAIAEII:0.28662420382165604	PYAIAEIV:0.3184713375796178	LLDPCTNL:0.2929936305732484	HPSTAFDV:0.2229299363057325	PCTNLSVF:0.33121019108280253	NLSVFERI:0.24203821656050956	LDPCTNLS:0.2929936305732484	CAASIHPS:0.2611464968152866	AIAEIVPK:0.24203821656050956	CTNLSVFE:0.3184713375796178	PSTAFDVA:0.24203821656050956	ASIHPSTA:0.22929936305732485	DPCTNLSV:0.2802547770700637	MQCAASIH:0.24203821656050956	YAIAEIVP:0.3184713375796178	QCAASIHP:0.2802547770700637	AMQCAASI:0.2356687898089172	LSVFERIL:0.2356687898089172	GRRYSVGL:0.3184713375796178	AASIHPST:0.25477707006369427	IHPSTAFD:0.20382165605095542	SCYYSGNF:0.5732484076433121	RALSCYYS:0.5095541401273885	ALSCYYSG:0.6050955414012739	SYVQRIGY:0.21656050955414013	TSYIQRIG:0.28662420382165604	NFRHYGVT:0.2484076433121019	FRHYGVTA:0.267515923566879	KRALSCYY:0.46496815286624205	STNFRHYG:0.36942675159235666	LKRALSCY:0.4585987261146497	GTLKRALS:0.33121019108280253	DVARVESG:0.35668789808917195	QITSTNFR:0.3885350318471338	TSTNFRHY:0.37579617834394907	TLKRALSC:0.36942675159235666	SYIQRIGY:0.22929936305732485	TNFRHYGV:0.37579617834394907	RGGTLKRA:0.33121019108280253	GGTLKRAL:0.33121019108280253	ITSTNFRH:0.37579617834394907	MLSTTAFL:0.2929936305732484	LSTTAFLA:0.267515923566879	LDVARVES:0.20382165605095542	
