cluster number:49
GH23:86	GH23:86
YAHTLQES:0.23255813953488372	LRNYWMYE:0.313953488372093	RVAWSYYI:0.2558139534883721	AWSYYIEN:0.38372093023255816	IAAYNAGP:0.4418604651162791	MQVRPGTA:0.20930232558139536	GLMQVRPG:0.2558139534883721	DPLLFIES:0.29069767441860467	GWRVDPAL:0.27906976744186046	SIPYWETR:0.5465116279069767	QRVAWSYY:0.22093023255813954	LMQVRPGT:0.2558139534883721	GDPLLFIE:0.2441860465116279	ESIPYWET:0.5465116279069767	VAWSYYIE:0.38372093023255816	LPKVIAAY:0.4186046511627907	TGGLLPKV:0.5581395348837209	VIAAYNAG:0.43023255813953487	PKVIAAYN:0.4186046511627907	GGLLPKVI:0.36046511627906974	LLPKVIAA:0.37209302325581395	YWETRGYV:0.5116279069767442	PYWETRGY:0.5116279069767442	KVIAAYNA:0.4186046511627907	IPYWETRG:0.5	GLLPKVIA:0.37209302325581395	VLRNYWMY:0.32558139534883723	LPKVMAAY:0.2441860465116279	PDGGWRVD:0.20930232558139536	GLLPKVMA:0.2441860465116279	AGARGLMQ:0.29069767441860467	IKNDDPAG:0.23255813953488372	NDDPAGAE:0.2558139534883721	DPAGAEAL:0.22093023255813954	TQLWLAHN:0.23255813953488372	PAGAEALL:0.20930232558139536	VMAAYNAG:0.2558139534883721	VMRNYWMY:0.38372093023255816	KNDDPAGA:0.2441860465116279	MAAYNAGP:0.20930232558139536	KVMAAYNA:0.2441860465116279	DDPAGAEA:0.22093023255813954	IVMRNYWM:0.36046511627906974	LLPKVMAA:0.2441860465116279	ATGGLLPK:0.3023255813953488	PKVMAAYN:0.2441860465116279	ARAEWRQR:0.22093023255813954	WRQRVAWS:0.22093023255813954	EWRQRVAW:0.23255813953488372	MAAYNAGL:0.2441860465116279	MESIPYWE:0.37209302325581395	AEWRQRVA:0.22093023255813954	IMAAYNAG:0.20930232558139536	RAEWRQRV:0.22093023255813954	ETLYGMLA:0.23255813953488372	SYYIENDD:0.2558139534883721	RNYWMYER:0.23255813953488372	LADEVLRH:0.23255813953488372	WSYYIEND:0.2558139534883721	FAHTLQES:0.2441860465116279	AAYNAGPA:0.26744186046511625	VFAHTLQE:0.23255813953488372	LVFAHTLQ:0.23255813953488372	ETFYGLLA:0.29069767441860467	
