cluster number:416
GH23:41	GH23:41|3.2.1.17:5
GISAYNAG:0.6341463414634146	GNGFGLMQ:0.5121951219512195	GGISAYNA:0.6341463414634146	FKGGISAY:0.3170731707317073	GWGDHGNG:0.3170731707317073	MQVDKRYH:0.36585365853658536	GLMQVDKR:0.6341463414634146	ESRAGAAL:0.24390243902439024	DHGNGFGL:0.34146341463414637	WGDHGNGF:0.3170731707317073	SNDVVARA:0.2682926829268293	GDHGNGFG:0.34146341463414637	ISRESRAG:0.5609756097560976	YSNDVVAR:0.2926829268292683	VVARAQWF:0.2926829268292683	RESRAGAA:0.24390243902439024	FGLMQVDK:0.6341463414634146	NDVVARAQ:0.4634146341463415	DVVARAQW:0.4146341463414634	NGFGLMQV:0.5121951219512195	IAAIISRE:0.21951219512195122	KGGISAYN:0.6341463414634146	GFGLMQVD:0.5365853658536586	DYSNDVVA:0.2926829268292683	IISRESRA:0.4634146341463415	VIAAIISR:0.21951219512195122	ISAYNAGV:0.34146341463414637	LMQVDKRY:0.36585365853658536	HGNGFGLM:0.34146341463414637	SRESRAGA:0.3902439024390244	KIDTTGAS:0.2682926829268293	IDTTGASE:0.24390243902439024	GIISRESR:0.2926829268292683	MDVGTTGG:0.21951219512195122	DGWGDHGN:0.21951219512195122	ERMDVGTT:0.21951219512195122	TYERMDVG:0.24390243902439024	IAGIISRE:0.36585365853658536	RMDVGTTG:0.21951219512195122	AGIISRES:0.34146341463414637	YERMDVGT:0.24390243902439024	QLKGGISA:0.3170731707317073	VRTYERMD:0.24390243902439024	LKGGISAY:0.3170731707317073	NVRTYERM:0.24390243902439024	CFKGGISA:0.2682926829268293	TQGTEILI:0.24390243902439024	QCFKGGIS:0.2682926829268293	EQCFKGGI:0.3170731707317073	AVIAGIIS:0.21951219512195122	VIAGIISR:0.24390243902439024	YANDVVAR:0.24390243902439024	DYANDVVA:0.24390243902439024	TAKQDKLT:0.21951219512195122	
