cluster number:283
GH23:70	GH23:70
DYENQTKP:0.2857142857142857	IYVGNGQM:0.21428571428571427	PRTSETQW:0.44285714285714284	PDYENQTK:0.2571428571428571	CSGLTSYA:0.5285714285714286	DCSGLTSY:0.5285714285714286	YGKDADGD:0.32857142857142857	GFDCSGLT:0.8	GPSGGGFD:0.5428571428571428	FDCSGLTS:0.7571428571428571	LGLPYVWG:0.4	PTTGDVVR:0.3	HVAIYVGN:0.21428571428571427	TLPRTSET:0.2571428571428571	AALYSAEN:0.24285714285714285	AIYVGNGQ:0.21428571428571427	YENQTKPY:0.2857142857142857	RTSETQWN:0.2	PGHVAIYV:0.21428571428571427	HAPTTGDV:0.5428571428571428	GLPYVWGG:0.5	LPRTSETQ:0.44285714285714284	VTLPRTSE:0.21428571428571427	GDLLFGNW:0.4	SGGGFDCS:0.5428571428571428	VAIYVGNG:0.21428571428571427	GGGFDCSG:0.6	GPGHVAIY:0.4142857142857143	SGLTSYAV:0.3142857142857143	APTTGDVV:0.5285714285714286	LPYVWGGG:0.5	PSGGGFDC:0.5428571428571428	KDADGDGK:0.2	GHVAIYVG:0.21428571428571427	GGFDCSGL:0.8	ENQTKPYV:0.2857142857142857	GKDADGDG:0.32857142857142857	PYVWGGGN:0.5285714285714286	ARGPGQFM:0.21428571428571427	DLLFGNWQ:0.3	RGPGQFMP:0.21428571428571427	WGGGNING:0.34285714285714286	YVWGGGNI:0.4142857142857143	AIAVFAPW:0.2571428571428571	GGPGHVAI:0.2714285714285714	GARGPGQF:0.22857142857142856	DCSGLTSF:0.21428571428571427	GGNINGPS:0.3	VWGGGNIN:0.34285714285714286	GAIAVFAP:0.2571428571428571	NINGPSGG:0.21428571428571427	PGDLLFGN:0.4	INGPSGGG:0.21428571428571427	NGPSGGGF:0.2857142857142857	RPGDLLFG:0.22857142857142856	GGGNINGP:0.3	SGLTSFAV:0.2	ARPGDLLF:0.22857142857142856	GNINGPSG:0.21428571428571427	CSGLTSFA:0.21428571428571427	TKPYVAKI:0.2571428571428571	ENGFRYGP:0.22857142857142856	GPGQFMPG:0.24285714285714285	AENGFRYG:0.3	TLAAYNAG:0.34285714285714286	GQMVHAPT:0.35714285714285715	KPYVAKIR:0.2571428571428571	LTLAAYNA:0.34285714285714286	YLGLPYVW:0.2714285714285714	GQFMPGTW:0.24285714285714285	NQTKPYVA:0.2571428571428571	YSAENGFR:0.21428571428571427	GPGHVGIY:0.22857142857142856	SAENGFRY:0.22857142857142856	ALYSAENG:0.21428571428571427	RSGGMPSG:0.24285714285714285	LAALYSAE:0.22857142857142856	PVLAALYS:0.2	QTKPYVAK:0.2571428571428571	LYSAENGF:0.21428571428571427	PYVAKIRA:0.21428571428571427	VLAALYSA:0.2	PGQFMPGT:0.24285714285714285	TPYVWGGG:0.2857142857142857	PVSTVYGH:0.2714285714285714	STVYGHMF:0.2714285714285714	GDLVFGSW:0.21428571428571427	LGTPYVWG:0.24285714285714285	GGRLQGGT:0.22857142857142856	LPRTSEQQ:0.24285714285714285	PRTSEQQW:0.24285714285714285	GTPYVWGG:0.2857142857142857	VSTVYGHM:0.32857142857142857	YLGTPYVW:0.2	QFMPGTWA:0.2857142857142857	VHAPTTGD:0.2857142857142857	MVHAPTTG:0.3	QMVHAPTT:0.2857142857142857	QPGDLVFG:0.2	PYVWGGGG:0.21428571428571427	AQPGDLVF:0.2	
