cluster number:499
GH23:34	GH23:34|CBM50:2
VEEQTKGM:0.20588235294117646	GGNPNAVN:0.2647058823529412	PNAVNELG:0.2647058823529412	GNPNAVNE:0.20588235294117646	ESGGNPNA:0.2647058823529412	GLGQTKES:0.38235294117647056	TKESWGTG:0.35294117647058826	QTKESWGT:0.35294117647058826	KESWGTGS:0.35294117647058826	LGQTKESW:0.38235294117647056	PESGGNPN:0.3235294117647059	NAVNELGY:0.2647058823529412	GQTKESWG:0.38235294117647056	NPNAVNEL:0.20588235294117646	RYGSIDAA:0.23529411764705882	ESWGTGSV:0.4117647058823529	YGSIDAAI:0.20588235294117646	SGGNPNAV:0.2647058823529412	GSVKAQFL:0.2647058823529412	GGSVKAQF:0.2647058823529412	RGLGQTKE:0.6176470588235294	MPESGGNP:0.3235294117647059	VMPESGGN:0.29411764705882354	YRGLGQTK:0.6176470588235294	TKEAWGTG:0.4117647058823529	EAWGTGSV:0.3235294117647059	TGGSVKAQ:0.23529411764705882	GLGQTKEA:0.47058823529411764	LGQTKEAW:0.47058823529411764	QTKEAWGT:0.4117647058823529	ASTGGSVK:0.29411764705882354	GYRGLGQT:0.6764705882352942	STGGSVKA:0.23529411764705882	KEAWGTGS:0.3235294117647059	IVMPESGG:0.29411764705882354	GQTKEAWG:0.47058823529411764	GNPNAVNP:0.29411764705882354	SVKAQFLA:0.2647058823529412	ELGYRGLG:0.3235294117647059	IVMPESSG:0.38235294117647056	WDNIVMPE:0.2647058823529412	AVNELGYR:0.3235294117647059	LGYRGLGQ:0.35294117647058826	GGTKALWD:0.2647058823529412	KLLLASFA:0.23529411764705882	ALWDNIVM:0.20588235294117646	NELGYRGL:0.3235294117647059	MPESSGNP:0.29411764705882354	LLLASFAS:0.20588235294117646	VMPESSGN:0.29411764705882354	NIVMPESS:0.23529411764705882	MKKLLLAS:0.23529411764705882	KKLLLASF:0.23529411764705882	VNELGYRG:0.3235294117647059	AGGTKALW:0.23529411764705882	TKALWDNI:0.20588235294117646	DNIVMPES:0.2647058823529412	KALWDNIV:0.20588235294117646	LWDNIVMP:0.20588235294117646	GTKALWDN:0.23529411764705882	PAGYRGLG:0.2647058823529412	AGYRGLGQ:0.2647058823529412	LAVALGVT:0.35294117647058826	SSGNPNAV:0.23529411764705882	LGVTGYAA:0.23529411764705882	TKGMINYA:0.3235294117647059	SSLAVALG:0.35294117647058826	ILASSLAV:0.2647058823529412	LASSLAVA:0.29411764705882354	SGNPNAVN:0.23529411764705882	KKTILASS:0.23529411764705882	KPLHAGAY:0.20588235294117646	AVALGVTG:0.35294117647058826	PLHAGAYN:0.23529411764705882	MKKTILAS:0.23529411764705882	AQFLAAGG:0.20588235294117646	VALGVTGY:0.35294117647058826	ESSGNPNA:0.23529411764705882	QTKGMINY:0.35294117647058826	LHAGAYNY:0.23529411764705882	KTILASSL:0.23529411764705882	ALGVTGYA:0.3235294117647059	KAQFLAAG:0.20588235294117646	ASSLAVAL:0.35294117647058826	TILASSLA:0.20588235294117646	SLAVALGV:0.35294117647058826	PESSGNPN:0.23529411764705882	NPAGYRGL:0.23529411764705882	NPNAVNPA:0.23529411764705882	AVNPAGYR:0.23529411764705882	PNAVNPAG:0.23529411764705882	VNPAGYRG:0.23529411764705882	NAVNPAGY:0.23529411764705882	SWGTGSVA:0.29411764705882354	
