cluster number:462
GH23:93	GH23:93
WTLNVAGK:0.2903225806451613	DVGIAQVN:0.6881720430107527	QVNLGWNG:0.8602150537634409	TLNVAGKG:0.25806451612903225	WPWTLNVA:0.3010752688172043	RIDVGIAQ:0.6666666666666666	HPAGGKPA:0.26881720430107525	AAGCYHHP:0.8494623655913979	CYHHPAGG:0.8817204301075269	IDVGIAQV:0.6881720430107527	YHHPAGGK:0.3763440860215054	HHPAGGKP:0.26881720430107525	VGIAQVNL:0.6559139784946236	LNVAGKGY:0.25806451612903225	VPAEALYS:0.26881720430107525	AQVNLGWN:0.8387096774193549	PWPWTLNV:0.3010752688172043	VAGKGYRY:0.5591397849462365	PWTLNVAG:0.3010752688172043	IAQVNLGW:0.6666666666666666	NVAGKGYR:0.5806451612903226	GCYHHPAG:0.8817204301075269	AGCYHHPA:0.8494623655913979	AGKGYRYA:0.27956989247311825	GIAQVNLG:0.6666666666666666	RPWPWTLN:0.22580645161290322	KGYRYASR:0.24731182795698925	WTINVAGK:0.45161290322580644	YHHPAGGA:0.22580645161290322	HHPAGGAP:0.22580645161290322	PWTINVAG:0.5698924731182796	GKGYRYAS:0.24731182795698925	LGWNGHHF:0.3333333333333333	HPAGGAPA:0.22580645161290322	PYTNLNAA:0.25806451612903225	ERPWPWTI:0.22580645161290322	KRIDVGIA:0.5376344086021505	INVAGKGY:0.44086021505376344	RPWPWTIN:0.4731182795698925	GYRYASRL:0.22580645161290322	PWPWTINV:0.5913978494623656	NLGWNGHH:0.3333333333333333	VNLGWNGH:0.6666666666666666	TINVAGKG:0.44086021505376344	WPWTINVA:0.5698924731182796	YTNLNAAA:0.25806451612903225	PLKRIDVG:0.34408602150537637	YPLKRIDV:0.21505376344086022	LKRIDVGI:0.3655913978494624	LYSLALTE:0.23655913978494625	SLALTESS:0.21505376344086022	YSLALTES:0.23655913978494625	HHPAGGQP:0.20430107526881722	EAFDPYTN:0.20430107526881722	YHHPAGGQ:0.25806451612903225	AFDPYTNL:0.3870967741935484	HPAGGQPA:0.20430107526881722	FDPYTNLN:0.20430107526881722	DPYTNLNA:0.22580645161290322	
