cluster number:51
GH23:99	GH23:99
NPVSKRYC:0.25252525252525254	NAGHGAKR:0.35353535353535354	EIGLMQIK:0.6666666666666666	AGHGAKRM:0.35353535353535354	MNPVSKRY:0.25252525252525254	ARMMGYSG:0.40404040404040403	VSKRYCGK:0.21212121212121213	AKRMNPVS:0.26262626262626265	LYDPETNI:0.21212121212121213	SKRYCGKV:0.24242424242424243	KYNAGHGA:0.5959595959595959	PVSKRYCG:0.21212121212121213	YNAGHGAK:0.35353535353535354	HGAKRMNP:0.3434343434343434	ILKYNAGH:0.7676767676767676	AGEIGLMQ:0.494949494949495	TARMMGYS:0.40404040404040403	TILKYNAG:0.7575757575757576	IGLMQIKP:0.5050505050505051	GEIGLMQI:0.6666666666666666	RMNPVSKR:0.25252525252525254	LKYNAGHG:0.5959595959595959	GHGAKRMN:0.35353535353535354	RMMGYSGS:0.32323232323232326	TRMNPVSK:0.29292929292929293	CNTILKYN:0.2828282828282828	YCGKVLAM:0.21212121212121213	GSAGEIGL:0.2727272727272727	SAGEIGLM:0.2727272727272727	YGMKYLAA:0.24242424242424243	MKYLAAAH:0.25252525252525254	ATARMMGY:0.5252525252525253	GLFDPETN:0.24242424242424243	TCNTILKY:0.2828282828282828	ETNIKYGM:0.25252525252525254	TNIKYGMK:0.32323232323232326	LFDPETNI:0.2727272727272727	KPATARMM:0.5656565656565656	MQIKPATA:0.696969696969697	IKPATARM:0.5555555555555556	ATRMNPVS:0.36363636363636365	DPETNIKY:0.24242424242424243	GLMQIKPA:0.6868686868686869	NTILKYNA:0.2828282828282828	LMQIKPAT:0.6868686868686869	NIKYGMKY:0.3333333333333333	IKYGMKYL:0.3333333333333333	FDPETNIK:0.25252525252525254	PATARMMG:0.5656565656565656	KGLFDPET:0.24242424242424243	QIKPATAR:0.6868686868686869	KYGMKYLA:0.3333333333333333	GMKYLAAA:0.26262626262626265	PETNIKYG:0.25252525252525254	CGKVLAML:0.21212121212121213	VGLMQIKP:0.24242424242424243	RGSAGEVG:0.20202020202020202	EVGLMQIK:0.25252525252525254	GEVGLMQI:0.25252525252525254	ARGSAGEV:0.20202020202020202	GSAGEVGL:0.20202020202020202	SAGEVGLM:0.20202020202020202	AGEVGLMQ:0.24242424242424243	HGATRMNP:0.31313131313131315	NAGHGATR:0.31313131313131315	YNAGHGAT:0.31313131313131315	GMKYLAMA:0.24242424242424243	AGHGATRM:0.31313131313131315	GHGATRMN:0.31313131313131315	GTILKYNA:0.45454545454545453	CGTILKYN:0.45454545454545453	GYSGSAKG:0.24242424242424243	YSGSAKGL:0.24242424242424243	TCGTILKY:0.42424242424242425	MMGYSGSA:0.23232323232323232	MGYSGSAK:0.24242424242424243	SAKGLFDP:0.21212121212121213	GSAKGLFD:0.21212121212121213	GATRMNPV:0.2727272727272727	TTCGTILK:0.21212121212121213	GTTCGTIL:0.2222222222222222	
