cluster number:632
GH23:7	GH23:7
PYTYYCQL:0.2857142857142857	LRAGEAWY:0.2857142857142857	GVAQVRLK:0.2857142857142857	LNEVGAYH:0.2857142857142857	AAIIREES:0.5714285714285714	WLARVYLR:0.5714285714285714	QYVKRVLR:0.42857142857142855	AIGLMQVM:0.5714285714285714	VWLARVYL:0.5714285714285714	SPEQKGQI:0.2857142857142857	VAAIIREE:0.2857142857142857	IIREESQY:0.5714285714285714	PFLVAAII:0.2857142857142857	LFDQETNI:0.5714285714285714	TANAVAQR:0.2857142857142857	AAYNAGPI:0.42857142857142855	LMQVMPAT:0.42857142857142855	LLATNLGG:0.2857142857142857	KRAGLLSG:0.42857142857142855	VSRVGAIG:0.42857142857142855	LKLERLRR:0.2857142857142857	ETRQYVKR:0.42857142857142855	TRQYVKRV:0.42857142857142855	FVELIPFQ:0.2857142857142857	EATVWLAR:0.5714285714285714	GEPASQRA:0.2857142857142857	YPYTYYCQ:0.2857142857142857	IAAYNAGP:0.2857142857142857	VGAIGLMQ:0.5714285714285714	FDQETNIR:0.5714285714285714	FLVAAIIR:0.2857142857142857	AIEELKKF:0.2857142857142857	AALKLERL:0.2857142857142857	DQETNIRI:0.42857142857142855	LVAAIIRE:0.2857142857142857	ALKLERLR:0.2857142857142857	VKRVLRSY:0.5714285714285714	GLMQVMPA:0.42857142857142855	AVSRVGAI:0.42857142857142855	RYPYTYYC:0.2857142857142857	YTYYCQLA:0.42857142857142855	EAIEELKK:0.2857142857142857	SRVGAIGL:0.42857142857142855	IREESQYD:0.5714285714285714	PASQRAEA:0.2857142857142857	QVMPATAN:0.42857142857142855	YDQARETF:0.42857142857142855	ARLKLGVA:0.2857142857142857	LIPFQETR:0.2857142857142857	RELTALTD:0.2857142857142857	AGEAWYQA:0.2857142857142857	ELIPFQET:0.2857142857142857	GLLSGVLL:0.2857142857142857	IGLMQVMP:0.5714285714285714	RQYVKRVL:0.42857142857142855	YVKRVLRS:0.5714285714285714	IEELKKFL:0.2857142857142857	TYYCQLAR:0.2857142857142857	RAGEAWYQ:0.2857142857142857	RAVSRVGA:0.2857142857142857	DPFLVAAI:0.2857142857142857	WAKRAGLL:0.2857142857142857	AGLLSGVL:0.2857142857142857	LARVYLRQ:0.5714285714285714	IPFQETRQ:0.2857142857142857	MQVMPATA:0.42857142857142855	QETNIRIG:0.42857142857142855	EPASQRAE:0.2857142857142857	RAGLLSGV:0.42857142857142855	ATVWLARV:0.5714285714285714	TIAAYNAG:0.2857142857142857	TVWLARVY:0.5714285714285714	DEFVELIP:0.42857142857142855	DLFDQETN:0.42857142857142855	PFQETRQY:0.2857142857142857	GAIGLMQV:0.5714285714285714	FQETRQYV:0.2857142857142857	EFVELIPF:0.2857142857142857	AKRAGLLS:0.42857142857142855	VELIPFQE:0.2857142857142857	FEPQALYW:0.2857142857142857	ELKTLGLD:0.2857142857142857	GEAWYQAS:0.42857142857142855	LSPEQKGQ:0.2857142857142857	AIIREESQ:0.5714285714285714	AQVRLKLY:0.2857142857142857	RVGAIGLM:0.42857142857142855	QETRQYVK:0.42857142857142855	YPTGLLPT:0.2857142857142857	AYRTGEAW:0.2857142857142857	QYDQARET:0.2857142857142857	AAYRTGEA:0.2857142857142857	KAAYRTGE:0.2857142857142857	PTGLLPTI:0.2857142857142857	YRTGEAWY:0.2857142857142857	KQYDQARE:0.2857142857142857	AVAAYNAG:0.2857142857142857	VRLKQYDQ:0.2857142857142857	TIWAKRAG:0.2857142857142857	LKQYDQAR:0.2857142857142857	AYNAGPIA:0.2857142857142857	VAYPTGLL:0.2857142857142857	DQARETFR:0.2857142857142857	AYPTGLLP:0.2857142857142857	HAVAAYNA:0.2857142857142857	VAAYNAGP:0.2857142857142857	YNAGPIAV:0.2857142857142857	RLKQYDQA:0.2857142857142857	GAYHHALR:0.2857142857142857	PFLIAAII:0.2857142857142857	GVDPFLIA:0.42857142857142855	KRVLRSYR:0.2857142857142857	RVLRSYRE:0.2857142857142857	ETNIRIGV:0.2857142857142857	VLRSYREY:0.2857142857142857	VDPFLIAA:0.2857142857142857	RDDLFDQE:0.2857142857142857	TNIRIGVR:0.2857142857142857	DPFLIAAI:0.2857142857142857	DDLFDQET:0.2857142857142857	NIRIGVRY:0.2857142857142857	ARVYLRQG:0.2857142857142857	AYHHALRL:0.2857142857142857	FGVDPFLI:0.2857142857142857	YGLMQINW:0.2857142857142857	AYGLMQIN:0.2857142857142857	
