cluster number:112
GH23:221	GH23:221|CBM50:67
PDSDWDRL:0.4434389140271493	AAPDSDWD:0.45248868778280543	DSDWDRLA:0.4434389140271493	LQFSPSTW:0.27601809954751133	GWGAWPSC:0.21266968325791855	GGLQFSPS:0.27601809954751133	SQGWGAWP:0.20361990950226244	WGAWPSCS:0.2081447963800905	GLQFSPST:0.27601809954751133	QGWGAWPS:0.21266968325791855	SDWDRLAQ:0.3665158371040724	APDSDWDR:0.4434389140271493	WDRLAQCE:0.43891402714932126	DWDRLAQC:0.3665158371040724	SAAPDSDW:0.27149321266968324	GQGWGAWP:0.2986425339366516	QATREQQI:0.27149321266968324	LAGQGWGA:0.23529411764705882	DRLAQCES:0.31221719457013575	ATREQQIA:0.2986425339366516	WGAWPACS:0.36199095022624433	LAQCESGG:0.4479638009049774	RLAQCESG:0.3031674208144796	QCESGGNW:0.5113122171945701	QGWGAWPA:0.4796380090497738	AQCESGGN:0.5113122171945701	ASAAPDSD:0.27149321266968324	GAWPACSA:0.31221719457013575	GWGAWPAC:0.4796380090497738	AGQGWGAW:0.248868778280543	TGNGYYGG:0.34841628959276016	NTGNGYYG:0.3257918552036199	AINTGNGY:0.2895927601809955	NGYYGGLQ:0.3076923076923077	WAINTGNG:0.33031674208144796	YYGGLQFS:0.2171945701357466	INTGNGYY:0.2986425339366516	GNGYYGGL:0.3076923076923077	NWAINTGN:0.3257918552036199	GYYGGLQF:0.3076923076923077	GNWAINTG:0.3257918552036199	CESGGNWA:0.26244343891402716	TREQQIAV:0.2171945701357466	EQQIAVAE:0.248868778280543	ESGGNWAI:0.26244343891402716	REQQIAVA:0.28054298642533937	SGGNWAIN:0.25339366515837103	GGNWAINT:0.3212669683257919	GYHGGLQF:0.28054298642533937	YHGGLQFS:0.248868778280543	LGLNSAPT:0.22171945701357465	NTGNGYHG:0.27601809954751133	TGNGYHGG:0.27601809954751133	INTGNGYH:0.27149321266968324	NGYHGGLQ:0.28054298642533937	GNGYHGGL:0.28054298642533937	
