cluster number:613
GH23:14	GH23:14
YLAYHEGH:0.8571428571428571	YHEGHGGY:0.21428571428571427	LYLAYHEG:1.0	AYHEGHGG:0.8571428571428571	LAYHEGHG:0.8571428571428571	NLYLAYHE:0.42857142857142855	DAIDFIGW:0.2857142857142857	AIDFIGWY:0.2857142857142857	YNLYLAYH:0.35714285714285715	PSDAYGYP:0.21428571428571427	RPSDAYGY:0.42857142857142855	DAYGYPQA:0.21428571428571427	PRPSDAYG:0.42857142857142855	YHEGHGGF:0.6428571428571429	EGHGGFNR:0.5	PGPRPSDA:0.42857142857142855	IPGPRPSD:0.35714285714285715	GPRPSDAY:0.42857142857142855	HEGHGGFN:0.5	KILWVIPG:0.21428571428571427	LWVIPGPR:0.21428571428571427	ILWVIPGP:0.21428571428571427	TKILWVIP:0.21428571428571427	IDFIGWYN:0.2857142857142857	RTKILWVI:0.21428571428571427	SDAYGYPQ:0.21428571428571427	MAIMYQES:0.21428571428571427	HLYLAYHE:0.35714285714285715	DRDDFGDA:0.21428571428571427	DDFGDAID:0.21428571428571427	AIDFVGWY:0.21428571428571427	TKILGFIP:0.21428571428571427	RTKILGFI:0.21428571428571427	ILGFIPGP:0.21428571428571427	GHGGFNRR:0.35714285714285715	TSPPSNPD:0.21428571428571427	QESRFVHD:0.35714285714285715	CATSPPSN:0.2857142857142857	GCATSPPS:0.2857142857142857	YGADRDDF:0.42857142857142855	YNNTSARQ:0.21428571428571427	NNTSARQC:0.21428571428571427	FIPGPRPS:0.2857142857142857	WYNNTSAR:0.21428571428571427	GADRDDFG:0.21428571428571427	ADRDDFGD:0.21428571428571427	KILGFIPG:0.21428571428571427	GGFNRRTF:0.21428571428571427	DAIDFVGW:0.21428571428571427	PPRTKILG:0.21428571428571427	TYHLYLAY:0.2857142857142857	RDDFGDAI:0.21428571428571427	ESRFVHDA:0.35714285714285715	LGFIPGPR:0.21428571428571427	YHLYLAYH:0.2857142857142857	FNYGADRD:0.21428571428571427	HGGFNRRT:0.2857142857142857	DTYHLYLA:0.2857142857142857	PRTKILGF:0.21428571428571427	DFGDAIDF:0.21428571428571427	ATSPPSNP:0.21428571428571427	NYGADRDD:0.35714285714285715	GFIPGPRP:0.2857142857142857	HQESRFVH:0.35714285714285715	LCEIFREK:0.21428571428571427	PSDAYGYS:0.21428571428571427	SDAYGYSQ:0.21428571428571427	DAYGYSQA:0.21428571428571427	AYGYSQAK:0.21428571428571427	VHDAKPPR:0.21428571428571427	AKPPRTKI:0.2857142857142857	SRFVHDAK:0.21428571428571427	FVHDAKPP:0.21428571428571427	RFVHDAKP:0.21428571428571427	KPPRTKIL:0.2857142857142857	
