cluster number:603
GH23:26	GH23:26
NSWWVPKI:0.2692307692307692	EAARWIFL:0.38461538461538464	DLGPLQIN:0.6153846153846154	LRDQEAGW:0.4230769230769231	CFNVEAAR:0.23076923076923078	DQEAGWIG:0.34615384615384615	GPLQINSW:0.4230769230769231	YHSPTAWR:0.23076923076923078	PLQINSWW:0.4230769230769231	GLRDQEAG:0.4230769230769231	EAGWIGAE:0.38461538461538464	NGTHDLGP:0.5	NTNGTHDL:0.3076923076923077	VGIYHSPT:0.23076923076923078	LGPLQINS:0.46153846153846156	LWGLRDQE:0.7307692307692307	TNGTHDLG:0.3076923076923077	FNVEAARW:0.23076923076923078	QEAGWIGA:0.38461538461538464	RDQEAGWI:0.34615384615384615	INSWWVPK:0.2692307692307692	SWWVPKIA:0.23076923076923078	THDLGPLQ:0.46153846153846156	VEAARWIF:0.23076923076923078	HDLGPLQI:0.5769230769230769	QINSWWVP:0.4230769230769231	NVEAARWI:0.23076923076923078	HSPTAWRQ:0.23076923076923078	LQINSWWV:0.4230769230769231	GTHDLGPL:0.46153846153846156	WGLRDQEA:0.4230769230769231	AGWIGAEV:0.2692307692307692	AVGIYHSP:0.3076923076923077	TLWGLRDQ:0.6923076923076923	ERTLWGLR:0.23076923076923078	RTLWGLRD:0.23076923076923078	DLGPLQVN:0.23076923076923078	LGPLQVNS:0.23076923076923078	LERTLWGL:0.23076923076923078	WLERTLWG:0.23076923076923078	HDLGPLQV:0.23076923076923078	KTLWGLRD:0.46153846153846156	EKTLWGLR:0.6153846153846154	LEKTLWGL:0.6153846153846154	NGSHDLGP:0.34615384615384615	WLEKTLWG:0.6153846153846154	AARWIFLS:0.5	RWIFLSGL:0.38461538461538464	GDYWKAIG:0.23076923076923078	GSHDLGPL:0.34615384615384615	SHDLGPLQ:0.34615384615384615	ARWIFLSG:0.38461538461538464	YHSPTGWR:0.23076923076923078	SWWVPRIA:0.23076923076923078	NSWWVPRI:0.23076923076923078	HSPTGWRQ:0.23076923076923078	QEGGWIGA:0.2692307692307692	ACFNAEAA:0.23076923076923078	GLRDQEGG:0.3076923076923077	DACFNAEA:0.23076923076923078	WGLRDQEG:0.3076923076923077	LRDQEGGW:0.2692307692307692	CFNAEAAR:0.23076923076923078	FNAEAARW:0.23076923076923078	WKAVGVYH:0.23076923076923078	AVGVYHSP:0.34615384615384615	KAVGVYHS:0.23076923076923078	VGVYHSPT:0.3076923076923077	
