cluster number:550
GH23:12	GH23:12
YLAYHEGH:0.9166666666666666	WDAYNQYL:0.25	AYHEGHGG:0.75	DAYNQYLA:0.4166666666666667	LAYHEGHG:0.75	NQYLAYHE:0.75	AYNQYLAY:0.4166666666666667	QYLAYHEG:0.9166666666666666	YNQYLAYH:0.6666666666666666	VDFIGWYA:0.25	LAIIHQES:0.3333333333333333	QLAIIHQE:0.3333333333333333	LFGVVPWF:0.25	WEWYQLKT:0.4166666666666667	VQLAIMYQ:0.25	TWEWYQLK:0.4166666666666667	KLFGVVPW:0.25	LAIMYQES:0.3333333333333333	EWYQLKTG:0.3333333333333333	FGVVPWFR:0.25	TYNQYLAY:0.25	AIMYQESH:0.3333333333333333	QLAIMYQE:0.25	WYQLKTGK:0.25	HVQLAIMY:0.25	YQESHFAS:0.3333333333333333	MYQESHFA:0.3333333333333333	KSDTYNQY:0.25	SDTYNQYL:0.25	IMYQESHF:0.3333333333333333	DTYNQYLA:0.25	SSAYGFAQ:0.25	ASDAKPPR:0.25	ESHFASDA:0.25	FASDAKPP:0.25	QESHFASD:0.25	SHFASDAK:0.25	HFASDAKP:0.25	QLDSNRIW:0.25	ADFVGWYI:0.25	DAADFVGW:0.25	AADFVGWY:0.25	YHEGHGGF:0.4166666666666667	EKKYGAPA:0.25	HEGHGGFN:0.25	
