cluster number:165
GH23:7	GH23:7
NIRGGVSY:0.42857142857142855	ARGPMQLM:0.42857142857142855	ETVSYTAL:0.42857142857142855	IRGGVSYL:0.42857142857142855	LTAMFGGN:0.2857142857142857	IAAYNAGE:0.2857142857142857	DLTAMFGG:0.2857142857142857	LKDLTAMF:0.2857142857142857	ALVTNAYF:0.42857142857142855	SYTALVTN:0.42857142857142855	GVSYLKDL:0.42857142857142855	QNIRGGVS:0.42857142857142855	TAMFGGNI:0.2857142857142857	LVTNAYFG:0.42857142857142855	TVSYTALV:0.42857142857142855	YLKDLTAM:0.2857142857142857	YTALVTNA:0.42857142857142855	SYLKDLTA:0.2857142857142857	VSYLKDLT:0.2857142857142857	GARGPMQL:0.5714285714285714	RGPMQLMP:0.42857142857142855	MFGGNIML:0.42857142857142855	KDLTAMFG:0.2857142857142857	FGGNIMLV:0.42857142857142855	GGVSYLKD:0.42857142857142855	AMFGGNIM:0.42857142857142855	TALVTNAY:0.42857142857142855	VSYTALVT:0.42857142857142855	RGGVSYLK:0.42857142857142855	GEGRVVAA:0.2857142857142857	AGEGRVVA:0.2857142857142857	VTNAYFGF:0.2857142857142857	SPDKPIPI:0.2857142857142857	SGFGAHVN:0.2857142857142857	IMLVVAAY:0.2857142857142857	PAGARGPM:0.2857142857142857	RLALAIAD:0.2857142857142857	AYNAGEGR:0.42857142857142855	QESGFGAH:0.2857142857142857	LVVAAYNA:0.5714285714285714	IGGSVLYV:0.42857142857142855	SIASVRAA:0.2857142857142857	NAGEGRVV:0.2857142857142857	LALAIADQ:0.2857142857142857	AHVNSPAG:0.2857142857142857	MQLMPATA:0.2857142857142857	VADICDAA:0.2857142857142857	GFGAHVNS:0.2857142857142857	AAYNAGEG:0.42857142857142855	DQESGFGA:0.2857142857142857	IAETVSYT:0.2857142857142857	YKVADICD:0.2857142857142857	RGVPAIAE:0.2857142857142857	TNAYFGFD:0.2857142857142857	ESGFGAHV:0.2857142857142857	VAAYNAGE:0.42857142857142855	RYKVADIC:0.2857142857142857	FPSLVLAN:0.2857142857142857	WIGGSVLY:0.42857142857142855	VNSPAGAR:0.2857142857142857	MSIASVRA:0.2857142857142857	SPAGARGP:0.2857142857142857	DWIGGSVL:0.2857142857142857	GNIMLVVA:0.2857142857142857	LAIADQES:0.2857142857142857	CDAAQNIR:0.2857142857142857	AGARGPMQ:0.2857142857142857	SSDCPDGA:0.2857142857142857	KVADICDA:0.2857142857142857	AQNIRGGV:0.2857142857142857	ADICDAAQ:0.2857142857142857	ALAIADQE:0.2857142857142857	ETARQGVD:0.2857142857142857	GGNIMLVV:0.2857142857142857	ADQESGFG:0.2857142857142857	PSPDKPIP:0.2857142857142857	GAHVNSPA:0.2857142857142857	HVNSPAGA:0.2857142857142857	EAGVDLLA:0.2857142857142857	VPAIAETV:0.2857142857142857	MLVVAAYN:0.42857142857142855	VVAAYNAG:0.5714285714285714	AIADQESG:0.2857142857142857	NIMLVVAA:0.2857142857142857	DAAQNIRG:0.2857142857142857	ICDAAQNI:0.2857142857142857	DICDAAQN:0.2857142857142857	AETVSYTA:0.2857142857142857	FGAHVNSP:0.2857142857142857	QTRTEAGD:0.2857142857142857	GGSVLYVQ:0.2857142857142857	GVPAIAET:0.2857142857142857	NSPAGARG:0.2857142857142857	IADQESGF:0.2857142857142857	YNAGEGRV:0.42857142857142855	AAQNIRGG:0.2857142857142857	LVFPSLVL:0.2857142857142857	VFPSLVLA:0.2857142857142857	
