cluster number:318
GH23:18	GH23:18|CBM50:3
TNGGNGLT:0.3888888888888889	LAGAFYMK:0.3333333333333333	NTLAQLQQ:0.2222222222222222	PALEKLRP:0.2777777777777778	AGAFYMKD:0.3333333333333333	GLMQVNPN:0.4444444444444444	NLPPALEK:0.2777777777777778	AGGPAPAP:0.2222222222222222	RAYNSGPN:0.4444444444444444	LQGKDLSD:0.2222222222222222	LPPALEKL:0.2777777777777778	PPALEKLR:0.2777777777777778	AFYMKDMK:0.3333333333333333	GAFYMKDM:0.3333333333333333	SLGKLLEG:0.2222222222222222	TSTNGGNG:0.2222222222222222	NGGNGLTD:0.3888888888888889	MQVNPNTF:0.3333333333333333	GGNLPPAL:0.2777777777777778	MRLSPLSG:0.2222222222222222	GNLPPALE:0.2777777777777778	ATSTNGGN:0.2222222222222222	NPHAIPAG:0.2777777777777778	NSGPNGVD:0.5	LRAYNSGP:0.5	INTLAQLQ:0.2222222222222222	LTDTGLMQ:0.4444444444444444	GMQQDGFD:0.2222222222222222	QGKDLSDP:0.2222222222222222	AYNSGPNG:0.4444444444444444	GKDLSDPA:0.2222222222222222	NGLTDTGL:0.4444444444444444	ALRAYNSG:0.5555555555555556	GGRPPVEL:0.2777777777777778	GVDKSNPH:0.2777777777777778	NILAGAFY:0.3333333333333333	NGVDKSNP:0.3333333333333333	TDTGLMQV:0.4444444444444444	RLSPLSGS:0.2222222222222222	RPPVELNP:0.2777777777777778	QVWAESRG:0.2777777777777778	YMKDMKEQ:0.3333333333333333	SGPNGVDK:0.3888888888888889	QVNPNTFK:0.2777777777777778	KSNPHAIP:0.2777777777777778	LALRAYNS:0.5	GRPPVELN:0.2777777777777778	GGPAPAPA:0.2222222222222222	YNSGPNGV:0.5	QGPSPFMN:0.2777777777777778	VDKSNPHA:0.2777777777777778	IPAGTGDA:0.2777777777777778	KDMKEQFG:0.3333333333333333	PNGVDKSN:0.3888888888888889	GNGLTDTG:0.3888888888888889	TGLMQVNP:0.4444444444444444	LGGNLPPA:0.2777777777777778	ILAGAFYM:0.3333333333333333	DTGLMQVN:0.4444444444444444	LMQVNPNT:0.4444444444444444	GGNGLTDT:0.3888888888888889	GAQGAQGA:0.2222222222222222	DKSNPHAI:0.2777777777777778	AIPAGTGD:0.2777777777777778	AAQVWAES:0.2777777777777778	TNILAGAF:0.3333333333333333	LSPLSGSA:0.2222222222222222	LGKLLEGA:0.2222222222222222	MKDMKEQF:0.3333333333333333	STNGGNGL:0.3333333333333333	GKLLEGAL:0.2222222222222222	FYMKDMKE:0.2777777777777778	GLTDTGLM:0.4444444444444444	DLALRAYN:0.4444444444444444	AQVWAESR:0.2777777777777778	GPNGVDKS:0.3888888888888889	SNPHAIPA:0.2777777777777778	DSSFSPAS:0.2222222222222222	ELQGKNLS:0.2222222222222222	FGNWDLAL:0.2222222222222222	PETNILAG:0.2222222222222222	GNWDLALR:0.2222222222222222	PELQGKNL:0.2222222222222222	LQGKNLSD:0.2222222222222222	NLSDPETN:0.2222222222222222	QFGNWDLA:0.2222222222222222	SDPETNIL:0.2222222222222222	QGKNLSDP:0.2222222222222222	LSDPETNI:0.2222222222222222	DPETNILA:0.2222222222222222	KNLSDPET:0.2222222222222222	ETNILAGA:0.2222222222222222	WDLALRAY:0.2777777777777778	GKNLSDPE:0.2222222222222222	NIIAGVRY:0.2222222222222222	VDNIIAGV:0.2222222222222222	GLMQTIQP:0.3888888888888889	GQVGDWIK:0.2777777777777778	RYGSVSNV:0.3333333333333333	DNIIAGVR:0.2222222222222222	TIQPTFDA:0.3888888888888889	NPVDNIIA:0.3333333333333333	MQTIQPTF:0.3888888888888889	PSIGLMQT:0.3888888888888889	GTPSIGLM:0.2777777777777778	SIGLMQTI:0.3888888888888889	YGSVSNVP:0.3333333333333333	QTIQPTFD:0.3888888888888889	GVPADKMN:0.2222222222222222	SSGNPNAI:0.3333333333333333	GSVSNVPG:0.3333333333333333	ESSGNPNA:0.3333333333333333	LMQTIQPT:0.3888888888888889	SGNPNAIN:0.3333333333333333	IGLMQTIQ:0.3888888888888889	RNPVDNII:0.3333333333333333	PVDNIIAG:0.2222222222222222	TPSIGLMQ:0.2777777777777778	HESSGNPN:0.3333333333333333	IRNPVDNI:0.3333333333333333	VGDWIKQA:0.2222222222222222	DRYGSVSN:0.2222222222222222	KIIQHESS:0.2222222222222222	GNPNAINL:0.2222222222222222	KMNPQDIA:0.2222222222222222	IQHESSGN:0.2222222222222222	KLPGHDNI:0.2222222222222222	QHESSGNP:0.2222222222222222	DIAKIIQH:0.2222222222222222	LPGHDNIR:0.2222222222222222	NPNAINLW:0.2222222222222222	AKIIQHES:0.2222222222222222	IAKIIQHE:0.2222222222222222	IIQHESSG:0.2777777777777778	PNAINLWD:0.2777777777777778	PAGTGDAT:0.2222222222222222	GTGDATYV:0.2222222222222222	QIWQESRG:0.2222222222222222	AGTGDATY:0.2222222222222222	IWQESRGN:0.2222222222222222	
