cluster number:406
GH23:6	GH23:6
ISAYNTGS:0.5	YNTGSGNV:0.5	NTGSGNVL:0.5	PDDPRSVD:0.3333333333333333	AYNTGSGN:0.5	KEYVKYLQ:0.3333333333333333	SAYNTGSG:0.5	VKYLQNYK:0.3333333333333333	IKTESDFN:0.3333333333333333	CVISAYNT:0.3333333333333333	KKYNISEN:0.3333333333333333	AIIKTESD:0.3333333333333333	KYNISENL:0.3333333333333333	YVKYLQNY:0.3333333333333333	LLLPDDPR:0.3333333333333333	WRANRYAN:0.3333333333333333	EYVKYLQN:0.3333333333333333	DDPRSVDL:0.3333333333333333	LQNYKSRA:0.3333333333333333	QNYKSRAL:0.3333333333333333	KYLQNYKS:0.3333333333333333	EYCVISAY:0.3333333333333333	YCVISAYN:0.3333333333333333	VISAYNTG:0.3333333333333333	DPRSVDLF:0.3333333333333333	YLQNYKSR:0.3333333333333333	IIKTESDF:0.3333333333333333	TLLLPDDP:0.3333333333333333	GLMQIVPT:0.3333333333333333	GSAYLKLL:0.3333333333333333	LPYEETRN:0.3333333333333333	YGLMQIVP:0.3333333333333333	YEETRNYL:0.3333333333333333	GSGNVLRT:0.3333333333333333	TRNYLKKV:0.3333333333333333	TGSGNVLR:0.3333333333333333	SGNVLRTF:0.3333333333333333	ETRNYLKK:0.3333333333333333	LGSAYLKL:0.3333333333333333	AYGLMQIV:0.3333333333333333	EETRNYLK:0.3333333333333333	PYEETRNY:0.3333333333333333	
