cluster number:622
GH23:7	GH23:7
QALSHAGA:0.2857142857142857	AKGVMQIM:0.2857142857142857	AGAKGVMQ:0.2857142857142857	LALAIAKV:0.2857142857142857	PSTRDYVD:0.2857142857142857	LAIAKVES:0.2857142857142857	GAKGVMQI:0.2857142857142857	RDYVDKVL:0.2857142857142857	HAGAKGVM:0.2857142857142857	AKVESNFD:0.2857142857142857	ALSHYNGG:0.8571428571428571	SHAGAKGV:0.2857142857142857	ALAIAKVE:0.2857142857142857	LSHAGAKG:0.2857142857142857	ALSHAGAK:0.2857142857142857	KGVMQIMP:0.2857142857142857	GVMQIMPR:0.2857142857142857	STRDYVDK:0.2857142857142857	LSHYNGGS:0.7142857142857143	VMQIMPRT:0.2857142857142857	TRDYVDKV:0.2857142857142857	HYNGGSAV:0.2857142857142857	SHYNGGSA:0.2857142857142857	GVMQIMPA:0.2857142857142857	AKVESDFN:0.2857142857142857	KVESDFNP:0.2857142857142857	VMQIMPAT:0.2857142857142857	MQIMPATA:0.2857142857142857	AGARGVMQ:0.2857142857142857	GARGVMQI:0.2857142857142857	LAVAKVES:0.2857142857142857	LALAVAKV:0.2857142857142857	SHYNGGSR:0.2857142857142857	HYNGGSRV:0.2857142857142857	RGVMQIMP:0.2857142857142857	ALAVAKVE:0.2857142857142857	ARGVMQIM:0.2857142857142857	LALSHYNG:0.5714285714285714	LAVAHVES:0.2857142857142857	DLALSHYN:0.2857142857142857	SLALAVAH:0.2857142857142857	LALAVAHV:0.2857142857142857	ALAVAHVE:0.2857142857142857	YNGGSRVG:0.2857142857142857	
