cluster number:422
GH23:17	GH23:17|CBM50:7
GFASRNFY:0.23529411764705882	SSAGAVGM:0.29411764705882354	FGFASRNF:0.23529411764705882	SAGAVGMW:0.29411764705882354	LAITSYNH:0.4117647058823529	RSQRGLRE:0.23529411764705882	VRSQRGLR:0.23529411764705882	AITSYNHG:0.4117647058823529	AGAVGMWQ:0.35294117647058826	GAVGMWQF:0.35294117647058826	SQRGLRER:0.23529411764705882	RVRSQRGL:0.23529411764705882	QRGLRERF:0.4117647058823529	DGPAFGFA:0.23529411764705882	AREIASNP:0.23529411764705882	FRDAGLPE:0.23529411764705882	GLEISGRY:0.35294117647058826	ARSSAGAV:0.29411764705882354	ERFKRGLE:0.35294117647058826	GFASRNYY:0.5294117647058824	LPHVESSF:0.7647058823529411	TSYNHGIG:0.4117647058823529	SRNYYAQF:0.29411764705882354	YLPHVESS:0.7058823529411765	AQFLAARE:0.23529411764705882	FKRGLEIS:0.35294117647058826	REIASNPE:0.23529411764705882	PHVESSFQ:0.5882352941176471	SYNHGIGG:0.4117647058823529	NYYAQFLA:0.29411764705882354	EDLAYLPH:0.4117647058823529	RSEVAFHD:0.23529411764705882	GPAFGFAS:0.23529411764705882	YYAQFLAA:0.29411764705882354	GMWQFTKA:0.23529411764705882	PEDLAYLP:0.4117647058823529	PAFGFASR:0.23529411764705882	RNYYAQFL:0.29411764705882354	LPEDLAYL:0.35294117647058826	ASRNYYAQ:0.29411764705882354	VTSYNHGI:0.29411764705882354	YAQFLAAR:0.35294117647058826	GLPEDLAY:0.4117647058823529	AYLPHVES:0.7058823529411765	LEISGRYD:0.29411764705882354	WQFTKAAA:0.23529411764705882	RFKRGLEI:0.35294117647058826	HVESSFQP:0.23529411764705882	FLAAREIA:0.29411764705882354	QFLAAREI:0.23529411764705882	VGMWQFTK:0.29411764705882354	LAAREIAS:0.23529411764705882	GIGGMKRA:0.23529411764705882	RGTRERFK:0.23529411764705882	AAREIASN:0.23529411764705882	RSSAGAVG:0.29411764705882354	AVGMWQFT:0.29411764705882354	HDDRYLDV:0.23529411764705882	KRGLEISG:0.35294117647058826	AFGFASRN:0.35294117647058826	YNHGIGGM:0.4117647058823529	RERFKRGL:0.35294117647058826	EVAFHDDR:0.23529411764705882	AVTSYNHG:0.29411764705882354	FGFASRNY:0.5294117647058824	FASRNYYA:0.5294117647058824	TRERFKRG:0.23529411764705882	YDGPAFGF:0.29411764705882354	MWQFTKAA:0.23529411764705882	NHGIGGMK:0.23529411764705882	GTRERFKR:0.23529411764705882	VAFHDDRY:0.23529411764705882	DLAYLPHV:0.47058823529411764	SEVAFHDD:0.23529411764705882	HGIGGMKR:0.23529411764705882	RGLEISGR:0.35294117647058826	QRGTRERF:0.23529411764705882	LAYLPHVE:0.6470588235294118	AGLPEDLA:0.23529411764705882	PLAITSYN:0.35294117647058826	SWPLAITS:0.35294117647058826	LGSWPLAI:0.29411764705882354	GSWPLAIT:0.29411764705882354	RLGSWPLA:0.23529411764705882	ASRNYYAE:0.23529411764705882	SRNYYAEF:0.23529411764705882	WPLAITSY:0.35294117647058826	QFMPATGR:0.23529411764705882	WQFMPATG:0.23529411764705882	
