cluster number:254
GH23:66	GH23:66
DIYGSPGF:0.2878787878787879	PGFLAAYN:0.8636363636363636	AVMQQESG:0.2878787878787879	QLMPPTYD:0.4393939393939394	PWGPYIQE:0.21212121212121213	SPGFLAAY:0.6212121212121212	YGSPGFLA:0.5757575757575758	VMQQESGG:0.2878787878787879	YRARLTGL:0.21212121212121213	YDIYGSPG:0.2878787878787879	MQQESGGH:0.22727272727272727	GSPGFLAA:0.6212121212121212	MYDIYGSP:0.2878787878787879	DPWGPYIQ:0.2727272727272727	IRAVMQQE:0.22727272727272727	SDPWGPYI:0.25757575757575757	RAVMQQES:0.2878787878787879	WGPYIQEA:0.21212121212121213	IYGSPGFL:0.3181818181818182	WIRAVMQQ:0.22727272727272727	WAIQVGAF:0.30303030303030304	QLMPATYA:0.21212121212121213	AGAMGLMQ:0.3484848484848485	FLAAYNAG:0.7272727272727273	GLMQLMPA:0.22727272727272727	MPATYADM:0.21212121212121213	LMPATYAD:0.21212121212121213	MGLMQLMP:0.7424242424242424	RTADGCLR:0.24242424242424243	ADGCLRDP:0.21212121212121213	GAPGFLAA:0.22727272727272727	DETVNYVA:0.22727272727272727	GAMGLMQL:0.7727272727272727	PDETVNYV:0.22727272727272727	LMQLMPAT:0.22727272727272727	GFLAAYNA:0.6060606060606061	APGFLAAY:0.22727272727272727	TADGCLRD:0.21212121212121213	LAAYNAGP:0.7272727272727273	PATYADMQ:0.21212121212121213	LPDETVNY:0.22727272727272727	YGAPGFLA:0.22727272727272727	AMGLMQLM:0.7424242424242424	MQLMPATY:0.21212121212121213	VQVGAFAS:0.25757575757575757	AAYNAGPQ:0.2727272727272727	PWGPYIKE:0.22727272727272727	TVNYVASI:0.22727272727272727	PESWIRAV:0.22727272727272727	AEDPWGPY:0.21212121212121213	SSAGAMGL:0.3333333333333333	WGPYIKEA:0.22727272727272727	ESWIRAVM:0.22727272727272727	PHDNIMAG:0.5454545454545454	VNYVASIT:0.21212121212121213	TSSAGAMG:0.21212121212121213	ETVNYVAS:0.25757575757575757	EDPWGPYI:0.42424242424242425	AYNAGPQR:0.2727272727272727	DPWGPYIK:0.21212121212121213	SAGAMGLM:0.24242424242424243	NIMAGTGY:0.24242424242424243	HDNIMAGT:0.3939393939393939	DNIMAGTG:0.24242424242424243	IMAGTGYI:0.22727272727272727	MPPTYDEM:0.21212121212121213	LPRETRNY:0.22727272727272727	LMPPTYDE:0.24242424242424243	PPTYDEMR:0.21212121212121213	GPGRLEDF:0.21212121212121213	PGAMGLMQ:0.3787878787878788	RNRTLPRE:0.21212121212121213	GLMQLMPP:0.3787878787878788	RTLPRETR:0.22727272727272727	AGPGRLED:0.21212121212121213	PRETRNYV:0.22727272727272727	NRTLPRET:0.22727272727272727	RETRNYVA:0.21212121212121213	NAGPGRLE:0.22727272727272727	YNAGPGRL:0.3484848484848485	QESGGRLF:0.22727272727272727	TLPRETRN:0.22727272727272727	LMQLMPPT:0.36363636363636365	AYNAGPGR:0.3484848484848485	AAYNAGPG:0.3484848484848485	MQLMPPTY:0.36363636363636365	NRSQADLL:0.22727272727272727	
