cluster number:493
GH23:110	GH23:110
GARGLMQL:0.6	AGARGLMQ:0.6090909090909091	TRNYVQRV:0.4090909090909091	ETRNYVQR:0.41818181818181815	LMQLMPGT:0.4727272727272727	AIAAYNAG:0.22727272727272727	MQLMPGTA:0.6909090909090909	ARGLMQLM:0.6090909090909091	GLMQLMPG:0.4727272727272727	RGLMQLMP:0.6090909090909091	NAGPGNVN:0.5909090909090909	IGRPDLGV:0.20909090909090908	AVSHAGAR:0.20909090909090908	VLENAVVY:0.5	RVLENAVV:0.4636363636363636	YNAGPGNV:0.6090909090909091	SHAGARGL:0.45454545454545453	HAITRQES:0.22727272727272727	LMPGTARE:0.509090909090909	PGTAREQA:0.3	YVQRVLEN:0.4909090909090909	MPGTAREQ:0.32727272727272727	GRPDLGVM:0.22727272727272727	YWAGRAAL:0.2818181818181818	GTAREQAG:0.2909090909090909	AITRQESQ:0.20909090909090908	DQFYGQLA:0.2545454545454545	TAREQAGK:0.3090909090909091	RQESQFDR:0.36363636363636365	VSHAGARG:0.37272727272727274	IHAITRQE:0.21818181818181817	PGNVNKWL:0.35454545454545455	QRVLENAV:0.4909090909090909	AGPGNVNK:0.4727272727272727	VQRVLENA:0.4636363636363636	HAGARGLM:0.45454545454545453	GPGNVNKW:0.43636363636363634	QLMPGTAR:0.5181818181818182	PLAVAAYN:0.41818181818181815	YPLAVAAY:0.4090909090909091	LAVAAYNA:0.41818181818181815	AYNAGPGN:0.5454545454545454	NYVQRVLE:0.5	ISHAGARG:0.23636363636363636	GSYPLAVA:0.4	ARMDALLW:0.21818181818181817	HAIARQES:0.3090909090909091	MVHAIARQ:0.2	AIARQESQ:0.2636363636363636	AAYNAGPG:0.5636363636363636	IARQESQF:0.2636363636363636	AVAAYNAG:0.42727272727272725	VHAIARQE:0.21818181818181817	SYPLAVAA:0.4	ETKNYVQR:0.2	TKNYVQRV:0.2	GNVNKWLR:0.3181818181818182	AISHAGAR:0.20909090909090908	VAAYNAGP:0.42727272727272725	REQAGKLG:0.21818181818181817	AREQAGKL:0.21818181818181817	NVNKWLRA:0.2909090909090909	LENAVVYD:0.2909090909090909	WLRANGDP:0.3090909090909091	LRANGDPR:0.3181818181818182	KWLRANGD:0.3	ALERLGRP:0.2	FYWAGRAA:0.24545454545454545	VNKWLRAN:0.2818181818181818	KGFYWAGR:0.2727272727272727	NKWLRANG:0.2818181818181818	GFYWAGRA:0.2727272727272727	ERDDYTSL:0.23636363636363636	YTSLAWLA:0.2636363636363636	QFYGQLAL:0.22727272727272727	YGGSYPLA:0.2545454545454545	GERDDYTS:0.20909090909090908	FYGQLALE:0.24545454545454545	TSLAWLAG:0.2636363636363636	DYTSLAWL:0.2636363636363636	GQLALERL:0.2	RNYVQRVL:0.33636363636363636	YGQLALER:0.2727272727272727	DDYTSLAW:0.2636363636363636	ARQESQFD:0.21818181818181817	RDDYTSLA:0.2636363636363636	YYGGSYPL:0.2545454545454545	GGSYPLAV:0.34545454545454546	KGYYWAGR:0.20909090909090908	YYWAGRAA:0.20909090909090908	GYYWAGRA:0.20909090909090908	
