cluster number:198
GH23:241	GH23:241|CBM50:3
GSKMASAG:0.24066390041493776	LPGSKMAS:0.2572614107883817	PGSKMASA:0.24066390041493776	YGLVQALP:0.4730290456431535	GLVQALPG:0.3153526970954357	GAYGLVQA:0.4896265560165975	MASAGADW:0.23236514522821577	ALPGSKMA:0.2572614107883817	VQALPGSK:0.2821576763485477	NASSGAYG:0.3029045643153527	SSGAYGLV:0.4730290456431535	LVQALPGS:0.2821576763485477	AYGLVQAL:0.4730290456431535	ASSGAYGL:0.2821576763485477	SGAYGLVQ:0.4896265560165975	QALPGSKM:0.49377593360995853	KMASAGAD:0.23236514522821577	ASLTQQAD:0.2821576763485477	GADWQTNP:0.23236514522821577	VASATAVT:0.37344398340248963	CFSNIVDH:0.22406639004149378	PSSGAYGL:0.27800829875518673	SNIVDHES:0.22406639004149378	SRISVRGF:0.3360995850622407	SVRGFAVA:0.34439834024896265	MSRISVRG:0.25311203319502074	VRGFAVAS:0.34439834024896265	TLLADIPA:0.23236514522821577	IKWGLNYM:0.2946058091286307	PATQIKWG:0.6390041493775933	FSNIVDHE:0.22406639004149378	AVASATAV:0.37344398340248963	TQIKWGLN:0.2987551867219917	GFAVASAT:0.34854771784232363	ATQIKWGL:0.6514522821576764	ISVRGFAV:0.34854771784232363	LADIPAGQ:0.2033195020746888	LLADIPAG:0.22821576763485477	WQTNPATQ:0.3651452282157676	NPSSGAYG:0.33195020746887965	DWQTNPAT:0.3651452282157676	QCFSNIVD:0.22821576763485477	DIPAGQQA:0.2074688796680498	QTNPATQI:0.36099585062240663	ADWQTNPA:0.22821576763485477	RISVRGFA:0.3360995850622407	TNPATQIK:0.6141078838174274	NPATQIKW:0.6473029045643154	ADIPAGQQ:0.2074688796680498	KWGLNYMN:0.21991701244813278	RGFAVASA:0.35269709543568467	FAVASATA:0.34854771784232363	QIKWGLNY:0.2987551867219917	QAQVQTAS:0.22821576763485477	AQVQTASL:0.24066390041493776	QVQTASLT:0.21991701244813278	VTTVGAVV:0.24481327800829875	TASLTQQA:0.24896265560165975	QFQCFSNI:0.3651452282157676	TVGAVVGV:0.24481327800829875	VQTASLTQ:0.2157676348547718	ATAVTTVG:0.26141078838174275	SATAVTTV:0.26141078838174275	QTASLTQQ:0.24896265560165975	ASATAVTT:0.26141078838174275	TTVGAVVG:0.24481327800829875	AVTTVGAV:0.24896265560165975	TAVTTVGA:0.26141078838174275	AWSFWQAN:0.3070539419087137	VGAVVGVA:0.2572614107883817	FQCFSNIV:0.35269709543568467	YGSPCGAW:0.2572614107883817	RYGSPCGA:0.2572614107883817	SPCGAWSF:0.22406639004149378	PCGAWSFW:0.22406639004149378	GSPCGAWS:0.2157676348547718	CGAWSFWQ:0.22406639004149378	
