cluster number:8
GH105:60	GH105:60|3.2.1.-:1|CE8:1
SEGGFWHK:0.4	RDGSYEYY:0.2	MWLDGLYM:0.5666666666666667	HPRTSEGG:0.31666666666666665	CAVAGLGG:0.35	YPHQMWLD:0.38333333333333336	RTSEGGFW:0.4	QMWLDGLY:0.5666666666666667	EGGFWHKK:0.55	PHQMWLDG:0.38333333333333336	PRTSEGGF:0.4	WLDGLYMG:0.23333333333333334	YRDGSYEY:0.2	TSEGGFWH:0.4166666666666667	FQMWLDGL:0.26666666666666666	RWAYVPGM:0.23333333333333334	GFWHKKIY:0.43333333333333335	GLWYQVLD:0.2833333333333333	HFWSRAMG:0.2	FWHKKIYP:0.38333333333333336	LEEYNLDQ:0.21666666666666667	YPFQMWLD:0.2833333333333333	WSRAMGWY:0.2	EEYNLDQI:0.2833333333333333	GGFWHKKI:0.43333333333333335	EYNLDQIN:0.2833333333333333	PFQMWLDG:0.2833333333333333	FWSRAMGW:0.2	AMGWYAMA:0.4666666666666667	RAMGWYAM:0.48333333333333334	LLYHGWDE:0.31666666666666665	HGWDESKE:0.2	GWDESKEQ:0.2	RTGLLYHG:0.2	YHGWDESK:0.26666666666666666	GLLYHGWD:0.31666666666666665	LYHGWDES:0.2833333333333333	TGLLYHGW:0.31666666666666665	ICHGAGLS:0.2	WGRAMGWY:0.35	GWYAMALV:0.31666666666666665	WLDGLYMA:0.25	PFIMASLE:0.2	DGLYMASP:0.25	WHKKIYPH:0.26666666666666666	IYPHQMWL:0.2833333333333333	HKKIYPHQ:0.26666666666666666	KKIYPHQM:0.26666666666666666	GLYMASPF:0.25	GRAMGWYA:0.3333333333333333	LDGLYMAS:0.25	AMALVDVL:0.2	LYMASPFL:0.25	KIYPHQMW:0.26666666666666666	WYAMALVD:0.31666666666666665	YMASPFLA:0.25	MGWYAMAL:0.21666666666666667	DYCHGLEL:0.2	AVAGLGGK:0.2	DGGFWHKK:0.2	WDYCHGLE:0.2	LKWDYCHG:0.2	KWDYCHGL:0.2	QMWLDGIY:0.23333333333333334	MWLDGIYM:0.23333333333333334	HQMWLDGI:0.21666666666666667	WLDGIYMG:0.2	GNPYRDGS:0.2	LGGNPYRD:0.2	SPNFWGRA:0.2	GLGGNPYR:0.2	GGNPYRDG:0.2	FWHKKVYP:0.3	WHKKVYPF:0.21666666666666667	KKVYPFQM:0.21666666666666667	LWYQVLDQ:0.21666666666666667	KVYPFQMW:0.21666666666666667	GFWHKKVY:0.3	GGFWHKKV:0.2833333333333333	VYPFQMWL:0.21666666666666667	TGLWYQVL:0.25	HKKVYPFQ:0.21666666666666667	
