cluster number:19
GH105:34	GH105:34|3.2.1.-:2|CE12:1
SRGNGWVM:0.2647058823529412	WVMGGLVR:0.20588235294117646	CDALFMAP:0.5882352941176471	ALFMAPPV:0.38235294117647056	WCDALFMA:0.5882352941176471	WWCDALFM:0.5588235294117647	NGWVMGGL:0.29411764705882354	WWWCDALF:0.5294117647058824	VFWSRGNG:0.20588235294117646	RGNGWVMG:0.2647058823529412	FWSRGNGW:0.6470588235294118	GWVMGGLV:0.2647058823529412	WSRGNGWV:0.6176470588235294	DALFMAPP:0.5882352941176471	TGAFLLAG:0.23529411764705882	GTGAFLLA:0.23529411764705882	GNGWVMGG:0.2647058823529412	DDVAISYS:0.20588235294117646	KALEWQEA:0.20588235294117646	ALAWGINN:0.2647058823529412	HGEVSGSG:0.20588235294117646	DGLWRTSL:0.2647058823529412	ILWWWCDA:0.2647058823529412	EWQEAHPI:0.23529411764705882	LEWQEAHP:0.20588235294117646	HADDVAIS:0.20588235294117646	DVAISYSY:0.20588235294117646	KIFWSRGN:0.3235294117647059	AWGINNGL:0.29411764705882354	GINNGLLD:0.23529411764705882	WQEAHPIF:0.20588235294117646	WGINNGLL:0.2647058823529412	GEVSGSGF:0.2647058823529412	ALEWQEAH:0.20588235294117646	YMAALKNQ:0.20588235294117646	GLWRTSLL:0.2647058823529412	QEAHPIFA:0.20588235294117646	LWWWCDAL:0.3235294117647059	GWVQNIGA:0.23529411764705882	ADDVAISY:0.20588235294117646	LAWGINNG:0.29411764705882354	IFWSRGNG:0.38235294117647056	KKIFWSRG:0.2647058823529412	AFLLAGSE:0.35294117647058826	NGKKIFWS:0.23529411764705882	GAFLLAGS:0.35294117647058826	GKKIFWSR:0.23529411764705882	GLWRASLL:0.20588235294117646	WRASLLDP:0.20588235294117646	LWRASLLD:0.20588235294117646	YALAWGIN:0.20588235294117646	DGLWRASL:0.20588235294117646	DGRVGWVQ:0.20588235294117646	LFMAPPVL:0.2647058823529412	VGWVQNIG:0.20588235294117646	NFGTGAFL:0.20588235294117646	
