cluster number:12
GH135:9	GH135:9
VPLYIYPL:0.4444444444444444	LYIYPLPN:0.3333333333333333	EDKLSNFN:0.3333333333333333	TPRILVPL:0.4444444444444444	SNFNYTDY:0.2222222222222222	DVYAKFSS:0.2222222222222222	SYIFYNVD:0.4444444444444444	TTTPRILV:0.3333333333333333	LSNFNYTD:0.2222222222222222	RSYIFYNV:0.4444444444444444	GLFITNLD:0.2222222222222222	NPNSGPGS:0.3333333333333333	VNPNSGPG:0.2222222222222222	NPTAAFTV:0.3333333333333333	PAAVRPDG:0.2222222222222222	IVVYEDKL:0.3333333333333333	TDVYAKFS:0.2222222222222222	DHIVVYED:0.3333333333333333	PNSGPGSG:0.2222222222222222	PGTWPQDA:0.2222222222222222	DKLSNFNY:0.3333333333333333	PLPNAWDP:0.2222222222222222	YANWPAAV:0.2222222222222222	WDPLYTAI:0.2222222222222222	DPLYTAIR:0.2222222222222222	YIYPLPNA:0.3333333333333333	VVYEDKLS:0.3333333333333333	ILVPLYIY:0.6666666666666666	PLYIYPLP:0.3333333333333333	AWDPLYTA:0.3333333333333333	LVGYVPTG:0.2222222222222222	PTAAFTVI:0.2222222222222222	NVDPNNAT:0.3333333333333333	NPGTWPQD:0.2222222222222222	YEDKLSNF:0.4444444444444444	KLSNFNYT:0.3333333333333333	WPAAVRPD:0.2222222222222222	NWPAAVRP:0.2222222222222222	LFITNLDI:0.2222222222222222	ADHIVVYE:0.2222222222222222	YIFYNVDP:0.3333333333333333	LVPLYIYP:0.6666666666666666	PNAWDPLY:0.2222222222222222	HIVVYEDK:0.3333333333333333	FYNVDPNN:0.3333333333333333	IYPLPNAW:0.3333333333333333	TTPRILVP:0.3333333333333333	YNVDPNNA:0.3333333333333333	VGYVPTGY:0.2222222222222222	YPLPNAWD:0.3333333333333333	RILVPLYI:0.4444444444444444	LELVGYVP:0.2222222222222222	IFYNVDPN:0.3333333333333333	PRILVPLY:0.4444444444444444	ELVGYVPT:0.2222222222222222	LNPGTWPQ:0.2222222222222222	VDPNNATT:0.3333333333333333	LPNAWDPL:0.2222222222222222	DPNNATTK:0.3333333333333333	PNNATTKD:0.3333333333333333	VYEDKLSN:0.3333333333333333	NAWDPLYT:0.2222222222222222	ANWPAAVR:0.2222222222222222	GGLFITNL:0.2222222222222222	IINPNSGP:0.5555555555555556	INPNSGPG:0.5555555555555556	IIINPNSG:0.3333333333333333	NPGTWPES:0.2222222222222222	ILNPGTWP:0.2222222222222222	QILELVGY:0.2222222222222222	NQILELVG:0.2222222222222222	QRSYIFYN:0.3333333333333333	TILNPGTW:0.2222222222222222	NATTKDGK:0.2222222222222222	NNATTKDG:0.2222222222222222	AITILNPG:0.2222222222222222	ILELVGYV:0.2222222222222222	ITILNPGT:0.2222222222222222	FQRSYIFY:0.3333333333333333	DTTTPRIL:0.2222222222222222	LNPGTWPE:0.2222222222222222	NYTDFVKS:0.2222222222222222	GYVPTGYG:0.2222222222222222	DGIFFDET:0.2222222222222222	RPDGIFFD:0.2222222222222222	VIINPNSG:0.2222222222222222	YVPTGYGK:0.2222222222222222	VRPDGIFF:0.2222222222222222	PDGIFFDE:0.2222222222222222	
