cluster number:17
GH135:6	GH135:6
TLLVPYYE:0.5	AAPRLYGV:0.6666666666666666	GVRVLGYA:0.3333333333333333	VRVLGYAD:0.5	DVLVTFEG:0.8333333333333334	YEHPSVRP:0.5	LVPYYEHP:0.6666666666666666	LNHGTAPH:0.3333333333333333	PRLYGVVL:0.6666666666666666	LAVAAWGV:0.3333333333333333	RVLGYADT:0.5	WGTLPHTL:0.5	ASGPGDRP:0.6666666666666666	RLYGVVLN:0.6666666666666666	EHPSVRPA:0.5	HPSVRPAE:0.5	GVVLNPAS:0.6666666666666666	PWGTLPHT:0.5	RDWYGTDG:0.5	LYGVVLNP:0.6666666666666666	WYGTDGFF:0.3333333333333333	RHRDWYGT:0.3333333333333333	GLARARGA:0.5	LNPASGPG:0.6666666666666666	GTLPHTLE:0.5	LVTFEGTW:0.3333333333333333	CHLVHGVP:0.5	PYYEHPSV:0.5	AGLARARG:0.3333333333333333	APRLYGVV:0.6666666666666666	DWYGTDGF:0.3333333333333333	GDHPWGTL:0.6666666666666666	HRDWYGTD:0.3333333333333333	LLVPYYEH:0.6666666666666666	VLVTFEGT:0.3333333333333333	ADVLVTFE:0.8333333333333334	STLLVPYY:0.5	PASGPGDR:0.6666666666666666	YYEHPSVR:0.5	YGVVLNPA:0.6666666666666666	AAAPRLYG:0.5	PSVRPAEW:0.5	AVAAWGVG:0.3333333333333333	NHGTAPHP:0.3333333333333333	NPASGPGD:0.6666666666666666	SGPGDRPD:0.6666666666666666	AGVRVLGY:0.3333333333333333	VLNPASGP:0.6666666666666666	HPWGTLPH:0.5	VAAWGVGC:0.3333333333333333	MSTLLVPY:0.5	TLPHTLEP:0.5	VPYYEHPS:0.5	DHPWGTLP:0.6666666666666666	VVLNPASG:0.6666666666666666	GPGDRPDP:0.5	RVLGYTDT:0.3333333333333333	WYGADGAF:0.3333333333333333	YARIADVL:0.3333333333333333	PAEWDAIV:0.5	YGADGAFL:0.3333333333333333	IADVLVTF:0.3333333333333333	ARIADVLV:0.3333333333333333	ADGAFLDQ:0.3333333333333333	PHPCYARI:0.3333333333333333	TLVLNHGT:0.5	RPAEWDAI:0.5	PCYARIAD:0.3333333333333333	SVRPAEWD:0.3333333333333333	CYARIADV:0.3333333333333333	VRPAEWDA:0.3333333333333333	HPCYARIA:0.3333333333333333	RIADVLVT:0.3333333333333333	PGDRPDPA:0.5	GAFLDQVA:0.3333333333333333	GADGAFLD:0.3333333333333333	GDRPDPAF:0.5	VRVLGYTD:0.3333333333333333	DGAFLDQV:0.5	AADVRVLG:0.3333333333333333	VAAAPRLY:0.3333333333333333	AAVHCAVP:0.5	DAIVAAAP:0.3333333333333333	RAADVRVL:0.3333333333333333	LRAADVRV:0.3333333333333333	LVTFEGDW:0.3333333333333333	VVRDLTRH:0.3333333333333333	AEWDAIVA:0.3333333333333333	AIVAAAPR:0.3333333333333333	GAAVHCAV:0.3333333333333333	IVAAAPRL:0.3333333333333333	EWDAIVAA:0.3333333333333333	RGAAVHCA:0.3333333333333333	ADVRVLGY:0.3333333333333333	WDAIVAAA:0.3333333333333333	AVHCAVPG:0.5	ADTDYGRR:0.3333333333333333	LGYADTDY:0.3333333333333333	VLGYADTD:0.3333333333333333	GYADTDYG:0.3333333333333333	YADTDYGR:0.3333333333333333	
