cluster number:0
GT20:1904	GT20:1904|2.4.1.15:11
NLVAKEYV:0.6228991596638656	IGFFLHIP:0.6360294117647058	LVTPLRDG:0.43592436974789917	LRDGMNLV:0.7064075630252101	GVDRLDYT:0.29936974789915966	VDRLDYTK:0.3172268907563025	DGMNLVAK:0.8897058823529411	LGVDRLDY:0.27993697478991597	FSNATLWP:0.23739495798319327	RDGMNLVA:0.7694327731092437	GMNLVAKE:0.8881302521008403	PLRDGMNL:0.6397058823529411	GFSNATLW:0.23739495798319327	LVAKEYVA:0.5451680672268907	DYQLQLVP:0.20483193277310924	RLDYTKGI:0.30357142857142855	GFFLHIPF:0.542016806722689	FFLHIPFP:0.5362394957983193	MNLVAKEY:0.726890756302521	VTPLRDGM:0.6050420168067226	DRLDYTKG:0.3713235294117647	TPLRDGMN:0.6391806722689075	LSEFAGAA:0.20588235294117646	RIGFFLHI:0.37237394957983194	GVDRLDYS:0.22584033613445378	LDYSKGLP:0.21271008403361344	RLVVVSNR:0.23897058823529413	VGLVTPLR:0.20640756302521007	VDRLDYSK:0.3597689075630252	GLVTPLRD:0.25682773109243695	DRLDYSKG:0.4017857142857143	DPGVLVLS:0.2977941176470588	RLDYSKGL:0.38182773109243695	AKEYVAAQ:0.2647058823529412	LSRFAGAA:0.22794117647058823	IWVHDYHL:0.21271008403361344	NRIGFFLH:0.28256302521008403	VAKEYVAA:0.3009453781512605	
