cluster number:9
CE0:6	CE0:6
FAIANVPQ:0.6666666666666666	ILLMLGFN:0.3333333333333333	GFNDMAWF:0.3333333333333333	VMIVGDSM:0.3333333333333333	IVGDSMSQ:0.3333333333333333	AIANVPQR:0.6666666666666666	IANVPQRT:0.3333333333333333	NIYNALLR:0.3333333333333333	DLPVSTNI:0.3333333333333333	MLGFNDMA:0.3333333333333333	LGFNDMAW:0.3333333333333333	LKFAIANV:0.5	TNIYNALL:0.3333333333333333	LILLMLGF:0.3333333333333333	EDLPVSTN:0.3333333333333333	GREGDWTW:0.5	MIVGDSMS:0.3333333333333333	LMLGFNDM:0.3333333333333333	PVSTNIYN:0.3333333333333333	GEYQIARA:0.5	VGDSMSQG:0.5	EYQIARAF:0.5	GREDLPVS:0.3333333333333333	REGDWTWR:0.5	GYDGLHPN:0.5	REDLPVST:0.3333333333333333	YDGLHPNA:0.5	LPVSTNIY:0.3333333333333333	LLMLGFND:0.3333333333333333	DLILLMLG:0.3333333333333333	KFAIANVP:0.6666666666666666	IANVPQRS:0.3333333333333333	YRIWEWFR:0.5	TWRYRIWE:0.5	WRYRIWEW:0.5	YQIARAFS:0.3333333333333333	RYRIWEWF:0.5	AQAFSRTL:0.3333333333333333	GDWTWRYR:0.5	VGDSISHG:0.3333333333333333	ISHGREGD:0.3333333333333333	GDSISHGR:0.3333333333333333	HGREGDWT:0.3333333333333333	SISHGREG:0.3333333333333333	SHGREGDW:0.3333333333333333	EGDWTWRY:0.5	WTWRYRIW:0.3333333333333333	DSISHGRE:0.3333333333333333	RIWEWFRQ:0.3333333333333333	DWTWRYRI:0.3333333333333333	LGFNDLGW:0.3333333333333333	RVMVVGDS:0.3333333333333333	
