cluster number:68
CBM2:117	CBM2:117|GH5_8:103|GH10:8|3.2.1.78:5|GH30_8:3|GH26:1|CBM59:1|GH5:1
TGYGEQSG:0.26495726495726496	GYLGWSWS:0.3162393162393162	NGGGVEYL:0.4444444444444444	TTGYGEQS:0.27350427350427353	NTVRVVLS:0.4700854700854701	DTTGYGEQ:0.38461538461538464	GWSWSGNG:0.46153846153846156	HSDGDPDE:0.2222222222222222	VDAPNWGQ:0.6752136752136753	DAPNWGQD:0.717948717948718	GNGGGVEY:0.4444444444444444	SGNGGGVE:0.4444444444444444	SWSGNGGG:0.4444444444444444	HMYGVFDT:0.2905982905982906	LGWSWSGN:0.36752136752136755	YLGWSWSG:0.3162393162393162	HDTTGYGE:0.8034188034188035	WSGNGGGV:0.4444444444444444	GGGVEYLD:0.4444444444444444	IMVDAPNW:0.4444444444444444	APNWGQDW:0.6666666666666666	GANTVRVV:0.5470085470085471	GYGEQSGA:0.26495726495726496	MVDAPNWG:0.5555555555555556	LGANTVRV:0.36752136752136755	WSWSGNGG:0.4444444444444444	ANTVRVVL:0.5641025641025641	GEFGGPAD:0.20512820512820512	MRGVNHAH:0.47863247863247865	GNDFVMRG:0.2564102564102564	EFGGPADQ:0.20512820512820512	DAAGNRSA:0.2222222222222222	GVNHAHTW:0.5299145299145299	SWSGNTDP:0.3162393162393162	AHTWYPGE:0.20512820512820512	AGNRSARS:0.2222222222222222	RLICVLEV:0.5299145299145299	LICVLEVH:0.5641025641025641	EVHDTTGY:0.6837606837606838	WSWSGNTD:0.3162393162393162	HTIMVDAP:0.4188034188034188	FSIHMYSV:0.24786324786324787	VMRGVNHA:0.4017094017094017	AWSWSGNT:0.27350427350427353	NHAHTWYP:0.4188034188034188	ANRLICVL:0.41025641025641024	RGVNHAHT:0.5299145299145299	ICVLEVHD:0.5811965811965812	AAGNRSAR:0.2222222222222222	TIMVDAPN:0.4017094017094017	IKALGANT:0.26495726495726496	HAHTWYPG:0.23076923076923078	ALGANTVR:0.3162393162393162	ARDAAGNR:0.29914529914529914	DIKALGAN:0.23076923076923078	IGEFGGPA:0.20512820512820512	CVLEVHDT:0.5982905982905983	VLEVHDTT:0.5982905982905983	WPGGFQGE:0.20512820512820512	FVMRGVNH:0.452991452991453	KANRLICV:0.41025641025641024	YLAWSWSG:0.27350427350427353	CKANRLIC:0.42735042735042733	PNWGQDWQ:0.29914529914529914	LGYLAWSW:0.27350427350427353	RDAAGNRS:0.29914529914529914	NIGNEPWG:0.24786324786324787	VHDTTGYG:0.6581196581196581	VNHAHTWY:0.5128205128205128	DFVMRGVN:0.24786324786324787	LEVHDTTG:0.6837606837606838	GNLIFSIH:0.20512820512820512	GNEPWGNT:0.23931623931623933	TGNLIFSI:0.20512820512820512	NGNDFVMR:0.21367521367521367	KALGANTV:0.3162393162393162	LAWSWSGN:0.2905982905982906	IGNEPWGN:0.26495726495726496	NRLICVLE:0.5811965811965812	GYLAWSWS:0.27350427350427353	VRVVLSSG:0.21367521367521367	NDFVMRGV:0.23931623931623933	GNTDPILD:0.21367521367521367	YARDAAGN:0.27350427350427353	VYARDAAG:0.27350427350427353	DTTGYGED:0.21367521367521367	AVYARDAA:0.26495726495726496	FAVYARDA:0.24786324786324787	PNWGQDWS:0.24786324786324787	LPIVVGEF:0.24786324786324787	FSIHMYGV:0.37606837606837606	GGVEYLDM:0.36752136752136755	PIVVGEFG:0.24786324786324787	NTVFSIHM:0.2905982905982906	VFSIHMYG:0.2905982905982906	TVFSIHMY:0.2905982905982906	RIFNGANG:0.2222222222222222	WGQRIFNG:0.2222222222222222	QCKANRLI:0.2222222222222222	IFNGANGI:0.2222222222222222	GQRIFNGA:0.20512820512820512	VFDTAAEI:0.2222222222222222	GVFDTAAE:0.26495726495726496	MYGVFDTA:0.28205128205128205	IHMYGVFD:0.24786324786324787	YGVFDTAA:0.26495726495726496	SIHMYGVF:0.27350427350427353	HSDGNPDE:0.2905982905982906	SDGNPDED:0.2905982905982906	IGNEPYGN:0.358974358974359	IVNIGNEP:0.3162393162393162	YVIVNIGN:0.26495726495726496	VIVNIGNE:0.28205128205128205	NIGNEPYG:0.358974358974359	
