cluster number:34
CBM2:11	CBM2:11|CE2:8|CBM3:2|GH9:2|CBM13:1|GH16:1
DSLTAGYG:0.2727272727272727	EFIGDSLT:0.2727272727272727	GRGMVRNY:0.5454545454545454	MVRNYNGG:0.2727272727272727	HTVRVVKR:0.45454545454545453	RQIEFIGD:0.36363636363636365	DGATVATL:0.2727272727272727	GATVATLV:0.2727272727272727	ATLVTPGR:0.2727272727272727	DRLGCDWH:0.2727272727272727	FIGDSLTA:0.2727272727272727	FEGRFRGT:0.5454545454545454	GRFRGTGV:0.5454545454545454	FRGTGVGV:0.45454545454545453	AFEGRFRG:0.2727272727272727	VGLGTNDF:0.2727272727272727	RFRGTGVG:0.5454545454545454	VVVGLGTN:0.2727272727272727	GALTARAL:0.36363636363636365	GDSLTAGY:0.2727272727272727	YGNTSTSR:0.2727272727272727	QIEFIGDS:0.36363636363636365	LTARALGA:0.2727272727272727	SGRGMVRN:0.5454545454545454	GMVRNYNG:0.2727272727272727	ALTARALG:0.2727272727272727	PWSAGEFG:0.2727272727272727	VATLVTPG:0.36363636363636365	LGTNDFST:0.2727272727272727	TVATLVTP:0.36363636363636365	TAGYGNTS:0.2727272727272727	WSAGEFGG:0.2727272727272727	IEFIGDSL:0.2727272727272727	QLVVVGLG:0.2727272727272727	FGALTARA:0.36363636363636365	AGYGNTST:0.2727272727272727	ATVATLVT:0.2727272727272727	PQLVVVGL:0.2727272727272727	IGDSLTAG:0.2727272727272727	EGRFRGTG:0.5454545454545454	VVGLGTND:0.2727272727272727	SLTAGYGN:0.2727272727272727	GYGNTSTS:0.2727272727272727	GLGTNDFS:0.2727272727272727	TARALGAD:0.2727272727272727	TSTFGGFV:0.2727272727272727	AGGEPGTS:0.2727272727272727	LGINDFST:0.45454545454545453	MVRNYAGG:0.2727272727272727	PGVYFEGR:0.36363636363636365	VVVGLGIN:0.2727272727272727	ATSTFGGF:0.2727272727272727	VGLGINDF:0.2727272727272727	AFSGRGMV:0.36363636363636365	YFEGRFRG:0.2727272727272727	RGTGVGVV:0.2727272727272727	PWATSTFG:0.2727272727272727	GINDFSTA:0.2727272727272727	GTGVGVVL:0.2727272727272727	NYAGGEPG:0.2727272727272727	TPTPTPTV:0.2727272727272727	RGMVRNYA:0.36363636363636365	RNYAGGEP:0.2727272727272727	GVGVVLDD:0.2727272727272727	FSGRGMVR:0.36363636363636365	GMVRNYAG:0.36363636363636365	TWPGGYQA:0.2727272727272727	WPGVYFEG:0.36363636363636365	YAGGEPGT:0.2727272727272727	VRNYAGGE:0.2727272727272727	PGTSYRTY:0.2727272727272727	PTPTPTPT:0.45454545454545453	GLGINDFS:0.45454545454545453	VVGLGIND:0.2727272727272727	TGVGVVLD:0.2727272727272727	WATSTFGG:0.2727272727272727	GVYFEGRF:0.36363636363636365	ADRALLAV:0.2727272727272727	TAGYGNES:0.2727272727272727	ESPWATST:0.2727272727272727	SPWATSTF:0.2727272727272727	NESPWATS:0.2727272727272727	TYADRALL:0.2727272727272727	VKRNESPW:0.2727272727272727	YADRALLA:0.2727272727272727	RNESPWAT:0.2727272727272727	NAFSGRGM:0.2727272727272727	RTYADRAL:0.2727272727272727	KRNESPWA:0.2727272727272727	VNRTTNAD:0.2727272727272727	TPTPTPTP:0.2727272727272727	TATPTPTP:0.36363636363636365	PTATPTPT:0.2727272727272727	TPTATPTP:0.36363636363636365	ATPTPTPT:0.2727272727272727	TPTPTATP:0.36363636363636365	PTPTATPT:0.36363636363636365	
