cluster number:43
CBM2:21	CBM2:21|GH5_2:21|3.2.1.4:5
LSVSGTKL:0.2857142857142857	YETFNEPL:0.6666666666666666	IILGTPTW:0.38095238095238093	VQLIGNSL:0.2857142857142857	VPYHKKVI:0.23809523809523808	KCNWNANV:0.23809523809523808	LYETFNEP:0.3333333333333333	FVTEYGTC:0.38095238095238093	IFVTEYGT:0.6190476190476191	GLPIFVTE:0.3333333333333333	AVIEAAIS:0.2857142857142857	PIFVTEYG:0.3333333333333333	GQLSVSGT:0.3333333333333333	ALKCNWNA:0.23809523809523808	VIILGTPT:0.3333333333333333	LIGNSLFW:0.23809523809523808	LPIFVTEY:0.3333333333333333	VLYETFNE:0.2857142857142857	IGNSLFWH:0.23809523809523808	NVIILGTP:0.42857142857142855	ETFNEPLQ:0.6190476190476191	WAISDKSE:0.23809523809523808	VKALKCNW:0.23809523809523808	QLSVSGTK:0.2857142857142857	VAVIEAAI:0.23809523809523808	PPYGQLSV:0.7142857142857143	KALKCNWN:0.23809523809523808	PPPYGQLS:0.23809523809523808	PYGQLSVS:0.5238095238095238	GNSLFWHQ:0.23809523809523808	NWAISDKS:0.23809523809523808	SVSGTKLV:0.23809523809523808	NGLPIFVT:0.3333333333333333	LKCNWNAN:0.3333333333333333	NNGLPIFV:0.3333333333333333	KNVIILGT:0.38095238095238093	YGQLSVSG:0.42857142857142855	LVPYHKKV:0.23809523809523808	QLIGNSLF:0.2857142857142857	GIYVIVDW:0.38095238095238093	TGVSCNGA:0.23809523809523808	VIVDWHAH:0.23809523809523808	NGIYVIVD:0.23809523809523808	YVIVDWHA:0.23809523809523808	IYVIVDWH:0.38095238095238093	VRAAMGVE:0.38095238095238093	VSGTNLCY:0.23809523809523808	APPYGQLS:0.38095238095238093	QAIEFFTY:0.23809523809523808	VTEYGTVD:0.23809523809523808	NEPLQVDW:0.3333333333333333	IYETFNEP:0.3333333333333333	IIYETFNE:0.3333333333333333	CIFVTEYG:0.23809523809523808	SNVVRAAM:0.23809523809523808	FVTEYGTV:0.5714285714285714	GTVDASGG:0.23809523809523808	YGTVDASG:0.23809523809523808	TFNEPLQV:0.47619047619047616	NPVSGTNL:0.23809523809523808	KNVIVLGT:0.23809523809523808	WNSNVVRA:0.23809523809523808	NSNVVRAA:0.23809523809523808	EYGTVDAS:0.23809523809523808	TEYGTVDA:0.23809523809523808	GMSLFWSS:0.3333333333333333	FNEPLQVD:0.38095238095238093	PNIIYETF:0.23809523809523808	NIIYETFN:0.23809523809523808	AANNPVSG:0.2857142857142857	PVSGTNLC:0.23809523809523808	AAPPYGQL:0.3333333333333333	TVDASGGG:0.23809523809523808	TPTWSQDV:0.5238095238095238	QDVDVASQ:0.2857142857142857	TWSQDVDV:0.47619047619047616	LGTPTWSQ:0.42857142857142855	EPLQVSWT:0.23809523809523808	PTWSQDVD:0.47619047619047616	SQDVDVAS:0.2857142857142857	ILGTPTWS:0.23809523809523808	NNGVSCSG:0.23809523809523808	HKQDLRNK:0.23809523809523808	MSLFWSQW:0.23809523809523808	KISYANWA:0.2857142857142857	WSQDVDVA:0.5238095238095238	GMSLFWSQ:0.23809523809523808	THKQDLRN:0.23809523809523808	NEPLQVSW:0.23809523809523808	HYYAATHK:0.23809523809523808	GTPTWSQD:0.5238095238095238	YYAATHKQ:0.23809523809523808	PVFVTEYG:0.23809523809523808	VFVTEYGT:0.3333333333333333	GLPVFVTE:0.23809523809523808	DVASQNPI:0.23809523809523808	VDVASQNP:0.23809523809523808	LPVFVTEY:0.23809523809523808	DVDVASQN:0.23809523809523808	RGMSLFWS:0.23809523809523808	LRGMSLFW:0.23809523809523808	ADGNGGVD:0.23809523809523808	SQDVDVAA:0.23809523809523808	ISYANWAV:0.23809523809523808	
