cluster number:59
CBM2:86	CBM2:86|GH9:70|CBM4:50|CBM10:16|GH5_8:7|GH10:3|3.2.1.4:3|GH26:3|AA10:1|CBM0:1|CBM59:1|3.2.1.78:1
PSTAATLN:0.6046511627906976	VVNGGISV:0.27906976744186046	KYVVNGGI:0.7558139534883721	FYWAAAEL:0.5348837209302325	YEPDTGPR:0.23255813953488372	LNLAATAA:0.3372093023255814	WYDAGDHG:0.7209302325581395	LNQSYVTG:0.22093023255813954	PCQPGVCD:0.3372093023255814	GDHGKYVV:0.7209302325581395	ILDEARWE:0.27906976744186046	RELHPPST:0.32558139534883723	GGWYDAGD:0.6976744186046512	AGDHGKYV:0.7209302325581395	GWYDAGDH:0.7209302325581395	TGPRVRVN:0.4186046511627907	YVVNGGIS:0.3953488372093023	WTGLPLLP:0.22093023255813954	AATLNLAA:0.6627906976744186	ELHPPSTA:0.32558139534883723	YDAGDHGK:0.7209302325581395	NLAATAAQ:0.3372093023255814	GVAPNQGD:0.22093023255813954	PDILDEAR:0.3023255813953488	TLNLAATA:0.3372093023255814	EPDTGPRV:0.2441860465116279	LHPPSTAA:0.3488372093023256	DAGDHGKY:0.7209302325581395	PDTGPRVR:0.3953488372093023	TAATLNLA:0.6627906976744186	HPPSTAAT:0.36046511627906974	DILDEARW:0.3488372093023256	HGKYVVNG:0.7093023255813954	VSDEFYWA:0.20930232558139536	MAHHKIHD:0.2441860465116279	STAATLNL:0.6395348837209303	SYVTGYGE:0.27906976744186046	APYDAAFA:0.2558139534883721	ATLNLAAT:0.38372093023255816	VPCQPGVC:0.3372093023255814	PPSTAATL:0.4883720930232558	CQPGVCDY:0.3372093023255814	DHGKYVVN:0.7209302325581395	DTGPRVRV:0.3953488372093023	GKYVVNGG:0.8023255813953488	AGMAHHKI:0.22093023255813954	DEFYWAAA:0.5465116279069767	GMAHHKIH:0.2441860465116279	EFYWAAAE:0.5465116279069767	SDEFYWAA:0.20930232558139536	YFYHNRSG:0.22093023255813954	RVNQVGYL:0.5348837209302325	EYARPAGH:0.22093023255813954	AQCARLFA:0.22093023255813954	ARLFAPYD:0.22093023255813954	LAGMAHHK:0.3023255813953488	VRVNQVGY:0.5232558139534884	PLAGMAHH:0.23255813953488372	RLFAPYDA:0.23255813953488372	NWNAPLAW:0.20930232558139536	RGGWYDAG:0.43023255813953487	QRSGIAID:0.20930232558139536	LRVPERGN:0.20930232558139536	DVLDEARW:0.3953488372093023	VRGGWYDA:0.4069767441860465	TDEFYWAA:0.38372093023255816	VNQVGYLP:0.4418604651162791	PPAGSLAG:0.22093023255813954	VLDEARWE:0.3023255813953488	DVRGGWYD:0.4069767441860465	VTDEFYWA:0.37209302325581395	PAGSLAGG:0.22093023255813954	LDEARWEL:0.3372093023255814	PDVLDEAR:0.38372093023255816	TNEVAINW:0.2441860465116279	VVNGGIAT:0.27906976744186046	PAGHLGVA:0.3023255813953488	GHLGVAPN:0.32558139534883723	LGRLDLAT:0.23255813953488372	EFLLRMQV:0.29069767441860467	DGETSHPF:0.26744186046511625	VAPNQGDT:0.20930232558139536	ETSHPFDI:0.20930232558139536	AALGRLDL:0.22093023255813954	GPRVRVNQ:0.37209302325581395	MFCYVDDI:0.23255813953488372	NEVAINWN:0.313953488372093	RWELEFLL:0.2441860465116279	LLRMQVPA:0.26744186046511625	FLLRMQVP:0.313953488372093	EVAINWNS:0.29069767441860467	YARPAGHL:0.32558139534883723	VPDILDEA:0.2558139534883721	YVVNGGIA:0.36046511627906974	RPAGHLGV:0.3023255813953488	LDVRGGWY:0.38372093023255816	ALGRLDLA:0.22093023255813954	GETSHPFD:0.22093023255813954	NWNSALAW:0.3023255813953488	EARWELEF:0.26744186046511625	LRMQVPAG:0.27906976744186046	INWNSALA:0.29069767441860467	ASFLADQG:0.20930232558139536	VAINWNSA:0.29069767441860467	PRVRVNQV:0.37209302325581395	AGHLGVAP:0.32558139534883723	DEARWELE:0.26744186046511625	TSHPFDIS:0.20930232558139536	ARPAGHLG:0.3023255813953488	AINWNSAL:0.29069767441860467	LEFLLRMQ:0.23255813953488372	ELEFLLRM:0.23255813953488372	PMFCYVDD:0.23255813953488372	ARWELEFL:0.2558139534883721	GRLDLATV:0.2441860465116279	RLDLATVP:0.2558139534883721	WELEFLLR:0.23255813953488372	RVRVNQVG:0.37209302325581395	GVPDVLDE:0.26744186046511625	VPDVLDEA:0.3372093023255814	PKNATVVT:0.22093023255813954	WAAAELYL:0.20930232558139536	GPKNATVV:0.22093023255813954	NGVPDVLD:0.26744186046511625	YWAAAELY:0.313953488372093	TAYAAAKA:0.22093023255813954	WTGLPLAP:0.23255813953488372	SYVTGWGE:0.22093023255813954	
