cluster number:69
CBM2:31	CBM2:31|GH5_1:27|3.2.1.4:1|GH5:1
LDDWKTWD:0.25806451612903225	TGGLLLDD:0.3548387096774194	LNPNSGDT:0.5161290322580645	LLLDDWKT:0.25806451612903225	ATERVFHG:0.3870967741935484	ERVFHGLW:0.6451612903225806	VWLTGANW:0.2903225806451613	NPNSGDTG:0.6774193548387096	NATERVFH:0.3870967741935484	TERVFHGL:0.41935483870967744	VRVPISTQ:0.25806451612903225	DIKNEPHG:0.22580645161290322	NIVRVPIS:0.22580645161290322	WFGFNATE:0.3548387096774194	FGFNATER:0.3548387096774194	DTGGLLLD:0.3548387096774194	FNATERVF:0.3548387096774194	RAKWDSST:0.22580645161290322	GFNATERV:0.3548387096774194	WEWVTARY:0.25806451612903225	MDIKNEPH:0.22580645161290322	AMDIKNEP:0.22580645161290322	PNSGDTGG:0.6774193548387096	GDTGGLLL:0.3870967741935484	WLTGANWF:0.2903225806451613	NWFGFNAT:0.3548387096774194	IVRVPIST:0.22580645161290322	SGDTGGLL:0.6129032258064516	ANWFGFNA:0.2903225806451613	GLLLDDWK:0.25806451612903225	AKWDSSTD:0.22580645161290322	GANWFGFN:0.41935483870967744	DERQDRWM:0.22580645161290322	LTGANWFG:0.45161290322580644	TGANWFGF:0.41935483870967744	NSGDTGGL:0.8387096774193549	GGLLLDDW:0.3548387096774194	LDVHSAEA:0.41935483870967744	LLDDWKTW:0.25806451612903225	LIGEWGGF:0.3870967741935484	FVSLDHQV:0.3225806451612903	SAEADNSG:0.41935483870967744	HSAEADNS:0.41935483870967744	AEADNSGH:0.41935483870967744	SPHDYGPL:0.6129032258064516	LLIGEWGG:0.5483870967741935	RVFHGLWS:0.45161290322580644	NWWGGNLR:0.41935483870967744	GKFVSLDH:0.41935483870967744	VHSAEADN:0.4838709677419355	RARDAAGN:0.2903225806451613	WWGGNLRG:0.7741935483870968	PHDYGPLV:0.6129032258064516	PLLIGEWG:0.5483870967741935	DVHSAEAD:0.4838709677419355	VRARDAAG:0.2903225806451613	HDYGPLVF:0.3548387096774194	YSPHDYGP:0.8064516129032258	KFVSLDHQ:0.3548387096774194	QLVYSPHD:0.5483870967741935	GNLRGVKD:0.25806451612903225	GGNLRGVK:0.2903225806451613	VYSPHDYG:0.7096774193548387	WGGNLRGV:0.6774193548387096	LVYSPHDY:0.7096774193548387	WLTGVNWF:0.3870967741935484	VFHGLWSA:0.3548387096774194	DLKNEPHG:0.3548387096774194	LTGVNWFG:0.3870967741935484	APLLIGEW:0.5161290322580645	IAPLLIGE:0.22580645161290322	FHGLWSAN:0.2903225806451613	EADNSGHV:0.25806451612903225	VWLTGVNW:0.3870967741935484	DVWRPNWL:0.22580645161290322	DQLVYSPH:0.3870967741935484	QDQLVYSP:0.3870967741935484	LLLEWKAG:0.22580645161290322	VWRPNWLY:0.22580645161290322	NQDQLVYS:0.2903225806451613	TWWGGNLR:0.25806451612903225	PISTQLLL:0.22580645161290322	TQLLLEWK:0.22580645161290322	GEWGGRLG:0.2903225806451613	GRRILAIN:0.22580645161290322	STQLLLEW:0.22580645161290322	RVPISTQL:0.22580645161290322	AGRRILAI:0.22580645161290322	ISTQLLLE:0.22580645161290322	RRILAINP:0.22580645161290322	VPISTQLL:0.22580645161290322	LKNEPHGK:0.22580645161290322	GKFVGLDH:0.25806451612903225	YKDNDTII:0.22580645161290322	IGEWGGFM:0.25806451612903225	RYKDNDTI:0.25806451612903225	LIGEWGGR:0.22580645161290322	LGANQDQL:0.2903225806451613	IGEWGGRL:0.22580645161290322	GANQDQLV:0.25806451612903225	ANQDQLVY:0.25806451612903225	
