cluster number:20
CBM2:44	CBM2:44|GH6:18|CBM3:9|GH10:6|GH12:4|3.2.1.4:4|GH5_40:3|GH74:3|GH48:3|GH5_1:2|GH5_7:2|GH9:1|3.2.1.-:1|3.2.1.91:1|CE1:1|3.2.1.8:1|3.2.1.78:1
SRNGWGGP:0.25	KPPGESDG:0.4090909090909091	TSRNGWGG:0.36363636363636365	DTSRNGWG:0.38636363636363635	LASNGELP:0.22727272727272727	IEPDSLPN:0.36363636363636365	IDTSRNGW:0.2727272727272727	TIEPDSLP:0.20454545454545456	ALASNGEL:0.2727272727272727	ASNGELPA:0.22727272727272727	LIDTSRNG:0.25	YDLPGRDC:0.29545454545454547	SNGELPAT:0.22727272727272727	WIKPPGES:0.25	DCAALASN:0.20454545454545456	IKPPGESD:0.25	CAALASNG:0.20454545454545456	RDCAALAS:0.20454545454545456	EPDSLPNL:0.22727272727272727	VWIKPPGE:0.25	TAVWMDRI:0.20454545454545456	DAAGNVSA:0.20454545454545456	AGNVSAAS:0.20454545454545456	YWFTRDGG:0.20454545454545456	TADTYLQL:0.20454545454545456	SPSPSPSS:0.20454545454545456	WFTRDGGS:0.20454545454545456	QLSFTGGT:0.20454545454545456	IRASFGSV:0.20454545454545456	DYSYGTNT:0.20454545454545456	GFTATVTV:0.20454545454545456	SVDLSTVT:0.20454545454545456	SFGSVNPA:0.20454545454545456	NTGSSSVD:0.20454545454545456	VDLSTVTV:0.20454545454545456	SPSPSPSP:0.25	NQIKPGLQ:0.20454545454545456	QYKNNDSA:0.20454545454545456	DNQIKPGL:0.20454545454545456	GSSSVDLS:0.20454545454545456	PSPSPSSS:0.20454545454545456	SSTLVYNC:0.20454545454545456	NPATPTAD:0.20454545454545456	VRYWFTRD:0.20454545454545456	PATPTADT:0.20454545454545456	STVTVRYW:0.20454545454545456	SPSPSSSP:0.22727272727272727	RDGGSSTL:0.20454545454545456	GGSSTLVY:0.20454545454545456	NIRASFGS:0.20454545454545456	VNPATPTA:0.20454545454545456	DWGSGFTA:0.29545454545454547	VNKSDWSN:0.20454545454545456	SPSPTPSP:0.20454545454545456	SVNPATPT:0.20454545454545456	GNIRASFG:0.20454545454545456	LSFTGGTL:0.20454545454545456	TLVYNCDW:0.20454545454545456	VWGTEPSG:0.20454545454545456	LQLSFTGG:0.20454545454545456	RASFGSVN:0.20454545454545456	NKSDWSNF:0.20454545454545456	TRDGGSST:0.20454545454545456	TVRYWFTR:0.20454545454545456	TPTADTYL:0.20454545454545456	VTVRYWFT:0.20454545454545456	KVTVYVNG:0.20454545454545456	SPTPSPSP:0.20454545454545456	YLQLSFTG:0.20454545454545456	DGGSSTLV:0.20454545454545456	PSPSSSPS:0.20454545454545456	PSPSPSPS:0.25	TGSSSVDL:0.20454545454545456	ADTYLQLS:0.20454545454545456	ATPTADTY:0.20454545454545456	YKNNDSAP:0.20454545454545456	FTRDGGSS:0.20454545454545456	GGSTGEIQ:0.20454545454545456	SSSVDLST:0.20454545454545456	RVNKSDWS:0.20454545454545456	PTADTYLQ:0.20454545454545456	ASFGSVNP:0.20454545454545456	TPSPSPSP:0.2727272727272727	LVWGTEPS:0.20454545454545456	PTPSPSPS:0.2727272727272727	TVTVRYWF:0.20454545454545456	FGSVNPAT:0.20454545454545456	DTYLQLSF:0.20454545454545456	LVYNCDWA:0.20454545454545456	GSSTLVYN:0.20454545454545456	RYWFTRDG:0.20454545454545456	DLSTVTVR:0.20454545454545456	VNTGSSSV:0.20454545454545456	GCGNIRAS:0.20454545454545456	ASTDNVGV:0.20454545454545456	AGGSTGEI:0.20454545454545456	SDWGSGFT:0.22727272727272727	LSTVTVRY:0.20454545454545456	STLVYNCD:0.20454545454545456	GSVNPATP:0.20454545454545456	TYLQLSFT:0.20454545454545456	CGNIRASF:0.20454545454545456	SSVDLSTV:0.20454545454545456	
