cluster number:61
CBM2:73	CBM2:73|CE1:69|3.1.1.-:1
SGAMMTNV:0.6164383561643836	LGDYPDVF:0.2876712328767123	PGYTGPRP:0.3561643835616438	GGGSDPVG:0.273972602739726	DYPDVFAA:0.2328767123287671	LRYPNFGE:0.3698630136986301	CFDVSSPQ:0.4246575342465753	MMTNVLLG:0.4383561643835616	FSGVPFGC:0.2328767123287671	GGSDPVGI:0.410958904109589	VSSPQALR:0.3698630136986301	GAMMTNVL:0.4931506849315068	MTNVLLGD:0.273972602739726	GEEIKQWT:0.2465753424657534	KCFDVSSP:0.2465753424657534	RMQLWHGT:0.3150684931506849	VRAAYPGY:0.2054794520547945	APVEAISL:0.2054794520547945	ISSGAMMT:0.2191780821917808	VFAAGAAF:0.2876712328767123	GISSGAMM:0.2191780821917808	RRGGGSDP:0.3287671232876712	GVPFGCFA:0.4794520547945205	AFSGVPFG:0.2191780821917808	PDVFAAGA:0.3561643835616438	PFGCFATT:0.4383561643835616	TLRYPNFG:0.2328767123287671	GWTRTRYG:0.3150684931506849	PQQWGDLV:0.2328767123287671	AYPGYTGP:0.273972602739726	GCFATTDG:0.3835616438356164	YPDVFAAG:0.3698630136986301	PRMQLWHG:0.3424657534246575	GDYPDVFA:0.2191780821917808	GAAFSGVP:0.2054794520547945	EEIKQWTN:0.2465753424657534	FGEEIKQW:0.2054794520547945	DVFAAGAA:0.2876712328767123	ISLQGVGH:0.2054794520547945	SKCFDVSS:0.2328767123287671	SGVPFGCF:0.2328767123287671	SSPQALRR:0.3561643835616438	CFATTDGS:0.410958904109589	QQWGDLVR:0.2876712328767123	FDVSSPQA:0.410958904109589	RGGGSDPV:0.4246575342465753	YTGPRPRM:0.2465753424657534	FGCFATTD:0.3287671232876712	VPFGCFAT:0.4794520547945205	AGAAFSGV:0.2054794520547945	AAFSGVPF:0.2054794520547945	AMMTNVLL:0.4383561643835616	YPGYTGPR:0.3150684931506849	TGPRPRMQ:0.2876712328767123	VLLGDYPD:0.273972602739726	VEAISLQG:0.2191780821917808	TGLTASVT:0.2602739726027397	DVSSPQAL:0.4246575342465753	TNVLLGDY:0.273972602739726	GYTGPRPR:0.3424657534246575	FTLPAGQT:0.3150684931506849	LLGDYPDV:0.273972602739726	SSGAMMTN:0.6301369863013698	RPRMQLWH:0.2876712328767123	TGISSGAM:0.2054794520547945	NVLLGDYP:0.273972602739726	VVYPSVTR:0.2191780821917808	RTPQQWGD:0.273972602739726	TPQQWGDL:0.2191780821917808	YCTGSGPA:0.3561643835616438	AVHYCTGS:0.3013698630136986	VAVHYCTG:0.3287671232876712	YGFIVIYP:0.273972602739726	GAAFMGVP:0.273972602739726	AGAAFMGV:0.273972602739726	VHYCTGSG:0.3013698630136986	GFIVIYPS:0.2328767123287671	HYCTGSGP:0.3561643835616438	RTRYGGTG:0.273972602739726	NAWNTGLT:0.273972602739726	LTEVTNFG:0.2054794520547945	ASLADRYG:0.3287671232876712	FASLADRY:0.2465753424657534	GFQATHTG:0.2602739726027397	SLADRYGF:0.273972602739726	TRTRYGGT:0.2465753424657534	WTRTRYGG:0.2054794520547945	RRDGGSDP:0.2191780821917808	QALRRDGG:0.2191780821917808	QLWHGTND:0.2328767123287671	VTARNVSY:0.2191780821917808	YPSVTRSS:0.2465753424657534	RDGGSDPV:0.2191780821917808	ALRRDGGS:0.2191780821917808	GAAFAGVP:0.2191780821917808	AGAAFAGV:0.2191780821917808	PQALRRDG:0.2191780821917808	DGGSDPVG:0.2054794520547945	AWNTGLTA:0.2465753424657534	TARNVSYN:0.2328767123287671	LRRDGGSD:0.2191780821917808	SPQALRRD:0.2191780821917808	WNTGLTAS:0.2054794520547945	DRYGFIVI:0.2328767123287671	YPDVFKAG:0.2191780821917808	RYGFIVIY:0.2328767123287671	LADRYGFI:0.2876712328767123	ADRYGFIV:0.3150684931506849	PDVFKAGA:0.2191780821917808	LPAGQTIT:0.2054794520547945	GQTITSGW:0.2328767123287671	TLPAGQTI:0.2054794520547945	QTITSGWN:0.2191780821917808	TITSGWNA:0.2191780821917808	
