cluster number:15
CBM2:6	CBM2:6|GH30_7:1|CE1:1|GH141:1|GH11:1
TPTAAGTS:0.5	GTPTAAGT:0.5	NAWSATAT:0.5	KITNAWSA:0.5	ITNAWSAT:0.5	RTNEWPGG:0.3333333333333333	TVGWSFPG:0.3333333333333333	EWPGGFTA:0.5	NTGTAAIN:0.5	SPSSFTVN:0.3333333333333333	TVTNPGSQ:0.3333333333333333	TSPSSFTV:0.3333333333333333	WSATATQS:0.5	FQGTFTAN:0.3333333333333333	NVTITNTG:0.5	VTVTNPGS:0.3333333333333333	IAPGANTS:0.3333333333333333	AGLSISSS:0.5	TNAWSATA:0.5	NTVTVTNP:0.3333333333333333	FPGDQKIT:0.6666666666666666	CHVAYTRT:0.3333333333333333	GDQKITNA:0.5	WPGGFTAN:0.6666666666666666	FTANDTSP:0.3333333333333333	SFTVNGAA:0.3333333333333333	QSGAAVSA:0.3333333333333333	WSFPGDQK:0.6666666666666666	SATATQSG:0.5	GGFTANVT:0.6666666666666666	GLITGTPT:0.3333333333333333	PGGFTANV:0.6666666666666666	DTSPSSFT:0.3333333333333333	NEWPGGFT:0.3333333333333333	VAYTRTNE:0.3333333333333333	GLPAGLSI:0.6666666666666666	ITGTPTTA:0.3333333333333333	TRTNEWPG:0.3333333333333333	SISSSGLI:0.3333333333333333	QGTFTAND:0.3333333333333333	FTANVTIT:0.5	LPAGLSIS:0.5	ANDTSPSS:0.3333333333333333	AAINGWTV:0.3333333333333333	TGTPTTAG:0.3333333333333333	TNEWPGGF:0.3333333333333333	TFTANDTS:0.3333333333333333	AYTRTNEW:0.3333333333333333	WTVGWSFP:0.3333333333333333	TANVTITN:0.5	GTCHVAYT:0.3333333333333333	TANDTSPS:0.3333333333333333	ATATQSGA:0.3333333333333333	GWSFPGDQ:0.5	GFQGTFTA:0.3333333333333333	YTRTNEWP:0.3333333333333333	GFTANVTI:0.6666666666666666	LITGTPTT:0.3333333333333333	ASGLPAGL:0.3333333333333333	SGLPAGLS:0.3333333333333333	TGTAAING:0.5	ITNTGTAA:0.5	FTVNGAAC:0.3333333333333333	APGANTSF:0.3333333333333333	GLSISSSG:0.5	NDTSPSSF:0.3333333333333333	VGWSFPGD:0.3333333333333333	PGDQKITN:0.5	QKITNAWS:0.5	GTAAINGW:0.5	TNTGTAAI:0.5	SSFTVNGA:0.3333333333333333	SFPGDQKI:0.6666666666666666	INGWTVGW:0.3333333333333333	TAAINGWT:0.5	PAGLSISS:0.5	FGFQGTFT:0.3333333333333333	TCHVAYTR:0.3333333333333333	GWTVGWSF:0.3333333333333333	NTSFGFQG:0.3333333333333333	AWSATATQ:0.5	ANVTITNT:0.5	TVTVTNPG:0.3333333333333333	LSISSSGL:0.3333333333333333	PGANTSFG:0.3333333333333333	TQSGAAVS:0.3333333333333333	ANTSFGFQ:0.3333333333333333	AINGWTVG:0.3333333333333333	TIAPGANT:0.3333333333333333	SFGFQGTF:0.3333333333333333	GTFTANDT:0.3333333333333333	NGWTVGWS:0.3333333333333333	TSFGFQGT:0.5	DQKITNAW:0.5	TATQSGAA:0.3333333333333333	GANTSFGF:0.3333333333333333	TITNTGTA:0.5	TVNGAACS:0.3333333333333333	PSSFTVNG:0.3333333333333333	HVAYTRTN:0.3333333333333333	ATQSGAAV:0.3333333333333333	VTITNTGT:0.5	ATGLPAGL:0.3333333333333333	GLISGTPT:0.3333333333333333	SGLISGTP:0.3333333333333333	TGLPAGLS:0.3333333333333333	SGTPTAAG:0.3333333333333333	ISGTPTAA:0.3333333333333333	TVTSPGNQ:0.3333333333333333	GSATFTWT:0.3333333333333333	YSATGLPA:0.3333333333333333	TYSATGLP:0.3333333333333333	SATGLPAG:0.3333333333333333	SATFTWTV:0.3333333333333333	LTYSATGL:0.3333333333333333	SGSATFTW:0.3333333333333333	VTVTSPGN:0.3333333333333333	
