cluster number:4
CBM2:6	CBM2:6
ENASISNA:1.0	DFDDRWRL:0.6666666666666666	RWRLQFTL:0.6666666666666666	QFTLPENA:1.0	AQSGTQYT:1.0	LAQSGTQY:1.0	FTLPENAS:1.0	DRWRLQFT:0.6666666666666666	DDRWRLQF:0.6666666666666666	QYTLDARE:1.0	NACCAQLA:1.0	SNACCAQL:1.0	AQLAQSGT:1.0	ASISNACC:1.0	TLPENASI:1.0	NASISNAC:1.0	QLAQSGTQ:1.0	TQYTLDAR:1.0	ACCAQLAQ:1.0	WRLQFTLP:1.0	QSGTQYTL:1.0	RDFDDRWR:0.6666666666666666	LQFTLPEN:1.0	ITQFGRDF:0.6666666666666666	FGRDFDDR:0.6666666666666666	CAQLAQSG:1.0	YTITQFGR:0.6666666666666666	TITQFGRD:0.6666666666666666	GTQYTLDA:1.0	ANYTITQF:0.6666666666666666	SISNACCA:1.0	SGTQYTLD:1.0	NYTITQFG:0.6666666666666666	PENASISN:1.0	YTLDAREL:1.0	CCAQLAQS:1.0	LPENASIS:1.0	FDDRWRLQ:0.6666666666666666	TQFGRDFD:0.6666666666666666	QFGRDFDD:0.6666666666666666	RLQFTLPE:1.0	GRDFDDRW:0.6666666666666666	ISNACCAQ:1.0	ATSMTDWR:0.3333333333333333	SPRNGMVA:0.3333333333333333	TDWRLQFT:0.3333333333333333	NSGATSMT:0.3333333333333333	RNGMVATW:0.3333333333333333	SMTDWRLQ:0.3333333333333333	ATWPITRS:0.3333333333333333	SGATSMTD:0.3333333333333333	MVATWPIT:0.3333333333333333	RSPRNGMV:0.3333333333333333	GATSMTDW:0.3333333333333333	PRNGMVAT:0.3333333333333333	GMVATWPI:0.3333333333333333	DWRLQFTL:0.3333333333333333	NGMVATWP:0.3333333333333333	MTDWRLQF:0.3333333333333333	MRSPRNGM:0.3333333333333333	VATWPITR:0.3333333333333333	TSMTDWRL:0.3333333333333333	TASATASS:0.3333333333333333	ASQWDGGY:0.5	MTTASATA:0.5	VANYTITQ:0.5	SATASSTG:0.3333333333333333	GYVANYTI:0.5	ASSTGVDG:0.3333333333333333	TASSTGVD:0.3333333333333333	AVASQWDG:0.5	YVANYTIT:0.5	STGVDGGI:0.3333333333333333	VASQWDGG:0.5	GVDGGIAA:0.3333333333333333	WDGGYVAN:0.5	TGVDGGIA:0.3333333333333333	GGYVANYT:0.5	TYAVASQW:0.5	AATYAVAS:0.5	ASATASST:0.3333333333333333	TTASATAS:0.3333333333333333	IAATYAVA:0.3333333333333333	QWDGGYVA:0.5	GIAATYAV:0.3333333333333333	SSTGVDGG:0.3333333333333333	VDGGIAAT:0.3333333333333333	SQWDGGYV:0.5	YAVASQWD:0.5	ATASSTGV:0.3333333333333333	ATYAVASQ:0.5	DGGIAATY:0.3333333333333333	GGIAATYA:0.3333333333333333	DGGYVANY:0.5	
