cluster number:73
CBM2:7	CBM2:7
RLLLHTAG:0.2857142857142857	WSAEQHDP:0.2857142857142857	SAEQHDPR:0.2857142857142857	FDVRDNRP:0.2857142857142857	FGYTGEVV:0.5714285714285714	AEQHDPRE:0.2857142857142857	RPSRTAAS:0.2857142857142857	TFRFDVRD:0.42857142857142855	QVDLRRGD:0.42857142857142855	TDSSRLFG:0.42857142857142855	ALTVRLPA:0.42857142857142855	LACDEAGR:0.2857142857142857	WLAFQQVD:0.42857142857142855	ADGSTVDD:0.2857142857142857	SRLFGYTG:0.42857142857142855	PDRVWLAL:0.2857142857142857	LDWLAFQQ:0.5714285714285714	FRFDVRDN:0.2857142857142857	RLFGYTGE:0.5714285714285714	LPAILDWL:0.8571428571428571	ANVEVEVT:0.2857142857142857	IREVTTHG:0.2857142857142857	PREQQLRQ:0.42857142857142855	AVPAGGSQ:0.2857142857142857	PPPPPPLT:0.2857142857142857	ILDWLAFQ:0.8571428571428571	PPPPPLTA:0.2857142857142857	LGRWFADA:0.2857142857142857	NVEVEVTE:0.2857142857142857	RRGDGGMT:0.2857142857142857	REQQLRQA:0.42857142857142855	DLRRGDGG:0.2857142857142857	DWLAFQQV:0.42857142857142855	ACDEAGRL:0.2857142857142857	LAFQQVDL:0.42857142857142855	QALTVRLP:0.42857142857142855	RDNRPKAR:0.2857142857142857	TVRLPAIL:0.5714285714285714	VDLRRGDG:0.2857142857142857	SSRLFGYT:0.42857142857142855	LSHPPDRV:0.2857142857142857	DGSTVDDV:0.2857142857142857	RVWLALTD:0.42857142857142855	EVEVTERR:0.2857142857142857	RLPAILDW:0.7142857142857143	CDEAGRLS:0.2857142857142857	AILDWLAF:0.8571428571428571	LFGYTGEV:0.5714285714285714	TTSVRPSR:0.2857142857142857	DRVWLALT:0.2857142857142857	QHDPREQQ:0.2857142857142857	LRRGDGGM:0.2857142857142857	LLGRWFAD:0.2857142857142857	VLACDEAG:0.2857142857142857	HTAGLPGF:0.5714285714285714	EQHDPREQ:0.2857142857142857	MIEIGAQV:0.42857142857142855	LVLACDEA:0.2857142857142857	LHTAGLPG:0.5714285714285714	DSSRLFGY:0.42857142857142855	VPAGGSQT:0.2857142857142857	AFQQVDLR:0.42857142857142855	GGSQTFRF:0.2857142857142857	VWLALTDR:0.42857142857142855	QQLRQALT:0.42857142857142855	PAILDWLA:0.8571428571428571	TSVRPSRT:0.2857142857142857	VRDNRPKA:0.2857142857142857	DVRDNRPK:0.2857142857142857	PPDRVWLA:0.2857142857142857	LRQALTVR:0.42857142857142855	PAGGSQTF:0.2857142857142857	DPREQQLR:0.2857142857142857	AGGSQTFR:0.2857142857142857	LLHTAGLP:0.2857142857142857	HPPDRVWL:0.2857142857142857	HDPREQQL:0.2857142857142857	FQQVDLRR:0.42857142857142855	SHPPDRVW:0.2857142857142857	GSQTFRFD:0.2857142857142857	DEAGRLSE:0.2857142857142857	LLLHTAGL:0.2857142857142857	QLRQALTV:0.42857142857142855	SVRPSRTA:0.2857142857142857	VRLPAILD:0.5714285714285714	VEVEVTER:0.2857142857142857	RFDVRDNR:0.2857142857142857	QQVDLRRG:0.42857142857142855	EQQLRQAL:0.42857142857142855	SQTFRFDV:0.2857142857142857	RQALTVRL:0.42857142857142855	QTFRFDVR:0.2857142857142857	LTVRLPAI:0.42857142857142855	GYTGEVVV:0.42857142857142855	ELLGRWFA:0.42857142857142855	PDRLVLHT:0.2857142857142857	TDRELLGR:0.2857142857142857	WLALTDRE:0.2857142857142857	EIGAQVDL:0.2857142857142857	VPDRLVLH:0.2857142857142857	LGRWFAEA:0.2857142857142857	DRLVLHTA:0.2857142857142857	RELLGRWF:0.2857142857142857	QVDLSHPP:0.2857142857142857	LTDRELLG:0.2857142857142857	AQVDLSHP:0.2857142857142857	IEIGAQVD:0.2857142857142857	ALTDRELL:0.2857142857142857	GAQVDLSH:0.2857142857142857	CTVGGNPC:0.2857142857142857	AGLPGFDA:0.2857142857142857	SRTPTAKP:0.2857142857142857	LLGRWFAE:0.2857142857142857	LALTDREL:0.2857142857142857	DRELLGRW:0.2857142857142857	TARPSRTP:0.2857142857142857	RLVLHTAG:0.2857142857142857	TAGLPGFD:0.42857142857142855	VLHTAGLP:0.2857142857142857	GPARARRR:0.2857142857142857	IGAQVDLS:0.2857142857142857	LVLHTAGL:0.2857142857142857	AEGGLTAE:0.2857142857142857	TAELPVVR:0.2857142857142857	LRRAEGGL:0.2857142857142857	LTAELPVV:0.2857142857142857	EGGLTAEL:0.2857142857142857	VDLRRAEG:0.2857142857142857	GLTAELPV:0.2857142857142857	AELPVVRL:0.2857142857142857	RRAEGGLT:0.2857142857142857	RAEGGLTA:0.2857142857142857	DLRRAEGG:0.2857142857142857	GGLTAELP:0.2857142857142857	
