cluster number:65
CBM2:15	CBM2:15|CE0:3|CBM63:2|CE15:2|CE3:1|GH11:1|GH10:1
LPCYIPPT:0.2	DDSNSSQI:0.2	DSNSSQIQ:0.2	GAVSYTFD:0.2	TMAAPNGS:0.2	GGAGGSGG:0.6666666666666666	AVSYTFDD:0.2	SSSSSSSS:0.6666666666666666	YTFDDSNS:0.2	GGSGGAGG:0.4666666666666667	TFDDSNSS:0.2	GPNDSTDP:0.2	VNVGAYWR:0.2	PPGKYLRV:0.2	FTGGSDGA:0.2	TVLVHGFT:0.2	LVHGFTGG:0.2	RFLINRGV:0.2	VWTMAAPN:0.2	SNSSQIQN:0.2	GAGGSGGA:0.4	LIGPNDST:0.2	AGGSGGAG:0.4	TGGSDGAY:0.2	VLVHGFTG:0.2	WRTVLVHG:0.2	WTMAAPNG:0.2	YIPPTGAS:0.2	VVNVGAYW:0.2	FLINRGVA:0.2	PNDSTDPF:0.2	GGSDGAYQ:0.2	SSQIQNYD:0.2	VHGFTGGS:0.2	LDVPFTFY:0.2	IPPTGAST:0.2	GGAGGAGG:0.4	FTFYLQTG:0.2	GHELGNHT:0.2	GSGGAGGA:0.2	LNALDVPF:0.2	GSDGAYQP:0.2	SSSSSSST:0.3333333333333333	GFTGGSDG:0.2	GAGGAGGA:0.3333333333333333	HGFTGGSD:0.2	GGAGGGGG:0.2	NALDVPFT:0.2	DVPFTFYL:0.2	SVVNVGAY:0.2	NSSQIQNY:0.2	AAPNGSSV:0.2	CYIPPTGA:0.2	RTVLVHGF:0.2	FPPGKYLR:0.2	MAAPNGSS:0.2	ALDVPFTF:0.2	APNGSSVY:0.2	IGPNDSTD:0.2	VPFTFYLQ:0.2	SGGAGGAG:0.2	DSVVNVGA:0.2	SYTFDDSN:0.2	DGHELGNH:0.2	KWRTVLVH:0.2	AGGAGGAG:0.3333333333333333	VSYTFDDS:0.2	FDDSNSSQ:0.2	PFTFYLQT:0.2	SSSSSSTS:0.3333333333333333	VVALNGST:0.2	PCYIPPTG:0.2	LINRGVAN:0.2	TFYLQTGK:0.2	DWGSGYCA:0.3333333333333333	STSASSSS:0.2	AGGSGGSG:0.4666666666666667	ASSSSSSS:0.4666666666666667	GAGGAGGS:0.3333333333333333	GFCANGTG:0.4	SSSSASSG:0.26666666666666666	GGGAGGSG:0.26666666666666666	GYCANVTV:0.6	SGGGGAGG:0.2	CANVTVKN:0.26666666666666666	WGFCANGT:0.26666666666666666	ASSGAGGA:0.2	GGSGGSGG:0.4666666666666667	TGYCANVT:0.2	AGGAGGSG:0.3333333333333333	YCANVTVK:0.26666666666666666	GGGGAGGS:0.26666666666666666	SSSASSGA:0.2	SSSSASSS:0.4666666666666667	SSSSSASS:0.4	SASSGAGG:0.26666666666666666	GSGGSGGG:0.3333333333333333	SGAGGAGG:0.26666666666666666	GAGGSGGS:0.5333333333333333	SGGSGGGG:0.26666666666666666	SSASSGAG:0.2	SASSSSSS:0.4	SSSSSSAS:0.3333333333333333	SSGAGGAG:0.26666666666666666	SSSASSSS:0.5333333333333333	SSASSSSS:0.4666666666666667	SSSSSSSA:0.4	GSGYCANV:0.26666666666666666	SGYCANVT:0.2	SDWGSGYC:0.2	YCANVTVT:0.26666666666666666	CANVTVTN:0.26666666666666666	WGSGYCAN:0.26666666666666666	CANGTGRP:0.26666666666666666	FCANGTGR:0.26666666666666666	GGSGGSTG:0.2	GSGGAGGS:0.3333333333333333	SGGAGGSG:0.3333333333333333	GSGGSGGS:0.3333333333333333	SGGSGGSG:0.26666666666666666	GGSGGGGG:0.26666666666666666	SSSSSSSG:0.2	TSSSSSSS:0.2	
