cluster number:87
CBM2:36	CBM2:36|CE3:34|GH5_8:3|CBM10:2|GH18:1
DNEGHGGY:0.2777777777777778	VVVDQWTG:0.3888888888888889	AGDQKMSD:0.2777777777777778	TYDGVHPN:0.75	VLMHFGTN:0.3611111111111111	VANQNLLP:0.2222222222222222	DSITGSPG:0.8888888888888888	FGTNDVWS:0.6388888888888888	NAAGDQKM:0.3055555555555556	ITGSPGCW:0.8888888888888888	HPNAAGDQ:0.3333333333333333	YDGVHPNA:0.6944444444444444	TNDVWSNI:0.3055555555555556	DGVHPNAA:0.3888888888888889	NQNLLPGW:0.25	GFQGEVTV:0.3055555555555556	AAGDQKMS:0.2777777777777778	DQKMSDRW:0.25	TGSPGCWR:0.8888888888888888	ATDTYDGV:0.4166666666666667	RVMPLGDS:0.25	GDNEGHGG:0.5277777777777778	DTYDGVHP:0.75	TATDTYDG:0.3888888888888889	SITGSPGC:0.8888888888888888	QNLLPGWL:0.2777777777777778	DQWTGFST:0.3611111111111111	TDTYDGVH:0.5277777777777778	GTNDVWSN:0.5277777777777778	ANQNLLPG:0.25	VMPLGDSI:0.25	GDQKMSDR:0.25	TLGPQGCG:0.2777777777777778	VDQWTGFS:0.3611111111111111	LGDSITGS:0.8611111111111112	MHFGTNDV:0.6388888888888888	GTLGPQGC:0.3333333333333333	LWNRLQST:0.25	QWTGFSTA:0.25	DGDNEGHG:0.5277777777777778	NEGHGGYL:0.3333333333333333	PNAAGDQK:0.3055555555555556	FVGTLGPQ:0.3333333333333333	DFVGTLGP:0.3333333333333333	GDSITGSP:0.8888888888888888	HFGTNDVW:0.6388888888888888	MPLGDSIT:0.6666666666666666	GVHPNAAG:0.3888888888888889	VVDQWTGF:0.8055555555555556	HDGDNEGH:0.2777777777777778	LVAKIIPM:0.2222222222222222	LMHFGTND:0.3611111111111111	GGFQGEVT:0.3055555555555556	VHPNAAGD:0.3888888888888889	WNRLQSTG:0.25	VGTLGPQG:0.3333333333333333	PLGDSITG:0.6388888888888888	GSPGCWRA:0.7222222222222222	VVMHFGTN:0.25	PVRIMPLG:0.2777777777777778	PGCWRALL:0.5833333333333334	SPGCWRAL:0.5555555555555556	DQWTGFDT:0.2222222222222222	RIMPLGDS:0.3333333333333333	VDQWTGFD:0.2777777777777778	IMPLGDSI:0.4166666666666667	GCWRALLW:0.5277777777777778	VRIMPLGD:0.2777777777777778	CWRALLWN:0.2222222222222222	SNIAPATI:0.2222222222222222	NIAPATIL:0.2222222222222222	DGVHPNAS:0.2777777777777778	SPIVVVDQ:0.25	VHPNASGD:0.25	PIVVVDQW:0.25	VMHFGTND:0.2222222222222222	KLVDQMRA:0.2777777777777778	NDVWSNIA:0.2777777777777778	IVVVDQWT:0.25	DVWSNIAP:0.2777777777777778	WSNIAPAT:0.2222222222222222	VWSNIAPA:0.2222222222222222	GVHPNASG:0.2777777777777778	TVVDQWTG:0.3611111111111111	DIDFVGTL:0.2222222222222222	YDGDNEGH:0.25	YDGENEGH:0.2222222222222222	DGENEGHG:0.2777777777777778	SDRWYPAL:0.2222222222222222	QKMSDRWY:0.2222222222222222	KMSDRWYP:0.2222222222222222	GENEGHGG:0.2777777777777778	MSDRWYPA:0.2222222222222222	LPGWLSAT:0.25	ALGDSITG:0.25	IMALGDSI:0.2222222222222222	MALGDSIT:0.25	
