cluster number:85
CBM2:187	CBM2:187|GH10:146|GH62:18|CE4:17|3.2.1.8:13|PL9_1:5|CE1:2|PL1_5:1
KARGVPID:0.24064171122994651	DFKARGVP:0.22994652406417113	LCYNDYNT:0.5187165775401069	DLGVDVQI:0.25668449197860965	SGTPLLFD:0.25133689839572193	TPENEMKW:0.24598930481283424	RFADLGVD:0.34759358288770054	PIDCVGFQ:0.47593582887700536	RCTGITVW:0.3422459893048128	AKLCYNDY:0.5133689839572193	RTARAADP:0.20320855614973263	CTGITVWG:0.3689839572192513	WRASGTPL:0.20855614973262032	YAWDVVNE:0.24064171122994651	IDCVGFQS:0.34759358288770054	RAADPGAK:0.20320855614973263	QITELDIE:0.3582887700534759	TELDIEGS:0.35294117647058826	VTPENEMK:0.28342245989304815	NLQRFADL:0.29411764705882354	ELDIEGSG:0.35294117647058826	ARGVPIDC:0.22994652406417113	GHTLVWHS:0.32085561497326204	WDVVNEAF:0.6310160427807486	ASGTPLLF:0.20855614973262032	ADLGVDVQ:0.2727272727272727	FRTARAAD:0.20320855614973263	ENEMKWDA:0.33689839572192515	CYNDYNTD:0.5187165775401069	FKARGVPI:0.22459893048128343	VQITELDI:0.42780748663101603	ITELDIEG:0.34759358288770054	GVDVQITE:0.42245989304812837	LQRFADLG:0.29411764705882354	VPIDCVGF:0.47058823529411764	HTLVWHSQ:0.32085561497326204	DCVGFQSH:0.3582887700534759	AWDVVNEA:0.32620320855614976	VGFQSHFN:0.25133689839572193	RASGTPLL:0.20855614973262032	PENEMKWD:0.24598930481283424	RGHTLVWH:0.29411764705882354	YNDYNTDG:0.2887700534759358	AADPGAKL:0.21390374331550802	QRFADLGV:0.36363636363636365	GAKLCYND:0.20320855614973263	VDVQITEL:0.42245989304812837	AFRTARAA:0.20320855614973263	SWRASGTP:0.20855614973262032	GVPIDCVG:0.6256684491978609	FADLGVDV:0.40106951871657753	LGVDVQIT:0.42245989304812837	DVQITELD:0.43315508021390375	TLVWHSQL:0.25133689839572193	KLCYNDYN:0.5294117647058824	LVWHSQLP:0.25133689839572193	CVGFQSHF:0.25668449197860965	ADPGAKLC:0.21390374331550802	ARAADPGA:0.20855614973262032	RGVPIDCV:0.6149732620320856	FAALGVDV:0.20320855614973263	VRGHTLVW:0.22459893048128343	MKWDATEP:0.27807486631016043	FKSRGVPI:0.25133689839572193	DFKSRGVP:0.25133689839572193	KSRGVPID:0.25133689839572193	SRGVPIDC:0.26737967914438504	GNDWIEAA:0.25133689839572193	WIEAAFRA:0.32620320855614976	HSWDVVNE:0.23529411764705882	LQRTGNDW:0.28342245989304815	FRAARAAD:0.34759358288770054	VVNEAFAD:0.3315508021390374	ITVWGIRD:0.21390374331550802	DVVNEAFA:0.32620320855614976	EMKWDATE:0.2192513368983957	HVTQVATH:0.2192513368983957	NLQRTGND:0.28342245989304815	QRTGNDWI:0.28342245989304815	IEAAFRAA:0.32620320855614976	RTGNDWIE:0.28342245989304815	AAFRAARA:0.2887700534759358	SWDVVNEA:0.28342245989304815	NDWIEAAF:0.25133689839572193	IHSWDVVN:0.23529411764705882	DSNLQRTG:0.3315508021390374	EAAFRAAR:0.3048128342245989	SNLQRTGN:0.28342245989304815	DWIEAAFR:0.32620320855614976	VNEAFADG:0.32085561497326204	NEMKWDAT:0.2192513368983957	RAARAADP:0.35294117647058826	NHVTQVAT:0.2727272727272727	RRDSNLQR:0.3315508021390374	AFRAARAA:0.34759358288770054	RDSNLQRT:0.3315508021390374	TGNDWIEA:0.25133689839572193	GITVWGIR:0.21390374331550802	GTPLLFDG:0.2192513368983957	GRYFGTAV:0.23529411764705882	RYFGTAVA:0.22994652406417113	LAWHSQQP:0.24064171122994651	
