cluster number:40
CBM2:42	CBM2:42|CBM10:31|GH5_53:13|GH6:10|GH5_4:6|GH45:5|3.2.1.4:4|CBM35:2|GH5_2:2|GH10:1|3.2.1.8:1|PL3_1:1|3.2.1.91:1|GH98:1|GH74:1|3.2.1.74:1
QCNWYGTL:0.23809523809523808	SSSSSSSV:0.2619047619047619	SSSSSSSS:0.5	CNWYGTLY:0.23809523809523808	NWYGTLYP:0.23809523809523808	SGSNPYSA:0.21428571428571427	SSSSTSSS:0.21428571428571427	SSSSSTSS:0.21428571428571427	SSTSSSSS:0.23809523809523808	SSSSSSSG:0.21428571428571427	STSSSSSS:0.23809523809523808	SSSTSSSS:0.21428571428571427	SSSSSSST:0.2619047619047619	TSSSSSSS:0.2857142857142857	SSSSSSTS:0.23809523809523808	HRGNWCNQ:0.23809523809523808	VYDLPNRD:0.21428571428571427	YDLPNRDC:0.23809523809523808	ALASNGEL:0.21428571428571427	VVYDLPNR:0.21428571428571427	SLPNLVTN:0.23809523809523808	LPNLVTNL:0.21428571428571427	DSLPNLVT:0.23809523809523808	CYWSINPE:0.21428571428571427	FNEPWDYT:0.23809523809523808	SNYVGWRA:0.2619047619047619	DIHSCSNY:0.2857142857142857	CSNYVGWR:0.2619047619047619	VGWRAGRL:0.23809523809523808	TYGPSVFV:0.2619047619047619	NYVGWRAG:0.2619047619047619	HSCSNYVG:0.2619047619047619	PIAPQTLD:0.21428571428571427	WRAGRLDA:0.2619047619047619	IHSCSNYV:0.23809523809523808	GIDIFNEP:0.21428571428571427	WEEHFGYL:0.21428571428571427	FGLEGRHE:0.21428571428571427	PHTYGPSV:0.2857142857142857	DIFNEPWD:0.23809523809523808	YVGWRAGR:0.2619047619047619	WFGLEGRH:0.21428571428571427	HTYGPSVF:0.2619047619047619	SCSNYVGW:0.2619047619047619	YWSINPES:0.21428571428571427	IDIFNEPW:0.23809523809523808	GWRAGRLD:0.2857142857142857	SPHTYGPS:0.2857142857142857	IFNEPWDY:0.23809523809523808	YGPSVFVQ:0.2619047619047619	GWEEHFGY:0.21428571428571427	NEPWDYTW:0.23809523809523808	NPNWGENL:0.21428571428571427	GSSSSSSS:0.2619047619047619	
