cluster number:1595
GT4:18	GT4:18|GT2:5
CGLPVIST:0.2222222222222222	ACGLPVIS:0.2777777777777778	VLPTRGEG:0.5555555555555556	FVLPTRGE:0.5555555555555556	LPTRGEGW:0.5	PTRGEGWG:0.5	ADCFVLPT:0.4444444444444444	ILEAMACG:0.3888888888888889	GMPILEAM:0.2222222222222222	MPILEAMA:0.2222222222222222	PILEAMAC:0.3888888888888889	WGMPILEA:0.2222222222222222	VVLVLKID:0.2222222222222222	KNSGRYRI:0.2777777777777778	GWGMPILE:0.2222222222222222	PVVLVLKI:0.2222222222222222	ANQMDEVW:0.2777777777777778	YRSADCFV:0.6111111111111112	VFLSVFEW:0.2777777777777778	EVWTPTAW:0.2222222222222222	CFVLPTRG:0.5	EGWGMPIL:0.2222222222222222	QMDEVWTP:0.2777777777777778	DEVWTPTA:0.2222222222222222	YRIGFTML:0.3333333333333333	DCFVLPTR:0.4444444444444444	MAELYRSA:0.2222222222222222	VWTPTAWG:0.2222222222222222	DPVVLVLK:0.2222222222222222	RGEGWGMP:0.4444444444444444	ELYRSADC:0.2222222222222222	LYRSADCF:0.5555555555555556	RIGFTMLE:0.3333333333333333	NSGRYRIG:0.2777777777777778	SADCFVLP:0.5555555555555556	RSADCFVL:0.6111111111111112	TRGEGWGM:0.3333333333333333	GEGWGMPI:0.2222222222222222	QANQMDEV:0.2777777777777778	NQMDEVWT:0.2777777777777778	MDEVWTPT:0.3333333333333333	AELYRSAD:0.2222222222222222	RMAELYRS:0.2222222222222222	EDTDYCLR:0.2777777777777778	DTDYCLRA:0.2222222222222222	LEAMACGL:0.4444444444444444	CGLPVIAT:0.3333333333333333	GLPVIATD:0.2222222222222222	AMACGLPV:0.5555555555555556	MACGLPVI:0.5555555555555556	FEWGERKA:0.2222222222222222	EAMACGLP:0.5555555555555556	ACGLPVIA:0.3333333333333333	EWGERKAP:0.2222222222222222	
