cluster number:1357
GT4:52	GT4:52
AMALGTPV:0.3076923076923077	GTPVIASD:0.28846153846153844	YEHPAPPG:0.2692307692307692	HLLSRITP:0.28846153846153844	TLHDLIYY:0.7692307692307693	CPMQTMGT:0.21153846153846154	VCPMQTMG:0.28846153846153844	DARFTRTD:0.2692307692307692	PLVEAMAL:0.25	MGSFMPYK:0.6153846153846154	LALLPDVP:0.3269230769230769	RFTRTDHH:0.21153846153846154	LPLVEAMA:0.28846153846153844	GLVLTLHD:0.25	LHLLSRIT:0.34615384615384615	ISRYGASL:0.4230769230769231	PPGFLPAP:0.46153846153846156	LTLHDLIY:0.7692307692307693	HKAYWPQR:0.25	LVLTLHDL:0.40384615384615385	EGYGLPLV:0.5	YTLHLLSR:0.23076923076923078	LIYYEHPA:0.2692307692307692	VVVCPMQT:0.3076923076923077	EHPAPPGF:0.2692307692307692	DVVVCPMQ:0.3076923076923077	SFMPYKNV:0.6153846153846154	FMPYKNVE:0.5961538461538461	QRLLLNRA:0.21153846153846154	YGASLIAA:0.21153846153846154	APPGFLPA:0.25	ARFTRTDH:0.21153846153846154	GSFMPYKN:0.6153846153846154	MKIVIDAR:0.21153846153846154	VVCPMQTM:0.28846153846153844	DHHDGISR:0.36538461538461536	LHDLIYYE:0.5	IDARFTRT:0.23076923076923078	RQLALLPD:0.4230769230769231	LWRLYHKA:0.4230769230769231	YYEHPAPP:0.2692307692307692	MPYKNVET:0.5961538461538461	EAMALGTP:0.28846153846153844	RTDHHDGI:0.25	TDHHDGIS:0.25	VATISRTT:0.21153846153846154	DGISRYGA:0.4423076923076923	HHDGISRY:0.4230769230769231	WRLYHKAY:0.25	TRTDHHDG:0.23076923076923078	RYGASLIA:0.21153846153846154	FTRTDHHD:0.21153846153846154	YGLVLTLH:0.23076923076923078	RLLLNRAD:0.21153846153846154	LGTPVIAS:0.21153846153846154	LYHKAYWP:0.25	HDLIYYEH:0.5	YHKAYWPQ:0.25	VEAMALGT:0.2692307692307692	PQRLLLNR:0.21153846153846154	HPAPPGFL:0.2692307692307692	ATISRTTE:0.21153846153846154	SRYGASLI:0.3076923076923077	WPQRLLLN:0.21153846153846154	TLLYMGSF:0.25	YGLPLVEA:0.46153846153846156	LYMGSFMP:0.21153846153846154	LVEAMALG:0.25	ADVVVCPM:0.2692307692307692	VFHNGVTD:0.21153846153846154	VLTLHDLI:0.40384615384615385	PYKNVETM:0.3076923076923077	TISRTTEA:0.21153846153846154	ISRTTEAL:0.21153846153846154	GFLPAPVR:0.46153846153846156	PGFLPAPV:0.46153846153846156	RLYHKAYW:0.25	LLYMGSFM:0.34615384615384615	QLALLPDV:0.3269230769230769	YMGSFMPY:0.6153846153846154	IYYEHPAP:0.2692307692307692	GISRYGAS:0.4230769230769231	HDGISRYG:0.5384615384615384	AEGYGLPL:0.4423076923076923	GLPLVEAM:0.4423076923076923	PAPPGFLP:0.2692307692307692	DLIYYEHP:0.4230769230769231	GYGLPLVE:0.5	TLHLLSRI:0.36538461538461536	VIASDIPI:0.28846153846153844	SRAEGYGL:0.36538461538461536	PMQTMGSW:0.25	FREVGGDA:0.25	LVYMGSFM:0.28846153846153844	PVIASDIP:0.28846153846153844	IASDIPIF:0.28846153846153844	LSRAEGYG:0.2692307692307692	VYMGSFMP:0.3269230769230769	IFREVGGD:0.25	ALLPDVPY:0.25	IPIFREVG:0.34615384615384615	PIFREVGG:0.3269230769230769	QTMGSWGR:0.2692307692307692	RAEGYGLP:0.36538461538461536	TPVIASDI:0.25	SDIPIFRE:0.40384615384615385	SLSRAEGY:0.25	DIPIFREV:0.34615384615384615	ASDIPIFR:0.34615384615384615	MQTMGSWG:0.25	PYKNVETL:0.25	DVVFSPMQ:0.3269230769230769	PDVVFSPM:0.28846153846153844	VVFSPMQT:0.3076923076923077	FLPAPVRV:0.21153846153846154	ILTLHDLI:0.36538461538461536	LILTLHDL:0.3076923076923077	VRLLWRLY:0.25	PVRLLWRL:0.25	LLWRLYHK:0.21153846153846154	RLLWRLYH:0.25	
