cluster number:2084
GT4:34	GT4:34
LPVVSTPL:0.29411764705882354	AGLPVVST:0.38235294117647056	LAAGLPVV:0.5294117647058824	YLAAGLPV:0.5588235294117647	AAGLPVVS:0.38235294117647056	GLPVVSTP:0.38235294117647056	EYLAAGLP:0.5588235294117647	YHGVLSDF:0.3235294117647059	DEPYWTNK:0.29411764705882354	PYWTNKQH:0.3235294117647059	TADWDEPY:0.29411764705882354	HGVLSDFK:0.3235294117647059	ADWDEPYW:0.29411764705882354	WDEPYWTN:0.29411764705882354	YTRSMFPM:0.2647058823529412	EPYWTNKQ:0.29411764705882354	TRSMFPMK:0.2647058823529412	VLYVESVG:0.20588235294117646	DWDEPYWT:0.29411764705882354	LWRRLWRG:0.20588235294117646	WTNKQHTA:0.23529411764705882	GEEREGQR:0.20588235294117646	FYEYLAAG:0.20588235294117646	FPMKFYEY:0.20588235294117646	RLWRRLWR:0.20588235294117646	LVYHCVDD:0.23529411764705882	TNKQHTAS:0.20588235294117646	FSTADWDE:0.20588235294117646	MKFYEYLA:0.20588235294117646	PMKFYEYL:0.20588235294117646	VVSTPLDF:0.20588235294117646	RRLWRGVQ:0.20588235294117646	RLWRGVQS:0.20588235294117646	EEREGQRS:0.20588235294117646	STADWDEP:0.20588235294117646	IGEEREGQ:0.23529411764705882	YEYLAAGL:0.2647058823529412	KFYEYLAA:0.20588235294117646	PVVSTPLD:0.20588235294117646	YWTNKQHT:0.23529411764705882	WRRLWRGV:0.20588235294117646	VYHGVLSD:0.23529411764705882	GVLSDFKV:0.20588235294117646	VLSDFKVD:0.20588235294117646	PLKINEYL:0.4117647058823529	LKINEYLA:0.35294117647058826	YPLKINEY:0.4117647058823529	INEYLAAG:0.20588235294117646	IYPLKINE:0.4117647058823529	KINEYLAA:0.20588235294117646	
