cluster number:2047
GT4:78	GT4:78
ILDIDDWE:0.5512820512820513	YKGVEDVL:0.23076923076923078	PRPYKGVE:0.2692307692307692	VGGSPYDD:0.5641025641025641	AQFPLKLT:0.7948717948717948	KILMFPGA:0.21794871794871795	LDIDDWEL:0.5128205128205128	YKILMFPG:0.21794871794871795	LMFPGAPR:0.782051282051282	GSPYDDYD:0.5769230769230769	LVIVGGSP:0.7051282051282052	VIVGGSPY:0.7051282051282052	RPYKGVED:0.2692307692307692	IVGGSPYD:0.7692307692307693	VVPQRDTP:0.3076923076923077	APRPYKGV:0.2692307692307692	LAQFPLKL:0.21794871794871795	IDDWELSW:0.5256410256410257	MAKPILAT:0.24358974358974358	MFPGAPRP:0.7692307692307693	PLKLTDGM:0.782051282051282	FPLKLTDG:0.782051282051282	GGSPYDDY:0.5769230769230769	KLVIVGGS:0.2564102564102564	QFPLKLTD:0.7948717948717948	FPGAPRPY:0.5641025641025641	DIDDWELS:0.5256410256410257	PYKGVEDV:0.21794871794871795	GAPRPYKG:0.5641025641025641	ILMFPGAP:0.6153846153846154	PGAPRPYK:0.5641025641025641	WGRWIIKL:0.41025641025641024	TPETRAQF:0.23076923076923078	AAHIVVVP:0.3076923076923077	PLILDIDD:0.20512820512820512	EDVLIALD:0.358974358974359	VPQRDTPE:0.24358974358974358	MAKPVLST:0.3333333333333333	QRDTPETR:0.23076923076923078	HIVVVPQR:0.3076923076923077	KPVLSTRV:0.20512820512820512	RVGDIPEI:0.3717948717948718	GRWIIKLP:0.3974358974358974	PQRDTPET:0.23076923076923078	LSTRVGDI:0.2564102564102564	IVVVPQRD:0.28205128205128205	DWELSWYG:0.2948717948717949	DTPETRAQ:0.23076923076923078	WELSWYGG:0.2948717948717949	DVLIALDK:0.23076923076923078	VVVPQRDT:0.3717948717948718	KWGRWIIK:0.28205128205128205	VGDIPEIL:0.5128205128205128	LILDIDDW:0.23076923076923078	RAQFPLKL:0.46153846153846156	DDWELSWY:0.2948717948717949	GDIPEILG:0.41025641025641024	VLSTRVGD:0.20512820512820512	VAAAHIVV:0.24358974358974358	TRVGDIPE:0.3333333333333333	PETRAQFP:0.23076923076923078	RDTPETRA:0.23076923076923078	ELSWYGGD:0.21794871794871795	AHIVVVPQ:0.32051282051282054	AAAHIVVV:0.2564102564102564	TRAQFPLK:0.28205128205128205	PVLSTRVG:0.20512820512820512	ETRAQFPL:0.24358974358974358	ILGETGYL:0.21794871794871795	STRVGDIP:0.2692307692307692	LGETGYLV:0.21794871794871795	DTGYLVEP:0.20512820512820512	MPEIVAAA:0.21794871794871795	YLPNGKDT:0.32051282051282054	GDTGYLVE:0.20512820512820512	ILGDTGYL:0.3076923076923077	LGDTGYLV:0.28205128205128205	APRPYKGL:0.2692307692307692	GLEDVLIA:0.28205128205128205	IDGDIIYA:0.32051282051282054	YKGLEDVL:0.20512820512820512	YRILMFPG:0.3974358974358974	RPYKGLED:0.2692307692307692	LEDVLIAL:0.28205128205128205	PRPYKGLE:0.2692307692307692	PYKGLEDV:0.20512820512820512	KGLEDVLI:0.28205128205128205	DIIYAIKP:0.21794871794871795	GDIIYAIK:0.21794871794871795	RILMFPGA:0.38461538461538464	GMAMAKPI:0.34615384615384615	LTDGMAMA:0.6410256410256411	TDGMAMAK:0.6538461538461539	KLTDGMAM:0.6923076923076923	DGMAMAKP:0.6666666666666666	GMAMAKPV:0.32051282051282054	LKLTDGMA:0.6153846153846154	RWIIKLPK:0.28205128205128205	RLVIVGGS:0.44871794871794873	MAMAKPVL:0.32051282051282054	LRLVIVGG:0.38461538461538464	DLRLVIVG:0.38461538461538464	AMAKPILA:0.20512820512820512	MAMAKPIL:0.28205128205128205	GAPRPHKG:0.20512820512820512	PGAPRPHK:0.20512820512820512	DWELSWHG:0.2948717948717949	YRVLMFPG:0.20512820512820512	DDWELSWH:0.2948717948717949	WELSWHGG:0.2948717948717949	FLQQRFGG:0.2692307692307692	FPGAPRPH:0.20512820512820512	AMAKPVLS:0.23076923076923078	PDLRLVIV:0.23076923076923078	
