cluster number:1545
GT4:44	GT4:44
EGFGIPPL:0.45454545454545453	PEVVGDAA:0.25	GFGIPPLE:0.45454545454545453	GIPPLEAM:0.38636363636363635	IPPLEAMA:0.36363636363636365	YEGFGIPP:0.4318181818181818	FGIPPLEA:0.4090909090909091	PSLYEGFG:0.6818181818181818	PLEAMACG:0.45454545454545453	SLYEGFGI:0.5	FVFPSLYE:0.36363636363636365	LYEGFGIP:0.5	PPLEAMAC:0.4318181818181818	FPSLYEGF:0.5227272727272727	VFPSLYEG:0.4090909090909091	MACGTPVI:0.3409090909090909	LEAMACGT:0.38636363636363635	SSLPEVVG:0.36363636363636365	EAMACGTP:0.38636363636363635	AMACGTPV:0.36363636363636365	SLPEVVGD:0.3409090909090909	LFVFPSLY:0.22727272727272727	CGTPVITS:0.2727272727272727	GTPVITSN:0.2727272727272727	DLFVFPSL:0.20454545454545456	ACGTPVIT:0.2727272727272727	NSSSLPEV:0.20454545454545456	SNSSSLPE:0.20454545454545456	LPEVVGDA:0.29545454545454547	
