cluster number:1107
GT4:146	GT4:146
RKGIETLV:0.6027397260273972	DVGGLQFT:0.3698630136986301	EIGKEEAG:0.3698630136986301	GTPVVASD:0.2602739726027397	VATSPQEK:0.21232876712328766	PFGLVAIE:0.6575342465753424	KGIETLVR:0.547945205479452	EAGGQNVY:0.6232876712328768	GLVAIEAM:0.6575342465753424	TPVVASDV:0.3835616438356164	AIEAMASG:0.23972602739726026	GIETLVRA:0.5205479452054794	VVPSHYEP:0.5684931506849316	IGKEEAGG:0.4041095890410959	LQFTVVPE:0.21232876712328766	IVATSPQE:0.4726027397260274	AIEIGKEE:0.2945205479452055	PVVASDVG:0.3972602739726027	HGDPAIEI:0.3150684931506849	VCVVPSHY:0.5068493150684932	PAIEIGKE:0.2945205479452055	AGGQNVYV:0.6643835616438356	YWLSSWVG:0.4178082191780822	LVHTNYWL:0.2945205479452055	SDVGGLQF:0.3835616438356164	IEAMASGT:0.2602739726027397	LVAIEAMA:0.6575342465753424	FGLVAIEA:0.6575342465753424	VHGDPAIE:0.3150684931506849	GGQNVYVR:0.6712328767123288	DPAIEIGK:0.2945205479452055	EAMASGTP:0.3013698630136986	ASGTPVVA:0.2054794520547945	VPSHYEPF:0.5753424657534246	GKEEAGGQ:0.4178082191780822	PNCRTIRL:0.2602739726027397	HTNYWLSS:0.3904109589041096	DVCVVPSH:0.4931506849315068	VHTNYWLS:0.3356164383561644	AMASGTPV:0.2945205479452055	YEPFGLVA:0.684931506849315	IEIGKEEA:0.3013698630136986	PSHYEPFG:0.636986301369863	IALISVHG:0.4315068493150685	VASDVGGL:0.3904109589041096	IIPCGTDI:0.3287671232876712	HYEPFGLV:0.6301369863013698	VLYVGRFD:0.4520547945205479	EEAGGQNV:0.6232876712328768	MASGTPVV:0.22602739726027396	VAIEAMAS:0.4246575342465753	KQVHTYHS:0.23972602739726026	IETLVRAV:0.3561643835616438	GGLQFTVV:0.4178082191780822	CVVPSHYE:0.547945205479452	ASDVGGLQ:0.410958904109589	EPFGLVAI:0.6575342465753424	NYWLSSWV:0.410958904109589	WLSSWVGM:0.4041095890410959	ISVHGDPA:0.4452054794520548	ALISVHGD:0.5068493150684932	VVASDVGG:0.3904109589041096	SHYEPFGL:0.636986301369863	SVHGDPAI:0.3356164383561644	GDPAIEIG:0.3356164383561644	VGGLQFTV:0.4657534246575342	GLQFTVVP:0.2191780821917808	TNYWLSSW:0.3904109589041096	LISVHGDP:0.5136986301369864	KEEAGGQN:0.4178082191780822	RIALISVH:0.273972602739726	HSLGAVKY:0.5	YAAADVCV:0.4657534246575342	AADVCVVP:0.5	VVLYVGRF:0.2602739726027397	TYHSLGAV:0.5	ADVCVVPS:0.5	YYAAADVC:0.4657534246575342	KVVLYVGR:0.22602739726027396	AAADVCVV:0.4520547945205479	HTYHSLGA:0.5753424657534246	YHSLGAVK:0.5	VHTYHSLG:0.4520547945205479	GRFDPRKG:0.3561643835616438	DPRKGIET:0.3356164383561644	VGRFDPRK:0.3424657534246575	IHTNYWLS:0.273972602739726	PRKGIETL:0.2671232876712329	WQVDMFTR:0.363013698630137	VYVRQVGE:0.2534246575342466	FDPRKGIE:0.3424657534246575	YVRQVGEA:0.2328767123287671	LGWQVDMF:0.273972602739726	RFDPRKGI:0.3356164383561644	YVGRFDPR:0.3356164383561644	VATSPQEQ:0.2945205479452055	GQNVYVRQ:0.3493150684931507	VRQVGEAL:0.2328767123287671	NVYVRQVG:0.3424657534246575	QNVYVRQV:0.3424657534246575	LYVGRFDP:0.2945205479452055	GWQVDMFT:0.363013698630137	LIHTNYWL:0.2465753424657534	RTIRLTAG:0.2465753424657534	TAERIVAT:0.2054794520547945	DIIPCGTD:0.2945205479452055	AERIVATS:0.2191780821917808	LETAERIV:0.2054794520547945	ETAERIVA:0.2054794520547945	IDIIPCGT:0.2876712328767123	RIVATSPQ:0.3013698630136986	QVHTYHSL:0.3835616438356164	TIRLTAGP:0.2465753424657534	ERIVATSP:0.2328767123287671	CRTIRLTA:0.2465753424657534	SSWVGMQL:0.2054794520547945	LSSWVGMQ:0.21232876712328766	HMRSLVST:0.2054794520547945	
