cluster number:1950
GT4:9	GT4:9
PVVLSPIC:0.2222222222222222	QAPGGGEN:0.2222222222222222	EADQLARL:0.2222222222222222	RLLHLFGM:0.2222222222222222	VVLSPICW:0.3333333333333333	PGLAALEA:0.4444444444444444	GGENQLVQ:0.3333333333333333	LEAALAGA:0.2222222222222222	TPGLAALE:0.4444444444444444	FGMSREGL:0.3333333333333333	AAARVFAL:0.3333333333333333	WFETPGLA:0.3333333333333333	TAEVYEQV:0.2222222222222222	HAPSFAFQ:0.2222222222222222	ALAGAAVV:0.2222222222222222	VGRIEPRK:0.6666666666666666	LFVGRIEP:0.2222222222222222	AFQAPGGG:0.3333333333333333	SREGLELA:0.4444444444444444	SRSQGPFP:0.2222222222222222	ADQLARLF:0.2222222222222222	GGGENQLV:0.3333333333333333	LHAPSFAF:0.2222222222222222	EAALAGAA:0.2222222222222222	WLASRSQG:0.2222222222222222	RREGGDRV:0.2222222222222222	SWFETPGL:0.4444444444444444	REGLELAR:0.3333333333333333	RGVPVVLS:0.2222222222222222	ALEAALAG:0.3333333333333333	GENQLVQT:0.3333333333333333	FALCSWFE:0.2222222222222222	LASRSQGP:0.2222222222222222	DVPVRLFS:0.2222222222222222	ARVFALCS:0.2222222222222222	ETPGLAAL:0.4444444444444444	LLHLFGMS:0.2222222222222222	FQAPGGGE:0.3333333333333333	ALCSWFET:0.2222222222222222	CRREGGDR:0.2222222222222222	SPICWYEP:0.4444444444444444	AARVFALC:0.2222222222222222	GLAALEAA:0.3333333333333333	HLFGMSRE:0.3333333333333333	YAAARVFA:0.3333333333333333	QLARLFGV:0.2222222222222222	AEVYEQVA:0.2222222222222222	LFGMSREG:0.3333333333333333	EPRKNPLG:0.3333333333333333	ASRSQGPF:0.2222222222222222	GDRVVWLE:0.2222222222222222	GVPVVLSP:0.2222222222222222	AALEAALA:0.2222222222222222	AALAGAAV:0.2222222222222222	RVFALCSW:0.2222222222222222	ENQLVQTG:0.3333333333333333	EGGDRVVW:0.2222222222222222	DQLARLFG:0.2222222222222222	REGGDRVV:0.2222222222222222	LSPICWYE:0.3333333333333333	PGGGENQL:0.3333333333333333	VFALCSWF:0.2222222222222222	CSWFETPG:0.2222222222222222	VLSPICWY:0.3333333333333333	LHLFGMSR:0.3333333333333333	APGGGENQ:0.2222222222222222	NQLVQTGR:0.2222222222222222	IEPRKNPL:0.3333333333333333	RIEPRKNP:0.3333333333333333	LCSWFETP:0.2222222222222222	FETPGLAA:0.3333333333333333	GMSREGLE:0.3333333333333333	GRIEPRKN:0.7777777777777778	LAALEAAL:0.2222222222222222	ARLLHLFG:0.2222222222222222	VPVVLSPI:0.2222222222222222	GGDRVVWL:0.2222222222222222	FVGRIEPR:0.2222222222222222	MSREGLEL:0.3333333333333333	SAYAAARV:0.2222222222222222	PICWYEPR:0.3333333333333333	ALPSWFET:0.2222222222222222	SAFQAPGG:0.2222222222222222	LPSWFETP:0.2222222222222222	AYAAARVF:0.2222222222222222	ICWYEPRA:0.2222222222222222	PSWFETPG:0.2222222222222222	PRKNPLGL:0.2222222222222222	FILFVGRI:0.2222222222222222	NPLGLIRA:0.2222222222222222	AGAAVVVT:0.2222222222222222	GAAVVVTP:0.2222222222222222	ILFVGRIE:0.2222222222222222	KNPLGLIR:0.2222222222222222	DFILFVGR:0.2222222222222222	RKNPLGLI:0.2222222222222222	IEPRKNQL:0.2222222222222222	RIEPRKNQ:0.2222222222222222	CVGRIEPR:0.2222222222222222	
