cluster number:1647
GT4:62	GT4:62
GEGFGIVY:0.3870967741935484	NLCDVFAM:0.46774193548387094	PSKGEGFG:0.41935483870967744	CDVFAMPS:0.5161290322580645	FGIVYLEA:0.6290322580645161	GFGIVYLE:0.6935483870967742	KGEGFGIV:0.41935483870967744	MPSKGEGF:0.3709677419354839	DGAIDALC:0.25806451612903225	EGFGIVYL:0.6935483870967742	NQDGAIDA:0.20967741935483872	YNLCDVFA:0.5161290322580645	VFAMPSKG:0.25806451612903225	LCDVFAMP:0.5	FKGGIQVY:0.3548387096774194	GNQDGAID:0.20967741935483872	SKGEGFGI:0.41935483870967744	AMPSKGEG:0.3548387096774194	DVFAMPSK:0.46774193548387094	FAMPSKGE:0.3548387096774194	QDGAIDAL:0.22580645161290322	EALACGKP:0.5	IVYLEALA:0.5483870967741935	CGKPTLGG:0.20967741935483872	GIVYLEAL:0.5806451612903226	LEALACGK:0.5483870967741935	LACGKPTL:0.20967741935483872	YLEALACG:0.5161290322580645	ACGKPTLG:0.20967741935483872	VYLEALAC:0.5161290322580645	DYYNLCDV:0.3387096774193548	YYNLCDVF:0.3387096774193548	GKPVLAGN:0.24193548387096775	LCDYYNLC:0.3064516129032258	KGGIQVYS:0.3064516129032258	CDYYNLCD:0.3064516129032258	CGKPVLAG:0.25806451612903225	LGGNQDGA:0.20967741935483872	LACGKPVL:0.24193548387096775	ACGKPVLA:0.20967741935483872	VILTVARL:0.20967741935483872	ALACGKPV:0.25806451612903225	CVTLAGFV:0.22580645161290322	TLAGFVPD:0.22580645161290322	VTLAGFVP:0.22580645161290322	
