cluster number:1637
GT4:15	GT4:15
LKMGGAEH:0.2	SDVPALLN:0.2	WQPDVIHA:0.26666666666666666	IEGLPMVL:0.26666666666666666	LLGPRSDV:0.2	GLKMGGAE:0.26666666666666666	ILLVTTGL:0.26666666666666666	LNAADTFV:0.2	VPALLNAA:0.4	IDAVAQRW:0.2	AHSFREGG:0.26666666666666666	LGPRSDVP:0.26666666666666666	DVPALLNA:0.4	LLLRAFAQ:0.2	MVLVEALA:0.26666666666666666	LRAFAQID:0.2	LIAGGGPL:0.2	ALLNAADT:0.2	RSDVPALL:0.26666666666666666	MARALWQA:0.2	LPMVLVEA:0.26666666666666666	NAADTFVL:0.2	IHAHMIHA:0.2	GRLVPEKA:0.4666666666666667	NVGRLVPE:0.4666666666666667	TAHSFREG:0.26666666666666666	HMIHANVF:0.2	EGLPMVLV:0.26666666666666666	LNVGRLVP:0.4666666666666667	SIDAVAQR:0.2	GAEHQVVA:0.2	EALACGCP:0.3333333333333333	PMVLVEAL:0.26666666666666666	VIHAHMIH:0.3333333333333333	AGTRLALN:0.2	LLVTTGLK:0.26666666666666666	VVATDAPG:0.2	LLNAADTF:0.2	TGLKMGGA:0.26666666666666666	ARALWQAR:0.2	YRLTDRWS:0.2	ARFSIDAV:0.2	TRLALNVG:0.2	PDVIHAHM:0.6	HAHMIHAN:0.2	RFSIDAVA:0.2	VTTGLKMG:0.2	TTGLKMGG:0.2	CGCPVVAT:0.3333333333333333	RILLVTTG:0.26666666666666666	AADTFVLS:0.2	SRVTLLGP:0.2	PRSDVPAL:0.26666666666666666	GTRLALNV:0.2	LACGCPVV:0.3333333333333333	LVTTGLKM:0.2	GPRSDVPA:0.26666666666666666	DAVAQRWL:0.2	AEHQVVAL:0.2	GGAEHQVV:0.2	LALNVGRL:0.2	VATDAPGV:0.2	ALNVGRLV:0.2	HLLIAGGG:0.2	DVIHAHMI:0.3333333333333333	MGGAEHQV:0.2	GLPMVLVE:0.26666666666666666	LLRAFAQI:0.2	QPDVIHAH:0.26666666666666666	RLVPEKAQ:0.4	RLALNVGR:0.2	GMARALWQ:0.2	VTLLGPRS:0.2	LLIAGGGP:0.2	FSIDAVAQ:0.2	AHMIHANV:0.2	GCPVVATD:0.4666666666666667	VGRLVPEK:0.6666666666666666	ALACGCPV:0.3333333333333333	PVVATDAP:0.2	ACGCPVVA:0.3333333333333333	MRILLVTT:0.26666666666666666	TLLGPRSD:0.2	CPVVATDA:0.4666666666666667	ADTFVLSS:0.2	KMGGAEHQ:0.2	PALLNAAD:0.6666666666666666	RVTLLGPR:0.2	PMRILLVT:0.2	CTAHSFRE:0.2	REGGRLRM:0.26666666666666666	APMRILLV:0.2	LASGCPVV:0.2	EALASGCP:0.2	RPDVIHAH:0.4	AYRLTDRW:0.5333333333333333	ALASGCPV:0.2	WRPDVIHA:0.4	DQGTIVPR:0.2	PVICTAHS:0.2	PPVICTAH:0.2	RILLLTTG:0.2	ALLNAADV:0.2	AHMVHANL:0.3333333333333333	DIPALLNA:0.26666666666666666	HAVAVVSL:0.2	IPALLNAA:0.26666666666666666	LAYRLTDR:0.4	PVVATDAA:0.2	AEQQVAAL:0.26666666666666666	GAEQQVAA:0.26666666666666666	VIHAHMVH:0.26666666666666666	VATDAAGV:0.2	YRLTDRWA:0.3333333333333333	RMLAYRLT:0.4666666666666667	AHSAREGG:0.3333333333333333	MRILLLTT:0.2	HAHMVHAN:0.3333333333333333	ATDAAGVA:0.2	QQVAALAR:0.26666666666666666	EQQVAALA:0.26666666666666666	LGGAEQQV:0.2	ILLLTTGL:0.2	HMVHANLF:0.26666666666666666	VVATDAAG:0.26666666666666666	DVIHAHMV:0.26666666666666666	IHAHMVHA:0.26666666666666666	GHAVAVVS:0.2	AVAVVSLT:0.2	MLAYRLTD:0.4666666666666667	LLNAADVF:0.2	GGAEQQVA:0.3333333333333333	GLKLGGAE:0.26666666666666666	TGLKLGGA:0.26666666666666666	AADLFVLS:0.26666666666666666	LRMLAYRL:0.26666666666666666	LNAADLFV:0.3333333333333333	KLGGAEQQ:0.26666666666666666	ADLFVLSS:0.26666666666666666	ALLNAADL:0.3333333333333333	QVAALARQ:0.2	LKLGGAEQ:0.26666666666666666	NAADLFVL:0.3333333333333333	TTGLKLGG:0.26666666666666666	LLNAADLF:0.3333333333333333	THVSEAGR:0.2	AEQQIAAL:0.2	GAEQQIAA:0.2	LTTHVSEA:0.2	CSAHSARE:0.2	SAHSAREG:0.2	TTHVSEAG:0.2	GGAEQQIA:0.2	EQQIAALA:0.2	SAREGGRL:0.2	EGMPLAVG:0.2	LVLNVGRL:0.2	PLAVGEAL:0.2	HSAREGGR:0.2	MIAGDGPL:0.2	GMPLAVGE:0.2	ADVFVLSS:0.2	LAVGEALA:0.2	VMPNGIDT:0.26666666666666666	MPLAVGEA:0.2	LMIAGDGP:0.2	VLNVGRLV:0.2	AREGGRLR:0.2	IAGDGPLR:0.2	AADVFVLS:0.2	IVMPNGID:0.2	
