cluster number:1239
GT4:116	GT4:116
SYREGLPK:0.6293103448275862	VTTDVPGC:0.6896551724137931	PSYREGLP:0.7413793103448276	LIRGSGVD:0.21551724137931033	LPSYREGL:0.7844827586206896	IRGSGVDL:0.3793103448275862	RLLRDKGV:0.4396551724137931	TTDVPGCR:0.7413793103448276	VHVATMDG:0.29310344827586204	AAACGRAV:0.49137931034482757	MVAAISGL:0.27586206896551724	FVVNNPAF:0.31896551724137934	EAAACGRA:0.5431034482758621	IAVLPSYR:0.2413793103448276	VLYGGIAA:0.4482758620689655	AVLPSYRE:0.35344827586206895	VAAISGLG:0.33620689655172414	IKPVLYGG:0.46551724137931033	DVPGCRDA:0.6637931034482759	YGGIAARL:0.4827586206896552	ACGRAVVT:0.49137931034482757	PVLYGGIA:0.4396551724137931	LYGGIAAR:0.5086206896551724	VLPSYREG:0.6551724137931034	ARLLRDKG:0.4051724137931034	LLFVVNNP:0.25	REGLPKSL:0.4224137931034483	GIAARLAG:0.25862068965517243	VPGCRDAI:0.6724137931034483	LVTIKPVL:0.3620689655172414	GGIAARLA:0.4224137931034483	AARLAGVP:0.22413793103448276	LFVVNNPA:0.2413793103448276	KPVLYGGI:0.4482758620689655	RALAEREF:0.20689655172413793	AVVTTDVP:0.5344827586206896	VVTTDVPG:0.5775862068965517	AAISGLGF:0.25	RAVVTTDV:0.5344827586206896	GRAVVTTD:0.49137931034482757	IAARLAGV:0.25	RLLFVVNN:0.23275862068965517	HLVTIKPV:0.4482758620689655	AACGRAVV:0.4482758620689655	NSRVIFQN:0.2413793103448276	VHLVTIKP:0.3793103448275862	HIAVLPSY:0.23275862068965517	YREGLPKS:0.41379310344827586	CGRAVVTT:0.49137931034482757	VVNNPAFF:0.3275862068965517	VTIKPVLY:0.4051724137931034	HVATMDGP:0.27586206896551724	TIKPVLYG:0.43103448275862066	TDVPGCRD:0.7068965517241379	NPAFFLSH:0.21551724137931033	PAFFLSHR:0.22413793103448276	PGCRDAIE:0.2672413793103448	DKGVREFV:0.21551724137931033	FFLSHRLP:0.23275862068965517	NNPAFFLS:0.21551724137931033	VNNPAFFL:0.21551724137931033	VVLPSYRE:0.22413793103448276	GAAGRALA:0.23275862068965517	AAGRALAE:0.23275862068965517	AGRALAER:0.25	MGAAGRAL:0.23275862068965517	AISGLGFV:0.25	RLFRRLRP:0.20689655172413793	LYRLALGH:0.23275862068965517	IPMTRSGK:0.21551724137931033	ISGLGFVF:0.2672413793103448	GLLVPVRD:0.22413793103448276	LIEAAACG:0.27586206896551724	IEAAACGR:0.2672413793103448	KSLIEAAA:0.2413793103448276	EGLPKSLI:0.20689655172413793	TGLLVPVR:0.22413793103448276	LPKSLIEA:0.20689655172413793	GLPKSLIE:0.20689655172413793	PKSLIEAA:0.20689655172413793	SLIEAAAC:0.25	
