cluster number:1738
GT4:6	GT4:6
YERAYNSL:0.3333333333333333	EAASIIRS:0.3333333333333333	GGGWTDIA:0.5	VPRRRILE:0.3333333333333333	SSIGGDRG:0.3333333333333333	DGGGWTDI:0.5	PEAEFYLV:0.3333333333333333	GWTDIASR:0.5	AKGFSYER:0.3333333333333333	VNVEELSS:0.3333333333333333	EHFGVAIA:0.3333333333333333	EAEFYLVG:0.3333333333333333	AEHFGVAI:0.3333333333333333	DRGRIVLT:0.3333333333333333	GRIVLTVS:0.3333333333333333	VPEAEFYL:0.3333333333333333	LSSIGGDR:0.3333333333333333	AEAAAAGL:0.5	IASRVDQG:0.5	YLHPPFAE:0.8333333333333334	RRRILELM:0.3333333333333333	RDGGGWTD:0.6666666666666666	FGVAIAEA:0.3333333333333333	EHQHRLRL:0.3333333333333333	AAAGLVPV:0.5	YNSLVIWM:0.3333333333333333	AEFYLVGS:0.3333333333333333	IAEAAAAG:0.5	QGLGYTSV:0.3333333333333333	GGDRGRIV:0.3333333333333333	VIWMARAL:0.3333333333333333	PRRRILEL:0.3333333333333333	LVPVVYRD:0.5	NFHLETDV:0.5	GFSYERFK:0.3333333333333333	EVAKGFSY:0.5	AYNSLVIW:0.3333333333333333	HQHRLRLY:0.3333333333333333	ASIYLHPP:0.5	AGLVPVVY:0.5	LYERAYNS:0.3333333333333333	HRLRLYER:0.3333333333333333	SIYLHPPF:0.5	SLVIWMAR:0.3333333333333333	LGYTSVEE:0.3333333333333333	ERAYNSLV:0.3333333333333333	PFAEHFGV:0.3333333333333333	RALKDLGH:0.3333333333333333	LETDVPRR:0.3333333333333333	GLGYTSVE:0.3333333333333333	LHPPFAEH:0.8333333333333334	GGWTDIAS:0.5	WTDIASRV:0.5	IGGDRGRI:0.3333333333333333	TDIASRVD:0.5	DQGLGYTS:0.3333333333333333	VHPPVNVE:0.3333333333333333	MSQASIYL:0.5	PPVNVEEL:0.5	YRDGGGWT:0.6666666666666666	VDQGLGYT:0.3333333333333333	RLRLYERA:0.3333333333333333	RGRIVLTV:0.3333333333333333	NSLVIWMA:0.3333333333333333	DIASRVDQ:0.5	QASIYLHP:0.5	GLVPVVYR:0.5	YTSVEEAA:0.3333333333333333	HPPFAEHF:0.8333333333333334	ILELMSQA:0.3333333333333333	RLYERAYN:0.3333333333333333	ELMSQASI:0.5	LVPEAEFY:0.3333333333333333	LEHQHRLR:0.3333333333333333	NVEELSSI:0.3333333333333333	KGFSYERF:0.3333333333333333	EAAAAGLV:0.5	LVIWMARA:0.3333333333333333	RVDQGLGY:0.5	VPVVYRDG:0.6666666666666666	HFGVAIAE:0.3333333333333333	VEELSSIG:0.3333333333333333	RIVLTVSR:0.3333333333333333	EEAASIIR:0.3333333333333333	PPFAEHFG:0.8333333333333334	AAAAGLVP:0.5	GVAIAEAA:0.3333333333333333	PVVYRDGG:0.6666666666666666	SIGGDRGR:0.3333333333333333	AIAEAAAA:0.5	DVPRRRIL:0.3333333333333333	EFYLVGST:0.3333333333333333	PVNVEELS:0.3333333333333333	GDRGRIVL:0.3333333333333333	ETDVPRRR:0.3333333333333333	VAKGFSYE:0.3333333333333333	RRILELMS:0.3333333333333333	AREVAKGF:0.5	REVAKGFS:0.5	RAYNSLVI:0.3333333333333333	LELMSQAS:0.3333333333333333	ELSSIGGD:0.3333333333333333	HLETDVPR:0.5	LRLYERAY:0.3333333333333333	IYLHPPFA:0.8333333333333334	VVYRDGGG:0.6666666666666666	ASRVDQGL:0.5	GYTSVEEA:0.3333333333333333	QHRLRLYE:0.3333333333333333	PVMTNSTW:0.3333333333333333	VAIAEAAA:0.3333333333333333	SRVDQGLG:0.5	FHLETDVP:0.5	LMSQASIY:0.5	SQASIYLH:0.5	TDVPRRRI:0.3333333333333333	HPPVNVEE:0.3333333333333333	RILELMSQ:0.3333333333333333	VYRDGGGW:0.6666666666666666	EELSSIGG:0.3333333333333333	AASIIRSL:0.3333333333333333	AAGLVPVV:0.5	FAEHFGVA:0.3333333333333333	FYLVGSTS:0.3333333333333333	TRPVMTNS:0.3333333333333333	STSVYSGP:0.3333333333333333	VGSTSVYS:0.3333333333333333	GSTSVYSG:0.3333333333333333	LVGSTSVY:0.3333333333333333	RAREVAKG:0.3333333333333333	YLVGSTSV:0.3333333333333333	EAGGGERL:0.3333333333333333	FAEHFGIA:0.3333333333333333	AEHFGIAI:0.3333333333333333	EEAGGGER:0.3333333333333333	HFGIAIAE:0.3333333333333333	PFAEHFGI:0.5	EHFGIAIA:0.3333333333333333	AGGGERLA:0.3333333333333333	VSRFSPEK:0.3333333333333333	TVSRFSPE:0.3333333333333333	KIYLHPPF:0.3333333333333333	FSPEKGLD:0.3333333333333333	RFSPEKGL:0.3333333333333333	SRFSPEKG:0.3333333333333333	
