cluster number:1185
GT4:12	GT4:12
PPVSPVTP:0.25	VADTGIGL:0.25	GLLLVGPR:0.25	SGVTWDGV:0.25	DPPVSPVT:0.25	DVLWVDPP:0.25	LKTLEYLA:0.5833333333333334	ADTGIGLL:0.25	FPLKTLEY:0.75	RASFPLKT:0.5833333333333334	SFPLKTLE:0.75	KTLEYLAA:0.5	TLEYLAAG:0.5	FNRASFPL:0.5833333333333334	LEAVADTG:0.25	LWVDPPVS:0.25	TGIGLLLV:0.25	GIGLLLVG:0.25	VDPPVSPV:0.25	AVADTGIG:0.25	VLYGTDDW:0.25	DTGIGLLL:0.25	TWPLVRAQ:0.25	ASFPLKTL:0.5833333333333334	LYGTDDWV:0.25	WVDPPVSP:0.25	IGLLLVGP:0.25	EAVADTGI:0.25	NRASFPLK:0.5833333333333334	VLWVDPPV:0.3333333333333333	PLKTLEYL:0.75	VVSTDLPA:0.25	AGLPVVST:0.3333333333333333	PVVSTDLP:0.25	LPVVSTDL:0.3333333333333333	LAAGLPVV:0.3333333333333333	YLAAGLPV:0.3333333333333333	AAGLPVVS:0.3333333333333333	GLPVVSTD:0.3333333333333333	TDDWVAGA:0.3333333333333333	VGITPYAD:0.25	EYLAAGLP:0.3333333333333333	LEYLAAGL:0.3333333333333333	AGVPVVAT:0.25	SSFPLKTL:0.25	LAAGVPVV:0.25	YLAAGVPV:0.25	AAGVPVVA:0.25	GQLNERLD:0.5	ALVGQLNE:0.25	AALVGQLN:0.25	LVGQLNER:0.3333333333333333	VGQLNERL:0.3333333333333333	
