cluster number:25
GT4:189	GT4:189
SVKGQGVG:0.21693121693121692	GTPVLLRD:0.2857142857142857	YVHFLPET:0.5502645502645502	QFIWAGGF:0.3915343915343915	PMSVLEAF:0.6296296296296297	RGRKIGYV:0.4708994708994709	MSVLEAFS:0.5714285714285714	WAGGFSFG:0.783068783068783	VHFLPETL:0.42328042328042326	IWAGGFSF:0.6031746031746031	RMDHIVVV:0.21693121693121692	PETLEGSL:0.20634920634920634	TYIPNFVS:0.32275132275132273	GRKIGYVH:0.6084656084656085	IGYVHFLP:0.7142857142857143	IVVVNPTF:0.24338624338624337	TPVLLRDL:0.3544973544973545	HFLPETLE:0.35978835978835977	PVLLRDLD:0.328042328042328	VVVNPTFI:0.31216931216931215	KIGYVHFL:0.6984126984126984	FPMSVLEA:0.6402116402116402	FIWAGGFS:0.6031746031746031	ELFPMSVL:0.6772486772486772	RKIGYVHF:0.6031746031746031	NELFPMSV:0.37037037037037035	GYVHFLPE:0.5502645502645502	LPETLEGS:0.3544973544973545	LFPMSVLE:0.6772486772486772	ADSVKGQG:0.20105820105820105	AGGFSFGR:0.30158730158730157	VKGQGVGS:0.4021164021164021	DHIVVVNP:0.21693121693121692	GQGVGSAY:0.6825396825396826	FLPETLEG:0.3544973544973545	DSVKGQGV:0.20105820105820105	VLLRDLDL:0.32275132275132273	VTYIPNFV:0.36507936507936506	ADLFLLPS:0.5873015873015873	KGQGVGSA:0.4126984126984127	LADLFLLP:0.20105820105820105	LLRDLDLY:0.32275132275132273	MDHIVVVN:0.21693121693121692	SFGKITDG:0.23809523809523808	DELFPMSV:0.24338624338624337	AGGFSFGK:0.30687830687830686	IVVVNPIF:0.20634920634920634	FSFGKITD:0.23809523809523808	SDLTHYHT:0.20634920634920634	GFSFGKIT:0.25925925925925924	VNPIFIDK:0.20634920634920634	NPIFIDKL:0.20634920634920634	FGKITDGY:0.23809523809523808	VVNPIFID:0.20634920634920634	SVLEAFSC:0.48677248677248675	VVVNPIFI:0.20634920634920634	GGFSFGKI:0.25925925925925924	SYNELFPM:0.5026455026455027	MLRDLDLY:0.2962962962962963	LFLLPSYN:0.455026455026455	FLLPSYNE:0.49206349206349204	PSYNELFP:0.5026455026455027	LRDLDLYK:0.2698412698412698	DLFLLPSY:0.4708994708994709	LLPSYNEL:0.48677248677248675	LPSYNELF:0.49206349206349204	LEAFSCGT:0.3544973544973545	CGTPVLLR:0.2698412698412698	THYHTINP:0.21164021164021163	FSCGTPVL:0.24338624338624337	YIPNFVSK:0.24867724867724866	GQVQERKG:0.328042328042328	LTHYHTIN:0.20634920634920634	DQIVVVNP:0.25925925925925924	DLTHYHTI:0.20634920634920634	EAFSCGTP:0.3544973544973545	KRMDQIVV:0.2328042328042328	MDQIVVVN:0.25925925925925924	HYHTINPT:0.20634920634920634	FYKRMDQI:0.2328042328042328	SCGTPVLL:0.24338624338624337	VLEAFSCG:0.42857142857142855	AFSCGTPV:0.3492063492063492	YKRMDQIV:0.2328042328042328	RMDQIVVV:0.25925925925925924	STFSKKRG:0.2222222222222222	GGFSFGRI:0.20105820105820105	DISHYHTI:0.24338624338624337	ISHYHTID:0.26455026455026454	GFSFGRIT:0.20105820105820105	KVAGQGVG:0.20105820105820105	SHYHTIDP:0.30158730158730157	ITYIPNFV:0.24338624338624337	QVQERKGV:0.20105820105820105	YNELFPMS:0.3439153439153439	
