cluster number:529
GT4:22	GT4:22
PLEAMACG:0.7727272727272727	PSRYEGFG:0.36363636363636365	VPYFAPPL:0.22727272727272727	GFGLPPLE:0.8181818181818182	PPLEAMAC:0.8181818181818182	FWSQPTVG:0.22727272727272727	FGLPPLEA:0.8181818181818182	LPPLEAMA:0.8636363636363636	GLPPLEAM:0.8181818181818182	EGFGLPPL:0.8181818181818182	SRYEGFGL:0.5	RYEGFGLP:0.5	YEGFGLPP:0.7272727272727273	VVASAVGA:0.22727272727272727	PERFVLQV:0.2727272727272727	AVVASAVG:0.22727272727272727	AMACGAAV:0.22727272727272727	HSLDVDLP:0.3181818181818182	RFVLQVGT:0.36363636363636365	DLFHSLDV:0.3181818181818182	LEAMACGA:0.5454545454545454	GSTGPDAP:0.22727272727272727	ERFVLQVG:0.3181818181818182	FHSLDVDL:0.3181818181818182	AVVTPLAP:0.22727272727272727	STWTRTAE:0.3181818181818182	LFHSLDVD:0.3181818181818182	EPRKDVAL:0.3181818181818182	VVTPLAPA:0.2727272727272727	VALVAEAC:0.22727272727272727	RKDVALVA:0.3181818181818182	LPERFVLQ:0.2727272727272727	EAMACGAA:0.22727272727272727	PRKDVALV:0.3181818181818182	YPSRYEGF:0.2727272727272727	EAMACGAP:0.3181818181818182	AMACGAPV:0.3181818181818182	
