cluster number:1942
GT4:33	GT4:33
NVEAMASG:0.5757575757575758	EAFGLVNV:0.42424242424242425	GRVIPRKG:0.30303030303030304	FLHSLTFV:0.3333333333333333	AFGLVNVE:0.42424242424242425	RVIPRKGV:0.30303030303030304	LVNVEAMA:0.7878787878787878	HEAFGLVN:0.36363636363636365	LHSLTFVP:0.42424242424242425	ADCFVCPS:0.2727272727272727	VNVEAMAS:0.6060606060606061	DCFVCPSQ:0.30303030303030304	FVGRVIPR:0.30303030303030304	VGRVIPRK:0.30303030303030304	FGLVNVEA:0.8181818181818182	VIPRKGVP:0.30303030303030304	TVLFVGRV:0.2727272727272727	LFVGRVIP:0.30303030303030304	FTVLFVGR:0.3939393939393939	SGSVEICI:0.21212121212121213	GLVNVEAM:0.8181818181818182	VLFVGRVI:0.2727272727272727	APEQIPVP:0.21212121212121213	NGGIREII:0.42424242424242425	PVIASNNG:0.21212121212121213	CIIAPEQF:0.24242424242424243	EAMASGLP:0.48484848484848486	IIAPEQFP:0.24242424242424243	ASGLPVIA:0.45454545454545453	PEQFPVPG:0.21212121212121213	LGADLSRF:0.42424242424242425	NNGGIREI:0.21212121212121213	ESFGLVNV:0.3939393939393939	GSVEICIW:0.3939393939393939	SGHNGYLV:0.21212121212121213	IASNNGGI:0.21212121212121213	HESFGLVN:0.3939393939393939	SGLPVIAS:0.45454545454545453	LPVIASNN:0.21212121212121213	VIASNNGG:0.21212121212121213	SVEICIWA:0.24242424242424243	VEAMASGL:0.45454545454545453	GLPVIASN:0.24242424242424243	SFGLVNVE:0.3939393939393939	IAPEQFPV:0.21212121212121213	PLGADLSR:0.30303030303030304	MASGLPVI:0.45454545454545453	IPRKGVPV:0.24242424242424243	AMASGLPV:0.48484848484848486	SNNGGIRE:0.21212121212121213	ICIIAPEQ:0.24242424242424243	ASNNGGIR:0.21212121212121213	APEQFPVP:0.21212121212121213	PRKGVPVL:0.24242424242424243	HKVTIVSR:0.21212121212121213	PGDGSVEI:0.30303030303030304	GVPVLIRA:0.21212121212121213	KGVPVLIR:0.21212121212121213	RKGVPVLI:0.21212121212121213	VCPSQRHE:0.21212121212121213	QRHESFGL:0.24242424242424243	VPGDGSVE:0.21212121212121213	VVLFLHSL:0.24242424242424243	PVPGDGSV:0.21212121212121213	PSQRHESF:0.24242424242424243	VPLGADLS:0.2727272727272727	VVPLGADL:0.30303030303030304	GDGSVEIC:0.30303030303030304	PVVLFLHS:0.24242424242424243	SQRHESFG:0.24242424242424243	LFLHSLTF:0.36363636363636365	CPSQRHES:0.24242424242424243	RHESFGLV:0.24242424242424243	DGSVEICI:0.30303030303030304	LYQAADCF:0.21212121212121213	LIQVDNRP:0.21212121212121213	VLFVGRLI:0.21212121212121213	GRLIPRKG:0.24242424242424243	LFVGRLIP:0.21212121212121213	
