cluster number:1740
GT4:79	GT4:79
ADCFVLSS:0.22784810126582278	CFVLSSNH:0.3037974683544304	NTWHGTPL:0.43037974683544306	LYAPTWRG:0.379746835443038	SSNHEGQP:0.4050632911392405	VLYAPTWR:0.24050632911392406	HGTPLKTL:0.4177215189873418	DILITDYS:0.3670886075949367	NHEGQPMV:0.3924050632911392	GQPMVLLE:0.34177215189873417	TWHGTPLK:0.4430379746835443	VLSSNHEG:0.34177215189873417	LITDYSSI:0.5949367088607594	FVLSSNHE:0.34177215189873417	ILITDYSS:0.3670886075949367	HEGQPMVL:0.4430379746835443	GTPLKTLG:0.4177215189873418	ITDYSSIF:0.3924050632911392	DYSSIFFD:0.43037974683544306	SNHEGQPM:0.45569620253164556	DCFVLSSN:0.31645569620253167	WHGTPLKT:0.4177215189873418	LSSNHEGQ:0.4050632911392405	EGQPMVLL:0.34177215189873417	TDYSSIFF:0.43037974683544306	YLNTWHGT:0.4177215189873418	LNTWHGTP:0.4177215189873418	QRYLNTWH:0.25316455696202533	RYLNTWHG:0.25316455696202533	GQRYLNTW:0.22784810126582278	KTLGLDIK:0.20253164556962025	SSIFFDFL:0.27848101265822783	IDFGGYNK:0.22784810126582278	GGFYNNGI:0.2911392405063291	NDTSFMPY:0.20253164556962025	LKTLGLDI:0.20253164556962025	YSSIFFDF:0.27848101265822783	HKNIQRNL:0.24050632911392406	TPLKTLGL:0.20253164556962025	FYNNGITN:0.21518987341772153	KNIQRNLL:0.25316455696202533	IILYAPTW:0.22784810126582278	YNNGITNS:0.21518987341772153	PLKTLGLD:0.20253164556962025	KIILYAPT:0.22784810126582278	SIFFDFLP:0.27848101265822783	DTSFMPYF:0.20253164556962025	GFYNNGIT:0.2911392405063291	ARLSPEKN:0.20253164556962025	
