cluster number:1703
GT4:11	GT4:11
SGSVARIT:0.2727272727272727	FVGRLEKR:0.45454545454545453	AMAAGKPI:0.2727272727272727	VLAKEQFD:0.2727272727272727	HEPFMIML:0.2727272727272727	IIPNGIDL:0.2727272727272727	YLIDAFKK:0.2727272727272727	FMIMLCSA:0.2727272727272727	SVRLANKI:0.2727272727272727	ANKIKAVL:0.2727272727272727	VRLANKIK:0.2727272727272727	NKIKAVLA:0.2727272727272727	DAFKKVHK:0.2727272727272727	VGRLEKRK:0.45454545454545453	RLANKIKA:0.2727272727272727	GRLEKRKG:0.45454545454545453	NIGTFHAA:0.2727272727272727	EPFMIMLC:0.2727272727272727	LIDAFKKV:0.2727272727272727	AVLAKEQF:0.2727272727272727	LANKIKAV:0.2727272727272727	KAVLAKEQ:0.2727272727272727	EAMAAGKP:0.2727272727272727	LFVGRLEK:0.36363636363636365	AAGKPIVA:0.2727272727272727	PFMIMLCS:0.2727272727272727	LHEPFMIM:0.2727272727272727	HLHEPFMI:0.2727272727272727	IKAVLAKE:0.2727272727272727	MAAGKPIV:0.2727272727272727	KIKAVLAK:0.2727272727272727	IDAFKKVH:0.2727272727272727	FGIVLLEA:0.2727272727272727	RLEKRKGL:0.2727272727272727	ILFVGRLE:0.2727272727272727	ESFGIVLL:0.2727272727272727	TVNIGTFH:0.2727272727272727	GIVLLEAM:0.2727272727272727	IVLLEAMA:0.2727272727272727	SFGIVLLE:0.2727272727272727	
