cluster number:1974
GT4:22	GT4:22
GLPRSIME:0.4090909090909091	AFVTRYAL:0.6363636363636364	QEGLPRSI:0.36363636363636365	YMPGIGVD:0.6363636363636364	FLTLEKLA:0.2727272727272727	IAEFIPRK:0.2727272727272727	IRGIRDLL:0.22727272727272727	DIRGIRDL:0.22727272727272727	GWRVDAMA:0.4090909090909091	MPGIGVDL:0.45454545454545453	AAFVTRYA:0.5909090909090909	FVTRYALK:0.2727272727272727	SEQEGLPR:0.4090909090909091	PRSIMESL:0.22727272727272727	EGLPRSIM:0.4090909090909091	LVSEQEGL:0.22727272727272727	EKLAGRWT:0.22727272727272727	VSEQEGLP:0.22727272727272727	VTRYALKD:0.22727272727272727	LEKLAGRW:0.22727272727272727	LPRSIMES:0.2727272727272727	FLGFRRDI:0.22727272727272727	RYMPGIGV:0.4090909090909091	EFIPRKRH:0.3181818181818182	LAGRWTDY:0.22727272727272727	AGRWTDYL:0.22727272727272727	AEFIPRKR:0.3181818181818182	LTLEKLAG:0.22727272727272727	VAAFVTRY:0.5909090909090909	EQEGLPRS:0.3181818181818182	KLAGRWTD:0.22727272727272727	VHTPVAAF:0.6363636363636364	QVHFLGFR:0.2727272727272727	EWSRNPLD:0.22727272727272727	VEWSRNPL:0.36363636363636365	VHVHTPVA:0.5	HVHTPVAA:0.6363636363636364	WSRNPLDP:0.45454545454545453	YTAHGFHF:0.7272727272727273	IYTAHGFH:0.5909090909090909	TPVAAFVT:0.45454545454545453	VIYTAHGF:0.6818181818181818	HTPVAAFV:0.5	TAHGFHFH:0.3181818181818182	PVAAFVTR:0.45454545454545453	LETPVIGT:0.22727272727272727	IRYMPGIG:0.22727272727272727	GLPRSVME:0.2727272727272727	QEGLPRSV:0.22727272727272727	TAHGFHFY:0.36363636363636365	DIVHVHTP:0.3181818181818182	AHGFHFYR:0.22727272727272727	YDIVHVHT:0.36363636363636365	IRGTRDLL:0.22727272727272727	EGLPRSVM:0.2727272727272727	LPRSVMES:0.22727272727272727	IVHVHTPV:0.3181818181818182	SRNPLDPR:0.22727272727272727	LAFAGDGP:0.22727272727272727	RNPLDPRN:0.22727272727272727	KVIYTAHG:0.36363636363636365	FVTRYALR:0.36363636363636365	
