cluster number:1053
GT4:12	GT4:12
LATRVVAV:0.25	PVVASHVG:0.25	PGKGLVQF:0.25	VVASHVGG:0.25	LPLATRVV:0.25	DGETGLLV:0.3333333333333333	PWVAFVHG:0.3333333333333333	GETGLLVP:0.25	PSLSEGMP:0.3333333333333333	GPGKGLVQ:0.25	LPWVAFVH:0.3333333333333333	VVGRLSPE:0.5	RRMVVIPN:0.25	QSHGYKSH:0.25	RDGETGLL:0.3333333333333333	TGLPWVAF:0.25	ATRVVAVS:0.25	VAFVHGWT:0.3333333333333333	GLPWVAFV:0.25	FVHGWTAE:0.25	VLPSLSEG:0.25	RMVVIPNA:0.25	SLSEGMPN:0.25	RRRMVVIP:0.25	ETGLLVPP:0.25	GLLVPPGD:0.25	AGVVGRLS:0.25	GRLSPEKG:0.5	GVVGRLSP:0.4166666666666667	AFVHGWTA:0.25	LPSLSEGM:0.25	VGRLSPEK:0.5833333333333334	TGLLVPPG:0.25	VAGVVGRL:0.25	VVRDGETG:0.25	GGPGKGLV:0.25	VRDGETGL:0.3333333333333333	RLSPEKGH:0.25	LQSHGYKS:0.25	LGGPGKGL:0.3333333333333333	ARRRMVVI:0.25	VGGVPEVV:0.4166666666666667	WVAFVHGW:0.3333333333333333	VVATRVGG:0.25	ATRVGGVP:0.25	RLSPEKGQ:0.25	VATRVGGV:0.25	TRVGGVPE:0.25	
