cluster number:1397
GT4:26	GT4:26|GT2:6
FPVGTMFW:0.23076923076923078	PVGTMFWA:0.23076923076923078	VPNRGRDI:0.23076923076923078	SSRLDPLP:0.46153846153846156	PNRGRDIG:0.3076923076923077	SRLDPLPN:0.5769230769230769	NRGRDIGP:0.38461538461538464	LPNVAIDA:0.4230769230769231	HDASRTGA:0.23076923076923078	PLPNVAID:0.5	SHDASRTG:0.23076923076923078	DPLPNVAI:0.5	DASRTGAP:0.23076923076923078	PNVAIDAM:0.2692307692307692	RLDPLPNV:0.5769230769230769	LDPLPNVA:0.46153846153846156	LSSRLDPL:0.4230769230769231	KGVDLFIA:0.2692307692307692	RKGVDLFI:0.2692307692307692	SRTGAPIL:0.23076923076923078	ASRTGAPI:0.23076923076923078	
