cluster number:1365
GT4:17	GT4:17
SSVNILNY:0.29411764705882354	ASGKPIIS:0.35294117647058826	SNKLFEYM:0.35294117647058826	LFEYMASG:0.35294117647058826	KPDVILAS:0.29411764705882354	NKLFEYMA:0.35294117647058826	GKPIISTV:0.35294117647058826	PLTMVAGI:0.23529411764705882	ILASSVHP:0.4117647058823529	YYINNGVD:0.29411764705882354	EVRDLWPE:0.4117647058823529	ASSVHPLT:0.5294117647058824	SSNKLFEY:0.35294117647058826	DIQFLIYG:0.29411764705882354	AIRPVNNV:0.29411764705882354	SVHPLTMV:0.23529411764705882	MASGKPII:0.35294117647058826	ICEVRDLW:0.4117647058823529	VHPLTMVA:0.23529411764705882	CEVRDLWP:0.4117647058823529	IRPVNNVG:0.29411764705882354	GAIRPVNN:0.35294117647058826	GNSSNKLF:0.35294117647058826	SGKPIIST:0.35294117647058826	RGNSSNKL:0.35294117647058826	IPFVFVKT:0.23529411764705882	VILASSVH:0.29411764705882354	GGRHYWFA:0.23529411764705882	GKPDVILA:0.23529411764705882	FEYMASGK:0.4117647058823529	SSVHPLTM:0.23529411764705882	PCICEVRD:0.4117647058823529	LASSVHPL:0.4117647058823529	RPVNNVGN:0.29411764705882354	KSSVNILN:0.23529411764705882	NSSNKLFE:0.35294117647058826	ISTVKMGY:0.23529411764705882	WFAENLIK:0.35294117647058826	NILNYSQS:0.23529411764705882	GRHYWFAE:0.35294117647058826	LSKSSVNI:0.23529411764705882	HPLTMVAG:0.23529411764705882	ILSKSSVN:0.23529411764705882	DVILASSV:0.29411764705882354	CICEVRDL:0.4117647058823529	IQFLIYGD:0.35294117647058826	KPIISTVK:0.29411764705882354	QFLIYGDG:0.35294117647058826	KLFEYMAS:0.35294117647058826	SKSSVNIL:0.23529411764705882	EYMASGKP:0.4117647058823529	PIISTVKM:0.23529411764705882	IISTVKMG:0.23529411764705882	YWFAENLI:0.35294117647058826	PDVILASS:0.29411764705882354	SVNILNYS:0.29411764705882354	PVNNVGNI:0.23529411764705882	HYWFAENL:0.35294117647058826	VNILNYSQ:0.23529411764705882	RHYWFAEN:0.35294117647058826	FLIYGDGN:0.35294117647058826	YMASGKPI:0.4117647058823529	YINNGVDL:0.35294117647058826	KCHYINNG:0.23529411764705882	STVKMGYS:0.23529411764705882	YNWSRGNS:0.23529411764705882	SRGNSSNK:0.23529411764705882	WSRGNSSN:0.23529411764705882	NWSRGNSS:0.23529411764705882	LWPESIVA:0.23529411764705882	SSVHPLTL:0.29411764705882354	WPESIVAY:0.23529411764705882	RDLWPESI:0.23529411764705882	DLWPESIV:0.23529411764705882	VRDLWPES:0.29411764705882354	VPCICEVR:0.23529411764705882	AGIKIAKK:0.29411764705882354	ALIFLKEG:0.23529411764705882	RDFWPEVF:0.23529411764705882	LIFLKEGD:0.23529411764705882	DFWPEVFF:0.23529411764705882	
