cluster number:1833
GT4:19	GT4:19
KLFEYLAA:0.3157894736842105	NHRLALPN:0.3157894736842105	LALPNKLF:0.3684210526315789	CLNHRLAL:0.21052631578947367	LPNKLFEY:0.42105263157894735	LNHRLALP:0.21052631578947367	DTCLNHRL:0.21052631578947367	LFEYLAAG:0.3157894736842105	HRLALPNK:0.3157894736842105	RLALPNKL:0.3157894736842105	NKLFEYLA:0.3157894736842105	TCLNHRLA:0.21052631578947367	ALPNKLFE:0.3684210526315789	PNKLFEYL:0.3684210526315789	
