cluster number:1541
GT4:6	GT4:6|2.4.1.-:1
NTSPSGGS:0.3333333333333333	IITKDYVY:0.3333333333333333	YKFVKNIL:0.5	YRFACSDT:0.5	IIKNGIIT:0.3333333333333333	KNILIKNN:0.3333333333333333	ANIYKVPS:0.5	AIMLHKIN:0.3333333333333333	IKNGIITK:0.3333333333333333	HKNSAANI:0.5	IDKTNLQF:0.3333333333333333	DFLMRGDN:0.3333333333333333	WEGLSVSA:0.3333333333333333	QLSDYRFA:0.3333333333333333	KIAIMLHK:0.3333333333333333	VHKNSAAN:0.5	NILIKNNY:0.3333333333333333	LNLTKTID:0.3333333333333333	KFVIGHVG:0.5	TNLQFDFL:0.5	FLGSRNDI:0.3333333333333333	RVLHSELQ:0.5	KINKNKLM:0.3333333333333333	ITKDYVYD:0.3333333333333333	VLVGDGIL:0.3333333333333333	LVLVGDGI:0.3333333333333333	DLFVMPSL:0.3333333333333333	LSDYRFAC:0.5	FVHVHKNS:0.5	FLMRGDNS:0.3333333333333333	EAFLLNLT:0.5	TIDKTNLQ:0.3333333333333333	GHVGAFRE:0.6666666666666666	IRVLHSEL:0.3333333333333333	AFREQKNH:0.6666666666666666	RFACSDTA:0.5	FDLFVMPS:0.3333333333333333	HVGAFREQ:0.6666666666666666	VHVHKNSA:0.5	HNTSPSGG:0.3333333333333333	FVKNILIK:0.5	IEAFLLNL:0.5	SKIAIMLH:0.3333333333333333	KFVKNILI:0.5	AKLIVHSH:0.3333333333333333	NNYDFVHV:0.3333333333333333	TAAAWMFG:0.3333333333333333	QSNIGGIE:0.5	MQLSDYRF:0.3333333333333333	DFVHVHKN:0.5	VKIIKNGI:0.5	QFDFLMRG:0.5	SDTAAAWM:0.3333333333333333	VGAFREQK:0.6666666666666666	SELQSNIG:0.5	LHKINKNK:0.3333333333333333	LQFDFLMR:0.5	VKNILIKN:0.5	ILIKNNYD:0.3333333333333333	FLLNLTKT:0.5	TKTIDKTN:0.3333333333333333	KNGIITKD:0.3333333333333333	YGANIYKV:0.5	NYDFVHVH:0.3333333333333333	HSELQSNI:0.5	LHSELQSN:0.5	IPNAELVL:0.5	LIVHSHNT:0.5	GAFREQKN:0.6666666666666666	LQSNIGGI:0.5	KLMQLSDY:0.3333333333333333	KNSAANIV:0.5	TNAKLIVH:0.3333333333333333	NSAANIVL:0.5	LWEGLSVS:0.3333333333333333	MPSLWEGL:0.5	VLHSELQS:0.5	IVHSHNTS:0.5	LFVMPSLW:0.3333333333333333	NIVLPLMV:0.5	VHSHNTSP:0.5	SHNTSPSG:0.3333333333333333	HKINKNKL:0.3333333333333333	KIIKNGII:0.5	VLPLMVKK:0.5	SDYRFACS:0.5	SLWEGLSV:0.3333333333333333	DKTNLQFD:0.3333333333333333	IAIMLHKI:0.3333333333333333	CSDTAAAW:0.3333333333333333	NIYKVPSG:0.5	NAELVLVG:0.6666666666666666	VIGHVGAF:0.6666666666666666	GANIYKVP:0.5	IYKVPSGI:0.3333333333333333	DYRFACSD:0.5	LVGDGILR:0.3333333333333333	AANIVLPL:0.5	YDFVHVHK:0.5	DTAAAWMF:0.3333333333333333	LMRGDNSY:0.3333333333333333	KFLGSRND:0.3333333333333333	IGHVGAFR:0.6666666666666666	TKDYVYDP:0.3333333333333333	GIEAFLLN:0.5	GGIEAFLL:0.5	SNIGGIEA:0.5	KTNLQFDF:0.5	LIKNNYDF:0.3333333333333333	HVHKNSAA:0.5	FREQKNHK:0.5	NLTKTIDK:0.3333333333333333	IGGIEAFL:0.5	FDFLMRGD:0.3333333333333333	KNNYDFVH:0.3333333333333333	NYYKFVKN:0.5	PNAELVLV:0.6666666666666666	VMPSLWEG:0.3333333333333333	PSLWEGLS:0.3333333333333333	TSPSGGSK:0.3333333333333333	FACSDTAA:0.5	MIRVLHSE:0.3333333333333333	LLNLTKTI:0.5	IKNNYDFV:0.3333333333333333	FVIGHVGA:0.5	HSHNTSPS:0.5	YYKFVKNI:0.5	AELVLVGD:0.3333333333333333	ANIVLPLM:0.5	GSKIAIML:0.3333333333333333	QVKIIKNG:0.5	ELVLVGDG:0.3333333333333333	LMQLSDYR:0.3333333333333333	GIITKDYV:0.3333333333333333	NGIITKDY:0.3333333333333333	KTIDKTNL:0.3333333333333333	FVMPSLWE:0.3333333333333333	NKLMQLSD:0.3333333333333333	LTKTIDKT:0.3333333333333333	NIGGIEAF:0.5	NAKLIVHS:0.3333333333333333	KLIVHSHN:0.5	SAANIVLP:0.5	LGSRNDIN:0.3333333333333333	NLQFDFLM:0.5	IVLPLMVK:0.5	ELQSNIGG:0.5	ACSDTAAA:0.3333333333333333	AFLLNLTK:0.5	DEQVKIIK:0.3333333333333333	GHDYKDEQ:0.3333333333333333	DYGANIYK:0.3333333333333333	DYKDEQVK:0.3333333333333333	KDYGANIY:0.3333333333333333	TLKDYGAN:0.3333333333333333	PLMVKKYT:0.3333333333333333	LMVKKYTN:0.3333333333333333	HDYKDEQV:0.3333333333333333	KDEQVKII:0.3333333333333333	LKDYGANI:0.3333333333333333	EQVKIIKN:0.3333333333333333	REQKNHKF:0.3333333333333333	YKDEQVKI:0.3333333333333333	NIPNAELV:0.3333333333333333	QKNHKFLL:0.5	LPLMVKKY:0.3333333333333333	EQKNHKFL:0.5	WMFGHDYK:0.3333333333333333	MFGHDYKD:0.3333333333333333	FGHDYKDE:0.3333333333333333	
