cluster number:2209
GT4:37	GT4:37|2.4.1.231:3
VIDSYAEF:0.21621621621621623	FDPAKGIP:0.21621621621621623	HNILQGVS:0.24324324324324326	AFFSATPQ:0.32432432432432434	DPQMPGLI:0.35135135135135137	KRVDEQAD:0.21621621621621623	DSMARKCI:0.21621621621621623	QGVSHPDQ:0.21621621621621623	GGGVALMR:0.8108108108108109	DEVGTVGN:0.32432432432432434	HIQIRSDL:0.24324324324324326	VQTDAGFR:0.21621621621621623	GSIDDPDG:0.24324324324324326	LMRHALVR:0.2702702702702703	IDSYAEFR:0.21621621621621623	VSEALHAG:0.24324324324324326	GVALMRHA:0.7567567567567568	YVPKPRPG:0.32432432432432434	GVFRITKN:0.24324324324324326	GGIPLQVK:0.35135135135135137	DEQADSMA:0.21621621621621623	SHIQIRSD:0.21621621621621623	VPKPRPGV:0.2972972972972973	SATPQGGG:0.35135135135135137	NILQGVSH:0.21621621621621623	ADSMARKC:0.21621621621621623	EQADSMAR:0.21621621621621623	PKPRPGVF:0.2972972972972973	LQLSTREG:0.43243243243243246	DSYAEFRR:0.21621621621621623	QLSTREGF:0.5135135135135135	GIPTVIDS:0.21621621621621623	WYVPKPRP:0.32432432432432434	TVIDSYAE:0.21621621621621623	PQMPGLIP:0.35135135135135137	GIPLQVKD:0.2702702702702703	FSATPQGG:0.35135135135135137	SDEVGTVG:0.32432432432432434	PTVIDSYA:0.21621621621621623	FFSATPQG:0.35135135135135137	PQGGGVAL:0.7837837837837838	IQIRSDLV:0.21621621621621623	YLPATTDW:0.21621621621621623	RVDEQADS:0.21621621621621623	PGVFRITK:0.2702702702702703	VALMRHAL:0.6756756756756757	LSTREGFE:0.5135135135135135	DDPQMPGL:0.3783783783783784	PRPGVFRI:0.2702702702702703	TPQGGGVA:0.7837837837837838	ALMRHALV:0.2702702702702703	ILQGVSHP:0.21621621621621623	KPRPGVFR:0.2972972972972973	TWYVPKPR:0.24324324324324326	QGGGVALM:0.7567567567567568	VSDEVGTV:0.32432432432432434	IDDPQMPG:0.35135135135135137	RPGVFRIT:0.2702702702702703	ATPQGGGV:0.3783783783783784	GGVALMRH:0.8108108108108109	RFDPAKGI:0.21621621621621623	ARFDPAKG:0.21621621621621623	IPTVIDSY:0.21621621621621623	LQGVSHPD:0.21621621621621623	KGIPTVID:0.21621621621621623	QADSMARK:0.21621621621621623	GVSHPDQR:0.21621621621621623	KVSEALHA:0.24324324324324326	VDEQADSM:0.21621621621621623	RSHIQIRS:0.21621621621621623	EVGTVGNA:0.32432432432432434	QVARFDPS:0.32432432432432434	FDPSKGIP:0.43243243243243246	TDPLDGLN:0.2702702702702703	VQVARFDP:0.2702702702702703	FEVKVTEA:0.21621621621621623	DPLDGLNK:0.2702702702702703	REGFEVKV:0.5405405405405406	STPQGGGV:0.40540540540540543	KFHNVLQG:0.21621621621621623	ARFDPSKG:0.5945945945945946	RFDPSKGI:0.5945945945945946	GFEVKVTE:0.21621621621621623	EGFEVKVT:0.21621621621621623	VARFDPSK:0.32432432432432434	IARFDPSK:0.2702702702702703	QIARFDPS:0.2702702702702703	AGGIPLQV:0.40540540540540543	TDWLDGLN:0.2972972972972973	TREGFEVK:0.43243243243243246	EVKVSEAL:0.2702702702702703	VKVSEALH:0.2702702702702703	SSTPQGGG:0.2702702702702703	EGFEVKVS:0.43243243243243246	FFSSTPQG:0.2972972972972973	GFEVKVSE:0.43243243243243246	FEVKVSEA:0.43243243243243246	FSSTPQGG:0.2702702702702703	STREGFEV:0.43243243243243246	DWLDGLNK:0.2972972972972973	MPGLIPLI:0.24324324324324326	QMPGLIPL:0.24324324324324326	PGLIPLIK:0.21621621621621623	GHGSVDDP:0.21621621621621623	CGHGSVDD:0.21621621621621623	ICGHGSVD:0.21621621621621623	NHNILQGV:0.2972972972972973	IAFFSATP:0.24324324324324326	HNILQGVA:0.24324324324324326	NNHNILQG:0.21621621621621623	ALQLSTRE:0.24324324324324326	KNNHNILQ:0.21621621621621623	TKNNHNIL:0.21621621621621623	LMRHALIR:0.21621621621621623	ALMRHALI:0.21621621621621623	
