cluster number:1540
GT4:52	GT4:52
TLVMVGSG:0.23076923076923078	RMSYRKGP:0.25	GKATLLTT:0.36538461538461536	GIVILEAM:0.38461538461538464	GSGEMLPF:0.36538461538461536	ATLLTTHS:0.4423076923076923	TLLTTHSI:0.46153846153846156	HAFTPLAL:0.3269230769230769	SDWYYPKI:0.23076923076923078	ASHMHHLA:0.2692307692307692	MADVFVLP:0.25	ADVFVLPS:0.46153846153846156	THSISFAH:0.23076923076923078	AAKAFIEH:0.25	MVGSGEML:0.3076923076923077	MRIALVSD:0.28846153846153844	HSHHAFTP:0.38461538461538464	RIALVSDW:0.28846153846153844	TTHSISFA:0.23076923076923078	GVASHMHH:0.2692307692307692	ALVSDWYY:0.5	TDVGGIPE:0.21153846153846154	VILEAMAS:0.38461538461538464	ATDVGGIP:0.21153846153846154	VVLYVSRM:0.36538461538461536	AVSKAAKA:0.21153846153846154	LVPPGNEL:0.2692307692307692	AKAFIEHF:0.2692307692307692	KAFIEHFT:0.2692307692307692	VLYVSRMS:0.4230769230769231	IAVSKAAK:0.2692307692307692	SGEMLPFL:0.36538461538461536	EAFGIVIL:0.36538461538461536	YYPKIGGV:0.23076923076923078	LVMVGSGE:0.3076923076923077	VSRMSYRK:0.25	FGIVILEA:0.38461538461538464	LTTHSISF:0.4807692307692308	RKGPHVLL:0.36538461538461536	AFGIVILE:0.36538461538461536	VSDWYYPK:0.5	VSKAAKAF:0.21153846153846154	WYYPKIGG:0.23076923076923078	GLLVPPGN:0.25	YVSRMSYR:0.25	TAEAFGIV:0.38461538461538464	PHVLLNAF:0.36538461538461536	LYVSRMSY:0.25	SHHAFTPL:0.38461538461538464	IVILEAMA:0.38461538461538464	HHAFTPLA:0.3269230769230769	VGSGEMLP:0.3269230769230769	AFTPLALK:0.3269230769230769	LLTTHSIS:0.4807692307692308	SGLLVPPG:0.21153846153846154	KATLLTTH:0.4423076923076923	ILEAMASG:0.36538461538461536	SRMSYRKG:0.25	AEAFGIVI:0.28846153846153844	YPKIGGVA:0.23076923076923078	FTPLALKA:0.3269230769230769	DWYYPKIG:0.23076923076923078	KGPHVLLN:0.36538461538461536	VMVGSGEM:0.3076923076923077	LLVPPGNE:0.25	VASHMHHL:0.2692307692307692	LVSDWYYP:0.5	IIAVSKAA:0.34615384615384615	IALVSDWY:0.4230769230769231	GGVASHMH:0.40384615384615385	GPHVLLNA:0.36538461538461536	EMLPFLKA:0.3076923076923077	TTHSISFS:0.23076923076923078	THSISFSH:0.21153846153846154	TPLALKAV:0.21153846153846154	YYPKVGGV:0.28846153846153844	GHEVAIVT:0.23076923076923078	YPKVGGVA:0.28846153846153844	ALKAVKAG:0.25	LKAQAKFL:0.3269230769230769	HSISFSHE:0.21153846153846154	PFLKAQAK:0.2692307692307692	FLKAQAKF:0.2692307692307692	HEVAIVTN:0.23076923076923078	WYYPKVGG:0.28846153846153844	VRVIPNGV:0.21153846153846154	PKVGGVAS:0.2692307692307692	VGGVASHM:0.2692307692307692	SISFSHES:0.21153846153846154	SDWYYPKV:0.28846153846153844	PLALKAVK:0.25	LKAVKAGR:0.38461538461538464	LALKAVKA:0.25	LPFLKAQA:0.28846153846153844	MLPFLKAQ:0.28846153846153844	LGKATLLT:0.25	TGKEEELE:0.23076923076923078	GEMLPFLK:0.3269230769230769	VIPNGVDD:0.25	PVRVIPNG:0.21153846153846154	KVGGVASH:0.2692307692307692	IPNGVDDE:0.23076923076923078	DWYYPKVG:0.28846153846153844	RVIPNGVD:0.21153846153846154	EAMASGVP:0.2692307692307692	KAQAKFLG:0.2692307692307692	DVIHSHHA:0.21153846153846154	AMASGVPV:0.21153846153846154	AQAKFLGI:0.28846153846153844	LEAMASGV:0.2692307692307692	FGIVVLEA:0.21153846153846154	VIHSHHAF:0.25	QAKFLGIE:0.25	MASGVPVV:0.21153846153846154	IHSHHAFT:0.23076923076923078	VGGIPEVV:0.2692307692307692	
