cluster number:195
GT4:23	GT4:23
KYINSWVV:0.8695652173913043	TNYLEYVR:0.9565217391304348	YLEYVRRE:0.9565217391304348	GKRWKTKF:0.8260869565217391	KTKFHLLV:0.2608695652173913	YINSWVVS:0.8695652173913043	NHGKRWKT:0.21739130434782608	REKNGQVQ:0.8260869565217391	INSWVVSI:0.9565217391304348	NSWVVSIY:0.5652173913043478	TKFHLLVR:0.2608695652173913	VHTNYLEY:0.9565217391304348	RWKTKFHL:0.7391304347826086	VRREKNGQ:0.9130434782608695	LVRLVHTN:0.2608695652173913	LVHTNYLE:0.2608695652173913	FHLLVRLV:0.2608695652173913	FLLKYINS:0.8695652173913043	YVRREKNG:0.9130434782608695	RREKNGQV:0.8260869565217391	VRLVHTNY:0.2608695652173913	LLVRLVHT:0.2608695652173913	VVSIYCHK:0.6086956521739131	KRWKTKFH:0.782608695652174	YNHGKRWK:0.21739130434782608	SIYCHKVY:0.2608695652173913	WVVSIYCH:0.6086956521739131	SWVVSIYC:0.5652173913043478	KFHLLVRL:0.2608695652173913	HTNYLEYV:0.9565217391304348	EYVRREKN:0.9130434782608695	HLLVRLVH:0.2608695652173913	WKTKFHLL:0.2608695652173913	VSIYCHKV:0.30434782608695654	NYLEYVRR:0.9565217391304348	LKYINSWV:0.8695652173913043	RLVHTNYL:0.2608695652173913	LLKYINSW:0.8695652173913043	HGKRWKTK:0.8260869565217391	LEYVRREK:0.9130434782608695	QAFLLKYI:0.7391304347826086	EKNGQVQA:0.6956521739130435	GQVQAFLL:0.7391304347826086	QVQAFLLK:0.7391304347826086	NGQVQAFL:0.7391304347826086	KNGQVQAF:0.6956521739130435	AFLLKYIN:0.782608695652174	VQAFLLKY:0.6521739130434783	TKFHLVVG:0.30434782608695654	LVVGVVHT:0.4782608695652174	HLVVGVVH:0.43478260869565216	VVGVVHTN:0.5217391304347826	FHLVVGVV:0.43478260869565216	HHGKRWKT:0.4782608695652174	WKTKFHLV:0.30434782608695654	VVHTNYLE:0.5217391304347826	YHHGKRWK:0.5652173913043478	GVVHTNYL:0.5217391304347826	KFHLVVGV:0.391304347826087	KTKFHLVV:0.30434782608695654	VGVVHTNY:0.5217391304347826	
