cluster number:614
GT4:28	GT4:28
GRVALEAM:0.7857142857142857	VGTGRVAL:0.6071428571428571	RVALEAMA:0.7857142857142857	TGRVALEA:0.75	GTGRVALE:0.75	VVGTGRVA:0.6071428571428571	VALEAMAC:0.7142857142857143	VHAHQTPS:0.2857142857142857	RGIPVVFT:0.21428571428571427	NHGYFGLV:0.21428571428571427	QTPSGILA:0.21428571428571427	WECYFGDH:0.39285714285714285	LEAMACGK:0.5	ALEAMACG:0.5	GDHGSRQG:0.21428571428571427	LDGLDFGG:0.32142857142857145	ASAAIAVS:0.32142857142857145	MVLDGLDF:0.25	LGIPDDAL:0.32142857142857145	ISIVHAHQ:0.21428571428571427	ACGKPVLA:0.4642857142857143	LIPNGIDT:0.2857142857142857	LRLASAAI:0.32142857142857145	FGDHGSRQ:0.32142857142857145	IPNGIDTN:0.2857142857142857	LVIVYSSR:0.32142857142857145	SLAKEMAA:0.32142857142857145	TNEFAPLG:0.2857142857142857	TAHGTYYP:0.32142857142857145	VIVYSSRL:0.32142857142857145	GIPVVFTA:0.21428571428571427	HQTPSGIL:0.32142857142857145	PVLAAGNH:0.32142857142857145	IDTNEFAP:0.2857142857142857	DFGGTETH:0.32142857142857145	VVVGDGPR:0.42857142857142855	IPVVFTAH:0.21428571428571427	HGSRQGCS:0.21428571428571427	GSRQGCSR:0.21428571428571427	AMACGKPV:0.5	EAMACGKP:0.4642857142857143	SIVHAHQT:0.21428571428571427	AVSPPVER:0.32142857142857145	AGNHGYFG:0.32142857142857145	SRLAWAKA:0.32142857142857145	VSPPVERH:0.32142857142857145	LAKEMAAR:0.32142857142857145	PDDALVIV:0.32142857142857145	DGLDFGGT:0.32142857142857145	IPDDALVI:0.32142857142857145	AWECYFGD:0.39285714285714285	VGDGPRFS:0.32142857142857145	SRQGCSRY:0.21428571428571427	LASAAIAV:0.32142857142857145	VVFTAHGT:0.32142857142857145	KENISIVH:0.32142857142857145	IVYSSRLA:0.32142857142857145	AAGNHGYF:0.32142857142857145	RLASAAIA:0.32142857142857145	NEFAPLGR:0.2857142857142857	ECYFGDHG:0.32142857142857145	AVVVGDGP:0.21428571428571427	DALVIVYS:0.32142857142857145	TPSGILAA:0.21428571428571427	GKPVLAAG:0.32142857142857145	HAVVVGDG:0.21428571428571427	FTAHGTYY:0.32142857142857145	NISIVHAH:0.21428571428571427	LIHQTCRE:0.21428571428571427	VYSSRLAW:0.32142857142857145	VLDGLDFG:0.2857142857142857	GIPDDALV:0.32142857142857145	YSSRLAWA:0.32142857142857145	CYFGDHGS:0.32142857142857145	PNGIDTNE:0.2857142857142857	RRGIPVVF:0.21428571428571427	LDFGGTET:0.32142857142857145	ENISIVHA:0.21428571428571427	VVGDGPRF:0.39285714285714285	AHGTYYPP:0.21428571428571427	AHQTPSGI:0.21428571428571427	AKEMAARG:0.32142857142857145	CGKPVLAA:0.32142857142857145	HAHQTPSG:0.21428571428571427	DHGSRQGC:0.21428571428571427	LAAGNHGY:0.32142857142857145	VLAAGNHG:0.32142857142857145	VFTAHGTY:0.32142857142857145	AIAVSPPV:0.32142857142857145	IAVSPPVE:0.32142857142857145	SPPVERHI:0.32142857142857145	PVVFTAHG:0.32142857142857145	YFGDHGSR:0.32142857142857145	GLDFGGTE:0.32142857142857145	IVHAHQTP:0.21428571428571427	DTNEFAPL:0.2857142857142857	GNHGYFGL:0.25	GDGPRFSD:0.32142857142857145	NGIDTNEF:0.2857142857142857	DDALVIVY:0.32142857142857145	AAIAVSPP:0.32142857142857145	KPVLAAGN:0.32142857142857145	MACGKPVL:0.5	SSRLAWAK:0.32142857142857145	GIDTNEFA:0.2857142857142857	SAAIAVSP:0.32142857142857145	MLRLASAA:0.32142857142857145	ALVIVYSS:0.32142857142857145	FGGTETHA:0.2857142857142857	IDEQRKEQ:0.25	RLIHQTCR:0.2857142857142857	KKENISIV:0.2857142857142857	ARRRGIPV:0.21428571428571427	RRRGIPVV:0.21428571428571427	LGIPVVFT:0.21428571428571427	VVLGGGSL:0.21428571428571427	GTETHVLS:0.21428571428571427	VVVVGDGP:0.21428571428571427	
