cluster number:1334
GT4:11	GT4:11
FGIAVVEA:0.36363636363636365	NFGIAVVE:0.2727272727272727	DKVNIWRE:0.2727272727272727	IANLAPRY:0.2727272727272727	RINFKKGL:0.2727272727272727	KVNIWREV:0.2727272727272727	VISDKVNI:0.2727272727272727	PRYGGPAK:0.2727272727272727	AVVEAMAC:0.2727272727272727	LPSYTENF:0.6363636363636364	LAPRYGGP:0.2727272727272727	HVIANLAP:0.2727272727272727	PSYTENFG:0.6363636363636364	SYTENFGI:0.36363636363636365	APRYGGPA:0.2727272727272727	IAVVEAMA:0.36363636363636365	VVISDKVN:0.2727272727272727	VIANLAPR:0.2727272727272727	RYGGPAKA:0.2727272727272727	INFKKGLD:0.2727272727272727	PVVISDKV:0.2727272727272727	NLAPRYGG:0.2727272727272727	SDKVNIWR:0.2727272727272727	YTENFGIA:0.2727272727272727	ANLAPRYG:0.2727272727272727	TENFGIAV:0.2727272727272727	LHVIANLA:0.2727272727272727	ISDKVNIW:0.2727272727272727	GIAVVEAM:0.36363636363636365	ILHVIANL:0.2727272727272727	ENFGIAVV:0.2727272727272727	FKKGLDLL:0.2727272727272727	KKGLDLLI:0.2727272727272727	VLPSYTEN:0.2727272727272727	FVLPSYTE:0.2727272727272727	
