cluster number:1202
GT4:17	GT4:17
ACISFDCP:0.35294117647058826	IEHFEHDV:0.23529411764705882	GGIERVSV:0.23529411764705882	RFEGLGMV:0.23529411764705882	GLGMVLIE:0.23529411764705882	KGFDLLLQ:0.23529411764705882	GLACISFD:0.29411764705882354	FDCPAGPK:0.35294117647058826	KQKGFDLL:0.23529411764705882	TKQKGFDL:0.29411764705882354	VLAVGRLT:0.4117647058823529	QKGFDLLL:0.5882352941176471	CPAGPKTI:0.23529411764705882	KHKIIPNI:0.29411764705882354	IVLAVGRL:0.4117647058823529	IAIEHFEH:0.23529411764705882	EGLGMVLI:0.23529411764705882	IIAIEHFE:0.35294117647058826	AIEHFEHD:0.23529411764705882	HKIIPNIV:0.23529411764705882	RLTKQKGF:0.35294117647058826	LSSRFEGL:0.23529411764705882	SFDCPAGP:0.35294117647058826	SRFEGLGM:0.23529411764705882	FEGLGMVL:0.23529411764705882	ISFDCPAG:0.35294117647058826	SSRFEGLG:0.23529411764705882	LACISFDC:0.29411764705882354	VGRLTKQK:0.23529411764705882	FDLLLQAW:0.23529411764705882	LTKQKGFD:0.35294117647058826	LGMVLIEA:0.23529411764705882	GFDLLLQA:0.23529411764705882	GRLTKQKG:0.35294117647058826	CISFDCPA:0.35294117647058826	MVLLEALS:0.23529411764705882	EGLGMVLL:0.23529411764705882	GLGMVLLE:0.23529411764705882	GMVLLEAL:0.23529411764705882	CPAGPKSI:0.23529411764705882	LGMVLLEA:0.23529411764705882	LSSRYEGL:0.23529411764705882	EQKGFDLL:0.23529411764705882	YEGLGMVL:0.23529411764705882	RYEGLGMV:0.23529411764705882	SSRYEGLG:0.23529411764705882	SRYEGLGM:0.23529411764705882	
