cluster number:1099
GT4:9	GT4:9
LVHSGAAV:0.2222222222222222	CAKYLPRT:0.3333333333333333	PNKFFDFV:0.3333333333333333	LCISFSDI:0.3333333333333333	WGDMHEWA:0.4444444444444444	VANEARAL:0.3333333333333333	GDVTTLGY:0.2222222222222222	PVWGDMHE:0.3333333333333333	FDFVQARL:0.4444444444444444	LGAVTEDF:0.2222222222222222	KILCISFS:0.2222222222222222	LMLPNKFF:0.3333333333333333	DVTTLGYG:0.2222222222222222	ARALPLAH:0.3333333333333333	HVLSWRLL:0.2222222222222222	VTTLGYGE:0.2222222222222222	ANEARALP:0.3333333333333333	GAAVPGRN:0.2222222222222222	GDMHEWAP:0.4444444444444444	RLVHSGAA:0.5555555555555556	IRLVHSGA:0.4444444444444444	SGAAVPGR:0.2222222222222222	AVPGRNLE:0.2222222222222222	MHEWAPEE:0.4444444444444444	KFFDFVQA:0.3333333333333333	DFVQARLA:0.3333333333333333	DMHEWAPE:0.4444444444444444	GAVTEDFS:0.2222222222222222	EARALPLA:0.3333333333333333	NEARALPL:0.3333333333333333	LPNKFFDF:0.5555555555555556	HSGAAVPG:0.2222222222222222	MLPNKFFD:0.4444444444444444	PKILCISF:0.2222222222222222	VHSGAAVP:0.2222222222222222	VFSPSPET:0.2222222222222222	ILCISFSD:0.3333333333333333	FFDFVQAR:0.3333333333333333	VPGRNLEG:0.2222222222222222	APVWGDMH:0.2222222222222222	VWGDMHEW:0.3333333333333333	AAVPGRNL:0.2222222222222222	DLGAVTED:0.2222222222222222	HEWAPEER:0.4444444444444444	GAPVWGDM:0.2222222222222222	ALPSLPQT:0.2222222222222222	NKFFDFVQ:0.3333333333333333	DARVLRQL:0.2222222222222222	EFGDVTTL:0.2222222222222222	ELPATLNA:0.2222222222222222	SDARVLRQ:0.2222222222222222	LIVANEAR:0.2222222222222222	SLDLYLVK:0.2222222222222222	RFSLDLYL:0.2222222222222222	RIRLVHSG:0.2222222222222222	RALPLAHA:0.2222222222222222	FDLIVANE:0.3333333333333333	GGRYWQQL:0.2222222222222222	SGAAIPGR:0.2222222222222222	FSLDLYLV:0.2222222222222222	HSGAAIPG:0.2222222222222222	VHSGAAIP:0.2222222222222222	GRYWQQLK:0.2222222222222222	IVANEARA:0.2222222222222222	EWAPEERT:0.2222222222222222	DGGRYWQQ:0.2222222222222222	LVHSGAAI:0.2222222222222222	DLIVANEA:0.2222222222222222	SFDLIVAN:0.2222222222222222	TFHDAVAP:0.2222222222222222	GRSFDLIV:0.2222222222222222	ADSRVLRQ:0.2222222222222222	RSFDLIVA:0.2222222222222222	FVQARLAL:0.2222222222222222	KARDGGRY:0.2222222222222222	ARDGGRYW:0.2222222222222222	VQARLALV:0.2222222222222222	FDFIQARL:0.3333333333333333	FFDFIQAR:0.2222222222222222	NKFFDFIQ:0.2222222222222222	PNKFFDFI:0.2222222222222222	KFFDFIQA:0.2222222222222222	DFIQARLA:0.2222222222222222	SIPPVSFN:0.2222222222222222	YGEAPDGV:0.2222222222222222	LAATLDSL:0.2222222222222222	PLRLVHSG:0.2222222222222222	ADSVTTVG:0.2222222222222222	GGVHADLH:0.3333333333333333	VHADLHEY:0.4444444444444444	GYGEAPDG:0.2222222222222222	GVHADLHE:0.4444444444444444	EYAPRQKE:0.2222222222222222	RTYVTRAD:0.2222222222222222	TRADSVTT:0.2222222222222222	DLHEYAPR:0.3333333333333333	ADLHEYAP:0.3333333333333333	SGRYRRAY:0.2222222222222222	ARVLKQVR:0.2222222222222222	HADLHEYA:0.3333333333333333	LSGRYRRA:0.2222222222222222	VTRADSVT:0.2222222222222222	CRTYVTRA:0.2222222222222222	RAEVVTNA:0.2222222222222222	YVTRADSV:0.2222222222222222	GRYRRAYW:0.2222222222222222	IRAEVVTN:0.2222222222222222	GIRAEVVT:0.2222222222222222	TYVTRADS:0.2222222222222222	HEYAPRQK:0.2222222222222222	DARVLKQV:0.2222222222222222	RADSVTTV:0.2222222222222222	LHEYAPRQ:0.2222222222222222	
