cluster number:1444
GT4:88	GT4:88
GDLKWGAF:0.22727272727272727	LKHLKKWL:0.2840909090909091	THGMLDPW:0.36363636363636365	LHLVMAGP:0.23863636363636365	KHLKKWLY:0.3068181818181818	PLKHLKKW:0.38636363636363635	KKGCDLLI:0.375	CLPSHQEN:0.25	HLKKWLYW:0.3068181818181818	KKWLYWPW:0.3409090909090909	VFCLPSHQ:0.2159090909090909	FCLPSHQE:0.25	FTHGMLDP:0.25	PSHQENFG:0.7840909090909091	LPSHQENF:0.7840909090909091	YPLKHLKK:0.5454545454545454	GMLDPWFK:0.5	HGMLDPWF:0.6477272727272727	LKKWLYWP:0.3068181818181818	ARQSFWLY:0.23863636363636365	VFTHGMLD:0.22727272727272727	HLVMAGPD:0.2159090909090909	YTHGMLDP:0.2159090909090909	NKVNIWRE:0.20454545454545456	VAEALACG:0.29545454545454547	KVNIWREI:0.2840909090909091	VYTHGMLD:0.2159090909090909	EYRVLRDA:0.4318181818181818	SHQENFGV:0.3977272727272727	GLWQYHGF:0.2840909090909091	YRVLRDAR:0.2159090909090909	QENFGIAV:0.23863636363636365	LISDKVNI:0.2159090909090909	DKVNIWRE:0.22727272727272727	YWPWAEYR:0.3522727272727273	KWLYWPWA:0.23863636363636365	AVAEALGC:0.25	WLYWPWAE:0.22727272727272727	VAEALGCG:0.2727272727272727	VNIWREIE:0.20454545454545456	HQENFGIA:0.23863636363636365	SHQENFGI:0.3977272727272727	LYWPWAEY:0.2727272727272727	ISDKVNIW:0.2159090909090909	IHEKKGCD:0.3068181818181818	HEKKGCDL:0.2840909090909091	EKKGCDLL:0.2840909090909091	RIHEKKGC:0.3068181818181818	AEYRVLRD:0.3068181818181818	PWAEYRVL:0.3068181818181818	WAEYRVLR:0.3181818181818182	AEALGCGL:0.20454545454545456	WPWAEYRV:0.3068181818181818	EALGCGLP:0.20454545454545456	GKRIVLFL:0.20454545454545456	NFGVAVAE:0.2727272727272727	GVAVAEAL:0.2727272727272727	HLVIAGPD:0.23863636363636365	KRIVLFLG:0.2159090909090909	HQENFGVA:0.2840909090909091	RIVLFLGR:0.22727272727272727	QENFGVAV:0.2840909090909091	FGVAVAEA:0.2727272727272727	ENFGVAVA:0.2727272727272727	LFLGRIHE:0.2159090909090909	LGRIHEKK:0.2159090909090909	FLGRIHEK:0.20454545454545456	GRIHEKKG:0.23863636363636365	
