cluster number:206
GT4:162	GT4:162
LEAQACGC:0.5	AQACGCPV:0.43209876543209874	EAQACGCP:0.4382716049382716	EGFGIPPL:0.7530864197530864	PPLEAQAC:0.5308641975308642	GFGIPPLE:0.7530864197530864	GIPPLEAQ:0.5864197530864198	FYEGFGIP:0.2037037037037037	PLEAQACG:0.4876543209876543	IPPLEAQA:0.5185185185185185	QACGCPVI:0.22839506172839505	FGIPPLEA:0.7345679012345679	PSFYEGFG:0.20987654320987653	SFYEGFGI:0.2037037037037037	YEGFGIPP:0.7160493827160493	FVFPSLYE:0.49382716049382713	FPSLYEGF:0.6111111111111112	PSLYEGFG:0.6049382716049383	VFPSLYEG:0.5123456790123457	AFVFPSLY:0.43209876543209874	SLYEGFGI:0.5370370370370371	LYEGFGIP:0.5308641975308642	INARFLTQ:0.24074074074074073	PYLLAVSS:0.20987654320987653	YLLAVSSP:0.35185185185185186	AASIPEVL:0.2345679012345679	NQIATHHD:0.2345679012345679	QIATHHDI:0.2345679012345679	ATAFVFPS:0.2222222222222222	TAFVFPSL:0.20987654320987653	
