cluster number:1350
GT4:65	GT4:65
HTVGGTNP:0.6461538461538462	GGTNPSLV:0.9846153846153847	TVGGTNPS:0.6461538461538462	HGHTVGGT:0.6461538461538462	GHTVGGTN:0.6461538461538462	GTNPSLVE:0.9846153846153847	LHGHTVGG:0.3076923076923077	YLHGHTVG:0.3076923076923077	TNPSLVEA:0.8769230769230769	VGGTNPSL:1.0	LVEALGAG:0.4307692307692308	ENSILEIV:0.2	EPENSILE:0.2923076923076923	AAHGGFET:0.5230769230769231	NMDGIEWK:0.2923076923076923	MDGIEWKR:0.2923076923076923	NVINMDGI:0.26153846153846155	KITMIPYG:0.27692307692307694	NPSLVEAL:0.7230769230769231	VINMDGIE:0.3076923076923077	SLVEALGA:0.4307692307692308	INMDGIEW:0.4153846153846154	PAAHGGFE:0.5230769230769231	PSLVEALG:0.4307692307692308	AHGGFETF:0.4461538461538462	PENSILEI:0.2	HQVGGTNP:0.2153846153846154	QVGGTNPS:0.2153846153846154	HGHQVGGT:0.2153846153846154	LTLGYNTA:0.36923076923076925	VEALGAGN:0.2	GHQVGGTN:0.2153846153846154	GFETFAEK:0.2	FETFAEKL:0.2	ARPEPENS:0.27692307692307694	NHLVADHP:0.2153846153846154	NMDGIEWR:0.3230769230769231	GGFETFAE:0.6307692307692307	HGGFETFA:0.6307692307692307	IARPEPEN:0.24615384615384617	MDGIEWRR:0.3230769230769231	TNMDGIEW:0.24615384615384617	GYNGAVFL:0.2	LVLGYNGA:0.23076923076923078	GIPAAHGG:0.27692307692307694	TRGIPAAH:0.23076923076923078	GVCLVLGY:0.2153846153846154	RGIPAAHG:0.27692307692307694	VCLVLGYN:0.2153846153846154	SIARIEPD:0.24615384615384617	IPAAHGGF:0.27692307692307694	IARIEPDN:0.24615384615384617	DGIEWRRP:0.2153846153846154	GIEWRRPK:0.2153846153846154	GFETFAER:0.2	ILGTRGIP:0.27692307692307694	FETFAERL:0.2	LILGTRGI:0.2153846153846154	CLVLGYNG:0.23076923076923078	GTRGIPAA:0.23076923076923078	LGYNGAVF:0.2	IEWRRPKW:0.2153846153846154	VLGYNGAV:0.2	LGTRGIPA:0.2923076923076923	ARIEPDNN:0.2	RIEPDNNI:0.2	AYLHGHTV:0.2	VPAAHGGF:0.2	GVPAAHGG:0.2	RGVPAAHG:0.2	
