cluster number:2112
GT4:92	GT4:92
IKKVVTIH:0.22826086956521738	SGLGNYSR:0.33695652173913043	KVVTIHDL:0.2608695652173913	LGNYSRDL:0.6413043478260869	RFFHNTSG:0.2826086956521739	FILNVGTI:0.22826086956521738	EGFGIPII:0.44565217391304346	VTIHDLIF:0.7934782608695652	SGELPLKW:0.2391304347826087	YSFFDRKI:0.4891304347826087	KRFFHNTS:0.2826086956521739	IPIIEALF:0.31521739130434784	QGCHKAFK:0.22826086956521738	IIAISEQT:0.5543478260869565	SFFDRKIH:0.4891304347826087	VGTIEERK:0.21739130434782608	GLGNYSRD:0.7065217391304348	GFGIPIIE:0.44565217391304346	VVTIHDLI:0.5108695652173914	KKVVTIHD:0.2391304347826087	IFHGLSGE:0.33695652173913043	FHNTSGLG:0.29347826086956524	PIIEALFS:0.31521739130434784	IPLVVVGR:0.22826086956521738	NYSRDLVR:0.31521739130434784	RFILNVGT:0.22826086956521738	FFHNTSGL:0.29347826086956524	DIFHGLSG:0.21739130434782608	ILNVGTIE:0.21739130434782608	YQGCHKAF:0.22826086956521738	FEGFGIPI:0.45652173913043476	DAKRFFHN:0.30434782608695654	GTIEERKN:0.21739130434782608	FGIPIIEA:0.44565217391304346	FHGLSGEL:0.3804347826086957	TSGLGNYS:0.29347826086956524	GIPIIEAL:0.43478260869565216	AKRFFHNT:0.2826086956521739	NTSGLGNY:0.30434782608695654	IIEALFSK:0.2717391304347826	HGLSGELP:0.391304347826087	IAISEQTK:0.6086956521739131	GNYSRDLV:0.32608695652173914	GLSGELPL:0.31521739130434784	LSGELPLK:0.2391304347826087	HNTSGLGN:0.30434782608695654	AISEQTKR:0.25	SEQTKRDI:0.25	PEAGGPDS:0.20652173913043478	TIHDLIFL:0.3695652173913043	ISEQTKRD:0.25	IHDLIFLR:0.22826086956521738	SIFEGFGI:0.21739130434782608	NYSRDLIR:0.2826086956521739	RGLGNYSR:0.25	EALFSKTP:0.34782608695652173	SRDLIRIL:0.21739130434782608	YSRDLIRI:0.21739130434782608	IFEGFGIP:0.20652173913043478	YHGLSGEI:0.2391304347826087	HGLSGEIP:0.30434782608695654	YPSIFEGF:0.20652173913043478	ALFSKTPV:0.34782608695652173	PSIFEGFG:0.20652173913043478	IYHGLSGE:0.21739130434782608	FDAKRAFH:0.20652173913043478	DIYHGLSG:0.20652173913043478	IEALFSKT:0.41304347826086957	GNYSRDLI:0.2826086956521739	DAKRAFHN:0.21739130434782608	LFSKTPVI:0.32608695652173914	VIEALFSK:0.21739130434782608	GFGIPVIE:0.32608695652173914	SCLPEAGG:0.22826086956521738	SKTPVITS:0.2391304347826087	GIPVIEAL:0.2826086956521739	FGIPVIEA:0.30434782608695654	EGFGIPVI:0.32608695652173914	FSKTPVIT:0.30434782608695654	IPVIEALF:0.2391304347826087	PVIEALFS:0.2391304347826087	IVTIHDLI:0.2717391304347826	TGLGNYSR:0.22826086956521738	PSVFEGFG:0.20652173913043478	YPSVFEGF:0.20652173913043478	
