cluster number:710
GT4:36	GT4:36
FHGSDTYF:0.5277777777777778	LIRKKGVF:0.25	ETLGMVTI:0.7222222222222222	GSDTYFCH:0.5833333333333334	WTGITAFM:0.75	MVTIEAMA:0.2222222222222222	IRFHGSDT:0.4722222222222222	RFHGSDTY:0.5277777777777778	DTYFCHLE:0.3333333333333333	SDTYFCHL:0.3333333333333333	IGTLIRKK:0.3333333333333333	IAFLTPEY:0.3055555555555556	AETLGMVT:0.7222222222222222	GMVTIEAM:0.2222222222222222	TGITAFMN:0.25	LIEAPDWT:0.2777777777777778	YFCHLEKR:0.2222222222222222	GGLGTSIK:0.3333333333333333	DWTGITAF:0.7777777777777778	FLTPEYPH:0.4166666666666667	IEAPDWTG:0.5555555555555556	TYFCHLEK:0.2222222222222222	LGTSIKNL:0.2777777777777778	GLGTSIKN:0.3055555555555556	MHIAFLTP:0.25	PDWTGITA:0.8333333333333334	GTLIRKKG:0.5555555555555556	TLGMVTIE:0.7222222222222222	GTSIKNLA:0.3611111111111111	APDWTGIT:0.8333333333333334	AFLTPEYP:0.4166666666666667	EAPDWTGI:0.8333333333333334	HIAFLTPE:0.25	VNSNIGWA:0.2222222222222222	TLIRKKGV:0.5277777777777778	HGSDTYFC:0.6388888888888888	LGMVTIEA:0.2222222222222222	GGFYFYRK:0.2222222222222222	PMTWLEAM:0.25	IIEAPDWT:0.2222222222222222	GMVTIESM:0.5	LGMVTIES:0.5	IRKKGVLE:0.4444444444444444	MVTIESMA:0.4722222222222222	RKKGVLEL:0.4722222222222222	LIRKKGVL:0.25	TGITAFMK:0.3333333333333333	GITAFMKF:0.2222222222222222	FAETLGMV:0.2777777777777778	KKGVLELA:0.2777777777777778	DTYFCHIE:0.25	PLVIRFHG:0.3611111111111111	VVNTNIGW:0.2222222222222222	VIRFHGSD:0.3611111111111111	GTIIRKKG:0.2222222222222222	CVFPSLAE:0.25	VNTNIGWA:0.2222222222222222	VFPSLAET:0.25	FPSLAETL:0.25	SLAETLGM:0.25	LVIRFHGS:0.3611111111111111	PSLAETLG:0.25	SDTYFCHI:0.25	LAETLGMV:0.25	VTIESMAL:0.3611111111111111	IESMALQK:0.25	AHVCVFPS:0.2222222222222222	TIESMALQ:0.25	LEAPDWTG:0.25	
