cluster number:759
GT4:82	GT4:82
LYLVGDGP:0.2926829268292683	HLYLVGDG:0.2804878048780488	NVAVDLAC:0.5853658536585366	RIHFEGFQ:0.6585365853658537	NGIVNVAV:0.6707317073170732	REAGCAII:0.3170731707317073	IVNVAVDL:0.5975609756097561	VHNEFQRS:0.5487804878048781	HVQEIGNG:0.21951219512195122	DGIPEALD:0.4268292682926829	VNVAVDLA:0.6219512195121951	EIGNGIVN:0.3902439024390244	TVHNEFQR:0.6341463414634146	QEIGNGIV:0.2926829268292683	GNGIVNVA:0.7804878048780488	EAREAGCA:0.5487804878048781	HLYLVGNG:0.3780487804878049	GIVNVAVD:0.6707317073170732	HNEFQRSA:0.45121951219512196	NHVQEIGN:0.21951219512195122	YLVGNGPD:0.36585365853658536	LYLVGNGP:0.3902439024390244	AREAGCAI:0.5365853658536586	IGNGIVNV:0.6707317073170732	LVGNGPDR:0.23170731707317074	NGTLGSPR:0.4634146341463415	VDGIPEAL:0.4146341463414634	AHLYLVGN:0.32926829268292684	VQEIGNGI:0.25609756097560976	LMGLADRV:0.524390243902439	HMMTGVVL:0.43902439024390244	GLADRVIA:0.5609756097560976	AHMMTGVV:0.4024390243902439	MGLADRVI:0.5609756097560976	VSTVHNEF:0.6219512195121951	LVSTVHNE:0.5853658536585366	IIASDVDG:0.2073170731707317	ITTVAGMY:0.3170731707317073	AITTVAGM:0.3048780487804878	PDIVHAHM:0.5975609756097561	ADRVIAVS:0.6219512195121951	HAHMMTGV:0.524390243902439	STVHNEFQ:0.6097560975609756	LADRVIAV:0.5609756097560976	PAITTVAG:0.3048780487804878	DLACLQAK:0.3048780487804878	IVHAHMMT:0.6341463414634146	IHFEGFQP:0.4024390243902439	VHAHMMTG:0.6463414634146342	DIVHAHMM:0.573170731707317	IASDVDGI:0.21951219512195122	SDVDGIPE:0.32926829268292684	ASDVDGIP:0.35365853658536583	REAGCAIV:0.21951219512195122	EAGCAIVA:0.21951219512195122	AIATVAGM:0.3048780487804878	IFVLASHR:0.3048780487804878	IPEALDNG:0.23170731707317074	GFQPEPQR:0.32926829268292684	IATVAGMY:0.3048780487804878	RKGIAELI:0.2682926829268293	EGFQPEPQ:0.3170731707317073	FQPEPQRY:0.32926829268292684	AVDLACLQ:0.5121951219512195	HFEGFQPE:0.34146341463414637	FEGFQPEP:0.34146341463414637	VIAVSKAV:0.2073170731707317	GIPEALDN:0.23170731707317074	VLASHRDP:0.24390243902439024	PAIATVAG:0.3048780487804878	VAVDLACL:0.5121951219512195	DIFVLASH:0.5365853658536586	FVLASHRD:0.24390243902439024	VDLACLQA:0.3780487804878049	AVASAGGE:0.25609756097560976	ESFGLVLT:0.3170731707317073	LASHCESF:0.2073170731707317	LTEAREAG:0.3048780487804878	LVLTEARE:0.32926829268292684	ASHCESFG:0.2073170731707317	CESFGLVL:0.2926829268292683	FPQAHLYL:0.23170731707317074	HCESFGLV:0.24390243902439024	TEAREAGC:0.3048780487804878	PQAHLYLV:0.2682926829268293	QAHLYLVG:0.2682926829268293	FVLASHCE:0.2073170731707317	VLTEAREA:0.3170731707317073	ASAGGEYE:0.25609756097560976	DFPQAHLY:0.21951219512195122	GLVLTEAR:0.32926829268292684	ILHITNHV:0.2073170731707317	FGLVLTEA:0.32926829268292684	SFGLVLTE:0.3170731707317073	DVDGIPET:0.2926829268292683	LVGDGPDR:0.23170731707317074	VASAGGEY:0.23170731707317074	YLVGDGPD:0.23170731707317074	DGIPETLD:0.3170731707317073	AHLYLVGD:0.23170731707317074	SHCESFGL:0.24390243902439024	VDGIPETL:0.3170731707317073	EFQPDIVH:0.4024390243902439	VLASHCES:0.2073170731707317	FQPDIVHA:0.5365853658536586	CDIFVLAS:0.2073170731707317	QPDIVHAH:0.5487804878048781	EFQRSAVL:0.3048780487804878	VAVASAGG:0.2804878048780488	QRSAVLMG:0.3048780487804878	MMTGVVLA:0.36585365853658536	NEFQRSAV:0.3048780487804878	FQRSAVLM:0.3048780487804878	MTGVVLAG:0.24390243902439024	AGCAIIAS:0.21951219512195122	EAGCAIIA:0.2804878048780488	SAVLMGLA:0.25609756097560976	VIAVSHAV:0.2073170731707317	RVIAVSHA:0.2073170731707317	AVLMGLAD:0.25609756097560976	DRVIAVSH:0.2073170731707317	RSAVLMGL:0.2926829268292683	VLMGLADR:0.2926829268292683	
