cluster number:447
GT4:279	GT4:279|2.4.1.-:5|GT9:3|GT2:2
MVGTLEPR:0.26523297491039427	GFGLPLIE:0.6523297491039427	LMVGTLEP:0.2616487455197133	FGLPLIEA:0.6594982078853047	VGTLEPRK:0.27956989247311825	GTLEPRKG:0.2616487455197133	EGFGLPLI:0.6523297491039427	SWHEGFGL:0.3010752688172043	GFGLPPLE:0.26523297491039427	LPLIEAAQ:0.4767025089605735	WHEGFGLP:0.2939068100358423	PVFREVAG:0.3225806451612903	GLPLIEAA:0.5698924731182796	FGLPPLEA:0.26523297491039427	VFREVAGE:0.2222222222222222	EGFGLPPL:0.2616487455197133	FLMVGTLE:0.22580645161290322	FPSWHEGF:0.25089605734767023	PSWHEGFG:0.2724014336917563	GEGFGLPL:0.5627240143369175	GLPPLEAM:0.26523297491039427	HEGFGLPP:0.2616487455197133	GFGLPVLE:0.2222222222222222	FGLPVLEA:0.21863799283154123	EGFGLPVL:0.2222222222222222	GLPVLEAM:0.2114695340501792	SLHEGFGL:0.23655913978494625	VFPSLHEG:0.2078853046594982	FPSLHEGF:0.2222222222222222	PSLHEGFG:0.23655913978494625	LHEGFGLP:0.23655913978494625	FVFPSLHE:0.2007168458781362	RKGHAQTL:0.25448028673835127	EPRKGHAQ:0.3154121863799283	PRKGHAQT:0.25448028673835127	DIPVFREV:0.2616487455197133	IPVFREVA:0.24372759856630824	ARDIPVFR:0.2114695340501792	TSLPEVIG:0.2007168458781362	RDIPVFRE:0.27598566308243727	SEGEGFGL:0.2078853046594982	EGEGFGLP:0.2078853046594982	LEAMRCGA:0.22939068100358423	AKTGIQRV:0.21505376344086022	GHAQTLAA:0.2007168458781362	DAKTGIQR:0.21505376344086022	HAQTLAAF:0.2007168458781362	KGHAQTLA:0.2007168458781362	HEGFGLPV:0.20430107526881722	
