cluster number:965
GT4:34	GT4:34
GLPMVMIE:0.29411764705882354	GTIRTVFN:0.20588235294117646	FEGLPMVM:0.29411764705882354	MAAAGHDV:0.3235294117647059	AAAGHDVE:0.3235294117647059	VLSSRFEG:0.3235294117647059	LSSRFEGL:0.3235294117647059	CPTGPADV:0.23529411764705882	SRFEGLPM:0.3235294117647059	RFEGLPMV:0.3235294117647059	GGTIRTVF:0.20588235294117646	SSRFEGLP:0.3235294117647059	DCPTGPAD:0.23529411764705882	EGLPMVMI:0.29411764705882354	VTTRPALN:0.3235294117647059	TTRPALNL:0.2647058823529412	LVTTRPAL:0.29411764705882354	YNHVFLMG:0.20588235294117646	MGGTIRTV:0.4117647058823529	NAMAAAGH:0.20588235294117646	AMAAAGHD:0.20588235294117646	VAFDCPTG:0.3235294117647059	TRPALNLI:0.20588235294117646	AYGMGGTI:0.4117647058823529	YGMGGTIR:0.4117647058823529	LLHAYGMG:0.23529411764705882	GRLVPQKG:0.2647058823529412	AFDCPTGP:0.3235294117647059	HAYGMGGT:0.4117647058823529	ANAMAAAG:0.20588235294117646	FDCPTGPA:0.29411764705882354	LHAYGMGG:0.2647058823529412	AAGHDVEI:0.20588235294117646	QANAMAAA:0.20588235294117646	RLVPQKGF:0.23529411764705882	GMGGTIRT:0.4411764705882353	LVPQKGFD:0.23529411764705882	PQKGFDLL:0.20588235294117646	QKGFDLLI:0.29411764705882354	YVLSSRFE:0.23529411764705882	PMVMIEAM:0.20588235294117646	PVVAFDCP:0.20588235294117646	VVAFDCPT:0.20588235294117646	LPVVAFDC:0.20588235294117646	PVVSFDCP:0.20588235294117646	
