cluster number:458
GT4:18	GT4:18
HDCELFTG:0.2777777777777778	TGGCPYPL:0.3333333333333333	NHSLVILE:0.2222222222222222	SRWLARLA:0.2222222222222222	ADNHSLVI:0.2222222222222222	HSLVILEA:0.2222222222222222	PSRWLARL:0.2222222222222222	GATRVARL:0.2777777777777778	CELFTGGC:0.2777777777777778	ATRVARLL:0.2777777777777778	LFTGGCPY:0.2777777777777778	LHDCELFT:0.2777777777777778	TLHDCELF:0.2777777777777778	ELFTGGCP:0.2777777777777778	APSRWLAR:0.2222222222222222	DNHSLVIL:0.2222222222222222	ITLHDCEL:0.2222222222222222	DCELFTGG:0.2777777777777778	GGATRVAR:0.3333333333333333	FTGGCPYP:0.2777777777777778	IPNGIPWP:0.3333333333333333	SLVILEAM:0.2222222222222222	LVILEAMS:0.2222222222222222	YPTLADNH:0.2222222222222222	AMAAGLPV:0.3333333333333333	LEAMAAGL:0.3333333333333333	VLEAMAAG:0.4444444444444444	LVVLEAMA:0.2222222222222222	EAMAAGLP:0.3333333333333333	VVLEAMAA:0.2777777777777778	
