cluster number:2184
GT4:43	GT4:43|GT2:1
GFGLPALE:0.20930232558139536	SLYEGFGL:0.6744186046511628	KGTGVATY:0.20930232558139536	GVATYARN:0.3023255813953488	FGLPALEA:0.20930232558139536	EPKKNIGR:0.2558139534883721	ATYARNLS:0.20930232558139536	FPSLYEGF:0.6511627906976745	LYEGFGLP:0.6744186046511628	LPYTTLDN:0.27906976744186046	PSLYEGFG:0.6511627906976745	GTGVATYA:0.5813953488372093	PYTTLDNK:0.27906976744186046	TGVATYAR:0.46511627906976744	EGFGLPAL:0.20930232558139536	VATYARNL:0.3023255813953488	EGFGLPVL:0.4883720930232558	MHWTYPLP:0.5348837209302325	HWTYPLPI:0.4186046511627907	GFGLPVLE:0.4883720930232558	FGLPVLEA:0.4418604651162791	IMHWTYPL:0.37209302325581395	GLPVLEAM:0.3953488372093023	KNVGRLIE:0.20930232558139536	GRLIEAYL:0.23255813953488372	LFFGAIEP:0.2558139534883721	FGAIEPKK:0.32558139534883723	FLFFGAIE:0.2558139534883721	IEPKKNVG:0.37209302325581395	NVGRLIEA:0.20930232558139536	FFGAIEPK:0.2558139534883721	KKNVGRLI:0.20930232558139536	GAIEPKKN:0.3953488372093023	EPKKNVGR:0.37209302325581395	PKKNVGRL:0.32558139534883723	YFLFFGAI:0.2558139534883721	AIEPKKNV:0.37209302325581395	PLRLPYTT:0.46511627906976744	VPLRLPYT:0.4186046511627907	LRLPYTTL:0.4186046511627907	RLPYTTLD:0.4186046511627907	IHDLVPLR:0.2558139534883721	TIHDLVPL:0.27906976744186046	DLVPLRLP:0.5348837209302325	WTYPLPIR:0.20930232558139536	YTIHDLVP:0.27906976744186046	HDLVPLRL:0.5348837209302325	TLHDLVPL:0.2558139534883721	LVPLRLPY:0.37209302325581395	YTLHDLVP:0.23255813953488372	LHDLVPLR:0.2558139534883721	VFPSLYEG:0.27906976744186046	LFPSLYEG:0.20930232558139536	YEGFGLPV:0.3488372093023256	
