cluster number:1478
GT4:21	GT4:21
TRGDQRLP:0.47619047619047616	IGLLGRFD:0.23809523809523808	RWFNATAW:0.5714285714285714	IQVVNVRW:0.23809523809523808	IARAALEI:0.47619047619047616	GLLGRFDR:0.5238095238095238	VRWFNATA:0.5238095238095238	LLGRFDRV:0.5238095238095238	WFNATAWY:0.5714285714285714	VNCHRGEG:0.3333333333333333	VNVRWFNA:0.23809523809523808	RAALEIMA:0.38095238095238093	VRTRGDQR:0.7142857142857143	ARAALEIM:0.42857142857142855	FNATAWYG:0.2857142857142857	VVNCHRGE:0.38095238095238093	LVRTRGDQ:0.7142857142857143	RTRGDQRL:0.47619047619047616	AALEIMAC:0.3333333333333333	GVMPDLLP:0.3333333333333333	VIGLLGRF:0.23809523809523808	LGRFDRVK:0.6190476190476191	NVRWFNAT:0.7619047619047619	VGVMPDLL:0.42857142857142855	SLWSEAIA:0.3333333333333333	LWSEAIAR:0.3333333333333333	VVNVRWFN:0.23809523809523808	QVVNVRWF:0.23809523809523808	TVGVMPDL:0.2857142857142857	RGDQRLPK:0.3333333333333333	VINVRWFN:0.42857142857142855	SETIARAA:0.47619047619047616	QVINVRWF:0.3333333333333333	RFDRVKGQ:0.3333333333333333	GRFDRVKG:0.5714285714285714	IVNCHRGE:0.42857142857142855	ETIARAAL:0.47619047619047616	TIARAALE:0.47619047619047616	INVRWFNA:0.42857142857142855	FNATAWYA:0.2857142857142857	VNCHRGEA:0.2857142857142857	WFNATSWY:0.23809523809523808	WSETIARA:0.42857142857142855	VGLLGRFD:0.2857142857142857	NATSWYAL:0.23809523809523808	RWFNATSW:0.23809523809523808	VVGLLGRF:0.2857142857142857	VRWFNATS:0.23809523809523808	FNATSWYA:0.23809523809523808	KLVRTRGD:0.23809523809523808	TRGDQRPP:0.3333333333333333	RTRGDQRP:0.3333333333333333	LIHGGVDT:0.2857142857142857	ARSALEIM:0.23809523809523808	AVVVTNRR:0.23809523809523808	WLIHGGVD:0.3333333333333333	LWLIHGGV:0.2857142857142857	IARSALEI:0.23809523809523808	RSALEIMA:0.23809523809523808	NCHRGEGF:0.23809523809523808	DAVVVTNR:0.23809523809523808	FQVINVRW:0.3333333333333333	WSEAIARS:0.23809523809523808	EAIARSAL:0.23809523809523808	VVVTNRRM:0.23809523809523808	IFQVINVR:0.3333333333333333	VADAVVVT:0.2857142857142857	ADAVVVTN:0.3333333333333333	AIARSALE:0.23809523809523808	RFDRVKGH:0.23809523809523808	SEAIARSA:0.23809523809523808	CHRGEGFF:0.23809523809523808	LFLIGFDT:0.23809523809523808	RLFLIGFD:0.23809523809523808	NCHRGEAF:0.2857142857142857	GVVASLWS:0.3333333333333333	SLWSETIA:0.3333333333333333	VVASLWSE:0.3333333333333333	ASLWSETI:0.23809523809523808	LWSETIAR:0.3333333333333333	ATAWYAIT:0.23809523809523808	RLVRTRGD:0.23809523809523808	NATAWYAI:0.23809523809523808	PDIVNCHR:0.23809523809523808	DIVNCHRG:0.23809523809523808	RPDIVNCH:0.23809523809523808	
