cluster number:2284
GT4:22	GT4:22
PDVLHVQE:0.5909090909090909	VQETNDPW:0.45454545454545453	IELANSLV:0.3181818181818182	LIIAGRGE:0.5454545454545454	YTLLFFGR:0.3181818181818182	SQSGVAAL:0.5	FFGRIWPY:0.5909090909090909	IAGRGENI:0.36363636363636365	SGVAALSY:0.45454545454545453	LLHFCFED:0.22727272727272727	LGSLYQRR:0.2727272727272727	EDYTIELA:0.2727272727272727	ALLHFCFE:0.22727272727272727	LHVQETND:0.5454545454545454	MPPLVTTI:0.5454545454545454	TNDPWYDL:0.2727272727272727	IEASQSGV:0.6363636363636364	VQPDVLHV:0.22727272727272727	VALLHFCF:0.22727272727272727	VLHVQETN:0.45454545454545453	ELGSLYQR:0.36363636363636365	PRIRDPRN:0.4090909090909091	HGELGSLY:0.5909090909090909	RIWPYKGL:0.6818181818181818	GRIWPYKG:0.6818181818181818	DLNWSNIA:0.5	FKKPRIRD:0.22727272727272727	KLIIAGRG:0.5909090909090909	ASQSGVAA:0.5909090909090909	EVKLIIAG:0.4090909090909091	KPRIRDPR:0.4090909090909091	QSGVAALS:0.45454545454545453	VLPYIEAS:0.4090909090909091	HVQETNDP:0.45454545454545453	PPLVTTIH:0.5909090909090909	TIELANSL:0.36363636363636365	YTIELANS:0.36363636363636365	EASQSGVA:0.6818181818181818	KKPRIRDP:0.2727272727272727	YIEASQSG:0.5909090909090909	FGRIWPYK:0.5909090909090909	EPYTLLFF:0.22727272727272727	GELGSLYQ:0.4090909090909091	GVAALSYG:0.45454545454545453	SQQLIVHT:0.4090909090909091	LHFCFEDY:0.22727272727272727	FEDYTIEL:0.2727272727272727	LVTTIHDV:0.5909090909090909	TLLFFGRI:0.5909090909090909	PEVKLIIA:0.4090909090909091	QETNDPWY:0.45454545454545453	KVALLHFC:0.22727272727272727	QTAALARC:0.22727272727272727	LLFFGRIW:0.5	AIIRLLSD:0.22727272727272727	REPYTLLF:0.3181818181818182	LPYIEASQ:0.5909090909090909	ETNDPWYD:0.45454545454545453	PYIEASQS:0.5909090909090909	HFCFEDYT:0.22727272727272727	IPEVKLII:0.36363636363636365	VKLIIAGR:0.5909090909090909	RIRDPRNL:0.2727272727272727	DVLHVQET:0.45454545454545453	DYTIELAN:0.4090909090909091	PLVTTIHD:0.5909090909090909	RSQQLIVH:0.6363636363636364	LFFGRIWP:0.5454545454545454	LTLIHPEK:0.2727272727272727	IIAGRGEN:0.5	QPDVLHVQ:0.4090909090909091	PYTLLFFG:0.3181818181818182	VLPHGELG:0.3181818181818182	NWSNIAAQ:0.3181818181818182	HDVFRHPG:0.3181818181818182	TIHDVFRH:0.3181818181818182	PHGELGSL:0.5909090909090909	IHDVFRHP:0.3181818181818182	TTIHDVFR:0.3181818181818182	GLLVPPRD:0.2727272727272727	DVFRHPGD:0.3181818181818182	WPYKGLKY:0.5909090909090909	WSNIAAQT:0.3181818181818182	VDLTLIHP:0.2727272727272727	LLVPPRDV:0.22727272727272727	VTTIHDVF:0.45454545454545453	EYTRRIAF:0.3181818181818182	QDGLLVPP:0.22727272727272727	SEYTRRIA:0.22727272727272727	DGLLVPPR:0.2727272727272727	LNWSNIAA:0.36363636363636365	PYKGLKYL:0.6363636363636364	NDPWYDLT:0.22727272727272727	GSEYTRRI:0.22727272727272727	DPWYDLTL:0.22727272727272727	LPHGELGS:0.5	IWPYKGLK:0.5909090909090909	YVDLTLIH:0.2727272727272727	YTRRIAFY:0.2727272727272727	DLTLIHPE:0.22727272727272727	KGLKYLLQ:0.22727272727272727	AFYRSQQL:0.45454545454545453	ILPHGELG:0.22727272727272727	AALSYGMG:0.4090909090909091	QQDLNWSN:0.36363636363636365	GLKYLLQA:0.22727272727272727	YKGLKYLL:0.5454545454545454	QQLIVHTQ:0.22727272727272727	QDLNWSNI:0.36363636363636365	LSYGMGTP:0.22727272727272727	YRSQQLIV:0.5	IAFYRSQQ:0.45454545454545453	ALSYGMGT:0.3181818181818182	FYRSQQLI:0.5	VAALSYGM:0.4090909090909091	KMPPLVTT:0.45454545454545453	KGLKYLLE:0.3181818181818182	KYLLEAMP:0.2727272727272727	LLEAMPLI:0.22727272727272727	LNKMPPLV:0.22727272727272727	YLLEAMPL:0.2727272727272727	LLLNKMPP:0.22727272727272727	RRIAFYRS:0.22727272727272727	TRRIAFYR:0.22727272727272727	CQQDLNWS:0.3181818181818182	GLKYLLEA:0.3181818181818182	NKMPPLVT:0.3181818181818182	LLNKMPPL:0.22727272727272727	TLLLNKMP:0.22727272727272727	LKYLLEAM:0.2727272727272727	LEAMPLIA:0.22727272727272727	RIAFYRSQ:0.3181818181818182	RCQQDLNW:0.3181818181818182	LVKYVDLT:0.22727272727272727	NVLPHGEL:0.2727272727272727	
