cluster number:1110
GT4:19	GT4:19|GT2:14
LNSDTIVT:0.2631578947368421	DVVLLNSD:0.2631578947368421	EENDFCMR:0.3684210526315789	PTGNGFCL:0.21052631578947367	TIVTPKWL:0.21052631578947367	YGEENDFC:0.3684210526315789	SDTIVTPK:0.21052631578947367	NSDTIVTP:0.2631578947368421	GYGEENDF:0.3684210526315789	DTIVTPKW:0.21052631578947367	LLNSDTIV:0.3157894736842105	VLLNSDTI:0.2631578947368421	VVLLNSDT:0.2631578947368421	NDVVLLNS:0.21052631578947367	GEENDFCM:0.3157894736842105	ESFGRTVA:0.21052631578947367	DDEELAFV:0.2631578947368421	WANENWSR:0.21052631578947367	INAWNEWA:0.3157894736842105	PRGYGEEN:0.2631578947368421	FCVCWANE:0.21052631578947367	AARRPVIA:0.21052631578947367	MAARRPVI:0.21052631578947367	AGRAYTLA:0.2631578947368421	FAESFGRT:0.3157894736842105	FPRGYGEE:0.2631578947368421	GIHGFCYY:0.21052631578947367	NAWNEWAE:0.3157894736842105	FINAWNEW:0.3157894736842105	WNEWAEGT:0.21052631578947367	CWANENWS:0.21052631578947367	CVCWANEN:0.21052631578947367	WWGKGFTE:0.2631578947368421	SFGRTVAE:0.21052631578947367	ARRPVIAY:0.21052631578947367	SSNIPKKG:0.21052631578947367	DIDDEELA:0.21052631578947367	VSSNIPKK:0.21052631578947367	IDDEELAF:0.21052631578947367	AESFGRTV:0.3157894736842105	WGKGFTEW:0.2631578947368421	AWNEWAEG:0.2631578947368421	VCWANENW:0.21052631578947367	RGYGEEND:0.3157894736842105	SHFAESFG:0.2631578947368421	LSHFAESF:0.2631578947368421	HFAESFGR:0.2631578947368421	FYLPQFHP:0.21052631578947367	PQFHPIPE:0.2631578947368421	HPIPENDL:0.21052631578947367	VFINAWNE:0.21052631578947367	YLPQFHPI:0.21052631578947367	QFHPIPEN:0.2631578947368421	KGFTEWTN:0.2631578947368421	GKGFTEWT:0.21052631578947367	FHPIPEND:0.2631578947368421	LPQFHPIP:0.2631578947368421	AFYLPQFH:0.21052631578947367	GFTEWTNV:0.2631578947368421	NLSHFAES:0.21052631578947367	LNLSHFAE:0.21052631578947367	VTVSNPAL:0.21052631578947367	TVSNPALQ:0.21052631578947367	
