cluster number:1048
GT4:12	GT4:12
PNKLFDSL:0.4166666666666667	SAGKPIIV:0.25	TNSPNKLF:0.3333333333333333	LSAGKPII:0.25	RDLWPEVP:0.25	ILYIHQYF:0.3333333333333333	VPIQMGAL:0.25	DLWPEVPI:0.25	EVRDLWPE:0.3333333333333333	VRDLWPEV:0.25	NKLFDSLS:0.3333333333333333	WPEVPIQM:0.25	VFEVRDLW:0.4166666666666667	FATSTPLT:0.5	SPNKLFDS:0.4166666666666667	LWPEVPIQ:0.25	FDSLSAGK:0.25	DSLSAGKP:0.25	VFATSTPL:0.3333333333333333	AGKPIIVN:0.25	FEVRDLWP:0.5833333333333334	KLFDSLSA:0.3333333333333333	EVPIQMGA:0.25	PEVPIQMG:0.25	NSPNKLFD:0.3333333333333333	GKPIIVNS:0.25	LFDSLSAG:0.3333333333333333	SLSAGKPI:0.25	TPLTIGIP:0.25	ATSTPLTI:0.8333333333333334	STPLTIGI:0.3333333333333333	IATSTPLT:0.25	KHIVALSP:0.3333333333333333	TSTPLTIG:0.3333333333333333	PYIFEVRD:0.3333333333333333	VIATSTPL:0.25	NSANKFFD:0.25	PDVPIALG:0.25	VPIALGAL:0.25	DVPIALGA:0.25	TSTPLTIA:0.25	WPDVPIAL:0.25	VWPEVPIA:0.25	VRDVWPEV:0.25	EVRDVWPE:0.25	DVWPEVPI:0.25	FEVRDVWP:0.3333333333333333	RDVWPEVP:0.25	DVVFATST:0.25	LVFEVRDL:0.25	PLVFEVRD:0.25	VVFATSTP:0.25	HIVALSPD:0.25	YANSANKV:0.25	ANSANKVF:0.25	NSANKVFD:0.25	IVALSPDM:0.25	LYANSANK:0.25	
