cluster number:995
GT4:19	GT4:19
EAMASGVP:0.2631578947368421	CVSNRKGH:0.3157894736842105	YEGFGLPV:0.7894736842105263	FYEGFGLP:0.6842105263157895	LPKLYRSA:0.2631578947368421	IKLVFTGK:0.21052631578947367	NRKGHKNE:0.3157894736842105	SFYEGFGL:0.7368421052631579	HLDRPENS:0.2631578947368421	VSFYEGFG:0.47368421052631576	GLPVIEAM:0.42105263157894735	FTVSEFSR:0.2631578947368421	NVGNGVSP:0.2631578947368421	LNHLDRPE:0.2631578947368421	DLNHLDRP:0.2631578947368421	IEAMASGV:0.21052631578947367	AMASGVPV:0.2631578947368421	VFTVSEFS:0.21052631578947367	FGLPVIEA:0.5263157894736842	EGFGLPVI:0.5263157894736842	LDRPENSS:0.2631578947368421	HDLNHLDR:0.5789473684210527	PVIEAMAS:0.3684210526315789	LCVSNRKG:0.3157894736842105	VIEAMASG:0.3684210526315789	SNRKGHKN:0.3157894736842105	GFGLPVIE:0.5263157894736842	NHLDRPEN:0.2631578947368421	FVSFYEGF:0.47368421052631576	LPVIEAMA:0.3684210526315789	VSNRKGHK:0.3157894736842105	LVFPSFYE:0.21052631578947367	SGIPVITS:0.21052631578947367	INVGNGVS:0.3684210526315789	DRVVFTGY:0.21052631578947367	VFPSFYEG:0.21052631578947367	IFTVSDFS:0.21052631578947367	EAQASGIP:0.2631578947368421	RIIEWSGV:0.21052631578947367	FPGYIPPL:0.3157894736842105	LLCVSNRK:0.3157894736842105	FLLCVSNR:0.21052631578947367	VINVGNGV:0.3157894736842105	FPSFYEGF:0.2631578947368421	ASGIPVIT:0.21052631578947367	KVINVGNG:0.3157894736842105	PSFYEGFG:0.2631578947368421	FFPGYIPP:0.3684210526315789	AQASGIPV:0.2631578947368421	VFTIHDLN:0.47368421052631576	NKVINVGN:0.21052631578947367	IHDLNHLD:0.42105263157894735	SGIPVVTS:0.21052631578947367	TIHDLNHL:0.42105263157894735	EGFGLPVV:0.21052631578947367	IFFPGYIP:0.21052631578947367	VFVSFYEG:0.3157894736842105	ASGIPVVT:0.21052631578947367	FGLPVVEA:0.21052631578947367	GFGLPVVE:0.21052631578947367	FTIHDLNH:0.5263157894736842	LVFVSFYE:0.21052631578947367	TTSLGEVA:0.2631578947368421	TSLGEVAG:0.2631578947368421	YVFTIHDL:0.3684210526315789	PYVFTIHD:0.3684210526315789	IFTVSEFS:0.2631578947368421	FTVSEFSK:0.21052631578947367	SLGEVAGD:0.21052631578947367	LGEVAGDA:0.21052631578947367	GEVAGDAA:0.21052631578947367	
