cluster number:1988
GT4:36	GT4:36
AGRLHPQK:0.7777777777777778	GRLHPQKD:0.8055555555555556	FYQFNPWN:0.2777777777777778	FAGRLHPQ:0.7777777777777778	LEALACGT:0.3055555555555556	HLLIAGDG:0.5833333333333334	FMHFHRIE:0.2777777777777778	IPTTLKYT:0.2222222222222222	THLLIAGD:0.3333333333333333	MHFHRIEP:0.2777777777777778	PQKDPILL:0.2777777777777778	EALACGTP:0.3055555555555556	LFAGRLHP:0.75	SSIGGIQT:0.2222222222222222	TIFYQFNP:0.6666666666666666	LTIFYQFN:0.6388888888888888	RLHPQKDP:0.8055555555555556	ILFAGRLH:0.4722222222222222	IAGDGELA:0.4166666666666667	HPQKDPIL:0.2777777777777778	DFMHFHRI:0.2777777777777778	SDFMHFHR:0.6944444444444444	LHPQKDPI:0.2777777777777778	LLIAGDGE:0.5555555555555556	IFYQFNPW:0.6666666666666666	VLEALACG:0.25	LIAGDGEL:0.5555555555555556	FILFAGRL:0.5277777777777778	VLFAGRLH:0.25	YTAALLGR:0.3055555555555556	EALASGTP:0.4722222222222222	LASGTPVV:0.3888888888888889	ALASGTPV:0.4166666666666667	PQKDPLLL:0.3055555555555556	FVLFAGRL:0.25	TLFIHNDI:0.3888888888888889	SAYEGLPL:0.4722222222222222	RFVLFAGR:0.2222222222222222	VLTIFYQF:0.5277777777777778	VLEALASG:0.3888888888888889	LEALASGT:0.5	KTLFIHND:0.3888888888888889	LHPQKDPL:0.3055555555555556	PVLTIFYQ:0.6944444444444444	QKDPLLLV:0.2222222222222222	HPQKDPLL:0.3055555555555556	PQKDPVLL:0.2222222222222222	LVVLEALA:0.3888888888888889	PLVVLEAL:0.5	IHNDIHTQ:0.2777777777777778	RQFSQILS:0.2777777777777778	MRKPVLTI:0.5555555555555556	TLINTFIK:0.3333333333333333	HNDIHTQM:0.25	LINTFIKY:0.3333333333333333	WRRFPAAY:0.2777777777777778	KPVLTIFY:0.6388888888888888	RRFPAAYF:0.2777777777777778	EGLPLVVL:0.5	DFMHFHRL:0.4166666666666667	GGIQTLIN:0.3611111111111111	RLEPSLAA:0.2222222222222222	CGETPKLL:0.3888888888888889	LWRRFPAA:0.2777777777777778	INTFIKYA:0.3333333333333333	FHRLEPSL:0.2222222222222222	HRLEPSLA:0.2222222222222222	RGLIPTTV:0.25	AILWRRFP:0.5	AYEGLPLV:0.4166666666666667	PAAYFALE:0.3611111111111111	HFHRLEPS:0.2222222222222222	FIHNDIHT:0.2777777777777778	ASGTPVVT:0.3611111111111111	FMHFHRLE:0.4166666666666667	FPAAYFAL:0.3055555555555556	ILWRRFPA:0.2777777777777778	MHFHRLEP:0.4166666666666667	QFSQILSC:0.3611111111111111	YEGLPLVV:0.4444444444444444	VLSSAYEG:0.25	RFPAAYFA:0.2777777777777778	LPLVVLEA:0.5	EVRLVGTA:0.2222222222222222	ILSCNTDA:0.2777777777777778	RKPVLTIF:0.5555555555555556	NTFIKYAP:0.3333333333333333	GLPLVVLE:0.5	SSAYEGLP:0.3055555555555556	SIGGIQTL:0.2222222222222222	FVLSSAYE:0.25	TFIKYAPS:0.2777777777777778	RFILFAGR:0.2777777777777778	FEVRLVGT:0.4444444444444444	IQTLINTF:0.3333333333333333	FSQILSCN:0.3611111111111111	SQILSCNT:0.3333333333333333	QILSCNTD:0.3055555555555556	GIQTLINT:0.3611111111111111	QTLINTFI:0.3333333333333333	VVLEALAS:0.3333333333333333	TRFILFAG:0.2777777777777778	IGGIQTLI:0.5277777777777778	SGTPVVTT:0.4444444444444444	LSSAYEGL:0.3055555555555556	IKNSFDNE:0.2777777777777778	IKYAPSEF:0.3611111111111111	FIKYAPSE:0.3333333333333333	IPTTVKYT:0.2777777777777778	NWQGEKTL:0.2222222222222222	QGEKTLFI:0.3055555555555556	LIPTTVKY:0.25	GEKTLFIH:0.3055555555555556	KKAILWRR:0.25	FDNEIFYP:0.2222222222222222	EKTLFIHN:0.2777777777777778	TIGGIQTL:0.3611111111111111	FASDFMHF:0.3055555555555556	FHRLEPTL:0.2222222222222222	KAILWRRF:0.3611111111111111	ASDFMHFH:0.4444444444444444	WQGEKTLF:0.3611111111111111	HFHRLEPT:0.2777777777777778	KYTAALLG:0.2222222222222222	AGREISFL:0.25	GREISFLP:0.25	TTVKYTAA:0.25	EFEVRLVG:0.3055555555555556	TVKYTAAL:0.2222222222222222	SEFEVRLV:0.2222222222222222	PSEFEVRL:0.2222222222222222	AEFAGREI:0.25	PTTVKYTA:0.25	VHLLIAGD:0.2222222222222222	NVHLLIAG:0.2222222222222222	KTLFVHND:0.25	EKTLFVHN:0.2222222222222222	EVRLVGTG:0.2222222222222222	GEKTLFVH:0.2222222222222222	
