cluster number:1401
GT4:15	GT4:15
AHTPVPFA:0.5333333333333333	RFKNFELL:0.2	LPSSFESF:0.4666666666666667	PSSFESFG:0.4666666666666667	FELLLRAF:0.2	FPPEGGGL:0.2	LLVAVSPS:0.2	KTLKKLSA:0.2	EGGGLESY:0.2	VVGGGDEL:0.2	EKVVLFVG:0.2	KNFELLLR:0.2	PKTLKKLS:0.2	PEGGGLES:0.2	LVAVSPSV:0.2	NFELLLRA:0.2	ELWVVGGG:0.2	YFPPEGGG:0.2	WELWVVGG:0.2	RQKAELSS:0.2	RVLIVSPY:0.2	HTPVPFAA:0.5333333333333333	LRQKAELS:0.2	VLPSSFES:0.4666666666666667	LWVVGGGD:0.2	ELLLRAFA:0.2	VSPYFPPE:0.2	GGGLESYA:0.2	ELNLLEKF:0.2	WVVGGGDE:0.2	TPVPFAAD:0.5333333333333333	PYFPPEGG:0.2	VGGGDELP:0.2	VLRQKAEL:0.2	SFESFGLV:0.2	VLIVSPYF:0.2	SPYFPPEG:0.2	FKNFELLL:0.2	FESFGLVV:0.2	PPEGGGLE:0.2	SSFESFGL:0.2	YFYPEGGG:0.6	IAHTPVPF:0.8	KKPNFILS:0.2	PNFILSNT:0.2	FYPEGGGL:0.6	LVLPSSKS:0.3333333333333333	VLPSSKSE:0.3333333333333333	KPNFILSN:0.2	IIAHTPVP:0.5333333333333333	HRWKNLEL:0.2	PEGGGLER:0.6	LFVGQLGK:0.26666666666666666	YPEGGGLE:0.6	PYFYPEGG:0.6	FILSNTPI:0.26666666666666666	ILSNTPIR:0.26666666666666666	LIIAHTPV:0.4	SPYFYPEG:0.4666666666666667	DLIIAHTP:0.26666666666666666	EGGGLERY:0.6	GGLERYAF:0.2	NFILSNTP:0.2	RKKPNFIL:0.2	GGGLERYA:0.6	ILFVGQLG:0.4	VGQLGRYH:0.2	VILFVGQL:0.3333333333333333	TVGLKKGA:0.2	IVYHTVGL:0.3333333333333333	LFVGQLGR:0.26666666666666666	GRYHRFKN:0.2	QLGRYHRF:0.2	TLERLTLR:0.2	IVSPYFYP:0.26666666666666666	HTVGLKKG:0.26666666666666666	LGRYHRFK:0.2	VPFAADVA:0.4	YHRFKNLD:0.2	LIVSPYFY:0.26666666666666666	PFAADVAA:0.2	FESFGMVV:0.26666666666666666	LVLPSSFE:0.26666666666666666	FVGQLGRY:0.2	GQLGRYHR:0.2	SFESFGMV:0.26666666666666666	IRIVYHTV:0.2	VSPYFYPE:0.4	YHTVGLKK:0.26666666666666666	RIVYHTVG:0.2	SSFESFGM:0.26666666666666666	NVILFVGQ:0.2	ATLERLTL:0.2	PIRIVYHT:0.2	VYHTVGLK:0.26666666666666666	ILIVSPYF:0.26666666666666666	PVPFAADV:0.4	RYHRFKNL:0.2	SNTPLSLR:0.2	NTPLSLRF:0.2	VIAHTPVP:0.2	PFAADVAS:0.2	PSSKSEAF:0.26666666666666666	GFYSKVKY:0.2	GGLERYAY:0.3333333333333333	SEAFGMVV:0.2	KFHRWKNL:0.2	PVPFFADV:0.26666666666666666	LPSSKSEA:0.26666666666666666	KSEAFGMV:0.2	EALALGTP:0.3333333333333333	PFFADVAS:0.26666666666666666	GQLGKFHR:0.2	KGFYSKVK:0.2	FYSKVKYP:0.2	SKSEAFGM:0.2	GMVVLEAL:0.2	VVLEALAL:0.2	LGKFHRWK:0.2	LVLVKREI:0.2	LLVLPSSK:0.2	YSKVKYPK:0.2	LKKGSWVD:0.2	LEALALGT:0.26666666666666666	VGQLGKFH:0.2	AHTPVPFF:0.26666666666666666	GKFHRWKN:0.2	TPVPFFAD:0.26666666666666666	GLERYAYE:0.2	QLGKFHRW:0.2	HTPVPFFA:0.26666666666666666	FGMVVLEA:0.2	SVSRYVQR:0.26666666666666666	VPFFADVA:0.26666666666666666	GELKKGSW:0.2	FVGQLGKF:0.2	VLVKREIP:0.2	ALALGTPV:0.26666666666666666	SSKSEAFG:0.26666666666666666	LERYAYEM:0.2	ALVLVKRE:0.2	VLEALALG:0.2	LALGTPVV:0.2	ALGTPVVV:0.2	LGTPVVVS:0.26666666666666666	AEKILFLL:0.2	
