cluster number:1198
GT4:23	GT4:23
VIKNIIEG:0.391304347826087	TKTKVIFT:0.34782608695652173	YPDSSSWK:0.30434782608695654	LAAAFTKT:0.21739130434782608	AFTKTKVI:0.30434782608695654	RFYPDSSS:0.34782608695652173	EMVIKNII:0.43478260869565216	TKVIFTEH:0.34782608695652173	LLIVGDGE:0.2608695652173913	FYPDSSSW:0.30434782608695654	DANIEMSI:0.21739130434782608	TEMVIKNI:0.43478260869565216	IKNIIEGN:0.34782608695652173	TFDMRIGG:0.30434782608695654	VTFDMRIG:0.21739130434782608	HGRFYPDS:0.6086956521739131	AAAFTKTK:0.2608695652173913	GRFYPDSS:0.34782608695652173	PSLSEGTS:0.2608695652173913	TVARLDPI:0.2608695652173913	LHCHQYTP:0.2608695652173913	LLPSLSEG:0.2608695652173913	DILHCHQY:0.2608695652173913	GGTEMVIK:0.5652173913043478	YTPWVYGT:0.30434782608695654	IFTEHGRF:0.5652173913043478	PWVYGTLA:0.2608695652173913	RLDPIKNQ:0.30434782608695654	GTVARLDP:0.30434782608695654	ILHCHQYT:0.2608695652173913	RIGGTEMV:0.5652173913043478	MVIKNIIE:0.391304347826087	SLSEGTSM:0.5652173913043478	QYTPWVYG:0.6086956521739131	FTKTKVIF:0.30434782608695654	AGGNPEIV:0.2608695652173913	EGTSMTLL:0.8695652173913043	CHQYTPWV:0.6086956521739131	GTSMTLLE:0.8695652173913043	WVYGTLAA:0.21739130434782608	VIFTEHGR:0.5217391304347826	LEAMSIGK:0.21739130434782608	GTEMVIKN:0.5652173913043478	HCHQYTPW:0.6521739130434783	LPSLSEGT:0.2608695652173913	FDMRIGGT:0.30434782608695654	FTEHGRFY:0.7391304347826086	DSSSWKRK:0.2608695652173913	AAFTKTKV:0.2608695652173913	VARLDPIK:0.2608695652173913	HQYTPWVY:0.6086956521739131	TEHGRFYP:0.7391304347826086	DMRIGGTE:0.6521739130434783	PDSSSWKR:0.30434782608695654	TPWVYGTL:0.2608695652173913	MSIYCIEA:0.21739130434782608	LSEGTSMT:0.5652173913043478	MTLLEAMS:0.7391304347826086	TSMTLLEA:0.8695652173913043	IGGTEMVI:0.5652173913043478	LLEAMSIG:0.21739130434782608	SEGTSMTL:0.6521739130434783	SMTLLEAM:0.8695652173913043	KTKVIFTE:0.34782608695652173	IDILHCHQ:0.2608695652173913	SWKRKLVN:0.21739130434782608	KVIFTEHG:0.4782608695652174	HVTFDMRI:0.21739130434782608	WKRKLVNP:0.2608695652173913	ARLDPIKN:0.43478260869565216	EHGRFYPD:0.7391304347826086	MRIGGTEM:0.5652173913043478	VFTEHGRF:0.34782608695652173	YTPWVYGA:0.2608695652173913	IVHCHQYT:0.21739130434782608	VHCHQYTP:0.30434782608695654	VVFTEHGR:0.30434782608695654	DIVHCHQY:0.21739130434782608	YDMRIGGT:0.34782608695652173	LGPWGEEL:0.21739130434782608	TYDMRIGG:0.34782608695652173	IEAPLGPW:0.21739130434782608	CIEAPLGP:0.21739130434782608	EAPLGPWG:0.21739130434782608	APLGPWGE:0.21739130434782608	LSSLSEGT:0.34782608695652173	SSLSEGTS:0.34782608695652173	CVVTDAGG:0.2608695652173913	VVTDAGGN:0.2608695652173913	IYNGIKPL:0.21739130434782608	PCVVTDAG:0.2608695652173913	IHCHQYTP:0.21739130434782608	KNIIEGNT:0.21739130434782608	KPCVVTDA:0.21739130434782608	NIIEGNTD:0.21739130434782608	GRFYPDST:0.2608695652173913	TLLEAMSL:0.6086956521739131	FLLSSLSE:0.30434782608695654	LLEAMSLG:0.43478260869565216	AMSLGKPC:0.21739130434782608	LLSSLSEG:0.30434782608695654	VTYDMRIG:0.21739130434782608	LEAMSLGK:0.21739130434782608	EAMSLGKP:0.21739130434782608	VIYNGIKP:0.21739130434782608	HVTYDMRI:0.21739130434782608	ARFDPIKN:0.21739130434782608	MDVFLLSS:0.21739130434782608	IGGTEQVI:0.2608695652173913	EAMSLGIP:0.21739130434782608	TEGTSMTL:0.21739130434782608	LEAMSLGI:0.21739130434782608	PWVYGALA:0.21739130434782608	TPWVYGAL:0.21739130434782608	
