cluster number:1723
GT4:12	GT4:12|GT2:3
RKGLCTFV:0.4166666666666667	NFPNTALE:0.3333333333333333	AMESSKFW:0.25	NGGIGTYY:0.6666666666666666	LCTFVEAL:0.25	GGFRETLQ:0.25	ENFPNTAL:0.3333333333333333	VSDTGGFR:0.5833333333333334	GFRETLQL:0.25	TGGFRETL:0.5833333333333334	LEERKGLC:0.5	GIGTYYRT:0.25	GRLEERKG:0.6666666666666666	ALEMGQLP:0.5	FFGRLEER:0.6666666666666666	GLCTFVEA:0.4166666666666667	RNGGIGTY:0.25	FPNTALEM:0.3333333333333333	FGRLEERK:0.6666666666666666	SLIVSDTG:0.25	LIVSDTGG:0.3333333333333333	IGTYYRTL:0.25	QENFPNTA:0.3333333333333333	TALEMGQL:0.5	VFFGRLEE:0.5833333333333334	PNTALEMG:0.3333333333333333	EERKGLCT:0.5	IAAMESSK:0.25	NTALEMGQ:0.3333333333333333	IVSDTGGF:0.3333333333333333	IAYYPYPL:0.25	GTYYRTLS:0.25	RLEERKGL:0.75	KGLCTFVE:0.4166666666666667	ERKGLCTF:0.5	SDTGGFRE:0.5833333333333334	AAMESSKF:0.25	DTGGFRET:0.5833333333333334	GGIGTYYR:0.25	LVFFGRLE:0.5833333333333334	LEMGQLPV:0.5833333333333334	PLVFFGRL:0.4166666666666667	YEGIFRNG:0.25	TEYEGIFR:0.25	EGIFRNGG:0.25	EYEGIFRN:0.25	TTEYEGIF:0.25	LVVSDTGG:0.5	MGQLPVSL:0.5	VSLVVSDT:0.3333333333333333	GQLPVSLV:0.3333333333333333	EMGQLPVS:0.5	VVSDTGGF:0.5	SPQENFPN:0.25	LPVSLVVS:0.3333333333333333	QLPVSLVV:0.3333333333333333	PVSLVVSD:0.3333333333333333	SLVVSDTG:0.3333333333333333	LDSQQYIK:0.25	FEQADLAF:0.25	IPLVFFGR:0.25	AMKSWELT:0.25	EQADLAFF:0.25	VNQRLLNQ:0.3333333333333333	GFRETLNL:0.25	KIPLVFFG:0.25	ADLAFFLS:0.25	DAMKSWEL:0.25	AVTLHSGQ:0.25	NQRLLNQR:0.3333333333333333	SFEQADLA:0.25	GGFRETLN:0.25	FRETLNLI:0.25	DSQQYIKQ:0.25	TLHSGQEW:0.25	LHSGQEWL:0.25	DLFSQEAI:0.25	VTLHSGQE:0.25	LLNQRLEY:0.25	LNQRLEYM:0.25	ETLNLIER:0.25	WQAYHYEQ:0.25	RYYLRQYL:0.25	TGGFQETL:0.25	AVVYVEFP:0.3333333333333333	DGSLLKLL:0.25	IATGKEIA:0.25	KERYYLRQ:0.25	GGFQETLN:0.25	VSDTGGFQ:0.25	SLLKLLEF:0.25	ERYYLRQY:0.25	AIATGKEI:0.25	TGKEIAYY:0.25	FWQAYHYE:0.25	WFWQAYHY:0.25	GFQETLNL:0.25	CCLFFTQA:0.25	ATGKEIAY:0.25	VLNLQPIH:0.25	AAIATGKE:0.25	DTGGFQET:0.25	LLKLLEFN:0.25	GSLLKLLE:0.25	SDTGGFQE:0.25	
