cluster number:2225
GT4:21	GT4:21
LFLGQLSY:0.23809523809523808	EAFAAGCP:0.3333333333333333	VPDVRPYL:0.23809523809523808	GGGTRLKI:0.6190476190476191	PDVRPYLA:0.23809523809523808	DGEHLLIR:0.2857142857142857	RTLFITKE:0.23809523809523808	LFITKEVP:0.23809523809523808	RPYLAAAS:0.23809523809523808	AFAAGCPV:0.3333333333333333	WQNINIMM:0.23809523809523808	STAKGAEG:0.2857142857142857	ILEAFAAG:0.23809523809523808	KILEAFAA:0.2857142857142857	GTRLKILE:0.5238095238095238	GGTRLKIL:0.42857142857142855	RLKILEAF:0.42857142857142855	LKILEAFA:0.42857142857142855	TRLKILEA:0.5238095238095238	
