cluster number:1238
GT4:56	GT4:56
LGLPVVTT:0.25	VQNKILEY:0.625	CSNGVDLS:0.25	TPRFPYPV:0.6071428571428571	AGVQNKIL:0.6428571428571429	ISLNYSRV:0.2857142857142857	LEMTDAIS:0.7142857142857143	PLQVAYYR:0.23214285714285715	DAISLNYS:0.44642857142857145	MTDAISLN:0.625	LQVAYYRS:0.21428571428571427	ILEYMALG:0.6607142857142857	DGVFDRVE:0.21428571428571427	NKILEYMA:0.6785714285714286	VMVCSNGV:0.21428571428571427	GLPVVTTS:0.21428571428571427	FPYPVIGG:0.42857142857142855	MALGLPVV:0.25	KILEYMAL:0.6607142857142857	TPLQVAYY:0.32142857142857145	EMTDAISL:0.5178571428571429	LEYMALGL:0.6607142857142857	QNKILEYM:0.6964285714285714	GAGVQNKI:0.5178571428571429	VLTPRFPY:0.375	RFPYPVIG:0.42857142857142855	ALGLPVVT:0.25	PYPVIGGD:0.44642857142857145	TDAISLNY:0.625	GVFDRVER:0.21428571428571427	LTPRFPYP:0.5892857142857143	EYMALGLP:0.6785714285714286	YMALGLPV:0.23214285714285715	VCSNGVDL:0.25	LVLTPRFP:0.44642857142857145	RTPLQVAY:0.21428571428571427	TRTPLQVA:0.21428571428571427	PRFPYPVI:0.42857142857142855	CPMRIGAG:0.21428571428571427	IGAGVQNK:0.21428571428571427	AISLNYSR:0.44642857142857145	RIGAGVQN:0.21428571428571427	GVQNKILE:0.625	ILEMTDAI:0.5	SLNYSRVK:0.2857142857142857	RKPLQIAY:0.21428571428571427	LTLLSLCE:0.25	ILVLTPRF:0.26785714285714285	YMALGLPC:0.23214285714285715	MALGLPCI:0.23214285714285715	FIGNMYSL:0.21428571428571427	KILVLTPR:0.23214285714285715	KPLQIAYY:0.35714285714285715	KKILVLTP:0.21428571428571427	VIGGDRLR:0.35714285714285715	GGDRLRIY:0.44642857142857145	PVIGGDRL:0.35714285714285715	IGNMYSLQ:0.21428571428571427	IGGDRLRI:0.30357142857142855	GNMYSLQN:0.21428571428571427	HIGICPVR:0.23214285714285715	GHIGICPV:0.23214285714285715	VGGDRLRI:0.21428571428571427	LQIAYYKN:0.21428571428571427	SHLIRVGD:0.26785714285714285	PVVGGDRL:0.21428571428571427	LSHLIRVG:0.25	VVGGDRLR:0.21428571428571427	HILEMTDA:0.21428571428571427	ILTPRFPY:0.21428571428571427	EEILIADN:0.21428571428571427	LILTPRFP:0.23214285714285715	PLQIAYYK:0.23214285714285715	HLIRVGDY:0.2857142857142857	TLSHLIRV:0.23214285714285715	YPVIGGDR:0.25	TDAISMNY:0.21428571428571427	
