cluster number:280
GT4:660	GT4:660|2.4.1.-:2|GT2:1
VNGVVRTL:0.44242424242424244	GRVAVEKN:0.4909090909090909	QVNGVVRT:0.5242424242424243	VFVFPSRT:0.36666666666666664	GTPVAAYP:0.23333333333333334	GPLGLAAR:0.24696969696969698	YVGRVAVE:0.29545454545454547	VFPSRTDT:0.39090909090909093	TEGPLGLA:0.25757575757575757	RVAVEKNI:0.2106060606060606	VGRVAVEK:0.4303030303030303	LYVGRVAV:0.26666666666666666	EGPLGLAA:0.2590909090909091	DVFVFPSR:0.38181818181818183	FTTAYHTR:0.2106060606060606	PQVNGVVR:0.6727272727272727	FPSRTDTF:0.3924242424242424	SRTDTFGL:0.34545454545454546	RTDTFGLV:0.34545454545454546	PFTTAYHT:0.25757575757575757	TPVAAYPV:0.21666666666666667	YHTRFPEY:0.46060606060606063	TTAYHTRF:0.2545454545454545	AYHTRFPE:0.2787878787878788	FVFPSRTD:0.37727272727272726	ADVFVFPS:0.703030303030303	HTRFPEYV:0.38484848484848483	PSRTDTFG:0.3924242424242424	TAYHTRFP:0.2696969696969697	HIATEGPL:0.5287878787878788	IFLYVGRV:0.2106060606060606	DTFGLVLL:0.31212121212121213	EKNVEAFL:0.2	LHIATEGP:0.3015151515151515	ALHIATEG:0.2787878787878788	DALHIATE:0.20454545454545456	AYPVTGPI:0.20606060606060606	DLPGSKWV:0.21818181818181817	IVTDAWEP:0.20454545454545456	PTYPEIRL:0.42727272727272725	CPTYPEIR:0.37727272727272726	ACGTPVAA:0.31666666666666665	AAYPVTGP:0.3560606060606061	EALACGTP:0.21363636363636362	PIFLYVGR:0.21212121212121213	TYPEIRLS:0.2772727272727273	LVLLEALA:0.25	FGLVLLEA:0.3212121212121212	GLVLLEAL:0.25	TDAWEPQV:0.23333333333333334	AADVFVFP:0.3484848484848485	IATEGPLG:0.5287878787878788	LDLPGSKW:0.20454545454545456	TFGLVLLE:0.31363636363636366	AWEPQVNG:0.23787878787878788	ALACGTPV:0.2106060606060606	AAADVFVF:0.2787878787878788	EPQVNGVV:0.24393939393939393	YAAADVFV:0.22575757575757577	LACGTPVA:0.22272727272727272	FLYVGRVA:0.24545454545454545	DAWEPQVN:0.23787878787878788	TDTFGLVL:0.3242424242424242	VTDAWEPQ:0.21515151515151515	YPVTGPID:0.21515151515151515	PDALHIAT:0.2015151515151515	WEPQVNGV:0.23787878787878788	PCPTYPEI:0.353030303030303	PVAAYPVT:0.34545454545454546	VAAYPVTG:0.3484848484848485	AWHPQVNG:0.2924242424242424	PSLTDTFG:0.2787878787878788	DAWHPQVN:0.2924242424242424	VFPSLTDT:0.2727272727272727	KVVVGDGP:0.27424242424242423	FVFPSLTD:0.25757575757575757	VFVFPSLT:0.22121212121212122	VHIATEGP:0.2196969696969697	PGSKVVVG:0.2	FPSLTDTF:0.2787878787878788	WHPQVNGV:0.2924242424242424	ATEGPLGL:0.3424242424242424	DVFVFPSL:0.22575757575757577	TDAWHPQV:0.2696969696969697	HPQVNGVV:0.2924242424242424	IHIATEGP:0.2	
