cluster number:364
GT4:24	GT4:24
NGIPFFSP:0.5416666666666666	GIPFFSPL:0.5416666666666666	GGGTFGVY:0.2916666666666667	HPQAGGAE:0.375	QNGIPFFS:0.4583333333333333	RGGGTFGV:0.2916666666666667	VVVVSPST:0.20833333333333334	PVVVVSPS:0.20833333333333334	VVVSPSTR:0.20833333333333334	WGLSVLEA:0.3333333333333333	GEGWGLSV:0.4583333333333333	GLSVLEAA:0.20833333333333334	DCQNGIPF:0.4166666666666667	LEAAALGV:0.2916666666666667	SVLEAAAL:0.20833333333333334	LSVLEAAA:0.20833333333333334	VLEAAALG:0.25	EAAALGVP:0.2916666666666667	CQNGIPFF:0.4166666666666667	GWGLSVLE:0.3333333333333333	EGWGLSVL:0.3333333333333333	QNGIPFFT:0.20833333333333334	NGIPFFTP:0.20833333333333334	VNPSHGEG:0.20833333333333334	PTIVCVGR:0.20833333333333334	CVGRLVPH:0.20833333333333334	VDAVVDCQ:0.20833333333333334	RLVPHKRL:0.20833333333333334	VVDCQNGI:0.25	GGTFGVYP:0.20833333333333334	IPFFSPLV:0.2916666666666667	TIVCVGRL:0.20833333333333334	PFFSPLVL:0.2916666666666667	VGRLVPHK:0.2916666666666667	QVLHHVHQ:0.20833333333333334	GRLVPHKR:0.2916666666666667	VPAVAFRV:0.20833333333333334	VCVGRLVP:0.20833333333333334	AWLTVNPS:0.20833333333333334	FFSPLVLP:0.20833333333333334	SHGEGWGL:0.20833333333333334	AVVDCQNG:0.20833333333333334	NPSHGEGW:0.20833333333333334	PAVAFRVP:0.20833333333333334	VDCQNGIP:0.25	FRVPGLRD:0.20833333333333334	IVCVGRLV:0.20833333333333334	LTVNPSHG:0.20833333333333334	DAVVDCQN:0.20833333333333334	HGEGWGLS:0.20833333333333334	GVPAVAFR:0.20833333333333334	WLTVNPSH:0.20833333333333334	TVNPSHGE:0.20833333333333334	PSHGEGWG:0.20833333333333334	AVAFRVPG:0.20833333333333334	VAFRVPGL:0.20833333333333334	AFRVPGLR:0.20833333333333334	GLRDAVRD:0.20833333333333334	LRDAVRDG:0.20833333333333334	DGPDRERL:0.20833333333333334	GDGPDRER:0.20833333333333334	
