cluster number:1876
GT4:11	GT4:11
YVFAGGRI:0.2727272727272727	NGMKRQHL:0.36363636363636365	VFAGGRIN:0.2727272727272727	LIIAGPPD:0.2727272727272727	DEDSLGYV:0.5454545454545454	VAMEAATA:0.36363636363636365	EVMRIPFQ:0.2727272727272727	QHLLLEAL:0.2727272727272727	GFDAEVLL:0.2727272727272727	FDAGQTNL:0.2727272727272727	AYLPFDED:0.2727272727272727	KVLVVNNM:0.2727272727272727	AEVMRIPF:0.2727272727272727	DSLGYVAM:0.36363636363636365	YDLFDAGQ:0.36363636363636365	MKRQHLLL:0.36363636363636365	LFDAGQTN:0.2727272727272727	AEELAAHL:0.2727272727272727	FVWGGAEE:0.5454545454545454	GGAEELAA:0.2727272727272727	YRQAYDLF:0.36363636363636365	MAPFVWGG:0.45454545454545453	WLLHQYRQ:0.45454545454545453	PFDEDSLG:0.45454545454545453	VLLPPVND:0.2727272727272727	EDSLGYVA:0.36363636363636365	NGFDAEVL:0.2727272727272727	VAYLPFDE:0.2727272727272727	FPAYLIRH:0.36363636363636365	NMAPFVWG:0.36363636363636365	DSGGILGL:0.2727272727272727	LLHQYRQA:0.45454545454545453	DLFDAGQT:0.2727272727272727	LLPPVNDP:0.2727272727272727	QAYDLFDA:0.36363636363636365	SLWLLHQY:0.2727272727272727	HVIALKFP:0.2727272727272727	GAEELAAH:0.2727272727272727	LGYVAMEA:0.36363636363636365	ALKFPAYL:0.7272727272727273	AGKALITT:0.2727272727272727	LKFPAYLI:0.45454545454545453	AMEAATAG:0.2727272727272727	MEAATAGK:0.36363636363636365	KRQHLLLE:0.2727272727272727	RQAYDLFD:0.36363636363636365	TAGKALIT:0.2727272727272727	YNGFDAEV:0.2727272727272727	KFPAYLIR:0.36363636363636365	DAGQTNLP:0.2727272727272727	GYVFAGGR:0.2727272727272727	AVAYLPFD:0.2727272727272727	RQHLLLEA:0.2727272727272727	VIALKFPA:0.7272727272727273	ATAGKALI:0.2727272727272727	HQYRQAYD:0.8181818181818182	FDAEVLLP:0.2727272727272727	AYDLFDAG:0.36363636363636365	YVAMEAAT:0.36363636363636365	APFVWGGA:0.45454545454545453	MRIPFQWE:0.2727272727272727	GYVAMEAA:0.36363636363636365	DAEVLLPP:0.2727272727272727	AATAGKAL:0.2727272727272727	LHQYRQAY:0.45454545454545453	VMRIPFQW:0.2727272727272727	SLGYVAME:0.36363636363636365	RLIIAGPP:0.2727272727272727	IPFQWEPA:0.36363636363636365	LPPVNDPE:0.2727272727272727	YLPFDEDS:0.2727272727272727	QYRQAYDL:0.6363636363636364	DHVIALKF:0.2727272727272727	FDEDSLGY:0.45454545454545453	GMKRQHLL:0.36363636363636365	KSLWLLHQ:0.2727272727272727	IPSQMLMV:0.2727272727272727	LPFDEDSL:0.2727272727272727	SGGILGLV:0.2727272727272727	PFVWGGAE:0.5454545454545454	RIPFQWEP:0.36363636363636365	EAATAGKA:0.2727272727272727	RIPSQMLM:0.2727272727272727	RKSLWLLH:0.2727272727272727	LDLRFLPR:0.2727272727272727	LWLLHQYR:0.45454545454545453	VNNMAPFV:0.2727272727272727	VWGGAEEL:0.5454545454545454	MKVLVVNN:0.2727272727272727	IALKFPAY:0.7272727272727273	WGGAEELA:0.6363636363636364	NNMAPFVW:0.36363636363636365	PSQMLMVR:0.2727272727272727	DYIFAGGR:0.2727272727272727	EDSYGYVT:0.2727272727272727	SYGYVTME:0.2727272727272727	YIFAGGRI:0.2727272727272727	GGAEELAD:0.2727272727272727	IFAGGRIN:0.2727272727272727	YGYVTMEA:0.2727272727272727	DSYGYVTM:0.2727272727272727	MKVLIVNN:0.2727272727272727	KTLWLLHQ:0.36363636363636365	KRQHLLIE:0.2727272727272727	HKTLWLLH:0.2727272727272727	RQHLLIEA:0.2727272727272727	RVIALKFP:0.36363636363636365	DRVIALKF:0.36363636363636365	YIPFDEDS:0.2727272727272727	LKFPAYLV:0.2727272727272727	ITTTDSGG:0.2727272727272727	AYIPFDED:0.2727272727272727	
