cluster number:1189
GT4:12	GT4:12
LWSCSDDI:0.4166666666666667	KVYYFPNT:0.25	PPITWAGI:0.25	PIIAATDK:0.5	GVLNIAPA:0.3333333333333333	LFLKEFQV:0.4166666666666667	KSFLMLKD:0.25	LPQGVLNI:0.3333333333333333	VLNIAPAI:0.3333333333333333	YPSRTLAY:0.4166666666666667	SLPREEYE:0.25	PREEYEKL:0.25	GLWSCSDD:0.4166666666666667	NPSIYTDL:0.25	PITWAGIV:0.25	NILYLSAV:0.25	FSKNAREL:0.4166666666666667	YLEKGIPI:0.4166666666666667	YTDLIQEL:0.25	DIFPQNAV:0.75	EKLQFVYG:0.25	IFKYFKRK:0.25	LMLKDIFP:1.0	DAGFIFLD:0.4166666666666667	EFIFVGKG:0.25	GLPQGVLN:0.3333333333333333	FLKEFQVE:0.4166666666666667	EKGIPIIA:0.4166666666666667	FPNTKKDT:0.3333333333333333	IGCMSKGN:0.25	VYYFPNTK:0.25	SIYTDLIQ:0.25	GNMGLPQG:0.4166666666666667	LAYLEKGI:0.4166666666666667	RELFLKEF:0.4166666666666667	GCMSKGNM:0.25	ELFLKEFQ:0.4166666666666667	SRFTIPNY:0.4166666666666667	RTLAYLEK:0.4166666666666667	ETPPITWA:0.25	VDIGLMKK:0.25	FLDSRFTI:0.4166666666666667	MSKGNMDY:0.25	VYGGNMGL:0.3333333333333333	KVLESLPR:0.25	FVGKGTEW:0.25	ILSLPFFM:0.25	LEKGIPII:0.4166666666666667	LPREEYEK:0.25	SCDAGFIF:0.25	PNTKKDTG:0.3333333333333333	IFLDSRFT:0.3333333333333333	QGVLNIAP:0.3333333333333333	VLESLPRE:0.25	YFPNTKKD:0.4166666666666667	FTIPNYPS:0.6666666666666666	ELLHKYIN:0.25	ISDYIGCM:0.25	EFSKNARE:0.3333333333333333	RFTIPNYP:0.6666666666666666	QKNVKVLE:0.3333333333333333	CMSKGNMD:0.25	MLKDIFPQ:1.0	CDAGFIFL:0.4166666666666667	YLSAVPFK:0.25	ATDKNTDI:0.4166666666666667	IPIIAATD:0.4166666666666667	LKDIFPQN:1.0	GIPIIAAT:0.4166666666666667	SVELLHKY:0.3333333333333333	SKNARELF:0.4166666666666667	AVDIGLMK:0.3333333333333333	TLAYLEKG:0.4166666666666667	FPQNAVDI:0.5833333333333334	KNARELFL:0.4166666666666667	LYETPPIT:0.3333333333333333	GFIFLDSR:0.3333333333333333	YGGNMGLP:0.4166666666666667	MGLPQGVL:0.4166666666666667	NMGLPQGV:0.4166666666666667	DSRFTIPN:0.4166666666666667	VKVLESLP:0.25	KGIPIIAA:0.4166666666666667	NVKVLESL:0.25	YETPPITW:0.25	DYIGCMSK:0.25	EKVYYFPN:0.25	SDYIGCMS:0.4166666666666667	PQNAVDIG:0.4166666666666667	GGNMGLPQ:0.4166666666666667	IAATDKNT:0.5	AATDKNTD:0.5	PSRTLAYL:0.4166666666666667	LYLSAVPF:0.25	MNILYLSA:0.25	IFVGKGTE:0.25	KLQFVYGG:0.25	FVYGGNMG:0.3333333333333333	LKPFQIKK:0.25	ILYLSAVP:0.25	PNYPSRTL:0.4166666666666667	PQGVLNIA:0.3333333333333333	IFPQNAVD:0.75	NTKKDTGN:0.25	TPPITWAG:0.25	VGLWSCSD:0.4166666666666667	IIAATDKN:0.5	SRTLAYLE:0.4166666666666667	AYLEKGIP:0.4166666666666667	TIPNYPSR:0.6666666666666666	QFVYGGNM:0.3333333333333333	PSIYTDLI:0.25	LQFVYGGN:0.3333333333333333	FIFLDSRF:0.3333333333333333	VELLHKYI:0.25	NARELFLK:0.4166666666666667	KEKLQFVY:0.25	FIFVGKGT:0.25	FKYFKRKE:0.25	LDSRFTIP:0.4166666666666667	KDIFPQNA:0.9166666666666666	YYFPNTKK:0.25	DIEFIFVG:0.25	KNVKVLES:0.25	FLMLKDIF:0.5	IPNYPSRT:0.4166666666666667	ARELFLKE:0.4166666666666667	QNAVDIGL:0.4166666666666667	IYTDLIQE:0.25	NAVDIGLM:0.3333333333333333	NYPSRTLA:0.4166666666666667	IEFIFVGK:0.25	AGFIFLDS:0.3333333333333333	SFLMLKDI:0.25	KEFQVEKS:0.3333333333333333	ENSTIYTD:0.25	LKEFQVEK:0.3333333333333333	EFQVEKSV:0.3333333333333333	FQVEKSVE:0.25	LNIAPAIS:0.25	LYISTVFP:0.3333333333333333	KILYISTV:0.3333333333333333	VEKSVELL:0.25	ILYISTVF:0.3333333333333333	MKILYIST:0.3333333333333333	QVEKSVEL:0.25	KSVELLHK:0.25	NSTIYTDL:0.3333333333333333	EKSVELLH:0.25	SFIFKYFK:0.25	TIYTDLAE:0.25	DIGLMKKN:0.25	KNTDIKDL:0.25	DDINSLIE:0.25	MKENKEKR:0.25	DKNTDIKD:0.25	DINSLIEN:0.25	SCSDDINS:0.25	INSLIENI:0.25	WSCSDDIN:0.25	CSDDINSL:0.25	SDDINSLI:0.25	NTDIKDLI:0.25	TDKNTDIK:0.25	YSTPPITF:0.25	STPPITFS:0.25	TYLMLKDI:0.25	YLMLKDIF:0.5	SYLMLKDI:0.25	
