cluster number:575
GT4:22	GT4:22
LVVTLGEA:0.22727272727272727	VFAVPRRD:0.2727272727272727	AMAGGLPV:0.22727272727272727	VVTLGEAM:0.22727272727272727	LDVFAVPR:0.2727272727272727	SDLPALRE:0.5	AGGLPVVA:0.2727272727272727	EAMAGGLP:0.22727272727272727	PLKPVEAM:0.36363636363636365	VASDLPAL:0.5	ASDLPALR:0.5	VYEVRGFL:0.3181818181818182	MAGGLPVV:0.22727272727272727	TPLKPVEA:0.5909090909090909	HAALDVFA:0.22727272727272727	YEVRGFLE:0.3181818181818182	VVYEVRGF:0.2727272727272727	GLPVVASD:0.22727272727272727	LPVVYEVR:0.2727272727272727	DLVVTLGE:0.2727272727272727	VVASDLPA:0.5	LPALREIV:0.2727272727272727	DLPALREI:0.22727272727272727	ADLVVTLG:0.2727272727272727	GGLPVVAS:0.22727272727272727	VTPLKPVE:0.5909090909090909	EVRGFLEE:0.3181818181818182	VDGIPYHR:0.22727272727272727	PVVYEVRG:0.3181818181818182	RLVTPLKP:0.2727272727272727	AALDVFAV:0.22727272727272727	LVTPLKPV:0.22727272727272727	DVFAVPRR:0.2727272727272727	HHAALDVF:0.2727272727272727	ALDVFAVP:0.22727272727272727	PVVASDLP:0.5	LKPVEAMA:0.36363636363636365	LDVFVVPR:0.22727272727272727	LTNSLPHT:0.3181818181818182	RPVVASDL:0.36363636363636365	PWVYEVRG:0.45454545454545453	GRPVVASD:0.22727272727272727	TGSGYAQR:0.3181818181818182	WVYEVRGQ:0.3181818181818182	GQLADTWA:0.36363636363636365	PHTGSGYA:0.36363636363636365	VSSLVDYE:0.36363636363636365	HTGSGYAQ:0.3181818181818182	VRGQLADT:0.3181818181818182	RGQLADTW:0.36363636363636365	SSLVDYEG:0.36363636363636365	SGYAQRSH:0.22727272727272727	VYEVRGQL:0.3181818181818182	GIPWVYEV:0.3181818181818182	TVSSLVDY:0.36363636363636365	EVRGQLAD:0.3181818181818182	LPHTGSGY:0.3181818181818182	NSLPHTGS:0.3181818181818182	HTTTHFVN:0.22727272727272727	TNSLPHTG:0.3181818181818182	GTVSSLVD:0.36363636363636365	IPWVYEVR:0.3181818181818182	YEVRGQLA:0.3181818181818182	SLVDYEGL:0.2727272727272727	SLPHTGSG:0.3181818181818182	IGTVSSLV:0.22727272727272727	QLADTWAS:0.2727272727272727	AVTRLGYP:0.22727272727272727	ADTWASTR:0.22727272727272727	LADTWAST:0.22727272727272727	
