cluster number:2118
GT4:12	GT4:12
GIIGSWTW:0.4166666666666667	YSAAKYYS:0.3333333333333333	RTGGEIAS:0.25	ISGGGIQI:0.25	IGIIGSWT:0.3333333333333333	IGSWTWKA:0.5	LPYSAAKY:0.25	IQIKTLDA:0.5	IDHAQLGW:0.25	DAIASGSQ:0.3333333333333333	LTTVLPSG:0.25	IPSISGGG:0.25	ASGSQIVA:0.25	DHAQLGWL:0.25	AIPSISGG:0.25	KTLDAIAS:0.5833333333333334	TGGEIASQ:0.5833333333333334	IIGSWTWK:0.3333333333333333	PSISGGGI:0.25	IIDHAQLG:0.25	TVIIDHAQ:0.25	AIASGSQI:0.3333333333333333	IASGSQIV:0.3333333333333333	TLDAIASG:0.5833333333333334	HAQLGWLL:0.25	AQLGWLLP:0.25	PYSAAKYY:0.3333333333333333	IKTLDAIA:0.75	RRTGGEIA:0.25	VIIDHAQL:0.25	SGGGIQIK:0.3333333333333333	LDAIASGS:0.4166666666666667	ILYLTTVL:0.4166666666666667	LYLTTVLP:0.4166666666666667	GSWTWKAN:0.5	GIQIKTLD:0.5	SISGGGIQ:0.25	KVIFIAHN:0.25	QIKTLDAI:0.8333333333333334	YLTTVLPS:0.4166666666666667	DIGIIGSW:0.4166666666666667	MKILYLTT:0.4166666666666667	GGGIQIKT:0.4166666666666667	GGIQIKTL:0.4166666666666667	KILYLTTV:0.4166666666666667	IAIPSISG:0.25	LPYSSAKY:0.3333333333333333	PYSSAKYY:0.25	YSSAKYYS:0.25	IKTLDAIT:0.25	IFIAHNIE:0.3333333333333333	WFFQSVYP:0.25	GVQIKTLD:0.3333333333333333	VQIKTLDA:0.3333333333333333	IHVAGKGA:0.25	IPTLSGGG:0.25	PTLSGGGI:0.25	AIPTLSGG:0.25	FDIGIIGS:0.25	LHGSEVAS:0.25	KLHGSEVA:0.25	HGSEVASQ:0.25	
