cluster number:1474
GT4:18	GT4:18
AGDAAILV:0.2222222222222222	TILEAMAC:0.5555555555555556	MPEVAGDA:0.2777777777777778	LQGSVQLP:0.2222222222222222	ILEAMACG:0.4444444444444444	AMPEVAGD:0.2777777777777778	LHEGFGIT:0.3888888888888889	KYYERFWR:0.2777777777777778	WEIVDLAP:0.2222222222222222	EGFGITIL:0.3888888888888889	MACGTPVI:0.6111111111111112	SLHEGFGI:0.3888888888888889	HDLINFYY:0.2222222222222222	TSNTSAMP:0.3333333333333333	AHIVYWLQ:0.2222222222222222	VVVTCHDL:0.4444444444444444	TSAMPEVA:0.2222222222222222	NVGANHPR:0.2222222222222222	TVRPDWEI:0.3333333333333333	ANHPRKNI:0.2222222222222222	WKVGADFT:0.2777777777777778	FGITILEA:0.3888888888888889	GADFTDEQ:0.2777777777777778	SNTSAMPE:0.3333333333333333	VITSNTSA:0.3333333333333333	LIAPSLHE:0.2777777777777778	APSLHEGF:0.4444444444444444	SVQLPFVS:0.2222222222222222	KTVRPDWE:0.2777777777777778	CHDLINFY:0.2222222222222222	CGTPVITS:0.6111111111111112	VVTCHDLI:0.5555555555555556	GTPVITSN:0.6111111111111112	GANHPRKN:0.2222222222222222	LEAMACGT:0.6111111111111112	LLNVGANH:0.2222222222222222	PVITSNTS:0.2777777777777778	ITILEAMA:0.3888888888888889	HIVYWLQK:0.2222222222222222	LKTVRPDW:0.2222222222222222	FTWEKTAE:0.2222222222222222	GITILEAM:0.3888888888888889	TPVITSNT:0.2777777777777778	ISGLKTVR:0.2222222222222222	DWEIVDLA:0.2222222222222222	NLQGSVQL:0.2222222222222222	YERFWRFP:0.3888888888888889	IAPSLHEG:0.2777777777777778	VRPDWEIV:0.2222222222222222	AVKGMKYA:0.2222222222222222	EAMACGTP:0.6111111111111112	KVGADFTD:0.2222222222222222	FWKVGADF:0.2777777777777778	VTCHDLIN:0.8333333333333334	TCHDLINF:0.7777777777777778	PDWEIVDL:0.2222222222222222	LNVGANHP:0.2222222222222222	IYNAADIL:0.3888888888888889	VGANHPRK:0.2222222222222222	VGADFTDE:0.2222222222222222	VAGDAAIL:0.2222222222222222	EAHIVYWL:0.2222222222222222	RPDWEIVD:0.2222222222222222	AMACGTPV:0.6111111111111112	SGLKTVRP:0.2222222222222222	ITSNTSAM:0.3333333333333333	ADFTDEQK:0.2777777777777778	ACGTPVIT:0.6111111111111112	VKGMKYAD:0.2222222222222222	GFGITILE:0.3888888888888889	AEAHIVYW:0.2222222222222222	NTSAMPEV:0.3333333333333333	GSVQLPFV:0.2222222222222222	PSLHEGFG:0.4444444444444444	PEVAGDAA:0.2222222222222222	EVAGDAAI:0.2222222222222222	VDPIFRQL:0.2222222222222222	SAMPEVAG:0.2777777777777778	DPIFRQLS:0.2222222222222222	HEGFGITI:0.3333333333333333	AMPEVVGD:0.2777777777777778	YLGKPDKS:0.2222222222222222	TPVITSNV:0.2777777777777778	TSNVSAMP:0.2222222222222222	PVVVTCHD:0.2777777777777778	HDLINFFY:0.2222222222222222	PEVVGDAG:0.3888888888888889	LGKPDKST:0.2222222222222222	LNVGSNHP:0.3888888888888889	SAMPEVVG:0.3333333333333333	LLNVGSNH:0.3888888888888889	NVSAMPEV:0.2777777777777778	VGDAGILV:0.3888888888888889	TICLLNVG:0.2777777777777778	PVITSNVS:0.2222222222222222	ITSNVSAM:0.2222222222222222	NVGSNHPR:0.3888888888888889	SNVSAMPE:0.2222222222222222	EVVGDAGI:0.3888888888888889	GSNHPRKN:0.3888888888888889	CLLNVGSN:0.3888888888888889	MPEVVGDA:0.2777777777777778	VSAMPEVV:0.2222222222222222	GKPDKSTL:0.2777777777777778	CHDLINFF:0.2222222222222222	VGSNHPRK:0.3888888888888889	QIYNAADI:0.2222222222222222	VVGDAGIL:0.3888888888888889	VITSNVSA:0.2222222222222222	RVKSFTWE:0.2222222222222222	FSMDVYAD:0.2222222222222222	ADILLAPS:0.2777777777777778	RPDWEIIE:0.2777777777777778	PDWEIIEL:0.2777777777777778	LLAPSLYE:0.2222222222222222	MTILEAMA:0.2222222222222222	APSLYEGF:0.2222222222222222	PSLYEGFG:0.2222222222222222	FGMTILEA:0.2222222222222222	RAKLFTWE:0.2777777777777778	VRPDWEII:0.3888888888888889	LAPSLYEG:0.2222222222222222	GMTILEAM:0.2222222222222222	YNAADILL:0.2222222222222222	AADILLAP:0.2222222222222222	ADIFHIIE:0.2222222222222222	NAADILLA:0.2222222222222222	TAKDTTQI:0.2222222222222222	MRVAIVRT:0.2222222222222222	KDTTQILN:0.2222222222222222	VAIVRTMP:0.2222222222222222	AKDTTQIL:0.2222222222222222	DTTQILNI:0.2222222222222222	ATAKDTTQ:0.2222222222222222	RVAIVRTM:0.2222222222222222	AVSSATAK:0.2222222222222222	DAGILVEP:0.2222222222222222	GDAGILVE:0.2222222222222222	
