cluster number:1979
GT4:14	GT4:14
QKGLDILL:0.2857142857142857	KGLNGFNE:0.21428571428571427	PDIIHIHS:0.21428571428571427	INLLFVGR:0.5	GLVAIEAM:0.5	EAMKNKKA:0.21428571428571427	WEGFGLVA:0.7857142857142857	NRGALPEL:0.2857142857142857	DTLKELLD:0.21428571428571427	EGFGLVAI:0.5	AIEAMKNK:0.2857142857142857	RWEGFGLV:0.8571428571428571	RQKGLDIL:0.35714285714285715	LVAIEAMK:0.35714285714285715	FNEFEKKY:0.21428571428571427	HIGEYVKG:0.21428571428571427	NLLFVGRF:0.42857142857142855	SRWEGFGL:0.8571428571428571	GLNGFNEF:0.21428571428571427	IGEYVKGG:0.21428571428571427	EFEKKYTS:0.21428571428571427	FGLVAIEA:0.5	EYVKGGVA:0.21428571428571427	IIPSRWEG:0.35714285714285715	IEAMKNKK:0.21428571428571427	VSNRGALP:0.2857142857142857	GEYVKGGV:0.2857142857142857	KNKKAIIV:0.21428571428571427	VYCSHGWA:0.21428571428571427	TDKIINIS:0.21428571428571427	MKNKKAII:0.21428571428571427	IVSNRGAL:0.2857142857142857	FVGRFDRQ:0.5714285714285714	DRQKGLDI:0.35714285714285715	AMKNKKAI:0.21428571428571427	FDRQKGLD:0.35714285714285715	SNRGALPE:0.35714285714285715	LLFVGRFD:0.6428571428571429	VAIEAMKN:0.35714285714285715	KINLLFVG:0.5	VGRFDRQK:0.5714285714285714	NGFNEFEK:0.21428571428571427	LDTLKELL:0.21428571428571427	HIHSTFAG:0.21428571428571427	NKKAIIVS:0.21428571428571427	GFGLVAIE:0.5	LNGFNEFE:0.21428571428571427	GFNEFEKK:0.21428571428571427	VKGGVATY:0.21428571428571427	NLDTLKEL:0.21428571428571427	KGGVATYL:0.21428571428571427	PSRWEGFG:0.8571428571428571	LFVGRFDR:0.6428571428571429	IPSRWEGF:0.42857142857142855	GRFDRQKG:0.5714285714285714	RFDRQKGL:0.35714285714285715	MHIGEYVK:0.21428571428571427	YVKGGVAT:0.21428571428571427	NEFEKKYT:0.21428571428571427	YCSHGWAF:0.21428571428571427	SKINLLFV:0.2857142857142857	AVIIPSRW:0.21428571428571427	VIIPSRWE:0.21428571428571427	DAVIIPSR:0.21428571428571427	IVYCSHGW:0.21428571428571427	SDRGALPE:0.21428571428571427	KIVYCSHG:0.21428571428571427	VSDRGALP:0.21428571428571427	MPSRWEGF:0.21428571428571427	VPSRWEGF:0.21428571428571427	KILHVGEY:0.21428571428571427	VATYLRTL:0.21428571428571427	GVATYLRT:0.21428571428571427	GGVATYLR:0.21428571428571427	
