cluster number:874
GT4:149	GT4:149
IHAHYADA:0.22818791946308725	LTEPFGLT:0.87248322147651	VNPALTEP:0.5033557046979866	GLTLLEAA:0.28187919463087246	FVNPALTE:0.5033557046979866	TGHSLGRE:0.2348993288590604	GHSLGREK:0.2348993288590604	LTLLEAAA:0.2751677852348993	FGLTLLEA:0.3624161073825503	HAHYADAG:0.2348993288590604	DTGGQTLY:0.20134228187919462	NPALTEPF:0.825503355704698	VFTGHSLG:0.2080536912751678	FTGHSLGR:0.3087248322147651	LYGKVAYP:0.2483221476510067	ALTEPFGL:0.87248322147651	PFGLTLLE:0.3624161073825503	TGGQTLYV:0.20134228187919462	EPFGLTLL:0.3624161073825503	PALTEPFG:0.825503355704698	TEPFGLTL:0.8859060402684564	YGKVAYPK:0.24161073825503357	YADAGYVG:0.6644295302013423	HYADAGYV:0.697986577181208	GPRRYLRK:0.28859060402684567	PFGLTLIE:0.5436241610738255	CGPRRYLR:0.24161073825503357	FGLTLIEA:0.5302013422818792	PRRYLRKE:0.28859060402684567	SVHGLIRG:0.2751677852348993	EPFGLTLI:0.5436241610738255	DADTGGQT:0.5369127516778524	RDADTGGQ:0.7046979865771812	LELGRDAD:0.610738255033557	ELGRDADT:0.6912751677852349	GRDADTGG:0.7046979865771812	LGRDADTG:0.6912751677852349	LTLIEAAA:0.37583892617449666	GLTLIEAA:0.37583892617449666	HTHYADAG:0.2080536912751678	VFVNPALT:0.3288590604026846	HTGHSLGR:0.5302013422818792	TLIEAAAS:0.28859060402684567	GVFVNPAL:0.35570469798657717	IEAAASGL:0.2214765100671141	LIEAAASG:0.28187919463087246	EAAASGLP:0.3087248322147651	THYADAGY:0.2080536912751678	GVFINPAL:0.2684563758389262	FINPALTE:0.31543624161073824	LVHTGHSL:0.3221476510067114	VHTGHSLG:0.3691275167785235	RYLRKEVL:0.20134228187919462	PLVHTGHS:0.3221476510067114	ADTGGQTK:0.3087248322147651	INPALTEP:0.31543624161073824	TGGQTKYV:0.2751677852348993	DTGGQTKY:0.3087248322147651	TGHSLGRV:0.3288590604026846	IDNTLLGD:0.22818791946308725	VFINPALT:0.2684563758389262	IDRYDLYG:0.2483221476510067	GHSLGRVK:0.33557046979865773	NLELGRDA:0.2953020134228188	YLRKEVLW:0.20134228187919462	HSLGRVKR:0.21476510067114093	SHYADAGY:0.28859060402684567	HSHYADAG:0.3422818791946309	IHSHYADA:0.2684563758389262	VIPPGTDL:0.2214765100671141	IATGRRLD:0.21476510067114093	
