cluster number:1696
GT4:11	GT4:11
HHNQWMYD:0.2727272727272727	DSLHILEY:0.36363636363636365	APLVGLTA:0.45454545454545453	VMAPLVGL:0.2727272727272727	TFIVDSLH:0.2727272727272727	AERWAMET:0.36363636363636365	QKRPEAFI:0.36363636363636365	DRLWWIKR:0.2727272727272727	IHHNQWMY:0.2727272727272727	NEGITLTT:0.6363636363636364	ADVGSQST:0.2727272727272727	APKAVIIA:0.2727272727272727	IVDSLHIL:0.2727272727272727	IIAMHWLQ:0.2727272727272727	QPGGAERW:0.2727272727272727	HHVISPQL:0.8181818181818182	PVLSADVG:0.2727272727272727	MAPLVGLT:0.2727272727272727	KAVIIAMH:0.2727272727272727	LHHVISPQ:0.7272727272727273	GITLTTIE:0.6363636363636364	SADVGSQS:0.2727272727272727	IMHGSGDM:0.2727272727272727	VLSADVGS:0.2727272727272727	QYPRLTDT:0.45454545454545453	PKAVIIAM:0.2727272727272727	LSADVGSQ:0.2727272727272727	TLVPSQGL:0.2727272727272727	TDTSTLNG:0.2727272727272727	LWWIKRYY:0.2727272727272727	DLHHVISP:0.7272727272727273	RQKRPEAF:0.45454545454545453	LTTIEAIS:0.36363636363636365	RLWWIKRY:0.2727272727272727	ERWAMETV:0.36363636363636365	FIVDSLHI:0.2727272727272727	LVPSQGLL:0.2727272727272727	LTPDDATD:0.2727272727272727	LTDTSTLN:0.2727272727272727	PGGAERWA:0.2727272727272727	PLLRALFE:0.2727272727272727	IDLHHVIS:0.7272727272727273	AMETVALA:0.2727272727272727	GAERWAME:0.36363636363636365	LLTPDDAT:0.2727272727272727	WLQPGGAE:0.2727272727272727	LLRALFEQ:0.2727272727272727	WQYPRLTD:0.45454545454545453	DVGSQSTL:0.2727272727272727	TRQKRPEA:0.2727272727272727	MHGSGDMD:0.2727272727272727	HWLQPGGA:0.2727272727272727	FIMHGSGD:0.2727272727272727	VDSLHILE:0.36363636363636365	HGSGDMDS:0.2727272727272727	PRLTDTST:0.45454545454545453	RLTDTSTL:0.36363636363636365	TLTTIEAI:0.45454545454545453	YDRLWWIK:0.2727272727272727	ITLTTIEA:0.6363636363636364	VIIAMHWL:0.2727272727272727	YIDLHHVI:0.2727272727272727	YPRLTDTS:0.45454545454545453	EGITLTTI:0.6363636363636364	LQPGGAER:0.2727272727272727	PLVGLTAD:0.45454545454545453	WAMETVAL:0.2727272727272727	AVIIAMHW:0.2727272727272727	WWIKRYYP:0.2727272727272727	METVALAR:0.2727272727272727	RWAMETVA:0.2727272727272727	GGAERWAM:0.36363636363636365	MHWLQAGG:0.2727272727272727	LQAGGAER:0.36363636363636365	WLQAGGAE:0.36363636363636365	AGGAERWG:0.2727272727272727	VNEGITLT:0.36363636363636365	DSLHIVEY:0.36363636363636365	HVISPQLE:0.45454545454545453	WIDLHHVI:0.36363636363636365	HWLQAGGA:0.36363636363636365	SVNEGITL:0.36363636363636365	VDSLHIVE:0.2727272727272727	HHCQWMYD:0.2727272727272727	RYLLLTPD:0.2727272727272727	LRALFEQF:0.2727272727272727	IHHCQWMY:0.2727272727272727	QAGGAERW:0.36363636363636365	SSVNEGIT:0.2727272727272727	DGHQPWIT:0.2727272727272727	
