cluster number:1792
GT4:17	GT4:17
IGRLHPQK:0.29411764705882354	AIGFLEKT:0.23529411764705882	IGFLEKTS:0.23529411764705882	ILSIGRLH:0.23529411764705882	YDKLGMDP:0.35294117647058826	FEGKSIAI:0.4117647058823529	ELAIEACK:0.23529411764705882	SIAIDEAK:0.47058823529411764	FSTAKDQI:0.23529411764705882	AGGGEKSL:0.23529411764705882	TSRFEGKS:0.29411764705882354	KSIAIDEA:0.47058823529411764	MKKNLLFV:0.35294117647058826	SRFEGKSI:0.47058823529411764	AIDEAKIL:0.5294117647058824	IVTVSEEC:0.23529411764705882	IAIDEAKI:0.5294117647058824	SIGRLHPQ:0.23529411764705882	HIDYDKLG:0.23529411764705882	EGKSIAID:0.47058823529411764	FELAIEAC:0.23529411764705882	GKSIAIDE:0.47058823529411764	QTSRFEGK:0.29411764705882354	IDYDKLGM:0.23529411764705882	GRLHPQKG:0.29411764705882354	RFEGKSIA:0.47058823529411764	DYDKLGMD:0.35294117647058826	NLLSQIDY:0.35294117647058826	TVSEECAN:0.23529411764705882	VTVSEECA:0.4117647058823529	GWIHIDYD:0.29411764705882354	KIGWIHID:0.35294117647058826	IGWIHIDY:0.35294117647058826	INLLSQID:0.23529411764705882	LVTVSEEC:0.23529411764705882	SLINLLSQ:0.23529411764705882	KPIVVTNF:0.23529411764705882	HLVTVSEE:0.23529411764705882	LINLLSQI:0.23529411764705882	VIHNIVSP:0.4117647058823529	ADIYVQPS:0.35294117647058826	DIYVQPSR:0.35294117647058826	QPSRFEGK:0.35294117647058826	PSRFEGKS:0.23529411764705882	VQPSRFEG:0.29411764705882354	YVQPSRFE:0.29411764705882354	IYVQPSRF:0.29411764705882354	
