cluster number:2242
GT4:6	GT4:6
VITEAMSQ:0.3333333333333333	FPSLFEGF:0.3333333333333333	YDLPIGYW:0.3333333333333333	PVITTERT:0.3333333333333333	PSLFEGFG:0.3333333333333333	FVFPSLFE:1.0	EGFGLVIT:0.3333333333333333	FVASSFTK:0.3333333333333333	LFEGFGLV:0.3333333333333333	LVITEAMS:0.3333333333333333	ITEAMSQG:0.3333333333333333	GLVITEAM:0.3333333333333333	FEGFGLVI:0.3333333333333333	GLSQRKGL:0.3333333333333333	GFGLVITE:0.3333333333333333	VFPSLFEG:1.0	FGLVITEA:0.3333333333333333	GGLSQRKG:0.3333333333333333	DVFVFPSL:1.0	SLFEGFGL:0.3333333333333333	VFVFPSLF:1.0	CPDARPPA:0.6666666666666666	ACPDARPP:0.6666666666666666	ERLRVIPY:0.3333333333333333	SAVVTYEA:0.6666666666666666	EGSAVVTY:0.6666666666666666	LFEGSAVV:0.6666666666666666	GSAVVTYE:0.6666666666666666	VIPYAADT:0.3333333333333333	VVVACPDA:0.5	FEGSAVVT:0.6666666666666666	RLRVIPYA:0.3333333333333333	PSLFEGSA:0.6666666666666666	VACPDARP:0.6666666666666666	RVIPYAAD:0.5	LRVIPYAA:0.3333333333333333	VVACPDAR:0.5	ADVFVFPS:0.6666666666666666	LVPSEHIA:0.3333333333333333	FPSLFEGS:0.6666666666666666	SLFEGSAV:0.6666666666666666	AGSVVRDG:0.3333333333333333	SVVRDGVE:0.3333333333333333	IKYLLEAW:0.5	LHARRLRD:0.3333333333333333	WLHARRLR:0.3333333333333333	GIKYLLEA:0.5	MVHGDVRE:0.5	TYEALACG:0.5	MAAADVFV:0.5	VVRDGVEG:0.3333333333333333	AWLHARRL:0.3333333333333333	ARPPAYQA:0.5	RPPAYQAV:0.3333333333333333	AVVTYEAL:0.5	LVPSDHIA:0.3333333333333333	VVTYEALA:0.5	PDARPPAY:0.5	VTYEALAC:0.5	RKGIKYLL:0.5	AADVFVFP:0.5	SMVHGDVR:0.5	VHGDVREE:0.5	TFLFAGGI:0.3333333333333333	CTFLFAGG:0.5	LSMVHGDV:0.5	KGIKYLLE:0.5	QRKGIKYL:0.5	AAADVFVF:0.5	DARPPAYQ:0.5	GSVVRDGV:0.3333333333333333	YEALACGL:0.5	RFVTSYYH:0.3333333333333333	VLSMVHGD:0.3333333333333333	TVLSMVHG:0.3333333333333333	GWKLQLLG:0.3333333333333333	IPYAADCR:0.3333333333333333	HMAAADVF:0.3333333333333333	LRARMSAA:0.3333333333333333	ADCRRFRP:0.3333333333333333	PGWKLQLL:0.3333333333333333	CRRFRPLS:0.3333333333333333	LLVFSDVG:0.3333333333333333	LGRAGMLK:0.3333333333333333	LKRFVTSY:0.3333333333333333	HGDVREEA:0.3333333333333333	SQRKGIKY:0.3333333333333333	DFDWPRYH:0.3333333333333333	RARMSAAA:0.3333333333333333	MLKRFVTS:0.3333333333333333	PYAADCRR:0.3333333333333333	RRPGWKLQ:0.3333333333333333	RAGMLKRF:0.3333333333333333	GLGRAGML:0.3333333333333333	KYLLEAWA:0.3333333333333333	GRAGMLKR:0.3333333333333333	FDWPRYHV:0.3333333333333333	VRRPGWKL:0.3333333333333333	EALACGLP:0.3333333333333333	GRVGHPEV:0.3333333333333333	WPRYHVAV:0.3333333333333333	DWPRYHVA:0.3333333333333333	DCRRFRPL:0.3333333333333333	AGMLKRFV:0.3333333333333333	RPGWKLQL:0.3333333333333333	VTSYYHDP:0.3333333333333333	AADCRRFR:0.3333333333333333	GMLKRFVT:0.3333333333333333	VIPYAADC:0.3333333333333333	FVTSYYHD:0.3333333333333333	KRFVTSYY:0.3333333333333333	RVGHPEVP:0.3333333333333333	LGRVGHPE:0.3333333333333333	SVVVACPD:0.3333333333333333	YAADCRRF:0.3333333333333333	ARMSAAAR:0.3333333333333333	
