cluster number:466
GT4:407	GT4:407
TDTYFPQV:0.6068796068796068	ATSIKTLK:0.24078624078624078	RISYEKNI:0.20884520884520885	VSGVATSI:0.6511056511056511	YHTMYEDY:0.3882063882063882	QVSGVATS:0.6511056511056511	GHEVYIFT:0.20884520884520885	DTYFPQVS:0.6068796068796068	HTMYEDYL:0.3464373464373464	ISYEKNIQ:0.20884520884520885	HTYHTMYE:0.4103194103194103	TYHTMYED:0.3882063882063882	TMYEDYLH:0.33906633906633904	FTDTYFPQ:0.6781326781326781	SRISYEKN:0.20884520884520885	TSETQGLT:0.4914004914004914	YFPQVSGV:0.6314496314496314	PQVSGVAT:0.6511056511056511	YIFTTTDP:0.29975429975429974	FPQVSGVA:0.5921375921375921	IHTYHTMY:0.2628992628992629	LSLSRISY:0.20638820638820637	VYIFTTTD:0.4250614250614251	SLSRISYE:0.20638820638820637	LLSLSRIS:0.2285012285012285	ASTSETQG:0.48894348894348894	MLLSLSRI:0.2334152334152334	SGVATSIK:0.4004914004914005	SASTSETQ:0.4742014742014742	MYEDYLHY:0.33906633906633904	GVATSIKT:0.37346437346437344	VATSIKTL:0.37346437346437344	STSETQGL:0.4963144963144963	SYEKNIQA:0.3415233415233415	LSRISYEK:0.20638820638820637	IFTTTDPN:0.20147420147420148	SETQGLTY:0.4914004914004914	TYFPQVSG:0.6068796068796068	GVATSIRT:0.32432432432432434	FFISASTS:0.3759213759213759	MRIGLFTD:0.24815724815724816	LDGVICPS:0.2702702702702703	AADFFISA:0.23832923832923833	HTQTEFSL:0.40786240786240785	GLFTDTYF:0.5012285012285013	YHTQYEDY:0.3488943488943489	IHTQTEFS:0.3808353808353808	IGLFTDTY:0.4226044226044226	LFTDTYFP:0.5012285012285013	DLDGVICP:0.26044226044226043	HTQYEDYV:0.3464373464373464	HTYHTQYE:0.3488943488943489	RIGLFTDT:0.24324324324324326	SGVATSIR:0.32432432432432434	ISASTSET:0.3783783783783784	VFIFTTTD:0.32678132678132676	QTEFSLGL:0.3415233415233415	ADFFISAS:0.257985257985258	TEFSLGLL:0.29975429975429974	VATSIRTL:0.32432432432432434	ATSIRTLK:0.28746928746928746	ALYYKAAD:0.20638820638820637	TQTEFSLG:0.40786240786240785	FISASTSE:0.3783783783783784	IRPSMVKY:0.20638820638820637	DFFISAST:0.37346437346437344	KAADFFIS:0.23832923832923833	EFSLGLLG:0.29975429975429974	TYHTQYED:0.3488943488943489	YYKAADFF:0.2457002457002457	YKAADFFI:0.23832923832923833	IAHGNPYL:0.23587223587223588	ETQGLTYI:0.26044226044226043	IIHTQTEF:0.3955773955773956	PVVHTYHT:0.2628992628992629	FVSFTDRR:0.3046683046683047	LDIIHTQT:0.3931203931203931	KRVIPTGI:0.32678132678132676	TQGLTYIE:0.26044226044226043	AHGNPYLD:0.20884520884520885	VVHTYHTQ:0.24078624078624078	SVPFVSFT:0.20147420147420148	DKMFGTLY:0.2113022113022113	DIIHTQTE:0.39803439803439805	VPFVSFTD:0.20147420147420148	PFVSFTDR:0.3046683046683047	IPVVHTYH:0.26044226044226043	VHTYHTQY:0.2457002457002457	LYEISAEN:0.20147420147420148	KLYEISAE:0.22358722358722358	YEISAENF:0.20147420147420148	ESLASGTP:0.20393120393120392	TMLLSLSR:0.25061425061425063	ETMLLSLS:0.22358722358722358	VHTQTEFS:0.2457002457002457	IVHTQTEF:0.2628992628992629	LDIVHTQT:0.25552825552825553	DIVHTQTE:0.2628992628992629	SFTDRRIA:0.2628992628992629	QGLTYIEA:0.3046683046683047	YEDYLHYV:0.22113022113022113	
