cluster number:2014
GT4:14	GT4:14
GSLPEVVG:0.2857142857142857	MACGTPVI:0.21428571428571427	AGSLPEVV:0.21428571428571427	YVGGLSPH:0.21428571428571427	PEVVGDAG:0.42857142857142855	VVGDAGLF:0.21428571428571427	SLPEVVGD:0.35714285714285715	DRIVTVSE:0.21428571428571427	LYVGGLSP:0.21428571428571427	VGDAGLFF:0.21428571428571427	RGFGRFAR:0.21428571428571427	LMEGFGLP:0.2857142857142857	ANRRGFGR:0.21428571428571427	GGLSPHKN:0.21428571428571427	LPEVVGDA:0.42857142857142855	RRGFGRFA:0.2857142857142857	EVVGDAGL:0.2857142857142857	VVTMHDTL:0.21428571428571427	VGGLSPHK:0.21428571428571427	VEAMACGT:0.35714285714285715	EAMACGTP:0.35714285714285715	NRRGFGRF:0.2857142857142857	LANRRGFG:0.21428571428571427	DAGLFFDP:0.21428571428571427	HPELVFPT:0.21428571428571427	AMACGTPV:0.35714285714285715	PSLMEGFG:0.2857142857142857	SLMEGFGL:0.2857142857142857	GDAGLFFD:0.21428571428571427	GLSPHKNL:0.21428571428571427	TVSETSKR:0.21428571428571427	AVEAMACG:0.21428571428571427	LLEGFGLP:0.35714285714285715	PSLLEGFG:0.35714285714285715	FGLPAVEA:0.2857142857142857	LPAVEAMA:0.2857142857142857	EGFGLPAV:0.2857142857142857	GFGLPAVE:0.2857142857142857	SLLEGFGL:0.35714285714285715	PAVEAMAC:0.21428571428571427	GLPAVEAM:0.2857142857142857	LEGFGLPA:0.21428571428571427	
