cluster number:580
GT4:56	GT4:56|GT0:2
HANDFRML:0.42857142857142855	SRVQKAAR:0.4107142857142857	YSHARLPI:0.23214285714285715	RVVMLVDN:0.3392857142857143	ARSAADAG:0.3392857142857143	ANDFRMLG:0.4642857142857143	GDSRVQKA:0.4107142857142857	RAVRAVLA:0.26785714285714285	SHARLPIV:0.23214285714285715	DAVVTVSD:0.21428571428571427	QVVPFLSG:0.21428571428571427	RAWRRLDP:0.2857142857142857	RATGQGEV:0.25	LVWDAHEF:0.35714285714285715	KLVWDAHE:0.35714285714285715	RVQKAARS:0.4107142857142857	ATGQGEVF:0.25	VRAVLADP:0.26785714285714285	GRVVMLVD:0.26785714285714285	DRAWRRLD:0.21428571428571427	VVSDVKTM:0.25	EYSHARLP:0.5178571428571429	VVPFLSGA:0.21428571428571427	PAVVLNAP:0.30357142857142855	DSRVQKAA:0.44642857142857145	QKAARSAA:0.39285714285714285	GDRAWRRL:0.35714285714285715	AVRAVLAD:0.25	VQKAARSA:0.39285714285714285	RGRVVMLV:0.23214285714285715	AARSAADA:0.25	KAARSAAD:0.25	ARLPIVVS:0.35714285714285715	IHANDFRM:0.48214285714285715	LGVADRVH:0.2857142857142857	HWQVVPFL:0.21428571428571427	VMLVDNGV:0.26785714285714285	RSAADAGW:0.3392857142857143	HARLPIVV:0.3392857142857143	LPIVVSDV:0.375	RLPIVVSD:0.35714285714285715	MLGVAARA:0.21428571428571427	PDLIHAND:0.375	EIALITKF:0.5714285714285714	LITKFFEY:0.625	HEIALITK:0.5714285714285714	RLEPGLWD:0.26785714285714285	VIPIHHWP:0.26785714285714285	IPIHHWPN:0.375	KFFEYSHA:0.5178571428571429	DRVHVLPY:0.25	LIHANDFR:0.32142857142857145	STGQGEVF:0.23214285714285715	LEPGLWDY:0.23214285714285715	YRAAYDRP:0.23214285714285715	DLIHANDF:0.3392857142857143	RYRAAYDR:0.23214285714285715	DGAWRRLE:0.23214285714285715	YSHARLPL:0.23214285714285715	RDNARWLP:0.21428571428571427	TPLLVYSG:0.23214285714285715	IHHWPNHE:0.375	GVIPIHHW:0.30357142857142855	NDFRMLGV:0.4107142857142857	HWPNHEIA:0.5535714285714286	FFEYSHAR:0.48214285714285715	IALITKFF:0.5714285714285714	SHARLPLV:0.23214285714285715	AAYDRPGL:0.21428571428571427	FRMLGVGA:0.3392857142857143	ITKFFEYS:0.5	EPGLWDYE:0.23214285714285715	HARLPLVV:0.26785714285714285	RSTGQGEV:0.23214285714285715	GAWRRLEP:0.25	DFRMLGVG:0.375	ADAVVTVS:0.39285714285714285	TKFFEYSH:0.5178571428571429	RRLEPGLW:0.375	RLPLVVSD:0.26785714285714285	AWRRLEPG:0.3392857142857143	HHWPNHEI:0.44642857142857145	WPNHEIAL:0.5535714285714286	LGVGARAK:0.32142857142857145	LRPDLIHA:0.21428571428571427	PIHHWPNH:0.375	TVRSTGQG:0.23214285714285715	ALITKFFE:0.5892857142857143	VKLVWDAH:0.21428571428571427	LPLVVSDV:0.30357142857142855	FEYSHARL:0.48214285714285715	WRRLEPGL:0.375	NHEIALIT:0.5714285714285714	RVHVLPYV:0.25	RAAYDRPG:0.23214285714285715	AYDRPGLL:0.23214285714285715	WDAHEFLP:0.32142857142857145	DAHEFLPG:0.32142857142857145	PNHEIALI:0.5714285714285714	RMLGVGAR:0.35714285714285715	VWDAHEFL:0.30357142857142855	VRSTGQGE:0.25	GQGEVFRA:0.42857142857142855	ARLPLVVS:0.26785714285714285	TGQGEVFR:0.4107142857142857	MLGVGARA:0.39285714285714285	SAADAGWD:0.21428571428571427	AADAGWDV:0.21428571428571427	NGDSRVQK:0.21428571428571427	VVSDVRTM:0.39285714285714285	VSDVRTMA:0.39285714285714285	LVVSDVRT:0.23214285714285715	VNGDSRVQ:0.21428571428571427	PLVVSDVR:0.23214285714285715	PDLIHAHD:0.25	PLLVYSGA:0.26785714285714285	VGVIPIHH:0.21428571428571427	GWDVVLLG:0.21428571428571427	VPLLVYSG:0.21428571428571427	AGWDVVLL:0.21428571428571427	DPARYRAA:0.21428571428571427	VLADPARY:0.21428571428571427	PARYRAAY:0.21428571428571427	LADPARYR:0.21428571428571427	ADPARYRA:0.21428571428571427	
