cluster number:1684
GT4:13	GT4:13
GISIAEMV:0.46153846153846156	IAEMVKAG:0.46153846153846156	CKYGIHFK:0.3076923076923077	EKENAFIC:0.23076923076923078	CSGRIVKA:0.23076923076923078	KKEPFGIS:0.23076923076923078	TGGGGGVY:0.3076923076923077	ICSGRIVK:0.23076923076923078	VKAGAIPF:0.38461538461538464	AKEPHRVI:0.23076923076923078	RIVKAKEP:0.23076923076923078	PFGISIAE:0.6153846153846154	ISIAEMVK:0.38461538461538464	FICSGRIV:0.23076923076923078	ENAFICSG:0.5384615384615384	VKAKEPHR:0.23076923076923078	GGGAESVA:0.23076923076923078	SGRIVKAK:0.23076923076923078	EMVKAGAI:0.38461538461538464	FGISIAEM:0.5384615384615384	KAKEPHRV:0.23076923076923078	NAFICSGR:0.5384615384615384	GAIPFVRS:0.23076923076923078	EPFGISIA:0.6153846153846154	AGAIPFVR:0.3076923076923077	IVKAKEPH:0.23076923076923078	KAGAIPFV:0.46153846153846156	GRIVKAKE:0.23076923076923078	GGAESVAL:0.23076923076923078	SIAEMVKA:0.38461538461538464	VIYPPVVI:0.23076923076923078	KEPFGISI:0.23076923076923078	AEMVKAGA:0.38461538461538464	GAESVALW:0.23076923076923078	KENAFICS:0.5384615384615384	MVKAGAIP:0.38461538461538464	AKVVYPPV:0.23076923076923078	KYDLTLFT:0.3076923076923077	YFMGGGAE:0.3076923076923077	PYFMGGGA:0.3076923076923077	DAKVVYPP:0.23076923076923078	GGGGGVYG:0.23076923076923078	GGQVEIVG:0.38461538461538464	NFSVDNLK:0.23076923076923078	VKLYITGG:0.23076923076923078	SNFSVDNL:0.23076923076923078	SVDNLKKN:0.23076923076923078	CSGRLVEA:0.23076923076923078	ISNFSVDN:0.23076923076923078	KLYITGGG:0.23076923076923078	KPEPFGIS:0.23076923076923078	FICSGRLV:0.3076923076923077	SGRLVEAK:0.23076923076923078	FSVDNLKK:0.23076923076923078	AFICSGRL:0.38461538461538464	DVKLYITG:0.23076923076923078	ICSGRLVE:0.23076923076923078	VKEVYGLD:0.23076923076923078	EVYGLDST:0.23076923076923078	KEVYGLDS:0.23076923076923078	GISVAEMV:0.23076923076923078	AVKEVYGL:0.23076923076923078	EIVGKHNT:0.23076923076923078	VGKHNTEL:0.23076923076923078	YGLDSTVI:0.23076923076923078	WILEALKE:0.23076923076923078	GLDSTVIY:0.23076923076923078	IVGKHNTE:0.23076923076923078	VYGLDSTV:0.23076923076923078	FGISVAEM:0.3076923076923077	LWILEALK:0.3076923076923077	LDSTVIYP:0.23076923076923078	CRYGIHYK:0.23076923076923078	
