cluster number:2171
GT4:26	GT4:26
FVTLGTIE:0.34615384615384615	TIEPRKNH:0.8461538461538461	HDTIPLDF:0.23076923076923078	AEGFGLPL:0.3076923076923077	GTIEPRKN:0.8461538461538461	TLGTIEPR:0.34615384615384615	LMPSRAEG:0.2692307692307692	SRAEGFGL:0.3076923076923077	IHDTIPLD:0.2692307692307692	LGTIEPRK:0.6923076923076923	VTLGTIEP:0.34615384615384615	TIPLDFPQ:0.23076923076923078	PSRAEGFG:0.3076923076923077	LLMPSRAE:0.2692307692307692	DTIPLDFP:0.23076923076923078	RAEGFGLP:0.2692307692307692	MPSRAEGF:0.2692307692307692	IEPRKNHA:0.6538461538461539	RKNHALLL:0.5384615384615384	AAALGVPV:0.2692307692307692	AEGYGLPP:0.3076923076923077	KNHALLLD:0.5	RLLDLTRL:0.23076923076923078	EPRKNHAL:0.5384615384615384	EAAALGVP:0.3076923076923077	PRKNHALL:0.5384615384615384	VHDTIPLD:0.2692307692307692	HDTIPLDH:0.23076923076923078	DTIPLDHP:0.23076923076923078	TIPLDHPE:0.23076923076923078	
