cluster number:255
GT4:105	GT4:105
ADIHLLPQ:0.3619047619047619	DYEVDAAF:0.4857142857142857	WLMRRFDR:0.23809523809523808	IHLLPQRA:0.3142857142857143	PQRADAAD:0.3142857142857143	APPYYPQW:0.23809523809523808	HLASFALS:0.26666666666666666	LTGMLASG:0.42857142857142855	ALYSGNMG:0.2857142857142857	HLLPQRAD:0.20952380952380953	MPSKLTGM:0.6095238095238096	LASFALSS:0.2571428571428571	SGNMGGKQ:0.20952380952380953	LHIQDYEV:0.3904761904761905	EVDAAFDL:0.3333333333333333	MRRFDRVS:0.23809523809523808	KLTGMLAS:0.4666666666666667	PSKLTGML:0.5047619047619047	RRFDRVST:0.23809523809523808	RFDRVSTI:0.2857142857142857	DAADLVMP:0.44761904761904764	WLHIQDYE:0.4095238095238095	VVTAPPYY:0.3142857142857143	VDAAFDLG:0.3333333333333333	HIQDYEVD:0.38095238095238093	LASGRPVV:0.2571428571428571	RWLMRRFD:0.22857142857142856	ADLVMPSK:0.7333333333333333	SKLTGMLA:0.4666666666666667	LPQRADAA:0.3047619047619048	NMGGKQGL:0.21904761904761905	MLASGRPV:0.38095238095238093	LHLASFAL:0.21904761904761905	VMPSKLTG:0.6190476190476191	FDRVSTIS:0.3333333333333333	LMRRFDRV:0.23809523809523808	LVMPSKLT:0.6476190476190476	GNMGGKQG:0.21904761904761905	YEVDAAFD:0.21904761904761905	ERWLMRRF:0.22857142857142856	ADAADLVM:0.26666666666666666	AFDLGLLK:0.20952380952380953	QRADAADL:0.3142857142857143	AAFDLGLL:0.2761904761904762	IQDYEVDA:0.38095238095238093	AADLVMPS:0.7142857142857143	GMLASGRP:0.3333333333333333	QDYEVDAA:0.4857142857142857	DIHLLPQR:0.3333333333333333	DLVMPSKL:0.7238095238095238	VALYSGNM:0.3047619047619048	DAAFDLGL:0.3142857142857143	TGMLASGR:0.3523809523809524	RADAADLV:0.3142857142857143	YSGNMGGK:0.20952380952380953	VTAPPYYP:0.3142857142857143	VCAPPYYP:0.26666666666666666	WRAPLWVP:0.23809523809523808	LYSGNMGA:0.20952380952380953	YGINYAPE:0.24761904761904763	VVCAPPYY:0.2571428571428571	NYAPELTG:0.45714285714285713	VRVVCAPP:0.23809523809523808	YAPELTGI:0.29523809523809524	APELTGIG:0.3619047619047619	GNMGAKQG:0.21904761904761905	SGNMGAKQ:0.20952380952380953	RVVCAPPY:0.22857142857142856	YSGNMGAK:0.20952380952380953	GINYAPEL:0.22857142857142856	VLYSGNMG:0.2	INYAPELT:0.2571428571428571	ADIHVLPQ:0.3047619047619048	GKYTAEMA:0.22857142857142856	SFALSSLP:0.20952380952380953	DIHVLPQR:0.3047619047619048	ASFALSSL:0.20952380952380953	ELLNLADI:0.2	LNLADIHV:0.2	LLNLADIH:0.23809523809523808	GAADLVMP:0.23809523809523808	VDAAFELG:0.21904761904761905	EVDAAFEL:0.22857142857142856	AGAADLVM:0.22857142857142856	LPQRAGAA:0.22857142857142856	LLPQRAGA:0.22857142857142856	QRAGAADL:0.22857142857142856	ELTGIGKY:0.38095238095238093	HLLPQRAG:0.22857142857142856	PELTGIGK:0.38095238095238093	PQRAGAAD:0.22857142857142856	RAGAADLV:0.22857142857142856	AWLHIQDY:0.3142857142857143	
