cluster number:1528
GT4:17	GT4:17
ISTDVGGV:0.4117647058823529	PVISTDVG:0.4117647058823529	KVLHLNAG:0.6470588235294118	VISTDVGG:0.4117647058823529	MKVLHLNA:0.6470588235294118	IHTHGARA:0.23529411764705882	THGARANL:0.23529411764705882	HTHGARAN:0.23529411764705882	VLHLNAGN:0.5294117647058824	LLEAARAK:0.23529411764705882	VLLEAARA:0.23529411764705882	TGGGMVHI:0.23529411764705882	ESFPLVLL:0.8235294117647058	GGGMVHIL:0.23529411764705882	SFPLVLLE:0.8235294117647058	HTHGPRAN:0.5294117647058824	IHTHGPRA:0.29411764705882354	GGVKELIP:0.23529411764705882	VGGVKELI:0.35294117647058826	ETGGGMVH:0.23529411764705882	PLVLLEAA:0.29411764705882354	LVLLEAAR:0.23529411764705882	SESFPLVL:0.8235294117647058	FPLVLLEA:0.29411764705882354	AGNETGGG:0.6470588235294118	NAGNETGG:0.6470588235294118	LLTSLSES:0.35294117647058826	TSLSESFP:0.35294117647058826	TLLTSLSE:0.29411764705882354	LTSLSESF:0.35294117647058826	LSESFPLV:0.35294117647058826	SLSESFPL:0.35294117647058826	HLNAGNET:0.6470588235294118	ARLEPVKG:0.23529411764705882	LHLNAGNE:0.6470588235294118	RLEPVKGH:0.23529411764705882	LNAGNETG:0.6470588235294118	GNETGGGM:0.6470588235294118	DVGGVKEL:0.23529411764705882	LEPVKGHE:0.23529411764705882	LPVISTDV:0.23529411764705882	NETGGGMH:0.29411764705882354	THGPRANV:0.29411764705882354	HGPRANVY:0.35294117647058826	AENIYNVY:0.23529411764705882	GPRANVYA:0.29411764705882354	FPLVLLES:0.35294117647058826	TGGGMHHI:0.29411764705882354	PLVLLESA:0.35294117647058826	ETGGGMHH:0.29411764705882354	GGGMHHIL:0.29411764705882354	KLLLVGDG:0.23529411764705882	LVLLESAR:0.23529411764705882	VTLLTSLS:0.23529411764705882	DVTLLTSL:0.23529411764705882	
