cluster number:2066
GT4:83	GT4:83
MVTTLHTP:0.24096385542168675	FAGGLEAH:0.3132530120481928	PMVTTLHT:0.24096385542168675	PFAGGLEA:0.3132530120481928	WDEPYGLV:0.3855421686746988	ACGTPVAA:0.42168674698795183	CGTPVAAF:0.40963855421686746	HLAIDAAR:0.20481927710843373	VTTLHTPP:0.3373493975903614	PVAAFARG:0.24096385542168675	GRLVPEKG:0.21686746987951808	EPFAGGLE:0.2289156626506024	PPTPWLES:0.24096385542168675	TTLHTPPT:0.25301204819277107	FARGGIPE:0.21686746987951808	HTPPTPWL:0.26506024096385544	QPFAGGLE:0.25301204819277107	TLHTPPTP:0.3493975903614458	PTPWLESA:0.24096385542168675	PYGLVVAE:0.5542168674698795	TPPTPWLE:0.26506024096385544	LHTPPTPW:0.3373493975903614	EPYGLVVA:0.5542168674698795	LTTLHTPP:0.21686746987951808	AGGLEAHV:0.21686746987951808	VVAEALAC:0.5662650602409639	DEPYGLVV:0.3493975903614458	GLVVAEAL:0.5783132530120482	VAEALACG:0.5542168674698795	GRIVPEKG:0.4578313253012048	TTLHTPPF:0.24096385542168675	NNSLHYLP:0.2289156626506024	RIVPEKGL:0.25301204819277107	YGLVVAEA:0.39759036144578314	LVVAEALA:0.5783132530120482	NHSLHYLP:0.25301204819277107	AEALACGT:0.4939759036144578	EALACGTP:0.4939759036144578	HNHSLHYL:0.25301204819277107	ALACGTPV:0.4819277108433735	LACGTPVA:0.46987951807228917	SGRIVPEK:0.2289156626506024	PRWEEPFG:0.21686746987951808	WSGRIVPE:0.2289156626506024	WEEPFGLV:0.21686746987951808	RWEEPFGL:0.21686746987951808	GGLEMHTH:0.30120481927710846	LHYLPVAM:0.20481927710843373	HNNSLHYL:0.20481927710843373	
