cluster number:1953
GT4:15	GT4:15
GYEWPPAL:0.26666666666666666	STVMSMAV:0.2	MSMAVAPF:0.2	LGMGGSAL:0.4666666666666667	TVMSMAVA:0.2	GGSQLNAI:0.4666666666666667	VLHGYEWP:0.2	AVSTVMSM:0.2	LHGYEWPP:0.2	YEWPPALE:0.3333333333333333	IGGSQLNA:0.3333333333333333	EWPPALEC:0.2	GSQLNAIE:0.3333333333333333	VSTVMSMA:0.2	VMSMAVAP:0.2	KPLVVQGE:0.2	TDDFNARP:0.2	GDGPAREE:0.2	HGYEWPPA:0.3333333333333333	GHHRVTLL:0.2	ICRLVPEL:0.2	GSALRGMA:0.26666666666666666	RVTLLEPP:0.2	EDGFSELL:0.2	VRDRGHEV:0.2	LVPELKLE:0.26666666666666666	GKPLVVVG:0.2	LEPPVDTE:0.2	VGTVMSMS:0.26666666666666666	GQGGSALR:0.2	CRLVPELK:0.26666666666666666	GGSALRGM:0.26666666666666666	PRPAYAAA:0.4666666666666667	PVVGTVMS:0.2	RPAYAAAD:0.4666666666666667	AMICRLVP:0.2	ADPRPAYA:0.3333333333333333	MSVVPFFP:0.2	AGAVRDRG:0.2	HHRVTLLE:0.2	KPLVVVGE:0.2	VTLLEPPV:0.3333333333333333	LKLEGLLA:0.2	AGHHRVTL:0.2	RGMAFGKP:0.26666666666666666	LRGMAFGK:0.26666666666666666	SVVPFFPR:0.2	HRVTLLEP:0.2	DGFSELLT:0.2	GTVMSMSV:0.26666666666666666	LAGAVRDR:0.2	MEIGGSQL:0.2	PELKLEGL:0.2	MICRLVPE:0.2	VPELKLEG:0.26666666666666666	LLEPPVDT:0.3333333333333333	RLVPELKL:0.26666666666666666	ALRGMAFG:0.26666666666666666	EIGGSQLN:0.2	VMSMSVVP:0.2	VVGTVMSM:0.26666666666666666	ELKLEGLL:0.2	PAYAAADV:0.26666666666666666	QLAGAVRD:0.2	GEDGFSEL:0.2	MAFGKPLV:0.2	FGKPLVVV:0.2	TLLEPPVD:0.3333333333333333	VHGYEWPP:0.3333333333333333	SMSVVPFF:0.2	QGGSALRG:0.2	GAVRDRGH:0.2	DPRPAYAA:0.4666666666666667	TVMSMSVV:0.2	SALRGMAF:0.26666666666666666	MSMSVVPF:0.2	AFGKPLVV:0.4	GMAFGKPL:0.26666666666666666	AAGHHRVT:0.2	QGWYGLGG:0.2	VVHGYEWP:0.3333333333333333	AVRDRGHE:0.2	VLGMGGSA:0.2	LADPRPAY:0.4	GMGGSALR:0.6	RGLAFGKP:0.26666666666666666	MGGSALRG:0.26666666666666666	GSALRGLA:0.2	SALRGLAF:0.2	LRGLAFGK:0.2	GGSALRGL:0.2	ALRGLAFG:0.2	TVMSMSVA:0.2	MKILVYPH:0.2	MSMSVAPF:0.2	SQLNAIEL:0.26666666666666666	MGGSALRA:0.2	VMSMSVAP:0.2	TFLWQGWY:0.2	FLWQGWYG:0.2	PAYAAADI:0.2	GLAFGKPL:0.2	LAFGKPLV:0.2	QLNAVQLA:0.2	GGSQLNAV:0.26666666666666666	SQLNAVQL:0.2	GSQLNAVQ:0.2	LGGSQLNA:0.3333333333333333	GLGGSQLN:0.2	VQGEQGFW:0.2	LMEPPVDT:0.2	VGTEQIRQ:0.2	
