cluster number:2159
GT4:11	GT4:11
EGIVVLEA:0.45454545454545453	RGSIKGSY:0.2727272727272727	WFGSSSVK:0.2727272727272727	YDLAHINT:0.2727272727272727	NEGIVVLE:0.6363636363636364	LWFGSSSV:0.2727272727272727	SEYTKNLI:0.2727272727272727	ENPPKNLI:0.2727272727272727	ISPSEYTK:0.2727272727272727	YLISPSEY:0.2727272727272727	IIENPPKN:0.36363636363636365	GVGQALNH:0.36363636363636365	ILIGAFSA:0.2727272727272727	FRGSIKGS:0.2727272727272727	ITAGLPFE:0.36363636363636365	LPFERKGI:0.45454545454545453	IRVISNGV:0.45454545454545453	PKNLIFPG:0.2727272727272727	ADYLISPS:0.2727272727272727	FSKSGVGQ:0.2727272727272727	SSSVKSML:0.2727272727272727	PVIYHTHT:0.36363636363636365	FGSSSVKS:0.2727272727272727	LVVRDIPV:0.2727272727272727	GSSSVKSM:0.2727272727272727	SPSEYTKN:0.2727272727272727	FLWFGSSS:0.2727272727272727	HTHTTYED:0.5454545454545454	PPKNLIFP:0.2727272727272727	EENEGIVV:0.6363636363636364	VIYHTHTT:0.36363636363636365	PLVVRDIP:0.2727272727272727	VLLYSEGK:0.36363636363636365	DYLISPSE:0.2727272727272727	IGAFSAAK:0.2727272727272727	AGLPFERK:0.36363636363636365	PSEYTKNL:0.2727272727272727	TAGLPFER:0.36363636363636365	IYHTHTTY:0.2727272727272727	LIITAGLP:0.2727272727272727	VRDIPVYE:0.2727272727272727	THTTYEDF:0.5454545454545454	IENPPKNL:0.2727272727272727	HTTYEDFR:0.45454545454545453	VGQALNHQ:0.36363636363636365	TTYEDFRG:0.2727272727272727	RVISNGVN:0.36363636363636365	YHTHTTYE:0.2727272727272727	KPLIITAG:0.2727272727272727	GLPFERKG:0.45454545454545453	TYEDFRGS:0.2727272727272727	KNLIFPGY:0.2727272727272727	YEENEGIV:0.7272727272727273	LPLVVRDI:0.2727272727272727	SGVGQALN:0.36363636363636365	KDILIGAF:0.2727272727272727	KSGVGQAL:0.2727272727272727	IITAGLPF:0.36363636363636365	EDFRGSIK:0.36363636363636365	YQFLWFGS:0.2727272727272727	TYEENEGI:0.5454545454545454	QFLWFGSS:0.2727272727272727	LISPSEYT:0.36363636363636365	NPPKNLIF:0.2727272727272727	YEDFRGSI:0.2727272727272727	DILIGAFS:0.2727272727272727	NLIFPGYV:0.2727272727272727	EYTKNLIK:0.36363636363636365	ENEGIVVL:0.6363636363636364	KEIRVISN:0.45454545454545453	PLIITAGL:0.2727272727272727	LIGAFSAA:0.2727272727272727	LSPIIKFW:0.2727272727272727	EIRVISNG:0.45454545454545453	SSVKSMLP:0.2727272727272727	GIVVLEAL:0.45454545454545453	MKVLLYSE:0.45454545454545453	SKSGVGQA:0.2727272727272727	VVRDIPVY:0.5454545454545454	KVLLYSEG:0.36363636363636365	SFSKSGVG:0.2727272727272727	IVVLEALS:0.45454545454545453	DFRGSIKG:0.2727272727272727	LVHINTIG:0.2727272727272727	IIKFWAKK:0.2727272727272727	FWAKKLYN:0.36363636363636365	DLVHINTI:0.2727272727272727	ENKVENLD:0.2727272727272727	IKFWAKKL:0.36363636363636365	YDLVHINT:0.2727272727272727	VISNGVNT:0.2727272727272727	KFWAKKLY:0.36363636363636365	TYEDFRNS:0.2727272727272727	PSYEENEG:0.45454545454545453	LLFSEGKN:0.2727272727272727	DIVHINTI:0.2727272727272727	IVHINTIG:0.2727272727272727	FPSYEENE:0.45454545454545453	SYEENEGI:0.45454545454545453	VVSNGVDT:0.2727272727272727	YEDFRNSF:0.2727272727272727	LFSKSGVG:0.2727272727272727	FFPSYEEN:0.36363636363636365	RNSFLFSN:0.2727272727272727	SAADVFFF:0.2727272727272727	YEENEGIA:0.2727272727272727	AADVFFFP:0.2727272727272727	FFFPSYEE:0.36363636363636365	
