cluster number:2323
GT4:23	GT4:23
PGDVEGFG:0.2608695652173913	LVGGMERL:0.391304347826087	NLPPLVGG:0.391304347826087	GMVAVEAA:0.391304347826087	ITRNLPPL:0.391304347826087	GFGMVAVE:0.391304347826087	LPPLVGGM:0.391304347826087	GDVEGFGM:0.2608695652173913	MVAVEAAA:0.391304347826087	PPLVGGME:0.391304347826087	PLVGGMER:0.391304347826087	DVEGFGMV:0.2608695652173913	TRNLPPLV:0.391304347826087	EGFGMVAV:0.391304347826087	VEGFGMVA:0.2608695652173913	FGMVAVEA:0.391304347826087	RNLPPLVG:0.391304347826087	AAHGLPTV:0.4782608695652174	EAAAHGLP:0.5652173913043478	IEAAAHGL:0.391304347826087	LLSVGRLT:0.5217391304347826	AGSGLTAP:0.5652173913043478	GLPTVAFA:0.21739130434782608	MVAIEAAA:0.43478260869565216	GFGMVAIE:0.43478260869565216	FGMVAIEA:0.43478260869565216	GMVAIEAA:0.43478260869565216	GMERLNWH:0.6086956521739131	ERLNWHMA:0.2608695652173913	MERLNWHM:0.30434782608695654	LAGSGLTA:0.5217391304347826	RKGLREFV:0.2608695652173913	DPEGFGMV:0.5217391304347826	HGLPTVAF:0.30434782608695654	AAAHGLPT:0.4782608695652174	PEGFGMVA:0.5217391304347826	ATGGVVDA:0.30434782608695654	VGGMERLN:0.30434782608695654	AIEAAAHG:0.391304347826087	EGFGMVAI:0.43478260869565216	GGVVDAVA:0.21739130434782608	VTRNLPPL:0.21739130434782608	TGGVVDAV:0.30434782608695654	VAIEAAAH:0.391304347826087	GGMERLNW:0.6086956521739131	AHGLPTVA:0.4782608695652174	GSGLTAPL:0.2608695652173913	LLLSVGRL:0.391304347826087	PLLLSVGR:0.34782608695652173	AYVHGLDL:0.21739130434782608	SGLTAPLA:0.21739130434782608	VLAGSGLT:0.391304347826087	PTVAYATG:0.21739130434782608	GRLTARKG:0.21739130434782608	AADVHVFP:0.21739130434782608	SVGRLTAR:0.21739130434782608	ADVHVFPV:0.30434782608695654	VEAAAHGL:0.30434782608695654	TVAYATGG:0.2608695652173913	LSVGRLTA:0.21739130434782608	RPLLLSVG:0.2608695652173913	DVHVFPVR:0.2608695652173913	VAVEAAAH:0.30434782608695654	GLPTVAYA:0.21739130434782608	VGRLTARK:0.21739130434782608	LPTVAYAT:0.21739130434782608	AVEAAAHG:0.30434782608695654	
