cluster number:284
GT4:22	GT4:22
GSDTYFCH:0.22727272727272727	RKKGVLEI:0.22727272727272727	IFPSYAEA:0.2727272727272727	NGSDTYFC:0.45454545454545453	SDTYFCHL:0.22727272727272727	ALPVSWLE:0.45454545454545453	YAEALPVS:0.22727272727272727	FPSYAEAL:0.22727272727272727	EALPVSWL:0.45454545454545453	PSYAEALP:0.2727272727272727	IRKKGVLE:0.22727272727272727	SYAEALPV:0.22727272727272727	AEALPVSW:0.5	CIFPSYAE:0.2727272727272727	LPVSWLEA:0.45454545454545453	PVSWLEAM:0.5454545454545454	VCIFPSYA:0.22727272727272727	ILYFGTLI:0.5454545454545454	EAMAMEKA:0.2727272727272727	FGTLIRKK:0.6363636363636364	YFGTLIRK:0.6363636363636364	LEAMAMEK:0.2727272727272727	PMTWLEAM:0.22727272727272727	WLEAMAME:0.2727272727272727	GTLIRKKG:0.6363636363636364	LYFGTLIR:0.6363636363636364	APDWTGIT:0.36363636363636365	EAPDWTGI:0.5	DWTGITSF:0.36363636363636365	MALEKPIV:0.22727272727272727	YKIKNIKV:0.22727272727272727	TSFIKPKK:0.22727272727272727	PNTILYFG:0.22727272727272727	FLTSEYPH:0.2727272727272727	IKPKKCPI:0.22727272727272727	KIKNIKVK:0.22727272727272727	MKIAFLTS:0.22727272727272727	FIKPKKCP:0.22727272727272727	NIKVKGLS:0.22727272727272727	EAMALEKP:0.2727272727272727	VEAPDWTG:0.5	WTGITSFI:0.2727272727272727	KNIKVKGL:0.22727272727272727	AMALEKPI:0.22727272727272727	IKNIKVKG:0.22727272727272727	VVEAPDWT:0.2727272727272727	GITSFIKP:0.22727272727272727	SNIGWANE:0.22727272727272727	PIVASNIG:0.22727272727272727	WLEAMALE:0.2727272727272727	PKKCPIVI:0.22727272727272727	AFLTSEYP:0.2727272727272727	KPKKCPIV:0.22727272727272727	SFIKPKKC:0.22727272727272727	IKVKGLSL:0.22727272727272727	VASNIGWA:0.45454545454545453	IVASNIGW:0.36363636363636365	ASNIGWAN:0.22727272727272727	TILYFGTL:0.36363636363636365	SWLEAMAL:0.2727272727272727	KIAFLTSE:0.22727272727272727	KPIVASNI:0.22727272727272727	VSWLEAMA:0.5	TGITSFIK:0.22727272727272727	LEAMALEK:0.36363636363636365	ITSFIKPK:0.22727272727272727	PDWTGITS:0.3181818181818182	SVLVYGQD:0.22727272727272727	IAFLTSEY:0.2727272727272727	SGGIGTSI:0.2727272727272727	LIRKKGLL:0.3181818181818182	KKGLLELP:0.3181818181818182	MKIAFLTP:0.22727272727272727	IAFLTPEY:0.22727272727272727	IRKKGLLE:0.36363636363636365	VFPTFAEA:0.2727272727272727	TFAEALPV:0.2727272727272727	RKKGLLEL:0.36363636363636365	FLTPEYPH:0.3181818181818182	SWLEAMAM:0.2727272727272727	CVFPTFAE:0.2727272727272727	TLIRKKGL:0.2727272727272727	FPTFAEAL:0.2727272727272727	AFLTPEYP:0.3181818181818182	PTFAEALP:0.2727272727272727	KIAFLTPE:0.22727272727272727	FAEALPVS:0.2727272727272727	LHGSDTYF:0.22727272727272727	HGSDTYFC:0.2727272727272727	SNIGWAKE:0.22727272727272727	
