cluster number:1742
GT4:9	GT4:9
GTRLKVLD:0.3333333333333333	QIVPYPPH:0.3333333333333333	GGTRLKVL:0.3333333333333333	MNMFANRD:0.2222222222222222	SQIVPYPP:0.3333333333333333	PYPPHGGV:0.3333333333333333	VPLRVGGG:0.2222222222222222	NRDAVLYF:0.2222222222222222	LTHHNIES:0.3333333333333333	GGGTRLKV:0.4444444444444444	MFANRDAV:0.2222222222222222	VLFLSQIV:0.2222222222222222	HHNIESQL:0.2222222222222222	LRVGGGTR:0.2222222222222222	THHNIESQ:0.2222222222222222	RVGGGTRL:0.4444444444444444	TRLKVLDA:0.3333333333333333	VGGGTRLK:0.4444444444444444	PHGGVLQR:0.3333333333333333	VPNGVDVE:0.2222222222222222	LSQIVPYP:0.3333333333333333	IYTGGMNM:0.3333333333333333	IVPYPPHG:0.3333333333333333	YPPHGGVL:0.3333333333333333	GGVLQRGY:0.2222222222222222	LFLSQIVP:0.3333333333333333	GGMNMFAN:0.3333333333333333	TGGMNMFA:0.3333333333333333	AVVPNGVD:0.2222222222222222	FLSQIVPY:0.3333333333333333	GVLQRGYN:0.2222222222222222	TAVVPNGV:0.3333333333333333	HNIESQLM:0.2222222222222222	VVPNGVDV:0.2222222222222222	NMFANRDA:0.2222222222222222	PLRVGGGT:0.2222222222222222	PPHGGVLQ:0.3333333333333333	HGGVLQRG:0.3333333333333333	GMNMFANR:0.2222222222222222	YTGGMNMF:0.3333333333333333	VPYPPHGG:0.3333333333333333	VLTHHNIE:0.3333333333333333	VLDALAQG:0.2222222222222222	NGVDIEYF:0.2222222222222222	IVTGFVDD:0.2222222222222222	PIRVGGGT:0.2222222222222222	AQGKAIVS:0.2222222222222222	DALAQGKA:0.2222222222222222	VTGFVDDI:0.3333333333333333	IVSTSVGC:0.2222222222222222	TGFVDDIR:0.2222222222222222	SVLTHHNI:0.2222222222222222	KAIVSTSV:0.2222222222222222	AIVSTSVG:0.2222222222222222	RLKVLDAL:0.2222222222222222	LDALAQGK:0.2222222222222222	VSTSVGCE:0.2222222222222222	VYVVPIRV:0.2222222222222222	VDDIRPYV:0.2222222222222222	DDIRPYVA:0.2222222222222222	AIVPNGVD:0.2222222222222222	LAQGKAIV:0.2222222222222222	KVLDALAQ:0.2222222222222222	PNGVDIEY:0.2222222222222222	FDVNVMMS:0.2222222222222222	PSVLTHHN:0.2222222222222222	LKVLDALA:0.2222222222222222	STSVGCEG:0.2222222222222222	ALAQGKAI:0.2222222222222222	AVYVVPIR:0.3333333333333333	IRVGGGTR:0.2222222222222222	VVPIRVGG:0.2222222222222222	YVVPIRVG:0.2222222222222222	QGKAIVST:0.2222222222222222	GKAIVSTS:0.2222222222222222	VIVTGFVD:0.2222222222222222	VPIRVGGG:0.2222222222222222	AAVYVVPI:0.2222222222222222	ETAVVPNG:0.2222222222222222	
