cluster number:2249
GT4:14	GT4:14
KRKLILNV:0.21428571428571427	VSDLWPIA:0.21428571428571427	EIGAASNR:0.35714285714285715	RKLILNVS:0.21428571428571427	KKRKLILN:0.21428571428571427	ITSYYPPE:0.21428571428571427	TPLPNYPT:0.35714285714285715	LNVSDLWP:0.8571428571428571	WPIAGLEL:0.21428571428571427	NYPTGKIF:0.35714285714285715	NRIYGSVP:0.42857142857142855	LGQSEEIL:0.21428571428571427	PLPNYPTG:0.5	VPSKIFEY:0.7142857142857143	LPNYPTGK:0.42857142857142855	LWPIAGLE:0.21428571428571427	RLWIYASN:0.2857142857142857	NVSDLWPI:0.21428571428571427	YFGGGEGE:0.5714285714285714	SKKRKLIL:0.21428571428571427	LTPLPNYP:0.21428571428571427	IIPLLNRI:0.2857142857142857	SYYPPEIG:0.21428571428571427	LYFGGGEG:0.2857142857142857	LLVAFTCM:0.21428571428571427	TSYYPPEI:0.21428571428571427	IVQSPPLL:0.42857142857142855	SDLWPIAG:0.21428571428571427	PSKIFEYA:0.35714285714285715	PEIGAASN:0.35714285714285715	LILNVSDL:0.35714285714285715	LLGIAQGI:0.21428571428571427	IAGLELGA:0.21428571428571427	SVPSKIFE:0.7857142857142857	DLWPIAGL:0.21428571428571427	YPPEIGAA:0.21428571428571427	WIYASNSK:0.2857142857142857	RIYGSVPS:0.7857142857142857	QSPPLLVA:0.35714285714285715	IITSYYPP:0.21428571428571427	PPLLVAFT:0.42857142857142855	KLILNVSD:0.2857142857142857	YAGLLGIA:0.35714285714285715	LWIYASNS:0.2857142857142857	GSVPSKIF:0.7857142857142857	IYGSVPSK:0.7857142857142857	IYASNSKN:0.21428571428571427	YYPPEIGA:0.21428571428571427	ILNVSDLW:0.7142857142857143	IGAASNRI:0.35714285714285715	IPLLNRIY:0.2857142857142857	AGLLGIAQ:0.35714285714285715	PLLNRIYG:0.2857142857142857	PNYPTGKI:0.35714285714285715	LNRIYGSV:0.2857142857142857	KVIVQSPP:0.2857142857142857	VYAGLLGI:0.35714285714285715	PPEIGAAS:0.35714285714285715	TFLYRNYP:0.21428571428571427	ILGQSEEI:0.21428571428571427	LGIAQGIY:0.21428571428571427	VIVQSPPL:0.42857142857142855	PIAGLELG:0.21428571428571427	SPPLLVAF:0.42857142857142855	LILGQSEE:0.21428571428571427	GLLGIAQG:0.35714285714285715	VQSPPLLV:0.2857142857142857	PLLVAFTC:0.21428571428571427	YGSVPSKI:0.7142857142857143	LLNRIYGS:0.2857142857142857	IVYAGLLG:0.5	KIVYAGLL:0.21428571428571427	AASNRIFH:0.21428571428571427	GAASNRIF:0.2857142857142857	SNRIFHLA:0.21428571428571427	ASNRIFHL:0.21428571428571427	RIVYAGLL:0.21428571428571427	PLLVAFTS:0.21428571428571427	GLLGVAQG:0.2857142857142857	IILNVSDL:0.2857142857142857	YAGLLGVA:0.42857142857142855	AGLLGVAQ:0.42857142857142855	PSKIFEYS:0.2857142857142857	TRIYGSVP:0.21428571428571427	PPEKGAAA:0.21428571428571427	PEKGAAAN:0.21428571428571427	KIILNVSD:0.21428571428571427	EKGAAANR:0.21428571428571427	KKIILNVS:0.21428571428571427	LLGVAQGI:0.21428571428571427	VYAGLLGV:0.21428571428571427	SDLWPSAG:0.21428571428571427	RLFSMLSF:0.21428571428571427	NVSDLWPL:0.35714285714285715	VSDLWPLA:0.21428571428571427	
