cluster number:374
GT4:30	GT4:30
GNWQTARR:0.23333333333333334	ALHARRSA:0.9	SGTPVLAS:0.36666666666666664	ALADANNG:0.3	TDLYRDIA:0.3	NNGNWQTA:0.6	DANNGNWQ:0.3	SRMEGGAH:0.26666666666666666	LHARRSAD:0.3	VGHLREEK:0.26666666666666666	ANNGNWQT:0.5333333333333333	NGNWQTAR:0.23333333333333334	NWQTARRW:0.23333333333333334	LADANNGN:0.3	RMEGGAHV:0.23333333333333334	GTDLYRDI:0.7	GTPVLASR:0.3333333333333333	MLALHARR:0.23333333333333334	PALADANN:0.3	VVLTGTDL:0.5333333333333333	VLTGTDLY:0.8333333333333334	LTGTDLYR:0.7666666666666667	ADANNGNW:0.3333333333333333	LALHARRS:0.3	TPVLASRI:0.23333333333333334	CPHYRWLG:0.23333333333333334	TGTDLYRD:0.7666666666666667	LVLTGTDL:0.23333333333333334	GHLREEKS:0.2	LHARRSAA:0.23333333333333334	MIALHARR:0.3	HLREEKSP:0.2	IALHARRS:0.5333333333333333	RAVMVGHL:0.26666666666666666	TDLYRDIH:0.23333333333333334	YRWLGGLP:0.2	AVMVGHLR:0.3	VPVLASRI:0.2	PVLASRIP:0.2	SGVPVLAS:0.2	VAIISPAL:0.2	LASRIPGN:0.2	VLASRIPG:0.2	GVPVLASR:0.23333333333333334	HARRSADS:0.23333333333333334	MEGGANVI:0.3	RVIYQSAP:0.23333333333333334	VIYQSAPA:0.2	LRAVMVGH:0.2	RAPLFAPE:0.2	LIALHARR:0.23333333333333334	ANNGNWRT:0.2	RAPLFAPA:0.2	NVIIEAVT:0.2	GGANVIIE:0.23333333333333334	EGGANVII:0.23333333333333334	GANVIIEA:0.23333333333333334	ANVIIEAV:0.23333333333333334	YRWLGALP:0.2	
