cluster number:1386
GT4:11	GT4:11
TAGQREVL:0.2727272727272727	TITNKILQ:0.2727272727272727	KILQYLNA:0.2727272727272727	ITNKILQY:0.2727272727272727	DWHSEDLL:0.2727272727272727	WHSEDLLP:0.2727272727272727	NKILQYLN:0.2727272727272727	TNKILQYL:0.2727272727272727	LTITNKIL:0.2727272727272727	QYLNAGLA:0.2727272727272727	AGQREVLA:0.2727272727272727	EDWHSEDL:0.2727272727272727	LQYLNAGL:0.2727272727272727	ILQYLNAG:0.2727272727272727	IGPGRGLE:0.36363636363636365	SQTIGPGR:0.36363636363636365	QTIGPGRG:0.36363636363636365	WFSQTIGP:0.36363636363636365	FSQTIGPG:0.36363636363636365	TIGPGRGL:0.36363636363636365	ICLTNKIF:0.36363636363636365	SLYWFSQT:0.2727272727272727	YWFSQTIG:0.36363636363636365	PSLYWFSQ:0.2727272727272727	CLVSPGHV:0.2727272727272727	LYWFSQTI:0.2727272727272727	GFDAEDFH:0.36363636363636365	PRLVKEAD:0.45454545454545453	LSNKIFTY:0.2727272727272727	LNPRLVKE:0.2727272727272727	NPRLVKEA:0.5454545454545454	LTNKIFTY:0.36363636363636365	SNPRLVKE:0.2727272727272727	AEPADLYI:0.2727272727272727	IFTYLLAG:0.36363636363636365	NKIFTYLL:0.36363636363636365	KIFTYLLA:0.36363636363636365	CLTNKIFT:0.36363636363636365	TNKIFTYL:0.2727272727272727	
