cluster number:849
GT4:37	GT4:37
MAAGLPVV:0.4594594594594595	GFVGSLKP:0.4594594594594595	KPWHGLPI:0.2972972972972973	IHVQEVIR:0.2972972972972973	FYFSPLKV:0.6756756756756757	YFSPLKVY:0.4864864864864865	EYMAAGLP:0.5675675675675675	LKPWHGLP:0.2972972972972973	DFYFSPLK:0.32432432432432434	KGCSIHVQ:0.40540540540540543	VGSLKPWH:0.4594594594594595	VIPNGVNP:0.2702702702702703	VYEYMAAG:0.40540540540540543	VGFVGSLK:0.3783783783783784	LKVYEYMA:0.40540540540540543	GIPVFGQK:0.21621621621621623	YMAAGLPV:0.5405405405405406	TVGFVGSL:0.32432432432432434	SLKPWHGL:0.5405405405405406	FGQKGCSI:0.2972972972972973	LIVGDGPE:0.24324324324324326	CSIHVQEV:0.2702702702702703	VFGQKGCS:0.24324324324324326	IPVFGQKG:0.21621621621621623	VAVAPYPA:0.32432432432432434	GSLKPWHG:0.5135135135135135	GCSIHVQE:0.40540540540540543	DVAVAPYP:0.21621621621621623	HVQEVIRA:0.21621621621621623	SIHVQEVI:0.2972972972972973	AGLPVVAS:0.40540540540540543	MDVAVAPY:0.21621621621621623	ERYSLWSY:0.32432432432432434	AAGLPVVA:0.32432432432432434	FSPLKVYE:0.4864864864864865	YEYMAAGL:0.3783783783783784	IYERYSLW:0.2702702702702703	GQKGCSIH:0.2972972972972973	SPLKVYEY:0.4864864864864865	YERYSLWS:0.7027027027027027	PVFGQKGC:0.2702702702702703	QKGCSIHV:0.2972972972972973	FVGSLKPW:0.4594594594594595	LLIVGDGP:0.43243243243243246	KVYEYMAA:0.40540540540540543	PWHGLPIL:0.2972972972972973	PLKVYEYM:0.4594594594594595	APLIEEQA:0.2972972972972973	DLVYERYS:0.2702702702702703	IPGILEVN:0.43243243243243246	LVYERYSL:0.32432432432432434	ILEVNAPL:0.4864864864864865	PGILEVNA:0.40540540540540543	VAPYPASE:0.21621621621621623	FTVGFVGS:0.35135135135135137	IEEQATHR:0.21621621621621623	GILEVNAP:0.40540540540540543	PLIEEQAT:0.21621621621621623	NFYFSPLK:0.21621621621621623	LKPWHGLD:0.21621621621621623	VYERYSLW:0.4594594594594595	LIEEQATH:0.21621621621621623	LEVNAPLI:0.5405405405405406	AVAPYPAS:0.24324324324324326	ATALIAVS:0.32432432432432434	VNAPLIEE:0.40540540540540543	EVNAPLIE:0.40540540540540543	NAPLIEEQ:0.3783783783783784	TALIAVSE:0.21621621621621623	ARLLIVGD:0.21621621621621623	GIPGILEV:0.2702702702702703	IPVFGCKG:0.2702702702702703	KGASIHVQ:0.24324324324324326	GIPVFGCK:0.2702702702702703	DPGIPVFG:0.32432432432432434	GASIHVQE:0.24324324324324326	RLLIVGDG:0.32432432432432434	PGIPVFGC:0.2702702702702703	VGDGPERE:0.21621621621621623	IVGDGPER:0.21621621621621623	GLPVVASR:0.2702702702702703	AYVCADPG:0.2972972972972973	LPVVASRI:0.24324324324324326	PVVASRIG:0.24324324324324326	VCADPGIP:0.24324324324324326	NGVNPDRF:0.21621621621621623	ADPGIPVF:0.2702702702702703	CADPGIPV:0.2702702702702703	YVCADPGI:0.24324324324324326	PNGVNPDR:0.21621621621621623	
