cluster number:2048
GT4:19	GT4:19
YLMCCNQF:0.21052631578947367	FWIPDFQH:0.21052631578947367	SLFEGWST:0.7368421052631579	WIPDFQHR:0.3684210526315789	EGWSTVVE:0.631578947368421	VQPSLFEG:0.21052631578947367	QIQLLRGA:0.21052631578947367	LFEGWSTV:0.7368421052631579	LMCCNQFW:0.21052631578947367	PDFQHRHL:0.21052631578947367	DQIQLLRG:0.21052631578947367	QPSLFEGW:0.6842105263157895	GWSTVVED:0.5789473684210527	PSLFEGWS:0.7368421052631579	VVQPSLFE:0.21052631578947367	STVVEDAR:0.21052631578947367	IPDFQHRH:0.21052631578947367	WSTVVEDA:0.42105263157894735	FEGWSTVV:0.631578947368421	DFQHRHLP:0.21052631578947367	IQPSLFEG:0.3684210526315789	VIQPSLFE:0.21052631578947367	AVIQPSLF:0.21052631578947367	STVVEDAK:0.21052631578947367	QFWAHKNH:0.21052631578947367	NQFWAHKN:0.21052631578947367	
