cluster number:32
GH30:17	GH30_3:16|CBM6:2|GH30_6:1|CBM61:1
ENYPGMRW:0.23529411764705882	AFGHASRF:0.29411764705882354	QEYYAFGH:0.23529411764705882	FGHASRFV:0.29411764705882354	GVAWHCYA:0.5294117647058824	KVMASPWS:0.29411764705882354	GVLMWNLA:0.35294117647058826	TECSGGEW:0.4117647058823529	VMASPWSA:0.35294117647058826	TIGASDFS:0.5882352941176471	PDFEPENY:0.23529411764705882	PWSAPAWM:0.5294117647058824	SITDASAW:0.29411764705882354	CSGGEWAP:0.23529411764705882	FEPENYPG:0.23529411764705882	TDASAWLI:0.4117647058823529	SAPAWMKT:0.4117647058823529	ASAWLIQN:0.29411764705882354	RVTIGASD:0.23529411764705882	FTRVTIGA:0.23529411764705882	WNLALDEK:0.23529411764705882	HNWDQPQQ:0.23529411764705882	GFGASITD:0.29411764705882354	YYAFGHAS:0.29411764705882354	EYYAFGHA:0.29411764705882354	PENYPGMR:0.23529411764705882	VGFGASIT:0.29411764705882354	MASPWSAP:0.47058823529411764	LLRELFGR:0.23529411764705882	ITDASAWL:0.4117647058823529	RGVLMWNL:0.35294117647058826	GGCGDCRG:0.35294117647058826	NEPDFEPE:0.29411764705882354	WDHNWDQP:0.4117647058823529	DASAWLIQ:0.4117647058823529	ASPWSAPA:0.47058823529411764	WMKTTGSL:0.29411764705882354	IGASDFSL:0.35294117647058826	AWMKTTGS:0.23529411764705882	DFEPENYP:0.23529411764705882	EPDFEPEN:0.23529411764705882	MWNLALDE:0.35294117647058826	QNEPDFEP:0.4117647058823529	ALLRELFG:0.23529411764705882	ASITDASA:0.29411764705882354	EPENYPGM:0.23529411764705882	CGDCRGVV:0.35294117647058826	GASITDAS:0.29411764705882354	FGASITDA:0.29411764705882354	WDQPQQPL:0.23529411764705882	GCGDCRGV:0.35294117647058826	FFTECSGG:0.4117647058823529	WSAPAWMK:0.5882352941176471	DWDHNWDQ:0.29411764705882354	LMWNLALD:0.35294117647058826	YAFGHASR:0.29411764705882354	SPWSAPAW:0.47058823529411764	PAWMKTTG:0.23529411764705882	DQPQQPLT:0.23529411764705882	DHNWDQPQ:0.23529411764705882	ARGVLMWN:0.4117647058823529	VLMWNLAL:0.35294117647058826	LKVMASPW:0.29411764705882354	FTECSGGE:0.35294117647058826	TRVTIGAS:0.23529411764705882	NWDQPQQP:0.23529411764705882	ECSGGEWA:0.23529411764705882	VTIGASDF:0.23529411764705882	APAWMKTT:0.23529411764705882	LDWDHNWD:0.4117647058823529	VFFTECSG:0.35294117647058826	VAWHCYAG:0.5294117647058824	SFTRLTIG:0.23529411764705882	PWSAPGWM:0.23529411764705882	WNLALDEN:0.35294117647058826	LTIGASDF:0.35294117647058826	VVTIDSRT:0.23529411764705882	TRLTIGAS:0.29411764705882354	VTIDSRTG:0.23529411764705882	FTRLTIGA:0.23529411764705882	ILDWDHNW:0.23529411764705882	RLTIGASD:0.35294117647058826	WSAPGWMK:0.23529411764705882	CRGVVTID:0.35294117647058826	SIQNEPDF:0.23529411764705882	RGVVTIDS:0.29411764705882354	IQNEPDFE:0.23529411764705882	GVVTIDSR:0.23529411764705882	LDENHGPH:0.29411764705882354	DCRGVVTI:0.35294117647058826	GAAITDAS:0.23529411764705882	GFGAAITD:0.23529411764705882	AAITDASA:0.23529411764705882	SGVAWHCY:0.23529411764705882	VSGVAWHC:0.23529411764705882	AWHCYAGD:0.23529411764705882	FGAAITDA:0.23529411764705882	WHCYAGDV:0.23529411764705882	ALDENHGP:0.29411764705882354	YVSGVAWH:0.23529411764705882	YWNLALDE:0.23529411764705882	TECSGGDW:0.29411764705882354	
