cluster number:2
GH115:229	GH115:229|3.2.1.131:4|CE15:1
VMGTSHHE:0.25327510917030566	YYHFDYVG:0.4410480349344978	VGDLKPME:0.38427947598253276	MGTSHHEP:0.3406113537117904	YRGIFLND:0.3930131004366812	IFLNDEAP:0.2663755458515284	GIFLNDEA:0.2663755458515284	RGIFLNDE:0.39737991266375544	NVGDLKPM:0.38427947598253276	IAGSDKRG:0.35807860262008734	VIAGSDKR:0.2925764192139738	SEQIGVSP:0.2314410480349345	ALVIAGSD:0.31004366812227074	LVIAGSDK:0.25327510917030566	GIVMGTSH:0.24890829694323144	AGSDKRGT:0.3318777292576419	KYRGIFLN:0.27074235807860264	EQIGVSPW:0.22707423580786026	DKRGTIYG:0.3231441048034934	IGMRGDGD:0.2096069868995633	GSDKRGTI:0.42358078602620086	KRGTIYGI:0.22270742358078602	SDKRGTIY:0.3231441048034934	QIGVSPWY:0.31004366812227074	RGTIYGIY:0.314410480349345	VKYRGIFL:0.2663755458515284	GTSHHEPM:0.37117903930131	LYKEVQDY:0.29694323144104806	IGVSPWYW:0.20087336244541484	IVNVGDLK:0.23580786026200873	ELLLRLKA:0.2052401746724891	VSPWYWWA:0.30131004366812225	FDYVGGPR:0.27510917030567683	YWWADVPV:0.2096069868995633	YHFDYVGG:0.2794759825327511	LLLRLKAN:0.2096069868995633	VNVGDLKP:0.30131004366812225	SPWYWWAD:0.314410480349345	IWIVNVGD:0.2052401746724891	GVSPWYWW:0.314410480349345	WIVNVGDL:0.23580786026200873	DDNWGNIR:0.22270742358078602	FELLLRLK:0.24017467248908297	YKEVQDYY:0.28820960698689957	KGMRVPDD:0.24890829694323144	PWYWWADV:0.31004366812227074	WYWWADVP:0.3056768558951965	HFDYVGGP:0.2794759825327511	GMRGDGDE:0.2838427947598253	WALYKEVQ:0.40611353711790393	NYLWPAMW:0.36681222707423583	GNYLWPAM:0.24017467248908297	YDKGMRVP:0.21397379912663755	YRGIFIND:0.22270742358078602	VPDDVTLL:0.28820960698689957	YYDKGMRV:0.2183406113537118	GMRVPDDV:0.38427947598253276	KEVQDYYD:0.25327510917030566	RVPDDVTL:0.24890829694323144	DKGMRVPD:0.2096069868995633	RGIFINDE:0.22270742358078602	ALYKEVQD:0.2838427947598253	DYVGGPRN:0.27074235807860264	MRVPDDVT:0.24890829694323144	LLCDDNWG:0.25327510917030566	LCDDNWGN:0.23580786026200873	IVMGTSHH:0.21397379912663755	
