cluster number:4
GH115:96	GH115:96|GH0:1
AIVMGSSH:0.20833333333333334	DWGLQPWA:0.25	EDWGLQPW:0.2604166666666667	IFINDEDW:0.20833333333333334	SVKYRGIF:0.2604166666666667	VFELLLRL:0.28125	AEPMLRNN:0.3020833333333333	SHAEPMLR:0.3125	LLLRLKAN:0.53125	WGLQPWAA:0.23958333333333334	PSVKYRGI:0.2604166666666667	MRGIHDSG:0.23958333333333334	PDDNFGYI:0.20833333333333334	VGDIKPAE:0.21875	EPMLRNNV:0.3333333333333333	NDEDWGLQ:0.3229166666666667	GIFINDED:0.20833333333333334	YRGIFIND:0.21875	NVGDIKPA:0.21875	PWAAKTFE:0.2708333333333333	ELLLRLKA:0.4166666666666667	SSHAEPML:0.25	GSSHAEPM:0.25	DEDWGLQP:0.2604166666666667	GMRGIHDS:0.28125	RGIFINDE:0.2604166666666667	HAEPMLRN:0.3020833333333333	FINDEDWG:0.20833333333333334	FELLLRLK:0.3020833333333333	IGVSPWYW:0.20833333333333334	VSPWYWWA:0.2916666666666667	ALVIAGSD:0.25	FTPYKEVL:0.25	GRPHDYLW:0.2916666666666667	SPWYWWAD:0.2916666666666667	GVSPWYWW:0.34375	WPDDNFGY:0.22916666666666666	SYWGRPHD:0.3333333333333333	YYHLSYWG:0.2604166666666667	GVYYHLSY:0.3229166666666667	LNDEDWGL:0.4479166666666667	GDIGPKTY:0.2604166666666667	YWGRPHDY:0.3125	RPHDYLWL:0.2708333333333333	YRGIFLND:0.40625	GIFLNDED:0.4375	WGRPHDYL:0.28125	RGIFLNDE:0.4479166666666667	FLNDEDWG:0.46875	IFLNDEDW:0.40625	GGSGVYYH:0.2916666666666667	KYRGIFLN:0.25	VKYRGIFL:0.23958333333333334	SDRRGTAY:0.22916666666666666	GSDRRGTA:0.3229166666666667	DRRGTAYG:0.2708333333333333	GGAGVYYH:0.21875	FVPYKEVL:0.2916666666666667	
