cluster number:296
GH23:35	GH23:35|3.2.1.17:8
AYNMGDGN:0.45714285714285713	WDSEEHLC:0.2857142857142857	LIAAIISR:0.6857142857142857	DAGRMEKY:0.2857142857142857	GGGHTARG:0.2	VARAQWYK:0.5428571428571428	RMEKYRSK:0.2571428571428571	LKGGIAAY:0.6571428571428571	VDVNPNGG:0.22857142857142856	IAAYNMGD:0.6	PALIAAII:0.6571428571428571	AAIISRES:0.7142857142857143	GIAAYNMG:0.5714285714285714	NMGDGNVH:0.45714285714285713	GLMQVDVN:0.5428571428571428	QLKGGIAA:0.4	SNDVVARA:0.6	KGGIAAYN:0.6571428571428571	MEKYRSKI:0.22857142857142856	ISRESRAG:0.7714285714285715	YSNDVVAR:0.6	AWGLMQVD:0.5714285714285714	ARAQWYKN:0.2857142857142857	MGDGNVHS:0.45714285714285713	TTGGDYSN:0.2857142857142857	DVNPNGGG:0.2571428571428571	RAQWYKNN:0.2857142857142857	NPNGGGHT:0.2571428571428571	ESRAGNAL:0.2571428571428571	NDVVARAQ:0.6	GGDYSNDV:0.3142857142857143	VVARAQWY:0.5428571428571428	DVVARAQW:0.5714285714285714	QQLKGGIA:0.2857142857142857	RESRAGNA:0.2571428571428571	GRMEKYRS:0.2571428571428571	AAYNMGDG:0.5428571428571428	IAAIISRE:0.7142857142857143	AGRMEKYR:0.2571428571428571	WGLMQVDV:0.6	GGIAAYNM:0.5714285714285714	AIISRESR:0.6285714285714286	TDAGRMEK:0.22857142857142856	NAWGLMQV:0.5142857142857142	QVDVNPNG:0.22857142857142856	GDGNVHSY:0.45714285714285713	GDYSNDVV:0.2571428571428571	DYSNDVVA:0.6	EQQLKGGI:0.2857142857142857	IISRESRA:0.7714285714285715	LMQVDVNP:0.5428571428571428	MQVDVNPN:0.22857142857142856	YNMGDGNV:0.45714285714285713	SRESRAGN:0.6285714285714286	ALIAAIIS:0.6571428571428571	DSEEHLCQ:0.2857142857142857	EKYRSKIN:0.2	PNGGGHTA:0.2571428571428571	VNPNGGGH:0.2571428571428571	TGGDYSND:0.3142857142857143	IDPALIAA:0.42857142857142855	DPALIAAI:0.4857142857142857	GIDPALIA:0.2857142857142857	RIRNKFPG:0.2	DKLGYSGV:0.2	IRNKFPGW:0.2571428571428571	AYNAWGLM:0.3142857142857143	GAWDSEEH:0.2571428571428571	QDKLGYSG:0.2	YNAWGLMQ:0.37142857142857144	AWDSEEHL:0.2	GKDYSNDV:0.2	TTGKDYSN:0.2	RNKFPGWS:0.2	TGKDYSND:0.2	
