cluster number:592
GH23:242	GH23:242|CBM50:41
YEGLHRNI:0.25206611570247933	RNIMRESS:0.4214876033057851	IPSKGLLQ:0.5165289256198347	NIMRESSG:0.4669421487603306	PVANIVAA:0.2190082644628099	EGLHRNIM:0.2231404958677686	IMRESSGN:0.45041322314049587	NGIPSKGL:0.36363636363636365	AACNYAAD:0.3760330578512397	IVAACNYA:0.2024793388429752	DPVANIVA:0.21074380165289255	VAACNYAA:0.2024793388429752	HRNIMRES:0.4090909090909091	NIVAACNY:0.2024793388429752	GIPSKGLL:0.5041322314049587	MRESSGNP:0.5661157024793388	LHRNIMRE:0.2644628099173554	GLHRNIMR:0.2644628099173554	ANITAACN:0.371900826446281	NITAACNY:0.371900826446281	ITAACNYA:0.371900826446281	PVANITAA:0.6446280991735537	PSKGLLQV:0.8801652892561983	SKGLLQVI:0.8760330578512396	VANITAAC:0.359504132231405	AYHVPGTS:0.22727272727272727	DPVANITA:0.6322314049586777	TPSKGLLQ:0.2644628099173554	GIPGSYEG:0.256198347107438	GTPSKGLL:0.2644628099173554	TAACNYAA:0.34710743801652894	VANITAAA:0.28512396694214875	YGSIDNVN:0.28512396694214875	LLQVIQPT:0.3140495867768595	GLLQVIQP:0.3140495867768595	ANITAAAN:0.29338842975206614	RESSGNPN:0.2396694214876033	IDNVNSAY:0.2024793388429752	NNLDGWIR:0.43388429752066116	KGLLQVIQ:0.2975206611570248	RYGSIDNV:0.5247933884297521	QVIQPTFD:0.22727272727272727	NITAAANY:0.29338842975206614	ESSGNPNA:0.2396694214876033	TAAANYAA:0.30991735537190085	LQVIQPTF:0.3140495867768595	ITAAANYA:0.29338842975206614	NLDGWIRE:0.48760330578512395	DGWIRESL:0.29338842975206614	ANNLDGWI:0.3140495867768595	YAADRYGS:0.4380165289256198	YANNLDGW:0.256198347107438	AAANYAAD:0.2396694214876033	NYAADRYG:0.45867768595041325	DRYGSIDN:0.28512396694214875	LDGWIRES:0.29338842975206614	AADRYGSI:0.2809917355371901	GWIRESLD:0.21074380165289255	ADRYGSID:0.2809917355371901	AINNWDIN:0.3181818181818182	LLQVIDPT:0.34297520661157027	LQVIDPTF:0.33884297520661155	INNWDINA:0.3181818181818182	KGLLQVID:0.34297520661157027	YDPVANIT:0.45041322314049587	GLLQVIDP:0.34297520661157027	LDGWIREA:0.21487603305785125	WDINAING:0.2190082644628099	IYDPVANI:0.256198347107438	CNYAADRY:0.2975206611570248	ACNYAADR:0.2975206611570248	RYGSMDNV:0.23140495867768596	YGSMDNVN:0.2396694214876033	DNLDGWIR:0.23553719008264462	
