cluster number:224
GH23:15	GH23:15|CBM50:14
WERIAACE:0.26666666666666666	IAACESNG:0.2	PRADLATR:0.5333333333333333	GYHGGLQI:0.6666666666666666	ADLATRDE:0.3333333333333333	YVVRPGDC:0.2	GQYAPRAD:0.3333333333333333	ERIAACES:0.26666666666666666	ESNGRWHI:0.2	QYAPRADL:0.4	AACESNGR:0.2	LATRDEQI:0.3333333333333333	APRADLAT:0.5333333333333333	YAPRADLA:0.8	WRAYGGGQ:0.3333333333333333	ACESNGRW:0.2	YPGQRLRL:0.3333333333333333	SNGRWHIN:0.2	PGGTKALY:0.2	DWERIAAC:0.26666666666666666	RIAACESN:0.2	DHIYPGQR:0.2	VVRPGDCL:0.2	GGGQYAPR:0.3333333333333333	AYGGGQYA:0.3333333333333333	PGDCLSAI:0.2	RAYGGGQY:0.3333333333333333	TWRAYGGG:0.4666666666666667	PDWERIAA:0.26666666666666666	YHGGLQID:0.3333333333333333	HGGLQIDP:0.26666666666666666	IYPGQRLR:0.3333333333333333	RADLATRD:0.3333333333333333	SVLGLAAP:0.2	RPGDCLSA:0.2	HIYPGQRL:0.2	NGYHGGLQ:0.9333333333333333	GNGYHGGL:0.9333333333333333	VRPGDCLS:0.4	CESNGRWH:0.2	LSVLGLAA:0.2	ATRDEQIA:0.3333333333333333	GDCLSAIA:0.26666666666666666	GGQYAPRA:0.3333333333333333	DLATRDEQ:0.3333333333333333	YGGGQYAP:0.3333333333333333	YTVRPGDC:0.26666666666666666	WPNCGRLG:0.2	TRDEQIAI:0.26666666666666666	RIAQDRGL:0.26666666666666666	EQIAIGER:0.26666666666666666	NTGNGYHG:0.8	GERIAQDR:0.26666666666666666	TDWDQIAA:0.26666666666666666	TGNGYHGG:0.8	IAIGERIA:0.26666666666666666	AIGERIAQ:0.26666666666666666	RGLAPWPN:0.26666666666666666	QIAIGERI:0.26666666666666666	ATWRAYGG:0.3333333333333333	IAACESSG:0.4	PATWRAYG:0.26666666666666666	TVRPGDCL:0.26666666666666666	WDQIAACE:0.26666666666666666	GTDWDQIA:0.26666666666666666	ERIAQDRG:0.26666666666666666	GLAPWPNC:0.26666666666666666	DWDQIAAC:0.26666666666666666	DRGLAPWP:0.26666666666666666	LAPWPNCG:0.26666666666666666	IGERIAQD:0.26666666666666666	SGTDWDQI:0.26666666666666666	DQIAACES:0.26666666666666666	QIAACESS:0.26666666666666666	RWHINTGN:0.26666666666666666	HINTGNGY:0.26666666666666666	IAVGERIV:0.2	GDCLSVIA:0.3333333333333333	ESSGRWHI:0.2	QIAVGERI:0.2	INTGNGYH:0.4	PGDCLSVI:0.26666666666666666	CESSGRWH:0.2	GRWHINTG:0.26666666666666666	QQIAVGER:0.26666666666666666	SSGRWHIN:0.2	WHINTGNG:0.26666666666666666	SGRWHINT:0.2	GYHGGLQF:0.26666666666666666	GMGAWPTC:0.2	GAWPTCGR:0.2	GERVARSQ:0.26666666666666666	STWRAYGG:0.3333333333333333	PTVTAGTD:0.2	QIAVGERV:0.26666666666666666	PTCGRLGA:0.2	LATRSEQI:0.2	ADLATRSE:0.2	ERVARSQG:0.26666666666666666	DLATRSEQ:0.2	TAGTDWDR:0.26666666666666666	RSEQIAVG:0.2	DCLSVIAE:0.2	RADLATRS:0.26666666666666666	TVTAGTDW:0.26666666666666666	MGAWPTCG:0.2	ASPLAKRP:0.2	EQIAVGER:0.2	RVARSQGM:0.26666666666666666	RSQGMGAW:0.26666666666666666	PLAKRPVE:0.2	TRSEQIAV:0.2	DWDRIAQC:0.26666666666666666	SEQIAVGE:0.2	VGERVARS:0.26666666666666666	VTAGTDWD:0.26666666666666666	GTDWDRIA:0.26666666666666666	PSTWRAYG:0.3333333333333333	QGMGAWPT:0.2	PASPLAKR:0.2	TDWDRIAQ:0.26666666666666666	AVGERVAR:0.26666666666666666	WDRIAQCE:0.26666666666666666	MPASPLAK:0.26666666666666666	DRIAQCES:0.26666666666666666	ATRSEQIA:0.2	CLSVIAER:0.2	QAAPARAV:0.2	AWPTCGRL:0.2	SQGMGAWP:0.26666666666666666	AGTDWDRI:0.26666666666666666	IAVGERVA:0.26666666666666666	VARSQGMG:0.26666666666666666	ARSQGMGA:0.26666666666666666	SPLAKRPV:0.2	WPTCGRLG:0.2	RYAPRADL:0.3333333333333333	LVLLSVLG:0.26666666666666666	PDHIYPGQ:0.2	LLSVLGLA:0.26666666666666666	VLLSVLGL:0.26666666666666666	LLVLLSVL:0.26666666666666666	APSTWRAY:0.26666666666666666	AQAAPARA:0.2	HGGLQFAP:0.2	TNTGNGYH:0.26666666666666666	LQFAPSTW:0.2	SVLGLAGR:0.2	GGLQFAPS:0.2	PAQAAPAR:0.2	YHGGLQFA:0.2	ALLLVLLS:0.2	LSVLGLAG:0.2	GLQFAPST:0.2	LLLVLLSV:0.2	VLGLAGRS:0.2	PRADLASR:0.3333333333333333	APRADLAS:0.3333333333333333	YHGGLQIA:0.2	RIYPGQRL:0.2	HGGLQIAP:0.2	DRIYPGQR:0.2	
