cluster number:206
GH23:117	GH23:117
AQVNRYNL:0.26495726495726496	SCYYSGNF:0.9316239316239316	AEAVATAK:0.23931623931623933	SFSCYYSG:0.48717948717948717	FSCYYSGN:0.8290598290598291	QVNRYNLA:0.24786324786324787	VVGGRLVR:0.3418803418803419	YAIGVVGG:0.6923076923076923	WGKSFSCY:0.452991452991453	GKSFSCYY:0.452991452991453	AIGVVGGR:0.6153846153846154	PYAIGVVG:0.7350427350427351	YVQKIYAS:0.3076923076923077	IGVVGGRL:0.6153846153846154	HGYVQKIY:0.3504273504273504	NPYAIGVV:0.8034188034188035	VQKIYASI:0.28205128205128205	DWGKSFSC:0.2222222222222222	GVVGGRLV:0.3418803418803419	KSFSCYYS:0.4700854700854701	GYVQKIYA:0.3076923076923077	YGLDSYEK:0.2222222222222222	SGNFETGF:0.41025641025641024	GFRHGYVQ:0.26495726495726496	CYYSGNFE:0.4358974358974359	GLDSYEKA:0.23931623931623933	QAGSRILA:0.20512820512820512	SRNPYAIG:0.37606837606837606	ESSRNPYA:0.37606837606837606	YYSGNFET:0.41025641025641024	RNPYAIGV:0.37606837606837606	LQAGSRIL:0.20512820512820512	SSRNPYAI:0.37606837606837606	LDSYEKAF:0.23931623931623933	YSGNFETG:0.41025641025641024	VESSRNPY:0.3504273504273504	FRHGYVQK:0.2564102564102564	TGFRHGYV:0.28205128205128205	NLQAGSRI:0.20512820512820512	KYGLDSYE:0.2222222222222222	FNPYAIGV:0.23076923076923078	HVVRVESS:0.2905982905982906	AFSCYYSG:0.3162393162393162	LAEAVATA:0.3247863247863248	AAFSCYYS:0.20512820512820512	VNRYNLQK:0.24786324786324787	AAAELADA:0.23076923076923078	ECHSRSGA:0.2564102564102564	MELMGCTG:0.24786324786324787	NFSLGLGQ:0.3162393162393162	RSGANWGK:0.23931623931623933	MQHVVRVE:0.23931623931623933	EVMQHVVR:0.26495726495726496	KHGYVQKI:0.20512820512820512	PRGLAEAV:0.23076923076923078	KCPNLVAA:0.2222222222222222	QHVVRVES:0.23931623931623933	CPNLVAAS:0.24786324786324787	QKGYNFSL:0.2564102564102564	GANWGKSF:0.21367521367521367	GQVNRYNL:0.41025641025641024	GLAEAVAT:0.23076923076923078	LGQVNRYN:0.4017094017094017	CHSRSGAN:0.2564102564102564	SLGLGQVN:0.3162393162393162	MGCTGLAV:0.24786324786324787	SRSGANWG:0.24786324786324787	TGLAVPGE:0.24786324786324787	NFETGFKH:0.23076923076923078	LEQKGYNF:0.2564102564102564	NRYNLQKY:0.24786324786324787	MLEQKGYN:0.2564102564102564	GFKHGYVQ:0.23076923076923078	AELADAIV:0.23931623931623933	GEVMQHVV:0.2564102564102564	RVESSRNP:0.23076923076923078	EAVATAKM:0.2564102564102564	AAELADAI:0.23931623931623933	LAVPGEVM:0.2564102564102564	GRLVREPR:0.20512820512820512	RLVREPRG:0.20512820512820512	AKMLEQKG:0.2564102564102564	LVREPRGL:0.20512820512820512	SGANWGKS:0.21367521367521367	KIYASIRQ:0.23076923076923078	GLGQVNRY:0.4017094017094017	ANWGKSFS:0.21367521367521367	IRQSVASS:0.23931623931623933	YNFSLGLG:0.2564102564102564	HSRSGANW:0.2564102564102564	ETGFKHGY:0.23076923076923078	ATAKMLEQ:0.2564102564102564	VATAKMLE:0.2564102564102564	GCTGLAVP:0.24786324786324787	NWGKSFSC:0.23076923076923078	RQSVASSG:0.20512820512820512	KGYNFSLG:0.26495726495726496	AECHSRSG:0.2564102564102564	AVPGEVMQ:0.2564102564102564	GYNFSLGL:0.2564102564102564	YNLQKYGL:0.24786324786324787	QAAAELAD:0.23076923076923078	KMLEQKGY:0.24786324786324787	LGLGQVNR:0.3162393162393162	TGFKHGYV:0.23076923076923078	VVRVESSR:0.23076923076923078	PGEVMQHV:0.2564102564102564	VRVESSRN:0.23076923076923078	CTGLAVPG:0.24786324786324787	ILAECHSR:0.2564102564102564	AVATAKML:0.2564102564102564	FKHGYVQK:0.23076923076923078	GLAVPGEV:0.2564102564102564	RYNLQKYG:0.24786324786324787	VPGEVMQH:0.2564102564102564	LAECHSRS:0.2564102564102564	FSLGLGQV:0.3162393162393162	TAKMLEQK:0.2564102564102564	SIRQSVAS:0.23931623931623933	IYASIRQS:0.23076923076923078	EQKGYNFS:0.2564102564102564	YASIRQSV:0.24786324786324787	GNFETGFK:0.2564102564102564	TGQGRGVA:0.21367521367521367	RGLAEAVA:0.23076923076923078	ELMGCTGL:0.24786324786324787	LMGCTGLA:0.24786324786324787	QVNRYNLQ:0.24786324786324787	ASIRQSVA:0.24786324786324787	VMQHVVRV:0.23931623931623933	VGGRLVRE:0.23076923076923078	QKIYASIR:0.23931623931623933	GGRLVREP:0.23076923076923078	FETGFKHG:0.23076923076923078	
