cluster number:268
GH23:32	GH23:32
GHLEDARV:0.28125	EDARVLTQ:0.21875	RTWMALAA:0.21875	LEDARVLT:0.25	FDWRLLAA:0.375	ALAAYNVG:0.25	WMALAAYN:0.21875	HLEDARVL:0.3125	TWMALAAY:0.21875	WLALAAYN:0.375	EPDRTWLA:0.375	AAMGYQES:0.25	GVRGLMML:0.25	PDRTWLAL:0.375	TWLALAAY:0.375	VRGLMMLT:0.3125	RTWLALAA:0.375	AAAGLTVT:0.21875	LAAMGYQE:0.25	DRTWLALA:0.375	TGVRGLMM:0.28125	ALAAYNIG:0.34375	LALAAYNI:0.21875	RIPEPDRT:0.25	PERIPEPD:0.21875	AMGYQESH:0.21875	YQESHWNP:0.34375	MGYQESHW:0.21875	NVGFGHLE:0.28125	DWRLLAAV:0.21875	FGHLEDAR:0.3125	VGFGHLED:0.28125	GFGHLEDA:0.3125	YNVGFGHL:0.28125	
