cluster number:16
GH23:79	GH23:79
AYNAGEGA:0.3924050632911392	YLRWLLAY:0.5189873417721519	AAYNAGEG:0.5316455696202531	PKNAQGLM:0.20253164556962025	KNAQGLMQ:0.4177215189873418	AYLRWLLA:0.31645569620253167	NAQGLMQL:0.5189873417721519	YNAGEGAV:0.6708860759493671	SPKNAQGL:0.20253164556962025	RYRGVPPY:0.22784810126582278	GLMQLIPE:0.4430379746835443	VAAAYNAG:0.24050632911392406	AQGLMQLI:0.5189873417721519	QGLMQLIP:0.5189873417721519	RWLLAYFE:0.21518987341772153	LRWLLAYF:0.4936708860759494	LMQLIPET:0.4430379746835443	LVAAAYNA:0.24050632911392406	AAAYNAGE:0.35443037974683544	WLLAYFEG:0.21518987341772153	MQLIPETA:0.43037974683544306	GLAYLRWL:0.34177215189873417	LAYLRWLL:0.34177215189873417	RGGLAYLR:0.25316455696202533	IPETAERF:0.3291139240506329	QLIPETAE:0.3291139240506329	PETAERFG:0.21518987341772153	GGLAYLRW:0.34177215189873417	ETAERFGV:0.21518987341772153	LIPETAER:0.3291139240506329	AGEGAVER:0.20253164556962025	NAGEGAVE:0.22784810126582278	LGWMYANG:0.25316455696202533	GWMYANGR:0.25316455696202533	WMYANGRG:0.26582278481012656	GYNAGEGA:0.27848101265822783	AGYNAGEG:0.2911392405063291	GVPPYRET:0.21518987341772153	MQLIPATA:0.22784810126582278	
