cluster number:182
GH23:49	GH23:49
GARGLMQL:0.4897959183673469	ALSPAGAR:0.30612244897959184	AGARGLMQ:0.4489795918367347	HARLVQTT:0.22448979591836735	LSPAGARG:0.30612244897959184	RRESAYNP:0.2653061224489796	ARLVQTTI:0.2653061224489796	SIPFRETR:0.3673469387755102	DLFVESIP:0.2653061224489796	GVDPYLLM:0.22448979591836735	ESIPFRET:0.3673469387755102	SPAGARGL:0.40816326530612246	FVESIPFR:0.2857142857142857	WQYWLGRA:0.20408163265306123	FDLFVESI:0.2653061224489796	LMQLMPGT:0.40816326530612246	ATAAYNAG:0.3469387755102041	MQLMPGTA:0.3877551020408163	LFVESIPF:0.2857142857142857	RLVQTTIA:0.24489795918367346	ARGLMQLM:0.46938775510204084	WHARLVQT:0.22448979591836735	VESIPFRE:0.2857142857142857	PAGARGLM:0.40816326530612246	RVIFESLA:0.2857142857142857	TAAYNAGP:0.3469387755102041	GLMQLMPG:0.40816326530612246	YRVIFESL:0.30612244897959184	DPGPYGVL:0.22448979591836735	RGLMQLMP:0.4489795918367347	NAGPGRVD:0.3469387755102041	AAAAAYNA:0.2857142857142857	AGPGRVDR:0.20408163265306123	NIRLGSTY:0.2653061224489796	GPGRVDRW:0.20408163265306123	AAAAYNAG:0.30612244897959184	RQCYYYTA:0.20408163265306123	AAAYNAGP:0.32653061224489793	AYNAGPGR:0.42857142857142855	AAYNAGPG:0.4489795918367347	PGRVDRWL:0.20408163265306123	YNAGPGRV:0.3469387755102041	PELNIRLG:0.20408163265306123	VQAVLSYR:0.20408163265306123	QCYYYTAL:0.20408163265306123	YVQAVLSY:0.20408163265306123	RETRDYVQ:0.2857142857142857	FRETRDYV:0.24489795918367346	RDYVQAVL:0.30612244897959184	TRDYVQAV:0.30612244897959184	IPFRETRD:0.24489795918367346	PFRETRDY:0.24489795918367346	IFESLANG:0.20408163265306123	GLANSEWL:0.20408163265306123	ETRDYVQA:0.30612244897959184	ELNIRLGS:0.20408163265306123	LNIRLGST:0.20408163265306123	LMQLMPAT:0.20408163265306123	GLMQLMPA:0.20408163265306123	
