cluster number:581
GH23:6	GH23:6|CBM50:1
FGDWPLAL:0.5	VPKVLAVL:0.3333333333333333	EERLDYIE:0.3333333333333333	PQKSAQAA:0.3333333333333333	DWPLALAA:0.5	LVWLAEVE:0.5	LEERLDYI:0.3333333333333333	LMPATARE:0.3333333333333333	MYVPKVLA:0.3333333333333333	LFQLMPAT:0.5	GDWPLALA:0.5	WLEERLDY:0.3333333333333333	DERTDPQK:0.3333333333333333	GARGLFQL:0.6666666666666666	TRMYVPKV:0.5	ERTDPQKS:0.3333333333333333	QLMPATAR:0.5	ALAAYNAG:0.6666666666666666	ETRMYVPK:0.5	RMYVPKVL:0.3333333333333333	RFGDWPLA:0.3333333333333333	YVPKVLAV:0.3333333333333333	RGLFQLMP:0.5	SGARGLFQ:0.3333333333333333	MPATAREL:0.3333333333333333	LPDERTDP:0.3333333333333333	NAGPGRVQ:0.3333333333333333	TDPQKSAQ:0.3333333333333333	ATARELGL:0.3333333333333333	PATARELG:0.3333333333333333	RTDPQKSA:0.3333333333333333	ARFGDWPL:0.3333333333333333	LAAYNAGP:0.3333333333333333	FQLMPATA:0.5	ARGLFQLM:0.5	GLFQLMPA:0.5	YNAGPGRV:0.3333333333333333	LALAAYNA:0.6666666666666666	PLALAAYN:0.6666666666666666	AYNAGPGR:0.3333333333333333	DPQKSAQA:0.3333333333333333	AGPGRVQR:0.3333333333333333	QKSAQAAA:0.3333333333333333	AAYNAGPG:0.3333333333333333	PDERTDPQ:0.3333333333333333	WPLALAAY:0.6666666666666666	VWLAEVES:0.5	RSPAGARG:0.3333333333333333	SPAGARGL:0.3333333333333333	PAGARGLF:0.3333333333333333	ARSPAGAR:0.3333333333333333	AGARGLFQ:0.3333333333333333	SARSPAGA:0.3333333333333333	PSETRMYV:0.3333333333333333	KSARAAAK:0.3333333333333333	LNPSARSP:0.3333333333333333	PSARSPAG:0.3333333333333333	SETRMYVP:0.3333333333333333	LPSETRMY:0.3333333333333333	NPSARSPA:0.3333333333333333	
