cluster number:68
GH23:150	GH23:150
APSLGNTT:0.2733333333333333	WTAVQAYN:0.84	VWTAVQAY:0.34	LVLAMIYT:0.7533333333333333	NEELVLAM:0.32	NGGNIYYA:0.23333333333333334	VLAMIYTE:0.76	AYNFGPAY:0.21333333333333335	DTPANEEL:0.20666666666666667	VVAPSLGN:0.7933333333333333	NFGPAYID:0.20666666666666667	QAYNFGPA:0.21333333333333335	TVVAPSLG:0.22666666666666666	AMIYTETK:0.8066666666666666	VAPSLGNT:0.5866666666666667	TPANEELV:0.20666666666666667	LAMIYTET:0.8066666666666666	MIYTETKG:0.82	ADVMQSSE:0.2	TAVQAYNF:0.84	DVMQSSES:0.76	PANEELVL:0.20666666666666667	VKQVMTYQ:0.23333333333333334	EELVLAMI:0.32	AVQAYNFG:0.84	VQAYNFGP:0.22	YNFGPAYI:0.21333333333333335	ELVLAMIY:0.35333333333333333	VMQSSESA:0.30666666666666664	ANEELVLA:0.32	DVWTAVQA:0.29333333333333333	KESIRQGV:0.22	GNYYYSRQ:0.26	GGNYYYSR:0.2866666666666667	IYTETKGK:0.5266666666666666	NGGNYYYS:0.28	NYYYSRQV:0.26	VDVWTAVQ:0.25333333333333335	YSKDVVAP:0.2	MQSSESSS:0.24666666666666667	QSSESSSG:0.24666666666666667	KDVVAPSL:0.2	SKDVVAPS:0.2	DVVAPSLG:0.30666666666666664	KLYKNGGN:0.2	LYKNGGNI:0.22	GKLYKNGG:0.2	PSLGNTTG:0.21333333333333335	DVKQVMTY:0.21333333333333335	YTETKGKE:0.2	FYYHPLAL:0.24666666666666667	TYFYYHPL:0.2	YKNGGNIY:0.2	VMQSSESS:0.4066666666666667	REVHFNLY:0.20666666666666667	DLVLAMIY:0.3333333333333333	HFNLYLIE:0.2	PLALISGG:0.23333333333333334	IYTETKGG:0.22	VQAYNFGT:0.28	NGGNIYYS:0.24666666666666667	YHPLALIS:0.21333333333333335	LYLIELMS:0.22	GNIYYSRE:0.22	NIYYSREV:0.22	NFGTAYID:0.21333333333333335	AYNFGTAY:0.24	EVHFNLYL:0.22	VHFNLYLI:0.22	NLYLIELM:0.22	KNGGNIYY:0.2	GGNIYYSR:0.23333333333333334	FGTAYIDY:0.21333333333333335	YFYYHPLA:0.24666666666666667	APSLGNTS:0.31333333333333335	SREVHFNL:0.20666666666666667	YTETKGGE:0.20666666666666667	VDLVLAMI:0.30666666666666664	QAYNFGTA:0.24	PSLGNTSG:0.30666666666666664	YNFGTAYI:0.24	NVDLVLAM:0.24	IYYSREVH:0.2	YYHPLALI:0.21333333333333335	HPLALISG:0.23333333333333334	YLIELMSL:0.22	YSREVHFN:0.21333333333333335	LIELMSLF:0.21333333333333335	YYSREVHF:0.20666666666666667	
