cluster number:659
GH23:29	GH23:29
RNGPYYGL:0.8275862068965517	GPYYGLMQ:0.8275862068965517	ARNGPYYG:0.8275862068965517	GLLDAETN:0.3793103448275862	NGPYYGLM:0.8275862068965517	PYYGLMQI:0.6896551724137931	ATARGMGY:0.27586206896551724	LLDAETNL:0.4482758620689655	VKYLRGAY:0.27586206896551724	TNLKYGVK:0.2413793103448276	AETNLKYG:0.20689655172413793	YYYEAKRK:0.20689655172413793	GVKYLRGA:0.3103448275862069	YYEAKRKG:0.20689655172413793	PGARNGPY:0.3448275862068966	DAETNLKY:0.2413793103448276	LDAETNLK:0.2413793103448276	PATARGMG:0.20689655172413793	GARNGPYY:0.41379310344827586	SGLLDAET:0.2413793103448276	PNETPELR:0.2413793103448276	LPATARGM:0.20689655172413793	RPGARNGP:0.2413793103448276	YGVKYLRG:0.3103448275862069	LKYGVKYL:0.2413793103448276	NLKYGVKY:0.2413793103448276	ETNLKYGV:0.20689655172413793	GYYYEAKR:0.5862068965517241	HRPGARNG:0.2413793103448276	KYGVKYLR:0.2413793103448276	LRGAYLVA:0.20689655172413793	RGYYYEAK:0.5517241379310345	WYSRGYYY:0.20689655172413793	YSRGYYYE:0.20689655172413793	HRVIIRES:0.20689655172413793	YLRGAYLV:0.20689655172413793	SRGYYYEA:0.20689655172413793	YLRGAWLV:0.3448275862068966	LRGAWLVS:0.3103448275862069	RYLRGAWL:0.3448275862068966	YGLMQILP:0.5172413793103449	YYGLMQIL:0.5172413793103449	YYYEAKRR:0.20689655172413793	YAGRYLRG:0.3103448275862069	GWYARGYY:0.20689655172413793	VIQRESDY:0.27586206896551724	LMQILPQT:0.4482758620689655	IQRESDYR:0.27586206896551724	YARGYYYE:0.4827586206896552	AGRYLRGA:0.3448275862068966	ARGYYYEA:0.4827586206896552	MQILPQTA:0.4482758620689655	LHRVIQRE:0.20689655172413793	HRVIQRES:0.2413793103448276	WYARGYYY:0.4482758620689655	LLHRVIQR:0.20689655172413793	QRESDYRA:0.20689655172413793	GRYLRGAW:0.3103448275862069	GLMQILPQ:0.4482758620689655	QILPQTAR:0.3103448275862069	PQTARTMG:0.2413793103448276	QTARTMGY:0.20689655172413793	
