cluster number:450
GH23:6	GH23:6
ERFHVEKS:0.3333333333333333	YDLYLNDE:0.8333333333333334	EQGTNYKT:0.3333333333333333	MPDTARGY:0.5	LNDETSRY:0.8333333333333334	RLYNPWIK:0.3333333333333333	VDERFHVE:0.3333333333333333	ARGYGLLV:0.3333333333333333	LMPDTARG:0.5	KTLRLYNP:0.5	LALAESLF:0.5	GASGFWQL:0.5	LALKEVLG:0.5	PDVAERLD:0.6666666666666666	GEPVPLEV:0.3333333333333333	RILALKEV:0.5	TLLGLKRM:0.3333333333333333	ACRYLKNA:0.3333333333333333	LTVAPGKE:0.3333333333333333	ALAESLFS:0.3333333333333333	FRILALKE:0.6666666666666666	AGEPVPLE:0.3333333333333333	AAASYNRG:0.5	FVYLALAE:0.5	RFHVEKST:0.3333333333333333	TFAGEPVP:0.3333333333333333	ILALKEVL:0.5	FWQLMPDT:0.5	AERLDREL:0.6666666666666666	DTARGYGL:0.5	VPDVAERL:0.6666666666666666	QGTNYKTL:0.5	RGYGLLVN:0.3333333333333333	YLNDETSR:0.8333333333333334	GFWQLMPD:0.5	AGASGFWQ:0.5	DFVYLALA:0.5	LEQGTNYK:0.3333333333333333	FAGEPVPL:0.6666666666666666	ETSRYIFR:0.3333333333333333	MTFAGEPV:0.3333333333333333	DETSRYIF:0.3333333333333333	PDTARGYG:0.5	AESLFSQV:0.3333333333333333	DVAERLDR:0.6666666666666666	GTNYKTLR:0.5	EPVPLEVP:0.3333333333333333	DERFHVEK:0.3333333333333333	LRLYNPWI:0.3333333333333333	WQLMPDTA:0.5	LEVPDVAE:0.3333333333333333	TARGYGLL:0.3333333333333333	ESLFSQVT:0.3333333333333333	VAERLDRE:0.6666666666666666	NYKTLRLY:0.5	TNYKTLRL:0.3333333333333333	LKEVLGNP:0.5	ASGFWQLM:0.5	VPLEVPDV:0.3333333333333333	NDETSRYI:0.3333333333333333	EVDERFHV:0.6666666666666666	VYLALAES:0.5	QLMPDTAR:0.5	SGFWQLMP:0.5	PLEVPDVA:0.3333333333333333	ALEQGTNY:0.3333333333333333	ALKEVLGN:0.5	YKTLRLYN:0.5	PVPLEVPD:0.3333333333333333	LAESLFSQ:0.3333333333333333	YLALAESL:0.5	DLYLNDET:0.8333333333333334	LYLNDETS:0.8333333333333334	EVPDVAER:0.3333333333333333	FALEQGTN:0.3333333333333333	TLRLYNPW:0.5	SLFSQVTS:0.3333333333333333	AACRYLKN:0.3333333333333333	KKFGSWTN:0.3333333333333333	LDVPDVAE:0.3333333333333333	PLDVPDVA:0.3333333333333333	PVPLDVPD:0.3333333333333333	FELPKEQG:0.3333333333333333	RYMFRILA:0.5	SYYDLYLN:0.5	GLKRMQRY:0.5	SRYMFRIL:0.5	DETSRYMF:0.5	TSPAGASG:0.3333333333333333	GEPVPLDV:0.3333333333333333	MFRILALK:0.5	KFGSWTNA:0.3333333333333333	VPLDVPDV:0.3333333333333333	YGFELPKE:0.3333333333333333	EPVPLDVP:0.3333333333333333	KYGFELPK:0.3333333333333333	ETSRYMFR:0.5	YMFRILAL:0.5	DVPDVAER:0.3333333333333333	ELPKEQGY:0.3333333333333333	RLDRELLV:0.5	PAGASGFW:0.3333333333333333	ELLVNSYL:0.5	ERLDRELL:0.5	SFAGEPVP:0.3333333333333333	DRELLVNS:0.5	AGEPVPLD:0.3333333333333333	TSRYMFRI:0.5	NDETSRYM:0.5	FGSWTNAA:0.5	RELLVNSY:0.5	YYDLYLND:0.5	GFELPKEQ:0.3333333333333333	SPAGASGF:0.3333333333333333	VTSPAGAS:0.3333333333333333	GSWTNAAA:0.5	LDRELLVN:0.5	VDERFHVQ:0.3333333333333333	PAFALEQG:0.3333333333333333	VNSYLHAT:0.3333333333333333	ERFHVQKA:0.3333333333333333	LVNSYLHA:0.3333333333333333	DERFHVQK:0.3333333333333333	LLGLKRMQ:0.3333333333333333	WTNAAASY:0.3333333333333333	LGLKRMQR:0.3333333333333333	NAAASYNR:0.3333333333333333	ASYNRGMS:0.3333333333333333	DLPAFALE:0.3333333333333333	SWTNAAAS:0.3333333333333333	TNAAASYN:0.3333333333333333	LPAFALEQ:0.3333333333333333	AASYNRGM:0.3333333333333333	LLVNSYLH:0.3333333333333333	RFHVQKAT:0.3333333333333333	SYNRGMSG:0.3333333333333333	AAGFWQLM:0.3333333333333333	AGFWQLMP:0.3333333333333333	GAAGFWQL:0.3333333333333333	KATQAACR:0.3333333333333333	ATQAACRY:0.3333333333333333	
