cluster number:508
GH23:425	GH23:425|CBM50:142
WSINTGNG:0.4423529411764706	TGNGYYGG:0.6776470588235294	AVAQCESG:0.20470588235294118	NTGNGYYG:0.6470588235294118	GGNWSINT:0.3788235294117647	NGYYGGLQ:0.6964705882352941	DAVAQCES:0.20705882352941177	YYGGLQFS:0.4164705882352941	GNWSINTG:0.4023529411764706	INTGNGYY:0.5741176470588235	GNGYYGGL:0.7011764705882353	WDAVAQCE:0.2164705882352941	QCESGGNW:0.5270588235294118	VAQCESGG:0.34352941176470586	GYYGGLQF:0.6870588235294117	AQCESGGN:0.5270588235294118	CESGGNWS:0.4541176470588235	SINTGNGY:0.40941176470588236	SGGNWSIN:0.3764705882352941	NWSINTGN:0.40705882352941175	ESGGNWSI:0.4023529411764706	IRVAENVL:0.30117647058823527	EQIRVAEN:0.3458823529411765	QIRVAENV:0.31058823529411766	SREEQIRV:0.2235294117647059	ASREEQIR:0.22823529411764706	REEQIRVA:0.2235294117647059	IAQCESGG:0.2	EEQIRVAE:0.23529411764705882	
