cluster number:207
GH23:11	GH23:11
TWEAVGAY:0.45454545454545453	MQINSSWL:0.5454545454545454	YGVNVHLL:0.2727272727272727	NKNGSYDI:0.45454545454545453	KTESNLNP:0.2727272727272727	NLQVGAWI:0.2727272727272727	LQVGAWIL:0.2727272727272727	VNVHLLYA:0.2727272727272727	SYDIGLMQ:0.36363636363636365	AIAKTESN:0.2727272727272727	NVHLLYAI:0.2727272727272727	GAWILSQN:0.2727272727272727	WYGVNVHL:0.2727272727272727	YDIGLMQI:0.45454545454545453	EAVGAYNA:0.6363636363636364	IAKTESNL:0.2727272727272727	QVGAWILS:0.2727272727272727	HLLYAIAK:0.36363636363636365	GLMQINSS:0.2727272727272727	IGLMQINS:0.5454545454545454	WILSQNMQ:0.2727272727272727	NSSWLPTL:0.45454545454545453	QINSSWLP:0.5454545454545454	LLYAIAKT:0.45454545454545453	INSSWLPT:0.45454545454545453	YAIAKTES:0.45454545454545453	NGSYDIGL:0.36363636363636365	KNGSYDIG:0.45454545454545453	AKTESNLN:0.2727272727272727	GSYDIGLM:0.36363636363636365	AWILSQNM:0.2727272727272727	VHLLYAIA:0.2727272727272727	GVNVHLLY:0.2727272727272727	LMQINSSW:0.2727272727272727	WEAVGAYN:0.6363636363636364	VGAWILSQ:0.2727272727272727	LYAIAKTE:0.45454545454545453	DIGLMQIN:0.5454545454545454	VGAYNARN:0.2727272727272727	GAYNARNP:0.2727272727272727	AVGAYNAR:0.36363636363636365	
