cluster number:225
GH23:6	GH23:6
TVELYTET:0.5	RGLLQIMP:0.5	IIAYNQGE:0.6666666666666666	IAYNQGEG:0.8333333333333334	MAMIWQES:0.5	FQHDAISG:0.5	ESRFQHDA:0.5	DGYYTKVM:0.5	HDGYYTKV:0.5	IPANAVLP:0.3333333333333333	AISGKGAR:0.5	LGVHPDDL:0.5	FDPVINLQ:0.3333333333333333	VHPDDLFD:0.5	PDDLFDPV:0.5	LDKATVEL:0.3333333333333333	KATVELYT:0.3333333333333333	NLQTGIKY:0.3333333333333333	DLLQKKYG:0.5	LIGIVAAV:0.5	YHDGYYTK:0.5	LPAVEKGL:0.3333333333333333	VLPAVEKG:0.3333333333333333	LLQIMPRT:0.5	NLRLSIIA:0.3333333333333333	IWQESRFQ:0.5	LIMAMIWQ:0.5	ISGKGARG:0.5	VFIPANAV:0.3333333333333333	MPRTGSWL:0.3333333333333333	DAISGKGA:0.5	PRTGSWLG:0.3333333333333333	SIIAYNQG:0.5	ATVELYTE:0.5	MIWQESRF:0.5	LSIIAYNQ:0.5	GIVAAVFI:0.5	AVFIPANA:0.3333333333333333	IGIVAAVF:0.5	GNLRLSII:0.3333333333333333	DLFDPVIN:0.3333333333333333	LFDPVINL:0.3333333333333333	RYHDGYYT:0.5	TKLIGIVA:0.5	HDAISGKG:0.5	GLLQIMPR:0.5	PRLDKATV:0.3333333333333333	IMAMIWQE:0.5	SRFQHDAI:0.5	LLQKKYGN:0.3333333333333333	GKGARGLL:0.5	KYGNLRLS:0.3333333333333333	KLIGIVAA:0.5	GARGLLQI:0.5	IVAAVFIP:0.5	AVLPAVEK:0.3333333333333333	IMPRTGSW:0.3333333333333333	DDLFDPVI:0.3333333333333333	TQVAPRLD:0.5	GSWLGVHP:0.3333333333333333	RNRYHDGY:0.5	ANAVLPAV:0.3333333333333333	WLGVHPDD:0.3333333333333333	QKKYGNLR:0.3333333333333333	QESRFQHD:0.5	DKATVELY:0.3333333333333333	RFQHDAIS:0.5	AVEKGLSE:0.3333333333333333	FIPANAVL:0.3333333333333333	LTKLIGIV:0.5	YNQGEGNV:1.0	LQKKYGNL:0.3333333333333333	NAVLPAVE:0.3333333333333333	NVITQVAP:0.5	KKYGNLRL:0.3333333333333333	SWLGVHPD:0.3333333333333333	VAAVFIPA:0.5	LRLSIIAY:0.5	AYNQGEGN:1.0	WQESRFQH:0.5	VAPRLDKA:0.3333333333333333	ARGLLQIM:0.5	AAVFIPAN:0.5	KGARGLLQ:0.5	NRYHDGYY:0.5	MLTKLIGI:0.5	VELYTETI:0.5	AMIWQESR:0.5	APRLDKAT:0.3333333333333333	QHDAISGK:0.5	GVHPDDLF:0.5	PANAVLPA:0.3333333333333333	QVAPRLDK:0.3333333333333333	ELYTETIF:0.5	SGKGARGL:0.5	ITQVAPRL:0.5	TGSWLGVH:0.3333333333333333	YGNLRLSI:0.3333333333333333	RLSIIAYN:0.5	LQIMPRTG:0.5	QIMPRTGS:0.5	RLDKATVE:0.3333333333333333	VITQVAPR:0.5	HPDDLFDP:0.5	RTGSWLGV:0.3333333333333333	PAVEKGLS:0.3333333333333333	YLDLLQKK:0.3333333333333333	ANVITQVA:0.3333333333333333	GYYTKVMT:0.3333333333333333	IKYLDLLQ:0.3333333333333333	VDRNRYHD:0.3333333333333333	GNVDRNRY:0.3333333333333333	LDLLQKKY:0.3333333333333333	YTKVMTHY:0.3333333333333333	GIKYLDLL:0.3333333333333333	LSKQYEID:0.3333333333333333	QYEIDPVL:0.3333333333333333	YYTKVMTH:0.3333333333333333	DPVLIMAM:0.3333333333333333	VLIMAMIW:0.3333333333333333	NVDRNRYH:0.3333333333333333	EIDPVLIM:0.3333333333333333	PVLIMAMI:0.3333333333333333	IDPVLIMA:0.3333333333333333	YEIDPVLI:0.3333333333333333	SKQYEIDP:0.3333333333333333	LANVITQV:0.3333333333333333	KYLDLLQK:0.3333333333333333	KQYEIDPV:0.3333333333333333	DRNRYHDG:0.3333333333333333	NQGEGNVD:0.3333333333333333	QGEGNVDR:0.3333333333333333	EGNVDRNR:0.3333333333333333	ELANVITQ:0.3333333333333333	GEGNVDRN:0.3333333333333333	
