cluster number:567
GH23:135	GH23:135
IRQESRFE:0.45185185185185184	GNYWNYLR:0.5481481481481482	FPSHPLTW:0.2518518518518518	NAGPGNVS:0.32592592592592595	AIASYNAG:0.5111111111111111	TALIRQES:0.34074074074074073	DETKNYVR:0.2	SYYAWRSA:0.6222222222222222	YNAGPGNV:0.6370370370370371	RARYLLAS:0.34074074074074073	LVTALIRQ:0.3333333333333333	ASYNAGPG:0.762962962962963	NPLLVTAL:0.4	YWQARYPF:0.34814814814814815	SHPLTWEI:0.22962962962962963	VTALIRQE:0.34074074074074073	APRAGFWV:0.26666666666666666	SLLAIASY:0.2814814814814815	LAPRAGFW:0.3037037037037037	LGQDRDAW:0.26666666666666666	KELYLLGQ:0.26666666666666666	WQARYPFP:0.34814814814814815	IPFDETKN:0.2	ELYLLGQD:0.26666666666666666	AGAMVSAP:0.23703703703703705	YWNYLRLY:0.5037037037037037	PSHPLTWE:0.23703703703703705	NSLLAIAS:0.2740740740740741	QARYPFPY:0.3333333333333333	GFWVGKWA:0.2814814814814815	PRAGFWVG:0.25925925925925924	LLAIASYN:0.2814814814814815	PLLVTALI:0.24444444444444444	AGFWVGKW:0.2962962962962963	LAIASYNA:0.4666666666666667	IMLGTWYL:0.24444444444444444	LIRQESRF:0.5555555555555556	LLVTALIR:0.2518518518518518	AGPGNVSK:0.23703703703703705	HPLTWEII:0.2518518518518518	ARYLLASD:0.34814814814814815	FDETKNYV:0.2	FKELYLLG:0.28888888888888886	DNIMLGTW:0.23703703703703705	TKNYVRQV:0.23703703703703705	ATGLMQVM:0.24444444444444444	LLGQDRDA:0.2518518518518518	TGLMQVMP:0.24444444444444444	RAGFWVGK:0.2518518518518518	SYNAGPGN:0.6370370370370371	LYLLGQDR:0.2518518518518518	NYWNYLRL:0.5037037037037037	ETKNYVRQ:0.23703703703703705	LGLNVGNF:0.23703703703703705	IASYNAGP:0.4740740740740741	GATGLMQV:0.2814814814814815	NIMLGTWY:0.2518518518518518	PLTWEIIR:0.24444444444444444	PFDETKNY:0.2	GPGNVSKW:0.23703703703703705	YLLGQDRD:0.2518518518518518	ALIRQESR:0.3851851851851852	TFKELYLL:0.2740740740740741	SILAPRAG:0.28888888888888886	ILAPRAGF:0.3037037037037037	RLYNPEIS:0.2518518518518518	RQESRFEP:0.22962962962962963	TVAEQFTE:0.2074074074074074	LRLYNPEI:0.2814814814814815	LMRQESRF:0.2222222222222222	AEQFTEGL:0.26666666666666666	ARYPFPYL:0.21481481481481482	RQVFGNYW:0.26666666666666666	YILLKQAQ:0.2518518518518518	GKASDLRQ:0.24444444444444444	NYVRQVFG:0.21481481481481482	VFGNYWNY:0.5037037037037037	NNSLLAIA:0.24444444444444444	EAAEYRWK:0.2740740740740741	EQFTEGLM:0.2962962962962963	PTVAEQFT:0.24444444444444444	WNYLRLYN:0.4222222222222222	LAPYILLK:0.26666666666666666	QVFGNYWN:0.2740740740740741	VRQVFGNY:0.26666666666666666	NDNIMLGT:0.2	QDPDEFVE:0.21481481481481482	APYILLKQ:0.24444444444444444	ILLKQAQA:0.2518518518518518	VAEQFTEG:0.24444444444444444	FGNYWNYL:0.4444444444444444	NYLRLYNP:0.4222222222222222	YVRQVFGN:0.26666666666666666	PYILLKQA:0.25925925925925924	YLRLYNPE:0.34814814814814815	LNPLLVTA:0.3333333333333333	ISKLEDRE:0.2518518518518518	AWLQWETE:0.2	RDAWLQWE:0.2	VGATGLMQ:0.2518518518518518	PQSYYAWR:0.25925925925925924	LLKQAQAQ:0.2	QDRDAWLQ:0.23703703703703705	GQDRDAWL:0.2222222222222222	DRDAWLQW:0.23703703703703705	DAWLQWET:0.2	RQLNPLLV:0.2518518518518518	LGTWYLDH:0.2222222222222222	MLGTWYLD:0.2074074074074074	TWYLDHTH:0.24444444444444444	GTWYLDHT:0.24444444444444444	QLNPLLVT:0.25925925925925924	LAVASYNA:0.24444444444444444	AVASYNAG:0.3037037037037037	VASYNAGP:0.28888888888888886	YYAWRSAV:0.3037037037037037	QSYYAWRS:0.2222222222222222	NAGPGNVA:0.2518518518518518	
