cluster number:409
GH23:28	GH23:28|CBM50:1
LYLAHFLG:0.5714285714285714	TSSATGLY:0.32142857142857145	ATGLYQFI:0.5714285714285714	SATGLYQF:0.6428571428571429	YLAHFLGA:0.5357142857142857	ELYLAHFL:0.5	SSATGLYQ:0.6428571428571429	AELYLAHF:0.21428571428571427	LGAGGASK:0.35714285714285715	YMAHFLGA:0.32142857142857145	EYTRDNKE:0.25	NASAKTGV:0.21428571428571427	TRGDGRPY:0.25	SYLMEKAA:0.35714285714285715	IQTRGDGR:0.25	AGGASKFL:0.35714285714285715	YRTDVKSS:0.21428571428571427	VEAAVRNA:0.32142857142857145	ALETPDEV:0.35714285714285715	SALMAAEY:0.32142857142857145	DFSYLMEK:0.35714285714285715	ETPDEVDS:0.35714285714285715	YDRFATKF:0.21428571428571427	YANAIQTR:0.25	YLMEKAAV:0.39285714285714285	RGDGRPYV:0.25	ASALMAAE:0.39285714285714285	HFLGAGGA:0.75	GYRTDVKS:0.21428571428571427	MAHFLGAG:0.32142857142857145	GAGGASKF:0.35714285714285715	AAVRNASA:0.35714285714285715	FSYLMEKA:0.35714285714285715	RNASAKTG:0.21428571428571427	AAEYTRDN:0.25	ESGYRTDV:0.25	LMEKAAVE:0.39285714285714285	QFIDSTWL:0.4642857142857143	LYMAHFLG:0.35714285714285715	VRRQDMPD:0.21428571428571427	KYANAIQT:0.21428571428571427	TRDNKEYL:0.25	EILDLRKD:0.25	LNGTPLSI:0.32142857142857145	AAVESGYR:0.39285714285714285	MEKAAVES:0.39285714285714285	SSSATGLY:0.32142857142857145	EKAAVESG:0.39285714285714285	YTRDNKEY:0.25	SAKTGVDF:0.21428571428571427	DEVDSISG:0.21428571428571427	TPDEVDSI:0.21428571428571427	QDMPDGFT:0.32142857142857145	ALMAAEYT:0.32142857142857145	VLALNALE:0.35714285714285715	SKFLNAMQ:0.2857142857142857	EAAVRNAS:0.35714285714285715	GASKFLNA:0.35714285714285715	LMAAEYTR:0.32142857142857145	KALNGTPL:0.2857142857142857	GLYQFIDS:0.4642857142857143	NALETPDE:0.35714285714285715	GSTELYMA:0.2857142857142857	TGLYQFID:0.42857142857142855	VRNASAKT:0.21428571428571427	AHFLGAGG:0.75	RQDMPDGF:0.21428571428571427	ALNGTPLS:0.2857142857142857	STELYMAH:0.2857142857142857	KAAVESGY:0.39285714285714285	NGTPLSIY:0.35714285714285715	GGASKFLN:0.35714285714285715	QTRGDGRP:0.25	GVDFSYLM:0.39285714285714285	ELYMAHFL:0.35714285714285715	VDFSYLME:0.35714285714285715	LALNALET:0.35714285714285715	AEYTRDNK:0.25	KSSSSSAT:0.32142857142857145	ASKFLNAM:0.32142857142857145	SSSSSATG:0.32142857142857145	ASAKTGVD:0.21428571428571427	LYQFIDST:0.4642857142857143	YQFIDSTW:0.4642857142857143	VESGYRTD:0.42857142857142855	TELYMAHF:0.35714285714285715	FLGAGGAS:0.39285714285714285	LNALETPD:0.35714285714285715	TGVDFSYL:0.39285714285714285	SGYRTDVK:0.25	IYDRFATK:0.21428571428571427	AVESGYRT:0.39285714285714285	ALNALETP:0.35714285714285715	ILDLRKDP:0.25	PDEVDSIS:0.21428571428571427	RRQDMPDG:0.21428571428571427	MAAEYTRD:0.25	NVEAAVRN:0.32142857142857145	RDNKEYLE:0.21428571428571427	SSSSATGL:0.32142857142857145	LETPDEVD:0.35714285714285715	AIQTRGDG:0.25	AVRNASAK:0.21428571428571427	LAHFLGAG:0.42857142857142855	FDYLLAQA:0.25	STWLQTMK:0.21428571428571427	PLSIYQVL:0.21428571428571427	LSIYQVLA:0.21428571428571427	MPDGFTTQ:0.2857142857142857	RTGVDFSY:0.21428571428571427	GTPLSIYQ:0.21428571428571427	GFGLGLGR:0.21428571428571427	IDSTWLQT:0.25	QVLALNAL:0.21428571428571427	DMPDGFTT:0.2857142857142857	PDGFTTQV:0.25	DSTWLQTM:0.21428571428571427	TPLSIYQV:0.21428571428571427	IYQVLALN:0.21428571428571427	YQVLALNA:0.21428571428571427	SIYQVLAL:0.21428571428571427	FIDSTWLQ:0.25	DGFTTQVP:0.25	
