cluster number:646
GH23:68	GH23:68
PFAQSPVG:0.23529411764705882	QQAAVAYW:0.20588235294117646	PTLILAIM:0.5294117647058824	LAIMAIES:0.29411764705882354	RVGVKVLQ:0.38235294117647056	VGAQGLMQ:0.9411764705882353	ILAIMAIE:0.27941176470588236	AQSPVGAQ:0.23529411764705882	KLDPTLIL:0.5	VKVLQECI:0.36764705882352944	NPFAQSPV:0.23529411764705882	QGLMQVMT:0.9117647058823529	FDPVTNLR:0.20588235294117646	NLRVGVKV:0.27941176470588236	AFDPVTNL:0.23529411764705882	LILAIMAI:0.27941176470588236	VGVKVLQE:0.36764705882352944	AQGLMQVM:0.9117647058823529	TKLDPTLI:0.3235294117647059	FNPFAQSP:0.23529411764705882	PVGAQGLM:0.2647058823529412	TLTARPDL:0.22058823529411764	DKYENFGG:0.23529411764705882	LPKQQAAV:0.20588235294117646	FAQSPVGA:0.23529411764705882	SGFNPFAQ:0.22058823529411764	PVTNLRVG:0.20588235294117646	PKQQAAVA:0.20588235294117646	LDPTLILA:0.6470588235294118	TLILAIMA:0.5294117647058824	QAAVAYWL:0.3382352941176471	DPVTNLRV:0.20588235294117646	AAVAYWLS:0.3382352941176471	ESGFNPFA:0.22058823529411764	LRVGVKVL:0.27941176470588236	GFNPFAQS:0.22058823529411764	LTARPDLR:0.23529411764705882	DPTLILAI:0.5588235294117647	GVKVLQEC:0.36764705882352944	KYRVAPEP:0.5441176470588235	QSPVGAQG:0.23529411764705882	SPVGAQGL:0.2647058823529412	GAQGLMQV:0.9852941176470589	YYVGAANL:0.5441176470588235	AAFDPVTN:0.22058823529411764	AAFDPVSN:0.2647058823529412	YAAKVLAE:0.2647058823529412	FALLGLAV:0.23529411764705882	AYWLSKKY:0.3382352941176471	ECIARAGS:0.4852941176470588	PVSNLRVG:0.2647058823529412	RAGSIEGG:0.23529411764705882	GGYAAKVL:0.27941176470588236	GYAAKVLA:0.2647058823529412	AFDPVSNL:0.2647058823529412	FDPVSNLR:0.2647058823529412	VAYWLSKK:0.3235294117647059	DGGYAAKV:0.3235294117647059	AGSIEGGL:0.2647058823529412	DPVSNLRV:0.2647058823529412	AAKVLAEH:0.2647058823529412	AVAYWLSK:0.3235294117647059	GSIEGGLR:0.20588235294117646	IMAIESSF:0.23529411764705882	NLRVGVRV:0.20588235294117646	ESSFNPFA:0.6176470588235294	AIMAIESS:0.23529411764705882	MQVMTRVH:0.4852941176470588	GLMQVMTR:0.5441176470588235	IESSFNPF:0.29411764705882354	SFNPFAQS:0.6029411764705882	SSFNPFAQ:0.6029411764705882	AIESSFNP:0.29411764705882354	LMQVMTRV:0.4852941176470588	LRVGVRVL:0.20588235294117646	MAIESSFN:0.25	AFWLSKKY:0.23529411764705882	VHTDKYEN:0.20588235294117646	VAFWLSKK:0.23529411764705882	SKKYRVAP:0.45588235294117646	WLSKKYRV:0.5294117647058824	RATATNPK:0.20588235294117646	EGGLRYYV:0.4852941176470588	QAAVAFWL:0.22058823529411764	RYYVGAAN:0.5	PFAQSAVG:0.3235294117647059	FWLSKKYR:0.25	AALVSEAY:0.23529411764705882	VSNLRVGV:0.22058823529411764	LSKKYRVA:0.5294117647058824	AAVAFWLS:0.22058823529411764	AQSAVGAQ:0.3235294117647059	YVGAANLP:0.27941176470588236	AVAFWLSK:0.22058823529411764	FNPFAQSA:0.3235294117647059	SAVGAQGL:0.3382352941176471	LRYYVGAA:0.5	FAQSAVGA:0.3235294117647059	GLRYYVGA:0.5	LPKEQAAV:0.23529411764705882	PKEQAAVA:0.23529411764705882	GGLRYYVG:0.4852941176470588	QSAVGAQG:0.3235294117647059	NPFAQSAV:0.3235294117647059	KKYRVAPE:0.47058823529411764	AVGAQGLM:0.3382352941176471	QVMTRVHT:0.27941176470588236	YWLSKKYR:0.25	YRVAPEPL:0.29411764705882354	IARAGSLE:0.3235294117647059	ARAGSLEG:0.3235294117647059	AVESSFNP:0.3235294117647059	VESSFNPF:0.3235294117647059	VMTRVHTD:0.23529411764705882	TRVHTDKY:0.27941176470588236	KVLQECIA:0.2647058823529412	GSLEGGLR:0.35294117647058826	LQECIARA:0.38235294117647056	QECIARAG:0.38235294117647056	MAVESSFN:0.29411764705882354	RTKLDPTL:0.3088235294117647	MTRVHTDK:0.23529411764705882	AGSLEGGL:0.38235294117647056	LEGGLRYY:0.3088235294117647	VLQECIAR:0.36764705882352944	SLEGGLRY:0.3088235294117647	RVHTDKYE:0.25	CIARAGSL:0.3235294117647059	RAGSLEGG:0.38235294117647056	LILAIMAV:0.25	AIMAVESS:0.25	ILAIMAVE:0.25	LAIMAVES:0.25	IMAVESSF:0.25	
