cluster number:514
GH23:18	GH23:18|CBM50:1
FAYNMPQA:0.2222222222222222	KLISMKEI:0.2222222222222222	YGIPEDFK:0.4444444444444444	AKVFAYNM:0.2222222222222222	AYGIPEDF:0.3333333333333333	VFAYNMPQ:0.2222222222222222	YVYKLISM:0.3333333333333333	FPIIEPIL:0.3333333333333333	NYFKMKLN:0.2222222222222222	KYIKELYG:0.2222222222222222	NLRKSTIA:0.2777777777777778	WQFMPGTA:0.5	EPILAAYG:0.2777777777777778	LRKSTIAA:0.2777777777777778	GIPEDFKY:0.4444444444444444	PILAAYGI:0.2777777777777778	VAAAYNVG:0.6111111111111112	AQLNFAEE:0.2222222222222222	LVAAAYNV:0.6111111111111112	WTLVAAAY:0.5555555555555556	YKLISMKE:0.2222222222222222	DNYFKMKL:0.2222222222222222	KVFAYNMP:0.2222222222222222	QDNYFKMK:0.2222222222222222	ILAAYGIP:0.2777777777777778	QFMPGTAR:0.5	AAAYNVGD:0.3333333333333333	SWTLVAAA:0.2777777777777778	VYKLISMK:0.3333333333333333	TLVAAAYN:0.5555555555555556	IEPILAAY:0.2777777777777778	ATARLYGL:0.2222222222222222	WQFMPATA:0.4444444444444444	FMPATARL:0.2222222222222222	ARLYGLKV:0.2777777777777778	TARLYGLK:0.2777777777777778	GGYWQFMP:0.2222222222222222	GNWTLVAA:0.2222222222222222	QFMPATAR:0.3888888888888889	YNVGGGSL:0.2222222222222222	AYNVGGGS:0.2222222222222222	RLYGLKVN:0.2777777777777778	YWQFMPAT:0.2222222222222222	KGAGGYWQ:0.2222222222222222	MPATARLY:0.2222222222222222	GYWQFMPA:0.2222222222222222	FGNWTLVA:0.2222222222222222	LYGLKVNG:0.2222222222222222	AGGYWQFM:0.2222222222222222	PATARLYG:0.2222222222222222	NWTLVAAA:0.2777777777777778	AAAYNVGG:0.2222222222222222	GAGGYWQF:0.2222222222222222	AAYNVGGG:0.2222222222222222	FKYIPLVE:0.3333333333333333	EDFKYIPL:0.2222222222222222	IPEDFKYI:0.2222222222222222	PEDFKYIP:0.2222222222222222	DFKYIPLV:0.3333333333333333	GIWQFMPG:0.2222222222222222	GTARTYGL:0.3333333333333333	TLAAAAYN:0.2777777777777778	TIAACKYI:0.2222222222222222	LAAAAYNN:0.2222222222222222	NSWTLAAA:0.2222222222222222	AACKYIKE:0.3333333333333333	FMPGTART:0.3333333333333333	EFNSWTLA:0.2222222222222222	RKSTIAAC:0.2222222222222222	KSTIAACK:0.2222222222222222	IWQFMPGT:0.2222222222222222	FNSWTLAA:0.2222222222222222	ACKYIKEL:0.2777777777777778	MPGTARTY:0.3333333333333333	STIAACKY:0.2222222222222222	SWTLAAAA:0.2222222222222222	IAACKYIK:0.2222222222222222	CKYIKELY:0.2777777777777778	PGTARTYG:0.3333333333333333	WTLAAAAY:0.2777777777777778	AAAAYNNG:0.2222222222222222	KYIPLVES:0.2777777777777778	IPLVESGL:0.2777777777777778	YIPLVESG:0.2777777777777778	YGIPDDFK:0.2222222222222222	FPVIEPIL:0.2222222222222222	WFPVIEPI:0.2222222222222222	
