cluster number:688
GH23:49	GH23:49|CBM50:31
WDKVAQCE:0.20408163265306123	GNWSINTG:0.40816326530612246	NGFYGGLQ:0.7551020408163265	GGNWSINT:0.2857142857142857	SINTGNGF:0.42857142857142855	LAQCESGG:0.22448979591836735	TGNGFYGG:0.6530612244897959	CESGGNWS:0.3673469387755102	SGGNWSIN:0.2653061224489796	NWSINTGN:0.3877551020408163	ESGGNWSI:0.3673469387755102	GFYGGLQF:0.7551020408163265	WSINTGNG:0.46938775510204084	FYGGLQFT:0.6938775510204082	NTGNGFYG:0.5510204081632653	GNGFYGGL:0.7551020408163265	INTGNGFY:0.5102040816326531	QCESGGNW:0.4897959183673469	AQCESGGN:0.4897959183673469	FTSSTWAA:0.22448979591836735	GLQFTSST:0.30612244897959184	PVAGLVTA:0.2653061224489796	QFTSSTWA:0.22448979591836735	QGPGAWPV:0.5918367346938775	LQFTSSTW:0.30612244897959184	ALPVAGLV:0.20408163265306123	VCSVKAGL:0.22448979591836735	YGGLQFTS:0.30612244897959184	PVCSVKAG:0.22448979591836735	GPGAWPVC:0.5918367346938775	WPVCSVKA:0.22448979591836735	AWPVCSVK:0.22448979591836735	QATKAQQI:0.20408163265306123	LPVAGLVT:0.24489795918367346	GGLQFTSS:0.30612244897959184	PGAWPVCS:0.5714285714285714	GAWPVCSV:0.40816326530612246	LASQGPGA:0.32653061224489793	VLASQGPG:0.32653061224489793	VAEKVLAS:0.24489795918367346	KVLASQGP:0.32653061224489793	VAQCESGG:0.32653061224489793	AEKVLASQ:0.32653061224489793	ASQGPGAW:0.32653061224489793	SQGPGAWP:0.3469387755102041	DAVAQCES:0.20408163265306123	WDAVAQCE:0.20408163265306123	EKVLASQG:0.32653061224489793	
