cluster number:575
GH23:102	GH23:102|CBM50:100
VAAGVTGS:0.6176470588235294	PDLILPGQ:0.2647058823529412	QQIAVAEK:0.30392156862745096	MRSGNGRH:0.2647058823529412	DPDLILPG:0.27450980392156865	RPRQAPAL:0.4117647058823529	RVAECESG:0.30392156862745096	GRHRRPRQ:0.8921568627450981	VVAAGVTG:0.35294117647058826	SGNGRHRR:0.7254901960784313	RRPRQAPA:0.803921568627451	WDRVAECE:0.3627450980392157	NGRHRRPR:0.8529411764705882	AAGVTGSA:0.6274509803921569	GNGRHRRP:0.7352941176470589	DRVAECES:0.30392156862745096	RSGNGRHR:0.2647058823529412	TWDRVAEC:0.28431372549019607	HRRPRQAP:0.803921568627451	RHRRPRQA:0.803921568627451	VAECESGG:0.5588235294117647	IAIPLLGA:0.5	NGYYGGLQ:0.4803921568627451	VTGSAIAI:0.5490196078431373	TGSAIAIP:0.5490196078431373	SGRHASRG:0.27450980392156865	GVTGSAIA:0.5980392156862745	AIAIPLLG:0.5	SRSQQIAV:0.37254901960784315	GSAIAIPL:0.5392156862745098	RSQQIAVA:0.37254901960784315	GYYGGLQL:0.22549019607843138	AGVTGSAI:0.5980392156862745	SQQIAVAE:0.3627450980392157	GNGYYGGL:0.5	LSGNGRHR:0.46078431372549017	MLSGNGRH:0.46078431372549017	ASRSQQIA:0.38235294117647056	SAIAIPLL:0.5098039215686274	LASRSQQI:0.45098039215686275	DLASRSQQ:0.45098039215686275	ADLASRSQ:0.2549019607843137	RPRQAPAI:0.29411764705882354	CESGGMWS:0.2647058823529412	ECESGGMW:0.23529411764705882	AECESGGM:0.23529411764705882	ESGGMWSA:0.2647058823529412	
