cluster number:470
GH23:17	GH23:17
ALAYQESH:0.23529411764705882	AALAYQES:0.5294117647058824	ARGGEAVI:0.7647058823529411	VRGIMMLT:0.29411764705882354	LAYQESHW:0.23529411764705882	RYFGHVRR:0.4117647058823529	EPDRTWMA:0.35294117647058826	ARTGIDWR:0.23529411764705882	VRGMMMLT:0.7058823529411765	TGVRGMMM:0.4117647058823529	DRYFGHVR:0.4117647058823529	LPLLSRPE:0.23529411764705882	YQESQWDP:0.23529411764705882	ALAYQESQ:0.23529411764705882	LAYQESQW:0.23529411764705882	ETADRLGV:0.4117647058823529	RGMMMLTE:0.29411764705882354	AYQESQWD:0.23529411764705882	GVRGMMML:0.47058823529411764	QARTGIDW:0.23529411764705882	VLPLLSRP:0.29411764705882354	YFGHVRRL:0.4117647058823529	PLLSRPEY:0.23529411764705882	AQARTGID:0.23529411764705882	RGGEAVIM:0.6470588235294118	HWDPLATS:0.47058823529411764	TNVRGMMM:0.23529411764705882	AYQESHWD:0.4117647058823529	NVRGMMML:0.23529411764705882	SHWDPLAT:0.47058823529411764	ESHWDPLA:0.47058823529411764	QESHWDPL:0.4117647058823529	YQESHWDP:0.47058823529411764	LAALAYQE:0.35294117647058826	LLAALAYQ:0.23529411764705882	GAARGGEA:0.35294117647058826	RLLAALAY:0.23529411764705882	DWRLLAAL:0.23529411764705882	IDWRLLAA:0.23529411764705882	YNLGMGHF:0.23529411764705882	AARGGEAV:0.35294117647058826	GIDWRLLA:0.23529411764705882	WRLLAALA:0.23529411764705882	AYNLGMGH:0.6470588235294118	VTVRRGSL:0.23529411764705882	ILGGARYF:0.23529411764705882	LATSRTGV:0.35294117647058826	RGMMMLTS:0.23529411764705882	AAAGLARN:0.35294117647058826	VATDRVHY:0.29411764705882354	AAGLARND:0.35294117647058826	SILGGARY:0.5882352941176471	AAYNLGMG:0.5882352941176471	NGARAIAR:0.23529411764705882	PARGGEAV:0.29411764705882354	PLATSRTG:0.35294117647058826	FGHVRRLD:0.23529411764705882	LTSETADR:0.23529411764705882	MMLTSETA:0.23529411764705882	AGLARNDR:0.23529411764705882	PEYAARLK:0.29411764705882354	SRPEYAAR:0.29411764705882354	LVATDRVH:0.35294117647058826	EMKSVLPL:0.23529411764705882	TSETADRL:0.23529411764705882	DLAGRTVT:0.23529411764705882	WDPLATSR:0.35294117647058826	KSHVAWAL:0.23529411764705882	EAVIMTEN:0.35294117647058826	RTVTVRRG:0.23529411764705882	GELRVATR:0.5882352941176471	PVKSHVAW:0.23529411764705882	LAGRTVTV:0.23529411764705882	MLTSETAD:0.23529411764705882	TAAYNLGM:0.35294117647058826	ATAAYNLG:0.35294117647058826	TVTVRRGS:0.23529411764705882	VKSHVAWA:0.23529411764705882	SHVAWALP:0.23529411764705882	GEAVIMTE:0.35294117647058826	GRTVTVRR:0.23529411764705882	SGFEHDLL:0.47058823529411764	TSRTGVRG:0.35294117647058826	DLVATDRV:0.35294117647058826	LPVKSHVA:0.23529411764705882	SWWEMKSV:0.23529411764705882	WEMKSVLP:0.23529411764705882	SRTGVRGM:0.23529411764705882	MATAAYNL:0.35294117647058826	ATSRTGVR:0.35294117647058826	WWEMKSVL:0.23529411764705882	AGRTVTVR:0.23529411764705882	DPLATSRT:0.35294117647058826	GGEAVIMT:0.35294117647058826	RTGVRGMM:0.23529411764705882	GIDWRYLA:0.29411764705882354	WMATAAYN:0.35294117647058826	RPEYAARL:0.29411764705882354	SETADRLG:0.23529411764705882	GPARGGEA:0.29411764705882354	IDWRYLAA:0.29411764705882354	TGIDWRYL:0.29411764705882354	RLDARQSI:0.23529411764705882	KSVLPLLS:0.23529411764705882	ADRYFGHV:0.23529411764705882	LVATDRLH:0.23529411764705882	RQSILGGA:0.23529411764705882	SVLPLLSR:0.23529411764705882	ILGGARYL:0.35294117647058826	DLVATDRL:0.23529411764705882	LDLVATDR:0.35294117647058826	YNLGMGHM:0.23529411764705882	QSILGGAR:0.23529411764705882	IADRYFGH:0.23529411764705882	RTLGELRV:0.29411764705882354	TLGELRVA:0.29411764705882354	HLAAAGLA:0.23529411764705882	AVIMTENI:0.23529411764705882	AHLAAAGL:0.35294117647058826	NIRNYHDI:0.23529411764705882	LGELRVAT:0.35294117647058826	EPDRSWMA:0.29411764705882354	MTENIRNY:0.23529411764705882	IMTENIRN:0.23529411764705882	EAHLAAAG:0.23529411764705882	ENIRNYHD:0.23529411764705882	LAAAGLAR:0.23529411764705882	GARAIART:0.23529411764705882	YAARLKAG:0.23529411764705882	IRNYHDIL:0.23529411764705882	VIMTENIR:0.23529411764705882	GEAHLAAA:0.23529411764705882	RLKAGAAR:0.23529411764705882	LKAGAARG:0.23529411764705882	KAGAARGG:0.23529411764705882	AGAARGGE:0.23529411764705882	
