cluster number:617
GH23:27	GH23:27
MAVIDVES:0.37037037037037035	LLMAVIDV:0.37037037037037035	ALLMAVID:0.2962962962962963	GLMQLMPA:0.3333333333333333	LMAVIDVE:0.37037037037037035	IPPYRETQ:0.37037037037037035	MQLMPATG:0.3333333333333333	DSALLMAV:0.2962962962962963	LALAAYNA:0.8518518518518519	ALAAYNAG:0.8518518518518519	LAAYNAGE:0.7777777777777778	SALLMAVI:0.2962962962962963	LMQLMPAT:0.3333333333333333	AYNAGEGA:0.7407407407407407	VSPKGATG:0.5185185185185185	GATGLMQL:0.4444444444444444	PKGATGLM:0.6666666666666666	YNAGEGAV:0.7407407407407407	TGLMQLMP:0.4444444444444444	AAYNAGEG:0.7777777777777778	SPKGATGL:0.6666666666666666	KGATGLMQ:0.6666666666666666	ATGLMQLM:0.4444444444444444	AVSPKGAT:0.5185185185185185	GEGAVQKY:0.25925925925925924	GGNPQAVS:0.2222222222222222	GQIPPYAE:0.2222222222222222	ESGGNPQA:0.2222222222222222	QIPPYAET:0.2222222222222222	KYGGQIPP:0.25925925925925924	AAGARYLK:0.25925925925925924	VQKYGGQI:0.2222222222222222	GGQIPPYA:0.2222222222222222	NPQAVSPK:0.25925925925925924	NAGEGAVQ:0.25925925925925924	HGASDLFD:0.2222222222222222	VIDVESGG:0.2222222222222222	EGAVQKYG:0.25925925925925924	QKYGGQIP:0.2222222222222222	LPLALAAY:0.3333333333333333	VESGGNPQ:0.2222222222222222	QAVSPKGA:0.25925925925925924	PQAVSPKG:0.25925925925925924	IDVESGGN:0.2222222222222222	SGGNPQAV:0.2222222222222222	AVQKYGGQ:0.25925925925925924	YGGQIPPY:0.25925925925925924	GNPQAVSP:0.25925925925925924	DVESGGNP:0.2222222222222222	GAVQKYGG:0.25925925925925924	AVIDVESG:0.2222222222222222	AGEGAVQK:0.25925925925925924	PLALAAYN:0.3333333333333333	RHGGRIPP:0.2222222222222222	ARHGGRIP:0.2222222222222222	KGAVGLMQ:0.25925925925925924	PKGAVGLM:0.2222222222222222	SPKGAVGL:0.2222222222222222	HGGRIPPY:0.2222222222222222	QLMPATGA:0.2962962962962963	PHANLRAG:0.2222222222222222	LMQVIPAT:0.2222222222222222	TGLMQVIP:0.2222222222222222	LRDPHANL:0.2222222222222222	HAMIRVES:0.2222222222222222	VRQVLACY:0.2222222222222222	RQVLACYR:0.2222222222222222	DDLTLALA:0.2222222222222222	YVRQVLAC:0.2222222222222222	KLLHAMIR:0.2222222222222222	ATYLKWLL:0.3333333333333333	AGEGAVRK:0.25925925925925924	DPHANLRA:0.2222222222222222	GATGLMQV:0.2222222222222222	LDAKLLHA:0.2222222222222222	TYLKWLLG:0.2222222222222222	DAKLLHAM:0.2222222222222222	ATGLMQVI:0.2222222222222222	RAGATYLK:0.3333333333333333	NLRAGATY:0.3333333333333333	YLKWLLGE:0.2222222222222222	LHAMIRVE:0.2222222222222222	NAGEGAVR:0.25925925925925924	HANLRAGA:0.2222222222222222	TLALAAYN:0.2222222222222222	DLTLALAA:0.2222222222222222	LLHAMIRV:0.2222222222222222	GLMQVIPA:0.2222222222222222	AGATYLKW:0.3333333333333333	RDPHANLR:0.2222222222222222	ANLRAGAT:0.25925925925925924	AKLLHAMI:0.2222222222222222	GATYLKWL:0.3333333333333333	LRAGATYL:0.3333333333333333	LTLALAAY:0.2222222222222222	DLRDPHAN:0.2222222222222222	LKWLLGEF:0.2222222222222222	
