cluster number:258
GH23:172	GH23:172|CBM50:3
TGRYVFRI:0.2441860465116279	DERYHLEK:0.2616279069767442	ETGRYVFR:0.2558139534883721	GVPDDFKY:0.20930232558139536	RYVFRILA:0.4127906976744186	VPDDFKYL:0.23255813953488372	DDFKYLAV:0.45930232558139533	VDERYHLE:0.27906976744186046	LVNTYWQS:0.5116279069767442	VNTYWQSN:0.5174418604651163	NDNVDERY:0.2441860465116279	PDDFKYLA:0.5872093023255814	SRYVFRIL:0.20930232558139536	FRILALKE:0.2616279069767442	VFRILALK:0.23837209302325582	RILALKEI:0.2558139534883721	TLAAAAYN:0.2441860465116279	TSRYVFRI:0.22674418604651161	YVFRILAL:0.23837209302325582	WTLAAAAY:0.2441860465116279	ETSRYVFR:0.22674418604651161	IPDDFKYL:0.46511627906976744	DFKYLAVI:0.3546511627906977	FKYLAVIE:0.3546511627906977	NGIPDDFK:0.29069767441860467	GIPDDFKY:0.3546511627906977	KYLAVIES:0.38953488372093026	FPIIEPIL:0.45930232558139533	PIIEPILK:0.26744186046511625	YWQSNGLL:0.26744186046511625	NTYWQSNG:0.29069767441860467	AAAAYNAG:0.4011627906976744	TYWQSNGL:0.25	LKIHNPWL:0.22093023255813954	YLAVIESG:0.29651162790697677	LAVIESGL:0.29651162790697677	KIHNPWLR:0.23837209302325582	AAAYNAGN:0.25	ELLVNTYW:0.3546511627906977	LAAAAYNA:0.23255813953488372	DERYHIEK:0.23255813953488372	DRELLVNT:0.29069767441860467	RELLVNTY:0.32558139534883723	GSWTLAAA:0.32558139534883723	SWTLAAAA:0.21511627906976744	LLVNTYWQ:0.3546511627906977	ERMDRELL:0.21511627906976744	VDERYHIE:0.22674418604651161	KYFPIIEP:0.31976744186046513	KRANKYFP:0.23255813953488372	FGSWTLAA:0.20930232558139536	YFPIIEPI:0.3546511627906977	YDLLLGEE:0.20348837209302326	DLLLGEET:0.20348837209302326	LLLGEETG:0.20348837209302326	YYDLLLGE:0.20348837209302326	LGEETGRY:0.20348837209302326	LLGEETGR:0.20348837209302326	
