cluster number:47
GH23:11	GH23:11
WYIGKVYQ:0.9090909090909091	NKLASDFG:0.5454545454545454	AYILKYNI:1.0	PARKAWYI:1.0	RYHSNTPA:1.0	IWANKLAS:0.5454545454545454	SAYILKYN:1.0	DFGVKAEQ:0.6363636363636364	RKAWYIGK:1.0	EQLQHDFC:1.0	KNGTYDYG:0.9090909090909091	YGAFQINT:0.9090909090909091	IILEGGDF:1.0	KAEQLQHD:0.6363636363636364	MKNKNKNG:0.9090909090909091	AEQLQHDF:1.0	GGDFWQGV:1.0	TYDYGAFQ:0.9090909090909091	DYGAFQIN:0.9090909090909091	MASAYILK:1.0	AWYIGKVY:0.9090909090909091	SNTPARKA:1.0	GTYDYGAF:0.9090909090909091	VYQNSLRF:0.9090909090909091	SAMASAYI:1.0	AMASAYIL:1.0	TIWANKLA:0.9090909090909091	YIGKVYQN:0.9090909090909091	IGKVYQNS:0.9090909090909091	ASAMASAY:1.0	FCASAMAS:1.0	DFCASAMA:1.0	YDYGAFQI:0.9090909090909091	ARKAWYIG:1.0	LQHDFCAS:1.0	WANKLASD:0.5454545454545454	GAFQINTI:0.9090909090909091	GKVYQNSL:0.9090909090909091	INTIWANK:0.9090909090909091	ANKLASDF:0.5454545454545454	GVKAEQLQ:0.6363636363636364	KNKNKNGT:0.9090909090909091	NTPARKAW:1.0	NKNGTYDY:0.9090909090909091	LASDFGVK:0.5454545454545454	KNKNGTYD:0.9090909090909091	KVYQNSLR:0.9090909090909091	QLQHDFCA:1.0	YILKYNII:1.0	LEGGDFWQ:1.0	FQINTIWA:0.9090909090909091	EGGDFWQG:1.0	KYNIILEG:1.0	KAWYIGKV:1.0	FGVKAEQL:0.6363636363636364	CASAMASA:1.0	HSNTPARK:1.0	AFQINTIW:0.9090909090909091	HDFCASAM:1.0	NKNKNGTY:0.9090909090909091	YNIILEGG:1.0	QINTIWAN:0.9090909090909091	ASAYILKY:1.0	LKYNIILE:1.0	NGTYDYGA:0.9090909090909091	KLASDFGV:0.5454545454545454	ILEGGDFW:1.0	TPARKAWY:1.0	YHSNTPAR:1.0	ASDFGVKA:0.6363636363636364	NIILEGGD:1.0	SDFGVKAE:0.6363636363636364	ILKYNIIL:1.0	NTIWANKL:0.9090909090909091	QHDFCASA:1.0	VKAEQLQH:0.6363636363636364	KPGMKNKN:0.6363636363636364	LRGFLALW:0.6363636363636364	ALWLTEGG:0.6363636363636364	MVEAAQIY:0.5454545454545454	GRYHSNTP:0.8181818181818182	IYHIPLRG:0.6363636363636364	GKPGMKNK:0.6363636363636364	QIYHIPLR:0.6363636363636364	EGGKPGMK:0.6363636363636364	FGVRAEQL:0.36363636363636365	DFGVRAEQ:0.36363636363636365	LTEGGKPG:0.6363636363636364	HIPLRGFL:0.6363636363636364	GVRAEQLQ:0.36363636363636365	AQIYHIPL:0.6363636363636364	VEAAQIYH:0.5454545454545454	RGFLALWL:0.6363636363636364	ANKLAADF:0.36363636363636365	EAAQIYHI:0.6363636363636364	ADFGVRAE:0.36363636363636365	GFLALWLT:0.6363636363636364	WLTEGGKP:0.6363636363636364	VGRYHSNT:0.8181818181818182	GGKPGMKN:0.6363636363636364	TEGGKPGM:0.6363636363636364	GDFWQGVG:0.8181818181818182	DFWQGVGR:0.8181818181818182	AADFGVRA:0.36363636363636365	WANKLAAD:0.36363636363636365	YHIPLRGF:0.6363636363636364	NKLAADFG:0.36363636363636365	WQGVGRYH:0.8181818181818182	FWQGVGRY:0.8181818181818182	VRAEQLQH:0.36363636363636365	LALWLTEG:0.6363636363636364	IPLRGFLA:0.6363636363636364	IWANKLAA:0.36363636363636365	LWLTEGGK:0.6363636363636364	PLRGFLAL:0.6363636363636364	PGMKNKNK:0.6363636363636364	KLAADFGV:0.36363636363636365	QGVGRYHS:0.8181818181818182	GMKNKNKN:0.6363636363636364	FLALWLTE:0.6363636363636364	GVGRYHSN:0.8181818181818182	LAADFGVR:0.36363636363636365	AAQIYHIP:0.6363636363636364	RAEQLQHD:0.36363636363636365	VDAPPSIP:0.45454545454545453	SIPLPTCM:0.45454545454545453	DAPPSIPL:0.45454545454545453	APPSIPLP:0.45454545454545453	MVDAPPSI:0.45454545454545453	PPSIPLPT:0.45454545454545453	PSIPLPTC:0.45454545454545453	PTCMVEAA:0.36363636363636365	CMVEAAQI:0.36363636363636365	TCMVEAAQ:0.36363636363636365	LPTCMVEA:0.36363636363636365	PLPTCMVE:0.36363636363636365	IPLPTCMV:0.36363636363636365	
