cluster number:569
GH23:11	GH23:11|CBM50:10
KFLAHKIA:0.36363636363636365	AVSTSNAV:0.6363636363636364	ESSLISDA:0.2727272727272727	KKFLAHKI:0.36363636363636365	SSLISDAV:0.2727272727272727	SLISDAVS:0.2727272727272727	LISDAVST:0.2727272727272727	GAARYLKK:0.2727272727272727	VIQESSLI:0.2727272727272727	QESSLISD:0.2727272727272727	HLKEYNKW:0.36363636363636365	FKKGTAEE:0.2727272727272727	VSYQMGLG:0.2727272727272727	SDAVSTSN:0.2727272727272727	DIQADVDA:0.2727272727272727	FWQFKKGT:0.45454545454545453	QFKKGTAE:0.2727272727272727	LVIQESSL:0.2727272727272727	SNAVGFWQ:0.8181818181818182	LVSYQMGL:0.2727272727272727	ISDAVSTS:0.2727272727272727	STSNAVGF:0.6363636363636364	VGFWQFKK:0.5454545454545454	KKGTAEEV:0.2727272727272727	QMGLGGAR:0.2727272727272727	SYQMGLGG:0.36363636363636365	TSNAVGFW:0.6363636363636364	INGIKGII:0.2727272727272727	YQMGLGGA:0.7272727272727273	AVGFWQFK:0.9090909090909091	VSTSNAVG:0.6363636363636364	KGTAEEVF:0.2727272727272727	DAVSTSNA:0.6363636363636364	NGIKGIIA:0.2727272727272727	IQESSLIS:0.2727272727272727	NAVGFWQF:0.9090909090909091	GFWQFKKG:0.45454545454545453	WQFKKGTA:0.45454545454545453	KLDRVNLY:0.2727272727272727	IQLDVDAL:0.2727272727272727	IPDAVSTS:0.2727272727272727	AYQMGLGG:0.36363636363636365	PDAVSTSN:0.2727272727272727	VIQESGLI:0.2727272727272727	LVIQESGL:0.2727272727272727	IDERKNIV:0.2727272727272727	RNTHWYFK:0.36363636363636365	LKYLVIQE:0.2727272727272727	RKNIVAST:0.2727272727272727	VAYQMGLG:0.36363636363636365	NTHWYFKK:0.36363636363636365	LIPDAVST:0.2727272727272727	DLKYLVIQ:0.2727272727272727	LDVDALHR:0.2727272727272727	DVDALHRN:0.2727272727272727	KYLVIQES:0.5454545454545454	YLVIQESG:0.2727272727272727	QLDVDALH:0.2727272727272727	LAHKIAFE:0.2727272727272727	FKKFLAHK:0.2727272727272727	HWYFKKFL:0.2727272727272727	WYFKKFLA:0.2727272727272727	YFKKFLAH:0.2727272727272727	GETLWSIS:0.2727272727272727	ETLWSISQ:0.2727272727272727	VGFWQFKQ:0.2727272727272727	
