cluster number:262
GH23:6	GH23:6
IRAVIKAE:0.5	AVRMDVRD:0.3333333333333333	PALIRAVI:0.6666666666666666	TISLTNVP:0.3333333333333333	AVIKAESD:0.3333333333333333	NGTISLTN:0.3333333333333333	LTNVPSDS:0.5	DANGTISL:0.3333333333333333	YNAGEHVV:0.5	GTKYLRQL:0.5	VSRAGAVG:0.6666666666666666	AGEHVVDR:0.3333333333333333	IDETRQYV:0.3333333333333333	GEHVVDRY:0.3333333333333333	RLHPALIR:0.3333333333333333	VRDLYDPE:0.3333333333333333	KVLRYYRT:0.6666666666666666	IGGGTKYL:0.5	PPIDETRQ:0.3333333333333333	GGGTKYLR:0.5	ETRQYVRK:0.3333333333333333	ANGTISLT:0.3333333333333333	PSDSRYRR:0.5	ALIRAVIK:0.6666666666666666	VPSDSRYR:0.5	AVSRAGAV:0.6666666666666666	NIGGGTKY:0.5	IKAESDFD:0.3333333333333333	LPPIDETR:0.3333333333333333	VRKVLRYY:0.6666666666666666	KYLRQLLD:0.5	YLRQLLDR:0.5	RMDVRDLY:0.3333333333333333	VIKAESDF:0.3333333333333333	GTISLTNV:0.3333333333333333	TKYLRQLL:0.5	VLRYYRTF:0.6666666666666666	VRMDVRDL:0.3333333333333333	LRQLLDRF:0.5	LHPALIRA:0.5	MDVRDLYD:0.3333333333333333	AAYNAGEH:0.6666666666666666	RQYVRKVL:0.3333333333333333	DNIGGGTK:0.3333333333333333	NLPLALAA:0.5	YVRKVLRY:0.6666666666666666	TNVPSDSR:0.5	DETRQYVR:0.3333333333333333	HRLHPALI:0.3333333333333333	DPEDNIGG:0.3333333333333333	SLTNVPSD:0.5	ISLTNVPS:0.5	LRYYRTFL:0.6666666666666666	VGLMQLMP:0.8333333333333334	TRQYVRKV:0.3333333333333333	AYNAGEHV:0.5	YDPEDNIG:0.3333333333333333	SRAGAVGL:0.6666666666666666	TAVRMDVR:0.3333333333333333	PIDETRQY:0.3333333333333333	PEDNIGGG:0.3333333333333333	GGTKYLRQ:0.5	DLYDPEDN:0.3333333333333333	GAVGLMQL:1.0	NAGEHVVD:0.3333333333333333	RAVIKAES:0.5	QYVRKVLR:0.3333333333333333	LALAAYNA:1.0	EDNIGGGT:0.3333333333333333	GNLPLALA:0.5	LPLALAAY:1.0	PLALAAYN:1.0	ALAAYNAG:1.0	LIRAVIKA:0.5	AGAVGLMQ:0.6666666666666666	AVGLMQLM:0.8333333333333334	RKVLRYYR:0.5	EHVVDRYR:0.3333333333333333	DVRDLYDP:0.3333333333333333	LAAYNAGE:0.6666666666666666	LYDPEDNI:0.3333333333333333	NVPSDSRY:0.5	HPALIRAV:0.5	RAGAVGLM:0.6666666666666666	LMQLMPQT:0.5	MQLMPQTA:0.5	LMPQTAVR:0.5	RAVSRAGA:0.3333333333333333	QLMPQTAV:0.5	GLMQLMPQ:0.5	MPQTAVRL:0.3333333333333333	QTAVRLDV:0.3333333333333333	PQTAVRLD:0.3333333333333333	GDLPLALA:0.3333333333333333	DLPLALAA:0.3333333333333333	
