cluster number:269
GH23:62	GH23:62
GAKGLMQL:0.967741935483871	GVSDPFDP:0.20967741935483872	GLGVSDPF:0.20967741935483872	AKGLMQLM:0.9516129032258065	GVRYLSYQ:0.45161290322580644	KGLMQLMD:0.9516129032258065	RYLSYQLK:0.24193548387096775	LIKAVIDT:0.5483870967741935	KAVIDTES:0.5483870967741935	DPAQNIDG:0.24193548387096775	VIDTESSF:0.532258064516129	LAAYNAGP:0.8387096774193549	GGVRYLSY:0.27419354838709675	VRYLSYQL:0.27419354838709675	YLSYQLKR:0.25806451612903225	PAQNIDGG:0.25806451612903225	IKAVIDTE:0.5483870967741935	GLMQLMDG:0.532258064516129	IDGGVRYL:0.27419354838709675	MQLMDGTA:0.532258064516129	LGVSDPFD:0.20967741935483872	ALAAYNAG:0.8387096774193549	SSAGAKGL:0.6774193548387096	VSDPFDPA:0.20967741935483872	SAGAKGLM:0.6774193548387096	AAYNAGPG:0.6935483870967742	AGAKGLMQ:0.9354838709677419	LMQLMDGT:0.532258064516129	AVIDTESS:0.532258064516129	SDPFDPAQ:0.20967741935483872	FDPAQNID:0.22580645161290322	DGGVRYLS:0.27419354838709675	LMQLMDAT:0.24193548387096775	YNAGPGRV:0.4838709677419355	MQLMDATA:0.24193548387096775	AYNAGPGR:0.6774193548387096	GLMQLMDA:0.24193548387096775	DATAQGLG:0.22580645161290322	PGRVQRLG:0.20967741935483872	NAGPGRVQ:0.20967741935483872	MDATAQGL:0.22580645161290322	IDTESSFN:0.5	ATAQGLGV:0.22580645161290322	QLMDATAQ:0.22580645161290322	LMDATAQG:0.22580645161290322	NGQENMAL:0.20967741935483872	ENMALAAY:0.27419354838709675	TAQGLGVS:0.22580645161290322	MALAAYNA:0.5161290322580645	AQGLGVSD:0.22580645161290322	GPGRVQRL:0.20967741935483872	NMALAAYN:0.3064516129032258	DTESSFNP:0.5	AGPGRVQR:0.20967741935483872	GQENMALA:0.22580645161290322	QENMALAA:0.22580645161290322	ASAKYGVP:0.20967741935483872	VVSSAGAK:0.3387096774193548	DLIKAVID:0.2903225806451613	VSSAGAKG:0.45161290322580644	SSFNPNVV:0.27419354838709675	FNPNVVSS:0.27419354838709675	NVVSSAGA:0.2903225806451613	ESSFNPNV:0.27419354838709675	PNVVSSAG:0.2903225806451613	TESSFNPN:0.2903225806451613	NPNVVSSA:0.27419354838709675	SFNPNVVS:0.27419354838709675	
