cluster number:482
GH23:6	GH23:6
PLLIKAII:0.6666666666666666	LLIKAIIW:0.6666666666666666	ATAQKVDC:0.3333333333333333	KALKSLGI:0.3333333333333333	FSGAWVLK:0.3333333333333333	VDVGIMQI:0.6666666666666666	NSTVDVGI:0.5	NVFSGAWV:0.3333333333333333	DVGIMQIN:0.6666666666666666	RNTNSTVD:0.3333333333333333	QINPLLIK:0.5	NPLLIKAI:0.5	YVKKIISL:0.5	VDCIVEAA:0.3333333333333333	KVDCIVEA:0.3333333333333333	ESRNRQQA:0.3333333333333333	VEAAQCFQ:0.3333333333333333	NTNSTVDV:0.3333333333333333	VGIMQINT:0.6666666666666666	ENSCANVF:0.6666666666666666	WQESRNRQ:0.3333333333333333	CANVFSGA:0.3333333333333333	ANVFSGAW:0.3333333333333333	VFSGAWVL:0.3333333333333333	KIISLIAH:0.5	DRYVKKII:0.3333333333333333	AQCFQINP:0.5	AAQCFQIN:0.5	CIVEAAQC:0.3333333333333333	NRNTNSTV:0.3333333333333333	KKIISLIA:0.5	PVHHDRYV:0.3333333333333333	VHHDRYVK:0.3333333333333333	IIWQESRN:0.3333333333333333	EAAQCFQI:0.5	TAQKVDCI:0.3333333333333333	FQINPLLI:0.5	IISLIAHQ:0.5	TVDVGIMQ:0.6666666666666666	STVDVGIM:0.5	INPLLIKA:0.5	IVEAAQCF:0.3333333333333333	ISLIAHQT:0.5	QKVDCIVE:0.3333333333333333	TNSTVDVG:0.3333333333333333	CFQINPLL:0.5	KAIIWQES:0.6666666666666666	IWQESRNR:0.3333333333333333	SCANVFSG:0.8333333333333334	RYVKKIIS:0.3333333333333333	HDRYVKKI:0.3333333333333333	DCIVEAAQ:0.3333333333333333	LIKAIIWQ:0.5	HHDRYVKK:0.3333333333333333	QESRNRQQ:0.3333333333333333	AIIWQESR:0.3333333333333333	NSCANVFS:0.6666666666666666	AQKVDCIV:0.3333333333333333	QCFQINPL:0.5	TPVHHDRY:0.3333333333333333	IKAIIWQE:0.6666666666666666	VKKIISLI:0.5	ERYGYTWD:0.5	MQINTVHF:0.5	RYGYTWDG:0.5	VFSGTWIL:0.3333333333333333	IERYGYTW:0.5	GIMQINTV:0.5	IMQINTVH:0.5	SLIAHQTA:0.3333333333333333	CANVFSGT:0.5	GYTWDGIG:0.6666666666666666	YGYTWDGI:0.5	ANVFSGTW:0.5	NVFSGTWI:0.3333333333333333	RENSCANV:0.3333333333333333	IIWQESKN:0.3333333333333333	AIIWQESK:0.3333333333333333	LRENSCAN:0.3333333333333333	HSKTPVHH:0.3333333333333333	WDGIGNYH:0.3333333333333333	YHSKTPVH:0.3333333333333333	GIGNYHSK:0.3333333333333333	NYHSKTPV:0.3333333333333333	SKTPVHHD:0.3333333333333333	QEGIRERF:0.3333333333333333	IGNYHSKT:0.3333333333333333	DGIGNYHS:0.3333333333333333	TWDGIGNY:0.3333333333333333	YTWDGIGN:0.3333333333333333	LGIDETLL:0.3333333333333333	MKIKSFTP:0.3333333333333333	RQEGIRER:0.3333333333333333	GNYHSKTP:0.3333333333333333	
