cluster number:284
GH23:78	GH23:78
EPCLSVEV:0.5128205128205128	YNWTAVGA:0.2948717948717949	LPRLLKQG:0.3717948717948718	FIQRFGYN:0.38461538461538464	PELLQAIA:0.6282051282051282	RFGYNWTA:0.44871794871794873	CLSVEVGA:0.5769230769230769	MQINSIHL:0.5512820512820513	GASILAEF:0.3974358974358974	IHLPRLLK:0.358974358974359	VGASILAE:0.3974358974358974	LQAIAAVE:0.41025641025641024	EFIQRFGY:0.34615384615384615	FGYNWTAV:0.44871794871794873	NSIHLPRL:0.46153846153846156	LLKQGITE:0.34615384615384615	QAIAAVES:0.41025641025641024	AIAAVESG:0.41025641025641024	RLLKQGIT:0.3717948717948718	PRLLKQGI:0.3717948717948718	NRNGTRDI:0.4358974358974359	PCLSVEVG:0.5769230769230769	SVEVGASI:0.44871794871794873	TAVGAYNA:0.21794871794871795	IGLMQINS:0.9487179487179487	LMQINSIH:0.5769230769230769	NGTRDIGL:0.5	NEPCLSVE:0.23076923076923078	HLPRLLKQ:0.3717948717948718	NWTAVGAY:0.2948717948717949	SILAEFIQ:0.34615384615384615	INSIHLPR:0.46153846153846156	LLQAIAAV:0.41025641025641024	VEVGASIL:0.44871794871794873	ILAEFIQR:0.34615384615384615	LAEFIQRF:0.34615384615384615	IEPELLQA:0.46153846153846156	IQRFGYNW:0.38461538461538464	RNGTRDIG:0.4358974358974359	WTAVGAYN:0.3333333333333333	AEFIQRFG:0.34615384615384615	QINSIHLP:0.5	GYNWTAVG:0.5641025641025641	ELLQAIAA:0.41025641025641024	EPELLQAI:0.6282051282051282	QRFGYNWT:0.41025641025641024	EVGASILA:0.5128205128205128	RDIGLMQI:0.7948717948717948	AVGAYNAG:0.3974358974358974	LSVEVGAS:0.5641025641025641	TRDIGLMQ:0.5512820512820513	ASILAEFI:0.358974358974359	GLMQINSI:0.5769230769230769	GTRDIGLM:0.5256410256410257	DIGLMQIN:0.9615384615384616	SIHLPRLL:0.358974358974359	GSRDIGLM:0.2564102564102564	GITEQRLL:0.23076923076923078	SRDIGLMQ:0.2564102564102564	IAAVESGY:0.32051282051282054	DIEPELLQ:0.23076923076923078	REALRLRY:0.21794871794871795	EALRLRYA:0.21794871794871795	AAVESGYR:0.2948717948717949	YNWTAVGS:0.2692307692307692	NWTAVGSY:0.2692307692307692	WTAVGSYN:0.2692307692307692	QGITEERL:0.23076923076923078	KQGITEER:0.23076923076923078	LKQGITEE:0.20512820512820512	GITEERLL:0.28205128205128205	AVESGYRA:0.20512820512820512	
