cluster number:668
GH23:12	GH23:12
DPAPALDG:0.25	LAEQLRRF:0.25	AGPGSVNG:0.5	GSARYLAE:0.4166666666666667	AVAAYNAG:1.0	RDVRLAVA:0.25	DPFDPAPA:0.4166666666666667	QLRRFRDV:0.25	LAVAAYNA:1.0	NAGPGSVN:0.5	RVHRISPA:0.6666666666666666	PAGAMGPG:0.9166666666666666	RISPAGAM:0.9166666666666666	NGRVPRNG:0.5833333333333334	PAPALDGS:0.25	ETEYYVPK:0.25	NGETEYYV:0.25	DGSARYLA:0.8333333333333334	AERRHGLP:0.25	YLAEQLRR:0.25	RYLAEQLR:0.25	HRISPAGA:0.9166666666666666	VPRNGETE:0.75	LDGSARYL:0.5	GAMGPGQL:0.9166666666666666	AMGPGQLM:0.9166666666666666	PALDGSAR:0.3333333333333333	GETEYYVP:0.25	RLAVAAYN:0.75	ISPAGAMG:0.9166666666666666	LRRFRDVR:0.25	PGSVNGRV:0.5	SARYLAEQ:0.4166666666666667	ARYLAEQL:0.3333333333333333	YNAGPGSV:0.5	SVNGRVPR:0.4166666666666667	RFRDVRLA:0.25	AGAMGPGQ:0.9166666666666666	ALDGSARY:0.5	DVRLAVAA:0.5833333333333334	TEYYVPKV:0.25	FDPAPALD:0.25	MGPGQLMP:0.9166666666666666	AYNAGPGS:0.5	GPGSVNGR:0.5	VNGRVPRN:0.5833333333333334	RVPRNGET:0.75	VHRISPAG:0.6666666666666666	EQLRRFRD:0.25	EYYVPKVL:0.25	PFDPAPAL:0.25	VRLAVAAY:0.75	SPAGAMGP:0.9166666666666666	GRVPRNGE:0.6666666666666666	GSVNGRVP:0.5	VAAYNAGP:0.9166666666666666	RRFRDVRL:0.25	AAYNAGPG:0.9166666666666666	APALDGSA:0.25	FRDVRLAV:0.25	AEQLRRFR:0.25	ALVQVESE:0.4166666666666667	LLNVAVAW:0.3333333333333333	PIIDAAER:0.25	QLMPGTAA:0.3333333333333333	VESETRVH:0.3333333333333333	PAGLLRAL:0.25	GVEDPFDP:0.25	PLSFSFLE:0.3333333333333333	LPAGLLRA:0.25	LMPGTAAM:0.3333333333333333	GSARYLAG:0.25	EPIIDAAE:0.25	VLAPVVLL:0.25	WLPCVLAP:0.25	WWLPCVLA:0.25	SPLSFSFL:0.4166666666666667	LPCVLAPV:0.25	LRRFGDVR:0.25	QLRRFGDV:0.25	TRVHRISP:0.3333333333333333	KAGALRAY:0.25	AIDGSARY:0.3333333333333333	AGALRAYL:0.25	GETEFYVP:0.25	PPPPPRKA:0.25	SETRVHRI:0.3333333333333333	APVVLLNV:0.3333333333333333	PGWAWWLP:0.25	CVLAPVVL:0.25	MLGVEDPF:0.25	FSFLEAKA:0.3333333333333333	LEPIIDAA:0.25	ESETRVHR:0.3333333333333333	NVAVAWFG:0.3333333333333333	SFLEAKAG:0.3333333333333333	TVPGWAWW:0.25	FGDVRLAV:0.25	PLEPIIDA:0.25	LAPVVLLN:0.25	MPGTAAML:0.3333333333333333	GTAAMLGV:0.3333333333333333	VPGWAWWL:0.25	FLEAKAGA:0.3333333333333333	RNGETEFY:0.5833333333333334	AKAGALRA:0.25	NGETEFYV:0.6666666666666666	IDAAERRH:0.3333333333333333	EDPFDPAP:0.4166666666666667	QVESETRV:0.3333333333333333	TRPPPPPR:0.25	ARYLAGQL:0.25	SFVSPLSF:0.3333333333333333	RYLAGQLR:0.25	GPGQLMPG:0.4166666666666667	PGQLMPGT:0.4166666666666667	VVLLNVAV:0.3333333333333333	MTVPGWAW:0.25	VQVESETR:0.25	IIDAAERR:0.25	PCVLAPVV:0.25	WAWWLPCV:0.25	RALVQVES:0.3333333333333333	IDGSARYL:0.3333333333333333	GLLRALVQ:0.3333333333333333	RRFGDVRL:0.25	RFGDVRLA:0.25	LSFSFLEA:0.3333333333333333	SFSFLEAK:0.3333333333333333	PRNGETEF:0.5833333333333334	PVVLLNVA:0.3333333333333333	GWAWWLPC:0.25	VSPLSFSF:0.4166666666666667	RPPPPPRK:0.25	EAKAGALR:0.25	LEAKAGAL:0.25	PGTAAMLG:0.3333333333333333	AAERRHRL:0.25	LRALVQVE:0.3333333333333333	LGVEDPFD:0.25	VLLNVAVA:0.3333333333333333	PPPPRKAP:0.3333333333333333	AERRHRLP:0.3333333333333333	GQLMPGTA:0.4166666666666667	DAAERRHR:0.25	LAGQLRRF:0.25	ETEFYVPK:0.25	LNVAVAWF:0.3333333333333333	LVQVESET:0.25	TEFYVPKV:0.25	SARYLAGQ:0.25	GDVRLAVA:0.25	AGLLRALV:0.25	AWWLPCVL:0.25	PAIDGSAR:0.3333333333333333	LLRALVQV:0.3333333333333333	YLAGQLRR:0.25	FVSPLSFS:0.3333333333333333	ETRVHRIS:0.3333333333333333	VEDPFDPA:0.5	RVEDPFDP:0.3333333333333333	DPFDPEPA:0.25	LNLAVAFF:0.25	VESNTQPH:0.25	LLNLAVAF:0.25	ESNTQPHR:0.25	GQLMPSTA:0.25	NLAVAFFG:0.25	LAVAFFGD:0.25	TQPHRISP:0.25	PGQLMPST:0.25	LVLLNLAV:0.25	VLLNLAVA:0.25	YNAGPGNV:0.25	PHRISPAG:0.25	SNTQPHRI:0.25	PLVLLNLA:0.25	QPHRISPA:0.25	NTQPHRIS:0.25	GPGQLMPS:0.25	AYNAGPGN:0.25	AVAFFGDT:0.25	
