cluster number:615
GH23:12	GH23:12
ACGKARRA:0.25	HCAENLGY:0.25	WALRALVG:0.25	CAENLGYP:0.25	QVHQESGW:0.4166666666666667	AQFMPATA:0.9166666666666666	VHQESGWR:0.3333333333333333	AACGKARR:0.25	DAACGKAR:0.25	MAQFMPAT:0.6666666666666666	ALRALVGY:0.25	GMAQFMPA:0.6666666666666666	AAQVHQES:0.5	VHCAENLG:0.25	AQVHQESG:0.4166666666666667	HQESGWRP:0.25	APVAVFAA:0.5	ALVGYDRW:0.5833333333333334	FAAQVHQE:0.4166666666666667	DAPVAVFA:0.5	LDAPVAVF:0.3333333333333333	WGLDAPVA:0.6666666666666666	NGGLGHWQ:0.8333333333333334	AYNGGLGH:0.8333333333333334	AVFAAQVH:0.25	VFAAQVHQ:0.25	RAYNGGLG:0.8333333333333334	VAVFAAQV:0.25	LAQFMPAT:0.3333333333333333	AWGLDAPV:0.3333333333333333	RALVGYDR:0.5833333333333334	PVAVFAAQ:0.5	CPENLGYP:0.5	GLAQFMPA:0.3333333333333333	LRAYNGGL:0.8333333333333334	GLDAPVAV:0.3333333333333333	YNGGLGHW:0.8333333333333334	LVGYDRWL:0.6666666666666666	LGHWQQEA:0.6666666666666666	GGLGHWQQ:0.6666666666666666	GHWQQEAA:0.6666666666666666	GLGHWQQE:0.6666666666666666	ALRAYNGG:0.75	WNPAAVSR:0.3333333333333333	GYPHRILN:0.4166666666666667	VRGASEFD:0.3333333333333333	ESGWNPAA:0.5833333333333334	LYERVRGA:0.4166666666666667	AALQLAAA:0.25	AQGMAQFM:0.5	AVSRVGAQ:0.3333333333333333	LQPRYLAW:0.4166666666666667	WAALRAYN:0.5833333333333334	HQESGWNP:0.5833333333333334	QGMAQFMP:0.5	EAATVRPA:0.4166666666666667	GYDRWLYE:0.4166666666666667	LHQESGWN:0.25	QQEAATVR:0.5833333333333334	QESGWNPA:0.5833333333333334	DRLWAALR:0.4166666666666667	LQLAAALL:0.25	NPAAVSRV:0.3333333333333333	VSRVGAQG:0.3333333333333333	QPRYLAWG:0.4166666666666667	NVLQPRYL:0.3333333333333333	SRVGAQGM:0.5	QEAATVRP:0.5833333333333334	RYLAWGRG:0.4166666666666667	SGWNPAAV:0.4166666666666667	PENLGYPH:0.4166666666666667	RRHRSFCP:0.4166666666666667	WAMRALVG:0.4166666666666667	YDRWLYER:0.4166666666666667	HRILNVLQ:0.3333333333333333	YPHRILNV:0.3333333333333333	LWAALRAY:0.4166666666666667	QPTNPVWA:0.25	QLHQESGW:0.25	MRALVGYD:0.5	CQPTNPVW:0.25	FAAQLHQE:0.25	NPVWAMRA:0.4166666666666667	RLWAALRA:0.4166666666666667	RVRGASEF:0.3333333333333333	RVGAQGMA:0.5	RWLYERVR:0.4166666666666667	FCPENLGY:0.4166666666666667	DRWLYERV:0.4166666666666667	GAQGMAQF:0.5	FDRLWAAL:0.4166666666666667	PRYLAWGR:0.4166666666666667	SFCPENLG:0.4166666666666667	HRSFCPEN:0.4166666666666667	AAVSRVGA:0.3333333333333333	LGYPHRIL:0.4166666666666667	RSFCPENL:0.4166666666666667	PTNPVWAM:0.25	VGAQGMAQ:0.5	AALRAYNG:0.5833333333333334	ENLGYPHR:0.4166666666666667	RILNVLQP:0.3333333333333333	AMRALVGY:0.4166666666666667	HWQQEAAT:0.5833333333333334	PAAVSRVG:0.3333333333333333	VGYDRWLY:0.5833333333333334	AAQLHQES:0.25	VWAMRALV:0.4166666666666667	YERVRGAS:0.4166666666666667	PHRILNVL:0.3333333333333333	WLYERVRG:0.4166666666666667	AQLHQESG:0.25	RGASEFDR:0.3333333333333333	YLAWGRGV:0.4166666666666667	RHRSFCPE:0.4166666666666667	PVWAMRAL:0.4166666666666667	TNPVWAMR:0.25	WQQEAATV:0.5833333333333334	GWNPAAVS:0.4166666666666667	VLQPRYLA:0.3333333333333333	AATVRPAL:0.4166666666666667	LNVLQPRY:0.3333333333333333	ALQLAAAL:0.25	NLGYPHRI:0.4166666666666667	ILNVLQPR:0.3333333333333333	ARRHRSFC:0.4166666666666667	ATVRPALD:0.3333333333333333	TVRPALDR:0.3333333333333333	RPALDRAT:0.3333333333333333	AARRHRSF:0.3333333333333333	VRPALDRA:0.3333333333333333	APVAAFAA:0.3333333333333333	CALNGLAN:0.3333333333333333	GAARRHRS:0.3333333333333333	WCALNGLA:0.3333333333333333	PALDRATV:0.25	PVAAFAAQ:0.3333333333333333	LDAPVAAF:0.3333333333333333	ALDRATVD:0.25	HAATRYRA:0.25	ATRYRADL:0.3333333333333333	GLDAPVAA:0.3333333333333333	PHAATRYR:0.25	DAPVAAFA:0.3333333333333333	CGAARRHR:0.3333333333333333	ACGAARRH:0.3333333333333333	AATRYRAD:0.3333333333333333	WWCALNGL:0.3333333333333333	PATARWWC:0.4166666666666667	QFMPATAR:0.4166666666666667	FMPATARW:0.4166666666666667	MPATARWW:0.4166666666666667	RVRGASQF:0.25	QFDRLWAA:0.25	LAWGRGVT:0.25	RWWCALNG:0.25	SQFDRLWA:0.25	VRGASQFD:0.25	NACGAARR:0.25	DNACGAAR:0.25	ASQFDRLW:0.25	AWGRGVTT:0.25	GASQFDRL:0.25	ATARWWCA:0.25	RGASQFDR:0.25	ARWWCALN:0.25	TWGLDAPV:0.25	TARWWCAL:0.25	ERVRGASQ:0.25	
