cluster number:175
GH23:28	GH23:28
GAWVLSSN:0.4642857142857143	SLGAWVLS:0.39285714285714285	EPCFNVSL:0.42857142857142855	AQVESSLD:0.21428571428571427	IAQVESSL:0.2857142857142857	CFNVSLGA:0.5	WNSVGAYN:0.9642857142857143	NAGFSKRT:0.5714285714285714	RDFGLMQI:0.4642857142857143	LGAWVLSS:0.4642857142857143	SRDFGLMQ:0.4642857142857143	NAYNENKN:0.25	GAYNAGFS:0.7142857142857143	SSNFASHG:0.25	WVLSSNFA:0.25	LLRAIAQV:0.25	KIYIQKVQ:0.32142857142857145	YNAGFSKR:0.5714285714285714	QVESSLDP:0.21428571428571427	PCFNVSLG:0.5	AWVLSSNF:0.4642857142857143	NVSLGAWV:0.5	AYNAGFSK:0.5714285714285714	VSLGAWVL:0.5	VGAYNAGF:0.8214285714285714	YEPCFNVS:0.42857142857142855	FCFDEAGQ:0.21428571428571427	SVGAYNAG:0.9642857142857143	AIAQVESS:0.25	TSRDFGLM:0.21428571428571427	RAIAQVES:0.25	DFGLMQIN:0.5357142857142857	GFSKRTEN:0.35714285714285715	IQKVQSVY:0.35714285714285715	FGLMQINS:0.5357142857142857	SNFASHGY:0.32142857142857145	RKIYIQKV:0.42857142857142855	AGFSKRTE:0.5714285714285714	LRAIAQVE:0.25	IYIQKVQS:0.35714285714285715	VLSSNFAS:0.25	YIQKVQSV:0.35714285714285715	FNVSLGAW:0.5	PNAYNENK:0.21428571428571427	NSVGAYNA:0.9642857142857143	LSSNFASH:0.25	WVLSSNFS:0.21428571428571427	HGYNWNSV:0.75	FSKRTENA:0.32142857142857145	GLMQINSH:0.21428571428571427	LMQINSHW:0.21428571428571427	MQINSHWF:0.21428571428571427	GYNWNSVG:0.75	PCFNVHLG:0.21428571428571427	NWNSVGAY:0.9285714285714286	YNWNSVGA:0.75	SHGYNWNS:0.5357142857142857	AFCFDEAG:0.4642857142857143	THGYNWNS:0.25	YGLMQINS:0.2857142857142857	SAFCFDEA:0.25	DYGLMQIN:0.2857142857142857	NARKIYIQ:0.2857142857142857	MQINSSWF:0.39285714285714285	EQNVYEPC:0.21428571428571427	ARKIYIQK:0.39285714285714285	SKRTENAR:0.2857142857142857	ENARKIYI:0.2857142857142857	GLMQINSS:0.35714285714285715	TENARKIY:0.2857142857142857	VNEQNVYE:0.21428571428571427	DLLRAIAQ:0.21428571428571427	AYNENKNA:0.21428571428571427	KRTENARK:0.2857142857142857	VYEPCFNV:0.39285714285714285	NEQNVYEP:0.21428571428571427	RTENARKI:0.2857142857142857	NVYEPCFN:0.39285714285714285	QNVYEPCF:0.21428571428571427	LMQINSSW:0.35714285714285715	NVNEQNVY:0.21428571428571427	NFASHGYN:0.39285714285714285	FASHGYNW:0.39285714285714285	ASHGYNWN:0.39285714285714285	
