cluster number:558
GH23:33	GH23:33|CBM50:21
IAARESGG:0.3939393939393939	ESGGSYSA:0.30303030303030304	QLSASYLN:0.2727272727272727	SYLNGDYS:0.36363636363636365	WIAARESG:0.36363636363636365	ASYLNGDY:0.2727272727272727	QYVGKYQL:0.24242424242424243	AAKAWIAA:0.24242424242424243	ARESGGSY:0.3939393939393939	ANQERVAD:0.3333333333333333	AAAKAWIA:0.21212121212121213	YVGKYQLS:0.24242424242424243	GKYQLSAS:0.2727272727272727	KYQLSASY:0.2727272727272727	YQLSASYL:0.2727272727272727	AWIAARES:0.3333333333333333	GQYVGKYQ:0.24242424242424243	AARESGGS:0.3939393939393939	SASYLNGD:0.2727272727272727	SRYGSWSA:0.24242424242424243	RESGGSYS:0.2727272727272727	AKAWIAAR:0.3333333333333333	LSASYLNG:0.2727272727272727	KAWIAARE:0.3333333333333333	NGQYVGKY:0.24242424242424243	RYGSWSAA:0.2727272727272727	NGDYSAAN:0.5454545454545454	AAKAFWQA:0.3939393939393939	AFWQANGW:0.3939393939393939	GDYSAANQ:0.6060606060606061	AKAFWQAN:0.3939393939393939	RESGGSYT:0.30303030303030304	KAFWQANG:0.3939393939393939	LNGDYSAA:0.5454545454545454	FWQANGWY:0.48484848484848486	DYSAANQE:0.6060606060606061	ESGGSYTA:0.48484848484848486	YVASRYGS:0.24242424242424243	VASRYGSW:0.24242424242424243	EASAKAWI:0.21212121212121213	TAAKAFWQ:0.3333333333333333	KVIKTAYD:0.2727272727272727	GSEASAKA:0.24242424242424243	YVQSRYGS:0.21212121212121213	ASAKAWIA:0.21212121212121213	YDLGKNQW:0.24242424242424243	SRYGSWTA:0.36363636363636365	KWYDLGKN:0.24242424242424243	GSWTAAKA:0.3333333333333333	SWKVIKTA:0.2727272727272727	YLNGDYSA:0.36363636363636365	WTAAKAFW:0.3333333333333333	YGSWTAAK:0.3333333333333333	YSAANQER:0.3939393939393939	WKVIKTAY:0.2727272727272727	SWTAAKAF:0.3333333333333333	SAANQERV:0.42424242424242425	QSRYGSWT:0.21212121212121213	RYGSWTAA:0.45454545454545453	SEASAKAW:0.21212121212121213	VQSRYGSW:0.21212121212121213	AANQERVA:0.42424242424242425	WYDLGKNQ:0.24242424242424243	YYGKYQLS:0.2727272727272727	GSYTAQNG:0.24242424242424243	GGSYTAQN:0.21212121212121213	SGGSYTAQ:0.21212121212121213	GHKWYDLG:0.24242424242424243	HKWYDLGK:0.24242424242424243	KGHKWYDL:0.21212121212121213	NYYGKYQL:0.24242424242424243	NGNYYGKY:0.24242424242424243	GNYYGKYQ:0.24242424242424243	
