cluster number:87
GH23:13	GH23:13
LLIAIAEV:0.3076923076923077	GFKGANAP:0.38461538461538464	AWILAKNI:0.5384615384615384	GGKVVSED:0.23076923076923078	ISTNGVNW:0.23076923076923078	DHRLLIAI:0.3076923076923077	VNWESVGA:0.46153846153846156	GITRNDLL:0.38461538461538464	AKKVYAKY:0.38461538461538464	APFRMKYA:0.38461538461538464	VGLMQINS:0.5384615384615384	IAIAEVES:0.3076923076923077	NPCQNIYV:0.38461538461538464	MQINSSWF:0.6153846153846154	SEDVGLMQ:0.46153846153846156	NISTNGVN:0.23076923076923078	ANAPFRMK:0.38461538461538464	AIGLNKRG:0.38461538461538464	GAWILAKN:0.5384615384615384	VSEDVGLM:0.3076923076923077	DVGLMQIN:0.6153846153846154	MGITRNDL:0.38461538461538464	CQNIYVGA:0.46153846153846156	RMKYAKKV:0.38461538461538464	ESVGAYNA:0.5384615384615384	GKVVSEDV:0.3076923076923077	LENPCQNI:0.3076923076923077	GLMQINSS:0.6153846153846154	DLLENPCQ:0.3076923076923077	STNGVNWE:0.23076923076923078	NSSWFPTL:0.38461538461538464	NAPFRMKY:0.38461538461538464	AGFKGANA:0.38461538461538464	IDHRLLIA:0.3076923076923077	ITRNDLLE:0.3076923076923077	EDVGLMQI:0.5384615384615384	VVSEDVGL:0.3076923076923077	QNIYVGAW:0.38461538461538464	LNKRGGKV:0.38461538461538464	INSSWFPT:0.38461538461538464	NGVNWESV:0.46153846153846156	TRNDLLEN:0.3076923076923077	LLENPCQN:0.3076923076923077	RGGKVVSE:0.23076923076923078	ENPCQNIY:0.3076923076923077	KNISTNGV:0.23076923076923078	SMGITRND:0.3076923076923077	GVNWESVG:0.46153846153846156	KYAKKVYA:0.38461538461538464	HRLLIAIA:0.3076923076923077	IGLNKRGG:0.38461538461538464	VGAYNAGF:0.6923076923076923	YVGAWILA:0.38461538461538464	SVGAYNAG:0.7692307692307693	IYVGAWIL:0.38461538461538464	GANAPFRM:0.38461538461538464	NIYVGAWI:0.38461538461538464	WESVGAYN:0.5384615384615384	FKGANAPF:0.38461538461538464	KGANAPFR:0.38461538461538464	WILAKNIS:0.38461538461538464	NAGFKGAN:0.38461538461538464	VGAWILAK:0.5384615384615384	NKRGGKVV:0.23076923076923078	TNGVNWES:0.23076923076923078	YAKKVYAK:0.38461538461538464	PFRMKYAK:0.38461538461538464	AYNAGFKG:0.38461538461538464	AIAEVESG:0.46153846153846156	QINSSWFP:0.6153846153846154	KKVYAKYI:0.23076923076923078	PCQNIYVG:0.46153846153846156	LAKNISTN:0.23076923076923078	LMQINSSW:0.6153846153846154	IAEVESGM:0.38461538461538464	MKYAKKVY:0.38461538461538464	KRGGKVVS:0.23076923076923078	PKAIGLNK:0.3076923076923077	KAIGLNKR:0.38461538461538464	ILAKNIST:0.23076923076923078	RNDLLENP:0.3076923076923077	AKNISTNG:0.23076923076923078	FRMKYAKK:0.38461538461538464	GAYNAGFK:0.6923076923076923	NDLLENPC:0.3076923076923077	LIAIAEVE:0.3076923076923077	KVVSEDVG:0.3076923076923077	YNAGFKGA:0.38461538461538464	NWESVGAY:0.46153846153846156	GLNKRGGK:0.38461538461538464	SERFQIDH:0.23076923076923078	ERFQIDHR:0.23076923076923078	ASERFQID:0.23076923076923078	FQIDHRLL:0.23076923076923078	QASERFQI:0.23076923076923078	RFQIDHRL:0.23076923076923078	WTSVGAYN:0.23076923076923078	TSVGAYNA:0.23076923076923078	VNWTSVGA:0.23076923076923078	GVNWTSVG:0.23076923076923078	NWTSVGAY:0.23076923076923078	
