cluster number:452
GH23:29	GH23:29
TGAGNVAR:0.5172413793103449	AGNVARAF:0.3448275862068966	AFGLMQIV:0.41379310344827586	AAYNTGAG:0.8620689655172413	YNTGAGNV:0.896551724137931	AYNTGAGN:0.896551724137931	PAFGLMQI:0.41379310344827586	VPAFGLMQ:0.20689655172413793	FGLMQIVP:0.41379310344827586	IAAYNTGA:0.8275862068965517	NTGAGNVA:0.8620689655172413	GAGNVARA:0.3448275862068966	GLMQIVPT:0.2413793103448276	MAIMHSES:0.20689655172413793	YCMIAAYN:0.3448275862068966	MIAAYNTG:0.3448275862068966	CMIAAYNT:0.3448275862068966	YGLMQIVP:0.3448275862068966	PAYGLMQI:0.3448275862068966	VIAAYNTG:0.20689655172413793	AYGLMQIV:0.3448275862068966	IPAYGLMQ:0.2413793103448276	TGAGNVAK:0.2413793103448276	SHIPAFGL:0.3103448275862069	AGNVAKAF:0.20689655172413793	GAGNVAKA:0.20689655172413793	IPAFGLMQ:0.3793103448275862	HIPAFGLM:0.3103448275862069	GNVAKAFN:0.20689655172413793	AKSHIPAF:0.20689655172413793	MHTESHFN:0.20689655172413793	HTESHFNP:0.20689655172413793	KSHIPAFG:0.20689655172413793	
