cluster number:352
GH23:321	GH23:321
YLNYHEGW:0.7071651090342679	YHEGWGGY:0.5545171339563862	GQYLNYHE:0.37694704049844235	LNYHEGWG:0.6043613707165109	HEGWGGYR:0.37694704049844235	QYLNYHEG:0.7040498442367601	NYHEGWGG:0.6012461059190031	AYGQYLNY:0.37694704049844235	YGQYLNYH:0.37694704049844235	DAYGQYLN:0.37383177570093457	GYAQAKDE:0.29595015576323985	GFIPWGRV:0.2866043613707165	GYAQAQDP:0.21806853582554517	SAYGYAQA:0.3862928348909657	PWGRVSSA:0.38317757009345793	AYHEGRGG:0.22741433021806853	ESSFRHDA:0.27414330218068533	GRVSSAYG:0.3956386292834891	YLAYHEGR:0.22741433021806853	YGYAQAQD:0.21806853582554517	VSSAYGYA:0.3582554517133956	SSAYGYAQ:0.4984423676012461	QESSFRHD:0.27414330218068533	FIPWGRVS:0.29283489096573206	AYGYAQAQ:0.21806853582554517	QYLAYHEG:0.2616822429906542	LGFIPWGR:0.2866043613707165	LAYHEGRG:0.22741433021806853	IPWGRVSS:0.37694704049844235	WGRVSSAY:0.38317757009345793	RVSSAYGY:0.3956386292834891	AYGYAQAK:0.2834890965732087	NGVSKWDA:0.2616822429906542	YQESSFKH:0.205607476635514	MYQESSFK:0.24922118380062305	MMYQESSF:0.45794392523364486	EGWGGYRR:0.205607476635514	AMMYQESS:0.4236760124610592	KWDAYGQY:0.2616822429906542	SKWDAYGQ:0.2616822429906542	DAIDFMGW:0.21806853582554517	WDAYGQYL:0.2616822429906542	MAMMYQES:0.29283489096573206	
