cluster number:571
GH23:38	GH23:38
LMPDTARE:0.23684210526315788	QALALAAY:0.34210526315789475	GARGLMQL:0.8947368421052632	KRLGSAYL:0.3684210526315789	MAAELGLP:0.3684210526315789	KGARGLMQ:0.8157894736842105	AAAEQFEA:0.2894736842105263	DAVSPKGA:0.21052631578947367	QTGIADML:0.39473684210526316	RYDGHQAL:0.34210526315789475	TMRDFYDE:0.3684210526315789	MPDTAREM:0.23684210526315788	NKRLGSAY:0.3684210526315789	QQILKQMR:0.631578947368421	PKGARGLM:0.7105263157894737	VLAETLAG:0.2894736842105263	YDGHQALA:0.34210526315789475	ALFLQQIL:0.2631578947368421	EVLAETLA:0.2894736842105263	PDTAREMA:0.23684210526315788	ARGLMQLM:0.8947368421052632	YDEVLAET:0.2894736842105263	DTAREMAA:0.21052631578947367	AEQFEALF:0.2894736842105263	NAGPGRVD:0.42105263157894735	GHQALALA:0.34210526315789475	PGRVDEWL:0.34210526315789475	AAEQFEAL:0.2894736842105263	YNKRLGSA:0.3684210526315789	QFEALFLQ:0.3157894736842105	EQFEALFL:0.3157894736842105	LFLQQILK:0.2631578947368421	FLQQILKQ:0.631578947368421	QILKQMRK:0.631578947368421	ALAAYNAG:0.8157894736842105	QETRDYTR:0.2894736842105263	VSPKGARG:0.6578947368421053	GPGRVDEW:0.34210526315789475	GRVDEWLK:0.34210526315789475	AVSPKGAR:0.5526315789473685	MQLMPDTA:0.34210526315789475	ALALAAYN:0.47368421052631576	DFYDEVLA:0.3684210526315789	FEALFLQQ:0.3157894736842105	LQQILKQM:0.631578947368421	GLMQLMPD:0.34210526315789475	SPKGARGL:0.7105263157894737	EALFLQQI:0.2631578947368421	GNPMRSRE:0.34210526315789475	MRDFYDEV:0.3684210526315789	AAELGLPF:0.3684210526315789	RDFYDEVL:0.3684210526315789	LAAYNAGP:0.6052631578947368	LMQLMPDT:0.34210526315789475	QLMPDTAR:0.2631578947368421	DGHQALAL:0.34210526315789475	ILKQMRKA:0.631578947368421	YNAGPGRV:0.42105263157894735	DEVLAETL:0.2894736842105263	RGLMQLMP:0.8947368421052632	TGIADMLV:0.42105263157894735	DTMRDFYD:0.42105263157894735	FYDEVLAE:0.2894736842105263	LALAAYNA:0.8157894736842105	AYNAGPGR:0.42105263157894735	AAYNAGPG:0.6842105263157895	HQALALAA:0.34210526315789475	AGPGRVDE:0.3684210526315789	AAVSPKGA:0.23684210526315788	RQTGIADM:0.23684210526315788	ALRGTWQR:0.23684210526315788	SVIKHESS:0.21052631578947367	VIKHESSG:0.21052631578947367	LSVAFAQP:0.23684210526315788	PGTARDMA:0.23684210526315788	RSRELDTM:0.2894736842105263	AYNAGPGK:0.23684210526315788	MPGTARDM:0.23684210526315788	MLVQQLSG:0.23684210526315788	AFAQPIRI:0.2894736842105263	QFEAMFLQ:0.3684210526315789	AMFLQQIL:0.3684210526315789	KQMRKAGD:0.5263157894736842	RELDTMRD:0.2894736842105263	ALVDSVIK:0.21052631578947367	AGNPMRSR:0.23684210526315788	NAGPGKVD:0.23684210526315788	ARDMAAEL:0.23684210526315788	LDTMRDFY:0.3157894736842105	LRGTWQRG:0.23684210526315788	GKRQTGIA:0.23684210526315788	MRKAGDVL:0.5263157894736842	GDPRRGEI:0.23684210526315788	ADMLVQQL:0.23684210526315788	DMLVQQLS:0.23684210526315788	TARDMAAE:0.23684210526315788	QMRKAGDV:0.5263157894736842	AGPGKVDE:0.23684210526315788	VDSVIKHE:0.21052631578947367	DMAAELGL:0.23684210526315788	MRSRELDT:0.2894736842105263	LKQMRKAG:0.5263157894736842	DSVIKHES:0.21052631578947367	GPGKVDEW:0.23684210526315788	LVDSVIKH:0.21052631578947367	VAFAQPIR:0.23684210526315788	EAMFLQQI:0.3684210526315789	GTARDMAA:0.23684210526315788	RDMAAELG:0.23684210526315788	IKHESSGN:0.21052631578947367	SVAFAQPI:0.23684210526315788	HALRGTWQ:0.23684210526315788	AGKRQTGI:0.2631578947368421	PMRSRELD:0.2894736842105263	GLMQLMPG:0.3684210526315789	SRELDTMR:0.2894736842105263	LMPGTARD:0.23684210526315788	EARLTSDA:0.23684210526315788	NPMRSREL:0.2894736842105263	KAGDVLSA:0.2894736842105263	PGKVDEWL:0.23684210526315788	FEAMFLQQ:0.3684210526315789	EQFEAMFL:0.3684210526315789	RKAGDVLS:0.42105263157894735	YNAGPGKV:0.23684210526315788	GIADMLVQ:0.23684210526315788	ELDTMRDF:0.2894736842105263	LMQLMPGT:0.3684210526315789	IADMLVQQ:0.23684210526315788	RGTWQRGV:0.23684210526315788	MFLQQILK:0.3684210526315789	AGDVLSAG:0.23684210526315788	LAGKRQTG:0.2631578947368421	MQLMPGTA:0.3684210526315789	KRQTGIAD:0.2631578947368421	TLAGKRQT:0.2631578947368421	QLMPGTAR:0.3684210526315789	AEQFEAMF:0.21052631578947367	RVDEWLKS:0.21052631578947367	
