cluster number:424
GH23:205	GH23:205|CBM50:182
NPGFNRWA:0.35609756097560974	FAYSHGRA:0.36585365853658536	PTDFWSLD:0.23414634146341465	DFWSLDLP:0.3121951219512195	LNPGFNRW:0.36097560975609755	ESAFDPFA:0.37073170731707317	TDFWSLDL:0.3121951219512195	AFDPFAYS:0.37073170731707317	VESAFDPF:0.47317073170731705	PGFNRWAT:0.35121951219512193	FDPFAYSH:0.37073170731707317	PFAYSHGR:0.36097560975609755	DPFAYSHG:0.3902439024390244	SAFDPFAY:0.37073170731707317	LLPIVESA:0.5024390243902439	NWWYDGRR:0.5804878048780487	WWYDGRRD:0.7219512195121951	WYDGRRDI:0.22926829268292684	ALLPIVES:0.4195121951219512	ETRAYVPK:0.22439024390243903	TRAYVPKL:0.22439024390243903	AAYNSGEG:0.37073170731707317	QNWWYDGR:0.3853658536585366	AYNSGEGR:0.3463414634146341	IVESAFDP:0.4097560975609756	GDSLARIA:0.34146341463414637	PKLLALAD:0.3170731707317073	SGDTLWDI:0.24390243902439024	QPGQKLKL:0.23902439024390243	LQPGQKLK:0.23414634146341465	PIVESAFD:0.4146341463414634	YVPKLLAL:0.4585365853658537	QIDLALAA:0.22439024390243903	VPKLLALA:0.375609756097561	AYVPKLLA:0.375609756097561	YLQPGQKL:0.24878048780487805	LPIVESAF:0.4195121951219512	AYSHGRAA:0.2682926829268293	ALAAYNSG:0.3024390243902439	YSHGRAAG:0.2682926829268293	YNSGEGRV:0.25365853658536586	WYDGRRDV:0.5170731707317073	LAAYNSGE:0.23414634146341465	ELALLPIV:0.2048780487804878	LALLPIVE:0.22926829268292684	KLLALADI:0.22926829268292684	RAYVPKLL:0.2	
