cluster number:509
GH23:23	GH23:23
AARIVGRE:0.21739130434782608	KFRRLAEK:0.2608695652173913	EGVGDIAA:0.21739130434782608	GNIYKYYV:0.391304347826087	IDKSADRN:0.21739130434782608	DFDYLMLM:0.21739130434782608	DYLMLMAQ:0.34782608695652173	YDFDYLML:0.21739130434782608	LLADKYLN:0.21739130434782608	FAAYNAGP:0.8695652173913043	YMRLLADK:0.30434782608695654	RLLADKYL:0.30434782608695654	GPGNLRKF:0.34782608695652173	RIVGRETV:0.21739130434782608	YLMLMAQG:0.34782608695652173	LMLMAQGF:0.34782608695652173	QGFQESQL:0.34782608695652173	NAGPGNLR:0.391304347826087	VGNIYKYY:0.5217391304347826	AGSKYMRL:0.2608695652173913	MRLLADKY:0.30434782608695654	NIYKYYVA:0.43478260869565216	LMAQGFQE:0.391304347826087	MAQGFQES:0.391304347826087	PGNLRKFR:0.34782608695652173	LAEKSGLD:0.30434782608695654	YNAGPGNL:0.5652173913043478	TVDYVGNI:0.43478260869565216	EAGSKYMR:0.30434782608695654	RNIEAGSK:0.2608695652173913	ADRNIEAG:0.21739130434782608	SADRNIEA:0.21739130434782608	AGPGNLRK:0.391304347826087	KYYVAYKL:0.30434782608695654	AYNAGPGN:0.6086956521739131	GAVGIMQL:0.21739130434782608	GRETVDYV:0.5217391304347826	ETVDYVGN:0.43478260869565216	SSSYFEHL:0.21739130434782608	GSKYMRLL:0.2608695652173913	MLMAQGFQ:0.34782608695652173	LADKYLND:0.21739130434782608	RLAEKSGL:0.2608695652173913	ADENLESE:0.21739130434782608	GDIAAGGL:0.34782608695652173	SFAAYNAG:0.30434782608695654	ADKYLNDP:0.21739130434782608	IVGRETVD:0.21739130434782608	YKYYVAYK:0.30434782608695654	YVGNIYKY:0.5217391304347826	ARIVGRET:0.21739130434782608	MQLLPSTA:0.2608695652173913	GVGDIAAG:0.34782608695652173	IEAGSKYM:0.21739130434782608	RRLAEKSG:0.2608695652173913	VGRETVDY:0.391304347826087	DRNIEAGS:0.21739130434782608	VGIMQLLP:0.21739130434782608	SKYMRLLA:0.2608695652173913	LVPYSKTF:0.2608695652173913	NIEAGSKY:0.391304347826087	FDYLMLMA:0.391304347826087	RSHRGAVG:0.21739130434782608	VGDIAAGG:0.2608695652173913	KYMRLLAD:0.30434782608695654	AVGIMQLL:0.21739130434782608	DYVGNIYK:0.43478260869565216	RETVDYVG:0.43478260869565216	DENLESED:0.21739130434782608	FRRLAEKS:0.2608695652173913	VDYVGNIY:0.43478260869565216	AQGFQESQ:0.34782608695652173	IYKYYVAY:0.43478260869565216	AAYNAGPG:0.6521739130434783	DIAAGGLT:0.30434782608695654	HRGAVGVM:0.2608695652173913	SHRGAVGV:0.2608695652173913	RGAVGVMQ:0.391304347826087	AAYNAGPA:0.21739130434782608	AFAAYNAG:0.30434782608695654	MRERRLIR:0.21739130434782608	FDHLMLMA:0.21739130434782608	HLMLMAQG:0.21739130434782608	TFAAYNAG:0.2608695652173913	AVGVMQLL:0.21739130434782608	LMTFAAYN:0.2608695652173913	RVLNATSE:0.21739130434782608	GNLRKFRA:0.21739130434782608	FQESQLDQ:0.21739130434782608	SSSYYEHL:0.30434782608695654	GFQESQLD:0.21739130434782608	DHLMLMAQ:0.21739130434782608	TLMTFAAY:0.2608695652173913	GAVGVMQL:0.2608695652173913	VGVMQLLP:0.21739130434782608	MTFAAYNA:0.2608695652173913	EGMRERRL:0.21739130434782608	EDLLQMVN:0.30434782608695654	GDFEGMRE:0.21739130434782608	DFEGMRER:0.21739130434782608	QMVNAGLL:0.21739130434782608	DLLQMVNA:0.30434782608695654	FEGMRERR:0.21739130434782608	LLQMVNAG:0.30434782608695654	LQMVNAGL:0.30434782608695654	LMAQGYQE:0.21739130434782608	MAQGYQES:0.21739130434782608	LMLMAQGY:0.21739130434782608	MLMAQGYQ:0.21739130434782608	NVWFGNVE:0.2608695652173913	EAGSKYLR:0.21739130434782608	LLSFAAYN:0.21739130434782608	LSFAAYNA:0.21739130434782608	
