cluster number:639
GH23:82	GH23:82
KHGGVPPY:0.2073170731707317	LGLAQLMP:0.2804878048780488	NLDGGARY:0.35365853658536583	AYNAGPEA:0.35365853658536583	SWRLALAA:0.3902439024390244	LAQLMPAT:0.21951219512195122	VPEDLFLR:0.4634146341463415	GALGLAQL:0.2804878048780488	WRLALAAY:0.6707317073170732	GVPPYRET:0.3170731707317073	AAYNAGPE:0.35365853658536583	GLAQLMPA:0.21951219512195122	QNLDGGAR:0.21951219512195122	LVQQESGW:0.5853658536585366	LRLVQQES:0.6829268292682927	LDGGARYL:0.35365853658536583	FLRLVQQE:0.6341463414634146	VQQESGWN:0.573170731707317	HKGALGLA:0.21951219512195122	LAAYNAGP:0.975609756097561	PEDLFLRL:0.6219512195121951	FGSWRLAL:0.3048780487804878	GVPEDLFL:0.4024390243902439	GSWRLALA:0.3048780487804878	AQLMPATA:0.21951219512195122	RLVQQESG:0.6219512195121951	DLFLRLVQ:0.5975609756097561	KGALGLAQ:0.2682926829268293	LFLRLVQQ:0.6341463414634146	QQESGWNP:0.4268292682926829	KHGVPEDL:0.24390243902439024	LALAAYNA:0.926829268292683	SHKGALGL:0.21951219512195122	ALAAYNAG:0.975609756097561	HGVPEDLF:0.3780487804878049	GGVPPYRE:0.2682926829268293	ALGLAQLM:0.2804878048780488	RLALAAYN:0.6829268292682927	YNAGPEAV:0.35365853658536583	EDLFLRLV:0.5975609756097561	GAIGLAQL:0.23170731707317074	IGLAQLMP:0.23170731707317074	AIGLAQLM:0.23170731707317074	LAQLMPGT:0.4024390243902439	AQLMPGTA:0.4024390243902439	GLAQLMPG:0.4024390243902439	AYNAGPGA:0.3902439024390244	YRETRNYV:0.23170731707317074	YNAGPGAV:0.3902439024390244	PYRETRNY:0.23170731707317074	PPYRETRN:0.23170731707317074	NLEGGARY:0.4878048780487805	LEGGARYL:0.4878048780487805	AAYNAGPG:0.4146341463414634	QNLEGGAR:0.4146341463414634	EGGARYLR:0.2682926829268293	KGAIGLAQ:0.2073170731707317	
