cluster number:607
GH23:11	GH23:11
ALAFACVA:0.36363636363636365	ARNGSCYG:0.2727272727272727	KNQERTAD:0.7272727272727273	KEKAAKRW:0.2727272727272727	IAMRESGG:0.7272727272727273	RESGGSYT:0.45454545454545453	GRYGSWVN:0.8181818181818182	SPKNQERT:0.45454545454545453	DRYVYGRY:0.36363636363636365	VYGRYGSW:0.8181818181818182	RFWLAHNW:0.36363636363636365	GSYTARNG:0.45454545454545453	AKRWIAMR:0.45454545454545453	RYVYGRYG:0.36363636363636365	ERTADRYV:0.45454545454545453	RTADRYVY:0.36363636363636365	AALALAFA:0.45454545454545453	ESGGSYTA:0.45454545454545453	KRWIAMRE:0.45454545454545453	WIAMRESG:0.7272727272727273	LAFACVAV:0.36363636363636365	EKAAKRWI:0.2727272727272727	SGGSYTAR:0.45454545454545453	LALAFACV:0.45454545454545453	QTVQAAKK:0.2727272727272727	KAAKRWIA:0.2727272727272727	AAKRWIAM:0.45454545454545453	AMRESGGS:0.45454545454545453	TARNGSCY:0.2727272727272727	GGSYTARN:0.45454545454545453	YTARNGSC:0.2727272727272727	QERTADRY:0.45454545454545453	RWIAMRES:0.45454545454545453	PKNQERTA:0.45454545454545453	NQERTADR:0.45454545454545453	YGRYGSWV:0.8181818181818182	LSPKNQER:0.5454545454545454	KLVAALAL:0.2727272727272727	ALALAFAC:0.45454545454545453	YVYGRYGS:0.8181818181818182	MRESGGSY:0.45454545454545453	FWLAHNWY:0.5454545454545454	TADRYVYG:0.36363636363636365	RYGSWVNA:0.8181818181818182	ADRYVYGR:0.36363636363636365	AFACVAVA:0.36363636363636365	SKKNQERT:0.2727272727272727	KRFWLAHN:0.2727272727272727	YGSWVNAK:0.6363636363636364	KKNQERTA:0.2727272727272727	AKRFWLAH:0.2727272727272727	ARNGVCYG:0.5454545454545454	VCYGKYQL:0.5454545454545454	NYYARNGV:0.2727272727272727	GSWVNAKN:0.2727272727272727	CYGKYQLN:0.5454545454545454	ESGGNYYA:0.2727272727272727	RNGVCYGK:0.5454545454545454	RESGGNYY:0.2727272727272727	GNYYARNG:0.2727272727272727	GVCYGKYQ:0.5454545454545454	YGKYQLNI:0.5454545454545454	YARNGVCY:0.2727272727272727	YYARNGVC:0.2727272727272727	GGNYYARN:0.2727272727272727	MRESGGNY:0.2727272727272727	WVNAKNFW:0.2727272727272727	VNAKNFWL:0.2727272727272727	NGVCYGKY:0.5454545454545454	SGGNYYAR:0.2727272727272727	ALALSFSF:0.2727272727272727	AMRESGGN:0.2727272727272727	SWVNAKNF:0.2727272727272727	TRKLSKKE:0.2727272727272727	TARNGVCY:0.2727272727272727	ATRKLSKK:0.2727272727272727	ERTADNYV:0.2727272727272727	GDLSPKNQ:0.45454545454545453	RKLSKKEK:0.2727272727272727	NQTVQAAT:0.2727272727272727	DLSPKNQE:0.45454545454545453	YTARNGVC:0.2727272727272727	SYTARNGV:0.2727272727272727	QAATRKLS:0.2727272727272727	AATRKLSK:0.2727272727272727	KLSKKEKA:0.2727272727272727	NQERTADN:0.2727272727272727	VKSTLVKI:0.2727272727272727	ADNYVYGR:0.36363636363636365	QERTADNY:0.2727272727272727	TVQAATRK:0.2727272727272727	SKKEKAAK:0.2727272727272727	LSKKEKAA:0.2727272727272727	QTVQAATR:0.2727272727272727	VQAATRKL:0.2727272727272727	DNYVYGRY:0.36363636363636365	NYVYGRYG:0.36363636363636365	RTADNYVY:0.2727272727272727	TADNYVYG:0.2727272727272727	AAKNWIAM:0.2727272727272727	AKNWIAMR:0.2727272727272727	KNWIAMRE:0.2727272727272727	NWIAMRES:0.2727272727272727	
