cluster number:541
GH23:76	GH23:76
YSQALDGT:0.6052631578947368	DATDFMGW:0.7763157894736842	TDFMGWYM:0.7763157894736842	RDATDFMG:0.3026315789473684	QSSAYGYS:0.40789473684210525	SQALDGTW:0.6052631578947368	ATDFMGWY:0.7763157894736842	YLAYHEGR:0.5394736842105263	RQSSAYGY:0.5263157894736842	YGYSQALD:0.4605263157894737	IRDATDFM:0.3026315789473684	GRQSSAYG:0.5394736842105263	QALDGTWE:0.21052631578947367	QYLAYHEG:0.7763157894736842	SAYGYSQA:0.4868421052631579	SSAYGYSQ:0.4868421052631579	AYGYSQAL:0.47368421052631576	PRNLDNAC:0.34210526315789475	GYSQALDG:0.6052631578947368	LAYHEGRT:0.25	AYHEGRTG:0.25	WGVPVHVQ:0.3157894736842105	VIPMGRQS:0.35526315789473684	RNQYLAYH:0.5394736842105263	GVPVHVQM:0.32894736842105265	PMGRQSSA:0.4868421052631579	YLAYHEGH:0.27631578947368424	VHVQMATI:0.23684210526315788	PVHVQMAT:0.27631578947368424	QALDGTWD:0.3815789473684211	NQYLAYHE:0.4868421052631579	MGRQSSAY:0.35526315789473684	IPMGRQSS:0.4868421052631579	DARNQYLA:0.42105263157894735	DFMGWYMN:0.2894736842105263	VPVHVQMA:0.32894736842105265	ARNQYLAY:0.42105263157894735	ERRWGVPV:0.21052631578947367	GVIPMGRQ:0.34210526315789475	LGVIPMGR:0.3684210526315789	ALGVIPMG:0.21052631578947367	
