cluster number:657
GH23:53	GH23:53
SGNEKAVQ:0.2641509433962264	GSGVQRWA:0.22641509433962265	SFLGNGHG:0.2830188679245283	VQRWAGQV:0.22641509433962265	KGLMQTIS:0.2641509433962264	LSFLGNGH:0.2830188679245283	FPGHGDIF:0.2641509433962264	FLGNGHGY:0.2830188679245283	GNGHGYEN:0.24528301886792453	NLLAALNY:0.2641509433962264	NGLSTSQD:0.20754716981132076	GDIFNGYD:0.2641509433962264	VQGNIGDI:0.2641509433962264	LGNGHGYE:0.24528301886792453	LAALNYAK:0.2641509433962264	FNANKFPG:0.20754716981132076	GSPSGSGV:0.24528301886792453	GLSTSQDM:0.20754716981132076	ALAANGLS:0.2830188679245283	DMIDRVLR:0.22641509433962265	KAVQGNIG:0.33962264150943394	TFNANKFP:0.20754716981132076	DINNITGD:0.2641509433962264	FNGYDNLL:0.2641509433962264	AVQGNIGD:0.33962264150943394	NNITGDLA:0.2641509433962264	STFNANKF:0.20754716981132076	NITGDLAK:0.2641509433962264	AKGLMQTI:0.2641509433962264	TSQDMIDR:0.22641509433962265	INNITGDL:0.2641509433962264	QRWAGQVK:0.22641509433962265	GVQRWAGQ:0.22641509433962265	LAKGLMQT:0.2641509433962264	LLAALNYA:0.2641509433962264	STSQDMID:0.20754716981132076	SGVQRWAG:0.22641509433962265	LSTSQDMI:0.20754716981132076	AANGLSTS:0.22641509433962265	HGDIFNGY:0.2641509433962264	SSGNEKAV:0.2641509433962264	NEKAVQGN:0.33962264150943394	NANKFPGH:0.20754716981132076	SQDMIDRV:0.22641509433962265	GGSQGSPS:0.24528301886792453	LAANGLST:0.2830188679245283	QDMIDRVL:0.22641509433962265	GHGDIFNG:0.2641509433962264	IFNGYDNL:0.2641509433962264	PGHGDIFN:0.2641509433962264	KFPGHGDI:0.2641509433962264	MIDRVLRQ:0.22641509433962265	YDNLLAAL:0.32075471698113206	QGSPSGSG:0.24528301886792453	DNLLAALN:0.2641509433962264	GSQGSPSG:0.24528301886792453	GNIGDINN:0.2641509433962264	SGSGVQRW:0.24528301886792453	SQGSPSGS:0.24528301886792453	DIFNGYDN:0.2641509433962264	GDINNITG:0.2641509433962264	GNEKAVQG:0.33962264150943394	TGDLAKGL:0.2641509433962264	IGDINNIT:0.2641509433962264	GYDNLLAA:0.32075471698113206	QGNIGDIN:0.2641509433962264	ANGLSTSQ:0.20754716981132076	EKAVQGNI:0.33962264150943394	IDRVLRQI:0.22641509433962265	SLSFLGNG:0.2641509433962264	ITGDLAKG:0.2641509433962264	SPSGSGVQ:0.24528301886792453	NGYDNLLA:0.2641509433962264	NGHGYENG:0.24528301886792453	DLAKGLMQ:0.33962264150943394	GDLAKGLM:0.33962264150943394	NIGDINNI:0.2641509433962264	GHGYENGG:0.2830188679245283	ESSGNEKA:0.2641509433962264	PSGSGVQR:0.24528301886792453	GEKAYQKY:0.22641509433962265	LEADKAGT:0.5094339622641509	LSNNGLEA:0.32075471698113206	GLEADKAG:0.5094339622641509	DKAGTGLR:0.5283018867924528	SAIGILSN:0.2830188679245283	ADKAGTGL:0.5660377358490566	ILSNNGLE:0.2641509433962264	KAGTGLRK:0.5094339622641509	AIGILSNN:0.24528301886792453	IAEGYQEL:0.20754716981132076	NQMAYAAD:0.20754716981132076	GILSNNGL:0.2641509433962264	EADKAGTG:0.5660377358490566	NNGLEADK:0.3018867924528302	SNNGLEAD:0.3018867924528302	IGILSNNG:0.24528301886792453	NGLEADKA:0.3018867924528302	ELQASVAS:0.33962264150943394	HGLEADKA:0.20754716981132076	GLRKVINS:0.2641509433962264	AKAFNSKE:0.22641509433962265	ELIKRGYT:0.20754716981132076	ASVASGDD:0.4339622641509434	TGLRKVIN:0.2641509433962264	GTTGQQAG:0.3584905660377358	QASVASGD:0.41509433962264153	LFGTTGQQ:0.3018867924528302	SELQASVA:0.3018867924528302	SNHGLEAD:0.20754716981132076	LSNHGLEA:0.20754716981132076	FGTTGQQA:0.3584905660377358	SADGQGYV:0.22641509433962265	LAYAADMT:0.22641509433962265	YAADMTAT:0.3584905660377358	ADMTATDF:0.33962264150943394	LQASVASG:0.41509433962264153	KAFNSKEG:0.22641509433962265	NHGLEADK:0.20754716981132076	AYAADMTA:0.3584905660377358	SVASGDDF:0.4339622641509434	MAKAFNSK:0.22641509433962265	AADMTATD:0.3018867924528302	AGTGLRKV:0.33962264150943394	GTGLRKVI:0.3584905660377358	AGEKAYQK:0.20754716981132076	
