cluster number:654
GH23:6	GH23:6
RRLMKRYL:0.3333333333333333	VGPESRPM:0.3333333333333333	AGEGVVDR:1.0	MPATAADY:0.3333333333333333	GVVDRTNS:0.6666666666666666	AGAIGLMQ:0.3333333333333333	AYNAGEGV:1.0	TAADYGVT:0.3333333333333333	IMAYNAGE:0.8333333333333334	RLMKRYLD:0.3333333333333333	KYDNDYGR:0.3333333333333333	MAYNAGEG:1.0	YNAGEGVV:1.0	ESRPMFEL:0.3333333333333333	YDNDYGRA:0.3333333333333333	PESRPMFE:0.3333333333333333	ALFDPQTN:0.3333333333333333	GLMQVMPA:0.3333333333333333	GPESRPMF:0.3333333333333333	GEGVVDRT:1.0	PATAADYG:0.3333333333333333	VAAESAYD:0.3333333333333333	EGVVDRTN:1.0	MQVMPATA:0.3333333333333333	NAGEGVVD:1.0	LMQVMPAT:0.3333333333333333	ARRLMKRY:0.3333333333333333	LKVKPTLD:0.3333333333333333	PSLLSLKV:0.5	TYLETLNY:0.5	TRHLKRLL:0.6666666666666666	YLETLNYT:0.5	PRPSRAEV:0.3333333333333333	GLMQLMPA:0.5	NSRVTYLE:0.3333333333333333	TLNYTEAV:0.5	SLLSLKVK:0.5	LDPSLLSL:0.6666666666666666	MQLMPATA:0.5	LETLNYTE:0.5	YLDPSLLS:0.6666666666666666	SRVTYLET:0.3333333333333333	VVDRTNSR:0.3333333333333333	SRPMFELD:0.3333333333333333	DRTNSRVT:0.3333333333333333	RTNSRVTY:0.3333333333333333	GTRHLKRL:0.6666666666666666	AAESNFNA:0.3333333333333333	VGLMQLMP:0.5	ETLNYTEA:0.5	DPSLLSLK:0.5	GAVGLMQL:0.5	TNSRVTYL:0.3333333333333333	VDRTNSRV:0.3333333333333333	LLSLKVKP:0.5	AGAVGLMQ:0.3333333333333333	AVGLMQLM:0.5	SLKVKPTL:0.5	RVTYLETL:0.3333333333333333	LMQLMPAT:0.5	VTYLETLN:0.5	LSLKVKPT:0.5	LKKYLDPS:0.5	DYGRVIMA:0.5	QARRLLKK:0.3333333333333333	KKYLDPSL:0.5	RLLKKYLD:0.5	RTGTRHLK:0.3333333333333333	RAVVAAES:0.5	KYLDPSLL:0.5	RRLLKKYL:0.5	YGRVIMAY:0.5	NLRTGTRH:0.3333333333333333	VGAVGLMQ:0.3333333333333333	TGTRHLKR:0.5	RVIMAYNA:0.5	VIMAYNAG:0.6666666666666666	GQARRLLK:0.3333333333333333	VRAVVAAE:0.5	TNLRTGTR:0.3333333333333333	LLKKYLDP:0.5	GRVIMAYN:0.5	LRTGTRHL:0.3333333333333333	AVVAAESN:0.5	LVRAVVAA:0.5	ARRLLKKY:0.5	HGGTAPTQ:0.3333333333333333	EEALVRAV:0.3333333333333333	VVAAESNY:0.3333333333333333	LRGVRNTG:0.3333333333333333	GGTAPTQA:0.3333333333333333	GVEEALVR:0.3333333333333333	YRRHGGTA:0.3333333333333333	TLRGVRNT:0.3333333333333333	GTAPTQAA:0.3333333333333333	VEEALVRA:0.3333333333333333	TAPTQAAL:0.3333333333333333	RRHGGTAP:0.3333333333333333	LNYTEAVI:0.3333333333333333	EALVRAVV:0.3333333333333333	ALVRAVVA:0.3333333333333333	RHGGTAPT:0.3333333333333333	RHLKRLLR:0.3333333333333333	LKRLLRKY:0.3333333333333333	HLKRLLRK:0.3333333333333333	
