cluster number:505
GH23:211	GH23:211
ARVIWQES:0.20853080568720378	EFFARVIW:0.2037914691943128	FARVIWQE:0.20853080568720378	RVIWQESR:0.20853080568720378	IAQFMPGT:0.6303317535545023	QFGNLGLA:0.3222748815165877	GLAAAAYN:0.8530805687203792	FFARVIWQ:0.2037914691943128	AAYNAGPR:0.21800947867298578	AQFMPGTA:0.7677725118483413	LAAAAYNA:0.6966824644549763	GIAQFMPG:0.6303317535545023	LGLAAAAY:0.7014218009478673	GNLGLAAA:0.6919431279620853	AAAAYNAG:0.7962085308056872	AQGIAQFM:0.47393364928909953	PWGVQLAA:0.3127962085308057	NLGLAAAA:0.6919431279620853	QGIAQFMP:0.47393364928909953	AAAYNAGP:0.3175355450236967	AYNAGPRR:0.2132701421800948	FGNLGLAA:0.6398104265402843	VIWQESRF:0.20853080568720378	RFGNLGLA:0.2938388625592417	PGTAKLRG:0.21800947867298578	FMPGTAKL:0.22748815165876776	MPGTAKLR:0.22748815165876776	QFMPGTAK:0.33175355450236965	RYAARIGR:0.21800947867298578	AAAYNAGE:0.4075829383886256	EGIAQFMP:0.24644549763033174	AEGIAQFM:0.24644549763033174	GAEGIAQF:0.23222748815165878	APWGVQLA:0.32701421800947866	GTAKLRGL:0.20853080568720378	WAPWGVQL:0.26540284360189575	FARLIWRE:0.2985781990521327	ARLIWRES:0.3080568720379147	YFARLIWR:0.2132701421800948	GAQGIAQF:0.3080568720379147	
