cluster number:64
GH23:35	GH23:35
RRAISAYN:0.5714285714285714	SAYNTGNF:0.2	LRRAISAY:0.5142857142857142	ISAYNTGN:0.3142857142857143	RAISAYNT:0.5714285714285714	AISAYNTG:0.8857142857142857	ALRRAISA:0.37142857142857144	LGLTPDGA:0.2	VGLMQINS:0.6	QINSRNFS:0.2571428571428571	TGETLHWQ:0.2571428571428571	GLMQINSR:0.2571428571428571	RHSLDVGL:0.2857142857142857	AAIAKVES:0.3142857142857143	DNTTGETL:0.37142857142857144	SLDVGLMQ:0.2857142857142857	NTTGETLH:0.37142857142857144	RKVETAAQ:0.2571428571428571	DVGLMQIN:0.6571428571428571	ESRFDPLA:0.2571428571428571	GLTPDGAL:0.2	VESRFDPL:0.2571428571428571	TTGETLHW:0.2857142857142857	LMQINSRN:0.2571428571428571	SEETWDVW:0.22857142857142856	VRKVETAA:0.2571428571428571	EETWDVWG:0.22857142857142856	MQINSRNF:0.2571428571428571	STLAAIAK:0.42857142857142855	HSLDVGLM:0.2857142857142857	ARHSLDVG:0.2857142857142857	TLAAIAKV:0.3142857142857143	HDNTTGET:0.37142857142857144	LAAIAKVE:0.3142857142857143	LDVGLMQI:0.2857142857142857	ANGYVRKV:0.3142857142857143	YVRKVETA:0.22857142857142856	APSVAPST:0.2857142857142857	PSVAPSTL:0.2857142857142857	CAPSVAPS:0.2857142857142857	FANGYVRK:0.3142857142857143	ISAYNTGD:0.5428571428571428	SVAPSTLA:0.2	VAPSTLAA:0.34285714285714286	NGYVRKVE:0.4	APLSFAEF:0.22857142857142856	RECAPSVA:0.2857142857142857	APSTLAAI:0.34285714285714286	PLSFAEFN:0.22857142857142856	ECAPSVAP:0.2857142857142857	GFANGYVR:0.4	ARECAPSV:0.2857142857142857	SAYNTGDF:0.2	AAPLSFAE:0.22857142857142856	PSTLAAIA:0.4857142857142857	AAQQLVPP:0.2	GYVRKVET:0.22857142857142856	AHLLESRY:0.2857142857142857	HSIDVGLM:0.2	AAAHLLES:0.2857142857142857	HLLESRYA:0.2857142857142857	SIDVGLMQ:0.2	LMQINSKN:0.2	RGFANGYV:0.34285714285714286	MQINSKNF:0.2	AHDNTTGE:0.3142857142857143	TRGFANGY:0.3142857142857143	GLMQINSK:0.2	AAHLLESR:0.2857142857142857	LESRYAGG:0.3142857142857143	LLESRYAG:0.3142857142857143	HSVDVGLM:0.22857142857142856	QLALRRAI:0.2	CASLSAAA:0.2	EPCASLSA:0.2	LALRRAIS:0.2	PCASLSAA:0.2	SVDVGLMQ:0.22857142857142856	
