cluster number:669
GH23:304	GH23:304
FLAAYNAG:0.35855263157894735	PGFLAAYN:0.24013157894736842	GAMGLMQI:0.3256578947368421	MGLMQIMP:0.3256578947368421	AMGLMQIM:0.3190789473684211	GFLAAYNA:0.3519736842105263	NAGPGRYE:0.24342105263157895	YNAGPGRY:0.5789473684210527	DNILAGAA:0.21052631578947367	LAAYNAGP:0.694078947368421	AYNAGPGR:0.5921052631578947	AAYNAGPG:0.5723684210526315	AETRAYVA:0.2598684210526316	AGAMGLMQ:0.5131578947368421	PRDNILAG:0.41118421052631576	RPLPAETR:0.20723684210526316	GRPLPAET:0.2236842105263158	AGAAYLRE:0.2532894736842105	PAETRAYV:0.2730263157894737	SSAGAMGL:0.26973684210526316	LPAETRAY:0.34210526315789475	SAGAMGLM:0.26644736842105265	PLPAETRA:0.20065789473684212	NILAGTAY:0.2532894736842105	ILAGTAYL:0.24671052631578946	DPRDNILA:0.3157894736842105	DNILAGTA:0.24671052631578946	RDNILAGT:0.2631578947368421	AMLAAYNA:0.24671052631578946	GAMGLMQV:0.2138157894736842	AMGLMQVM:0.21052631578947367	MLAAYNAG:0.28618421052631576	MGLMQVMP:0.21052631578947367	NAGPGRYD:0.26973684210526316	LAGTAYLR:0.21052631578947367	
