cluster number:634
GH23:176	GH23:176
VGPMQFIP:0.8295454545454546	QFIPSTWA:0.5681818181818182	PMQFIPST:0.7784090909090909	AVGPMQFI:0.8295454545454546	GKVESGQA:0.5	DAALAAGR:0.20454545454545456	LLAAIGKV:0.5909090909090909	QLLAAIGK:0.4431818181818182	ESGQARGG:0.4431818181818182	AIGKVESG:0.5965909090909091	HDRAVGPM:0.3125	GQARGGRV:0.2215909090909091	IGKVESGQ:0.5	GPMQFIPS:0.7784090909090909	PWQLLAAI:0.45454545454545453	AALAAGRY:0.20454545454545456	VESGQARG:0.4431818181818182	LPWQLLAA:0.44886363636363635	SGQARGGR:0.2215909090909091	DRAVGPMQ:0.7670454545454546	NLPWQLLA:0.25	KVESGQAR:0.39204545454545453	ALAAGRYL:0.20454545454545456	CNLPWQLL:0.25	LAAGRYLC:0.24431818181818182	AAGRYLCA:0.25	WQLLAAIG:0.5284090909090909	RAVGPMQF:0.7670454545454546	GCNLPWQL:0.23295454545454544	AAIGKVES:0.6022727272727273	PGCNLPWQ:0.22727272727272727	LAAIGKVE:0.5965909090909091	MQFIPSTW:0.7840909090909091	DPNNIYDA:0.2727272727272727	NIYDAALA:0.22727272727272727	DTDGGAYD:0.26136363636363635	PNNIYDAA:0.2784090909090909	IPATVLDA:0.25	YDAALAAG:0.4147727272727273	IYDAALAA:0.2215909090909091	TDGGAYDG:0.25	PATVLDAY:0.2840909090909091	DGGAYDGD:0.23863636363636365	GIPATVLD:0.25	GRDGNGDG:0.21022727272727273	NNIYDAAL:0.24431818181818182	NVYDAALA:0.20454545454545456	VYDAALAA:0.20454545454545456	ALAAGHYL:0.30113636363636365	DAALAAGH:0.30113636363636365	AALAAGHY:0.30113636363636365	VLDAYKKA:0.21022727272727273	NDKGPYFK:0.23863636363636365	ATVLDAYK:0.22727272727272727	DKGPYFKD:0.21022727272727273	YYTDLPPL:0.3522727272727273	LAAGHYLC:0.3125	AGIPATVL:0.3465909090909091	YDRAVGPM:0.32954545454545453	ALTASQAP:0.25	AALTASQA:0.2159090909090909	LTASQAPG:0.25	EAGIPATV:0.29545454545454547	FALIKDTD:0.22727272727272727	ARGGRVDA:0.21022727272727273	TGNSPYYT:0.2215909090909091	PYYTDLPP:0.2784090909090909	GFALIKDT:0.22727272727272727	SPYYTDLP:0.2727272727272727	GNSPYYTD:0.22727272727272727	ATGNSPYY:0.20454545454545456	TTAVAAAA:0.2159090909090909	NSPYYTDL:0.22727272727272727	
