cluster number:658
GH23:17	GH23:17
ESSFMSDA:0.23529411764705882	AYNAGPYR:0.23529411764705882	HYYGFLAA:0.35294117647058826	VLATAAYN:0.35294117647058826	PAGAKGLM:0.29411764705882354	KINPAWAF:0.23529411764705882	KLGTKYLR:0.29411764705882354	NQVLATAA:0.23529411764705882	YYPLQPYL:0.29411764705882354	KVGYLNDV:0.23529411764705882	INPAWAFA:0.35294117647058826	ARRESSFM:0.4117647058823529	PLQPYLDQ:0.23529411764705882	AAYNAGPY:0.23529411764705882	KSVLAYQQ:0.23529411764705882	NIKLGTKY:0.35294117647058826	RESSFMSD:0.23529411764705882	DVNLRFPL:0.23529411764705882	EYVKSVLA:0.23529411764705882	AFAIARRE:0.4117647058823529	FDRAIFTL:0.23529411764705882	AGAKGLMQ:0.35294117647058826	WIETIPFK:0.35294117647058826	TREYVKSV:0.29411764705882354	RHYYGFLA:0.47058823529411764	IETIPFKE:0.4117647058823529	DVWIETIP:0.29411764705882354	LATAAYNA:0.35294117647058826	ANSPAGAK:0.23529411764705882	NSPAGAKG:0.23529411764705882	YVKSVLAY:0.35294117647058826	IKLGTKYL:0.35294117647058826	IARRESSF:0.4117647058823529	IPFKETRE:0.29411764705882354	SPAGAKGL:0.29411764705882354	ATAAYNAG:0.35294117647058826	PLDWPLRK:0.29411764705882354	FAIARRES:0.4117647058823529	YNAGPYRV:0.29411764705882354	VWIETIPF:0.23529411764705882	KFALALAS:0.23529411764705882	PFKETREY:0.29411764705882354	VKSVLAYQ:0.35294117647058826	RRESSFMS:0.23529411764705882	YGFLAASY:0.29411764705882354	YPLQPYLD:0.23529411764705882	TIPFKETR:0.4117647058823529	YYGFLAAS:0.29411764705882354	KETREYVK:0.4117647058823529	GFLAASYL:0.29411764705882354	REYVKSVL:0.23529411764705882	NPAWAFAI:0.35294117647058826	AIARRESS:0.4117647058823529	GNQVLATA:0.23529411764705882	ETREYVKS:0.29411764705882354	NAGPYRVK:0.23529411764705882	FKETREYV:0.29411764705882354	QVLATAAY:0.23529411764705882	VLAYQQIY:0.23529411764705882	PAWAFAIA:0.35294117647058826	DRAIFTLA:0.23529411764705882	TAAYNAGP:0.23529411764705882	NNIKLGTK:0.23529411764705882	DANSPAGA:0.23529411764705882	WAFAIARR:0.4117647058823529	AWAFAIAR:0.35294117647058826	ETIPFKET:0.4117647058823529	WFDRAIFT:0.23529411764705882	GAKGLMQL:0.23529411764705882	ETIPYKET:0.47058823529411764	TIPYKETR:0.47058823529411764	ADIWIETI:0.29411764705882354	WIETIPYK:0.29411764705882354	IETIPYKE:0.29411764705882354	PADIWIET:0.29411764705882354	DIWIETIP:0.29411764705882354	ATASYNAG:0.4117647058823529	LATASYNA:0.35294117647058826	KETRNYVK:0.35294117647058826	PYKETRNY:0.23529411764705882	TRNYVKAV:0.35294117647058826	IPYKETRN:0.23529411764705882	ETRNYVKA:0.35294117647058826	YKETRNYV:0.23529411764705882	TASYNAGW:0.23529411764705882	GARGLMQL:0.23529411764705882	AGARGLMQ:0.23529411764705882	NYVKAVMA:0.23529411764705882	DPAWAFAI:0.23529411764705882	VDPAWAFA:0.23529411764705882	RNYVKAVM:0.23529411764705882	YVKAVMAY:0.23529411764705882	
