cluster number:361
GH23:14	GH23:14
LCTAAMKY:0.21428571428571427	MKYRAGHG:0.7142857142857143	DAVMAVES:0.2857142857142857	CTAAMKYR:0.2857142857142857	IGLMQVMP:0.2857142857142857	AGHGETRF:0.6428571428571429	RAGHGETR:0.6428571428571429	EIGLMQVM:0.2857142857142857	YLAGAWRL:0.21428571428571427	DLCTAAMK:0.21428571428571427	LAGAWRLA:0.21428571428571427	GHGETRFS:0.6428571428571429	AGAWRLAG:0.21428571428571427	KYRAGHGE:0.7142857142857143	YRAGHGET:0.6428571428571429	GEIGLMQV:0.2857142857142857	AMKYRAGH:0.2857142857142857	TAAMKYRA:0.2857142857142857	AAMKYRAG:0.2857142857142857	AGGDLCTA:0.35714285714285715	SGEIGLMQ:0.2857142857142857	PEIAEAVM:0.2857142857142857	IAEAVMGV:0.21428571428571427	EIAEAVMG:0.21428571428571427	LAGGDLCT:0.35714285714285715	APEIAEAV:0.2857142857142857	AQAWRLAG:0.21428571428571427	HGETRFSY:0.21428571428571427	GLAPEIAE:0.2857142857142857	AEAVMGVE:0.21428571428571427	QAWRLAGG:0.21428571428571427	LAPEIAEA:0.2857142857142857	LSVNYCLA:0.21428571428571427	YLAQAWRL:0.21428571428571427	GVESGYNP:0.21428571428571427	GETRFSYL:0.21428571428571427	MPSTARML:0.21428571428571427	SVNYCLAV:0.21428571428571427	LAQAWRLA:0.21428571428571427	RLAGGDLC:0.35714285714285715	EAVMGVES:0.21428571428571427	STARMLGF:0.42857142857142855	ETRFSYLS:0.21428571428571427	AWRLAGGD:0.5714285714285714	WRLAGGDL:0.35714285714285715	VMGVESGY:0.21428571428571427	AVMGVESG:0.21428571428571427	GEIGLMQI:0.2857142857142857	PSTARMLG:0.42857142857142855	MGVESGYN:0.21428571428571427	GLMQILPS:0.2857142857142857	MQILPSTA:0.2857142857142857	ILPSTARM:0.21428571428571427	LMQILPST:0.2857142857142857	QILPSTAR:0.2857142857142857	TMKYRAGH:0.21428571428571427	VESGFNPD:0.21428571428571427	AGGDICTA:0.21428571428571427	WRLAGGDI:0.21428571428571427	LAGGDICT:0.21428571428571427	ARMLGFAG:0.21428571428571427	ESGFNPDA:0.21428571428571427	TATMKYRA:0.21428571428571427	VPVATFGA:0.21428571428571427	RLAGGDIC:0.21428571428571427	TARMLGFA:0.21428571428571427	ATMKYRAG:0.21428571428571427	CTATMKYR:0.21428571428571427	CLAVRSKL:0.21428571428571427	HYGVTYLA:0.21428571428571427	ARGFRVTG:0.21428571428571427	GVGEIGLM:0.21428571428571427	YCLAVRSK:0.21428571428571427	LAVRSKLA:0.21428571428571427	VRSKLAAR:0.21428571428571427	TNIHYGVT:0.21428571428571427	AVRSKLAA:0.21428571428571427	NIHYGVTY:0.21428571428571427	IHYGVTYL:0.21428571428571427	IGGVGEIG:0.21428571428571427	VGEIGLMQ:0.21428571428571427	IGLMQILP:0.21428571428571427	GGVGEIGL:0.21428571428571427	LPSTARML:0.21428571428571427	RSKLAARG:0.21428571428571427	AVMAVESG:0.21428571428571427	
