cluster number:651
GH23:12	GH23:12
MQVMPKIG:0.25	VGLMQVMP:0.5833333333333334	TRFLRVLI:0.5833333333333334	KYRNPVLI:0.25	NIRAGTRF:0.6666666666666666	RAGTRFLR:0.5833333333333334	SPISVFSF:0.25	LIDKYRNP:0.5833333333333334	IRAGTRFL:0.6666666666666666	RNPVLIAS:0.25	ARPDLLSG:0.25	PNWVLSIM:0.5	SAYNAGEP:0.5833333333333334	LMQVMPKI:0.25	ARSPMLVF:0.3333333333333333	RVVGYYTG:0.4166666666666667	GPVKIVKE:0.4166666666666667	DYVTRVVG:0.75	FLRVLIDK:0.5	ADYVTRVV:0.75	NPVLIASA:0.25	QNIRAGTR:0.6666666666666666	NAGEPRVD:0.5833333333333334	YRNPVLIA:0.25	RARSPMLV:0.3333333333333333	PVKIVKEE:0.5	IASAYNAG:0.25	TADYVTRV:0.75	AGEPRVDA:0.25	VLIASAYN:0.25	RSPMLVFS:0.3333333333333333	GAVGLMQV:0.5833333333333334	GGPVKIVK:0.4166666666666667	IDKYRNPV:0.5833333333333334	RFLRVLID:0.5	DRARSPML:0.3333333333333333	SPMLVFSA:0.25	VDPNWVLS:0.5833333333333334	DKYRNPVL:0.6666666666666666	VLIDKYRN:0.5833333333333334	PEQNIRAG:0.6666666666666666	TRVVGYYT:0.4166666666666667	ASAYNAGE:0.5833333333333334	VKIVKEEV:0.5	EQNIRAGT:0.6666666666666666	VTRVVGYY:0.5	LPLIRETA:0.6666666666666666	IRETADYV:0.6666666666666666	LIASAYNA:0.25	DPNWVLSI:0.5	AGTRFLRV:0.5833333333333334	PLIRETAD:0.6666666666666666	AVGLMQVM:0.5833333333333334	GTRFLRVL:0.5833333333333334	YVTRVVGY:0.5	PVLIASAY:0.25	RETADYVT:0.6666666666666666	RVLIDKYR:0.5	SLPLIRET:0.6666666666666666	LRVLIDKY:0.5	QARPDLLS:0.25	DPEQNIRA:0.75	AYNAGEPR:0.5833333333333334	ETADYVTR:0.75	YNAGEPRV:0.5833333333333334	LIRETADY:0.6666666666666666	GLMQVMPK:0.25	RVAARLNP:0.25	DLTDPEQN:0.6666666666666666	PMLVFSVA:0.4166666666666667	AKSPMLVF:0.4166666666666667	LLSGIPEE:0.25	GVLSLDTV:0.25	KYRNPVLV:0.5	TADRAKSP:0.25	LVSSAGAI:0.25	DRAKSPML:0.3333333333333333	AAKQPPQP:0.25	VDLRHSLP:0.3333333333333333	GIPEEYAK:0.25	RERTVHSP:0.3333333333333333	EPRVDLRH:0.25	PRVDLRHS:0.25	RHSLPLIR:0.25	AAYNAGEP:0.25	EEVDPNWV:0.3333333333333333	SGIPEEYA:0.25	PPQPTIDW:0.25	DLRHSLPL:0.3333333333333333	VLSLDTVE:0.25	QPPQPTID:0.25	VTRVVGFY:0.25	KQPPQPTI:0.25	GRVAARLN:0.25	YRNPVLVA:0.5	SAGAIGLM:0.25	HSLPLIRE:0.4166666666666667	TDPEQNIR:0.6666666666666666	IPEEYAKL:0.25	EEFENSRA:0.25	RAKSPMLV:0.4166666666666667	SPMLVFSV:0.4166666666666667	EFENSRAE:0.25	PQPTIDWV:0.25	AGEPRVDL:0.3333333333333333	AGAIGLMQ:0.4166666666666667	ADRAKSPM:0.3333333333333333	TVEEFENS:0.25	LSLDTVEE:0.3333333333333333	LSGIPEEY:0.25	GTADRAKS:0.25	FENSRAEL:0.25	LRHSLPLI:0.3333333333333333	KIVKEEVH:0.3333333333333333	RVDLRHSL:0.25	SLDTVEEF:0.25	VSSAGAIG:0.25	TVHSPIDV:0.25	SIMRAENA:0.5	KSPMLVFS:0.4166666666666667	VAAKQPPQ:0.25	YVTRVVGF:0.25	AKQPPQPT:0.25	AAAYNAGE:0.25	GEPRVDLR:0.25	SSAGAIGL:0.25	AEEVDPNW:0.3333333333333333	RTVHSPID:0.25	ERTVHSPI:0.3333333333333333	LTDPEQNI:0.6666666666666666	LDTVEEFE:0.25	DTVEEFEN:0.25	VEEFENSR:0.25	LSIMRAEN:0.3333333333333333	NWVLSIMR:0.3333333333333333	VLSIMRAE:0.3333333333333333	AGAVGLMQ:0.3333333333333333	WVLSIMRA:0.3333333333333333	VASAYNAG:0.3333333333333333	VLVASAYN:0.3333333333333333	NPVLVASA:0.3333333333333333	PVLVASAY:0.3333333333333333	EGVDPNWV:0.25	LVASAYNA:0.3333333333333333	GVDPNWVL:0.25	RNPVLVAS:0.3333333333333333	PDLLSGIP:0.25	RPDLLSGI:0.25	GLMQVMPR:0.5	GANDLTDP:0.3333333333333333	PRLVSPAG:0.25	QVMPRIGA:0.25	YDPRLVSP:0.25	SPAGAVGL:0.25	IGAAFGAN:0.25	ASYDPRLV:0.25	PAGAVGLM:0.25	AAFGANDL:0.25	NASYDPRL:0.25	ARRERTVH:0.25	MQVMPRIG:0.3333333333333333	IMRAENAS:0.25	RRERTVHS:0.25	VSPAGAVG:0.25	AFGANDLT:0.3333333333333333	SYDPRLVS:0.25	NDLTDPEQ:0.3333333333333333	RIGAAFGA:0.25	MLVFSVAD:0.25	ANDLTDPE:0.3333333333333333	RLVSPAGA:0.25	LVFSVADP:0.25	MRAENASY:0.25	VMPRIGAA:0.25	SPHIVDPP:0.25	LMQVMPRI:0.3333333333333333	DPRLVSPA:0.25	GAAFGAND:0.25	RAENASYD:0.25	VFSVADPL:0.25	MPRIGAAF:0.25	PRIGAAFG:0.25	ENASYDPR:0.25	FGANDLTD:0.3333333333333333	AENASYDP:0.25	LVSPAGAV:0.25	AAEEVDPN:0.25	AAAEEVDP:0.25	
