cluster number:427
GH23:6	GH23:6
IAQALPAT:0.5	WTKESHWN:0.8333333333333334	EIVGTDWR:0.3333333333333333	SHWNYKAR:0.6666666666666666	ARNKVSGA:0.3333333333333333	TKESHWNY:0.8333333333333334	HWNYKARN:0.6666666666666666	TPSLLELD:0.3333333333333333	ESHWNYKA:1.0	AQALPATK:0.5	NKVSGAHG:0.3333333333333333	GIAQALPA:0.6666666666666666	VGTDWRTN:0.5	MEIVGTDW:0.3333333333333333	YKARNKVS:0.3333333333333333	NYKARNKV:0.5	SKFKRSRW:0.3333333333333333	KARNKVSG:0.3333333333333333	DWRTNPVT:1.0	TKMEIVGT:0.3333333333333333	KESHWNYK:1.0	GTDWRTNP:0.5	WRTNPVTQ:1.0	GAHGIAQA:0.6666666666666666	AHGIAQAL:0.6666666666666666	HGIAQALP:0.6666666666666666	WNYKARNK:0.5	WSKFKRSR:0.5	AWSKFKRS:0.6666666666666666	LPATKMEI:0.3333333333333333	RTNPVTQI:1.0	KVSGAHGI:0.3333333333333333	LWTKESHW:0.8333333333333334	PCKAWSKF:0.3333333333333333	KMEIVGTD:0.3333333333333333	ALPATKME:0.6666666666666666	KFKRSRWY:0.3333333333333333	PATKMEIV:0.3333333333333333	KAWSKFKR:0.3333333333333333	IVGTDWRT:0.3333333333333333	TDWRTNPV:0.6666666666666666	RNKVSGAH:0.3333333333333333	VSGAHGIA:0.3333333333333333	ATKMEIVG:0.3333333333333333	CKAWSKFK:0.3333333333333333	QALPATKM:0.6666666666666666	SGAHGIAQ:0.6666666666666666	NRLWTKES:0.3333333333333333	SHWNYKAH:0.3333333333333333	TNPVTQIR:0.3333333333333333	GAHGIPQA:0.3333333333333333	RLWTKESH:0.3333333333333333	NPVTQIRW:0.3333333333333333	AHGIPQAL:0.3333333333333333	CLNRLWTK:0.3333333333333333	HGIPQALP:0.3333333333333333	HWNYKAHN:0.3333333333333333	PVTQIRWG:0.3333333333333333	GIPQALPA:0.3333333333333333	LNRLWTKE:0.3333333333333333	ARQPDGAR:0.3333333333333333	LLELDAVK:0.3333333333333333	DAVKTVDA:0.3333333333333333	ALISVAAR:0.3333333333333333	LISVAARK:0.3333333333333333	VTQITWGL:0.3333333333333333	LELDAVKT:0.3333333333333333	AACLAFFL:0.3333333333333333	TQITWGLK:0.3333333333333333	ITWGLKYI:0.3333333333333333	PVTQITWG:0.3333333333333333	QITWGLKY:0.3333333333333333	WSEKQFTC:0.3333333333333333	EKQFTCLD:0.3333333333333333	TNPVTQIT:0.3333333333333333	PSLLELDA:0.3333333333333333	KQFTCLDQ:0.3333333333333333	LDAVKTVD:0.3333333333333333	MALISVAA:0.3333333333333333	QFTCLDQL:0.3333333333333333	ELDAVKTV:0.3333333333333333	LARQPDGA:0.3333333333333333	AVKTVDAS:0.3333333333333333	SEKQFTCL:0.3333333333333333	SLLELDAV:0.3333333333333333	NPVTQITW:0.3333333333333333	FTCLDQLW:0.3333333333333333	AYGLEFPM:0.3333333333333333	RSGAHGIA:0.3333333333333333	YGLEFPMT:0.3333333333333333	
