cluster number:65
GH23:65	GH23:65
CLNIQIGA:0.27692307692307694	YGLMQINS:0.4461538461538462	LGSYNAGF:0.9846153846153847	LNIQIGAW:0.27692307692307694	STDYGLMQ:0.6307692307692307	IQIGAWIL:0.2	TDYGLMQI:0.4307692307692308	DYGLMQIN:0.47692307692307695	CLGSYNAG:0.9846153846153847	LSTDYGLM:0.23076923076923078	QIGAWILA:0.2	PCLNIQIG:0.3230769230769231	NIQIGAWI:0.2	AGFRKDRH:0.5076923076923077	ARYQIEPL:0.24615384615384617	GLMQINST:0.3076923076923077	SYNAGFRK:0.5230769230769231	YQIEPLLL:0.24615384615384617	DRHETREQ:0.3230769230769231	RKDRHETR:0.49230769230769234	GARYQIEP:0.24615384615384617	LMQINSTH:0.3076923076923077	RHETREQY:0.3230769230769231	FRKDRHET:0.49230769230769234	RYQIEPLL:0.24615384615384617	GFRKDRHE:0.5076923076923077	WNCLGSYN:0.8153846153846154	QIEPLLLK:0.24615384615384617	NAGFRKDR:0.5076923076923077	YNAGFRKD:0.5076923076923077	HETREQYA:0.3230769230769231	ETREQYAN:0.3076923076923077	AGARYQIE:0.24615384615384617	IEPLLLKA:0.24615384615384617	GSYNAGFR:0.8153846153846154	NCLGSYNA:0.8153846153846154	KDRHETRE:0.49230769230769234	MQVNSSHI:0.2153846153846154	AKHFQVCG:0.2	CGISWNCL:0.26153846153846155	GLMQVNSS:0.2	ILAKHFQV:0.2	QVCGISWN:0.26153846153846155	YGLMQVNS:0.35384615384615387	VCGISWNC:0.26153846153846155	AGAKYHID:0.23076923076923078	LMQVNSSH:0.2	GISWNCLG:0.26153846153846155	HETRESYA:0.23076923076923078	TRESYANR:0.23076923076923078	VQIGTWIL:0.3076923076923077	WILAKHFQ:0.2	QIGTWILA:0.3076923076923077	LNVQIGTW:0.3076923076923077	SWNCLGSY:0.6307692307692307	CLNVQIGT:0.3384615384615385	ETRESYAN:0.23076923076923078	RHETRESY:0.23076923076923078	NVQIGTWI:0.3076923076923077	DYGLMQVN:0.35384615384615387	TDYGLMQV:0.2153846153846154	RPCLNVQI:0.2	ISWNCLGS:0.26153846153846155	HFQVCGIS:0.27692307692307694	GAKYHIDP:0.23076923076923078	AKYHIDPL:0.23076923076923078	PCLNVQIG:0.3384615384615385	DRHETRES:0.23076923076923078	LAKHFQVC:0.2	FQVCGISW:0.27692307692307694	KYHIDPLL:0.23076923076923078	EDLITKPC:0.24615384615384617	MKGICLPG:0.23076923076923078	SWILARHF:0.26153846153846155	CLNIHIGS:0.24615384615384617	ARHFQICG:0.26153846153846155	GVSWNCLG:0.36923076923076925	MQINSTHI:0.24615384615384617	KPCLNIHI:0.24615384615384617	FQICGVSW:0.26153846153846155	ASSTDYGL:0.2	QINSTHIP:0.24615384615384617	LARHFQIC:0.26153846153846155	LNIHIGSW:0.26153846153846155	VIKKSEDL:0.24615384615384617	INSTHIPK:0.23076923076923078	ICLPGQGG:0.23076923076923078	SEDLITKP:0.24615384615384617	RIYRDMKG:0.2153846153846154	KGICLPGQ:0.23076923076923078	HIGSWILA:0.26153846153846155	NIHIGSWI:0.26153846153846155	IKKSEDLI:0.24615384615384617	KKSEDLIT:0.24615384615384617	MGVIKKSE:0.24615384615384617	KASSTDYG:0.2	ITKPCLNI:0.24615384615384617	GQGGRQCR:0.23076923076923078	PGQGGRQC:0.23076923076923078	DMKGICLP:0.2153846153846154	WRIYRDMK:0.2153846153846154	NSTHIPKL:0.24615384615384617	IYRDMKGI:0.2153846153846154	ILARHFQI:0.26153846153846155	RDMKGICL:0.2153846153846154	RHFQICGV:0.26153846153846155	HFQICGVS:0.26153846153846155	LPGQGGRQ:0.23076923076923078	YRDMKGIC:0.2153846153846154	ICGVSWNC:0.26153846153846155	WILARHFQ:0.26153846153846155	IGSWILAR:0.26153846153846155	GGRQCRQS:0.23076923076923078	GSWILARH:0.26153846153846155	TKPCLNIH:0.24615384615384617	LITKPCLN:0.24615384615384617	KSEDLITK:0.24615384615384617	TREQYANK:0.23076923076923078	SSTDYGLM:0.2	GVIKKSED:0.24615384615384617	IHIGSWIL:0.26153846153846155	CLPGQGGR:0.23076923076923078	GKASSTDY:0.2	QGGRQCRQ:0.23076923076923078	TGKASSTD:0.2	PCLNIHIG:0.24615384615384617	DLITKPCL:0.24615384615384617	QICGVSWN:0.26153846153846155	GICLPGQG:0.23076923076923078	VSWNCLGS:0.36923076923076925	KTGKASST:0.2	CGVSWNCL:0.36923076923076925	AFCFDAAG:0.2	STHIPKLI:0.2153846153846154	
