cluster number:483
GH23:11	GH23:11
YGLYQFSL:0.5454545454545454	YYGLYQFS:0.6363636363636364	WAALAQCE:0.45454545454545453	GYYGLYQF:0.5454545454545454	AALAQCES:0.45454545454545453	AQALQARS:0.2727272727272727	TTVDGVEE:0.2727272727272727	TVDGVEES:0.2727272727272727	RSGWGQWP:0.6363636363636364	QGTKERPK:0.2727272727272727	QARSGWGQ:0.45454545454545453	GDVWAALA:0.2727272727272727	VDGVEESR:0.2727272727272727	PFETVTEE:0.2727272727272727	FETVTEED:0.2727272727272727	QALQARSG:0.2727272727272727	DVWAALAQ:0.2727272727272727	VWAALAQC:0.36363636363636365	ALQARSGW:0.2727272727272727	ARSGWGQW:0.45454545454545453	DGVEESRE:0.2727272727272727	VQGTKERP:0.2727272727272727	LQARSGWG:0.45454545454545453	GVEESREL:0.2727272727272727	VTTVDGVE:0.2727272727272727	LVQGTKER:0.2727272727272727	SGGNPATN:0.36363636363636365	GGNPATNT:0.36363636363636365	NPATNTGN:0.36363636363636365	PACARKLG:0.2727272727272727	QCESGGNP:0.5454545454545454	CARKLGLL:0.2727272727272727	ESGGNPAT:0.36363636363636365	LAQCESGG:0.6363636363636364	GNGYYGLY:0.45454545454545453	FAGSVEGL:0.36363636363636365	TGNGYYGL:0.45454545454545453	ACARKLGL:0.2727272727272727	TNTGNGYY:0.45454545454545453	NGYYGLYQ:0.45454545454545453	CESGGNPA:0.36363636363636365	SGWGQWPA:0.6363636363636364	QWPACARK:0.2727272727272727	WPACARKL:0.2727272727272727	ALAQCESG:0.45454545454545453	PATNTGNG:0.36363636363636365	NTGNGYYG:0.45454545454545453	GNPATNTG:0.36363636363636365	VGGSGLPS:0.2727272727272727	AGSVEGLL:0.36363636363636365	WGQWPACA:0.36363636363636365	TFAGSVEG:0.36363636363636365	ATNTGNGY:0.36363636363636365	AQCESGGN:0.5454545454545454	GQWPACAR:0.2727272727272727	GWGQWPAC:0.6363636363636364	SGLPSEAS:0.5454545454545454	GLPSEASA:0.45454545454545453	GSGLPSEA:0.5454545454545454	GGSGLPSE:0.5454545454545454	WGQWPACS:0.2727272727272727	GQWPACSR:0.2727272727272727	MGGSGLPS:0.45454545454545453	AMGGSGLP:0.45454545454545453	RRRRWPLV:0.2727272727272727	SLPIRLDA:0.2727272727272727	LPIRLDAD:0.2727272727272727	TTFAGSVE:0.36363636363636365	DVRLVASR:0.45454545454545453	SAAEQTQR:0.2727272727272727	AAEQTQRA:0.2727272727272727	SEASAAEQ:0.2727272727272727	EQTQRAQA:0.2727272727272727	VRLVASRS:0.36363636363636365	QRAQALQA:0.2727272727272727	QTQRAQAL:0.2727272727272727	VTTFAGSV:0.2727272727272727	GGDVVVRY:0.2727272727272727	GSDVRLVA:0.2727272727272727	LPSEASAA:0.2727272727272727	AEQTQRAQ:0.2727272727272727	TQRAQALQ:0.2727272727272727	RGSDVRLV:0.2727272727272727	ASAAEQTQ:0.2727272727272727	SDVRLVAS:0.2727272727272727	PSEASAAE:0.2727272727272727	RLVASRSG:0.2727272727272727	EASAAEQT:0.2727272727272727	
