cluster number:431
GH23:72	GH23:72
GAGGLMQL:0.2777777777777778	YDPKANIQ:0.25	LMPDTARE:0.5833333333333334	ETQRYVPS:0.2222222222222222	TQRYVPSV:0.2222222222222222	VLSNVHRP:0.375	AGGLMQLM:0.2777777777777778	LSNVHRPG:0.375	AVAAYNAG:0.7361111111111112	GGLMQLMP:0.2777777777777778	AAYNAGPQ:0.2222222222222222	MQLMPDTA:0.7638888888888888	QRYVPSVL:0.2222222222222222	VIPPFAET:0.20833333333333334	GGARYLKR:0.3611111111111111	AETQRYVP:0.3888888888888889	QGGARYLK:0.4166666666666667	LAVAAYNA:0.7361111111111112	GLMQLMPD:0.7777777777777778	MPDTAREM:0.4305555555555556	NVHRPGRH:0.3472222222222222	DTAREMGV:0.4305555555555556	SNVHRPGR:0.375	LMQLMPDT:0.7777777777777778	VYDPKANI:0.25	KANIQGGA:0.25	QLMPDTAR:0.6666666666666666	YNAGPQAV:0.2222222222222222	KGAGGLMQ:0.2777777777777778	AYNAGPQA:0.2222222222222222	PPFAETQR:0.3333333333333333	IPPFAETQ:0.25	PKANIQGG:0.25	PFAETQRY:0.3333333333333333	PDTAREMG:0.4305555555555556	QYRRLQGL:0.2777777777777778	VAAYNAGP:0.7222222222222222	VHRPGRHY:0.3472222222222222	DPKANIQG:0.25	FAETQRYV:0.3333333333333333	LTLFDNDI:0.3333333333333333	LFDNDITL:0.4027777777777778	RRGAVPPF:0.2361111111111111	YISIDAKG:0.2638888888888889	DPEDNVQG:0.2638888888888889	ITLAVAAY:0.4027777777777778	GAVPPFAE:0.2361111111111111	IKAESGYN:0.3611111111111111	RGAVPPFA:0.2361111111111111	ESGYNPKA:0.3611111111111111	PPFAETRR:0.3055555555555556	AESGYNPK:0.3611111111111111	ITGRPYAE:0.20833333333333334	FAETRRYV:0.3055555555555556	FDNDITLA:0.4027777777777778	AVPPFAET:0.25	TLAVAAYN:0.4166666666666667	MLTLFDND:0.2777777777777778	RLDPEDNV:0.2222222222222222	ALLHAVIK:0.2222222222222222	LDPEDNVQ:0.2638888888888889	VPPFAETR:0.2916666666666667	TNVHRPGR:0.2361111111111111	LREYRKLQ:0.20833333333333334	AETRRYVP:0.3472222222222222	AVLRRGAV:0.20833333333333334	ADVYISID:0.2222222222222222	DITLAVAA:0.4027777777777778	EDNVQGGA:0.2638888888888889	AAYNAGPD:0.3472222222222222	NAGPDAVL:0.2777777777777778	AYNAGPDA:0.3472222222222222	HRPGRHYE:0.2777777777777778	MITGRPYA:0.20833333333333334	VLREYRKL:0.20833333333333334	VGLMQLMP:0.3194444444444444	REYRKLQG:0.20833333333333334	QADVYISI:0.2361111111111111	VLRRGAVP:0.20833333333333334	TLFDNDIT:0.3055555555555556	DNVQGGAR:0.2777777777777778	AQADVYIS:0.2222222222222222	VYISIDAK:0.2222222222222222	GAVGLMQL:0.3194444444444444	LTNVHRPG:0.25	YNAGPDAV:0.3472222222222222	DNDITLAV:0.4027777777777778	EYRKLQGL:0.20833333333333334	AGAVGLMQ:0.2638888888888889	NVQGGARY:0.3333333333333333	KAESGYNP:0.3611111111111111	AVGLMQLM:0.3194444444444444	NDITLAVA:0.4027777777777778	DAKGGYVL:0.2222222222222222	ISIDAKGG:0.2222222222222222	PEDNVQGG:0.2638888888888889	VQGGARYL:0.2777777777777778	SIDAKGGY:0.2222222222222222	SGYNPKAR:0.3611111111111111	GYNPKARS:0.3611111111111111	IDAKGGYV:0.2222222222222222	LRRGAVPP:0.20833333333333334	PFAETRRY:0.3055555555555556	DVYISIDA:0.2222222222222222	LLHALIKA:0.2222222222222222	ALLHALIK:0.2222222222222222	LIKAESGY:0.2222222222222222	LHALIKAE:0.2222222222222222	HALIKAES:0.2222222222222222	ALIKAESG:0.2222222222222222	YVLSNVHR:0.2777777777777778	SYVLSNVH:0.20833333333333334	GSYVLSNV:0.20833333333333334	RQYRRLQG:0.20833333333333334	VLRQYRRL:0.20833333333333334	YRRLQGLA:0.2361111111111111	LRQYRRLQ:0.20833333333333334	AGLMQLMP:0.2777777777777778	AAGLMQLM:0.2777777777777778	KGAAGLMQ:0.2361111111111111	GAAGLMQL:0.2777777777777778	MRGLILGL:0.2916666666666667	GLILGLIW:0.2222222222222222	LILGLIWL:0.2222222222222222	RGLILGLI:0.2222222222222222	
