cluster number:382
GH23:303	GH23:303|CBM50:3
AYNAGPGN:0.6270627062706271	PPFKETQN:0.24752475247524752	LAAYNAGP:0.735973597359736	GGIPPFKE:0.3795379537953795	IPPFKETQ:0.38283828382838286	GLMQLMPS:0.5610561056105611	FKETQNYV:0.24752475247524752	QLMPSTAK:0.28052805280528054	YNAGPGNV:0.6204620462046204	PFKETQNY:0.24752475247524752	AAYNAGPG:0.7128712871287128	YGGIPPFK:0.34983498349834985	MQLMPSTA:0.570957095709571	GIPPFKET:0.3927392739273927	KYGGIPPF:0.24422442244224424	ALAAYNAG:0.8448844884488449	LMQLMPST:0.5610561056105611	GPGNVDRY:0.25742574257425743	AGPGNVDR:0.25742574257425743	PGNVDRYG:0.2508250825082508	GNVDRYGG:0.2508250825082508	VDRYGGIP:0.23432343234323433	NVDRYGGI:0.23432343234323433	DRYGGIPP:0.23432343234323433	NAGPGNVD:0.3795379537953795	LALAAYNA:0.5742574257425742	RYGGIPPF:0.24422442244224424	MGLMQLMP:0.41914191419141916	GAMGLMQL:0.41914191419141916	AMGLMQLM:0.41914191419141916	ETQNYVKK:0.20462046204620463	EGGTKYLK:0.26732673267326734	AGAMGLMQ:0.3333333333333333	GTKYLKQM:0.30363036303630364	KYGVDEKL:0.24092409240924093	TKYLKQML:0.30363036303630364	YGVDEKLI:0.24422442244224424	GGTKYLKQ:0.30363036303630364	AVIKQESG:0.264026402640264	SLALAAYN:0.24092409240924093	GVSNPLDP:0.21122112211221122	SGAGAMGL:0.23102310231023102	KAVSGAGA:0.2079207920792079	VIKQESGF:0.20132013201320131	SLGVSNPL:0.21122112211221122	GAGAMGLM:0.22772277227722773	LGVSNPLD:0.21122112211221122	GVDEKLIR:0.21122112211221122	AVSGAGAM:0.21122112211221122	IKQESGFN:0.21782178217821782	VDEKLIRA:0.2079207920792079	VSGAGAMG:0.21122112211221122	
