cluster number:521
GH23:12	GH23:12
ARVESNLN:0.25	ACSQLKGE:0.25	YNAACSQL:0.4166666666666667	RTGSYDIG:0.5	SYDIGLMQ:0.5833333333333334	AACSQLKG:0.3333333333333333	YDIGLMQI:0.5833333333333334	CSQLKGEA:0.25	SQLKGEAC:0.25	IGLMQINS:0.9166666666666666	GAYNAACS:0.3333333333333333	GLMQINSG:0.25	AYNAACSQ:0.3333333333333333	GSYDIGLM:0.5833333333333334	AWRVYRQL:0.25	RVESNLNP:0.25	QRTGSYDI:0.25	TGSYDIGL:0.5833333333333334	MQINSGHL:0.25	YAWRVYRQ:0.25	NAACSQLK:0.3333333333333333	VGAYNAAC:0.6666666666666666	LMQINSGH:0.25	DIGLMQIN:0.9166666666666666	GLMQINSR:0.5	MQINSRHL:0.3333333333333333	LMQINSRH:0.3333333333333333	QINSRHLP:0.25	GAYNAACT:0.3333333333333333	AVARTESS:0.25	LLYAVART:0.3333333333333333	LYAVARTE:0.3333333333333333	YAVARTES:0.3333333333333333	EADLYDPC:0.3333333333333333	WKVYRHLP:0.25	IREADLYD:0.25	GAWLMADS:0.25	DTAAQRYG:0.25	GIREADLY:0.25	MADSFARH:0.25	WNAVGAYN:0.3333333333333333	WDTAAQRY:0.25	ADSFARHG:0.25	NLQVGAWL:0.25	LAGFGIRE:0.25	AWKVYRHL:0.25	LMADSFAR:0.25	QLKGDACT:0.25	AACTQLKG:0.25	READLYDP:0.25	FGIREADL:0.25	ELLYAVAR:0.25	AVGAYNAA:0.4166666666666667	VGAWLMAD:0.25	LQVGAWLM:0.25	CWDTAAQR:0.25	AGFGIREA:0.25	GFGIREAD:0.25	WLMADSFA:0.25	NAVGAYNA:0.3333333333333333	YAWKVYRH:0.25	AWLMADSF:0.25	PELLYAVA:0.25	NAACTQLK:0.25	APELLYAV:0.25	QVGAWLMA:0.25	YNAACTQL:0.25	AYNAACTQ:0.25	
