cluster number:403
GH23:84	GH23:84
AGAQGLMQ:0.3333333333333333	GAQGLMQL:0.5	QGLMQLMP:0.5	LAAYNAGP:0.6785714285714286	YNAGPGNV:0.5714285714285714	AGPGNVDK:0.20238095238095238	NAGPGNVD:0.21428571428571427	LALAAYNA:0.5833333333333334	ALAAYNAG:0.7619047619047619	AYNAGPGN:0.5714285714285714	AAYNAGPG:0.6428571428571429	AQGLMQLM:0.5	GLMQLMPG:0.35714285714285715	LMQLMPGT:0.35714285714285715	MQLMPGTA:0.40476190476190477	GLMQLMPA:0.30952380952380953	MQLMPATA:0.3333333333333333	LMQLMPAT:0.30952380952380953	ETQNYVKK:0.2261904761904762	PPFKETQN:0.3333333333333333	GIPPFKET:0.4166666666666667	KYGGIPPF:0.2857142857142857	PFKETQNY:0.3333333333333333	NAGPGNVK:0.20238095238095238	AGPGNVKK:0.20238095238095238	VIKQESNF:0.20238095238095238	IPPFKETQ:0.36904761904761907	FKETQNYV:0.30952380952380953	QLMPATAR:0.23809523809523808	
