cluster number:534
GH23:22	GH23:22
SKGLMQVI:0.2727272727272727	ESGGDPRA:0.22727272727272727	PSKGLMQV:0.2727272727272727	TAIALFGT:0.22727272727272727	ALDKTGDA:0.22727272727272727	DALKEFTI:0.22727272727272727	ALKEFTIR:0.22727272727272727	TGDALKEF:0.22727272727272727	LKEFTIRG:0.3181818181818182	KTGDALKE:0.22727272727272727	LDKTGDAL:0.22727272727272727	DKTGDALK:0.22727272727272727	NTAIALFG:0.22727272727272727	GEEAFSLL:0.22727272727272727	EEAFSLLV:0.22727272727272727	EATQTAGQ:0.22727272727272727	FTKTETGR:0.22727272727272727	MRDELPEI:0.2727272727272727	ATQTAGQL:0.22727272727272727	GDALKEFT:0.22727272727272727	FFTKTETG:0.22727272727272727	SLASDGFM:0.22727272727272727	GYHAGGLA:0.22727272727272727	YFFTQTET:0.3181818181818182	FFTQTETG:0.3181818181818182	PLTNLVAG:0.2727272727272727	VIEPTYRD:0.2727272727272727	PTYRDVRN:0.2727272727272727	GAEQWRDL:0.2727272727272727	HPLTNLVA:0.2727272727272727	LLQVIEPT:0.36363636363636365	DAFEGLPD:0.3181818181818182	AEQWRDLA:0.2727272727272727	QVIEPTYR:0.3181818181818182	GLLQVIEP:0.36363636363636365	IEPTYRDV:0.2727272727272727	AFEGLPDD:0.3181818181818182	EPTYRDVR:0.2727272727272727	PDAFEGLP:0.3181818181818182	LQVIEPTY:0.3181818181818182	WPLDGWQN:0.2727272727272727	LDGWQNLD:0.2727272727272727	AELIHWPL:0.2727272727272727	SAELIHWP:0.2727272727272727	GGLLQVIE:0.22727272727272727	ELIHWPLD:0.2727272727272727	PEWTRAVG:0.22727272727272727	PSGGLLQV:0.22727272727272727	WQNLDEGR:0.2727272727272727	PLDGWQNL:0.2727272727272727	QNLDEGRP:0.2727272727272727	LIHWPLDG:0.2727272727272727	GTPSGGLL:0.22727272727272727	NNWDSNAA:0.3181818181818182	TPSGGLLQ:0.22727272727272727	HWPLDGWQ:0.2727272727272727	SGGLLQVI:0.22727272727272727	EWTRAVGG:0.22727272727272727	GWQNLDEG:0.2727272727272727	DGWQNLDE:0.2727272727272727	IHWPLDGW:0.2727272727272727	
