cluster number:178
GH23:14	GH23:14|CBM50:12
PEKATRAA:0.5	EKATRAAA:0.5	DPEKATRA:0.5	KATRAAAR:0.5	WHLALAAY:0.21428571428571427	YVPMFIAA:0.42857142857142855	TYFPMIEQ:0.2857142857142857	DPEKSTRA:0.21428571428571427	LKYLAMIE:0.42857142857142855	HLALAAYN:0.21428571428571427	PEKSTRAA:0.21428571428571427	FIAAALVA:0.21428571428571427	GDIFAFRE:0.21428571428571427	TRNYVPMF:0.2857142857142857	NYVPMFIA:0.2857142857142857	AMIESGLN:0.42857142857142855	FGDWHLAL:0.35714285714285715	RALNPELR:0.21428571428571427	DWHLALAA:0.21428571428571427	DERRDPEK:0.5	RRGDTLSE:0.35714285714285715	YLAMIESG:0.42857142857142855	RAETYFPM:0.21428571428571427	YGDIFAFR:0.21428571428571427	AVGMWQFM:0.42857142857142855	VDERRDPE:0.35714285714285715	RFRELYRS:0.21428571428571427	ETRNYVPM:0.2857142857142857	RNYVPMFI:0.2857142857142857	MFIAAALV:0.21428571428571427	PDELKYLA:0.21428571428571427	IYPYLPRE:0.21428571428571427	AETYFPMI:0.21428571428571427	VPMFIAAA:0.35714285714285715	EIAQRFGV:0.2857142857142857	SRAGAVGM:0.21428571428571427	TRAAARHL:0.5	IAQRFGVS:0.2857142857142857	AAYNAGAG:0.21428571428571427	YLPRETRN:0.35714285714285715	GDWHLALA:0.35714285714285715	LALAAYNA:0.2857142857142857	RSRAGAVG:0.21428571428571427	RGDTLSEI:0.35714285714285715	IAAALVAS:0.21428571428571427	RAGAVGMW:0.21428571428571427	RETRNYVP:0.35714285714285715	ARHLKDLY:0.21428571428571427	AYNAGAGR:0.21428571428571427	DIFAFREA:0.21428571428571427	KYLAMIES:0.42857142857142855	RRDPEKST:0.21428571428571427	PYLPRETR:0.2857142857142857	LPRETRNY:0.35714285714285715	PMFIAAAL:0.21428571428571427	AAALVASN:0.21428571428571427	ERRDPEKS:0.21428571428571427	PRETRNYV:0.35714285714285715	AAARHLKD:0.21428571428571427	ETYFPMIE:0.21428571428571427	ALAAYNAG:0.2857142857142857	GDTLSEIA:0.35714285714285715	DELKYLAM:0.21428571428571427	AGAVGMWQ:0.35714285714285715	GAVGMWQF:0.35714285714285715	LAAYNAGA:0.21428571428571427	ELKYLAMI:0.42857142857142855	LAMIESGL:0.42857142857142855	AARHLKDL:0.21428571428571427	MIESGLNP:0.5	VRRGDTLS:0.35714285714285715	YFPMIEQI:0.2857142857142857	AALVASNP:0.21428571428571427	WVDERRDP:0.35714285714285715	YPYLPRET:0.2857142857142857	RDPEKSTR:0.21428571428571427	AIAAYNCG:0.21428571428571427	EEGVPQEL:0.21428571428571427	AARHLRDL:0.2857142857142857	ARHLRDLY:0.2857142857142857	LAIAAYNC:0.21428571428571427	RRDPEKAT:0.2857142857142857	ERRDPEKA:0.2857142857142857	GYVPMFIA:0.21428571428571427	ILAEEGVP:0.21428571428571427	AWVDERRD:0.21428571428571427	NAWVDERR:0.21428571428571427	YYVRIPLG:0.21428571428571427	RDPEKATR:0.2857142857142857	VNAWVDER:0.21428571428571427	ATRAAARH:0.35714285714285715	RAAARHLR:0.21428571428571427	RVRRGETL:0.21428571428571427	HRVRRGET:0.21428571428571427	AAARHLRD:0.21428571428571427	
