cluster number:317
GH23:44	GH23:44
MQINSSWL:0.4090909090909091	GLMQINSS:0.45454545454545453	SWLPTLAR:0.2727272727272727	QINSSWLP:0.4090909090909091	WLPTLARY:0.2727272727272727	PTLARYGI:0.2727272727272727	LPTLARYG:0.2727272727272727	LMQINSSW:0.4090909090909091	AYVGAWIL:0.6363636363636364	VSAYVGAW:0.4318181818181818	SAYVGAWI:0.4318181818181818	YVGAWILA:0.38636363636363635	CVSAYVGA:0.4318181818181818	QHESGMRP:0.2727272727272727	AYNAVTPS:0.22727272727272727	IRREHLFN:0.3181818181818182	PNWKAVGA:0.3409090909090909	IAQHESGM:0.36363636363636365	AVTPSKQL:0.22727272727272727	GPNWKAVG:0.3409090909090909	SKQLVYAS:0.29545454545454547	QLVYASAI:0.29545454545454547	GAYNAVTP:0.22727272727272727	KQLVYASA:0.29545454545454547	LVYASAIY:0.29545454545454547	VTPSKQLV:0.22727272727272727	EDIGLMQI:0.6363636363636364	IGLMQINS:0.4772727272727273	PSKQLVYA:0.29545454545454547	AVGAYNAV:0.4318181818181818	VYASAIYR:0.29545454545454547	NGSEDIGL:0.3181818181818182	AQHESGMR:0.36363636363636365	GIRREHLF:0.3181818181818182	WKAVGAYN:0.7045454545454546	YNAVTPSK:0.22727272727272727	YGIRREHL:0.36363636363636365	TPSKQLVY:0.29545454545454547	NWKAVGAY:0.3409090909090909	FGPNWKAV:0.2727272727272727	KAVGAYNA:0.6136363636363636	YASAIYRR:0.3181818181818182	GSEDIGLM:0.4318181818181818	NAVTPSKQ:0.22727272727272727	VGAYNAVT:0.25	SEDIGLMQ:0.4318181818181818	DIGLMQIN:0.75	ARYGIRRE:0.22727272727272727	GAWILASN:0.4090909090909091	RRFGPNWK:0.25	IYRRFMQQ:0.25	FHRVNPRL:0.22727272727272727	LMQINTSW:0.2727272727272727	VIAQHESG:0.25	RRFMQQGR:0.25	PRLLRVIA:0.22727272727272727	RYGIRREH:0.2727272727272727	DAAAFHRV:0.25	QINTSWLP:0.2727272727272727	RVNPRLLR:0.22727272727272727	VRRFGPNW:0.25	MQINTSWL:0.2727272727272727	AAAFHRVN:0.25	YRRFMQQG:0.25	SAIYRRFM:0.25	RLLRVIAQ:0.20454545454545456	HESGMRPN:0.22727272727272727	LRVIAQHE:0.25	LFNGCVSA:0.22727272727272727	EHLFNGCV:0.22727272727272727	LDDAAAFH:0.25	TSWLPTLA:0.22727272727272727	RFGPNWKA:0.25	VGAWILAS:0.4090909090909091	ASNVRRFG:0.29545454545454547	NTSWLPTL:0.2727272727272727	ADCLDDAA:0.6590909090909091	MRPNAVNR:0.20454545454545456	REHLFNGC:0.22727272727272727	INTSWLPT:0.2727272727272727	GCVSAYVG:0.2727272727272727	RREHLFNG:0.22727272727272727	AIYRRFMQ:0.25	AAFHRVNP:0.22727272727272727	LASNVRRF:0.29545454545454547	ILASNVRR:0.29545454545454547	ESGMRPNA:0.22727272727272727	NVRRFGPN:0.25	AWILASNV:0.29545454545454547	GMRPNAVN:0.22727272727272727	ASAIYRRF:0.25	FNGCVSAY:0.22727272727272727	NPRLLRVI:0.22727272727272727	RVIAQHES:0.25	VNPRLLRV:0.22727272727272727	LARYGIRR:0.25	RADCLDDA:0.36363636363636365	AFHRVNPR:0.20454545454545456	IGLMQINT:0.2727272727272727	LLRVIAQH:0.25	NGCVSAYV:0.2727272727272727	CLDDAAAF:0.2727272727272727	GLMQINTS:0.2727272727272727	DCLDDAAA:0.38636363636363635	TLARYGIR:0.20454545454545456	SGMRPNAV:0.22727272727272727	DDAAAFHR:0.25	HLFNGCVS:0.22727272727272727	RPNAVNRN:0.20454545454545456	HRVNPRLL:0.22727272727272727	SNVRRFGP:0.29545454545454547	WILASNVR:0.29545454545454547	GTEDIGLM:0.20454545454545456	TEDIGLMQ:0.20454545454545456	ARADCLDD:0.22727272727272727	NAYVGAWI:0.20454545454545456	TWKAVGAY:0.2727272727272727	GPTWKAVG:0.25	PTWKAVGA:0.25	FGPTWKAV:0.25	
