cluster number:243
GH23:7	GH23:7
FAISHAGA:0.2857142857142857	ARGLMQVM:0.5714285714285714	ISHAGARG:0.2857142857142857	ELVLAVIE:0.5714285714285714	FWLKEIGR:0.2857142857142857	LKEIGRPG:0.2857142857142857	QVMPFWLK:0.2857142857142857	WLKEIGRP:0.2857142857142857	IEVESNFD:0.2857142857142857	AGARGLMQ:0.8571428571428571	PELVLAVI:0.8571428571428571	TILRYYLD:0.2857142857142857	GRPGDSLF:0.2857142857142857	PFWLKEIG:0.5714285714285714	ALARYNGS:0.7142857142857143	GLMQVMPF:0.5714285714285714	EIGRPGDS:0.2857142857142857	DRFEAEVW:0.2857142857142857	RGLMQVMP:0.5714285714285714	MPFWLKEI:0.5714285714285714	LAVIEVES:0.5714285714285714	VIEVESNF:0.5714285714285714	CTILRYYL:0.2857142857142857	VMPFWLKE:0.2857142857142857	AISHAGAR:0.2857142857142857	GARGLMQV:0.5714285714285714	LPPELVLA:0.7142857142857143	SHAGARGL:0.2857142857142857	GCTILRYY:0.2857142857142857	MQVMPFWL:0.42857142857142855	HAGARGLM:0.2857142857142857	IGRPGDSL:0.2857142857142857	KEIGRPGD:0.2857142857142857	VLAVIEVE:0.5714285714285714	LVLAVIEV:0.5714285714285714	PPELVLAV:0.7142857142857143	RFEAEVWL:0.2857142857142857	RPGDSLFR:0.2857142857142857	AVIEVESN:0.5714285714285714	LMQVMPFW:0.5714285714285714	MQIMPFWL:0.42857142857142855	GLMQIMPF:0.42857142857142855	RFGCTILR:0.5714285714285714	NLRFGCTI:0.7142857142857143	TNLRFGCT:0.7142857142857143	LRFGCTIL:0.7142857142857143	RADLPPEL:0.2857142857142857	DLPPELVL:0.2857142857142857	LMQIMPFW:0.42857142857142855	ADLPPELV:0.2857142857142857	YAISVAGA:0.2857142857142857	VESNFDRF:0.2857142857142857	NFDRFAIS:0.2857142857142857	SNFDRFAI:0.2857142857142857	ESNFDRFA:0.2857142857142857	RALARYNG:0.5714285714285714	AISEAGAR:0.42857142857142855	FWLKEIGH:0.2857142857142857	WLKEIGHK:0.2857142857142857	EKGDLTRA:0.2857142857142857	DNLMDIAT:0.2857142857142857	SNFNRFAI:0.2857142857142857	RYINREKG:0.2857142857142857	REKGDLTR:0.2857142857142857	FNRFAISE:0.2857142857142857	TILRRYIN:0.2857142857142857	LTRALARY:0.42857142857142855	GHKEDNLM:0.2857142857142857	ESNFNRFA:0.2857142857142857	GDLTRALA:0.2857142857142857	HKEDNLMD:0.2857142857142857	EIGHKEDN:0.2857142857142857	EDNLMDIA:0.2857142857142857	DLTRALAR:0.2857142857142857	FAISEAGA:0.42857142857142855	EAGARGLM:0.42857142857142855	NRFAISEA:0.2857142857142857	HAQVWLLD:0.42857142857142855	GARGLMQI:0.2857142857142857	ILRRYINR:0.2857142857142857	ARYNGSIG:0.42857142857142855	KEDNLMDI:0.2857142857142857	KGDLTRAL:0.2857142857142857	NLMDIATN:0.2857142857142857	NFNRFAIS:0.2857142857142857	LRLAHREA:0.2857142857142857	GCTILRRY:0.2857142857142857	FGCTILRR:0.2857142857142857	ATNLRFGC:0.42857142857142855	DIATNLRF:0.42857142857142855	IMPFWLKE:0.2857142857142857	RFAISEAG:0.42857142857142855	LKEIGHKE:0.2857142857142857	SEAGARGL:0.42857142857142855	YINREKGD:0.2857142857142857	ISEAGARG:0.42857142857142855	KEIGHKED:0.2857142857142857	IGHKEDNL:0.2857142857142857	QVWLLDME:0.42857142857142855	QIMPFWLK:0.2857142857142857	NREKGDLT:0.2857142857142857	FHAQVWLL:0.42857142857142855	RYNGSIGK:0.42857142857142855	IEVESNFN:0.2857142857142857	TRALARYN:0.42857142857142855	RRYINREK:0.2857142857142857	VESNFNRF:0.2857142857142857	CTILRRYI:0.2857142857142857	ARGLMQIM:0.2857142857142857	LAPELVLA:0.2857142857142857	LRRYINRE:0.2857142857142857	LMDIATNL:0.2857142857142857	INREKGDL:0.2857142857142857	IATNLRFG:0.42857142857142855	MDIATNLR:0.2857142857142857	RGLMQIMP:0.2857142857142857	AQVWLLDM:0.42857142857142855	EVESNFNR:0.2857142857142857	LARYNGSI:0.42857142857142855	GKKDGFKD:0.2857142857142857	KDRFHAQV:0.2857142857142857	RFHAQVWL:0.2857142857142857	VWLLDMEY:0.2857142857142857	KDGFKDRF:0.2857142857142857	DRFHAQVW:0.2857142857142857	DGFKDRFH:0.2857142857142857	WLLDMEYR:0.2857142857142857	FKDRFHAQ:0.2857142857142857	GFKDRFHA:0.2857142857142857	
