cluster number:354
GH23:30	GH23:30
CSAWGHSQ:0.3333333333333333	ESGWNYQA:0.4	ATQIAWGL:0.26666666666666666	NAATQIAW:0.23333333333333334	SGWNYQAY:0.23333333333333334	GATGIPQA:0.6666666666666666	GIPQALPG:0.6666666666666666	QTNAATQI:0.3	NTPDGARA:0.23333333333333334	TGIPQALP:0.6666666666666666	GSKMASAG:0.43333333333333335	LPGSKMAS:0.6666666666666666	GTPCSAWG:0.36666666666666664	GGATGIPQ:0.36666666666666664	QALPGSKM:0.6666666666666666	PDGARATA:0.23333333333333334	KESGWNYQ:0.3	TPDGARAT:0.2	AAAAAALA:0.2	IPQALPGS:0.6666666666666666	TNAATQIA:0.2	ALPGSKMA:0.6666666666666666	QFSCLNSL:0.2	WQTNAATQ:0.3	YGTPCSAW:0.43333333333333335	AATQIAWG:0.26666666666666666	PGSKMASA:0.43333333333333335	PQALPGSK:0.6666666666666666	PCSAWGHS:0.36666666666666664	SAPAAGAE:0.2	DWQTNAAT:0.3	GWNYQAYN:0.23333333333333334	ANTPDGAR:0.23333333333333334	TPCSAWGH:0.36666666666666664	FSCLNSLW:0.2	AAAAAAAL:0.2	ATGIPQAL:0.6666666666666666	TKESGWNY:0.23333333333333334	AAAAQAAA:0.23333333333333334	WTKESGWN:0.23333333333333334	LPGSKMAT:0.2	SGATGIPQ:0.5333333333333333	SLWTKESG:0.2	LWTKESGW:0.26666666666666666	YGTPCAAW:0.26666666666666666	YGWGADQF:0.2	YGWGDDQF:0.2	KMASAGSD:0.26666666666666666	MASAGSDW:0.26666666666666666	SKMASAGS:0.26666666666666666	AWGHSQSV:0.23333333333333334	LWQKESGW:0.3333333333333333	SAWGHSQS:0.2	SSGATGIP:0.3333333333333333	GHSQSVNW:0.2	HSQSVNWY:0.3	WGHSQSVN:0.2	GIPQSLPG:0.26666666666666666	GATGIPQS:0.23333333333333334	ATGIPQSL:0.23333333333333334	TGIPQSLP:0.23333333333333334	PQSLPGSK:0.26666666666666666	SLPGSKMA:0.26666666666666666	QSLPGSKM:0.26666666666666666	IPQSLPGS:0.23333333333333334	
