cluster number:528
GH23:6	GH23:6
TIPPFAQT:0.3333333333333333	LTHYGKFR:0.3333333333333333	PEQNLRGG:0.3333333333333333	LAVLSREI:0.3333333333333333	RFDSLVLA:0.3333333333333333	GLMQLMPL:0.5	DPEQNLRG:0.3333333333333333	RYVQKVLT:0.3333333333333333	AVLSREIE:0.3333333333333333	GTIPPFAQ:0.3333333333333333	MQLMPLTA:0.5	FDSLVLAL:0.3333333333333333	VLSREIER:0.3333333333333333	EQNLRGGA:0.3333333333333333	YVQKVLTH:0.3333333333333333	VQKVLTHY:0.3333333333333333	LMQLMPLT:0.5	QKVLTHYG:0.3333333333333333	DLAVLSRE:0.3333333333333333	TGAVGLMQ:0.3333333333333333	VLTHYGKF:0.3333333333333333	KVLTHYGK:0.3333333333333333	LSAYNAGP:0.3333333333333333	SGAIGLMQ:0.3333333333333333	KSGAIGLM:0.3333333333333333	SKSGAIGL:0.3333333333333333	AIGLMQLM:0.3333333333333333	SAYNAGPT:0.3333333333333333	GAIGLMQL:0.3333333333333333	LALSAYNA:0.3333333333333333	ALSAYNAG:0.3333333333333333	QLMPLTAA:0.3333333333333333	
