cluster number:371
GH23:89	GH23:89|CBM50:16
TQIAAATV:0.21348314606741572	GERTVTRK:0.20224719101123595	SINTGNGF:0.20224719101123595	VWDQLAQC:0.4157303370786517	TVFTQIAA:0.21348314606741572	LAQCESGG:0.3707865168539326	GSVWDQLA:0.24719101123595505	ASLAVGGV:0.21348314606741572	QLAQCESG:0.21348314606741572	SVWDQLAQ:0.38202247191011235	WGAWPACT:0.7528089887640449	DVVTPKII:0.21348314606741572	FTQIAAAT:0.21348314606741572	WDQLAQCE:0.42696629213483145	WSINTGNG:0.23595505617977527	LDVVTPKI:0.21348314606741572	VRTSKQVS:0.21348314606741572	DQLAQCES:0.3595505617977528	REQQIAIA:0.25842696629213485	AAQGWGAW:0.5393258426966292	GAWPACTA:0.42696629213483145	AWPACTAK:0.2247191011235955	ATREQQIA:0.5393258426966292	KTVFTQIA:0.21348314606741572	RTSKQVSV:0.21348314606741572	QCESGGNW:0.38202247191011235	QGWGAWPA:0.8202247191011236	VFTQIAAA:0.21348314606741572	AQCESGGN:0.38202247191011235	GWGAWPAC:0.8202247191011236	AQGWGAWP:0.5393258426966292	LATREQQI:0.29213483146067415	TREQQIAI:0.21348314606741572	VVTPKIIS:0.21348314606741572	SGGLQFTP:0.33707865168539325	FSGGLQFT:0.5955056179775281	TREQQIAV:0.3258426966292135	EQQIAVAE:0.3595505617977528	QIAVAEKV:0.20224719101123595	LQFTPSTW:0.33707865168539325	GNGFSGGL:0.7191011235955056	HLATREQQ:0.21348314606741572	GFSGGLQF:0.7191011235955056	NWAINTGN:0.4606741573033708	GLQFTPST:0.33707865168539325	PLRLATGG:0.43820224719101125	GGLQFTPS:0.33707865168539325	AHLATREQ:0.21348314606741572	GGNWAINT:0.23595505617977527	INTGNGFS:0.5842696629213483	WAINTGNG:0.4606741573033708	TGNGFSGG:0.6966292134831461	NGFSGGLQ:0.7191011235955056	REQQIAVA:0.5056179775280899	NTGNGFSG:0.6629213483146067	AINTGNGF:0.4157303370786517	GNWAINTG:0.4606741573033708	KVQAAQGW:0.43820224719101125	TGNWAINT:0.2247191011235955	QCESTGNW:0.23595505617977527	CESTGNWA:0.20224719101123595	AQCESTGN:0.23595505617977527	VQAAQGWG:0.48314606741573035	ESTGNWAI:0.20224719101123595	QAAQGWGA:0.48314606741573035	STGNWAIN:0.20224719101123595	LQFTDSTW:0.2247191011235955	QFTDSTWA:0.21348314606741572	TWAGFGGT:0.21348314606741572	ASQGWGAW:0.21348314606741572	FGGTAYAP:0.20224719101123595	LATGGVLA:0.25842696629213485	GAWPACTS:0.3258426966292135	RLATGGVL:0.3146067415730337	LRLATGGV:0.3146067415730337	SGGLQFTD:0.23595505617977527	GGLQFTDS:0.2247191011235955	AWPACTSK:0.30337078651685395	SQGWGAWP:0.21348314606741572	GLQFTDST:0.2247191011235955	STWAGFGG:0.21348314606741572	EKVQAAQG:0.2808988764044944	ASREQQIA:0.2247191011235955	AEKVQAAQ:0.2808988764044944	QFTPSTWA:0.24719101123595505	CESGGNWA:0.25842696629213485	ESGGNWAI:0.21348314606741572	SGGNWAIN:0.20224719101123595	AWPACTAS:0.20224719101123595	
