cluster number:401
GH23:154	GH23:154|CBM50:24
ATVQDQVN:0.22727272727272727	LFQTMPGW:0.922077922077922	AQMAAATG:0.4675324675324675	WGSTATVQ:0.33116883116883117	EHIIARES:0.35714285714285715	TVQDQVNS:0.22077922077922077	TWEHIIAR:0.35714285714285715	VPQSTWEH:0.23376623376623376	AATGVPQS:0.35714285714285715	VQDQVNSA:0.22077922077922077	NASGASGL:0.42207792207792205	QTMPGWGS:0.7467532467532467	AQGLSAWG:0.5909090909090909	IARESNGN:0.3181818181818182	MPGWGSTA:0.6883116883116883	QSTWEHII:0.23376623376623376	TGVPQSTW:0.4155844155844156	ASGLFQTM:0.8766233766233766	SGLFQTMP:0.8831168831168831	ATGVPQST:0.35714285714285715	QGLSAWGY:0.43506493506493504	SGASGLFQ:0.8701298701298701	ARESNGNP:0.3181818181818182	STWEHIIA:0.35064935064935066	GSTATVQD:0.34415584415584416	MAAATGVP:0.4155844155844156	GLFQTMPG:0.922077922077922	STATVQDQ:0.34415584415584416	IIARESNG:0.987012987012987	PGWGSTAT:0.6883116883116883	HIIARESN:0.35714285714285715	TMPGWGST:0.7467532467532467	GASGLFQT:0.8701298701298701	GWGSTATV:0.6818181818181818	TATVQDQV:0.22727272727272727	AAATGVPQ:0.4090909090909091	WEHIIARE:0.35714285714285715	AAQMAAAT:0.4675324675324675	ASGASGLF:0.4155844155844156	AAAQMAAA:0.461038961038961	FQTMPGWG:0.9415584415584416	GVPQSTWE:0.4155844155844156	PQSTWEHI:0.23376623376623376	QMAAATGV:0.4805194805194805	ANASGASG:0.2597402597402597	VRLSNGNT:0.22077922077922077	KAYKAQGL:0.2012987012987013	SNGNTAGA:0.3961038961038961	NPSGASGL:0.3051948051948052	PSGASGLF:0.3051948051948052	VNAYNPSG:0.22727272727272727	RESNGQVN:0.2987012987012987	QVNAYNPS:0.22727272727272727	SNGQVNAY:0.2532467532467532	AIIARESN:0.38961038961038963	IARESNGQ:0.4935064935064935	NTAGATGS:0.24675324675324675	SSVRLSNG:0.22077922077922077	RLSNGNTA:0.22077922077922077	RTGVSAST:0.2012987012987013	NGNTAGAT:0.2662337662337662	GNTAGATG:0.2662337662337662	ESNGQVNA:0.2987012987012987	LSNGNTAG:0.577922077922078	NGQVNAYN:0.2532467532467532	YNPSGASG:0.23376623376623376	ARESNGQV:0.38961038961038963	GQVNAYNP:0.22727272727272727	AYNPSGAS:0.23376623376623376	SSSVRLSN:0.22077922077922077	GAYDIHFV:0.2012987012987013	NAYNPSGA:0.23376623376623376	SVRLSNGN:0.22077922077922077	TGVSASTW:0.24025974025974026	VVLSNGNT:0.2012987012987013	WGSTATVE:0.2532467532467532	RESNGNPN:0.2792207792207792	GSTATVED:0.2532467532467532	STATVEDQ:0.2532467532467532	VLSNGNTA:0.3181818181818182	KAQGLSAW:0.2012987012987013	WEAIIARE:0.2077922077922078	NAQGLSAW:0.24675324675324675	AYNAQGLS:0.23376623376623376	EAIIARES:0.2077922077922078	YNAQGLSA:0.23376623376623376	TWEAIIAR:0.2077922077922078	
