cluster number:463
GH23:17	GH23:17
MLAGYNAG:0.4117647058823529	YGGVPPYA:0.23529411764705882	QQYGGVPP:0.23529411764705882	VSPPGPGG:0.29411764705882354	GVPPYAET:0.23529411764705882	PPYAETQN:0.23529411764705882	LMLAGYNA:0.35294117647058826	GAVQQYGG:0.23529411764705882	YAETQNYV:0.23529411764705882	GGVPPYAE:0.23529411764705882	VPPYAETQ:0.23529411764705882	PYAETQNY:0.23529411764705882	AVQQYGGV:0.23529411764705882	VQQYGGVP:0.23529411764705882	QYGGVPPY:0.23529411764705882	STVYGHMF:0.23529411764705882	VTAGQHIA:0.29411764705882354	DHPSGRAV:0.29411764705882354	TQNHFDHV:0.47058823529411764	IGGWRADG:0.29411764705882354	PTQNHFDH:0.4117647058823529	HPSGRAVD:0.29411764705882354	GNDGQSTG:0.23529411764705882	GGWRADGG:0.29411764705882354	QNHFDHVH:0.47058823529411764	GWRADGGG:0.29411764705882354	GSPTQNHF:0.35294117647058826	LMEDRGSP:0.23529411764705882	DHPSGRAA:0.29411764705882354	MEDRGSPT:0.35294117647058826	HPSGRAAD:0.29411764705882354	HFDHVHVT:0.5294117647058824	RAADIMIP:0.35294117647058826	RVTAGQHI:0.23529411764705882	SPTQNHFD:0.35294117647058826	PDHPSGRA:0.29411764705882354	SGRAADIM:0.29411764705882354	FDHVHVTT:0.23529411764705882	RGSPTQNH:0.4117647058823529	GRAADIMI:0.4117647058823529	DRGSPTQN:0.4117647058823529	NLMEDRGS:0.23529411764705882	PSGRAADI:0.29411764705882354	NHFDHVHV:0.5294117647058824	EDRGSPTQ:0.35294117647058826	DDHPSGRA:0.29411764705882354	TIGGWRPV:0.23529411764705882	STGAHLHF:0.35294117647058826	IGGWRPVD:0.29411764705882354	TGAHLHFE:0.35294117647058826	GAHLHFEV:0.5294117647058824	PAGAGDPN:0.23529411764705882	GPAGAGDP:0.23529411764705882	AGYNAGPG:0.47058823529411764	ASGFGNWI:0.23529411764705882	FDHVHVTV:0.23529411764705882	PASGFGNW:0.23529411764705882	LAGYNAGP:0.47058823529411764	YNAGPGAV:0.5294117647058824	AGPGAVQQ:0.23529411764705882	IEYMIWRQ:0.23529411764705882	GPASGFGN:0.23529411764705882	QSTGAHLH:0.23529411764705882	IPPYAETQ:0.23529411764705882	GQSTGAHL:0.23529411764705882	WRADGGGF:0.23529411764705882	GIPPYAET:0.23529411764705882	NAGPGAVQ:0.35294117647058826	AGPASGFG:0.35294117647058826	GYNAGPGA:0.47058823529411764	GGIPPYAE:0.23529411764705882	QFMPGTWA:0.23529411764705882	HFEVWEGG:0.23529411764705882	PPGPGGAH:0.23529411764705882	GEVSPPGP:0.23529411764705882	AHLHFEVW:0.29411764705882354	GGAHLHFE:0.23529411764705882	PGPGGAHL:0.23529411764705882	LHFEVWEG:0.23529411764705882	GYNGEVSP:0.23529411764705882	GPGGAHLH:0.23529411764705882	HLHFEVWE:0.23529411764705882	PGGAHLHF:0.23529411764705882	EVSPPGPG:0.23529411764705882	YNGEVSPP:0.23529411764705882	NGEVSPPG:0.23529411764705882	
