cluster number:564
GH23:29	GH23:29
GLMQINST:0.20689655172413793	LMQINSTH:0.20689655172413793	LGSYNAGF:0.9655172413793104	RDFGLMQI:0.3448275862068966	GSYNAGFA:0.7241379310344828	SRDFGLMQ:0.3448275862068966	VTSRDFGL:0.2413793103448276	GAWILARH:0.5517241379310345	CLGSYNAG:0.9655172413793104	TSRDFGLM:0.27586206896551724	AWILARHL:0.5172413793103449	DFGLMQIN:0.5862068965517241	FGLMQINS:0.3793103448275862	RRMIYARK:0.2413793103448276	SYNAGFAD:0.3793103448275862	TDFGLMQI:0.2413793103448276	GVIRSKED:0.2413793103448276	AGKVLSTD:0.2413793103448276	QAAGLRYQ:0.2413793103448276	LNPRAINH:0.20689655172413793	HRRIKYAR:0.2413793103448276	KYARQVYR:0.2413793103448276	ARQVYRRY:0.2413793103448276	WILARHLN:0.20689655172413793	RYQQLRSQ:0.2413793103448276	YRRYQQLR:0.2413793103448276	MAIQESGL:0.2413793103448276	DLLSNACL:0.2413793103448276	QTGAWILA:0.2413793103448276	AAALCFQA:0.2413793103448276	SCLGSYNA:0.27586206896551724	YQQLRSQR:0.2413793103448276	YARQVYRR:0.2413793103448276	GLNPRAIN:0.27586206896551724	NVQTGAWI:0.2413793103448276	QHRRIKYA:0.20689655172413793	QESGLNPR:0.3103448275862069	LNVQTGAW:0.2413793103448276	AMAIQESG:0.2413793103448276	RRIKYARQ:0.2413793103448276	AIQESGLN:0.2413793103448276	IKYARQVY:0.2413793103448276	LMQINSLH:0.2413793103448276	HWSCLGSY:0.20689655172413793	VLSTDFGL:0.2413793103448276	FLLLTLSG:0.20689655172413793	LLSNACLN:0.2413793103448276	LCFQAAGL:0.2413793103448276	ALCFQAAG:0.2413793103448276	WSCLGSYN:0.27586206896551724	VIRSKEDL:0.2413793103448276	LKTLGVIR:0.2413793103448276	NKAGKVLS:0.2413793103448276	MQINSLHI:0.2413793103448276	SNACLNVQ:0.2413793103448276	RRYQQLRS:0.2413793103448276	GLMQINSL:0.2413793103448276	KEDLLSNA:0.2413793103448276	NKNKAGKV:0.20689655172413793	LGVIRSKE:0.2413793103448276	SKEDLLSN:0.2413793103448276	KNKAGKVL:0.20689655172413793	SGLNPRAI:0.27586206896551724	STDFGLMQ:0.2413793103448276	NNQHRRIK:0.20689655172413793	IQESGLNP:0.2413793103448276	KAGKVLST:0.2413793103448276	QVYRRYQQ:0.2413793103448276	RQVYRRYQ:0.2413793103448276	LSNACLNV:0.2413793103448276	NQHRRIKY:0.20689655172413793	TGAWILAR:0.20689655172413793	VYRRYQQL:0.2413793103448276	CFQAAGLR:0.2413793103448276	QINSLHIP:0.2413793103448276	RIKYARQV:0.2413793103448276	ESGLNPRA:0.3103448275862069	NPRAINHN:0.20689655172413793	CLNVQTGA:0.2413793103448276	TLGVIRSK:0.2413793103448276	VQTGAWIL:0.2413793103448276	LSTDFGLM:0.2413793103448276	RSKEDLLS:0.2413793103448276	IRSKEDLL:0.2413793103448276	HNKNKAGK:0.20689655172413793	AALCFQAA:0.2413793103448276	GKVLSTDF:0.2413793103448276	KTLGVIRS:0.2413793103448276	KVLSTDFG:0.2413793103448276	EDLLSNAC:0.2413793103448276	FQAAGLRY:0.2413793103448276	AWILAKHL:0.20689655172413793	NVQIGAWI:0.3793103448275862	LMQINDRH:0.2413793103448276	QCLGSYNA:0.3793103448275862	LNVQIGAW:0.3793103448275862	AFCFNEAG:0.3103448275862069	VQIGAWIL:0.3793103448275862	VNWQCLGS:0.20689655172413793	CGVNWQCL:0.20689655172413793	CLNVQIGA:0.3793103448275862	AQAFCFNE:0.27586206896551724	GLMQINDR:0.2413793103448276	IGAWILAK:0.20689655172413793	QIGAWILA:0.4482758620689655	GAWILAKH:0.20689655172413793	QAFCFNEA:0.3103448275862069	FGLMQIND:0.20689655172413793	WQCLGSYN:0.3793103448275862	FCFNEAGA:0.2413793103448276	NWQCLGSY:0.20689655172413793	GVNWQCLG:0.20689655172413793	PVLLEAMA:0.20689655172413793	DPVLLEAM:0.20689655172413793	IGAWILAR:0.20689655172413793	
