cluster number:215
GH23:6	GH23:6
KPETAEFV:0.3333333333333333	VESEFRNV:0.6666666666666666	MQIKPETA:0.6666666666666666	ESEFRNVV:0.3333333333333333	SEFRNVVG:0.3333333333333333	QIKPETAE:0.3333333333333333	IKPETAEF:0.3333333333333333	EFRNVVGM:0.3333333333333333	GSYYLKYL:0.5	YYLKYLYD:0.5	FVANYYNL:0.3333333333333333	TSVIIVES:0.3333333333333333	KLNIKIGS:0.5	RILWDFKL:0.5	ITSVIIVE:0.5	IIVESEFR:0.3333333333333333	GMMQIKPE:0.5	EGWTRILW:0.3333333333333333	VKHYNGGI:0.3333333333333333	NIKIGSYY:0.5	IVESEFRN:0.3333333333333333	KPKEGWTR:0.3333333333333333	TADFVANY:0.3333333333333333	PETADFVA:0.3333333333333333	LKYLYDKF:0.5	HYNGGIYK:0.3333333333333333	EFRNVIGM:0.3333333333333333	IENAILDA:0.3333333333333333	LWDFKLNI:0.5	LDPLLITS:0.3333333333333333	LGMMQIKP:0.5	KHYNGGIY:0.3333333333333333	ELGMMQIK:0.5	FKLNIKIG:0.5	QIKPETAD:0.3333333333333333	KYLYDKFG:0.3333333333333333	KEGWTRIL:0.3333333333333333	ESEFRNVI:0.3333333333333333	SVIIVESE:0.3333333333333333	YNGGIYKE:0.3333333333333333	ILWDFKLN:0.5	ADFVANYY:0.3333333333333333	VIIVESEF:0.3333333333333333	DPLLITSV:0.5	MMQIKPET:0.5	GELGMMQI:0.5	KPETADFV:0.3333333333333333	SYYLKYLY:0.5	ALPGEWFR:0.3333333333333333	AVKHYNGG:0.5	LNIKIGSY:0.5	SEFRNVIG:0.3333333333333333	YGELGMMQ:0.3333333333333333	ILDASKET:0.5	KIGSYYLK:0.5	IKIGSYYL:0.5	LLITSVII:0.5	TRILWDFK:0.3333333333333333	WTRILWDF:0.3333333333333333	IKPETADF:0.3333333333333333	PKEGWTRI:0.3333333333333333	YLKYLYDK:0.5	DFVANYYN:0.3333333333333333	LDASKETG:0.3333333333333333	WDFKLNIK:0.5	AILDASKE:0.5	PLLITSVI:0.5	LITSVIIV:0.5	GWTRILWD:0.3333333333333333	DFKLNIKI:0.5	IGSYYLKY:0.5	ETADFVAN:0.3333333333333333	NAILDASK:0.3333333333333333	ENAILDAS:0.3333333333333333	GELGLVQI:0.3333333333333333	ALELYNGG:0.3333333333333333	LGLVQIKP:0.3333333333333333	ELGLVQIK:0.3333333333333333	KALELYNG:0.3333333333333333	LELYNGGS:0.3333333333333333	
