cluster number:169
GH23:204	GH23:204
ARGLMQVM:0.21568627450980393	GCTILRHY:0.43137254901960786	LGRYNGSL:0.25980392156862747	RYGCTILR:0.47549019607843135	ILRHYLDR:0.22549019607843138	CTILRHYL:0.3137254901960784	GRYNGSLG:0.25980392156862747	VLGLIQVE:0.46568627450980393	GLMQVMPF:0.3235294117647059	LRHYLDRE:0.22549019607843138	RGLMQVMP:0.21568627450980393	LIQVESGF:0.28921568627450983	LGLIQVES:0.49019607843137253	RALGRYNG:0.25980392156862747	GARGLMQV:0.2107843137254902	ALGRYNGS:0.7696078431372549	NLRYGCTI:0.47058823529411764	TNLRYGCT:0.27450980392156865	LRYGCTIL:0.47549019607843135	GLIQVESG:0.29901960784313725	TILRHYLD:0.30392156862745096	YGCTILRH:0.4117647058823529	LMQVMPFW:0.3235294117647059	RTNLRYGC:0.25980392156862747	HMQTNLRF:0.28431372549019607	MALGRYNG:0.2107843137254902	VMPFWTRV:0.20098039215686275	TNLRFGCV:0.30392156862745096	RYNGSRGR:0.28921568627450983	LFHMQTNL:0.31862745098039214	LGRYNGSR:0.5980392156862745	FGCVILRH:0.30392156862745096	GRYNGSRG:0.5980392156862745	GCVILRHY:0.3284313725490196	KLFHMQTN:0.27450980392156865	QTNLRFGC:0.30392156862745096	QVMPFWTR:0.3137254901960784	LRFGCVIL:0.30392156862745096	MQVMPFWT:0.3872549019607843	ARGYMQVM:0.4019607843137255	RGYMQVMP:0.4019607843137255	GYMQVMPF:0.47058823529411764	NLRFGCVI:0.3137254901960784	FLQTVWYE:0.20588235294117646	FHMQTNLR:0.31862745098039214	MQTNLRFG:0.29411764705882354	GARGYMQV:0.4019607843137255	RFGCVILR:0.30392156862745096	YMQVMPFW:0.47058823529411764	VGARGYMQ:0.24509803921568626	PNAVLAAW:0.20588235294117646	LALGRYNG:0.2696078431372549	YPNAVLAA:0.21568627450980393	YEAKRAGL:0.2107843137254902	LVLGLIQV:0.3627450980392157	VILRHYLD:0.22058823529411764	CVILRHYL:0.27450980392156865	AGARGYMQ:0.23529411764705882	
