cluster number:390
GH23:11	GH23:11
DACYGDIY:0.45454545454545453	ACYGDIYY:0.8181818181818182	MMQESGGR:0.7272727272727273	DPMQASES:0.6363636363636364	MQESGGRG:0.7272727272727273	CYGDIYYV:0.8181818181818182	RGNDPMQA:0.2727272727272727	QGVYYFSK:0.36363636363636365	ELAVQAYN:0.2727272727272727	GRGNDPMQ:0.2727272727272727	QESGGRGN:0.2727272727272727	MMMQESGG:0.45454545454545453	AMMMQESG:0.45454545454545453	ESGGRGND:0.2727272727272727	KEKYRCLR:0.45454545454545453	GNDPMQAS:0.2727272727272727	KQGVYYFS:0.6363636363636364	EACYGDIY:0.2727272727272727	GGRGNDPM:0.2727272727272727	SIKQGVYY:0.6363636363636364	VYYFSKTL:0.2727272727272727	IKQGVYYF:0.6363636363636364	LEACYGDI:0.2727272727272727	EKYRCLRE:0.2727272727272727	YNFGRGFI:0.36363636363636365	AVQAYNFG:0.2727272727272727	VSIKQGVY:0.2727272727272727	NDPMQASE:0.2727272727272727	SGGRGNDP:0.2727272727272727	LLAMMMQE:0.45454545454545453	LAVQAYNF:0.2727272727272727	LAMMMQES:0.5454545454545454	GVYYFSKT:0.2727272727272727	ELDACYGD:0.36363636363636365	SYCGERNC:0.2727272727272727	LDACYGDI:0.36363636363636365	PELSIKQG:0.2727272727272727	AIQSYNFG:0.2727272727272727	GERNCIKD:0.2727272727272727	ERNCIKDP:0.2727272727272727	KYRCLREG:0.2727272727272727	YCGERNCI:0.2727272727272727	CGERNCIK:0.2727272727272727	SESYCGER:0.45454545454545453	ESYCGERN:0.2727272727272727	ELSIKQGV:0.2727272727272727	DPMQSSES:0.2727272727272727	PDKEKYRC:0.2727272727272727	DKEKYRCL:0.2727272727272727	MQASESYC:0.2727272727272727	DPDKEKYR:0.2727272727272727	QASESYCG:0.2727272727272727	PMQASESY:0.2727272727272727	ASESYCGE:0.2727272727272727	QSYNFGKG:0.2727272727272727	
