cluster number:630
GH23:61	GH23:61
YGVDANGD:0.47540983606557374	GYGVDANG:0.47540983606557374	YGGYGVDA:0.6065573770491803	AVFSAANY:0.21311475409836064	VFSAANYL:0.21311475409836064	GVDANGDG:0.47540983606557374	GGYGVDAN:0.5409836065573771	DAVFSAAN:0.21311475409836064	EDAVFSAA:0.2459016393442623	MQFMPCTF:0.45901639344262296	LAAHHRVE:0.21311475409836064	FSAANYLS:0.26229508196721313	KYGGYGVD:0.5409836065573771	KKYGGYGV:0.2459016393442623	FMPCTFVG:0.6229508196721312	QFMPCTFV:0.6229508196721312	MPCTFVGW:0.6229508196721312	IKKYGGYG:0.26229508196721313	AAHHRVET:0.21311475409836064	IPWTLLAA:0.3442622950819672	HMQFMPCT:0.3442622950819672	GHMQFMPC:0.3442622950819672	IETRFSTM:0.2459016393442623	TLLAAHHR:0.5245901639344263	HRIETRFS:0.3770491803278688	PWTLLAAH:0.5573770491803278	ANGDGIAD:0.26229508196721313	LAAHHRIE:0.4426229508196721	RIETRFST:0.3442622950819672	LLAAHHRI:0.4426229508196721	AHHRIETR:0.3442622950819672	NGDGIADP:0.3770491803278688	WTLLAAHH:0.5573770491803278	HHRIETRF:0.3442622950819672	AAHHRIET:0.4426229508196721	DANGDGIA:0.26229508196721313	VDANGDGI:0.22950819672131148	GAEGHMQF:0.26229508196721313	SPVGAEGH:0.36065573770491804	AEGHMQFM:0.26229508196721313	PLLSPVGA:0.22950819672131148	TFVGWSHP:0.21311475409836064	LSPVGAEG:0.22950819672131148	EGHMQFMP:0.26229508196721313	STMDPLLS:0.2459016393442623	DPLLSPVG:0.21311475409836064	FSTMDPLL:0.2459016393442623	MDPLLSPV:0.21311475409836064	PCTFVGWS:0.26229508196721313	TMDPLLSP:0.2459016393442623	LLSPVGAE:0.22950819672131148	CTFVGWSH:0.21311475409836064	GDGIADPY:0.26229508196721313	YGVPWTLL:0.21311475409836064	GVPWTLLA:0.21311475409836064	VPWTLLAA:0.26229508196721313	HLQFMPCT:0.21311475409836064	GHLQFMPC:0.21311475409836064	GAEGHLQF:0.21311475409836064	EGHLQFMP:0.21311475409836064	AEGHLQFM:0.21311475409836064	
