cluster number:426
GH23:242	GH23:242
WPWTLNVA:0.47520661157024796	PAGGAPAA:0.45867768595041325	RYHRPAGG:0.9338842975206612	AGRYHRPA:0.3305785123966942	PPAYQLAA:0.628099173553719	PPPAYQLA:0.6322314049586777	YHRPAGGA:0.48760330578512395	HRPAGGAP:0.47520661157024796	GRYHRPAG:0.8884297520661157	PWPWTLNV:0.5	PWTLNVAG:0.47520661157024796	LPPPAYQL:0.2190082644628099	RFATRADA:0.2024793388429752	PAYQLAAH:0.2024793388429752	RPAGGAPA:0.47520661157024796	FATRADAC:0.2024793388429752	VPWPWTLN:0.23140495867768596	QLAAQRAG:0.22727272727272727	PGEDWLLA:0.2809917355371901	PAARYRRS:0.4628099173553719	AVALQESG:0.5454545454545454	AARYRRSV:0.47107438016528924	VPWPWSLN:0.2975206611570248	WSLNVAGQ:0.24380165289256198	RIVPWPWS:0.21074380165289255	PWSLNVAG:0.26859504132231404	WPWSLNVA:0.26859504132231404	SLNVAGQS:0.24380165289256198	PAYQLAAQ:0.3347107438016529	AYQLAAQR:0.23553719008264462	NVAGQSRR:0.21487603305785125	ARYRRSVS:0.26859504132231404	LYAVALQE:0.5206611570247934	GAPAARYR:0.33884297520661155	LNVAGQSR:0.2190082644628099	IVPWPWSL:0.21074380165289255	YAVALQES:0.512396694214876	GLGQINLG:0.371900826446281	GGAPAARY:0.33884297520661155	PWPWSLNV:0.2768595041322314	APAARYRR:0.22727272727272727	VLYAVALQ:0.512396694214876	AGGAPAAR:0.3347107438016529	YQLAAQRA:0.23140495867768596	GQINLGYH:0.2644628099173554	YRNLAIAA:0.32644628099173556	ALQESGIR:0.24380165289256198	RPAGGEPA:0.3305785123966942	LAAQRAGI:0.21487603305785125	DLLDPYRN:0.2727272727272727	LLDPYRNL:0.45454545454545453	WLLAIGRY:0.38016528925619836	LQESGIRR:0.2066115702479339	TVLYAVAL:0.2190082644628099	PHTRIDAG:0.21074380165289255	ACDLLDPY:0.21074380165289255	YHRPAGGE:0.3347107438016529	AGIPSTVL:0.2190082644628099	HRPAGGEP:0.3305785123966942	RRSVSRHL:0.24793388429752067	IDAGLGQI:0.24793388429752067	VALQESGI:0.2231404958677686	LAIAAEIL:0.34710743801652894	AQRAGIPS:0.2231404958677686	DWLLAIGR:0.3760330578512397	RNLAIAAE:0.3140495867768595	RHLARVQG:0.24380165289256198	RIDAGLGQ:0.4090909090909091	GEDWLLAI:0.34297520661157027	AIGRYHRP:0.49173553719008267	VSRHLARV:0.24380165289256198	EPAARYRR:0.2768595041322314	LAIGRYHR:0.384297520661157	GEPAARYR:0.2768595041322314	IGRYHRPA:0.48760330578512395	SRHLARVQ:0.24380165289256198	YRRSVSRH:0.24793388429752067	TRIDAGLG:0.24793388429752067	QHTPGEDW:0.256198347107438	RYRRSVSR:0.24793388429752067	SVSRHLAR:0.24380165289256198	AGLGQINL:0.2892561983471074	HTPGEDWL:0.25206611570247933	LDPYRNLA:0.4834710743801653	PYRNLAIA:0.33884297520661155	AAQRAGIP:0.2231404958677686	EDWLLAIG:0.35537190082644626	AGGEPAAR:0.2768595041322314	TPHTRIDA:0.2066115702479339	DAGLGQIN:0.29338842975206614	LLAIGRYH:0.38016528925619836	DPYRNLAI:0.34297520661157027	LGQINLGY:0.3305785123966942	PSTVLYAV:0.21074380165289255	HTRIDAGL:0.2231404958677686	EQHTPGED:0.256198347107438	NLAIAAEI:0.34710743801652894	TPGEDWLL:0.22727272727272727	EVPPPAYQ:0.2809917355371901	GGEPAARY:0.2768595041322314	CDLLDPYR:0.2727272727272727	STVLYAVA:0.21487603305785125	PAGGEPAA:0.30991735537190085	RSVSRHLA:0.24380165289256198	VPPPAYQL:0.26859504132231404	
