cluster number:637
GH23:26	GH23:26
LAQLMPGT:0.7692307692307693	LREQLDRF:0.6153846153846154	EQLDRFDG:0.38461538461538464	VAAIMGRL:0.5	AARFDLSP:0.23076923076923078	LMPGTARY:0.38461538461538464	IEALVWQE:0.3076923076923077	DGARWVAG:0.2692307692307692	GARYLREQ:0.7307692307692307	LDRFDGDL:0.38461538461538464	FDGDLEKA:0.38461538461538464	PFANLEGG:0.38461538461538464	LEKALAAY:0.5	VWQESRWR:0.46153846153846156	RFDLSPAL:0.3076923076923077	KALAAYNA:0.6923076923076923	EALVWQES:0.34615384615384615	RYLREQLD:0.6153846153846154	DRFDGDLE:0.46153846153846156	GDLEKALA:0.46153846153846156	AQLMPGTA:0.9230769230769231	NAGPGRVE:0.23076923076923078	DPFANLEG:0.38461538461538464	GLAQLMPG:0.7692307692307693	DLEKALAA:0.46153846153846156	GPGRVERA:0.23076923076923078	LIEALVWQ:0.3076923076923077	DGDLEKAL:0.38461538461538464	LAAYNAGP:1.0	AAIMGRLA:0.23076923076923078	YVAAIMGR:0.5	PGTARYLG:0.34615384615384615	NLEGGARY:0.7692307692307693	FANLEGGA:0.38461538461538464	YNAGPGRV:0.7307692307692307	YLREQLDR:0.6153846153846154	ARYLREQL:0.6153846153846154	GTARYLGV:0.34615384615384615	EKALAAYN:0.6923076923076923	ALVWQESR:0.34615384615384615	AGPGRVER:0.23076923076923078	MPGTARYL:0.38461538461538464	LVWQESRW:0.34615384615384615	EGGARYLR:0.7692307692307693	REQLDRFD:0.38461538461538464	QLDRFDGD:0.38461538461538464	ALAAYNAG:1.0	AYNAGPGR:0.7692307692307693	LEGGARYL:0.7692307692307693	ANLEGGAR:0.6923076923076923	GGARYLRE:0.7307692307692307	AAYNAGPG:0.7692307692307693	LAARFDLS:0.23076923076923078	QLMPGTAR:0.7692307692307693	RFDGDLEK:0.38461538461538464	GIPNIRET:0.2692307692307692	VVWQESRW:0.38461538461538464	EAVVWQES:0.38461538461538464	AVVWQESR:0.38461538461538464	VWQESRWN:0.2692307692307692	WQESRWNE:0.23076923076923078	GARGLAQL:0.6538461538461539	PDDPFANL:0.2692307692307692	SPAGARGL:0.23076923076923078	GTARDLGV:0.23076923076923078	ARGLAQLM:0.6538461538461539	LMPGTARD:0.23076923076923078	RGLAQLMP:0.6538461538461539	AGARGLAQ:0.34615384615384615	PGTARDLG:0.23076923076923078	MPGTARDL:0.23076923076923078	DDPFANLE:0.2692307692307692	PAGARGLA:0.23076923076923078	LEAVVWQE:0.2692307692307692	LLEAVVWQ:0.2692307692307692	PVGARGLA:0.3076923076923077	SPVGARGL:0.3076923076923077	VGARGLAQ:0.3076923076923077	REQLDRFG:0.23076923076923078	AAIMGRLS:0.2692307692307692	ELALAAYN:0.23076923076923078	LALAAYNA:0.23076923076923078	NAGPGRVI:0.2692307692307692	
