cluster number:388
GH23:58	GH23:58
LQFIPETW:0.29310344827586204	EGIPPGPG:0.22413793103448276	GIAWTTLA:0.27586206896551724	QFIPETWK:0.3275862068965517	ALTAARYL:0.4827586206896552	AYGYAAAV:0.39655172413793105	LAGIASVE:0.25862068965517243	GPLQFIPE:0.29310344827586204	AWTTLAGI:0.41379310344827586	IAWTTLAG:0.27586206896551724	VRDRAAAY:0.29310344827586204	LEAYGYAA:0.46551724137931033	ANGDGVAD:0.27586206896551724	RWGVDANG:0.43103448275862066	AALTAARY:0.46551724137931033	IDDAALTA:0.5344827586206896	AGIASVES:0.25862068965517243	TAARYLCA:0.3620689655172414	TLAGIASV:0.25862068965517243	DAALTAAR:0.46551724137931033	FIPETWKR:0.27586206896551724	VDANGDGV:0.41379310344827586	CGIAWTTL:0.27586206896551724	WGVDANGD:0.6551724137931034	DDAALTAA:0.4827586206896552	RAAAYSVG:0.20689655172413793	NIDDAALT:0.46551724137931033	EAYGYAAA:0.39655172413793105	PLQFIPET:0.29310344827586204	GVDANGDG:0.7931034482758621	WTTLAGIA:0.5172413793103449	IPEGIPPG:0.41379310344827586	NGDGVADP:0.20689655172413793	ALEAYGYA:0.4827586206896552	TTLAGIAS:0.27586206896551724	DANGDGVA:0.29310344827586204	LTAARYLC:0.5172413793103449	PEGIPPGP:0.22413793103448276	MGPFQFIP:0.2413793103448276	GPFQFIPE:0.2413793103448276	PDNIDDAA:0.603448275862069	PFQFIPET:0.2413793103448276	CGIGWTTL:0.3448275862068966	FQFIPETW:0.2413793103448276	DNIDDAAL:0.6379310344827587	IGWTTLAG:0.3448275862068966	AMGPFQFI:0.2413793103448276	DPDNIDDA:0.6206896551724138	ADPDNIDD:0.3275862068965517	GWTTLAGI:0.3448275862068966	TALEAYGY:0.3103448275862069	GIGWTTLA:0.3448275862068966	IPDTDGGA:0.25862068965517243	VRDRASAY:0.2413793103448276	PIDINAPG:0.22413793103448276	SVESRHGT:0.2413793103448276	DINAPGRS:0.22413793103448276	EIPDTDGG:0.29310344827586204	TPPIDINA:0.20689655172413793	PVHDRAMG:0.2413793103448276	IPLDGGPG:0.27586206896551724	AEIPDTDG:0.3103448275862069	INAPGRSA:0.22413793103448276	RDRASAYS:0.2413793103448276	GGAMDGDP:0.22413793103448276	PGRSADQL:0.22413793103448276	GAMDGDPV:0.22413793103448276	RASAYSVG:0.2413793103448276	PDTDGGAM:0.25862068965517243	NAPGRSAD:0.20689655172413793	GGPGVAEI:0.27586206896551724	AYNLSGEY:0.20689655172413793	DGGAMDGD:0.25862068965517243	LMAYNLSG:0.3448275862068966	SAYSVGVR:0.22413793103448276	LVRDRASA:0.2413793103448276	PLDGGPGV:0.27586206896551724	MDGDPVHD:0.22413793103448276	ASAYSVGV:0.2413793103448276	RGIPLDGG:0.27586206896551724	AYSVGVRP:0.22413793103448276	VHDRAMGP:0.2413793103448276	DGGPGVAE:0.27586206896551724	VAEIPDTD:0.3275862068965517	GVAEIPDT:0.3275862068965517	YNLSGEYL:0.20689655172413793	ALMAYNLS:0.3448275862068966	AIPEGIPP:0.22413793103448276	LDGGPGVA:0.27586206896551724	PGVAEIPD:0.3275862068965517	AMDGDPVH:0.22413793103448276	TDGGAMDG:0.25862068965517243	GIPLDGGP:0.27586206896551724	DPVHDRAM:0.2413793103448276	PPIDINAP:0.22413793103448276	DTDGGAMD:0.25862068965517243	GDPVHDRA:0.27586206896551724	APGRSADQ:0.22413793103448276	DRASAYSV:0.2413793103448276	DGDPVHDR:0.27586206896551724	IRGIPLDG:0.3275862068965517	GPGVAEIP:0.27586206896551724	IDINAPGR:0.3275862068965517	GYAAAVMA:0.25862068965517243	IRGVPLDG:0.2413793103448276	PIRGVPLD:0.22413793103448276	YGYAAAVM:0.29310344827586204	PPIRGVPL:0.22413793103448276	IDDAALSA:0.22413793103448276	NIDDAALS:0.22413793103448276	GPMQFIPE:0.3103448275862069	RYLCARGG:0.20689655172413793	ARYLCARG:0.20689655172413793	TLAGIGSV:0.22413793103448276	AGIGSVES:0.25862068965517243	LCARGGDL:0.22413793103448276	WTTLAGIG:0.3275862068965517	LAGIGSVE:0.2413793103448276	TTLAGIGS:0.22413793103448276	YLCARGGD:0.22413793103448276	TTALEAYG:0.20689655172413793	AARYLCAR:0.22413793103448276	PMQFIPET:0.3103448275862069	MQFIPETW:0.3103448275862069	EIRDTDGG:0.20689655172413793	GGRLDGDP:0.20689655172413793	TDGGRLDG:0.20689655172413793	DGGRLDGD:0.20689655172413793	DTDGGRLD:0.20689655172413793	
