cluster number:418
GH23:89	GH23:89
DRAVGPMQ:0.6853932584269663	VGPMQFIP:0.6179775280898876	PMQFIPST:0.48314606741573035	AVGPMQFI:0.6179775280898876	LAGIGRIE:0.651685393258427	RAVGPMQF:0.7865168539325843	GIGRIESN:0.2696629213483146	IGRIESNH:0.2696629213483146	AGIGRIES:0.6741573033707865	GPMQFIPS:0.48314606741573035	MQFIPSTW:0.4943820224719101	QFIPSTWA:0.30337078651685395	IGRIESGH:0.34831460674157305	WDRAVGPM:0.30337078651685395	GRIESGHA:0.34831460674157305	GIGRIESG:0.3258426966292135	LLAGIGRI:0.48314606741573035	HDRAVGPM:0.21348314606741572	DPNNVFDA:0.29213483146067415	RAVLRYNN:0.23595505617977527	LGIPEIVL:0.2696629213483146	AVLRYNNS:0.33707865168539325	YLCSGGLN:0.21348314606741572	LCSGGLNL:0.21348314606741572	CSGGLNLR:0.20224719101123595	WHLLAGIG:0.21348314606741572	KYLCSGGL:0.21348314606741572	HLLAGIGR:0.20224719101123595	
