cluster number:408
GH23:6	GH23:6
KGLMQIMP:0.3333333333333333	MQIMPGTA:0.3333333333333333	AAQCYQES:0.6666666666666666	YQESTFDP:0.6666666666666666	QCYQESTF:0.6666666666666666	LLAAQCYQ:0.5	GSETVDYV:0.3333333333333333	VGAKGLMQ:0.3333333333333333	YMRGSETV:0.3333333333333333	CYQESTFD:0.6666666666666666	DWRLLAAQ:0.5	FVLASYNG:0.5	AKGLMQIM:0.5	MRGSETVD:0.3333333333333333	LAAQCYQE:0.5	VLASYNGG:0.5	VKYGYMRG:0.3333333333333333	RGSETVDY:0.3333333333333333	RLLAAQCY:0.5	WRLLAAQC:0.5	LMQIMPGT:0.3333333333333333	GLMQIMPG:0.3333333333333333	YGYMRGSE:0.3333333333333333	KYGYMRGS:0.3333333333333333	RWDWRLLA:0.3333333333333333	GAKGLMQI:0.5	AQCYQEST:0.6666666666666666	WDWRLLAA:0.3333333333333333	LRVEVCRD:0.3333333333333333	GYMRGSET:0.3333333333333333	RAGGVISH:0.3333333333333333	AGGVISHY:0.3333333333333333	HIRDAMAL:0.5	NIAAAAKY:0.3333333333333333	GGVISHYD:0.3333333333333333	DVSEFVLK:0.3333333333333333	LNRAGGVI:0.5	LLCEKFAQ:0.3333333333333333	IRDAMALA:0.5	NRAGGVIS:0.5	YSPMLNRA:0.3333333333333333	PMLNRAGG:0.5	VSEFVLKL:0.3333333333333333	YLLCEKFA:0.3333333333333333	LGVSLRVE:0.5	RWAQYRGV:0.3333333333333333	GELIMLTL:0.3333333333333333	SPMLNRAG:0.5	FHIRDAMA:0.5	VYSPMLNR:0.3333333333333333	GLMQIMPK:0.3333333333333333	MLNRAGGV:0.5	QYLLCEKF:0.3333333333333333	LMQIMPKT:0.3333333333333333	ACGLMQIM:0.3333333333333333	WAGACGLM:0.3333333333333333	STFDPQAR:0.3333333333333333	ESTFDPQA:0.3333333333333333	LARWDWRL:0.3333333333333333	ARSWAGAC:0.3333333333333333	AGACGLMQ:0.3333333333333333	GACGLMQI:0.3333333333333333	DIVNNGEL:0.3333333333333333	QARSWAGA:0.3333333333333333	LNDIVNNG:0.3333333333333333	TFDPQARS:0.3333333333333333	CGLMQIMP:0.3333333333333333	PQARSWAG:0.3333333333333333	SWAGACGL:0.3333333333333333	NDIVNNGE:0.3333333333333333	VSLRVEVC:0.3333333333333333	FDPQARSW:0.3333333333333333	DAMALARK:0.3333333333333333	YFVLASYN:0.3333333333333333	RDAMALAR:0.3333333333333333	QESTFDPQ:0.3333333333333333	RSWAGACG:0.3333333333333333	IVNNGELI:0.3333333333333333	DPQARSWA:0.3333333333333333	GVSLRVEV:0.3333333333333333	
