cluster number:524
GH23:67	GH23:67
KGAQGLMQ:0.2537313432835821	GAQGLMQL:0.5223880597014925	GLMQLMPG:0.5074626865671642	QGLMQLMP:0.5074626865671642	LAAYNAGP:0.4626865671641791	LMQLMPGT:0.5074626865671642	MQLMPGTA:0.5373134328358209	AQGLMQLM:0.5074626865671642	AYNAGPGA:0.6865671641791045	YNAGPGAV:0.7014925373134329	ALAAYNAG:0.4626865671641791	AAYNAGPG:0.6865671641791045	GLMQLMPA:0.3283582089552239	MQLMPATA:0.31343283582089554	LALAAYNA:0.40298507462686567	LMQLMPAT:0.3283582089552239	VRAVIHAE:0.22388059701492538	VIHAESAF:0.29850746268656714	ALVRAVIH:0.208955223880597	AVIHAESA:0.29850746268656714	LVRAVIHA:0.22388059701492538	RAVIHAES:0.31343283582089554	LATAAYNA:0.26865671641791045	IHAESAFN:0.34328358208955223	TAAYNAGP:0.2835820895522388	ATAAYNAG:0.2835820895522388	VDPALVRA:0.208955223880597	HAESAFNP:0.22388059701492538	
