cluster number:507
GH23:6	CBM50:6|GH23:6
AYNAGEGK:1.0	GEGKIGRA:0.5	QYVPRFIA:0.5	NAGEGKIG:0.5	LALAAYNA:0.3333333333333333	LAAYNAGE:0.3333333333333333	AAYNAGEG:1.0	AGEGKIGR:0.5	YNAGEGKI:0.6666666666666666	ALAAYNAG:0.3333333333333333	ADYLQKLY:0.5	DYLQKLYG:0.5	AYLAIVES:0.6666666666666666	DLMALAQA:0.3333333333333333	PGTDLMAL:0.5	VAKIMRNL:0.3333333333333333	MWAIARKF:0.3333333333333333	AADYLQKL:0.6666666666666666	KLYGDFGD:0.3333333333333333	VKQGDTLY:0.3333333333333333	LYGDFGDW:0.3333333333333333	QKLYGDFG:0.3333333333333333	TMWAIARK:0.3333333333333333	AIARKFNV:0.3333333333333333	GTDLMALA:0.3333333333333333	DERRDPYK:0.3333333333333333	QFMPYTGM:0.5	YIVKQGDT:0.3333333333333333	YLQKLYGD:0.5	WAIARKFN:0.3333333333333333	GDTMWAIA:0.3333333333333333	IVKQGDTL:0.3333333333333333	YLAIVESG:0.6666666666666666	AAADYLQK:0.6666666666666666	LQKLYGDF:0.5	DTMWAIAR:0.3333333333333333	AVAKIMRN:0.3333333333333333	WQFMPYTG:0.6666666666666666	GVPVSVLK:0.3333333333333333	TDLMALAQ:0.3333333333333333	RPGTDLMA:0.5	KIMRNLPQ:0.3333333333333333	YVPRFLAV:0.3333333333333333	RNLPQLGF:0.3333333333333333	YFLRKGRN:0.3333333333333333	NAGEGKMS:0.3333333333333333	ARKVFRSR:0.5	QYVPRFLA:0.5	YKYFLRKG:0.3333333333333333	PYTGMKYG:0.3333333333333333	DFFEVKAR:0.3333333333333333	ARPGTDLM:0.3333333333333333	WPTAIAAY:0.5	ADSWDKIS:0.3333333333333333	WDKISRRC:0.3333333333333333	AFCLLLAG:0.3333333333333333	DSWDKISR:0.3333333333333333	IAAYNAGE:0.5	DVARQYKY:0.3333333333333333	FEVKARNH:0.3333333333333333	VFRSRGMP:0.5	ESGYRVDA:0.3333333333333333	AYARKVFR:0.3333333333333333	AIVESGYR:0.3333333333333333	LAYARKVF:0.3333333333333333	VARQYKYF:0.3333333333333333	PTAIAAYN:0.5	YARKVFRS:0.5	IMRNLPQL:0.3333333333333333	MRNLPQLG:0.3333333333333333	AIAAYNAG:0.5	EGKMSRAK:0.3333333333333333	CLLLAGGC:0.5	KVFRSRGM:0.5	ATEAAADY:0.3333333333333333	FCLLLAGG:0.3333333333333333	KYFLRKGR:0.3333333333333333	KQYVPRFL:0.3333333333333333	ARQYKYFL:0.3333333333333333	ETLYAVAR:0.3333333333333333	LAYLAIVE:0.5	ELAYLAIV:0.5	YLAYARKV:0.3333333333333333	RQYKYFLR:0.3333333333333333	FMPYTGMK:0.3333333333333333	FFEVKARN:0.3333333333333333	FGDWPTAI:0.3333333333333333	AGEGKMSR:0.3333333333333333	TEAAADYL:0.5	RKVFRSRG:0.5	MPYTGMKY:0.3333333333333333	GEGKMSRA:0.3333333333333333	TAIAAYNA:0.5	TKQYVPRF:0.5	SWDKISRR:0.3333333333333333	YNAGEGKM:0.3333333333333333	GAWQFMPY:0.3333333333333333	AWQFMPYT:0.3333333333333333	TARPGTDL:0.5	ETKQYVPR:0.5	IVESGYRV:0.3333333333333333	QYKYFLRK:0.3333333333333333	YTGMKYGL:0.3333333333333333	EAAADYLQ:0.5	DWPTAIAA:0.5	LAIVESGY:0.5	VESGYRVD:0.3333333333333333	LLLAGGCA:0.3333333333333333	GDWPTAIA:0.3333333333333333	EELAYLAI:0.3333333333333333	DETKQYVP:0.3333333333333333	PEELAYLA:0.5	RLTARPGT:0.3333333333333333	RSRGMPEE:0.3333333333333333	RSTFVYVP:0.3333333333333333	MPEELAYL:0.3333333333333333	FRSRGMPE:0.3333333333333333	GMPEELAY:0.3333333333333333	LTARPGTD:0.3333333333333333	RGMPEELA:0.3333333333333333	SRGMPEEL:0.3333333333333333	
