cluster number:214
GH23:6	GH23:6
WKVLEAWA:0.6666666666666666	TPYQWKVL:0.5	PRAAAAYH:0.8333333333333334	LQQHPDAF:0.6666666666666666	AMGRVESG:0.3333333333333333	SIDVGCMQ:0.6666666666666666	GIGTPYQW:0.5	YQWKVLEA:0.6666666666666666	NLQQHPDA:0.6666666666666666	DVGCMQVN:0.6666666666666666	WPWTVNAA:0.5	TGSWPRAA:0.3333333333333333	AWPWTVNA:0.3333333333333333	RSLASYRA:0.5	IGTPYQWK:0.5	IMSIDVGC:0.3333333333333333	IPDGFLSA:0.3333333333333333	WTVNAAGI:0.3333333333333333	QVNLQQHP:0.6666666666666666	GRSLASYR:0.6666666666666666	GMRGRSLA:0.3333333333333333	PWTVNAAG:0.5	AAYHSQTP:0.8333333333333334	ASYRANPV:0.3333333333333333	AYHSQTPG:0.8333333333333334	VNLQQHPD:0.6666666666666666	PYQWKVLE:0.8333333333333334	CMQVNLQQ:0.6666666666666666	PGIGTPYQ:0.5	AAAAYHSQ:0.8333333333333334	VGCMQVNL:0.6666666666666666	AAAYHSQT:0.8333333333333334	GTPYQWKV:0.5	IDVGCMQV:0.6666666666666666	HIPDGFLS:0.3333333333333333	SQTPGIGT:0.5	SWPRAAAA:0.8333333333333334	QTPGIGTP:0.5	RAAAAYHS:0.8333333333333334	QWKVLEAW:0.6666666666666666	QQHPDAFS:0.3333333333333333	SGMRGRSL:0.3333333333333333	PDGFLSAM:0.3333333333333333	LASYRANP:0.5	GSWPRAAA:0.8333333333333334	MRGRSLAS:0.3333333333333333	HSQTPGIG:0.5	RGRSLASY:0.5	YHSQTPGI:0.5	WPRAAAAY:0.8333333333333334	LHIPDGFL:0.5	GIMSIDVG:0.3333333333333333	GCMQVNLQ:0.6666666666666666	TVNAAGIG:0.3333333333333333	MQVNLQQH:0.6666666666666666	SLASYRAN:0.3333333333333333	TPGIGTPY:0.5	FLSAMSRV:0.3333333333333333	AMSRVESG:0.3333333333333333	GFLSAMSR:0.3333333333333333	LSAMSRVE:0.3333333333333333	AFDPVRNA:0.3333333333333333	GRTLASYR:0.3333333333333333	RTLASYRA:0.3333333333333333	HDKMGSWP:0.3333333333333333	MGSWPRAA:0.5	DKMGSWPR:0.5	KMGSWPRA:0.5	PWPWTVNA:0.3333333333333333	VPWPWTVN:0.3333333333333333	
