cluster number:627
GH23:19	CBM50:19|GH23:19
RGNYVVRS:0.21052631578947367	SDWWIDER:0.2631578947368421	YVPKFIAI:0.42105263157894735	HYVPKFIA:0.3157894736842105	GAGGMWQF:0.47368421052631576	AYSWAGAG:0.3157894736842105	RHYVPKFI:0.21052631578947367	RQVSPPHM:0.21052631578947367	QNLDTLGF:0.21052631578947367	ETRHYVPK:0.3157894736842105	YSWAGAGG:0.3157894736842105	AYNAGEGK:0.42105263157894735	RAYSWAGA:0.21052631578947367	VGQKLYIP:0.2631578947368421	VLLPFVES:0.21052631578947367	YNVRAYSW:0.21052631578947367	YKVRRGDN:0.21052631578947367	FQNLDTLG:0.2631578947368421	GYNVRAYS:0.21052631578947367	TDAAARHL:0.2631578947368421	KVRRGDNL:0.21052631578947367	ESGYNVRA:0.21052631578947367	FIAISKIF:0.3684210526315789	GGMWQFMR:0.21052631578947367	ISKIFQNL:0.2631578947368421	TRHYVPKF:0.3157894736842105	VPKFIAIS:0.3684210526315789	RFGLLFDL:0.21052631578947367	VRSGDTLW:0.2631578947368421	VNNTRSNT:0.21052631578947367	SWAGAGGM:0.3157894736842105	LPFVESGY:0.2631578947368421	VKVPGGTD:0.21052631578947367	PGGTDLLA:0.3684210526315789	ERRDPYKA:0.21052631578947367	KVPGGTDL:0.2631578947368421	SKIFQNLD:0.2631578947368421	LLPFVESG:0.21052631578947367	WQFMRGTG:0.21052631578947367	LPQDLVLL:0.2631578947368421	PFVESGYN:0.2631578947368421	TDLLALAR:0.21052631578947367	GDWYLALA:0.5263157894736842	AARHLRDL:0.21052631578947367	IFQNLDTL:0.2631578947368421	WAGAGGMW:0.3157894736842105	WWIDERRD:0.3157894736842105	LALAAYNA:0.8947368421052632	GTDLLALA:0.47368421052631576	LAAYNAGE:0.7894736842105263	FGLLFDLE:0.21052631578947367	SGYNVRAY:0.21052631578947367	WYLALAAY:0.5789473684210527	FVESGYNV:0.21052631578947367	RWLERSQP:0.21052631578947367	DWYLALAA:0.5789473684210527	YLPYVRRV:0.2631578947368421	VRAYSWAG:0.21052631578947367	AAARHLRD:0.21052631578947367	AFRRQVSP:0.21052631578947367	PAFRRQVS:0.21052631578947367	IAISKIFQ:0.2631578947368421	RRQVSPPH:0.21052631578947367	AISKIFQN:0.2631578947368421	AAYNAGEG:0.7894736842105263	DERRDPYK:0.47368421052631576	VVRSGDTL:0.21052631578947367	VRSGDSWW:0.3157894736842105	LVLLPFVE:0.21052631578947367	QVSPPHME:0.21052631578947367	KIFQNLDT:0.2631578947368421	GGTDLLAL:0.42105263157894735	YNAGEGKI:0.42105263157894735	ARHLRDLY:0.21052631578947367	NVRAYSWA:0.21052631578947367	VPGGTDLL:0.3157894736842105	ALAAYNAG:0.8947368421052632	GMWQFMRG:0.21052631578947367	GLPQDLVL:0.2631578947368421	PYVRRVFT:0.21052631578947367	LKVGQKLY:0.21052631578947367	GQKLYIPN:0.21052631578947367	YGLPQDLV:0.2631578947368421	PQDLVLLP:0.2631578947368421	NYVVRSGD:0.21052631578947367	GNYVVRSG:0.21052631578947367	DAAARHLR:0.21052631578947367	PYLPYVRR:0.21052631578947367	QDLVLLPF:0.2631578947368421	YLALAAYN:0.5789473684210527	KVGQKLYI:0.21052631578947367	WIDERRDP:0.3684210526315789	NPAFRRQV:0.21052631578947367	NNTRSNTL:0.21052631578947367	KFIAISKI:0.3684210526315789	MWQFMRGT:0.21052631578947367	FRRQVSPP:0.3684210526315789	IDERRDPY:0.3684210526315789	RRDPYKAT:0.21052631578947367	YVVRSGDT:0.21052631578947367	AGGMWQFM:0.47368421052631576	RVRSGDSW:0.2631578947368421	AGAGGMWQ:0.3684210526315789	DWWIDERR:0.3157894736842105	DLVLLPFV:0.21052631578947367	FGDWYLAL:0.47368421052631576	PKFIAISK:0.3684210526315789	LPYVRRVF:0.2631578947368421	AYNAGEGR:0.21052631578947367	LPFAESGF:0.21052631578947367	GKISRALK:0.21052631578947367	NAGEGKIS:0.21052631578947367	RRDPYKST:0.21052631578947367	ISRRYGVP:0.21052631578947367	ERRDPYKS:0.2631578947368421	AGEGKISR:0.21052631578947367	LKIGQKLY:0.21052631578947367	GMWQFMPY:0.21052631578947367	MWQFMPYT:0.21052631578947367	QFMPYTGR:0.21052631578947367	WQFMPYTG:0.21052631578947367	GQKLYIPD:0.21052631578947367	RSGDSWWR:0.21052631578947367	SGDSWWRI:0.21052631578947367	YRVRSGDS:0.21052631578947367	WVDERRDP:0.21052631578947367	
