cluster number:673
GH23:13	GH23:13|CBM50:11
ESGLNPKA:0.46153846153846156	IKPGQKLI:0.6153846153846154	WELALAAY:0.46153846153846156	SYIPQFQA:0.23076923076923078	PQFQAIMY:0.23076923076923078	SGDVLGKI:0.23076923076923078	SGGKRTFW:0.3076923076923077	AMGLWQFM:0.6153846153846154	SGLNPKAR:0.23076923076923078	EMDTDMPF:0.23076923076923078	GLNPKARS:0.23076923076923078	MGLWQFMP:0.5384615384615384	AYNCGPGN:0.5384615384615384	LPRETRSY:0.46153846153846156	YTVQPGDS:0.3076923076923077	KPGQKLII:0.6153846153846154	PGDSLWLI:0.46153846153846156	INYFTVRN:0.38461538461538464	QPGDSLWL:0.46153846153846156	ETIFAFIN:0.3076923076923077	LNPKARSR:0.23076923076923078	VRSGDVLG:0.23076923076923078	PGQKLIIG:0.5384615384615384	GLWQFMPA:0.6923076923076923	DSLWLISK:0.3076923076923077	IIESGLNP:0.38461538461538464	TRSYIPQF:0.23076923076923078	FELNETIF:0.3076923076923077	LNETIFAF:0.3076923076923077	RVGAMGLW:0.6153846153846154	ALAAYNCG:0.5384615384615384	RETRSYIP:0.23076923076923078	ELALAAYN:0.46153846153846156	MDTDMPFE:0.3076923076923077	QIKPGQKL:0.3076923076923077	NWELALAA:0.3076923076923077	NQIKPGQK:0.3076923076923077	TVQPGDSL:0.3076923076923077	FAFINYFT:0.38461538461538464	KARSRVGA:0.23076923076923078	AAYNCGPG:0.5384615384615384	NETIFAFI:0.3076923076923077	IPDFTYEE:0.23076923076923078	LALAAYNC:0.46153846153846156	LSIIESGL:0.23076923076923078	RRSGGKRT:0.3076923076923077	GDVLGKIA:0.23076923076923078	QFMPATGK:0.23076923076923078	KAIRRSGG:0.5384615384615384	YLPRETRS:0.3076923076923077	IESGLNPK:0.23076923076923078	TDMPFELN:0.3076923076923077	IPQFQAIM:0.23076923076923078	DTDMPFEL:0.3076923076923077	PFELNETI:0.3076923076923077	YNCGPGNV:0.6153846153846154	NPKARSRV:0.23076923076923078	FTVRNREY:0.38461538461538464	ETRSYIPQ:0.23076923076923078	GDSLWLIS:0.3076923076923077	TVRNREYT:0.23076923076923078	PRETRSYI:0.23076923076923078	RSYIPQFQ:0.23076923076923078	AFINYFTV:0.38461538461538464	PKARSRVG:0.23076923076923078	ELNETIFA:0.3076923076923077	DVLGKIAQ:0.23076923076923078	YFTVRNRE:0.38461538461538464	FINYFTVR:0.38461538461538464	PDFTYEEV:0.23076923076923078	MPFELNET:0.3076923076923077	LAAYNCGP:0.5384615384615384	SIIESGLN:0.23076923076923078	AIRRSGGK:0.5384615384615384	TIFAFINY:0.3076923076923077	NYFTVRNR:0.38461538461538464	RSGGKRTF:0.3076923076923077	IFAFINYF:0.38461538461538464	QFQAIMYV:0.23076923076923078	VGAMGLWQ:0.6153846153846154	LWQFMPAT:0.6923076923076923	WQFMPATG:0.6923076923076923	VQPGDSLW:0.46153846153846156	DMPFELNE:0.23076923076923078	LWLISKKL:0.3076923076923077	YIPQFQAI:0.3076923076923077	SRVGAMGL:0.6153846153846154	IRRSGGKR:0.3076923076923077	SLWLISKK:0.3076923076923077	GAMGLWQF:0.6153846153846154	RETRSYVP:0.3076923076923077	PRETRSYV:0.23076923076923078	ETRSYVPQ:0.38461538461538464	QFMPATGR:0.38461538461538464	TRSYVPQF:0.3076923076923077	GNVRKAIR:0.5384615384615384	VRKAIRRS:0.46153846153846156	CGPGNVRK:0.38461538461538464	DRMDPELS:0.23076923076923078	SGDVLGSI:0.23076923076923078	SGGKKTFW:0.23076923076923078	AKSRVGAM:0.3076923076923077	IDDRMDPE:0.3076923076923077	PGNVRKAI:0.46153846153846156	DIDDRMDP:0.3076923076923077	IRRSGGKK:0.23076923076923078	GPGNVRKA:0.46153846153846156	RKAIRRSG:0.46153846153846156	GDVLGSIA:0.23076923076923078	NVRKAIRR:0.46153846153846156	KSRVGAMG:0.38461538461538464	RMDPELST:0.23076923076923078	NCGPGNVR:0.46153846153846156	RSGGKKTF:0.23076923076923078	DDRMDPEL:0.38461538461538464	RRSGGKKT:0.23076923076923078	IYFPLFEK:0.23076923076923078	GLNPKAKS:0.23076923076923078	SGLNPKAK:0.23076923076923078	KYLAIVES:0.3076923076923077	YLAIVESG:0.23076923076923078	LAIVESGL:0.23076923076923078	AIVESGLN:0.23076923076923078	EEIKYLAI:0.23076923076923078	PEEIKYLA:0.23076923076923078	
