cluster number:146
GH23:44	GH23:44
AEVWLLDM:0.29545454545454547	ATNLRYGC:0.4772727272727273	TDNATNLR:0.3181818181818182	QGMMQVMP:0.45454545454545453	WKAELGRP:0.36363636363636365	QRTVAEAD:0.22727272727272727	QVMPFWKA:0.38636363636363635	NATNLRYG:0.3181818181818182	CTILSYYL:0.3409090909090909	GAQGMMQV:0.45454545454545453	KAELGRPQ:0.3409090909090909	RYGCTILS:0.3181818181818182	FWKAELGR:0.36363636363636365	MMQVMPFW:0.4772727272727273	NLTDNATN:0.3409090909090909	VWLLDMST:0.2727272727272727	ALARYNGS:0.8636363636363636	GRPQDNLT:0.3409090909090909	MQVMPFWK:0.8409090909090909	WLLDMSTR:0.2727272727272727	LGRPQDNL:0.3409090909090909	YGCTILSY:0.3409090909090909	ELGRPQDN:0.3409090909090909	QDNLTDNA:0.3409090909090909	PFWKAELG:0.36363636363636365	QAPEPELR:0.3409090909090909	DNLTDNAT:0.3409090909090909	PQDNLTDN:0.3409090909090909	AQGMMQVM:0.45454545454545453	NLRYGCTI:0.7727272727272727	GMMQVMPF:0.4772727272727273	RPQDNLTD:0.3409090909090909	TNLRYGCT:0.75	RTVAEADS:0.22727272727272727	MPFWKAEL:0.36363636363636365	DNATNLRY:0.3181818181818182	TILSYYLK:0.25	LRYGCTIL:0.7727272727272727	VGAQGMMQ:0.45454545454545453	GCTILSYY:0.3409090909090909	EVWLLDMS:0.29545454545454547	LLDMSTRL:0.22727272727272727	AELGRPQD:0.3409090909090909	VMPFWKAE:0.38636363636363635	LARYNGSL:0.7272727272727273	TVAEADSF:0.25	ARYNGSLG:0.7272727272727273	LTDNATNL:0.3409090909090909	RALARYNG:0.75	YGCTILKH:0.2727272727272727	DRFDAEVW:0.4772727272727273	RYGCTILK:0.36363636363636365	RFDAEVWL:0.5	GCTILKHY:0.2727272727272727	EVWLVDMS:0.2727272727272727	AEVWLVDM:0.29545454545454547	DAEVWLVD:0.25	GLMQVMPF:0.2727272727272727	AQGLMQVM:0.22727272727272727	GAQGLMQV:0.22727272727272727	QGLMQVMP:0.22727272727272727	LMQVMPFW:0.2727272727272727	DAEVWLLD:0.20454545454545456	FDAEVWLL:0.20454545454545456	PELVLALI:0.20454545454545456	RYNGSLGK:0.4090909090909091	LRLVHREA:0.25	FDAEVWLV:0.20454545454545456	ISSVGAQG:0.29545454545454547	VIGFWQDF:0.29545454545454547	IGFWQDFW:0.29545454545454547	FAISSVGA:0.29545454545454547	RFAISSVG:0.29545454545454547	AISSVGAQ:0.29545454545454547	RQAPEPEL:0.29545454545454547	FDRFAISS:0.29545454545454547	DRFAISSV:0.29545454545454547	SVGAQGMM:0.2727272727272727	FWQDFWYV:0.2727272727272727	SSVGAQGM:0.2727272727272727	GFWQDFWY:0.2727272727272727	QDRFDAEV:0.20454545454545456	NRALARYN:0.22727272727272727	PAKVIGFW:0.2727272727272727	YPAKVIGF:0.2727272727272727	VLALIHAE:0.2727272727272727	ENGDINRA:0.20454545454545456	EASKAGLK:0.20454545454545456	LMQRTVAE:0.20454545454545456	DINRALAR:0.22727272727272727	INRALARY:0.22727272727272727	QDFWYVKP:0.25	KVIGFWQD:0.2727272727272727	LALIHAES:0.2727272727272727	RYPAKVIG:0.20454545454545456	FQDRFDAE:0.20454545454545456	SFQDRFDA:0.20454545454545456	AKVIGFWQ:0.2727272727272727	MQRTVAEA:0.20454545454545456	ASKAGLKP:0.20454545454545456	WQDFWYVK:0.25	KENGDINR:0.20454545454545456	GDINRALA:0.22727272727272727	NGDINRAL:0.20454545454545456	
