cluster number:149
GH23:76	GH23:76
NHVARVMA:0.3157894736842105	YRETQNHV:0.3684210526315789	GHPGLRRA:0.2236842105263158	ARLEGSNS:0.3026315789473684	GQLMPATA:0.4342105263157895	ETQNHVAR:0.32894736842105265	ALRYAGHP:0.25	GLGQLMPA:0.4342105263157895	VLVMESDG:0.3157894736842105	RETQNHVA:0.32894736842105265	DLGVDPRD:0.3026315789473684	YRANIEVE:0.4342105263157895	VMESDGSL:0.3157894736842105	DPRDPLQN:0.21052631578947367	RAGLSVTD:0.25	PYRETQNH:0.3815789473684211	YAGHPGLR:0.2631578947368421	AGHPGLRR:0.23684210526315788	MPATARDL:0.3157894736842105	AGLSVTDW:0.2631578947368421	AGPDAVRQ:0.27631578947368424	FARNYNDG:0.32894736842105265	QNHVARVM:0.32894736842105265	RANIEVES:0.4473684210526316	AIGLGQLM:0.6578947368421053	SAGAIGLG:0.32894736842105265	LRRAGLSV:0.34210526315789475	EVESAYRQ:0.34210526315789475	AGAIGLGQ:0.4605263157894737	LAAYNAGP:0.9736842105263158	VESAYRQD:0.3026315789473684	RDPLQNLD:0.21052631578947367	PLPRADVL:0.2894736842105263	RDLGVDPR:0.3157894736842105	ANIEVESA:0.4605263157894737	AAYNAGPD:0.5526315789473685	SAYRQDAI:0.21052631578947367	PATARDLG:0.3157894736842105	SFARNYND:0.23684210526315788	AYNAGPDA:0.5526315789473685	NYNDGIGQ:0.25	IGLGQLMP:0.6578947368421053	PRDPLQNL:0.21052631578947367	TQNHVARV:0.32894736842105265	LRYAGHPG:0.25	NAGPDAVR:0.3684210526315789	TARDLGVD:0.4605263157894737	MVLVMESD:0.3157894736842105	LYRANIEV:0.40789473684210525	DGSARYLA:0.35526315789473684	LVMESDGS:0.3157894736842105	YNAGPDAV:0.5263157894736842	RYAGHPGL:0.2631578947368421	QLMPATAR:0.35526315789473684	LGVDPRDP:0.40789473684210525	LGQLMPAT:0.42105263157894735	LALAAYNA:0.9868421052631579	QNLDGSAR:0.5789473684210527	HVARVMAV:0.3157894736842105	SSAGAIGL:0.32894736842105265	AYRQDAIS:0.21052631578947367	LMPATARD:0.3157894736842105	LQNLDGSA:0.21052631578947367	ALAAYNAG:0.9868421052631579	TTALRYAG:0.23684210526315788	PPYRETQN:0.3815789473684211	IEVESAYR:0.35526315789473684	LDGSARYL:0.6447368421052632	DPLQNLDG:0.21052631578947367	RRAGLSVT:0.2894736842105263	ATARDLGV:0.3026315789473684	RNYNDGIG:0.2631578947368421	NLDGSARY:0.6447368421052632	ESAYRQDA:0.27631578947368424	TALRYAGH:0.32894736842105265	ARNYNDGI:0.25	GAIGLGQL:0.6578947368421053	ARDLGVDP:0.4473684210526316	NIEVESAY:0.4605263157894737	PLQNLDGS:0.21052631578947367	GLGQLMPD:0.3815789473684211	LGQLMPDT:0.3815789473684211	GQLMPDTA:0.3815789473684211	QLMPDTAR:0.35526315789473684	ARYLAMML:0.27631578947368424	GGIPPYRE:0.25	GIPPYRET:0.3026315789473684	VARVMAVV:0.25	RVMAVVAR:0.25	ESDGSLTP:0.25	VMAVVARL:0.25	ARVMAVVA:0.25	IPPYRETQ:0.3815789473684211	SARYLAMM:0.2631578947368421	GSLTPSRS:0.2631578947368421	SLTPSRSQ:0.2631578947368421	RYLAMMLE:0.21052631578947367	DGSLTPSR:0.2631578947368421	AVVARLEG:0.23684210526315788	GSARYLAM:0.27631578947368424	MESDGSLT:0.27631578947368424	VARLEGSN:0.25	VVARLEGS:0.25	MAVVARLE:0.25	SDGSLTPS:0.25	NDGIGQGS:0.2236842105263158	YNDGIGQG:0.2236842105263158	RLALAAYN:0.25	DGIGQGSA:0.23684210526315788	DGSARYLL:0.27631578947368424	GSARYLLM:0.23684210526315788	ARYLLMML:0.2236842105263158	SARYLLMM:0.2236842105263158	
