cluster number:199
GH23:139	GH23:139|CBM50:134
DLALAAYN:0.460431654676259	DVSSYVDE:0.2158273381294964	LALAAYNS:0.5107913669064749	ATMYIFEY:0.26618705035971224	LWQFMYGT:0.20863309352517986	AIVESALN:0.35251798561151076	YLAIVESA:0.5539568345323741	PGNVNKAI:0.2158273381294964	AAYNSGPG:0.6258992805755396	TMYIFEYA:0.22302158273381295	WQFMYGTG:0.22302158273381295	TAGYVPAF:0.539568345323741	GATGLWQF:0.7841726618705036	NSGPGNVN:0.2158273381294964	RVGATGLW:0.5899280575539568	NLPRETAG:0.20863309352517986	VGATGLWQ:0.5971223021582733	GNVNKAIR:0.2589928057553957	SGPGNVNK:0.2158273381294964	SRVGATGL:0.5899280575539568	YVDERSDP:0.3381294964028777	IGQRLTIY:0.22302158273381295	GPGNVNKA:0.22302158273381295	LPRETAGY:0.5827338129496403	PAFLATMY:0.33093525179856115	ATGLWQFM:0.7841726618705036	NVNKAIRR:0.2517985611510791	AFLATMYI:0.23741007194244604	VPAFLATM:0.2589928057553957	VNKAIRRS:0.2158273381294964	GQRLTIYP:0.23741007194244604	WDLALAAY:0.460431654676259	PRETAGYV:0.48201438848920863	DWDLALAA:0.460431654676259	LAAYNSGP:0.6258992805755396	YNSGPGNV:0.7913669064748201	RETAGYVP:0.48201438848920863	AGYVPAFL:0.38848920863309355	GYVPAFLA:0.4676258992805755	ALAAYNSG:0.5035971223021583	LAIVESAL:0.5683453237410072	AIRRSGGY:0.2733812949640288	TDTLKARL:0.26618705035971224	VDERSDPI:0.20863309352517986	KYLAIVES:0.5899280575539568	KAIRRSGG:0.5683453237410072	SYVDERSD:0.23741007194244604	AYNSGPGN:0.6258992805755396	GLWQFMYG:0.20863309352517986	VSSYVDER:0.3669064748201439	IVESALNP:0.4172661870503597	TGLWQFMY:0.5107913669064749	QRLTIYPR:0.20863309352517986	YVPAFLAT:0.460431654676259	ETAGYVPA:0.539568345323741	NKAIRRSG:0.2158273381294964	LDVSSYVD:0.2446043165467626	VESALNPK:0.20863309352517986	GDWDLVLA:0.22302158273381295	PLEIKYLA:0.26618705035971224	FGDWDLVL:0.2014388489208633	IKSFLKNR:0.2302158273381295	LEIKYLAI:0.20863309352517986	ESALNPKA:0.2805755395683453	PAFLATLY:0.20863309352517986	GPGNVTKA:0.2949640287769784	NVTKAIRR:0.2302158273381295	VPAFLATL:0.2014388489208633	NSGPGNVT:0.26618705035971224	PFNVEYNP:0.2302158273381295	YYFPMFEQ:0.28776978417266186	TPFNVEYN:0.2805755395683453	VTKAIRRS:0.2302158273381295	GNVTKAIR:0.2302158273381295	PGNVTKAI:0.2302158273381295	SGPGNVTK:0.26618705035971224	YFPMFEQE:0.20863309352517986	NSGPGNVS:0.2158273381294964	RAKSRVGA:0.2446043165467626	PSYKLDII:0.22302158273381295	SGPGNVSK:0.2158273381294964	LNPSYKLD:0.23741007194244604	NPSYKLDI:0.22302158273381295	SKAIRRSG:0.2158273381294964	GPGNVSKA:0.2517985611510791	NVSKAIRR:0.2446043165467626	VSKAIRRS:0.23741007194244604	PRAKSRVG:0.2446043165467626	KSRVGATG:0.3669064748201439	TGLWQFMF:0.2589928057553957	PGNVSKAI:0.2446043165467626	YLPRETAG:0.20863309352517986	SYKLDIIP:0.22302158273381295	GNVSKAIR:0.2446043165467626	FLNPSYKL:0.23741007194244604	AKSRVGAT:0.30935251798561153	PLEMKYLA:0.39568345323741005	IPLEMKYL:0.38848920863309355	EMKYLAIV:0.31654676258992803	MKYLAIVE:0.3237410071942446	LEMKYLAI:0.34532374100719426	FGDWDLAL:0.26618705035971224	GDWDLALA:0.3381294964028777	GDYLGKIA:0.35251798561151076	IFGDWDLA:0.20863309352517986	SGDYLGKI:0.2733812949640288	
