cluster number:566
GH23:132	GH23:132
DRAVGPMQ:0.7727272727272727	VETRHGTY:0.553030303030303	VGPMQFIP:0.7196969696969697	SYALRQPA:0.2803030303030303	DPNQIDDA:0.3712121212121212	YGRDANGD:0.24242424242424243	ASYALRQP:0.2727272727272727	NQIDDAAL:0.3106060606060606	RAVGPMQF:0.7575757575757576	GPMQFIPE:0.5378787878787878	YDRAVGPM:0.3181818181818182	AVGPMQFI:0.7424242424242424	PIIGVPLD:0.30303030303030304	ADPNQIDD:0.3560606060606061	GRDANGDG:0.3106060606060606	ETRHGTYS:0.24242424242424243	IGVPLDGS:0.3106060606060606	RAYGNAEL:0.29545454545454547	IIGVPLDG:0.3181818181818182	AYGNAELI:0.3560606060606061	PNQIDDAA:0.3787878787878788	AASYALRQ:0.2727272727272727	YGNAELIA:0.3484848484848485	AAASYALR:0.2803030303030303	TRHGTYSG:0.23484848484848486	PPIIGVPL:0.2878787878787879	PMQFIPET:0.25	MQFIPETW:0.24242424242424243	FDRAVGPM:0.2727272727272727	LDGSPGFA:0.32575757575757575	PMQFIPES:0.2878787878787879	MQFIPESW:0.2803030303030303	EFDRAVGP:0.20454545454545456	DDAALSAA:0.25	LAGIGWVE:0.20454545454545456	DGSPGFAE:0.20454545454545456	NTLAGIGW:0.20454545454545456	WNTLAGIG:0.3484848484848485	QIDDAALS:0.22727272727272727	IDDAALSA:0.2727272727272727	TLAGIGWV:0.20454545454545456	GWVETRHG:0.2196969696969697	WVETRHGT:0.20454545454545456	GDGVADPN:0.3181818181818182	RDANGDGV:0.2196969696969697	DANGDGVA:0.3712121212121212	ANGDGVAD:0.3712121212121212	NGDGVADP:0.4015151515151515	GVPLDGSP:0.26515151515151514	GVADPNQI:0.24242424242424243	PLDGSPGF:0.2727272727272727	VADPNQID:0.24242424242424243	VPLDGSPG:0.26515151515151514	DGVADPNQ:0.24242424242424243	
