cluster number:645
GH23:424	GH23:424|CBM50:385
TTSRDIDV:0.20518867924528303	AAGMWQFM:0.27122641509433965	YFVTVTTS:0.2688679245283019	YHIVEELE:0.28537735849056606	QILLPFDN:0.21933962264150944	PKLQAVKN:0.4528301886792453	TVTTSRDI:0.20518867924528303	NYVPKLQA:0.4410377358490566	STSAALDY:0.2169811320754717	KLQAVKNI:0.4363207547169811	HPYFVTVT:0.29009433962264153	QKYLYHIV:0.2028301886792453	RNYVPKLQ:0.4221698113207547	MPNETRNY:0.294811320754717	NETRNYVP:0.30660377358490565	VTVTTSRD:0.20518867924528303	AAGLPTDY:0.24056603773584906	LRMPNETR:0.27122641509433965	LSVAKAAG:0.20518867924528303	LQAVKNII:0.21933962264150944	LALAAYNW:0.625	GDWYLALA:0.2759433962264151	ETRNYVPK:0.5849056603773585	PNHPYFVT:0.25707547169811323	YVPKLQAV:0.4528301886792453	MRLKPGST:0.20518867924528303	SVAKAAGM:0.20754716981132076	TELALLPF:0.5424528301886793	YNWGEGNV:0.330188679245283	DERRDVLA:0.330188679245283	TSAALDYL:0.22169811320754718	KPVILGAT:0.21462264150943397	HMPTELAL:0.21462264150943397	ASTSAALD:0.2169811320754717	VPKLQAVK:0.4528301886792453	GSTIVVPR:0.2028301886792453	RHMPTELA:0.21462264150943397	TRNYVPKL:0.5754716981132075	AYNWGEGN:0.3938679245283019	IPNHPYFV:0.2806603773584906	FVTVTTSR:0.20518867924528303	SQKYLYHI:0.2028301886792453	VTTSRDID:0.20518867924528303	LHDMFGDW:0.2099056603773585	ALSVAKAA:0.20518867924528303	RSQKYLYH:0.2028301886792453	ALAAYNWG:0.625	QALSVAKA:0.2028301886792453	KYLYHIVE:0.22169811320754718	AKAAGMWQ:0.41273584905660377	GMRLKPGS:0.20518867924528303	AAYNWGEG:0.6344339622641509	PYFVTVTT:0.29009433962264153	PTELALLP:0.6674528301886793	VAKAAGMW:0.20754716981132076	PNETRNYV:0.30660377358490565	LASTSAAL:0.2028301886792453	ELALLPFI:0.29952830188679247	RRDVLAST:0.4669811320754717	LYHIVEEL:0.28537735849056606	ALLPFIES:0.3938679245283019	NHPYFVTV:0.25707547169811323	YLYHIVEE:0.30660377358490565	VLASTSAA:0.2028301886792453	LALLPFIE:0.29952830188679247	KAAGMWQF:0.41509433962264153	AGMWQFMP:0.27122641509433965	LAAYNWGE:0.5801886792452831	RAIARNQA:0.22169811320754718	PQILLPFD:0.23349056603773585	QDERRDVL:0.2665094339622642	RMPNETRN:0.2688679245283019	DVLASTSA:0.2028301886792453	QAVKNIIA:0.20047169811320756	PQALSVAK:0.2028301886792453	LPFIESAY:0.2169811320754717	ILLPFDNA:0.22169811320754718	RDVLASTS:0.2028301886792453	ERRDVLAS:0.330188679245283	MPTELALL:0.5566037735849056	LLPFIESA:0.3891509433962264	ALLPFVES:0.33490566037735847	WQFIPSTG:0.2665094339622642	ESAFNPQA:0.25707547169811323	ELALLPFV:0.3089622641509434	LALLPFVE:0.3113207547169811	LLPFVESA:0.29009433962264153	YNWGEGSV:0.2617924528301887	YVPKLQAI:0.21462264150943397	VPKLQAIK:0.2099056603773585	WDRIRRGF:0.23349056603773585	PKLQAIKN:0.22169811320754718	KLQAIKNI:0.21933962264150944	GDWHLALA:0.21462264150943397	WQFMPATG:0.31839622641509435	LQAVKNIV:0.20754716981132076	
