cluster number:605
GH23:29	GH23:29
YLAQAWKL:0.2413793103448276	VAYVESGY:0.27586206896551724	AYVESGYD:0.27586206896551724	GARIDRIM:0.2413793103448276	CQRVRVRL:0.27586206896551724	YRAGHGEE:0.6896551724137931	EERMSPRS:0.27586206896551724	LLDPATNI:0.20689655172413793	DPATNIRF:0.20689655172413793	YVESGYDA:0.27586206896551724	AEHAARVR:0.3103448275862069	YRRMLARE:0.27586206896551724	PATNIRFG:0.20689655172413793	RRMLAREA:0.27586206896551724	LWAEHAAR:0.3103448275862069	PAGALLDP:0.27586206896551724	MKYRAGHG:0.8275862068965517	ATNIRFGV:0.20689655172413793	RAGHGEER:0.41379310344827586	CRALMKYR:0.6551724137931034	PPAVADAV:0.20689655172413793	TYCQRVRV:0.27586206896551724	NIRFGVAY:0.20689655172413793	RLWAEHAA:0.3103448275862069	VAYLAQAW:0.2413793103448276	LDPATNIR:0.20689655172413793	GVAYLAQA:0.2413793103448276	RRLWAEHA:0.27586206896551724	AAMLGHTG:0.27586206896551724	KYRAGHGE:0.7241379310344828	GEERMSPR:0.27586206896551724	ALMKYRAG:0.6551724137931034	GALLDPAT:0.27586206896551724	RALMKYRA:0.6551724137931034	TGPAGALL:0.27586206896551724	TAAMLGHT:0.27586206896551724	RFGVAYLA:0.3448275862068966	TNIRFGVA:0.20689655172413793	AGHGEERM:0.41379310344827586	LCRALMKY:0.5517241379310345	PAVADAVA:0.20689655172413793	GHGEERMS:0.27586206896551724	FGVAYLAQ:0.2413793103448276	VESGYDAG:0.3103448275862069	YCQRVRVR:0.27586206896551724	ELGLMQVR:0.3793103448275862	LPPAVADA:0.20689655172413793	IRFGVAYL:0.20689655172413793	AMLGHTGP:0.27586206896551724	GPAGALLD:0.27586206896551724	HGEERMSP:0.27586206896551724	GELGLMQV:0.3793103448275862	WAEHAARV:0.3103448275862069	QRVRVRLA:0.27586206896551724	GHTGPAGA:0.27586206896551724	MLGHTGPA:0.27586206896551724	LMKYRAGH:0.8275862068965517	GDLCRALM:0.5517241379310345	HTGPAGAL:0.27586206896551724	AGALLDPA:0.27586206896551724	AVAYVESG:0.27586206896551724	DAVAYVES:0.27586206896551724	GLPPAVAD:0.20689655172413793	LGHTGPAG:0.27586206896551724	AYLAQAWK:0.2413793103448276	DLCRALMK:0.5517241379310345	RVRVRLAA:0.27586206896551724	ESGYDAGA:0.3103448275862069	ADAVAYVE:0.27586206896551724	ALLDPATN:0.3103448275862069	IGARIDRI:0.2413793103448276	EIGLMQVR:0.3103448275862069	IRKIIERE:0.20689655172413793	MQVRPETA:0.27586206896551724	PETAAMLG:0.27586206896551724	VVFVESGY:0.20689655172413793	SVGEIGLM:0.20689655172413793	TAAMLGFR:0.4482758620689655	IGLMQVRP:0.3103448275862069	AEAVVFVE:0.20689655172413793	LMQVRPET:0.27586206896551724	GSVGEIGL:0.20689655172413793	GLMQVRPE:0.27586206896551724	GEIGLMQV:0.3103448275862069	EAVVFVES:0.20689655172413793	IAEAVVFV:0.20689655172413793	RKIIERET:0.20689655172413793	AMLGFRGS:0.20689655172413793	LPADIAEA:0.20689655172413793	VRPETAAM:0.27586206896551724	VGEIGLMQ:0.3793103448275862	QVRPETAA:0.27586206896551724	ADIAEAVV:0.20689655172413793	AVVFVESG:0.20689655172413793	LAEPDINI:0.20689655172413793	ETAAMLGF:0.27586206896551724	AELAEPDI:0.20689655172413793	RPETAAML:0.27586206896551724	AWRLAGGD:0.27586206896551724	VFVESGYN:0.20689655172413793	PADIAEAV:0.20689655172413793	AAMLGFRG:0.4482758620689655	ELAEPDIN:0.20689655172413793	DIAEAVVF:0.20689655172413793	GVGELGLM:0.2413793103448276	GGVGELGL:0.2413793103448276	VGELGLMQ:0.3448275862068966	LMQVRPTT:0.27586206896551724	PTTAAMLG:0.27586206896551724	QVRPTTAA:0.27586206896551724	CRTLMKYR:0.20689655172413793	DLCRTLMK:0.20689655172413793	RPTTAAML:0.27586206896551724	TLMKYRAG:0.20689655172413793	LCRTLMKY:0.20689655172413793	LGLMQVRP:0.2413793103448276	MQVRPTTA:0.27586206896551724	RTLMKYRA:0.20689655172413793	VRPTTAAM:0.27586206896551724	GDLCRTLM:0.20689655172413793	GLMQVRPT:0.27586206896551724	VGLMQVRP:0.20689655172413793	GGDLCRAL:0.20689655172413793	LAGGDLCR:0.20689655172413793	
