cluster number:587
GH23:17	GH23:17|CBM12:1
DWRTNAAT:0.29411764705882354	PQSLPGSK:0.23529411764705882	YPSWDDVQ:0.35294117647058826	PSWDDVQA:0.35294117647058826	AYGIPQSL:0.7647058823529411	WDDVQAAK:0.35294117647058826	GIPQSLPG:0.23529411764705882	YGSPCGAW:0.29411764705882354	SLPGSKMA:0.23529411764705882	WRTNAATQ:0.29411764705882354	YGIPQSLP:0.8235294117647058	SGAYGIPQ:0.9411764705882353	GAYGIPQS:0.7647058823529411	SWDDVQAA:0.35294117647058826	QSLPGSKM:0.23529411764705882	DDVQAAKA:0.23529411764705882	IPQSLPGS:0.23529411764705882	RTNAATQI:0.23529411764705882	DVQAAKAN:0.23529411764705882	SSGAYGIP:0.8823529411764706	LYAQLASL:0.35294117647058826	PAGAQAYA:0.4117647058823529	DPAGAQAY:0.4117647058823529	GWRANALN:0.23529411764705882	VVDPAGAQ:0.35294117647058826	ESGWRANA:0.23529411764705882	AGADWRTN:0.29411764705882354	GADWRTNA:0.29411764705882354	VDPAGAQA:0.4117647058823529	SGWRANAL:0.23529411764705882	GIPQSLPA:0.5882352941176471	ESGWRADA:0.23529411764705882	ANAAGDLA:0.29411764705882354	YNTSSGAY:0.23529411764705882	LPASKMAT:0.23529411764705882	ADAYNTSS:0.29411764705882354	YGSPCAAW:0.35294117647058826	NTSSGAYG:0.23529411764705882	TSSGAYGI:0.23529411764705882	IPQSLPAS:0.35294117647058826	PQSLPASK:0.35294117647058826	LLYQLGAV:0.23529411764705882	DGFAPPPG:0.29411764705882354	QSLPASKM:0.35294117647058826	AAAAAAAA:0.29411764705882354	NTLYAQLA:0.23529411764705882	RADAYNTS:0.29411764705882354	SGWRADAY:0.23529411764705882	QAAAAAAA:0.23529411764705882	DAYNTSSG:0.29411764705882354	AYNTSSGA:0.23529411764705882	WRADAYNT:0.29411764705882354	AAAAAAAN:0.23529411764705882	GWRADAYN:0.23529411764705882	SLPASKMA:0.29411764705882354	AYGSPCAA:0.23529411764705882	DTLYAQLA:0.23529411764705882	TLYAQLAS:0.23529411764705882	WNQESGWR:0.29411764705882354	LWNQESGW:0.29411764705882354	YAQLATLK:0.23529411764705882	LKNTEASV:0.23529411764705882	SLLYQLGA:0.23529411764705882	KNTEASVE:0.23529411764705882	LYAQLATL:0.23529411764705882	
