cluster number:309
GH23:32	GH23:32
KYGNTWRA:0.3125	GIPHRALT:0.28125	AVNRNANG:0.21875	YGNTWRAI:0.3125	AYHSESPK:0.28125	TWRAIGAY:0.9375	GDPAAVNR:0.21875	ERDAYARS:0.21875	DPAAVNRN:0.21875	KMVKYGNT:0.34375	NGSIDVGQ:0.34375	RAIGAYHS:0.90625	GAYHSESP:0.40625	ALTDACVN:0.75	NRNANGSI:0.25	KQKMVKYG:0.34375	ANGSIDVG:0.3125	SKGDPAAV:0.21875	GNTWRAIG:0.9375	AIGAYHSE:0.96875	DACVNIYV:0.625	DAYARSIQ:0.84375	HESKGDPA:0.25	IPHRALTD:0.28125	TDACVNIY:0.625	VNRNANGS:0.21875	IDVGQLQI:0.375	ACVNIYVA:0.625	GSIDVGQL:0.375	RNANGSID:0.28125	RDAYARSI:0.84375	KGDPAAVN:0.21875	QKMVKYGN:0.34375	VGQLQINS:0.375	ESKGDPAA:0.21875	MVKYGNTW:0.375	VNIYVAAW:0.625	ILVAWGEL:0.28125	DVGQLQIN:0.375	NIYVAAWL:0.625	NTWRAIGA:0.9375	NANGSIDV:0.3125	AAVNRNAN:0.21875	VYQGVNPL:0.25	SIDVGQLQ:0.375	VKYGNTWR:0.3125	AWHESKGD:0.25	CVNIYVAA:0.625	LTDACVNI:0.625	WRAIGAYH:0.9375	IGAYHSES:0.40625	RALTDACV:0.21875	ADDCFEQA:0.34375	WHESKGDP:0.25	AVHRNADG:0.4375	QRDAYARS:0.46875	NADGSVDI:0.5	AQINSIHF:0.5	GVPRHALT:0.3125	DGSVDIGQ:0.5	LVTWGELK:0.375	QINSIHFG:0.46875	GVNPTVLR:0.5	ADGSVDIG:0.5	VDIGQAQI:0.5	LRAIVWFE:0.34375	YARSIQRV:0.5	ETPAQRDA:0.375	VLVTWGEL:0.375	NPTVLRAI:0.5	GSVDIGQA:0.5	KMVKHGNT:0.4375	YHSETPAQ:0.4375	LLKQKMVK:0.59375	NSIHFGTL:0.40625	IVWFESKG:0.34375	QAQINSIH:0.5	AYARSIQR:0.46875	SETPAQRD:0.4375	YGVPRHAL:0.3125	PRAVHRNA:0.375	KQKMVKHG:0.4375	RNADGSVD:0.5	VHRNADGS:0.4375	HSETPAQR:0.4375	INSIHFGT:0.40625	DIGQAQIN:0.5	ESKGDPRA:0.375	AIVWFESK:0.34375	VAAWLLKQ:0.78125	SKGDPRAV:0.375	RAVHRNAD:0.375	RVLVTWGE:0.34375	YVAAWLLK:0.53125	ALALCLSS:0.28125	MVKHGNTW:0.4375	PRHALTDA:0.3125	AYHSETPA:0.5	AAGDCFEQ:0.3125	IYVAAWLL:0.4375	DPRAVHRN:0.375	RSIQRVLV:0.4375	ARSIQRVL:0.5	FESKGDPR:0.375	QGVNPTVL:0.5	AQRDAYAR:0.375	LKQKMVKH:0.4375	TPAQRDAY:0.375	KHGNTWRA:0.4375	GAYHSETP:0.5625	LALCLSSL:0.28125	TWGELKPG:0.34375	KGDPRAVH:0.375	AWLLKQKM:0.78125	GQAQINSI:0.5	IGQAQINS:0.5	HGNTWRAI:0.625	WFESKGDP:0.40625	PAQRDAYA:0.375	RHALTDAC:0.3125	WGELKPGQ:0.34375	AGDCFEQA:0.375	AAWLLKQK:0.78125	SIHFGTLA:0.40625	RAIVWFES:0.34375	TVLRAIVW:0.34375	HRNADGSV:0.5	SIQRVLVT:0.34375	IQRVLVTW:0.34375	VPRHALTD:0.3125	GDPRAVHR:0.375	SVDIGQAQ:0.5	QRVLVTWG:0.34375	VLRAIVWF:0.34375	VNPTVLRA:0.5	VKHGNTWR:0.4375	PTVLRAIV:0.34375	ALCLSSLA:0.28125	IGAYHSET:0.5625	YQGVNPTV:0.5	GDCFEQAG:0.4375	WLLKQKMV:0.78125	QKMVKHGN:0.4375	LCLSSLAA:0.3125	VTWGELKP:0.34375	HALTDACV:0.46875	VWFESKGD:0.34375	LSSLAAQA:0.21875	CFEQAGAY:0.4375	IHFGTLAR:0.3125	GTLARYGV:0.375	FGTLARYG:0.375	FEQAGAYQ:0.4375	TLARYGVP:0.46875	GAYQGVNP:0.46875	AYQGVNPT:0.34375	QAGAYQGV:0.4375	AGAYQGVN:0.46875	DCFEQAGA:0.40625	EQAGAYQG:0.4375	MAGPTLAQ:0.21875	HFGTLARY:0.375	SSLAAQAA:0.21875	AGAALALC:0.21875	GAALALCL:0.21875	AALALCLS:0.21875	LARYGVPR:0.3125	NVFVAAWL:0.21875	VNVFVAAW:0.21875	VFVAAWLL:0.21875	ARYGVPRH:0.21875	CVNVFVAA:0.21875	RYGVPRHA:0.21875	FVAAWLLK:0.25	
