cluster number:307
GH23:23	GH23:23
AGAQGLMQ:0.5217391304347826	DPEQNVMA:0.4782608695652174	GAQGLMQL:0.6086956521739131	LAAYNWGM:0.2608695652173913	QNVMAGTR:0.5217391304347826	QGLMQLMP:0.6086956521739131	EQNVMAGT:0.5217391304347826	ALAAYNWG:0.6956521739130435	AAYNWGMG:0.2608695652173913	AYNWGMGN:0.2608695652173913	AQGLMQLM:0.6086956521739131	FDPEQNVM:0.5652173913043478	PEQNVMAG:0.4782608695652174	LAAYNWGP:0.6086956521739131	GVSDSFDP:0.21739130434782608	GLMQLMPA:0.6521739130434783	MQLMPATA:0.6521739130434783	ATARGLGV:0.43478260869565216	LGVSDSFD:0.21739130434782608	DSFDPEQN:0.34782608695652173	GLIKAVIK:0.391304347826087	PATARGLG:0.43478260869565216	LMPATARG:0.43478260869565216	GPGNVDRH:0.2608695652173913	SDSFDPEQ:0.21739130434782608	LIKAVIKA:0.43478260869565216	IKAVIKAE:0.43478260869565216	MPATARGL:0.43478260869565216	VSDSFDPE:0.21739130434782608	AYNWGPGN:0.6086956521739131	SFDPEQNV:0.43478260869565216	YNWGPGNV:0.6086956521739131	QLMPATAR:0.43478260869565216	VMAGTRFL:0.4782608695652174	TARGLGVS:0.30434782608695654	NVMAGTRF:0.4782608695652174	KAVIKAES:0.43478260869565216	NWGPGNVD:0.6086956521739131	LMQLMPAT:0.6521739130434783	WGPGNVDR:0.6086956521739131	AAYNWGPG:0.6086956521739131	NVDRKPHL:0.21739130434782608	AVIKAESN:0.5652173913043478	VEVGLIKA:0.21739130434782608	NFNPNAVS:0.34782608695652173	GNVDRKPH:0.21739130434782608	VDRKPHLL:0.21739130434782608	HLLPRETR:0.21739130434782608	PGNVDRKP:0.2608695652173913	SHAGAQGL:0.2608695652173913	KAESNFNP:0.4782608695652174	TRDYLVKV:0.21739130434782608	MAGTRFLK:0.4782608695652174	NAVSHAGA:0.2608695652173913	EVGLIKAV:0.21739130434782608	LPRETRDY:0.21739130434782608	DRKPHLLP:0.21739130434782608	RDYLVKVK:0.21739130434782608	VGLIKAVI:0.2608695652173913	IKAESNFN:0.5652173913043478	GPGNVDRK:0.30434782608695654	VSHAGAQG:0.2608695652173913	AGTRFLKD:0.43478260869565216	SNFNPNAV:0.34782608695652173	RKPHLLPR:0.21739130434782608	RETRDYLV:0.21739130434782608	PHLLPRET:0.21739130434782608	AVSHAGAQ:0.2608695652173913	KPHLLPRE:0.21739130434782608	AESNFNPN:0.30434782608695654	HAGAQGLM:0.2608695652173913	ESNFNPNA:0.34782608695652173	GVEVGLIK:0.21739130434782608	VIKAESNF:0.5652173913043478	PRETRDYL:0.21739130434782608	ETRDYLVK:0.21739130434782608	TRFLKDML:0.2608695652173913	GTRFLKDM:0.2608695652173913	
