cluster number:92
GH23:86	GH23:86
GLMQLMPA:0.4883720930232558	MQLMPATA:0.45348837209302323	VSPKGAVG:0.20930232558139536	KGAVGLMQ:0.3488372093023256	PKGAVGLM:0.26744186046511625	SPKGAVGL:0.26744186046511625	VGLMQLMP:0.3372093023255814	GAVGLMQL:0.37209302325581395	AVGLMQLM:0.3372093023255814	LMQLMPAT:0.4883720930232558	MGLMQLMP:0.2558139534883721	PKGAMGLM:0.2441860465116279	KGAMGLMQ:0.2441860465116279	SPKGAMGL:0.2558139534883721	GAMGLMQL:0.2558139534883721	LALAAYNA:0.313953488372093	ALAAYNAG:0.313953488372093	AMGLMQLM:0.2558139534883721	AYNAGEGA:0.6046511627906976	YNAGEGAV:0.6627906976744186	AAYNAGEG:0.6046511627906976	LAAYNAGE:0.5116279069767442	NAGEGAVQ:0.38372093023255816	AGEGAVQR:0.29069767441860467	GEGAVQRA:0.2441860465116279	EGAVQRAG:0.2441860465116279	GAVQRAGN:0.2441860465116279	
