cluster number:554
GH23:130	GH23:130
VGLMQIKA:0.4307692307692308	ASTAGRDA:0.4230769230769231	LIKAIIQV:0.5230769230769231	ANGAGAML:0.2692307692307692	VDETLIKA:0.45384615384615384	YGVDETLI:0.4	AGAMLRTF:0.4076923076923077	VSTSNAVG:0.23846153846153847	VVSTSNAV:0.2153846153846154	STSNAVGL:0.23846153846153847	APRYLWKV:0.7769230769230769	RDAYRMKG:0.2846153846153846	STAGRDAY:0.5538461538461539	VSYANGAG:0.3769230769230769	MLRTFSSD:0.2692307692307692	YQHIQKKH:0.24615384615384617	GRDAYRMK:0.2846153846153846	HIQKKHPA:0.25384615384615383	ETLIKAII:0.49230769230769234	TLRYATIV:0.46923076923076923	SYANGAGA:0.3769230769230769	NAVGLMQI:0.43846153846153846	HPAAQAPR:0.4076923076923077	ATIVSYAN:0.34615384615384615	RTFSSDKR:0.2153846153846154	RYATIVSY:0.43846153846153846	DAYRMKGR:0.25384615384615383	AMLRTFSS:0.2692307692307692	IVSYANGA:0.3769230769230769	NGAGAMLR:0.4076923076923077	SNAVGLMQ:0.6230769230769231	KHPAAQAP:0.24615384615384617	QAPRYLWK:0.7846153846153846	YANGAGAM:0.2692307692307692	QIKASTAG:0.5615384615384615	LRTFSSDK:0.24615384615384617	IKASTAGR:0.5538461538461539	AVGLMQIK:0.4307692307692308	TSNAVGLM:0.23846153846153847	KASTAGRD:0.5153846153846153	AASHYGVD:0.2846153846153846	EFYQHIQK:0.25384615384615383	QHIQKKHP:0.24615384615384617	AAQAPRYL:0.4076923076923077	YATIVSYA:0.34615384615384615	AGRDAYRM:0.2846153846153846	AQAPRYLW:0.4153846153846154	ASHYGVDE:0.2692307692307692	TLIKAIIQ:0.4846153846153846	DETLIKAI:0.49230769230769234	GAMLRTFS:0.36923076923076925	GLMQIKAS:0.5615384615384615	GAGAMLRT:0.4076923076923077	QTLRYATI:0.2692307692307692	KAIIQVES:0.5692307692307692	AIIQVESG:0.49230769230769234	GVDETLIK:0.3769230769230769	LLLAGCAK:0.2230769230769231	PAAQAPRY:0.4076923076923077	FYQHIQKK:0.24615384615384617	LMQIKAST:0.5615384615384615	TIVSYANG:0.34615384615384615	TAGRDAYR:0.5615384615384615	PQTLRYAT:0.2692307692307692	LRYATIVS:0.43846153846153846	MQIKASTA:0.5615384615384615	IKAIIQVE:0.5230769230769231	ELKDPAVN:0.2692307692307692	GTAYINIL:0.2153846153846154	SRELKDPA:0.2	NIDIGTAY:0.24615384615384617	LKDPAVNI:0.2846153846153846	PQAPRYLW:0.3076923076923077	PSSRELKD:0.2	KDPAVNID:0.2846153846153846	RELKDPAV:0.2692307692307692	IDIGTAYI:0.23076923076923078	SSRELKDP:0.2	PAPQAPRY:0.3153846153846154	QPSSRELK:0.2	GQPSSREL:0.2	KHPAPQAP:0.24615384615384617	APQAPRYL:0.3153846153846154	TAYINILQ:0.2153846153846154	HPAPQAPR:0.3153846153846154	VNGAGALL:0.26153846153846155	AGALLRTF:0.4307692307692308	IDLGTAYI:0.26153846153846155	AYVNGAGA:0.26153846153846155	NIDLGTAY:0.4076923076923077	NGAGALLR:0.46153846153846156	YVNGAGAL:0.26153846153846155	GAGALLRT:0.4307692307692308	SNAIGLMQ:0.3230769230769231	PAVNIDLG:0.25384615384615383	DPAVNIDL:0.25384615384615383	AVNIDLGT:0.24615384615384617	VNIDLGTA:0.24615384615384617	PRYLWKVT:0.3076923076923077	RYLWKVTT:0.3	IIQVESGF:0.2076923076923077	YLWKVTTA:0.26153846153846155	LWKVTTAY:0.26153846153846155	
