cluster number:276
GH23:177	GH23:177
GCMQINHY:0.4011299435028249	LYSVGLTE:0.3898305084745763	KLIDIGCM:0.2655367231638418	LIDIGCMQ:0.288135593220339	MQINHHYH:0.23728813559322035	DIGCMQIN:0.2768361581920904	GCMQINHH:0.2655367231638418	SWTMAVAR:0.2994350282485876	MAVARYHA:0.751412429378531	PAQKRYVC:0.3050847457627119	VARYHAGP:0.8587570621468926	IGCMQINH:0.2542372881355932	TMAVARYH:0.672316384180791	AVARYHAG:0.8587570621468926	WTMAVARY:0.751412429378531	CMQINHHY:0.23728813559322035	IDIGCMQI:0.2768361581920904	VCRVIANL:0.3615819209039548	LGCMQINH:0.3615819209039548	VIANLVAT:0.3502824858757062	AKLIDLGC:0.2542372881355932	HAGPNNDP:0.480225988700565	ILYSVGLT:0.3672316384180791	YVCRVIAN:0.4576271186440678	TWTMAVAR:0.3389830508474576	SVGLTETG:0.3785310734463277	GAKLIDLG:0.2542372881355932	PEGILYSV:0.24858757062146894	CRVIANLV:0.3615819209039548	ANLVATGY:0.3446327683615819	ETWTMAVA:0.3107344632768362	RYHAGPNN:0.7457627118644068	VATGYGKW:0.3672316384180791	ARYHAGPN:0.7457627118644068	RVIANLVA:0.3615819209039548	LTETGRKG:0.3898305084745763	LIDLGCMQ:0.4350282485875706	EGILYSVG:0.24858757062146894	IANLVATG:0.3502824858757062	DLGCMQIN:0.5423728813559322	GPNNDPAQ:0.480225988700565	HETWTMAV:0.3107344632768362	PNNDPAQK:0.4745762711864407	AGPNNDPA:0.480225988700565	NLVATGYG:0.4011299435028249	RHETWTMA:0.2994350282485876	LVATGYGK:0.3672316384180791	GILYSVGL:0.3672316384180791	YSVGLTET:0.3728813559322034	GLTETGRK:0.4745762711864407	IDLGCMQI:0.4293785310734463	VGLTETGR:0.576271186440678	KLIDLGCM:0.327683615819209	YHAGPNND:0.4971751412429379	ATGYGKWT:0.3672316384180791	MQINHYYH:0.24293785310734464	EREIQSAA:0.2033898305084746	GAKLIDIG:0.2033898305084746	GYGKWTPN:0.2937853107344633	ETGRKGSL:0.3389830508474576	TGYGKWTP:0.2994350282485876	TETGRKGS:0.3389830508474576	QINHYYHG:0.20903954802259886	AKLIDIGC:0.2033898305084746	PAQKQYVC:0.2033898305084746	YGKWTPNA:0.2937853107344633	CMQINHYY:0.24293785310734464	CEREIQSA:0.2033898305084746	AGPNNNPA:0.24858757062146894	YHAGPNNN:0.24858757062146894	PNNNPAQK:0.24293785310734464	GPNNNPAQ:0.24858757062146894	HAGPNNNP:0.24858757062146894	LYAVGLTE:0.480225988700565	LQPYAMNI:0.2994350282485876	NVDYAARF:0.3389830508474576	GSLQPYAM:0.22033898305084745	SLQPYAMN:0.3050847457627119	VDYAARFL:0.3389830508474576	QPYAMNIE:0.21468926553672316	PYAMNIEG:0.21468926553672316	VEYAARFL:0.2033898305084746	NVEYAARF:0.2033898305084746	AVGLTETG:0.3785310734463277	YAVGLTET:0.3785310734463277	AQKRYVCR:0.20903954802259886	QKRYVCRV:0.20903954802259886	PLGILYAV:0.22598870056497175	GILYAVGL:0.3107344632768362	LGILYAVG:0.22598870056497175	NMVATGFG:0.23163841807909605	ILYAVGLT:0.3220338983050847	
