cluster number:663
GH23:14	GH23:14
SPCGAWAH:0.21428571428571427	DATNPSSG:0.21428571428571427	YGSPCGAW:0.5714285714285714	GAYGIAQA:0.42857142857142855	GYIRDRYG:0.2857142857142857	AGSDWLTN:0.2857142857142857	GSDWLTNY:0.2857142857142857	SGAYGIAQ:0.6428571428571429	WGLGYIRD:0.2857142857142857	TDATNPSS:0.21428571428571427	PSSGAYGI:0.35714285714285715	AYGIAQAL:0.42857142857142855	YIRDRYGS:0.2857142857142857	IRDRYGSP:0.2857142857142857	GLGYIRDR:0.2857142857142857	SDWLTNYR:0.2857142857142857	TNPSSGAY:0.42857142857142855	LTNYRTQI:0.35714285714285715	WLTNYRTQ:0.5	YGIAQALP:0.35714285714285715	RDRYGSPC:0.2857142857142857	LGYIRDRY:0.2857142857142857	GSPCGAWA:0.21428571428571427	SSGAYGIA:0.42857142857142855	DWLTNYRT:0.5	NPSSGAYG:0.42857142857142855	DRYGSPCG:0.21428571428571427	ATNPSSGA:0.42857142857142855	RYGSPCGA:0.5714285714285714	LPPGKYAS:0.2857142857142857	LWTKESNW:0.35714285714285715	PPGKYASA:0.2857142857142857	ASLKGTTA:0.21428571428571427	GSDWLTSY:0.35714285714285715	TATNPYSG:0.42857142857142855	VNDPAGAK:0.42857142857142855	VEGEFRQG:0.21428571428571427	RTQIEWGL:0.21428571428571427	QIEWGLGY:0.21428571428571427	LKGTTAAV:0.21428571428571427	PYSGAYGI:0.5	GAVNDPAG:0.5	VVPSVPGG:0.21428571428571427	IEWGLGYI:0.21428571428571427	LCLAQLWT:0.21428571428571427	ATNPYSGA:0.42857142857142855	TTAAVEGE:0.21428571428571427	TNPYSGAY:0.42857142857142855	TAAVEGEF:0.2857142857142857	KYASAGSD:0.35714285714285715	VPSVPGGA:0.21428571428571427	AYGWGQDQ:0.2857142857142857	LTAQLASL:0.2857142857142857	SLKGTTAA:0.21428571428571427	LGAYGWGQ:0.2857142857142857	CLAQLWTK:0.21428571428571427	SGAYGIPQ:0.2857142857142857	VVVPSVPG:0.21428571428571427	TAQLASLK:0.21428571428571427	QALPPGKY:0.2857142857142857	AYGIPQAL:0.2857142857142857	LAQLWTKE:0.21428571428571427	ELTAQLAS:0.21428571428571427	YASAGSDW:0.35714285714285715	LASLKGTT:0.21428571428571427	AVNDPAGA:0.5	QLASLKGT:0.21428571428571427	SDWLTSYR:0.35714285714285715	YGIPQALP:0.2857142857142857	QFLCLAQL:0.21428571428571427	VPGGAVND:0.2857142857142857	GRLGAYGW:0.21428571428571427	IPQALPPG:0.21428571428571427	AQLASLKG:0.21428571428571427	PGKYASAG:0.2857142857142857	WLTSYRTQ:0.35714285714285715	PGGAVNDP:0.5	YRTQIEWG:0.21428571428571427	PVPPPVVV:0.21428571428571427	NPYSGAYG:0.5	PSVPGGAV:0.21428571428571427	AQLWTKES:0.21428571428571427	YSGAYGIP:0.2857142857142857	YGWGQDQF:0.21428571428571427	QAALAAYE:0.21428571428571427	GQAALAAY:0.21428571428571427	RLGAYGWG:0.35714285714285715	KGTTAAVE:0.21428571428571427	SVPGGAVN:0.21428571428571427	QAAKRAAA:0.2857142857142857	GAYGWGQD:0.2857142857142857	QLWTKESN:0.21428571428571427	FLCLAQLW:0.21428571428571427	AGSDWLTS:0.2857142857142857	DWLTSYRT:0.35714285714285715	GYPSWEDV:0.21428571428571427	AVEGEFRQ:0.21428571428571427	TTATNPYS:0.42857142857142855	AAVEGEFR:0.2857142857142857	TQIEWGLG:0.21428571428571427	GTTAAVEG:0.21428571428571427	SAGSDWLT:0.42857142857142855	GIPQALPP:0.21428571428571427	PQALPPGK:0.21428571428571427	GAYGIPQA:0.2857142857142857	ASAGSDWL:0.35714285714285715	DQFLCLAQ:0.21428571428571427	EWGLGYIR:0.21428571428571427	GGAVNDPA:0.42857142857142855	EGEFRQGQ:0.21428571428571427	GKYASAGS:0.21428571428571427	TKESNWLT:0.21428571428571427	AYGIAQSL:0.21428571428571427	WLTTATNP:0.2857142857142857	KESNWLTT:0.21428571428571427	YSGAYGIA:0.21428571428571427	WTKESNWL:0.21428571428571427	YGIAQSLP:0.21428571428571427	GAYGIAQS:0.21428571428571427	ESNWLTTA:0.2857142857142857	LTTATNPY:0.2857142857142857	NWLTTATN:0.2857142857142857	SNWLTTAT:0.2857142857142857	LTSYRTQV:0.2857142857142857	NRYGSPCG:0.21428571428571427	TNATNPSS:0.21428571428571427	AVAVQSYK:0.21428571428571427	NATNPSSG:0.21428571428571427	GIAQALPA:0.21428571428571427	AQALPASK:0.21428571428571427	QALPASKY:0.21428571428571427	GFPSWSDV:0.21428571428571427	AVQSYKSG:0.21428571428571427	AKGNAAAT:0.21428571428571427	LWERESNW:0.21428571428571427	QLASLNNT:0.21428571428571427	VQSYKSGG:0.21428571428571427	IAQALPAS:0.21428571428571427	
