cluster number:433
GH23:18	GH23:18
QGALHLAR:0.2222222222222222	SYNAGPGA:0.6111111111111112	ERIPYPET:0.6111111111111112	WVERIPYP:0.5	WQLQWDLA:0.4444444444444444	LWVERIPY:0.6111111111111112	RREAALLM:0.3888888888888889	ASYNAGPG:0.7777777777777778	VERIPYPE:0.5	AKQESRFA:0.2222222222222222	RIPYPETR:0.6111111111111112	QPAHPAAL:0.2222222222222222	YNAGPGAV:0.3888888888888889	GAVGVMQL:0.2777777777777778	IAKQESRF:0.5	QWDLAREA:0.3333333333333333	RSIASYNA:0.2222222222222222	HQGALHLA:0.2222222222222222	LQWDLARE:0.3333333333333333	AGAVGVMQ:0.2777777777777778	SIASYNAG:0.3333333333333333	IASYNAGP:0.4444444444444444	QLQWDLAR:0.4444444444444444	AIAKQESR:0.5	GALHLARW:0.3888888888888889	KQESRFSP:0.4444444444444444	YPETRLYT:0.2777777777777778	HLARWGAR:0.3333333333333333	LQLMPATA:0.2222222222222222	ETRLYTKK:0.2777777777777778	VGLLQLMP:0.2777777777777778	ARWGARWP:0.3333333333333333	LAARQQFW:0.2777777777777778	LLQLMPAT:0.2222222222222222	SPVGAVGL:0.2222222222222222	PEPLAARQ:0.2222222222222222	KKVLGNLW:0.3888888888888889	WGARWPGA:0.3888888888888889	EPLAARQQ:0.2222222222222222	VGAVGLLQ:0.2222222222222222	LYTKKVLG:0.2777777777777778	GAVGLLQL:0.2777777777777778	RWGARWPG:0.3333333333333333	PETRLYTK:0.2777777777777778	ALHLARWG:0.3888888888888889	DLAREALL:0.2222222222222222	WDLAREAL:0.2222222222222222	TRLYTKKV:0.2777777777777778	LPEPLAAR:0.2222222222222222	PVGAVGLL:0.2222222222222222	AKQESRFS:0.3888888888888889	TKKVLGNL:0.3333333333333333	LHLARWGA:0.2222222222222222	IPYPETRL:0.3888888888888889	PYPETRLY:0.3888888888888889	LARWGARW:0.3333333333333333	PLAARQQF:0.2777777777777778	YTKKVLGN:0.3888888888888889	VAAARVRL:0.4444444444444444	RLYTKKVL:0.2777777777777778	AVGLLQLM:0.2777777777777778	VASYNAGP:0.2222222222222222	ESRFSPGV:0.4444444444444444	HPAALAAA:0.3888888888888889	QESRFSPG:0.4444444444444444	YNAGPGAA:0.2222222222222222	GLLQLMPA:0.2222222222222222	PAHPAALA:0.3333333333333333	AHPAALAA:0.2777777777777778	ETRYYTKK:0.2777777777777778	ELWVERIP:0.4444444444444444	LAIAKQES:0.2222222222222222	RSAAVAAA:0.2222222222222222	YTKKVLDN:0.2777777777777778	TRYYTKKV:0.2777777777777778	MQLMPATA:0.2777777777777778	QLVEGRLR:0.2777777777777778	QLMPATAA:0.2777777777777778	LVEGRLRL:0.2222222222222222	LLAIAKQE:0.2222222222222222	RYYTKKVL:0.2222222222222222	EQLVEGRL:0.2222222222222222	LLLAIAKQ:0.2222222222222222	YRWSIDPQ:0.2222222222222222	AAARVRLA:0.2222222222222222	TKKVLDNL:0.2222222222222222	LLAGQGWG:0.2222222222222222	PELWVERI:0.2777777777777778	RLLAGQGW:0.2222222222222222	DPELWVER:0.2222222222222222	IGLMQLMP:0.2222222222222222	AIGLMQLM:0.2222222222222222	GAIGLMQL:0.2222222222222222	
