cluster number:308
GH23:21	GH23:21|CBM50:19
GFYGGLQF:0.5238095238095238	PRADLATR:0.42857142857142855	NGFYGGLQ:0.5238095238095238	PVCSKRYG:0.42857142857142855	WPVCSKRY:0.42857142857142855	DQWPWGCV:0.2857142857142857	GLQFWQPT:0.5238095238095238	APRADLAT:0.42857142857142855	VCSKRYGL:0.42857142857142855	GAWPVCSK:0.23809523809523808	GWGAWPVC:0.2857142857142857	YAPRADLA:0.2857142857142857	NTGNGFYG:0.47619047619047616	LQFWQPTW:0.5238095238095238	GNGFYGGL:0.5238095238095238	QWPWGCVA:0.2857142857142857	WGAWPVCS:0.23809523809523808	AWPVCSKR:0.42857142857142855	QGWGAWPV:0.2857142857142857	TGNGFYGG:0.47619047619047616	GGLQFWQP:0.5238095238095238	YGGLQFWQ:0.5714285714285714	FYGGLQFW:0.47619047619047616	PTWVEHGG:0.23809523809523808	WHINTGNG:0.23809523809523808	VEGGWQAL:0.23809523809523808	EGGWQALY:0.23809523809523808	FAPRADLA:0.23809523809523808	WPWGCLAE:0.23809523809523808	GDWHINTG:0.23809523809523808	PWGCLAEC:0.23809523809523808	DQWPWGCL:0.23809523809523808	GCLAECES:0.23809523809523808	DWHINTGN:0.23809523809523808	QWPWGCLA:0.23809523809523808	WGCLAECE:0.23809523809523808	QFWQPTWE:0.38095238095238093	
