cluster number:644
GH23:17	GH23:17
QGKKYAKQ:0.4117647058823529	KQGKKYAK:0.23529411764705882	ALIRQESS:0.23529411764705882	KKYAKQVK:0.29411764705882354	GCSSLGGG:0.23529411764705882	CSSLGGGS:0.47058823529411764	LIRQESSY:0.23529411764705882	SPAGAVGL:0.5294117647058824	AALIRQES:0.23529411764705882	IRQESSYR:0.5882352941176471	AGAVGLTQ:0.29411764705882354	PAGAVGLT:0.23529411764705882	GIQKAYSV:0.29411764705882354	GAVGLTQV:0.35294117647058826	GKKYAKQV:0.4117647058823529	MRKQGKKY:0.23529411764705882	DPLLVAAV:0.35294117647058826	VIRQESTY:0.23529411764705882	IRQESTYR:0.29411764705882354	LVAAVIRQ:0.29411764705882354	AAVIRQES:0.29411764705882354	RKQGKKYA:0.23529411764705882	LLVAAVIR:0.29411764705882354	PLLVAAVI:0.35294117647058826	PAGAVGLM:0.29411764705882354	VAAVIRQE:0.29411764705882354	LGYYNVGP:0.29411764705882354	AGAVGLMQ:0.35294117647058826	EKRSAKLS:0.23529411764705882	AVIRQEST:0.23529411764705882	RKMRKQGK:0.23529411764705882	ALAYYNVG:0.5882352941176471	KRYAKQVK:0.29411764705882354	ENNRKMRK:0.23529411764705882	KKALAYYN:0.47058823529411764	YAKQVKQH:0.47058823529411764	GKRYAKQV:0.29411764705882354	KALAYYNV:0.5882352941176471	AKQVKQHQ:0.23529411764705882	RYAKQVKQ:0.29411764705882354	LAYYNVGP:0.6470588235294118	YYNVGPTG:0.4117647058823529	ESSYRNYA:0.23529411764705882	KYNQSAGS:0.29411764705882354	SAGSWKKA:0.35294117647058826	AKQVKQHE:0.23529411764705882	YNVGPTGY:0.4117647058823529	SWKKALAY:0.35294117647058826	NQSAGSWK:0.35294117647058826	CPGDLFEE:0.23529411764705882	YNQSAGSW:0.35294117647058826	AGSWKKAL:0.4117647058823529	AYYNVGPT:0.47058823529411764	GSWKKALA:0.35294117647058826	LAKYNQSA:0.23529411764705882	QESSYRNY:0.29411764705882354	WKKALAYY:0.4117647058823529	RQESSYRN:0.23529411764705882	AKYNQSAG:0.29411764705882354	ILAKYNQS:0.23529411764705882	QSAGSWKK:0.35294117647058826	QVIPRYWQ:0.4117647058823529	QGKRYAKQ:0.23529411764705882	VIPRYWQQ:0.35294117647058826	GLTQVIPR:0.29411764705882354	AKLSKGIQ:0.29411764705882354	LTQVIPRY:0.29411764705882354	TQVIPRYW:0.29411764705882354	SSLGGGSV:0.29411764705882354	WKMKRQGK:0.23529411764705882	RQESSYRS:0.29411764705882354	ACSSLGGG:0.23529411764705882	TACSSLGG:0.23529411764705882	
