cluster number:624
GH23:11	GH23:11
IYNKYFKN:0.7272727272727273	YNKYFKNK:0.5454545454545454	VIYNKYFK:0.7272727272727273	GYVRGEEP:0.2727272727272727	WAGAKGLM:0.2727272727272727	SWAGAKGL:0.2727272727272727	AGAKGLMQ:0.2727272727272727	MGFEYELL:0.36363636363636365	QVLVQKKP:0.36363636363636365	SYFLYRGQ:0.36363636363636365	LVQKKPDN:0.36363636363636365	FIKYGYVR:0.2727272727272727	SFSQRIAW:0.36363636363636365	VLVQKKPD:0.36363636363636365	NKYFKNKR:0.2727272727272727	HVRDAQRL:0.2727272727272727	YGYVRGEE:0.2727272727272727	GWDWRLLA:0.2727272727272727	STSYFLYR:0.2727272727272727	WDWRLLAS:0.5454545454545454	TSYFLYRG:0.45454545454545453	IKYGYVRG:0.36363636363636365	YQESRFDP:0.36363636363636365	VPVSFSQR:0.36363636363636365	DWRLLASL:0.2727272727272727	GYEYELLK:0.2727272727272727	LYRGQPMG:0.2727272727272727	YGYVRGIE:0.2727272727272727	GQPMGYEY:0.36363636363636365	GYVRGIEP:0.2727272727272727	ASLIYQES:0.2727272727272727	YRGQPMGY:0.2727272727272727	YEYELLKR:0.2727272727272727	YYVIYNKY:0.36363636363636365	YVIYNKYF:0.36363636363636365	PVSFSQRI:0.2727272727272727	YFLYRGQP:0.2727272727272727	RGQPMGYE:0.2727272727272727	PMGYEYEL:0.36363636363636365	QKKPDNWR:0.2727272727272727	VQKKPDNW:0.2727272727272727	QPMGYEYE:0.36363636363636365	MGYEYELL:0.2727272727272727	FLYRGQPM:0.2727272727272727	PMGFEYEL:0.36363636363636365	DSIQKIKF:0.2727272727272727	NKYFKNKK:0.2727272727272727	GLMQLMPA:0.2727272727272727	QVLVQRKP:0.2727272727272727	LMQLMPAT:0.2727272727272727	MQLMPATA:0.2727272727272727	
