cluster number:323
GH23:11	GH23:11
ALSAYNTG:0.2727272727272727	VQQESGGN:0.7272727272727273	PVITWTPQ:0.2727272727272727	TWTPQASP:0.45454545454545453	IVQQESGG:0.6363636363636364	ITWTPQAS:0.2727272727272727	SVDIGLAQ:0.6363636363636364	GHSVDIGL:0.6363636363636364	ESGGNPLA:0.6363636363636364	AIVQQESG:0.6363636363636364	WTPQASPL:0.6363636363636364	GNPLALHD:0.5454545454545454	QESGGNPL:0.6363636363636364	QQESGGNP:0.6363636363636364	NPLALHDN:0.5454545454545454	HSVDIGLA:0.6363636363636364	AAIVQQES:0.6363636363636364	SGGNPLAL:0.5454545454545454	LSAYNTGT:0.2727272727272727	GGNPLALH:0.5454545454545454	PLALHDNT:0.5454545454545454	LALHDNTT:0.2727272727272727	QGHSVDIG:0.2727272727272727	ALHDNTTG:0.2727272727272727	VITWTPQA:0.2727272727272727	GVVVPAIP:0.36363636363636365	VTLAAIVQ:0.45454545454545453	LIAQGHSV:0.2727272727272727	ALHDNTSG:0.36363636363636365	APVTLAAI:0.45454545454545453	RSGDLRAT:0.36363636363636365	QCAPQIAP:0.45454545454545453	TLAAIVQQ:0.45454545454545453	DLGLAQIN:0.2727272727272727	DNTSGKSY:0.45454545454545453	ELIAQGHS:0.36363636363636365	LALHDNTS:0.36363636363636365	APQIAPVT:0.45454545454545453	AEAARLAR:0.2727272727272727	TSGKSYRP:0.2727272727272727	PQIAPVTL:0.45454545454545453	LRATLSAY:0.36363636363636365	EQCAPQIA:0.2727272727272727	SGDLRATL:0.36363636363636365	LAAIVQQE:0.45454545454545453	GDLRATLS:0.36363636363636365	VVPAIPGG:0.45454545454545453	DLRATLSA:0.2727272727272727	ARLARELI:0.2727272727272727	RELIAQGH:0.36363636363636365	NTSGKSYR:0.2727272727272727	LHDNTSGK:0.36363636363636365	AGVVVPAI:0.36363636363636365	IAPVTLAA:0.45454545454545453	QIAPVTLA:0.45454545454545453	CAPQIAPV:0.45454545454545453	KAGVVVPA:0.36363636363636365	SGKSYRPA:0.2727272727272727	VVVPAIPG:0.36363636363636365	RATLSAYN:0.36363636363636365	PVTLAAIV:0.45454545454545453	ATLSAYNT:0.36363636363636365	RLARELIA:0.2727272727272727	LGLAQINS:0.2727272727272727	IAQGHSVD:0.2727272727272727	HDNTSGKS:0.45454545454545453	LARELIAQ:0.2727272727272727	TLSAYNTG:0.45454545454545453	ARELIAQG:0.36363636363636365	GLAQINSR:0.45454545454545453	LAQINSRN:0.45454545454545453	FGKAGVVV:0.2727272727272727	IASWATVG:0.2727272727272727	GMAYGEKV:0.36363636363636365	EKVFGKAG:0.36363636363636365	AALPPVRP:0.2727272727272727	WATVGAAL:0.2727272727272727	AYGEKVFG:0.36363636363636365	KVFGKAGV:0.36363636363636365	VGAALPPV:0.2727272727272727	TVGAALPP:0.2727272727272727	ATVGAALP:0.2727272727272727	PVGMAYGE:0.45454545454545453	TPQASPLA:0.36363636363636365	QINSRNLP:0.36363636363636365	VPAIPGGQ:0.36363636363636365	GAALPPVR:0.2727272727272727	IPGGQIAS:0.2727272727272727	AQINSRNL:0.45454545454545453	GKAGVVVP:0.2727272727272727	AIPGGQIA:0.2727272727272727	MAYGEKVF:0.36363636363636365	SPVGMAYG:0.45454545454545453	SWATVGAA:0.2727272727272727	YGEKVFGK:0.36363636363636365	GEKVFGKA:0.36363636363636365	IGLAQINS:0.45454545454545453	PAIPGGQI:0.2727272727272727	GGQIASWA:0.2727272727272727	ASWATVGA:0.2727272727272727	PGGQIASW:0.2727272727272727	VDIGLAQI:0.45454545454545453	GQIASWAT:0.2727272727272727	QIASWATV:0.2727272727272727	ALPPVRPV:0.36363636363636365	VFGKAGVV:0.2727272727272727	PQASPLAP:0.36363636363636365	VGMAYGEK:0.36363636363636365	DIGLAQIN:0.45454545454545453	RGHSVDIG:0.36363636363636365	SYRPASVA:0.2727272727272727	PRLGLGVD:0.2727272727272727	GLGVDQVL:0.2727272727272727	PASVAEAA:0.2727272727272727	KSYRPASV:0.2727272727272727	LGLGVDQV:0.2727272727272727	NLPRLGLG:0.2727272727272727	RPASVAEA:0.2727272727272727	GKSYRPAS:0.2727272727272727	AQTVLMEG:0.2727272727272727	LPRLGLGV:0.2727272727272727	YRPASVAE:0.2727272727272727	AAQTVLME:0.2727272727272727	ASVAEAAR:0.2727272727272727	QTVLMEGW:0.2727272727272727	RIARELIA:0.2727272727272727	RLGLGVDQ:0.2727272727272727	
