cluster number:488
GH23:6	GH23:6
DNIRGGTR:0.3333333333333333	VMHFTNTP:0.3333333333333333	DPFDPEDN:0.3333333333333333	AVIKAESN:0.3333333333333333	EDNIRGGT:0.3333333333333333	AYNAGPGA:0.6666666666666666	DLALAAYN:0.5	RGGTRYLR:0.5	GGTRYLRK:0.3333333333333333	MHFTNTPT:0.3333333333333333	IRGGTRYL:0.5	NIRGGTRY:0.5	FNGNLDLA:0.5	LFNGNLDL:0.3333333333333333	PEDNIRGG:0.3333333333333333	NGNLDLAL:0.5	YNAGPGAV:0.6666666666666666	NGVMHFTN:0.3333333333333333	NLDLALAA:0.5	PFDPEDNI:0.3333333333333333	LDLFNGNL:0.3333333333333333	LAAYNAGP:1.0	LDLALAAY:0.5	DLFNGNLD:0.3333333333333333	NAGPGAVR:0.6666666666666666	ANRLEKAL:0.3333333333333333	ADIYRYVD:0.5	GVMHFTNT:0.3333333333333333	DIYRYVDS:0.3333333333333333	YSFYLKES:0.3333333333333333	NRLEKALV:0.3333333333333333	GNLDLALA:0.5	SFYLKESP:0.3333333333333333	LALAAYNA:1.0	ALAAYNAG:1.0	DPEDNIRG:0.3333333333333333	AAYNAGPG:0.6666666666666666	FDPEDNIR:0.3333333333333333	VIKAESNY:0.3333333333333333	HGGIPPYA:0.3333333333333333	AGPGAVRR:0.5	GIPPYAET:0.3333333333333333	HGVMHFTN:0.3333333333333333	RHGGIPPY:0.6666666666666666	RRHGGIPP:0.6666666666666666	VRRHGGIP:0.6666666666666666	AVRRHGGI:0.6666666666666666	GAVRRHGG:0.5	RAVIKAES:0.3333333333333333	GGIPPYAE:0.3333333333333333	PGAVRRHG:0.5	LVRAVIKA:0.3333333333333333	IPPYAETR:0.3333333333333333	ALVRAVIK:0.3333333333333333	VRAVIKAE:0.3333333333333333	GPGAVRRH:0.5	PEENIRGG:0.3333333333333333	GIPPYPET:0.3333333333333333	AVIKVESD:0.3333333333333333	AAYNAGPT:0.3333333333333333	DPEENIRG:0.3333333333333333	GGIPPYPE:0.3333333333333333	ELALAAYN:0.3333333333333333	LELALAAY:0.3333333333333333	
