cluster number:640
GH23:70	GH23:70|CBM50:53
PYLPRETR:0.2	QFMLATGK:0.21428571428571427	INSLVDER:0.24285714285714285	WQFMLATG:0.21428571428571427	GNVNKAIR:0.2	ESALNPTA:0.2	YPYLPRET:0.2	GAAGLWQF:0.24285714285714285	AAGLWQFM:0.24285714285714285	LNPQYRQG:0.2	RGYVPAFI:0.6714285714285714	KSSYAAAR:0.2	LPKETRGY:0.45714285714285713	GYVPAFIA:0.6428571428571429	TRGYVPAF:0.6714285714285714	PAFIAANY:0.5571428571428572	SSYAAARM:0.2	ALAAYNCG:0.21428571428571427	LPVIESGL:0.22857142857142856	SYAAARML:0.2	YVPAFIAA:0.6285714285714286	AAYNCGPG:0.6714285714285714	LALAAYNC:0.21428571428571427	ETRGYVPA:0.6714285714285714	KETRGYVP:0.44285714285714284	FIAANYVM:0.37142857142857144	VIESGLNP:0.21428571428571427	PKETRGYV:0.44285714285714284	PVIESGLN:0.21428571428571427	VPAFIAAN:0.5428571428571428	LAAYNCGP:0.2714285714285714	AFIAANYV:0.38571428571428573	LPRETRGY:0.2	RETRGYVP:0.2	MPIFEEAL:0.2857142857142857	PLELKYLP:0.35714285714285715	PRETRGYV:0.2	GLPLELKY:0.2	LVDERRDP:0.2714285714285714	YMPIFEEA:0.2857142857142857	NSLVDERR:0.24285714285714285	YNCGPGNV:0.2571428571428571	LPLELKYL:0.32857142857142857	YLPIIESA:0.24285714285714285	LPIIESAL:0.2714285714285714	SLVDERRD:0.2571428571428571	LKYLPVIE:0.2571428571428571	IAAYNCGP:0.4142857142857143	FYMPIFEE:0.2714285714285714	LELKYLPV:0.21428571428571427	ELKYLPVI:0.2571428571428571	KYLPVIES:0.2571428571428571	NFYMPIFE:0.2714285714285714	AYNCGPGT:0.2714285714285714	NCGPGNVN:0.21428571428571427	LPVIESAL:0.2	PIFEEALD:0.2714285714285714	AYNCGPGN:0.22857142857142856	VIESALNP:0.2	LVIAAYNC:0.3142857142857143	VIAAYNCG:0.3142857142857143	INKAIRRA:0.22857142857142856	GATGLWQF:0.2	NLVIAAYN:0.2714285714285714	ATGLWQFM:0.2	DWNLVIAA:0.2714285714285714	WNLVIAAY:0.2714285714285714	VRKFIDMY:0.2	YNCGPGTI:0.2571428571428571	GPGTINKA:0.2571428571428571	GTINKAIR:0.2571428571428571	TINKAIRR:0.2571428571428571	NCGPGTIN:0.2571428571428571	RKFIDMYA:0.22857142857142856	YLPKETRG:0.21428571428571427	CGPGTINK:0.2571428571428571	PGTINKAI:0.2571428571428571	ESALNPSA:0.2	IESALNPS:0.2	WAAARYLK:0.22857142857142856	TWAAARYL:0.24285714285714285	IIESALNP:0.24285714285714285	PIIESALN:0.22857142857142856	
