cluster number:104
GH25:21	GH25:21|CBM50:1
HALWIARH:0.2857142857142857	DGRTLPPA:0.23809523809523808	HFALPDRS:0.23809523809523808	ARAKGARF:0.3333333333333333	QAAYFVRH:0.2857142857142857	AAYFVRHG:0.2857142857142857	WIRSFSDE:0.2857142857142857	RRPVIYTT:0.7142857142857143	GGWRYWTF:0.2857142857142857	CTGNSRAF:0.2857142857142857	ALDIEYNP:0.6190476190476191	GRTLPPAL:0.23809523809523808	DQNLFNGS:0.5238095238095238	PGGWRYWT:0.2857142857142857	LPGDQNLF:0.5714285714285714	SHALWIAR:0.23809523809523808	VRWIRSFS:0.3333333333333333	GRLPGDQN:0.2857142857142857	RLPGDQNL:0.2857142857142857	MVRWIRSF:0.3333333333333333	PALDIEYN:0.6190476190476191	TGNSRAFS:0.23809523809523808	ALWIARHG:0.2857142857142857	WRYWTFWQ:0.2857142857142857	LPPALDIE:0.8571428571428571	GWRYWTFW:0.2857142857142857	RAKGARFV:0.3333333333333333	GAYHFALP:0.47619047619047616	TLPPALDI:0.8571428571428571	AKGARFVY:0.38095238095238093	LDIEYNPY:0.6190476190476191	FVRHGGDW:0.23809523809523808	AYHFALPD:0.3333333333333333	AARAKGAR:0.2857142857142857	PPALDIEY:0.6190476190476191	LWIARHGT:0.2857142857142857	YFVRHGGD:0.23809523809523808	RMVRWIRS:0.3333333333333333	PRGHDVSS:0.42857142857142855	LPGGWRYW:0.2857142857142857	DIEYNPYS:0.23809523809523808	YHFALPDR:0.23809523809523808	RTLPPALD:0.23809523809523808	RPVIYTTA:0.42857142857142855	QNLFNGSL:0.23809523809523808	TGRRPVIY:0.7142857142857143	RWIRSFSD:0.2857142857142857	GDQNLFNG:0.5238095238095238	PGDQNLFN:0.5238095238095238	ETGRRPVI:0.23809523809523808	GRRPVIYT:0.7619047619047619	RGAYHFAL:0.47619047619047616	AYFVRHGG:0.2857142857142857	SHQKNVDW:0.23809523809523808	VYVKATES:0.5238095238095238	ADGWTLPP:0.5238095238095238	RFVYVKAT:0.5238095238095238	GWTLPPAL:0.5714285714285714	DVSSHQKN:0.2857142857142857	HDVSSHQK:0.5238095238095238	RPVIYTTT:0.2857142857142857	VSSHQKNV:0.2857142857142857	ARFVYVKA:0.5238095238095238	DGWTLPPA:0.5714285714285714	KGARFVYV:0.42857142857142855	GSLPGDQN:0.2857142857142857	SSHQKNVD:0.23809523809523808	HQKNVDWQ:0.23809523809523808	KKHKCYGL:0.23809523809523808	WTLPPALD:0.5714285714285714	HWWNTCTG:0.23809523809523808	GARFVYVK:0.5238095238095238	GHDVSSHQ:0.6666666666666666	FVYVKATE:0.5238095238095238	WTFWQYDN:0.23809523809523808	RGHDVSSH:0.3333333333333333	GLLRGAYH:0.23809523809523808	LLRGAYHF:0.23809523809523808	AGLLRGAY:0.23809523809523808	LRGAYHFA:0.23809523809523808	ALDIEHNP:0.23809523809523808	PALDIEHN:0.23809523809523808	PLGHDVSS:0.23809523809523808	PPALDIEH:0.23809523809523808	YVKATEST:0.3333333333333333	IRGAYHFA:0.23809523809523808	YHFARPDR:0.23809523809523808	RPDRSSGA:0.23809523809523808	HFARPDRS:0.23809523809523808	RADGWTLP:0.2857142857142857	ARPDRSSG:0.23809523809523808	AYHFARPD:0.23809523809523808	GAYHFARP:0.23809523809523808	WRADGWTL:0.2857142857142857	RGAYHFAR:0.23809523809523808	FARPDRSS:0.23809523809523808	
