cluster number:123
GH25:17	GH25:17
GAYHFFRP:0.35294117647058826	VSYYQGKI:0.29411764705882354	VDPYFQRN:0.4117647058823529	DPYFQRNW:0.4117647058823529	RNWREAPK:0.29411764705882354	GDLPPVVD:0.5882352941176471	GIDVSYYQ:0.35294117647058826	VVDFNAFN:0.23529411764705882	LPPVVDIE:0.5882352941176471	DFNAFNGD:0.29411764705882354	FQRNWREA:0.35294117647058826	AFIKATEG:0.5294117647058824	HVVDFNAF:0.29411764705882354	LSPFYYGY:0.4117647058823529	YPLWIAHY:0.4117647058823529	IDVSYYQG:0.35294117647058826	SPFYYGYV:0.29411764705882354	FAFIKATE:0.5294117647058824	WREAPKAG:0.23529411764705882	LLSPFYYG:0.4117647058823529	DLPPVVDI:0.5882352941176471	DVSYYQGK:0.29411764705882354	PYFQRNWR:0.4117647058823529	YFQRNWRE:0.47058823529411764	NWREAPKA:0.23529411764705882	CGAYHFFR:0.29411764705882354	FWQHSDKA:0.5294117647058824	FIKATEGL:0.23529411764705882	VDFNAFNG:0.23529411764705882	FNAFNGDS:0.29411764705882354	HGIDVSYY:0.35294117647058826	IHGIDVSY:0.29411764705882354	WQHSDKAR:0.29411764705882354	YYQGKIDW:0.23529411764705882	PLWIAHYH:0.23529411764705882	ILLSPFYY:0.23529411764705882	INHVVDFN:0.29411764705882354	AGDLPPVV:0.23529411764705882	AKFFLQTV:0.23529411764705882	GINHVVDF:0.29411764705882354	SYYQGKID:0.23529411764705882	QAKFFLQT:0.23529411764705882	NHVVDFNA:0.23529411764705882	WQAKFFLQ:0.23529411764705882	LWIAHYHQ:0.23529411764705882	EAGDLPPV:0.23529411764705882	KPIIYSGL:0.23529411764705882	QHSDKARI:0.23529411764705882	WSFWQHSD:0.23529411764705882	
