cluster number:110
GH25:17	GH25:17
YPLWLAEY:0.29411764705882354	HKARPAMD:0.29411764705882354	KARPAMDP:0.23529411764705882	LWLAEYGV:0.23529411764705882	FVKATEGT:0.35294117647058826	SSWQHPHG:0.23529411764705882	EYPLWLAE:0.29411764705882354	PDGVRLPE:0.23529411764705882	AASGQSFA:0.23529411764705882	PANRYYEA:0.23529411764705882	FAFVKATE:0.23529411764705882	YHKARPAM:0.29411764705882354	ASGQSFAF:0.23529411764705882	PLWLAEYG:0.23529411764705882	GPANRYYE:0.23529411764705882	FSEYPLWL:0.6470588235294118	SEYPLWLA:0.6470588235294118	AFVKATEG:0.23529411764705882	ANRYYEAD:0.23529411764705882	SWQHPHGA:0.23529411764705882	TEGTGYTN:0.35294117647058826	IIYTYYSF:0.35294117647058826	FIKATEGT:0.4117647058823529	RDPIIYTY:0.47058823529411764	WIDEIKTL:0.29411764705882354	IKTLTGRD:0.29411764705882354	GSYHYAKP:0.23529411764705882	IKATEGTG:0.4117647058823529	YPLWLAYY:0.5882352941176471	DEIKTLTG:0.29411764705882354	MGNTTEFS:0.29411764705882354	LDLEETGG:0.29411764705882354	LTGRDPII:0.35294117647058826	PSLPPTLD:0.23529411764705882	KTLTGRDP:0.29411764705882354	NWVREWID:0.23529411764705882	DLEETGGL:0.29411764705882354	REWIDEIK:0.4117647058823529	SFAFIKAT:0.47058823529411764	GQSFAFIK:0.47058823529411764	KATEGTGY:0.35294117647058826	VDLNTYYG:0.29411764705882354	AALVATDV:0.4117647058823529	PGSYHYAK:0.23529411764705882	AFIKATEG:0.47058823529411764	QNWVREWI:0.23529411764705882	PPTLDLEE:0.23529411764705882	WVREWIDE:0.35294117647058826	DPIIYTYY:0.35294117647058826	TEFSEYPL:0.47058823529411764	MRSLPWRR:0.29411764705882354	TGYTNPYF:0.29411764705882354	FAFIKATE:0.47058823529411764	TPARLTAT:0.23529411764705882	SLPPTLDL:0.23529411764705882	VTFWQYSG:0.35294117647058826	TPGSYHYA:0.29411764705882354	VITDVDLN:0.23529411764705882	EGTGYTNP:0.35294117647058826	EIKTLTGR:0.29411764705882354	GRDPIIYT:0.47058823529411764	IDVASHQH:0.29411764705882354	EFSEYPLW:0.47058823529411764	TTEFSEYP:0.47058823529411764	GNTTEFSE:0.23529411764705882	PLWLAYYN:0.23529411764705882	ALVATDVL:0.23529411764705882	EYPLWLAY:0.5294117647058824	GYTNPYFS:0.23529411764705882	SHQHPGGA:0.29411764705882354	TGRDPIIY:0.47058823529411764	VREWIDEI:0.35294117647058826	ASHQHPGG:0.35294117647058826	TLTGRDPI:0.29411764705882354	DVASHQHP:0.4117647058823529	DGVITDVD:0.23529411764705882	VASHQHPG:0.4117647058823529	LQNWVREW:0.23529411764705882	VAALVATD:0.4117647058823529	GVITDVDL:0.23529411764705882	QSFAFIKA:0.5294117647058824	FWQYSGSG:0.29411764705882354	HQHPGGAA:0.29411764705882354	HPGGAAID:0.29411764705882354	GTGYTNPY:0.29411764705882354	VDGVITDV:0.23529411764705882	PIIYTYYS:0.35294117647058826	SGQSFAFI:0.29411764705882354	LPPTLDLE:0.23529411764705882	IYTYYSFW:0.35294117647058826	GIDVASHQ:0.29411764705882354	ATEGTGYT:0.35294117647058826	LVATDVLP:0.23529411764705882	TFWQYSGS:0.29411764705882354	NTTEFSEY:0.47058823529411764	PGGAAIDW:0.29411764705882354	IDEIKTLT:0.29411764705882354	QHPGGAAI:0.29411764705882354	LPPVLDLE:0.47058823529411764	GSAATVAA:0.29411764705882354	TVAALVAT:0.35294117647058826	SAATVAAL:0.29411764705882354	ATVAALVA:0.23529411764705882	AATVAALV:0.23529411764705882	PPVLDLEE:0.35294117647058826	SYHYARPG:0.4117647058823529	QPSLPPVL:0.35294117647058826	SLPPVLDL:0.35294117647058826	PGSYHYAR:0.35294117647058826	PSLPPVLD:0.35294117647058826	GSYHYARP:0.4117647058823529	YTYYSFWI:0.23529411764705882	EGTSYTNP:0.29411764705882354	TEGTSYTN:0.29411764705882354	MANTTEFS:0.23529411764705882	ATEGTSYT:0.29411764705882354	ANTTEFSE:0.23529411764705882	VKATEGTS:0.23529411764705882	KATEGTSY:0.29411764705882354	
