cluster number:33
GH25:79	GH25:79|CBM50:2
GCVVGFYH:0.25316455696202533	YFVEKCAS:0.21518987341772153	FYHFLWPG:0.8607594936708861	WRIHQYTD:0.34177215189873417	MLHGVDVS:0.22784810126582278	PRIKAKWR:0.379746835443038	TEGRSYIN:0.25316455696202533	KWRIHQYT:0.20253164556962025	YCNRDFWL:0.24050632911392406	VKATEGRS:0.27848101265822783	ATEGRSYI:0.24050632911392406	AKWRIHQY:0.20253164556962025	VVGFYHFL:0.810126582278481	LYCNRDFW:0.25316455696202533	EGRSYINP:0.25316455696202533	GLWIADYV:0.7341772151898734	FVFVKATE:0.31645569620253167	GFYHFLWP:0.8607594936708861	FVKATEGR:0.3037974683544304	VFVKATEG:0.31645569620253167	HFLWPGNI:0.4050632911392405	VGFYHFLW:0.8227848101265823	KATEGRSY:0.6329113924050633	YHFLWPGN:0.7088607594936709	AGCVVGFY:0.21518987341772153	DGLWIADY:0.8227848101265823	CVVGFYHF:0.4050632911392405	LWIADYVT:0.5316455696202531	TEGRSYVN:0.4430379746835443	RVLLYCNR:0.24050632911392406	EGRSYVNP:0.45569620253164556	HRVLLYCN:0.21518987341772153	IKATEGRS:0.3670886075949367	WIADYVTA:0.46835443037974683	ATEGRSYV:0.3924050632911392	IADYVTAG:0.46835443037974683	DTTSYAGD:0.5063291139240507	GLVVGFYH:0.3037974683544304	AGLVVGFY:0.3037974683544304	TDGLSFVF:0.24050632911392406	RSYVNPKL:0.20253164556962025	LVVGFYHF:0.34177215189873417	AGDGLWIA:0.6962025316455697	MLRGIDVS:0.26582278481012656	HFLWPGNL:0.22784810126582278	RDAGLVVG:0.25316455696202533	AKWRFHQY:0.24050632911392406	YAGDGLWI:0.6708860759493671	KWRFHQYT:0.21518987341772153	VDTTSYAG:0.22784810126582278	TTSYAGDG:0.4810126582278481	DAGLVVGF:0.25316455696202533	SYAGDGLW:0.6075949367088608	GIDVSAYQ:0.2911392405063291	GDGLWIAD:0.7088607594936709	TSYAGDGL:0.569620253164557	IDVSAYQS:0.25316455696202533	GRSYVNPK:0.24050632911392406	LAVDWETT:0.4430379746835443	DILAVDWE:0.22784810126582278	FIKATEGR:0.35443037974683544	ADYVTAGK:0.3670886075949367	VFIKATEG:0.3291139240506329	AVDWETTG:0.3670886075949367	GTHASNAE:0.20253164556962025	GKPRIKAK:0.25316455696202533	KPRIKAKW:0.25316455696202533	DYVTAGKP:0.3670886075949367	VTAGKPRI:0.3670886075949367	HASNAEKD:0.22784810126582278	DVSAYQSS:0.22784810126582278	ILAVDWET:0.20253164556962025	AGKPRIKA:0.3291139240506329	THASNAEK:0.20253164556962025	GDILAVDW:0.21518987341772153	TAGKPRIK:0.2911392405063291	FVFIKATE:0.3291139240506329	YVTAGKPR:0.3670886075949367	LLAVDWET:0.24050632911392406	ASNAEKDR:0.26582278481012656	MLHGIDVS:0.24050632911392406	SNAEKDRF:0.26582278481012656	NAEKDRFI:0.27848101265822783	DLLAVDWE:0.3924050632911392	GIDVSSHQ:0.21518987341772153	AEKDRFIR:0.26582278481012656	GDLLAVDW:0.27848101265822783	
