cluster number:77
GH25:15	GH25:15
MTTVPRDN:0.26666666666666666	NLVESHAG:0.26666666666666666	VEWGTLAA:0.2	FAYIRAAR:0.26666666666666666	LVNLVESH:0.26666666666666666	YIRAARGA:0.26666666666666666	HIDGVDGP:0.4	GADFAYIR:0.6666666666666666	NAALPPVI:0.8	AQGADFAY:0.6	SGINRTLW:0.8	TVPRDNAA:0.6666666666666666	PWVMWTAS:0.3333333333333333	FAANWRGA:0.2	MRHIDGVD:0.4	LAAQGADF:0.6	DNAALPPV:0.9333333333333333	TLVNLVES:0.3333333333333333	TTVPRDNA:0.6	YDIASGIN:0.26666666666666666	TASDMRHI:0.5333333333333333	VNLVESHA:0.26666666666666666	PPVIRLGF:0.2	ASGINRTL:0.5333333333333333	EWGTLAAQ:0.4	WGTLAAQG:0.7333333333333333	NTLVNLVE:0.4	LVESHAGK:0.26666666666666666	AGMRYGAA:0.2	ELNTLVNL:0.5333333333333333	DFAYIRAA:0.6666666666666666	GTLAAQGA:0.6	WVMWTASD:0.5333333333333333	MWTASDMR:0.5333333333333333	QGADFAYI:0.6	VPRDNAAL:0.9333333333333333	IASGINRT:0.5333333333333333	SELNTLVN:0.5333333333333333	VMWTASDM:0.5333333333333333	TLAAQGAD:0.6	GMRYGAAL:0.2	PRDNAALP:0.9333333333333333	LSELNTLV:0.5333333333333333	RPWVMWTA:0.26666666666666666	ASDMRHID:0.5333333333333333	ALPPVIRL:0.8	MRYGAALD:0.2	AAQGADFA:0.6	WTASDMRH:0.6	LPPVIRLG:0.2	AYIRAARG:0.26666666666666666	ADFAYIRA:0.6666666666666666	DIASGINR:0.26666666666666666	AALPPVIR:0.8	SDMRHIDG:0.5333333333333333	LNTLVNLV:0.4	DMRHIDGV:0.4666666666666667	RDNAALPP:0.9333333333333333	RHIDGVDG:0.4	AANWRGAR:0.2	FMTTVPRD:0.26666666666666666	VLSELNTL:0.6666666666666666	RLAFDPSC:0.2	RTLWLDGN:0.4666666666666667	ANDMRHID:0.26666666666666666	PPVIRLAF:0.6	PVIRLAFD:0.4	NRTLWLDG:0.4666666666666667	GNFFPPDY:0.5333333333333333	ATRRWVMW:0.2	GAALDFSL:0.2	DGNFFPPD:0.4666666666666667	IDWGTLAA:0.4	AALDFSLC:0.2	FITTVPRD:0.26666666666666666	LDGNFFPP:0.4666666666666667	PDYATRRW:0.2	INRTLWLD:0.6666666666666666	WTANDMRH:0.26666666666666666	IRLAFDPS:0.2	PPDYATRR:0.2	RRWVMWTA:0.2	LLSELNTL:0.2	NDMRHIDG:0.26666666666666666	TRRWVMWT:0.2	YATRRWVM:0.2	VMWTANDM:0.26666666666666666	FFPPDYAT:0.5333333333333333	TLWLDGNF:0.4666666666666667	DYATRRWV:0.2	DGVDGPVR:0.26666666666666666	LPPVIRLA:0.6	WVMWTAND:0.26666666666666666	IDGVDGPV:0.26666666666666666	GVDGPVRW:0.26666666666666666	LWLDGNFF:0.4666666666666667	GINRTLWL:0.6666666666666666	RYGAALDF:0.2	VIRLAFDP:0.4	WLDGNFFP:0.4666666666666667	FPPDYATR:0.4666666666666667	ITTVPRDN:0.26666666666666666	MWTANDMR:0.26666666666666666	YGAALDFS:0.2	TANDMRHI:0.26666666666666666	NFFPPDYA:0.5333333333333333	LNTLINLI:0.3333333333333333	ELNTLINL:0.3333333333333333	PGQDAVLS:0.2	NRTLWLDR:0.26666666666666666	VSDDFDAQ:0.2	DAVLSELN:0.3333333333333333	DGPVRWDV:0.2	ARPGQDAV:0.2	LSELNTLI:0.3333333333333333	MTMVPRDN:0.26666666666666666	LNVSDDFD:0.26666666666666666	RKWVMWTA:0.3333333333333333	IDGIDGPV:0.26666666666666666	FPTQGVSV:0.2	NVSDDFDA:0.2	DMRHIDGI:0.3333333333333333	HIDGIDGP:0.26666666666666666	DWGTLAAQ:0.3333333333333333	LGGWLYAR:0.2	RTLWLDRN:0.26666666666666666	GFMTMVPR:0.26666666666666666	GIDGPVRW:0.2	FMTMVPRD:0.26666666666666666	INLIESHA:0.2	ATGFMTMV:0.26666666666666666	NLIESHAG:0.26666666666666666	TMVPRDNA:0.26666666666666666	DGIDGPVR:0.2	MVPRDNAA:0.26666666666666666	RHIDGIDG:0.26666666666666666	LIESHAGT:0.2	SDDFDAQY:0.2	FSLCARAS:0.2	TQGVSVSS:0.2	KWVMWTAN:0.2	TLWLDRNF:0.26666666666666666	GQDAVLSE:0.26666666666666666	KRKWVMWT:0.2	PAFEANWA:0.26666666666666666	TGFMTMVP:0.26666666666666666	NTLINLIE:0.3333333333333333	LDFSLCAR:0.2	DPAFEANW:0.26666666666666666	AVLSELNT:0.3333333333333333	DFSLCARA:0.2	QATGFMTM:0.26666666666666666	PTQGVSVS:0.2	ALGGWLYA:0.2	SELNTLIN:0.3333333333333333	RPGQDAVL:0.2	MRHIDGID:0.26666666666666666	LINLIESH:0.3333333333333333	TLINLIES:0.3333333333333333	IDGPVRWD:0.2	RDPAFEAN:0.26666666666666666	QDAVLSEL:0.26666666666666666	RAAGMRYG:0.2	RLAFDPGC:0.2	FRDPAFEA:0.2	AAGMRYGA:0.2	IRLAFDPG:0.2	LWLDRNFF:0.2	ARAAGMRY:0.2	IEWGTLAA:0.2	PDYATRPW:0.2	ESHAGKTV:0.2	PPDYATRP:0.2	DYATRPWV:0.2	GSGINRTL:0.26666666666666666	LASDQATR:0.2	ASDQATRF:0.2	YDIGSGIN:0.2	DIGSGINR:0.2	RLASDQAT:0.2	GKTVLLNV:0.2	HAGKTVLL:0.2	IGSGINRT:0.2	AGKTVLLN:0.2	CRLASDQA:0.2	CTARPGRD:0.2	
