cluster number:151
GH25:48	GH25:48
HGFIRGAY:0.4166666666666667	GIDISHYQ:0.3958333333333333	GFIRGAYH:0.5625	IDISHYQG:0.3958333333333333	VDLNIFNG:0.2916666666666667	KLDSGDLP:0.2916666666666667	LYTSYKFK:0.4583333333333333	YWIAHYYV:0.8333333333333334	YPYWIAHY:0.8333333333333334	VKPILYTS:0.4375	YTSYKFKT:0.375	WIAHYYVD:0.7083333333333334	FIRGAYHF:0.4791666666666667	SHYQGNID:0.2916666666666667	DLPPVLDI:0.3541666666666667	RPYSYRWK:0.25	TSYKFKTR:0.3541666666666667	WKFWQHTD:0.3333333333333333	AHYYVDSV:0.4791666666666667	FWQHTDVG:0.375	PILYTSYK:0.4583333333333333	LDSGDLPP:0.2916666666666667	PYWIAHYY:0.8333333333333334	YKFKTRYL:0.3541666666666667	IRGAYHFY:0.25	KPILYTSY:0.4375	IAHYYVDS:0.5	HYQGNIDW:0.2916666666666667	YQGNIDWK:0.25	FNGSLEEL:0.25	SGDLPPVL:0.3333333333333333	IRPYSYRW:0.25	ILYTSYKF:0.4583333333333333	LPPVLDIE:0.3541666666666667	DLNIFNGS:0.2916666666666667	VKLDSGDL:0.2916666666666667	GDLPPVLD:0.875	SYKFKTRY:0.3541666666666667	DSGDLPPV:0.2916666666666667	HFWSNKSS:0.20833333333333334	ISTEEFQQ:0.2708333333333333	GIDISHHQ:0.20833333333333334	IHGIDISH:0.3958333333333333	STEEFQQN:0.2708333333333333	KFKDQYLS:0.2708333333333333	SRFDDYPY:0.2708333333333333	PGIKGYVD:0.3125	DAGKLPGI:0.20833333333333334	QHTDAGKL:0.20833333333333334	LEPGDLPP:0.20833333333333334	YEIHGIDI:0.25	DSRFDDYP:0.2708333333333333	YKFKDQYL:0.2708333333333333	GYEIHGID:0.25	KPIIYTYY:0.3333333333333333	KSTEGDSH:0.22916666666666666	IIYTYYKF:0.3333333333333333	GIKGYVDL:0.2708333333333333	LSDSRFDD:0.2708333333333333	PGDLPPVL:0.3541666666666667	HTDAGKLP:0.20833333333333334	EIHGIDIS:0.25	FDDYPYWI:0.3333333333333333	RWRAIYGD:0.2708333333333333	YHFWSNKS:0.20833333333333334	EPGDLPPV:0.20833333333333334	DYPYWIAH:0.3333333333333333	GAYHFWSN:0.22916666666666666	IYTYYKFK:0.3333333333333333	SDSRFDDY:0.2708333333333333	PIIYTYYK:0.3333333333333333	HGIDISHH:0.20833333333333334	IKGYVDLN:0.20833333333333334	KDQYLSDS:0.2708333333333333	YTYYKFKD:0.2708333333333333	WRAIYGDP:0.2708333333333333	RGAYHFWS:0.22916666666666666	QYLSDSRF:0.2708333333333333	KLPGIKGY:0.22916666666666666	HVKPIIYT:0.3125	TYYKFKDQ:0.2708333333333333	VKPIIYTY:0.3333333333333333	FKDQYLSD:0.2708333333333333	AGKLPGIK:0.20833333333333334	IDISHHQG:0.20833333333333334	DDYPYWIA:0.3333333333333333	YLSDSRFD:0.2708333333333333	KGYVDLNI:0.20833333333333334	TDAGKLPG:0.20833333333333334	LPGIKGYV:0.3125	FRWRAIYG:0.2708333333333333	YYKFKDQY:0.2708333333333333	DQYLSDSR:0.2708333333333333	GKLPGIKG:0.22916666666666666	GFRWRAIY:0.2708333333333333	RFDDYPYW:0.2708333333333333	WQHTDAGK:0.20833333333333334	FWQHTDAG:0.2916666666666667	IRGAYHFW:0.20833333333333334	MKATEGGD:0.2708333333333333	YGVKPILY:0.3125	DFFIRTVK:0.25	ALKQADFF:0.25	KQADFFIR:0.3333333333333333	NAYPYWIA:0.20833333333333334	FIRTVKLD:0.20833333333333334	HGIDISHY:0.3541666666666667	DLPPVLDV:0.5208333333333334	DALKQADF:0.25	LNVFNGSL:0.20833333333333334	HYYVDSVR:0.20833333333333334	DVDLNVFN:0.25	KFKTRYLD:0.22916666666666666	HYGVKPIL:0.3125	YYVDSVRY:0.20833333333333334	NVFNGSLE:0.20833333333333334	KATEGGDH:0.3333333333333333	QADFFIRT:0.3333333333333333	KTRYLDDS:0.22916666666666666	FFIRTVKL:0.25	WHFWQHTD:0.20833333333333334	ADFFIRTV:0.3333333333333333	GVKPILYT:0.3125	KEYGVCIP:0.25	TDALKQAD:0.25	FKTRYLDD:0.22916666666666666	VDLNVFNG:0.3541666666666667	LKQADFFI:0.2708333333333333	LPPVLDVE:0.5208333333333334	DLNVFNGS:0.20833333333333334	FNAYPYWI:0.20833333333333334	AYPYWIAH:0.20833333333333334	FMKATEGG:0.2708333333333333	PYAYRWKP:0.22916666666666666	IRPYAYRW:0.20833333333333334	YAYRWKPC:0.22916666666666666	RPYAYRWK:0.22916666666666666	
