cluster number:130
GH25:14	GH25:14
ALGARFVY:0.21428571428571427	WLWWDMRS:0.2857142857142857	KVSDAAVE:0.21428571428571427	AAWLWWDM:0.2857142857142857	LWWDMRSW:0.2857142857142857	LLWSANSA:0.21428571428571427	PWLLWSAN:0.6428571428571429	TLINQIEM:0.2857142857142857	ALYPEQGA:0.21428571428571427	VSDAAVES:0.42857142857142855	WWDMRSWR:0.2857142857142857	RDRARPDY:0.35714285714285715	AWLWWDMR:0.2857142857142857	LINQIEMH:0.2857142857142857	DMRSWRPD:0.2857142857142857	RPWLLWSA:0.6428571428571429	WDMRSWRP:0.2857142857142857	LWSANSAR:0.21428571428571427	FAAWLWWD:0.2857142857142857	SDAAVESE:0.5	WLLWSANS:0.35714285714285715	LLPPAIGL:0.21428571428571427	DAAVESEL:0.5	AFAAWLWW:0.21428571428571427	LYPEQGAL:0.21428571428571427	DRARPDYA:0.35714285714285715	VESELMTL:0.5714285714285714	AVESELMT:0.5714285714285714	PIEWVVVQ:0.21428571428571427	TRMVPRDA:0.21428571428571427	MTLINQIE:0.2857142857142857	INQIEMHA:0.21428571428571427	PDYAGRPW:0.42857142857142855	GRPWLLWS:0.5	SELMTLIN:0.5	YAGRPWLL:0.5	NQIEMHAG:0.2857142857142857	AAVESELM:0.5714285714285714	ELMTLINQ:0.5	LMTLINQI:0.2857142857142857	DYAGRPWL:0.42857142857142855	ESELMTLI:0.5	AGRPWLLW:0.5	HAGKPVIL:0.2857142857142857	MTLINQVE:0.21428571428571427	RPDYAGRP:0.2857142857142857	ARPDYAGR:0.2857142857142857	RARPDYAG:0.2857142857142857	LMTLINQV:0.21428571428571427	GAVHRFDP:0.21428571428571427	ADGQSANF:0.2857142857142857	AVHRFDPC:0.21428571428571427	DGQSANFV:0.2857142857142857	GQSANFVT:0.2857142857142857	VGAVHRFD:0.21428571428571427	LLPPAIEL:0.21428571428571427	QSANFVTM:0.2857142857142857	NFVTMVPR:0.2857142857142857	FVTMVPRD:0.21428571428571427	ANFVTMVP:0.2857142857142857	SANFVTMV:0.2857142857142857	IEMHAGKP:0.21428571428571427	EMHAGKPV:0.21428571428571427	MHAGKPVI:0.21428571428571427	QIEMHAGK:0.21428571428571427	AGKPVILK:0.21428571428571427	LLPPAIAL:0.21428571428571427	GDLLPPAI:0.21428571428571427	
