cluster number:8
GH89:23	GH89:23|CBM32:2
TWNGTNLN:0.21739130434782608	LVDVTRQV:0.30434782608695654	WFWMGNLD:0.34782608695652173	HLYSADTF:0.2608695652173913	KPRWQQFF:0.21739130434782608	NARDLITL:0.34782608695652173	EIDFMALN:0.21739130434782608	DVTRQVLA:0.2608695652173913	NYCTFNYT:0.2608695652173913	FYKPRWQQ:0.30434782608695654	IVLRGNNG:0.21739130434782608	DGFQYDLV:0.2608695652173913	VDVTRQVL:0.30434782608695654	YKPRWQQF:0.2608695652173913	VTRQVLAN:0.21739130434782608	DHLYSADT:0.2608695652173913	YSADTFNE:0.34782608695652173	YDLVDVTR:0.30434782608695654	TDHLYSAD:0.30434782608695654	ITWNGTNL:0.2608695652173913	IDFMALNG:0.21739130434782608	GFQYDLVD:0.2608695652173913	TRQVLANY:0.2608695652173913	RQVLANYA:0.391304347826087	ARDLITLW:0.34782608695652173	GTDHLYSA:0.30434782608695654	DLVDVTRQ:0.30434782608695654	EGIEQNPA:0.21739130434782608	LYSADTFN:0.2608695652173913	SDGFQYDL:0.21739130434782608	RYYLNYCT:0.4782608695652174	PAFTGHVP:0.391304347826087	SWFWMGNL:0.21739130434782608	MQGWLFYS:0.21739130434782608	SGPAYFSW:0.21739130434782608	VMQGWLFY:0.2608695652173913	PLAITGEE:0.30434782608695654	PVLYELMT:0.21739130434782608	YGTDHLYS:0.21739130434782608	FSGPAYFS:0.21739130434782608	RWEKEIDW:0.2608695652173913	FSWFWMGN:0.30434782608695654	NMPLAITG:0.2608695652173913	WMALHGIN:0.391304347826087	WEKEIDWM:0.2608695652173913	FFSGPAYF:0.2608695652173913	IRDGAESI:0.21739130434782608	GNLDGWGG:0.34782608695652173	IEPVWKRT:0.21739130434782608	MALHGINM:0.34782608695652173	NLDGWGGP:0.34782608695652173	EIDWMALH:0.391304347826087	WMGNLDGW:0.30434782608695654	LRGNNGVS:0.2608695652173913	LPAFTGHV:0.391304347826087	WVMQGWLF:0.2608695652173913	LDGWGGPL:0.34782608695652173	RDGAESII:0.21739130434782608	GINMPLAI:0.2608695652173913	FWMGNLDG:0.2608695652173913	YFSWFWMG:0.30434782608695654	GPAYFSWF:0.2608695652173913	INMPLAIT:0.2608695652173913	AVWVMQGW:0.34782608695652173	ALHGINMP:0.34782608695652173	HGINMPLA:0.34782608695652173	YYLNYCTF:0.4782608695652174	EKEIDWMA:0.2608695652173913	RDLITLWG:0.30434782608695654	LNYCTFNY:0.43478260869565216	YRYYLNYC:0.43478260869565216	AYFSWFWM:0.2608695652173913	IDWMALHG:0.391304347826087	LAITGEEY:0.21739130434782608	EIEPVWKR:0.21739130434782608	TRKDFLLG:0.43478260869565216	PAYFSWFW:0.2608695652173913	MGNLDGWG:0.30434782608695654	KEIDWMAL:0.4782608695652174	LHGINMPL:0.34782608695652173	DWMALHGI:0.391304347826087	YLNYCTFN:0.43478260869565216	SADTFNEN:0.30434782608695654	VLPAFTGH:0.21739130434782608	IGLTMEAI:0.21739130434782608	CTFNYSMS:0.2608695652173913	GIGLTMEA:0.21739130434782608	LTMEAIEQ:0.21739130434782608	TFNYSMSW:0.2608695652173913	MLHNFGGN:0.391304347826087	YCTFNYSM:0.30434782608695654	NMLHNFGG:0.391304347826087	YSMSWWDW:0.21739130434782608	LHNFGGNI:0.21739130434782608	FNYSMSWW:0.2608695652173913	WNMLHNFG:0.391304347826087	IWNMLHNF:0.34782608695652173	WIWNMLHN:0.34782608695652173	NYCTFNYS:0.30434782608695654	NYSMSWWD:0.21739130434782608	EAIEQNPV:0.21739130434782608	GLTMEAIE:0.21739130434782608	ALNGINMP:0.21739130434782608	NGINMPLA:0.2608695652173913	MALNGINM:0.21739130434782608	LNGINMPL:0.21739130434782608	LLATRKDF:0.2608695652173913	LATRKDFL:0.2608695652173913	DAWGGPLP:0.21739130434782608	ATRKDFLL:0.2608695652173913	RKDFLLGK:0.2608695652173913	FTGHVPPA:0.21739130434782608	YYGKPWIW:0.21739130434782608	TGHVPPAF:0.21739130434782608	KPWIWNML:0.30434782608695654	AYYGKPWI:0.21739130434782608	PWIWNMLH:0.2608695652173913	YGKPWIWN:0.30434782608695654	GKPWIWNM:0.30434782608695654	KDFLLGKW:0.2608695652173913	DGWGGPLP:0.30434782608695654	GHVPPAFK:0.21739130434782608	AFTGHVPP:0.21739130434782608	WVMQGWMF:0.30434782608695654	VWVMQGWM:0.21739130434782608	GINMPLAL:0.21739130434782608	DTFNENEP:0.21739130434782608	TFNENEPP:0.21739130434782608	PEGIEQNP:0.21739130434782608	QKEIDWMA:0.21739130434782608	RWQKEIDW:0.21739130434782608	WQKEIDWM:0.21739130434782608	
