cluster number:4
GH89:73	GH89:73|CBM13:2
PSHQPWWL:0.410958904109589	ANGVVLSY:0.2328767123287671	GTIPNFGG:0.3972602739726027	RFLLGPWL:0.2465753424657534	KMDLLHEG:0.7808219178082192	FSELAWRE:0.2328767123287671	FGTIPNFG:0.3972602739726027	IVDGLSDL:0.2054794520547945	TARPGATW:0.2328767123287671	AAAFYRHQ:0.3150684931506849	LVGTAYMP:0.2054794520547945	LLGPWLED:0.2328767123287671	LPAPSHQP:0.3698630136986301	GRPHDSVF:0.2054794520547945	TAPARAAL:0.2328767123287671	LLTGVHWY:0.3150684931506849	AFELFSEL:0.2602739726027397	ATWVILGW:0.3424657534246575	GARTVPQG:0.2465753424657534	PWWLLQNM:0.5068493150684932	VAAAFYRH:0.3013698630136986	QPWWLLQN:0.6301369863013698	FKMDLLHE:0.4246575342465753	WLLQNMSG:0.2602739726027397	NFGGRTTI:0.3150684931506849	TPANGVVL:0.2328767123287671	TIPNFGGR:0.2876712328767123	DTHDGYTA:0.2465753424657534	SHQPWWLL:0.410958904109589	ANYANRDW:0.2054794520547945	PAVLLTGV:0.2602739726027397	DTAPARAA:0.2328767123287671	WLPAPSHQ:0.3698630136986301	PAPSHQPW:0.410958904109589	TSPAVLLT:0.2328767123287671	LTGVHWYL:0.3150684931506849	AYRHDLTD:0.2054794520547945	PGARTVPQ:0.2465753424657534	HQPWWLLQ:0.6301369863013698	VDGLSDLD:0.2465753424657534	DGRPHDSV:0.2054794520547945	LFSELAWR:0.3150684931506849	RDPAAFEL:0.2602739726027397	GTAYMPEA:0.3013698630136986	GTSPAVLL:0.2876712328767123	RPGATWVI:0.2465753424657534	FLLGPWLE:0.2876712328767123	ARQALANR:0.3561643835616438	KAPVLLRL:0.2054794520547945	GVHWYLKY:0.3150684931506849	GYFGTVPD:0.2876712328767123	FGGRTTIG:0.3150684931506849	TGVHWYLK:0.3150684931506849	DPAAFELF:0.2602739726027397	GRTTIGAK:0.2191780821917808	FGTVPDGF:0.273972602739726	AAFELFSE:0.2602739726027397	PGATWVIL:0.273972602739726	ARPGATWV:0.273972602739726	PYAFGTIP:0.3972602739726027	RTTIGAKT:0.2191780821917808	APVLLRLT:0.2602739726027397	RQALANRS:0.3424657534246575	RNPGARTV:0.2328767123287671	MLIVDGLS:0.2054794520547945	LIVDGLSD:0.3698630136986301	PGYFGTVP:0.6301369863013698	AFGTIPNF:0.3972602739726027	PAAFELFS:0.2602739726027397	AVLLTGVH:0.2328767123287671	PDWLDPRT:0.4931506849315068	NPGARTVP:0.2328767123287671	TGPWARAG:0.273972602739726	TTIGAKTH:0.2191780821917808	IPNFGGRT:0.3698630136986301	DAYRHDLT:0.2054794520547945	TWVILGWQ:0.3013698630136986	NDTHDGYT:0.3150684931506849	GDGTLDTY:0.3013698630136986	YAFGTIPN:0.3972602739726027	GGRTTIGA:0.3150684931506849	WWLLQNMS:0.4794520547945205	VLLTGVHW:0.2602739726027397	RPDWLDPR:0.6164383561643836	NGVVLSYD:0.2602739726027397	GATWVILG:0.273972602739726	GPWARAGI:0.2191780821917808	SPAVLLTG:0.2328767123287671	GTVPDGFA:0.2328767123287671	LANYANRD:0.2054794520547945	VGTAYMPE:0.2328767123287671	APSHQPWW:0.410958904109589	THDGYTAP:0.2465753424657534	SDAYRHDL:0.2328767123287671	PANGVVLS:0.2328767123287671	PVLLRLTR:0.2465753424657534	RRPDWLDP:0.2191780821917808	PNFGGRTT:0.3698630136986301	ELFSELAW:0.3424657534246575	YFGTVPDG:0.273972602739726	MDLLHEGG:0.7808219178082192	VTPANGVV:0.2328767123287671	GPWLEDAK:0.2191780821917808	LGPWLEDA:0.2328767123287671	FELFSELA:0.2602739726027397	MTPVLPGY:0.3287671232876712	LGMTPVLP:0.3972602739726027	LVVDGLSD:0.2054794520547945	MYKMDLLH:0.2191780821917808	YKMDLLHE:0.3287671232876712	GMTPVLPG:0.3972602739726027	PAHQPWWL:0.2465753424657534	IDVLALHG:0.273972602739726	LHEGGDPG:0.2191780821917808	TAYMPEAA:0.2191780821917808	HEGGDPGD:0.2191780821917808	HRFALNDT:0.3561643835616438	HFKMDLLH:0.2054794520547945	GDPGDVPV:0.2191780821917808	LALHGVNE:0.2465753424657534	ALHGVNEV:0.3013698630136986	PEAAERDP:0.2054794520547945	AAERDPAA:0.2054794520547945	EAVYHRLL:0.2191780821917808	EAAERDPA:0.2054794520547945	DLLHEGGD:0.2191780821917808	PVLPGYFG:0.4246575342465753	EGGDPGDV:0.2191780821917808	LPGYFGTV:0.410958904109589	GGDPGDVP:0.2191780821917808	VLPGYFGT:0.4246575342465753	LLHEGGDP:0.2191780821917808	DLLHEGGT:0.2054794520547945	TPVLPGYF:0.2191780821917808	LHDYANRE:0.2328767123287671	DYANREWS:0.2328767123287671	ANREWSGL:0.2328767123287671	VDGLSDRY:0.2328767123287671	YANREWSG:0.2328767123287671	DLVDVARQ:0.2328767123287671	
