cluster number:3
GH145:12	GH145:12|GH105:1
TWEKSTGE:0.4166666666666667	WDVSTNHD:0.25	EGWANNSV:0.25	TNHDMAYA:0.25	NHDMAYAR:0.25	AHNSISLA:0.25	GERNAYWQ:0.25	VGEGWANN:0.25	WRESWDVS:0.25	WVWRESWD:0.25	RESWDVST:0.25	ERNAYWQA:0.25	GEGERNAY:0.25	DVSTNHDM:0.25	WEKSTGEK:0.25	VSTNHDMA:0.25	GKTWEKST:0.25	IDGEGERN:0.25	EKSTGEKY:0.25	NLIDGEGE:0.25	STNHDMAY:0.25	LINQTAMT:0.25	EGERNAYW:0.25	SWVWRESW:0.25	DAHNSISL:0.25	VWRESWDV:0.25	HDMAYARS:0.25	LHVSWDHH:0.75	HVSWDHHD:0.4166666666666667	LIDGEGER:0.25	ESWDVSTN:0.25	DGEGERNA:0.25	GWANNSVN:0.25	KTWEKSTG:0.25	HLSWVWRE:0.25	GEGWANNS:0.25	LINQTSMT:0.25	NLINQTSM:0.25	QNNLIDGE:0.25	ISRPEILV:0.3333333333333333	IPISRPEI:0.3333333333333333	PISRPEIL:0.3333333333333333	YLHVSWDH:0.5	NSVNTVIF:0.3333333333333333	GYLHVSWD:0.5	EGYLHVSW:0.25	SVNTVIFR:0.3333333333333333	LLFCYRSG:0.25	HVSWDHHN:0.25	GGTKRIPI:0.3333333333333333	YARSTDGG:0.3333333333333333	TYPEFHNL:0.3333333333333333	RIPISRPQ:0.25	LPNGDLLF:0.25	PEFHNLPN:0.25	PQNSSLIN:0.3333333333333333	KRIPISRP:0.3333333333333333	LGGGGTKR:0.3333333333333333	EFHNLPNG:0.25	GDLLFLYR:0.25	GGGGTKRI:0.3333333333333333	GTKRIPIS:0.3333333333333333	NSVNAVIF:0.25	GGGTKRIP:0.4166666666666667	NSSLINQT:0.3333333333333333	TKRIPISR:0.3333333333333333	SVNAVIFR:0.25	QNSSLINQ:0.3333333333333333	SSLINQTA:0.3333333333333333	DAHNTISI:0.25	AYARSTDG:0.25	YPEFHNLP:0.3333333333333333	VTYPEFHN:0.3333333333333333	LLFLYRDG:0.25	WRESPDVA:0.25	GEGQRSPY:0.25	PITAATAE:0.25	ISWVWRES:0.25	ITAATAEY:0.25	TAATAEYA:0.25	LPITAATA:0.25	
