cluster number:23
CBM12:45	AA10:45|CBM12:45
ADTANAFY:0.37777777777777777	QPGATVSH:0.2	SSPPSRQA:0.4888888888888889	SGRQKLLA:0.24444444444444444	IADTANAF:0.37777777777777777	LAIWNIAD:0.24444444444444444	SVEGPKGL:0.6888888888888889	PSRQALCA:0.6	IWNIADTA:0.2	SPPSRQAL:0.37777777777777777	SRQALCAQ:0.5333333333333333	PQSVEGPK:0.7333333333333333	WEPPNVPA:0.3111111111111111	EPQSVEGP:0.7555555555555555	CVDLQIGG:0.28888888888888886	NIADTANA:0.37777777777777777	PPNVPALW:0.3111111111111111	EPPNVPAL:0.3111111111111111	VDLQIGGG:0.2222222222222222	VEGPKGLR:0.4222222222222222	WNIADTAN:0.37777777777777777	PPSRQALC:0.6	DLQIGGGG:0.2222222222222222	GWEPPNVP:0.3333333333333333	YEPQSVEG:0.6	QSVEGPKG:0.7333333333333333	AIWNIADT:0.26666666666666666	IKYEPQSV:0.37777777777777777	CRQAHTAI:0.28888888888888886	RCRQAHTA:0.37777777777777777	YRCRQAHT:0.4	KYEPQSVE:0.37777777777777777	AFYSCVDL:0.4888888888888889	YSCVDLQV:0.2	FYSCVDLQ:0.4444444444444444	HTALPGWE:0.2	SCVDLQVG:0.2	TALPGWEP:0.2	AVWNIGDT:0.2	VPDCGQIK:0.24444444444444444	FAVLNDDS:0.26666666666666666	YQVGDQVT:0.2	GWPATSVG:0.28888888888888886	VLNDDSRG:0.2	RVPDCGQI:0.3111111111111111	AVWNIADT:0.3333333333333333	TARHATSN:0.2	PDCGQIKY:0.24444444444444444	GGFSGRQK:0.2	AQAHGYVS:0.4	QVGDQVTY:0.2	DTANAFYS:0.4	DDSRGWPA:0.2	ATVSHTVN:0.2	LGGFSGRQ:0.2	VNLGGFSG:0.2	DCGQIKYE:0.24444444444444444	LNDDSRGW:0.2	PAQAHGYV:0.4	ANAFYSCV:0.28888888888888886	SRGWPATS:0.2	CGQIKYEP:0.24444444444444444	RHATSNWE:0.2	ARHATSNW:0.2	LAVWNIAD:0.3333333333333333	NTARHATS:0.2	RQALCAQN:0.2	AAPAQAHG:0.3111111111111111	DSRGWPAT:0.2	HATSNWEY:0.2	GRAYQVGD:0.2	TVSHTVNL:0.2222222222222222	VWNIADTA:0.2222222222222222	NLGGFSGR:0.2	TYRCRQAH:0.26666666666666666	TANAFYSC:0.4	AVLNDDSR:0.26666666666666666	VAAPAQAH:0.24444444444444444	VSHTVNLG:0.2	NAFYSCVD:0.4222222222222222	QFAVLNDD:0.2222222222222222	APAQAHGY:0.3333333333333333	RGWPATSV:0.24444444444444444	QIKYEPQS:0.24444444444444444	WPATSVGS:0.28888888888888886	GQIKYEPQ:0.24444444444444444	NDDSRGWP:0.2	VSSPPSRQ:0.3333333333333333	RQALCAQG:0.2	EGPKGLRS:0.26666666666666666	GPKGLRSC:0.26666666666666666	YVSSPPSR:0.3333333333333333	AHGYVSSP:0.37777777777777777	GYVSSPPS:0.3333333333333333	HGYVSSPP:0.3333333333333333	WVNTARHA:0.2	TWVNTARH:0.2222222222222222	TFTWVNTA:0.24444444444444444	FTWVNTAR:0.2222222222222222	VNTARHAT:0.2	YSCVDLQI:0.24444444444444444	SCVDLQIG:0.24444444444444444	QAHGYVSS:0.2	
