cluster number:7
GH84:26	GH84:26|CBM32:1
YAPKDDPY:0.4230769230769231	YVYAPKDD:0.2692307692307692	RGVIEGFY:0.23076923076923078	NTYVYAPK:0.2692307692307692	GVIEGFYG:0.23076923076923078	VYAPKDDP:0.2692307692307692	TYVYAPKD:0.2692307692307692	LWDNYPVN:0.46153846153846156	LDQLAFYG:0.2692307692307692	DGVYYAAQ:0.23076923076923078	GRLLLAPY:0.34615384615384615	GVYYAAQT:0.2692307692307692	LNPMNQAA:0.23076923076923078	ADGVLDTF:0.34615384615384615	VKVADGVL:0.23076923076923078	WDNYPVND:0.8461538461538461	VADGVLDT:0.3076923076923077	KVADGVLD:0.3076923076923077	RLDQLAFY:0.3076923076923077	VLNPMNQA:0.38461538461538464	GVVEGFYG:0.3076923076923077	RGVVEGFY:0.2692307692307692	RLLLAPYA:0.23076923076923078	WTGTDVVP:0.23076923076923078	IEGFYGAP:0.2692307692307692	GIVLNPMN:0.2692307692307692	RGSIEGFY:0.3076923076923077	DNYPVNDF:0.34615384615384615	DQLAFYGD:0.2692307692307692	EGFYGAPW:0.2692307692307692	GSIEGFYG:0.3076923076923077	LRGSIEGF:0.23076923076923078	AGRLLLAP:0.23076923076923078	IVLNPMNQ:0.2692307692307692	VVEGFYGK:0.23076923076923078	EGFYGKPW:0.23076923076923078	VEGFYGKP:0.23076923076923078	IWDNYPVN:0.23076923076923078	DGVLDTFI:0.23076923076923078	DNYPVNDY:0.2692307692307692	FLWDNYPV:0.23076923076923078	
