cluster number:1
GH84:67	GH84:67|CBM32:28
ILYKDGKK:0.23880597014925373	NTYIYAPK:0.5223880597014925	KDDPYHRE:0.3880597014925373	DDPYHREK:0.373134328358209	KIAAKYSN:0.208955223880597	IYNFKIAA:0.208955223880597	NRHTIYNF:0.23880597014925373	RHTIYNFK:0.23880597014925373	LNRHTIYN:0.23880597014925373	AAKYSNGE:0.208955223880597	YILYKDGK:0.23880597014925373	PYHREKWR:0.5074626865671642	NFKIAAKY:0.208955223880597	INKKNVTV:0.23880597014925373	DETSYTFK:0.23880597014925373	HTIYNFKI:0.23880597014925373	YNFKIAAK:0.208955223880597	PKDDPYHR:0.7164179104477612	IAAKYSNG:0.208955223880597	IYAPKDDP:0.5522388059701493	APKDDPYH:0.7164179104477612	VEGFYGTP:0.3582089552238806	YIYAPKDD:0.5522388059701493	YAPKDDPY:0.7014925373134329	ENKVDFVF:0.2537313432835821	AVWWNYPV:0.2537313432835821	VKPLITVP:0.2835820895522388	TIYNFKIA:0.23880597014925373	EFVKAKGD:0.23880597014925373	GFYGTPWT:0.22388059701492538	FVKAKGDV:0.23880597014925373	MGVRSFAI:0.2835820895522388	TYIYAPKD:0.5223880597014925	EGFYGTPW:0.44776119402985076	DPYHREKW:0.5074626865671642	FKIAAKYS:0.208955223880597	LYKDGKKV:0.208955223880597	FYGTPWTH:0.22388059701492538	DISYTRWN:0.208955223880597	VEVMWTGT:0.2537313432835821	MWTGTDVV:0.26865671641791045	WTGTDVVP:0.26865671641791045	WQPQAPEL:0.2537313432835821	DDISYTRW:0.208955223880597	KVFVWDNY:0.26865671641791045	PWQPQAPE:0.2537313432835821	GRKVFVWD:0.26865671641791045	VWDNYPVN:0.2835820895522388	HVRFTFAV:0.2537313432835821	GRLLLAPY:0.2835820895522388	KWREPYPA:0.3582089552238806	VRFTFAVS:0.2537313432835821	FTFAVSPG:0.26865671641791045	QMVPTEYG:0.208955223880597	FVWDNYPV:0.26865671641791045	WDNYPVND:0.4925373134328358	TGTDVVPP:0.26865671641791045	VFVWDNYP:0.26865671641791045	RKVFVWDN:0.26865671641791045	VMWTGTDV:0.26865671641791045	LDDISYTR:0.208955223880597	EVMWTGTD:0.2537313432835821	PLDDISYT:0.22388059701492538	PLQMVPTE:0.22388059701492538	ISYTRWNC:0.208955223880597	LQMVPTEY:0.22388059701492538	RLLLAPYD:0.2835820895522388	RFTFAVSP:0.2537313432835821	MVPTEYGD:0.208955223880597	GFYGTPWS:0.22388059701492538	MNTYIYAP:0.2537313432835821	KMNTYIYA:0.23880597014925373	WNYPVNDY:0.26865671641791045	LYDMGVRS:0.23880597014925373	YDMGVRSF:0.2537313432835821	YHREKWRE:0.47761194029850745	HREKWREP:0.4626865671641791	EKWREPYP:0.4626865671641791	DMGVRSFA:0.2537313432835821	WWNYPVND:0.2537313432835821	REKWREPY:0.4626865671641791	DNYPVNDY:0.31343283582089554	
