cluster number:10
GH79:46	GH79:46|3.2.1.31:1|3.2.1.167:1
YGLLNTTT:0.2391304347826087	THHIYNLG:0.5869565217391305	ELGNELSG:0.3695652173913043	SALLWHRL:0.6739130434782609	IGGNYGLL:0.5869565217391305	YLDQLGMS:0.2608695652173913	ATLDWWPP:0.34782608695652173	FVCATLDW:0.30434782608695654	WELGNELS:0.3695652173913043	QTLIGGNY:0.32608695652173914	LRLGGSLQ:0.2826086956521739	APGGFFDA:0.21739130434782608	LIGGNYGL:0.5652173913043478	RLGGSLQD:0.5	LLWHRLMG:0.717391304347826	IHGWELGN:0.2826086956521739	YYSALLWH:0.6739130434782609	IRAYAHCA:0.2391304347826087	CRQTLIGG:0.391304347826087	SFWYLDQL:0.4782608695652174	PNPDYYSA:0.7391304347826086	GLLNTTTF:0.21739130434782608	VTHHIYNL:0.21739130434782608	YCRQTLIG:0.30434782608695654	GNYGLLNT:0.41304347826086957	GGNYGLLN:0.45652173913043476	LDQLGMSA:0.2826086956521739	HGWELGNE:0.30434782608695654	PDYYSALL:0.717391304347826	WYLDQLGM:0.43478260869565216	RQTLIGGN:0.32608695652173914	LAPGGFFD:0.2391304347826087	NYGLLNTT:0.30434782608695654	CATLDWWP:0.41304347826086957	FWYLDQLG:0.5217391304347826	GWELGNEL:0.34782608695652173	VCATLDWW:0.30434782608695654	DYYSALLW:0.717391304347826	KIRAYAHC:0.2391304347826087	DWWPPEKC:0.32608695652173914	ALLWHRLM:0.717391304347826	NPDYYSAL:0.7391304347826086	REEYHLTP:0.30434782608695654	YSALLWHR:0.6521739130434783	TLIGGNYG:0.32608695652173914	TLLLINLS:0.391304347826087	GGNYGLLD:0.21739130434782608	SWEFGNEL:0.2391304347826087	GGSLQDQV:0.21739130434782608	HIYNLGPG:0.34782608695652173	EFGNELSG:0.2391304347826087	VTFGLNAL:0.2391304347826087	TKVYCRQT:0.21739130434782608	WEFGNELS:0.2391304347826087	HHIYNLGP:0.34782608695652173	YHLTAKDG:0.2391304347826087	ITLLLINL:0.32608695652173914	CATIDWWP:0.21739130434782608	IRLGGSLQ:0.21739130434782608	EYHLTAKD:0.2391304347826087	GITLLLIN:0.32608695652173914	WPPEKCNY:0.21739130434782608	LRIRLGGS:0.21739130434782608	WWPPEKCN:0.21739130434782608	RIRLGGSL:0.21739130434782608	NELSGSGV:0.2391304347826087	ELSGSGVG:0.21739130434782608	GNELSGSG:0.34782608695652173	YCRQSLIG:0.21739130434782608	IYNLGPGV:0.2391304347826087	CRQSLIGG:0.2391304347826087	QSLIGGNY:0.2391304347826087	YNLGPGVD:0.2391304347826087	RQSLIGGN:0.2391304347826087	SLIGGNYG:0.2391304347826087	AWVGEAGG:0.2826086956521739	EYHLTPKD:0.21739130434782608	VGEAGGAY:0.34782608695652173	WVGEAGGA:0.43478260869565216	RWDELNAF:0.21739130434782608	AGGAYNSG:0.34782608695652173	WDELNAFF:0.21739130434782608	EAGGAYNS:0.34782608695652173	GEAGGAYN:0.34782608695652173	
