cluster number:7
GH79:27	GH79:27|GH78:1|3.2.1.31:1
IGNCQYCW:0.2962962962962963	PTFGAALW:0.2962962962962963	TIGNCQYC:0.2962962962962963	APYYGAYF:0.2962962962962963	FHQGTIGN:0.4444444444444444	PYYGAYFA:0.3333333333333333	GNCQYCWW:0.2962962962962963	LYFHQGTI:0.2222222222222222	YYGAYFAT:0.2222222222222222	QGTIGNCQ:0.25925925925925924	SATQGGGG:0.25925925925925924	NCQYCWWG:0.2962962962962963	YFHQGTIG:0.25925925925925924	QGGGGISP:0.25925925925925924	CQYCWWGR:0.25925925925925924	HVFGETNS:0.2222222222222222	GGGGISPT:0.4444444444444444	GISPTFGA:0.2962962962962963	AIELGNEP:0.6666666666666666	GTIGNCQY:0.2962962962962963	ATQGGGGI:0.25925925925925924	GAPYYGAY:0.2222222222222222	TQGGGGIS:0.25925925925925924	GGGISPTF:0.2962962962962963	GGISPTFG:0.2962962962962963	SPTFGAAL:0.2962962962962963	HQGTIGNC:0.2962962962962963	QDRATYDP:0.2222222222222222	IGGTTQDR:0.7037037037037037	GGTTQDRA:0.7777777777777778	ELGNEPDL:0.2222222222222222	GTTQDRAT:0.6666666666666666	RIGGTTQD:0.7037037037037037	FGETNSAT:0.3333333333333333	VAASEALL:0.25925925925925924	TQDRATYD:0.5555555555555556	TTQDRATY:0.6296296296296297	LTYGPSFF:0.25925925925925924	SVSGGGAA:0.2222222222222222	PPIRIGGT:0.2222222222222222	GETNSVSG:0.2222222222222222	ETNSVSGG:0.2222222222222222	YAHHNYPG:0.25925925925925924	SYFTNVTA:0.2222222222222222	AHHNYPGG:0.25925925925925924	SMGAPYYG:0.2222222222222222	SFEFFAFP:0.2222222222222222	IRIGGTTQ:0.5555555555555556	NSVSGGGA:0.2222222222222222	PIRIGGTT:0.37037037037037035	ELGNEPEY:0.4074074074074074	MGAPYYGA:0.25925925925925924	IELGNEPE:0.37037037037037035	PTFGAGLW:0.2222222222222222	WPPIRIGG:0.2222222222222222	TNSVSGGG:0.2222222222222222	PSYFTNVT:0.2222222222222222	YFTNVTAT:0.2222222222222222	SPTFGAGL:0.2222222222222222	ASEALLVY:0.2222222222222222	ETNSATQG:0.25925925925925924	LLYNSDYY:0.2962962962962963	NSATQGGG:0.2222222222222222	VLLYNSDY:0.2222222222222222	LGNEPEYY:0.37037037037037035	PVGISFEF:0.2222222222222222	APVGISFE:0.2222222222222222	VGISFEFF:0.2222222222222222	TNSATQGG:0.2222222222222222	GETNSATQ:0.25925925925925924	VSPTFGAA:0.2222222222222222	
