cluster number:13
GH4:6	GH4:6
AVFAGLNH:0.3333333333333333	PGDRHVAE:0.6666666666666666	HVAEFFGW:0.5	AERLVAIA:0.3333333333333333	TTIAVGGA:0.3333333333333333	STVFTPGL:0.6666666666666666	LGVPREEV:0.3333333333333333	QALALDPL:0.3333333333333333	DRHVAEFF:0.6666666666666666	VGPGGVLR:0.5	ERLVAIAE:0.3333333333333333	LCHGTMHT:0.5	PAPGDRHV:0.5	LNHLCWLL:0.5	RLVAIAEA:0.3333333333333333	EVPAVVGA:0.5	AVVGAAGV:0.3333333333333333	VAEFFGWY:0.5	IGLCHGTM:0.3333333333333333	GDRHVAEF:0.6666666666666666	FFGWYLRG:0.3333333333333333	GLNHLCWL:0.5	GSTVFTPG:0.6666666666666666	TANVRAIT:0.3333333333333333	AEFFGWYL:0.5	VEVPAVVG:0.6666666666666666	GLCHGTMH:0.5	VFAGLNHL:0.3333333333333333	LIGAGSTV:0.5	NPLTANVR:0.5	PLTANVRA:0.3333333333333333	DRREALPG:0.5	EDLYPRLR:0.3333333333333333	IGAGSTVF:0.6666666666666666	AVVEVPAV:0.5	AGSTVFTP:0.6666666666666666	EFFGWYLR:0.5	VPAVVGAA:0.5	LTANVRAI:0.3333333333333333	GAGSTVFT:0.6666666666666666	AGLNHLCW:0.5	ALALDPLV:0.3333333333333333	VVEVPAVV:0.5	RREALPGA:0.5	LALDPLVP:0.3333333333333333	VLIGAGST:0.5	GPGGVLRA:0.5	APGDRHVA:0.5	QEAERLVA:0.3333333333333333	PAVVGAAG:0.5	RHVAEFFG:0.5	EAERLVAI:0.3333333333333333	VELAVNVP:0.3333333333333333	FAGLNHLC:0.5	TIGLCHGT:0.3333333333333333	ELAVNVPN:0.5	TDRREALP:0.3333333333333333	VNVPNRGA:0.3333333333333333	NVPNRGAI:0.3333333333333333	ELVAIARD:0.3333333333333333	TTTIAVGA:0.3333333333333333	CHGTMHTL:0.3333333333333333	GGVLRALR:0.3333333333333333	VLTARAQQ:0.3333333333333333	GRYPAPGD:0.3333333333333333	AAVLTARA:0.3333333333333333	FDGWTVHL:0.3333333333333333	LTARAQQQ:0.3333333333333333	TVGDSVGP:0.5	GDSVGPGG:0.5	SVGPGGVL:0.3333333333333333	RALRHVPE:0.5	PELVAIAR:0.3333333333333333	IVLIGAGS:0.3333333333333333	DGWTVHLV:0.3333333333333333	GWTVHLVD:0.3333333333333333	LRALRHVP:0.3333333333333333	YPAPGDRH:0.3333333333333333	TVFTPGLM:0.3333333333333333	VPELVAIA:0.3333333333333333	VTTTIAVG:0.5	NYSNPLTA:0.3333333333333333	TARAQQQE:0.3333333333333333	LRHVPELV:0.3333333333333333	NHLCWLLD:0.3333333333333333	PGGVLRAL:0.3333333333333333	IAAVLTAR:0.3333333333333333	YSNPLTAN:0.3333333333333333	TIAVGAAE:0.3333333333333333	RHVPELVA:0.3333333333333333	DSVGPGGV:0.5	HVPELVAI:0.3333333333333333	RYPAPGDR:0.3333333333333333	LVNYSNPL:0.3333333333333333	GVLRALRH:0.3333333333333333	AIAAVLTA:0.3333333333333333	QLVNYSNP:0.3333333333333333	RTFGRYPA:0.3333333333333333	TFDGWTVH:0.3333333333333333	VNYSNPLT:0.3333333333333333	GDRELALQ:0.3333333333333333	TTIAVGAA:0.3333333333333333	SNPLTANV:0.3333333333333333	AQLVNYSN:0.3333333333333333	SIVLIGAG:0.3333333333333333	QTVGDSVG:0.5	TVHLVDLN:0.3333333333333333	ALRHVPEL:0.3333333333333333	AVGAAEGW:0.3333333333333333	AVLTARAQ:0.3333333333333333	TFGRYPAP:0.3333333333333333	FGRYPAPG:0.3333333333333333	DRELALQA:0.3333333333333333	IAVGAAEG:0.3333333333333333	VGDSVGPG:0.5	VLRALRHV:0.3333333333333333	RTFDGWTV:0.3333333333333333	WTVHLVDL:0.3333333333333333	KPKIVIIG:0.3333333333333333	PKIVIIGA:0.3333333333333333	IVIIGAGS:0.3333333333333333	KIVIIGAG:0.3333333333333333	ALPGADFV:0.3333333333333333	GLIPNLPP:0.3333333333333333	FVTTTIAV:0.3333333333333333	
