cluster number:310
GT1:145	GT1:145|2.4.1.46:1
FELASEAL:0.47586206896551725	VQGTGNGH:0.7379310344827587	RILFGVQG:0.2206896551724138	QLMRHFAP:0.21379310344827587	GNGHISRS:0.31724137931034485	LVYLPFEQ:0.22758620689655173	TGNGHISR:0.4	QGTGNGHI:0.6137931034482759	LAGCRGVI:0.2206896551724138	LGKKLLVK:0.4	RTLFPEEV:0.20689655172413793	LGGQFEQL:0.22758620689655173	RSRTLARA:0.22758620689655173	LGLHWFHF:0.2206896551724138	GFELASEA:0.4896551724137931	MRILFGVQ:0.2206896551724138	LMRHFAPV:0.2206896551724138	KLLVKPLG:0.2206896551724138	VYLPFEQT:0.2206896551724138	GHISRSRT:0.21379310344827587	GKKLLVKP:0.4206896551724138	IAALLSRF:0.21379310344827587	ILFGVQGT:0.3310344827586207	SRSRTLAR:0.21379310344827587	RQLMRHFA:0.21379310344827587	KKLLVKPL:0.41379310344827586	NGHISRSR:0.31724137931034485	GLHWFHFG:0.2413793103448276	GQFEQLTN:0.22758620689655173	WPIPRWGE:0.21379310344827587	EVDYLFSG:0.20689655172413793	HISRSRTL:0.21379310344827587	FGVQGTGN:0.3310344827586207	LVISDFEP:0.22758620689655173	GVQGTGNG:0.7379310344827587	VDYLFSGR:0.296551724137931	YDLVISDF:0.2206896551724138	YLPFEQTE:0.2206896551724138	LVKPLGGQ:0.22758620689655173	QILVYLPF:0.31724137931034485	LLVKPLGG:0.2206896551724138	DLVISDFE:0.23448275862068965	VKPLGGQF:0.22758620689655173	ISRSRTLA:0.21379310344827587	ILVYLPFE:0.5448275862068965	LFGVQGTG:0.3310344827586207	SRTLARAL:0.22758620689655173	KPLGGQFE:0.22758620689655173	PLGGQFEQ:0.22758620689655173	GTGNGHIS:0.3931034482758621	GGQFEQLT:0.2206896551724138	YDLVLNDF:0.2206896551724138	NAGFELAS:0.4206896551724138	LVLNDFEP:0.2206896551724138	LYGVQGTG:0.36551724137931035	EPVSAWAA:0.23448275862068965	VIGNAGFE:0.2	SEALTLGK:0.21379310344827587	ASEALTLG:0.20689655172413793	TGNGHLSR:0.2	EALTLGKK:0.2	ELASEALT:0.20689655172413793	DFEPVSAW:0.2482758620689655	NDFEPVSA:0.20689655172413793	LASEALTL:0.20689655172413793	AGFELASE:0.45517241379310347	VLNDFEPV:0.2	GNAGFELA:0.2	IGNAGFEL:0.21379310344827587	DLVLNDFE:0.2206896551724138	GQFEQLSN:0.20689655172413793	YGVQGTGN:0.4	GVIGNAGF:0.2	QGTGNGHL:0.20689655172413793	FEPVSAWA:0.2482758620689655	GTGNGHLS:0.2	ILYGVQGT:0.3586206896551724	VLVYLPFE:0.2206896551724138	GTGNGHIT:0.20689655172413793	GNGHITRA:0.2413793103448276	TGNGHITR:0.27586206896551724	NGHITRAR:0.2413793103448276	MKILYGVQ:0.21379310344827587	
