cluster number:87
GT1:15	GT1:15|GT2:1
AVVTTGAG:0.3333333333333333	VVTTGAGV:0.4	VTTGAGVA:0.4666666666666667	DAVVTTGA:0.2	SSGGHLAQ:0.7333333333333333	LVQWEEQR:0.26666666666666666	VTFDTPDA:0.3333333333333333	PTLTARLC:0.4	AHHPTTRN:0.26666666666666666	MLVQWEEQ:0.3333333333333333	TPDARSLL:0.2	SAMLVQWE:0.2	SGGHLAQL:0.6	RSWVTFDT:0.2	ARLCRPFL:0.26666666666666666	GGHLAQLL:0.4	GSSGGHLA:0.5333333333333333	HHPTTRNV:0.2	FLSAMLVQ:0.2	RLCRPFLS:0.26666666666666666	VYIEVYDR:0.4	RPFLSAML:0.2	TFDTPDAR:0.2	AMLVQWEE:0.2	LVGSSGGH:0.3333333333333333	LTARLCRP:0.4	TVYIEVYD:0.4	GHLAQLLA:0.3333333333333333	TARLCRPF:0.4	IPTVYIEV:0.4	LCRPFLSA:0.2	IEVYDRID:0.3333333333333333	HLAQLLAL:0.3333333333333333	TTGAGVAL:0.26666666666666666	DTPDARSL:0.2	TGAGVALP:0.5333333333333333	YIEVYDRI:0.3333333333333333	EVYDRIDS:0.2	CRPFLSAM:0.2	PFLSAMLV:0.2	WVTFDTPD:0.3333333333333333	TLTARLCR:0.4	PTVYIEVY:0.4	VGSSGGHL:0.4666666666666667	FDTPDARS:0.2	LSAMLVQW:0.2	GAGVALPF:0.5333333333333333	VQWEEQRR:0.26666666666666666	VSTGAGVA:0.26666666666666666	GVALPFFV:0.26666666666666666	VVSTGAGV:0.26666666666666666	STGAGVAL:0.26666666666666666	AGVALPFF:0.4	LLLVGSSG:0.2	LLVGSSGG:0.26666666666666666	FCVQWEEQ:0.2	WVTFRTPD:0.2	RIPTVYIE:0.3333333333333333	ERVWVTFR:0.2	TAITVGPL:0.2	VTFRTPDA:0.2	VASSGGHL:0.2	AITVGPLL:0.2	TPTLTARL:0.26666666666666666	DTPTLTAR:0.26666666666666666	YPEATVVG:0.2	RIDTPTLT:0.2	LRRIPTVY:0.2	DRIDTPTL:0.2	EVYDRIDT:0.2	YDRIDTPT:0.2	IDTPTLTA:0.2	LAVRVLRR:0.2	VYDRIDTP:0.2	VALPFFVL:0.2	AYHPTTRN:0.26666666666666666	WAYHPTTR:0.2	
