cluster number:328
GT1:24	GT1:24|2.4.1.-:2
SFGSEYFL:0.5416666666666666	TTNGLPPH:0.5833333333333334	GVPIIAMP:0.4166666666666667	LAHGHISP:0.4166666666666667	HYHTTNGL:0.375	MLPWLAHG:0.375	WLAHGHIS:0.4583333333333333	VPIIAMPM:0.375	ELSNVNFI:0.3333333333333333	VSFGSEYF:0.5416666666666666	PHYHTTNG:0.375	LPPHYHTT:0.4166666666666667	LSNVNFIW:0.3333333333333333	HGHISPFL:0.20833333333333334	LPWLAHGH:0.375	TNGLPPHL:0.5833333333333334	FVSFGSEY:0.4583333333333333	LPEGFLER:0.20833333333333334	FGVPIIAM:0.375	KFGVPIIA:0.20833333333333334	NGLPPHLM:0.375	LMLPWLAH:0.375	VFVSFGSE:0.5	YHTTNGLP:0.5416666666666666	AHGHISPF:0.20833333333333334	SNVNFIWV:0.375	PPHYHTTN:0.375	GLELSNVN:0.3333333333333333	LELSNVNF:0.3333333333333333	PWLAHGHI:0.625	HTTNGLPP:0.5833333333333334	FPWLAYGH:0.20833333333333334	AMPMHLDQ:0.20833333333333334	VNFIWVVR:0.25	MPMHLDQP:0.25	TVFVSFGS:0.375	VLMFPWLA:0.25	SHCGWNSV:0.4583333333333333	ELPPHYHT:0.20833333333333334	STVFVSFG:0.375	PWLAYGHI:0.20833333333333334	MFPWLAYG:0.20833333333333334	GWNSVMES:0.3333333333333333	HCGWNSVM:0.3333333333333333	PELPPHYH:0.20833333333333334	NFIWVVRF:0.3333333333333333	CGWNSVME:0.3333333333333333	ILMLPWLA:0.25	PPHLMSTL:0.20833333333333334	FGSEYFLS:0.4166666666666667	GGFVSHCG:0.5833333333333334	SEYFLSKE:0.2916666666666667	GHISPYLE:0.20833333333333334	HISPYLEL:0.20833333333333334	GFVSHCGW:0.5833333333333334	GSEYFLSK:0.2916666666666667	LPPHLMST:0.20833333333333334	AHGHISPY:0.20833333333333334	VSHCGWNS:0.4166666666666667	FVSHCGWN:0.4166666666666667	PHLMSTLK:0.20833333333333334	HGHISPYL:0.20833333333333334	SIGGFVSH:0.2916666666666667	CSTPVNLN:0.20833333333333334	IGGFVSHC:0.3333333333333333	WAPQAKIL:0.2916666666666667	GWAPQAKI:0.25	LMFPWLAH:0.20833333333333334	WNSVMESI:0.20833333333333334	MFPWLAHG:0.20833333333333334	FPWLAHGH:0.25	ILMFPWLA:0.20833333333333334	
