cluster number:332
GT1:13	GT1:13
PFGMAWQP:0.38461538461538464	VHVTQGTW:0.23076923076923078	DTPPFGMA:0.38461538461538464	KPEVAARV:0.23076923076923078	VLADRLLQ:0.23076923076923078	TPPFGMAW:0.38461538461538464	SADTPPFG:0.3076923076923077	ITNGGYGG:0.6923076923076923	VGPLTLSS:0.3076923076923077	TVVHVTQG:0.3076923076923077	WPVLADRL:0.23076923076923078	VCGVGPLT:0.23076923076923078	LSSADTPP:0.23076923076923078	PLTLSSAD:0.3076923076923077	DKPEVAAR:0.23076923076923078	DVMITNGG:0.6923076923076923	LTLSSADT:0.23076923076923078	PVLADRLL:0.23076923076923078	VVHVTQGT:0.6923076923076923	TLSSADTP:0.23076923076923078	DWPVLADR:0.23076923076923078	PPFGMAWQ:0.38461538461538464	VMITNGGY:0.6923076923076923	SSADTPPF:0.23076923076923078	NGGYGGVH:0.3076923076923077	VDVMITNG:0.6923076923076923	TNGGYGGV:0.9230769230769231	GPLTLSSA:0.3076923076923077	VVCGVGPL:0.23076923076923078	MITNGGYG:0.6923076923076923	PHVDVMIT:0.38461538461538464	GVPLIVAG:0.46153846153846156	MPHVDVMI:0.23076923076923078	HGVPLIVA:0.46153846153846156	EYPRGDLP:0.3076923076923077	NGGYGGVQ:0.6153846153846154	HVDVMITN:0.46153846153846156	LMPHVDVM:0.23076923076923078	GETSDKAE:0.6153846153846154	VHVTQGTF:0.46153846153846156	VTQGTFDN:0.46153846153846156	PLIVAGET:0.46153846153846156	DKAEVAAR:0.46153846153846156	HVTQGTFD:0.46153846153846156	IVAGETSD:0.46153846153846156	SDKAEVAA:0.46153846153846156	VAGETSDK:0.6153846153846154	AGETSDKA:0.6153846153846154	LIVAGETS:0.46153846153846156	ETSDKAEV:0.46153846153846156	TSDKAEVA:0.46153846153846156	GTFDNTDL:0.23076923076923078	YGGVQYAL:0.3076923076923077	LVVATTGG:0.3076923076923077	VVATTGGR:0.3076923076923077	DVLVVATT:0.23076923076923078	ALSHGVPL:0.3076923076923077	GGYGGVQY:0.3076923076923077	GYGGVQYA:0.3076923076923077	YALSHGVP:0.23076923076923078	LSHGVPLI:0.23076923076923078	QGTFDNTD:0.23076923076923078	AVAHRVIM:0.23076923076923078	VLVVATTG:0.23076923076923078	TQGTFDNT:0.23076923076923078	RRFDRALR:0.23076923076923078	VPLIVAGE:0.38461538461538464	SHGVPLIV:0.23076923076923078	VRRFWLGR:0.23076923076923078	RSPVFISD:0.23076923076923078	FDRALRRA:0.23076923076923078	PVFISDWP:0.23076923076923078	DRALRRAG:0.23076923076923078	DWPRLADG:0.3076923076923077	RRFWLGRA:0.38461538461538464	SPVFISDW:0.23076923076923078	WPRLADGL:0.23076923076923078	FISDWPRL:0.3076923076923077	PRLADGLL:0.23076923076923078	FWLGRAEL:0.38461538461538464	RFWLGRAE:0.38461538461538464	ISDWPRLA:0.3076923076923077	VFISDWPR:0.23076923076923078	RLADGLLQ:0.23076923076923078	LLVVATTG:0.23076923076923078	SDWPRLAD:0.38461538461538464	KAEVAARV:0.38461538461538464	VAHRVIMR:0.23076923076923078	LADGLLQL:0.23076923076923078	DLLVVATT:0.23076923076923078	VTNGGYGG:0.3076923076923077	VDVMVTNG:0.23076923076923078	PHVDVMVT:0.23076923076923078	MVTNGGYG:0.23076923076923078	AVVHVTQG:0.3076923076923077	DVMVTNGG:0.23076923076923078	HVDVMVTN:0.23076923076923078	HGVPLVVA:0.3076923076923077	LLPHVDVM:0.3076923076923077	VMVTNGGY:0.23076923076923078	GVPLVVAG:0.3076923076923077	IPYSALLP:0.23076923076923078	EYPRSDLP:0.23076923076923078	FEYPRSDL:0.23076923076923078	PPVVVCGV:0.23076923076923078	RPPVVVCG:0.23076923076923078	WIPYSALL:0.23076923076923078	FGMAWQPE:0.23076923076923078	LDQLIAPT:0.23076923076923078	AEVAARVD:0.23076923076923078	DLDQLIAP:0.23076923076923078	
