cluster number:188
GT1:15	GT1:15
IGGISVNM:0.2	KTVPIGGI:0.4666666666666667	VPIGGISV:0.4	QKTVPIGG:0.4	TVPIGGIS:0.4666666666666667	PIGGISVN:0.3333333333333333	PNVTFIWK:0.5333333333333333	VTFIWKYE:0.6	NVTFIWKY:0.5333333333333333	FPNVTFIW:0.26666666666666666	MARLADTL:0.3333333333333333	AYAASHTN:0.2	ARLADTLT:0.3333333333333333	THGGLGST:0.6666666666666666	AFLTHGGL:0.4666666666666667	NFMARLAD:0.3333333333333333	LADTLTEA:0.4	TLTEAGHN:0.5333333333333333	HGGLGSTN:0.5333333333333333	LTHGGLGS:0.4666666666666667	GGLGSTNE:0.5333333333333333	FIWKYESD:0.4	ADTLTEAG:0.4666666666666667	NMLISFGS:0.4666666666666667	YAASHTNF:0.2	TFIWKYES:0.4	SHTNFMAR:0.3333333333333333	FLTHGGLG:0.4666666666666667	LTEAGHNV:0.5333333333333333	SPAYAASH:0.26666666666666666	IWKYESDD:0.4	EAGHNVTF:0.5333333333333333	LVYSPAYA:0.2	PAYAASHT:0.2	DNRLTAFL:0.2	VYSPAYAA:0.2	LTAFLTHG:0.26666666666666666	DTLTEAGH:0.5333333333333333	RLTAFLTH:0.26666666666666666	HTNFMARL:0.3333333333333333	TAFLTHGG:0.26666666666666666	TEAGHNVT:0.5333333333333333	ASHTNFMA:0.26666666666666666	TNFMARLA:0.3333333333333333	YSPAYAAS:0.2	AASHTNFM:0.26666666666666666	RLADTLTE:0.3333333333333333	FMARLADT:0.3333333333333333	LGSTNELA:0.4	EPNVTFIW:0.2	PQTALLND:0.3333333333333333	MLISFGSM:0.4	SKWVPQTA:0.3333333333333333	FSKWVPQT:0.3333333333333333	IYFSKWVP:0.2	GLGSTNEL:0.4	WVPQTALL:0.3333333333333333	SEPNVTFI:0.2	KWVPQTAL:0.3333333333333333	YFSKWVPQ:0.2	NIYFSKWV:0.2	EPLSVCGL:0.3333333333333333	VPQTALLN:0.3333333333333333	KSEPNVTF:0.2	PLSVCGLG:0.26666666666666666	IKSEPNVT:0.2	LISFGSMV:0.4	TNSNPYLD:0.2	NSNPYLDF:0.2	GHNVTFLV:0.2	PYLDFPRP:0.2	SFGSMVKS:0.3333333333333333	LNILVYSP:0.2	AGHNVTFL:0.3333333333333333	FTNSNPYL:0.2	NPYLDFPR:0.2	ISFGSMVK:0.3333333333333333	SNPYLDFP:0.2	WKYESDDL:0.2	DVAIVEPL:0.2	LTERGHNV:0.2	FVKALGIE:0.2	CGLGFVKA:0.2	FDVAIVEP:0.2	EKTILASS:0.26666666666666666	GFVKALGI:0.2	GKLADTLT:0.2	DTLTERGH:0.2	AIVEPLSV:0.2	KALGIEKT:0.2	SRNFDVAI:0.26666666666666666	TLTERGHN:0.2	IGGISVNL:0.2	SNIHFSKW:0.2	IEKTILAS:0.26666666666666666	ADTLTERG:0.2	NVTYLMPV:0.2	KLADTLTE:0.2	ERGHNVTY:0.2	HFSKWVPQ:0.26666666666666666	GLGFVKAL:0.2	LADTLTER:0.2	VAIVEPLS:0.2	QTALLNDP:0.2	IVEPLSVC:0.2	NIHFSKWV:0.2	TERGHNVT:0.2	GHNVTYLM:0.2	TALLNDPR:0.2	LGIEKTIL:0.26666666666666666	TFIWKYET:0.2	ALLNDPRL:0.2	IHFSKWVP:0.2	HNVTYLMP:0.2	KSRNFDVA:0.26666666666666666	VEPLSVCG:0.2	KTILASSC:0.2	LGFVKALG:0.2	FLGKLADT:0.2	VKALGIEK:0.2	ALGIEKTI:0.2	RGHNVTYL:0.2	MKSRNFDV:0.2	LGKLADTL:0.2	LLNDPRLS:0.2	GIEKTILA:0.26666666666666666	
