cluster number:350
GT1:29	GT1:29
HLLPYLEL:0.2413793103448276	AFDGLAAP:0.4482758620689655	FDGLAAPF:0.4482758620689655	THCGRNSL:0.3448275862068966	VALGSEVP:0.3448275862068966	YVALGSEV:0.3448275862068966	ALGLELAG:0.5172413793103449	HRVSFVST:0.27586206896551724	VALPLPRV:0.27586206896551724	LLPYLELA:0.20689655172413793	VHELALGL:0.3448275862068966	GHLLPYLE:0.2413793103448276	LTHCGRNS:0.3448275862068966	LGLELAGT:0.2413793103448276	PYLELAER:0.2413793103448276	ALGSEVPL:0.41379310344827586	PLGLLPPS:0.27586206896551724	QVHELALG:0.2413793103448276	GHRVSFVS:0.27586206896551724	DGSFDRHG:0.27586206896551724	GGFLTHCG:0.20689655172413793	VDGLPDGA:0.20689655172413793	RGHRVSFV:0.27586206896551724	ALPLPRVD:0.2413793103448276	LPRVDGLP:0.27586206896551724	FLTHCGRN:0.3448275862068966	LGSEVPLR:0.2413793103448276	DGLPDGAE:0.20689655172413793	LPLPRVDG:0.27586206896551724	RVSFVSTP:0.3103448275862069	LPYLELAE:0.2413793103448276	ELALGLEL:0.6206896551724138	GSFDRHGV:0.27586206896551724	EQVHELAL:0.20689655172413793	HELALGLE:0.4827586206896552	GDQGPNAR:0.3448275862068966	LGLLPPSP:0.20689655172413793	LALGLELA:0.5172413793103449	SFDRHGVA:0.20689655172413793	PRVDGLPD:0.20689655172413793	RVDGLPDG:0.20689655172413793	DGLAAPFA:0.3448275862068966	PLPRVDGL:0.27586206896551724	KAFDGLAA:0.3448275862068966	FGHLLPYL:0.2413793103448276	TRFLWALR:0.27586206896551724	ELAGTRFL:0.3793103448275862	FLWALRKP:0.3793103448275862	WVPQMSIL:0.27586206896551724	GLELAGTR:0.3448275862068966	RFLWALRK:0.3793103448275862	LELAGTRF:0.3793103448275862	AGTRFLWA:0.41379310344827586	PQMSILAH:0.27586206896551724	VPQMSILA:0.27586206896551724	GTRFLWAL:0.3793103448275862	LAGTRFLW:0.3793103448275862	VVYVALGS:0.27586206896551724	VYVALGSE:0.27586206896551724	GLPEGAES:0.2413793103448276	VSTPRNLA:0.3103448275862069	LAFGHLLP:0.3103448275862069	PRNLARLP:0.3103448275862069	DGLPEGAE:0.2413793103448276	VDGLPEGA:0.20689655172413793	ILAHAAVG:0.27586206896551724	SVVYVALG:0.3103448275862069	FGHPLVML:0.27586206896551724	RNLARLPP:0.2413793103448276	AFGHLLPY:0.20689655172413793	LPEGAEST:0.2413793103448276	TPRNLARL:0.3103448275862069	GHPLVMLP:0.27586206896551724	STPRNLAR:0.3103448275862069	GHMIPFLE:0.20689655172413793	PWLAFGHM:0.27586206896551724	LAFGHMIP:0.2413793103448276	FGHMIPFL:0.20689655172413793	YVALGSEA:0.2413793103448276	VIYVALGS:0.20689655172413793	FPWLAFGH:0.4827586206896552	SVIYVALG:0.2413793103448276	HMIPFLEL:0.20689655172413793	IYVALGSE:0.20689655172413793	AFGHMIPF:0.20689655172413793	WLAFGHMI:0.2413793103448276	VALGSEAP:0.2413793103448276	GFEERTRG:0.2413793103448276	KSVVYVAL:0.20689655172413793	EERTRGRG:0.2413793103448276	FEERTRGR:0.2413793103448276	THCGWGST:0.20689655172413793	VFPWLAFG:0.2413793103448276	AESTADVP:0.20689655172413793	GAFLTHCG:0.41379310344827586	LTHCGWGS:0.2413793103448276	AFLTHCGW:0.2413793103448276	FLTHCGWG:0.2413793103448276	VVFPWLAF:0.2413793103448276	AAVGAFLT:0.3103448275862069	WLAFGHLL:0.27586206896551724	FVSTPRNL:0.2413793103448276	AVGAFLTH:0.3448275862068966	VSFVSTPR:0.27586206896551724	HCGRNSLV:0.20689655172413793	HAAVGAFL:0.3103448275862069	AHAAVGAF:0.27586206896551724	PWLAFGHL:0.3103448275862069	VGAFLTHC:0.3448275862068966	CGRNSLVE:0.20689655172413793	GRNSLVEG:0.20689655172413793	LAHAAVGA:0.27586206896551724	SFVSTPRN:0.27586206896551724	CGWGSTIE:0.2413793103448276	HCGWGSTI:0.2413793103448276	
