cluster number:262
GT1:17	GT1:17|GT2:1
DFRLSLSV:0.6470588235294118	LSLSVSAR:0.6470588235294118	EAVTLAHV:0.47058823529411764	AGVPVIGI:0.29411764705882354	LYADVPEL:0.23529411764705882	CNGGSPTS:0.47058823529411764	VICNGGSP:0.5882352941176471	FRLSLSVS:0.6470588235294118	SPTSQQAL:0.29411764705882354	VTLGSSGQ:0.29411764705882354	GGSPTSQQ:0.29411764705882354	NLDQFLNM:0.29411764705882354	LVICNGGS:0.5882352941176471	IGDFRLSL:0.5294117647058824	TLGSSGQG:0.23529411764705882	GNLDQFLN:0.23529411764705882	NGGSPTSQ:0.29411764705882354	GDFRLSLS:0.7058823529411765	VIGDFRLS:0.47058823529411764	RLSLSVSA:0.6470588235294118	SLSVSARL:0.4117647058823529	AEAVTLAH:0.47058823529411764	ICNGGSPT:0.5294117647058824	GSPTSQQA:0.29411764705882354	LSVSARLA:0.23529411764705882	YVTLGSSG:0.35294117647058826	ASLVICNG:0.35294117647058826	PDLVIGDF:0.23529411764705882	NAYWSPYA:0.4117647058823529	RASLVICN:0.35294117647058826	SLVICNGG:0.35294117647058826	TNAYWSPY:0.29411764705882354	LVIGDFRL:0.29411764705882354	DLVIGDFR:0.23529411764705882	VTLAHVAR:0.29411764705882354	CNGGSPTT:0.23529411764705882	GVPVIGIA:0.29411764705882354	AVTLAHVA:0.29411764705882354	TLAHVARP:0.29411764705882354	FAEAVTLA:0.23529411764705882	VGDFRLSL:0.35294117647058826	PDVVVGDF:0.29411764705882354	DVVVGDFR:0.29411764705882354	VVVGDFRL:0.23529411764705882	VVGDFRLS:0.29411764705882354	LVVCNGGS:0.23529411764705882	VVCNGGSP:0.23529411764705882	
