cluster number:299
GT1:15	GT1:15
VIVTTGAH:0.2	VTTGAHTA:0.26666666666666666	VYGARNYL:0.2	RPDVIVTT:0.3333333333333333	FKFSYNVI:0.2	PDVIVTTG:0.4	TTGAHTAV:0.4	DVIVTTGA:0.3333333333333333	TGAHTAVP:0.4666666666666667	KIRPDVIV:0.2	YGARNYLF:0.2	YIFKFSYN:0.26666666666666666	IVTTGAHT:0.2	LVYGARNY:0.26666666666666666	IRPDVIVT:0.2	IFKFSYNV:0.2	YDYHIITE:0.2	ADLFIVQW:0.26666666666666666	LVYPIADL:0.2	VYPIADLF:0.2	TAVPMCYI:0.2	GRLVYPIA:0.2	HLTQLLQL:0.3333333333333333	FIVQWETM:0.2	PIADLFIV:0.2	LFIVQWET:0.2	IFIESFAK:0.2	CYIAKLFG:0.2	IVQWETMK:0.2	IADLFIVQ:0.2	GGHLTQLL:0.3333333333333333	MCYIAKLF:0.26666666666666666	DLFIVQWE:0.3333333333333333	SGRLVYPI:0.2	HTAVPMCY:0.26666666666666666	RLVYPIAD:0.2	VIFIESFA:0.2	GHLTQLLQ:0.3333333333333333	VPMCYIAK:0.26666666666666666	AVPMCYIA:0.2	GAHTAVPM:0.26666666666666666	AHTAVPMC:0.26666666666666666	YPIADLFI:0.2	IESFAKTT:0.2	PMCYIAKL:0.26666666666666666	YIAKLFGK:0.2	SIGGHLTQ:0.2	DVVITTGA:0.2	RPDVVITT:0.2	IGGHLTQL:0.2	LTQLLQLE:0.2	PDVVITTG:0.2	YPKAVYGG:0.2	YDYHIVTE:0.2	YHIVTEKS:0.2	DYHIVTEK:0.2	
