cluster number:3
GT1:346	GT1:346|2.4.1.-:2
GTTAASLR:0.38439306358381503	VHHGGSGT:0.4653179190751445	VVHHGGSG:0.36127167630057805	TTAASLRA:0.3815028901734104	SLRAGVPT:0.2254335260115607	HHGGSGTT:0.45664739884393063	PFVGALTM:0.28034682080924855	TAASLRAG:0.37572254335260113	AGVPTLIL:0.25722543352601157	LRAGVPTL:0.3265895953757225	GSGTTAAS:0.33236994219653176	GTRGDVEP:0.2745664739884393	ACAELGER:0.315028901734104	RAGVPTLI:0.25722543352601157	GGSGTTAA:0.45664739884393063	ASLRAGVP:0.23121387283236994	AASLRAGV:0.23121387283236994	HGGSGTTA:0.45375722543352603	RAVVHHGG:0.6560693641618497	SGTTAASL:0.315028901734104	RPFVGALT:0.45664739884393063	AVVHHGGS:0.3670520231213873	FGSMPVES:0.20520231213872833	FGFGSMPV:0.35260115606936415	TRGDIEPS:0.20520231213872833	ELQRRGHD:0.20520231213872833	YGTRGDIE:0.36416184971098264	GFGSMPVE:0.20809248554913296	CAELGERA:0.2976878612716763	VFPACRAV:0.20809248554913296	ASYGTRGD:0.37572254335260113	AELGERAL:0.2976878612716763	FPACRAVV:0.41329479768786126	SYGTRGDI:0.33815028901734107	GTRGDIEP:0.3786127167630058	ACRAVVHH:0.42196531791907516	RELQRRGH:0.24566473988439305	ELGERALI:0.23121387283236994	PACRAVVH:0.41329479768786126	LASYGTRG:0.26878612716763006	CRAVVHHG:0.6184971098265896	SLEIQAYD:0.36416184971098264	CFGFGSMP:0.2254335260115607	PICFGFGS:0.24855491329479767	GTPPICFG:0.27167630057803466	ERALICSG:0.2138728323699422	GTTAAGLR:0.36416184971098264	RGSLEIQA:0.2832369942196532	LGERALIC:0.430635838150289	GERALICS:0.2138728323699422	QRRELGLP:0.3699421965317919	ICFGFGSM:0.2254335260115607	TTAAGLRA:0.36416184971098264	GSLEIQAY:0.315028901734104	TAAGLRAG:0.35260115606936415	PPICFGFG:0.24855491329479767	PPIYFGFG:0.24566473988439305	AQRRELGL:0.21676300578034682	VVHHGGAG:0.2543352601156069	VHHGGAGT:0.3236994219653179	FPGLAAEW:0.30346820809248554	IAAGTPPI:0.2514450867052023	AVVHHGGA:0.2543352601156069	SWIAAGTP:0.21965317919075145	GGAGTTAA:0.32947976878612717	HHGGAGTT:0.3439306358381503	WIAAGTPP:0.25722543352601157	CAQLGERA:0.20809248554913296	HGGAGTTA:0.33236994219653176	GAGTTAAG:0.25722543352601157	PIYFGFGS:0.2514450867052023	AQLGERAL:0.21965317919075145	FVGALTME:0.22254335260115607	RRPFVGAL:0.2774566473988439	PFVGALTL:0.20520231213872833	AANVAEYY:0.2138728323699422	PGLAAEWA:0.2514450867052023	LEIQAYDE:0.33815028901734107	
