cluster number:274
GT1:33	GT1:33
HRSVPQLA:0.24242424242424243	VPMVAVPQ:0.3939393939393939	LVRRGHRV:0.42424242424242425	ELVRRGHR:0.42424242424242425	HGVPMVAV:0.36363636363636365	SVPQLAVL:0.2727272727272727	RGHRVSYA:0.36363636363636365	VPQLAVLE:0.3939393939393939	GVPMVAVP:0.3939393939393939	VRRGHRVS:0.30303030303030304	AELVRRGH:0.3939393939393939	RSVPQLAV:0.24242424242424243	RRGHRVSY:0.30303030303030304	VAELVRRG:0.24242424242424243	ELVARGHR:0.30303030303030304	LVARGHRV:0.30303030303030304	PDLVLYDI:0.2727272727272727	DRPDLVLY:0.24242424242424243	RPDLVLYD:0.2727272727272727	DLVLYDIG:0.2727272727272727	LVLYDIGG:0.2727272727272727	WYGVPTVA:0.21212121212121213	AGMGGCTE:0.30303030303030304	VQLSPTYV:0.30303030303030304	VGEPLTGL:0.21212121212121213	MRVFLDEG:0.24242424242424243	QLSPTYVA:0.30303030303030304	AVLEAASA:0.21212121212121213	YGVPTVAI:0.21212121212121213	THAGMGGC:0.42424242424242425	PDLLLYDI:0.21212121212121213	TAPSHIYP:0.3333333333333333	ITHAGMGG:0.2727272727272727	LAVLEAAS:0.21212121212121213	LYDIGGLP:0.21212121212121213	LLYDIGGL:0.21212121212121213	ASAFITHA:0.24242424242424243	LWYGVPTV:0.21212121212121213	AASAFITH:0.21212121212121213	ADAVESFL:0.21212121212121213	GVPAVQLS:0.24242424242424243	WHVVISIG:0.2727272727272727	GVPTVAIP:0.36363636363636365	SLWYGVPT:0.21212121212121213	LLLYDIGG:0.21212121212121213	DWHVVISI:0.2727272727272727	VLEAASAF:0.21212121212121213	AFITHAGM:0.24242424242424243	RVFLDEGI:0.24242424242424243	PAVQLSPT:0.2727272727272727	AADAVESF:0.21212121212121213	LSPTYVAW:0.30303030303030304	SAFITHAG:0.24242424242424243	QLAVLEAA:0.21212121212121213	VPTVAIPL:0.21212121212121213	EAASAFIT:0.21212121212121213	LEAASAFI:0.21212121212121213	ESLWYGVP:0.21212121212121213	ADRSWTPP:0.21212121212121213	AVQLSPTY:0.30303030303030304	FITHAGMG:0.30303030303030304	TESLWYGV:0.21212121212121213	DLLLYDIG:0.21212121212121213	APSHIYPS:0.3333333333333333	YGVPAVQL:0.24242424242424243	RYGVPAVQ:0.24242424242424243	LAELGVGE:0.21212121212121213	SHIYPSLA:0.3333333333333333	PTVAIPLA:0.21212121212121213	HAGMGGCT:0.30303030303030304	PSHIYPSL:0.3333333333333333	VPAVQLSP:0.3333333333333333	QAVDQFGN:0.2727272727272727	PQAVDQFG:0.2727272727272727	ALWFGVPT:0.21212121212121213	AVDQFGNA:0.2727272727272727	VAVPQAVD:0.21212121212121213	AVPQAVDQ:0.21212121212121213	MQPNADRV:0.21212121212121213	EALWFGVP:0.21212121212121213	WFGVPTVA:0.24242424242424243	LWFGVPTV:0.24242424242424243	FVGPCLDP:0.2727272727272727	VPQLAVLA:0.21212121212121213	SAFVTHAG:0.2727272727272727	FVTHAGMG:0.36363636363636365	ASAFVTHA:0.2727272727272727	AFVTHAGM:0.2727272727272727	VTHAGMGG:0.3333333333333333	PMVAVPQA:0.21212121212121213	
