cluster number:185
GT1:7	GT1:7
ALRAAGHE:0.7142857142857143	AVIDVSPP:0.2857142857142857	LRAAGHEV:0.7142857142857143	SAVIDVSP:0.2857142857142857	DAGIPQLV:0.2857142857142857	WALRAAGH:0.5714285714285714	TGWALRAA:0.42857142857142855	AGHEVLIA:0.42857142857142855	WPMRYVPY:0.5714285714285714	GIPQLVVP:0.42857142857142855	PRVAVTLG:0.5714285714285714	IDVSPPSM:0.2857142857142857	TMTALDAG:0.2857142857142857	APVERTGL:0.2857142857142857	PSAVIDVS:0.2857142857142857	TTMTALDA:0.2857142857142857	RPRVAVTL:0.42857142857142855	RAAGHEVL:0.7142857142857143	RVAVTLGT:0.5714285714285714	GLAPVERT:0.2857142857142857	AGIPQLVV:0.2857142857142857	GGWPMRYV:0.2857142857142857	VIDVSPPS:0.2857142857142857	AAGHEVLI:0.42857142857142855	MRYVPYNG:0.5714285714285714	GWPMRYVP:0.42857142857142855	GTTMTALD:0.2857142857142857	LAPVERTG:0.2857142857142857	GWALRAAG:0.5714285714285714	VDAEFVLA:0.42857142857142855	GHEVLIAT:0.42857142857142855	GGLAPVER:0.2857142857142857	IPQLVVPQ:0.2857142857142857	PMRYVPYN:0.5714285714285714	DVSPPSMG:0.2857142857142857	PVERTGLP:0.2857142857142857	PMISTGWA:0.2857142857142857	CLSAHGHL:0.2857142857142857	EVLIATCG:0.2857142857142857	SWRPDVVV:0.2857142857142857	HLFPMIST:0.2857142857142857	GGAGTTMT:0.2857142857142857	PRIAVTLG:0.2857142857142857	VLIATCGG:0.2857142857142857	RPRIAVTL:0.2857142857142857	RIAVTLGT:0.2857142857142857	VIHHGGAG:0.2857142857142857	IHHGGAGT:0.42857142857142855	GHLFPMIS:0.2857142857142857	HGGAGTTM:0.2857142857142857	ESWRPDVV:0.2857142857142857	HEVLIATC:0.2857142857142857	LFPMISTG:0.2857142857142857	MISTGWAL:0.2857142857142857	ISTGWALR:0.2857142857142857	SPPSMGSV:0.2857142857142857	STGWALRA:0.2857142857142857	AVIHHGGA:0.2857142857142857	LSAHGHLF:0.2857142857142857	LIATCGGL:0.2857142857142857	HGHLFPMI:0.2857142857142857	HHGGAGTT:0.2857142857142857	EETLLIGS:0.2857142857142857	AHGHLFPM:0.2857142857142857	WRPDVVVH:0.2857142857142857	HEETLLIG:0.2857142857142857	SAHGHLFP:0.2857142857142857	FPMISTGW:0.2857142857142857	RRAAAEVR:0.2857142857142857	AAAEVRAE:0.42857142857142855	LLATCSAV:0.2857142857142857	AEFVLALG:0.42857142857142855	DAEFVLAL:0.42857142857142855	LDAEFVLA:0.2857142857142857	ALLATCSA:0.2857142857142857	RAAAEVRA:0.2857142857142857	VLPHGADQ:0.2857142857142857	WRPDLVVH:0.2857142857142857	AKLGVPAV:0.42857142857142855	AVTLGTVL:0.2857142857142857	VAVTLGTV:0.2857142857142857	EFVLALGD:0.2857142857142857	RYVPYNGG:0.2857142857142857	AAKLGVPA:0.42857142857142855	YVPYNGGG:0.42857142857142855	LVLPHGAD:0.2857142857142857	QLVLPHGA:0.2857142857142857	AAEVRAEI:0.2857142857142857	
