cluster number:281
GT1:15	GT1:15
SGGHTGEM:0.9333333333333333	YIESLARV:0.4666666666666667	GPGTSVPL:0.3333333333333333	GGHTGEML:0.5333333333333333	IESLARVK:0.26666666666666666	GSGGHTGE:1.0	VLLGSGGH:0.3333333333333333	GHTGEMLR:0.3333333333333333	LLGSGGHT:0.6666666666666666	NGPGTSVP:0.3333333333333333	MVLLGSGG:0.26666666666666666	LGSGGHTG:0.9333333333333333	KLLGLCNT:0.2	GGHTGEMM:0.4	IIYIESLA:0.4	NTRIIYIE:0.2	VEYYGILI:0.2	RIIYIESL:0.26666666666666666	SIMVLLGS:0.2	HTGEMMRI:0.3333333333333333	IMVLLGSG:0.2	TGEMMRIL:0.26666666666666666	LSLSGRLI:0.26666666666666666	IYIESLAR:0.4	GSSIMVLL:0.2	LCNTRIIY:0.2	VLLVNGPG:0.26666666666666666	TWVVSSGD:0.2	GEMMRILS:0.2	RTWVVSSG:0.2	TRIIYIES:0.26666666666666666	SSIMVLLG:0.2	GHTGEMMR:0.4	RVEYYGIL:0.2	GLCNTRII:0.2	NGPGTCIP:0.26666666666666666	IESLARVN:0.3333333333333333	CNTRIIYI:0.2	GTSVPLAY:0.26666666666666666	ILLLNGPG:0.2	KRAEYYGI:0.26666666666666666	KYKRAEYY:0.26666666666666666	KFLGLCKT:0.2	LGLCKTRI:0.2	FLGSGGHT:0.2	PSILLLNG:0.2	PGTSVPLA:0.26666666666666666	FLGLCKTR:0.2	LLLNGPGT:0.26666666666666666	LKFLGLCK:0.2	LLNGPGTS:0.26666666666666666	YKRAEYYG:0.26666666666666666	RAEYYGIL:0.26666666666666666	SILLLNGP:0.2	IFLGSGGH:0.2	LNGPGTSV:0.26666666666666666	SDRFIVQW:0.26666666666666666	LPISDRFI:0.26666666666666666	PISDRFIV:0.26666666666666666	ISDRFIVQ:0.26666666666666666	LLPISDRF:0.26666666666666666	LLLPISDR:0.26666666666666666	ILLGSGGH:0.3333333333333333	
