cluster number:208
GT1:39	GT1:39
APYTGLGA:0.38461538461538464	TTTAPLGW:0.3076923076923077	GVYLQPTA:0.3076923076923077	VRALRRAG:0.3076923076923077	AGLRGILQ:0.2564102564102564	LGQGFADA:0.23076923076923078	GFGSMAAG:0.23076923076923078	VTADQPFW:0.5128205128205128	AAALRAGV:0.48717948717948717	AGTSAAAL:0.20512820512820512	RLAAVVHH:0.3076923076923077	PRLAAVVH:0.3076923076923077	DFPPVVTG:0.2564102564102564	LSTTTAPL:0.3076923076923077	LQPTAPTG:0.3333333333333333	VAPYTGLG:0.41025641025641024	QPTAPTGD:0.28205128205128205	AVVHHAGA:0.3076923076923077	VYLQPTAP:0.3076923076923077	STALVPRP:0.2564102564102564	PTAPTGDF:0.28205128205128205	GDFPPVVT:0.23076923076923078	VPHALLFP:0.41025641025641024	SAAALRAG:0.20512820512820512	FSTALVPR:0.2564102564102564	HGFSTALV:0.23076923076923078	GSRGDVAP:0.41025641025641024	ILIAAAGS:0.23076923076923078	ALLFPRLA:0.28205128205128205	TSAAALRA:0.20512820512820512	AAVVHHAG:0.28205128205128205	LRRAGLRG:0.38461538461538464	TTAPLGWH:0.4358974358974359	ALRAGVPA:0.2564102564102564	AALRAGVP:0.48717948717948717	ALRRAGLR:0.38461538461538464	AAAGSRGD:0.20512820512820512	STTTAPLG:0.3076923076923077	VPVTADQP:0.5128205128205128	LLSTTTAP:0.28205128205128205	PVTADQPF:0.5128205128205128	GAGTSAAA:0.20512820512820512	GTSAAALR:0.20512820512820512	VPRPSDWR:0.23076923076923078	TGDFPPVV:0.2564102564102564	RALRRAGL:0.3076923076923077	HALLFPRL:0.28205128205128205	LLFPRLAA:0.28205128205128205	LFPRLAAV:0.3076923076923077	LRAGVPAV:0.28205128205128205	GFSTALVP:0.2564102564102564	APTGDFPP:0.28205128205128205	RGDVAPYT:0.38461538461538464	GDVPHALL:0.2564102564102564	TADQPFWA:0.6153846153846154	LAVRALRR:0.23076923076923078	LAAVVHHA:0.23076923076923078	VVHHAGAG:0.3076923076923077	AGSRGDVA:0.38461538461538464	LVPRPSDW:0.23076923076923078	VHHAGAGT:0.358974358974359	SRGDVAPY:0.38461538461538464	LLLSTTTA:0.28205128205128205	GDVAPYTG:0.5128205128205128	DLLLLSTT:0.23076923076923078	PHALLFPR:0.48717948717948717	FPRLAAVV:0.3076923076923077	AVRALRRA:0.4358974358974359	PTGDFPPV:0.2564102564102564	TAPTGDFP:0.28205128205128205	LRRAGYDV:0.20512820512820512	DVPHALLF:0.2564102564102564	LLLLSTTT:0.28205128205128205	LMRTAAAF:0.20512820512820512	RAGLRGIL:0.20512820512820512	AAGSRGDV:0.2564102564102564	LHGFSTAL:0.28205128205128205	YLQPTAPT:0.358974358974359	DVAPYTGL:0.41025641025641024	LVPRPADW:0.2564102564102564	LLLSATTA:0.3076923076923077	DFLAAGPP:0.23076923076923078	TDLLLLSA:0.20512820512820512	PLVRAAGL:0.23076923076923078	QPFWAARL:0.41025641025641024	DQPFWAAR:0.41025641025641024	LLSATTAP:0.28205128205128205	LSATTAPL:0.28205128205128205	RSLGRWGN:0.20512820512820512	HHCGAGTA:0.23076923076923078	HCGAGTAA:0.23076923076923078	PVPVTADQ:0.3076923076923077	LAAGPPPV:0.23076923076923078	SATTAPLG:0.28205128205128205	FLAAGPPP:0.23076923076923078	LLLLSATT:0.3333333333333333	SLGRWGNR:0.20512820512820512	VPVPVTAD:0.3076923076923077	APLVRAAG:0.23076923076923078	CGAGTAAA:0.23076923076923078	ADQPFWAA:0.3333333333333333	PVLHGFSE:0.20512820512820512	PFWAARLA:0.3076923076923077	DLLLLSAT:0.3076923076923077	VVGNWWPH:0.20512820512820512	RLAALGAA:0.358974358974359	AARLAALG:0.23076923076923078	PRPADWRP:0.3076923076923077	AVVHHCGA:0.20512820512820512	VPRPADWR:0.2564102564102564	LAALGAAT:0.3076923076923077	VHHCGAGT:0.28205128205128205	PADWRPGL:0.28205128205128205	RPADWRPG:0.3076923076923077	FWAARLAA:0.23076923076923078	WAARLAAL:0.23076923076923078	VVHHCGAG:0.20512820512820512	GFGSMASG:0.20512820512820512	WPVLHGFS:0.2564102564102564	EDFLAAGP:0.20512820512820512	TAPLGWHL:0.3076923076923077	GTTAAALR:0.28205128205128205	FALRMADR:0.20512820512820512	ERLSEIAV:0.23076923076923078	ALRMADRV:0.2564102564102564	GAGTTAAA:0.3076923076923077	GERLSEIA:0.23076923076923078	GTDLLLLS:0.3076923076923077	RFALRMAD:0.20512820512820512	LRMADRVY:0.2564102564102564	AGTTAAAL:0.28205128205128205	GRFALRMA:0.20512820512820512	SLGVYLQP:0.20512820512820512	LGVYLQPT:0.20512820512820512	TTAAALRA:0.2564102564102564	TAAALRAG:0.2564102564102564	
