cluster number:153
GT1:106	GT1:106|2.4.1.-:5|2.4.1.91:1
FGSGGTLS:0.42452830188679247	SFGSGGTL:0.4716981132075472	IAWPLYAE:0.4339622641509434	LYAEQKMN:0.3584905660377358	AEQKMNAV:0.2641509433962264	HCGWNSTL:0.41509433962264153	PGMGHLIP:0.4528301886792453	PSPGMGHL:0.3490566037735849	AWPLYAEQ:0.5	VSFGSGGT:0.39622641509433965	SPGMGHLI:0.4056603773584906	WPLYAEQK:0.37735849056603776	YAEQKMNA:0.33962264150943394	PLYAEQKM:0.3584905660377358	CGWNSTLE:0.41509433962264153	GWNSTLES:0.4056603773584906	DLFGTDAF:0.27358490566037735	LMEGEEGK:0.3113207547169811	QRFLWVVR:0.2169811320754717	LPSPGMGH:0.20754716981132076	VDLFGTDA:0.2641509433962264	LFGTDAFD:0.24528301886792453	WAPQAQIL:0.2169811320754717	LIAWPLYA:0.2358490566037736	VPLIAWPL:0.22641509433962265	VVDLFGTD:0.22641509433962265	GMGHLIPL:0.25471698113207547	THCGWNST:0.2358490566037736	LTHCGWNS:0.4056603773584906	PLIAWPLY:0.2358490566037736	TGGFLTHC:0.330188679245283	GFLTHCGW:0.41509433962264153	GGFLTHCG:0.37735849056603776	WNSTLESV:0.2169811320754717	STGGFLTH:0.3113207547169811	FLTHCGWN:0.4056603773584906	GVPLIAWP:0.22641509433962265	SEQRFLWV:0.25471698113207547	GGFLSHCG:0.20754716981132076	GFLSHCGW:0.2169811320754717	FVSFGSGG:0.25471698113207547	VLFVSFGS:0.2358490566037736	SVLFVSFG:0.2358490566037736	LFVSFGSG:0.22641509433962265	FGTDAFDV:0.2358490566037736	GTDAFDVA:0.2358490566037736	
