cluster number:10
GT1:23	GT1:23
QNDILAHP:0.6086956521739131	ITHGGLHS:0.21739130434782608	FITHGGLH:0.21739130434782608	LFITHGGL:0.2608695652173913	DILAHPNV:0.6956521739130435	PQNDILAH:0.6956521739130435	NDILAHPN:0.6086956521739131	DQPMKPLD:0.21739130434782608	THGGIFGT:0.4782608695652174	WMPQNDIL:0.43478260869565216	KWMPQNDI:0.43478260869565216	LYGDQHRN:0.4782608695652174	HGGIFGTQ:0.4782608695652174	IYEPQYKR:0.34782608695652173	ILAHPNVK:0.6086956521739131	LIYEPQYK:0.34782608695652173	MPQNDILA:0.43478260869565216	IFGTQEGI:0.4782608695652174	YGDQHRNT:0.43478260869565216	GIFGTQEG:0.4782608695652174	GDQHRNTI:0.43478260869565216	PLYGDQHR:0.4782608695652174	GGIFGTQE:0.4782608695652174	YIMRHRGA:0.30434782608695654	NTIKSVRE:0.34782608695652173	DEATFWIE:0.21739130434782608	RKWMPQND:0.30434782608695654	EGIYWGVP:0.34782608695652173	EATFWIEY:0.34782608695652173	ITHGGIFG:0.391304347826087	IEYIMRHR:0.30434782608695654	QEGIYWGV:0.34782608695652173	QYKRSALE:0.30434782608695654	PMLCIPLY:0.34782608695652173	FWIEYIMR:0.30434782608695654	SKLTVDDL:0.30434782608695654	DNPIHPLD:0.21739130434782608	RSLVFSKL:0.34782608695652173	RSALEVSE:0.2608695652173913	ATFWIEYI:0.34782608695652173	IRKWMPQN:0.30434782608695654	PNVKLFIT:0.5217391304347826	AHPNVKLF:0.4782608695652174	KRSALEVS:0.30434782608695654	IKSVREGY:0.34782608695652173	PIHPLDEA:0.21739130434782608	MRHRGARH:0.30434782608695654	NVKLFITH:0.6086956521739131	MLCIPLYG:0.34782608695652173	SALEVSER:0.2608695652173913	KSVREGYA:0.34782608695652173	DDLVRNVE:0.2608695652173913	EGYARSLV:0.34782608695652173	VPMLCIPL:0.30434782608695654	EVSERFRD:0.2608695652173913	EYIMRHRG:0.30434782608695654	EPQYKRSA:0.21739130434782608	TVDDLVRN:0.2608695652173913	VMIRKWMP:0.30434782608695654	SLVFSKLT:0.34782608695652173	GIYWGVPM:0.34782608695652173	FITHGGIF:0.391304347826087	YKRSALEV:0.30434782608695654	SVREGYAR:0.34782608695652173	YEPQYKRS:0.21739130434782608	LAHPNVKL:0.4782608695652174	RDNPIHPL:0.391304347826087	IMRHRGAR:0.30434782608695654	GVPMLCIP:0.30434782608695654	HPNVKLFI:0.5217391304347826	LEVSERFR:0.2608695652173913	IYWGVPML:0.34782608695652173	RFRDNPIH:0.34782608695652173	LCIPLYGD:0.34782608695652173	ERFRDNPI:0.2608695652173913	ALEVSERF:0.2608695652173913	VKLFITHG:0.6086956521739131	NVMIRKWM:0.30434782608695654	PLDEATFW:0.21739130434782608	NPIHPLDE:0.21739130434782608	VFSKLTVD:0.30434782608695654	TIKSVREG:0.34782608695652173	HRNTIKSV:0.34782608695652173	FSKLTVDD:0.30434782608695654	RNTIKSVR:0.34782608695652173	VDDLVRNV:0.2608695652173913	LFITHGGI:0.391304347826087	KLTVDDLV:0.30434782608695654	TQEGIYWG:0.34782608695652173	LDEATFWI:0.21739130434782608	YWGVPMLC:0.34782608695652173	FGTQEGIY:0.34782608695652173	REGYARSL:0.34782608695652173	WGVPMLCI:0.30434782608695654	SERFRDNP:0.2608695652173913	GTQEGIYW:0.34782608695652173	ANVMIRKW:0.2608695652173913	DQHRNTIK:0.34782608695652173	IHPLDEAT:0.21739130434782608	LTVDDLVR:0.2608695652173913	TFWIEYIM:0.30434782608695654	HPLDEATF:0.21739130434782608	LVFSKLTV:0.30434782608695654	QHRNTIKS:0.34782608695652173	FRDNPIHP:0.391304347826087	PQYKRSAL:0.30434782608695654	VSERFRDN:0.2608695652173913	MIRKWMPQ:0.30434782608695654	VREGYARS:0.34782608695652173	ARSLVFSK:0.34782608695652173	IPLYGDQH:0.34782608695652173	CIPLYGDQ:0.34782608695652173	KLFITHGG:0.6521739130434783	GYARSLVF:0.391304347826087	WIEYIMRH:0.30434782608695654	YARSLVFS:0.391304347826087	DLVRNVET:0.21739130434782608	VRNVETLI:0.21739130434782608	LVRNVETL:0.21739130434782608	
