cluster number:232
GT1:45	GT1:45
NIEPADFD:0.28888888888888886	LAQIGKGT:0.4	KPVLAQIG:0.24444444444444444	VIVSHAGI:0.4222222222222222	GKGTYTPQ:0.26666666666666666	PVLAQIGK:0.4222222222222222	QNMKWIKN:0.26666666666666666	IGKGTYTP:0.4	GTYTPQNM:0.26666666666666666	VLTAKRFG:0.4222222222222222	MKWIKNIE:0.3111111111111111	KRFGKPII:0.4222222222222222	KGTYTPQN:0.26666666666666666	MILVTVGT:0.4444444444444444	HAGIGTVL:0.5111111111111111	PQNMKWIK:0.26666666666666666	TVLTAKRF:0.4222222222222222	VTVGTQLP:0.5555555555555556	RFGKPIIL:0.4222222222222222	SLGEHRND:0.2	RNDHQLAT:0.6	HRNDHQLA:0.6	QLPFDRLV:0.4888888888888889	LPFDRLVK:0.37777777777777777	TAKRFGKP:0.4222222222222222	TYTPQNMK:0.26666666666666666	IKNIEPAD:0.26666666666666666	FGKPIILV:0.4222222222222222	IGTVLTAK:0.4222222222222222	TPQNMKWI:0.26666666666666666	VGTQLPFD:0.6	NDHQLATV:0.4888888888888889	GEHRNDHQ:0.7111111111111111	KPIILVPR:0.4444444444444444	LGEHRNDH:0.6444444444444445	NMKWIKNI:0.4	GRPGIYVA:0.28888888888888886	WIKNIEPA:0.26666666666666666	AQIGKGTY:0.4	IVSHAGIG:0.4888888888888889	AGIGTVLT:0.4888888888888889	GIGTVLTA:0.4666666666666667	RPGIYVAH:0.28888888888888886	YTPQNMKW:0.28888888888888886	LVTVGTQL:0.4888888888888889	ILVTVGTQ:0.5111111111111111	QIGKGTYT:0.4	SVIVSHAG:0.26666666666666666	SHAGIGTV:0.4666666666666667	TVGTQLPF:0.6444444444444445	ASVIVSHA:0.26666666666666666	KNIEPADF:0.28888888888888886	VSHAGIGT:0.5111111111111111	TQLPFDRL:0.6666666666666666	LTAKRFGK:0.4222222222222222	EPADFDRV:0.2222222222222222	KWIKNIEP:0.3111111111111111	VLAQIGKG:0.4222222222222222	AKRFGKPI:0.4222222222222222	GTQLPFDR:0.6666666666666666	GKPIILVP:0.4222222222222222	IEPADFDR:0.26666666666666666	GTVLTAKR:0.4222222222222222	EHRNDHQL:0.6666666666666666	PADFDRVF:0.2222222222222222	ALGEHRND:0.35555555555555557	AALGEHRN:0.37777777777777777	KAALGEHR:0.24444444444444444	LVNYLKGY:0.24444444444444444	DDELKDYL:0.2	PRKAALGE:0.24444444444444444	DHQLATVS:0.3333333333333333	ELKDYLLQ:0.26666666666666666	TSLVNYLK:0.2	ILVPRKAA:0.2222222222222222	VNYLKGYL:0.24444444444444444	IILVPRKA:0.24444444444444444	LVPRKAAL:0.2222222222222222	QLATVSQL:0.3333333333333333	SLVNYLKG:0.24444444444444444	LKDYLLQD:0.26666666666666666	KDYLLQDL:0.26666666666666666	GRTSLVNY:0.2	LATVSQLV:0.2222222222222222	RKAALGEH:0.24444444444444444	RTSLVNYL:0.2	DELKDYLL:0.2	VPRKAALG:0.2222222222222222	HQLATVSQ:0.3333333333333333	PIILVPRK:0.24444444444444444	DRLVKAVD:0.35555555555555557	PFDRLVKA:0.3111111111111111	FDRLVKAV:0.35555555555555557	NYLKGYLA:0.2222222222222222	LKGYLAAG:0.2	YLKGYLAA:0.2222222222222222	
