cluster number:184
GT1:6	GT1:6
FMHIKPPK:0.3333333333333333	YVIRNKGA:0.3333333333333333	WFPQQDIL:0.3333333333333333	ADTPLYEY:0.3333333333333333	EKAVFWSE:0.3333333333333333	AFDQPMTS:0.3333333333333333	MHIKPPKP:0.3333333333333333	KAVFWSEY:0.3333333333333333	FPQQDILA:0.3333333333333333	HIKPPKPL:0.3333333333333333	QDILAHPN:0.5	DTPLYEYL:0.3333333333333333	AVFWSEYV:0.3333333333333333	IKPPKPLP:0.3333333333333333	PQQDILAH:0.5	QQDILAHP:0.5	LGFMHIKP:0.3333333333333333	WSEYVIRN:0.3333333333333333	EYVIRNKG:0.3333333333333333	KWFPQQDI:0.3333333333333333	VAFDQPMT:0.3333333333333333	VFWSEYVI:0.3333333333333333	VYFSLGSN:0.5	VIRNKGAP:0.3333333333333333	SEYVIRNK:0.3333333333333333	GFMHIKPP:0.3333333333333333	FWSEYVIR:0.3333333333333333	PMTSLEKA:0.3333333333333333	TSLEKAVF:0.3333333333333333	MTSLEKAV:0.3333333333333333	SLEKAVFW:0.3333333333333333	RKWFPQQD:0.3333333333333333	VVYFSLGS:0.3333333333333333	SLGSNVKS:0.3333333333333333	YVIRHKGA:0.3333333333333333	GVVYFSLG:0.3333333333333333	FSLGSNVK:0.5	ILAHPNVK:0.3333333333333333	WTEYVIRH:0.3333333333333333	TEYVIRHK:0.3333333333333333	YFSLGSNV:0.5	EYVIRHKG:0.3333333333333333	DILAHPNV:0.3333333333333333	DPSQKFDL:0.3333333333333333	SLRGHEVI:0.3333333333333333	ELSLRGHE:0.3333333333333333	LSLRGHEV:0.3333333333333333	
