cluster number:305
GT1:39	GT1:39
MFPWLAFG:0.41025641025641024	VAFGSEAK:0.358974358974359	SGLPFFWV:0.3076923076923077	FPWLAFGH:0.7435897435897436	LPFFWVLR:0.20512820512820512	SVGGFLTH:0.3333333333333333	VYVAFGSE:0.358974358974359	HKISFIST:0.23076923076923078	AFGSEAKP:0.358974358974359	KGHKISFI:0.23076923076923078	FGSEAKPS:0.2564102564102564	GSEAKPSQ:0.2564102564102564	GLPFFWVL:0.2564102564102564	VVYVAFGS:0.3333333333333333	YVAFGSEA:0.41025641025641024	SVVYVAFG:0.2564102564102564	WLAFGHIL:0.23076923076923078	GHKISFIS:0.23076923076923078	LAFGHILP:0.23076923076923078	PWLAFGHI:0.358974358974359	FEERTKGR:0.20512820512820512	EERTKGRG:0.20512820512820512	PEGFEERT:0.3333333333333333	DQGLNARV:0.20512820512820512	GFEERTKG:0.20512820512820512	WAPQLKIL:0.23076923076923078	LPEGFEER:0.358974358974359	NIDRLPKL:0.28205128205128205	LSGLPFFW:0.358974358974359	IDRLPKLP:0.28205128205128205	ENAEATTD:0.23076923076923078	STPRNIDR:0.3076923076923077	PRNIDRLP:0.28205128205128205	IVMFPWLA:0.23076923076923078	PENAEATT:0.23076923076923078	TPRNIDRL:0.3076923076923077	NLPENAEA:0.2564102564102564	DRLPKLPP:0.20512820512820512	LPENAEAT:0.46153846153846156	FISTPRNI:0.38461538461538464	RNIDRLPK:0.2564102564102564	ISTPRNID:0.23076923076923078	SFISTPRN:0.38461538461538464	VMFPWLAF:0.28205128205128205	ISFISTPR:0.23076923076923078	LELSGLPF:0.38461538461538464	GLELSGLP:0.38461538461538464	ELSGLPFF:0.3333333333333333	VGGFLTHC:0.20512820512820512	LTHCGWSS:0.20512820512820512	GFLTHCGW:0.23076923076923078	GGFLTHCG:0.23076923076923078	FLTHCGWS:0.20512820512820512	RLPKLPPN:0.20512820512820512	PWLAFGHM:0.28205128205128205	KISFISTP:0.20512820512820512	LAFGHMIP:0.20512820512820512	WLAFGHMI:0.20512820512820512	
