cluster number:47
GT1:74	GT1:74|2.4.2.40:2|2.4.1.215:2|2.4.1.203:1
FPAQGHLN:0.6351351351351351	VVAVPFPA:0.21621621621621623	VAVPFPAQ:0.32432432432432434	AVPFPAQG:0.32432432432432434	PFPAQGHL:0.6351351351351351	VPFPAQGH:0.5135135135135135	AVVAVPFP:0.20270270270270271	SHCGWNSC:0.4864864864864865	HCGWNSCL:0.20270270270270271	CGWNSCLE:0.20270270270270271	VLYVSFGT:0.33783783783783783	YVSFGTTS:0.22972972972972974	QRFIWVLR:0.3108108108108108	LYVSFGTT:0.3108108108108108	SFGTTSSL:0.21621621621621623	AQGHLNQL:0.6081081081081081	VSFGTTSS:0.21621621621621623	PAQGHLNQ:0.6891891891891891	SVLYVSFG:0.3783783783783784	WNSTMESL:0.22972972972972974	ATAAFMSH:0.33783783783783783	IWVLRDAD:0.5540540540540541	QLEILAHG:0.3108108108108108	VITGWAPQ:0.32432432432432434	SDQPWDAE:0.21621621621621623	MSHCGWNS:0.7702702702702703	MHSDQPWD:0.25675675675675674	CGWNSTME:0.24324324324324326	AWPMHSDQ:0.6351351351351351	AAFMSHCG:0.33783783783783783	LAWPMHSD:0.32432432432432434	QPWDAELV:0.20270270270270271	RFIWVLRD:0.25675675675675674	EILAHGAT:0.3108108108108108	WVLRDADR:0.3108108108108108	FMSHCGWN:0.7702702702702703	SHCGWNST:0.32432432432432434	WPMHSDQP:0.7162162162162162	GKPILAWP:0.22972972972972974	KPILAWPM:0.22972972972972974	ITGWAPQL:0.33783783783783783	HGATAAFM:0.2972972972972973	ILAWPMHS:0.21621621621621623	GLVITGWA:0.2702702702702703	HSDQPWDA:0.21621621621621623	ILAHGATA:0.32432432432432434	DQPWDAEL:0.24324324324324326	AFMSHCGW:0.33783783783783783	TAAFMSHC:0.33783783783783783	FIWVLRDA:0.5540540540540541	PQLEILAH:0.5	APQLEILA:0.47297297297297297	GWNSTMES:0.24324324324324326	AHGATAAF:0.32432432432432434	PILAWPMH:0.24324324324324326	PWDAELVC:0.20270270270270271	HCGWNSTM:0.24324324324324326	LEILAHGA:0.3108108108108108	TGWAPQLE:0.36486486486486486	PMHSDQPW:0.28378378378378377	WAPQLEIL:0.7567567567567568	LVITGWAP:0.2702702702702703	LAHGATAA:0.3108108108108108	GWAPQLEI:0.36486486486486486	NSTMESLS:0.22972972972972974	ASVLYVSF:0.22972972972972974	GATAAFMS:0.2972972972972973	LNQLLHLS:0.3783783783783784	EQSKQKFI:0.20270270270270271	LEQSKQKF:0.20270270270270271	YVSFGTTT:0.24324324324324326	GLEQSKQK:0.21621621621621623	QSKQKFIW:0.20270270270270271	TGGFMSHC:0.32432432432432434	GHLNQLLH:0.4189189189189189	QGHLNQLL:0.527027027027027	GFMSHCGW:0.43243243243243246	DWAPQLEI:0.35135135135135137	SKQKFIWV:0.22972972972972974	RDWAPQLE:0.32432432432432434	MHSDQPRN:0.36486486486486486	GGFMSHCG:0.40540540540540543	QKFIWVLR:0.33783783783783783	HLNQLLHL:0.40540540540540543	PMHSDQPR:0.35135135135135137	STGGFMSH:0.3108108108108108	VRDWAPQL:0.24324324324324326	KQKFIWVL:0.22972972972972974	ESLSHGKP:0.22972972972972974	HGKPILAW:0.20270270270270271	KFIWVLRD:0.2702702702702703	WVLRDADK:0.33783783783783783	PIAAWPMH:0.21621621621621623	VPIAAWPM:0.22972972972972974	GVPIAAWP:0.2702702702702703	AAWPMHSD:0.24324324324324326	MGVPIAAW:0.22972972972972974	IAAWPMHS:0.21621621621621623	LRDADKGD:0.25675675675675674	VLRDADKG:0.3108108108108108	HCGWNSCM:0.21621621621621623	GWNSCMES:0.21621621621621623	CGWNSCME:0.21621621621621623	WALGPFNP:0.21621621621621623	ARARVHGW:0.21621621621621623	QARARVHG:0.20270270270270271	RQARARVH:0.20270270270270271	
