cluster number:34
CE8:60	CE8:60|CBM35:1|GH105:1
EGTTDFIF:0.65	GTTDFIFG:0.8333333333333334	VYLGRPWR:0.6166666666666667	NCYIEGTT:0.38333333333333336	CYIEGTTD:0.5833333333333334	QAVALHVE:0.3333333333333333	YIEGTTDF:0.55	IEGTTDFI:0.65	AVALHVEG:0.2	GQAVALHV:0.36666666666666664	GRPWRPYA:0.65	VAQDGSGD:0.26666666666666666	LGRPWRPY:0.6666666666666666	DCYIEGTT:0.2	WRPYAKTV:0.2	YLGRPWRP:0.55	AQDGSGDF:0.21666666666666667	PWRPYAKT:0.2	RPWRPYAK:0.2	TVAQDGSG:0.2833333333333333	FIFGPSTA:0.21666666666666667	LGQAVALH:0.21666666666666667	DFIFGPST:0.21666666666666667	GQAVALHT:0.3	TDFIFGPS:0.23333333333333334	TTDFIFGP:0.4	QAVALHTE:0.3	VALHTEGD:0.2833333333333333	ITYDDHAN:0.2	TYDDHANI:0.2	MGTFRTYT:0.25	AVALHTEG:0.3	ALHTEGDR:0.25	LHTEGDRL:0.21666666666666667	TFRTYTVK:0.2	FRTYTVKV:0.2	YITAASTP:0.25	SYITAAST:0.38333333333333336	IFGPSTAL:0.2	FGPSTALF:0.2	KVYLGRPW:0.43333333333333335	GTFRTYTV:0.2	NSYITAAS:0.23333333333333334	VGQAVALH:0.4666666666666667	NTAGRVGQ:0.2	AGRVGQAV:0.2833333333333333	GRVGQAVA:0.3333333333333333	LGNQDTLY:0.2	RVGQAVAL:0.3333333333333333	TAGRVGQA:0.2	KTIQEAVN:0.2	KVFLGRPW:0.21666666666666667	VFLGRPWR:0.21666666666666667	
