cluster number:69
CE8:32	CE8:32
LTVLASDF:0.46875	DTLLDDTG:0.84375	GNAASLFE:0.78125	RVSGDRAA:0.8125	GGNIMESP:0.8125	VSGDRAAF:0.8125	SDTIITWN:0.3125	LDDTGSHY:0.8125	CGNAASLF:0.78125	ASLFERCH:0.53125	QHRNLASE:0.375	MESPTLTV:0.8125	PSDTIITW:0.28125	AGKAVALR:0.375	FYGCRILS:0.8125	TLLDDTGS:0.8125	TNNGSITA:0.34375	RAAFYGCR:0.875	RCHLHSIS:0.53125	GATDFICG:0.875	TDFICGNA:0.8125	QNTFGSAG:0.375	SYQDTLLD:0.90625	LHSISTNN:0.375	GSHYYSNC:0.8125	ASDFVGRY:0.8125	NAASLFER:0.53125	VGRYLTIQ:0.8125	HRNLASEN:0.34375	DGGNIMES:0.8125	NNGSITAQ:0.375	LTIQNTFG:0.84375	EGATDFIC:0.875	QPSDTIIT:0.25	IQNTFGSA:0.375	SITAQHRN:0.34375	YQDTLLDD:0.875	TVLASDFV:0.46875	DRAAFYGC:0.90625	NTFGSAGK:0.375	SISTNNGS:0.375	FERCHLHS:0.53125	DTGSHYYS:0.8125	LASENTGF:0.3125	ALRVSGDR:0.78125	NGSITAQH:0.34375	KAVALRVS:0.5	ISTNNGSI:0.34375	GNIMESPT:0.8125	LASDFVGR:0.46875	YLTIQNTF:0.84375	YSNCYIEG:0.8125	AAFYGCRI:0.8125	QDTLLDDT:0.84375	SAGKAVAL:0.375	HLHSISTN:0.375	WNDGGNIM:0.8125	TWNDGGNI:0.8125	HYYSNCYI:0.8125	DTIITWND:0.375	ESPTLTVL:0.46875	DDTGSHYY:0.8125	RNLASENT:0.34375	AQHRNLAS:0.375	DFICGNAA:0.8125	STNNGSIT:0.34375	GCRILSYQ:0.8125	GSAGKAVA:0.375	FGSAGKAV:0.375	HSISTNNG:0.375	DFVGRYLT:0.8125	FICGNAAS:0.8125	SNCYIEGA:0.8125	NDGGNIME:0.8125	GSITAQHR:0.75	YIEGATDF:0.90625	TAQHRNLA:0.375	LLDDTGSH:0.8125	ILSYQDTL:0.84375	SDFVGRYL:0.8125	TGSHYYSN:0.8125	TFGSAGKA:0.375	VALRVSGD:0.78125	GKAVALRV:0.53125	FVGRYLTI:0.8125	GDRAAFYG:0.90625	TLTVLASD:0.46875	CHLHSIST:0.78125	NLASENTG:0.34375	PTLTVLAS:0.46875	IEGATDFI:0.90625	TIITWNDG:0.8125	ITAQHRNL:0.34375	VLASDFVG:0.4375	YGCRILSY:0.8125	SLFERCHL:0.53125	CYIEGATD:0.90625	SPTLTVLA:0.46875	ERCHLHSI:0.53125	GRYLTIQN:0.8125	IMESPTLT:0.8125	LSYQDTLL:0.875	SGDRAAFY:0.8125	AFYGCRIL:0.8125	LFERCHLH:0.53125	NIMESPTL:0.8125	YYSNCYIE:0.8125	ITWNDGGN:0.8125	TIQNTFGS:0.8125	LRVSGDRA:0.78125	RILSYQDT:0.84375	ATDFICGN:0.8125	ICGNAASL:0.78125	RYLTIQNT:0.84375	AVALRVSG:0.78125	SHYYSNCY:0.8125	AASLFERC:0.53125	IITWNDGG:0.8125	CRILSYQD:0.84375	NCYIEGAT:0.875	TQSGSITA:0.40625	LHSISTQS:0.40625	ISTQSGSI:0.40625	STQSGSIT:0.40625	QSGSITAQ:0.40625	SISTQSGS:0.40625	SGSITAQH:0.40625	SITAQHRD:0.40625	NTIITWND:0.4375	HLHSISTQ:0.40625	HSISTQSG:0.40625	SENTGFVF:0.25	ASENTGFV:0.28125	TAQHRDFA:0.28125	MASDFVGR:0.25	ITAQHRDF:0.28125	TVMASDFV:0.25	ESPTLTVM:0.25	SPTLTVMA:0.25	PTLTVMAS:0.25	LTVMASDF:0.25	TLTVMASD:0.25	VMASDFVG:0.25	QNTFGSEG:0.21875	IQNTFGSE:0.21875	
