cluster number:62
CE8:12	CE8:12
LSFDGTAA:0.25	TFLGRAWM:0.25	DSATLIVE:0.5	GTVDSATL:0.5	TVDSATLI:0.5	EEKIKIDR:0.25	VYEEKIKI:0.25	KPFITFYG:0.4166666666666667	SATLIVES:0.5833333333333334	ATLIVESD:0.4166666666666667	GVYEEKIK:0.25	LIVESDYF:0.4166666666666667	YEEKIKID:0.25	SFDGTAAK:0.25	FGTVDSAT:0.3333333333333333	TLIVESDY:0.4166666666666667	GGVYEEKI:0.25	GGGVYEEK:0.25	VDSATLIV:0.5	AFYNCKFT:0.25	DCYIEGTV:0.25	SFVHCKVT:0.25	SDYFVGAN:0.25	HCKVTGTG:0.25	YSFVHCKV:0.25	GNTKRVII:0.25	CYIEGTVD:0.4166666666666667	FVHCKVTG:0.25	AAFYNCKF:0.3333333333333333	YLNTELHV:0.25	GYSFVHCK:0.25	CKVTGTGG:0.25	GKRKGAQA:0.25	LYLNTELH:0.25	VHCKVTGT:0.25	SLYLNTEL:0.25	EGWSDNNK:0.3333333333333333	KDCYIEGT:0.25	DRNRHFFK:0.25	NSAPRPDG:0.3333333333333333	ALRISGDK:0.4166666666666667	SGDKAAFY:0.4166666666666667	QAVALRIS:0.4166666666666667	GGQAVALR:0.3333333333333333	SAPRPDGK:0.3333333333333333	ISGDKAAF:0.3333333333333333	KAAFYNCK:0.3333333333333333	DKAAFYNC:0.3333333333333333	YGTVDSAT:0.3333333333333333	RISGDKAA:0.3333333333333333	LRISGDKA:0.4166666666666667	AVALRISG:0.3333333333333333	VALRISGD:0.3333333333333333	DDRNRHFF:0.25	GQAVALRI:0.3333333333333333	GDKAAFYN:0.4166666666666667	NRHFFKDC:0.3333333333333333	APRPDGKR:0.25	GTVDFIFG:0.4166666666666667	EGTVDFIF:0.4166666666666667	DYIFGSGK:0.25	FGSGKSLY:0.4166666666666667	IFGSGKSL:0.5	DPALVTAE:0.25	GSGKSLYV:0.25	YIFGSGKS:0.25	GFQDTLCD:0.25	EASKWLLP:0.25	FQDTLCDD:0.3333333333333333	YIEGTVDF:0.3333333333333333	DFIFGSGK:0.3333333333333333	FIFGSGKS:0.3333333333333333	IEASKWLL:0.25	ASKWLLPP:0.25	VDFIFGSG:0.3333333333333333	TVDFIFGS:0.3333333333333333	IEGTVDFI:0.3333333333333333	QDTLCDDR:0.25	
