cluster number:6
CE8:54	CE8:54|CE12:16|CBM6:1|PL1_2:1|CBM13:1
SGPVGQAV:0.37037037037037035	ENSSGPVG:0.2222222222222222	EGTTDFIF:0.24074074074074073	IFGWSTAV:0.2962962962962963	SSGPVGQA:0.3333333333333333	GTTDFIFG:0.24074074074074073	FGWSTAVF:0.2962962962962963	KNCYIEGT:0.2222222222222222	GPVGQAVA:0.6481481481481481	DFIFGWST:0.42592592592592593	NSSGPVGQ:0.3333333333333333	PVGQAVAV:0.3148148148148148	VAKDGSGD:0.24074074074074073	CYIEGTTD:0.25925925925925924	TFENSSGP:0.2222222222222222	FENSSGPV:0.2222222222222222	VGQAVAVR:0.2777777777777778	YIEGTTDF:0.25925925925925924	IEGTTDFI:0.25925925925925924	ITFENSSG:0.2037037037037037	FIFGWSTA:0.4074074074074074	QEAINAVP:0.3333333333333333	NCYIEGTV:0.2222222222222222	VVAKDGSG:0.25925925925925924	NAVPDFRK:0.35185185185185186	GRPWRPYA:0.2777777777777778	AINAVPDF:0.3333333333333333	RFLGFQDT:0.35185185185185186	YLGRPWRP:0.3333333333333333	LGRPWRPY:0.3333333333333333	GTVDFIFG:0.6296296296296297	NCRFLGFQ:0.3333333333333333	QDTLYTYG:0.3888888888888889	CYIEGTVD:0.5555555555555556	YIEGTVDF:0.5740740740740741	EGTVDFIF:0.6111111111111112	INAVPDFR:0.3333333333333333	AGPVGQAV:0.2777777777777778	FVVAKDGS:0.24074074074074073	CRFLGFQD:0.35185185185185186	EAINAVPD:0.3333333333333333	GFQDTLYT:0.3888888888888889	NRFGEEMG:0.2222222222222222	AKDGSGDF:0.2222222222222222	LGFQDTLY:0.46296296296296297	TVQEAINA:0.4074074074074074	VQEAINAV:0.3333333333333333	FLGFQDTL:0.4444444444444444	FQDTLYTY:0.2777777777777778	DFVVAKDG:0.25925925925925924	DTLYTYGK:0.24074074074074073	RFGEEMGT:0.2222222222222222	IEGTVDFI:0.5740740740740741	DCYIEGTV:0.2037037037037037	LGNQDTLY:0.2222222222222222	FLGNQDTL:0.2222222222222222	NITFENSA:0.25925925925925924	ITFENSAG:0.25925925925925924	FYLGRPWR:0.2222222222222222	SAGPVGQA:0.24074074074074073	VDFIFGWS:0.35185185185185186	NCRFLGNQ:0.2222222222222222	TVDFIFGW:0.3333333333333333	NSAGPVGQ:0.24074074074074073	CRFLGNQD:0.2222222222222222	RFLGNQDT:0.2222222222222222	VAQDGSGD:0.2037037037037037	VVAQDGSG:0.24074074074074073	GDSTMANK:0.2222222222222222	YDFVVAKD:0.2222222222222222	FKNCRFLG:0.3333333333333333	PDFYAENI:0.24074074074074073	ENITFENS:0.3148148148148148	GGIPVLFN:0.2777777777777778	QAVACFVS:0.25925925925925924	PKGREDNT:0.25925925925925924	CYIYAPDF:0.2222222222222222	FIQFGHND:0.2777777777777778	YFKNCRFL:0.2222222222222222	GQAVACFV:0.2777777777777778	KGREDNTH:0.25925925925925924	THLNVYGA:0.2037037037037037	APDFYAEN:0.24074074074074073	TRAKGGIP:0.2037037037037037	QFGHNDEK:0.2777777777777778	GDYVFIQF:0.2777777777777778	GRSSKSFI:0.25925925925925924	NTHLNVYG:0.24074074074074073	NGRSSKSF:0.25925925925925924	RPYAQAVF:0.2222222222222222	RAKGGIPV:0.2222222222222222	DMNKITHD:0.2222222222222222	DYVFIQFG:0.2777777777777778	AENITFEN:0.35185185185185186	DFYAENIT:0.25925925925925924	DNTHLNVY:0.24074074074074073	DGYVTAPS:0.2037037037037037	YAPDFYAE:0.24074074074074073	FFTVQEAI:0.2037037037037037	MNKITHDL:0.2222222222222222	REDNTHLN:0.25925925925925924	VYLSRPWR:0.25925925925925924	YIYAPDFY:0.24074074074074073	RPWRPYAQ:0.2962962962962963	PWRPYAQA:0.2777777777777778	IYAPDFYA:0.24074074074074073	FMIGDSTM:0.2222222222222222	YLSRPWRP:0.25925925925925924	DFFTVQEA:0.2037037037037037	IQFGHNDE:0.2777777777777778	GREDNTHL:0.25925925925925924	EDNTHLNV:0.25925925925925924	WRPYAQAV:0.2777777777777778	MIGDSTMA:0.2222222222222222	IFMIGDST:0.2222222222222222	GYVTAPST:0.2777777777777778	FYAENITF:0.25925925925925924	VFIQFGHN:0.2777777777777778	HLNVYGAR:0.2037037037037037	LSRPWRPY:0.2777777777777778	YVFIQFGH:0.2777777777777778	IGDSTMAN:0.2037037037037037	VGQAVACF:0.2777777777777778	ETRAKGGI:0.2037037037037037	NKITHDLV:0.2222222222222222	TIFMIGDS:0.2222222222222222	GKKYGYVF:0.2037037037037037	GDFFTVQE:0.2037037037037037	YVTAPSTD:0.25925925925925924	SRPWRPYA:0.2777777777777778	DGSGDFFT:0.24074074074074073	KVYLSRPW:0.24074074074074073	KGGIPVLF:0.25925925925925924	YAENITFE:0.24074074074074073	AKGGIPVL:0.2222222222222222	
