cluster number:54
CE8:27	CE8:27|3.1.1.11:1
NISFKNTA:0.3333333333333333	FGNGRSLY:0.2222222222222222	WLGRAWRP:0.2222222222222222	ISFKNTAP:0.3333333333333333	IEGSIDFI:0.4444444444444444	EGSIDFIF:0.4444444444444444	DFIFGNGR:0.5925925925925926	LGRAWRPY:0.2222222222222222	GSIDFIFG:0.8888888888888888	SFKNTAPA:0.2962962962962963	IDFIFGNG:0.5925925925925926	FKNTAPAP:0.2962962962962963	SIDFIFGN:0.7777777777777778	FIFGNGRS:0.5925925925925926	GCGFYGAQ:0.6296296296296297	GRHYFKEC:0.48148148148148145	FYGAQDTL:0.6296296296296297	CGFYGAQD:0.6296296296296297	IQGSIDFI:0.4074074074074074	QGSIDFIF:0.4074074074074074	GFYGAQDT:0.6296296296296297	SGDKAYFS:0.2962962962962963	YIEGSIDF:0.48148148148148145	TASVTVFA:0.2222222222222222	IVYAYTYF:0.37037037037037035	QYSRIVYA:0.4444444444444444	YFSGCGFY:0.2962962962962963	DAGRHYFK:0.3333333333333333	GDKAYFSG:0.2962962962962963	LCDDAGRH:0.48148148148148145	YSRIVYAY:0.4444444444444444	VGRAMGQY:0.4074074074074074	FRISGDKA:0.48148148148148145	EWHDRASD:0.4074074074074074	ECYIEGSI:0.37037037037037035	AMGQYSRI:0.5185185185185185	GNGRSMYK:0.37037037037037035	RISGDKAY:0.4074074074074074	YFKECYIE:0.37037037037037035	ISGDKAYF:0.4074074074074074	FKECYIEG:0.37037037037037035	EKTGFAFV:0.2222222222222222	HYFKECYI:0.37037037037037035	VYAYTYFD:0.37037037037037035	AGRHYFKE:0.3333333333333333	KECYIEGS:0.37037037037037035	YVGRAMGQ:0.4074074074074074	AQDTLCDD:0.5185185185185185	TLCDDAGR:0.48148148148148145	DDAGRHYF:0.4074074074074074	CYIEGSID:0.48148148148148145	CKVTGTGP:0.2222222222222222	IEWHDRAS:0.3333333333333333	SRIVYAYT:0.37037037037037035	FGNGRSMY:0.37037037037037035	DKAYFSGC:0.2962962962962963	GRSMYKDC:0.3333333333333333	GRAMGQYS:0.5185185185185185	QDTLCDDA:0.48148148148148145	CDDAGRHY:0.4074074074074074	AFRISGDK:0.4074074074074074	VAHGGWDD:0.3333333333333333	DTLCDDAG:0.48148148148148145	GQYSRIVY:0.5555555555555556	KAYFSGCG:0.2962962962962963	FSGCGFYG:0.3333333333333333	AHGGWDDW:0.2962962962962963	MGQYSRIV:0.5555555555555556	YGAQDTLC:0.5185185185185185	IFGNGRSM:0.37037037037037035	RIVYAYTY:0.37037037037037035	SGCGFYGA:0.3333333333333333	NGRSMYKD:0.3333333333333333	GAQDTLCD:0.5185185185185185	AYFSGCGF:0.2962962962962963	FSARNISF:0.25925925925925924	RAMGQYSR:0.5185185185185185	RHYFKECY:0.37037037037037035	PAPMPGMQ:0.25925925925925924	PGMQGWQA:0.2962962962962963	MYKDCELH:0.2222222222222222	FVNGRHWI:0.2962962962962963	ATKPYITF:0.2222222222222222	KSFVNGRH:0.2962962962962963	APMPGMQG:0.25925925925925924	GMQGWQAV:0.2962962962962963	SMYKDCEL:0.2222222222222222	SFVNGRHW:0.2962962962962963	LYVGRAMG:0.3333333333333333	TGTGPLYV:0.25925925925925924	GGWDDWDH:0.37037037037037035	VNGRHWIA:0.2962962962962963	NTAPAPMP:0.37037037037037035	MQGWQAVA:0.2962962962962963	NGRHWIAP:0.2962962962962963	MPGMQGWQ:0.25925925925925924	VTVIEWHD:0.25925925925925924	RFGSIAAH:0.2222222222222222	PATKPYIT:0.2222222222222222	GPLYVGRA:0.25925925925925924	GTGPLYVG:0.25925925925925924	APAPMPGM:0.3333333333333333	TVIEWHDR:0.25925925925925924	PLYVGRAM:0.25925925925925924	GAGRDVTV:0.2222222222222222	HGGWDDWD:0.25925925925925924	VIEWHDRA:0.25925925925925924	PMPGMQGW:0.25925925925925924	VPATKPYI:0.2222222222222222	VTGTGPLY:0.37037037037037035	DCELHSIA:0.2222222222222222	TAPAPMPG:0.37037037037037035	TGPLYVGR:0.25925925925925924	RSMYKDCE:0.2222222222222222	KDCELHSI:0.2222222222222222	YKDCELHS:0.2962962962962963	QAVAFRIS:0.3333333333333333	AVAFRISG:0.3333333333333333	VAFRISGD:0.3333333333333333	GWQAVAFR:0.2962962962962963	WQAVAFRI:0.2962962962962963	KNTAPAPM:0.25925925925925924	QGWQAVAF:0.25925925925925924	
