cluster number:8
CE8:135	CE8:135|3.1.1.11:12
WKEYSRTV:0.37037037037037035	AVALRVGA:0.25925925925925924	GQKNMVTA:0.2222222222222222	QGRTDPNQ:0.24444444444444444	DPNQNTGI:0.28888888888888886	NQNTGIVI:0.21481481481481482	SGQKNMVT:0.2074074074074074	TYLGRPWK:0.42962962962962964	PNQNTGIV:0.2074074074074074	KHQAVALR:0.5185185185185185	QNTGIVIQ:0.21481481481481482	YLGRPWKE:0.3333333333333333	GRPWKEYS:0.4	RPWKEYSR:0.3925925925925926	VDFIFGNA:0.4444444444444444	KNMVTAQG:0.3333333333333333	TVDFIFGN:0.5481481481481482	LGRPWKEY:0.3925925925925926	QAVALRVG:0.5481481481481482	AQGRTDPN:0.2518518518518518	VALRVGAD:0.2518518518518518	ITFQNTAG:0.2074074074074074	DFIFGNAA:0.48148148148148145	YQDTLYVH:0.2074074074074074	NTGIVIQK:0.22962962962962963	NMVTAQGR:0.4148148148148148	HQAVALRV:0.5037037037037037	TAQGRTDP:0.2740740740740741	PWKEYSRT:0.3925925925925926	GTVDFIFG:0.5703703703703704	VTAQGRTD:0.22962962962962963	QKNMVTAQ:0.34074074074074073	FALKTLYY:0.2074074074074074	LKTLYYGE:0.2222222222222222	ALKTLYYG:0.2074074074074074	SRTVVMQS:0.21481481481481482	GAGTSKRV:0.2	VALRVGSD:0.23703703703703705	AVALRVGS:0.23703703703703705	NVVDGSTT:0.24444444444444444	VVDGSTTF:0.24444444444444444	IFGNAAVV:0.31851851851851853	FGNAAVVF:0.21481481481481482	FIFGNAAV:0.31851851851851853	YQDTLYAH:0.2074074074074074	QDTLYAHS:0.3037037037037037	GNAAVVFQ:0.21481481481481482	TGTVDFIF:0.22962962962962963	SATVAAVG:0.21481481481481482	KTYLGRPW:0.2222222222222222	
