cluster number:30
CE8:13	CE8:13|CE12:6|3.1.1.11:1
ALALRADG:0.23076923076923078	IVLVGDST:0.3076923076923077	EGHVDFIF:0.23076923076923078	VLVGDSTV:0.3076923076923077	CRFLGWQD:0.38461538461538464	LALRADGD:0.23076923076923078	RIVLVGDS:0.23076923076923078	IYVQRERG:0.23076923076923078	IEGHVDFI:0.3076923076923077	YLIQFGHN:0.23076923076923078	RFLGWQDT:0.46153846153846156	IQFGHNDQ:0.23076923076923078	QFGHNDQP:0.23076923076923078	ITAASTPK:0.23076923076923078	ERIYVQRE:0.23076923076923078	FGHNDQPG:0.23076923076923078	ALRADGDR:0.23076923076923078	TYLGRPWR:0.38461538461538464	QALALRAD:0.23076923076923078	VKPGTYRE:0.23076923076923078	RERIYVQR:0.23076923076923078	IGTFRTPT:0.23076923076923078	RIYVQRER:0.23076923076923078	VGDSTVTD:0.3076923076923077	LVGDSTVT:0.3076923076923077	YRERIYVQ:0.23076923076923078	LIQFGHND:0.3076923076923077	YITAASTP:0.3076923076923077	GHNDQPGK:0.23076923076923078	GHVDFIFG:0.23076923076923078	GTYRERIY:0.23076923076923078	TYRERIYV:0.23076923076923078	LRADGDRL:0.23076923076923078	DGYITAAS:0.23076923076923078	GYITAAST:0.3076923076923077	GRQYFENC:0.23076923076923078	FIFGGATA:0.46153846153846156	VDFIFGGA:0.23076923076923078	DFIFGGAT:0.46153846153846156	GATAVFEN:0.23076923076923078	ATAVFENC:0.3076923076923077	IFGGATAV:0.23076923076923078	IHLVGEDA:0.23076923076923078	FGGATAVF:0.23076923076923078	TAVFENCE:0.3076923076923077	LGWQDTLM:0.23076923076923078	FGYVFLRC:0.23076923076923078	GGATAVFE:0.23076923076923078	YKNTGPGA:0.38461538461538464	AEGWHNWG:0.23076923076923078	EYKNTGPG:0.38461538461538464	YIEGHVDF:0.23076923076923078	DCYIEGHV:0.23076923076923078	EGWHNWGK:0.3076923076923077	CYIEGHVD:0.23076923076923078	LVTSLVRR:0.23076923076923078	GYVTAAST:0.23076923076923078	FEYKNTGP:0.23076923076923078	GGYVTAAS:0.23076923076923078	YLGRPWRP:0.23076923076923078	TDFIFGGA:0.23076923076923078	AVFENCEI:0.23076923076923078	
