cluster number:14
CE8:52	CE8:52|PL1_6:3
FGRATAVF:0.5384615384615384	KLARPWVP:0.5961538461538461	FVFGRATA:0.6923076923076923	EGDVDFVF:0.8269230769230769	PKPDGSGT:0.25	DVDFVFGR:0.8269230769230769	VDFVFGRA:0.7692307692307693	DFVFGRAT:0.6923076923076923	YKLARPWV:0.5961538461538461	TPKPDGSG:0.2692307692307692	GTPKPDGS:0.25	NDWLRADH:0.46153846153846156	GDVDFVFG:0.8269230769230769	DWLRADHP:0.46153846153846156	ITGTQAVA:0.21153846153846154	GRATAVFE:0.2692307692307692	ANDWLRAD:0.5384615384615384	VFGRATAV:0.6730769230769231	PENRPQLT:0.4230769230769231	KVQGDRSA:0.28846153846153844	GHQDTLYA:0.7307692307692307	AFHHCRFL:0.23076923076923078	VTVPENRP:0.21153846153846154	RPWVPSSD:0.5192307692307693	DPRDVVIV:0.21153846153846154	ARPWVPSS:0.5	FHHCRFLG:0.23076923076923078	TPKPGGGT:0.21153846153846154	RSAFHHCR:0.21153846153846154	GDRSAFHH:0.21153846153846154	PYGFVFAP:0.4423076923076923	TFANDWLR:0.5192307692307693	GFVFAPST:0.5384615384615384	LARPWVPS:0.5576923076923077	FAPSTAGA:0.38461538461538464	AEYRNTGP:0.23076923076923078	VPENRPQL:0.4423076923076923	ITFANDWL:0.3076923076923077	PSTAGANP:0.36538461538461536	SAFHHCRF:0.21153846153846154	RFLGHQDT:0.6538461538461539	TARPMLTV:0.3269230769230769	FANDWLRA:0.4423076923076923	QRFAEYRN:0.3269230769230769	CRFLGHQD:0.5961538461538461	QDTLYADS:0.5769230769230769	EYRNTGPG:0.34615384615384615	QGDRSAFH:0.21153846153846154	ARPMLTVR:0.3076923076923077	APSTAGAN:0.36538461538461536	RFAEYRNT:0.2692307692307692	LGHQDTLY:0.7115384615384616	FLGHQDTL:0.7115384615384616	HQDTLYAD:0.7307692307692307	YRNTGPGA:0.3269230769230769	APYGFVFA:0.4230769230769231	CYVEGDVD:0.40384615384615385	YGFVFAPS:0.4423076923076923	VEGDVDFV:0.46153846153846156	FAEYRNTG:0.2692307692307692	FVFAPSTA:0.5	VQGDRSAF:0.28846153846153844	YVEGDVDF:0.40384615384615385	HCRFLGHQ:0.3269230769230769	GTPKPGGG:0.21153846153846154	DRSAFHHC:0.21153846153846154	TVPENRPQ:0.23076923076923078	VFAPSTAG:0.40384615384615385	HHCRFLGH:0.21153846153846154	FGRATAVY:0.21153846153846154	WQDQRFAE:0.21153846153846154	PWQDQRFA:0.21153846153846154	YGTSGSAT:0.2692307692307692	TYGTSGSA:0.25	GRATAVFD:0.2692307692307692	VLAPGTYR:0.2692307692307692	YYKLARPW:0.2692307692307692	ANPRGYLV:0.23076923076923078	QAVAIKVQ:0.21153846153846154	AIKVQGDR:0.21153846153846154	WVPSSDPT:0.23076923076923078	IKVQGDRS:0.21153846153846154	TQAVAIKV:0.2692307692307692	RPFGRYGS:0.36538461538461536	VPSSDPTA:0.23076923076923078	TAGANPRG:0.21153846153846154	STAGANPR:0.21153846153846154	PWVPSSDP:0.23076923076923078	GTQAVAIK:0.2692307692307692	AAPYGFVF:0.21153846153846154	PFGRYGSP:0.40384615384615385	LVLAPGTY:0.2692307692307692	TLVLAPGT:0.25	AVAIKVQG:0.21153846153846154	VAIKVQGD:0.21153846153846154	GTYGTSGS:0.21153846153846154	YDNAAGTP:0.36538461538461536	DNAAGTPK:0.38461538461538464	VYDNAAGT:0.38461538461538464	GTSGSATT:0.25	TSGSATTT:0.25	NAAGTPKP:0.38461538461538464	GRYGSPAA:0.25	VVIVYDNA:0.2692307692307692	PRDVVIVY:0.25	RDVVIVYD:0.2692307692307692	DVVIVYDN:0.25	RYGSPAAR:0.25	VIVYDNAA:0.2692307692307692	FGRYGSPA:0.34615384615384615	IVYDNAAG:0.2692307692307692	PGTYRETV:0.28846153846153844	APGTYRET:0.28846153846153844	LAPGTYRE:0.23076923076923078	GPGIDAVA:0.23076923076923078	TLYVDPHG:0.2692307692307692	VQAAVTAA:0.21153846153846154	GIDAVAPY:0.3269230769230769	YVDPHGRG:0.2692307692307692	LGPGIDAV:0.2692307692307692	PRPFGRYG:0.21153846153846154	PGIDAVAP:0.23076923076923078	DPHGRGDF:0.23076923076923078	LYVDPHGR:0.2692307692307692	PHGRGDFT:0.23076923076923078	VDPHGRGD:0.2692307692307692	VRADGFTA:0.21153846153846154	ATTTVRAD:0.21153846153846154	GSATTTVR:0.23076923076923078	TVRADGFT:0.21153846153846154	TTVRADGF:0.21153846153846154	SGSATTTV:0.21153846153846154	TTTVRADG:0.21153846153846154	SATTTVRA:0.23076923076923078	AAGTPKPD:0.21153846153846154	AGTPKPDG:0.21153846153846154	
