cluster number:44
CE8:43	CE8:43|3.1.1.11:3|GH28:2|CBM1:1
TYLGRPWK:0.5116279069767442	SRTIIMQS:0.3023255813953488	YLGRPWKE:0.23255813953488372	FQNCQILA:0.3488372093023256	STPTYLGR:0.20930232558139536	TPTYLGRP:0.20930232558139536	YSRTIIMQ:0.27906976744186046	PTYLGRPW:0.23255813953488372	YQDTLYAH:0.20930232558139536	GYQDTLYA:0.20930232558139536	DITFENTA:0.23255813953488372	LDTLYYAE:0.2558139534883721	RVKWPGYH:0.2558139534883721	GRKDPNQP:0.20930232558139536	VALRSDSD:0.5116279069767442	GFIARDIT:0.2558139534883721	GRPWKLYS:0.23255813953488372	ALRSDSDL:0.5116279069767442	ISDCLDLL:0.23255813953488372	PWKLYSRT:0.23255813953488372	VSGRGFIA:0.4186046511627907	KHQAVALR:0.4186046511627907	TFENTAGP:0.27906976744186046	LRTWLSAA:0.27906976744186046	AVALRSDS:0.4883720930232558	RDITFENT:0.20930232558139536	TITAQGRK:0.27906976744186046	TTFRSATF:0.4418604651162791	TVDFIFGD:0.5581395348837209	AQGRKDPN:0.3023255813953488	KLLQANGV:0.20930232558139536	AVSGRGFI:0.37209302325581395	ALDTLYYA:0.23255813953488372	IKKKKWNL:0.27906976744186046	PNQKNTIT:0.2558139534883721	GYQDSLYT:0.27906976744186046	YQDSLYTH:0.3023255813953488	FRSATFAV:0.3953488372093023	FAVSGRGF:0.3953488372093023	TGTVDFIF:0.32558139534883723	RSDSDLSV:0.5116279069767442	SDCLDLLD:0.32558139534883723	YTHTMRQF:0.3488372093023256	IARDITFE:0.20930232558139536	QGRKDPNQ:0.20930232558139536	SDLRTWLS:0.37209302325581395	SDSDLSVF:0.4418604651162791	DLRTWLSA:0.3953488372093023	ITGTVDFI:0.32558139534883723	TFAVSGRG:0.3953488372093023	EIKKKKWN:0.4883720930232558	ITFENTAG:0.20930232558139536	NQKNTITA:0.27906976744186046	SLYTHTMR:0.3023255813953488	QAVALRSD:0.4418604651162791	WLPSTGVK:0.23255813953488372	GTVDFIFG:0.627906976744186	FIARDITF:0.2558139534883721	ENVEIKKK:0.46511627906976744	ARDITFEN:0.20930232558139536	LPNQKNTI:0.2558139534883721	KNTITAQG:0.3023255813953488	SGRGFIAR:0.4186046511627907	QNCQILAK:0.27906976744186046	RSATFAVS:0.3953488372093023	WTTFRSAT:0.37209302325581395	SDLSVFFR:0.23255813953488372	QFCNISAD:0.27906976744186046	DSLYTHTM:0.3023255813953488	GRGFIARD:0.4186046511627907	NVEIKKKK:0.46511627906976744	ITAQGRKD:0.3023255813953488	LPSTGVKY:0.23255813953488372	TAQGRKDP:0.37209302325581395	KENVEIKK:0.23255813953488372	HQAVALRS:0.4186046511627907	RKDPNQPT:0.20930232558139536	DFALDTLY:0.23255813953488372	YKENVEIK:0.23255813953488372	SATFAVSG:0.3953488372093023	VDFIFGDA:0.3953488372093023	NAISDCLD:0.23255813953488372	SNAISDCL:0.23255813953488372	DGWTTFRS:0.3953488372093023	ATFAVSGR:0.37209302325581395	TGFSIQFC:0.23255813953488372	DLSVFFRC:0.23255813953488372	DSDLSVFF:0.23255813953488372	LRSDSDLS:0.5116279069767442	FSIQFCNI:0.23255813953488372	KDPNQPTG:0.20930232558139536	VFQNCQIL:0.27906976744186046	NTITAQGR:0.27906976744186046	LYTHTMRQ:0.3488372093023256	LSNAISDC:0.20930232558139536	PTGFSIQF:0.23255813953488372	KKKWNLMM:0.2558139534883721	VVFQNCQI:0.20930232558139536	YLGRPWKL:0.23255813953488372	VDGWTTFR:0.23255813953488372	AISDCLDL:0.23255813953488372	RGFIARDI:0.3488372093023256	LGRPWKLY:0.23255813953488372	SIQFCNIS:0.20930232558139536	TFRSATFA:0.3953488372093023	GFSIQFCN:0.2558139534883721	RPWKLYSR:0.23255813953488372	VEIKKKKW:0.4883720930232558	FALDTLYY:0.27906976744186046	GWTTFRSA:0.37209302325581395	LWLPSTGV:0.3953488372093023	QKNTITAQ:0.3023255813953488	PSTGVKYT:0.23255813953488372	GLPNQKNT:0.23255813953488372	QDSLYTHT:0.32558139534883723	KKKKWNLM:0.23255813953488372	GPEKHQAV:0.23255813953488372	PEGWLEWN:0.20930232558139536	PEKHQAVA:0.23255813953488372	RPEGWLEW:0.23255813953488372	KGLPNQKN:0.20930232558139536	KKGLPNQK:0.20930232558139536	RGYQDTLY:0.20930232558139536	ISGTVDFI:0.2558139534883721	AGPEKHQA:0.23255813953488372	TAGPEKHQ:0.23255813953488372	DFIFGDAT:0.27906976744186046	NTAGPEKH:0.2558139534883721	EKHQAVAL:0.23255813953488372	SGTVDFIF:0.32558139534883723	LSSDLRTW:0.27906976744186046	SSDLRTWL:0.3023255813953488	MRQFYREC:0.20930232558139536	THTMRQFY:0.20930232558139536	HTMRQFYR:0.20930232558139536	NLWLPSTG:0.2558139534883721	GNLWLPST:0.2558139534883721	
