cluster number:42
CE8:11	CE8:11|PL9_1:4|CBM37:1|PL10_1:1|CE12:1|3.-.-.-:1
KAENIVFE:0.36363636363636365	GYITAAKD:0.36363636363636365	AENIVFEN:0.36363636363636365	TDYIFGDG:0.45454545454545453	FIGSQDTL:0.36363636363636365	SQDTLYTG:0.6363636363636364	CSFIGSQD:0.36363636363636365	AAAMIIDA:0.36363636363636365	ATYGYLFR:0.36363636363636365	YFGRPWGA:0.2727272727272727	LNFCGYSD:0.36363636363636365	EGNTDYIF:0.5454545454545454	AAMIIDAD:0.36363636363636365	ERAAAMII:0.36363636363636365	IDADNVEF:0.45454545454545453	GYFGRPWG:0.2727272727272727	FENSFNKY:0.36363636363636365	GDGNAVFD:0.2727272727272727	QDTLYTGS:0.2727272727272727	DYIFGDGN:0.45454545454545453	YIFGDGNA:0.2727272727272727	FKAENIVF:0.36363636363636365	TERAAAMI:0.36363636363636365	VFENSFNK:0.36363636363636365	GSQDTLYT:0.45454545454545453	NTDYIFGD:0.45454545454545453	TYGYLFRN:0.36363636363636365	IEGNTDYI:0.5454545454545454	IFGDGNAV:0.2727272727272727	VGGYITAA:0.2727272727272727	NIVFENSF:0.36363636363636365	MIIDADNV:0.36363636363636365	AMIIDADN:0.36363636363636365	FGDGNAVF:0.2727272727272727	GGYITAAK:0.2727272727272727	ENIVFENS:0.36363636363636365	IVFENSFN:0.36363636363636365	IGSQDTLY:0.36363636363636365	GNTDYIFG:0.7272727272727273	SFIGSQDT:0.36363636363636365	RAAAMIID:0.36363636363636365	IIDADNVE:0.36363636363636365	PYITLVNS:0.2727272727272727	DGNGFKLG:0.36363636363636365	VTSKAATE:0.2727272727272727	ISYYYTEI:0.36363636363636365	SVYLTSAA:0.2727272727272727	TPYITLVN:0.2727272727272727	VAKYSGSY:0.2727272727272727	HIAPGTYR:0.36363636363636365	YYYTEIDP:0.36363636363636365	NNADGFAA:0.36363636363636365	GDGNGFKL:0.36363636363636365	SKAATERA:0.2727272727272727	GISYYYTE:0.36363636363636365	IHIAPGTY:0.2727272727272727	TKGDGNGF:0.36363636363636365	DGISYYYT:0.36363636363636365	WGGSVYLT:0.2727272727272727	FKLGGEGL:0.36363636363636365	TSKAATER:0.2727272727272727	TLVNSNPS:0.2727272727272727	ITLVNSNP:0.2727272727272727	SYYYTEID:0.36363636363636365	YITLVNSN:0.2727272727272727	KWGGSVYL:0.2727272727272727	VYLTSAAK:0.2727272727272727	TWYYGFGY:0.2727272727272727	GSVYLTSA:0.2727272727272727	NADGFAAK:0.36363636363636365	KGDGNGFK:0.36363636363636365	GGSVYLTS:0.2727272727272727	GNGFKLGG:0.36363636363636365	GFKLGGEG:0.36363636363636365	GKWGGSVY:0.2727272727272727	YYTEIDPS:0.36363636363636365	DVTSKAAT:0.2727272727272727	NGFKLGGE:0.36363636363636365	
