cluster number:5
CE8:12	CE8:12
GKDGKPVG:0.4166666666666667	TLYDHKGL:0.6666666666666666	VDFIFGFG:0.5	KPFIGTHY:0.25	DTLYDHKG:0.6666666666666666	GQIYLGRA:0.4166666666666667	IYYGEFKC:0.4166666666666667	KRVILDLK:0.3333333333333333	DFIFGFGR:0.5	GGQDTLYD:0.5	GGQAVALR:0.4166666666666667	QDTLYDHK:0.6666666666666666	KKRVGWAL:0.3333333333333333	GFSFKNCS:0.4166666666666667	NDAPLAKP:0.3333333333333333	RVGWALDL:0.3333333333333333	DGGQDTLY:0.5	LYDHKGLH:0.6666666666666666	FIFGFGRS:0.5	IYNCTIDG:0.3333333333333333	RVILDLKP:0.4166666666666667	GSVDFIFG:0.6666666666666666	IAKPESSG:0.3333333333333333	SVDFIFGF:0.5	YNCTIDGG:0.5	NCTIDGGQ:0.5	GQDTLYDH:0.5	GKPVGTVG:0.4166666666666667	AKPFIGTH:0.25	VGTVGSTT:0.25	FSFKNCSI:0.4166666666666667	TIDGGQDT:0.5	DSSRVVYS:0.3333333333333333	IYLGRAWG:0.4166666666666667	SSRVVYSY:0.3333333333333333	KRVGWALD:0.3333333333333333	ESSGIYYG:0.4166666666666667	VILDLKPG:0.4166666666666667	NTKRVILD:0.25	VGWALDLT:0.3333333333333333	WGDSSRVV:0.4166666666666667	YLGRAWGD:0.5	GVVFKNDA:0.25	ESGFSFKN:0.3333333333333333	YDHKGLHY:0.5833333333333334	QAKPFIGT:0.25	ILDLKPGA:0.3333333333333333	SSGIYYGE:0.4166666666666667	LGRAWGDS:0.4166666666666667	SRVVYSYT:0.3333333333333333	SGFSFKNC:0.3333333333333333	SDPANPAV:0.25	TKRVILDL:0.25	QIYLGRAW:0.4166666666666667	KPESSGIY:0.3333333333333333	IDGGQDTL:0.5	KPVGTVGS:0.4166666666666667	SGIYYGEF:0.4166666666666667	DAPLAKPG:0.3333333333333333	KDGKPVGT:0.4166666666666667	AWGDSSRV:0.4166666666666667	CTIDGGQD:0.5	AKPESSGI:0.3333333333333333	PESSGIYY:0.4166666666666667	RAWGDSSR:0.4166666666666667	APLAKPGA:0.3333333333333333	GDSSRVVY:0.4166666666666667	DGKPVGTV:0.4166666666666667	GRAWGDSS:0.4166666666666667	VVFKNDAP:0.25	PVGTVGST:0.25	GIYYGEFK:0.4166666666666667	AKPGAKGG:0.25	AKGGQAVA:0.25	HKGLHYFK:0.3333333333333333	VKEVAVLT:0.25	PGAKGGQA:0.25	IRGSVDFI:0.3333333333333333	DYTNITAA:0.25	RGSVDFIF:0.3333333333333333	LAKPGAKG:0.25	TKAAFYNC:0.25	AVLTAQQR:0.25	GWALDLTE:0.3333333333333333	GDYTNITA:0.25	GFGRSFYE:0.25	EVVPVGWD:0.3333333333333333	VVPVGWDG:0.3333333333333333	DHKGLHYF:0.4166666666666667	PGVYREKV:0.25	IFGFGRSF:0.3333333333333333	VAVLTAQQ:0.25	PLAKPGAK:0.25	KPGAKGGQ:0.25	FGFGRSFY:0.3333333333333333	VPVGWDGW:0.3333333333333333	KEVAVLTA:0.25	GAKGGQAV:0.25	GTKAAFYN:0.25	EVAVLTAQ:0.25	PPTITGND:0.25	PTITGNDT:0.25	VLTAQQRS:0.25	VWNDTAAT:0.3333333333333333	CLIRGSVD:0.25	AYGVVFRN:0.25	YGVVFRND:0.25	GVVFRNDA:0.25	AIDTGFSF:0.25	LIRGSVDF:0.25	LLLLALAS:0.25	LTAQQRSK:0.25	GEYKCSGP:0.25	YYGEYKCS:0.25	YGEYKCSG:0.25	EYKCSGPG:0.25	
