cluster number:57
CE8:130	CE8:130|3.1.1.11:3
NQNTGISI:0.36923076923076925	LRQFYREC:0.2076923076923077	TVDFIFGN:0.5384615384615384	DFIFGNAA:0.6384615384615384	FIFGNAAV:0.47692307692307695	PNQNTGIS:0.4	GYQDTLYV:0.24615384615384617	GTVDFIFG:0.5615384615384615	HSLRQFYR:0.25384615384615383	IFGNAAVV:0.49230769230769234	DPNQNTGI:0.5153846153846153	HQAVALRS:0.2153846153846154	GNAAVVFQ:0.4	VDFIFGNA:0.5230769230769231	FGNAAVVF:0.4	QAVALRSG:0.23846153846153847	YQDTLYVH:0.27692307692307694	YGTVDFIF:0.5153846153846153	QDTLYVHS:0.3	RQFYRECD:0.3230769230769231	CSFEGYQD:0.2153846153846154	GRTDPNQN:0.2	SFEGYQDT:0.2153846153846154	TAQGRTDP:0.23076923076923078	TDPNQNTG:0.2	RTDPNQNT:0.2	QGRTDPNQ:0.2153846153846154	EGYQDTLY:0.2230769230769231	IYGTVDFI:0.4230769230769231	AQGRTDPN:0.2230769230769231	FEGYQDTL:0.2153846153846154	KHQAVALR:0.35384615384615387	TYLGRPWK:0.46923076923076923	QFYRECDI:0.2692307692307692	KDPNQNTG:0.27692307692307694	TLYYGEYM:0.25384615384615383	LYYGEYMN:0.2692307692307692	DTLYYGEY:0.23076923076923078	AAVVFQNC:0.2230769230769231	ALDTLYYG:0.2230769230769231	RKDPNQNT:0.2230769230769231	NAAVVFQN:0.23076923076923078	QNTGISIH:0.27692307692307694	YLGRPWKL:0.2	FALDTLYY:0.25384615384615383	LDTLYYGE:0.23076923076923078	DIYGTVDF:0.3	RECDIYGT:0.3153846153846154	CDIYGTVD:0.3076923076923077	ECDIYGTV:0.27692307692307694	YRECDIYG:0.24615384615384617	FYRECDIY:0.23846153846153847	
