cluster number:40
CE8:13	CE8:13|PL1_2:1
EDARFFEY:0.23076923076923078	PLGRPWHP:0.38461538461538464	SVPLGRPW:0.3076923076923077	GRPWHPTT:0.6153846153846154	MDAHITRD:0.23076923076923078	AHITRDGW:0.23076923076923078	DGRYADPN:0.38461538461538464	DAHITRDG:0.23076923076923078	FADGRYAD:0.3076923076923077	LLGYQDTL:0.3076923076923077	QAVALLLD:0.46153846153846156	GYITAPST:0.3076923076923077	APSTQISD:0.23076923076923078	ADGRYADP:0.3076923076923077	LGRPWHPT:0.6923076923076923	PEDARFFE:0.23076923076923078	HITRDGWY:0.23076923076923078	VPLGRPWH:0.3076923076923077	GRYADPNA:0.38461538461538464	GRYADPDA:0.23076923076923078	GNVDFIFG:0.46153846153846156	WGTPGSAT:0.5384615384615384	DGRYADPD:0.23076923076923078	DGWGTPGS:0.46153846153846156	GWGTPGSA:0.46153846153846156	RDGWGTPG:0.38461538461538464	RPWHPTTR:0.3076923076923077	NGQLLIED:0.23076923076923078	QSFIAAPS:0.23076923076923078	DFIFGNGQ:0.23076923076923078	QLLIEDSE:0.23076923076923078	FGNGQLLI:0.23076923076923078	RYADPNAI:0.23076923076923078	PWHPTTRF:0.3076923076923077	GNGQLLIE:0.23076923076923078	YADPNAIG:0.23076923076923078	PDGRYADP:0.38461538461538464	TLGRPWHP:0.23076923076923078	SFIAAPST:0.23076923076923078	FPDGRYAD:0.38461538461538464	GQLLIEDS:0.23076923076923078	FIFGNGQL:0.23076923076923078	IFGNGQLL:0.23076923076923078	TTRFADGR:0.23076923076923078	TRFADGRY:0.23076923076923078	WHPTTRFA:0.23076923076923078	PTTRFADG:0.23076923076923078	REAGVPDG:0.23076923076923078	YRSRLTRE:0.23076923076923078	HRDGWGTP:0.3076923076923077	RSRLTREA:0.3076923076923077	LTIENTFD:0.3076923076923077	GNIDFIFG:0.3076923076923077	NIDFIFGN:0.3076923076923077	SRLTREAG:0.3076923076923077	ALARPWHP:0.3076923076923077	ARPWHPTT:0.3076923076923077	TREAGVPD:0.3076923076923077	RLTREAGV:0.3076923076923077	RFADGRYA:0.23076923076923078	LTREAGVP:0.3076923076923077	VALARPWH:0.3076923076923077	IDFIFGNG:0.3076923076923077	LARPWHPT:0.3076923076923077	GTPGSATL:0.3076923076923077	LGYQDTLF:0.3076923076923077	HPTTRFAD:0.23076923076923078	HIHPDHWT:0.23076923076923078	AGNIDFIF:0.3076923076923077	PWHPTTTF:0.3076923076923077	RPWHPTTT:0.3076923076923077	SLIAGNID:0.23076923076923078	DSLIAGNI:0.23076923076923078	GYQDTLFA:0.3076923076923077	LIAGNIDF:0.23076923076923078	PGSATLTI:0.23076923076923078	TPGSATLT:0.23076923076923078	YQDTLFAN:0.3076923076923077	IAGNIDFI:0.23076923076923078	QDTLFANG:0.3076923076923077	TFPDGRYA:0.23076923076923078	PTTTFPDG:0.23076923076923078	HPTTTFPD:0.23076923076923078	VQAALDAA:0.23076923076923078	QAALDAAP:0.23076923076923078	TTFPDGRY:0.23076923076923078	TTTFPDGR:0.23076923076923078	ITAPSTNI:0.23076923076923078	WHPTTTFP:0.23076923076923078	DTLFANGK:0.23076923076923078	VDFIFGAG:0.23076923076923078	TIENTFDF:0.23076923076923078	NVDFIFGA:0.23076923076923078	TLFANGKR:0.23076923076923078	
