cluster number:4
CE8:35	CE8:35
QMYLNTLT:0.5428571428571428	GVPFNPDL:0.2857142857142857	MKASVWVP:0.2857142857142857	ELGDLIHP:0.4	GQMYLNTL:0.5428571428571428	YLNTLTYS:0.6571428571428571	SELGDLIH:0.4	LTYSEFGN:0.5714285714285714	NTLTYSEF:0.6857142857142857	KRVKWKGV:0.37142857142857144	SDFSRAQK:0.42857142857142855	LNTLTYSE:0.6571428571428571	GDLIHPDG:0.9428571428571428	PWDGQMYL:0.7714285714285715	TGVPFNPD:0.3142857142857143	DLIHPDGW:0.9428571428571428	LIHPDGWL:0.9428571428571428	LPWDGQMY:0.8	FMKASVWV:0.2857142857142857	DGQMYLNT:0.5428571428571428	GFMKASVW:0.3142857142857143	WLPWDGQM:0.8	HPDGWLPW:0.9714285714285714	SRAQKFSL:0.34285714285714286	LGDLIHPD:0.9428571428571428	LQSELGDL:0.4	IHPDGWLP:0.9714285714285714	TLTYSEFG:0.5714285714285714	DGWLPWDG:0.9714285714285714	ILQSELGD:0.4	QSELGDLI:0.4	MYLNTLTY:0.6285714285714286	RVKWKGVK:0.37142857142857144	GWLPWDGQ:0.8285714285714286	DFSRAQKF:0.4857142857142857	WDGQMYLN:0.5428571428571428	FSRAQKFS:0.45714285714285713	PDGWLPWD:0.9714285714285714	TEKRVKWK:0.2	RTGVPFNP:0.2857142857142857	KWKGIKNS:0.2857142857142857	SDLSRAQK:0.3142857142857143	WVPRTGVP:0.8	DLSRAQKF:0.2571428571428571	LSRAQKFS:0.22857142857142856	WKGIKNSD:0.2857142857142857	SVWVPRTG:0.3142857142857143	VKWKGIKN:0.2857142857142857	EKRVKWKG:0.8571428571428571	RVKWKGIK:0.6	KRVKWKGI:0.5714285714285714	PRTGVPFN:0.2857142857142857	VWVPRTGV:0.3142857142857143	VPRTGVPF:0.2571428571428571	KNSDFSRA:0.2571428571428571	SEFDNRGP:0.37142857142857144	QSDLGDLI:0.5714285714285714	EFDNRGPG:0.37142857142857144	ILQSDLGD:0.34285714285714286	YSEFDNRG:0.37142857142857144	DLGDLIHP:0.5714285714285714	NSDFSRAQ:0.2571428571428571	FDNRGPGA:0.37142857142857144	SDLGDLIH:0.5714285714285714	DWVPRTGV:0.45714285714285713	LQSDLGDL:0.4857142857142857	AQKFSSQG:0.2571428571428571	KFSSQGFM:0.2857142857142857	VPLNADLL:0.3142857142857143	TGVPLNAD:0.37142857142857144	QKFSSQGF:0.2571428571428571	TYSEFDNR:0.37142857142857144	SRAQKFSS:0.22857142857142856	VPRTGVPL:0.37142857142857144	ADWVPRTG:0.42857142857142855	TLTYSEFD:0.4	LTYSEFDN:0.4	RTGVPLNA:0.37142857142857144	GVPLNADL:0.37142857142857144	PRTGVPLN:0.37142857142857144	RAQKFSSQ:0.2571428571428571	AADWVPRT:0.42857142857142855	SQGFMRAA:0.2571428571428571	NRGPGAIM:0.45714285714285713	PGAIMEKR:0.45714285714285713	QGFMRAAD:0.2857142857142857	FMRAADWV:0.2857142857142857	RAADWVPR:0.2857142857142857	GAIMEKRV:0.45714285714285713	MEKRVKWK:0.6571428571428571	IMEKRVKW:0.45714285714285713	MRAADWVP:0.2857142857142857	AIMEKRVK:0.45714285714285713	GFMRAADW:0.2857142857142857	RGPGAIME:0.45714285714285713	SSQGFMRA:0.22857142857142856	GPGAIMEK:0.45714285714285713	ASVWVPRT:0.2571428571428571	PDLLDVKS:0.37142857142857144	NPDLLDVK:0.37142857142857144	VKWKGVKN:0.2571428571428571	WKGVKNSD:0.22857142857142856	KWKGVKNS:0.22857142857142856	IKTSDLSR:0.2	KGIKTSDL:0.2	VKWKGIKT:0.2	KTSDLSRA:0.2	AVMEKRVK:0.2	PGAVMEKR:0.2	TSDLSRAQ:0.2	GAVMEKRV:0.2	KWKGIKTS:0.2	WKGIKTSD:0.2	GIKTSDLS:0.2	VMEKRVKW:0.2	GPGAVMEK:0.2	NRGPGAVM:0.2	EFGNRGPG:0.42857142857142855	YSEFGNRG:0.42857142857142855	TYSEFGNR:0.42857142857142855	GNRGPGAI:0.4	FGNRGPGA:0.42857142857142855	SEFGNRGP:0.42857142857142855	QKFSAQGF:0.2	RAQKFSAQ:0.2	KFSAQGFM:0.2	AQKFSAQG:0.2	KASVWVPR:0.22857142857142856	VPFNPDLL:0.2	
