cluster number:0
GT33:87	GT33:87|2.4.1.-:1|2.4.1.142:1
RMQYHALS:0.28735632183908044	PRMQYHAL:0.28735632183908044	SPRMQYHA:0.40229885057471265	GRSPRMQY:0.47126436781609193	RSPRMQYH:0.4827586206896552	SGVDLPMK:0.27586206896551724	NPPSIPTL:0.2413793103448276	KVVDMFGC:0.41379310344827586	LPMKVVDM:0.8045977011494253	SLHTSSSG:0.26436781609195403	GDIGRSPR:0.5172413793103449	QNPPSIPT:0.3218390804597701	DLPMKVVD:0.8390804597701149	VDLPMKVV:0.27586206896551724	LGDIGRSP:0.5172413793103449	SSGVDLPM:0.26436781609195403	VQNPPSIP:0.20689655172413793	DIGRSPRM:0.4942528735632184	VVDMFGCG:0.22988505747126436	VSLHTSSS:0.2413793103448276	PMKVVDMF:0.735632183908046	VLGDIGRS:0.5172413793103449	SSSGVDLP:0.26436781609195403	GVSLHTSS:0.2413793103448276	MKVVDMFG:0.7126436781609196	GVDLPMKV:0.27586206896551724	LVLGDIGR:0.21839080459770116	VVLGDIGR:0.26436781609195403	ITGKGPQK:0.2413793103448276	IITGKGPQ:0.21839080459770116	DEDFSILL:0.2413793103448276	IGRSPRMQ:0.3333333333333333	TSWTPDED:0.3563218390804598	SWTPDEDF:0.3333333333333333	STSWTPDE:0.39080459770114945	SSTSWTPD:0.367816091954023	ADLGVCLH:0.3218390804597701	TSSSGLDL:0.28735632183908044	SGLDLPMK:0.4827586206896552	HTSSSGLD:0.27586206896551724	PLLLGSAD:0.22988505747126436	LGSADLGV:0.27586206896551724	LHTSSSGL:0.26436781609195403	YPLLLGSA:0.25287356321839083	SSSGLDLP:0.4367816091954023	DYPLLLGS:0.2413793103448276	LLLGSADL:0.22988505747126436	GLDLPMKV:0.45977011494252873	LDLPMKVV:0.45977011494252873	SSGLDLPM:0.4367816091954023	LLGSADLG:0.3103448275862069	VSSTSWTP:0.3218390804597701	SSTSWTED:0.2413793103448276	SWTEDEDF:0.2413793103448276	STSWTEDE:0.2413793103448276	CVITGKGP:0.20689655172413793	SADLGVCL:0.25287356321839083	TSWTEDED:0.2413793103448276	WTEDEDFS:0.21839080459770116	LVSSTSWT:0.20689655172413793	LVVSSTSW:0.21839080459770116	VVSSTSWT:0.2413793103448276	MQYHALSL:0.20689655172413793	
