cluster number:2
GT33:14	GT33:14
SGIDLPMK:0.9285714285714286	ISLHTSSS:0.5	HSPRMCYH:0.5714285714285714	SSSGIDLP:0.7857142857142857	STSFTPDE:0.5714285714285714	SSGIDLPM:0.7857142857142857	SPRMCYHA:0.5714285714285714	SLHTSSSG:0.5714285714285714	TSFTPDED:0.7142857142857143	VDFFGCGI:0.21428571428571427	IDWHNLNY:0.7857142857142857	DFFGCGIP:0.21428571428571427	FGCGIPVI:0.21428571428571427	SISLHTSS:0.21428571428571427	SFTPDEDF:0.6428571428571429	IIDWHNLN:0.5	IDLPMKVV:0.35714285714285715	KLIIDWHN:0.5	YVNLCGYV:0.21428571428571427	LIIDWHNL:0.5	IITGKGPL:0.21428571428571427	DLPMKVVD:0.35714285714285715	DYYVNLCG:0.2857142857142857	TKLIIDWH:0.2857142857142857	SSTSFTPD:0.5714285714285714	YYVNLCGY:0.2857142857142857	PIEAIKNT:0.21428571428571427	HTSSSGID:0.6428571428571429	GHSPRMCY:0.5714285714285714	LHTSSSGI:0.5714285714285714	HPLVKFLK:0.21428571428571427	GIDLPMKV:0.35714285714285715	TSSSGIDL:0.6428571428571429	FFGCGIPV:0.21428571428571427	VNLCGYVE:0.21428571428571427	LGDLGHSP:0.6428571428571429	YTILNLKF:0.2857142857142857	LGHSPRMC:0.5	LLIVTGKG:0.42857142857142855	GKRKTVSI:0.21428571428571427	HNLNYTIL:0.7142857142857143	QNPPSIPI:0.5	VTGKGPLK:0.5714285714285714	PMKIVDFF:0.5714285714285714	IVTGKGPL:0.5	DLGHSPRM:0.7857142857142857	IQNPPSIP:0.5	PPILLIVT:0.42857142857142855	LIVTGKGP:0.42857142857142855	MIQNPPSI:0.42857142857142855	LNYTILNL:0.7142857142857143	PRMCYHAL:0.21428571428571427	GKGPLKSQ:0.2857142857142857	GIDLPMKI:0.5714285714285714	WHNLNYTI:0.7142857142857143	LPMKIVDF:0.5714285714285714	RMCYHALS:0.21428571428571427	GDLGHSPR:0.7857142857142857	NITVTKQM:0.21428571428571427	LPPILLIV:0.21428571428571427	SAWLSSED:0.2857142857142857	NPPSIPIL:0.5	MKIVDFFG:0.5714285714285714	CYHALSFS:0.21428571428571427	NLNYTILN:0.7142857142857143	AWLSSEDY:0.42857142857142855	VLGDLGHS:0.6428571428571429	FPAIGELV:0.2857142857142857	TGKGPLKS:0.2857142857142857	PAIGELVT:0.2857142857142857	MCYHALSF:0.21428571428571427	PILLIVTG:0.42857142857142855	DWHNLNYT:0.7142857142857143	KGPLKSQF:0.21428571428571427	DLPMKIVD:0.6428571428571429	IDLPMKIV:0.5714285714285714	NNLNHPLV:0.21428571428571427	ILLIVTGK:0.42857142857142855	WLSSEDYP:0.42857142857142855	GPLKSQFL:0.21428571428571427	VIDWHNLN:0.2857142857142857	NYTILNLK:0.42857142857142855	LNITVTKQ:0.21428571428571427	NLNHPLVK:0.2857142857142857	LPMKVVDL:0.21428571428571427	STSFTQDE:0.21428571428571427	VQNPPGIP:0.21428571428571427	TSTSFTQD:0.21428571428571427	TSFTQDED:0.21428571428571427	EDYPKVLA:0.21428571428571427	IVDFFGCG:0.42857142857142855	EDYPKILA:0.21428571428571427	PSIPILLI:0.35714285714285715	KIVDFFGC:0.42857142857142855	DLGISLHT:0.2857142857142857	LISSTSFT:0.2857142857142857	DFFGCGVP:0.2857142857142857	VDFFGCGV:0.2857142857142857	NYTILNLR:0.2857142857142857	FPAIDELV:0.21428571428571427	LGISLHTS:0.2857142857142857	FFGCGVPV:0.2857142857142857	FVLGDLGH:0.35714285714285715	IPILLIVL:0.21428571428571427	PPSIPILL:0.35714285714285715	ADLGISLH:0.35714285714285715	SIPILLIV:0.35714285714285715	GISLHTSS:0.2857142857142857	PAIDELVK:0.21428571428571427	ISSTSFTP:0.2857142857142857	IFVLGDLG:0.35714285714285715	SIFVLGDL:0.21428571428571427	SFSKLDYY:0.21428571428571427	SKLDYYVN:0.21428571428571427	IKYKGFDH:0.21428571428571427	KLDYYVNL:0.21428571428571427	FTPDEDFN:0.2857142857142857	LDYYVNLC:0.21428571428571427	FSKLDYYV:0.21428571428571427	ILVSSTSF:0.21428571428571427	LVSSTSFT:0.21428571428571427	VSSTSFTP:0.21428571428571427	KILVSSTS:0.21428571428571427	
