cluster number:2
AA2:11	AA2:11
SLLGVNNI:0.5454545454545454	ALLGAHST:0.36363636363636365	DFGGADGS:0.2727272727272727	ADLIQFGA:0.2727272727272727	MADLIQFG:0.2727272727272727	LSLLGVNN:0.5454545454545454	RLSLLGVN:0.5454545454545454	LLGVNNIN:0.5454545454545454	FGGADGSI:0.2727272727272727	LAALLGAH:0.45454545454545453	AALLGAHS:0.36363636363636365	LLGAHSTS:0.36363636363636365	VSMADLIQ:0.2727272727272727	GADGSIVL:0.2727272727272727	GGADGSIV:0.36363636363636365	FHDAGTWS:0.2727272727272727	GGADGSII:0.2727272727272727	CPLGPRVR:0.36363636363636365	DPQDSTPG:0.2727272727272727	GDPQDSTP:0.2727272727272727	ALIGAHTT:0.2727272727272727	DSTPGVWD:0.36363636363636365	QDSTPGVW:0.36363636363636365	GADGSIIL:0.2727272727272727	GAHTTSQQ:0.36363636363636365	TPGVWDIL:0.2727272727272727	LIGAHTTS:0.2727272727272727	IGAHTTSQ:0.2727272727272727	GFHDAGTW:0.2727272727272727	MADLIQMG:0.36363636363636365	PQDSTPGV:0.45454545454545453	STPGVWDI:0.2727272727272727	ATVVCPLG:0.2727272727272727	TVVCPLGP:0.2727272727272727	VVCPLGPR:0.2727272727272727	
