cluster number:1
AA2:209	AA2:209|1.11.1.16:8|1.11.1.13:4|1.11.1.-:1
DHVDPTIP:0.23923444976076555	PDLTVPEP:0.22009569377990432	TVPEPFDT:0.22009569377990432	GDFIQFAG:0.48325358851674644	VPEPFDTV:0.24401913875598086	DFIQFAGA:0.5980861244019139	AADHVDPT:0.21052631578947367	LTVPEPFD:0.20574162679425836	GTPFDSTP:0.7081339712918661	TIPGTPFD:0.4688995215311005	VSNCPGAP:0.41626794258373206	DPTIPGTP:0.36363636363636365	PEPFDTVD:0.22966507177033493	EVVALLAS:0.37320574162679426	PAPDLTVP:0.21052631578947367	NCPGAPRL:0.28708133971291866	PGTPFDST:0.7081339712918661	DLTVPEPF:0.22966507177033493	IAAADHVD:0.33014354066985646	ADHVDPTI:0.21052631578947367	VVALLASH:0.40669856459330145	IPGTPFDS:0.7081339712918661	HVDPTIPG:0.23923444976076555	APDLTVPE:0.22488038277511962	AAADHVDP:0.33014354066985646	SNCPGAPR:0.3062200956937799	GVSNCPGA:0.41148325358851673	VDPTIPGT:0.32057416267942584	PTIPGTPF:0.36363636363636365	LRLTFHDA:0.42105263157894735	IQFAGAVG:0.44019138755980863	GAVGVSNC:0.28708133971291866	FIQFAGAV:0.41626794258373206	AGAVGVSN:0.28708133971291866	IETNFHAN:0.24401913875598086	FAGAVGVS:0.2679425837320574	GGGGADGS:0.5311004784688995	FGGGGADG:0.3397129186602871	QFAGAVGV:0.3588516746411483	LTFHDAIG:0.3684210526315789	GGGADGSI:0.6985645933014354	RLTFHDAI:0.44976076555023925	SLRLTFHD:0.40669856459330145	WQSFVNNQ:0.22009569377990432	LARDSRTA:0.20574162679425836	CEWQSFVN:0.22009569377990432	ARDSRTAC:0.21052631578947367	GNQGEVES:0.22966507177033493	GGADGSIA:0.2727272727272727	SHTIAAAD:0.4449760765550239	TACEWQSF:0.22966507177033493	VHESLRLT:0.2966507177033493	ESLRLTFH:0.36363636363636365	NQGEVESP:0.23444976076555024	EWQSFVNN:0.22009569377990432	ACEWQSFV:0.22488038277511962	HESLRLTF:0.36363636363636365	QGEVESPL:0.20574162679425836	RTACEWQS:0.22966507177033493	CGEEVHES:0.23923444976076555	GGADGSII:0.215311004784689	VGVSNCPG:0.2583732057416268	TIAAADHV:0.2679425837320574	GEIRLQSD:0.20095693779904306	TPFDSTPE:0.2535885167464115	AVGVSNCP:0.2583732057416268	HTIAAADH:0.2679425837320574	ALLASHTI:0.22009569377990432	LLASHTIA:0.24401913875598086	ASHTIAAA:0.23444976076555024	AGDFIQFA:0.291866028708134	AEVVALLA:0.215311004784689	VALLASHT:0.2727272727272727	LASHTIAA:0.24401913875598086	DIETNFHA:0.20095693779904306	NCPGAPQL:0.24401913875598086	SIPGTPFD:0.22966507177033493	
