cluster number:7
GH127:63	GH127:63
HYQATGKR:0.2222222222222222	AVAHYQAT:0.25396825396825395	SVPGYVYA:0.20634920634920634	GHAVRAAY:0.20634920634920634	VAHYQATG:0.25396825396825395	IPYYAWAN:0.3333333333333333	MADVAALT:0.3968253968253968	ERTLYNGL:0.4126984126984127	SHELYNAG:0.2222222222222222	PFDDTDIY:0.31746031746031744	RMFLLHGD:0.2222222222222222	HAVRAAYM:0.20634920634920634	AHYQATGK:0.38095238095238093	YYAWANRG:0.3333333333333333	AIPYYAWA:0.31746031746031744	ADVAALTG:0.4126984126984127	TAIPYYAW:0.23809523809523808	AVRAAYMY:0.20634920634920634	PYYAWANR:0.3333333333333333	GMADVAAL:0.31746031746031744	AQEPDGYL:0.6666666666666666	KKLYITGG:0.20634920634920634	EPDGYLYT:0.6349206349206349	LERTLYNG:0.4126984126984127	HELYNAGH:0.2222222222222222	FDDTDIYK:0.3333333333333333	QEPDGYLY:0.6349206349206349	ERGPIVYC:0.30158730158730157	IPYYAWAH:0.23809523809523808	RGPIVYCA:0.30158730158730157	PIVYCAEW:0.20634920634920634	GPIVYCAE:0.30158730158730157	PYYAWAHR:0.23809523809523808	YYAWAHRG:0.23809523809523808	VYCAEWPD:0.23809523809523808	AYNETCAA:0.30158730158730157	WFGCACCP:0.38095238095238093	TAYNETCA:0.31746031746031744	GCACCPSN:0.3492063492063492	PWFGCACC:0.25396825396825395	YNETCAAI:0.2857142857142857	FGCACCPS:0.3492063492063492	EAVGHAVR:0.5873015873015873	AVERGPIV:0.20634920634920634	DVLERTLY:0.38095238095238093	VLERTLYN:0.38095238095238093	FFYPNPLE:0.31746031746031744	YMYSGMAD:0.2222222222222222	VERGPIVY:0.20634920634920634	SAYCETCA:0.25396825396825395	FYPNPLES:0.3333333333333333	AVGHAVRA:0.6031746031746031	AAQEPDGY:0.4126984126984127	VYKTIEGA:0.20634920634920634	RFIPSLPG:0.20634920634920634	PSLPGYVY:0.23809523809523808	KCEETGRY:0.20634920634920634	NGLISGVS:0.23809523809523808	DTDVYKTI:0.20634920634920634	LYNGLISG:0.4603174603174603	PDGYLYTA:0.31746031746031744	LAFSKCEE:0.20634920634920634	LSHEFYNL:0.20634920634920634	SHEFYNLG:0.20634920634920634	TGKRNFLD:0.2222222222222222	ETCAAIGN:0.2857142857142857	YITGGIGA:0.36507936507936506	CAAIGNVY:0.2222222222222222	TLYNGLIS:0.3492063492063492	LTLIPYYA:0.23809523809523808	TDVYKTIE:0.20634920634920634	NYRLFLLH:0.2222222222222222	YSGMADVA:0.23809523809523808	ATGKRNFL:0.2857142857142857	GHQIAEMA:0.23809523809523808	LIPYYAWA:0.25396825396825395	LISGVSLD:0.20634920634920634	DVYKTIEG:0.20634920634920634	YRLFLLHG:0.2222222222222222	GKRNFLDI:0.20634920634920634	PGHQIAEM:0.23809523809523808	YCETCAAI:0.20634920634920634	YKTIEGAS:0.36507936507936506	SLPGYVYA:0.25396825396825395	YNGLISGV:0.38095238095238093	GYLYTART:0.2698412698412698	PLAFSKCE:0.2222222222222222	HQIAEMAL:0.23809523809523808	HEFYNLGH:0.20634920634920634	IEGASYSL:0.20634920634920634	QDEAVGHA:0.2857142857142857	TCAAIGNV:0.25396825396825395	KRNFLDIA:0.20634920634920634	EFYNLGHM:0.20634920634920634	RTLYNGLI:0.31746031746031744	FDDTDVYK:0.31746031746031744	SGMADVAA:0.23809523809523808	GLISGVSL:0.23809523809523808	AYCETCAA:0.2222222222222222	TLIPYYAW:0.2857142857142857	PVPFTSVK:0.2222222222222222	KTIEGASY:0.3492063492063492	RNFLDIAI:0.20634920634920634	DDTDVYKT:0.20634920634920634	DGYLYTAR:0.30158730158730157	ISGVSLDG:0.20634920634920634	VPGHQIAE:0.23809523809523808	DEAVGHAV:0.2857142857142857	AAAQEPDG:0.25396825396825395	GLVKLYRV:0.20634920634920634	DVAALTGD:0.38095238095238093	IALKNADL:0.20634920634920634	EAFGKNYE:0.25396825396825395	FGKNYELP:0.25396825396825395	AFGKNYEL:0.25396825396825395	GEAFGKNY:0.23809523809523808	GKNYELPN:0.2698412698412698	ELPNMSAY:0.20634920634920634	ITGGIGAT:0.25396825396825395	YELPNMSA:0.20634920634920634	
