cluster number:5
GH127:53	GH127:53
RVDAVRGC:0.22641509433962265	AYAETCAA:0.39622641509433965	PRVDAVRG:0.2641509433962264	CPPNLARL:0.20754716981132076	YAETCAAI:0.4339622641509434	EAFGDPYE:0.24528301886792453	AFGDPYEL:0.24528301886792453	CACCPPNL:0.20754716981132076	VETALVEL:0.20754716981132076	VAGHAVRQ:0.20754716981132076	ACCPPNLA:0.20754716981132076	RAYAETCA:0.5094339622641509	CCPPNLAR:0.20754716981132076	DAVRGCVA:0.20754716981132076	ERGPLVYC:0.37735849056603776	PNVMRLLA:0.3018867924528302	HLIQAAVA:0.37735849056603776	YRETGERR:0.2641509433962264	VELYRETG:0.4528301886792453	AVRQLYLL:0.3584905660377358	ETCAAIAS:0.3018867924528302	YVNPLQVR:0.20754716981132076	CAGHLIQA:0.3018867924528302	QLYLLAGA:0.2830188679245283	QAAVAHHR:0.2830188679245283	VMRLLASL:0.2641509433962264	HELYCAGH:0.41509433962264153	WLEAASWQ:0.24528301886792453	IERGPLVY:0.32075471698113206	LLTGEARY:0.2641509433962264	RQLYLLAG:0.39622641509433965	RMALLTGE:0.3018867924528302	PPNVMRLL:0.3018867924528302	VRQLYLLA:0.4339622641509434	LYLLAGAA:0.22641509433962265	KWLEAASW:0.24528301886792453	YYAWANRE:0.3018867924528302	GPLVYCLE:0.33962264150943394	WFRCACCP:0.33962264150943394	NVMRLLAS:0.2641509433962264	ALLTGEAR:0.2641509433962264	EAASWQLA:0.24528301886792453	AIERGPLV:0.33962264150943394	TALVELYR:0.5471698113207547	ELYRETGE:0.3584905660377358	LEAASWQL:0.24528301886792453	WRMALLTG:0.3018867924528302	DVYKWLEA:0.2641509433962264	PYYAWANR:0.4528301886792453	ETALVELY:0.5471698113207547	GHAVRQLY:0.5660377358490566	CPPNVMRL:0.3018867924528302	YCAGHLIQ:0.3018867924528302	MALLTGEA:0.2830188679245283	CACCPPNV:0.37735849056603776	PLVYCLEQ:0.20754716981132076	LYRETGER:0.2830188679245283	RGPLVYCL:0.32075471698113206	ELYCAGHL:0.41509433962264153	GHLIQAAV:0.37735849056603776	HAVRQLYL:0.5471698113207547	FGDPYELP:0.32075471698113206	TGEARYSD:0.24528301886792453	CCPPNVMR:0.3584905660377358	RCACCPPN:0.33962264150943394	WGHELYCA:0.39622641509433965	LYCAGHLI:0.24528301886792453	ALVELYRE:0.41509433962264153	ACCPPNVM:0.3584905660377358	FRCACCPP:0.33962264150943394	GEARYSDL:0.24528301886792453	AGHLIQAA:0.3584905660377358	GHELYCAG:0.39622641509433965	LVELYRET:0.49056603773584906	RWLYVNPL:0.22641509433962265	LTGEARYS:0.24528301886792453	YLLAGAAD:0.22641509433962265	IPYYAWAN:0.2641509433962264	RITGGFWA:0.3018867924528302	WRLLLATG:0.33962264150943394	DSDVYKWL:0.20754716981132076	SDVYKWLE:0.20754716981132076	CACCPPNI:0.2830188679245283	DCACCPPN:0.20754716981132076	AIPYYAWA:0.2641509433962264	ARITGGFW:0.32075471698113206	PWFRCACC:0.20754716981132076	WTLSLRIP:0.22641509433962265	GHPEIETA:0.5283018867924528	SDLVERTL:0.24528301886792453	AAVAHHRA:0.2641509433962264	TGGFWAAR:0.22641509433962265	EIETALVE:0.4716981132075472	RLLASLPH:0.20754716981132076	FGDAYELP:0.20754716981132076	DRAYAETC:0.4339622641509434	MRLLASLP:0.24528301886792453	LLASLPHY:0.20754716981132076	VCGHPEIE:0.2641509433962264	GYLQTYYQ:0.24528301886792453	GGFWAARR:0.20754716981132076	AYELPPDR:0.22641509433962265	ERTLFNGF:0.20754716981132076	DAYELPPD:0.22641509433962265	YELPPDRA:0.39622641509433965	ELPPDRAY:0.4716981132075472	LPPDRAYA:0.33962264150943394	CGHPEIET:0.3584905660377358	PEIETALV:0.4716981132075472	ARYSDLVE:0.20754716981132076	IETALVEL:0.41509433962264153	DGYLQTYY:0.24528301886792453	AETCAAIA:0.24528301886792453	VERTLFNG:0.20754716981132076	PPDRAYAE:0.33962264150943394	RYSDLVER:0.22641509433962265	GLQLHQYA:0.24528301886792453	VAHHRATG:0.2641509433962264	PDRAYAET:0.33962264150943394	ITGGFWAA:0.22641509433962265	LVERTLFN:0.20754716981132076	AGHAVRQL:0.20754716981132076	GDAYELPP:0.22641509433962265	AVAHHRAT:0.2641509433962264	HPEIETAL:0.5283018867924528	YSDLVERT:0.24528301886792453	EARYSDLV:0.20754716981132076	DLVERTLF:0.20754716981132076	
