cluster number:2
GH147:32	GH147:32|3.2.1.23:1
GVWRLEVM:0.53125	EYQTHYLN:0.6875	GNLLENEH:0.34375	RLEVMPDA:0.53125	FRTAGFQW:0.21875	PFAHAYRA:0.25	WRLEVMPD:0.625	NYTLPFAH:0.21875	NTEYQTHY:0.6875	NLLENEHL:0.28125	VWRLEVMP:0.53125	ASFFGVNY:0.25	LEVMPDAV:0.3125	TEYQTHYL:0.6875	EASFFGVN:0.25	YANTEYQT:0.375	VYHLARLG:0.25	HYLNLAYT:0.5	LAYTPAKA:0.21875	YLNLAYTP:0.5	AISLLIAG:0.25	AYANTEYQ:0.375	YTPAKAIS:0.25	NLAYTPAK:0.21875	DVYHLARL:0.25	ANTEYQTH:0.53125	KAISLLIA:0.375	QTHYLNLA:0.5	THYLNLAY:0.5	YQTHYLNL:0.59375	TPAKAISL:0.21875	LNLAYTPA:0.21875	AFRVHVWD:0.375	GNGYPEKD:0.25	VYEFDAGD:0.25	DAFRVHVW:0.3125	TPIAFWGN:0.21875	TGAYFLDK:0.21875	FQWYPTGL:0.40625	ATQFAYDP:0.5	AFWGNGYP:0.28125	VHVWDTEI:0.25	GTGAYFLD:0.40625	SFQWYPTG:0.25	YEFDAGDV:0.21875	FQWATQFA:0.4375	LPRPYPGF:0.28125	FRVHVWDT:0.25	WGNGYPEK:0.21875	IAFWGNGY:0.21875	MYPAMARS:0.3125	RVHVWDTE:0.25	YPAMARSF:0.375	FWGNGYPE:0.25	PFAYGYRS:0.25	PIAFWGNG:0.21875	GFQWATQF:0.4375	AGFQWATQ:0.4375	WATQFAYD:0.5	LLPRPYPG:0.28125	FYNISESP:0.25	QWYPTGLV:0.40625	QWATQFAY:0.5	TQFAYDPM:0.3125	PAMARSFR:0.375	QFAYDPLA:0.25	HVWDTEIS:0.25	YTPSKAIS:0.21875	HLRLFDYL:0.25	YMYPAMAR:0.25	TQFAYDPL:0.3125	NEHLRLFD:0.34375	HIAGVGSS:0.21875	EHLRLFDY:0.21875	VWDTEISD:0.25	YEGTGAYF:0.25	KPIFYNIS:0.3125	PIFYNISE:0.25	GVGSSPVV:0.21875	AGVGSSPV:0.25	LENEHLRL:0.21875	
