cluster number:11
GT27:12	GT27:12|CBM13:8|2.4.1.41:1
GFDIWGGE:0.5833333333333334	VCPVIDVI:0.3333333333333333	AGGLFSID:0.5833333333333334	YKWRTGVN:0.3333333333333333	PYKWRTGV:0.3333333333333333	PGFDIWGG:0.3333333333333333	NAFNQYAS:0.25	CSHVGHIF:0.3333333333333333	KWRTGVNV:0.3333333333333333	MAGGLFSI:0.5833333333333334	VRLAEVWL:0.25	AEVWLDEY:0.3333333333333333	STVVCPVI:0.25	FKIWMCGG:0.4166666666666667	PTMAGGLF:0.6666666666666666	YDPGFDIW:0.3333333333333333	KKNSVRLA:0.4166666666666667	SPYKWRTG:0.3333333333333333	HNEAWSVL:0.5	EVWLDEYK:0.3333333333333333	AFNQYASD:0.25	TMAGGLFS:0.5833333333333334	CFHNEAWS:0.4166666666666667	FHNEAWSV:0.4166666666666667	SHVGHIFR:0.3333333333333333	EIRRDESC:0.25	GGNQYWML:0.4166666666666667	HVGHIFRK:0.3333333333333333	SFKIWMCG:0.4166666666666667	CPVIDVID:0.25	NEAWSVLL:0.4166666666666667	DPVRSPTM:0.25	VRSPTMAG:0.3333333333333333	CKSFKWYL:0.5	EAWSVLLR:0.4166666666666667	WRTGVNVL:0.3333333333333333	NVLKKNSV:0.4166666666666667	LKKNSVRL:0.4166666666666667	SPTMAGGL:0.6666666666666666	DIWGGENL:0.5833333333333334	QGGNQYWM:0.4166666666666667	IWGGENLE:0.6666666666666666	VLKKNSVR:0.4166666666666667	VNVLKKNS:0.4166666666666667	LAEVWLDE:0.3333333333333333	KNSVRLAE:0.4166666666666667	PVRSPTMA:0.3333333333333333	VVCPVIDV:0.4166666666666667	GNQYWMLS:0.4166666666666667	CHGSKGNQ:0.25	RSPTMAGG:0.3333333333333333	PELFIPGD:0.3333333333333333	PVIDVIDD:0.25	FDIWGGEN:0.5833333333333334	DPGFDIWG:0.3333333333333333	GEIRRDES:0.25	RTGVNVLK:0.25	NSVRLAEV:0.4166666666666667	GGLFSIDK:0.25	RLAEVWLD:0.4166666666666667	SVRLAEVW:0.4166666666666667	GVNVLKKN:0.4166666666666667	TVVCPVID:0.4166666666666667	IYPELFVP:0.25	ENLELSFK:0.5	GENLELSF:0.5833333333333334	ELSFKIWM:0.25	NLELSFKI:0.25	ICFHNEAW:0.4166666666666667	GWLEPLLD:0.3333333333333333	WGGENLEL:0.5833333333333334	GGENLELS:0.5833333333333334	NIYPELFV:0.25	WLEPLLDR:0.3333333333333333	IICFHNEA:0.4166666666666667	REGLIRAR:0.3333333333333333	EPLLDRIA:0.3333333333333333	LSFKIWMC:0.25	LELSFKIW:0.25	LEPLLDRI:0.3333333333333333	RLGTYDSG:0.25	WYLDNIYP:0.4166666666666667	TAEPVYSP:0.25	RLAEVWMD:0.25	TTVVCPVI:0.25	YLDNIYPE:0.4166666666666667	GTYDSGFD:0.25	LKCKSFKW:0.25	VIICFHNE:0.3333333333333333	HIFRKRSP:0.25	KSFKWYLD:0.4166666666666667	SFKTWMCG:0.25	YDSGFDIW:0.25	RKRSPYKW:0.4166666666666667	TYDSGFDI:0.25	VRLAEVWM:0.25	KWRSGVNV:0.25	RIGNDKGD:0.25	GGTLEIVP:0.4166666666666667	YKWRSGVN:0.25	LSFKTWMC:0.25	GHIFRKRS:0.25	LEIVPCSH:0.5	DNIYPELF:0.4166666666666667	TYLDSHCE:0.25	KWYLDNIY:0.4166666666666667	NAFNQYVS:0.25	MCGGTLEI:0.4166666666666667	TLEIVPCS:0.4166666666666667	WRSGVNVL:0.25	VPCSHVGH:0.5833333333333334	TWMCGGTL:0.25	YLDSHCEC:0.25	NIYPELFI:0.25	FKTWMCGG:0.25	LLRTVHSV:0.3333333333333333	IVPCSHVG:0.5	YPELFIPG:0.25	LRTVHSVL:0.25	RSPYKWRS:0.25	KCKSFKWY:0.25	KRSPYKWR:0.4166666666666667	STAEPVYS:0.25	LGTYDSGF:0.25	AFNQYVSD:0.25	VGHIFRKR:0.25	ISVHRTLP:0.25	LDNIYPEL:0.4166666666666667	IYPELFIP:0.25	AEPVYSPT:0.25	IFRKRSPY:0.25	NQYWMLSK:0.3333333333333333	YSPTMAGG:0.25	PVYSPTMA:0.25	VYSPTMAG:0.25	CGGTLEIV:0.4166666666666667	KTWMCGGT:0.25	LELSFKTW:0.25	SGFDIWGG:0.25	GTLEIVPC:0.4166666666666667	PYKWRSGV:0.25	KREGLIRA:0.25	SPYKWRSG:0.25	EPVYSPTM:0.25	EIVPCSHV:0.5	ELSFKTWM:0.25	RSGVNVLK:0.25	SGVNVLKK:0.25	WMCGGTLE:0.4166666666666667	NLELSFKT:0.25	VLLRTVHS:0.3333333333333333	FKWYLDNI:0.4166666666666667	GGLFSIDR:0.3333333333333333	PCSHVGHI:0.25	DSGFDIWG:0.25	SFKWYLDN:0.5	FRKRSPYK:0.4166666666666667	AWSVLLRT:0.25	WSVLLRTV:0.25	SVLLRTVH:0.25	TYDPGFDI:0.25	LGTYDPGF:0.25	KLGTYDPG:0.25	GTYDPGFD:0.25	HVGHVFRK:0.3333333333333333	FEKLGTYD:0.25	SHVGHVFR:0.3333333333333333	PCSHVGHV:0.3333333333333333	EKLGTYDP:0.25	CSHVGHVF:0.3333333333333333	YFEKLGTY:0.25	
