cluster number:43
CE1:53	CE1:53|CBM13:21|CBM2:14|CBM1:5|GH27:1|3.1.1.73:1
EGHIAAPQ:0.20754716981132076	FDEGHIAA:0.20754716981132076	GHIAAPQD:0.20754716981132076	DEGHIAAP:0.20754716981132076	AFDEGHIA:0.20754716981132076	TVFRAVAV:0.37735849056603776	QNPPEPAQ:0.20754716981132076	PPEPAQGS:0.20754716981132076	NPPEPAQG:0.20754716981132076	NNSTIFVA:0.22641509433962265	GGTQPIAY:0.37735849056603776	ANNSTIFV:0.22641509433962265	RFVRNNGC:0.4716981132075472	AGYPVVWA:0.24528301886792453	GYPVVWAA:0.37735849056603776	MRDRFVRN:0.22641509433962265	DRFVRNNG:0.4716981132075472	APQGLNNG:0.2830188679245283	VAPQGLNN:0.2830188679245283	GFSYGGAM:0.4339622641509434	QLSGCSGG:0.24528301886792453	PQGLNNGW:0.3018867924528302	RDRFVRNN:0.4716981132075472	STIFVAPQ:0.2830188679245283	PVVWAAFD:0.37735849056603776	CSRATVFR:0.20754716981132076	PQNPPEPA:0.2830188679245283	RATVFRAV:0.2641509433962264	TAGCGKAP:0.2830188679245283	NGCTPQNP:0.3584905660377358	SYGGAMSY:0.37735849056603776	GCTPQNPP:0.33962264150943394	AMSYALAC:0.2641509433962264	SRATVFRA:0.20754716981132076	ATVFRAVA:0.24528301886792453	NSTIFVAP:0.24528301886792453	FSYGGAMS:0.41509433962264153	ATAGCGKA:0.20754716981132076	ACSRATVF:0.20754716981132076	AVAVYSGA:0.20754716981132076	YPVVWAAF:0.3584905660377358	TPQNPPEP:0.33962264150943394	LACSRATV:0.20754716981132076	NGWANSGG:0.20754716981132076	TIFVAPQG:0.3584905660377358	YRLIFGFH:0.20754716981132076	FRAVAVYS:0.2641509433962264	RAVAVYSG:0.2641509433962264	VVWAAFDG:0.24528301886792453	RLIFGFHW:0.22641509433962265	CTPQNPPE:0.33962264150943394	VFRAVAVY:0.33962264150943394	YGGAMSYA:0.24528301886792453	PTVFRAVA:0.22641509433962265	RPTVFRAV:0.22641509433962265	GCSGGTQP:0.3018867924528302	FALGFSYG:0.2641509433962264	SGCSGGTQ:0.3018867924528302	LSGCSGGT:0.22641509433962265	GCRAGYPV:0.2641509433962264	RFALGFSY:0.24528301886792453	IFVAPQGL:0.3018867924528302	FVAPQGLN:0.2830188679245283	QRFALGFS:0.24528301886792453	RNNGCTPQ:0.32075471698113206	NNGCTPQN:0.3584905660377358	VRNNGCTP:0.33962264150943394	FVRNNGCT:0.4716981132075472	SYALACAR:0.20754716981132076	LRDRFVRN:0.24528301886792453	AIFVAPQG:0.24528301886792453	MSYALACA:0.20754716981132076	CVDTTQRF:0.20754716981132076	FSYGGGMS:0.24528301886792453	LCVDTTQR:0.20754716981132076	GFSYGGGM:0.24528301886792453	
