cluster number:69
CE1:19	CE1:19
GWAYEDFF:0.21052631578947367	FVDCGDDD:0.3684210526315789	NMPGWAYE:0.21052631578947367	RAIAGLSM:0.5789473684210527	FLLDRNIE:0.3157894736842105	DDDFLLDR:0.3157894736842105	GEACEMII:0.21052631578947367	PGWAYEDF:0.21052631578947367	ILYLLHGM:0.2631578947368421	LSMGGGGT:0.2631578947368421	PILYLLHG:0.42105263157894735	HRAIAGLS:0.2631578947368421	FRVRDGGH:0.42105263157894735	GDDDFLLD:0.42105263157894735	DFLLDRNI:0.3157894736842105	AMSALMNI:0.21052631578947367	VDCGDDDF:0.5263157894736842	IIVSPNAG:0.21052631578947367	IPCQFRVR:0.21052631578947367	YFNMPGWA:0.21052631578947367	GYFNMPGW:0.21052631578947367	WNGYFNMP:0.2631578947368421	EACEMIIV:0.21052631578947367	MSALMNIP:0.21052631578947367	IAGLSMGG:0.5789473684210527	WAYEDFFY:0.21052631578947367	CQFRVRDG:0.21052631578947367	CGDDDFLL:0.47368421052631576	QFRVRDGG:0.3157894736842105	WFVDCGDD:0.3684210526315789	FNMPGWAY:0.21052631578947367	KYPILYLL:0.3157894736842105	MIIVSPNA:0.21052631578947367	DCGDDDFL:0.8947368421052632	YAMSALMN:0.21052631578947367	RVRDGGHT:0.3684210526315789	DDFLLDRN:0.3157894736842105	AIAGLSMG:0.5789473684210527	EYWHSALY:0.3684210526315789	NGYFNMPG:0.21052631578947367	GLSMGGGG:1.0	SGEACEMI:0.21052631578947367	QHRAIAGL:0.21052631578947367	IVSPNAGG:0.21052631578947367	PCQFRVRD:0.21052631578947367	EMIIVSPN:0.21052631578947367	VSPNAGGN:0.21052631578947367	PNAGGNIY:0.21052631578947367	MPGWAYED:0.21052631578947367	YPILYLLH:0.42105263157894735	LLDRNIEF:0.3157894736842105	AGLSMGGG:0.8421052631578947	PVLYLLHG:0.5789473684210527	AVAGLSMG:0.2631578947368421	SYPVLYLL:0.3157894736842105	ALRHPELF:0.21052631578947367	RAVAGLSM:0.2631578947368421	VLYLLHGA:0.3684210526315789	VAGLSMGG:0.2631578947368421	YPVLYLLH:0.5789473684210527	YALRHPEL:0.21052631578947367	VYAMSALM:0.2631578947368421	LSMGGGGS:0.42105263157894735	SMGGGGAT:0.21052631578947367	IDCGDDDF:0.3157894736842105	KKYPILYL:0.21052631578947367	YWHSALYI:0.21052631578947367	LSMGGGGA:0.3157894736842105	AVYAMSAL:0.21052631578947367	FCAVYAMS:0.21052631578947367	CAVYAMSA:0.21052631578947367	MIIVMPDA:0.3157894736842105	ATPMIIVM:0.2631578947368421	FSSACPLS:0.3684210526315789	DDQTGWVQ:0.2631578947368421	WVQFGEVL:0.3157894736842105	DDDFLYEG:0.2631578947368421	DDFLYEGN:0.2631578947368421	TPMIIVMP:0.2631578947368421	GDDDFLYE:0.2631578947368421	TGWVQFGE:0.3684210526315789	DQTGWVQF:0.2631578947368421	GDDQTGWV:0.2631578947368421	PMIIVMPD:0.3157894736842105	SSACPLSA:0.3157894736842105	QTGWVQFG:0.2631578947368421	GWVQFGEV:0.3684210526315789	EVLHITDK:0.21052631578947367	LYLLHGAG:0.21052631578947367	QFGEVLHI:0.21052631578947367	GKATPMII:0.21052631578947367	GEVLHITD:0.21052631578947367	LFSSACPL:0.21052631578947367	YIDCGDDD:0.21052631578947367	EGNSLVHI:0.21052631578947367	YLLHGAGD:0.21052631578947367	LHITDKAI:0.21052631578947367	VQFGEVLH:0.21052631578947367	LLHGAGDD:0.21052631578947367	WYIDCGDD:0.21052631578947367	VLHITDKA:0.21052631578947367	FGEVLHIT:0.21052631578947367	DFLYEGNS:0.21052631578947367	CGDDDFLY:0.21052631578947367	FLYEGNSL:0.21052631578947367	RSYPVLYL:0.21052631578947367	VRDGGHTW:0.21052631578947367	
