cluster number:55
CE1:104	CE1:104|GH10:4|CE6:4|CBM13:2|CBM2:2|CBM48:2|CBM6:1|3.1.1.73:1
PVLYLLHG:0.5769230769230769	RAIAGLSM:0.5288461538461539	IAGLSMGG:0.5384615384615384	VYTPPGYD:0.20192307692307693	YPVLYLLH:0.5673076923076923	AIAGLSMG:0.5384615384615384	ALAGLSMG:0.46153846153846156	RALAGLSM:0.4519230769230769	SMGGGQSL:0.5096153846153846	GLSMGGGQ:0.7307692307692307	GFSSAPNT:0.33653846153846156	LYLLHGIG:0.6730769230769231	LSMGGGQS:0.5288461538461539	GGFSSAPN:0.3269230769230769	AGLSMGGG:0.6730769230769231	LAGLSMGG:0.4519230769230769	PMIVVMPN:0.27884615384615385	VILDNLYA:0.20192307692307693	FAWVGGFS:0.2692307692307692	VGGFSSAP:0.28846153846153844	MIVVMPNG:0.2980769230769231	AWVGGFSS:0.25961538461538464	LGVFSSGW:0.20192307692307693	GIGGDEKE:0.23076923076923078	WVGGFSSA:0.28846153846153844	VMPNGRAM:0.25961538461538464	LLWISCGD:0.2403846153846154	LKLLWISC:0.23076923076923078	IVVMPNGR:0.27884615384615385	IGGDEKEW:0.23076923076923078	KLLWISCG:0.23076923076923078	VVMPNGRA:0.3076923076923077	VLYLLHGI:0.6634615384615384	NGRAMKDD:0.27884615384615385	LNFGLGNL:0.27884615384615385	HGIGGDEK:0.22115384615384615	LLHGIGGD:0.6346153846153846	NFGLGNLD:0.2403846153846154	MPNGRAMK:0.21153846153846154	GGGQSLNF:0.33653846153846156	YLLHGIGG:0.6923076923076923	FSSAPNTK:0.3173076923076923	HRAIAGLS:0.2403846153846154	GGQSLNFG:0.33653846153846156	SLNFGLGN:0.2403846153846154	LHGIGGDE:0.5673076923076923	GRAMKDDR:0.2692307692307692	QSLNFGLG:0.2692307692307692	KYPVLYLL:0.3942307692307692	PNGRAMKD:0.27884615384615385	GQSLNFGL:0.33653846153846156	MGGGQSLN:0.49038461538461536	HDFKVWKN:0.25	RAMKDDRA:0.21153846153846154	DLLNDLIP:0.22115384615384615	KKYPVLYL:0.22115384615384615	
