cluster number:37
CE1:26	CE1:26|CBM1:6|3.1.1.72:4|3.1.1.-:1
KMQIYHGS:0.3076923076923077	IVAIHYCT:0.3076923076923077	GVGHTVPI:0.38461538461538464	VIYPESPY:0.3076923076923077	ESPYSGTC:0.23076923076923078	SSGAMMTN:0.8461538461538461	MMTNVMAA:0.6153846153846154	GTCWDVSS:0.4230769230769231	TGTAQAYY:0.34615384615384615	GDSNSIAN:0.23076923076923078	VAIHYCTG:0.6153846153846154	SGTCWDVS:0.34615384615384615	CTGTAQAY:0.38461538461538464	SGAMMTNV:0.8461538461538461	PYSGTCWD:0.3076923076923077	AIHYCTGT:0.46153846153846156	TNVMAATY:0.5769230769230769	PESPYSGT:0.23076923076923078	HGSADTTL:0.23076923076923078	QIYHGSAD:0.3076923076923077	PKMQIYHG:0.4230769230769231	FVTGSSSG:0.46153846153846156	AQGVGHTV:0.2692307692307692	AMMTNVMA:0.6923076923076923	YPESPYSG:0.23076923076923078	YCTGTAQA:0.38461538461538464	VFVTGSSS:0.46153846153846156	NVMAATYP:0.6153846153846154	SPYSGTCW:0.3076923076923077	FIVIYPES:0.2692307692307692	GGGDSNSI:0.23076923076923078	HYCTGTAQ:0.38461538461538464	DSNSIANM:0.23076923076923078	IYPESPYS:0.23076923076923078	SNSIANMV:0.5384615384615384	GGDSNSIA:0.23076923076923078	SSSGAMMT:0.46153846153846156	GFIVIYPE:0.2692307692307692	KVFVTGSS:0.4230769230769231	RPKMQIYH:0.4230769230769231	YSGTCWDV:0.3076923076923077	IIVAIHYC:0.3076923076923077	GAMMTNVM:0.7307692307692307	MQIYHGSA:0.3076923076923077	SKVFVTGS:0.2692307692307692	VMAATYPE:0.34615384615384615	IVIYPESP:0.2692307692307692	GSSSGAMM:0.46153846153846156	QGVGHTVP:0.3076923076923077	IHYCTGTA:0.3076923076923077	MTNVMAAT:0.5384615384615384	LTHNGGGD:0.23076923076923078	VTGSSSGA:0.5	THNGGGDS:0.23076923076923078	TGSSSGAM:0.5	NSNSIANM:0.3076923076923077	QWAGVFGY:0.34615384615384615	TCKQWAGV:0.23076923076923078	VTGTSSGA:0.23076923076923078	LTHNGGGN:0.3076923076923077	DTTLYPQN:0.2692307692307692	TSSGAMMT:0.23076923076923078	HNGGGNSN:0.3076923076923077	TTLYPQNY:0.2692307692307692	AGVPAGCF:0.2692307692307692	IANMVTWT:0.2692307692307692	CWDVSSQA:0.2692307692307692	GTSSGAMM:0.23076923076923078	TGTSSGAM:0.23076923076923078	TLTHNGGG:0.3076923076923077	GGGNSNSI:0.3076923076923077	SIANMVTW:0.2692307692307692	GNSNSIAN:0.3076923076923077	GGNSNSIA:0.3076923076923077	ETCKQWAG:0.23076923076923078	CKQWAGVF:0.2692307692307692	NGGGNSNS:0.3076923076923077	NSIANMVT:0.38461538461538464	KQWAGVFG:0.4230769230769231	THNGGGNS:0.3076923076923077	ATLTHNGG:0.23076923076923078	YAGVPAGC:0.2692307692307692	LQQVTNFG:0.23076923076923078	MAATYPEL:0.3076923076923077	TYPELFAA:0.2692307692307692	YPELFAAA:0.23076923076923078	ATYPELFA:0.2692307692307692	AATYPELF:0.3076923076923077	ANMVTWTI:0.23076923076923078	EQYGFIVI:0.2692307692307692	GHTVPIHG:0.23076923076923078	GFIVIYPS:0.23076923076923078	PGIVVAIH:0.2692307692307692	YGFIVIYP:0.5	QYGFIVIY:0.34615384615384615	TGVGHTVP:0.23076923076923078	ATGVGHTV:0.23076923076923078	IVVAIHYC:0.2692307692307692	VVAIHYCT:0.3076923076923077	GIVVAIHY:0.2692307692307692	IVIYPSSP:0.23076923076923078	NPGIVVAI:0.23076923076923078	VGHTVPIH:0.23076923076923078	FIVIYPSS:0.23076923076923078	YPQNYYET:0.23076923076923078	NYYETCKQ:0.23076923076923078	YYETCKQW:0.23076923076923078	PQNYYETC:0.23076923076923078	GGCWDVSS:0.23076923076923078	TLYPQNYY:0.23076923076923078	LYPQNYYE:0.23076923076923078	SGGCWDVS:0.23076923076923078	QNYYETCK:0.23076923076923078	
