cluster number:62
CE1:60	CE1:60|CBM48:4
PVLYLLHG:0.5833333333333334	NWRIYLSE:0.23333333333333334	WRIYLSEF:0.23333333333333334	RAIAGLSM:0.7166666666666667	AKPMIVVM:0.36666666666666664	HRAIAGLS:0.23333333333333334	IAGLSMGG:0.7166666666666667	KAKPMIVV:0.36666666666666664	YPVLYLLH:0.5666666666666667	AIAGLSMG:0.7166666666666667	GKAKPMIV:0.36666666666666664	GLSMGGFH:0.43333333333333335	AGLSMGGF:0.45	LDNLIAQG:0.35	MIVVMTNG:0.23333333333333334	EAAPGESS:0.2	DNLIAQGK:0.43333333333333335	GGDEEAWI:0.2833333333333333	AQQALWGG:0.2	YVGLFSAA:0.2833333333333333	LHGMGGDE:0.3	HGMGGDEE:0.21666666666666667	LIAQGKAK:0.25	VYTPAGYE:0.2833333333333333	GDEEAWIA:0.2	LFSAAIMP:0.2	EEAWIALG:0.2	TVYTPAGY:0.31666666666666665	YTPAGYET:0.21666666666666667	GLFSAAIM:0.2	TPAGYETS:0.2	MGGDEEAW:0.23333333333333334	NLIAQGKA:0.4	QILDNLIA:0.5	DEEAWIAL:0.2	EAWIALGR:0.2	PVFYLLHG:0.23333333333333334	PMIVVMTN:0.25	YLLHGMGG:0.2833333333333333	QGKAKPMI:0.25	LSMGGFHS:0.3333333333333333	QEAAPGES:0.21666666666666667	IAQGKAKP:0.25	LLHGMGGD:0.2833333333333333	NRAIAGLS:0.23333333333333334	ILDNLIAQ:0.36666666666666664	GMGGDEEA:0.21666666666666667	FDYVGLFS:0.2	YPVFYLLH:0.23333333333333334	AQGKAKPM:0.25	IVVMTNGN:0.23333333333333334	PMIVVMPN:0.2833333333333333	ITIYTPPG:0.2	TIYTPPGY:0.2	RRITIYTP:0.21666666666666667	IYTPPGYE:0.2	AQILDNLI:0.23333333333333334	MIVVMPNG:0.2833333333333333	RITIYTPP:0.2	KPMIVVMP:0.2	
