cluster number:71
CE1:13	CE1:13|CBM1:1|3.1.1.73:1
LKQWSNVL:0.6153846153846154	PDVFEAGA:0.5384615384615384	QWSNVLGV:0.38461538461538464	YPGYTGRR:0.3076923076923077	KQWSNVLG:0.5384615384615384	YPDVFEAG:0.5384615384615384	SSGAMMTN:0.3076923076923077	IVALHPCG:0.46153846153846156	VYAMGFSS:0.3076923076923077	SYPDVFEA:0.46153846153846156	DGTQLQGF:0.3076923076923077	TNVLAGSY:0.3076923076923077	PAIIVALH:0.3076923076923077	GFSSGGMM:0.3076923076923077	VALHPCGG:0.46153846153846156	ATPFSPNQ:0.6153846153846154	SGGMMTNV:0.3076923076923077	AGSYPDVF:0.46153846153846156	FSPNQTCA:0.6153846153846154	THGQGGDA:0.23076923076923078	GDALGIVS:0.23076923076923078	MMTNVLAG:0.3076923076923077	PGYTGRRP:0.23076923076923078	IYVPDRVA:0.23076923076923078	NSYPGYTG:0.23076923076923078	DALGIVSM:0.23076923076923078	CAQGLQKT:0.3076923076923077	GYTGRRPR:0.38461538461538464	PFSPNQTC:0.6153846153846154	GGDALGIV:0.23076923076923078	PSTPHMSN:0.23076923076923078	TCAQGLQK:0.3076923076923077	VFEAGAAY:0.38461538461538464	GFILIYPS:0.3076923076923077	FILIYPST:0.3076923076923077	TGRRPRMQ:0.3076923076923077	NPASLTHG:0.23076923076923078	MGFSSGGM:0.3076923076923077	YAMGFSSG:0.3076923076923077	IIVALHPC:0.3076923076923077	AMGFSSGG:0.23076923076923078	WGDLVRNS:0.23076923076923078	DVFEAGAA:0.38461538461538464	SSGGMMTN:0.38461538461538464	GDGTQLQG:0.3076923076923077	EALKQWSN:0.38461538461538464	TPHMSNCW:0.23076923076923078	PHMSNCWD:0.23076923076923078	ALHPCGGN:0.23076923076923078	RNSYPGYT:0.23076923076923078	VLAGSYPD:0.3076923076923077	PNQTCAQG:0.5384615384615384	TPFSPNQT:0.6153846153846154	GSYPDVFE:0.46153846153846156	IYPSTPHM:0.23076923076923078	ALGIVSMV:0.23076923076923078	LIYPSTPH:0.23076923076923078	RLPSYADQ:0.38461538461538464	LHPCGGNA:0.23076923076923078	VRNSYPGY:0.38461538461538464	NVLAGSYP:0.3076923076923077	FEAGAAYS:0.38461538461538464	ALKQWSNV:0.38461538461538464	LGIVSMVN:0.23076923076923078	YPSTPHMS:0.23076923076923078	ILIYPSTP:0.3076923076923077	TRLPSYAD:0.38461538461538464	EWGDLVRN:0.23076923076923078	AGAAYSGV:0.23076923076923078	EAGAAYSG:0.38461538461538464	GRRPRMQI:0.5384615384615384	QTCAQGLQ:0.3076923076923077	SPNQTCAQ:0.5384615384615384	SYPGYTGR:0.23076923076923078	NQTCAQGL:0.38461538461538464	FSSGGMMT:0.3076923076923077	LTHGQGGD:0.23076923076923078	YTGRRPRM:0.3076923076923077	RVYAMGFS:0.23076923076923078	YGDGTQLQ:0.3076923076923077	MTNVLAGS:0.3076923076923077	GIVSMVNY:0.23076923076923078	GTRLPSYA:0.23076923076923078	ASLQQVTN:0.23076923076923078	LAGSYPDV:0.38461538461538464	AIIVALHP:0.23076923076923078	STPHMSNC:0.23076923076923078	SATPFSPN:0.3076923076923077	FVRNSYPG:0.23076923076923078	ASRVYVMG:0.23076923076923078	DASRVYVM:0.23076923076923078	AHACFAGA:0.23076923076923078	SGVAHACF:0.23076923076923078	WFSGTRLP:0.23076923076923078	CWDVQNPA:0.3076923076923077	QNPASLTH:0.3076923076923077	VQNPASLT:0.3076923076923077	QWFSGTRL:0.23076923076923078	NCWDVQNP:0.3076923076923077	SNCWDVQN:0.3076923076923077	MSNCWDVQ:0.23076923076923078	WDVQNPAS:0.3076923076923077	DVQNPASL:0.3076923076923077	PRMQIFHG:0.23076923076923078	ASLTHNGG:0.23076923076923078	SGAMMTNV:0.23076923076923078	GTQLQGFF:0.23076923076923078	PASLTHNG:0.23076923076923078	NPASLTHN:0.23076923076923078	SLTHNGGG:0.23076923076923078	ALHPCGGS:0.23076923076923078	TQLQGFFG:0.23076923076923078	HGNADFLV:0.23076923076923078	RRPRMQIF:0.23076923076923078	LHPCGGSA:0.23076923076923078	GFILIYAG:0.23076923076923078	NGGGDAGG:0.23076923076923078	FILIYAGT:0.23076923076923078	RPRMQIFH:0.23076923076923078	HPCGGSAQ:0.23076923076923078	THNGGGDA:0.23076923076923078	GGGDAGGI:0.23076923076923078	LTHNGGGD:0.23076923076923078	HNGGGDAG:0.23076923076923078	
