cluster number:47
CE1:59	CE1:59
ESTWTQKT:0.3389830508474576	FADKNVNV:0.4406779661016949	GDATNMWG:0.2542372881355932	ADKNVNVV:0.423728813559322	QVQVLHPA:0.288135593220339	LLDGVSAG:0.3898305084745763	THSWPYWQ:0.3220338983050847	DATNMWGP:0.23728813559322035	YLLDGVSA:0.3898305084745763	NVVLPVGG:0.423728813559322	NVNVVLPV:0.2033898305084746	VVLPVGGT:0.3389830508474576	DKNVNVVL:0.423728813559322	FFADKNVN:0.4406779661016949	GTHSWPYW:0.423728813559322	HSWPYWQD:0.3220338983050847	VNVVLPVG:0.3559322033898305	VQVQVLHP:0.2542372881355932	KNVNVVLP:0.4406779661016949	ETFLTKEL:0.4067796610169492	FLTKELPP:0.3389830508474576	TKELPPLI:0.2711864406779661	KELPPLID:0.2542372881355932	LTKELPPL:0.3050847457627119	WETFLTKE:0.4067796610169492	TFLTKELP:0.4067796610169492	VGGTASYY:0.22033898305084745	LYLLDGVS:0.2542372881355932	GTASYYTD:0.23728813559322035	TASYYTDW:0.23728813559322035	VLPVGGTA:0.2033898305084746	STWTQKTD:0.3220338983050847	PVGGTASY:0.22033898305084745	PSLYLLDG:0.22033898305084745	GGTASYYT:0.23728813559322035	RPSLYLLD:0.22033898305084745	LPVGGTAS:0.22033898305084745	ELPPLIDA:0.3050847457627119	VNVVLPIG:0.2033898305084746	NVVLPIGG:0.2033898305084746	
