cluster number:64
CE1:24	CE1:24
AIGSYSGC:0.375	RAIGSYSG:0.20833333333333334	DPAWAAND:0.3333333333333333	WGPPTDPA:0.20833333333333334	NDPYLHAD:0.25	GTHSWGYW:0.625	LHADRLRG:0.20833333333333334	DTLDGPGI:0.20833333333333334	AWAANDPY:0.2916666666666667	SGCVRTSD:0.4583333333333333	GYWQQDLH:0.25	GSYSGCVR:0.2916666666666667	IGSYSGCV:0.375	SWGYWQQD:0.25	HADRLRGT:0.20833333333333334	WGYWQQDL:0.25	AANDPYLH:0.2916666666666667	QQDLHNSW:0.25	THSWGYWQ:0.375	WAANDPYL:0.4166666666666667	ANDPYLHA:0.4166666666666667	SYSGCVRT:0.375	PAWAANDP:0.375	GPPTDPAW:0.20833333333333334	GCVRTSDP:0.3333333333333333	ADWRADDP:0.20833333333333334	YWQQDLHN:0.25	FADWRADD:0.20833333333333334	YSGCVRTS:0.375	HSWGYWQQ:0.25	WQQDLHNS:0.25	YLHADRLR:0.20833333333333334	DPYLHADR:0.20833333333333334	QDLHNSWP:0.25	PYLHADRL:0.20833333333333334	RPAPTLYL:0.3333333333333333	PAPTLYLL:0.5	APTLYLLN:0.5833333333333334	TDWRADDP:0.2916666666666667	TFLTEELP:0.2916666666666667	PTLYLLNG:0.7083333333333334	FLTEELPP:0.20833333333333334	LRGTAIYV:0.25	AGISMAGT:0.625	GDGGSSWF:0.2916666666666667	NAVAGISM:0.25	ISMAGTSV:0.4583333333333333	LLNGAAGG:0.3333333333333333	TLYLLNGA:0.5	GISMAGTS:0.4583333333333333	LNGAAGGD:0.2916666666666667	DGGSSWFD:0.2916666666666667	GGDGGSSW:0.2916666666666667	NGAAGGDG:0.2916666666666667	AGGDGGSS:0.2916666666666667	QLAVGAVI:0.25	LYLLNGAA:0.3333333333333333	GAAGGDGG:0.2916666666666667	VAGISMAG:0.2916666666666667	YLLNGAAG:0.3333333333333333	AAGGDGGS:0.2916666666666667	LAVGAVIE:0.25	AVAGISMA:0.25	SMAGTSVF:0.4583333333333333	GSYFADWR:0.20833333333333334	SYFADWRA:0.20833333333333334	GTSVFQLA:0.4166666666666667	AGTSVFQL:0.4583333333333333	THSWGYWE:0.25	TSVFQLAL:0.375	MAGTSVFQ:0.4583333333333333	NMWGPPTD:0.20833333333333334	DELHRAWP:0.20833333333333334	IAGISMAG:0.3333333333333333	SGCAQTSD:0.20833333333333334	LHRAWPQF:0.20833333333333334	GAVIETAT:0.20833333333333334	AIAGISMA:0.3333333333333333	YWQDELHR:0.20833333333333334	QKWATFLT:0.20833333333333334	QDELHRAW:0.20833333333333334	WPYWQDEL:0.20833333333333334	WQDELHRA:0.20833333333333334	PYWQDELH:0.20833333333333334	VGAVIETA:0.20833333333333334	FSGCAQTS:0.20833333333333334	ELHRAWPQ:0.20833333333333334	VRMVVEGR:0.20833333333333334	AVGAVIET:0.20833333333333334	RMVVEGRG:0.20833333333333334	SFSGCAQT:0.20833333333333334	GCAQTSDP:0.20833333333333334	NAIAGISM:0.3333333333333333	GSFSGCAQ:0.20833333333333334	MWGPPTDP:0.20833333333333334	FTDWRADD:0.20833333333333334	RADDPVLG:0.20833333333333334	WRADDPVL:0.20833333333333334	VFQLALAA:0.20833333333333334	SYFTDWRA:0.25	FFADKQVN:0.20833333333333334	YFTDWRAD:0.20833333333333334	FQLALAAP:0.20833333333333334	DWRADDPV:0.20833333333333334	LPPIIDSA:0.20833333333333334	ELPPIIDS:0.20833333333333334	PPIIDSAF:0.20833333333333334	LYLLNGAD:0.20833333333333334	LLNGADGG:0.20833333333333334	YLLNGADG:0.20833333333333334	TGTHSWGY:0.20833333333333334	
