cluster number:76
CE1:87	CE1:87
AGGAIIAG:0.632183908045977	AIIAGLPY:0.47126436781609193	GGAIIAGL:0.7816091954022989	PTISVWHG:0.25287356321839083	VFAGGAII:0.45977011494252873	LVVVLHGC:0.7471264367816092	WPTISVWH:0.25287356321839083	GAIIAGLP:0.7126436781609196	FAGGAIIA:0.632183908045977	GMGHGTPL:0.367816091954023	GEALSIRQ:0.3103448275862069	PALVVVLH:0.3793103448275862	FGSNPGAL:0.5172413793103449	AFDRMRGH:0.5057471264367817	VTGLSAGG:0.5057471264367817	TGLSAGGA:0.8850574712643678	EALSIRQM:0.3103448275862069	YPEVFAGG:0.3793103448275862	SAGGAMAN:0.3333333333333333	ALSIRQMI:0.2413793103448276	LDVGISST:0.5172413793103449	EAFDRMRG:0.5057471264367817	PEVFAGGA:0.367816091954023	LATYPEVF:0.3333333333333333	FVTGLSAG:0.41379310344827586	YMLDVGIS:0.26436781609195403	MLATYPEV:0.2988505747126437	VVLHGCTQ:0.735632183908046	TYPEVFAG:0.3218390804597701	LSAGGAMA:0.6436781609195402	PYMLDVGI:0.26436781609195403	MLDVGISS:0.4827586206896552	ATYPEVFA:0.3218390804597701	FDRMRGHG:0.5172413793103449	IIAGLPYA:0.2413793103448276	EVFAGGAI:0.3333333333333333	GLSAGGAM:0.8850574712643678	ALVVVLHG:0.6206896551724138	VVVLHGCT:0.7241379310344828	VMLATYPE:0.20689655172413793	LHGCTQTA:0.40229885057471265	ALRAAGLM:0.22988505747126436	HGCTQTAA:0.26436781609195403	GCTQTAAG:0.22988505747126436	LRAAGLMR:0.20689655172413793	DALRAAGL:0.20689655172413793	CTQTAAGY:0.22988505747126436	NNPNLCFN:0.26436781609195403	FMLDVGIS:0.20689655172413793	RMRGHGGP:0.21839080459770116	PNLCFNWF:0.26436781609195403	NPNLCFNW:0.26436781609195403	DRMRGHGG:0.22988505747126436	SAGGAMAA:0.20689655172413793	PFMLDVGI:0.20689655172413793	LSAGGAMT:0.22988505747126436	VLHGCTQT:0.3793103448275862	GFALLFPE:0.21839080459770116	FALLFPEQ:0.21839080459770116	LHGCTQNA:0.21839080459770116	VLHGCTQN:0.21839080459770116	PEAFDRMR:0.45977011494252873	PWPTISVW:0.2413793103448276	AIIAGLPF:0.20689655172413793	ITGLSAGG:0.3448275862068966	TVPEAFDR:0.22988505747126436	LRSAGLMR:0.28735632183908044	AGGAMANA:0.20689655172413793	VPEAFDRM:0.27586206896551724	ALRSAGLM:0.2988505747126437	RMRGHGIP:0.20689655172413793	GPWPTISV:0.2413793103448276	RVFVTGLS:0.22988505747126436	NANLCFNW:0.21839080459770116	ANLCFNWF:0.21839080459770116	NNANLCFN:0.21839080459770116	VFVTGLSA:0.22988505747126436	NLCFNWFN:0.21839080459770116	TQTAAGYD:0.21839080459770116	
