cluster number:50
CE1:91	CE1:91|CBM2:56|CBM13:7|CBM1:3|CBM10:2|3.1.1.-:1|CBM60:1|CE15:1|CBM3:1
KCFDVSSP:0.2087912087912088	RGGGSDPV:0.21978021978021978	ASLADRYG:0.34065934065934067	YPGYTGPR:0.24175824175824176	YPDVFAAG:0.3516483516483517	SGAMMTNV:0.7692307692307693	NPSNLRMY:0.2087912087912088	PGYTGPRP:0.27472527472527475	LGDYPDVF:0.34065934065934067	FSGVPFGC:0.2087912087912088	DVSSPQAL:0.46153846153846156	FDVSSPQA:0.4175824175824176	FTLPAGQT:0.23076923076923078	IKQWTNVL:0.25274725274725274	VPFGCFAT:0.5164835164835165	GAMMTNVL:0.6043956043956044	VLLGDYPD:0.32967032967032966	NVLGVSQT:0.21978021978021978	GGGSDPVG:0.21978021978021978	AYPGYTGP:0.2087912087912088	RMQLWHGT:0.3626373626373626	TNVLGVSQ:0.21978021978021978	TGLTASVT:0.2087912087912088	PFGCFATT:0.4835164835164835	MMTNVLLG:0.5054945054945055	NVLLGDYP:0.32967032967032966	VFAAGAAF:0.25274725274725274	SGVPFGCF:0.23076923076923078	VLGVSQTP:0.21978021978021978	DVFAAGAA:0.25274725274725274	GCFATTDG:0.4065934065934066	QWTNVLGV:0.2857142857142857	SSPQALRR:0.31868131868131866	GVPFGCFA:0.5384615384615384	KQWTNVLG:0.2857142857142857	GYTGPRPR:0.27472527472527475	CFATTDGS:0.43956043956043955	AMMTNVLL:0.5054945054945055	RPRMQLWH:0.31868131868131866	PDVFAAGA:0.3076923076923077	VSSPQALR:0.42857142857142855	SLADRYGF:0.2967032967032967	PRMQLWHG:0.3956043956043956	TNVLLGDY:0.32967032967032966	TGPRPRMQ:0.23076923076923078	LLGDYPDV:0.32967032967032966	CFDVSSPQ:0.42857142857142855	GGSDPVGI:0.42857142857142855	FGCFATTD:0.3626373626373626	MTNVLLGD:0.32967032967032966	WTNVLGVS:0.26373626373626374	LTEVTGFG:0.26373626373626374	GWTRTRYG:0.25274725274725274	SSGAMMTN:0.7692307692307693	SPQALRRD:0.2087912087912088	DRYGFIVI:0.23076923076923078	GFIVIYPS:0.26373626373626374	AAFAGVPF:0.24175824175824176	VHYCTGSG:0.34065934065934067	HYCTGSGP:0.4175824175824176	ALRRDGGS:0.2087912087912088	NAWNTGLT:0.2087912087912088	YGFIVIYP:0.2857142857142857	PQALRRDG:0.2087912087912088	GAAFAGVP:0.2857142857142857	LADRYGFI:0.2967032967032967	QALRRDGG:0.2087912087912088	RDGGSDPV:0.21978021978021978	AGVPFGCF:0.25274725274725274	VAVHYCTG:0.3626373626373626	RTRYGGTG:0.26373626373626374	RYGFIVIY:0.23076923076923078	TRTRYGGT:0.24175824175824176	GEEIKQWT:0.3626373626373626	LRRDGGSD:0.2087912087912088	DGGSDPVG:0.2857142857142857	ADRYGFIV:0.2967032967032967	RRDGGSDP:0.2087912087912088	FAGVPFGC:0.25274725274725274	AFAGVPFG:0.21978021978021978	AVHYCTGS:0.34065934065934067	AGAAFAGV:0.2857142857142857	YCTGSGPA:0.4175824175824176	FASLADRY:0.26373626373626374	EEIKQWTN:0.34065934065934067	WNSACANG:0.2087912087912088	EIKQWTNV:0.25274725274725274	LVAVHYCT:0.25274725274725274	IYPSATRS:0.2087912087912088	CTGSGPAF:0.25274725274725274	YPSATRSG:0.23076923076923078	VIYPSATR:0.2087912087912088	FGEEIKQW:0.31868131868131866	NFGEEIKQ:0.2967032967032967	QQWGDLVR:0.27472527472527475	YPSVTRSS:0.24175824175824176	PDVFKAGA:0.23076923076923078	YPDVFKAG:0.23076923076923078	TPQQWGDL:0.21978021978021978	LRYPNFGE:0.3956043956043956	PQQWGDLV:0.2087912087912088	TLRYPNFG:0.2857142857142857	TEFASLAD:0.23076923076923078	EFASLADR:0.23076923076923078	PNFGEEIK:0.25274725274725274	RYPNFGEE:0.21978021978021978	YPNFGEEI:0.26373626373626374	
