cluster number:44
CE1:118	CE1:118
PMAGKFSY:0.23728813559322035	ETFLTKEL:0.6271186440677966	MSMSATSS:0.3559322033898305	AHSPSMNR:0.2627118644067797	GFYDAVGS:0.288135593220339	LTKELPGP:0.4830508474576271	VGSFSGCA:0.288135593220339	TPEQMWGP:0.4152542372881356	YLLNGGDG:0.4152542372881356	FYDAVGSF:0.2457627118644068	FLTKELPG:0.5084745762711864	NATPEQMW:0.2033898305084746	MAGKFSYY:0.23728813559322035	FSYYTDWV:0.4322033898305085	LNGGDGGE:0.4322033898305085	FSGCAATS:0.5	AVGSFSGC:0.2542372881355932	SATSSLLL:0.2796610169491525	GSFSGCAA:0.3474576271186441	GNATPEQM:0.2033898305084746	MSATSSLL:0.3474576271186441	WAHSPSMN:0.2542372881355932	KFSYYTDW:0.4152542372881356	NGGDGGEG:0.423728813559322	RNTGTHSW:0.3644067796610169	WETFLTKE:0.6271186440677966	LLNGGDGG:0.4152542372881356	AGKFSYYT:0.2288135593220339	SYYTDWVS:0.2457627118644068	GKFSYYTD:0.4152542372881356	RGNATPEQ:0.2033898305084746	ATSSLLLA:0.2542372881355932	SFSGCAAT:0.5254237288135594	QKWETFLT:0.3983050847457627	GMSMSATS:0.3898305084745763	TFLTKELP:0.635593220338983	KWETFLTK:0.3728813559322034	ATPEQMWG:0.4067796610169492	SMSATSSL:0.3983050847457627	NVVIPMEG:0.22033898305084745	CTHDLKAK:0.2457627118644068	THDLKAKL:0.22033898305084745	HDLKAKLD:0.22033898305084745	VNVVIPME:0.211864406779661	NFRNTGTH:0.211864406779661	YLLNGAGG:0.2542372881355932	GPQKWETF:0.2542372881355932	AGMSMSAT:0.3983050847457627	PTIYLLNG:0.3305084745762712	TIYLLNGA:0.2033898305084746	RPTIYLLN:0.23728813559322035	AFSYYTDW:0.2796610169491525	LNGAGGAE:0.2033898305084746	NGAGGAEQ:0.2033898305084746	KELPGPLE:0.2966101694915254	IYLLNGAG:0.211864406779661	GAFSYYTD:0.2796610169491525	NVVIPMAG:0.2711864406779661	VNVVIPMA:0.2627118644067797	PQKWETFL:0.2457627118644068	AASFSGCA:0.211864406779661	YDAAASFS:0.211864406779661	PGFYDAAA:0.22033898305084745	DAAASFSG:0.211864406779661	SGCAATSS:0.2966101694915254	TKELPGPI:0.22033898305084745	GFYDAAAS:0.22033898305084745	AAASFSGC:0.211864406779661	KELPGPIE:0.2288135593220339	FYDAAASF:0.211864406779661	GGKQMWET:0.211864406779661	KQMWETFL:0.2033898305084746	IYLLNGGD:0.2627118644067797	AIAGMSMS:0.2966101694915254	RPTGTHSW:0.23728813559322035	RAIAGMSM:0.3050847457627119	IAGMSMSA:0.3559322033898305	NVNVVIPM:0.3220338983050847	GKQMWETF:0.211864406779661	KNVNVVIP:0.2796610169491525	LGGKQMWE:0.2033898305084746	
