cluster number:28
CE1:6	CE1:6|CBM3:1
PVLYLLHG:0.6666666666666666	LFIGFSML:0.3333333333333333	INAFDNFI:0.3333333333333333	VLYLLHGI:0.6666666666666666	YIGAFSPA:0.5	LHGIGGTE:0.3333333333333333	AFDNFIND:0.5	YLLHGIGG:0.5	YNFAKRIF:0.3333333333333333	SLFIGFSM:0.3333333333333333	IGAFSPAP:0.5	TTGTTRKC:0.3333333333333333	GTTRKCYV:0.3333333333333333	MGGRESLF:0.5	LYNFAKRI:0.3333333333333333	GRESLFIG:0.5	IAGLSMGG:0.5	ESLFIGFS:0.3333333333333333	KYPVLYLL:0.5	DKKYPVLY:0.5	NINAFDNF:0.3333333333333333	LYLLHGIG:0.5	YPVLYLLH:0.6666666666666666	QENINAFD:0.3333333333333333	AIAGLSMG:0.5	LSMGGRES:0.5	NAFDNFIN:0.3333333333333333	AFSPAPGL:0.5	GGRESLFI:0.5	KKYPVLYL:0.6666666666666666	NFAKRIFK:0.3333333333333333	SMGGRESL:0.5	TAIAGLSM:0.5	FSPAPGLL:0.5	LLHGIGGT:0.5	GAFSPAPG:0.6666666666666666	GLSMGGRE:0.5	FDNFINDL:0.5	AGLSMGGR:0.5	RESLFIGF:0.5	FIGFSMLD:0.3333333333333333	SPAPGLLP:0.5	ENINAFDN:0.3333333333333333	TGTTRKCY:0.3333333333333333	PAPGLLPD:0.3333333333333333	NTAIAGLS:0.3333333333333333	YYSKTTGT:0.3333333333333333	VSYYSKTT:0.3333333333333333	FGYIGAFS:0.3333333333333333	SYYSKTTG:0.3333333333333333	GYIGAFSP:0.3333333333333333	EDKKYPVL:0.3333333333333333	AGFSMGGR:0.3333333333333333	LAGFSMGG:0.3333333333333333	
