cluster number:78
CE1:23	CE1:23|CBM20:1
LILDNLIA:0.34782608695652173	KANLILDN:0.21739130434782608	SPETAHEW:0.21739130434782608	LGLGTKEP:0.21739130434782608	VLYLQHGS:0.391304347826087	QGKANLIL:0.21739130434782608	GASVPDPG:0.5217391304347826	RAIAGLSM:0.43478260869565216	EGFHYYQL:0.43478260869565216	QVNSEGRV:0.30434782608695654	YQLNIDGA:0.43478260869565216	SFEDETGW:0.34782608695652173	PVLYLQHG:0.9130434782608695	YPQVNSEG:0.21739130434782608	GFHYYQLN:0.5652173913043478	AHEWLTWR:0.34782608695652173	QLNIDGAS:0.43478260869565216	IAGLSMGA:0.34782608695652173	LSMGANQT:0.391304347826087	DGASVPDP:0.5217391304347826	GFSGTSNY:0.30434782608695654	QDEGFHYY:0.34782608695652173	PQVNSEGR:0.30434782608695654	HGSFEDET:0.34782608695652173	FHYYQLNI:0.43478260869565216	SMGANQTM:0.34782608695652173	YGGFSGTS:0.2608695652173913	HEWLTWRR:0.34782608695652173	ASVPDPGT:0.21739130434782608	GSFEDETG:0.34782608695652173	ANLILDNL:0.34782608695652173	LQHGSFED:0.34782608695652173	VMDNGYAY:0.21739130434782608	GKANLILD:0.21739130434782608	GGFSGTSN:0.2608695652173913	GANQTMRI:0.30434782608695654	HYYQLNID:0.43478260869565216	AIAGLSMG:0.43478260869565216	VPHGLVSE:0.2608695652173913	FSGTSNYP:0.30434782608695654	YYQLNIDG:0.43478260869565216	LYLQHGSF:0.34782608695652173	PQDEGFHY:0.34782608695652173	YLQHGSFE:0.34782608695652173	TAHEWLTW:0.34782608695652173	IDGASVPD:0.391304347826087	VNSEGRVR:0.34782608695652173	GLSMGANQ:0.391304347826087	NLILDNLI:0.34782608695652173	NIDGASVP:0.391304347826087	AGLSMGAN:0.391304347826087	DEGFHYYQ:0.34782608695652173	QHGSFEDE:0.34782608695652173	RRCFVYTP:0.34782608695652173	YYGGFSGT:0.2608695652173913	LNIDGASV:0.43478260869565216	MGANQTMR:0.34782608695652173	WLGLGTKE:0.21739130434782608	RYPVLYLQ:0.5652173913043478	YPVLYLQH:0.8260869565217391	ASVPDPGS:0.30434782608695654	AGLSMGGM:0.21739130434782608	VQLDIGGV:0.2608695652173913	TGESAPQD:0.21739130434782608	AMAGLSMG:0.30434782608695654	DNLIAEGK:0.2608695652173913	RWGSGIEI:0.34782608695652173	ALKNVPHG:0.2608695652173913	VWTGESAP:0.21739130434782608	IMDNLIAE:0.30434782608695654	QLDIGGVK:0.2608695652173913	MDNLIAEG:0.2608695652173913	GVWTGESA:0.21739130434782608	KVQLDIGG:0.21739130434782608	HRAMAGLS:0.21739130434782608	DIGGVKYD:0.2608695652173913	QDVGFHYY:0.21739130434782608	PQDVGFHY:0.21739130434782608	GSGIEIPA:0.30434782608695654	RAMAGLSM:0.30434782608695654	LSMGGMQT:0.21739130434782608	LDIGGVKY:0.30434782608695654	GLSMGGMQ:0.21739130434782608	WGSGIEIP:0.34782608695652173	WTGESAPQ:0.21739130434782608	VGFHYYQL:0.21739130434782608	DVGFHYYQ:0.21739130434782608	KRYPVLYL:0.2608695652173913	TWRRSLYQ:0.21739130434782608	PMIIVMDN:0.21739130434782608	MIIVMDNG:0.21739130434782608	IIVMDNGY:0.21739130434782608	YFYGAGRW:0.21739130434782608	FYGAGRWG:0.21739130434782608	ILDNLIAA:0.21739130434782608	YGAGRWGS:0.30434782608695654	GRWGSGIE:0.2608695652173913	IVMDNGYA:0.30434782608695654	AGRWGSGI:0.2608695652173913	GAGRWGSG:0.30434782608695654	
