cluster number:38
CE1:22	CE1:22
GPWPRVAI:0.6818181818181818	WTDVWGIG:0.45454545454545453	SGLPAQCA:0.4090909090909091	DVFAGGAV:0.3181818181818182	GAVDSGLP:0.22727272727272727	PDVFAGGA:0.5	PRVAIWQG:0.7727272727272727	WPRVAIWQ:0.7727272727272727	VTGLSAGG:0.8636363636363636	TELRDQWT:0.6818181818181818	ELRDQWTD:0.5	APLVVALH:0.6363636363636364	TGLSAGGG:0.7727272727272727	RVFVTGLS:0.4090909090909091	YPDVFAGG:0.9090909090909091	AASVVQMV:0.3181818181818182	PLVVALHG:0.6363636363636364	PGYTGPWP:0.22727272727272727	ADYPDVFA:0.4090909090909091	LADYPDVF:0.4090909090909091	ADLLADYP:0.4090909090909091	TGPWPRVA:0.3181818181818182	RVAIWQGT:0.6363636363636364	AGGAVDSG:0.22727272727272727	GSNPGNLA:0.36363636363636365	RDQWTDVW:0.6363636363636364	GEAASVVQ:0.3181818181818182	FVTGLSAG:0.45454545454545453	NPGNLAMY:0.45454545454545453	VAIWQGTA:0.4090909090909091	DYPDVFAG:0.4090909090909091	ICSSYYTA:0.2727272727272727	DLLADYPD:0.4090909090909091	AVDSGLPA:0.22727272727272727	DSGLPAQC:0.2727272727272727	GGAVDSGL:0.22727272727272727	SCFSWFDS:0.22727272727272727	DQWTDVWG:0.6363636363636364	FGSNPGNL:0.5909090909090909	VFVTGLSA:0.4090909090909091	LLADYPDV:0.4090909090909091	LRDQWTDV:0.5909090909090909	YTGPWPRV:0.22727272727272727	GMGHGLAV:0.22727272727272727	VFAGGAVD:0.2727272727272727	SNPGNLAM:0.36363636363636365	FAVVFPQT:0.36363636363636365	FAGGAVDS:0.22727272727272727	QWTDVWGI:0.5	GAPLVVAL:0.5	GYTGPWPR:0.22727272727272727	PWPRVAIW:0.6818181818181818	EAASVVQM:0.3181818181818182	LSCFSWFD:0.3181818181818182	AIWQGTAD:0.4090909090909091	YVIADSGC:0.22727272727272727	LVVALHGC:0.6363636363636364	AYPDVFAG:0.5	YVTGLSAG:0.45454545454545453	AAYPDVFA:0.5454545454545454	AIWQGTSD:0.22727272727272727	ANLLAAYP:0.22727272727272727	GLSAGGGM:0.7272727272727273	NLLAAYPD:0.22727272727272727	RVYVTGLS:0.36363636363636365	ISGMGHGL:0.2727272727272727	VTGFGSNP:0.36363636363636365	LPAQCATS:0.22727272727272727	LTPAQWGD:0.3181818181818182	VNATELRD:0.45454545454545453	ATELRDQW:0.5454545454545454	LLAAYPDV:0.5	LAAYPDVF:0.5454545454545454	NATELRDQ:0.5454545454545454	QVTGFGSN:0.22727272727272727	GLPAQCAT:0.36363636363636365	AGGGMTAN:0.22727272727272727	GFGSNPGN:0.45454545454545453	VAIWQGTS:0.22727272727272727	PAQWGDKV:0.4090909090909091	LSAGGGMT:0.45454545454545453	VYVTGLSA:0.36363636363636365	PVNATELR:0.45454545454545453	AQWGDKVR:0.36363636363636365	HGLAVDPG:0.22727272727272727	AVVFPQTS:0.22727272727272727	TPAQWGDK:0.36363636363636365	SAGGGMTA:0.45454545454545453	TGFGSNPG:0.4090909090909091	CTQSASDY:0.22727272727272727	ALHGCTQS:0.5909090909090909	DVFAGGSI:0.2727272727272727	PDVFAGGS:0.36363636363636365	LHGCTQSA:0.5909090909090909	GMGHGLPV:0.2727272727272727	HGCTQSAS:0.22727272727272727	SGMGHGLP:0.22727272727272727	GCTQSASD:0.22727272727272727	HGLPVDPG:0.22727272727272727	LPAGAPLV:0.2727272727272727	GLPAGAPL:0.2727272727272727	AGAPLVVA:0.22727272727272727	GMAHGLAV:0.22727272727272727	VVALHGCT:0.5909090909090909	GSGADQCG:0.2727272727272727	QGTADTTV:0.2727272727272727	VALHGCTQ:0.5909090909090909	PGSGADQC:0.2727272727272727	WQGTADTT:0.2727272727272727	PAGAPLVV:0.2727272727272727	GGGMTADL:0.22727272727272727	AGGGMTAD:0.22727272727272727	GMTADLLA:0.2727272727272727	VWGIGQTP:0.3181818181818182	DVWGIGQT:0.36363636363636365	WGIGQTPS:0.3181818181818182	GGMTADLL:0.22727272727272727	TDVWGIGQ:0.4090909090909091	IWQGTADT:0.22727272727272727	GFAVVFPQ:0.22727272727272727	LSAGGGMA:0.2727272727272727	SAGGGMAA:0.2727272727272727	GMAADLLA:0.22727272727272727	AGGGMAAD:0.22727272727272727	GGMAADLL:0.22727272727272727	AADLLADY:0.22727272727272727	MAADLLAD:0.22727272727272727	GGGMAADL:0.22727272727272727	
