cluster number:77
CE1:6	CE1:6
RPTFYLMM:0.3333333333333333	MDRIITND:0.3333333333333333	KAAGSYSG:0.3333333333333333	NDILLPGG:0.3333333333333333	MMGADGAA:0.3333333333333333	IAGISMSG:0.5	ISMSGGPA:0.5	FKAAGSYS:0.3333333333333333	RFKAAGSY:0.3333333333333333	AAGSYSGC:0.3333333333333333	AGSYSGCP:0.3333333333333333	SMSGGPAL:0.5	LMMGADGA:0.3333333333333333	DAIAGISM:0.3333333333333333	PTFYLMMG:0.3333333333333333	SYSGCPST:0.5	LLPGGPDN:0.3333333333333333	FYLMMGAD:0.3333333333333333	DILLPGGP:0.3333333333333333	AMDRIITN:0.3333333333333333	MGADGAAG:0.3333333333333333	YEEFFADK:0.3333333333333333	GSYSGCPS:0.3333333333333333	GISMSGGP:0.5	AIAGISMS:0.5	YLMMGADG:0.3333333333333333	RDAIAGIS:0.3333333333333333	GADGAAGG:0.3333333333333333	ILLPGGPD:0.3333333333333333	GRDAIAGI:0.3333333333333333	DRIITNDI:0.3333333333333333	TFYLMMGA:0.3333333333333333	AGISMSGG:0.5	EFFADKHV:0.3333333333333333	FFADKHVN:0.5	CPSTTGVL:0.3333333333333333	FADKHVNV:0.5	SGCPSTTG:0.3333333333333333	GCPSTTGV:0.3333333333333333	EFHGNGRD:0.3333333333333333	KHVNVITP:0.3333333333333333	ADKHVNVI:0.3333333333333333	DKHVNVIT:0.3333333333333333	
