cluster number:22
CE1:124	CE1:124
SAPGMREA:0.6854838709677419	PGMREAIR:0.7016129032258065	LTLAAYHP:0.28225806451612906	TLAAYHPD:0.24193548387096775	RVVYALDG:0.24193548387096775	ALTLAAYH:0.47580645161290325	APGMREAI:0.6451612903225806	FGLSMGGS:0.23387096774193547	LAAYHPDQ:0.27419354838709675	MDPFVFAP:0.2903225806451613	PFVFAPRL:0.24193548387096775	AAYHPDQF:0.28225806451612906	DPFVFAPR:0.24193548387096775	NINVVMPV:0.20161290322580644	ALRDRLGF:0.20161290322580644	INVVMPVG:0.20161290322580644	NVVMPVGG:0.2661290322580645	MPVGGQSS:0.4112903225806452	VMPVGGQS:0.3467741935483871	LRMDPFVF:0.25806451612903225	DGLRARDD:0.23387096774193547	SGYLNISA:0.45161290322580644	LYLLDGLR:0.3709677419354839	LVMPVGGQ:0.20967741935483872	LAAYHRDQ:0.3790322580645161	ALYLLDGL:0.3709677419354839	GLSMGGSA:0.6129032258064516	VGGQSSFY:0.4838709677419355	YLLDGLRA:0.5161290322580645	WLRMDPFV:0.25806451612903225	YLNISAPG:0.43548387096774194	NISAPGMR:0.43548387096774194	LLDGLRAR:0.27419354838709675	RMDPFVFA:0.25806451612903225	AAYHRDQF:0.3790322580645161	GYLNISAP:0.45161290322580644	TLVMPVGG:0.3790322580645161	PVGGQSSF:0.4838709677419355	ISAPGMRE:0.4435483870967742	LDGLRARD:0.23387096774193547	SMGGSAAL:0.6209677419354839	LNISAPGM:0.43548387096774194	AALYLLDG:0.3387096774193548	AYHRDQFK:0.28225806451612906	LSMGGSAA:0.6129032258064516	REAIRVAM:0.3225806451612903	SGYLNLSA:0.20161290322580644	YKWETFLT:0.49193548387096775	GYLNLSAP:0.20161290322580644	NDPFVFAP:0.25	MGGSAALT:0.4596774193548387	TYKWETFL:0.45161290322580644	GMREAIRV:0.3387096774193548	ISAASGLP:0.24193548387096775	HRDQFKFA:0.3064516129032258	AALTLAAY:0.45161290322580644	MREAIRVA:0.3225806451612903	SAASGLPG:0.2903225806451613	YHRDQFKF:0.22580645161290322	GSAALTLA:0.45161290322580644	LRNDPFVF:0.29838709677419356	DAMWGPPW:0.2661290322580645	EAIRVAML:0.20161290322580644	KWETFLTQ:0.25	GGSAALTL:0.4596774193548387	YISAASGL:0.20161290322580644	RNDPFVFA:0.3064516129032258	SAALTLAA:0.45161290322580644	LGLSMGGS:0.20967741935483872	WLRNDPFV:0.41935483870967744	IKVQVQWA:0.23387096774193547	YTDWYAPS:0.21774193548387097	TDWYAPSN:0.21774193548387097	SSFYTDWY:0.25806451612903225	FYTDWYAP:0.21774193548387097	SFYTDWYA:0.21774193548387097	AWLRNDPF:0.2903225806451613	AWSFETNA:0.28225806451612906	VTLVMPVG:0.23387096774193547	PAWLRNDP:0.25806451612903225	NAWSFETN:0.28225806451612906	NVTLVMPV:0.20161290322580644	SLSGYLNI:0.20967741935483872	DRNAWSFE:0.23387096774193547	GSLSGYLN:0.25806451612903225	DQFKFAGS:0.22580645161290322	QFKFAGSL:0.20967741935483872	LSGYLNIS:0.20967741935483872	RNAWSFET:0.23387096774193547	FKFAGSLS:0.20967741935483872	AGSLSGYL:0.27419354838709675	RDQFKFAG:0.22580645161290322	FAGSLSGY:0.22580645161290322	KFAGSLSG:0.20967741935483872	NGVFGLSM:0.20161290322580644	ALANTRAF:0.20161290322580644	VFGLSMGG:0.20967741935483872	LANTRAFQ:0.22580645161290322	
