cluster number:0
CE1:334	CE1:334|GH23:1
LPVEYLQV:0.3473053892215569	SRPGLPVE:0.6047904191616766	AFSRPGLP:0.5658682634730539	GLPVEYLQ:0.3562874251497006	FSRPGLPV:0.5658682634730539	TFLTQELP:0.2934131736526946	RPGLPVEY:0.5568862275449101	GNAVVGLS:0.20658682634730538	YKWETFLT:0.8023952095808383	YLLDGLRA:0.7125748502994012	TYKWETFL:0.8173652694610778	SVVMPVGG:0.3772455089820359	WETFLTQE:0.344311377245509	VYLLDGLR:0.592814371257485	VEYLQVPS:0.3502994011976048	ETFLTQEL:0.2934131736526946	MPVGGQSS:0.7934131736526946	PVEYLQVP:0.3473053892215569	VVMPVGGQ:0.3413173652694611	VMPVGGQS:0.4880239520958084	KWETFLTQ:0.32934131736526945	PGLPVEYL:0.6137724550898204	NAVVGLSM:0.25748502994011974	LAMGDAGG:0.33532934131736525	AWKRNDPM:0.2275449101796407	SSFYSDWY:0.4041916167664671	AGAFSRPG:0.37425149700598803	VGGQSSFY:0.7395209580838323	GLAMGDAG:0.33532934131736525	ATAGAFSR:0.2874251497005988	VGLSMAGS:0.25149700598802394	KVQFQSGG:0.31137724550898205	RDIKVQFQ:0.3473053892215569	VANNTRIW:0.25149700598802394	GGQSSFYS:0.4431137724550898	MGRDIKVQ:0.3473053892215569	TAGAFSRP:0.3023952095808383	DIKVQFQS:0.26047904191616766	QSSFYSDW:0.38323353293413176	GQSSFYSD:0.38323353293413176	PVGGQSSF:0.7395209580838323	LVANNTRI:0.24850299401197604	GRDIKVQF:0.3473053892215569	IKVQFQSG:0.31137724550898205	AMGDAGGY:0.32934131736526945	ANNTRIWV:0.20059880239520958	WKRNDPMV:0.2215568862275449	IMPVGGQS:0.24550898203592814	GAFSRPGL:0.37425149700598803	GQSSFYTD:0.20059880239520958	AVYLLDGL:0.5089820359281437	GGQSSFYT:0.20059880239520958	SSFYTDWY:0.2245508982035928	LSGFLNPS:0.2874251497005988	IGLAMGDA:0.32934131736526945	QSSFYTDW:0.20059880239520958	DPAWKRND:0.20958083832335328	PACGKAGC:0.31736526946107785	GDAGGYKA:0.36227544910179643	WDINTPAF:0.4311377245508982	THSWEYWG:0.26047904191616766	IWVYCGNG:0.20958083832335328	LDGLRAQD:0.5209580838323353	GWDINTPA:0.4311377245508982	MGDAGGYK:0.4101796407185629	WETFLTSE:0.36227544910179643	TFLTSELP:0.36826347305389223	DGLRAQDD:0.5209580838323353	DINTPAFE:0.4341317365269461	NTPAFEWY:0.3083832335329341	LIGLAMGD:0.3023952095808383	NNTRIWVY:0.20059880239520958	PAWKRNDP:0.218562874251497	KWETFLTS:0.32934131736526945	LLDGLRAQ:0.5838323353293413	ETFLTSEL:0.36227544910179643	GLRAQDDF:0.20658682634730538	TRIWVYCG:0.24550898203592814	INTPAFEW:0.3562874251497006	GTHSWEYW:0.2634730538922156	VPSPSMGR:0.2694610778443114	SPSMGRDI:0.2125748502994012	PSPSMGRD:0.20958083832335328	HAVYLLDG:0.23652694610778444	NPSEGWWP:0.23353293413173654	LNPSEGWW:0.23353293413173654	SLSGFLNP:0.20059880239520958	YTYKWETF:0.23053892215568864	SMGRDIKV:0.20359281437125748	GFLNPSEG:0.2155688622754491	DDYNGWDI:0.30538922155688625	SGFLNPSE:0.2155688622754491	FLNPSEGW:0.20359281437125748	SLIGLAMG:0.2155688622754491	GPSLIGLA:0.2155688622754491	SALILAAY:0.20359281437125748	PSLIGLAM:0.2155688622754491	GLRAQDDY:0.2874251497005988	NGWDINTP:0.3562874251497006	MGPSLIGL:0.20958083832335328	PAWQRNDP:0.2245508982035928	DPAWQRND:0.20059880239520958	GLSVVMPV:0.20059880239520958	LSVVMPVG:0.20059880239520958	SGLSVVMP:0.2125748502994012	WGAQLNAM:0.2245508982035928	GAQLNAMK:0.2215568862275449	WGPSSDPA:0.24251497005988024	WVYCGNGT:0.23652694610778444	WEYWGAQL:0.2215568862275449	QDDYNGWD:0.27245508982035926	SWEYWGAQ:0.2215568862275449	YWGAQLNA:0.2245508982035928	GPSSDPAW:0.24251497005988024	HSWEYWGA:0.2245508982035928	LRAQDDYN:0.2694610778443114	EYWGAQLN:0.2125748502994012	DYNGWDIN:0.2994011976047904	AQDDYNGW:0.27844311377245506	RAQDDYNG:0.27844311377245506	YNGWDINT:0.2994011976047904	MWGPSSDP:0.24550898203592814	VYCGNGTP:0.23353293413173654	
