cluster number:9
CE1:59	CE1:59
GGAMTSVM:0.4576271186440678	FGSNPGAL:0.3898305084745763	YVTGLSAG:0.5423728813559322	AGGAMTSV:0.5084745762711864	TSVMLAAY:0.22033898305084745	VTGLSAGG:0.7457627118644068	SAGGAMTS:0.5423728813559322	MTSVMLAA:0.22033898305084745	AGLPYGCA:0.2542372881355932	TGLSAGGA:0.711864406779661	AMTSVMLA:0.4067796610169492	GLSAGGAM:0.711864406779661	LSAGGAMT:0.711864406779661	GAMTSVML:0.423728813559322	GFGSNPGA:0.2542372881355932	VAGLPYGC:0.2711864406779661	KCFNWFQA:0.2542372881355932	SVMLAAYP:0.22033898305084745	TGFGSNPG:0.3728813559322034	VTGFGSNP:0.3559322033898305	PANAPVVV:0.2542372881355932	EVTGFGSN:0.2542372881355932	MGHGQPVD:0.3050847457627119	PVVVALHG:0.4576271186440678	LPANAPVV:0.2711864406779661	RVYVTGLS:0.3559322033898305	GMGHGQPV:0.3220338983050847	VVVALHGC:0.5423728813559322	NAPVVVAL:0.2542372881355932	TGMGHGQP:0.3728813559322034	GHGQPVDP:0.3050847457627119	VYVTGLSA:0.3559322033898305	APVVVALH:0.2711864406779661	ANAPVVVA:0.2542372881355932	ALHGCTQS:0.423728813559322	TQSAQVYA:0.2542372881355932	QSAQVYAD:0.2542372881355932	TELRDQWT:0.2033898305084746	DVFSAGAV:0.22033898305084745	AVVAGLPY:0.22033898305084745	LHGCTQSA:0.423728813559322	SAQVYADN:0.2542372881355932	VVALHGCT:0.6101694915254238	PDVFSAGA:0.22033898305084745	GTPVDPGT:0.2542372881355932	CTQSAQVY:0.3050847457627119	GCTQSAQV:0.3050847457627119	ATELRDQW:0.2033898305084746	VALHGCTQ:0.6101694915254238	SICSSYWI:0.3050847457627119	NATELRDQ:0.2033898305084746	YPDVFSAG:0.22033898305084745	HGTPVDPG:0.4067796610169492	FLDSICSS:0.2033898305084746	TPVDPGTG:0.23728813559322035	RNATELRD:0.2033898305084746	ELRDQWTA:0.4576271186440678	GAVVAGLP:0.23728813559322035	VFSAGAVV:0.22033898305084745	AQVYADNS:0.288135593220339	YFLDSICS:0.2033898305084746	FSAGAVVA:0.22033898305084745	AGAVVAGL:0.23728813559322035	DSICSSYW:0.2033898305084746	VYADNSGL:0.288135593220339	DGTVAVEV:0.22033898305084745	QVYADNSG:0.288135593220339	ICSSYWIT:0.288135593220339	SAGAVVAG:0.22033898305084745	PRNATELR:0.2033898305084746	HGCTQSAQ:0.3389830508474576	PVDPGTGA:0.2033898305084746	ASIRQMVA:0.2033898305084746	IRQMVAHA:0.2033898305084746	THTLKESP:0.22033898305084745	DELRDQWT:0.23728813559322035	GQGEAASI:0.22033898305084745	NTFVTHTL:0.2542372881355932	RDQWTAVH:0.288135593220339	RGQGEAAS:0.3389830508474576	LRDQWTAV:0.288135593220339	AASIRQMV:0.2033898305084746	SIRQMVAH:0.2033898305084746	QWTAVHGL:0.22033898305084745	LAAYPDVF:0.2711864406779661	ADELRDQW:0.23728813559322035	MLAAYPDV:0.2711864406779661	FVTHTLKE:0.2542372881355932	VTHTLKES:0.22033898305084745	TFVTHTLK:0.2542372881355932	NADELRDQ:0.23728813559322035	EAASIRQM:0.23728813559322035	LYNTFVTH:0.23728813559322035	VMLAAYPD:0.3389830508474576	YNTFVTHT:0.2542372881355932	GLYNTFVT:0.2711864406779661	DQWTAVHG:0.288135593220339	GEAASIRQ:0.23728813559322035	MFRYVPDG:0.23728813559322035	LRMFRYVP:0.2033898305084746	FRYVPDGL:0.23728813559322035	RYVPDGLP:0.2711864406779661	HGQPVDPG:0.288135593220339	GHGTPVDP:0.2711864406779661	VPGIGHGT:0.2711864406779661	LHGCTQNA:0.23728813559322035	GIGHGTPV:0.2711864406779661	ALHGCTQN:0.2033898305084746	PGIGHGTP:0.2711864406779661	RVPGIGHG:0.22033898305084745	IGHGTPVD:0.2542372881355932	ITGMGHGQ:0.2033898305084746	DGLPAGRP:0.23728813559322035	YVPDGLPA:0.23728813559322035	PDGLPAGR:0.23728813559322035	VPDGLPAG:0.23728813559322035	
