cluster number:24
CBM14:6	CBM14:6
LETEPEDF:0.5	SYFNCLDA:0.3333333333333333	PEDFNCIF:0.3333333333333333	ETEPEDFN:0.6666666666666666	ELETEPED:0.5	NPDDCSSY:0.5	RPNPPDPT:0.5	FVINASRT:0.3333333333333333	PNPPDPTS:0.3333333333333333	LDAKIQCP:0.3333333333333333	DTNTMSCR:0.3333333333333333	TRPNPPDP:0.5	TMSCRTFY:0.3333333333333333	FDTNTMSC:0.3333333333333333	RFPLRNCR:0.3333333333333333	RFDTNTMS:0.3333333333333333	ERFDTNTM:0.3333333333333333	MERFDTNT:0.3333333333333333	CGTRPNPP:0.5	NCLDAKIQ:0.3333333333333333	FPLRNCRY:0.3333333333333333	CLDAKIQC:0.3333333333333333	YFNCLDAK:0.3333333333333333	HVDCGNRC:0.3333333333333333	MSCRTFYN:0.3333333333333333	EPEDFNCI:0.6666666666666666	FNCLDAKI:0.3333333333333333	NTMSCRTF:0.3333333333333333	SCRTFYNV:0.3333333333333333	GTRPNPPD:0.5	TEPEDFNC:0.6666666666666666	TNTMSCRT:0.3333333333333333	PNPDDCSS:0.3333333333333333	VINASRTP:0.3333333333333333	EDFNCIFP:0.3333333333333333	DELETEPE:0.3333333333333333	DPDDCTSY:0.3333333333333333	PDPDDCTS:0.3333333333333333	NCGTRPNP:0.3333333333333333	VNCGTRPN:0.3333333333333333	LMERFDTN:0.3333333333333333	PDELETEP:0.3333333333333333	CLGAKIQC:0.3333333333333333	PDDCSSYY:0.3333333333333333	NCLGAKIQ:0.3333333333333333	
