cluster number:2
CBM14:9	CBM14:9
AYCDTYVQ:1.0	PSCFDSKT:0.8888888888888888	SDSFCFDP:1.0	LHVCPSCF:1.0	CSDSFCFD:1.0	NLCPTGFT:1.0	MLRCSDSF:1.0	TYVQCPEK:1.0	YAILLVFL:0.8888888888888888	CNNDNNNN:1.0	WGRLPHEY:0.2222222222222222	NNDNNNNE:0.6666666666666666	PHEYDCQK:0.2222222222222222	CTVQCDNY:1.0	MSPQYAIL:0.8888888888888888	YLYAYCDT:1.0	TLNDNKCL:1.0	LPHEYDCQ:0.2222222222222222	DNYWGRLP:1.0	PTAMMLRC:1.0	PVTPPDDD:0.8888888888888888	PEIDDCVN:0.8888888888888888	KPITPDPL:0.6666666666666666	LYAYCDTY:1.0	LVYLIVAM:0.8888888888888888	HFMSKPIT:0.6666666666666666	CVNTLNDN:1.0	FCFDPEID:0.8888888888888888	CLCNNDNN:1.0	PPPPVTPP:0.8888888888888888	CQKFILCL:1.0	SCDCTVQC:1.0	SHFMSKPI:0.6666666666666666	ITPDPLPP:0.6666666666666666	DDCVNTLN:1.0	KCLCNNDN:1.0	DPLPPQPP:1.0	NDNNNNEK:0.6666666666666666	QCDNYWGR:1.0	NYWGRLPH:1.0	STSCDCTV:1.0	VYLIVAML:0.7777777777777778	PTGFTGRY:1.0	DDDNLCPT:1.0	LRCSDSFC:1.0	YVQCPEKT:1.0	PQPPPPPV:1.0	PITPDPLP:0.6666666666666666	GFTGRYLY:1.0	PEKTLHVC:1.0	LSHFMSKP:0.8888888888888888	NNNNEKFI:0.8888888888888888	PDDDDNLC:1.0	DTYVQCPE:1.0	CDTYVQCP:1.0	RLPHEYDC:0.2222222222222222	YDCQKFIL:1.0	ILLVFLVY:0.8888888888888888	NTLNDNKC:1.0	DNNNNEKF:0.6666666666666666	DDNLCPTG:1.0	SFCFDPEI:0.8888888888888888	TPDPLPPQ:0.6666666666666666	EIDDCVNT:0.8888888888888888	GRYLYAYC:1.0	TVQCDNYW:1.0	SCFDSKTQ:0.8888888888888888	FTGRYLYA:1.0	LIVAMLSH:0.7777777777777778	NNNEKFIK:0.8888888888888888	PQYAILLV:0.8888888888888888	EYDCQKFI:0.2222222222222222	DSKTQQCS:0.8888888888888888	PPDDDDNL:1.0	KTQQCSTS:0.8888888888888888	PPQPPPPP:1.0	PLPPQPPP:1.0	DCTVQCDN:1.0	DPEIDDCV:0.8888888888888888	VFLVYLIV:0.8888888888888888	DSFCFDPE:1.0	LHPTAMML:1.0	TSCDCTVQ:1.0	YLIVAMLS:0.7777777777777778	FMSKPITP:0.6666666666666666	VQCPEKTL:1.0	VQCDNYWG:1.0	CDNYWGRL:1.0	MMLRCSDS:1.0	CDCTVQCD:1.0	QCPEKTLH:1.0	YWGRLPHE:0.2222222222222222	MSKPITPD:0.6666666666666666	PPVTPPDD:0.8888888888888888	RCSDSFCF:1.0	LVFLVYLI:0.8888888888888888	PDPLPPQP:1.0	PPPPPVTP:0.8888888888888888	IDDCVNTL:0.8888888888888888	QQCSTSCD:1.0	DNLCPTGF:1.0	TGFTGRYL:1.0	TLHVCPSC:1.0	CLHPTAMM:1.0	CSTSCDCT:1.0	CFDSKTQQ:0.8888888888888888	QPPPPPVT:0.8888888888888888	FLVYLIVA:0.8888888888888888	TQQCSTSC:1.0	DCVNTLND:1.0	TGRYLYAY:1.0	LCPTGFTG:1.0	CPEKTLHV:1.0	HEYDCQKF:0.2222222222222222	SKTQQCST:0.8888888888888888	LPPQPPPP:1.0	FILCLHPT:1.0	AILLVFLV:0.8888888888888888	CPTGFTGR:1.0	QCSTSCDC:1.0	VAMLSHFM:0.7777777777777778	PPPVTPPD:0.8888888888888888	CFDPEIDD:0.8888888888888888	DCQKFILC:1.0	KFILCLHP:1.0	EKTLHVCP:1.0	VTPPDDDD:0.8888888888888888	GRLPHEYD:0.2222222222222222	CPSCFDSK:0.8888888888888888	IVAMLSHF:0.7777777777777778	KTLHVCPS:1.0	TPPDDDDN:0.8888888888888888	LCNNDNNN:1.0	SKPITPDP:0.6666666666666666	AMMLRCSD:1.0	SPQYAILL:0.8888888888888888	MLSHFMSK:0.8888888888888888	VNTLNDNK:1.0	HPTAMMLR:1.0	DDDDNLCP:1.0	VCPSCFDS:1.0	YCDTYVQC:1.0	QYAILLVF:0.8888888888888888	DNKCLCNN:1.0	LNDNKCLC:1.0	YAYCDTYV:1.0	LCLHPTAM:1.0	QKFILCLH:1.0	FDSKTQQC:0.8888888888888888	NDNKCLCN:1.0	ILCLHPTA:1.0	LLVFLVYL:0.8888888888888888	RYLYAYCD:1.0	AMLSHFMS:0.7777777777777778	NKCLCNND:1.0	TAMMLRCS:1.0	HVCPSCFD:1.0	FDPEIDDC:0.8888888888888888	GRLPHKYD:0.6666666666666666	RLPHKYDC:0.6666666666666666	WGRLPHKY:0.6666666666666666	YWGRLPHK:0.6666666666666666	PHKYDCQK:0.6666666666666666	LPHKYDCQ:0.6666666666666666	KYDCQKFI:0.6666666666666666	HKYDCQKF:0.6666666666666666	NNDNNNNN:0.2222222222222222	NNNNNEKF:0.2222222222222222	FMSKPMIP:0.3333333333333333	MSKPMIPD:0.3333333333333333	IPDPLPPQ:0.3333333333333333	KPMIPDPL:0.3333333333333333	HFMSKPMI:0.3333333333333333	MIPDPLPP:0.3333333333333333	SKPMIPDP:0.3333333333333333	PMIPDPLP:0.3333333333333333	SHFMSKPM:0.3333333333333333	
