cluster number:57
CBM14:38	CBM14:38|GH18:37|3.2.1.14:5|AA15:3
GYEIAEIA:0.2631578947368421	LDLDDFAG:0.23684210526315788	FWSYYEIC:0.3157894736842105	LKTLLAVG:0.4473684210526316	THLIYAFS:0.2631578947368421	EDKQRFTL:0.23684210526315788	REAGFWSY:0.2894736842105263	LDLDWEYP:0.631578947368421	FTNWSQYR:0.39473684210526316	YYEICTFL:0.2631578947368421	FTLLCKEL:0.2894736842105263	EIAEIAKY:0.21052631578947367	AGFWSYYE:0.2894736842105263	VCYFTNWS:0.2631578947368421	PEDKQRFT:0.3684210526315789	KTLLAVGG:0.42105263157894735	CYFTNWSQ:0.39473684210526316	RFTLLCKE:0.2894736842105263	GSPPEDKQ:0.42105263157894735	DGLDLDWE:0.6578947368421053	DLDWEYPG:0.5263157894736842	NWSQYRPG:0.2894736842105263	RLLLTAAV:0.23684210526315788	YEIAEIAK:0.2631578947368421	PPEDKQRF:0.3684210526315789	SYYEICTF:0.21052631578947367	IEDQKVPY:0.21052631578947367	QRFTLLCK:0.2631578947368421	TREAGFWS:0.2894736842105263	YFTNWSQY:0.39473684210526316	LTAAVAAG:0.23684210526315788	GLDLDWEY:0.631578947368421	KQRFTLLC:0.2631578947368421	EAGFWSYY:0.2894736842105263	RGSPPEDK:0.47368421052631576	EWNDETLY:0.2631578947368421	YEWNDETL:0.21052631578947367	DKQRFTLL:0.2631578947368421	TYEWNDET:0.21052631578947367	YEICTFLQ:0.23684210526315788	TLLAVGGW:0.4473684210526316	VMTYDFHG:0.34210526315789475	FDGLDLDW:0.6578947368421053	IAEIAKYL:0.21052631578947367	FTGHNSPL:0.2631578947368421	CTHLIYAF:0.39473684210526316	SPPEDKQR:0.3684210526315789	GFWSYYEI:0.3157894736842105	TGHNSPLY:0.4473684210526316	LCTHLIYA:0.39473684210526316	LVCYFTNW:0.39473684210526316	TNWSQYRP:0.4473684210526316	EICTFLQG:0.21052631578947367	FINVMTYD:0.2631578947368421	DFINVMTY:0.21052631578947367	LDFINVMT:0.21052631578947367	IDAGYEIA:0.39473684210526316	TYDFHGTW:0.21052631578947367	DAGYEIAE:0.34210526315789475	LAVGGWNF:0.2631578947368421	AGYEIAEI:0.23684210526315788	AVGGWNFG:0.2894736842105263	AGTYTREA:0.23684210526315788	LLAVGGWN:0.2631578947368421	YFTNWAQY:0.21052631578947367	TYTREAGF:0.23684210526315788	FVWALDLD:0.23684210526315788	CYFTNWAQ:0.21052631578947367	WALDLDDF:0.2894736842105263	FTNWAQYR:0.21052631578947367	VWALDLDD:0.2894736842105263	GFDGLDLD:0.39473684210526316	TIDAGYEI:0.2894736842105263	GTYTREAG:0.2631578947368421	YTREAGFW:0.3157894736842105	MTYDFHGT:0.21052631578947367	DQKVPYAT:0.21052631578947367	YDFHGTWE:0.21052631578947367	EYPGSRGS:0.42105263157894735	GSRGSPPE:0.34210526315789475	WEYPGSRG:0.2894736842105263	DWEYPGSR:0.3684210526315789	AGKGTIDA:0.23684210526315788	GTIDAGYE:0.23684210526315788	KGTIDAGY:0.23684210526315788	YPGSRGSP:0.42105263157894735	GKGTIDAG:0.23684210526315788	PGSRGSPP:0.39473684210526316	LDWEYPGS:0.39473684210526316	SRGSPPED:0.34210526315789475	NLKTLLAV:0.21052631578947367	HGFDGLDL:0.2894736842105263	RTHGFDGL:0.21052631578947367	FLRTHGFD:0.21052631578947367	LRTHGFDG:0.21052631578947367	THGFDGLD:0.21052631578947367	GAFVWALD:0.21052631578947367	GGAFVWAL:0.21052631578947367	FGGAFVWA:0.21052631578947367	AFVWALDL:0.21052631578947367	
