cluster number:20
CBM14:13	CBM14:13
GNIPSSYC:0.3076923076923077	DAATVDCQ:0.46153846153846156	GFAFDTTT:0.5384615384615384	KGDGAQDD:0.5384615384615384	QQFIPLYC:0.23076923076923078	GFGNIPSS:0.3076923076923077	FLIVMALV:0.46153846153846156	FWATFAKG:0.23076923076923078	CSAGFAFD:0.5384615384615384	ADLGGFGN:0.5384615384615384	AATVDCQG:0.6153846153846154	RCEDAATV:0.46153846153846156	LIVMALVA:0.46153846153846156	GQQFIPLY:0.23076923076923078	VMALVAGL:0.46153846153846156	MALVAGLM:0.5384615384615384	YCNMFYMC:0.3076923076923077	WATFAKGD:0.23076923076923078	GLMFWATF:0.23076923076923078	TTTGRCED:0.46153846153846156	VIAFLIVM:0.23076923076923078	FIPLYCSA:0.46153846153846156	IPLYCSAG:0.46153846153846156	AFLIVMAL:0.46153846153846156	DCQGRPFY:0.5384615384615384	GDGAQDDP:0.5384615384615384	RCADLGGF:0.5384615384615384	IPSSYCNM:0.3076923076923077	FAFDTTTG:0.5384615384615384	AFDTTTGR:0.5384615384615384	TFAKGDGA:0.23076923076923078	PSSYCNMF:0.3076923076923077	LMFWATFA:0.23076923076923078	ATFAKGDG:0.23076923076923078	AKGDGAQD:0.5384615384615384	LGGFGNIP:0.3076923076923077	AGLMFWAT:0.23076923076923078	GRCEDAAT:0.46153846153846156	QRCADLGG:0.5384615384615384	LVAGLMFW:0.5384615384615384	ALVAGLMF:0.5384615384615384	PLYCSAGF:0.5384615384615384	YCSAGFAF:0.5384615384615384	SAGFAFDT:0.5384615384615384	LYCSAGFA:0.5384615384615384	VAGLMFWA:0.23076923076923078	IAFLIVMA:0.23076923076923078	SYCNMFYM:0.3076923076923077	SSYCNMFY:0.3076923076923077	NIPSSYCN:0.3076923076923077	QFIPLYCS:0.46153846153846156	AGFAFDTT:0.5384615384615384	FGNIPSSY:0.3076923076923077	TGRCEDAA:0.46153846153846156	CEDAATVD:0.46153846153846156	TVDCQGRP:0.9230769230769231	TTGRCEDA:0.46153846153846156	FDTTTGRC:0.5384615384615384	VDCQGRPF:0.8461538461538461	DLGGFGNI:0.3076923076923077	EDAATVDC:0.46153846153846156	MFWATFAK:0.23076923076923078	GGFGNIPS:0.38461538461538464	ATVDCQGR:0.6153846153846154	IVMALVAG:0.46153846153846156	DTTTGRCE:0.5384615384615384	FAKGDGAQ:0.5384615384615384	CADLGGFG:0.5384615384615384	NKFYMCAG:0.3076923076923077	NVPSSYCN:0.23076923076923078	DGAQDDPL:0.46153846153846156	VPSSYCNK:0.23076923076923078	PSSYCNKF:0.23076923076923078	GNVPSSYC:0.23076923076923078	GFGNVPSS:0.23076923076923078	AQDDPLQR:0.46153846153846156	LGGFGNVP:0.23076923076923078	GGFGNVPS:0.23076923076923078	DDPLQRCA:0.46153846153846156	SSYCNKFY:0.23076923076923078	CNKFYMCA:0.3076923076923077	SYCNKFYM:0.23076923076923078	QDDPLQRC:0.46153846153846156	FGNVPSSY:0.23076923076923078	YCNKFYMC:0.38461538461538464	GAQDDPLQ:0.46153846153846156	SFAKGDGA:0.3076923076923077	PLQRCADL:0.38461538461538464	FWVSFAKG:0.3076923076923077	GHQFIPLY:0.23076923076923078	LQRCADLG:0.46153846153846156	WVSFAKGD:0.3076923076923077	KFVLAFLI:0.23076923076923078	GLMFWVSF:0.3076923076923077	LMFWVSFA:0.3076923076923077	VAGLMFWV:0.3076923076923077	LAFLIVMA:0.23076923076923078	DPLQRCAD:0.38461538461538464	AGLMFWVS:0.3076923076923077	VLAFLIVM:0.23076923076923078	FVLAFLIV:0.23076923076923078	VSFAKGDG:0.3076923076923077	MKFVLAFL:0.23076923076923078	MFWVSFAK:0.3076923076923077	HQFIPLYC:0.23076923076923078	DLGGFGNV:0.23076923076923078	YCDKFYMC:0.23076923076923078	DCQGRPFL:0.3076923076923077	DYTTGQCA:0.23076923076923078	YDYTTGQC:0.23076923076923078	QGRPFLRL:0.23076923076923078	AYDYTTGQ:0.23076923076923078	DYCDKFYM:0.23076923076923078	CQGRPFLR:0.23076923076923078	SDYCDKFY:0.23076923076923078	SGFAYDYT:0.23076923076923078	FAYDYTTG:0.23076923076923078	NNVLQRCA:0.23076923076923078	NVLQRCAD:0.23076923076923078	GFAYDYTT:0.23076923076923078	GLAIPLYC:0.23076923076923078	
