cluster number:25
CBM14:23	CBM14:23
PHKVQMFC:0.30434782608695654	RMYRNLLL:0.43478260869565216	DKICPKGY:0.2608695652173913	CTARMYRN:0.43478260869565216	GLNADPYD:0.391304347826087	ELNHEFDL:0.2608695652173913	KGYFGLNA:0.21739130434782608	LNADPYDC:0.391304347826087	QMFCELNH:0.21739130434782608	PKGYFGLN:0.21739130434782608	KICPKGYF:0.2608695652173913	NHEFDLDS:0.5217391304347826	YFGLNADP:0.7391304347826086	LNHEFDLD:0.2608695652173913	GCTARMYR:0.43478260869565216	MFCELNHE:0.21739130434782608	CPKGYFGL:0.21739130434782608	TARMYRNL:0.43478260869565216	PYDCTAYY:0.2608695652173913	ARMYRNLL:0.4782608695652174	ADPYDCTA:0.21739130434782608	FGLNADPY:0.43478260869565216	NADPYDCT:0.21739130434782608	HKVQMFCE:0.30434782608695654	HEFDLDSA:0.782608695652174	DPYDCTAY:0.2608695652173913	GYFGLNAD:0.7391304347826086	ICPKGYFG:0.2608695652173913	CPHKVQMF:0.30434782608695654	EFDLDSAS:0.5652173913043478	FDLDSASC:0.5652173913043478	FCELNHEF:0.2608695652173913	CELNHEFD:0.2608695652173913	VLLKVLIF:0.5217391304347826	ARLYRNLL:0.391304347826087	DLDSASCV:0.391304347826087	ICPRGYFG:0.43478260869565216	GAGCTARL:0.21739130434782608	RLYRNLLL:0.391304347826087	LFLVLLKV:0.4782608695652174	RLNEMHVD:0.21739130434782608	AGCTARLY:0.21739130434782608	DSASCVPI:0.391304347826087	ASCVPIEY:0.2608695652173913	SASCVPIE:0.2608695652173913	LVLLKVLI:0.5217391304347826	CTARLYRN:0.391304347826087	TARLYRNL:0.391304347826087	FLVLLKVL:0.5217391304347826	RGYFGLNA:0.43478260869565216	GCTARLYR:0.391304347826087	CPRGYFGL:0.43478260869565216	PRGYFGLN:0.43478260869565216	AYYMCPHK:0.43478260869565216	KICPRGYF:0.34782608695652173	LDSASCVP:0.391304347826087	LIFKRLNE:0.391304347826087	VLIFKRLN:0.4782608695652174	DLDSATCV:0.21739130434782608	LKVLIFKR:0.4782608695652174	LDSATCVP:0.2608695652173913	LLKVLIFK:0.4782608695652174	GNGCTARM:0.21739130434782608	ILLVLFLV:0.391304347826087	LVLFLVLL:0.391304347826087	DSHHNKIC:0.30434782608695654	NGCTARMY:0.2608695652173913	IFKRLNEM:0.391304347826087	FDLDSATC:0.21739130434782608	FKRLNEMH:0.391304347826087	AYYMCPHR:0.2608695652173913	DSATCVPI:0.21739130434782608	LLVLFLVL:0.391304347826087	KVLIFKRL:0.4782608695652174	PNHEFDLD:0.30434782608695654	MILLVLFL:0.43478260869565216	VLFLVLLK:0.391304347826087	SHHNKICP:0.30434782608695654	EFDLDSAT:0.21739130434782608	LDSHHNKI:0.2608695652173913	HNKICPRG:0.2608695652173913	HHNKICPR:0.2608695652173913	HLDSHHNK:0.2608695652173913	MHLDSHHN:0.30434782608695654	DCNAYYMC:0.30434782608695654	DPFDCNAY:0.30434782608695654	GHEFDLDS:0.2608695652173913	NAYYMCPH:0.34782608695652173	ADPFDCNA:0.2608695652173913	CVPIEYDC:0.21739130434782608	PFDCNAYY:0.30434782608695654	GLNADPFD:0.30434782608695654	LNADPFDC:0.30434782608695654	CNAYYMCP:0.34782608695652173	NKICPRGY:0.2608695652173913	FGLNADPF:0.30434782608695654	FDCNAYYM:0.30434782608695654	NADPFDCN:0.2608695652173913	PGHEFDLD:0.2608695652173913	LIFKKMNQ:0.21739130434782608	VLIFKKMN:0.21739130434782608	KVLIFKKM:0.21739130434782608	NEMHLDSH:0.2608695652173913	DPGHEFDL:0.21739130434782608	EMHLDSHH:0.2608695652173913	LNEMHLDS:0.2608695652173913	RLNEMHLD:0.2608695652173913	KRLNEMHL:0.2608695652173913	YYMCPHKV:0.2608695652173913	FCDPGHEF:0.21739130434782608	MFCDPGHE:0.21739130434782608	
