cluster number:9
CBM14:15	CBM14:15
CPATLHFN:1.0	SNSTLSPV:0.4	TPAPIVNT:0.2	SPIVNTTT:0.3333333333333333	APIVNITT:0.3333333333333333	TTTPIPIV:0.3333333333333333	TLHFNKDL:1.0	TTTPAPIV:0.3333333333333333	ITTLAPIV:0.3333333333333333	PVPITTTP:0.3333333333333333	DLQVCDYP:1.0	FNKDLQVC:1.0	NNTTPALI:0.4666666666666667	NTTTLSPI:0.3333333333333333	VNTTTLSP:0.4	PIVNNTTP:0.7333333333333333	NKDLQVCD:1.0	NAHCVISN:1.0	PIPIVNNT:0.7333333333333333	DCGSFFMC:0.8	CGSFFMCI:0.8	DYPANAHC:1.0	LSPVPITT:0.3333333333333333	PANAHCVI:1.0	APIVNTTT:0.2	VDCGSFFM:0.8	HCVISNST:1.0	MCILGGEA:0.3333333333333333	TLSPVPIT:0.3333333333333333	ISNSTLSP:0.4	GEAVLQYC:1.0	IVNTTTLS:0.4	NTTTPAPI:0.3333333333333333	TLSPIVNT:0.3333333333333333	VLQYCPAT:1.0	IVNITTLA:0.3333333333333333	CDYPANAH:1.0	NTTPALIV:0.4666666666666667	ANAHCVIS:1.0	FFMCILGG:0.3333333333333333	NSTLSPVP:0.4	IVNTTTPA:0.3333333333333333	TTLSPIVN:0.3333333333333333	ILGGEAVL:0.3333333333333333	TPAPIVNI:0.3333333333333333	TTPALIVN:0.4666666666666667	LSPIVNTT:0.3333333333333333	GSFFMCIL:0.3333333333333333	VNITTLAP:0.3333333333333333	ITTTPIPI:0.3333333333333333	HFNKDLQV:1.0	SPVPITTT:0.3333333333333333	QYCPATLH:1.0	LGGEAVLQ:0.3333333333333333	YCPATLHF:1.0	TTPAPIVN:0.4666666666666667	PALIVNTT:0.4666666666666667	TPALIVNT:0.4666666666666667	GGEAVLQY:1.0	PIVNITTL:0.3333333333333333	ALIVNTTT:0.4666666666666667	IVNNTTPA:0.7333333333333333	VNTTTPAP:0.3333333333333333	PAPIVNIT:0.3333333333333333	EAVLQYCP:1.0	ATLHFNKD:1.0	FMCILGGE:0.3333333333333333	CILGGEAV:0.3333333333333333	NITTLAPI:0.3333333333333333	PIVNTTTL:0.2	PVDCGSFF:0.8	PAPIVNTT:0.2	PITTTPIP:0.3333333333333333	CVISNSTL:0.4	STLSPVPI:0.3333333333333333	IPIVNNTT:0.7333333333333333	LQYCPATL:1.0	VCDYPANA:1.0	AVLQYCPA:1.0	AHCVISNS:1.0	KDLQVCDY:1.0	PATLHFNK:1.0	VNNTTPAL:0.5333333333333333	PIVNTTTP:0.3333333333333333	LQVCDYPA:1.0	TTPIPIVN:0.3333333333333333	QVCDYPAN:1.0	YPANAHCV:1.0	VPITTTPI:0.3333333333333333	TPIPIVNN:0.7333333333333333	VISNSTLS:0.4	LHFNKDLQ:1.0	LIVNTTTL:0.4666666666666667	SFFMCILG:0.3333333333333333	TTTLSPIV:0.3333333333333333	SVQCVPLF:0.5333333333333333	LPNPVDCG:0.7333333333333333	NPVDCGSF:0.7333333333333333	LFNQAPPA:0.6	CPDPPGQY:0.6666666666666666	PGQYPLLL:0.7333333333333333	TTLAVVIL:0.5333333333333333	TLAVVILA:0.5333333333333333	PNPVDCGS:0.7333333333333333	FNQAPPAV:0.6	DPPGQYPL:0.7333333333333333	GSRLLKHT:0.5333333333333333	PPGQYPLL:0.7333333333333333	VVILASVQ:0.5333333333333333	GQYPLLLP:0.7333333333333333	PDPPGQYP:0.6666666666666666	VILASVQC:0.5333333333333333	LLPNPVDC:0.8666666666666667	RLLKHTTL:0.5333333333333333	QCVPLFNQ:0.6	VQCVPLFN:0.5333333333333333	KHTTLAVV:0.5333333333333333	LLKHTTLA:0.5333333333333333	ASVQCVPL:0.5333333333333333	VCPDPPGQ:0.2	VPLFNQAP:0.6	PLFNQAPP:0.6	YPLLLPNP:0.8666666666666667	HTTLAVVI:0.5333333333333333	LLLPNPVD:0.8666666666666667	AVVILASV:0.5333333333333333	PLLLPNPV:0.8666666666666667	LASVQCVP:0.5333333333333333	ILASVQCV:0.5333333333333333	CVPLFNQA:0.6	QYPLLLPN:0.8666666666666667	LAVVILAS:0.5333333333333333	QAPPAVTD:0.5333333333333333	SRLLKHTT:0.5333333333333333	MVGSRLLK:0.5333333333333333	NQAPPAVT:0.6	VGSRLLKH:0.5333333333333333	LKHTTLAV:0.5333333333333333	NTPIPIVN:0.6	CIWGGEAV:0.6666666666666666	CVISNSTS:0.6	IWGGEAVL:0.6666666666666666	SNSTSSPV:0.6	SSPVPITN:0.6	GSFFMCIW:0.4666666666666667	SPVPITNT:0.6	FMCIWGGE:0.6666666666666666	STSSPVPI:0.6	ITNTPIPI:0.6	TSSPVPIT:0.6	PVPITNTP:0.6	FFMCIWGG:0.6666666666666666	SFFMCIWG:0.6666666666666666	VISNSTSS:0.6	MCIWGGEA:0.6666666666666666	VPITNTPI:0.6	PITNTPIP:0.6	WGGEAVLQ:0.6666666666666666	TNTPIPIV:0.6	ISNSTSSP:0.6	NSTSSPVP:0.6	LPNPVDCS:0.2	PNPVDCSS:0.2	VTDLCPDP:0.4666666666666667	CSSFFMCI:0.2	PAVTDLCP:0.4666666666666667	DLCPDPPG:0.4666666666666667	PVDCSSFF:0.2	DCSSFFMC:0.2	SSFFMCIW:0.2	PPAVTDLC:0.4666666666666667	LCPDPPGQ:0.4666666666666667	TDLCPDPP:0.4666666666666667	NPVDCSSF:0.2	AVTDLCPD:0.4666666666666667	VDCSSFFM:0.2	APPAVTDL:0.4666666666666667	
