cluster number:16
CBM14:9	CBM14:9
GYYGSVAD:0.3333333333333333	YGSVADPF:0.3333333333333333	YYGSVADP:0.3333333333333333	CPEGIKFY:0.3333333333333333	EGIKFYCD:0.2222222222222222	ADPFECDS:0.2222222222222222	KCPEGIKF:0.3333333333333333	SVADPFEC:0.3333333333333333	GSVADPFE:0.3333333333333333	MDLLNFST:0.2222222222222222	NGYYGSVA:0.3333333333333333	RVCVNGYY:0.2222222222222222	PEGIKFYC:0.3333333333333333	KNLQKQTW:0.4444444444444444	FIIIKVII:0.3333333333333333	CVNGYYGS:0.3333333333333333	IIKVIIYY:0.2222222222222222	IKNLQKQT:0.2222222222222222	VNGYYGSV:0.3333333333333333	DRVCVNGY:0.2222222222222222	ETASRRLL:0.2222222222222222	VCVNGYYG:0.2222222222222222	TASRRLLD:0.3333333333333333	VADPFECD:0.5555555555555556	IIIKVIIY:0.3333333333333333	DPFECDSY:0.2222222222222222	IIIYHGMK:0.2222222222222222	IVIKIIIY:0.2222222222222222	TWFMERLC:0.3333333333333333	MERLCVNG:0.3333333333333333	KQTWFMER:0.3333333333333333	LCVNGYYG:0.4444444444444444	QKQTWFME:0.3333333333333333	RLCVNGYY:0.4444444444444444	QTWFMERL:0.3333333333333333	DPFECDAY:0.5555555555555556	WFMERLCV:0.3333333333333333	FMERLCVN:0.3333333333333333	KIIIYHGM:0.2222222222222222	IIYHGMKN:0.2222222222222222	ERLCVNGY:0.4444444444444444	ADPFECDA:0.4444444444444444	IKIIIYHG:0.3333333333333333	VIKIIIYH:0.2222222222222222	PFECDAYY:0.5555555555555556	LFIIIKII:0.2222222222222222	FIIIKIII:0.2222222222222222	CDAYYHCP:0.3333333333333333	IIIKIIIY:0.2222222222222222	FECDAYYH:0.2222222222222222	AYYHCPEG:0.3333333333333333	NLQKQTWF:0.2222222222222222	DAYYHCPE:0.3333333333333333	ECDAYYHC:0.2222222222222222	KLQKQTWF:0.2222222222222222	LQKQTWFM:0.2222222222222222	KKLQKQTW:0.2222222222222222	YYKCPEGI:0.2222222222222222	EGIKFFCD:0.2222222222222222	CPEGIKFF:0.2222222222222222	PEGIKFFC:0.2222222222222222	YKCPEGIK:0.2222222222222222	
