cluster number:38
CBM14:18	CBM14:18|GH18:18|3.2.1.14:1
PYLDLEDN:0.2222222222222222	VGINAPLY:0.2222222222222222	IIDPYLDL:0.2777777777777778	LDLDWEYP:0.2777777777777778	KKFNALKL:0.2222222222222222	DLINVMAY:0.2222222222222222	RIIDPYLD:0.2777777777777778	DPYLDLED:0.2222222222222222	AYDLHGPW:0.2222222222222222	AVGGWNEG:0.2777777777777778	MAYDLHGP:0.2222222222222222	YGRSFTLA:0.2222222222222222	DGLDLDWE:0.2777777777777778	VGGWNEGS:0.4444444444444444	NALKLKNP:0.2222222222222222	GINAPLYA:0.2222222222222222	PFYGRSFT:0.2222222222222222	YLDLINVM:0.2222222222222222	FYGRSFTL:0.2222222222222222	GLDLDWEY:0.2777777777777778	NVMAYDLH:0.3333333333333333	GGWNEGSK:0.2222222222222222	VPFYGRSF:0.2222222222222222	DPFLCTHL:0.2777777777777778	LDLINVMA:0.2222222222222222	INVMAYDL:0.3333333333333333	IDPFLCTH:0.3888888888888889	FNALKLKN:0.2222222222222222	LINVMAYD:0.2222222222222222	FDGLDLDW:0.2777777777777778	VMAYDLHG:0.3333333333333333	GVPFYGRS:0.2222222222222222	IDPYLDLE:0.3333333333333333	FINVMTYD:0.3333333333333333	INVMTYDF:0.2222222222222222	WSLESDDF:0.2777777777777778	DWEYPAQR:0.3888888888888889	TLVAIGGW:0.2777777777777778	DLDWEYPA:0.3888888888888889	FDGFDLDW:0.3888888888888889	LDWEYPAQ:0.3333333333333333	FDLDWEYP:0.3888888888888889	LGYNEICE:0.2222222222222222	GFDLDWEY:0.3888888888888889	AIGGWNEG:0.5	GWNEGSTT:0.2222222222222222	IGGWNEGS:0.5	WEYPAQRG:0.2222222222222222	DGFDLDWE:0.3888888888888889	WSLETDDF:0.2222222222222222	VAIGGWNE:0.2777777777777778	EYPAQRGG:0.2222222222222222	LVAIGGWN:0.2777777777777778	NAPLYASS:0.2222222222222222	GYNEICEK:0.2222222222222222	GGWNEGST:0.2777777777777778	KTLVAIGG:0.2777777777777778	GFDGFDLD:0.3333333333333333	DWEYPGQR:0.3333333333333333	DLDWEYPG:0.3888888888888889	WEYPGQRG:0.2222222222222222	EYPGQRGG:0.2222222222222222	LDWEYPGQ:0.3333333333333333	
