cluster number:8
CBM14:7	CBM14:7
VCTNGYYG:0.5714285714285714	PTFVFIVL:0.2857142857142857	KIMIFHGL:0.8571428571428571	CDQGQEFD:0.5714285714285714	SRLMRRLL:0.5714285714285714	SCPQGIKL:0.7142857142857143	IFHGLKNL:0.7142857142857143	MIFHGLKN:0.7142857142857143	DGCYSRLM:0.5714285714285714	YSCPQGIK:0.7142857142857143	IMIFHGLK:0.7142857142857143	IVVKIMIF:0.7142857142857143	DPFECDAY:0.8571428571428571	VKIMIFHG:0.8571428571428571	GQEFDPDK:0.7142857142857143	VDGCYSRL:0.5714285714285714	EVDGCYSR:0.5714285714285714	TFVFIVLI:0.2857142857142857	LIVVKIMI:0.7142857142857143	FIVLIVVK:0.2857142857142857	VLIVVKIM:0.42857142857142855	YSRLMRRL:0.5714285714285714	VFIVLIVV:0.2857142857142857	QGQEFDPD:0.7142857142857143	VVKIMIFH:0.8571428571428571	IKLYCDQG:0.5714285714285714	GIKLYCDQ:0.5714285714285714	CDAYYSCP:1.0	KLYCDQGQ:0.5714285714285714	ADPFECDA:0.2857142857142857	AYYSCPQG:0.8571428571428571	QEFDPDKC:0.7142857142857143	CPQGIKLY:0.5714285714285714	YCDQGQEF:0.5714285714285714	DQGQEFDP:0.5714285714285714	YYSCPQGI:0.7142857142857143	DAYYSCPQ:1.0	FHGLKNLQ:0.7142857142857143	ECDAYYSC:0.8571428571428571	RLMRRLLL:0.5714285714285714	TNGYYGLT:0.5714285714285714	PQGIKLYC:0.5714285714285714	CYSRLMRR:0.5714285714285714	LYCDQGQE:0.5714285714285714	CTNGYYGL:0.5714285714285714	IVLIVVKI:0.2857142857142857	FECDAYYS:0.8571428571428571	GCYSRLMR:0.5714285714285714	HGLKNLQQ:0.7142857142857143	FVFIVLIV:0.2857142857142857	QGIKLYCD:0.5714285714285714	PFECDAYY:0.8571428571428571	KNLQQKQW:0.7142857142857143	CVNGYYGL:0.2857142857142857	WLIDRVCT:0.2857142857142857	PDKCSCVP:0.42857142857142855	VPIDEVDG:0.42857142857142855	DEVDGCYS:0.42857142857142855	KQWLIDRV:0.2857142857142857	MDIFTFPT:0.7142857142857143	TMDPFECD:0.42857142857142855	IDEVDGCY:0.42857142857142855	FVILIVVK:0.2857142857142857	FPTFVFVI:0.2857142857142857	FVFVILIV:0.2857142857142857	QQKQWLID:0.42857142857142855	IDRVCTNG:0.2857142857142857	TFPTFVFV:0.2857142857142857	KCSCVPID:0.42857142857142855	VILIVVKI:0.2857142857142857	EFDPDKCS:0.42857142857142855	QWLIDRVC:0.2857142857142857	LTMDPFEC:0.42857142857142855	DPDKCSCV:0.42857142857142855	GLTMDPFE:0.42857142857142855	RVCTNGYY:0.42857142857142855	DRVCTNGY:0.42857142857142855	LKNLQQKQ:0.5714285714285714	QKQWLIDR:0.2857142857142857	DIFTFPTF:0.42857142857142855	CSCVPIDE:0.42857142857142855	TFVFVILI:0.2857142857142857	YYGLTMDP:0.42857142857142855	GLKNLQQK:0.5714285714285714	NLQQKQWL:0.5714285714285714	LIDRVCTN:0.2857142857142857	VFVILIVV:0.2857142857142857	MDPFECDA:0.42857142857142855	FDPDKCSC:0.42857142857142855	FTFPTFVF:0.42857142857142855	LQQKQWLI:0.42857142857142855	GYYGLTMD:0.42857142857142855	PTFVFVIL:0.2857142857142857	DKCSCVPI:0.42857142857142855	YGLTMDPF:0.42857142857142855	PIDEVDGC:0.42857142857142855	ILIVVKIM:0.2857142857142857	NGYYGLTM:0.42857142857142855	SCVPIDEV:0.42857142857142855	IFTFPTFV:0.42857142857142855	CVPIDEVD:0.42857142857142855	NGYYGLTS:0.2857142857142857	GYYGLTSD:0.2857142857142857	YGLTSDPF:0.2857142857142857	YYGLTSDP:0.2857142857142857	
