cluster number:48
CBM14:6	CBM14:6
DCPDGLHF:0.3333333333333333	LNYTVHLP:0.3333333333333333	NYTVHLPH:0.3333333333333333	KFYKCDHG:0.3333333333333333	CPDGLHFN:0.3333333333333333	TKFYKCDH:0.3333333333333333	YKCDHGKK:0.3333333333333333	TKFYKCDN:0.3333333333333333	CDNGKKVE:0.3333333333333333	GKKVEFDC:0.3333333333333333	PLNYTVHL:0.3333333333333333	FYKCDNGK:0.3333333333333333	SDCTKFYK:0.3333333333333333	CTKFYKCD:0.3333333333333333	TDCTKFYK:0.3333333333333333	ESDCTKFY:0.3333333333333333	DCTKFYKC:0.5	KFYKCDNG:0.3333333333333333	YKCDNGKK:0.3333333333333333	FYKCDHGK:0.3333333333333333	KKVEFDCP:0.3333333333333333	DNGKKVEF:0.3333333333333333	NGKKVEFD:0.3333333333333333	HESDCTKF:0.3333333333333333	KCDNGKKV:0.3333333333333333	CPSGLHFN:0.3333333333333333	FDCPSGLH:0.3333333333333333	PSGLHFNP:0.3333333333333333	DCPSGLHF:0.3333333333333333	LLPMFGSC:0.3333333333333333	YPKIAKCQ:0.3333333333333333	NMMFLVMD:0.3333333333333333	MFLVMDCP:0.3333333333333333	DYPKIAKC:0.3333333333333333	MMFLVMDC:0.3333333333333333	CDYPKIAK:0.3333333333333333	RCDYPKIA:0.3333333333333333	
