cluster number:51
CBM14:14	CBM14:14
CPEGLAFS:0.21428571428571427	TYRCEWPD:0.21428571428571427	EEKLCPDG:0.35714285714285715	EKLCPDGL:0.5714285714285714	CQKYFLCI:0.21428571428571427	FTCPEGLA:0.21428571428571427	RCEWPDQV:0.21428571428571427	AEEKLCPD:0.35714285714285715	CPHQFGYF:0.2857142857142857	DCPHQFGY:0.21428571428571427	DAEAFLGF:0.5	PEGLAFSS:0.21428571428571427	TCPEGLAF:0.21428571428571427	DCDAEAFL:0.2857142857142857	CDAEAFLG:0.5	PHQFGYYR:0.21428571428571427	KLCPDGLL:0.42857142857142855	FSYPCQYP:0.21428571428571427	LCPDGLLF:0.5	CPEGLAFN:0.5714285714285714	FDCPEGLA:0.5	DCPEGLAF:0.35714285714285715	CPDGLLFN:0.42857142857142855	AFLGFTCP:0.2857142857142857	PEGLAFNE:0.2857142857142857	EAFLGFTC:0.21428571428571427	RCDWPDQV:0.21428571428571427	CPHQFGYY:0.21428571428571427	AEAFLGFT:0.21428571428571427	IFDCPEGL:0.21428571428571427	VNGHPRLY:0.21428571428571427	CKKYFVCV:0.21428571428571427	YFVCVNGH:0.21428571428571427	KYFVCVNG:0.21428571428571427	YQCDWPDL:0.21428571428571427	HPRLYNCG:0.21428571428571427	QCDWPDLV:0.21428571428571427	NGHPRLYN:0.21428571428571427	FVCVNGHP:0.21428571428571427	CPRQFGFY:0.21428571428571427	KCPEGLAF:0.21428571428571427	PRQFGFYP:0.21428571428571427	VCVNGHPR:0.21428571428571427	TCKKYFVC:0.21428571428571427	GHPRLYNC:0.21428571428571427	RLQPANGT:0.21428571428571427	TKCPEGLA:0.21428571428571427	CVNGHPRL:0.21428571428571427	KKYFVCVN:0.21428571428571427	GRGFVFDC:0.21428571428571427	EAFLGFRC:0.2857142857142857	AFLGFRCP:0.2857142857142857	AEAFLGFR:0.2857142857142857	SHCGQFMN:0.21428571428571427	HCGQFMNC:0.21428571428571427	RGFVFDCP:0.21428571428571427	ICIEGRPR:0.21428571428571427	ECPHQFGY:0.2857142857142857	TDECPHQF:0.2857142857142857	DECPHQFG:0.2857142857142857	
