cluster number:7
CBM14:12	CBM14:12
GLNADPFD:0.5	LNADPFDC:0.5	NADPFDCN:0.5	LLLALFII:0.6666666666666666	LLALFIIV:0.5	WLLLALFI:0.75	LALFIIVK:0.5	ALFIIVKL:0.5	MWLLLALF:0.75	CNAYYMCP:0.5833333333333334	DPFDCNAY:0.5	MQNLQVDM:0.3333333333333333	KIKFYCPR:0.3333333333333333	FYCPRNYQ:0.3333333333333333	YNYRNLLL:0.3333333333333333	YYMCPEKI:0.25	YNGLNADP:0.4166666666666667	DCNAYYMC:0.5	LETGCIGY:0.3333333333333333	TGCIGYNY:0.3333333333333333	LLVYHKMQ:0.4166666666666667	SLETGCIG:0.3333333333333333	CIGYNYRN:0.3333333333333333	RNYQFNLD:0.4166666666666667	IKFYCPRN:0.3333333333333333	MHHHKLCP:0.4166666666666667	GYNGLNAD:0.4166666666666667	HHKLCPAG:0.4166666666666667	YCPRNYQF:0.4166666666666667	QGCQPDSL:0.3333333333333333	HKLCPAGY:0.4166666666666667	DMHHHKLC:0.4166666666666667	AYYMCPEK:0.25	DAQGCQPD:0.3333333333333333	QFNLDAQG:0.3333333333333333	NAYYMCPE:0.3333333333333333	FIIVKLLV:0.4166666666666667	NYQFNLDA:0.4166666666666667	PDSLETGC:0.3333333333333333	PRNYQFNL:0.4166666666666667	QPDSLETG:0.3333333333333333	VYHKMQNL:0.4166666666666667	NLDAQGCQ:0.3333333333333333	QNLQVDMH:0.3333333333333333	LDAQGCQP:0.3333333333333333	KLLVYHKM:0.4166666666666667	AQGCQPDS:0.3333333333333333	NGLNADPF:0.4166666666666667	NLQVDMHH:0.3333333333333333	GCIGYNYR:0.3333333333333333	ADPFDCNA:0.4166666666666667	CPRNYQFN:0.4166666666666667	YQFNLDAQ:0.3333333333333333	LCPAGYNG:0.4166666666666667	PFDCNAYY:0.4166666666666667	GYNYRNLL:0.3333333333333333	FNLDAQGC:0.3333333333333333	IIVKLLVY:0.3333333333333333	HKMQNLQV:0.3333333333333333	LFIIVKLL:0.4166666666666667	IVKLLVYH:0.3333333333333333	YMCPEKIK:0.25	QVDMHHHK:0.3333333333333333	CQPDSLET:0.3333333333333333	ETGCIGYN:0.3333333333333333	HHHKLCPA:0.4166666666666667	AGYNGLNA:0.4166666666666667	PAGYNGLN:0.4166666666666667	KFYCPRNY:0.3333333333333333	YHKMQNLQ:0.4166666666666667	CPAGYNGL:0.4166666666666667	FDCNAYYM:0.4166666666666667	DSLETGCI:0.3333333333333333	KMQNLQVD:0.3333333333333333	LVYHKMQN:0.4166666666666667	KLCPAGYN:0.4166666666666667	VKLLVYHK:0.4166666666666667	VDMHHHKL:0.3333333333333333	IGYNYRNL:0.3333333333333333	LQVDMHHH:0.3333333333333333	GCQPDSLE:0.3333333333333333	
