cluster number:14
CBM14:11	CBM14:11
VFHKMQKL:0.36363636363636365	CPNGYHGL:0.2727272727272727	VKLLVFHK:0.6363636363636364	DPFDCNAY:0.45454545454545453	VVKLLVFH:0.5454545454545454	LVFHKMQK:0.36363636363636365	LLVFHKMQ:0.6363636363636364	IVVKLLVF:0.7272727272727273	KLLVFHKM:0.7272727272727273	FIVVKLLV:0.7272727272727273	MWLLLAIF:0.2727272727272727	WLLLAIFI:0.2727272727272727	QLCPAGYH:0.2727272727272727	NAYHVCPQ:0.2727272727272727	FCGADEQF:0.2727272727272727	PASTPGGC:0.2727272727272727	CFCGADEQ:0.2727272727272727	LAFFIVVK:0.45454545454545453	MWLLLAFF:0.45454545454545453	HLKQLCPA:0.2727272727272727	HGLVEDPF:0.36363636363636365	FHKMQKLQ:0.2727272727272727	CNAYHVCP:0.2727272727272727	EDPFDCNA:0.36363636363636365	VEDPFDCN:0.36363636363636365	CGADEQFD:0.2727272727272727	AYHVCPQT:0.2727272727272727	CVDRRVRA:0.2727272727272727	PAGYHGLV:0.36363636363636365	KQLCPAGY:0.2727272727272727	GADEQFDL:0.2727272727272727	PQTSQCFC:0.2727272727272727	QSCVPAST:0.2727272727272727	VDRRVRAL:0.2727272727272727	FDCNAYHV:0.2727272727272727	TPGGCVDR:0.2727272727272727	HVCPQTSQ:0.2727272727272727	KMQKLQLN:0.2727272727272727	SQCFCGAD:0.2727272727272727	PFDCNAYH:0.36363636363636365	HKMQKLQL:0.2727272727272727	VCPQTSQC:0.2727272727272727	CPQTSQCF:0.2727272727272727	LKQLCPAG:0.2727272727272727	AQSCVPAS:0.2727272727272727	LLAFFIVV:0.45454545454545453	LCPAGYHG:0.36363636363636365	CVPASTPG:0.2727272727272727	GYHGLVED:0.36363636363636365	DCNAYHVC:0.2727272727272727	LLLAFFIV:0.45454545454545453	QTSQCFCG:0.2727272727272727	STPGGCVD:0.2727272727272727	WLLLAFFI:0.45454545454545453	SCVPASTP:0.2727272727272727	PGGCVDRR:0.2727272727272727	VPASTPGG:0.2727272727272727	TSQCFCGA:0.2727272727272727	AGYHGLVE:0.2727272727272727	LVEDPFDC:0.36363636363636365	YHGLVEDP:0.36363636363636365	FFIVVKLL:0.45454545454545453	RRVRALLL:0.36363636363636365	ASTPGGCV:0.2727272727272727	GGCVDRRV:0.2727272727272727	CPAGYHGL:0.36363636363636365	GLVEDPFD:0.36363636363636365	AFFIVVKL:0.45454545454545453	DRRVRALL:0.36363636363636365	QCFCGADE:0.2727272727272727	YHVCPQTS:0.2727272727272727	GCVDRRVR:0.2727272727272727	
