cluster number:54
CBM14:6	CBM14:6
AYHVCHDG:0.6666666666666666	HDGREGHQ:0.6666666666666666	CDWWYNVK:0.3333333333333333	DLNKIPGV:0.3333333333333333	QGASFLCT:0.3333333333333333	ANVETGCQ:1.0	KEFACDWW:0.3333333333333333	SFLCTNGT:0.3333333333333333	IYHEVPHT:0.3333333333333333	GMYANVET:0.6666666666666666	REGHQGAS:0.5	PIYHEVPH:0.3333333333333333	EFACDWWY:0.6666666666666666	NVKCEEAT:0.3333333333333333	GASFLCTN:0.3333333333333333	MYANVETG:0.6666666666666666	NADPEHNP:0.3333333333333333	QDLNKIPG:0.3333333333333333	YPIYHEVP:0.3333333333333333	VETGCQAY:1.0	KQDLNKIP:0.3333333333333333	VCHDGREG:0.6666666666666666	YHVCHDGR:0.6666666666666666	ETGCQAYH:1.0	YNVKCEEA:0.3333333333333333	CTNGTIFN:0.5	NVETGCQA:1.0	QAYHVCHD:0.6666666666666666	ACDWWYNV:0.8333333333333334	EGHQGASF:0.5	DGREGHQG:0.6666666666666666	NQKEFACD:0.3333333333333333	CQAYHVCH:0.6666666666666666	FSCHNVPA:0.3333333333333333	FACDWWYN:0.8333333333333334	GTIFNQKE:0.3333333333333333	HQGASFLC:0.5	CHDGREGH:0.6666666666666666	YANVETGC:1.0	HVCHDGRE:0.6666666666666666	PGMYANVE:0.6666666666666666	FYHLNADP:0.3333333333333333	FLCTNGTI:0.5	DYPIYHEV:0.3333333333333333	TGCQAYHV:0.6666666666666666	PKKKPELE:0.3333333333333333	DWWYNVKC:0.3333333333333333	HLNADPEH:0.3333333333333333	GREGHQGA:0.6666666666666666	WYNVKCEE:0.3333333333333333	FNQKEFAC:0.3333333333333333	WWYNVKCE:0.3333333333333333	GCQAYHVC:0.6666666666666666	LNADPEHN:0.3333333333333333	LCTNGTIF:0.5	VDYPIYHE:0.3333333333333333	IFNQKEFA:0.3333333333333333	ASFLCTNG:0.3333333333333333	QKEFACDW:0.3333333333333333	GVDYPIYH:0.6666666666666666	TIFNQKEF:0.3333333333333333	YHLNADPE:0.3333333333333333	NGTIFNQK:0.3333333333333333	GHQGASFL:0.5	ADPEHNPY:0.3333333333333333	TNGTIFNQ:0.5	QAYHICHD:0.3333333333333333	KVPGTPGV:0.3333333333333333	PGIYANVE:0.3333333333333333	VPAHPGIY:0.3333333333333333	YHICHDGR:0.3333333333333333	SKVPGTPG:0.3333333333333333	GIYANVET:0.3333333333333333	DWWYNVNC:0.3333333333333333	ICHDGREG:0.3333333333333333	GCQAYHIC:0.3333333333333333	DLSKVPGT:0.3333333333333333	IYANVETG:0.3333333333333333	AYHICHDG:0.3333333333333333	VPGTPGVD:0.3333333333333333	CDWWYNVN:0.3333333333333333	TGCQAYHI:0.3333333333333333	CQAYHICH:0.3333333333333333	HPGIYANV:0.3333333333333333	LSKVPGTP:0.3333333333333333	HICHDGRE:0.3333333333333333	PAHPGIYA:0.3333333333333333	QDLSKVPG:0.3333333333333333	AHPGIYAN:0.3333333333333333	DWWYNVDC:0.3333333333333333	CDWWYNVD:0.3333333333333333	PGVDYPIY:0.5	WWYNVDCS:0.3333333333333333	GVPGVDYP:0.3333333333333333	VPGVDYPI:0.3333333333333333	PGVPGVDY:0.3333333333333333	
