cluster number:26
CE8:76	CE8:76|CE12:3|3.1.1.11:2
SDGRYADP:0.3157894736842105	GLGRPWHP:0.3684210526315789	AIGQTVFL:0.3026315789473684	SLTIRNDF:0.23684210526315788	QTVFLNTS:0.2894736842105263	DFDFPANQ:0.25	TTFSDGRY:0.2631578947368421	HPTTTFSD:0.2631578947368421	RNDFDFPA:0.3815789473684211	GWDKMSGK:0.7105263157894737	CRISGTVD:0.35526315789473684	GRPWHPTT:0.9210526315789473	PTTTFSDG:0.2631578947368421	GQTVFLNT:0.3026315789473684	HIYGWDKM:0.75	IGQTVFLN:0.3026315789473684	NAIGQTVF:0.3157894736842105	DSRFFEYK:0.34210526315789475	FDFPANQA:0.2894736842105263	WDKMSGKD:0.6973684210526315	TVFLNTSM:0.2894736842105263	TFSDGRYA:0.2631578947368421	IYGWDKMS:0.7236842105263158	DGRYADPN:0.4473684210526316	DPNAIGQT:0.3157894736842105	FSDGRYAD:0.3157894736842105	RYADPNAI:0.4473684210526316	DKMSGKDK:0.6710526315789473	GYQDTLYV:0.35526315789473684	IRNDFDFP:0.3815789473684211	FIFGDGTA:0.21052631578947367	WHPTTTFS:0.2631578947368421	LTAPSTNI:0.2236842105263158	GTVDFIFG:0.40789473684210525	PWHPTTTF:0.6578947368421053	YGLVITNS:0.21052631578947367	LTIRNDFD:0.4473684210526316	RPWHPTTT:0.6578947368421053	KDTQAVAL:0.5131578947368421	ADPNAIGQ:0.3157894736842105	YADPNAIG:0.4605263157894737	TTTFSDGR:0.2631578947368421	GYLTAPST:0.39473684210526316	DFIFGDGT:0.21052631578947367	ISGTVDFI:0.39473684210526316	YGWDKMSG:0.7236842105263158	YLTAPSTN:0.23684210526315788	DFPANQAK:0.2894736842105263	YGLGRPWH:0.3684210526315789	NDFDFPAN:0.39473684210526316	LGRPWHPT:0.9473684210526315	VITNSRVI:0.21052631578947367	PNAIGQTV:0.35526315789473684	VFLNTSMD:0.2894736842105263	GLVITNSR:0.21052631578947367	LVITNSRV:0.21052631578947367	SYGLGRPW:0.3684210526315789	SRFFEYKS:0.34210526315789475	GRYADPNA:0.4473684210526316	TIRNDFDF:0.3815789473684211	SGTVDFIF:0.39473684210526316	RISGTVDF:0.3684210526315789	KSYGLGRP:0.2631578947368421	VPAKSYGL:0.25	PAKSYGLG:0.25	AKSYGLGR:0.2631578947368421	PYGYITAP:0.3026315789473684	DDHIYGWD:0.5394736842105263	MDDHIYGW:0.40789473684210525	YGYITAPS:0.21052631578947367	IWFYPQDS:0.25	WFYPQDSR:0.3026315789473684	FYPQDSRF:0.3026315789473684	GYITAPST:0.40789473684210525	DHIYGWDK:0.5657894736842105	HVDFIFGS:0.21052631578947367	GHVDFIFG:0.34210526315789475	SGHVDFIF:0.34210526315789475	ISGHVDFI:0.23684210526315788	AEQLKAFT:0.21052631578947367	TLYSKTGS:0.21052631578947367	LYSKTGSR:0.21052631578947367	SRSYFTDC:0.2631578947368421	DKQGEKIW:0.25	QDTLYSKT:0.21052631578947367	GEKIWFYP:0.21052631578947367	SGKDKQGE:0.3157894736842105	YSKTGSRS:0.21052631578947367	LKAFTLPM:0.21052631578947367	SSTVLVNA:0.21052631578947367	FTLPMIFP:0.21052631578947367	KMSGKDKQ:0.3815789473684211	RQLSAEQL:0.21052631578947367	KTGSRSYF:0.21052631578947367	TKEPGVPA:0.21052631578947367	YQDTLYSK:0.21052631578947367	RRQLSAEQ:0.21052631578947367	SAEQLKAF:0.21052631578947367	QLSAEQLK:0.21052631578947367	GSSTVLVN:0.21052631578947367	TLPMIFPD:0.21052631578947367	PQDSRFFE:0.3815789473684211	LPMIFPDW:0.21052631578947367	GTSGSSTV:0.23684210526315788	SKTGSRSY:0.21052631578947367	LTKEPGVP:0.21052631578947367	KQGEKIWF:0.25	SFALGRPW:0.34210526315789475	LSAEQLKA:0.21052631578947367	FALGRPWH:0.34210526315789475	TSGSSTVL:0.21052631578947367	MSGKDKQG:0.3815789473684211	DTLYSKTG:0.21052631578947367	GKDKQGEK:0.3026315789473684	DSRFFEAN:0.21052631578947367	RLTKEPGV:0.21052631578947367	WGTSGSST:0.2236842105263158	YPQDSRFF:0.25	KAFTLPMI:0.21052631578947367	KWGTSGSS:0.2236842105263158	SGSSTVLV:0.21052631578947367	PPYGYITA:0.2894736842105263	AFTLPMIF:0.21052631578947367	EQLKAFTL:0.21052631578947367	SRLTKEPG:0.21052631578947367	QDSRFFEA:0.21052631578947367	NSRLTKEP:0.21052631578947367	QLKAFTLP:0.21052631578947367	GSRSYFTD:0.2631578947368421	KDKQGEKI:0.25	ALGRPWHP:0.5789473684210527	LKDTQAVA:0.3157894736842105	TQAVALLL:0.21052631578947367	LEGYQDTL:0.21052631578947367	DTQAVALL:0.21052631578947367	EGYQDTLY:0.21052631578947367	KLKDTQAV:0.3157894736842105	VDFIFGSG:0.2236842105263158	
