cluster number:0
GH125:473	GH125:473
TGDIPAMW:0.9217758985200846	REWFSWAN:0.5306553911205074	TREWFSWA:0.37420718816067655	SGFRPSDD:0.7209302325581395	FRPSDDAC:0.7293868921775899	IDPYANAF:0.5010570824524313	WSGFRPSD:0.7209302325581395	YAYEVDGL:0.26215644820295986	GFRPSDDA:0.6807610993657506	PYANAFNE:0.547568710359408	EWFSWANM:0.5095137420718816	EIDSLCYP:0.46511627906976744	WFSWANMM:0.5306553911205074	DPYANAFN:0.828752642706131	AYEVDGLG:0.3594080338266385	LTGDIPAM:0.5898520084566596	RKYEIDSL:0.4714587737843552	GIGSSHTP:0.266384778012685	YTREWFSW:0.3699788583509514	AMWLRDST:0.642706131078224	AGTHLMHE:0.3023255813953488	TWSGFRPS:0.5200845665961945	KYEIDSLC:0.46511627906976744	YANAFNEE:0.2748414376321353	WANMMFCE:0.4989429175475687	THLMHEGF:0.23678646934460887	IWERKYEI:0.28118393234672306	YEIDSLCY:0.44820295983086683	IDSLCYPI:0.35517970401691334	ANMMFCEL:0.49471458773784355	CYPIQLAY:0.3382663847780127	IYAYEVDG:0.24947145877378435	DIPAMWLR:0.8964059196617337	MWLRDSTA:0.5095137420718816	GMTWSGFR:0.5052854122621564	PAMWLRDS:0.8710359408033826	MFAVVVLG:0.21987315010570824	FLLTGDIP:0.321353065539112	HLMHEGFD:0.23890063424947147	WIWERKYE:0.452431289640592	SNMFAVVV:0.35517970401691334	MTWSGFRP:0.5095137420718816	SWANMMFC:0.5010570824524313	YPIQLAYL:0.3171247357293869	LMHEGFDV:0.2558139534883721	FSWANMMF:0.507399577167019	NMFAVVVL:0.38266384778012685	LVATDAGT:0.266384778012685	NMMFCELV:0.38477801268498946	SLCYPIQL:0.4334038054968288	DSLCYPIQ:0.4334038054968288	TDAGTHLM:0.28964059196617337	PIQLAYLL:0.24735729386892177	WERKYEID:0.47568710359408034	PSNMFAVV:0.4630021141649049	VATDAGTH:0.2558139534883721	IGSSHTPE:0.22832980972515857	MHEGFDVN:0.21987315010570824	LCYPIQLA:0.41226215644820297	FAVVVLGY:0.21775898520084566	ATDAGTHL:0.2536997885835095	LVPSNMFA:0.23678646934460887	LLTGDIPA:0.32346723044397463	AAPYLGYC:0.24947145877378435	TGMTWSGF:0.5052854122621564	YLVPSNMF:0.3044397463002114	WLRDSTAQ:0.507399577167019	IPAMWLRD:0.8964059196617337	GDIPAMWL:0.8964059196617337	ERKYEIDS:0.4714587737843552	DAGTHLMH:0.3023255813953488	GTHLMHEG:0.3023255813953488	YTGMTWSG:0.26004228329809725	KYEVDSLC:0.26004228329809725	GIGSPHTP:0.38054968287526425	LRDSTAQL:0.226215644820296	EVDSLCYP:0.25792811839323465	YEVDSLCY:0.2558139534883721	RKYEVDSL:0.28118393234672306	KGIGSPHT:0.23044397463002114	ERKYEVDS:0.2832980972515856	WERKYEVD:0.2832980972515856	SLLAAPYL:0.3953488372093023	DDANVPSL:0.2938689217758985	PSLLAAPY:0.3953488372093023	DANVPSLL:0.2938689217758985	FVITGDIP:0.22832980972515857	QLAYLLWK:0.21775898520084566	MDDANVPS:0.2727272727272727	VPSLLAAP:0.2346723044397463	VITGDIPA:0.2346723044397463	LAAPYLGF:0.24735729386892177	LLAAPYLG:0.3974630021141649	AAPYLGFC:0.2748414376321353	NVPSLLAA:0.23890063424947147	ITGDIPAM:0.2135306553911205	GYLIPSNM:0.21775898520084566	IAGLVKRQ:0.30021141649048627	GSSHTPEN:0.21775898520084566	LWTVEQDH:0.23044397463002114	SSHTPENY:0.2156448202959831	YLIPSNMF:0.34460887949260044	LIPSNMFA:0.34249471458773784	ATRRTILS:0.2642706131078224	PWIWERKY:0.2219873150105708	DDPIYLAT:0.20507399577167018	YGYLIPSN:0.21775898520084566	IPSNMFAV:0.35306553911205074	ANVPSLLS:0.2029598308668076	MMFCELVL:0.2219873150105708	MFCELVLD:0.21775898520084566	
