cluster number:2
GH125:81	GH125:81
VFECKYEL:0.6419753086419753	YCNAFQPP:0.37037037037037035	GLIRSAFR:0.32098765432098764	SAFRPSDD:0.7407407407407407	SPYCNAFQ:0.2962962962962963	FECKYELD:0.6419753086419753	GIGGPHIG:0.43209876543209874	CKYELDSL:0.5925925925925926	ECKYELDS:0.6296296296296297	FAYEVDGY:0.20987654320987653	CNAFQPPP:0.2716049382716049	GFFIPANA:0.2222222222222222	FRPSDDAT:0.5308641975308642	NAWPMSLL:0.4074074074074074	LIRSAFRP:0.35802469135802467	ILGAINTQ:0.2839506172839506	AFRPSDDA:0.6049382716049383	EWLRDSTN:0.2716049382716049	EVDGYGSA:0.20987654320987653	KYELDSLA:0.5925925925925926	VFAYEVDG:0.24691358024691357	LDSLAHFL:0.20987654320987653	RSAFRPSD:0.691358024691358	WLRDSTNQ:0.2716049382716049	LGLIHESI:0.2222222222222222	AEWLRDST:0.2716049382716049	LRDSTNQL:0.2716049382716049	ELDSLAHF:0.20987654320987653	DLARLFEN:0.345679012345679	YELDSLAH:0.20987654320987653	AWPMSLLV:0.24691358024691357	TGLIRSAF:0.2962962962962963	IGGPHIGL:0.24691358024691357	PYCNAFQP:0.37037037037037035	LILGAINT:0.2716049382716049	YEVDGYGS:0.3333333333333333	IRSAFRPS:0.35802469135802467	AYEVDGYG:0.43209876543209874	RPSDDATI:0.4074074074074074	PNTLDTTV:0.20987654320987653	CNAFHPPP:0.2222222222222222	RLFENAFP:0.24691358024691357	LGAINTQA:0.20987654320987653	LARLFENA:0.25925925925925924	ARLFENAF:0.24691358024691357	RSWFAWAN:0.30864197530864196	FPNTLDTT:0.2839506172839506	VRSAFRPS:0.3333333333333333	TGLVRSAF:0.2839506172839506	TRSWFAWA:0.2962962962962963	LVRSAFRP:0.2962962962962963	YTRSWFAW:0.2839506172839506	GLVRSAFR:0.2962962962962963	GLGLIHES:0.30864197530864196	NTLDTTIL:0.25925925925925924	DIHAEWLR:0.25925925925925924	NTRKMILS:0.2962962962962963	YCNAFHPP:0.2222222222222222	VTGDIHAE:0.24691358024691357	TGDIHAEW:0.25925925925925924	YQNTRKMI:0.2716049382716049	MDDANIPS:0.37037037037037035	IHAEWLRD:0.25925925925925924	QNTRKMIL:0.2716049382716049	DANIPSLL:0.4074074074074074	DDANIPSL:0.4074074074074074	SLASFLTL:0.24691358024691357	PNTLDTTI:0.38271604938271603	GDIHAEWL:0.25925925925925924	DSLASFLT:0.24691358024691357	DDANVPSL:0.24691358024691357	MDDANVPS:0.2345679012345679	TLDTTILW:0.20987654320987653	ANIPSLLS:0.37037037037037035	VYAYEVDG:0.25925925925925924	YAYEVDGY:0.2222222222222222	
