cluster number:24
GH65:355	GH65:355|2.4.1.64:2
QYHINADI:0.323943661971831	VTGPDEYT:0.8619718309859155	IHGVTGPD:0.3295774647887324	GEEASAYY:0.22253521126760564	INGEEASA:0.30704225352112674	RTINGEEA:0.3323943661971831	TAQYHINA:0.39436619718309857	QVLKQADV:0.2507042253521127	AGTAQYHI:0.6535211267605634	YHINADIA:0.21690140845070421	GTAQYHIN:0.4253521126760563	FHIHGVTG:0.2647887323943662	KQADVVLA:0.3492957746478873	TGDSTLSA:0.23943661971830985	PWRTINGE:0.23380281690140844	GALYPWRT:0.2056338028169014	GPDEYTTV:0.29295774647887324	NGEEASAY:0.30140845070422534	VLKQADVV:0.23943661971830985	GHYFWDTE:0.7267605633802817	GVTGPDEY:0.4563380281690141	ALYPWRTI:0.2056338028169014	TTGDSTLS:0.28450704225352114	TINGEEAS:0.3323943661971831	TGPDEYTT:0.29577464788732394	HGVTGPDE:0.3380281690140845	PDEYTTVV:0.29014084507042254	LKQADVVL:0.2591549295774648	HIHGVTGP:0.2647887323943662	WRTINGEE:0.352112676056338	AQYHINAD:0.38309859154929576	EASAYYAA:0.29577464788732394	GYEGHYFW:0.571830985915493	ALFPWRTI:0.4422535211267606	YEGHYFWD:0.6422535211267606	SAYYAAGT:0.37746478873239436	GALFPWRT:0.4422535211267606	YYAAGTAQ:0.37746478873239436	FPWRTING:0.3971830985915493	ASAYYAAG:0.29577464788732394	AYYAAGTA:0.37746478873239436	TGPDEYTA:0.49577464788732395	LFPWRTIN:0.3408450704225352	EGHYFWDT:0.504225352112676	TTHDSSLS:0.4591549295774648	YFWDTEMY:0.22253521126760564	ITTHDSSL:0.23943661971830985	HYFWDTEM:0.22535211267605634	LLLHYHPL:0.48450704225352115	YFWDTEIY:0.3211267605633803	YPLLLHYH:0.21690140845070421	PLLLHYHP:0.49859154929577465	HYFWDTEI:0.323943661971831	FPAGTAQY:0.24788732394366197	EGYEGHYF:0.2676056338028169	YFPAGTAQ:0.2591549295774648	GEGYEGHY:0.2676056338028169	PAGTAQYH:0.29859154929577464	SAYFPAGT:0.2056338028169014	AYFPAGTA:0.2056338028169014	PLVIYRFQ:0.2	YAAGTAQY:0.3267605633802817	QADVVLAL:0.27323943661971833	AQYHIDAD:0.23098591549295774	LVIYRFQV:0.2	GTAQYHID:0.22816901408450704	TAQYHIDA:0.23098591549295774	AAGTAQYH:0.3295774647887324	HPLVIYRF:0.2	GPDEYTAL:0.27605633802816903	PDEYTALV:0.2647887323943662	DEYTTVVN:0.24788732394366197	YHPLVIYR:0.24788732394366197	DVVLALFL:0.2	
