cluster number:1
GH65:458	GH65:458|2.4.1.282:1|2.4.1.216:1
GLHGEAYR:0.6222707423580786	HGSTLSRI:0.2423580786026201	IQGGTTAE:0.36026200873362446	DIQGGTTA:0.36026200873362446	EAYRGHVF:0.462882096069869	GEAYRGHV:0.462882096069869	GGTTAEGI:0.3318777292576419	DYYDIQGG:0.20305676855895197	GSTLSRIV:0.23799126637554585	YYDIQGGT:0.20087336244541484	YDIQGGTT:0.20305676855895197	NEDLVNLP:0.2554585152838428	MGPDEFHE:0.3384279475982533	GTTAEGIH:0.35152838427947597	GAMYPWQS:0.4170305676855895	RGLHGEAY:0.6222707423580786	HGEAYRGH:0.6593886462882096	RGHVFWDE:0.4519650655021834	EDLVNLPN:0.2445414847161572	AYRGHVFW:0.462882096069869	YRGHVFWD:0.49563318777292575	VMGPDEFH:0.38427947598253276	SDYYDIQG:0.20305676855895197	ARGLHGEA:0.6200873362445415	QGGTTAEG:0.40829694323144106	TTAEGIHL:0.2292576419213974	YPGTYVAG:0.2205240174672489	TAEGIHLG:0.20087336244541484	LHGEAYRG:0.6222707423580786	GVMGPDEF:0.23580786026200873	RMDRILKA:0.20087336244541484	QTLSPHTA:0.2096069868995633	LQTLSPHT:0.21397379912663755	GIHLGAMA:0.2838427947598253	EAYRGHIF:0.3296943231441048	GNGYFATR:0.259825327510917	CTLGNGYF:0.20087336244541484	GEAYRGHI:0.3318777292576419	SKQADVLM:0.3078602620087336	LNPRSGRW:0.3056768558951965	AMYPWQSG:0.3231441048034934	TSHGSTLS:0.5873362445414847	GSDGREET:0.2096069868995633	TLGNGYFA:0.20087336244541484	FWDELFVL:0.2663755458515284	GHIFWDEL:0.22707423580786026	SGSDGREE:0.3231441048034934	MYPWQSGS:0.2074235807860262	LCTLGNGY:0.2292576419213974	LDRILEAE:0.3406113537117904	GYFATRGA:0.21615720524017468	LHLNPRSG:0.2554585152838428	EGIHLGAM:0.3034934497816594	PARGLHGE:0.45633187772925765	RGHIFWDE:0.425764192139738	IHLGAMAG:0.2816593886462882	DRILEAEG:0.27510917030567683	RTSHGSTL:0.574235807860262	YRGHIFWD:0.4497816593886463	YPWQSGSD:0.23799126637554585	AYRGHIFW:0.3296943231441048	PWQSGSDG:0.4279475982532751	ASKQADVL:0.2336244541484716	KQADVLML:0.34279475982532753	WQSGSDGR:0.33624454148471616	NLPNWLPL:0.2052401746724891	VNLPNWLP:0.23580786026200873	GVPARGLH:0.39082969432314413	RLDRILEA:0.34497816593886466	HLGAMAGT:0.25109170305676853	QSGSDGRE:0.32532751091703055	VPARGLHG:0.39082969432314413	HLNPRSGR:0.3056768558951965	LGNGYFAT:0.2074235807860262	NGYFATRG:0.259825327510917	HIFWDELF:0.2052401746724891	RILEAEGD:0.26200873362445415	AMFPWQSG:0.32096069868995636	DVGVPARG:0.32751091703056767	VGVPARGL:0.31222707423580787	GAMFPWQS:0.34497816593886466	VFWDELFV:0.2794759825327511	HVFWDELF:0.30131004366812225	LVNLPNWL:0.20087336244541484	GHVFWDEL:0.32532751091703055	LDVGVPAR:0.3034934497816594	WDELFVLP:0.25109170305676853	VISQFEGY:0.2074235807860262	
