cluster number:9
GT81:15	GT81:15|2.4.1.-:1
DLDQRVHR:0.3333333333333333	SLFFPELT:0.26666666666666666	PTLNEEKT:0.4666666666666667	IAVIDSGS:0.4	GKGENLWK:0.8	KGKGENLW:0.4	NEEKTIGK:0.4666666666666667	RPLFSLFF:0.4	LSGEYAVR:0.26666666666666666	EILVRPLF:0.4666666666666667	VTEILVRP:0.5333333333333333	FSLFFPEL:0.4	GKMSFGIL:0.2	QPLSGEYA:0.7333333333333333	EEKTIGKE:0.4666666666666667	EIAVIDSG:0.4	LDQRVHRN:0.3333333333333333	PLSGEYAV:0.26666666666666666	SLCLPTLN:0.2	LCLPTLNE:0.2	KGENLWKA:0.5333333333333333	SGGGRVTE:0.4	PLFSLFFP:0.4	VKAFYDRP:0.4	LGKMSFGI:0.2	GGRVTEIL:0.6666666666666666	AFYDRPLA:0.26666666666666666	PFPIGYGV:0.3333333333333333	YVKAFYDR:0.4	ELMDRYPL:0.2	ISLCLPTL:0.2	SGEYAVRR:0.26666666666666666	PIGYGVET:0.3333333333333333	CLPTLNEE:0.2	DQRVHRNQ:0.3333333333333333	TDLDQRVH:0.26666666666666666	GGGRVTEI:0.6	LVRPLFSL:0.4	TEILVRPL:0.5333333333333333	VRPLFSLF:0.4666666666666667	LNEEKTIG:0.4666666666666667	KAFYDRPL:0.3333333333333333	IPFPIGYG:0.4	RVTEILVR:0.5333333333333333	FPIGYGVE:0.3333333333333333	LPTLNEEK:0.2	TLNEEKTI:0.4666666666666667	LFSLFFPE:0.4	ILVRPLFS:0.4666666666666667	DEIAVIDS:0.4666666666666667	GRVTEILV:0.5333333333333333	QTDLDQRV:0.26666666666666666	FGADVYLS:0.2	LFFPELTA:0.2	EKTIGKEI:0.26666666666666666	VYGLVGPL:0.26666666666666666	ILRQFQVK:0.2	RYPLLDEI:0.3333333333333333	LKGDIIVY:0.26666666666666666	RFVYGLVG:0.26666666666666666	QFQVKEDQ:0.2	LWKAIYQL:0.26666666666666666	RQFQVKED:0.2	AIIQPLSG:0.2	TGGGRVTE:0.4	FGILQTFL:0.2	VIDSGSTD:0.26666666666666666	RPLAFSQG:0.2	YDRPLAFS:0.2	IGYGVETA:0.2	DIKNIHPR:0.26666666666666666	IDADIKNI:0.26666666666666666	PTGGGRVT:0.3333333333333333	AVIDSGST:0.26666666666666666	QLKGDIIV:0.2	ADIKNIHP:0.26666666666666666	PLLDEIAV:0.4	KAIYQLKG:0.2	DIIVYIDA:0.26666666666666666	YQLKGDII:0.2	LCIPTLNE:0.3333333333333333	YGLVGPLI:0.2	DRPLAFSQ:0.2	ENLWKAIY:0.26666666666666666	ISLCIPTL:0.26666666666666666	QIPFPIGY:0.2	PRFVYGLV:0.26666666666666666	LDEIAVID:0.4	IYQLKGDI:0.2	VYIDADIK:0.26666666666666666	SLCIPTLN:0.3333333333333333	FVYGLVGP:0.26666666666666666	KNIHPRFV:0.2	IHPRFVYG:0.26666666666666666	GYGVETAH:0.2	NLWKAIYQ:0.26666666666666666	YIDADIKN:0.26666666666666666	EKTIGKEV:0.2	ILQTFLRR:0.2	IKNIHPRF:0.26666666666666666	YPLLDEIA:0.4	AIYQLKGD:0.2	GDIIVYID:0.26666666666666666	EQIPFPIG:0.2	FQVKEDQF:0.2	IVYIDADI:0.26666666666666666	LEQIPFPI:0.2	WKAIYQLK:0.2	IQPLSGEY:0.6	QVKEDQFE:0.2	NIHPRFVY:0.26666666666666666	AVRREVLE:0.2	IIQPLSGE:0.4666666666666667	LLDEIAVI:0.4	CIPTLNEE:0.3333333333333333	IIVYIDAD:0.26666666666666666	LRQFQVKE:0.2	IPTLNEEK:0.26666666666666666	DADIKNIH:0.3333333333333333	TILRQFQV:0.2	GENLWKAI:0.26666666666666666	VLEQIPFP:0.2	KGDIIVYI:0.2	KTIGKEVV:0.2	HPRFVYGL:0.26666666666666666	FYDRPLAF:0.2	GDIIVWVD:0.2	KGENLWKS:0.26666666666666666	FSLFYPEL:0.26666666666666666	LIQPLSGE:0.2	ENLWKSLY:0.2	LFSLFYPE:0.26666666666666666	GENLWKSL:0.2	PLFSLFYP:0.26666666666666666	RGKGENLW:0.26666666666666666	RPLFSLFY:0.26666666666666666	RVHRNQDT:0.2	LSGEYAGR:0.26666666666666666	EYAGRREI:0.2	KAFYDRPI:0.26666666666666666	GYVKAFYD:0.2	PLSGEYAG:0.4	SGEYAGRR:0.26666666666666666	GGRVTELV:0.3333333333333333	VTELVARP:0.2	GGGRVTEL:0.3333333333333333	AGRREILE:0.2	YAGRREIL:0.2	GRVTELVA:0.2	IGYVKAFY:0.2	GEYAGRRE:0.2	RVTELVAR:0.2	TELVARPL:0.2	
