cluster number:1
GT81:227	GT81:227
LRIPSDWG:0.3524229074889868	SDWGLEIG:0.6343612334801763	SLYSELEG:0.27312775330396477	IPSDWGLE:0.6607929515418502	IVIGLDRA:0.5726872246696035	ILPSLYSE:0.23348017621145375	PSDWGLEI:0.6343612334801763	HDCDIVTY:0.5066079295154186	FRYPLSGE:0.36123348017621143	WGLEIGVL:0.7665198237885462	DLRIPSDW:0.21145374449339208	GLEIGVLS:0.7533039647577092	RIPSDWGL:0.6563876651982379	LEIGVLSE:0.7533039647577092	DHKHQDLS:0.24669603524229075	YDHKHQDL:0.24669603524229075	DWGLEIGV:0.7709251101321586	LPSLYSEL:0.3303964757709251	PSLYSELE:0.29955947136563876	LILPSLYS:0.23348017621145375	LHDCDIVT:0.46255506607929514	WNDGPRLK:0.28634361233480177	ICQVDIAD:0.23788546255506607	KALYRKLA:0.2687224669603524	ATYYRTAL:0.20704845814977973	FVPSWNRV:0.2026431718061674	GKLNGRVG:0.22466960352422907	FCKGYYAR:0.32599118942731276	CKGYYARV:0.29955947136563876	SELEGPAL:0.4801762114537445	PFVPSWNR:0.2026431718061674	EPGKGRNV:0.3303964757709251	EIGVLSEI:0.2026431718061674	VIGLDRAD:0.47577092511013214	PLSGEFAM:0.4008810572687225	GKGRNVWF:0.43612334801762115	GRVGRLLV:0.2907488986784141	IGLDRADR:0.3392070484581498	PGKGRNVW:0.5066079295154186	RYPLSGEF:0.47577092511013214	VQSAFPDI:0.2643171806167401	NDGPRLKA:0.24669603524229075	CVALHDCD:0.2290748898678414	LNGRVGRL:0.28193832599118945	QSAFPDIL:0.2555066079295154	RHRILWND:0.31277533039647576	YSELEGPA:0.20704845814977973	EIVIGLDR:0.4889867841409692	TYYRTALD:0.20704845814977973	MLARLLYP:0.28193832599118945	HRILWNDG:0.3876651982378855	SGEFAMRT:0.28634361233480177	MGLILPSL:0.3920704845814978	LWNDGPRL:0.7180616740088106	KGYYARVA:0.32158590308370044	DCDIVTYD:0.2511013215859031	CDIVTYDR:0.2511013215859031	ILWNDGPR:0.4713656387665198	VALHDCDI:0.4977973568281938	KGRNVWFC:0.44052863436123346	RICQVDIA:0.22026431718061673	LYSELEGP:0.20704845814977973	LSGEFAMR:0.4008810572687225	RILWNDGP:0.43171806167400884	NGRVGRLL:0.2907488986784141	ALHDCDIV:0.45374449339207046	KLNGRVGR:0.2775330396475771	RVQSAFPD:0.29955947136563876	ITNFHNLT:0.2422907488986784	YPLSGEFA:0.42731277533039647	RLLVTPLL:0.22026431718061673	ILPSLFSE:0.4052863436123348	LILPSLFS:0.4052863436123348	RYPLAGEF:0.33480176211453744	LPSLFSEL:0.46255506607929514	FRYPLAGE:0.2643171806167401	PQRHRILW:0.2687224669603524	LFSELEGP:0.29515418502202645	FFSRLPQR:0.2643171806167401	IADNYDHK:0.28193832599118945	PSLFSELE:0.44933920704845814	ADNYDHKH:0.28193832599118945	DNYDHKHQ:0.29515418502202645	RLPQRHRI:0.2643171806167401	YEFCKGFY:0.22466960352422907	FSELEGPA:0.29515418502202645	SFRYPLSG:0.29515418502202645	SRLPQRHR:0.2643171806167401	LPQRHRIL:0.2687224669603524	SLFSELEG:0.42290748898678415	NYDHKHQP:0.21145374449339208	QRHRILWN:0.2687224669603524	GLILPSLF:0.27312775330396477	FSRLPQRH:0.2775330396475771	IRIPSDWG:0.2643171806167401	GKGRNVWY:0.3876651982378855	PFIPSWNR:0.28634361233480177	ARLIYPVA:0.22026431718061673	LCQVDIAD:0.2290748898678414	KGRNVWYC:0.3876651982378855	DIRIPSDW:0.21585903083700442	RLCQVDIA:0.23348017621145375	FIPSWNRV:0.2775330396475771	FNYEFCKG:0.2290748898678414	LAGEFSFR:0.2555066079295154	LSKMSIDI:0.2511013215859031	VLWNDGPR:0.2555066079295154	EIGVLSEM:0.2643171806167401	GLSKMSID:0.2511013215859031	GRVSRLLV:0.32158590308370044	NGRVSRLL:0.31718061674008813	LHDCDILT:0.2422907488986784	HDCDILTY:0.28634361233480177	PLAGEFSF:0.23788546255506607	YPLAGEFS:0.2687224669603524	SRLLVTPL:0.2599118942731278	RVSRLLVT:0.27312775330396477	VSRLLVTP:0.27312775330396477	
