cluster number:2
GT81:69	GT81:69
TILSRAGV:0.2608695652173913	VEAGLLID:0.2318840579710145	QPLAGEYA:0.21739130434782608	HRNRPLEE:0.2898550724637681	RVTELTAK:0.782608695652174	LTAKPLLR:0.5942028985507246	GRVTELTA:0.927536231884058	GGRVTELT:0.927536231884058	GGGRVTEL:0.9130434782608695	LAGEYAIR:0.2028985507246377	RNRPLEEL:0.2898550724637681	TELTAKPL:0.7536231884057971	KGEALWRG:0.42028985507246375	GEALWRGV:0.3333333333333333	VIPALNEE:0.6231884057971014	YGVEAGLL:0.3188405797101449	IVVFVDAD:0.2463768115942029	FVDGYGVE:0.3333333333333333	GKGEALWR:0.42028985507246375	PFVDGYGV:0.3188405797101449	PLAGEYAI:0.2028985507246377	GYGVEAGL:0.34782608695652173	NRPLEELA:0.2463768115942029	YAIRRSTA:0.2028985507246377	SGGGRVTE:0.30434782608695654	VTELTAKP:0.782608695652174	EYAIRRST:0.2028985507246377	GVEAGLLI:0.2318840579710145	ELTAKPLL:0.7101449275362319	GEYAIRRS:0.391304347826087	LPFVDGYG:0.3188405797101449	VIDSDSTD:0.36231884057971014	GGEYAIRR:0.37681159420289856	VEVGLLID:0.4492753623188406	VVIPALNE:0.7536231884057971	GYGVEVGL:0.463768115942029	PALNEEAT:0.5652173913043478	QPLGGEYA:0.7391304347826086	GVAAARGD:0.2608695652173913	DSDSTDAT:0.3333333333333333	LGGEYAIR:0.5652173913043478	GVEVGLLI:0.4492753623188406	IDSDSTDA:0.3188405797101449	SDSTDATA:0.3333333333333333	LNEEATVA:0.2898550724637681	YGVEVGLL:0.4492753623188406	VSVVIPAL:0.463768115942029	WRGVAAAR:0.34782608695652173	DSTDATAA:0.2898550724637681	RQPLGGEY:0.2463768115942029	RGVAAARG:0.34782608695652173	PLGGEYAI:0.5652173913043478	ALNEEATV:0.5072463768115942	EVGLLIDV:0.4492753623188406	EALWRGVA:0.2028985507246377	ALWRGVAA:0.2028985507246377	IPALNEEA:0.5652173913043478	SVVIPALN:0.7536231884057971	LWRGVAAA:0.6521739130434783	TDATAAEA:0.2028985507246377	LEVLVIDA:0.2028985507246377	GDIVVFVD:0.21739130434782608	GESLWRGV:0.5072463768115942	DATAAEAR:0.2028985507246377	TGGGRVTE:0.37681159420289856	PLEVLVID:0.2028985507246377	SLWRGVAA:0.4492753623188406	VVFVDADL:0.2898550724637681	VLVIDADS:0.30434782608695654	KGESLWRG:0.5217391304347826	PGKGESLW:0.4782608695652174	TAKPLLRA:0.2608695652173913	VIDADSTD:0.3333333333333333	VGLLIDVA:0.34782608695652173	LVIDADST:0.2753623188405797	EVLVIDAD:0.30434782608695654	DIVVFVDA:0.21739130434782608	GKGESLWR:0.5217391304347826	ESLWRGVA:0.4492753623188406	STDATAAE:0.2028985507246377	LNEEATVG:0.21739130434782608	ISVVIPAL:0.2463768115942029	AHRNRPLE:0.21739130434782608	PLEELAPM:0.21739130434782608	LVIDSDST:0.2463768115942029	PSGGGRVT:0.2753623188405797	RRAHRNRP:0.2028985507246377	RPLEELAP:0.21739130434782608	GRRAHRNR:0.2028985507246377	RAHRNRPL:0.2608695652173913	EARRAGAR:0.2028985507246377	ARRAGARV:0.2028985507246377	LEELAPMA:0.2318840579710145	EELAPMAD:0.2318840579710145	GLLIDVAR:0.2318840579710145	AGARVLNW:0.2028985507246377	PRPGKGES:0.2028985507246377	RPGKGESL:0.2608695652173913	ELAPMADV:0.21739130434782608	APMADVVA:0.2028985507246377	LAPMADVV:0.21739130434782608	PTGGGRVT:0.2318840579710145	
