cluster number:5
GT81:35	GT81:35
DSFRYALA:0.2857142857142857	DHRAVSGP:0.34285714285714286	VQERVTTL:0.2	GLAADRVL:0.2	GKGRDVWL:0.9428571428571428	RGKGRDVW:0.34285714285714286	FSKGYYAR:0.5142857142857142	FRYALAGE:0.8857142857142857	LFRLFYAP:0.2	HDADTKTY:0.2	EREYAGLA:0.22857142857142856	VVVPLRAP:0.2571428571428571	MEYVQERV:0.2571428571428571	GYYARVED:0.3142857142857143	EHDHRAVS:0.37142857142857144	GRLFRLFY:0.6857142857142857	DRAAVVVP:0.2	YEHDHRAV:0.3142857142857143	YAGLAADR:0.2	RAVSGPTG:0.22857142857142856	RDVWLALG:0.8857142857142857	FRLFYAPL:0.2	EYAGLAAD:0.2	VVPMTERE:0.4	RLYGRLFR:0.6285714285714286	KGYYARVE:0.7714285714285715	ALAGEFAA:0.5428571428571428	LAGEFAAT:0.4857142857142857	AAVVVPMT:0.2857142857142857	GSAQVDLG:0.2857142857142857	GLEVGTLG:0.6	EYVQERVT:0.2	SFRYALAG:0.45714285714285713	RAAVVVPM:0.2857142857142857	RVVVPLRA:0.2	KGRDVWLA:0.8857142857142857	HRAVSGPT:0.22857142857142856	VPMTEREY:0.2857142857142857	MTEREYAG:0.22857142857142856	AGLAADRV:0.2	VVVPMTER:0.37142857142857144	EVGTLGDA:0.42857142857142855	SKGYYARV:0.45714285714285713	RLFRLFYA:0.2	LYGRLFRL:0.8857142857142857	VSGPTGLS:0.3142857142857143	QERVTTLH:0.2	RYALAGEF:0.7714285714285715	VGTLGDAF:0.37142857142857144	LEVGTLGD:0.42857142857142855	YGRLFRLF:0.7714285714285715	AVVVPMTE:0.22857142857142856	HDHRAVSG:0.37142857142857144	PMTEREYA:0.22857142857142856	AVSGPTGL:0.22857142857142856	YVQERVTT:0.2	YALAGEFA:0.7428571428571429	REYAGLAA:0.22857142857142856	WGLEVGTL:0.7142857142857143	GRDVWLAL:0.8857142857142857	VVPLRAPA:0.22857142857142856	TEREYAGL:0.22857142857142856	VWLALGPA:0.34285714285714286	VQERIATL:0.34285714285714286	AFRYALAG:0.42857142857142855	HDHRAVAG:0.22857142857142856	QERIATLH:0.4	AWGLEVGT:0.2	WLALGPAA:0.3142857142857143	HDADARSY:0.22857142857142856	TAQVDLGR:0.34285714285714286	DVWLALGP:0.34285714285714286	AQVDLGRH:0.2857142857142857	MEYVQERI:0.45714285714285713	GTAQVDLG:0.3142857142857143	EYVQERIA:0.37142857142857144	YVQERIAT:0.37142857142857144	ERIATLHD:0.22857142857142856	VHDADARS:0.22857142857142856	QVDLGRYE:0.2571428571428571	GRYEHDHR:0.2571428571428571	AQVDLGRY:0.2571428571428571	DLGRYEHD:0.2571428571428571	DFSKGYYA:0.2	LGRYEHDH:0.2571428571428571	VDLGRYEH:0.2571428571428571	VVVHDADT:0.2857142857142857	VVVHDADA:0.37142857142857144	RLFYEPLV:0.2	EYVVVHDA:0.2857142857142857	YVVVHDAD:0.45714285714285713	YRADAAFN:0.2	VVHDADAR:0.2	ETAVVVPM:0.2	YLGAFRYA:0.2	GAFRYALA:0.2571428571428571	LGAFRYAL:0.2571428571428571	DVWLALGV:0.22857142857142856	VWLALGVA:0.22857142857142856	WLALGVAA:0.2	LWCDGPRV:0.22857142857142856	VLWCDGPR:0.2571428571428571	YLDSFRYA:0.2571428571428571	LLFPLAHG:0.22857142857142856	RLLFPLAH:0.2	RYEHDHRA:0.22857142857142856	LDSFRYAL:0.2571428571428571	DRLYGRLF:0.2857142857142857	GYYARVEN:0.2857142857142857	ARVENDRL:0.2857142857142857	RVENDRLY:0.2857142857142857	ENDRLYGR:0.2857142857142857	VENDRLYG:0.2857142857142857	NDRLYGRL:0.2857142857142857	YARVENDR:0.2857142857142857	YYARVEND:0.2857142857142857	ADAAFNGL:0.2	TAVVVPMT:0.22857142857142856	VVPMTDRE:0.2	AGEFAATS:0.2	HEHDHRAV:0.2571428571428571	VPRLLFPL:0.2	
