cluster number:35
GT87:24	GT87:24
PFIYPPFA:0.625	GIAAAIKL:0.5416666666666666	SWSHHWVW:0.75	DLEVYRIG:0.20833333333333334	AAAIKLTP:0.75	VGIAAAIK:0.2916666666666667	HWVWIAPA:0.3333333333333333	FIYPPFAA:0.625	WSHHWVWI:0.4583333333333333	WVWIAPAL:0.2916666666666667	LTPAAFVL:0.4583333333333333	AIKLTPAA:0.5416666666666666	IAAAIKLT:0.5416666666666666	HHWVWIAP:0.375	KLTPAAFV:0.4583333333333333	AAIKLTPA:0.625	IKLTPAAF:0.5416666666666666	LVGIAAAI:0.2916666666666667	SHHWVWIA:0.375	LPFIYPPF:0.7083333333333334	GIGLPFIY:0.2916666666666667	TLYLVARR:0.25	GSAFHTNQ:0.3333333333333333	GLSGSAFH:0.2916666666666667	QLPQTTIG:0.20833333333333334	PAAFVLYF:0.4166666666666667	FVLYFLVR:0.4166666666666667	SAFHTNQS:0.3333333333333333	SPISWSHH:0.75	LAAAIKLT:0.20833333333333334	AFHTNQSI:0.3333333333333333	WFGGLGNV:0.20833333333333334	TGGFIDLQ:0.20833333333333334	IYPPFAAL:0.2916666666666667	FHTNQSIQ:0.375	HTNQSIQA:0.2916666666666667	ITGGFIDL:0.20833333333333334	NLLLMALV:0.20833333333333334	MALVAADC:0.20833333333333334	GLPFIYPP:0.375	GLAAAIKL:0.20833333333333334	GQLPQTTI:0.20833333333333334	FGQVNLLL:0.2916666666666667	YGPQNWLP:0.20833333333333334	YWFGGLGN:0.20833333333333334	GQVNLLLM:0.3333333333333333	LMALVAAD:0.20833333333333334	LDFGQVNL:0.3333333333333333	AFVLYFLV:0.375	YGQLPQTT:0.20833333333333334	HVVGNTYV:0.20833333333333334	LSGSAFHT:0.2916666666666667	FIDLQVYR:0.3333333333333333	GFIDLQVY:0.25	FVYGPQNW:0.20833333333333334	TLDFGQVN:0.375	IGLPFIYP:0.2916666666666667	STLDFGQV:0.2916666666666667	MYGQLPQT:0.20833333333333334	AAFVLYFL:0.4166666666666667	ALVAADCL:0.20833333333333334	NQSIQAVL:0.20833333333333334	ISWSHHWV:0.7083333333333334	VYGPQNWL:0.20833333333333334	GGFIDLQV:0.25	QHVVGNTY:0.20833333333333334	SGSAFHTN:0.3333333333333333	TNQSIQAV:0.25	DMYGQLPQ:0.20833333333333334	LQVYRLGV:0.2916666666666667	TPAAFVLY:0.4166666666666667	IDLQVYRL:0.3333333333333333	DFGQVNLL:0.2916666666666667	PISWSHHW:0.75	DLQVYRLG:0.3333333333333333	LVSPISWS:0.5	LLVSPISW:0.4583333333333333	VSPISWSH:0.5	VSGLSGSA:0.25	YFLVRRDY:0.25	SGLSGSAF:0.2916666666666667	FAALALSP:0.20833333333333334	NQSIQGVL:0.20833333333333334	AALALSPF:0.20833333333333334	VLYFLVRR:0.2916666666666667	PPFAALAL:0.20833333333333334	LIGIAAAI:0.2916666666666667	YPPFAALA:0.20833333333333334	PFAALALS:0.20833333333333334	ALALSPFA:0.20833333333333334	LYFLVRRD:0.2916666666666667	IGIAAAIK:0.2916666666666667	NVSGLSGS:0.25	GNVSGLSG:0.25	
