cluster number:0
AA6:113	AA6:113|1.6.5.6:1
TLAHHGII:0.24778761061946902	LTEYDAFL:0.20353982300884957	YDAFLFGI:0.35398230088495575	GGSPWGAG:0.6548672566371682	IQGKTFYE:0.2920353982300885	LFGIPTRF:0.3805309734513274	LSTLAHHG:0.30973451327433627	DAFLFGIP:0.36283185840707965	PAQWKAFW:0.3274336283185841	GIPTRFGN:0.37168141592920356	FVSTGTGG:0.25663716814159293	STLAHHGI:0.30973451327433627	SLSTLAHH:0.21238938053097345	VSTGTGGG:0.24778761061946902	GSPWGAGT:0.5929203539823009	EVHGGSPW:0.5132743362831859	PTRFGNFP:0.2920353982300885	GNFPAQWK:0.30973451327433627	AFLFGIPT:0.3805309734513274	EIQGKTFY:0.2831858407079646	FPAQWKAF:0.2831858407079646	VHGGSPWG:0.5398230088495575	LAHHGIIF:0.25663716814159293	TGTGGGNE:0.25663716814159293	TRFGNFPA:0.25663716814159293	FLFGIPTR:0.46017699115044247	FGIPTRFG:0.40707964601769914	TGGLWAKG:0.40707964601769914	NFPAQWKA:0.2831858407079646	AQWKAFWD:0.3274336283185841	HGGSPWGA:0.6283185840707964	FGNFPAQW:0.23893805309734514	IPTRFGNF:0.26548672566371684	EYDAFLFG:0.4336283185840708	RFGNFPAQ:0.25663716814159293	QGKTFYET:0.3008849557522124	KPDYPIAT:0.22123893805309736	STGTGGGN:0.26548672566371684	GGLWAKGS:0.22123893805309736	GLWAKGSL:0.22123893805309736	FLFGVPTR:0.23893805309734514	SPWGAGTL:0.20353982300884957	AFLFGVPT:0.23008849557522124	DAFLFGVP:0.23008849557522124	YDAFLFGV:0.23008849557522124	EEVHGGSP:0.3185840707964602	LFGVPTRF:0.22123893805309736	FGVPTRFG:0.22123893805309736	KAFWDATG:0.23893805309734514	HHGIIYVP:0.24778761061946902	FWDATGGL:0.20353982300884957	WDATGGLW:0.20353982300884957	SPWGAGTF:0.25663716814159293	TGTPGGGQ:0.22123893805309736	WGAGTFAG:0.20353982300884957	GTPGGGQE:0.22123893805309736	PWGAGTFA:0.25663716814159293	FVSTGTPG:0.21238938053097345	VSTGTPGG:0.21238938053097345	STGTPGGG:0.21238938053097345	
