cluster number:2
AA6:30	AA6:30|1.6.5.6:1
GGDGSRQP:0.3333333333333333	TRYGNFPA:0.7333333333333333	GDGSRQPS:0.43333333333333335	IIYVPLGY:0.43333333333333335	YGNFPAQW:0.7	HHGIIYVP:0.5333333333333333	RYGNFPAQ:0.7333333333333333	FWGKYAGL:0.2	HGIIYVPL:0.43333333333333335	GGGQESTA:0.4666666666666667	QGGGQEST:0.2	IYVPLGYK:0.43333333333333335	PTRYGNFP:0.8666666666666667	YVPLGYKT:0.23333333333333334	WGKYAGLF:0.3	GIIYVPLG:0.43333333333333335	AQGKAFYE:0.23333333333333334	AGTFAGGD:0.23333333333333334	IPTRYGNF:0.8	GIEKAGGT:0.3333333333333333	MSTFAHHG:0.2	KIAIVYYS:0.36666666666666664	EKAGGTAD:0.3333333333333333	AHHGIIYV:0.26666666666666666	FAGGDGSR:0.23333333333333334	AEKAGIEK:0.23333333333333334	AWGAGTFA:0.3333333333333333	GGTADLYQ:0.2	AIVYYSMY:0.36666666666666664	LAEAEKAG:0.26666666666666666	TFAGGDGS:0.23333333333333334	AMSTFAHH:0.2	YVPLGYAK:0.2	IYVPLGYA:0.2	GSAWGAGT:0.3333333333333333	VYYSMYGH:0.36666666666666664	IVYYSMYG:0.36666666666666664	IAIVYYSM:0.3333333333333333	IEKAGGTA:0.3333333333333333	WGAGTFAG:0.5	STASQGGG:0.2	PAQWKAFW:0.4	AGGDGSRQ:0.26666666666666666	EAEKAGIE:0.26666666666666666	MAPKIAIV:0.6	SAWGAGTF:0.3333333333333333	GTFAGGDG:0.23333333333333334	ASQGGGQE:0.2	YSMYGHIK:0.26666666666666666	KAGIEKAG:0.3	GNFPAQWK:0.6666666666666666	FPAQWKAF:0.4	PKIAIVYY:0.36666666666666664	AGGTADLY:0.2	APKIAIVY:0.36666666666666664	RGGSAWGA:0.2	GGSAWGAG:0.3333333333333333	NFPAQWKA:0.4	YYSMYGHI:0.43333333333333335	AAMSTFAH:0.2	KAGGTADL:0.3	GIPTRYGN:0.8	GAGTFAGG:0.23333333333333334	QLAEAEKA:0.26666666666666666	AQWKAFWD:0.4	AEAEKAGI:0.26666666666666666	EKAGIEKA:0.23333333333333334	SMYGHIKQ:0.2	TASQGGGQ:0.2	AGIEKAGG:0.3	AGDGSRQP:0.2	DGSRQPSE:0.23333333333333334	VLAKMHAP:0.3	RQPSAKEL:0.2	SPWGAGTF:0.4	PLGYKHTF:0.2	VPLGYKHT:0.23333333333333334	SAKELELA:0.2	THHGIIYV:0.2	SRQPSAKE:0.23333333333333334	GGSPWGAG:0.4666666666666667	LFGIPTRY:0.5	AQWKTFWD:0.26666666666666666	NFPAQWKT:0.26666666666666666	QWKTFWDK:0.23333333333333334	KTFWDKTG:0.26666666666666666	LTHHGIIY:0.2	PAQWKTFW:0.26666666666666666	DLSEVRGG:0.2	GSPWGAGT:0.5	PSAKELEL:0.2	GKYAGLFV:0.43333333333333335	WKTFWDKT:0.23333333333333334	QPSAKELE:0.2	STLTHHGI:0.2	FLFGIPTR:0.36666666666666664	FPAQWKTF:0.26666666666666666	YVPLGYKH:0.2	GGGQETTA:0.23333333333333334	APKIAIVF:0.23333333333333334	GSRQPSAK:0.23333333333333334	TLTHHGII:0.2	DGSRQPSA:0.36666666666666664	LSEVRGGS:0.2	FGIPTRYG:0.5	RGGSPWGA:0.3333333333333333	LGYKHTFA:0.2	DVLAKMHA:0.23333333333333334	PGGGQEST:0.26666666666666666	AKMHAPPK:0.26666666666666666	LAKMHAPP:0.26666666666666666	SRQPTPLE:0.2	ESTAIAAM:0.26666666666666666	YAGLFVST:0.3333333333333333	RQPTPLEL:0.2	STAIAAMS:0.26666666666666666	TAIAAMST:0.26666666666666666	PWGAGTFA:0.23333333333333334	GQESTAIA:0.3	QPTPLELE:0.2	KYAGLFVS:0.3333333333333333	QESTAIAA:0.26666666666666666	GGQESTAI:0.3	YDGFLFGI:0.2	STLAHHGI:0.2	DGFLFGIP:0.2	GFLFGIPT:0.2	LGGGQEST:0.2	YGHIRQLA:0.2	AAMSTLAH:0.2	EAEKKGIE:0.2	AEAEKKGI:0.2	ADGSRQPS:0.26666666666666666	AGLFVSTG:0.23333333333333334	AGADGSRQ:0.26666666666666666	GADGSRQP:0.3	LAEAEKKG:0.2	MSTLAHHG:0.26666666666666666	AMSTLAHH:0.2	AGGTADLF:0.2	GGTADLFQ:0.2	FAGADGSR:0.2	AGTFAGAD:0.2	TFAGADGS:0.2	GAGTFAGA:0.2	GTFAGADG:0.2	
