cluster number:3
AA6:23	AA6:23
ITQLVHHG:0.34782608695652173	AGDGSRQP:0.30434782608695654	LGKMGAPP:0.21739130434782608	TQLVHHGM:0.34782608695652173	GSRQPTEL:0.21739130434782608	DATGGLWR:0.34782608695652173	QLVHHGMI:0.30434782608695654	MAAQFKAF:0.21739130434782608	YGHVEKLA:0.21739130434782608	EEVLGKMG:0.21739130434782608	KLWQVPET:0.21739130434782608	VPETLPEE:0.21739130434782608	HHGMIFVP:0.30434782608695654	VYYSMYGH:0.30434782608695654	GGSPYGAG:0.6086956521739131	FVPIGYTF:0.2608695652173913	VHHGMIFV:0.2608695652173913	SVEGVEAK:0.2608695652173913	LVHHGMIF:0.21739130434782608	GSPYGAGT:0.43478260869565216	GQETTPLT:0.2608695652173913	QGGGQETT:0.6521739130434783	GGGQETTP:0.2608695652173913	KGGSPYGA:0.2608695652173913	GSQGGGQE:0.2608695652173913	LWQVPETL:0.30434782608695654	QAFHQGKY:0.2608695652173913	FHQGKYFA:0.30434782608695654	ATGGLWRT:0.21739130434782608	AGKPAGIF:0.34782608695652173	EVLGKMGA:0.21739130434782608	PETLPEEV:0.21739130434782608	SQGGGQET:0.34782608695652173	YYSMYGHV:0.30434782608695654	SRQPTELE:0.21739130434782608	DGSRQPTE:0.21739130434782608	VLGKMGAP:0.21739130434782608	TGSQGGGQ:0.21739130434782608	VPIGYTFG:0.34782608695652173	LAGKPAGI:0.34782608695652173	WQVPETLP:0.21739130434782608	ETLPEEVL:0.2608695652173913	VKGGSPYG:0.21739130434782608	GGQETTPL:0.2608695652173913	AFHQGKYF:0.30434782608695654	TGGLWRTQ:0.21739130434782608	RQPTELEL:0.2608695652173913	TQLAHHGM:0.2608695652173913	TFAGDGSR:0.21739130434782608	AGTFAGDG:0.21739130434782608	HHGMLFVP:0.21739130434782608	GTFAGDGS:0.21739130434782608	FAGDGSRQ:0.21739130434782608	SPYGAGTF:0.2608695652173913	LAHHGMLF:0.21739130434782608	QSLAGKPA:0.2608695652173913	ITQLAHHG:0.21739130434782608	QLAHHGML:0.21739130434782608	SLAGKPAG:0.2608695652173913	PYGAGTFA:0.2608695652173913	GAGTFAGD:0.21739130434782608	FGFPTRFG:0.43478260869565216	GQETTALT:0.2608695652173913	GGQETTAL:0.2608695652173913	GFPTRFGM:0.391304347826087	ALTAITQL:0.21739130434782608	AITQLVHH:0.21739130434782608	QETTALTA:0.21739130434782608	GGGQETTA:0.34782608695652173	LFGFPTRF:0.2608695652173913	TAITQLVH:0.21739130434782608	FPTRFGMM:0.391304347826087	YTFGAGMF:0.21739130434782608	SRQPSELE:0.21739130434782608	TFGAGMFE:0.21739130434782608	RFGMMAAQ:0.34782608695652173	DGSRQPSE:0.30434782608695654	GSRQPSEL:0.21739130434782608	TRFGMMAA:0.34782608695652173	RQPSELEL:0.2608695652173913	GYTFGAGM:0.21739130434782608	PTRFGMMA:0.34782608695652173	STGTQGGG:0.30434782608695654	GTQGGGQE:0.2608695652173913	TQGGGQET:0.30434782608695654	TGTQGGGQ:0.2608695652173913	KYFAGIAK:0.21739130434782608	FAGIAKKL:0.21739130434782608	GIAKKLKG:0.21739130434782608	GKYFAGIA:0.21739130434782608	FVPVGYTF:0.21739130434782608	VPVGYTFG:0.21739130434782608	PVGYTFGA:0.21739130434782608	YFAGIAKK:0.21739130434782608	AGIAKKLK:0.21739130434782608	IAKKLKGS:0.2608695652173913	QGKYFAGI:0.21739130434782608	HQGKYFAG:0.21739130434782608	KAFFDATG:0.2608695652173913	FDATGGLW:0.2608695652173913	AFFDATGG:0.2608695652173913	FFDATGGL:0.2608695652173913	MAAQMKAF:0.2608695652173913	AAQMKAFF:0.2608695652173913	AQMKAFFD:0.2608695652173913	KVYVVYYS:0.21739130434782608	FGMMAAQM:0.21739130434782608	GMMAAQMK:0.21739130434782608	
