cluster number:1
AA6:7	AA6:7
IYVPFGFA:0.42857142857142855	MIYVPFGF:0.5714285714285714	SEVVGGSA:0.5714285714285714	KFAGTFFS:0.42857142857142855	EVVGGSAY:0.5714285714285714	GKFAGTFF:0.42857142857142855	VGGSAYGA:0.5714285714285714	KGLEAVGV:0.2857142857142857	LFDNSEVV:0.5714285714285714	QETTSLTT:0.2857142857142857	AGTVANGD:0.5714285714285714	GTFFSTAS:0.42857142857142855	HGMIYVPF:0.5714285714285714	NGDGSRQP:0.7142857142857143	GQETTSLT:0.2857142857142857	FAGTFFST:0.42857142857142855	VQKGLEAV:0.2857142857142857	AGTFFSTA:0.42857142857142855	TASQHGGQ:0.5714285714285714	HGGQETTS:0.2857142857142857	HHGMIYVP:0.5714285714285714	STASQHGG:0.5714285714285714	TVANGDGS:0.5714285714285714	FFSTASQH:0.5714285714285714	GGSAYGAG:0.8571428571428571	QKGLEAVG:0.2857142857142857	GTVANGDG:0.5714285714285714	TFFSTASQ:0.42857142857142855	VANGDGSR:0.5714285714285714	GLEAVGVE:0.2857142857142857	VVGGSAYG:0.5714285714285714	MHAPAKPD:0.2857142857142857	FSTASQHG:0.5714285714285714	YGAGTVAN:0.5714285714285714	AYGAGTVA:0.5714285714285714	AHHGMIYV:0.5714285714285714	EVQKGLEA:0.2857142857142857	GSAYGAGT:0.8571428571428571	FGIPTRFG:0.5714285714285714	SAYGAGTV:0.7142857142857143	ETTSLTTI:0.2857142857142857	GGQETTSL:0.2857142857142857	KMHAPAKP:0.2857142857142857	ASQHGGQE:0.7142857142857143	NSEVVGGS:0.5714285714285714	GAGTVANG:0.5714285714285714	SQHGGQET:0.7142857142857143	FAHHGMIY:0.5714285714285714	FDNSEVVG:0.5714285714285714	DNSEVVGG:0.5714285714285714	GMIYVPFG:0.5714285714285714	ANGDGSRQ:0.5714285714285714	QHGGQETT:0.7142857142857143	ETLSPEVL:0.2857142857142857	PETLSPEV:0.2857142857142857	YQVPETLS:0.2857142857142857	HLFDNSEV:0.42857142857142855	GDGSRQPS:0.5714285714285714	QVPETLSP:0.2857142857142857	YVPFGFAN:0.42857142857142855	VPETLSPE:0.2857142857142857	QPSEKELA:0.2857142857142857	NTHLFDNS:0.2857142857142857	FGFANTHL:0.2857142857142857	SRQPSEKE:0.2857142857142857	GIPTRFGT:0.5714285714285714	SEKELAIA:0.2857142857142857	THLFDNSE:0.2857142857142857	PSEKELAI:0.2857142857142857	GSRQPSEK:0.2857142857142857	LWASGALA:0.42857142857142855	IPTRFGTM:0.42857142857142855	DGSRQPSE:0.42857142857142855	ILEKMHAP:0.2857142857142857	FLDATGQL:0.2857142857142857	LDATGQLW:0.2857142857142857	ANTHLFDN:0.2857142857142857	LYYSTYGH:0.2857142857142857	QVPETLSE:0.2857142857142857	SGALAGKF:0.2857142857142857	TRFGTMPA:0.42857142857142855	FGTMPAQW:0.2857142857142857	GFANTHLF:0.2857142857142857	YLAHHGIN:0.2857142857142857	WASGALAG:0.42857142857142855	VPFGFANT:0.2857142857142857	PFGFANTH:0.2857142857142857	RFGTMPAQ:0.42857142857142855	AHHGINYV:0.2857142857142857	LAHHGINY:0.2857142857142857	DATGQLWA:0.2857142857142857	FANTHLFD:0.2857142857142857	PTRFGTMP:0.42857142857142855	RQPSEKEL:0.2857142857142857	ASGALAGK:0.42857142857142855	FQVPETLS:0.2857142857142857	LFGIPTRF:0.2857142857142857	HGGQETTA:0.42857142857142855	FFAHHGMI:0.2857142857142857	LFQVPETL:0.2857142857142857	IGGSAYGA:0.2857142857142857	GGQETTAY:0.2857142857142857	VIGGSAYG:0.2857142857142857	
