cluster number:7
CE6:66	CE6:66|CE1:13|3.1.1.72:4|GH95:3|GH43_10:2|GH43_17:1|CBM5:1|CBM4:1|GH10:1|CBM9:1
GGCKIELF:0.2727272727272727	HQGESNTG:0.5151515151515151	LHQGESNT:0.5303030303030303	GILLHQGE:0.7878787878787878	VGGCKIEL:0.25757575757575757	QGESNTGD:0.48484848484848486	LLHQGESN:0.6060606060606061	ILLHQGES:0.5909090909090909	FGQSNMEG:0.6666666666666666	LCFGQSNM:0.4090909090909091	GVIKGILL:0.696969696969697	PLLAGEVV:0.2727272727272727	QSNMEGNA:0.30303030303030304	DGVIKGIL:0.3939393939393939	KGILLHQG:0.7575757575757576	GCKIELFD:0.22727272727272727	AQKDGVIK:0.2878787878787879	CFGQSNME:0.4393939393939394	IKGILLHQ:0.7575757575757576	KDGVIKGI:0.3484848484848485	VPLLAGEV:0.25757575757575757	VIKGILLH:0.696969696969697	GQSNMEGN:0.3181818181818182	CKIELFDK:0.21212121212121213	QKDGVIKG:0.2878787878787879	TGLTPADY:0.2878787878787879	PADYFGRT:0.2878787878787879	TPADYFGR:0.25757575757575757	NVAVGGCK:0.21212121212121213	VAVGGCKI:0.21212121212121213	YLCFGQSN:0.22727272727272727	GLTPADYF:0.2878787878787879	LTPADYFG:0.2878787878787879	AVGGCKIE:0.21212121212121213	DPNFHIYL:0.22727272727272727	AAGYRELG:0.21212121212121213	RELGKRYA:0.22727272727272727	
