cluster number:4
CBM54:21	CBM54:21|CBM4:15|GH16:15|CBM6:12|3.2.1.73:2|3.2.1.6:1
CGEIDIME:0.3333333333333333	GYEDGTFR:0.23809523809523808	NYIYNGTF:0.2857142857142857	GIWPAIWM:0.2857142857142857	YIYNGTFD:0.2857142857142857	EIDIMELL:0.5238095238095238	NITRAEFV:0.23809523809523808	IMELLGHE:0.3333333333333333	WPAIWMMP:0.6190476190476191	QGIWPAIW:0.2857142857142857	AIWMMPED:0.3333333333333333	DIMELLGH:0.47619047619047616	MELLGHEP:0.3333333333333333	YEDGTFRP:0.23809523809523808	IDIMELLG:0.5238095238095238	PEGQTFAD:0.23809523809523808	PAIWMMPE:0.3333333333333333	GNYIYNGT:0.2857142857142857	YNGTFDQG:0.5714285714285714	GQGIWPAI:0.2857142857142857	DGNYIYNG:0.2857142857142857	LPEGQTFA:0.23809523809523808	YTYPAPFD:0.6190476190476191	IWPAIWMM:0.2857142857142857	DYTYPAPF:0.3333333333333333	GEIDIMEL:0.5714285714285714	EWEPGEIR:0.3333333333333333	IYNGTFDQ:0.5714285714285714	IEWEPGEI:0.2857142857142857	GGYGNNEL:0.3333333333333333	AVGGNWPG:0.3333333333333333	SGEIDIME:0.23809523809523808	NGTFDQGD:0.3333333333333333	GYGNNELQ:0.38095238095238093	RPENARVE:0.3333333333333333	TYPAPFDR:0.47619047619047616	AVGGDWPG:0.23809523809523808	GNLIYNGT:0.23809523809523808	NLIYNGSF:0.23809523809523808	DGNLIYNG:0.2857142857142857	NLIYNGTF:0.23809523809523808	LIYNGSFD:0.23809523809523808	GNLIYNGS:0.23809523809523808	LIYNGTFD:0.23809523809523808	
