cluster number:6
CBM54:6	CBM54:6
EGYADALS:0.3333333333333333	YADALSAA:0.3333333333333333	ADALSAAP:0.3333333333333333	NYASVAVT:0.3333333333333333	EAVSANYA:0.3333333333333333	ASGEGYAD:0.3333333333333333	GEGYADAL:0.3333333333333333	ANYASVAV:0.3333333333333333	ASVAVTDV:0.3333333333333333	GEAVSANY:0.3333333333333333	SVAVTDVV:0.3333333333333333	VSANYASV:0.3333333333333333	AVSANYAS:0.3333333333333333	YASVAVTD:0.3333333333333333	GYADALSA:0.3333333333333333	SANYASVA:0.3333333333333333	DAPILLTK:0.3333333333333333	SGEGYADA:0.3333333333333333	GYQDGTFK:0.3333333333333333	DTVNGTYT:0.3333333333333333	RCDTVNGT:0.3333333333333333	VNGTYTNI:0.3333333333333333	GYPDGTFK:0.3333333333333333	TVNGTYTN:0.3333333333333333	YPDGTFKP:0.3333333333333333	CDTVNGTY:0.3333333333333333	YQDGTFKP:0.3333333333333333	GTFKPDKP:0.3333333333333333	DGTFKPDK:0.3333333333333333	
