cluster number:2
CBM54:11	CBM54:11|CBM4:6|GH16:6|CBM32:2|3.2.1.39:1|3.2.1.6:1
AVGGNFDG:0.36363636363636365	PTATATPT:0.2727272727272727	SGEIDIME:0.36363636363636365	GKTYELSF:0.2727272727272727	YKLSFDAK:0.5454545454545454	LAVGGNFD:0.36363636363636365	WPAIWMLP:0.2727272727272727	PAIWMLPE:0.2727272727272727	NLAVGGNF:0.36363636363636365	ITRAEAVV:0.2727272727272727	SGELDIME:0.2727272727272727	WEPGEIRW:0.36363636363636365	EPGEIRWY:0.36363636363636365	EIRWYVDG:0.45454545454545453	GEIRWYVD:0.45454545454545453	PGEIRWYV:0.45454545454545453	EWEPGEIR:0.36363636363636365	VDYVRAYE:0.2727272727272727	PYTSGRLW:0.2727272727272727	KPYTSGRL:0.2727272727272727	VEWEPGEI:0.2727272727272727	YAFPAPFD:0.2727272727272727	GKPYTSGR:0.2727272727272727	YTSGRLWT:0.2727272727272727	WNFLHTPD:0.2727272727272727	TSGRLWTS:0.2727272727272727	
