cluster number:7
CBM34:105	CBM34:105|GH13_39:97|GH77:26|GH13:6|GH13_20:2
LDGVFSHT:0.49523809523809526	FSHTGSDS:0.2761904761904762	VADELPDE:0.26666666666666666	YQIFVDRF:0.3047619047619048	IYQIFVDR:0.22857142857142856	IGEVWEDA:0.5904761904761905	DGVFSHTG:0.5047619047619047	DELPDEFI:0.34285714285714286	GVFSHTGS:0.38095238095238093	GWRLDVAD:0.6285714285714286	IILDGVFS:0.44761904761904764	VWEDASNK:0.4666666666666667	EDASNKIS:0.3238095238095238	YYGDEAGL:0.47619047619047616	GEVWEDAS:0.5619047619047619	RWDFYGGN:0.26666666666666666	WEDASNKI:0.34285714285714286	WRLDVADE:0.6476190476190476	MSLYENYP:0.20952380952380953	WDFYGGNL:0.24761904761904763	DVADELPD:0.5428571428571428	RLDVADEL:0.638095238095238	ADELPDEF:0.26666666666666666	VFSHTGSD:0.2761904761904762	LDVADELP:0.5904761904761905	ELDSVTNY:0.20952380952380953	DASNKISY:0.37142857142857144	EVWEDASN:0.4666666666666667	ILDGVFSH:0.5428571428571428	LIGEVWED:0.5142857142857142	PYLKELGI:0.2761904761904762	DASNKVSY:0.2571428571428571	PCIYYGDE:0.3619047619047619	VLIGEVWE:0.38095238095238093	WEDASNKV:0.29523809523809524	LYENYPRE:0.2	EDASNKVS:0.24761904761904763	SVLIGEVW:0.2	HKYDTGDY:0.22857142857142856	DTERILTV:0.20952380952380953	PGVPLIYY:0.2571428571428571	IWEDASNK:0.23809523809523808	ASNKVSYS:0.20952380952380953	PLIYYGDE:0.2571428571428571	VPLIYYGD:0.2571428571428571	GVPLIYYG:0.2571428571428571	TERILTVL:0.21904761904761905	IARWDFFG:0.2	FFGGNLRG:0.2	ARWDFFGG:0.2	VFYQIFPD:0.2	DFFGGNLR:0.2	AVFYQIFP:0.2	WDFFGGNL:0.3333333333333333	YQIFPDRF:0.49523809523809526	RWDFFGGN:0.3333333333333333	QIFPDRFY:0.21904761904761905	GTHDTERI:0.26666666666666666	IYYGDEAG:0.5333333333333333	HDTERILT:0.3523809523809524	DRFYNGNE:0.20952380952380953	ASNKISYG:0.21904761904761905	AIYLNPIF:0.24761904761904763	THDTERIL:0.2571428571428571	CIYYGDEA:0.26666666666666666	LGTHDTER:0.20952380952380953	AGVPPDYF:0.20952380952380953	DGWRLDVA:0.20952380952380953	RIILDGVF:0.20952380952380953	GIRIILDG:0.2	IRIILDGV:0.2	YFNKYGNY:0.2	
