cluster number:3
CBM34:711	CBM34:711|GH13_20:697|3.2.1.54:15|3.2.1.133:10|3.2.1.135:5|GH13_21:5|CBM48:3|GH13:1
VWYQIFPE:0.5330520393811533	VMLDAVFN:0.49929676511954996	GSPCIYYG:0.39662447257383965	MLDAVFNH:0.7735583684950773	WYQIFPER:0.6877637130801688	YQIFPERF:0.8016877637130801	NHKYDTID:0.41350210970464135	QIFPERFA:0.7426160337552743	PCIYYGTE:0.2981715893108298	SNHKYDTI:0.3952180028129395	FPERFANG:0.7313642756680732	IFPERFAN:0.7257383966244726	TVWYQIFP:0.5907172995780591	RVMLDAVF:0.20675105485232068	PSNHKYDT:0.25035161744022505	IMLDAVFN:0.2714486638537271	LDAVFNHI:0.29535864978902954	YILGEIWH:0.4781997187060478	IDAWRLDV:0.2869198312236287	FDIDAWRL:0.2320675105485232	DIDAWRLD:0.25316455696202533	YYGDEIGM:0.24050632911392406	DAVFNHIG:0.2883263009845288	HKYDTIDY:0.3558368495077356	IDGWRLDV:0.5611814345991561	DFFGGDLQ:0.20956399437412096	NTANPEVQ:0.2180028129395218	DVANEVDH:0.5274261603375527	FGGDLQGI:0.2812939521800281	LDVANEVD:0.5471167369901547	EFDIDGWR:0.2489451476793249	FFGGDLQG:0.4149085794655415	LDSHDTPR:0.25738396624472576	GWRLDVAN:0.5288326300984529	ILGEIWHD:0.2348804500703235	MPKLNTAN:0.4092827004219409	RLDVANEV:0.5893108298171589	DGWRLDVA:0.5738396624472574	FDIDGWRL:0.279887482419128	LNTANPEV:0.33755274261603374	PKLNTANP:0.38396624472573837	DIDGWRLD:0.33052039381153303	WRLDVANE:0.7566807313642757	GGDLQGII:0.21659634317862167	KLNTANPE:0.34739803094233473	LDAVFNHS:0.22784810126582278	DAVFNHSG:0.2390998593530239	CIYYGDEI:0.26582278481012656	PCIYYGDE:0.3459915611814346	IYYGDEIG:0.3037974683544304	GDQFDAVM:0.2714486638537271	NLLDSHDT:0.32208157524613223	PERFANGD:0.4345991561181435	FNLLDSHD:0.3234880450070324	AWRLDVAN:0.22784810126582278	DAWRLDVA:0.2742616033755274	KVMLDAVF:0.2812939521800281	
