cluster number:533
GT4:19	GT4:19|CE4:1
SMDRFAAM:0.21052631578947367	IHCHDFIA:0.21052631578947367	LFPSLEEG:0.3684210526315789	HVIHCHDF:0.47368421052631576	REGVLALY:0.21052631578947367	FPSLEEGF:0.3157894736842105	LLFPSLEE:0.3157894736842105	SHSMDRFA:0.21052631578947367	YKNREGVL:0.21052631578947367	WYKNREGV:0.21052631578947367	GLRKWLGY:0.21052631578947367	IEAMACGI:0.3157894736842105	RPHVIHCH:0.3157894736842105	FGSHSMDR:0.21052631578947367	HSMDRFAA:0.21052631578947367	NQWYKNRE:0.21052631578947367	LEEGFGWP:0.2631578947368421	GNQWYKNR:0.3684210526315789	EAMACGIP:0.3157894736842105	KNREGVLA:0.21052631578947367	SLEEGFGW:0.2631578947368421	GSHSMDRF:0.21052631578947367	VIHCHDFI:0.21052631578947367	GGNQWYKN:0.3684210526315789	MDRFAAMI:0.21052631578947367	PSLEEGFG:0.3157894736842105	HCHDFIAQ:0.21052631578947367	QWYKNREG:0.21052631578947367	NREGVLAL:0.21052631578947367	PHVIHCHD:0.3684210526315789	FFGSHSMD:0.21052631578947367	VIHCHDFL:0.2631578947368421	WLGYIDQY:0.3157894736842105	IHCHDFLA:0.2631578947368421	KWLGYIDQ:0.3684210526315789	HVVHCHDF:0.21052631578947367	GFGWPIAE:0.3157894736842105	VVYNGLNQ:0.21052631578947367	HVGGNQWY:0.21052631578947367	PIAEAMAS:0.21052631578947367	EGFGWPIA:0.3157894736842105	EVVYNGLN:0.21052631578947367	GWPIAEAM:0.3157894736842105	HCHDFLAQ:0.21052631578947367	SEVVYNGL:0.21052631578947367	IAEAMASG:0.21052631578947367	WPIAEAMA:0.3157894736842105	AEAMASGC:0.2631578947368421	FGWPIAEA:0.3157894736842105	VGGNQWYK:0.21052631578947367	AMASGCPV:0.21052631578947367	MASGCPVI:0.21052631578947367	ASGCPVIT:0.21052631578947367	APMNEVGG:0.21052631578947367	SGCPVITT:0.21052631578947367	EAMASGCP:0.21052631578947367	
