cluster number:673
GT4:14	GT4:14
HHASFALT:0.21428571428571427	VRVTRTPI:0.21428571428571427	QKAEAADL:0.2857142857142857	ADLVLPSK:0.7142857142857143	LIPQKAEA:0.2857142857142857	LVGINYAP:0.2857142857142857	WLHVQDFE:0.5	DLVLPSKL:0.8571428571428571	MATADFHL:0.21428571428571427	LYSGTMSN:0.2857142857142857	LMATADFH:0.21428571428571427	LAGEGPHK:0.21428571428571427	GLVIPPGD:0.21428571428571427	ITAPPYYP:0.21428571428571427	ADFHLIPQ:0.2857142857142857	ATADFHLI:0.21428571428571427	RVTRTPIY:0.21428571428571427	NYAPDLIG:0.35714285714285715	TADFHLIP:0.2857142857142857	PDLIGVAK:0.35714285714285715	RLVHHASF:0.2857142857142857	APSLMSAA:0.2857142857142857	DRRTIVRR:0.21428571428571427	EVDAAFDL:0.2857142857142857	ILAGEGPH:0.21428571428571427	VLPSKLGA:0.21428571428571427	RRTIVRRW:0.21428571428571427	SWLHVQDF:0.2857142857142857	QDFEVDAA:0.42857142857142855	DFEVDAAF:0.42857142857142855	GTGLAAEV:0.21428571428571427	VDAAFDLG:0.2857142857142857	HLIPQKAE:0.2857142857142857	EAADLVLP:0.2857142857142857	KAEAADLV:0.2857142857142857	FEVDAAFD:0.2857142857142857	LVHHASFA:0.2857142857142857	APDLIGVA:0.35714285714285715	AGLVIPPG:0.21428571428571427	WDRRTIVR:0.21428571428571427	VITAPPYY:0.21428571428571427	PQKAEAAD:0.2857142857142857	GINYAPDL:0.35714285714285715	HVQDFEVD:0.42857142857142855	EVRNWIDT:0.21428571428571427	YAPDLIGV:0.35714285714285715	LIGVAKYN:0.42857142857142855	VHHASFAL:0.2857142857142857	LVLPSKLG:0.35714285714285715	DLIGVAKY:0.35714285714285715	VGINYAPD:0.21428571428571427	AEAADLVL:0.2857142857142857	DFHLIPQK:0.2857142857142857	RWDRRTIV:0.21428571428571427	TRTPIYVP:0.21428571428571427	AAFDLGLL:0.21428571428571427	SGTMSNKQ:0.2857142857142857	VQDFEVDA:0.42857142857142855	VAPSLMSA:0.21428571428571427	LHVQDFEV:0.5	LLVGINYA:0.2857142857142857	GTMSNKQG:0.2857142857142857	INYAPDLI:0.35714285714285715	IPQKAEAA:0.2857142857142857	DAAFDLGL:0.21428571428571427	AADLVLPS:0.7142857142857143	GVRVTRTP:0.21428571428571427	TMSNKQGL:0.2857142857142857	YSGTMSNK:0.2857142857142857	VTRTPIYV:0.21428571428571427	FHLIPQKA:0.2857142857142857	HASFALTS:0.21428571428571427	GLYSGTMS:0.21428571428571427	ILLVGINY:0.2857142857142857	LASGRPVI:0.21428571428571427	AKYNTELC:0.21428571428571427	IGVAKYNT:0.2857142857142857	MRILLVGI:0.2857142857142857	ASGRPVIA:0.21428571428571427	KYNTELCE:0.21428571428571427	SNKQGLDL:0.2857142857142857	VAKYNTEL:0.21428571428571427	MSNKQGLD:0.2857142857142857	RILLVGIN:0.2857142857142857	VGLYSGTM:0.21428571428571427	PSLMSAAF:0.21428571428571427	GVAKYNTE:0.2857142857142857	VDAAFELG:0.21428571428571427	EVDAAFEL:0.21428571428571427	GMLASGRP:0.21428571428571427	VSTISPQM:0.2857142857142857	LVLPSKLA:0.21428571428571427	QDFEVEAA:0.21428571428571427	ILHHASFA:0.21428571428571427	VAPSLLSA:0.21428571428571427	RILHHASF:0.21428571428571427	VTAPPYYP:0.21428571428571427	
