cluster number:1149
GT4:11	GT4:11
AAEKGVEV:0.36363636363636365	GLVQVEAM:0.45454545454545453	LVVPSLNS:0.2727272727272727	LTIYVERL:0.2727272727272727	GLARRGHQ:0.2727272727272727	SGLTIYVE:0.2727272727272727	PVIGMAAR:0.2727272727272727	PQFDAPGL:0.2727272727272727	QFDAPGLA:0.2727272727272727	ARLAAEKG:0.2727272727272727	AEKGVEVL:0.36363636363636365	RLAAEKGV:0.2727272727272727	ARRGHQVT:0.2727272727272727	TVLTSQYD:0.36363636363636365	EKGVEVLL:0.36363636363636365	PNLDVLVV:0.2727272727272727	RRGHQVTV:0.2727272727272727	DVLVVPSL:0.2727272727272727	DAPGLALR:0.2727272727272727	FGLVQVEA:0.45454545454545453	APGLALRG:0.2727272727272727	GLTIYVER:0.2727272727272727	VTVLTSQY:0.36363636363636365	VVPSLNST:0.2727272727272727	NLDVLVVP:0.2727272727272727	LHLPQFDA:0.36363636363636365	LARRGHQV:0.2727272727272727	FDAPGLAL:0.2727272727272727	VLTSQYDP:0.2727272727272727	VLVVPSLN:0.2727272727272727	LAAEKGVE:0.2727272727272727	LPQFDAPG:0.36363636363636365	VPSLNSTE:0.2727272727272727	HLPQFDAP:0.36363636363636365	LDVLVVPS:0.2727272727272727	VLTYHCDL:0.36363636363636365	LPGVRQPV:0.2727272727272727	DLPGVRQP:0.2727272727272727	
