cluster number:1905
GT4:15	GT4:15
LDLLAEAL:0.3333333333333333	RYVVATRV:0.2	LMFGRLLP:0.4	APRILMFG:0.2	AIASGRYV:0.2	VAICAMPG:0.2	RVGGLVEQ:0.2	GVGAMAIA:0.2	RILMFGRL:0.2	IASGRYVV:0.2	GAMAIASG:0.2	IVTFSRHV:0.2	VIVHDAQP:0.2	AMPGPLDL:0.26666666666666666	ILMFGRLL:0.2	GRYVVATR:0.2	TRVGGLVE:0.2	QIVTFSRH:0.2	VTFSRHVA:0.2	GAPRILMF:0.2	PYKGLDLL:0.4666666666666667	ASGRYVVA:0.2	EAPPPVRP:0.2	VVLPYREA:0.4666666666666667	DIVVLPYR:0.2	IVVIVHDA:0.2	DLLAEALP:0.2	SQSGVGAM:0.26666666666666666	ADIVVLPY:0.2	LLPYKGLD:0.5333333333333333	WADIVVLP:0.2	REASQSGV:0.7333333333333333	MAIASGRY:0.2	VATRVGGL:0.2	VVATRVGG:0.2	QSGVGAMA:0.26666666666666666	PRILMFGR:0.2	ILEAPPPV:0.2	YVVATRVG:0.2	PYREASQS:0.7333333333333333	VVIVHDAQ:0.2	ADQIVTFS:0.2	FGRLLPYK:0.4666666666666667	VLPYREAS:0.6666666666666666	AMAIASGR:0.2	KGLDLLAE:0.3333333333333333	ICAMPGPL:0.2	IVHDAQPH:0.2	HDAQPHPG:0.2	VHDAQPHP:0.2	YKGLDLLA:0.4	RLLPYKGL:0.5333333333333333	IVVLPYRE:0.2	VRVENRWV:0.26666666666666666	CAMPGPLD:0.3333333333333333	AQPHPGDG:0.2	LAHPPFIG:0.2	PHPGDGYP:0.2	MFGRLLPY:0.4	VGGLVEQF:0.2	LEAPPPVR:0.2	SGVGAMAI:0.2	DAQPHPGD:0.2	LPYREASQ:0.7333333333333333	QPHPGDGY:0.2	AICAMPGP:0.2	LPYKGLDL:0.4666666666666667	EASQSGVG:0.3333333333333333	SGRYVVAT:0.2	DVAICAMP:0.26666666666666666	VGAMAIAS:0.2	YREASQSG:0.7333333333333333	GLDLLAEA:0.3333333333333333	PDVAICAM:0.26666666666666666	GGLVEQFS:0.2	ATRVGGLV:0.2	ASQSGVGA:0.3333333333333333	DQIVTFSR:0.2	GRLLPYKG:0.5333333333333333	LVWQWGRR:0.26666666666666666	RPDVAICA:0.2	GRRGAGPR:0.2	WGRRGAGP:0.2	QWGRRGAG:0.2	WQWGRRGA:0.2	VWQWGRRG:0.26666666666666666	PRLLMFGR:0.2	LLMFGRLL:0.26666666666666666	RLLMFGRL:0.26666666666666666	TPVGGLAE:0.2	RFLFFGRL:0.2	PVGGLAEQ:0.2	AYKGLDLL:0.2	AVVLPYRE:0.2	AHPGDGYP:0.2	LIAWADVL:0.2	NRWVPEDE:0.2	ENRWVPED:0.2	VENRWVPE:0.2	QWGRRGGG:0.2	VLVWQWGR:0.2	RRGGGPRF:0.2	GRRGGGPR:0.2	WGRRGGGP:0.2	WQWGRRGG:0.2	VVTPVGGL:0.2	
