cluster number:377
GT4:179	GT4:179
GYPRLSET:0.6424581005586593	KGYPRLSE:0.6424581005586593	HAKDIWTS:0.659217877094972	RLSETFIA:0.8212290502793296	SAHAKDIW:0.8044692737430168	AVEKKGYD:0.26256983240223464	SVGRAVEK:0.2849162011173184	RDGLPNVL:0.7318435754189944	AHAKDIWT:0.8044692737430168	WSFSAHAK:0.24581005586592178	RAVEKKGY:0.26256983240223464	SFSAHAKD:0.26256983240223464	DRDGLPNV:0.8491620111731844	SETFIAQE:0.8268156424581006	LSVGRAVE:0.26256983240223464	PRLSETFI:0.8212290502793296	GRAVEKKG:0.3016759776536313	YPRLSETF:0.6480446927374302	DGLPNVLM:0.30726256983240224	VGRAVEKK:0.2849162011173184	FSAHAKDI:0.30726256983240224	LPNVLMEA:0.30726256983240224	GDRDGLPN:0.8547486033519553	GLPNVLME:0.30726256983240224	LSETFIAQ:0.8212290502793296	DGLPNVLV:0.4245810055865922	PEYLHEEP:0.33519553072625696	RLGQALVL:0.3016759776536313	VLVEASSQ:0.33519553072625696	RHPVHDEI:0.4022346368715084	NGLVVPPE:0.24581005586592178	NVLVEASS:0.33519553072625696	DGDRDGLP:0.4748603351955307	VHLSYHGL:0.39106145251396646	LKGYPRLS:0.48044692737430167	TFIAQELL:0.5027932960893855	LSYHGLDL:0.4134078212290503	KRHPVHDE:0.39664804469273746	FIHTPASV:0.39664804469273746	HLSYHGLD:0.40782122905027934	RWTVTCTR:0.2681564245810056	IAQELLGL:0.45251396648044695	GLPNVLVE:0.4245810055865922	LHAHFIHT:0.3463687150837989	YLPEYLHE:0.3407821229050279	NRFRRLGQ:0.2346368715083799	RRLGQALV:0.3128491620111732	HFIHTPAS:0.39664804469273746	RFRRLGQA:0.2346368715083799	PVHDEIRA:0.2011173184357542	VVLKGYPR:0.3575418994413408	CSAHAKDI:0.36312849162011174	WLHAHFIH:0.3463687150837989	FIAQELLG:0.45251396648044695	HAHFIHTP:0.35195530726256985	PWTCSAHA:0.25139664804469275	IHTPASVT:0.3240223463687151	FRRLGQAL:0.22346368715083798	VEASSQRL:0.31843575418994413	TCSAHAKD:0.25139664804469275	LPEYLHEE:0.33519553072625696	KKGYDVLL:0.27932960893854747	ARWTVTCT:0.29608938547486036	LPNVLVEA:0.4245810055865922	AQELLGLE:0.43575418994413406	LVEASSQR:0.3240223463687151	PNVLVEAS:0.33519553072625696	AHFIHTPA:0.35195530726256985	VHYLPEYL:0.21787709497206703	SRNRFRRL:0.2346368715083799	WTCSAHAK:0.25139664804469275	HPVHDEIR:0.2011173184357542	ETFIAQEL:0.659217877094972	VLKGYPRL:0.4022346368715084	RNRFRRLG:0.2346368715083799	VLMEAASQ:0.20670391061452514	KDIWTSPD:0.40782122905027934	IWTSPDWE:0.3463687150837989	PNVLMEAA:0.21787709497206703	VGRLVEKK:0.2011173184357542	YAHFLHTP:0.20670391061452514	NVLMEAAS:0.20670391061452514	AKDIWTSP:0.45251396648044695	DIWTSPDW:0.40782122905027934	GRLVEKKG:0.20670391061452514	PTDKKRHP:0.25139664804469275	ADLFALAC:0.24581005586592178	RPTDKKRH:0.22346368715083798	DLFALACR:0.24581005586592178	TDKKRHPV:0.2346368715083799	LFALACRI:0.22346368715083798	DKKRHPVH:0.2346368715083799	MRRPTDKK:0.22346368715083798	ILSVGRAV:0.2737430167597765	KKRHPVHD:0.22905027932960895	ELLGLEKA:0.22346368715083798	QELLGLEK:0.22346368715083798	RRPTDKKR:0.22346368715083798	LLGLEKAG:0.22346368715083798	SMRRPTDK:0.2122905027932961	LVVPPEDP:0.2122905027932961	ENGLVVPP:0.2011173184357542	GLVVPPED:0.2122905027932961	VYLPEYLH:0.21787709497206703	ILVVLKGY:0.2011173184357542	VEKKGYDV:0.21787709497206703	NGDRDGLP:0.21787709497206703	GYDVLLRA:0.20670391061452514	LVVLKGYP:0.20670391061452514	VVYLPEYL:0.22346368715083798	YDVLLRAL:0.2011173184357542	SYHGLDLA:0.2122905027932961	RVVYLPEY:0.21787709497206703	KGYDVLLR:0.2122905027932961	ANGDRDGL:0.2011173184357542	EKKGYDVL:0.2122905027932961	VSGVPELL:0.2011173184357542	ARVVYLPE:0.21787709497206703	HGLDLARF:0.2346368715083799	YHGLDLAR:0.2346368715083799	WTSPDWEL:0.31843575418994413	
