cluster number:1486
GT4:13	GT4:13
TAHNVWDD:0.23076923076923078	NVWDDELW:0.23076923076923078	AFPPIIGG:0.6153846153846154	PARMSLAK:0.3076923076923077	VLTAHNVW:0.5384615384615384	LVLTAHNV:0.5384615384615384	PPIIGGVE:0.6153846153846154	HPARMSLA:0.3076923076923077	HYFSPVHA:0.23076923076923078	FPPIIGGV:0.6153846153846154	PLVLTAHN:0.5384615384615384	LHWAFPPI:0.46153846153846156	ADVVVYPS:0.23076923076923078	EPFGLVML:0.5384615384615384	LTAHNVWD:0.23076923076923078	PFGLVMLE:0.5384615384615384	WAFPPIIG:0.6153846153846154	RMSLAKGS:0.3076923076923077	AHNVWDDE:0.23076923076923078	MHYFSPVH:0.3076923076923077	IGGVETHL:0.38461538461538464	NMHYFSPV:0.3076923076923077	IPLVLTAH:0.3076923076923077	FGLVMLEA:0.38461538461538464	ARMSLAKG:0.3076923076923077	HWAFPPII:0.6153846153846154	FEEPFGLV:0.3076923076923077	WDAVIAVS:0.3076923076923077	FHPARMSL:0.5384615384615384	HNVWDDEL:0.23076923076923078	EEPFGLVM:0.3076923076923077	HNMHYFSP:0.5384615384615384	HWAFPPTI:0.23076923076923078	FPPTIGGV:0.23076923076923078	RAGGMPEI:0.46153846153846156	AGGMPEIV:0.3076923076923077	TIGGVETH:0.23076923076923078	PPTIGGVE:0.23076923076923078	WAFPPTIG:0.23076923076923078	IFHPARMS:0.8461538461538461	VIFHPARM:0.6153846153846154	AFPPTIGG:0.23076923076923078	GGMPEIVR:0.3076923076923077	PTIGGVET:0.23076923076923078	LHWAFPPT:0.23076923076923078	IGGVESHL:0.5384615384615384	LLVLAGTT:0.23076923076923078	RPIIVSRA:0.23076923076923078	GGVESHLA:0.46153846153846156	VSLLTATA:0.23076923076923078	TNTVDWGQ:0.23076923076923078	GRRLVEEN:0.23076923076923078	LDLNSLTP:0.23076923076923078	SHYIRQEL:0.23076923076923078	IVSRAGGM:0.38461538461538464	VFIRFFPW:0.23076923076923078	QEPFGLVM:0.23076923076923078	AVSHYIRQ:0.23076923076923078	RSPLLDLN:0.23076923076923078	FQEPFGLV:0.23076923076923078	TTNTVDWG:0.23076923076923078	DLNSLTPA:0.23076923076923078	AMLHWAFP:0.3076923076923077	VSRAGGMP:0.5384615384615384	PLLDLNSL:0.38461538461538464	LVMLEAMA:0.3076923076923077	MLHWAFPP:0.3076923076923077	SPLLDLNS:0.23076923076923078	VLLVLAGT:0.46153846153846156	PIIGGVES:0.46153846153846156	VSHYIRQE:0.23076923076923078	MLEAMATA:0.23076923076923078	LLDLNSLT:0.23076923076923078	RRLVEENF:0.23076923076923078	IAVSHYIR:0.23076923076923078	RPDVVHAH:0.23076923076923078	LAGTTNTV:0.23076923076923078	LVLAGTTN:0.23076923076923078	VMLEAMAT:0.23076923076923078	VLAGTTNT:0.23076923076923078	AEVCLYPS:0.23076923076923078	GLVMLEAM:0.3076923076923077	PDVVHAHN:0.23076923076923078	IIFHPARM:0.23076923076923078	VIAVSHYI:0.23076923076923078	IIGGVESH:0.46153846153846156	LLTATAPG:0.23076923076923078	GTTNTVDW:0.23076923076923078	SLLTATAP:0.23076923076923078	SRAGGMPE:0.5384615384615384	AGTTNTVD:0.23076923076923078	PIIVSRAG:0.3076923076923077	IIVSRAGG:0.3076923076923077	AHNMHYFS:0.38461538461538464	GVESHLAM:0.3076923076923077	RVIFHPAR:0.38461538461538464	VESHLAML:0.3076923076923077	CFEEPFGL:0.3076923076923077	SCFEEPFG:0.3076923076923077	RAGGMPEV:0.23076923076923078	GIPLVLTA:0.23076923076923078	YPSCFEEP:0.3076923076923077	HAHNMHYF:0.38461538461538464	IHAHNMHY:0.23076923076923078	PSCFEEPF:0.3076923076923077	TAHNVWED:0.23076923076923078	RRVIFHPA:0.3076923076923077	LTAHNVWE:0.23076923076923078	GRRVIFHP:0.3076923076923077	WQEMNKRA:0.23076923076923078	SLDKGCHI:0.23076923076923078	RMSLDKGC:0.23076923076923078	HLAMLGPA:0.23076923076923078	MLESMASE:0.23076923076923078	PARMSLDK:0.23076923076923078	ESHLAMLG:0.23076923076923078	ARMSLDKG:0.23076923076923078	MSLDKGCH:0.23076923076923078	TWQEMNKR:0.23076923076923078	HPARMSLD:0.23076923076923078	SHLAMLGP:0.23076923076923078	DKGCHISV:0.23076923076923078	LDKGCHIS:0.23076923076923078	
