cluster number:1981
GT4:24	GT4:24
YEGFGLPV:0.5833333333333334	SLYEGFGL:0.5833333333333334	YPSLYEGF:0.5	EGFGLPVL:0.4166666666666667	LYEGFGLP:0.5833333333333334	PSLYEGFG:0.5833333333333334	GFGLPVLE:0.4166666666666667	FGLPVLEA:0.3333333333333333	LFEGFGLP:0.20833333333333334	YTQHLLEG:0.25	MASGVPVL:0.20833333333333334	AEAMASGV:0.20833333333333334	FDLNSLRP:0.20833333333333334	TLQPRKNL:0.3333333333333333	GFGLPVAE:0.2916666666666667	SLRPPRSG:0.25	LSVCTLQP:0.3333333333333333	KLLFDLNS:0.20833333333333334	FPLVLIGA:0.20833333333333334	LNSLRPPR:0.25	CTLQPRKN:0.3333333333333333	EGFGLPVA:0.2916666666666667	VAEAMASG:0.20833333333333334	HETNFVAS:0.20833333333333334	FEGFGLPV:0.20833333333333334	VCTLQPRK:0.3333333333333333	NSLRPPRS:0.25	LFDLNSLR:0.20833333333333334	MKLLFDLN:0.20833333333333334	GYYTQHLL:0.25	YYTQHLLE:0.25	FGLPVAEA:0.2916666666666667	GLPVAEAM:0.25	LLFDLNSL:0.20833333333333334	PVAEAMAS:0.20833333333333334	DLNSLRPP:0.25	TQHLLEGL:0.25	YHETNFVA:0.20833333333333334	LPVAEAMA:0.20833333333333334	SVCTLQPR:0.3333333333333333	VVTIHDLS:0.20833333333333334	FAYPSLYE:0.25	AYPSLYEG:0.2916666666666667	GLPVLEAM:0.25	SAAVFAYP:0.20833333333333334	AAVFAYPS:0.20833333333333334	SGTPVLTS:0.20833333333333334	ASGTPVLT:0.20833333333333334	GTPVLTSN:0.20833333333333334	LPVLEAMA:0.20833333333333334	EAMASGTP:0.20833333333333334	AMASGTPV:0.20833333333333334	GAALEVDP:0.20833333333333334	VLTSNVTS:0.20833333333333334	
