cluster number:766
GT4:17	GT4:17
EPFGRVII:0.7058823529411765	EEPFGRVI:0.47058823529411764	PFGRVIIE:0.7058823529411765	WEEPFGRV:0.47058823529411764	PVIATKVG:0.23529411764705882	IATKVGGI:0.23529411764705882	ATKVGGIP:0.23529411764705882	VIATKVGG:0.23529411764705882	GRVIIESY:0.5294117647058824	EISTQLLA:0.23529411764705882	GGAEISTQ:0.35294117647058826	SYNQGTPV:0.29411764705882354	SIWEEPFG:0.35294117647058826	VHTTRDYA:0.35294117647058826	ISTQLLAE:0.23529411764705882	ESYNQGTP:0.29411764705882354	VPSIWEEP:0.35294117647058826	STQLLAEG:0.23529411764705882	FGRVIIES:0.5882352941176471	IESYNQGT:0.29411764705882354	AEISTQLL:0.23529411764705882	IIESYNQG:0.29411764705882354	TQLLAEGL:0.23529411764705882	IWEEPFGR:0.35294117647058826	HTTRDYAL:0.35294117647058826	PSIWEEPF:0.35294117647058826	GAEISTQL:0.23529411764705882	ILIVNSYY:0.23529411764705882	PDIMHTQN:0.23529411764705882	KKILIVNS:0.23529411764705882	MHTQNLNG:0.23529411764705882	PCMNLYWP:0.23529411764705882	IPCMNLYW:0.23529411764705882	IIGYFGQL:0.23529411764705882	VVPSIWEE:0.23529411764705882	RIPCMNLY:0.23529411764705882	RDYALFEP:0.23529411764705882	LIVNSYYA:0.23529411764705882	LIIGYFGQ:0.23529411764705882	DYALFEPV:0.23529411764705882	GTYIWGIA:0.23529411764705882	IVNSYYAP:0.23529411764705882	TRDYALFE:0.23529411764705882	TTRDYALF:0.23529411764705882	IMHTQNLN:0.23529411764705882	DIMHTQNL:0.23529411764705882	TVHTTRDY:0.23529411764705882	MKKILIVN:0.23529411764705882	PLIIGYFG:0.23529411764705882	KILIVNSY:0.23529411764705882	KLGWHFIN:0.23529411764705882	
