cluster number:1750
GT4:7	GT4:7
YEGFGLPV:0.8571428571428571	AGALPEVA:0.2857142857142857	DGFNLALA:0.2857142857142857	PDAMHWTA:0.2857142857142857	SLYEGFGL:0.8571428571428571	LIPLRLPH:0.42857142857142855	YTIHDLIP:0.42857142857142855	HDLIPLRL:0.7142857142857143	FGAIEPKK:0.5714285714285714	VIVGGRAW:0.2857142857142857	TAVLTSTA:0.5714285714285714	EGFGLPVL:0.8571428571428571	YFLYFGAI:0.2857142857142857	AMHWTATL:0.2857142857142857	KGSGIATY:0.2857142857142857	ARATLFPS:0.42857142857142855	VLTSTAGA:0.2857142857142857	ATLFPSLY:0.42857142857142855	GLPVLESM:0.42857142857142855	ALAKGSGI:0.2857142857142857	TIHDLIPL:0.5714285714285714	AKGSGIAT:0.2857142857142857	FPSLYEGF:0.8571428571428571	TLFPSLYE:0.42857142857142855	DLIPLRLP:0.7142857142857143	LYEGFGLP:0.8571428571428571	GALPEVAG:0.42857142857142855	LYFGAIEP:0.2857142857142857	HWTATLPL:0.2857142857142857	RATLFPSL:0.42857142857142855	GARATLFP:0.42857142857142855	GAIEPKKN:0.7142857142857143	GFNLALAK:0.2857142857142857	LIRGARAT:0.42857142857142855	DAMHWTAT:0.2857142857142857	ADHIAVVS:0.42857142857142855	PSLYEGFG:0.8571428571428571	GFGLPVLE:0.8571428571428571	WTATLPLY:0.2857142857142857	TATLPLYA:0.2857142857142857	SLIRGARA:0.42857142857142855	IRGARATL:0.42857142857142855	LTSTAGAL:0.2857142857142857	IVGGRAWL:0.2857142857142857	TSTAGALP:0.2857142857142857	STAGALPE:0.2857142857142857	CIDGFNLA:0.2857142857142857	LFPSLYEG:0.5714285714285714	LGWKDYFL:0.2857142857142857	VDPYDVPA:0.2857142857142857	PLVIVGGR:0.2857142857142857	YFGAIEPK:0.2857142857142857	RGARATLF:0.42857142857142855	LAKGSGIA:0.2857142857142857	LALAKGSG:0.2857142857142857	RADHIAVV:0.42857142857142855	LVIVGGRA:0.2857142857142857	FNLALAKG:0.2857142857142857	VSLIRGAR:0.2857142857142857	FLYFGAIE:0.2857142857142857	IDGFNLAL:0.2857142857142857	AVLTSTAG:0.5714285714285714	TAGALPEV:0.2857142857142857	NLALAKGS:0.2857142857142857	LVSLIRGA:0.2857142857142857	KRADHIAV:0.2857142857142857	MHWTATLP:0.2857142857142857	FGLPVLES:0.42857142857142855	IHDLIPLR:0.5714285714285714	IATYGRNL:0.42857142857142855	IVEAYLAS:0.2857142857142857	TTRQDVIR:0.2857142857142857	QALDADEG:0.2857142857142857	EPKKNLGR:0.42857142857142855	AVVSETTR:0.2857142857142857	GSGIATYG:0.2857142857142857	IAVVSETT:0.2857142857142857	EVAGDAAV:0.42857142857142855	LHFGAIEP:0.2857142857142857	HIAVVSET:0.2857142857142857	LGRIVEAY:0.42857142857142855	RQDVIRLL:0.2857142857142857	LPVLESMA:0.2857142857142857	VEAYLASG:0.42857142857142855	PKKNLGRI:0.42857142857142855	QDVIRLLG:0.2857142857142857	GIATYGRN:0.42857142857142855	VVSETTRQ:0.2857142857142857	DHIAVVSE:0.2857142857142857	HFGAIEPK:0.2857142857142857	KKNLGRIV:0.42857142857142855	RIVEAYLA:0.2857142857142857	IEPKKNLG:0.5714285714285714	GRIVEAYL:0.2857142857142857	GTQVLYGP:0.2857142857142857	PVLESMAL:0.2857142857142857	AIEPKKNL:0.5714285714285714	ATYGRNLL:0.42857142857142855	NLGRIVEA:0.42857142857142855	KNLGRIVE:0.42857142857142855	ALDADEGL:0.2857142857142857	ETTRQDVI:0.2857142857142857	PSGEVIWP:0.2857142857142857	SGIATYGR:0.2857142857142857	TRQDVIRL:0.2857142857142857	LDADEGLR:0.2857142857142857	GSLPEVAG:0.2857142857142857	TNTYQAVD:0.2857142857142857	VSETTRQD:0.2857142857142857	PEVAGDAA:0.42857142857142855	SETTRQDV:0.2857142857142857	DVIRLLGV:0.2857142857142857	LPEVAGDA:0.42857142857142855	LGTAVLTS:0.2857142857142857	ALPEVAGD:0.2857142857142857	IADRADHI:0.2857142857142857	GTAVLTST:0.42857142857142855	FGLPVLEA:0.42857142857142855	VFPSLYEG:0.2857142857142857	GLPVLEAM:0.42857142857142855	LPVLEAMS:0.2857142857142857	STAGSLPE:0.2857142857142857	VDPYDVNS:0.2857142857142857	VLTSTAGS:0.2857142857142857	LVDPYDVN:0.2857142857142857	LTSTAGSL:0.2857142857142857	DPYDVNSI:0.2857142857142857	TSTAGSLP:0.2857142857142857	
