cluster number:230
GT4:12	GT4:12
EKSLISLL:0.5	IGGAEKSL:0.25	SLKEGFGL:0.25	TYFVANKV:0.3333333333333333	DVAIAYSQ:0.5	LKEGFGLT:0.25	CDIYVQTS:0.4166666666666667	QTSLKEGF:0.25	IAYSQGMP:0.5	IYVQTSLK:0.25	VQTSLKEG:0.25	LGKKLNPY:0.25	ILFVIDSL:0.3333333333333333	AYSQGMPT:0.5	PTYFVANK:0.3333333333333333	SQGMPTYF:0.5	GGAEKSLI:0.5	AEKSLISL:0.5	DIYVQTSL:0.4166666666666667	QGMPTYFV:0.5	AIAYSQGM:0.5	LLGKKLNP:0.25	GMPTYFVA:0.5	YVQTSLKE:0.25	TSLKEGFG:0.25	YDVAIAYS:0.5	MPTYFVAN:0.4166666666666667	LFKKGGEL:0.25	VAIAYSQG:0.5	FKKGGELE:0.25	GAEKSLIS:0.5	YSQGMPTY:0.5	GLRILTIG:0.25	GLYLPLLP:0.25	YVQPSRYE:0.4166666666666667	VQPSRYEG:0.4166666666666667	YDIISPTL:0.25	ILTIGRLV:0.3333333333333333	DIYVQPSR:0.4166666666666667	KWYVIGEG:0.25	GAEKSLVS:0.25	DIISPTLI:0.25	IYVQPSRY:0.4166666666666667	GGAEKSLV:0.25	ENGLIVKM:0.25	EKSLVSLL:0.25	FKWYVIGE:0.25	RILTIGRL:0.3333333333333333	SGGAEKSL:0.3333333333333333	RENGLIVK:0.25	AEKSLVSL:0.25	LRILTIGR:0.25	QPSRYEGY:0.3333333333333333	CGGAEKSL:0.25	
