cluster number:2259
GT4:6	GT4:6
SHIDAMSY:0.3333333333333333	EIISLGGK:0.3333333333333333	HRPYKSDY:0.3333333333333333	GGKVYYAP:0.3333333333333333	THRPYKSD:0.3333333333333333	LETMLMNY:0.5	YYAPRLYP:0.3333333333333333	VNDMHRAG:0.5	RAGLETML:0.5	FLTHRPYK:0.3333333333333333	IISLGGKV:0.3333333333333333	VYYAPRLY:0.3333333333333333	DFLTHRPY:0.5	LTHRPYKS:0.3333333333333333	PRLYPQNY:0.5	AHSHNTSI:0.5	ISLGGKVY:0.3333333333333333	IAHSHNTS:0.5	HSHIDAMS:0.3333333333333333	MSYLPLKA:0.3333333333333333	HSHNTSID:0.5	IPNAVDAK:0.3333333333333333	RIAHSHNT:0.5	IQFDFLTH:0.5	YLPLKAAK:0.3333333333333333	NDMHRAGL:0.5	YAPRLYPQ:0.3333333333333333	LMNYYRNI:0.5	DAMSYLPL:0.3333333333333333	TMLMNYYR:0.5	AMSYLPLK:0.3333333333333333	NAVDAKKF:0.3333333333333333	HRAGLETM:0.5	PNAVDAKK:0.3333333333333333	FDFLTHRP:0.5	GLETMLMN:0.5	MLMNYYRN:0.5	LKAAKKAG:0.3333333333333333	IRIAHSHN:0.3333333333333333	KVYYAPRL:0.3333333333333333	PLKAAKKA:0.3333333333333333	RPYKSDYD:0.3333333333333333	PIRIAHSH:0.3333333333333333	LPLKAAKK:0.3333333333333333	SYLPLKAA:0.3333333333333333	DMHRAGLE:0.5	IDAMSYLP:0.3333333333333333	APRLYPQN:0.5	QFDFLTHR:0.5	HIDAMSYL:0.3333333333333333	MNYYRNID:0.5	ETMLMNYY:0.5	AGLETMLM:0.5	NYYRNIDR:0.5	MHRAGLET:0.5	AAKKAGIP:0.3333333333333333	RLYPQNYP:0.5	GKVYYAPR:0.3333333333333333	SLGGKVYY:0.3333333333333333	LGGKVYYA:0.3333333333333333	DRDQIQFD:0.3333333333333333	MDVFILPS:0.5	FILPSLFE:0.3333333333333333	GHVGRLSY:0.3333333333333333	NTSIDKDF:0.3333333333333333	LYQAMDVF:0.3333333333333333	LYPQNYPA:0.3333333333333333	SHNTSIDK:0.3333333333333333	HVGRLSYQ:0.3333333333333333	YYRNIDRD:0.3333333333333333	FEGIPVVG:0.3333333333333333	HNTSIDKD:0.3333333333333333	QNYPAYFK:0.3333333333333333	GRLSYQKN:0.3333333333333333	LSYQKNHK:0.3333333333333333	ILPSLFEG:0.3333333333333333	QIQFDFLT:0.3333333333333333	PSLFEGIP:0.3333333333333333	SYQKNHKF:0.3333333333333333	VGRLSYQK:0.3333333333333333	RDQIQFDF:0.3333333333333333	SLFEGIPV:0.3333333333333333	AMDVFILP:0.5	YQAMDVFI:0.3333333333333333	YPQNYPAY:0.3333333333333333	VFILPSLF:0.3333333333333333	PQNYPAYF:0.3333333333333333	RNIDRDQI:0.3333333333333333	QAMDVFIL:0.5	IDRDQIQF:0.3333333333333333	LFEGIPVV:0.3333333333333333	VVNDMHRA:0.3333333333333333	NIDRDQIQ:0.3333333333333333	YRNIDRDQ:0.3333333333333333	DQIQFDFL:0.3333333333333333	TSIDKDFK:0.3333333333333333	DVFILPSL:0.5	RLSYQKNH:0.3333333333333333	EAQASGLP:0.3333333333333333	AQASGLPI:0.3333333333333333	VAVEAQAS:0.3333333333333333	VEAQASGL:0.3333333333333333	AVEAQASG:0.3333333333333333	
