cluster number:2350
GT4:15	GT4:15
EPFGLVYL:0.26666666666666666	LFTEHNSL:0.3333333333333333	VLCVASLN:0.26666666666666666	EAMASGLP:0.2	LSSYFEVE:0.2	LAIQAVSR:0.2	VSLLVCGD:0.2	DAFTLPSI:0.2	SAGVNWSG:0.26666666666666666	PSAGVNWS:0.26666666666666666	EVELLSGA:0.26666666666666666	VRHPLIAP:0.2	KNQKRVEL:0.2	GLVYLEAM:0.6	YFEVELLS:0.3333333333333333	ADLIFPHN:0.2	SVIPNGVN:0.26666666666666666	SSYFEVEL:0.2	YRDVILET:0.2	RHPLIAPL:0.2	AGVNWSGG:0.26666666666666666	VELAIQAV:0.2	VYLEAMAS:0.2	LVYLEAMA:0.5333333333333333	PFGLVYLE:0.26666666666666666	GDGGILCD:0.2	RVELAIQA:0.2	VIPNGVNL:0.26666666666666666	AVRHPLIA:0.2	DGGILCDV:0.2	FGLVYLEA:0.4666666666666667	YRSVDAFT:0.2	ILFTEHNS:0.3333333333333333	YLEAMASG:0.2	HEPFGLVY:0.2	VVLCVASL:0.26666666666666666	RSVDAFTL:0.2	KPVVLCVA:0.26666666666666666	ASGLPVVA:0.2	RYRDVILE:0.2	SYFEVELL:0.2	RDVILETI:0.2	VNWSGGAE:0.2	LIFPHNDY:0.2	NQKRVELA:0.26666666666666666	SLLVCGDG:0.2	PVVLCVAS:0.26666666666666666	RLSSYFEV:0.2	DLIFPHND:0.2	GGILCDVT:0.26666666666666666	AMASGLPV:0.2	GVNWSGGA:0.2	IPNGVNLE:0.2	TPILFTEH:0.26666666666666666	VDAFTLPS:0.2	SVDAFTLP:0.2	VHPSAGVN:0.2	HPSAGVNW:0.3333333333333333	FEVELLSG:0.3333333333333333	PKPVVLCV:0.26666666666666666	KRVELAIQ:0.2	QKRVELAI:0.2	MASGLPVV:0.2	ELAIQAVS:0.2	LRYRDVIL:0.26666666666666666	LPKPVVLC:0.26666666666666666	GTPILFTE:0.26666666666666666	ISVIPNGV:0.2	PILFTEHN:0.3333333333333333	ILCDVTNL:0.2	GILCDVTN:0.2	LCDVTNLD:0.2	FTEHNSLL:0.2	SGLPVVAS:0.2	AIELARRL:0.2	GLPVVASD:0.2	
