cluster number:1468
GT4:14	GT4:14
AELYGSDR:0.2857142857142857	ASATSGLL:0.21428571428571427	VPVVAHVH:0.21428571428571427	GSDRMLLE:0.21428571428571427	ATSGLLEA:0.35714285714285715	RPVIASAT:0.21428571428571427	GAELYGSD:0.2857142857142857	RLSPRKGV:0.42857142857142855	PGDATSLA:0.21428571428571427	PVVAHVHE:0.21428571428571427	HPGAELYG:0.2857142857142857	RVPVVAHV:0.21428571428571427	VDEPFGNT:0.2857142857142857	SATSGLLE:0.35714285714285715	PFGNTAVE:0.5714285714285714	EPFGNTAV:0.5714285714285714	SDRMLLES:0.21428571428571427	TSGLLEAT:0.21428571428571427	YVGRLSPR:0.2857142857142857	VGRLSPRK:0.5	SPRKGVDV:0.2857142857142857	GRPVIASA:0.21428571428571427	GRLSPRKG:0.7142857142857143	PRKGVDVA:0.2857142857142857	PGAELYGS:0.2857142857142857	IASATSGL:0.21428571428571427	DEPFGNTA:0.5714285714285714	PVIASATS:0.21428571428571427	RKGVDVAI:0.21428571428571427	LSPRKGVD:0.42857142857142855	ELYGSDRM:0.21428571428571427	VIASATSG:0.21428571428571427	FGNTAVEA:0.2857142857142857	AHPGAELY:0.21428571428571427	YGSDRVLL:0.21428571428571427	VFPGYEWY:0.2857142857142857	NTAVEGIL:0.21428571428571427	AVFPGYEW:0.21428571428571427	VGAVFPGY:0.21428571428571427	LVGAVFPG:0.21428571428571427	FPGYEWYE:0.2857142857142857	GSDRVLLE:0.21428571428571427	YVNTVTIP:0.21428571428571427	GSELYGSD:0.21428571428571427	FGNTAVEG:0.2857142857142857	VYVNTVTI:0.21428571428571427	ADEPFGNT:0.21428571428571427	DVVLVPSV:0.21428571428571427	LYGSDRVL:0.21428571428571427	GAVFPGYE:0.21428571428571427	PVLRKSVL:0.21428571428571427	GILSGRPV:0.21428571428571427	SELYGSDR:0.21428571428571427	ELYGSDRV:0.21428571428571427	DLVGAVFP:0.21428571428571427	EGILSGRP:0.21428571428571427	GNTAVEGI:0.21428571428571427	LDLVGAVF:0.21428571428571427	RLSPRKGP:0.2857142857142857	YGSDRMML:0.21428571428571427	ADLYGSDR:0.21428571428571427	LYGSDRMM:0.21428571428571427	GSDRMMLE:0.21428571428571427	ADVVLVPS:0.21428571428571427	LLFVGRLS:0.2857142857142857	RLLFVGRL:0.2857142857142857	AARPLVVS:0.21428571428571427	LAARPLVV:0.21428571428571427	FVGRLSPR:0.21428571428571427	LFVGRLSP:0.21428571428571427	
