cluster number:758
GT4:104	GT4:104|2.4.1.-:4|2.4.2.-:1|GT2:1
PRWVEAFG:0.3557692307692308	GLGGGVEL:0.3557692307692308	LMTPRWVE:0.21153846153846154	VEAFGNVA:0.40384615384615385	TPRWVEAF:0.34615384615384615	FGNVAIEA:0.5096153846153846	DLIVNFAY:0.33653846153846156	RWVEAFGN:0.49038461538461536	GFLVEPDS:0.38461538461538464	NFAYDWLP:0.5480769230769231	PFYLTPFF:0.4423076923076923	GKTGFLVE:0.2692307692307692	PEKALEDA:0.25	EALACGVP:0.6923076923076923	FLVEPDSV:0.2692307692307692	VNFAYDWL:0.4423076923076923	TGFLVEPD:0.4230769230769231	IEALACGV:0.5384615384615384	ALACGVPV:0.6057692307692307	DGKTGFLV:0.22115384615384615	AYDWLPFY:0.38461538461538464	GNVAIEAL:0.49038461538461536	WLPFYLTP:0.5096153846153846	YDLIVNFA:0.375	LPFYLTPF:0.4807692307692308	MTPRWVEA:0.28846153846153844	WVEAFGNV:0.5192307692307693	AIEALACG:0.5288461538461539	AFGNVAIE:0.5192307692307693	VAIEALAC:0.49038461538461536	NVAIEALA:0.49038461538461536	CGVPVISY:0.27884615384615385	YDWLPFYL:0.38461538461538464	LACGVPVI:0.6057692307692307	ACGVPVIS:0.27884615384615385	EAFGNVAI:0.5192307692307693	IVNFAYDW:0.41346153846153844	LIVNFAYD:0.33653846153846156	DWLPFYLT:0.5096153846153846	KTGFLVEP:0.27884615384615385	FAYDWLPF:0.36538461538461536	ISPEKGLE:0.22115384615384615	PEKGLEDA:0.4519230769230769	SPEKGLED:0.23076923076923078	LPLYLTPF:0.20192307692307693	GRISPEKG:0.22115384615384615	GGGVELTL:0.38461538461538464	YDWLPLYL:0.22115384615384615	RISPEKGL:0.22115384615384615	WLPLYLTP:0.20192307692307693	DWLPLYLT:0.23076923076923078	RIAPEKGL:0.27884615384615385	IAPEKGLE:0.25961538461538464	APEKGLED:0.2692307692307692	EKGLEDAV:0.28846153846153844	LGGGVELT:0.25961538461538464	LAWVGRIA:0.22115384615384615	AWVGRIAP:0.22115384615384615	AHLISMGS:0.20192307692307693	NSVLANMW:0.25961538461538464	WVGRIAPE:0.3173076923076923	VGRIAPEK:0.3173076923076923	GRIAPEKG:0.27884615384615385	GSGLGGGV:0.25961538461538464	NMWDYARQ:0.20192307692307693	GLEDAVAA:0.2403846153846154	LEDAVAAA:0.23076923076923078	SGLGGGVE:0.25961538461538464	KGLEDAVA:0.25961538461538464	LGSGLGGG:0.23076923076923078	RGGPAEIV:0.22115384615384615	STPVGPLG:0.23076923076923078	YRRGGPAE:0.21153846153846154	ACGVPVIA:0.3076923076923077	PVGPLGSG:0.22115384615384615	TPVGPLGS:0.21153846153846154	CGVPVIAY:0.3076923076923077	RIAPEKAL:0.22115384615384615	APEKALED:0.22115384615384615	IAPEKALE:0.22115384615384615	GRIAPEKA:0.22115384615384615	
