cluster number:1770
GT4:14	GT4:14
WIETHRDG:0.21428571428571427	KAHETGEQ:0.21428571428571427	FAGNGEIE:0.21428571428571427	GNGEIEKG:0.21428571428571427	VVATSRKT:0.21428571428571427	VLVVATSR:0.21428571428571427	THRDGNSV:0.21428571428571427	AHETGEQW:0.21428571428571427	IPVITTPV:0.2857142857142857	KVLVVATS:0.21428571428571427	HCKWIETH:0.21428571428571427	DGNSVRKL:0.21428571428571427	PVITTPVG:0.5	ETGEQWKK:0.21428571428571427	RDGNSVRK:0.21428571428571427	GNSVRKLW:0.21428571428571427	NSVRKLWY:0.21428571428571427	AGNGEIEK:0.21428571428571427	KWIETHRD:0.21428571428571427	CKWIETHR:0.21428571428571427	IETHRDGN:0.21428571428571427	HRDGNSVR:0.21428571428571427	HETGEQWK:0.21428571428571427	LVVATSRK:0.21428571428571427	ETHRDGNS:0.21428571428571427	VITTPVGG:0.5	CFSLSILE:0.42857142857142855	HFVELCTS:0.21428571428571427	SKGIQDLI:0.5714285714285714	RIGGMDYF:0.21428571428571427	FSKGIQDL:0.2857142857142857	DYMLQPTH:0.21428571428571427	DHNPRPLN:0.21428571428571427	RFSKGIQD:0.2857142857142857	YMLQPTHM:0.21428571428571427	THFVELCT:0.2857142857142857	QPTHMECF:0.42857142857142855	THMECFSL:0.42857142857142855	HLRFSKGI:0.2857142857142857	ITTPVGGN:0.21428571428571427	VVSHLRFS:0.21428571428571427	LKIDVYGD:0.21428571428571427	VSHLRFSK:0.21428571428571427	HMECFSLS:0.35714285714285715	ECFSLSIL:0.42857142857142855	LQPTHMEC:0.2857142857142857	KIDVYGDG:0.21428571428571427	HNPRPLNG:0.21428571428571427	PTHMECFS:0.42857142857142855	FVELCTSF:0.21428571428571427	IGGMDYFF:0.21428571428571427	LRFSKGIQ:0.2857142857142857	YDYMLQPT:0.21428571428571427	VGGNEEVI:0.2857142857142857	LVVSHLRF:0.21428571428571427	MLQPTHME:0.21428571428571427	MECFSLSI:0.42857142857142855	GGMDYFFW:0.35714285714285715	SHLRFSKG:0.2857142857142857	FLVVSHLR:0.21428571428571427	GIQDLIEA:0.21428571428571427	IQDLIEAV:0.21428571428571427	MDYFFWAF:0.21428571428571427	DVYGDGPY:0.2857142857142857	IDVYGDGP:0.21428571428571427	KGIQDLIE:0.21428571428571427	GMDYFFWA:0.21428571428571427	VDHNPRPL:0.5	IAVDHNPR:0.35714285714285715	SLSILESL:0.35714285714285715	SILESLAA:0.2857142857142857	ESLAANVP:0.42857142857142855	LAANVPVI:0.42857142857142855	FSLSILES:0.35714285714285715	LSILESLA:0.2857142857142857	EVDWFFPN:0.21428571428571427	ILESLAAN:0.42857142857142855	SLAANVPV:0.42857142857142855	IIAVDHNP:0.21428571428571427	AANVPVIT:0.42857142857142855	ANVPVITT:0.5	LESLAANV:0.42857142857142855	AVDHNPRP:0.35714285714285715	KIIAVDHN:0.21428571428571427	LRESKGIQ:0.21428571428571427	RESKGIQD:0.21428571428571427	SHLRESKG:0.21428571428571427	HLRESKGI:0.21428571428571427	
