cluster number:2128
GT4:7	GT4:7
SMPVGGAE:0.42857142857142855	AGDKMFWG:0.42857142857142855	AVITVGAG:0.2857142857142857	KMFWGRLA:0.42857142857142855	MFWGRLAA:0.42857142857142855	SPVSILEA:0.2857142857142857	MPVGGAET:0.42857142857142855	ASPVSILE:0.2857142857142857	EASPVSIL:0.2857142857142857	SALHSTGW:0.42857142857142855	NEASPVSI:0.2857142857142857	VIASALHS:0.2857142857142857	LHSTGWPD:0.42857142857142855	PVSILEAL:0.42857142857142855	ASALHSTG:0.42857142857142855	TGWPDGVG:0.2857142857142857	PVIASALH:0.2857142857142857	ITVGAGDK:0.2857142857142857	EALACETP:0.2857142857142857	GGAETLLV:0.42857142857142855	TSMPVGGA:0.42857142857142855	GAGDKMFW:0.42857142857142855	IASALHST:0.2857142857142857	VSILEALA:0.2857142857142857	VGAGDKMF:0.42857142857142855	ILEALACE:0.2857142857142857	VITVGAGD:0.2857142857142857	SILEALAC:0.2857142857142857	IGIVAALR:0.42857142857142855	ITSMPVGG:0.42857142857142855	GVPVIASA:0.2857142857142857	DAVITVGA:0.2857142857142857	GAETLLVN:0.42857142857142855	LEALACET:0.2857142857142857	GDKMFWGR:0.5714285714285714	PVGGAETL:0.42857142857142855	AGVPVIAS:0.2857142857142857	VPVIASAL:0.2857142857142857	DKMFWGRL:0.5714285714285714	TVGAGDKM:0.42857142857142855	HSTGWPDG:0.42857142857142855	LACETPVV:0.2857142857142857	STGWPDGV:0.2857142857142857	VGGAETLL:0.42857142857142855	ALACETPV:0.2857142857142857	AETLLVNL:0.42857142857142855	LIGIVAAL:0.2857142857142857	ALHSTGWP:0.42857142857142855	GRLAARRA:0.2857142857142857	AARRAGVP:0.2857142857142857	ALRPEKNH:0.42857142857142855	LAARRAGV:0.2857142857142857	AALRPEKN:0.42857142857142855	IVAALRPE:0.2857142857142857	RLAARRAG:0.2857142857142857	ARRAGVPV:0.2857142857142857	PVVASRVG:0.2857142857142857	VITSMPVG:0.2857142857142857	LKDRGPLG:0.2857142857142857	CLKDRGPL:0.2857142857142857	KVFVIPNG:0.2857142857142857	SKVFVIPN:0.2857142857142857	FVITSMPV:0.2857142857142857	IIGDGPER:0.2857142857142857	GIVAALRP:0.2857142857142857	VAALRPEK:0.42857142857142855	VIPNGIDT:0.2857142857142857	IPNGIDTQ:0.2857142857142857	NGIDTQRF:0.2857142857142857	PNGIDTQR:0.2857142857142857	ALLEALAC:0.2857142857142857	LALLEALA:0.2857142857142857	
