cluster number:962
GT4:44	GT4:44|GT2:1
VPDRRHGY:0.3409090909090909	ALGVTARD:0.20454545454545456	HEFGIFGG:0.3409090909090909	YCIDDNAR:0.45454545454545453	CIDDNARA:0.45454545454545453	RHGYCIDD:0.25	VGATHPNL:0.4318181818181818	FDQQPLEA:0.6818181818181818	GKAVVSTP:0.2727272727272727	PFDQQPLE:0.4772727272727273	RRHGYCID:0.25	WALGVTAR:0.20454545454545456	QQPLEAQA:0.45454545454545453	SGTLSYAV:0.5454545454545454	IPHGVPDR:0.2727272727272727	DQQPLEAQ:0.45454545454545453	WLQHEFGI:0.22727272727272727	QHEFGIFG:0.3181818181818182	SVPDRRHG:0.20454545454545456	IVGATHPN:0.38636363636363635	LQHEFGIF:0.25	IDDNARAL:0.45454545454545453	HGYCIDDN:0.4318181818181818	LPFDQQPL:0.3409090909090909	TSGTLSYA:0.5909090909090909	DRRHGYCI:0.25	NRNQGAES:0.29545454545454547	KAVVSTPY:0.25	GYCIDDNA:0.45454545454545453	PDRRHGYC:0.38636363636363635	LSYAVALG:0.2727272727272727	DDNARALM:0.38636363636363635	TLSYAVAL:0.2727272727272727	YRIVGATH:0.3409090909090909	LYRIVGAT:0.22727272727272727	ATHPNLVA:0.36363636363636365	QHEYGIYG:0.2727272727272727	DNARALML:0.38636363636363635	HEYGIYGG:0.25	GTLSYAVA:0.29545454545454547	GATHPNLV:0.4318181818181818	RIVGATHP:0.3409090909090909	LLGPGKGL:0.22727272727272727	DSNGRTLW:0.20454545454545456	FGLLGPGK:0.2727272727272727	LAYDNARL:0.29545454545454547	SEDSNGRT:0.25	LGRAVVST:0.20454545454545456	GSEDSNGR:0.45454545454545453	EDSNGRTL:0.20454545454545456	TFGLLGPG:0.2727272727272727	LGPGKGLE:0.22727272727272727	GLLGPGKG:0.2727272727272727	DQQPLEAW:0.25	AQITSGTL:0.3181818181818182	GRAVVSTP:0.20454545454545456	QQPLEAWA:0.25	DAVWLQHE:0.22727272727272727	NGRAIWAL:0.2727272727272727	SNGRAIWA:0.2727272727272727	DSNGRAIW:0.29545454545454547	GRAIWALG:0.2727272727272727	RDRLKALA:0.20454545454545456	YRDRLKAL:0.20454545454545456	GGCFDGLM:0.22727272727272727	WVQHEYGI:0.20454545454545456	EIVLAYDN:0.22727272727272727	ESILALQL:0.25	GEAYRDRL:0.20454545454545456	VGSEDSNG:0.25	IEASGAQA:0.20454545454545456	AESILALQ:0.29545454545454547	GTLSYAVG:0.22727272727272727	GAESILAL:0.29545454545454547	VLAYDNAR:0.25	SILALQLA:0.25	WFEIVLAY:0.22727272727272727	QPLEAQAT:0.25	IVLAYDNA:0.20454545454545456	LNRNQGAE:0.22727272727272727	NQGAESIL:0.2727272727272727	QITSGTLS:0.2727272727272727	DGGCFDGL:0.25	FEIVLAYD:0.22727272727272727	RNQGAESI:0.2727272727272727	EGRFRAVG:0.20454545454545456	LGATHPNL:0.20454545454545456	GCFDGLMP:0.22727272727272727	VLGATHPN:0.20454545454545456	EGEAYRDR:0.20454545454545456	ITSGTLSY:0.2727272727272727	GLNRNQGA:0.22727272727272727	FAMLGAAA:0.25	QGAESILA:0.2727272727272727	VQHEYGIY:0.20454545454545456	HEYGIFGG:0.29545454545454547	SEDSNGRA:0.20454545454545456	QHEYGIFG:0.2727272727272727	AYDNARLP:0.22727272727272727	
