cluster number:315
GT4:29	GT4:29
FGAGVKGK:0.2413793103448276	FHIELESH:0.2413793103448276	SPLHAMYL:0.3448275862068966	QGRPELMA:0.2413793103448276	DLSVSPLH:0.4482758620689655	VKGKVLDS:0.3103448275862069	GTPCYCRG:0.3103448275862069	RGTLIETD:0.20689655172413793	FVGNYAHA:0.20689655172413793	GAGVKGKV:0.3448275862068966	LESHDVIF:0.2413793103448276	AEAMDEVA:0.20689655172413793	VVFVGNYA:0.20689655172413793	DGVVFVGN:0.20689655172413793	SLAAGVPC:0.3103448275862069	PAQYCAPR:0.2413793103448276	LRFGAGVK:0.20689655172413793	HAPNADAA:0.2413793103448276	VAYFHIEL:0.2413793103448276	LSVAPLRF:0.20689655172413793	ADAARWLV:0.20689655172413793	DEVAYFHI:0.2413793103448276	GVVFVGNY:0.20689655172413793	VGNYAHAP:0.20689655172413793	PNADAARW:0.2413793103448276	CAPRVEEG:0.27586206896551724	GKVLDSLA:0.27586206896551724	YAHAPNAD:0.20689655172413793	CGFDVLLP:0.2413793103448276	NSPWMLDL:0.20689655172413793	YCAPRVEE:0.27586206896551724	MDEVAYFH:0.3103448275862069	SFDVVYLH:0.2413793103448276	RHVLEIRR:0.20689655172413793	EAMDEVAY:0.20689655172413793	QAEAMDEV:0.20689655172413793	RGMFHNAA:0.27586206896551724	ESHDVIFA:0.2413793103448276	AHAPNADA:0.20689655172413793	NADAARWL:0.2413793103448276	CRGTLIET:0.2413793103448276	PLHAMYLD:0.27586206896551724	PIRWIGRR:0.20689655172413793	LSVSPLHA:0.4482758620689655	LDSLAAGV:0.27586206896551724	AGVKGKVL:0.3103448275862069	VAPLRFGA:0.4827586206896552	IELESHDV:0.2413793103448276	GVKGKVLD:0.3103448275862069	KVLDSLAA:0.27586206896551724	SVEDVLRR:0.2413793103448276	TDRGEVPV:0.20689655172413793	SVAPLRFG:0.20689655172413793	VFVGNYAH:0.20689655172413793	EVAYFHIE:0.2413793103448276	FDVVYLHR:0.27586206896551724	APLRFGAG:0.7586206896551724	CYCRGTLI:0.3103448275862069	AMDEVAYF:0.20689655172413793	TPCYCRGT:0.3103448275862069	RDGVVFVG:0.20689655172413793	AYFHIELE:0.2413793103448276	YCRGTLIE:0.20689655172413793	PCYCRGTL:0.3103448275862069	RFGAGVKG:0.20689655172413793	VSPLHAMY:0.3448275862068966	KGKVLDSL:0.27586206896551724	RLSVAPLR:0.20689655172413793	SRGMFHNA:0.3448275862068966	APNADAAR:0.2413793103448276	VANGLRPD:0.20689655172413793	ANGLRPDV:0.20689655172413793	ELESHDVI:0.2413793103448276	DSLAAGVP:0.27586206896551724	RPIRWIGR:0.20689655172413793	GNYAHAPN:0.3103448275862069	QDLSVSPL:0.3103448275862069	VLDSLAAG:0.27586206896551724	YFHIELES:0.2413793103448276	HIELESHD:0.2413793103448276	SVSPLHAM:0.4482758620689655	DRGEVPVE:0.20689655172413793	EDVLRRQA:0.2413793103448276	PLRFGAGV:0.20689655172413793	VEDVLRRQ:0.2413793103448276	NYAHAPNA:0.20689655172413793	GMFHNAAE:0.20689655172413793	PLRFGAGI:0.5172413793103449	RFGAGIKG:0.4827586206896552	WIGRRSYS:0.20689655172413793	IGRRSYSG:0.20689655172413793	FGAGIKGK:0.4827586206896552	VADLHFLR:0.20689655172413793	ANGRRPDV:0.20689655172413793	LRFGAGIK:0.5172413793103449	GAGIKGKV:0.5172413793103449	RLSIAPLR:0.20689655172413793	SIAPLRFG:0.20689655172413793	IAPLRFGA:0.2413793103448276	AGIKGKVL:0.4482758620689655	MTPIAAEG:0.2413793103448276	GIKGKVLE:0.3793103448275862	IKGKVLES:0.27586206896551724	TPIAAEGL:0.20689655172413793	
