cluster number:2105
GT4:12	GT4:12
SPLILPLL:0.5833333333333334	MMRGTAVI:0.4166666666666667	AMMRGTAV:0.4166666666666667	CLYQTAVY:0.25	PTVAFAGR:0.4166666666666667	RGTAVIAS:0.3333333333333333	VPCLYQTA:0.25	GRLVSEKG:0.3333333333333333	TTEAMMRG:0.4166666666666667	RMFMWQLS:0.25	DEFQPDVV:0.25	AGRLVSEK:0.3333333333333333	VHVRMFMW:0.25	EFQPDVVH:0.25	YQTAVYKA:0.25	PDVVHVRM:0.25	WQLSPLIL:0.3333333333333333	QTAVYKAI:0.25	PFGNVTTE:0.4166666666666667	TEAMMRGT:0.4166666666666667	EPFGNVTT:0.4166666666666667	HDVRLFSS:0.3333333333333333	FGNVTTEA:0.4166666666666667	PSLWAEPF:0.25	PPTVAFAG:0.4166666666666667	MRGTAVIA:0.4166666666666667	TVAFAGRL:0.4166666666666667	KLLSNREL:0.25	QLSPLILP:0.5	TGFLVPPG:0.25	VTTEAMMR:0.4166666666666667	NVTTEAMM:0.4166666666666667	PCLYQTAV:0.25	TAVYKAIC:0.25	MWQLSPLI:0.25	EAMMRGTA:0.4166666666666667	LDEFQPDV:0.25	DVVHVRMF:0.25	AFAGRLVS:0.3333333333333333	GTATGGAE:0.3333333333333333	LKLLSNRE:0.25	AVYKAICP:0.25	GTKLLPDG:0.25	HVRMFMWQ:0.25	SLWAEPFG:0.25	GNVTTEAM:0.4166666666666667	QPDVVHVR:0.25	VLDEFQPD:0.25	FAGRLVSE:0.3333333333333333	FMWQLSPL:0.25	LSPLILPL:0.5	GTAVIASA:0.25	VAFAGRLV:0.5	FQPDVVHV:0.3333333333333333	VRMFMWQL:0.25	MFMWQLSP:0.25	LYQTAVYK:0.25	TGGAELQM:0.25	VQVVPSLW:0.3333333333333333	GGAELQML:0.25	KILLINDY:0.25	LVSEKGVD:0.25	ATGGAELQ:0.25	MKILLIND:0.3333333333333333	RLVSEKGV:0.25	AWVQVVPS:0.5	AVGAQPEI:0.25	WVQVVPSL:0.3333333333333333	PLILPLLK:0.4166666666666667	FAGRLVPE:0.25	TQLSPLIL:0.25	LTQLSPLI:0.25	GRLVPEKG:0.25	AGRLVPEK:0.25	LILPLLKN:0.25	FLTQLSPL:0.25	
