cluster number:795
GT4:134	GT4:134|2.4.1.131:1
QFRPEKRH:0.3582089552238806	EHFGIAVV:0.2835820895522388	AGPLLDIV:0.26119402985074625	NAMWNEHF:0.373134328358209	HFGIAVVE:0.2835820895522388	GGGEKVLW:0.3208955223880597	MWNEHFGI:0.6940298507462687	LAQFRPEK:0.2835820895522388	HASAGPLL:0.3283582089552239	GEKVLWKA:0.2537313432835821	AGGGGEKV:0.26865671641791045	IYPPCSTE:0.22388059701492538	AQFRPEKR:0.3283582089552239	GGEKVLWK:0.2537313432835821	SAGPLLDI:0.3283582089552239	AMWNEHFG:0.3880597014925373	FGIAVVEY:0.26865671641791045	GGGGEKVL:0.29850746268656714	VHASAGPL:0.2835820895522388	NAGGGGEK:0.26119402985074625	EKVLWKAV:0.2462686567164179	NEHFGIAV:0.26865671641791045	CNAGGGGE:0.6716417910447762	ASAGPLLD:0.3283582089552239	WNEHFGIA:0.2835820895522388	YVHYPTIS:0.417910447761194	WNEHFGIG:0.3358208955223881	QFRPEKNH:0.26119402985074625	GGGERVLW:0.4552238805970149	GGGGERVL:0.5149253731343284	NAGGGGER:0.43283582089552236	FHPYCNAG:0.44776119402985076	FFHPYCNA:0.43283582089552236	YCNAGGGG:0.47761194029850745	NEHFGIGV:0.27611940298507465	PYCNAGGG:0.47761194029850745	HPYCNAGG:0.47761194029850745	HFGIGVVE:0.26865671641791045	EHFGIGVV:0.26865671641791045	GFFHPYCN:0.3208955223880597	AGGGGERV:0.44029850746268656	AYVHYPTI:0.20149253731343283	IIYPPCST:0.20149253731343283	PTISTDML:0.39552238805970147	HYPTISTD:0.40298507462686567	YPTISTDM:0.40298507462686567	IAQFRPEK:0.26865671641791045	TLLGQSLG:0.21641791044776118	LLGQSLGS:0.21641791044776118	VHYPTIST:0.373134328358209	
