cluster number:390
GT4:71	GT4:71
PRGGVVHA:0.4084507042253521	GIEARKNT:0.23943661971830985	VLEAMASG:0.2535211267605634	STNPRGGV:0.2676056338028169	NPRGGVVH:0.7605633802816901	GISGNALA:0.2535211267605634	GFGLVVLE:0.5774647887323944	DGISGNAL:0.2676056338028169	SGNALATL:0.22535211267605634	AQLVIAGG:0.5211267605633803	IAGGASLL:0.5915492957746479	TNPRGGVV:0.2535211267605634	ISGNALAT:0.22535211267605634	GLVVLEAM:0.2112676056338028	EGFGLVVL:0.5774647887323944	GGIEARKN:0.2676056338028169	IAPFTEYL:0.30985915492957744	GGASLLDH:0.6619718309859155	ADALVFPS:0.22535211267605634	LVIAGGAS:0.647887323943662	KEGFGLVV:0.2112676056338028	FGLVVLEA:0.5211267605633803	HSTNPRGG:0.2676056338028169	QLVIAGGA:0.5633802816901409	AGGASLLD:0.6056338028169014	VIAGGASL:0.5915492957746479	GNALATLK:0.2112676056338028	LVVLEAMA:0.2112676056338028	SLREGFGL:0.323943661971831	RGGVVHAL:0.2535211267605634	GFVRTVHH:0.30985915492957744	HSVNPRGG:0.4788732394366197	ADVVSMVS:0.23943661971830985	REGFGLVV:0.28169014084507044	GASLLDHD:0.38028169014084506	VNPRGGVV:0.4788732394366197	FVRTVHHL:0.30985915492957744	THSVNPRG:0.4788732394366197	FDVLHAQD:0.29577464788732394	ASLLDHDA:0.352112676056338	SVNPRGGV:0.4788732394366197	DVLHAQDS:0.28169014084507044	LTHSVNPR:0.28169014084507044	VLHAQDSI:0.29577464788732394	VRTVHHLD:0.352112676056338	SLLDHDAY:0.3380281690140845	GGIEERKN:0.2112676056338028	HAQDSISG:0.23943661971830985	LVVLEALA:0.2535211267605634	RGGVVHTL:0.323943661971831	GVVHTLEL:0.323943661971831	SISGNALA:0.23943661971830985	AQDSISGN:0.23943661971830985	GGVVHTLE:0.323943661971831	LHAQDSIS:0.2535211267605634	PRGGVVHT:0.323943661971831	DSISGNAL:0.23943661971830985	GLVVLEAL:0.2676056338028169	QDSISGNA:0.23943661971830985	LDHDAYTR:0.22535211267605634	LREGFGLV:0.28169014084507044	LLDHDAYT:0.22535211267605634	
