cluster number:884
GT4:61	GT4:61
EAMASGLP:0.4262295081967213	TILEAMAS:0.3770491803278688	GGLENGVV:0.29508196721311475	GISNTILE:0.5245901639344263	GLENGVVN:0.29508196721311475	EGISNTIL:0.5245901639344263	VGGNPELV:0.29508196721311475	ISNTILEA:0.5081967213114754	LENGVVNL:0.29508196721311475	AMASGLPV:0.4098360655737705	LEAMASGL:0.45901639344262296	ILEAMASG:0.3442622950819672	NTILEAMA:0.5901639344262295	SNTILEAM:0.5573770491803278	LPSLAEGI:0.36065573770491804	HTRNLAAL:0.2786885245901639	SLAEGISN:0.29508196721311475	VHTRNLAA:0.36065573770491804	AEGISNTI:0.4426229508196721	ENGVVNLI:0.26229508196721313	FVLPSLAE:0.29508196721311475	TRNLAALE:0.2786885245901639	VLPSLAEG:0.2786885245901639	NGVVNLIN:0.26229508196721313	LAEGISNT:0.29508196721311475	PSLAEGIS:0.29508196721311475	GLENGLVN:0.26229508196721313	GGLENGLV:0.26229508196721313	ENGLVNLI:0.26229508196721313	IHGEHGWD:0.3114754098360656	NGLVNLIN:0.26229508196721313	IVHTRNLA:0.2786885245901639	RIHGEHGW:0.29508196721311475	LENGLVNL:0.2459016393442623	HGEHGWDV:0.22950819672131148	VPVRIHGE:0.21311475409836064	PVRIHGEH:0.21311475409836064	VRIHGEHG:0.21311475409836064	RNLAALEA:0.22950819672131148	RICNGVDT:0.26229508196721313	
