cluster number:1675
GT4:28	GT4:28|GT2:8
AQILSNIY:0.2857142857142857	FCLPGLDN:0.35714285714285715	AIFCLPGL:0.32142857142857145	EYFESWRY:0.25	IAQILSNI:0.2857142857142857	MLGDTQLK:0.25	AMAKGIKP:0.25	YFESWRYL:0.35714285714285715	EMKEKYQI:0.25	LPGLDNFI:0.42857142857142855	VEITNKLP:0.21428571428571427	YDVKLVVT:0.2857142857142857	NIYDVKLV:0.25	VWLEWANE:0.5357142857142857	FNYSKVLF:0.32142857142857145	PGLDNFIK:0.35714285714285715	QIQEAYNW:0.21428571428571427	DVLFNYSK:0.21428571428571427	IYDVKLVV:0.25	DIFEEIRK:0.25	NIPEMKEK:0.25	DIAQILSN:0.2857142857142857	SNIPEMKE:0.25	EAYNWADI:0.25	DIVWLEWA:0.5714285714285714	NWADIVWL:0.25	IEQKEFSK:0.25	MDIFEEIR:0.25	TQLKQNNP:0.25	EQKEFSKA:0.25	SNIYDVKL:0.25	WLEWANEM:0.39285714285714285	ESWRYLTR:0.39285714285714285	KLAIFCLP:0.2857142857142857	LFNYSKVL:0.35714285714285715	LDNFIKDI:0.35714285714285715	VKLVVTTD:0.2857142857142857	GDTQLKQN:0.25	YDMLGDTQ:0.2857142857142857	LSNIYDVK:0.25	TWEVYDML:0.25	ILSNIYDV:0.25	YSKVLFEK:0.2857142857142857	GIIHYYEG:0.25	FESWRYLT:0.39285714285714285	LSNIPEMK:0.25	DVKLVVTT:0.2857142857142857	WRYLTRIN:0.2857142857142857	EWANEMAV:0.39285714285714285	QEAYNWAD:0.21428571428571427	DNFIKDIA:0.39285714285714285	MKEKYQIL:0.25	LGDTQLKQ:0.32142857142857145	KQNNPAMA:0.25	GLDNFIKD:0.35714285714285715	KLVVTTDG:0.21428571428571427	CLPGLDNF:0.5	KEFSKAKE:0.25	LKQNNPAM:0.25	SWRYLTRI:0.39285714285714285	IQEAYNWA:0.21428571428571427	IPEMKEKY:0.2857142857142857	KTWEVYDM:0.25	WANEMAVE:0.2857142857142857	LGIIHYYE:0.25	NFIKDIAQ:0.32142857142857145	IKDIAQIL:0.2857142857142857	IVWLEWAN:0.5714285714285714	IIHYYEGK:0.25	IFCLPGLD:0.32142857142857145	LEWANEMA:0.35714285714285715	EAMAKGIK:0.25	QKEFSKAK:0.25	PEMKEKYQ:0.25	FIKDIAQI:0.2857142857142857	LAIFCLPG:0.2857142857142857	DMLGDTQL:0.2857142857142857	VYDMLGDT:0.25	DTQLKQNN:0.25	QNNPAMAL:0.25	KDIAQILS:0.2857142857142857	ELSNIPEM:0.2857142857142857	YNWADIVW:0.25	EITNKLPK:0.25	QILSNIYD:0.25	QLKQNNPA:0.25	AYNWADIV:0.25	NYSKVLFE:0.32142857142857145	WADIVWLE:0.5714285714285714	EVYDMLGD:0.25	LSTSIHEG:0.2857142857142857	NCSLEKQI:0.21428571428571427	WEVYDMLG:0.25	AVEITNKL:0.25	ADIVWLEW:0.5714285714285714	AMARGIKP:0.21428571428571427	LLSTSIHE:0.25	KNYLLSTS:0.2857142857142857	RLHSYEAL:0.32142857142857145	IKPIIHNY:0.25	NYLLSTSI:0.25	STSIHESF:0.2857142857142857	YLLSTSIH:0.25	CRLHSYEA:0.2857142857142857	SIHESFGY:0.2857142857142857	LSTSIHES:0.25	TSIHESFG:0.2857142857142857	EAMARGIK:0.21428571428571427	GIKPIIHN:0.32142857142857145	AGAKTQWP:0.21428571428571427	AVVAHINH:0.25	IAVVAHIN:0.32142857142857145	GFNIAVVA:0.25	HNYAGAKT:0.21428571428571427	FLEDKNYL:0.21428571428571427	EDKNYLLS:0.25	LEDKNYLL:0.21428571428571427	YTLHIAGD:0.21428571428571427	TLHIAGDF:0.21428571428571427	DKNYLLST:0.25	PGFNIAVV:0.25	NYAGAKTQ:0.21428571428571427	NAFLEDKN:0.21428571428571427	KPIIHNYA:0.21428571428571427	LHIAGDFQ:0.2857142857142857	IHNYAGAK:0.21428571428571427	EKNVKLYG:0.25	GLEKNVKL:0.21428571428571427	PIIHNYAG:0.21428571428571427	FNIAVVAH:0.25	YAGAKTQW:0.21428571428571427	NIAVVAHI:0.32142857142857145	AFLEDKNY:0.21428571428571427	LEKNVKLY:0.25	IIHNYAGA:0.21428571428571427	YNIAEAMA:0.32142857142857145	VNAFLEDK:0.21428571428571427	DVNAFLED:0.21428571428571427	ESFGYNIA:0.35714285714285715	HESFGYNI:0.39285714285714285	GYNIAEAM:0.32142857142857145	SFGYNIAE:0.35714285714285715	FGYNIAEA:0.35714285714285715	KKILCRLH:0.21428571428571427	IHESFGYN:0.25	
