cluster number:1086
GT4:6	GT4:6
FVADLAQE:0.3333333333333333	PSGWAARA:0.3333333333333333	FEFLPSTR:0.3333333333333333	SVWALGSD:0.5	SGWAARAL:0.3333333333333333	DAMKFSLP:0.3333333333333333	KFSLPVVS:0.3333333333333333	YRLLFLGR:0.5	LGSDIWSL:0.6666666666666666	PNKGVDLL:0.5	VADLAQEL:0.3333333333333333	GDGSEAAG:0.5	HGVPYSVW:0.3333333333333333	PVVFSDAM:0.5	ADLAQELA:0.3333333333333333	FLGRWHPN:0.8333333333333334	SLPVVSMP:0.3333333333333333	RPVRLSGY:0.3333333333333333	FSDAMKFS:0.5	RLLFLGRW:0.5	APDKPLSL:0.3333333333333333	DGSEAAGA:0.5	VVFSDAMK:0.5	KPLSLLSP:0.3333333333333333	FLPSTRKL:0.5	EFLPSTRK:0.3333333333333333	QHGVPYSV:0.3333333333333333	IPVVFSDA:0.5	AAGAFVAD:0.3333333333333333	LGRWHPNK:0.8333333333333334	LPSTRKLA:0.5	RLSGYLDR:0.3333333333333333	MKFSLPVV:0.3333333333333333	EAAGAFVA:0.3333333333333333	GRWHPNKG:0.8333333333333334	DRLLLPSR:0.3333333333333333	VWALGSDI:0.5	PSRIESIP:0.5	RWHPNKGV:0.5	GVPYSVWA:0.5	YSVWALGS:0.5	FSLPVVSM:0.3333333333333333	VRLSGYLD:0.3333333333333333	MPVRVVVP:0.3333333333333333	PVRLSGYL:0.3333333333333333	SRIESIPV:0.5	ALGSDIWS:0.6666666666666666	SIPVVFSD:0.5	HIAGGGPL:0.3333333333333333	LLFLGRWH:0.5	IAGGGPLQ:0.3333333333333333	WVLPSGWA:0.5	AFVADLAQ:0.3333333333333333	VLPSGWAA:0.5	WALGSDIW:0.8333333333333334	MPTGDLPA:0.3333333333333333	PYSVWALG:0.5	ESIPVVFS:0.5	SDIWSLGR:0.5	SDAMKFSL:0.3333333333333333	LPSGWAAR:0.3333333333333333	PPYRLLFL:0.5	VPYSVWAL:0.5	VFSDAMKF:0.5	SFQAPDKP:0.3333333333333333	FWVLPSGW:0.5	AMKFSLPV:0.3333333333333333	PYRLLFLG:0.5	PSTRKLAA:0.5	SEAAGAFV:0.3333333333333333	WSFQAPDK:0.3333333333333333	GAFVADLA:0.3333333333333333	ADRLLLPS:0.3333333333333333	GSEAAGAF:0.5	WHPNKGVD:0.5	QAPDKPLS:0.3333333333333333	PDKPLSLL:0.3333333333333333	RQHGVPYS:0.3333333333333333	HPNKGVDL:0.5	AGAFVADL:0.3333333333333333	LFLGRWHP:0.5	PVRVVVPG:0.3333333333333333	GSDIWSLG:0.6666666666666666	PTGDLPAL:0.3333333333333333	FQAPDKPL:0.3333333333333333	GDLPALIG:0.3333333333333333	PSRVESIP:0.3333333333333333	DAARISGR:0.3333333333333333	SMPVGDLP:0.3333333333333333	LAFWVLPS:0.3333333333333333	VEVWSFQA:0.3333333333333333	PVGDLPAL:0.3333333333333333	LLPSRVES:0.3333333333333333	RTLRSLRR:0.3333333333333333	ALAFWVLP:0.3333333333333333	RVESIPVV:0.3333333333333333	HALAFWVL:0.3333333333333333	EVWSFQAP:0.3333333333333333	VESIPVVF:0.3333333333333333	RFAIEKIA:0.3333333333333333	AFWVLPSG:0.3333333333333333	LLITTSYA:0.3333333333333333	LPSRVESI:0.3333333333333333	VGDLPALI:0.3333333333333333	MPVGDLPA:0.3333333333333333	SRVESIPV:0.3333333333333333	NKGVDLLI:0.3333333333333333	KGVDLLIE:0.3333333333333333	VDLLIEAL:0.3333333333333333	GVDLLIEA:0.3333333333333333	DLLIEALG:0.3333333333333333	LWALPSGA:0.3333333333333333	PPYRLAFL:0.3333333333333333	TWALGSDI:0.3333333333333333	ESIPVIFS:0.3333333333333333	RLAFLGRW:0.3333333333333333	LPSGAWAR:0.3333333333333333	RIESIPVI:0.3333333333333333	LAFLGRWH:0.3333333333333333	WALPSGAW:0.3333333333333333	PNKGIDLL:0.3333333333333333	PVIFSDAM:0.3333333333333333	LIPSRIES:0.3333333333333333	SIPVIFSD:0.3333333333333333	TPPYRLAF:0.3333333333333333	RWHPNKGI:0.3333333333333333	PYRLAFLG:0.3333333333333333	NWTDFVLI:0.3333333333333333	IFSDAMQA:0.3333333333333333	ALWALPSG:0.3333333333333333	AFLGRWHP:0.3333333333333333	LPLSLLKP:0.3333333333333333	FVLIPSRI:0.3333333333333333	IESIPVIF:0.3333333333333333	IPVIFSDA:0.3333333333333333	YRLAFLGR:0.3333333333333333	VIFSDAMQ:0.3333333333333333	TDFVLIPS:0.3333333333333333	WTDFVLIP:0.3333333333333333	DFVLIPSR:0.3333333333333333	VLIPSRIE:0.3333333333333333	WHPNKGID:0.3333333333333333	ALPSGAWA:0.3333333333333333	IPSRIESI:0.3333333333333333	HPNKGIDL:0.3333333333333333	
