cluster number:2253
GT4:45	GT4:45
YEGFGLPV:0.7555555555555555	SLYEGFGL:0.7555555555555555	FPSLYEGF:0.5777777777777777	LYEGFGLP:0.7555555555555555	CGTPVITS:0.35555555555555557	GTPVITSN:0.3111111111111111	NRKKHKNE:0.2	PSLYEGFG:0.7555555555555555	GIGRFAKE:0.28888888888888886	VVGNGVSK:0.2	HGIGRFAK:0.28888888888888886	IGRFAKEI:0.2	GLPVIEAM:0.6	FGLPVIEA:0.6	EGFGLPVI:0.6666666666666666	GFGLPVIE:0.6666666666666666	VIEAMACG:0.4	PVIEAMAC:0.4	LPVIEAMA:0.4222222222222222	IHDLNHID:0.5333333333333333	ITIHDLNH:0.3333333333333333	GEHGIGRF:0.3111111111111111	FTVSEFSK:0.24444444444444444	HDLNHIDI:0.26666666666666666	TIHDLNHI:0.5333333333333333	IITIHDLN:0.2222222222222222	EHGIGRFA:0.3111111111111111	IFTVSEFS:0.28888888888888886	LLFPSLYE:0.3111111111111111	MACGTPVI:0.26666666666666666	LFPSLYEG:0.3333333333333333	EAMACGTP:0.2222222222222222	IGEHGIGR:0.28888888888888886	AMACGTPV:0.2	IEAMACGT:0.2	RWIGEHGI:0.28888888888888886	ACGTPVIT:0.2	WIGEHGIG:0.28888888888888886	FTIHDLNH:0.2	FSPGYNAP:0.2	LTVSEFSK:0.2	
