cluster number:1280
GT4:46	GT4:46
FGIAVLEA:0.2391304347826087	YIVRPLGQ:0.3695652173913043	EPIILFLS:0.391304347826087	PIILFLSR:0.391304347826087	VRPLGQLC:0.34782608695652173	ENFGIAVL:0.2608695652173913	VPYIVRPL:0.2391304347826087	TSYSENFG:0.34782608695652173	DEPIILFL:0.34782608695652173	IATTNDNG:0.43478260869565216	IVRPLGQL:0.3695652173913043	SYSENFGI:0.21739130434782608	LTSYSENF:0.34782608695652173	NFGIAVLE:0.2608695652173913	PYIVRPLG:0.3695652173913043	YDLLHIHA:0.2608695652173913	FLSRLHPK:0.4782608695652174	LSRLHPKK:0.4782608695652174	LFLSRLHP:0.45652173913043476	VLHVIPSI:0.2391304347826087	FALTSYSE:0.2391304347826087	AMAIARLK:0.21739130434782608	SENFGVAV:0.21739130434782608	HIHAIFSY:0.30434782608695654	LHVIPSIA:0.21739130434782608	ALTSYSEN:0.2391304347826087	HVHAIFSY:0.2608695652173913	PVLVTPGV:0.21739130434782608	IPALGKLT:0.2608695652173913	YLIPALGK:0.41304347826086957	VTPGVALA:0.34782608695652173	LIPALGKL:0.391304347826087	LVTPGVAL:0.2391304347826087	ILFLSRLH:0.5652173913043478	CEWSLQQS:0.2826086956521739	AEIATTND:0.391304347826087	LTSHSENF:0.30434782608695654	LCEWSLQQ:0.32608695652173914	VRGGPSQA:0.30434782608695654	EIATTNDN:0.391304347826087	QLCEWSLQ:0.21739130434782608	LHIHAIFS:0.2826086956521739	GLDYLIPA:0.43478260869565216	WFFPRFSP:0.21739130434782608	KGLDYLIP:0.43478260869565216	KKGLDYLI:0.5	HPKKGLDY:0.391304347826087	RGGPSQAV:0.30434782608695654	PSFILPHG:0.2608695652173913	LDYLIPAL:0.43478260869565216	LLHIHAIF:0.2391304347826087	PKKGLDYL:0.391304347826087	RLHPKKGL:0.5	GQLCEWSL:0.21739130434782608	SFILPHGL:0.21739130434782608	LHPKKGLD:0.41304347826086957	DLLHIHAI:0.2391304347826087	SRLHPKKG:0.5217391304347826	YDLLHVHA:0.21739130434782608	HAIFSYAS:0.2608695652173913	VLEALAVG:0.21739130434782608	AIFSYAST:0.2608695652173913	DYLIPALG:0.2608695652173913	IILFLSRL:0.3695652173913043	
