cluster number:1875
GT4:28	GT4:28
FGIAVVEA:0.7857142857142857	VMPHGMLD:0.39285714285714285	GPCQGIRN:0.25	QENFGIAV:0.9285714285714286	NFGIAVVE:0.8214285714285714	YVMPHGML:0.21428571428571427	GMLDPYFQ:0.6428571428571429	LFTCEEEL:0.35714285714285715	FILPSHQE:0.2857142857142857	AFILPSHQ:0.21428571428571427	DAKWGAFY:0.32142857142857145	IAVVEALA:0.5	PSHQENFG:0.8214285714285714	ILPSHQEN:0.2857142857142857	GGPCQGIR:0.25	INVGYGIQ:0.21428571428571427	MLDPYFQK:0.32142857142857145	VLFTCEEE:0.21428571428571427	LPSHQENF:0.8214285714285714	MPHGMLDP:0.75	PHGMLDPY:0.6428571428571429	HGMLDPYF:0.6785714285714286	GIAVVEAL:0.6428571428571429	LDPYFQKA:0.2857142857142857	HQENFGIA:0.8928571428571429	SHQENFGI:0.8928571428571429	GDAKWGAF:0.2857142857142857	EINVGYGI:0.32142857142857145	AVVEALAC:0.42857142857142855	ENFGIAVV:0.8214285714285714	KKGVDLLI:0.25	KGVDLLIK:0.21428571428571427	PKKGVDLL:0.21428571428571427	LVIAGPGL:0.21428571428571427	IHPKKGVD:0.21428571428571427	RIHPKKGV:0.21428571428571427	HPKKGVDL:0.21428571428571427	SRIHPKKG:0.21428571428571427	VLPSHQEN:0.5	GKPVLISN:0.21428571428571427	IMPHGMLD:0.2857142857142857	CGKPVLIS:0.25	LLFLSRIH:0.21428571428571427	EAFVLPSH:0.32142857142857145	KPVLISNQ:0.21428571428571427	YGCEAFVL:0.21428571428571427	AFYGCEAF:0.21428571428571427	FIMPHGML:0.21428571428571427	GAFYGCEA:0.21428571428571427	QVNIWREI:0.2857142857142857	AFVLPSHQ:0.4642857142857143	WGAFYGCE:0.25	AKWGAFYG:0.32142857142857145	FYGCEAFV:0.21428571428571427	KWGAFYGC:0.35714285714285715	ACGKPVLI:0.25	VVEALACG:0.25	NQVNIWRE:0.21428571428571427	FVLPSHQE:0.5	CEAFVLPS:0.25	FLSRIHEK:0.21428571428571427	SRIHEKKG:0.25	LFLSRIHE:0.21428571428571427	LSRIHEKK:0.21428571428571427	LDPYFQRA:0.25	MLDPYFQR:0.25	
