cluster number:2340
GT4:6	GT4:6
INETKSGL:0.3333333333333333	KYNWANDE:0.3333333333333333	PSSLKIDI:0.3333333333333333	QANVGALT:0.3333333333333333	IIVRDLPL:0.5	HWNHTIPN:0.5	LPLVKTAL:0.3333333333333333	FLTKLRGL:0.5	EDYPWDVR:0.5	GLPVLATE:0.3333333333333333	ETKSGLVC:0.3333333333333333	ALTYRVCP:0.3333333333333333	VCPHWNHT:0.3333333333333333	LTKLRGLD:0.5	NVGALTYR:0.5	FDYMLAGL:0.5	TYRVCPHW:0.3333333333333333	PHWNHTIP:0.3333333333333333	GNEPSSLK:0.3333333333333333	KLRGLDLL:0.5	VGFLTKLR:0.5	ANVGALTY:0.5	LKIDIVGK:0.3333333333333333	LDMAEVYP:0.3333333333333333	TIPNKIFD:0.6666666666666666	DYMLAGLP:0.5	RIINETKS:0.3333333333333333	DMAEVYPY:0.3333333333333333	VYVGFLTK:0.5	SLKIDIVG:0.3333333333333333	IINETKSG:0.3333333333333333	GFLTKLRG:0.5	NKIFDYML:0.5	RVCPHWNH:0.3333333333333333	CPHWNHTI:0.3333333333333333	LMAQANVG:0.3333333333333333	HTLVMIEE:0.3333333333333333	KEDYPWDV:0.5	VRDLPLVK:0.5	PNKIFDYM:0.8333333333333334	LVYVGFLT:0.5	NEPSSLKI:0.3333333333333333	KIFDYMLA:0.5	TLVMIEES:0.5	NHTIPNKI:0.5	LRGLDLLI:0.5	YKEDYPWD:0.5	MLAGLPVL:0.6666666666666666	AGLPVLAT:0.3333333333333333	SSLKIDIV:0.3333333333333333	TKLRGLDL:0.5	TKSGLVCR:0.3333333333333333	MAQANVGA:0.3333333333333333	AQANVGAL:0.3333333333333333	NETKSGLV:0.3333333333333333	YVGFLTKL:0.5	KSGLVCRD:0.3333333333333333	AEVYPYMY:0.3333333333333333	LRLVYVGF:0.3333333333333333	YMLAGLPV:0.6666666666666666	RDLPLVKT:0.3333333333333333	HTIPNKIF:0.5	RDIAEKLQ:0.3333333333333333	WNHTIPNK:0.5	VGALTYRV:0.5	GALTYRVC:0.5	IVRDLPLV:0.5	YRVCPHWN:0.3333333333333333	MAEVYPYM:0.3333333333333333	LTYRVCPH:0.3333333333333333	DLPLVKTA:0.3333333333333333	EPSSLKID:0.3333333333333333	LAGLPVLA:0.5	RLVYVGFL:0.3333333333333333	LPVLATEV:0.3333333333333333	IPNKIFDY:0.6666666666666666	KIDIVGKG:0.3333333333333333	IFDYMLAG:0.5	IEESRDRL:0.3333333333333333	YPWDVRVE:0.3333333333333333	VMIEESRD:0.3333333333333333	EESRDRLL:0.3333333333333333	PWDVRVEK:0.3333333333333333	DVRVEKIA:0.3333333333333333	MIEESRDR:0.3333333333333333	LVMIEESR:0.3333333333333333	WDVRVEKI:0.3333333333333333	DYPWDVRV:0.3333333333333333	NKIFDYMA:0.3333333333333333	
