cluster number:1911
GT4:15	GT4:15
SGGIRRYL:0.26666666666666666	PSVPLPFS:0.26666666666666666	HAGDQETF:0.4666666666666667	FVHAGDQE:0.4666666666666667	ALEAMACG:0.4	GGIRRYLQ:0.2	KRRWLQAR:0.2	VHAGDQET:0.4666666666666667	YLQEKRRW:0.2	IRRYLQEK:0.2	ALDAGQAL:0.2	DQETFGLA:0.3333333333333333	GDQETFGL:0.3333333333333333	AALEAMAC:0.3333333333333333	LDAGQALG:0.2	AWAALDAG:0.26666666666666666	QEKRRWLQ:0.2	EKRRWLQA:0.2	GIRRYLQE:0.2	RYLQEKRR:0.2	LQEKRRWL:0.2	YRHSLVLP:0.2	ETFGLAAL:0.26666666666666666	TFGLAALE:0.26666666666666666	WAALDAGQ:0.26666666666666666	GLAALEAM:0.26666666666666666	FGLAALEA:0.26666666666666666	RRYLQEKR:0.2	QETFGLAA:0.26666666666666666	RQPLGVDT:0.2	AGDQETFG:0.4666666666666667	LAALEAMA:0.26666666666666666	LEAMACGL:0.4666666666666667	MACGLPVV:0.26666666666666666	AMACGLPV:0.3333333333333333	EAMACGLP:0.4666666666666667	MMDRLGPG:0.2	AGDPYQFA:0.2	PLEAMACG:0.4	VPLPFSQG:0.2	ILPDIVGR:0.2	VPSVPLPF:0.2	PVVAARAG:0.2	RHSLVLPR:0.2	GDPYQFAW:0.2	EAGDPYQF:0.2	RSGGIRRY:0.2	APLEAMAC:0.4	PFSQGYRL:0.2	DLFVHAGD:0.26666666666666666	VAARAGGL:0.2	MDRLGPGY:0.2	QFAWAALD:0.2	RILPDIVG:0.2	ACGLPVVA:0.2	PLPFSQGY:0.2	ARAGGLAE:0.2	GLPVVAAR:0.2	YQFAWAAL:0.2	VVAARAGG:0.2	AARAGGLA:0.2	EVPSVPLP:0.2	CGLPVVAA:0.2	CDLFVHAG:0.2	IEAGDPYQ:0.2	SQGYRLPL:0.2	LPFSQGYR:0.2	FSQGYRLP:0.2	VIEAGDPY:0.2	LFVHAGDQ:0.26666666666666666	SVPLPFSQ:0.2	LPVVAARA:0.2	PYQFAWAA:0.2	LPDIVGRY:0.2	DPYQFAWA:0.2	FAWAALDA:0.2	KGETFGLA:0.2	GETFGLAP:0.26666666666666666	AEKGETFG:0.2	FGLAPLEA:0.4	EKGETFGL:0.2	ETFGLAPL:0.3333333333333333	GLAPLEAM:0.4	TFGLAPLE:0.3333333333333333	GRLHPEKG:0.2	LAPLEAMA:0.3333333333333333	RLHPEKGL:0.2	
