cluster number:520
GT4:15	GT4:15|2.4.1.-:1
KPDPRVYK:0.8666666666666667	VSNPFKPD:0.26666666666666666	DPRVYKEA:0.8666666666666667	VATQSIGG:0.2	IYDVHDLY:0.3333333333333333	IAIKVFEA:0.2	MTVSNPFK:0.2	WDREGKYP:0.3333333333333333	PFKPDPRV:0.8666666666666667	WIYDVHDL:0.2	DREGKYPK:0.2	PRVYKEAK:0.6	THDFDTAI:0.2	HDFDTAIL:0.2	DFDTAILG:0.2	RAIAIKVF:0.26666666666666666	DAIHTHDF:0.4	VYKEAKSL:0.4	VIAWDREG:0.26666666666666666	AWDREGKY:0.4	VMTVSNPF:0.2	EGKYPKEE:0.2	REGKYPKE:0.2	LKLPLFYL:0.4	IVATQSIG:0.2	IAWDREGK:0.26666666666666666	KEAKSLAK:0.2	PDPRVYKE:0.8666666666666667	YKEAKSLA:0.2	YDVHDLYY:0.26666666666666666	AIHTHDFD:0.4	TVSNPFKP:0.2	AIAIKVFE:0.26666666666666666	DVHDLYYT:0.26666666666666666	RVYKEAKS:0.4	HTHDFDTA:0.7333333333333333	EGLREYYI:0.2	NPFKPDPR:0.8666666666666667	IHTHDFDT:0.6	FKPDPRVY:0.8666666666666667	SNPFKPDP:0.3333333333333333	DTAPLAFF:0.26666666666666666	GLYAIHAN:0.2	ISNFIPLF:0.26666666666666666	TRISLLEE:0.2	FIPLFEVA:0.2	LYAIHAND:0.2	NKDTLMED:0.2	LTNPFKPD:0.26666666666666666	IHANDFDT:0.26666666666666666	KVFMLLTN:0.2	TAPLAFFL:0.2	FMLLTNPF:0.2	RVYKEAKT:0.2	PLFEVARR:0.2	YAIHANDF:0.26666666666666666	DLYYTRIS:0.2	VFMLLTNP:0.2	TNPFKPDP:0.5333333333333333	DTLMEDFV:0.26666666666666666	AIHANDFD:0.26666666666666666	VGYIGTIR:0.26666666666666666	PVIVNKDT:0.2	GYIGTIRS:0.26666666666666666	VYKEAKTL:0.2	HANDFDTA:0.26666666666666666	YYTRISLL:0.2	YTRISLLE:0.2	DFDTAPLA:0.26666666666666666	LPLFYLKA:0.26666666666666666	KDTLMEDF:0.2	ANDFDTAP:0.26666666666666666	IPLFEVAR:0.2	KLPLFYLK:0.3333333333333333	MLLTNPFK:0.2	DKIYVVWN:0.2	SNFIPLFE:0.3333333333333333	LLTNPFKP:0.2	FDTAPLAF:0.26666666666666666	LYYTRISL:0.2	NDFDTAPL:0.26666666666666666	HDLYYTRI:0.2	IVNKDTLM:0.2	KKVFMLLT:0.2	VNKDTLME:0.2	VIVNKDTL:0.2	VYDVHDLY:0.4	VTNPFKPD:0.26666666666666666	DFDTAFLG:0.2	HDFDTAFL:0.2	WVYDVHDL:0.4	YKEAKSLV:0.2	THDFDTAF:0.2	KWVYDVHD:0.26666666666666666	VEEYRCGV:0.2	PRVYKEAR:0.2	DFDTALLG:0.2	HDFDTALL:0.2	THDFDTAL:0.2	PNKLFEAM:0.26666666666666666	YDVHDLYE:0.3333333333333333	DVHDLYES:0.3333333333333333	IFYGGVLS:0.2	TIFYGGVL:0.2	FTIFYGGV:0.2	MGIPVIVN:0.2	HDLYESFV:0.2	VHDLYESF:0.2	FDAIHTHD:0.2	DFDAIHTH:0.2	
