cluster number:875
GT4:257	GT4:257|GT2:1
LVPHKQIE:0.7509727626459144	VLVHHCHR:0.36186770428015563	CWRDTGHP:0.35019455252918286	QHGVPTIG:0.32684824902723736	HGVPTIGY:0.3346303501945525	VSLPSARD:0.21011673151750973	VTLRTARY:0.24124513618677043	DVVVDTQN:0.4669260700389105	DAVTFHGH:0.25680933852140075	QYVTVSLP:0.2178988326848249	KEGWGLAV:0.8793774319066148	VPHKQIED:0.42023346303501946	VTFHGHVD:0.29571984435797666	PDVVVDTQ:0.22568093385214008	RLVPHKQI:0.7509727626459144	AVTFHGHV:0.311284046692607	IAVVRNGL:0.22568093385214008	VTVSLPSA:0.2178988326848249	DTGHPQGG:0.33852140077821014	WRDTGHPQ:0.33852140077821014	GVPTIGYR:0.2840466926070039	SRKEGWGL:0.8871595330739299	VLLLCWRD:0.43190661478599224	EAAQHGVP:0.5680933852140078	AAQHGVPT:0.5642023346303502	RKEGWGLA:0.8715953307392996	VLSRLVPH:0.5175097276264592	RIAVVRNG:0.42412451361867703	LVHHCHRE:0.4396887159533074	GHPQGGGS:0.4046692607003891	AVVRNGLD:0.22568093385214008	AQHGVPTI:0.3151750972762646	SRLVPHKQ:0.7976653696498055	HPQGGGSE:0.8754863813229572	LSRLVPHK:0.9105058365758755	HKQIEDAL:0.377431906614786	DSIVDGVT:0.22178988326848248	PHKQIEDA:0.42023346303501946	LCWRDTGH:0.35019455252918286	RPDVVVDT:0.20233463035019456	TGHPQGGG:0.33852140077821014	VVLSRLVP:0.3346303501945525	YVTVSLPS:0.22178988326848248	LLCWRDTG:0.3463035019455253	TVSLPSAR:0.22178988326848248	PSRKEGWG:0.9027237354085603	LPSRKEGW:0.2723735408560311	SIVDGVTG:0.22178988326848248	VVVDTQNG:0.4708171206225681	RDTGHPQG:0.33852140077821014	LLLCWRDT:0.5914396887159533	SLPSARDL:0.21011673151750973	GYRSSGGL:0.43190661478599224	MPSRKEGW:0.6381322957198443	REQWPVAG:0.6614785992217899	IGYRSSGG:0.35019455252918286	EQWPVAGP:0.33073929961089493	HHCHREQW:0.6498054474708171	CHREQWPV:0.622568093385214	VHHCHREQ:0.4085603112840467	TIGYRSSG:0.35019455252918286	HREQWPVA:0.6614785992217899	HCHREQWP:0.622568093385214	VPTIGYRS:0.4591439688715953	PTIGYRSS:0.45136186770428016	VVLVHHCH:0.23346303501945526	VDTQNGIP:0.3424124513618677	ERYLERVG:0.21011673151750973	QGGGSERY:0.5252918287937743	VTLSRLVP:0.38132295719844356	VVDTQNGI:0.2918287937743191	GGGSERYL:0.5642023346303502	DTQNGIPF:0.603112840466926	VPHKQIEH:0.33073929961089493	GGSERYLE:0.5603112840466926	PQGGGSER:0.5252918287937743	VDVVVDTQ:0.20622568093385213	WRDTTHPQ:0.21011673151750973	GSERYLER:0.3151750972762646	CWRDTTHP:0.20622568093385213	TQNGIPFF:0.5719844357976653	TTHPQGGG:0.21011673151750973	KILLLCWR:0.2490272373540856	ILLLCWRD:0.32684824902723736	TLSRLVPH:0.377431906614786	DTTHPQGG:0.21011673151750973	SERYLERV:0.3151750972762646	RDTTHPQG:0.21011673151750973	PHKQIEHA:0.33073929961089493	LMPSRKEG:0.44357976653696496	THPQGGGS:0.3424124513618677	MKILLLCW:0.2490272373540856	HLMPSRKE:0.4357976653696498	QHGVPTVG:0.30739299610894943	QNGIPFFA:0.43190661478599224	IDTQNGIP:0.2529182879377432	HGVPTVGY:0.30739299610894943	VIDTQNGI:0.245136186770428	AQHGVPTV:0.2529182879377432	LTHHCHRE:0.2490272373540856	AVIEAAQH:0.3346303501945525	EGWGLAVI:0.4085603112840467	LLTHHCHR:0.2801556420233463	HLVTLSRL:0.29571984435797666	GWGLAVIE:0.4085603112840467	THHCHREQ:0.23346303501945526	GLAVIEAA:0.3151750972762646	LVTLSRLV:0.3151750972762646	LAVIEAAQ:0.311284046692607	WGLAVIEA:0.3968871595330739	IEAAQHGV:0.21011673151750973	VIEAAQHG:0.21011673151750973	NGIPFFAR:0.25680933852140075	
