cluster number:1356
GT4:37	GT4:37
LPVALLEY:0.4594594594594595	PVALLEYG:0.4864864864864865	IKIIWHDH:0.2972972972972973	CLANLRPQ:0.35135135135135137	IIWHDHYG:0.2972972972972973	RIICLANL:0.21621621621621623	NLRPQKNH:0.32432432432432434	LANLRPQK:0.4594594594594595	EGLPVALL:0.4864864864864865	SEGLPVAL:0.4864864864864865	ANLRPQKN:0.32432432432432434	GLPVALLE:0.4864864864864865	KIIWHDHY:0.24324324324324326	MAVNYANA:0.24324324324324326	SLEAGGAE:0.21621621621621623	IDSLEAGG:0.24324324324324326	DSLEAGGA:0.21621621621621623	AVNYANAL:0.24324324324324326	ANLRPQKD:0.24324324324324326	NLRPQKDH:0.21621621621621623	GAERMAVN:0.4864864864864865	VCLANLRP:0.21621621621621623	ERMAVNYA:0.2702702702702703	AERMAVNY:0.2972972972972973	VALLEYGL:0.35135135135135137	RMAVNYAN:0.24324324324324326	GGAERMAV:0.5135135135135135	ALLEYGLA:0.2702702702702703	AGGAERMA:0.40540540540540543	LSSKSEGL:0.2702702702702703	GVLSSKSE:0.21621621621621623	RIVCLANL:0.21621621621621623	IGVLSSKS:0.21621621621621623	KRIVCLAN:0.21621621621621623	VLSSKSEG:0.24324324324324326	IVCLANLR:0.24324324324324326	SSKSEGLP:0.2702702702702703	IWHDHYGN:0.21621621621621623	SKSEGLPV:0.21621621621621623	
