cluster number:839
GT4:19	GT4:19
FDLIDAHY:0.2631578947368421	PRHGVFVE:0.21052631578947367	DGVAAVWL:0.21052631578947367	PDGVAAVW:0.21052631578947367	LEALACGT:0.21052631578947367	ASSREGMP:0.21052631578947367	GMPNVVLE:0.3157894736842105	VVAPVPWF:0.21052631578947367	HGVFVEER:0.21052631578947367	EALACGTP:0.21052631578947367	QPRHGVFV:0.21052631578947367	VLRNGVDL:0.21052631578947367	GVAAVWLG:0.21052631578947367	SSREGMPN:0.21052631578947367	REGMPNVV:0.21052631578947367	VLASSREG:0.21052631578947367	HYFYPDGV:0.21052631578947367	GVFVEERL:0.21052631578947367	VVLEALAC:0.3157894736842105	MPNVVLEA:0.2631578947368421	DAHYFYPD:0.21052631578947367	AHYFYPDG:0.21052631578947367	IDAHYFYP:0.21052631578947367	VEERLRHL:0.21052631578947367	FVEERLRH:0.21052631578947367	RHGVFVEE:0.21052631578947367	YPDGVAAV:0.21052631578947367	YFYPDGVA:0.21052631578947367	DLIDAHYF:0.21052631578947367	VLEALACG:0.3157894736842105	NVVLEALA:0.2631578947368421	VFVEERLR:0.21052631578947367	PNVVLEAL:0.2631578947368421	EGMPNVVL:0.3157894736842105	LIDAHYFY:0.21052631578947367	VAPVPWFP:0.21052631578947367	ACGTPVVA:0.47368421052631576	FYPDGVAA:0.21052631578947367	LACGTPVV:0.5263157894736842	ESLACGTP:0.42105263157894735	VLESLACG:0.42105263157894735	AVLESLAC:0.21052631578947367	LESLACGT:0.3684210526315789	SLACGTPV:0.42105263157894735	CGTPVVAF:0.21052631578947367	
