cluster number:1159
GT4:14	GT4:14
PMRYAWQG:0.21428571428571427	TGMRGGEK:0.2857142857142857	LVHDWLTG:0.5	FPGEEDFG:0.5	GEEDFGIV:0.5	WQGREAYL:0.21428571428571427	GMRGGEKC:0.21428571428571427	EKCLEVLC:0.21428571428571427	RVALVHDW:0.21428571428571427	SLSHCVAK:0.21428571428571427	WLTGMRGG:0.42857142857142855	GEKCLEVL:0.21428571428571427	ALVHDWLT:0.2857142857142857	ACGAPVIA:0.21428571428571427	RGGEKCLE:0.42857142857142855	CYCFTPMR:0.42857142857142855	FTPMRYAW:0.42857142857142855	CLEVLCRA:0.21428571428571427	IRDHYRRC:0.21428571428571427	MRYAWQGR:0.21428571428571427	EVLCRAFP:0.21428571428571427	VSALVPYK:0.35714285714285715	PHVCYCFT:0.35714285714285715	MRGGEKCL:0.21428571428571427	LTGMRGGE:0.42857142857142855	DWLTGMRG:0.42857142857142855	HYRRCRAL:0.21428571428571427	VCYCFTPM:0.35714285714285715	RYAWQGRE:0.21428571428571427	CFTPMRYA:0.42857142857142855	KCLEVLCR:0.21428571428571427	RDHYRRCR:0.21428571428571427	YAWQGREA:0.21428571428571427	SALVPYKR:0.35714285714285715	HVCYCFTP:0.35714285714285715	YCFTPMRY:0.42857142857142855	VHDWLTGM:0.42857142857142855	LEVLCRAF:0.21428571428571427	ALVPYKRV:0.2857142857142857	GGEKCLEV:0.21428571428571427	VALVHDWL:0.21428571428571427	HDWLTGMR:0.42857142857142855	PGEEDFGI:0.5	TPMRYAWQ:0.21428571428571427	EEDFGIVP:0.5	EALACGAP:0.21428571428571427	AWQGREAY:0.21428571428571427	DHYRRCRA:0.21428571428571427	PPVDTDFY:0.21428571428571427	LVPYKRVD:0.2857142857142857	GVPHVCYC:0.35714285714285715	ALACGAPV:0.21428571428571427	DLVVSLSH:0.2857142857142857	VPHVCYCF:0.35714285714285715	REDFYLVV:0.21428571428571427	RALLFPGE:0.21428571428571427	CRALLFPG:0.21428571428571427	VIRDHYRR:0.21428571428571427	RCRALLFP:0.21428571428571427	ALLFPGEE:0.35714285714285715	FYLVVSAL:0.21428571428571427	DFYLVVSA:0.21428571428571427	EDFYLVVS:0.21428571428571427	LFPGEEDF:0.35714285714285715	LLFPGEED:0.35714285714285715	PREDFYLV:0.21428571428571427	FGIVPIEA:0.42857142857142855	DFGIVPIE:0.42857142857142855	EDFGIVPI:0.42857142857142855	DFGIVPLE:0.21428571428571427	RVVLVHDW:0.21428571428571427	EDFGIVPL:0.21428571428571427	VVLVHDWL:0.21428571428571427	FGIVPLEA:0.21428571428571427	VLVHDWLT:0.21428571428571427	
