cluster number:2232
GT4:36	GT4:36
YALFVGRL:0.2777777777777778	SEWYETFG:0.2222222222222222	IEAFAKGT:0.25	IVGDGPLA:0.25	ALFVGRLS:0.2222222222222222	LVFPSEWY:0.2222222222222222	LHNYRLLC:0.3055555555555556	TLHNYRLL:0.3055555555555556	GRLSPEKG:0.3611111111111111	VGRLSPEK:0.3055555555555556	AFAKGTPV:0.3055555555555556	VFPSEWYE:0.2222222222222222	VAIEAFAK:0.2222222222222222	AIEAFAKG:0.2222222222222222	EAFAKGTP:0.3055555555555556	VQTLHNYR:0.25	VVQTLHNY:0.2777777777777778	ISPAAYYA:0.2222222222222222	PVVQTLHN:0.3611111111111111	VPVVQTLH:0.25	QTLHNYRL:0.2777777777777778	FHNTFPLI:0.25	AHFHNTFP:0.2222222222222222	HNTFPLIS:0.3333333333333333	HNYRLLCP:0.2222222222222222	NTFPLISP:0.3611111111111111	YRLLCPNA:0.2222222222222222	NYRLLCPN:0.2222222222222222	HFHNTFPL:0.2777777777777778	TFPLISPA:0.2222222222222222	PLISPAAY:0.25	FPLISPAA:0.2222222222222222	VQTLHNFR:0.25	QTLHNFRL:0.25	VVQTLHNF:0.2222222222222222	
