cluster number:1043
GT4:27	GT4:27
FSWRDSAE:0.2962962962962963	AIVVPTHA:0.2222222222222222	ERVWQLHA:0.2222222222222222	RDSAERVW:0.2962962962962963	AERVWQLH:0.2222222222222222	SAERVWQL:0.2222222222222222	FGLPIVEA:0.4074074074074074	AEGFGLPI:0.5925925925925926	RYTEELTR:0.25925925925925924	GFGLPIVE:0.4444444444444444	DAIVVPTH:0.2222222222222222	RAFSWRDS:0.25925925925925924	QIAVTIHD:0.2222222222222222	EGFGLPIV:0.4444444444444444	VTIHDTLA:0.2222222222222222	TIHDTLAW:0.2222222222222222	VVPTHAVA:0.2962962962962963	WRDSAERV:0.2962962962962963	DSAERVWQ:0.2222222222222222	IVVPTHAV:0.2222222222222222	ADAIVVPT:0.2222222222222222	SWRDSAER:0.2962962962962963	AFSWRDSA:0.2962962962962963	LAEGFGLP:0.6296296296296297	PSLAEGFG:0.6296296296296297	FPSLAEGF:0.3333333333333333	VFPSLAEG:0.25925925925925924	SLAEGFGL:0.6296296296296297	
