cluster number:459
GT4:223	GT4:223|GT2:1
YEGFGLPV:0.7399103139013453	VLEAMASG:0.4484304932735426	EGFGLPVL:0.7443946188340808	LEAMASGT:0.34080717488789236	LPVLEAMA:0.4977578475336323	EAMASGTP:0.34080717488789236	GFGLPVLE:0.7399103139013453	AMASGTPV:0.336322869955157	FGLPVLEA:0.7219730941704036	GLPVLEAM:0.6816143497757847	PVLEAMAS:0.4484304932735426	PLTGIGRY:0.24663677130044842	SLYEGFGL:0.39461883408071746	CVGTLEPR:0.28699551569506726	LCVGTLEP:0.27802690582959644	HEPSLWPL:0.24663677130044842	FPSLYEGF:0.336322869955157	FLCVGTLE:0.24663677130044842	LYEGFGLP:0.3991031390134529	GTLEPRKN:0.3452914798206278	PSLYEGFG:0.3991031390134529	LEPRKNLS:0.20179372197309417	LFHGWGWS:0.22869955156950672	LYHEPSLW:0.25112107623318386	DLYHEPSL:0.24663677130044842	VGTLEPRK:0.3542600896860987	YHEPSLWP:0.2600896860986547	LLGYLPDE:0.20179372197309417	TLEPRKNL:0.34080717488789236	PRTGIGHY:0.23318385650224216	YFLCVGTL:0.24663677130044842	TLHDLTHL:0.23318385650224216	SAMPEVAG:0.23318385650224216	ILQAPRTG:0.2242152466367713	QAPRTGIG:0.2242152466367713	LQAPRTGI:0.2242152466367713	NARILQAP:0.21076233183856502	RILQAPRT:0.2242152466367713	ARILQAPR:0.21076233183856502	GTIEPRKN:0.242152466367713	
