cluster number:658
GT4:22	GT4:22
QCGDAALY:0.2727272727272727	ATIHDLMH:0.2727272727272727	QDALTWQI:0.2727272727272727	GLERASLW:0.2727272727272727	EAGSWLRF:0.2727272727272727	HDLMHRYE:0.45454545454545453	FYPAQFWP:0.3181818181818182	YGMREQCG:0.2727272727272727	VMPTFFGP:0.4090909090909091	ARGLVMPT:0.2727272727272727	AQDALTWQ:0.2727272727272727	FQLRESRF:0.2727272727272727	AGSWLRFQ:0.2727272727272727	PTNIPPLE:0.5454545454545454	REQCGDAA:0.2727272727272727	SWLRFQLR:0.2727272727272727	PAQFWPHK:0.4090909090909091	PTFFGPTN:0.45454545454545453	QCDLWIFP:0.3181818181818182	IKKGLERA:0.2727272727272727	GMREQCGD:0.2727272727272727	LIKKGLER:0.2727272727272727	AYGDEAWR:0.2727272727272727	DLWIFPAQ:0.3181818181818182	TNIPPLEA:0.5454545454545454	DMELVLAG:0.2727272727272727	ASLWKQED:0.2727272727272727	MREQCGDA:0.2727272727272727	RASLWKQE:0.2727272727272727	IFPAQDAL:0.2727272727272727	ERASLWKQ:0.2727272727272727	KKGLERAS:0.2727272727272727	KGLERASL:0.2727272727272727	PEAGSWLR:0.2727272727272727	WIFPAQDA:0.3181818181818182	VIVAYGDE:0.2727272727272727	AQFWPHKN:0.4090909090909091	RGLVMPTF:0.2727272727272727	PVLISDKY:0.22727272727272727	KYGMREQC:0.2727272727272727	VAYGDEAW:0.2727272727272727	SDKYGMRE:0.2727272727272727	NIPPLEAM:0.36363636363636365	GCPVLISD:0.2727272727272727	FPEAGSWL:0.2727272727272727	FYFYPAQF:0.2727272727272727	GSWLRFQL:0.2727272727272727	WLRFQLRE:0.2727272727272727	QLRESRFR:0.2727272727272727	YFYPAQFW:0.2727272727272727	LVMPTFFG:0.36363636363636365	LERASLWK:0.2727272727272727	FGPTNIPP:0.5	LWKQEDFD:0.2727272727272727	YPAQFWPH:0.4090909090909091	CPVLISDK:0.2727272727272727	HFVGYVPD:0.2727272727272727	TFFGPTNI:0.45454545454545453	CGCPVLIS:0.2727272727272727	FAERYRLP:0.2727272727272727	CDLWIFPA:0.3181818181818182	GPTNIPPL:0.5454545454545454	RARGLVMP:0.2727272727272727	VLISDKYG:0.22727272727272727	MPTFFGPT:0.45454545454545453	IVAYGDEA:0.2727272727272727	RFQLRESR:0.2727272727272727	QFWPHKNH:0.4090909090909091	SLQCDLWI:0.2727272727272727	CGDAALYF:0.2727272727272727	IHDLMHRY:0.4090909090909091	ISDKYGMR:0.2727272727272727	KFYFYPAQ:0.2727272727272727	LRFQLRES:0.2727272727272727	LQCDLWIF:0.2727272727272727	EQCGDAAL:0.2727272727272727	LISDKYGM:0.2727272727272727	HVMESYGT:0.22727272727272727	PAQDALTW:0.2727272727272727	DLMHRYER:0.3181818181818182	TIHDLMHR:0.3181818181818182	SLWKQEDF:0.2727272727272727	LWIFPAQD:0.3181818181818182	GLVMPTFF:0.2727272727272727	FFGPTNIP:0.5	FPAQDALT:0.2727272727272727	DKYGMREQ:0.2727272727272727	PDMELVLA:0.22727272727272727	HPDMELVL:0.22727272727272727	RYERGFPE:0.22727272727272727	MHRYERGF:0.22727272727272727	LMHRYERG:0.22727272727272727	HRYERGFP:0.22727272727272727	PHKNHARL:0.22727272727272727	FWPHKNHA:0.22727272727272727	
