cluster number:924
GT4:49	GT4:49
GLLGPGKG:0.6122448979591837	LLGPGKGI:0.42857142857142855	FPHAVELL:0.6530612244897959	LGPGKGIE:0.46938775510204084	QHEYGIYG:0.24489795918367346	EQVTSGVL:0.4897959183673469	HEYGIYGG:0.24489795918367346	VVLLPYDS:0.22448979591836735	VQHEYGIY:0.24489795918367346	ATAFPHAV:0.42857142857142855	VATAFPHA:0.40816326530612246	TAFPHAVE:0.4489795918367347	VGELVNGS:0.24489795918367346	VVGELVNG:0.22448979591836735	AGVPVVAT:0.20408163265306123	VAGRTHPK:0.2653061224489796	TVAGRTHP:0.20408163265306123	TEQVTSGV:0.2653061224489796	PYDSTEQV:0.2857142857142857	LPYDSTEQ:0.2857142857142857	STEQVTSG:0.2653061224489796	QHEYGIYP:0.20408163265306123	TWGLLGPG:0.5510204081632653	SGVLIEAV:0.2653061224489796	VVVLPYDS:0.2857142857142857	GRTHPKVL:0.30612244897959184	LLTWGLLG:0.3877551020408163	VLPYDSTE:0.20408163265306123	VVLPYDST:0.30612244897959184	WGLLGPGK:0.5510204081632653	TSGVLIEA:0.24489795918367346	DSTEQVTS:0.2653061224489796	LTWGLLGP:0.5714285714285714	YDSTEQVT:0.2653061224489796	HEYGIYPG:0.20408163265306123	QVTSGVLI:0.2857142857142857	IVVLHTVL:0.2857142857142857	AGRTHPKV:0.40816326530612246	VTSGVLIE:0.24489795918367346	QVTSGVLV:0.30612244897959184	LATFSAAL:0.22448979591836735	RTHPKVLA:0.22448979591836735	THPKVLAA:0.22448979591836735	GLATFSAA:0.22448979591836735	CGLATFSA:0.22448979591836735	IQHEYGIY:0.24489795918367346	STYPPTQC:0.20408163265306123	TYPPTQCG:0.20408163265306123	VLIEAVAA:0.20408163265306123	GPGKGIEW:0.24489795918367346	GVLIEAVA:0.20408163265306123	PPTQCGLA:0.20408163265306123	PTQCGLAT:0.20408163265306123	TQCGLATF:0.20408163265306123	PGKGIERV:0.20408163265306123	AFPHAVEL:0.32653061224489793	PVVATAFP:0.30612244897959184	VVATAFPH:0.30612244897959184	GKGIERVI:0.20408163265306123	RPTLLTWG:0.20408163265306123	GRPVVATA:0.24489795918367346	RPVVATAF:0.24489795918367346	GPGKGIER:0.24489795918367346	PTLLTWGL:0.20408163265306123	TLLTWGLL:0.20408163265306123	VTSGVLVD:0.20408163265306123	
