cluster number:1586
GT4:12	GT4:12
VVHINICT:0.25	SRVVLPAK:0.25	LAIVEAML:0.3333333333333333	VVILGEGG:0.25	FDIFAMPS:0.25	IFAMPSRS:0.3333333333333333	MPSRSEGF:0.5	PQFDIFAM:0.25	LTLPNARV:0.25	SEGFPLAI:0.4166666666666667	RVVLPAKG:0.25	AALTLPNA:0.25	VDAHVAVG:0.4166666666666667	NARVVRVD:0.3333333333333333	FPLAIVEA:0.3333333333333333	NPRAYLPQ:0.3333333333333333	HSLTAHLQ:0.25	VTDGETGL:0.3333333333333333	GFPLAIVE:0.3333333333333333	DGETGLLV:0.25	NICTPWEC:0.25	LPLRTTDA:0.3333333333333333	VAVGEASA:0.4166666666666667	PDVVHINI:0.25	VEAMLAAR:0.3333333333333333	PWECATGL:0.25	LRVDAHVA:0.4166666666666667	VGRLDAMK:0.4166666666666667	VVRVDQLP:0.5	EDFYALGR:0.5833333333333334	LAARPVVA:0.3333333333333333	AHVAVGEA:0.3333333333333333	QHRPQASR:0.25	TDSAGIGG:0.25	SAGIGGAE:0.25	RALSLRVD:0.25	QLPLRTTD:0.5	LFAALTLP:0.25	IAQHRPQA:0.25	CATGLFAA:0.25	PNARVVRV:0.3333333333333333	VRVDQLPL:0.5833333333333334	VDNPRAYL:0.25	NKDDVEGL:0.25	RVDQLPLR:0.5833333333333334	AMPSRSEG:0.4166666666666667	RSEGFPLA:0.75	KLWRTRAL:0.25	GWVDNPRA:0.25	WRTRALSL:0.25	QFDIFAMP:0.25	SLRVDAHV:0.5	LPNARVVR:0.25	TDGETGLL:0.3333333333333333	HRPQASRV:0.25	EAVTDGET:0.25	LPQFDIFA:0.25	DSAGIGGA:0.25	ICTPWECA:0.25	MLAARPVV:0.3333333333333333	GIGGAEIS:0.25	DQLPLRTT:0.5833333333333334	EAMLAARP:0.4166666666666667	IGSVGRLD:0.4166666666666667	PLAIVEAM:0.3333333333333333	GHDILLRA:0.3333333333333333	ARRMEDFY:0.25	LDAMKGHD:0.25	RVDAHVAV:0.4166666666666667	MEDFYALG:0.5	VHINICTP:0.25	HINICTPW:0.25	DIFAMPSR:0.3333333333333333	RTRALSLR:0.25	SVGRLDAM:0.4166666666666667	SARRMEDF:0.25	ALSLRVDA:0.25	ATGLFAAL:0.25	LWRTRALS:0.25	RVGSVAEA:0.3333333333333333	EGFPLAIV:0.3333333333333333	FAMPSRSE:0.3333333333333333	RMEDFYAL:0.25	RAYLPQFD:0.3333333333333333	QASRVVLP:0.25	VGSVAEAV:0.3333333333333333	GRLDAMKG:0.3333333333333333	DVVHINIC:0.25	KDDVEGLT:0.25	ALTLPNAR:0.25	SRSEGFPL:0.8333333333333334	TGLFAALT:0.25	TRALSLRV:0.25	MKGHDILL:0.3333333333333333	RPQASRVV:0.25	DAMKGHDI:0.25	YLPQFDIF:0.25	DNPRAYLP:0.25	IVEAMLAA:0.25	LSLRVDAH:0.5	GSVGRLDA:0.4166666666666667	AVTDGETG:0.25	FAALTLPN:0.25	PSRSEGFP:0.8333333333333334	RLWVPQPR:0.25	PRAYLPQF:0.3333333333333333	AVGEASAR:0.4166666666666667	IGGAEISL:0.25	AIVEAMLA:0.3333333333333333	WVDNPRAY:0.25	LWVPQPRE:0.25	CTPWECAT:0.25	ALRRLRDD:0.25	RRMEDFYA:0.25	TPWECATG:0.25	WECATGLF:0.25	GLFAALTL:0.25	DAHVAVGE:0.3333333333333333	HVAVGEAS:0.3333333333333333	KGHDILLR:0.3333333333333333	PGWVDNPR:0.25	ECATGLFA:0.25	AQHRPQAS:0.25	AYLPQFDI:0.3333333333333333	YTDSAGIG:0.25	RVVRVDQL:0.5	INICTPWE:0.25	RLDAMKGH:0.25	AMKGHDIL:0.25	ARVVRVDQ:0.4166666666666667	VDQLPLRT:0.5833333333333334	PQASRVVL:0.25	ASRVVLPA:0.25	AMLAARPV:0.4166666666666667	TLPNARVV:0.25	VVATRVGS:0.25	ATRVGSVA:0.25	PVVATRVG:0.3333333333333333	TRVGSVAE:0.25	AARPVVAT:0.25	VATRVGSV:0.25	VGEASARL:0.25	SIPNGVPD:0.25	LCTPWAGA:0.25	NLCTPWAG:0.25	
