cluster number:698
GT4:12	GT4:12
LAEKGESF:0.25	RLWQGLAE:0.4166666666666667	YPSLAEKG:0.6666666666666666	KGESFGVA:0.25	VINDFWLP:0.5	GGFPQSTN:0.25	GVAPLEAM:0.4166666666666667	SFGVAPLE:0.25	VEFLEPIF:0.25	DILVINDF:0.3333333333333333	ADILVIND:0.3333333333333333	YVGRIHPE:0.5833333333333334	SLAEKGES:0.25	CYPSLAEK:0.5833333333333334	VGRIHPEK:0.5833333333333334	LVINDFWL:0.5	GESFGVAP:0.25	GPWLPVPA:0.25	GRIHPEKG:0.6666666666666666	GFPQSTNI:0.25	IATGPWLP:0.3333333333333333	APLEAMAS:0.25	LWQGLAEE:0.4166666666666667	PVVSDLAC:0.25	FCYPSLAE:0.6666666666666666	TGYFFNHR:0.25	ILVINDFW:0.4166666666666667	PSLAEKGE:0.6666666666666666	AEKGESFG:0.25	EKGESFGV:0.25	LYVGRIHP:0.5833333333333334	VKLRIIGP:0.25	QGLAEEFA:0.3333333333333333	FGVAPLEA:0.4166666666666667	ESFGVAPL:0.25	ILYVGRIH:0.5	PLEAMASG:0.25	VVSDLACF:0.25	VAPLEAMA:0.4166666666666667	WQGLAEEF:0.4166666666666667	INGVQYIR:0.25	GLAEEFAA:0.4166666666666667	ADLFCYPS:0.3333333333333333	VGRFPKGQ:0.3333333333333333	EKGEAFPI:0.25	GGAHHRLW:0.25	GLVPIVSN:0.3333333333333333	SLAEKGEA:0.3333333333333333	LAEKGEAF:0.3333333333333333	LSCFQDYI:0.25	AEKGEAFP:0.25	LPVFAPLR:0.25	GEAFPIAP:0.25	FPIAPLEA:0.25	AFPIAPLE:0.25	GRFPKGQY:0.3333333333333333	PEKGIHLL:0.5	VISVGRFP:0.25	HHRLWQGL:0.25	VRLRIIGP:0.25	IAPLEAMA:0.25	VGKIVISV:0.25	IVISVGRF:0.25	HRLWQGLA:0.25	TGLVPIVS:0.3333333333333333	EAFPIAPL:0.25	DLFCYPSL:0.3333333333333333	KIVISVGR:0.25	PIAPLEAM:0.25	LVPIVSNL:0.3333333333333333	ISVGRFPK:0.25	DFWLPVFA:0.3333333333333333	NDFWLPVF:0.3333333333333333	AMATGLVP:0.3333333333333333	MATGLVPI:0.3333333333333333	SVGRFPKG:0.25	KGEAFPIA:0.25	EAMATGLV:0.3333333333333333	INDFWLPV:0.3333333333333333	LEAMATGL:0.4166666666666667	GAHHRLWQ:0.25	APLEAMAT:0.4166666666666667	ATGLVPIV:0.3333333333333333	LFCYPSLA:0.3333333333333333	HPEKGIHL:0.3333333333333333	QGGAHHRL:0.25	FWLPVFAP:0.3333333333333333	IHPEKGIH:0.25	PLEAMATG:0.4166666666666667	AHHRLWQG:0.25	GKIVISVG:0.25	WLPVFAPL:0.3333333333333333	RIHPEKGI:0.3333333333333333	KGIHLLID:0.25	EKGIHLLI:0.4166666666666667	QGGGGDNY:0.25	GGGGDNYL:0.25	
