cluster number:2274
GT4:11	GT4:11|GT2:1
KMEHFGIT:0.36363636363636365	FGITTVEA:0.7272727272727273	IVINKGGQ:0.2727272727272727	HNYNNIDI:0.2727272727272727	SVGRFFVG:0.2727272727272727	GRFFVGAH:0.2727272727272727	MEHFGITT:0.5454545454545454	VPIVINKG:0.2727272727272727	EHFGITTV:0.7272727272727273	ILVHNYNN:0.2727272727272727	HFGITTVE:0.7272727272727273	NIYSCMFP:0.2727272727272727	KIFWHATG:0.36363636363636365	GITTVEAM:0.7272727272727273	VGRFFVGA:0.2727272727272727	ITTVEAMS:0.6363636363636364	VHNYNNID:0.2727272727272727	LVHNYNNI:0.2727272727272727	PIVINKGG:0.2727272727272727	GYLCKFIE:0.2727272727272727	MGYLCKFI:0.2727272727272727	IYSCMFPP:0.2727272727272727	NKGGQPEI:0.36363636363636365	VPVVINKG:0.2727272727272727	PVVINKGG:0.36363636363636365	INKGGQPE:0.36363636363636365	VVINKGGQ:0.36363636363636365	KGGQPEIV:0.36363636363636365	VINKGGQP:0.36363636363636365	IVSVGRFF:0.2727272727272727	GAHSKKQL:0.2727272727272727	SAGCVPVV:0.2727272727272727	EAMSAGCV:0.2727272727272727	AMSAGCVP:0.2727272727272727	MSAGCVPV:0.2727272727272727	TVEAMSAG:0.2727272727272727	TTVEAMSA:0.2727272727272727	
