cluster number:970
GT4:29	GT4:29
EAGRHLYG:0.3103448275862069	IEAGRHLY:0.20689655172413793	AGRHLYGG:0.3103448275862069	VSLLQASA:0.20689655172413793	HLYGGALQ:0.20689655172413793	GVSLLQAS:0.27586206896551724	GLGVSLLQ:0.4482758620689655	IHSRRGAD:0.20689655172413793	HIHSRRGA:0.20689655172413793	LYGGALQV:0.20689655172413793	GRHLYGGA:0.41379310344827586	LGVSLLQA:0.4482758620689655	EGLGVSLL:0.4482758620689655	HIEAGRHL:0.20689655172413793	GGIPEAVR:0.20689655172413793	HSRRGADL:0.3448275862068966	SRRVDNPE:0.5517241379310345	VLSRRVDN:0.5172413793103449	EFSVDAMC:0.20689655172413793	LSRRVDNP:0.5172413793103449	SCVRSAVD:0.20689655172413793	RRGADLWG:0.27586206896551724	RRVDNPEP:0.2413793103448276	RGADLWGG:0.27586206896551724	SRRGADLW:0.27586206896551724	VHIHSRRG:0.2413793103448276	VHLHSRRG:0.20689655172413793	SEGIRQVL:0.3103448275862069	ISEGIRQV:0.3103448275862069	EGIRQVLL:0.3103448275862069	HPADMEGL:0.3448275862068966	PADMEGLG:0.3448275862068966	PEAVRDGE:0.27586206896551724	RKGHRYLL:0.27586206896551724	KGHRYLLA:0.20689655172413793	AQLIPRKG:0.2413793103448276	QLIPRKGH:0.2413793103448276	HRYLLAAL:0.20689655172413793	IPRKGHRY:0.20689655172413793	LIPRKGHR:0.27586206896551724	GHRYLLAA:0.20689655172413793	ADMEGLGV:0.27586206896551724	MEGLGVSL:0.3103448275862069	VPCVLSRR:0.20689655172413793	CVLSRRVD:0.3103448275862069	GVPCVLSR:0.20689655172413793	DMEGLGVS:0.27586206896551724	PCVLSRRV:0.27586206896551724	EGLARRGV:0.2413793103448276	
