cluster number:329
GT4:18	GT4:18
VHGSSALM:0.2777777777777778	FSDGIGTF:0.3333333333333333	AHSHNTTC:0.3888888888888889	GLFSDGIG:0.3333333333333333	HVHGSSAL:0.2777777777777778	ILHIPTGG:0.3333333333333333	LHIPTGGL:0.3333333333333333	KIAGIPVR:0.2222222222222222	GLPLVSVE:0.2222222222222222	DIMLLPSL:0.3333333333333333	LPSLYEGL:0.5	DIIHVHGS:0.2222222222222222	MKILHIPT:0.3333333333333333	LFSDGIGT:0.3333333333333333	PVRIAHSH:0.3333333333333333	ALGHVGRF:0.3333333333333333	TFIYSYLE:0.3333333333333333	HIPTGGLF:0.3333333333333333	MLLPSLYE:0.3888888888888889	HGSSALMS:0.2777777777777778	GIGTFIYS:0.3333333333333333	PSLYEGLP:0.5	MDIMLLPS:0.3333333333333333	VRIAHSHN:0.7222222222222222	RIAHSHNT:0.7222222222222222	GTFIYSYL:0.3333333333333333	LYEGLPLV:0.3333333333333333	SDGIGTFI:0.3333333333333333	IYSYLEYM:0.2777777777777778	LGHVGRFN:0.3333333333333333	GSSALMSI:0.2777777777777778	SYLEYMDL:0.2777777777777778	YSYLEYMD:0.2777777777777778	SVEWQING:0.2222222222222222	YEGLPLVS:0.2222222222222222	IIHVHGSS:0.2222222222222222	IAHSHNTT:0.5555555555555556	KILHIPTG:0.3333333333333333	SALMSIEL:0.2777777777777778	EGLPLVSV:0.2222222222222222	IPTGGLFS:0.3888888888888889	TGGLFSDG:0.3888888888888889	PLVSVEWQ:0.2222222222222222	IAGIPVRI:0.2222222222222222	SLYEGLPL:0.3333333333333333	IGTFIYSY:0.3333333333333333	LPLVSVEW:0.2222222222222222	VSVEWQIN:0.2222222222222222	SSALMSIE:0.2777777777777778	FIYSYLEY:0.2777777777777778	LVSVEWQI:0.2222222222222222	IMLLPSLY:0.3333333333333333	GGLFSDGI:0.3888888888888889	KKEKFDII:0.2222222222222222	PTGGLFSD:0.3888888888888889	DGIGTFIY:0.3333333333333333	KEKFDIIH:0.2222222222222222	LLPSLYEG:0.5	AKIAGIPV:0.2222222222222222	KVRIAHSH:0.3333333333333333	
