cluster number:574
GT4:18	GT4:18
GFGLPVAE:0.3888888888888889	EGFGLPVA:0.3888888888888889	FGLPVAEA:0.3888888888888889	RLTSLPEV:0.2222222222222222	RDLNSGLG:0.2777777777777778	TSLPEVGG:0.4444444444444444	DLNSGLGQ:0.2777777777777778	EAFLFPSL:0.2777777777777778	SRLTSLPE:0.2222222222222222	FPSLSEGF:0.5	LTSLPEVG:0.3888888888888889	CEAFLFPS:0.2777777777777778	LFPSLSEG:0.3888888888888889	SLSEGFGL:0.5555555555555556	LSEGFGLP:0.5	FLFPSLSE:0.3333333333333333	PSLSEGFG:0.5555555555555556	SEGFGLPV:0.5	AFLFPSLS:0.3333333333333333	LLPLLEAF:0.2222222222222222	GQVCLHLG:0.2222222222222222	TLLPLLEA:0.2222222222222222	LGQVCLHL:0.2222222222222222	HLGHELVR:0.2222222222222222	VCLHLGHE:0.2222222222222222	QVCLHLGH:0.2222222222222222	VWHCLHQD:0.2222222222222222	LPEVGGKE:0.2777777777777778	LTIHDLNF:0.2222222222222222	WHCLHQDS:0.2222222222222222	GLGQVCLH:0.2222222222222222	PEVGGKEA:0.2222222222222222	GVIHPKKN:0.2222222222222222	NSGLGQVC:0.2222222222222222	LLEAFPDY:0.2222222222222222	CLHLGHEL:0.2222222222222222	SLPEVGGK:0.2777777777777778	PLLEAFPD:0.2222222222222222	TIHDLNFL:0.2777777777777778	LPVAEAMT:0.2222222222222222	LHLGHELV:0.2222222222222222	SGLGQVCL:0.2222222222222222	GLPVAEAM:0.3333333333333333	LEAFPDYR:0.2222222222222222	HTLLPLLE:0.2222222222222222	LPLLEAFP:0.2222222222222222	LGHELVRQ:0.2222222222222222	
