cluster number:1947
GT4:224	GT4:224|GH57:24|GT2:1
PLIATIHA:0.2857142857142857	IATIHATE:0.29464285714285715	LIATIHAT:0.29017857142857145	WLVGDAAI:0.2857142857142857	LVGDAAIA:0.2767857142857143	HVAELYPE:0.2544642857142857	VPVVVSDT:0.29017857142857145	SLYEPFGI:0.7723214285714286	YEPFGIVA:0.8125	AWGILEVL:0.32142857142857145	HAHDWLVG:0.3482142857142857	TIHATEYG:0.4017857142857143	RVPVVVSD:0.27232142857142855	GIVALESF:0.39285714285714285	SLAWGILE:0.29464285714285715	PSLYEPFG:0.7767857142857143	LYEPFGIV:0.7678571428571429	DWLVGDAA:0.2857142857142857	ATIHATEY:0.32589285714285715	RHVAELYP:0.2544642857142857	FPSLYEPF:0.78125	HATEYGRY:0.22321428571428573	AHDWLVGD:0.29464285714285715	FGIVALES:0.4017857142857143	LAWGILEV:0.28125	GGIARHVA:0.24107142857142858	CAVFPSLY:0.39732142857142855	IHATEYGR:0.4017857142857143	ARHVAELY:0.23214285714285715	HDWLVGDA:0.2857142857142857	IVALESFA:0.39285714285714285	ADCAVFPS:0.40625	IVYYVGRM:0.24107142857142858	VFPSLYEP:0.7366071428571429	EKIVYYVG:0.24553571428571427	DSLAWGIL:0.25	GIARHVAE:0.23660714285714285	AVFPSLYE:0.6875	KIVYYVGR:0.25892857142857145	VGGIARHV:0.35267857142857145	IARHVAEL:0.23214285714285715	PFGIVALE:0.8214285714285714	DCAVFPSL:0.38839285714285715	VYYVGRMT:0.21428571428571427	EPFGIVAL:0.8214285714285714	ATEYGRYN:0.22321428571428573	TEYGRYNG:0.22321428571428573	VVVSDTGG:0.3080357142857143	PVVVSDTG:0.3080357142857143	VGDAAIAL:0.27232142857142855	DAAIALKH:0.29017857142857145	GDAAIALK:0.27232142857142855	IHAHDWLV:0.5535714285714286	HAHDWLVA:0.23214285714285715	PPRIVGGI:0.36160714285714285	ELYPELVK:0.21875	WEFPPRIV:0.29017857142857145	PRIVGGIA:0.28125	FDLIHAHD:0.26339285714285715	LVLSWEFP:0.24553571428571427	VALESFAS:0.20089285714285715	PELVKLGH:0.22321428571428573	YPELVKLG:0.22767857142857142	KILVLSWE:0.20535714285714285	MKILVLSW:0.20535714285714285	IVGGIARH:0.28125	GILEVLKN:0.22767857142857142	RIVGGIAR:0.28125	LYPELVKL:0.21875	ILVLSWEF:0.23660714285714285	VLSWEFPP:0.25	ILEVLKNP:0.21875	FPPRIVGG:0.29017857142857145	DLIHAHDW:0.2767857142857143	EFPPRIVG:0.29017857142857145	GRMTYEKG:0.25	LSWEFPPR:0.27232142857142855	WGILEVLK:0.23660714285714285	SWEFPPRI:0.21428571428571427	LIHAHDWL:0.30357142857142855	FGIVALEA:0.28125	GIVALEAM:0.26785714285714285	IVALEAMA:0.23214285714285715	NGIRPEKK:0.25892857142857145	FQTIADCA:0.20535714285714285	IADCAVFP:0.21875	QTIADCAV:0.20535714285714285	TIADCAVF:0.20982142857142858	
