cluster number:134
GT4:28	GT4:28|GT2:19
PFCLMWAN:0.39285714285714285	WAEGAYLE:0.39285714285714285	DLRKGFDL:0.2857142857142857	INAWNEWA:0.42857142857142855	ALTSREDP:0.42857142857142855	FCLMWANE:0.39285714285714285	LMWANENW:0.35714285714285715	CINAWNEW:0.35714285714285715	KGFDLFLQ:0.42857142857142855	WNEWAEGA:0.42857142857142855	RKGFDLFL:0.5	AEGAYLEP:0.39285714285714285	NEWAEGAY:0.39285714285714285	EWAEGAYL:0.39285714285714285	VCINAWNE:0.2857142857142857	AYYLPQFH:0.2857142857142857	LAYYLPQF:0.2857142857142857	VLAYYLPQ:0.25	AWNEWAEG:0.4642857142857143	CLMWANEN:0.35714285714285715	LRKGFDLF:0.2857142857142857	NAWNEWAE:0.4642857142857143	EGAYLEPD:0.42857142857142855	GAIEFPPH:0.42857142857142855	IRTAAPSW:0.25	LIRTAAPS:0.25	LTSREDPY:0.2857142857142857	AYLEPDQH:0.21428571428571427	PLIRTAAP:0.25	ENWSRRWD:0.25	FALTSRED:0.32142857142857145	PSWDNDAR:0.39285714285714285	WANENWSR:0.25	WIWIAEAD:0.21428571428571427	NWSRRWDG:0.25	ANENWSRR:0.25	IWIAEADD:0.21428571428571427	FADHYQPR:0.21428571428571427	RFADHYQP:0.21428571428571427	GAYLEPDQ:0.21428571428571427	RDLGHYTL:0.25	WDNDARRQ:0.39285714285714285	PRDLGHYT:0.25	AIEFPPHK:0.42857142857142855	FDLFLQLW:0.2857142857142857	PRFADHYQ:0.21428571428571427	IEFPPHKL:0.21428571428571427	LPFCLMWA:0.25	AAPSWDND:0.25	IIVLDDAS:0.32142857142857145	DNDARRQG:0.39285714285714285	TSREDPYP:0.2857142857142857	VFALTSRE:0.2857142857142857	APSWDNDA:0.25	SWDNDARR:0.39285714285714285	LVLHGSTP:0.2857142857142857	DGAIEFPP:0.42857142857142855	WIAEADDL:0.21428571428571427	AADVFALT:0.21428571428571427	GFDLFLQL:0.2857142857142857	RTAAPSWD:0.25	SREDPYPS:0.2857142857142857	NENWSRRW:0.25	EIIVLDDA:0.32142857142857145	TAAPSWDN:0.25	GSAYLNAT:0.2857142857142857	ADVFALTS:0.25	DVFALTSR:0.2857142857142857	REDPYPSV:0.2857142857142857	MWANENWS:0.25	FPLIRTAA:0.21428571428571427	GLVLHGST:0.2857142857142857	HYQPRIPR:0.25	QPRIPRDL:0.25	IEFPPHKV:0.21428571428571427	PRIPRDLG:0.25	WSRRWDGS:0.21428571428571427	FGSAYLNA:0.21428571428571427	DAFPAGAQ:0.25	HFGSAYLN:0.21428571428571427	HDAFPAGA:0.25	LIGHDAFP:0.21428571428571427	YLNATARA:0.32142857142857145	GHDAFPAG:0.25	AYLNATAR:0.32142857142857145	ADLRKGFD:0.21428571428571427	SAYLNATA:0.21428571428571427	YQPRIPRD:0.25	LLIGHDAF:0.21428571428571427	YADLRKGF:0.21428571428571427	GYADLRKG:0.21428571428571427	
