cluster number:1994
GT4:21	GT4:21
YPWVKGGV:0.6666666666666666	VITWHEFW:0.23809523809523808	DVIFVGRL:0.2857142857142857	ITWHEFWG:0.5714285714285714	VDVQNLFY:0.23809523809523808	PSLREGFG:0.2857142857142857	VQNLFYPG:0.23809523809523808	EVHVYGYK:0.2857142857142857	SKVFVLPS:0.3333333333333333	VIALMKAS:0.23809523809523808	SDVIFVGR:0.23809523809523808	DVQNLFYP:0.23809523809523808	QNLFYPGA:0.23809523809523808	VIFVGRLI:0.2857142857142857	PWVKGGVE:0.6666666666666666	LMKASKVF:0.23809523809523808	ALMKASKV:0.23809523809523808	HEVHVYGY:0.38095238095238093	VGRLIPEK:0.23809523809523808	FVYDVIYP:0.47619047619047616	AFVYDVIY:0.47619047619047616	WVKGGVEK:0.5238095238095238	GVEKRIYE:0.38095238095238093	RIAFVYDV:0.3333333333333333	DVIYPWVK:0.47619047619047616	GGVEKRIY:0.38095238095238093	VYDVIYPW:0.38095238095238093	IYPWVKGG:0.47619047619047616	VIYPWVKG:0.47619047619047616	FVGRLIPE:0.23809523809523808	YDVIYPWV:0.47619047619047616	IAFVYDVI:0.47619047619047616	VKGGVEKR:0.6190476190476191	GRLIPEKG:0.2857142857142857	KGGVEKRI:0.6190476190476191	REGFGIVV:0.47619047619047616	FGIVVLEA:0.3333333333333333	LRIAFVYD:0.23809523809523808	ASGLPVVT:0.2857142857142857	EGFGIVVL:0.3333333333333333	GFGIVVLE:0.3333333333333333	PNGIDFKR:0.23809523809523808	GRLIKEKN:0.2857142857142857	EKNVDLLL:0.2857142857142857	VLEANASG:0.3333333333333333	NGIDFKRI:0.23809523809523808	FVGRLIKE:0.2857142857142857	VGRLIKEK:0.2857142857142857	RLIKEKNV:0.2857142857142857	IFVGRLIK:0.2857142857142857	GIDFKRIQ:0.23809523809523808	IPNGIDFK:0.23809523809523808	GIVVLEAN:0.2857142857142857	VVLEANAS:0.2857142857142857	DIIFVGRL:0.3333333333333333	EANASGLP:0.38095238095238093	IVVLEANA:0.2857142857142857	ANASGLPV:0.38095238095238093	LEANASGL:0.2857142857142857	IIFVGRLI:0.23809523809523808	HEFWGDYW:0.23809523809523808	TWHEFWGD:0.23809523809523808	WHEFWGDY:0.23809523809523808	GVEKRIHE:0.23809523809523808	GGVEKRIH:0.23809523809523808	MKASKVFA:0.23809523809523808	SDIIFVGR:0.23809523809523808	FAFPSLRE:0.23809523809523808	SGLPVVTV:0.23809523809523808	AFPSLREG:0.23809523809523808	SKVFAFPS:0.38095238095238093	KVFAFPSL:0.23809523809523808	ASKVFAFP:0.3333333333333333	KASKVFAF:0.3333333333333333	FPSLREGF:0.23809523809523808	VFAFPSLR:0.23809523809523808	FDVIDCQA:0.23809523809523808	
