cluster number:959
GT4:19	GT4:19
MVAYHFPP:0.21052631578947367	LPWVADFR:0.2631578947368421	PWVADFRD:0.47368421052631576	ADFRDPML:0.21052631578947367	IWSTYPIA:0.5263157894736842	WVADFRDP:0.3684210526315789	GLPWVADF:0.21052631578947367	AIWSTYPI:0.2631578947368421	VADFRDPM:0.3157894736842105	SGLPWIAD:0.21052631578947367	SSWWLSAV:0.21052631578947367	PWIADQRD:0.21052631578947367	DGLLLLQA:0.21052631578947367	LIENGYDE:0.3684210526315789	VIYPSERD:0.2631578947368421	WSSWWLSA:0.21052631578947367	IATAHLIA:0.21052631578947367	LPWIADQR:0.21052631578947367	IADQRDPM:0.21052631578947367	LPDRWSSW:0.21052631578947367	YPIATAHL:0.42105263157894735	SWWLSAVP:0.21052631578947367	GLPWIADQ:0.21052631578947367	AKLYEYLR:0.3684210526315789	IYPSERDP:0.3684210526315789	GLLLLQAA:0.21052631578947367	SGVIYPSE:0.2631578947368421	TYPIATAH:0.42105263157894735	LHSGVIYP:0.21052631578947367	WSTYPIAT:0.42105263157894735	ADGLLLLQ:0.2631578947368421	LSGLPWIA:0.21052631578947367	STYPIATA:0.42105263157894735	RWSSWWLS:0.21052631578947367	LLHSGVIY:0.21052631578947367	HSGVIYPS:0.2631578947368421	IPAKLYEY:0.47368421052631576	PIATAHLI:0.47368421052631576	QIPAKLYE:0.47368421052631576	GWQPLVLS:0.2631578947368421	LALPDRWS:0.21052631578947367	ALPDRWSS:0.21052631578947367	PDRWSSWW:0.21052631578947367	WIADQRDP:0.21052631578947367	PAKLYEYL:0.3684210526315789	GVIYPSER:0.2631578947368421	IENGYDED:0.21052631578947367	ENGYDEDG:0.21052631578947367	DRWSSWWL:0.21052631578947367	LHRLTGLP:0.2631578947368421	EYLRARRP:0.21052631578947367	ARRPILAL:0.21052631578947367	GIQRTLKF:0.21052631578947367	RPILALTD:0.3684210526315789	SSGIQRTL:0.3684210526315789	SGIQRTLK:0.21052631578947367	RARRPILA:0.21052631578947367	RRPILALT:0.3157894736842105	HRLTGLPW:0.2631578947368421	NGYDEENF:0.21052631578947367	CNHQIPAK:0.21052631578947367	KLYEYLRA:0.21052631578947367	YEYLRARR:0.21052631578947367	IENGYDEE:0.21052631578947367	VIWSTYPI:0.3157894736842105	HLIENGYD:0.21052631578947367	FHLIENGY:0.21052631578947367	VIENGYDE:0.21052631578947367	PDVIWSTY:0.21052631578947367	ATAHLIGL:0.21052631578947367	IATAHLIG:0.2631578947368421	DVIWSTYP:0.21052631578947367	
