cluster number:2300
GT4:12	GT4:12
VPYLDLDA:0.25	LLGEGGPL:0.25	ELDMSVRI:0.25	GNAEWRKG:0.8333333333333334	GHDANRAG:0.5833333333333334	LDMSVRIY:0.25	YPLVVFEA:0.25	DANRAGAQ:0.8333333333333334	LYTLIDTP:0.25	PYLDLDAM:0.25	IVGGCGNA:0.25	LNLMRLLK:0.25	DVFVLCSR:0.25	RAGAQLVL:0.4166666666666667	DLVLVNTV:0.25	HELDMSVR:0.25	VHELDMSV:0.25	SMHLLLGE:0.25	SRFDVFVL:0.25	LLLGEGGP:0.25	LIVGGCGN:0.25	NAEWRKGN:0.4166666666666667	QKILERHP:0.25	VGGCGNAE:0.4166666666666667	LLIGHDAN:0.4166666666666667	LLNLMRLL:0.25	MHLLLGEG:0.25	HLLLGEGG:0.25	CGNAEWRK:0.8333333333333334	REDPYPLV:0.5833333333333334	LVVFEAGL:0.25	EWRKGNDL:0.3333333333333333	PLVVFEAG:0.25	VVPYLDLD:0.25	IGHDANRA:0.5	ANRAGAQL:0.5833333333333334	CSREDPYP:0.4166666666666667	RFDVFVLC:0.25	LIGHDANR:0.4166666666666667	FDVFVLCS:0.25	GGCGNAEW:0.6666666666666666	YLDLDAMS:0.25	VLCSREDP:0.25	VFVLCSRE:0.25	SREDPYPL:0.5833333333333334	PYPLVVFE:0.25	GCGNAEWR:0.6666666666666666	VHLIPPTP:0.25	VTFVHELD:0.25	LCSREDPY:0.4166666666666667	WRKGNDLF:0.3333333333333333	NALIVGGC:0.25	VLLNLMRL:0.25	HFVWVGVP:0.3333333333333333	TFVHELDM:0.25	HDANRAGA:0.8333333333333334	NRAGAQLV:0.4166666666666667	TLYTLIDT:0.25	TPDVLRYM:0.25	DPYPLVVF:0.25	RITLYTLI:0.25	AGAQLVLL:0.4166666666666667	PTPDVLRY:0.25	ALIVGGCG:0.25	KILERHPA:0.25	AEWRKGND:0.4166666666666667	FVHELDMS:0.25	FVLCSRED:0.25	EDPYPLVV:0.4166666666666667	ITLYTLID:0.25	LLLIGHDA:0.25	FPLVMLEA:0.4166666666666667	NILFVSHD:0.25	PLVMLEAA:0.3333333333333333	SREDPFPL:0.4166666666666667	LVMLEAAL:0.3333333333333333	SHDANRAG:0.3333333333333333	REDPFPLV:0.4166666666666667	ILFVSHDA:0.3333333333333333	DPFPLVML:0.4166666666666667	LFVSHDAN:0.3333333333333333	PFPLVMLE:0.4166666666666667	FVSHDANR:0.3333333333333333	EDPFPLVM:0.4166666666666667	VSHDANRA:0.3333333333333333	IGGCGNAE:0.25	IHSFVDNE:0.25	IYANTIAT:0.25	PLVMLEAG:0.25	SSREDPFP:0.3333333333333333	VMLEAALC:0.25	
