cluster number:538
GT4:12	GT4:12
LKALVDGL:0.4166666666666667	PEVGAAAF:0.4166666666666667	GYDFAKPT:0.75	GYVQYLSF:0.25	ALVDGLVE:0.3333333333333333	FDIPAFFR:0.3333333333333333	FFGQGTDE:0.25	SFDIPAFF:0.3333333333333333	TGTMSEWQ:0.5	GTMSEWQG:0.5	HFGGVVPP:0.25	LSFDIPAF:0.25	QGAGIFIE:0.25	AAGCGTPV:0.25	LVDGLVEQ:0.3333333333333333	SEPPPTTG:0.8333333333333334	AFRLKALV:0.3333333333333333	YTGTMSEW:0.5	GALVSIKP:0.3333333333333333	RRPFVYYA:0.25	FVYTGTMS:0.4166666666666667	QGYDFAKP:0.4166666666666667	VYTGTMSE:0.4166666666666667	DGLVEQGA:0.3333333333333333	PFVYYAAD:0.25	DIPAFFRL:0.3333333333333333	VDGLVEQG:0.3333333333333333	YLSFDIPA:0.25	KPTKIYAA:0.5	EVGAAAFR:0.4166666666666667	AAFRLKAL:0.3333333333333333	YAAAGCGT:0.25	AKPTKIYA:0.5	KALVDGLV:0.4166666666666667	EPPPTTGV:0.5833333333333334	RFFGQGTD:0.25	YVQYLSFD:0.25	GAGIFIEA:0.25	RGYVQYLS:0.3333333333333333	LRRRPFVY:0.25	VVGNGVDT:0.25	RLKALVDG:0.4166666666666667	VRGYVQYL:0.25	QYLSFDIP:0.25	PYFVYTGT:0.3333333333333333	YDFAKPTK:0.75	EWQGAGIF:0.25	VSEPPPTT:0.75	PTKIYAAA:0.5	FAKPTKIY:0.5	DVVVSEPP:0.5	VGAAAFRL:0.3333333333333333	DFAKPTKI:0.5	GTPVIFAG:0.25	MSEWQGAG:0.3333333333333333	VYYAADVW:0.25	IPAFFRLL:0.3333333333333333	TMSEWQGA:0.5	AAAFRLKA:0.3333333333333333	ADVVVSEP:0.4166666666666667	TKIYAAAG:0.3333333333333333	YFVYTGTM:0.4166666666666667	RPFVYYAA:0.25	AAAGCGTP:0.25	VHFGGVVP:0.25	AGIFIEAL:0.25	FRLKALVD:0.4166666666666667	VVSEPPPT:0.6666666666666666	KIYAAAGC:0.3333333333333333	WQGAGIFI:0.25	GAAAFRLK:0.3333333333333333	CGTPVIFA:0.25	VVVSEPPP:0.5	SEWQGAGI:0.25	IYAAAGCG:0.3333333333333333	RRRPFVYY:0.25	IRGAAGAL:0.25	RADVVVSE:0.25	SSALRRRP:0.25	GQGYDFAK:0.3333333333333333	VSIKPGQG:0.4166666666666667	AAGALVSI:0.25	ALVSIKPG:0.4166666666666667	PGQGYDFA:0.5	APEVGAAA:0.25	LSSALRRR:0.25	AGALVSIK:0.25	RGAAGALV:0.25	SIKPGQGY:0.4166666666666667	FAPEVGAA:0.25	KPGQGYDF:0.4166666666666667	IKPGQGYD:0.4166666666666667	LVSIKPGQ:0.4166666666666667	GAAGALVS:0.25	WIRGAAGA:0.25	SRWPVLRD:0.25	PPTTGVVV:0.4166666666666667	VYYAADIW:0.3333333333333333	RPYVYYAA:0.25	PTTGVVVA:0.25	PVLRDAGG:0.25	PPPTTGVV:0.4166666666666667	RWPVLRDA:0.25	YVYYAADI:0.25	RRPYVYYA:0.25	PYVYYAAD:0.3333333333333333	TTGVVVAL:0.25	PEPAAASF:0.25	VLTTRPPK:0.25	EPAAASFR:0.25	PAAASFRL:0.25	
