cluster number:774
GT4:32	GT4:32
PLEAMRYG:0.46875	SRSAEMMK:0.21875	KNFGRLIA:0.5	LGADHLDA:0.4375	SSMNPTKN:0.65625	KALYQNAA:0.28125	FTTQKTTG:0.375	KTTGVQRV:0.625	KGVVWEQL:0.375	RIMFWILA:0.5	VTVLVPPQ:0.21875	PSIYEGFG:0.875	AVFDTPAH:0.625	YRIMFWIL:0.5	YPSIYEGF:0.8125	ARTSACVL:0.25	HAEKYRWS:0.21875	CFLYPSIY:0.625	RTSACVLT:0.25	VFDTPAHF:0.625	PLGADHLD:0.5625	DPSVDLVI:0.5	LYPSIYEG:0.625	FDTPAHFS:0.625	QNAACFLY:0.28125	TKNFGRLI:0.5	ALYQNAAC:0.28125	DPVTVLVP:0.28125	WSRSAEMM:0.25	CADAALYC:0.4375	GVVWEQLV:0.3125	SVDLVIVG:0.53125	TTQKTTGV:0.375	LKALYQNA:0.40625	ADAALYCD:0.4375	VCADAALY:0.46875	EPNIKYVG:0.375	LPEVCADA:0.4375	FGRLIAAF:0.5	PTKNFGRL:0.5	VLPLFARR:0.25	MHDAAVFD:0.6875	FARRGRIV:0.21875	MNPTKNFG:0.53125	QRVARELI:0.625	QLVLPLFA:0.28125	WEQLVLPL:0.3125	LSNSASIF:0.21875	AACFLYPS:0.375	PLFARRGR:0.21875	ARELIAAL:0.59375	VWEQLVLP:0.3125	AALPEVCA:0.40625	IYEGFGIP:0.875	DAAVFDTP:0.6875	AAVFDTPA:0.625	DAALYCDP:0.5	EGFGIPPL:0.90625	TQKTTGVQ:0.53125	VNLSNSAS:0.34375	WYRIMFWI:0.5	VVWEQLVL:0.3125	YNGRFTTQ:0.40625	RVARELIA:0.59375	VSSMNPTK:0.65625	RWSRSAEM:0.25	TTGVQRVA:0.65625	NLSNSASI:0.21875	NFGRLIAA:0.5	NAACFLYP:0.28125	NPTKNFGR:0.53125	IMFWILAR:0.5	GFGIPPLE:0.90625	MFWILART:0.6875	FLYPSIYE:0.625	GRLIAAFR:0.5	FSRDRLAH:0.5	EQLVLPLF:0.3125	LEAMRYGC:0.46875	VWYRIMFW:0.25	QKTTGVQR:0.625	DLVIVGMQ:0.21875	TSACVLTN:0.25	VQRVAREL:0.71875	SMNPTKNF:0.65625	RVWYRIMF:0.25	RFVLAVSS:0.59375	LARTSACV:0.25	LAVSSMNP:0.65625	SAALPEVC:0.40625	RELIAALI:0.375	GRFVLAVS:0.25	VARELIAA:0.59375	NGRFTTQK:0.375	IKYVGYIS:0.375	PNIKYVGY:0.40625	DTPAHFSR:0.53125	TGVQRVAR:0.71875	LVLPLFAR:0.25	RRGRIVNL:0.21875	GVQRVARE:0.71875	ALYCDPYS:0.5	EAMRYGCP:0.46875	GIPPLEAM:0.84375	SIYEGFGI:0.875	ALPEVCAD:0.4375	FRVWYRIM:0.25	TVLVPPQP:0.21875	NIKYVGYI:0.375	FVLAVSSM:0.59375	PEVCADAA:0.4375	IPPLEAMR:0.65625	LIAAFRQL:0.28125	LFARRGRI:0.21875	ARRGRIVN:0.21875	PGRFVLAV:0.25	VVPLGADH:0.53125	WILARTSA:0.25	VLAVSSMN:0.65625	ACFLYPSI:0.375	VDLVIVGM:0.53125	YQNAACFL:0.28125	RLIAAFRQ:0.5	QLKALYQN:0.375	KYVGYISD:0.40625	LLDSAELR:0.3125	EVCADAAL:0.46875	PSVDLVIV:0.5	SACVLTNS:0.25	ILARTSAC:0.25	RFTTQKTT:0.375	HDAAVFDT:0.6875	LYQNAACF:0.28125	YRWSRSAE:0.25	LPLFARRG:0.25	LVYNGRFT:0.34375	PPLEAMRY:0.46875	YMHDAAVF:0.625	FWILARTS:0.6875	IYMHDAAV:0.5625	FGIPPLEA:0.90625	AALYCDPY:0.5	VPLGADHL:0.5625	PVTVLVPP:0.3125	LVIVGMQN:0.21875	RDRLAHHC:0.4375	AVSSMNPT:0.65625	SRDRLAHH:0.5	RIVNLSNS:0.4375	VYNGRFTT:0.28125	GRFTTQKT:0.375	IVNLSNSA:0.34375	YEGFGIPP:0.90625	QIIYMHDA:0.4375	ARTSVCVL:0.21875	WILARTSV:0.21875	LIAAFRQI:0.21875	GADHLDAL:0.3125	LYCDPYSQ:0.28125	RLAHHCGV:0.375	AAEPNIKY:0.25	YISDEQLK:0.375	ELIAALIK:0.28125	RAELKRKG:0.25	LIAALIKF:0.21875	LDSAELRA:0.21875	SVVPLGAD:0.40625	TSVCVLTN:0.21875	LAHHCGVS:0.34375	DEQLKALY:0.375	YCDPYSQD:0.28125	ISVVPLGA:0.40625	HLDALEPD:0.28125	GYISDEQL:0.375	QLVYNGRF:0.21875	PYSQDDIA:0.28125	ILARTSVC:0.21875	SVCVLTNS:0.21875	LRAELKRK:0.25	VGYISDEQ:0.28125	ADHLDALE:0.28125	SDEQLKAL:0.375	RTSVCVLT:0.21875	AEPNIKYV:0.21875	EQLKALYQ:0.375	YVGYISDE:0.3125	NQIIYMHD:0.4375	DRLAHHCG:0.34375	DHLDALEP:0.28125	LARTSVCV:0.21875	ISDEQLKA:0.375	GNQIIYMH:0.28125	DPYSQDDI:0.28125	CDPYSQDD:0.28125	KQLVYNGR:0.21875	KISVVPLG:0.375	IIYMHDAA:0.4375	EKISVVPL:0.25	LVIVGMRN:0.34375	DLVIVGMR:0.34375	AMRYGCPT:0.21875	VLTNSRFS:0.28125	CVLTNSRF:0.28125	TNSRFSRD:0.28125	SRFSRDRL:0.28125	DDPSVDLV:0.21875	RFSRDRLA:0.28125	NSRFSRDR:0.28125	LTNSRFSR:0.28125	LKALYQHA:0.28125	
