cluster number:1324
GT4:78	GT4:78|2.4.1.245:2
GFGLTVSE:0.4358974358974359	FFNVTKSF:0.28205128205128205	IHDPQPAG:0.2948717948717949	QKSIKEGF:0.2564102564102564	KSIKEGFG:0.2564102564102564	FGLTVSEA:0.4230769230769231	LTVSEAMW:0.2948717948717949	KWIWRCHI:0.44871794871794873	DPQPAGLI:0.24358974358974358	HDPQPAGL:0.32051282051282054	PPSIDPLS:0.7051282051282052	SIKEGFGL:0.2692307692307692	HIDISNPY:0.2564102564102564	WRCHIDIS:0.3076923076923077	GLTVSEAM:0.2948717948717949	IPPSIDPL:0.4358974358974359	FNVTKSFH:0.28205128205128205	WIWRCHID:0.7692307692307693	RCHIDISN:0.28205128205128205	KEGFGLTV:0.358974358974359	VIGGNTGG:0.2948717948717949	VFIHDPQP:0.38461538461538464	TRELRDYL:0.20512820512820512	TVSEAMWK:0.2948717948717949	NVTKSFHN:0.28205128205128205	VMQKSIKE:0.20512820512820512	NTGGIPLQ:0.20512820512820512	RELRDYLM:0.20512820512820512	IKEGFGLT:0.2692307692307692	GKWIWRCH:0.2948717948717949	GNTGGIPL:0.20512820512820512	GGNTGGIP:0.20512820512820512	EGFGLTVS:0.4358974358974359	PQPAGLIK:0.20512820512820512	IGGNTGGI:0.2948717948717949	CHIDISNP:0.28205128205128205	FHNSLQNG:0.20512820512820512	FIHDPQPA:0.5512820512820513	IWRCHIDI:0.2948717948717949	MQKSIKEG:0.20512820512820512	EFFNVTKS:0.2692307692307692	GGGVAEIL:0.9230769230769231	IHDPQPAP:0.23076923076923078	GFGLTVTE:0.4230769230769231	FHNALQGN:0.21794871794871795	REGFGLTV:0.5256410256410257	PSIDPLSE:0.38461538461538464	IDPLSEKN:0.38461538461538464	TPEGAALR:0.20512820512820512	TGGIRLQV:0.24358974358974358	SIDPLSEK:0.38461538461538464	EGFGLTVT:0.4230769230769231	FGLTVTEA:0.3076923076923077	HDPQPAPL:0.24358974358974358	WRCHIDLS:0.32051282051282054	IWRCHIDL:0.28205128205128205	VNAFQRAS:0.21794871794871795	IMPPSIDP:0.20512820512820512	AFQRASDV:0.20512820512820512	SIREGFGL:0.32051282051282054	GGVAEILH:0.28205128205128205	EVNAFQRA:0.32051282051282054	TVTEAMWK:0.2564102564102564	GLTVTEAM:0.2564102564102564	VTKSFHNA:0.21794871794871795	KSFHNALQ:0.2564102564102564	LTVTEAMW:0.2564102564102564	IREGFGLT:0.32051282051282054	NAFQRASD:0.21794871794871795	MPPSIDPL:0.21794871794871795	TKSFHNAL:0.2564102564102564	HDPQPAAL:0.2692307692307692	QKSIREGF:0.20512820512820512	IHDPQPAA:0.20512820512820512	WKGKPVIG:0.23076923076923078	ITQVSRFD:0.20512820512820512	VRRNFLIT:0.2564102564102564	PVIGGNTG:0.2564102564102564	KPVIGGNT:0.24358974358974358	KGKPVIGG:0.20512820512820512	LPPYSDLE:0.20512820512820512	DLSILHVN:0.24358974358974358	YVGSPATD:0.20512820512820512	GVAEILNR:0.2692307692307692	SRFDYAKD:0.20512820512820512	VAEILNRM:0.24358974358974358	PYSDLEIN:0.20512820512820512	RFDYAKDP:0.20512820512820512	GSPATDDP:0.21794871794871795	DIHLLMLP:0.24358974358974358	GGVAEILN:0.3076923076923077	SILHVNST:0.2948717948717949	AGGGVAEI:0.32051282051282054	SPATDDPE:0.21794871794871795	PATDDPEG:0.21794871794871795	PPYSDLEI:0.20512820512820512	ATDDPEGE:0.23076923076923078	LSILHVNS:0.24358974358974358	IHLLMLPP:0.24358974358974358	TVVMQKSI:0.23076923076923078	VGSPATDD:0.20512820512820512	HVRRNFLI:0.24358974358974358	EHVRRNFL:0.24358974358974358	REHVRRNF:0.23076923076923078	
