cluster number:2169
GT4:19	GT4:19
AMAMGKAV:0.3684210526315789	EAMAMGKA:0.3684210526315789	AMGKAVIA:0.21052631578947367	MAMGKAVI:0.3157894736842105	FYLLHNSL:0.21052631578947367	ATRTHGLL:0.2631578947368421	YATRTHGL:0.2631578947368421	FTGRVPHE:0.3157894736842105	YLLHNSLP:0.21052631578947367	SPLKPFEA:0.3157894736842105	VYEVRGLW:0.21052631578947367	GYATRTHG:0.2631578947368421	YEVRGLWE:0.3157894736842105	LKPFEAMA:0.3157894736842105	VSPLKPFE:0.3157894736842105	PLKPFEAM:0.3157894736842105	ISPIKPFE:0.2631578947368421	ELISPIKP:0.2631578947368421	SGGYATRS:0.2631578947368421	YAGGLVDY:0.21052631578947367	AGGLVDYE:0.21052631578947367	VTFTGRVP:0.42105263157894735	PRLPLPVC:0.3684210526315789	LREEMIRR:0.21052631578947367	SPIKPFES:0.21052631578947367	PLPVCELI:0.2631578947368421	AARRLGIP:0.21052631578947367	PVCELISP:0.2631578947368421	GLVDYEGL:0.21052631578947367	ITEALREE:0.21052631578947367	ALREEMIR:0.21052631578947367	IKPFESMA:0.21052631578947367	GGYATRSH:0.2631578947368421	GGLVDYEG:0.2631578947368421	LISPIKPF:0.2631578947368421	LPVCELIS:0.2631578947368421	EALREEMI:0.21052631578947367	PFESMAMG:0.21052631578947367	ITPFPRLP:0.2631578947368421	GYATRSHG:0.3157894736842105	PIKPFESM:0.21052631578947367	DVVTFTGR:0.21052631578947367	VVTFTGRV:0.3684210526315789	KPFESMAM:0.2631578947368421	PFVYEMRG:0.2631578947368421	RLPLPVCE:0.42105263157894735	TRLGFPYD:0.3157894736842105	TEALREEM:0.21052631578947367	GYAGGLVD:0.21052631578947367	RSGGYATR:0.21052631578947367	TFTGRVPH:0.42105263157894735	FPRLPLPV:0.42105263157894735	IGYAGGLV:0.21052631578947367	TPFPRLPL:0.3157894736842105	CELISPIK:0.2631578947368421	FVYEMRGL:0.21052631578947367	PFPRLPLP:0.42105263157894735	LPLPVCEL:0.2631578947368421	VCELISPI:0.2631578947368421	REEMIRRG:0.21052631578947367	YEGLDLLL:0.21052631578947367	PFEAMAMG:0.3157894736842105	KPFEAMAM:0.3157894736842105	DITPFPRL:0.21052631578947367	VDGVTRLG:0.21052631578947367	EVRGLWEV:0.2631578947368421	FEAMAMGK:0.3157894736842105	PNGVDTSR:0.21052631578947367	NGVDTSRF:0.21052631578947367	VPNGVDTS:0.21052631578947367	EMVSPLKP:0.21052631578947367	DGVTRLGY:0.21052631578947367	VTRLGYPY:0.21052631578947367	VLIVGDGA:0.21052631578947367	GVTRLGYP:0.21052631578947367	TRLGYPYD:0.21052631578947367	KTVIGYVG:0.21052631578947367	VRGLWEVT:0.2631578947368421	RGLWEVTR:0.2631578947368421	MVSPLKPF:0.21052631578947367	VTRLGFPY:0.21052631578947367	AVTRLGFP:0.21052631578947367	LGFPYDRW:0.21052631578947367	RLGFPYDR:0.21052631578947367	
