cluster number:1136
GT4:11	GT4:11
YQAPLLRR:0.2727272727272727	LLRAESWL:0.2727272727272727	LADVFVLP:0.2727272727272727	LGIPVLLR:0.2727272727272727	LVIVGDGE:0.2727272727272727	GIPVLLRA:0.2727272727272727	HPIQYQAP:0.45454545454545453	ALGIPVLL:0.2727272727272727	DALWVHGY:0.2727272727272727	LRAESWLA:0.2727272727272727	ADVFVLPS:0.2727272727272727	FVLPSRHE:0.36363636363636365	VSHPIQYQ:0.6363636363636364	LIVNEAMA:0.2727272727272727	PIQYQAPL:0.45454545454545453	SHPIQYQA:0.6363636363636364	AESWLADR:0.2727272727272727	LAYVVSHP:0.2727272727272727	VVSHPIQY:0.36363636363636365	IQYQAPLL:0.45454545454545453	PVLLRAES:0.2727272727272727	YLVIVGDG:0.2727272727272727	VLLRAESW:0.2727272727272727	VILFASKL:0.2727272727272727	RAESWLAD:0.2727272727272727	AYVVSHPI:0.2727272727272727	QYQAPLLR:0.45454545454545453	VFVLPSRH:0.36363636363636365	IPVLLRAE:0.2727272727272727	PVILFASK:0.36363636363636365	FDALWVHG:0.2727272727272727	WGLIVNEA:0.2727272727272727	ILFASKLQ:0.2727272727272727	RLAYVVSH:0.2727272727272727	DVFVLPSR:0.2727272727272727	YVVSHPIQ:0.36363636363636365	GLIVNEAM:0.2727272727272727	AKALGIPV:0.2727272727272727	AAKALGIP:0.2727272727272727	RPVILFAS:0.2727272727272727	FRNQSELP:0.36363636363636365	GFRNQSEL:0.36363636363636365	LAAKALGI:0.2727272727272727	RNQSELPR:0.36363636363636365	QSELPRFF:0.2727272727272727	SELPRFFD:0.2727272727272727	ELPRFFDL:0.2727272727272727	KALGIPVL:0.2727272727272727	NQSELPRF:0.2727272727272727	
