cluster number:896
GT4:13	GT4:13
LACSKEAG:0.23076923076923078	NVYRNIDR:0.6153846153846154	MNVYRNID:0.6153846153846154	GMTSNYGG:0.38461538461538464	VYRNIDRS:0.23076923076923078	QIGMTSNY:0.3076923076923077	SNYGGIES:0.3076923076923077	ILQIGMTS:0.3076923076923077	VIVHSHNS:0.3076923076923077	IVHSHNSY:0.3076923076923077	VHNNVLTW:0.3076923076923077	TSNYGGIE:0.3076923076923077	YDFVHNNV:0.3076923076923077	LFLVGDGE:0.3076923076923077	YSDEIKSL:0.3076923076923077	KILQIGMT:0.23076923076923078	AYSDEIKS:0.3076923076923077	MTSNYGGI:0.3076923076923077	LVGDGELR:0.3076923076923077	GRLSYQKN:0.23076923076923078	KKILQIGM:0.23076923076923078	IGMTSNYG:0.3076923076923077	NNVLTWSY:0.3076923076923077	DFVHNNVL:0.3076923076923077	FLVGDGEL:0.3076923076923077	VGRLSYQK:0.23076923076923078	VHSHNSYM:0.3076923076923077	HNNVLTWS:0.3076923076923077	IPGRRENL:0.23076923076923078	FVHNNVLT:0.3076923076923077	NVLTWSYS:0.3076923076923077	AGYDISNT:0.23076923076923078	SDEIKSLG:0.3076923076923077	KSLGGKIY:0.3076923076923077	HSHNSYMN:0.3076923076923077	NYGGIESF:0.3076923076923077	LQIGMTSN:0.3076923076923077	IKSLGGKI:0.3076923076923077	EIKSLGGK:0.3076923076923077	DEIKSLGG:0.3076923076923077	GYDISNTV:0.23076923076923078	IVLIEAQA:0.5384615384615384	LGIVLIEA:0.5384615384615384	VLIEAQAA:0.3076923076923077	GLGIVLIE:0.5384615384615384	YEGLGIVL:0.5384615384615384	EGLGIVLI:0.5384615384615384	GIVLIEAQ:0.5384615384615384	GDGELREK:0.23076923076923078	DGELREKL:0.23076923076923078	YGGIESFI:0.23076923076923078	SDGITLPL:0.23076923076923078	SFIMNVYR:0.23076923076923078	ESFIMNVY:0.23076923076923078	YSDGITLP:0.23076923076923078	PSHYEGLG:0.23076923076923078	NYDFVHNN:0.23076923076923078	IESFIMNV:0.23076923076923078	NNYDFVHN:0.23076923076923078	ITLPLKYS:0.23076923076923078	WSYSDGIT:0.23076923076923078	SYMNPGMY:0.23076923076923078	NRNQLKKI:0.23076923076923078	IMNVYRNI:0.38461538461538464	KNLMFMSD:0.23076923076923078	HNSYMNPG:0.23076923076923078	GGIESFIM:0.23076923076923078	VLTWSYSD:0.23076923076923078	TWSYSDGI:0.23076923076923078	VYRNIDRN:0.23076923076923078	GITLPLKY:0.23076923076923078	VKNLMFMS:0.23076923076923078	HYEGLGIV:0.23076923076923078	FIMNVYRN:0.3076923076923077	DGITLPLK:0.23076923076923078	RNQLKKII:0.23076923076923078	SYSDGITL:0.23076923076923078	NSYMNPGM:0.23076923076923078	LTWSYSDG:0.23076923076923078	ENNYDFVH:0.23076923076923078	DVKNLMFM:0.23076923076923078	SHYEGLGI:0.23076923076923078	GIESFIMN:0.23076923076923078	SHNSYMNP:0.23076923076923078	
