cluster number:1557
GT4:38	GT4:38
AADLFVFP:0.2631578947368421	ADLFVFPT:0.23684210526315788	DLFVFPTR:0.21052631578947367	GYFNYLAI:0.23684210526315788	TRADNLPL:0.3157894736842105	RADNLPLV:0.2894736842105263	PTRADNLP:0.3684210526315789	LPLVLQES:0.3684210526315789	DNLPLVLQ:0.3684210526315789	FPTRADNL:0.34210526315789475	ADNLPLVL:0.3157894736842105	NLPLVLQE:0.3684210526315789	SMACGTPM:0.3157894736842105	SYDCDRWK:0.3157894736842105	GVPDLVRP:0.3684210526315789	TGHCAYSY:0.21052631578947367	YFNYLAIP:0.3157894736842105	HDMWSFTG:0.3684210526315789	VLQESMAC:0.3684210526315789	ESMACGTP:0.4473684210526316	IAGYRLHQ:0.21052631578947367	WSFTGHCA:0.23684210526315788	CAYSYDCD:0.21052631578947367	IGGVPDLV:0.3157894736842105	LELQAQRY:0.23684210526315788	DMWSFTGH:0.3684210526315789	MACGTPMV:0.3157894736842105	GAAIAGYR:0.2631578947368421	GGVPDLVR:0.42105263157894735	CGTPMVSF:0.3157894736842105	IAYSAADL:0.23684210526315788	ACGTPMVS:0.3157894736842105	AAIAGYRL:0.2631578947368421	AYSAADLF:0.23684210526315788	AGYRLHQG:0.23684210526315788	FTGHCAYS:0.23684210526315788	GHCAYSYD:0.21052631578947367	YRLHQGLL:0.23684210526315788	AYSYDCDR:0.21052631578947367	LQESMACG:0.3684210526315789	VPDLVRPG:0.21052631578947367	SFTGHCAY:0.23684210526315788	QESMACGT:0.4473684210526316	GGAAIAGY:0.2631578947368421	HCAYSYDC:0.21052631578947367	GYRLHQGL:0.23684210526315788	AIAGYRLH:0.2631578947368421	YSYDCDRW:0.2894736842105263	MWSFTGHC:0.3684210526315789	VGRFVEKK:0.21052631578947367	GRFVEKKG:0.23684210526315788	FVGRFVEK:0.21052631578947367	LFVGRFVE:0.21052631578947367	LVLQESMA:0.3157894736842105	PLVLQESM:0.3157894736842105	AVFTLHDM:0.23684210526315788	KPAVFTLH:0.23684210526315788	VFTLHDMW:0.23684210526315788	PAVFTLHD:0.23684210526315788	TLHDMWSF:0.3157894736842105	KIGGVPDL:0.21052631578947367	EWKLKNWV:0.21052631578947367	WKLKNWVY:0.21052631578947367	LHDMWSFT:0.3157894736842105	IDTEAYQP:0.23684210526315788	GTPMVSFK:0.21052631578947367	FTLHDMWS:0.21052631578947367	ELQAQRYI:0.23684210526315788	GIDTEAYQ:0.23684210526315788	LQAQRYIE:0.23684210526315788	AQRYIELY:0.21052631578947367	QAQRYIEL:0.21052631578947367	RFVEKKGL:0.21052631578947367	
