cluster number:711
GT4:19	GT4:19
GFLVPIRS:0.3157894736842105	SMGQRKGL:0.21052631578947367	GRALVMQE:0.21052631578947367	TGFLVPIR:0.2631578947368421	EGRALVMQ:0.21052631578947367	LVMQEAMS:0.21052631578947367	FLVPIRSP:0.2631578947368421	LRVLFAGS:0.21052631578947367	EAMSQGLP:0.3157894736842105	RALVMQEA:0.21052631578947367	PLRVLFAG:0.21052631578947367	CDVFCLPS:0.21052631578947367	VMQEAMSQ:0.21052631578947367	ALVMQEAM:0.21052631578947367	QEAMSQGL:0.21052631578947367	AMSQGLPL:0.21052631578947367	GSMGQRKG:0.21052631578947367	MQEAMSQG:0.21052631578947367	IVEGRALV:0.3157894736842105	SIVEGRAL:0.3157894736842105	YDLPIAYW:0.3157894736842105	PSIVEGRA:0.3157894736842105	LPSIVEGR:0.2631578947368421	VYAYEDGA:0.47368421052631576	AVYAYEDG:0.2631578947368421	FPSLFEGF:0.3157894736842105	LPIGYWRA:0.3684210526315789	HPTGNANV:0.3157894736842105	GVYAYEDG:0.21052631578947367	YDLPIGYW:0.3684210526315789	PSLFEGFG:0.3157894736842105	TGNANVRA:0.21052631578947367	PTGNANVR:0.3157894736842105	LFEGFGLV:0.3157894736842105	AMSQGTPV:0.21052631578947367	FEGFGLVI:0.21052631578947367	PIGYWRAA:0.2631578947368421	SHPTGNAN:0.21052631578947367	QGTPVITT:0.2631578947368421	DLPIGYWR:0.3684210526315789	MSQGTPVI:0.21052631578947367	SLFEGFGL:0.3157894736842105	SQGTPVIT:0.21052631578947367	EAMSQGTP:0.21052631578947367	IGYWRAAR:0.21052631578947367	FVGGLSQR:0.21052631578947367	VGGLSQRK:0.21052631578947367	GLVITEAM:0.21052631578947367	GLSQRKGI:0.21052631578947367	LFVGGLSQ:0.21052631578947367	GGLSQRKG:0.21052631578947367	YAYEDGAL:0.21052631578947367	
