cluster number:1741
GT4:7	GT4:7
VTKIGDYL:0.42857142857142855	INDLWPEA:0.42857142857142855	GPDRAKLE:0.2857142857142857	AVGTSDEY:0.42857142857142855	GDGPDRAK:0.2857142857142857	GVKLGDET:0.42857142857142855	RMVVDVPV:0.2857142857142857	AGTLGASY:0.42857142857142855	MRMVVDVP:0.2857142857142857	DRAKLEAL:0.2857142857142857	IYAEIPPN:0.2857142857142857	GTLGASYD:0.42857142857142855	SIVTKIGD:0.42857142857142855	VGNDLAAF:0.2857142857142857	VGTSDEYA:0.42857142857142855	VNSLVKSA:0.2857142857142857	TRFRFLSE:0.2857142857142857	PNDVARVC:0.2857142857142857	QSIVTKIG:0.42857142857142855	AYLCASDI:0.42857142857142855	DVARVCAE:0.2857142857142857	CYQGLPYR:0.2857142857142857	WPEAMRMV:0.42857142857142855	MAAYLCAS:0.42857142857142855	DGPDRAKL:0.2857142857142857	TVYVGNDL:0.2857142857142857	VKLGDETR:0.42857142857142855	IPPNDVAR:0.2857142857142857	PPNDVARV:0.2857142857142857	IVTKIGDY:0.42857142857142855	QGLPYRVV:0.2857142857142857	EIPPNDVA:0.42857142857142855	YVGNDLAA:0.2857142857142857	LWPEAMRM:0.42857142857142855	EAMRMVVD:0.2857142857142857	YDLIYAEI:0.2857142857142857	ETRGYTRF:0.42857142857142855	QHWDKAQR:0.42857142857142855	ILGDGPDR:0.42857142857142855	PDRAKLEA:0.2857142857142857	YTRFRFLS:0.2857142857142857	YAEIPPND:0.42857142857142855	GYTRFRFL:0.2857142857142857	RGYTRFRF:0.2857142857142857	PEAMRMVV:0.2857142857142857	EAAALLER:0.2857142857142857	AMRMVVDV:0.2857142857142857	LIYAEIPP:0.2857142857142857	LGDETRGY:0.42857142857142855	LPYRVVFI:0.42857142857142855	LEALAAQL:0.2857142857142857	AAYLCASD:0.42857142857142855	DLWPEAMR:0.42857142857142855	MINTGSSP:0.2857142857142857	NTGSSPEF:0.2857142857142857	MGVKLGDE:0.42857142857142855	DETRGYTR:0.42857142857142855	IGDYLASG:0.2857142857142857	TKIGDYLA:0.42857142857142855	GLPYRVVF:0.2857142857142857	AEIPPNDV:0.42857142857142855	HWDKAQRD:0.2857142857142857	INTGSSPE:0.2857142857142857	GDETRGYT:0.42857142857142855	IKILGDGP:0.2857142857142857	TRGYTRFR:0.42857142857142855	KIGDYLAS:0.42857142857142855	KLEALAAQ:0.2857142857142857	YQGLPYRV:0.2857142857142857	DINDLWPE:0.42857142857142855	GAVGTSDE:0.2857142857142857	KILGDGPD:0.42857142857142855	NDVARVCA:0.2857142857142857	YAGTLGAS:0.42857142857142855	FQHWDKAQ:0.42857142857142855	NDLWPEAM:0.5714285714285714	RFRFLSEL:0.2857142857142857	KLGDETRG:0.42857142857142855	VYVGNDLA:0.2857142857142857	GNDLAAFD:0.2857142857142857	DLIYAEIP:0.2857142857142857	FRFLSELL:0.2857142857142857	PMINTGSS:0.2857142857142857	TLGASYDI:0.2857142857142857	SDEYAARP:0.2857142857142857	VADINDLW:0.2857142857142857	TSDEYAAR:0.2857142857142857	GYTKNLDL:0.2857142857142857	WVAYAGTL:0.2857142857142857	FVADINDL:0.2857142857142857	SFQHWDKA:0.42857142857142855	DEPGYTKN:0.2857142857142857	LCASDIVV:0.2857142857142857	FYPFSRDA:0.2857142857142857	YPFSRDAK:0.2857142857142857	SDIVVNSL:0.2857142857142857	YRVVFIDE:0.2857142857142857	LMAAYLCA:0.2857142857142857	HITVYVGN:0.2857142857142857	FIDEPGYT:0.2857142857142857	EPGYTKNL:0.2857142857142857	RVVFIDEP:0.2857142857142857	PHITVYVG:0.2857142857142857	PGYTKNLD:0.2857142857142857	VFIDEPGY:0.2857142857142857	ADINDLWP:0.2857142857142857	AFYPFSRD:0.2857142857142857	CASDIVVN:0.2857142857142857	VVFIDEPG:0.2857142857142857	DIVVNSLV:0.2857142857142857	SSFQHWDK:0.42857142857142855	PFVADIND:0.2857142857142857	PYRVVFID:0.2857142857142857	VAYAGTLG:0.2857142857142857	ASDIVVNS:0.2857142857142857	IDEPGYTK:0.2857142857142857	YLCASDIV:0.2857142857142857	GTSDEYAA:0.2857142857142857	TSSFQHWD:0.42857142857142855	AYAGTLGA:0.2857142857142857	LITSSFQH:0.2857142857142857	DREKLEAL:0.2857142857142857	GPDREKLE:0.2857142857142857	VDLITSSF:0.2857142857142857	DLITSSFQ:0.2857142857142857	PDREKLEA:0.2857142857142857	ITSSFQHW:0.2857142857142857	REKLEALA:0.2857142857142857	EVDLITSS:0.2857142857142857	
