cluster number:2096
GT4:6	GT4:6
IGVQLRTY:0.3333333333333333	AHDARMIN:0.3333333333333333	AGGGDPRK:0.5	SGVADYSA:0.6666666666666666	GGGDPRKN:0.5	MGGLSGAL:0.6666666666666666	AIAHDARM:0.3333333333333333	PVLASDVG:0.5	TFGYVSDD:0.3333333333333333	AAIAHDAR:0.3333333333333333	VLASDVGA:0.5	TPVLASDV:0.3333333333333333	MTHDPVWA:0.3333333333333333	GFSIPIVE:0.3333333333333333	GGLSGALN:0.5	SGALNDCI:0.5	YFMGGLSG:0.3333333333333333	FMGGLSGA:0.3333333333333333	DVGAHPEL:0.5	ALNDCIAA:0.3333333333333333	GGDPRKNP:0.3333333333333333	GVADYSAA:0.5	AADIGVQL:0.3333333333333333	GALNDCIA:0.3333333333333333	VADYSAAT:0.5	AALPSIAN:0.3333333333333333	LFYDLIQL:0.3333333333333333	FGYVSDDK:0.3333333333333333	EGFSIPIV:0.3333333333333333	AEGFSIPI:0.5	ADIGVQLR:0.3333333333333333	GLSGALND:0.5	ASDVGAHP:0.5	FSIPIVES:0.3333333333333333	LASDVGAH:0.5	SDVGAHPE:0.5	YVSDDKAP:0.3333333333333333	VDARALQD:0.5	IAHDARMI:0.3333333333333333	GYVSDDKA:0.3333333333333333	LSGALNDC:0.5	FYDLIQLQ:0.3333333333333333	DIGVQLRT:0.3333333333333333	SRAEGFSI:0.3333333333333333	ICLFYDLI:0.3333333333333333	DCISAALP:0.3333333333333333	DYLLENGG:0.3333333333333333	RAEGFSIP:0.3333333333333333	YVDARALQ:0.3333333333333333	VVAGGGDP:0.3333333333333333	VPSRAEGF:0.3333333333333333	RICLFYDL:0.3333333333333333	YRICLFYD:0.3333333333333333	PSRAEGFS:0.3333333333333333	IVVAGGGD:0.3333333333333333	VAGGGDPR:0.3333333333333333	LSPMTHDP:0.5	VLPFAQYR:0.3333333333333333	SPVLIAEA:0.3333333333333333	
