cluster number:1758
GT4:18	GT4:18
NQHQHGDK:0.3333333333333333	GYGMVIDE:0.6111111111111112	LIDLVSEP:0.2222222222222222	WHCTLAGS:0.2222222222222222	GLAMGGLP:0.6111111111111112	VHHPLADE:0.6666666666666666	LPSLYEGY:0.3888888888888889	VLDGLAMG:0.3888888888888889	TGGYRYVR:0.5	IVDIGTGR:0.2777777777777778	HPLADETG:0.5	SALIDLVS:0.5	SPRKAQHQ:0.3888888888888889	VDIGTGRG:0.2777777777777778	LSPRKAQH:0.4444444444444444	VISSDGGA:0.2222222222222222	PRKAQHQL:0.4444444444444444	GTGRGSNA:0.2222222222222222	QHQHGDKG:0.3333333333333333	QNTGGYRY:0.5555555555555556	RKAQHQLV:0.3888888888888889	HLDLLALP:0.2222222222222222	IRVAEPGV:0.2222222222222222	YEGYGMVI:0.7777777777777778	LVHHPLAD:0.6666666666666666	DLVSEPWL:0.2777777777777778	ISSDGGAL:0.2222222222222222	PSLYEGYG:0.5555555555555556	VVLDGLAM:0.5555555555555556	HHPLADET:0.6111111111111112	ALVHHPLA:0.6666666666666666	LVNQHQHG:0.3333333333333333	NTGGYRYV:0.5555555555555556	ILCVAHLS:0.2222222222222222	IDLVSEPW:0.2222222222222222	PVISSDGG:0.2222222222222222	ITASALID:0.2777777777777778	QHQLVEAL:0.3333333333333333	LITASALI:0.2777777777777778	AQHQLVEA:0.3333333333333333	SLYEGYGM:0.5555555555555556	MVIDEALA:0.4444444444444444	YGMVIDEA:0.6111111111111112	LDGLAMGG:0.3333333333333333	LCVAHLSP:0.2777777777777778	GAALGPEA:0.3333333333333333	VLPSLYEG:0.3888888888888889	IGTGRGSN:0.2777777777777778	FVLPSLYE:0.3888888888888889	HLSPRKAQ:0.3888888888888889	AHLSPRKA:0.2777777777777778	LAMGGLPE:0.3888888888888889	GMVIDEAL:0.5555555555555556	LYEGYGMV:0.5555555555555556	LDLLALPP:0.2222222222222222	VAHLSPRK:0.2777777777777778	DGLAMGGL:0.6111111111111112	VNQHQHGD:0.3333333333333333	LPVISSDG:0.2222222222222222	ALIDLVSE:0.3888888888888889	SSDGGALA:0.3333333333333333	CVAHLSPR:0.2777777777777778	EGYGMVID:0.6111111111111112	DIGTGRGS:0.2777777777777778	ASALIDLV:0.4444444444444444	KAQHQLVE:0.3333333333333333	TASALIDL:0.5	ADLFVLPS:0.3333333333333333	IALVHHPL:0.2777777777777778	LFVLPSLY:0.2222222222222222	VIDEALAA:0.2777777777777778	EALAAGLP:0.2777777777777778	IDEALAAG:0.2222222222222222	DEALAAGL:0.2222222222222222	IHHPLADE:0.2777777777777778	PLADETGL:0.3333333333333333	VIDGLAMG:0.2777777777777778	AMGGLPEV:0.2777777777777778	TEALARGL:0.2222222222222222	TSAFTARR:0.2777777777777778	EALARGLP:0.2222222222222222	ALARGLPV:0.2222222222222222	SAFTARRL:0.2777777777777778	IDGLAMGG:0.2777777777777778	VVIDGLAM:0.2777777777777778	FVFPSLYE:0.2222222222222222	ALAAGLPV:0.2222222222222222	LLCVGHLS:0.2222222222222222	LAAGLPVL:0.2222222222222222	LAMGGLPD:0.2222222222222222	ALIHHPLA:0.2222222222222222	VALIHHPL:0.2222222222222222	VTASALID:0.2222222222222222	LVALIHHP:0.2222222222222222	LIHHPLAD:0.2222222222222222	
