cluster number:1822
GT4:32	GT4:32
RATLLGQI:0.21875	AALPVPAV:0.21875	EGGGAALP:0.625	INSLEGGG:0.21875	SLEGGGAA:0.21875	HEAMQAGL:0.21875	EAMQAGLP:0.21875	TRRDGRAL:0.21875	GGAALPVP:0.4375	SLTRATLL:0.6875	GGGAALPV:0.4375	TRATLLGQ:0.6875	LTRRDGRA:0.375	NSLEGGGA:0.21875	ALTRRDGR:0.4375	TSLTRATL:0.71875	GAALPVPA:0.3125	WTSLTRAT:0.75	LTRATLLG:0.6875	CIAAHEAM:0.25	MRIAYVIN:0.28125	EGFCIAAH:0.375	THIWTSLT:0.40625	RIGSLGRL:0.4375	IPVVSWQH:0.21875	IGSLGRLH:0.4375	FCIAAHEA:0.375	HIWTSLTR:0.40625	IWTSLTRA:0.59375	GFCIAAHE:0.375	PTHIWTSL:0.28125	YVINSVEG:0.21875	NSVEGGGA:0.375	IAYVINSV:0.21875	RIAYVINS:0.3125	INSVEGGG:0.375	VINSVEGG:0.21875	RLHPVKGY:0.40625	SVEGGGAA:0.375	GRLHPVKG:0.46875	RIGTLGRL:0.21875	PVKGYDVL:0.21875	HPVKGYDV:0.21875	LGRLHPVK:0.40625	LHLYVQPS:0.40625	AYVINSVE:0.21875	LHPVKGYD:0.40625	FALTRRDG:0.28125	VFALTRRD:0.25	IAGEGEER:0.21875	PVISWQHS:0.21875	VISWQHSA:0.21875	SWQHSARL:0.375	WQHSARLK:0.375	GSLGRLHP:0.46875	VEGGGAAL:0.28125	KIAYVINS:0.21875	SLGRLHPV:0.21875	
