cluster number:463
GT4:19	GT4:19
GHGHDVYV:0.42105263157894735	SHIHCHFM:0.3684210526315789	PVVLKEAM:0.42105263157894735	HGHDVYVN:0.42105263157894735	DTGPVVLK:0.42105263157894735	TGPVVLKE:0.42105263157894735	SETFVVTE:0.3157894736842105	ISHIHCHF:0.3684210526315789	LLFVGRLV:0.47368421052631576	KISHIHCH:0.2631578947368421	HIHCHFMH:0.3684210526315789	VVLKEAMA:0.42105263157894735	VLKEAMAM:0.21052631578947367	GPVVLKEA:0.42105263157894735	KLLFVGRL:0.2631578947368421	ETFVVTEI:0.3157894736842105	GHKVSVLT:0.21052631578947367	AGHKVSVL:0.21052631578947367	VSVSSIGH:0.2631578947368421	GRLIEKKG:0.21052631578947367	VVTEINAL:0.2631578947368421	PSETFVVT:0.2631578947368421	DLKLKLSL:0.2631578947368421	KKGLQFLL:0.2631578947368421	SLCDFSVA:0.21052631578947367	CDFSVAVC:0.21052631578947367	FVVTEINA:0.2631578947368421	NGDRDTGP:0.2631578947368421	CHFMHAPL:0.2631578947368421	LQFLLPAI:0.21052631578947367	IGIVVPSF:0.21052631578947367	VTEINALV:0.2631578947368421	AMASGIPV:0.3684210526315789	HIPSETFV:0.2631578947368421	IGHGHDVY:0.2631578947368421	RDTGPVVL:0.2631578947368421	GLNIAEII:0.21052631578947367	MGAKEIVN:0.2631578947368421	TTELMGAK:0.2631578947368421	LKLKLSLC:0.2631578947368421	LKEAMASG:0.2631578947368421	LKLSLCDF:0.21052631578947367	LCDFSVAV:0.21052631578947367	IAGVSVSS:0.21052631578947367	KLKLSLCD:0.21052631578947367	YGLNIAEI:0.21052631578947367	GAKEIVND:0.2631578947368421	GIVVPSFH:0.2631578947368421	FHIPSETF:0.2631578947368421	HIGIVVPS:0.21052631578947367	FLLPAIKK:0.21052631578947367	LMGAKEIV:0.2631578947368421	SLMGYGLN:0.2631578947368421	DIVGDGPL:0.2631578947368421	ELMGAKEI:0.2631578947368421	GVSVSSIG:0.2631578947368421	NSQAKKLS:0.21052631578947367	SVAVCKDM:0.21052631578947367	EAMASGIP:0.3684210526315789	GYGLNIAE:0.21052631578947367	GHDVYVND:0.2631578947368421	IVVPSFHI:0.2631578947368421	MKHIGIVV:0.21052631578947367	LHCGIDLS:0.2631578947368421	VSSIGHGH:0.3157894736842105	QFLLPAIK:0.21052631578947367	LDIVGDGP:0.2631578947368421	TFVVTEIN:0.2631578947368421	KIAGVSVS:0.21052631578947367	SVSSIGHG:0.2631578947368421	KEAMASGI:0.2631578947368421	DRDTGPVV:0.2631578947368421	SFHIPSET:0.2631578947368421	IPSETFVV:0.2631578947368421	ASKIAGVS:0.21052631578947367	GDRDTGPV:0.2631578947368421	LMGYGLNI:0.21052631578947367	VVPSFHIP:0.2631578947368421	ANSQAKKL:0.21052631578947367	MGYGLNIA:0.21052631578947367	LSLCDFSV:0.21052631578947367	TELMGAKE:0.2631578947368421	FSVAVCKD:0.21052631578947367	VLKEAMAS:0.2631578947368421	SIGHGHDV:0.2631578947368421	KLSLCDFS:0.21052631578947367	GLQFLLPA:0.2631578947368421	SSIGHGHD:0.3157894736842105	KGLQFLLP:0.2631578947368421	AGVSVSSI:0.2631578947368421	KHIGIVVP:0.21052631578947367	VPSFHIPS:0.2631578947368421	SKIAGVSV:0.21052631578947367	EKKGLQFL:0.2631578947368421	IHCHFMHA:0.2631578947368421	VLTFENLN:0.2631578947368421	HCHFMHAP:0.2631578947368421	QLLHCGID:0.2631578947368421	PSFHIPSE:0.2631578947368421	LLHCGIDL:0.2631578947368421	VGRLVEKK:0.47368421052631576	MASGIPVI:0.21052631578947367	LFVGRLVE:0.47368421052631576	ASGIPVIT:0.21052631578947367	FVGRLVEK:0.47368421052631576	GRLVEKKG:0.47368421052631576	RLVEKKGV:0.2631578947368421	
