cluster number:1032
GT4:116	GT4:116
LEAMACGL:0.29310344827586204	AVRVYSPT:0.25862068965517243	FETYPRYY:0.43103448275862066	RLVMEKGL:0.5344827586206896	VRDGANQA:0.4827586206896552	LFNPSVTE:0.31896551724137934	RFYRRCDA:0.20689655172413793	RVALFSGN:0.35344827586206895	ETFGNVTL:0.6293103448275862	PSVTETFG:0.49137931034482757	APSESMAQ:0.25	ETYPRYYG:0.25862068965517243	SGNYNYVR:0.31896551724137934	NVTLEAMA:0.6551724137931034	SESMAQLL:0.20689655172413793	VTLEAMAC:0.4051724137931034	NYNYVRDG:0.39655172413793105	VHTRFETY:0.5689655172413793	SVTETFGN:0.49137931034482757	MEKGLDVF:0.5	TFGNVTLE:0.6293103448275862	VASVHTRF:0.25862068965517243	LVMEKGLD:0.5172413793103449	ALFSGNYN:0.6120689655172413	RRFYRRCD:0.20689655172413793	TYPRYYGL:0.20689655172413793	VMEKGLDV:0.5086206896551724	EKGLDVFS:0.2672413793103448	NYVRDGAN:0.39655172413793105	HTRFETYP:0.46551724137931033	LFSGNYNY:0.47413793103448276	MLFNPSVT:0.20689655172413793	TLEAMACG:0.35344827586206895	KGLDVFSD:0.25862068965517243	TRFETYPR:0.43103448275862066	ASVHTRFE:0.4482758620689655	TETFGNVT:0.6982758620689655	GNYNYVRD:0.39655172413793105	YVRDGANQ:0.3879310344827586	LRVALFSG:0.3448275862068966	PSESMAQL:0.20689655172413793	GAAVRVYS:0.25862068965517243	FNPSVTET:0.45689655172413796	DMLFNPSV:0.20689655172413793	DGANQALN:0.6120689655172413	VTETFGNV:0.49137931034482757	AAVRVYSP:0.25862068965517243	YNYVRDGA:0.39655172413793105	GANQALNR:0.5603448275862069	FSGNYNYV:0.3275862068965517	RDGANQAL:0.603448275862069	FGNVTLEA:0.6379310344827587	GNVTLEAM:0.6379310344827587	ESMAQLLR:0.20689655172413793	GRLVMEKG:0.5344827586206896	EAMACGLP:0.29310344827586204	SVHTRFET:0.5689655172413793	VALFSGNY:0.35344827586206895	VAARATGS:0.3103448275862069	RFETYPRY:0.43103448275862066	NPSVTETF:0.4827586206896552	GRLVLEKG:0.22413793103448276	RIALFSGN:0.35344827586206895	NQALNRLV:0.41379310344827586	QALNRLVG:0.20689655172413793	ANQALNRL:0.4396551724137931	IALFSGNY:0.3793103448275862	LRIALFSG:0.3103448275862069	LGRLVMEK:0.3275862068965517	SDLRIALF:0.20689655172413793	ALNRLVGY:0.22413793103448276	MACGLPVV:0.22413793103448276	VVAARATG:0.2413793103448276	PVVAARAT:0.2413793103448276	EKGLDVFA:0.29310344827586204	FLGRLVME:0.3275862068965517	ACGLPVVA:0.22413793103448276	AMACGLPV:0.21551724137931033	LNRLVGYL:0.2413793103448276	CGLPVVAA:0.20689655172413793	DLRIALFS:0.2413793103448276	DLGRAVAS:0.31896551724137934	GRAVASMD:0.3103448275862069	LGRAVASM:0.31896551724137934	LEAMASGL:0.27586206896551724	RLVLEKGL:0.20689655172413793	LHTRFETY:0.21551724137931033	SLHTRFET:0.21551724137931033	
