cluster number:1353
GT4:24	GT4:24
LVPYKGAD:0.5416666666666666	FPSVREFG:0.2916666666666667	GRLVPYKG:0.875	VPYKGADI:0.2916666666666667	LFVGRLVP:0.25	VGRLVPYK:0.5833333333333334	PYKGADIL:0.25	RLVPYKGA:0.5416666666666666	FVGRLVPY:0.5833333333333334	LLFVGRLV:0.25	GPVNGGVP:0.20833333333333334	TPMMPRYP:0.25	PSVREFGG:0.4166666666666667	REFGGAVV:0.20833333333333334	NLLFVGRL:0.20833333333333334	FCFPSIRE:0.20833333333333334	IREFGGAV:0.20833333333333334	ITPMMPRY:0.20833333333333334	DIFCFPSI:0.20833333333333334	KGDYDIVH:0.20833333333333334	SIREFGGA:0.20833333333333334	VPYKGADM:0.25	PSIREFGG:0.5833333333333334	FPSIREFG:0.5833333333333334	CFPSIREF:0.20833333333333334	IFCFPSIR:0.20833333333333334	HRITPLSP:0.4583333333333333	AFVGRLVP:0.20833333333333334	VREFGGGV:0.2916666666666667	REFGGGVV:0.6666666666666666	ENAIDPAR:0.4166666666666667	SVREFGGG:0.375	NAIDPARF:0.375	RITPLSPT:0.4583333333333333	VHRITPLS:0.4583333333333333	SIREFGGG:0.375	LVIAEAAN:0.25	GGGVVLEA:0.625	FGGGVVLE:0.625	EFGGGVVL:0.625	GVVLEAMA:0.5416666666666666	IAEAANPE:0.5416666666666666	VIAEAANP:0.25	IGRLVPYK:0.3333333333333333	AEAANPEW:0.5833333333333334	DIVHRITP:0.25	GGVVLEAM:0.625	IREFGGGV:0.375	FIGRLVPY:0.3333333333333333	EAANPEWV:0.4583333333333333	AANPEWVS:0.4583333333333333	LDIIGDGP:0.20833333333333334	GRDFTAID:0.25	ADVHIVTQ:0.25	RNRDAFLR:0.3333333333333333	EKEWLSYV:0.20833333333333334	VADVHIVT:0.25	LPENAIDP:0.2916666666666667	LRAGLVEG:0.25	RDFTAIDS:0.20833333333333334	AGLVEGRD:0.25	VVLEAMAL:0.4583333333333333	PLNGGVPW:0.5416666666666666	YAGPGELV:0.4166666666666667	RREKEWLS:0.20833333333333334	VTQVRNRD:0.25	PENAIDPA:0.375	GPLNGGVP:0.5416666666666666	LVEGRDFT:0.20833333333333334	TQVRNRDA:0.25	VDYAGPGE:0.375	EWLSYVRG:0.20833333333333334	LNGGVPWP:0.5416666666666666	NPEWVSVP:0.4583333333333333	NRDAFLRA:0.3333333333333333	CFIGRLVP:0.20833333333333334	ANPEWVSV:0.4583333333333333	TLDIIGDG:0.20833333333333334	DYAGPGEL:0.4166666666666667	RRREKEWL:0.20833333333333334	DAFLRAGL:0.25	ERRREKEW:0.20833333333333334	RAGLVEGR:0.25	EAMALGVV:0.375	LEAMALGV:0.375	AMALGVVP:0.375	VEGRDFTA:0.20833333333333334	EGRDFTAI:0.25	DFTAIDSE:0.3333333333333333	RDAFLRAG:0.3333333333333333	PEWVSVPL:0.4583333333333333	GLVEGRDF:0.2916666666666667	KEWLSYVR:0.20833333333333334	REKEWLSY:0.20833333333333334	VLEAMALG:0.4583333333333333	FVLGPLNG:0.4166666666666667	NGGVPWPK:0.25	LGPLNGGV:0.4166666666666667	VLGPLNGG:0.4166666666666667	PFVLGPLN:0.375	VSVPLVGW:0.4166666666666667	AGVPFVLG:0.25	RLVPYKGP:0.3333333333333333	PYKGPDML:0.2916666666666667	IVTQIRNR:0.20833333333333334	VPLVGWSL:0.375	FDAERRRE:0.25	SVPLVGWS:0.375	EAAAPLLR:0.20833333333333334	PLVGWSLA:0.375	EWVSVPLV:0.3333333333333333	WVSVPLVG:0.4166666666666667	VPFVLGPL:0.25	GFDAERRR:0.25	RVLAIAEA:0.20833333333333334	VLAIAEAA:0.20833333333333334	VPYKGPDM:0.3333333333333333	HIVTQIRN:0.20833333333333334	GVPFVLGP:0.25	LAIAEAAN:0.25	AIAEAANP:0.25	PLIVDYAG:0.20833333333333334	IVHRITPL:0.20833333333333334	IVDYAGPG:0.20833333333333334	LIVDYAGP:0.20833333333333334	LVPYKGPD:0.3333333333333333	YKGPDMLL:0.25	RPMWKLAE:0.20833333333333334	ARPMWKLA:0.20833333333333334	AAAPLLRD:0.20833333333333334	
