cluster number:919
GT4:33	GT4:33
RGGGAERV:0.2727272727272727	GGGAERVM:0.3939393939393939	GFGNVLVE:0.24242424242424243	GNVLVEAM:0.21212121212121213	AEGPYLSQ:0.24242424242424243	WEGFGNVL:0.2727272727272727	LRGGGAER:0.36363636363636365	FGNVLVEA:0.2727272727272727	EGFGNVLV:0.24242424242424243	TDCPSGPR:0.3939393939393939	VSTDCPSG:0.24242424242424243	STDCPSGP:0.3939393939393939	VVSTDCPS:0.21212121212121213	DCPSGPRE:0.3939393939393939	SLRGGGAE:0.36363636363636365	LNHANIIA:0.21212121212121213	GGAERVMV:0.24242424242424243	PSLRGGGA:0.3333333333333333	FLPSLRGG:0.24242424242424243	LPSLRGGG:0.24242424242424243	LFLPSLRG:0.21212121212121213	CPSGPREI:0.3333333333333333	PSGPREIL:0.30303030303030304	SGPREILE:0.24242424242424243	
