cluster number:2226
GT4:13	GT4:13
LPVVASDY:0.3076923076923077	HLLLAQRT:0.23076923076923078	RISHHSKM:0.38461538461538464	EPGPVLGR:0.23076923076923078	ISHHSKMD:0.38461538461538464	VELVLAGW:0.23076923076923078	PVLGRKVA:0.23076923076923078	TTRRDAIV:0.23076923076923078	GLLVPTIG:0.23076923076923078	VASDYDGY:0.38461538461538464	TGEAFYRG:0.23076923076923078	SLKHDILE:0.3076923076923077	RLLVFGRI:0.23076923076923078	PGPVLGRK:0.23076923076923078	LLVFGRIS:0.23076923076923078	AFGLPVVA:0.3076923076923077	LSDCITSQ:0.23076923076923078	IADNPQET:0.23076923076923078	MDLLPLLR:0.3076923076923077	GTTRRDAI:0.23076923076923078	HLSDCITS:0.23076923076923078	ETGLLVPT:0.3076923076923077	ADNPQETF:0.5384615384615384	SIADNPQE:0.23076923076923078	GPVLGRKV:0.23076923076923078	SHHSKMDL:0.38461538461538464	SKMDLLPL:0.46153846153846156	RDAIVCTS:0.3076923076923077	QYHLLLAQ:0.3076923076923077	VLGRKVAN:0.23076923076923078	GLPVVASD:0.3076923076923077	ASDYDGYR:0.46153846153846156	NQYHLLLA:0.23076923076923078	FGRISHHS:0.38461538461538464	YHLLLAQR:0.23076923076923078	VFGRISHH:0.3076923076923077	DGYRDIVV:0.23076923076923078	SDCITSQP:0.23076923076923078	GAFGLPVV:0.3076923076923077	TRRDAIVC:0.23076923076923078	DYDGYRDI:0.3076923076923077	DLLPLLRA:0.3076923076923077	FGLPVVAS:0.3076923076923077	VVASDYDG:0.3076923076923077	HSKMDLLP:0.23076923076923078	PVVASDYD:0.3076923076923077	TGTIHSLS:0.23076923076923078	GRISHHSK:0.38461538461538464	WSLKHDIL:0.3076923076923077	LLVPTIGP:0.23076923076923078	DNQYHLLL:0.23076923076923078	EAGAFGLP:0.38461538461538464	HHSKMDLL:0.23076923076923078	KMDLLPLL:0.3076923076923077	DNPQETFG:0.8461538461538461	GTIHSLSY:0.23076923076923078	LVFGRISH:0.3076923076923077	AGAFGLPV:0.3076923076923077	LWSLKHDI:0.23076923076923078	RRDAIVCT:0.23076923076923078	YDGYRDIV:0.23076923076923078	KLVFLARK:0.23076923076923078	SDYDGYRD:0.5384615384615384	PQETFGIT:0.46153846153846156	QETFGITL:0.3076923076923077	NPQETFGI:0.46153846153846156	LKHDILER:0.23076923076923078	TGLLVPTI:0.23076923076923078	HCFHLSDC:0.38461538461538464	FDNQYHLL:0.23076923076923078	RIWGTLDP:0.38461538461538464	KRIWGTLD:0.3076923076923077	RTGEAFYR:0.23076923076923078	CFHLSDCI:0.46153846153846156	FHLSDCIT:0.3076923076923077	ELVLAGWA:0.23076923076923078	FDEYHFFL:0.38461538461538464	GRTGEAFY:0.23076923076923078	YHCFHLSD:0.46153846153846156	IWGTLDPF:0.5384615384615384	GETGLLVP:0.3076923076923077	SEYDGYRD:0.23076923076923078	HGETGLLV:0.3076923076923077	PFDEYHFF:0.3076923076923077	PVIASDYD:0.23076923076923078	SDNPQETF:0.23076923076923078	VIASDYDG:0.23076923076923078	LLRAMQRL:0.23076923076923078	DPFDEYHF:0.3076923076923077	PLLRAMQR:0.23076923076923078	IASDYDGY:0.23076923076923078	DCIVATSR:0.23076923076923078	DGYRDLVV:0.23076923076923078	VVHGETGL:0.23076923076923078	RDCIVATS:0.3076923076923077	QHLWPGTT:0.23076923076923078	VHGETGLL:0.23076923076923078	YDGYRDLV:0.3076923076923077	DYDGYRDL:0.23076923076923078	NPQETFGL:0.38461538461538464	PQETFGLT:0.38461538461538464	LQHLWPGT:0.23076923076923078	DIVVHGET:0.23076923076923078	IVVHGETG:0.23076923076923078	EYHFFLPG:0.23076923076923078	TGVTHSLS:0.3076923076923077	PITGVTHS:0.23076923076923078	ITGVTHSL:0.23076923076923078	GVTHSLSY:0.3076923076923077	FPITGVTH:0.23076923076923078	YSKMDLLP:0.23076923076923078	THSLSYAR:0.23076923076923078	HSLSYARY:0.23076923076923078	VTHSLSYA:0.23076923076923078	
