cluster number:1993
GT4:15	GT4:15|GT2:1
GWDYMRQA:0.4	PRKNKALA:0.4	VQNWAYLL:0.2	VVYVQNWA:0.4	EGWVNALA:0.3333333333333333	WAYLLSAL:0.2	MPRKNKAL:0.6	ALRSAHIF:0.2	QNWAYLLS:0.2	VNALAPGL:0.3333333333333333	MGGWDYMR:0.2	WLVPEGWV:0.4666666666666667	GFPEGCPL:0.7333333333333333	VLRPGIDT:0.26666666666666666	YVQNWAYL:0.6666666666666666	IFLATGFP:0.4	LVPEGWVN:0.4666666666666667	MAVSDPVA:0.2	PLPPLEAM:0.7333333333333333	WMPRKNKA:0.3333333333333333	VPEGWVNA:0.4666666666666667	TGFPEGCP:0.6	WDYMRQAM:0.2	AYLLSALP:0.2	GGWDYMRQ:0.5333333333333333	GCPLPPLE:0.8	LWLVPEGW:0.4666666666666667	CPLPPLEA:0.8666666666666667	LATGFPEG:0.4	ATGFPEGC:0.4	DLWLVPEG:0.4666666666666667	PPLEAMAS:0.26666666666666666	NWAYLLSA:0.2	GWVNALAP:0.3333333333333333	PEGCPLPP:0.8	LPPLEAMA:0.6666666666666666	SAHIFLAT:0.2	DDLWLVPE:0.26666666666666666	PEGWVNAL:0.4666666666666667	LRSAHIFL:0.26666666666666666	PVAWFTRE:0.2	DYMRQAMP:0.2	VYVQNWAY:0.4	HIFLATGF:0.2	RSAHIFLA:0.2	GMGGWDYM:0.2	PLEAMASG:0.26666666666666666	WVNALAPG:0.3333333333333333	EGCPLPPL:0.8	FLATGFPE:0.4	FPEGCPLP:0.7333333333333333	AHIFLATG:0.2	PLEAMACG:0.4666666666666667	PPLEAMAC:0.4	AMACGCVV:0.2	IAWMPRKN:0.2	RIAWMPRK:0.2	LEAMACGC:0.5333333333333333	AWMPRKNK:0.2	EAMACGCV:0.2	PVLRPGID:0.2	LFSSLPEG:0.2	LPVEFLAV:0.2	VEFLAVSD:0.2	TGGVTVLR:0.2	CADGDVLD:0.2	GFGGWDYM:0.3333333333333333	PVEFLAVS:0.2	CLPVGFTG:0.2	ADILHQAG:0.2	EFLAVSDP:0.2	GGVTVLRQ:0.2	FLAVSDPV:0.26666666666666666	SYVQNWAY:0.26666666666666666	KPTGGVTV:0.2	GLADAAPV:0.2	CGCLPVGF:0.3333333333333333	QNWAYLFS:0.4666666666666667	PTGGVTVL:0.2	DGDVLDAA:0.2	VQNWAYLF:0.4	GCLPVGFT:0.2	FGGWDYMR:0.3333333333333333	AYMPRKNK:0.2	WCADGDVL:0.2	ADGDVLDA:0.2	NWAYLFSS:0.3333333333333333	AMACGCLP:0.26666666666666666	WAYLFSSL:0.2	AYLFSSLP:0.2	ACGCLPVG:0.26666666666666666	EAMACGCL:0.26666666666666666	MACGCLPV:0.26666666666666666	VLRQMADI:0.2	QMADILHQ:0.2	LRQMADIL:0.2	VAFMPRKN:0.2	AFMPRKNK:0.2	TVLRQMAD:0.2	RQMADILH:0.2	
