cluster number:681
GT4:610	GT4:610|GH77:3|2.4.1.-:1
PLHQPGTG:0.21639344262295082	HTSPLHQP:0.21639344262295082	QPGTGDAG:0.5885245901639344	IHSHYWLS:0.23442622950819672	RWGVPLVH:0.319672131147541	DAGGMNVY:0.7754098360655738	SHYWLSGQ:0.5934426229508196	WGVPLVHT:0.2081967213114754	YWLSGQVG:0.5459016393442623	LVALEAQA:0.28688524590163933	GRIQPLKA:0.5540983606557377	PLVHTAHT:0.419672131147541	FGLVALEA:0.2901639344262295	LSVHTSPL:0.3819672131147541	SGQVGWLA:0.3442622950819672	EAQACGTP:0.48360655737704916	SFGLVALE:0.2983606557377049	NESFGLVA:0.3295081967213115	ESFGLVAL:0.2983606557377049	EVEIFTRA:0.4262295081967213	VEIFTRAT:0.4524590163934426	TSPLHQPG:0.21639344262295082	GTGDAGGM:0.5754098360655737	VGRIQPLK:0.34918032786885245	GGPSGSGL:0.419672131147541	HYWLSGQV:0.5540983606557377	AGGMNVYI:0.32459016393442625	GLVALEAQ:0.28852459016393445	WLSGQVGW:0.5081967213114754	HQPGTGDA:0.21639344262295082	LHQPGTGD:0.21639344262295082	VPLVHTAH:0.34918032786885245	AFVGRIQP:0.2459016393442623	VHTAHTLA:0.44098360655737706	PGTGDAGG:0.5950819672131148	AQACGTPV:0.48032786885245904	LEAQACGT:0.24098360655737705	ALEAQACG:0.24754098360655738	PLKAPDVL:0.3081967213114754	IQPLKAPD:0.5540983606557377	VHTSPLHQ:0.21475409836065573	LSGQVGWL:0.5065573770491804	SPLHQPGT:0.21639344262295082	TGDAGGMN:0.5770491803278689	RIQPLKAP:0.5540983606557377	GDAGGMNV:0.7754098360655738	AGVLRAEA:0.24262295081967214	FVGRIQPL:0.34918032786885245	HSHYWLSG:0.7459016393442623	QPLKAPDV:0.32786885245901637	VAFVGRIQ:0.2180327868852459	LVHTAHTL:0.41475409836065574	VALEAQAC:0.25081967213114753	SVHTSPLH:0.21475409836065573	AGGMNVYV:0.41147540983606556	SESFGLVA:0.5065573770491804	GWLARDRW:0.25081967213114753	VAAAVGGL:0.2934426229508197	GGMNVYVL:0.2721311475409836	QACGTPVV:0.3377049180327869	LVHSHYWL:0.2754098360655738	LPTQLCAF:0.20163934426229507	TPVVAAAV:0.2836065573770492	VGGPSGSG:0.26557377049180325	LVAIEAQA:0.28852459016393445	HTLAAVKN:0.36721311475409835	AVPSYSES:0.20327868852459016	AAAVGGLP:0.3081967213114754	AQPGTGDA:0.23934426229508196	GLVAIEAQ:0.28852459016393445	PVVAAAVG:0.29180327868852457	FGLVAIEA:0.2901639344262295	HTSPLAQP:0.25081967213114753	AHTLAAVK:0.34590163934426227	SPLAQPGT:0.2360655737704918	VAGPFEGL:0.23114754098360657	PSYSESFG:0.40491803278688526	YSESFGLV:0.4016393442622951	GTPVVAAA:0.28032786885245903	TSPLAQPG:0.25245901639344265	PLAQPGTG:0.2360655737704918	LAQPGTGD:0.2360655737704918	VHTSPLAQ:0.22131147540983606	VVAAAVGG:0.2934426229508197	TAHTLAAV:0.34590163934426227	VGGLPVAV:0.3836065573770492	AGPFEGLD:0.24262295081967214	VHSHYWLS:0.49836065573770494	SFGLVAIE:0.29180327868852457	AVGGLPVA:0.2786885245901639	AAVGGLPV:0.28032786885245903	ESFGLVAI:0.29180327868852457	SYSESFGL:0.4016393442622951	DLPTQLCA:0.2	ACGTPVVA:0.3442622950819672	VPSYSESF:0.23934426229508196	CGTPVVAA:0.29180327868852457	HTAHTLAA:0.34590163934426227	GPFEGLDK:0.24262295081967214	YNESFGLV:0.22295081967213115	AVPSYNES:0.20163934426229507	PSYNESFG:0.22295081967213115	VPSYNESF:0.2081967213114754	SYNESFGL:0.22295081967213115	GGLPVAVR:0.2786885245901639	MLSVHTSP:0.2098360655737705	GPSGSGLA:0.28032786885245903	PAQLCAFT:0.20163934426229507	DLVHSHYW:0.24098360655737705	IEVEIFTR:0.24262295081967214	MHTMAKVK:0.22950819672131148	AGRIQPLK:0.21639344262295082	HTMAKVKN:0.22950819672131148	GMNVYIVE:0.20163934426229507	GLPVAVRD:0.26721311475409837	LPAQLCAF:0.21639344262295082	LPVAVRDG:0.23442622950819672	GGMNVYIV:0.2081967213114754	YDLVHSHY:0.23114754098360657	FAGRIQPL:0.2098360655737705	QVGWLARD:0.21639344262295082	LKAPDVLL:0.22459016393442624	GQVGWLAR:0.23770491803278687	VGWLARDR:0.21639344262295082	TLAAVKNA:0.2278688524590164	
