cluster number:2158
GT4:11	GT4:11
KFLIVGDG:0.2727272727272727	ALLEAMAA:0.45454545454545453	VRGYNAET:0.2727272727272727	AETLGRIA:0.2727272727272727	AALRPEKD:0.36363636363636365	PMALLEAM:0.2727272727272727	AYFGVAEA:0.2727272727272727	GVTGFLVP:0.2727272727272727	SAYFGVAE:0.2727272727272727	NAETLGRI:0.2727272727272727	PVGDVDAL:0.2727272727272727	GYNAETLG:0.2727272727272727	RGYNAETL:0.2727272727272727	LAALRPEK:0.2727272727272727	LEAMAAGR:0.2727272727272727	YNAETLGR:0.2727272727272727	MALLEAMA:0.2727272727272727	YFGVAEAQ:0.2727272727272727	LLEAMAAG:0.2727272727272727	DGVTGFLV:0.2727272727272727	ALRPEKDH:0.36363636363636365	VTGFLVPP:0.2727272727272727	VGGAERHV:0.36363636363636365	AVCTAVGG:0.36363636363636365	VGDVDALA:0.2727272727272727	PAVCTAVG:0.36363636363636365	RPAVCTAV:0.2727272727272727	ETLGRIAA:0.2727272727272727	TSAYFGVA:0.2727272727272727	LVPVGDVD:0.2727272727272727	VPVGDVDA:0.2727272727272727	FTGVRRDV:0.2727272727272727	IIRNGVDP:0.2727272727272727	IRNGVDPA:0.2727272727272727	RIIRNGVD:0.2727272727272727	IALLEAMA:0.2727272727272727	
