cluster number:1882
GT4:21	GT4:21
SETQGMVL:0.5238095238095238	GMVLTEAM:0.23809523809523808	FNGSDFSV:0.42857142857142855	HVGGVARS:0.6666666666666666	LTEAMAAG:0.2857142857142857	ETQGMVLT:0.23809523809523808	THHTLYER:0.23809523809523808	MVLTEAMA:0.23809523809523808	YLPHVGGV:0.42857142857142855	LYERYTHY:0.23809523809523808	VIGHLGRL:0.23809523809523808	VHSHHPFL:0.3333333333333333	LPHVGGVA:0.47619047619047616	AIQNFNGS:0.2857142857142857	QNFNGSDF:0.42857142857142855	TNTYLPHV:0.42857142857142855	LPLVFTHH:0.3333333333333333	VLVVAPEF:0.23809523809523808	PAIQNFNG:0.3333333333333333	VLTEAMAA:0.2857142857142857	YERYTHYV:0.2857142857142857	PHVGGVAR:0.6666666666666666	LVFTHHTL:0.5238095238095238	TLYERYTH:0.23809523809523808	VFTHHTLY:0.5714285714285714	IGHLGRLA:0.23809523809523808	HHTLYERY:0.23809523809523808	NFNGSDFS:0.42857142857142855	SHHPFLLG:0.47619047619047616	NTYLPHVG:0.42857142857142855	TYLPHVGG:0.42857142857142855	IQNFNGSD:0.2857142857142857	VGGVARSV:0.6666666666666666	FTHHTLYE:0.6190476190476191	HTLYERYT:0.23809523809523808	PLVFTHHT:0.6190476190476191	RFVIELAT:0.2857142857142857	QGMVLTEA:0.23809523809523808	ELPLVFTH:0.23809523809523808	ERYTHYVP:0.2857142857142857	TQGMVLTE:0.23809523809523808	HSHHPFLL:0.47619047619047616	RLAPEKNL:0.5714285714285714	GHLGRLAP:0.38095238095238093	IVHSHHPF:0.23809523809523808	LGRLAPEK:0.38095238095238093	HRVLVVAP:0.2857142857142857	HLGRLAPE:0.38095238095238093	DIVHSHHP:0.2857142857142857	GRLAPEKN:0.5714285714285714	PDIVHSHH:0.2857142857142857	HHPFLLGD:0.3333333333333333	FTHHTMYE:0.23809523809523808	QSETQGMV:0.23809523809523808	SQSETQGM:0.23809523809523808	ETQGMVLA:0.23809523809523808	VLAEAMAA:0.2857142857142857	GMVLAEAM:0.23809523809523808	QGMVLAEA:0.23809523809523808	TQGMVLAE:0.23809523809523808	LAEAMAAG:0.23809523809523808	
