cluster number:1298
GT4:9	GT4:9
FILPSHYE:0.3333333333333333	VTYGHKDR:0.2222222222222222	PMLARCGY:0.3333333333333333	FVTYGHKD:0.2222222222222222	KSNQTPGA:0.3333333333333333	IGRLNPQK:0.3333333333333333	ILCNEFRL:0.2222222222222222	ARCGYMHS:0.4444444444444444	GRLNPQKN:0.3333333333333333	HYEGHPKT:0.4444444444444444	ILPSHYEG:0.3333333333333333	HPKTLIEA:0.6666666666666666	LFIGRLNP:0.3333333333333333	SHYEGHPK:0.5555555555555556	LPSHYEGH:0.5555555555555556	IIKSNQTP:0.2222222222222222	GHPKTLIE:0.6666666666666666	LIEAMATG:0.3333333333333333	EVTTPMMR:0.2222222222222222	MLARCGYM:0.3333333333333333	RLNPQKNL:0.3333333333333333	KPMLARCG:0.3333333333333333	EGHPKTLI:0.6666666666666666	NKPMLARC:0.2222222222222222	MHLTLFFT:0.3333333333333333	DLLFIGRL:0.3333333333333333	IEVTTPMM:0.3333333333333333	SLYTKLIP:0.2222222222222222	CGYMHSEF:0.4444444444444444	FIGRLNPQ:0.3333333333333333	KTLIEAMA:0.5555555555555556	LLFIGRLN:0.2222222222222222	IKSNQTPG:0.3333333333333333	IDLLFIGR:0.3333333333333333	YEGHPKTL:0.6666666666666666	AIEVTTPM:0.2222222222222222	GYMHSEFI:0.4444444444444444	SNQTPGAL:0.3333333333333333	PSHYEGHP:0.5555555555555556	YMHSEFIA:0.3333333333333333	RCGYMHSE:0.4444444444444444	PKTLIEAM:0.6666666666666666	LCNEFRLP:0.2222222222222222	TLIEAMAT:0.3333333333333333	LARCGYMH:0.4444444444444444	KEIDLLFI:0.2222222222222222	MHSEFIAN:0.2222222222222222	EIDLLFIG:0.2222222222222222	TPGALTAL:0.2222222222222222	PGALTALA:0.2222222222222222	GALTALAA:0.2222222222222222	ALTALAAA:0.2222222222222222	GIEILCNE:0.3333333333333333	LTALAAAR:0.2222222222222222	EVALYRKY:0.2222222222222222	NQTPGALT:0.2222222222222222	QTPGALTA:0.2222222222222222	REVALYRK:0.2222222222222222	GLPVIGGD:0.2222222222222222	WDSVGMLD:0.2222222222222222	FVLPSHYE:0.3333333333333333	IFVLPSHY:0.2222222222222222	IEILCNER:0.2222222222222222	VLPSHYEG:0.3333333333333333	GIREIISH:0.2222222222222222	SVGMLDRE:0.2222222222222222	DSVGMLDR:0.2222222222222222	PGIREIIS:0.2222222222222222	VIGADSPG:0.2222222222222222	PLIARCGY:0.2222222222222222	IGADSPGI:0.2222222222222222	TLIEAMAC:0.2222222222222222	LIEAMACG:0.2222222222222222	FILPSLYE:0.2222222222222222	ILPSLYEG:0.2222222222222222	LPSLYEGH:0.2222222222222222	PSLYEGHP:0.2222222222222222	SLYEGHPK:0.2222222222222222	DSPGIREI:0.2222222222222222	IFILPSLY:0.2222222222222222	LYEGHPKT:0.2222222222222222	VIPNYVDT:0.2222222222222222	KTNQTPGG:0.2222222222222222	
