cluster number:954
GT4:13	GT4:13
YRLDFGGL:0.46153846153846156	RLMLPFYD:0.3076923076923077	PFYDCCYA:0.3076923076923077	VVHLIYRL:0.3076923076923077	YRHAVVCL:0.3076923076923077	ASGLPVVG:0.23076923076923078	IYRLDFGG:0.46153846153846156	EAMASGLP:0.38461538461538464	ADILRGFD:0.23076923076923078	FYDCCYAN:0.3076923076923077	VERINRMP:0.3076923076923077	PVVGTRVG:0.46153846153846156	PGARTDVA:0.3076923076923077	GSALEAMA:0.3076923076923077	WLPGARTD:0.3076923076923077	LRRLMLPF:0.3076923076923077	GTRVGGVP:0.3076923076923077	INGLHGRD:0.23076923076923078	RRLMLPFY:0.3076923076923077	FGGLETLL:0.38461538461538464	LPVVGTRV:0.46153846153846156	PVRINGLH:0.23076923076923078	SIAEGTPG:0.38461538461538464	GTPGSALE:0.3076923076923077	RVGGVPEV:0.23076923076923078	VRINGLHG:0.23076923076923078	ERINRMPA:0.38461538461538464	VWLPGART:0.3076923076923077	SSIAEGTP:0.38461538461538464	IPLVVHLI:0.3076923076923077	AEGTPGSA:0.3076923076923077	VHLIYRLD:0.46153846153846156	LDFGGLET:0.46153846153846156	IAEGTPGS:0.38461538461538464	VGTRVGGV:0.3076923076923077	LPGARTDV:0.3076923076923077	RTDVADIL:0.3076923076923077	RHAVVCLT:0.3076923076923077	TPGSALEA:0.3076923076923077	AVWLPGAR:0.3076923076923077	ARTDVADI:0.3076923076923077	VADILRGF:0.23076923076923078	LPFYDCCY:0.23076923076923078	PLVVHLIY:0.3076923076923077	QDVKDHAT:0.38461538461538464	ALEAMASG:0.3076923076923077	LVVHLIYR:0.3076923076923077	MLPFYDCC:0.23076923076923078	SALEAMAS:0.3076923076923077	DVKDHATL:0.38461538461538464	EGTPGSAL:0.3076923076923077	GARTDVAD:0.3076923076923077	YDCCYANS:0.3076923076923077	LMLPFYDC:0.23076923076923078	AMASGLPV:0.3076923076923077	VVGTRVGG:0.46153846153846156	GGLETLLV:0.38461538461538464	TDVADILR:0.3076923076923077	GLPVVGTR:0.38461538461538464	LEAMASGL:0.38461538461538464	DVADILRG:0.23076923076923078	PGSALEAM:0.3076923076923077	LIYRLDFG:0.46153846153846156	HLIYRLDF:0.46153846153846156	SGLPVVGT:0.23076923076923078	TRVGGVPE:0.3076923076923077	MASGLPVV:0.23076923076923078	VGGVPEVV:0.23076923076923078	VPVRINGL:0.23076923076923078	RLDFGGLE:0.46153846153846156	NGLHGRDA:0.23076923076923078	DCCYANSA:0.3076923076923077	RINGLHGR:0.23076923076923078	DFGGLETL:0.46153846153846156	DAVWLPGA:0.23076923076923078	VGTRVGGI:0.3076923076923077	LAGVPVRV:0.23076923076923078	TRVGGIPE:0.23076923076923078	VQDVKDHA:0.23076923076923078	LAARHGAA:0.23076923076923078	RVQDVKDH:0.23076923076923078	IVGDGPLL:0.23076923076923078	AARHGAAG:0.23076923076923078	VGRVQDVK:0.23076923076923078	GTRVGGIP:0.3076923076923077	GRVQDVKD:0.23076923076923078	VKDHATLV:0.23076923076923078	LLVDCINR:0.23076923076923078	LVWLPGAR:0.23076923076923078	GLETLLVD:0.23076923076923078	LRLAIVGE:0.23076923076923078	ETLLVDCI:0.23076923076923078	LETLLVDC:0.23076923076923078	RLAIVGEG:0.23076923076923078	TLLVDCIN:0.23076923076923078	
