cluster number:1153
GT4:17	GT4:17
EAMASGLP:0.23529411764705882	VHTHTPIA:0.23529411764705882	LSVALMEA:0.23529411764705882	KILYVTTI:0.23529411764705882	GELNKNKN:0.23529411764705882	REGLSVAL:0.23529411764705882	SYREGLSV:0.23529411764705882	GLSVALME:0.23529411764705882	NAFLIPHI:0.29411764705882354	LITINQED:0.23529411764705882	PSYREGLS:0.23529411764705882	FPSYREGL:0.23529411764705882	MEAMASGL:0.23529411764705882	TAHGFHFY:0.5294117647058824	VNAFLIPH:0.23529411764705882	YDVVHTHT:0.23529411764705882	GFHFYKGA:0.35294117647058826	MKILYVTT:0.4117647058823529	LNKNKNHE:0.23529411764705882	ITINQEDY:0.23529411764705882	YTAHGFHF:0.6470588235294118	DVVHTHTP:0.23529411764705882	IYTAHGFH:0.5294117647058824	AHGFHFYK:0.35294117647058826	VIYTAHGF:0.47058823529411764	TVNAFLIP:0.23529411764705882	HFYKGAPL:0.23529411764705882	ELNKNKNH:0.23529411764705882	EGLSVALM:0.23529411764705882	KVIYTAHG:0.4117647058823529	SVALMEAM:0.23529411764705882	TDLLITIN:0.23529411764705882	HTHTPIAS:0.23529411764705882	VALMEAMA:0.29411764705882354	YREGLSVA:0.23529411764705882	HGFHFYKG:0.35294117647058826	FHFYKGAP:0.29411764705882354	VLLSVGEL:0.23529411764705882	TDVLITIN:0.23529411764705882	
