cluster number:617
GT4:18	GT4:18
PLSWQRRS:0.2222222222222222	RVGAKTVE:0.2222222222222222	AEGFRVLP:0.2222222222222222	AGENALLV:0.2222222222222222	IIRGSGVD:0.2777777777777778	LYRREAPD:0.2777777777777778	APDLVHHV:0.2222222222222222	WYFWSHRL:0.3333333333333333	CGRAIVAT:0.2777777777777778	FEVAVATR:0.2222222222222222	TILQNEDD:0.2222222222222222	AEIAALYR:0.2222222222222222	FRVLPLSW:0.2222222222222222	ILQNEDDR:0.2222222222222222	IVATDVPG:0.3888888888888889	VATDVPGC:0.5	EAAACGRA:0.3333333333333333	SLLEAAAC:0.3888888888888889	LLEAAACG:0.5555555555555556	AALYRREA:0.2222222222222222	EDWYFWSH:0.3333333333333333	VPAVVNAL:0.2777777777777778	VGAKTVEL:0.2222222222222222	WSHRLPMA:0.2777777777777778	LPMARAAR:0.3333333333333333	VESDMASD:0.2222222222222222	TEDWYFWS:0.2777777777777778	AIVATDVP:0.3333333333333333	AGFEVAVA:0.2222222222222222	KSLLEAAA:0.6111111111111112	ASRRLVES:0.2222222222222222	AACGRAIV:0.2777777777777778	EPPEPPVT:0.2222222222222222	PDLVHHVA:0.2222222222222222	ACGRAIVA:0.2777777777777778	RREGLPKS:0.2777777777777778	ENALLVPP:0.2777777777777778	VLPEPPEP:0.2222222222222222	SRRLVESD:0.2222222222222222	ALYRREAP:0.2777777777777778	RVLPLSWQ:0.2222222222222222	VLPLSWQR:0.2222222222222222	MTEDWYFW:0.2222222222222222	FWSHRLPM:0.2777777777777778	RLPMARAA:0.3888888888888889	PEPPEPPV:0.2222222222222222	VPGCREVA:0.3333333333333333	IAALYRRE:0.2222222222222222	EGLPKSLL:0.6111111111111112	REGLPKSL:0.3888888888888889	GRAIVATD:0.3333333333333333	LPEPPEPP:0.2222222222222222	RLVESDMA:0.2222222222222222	RAIVATDV:0.3333333333333333	ATDVPGCR:0.5555555555555556	YFWSHRLP:0.2777777777777778	HRLPMARA:0.3888888888888889	VAEIAALY:0.2222222222222222	DVPGCREV:0.3333333333333333	DRVGAKTV:0.2222222222222222	SRREGLPK:0.2777777777777778	YRREAPDL:0.2222222222222222	PKSLLEAA:0.6666666666666666	AGVPAVVN:0.2222222222222222	EIAALYRR:0.2222222222222222	LEAAACGR:0.5555555555555556	RREAPDLV:0.2222222222222222	GVPAVVNA:0.2777777777777778	SHRLPMAR:0.3333333333333333	GLPKSLLE:0.6111111111111112	EAPDLVHH:0.2222222222222222	EVAVATRV:0.2222222222222222	IEAEGFRV:0.2222222222222222	GFEVAVAT:0.2222222222222222	GFRVLPLS:0.2222222222222222	LPKSLLEA:0.6111111111111112	TDVPGCRE:0.5555555555555556	GENALLVP:0.2222222222222222	REAPDLVH:0.2222222222222222	DWYFWSHR:0.3333333333333333	RRLVESDM:0.2222222222222222	AAACGRAI:0.3333333333333333	GAKTVELY:0.2222222222222222	RIEAEGFR:0.2222222222222222	LPLSWQRR:0.2222222222222222	EGFRVLPL:0.2222222222222222	EAAACGRP:0.2222222222222222	GEGLPKSL:0.2222222222222222	RAARDAGF:0.2777777777777778	ARAARDAG:0.2777777777777778	DVPGCREI:0.2222222222222222	
