cluster number:1244
GT4:65	GT4:65
HFTNDARV:0.7076923076923077	LLYQGGLQ:0.26153846153846155	HANDLNTL:0.2	SNKLFEYM:0.47692307692307695	ENHTRAKY:0.4461538461538462	NHTRAKYN:0.27692307692307694	LQQGRGLE:0.2153846153846154	WNHFTNDA:0.7076923076923077	AYLGFQVL:0.5230769230769231	YSASSNKL:0.8307692307692308	HTRAKYNE:0.27692307692307694	SSNKLFEY:0.8615384615384616	VENHTRAK:0.3230769230769231	LYQGGLQQ:0.23076923076923078	IAINDPKN:0.2153846153846154	FTNDARVN:0.2	LIYDSHEV:0.4461538461538462	NDLNTLPQ:0.6615384615384615	NHFTNDAR:0.7076923076923077	HYSASSNK:0.8307692307692308	MFVWNHFT:0.676923076923077	MIVENHTR:0.26153846153846155	CFNHYSAS:0.8153846153846154	TRAKYNED:0.24615384615384617	ICFNHYSA:0.2153846153846154	GGLQQGRG:0.23076923076923078	IYDSHEVQ:0.46153846153846156	KILLYQGG:0.46153846153846156	EKILLYQG:0.4461538461538462	ARVNRECT:0.2	YQGGLQQG:0.23076923076923078	VWNHFTND:0.7076923076923077	NKLFEYMM:0.38461538461538464	DEKILLYQ:0.23076923076923078	SASSNKLF:0.8461538461538461	IVENHTRA:0.27692307692307694	QGGLQQGR:0.23076923076923078	NICFNHYS:0.2153846153846154	GLQQGRGL:0.23076923076923078	ILLYQGGL:0.27692307692307694	LIAINDPK:0.2153846153846154	NHYSASSN:0.8307692307692308	ASSNKLFE:0.8615384615384616	FNHYSASS:0.8307692307692308	FVWNHFTN:0.676923076923077	ANDLNTLP:0.2	DARVNREC:0.2	NDARVNRE:0.2	VHRVKRYP:0.3230769230769231	TNDARVNR:0.2	NNVCFNHY:0.4	LFEYMMSG:0.2	ACSFPEIQ:0.24615384615384617	IGDGRIKP:0.26153846153846155	VDLICIHD:0.27692307692307694	TSRTGYNS:0.27692307692307694	ILLYQGGI:0.47692307692307695	YDSHEVQT:0.676923076923077	RECTALAE:0.2153846153846154	QTSRTGYN:0.3076923076923077	FEYMMSGV:0.2	FQVLNNVC:0.36923076923076925	VVACSFPE:0.23076923076923078	NVCFNHYS:0.6153846153846154	SHEVQTSR:0.49230769230769234	FIGDGRIK:0.35384615384615387	RVLRECTA:0.38461538461538464	HEVQTSRT:0.49230769230769234	VPVVACSF:0.2153846153846154	NAYLGFQV:0.38461538461538464	YTKNAYLG:0.35384615384615387	DARVLREC:0.46153846153846156	VLRECTAL:0.38461538461538464	LYGFYPKV:0.2153846153846154	KLFEYMMS:0.23076923076923078	TNDARVLR:0.46153846153846156	FTNDARVL:0.46153846153846156	DLNTLPQG:0.5230769230769231	VFIGDGRI:0.35384615384615387	VQTSRTGY:0.47692307692307695	YMMSGVPV:0.2	LLYQGGIQ:0.47692307692307695	KVCMFVWN:0.2	EVQTSRTG:0.47692307692307695	GFQVLNNV:0.36923076923076925	HYTKNAYL:0.2153846153846154	TKNAYLGF:0.35384615384615387	QVLNNVCF:0.36923076923076925	NDARVLRE:0.47692307692307695	VCFNHYSA:0.6153846153846154	PVVACSFP:0.23076923076923078	GDGRIKPE:0.2	EYMMSGVP:0.2	SNDLNTLP:0.46153846153846156	EPILLYQG:0.3384615384615385	KLIYDSHE:0.3230769230769231	DGRIKPEL:0.2	ARVLRECT:0.4153846153846154	HSNDLNTL:0.5538461538461539	VCMFVWNH:0.3230769230769231	DSHEVQTS:0.49230769230769234	YHSNDLNT:0.5538461538461539	VACSFPEI:0.24615384615384617	YLGFQVLN:0.4153846153846154	PILLYQGG:0.3384615384615385	CMFVWNHF:0.35384615384615387	MSGVPVVA:0.2	LNNVCFNH:0.4	SGVPVVAC:0.2	KNAYLGFQ:0.35384615384615387	VLNNVCFN:0.36923076923076925	KKLIYDSH:0.3076923076923077	LGFQVLNN:0.4153846153846154	IYHSNDLN:0.4153846153846154	LQNVCFNH:0.2153846153846154	VLQNVCFN:0.2153846153846154	DIYHSNDL:0.38461538461538464	SNKLFEYI:0.3076923076923077	KLFEYIMA:0.26153846153846155	VYDSHEVQ:0.38461538461538464	QVLQNVCF:0.2153846153846154	FQVLQNVC:0.2153846153846154	LNTLPQGI:0.2153846153846154	GFQVLQNV:0.2	LVYDSHEV:0.3076923076923077	VGFQVLQN:0.23076923076923078	QNVCFNHY:0.2153846153846154	NKLFEYIM:0.3384615384615385	VKFLPKVP:0.2153846153846154	RKKLIYDS:0.2	YDIYHSND:0.26153846153846155	DEPILLYQ:0.2	
