cluster number:270
GT4:30	GT4:30
HALRQWDQ:0.2	LIRWQLHA:0.2	CAVAASDP:0.26666666666666666	LVISSSHL:0.43333333333333335	LHALRQWD:0.2	LVVEAFNR:0.2	PVIGLGRG:0.26666666666666666	AFVYAGLE:0.2	VVEAFNRL:0.2	AERFRPEA:0.23333333333333334	LLDTVRCA:0.3333333333333333	WQLHALRQ:0.2	AVAASDPA:0.2	LPLLVVGD:0.2	QQYLPLLP:0.5333333333333333	VHTPVRYA:0.5	WDQLSAQR:0.26666666666666666	NSRFTARR:0.43333333333333335	DFGIAPVE:0.6666666666666666	LDTVRCAA:0.2	GIAPVEAM:0.6	QLSAQRVD:0.26666666666666666	RGGLLDTV:0.3333333333333333	RFTARRIR:0.23333333333333334	LEDFGIAP:0.4	AGAPVIGL:0.2	RIALVHEW:0.23333333333333334	LSAQRVDH:0.26666666666666666	IRWQLHAL:0.2	FTPRSTGG:0.2	GLGPLIRW:0.3333333333333333	DLVVEAFN:0.2	MAAGAPVI:0.36666666666666664	AALVDGES:0.23333333333333334	IGLGRGGL:0.26666666666666666	ISYVHTPV:0.23333333333333334	YAWDQMHA:0.36666666666666664	RLVPYKRV:0.4	RAFVYAGL:0.2	DQLSAQRV:0.26666666666666666	VISSSHLV:0.43333333333333335	ALRQWDQL:0.2	VYAGLEDF:0.3	TVRCAAAG:0.2	GAPVIGLG:0.26666666666666666	PLIRWQLH:0.43333333333333335	PVEAMAAG:0.3	PDQLHISY:0.23333333333333334	AIEQIDLG:0.2	YVHTPVRY:0.5	QWDQLSAQ:0.26666666666666666	FVYAGLED:0.2	LAALVDGE:0.23333333333333334	TPRSTGGA:0.2	APVIGLGR:0.26666666666666666	YAGLEDFG:0.3	RRGLGPLI:0.2	DTVRCAAA:0.2	WFTPRSTG:0.2	VEAMAAGA:0.36666666666666664	VRYAWDQM:0.5666666666666667	SHVQQYLP:0.5333333333333333	LGPLIRWQ:0.3333333333333333	HEWFTPRS:0.3333333333333333	ALVHEWFT:0.3333333333333333	PVRYAWDQ:0.5666666666666667	SYVHTPVR:0.5	CRAFVYAG:0.26666666666666666	ANSRFTAR:0.4666666666666667	HISYVHTP:0.23333333333333334	APVEAMAA:0.3	VHEWFTPR:0.3333333333333333	VDLVVEAF:0.2	RWQLHALR:0.2	AFNRLGLP:0.23333333333333334	FNRLGLPL:0.23333333333333334	FGIAPVEA:0.7	LVHEWFTP:0.3333333333333333	DQLHISYV:0.2	PYKRVDLV:0.4	LHISYVHT:0.23333333333333334	GLGRGGLL:0.3	AMAAGAPV:0.36666666666666664	SRFTARRI:0.43333333333333335	GRGGLLDT:0.3333333333333333	VQQYLPLL:0.5333333333333333	IALVHEWF:0.4	VPYKRVDL:0.4	SAQRVDHL:0.26666666666666666	KRVDLVVE:0.2	AAGAPVIG:0.23333333333333334	IANSRFTA:0.23333333333333334	RQWDQLSA:0.3	EDFGIAPV:0.6666666666666666	ERFRPEAF:0.23333333333333334	VVGDGPER:0.3	LVPYKRVD:0.4	WAERFRPE:0.23333333333333334	EWFTPRST:0.2	AWDQMHAY:0.36666666666666664	QLHALRQW:0.2	AGLEDFGI:0.3333333333333333	GLLDTVRC:0.36666666666666664	PLLVVGDG:0.2	LTSPDQLH:0.26666666666666666	GPLIRWQL:0.4	TPVRYAWD:0.5666666666666667	RVDLVVEA:0.2	RGLGPLIR:0.2	PRSTGGAE:0.2	WDQMHAYL:0.36666666666666664	YKRVDLVV:0.3333333333333333	IAPVEAMA:0.6	LIANSRFT:0.23333333333333334	RYAWDQMH:0.43333333333333335	HVQQYLPL:0.5333333333333333	EAMAAGAP:0.36666666666666664	QLHISYVH:0.23333333333333334	GLEDFGIA:0.36666666666666664	LGRGGLLD:0.3333333333333333	LRQWDQLS:0.5	HTPVRYAW:0.5666666666666667	CRLVPYKR:0.4	GGLLDTVR:0.36666666666666664	VIGLGRGG:0.26666666666666666	LLANSRFT:0.2	SSSHLVAK:0.43333333333333335	SSHLVAKG:0.43333333333333335	LLPLAIEQ:0.3	HLVAKGVL:0.4	QYLPLLPL:0.3	QLHVSYVH:0.2	YLPLLPLA:0.3	HVSYVHTP:0.2	LPLLPLAI:0.3	ISSSHLVA:0.4	LVAKGVLT:0.4	SHLVAKGV:0.4	LHVSYVHT:0.2	PLLPLAIE:0.3	LANSRFTA:0.2	ALVHEWFS:0.2	APVEAMAS:0.26666666666666666	EAMASGAP:0.26666666666666666	AMASGAPV:0.26666666666666666	PVEAMASG:0.26666666666666666	VEAMASGA:0.26666666666666666	YLCLCRLV:0.3	LCRLVPYK:0.23333333333333334	GISHVQQY:0.2	CLCRLVPY:0.23333333333333334	LCLCRLVP:0.3	VTLLGRQS:0.2	ISHVQQYL:0.2	MASGAPVI:0.23333333333333334	
