cluster number:753
GT4:133	GT4:133|GT2:1
ITSNLSSL:0.39097744360902253	PVLEAMAC:0.5413533834586466	LVFPSLWE:0.5488721804511278	ALVFPSLW:0.5488721804511278	MACGTPVI:0.5639097744360902	LWEGFGLP:0.46616541353383456	DLIPLRFP:0.5037593984962406	VHDLIPLR:0.42857142857142855	EGFGLPVL:0.38345864661654133	WEGFGLPV:0.37593984962406013	FPSLWEGF:0.6165413533834586	SNLSSLPE:0.38345864661654133	NLSSLPEV:0.38345864661654133	LPVLEAMA:0.2932330827067669	CGTPVITS:0.6992481203007519	VITSNLSS:0.41353383458646614	IALVFPSL:0.3383458646616541	GTPVITSN:0.6992481203007519	VFPSLWEG:0.5939849624060151	PSLWEGFG:0.6842105263157895	PVITSNLS:0.41353383458646614	LEAMACGT:0.5714285714285714	VLEAMACG:0.5338345864661654	GFGLPVLE:0.38345864661654133	SLWEGFGL:0.40601503759398494	TPVITSNL:0.45864661654135336	EAMACGTP:0.5789473684210527	AIALVFPS:0.3533834586466165	TSNLSSLP:0.38345864661654133	FGLPVLEA:0.38345864661654133	AMACGTPV:0.5639097744360902	ACGTPVIT:0.6165413533834586	KITPIPLA:0.20300751879699247	GLPVLEAM:0.3383458646616541	HDLIPLRF:0.5338345864661654	GFGFPVLE:0.3684210526315789	WEGFGFPV:0.3383458646616541	FGFPVLEA:0.3458646616541353	ICNSQATA:0.2706766917293233	FSPLPEAP:0.22556390977443608	LIPLRFPK:0.24060150375939848	LWEGFGFP:0.3383458646616541	GDAAILIN:0.2631578947368421	EGFGFPVL:0.3684210526315789	HIICNSQA:0.24812030075187969	YFLYIGRQ:0.21052631578947367	SSLPEVAG:0.44360902255639095	AAILINPY:0.3007518796992481	AGDAAILI:0.24812030075187969	SLPEVAGD:0.41353383458646614	VAGDAAIL:0.3308270676691729	FPVLEAMA:0.24060150375939848	SLWEGFGF:0.3082706766917293	NYFLYIGR:0.24060150375939848	GFPVLEAM:0.3007518796992481	LSSLPEVA:0.2556390977443609	DAAILINP:0.2857142857142857	PEVAGDAA:0.42105263157894735	EVAGDAAI:0.3308270676691729	IICNSQAT:0.24812030075187969	LPEVAGDA:0.39849624060150374	PYFLYLGR:0.23308270676691728	MVHDLIPL:0.23308270676691728	QFSWEKTG:0.23308270676691728	VMVHDLIP:0.22556390977443608	DYELWLAG:0.21052631578947367	YELWLAGP:0.2556390977443609	
