cluster number:1010
GT4:29	GT4:29
GFGLPAGE:0.6206896551724138	LLSYRSNP:0.2413793103448276	FGLPAGEA:0.6206896551724138	CLLSYRSN:0.20689655172413793	HHPITVDR:0.27586206896551724	PEVVGDAG:0.4827586206896552	ATVHHPIT:0.2413793103448276	EVVGDAGV:0.2413793103448276	EGFGLPAG:0.6206896551724138	LPEVVGDA:0.5517241379310345	YEGFGLPA:0.7586206896551724	GHSVDVIS:0.20689655172413793	HSVDVISG:0.20689655172413793	YDIVHDNQ:0.20689655172413793	SLYEGFGL:0.4827586206896552	GGALPEVV:0.6206896551724138	AMACGVPV:0.27586206896551724	GEAMACGV:0.27586206896551724	LYEGFGLP:0.4827586206896552	ALPEVVGD:0.4827586206896552	GLPAGEAM:0.5517241379310345	NQSLCYGL:0.27586206896551724	LPAGEAMA:0.5517241379310345	VVPSLYEG:0.2413793103448276	PSLYEGFG:0.5172413793103449	PAGEAMAC:0.5517241379310345	EAMACGVP:0.3448275862068966	AGEAMACG:0.4827586206896552	AVVPSLYE:0.2413793103448276	DNQSLCYG:0.27586206896551724	GALPEVVG:0.5862068965517241	VPSLYEGF:0.2413793103448276	HDNQSLCY:0.27586206896551724	SVYEGFGL:0.2413793103448276	PSVYEGFG:0.2413793103448276	ICLLGYRS:0.2413793103448276	VPSVYEGF:0.20689655172413793	VYEGFGLP:0.2413793103448276	VISGQPYP:0.2413793103448276	ADQPLKGL:0.20689655172413793	SADQPLKG:0.20689655172413793	DVISGQPY:0.2413793103448276	VDVISGQP:0.2413793103448276	VATIHHPI:0.2413793103448276	PHCGGQGV:0.20689655172413793	SGPPYPEL:0.20689655172413793	HCGGQGVY:0.20689655172413793	ATIHHPIT:0.2413793103448276	GHQVDVIS:0.20689655172413793	YLSKALVD:0.20689655172413793	QSLCYGLL:0.2413793103448276	IIHDNQSL:0.20689655172413793	VDVISGPP:0.20689655172413793	LLGYRSHP:0.2413793103448276	HQVDVISG:0.20689655172413793	SDGGALPE:0.2413793103448276	DGGALPEV:0.3448275862068966	IAVVPSLY:0.20689655172413793	SSDQPLKG:0.20689655172413793	YDIIHDNQ:0.27586206896551724	LHYLSKAL:0.2413793103448276	YLHYLSKA:0.2413793103448276	FAEPYTFG:0.2413793103448276	CPSLYEGF:0.20689655172413793	GGFAEPYT:0.20689655172413793	EPYTFGRR:0.27586206896551724	DQPLKGLR:0.2413793103448276	GFAEPYTF:0.20689655172413793	AEPYTFGR:0.2413793103448276	EVVGDAGI:0.20689655172413793	
