cluster number:2075
GT4:39	GT4:39
MDEDFGMT:0.28205128205128205	VAIFHDYF:0.20512820512820512	AIFHDYFG:0.38461538461538464	NRLYPEKR:0.5128205128205128	TAMDEDFG:0.3333333333333333	VNRLYPEK:0.5128205128205128	DFWLSVNR:0.4358974358974359	LSVNRLYP:0.5128205128205128	IPPLKQIS:0.20512820512820512	PPLKQISA:0.38461538461538464	WLSVNRLY:0.5128205128205128	AMDEDFGM:0.28205128205128205	RAFYDLYD:0.23076923076923078	PLKQISAS:0.3076923076923077	SVNRLYPE:0.5128205128205128	DEDFGMTP:0.358974358974359	GDFWLSVN:0.4358974358974359	KIPPLKQI:0.20512820512820512	FWLSVNRL:0.48717948717948717	ASGKPVVA:0.358974358974359	VEAMASGK:0.48717948717948717	MASGKPVV:0.38461538461538464	PVEAMASG:0.41025641025641024	AMASGKPV:0.717948717948718	SGKPVVAV:0.3076923076923077	EAMASGKP:0.7435897435897436	SKGDHAKS:0.20512820512820512	NEGGFKET:0.3076923076923077	CKEYGDFW:0.23076923076923078	GGYSKGDH:0.20512820512820512	GGGEKLVL:0.358974358974359	CHTPTRAF:0.28205128205128205	KFTCKEYG:0.20512820512820512	YGDFWLSV:0.38461538461538464	FAAKKHKP:0.28205128205128205	TPTRAFYD:0.28205128205128205	KKHKPNLY:0.2564102564102564	ICTAMDED:0.2564102564102564	MASGKPVI:0.3333333333333333	IFHDYFGA:0.358974358974359	KGDHAKSY:0.20512820512820512	DFFIFSGN:0.358974358974359	TRAFYDLY:0.3076923076923077	KLIIVGGY:0.20512820512820512	KEYGDFWL:0.28205128205128205	TPVEAMAS:0.38461538461538464	EKLIIVGG:0.20512820512820512	GDHAKSYA:0.23076923076923078	KIVTNSKN:0.20512820512820512	ASGKPVIA:0.2564102564102564	GYSKGDHA:0.20512820512820512	ADVITTDL:0.23076923076923078	IVGGYSKG:0.20512820512820512	YDFFIFSG:0.358974358974359	YSKGDHAK:0.20512820512820512	KPNLYYCH:0.2564102564102564	EYGDFWLS:0.3076923076923077	AVNEGGFK:0.28205128205128205	IGGGEKLV:0.358974358974359	FGAIGGGE:0.358974358974359	VNEGGFKE:0.28205128205128205	EDFGMTPV:0.3333333333333333	ISIFFRIW:0.20512820512820512	HTPTRAFY:0.28205128205128205	GEKLVLML:0.23076923076923078	GAIGGGEK:0.38461538461538464	FGMTPVEA:0.3333333333333333	VGGYSKGD:0.23076923076923078	HDYFGAIG:0.38461538461538464	FTCKEYGD:0.20512820512820512	NLYYCHTP:0.2564102564102564	FFIFSGNW:0.38461538461538464	TCKEYGDF:0.20512820512820512	AKKHKPNL:0.2564102564102564	YYCHTPTR:0.28205128205128205	PTRAFYDL:0.3076923076923077	GGEKLVLM:0.23076923076923078	HKPNLYYC:0.2564102564102564	MTPVEAMA:0.3333333333333333	EKLVLMLA:0.23076923076923078	CTAMDEDF:0.28205128205128205	RLYPEKRV:0.3076923076923077	AIGGGEKL:0.28205128205128205	SKFTCKEY:0.20512820512820512	DVITTDLN:0.23076923076923078	PNLYYCHT:0.2564102564102564	VCKIVTNS:0.20512820512820512	YCHTPTRA:0.28205128205128205	YFGAIGGG:0.358974358974359	LYYCHTPT:0.2564102564102564	DFGMTPVE:0.3333333333333333	NADVITTD:0.2564102564102564	GMTPVEAM:0.3333333333333333	DYFGAIGG:0.38461538461538464	IVTNSKNT:0.20512820512820512	FHDYFGAI:0.38461538461538464	LYPEKRVE:0.3076923076923077	IFSGNWAH:0.23076923076923078	AAKKHKPN:0.28205128205128205	EGGFKETV:0.3333333333333333	KLVLMLAK:0.23076923076923078	FIFSGNWA:0.41025641025641024	KHKPNLYY:0.2564102564102564	SIFFRIWV:0.23076923076923078	AEVIYPPV:0.20512820512820512	MKIAIFHD:0.23076923076923078	RCRGFICT:0.20512820512820512	DAEVIYPP:0.20512820512820512	CRGFICTA:0.23076923076923078	KIAIFHDY:0.20512820512820512	EVIYPPVE:0.20512820512820512	YPEKRIEL:0.20512820512820512	PEKRIELQ:0.20512820512820512	
