cluster number:2195
GT4:14	GT4:14
LGRVDDMP:0.5	DILRIGGG:0.5	LSEALAAR:0.21428571428571427	RVRFLGRV:0.35714285714285715	LVFGMGKT:0.21428571428571427	GGAESFAW:0.35714285714285715	TAATNFAL:0.35714285714285715	EALAARGH:0.21428571428571427	QDILRIGG:0.5	SFKMLRRR:0.21428571428571427	EALACGCR:0.35714285714285715	SSALNGSA:0.21428571428571427	AESFAWRL:0.35714285714285715	SEALAARG:0.21428571428571427	LSRYGGAE:0.35714285714285715	RLSEALAA:0.21428571428571427	SRYGGAES:0.21428571428571427	RGHEVDFI:0.35714285714285715	SFAWRLSE:0.21428571428571427	RLAVTMPR:0.21428571428571427	TNFALKGV:0.5	AATNFALK:0.35714285714285715	FYDACSNA:0.6428571428571429	VDFICARC:0.21428571428571427	VDDMPAFY:0.2857142857142857	RYGGAESF:0.21428571428571427	LRIGGGPI:0.35714285714285715	PRLSRYGG:0.2857142857142857	GHEVDFIC:0.35714285714285715	ALACGCRS:0.21428571428571427	GFARSFKM:0.21428571428571427	DFICARCE:0.21428571428571427	SFYDACSN:0.21428571428571427	DRVRFLGR:0.2857142857142857	ESFAWRLS:0.2857142857142857	YDLVFGMG:0.21428571428571427	RWVFPDPA:0.21428571428571427	MPRLSRYG:0.21428571428571427	GAESFAWR:0.35714285714285715	NFALKGVR:0.2857142857142857	RSFKMLRR:0.21428571428571427	YGGAESFA:0.35714285714285715	LNQDILRI:0.2857142857142857	ARSFKMLR:0.21428571428571427	RFLGRVDD:0.35714285714285715	ILRIGGGP:0.42857142857142855	AVTMPRLS:0.21428571428571427	DLVFGMGK:0.21428571428571427	VRFLGRVD:0.35714285714285715	RVDDMPAF:0.2857142857142857	HEVDFICA:0.21428571428571427	NQDILRIG:0.42857142857142855	GRVDDMPA:0.35714285714285715	RIGGGPIS:0.35714285714285715	LEALACGC:0.35714285714285715	VIYNRPDL:0.35714285714285715	AWRLSEAL:0.21428571428571427	FKMLRRRL:0.2857142857142857	EVDFICAR:0.21428571428571427	FAWRLSEA:0.21428571428571427	WVFPDPAD:0.21428571428571427	ATNFALKG:0.35714285714285715	FLGRVDDM:0.6428571428571429	WRLSEALA:0.21428571428571427	RLSRYGGA:0.2857142857142857	AVLEALAC:0.5	YDACSNAV:0.5714285714285714	CSNAVLEA:0.6428571428571429	DACSNAVL:0.5714285714285714	ATFYDACS:0.21428571428571427	IYNRPDLS:0.21428571428571427	ACSNAVLE:0.5714285714285714	IGTAATNF:0.21428571428571427	LATFYDAC:0.21428571428571427	TFYDACSN:0.5	SNAVLEAL:0.5714285714285714	VIGTAATN:0.21428571428571427	NAVLEALA:0.5714285714285714	PVVVGRFG:0.21428571428571427	RLARELGV:0.21428571428571427	VLEALACG:0.6428571428571429	VVVGRFGG:0.21428571428571427	VLHVAGGR:0.21428571428571427	VVIGTAAT:0.21428571428571427	GTAATNFA:0.21428571428571427	VAGGRNPG:0.21428571428571427	NGSSYFLP:0.21428571428571427	DNGSSYFL:0.21428571428571427	YGGVEQFA:0.21428571428571427	LPRLGRYG:0.21428571428571427	ALAQRGHE:0.21428571428571427	QRGHEVDF:0.21428571428571427	PRLGRYGG:0.21428571428571427	LAQRGHEV:0.21428571428571427	NTFYDACS:0.21428571428571427	LNTFYDAC:0.2857142857142857	AQRGHEVD:0.21428571428571427	EALACGLP:0.21428571428571427	LEALACGL:0.21428571428571427	RVRFLGKV:0.21428571428571427	
