cluster number:650
GT4:91	GT4:91
TFPSYREG:0.27472527472527475	NINGCNEI:0.38461538461538464	INGCNEII:0.6263736263736264	PNVVMQAG:0.32967032967032966	IVHTHTPK:0.25274725274725274	LTFPSYRE:0.2087912087912088	VVMQAGAM:0.2967032967032967	RLHTVAGL:0.2857142857142857	IVTNINGC:0.23076923076923078	GSSNGIDT:0.25274725274725274	SYREGFPN:0.8571428571428571	HTHTPKAG:0.26373626373626374	FPSYREGF:0.8021978021978022	PSYREGFP:0.8571428571428571	LHTVAGLP:0.27472527472527475	TNINGCNE:0.23076923076923078	VHTHTPKA:0.26373626373626374	DKGINELI:0.2857142857142857	VTNINGCN:0.23076923076923078	GFPNVVMQ:0.4175824175824176	HTVAGLPL:0.27472527472527475	YREGFPNV:0.8241758241758241	EGFPNVVM:0.4175824175824176	QAGAMGLP:0.24175824175824176	REGFPNVV:0.7582417582417582	NVVMQAGA:0.3076923076923077	FPNVVMQA:0.4175824175824176	VFPSYREG:0.43956043956043955	LVFPSYRE:0.37362637362637363	EGFPNVVL:0.34065934065934067	GFPNVVLQ:0.2087912087912088	SITPKAGL:0.2087912087912088	HSITPKAG:0.2087912087912088	ITPKAGLL:0.2087912087912088	GDKGINEL:0.2087912087912088	HTFTGLIF:0.21978021978021978	TFTGLIFP:0.21978021978021978	VGDKGINE:0.2087912087912088	ALVFPSYR:0.2087912087912088	DINGCNEI:0.31868131868131866	
