cluster number:2102
GT4:15	GT4:15
IIGDGPEK:0.2	VGRLIKHK:0.2	EANAAGLP:0.2	IFVGRLIK:0.2	LEANAAGL:0.2	FVGRLIKH:0.2	GRLIKHKN:0.2	YPEVKGGV:0.26666666666666666	WHEYWGEY:0.2	NVEFLGFL:0.2	PEVKGGVE:0.26666666666666666	VVLEANAS:0.2	SLREGFGI:0.3333333333333333	IITWHEYW:0.2	KHEVHWYT:0.26666666666666666	HEYWGEYW:0.2	ITWHEYWG:0.4	PSLREGFG:0.3333333333333333	ANASGIPV:0.26666666666666666	LEANASGI:0.26666666666666666	SGIPVVTV:0.26666666666666666	VLEANASG:0.2	TWHEYWGE:0.2	ALYPEVKG:0.26666666666666666	YELGKRLA:0.2	NASGIPVV:0.26666666666666666	HEVHWYTF:0.26666666666666666	YDALYPEV:0.26666666666666666	FIYDALYP:0.26666666666666666	IYDALYPE:0.26666666666666666	LYPEVKGG:0.26666666666666666	ASGIPVVT:0.26666666666666666	IIGDGPER:0.26666666666666666	FPSLREGF:0.2	DALYPEVK:0.26666666666666666	EANASGIP:0.26666666666666666	RLARKHEV:0.26666666666666666	VDCQEFPY:0.3333333333333333	PSIREGFG:0.2	ARKHEVHW:0.26666666666666666	LARKHEVH:0.26666666666666666	FGIAVLEA:0.2	RYDAVFVG:0.2	KSSRVFAF:0.2	EVKGGVER:0.2	VVDCQEFP:0.2	VERRLYEL:0.2	RKHEVHWY:0.2	FPYLHAYP:0.2	REGFGIAV:0.26666666666666666	QEFPYLHA:0.2	SSRVFAFP:0.2	EGFGIAVL:0.2	AFIYDALY:0.2	CQEFPYLH:0.2	PYLHAYPS:0.2	YDAVFVGR:0.2	EFPYLHAY:0.2	KGGVERRL:0.26666666666666666	ERRLYELG:0.2	DCQEFPYL:0.26666666666666666	GGVERRLY:0.26666666666666666	RIAFIYDA:0.2	GFGIAVLE:0.2	LERYYKGV:0.26666666666666666	VKGGVERR:0.2	YDVVDCQE:0.2	IAFIYDAL:0.2	SRVFAFPS:0.2	DAVFVGRL:0.2	GVERRLYE:0.26666666666666666	MRIAFIYD:0.2	DVVDCQEF:0.2	VITWHEYW:0.2	FVITWHEY:0.2	
