cluster number:726
GT4:6	GT4:6
VFALDKDG:0.3333333333333333	PSVKEGWG:0.3333333333333333	HYQINAPR:0.3333333333333333	WGLVILEA:0.3333333333333333	HFVRTVHH:0.3333333333333333	GLVILEAI:0.3333333333333333	NAPRVING:0.3333333333333333	AGGATLFD:0.6666666666666666	LTVGGIEP:0.6666666666666666	TKPRGSVI:0.6666666666666666	LLTYSTKP:0.3333333333333333	IPHFVRTV:0.3333333333333333	RGSVIHTL:0.6666666666666666	GWGLVILE:0.3333333333333333	ALLTYSTK:0.3333333333333333	FPSVKEGW:0.3333333333333333	TYSTKPRG:0.6666666666666666	FVRTVHHI:0.3333333333333333	GGIEPRKN:0.8333333333333334	INAPRVIN:0.3333333333333333	RTVHHIED:0.3333333333333333	PRVINGVN:0.3333333333333333	SVIHTLEL:0.6666666666666666	IALLTYST:0.3333333333333333	KIALLTYS:0.3333333333333333	LELAEALH:0.3333333333333333	YSTKPRGS:0.6666666666666666	GGATLFDY:0.6666666666666666	TVGGIEPR:0.6666666666666666	LVIAGGAT:0.5	QPPFTEFL:0.3333333333333333	PRGSVIHT:0.6666666666666666	AQLVIAGG:0.5	PIYLTVGG:0.6666666666666666	KGFDYPLS:0.3333333333333333	YLTVGGIE:0.6666666666666666	SIREASLC:0.5	RSIREASL:0.5	QAQLVIAG:0.5	VRTVHHIE:0.5	GFDYPLSC:0.3333333333333333	GATLFDYQ:0.6666666666666666	VIHTLELA:0.6666666666666666	LTYSTKPR:0.3333333333333333	IHTLELAE:0.5	YQINAPRV:0.3333333333333333	GIEPRKNS:0.8333333333333334	VILEAIAS:0.3333333333333333	ALDKDGKG:0.5	MKIALLTY:0.3333333333333333	EGWGLVIL:0.3333333333333333	IYLTVGGI:0.6666666666666666	IEPRKNSI:0.8333333333333334	LVILEAIA:0.3333333333333333	DKDGKGFD:0.3333333333333333	FALDKDGK:0.3333333333333333	TLELAEAL:0.3333333333333333	IAGGATLF:0.6666666666666666	HTLELAEA:0.5	DRSIREAS:0.5	PQAQLVIA:0.5	CQDRSIRE:0.5	QLVIAGGA:0.5	VKEGWGLV:0.3333333333333333	STKPRGSV:0.6666666666666666	RVINGVNL:0.3333333333333333	LDKDGKGF:0.5	GSVIHTLE:0.6666666666666666	QDRSIREA:0.5	DGKGFDYP:0.3333333333333333	SVKEGWGL:0.3333333333333333	KDGKGFDY:0.3333333333333333	KEGWGLVI:0.5	HHYQTLLY:0.3333333333333333	GKGFDYPL:0.3333333333333333	DCYHAQDC:0.3333333333333333	QINAPRVI:0.3333333333333333	ANALAILR:0.3333333333333333	PHFVRTVH:0.3333333333333333	ADVFVFPS:0.3333333333333333	APRVINGV:0.3333333333333333	KPRGSVIH:0.6666666666666666	HYQTLLYA:0.3333333333333333	VIAGGATL:0.5	VGGIEPRK:0.6666666666666666	SANALAIL:0.3333333333333333	WGLVVLEA:0.3333333333333333	GLHGSPIY:0.3333333333333333	SPIYLTVG:0.5	GLVVLEAI:0.3333333333333333	EAIASGLP:0.5	GSPIYLTV:0.5	HGSPIYLT:0.3333333333333333	LFDYQAYR:0.3333333333333333	PRKNSIRL:0.3333333333333333	DIYHAQDC:0.3333333333333333	TLFDYQAY:0.3333333333333333	PDLCLCVS:0.3333333333333333	KEGWGLVV:0.5	YHAQDCIS:0.3333333333333333	RKNSIRLL:0.3333333333333333	LHGSPIYL:0.3333333333333333	LQQCQDRS:0.3333333333333333	EPRKNSIR:0.3333333333333333	LVVLEAIA:0.3333333333333333	QQCQDRSI:0.3333333333333333	GWGLVVLE:0.3333333333333333	EGWGLVVL:0.3333333333333333	QCQDRSIR:0.3333333333333333	IYHAQDCI:0.3333333333333333	YLQQCQDR:0.3333333333333333	LEAIASGL:0.3333333333333333	FVFPSIKE:0.3333333333333333	RSADAFVF:0.3333333333333333	FPSIKEGW:0.3333333333333333	SIKEGWGL:0.3333333333333333	HAQDCIAA:0.3333333333333333	PSIKEGWG:0.3333333333333333	PALYRSAD:0.3333333333333333	YRSADAFV:0.3333333333333333	REASLCLC:0.3333333333333333	IREASLCL:0.3333333333333333	LYRSADAF:0.3333333333333333	TLFDYQSY:0.3333333333333333	ATLFDYQS:0.3333333333333333	SADAFVFP:0.3333333333333333	ASLCLCVS:0.3333333333333333	LFDYQSYR:0.3333333333333333	VFPSIKEG:0.3333333333333333	IKEGWGLV:0.3333333333333333	ALYRSADA:0.3333333333333333	ADAFVFPS:0.3333333333333333	EASLCLCV:0.3333333333333333	LPALYRSA:0.3333333333333333	
