cluster number:2265
GT4:90	GT4:90
IFIGAMDN:0.24444444444444444	INLPLLRR:0.2222222222222222	IGAMDNLA:0.32222222222222224	RTFNLLKY:0.3888888888888889	TRGGTQVR:0.34444444444444444	TQVRTFNL:0.43333333333333335	FIGAMDNL:0.32222222222222224	CVVPMRTG:0.2222222222222222	MLSSTFPY:0.3888888888888889	EAMAAGVP:0.43333333333333335	KINLPLLR:0.2	DNLANIDA:0.3333333333333333	VITCEHSV:0.5	GGTQVRTF:0.5111111111111111	GTQVRTFN:0.4111111111111111	GFGIKNKT:0.6	MRTGFGIK:0.4222222222222222	FNLLKYLS:0.24444444444444444	PLRALRAN:0.3	ANIDAVCF:0.2777777777777778	FPYPPTRG:0.3888888888888889	NLPLLRRY:0.3	PMRTGFGI:0.37777777777777777	SSTFPYPP:0.4888888888888889	ITCEHSVN:0.5777777777777777	GIKNKTLE:0.6888888888888889	LPLLRRYE:0.43333333333333335	PLLRRYEQ:0.26666666666666666	LANIDAVC:0.2777777777777778	NKTLEAMA:0.6111111111111112	PTRGGTQV:0.32222222222222224	RDKINLPL:0.2222222222222222	LIFIGAMD:0.23333333333333334	SDRGLEGL:0.7555555555555555	LVETEFTW:0.2	HSVNEIYV:0.28888888888888886	DRGLEGLA:0.45555555555555555	IKNKTLEA:0.6444444444444445	DKINLPLL:0.2222222222222222	TPPSVLNR:0.2	CDVITCEH:0.28888888888888886	VASDRGLE:0.5111111111111111	NIDAVCFF:0.28888888888888886	VPMRTGFG:0.28888888888888886	PYPPTRGG:0.36666666666666664	PSVLNRYS:0.26666666666666666	RTGFGIKN:0.5444444444444444	VNVHSSVY:0.25555555555555554	TFNLLKYL:0.3888888888888889	ASDRGLEG:0.5111111111111111	KCDVITCE:0.26666666666666666	RGLEGLAV:0.4444444444444444	CEHSVNEI:0.5777777777777777	VVPMRTGF:0.2222222222222222	LSSTFPYP:0.4	PPSVLNRY:0.26666666666666666	GAMDNLAN:0.35555555555555557	NLANIDAV:0.28888888888888886	EHSVNEIY:0.6444444444444445	PPTRGGTQ:0.35555555555555557	EVLPEIQK:0.2	VRTFNLLK:0.3888888888888889	TCEHSVNE:0.5777777777777777	YPPTRGGT:0.36666666666666664	QVRTFNLL:0.4111111111111111	TVIPNGVD:0.2222222222222222	TLEAMAAG:0.5888888888888889	AGKCDVIT:0.2222222222222222	AMDNLANI:0.35555555555555557	IDAVCFFS:0.2	TFPYPPTR:0.37777777777777777	FGIKNKTL:0.6	MDNLANID:0.35555555555555557	VIPNGVDL:0.5222222222222223	RLIFIGAM:0.2	SVNEIYVR:0.24444444444444444	GKCDVITC:0.23333333333333334	GLEGLAVD:0.4444444444444444	RGGTQVRT:0.4	KNKTLEAM:0.6222222222222222	KTLEAMAA:0.5777777777777777	STFPYPPT:0.28888888888888886	DVITCEHS:0.5222222222222223	TGFGIKNK:0.5444444444444444	LEAMAAGV:0.4222222222222222	VVASDRGL:0.32222222222222224	PVVASDRG:0.34444444444444444	HSSVYGTC:0.2	HSVNEIYI:0.35555555555555557	VNEIYIRP:0.26666666666666666	VGSDRGLE:0.23333333333333334	VNIHSSVY:0.2	IPNGVDLV:0.25555555555555554	VTGRVPSM:0.3	LEGLAVDG:0.32222222222222224	SVNEIYIR:0.28888888888888886	GSDRGLEG:0.24444444444444444	VPVVASDR:0.2777777777777778	AGVPVVAS:0.26666666666666666	FPYPPSRG:0.2	AMAAGVPV:0.26666666666666666	AAGVPVVA:0.2777777777777778	GVPVVASD:0.28888888888888886	ILMLSSTF:0.32222222222222224	LMLSSTFP:0.32222222222222224	MAAGVPVV:0.3333333333333333	STFPYPPS:0.2	
