cluster number:1580
GT4:75	GT4:75
AHDYLIQM:0.3466666666666667	SWLQKIPG:0.21333333333333335	EANAAGRP:0.4	YLIQMGGA:0.3466666666666667	DYDTYMER:0.22666666666666666	LCYCHTPM:0.22666666666666666	NQFVANSS:0.25333333333333335	ADIRASWL:0.21333333333333335	DADIRASW:0.21333333333333335	WLQKIPGV:0.21333333333333335	FPGEEDFG:0.68	HLCYCHTP:0.22666666666666666	RKRLEGMA:0.28	ASWLQKIP:0.21333333333333335	TTVFNGSR:0.2	ANAAGRPV:0.38666666666666666	DYLIQMGG:0.3466666666666667	DQRTSKNV:0.2	QAYVNFLK:0.32	FHLCYCHT:0.22666666666666666	HDYLIQMG:0.3466666666666667	WDQRTSKN:0.2	EQAYVNFL:0.32	MGGAERVV:0.4666666666666667	PLEANAAG:0.37333333333333335	QRTSKNVN:0.2	DRKRLEGM:0.28	LSSSSAFM:0.3333333333333333	LIVSRLVS:0.3466666666666667	TPMRFAWD:0.3466666666666667	IVLSSSSA:0.3466666666666667	AERVVEVF:0.3333333333333333	NLKDADIR:0.3333333333333333	YVEQAYVN:0.32	VSRLVSYK:0.38666666666666666	IGDYYLIV:0.3466666666666667	SSAFMKSI:0.3333333333333333	SKNVNQFV:0.21333333333333335	SAFMKSIQ:0.32	RFAWDYDT:0.3466666666666667	FAWDYDTY:0.3466666666666667	LIQMGGAE:0.3466666666666667	APIFTTVF:0.29333333333333333	DIVLSSSS:0.4	EEDFGITP:0.5333333333333333	IDLAVEAF:0.26666666666666666	GVLPLYPM:0.21333333333333335	SSSSAFMK:0.3333333333333333	VNQFVANS:0.25333333333333335	RLVSYKRI:0.3333333333333333	DYYLIVSR:0.36	IVGDGPDR:0.22666666666666666	FLGRLEDE:0.22666666666666666	YLIVSRLV:0.37333333333333335	FKQYVEQA:0.21333333333333335	IRASWLQK:0.21333333333333335	PMRFAWDY:0.3466666666666667	HTPMRFAW:0.44	YYLIVSRL:0.37333333333333335	DVIFPPIN:0.26666666666666666	RPVIAYQA:0.24	RTSKNVNQ:0.2	CHTPMRFA:0.44	VGDGPDRK:0.22666666666666666	RIDLAVEA:0.28	SYKRIDLA:0.3333333333333333	GDYYLIVS:0.3466666666666667	QAGGALDT:0.24	ERVVEVFH:0.3333333333333333	GDGPDRKR:0.22666666666666666	FMKSIQVP:0.32	QMGGAERV:0.4	MKIAIAHD:0.3333333333333333	KRIDLAVE:0.29333333333333333	CYCHTPMR:0.5866666666666667	YDTYMERQ:0.21333333333333335	KDADIRAS:0.21333333333333335	YKRIDLAV:0.3333333333333333	IVSRLVSY:0.3466666666666667	VIAYQAGG:0.25333333333333335	TVFNGSRL:0.2	PDRKRLEG:0.28	AAGRPVIA:0.41333333333333333	RASWLQKI:0.21333333333333335	NAAGRPVI:0.38666666666666666	ITPLEANA:0.38666666666666666	GAERVVEV:0.3466666666666667	KQYVEQAY:0.21333333333333335	DLAVEAFN:0.25333333333333335	LEANAAGR:0.4	VLSSSSAF:0.3466666666666667	SSSAFMKS:0.3333333333333333	NFKGVLPL:0.3333333333333333	LQKIPGVK:0.21333333333333335	PGEEDFGI:0.6533333333333333	LKDADIRA:0.3333333333333333	PYVNGVFF:0.22666666666666666	AGRPVIAY:0.3333333333333333	TSKNVNQF:0.21333333333333335	QYVEQAYV:0.21333333333333335	FVANSSVV:0.3333333333333333	VANSSVVK:0.32	KIAIAHDY:0.3333333333333333	QFVANSSV:0.3333333333333333	GPDRKRLE:0.3333333333333333	SRLVSYKR:0.36	DFGITPLE:0.56	VEQAYVNF:0.32	VFPGEEDF:0.25333333333333335	GGAERVVE:0.3466666666666667	PVIAYQAG:0.25333333333333335	LVSYKRID:0.3333333333333333	AGGALDTI:0.24	TFHLCYCH:0.22666666666666666	GITPLEAN:0.38666666666666666	YCHTPMRF:0.44	AFMKSIQV:0.32	IQMGGAER:0.3466666666666667	MRFAWDYD:0.3466666666666667	DGPDRKRL:0.22666666666666666	YQAGGALD:0.25333333333333335	AYVNFLKG:0.32	YVNFLKGG:0.32	IAHDYLIQ:0.3466666666666667	VSYKRIDL:0.3333333333333333	FGITPLEA:0.5066666666666667	DIRASWLQ:0.21333333333333335	VFNGSRLT:0.2	TPLEANAA:0.37333333333333335	KRLEGMAK:0.2	WDYDTYME:0.22666666666666666	GRPVIAYQ:0.26666666666666666	EDFGITPL:0.56	AWDYDTYM:0.3466666666666667	GEEDFGIT:0.5866666666666667	AYQAGGAL:0.25333333333333335	FKGVLPLY:0.3333333333333333	NVNQFVAN:0.24	VLPLYPMA:0.21333333333333335	AIAHDYLI:0.3466666666666667	IAYQAGGA:0.25333333333333335	IAIAHDYL:0.3333333333333333	VIFPPINT:0.28	KGVLPLYP:0.3333333333333333	KNVNQFVA:0.21333333333333335	IFPGEEDF:0.3333333333333333	AFIFPGEE:0.28	FIFPGEED:0.28	RAFIFPGE:0.25333333333333335	SIGDYYLI:0.2	CRAFIFPG:0.25333333333333335	MKSIQVPK:0.22666666666666666	FDIVLSSS:0.21333333333333335	EAPIFTTV:0.24	PEAPIFTT:0.24	GALDTIVP:0.24	YPEAPIFT:0.24	GGALDTIV:0.24	ICYCHTPM:0.26666666666666666	HICYCHTP:0.30666666666666664	MYPEAPIF:0.24	RVDYFIAN:0.24	VDYFIANS:0.24	ASGRPVIA:0.2	
