cluster number:1945
GT4:128	GT4:128|2.4.1.198:5|GT2:1
SVIPNAVV:0.4609375	MGLRTVFT:0.359375	FTDHSLFG:0.453125	GLRTVFTD:0.359375	TMGLRTVF:0.34375	TDHSLFGF:0.4765625	TVFTDHSL:0.671875	VIPNAVVA:0.2109375	VSVIPNAV:0.4453125	VFTDHSLF:0.4609375	RTVFTDHS:0.390625	GGIPEVLP:0.7109375	REQIQIVH:0.2421875	LRTVFTDH:0.359375	VGGIPEVL:0.71875	ILHARTMG:0.203125	SLTEAFGT:0.609375	EAASCGLL:0.234375	TDHSLYGF:0.3125	FTDHSLYG:0.3046875	VFTDHSLY:0.3125	MVSDFFFP:0.203125	ITIVVISR:0.28125	TIVVISRL:0.328125	LTEAFGTV:0.4453125	HPSLTEAF:0.2734375	ASCGLYVV:0.21875	SHTCKENT:0.265625	VEAASCGL:0.5234375	TVIVEAAS:0.2109375	VIVEAASC:0.2109375	PSLTEAFG:0.296875	CVSHTCKE:0.2890625	IVVISRLF:0.2265625	VSHTCKEN:0.3046875	HSLFGFAD:0.3515625	ICVSHTCK:0.265625	EAFGTVIV:0.2109375	HTCKENTV:0.2578125	DHSLFGFA:0.3828125	AASCGLYV:0.2265625	SLFGFADA:0.2109375	GTVIVEAA:0.2109375	AFGTVIVE:0.2109375	LHPSLTEA:0.2734375	EAASCGLY:0.2265625	YLHPSLTE:0.2734375	TEAFGTVI:0.2109375	IVEAASCG:0.3125	KENTVLRA:0.3046875	FGTVIVEA:0.2109375	IYLHPSLT:0.2734375	CKENTVLR:0.2578125	TCKENTVL:0.25	IYLHASLT:0.265625	EAFGTVLV:0.203125	DFFYPQLG:0.265625	FYPQLGGV:0.265625	DIYLHASL:0.2421875	GTVLVEAA:0.203125	GVRYLTNG:0.2421875	YPQLGGVE:0.265625	TVLVEAAS:0.203125	CDFFYPQL:0.2578125	LGGVEFHI:0.2578125	GDIYLHAS:0.2421875	PQLGGVEF:0.2734375	VRYLTNGL:0.234375	LHASLTEA:0.265625	YLTNGLKV:0.2890625	RYLTNGLK:0.296875	LKVYHVPF:0.265625	TNGLKVYH:0.2890625	AFGTVLVE:0.203125	YLHASLTE:0.265625	AGDGPKFI:0.203125	GLKVYHVP:0.3125	FFYPQLGG:0.265625	TEAFGTVL:0.234375	QLGGVEFH:0.2734375	ASLTEAFG:0.265625	NGLKVYHV:0.28125	LTNGLKVY:0.4921875	CQGDIYLH:0.203125	VLVEAASC:0.203125	VEFHIYHL:0.21875	HASLTEAF:0.265625	GVEFHIYH:0.2265625	LVEAASCG:0.2109375	GGVEFHIY:0.2265625	FGTVLVEA:0.203125	VIPNAVVS:0.2265625	ISVIPNAV:0.21875	QVGGIPEV:0.21875	HSVVIITH:0.21875	TQVGGIPE:0.21875	GHSVVIIT:0.2109375	YHLSQKLI:0.265625	HLSQKLID:0.203125	HVICVSHT:0.203125	VICVSHTC:0.203125	TNGLKVYY:0.2421875	
