cluster number:2192
GT4:13	GT4:13
LEAMACGL:0.23076923076923078	AHGMDINN:0.23076923076923078	LILFVGYL:0.23076923076923078	HRFRWLEP:0.23076923076923078	GDYYGSFV:0.23076923076923078	RALVHFKG:0.23076923076923078	ILFVGYLD:0.23076923076923078	FRALVHFK:0.23076923076923078	NVKLMMVG:0.23076923076923078	VLEAMACG:0.23076923076923078	VSVLEAMA:0.3076923076923077	PVSVLEAM:0.3076923076923077	KGDYYGSF:0.23076923076923078	SVLEAMAC:0.46153846153846156	RFRWLEPK:0.23076923076923078	TAHGMDIN:0.23076923076923078	HGMDINNF:0.23076923076923078	TTVGGVPE:0.23076923076923078	
