cluster number:642
GT4:12	GT4:12
GLIGLWAK:0.3333333333333333	RDLWPEAP:0.6666666666666666	RIIYIHQY:0.5	TGLIGLWA:0.3333333333333333	TPEEGGAV:0.25	NKFFDAIA:0.25	EGGAVRSY:0.25	TSTPLTTG:0.3333333333333333	GAVRSYHL:0.4166666666666667	LWPEAPVQ:0.25	LYITSTPL:0.25	RSYHLAKG:0.4166666666666667	DLLYITST:0.25	IGLWAKRK:0.3333333333333333	EVRDLWPE:0.6666666666666666	MRIIYIHQ:0.5	VRSYHLAK:0.3333333333333333	PLTTGLIG:0.3333333333333333	HQYFVTPE:0.25	ITSTPLTT:0.3333333333333333	GIKVHYLP:0.25	PEEGGAVR:0.25	IFEVRDLW:0.4166666666666667	VRDLWPEA:0.6666666666666666	TNSPNKFF:0.5	LLYITSTP:0.25	GLWAKRKL:0.25	PDLLYITS:0.25	SPNKFFDA:0.75	FEVRDLWP:0.8333333333333334	WPEAPVQV:0.25	AVRSYHLA:0.3333333333333333	GGAVRSYH:0.4166666666666667	PNKFFDAI:0.25	LTTGLIGL:0.3333333333333333	DLWPEAPV:0.25	EEGGAVRS:0.25	TPLTTGLI:0.3333333333333333	NSPNKFFD:0.5	IIYIHQYF:0.4166666666666667	TTGLIGLW:0.3333333333333333	STPLTTGL:0.3333333333333333	LIGLWAKR:0.3333333333333333	YITSTPLT:0.3333333333333333	PNKFFDAL:0.5	PYVFEVRD:0.3333333333333333	LWPEAPIQ:0.4166666666666667	DLWPEAPI:0.4166666666666667	NKFFDALA:0.5833333333333334	LVNHKGWV:0.25	VFEVRDLW:0.3333333333333333	WPEAPIQV:0.25	KFFDALAA:0.4166666666666667	FDALAAGK:0.5	SYHLAKGL:0.25	YVFEVRDL:0.25	YHLAKGLV:0.25	FFDALAAG:0.4166666666666667	YISSTPLT:0.25	ISSTPLTT:0.25	SSTPLTTG:0.25	PLTTGWIG:0.25	TPLTTGWI:0.25	STPLTTGW:0.25	
