cluster number:630
GT4:23	GT4:23
TEGLPNVM:0.21739130434782608	VLPSYTEG:0.21739130434782608	EGLPNVML:0.21739130434782608	VMLEAMAC:0.21739130434782608	LVLPSYTE:0.21739130434782608	MLEAMACG:0.5217391304347826	LEAMACGT:0.5652173913043478	SYTEGLPN:0.5652173913043478	ACGTPVLA:0.4782608695652174	GLPNVMLE:0.21739130434782608	NVMLEAMA:0.21739130434782608	MACGTPVL:0.5652173913043478	EAMACGTP:0.4782608695652174	LPNVMLEA:0.21739130434782608	PSYTEGLP:0.6086956521739131	PNVMLEAM:0.21739130434782608	AMACGTPV:0.4782608695652174	LLVLPSYT:0.21739130434782608	LPSYTEGL:0.21739130434782608	CGTPVLAT:0.43478260869565216	GFIMENNS:0.30434782608695654	TEGLPNIM:0.43478260869565216	YTEGLPNI:0.391304347826087	LPNIMLEA:0.30434782608695654	NIMLEAMA:0.30434782608695654	EGLPNIML:0.391304347826087	TGFIMENN:0.2608695652173913	PNIMLEAM:0.34782608695652173	GLPNIMLE:0.391304347826087	IMLEAMAC:0.30434782608695654	VGRLSEEK:0.43478260869565216	YVGRLSEE:0.43478260869565216	GRLSEEKG:0.6086956521739131	GYVGRLSE:0.34782608695652173	IGYVGRLS:0.391304347826087	LSEEKGIL:0.2608695652173913	RLSEEKGI:0.5217391304347826	ENNSPECI:0.34782608695652173	NLIDILTS:0.21739130434782608	LIDILTSS:0.21739130434782608	HLYGIFHS:0.2608695652173913	VGAIPDII:0.2608695652173913	IILYSPRL:0.2608695652173913	ILIAPRHF:0.2608695652173913	LKLLVIPS:0.21739130434782608	VKLVGWSS:0.21739130434782608	GYSIKYEK:0.21739130434782608	ENNVKLVG:0.2608695652173913	KLLVIPSY:0.21739130434782608	MENNSPEC:0.34782608695652173	LSGYSIKY:0.21739130434782608	NVKLVGWS:0.2608695652173913	ILYSPRLI:0.2608695652173913	HKILIAPR:0.21739130434782608	SGYSIKYE:0.21739130434782608	LIIGDGDL:0.21739130434782608	LNILIIGD:0.21739130434782608	EDLPKYLN:0.2608695652173913	KAGLTPLS:0.21739130434782608	VIPSYTEG:0.2608695652173913	LIAPRHFL:0.2608695652173913	KIILYSPR:0.2608695652173913	LTPLSNLI:0.21739130434782608	NILIIGDG:0.21739130434782608	KILIAPRH:0.2608695652173913	DKIILYSP:0.2608695652173913	TPLSNLID:0.30434782608695654	GLTPLSNL:0.21739130434782608	NNSPECIA:0.34782608695652173	LLVIPSYT:0.21739130434782608	NNVKLVGW:0.2608695652173913	LENNVKLV:0.2608695652173913	ILIIGDGD:0.21739130434782608	PLSNLIDI:0.30434782608695654	IPSYTEGL:0.391304347826087	KYSHKILI:0.21739130434782608	IHLYGIFH:0.2608695652173913	CIFFLGGE:0.2608695652173913	SHKILIAP:0.21739130434782608	LSNLIDIL:0.30434782608695654	YSHKILIA:0.21739130434782608	IIGDGDLK:0.21739130434782608	SNLIDILT:0.21739130434782608	AGLTPLSN:0.21739130434782608	LVIPSYTE:0.21739130434782608	NGLENNVK:0.21739130434782608	FIMENNSP:0.21739130434782608	LSEEKGII:0.2608695652173913	EKGIINFI:0.21739130434782608	YLNSLKLL:0.21739130434782608	GLENNVKL:0.21739130434782608	IMENNSPE:0.21739130434782608	
