cluster number:1408
GT4:39	GT4:39
RILLLSAY:0.4358974358974359	LWNHRWEY:0.48717948717948717	RWRIRGNP:0.20512820512820512	MHENQFAY:0.20512820512820512	YMHENQFA:0.358974358974359	NHRWEYDK:0.5897435897435898	RWEYDKGP:0.5128205128205128	HENQFAYP:0.717948717948718	LYMHENQF:0.358974358974359	ILLLSAYD:0.4358974358974359	HRWEYDKG:0.38461538461538464	WNHRWEYD:0.5897435897435898	PRILLLSA:0.2564102564102564	FRWRIRGN:0.38461538461538464	IATSMVDL:0.2564102564102564	LAPDRLAY:0.20512820512820512	FFRWRIRG:0.3076923076923077	LLWNHRWE:0.28205128205128205	MVDLATLR:0.3333333333333333	LLYMHENQ:0.2564102564102564	PHLLWNHR:0.2564102564102564	PVPIEDRL:0.23076923076923078	EYDKGPDR:0.358974358974359	TSMVDLAT:0.3333333333333333	SMVDLATL:0.3333333333333333	ATSMVDLA:0.3333333333333333	DKGPDRLL:0.28205128205128205	ALHDFQGL:0.3076923076923077	DLATLRGL:0.28205128205128205	PRFFRWRI:0.2564102564102564	HLLWNHRW:0.2564102564102564	CPHLLWNH:0.20512820512820512	WEYDKGPD:0.38461538461538464	QMVNLYSA:0.2564102564102564	LEAMASGC:0.2564102564102564	ISTALHDF:0.20512820512820512	TALHDFQG:0.358974358974359	MVNLYSAL:0.20512820512820512	LHDFQGLS:0.23076923076923078	RFFRWRIR:0.3076923076923077	VDLATLRG:0.3333333333333333	VPIEDRLF:0.23076923076923078	PQMVNLYS:0.2564102564102564	YDKGPDRL:0.358974358974359	STALHDFQ:0.358974358974359	FHENQFAY:0.4358974358974359	GLAVLEAV:0.20512820512820512	HEFQGLAV:0.23076923076923078	LYFHENQF:0.20512820512820512	ENQFAYPA:0.20512820512820512	NQFAYPAS:0.20512820512820512	YFHENQFA:0.4358974358974359	QGLAVLEA:0.2564102564102564	FQGLAVLE:0.2564102564102564	LLLSAYDA:0.48717948717948717	WRIRGNAL:0.20512820512820512	KSRVLPVP:0.20512820512820512	LPPRYFSW:0.20512820512820512	PPRYFSWR:0.20512820512820512	
