cluster number:1622
GT4:24	GT4:24
VAGEGPLR:0.20833333333333334	ADVVHAHG:0.4583333333333333	VQEALRAG:0.20833333333333334	GADVVHAH:0.25	VLAVSPDL:0.25	LPVELLGR:0.20833333333333334	VARLAPQK:0.4166666666666667	TDAGGTRW:0.25	ATDAGGTR:0.2916666666666667	LAVSPDLA:0.3333333333333333	AGGTRWVT:0.25	DAGGTRWV:0.25	GGTRWVTG:0.25	RLVVTLHN:0.2916666666666667	HAHGLRAG:0.7083333333333334	HGLRAGAL:0.6666666666666666	VATDAGGT:0.20833333333333334	RLAPQKGL:0.4583333333333333	AHGLRAGA:0.6666666666666666	LAPQKGLD:0.3333333333333333	VTLHNRTV:0.20833333333333334	TLHNRTVG:0.20833333333333334	ARLAPQKG:0.4583333333333333	AVSPDLAE:0.20833333333333334	VHAHGLRA:0.5833333333333334	RLAQQKGL:0.20833333333333334	VARLAQQK:0.20833333333333334	PSRWEGQP:0.20833333333333334	GLRAGALA:0.5416666666666666	ARLAQQKG:0.20833333333333334	AGALAALA:0.4166666666666667	GALAALAL:0.4166666666666667	QQKGLETL:0.20833333333333334	LRAGALAA:0.4583333333333333	SRWEGQPL:0.20833333333333334	AQQKGLET:0.20833333333333334	RAGALAAL:0.4583333333333333	LAQQKGLE:0.20833333333333334	LTVARLAQ:0.20833333333333334	TVARLAQQ:0.20833333333333334	QKGLETLL:0.20833333333333334	KGLETLLD:0.20833333333333334	VATDVGGT:0.20833333333333334	QKGLDLLL:0.20833333333333334	VVHAHGLR:0.4166666666666667	ATDVGGTA:0.20833333333333334	DVVHAHGL:0.4166666666666667	APQKGLDL:0.20833333333333334	RADVVHAH:0.20833333333333334	LLTVARLA:0.20833333333333334	ALAALALG:0.20833333333333334	PQKGLDLL:0.20833333333333334	TVARLAPQ:0.2916666666666667	TSLWEGQP:0.2916666666666667	LTVARLAP:0.25	QTSLWEGQ:0.25	VVQTSLWE:0.25	VQTSLWEG:0.25	RGADVVHA:0.20833333333333334	
