cluster number:2360
GT4:15	GT4:15
IKYSMPTK:0.2	YSMPTKAS:0.2	GGGITLSN:0.2	KRKYPSGP:0.2	SMPTKASE:0.2	PDVIYAQA:0.2	VFHMMDDW:0.2	KYSMPTKA:0.2	PTKASEYM:0.2	MPTKASEY:0.2	GGITLSNL:0.2	MVFHMMDD:0.2	GITLSNLF:0.2	MASGTPIL:0.2	EYMASGTP:0.3333333333333333	YMASGTPI:0.2	NMEYMASG:0.2	SFPSKNME:0.3333333333333333	KNMEYMAS:0.2	FPSKNMEY:0.3333333333333333	TLLINPRP:0.2	ATLLINPR:0.26666666666666666	YSFPSKNM:0.3333333333333333	FTKYSFPS:0.6	EEFTKYSF:0.26666666666666666	TKYSFPSK:0.6666666666666666	MEYMASGT:0.2	KYSFPSKN:0.4	EFTKYSFP:0.3333333333333333	SKNMEYMA:0.2	PSKNMEYM:0.4	NMEYMVSG:0.2	KNMEYMVS:0.2	MEYMVSGT:0.2	SKNMEYMV:0.2	EYMVSGTP:0.2	KYSFPSKI:0.2	VPDLPEYM:0.26666666666666666	FPSKIIEY:0.2	YSMHLPFL:0.26666666666666666	HLPFLLAC:0.2	PDLPEYMA:0.2	MHLPFLLA:0.2	AFTKYSFP:0.2	TLDRRYGI:0.2	YSFPSKII:0.2	PSKIIEYM:0.2	SMHLPFLL:0.26666666666666666	CYSMHLPF:0.26666666666666666	SFPSKIIE:0.2	GTLDRRYG:0.2	VCYSMHLP:0.2	VIVPDLPE:0.2	IVPDLPEY:0.2	
