cluster number:813
GT4:18	GT4:18
DYLAAGRP:0.2222222222222222	GISMNKLF:0.2777777777777778	GAHGQANG:0.2222222222222222	KLFDYLAA:0.2777777777777778	RDLWPQTL:0.5555555555555556	VFEVRDLW:0.3333333333333333	ISMNKLFD:0.2222222222222222	PFVFEVRD:0.2777777777777778	FVFEVRDL:0.3333333333333333	YGISMNKL:0.2222222222222222	EVRDLWPQ:0.6111111111111112	WIPNGVDL:0.3333333333333333	FEVRDLWP:0.6666666666666666	VRDLWPQT:0.6111111111111112	SSVHPFAA:0.2222222222222222	MYFGAHGQ:0.2222222222222222	VPFVFEVR:0.2777777777777778	GTRHFHLA:0.2222222222222222	SMNKLFDY:0.2222222222222222	AHGQANGL:0.2222222222222222	DLWPQTLI:0.3333333333333333	FGAHGQAN:0.2222222222222222	GSSVHPFA:0.2777777777777778	MNKLFDYL:0.2222222222222222	GGTRHFHL:0.2222222222222222	YFGAHGQA:0.2222222222222222	NKLFDYLA:0.3333333333333333	VWILNHYA:0.3333333333333333	LWPQTLID:0.2777777777777778	WPQTLIDM:0.2222222222222222	VIGSSVHP:0.2777777777777778	PQTLIDMG:0.2222222222222222	FIFEVRDL:0.2222222222222222	DLWPQTLV:0.2222222222222222	LWPQTLVD:0.2222222222222222	IFEVRDLW:0.2222222222222222	NHYAQEPG:0.2222222222222222	WILNHYAQ:0.2222222222222222	IGSSVHPF:0.2222222222222222	ILNHYAQE:0.2222222222222222	LNHYAQEP:0.2222222222222222	TLMYFGAH:0.2222222222222222	FTLMYFGA:0.2222222222222222	LMYFGAHG:0.2777777777777778	
