cluster number:2189
GT4:158	GT4:158
LVTPLKPL:0.8291139240506329	DAVAVICE:0.23417721518987342	ILHVLDHS:0.379746835443038	HVLDHSLP:0.35443037974683544	WEDAAVGN:0.4240506329113924	PLKPLEAM:0.8924050632911392	LLVGGGPM:0.21518987341772153	GYTFRTRA:0.47468354430379744	SDVGGHRE:0.4936708860759494	RILHVLDH:0.34177215189873417	LTDLVTPL:0.47468354430379744	LHAHSPVL:0.2468354430379747	ADAVAVIC:0.25949367088607594	RLLLVGGG:0.35443037974683544	LHVLDHSL:0.35443037974683544	ARLLLVGG:0.21518987341772153	AAVGNGTG:0.35443037974683544	KPLEAMAQ:0.810126582278481	GSFYDYEG:0.3670886075949367	LLLVGGGP:0.5	YEIRAFWE:0.6075949367088608	TGTLFAPD:0.22151898734177214	EDAAVGNG:0.35443037974683544	DAAVGNGT:0.35443037974683544	DDLIAAMP:0.27848101265822783	DVGGHREL:0.4810126582278481	MRLTDLVT:0.37341772151898733	RAFWEDAA:0.8227848101265823	RLTDLVTP:0.47468354430379744	IGSFYDYE:0.35443037974683544	LVAASDVG:0.2468354430379747	AFWEDAAV:0.7911392405063291	VAASDVGG:0.26582278481012656	VAVICEGL:0.24050632911392406	TDLVTPLK:0.47468354430379744	AVAVICEG:0.24050632911392406	HSGYTFRT:0.6645569620253164	AVICEGLR:0.22784810126582278	VTPLKPLE:0.8987341772151899	AASDVGGH:0.310126582278481	TPLKPLEA:0.8924050632911392	EIRAFWED:0.6075949367088608	GGHRELIE:0.23417721518987342	LKPLEAMA:0.879746835443038	ASDVGGHR:0.4936708860759494	DLVTPLKP:0.4873417721518987	VGGHRELI:0.5443037974683544	FWEDAAVG:0.4240506329113924	SGYTFRTR:0.5063291139240507	PLEAMAQG:0.6455696202531646	IRAFWEDA:0.6075949367088608	YEGLDDLI:0.2088607594936709	FYDYEGLD:0.2721518987341772	SFYDYEGL:0.2721518987341772	TFRTRAIL:0.34810126582278483	HAHSPVLN:0.27848101265822783	FIGSFYDY:0.31645569620253167	EAMAQGRL:0.35443037974683544	GLDDLIAA:0.2088607594936709	AMAQGRLV:0.23417721518987342	YDYEGLDD:0.23417721518987342	GFIGSFYD:0.3037974683544304	DYEGLDDL:0.23417721518987342	YTFRTRAI:0.3924050632911392	LEAMAQGR:0.4620253164556962	AHSPVLNA:0.25316455696202533	EGLDDLIA:0.2088607594936709	LDHSLPLH:0.2974683544303797	LHAHSPAL:0.2721518987341772	DHSLPLHS:0.2974683544303797	LTELVTPL:0.35443037974683544	ILHILDHS:0.24050632911392406	HSLPLHSG:0.2974683544303797	TELVTPLK:0.36075949367088606	RLTELVTP:0.35443037974683544	ELVTPLKP:0.36075949367088606	LGFIGSFY:0.20253164556962025	MRLTELVT:0.2721518987341772	VYEIRAFW:0.4240506329113924	HAHSPALN:0.20253164556962025	SLPLHSGY:0.2974683544303797	HSIPLHSG:0.26582278481012656	GSFYAYEG:0.4050632911392405	LDHSIPLH:0.24050632911392406	PDILHAHS:0.2848101265822785	GFIGSFYA:0.2721518987341772	IGSFYAYE:0.3037974683544304	FIGSFYAY:0.2721518987341772	VASDVGGH:0.26582278481012656	IPLHSGYT:0.26582278481012656	LLVGGGPQ:0.2721518987341772	SFYAYEGL:0.3670886075949367	PLHSGYTF:0.5443037974683544	SIPLHSGY:0.26582278481012656	DILHAHSP:0.2848101265822785	FYAYEGLD:0.22151898734177214	DHSIPLHS:0.26582278481012656	TTICEGLR:0.22784810126582278	LHSGYTFR:0.5443037974683544	TVIPNAVD:0.2974683544303797	VIGFIGSF:0.20253164556962025	GTLFAPDD:0.20253164556962025	IGFIGSFY:0.25949367088607594	WEDAAVDH:0.3670886075949367	LPLHSGYT:0.27848101265822783	DAAVDHGT:0.3291139240506329	FWEDAAVD:0.33544303797468356	EDAAVDHG:0.3670886075949367	LGIPVVYE:0.21518987341772153	VVYEIRAF:0.20253164556962025	PVVYEIRA:0.20253164556962025	
