cluster number:2376
GT4:26	GT4:26
LVQADAGL:0.23076923076923078	FVLSWSLT:0.38461538461538464	PYRGFHRF:0.23076923076923078	AHLIQGLV:0.2692307692307692	LEPYRGFH:0.38461538461538464	RGFHRFMR:0.23076923076923078	RSAHLIQG:0.3076923076923077	SWSLTEAM:0.38461538461538464	LTEAMAAG:0.2692307692307692	EPYRGFHR:0.23076923076923078	HSGWGETL:0.46153846153846156	SDTEPVRE:0.38461538461538464	RGHDVGFD:0.23076923076923078	ARSAHLIQ:0.3076923076923077	GFHRFMRA:0.23076923076923078	LVYAELMY:0.23076923076923078	TYPFVLSW:0.6923076923076923	YPFVLSWS:0.6923076923076923	LTVIHDGI:0.23076923076923078	PFVLSWSL:0.7307692307692307	SLEPYRGF:0.38461538461538464	VIHDGIDT:0.34615384615384615	GGDGVSYG:0.3076923076923077	TRGHDVGF:0.23076923076923078	YRTRGHDV:0.23076923076923078	DVGFDPEI:0.2692307692307692	RSLEPYRG:0.5	NGRLVPFF:0.23076923076923078	LTYPFVLS:0.5	FHRFMRAL:0.23076923076923078	LIQGLVQA:0.2692307692307692	SGWGETLF:0.46153846153846156	YRGFHRFM:0.23076923076923078	IFGHSGWG:0.4230769230769231	CYLTYPFV:0.34615384615384615	YVSRSLEP:0.2692307692307692	FGHSGWGE:0.4230769230769231	AKLLVYAE:0.38461538461538464	VLSWSLTE:0.38461538461538464	GHSGWGET:0.46153846153846156	KLTVIHDG:0.23076923076923078	RTRGHDVG:0.23076923076923078	SAHLIQGL:0.3076923076923077	SLTEAMAA:0.2692307692307692	GHDVGFDP:0.23076923076923078	TVIHDGID:0.34615384615384615	HRFMRALP:0.23076923076923078	HLIQGLVQ:0.2692307692307692	LLVYAELM:0.23076923076923078	LSWSLTEA:0.38461538461538464	GWGETLFL:0.5384615384615384	HDVGFDPE:0.23076923076923078	KLLVYAEL:0.38461538461538464	VHCYLTYP:0.34615384615384615	WSLTEAMA:0.2692307692307692	RDGENGRL:0.23076923076923078	QGLVQADA:0.2692307692307692	DTEPVREL:0.2692307692307692	GRLVPFFD:0.23076923076923078	VSRSLEPY:0.2692307692307692	SRSLEPYR:0.2692307692307692	IQGLVQAD:0.2692307692307692	YLTYPFVL:0.5	HCYLTYPF:0.34615384615384615	LAPALAAR:0.38461538461538464	HQNFPGQF:0.6153846153846154	VASDTEPV:0.3076923076923077	LHLAPALA:0.3076923076923077	APALAARG:0.38461538461538464	FLHLAPAL:0.3076923076923077	AELDGQLD:0.23076923076923078	RVHCYLTY:0.2692307692307692	GETLFLRE:0.4230769230769231	QFLHLAPA:0.3076923076923077	QNFPGQFL:0.2692307692307692	HLAPALAA:0.38461538461538464	IVASDTEP:0.2692307692307692	TLFLREIW:0.2692307692307692	GQFLHLAP:0.23076923076923078	LFLREIWP:0.2692307692307692	ETLFLREI:0.2692307692307692	QADSFPPE:0.23076923076923078	ASDTEPVR:0.3076923076923077	MKILFVHQ:0.34615384615384615	FVHQNFPG:0.46153846153846156	VHQNFPGQ:0.5769230769230769	LAELDGQL:0.23076923076923078	KILFVHQN:0.34615384615384615	LFVHQNFP:0.5	ILFVHQNF:0.5	WGETLFLR:0.4230769230769231	PGQFLHLA:0.23076923076923078	HFLGRVPY:0.34615384615384615	FPGQFLHL:0.23076923076923078	NFPGQFLH:0.23076923076923078	PALAARGH:0.38461538461538464	DVIFGHSG:0.23076923076923078	SRVHFLGR:0.2692307692307692	VIFGHSGW:0.23076923076923078	PDVIFGHS:0.23076923076923078	LDLSRVHF:0.3076923076923077	ELDGQLDL:0.23076923076923078	DGQLDLSR:0.23076923076923078	LDGQLDLS:0.23076923076923078	RLDLSRVH:0.23076923076923078	QNFPGQFP:0.23076923076923078	NFPGQFPH:0.23076923076923078	LSRVHFLG:0.23076923076923078	RVHFLGRV:0.2692307692307692	VHFLGRVP:0.23076923076923078	DLSRVHFL:0.23076923076923078	
