cluster number:692
GT4:11	GT4:11
DIIHIHEH:0.36363636363636365	SFTTSGLE:0.36363636363636365	AGGVVNAS:0.36363636363636365	VLPFFQKE:0.36363636363636365	TSGLEAMA:0.36363636363636365	LPFFQKEG:0.2727272727272727	EIKGLDLL:0.45454545454545453	GVVNASYQ:0.36363636363636365	PFFQKEGL:0.2727272727272727	IIHIHEHR:0.36363636363636365	FFQKEGLK:0.2727272727272727	HGSVLPFF:0.5454545454545454	AHGSVLPF:0.7272727272727273	SVLPFFQK:0.5454545454545454	RIHEIKGL:0.45454545454545453	IHEIKGLD:0.45454545454545453	KIEIVPLG:0.2727272727272727	VNASYQIA:0.36363636363636365	HEIKGLDL:0.45454545454545453	VVNASYQI:0.36363636363636365	SGLEAMAC:0.2727272727272727	GRIHEIKG:0.45454545454545453	GLDLLIDA:0.36363636363636365	QAHGSVLP:0.7272727272727273	IEIVPLGI:0.36363636363636365	GGVVNASY:0.36363636363636365	IKGLDLLI:0.2727272727272727	FTTSGLEA:0.36363636363636365	SAGGVVNA:0.2727272727272727	EIVPLGIN:0.2727272727272727	GSVLPFFQ:0.5454545454545454	TTSGLEAM:0.36363636363636365	FQKEGLKN:0.2727272727272727	KGLDLLID:0.36363636363636365	ESFTTSGL:0.36363636363636365	YESFTTSG:0.36363636363636365	LQAHGSVL:0.5454545454545454	IKGLDLLV:0.2727272727272727	VLQAHGSV:0.45454545454545453	PYVLQAHG:0.36363636363636365	LGRIHEIK:0.2727272727272727	YVLQAHGS:0.45454545454545453	
