cluster number:1814
GT4:22	GT4:22
HRSEGFGL:0.2727272727272727	LVPVGEGE:0.22727272727272727	VRDEVIDR:0.22727272727272727	CADVYVSL:0.22727272727272727	LHRSEGFG:0.2727272727272727	GFGLGLAE:0.5	SEGFGLGL:0.22727272727272727	VVRDEVID:0.22727272727272727	DEVIDRAH:0.22727272727272727	VPVGEGEY:0.22727272727272727	HVHALQRC:0.22727272727272727	RCADVYVS:0.22727272727272727	RDEVIDRA:0.22727272727272727	GQFGLAES:0.22727272727272727	LGKPVIGT:0.36363636363636365	PRIVVRDE:0.22727272727272727	PVGEGEYP:0.22727272727272727	QRCADVYV:0.22727272727272727	DPRIVVRD:0.2727272727272727	HALQRCAD:0.22727272727272727	MALGKPVI:0.2727272727272727	RGQFGLAE:0.2727272727272727	EGFGLGLA:0.5	VHALQRCA:0.22727272727272727	ALQRCADV:0.22727272727272727	RIVVRDEV:0.22727272727272727	ADVYVSLH:0.22727272727272727	VGEGEYPH:0.22727272727272727	RSEGFGLG:0.22727272727272727	IVVRDEVI:0.22727272727272727	SLHRSEGF:0.2727272727272727	LQRCADVY:0.22727272727272727	EVIDRAHV:0.22727272727272727	WSGNLEFM:0.2727272727272727	LHRAEGFG:0.5454545454545454	AEGFGLGL:0.2727272727272727	VSLHRAEG:0.5	GWSGNLEF:0.2727272727272727	YVSLHRAE:0.3181818181818182	RAEGFGLG:0.22727272727272727	SLHRAEGF:0.5454545454545454	IACWFWEL:0.22727272727272727	TGWSGNLE:0.2727272727272727	HRAEGFGL:0.45454545454545453	YLRGQFGL:0.22727272727272727	DAYVSLHR:0.22727272727272727	GLGLAEAM:0.22727272727272727	FGLGLAEA:0.22727272727272727	
