cluster number:918
GT4:193	GT4:193
KWIADFRD:0.29015544041450775	RGNFFIPD:0.43523316062176165	VQRWLKFV:0.5284974093264249	GVQRWLKF:0.8186528497409327	IADFRDPW:0.44559585492227977	QRWLKFVK:0.5284974093264249	YYWPPAGG:0.694300518134715	IITYYWPP:0.48186528497409326	VLIITYYW:0.38860103626943004	WIADFRDP:0.44559585492227977	KVLIITYY:0.38341968911917096	LIITYYWP:0.48186528497409326	VRGNFFIP:0.22797927461139897	ITYYWPPA:0.48186528497409326	TYYWPPAG:0.5492227979274611	WLKFVKYL:0.5129533678756477	RPILAIGP:0.22797927461139897	RWLKFVKY:0.5284974093264249	ADFRDPWT:0.694300518134715	FRDPWTTI:0.40932642487046633	RDPWTTIG:0.39896373056994816	YWPPAGGP:0.6010362694300518	PPAGGPGV:0.6062176165803109	GPGVQRWL:0.689119170984456	GPPHSLHL:0.45077720207253885	PAGGPGVQ:0.7046632124352331	WTTIGYHK:0.25906735751295334	GNFFIPDA:0.37823834196891193	WPPAGGPG:0.5958549222797928	HSLHLIGL:0.31088082901554404	IPGKLFEY:0.40414507772020725	NFFIPDAR:0.37823834196891193	IIPGKLFE:0.3626943005181347	PPHSLHLI:0.45077720207253885	AGGPGVQR:0.7046632124352331	TTGPPHSL:0.34196891191709844	PHSLHLIG:0.45077720207253885	PWTTIGYH:0.34196891191709844	TGPPHSLH:0.34196891191709844	PGVQRWLK:0.6683937823834197	ITTGPPHS:0.43523316062176165	LKFVKYLP:0.25906735751295334	FFIPDARK:0.22279792746113988	GGPGVQRW:0.7098445595854922	DFRDPWTT:0.40932642487046633	DPWTTIGY:0.39896373056994816	PGKLFEYM:0.32124352331606215	IITTGPPH:0.3005181347150259	IPDARKFW:0.26424870466321243	LLLIEIDS:0.23834196891191708	FIPDARKF:0.26424870466321243	NLFIPDAR:0.2538860103626943	GNLFIPDA:0.23834196891191708	RGNLFIPD:0.23834196891191708	KKVLIITY:0.20207253886010362	
