cluster number:1089
GT4:13	GT4:13
AAATGIIC:0.23076923076923078	GTGAVEAL:1.0	ESLAHGIP:0.23076923076923078	WTAALIGS:0.23076923076923078	RQGTGAVE:0.38461538461538464	DGLVASGA:0.46153846153846156	LVASGAPE:0.23076923076923078	VRQGTGAV:0.38461538461538464	HIVAVAAL:0.23076923076923078	ADGLVASG:0.38461538461538464	GLVASGAP:0.46153846153846156	ALAAATGI:0.23076923076923078	IICPSAHA:0.23076923076923078	ISVTGELT:0.23076923076923078	VLVRQGTG:0.23076923076923078	NRISVTGE:0.23076923076923078	AGAAGKGT:0.23076923076923078	DLEAKALA:0.23076923076923078	KALAAATG:0.23076923076923078	SLAHGIPV:0.23076923076923078	LVRQGTGA:0.23076923076923078	VAALLPNK:0.8461538461538461	IADGLVAS:0.38461538461538464	VRAAVEHH:0.3076923076923077	GEALEDQW:0.3076923076923077	GIICPSAH:0.23076923076923078	YAAEVRAA:0.23076923076923078	AATGIICP:0.23076923076923078	VWILSHMA:0.23076923076923078	ADLSVLIS:0.3076923076923077	EAKALAAA:0.23076923076923078	EVRAAVEH:0.23076923076923078	AAVEHHGL:0.3076923076923077	AAEVRAAV:0.23076923076923078	PVLVRQGT:0.23076923076923078	SHMALADH:0.3076923076923077	EALEDQWH:0.3076923076923077	IVAVAALL:0.23076923076923078	ILSHMALA:0.3076923076923077	HMALADHP:0.23076923076923078	AVAALLPN:0.6923076923076923	WILSHMAL:0.3076923076923077	LSHMALAD:0.3076923076923077	SVTGELTG:0.23076923076923078	VAVAALLP:0.23076923076923078	TGAVEALG:0.5384615384615384	LEAKALAA:0.23076923076923078	RAAVEHHG:0.3076923076923077	AALLPNKS:0.23076923076923078	LAAATGII:0.23076923076923078	ATGIICPS:0.23076923076923078	RISVTGEL:0.23076923076923078	LPWTAALI:0.23076923076923078	QGTGAVEA:0.38461538461538464	AEVRAAVE:0.23076923076923078	AKALAAAT:0.23076923076923078	DLPWTAAL:0.23076923076923078	TGIICPSA:0.23076923076923078	ALLPNKSQ:0.23076923076923078	ICPSAHAA:0.23076923076923078	PWTAALIG:0.23076923076923078	ESLAHGVP:0.23076923076923078	DGGTTVIA:0.23076923076923078	VIADGLVA:0.3076923076923077	TTVIADGL:0.3076923076923077	GAGAALDL:0.23076923076923078	GGTTVIAD:0.23076923076923078	TVIADGLV:0.3076923076923077	MVVTESLA:0.46153846153846156	LDGGTTVI:0.23076923076923078	GTTVIADG:0.23076923076923078	GMVVTESL:0.46153846153846156	FGMVVTES:0.38461538461538464	SLAHGVPV:0.23076923076923078	LVASGAPD:0.23076923076923078	VASGAPDE:0.23076923076923078	DGTGAVEA:0.23076923076923078	VRDGTGAV:0.23076923076923078	AAAGVICT:0.3076923076923077	LPNKDQLL:0.38461538461538464	LVPANIRH:0.3076923076923077	LVSRAEAF:0.23076923076923078	GVICTSSS:0.23076923076923078	AALLPNKD:0.6153846153846154	ALRAAAGV:0.23076923076923078	VSRAEAFG:0.23076923076923078	AAGVICTS:0.3076923076923077	RDGTGAVE:0.23076923076923078	ICTSSSAA:0.23076923076923078	PNKDQLLT:0.23076923076923078	LLPNKDQL:0.46153846153846156	LRAAAGVI:0.3076923076923077	DADPAYAA:0.23076923076923078	ALLPNKDQ:0.6153846153846154	RAAAGVIC:0.3076923076923077	RALRAAAG:0.23076923076923078	VICTSSSA:0.23076923076923078	REAALAAR:0.23076923076923078	WREAALAA:0.23076923076923078	WTASLVGS:0.3076923076923077	VTESLARG:0.38461538461538464	ESLARGIP:0.23076923076923078	VVTESLAR:0.38461538461538464	LAVAALLP:0.38461538461538464	SLARGIPV:0.23076923076923078	TESLARGI:0.23076923076923078	EFAAKAGR:0.3076923076923077	AFGMVVTE:0.3076923076923077	LLVPANIR:0.23076923076923078	LEFAAKAG:0.3076923076923077	EAFGMVVT:0.3076923076923077	SGGNVYNA:0.46153846153846156	PHLLAVAA:0.3076923076923077	GAPDELEF:0.3076923076923077	APDELEFA:0.3076923076923077	RADLSLLV:0.3076923076923077	RLLVPANI:0.23076923076923078	GNVYNARL:0.3076923076923077	LLAVAALL:0.3076923076923077	ELEFAAKA:0.3076923076923077	DELEFAAK:0.3076923076923077	PDELEFAA:0.3076923076923077	GGNVYNAR:0.3076923076923077	DLSLLVSR:0.38461538461538464	PPHLLAVA:0.3076923076923077	ADLSLLVS:0.38461538461538464	HLLAVAAL:0.3076923076923077	VRAGTGAV:0.23076923076923078	AGTGAVEA:0.23076923076923078	RAGTGAVE:0.23076923076923078	EARSLRAA:0.23076923076923078	LEARSLRA:0.23076923076923078	
