cluster number:332
GT4:28	GT4:28
RLEKQKGL:0.2857142857142857	VLPSLWEG:0.35714285714285715	GRLEKQKG:0.2857142857142857	CDIFVLPS:0.2857142857142857	FLFVGRLE:0.32142857142857145	EGLPLTLL:0.39285714285714285	KNDFEIII:0.2857142857142857	KFTGKLSE:0.2857142857142857	SLWEGLPL:0.35714285714285715	DIFVLPSL:0.32142857142857145	FVGRLEKQ:0.21428571428571427	LFVGRLEK:0.2857142857142857	IFVLPSLW:0.35714285714285715	LPLTLLEA:0.39285714285714285	LPSLWEGL:0.4642857142857143	FVLPSLWE:0.35714285714285715	EKQKGLEY:0.2857142857142857	LWEGLPLT:0.2857142857142857	VGRLEKQK:0.21428571428571427	WEGLPLTL:0.2857142857142857	PSLWEGLP:0.4642857142857143	PLTLLEAA:0.35714285714285715	GLPLTLLE:0.39285714285714285	LEKQKGLE:0.2857142857142857	KQKGLEYL:0.32142857142857145	PIIATDVG:0.21428571428571427	LPIIATDV:0.21428571428571427	NTCHGISF:0.21428571428571427	VNTCHGIS:0.21428571428571427	PDIIHSHS:0.25	GFFISFAA:0.21428571428571427	CHGISFDD:0.21428571428571427	HGISFDDK:0.21428571428571427	IIHSHSAD:0.21428571428571427	SANLDKIT:0.21428571428571427	TCHGISFD:0.21428571428571427	DKNGLEIL:0.25	VDKNGLEI:0.25	DIIHSHSA:0.21428571428571427	LKPDIIHS:0.25	KPDIIHSH:0.25	QKGLEYLL:0.21428571428571427	IIATKVGG:0.2857142857142857	RFLFVGRL:0.25	LTLLEAAS:0.21428571428571427	PIIATKVG:0.25	IATKVGGI:0.2857142857142857	PVVNTCHG:0.21428571428571427	YIPNGVDI:0.21428571428571427	ATKVGGIP:0.2857142857142857	IPVVNTCH:0.21428571428571427	LPIIATKV:0.21428571428571427	
