cluster number:1184
GT4:11	GT4:11
FRVLYVGT:0.36363636363636365	LEAMACGL:0.36363636363636365	ADLIVVLS:0.2727272727272727	VGGTSTRA:0.2727272727272727	ACGLPVIV:0.36363636363636365	EDGFGLVA:0.36363636363636365	TSQCGAAD:0.2727272727272727	ITLTCNTG:0.2727272727272727	TPLLRRRN:0.2727272727272727	ALEAMACG:0.36363636363636365	SVEDGFGL:0.45454545454545453	VFRVLYVG:0.2727272727272727	PLLRRRND:0.36363636363636365	HANIKQEF:0.2727272727272727	GGQGVCLA:0.2727272727272727	LANAATGL:0.2727272727272727	VLYVGTIE:0.36363636363636365	WLYCLNNY:0.36363636363636365	DQQVSKRL:0.2727272727272727	DWAVLLSD:0.2727272727272727	PRKGVPYL:0.2727272727272727	GVCLANAA:0.2727272727272727	GLVALEAM:0.36363636363636365	LNNYLPFM:0.36363636363636365	SDLYFDQQ:0.2727272727272727	IMGVAGQT:0.36363636363636365	FGLVALEA:0.36363636363636365	VLLSDLYF:0.45454545454545453	VLPSVEDG:0.5454545454545454	GFGLVALE:0.36363636363636365	NNYLPFMQ:0.36363636363636365	SVLVLPSV:0.36363636363636365	RNDWAVLL:0.2727272727272727	CLANAATG:0.2727272727272727	VLSEVAKQ:0.36363636363636365	RRRNDWAV:0.2727272727272727	QQVSKRLK:0.2727272727272727	AVLLSDLY:0.45454545454545453	NLGFKAAK:0.2727272727272727	QGVCLANA:0.2727272727272727	NSELLIVG:0.36363636363636365	GTIEPRKG:0.45454545454545453	LPSVEDGF:0.5454545454545454	SELLIVGG:0.36363636363636365	LSDLYFDQ:0.2727272727272727	VEDGFGLV:0.45454545454545453	LLSDLYFD:0.45454545454545453	LPVIVTSQ:0.2727272727272727	NIKQEFWD:0.36363636363636365	YFDQQVSK:0.2727272727272727	FDQQVSKR:0.2727272727272727	KHANIKQE:0.2727272727272727	KAAKAKGA:0.2727272727272727	FKAAKAKG:0.2727272727272727	SQCGAADV:0.2727272727272727	QCGAADVV:0.2727272727272727	NDWAVLLS:0.2727272727272727	MKITLTCN:0.2727272727272727	ANIKQEFW:0.2727272727272727	LYCLNNYL:0.36363636363636365	LYFDQQVS:0.2727272727272727	SKHANIKQ:0.2727272727272727	CSVLVLPS:0.2727272727272727	GVAGQTNL:0.2727272727272727	MGVAGQTN:0.2727272727272727	KQEFWDFS:0.36363636363636365	GQTNLGFK:0.2727272727272727	ELLIVGGT:0.2727272727272727	LYVGTIEP:0.45454545454545453	WAVLLSDL:0.2727272727272727	LLRRRNDW:0.2727272727272727	DLYFDQQV:0.2727272727272727	LIMGVAGQ:0.45454545454545453	AMACGLPV:0.45454545454545453	LRRRNDWA:0.2727272727272727	LLIVGGTS:0.2727272727272727	TNLGFKAA:0.2727272727272727	AGQTNLGF:0.2727272727272727	RVLYVGTI:0.36363636363636365	KITLTCNT:0.2727272727272727	CGLPVIVT:0.36363636363636365	LVALEAMA:0.36363636363636365	ANAATGLS:0.2727272727272727	EPRKGVPY:0.2727272727272727	LTCNTGLG:0.2727272727272727	IPNSELLI:0.36363636363636365	VGTIEPRK:0.45454545454545453	MACGLPVI:0.45454545454545453	DLIMGVAG:0.36363636363636365	TIEPRKGV:0.36363636363636365	IEPRKGVP:0.2727272727272727	IKQEFWDF:0.36363636363636365	GTSTRALR:0.2727272727272727	YVGTIEPR:0.45454545454545453	LVLPSVED:0.45454545454545453	LIVGGTST:0.2727272727272727	RRNDWAVL:0.2727272727272727	CDLIMGVA:0.36363636363636365	TLTCNTGL:0.2727272727272727	GLPVIVTS:0.36363636363636365	EAMACGLP:0.36363636363636365	AWLYCLNN:0.36363636363636365	PNSELLIV:0.36363636363636365	GQGVCLAN:0.2727272727272727	QVSKRLKS:0.2727272727272727	VALEAMAC:0.36363636363636365	CLNNYLPF:0.36363636363636365	QTNLGFKA:0.2727272727272727	IVGGTSTR:0.2727272727272727	YCLNNYLP:0.36363636363636365	QADLIVVL:0.2727272727272727	LSKHANIK:0.2727272727272727	VLVLPSVE:0.36363636363636365	DGFGLVAL:0.36363636363636365	GGTSTRAL:0.2727272727272727	VAGQTNLG:0.2727272727272727	PSVEDGFG:0.5454545454545454	TSTRALRI:0.2727272727272727	EAMASGLP:0.45454545454545453	VLEAMASG:0.2727272727272727	ASGLPVIV:0.45454545454545453	MASGLPVI:0.45454545454545453	AMASGLPV:0.45454545454545453	LEAMASGL:0.45454545454545453	MLQRFLGE:0.2727272727272727	MQEQIQQE:0.2727272727272727	YLPFMQEQ:0.2727272727272727	AVLTPFVD:0.2727272727272727	PFMQEQIQ:0.2727272727272727	IAVLTPFV:0.2727272727272727	VLTPFVDT:0.2727272727272727	LQRFLGEC:0.2727272727272727	FMQEQIQQ:0.2727272727272727	LPFMQEQI:0.2727272727272727	
