cluster number:1655
GT4:17	GT4:17|GT2:5
AMACGVPV:0.47058823529411764	HEEPFALA:0.23529411764705882	LDVLAVPS:0.23529411764705882	IEAMACGV:0.23529411764705882	DVLLLNPD:0.23529411764705882	VLLLNPDA:0.23529411764705882	EAMACGVP:0.47058823529411764	MACGVPVV:0.47058823529411764	EPFALATA:0.23529411764705882	EEPFALAT:0.23529411764705882	PFALATAE:0.23529411764705882	ACGVPVVA:0.29411764705882354	CGVPVVAT:0.23529411764705882	
