cluster number:2375
GT4:11	GT4:11
VVTVTEGF:0.36363636363636365	KPDAILAT:0.2727272727272727	RDDWKSFE:0.36363636363636365	GKKPDAIL:0.2727272727272727	MRDAWPDL:0.7272727272727273	VTVTEGFA:0.36363636363636365	TCIVSLRD:0.36363636363636365	LVVTVTEG:0.2727272727272727	PDLARDAR:0.45454545454545453	EHSPPQRR:0.45454545454545453	WKSFETTV:0.2727272727272727	CIVSLRDD:0.36363636363636365	SFETTVPS:0.2727272727272727	IRRVPYLR:0.2727272727272727	LGGKKPDA:0.2727272727272727	LGNHGKSQ:0.2727272727272727	TLATGYVL:0.2727272727272727	VVAPVAHY:0.2727272727272727	DWKSFETT:0.36363636363636365	ETTVPSKT:0.2727272727272727	GRHVTAIV:0.2727272727272727	LARDARIV:0.2727272727272727	AGWDVDVV:0.2727272727272727	LRDDWKSF:0.6363636363636364	AWPDLARD:0.45454545454545453	ADLVVTVT:0.36363636363636365	IVEMRDAW:0.2727272727272727	VSLRDDWK:0.45454545454545453	LVKLAREL:0.2727272727272727	YWPEHSPP:0.36363636363636365	APSLPTLA:0.2727272727272727	HSPPQRRW:0.45454545454545453	DDWKSFET:0.36363636363636365	RADLVVTV:0.36363636363636365	YLGNHGKS:0.2727272727272727	GWDVDVVA:0.2727272727272727	ILATAPSL:0.2727272727272727	SLRDDWKS:0.5454545454545454	TVSNGLDL:0.36363636363636365	SVPVGLGG:0.2727272727272727	PVGLGGKK:0.2727272727272727	PDAILATA:0.2727272727272727	THSYWPEH:0.2727272727272727	LATGYVLS:0.2727272727272727	EMRDAWPD:0.5454545454545454	LPTLATGY:0.2727272727272727	RRVPYLRH:0.2727272727272727	DTCIVSLR:0.36363636363636365	VEMRDAWP:0.36363636363636365	DAWPDLAR:0.45454545454545453	PVAHYPNG:0.2727272727272727	WDVDVVAP:0.2727272727272727	TVPSKTYE:0.5454545454545454	DLVVTVTE:0.2727272727272727	AHYPNGRR:0.2727272727272727	HSYWPEHS:0.36363636363636365	RDAWPDLA:0.6363636363636364	GGKKPDAI:0.2727272727272727	LYLGNHGK:0.2727272727272727	DLARDARI:0.2727272727272727	GLGGKKPD:0.2727272727272727	TAPSLPTL:0.2727272727272727	IVSLRDDW:0.36363636363636365	QLVKLARE:0.2727272727272727	DAILATAP:0.2727272727272727	LTHSYWPE:0.2727272727272727	SYWPEHSP:0.36363636363636365	SLPTLATG:0.2727272727272727	LATAPSLP:0.2727272727272727	VAHYPNGR:0.2727272727272727	VPVGLGGK:0.2727272727272727	KSFETTVP:0.2727272727272727	KKPDAILA:0.2727272727272727	ALYLGNHG:0.36363636363636365	PSKTYEVL:0.6363636363636364	SKTYEVLA:0.5454545454545454	WPEHSPPQ:0.36363636363636365	ATAPSLPT:0.2727272727272727	AILATAPS:0.2727272727272727	VGLGGKKP:0.2727272727272727	PTLATGYV:0.2727272727272727	VPSKTYEV:0.5454545454545454	TTVPSKTY:0.2727272727272727	PSLPTLAT:0.2727272727272727	PEHSPPQR:0.45454545454545453	GFHLTLVG:0.2727272727272727	FETTVPSK:0.2727272727272727	WPDLARDA:0.45454545454545453	EGFAETLR:0.2727272727272727	VTEGFAET:0.2727272727272727	TEGFAETL:0.2727272727272727	ADTCIVSL:0.2727272727272727	VTVSNGLD:0.2727272727272727	VVTVSNGL:0.2727272727272727	SPPQRRWS:0.2727272727272727	VPLIVEMR:0.2727272727272727	LAVGRHVT:0.36363636363636365	TYEVLAVG:0.36363636363636365	KTYEVLAV:0.36363636363636365	VLAVGRHV:0.36363636363636365	YEVLAVGR:0.36363636363636365	EVLAVGRH:0.36363636363636365	AVGRHVTG:0.2727272727272727	LHVLYLGN:0.2727272727272727	VTVTDGFA:0.2727272727272727	LEMRDAWP:0.2727272727272727	VVTVTDGF:0.2727272727272727	RLEVLYLG:0.2727272727272727	DRLEVLYL:0.2727272727272727	IPSKTYEV:0.2727272727272727	LEVLYLGN:0.2727272727272727	NHGESQRL:0.36363636363636365	RDDWKSFD:0.2727272727272727	TIPSKTYE:0.2727272727272727	LGNHGESQ:0.36363636363636365	YLGNHGES:0.36363636363636365	VLYLGNHG:0.2727272727272727	EVLYLGNH:0.2727272727272727	GNHGESQR:0.36363636363636365	LYLGNHGE:0.36363636363636365	DTCVVSLR:0.2727272727272727	ADTCVVSL:0.2727272727272727	TCVVSLRD:0.2727272727272727	VVSLRDDW:0.2727272727272727	CVVSLRDD:0.2727272727272727	DMRDAWPD:0.2727272727272727	
