cluster number:1327
GT4:13	GT4:13
QAWGGKHR:0.23076923076923078	MAAGLPVV:0.23076923076923078	VLASTVPE:0.46153846153846156	GFVFVPRT:0.38461538461538464	ETGPLALK:0.5384615384615384	DQAWGGKH:0.23076923076923078	GGIPEFVT:0.23076923076923078	TGFVFVPR:0.23076923076923078	TGPLALKE:0.5384615384615384	TVSDQAWG:0.23076923076923078	SDQAWGGK:0.3076923076923077	ARLSWEKG:0.38461538461538464	ASTVPETG:0.46153846153846156	VLARLSWE:0.3076923076923077	RLSWEKGI:0.23076923076923078	LARLSWEK:0.38461538461538464	FVFVPRTS:0.38461538461538464	CATGRHDA:0.23076923076923078	VCATGRHD:0.23076923076923078	AWGGKHRY:0.23076923076923078	TGRHDAAV:0.23076923076923078	ADRVRFLG:0.23076923076923078	VPETGPLA:0.5384615384615384	SWEKGIDR:0.23076923076923078	ATGRHDAA:0.23076923076923078	FRHSAFPL:0.46153846153846156	LFRHSAFP:0.46153846153846156	VSDQAWGG:0.3076923076923077	AAGLPVVA:0.23076923076923078	GIPEFVTD:0.23076923076923078	DRVRFLGH:0.23076923076923078	VVCATGRH:0.23076923076923078	DTGFVFVP:0.23076923076923078	TVPETGPL:0.5384615384615384	FAVLARLS:0.23076923076923078	LSWEKGID:0.23076923076923078	LASTVPET:0.46153846153846156	PETGPLAL:0.46153846153846156	STVPETGP:0.5384615384615384	LALKEAMA:0.38461538461538464	GPLALKEA:0.38461538461538464	LKEAMAAG:0.23076923076923078	PLALKEAM:0.38461538461538464	ALKEAMAA:0.23076923076923078	VVLASTVP:0.23076923076923078	WGGKHRYM:0.3076923076923077	EDERHGLL:0.23076923076923078	QVWGGKHR:0.23076923076923078	DEDLRQAM:0.23076923076923078	MAAGRPVI:0.23076923076923078	VTVLAEEG:0.23076923076923078	AGRPVIAS:0.23076923076923078	VLAEEGGA:0.23076923076923078	GGIPEFVE:0.23076923076923078	AEEGGAML:0.23076923076923078	EFVEDERH:0.23076923076923078	GRADAAAV:0.23076923076923078	FVEDERHG:0.23076923076923078	RLYAMGAL:0.23076923076923078	SAFPLGTT:0.3076923076923077	PEFVEDER:0.23076923076923078	EDLRQAMQ:0.23076923076923078	VSDQVWGG:0.23076923076923078	AAGRPVIA:0.23076923076923078	DDEDLRQA:0.23076923076923078	GIPEFVED:0.23076923076923078	SDQVWGGK:0.23076923076923078	AFPLGTTD:0.23076923076923078	AVCLFRHS:0.23076923076923078	DQVWGGKH:0.23076923076923078	LAEEGGAM:0.23076923076923078	AMAAGRPV:0.23076923076923078	VEDERHGL:0.23076923076923078	HSAFPLGT:0.3076923076923077	EAMAAGRP:0.23076923076923078	IPEFVEDE:0.23076923076923078	QGGIPEFV:0.3076923076923077	VCLFRHSA:0.23076923076923078	VWGGKHRY:0.23076923076923078	CLFRHSAF:0.3076923076923077	TVLAEEGG:0.23076923076923078	TVSDQVWG:0.23076923076923078	RHSAFPLG:0.3076923076923077	AQGGIPEF:0.23076923076923078	QVEVLTSG:0.23076923076923078	
