cluster number:1640
GT4:12	GT4:12
KPVVWTLH:0.4166666666666667	DVFFNPTL:0.25	FFNPTLED:0.25	PTVNLEAQ:0.25	AFTGHCAY:0.3333333333333333	DCWAFTGH:0.6666666666666666	GFGSKKAT:0.4166666666666667	CWAFTGHC:0.6666666666666666	ACGTYVIT:0.25	NVIGIKRT:0.25	DLHGFGSK:0.25	PVVWTLHD:0.5833333333333334	HLHNIHGY:0.75	MRVLQINS:0.25	INPDIIHL:0.25	CDKWKTGC:0.4166666666666667	TVNLEAQA:0.25	LHDCWAFT:0.6666666666666666	CGTYVITF:0.25	NLEAQACG:0.25	IIHLHNIH:0.75	VWTLHDCW:0.5833333333333334	NSVCGVGS:0.25	WTLHDCWA:0.6666666666666666	AEIYTAAD:0.3333333333333333	DEVIVLVG:0.4166666666666667	HDCWAFTG:0.6666666666666666	ITFDSGGS:0.25	KELAEIYT:0.3333333333333333	VITFDSGG:0.25	NPDIIHLH:0.5833333333333334	DDEVIVLV:0.25	HGFGSKKA:0.4166666666666667	WAFTGHCA:0.4166666666666667	KFVILGVA:0.25	LHGFGSKK:0.25	DKWKTGCY:0.3333333333333333	GVGSTGRI:0.25	VFFNPTLE:0.25	CGVGSTGR:0.25	DIIHLHNI:0.75	LEAQACGT:0.25	FGSKKATK:0.25	EDNYPTVN:0.25	IYTAADVF:0.3333333333333333	INSVCGVG:0.25	NYPTVNLE:0.25	IVLVGVSD:0.25	VVWTLHDC:0.5833333333333334	AQACGTYV:0.25	EAQACGTY:0.25	TLHDCWAF:0.6666666666666666	VLQINSVC:0.3333333333333333	YPTVNLEA:0.25	RVLQINSV:0.25	PDIIHLHN:0.6666666666666666	FTGHCAYF:0.3333333333333333	QACGTYVI:0.25	ELAEIYTA:0.3333333333333333	LAEIYTAA:0.3333333333333333	LQINSVCG:0.5	HNIHGYYL:0.25	LHNIHGYY:0.75	FDLHGFGS:0.25	ADVFFNPT:0.25	IHLHNIHG:0.75	QINSVCGV:0.25	VLVGVSDK:0.25	FNPTLEDN:0.25	DNYPTVNL:0.25	VNLEAQAC:0.25	SVCGVGST:0.25	VCGVGSTG:0.25	EIYTAADV:0.3333333333333333	ADVFVNPT:0.25	LADLVKQS:0.25	DLVKQSFL:0.25	EVIVLVGL:0.25	HGYYINIE:0.3333333333333333	HNIHGYYI:0.3333333333333333	NIHGYYIN:0.3333333333333333	FIILGVAN:0.25	IHGYYINI:0.25	KFIILGVA:0.3333333333333333	WLADLVKQ:0.25	ADLVKQSF:0.25	CGTPVITF:0.4166666666666667	TLEDNFPT:0.4166666666666667	KPVIWTLH:0.25	VIWTLHDC:0.25	LEDNFPTT:0.3333333333333333	ENKFIILG:0.25	NPTLEDNF:0.25	NKFIILGV:0.25	NKPVIWTL:0.25	NFPTTNLE:0.3333333333333333	VCGIGSTG:0.25	YNLENKFI:0.25	EDNFPTTN:0.4166666666666667	CGIGSTGR:0.25	NLESLACG:0.25	DNFPTTNL:0.3333333333333333	NLENKFII:0.25	KVINNGID:0.25	IWTLHDCW:0.25	LENKFIIL:0.25	PTLEDNFP:0.25	LACGTPVI:0.4166666666666667	PVIWTLHD:0.25	ACGTPVIT:0.5	GIGSTGRI:0.25	LNPDIIHL:0.25	TGGSVESV:0.25	FPTTNLEA:0.25	PTTNLEAL:0.25	TGRIATDI:0.25	STGRIATD:0.25	GSTGRIAT:0.25	EALACGTP:0.25	ALACGTPV:0.25	
