cluster number:1955
GT4:47	GT4:47
QYFWPENF:0.2127659574468085	VQDLWPES:0.48936170212765956	LWPESLSA:0.48936170212765956	DLWPESLS:0.574468085106383	QDLWPESL:0.5531914893617021	VSQYFWPE:0.3617021276595745	WPESLSAT:0.5106382978723404	VLTGKPNY:0.2765957446808511	LTGKPNYP:0.3191489361702128	LWVQDLWP:0.2553191489361702	PESLSATG:0.5106382978723404	WVQDLWPE:0.46808510638297873	VTQYFWPE:0.23404255319148937	SLSATGFV:0.2127659574468085	ESLSATGF:0.3404255319148936	GKPNYPDG:0.3829787234042553	FCVVFAGN:0.23404255319148937	TGKPNYPD:0.3829787234042553	VVFAGNLG:0.2127659574468085	GNLGTAQA:0.2978723404255319	FAGNLGTA:0.3617021276595745	QYFWPESF:0.2553191489361702	VLVGSGSM:0.23404255319148937	VFAGNLGT:0.2978723404255319	AGNLGTAQ:0.3617021276595745	YLAAGRPI:0.2553191489361702	AYLAAGRP:0.2553191489361702	QAYLAAGR:0.2553191489361702	
