cluster number:590
GT4:11	GT4:11
RVRFLGWR:0.5454545454545454	GLGSIVME:0.36363636363636365	GAENFFVR:0.36363636363636365	DVTALMRT:0.2727272727272727	GSIVMESW:0.36363636363636365	RVAQVLAG:0.36363636363636365	DIVMTWMG:0.2727272727272727	PRDSFDTP:0.2727272727272727	HEGLGSIV:0.5454545454545454	ENFFVRLV:0.36363636363636365	RHADYWVG:0.2727272727272727	RHEGLGSI:0.6363636363636364	EGLGSIVM:0.36363636363636365	ADYWVGIS:0.2727272727272727	IVMESWAH:0.36363636363636365	NFADETPV:0.36363636363636365	VMTWMGRA:0.2727272727272727	TALMRTAD:0.2727272727272727	RTADLFVC:0.2727272727272727	LVNRLGHY:0.2727272727272727	AGRLHVNK:0.2727272727272727	PNFADETP:0.36363636363636365	SRHEGLGS:0.7272727272727273	VNRLGHYY:0.2727272727272727	VTALMRTA:0.2727272727272727	VAQVLAGA:0.36363636363636365	SIVMESWA:0.36363636363636365	HADYWVGI:0.2727272727272727	YIPNFADE:0.2727272727272727	AENFFVRL:0.45454545454545453	IVMTWMGR:0.2727272727272727	LGSIVMES:0.36363636363636365	IPNFADET:0.36363636363636365	AQVLAGAE:0.36363636363636365	PDIVMTWM:0.2727272727272727	GGAENFFV:0.36363636363636365	YYNLKYYR:0.36363636363636365	PSRHEGLG:0.5454545454545454	RLGHYYNL:0.36363636363636365	TDSQGPGE:0.2727272727272727	GHYYNLKY:0.36363636363636365	LVSRLGHY:0.2727272727272727	YNLKYYRH:0.36363636363636365	LAAGRLHI:0.2727272727272727	LGHYYNLK:0.36363636363636365	GRLHINKG:0.2727272727272727	ATDSQGPG:0.2727272727272727	RLHINKGF:0.2727272727272727	AGRLHINK:0.2727272727272727	CPSRHEGL:0.45454545454545453	HYYNLKYY:0.36363636363636365	VSRLGHYY:0.2727272727272727	SRLGHYYN:0.2727272727272727	LHINKGFD:0.2727272727272727	AAGRLHIN:0.2727272727272727	WLAGSGPE:0.36363636363636365	PIRVAQVL:0.2727272727272727	FVRLVSGL:0.2727272727272727	LFVCPSRH:0.2727272727272727	PLILAAGR:0.36363636363636365	WAHRCPIV:0.2727272727272727	DRPLILAA:0.2727272727272727	VRLVSGLN:0.2727272727272727	NLKYYRHA:0.2727272727272727	AHRCPIVA:0.2727272727272727	ADYWIGIS:0.2727272727272727	YWIGISKG:0.2727272727272727	LILAAGRL:0.36363636363636365	KYYRHADY:0.45454545454545453	IGISKGIC:0.2727272727272727	NKGFDVLL:0.2727272727272727	RHADYWIG:0.36363636363636365	RPLILAAG:0.36363636363636365	SWAHRCPI:0.2727272727272727	FVCPSRHE:0.36363636363636365	VCPSRHEG:0.36363636363636365	VMESWAHR:0.2727272727272727	MESWAHRC:0.2727272727272727	ILAAGRLH:0.2727272727272727	IRVAQVLA:0.2727272727272727	LKYYRHAD:0.45454545454545453	WIGISKGI:0.2727272727272727	DLFVCPSR:0.2727272727272727	LAGSGPEE:0.36363636363636365	YYRHADYW:0.45454545454545453	NFFVRLVS:0.2727272727272727	YRHADYWI:0.36363636363636365	ESWAHRCP:0.2727272727272727	LWLAGSGP:0.36363636363636365	HADYWIGI:0.36363636363636365	DYWIGISK:0.2727272727272727	FFVRLVSG:0.2727272727272727	HRCPIVAT:0.2727272727272727	HVNKGFDV:0.2727272727272727	GRLHVNKG:0.2727272727272727	VNKGFDVL:0.2727272727272727	RLHVNKGF:0.2727272727272727	ERVRFLGW:0.2727272727272727	LHVNKGFD:0.2727272727272727	
