cluster number:2309
GT4:11	GT4:11
SLGIADRV:0.2727272727272727	LAASLGIA:0.36363636363636365	ASLGIADR:0.2727272727272727	AASLGIAD:0.36363636363636365	GDVAVAPK:0.36363636363636365	LGDVAVAP:0.36363636363636365	QGSLTEEM:0.2727272727272727	SFFADYGC:0.2727272727272727	FDTPVARE:0.2727272727272727	VIVYLGLL:0.2727272727272727	HLHEGALI:0.2727272727272727	RVLMIAPT:0.2727272727272727	GLPTVAFD:0.2727272727272727	YLALGDVA:0.2727272727272727	TVAFDTPV:0.2727272727272727	VLMIAPTS:0.2727272727272727	GKLLNYMA:0.2727272727272727	FADYGCHV:0.2727272727272727	ADYGCHVR:0.2727272727272727	IAPTSFFA:0.2727272727272727	HAHLHEGA:0.2727272727272727	ALGDVAVA:0.2727272727272727	DYGCHVRI:0.2727272727272727	VAFDTPVA:0.2727272727272727	IVYLGLLA:0.2727272727272727	TSFFADYG:0.36363636363636365	APTSFFAD:0.2727272727272727	LMIAPTSF:0.2727272727272727	PTVAFDTP:0.2727272727272727	AFDTPVAR:0.2727272727272727	EVGSSRHK:0.2727272727272727	LPTVAFDT:0.2727272727272727	FFADYGCH:0.2727272727272727	MIAPTSFF:0.36363636363636365	YEVGSSRH:0.2727272727272727	LALGDVAV:0.2727272727272727	AHLHEGAL:0.2727272727272727	PTSFFADY:0.2727272727272727	GEVAVAPK:0.36363636363636365	SLTEGNGK:0.2727272727272727	NYMAMGLP:0.45454545454545453	AVAPKMSL:0.2727272727272727	LVFDYQGS:0.2727272727272727	LALGEVAV:0.36363636363636365	MAMGLPVV:0.36363636363636365	VAVAPKMS:0.5454545454545454	PLVFDYQG:0.2727272727272727	VAPKMSLT:0.2727272727272727	VFDYQGSL:0.2727272727272727	YLALGEVA:0.36363636363636365	GLLAPYQG:0.5454545454545454	EVAVAPKM:0.36363636363636365	YMAMGLPV:0.36363636363636365	MGLPVVAF:0.36363636363636365	MSLTEGNG:0.2727272727272727	GSSRHKLY:0.45454545454545453	FDYQGSLT:0.2727272727272727	PKMSLTEG:0.2727272727272727	PGLDIRRS:0.2727272727272727	VVGSSRHK:0.45454545454545453	GLPVVAFD:0.2727272727272727	VGSSRHKL:0.5454545454545454	AMGLPVVA:0.36363636363636365	ALGEVAVA:0.36363636363636365	SRHKLYLD:0.45454545454545453	KMSLTEGN:0.2727272727272727	APKMSLTE:0.2727272727272727	LGEVAVAP:0.36363636363636365	SSRHKLYL:0.45454545454545453	DRRIVVYI:0.2727272727272727	HVTLPGRI:0.2727272727272727	RRIVVYIG:0.36363636363636365	GNGKIGNY:0.36363636363636365	GKIGNYMA:0.36363636363636365	MTSEMLDH:0.36363636363636365	LILDYQGS:0.36363636363636365	EMLDHGFI:0.36363636363636365	RILEEIRA:0.2727272727272727	IHAHTHEA:0.36363636363636365	RAVVGSSR:0.36363636363636365	FRPFDGSP:0.2727272727272727	AANLLRRD:0.36363636363636365	TEGNGKIG:0.36363636363636365	AVVGSSRH:0.36363636363636365	RIVVYIGL:0.36363636363636365	DYGNHVRI:0.36363636363636365	HAHTHEAA:0.36363636363636365	KIGNYMAM:0.36363636363636365	ASTSFFSD:0.36363636363636365	NGKIGNYM:0.36363636363636365	GNYMAMGL:0.36363636363636365	TSFFSDYG:0.45454545454545453	TSEMLDHG:0.36363636363636365	ILDYQGSM:0.36363636363636365	FFSDYGNH:0.36363636363636365	LDYQGSMT:0.36363636363636365	STSFFSDY:0.36363636363636365	SMTSEMLD:0.36363636363636365	NLLRRDGS:0.36363636363636365	SEMLDHGF:0.36363636363636365	IGLLAPYQ:0.36363636363636365	SDYGNHVR:0.36363636363636365	IIHAHTHE:0.36363636363636365	RSWDVPWI:0.36363636363636365	QGSMTSEM:0.36363636363636365	VVYIGLLA:0.36363636363636365	PFDGSPEW:0.2727272727272727	ANLLRRDG:0.36363636363636365	IVVYIGLL:0.36363636363636365	RFRPFDGS:0.2727272727272727	DYQGSMTS:0.36363636363636365	YIGLLAPY:0.36363636363636365	ILEEIRAL:0.2727272727272727	GSMTSEML:0.36363636363636365	HFLIMGHP:0.36363636363636365	EGNGKIGN:0.36363636363636365	NAANLLRR:0.36363636363636365	LLRRDGSV:0.36363636363636365	PLILDYQG:0.36363636363636365	VYIGLLAP:0.36363636363636365	IGNYMAMG:0.36363636363636365	LIMGHPDP:0.36363636363636365	RPFDGSPE:0.2727272727272727	LLAPYQGT:0.45454545454545453	SFFSDYGN:0.36363636363636365	YQGSMTSE:0.36363636363636365	FSDYGNHV:0.36363636363636365	FLIMGHPD:0.36363636363636365	RRSWDVPW:0.2727272727272727	DVHFLIMG:0.2727272727272727	IRRSWDVP:0.2727272727272727	HKLYLDVG:0.2727272727272727	KLYLDVGL:0.2727272727272727	RHKLYLDV:0.2727272727272727	
