cluster number:135
GT4:169	GT4:169
KRRLSGVT:0.5443786982248521	QRWEGFGL:0.24260355029585798	LKLLFTSA:0.20710059171597633	EGFGLTPL:0.8461538461538461	FGLTPLEA:0.8224852071005917	RVWHARRN:0.4911242603550296	WEGFGLTP:0.28994082840236685	RWEGFGLT:0.28994082840236685	APQRWEGF:0.25443786982248523	GLTPLEAM:0.7928994082840237	LTPLEAMA:0.7692307692307693	PQRWEGFG:0.25443786982248523	GFGLTPLE:0.834319526627219	RRLTLYVA:0.31952662721893493	TLYVAPSR:0.378698224852071	RSGSFLEV:0.30177514792899407	RLTLYVAP:0.3136094674556213	VAPSRNEG:0.40828402366863903	YRRLTLYV:0.31952662721893493	GCFGRVRH:0.4378698224852071	APSRNEGF:0.40828402366863903	RRLSGVTS:0.44970414201183434	NEGFGLTP:0.42011834319526625	LTLYVAPS:0.3136094674556213	GSFLEVPH:0.2781065088757396	VTSTIVQL:0.3609467455621302	SRNEGFGL:0.41420118343195267	SGVTSTIV:0.378698224852071	FGRVRHQK:0.40828402366863903	CFGRVRHQ:0.40828402366863903	RHQKGTDL:0.40828402366863903	SGSFLEVP:0.2958579881656805	HQKGTDLF:0.40828402366863903	QKGTDLFV:0.44970414201183434	STIVQLIP:0.34911242603550297	TSTIVQLI:0.34911242603550297	YVAPSRNE:0.40828402366863903	RVRHQKGT:0.3905325443786982	TSAAQRRH:0.3136094674556213	LYVAPSRN:0.40828402366863903	WYRRLTLY:0.31952662721893493	VRHQKGTD:0.3905325443786982	RLSGVTST:0.5739644970414202	FKRRLSGV:0.44970414201183434	PSRNEGFG:0.40828402366863903	PNFKRRLS:0.38461538461538464	TPLEAMAS:0.591715976331361	RIWHARRN:0.3254437869822485	NFKRRLSG:0.40828402366863903	FTSAAQRR:0.3136094674556213	GRVRHQKG:0.40828402366863903	GVTSTIVQ:0.3609467455621302	APNFKRRL:0.38461538461538464	SGRVTAEH:0.2485207100591716	RNEGFGLT:0.42011834319526625	LSGVTSTI:0.5266272189349113	AVVSGRVT:0.20710059171597633	DVEIIAPN:0.20118343195266272	LFTSAAQR:0.24260355029585798	IAPNFKRR:0.3076923076923077	AMASRTAV:0.20710059171597633	VSGRVTAE:0.21893491124260356	SRTAVVAS:0.20710059171597633	VASDAGAY:0.35502958579881655	SAAQRRHT:0.2603550295857988	VWYRRLTL:0.21893491124260356	VGCFGRVR:0.41420118343195267	LEAMASRT:0.21301775147928995	ASRTAVVA:0.20710059171597633	WHARRNNE:0.2485207100591716	IATLGPGL:0.21301775147928995	IIAPNFKR:0.21301775147928995	PLEAMASR:0.21893491124260356	LLFTSAAQ:0.24260355029585798	TAVVASDA:0.34911242603550297	WTAVVSGR:0.20710059171597633	AVVASDAG:0.34911242603550297	TAVVSGRV:0.20710059171597633	ASDAGAYA:0.2958579881656805	VVSGRVTA:0.20118343195266272	RTAVVASD:0.20710059171597633	TKWLIRRM:0.3254437869822485	VEIIAPNF:0.20118343195266272	VWHARRNN:0.22485207100591717	HARRNNEM:0.2485207100591716	VVASDAGA:0.35502958579881655	ATLGPGLP:0.21301775147928995	KLLFTSAA:0.21301775147928995	EAMASRTA:0.20710059171597633	SDAGAYAE:0.2958579881656805	VIQHGVDL:0.20118343195266272	AAQRRHTA:0.20118343195266272	KWLIRRMD:0.25443786982248523	EIIAPNFK:0.23076923076923078	MASRTAVV:0.20710059171597633	FRIWHARR:0.20118343195266272	HARRNVEM:0.20710059171597633	MDAVIATS:0.33727810650887574	WHARRNVE:0.20710059171597633	RMDAVIAT:0.31952662721893493	LIRRMDAV:0.31952662721893493	IRRMDAVI:0.28994082840236685	RRMDAVIA:0.28402366863905326	IAATGLPG:0.20118343195266272	WLIRRMDA:0.21893491124260356	KGTDLFVD:0.31952662721893493	
