cluster number:500
GT4:22	GT4:22
LTGLPNYP:0.4090909090909091	VMFAGNIG:0.3181818181818182	PESLEIAG:0.3181818181818182	AGNIGEAQ:0.4090909090909091	YDAIIVHE:0.22727272727272727	TVLTGLPN:0.36363636363636365	MFAGNIGE:0.3181818181818182	MDLWPESL:0.36363636363636365	IIVGDGRK:0.2727272727272727	PIYFWVMD:0.3181818181818182	IYFWVMDL:0.3181818181818182	TPIYFWVM:0.3181818181818182	IVGDGRKM:0.2727272727272727	TGLPNYPE:0.4090909090909091	AIIVHEPS:0.3181818181818182	IIVHEPSP:0.36363636363636365	SEKILITS:0.22727272727272727	NYYSFAFF:0.3181818181818182	DLWPESLE:0.3181818181818182	KILITSKG:0.22727272727272727	YFWVMDLW:0.36363636363636365	WPESLEIA:0.3181818181818182	LWPESLEI:0.3181818181818182	PNYPEGKI:0.4090909090909091	LPNYPEGK:0.3181818181818182	VTVLTGLP:0.36363636363636365	ESLEIAGG:0.3181818181818182	FIIVGDGR:0.2727272727272727	YYSFAFFA:0.3181818181818182	DGRKMPFV:0.3181818181818182	NIGEAQDM:0.22727272727272727	SCIDNLER:0.2727272727272727	IVHEPSPI:0.45454545454545453	EYFPNWAE:0.2727272727272727	DAIIVHEP:0.3181818181818182	FAGNIGEA:0.4090909090909091	KIEYFPNW:0.2727272727272727	ILITSKGF:0.3181818181818182	FWVMDLWP:0.36363636363636365	WVMDLWPE:0.36363636363636365	GNIGEAQD:0.4090909090909091	CIDNLERI:0.3181818181818182	GDGRKMPF:0.3181818181818182	SLEIAGGV:0.2727272727272727	IEYFPNWA:0.2727272727272727	VLTGLPNY:0.4090909090909091	YFPNWAED:0.2727272727272727	VMDLWPES:0.36363636363636365	VGDGRKMP:0.36363636363636365	NYPEGKIY:0.22727272727272727	GLPNYPEG:0.4090909090909091	VTQYFYPE:0.3181818181818182	QYFYPENF:0.22727272727272727	HEPSPITQ:0.3181818181818182	VHEPSPIT:0.3181818181818182	TQYFYPEN:0.22727272727272727	EGFKVMFA:0.22727272727272727	PIFNLTVP:0.22727272727272727	LKDDPIFN:0.22727272727272727	SILEKGDF:0.22727272727272727	GKGGGIRL:0.22727272727272727	RGKGGGIR:0.22727272727272727	FKVMFAGN:0.22727272727272727	DDPIFNLT:0.22727272727272727	FNLTVPAK:0.22727272727272727	GFKVMFAG:0.22727272727272727	PEGFKVMF:0.22727272727272727	DPIFNLTV:0.22727272727272727	KGGGIRLF:0.22727272727272727	IPNYPEGK:0.2727272727272727	MLNGEGAE:0.22727272727272727	KDDPIFNL:0.22727272727272727	IFNLTVPA:0.22727272727272727	LPEGFKVM:0.22727272727272727	GIPNYPEG:0.2727272727272727	AMLNGEGA:0.2727272727272727	LTGIPNYP:0.22727272727272727	VLTGIPNY:0.22727272727272727	VTVLTGIP:0.22727272727272727	
