cluster number:552
GT4:17	GT4:17
VVHAHGLR:0.29411764705882354	HAHGLRAG:0.35294117647058826	VARLAPQK:0.23529411764705882	ADVVHAHG:0.35294117647058826	RLAPQKGL:0.23529411764705882	DVVHAHGL:0.29411764705882354	VHAHGLRA:0.29411764705882354	RADVVLGV:0.29411764705882354	GADVVHAH:0.29411764705882354	ARLAPQKG:0.23529411764705882	ADVVLGVS:0.29411764705882354	LPVVATRV:0.35294117647058826	ATRVGGIP:0.4117647058823529	PVVATRVG:0.4117647058823529	VVATRVGG:0.35294117647058826	VATRVGGI:0.4117647058823529	GLPVVATR:0.35294117647058826	GVGRHVRS:0.23529411764705882	DLLAAADV:0.23529411764705882	GGVGRHVR:0.23529411764705882	RLAEQKGL:0.23529411764705882	RVGGIPDL:0.35294117647058826	VGGIPDLY:0.29411764705882354	LGVSGDLV:0.29411764705882354	VLGVSGDL:0.29411764705882354	WEGPSLVI:0.23529411764705882	ALRAGLPV:0.23529411764705882	PVVSTRVG:0.23529411764705882	VVSTRVGG:0.23529411764705882	GPSLVIME:0.23529411764705882	VADLLAAA:0.23529411764705882	LRAGLPVV:0.23529411764705882	ADLLAAAD:0.23529411764705882	GLPVVSTR:0.23529411764705882	VVLGVSGD:0.23529411764705882	PSLVIMEA:0.23529411764705882	GALCALAG:0.23529411764705882	TRVGGIPD:0.35294117647058826	AGALCALA:0.23529411764705882	VIMEALRA:0.23529411764705882	IMEALRAG:0.23529411764705882	MEALRAGL:0.23529411764705882	LPVVSTRV:0.23529411764705882	EALRAGLP:0.23529411764705882	SLVIMEAL:0.23529411764705882	DVVLGVSG:0.23529411764705882	LVIMEALR:0.23529411764705882	ALCALAGA:0.23529411764705882	DVADLLAA:0.23529411764705882	EGPSLVIM:0.23529411764705882	RAGALCAL:0.23529411764705882	
