cluster number:1199
GT4:42	GT4:42|GT2:1
MPLAILEA:0.5476190476190477	LLPLLSGV:0.2857142857142857	FDIVHTHS:0.3333333333333333	PLLSGVQR:0.42857142857142855	HTHSSKTG:0.5238095238095238	RLWPQKNP:0.2619047619047619	HTVHGFSF:0.2619047619047619	LPSLWEGM:0.38095238095238093	PSLWEGMP:0.38095238095238093	QLLPLLSG:0.2857142857142857	VLPSLWEG:0.35714285714285715	IVHTHSSK:0.47619047619047616	GMPLAILE:0.5238095238095238	WEGMPLAI:0.5238095238095238	VHTHSSKT:0.5	LPLLSGVQ:0.2857142857142857	SLWEGMPL:0.38095238095238093	FVLPSLWE:0.35714285714285715	LWEGMPLA:0.38095238095238093	IVHTVHGF:0.2857142857142857	EGMPLAIL:0.5238095238095238	DIVHTHSS:0.47619047619047616	GRLWPQKN:0.2619047619047619	LWPQKNPL:0.21428571428571427	LLSGVQRV:0.42857142857142855	TVHGFSFP:0.21428571428571427	FVLPSRWE:0.23809523809523808	VLPSRWEG:0.23809523809523808	PLAILEAQ:0.23809523809523808	LGRVAAKL:0.21428571428571427	GRVAAKLA:0.21428571428571427	VFTMVGRL:0.21428571428571427	FTMVGRLW:0.23809523809523808	PSRWEGMP:0.21428571428571427	LPSRWEGM:0.21428571428571427	SGVQRVSL:0.23809523809523808	LSGVQRVS:0.23809523809523808	HTVHGFAF:0.3333333333333333	VHTVHGFA:0.30952380952380953	KFDIVHTH:0.23809523809523808	VFVLPSLW:0.21428571428571427	DVFVLPSL:0.21428571428571427	HSSKTGIL:0.21428571428571427	SKTGILGR:0.21428571428571427	THSSKTGI:0.21428571428571427	SSKTGILG:0.21428571428571427	
