cluster number:2272
GT4:31	GT4:31
RLVILGEG:0.22580645161290322	ARLVILGE:0.22580645161290322	LPTVLIEA:0.7096774193548387	IEAMACGC:0.41935483870967744	PVFLAVGR:0.3225806451612903	LVEHNTLS:0.22580645161290322	PTVLIEAM:0.6451612903225806	SSRWEGLP:0.3225806451612903	VFLAVGRL:0.3548387096774194	LIEAMACG:0.4838709677419355	VLIEAMAC:0.4838709677419355	RWEGLPTV:0.3225806451612903	ATDCPSGP:0.25806451612903225	LSSRWEGL:0.41935483870967744	VLSSRWEG:0.3870967741935484	IATDCPSG:0.25806451612903225	SRWEGLPT:0.3225806451612903	EGLPTVLI:0.6129032258064516	GLPTVLIE:0.6129032258064516	PPVFLAVG:0.2903225806451613	WEGLPTVL:0.4838709677419355	TVLIEAMA:0.6129032258064516	VIATDCPS:0.25806451612903225	EAMACGCP:0.2903225806451613	FVLSSRWE:0.3225806451612903	AMACGCPV:0.2903225806451613	PVIATDCP:0.22580645161290322	
