cluster number:754
GT4:27	GT4:27
MGGGVFTY:0.3333333333333333	GGVFTYIV:0.2962962962962963	YTPHGYSF:0.7407407407407407	VEAMGGGV:0.3333333333333333	VFTYIVDL:0.25925925925925924	AMGGGVFT:0.3333333333333333	GVFTYIVD:0.2962962962962963	WIGDGELR:0.25925925925925924	TPHGYSFL:0.7407407407407407	FTYIVDLA:0.25925925925925924	FDKRIHLI:0.2222222222222222	FYTPHGYS:0.6666666666666666	TYIVDLAN:0.25925925925925924	LFYTPHGY:0.2222222222222222	GGGVFTYI:0.3333333333333333	EAMGGGVF:0.3333333333333333	KFVWIGDG:0.2222222222222222	PHGYSFLM:0.5185185185185185	TSLWEGLP:0.37037037037037035	LPISLLEA:0.25925925925925924	IIHLHSSK:0.2222222222222222	SLWEGLPI:0.3333333333333333	WEGLPISL:0.37037037037037035	GLPISLLE:0.4074074074074074	HLHSSKAG:0.5555555555555556	PISLLEAM:0.2222222222222222	IHLHSSKA:0.5185185185185185	EGLPISLL:0.4074074074074074	SSKAGVLG:0.2962962962962963	VFYTPHGY:0.25925925925925924	TYVNNGIN:0.2222222222222222	SKAGVLGR:0.2222222222222222	IVEAMGGG:0.2222222222222222	HSSKAGVL:0.25925925925925924	LHSSKAGV:0.2962962962962963	DVIHLHSS:0.3333333333333333	PDVIHLHS:0.3333333333333333	VIHLHSSK:0.25925925925925924	
