cluster number:703
GT4:18	GT4:18
SVVEGFGI:0.4444444444444444	YKRVEDLI:0.2222222222222222	GGAEACAF:0.2777777777777778	EACAFNEA:0.2777777777777778	AEACAFNE:0.2777777777777778	RLVEYKRV:0.2777777777777778	IIGTGPLE:0.4444444444444444	IGYNFITH:0.3888888888888889	VVHNMVDF:0.2777777777777778	GYNFITHP:0.3333333333333333	KHEVTVLT:0.2222222222222222	IRGGAEAC:0.3333333333333333	ACAFNEAL:0.2777777777777778	HEVTVLTS:0.2222222222222222	GAEACAFN:0.2777777777777778	SVVHNMVD:0.2777777777777778	RGGAEACA:0.3333333333333333	DIRGGAEA:0.2222222222222222	ARYHDVWI:0.3888888888888889	HDVWIGEW:0.3888888888888889	YHDVWIGE:0.3888888888888889	VEGFGIVV:0.3888888888888889	VARYHDVW:0.2222222222222222	VIGYNFIT:0.3888888888888889	RYHDVWIG:0.3888888888888889	GIVVVEAM:0.2777777777777778	ESWVFCLP:0.2777777777777778	NFITHPVA:0.2777777777777778	RIIGTGPL:0.2777777777777778	AESWVFCL:0.2777777777777778	EGFGIVVV:0.2777777777777778	VVEAMGCG:0.2777777777777778	FCLPSVVE:0.3333333333333333	PSVVEGFG:0.6666666666666666	ICIVTEYF:0.3888888888888889	YNFITHPV:0.2777777777777778	VVVEAMGC:0.2777777777777778	EAMGCGTP:0.2777777777777778	VTVLTSRT:0.2777777777777778	VHNMVDFR:0.2222222222222222	VSRLVEYK:0.2777777777777778	TVLTSRTP:0.2777777777777778	VFCLPSVV:0.2777777777777778	IVVVEAMG:0.2777777777777778	CIVTEYFP:0.3888888888888889	RICIVTEY:0.2777777777777778	VEAMGCGT:0.2777777777777778	LPSVVEGF:0.6111111111111112	CLPSVVEG:0.3888888888888889	FITHPVAW:0.2777777777777778	VVEGFGIV:0.3333333333333333	GFGIVVVE:0.2777777777777778	VLTSRTPE:0.2777777777777778	MRICIVTE:0.2777777777777778	FGIVVVEA:0.2777777777777778	CVSRLVEY:0.2777777777777778	SRLVEYKR:0.2777777777777778	SWVFCLPS:0.2777777777777778	WVFCLPSV:0.2777777777777778	AMGCGTPF:0.2777777777777778	CRIIGTGP:0.2777777777777778	TSRTPENP:0.2777777777777778	LTSRTPEN:0.2777777777777778	FMLSAYRE:0.2222222222222222	IAESWVFC:0.2222222222222222	TLSRRFDR:0.2222222222222222	DAVIGYNF:0.2222222222222222	LERYTLSR:0.2222222222222222	PVAWMIAG:0.2222222222222222	SFMLSAYR:0.2222222222222222	AVIGYNFI:0.2222222222222222	AFNEALKL:0.2222222222222222	RLSFMLSA:0.2222222222222222	SIACVSRL:0.2222222222222222	RSYVQAGS:0.2222222222222222	LSFMLSAY:0.2222222222222222	ALARYHDV:0.2222222222222222	VAWMIAGK:0.2222222222222222	ACVSRLVE:0.2222222222222222	AADVFRDY:0.2222222222222222	VIAESWVF:0.2222222222222222	VSVVHNMV:0.2222222222222222	MGCGTPFV:0.2222222222222222	FNEALKLS:0.2222222222222222	EAADVFRD:0.2222222222222222	PSIACVSR:0.2222222222222222	GCGTPFVA:0.2222222222222222	NEALKLSE:0.2222222222222222	ERYTLSRR:0.2222222222222222	IACVSRLV:0.2222222222222222	YTLSRRFD:0.2222222222222222	EALKLSEK:0.2222222222222222	THPVAWMI:0.2222222222222222	PDAVIGYN:0.2222222222222222	LARYHDVW:0.2222222222222222	CAFNEALK:0.2222222222222222	ITHPVAWM:0.2222222222222222	SYVQAGSI:0.2222222222222222	ALKLSEKH:0.2222222222222222	MLSAYREG:0.2222222222222222	HPVAWMIA:0.2222222222222222	RYTLSRRF:0.2222222222222222	
