cluster number:628
GT4:14	GT4:14
VYTPHSFA:0.2857142857142857	HGGVATAV:0.21428571428571427	TARWDGFP:0.35714285714285715	SRVTPQRD:0.2857142857142857	TPHSFAFE:0.2857142857142857	HLLLSNNA:0.21428571428571427	AHSSFAGV:0.2857142857142857	GVEVTGWL:0.35714285714285715	RWDGFPMS:0.21428571428571427	IGDGDGKD:0.2857142857142857	VVYTPHSF:0.2857142857142857	AFERADIP:0.2857142857142857	PLLVRDIP:0.2857142857142857	AGVEVTGW:0.42857142857142855	HTARWDGF:0.35714285714285715	PVVYTPHS:0.2857142857142857	LLVRDIPA:0.2857142857142857	VHAHSSFA:0.5	ILHVTDCY:0.21428571428571427	PHSFAFER:0.2857142857142857	GVPLLVRD:0.2857142857142857	HSSFAGVY:0.2857142857142857	SFAFERAD:0.2857142857142857	VPVVYTPH:0.35714285714285715	DGFPMSVL:0.21428571428571427	VVSRVTPQ:0.2857142857142857	VSRVTPQR:0.2857142857142857	PQRDPAFF:0.2857142857142857	VWIGDGDG:0.2857142857142857	ARWDGFPM:0.35714285714285715	YTPHSFAF:0.2857142857142857	HSFAFERA:0.2857142857142857	PDVVHAHS:0.2857142857142857	RPDVVHAH:0.21428571428571427	FVWIGDGD:0.2857142857142857	TRFVWIGD:0.21428571428571427	RFVWIGDG:0.2857142857142857	GFPMSVLE:0.21428571428571427	QRDPAFFA:0.21428571428571427	TPQRDPAF:0.2857142857142857	RVTPQRDP:0.2857142857142857	VGVVSRVT:0.21428571428571427	VHTARWDG:0.21428571428571427	WIGDGDGK:0.2857142857142857	DAGVEVTG:0.2857142857142857	LLLSNNAR:0.21428571428571427	GVVSRVTP:0.2857142857142857	VTPQRDPA:0.2857142857142857	VPLLVRDI:0.2857142857142857	WDGFPMSV:0.21428571428571427	FAFERADI:0.2857142857142857	HAHSSFAG:0.7142857142857143	DVVHAHSS:0.35714285714285715	VVHAHSSF:0.42857142857142855	LVRDIPAL:0.2857142857142857	RWDGFPMA:0.21428571428571427	VRDIPALR:0.21428571428571427	GDGDGKDA:0.21428571428571427	DIPALREC:0.21428571428571427	WDGFPMAV:0.21428571428571427	IPALRECP:0.2857142857142857	AHSSFAGA:0.35714285714285715	PALRECPA:0.2857142857142857	HSSFAGAY:0.35714285714285715	DGFPMAVL:0.21428571428571427	QYARLTPE:0.21428571428571427	FPMAVLEA:0.2857142857142857	RDIPALRE:0.21428571428571427	GFPMAVLE:0.35714285714285715	RILHVTDC:0.21428571428571427	IHAHSSFA:0.21428571428571427	
