cluster number:1559
GT4:15	GT4:15
LFLGNTAP:0.2	ESFGLPLL:0.26666666666666666	FGNLYRRF:0.2	FLGNTAPK:0.2	DFLHSTCN:0.2	FLHSTCNT:0.2	SLRESFGL:0.4666666666666667	NTSSMPEV:0.26666666666666666	LRESFGLP:0.4	TLHDIIYL:0.2	HDIIYLEK:0.2	QNFGNLYR:0.2	NFGNLYRR:0.2	LYPSLRES:0.3333333333333333	LHSTCNTS:0.2	NTAPKKNT:0.2	LDFLHSTC:0.2	LGNTAPKK:0.2	YQNFGNLY:0.2	SFGLPLLE:0.26666666666666666	TSSMPEVA:0.3333333333333333	PSLRESFG:0.4666666666666667	GNTAPKKN:0.2	FGLPLLEA:0.26666666666666666	YPSLRESF:0.4	FLYPSLRE:0.3333333333333333	ILFLGNTA:0.2	LFLYPSLR:0.2	FILFLGNT:0.26666666666666666	LHDIIYLE:0.2	SNTSSMPE:0.2	ILEAMACG:0.2	PILEAMAC:0.4	SFGLPILE:0.5333333333333333	ESFGLPIL:0.4	GLPILEAM:0.4	FGLPILEA:0.5333333333333333	LPILEAMA:0.4	RESFGLPI:0.3333333333333333	SSMPEVAG:0.3333333333333333	GNTDPKKN:0.2	RIGIEAQR:0.2	MRIGIEAQ:0.2	IESFGLPL:0.2	
