cluster number:2106
GT4:15	GT4:15
LVVGDGPL:0.26666666666666666	PEAIVEGK:0.2	ILHAHSSK:0.26666666666666666	HNSIFYEE:0.2	FTDRIITV:0.2	PSVTEGLP:0.3333333333333333	AHSSKGAL:0.2	LGPVIGTI:0.2	RIITVSEA:0.2	VVRPAAGG:0.26666666666666666	DIFVLPSV:0.26666666666666666	IPELGPVI:0.2	HSSKGALV:0.2	PLTILEAM:0.3333333333333333	DRIITVSE:0.2	AMAAGKPV:0.5333333333333333	ALAVALAG:0.2	LPSVTEGL:0.3333333333333333	VIGTIARL:0.2	PVIGTIAR:0.2	GTIARLAP:0.3333333333333333	HVVRPAAG:0.26666666666666666	IARLAPQK:0.3333333333333333	IVEGKTGL:0.2	EGKTGLVV:0.2	IFVLPSVT:0.26666666666666666	AIVEGKTG:0.2	EAIVEGKT:0.2	VSEALKQE:0.2	PVVATRVG:0.3333333333333333	TEGLPLTI:0.3333333333333333	LHAHSSKG:0.2	FLVVGDGP:0.26666666666666666	ITVSEALK:0.2	VTEGLPLT:0.26666666666666666	VEGKTGLV:0.2	IGTIARLA:0.26666666666666666	AGKPVVAT:0.4666666666666667	ARFTDRII:0.2	RFTDRIIT:0.2	VVATRVGG:0.3333333333333333	FVLPSVTE:0.3333333333333333	ILEAMAAG:0.4	GPVIGTIA:0.2	DPEALAVA:0.2	LARFTDRI:0.2	LPLTILEA:0.3333333333333333	KPVVATRV:0.3333333333333333	EGLPLTIL:0.3333333333333333	SSKGALVG:0.2	VVGDGPLR:0.3333333333333333	MAAGKPVV:0.6	VLPSVTEG:0.3333333333333333	PEALAVAL:0.2	LHVVRPAA:0.26666666666666666	EALAVALA:0.2	NSIFYEEW:0.2	PRDPEALA:0.2	EAMAAGKP:0.5333333333333333	ELGPVIGT:0.2	IITVSEAL:0.2	GKPVVATR:0.3333333333333333	LEAMAAGK:0.5333333333333333	SEALKQEL:0.2	SKGALVGR:0.2	HAHSSKGA:0.2	SVTEGLPL:0.3333333333333333	PELGPVIG:0.2	TIARLAPQ:0.3333333333333333	TDRIITVS:0.26666666666666666	TILEAMAA:0.3333333333333333	LTILEAMA:0.3333333333333333	RLAPQKGV:0.4	AAGKPVVA:0.5333333333333333	ARLAPQKG:0.4	VGDGPLRE:0.3333333333333333	GLPLTILE:0.3333333333333333	NFLVVGDG:0.2	TVSEALKQ:0.2	TRVGGIPE:0.2	VRPAAGGM:0.2	ATRVGGIP:0.2	AHNSIFYE:0.2	VGDGPLRQ:0.2	AGGMKNHL:0.2	GGMKNHLL:0.26666666666666666	APQKGVSY:0.26666666666666666	RVGGIPEA:0.2	VGGIPEAI:0.2	KIKVLHVV:0.2	KVLHVVRP:0.2	QKGVSYFL:0.2	PQKGVSYF:0.2	TAHNSIFY:0.2	VATRVGGI:0.2	ALAGLLGE:0.2	LAPQKGVS:0.26666666666666666	PAAGGMKN:0.2	VLHVVRPA:0.2	RPAAGGMK:0.26666666666666666	LTTIYNGI:0.2	AAGGMKNH:0.2	LAGLLGER:0.2	IKVLHVVR:0.2	
