cluster number:2368
GT4:91	GT4:91|GT2:1
EAMAAGLP:0.5714285714285714	AMAAGLPV:0.4835164835164835	FALSSDSE:0.3516483516483517	LIHHEDGF:0.5274725274725275	ALSSDSEQ:0.3516483516483517	KEARAVRL:0.3956043956043956	EARAVRLM:0.3956043956043956	LGGKEARA:0.46153846153846156	PLIHHEDG:0.4725274725274725	EDGFNADE:0.24175824175824176	HHEDGFNA:0.24175824175824176	RAVRLMNL:0.2087912087912088	GKEARAVR:0.3956043956043956	SEQFPISL:0.24175824175824176	PPLIHHED:0.46153846153846156	GGKEARAV:0.42857142857142855	ARAVRLMN:0.3956043956043956	GLFDIFAL:0.38461538461538464	HEDGFNAD:0.24175824175824176	FDIFALSS:0.43956043956043955	MAAGLPVA:0.3076923076923077	SLGGKEAR:0.27472527472527475	IHHEDGFN:0.5384615384615384	SSDSEQFP:0.3076923076923077	SDSEQFPI:0.27472527472527475	NWGAMDAV:0.2087912087912088	YNWGAMDA:0.25274725274725274	IFALSSDS:0.27472527472527475	DGFNADEA:0.21978021978021978	SFSLGGKE:0.27472527472527475	FSLGGKEA:0.27472527472527475	LFDIFALS:0.3956043956043956	DIFALSSD:0.27472527472527475	VEAMAAGL:0.26373626373626374	LSSDSEQF:0.3076923076923077	DSEQFPIS:0.27472527472527475	TYNWGAMD:0.23076923076923078	PRLVRAVA:0.24175824175824176	VGTLAGLR:0.31868131868131866	IEAMAAGL:0.27472527472527475	LPPLIHHE:0.3626373626373626	RLVIVGEG:0.21978021978021978	LVIVGEGP:0.2967032967032967	VIVGEGPE:0.2857142857142857	HHEDGFNE:0.4725274725274725	EDGFNEDE:0.4725274725274725	IVGEGPER:0.23076923076923078	HEDGFNED:0.4725274725274725	VHHEDGFN:0.21978021978021978	VLTYNWGA:0.24175824175824176	DLVLTYNW:0.26373626373626374	LVLTYNWG:0.26373626373626374	DGFNEDEA:0.21978021978021978	
