cluster number:207
GT4:21	GT4:21
EYAVPTKA:0.23809523809523808	YMACGIPF:0.5714285714285714	SESLMGVA:0.2857142857142857	KKKWVMDV:0.3333333333333333	ILAMKKVN:0.2857142857142857	GVAPLKKL:0.2857142857142857	AVPTKAYE:0.23809523809523808	PLKKLKTL:0.3333333333333333	VILAMKKV:0.2857142857142857	ASISLGFL:0.38095238095238093	ESLMGVAP:0.2857142857142857	KWVMDVRD:0.3333333333333333	HFPPEKSG:0.3333333333333333	LGFLKKGS:0.23809523809523808	MGVAPLKK:0.2857142857142857	GHAQDLED:0.2857142857142857	VAPLKKLK:0.2857142857142857	SLGFLKKG:0.23809523809523808	EDVILAMK:0.2857142857142857	DLWINASI:0.3333333333333333	ICVTTEEL:0.2857142857142857	EYMACGIP:0.5714285714285714	DVRDLWIN:0.3333333333333333	KKWVMDVR:0.3333333333333333	LWINASIS:0.3333333333333333	CVTTEELG:0.2857142857142857	EGEIRKLA:0.23809523809523808	SISLGFLK:0.2857142857142857	TKAYEYMA:0.5238095238095238	CGIPFVGC:0.38095238095238093	VRDLWINA:0.3333333333333333	AYEYMACG:0.5714285714285714	ACGIPFVG:0.42857142857142855	QDLEDVIL:0.2857142857142857	LAMKKVNE:0.2857142857142857	KFDVIITS:0.2857142857142857	INASISLG:0.3333333333333333	KTLEYAVP:0.23809523809523808	LEDVILAM:0.2857142857142857	KKGSLFEK:0.23809523809523808	VMDVRDLW:0.3333333333333333	IYAGNIGH:0.23809523809523808	LKKLKTLE:0.3333333333333333	KSGNASRI:0.3333333333333333	DVILAMKK:0.2857142857142857	KNQIIYAG:0.23809523809523808	GNIGHAQD:0.42857142857142855	APLKKLKT:0.3333333333333333	ISQHFPPE:0.23809523809523808	YAVPTKAY:0.23809523809523808	WINASISL:0.3333333333333333	LKKGSLFE:0.23809523809523808	GIPFVGCG:0.38095238095238093	YEYMACGI:0.5714285714285714	MDVRDLWI:0.3333333333333333	KLKTLEYA:0.3333333333333333	TLEYAVPT:0.23809523809523808	IGHAQDLE:0.38095238095238093	NIGHAQDL:0.38095238095238093	QIIYAGNI:0.23809523809523808	SQHFPPEK:0.3333333333333333	DLEDVILA:0.2857142857142857	SLMGVAPL:0.2857142857142857	LMGVAPLK:0.2857142857142857	GEGEIRKL:0.23809523809523808	VTVLAPHP:0.38095238095238093	RDLWINAS:0.3333333333333333	TEELGQDI:0.2857142857142857	WVMDVRDL:0.3333333333333333	KAYEYMAC:0.5714285714285714	PPEKSGNA:0.3333333333333333	FLKKGSLF:0.23809523809523808	AQDLEDVI:0.2857142857142857	GFLKKGSL:0.23809523809523808	NQIIYAGN:0.23809523809523808	NASISLGF:0.2857142857142857	IIYAGNIG:0.23809523809523808	VTTEELGQ:0.2857142857142857	VPTKAYEY:0.23809523809523808	HAQDLEDV:0.2857142857142857	FKKKWVMD:0.3333333333333333	PTKAYEYM:0.5238095238095238	YAGNIGHA:0.38095238095238093	PEKSGNAS:0.3333333333333333	LEYAVPTK:0.2857142857142857	KKLKTLEY:0.3333333333333333	TTEELGQD:0.2857142857142857	MACGIPFV:0.42857142857142855	AGNIGHAQ:0.38095238095238093	ISLGFLKK:0.2857142857142857	QHFPPEKS:0.3333333333333333	EKSGNASR:0.3333333333333333	KKNQIIYA:0.23809523809523808	FPPEKSGN:0.3333333333333333	LKTLEYAV:0.23809523809523808	RDLWIDAS:0.23809523809523808	DLWIDASI:0.23809523809523808	EELGQDIV:0.23809523809523808	GEIRKLAE:0.2857142857142857	VIITSAPP:0.3333333333333333	FDVIITSA:0.3333333333333333	DVIITSAP:0.3333333333333333	AYYLSFPL:0.23809523809523808	ITSAPPIF:0.23809523809523808	TSAPPIFT:0.2857142857142857	SAPPIFTG:0.2857142857142857	RKFDVIIT:0.23809523809523808	YYLSFPLH:0.23809523809523808	IITSAPPI:0.23809523809523808	MAYYLSFP:0.23809523809523808	
