cluster number:89
GT4:54	GT4:54
SSCGWGGQ:0.5555555555555556	SCGWGGQE:0.6296296296296297	RILTESQG:0.5185185185185185	QGIMQAMA:0.4074074074074074	LNAMDLFA:0.2222222222222222	SFGNEGVP:0.35185185185185186	LTESQGMM:0.2222222222222222	SILHTESS:0.2037037037037037	DCLNAMDL:0.2222222222222222	CGWGGQEI:0.6111111111111112	TESSCGWG:0.5555555555555556	TLPIEKKR:0.2037037037037037	DVPDCLNA:0.35185185185185186	QFDVINTH:0.35185185185185186	PVVSTTVG:0.37037037037037035	DGPQRKNL:0.2962962962962963	MTSVPTGI:0.5185185185185185	GLDNMLDK:0.2037037037037037	SSTDAWLV:0.4074074074074074	LPVVSTTV:0.3333333333333333	ILHTESSC:0.5370370370370371	TTGEKLRQ:0.35185185185185186	AMDLFALP:0.2222222222222222	LPSFGNEG:0.35185185185185186	GIMQAMAC:0.4074074074074074	HIVTTGEK:0.2962962962962963	LDNMLDKM:0.2037037037037037	PQGIMQAM:0.4074074074074074	THSSTDAW:0.4444444444444444	DNMLDKME:0.2777777777777778	CGLPVVST:0.5370370370370371	ILTESQGM:0.5185185185185185	MACGLPVV:0.5370370370370371	NTHSSTDA:0.4444444444444444	TRHVSTDV:0.2037037037037037	MDLFALPS:0.2222222222222222	NAMDLFAL:0.2222222222222222	EGVPQGIM:0.4074074074074074	IVTTGEKL:0.3148148148148148	KPTLGIVA:0.2777777777777778	HSSTDAWL:0.4444444444444444	QAMACGLP:0.6111111111111112	INTHSSTD:0.6481481481481481	LGIVATMR:0.2962962962962963	ALPSFGNE:0.35185185185185186	ACGLPVVS:0.5185185185185185	ESSCGWGG:0.5555555555555556	IMQAMACG:0.5925925925925926	NMLDKMEK:0.2037037037037037	DLFALPSF:0.2222222222222222	GVPQGIMQ:0.4074074074074074	WGGQEIRI:0.6851851851851852	NEGVPQGI:0.3888888888888889	FGNEGVPQ:0.35185185185185186	VRTRHVST:0.5555555555555556	LSILHTES:0.2037037037037037	GLPVVSTT:0.3148148148148148	VSTTVGAI:0.3148148148148148	VPDCLNAM:0.35185185185185186	PSFGNEGV:0.35185185185185186	STDAWLVA:0.3888888888888889	VTTGEKLR:0.3333333333333333	SVPTGIDL:0.5185185185185185	TLGIVATM:0.2962962962962963	AMACGLPV:0.5555555555555556	QEIRILTE:0.6111111111111112	IVRTRHVS:0.2777777777777778	FDVINTHS:0.3888888888888889	FALPSFGN:0.35185185185185186	LHTESSCG:0.5555555555555556	PTLGIVAT:0.2777777777777778	PDCLNAMD:0.35185185185185186	VVSTTVGA:0.35185185185185186	GGQEIRIL:0.6666666666666666	GDGPQRKN:0.2962962962962963	VINTHSST:0.46296296296296297	IRILTESQ:0.5	GNEGVPQG:0.3888888888888889	FGLDNMLD:0.2037037037037037	LFALPSFG:0.2222222222222222	EIRILTES:0.5370370370370371	HTESSCGW:0.5555555555555556	VGDGPQRK:0.35185185185185186	TSVPTGID:0.5555555555555556	RTRHVSTD:0.4074074074074074	RHVSTDVS:0.2037037037037037	GWGGQEIR:0.7037037037037037	MQAMACGL:0.5925925925925926	VPQGIMQA:0.4074074074074074	DVINTHSS:0.46296296296296297	CLNAMDLF:0.2222222222222222	GQEIRILT:0.6111111111111112	TRHVSTDI:0.2037037037037037	RHVSTDIN:0.2037037037037037	YGNEGVPQ:0.2222222222222222	LPSYGNEG:0.2222222222222222	PTLGILAT:0.2037037037037037	PSYGNEGV:0.2222222222222222	GNRDDVPD:0.2037037037037037	SYGNEGVP:0.2222222222222222	LNILHTES:0.3333333333333333	HMTSVPTG:0.3333333333333333	RHIATTGE:0.2037037037037037	HSSTDSWL:0.25925925925925924	NILHTESS:0.3333333333333333	THSSTDSW:0.25925925925925924	NTHSSTDS:0.2222222222222222	PVVSTSVG:0.2222222222222222	LLMVGDGP:0.2037037037037037	GVPQSIMQ:0.2222222222222222	PMVRTRHV:0.2222222222222222	PPMVRTRH:0.2222222222222222	PQSIMQAM:0.2222222222222222	MVRTRHVS:0.2222222222222222	LGNRDDVP:0.2037037037037037	VPQSIMQA:0.2222222222222222	LMVGDGPQ:0.2037037037037037	EGVPQSIM:0.2222222222222222	NEGVPQSI:0.2037037037037037	FLGNRDDV:0.2037037037037037	PIEKKRLS:0.2037037037037037	LPIEKKRL:0.2962962962962963	
