cluster number:1825
GT4:21	GT4:21
AMASGRPV:0.7619047619047619	MASGRPVV:0.7142857142857143	LEAMASGR:0.8571428571428571	EAMASGRP:0.8571428571428571	VLEAMASG:0.47619047619047616	SAAVFSQS:0.3333333333333333	AGEDVHRD:0.3333333333333333	VSAGEDVH:0.3333333333333333	GRPVVMTD:0.2857142857142857	ERLYGRMR:0.2857142857142857	AYVALPHG:0.23809523809523808	DERTGVPA:0.47619047619047616	SDVVFCYD:0.23809523809523808	RDLYRRST:0.23809523809523808	VFCYDERT:0.3333333333333333	LPHGVSAS:0.23809523809523808	VMTDNPGI:0.2857142857142857	TGSGLTVA:0.23809523809523808	LELATALP:0.3333333333333333	AAVFSQSP:0.3333333333333333	TERLYGRM:0.2857142857142857	LTVALEAM:0.2857142857142857	RPVVMTDN:0.2857142857142857	HRLSNYGV:0.23809523809523808	RPNVITGS:0.2857142857142857	SGLTVALE:0.2857142857142857	ALPHGVSA:0.23809523809523808	DPDAFARA:0.23809523809523808	PLVVSAGE:0.3333333333333333	LYGRMRDL:0.3333333333333333	YGRMRDLY:0.3333333333333333	HFAPVGID:0.2857142857142857	RSAAVFSQ:0.3333333333333333	HYVRHDVD:0.23809523809523808	RAEFSSER:0.23809523809523808	IAVRPNVI:0.2857142857142857	APVGIDTD:0.3333333333333333	APLVVSAG:0.2857142857142857	RLYGRMRD:0.3333333333333333	GVDDARLH:0.2857142857142857	ITGSGLTV:0.2857142857142857	PNVITGSG:0.2857142857142857	RYRTGDLE:0.23809523809523808	YVALPHGV:0.23809523809523808	VALPHGVS:0.23809523809523808	VVFCYDER:0.23809523809523808	PVVTGVGW:0.3333333333333333	AEFSSERM:0.23809523809523808	EDVHRDHA:0.3333333333333333	ARSAAVFS:0.3333333333333333	GRMRDLYR:0.38095238095238093	VHRDHALL:0.3333333333333333	ERTGVPAA:0.42857142857142855	VAIAVRPN:0.3333333333333333	AIAVRPNV:0.3333333333333333	RHALARSA:0.23809523809523808	RLHFAPVG:0.2857142857142857	LVPPGDPD:0.23809523809523808	LHFAPVGI:0.2857142857142857	MRDLYRRS:0.3333333333333333	GIDTDFYR:0.3333333333333333	FAPVGIDT:0.3333333333333333	NVITGSGL:0.2857142857142857	LVVSAGED:0.3333333333333333	PPVVTGVG:0.3333333333333333	VVMTDNPG:0.2857142857142857	MSPPVVTG:0.2857142857142857	GSGLTVAL:0.2857142857142857	RMRDLYRR:0.38095238095238093	YDERTGVP:0.5238095238095238	ALEAMASG:0.23809523809523808	PQVELLSR:0.2857142857142857	VVTGVGWL:0.3333333333333333	LHRLSNYG:0.23809523809523808	PPGDPDAF:0.23809523809523808	PYGLHRLS:0.23809523809523808	VVSAGEDV:0.3333333333333333	ASGRPVVM:0.3333333333333333	ARLHFAPV:0.2857142857142857	PVGIDTDF:0.38095238095238093	TVALEAMA:0.23809523809523808	VALEAMAS:0.23809523809523808	RTGDLEIL:0.23809523809523808	YGVTPTFS:0.23809523809523808	YVRHDVDG:0.2857142857142857	TGDLEILE:0.23809523809523808	VPPGDPDA:0.23809523809523808	VFSQSPPQ:0.3333333333333333	QSPPQVEL:0.3333333333333333	AVFSQSPP:0.3333333333333333	GLHRLSNY:0.23809523809523808	PPQVELLS:0.2857142857142857	SQSPPQVE:0.3333333333333333	APYGLHRL:0.23809523809523808	SAGEDVHR:0.3333333333333333	SGRPVVMT:0.42857142857142855	VGIDTDFY:0.38095238095238093	PVVMTDNP:0.2857142857142857	CYDERTGV:0.42857142857142855	SPPQVELL:0.3333333333333333	VDDARLHF:0.2857142857142857	NYGVTPTF:0.23809523809523808	VITGSGLT:0.2857142857142857	VRPNVITG:0.2857142857142857	ALARSAAV:0.3333333333333333	WGVDDARL:0.2857142857142857	YGLHRLSN:0.23809523809523808	ELATALPI:0.23809523809523808	PGDPDAFA:0.23809523809523808	DDARLHFA:0.2857142857142857	GLTVALEA:0.2857142857142857	GDPDAFAR:0.23809523809523808	FSQSPPQV:0.3333333333333333	VTGVGWLT:0.3333333333333333	AVRPNVIT:0.2857142857142857	HRDHALLV:0.3333333333333333	FCYDERTG:0.3333333333333333	DVVFCYDE:0.23809523809523808	DVHRDHAL:0.3333333333333333	SPPVVTGV:0.2857142857142857	DARLHFAP:0.2857142857142857	LARSAAVF:0.3333333333333333	YRTGDLEI:0.23809523809523808	HALARSAA:0.23809523809523808	GEDVHRDH:0.3333333333333333	RMAEHFAS:0.23809523809523808	SERMAEHF:0.23809523809523808	MAEHFASI:0.23809523809523808	EFSSERMA:0.23809523809523808	SSERMAEH:0.23809523809523808	ERMAEHFA:0.23809523809523808	FSSERMAE:0.23809523809523808	VVLEAMAS:0.42857142857142855	TVVLEAMA:0.3333333333333333	
