cluster number:2015
GT4:7	GT4:7
GVLSPFAF:0.42857142857142855	YAHADVFL:0.2857142857142857	VHVHAGVL:0.42857142857142855	TGGIESQV:0.5714285714285714	GIESQVGD:0.42857142857142855	VDLRGRLP:0.2857142857142857	VHVLTATL:0.2857142857142857	PRTGGIES:0.5714285714285714	CFAPRTGG:0.42857142857142855	EAFGIAAL:0.7142857142857143	ALEARTAG:0.42857142857142855	PDVVHVHA:0.5714285714285714	AALEARTA:0.42857142857142855	WHCMLDGT:0.2857142857142857	MRIVHVSD:0.5714285714285714	MRLAPRKR:0.2857142857142857	DVVDLRGR:0.2857142857142857	HVLTATLG:0.2857142857142857	RIVHVSDC:0.5714285714285714	RPDVVHVH:0.2857142857142857	IAALEART:0.7142857142857143	IESQVGDL:0.42857142857142855	GHEVHVLT:0.2857142857142857	IVHVSDCF:0.42857142857142855	GVHVHRLG:0.2857142857142857	HAGVLSPF:0.42857142857142855	AGVLSPFA:0.42857142857142855	VHAGVLSP:0.42857142857142855	LEARTAGL:0.42857142857142855	SDCFAPRT:0.42857142857142855	FAPRTGGI:0.42857142857142855	HVSDCFAP:0.42857142857142855	AHADVFLA:0.2857142857142857	RTGGIESQ:0.5714285714285714	VSDCFAPR:0.42857142857142855	SQVGDLAA:0.42857142857142855	HEVHVLTA:0.2857142857142857	PFAFDGAR:0.2857142857142857	ESQVGDLA:0.42857142857142855	LAPRKRAV:0.2857142857142857	FVTDGVDG:0.2857142857142857	AFGIAALE:0.7142857142857143	SPFAFDGA:0.2857142857142857	DVVHVHAG:0.5714285714285714	RLAPRKRA:0.42857142857142855	HCMLDGTV:0.2857142857142857	VHVSDCFA:0.42857142857142855	VVHVHAGV:0.42857142857142855	VTWHCMLD:0.2857142857142857	LPFDLPVN:0.2857142857142857	LRPDVVHV:0.2857142857142857	TWHCMLDG:0.5714285714285714	RKRAVPLV:0.2857142857142857	PRKRAVPL:0.2857142857142857	DLRGRLPR:0.2857142857142857	PFDLPVNP:0.2857142857142857	DCFAPRTG:0.42857142857142855	TMRLAPRK:0.2857142857142857	EVHVLTAT:0.2857142857142857	LSPFAFDG:0.42857142857142855	APRTGGIE:0.5714285714285714	HADVFLAP:0.2857142857142857	VVDLRGRL:0.2857142857142857	LEAFGIAA:0.5714285714285714	FGIAALEA:1.0	GIAALEAR:1.0	APRKRAVP:0.2857142857142857	HVHAGVLS:0.42857142857142855	EFVTDGVD:0.2857142857142857	VLSPFAFD:0.42857142857142855	RLPFDLPV:0.2857142857142857	GGIESQVG:0.42857142857142855	ADVFLAPA:0.2857142857142857	IAALEARA:0.2857142857142857	TQRLAPRK:0.2857142857142857	GGIETQVG:0.2857142857142857	ITWHCMLD:0.2857142857142857	ETQVGDLA:0.2857142857142857	VATQRLAP:0.2857142857142857	IETQVGDL:0.2857142857142857	GIETQVGD:0.2857142857142857	ATQRLAPR:0.2857142857142857	AITWHCML:0.2857142857142857	LEARAAGL:0.2857142857142857	ALEARAAG:0.2857142857142857	QRLAPRKR:0.2857142857142857	AALEARAA:0.2857142857142857	DVHVLTAT:0.2857142857142857	GGERGGVV:0.2857142857142857	ESFGIAAL:0.2857142857142857	SFGIAALE:0.2857142857142857	LTLVGDGP:0.2857142857142857	PPRTGGIE:0.2857142857142857	LVPRKEPM:0.2857142857142857	HRITARLP:0.2857142857142857	RKEPMELL:0.2857142857142857	PMELLAAL:0.2857142857142857	PVHRITAR:0.2857142857142857	VHRITARL:0.2857142857142857	VPRKEPME:0.2857142857142857	EPMELLAA:0.2857142857142857	GRLVPRKE:0.2857142857142857	RLVPRKEP:0.2857142857142857	TGVADFVR:0.2857142857142857	KEPMELLA:0.2857142857142857	PRKEPMEL:0.2857142857142857	SPFAWAAL:0.2857142857142857	HSAFALAD:0.2857142857142857	GVADFVRH:0.2857142857142857	HTGVADFV:0.2857142857142857	VGRLVPRK:0.2857142857142857	SAFALADE:0.2857142857142857	
