cluster number:2124
GT4:11	GT4:11
PFLEAMAS:0.36363636363636365	GVKVPIFI:0.2727272727272727	TAPVKIIG:0.2727272727272727	MNKFDAVF:0.2727272727272727	MRSRHAIS:0.2727272727272727	RSRHAISR:0.2727272727272727	FDAVFVPT:0.2727272727272727	EGLLRAYW:0.45454545454545453	PHMNKFDA:0.2727272727272727	LGIASRAY:0.2727272727272727	KSTAPVKI:0.2727272727272727	LPTRGEGV:0.9090909090909091	SGIPVIAT:0.45454545454545453	SRHAISRK:0.2727272727272727	AFVLPTRG:0.6363636363636364	AMASGIPV:0.2727272727272727	KNPEGLLR:0.45454545454545453	GWGGHMDF:0.45454545454545453	LEAMASGI:0.2727272727272727	PIFIVPHG:0.36363636363636365	RSAVKKVL:0.2727272727272727	STAPVKII:0.2727272727272727	IATGWGGH:0.45454545454545453	WKPHMNKF:0.2727272727272727	RKNPEGLL:0.45454545454545453	TRGEGVGM:0.36363636363636365	WEEFSASD:0.2727272727272727	YWEEFSAS:0.2727272727272727	QHRKNPEG:0.45454545454545453	SVFGFQHR:0.7272727272727273	VLPTRGEG:0.9090909090909091	RHAISRKF:0.2727272727272727	NPAVSMRS:0.2727272727272727	GEGVGMPF:0.36363636363636365	GLLRAYWE:0.45454545454545453	KVPIFIVP:0.2727272727272727	MASGIPVI:0.2727272727272727	GIASRAYV:0.2727272727272727	FQHRKNPE:1.0	KFDAVFVP:0.2727272727272727	RGEGVGMP:0.36363636363636365	EAMASGIP:0.2727272727272727	SMRSRHAI:0.2727272727272727	KSGLGIAS:0.2727272727272727	GFQHRKNP:0.8181818181818182	SVLLVIKT:0.2727272727272727	VIATGWGG:0.5454545454545454	RAYWEEFS:0.7272727272727273	ASGIPVIA:0.45454545454545453	TGWGGHMD:0.45454545454545453	DAFVLPTR:0.36363636363636365	PAVSMRSR:0.2727272727272727	FGFQHRKN:0.8181818181818182	GLGIASRA:0.2727272727272727	FVLPTRGE:0.9090909090909091	VFGFQHRK:0.7272727272727273	ATGWGGHM:0.45454545454545453	FLEAMASG:0.36363636363636365	IASRAYVR:0.2727272727272727	DSVLLVIK:0.2727272727272727	PEGLLRAY:0.45454545454545453	ILNTVWET:0.5454545454545454	HMNKFDAV:0.2727272727272727	LVIKTNGY:0.45454545454545453	RRSAVKKV:0.2727272727272727	WGGHMDFL:0.36363636363636365	PTRGEGVG:0.9090909090909091	PVIATGWG:0.5454545454545454	KKSGLGIA:0.2727272727272727	LLVIKTNG:0.2727272727272727	LRAYWEEF:0.8181818181818182	SAVKKVLI:0.2727272727272727	IVPHGVNT:0.2727272727272727	AVSMRSRH:0.2727272727272727	NPEGLLRA:0.45454545454545453	VSMRSRHA:0.2727272727272727	VSVFGFQH:0.5454545454545454	IFIVPHGV:0.36363636363636365	LLRAYWEE:0.8181818181818182	GIPVIATG:0.2727272727272727	KPHMNKFD:0.2727272727272727	IPVIATGW:0.2727272727272727	HRKNPEGL:0.45454545454545453	AYWEEFSA:0.45454545454545453	VLLVIKTN:0.2727272727272727	LNTVWETT:0.7272727272727273	VKVPIFIV:0.2727272727272727	SGLGIASR:0.5454545454545454	VILNTVWE:0.2727272727272727	FIVPHGVN:0.2727272727272727	SGVKVPIF:0.2727272727272727	VPIFIVPH:0.2727272727272727	NKFDAVFV:0.2727272727272727	GDAFVLPT:0.2727272727272727	FVSVFGFQ:0.5454545454545454	VWETTRIP:0.45454545454545453	TVWETTRI:0.45454545454545453	NTVWETTR:0.5454545454545454	GVGLPFLE:0.5454545454545454	RFVFVSVF:0.36363636363636365	TRGEGVGL:0.5454545454545454	GEGVGLPF:0.6363636363636364	FVFVSVFG:0.36363636363636365	EGVGLPFL:0.5454545454545454	VFVSVFGF:0.36363636363636365	GRFVFVSV:0.2727272727272727	WGGQMDFL:0.36363636363636365	RGEGVGLP:0.6363636363636364	LESLASGV:0.2727272727272727	PFLESLAS:0.2727272727272727	IILNTVWE:0.2727272727272727	LGIASREY:0.2727272727272727	ESLASGVP:0.2727272727272727	LPFLESLA:0.2727272727272727	RNSGVKVP:0.2727272727272727	GLPFLESL:0.36363636363636365	VGLPFLES:0.36363636363636365	LASGVPVI:0.2727272727272727	GLGIASRE:0.2727272727272727	SLASGVPV:0.2727272727272727	VFVLPTRG:0.2727272727272727	GIASREYV:0.2727272727272727	FLESLASG:0.2727272727272727	HRKNPEAL:0.36363636363636365	QHRKNPEA:0.36363636363636365	KNPEALLR:0.36363636363636365	RKNPEALL:0.36363636363636365	EALLRAYW:0.2727272727272727	NPEALLRA:0.36363636363636365	PEALLRAY:0.36363636363636365	ALLRAYWE:0.2727272727272727	
