cluster number:891
GT4:31	GT4:31
VTVHQEHR:0.3225806451612903	TFNSHAIE:0.4838709677419355	ELRYSLRS:0.5483870967741935	PTFNSHAI:0.4838709677419355	VVTVHQEH:0.3225806451612903	ALPTFNSH:0.25806451612903225	HAIESQLH:0.3548387096774194	SHAIESQL:0.3548387096774194	NSHAIESQ:0.3548387096774194	FNSHAIES:0.3548387096774194	HFLYFNDD:0.45161290322580644	EHFLYFND:0.45161290322580644	DVVYTWVD:0.22580645161290322	LPTFNSHA:0.4838709677419355	SYFPVASQ:0.22580645161290322	AAGVPVVS:0.25806451612903225	GVPVVSYD:0.25806451612903225	RDELRYSL:0.45161290322580644	MKITFLLT:0.41935483870967744	DELRYSLR:0.45161290322580644	AVYTWVDG:0.3225806451612903	DAVYTWVD:0.5483870967741935	AAKNNRAL:0.3548387096774194	AGVPVVSY:0.25806451612903225	GLSEHFLY:0.3225806451612903	TVHQEHRV:0.25806451612903225	FPVDAVYT:0.3870967741935484	TTTPALMA:0.22580645161290322	LVTDDQTP:0.22580645161290322	PHPLRRSV:0.3225806451612903	HPLRRSVL:0.2903225806451613	RNRDELRY:0.22580645161290322	RFRNRDEL:0.3225806451612903	VHQEHRVS:0.22580645161290322	VDAVYTWV:0.3870967741935484	LRYSLRSL:0.3870967741935484	PVDAVYTW:0.3870967741935484	FRNRDELR:0.3225806451612903	NRDELRYS:0.22580645161290322	AIESQLHR:0.22580645161290322	AVYTWVDD:0.22580645161290322	AQAAGVPV:0.3225806451612903	APHPLRRS:0.22580645161290322	EAQAAGVP:0.3548387096774194	AFLPSYFP:0.22580645161290322	HAPHPLRR:0.22580645161290322	LYFNDDVF:0.25806451612903225	FLYFNDDV:0.22580645161290322	TPALMALA:0.22580645161290322	QAAGVPVV:0.25806451612903225	SEHFLYFN:0.2903225806451613	EHRVSELR:0.22580645161290322	CGFVNVGL:0.22580645161290322	QEHRVSEL:0.22580645161290322	PALMALAV:0.22580645161290322	HRVSELRG:0.25806451612903225	LSEHFLYF:0.2903225806451613	LRIFGDGP:0.25806451612903225	SAAKNNRA:0.22580645161290322	GDEMGGTE:0.22580645161290322	AFPLVLLE:0.22580645161290322	WGDEMGGT:0.22580645161290322	EAFPLVLL:0.22580645161290322	NEAFPLVL:0.22580645161290322	
