cluster number:1786
GT4:12	GT4:12
VVVHNGCD:0.3333333333333333	LNLCNLGP:0.5	KIVVVHNG:0.3333333333333333	IVVVHNGC:0.3333333333333333	ASADKIVV:0.5	LEAMALGC:0.5833333333333334	PSLTEGFG:0.6666666666666666	AALYADPF:0.3333333333333333	AMALGCPV:0.6666666666666666	YSAPESYS:0.3333333333333333	NAGALAFP:0.5	HVVPPNVR:0.5	SADKIVVV:0.5	GFGLPPLE:0.75	DFILNLCN:0.5	NGCDHVLQ:0.3333333333333333	PLEAMALG:0.5833333333333334	LGCPVVAA:0.5833333333333334	LANTQKHK:0.5	TIAFNGKF:0.4166666666666667	VVPPNVRF:0.5	PPLEAMAL:0.5833333333333334	ALANTQKH:0.5	ILNLCNLG:0.5	YKFLFFFI:0.4166666666666667	ILTVSEFS:0.25	AFPSLTEG:0.5	GALPEVCG:0.5	VYSAPESY:0.3333333333333333	NLCNLGPL:0.5	DEAVRQSL:0.25	AQVYSAPE:0.3333333333333333	HDAQVYSA:0.3333333333333333	GCPVVAAP:0.5	NTQKHKNI:0.4166666666666667	MALGCPVV:0.5833333333333334	EAMALGCP:0.6666666666666666	NLGHVVPP:0.5	GHVVPPNV:0.5	SAPESYSL:0.3333333333333333	DAQVYSAP:0.3333333333333333	KTIAFNGK:0.3333333333333333	LDDEAVRQ:0.25	RRKDFILN:0.5	HNGCDHVL:0.3333333333333333	VVHNGCDH:0.3333333333333333	FENLGHVV:0.5	LTEGFGLP:0.6666666666666666	GALAFPSL:0.5	DDEAVRQS:0.25	LVLFGGAT:0.4166666666666667	FGLPPLEA:0.75	LAFPSLTE:0.5	VPPNVRFA:0.25	LPPLEAMA:0.5833333333333334	KFLFFFIG:0.4166666666666667	ADKIVVVH:0.3333333333333333	GLPPLEAM:0.75	DFENLGHV:0.25	FILNLCNL:0.5	PPNVRFAG:0.25	AGALAFPS:0.5	ADFENLGH:0.25	QVYSAPES:0.3333333333333333	LGHVVPPN:0.5	ALGCPVVA:0.6666666666666666	IHDAQVYS:0.4166666666666667	AFNGKFFG:0.4166666666666667	TEGFGLPP:0.75	EGFGLPPL:0.75	ANTQKHKN:0.5	YVLALANT:0.3333333333333333	RKDFILNL:0.5	LALANTQK:0.5	ALAFPSLT:0.5	VHNGCDHV:0.3333333333333333	FPSLTEGF:0.6666666666666666	VLALANTQ:0.5	AATDALIA:0.25	SLTEGFGL:0.6666666666666666	FTWKQAAR:0.25	RYVLALAN:0.3333333333333333	KDFILNLC:0.5	DKIVVVHN:0.3333333333333333	IAFNGKFF:0.4166666666666667	ARRKDFIL:0.5	ENLGHVVP:0.5	RMHRIAWE:0.25	GRRHKLIV:0.25	RHKLIVTV:0.25	EQLIAATD:0.3333333333333333	MYKTIAFN:0.25	GLMANAGA:0.25	RVAEQLIA:0.4166666666666667	MANAGALA:0.25	LIHDAQVY:0.3333333333333333	ALYADPFD:0.25	GVASADKI:0.4166666666666667	TLIHDAQV:0.4166666666666667	LARRKDFI:0.4166666666666667	HKLIVTVS:0.25	LYADPFDP:0.25	LVGLMANA:0.25	ATLIHDAQ:0.4166666666666667	ANAGALAF:0.25	FFIGRRHK:0.4166666666666667	YGVASADK:0.4166666666666667	LFFFIGRR:0.4166666666666667	LPLARRKD:0.4166666666666667	TLVLFGGA:0.4166666666666667	MHRIAWEQ:0.25	VTLVLFGG:0.4166666666666667	FFFIGRRH:0.4166666666666667	FRLWYKFL:0.3333333333333333	SAGRRQAG:0.25	IGRRHKLI:0.4166666666666667	SFRLWYKF:0.25	HRVAEQLI:0.4166666666666667	FNGKFFGA:0.3333333333333333	WYKFLFFF:0.3333333333333333	YLPLARRK:0.4166666666666667	FIGRRHKL:0.4166666666666667	FLFFFIGR:0.3333333333333333	VHRVAEQL:0.3333333333333333	RRMHRIAW:0.25	RRHKLIVT:0.25	DCATLIHD:0.25	VAEQLIAA:0.4166666666666667	YKTIAFNG:0.25	LIVTVSEF:0.25	RLWYKFLF:0.3333333333333333	KLIVTVSE:0.25	VGLMANAG:0.25	ELVGLMAN:0.25	IVTVSEFS:0.25	TGVHRVAE:0.25	AEQLIAAT:0.3333333333333333	LMANAGAL:0.25	VTVSEFSR:0.25	GVHRVAEQ:0.3333333333333333	LWYKFLFF:0.3333333333333333	PLARRKDF:0.4166666666666667	AILLKAFA:0.3333333333333333	VASADKIV:0.4166666666666667	CATLIHDA:0.25	LCNLGPLC:0.3333333333333333	PEVCGKAA:0.3333333333333333	EVCGKAAL:0.3333333333333333	IRTVLDDE:0.3333333333333333	GKAALYAD:0.3333333333333333	DYALVVRN:0.25	VCGKAALY:0.3333333333333333	HKNIAILL:0.3333333333333333	NIAILLKA:0.25	KHKNIAIL:0.3333333333333333	LPEVCGKA:0.3333333333333333	VRQSLVSA:0.25	NLGPLCHR:0.3333333333333333	RITDSELV:0.25	QSLVSAGR:0.3333333333333333	KNIAILLK:0.25	GRITDSEL:0.25	KAALYADP:0.3333333333333333	VLFGGATK:0.3333333333333333	CNLGPLCH:0.3333333333333333	TDSELVGL:0.3333333333333333	EQCYLPLA:0.3333333333333333	TQKHKNIA:0.3333333333333333	LGPLCHRD:0.3333333333333333	DSELVGLM:0.3333333333333333	QCYLPLAR:0.3333333333333333	CGKAALYA:0.3333333333333333	RQSLVSAG:0.25	ITDSELVG:0.25	ADYALVVR:0.3333333333333333	IAILLKAF:0.25	ALPEVCGK:0.3333333333333333	LFGGATKA:0.3333333333333333	QKHKNIAI:0.3333333333333333	WEQCYLPL:0.3333333333333333	CYLPLARR:0.3333333333333333	AWEQCYLP:0.25	RIAWEQCY:0.25	IAWEQCYL:0.25	LTVSEFSR:0.25	HRIAWEQC:0.25	
