cluster number:2324
GT4:6	GT4:6
PTLCDGFG:1.0	EAFAQGLP:0.5	GLPVITTD:0.3333333333333333	GTFSIRKG:0.5	SGTVPRSE:0.3333333333333333	VFPTLCDG:0.8333333333333334	VVTEAFAQ:0.5	GFGMVVTE:0.6666666666666666	FSIRKGAH:0.5	VPYGAPPV:0.3333333333333333	ITTDRAGA:0.3333333333333333	NGLIVPAG:0.3333333333333333	VITTDRAG:0.3333333333333333	TVPRSELY:0.3333333333333333	QGLPVITT:0.5	VIANSEFT:0.5	RVVPYGAP:0.5	QAALETAA:0.3333333333333333	AQGLPVIT:0.5	KVRVVPYG:0.5	WAGTFSIR:0.5	IANSEFTK:0.5	MVVTEAFA:0.5	TLCDGFGM:1.0	FAQGLPVI:0.5	TEAFAQGL:0.5	RKGAHYLL:0.6666666666666666	RAGAADLI:0.3333333333333333	AFAQGLPV:0.5	FPTLCDGF:1.0	SIRKGAHY:0.5	GTVPRSEL:0.3333333333333333	FGMVVTEA:0.6666666666666666	LWAGTFSI:0.5	VVPYGAPP:0.5	DRAGAADL:0.3333333333333333	TDRAGAAD:0.3333333333333333	LVFPTLCD:0.8333333333333334	WQWSDYRR:0.5	IRKGAHYL:0.5	VTEAFAQG:0.5	DGFGMVVT:0.6666666666666666	TFSIRKGA:0.5	TTDRAGAA:0.3333333333333333	LCDGFGMV:1.0	AGTFSIRK:0.5	CDGFGMVV:0.8333333333333334	FLWAGTFS:0.5	PVITTDRA:0.3333333333333333	GMVVTEAF:0.5	VRVVPYGA:0.5	LPVITTDR:0.3333333333333333	NSEFTKAS:0.3333333333333333	PFVQQVGR:0.3333333333333333	DVLVFPTL:0.5	PTPFVQQV:0.3333333333333333	TPFVQQVG:0.3333333333333333	SEFTKASY:0.3333333333333333	VQQVGRAL:0.3333333333333333	FVQQVGRA:0.3333333333333333	IYDVPAPE:0.3333333333333333	RQADVLVF:0.3333333333333333	QADVLVFP:0.3333333333333333	ADVLVFPT:0.5	LADVVIAN:0.3333333333333333	CIYDVPAP:0.3333333333333333	ACIYDVPA:0.3333333333333333	VVIANSEF:0.3333333333333333	EFTKASYA:0.3333333333333333	YRQADVLV:0.3333333333333333	ANSEFTKA:0.3333333333333333	HPAPTPFV:0.3333333333333333	VLVFPTLC:0.5	YDVPAPEH:0.3333333333333333	PAPTPFVQ:0.3333333333333333	DVVIANSE:0.3333333333333333	ADVVIANS:0.3333333333333333	APTPFVQQ:0.3333333333333333	GAHYLLQA:0.3333333333333333	AHYLLQAW:0.3333333333333333	KGAHYLLQ:0.3333333333333333	TTPRAGAA:0.3333333333333333	
