cluster number:249
GT4:164	GT4:164
HDVEIVSV:0.27439024390243905	RVGQEHLT:0.2621951219512195	VEIVSVFR:0.3353658536585366	PVVATDCP:0.27439024390243905	GTRPGLNV:0.35365853658536583	DGVDGRLV:0.20121951219512196	GVDGRLVP:0.22560975609756098	PVVSTDCP:0.3597560975609756	TRPGLNVH:0.3048780487804878	VRVGQEHL:0.21951219512195122	GGTIRTTF:0.21341463414634146	DWRLRIYG:0.3719512195121951	PDWRLRIY:0.3719512195121951	FLLHNAYG:0.2682926829268293	MTIVEAMR:0.4695121951219512	NAYGIGGT:0.42073170731707316	LLHNAYGI:0.2621951219512195	AYGIGGTI:0.39634146341463417	VGQEHLTL:0.25	SFGMTIVE:0.49390243902439024	IVEAMRCG:0.36585365853658536	SFLLHNAY:0.20121951219512196	HNAYGIGG:0.40853658536585363	IGGTIRTT:0.4268292682926829	GMTIVEAM:0.5609756097560976	VSVFRHRD:0.24390243902439024	FGMTIVEA:0.573170731707317	ISFLLHNA:0.2073170731707317	LHNAYGIG:0.2621951219512195	YGIGGTIR:0.4573170731707317	GIGGTIRT:0.3719512195121951	RPDWRLRI:0.2682926829268293	RPGLNVHI:0.20121951219512196	ESFGMTIV:0.49390243902439024	TIVEAMRC:0.3719512195121951	TTVTEADA:0.25	VEAMRCGL:0.3170731707317073	VVGTRPGL:0.2621951219512195	MRCGLPVV:0.3353658536585366	IVSVFRHR:0.2804878048780488	LPVVSTDC:0.2682926829268293	KGSIAAVT:0.2865853658536585	WVVAAGRL:0.23780487804878048	VGTRPGLN:0.2926829268292683	CGLPVVST:0.23780487804878048	RLRIYGGG:0.25	WRLRIYGG:0.2682926829268293	GLPVVSTD:0.25609756097560976	AMRCGLPV:0.34146341463414637	GSIAAVTS:0.29878048780487804	EAMRCGLP:0.34146341463414637	EIVSVFRH:0.2804878048780488	RCGLPVVS:0.23780487804878048	DVVVGTRP:0.25	ADVVVGTR:0.24390243902439024	VVVGTRPG:0.22560975609756098	GQEHLTLD:0.21951219512195122	PHGPGEII:0.20121951219512196	CPHGPGEI:0.20121951219512196	
