cluster number:2037
GT4:17	GT4:17
AQACGCPV:0.7058823529411765	MKILLIGN:0.47058823529411764	FPSLQEGF:0.4117647058823529	GKWLGYID:0.29411764705882354	WYKNRLGV:0.4117647058823529	VGKWLGYI:0.23529411764705882	MGLNYPYR:0.23529411764705882	SLQEGFGW:0.4117647058823529	KWLGYIDK:0.6470588235294118	HVGGNQWY:0.29411764705882354	KILLIGNY:0.47058823529411764	ILLIGNYL:0.23529411764705882	EDLRALYS:0.23529411764705882	EGFGWPII:0.6470588235294118	WPIIEAQA:0.5882352941176471	PSLQEGFG:0.4117647058823529	FILHVGGN:0.23529411764705882	QEGFGWPI:0.35294117647058826	EAQACGCP:0.7058823529411765	WLGYIDKF:0.29411764705882354	AIYIDPKN:0.23529411764705882	GFGWPIIE:0.6470588235294118	ALLFPSLQ:0.23529411764705882	YMGLNYPY:0.23529411764705882	LRALYSAA:0.23529411764705882	LLFPSLQE:0.29411764705882354	QACGCPVF:0.5882352941176471	IYIDPKNP:0.23529411764705882	GWPIIEAQ:0.6470588235294118	GLNYPYRP:0.23529411764705882	LFPSLQEG:0.35294117647058826	GNQWYKNR:0.29411764705882354	IEAQACGC:0.7058823529411765	FGWPIIEA:0.6470588235294118	VGGNQWYK:0.29411764705882354	PIIEAQAC:0.5882352941176471	CGCPVFTS:0.5294117647058824	LQEGFGWP:0.4117647058823529	GGNQWYKN:0.29411764705882354	IYMGLNYP:0.23529411764705882	ACGCPVFT:0.5882352941176471	LNYPYRPM:0.29411764705882354	LHVGGNQW:0.29411764705882354	IIEAQACG:0.5882352941176471	GLNYPYTP:0.29411764705882354	LNYPYTPM:0.29411764705882354	LRLSSLSE:0.23529411764705882	GGEAAIYI:0.35294117647058826	LGYIDKLI:0.23529411764705882	ANHWYKNR:0.29411764705882354	HVGANHWY:0.29411764705882354	YIDKLILF:0.23529411764705882	HICDHGNA:0.23529411764705882	VGGEAAIY:0.35294117647058826	ILHVGANH:0.29411764705882354	GANHWYKN:0.29411764705882354	FILHVGAN:0.29411764705882354	VGANHWYK:0.29411764705882354	ATALLFPS:0.35294117647058826	LHVGANHW:0.29411764705882354	FYLVMVGK:0.29411764705882354	SATALLFP:0.23529411764705882	TALLFPSL:0.35294117647058826	GYIDKLIL:0.23529411764705882	IDKLILFP:0.23529411764705882	WLGYIDKL:0.29411764705882354	YLVMVGKP:0.29411764705882354	LLFPSLYE:0.23529411764705882	CPVFTSNR:0.29411764705882354	YEGFGWPI:0.29411764705882354	FPSLYEGF:0.23529411764705882	SLYEGFGW:0.23529411764705882	GCPVFTSN:0.29411764705882354	LYEGFGWP:0.23529411764705882	PSLYEGFG:0.23529411764705882	ALLFPSLY:0.23529411764705882	YKNRLGVL:0.29411764705882354	LFPSLYEG:0.23529411764705882	GEAAIYIE:0.29411764705882354	HWYKNRLG:0.23529411764705882	MGLNYPYT:0.23529411764705882	EAAIYIEP:0.23529411764705882	DVGGEAAI:0.23529411764705882	NHWYKNRL:0.23529411764705882	
