cluster number:2349
GT4:13	GT4:13
PNFLFPGK:0.3076923076923077	FLFPGKSQ:0.38461538461538464	IASFNERL:0.23076923076923078	RQYKGLDI:0.23076923076923078	AGEFYGDE:0.23076923076923078	PFFGPCLG:0.23076923076923078	VILGSAYP:0.23076923076923078	IADNIIPH:0.3076923076923077	LFPGKSQF:0.23076923076923078	IVTRVGGL:0.23076923076923078	QSGITQVA:0.3076923076923077	FPGKSQFS:0.23076923076923078	VNSINPFN:0.23076923076923078	TKVVCIAD:0.23076923076923078	RFWMPFFG:0.23076923076923078	LDILLEAL:0.3076923076923077	GLDILLEA:0.38461538461538464	VCIADNII:0.3076923076923077	VGGLPELV:0.38461538461538464	FGPCLGTI:0.23076923076923078	SGITQVAY:0.3076923076923077	RIVILGSA:0.23076923076923078	LGHEVDIY:0.23076923076923078	TRVGGLPE:0.23076923076923078	MIVTRVGG:0.23076923076923078	QYPNFLFP:0.3076923076923077	CIADNIIP:0.3076923076923077	LFFGFIRQ:0.38461538461538464	HPLYDNYG:0.23076923076923078	VLFFGFIR:0.23076923076923078	VVCIADNI:0.23076923076923078	INPFNWIK:0.23076923076923078	LRGGGIAS:0.23076923076923078	YPNFLFPG:0.3076923076923077	PLRGGGIA:0.3076923076923077	HEVDIYSF:0.23076923076923078	YDLLIVRF:0.23076923076923078	YSFSLQYP:0.3076923076923077	FWMPFFGP:0.23076923076923078	GIASFNER:0.23076923076923078	PMIVTRVG:0.23076923076923078	LAGEFYGD:0.23076923076923078	DLLIVRFW:0.23076923076923078	VVLFFGFI:0.23076923076923078	YPLRGGGI:0.3076923076923077	ASFNERLA:0.3076923076923077	SAYPLRGG:0.3076923076923077	ILGSAYPL:0.23076923076923078	TQSGITQV:0.3076923076923077	LLAGEFYG:0.23076923076923078	SLQYPNFL:0.23076923076923078	DIYSFSLQ:0.23076923076923078	LIVRFWMP:0.23076923076923078	GITQVAYH:0.3076923076923077	PHPLYDNY:0.23076923076923078	PCLGTIQR:0.23076923076923078	EEKKKYSW:0.3076923076923077	NSINPFNW:0.23076923076923078	RGGGIASF:0.23076923076923078	GPCLGTIQ:0.23076923076923078	VKLLLAGE:0.23076923076923078	VRFWMPFF:0.23076923076923078	FSLQYPNF:0.23076923076923078	ADNIIPHE:0.3076923076923077	KLLLAGEF:0.23076923076923078	LLIVRFWM:0.23076923076923078	GGGIASFN:0.23076923076923078	FGFIRQYK:0.38461538461538464	KYSWDTFG:0.23076923076923078	VTRVGGLP:0.23076923076923078	FIRQYKGL:0.38461538461538464	LLLAGEFY:0.23076923076923078	MPFFGPCL:0.23076923076923078	IVRFWMPF:0.23076923076923078	IVILGSAY:0.23076923076923078	IRQYKGLD:0.38461538461538464	HTKVVCIA:0.23076923076923078	IYSFSLQY:0.3076923076923077	VDIYSFSL:0.23076923076923078	KVVLFFGF:0.23076923076923078	SFSLQYPN:0.23076923076923078	LQYPNFLF:0.23076923076923078	LGSAYPLR:0.23076923076923078	MRIVILGS:0.23076923076923078	EVDIYSFS:0.23076923076923078	AYPLRGGG:0.3076923076923077	YKGLDILL:0.5384615384615384	FFGPCLGT:0.23076923076923078	SINPFNWI:0.23076923076923078	KVVCIADN:0.23076923076923078	GGIASFNE:0.23076923076923078	GFIRQYKG:0.38461538461538464	QYKGLDIL:0.23076923076923078	GHEVDIYS:0.23076923076923078	WMPFFGPC:0.23076923076923078	NFLFPGKS:0.3076923076923077	ATQSGITQ:0.3076923076923077	FFGFIRQY:0.38461538461538464	GSAYPLRG:0.3076923076923077	KGLDILLE:0.38461538461538464	PYRSATQS:0.38461538461538464	NVGGLPEL:0.23076923076923078	YTPHPLYD:0.23076923076923078	VVLPYRSA:0.23076923076923078	VLPYRSAT:0.38461538461538464	LPYRSATQ:0.38461538461538464	RSATQSGI:0.38461538461538464	TPHPLYDN:0.23076923076923078	YRSATQSG:0.38461538461538464	IRDYKGLD:0.23076923076923078	ILFFGFIR:0.23076923076923078	YKGLDLLL:0.3076923076923077	YPSFLFPG:0.23076923076923078	PSFLFPGK:0.23076923076923078	
