cluster number:1612
GT4:61	GT4:61
GLPIVSTN:0.21311475409836064	PVSVIEAM:0.3442622950819672	KLLWVRSF:0.2786885245901639	LPIVSTNV:0.21311475409836064	NTTNFDNM:0.21311475409836064	ALGLPIVS:0.26229508196721313	MALGLPIV:0.26229508196721313	SVIEAMAL:0.3770491803278688	VSVIEAMA:0.32786885245901637	IVSTNVGG:0.22950819672131148	LLWVRSFS:0.2459016393442623	IEAMALGL:0.45901639344262296	PIVSTNVG:0.21311475409836064	TTNFDNMP:0.21311475409836064	AMALGLPI:0.2459016393442623	VIEAMALG:0.3770491803278688	FINTTNFD:0.39344262295081966	LGLPIVST:0.26229508196721313	INTTNFDN:0.39344262295081966	EAMALGLP:0.6557377049180327	ILHGGNLP:0.5573770491803278	LKYIPILH:0.21311475409836064	YVLIDTYS:0.26229508196721313	KYIPILHG:0.3442622950819672	IPILHGGN:0.4262295081967213	VLIDTYST:0.5409836065573771	PILHGGNL:0.5573770491803278	YIPILHGG:0.5245901639344263	DNTPVSVI:0.22950819672131148	TPVSVIEA:0.21311475409836064	GPDKDGSL:0.26229508196721313	NTPVSVIE:0.22950819672131148	AMALGLPV:0.4098360655737705	MALGLPVV:0.2786885245901639	ALGLPVVS:0.26229508196721313	FDNTPVSV:0.22950819672131148	IFINTTNF:0.26229508196721313	MVGPDKDG:0.2459016393442623	LGLPVVST:0.2459016393442623	IDTYSTLN:0.22950819672131148	DTYSTLNF:0.21311475409836064	
