cluster number:2081
GT4:27	GT4:27
AHAWVGNT:0.25925925925925924	QTYMGRAT:0.7777777777777778	EPLGNVIL:0.25925925925925924	PLGNVILE:0.25925925925925924	IVQTYMGR:0.7407407407407407	VQTYMGRA:0.7777777777777778	AWVGNTRG:0.2222222222222222	LGNVILEA:0.7777777777777778	HEPLGNVI:0.2222222222222222	YMGRATRL:0.7407407407407407	GRATRLTR:0.2962962962962963	TYMGRATR:0.7777777777777778	MGRATRLT:0.6296296296296297	GNVILEAW:0.7777777777777778	NVILEAWS:0.25925925925925924	HAHAWVGN:0.25925925925925924	NVILEAWA:0.4074074074074074	RLVVLGDG:0.25925925925925924	LRLVVLGD:0.2222222222222222	AREIARHG:0.2962962962962963	TAFRGARE:0.37037037037037035	FRHAHAWI:0.2962962962962963	REIARHGE:0.2222222222222222	GAREIARH:0.2962962962962963	RTVWDPLS:0.4074074074074074	HVARLGGY:0.2222222222222222	AHAWIGNT:0.37037037037037035	PFRHAHAW:0.2962962962962963	RHAHAWIG:0.3333333333333333	TVWDPLSR:0.3333333333333333	LVATAFRG:0.25925925925925924	ATAFRGAR:0.2962962962962963	FRGAREIA:0.2962962962962963	MGGAERWF:0.4444444444444444	VATAFRGA:0.2962962962962963	PIVQTYMG:0.3333333333333333	PLVATAFR:0.25925925925925924	EIARHGED:0.2222222222222222	RGAREIAR:0.2962962962962963	AFRGAREI:0.37037037037037035	VARLGGYY:0.2222222222222222	HAHAWIGN:0.37037037037037035	TRGLCDWM:0.2962962962962963	ETLGNVIL:0.48148148148148145	NTRGLCDW:0.2962962962962963	AETLGNVI:0.3333333333333333	ADLVVFPS:0.25925925925925924	RLGGYYKL:0.25925925925925924	TLGNVILE:0.48148148148148145	GNTRGLCD:0.2962962962962963	FPSRDAET:0.25925925925925924	GEDAWVVP:0.2962962962962963	QHDPAPWF:0.2222222222222222	AGWQHDPA:0.2962962962962963	PSRDAETL:0.25925925925925924	DAETLGNV:0.2962962962962963	YRALYAQL:0.2222222222222222	ADMVVFPS:0.2222222222222222	QYRALYAQ:0.2222222222222222	EDAWVVPC:0.2962962962962963	RVFHITNF:0.25925925925925924	HVSRLGGY:0.2222222222222222	MVVFPSRD:0.2222222222222222	DAWVVPCD:0.37037037037037035	VFPSRDAE:0.2222222222222222	GRATRLTH:0.3333333333333333	APIVQTYM:0.2962962962962963	SDAPIVQT:0.2962962962962963	SRDAETLG:0.25925925925925924	VSRLGGYY:0.2222222222222222	ARSDAPIV:0.2222222222222222	DAPIVQTY:0.2962962962962963	RSDAPIVQ:0.25925925925925924	WAGWQHDP:0.2962962962962963	WQHDPAPW:0.2962962962962963	GWQHDPAP:0.2962962962962963	VHVSRLGG:0.2222222222222222	AWVVPCDD:0.37037037037037035	VFHITNFA:0.25925925925925924	VVFPSRDA:0.2222222222222222	RDAETLGN:0.25925925925925924	DMVVFPSR:0.2222222222222222	LPLRTVWD:0.25925925925925924	LRTVWDPL:0.2222222222222222	RHGEDAWV:0.2222222222222222	PLRTVWDP:0.25925925925925924	VHVARLGG:0.25925925925925924	HGEDAWVV:0.2222222222222222	ARHGEDAW:0.2222222222222222	
