cluster number:1552
GT4:762	GT4:762|GH0:3
PFGLVMIE:0.7480314960629921	LYGGTERV:0.4094488188976378	DVTLFASG:0.5013123359580053	MACGTPVI:0.41338582677165353	PEPFGLVM:0.6181102362204725	PKLYGGTE:0.4540682414698163	PIDWPEPF:0.5721784776902887	HGRLDLPE:0.35039370078740156	LHGRLDLP:0.3937007874015748	PPKLYGGT:0.4540682414698163	LKIAAKVD:0.2532808398950131	WPRALRLD:0.22178477690288714	TLFASGDS:0.7769028871391076	EAVPPKLY:0.2335958005249344	KLYGGTER:0.4540682414698163	EPFGLVMI:0.7493438320209974	VPPKLYGG:0.45013123359580054	WPEPFGLV:0.6404199475065617	PLKIAAKV:0.21653543307086615	VTLFASGD:0.7874015748031497	DWPEPFGL:0.6010498687664042	TTLHGRLD:0.4461942257217848	YGGTERVV:0.4763779527559055	IDWPEPFG:0.5853018372703412	TLHGRLDL:0.4238845144356955	ACGTPVIA:0.4199475065616798	AVPPKLYG:0.2335958005249344	RGSVPEVI:0.20866141732283464	CGTPVIAF:0.32020997375328086	LGHDVTLF:0.2664041994750656	EKRVDTAI:0.2335958005249344	RVVSYLTE:0.2152230971128609	YLAFLGRI:0.547244094488189	GHDVTLFA:0.526246719160105	RIAQIAPL:0.3569553805774278	TERVVSYL:0.22572178477690288	GGTERVVS:0.3648293963254593	VSYLTEAL:0.20078740157480315	VTTLHGRL:0.3031496062992126	HDVTLFAS:0.5144356955380578	GRLDLPEL:0.2152230971128609	PEKRVDTA:0.2335958005249344	ERVVSYLT:0.21916010498687663	GTERVVSY:0.3136482939632546	SYLTEALV:0.2047244094488189	EFDVLHFH:0.23622047244094488	MRIAQIAP:0.3451443569553806	ALLFPIDW:0.48031496062992124	LFPIDWPE:0.45931758530183725	FPIDWPEP:0.5196850393700787	EAMACGTP:0.5459317585301837	GHEVTLFA:0.29658792650918636	LLFPIDWP:0.458005249343832	AMACGTPV:0.5341207349081365	IEAMACGT:0.5354330708661418	HEVTLFAS:0.2755905511811024	EVTLFASG:0.2690288713910761	LGRISPEK:0.4041994750656168	FLGRISPE:0.4015748031496063	GRISPEKR:0.3241469816272966	GLVMIEAM:0.5748031496062992	VMIEAMAC:0.5118110236220472	MIEAMACG:0.510498687664042	FGLVMIEA:0.6062992125984252	AFLGRISP:0.400262467191601	LVMIEAMA:0.505249343832021	LAFLGRIS:0.3858267716535433	KRVDTAIR:0.20866141732283464	RVDTAIRI:0.20866141732283464	VDTAIRIA:0.20866141732283464	
