cluster number:1002
GT4:14	GT4:14
ETFGMTIV:0.2857142857142857	PNPISFDQ:0.21428571428571427	TVGGADLV:0.2857142857142857	GLPGGWAA:0.21428571428571427	SRFETFGM:0.2857142857142857	QPEARAMY:0.21428571428571427	PHHADRIG:0.21428571428571427	GVAEAVTF:0.21428571428571427	PVVHAHVG:0.2857142857142857	TFGMTIVE:0.2857142857142857	VHAHVGLP:0.42857142857142855	EETLAGLE:0.21428571428571427	ARPDARVF:0.2857142857142857	AHVGLPGG:0.21428571428571427	VEAFPHHA:0.2857142857142857	RPDARVFV:0.2857142857142857	PISFDQPR:0.21428571428571427	LVTRCGGP:0.42857142857142855	LPGGWAAL:0.21428571428571427	APVVHAHV:0.21428571428571427	PTVGGADL:0.2857142857142857	DLLVHPSR:0.42857142857142855	LLVHPSRF:0.21428571428571427	HAHVGLPG:0.21428571428571427	HPSRFETF:0.21428571428571427	VFVTEHAT:0.21428571428571427	FPHHADRI:0.21428571428571427	VHPSRFET:0.21428571428571427	CGGPEETL:0.21428571428571427	AFPHHADR:0.21428571428571427	PLVEAFPH:0.2857142857142857	GPEETLAG:0.35714285714285715	VGLPGGWA:0.21428571428571427	MREHDLLV:0.35714285714285715	NPISFDQP:0.21428571428571427	RAGELGVA:0.21428571428571427	RVFVTEHA:0.35714285714285715	RCGGPEET:0.21428571428571427	VLVTRCGG:0.42857142857142855	TRCGGPEE:0.21428571428571427	FGMTIVEA:0.21428571428571427	ELGVAEAV:0.21428571428571427	LVEAFPHH:0.2857142857142857	REHDLLVH:0.35714285714285715	EHDLLVHP:0.35714285714285715	FVTEHATF:0.21428571428571427	VVHAHVGL:0.42857142857142855	RRAGELGV:0.21428571428571427	PDARVFVT:0.2857142857142857	ADRYSYPA:0.21428571428571427	VTRCGGPE:0.42857142857142855	EAFPHHAD:0.21428571428571427	VEENAESI:0.21428571428571427	VTEHATFL:0.2857142857142857	RFETFGMT:0.2857142857142857	DARVFVTE:0.2857142857142857	PVLVTRCG:0.42857142857142855	PSRFETFG:0.21428571428571427	HVGLPGGW:0.21428571428571427	HDLLVHPS:0.42857142857142855	DRYSYPAV:0.21428571428571427	GGPEETLA:0.2857142857142857	LVHPSRFE:0.21428571428571427	ARVFVTEH:0.2857142857142857	RWLFVGGL:0.21428571428571427	PEETLAGL:0.21428571428571427	LGVAEAVT:0.21428571428571427	LADRYSYP:0.21428571428571427	RYSYPAVA:0.21428571428571427	NARPDARV:0.2857142857142857	IPNPISFD:0.21428571428571427	ETFGMTVV:0.21428571428571427	VRRPLVEA:0.21428571428571427	TFGMTVVE:0.21428571428571427	AGLPVLVT:0.35714285714285715	RPLVEAFP:0.21428571428571427	GLPVLVTR:0.35714285714285715	LPVLVTRC:0.21428571428571427	AAGLPVLV:0.35714285714285715	FGMTVVEA:0.21428571428571427	LMREHDLL:0.21428571428571427	RRPLVEAF:0.21428571428571427	AVVTPWYP:0.42857142857142855	AHVGLPSG:0.21428571428571427	HAHVGLPS:0.21428571428571427	HVGLPSGW:0.21428571428571427	VGLPSGWA:0.21428571428571427	VFVTEHAS:0.21428571428571427	TLTLVGEG:0.2857142857142857	LTLTLVGE:0.21428571428571427	GLPSGWAA:0.21428571428571427	FVTEHASF:0.21428571428571427	VTEHASFL:0.21428571428571427	DLAVVTPW:0.2857142857142857	VVTPWYPS:0.2857142857142857	LAVVTPWY:0.2857142857142857	VTPWYPSP:0.35714285714285715	ALPTGRIE:0.35714285714285715	EAPVVHAH:0.21428571428571427	LPTGRIEA:0.35714285714285715	RLARPDAR:0.35714285714285715	PTGRIEAP:0.35714285714285715	APVVHAHT:0.21428571428571427	IEAPVVHA:0.21428571428571427	LARPDARI:0.21428571428571427	WAALRRRP:0.21428571428571427	AWAALRRR:0.21428571428571427	TPWYPSPN:0.21428571428571427	VLYLALGT:0.21428571428571427	AALPTGRI:0.21428571428571427	TGRIEAPL:0.21428571428571427	GRIEAPLV:0.21428571428571427	IEAPLVHA:0.21428571428571427	RIEAPLVH:0.21428571428571427	
