cluster number:903
GT4:6	GT4:6
VKPGVDTE:0.5	KRFIEAGA:0.3333333333333333	LCSLVTGQ:0.6666666666666666	RPIKRFIE:0.3333333333333333	ALARDEPV:0.3333333333333333	GRRPLQAV:0.3333333333333333	FTTAPRPT:0.5	EAQACGLP:1.0	WVASLELC:0.3333333333333333	AQACGLPV:0.5	LLLCMVDA:0.5	ARDEPVGD:0.3333333333333333	CSLVTGQA:0.5	WVSLPDQR:0.5	VASLELCS:0.3333333333333333	VFTTAPRP:0.5	VDTEIFTP:0.3333333333333333	LVVAGRGP:0.3333333333333333	WVPSTYRR:0.5	APRPTWKW:0.6666666666666666	VVAGRGPL:0.3333333333333333	AVFTTAPR:0.3333333333333333	LCMVDAAR:0.6666666666666666	SLPDQRPR:0.5	EAGALAWV:0.5	PDQRPRRE:0.5	TTAPRPTW:0.6666666666666666	TYRRPIKR:0.3333333333333333	VTALARDE:0.3333333333333333	PVVTTRCG:0.3333333333333333	AVVTWENL:0.3333333333333333	PSTYRRPI:0.5	VPPYRQAL:0.3333333333333333	VVKPGVDT:0.5	IRVVKPGV:0.3333333333333333	RPLQAVVT:0.3333333333333333	GVDTEIFT:0.3333333333333333	DAARDHLL:0.5	RRPIKRFI:0.3333333333333333	ASLELCSL:0.3333333333333333	VDAARDHL:0.6666666666666666	SLELCSLV:0.6666666666666666	AAVFTTAP:0.3333333333333333	LLCMVDAA:0.5	RFIEAGAL:0.3333333333333333	IEAGALAW:0.3333333333333333	IKRFIEAG:0.3333333333333333	PIKRFIEA:0.3333333333333333	YRRPIKRF:0.3333333333333333	LQAVVTWE:0.3333333333333333	PGVDTEIF:0.3333333333333333	VSLPDQRP:0.3333333333333333	VPSTYRRP:0.5	CMVDAARD:0.6666666666666666	RRPLQAVV:0.3333333333333333	TALARDEP:0.3333333333333333	PLQAVVTW:0.3333333333333333	QAVVTWEN:0.3333333333333333	TAPRPTWK:0.6666666666666666	ELCSLVTG:0.6666666666666666	LARDEPVG:0.3333333333333333	LPVVTTRC:0.3333333333333333	VAGRGPLE:0.3333333333333333	LWVSLPDQ:0.5	DQRPRREL:0.5	LPDQRPRR:0.5	DTEIFTPA:0.3333333333333333	DWVASLEL:0.3333333333333333	MVDAARDH:0.6666666666666666	GLPVVTTR:0.3333333333333333	STYRRPIK:0.3333333333333333	ACGLPVVT:0.5	QACGLPVV:0.5	TWVPSTYR:0.3333333333333333	FIEAGALA:0.3333333333333333	CGLPVVTT:0.5	EALAAALV:0.3333333333333333	LELCSLVT:0.6666666666666666	KPGVDTEI:0.3333333333333333	RVVKPGVD:0.3333333333333333	YLEAQACG:0.5	PRPTWKWT:0.5	RRELYWMS:0.5	GSLDAHGV:0.3333333333333333	SLDAHGVA:0.3333333333333333	LDAHGVAE:0.3333333333333333	WKWTEQLG:0.5	AHGVAELL:0.3333333333333333	TEQLGLAY:0.5	ELYWMSRM:0.5	AVITWENL:0.3333333333333333	DAHGVAEL:0.3333333333333333	YWMSRMPG:0.3333333333333333	CGTNDEAV:0.5	RPRRELYW:0.3333333333333333	GLAYLEAQ:0.5	VITWENLP:0.3333333333333333	LYWMSRMP:0.5	EQLGLAYL:0.5	QRPRRELY:0.3333333333333333	KWTEQLGL:0.5	LGLAYLEA:0.5	RPTWKWTE:0.5	WMSRMPGT:0.3333333333333333	HGVAELLR:0.3333333333333333	TWKWTEQL:0.5	WTEQLGLA:0.5	AGSLDAHG:0.3333333333333333	QLGLAYLE:0.5	RELYWMSR:0.5	QAVITWEN:0.3333333333333333	PRRELYWM:0.3333333333333333	LAYLEAQA:0.5	LEAQACGL:0.6666666666666666	AYLEAQAC:0.5	PTWKWTEQ:0.5	AQACGLPI:0.5	QACGLPIV:0.5	TTRCGTND:0.3333333333333333	VTTRCGTN:0.3333333333333333	ALAWVRGL:0.3333333333333333	CRDADLLL:0.3333333333333333	DLLLCMVD:0.3333333333333333	SCRDADLL:0.3333333333333333	VTSLELCS:0.3333333333333333	LAWVRGLD:0.3333333333333333	MLWVSLPD:0.3333333333333333	SLVTGQAS:0.3333333333333333	TSLELCSL:0.3333333333333333	RDADLLLC:0.3333333333333333	NKGIDRVL:0.3333333333333333	ADLLLCMV:0.3333333333333333	AGALAWVR:0.3333333333333333	DADLLLCM:0.3333333333333333	WVTSLELC:0.3333333333333333	RCGTNDEA:0.3333333333333333	DWVTSLEL:0.3333333333333333	GALAWVRG:0.3333333333333333	TRCGTNDE:0.3333333333333333	
