cluster number:1944
GT4:38	GT4:38
TAPMALAQ:0.2631578947368421	VVLSLWGS:0.3684210526315789	YDLVHANY:0.3684210526315789	GLTAPMAL:0.2631578947368421	VKEALACN:0.2631578947368421	HANYGLTA:0.3157894736842105	PVVLSLWG:0.42105263157894735	VLSLWGSD:0.39473684210526316	AQPTRPVV:0.23684210526315788	YGLTAPMA:0.2631578947368421	ANYGLTAP:0.3157894736842105	LVHANYGL:0.42105263157894735	LTAPMALA:0.2631578947368421	ALAQPTRP:0.21052631578947367	PTYMNAAD:0.21052631578947367	LAQPTRPV:0.21052631578947367	VHANYGLT:0.34210526315789475	DLVHANYG:0.42105263157894735	RPVVLSLW:0.21052631578947367	YMNAADAL:0.39473684210526316	AHYGLTAP:0.23684210526315788	MNAADALL:0.3157894736842105	NAADALLL:0.2894736842105263	AADALLLT:0.2894736842105263	HAHYGLTA:0.23684210526315788	ADALLLTS:0.2894736842105263	EGSPNSVK:0.23684210526315788	SPNSVKEA:0.23684210526315788	DVGDVRER:0.23684210526315788	GSPNSVKE:0.23684210526315788	VGDVRERL:0.21052631578947367	VKEAMACN:0.23684210526315788	ACNLPVVS:0.21052631578947367	PVVSTDVG:0.23684210526315788	
