cluster number:2143
GT4:35	GT4:35
SNTSSMPE:0.2	MPEVAGDA:0.22857142857142856	VALELIKN:0.2	CTSNTAPL:0.42857142857142855	ITSNTSSM:0.2	PVITSNTS:0.2	LHCTSNTA:0.7142857142857143	VITSNTSS:0.2	RIGIEAQR:0.2	ALELIKNL:0.2	MRIGIEAQ:0.2	PEVAGDAA:0.22857142857142856	LELIKNLQ:0.2	HCTSNTAP:0.7428571428571429	TSNTSSMP:0.2	HDIIFLEK:0.2571428571428571	ILEAMACG:0.3142857142857143	ENEYFIFV:0.22857142857142856	RESFGIPI:0.2	PILEAMAC:0.3142857142857143	IAIEAQRI:0.37142857142857144	FFLGNTDP:0.5714285714285714	KHGMDFVA:0.37142857142857144	LTLHDIIF:0.4857142857142857	GNTDPKKN:0.7428571428571429	FGIPILEA:0.22857142857142856	PTYPLWEQ:0.22857142857142856	MKIAIEAQ:0.34285714285714286	IPILEAMA:0.22857142857142856	LYPSLRES:0.34285714285714286	LEAMACGT:0.5428571428571428	NKHGMDFV:0.3142857142857143	LHDIIFLE:0.37142857142857144	ESFGIPIL:0.2	AIEAQRIF:0.37142857142857144	TSAMPEIA:0.2	CPTYPLWE:0.22857142857142856	PSLRESFG:0.42857142857142855	IEAQRIFR:0.4857142857142857	HGMDFVAL:0.37142857142857144	EAMACGTP:0.6571428571428571	LGNTDPKK:0.7142857142857143	TLHDIIFL:0.42857142857142855	FLGNTDPK:0.6571428571428571	LRESFGIP:0.5142857142857142	YPSLRESF:0.34285714285714286	FLYPSLRE:0.34285714285714286	NTDPKKNT:0.42857142857142855	AMACGTPV:0.5714285714285714	SLRESFGI:0.5142857142857142	GMDFVALE:0.37142857142857144	KIAIEAQR:0.34285714285714286	GIPILEAM:0.22857142857142856	SAMPEIAG:0.2	SFGIPILE:0.2	SFGIPMLE:0.2	ESFGIPML:0.2	GIPMLEAM:0.2	RESFGIPM:0.22857142857142856	EAQRIFRK:0.2	FGIPMLEA:0.2	LLHCTSNT:0.4	ALETIREL:0.2	PLLIADLK:0.22857142857142856	LVLTLHDI:0.42857142857142855	PLVLTLHD:0.42857142857142855	VALETIRE:0.2	YLFFLGNT:0.2571428571428571	DLLHCTSN:0.37142857142857144	PDLLHCTS:0.2571428571428571	VLTLHDII:0.4857142857142857	LLIADLKE:0.22857142857142856	LETIRELQ:0.2	LFFLGNTD:0.3142857142857143	ETIRELQK:0.2	MACGTPVI:0.4	YTSLRESF:0.22857142857142856	CGTPVITS:0.22857142857142856	IRELQKID:0.2	TSLRESFG:0.22857142857142856	ACGTPVIT:0.34285714285714286	ILHCTSNT:0.2	DILHCTSN:0.2	
