cluster number:730
GT4:17	GT4:17
GAFLGRLA:0.23529411764705882	ATDVRGNR:0.23529411764705882	TPVGAFLG:0.23529411764705882	FLGRLAAK:0.23529411764705882	AAHWTDGL:0.23529411764705882	LVHVHTPV:0.35294117647058826	LKEMDEIY:0.23529411764705882	IMEAMAAG:0.23529411764705882	HVATKLGN:0.23529411764705882	TAHGFHFY:0.5882352941176471	AFLGRLAA:0.23529411764705882	VHTPVGAF:0.23529411764705882	GFHFYKGA:0.47058823529411764	VRGNRDLV:0.35294117647058826	AELNANKN:0.29411764705882354	HTPVGAFL:0.23529411764705882	VAELNANK:0.29411764705882354	YTAHGFHF:0.7647058823529411	IYTAHGFH:0.29411764705882354	EVHVATKL:0.23529411764705882	VLKEMDEI:0.23529411764705882	AHGFHFYK:0.5882352941176471	VGAFLGRL:0.23529411764705882	VIYTAHGF:0.23529411764705882	EAMAAGKP:0.29411764705882354	VHVATKLG:0.23529411764705882	TDVRGNRD:0.29411764705882354	DVRGNRDL:0.29411764705882354	AHWTDGLI:0.23529411764705882	HVHTPVGA:0.23529411764705882	SLVHVHTP:0.23529411764705882	HWTDGLIT:0.23529411764705882	PVGAFLGR:0.23529411764705882	HGFHFYKG:0.5882352941176471	MEAMAAGK:0.23529411764705882	VLYTAHGF:0.4117647058823529	LYTAHGFH:0.4117647058823529	FHFYKGAP:0.35294117647058826	HFYKGAPL:0.23529411764705882	
