cluster number:2138
GT4:22	GT4:22|GT2:1
GLPTTILE:0.6818181818181818	EGLPTTIL:0.6818181818181818	TTILEAMA:0.22727272727272727	LPTTILEA:0.5909090909090909	PTTILEAM:0.3181818181818182	SPVSGVPD:0.2727272727272727	AAGENATR:0.3181818181818182	VVLFFGAT:0.36363636363636365	PDVVREGE:0.22727272727272727	LACGTPVL:0.22727272727272727	GDVPLTLR:0.45454545454545453	RGDVPLTL:0.5	TLRLNWEQ:0.2727272727272727	RVVGFLGR:0.3181818181818182	DVTFRFIG:0.3181818181818182	LFFGATSY:0.36363636363636365	EIRDRHEL:0.22727272727272727	DSEIRDRH:0.22727272727272727	PADSEIRD:0.22727272727272727	LEALACGT:0.3181818181818182	CVVTHPLA:0.2727272727272727	ADLPADSE:0.22727272727272727	RFLLNQLR:0.2727272727272727	DVPLTLRL:0.45454545454545453	VEPRGDVP:0.3181818181818182	ELTGWVDH:0.2727272727272727	FIGDGDLR:0.22727272727272727	FLLNQLRM:0.2727272727272727	TEGLPTTI:0.5454545454545454	PSQPTEGL:0.3181818181818182	TVLVEPRG:0.2727272727272727	PVSGVPDV:0.5454545454545454	EALACGTP:0.36363636363636365	GENATRSL:0.22727272727272727	SEIRDRHE:0.22727272727272727	EDVVLFFG:0.2727272727272727	DRVVGFLG:0.2727272727272727	EPRGDVPL:0.45454545454545453	LVTADLPA:0.2727272727272727	VSGVPDVV:0.5454545454545454	VELTGWVD:0.22727272727272727	KTVLVEPR:0.2727272727272727	TADLPADS:0.2727272727272727	VPDVVREG:0.22727272727272727	ACGTPVLA:0.2727272727272727	PTEGLPTT:0.5	VPLTLRLN:0.2727272727272727	VTADLPAD:0.2727272727272727	ENATRSLL:0.22727272727272727	VTFRFIGD:0.3181818181818182	RFIGDGDL:0.2727272727272727	ADSEIRDR:0.22727272727272727	VCVVTHPL:0.4090909090909091	LPSQPTEG:0.2727272727272727	VREGETGF:0.22727272727272727	SQPTEGLP:0.3181818181818182	DVVREGET:0.22727272727272727	LDEEKGIR:0.4090909090909091	ATSYLLPI:0.2727272727272727	VVREGETG:0.22727272727272727	LTLRLNWE:0.2727272727272727	ILEALACG:0.3181818181818182	PLTLRLNW:0.2727272727272727	VGFLGRLD:0.5	RLDEEKGI:0.4090909090909091	VLFFGATS:0.36363636363636365	LLNQLRMC:0.2727272727272727	ALACGTPV:0.3181818181818182	LNQLRMCR:0.2727272727272727	DLPADSEI:0.22727272727272727	LVEPRGDV:0.3181818181818182	VLVEPRGD:0.3181818181818182	SGVPDVVR:0.45454545454545453	DVVLFFGA:0.2727272727272727	GVPDVVRE:0.22727272727272727	FGATSYLL:0.3181818181818182	QPTEGLPT:0.3181818181818182	GKTVLVEP:0.2727272727272727	VVGFLGRL:0.45454545454545453	PTTILEAL:0.2727272727272727	VALVTADL:0.22727272727272727	REGETGFL:0.22727272727272727	FRFIGDGD:0.2727272727272727	RDRVVGFL:0.2727272727272727	NQLRMCRV:0.22727272727272727	LPADSEIR:0.22727272727272727	FLGRLDEE:0.5	TTILEALA:0.2727272727272727	AGENATRS:0.22727272727272727	GFLGRLDE:0.5	TFRFIGDG:0.4090909090909091	TILEALAC:0.2727272727272727	ALVTADLP:0.22727272727272727	PRGDVPLT:0.5	FFGATSYL:0.36363636363636365	GRLDEEKG:0.5	ASPVSGVP:0.2727272727272727	GATSYLLP:0.3181818181818182	LGRLDEEK:0.5	TPVSGVPD:0.2727272727272727	ATPVSGVP:0.2727272727272727	TPVYATPV:0.22727272727272727	ILEAMACG:0.22727272727272727	ACGTPVYA:0.45454545454545453	AGENATRT:0.22727272727272727	CGTPVYAT:0.22727272727272727	ENATRTLL:0.22727272727272727	LEAMACGT:0.22727272727272727	LPDDVTFR:0.22727272727272727	EAMACGTP:0.22727272727272727	PDDVTFRF:0.22727272727272727	AMACGTPV:0.22727272727272727	GTPVYATP:0.22727272727272727	MACGTPVY:0.22727272727272727	GENATRTL:0.22727272727272727	LACGTPVY:0.22727272727272727	TFRFVGDG:0.22727272727272727	
