cluster number:2362
GT4:51	GT4:51
GLVLLEAM:0.7450980392156863	TQGLVLLE:0.8823529411764706	ETYHTFFE:0.21568627450980393	VYFPRING:0.35294117647058826	ETQGLVLL:0.8823529411764706	ISDVYFPR:0.47058823529411764	INGVSTSI:0.4117647058823529	DVYFPRIN:0.35294117647058826	HIHTPFVA:0.29411764705882354	SDVYFPRI:0.35294117647058826	QGLVLLEA:0.8431372549019608	PRINGVST:0.43137254901960786	HTPFVAHY:0.35294117647058826	LVLLEAMA:0.7450980392156863	FPRINGVS:0.4117647058823529	RINGVSTS:0.43137254901960786	IHTPFVAH:0.29411764705882354	YFPRINGV:0.35294117647058826	TYHTLFEE:0.21568627450980393	YHTLFEEY:0.21568627450980393	TETQGLVL:0.803921568627451	TPFVAHYA:0.29411764705882354	SRTETQGL:0.6470588235294118	FVFASRTE:0.5686274509803921	FASRTETQ:0.6470588235294118	VFASRTET:0.5686274509803921	ADVFVFAS:0.21568627450980393	AADVFVFA:0.21568627450980393	PFVAHYAG:0.27450980392156865	RTETQGLV:0.6470588235294118	ASRTETQG:0.6470588235294118	SDVYFPRV:0.39215686274509803	GVSTSIQT:0.21568627450980393	YFPRVNGV:0.37254901960784315	VIAGEGPA:0.23529411764705882	VNGVSTSI:0.4117647058823529	FPRVNGVS:0.4117647058823529	VSTSIQTF:0.21568627450980393	HTFFEEYL:0.29411764705882354	PRVNGVST:0.4117647058823529	YHTFFEEY:0.3137254901960784	VYFPRVNG:0.3333333333333333	RVNGVSTS:0.4117647058823529	TYHTFFEE:0.21568627450980393	DVYFPRVN:0.3333333333333333	NGVSTSIE:0.23529411764705882	FVGRVAHE:0.21568627450980393	LFVGRVAH:0.21568627450980393	AHEKNIGF:0.21568627450980393	GRVAHEKN:0.3333333333333333	VGRVAHEK:0.29411764705882354	RVAHEKNI:0.3137254901960784	VAHEKNIG:0.21568627450980393	HEKNIGFL:0.21568627450980393	AMALGTPV:0.2549019607843137	VLLEAMAL:0.37254901960784315	DPEDRMMR:0.21568627450980393	EAMALGTP:0.2549019607843137	MALGTPVV:0.2549019607843137	LLEAMALG:0.37254901960784315	LEAMALGT:0.2549019607843137	LMISDVYF:0.27450980392156865	MISDVYFP:0.29411764705882354	LVIAGEGP:0.21568627450980393	
