cluster number:776
GT4:43	GT4:43|2.4.1.14:1
HPDFGGQL:0.7906976744186046	TAHSLGAQ:0.37209302325581395	LPAGPKEF:0.23255813953488372	IGFLNPQG:0.27906976744186046	LGLVQAFA:0.27906976744186046	RLPAGPKE:0.23255813953488372	AERLSMNR:0.27906976744186046	ERLSMNRS:0.27906976744186046	VFALTALY:0.23255813953488372	HIGFLNPQ:0.27906976744186046	RIIRLPAG:0.27906976744186046	NPQGNFDS:0.3023255813953488	DILTRQII:0.2558139534883721	GGQLIYVK:0.27906976744186046	HKVDILTR:0.20930232558139536	AGLPVVAT:0.2558139534883721	LTRQIIDP:0.20930232558139536	DGGLCGVL:0.2558139534883721	ILTRQIID:0.20930232558139536	ALYEPFGL:0.3488372093023256	DFGGQLIY:0.27906976744186046	EAAAAGLP:0.27906976744186046	LYEPFGLA:0.4418604651162791	PFTFTAHS:0.23255813953488372	DIARGLER:0.20930232558139536	ERFEQYSH:0.27906976744186046	EPFGLAPL:0.3953488372093023	GLAPLEAA:0.32558139534883723	FALTALYE:0.23255813953488372	KRRSVFAL:0.20930232558139536	FGLAPLEA:0.3953488372093023	LWGKISAF:0.20930232558139536	AHSLGAQK:0.37209302325581395	LVDPEDPA:0.20930232558139536	ADIARGLE:0.20930232558139536	RSVFALTA:0.20930232558139536	DNVRIIRL:0.20930232558139536	MHIGFLNP:0.3023255813953488	IRLPAGPK:0.23255813953488372	YEPFGLAP:0.5348837209302325	TGIPFTFT:0.3023255813953488	PFGLAPLE:0.3953488372093023	GQLIYVKQ:0.20930232558139536	GFLNPQGN:0.27906976744186046	FTAHSLGA:0.4418604651162791	GLCGVLIE:0.23255813953488372	GHKVDILT:0.20930232558139536	TLQERANL:0.20930232558139536	GIPFTFTA:0.20930232558139536	IPFTFTAH:0.20930232558139536	GGLCGVLI:0.2558139534883721	SVFALTAL:0.23255813953488372	FGGQLIYV:0.27906976744186046	GVLVDPED:0.20930232558139536	FTFTAHSL:0.23255813953488372	PEDPADIA:0.20930232558139536	PDAMTAHY:0.20930232558139536	PAGPKEFL:0.23255813953488372	LPDAMTAH:0.20930232558139536	RRSVFALT:0.20930232558139536	ALTALYEP:0.23255813953488372	LTALYEPF:0.2558139534883721	VDILTRQI:0.2558139534883721	TFTAHSLG:0.23255813953488372	TALYEPFG:0.2558139534883721	FLNPQGNF:0.5348837209302325	KVDILTRQ:0.20930232558139536	QERFEQYS:0.23255813953488372	VDPEDPAD:0.20930232558139536	PDFGGQLI:0.27906976744186046	LNPQGNFD:0.5348837209302325	DPEDPADI:0.20930232558139536	IIRLPAGP:0.27906976744186046	RLSMNRSA:0.2558139534883721	LEAAAAGL:0.20930232558139536	LTEHPDFG:0.2558139534883721	DFGGQLVY:0.4883720930232558	HLTEHPDF:0.23255813953488372	TTHYGDGG:0.20930232558139536	SHLTEHPD:0.23255813953488372	FGGQLVYV:0.4883720930232558	GGQLVYVK:0.46511627906976744	TGHSLGAQ:0.3023255813953488	PDFGGQLV:0.4883720930232558	EHPDFGGQ:0.4883720930232558	GHSLGAQK:0.3023255813953488	TEHPDFGG:0.3953488372093023	DSHLTEHP:0.23255813953488372	FTGHSLGA:0.3488372093023256	VDIITRQI:0.20930232558139536	LGAQKMDK:0.3953488372093023	NPQGNFDK:0.23255813953488372	SLGAQKMD:0.4186046511627907	GAQKMDKL:0.3488372093023256	GQLVYVKE:0.3953488372093023	HSLGAQKM:0.4418604651162791	VVATKNGG:0.2558139534883721	QLVYVKEL:0.20930232558139536	VATKNGGP:0.2558139534883721	SFTAHSLG:0.20930232558139536	LAERLSMN:0.23255813953488372	RILAERLS:0.23255813953488372	YRILAERL:0.23255813953488372	ILAERLSM:0.23255813953488372	ATKNGGPS:0.23255813953488372	TKNGGPSE:0.23255813953488372	
