cluster number:1354
GT4:13	GT4:13
FPCFTTHP:0.23076923076923078	GLVAIEAL:0.3076923076923077	EGSGSGIY:0.23076923076923078	SGSGIYTK:0.23076923076923078	EALACGTP:0.6153846153846154	FGLVAIEA:0.23076923076923078	LEGSGSGI:0.23076923076923078	GSGIYTKN:0.23076923076923078	IEALACGT:0.3076923076923077	FPLEGSGS:0.23076923076923078	VNHFPLEG:0.23076923076923078	LVAIEALA:0.3076923076923077	LVNHFPLE:0.23076923076923078	PCFTTHPK:0.23076923076923078	ALACGTPV:0.6153846153846154	GSGSGIYT:0.23076923076923078	QHLWIAPY:0.23076923076923078	NHFPLEGS:0.23076923076923078	HFPLEGSG:0.23076923076923078	CFTTHPKS:0.23076923076923078	PLEGSGSG:0.23076923076923078	LACGTPVV:0.5384615384615384	LLVNHFPL:0.23076923076923078	LEALACGT:0.3076923076923077	CGTPVVAT:0.46153846153846156	GTPVVATN:0.23076923076923078	ACGTPVVA:0.46153846153846156	
