cluster number:892
GT4:15	GT4:15
GKGSISGV:0.3333333333333333	SYREGFGT:0.4666666666666667	RVHIFTGQ:0.26666666666666666	IFTGQVWY:0.2	YREGFGTS:0.2	GSISGVDT:0.26666666666666666	VLGKGSIS:0.3333333333333333	PSYREGFG:0.7333333333333333	VTPKAGLL:0.2	VICSDTYG:0.2	VHIFTGQV:0.26666666666666666	ICSDTYGL:0.2	LGKGSISG:0.3333333333333333	HIFTGQVW:0.6	KGSISGVD:0.26666666666666666	VFCLPSYR:0.4666666666666667	MAAADVFC:0.3333333333333333	TGQVWATR:0.26666666666666666	LFVGRLNR:0.2	AAADVFCL:0.2	CLPSYREG:0.6666666666666666	FTGQVWAT:0.3333333333333333	LPSYREGF:0.8	VGRLNRDK:0.2	RIYGLTDA:0.3333333333333333	RLNRDKGV:0.2	DKGVLDLA:0.2	FCLPSYRE:0.5333333333333333	AADVFCLP:0.26666666666666666	ADVFCLPS:0.26666666666666666	IYGLTDAV:0.4	ASRIYGLT:0.26666666666666666	DVFCLPSY:0.4666666666666667	SRIYGLTD:0.3333333333333333	FVGRLNRD:0.2	GRLNRDKG:0.2	GSISGVDV:0.2	AAGVGLPA:0.26666666666666666	LATIQAAG:0.26666666666666666	VGLPAIAS:0.2	AGVGLPAI:0.26666666666666666	IMPKSGLL:0.2	IASRIYGL:0.2	LPAIASRI:0.2	YREGFSLA:0.26666666666666666	SIMPKSGL:0.2	LFMARLTH:0.2	IQAAGVGL:0.26666666666666666	LLADSPSQ:0.3333333333333333	REGFSLAT:0.26666666666666666	EKFDCVLS:0.2	VLSIMPKS:0.2	GLPAIASR:0.2	ATIQAAGV:0.26666666666666666	AIASRIYG:0.26666666666666666	FSLATIQA:0.26666666666666666	KFDCVLSI:0.2	CVLSIMPK:0.2	FDCVLSIM:0.2	DCVLSIMP:0.2	GLLSMLAG:0.2	SLATIQAA:0.26666666666666666	TIQAAGVG:0.26666666666666666	PSYREGFS:0.26666666666666666	QAAGVGLP:0.26666666666666666	PAIASRIY:0.26666666666666666	LLVVGPDE:0.2	GVGLPAIA:0.2	SYREGFSL:0.26666666666666666	LSIMPKSG:0.2	GFSLATIQ:0.26666666666666666	LADSPSQR:0.3333333333333333	EGFSLATI:0.26666666666666666	IHIFTGQV:0.26666666666666666	RIHIFTGQ:0.26666666666666666	SYREGFGS:0.2	DSPSQRDF:0.26666666666666666	SPSQRDFL:0.26666666666666666	ATHLLADS:0.2	ADSPSQRD:0.2	IYGLSDAV:0.2	THLLADSP:0.2	PSQRDFLI:0.2	HLLADSPS:0.2	
