cluster number:1220
GT4:28	GT4:28
PLIVALTG:0.35714285714285715	ALTGTDIY:0.25	LIGLHDLV:0.25	EGGANVVS:0.6785714285714286	VALTGTDI:0.25	GANVVSEA:0.6785714285714286	GGANVVSE:0.6785714285714286	LIVALTGT:0.35714285714285715	IVALTGTD:0.35714285714285715	AGLPVIAS:0.32142857142857145	SEACRAGL:0.39285714285714285	LTGTDIYR:0.21428571428571427	GNRGLLGD:0.25	IALHAWRS:0.32142857142857145	VLTGTDIY:0.25	GHLRDEKD:0.21428571428571427	PGNRGLLG:0.35714285714285715	VSEACRAG:0.35714285714285715	ALHAWRSA:0.32142857142857145	MEGGANVV:0.5714285714285714	VVSEACRA:0.32142857142857145	DIPGNRGL:0.35714285714285715	KAGNRATA:0.32142857142857145	IPGNRGLL:0.35714285714285715	ANVVSEAC:0.5357142857142857	VVLTGTDI:0.21428571428571427	SDIPGNRG:0.35714285714285715	SKAGNRAT:0.32142857142857145	ASDIPGNR:0.35714285714285715	RGLLGDDY:0.21428571428571427	LASDIPGN:0.32142857142857145	VCVIGHLR:0.32142857142857145	NRGLLGDD:0.21428571428571427	EACRAGLP:0.39285714285714285	EKDSLRAA:0.42857142857142855	NVVSEACR:0.32142857142857145	NVVSEACV:0.21428571428571427	SRMEGGAN:0.21428571428571427	VVSEACVA:0.21428571428571427	VIGHLREE:0.25	IASDIPGN:0.21428571428571427	ALTGTDLY:0.21428571428571427	PVIASDIP:0.21428571428571427	RMEGGANV:0.21428571428571427	VIASDIPG:0.21428571428571427	GHLREEKD:0.4642857142857143	IGHLREEK:0.25	CVIGHLRE:0.21428571428571427	HLREEKDP:0.25	ISSRMEGG:0.21428571428571427	SSRMEGGA:0.21428571428571427	LPVIASDI:0.21428571428571427	REEKDSLR:0.21428571428571427	HLREEKDS:0.21428571428571427	DYAGYFPV:0.2857142857142857	EEKDSLRA:0.21428571428571427	LREEKDSL:0.21428571428571427	ALHAWRSH:0.21428571428571427	ACRAGLPV:0.25	SVMEGGAN:0.35714285714285715	SSVMEGGA:0.35714285714285715	VMEGGANV:0.32142857142857145	ISSVMEGG:0.21428571428571427	MVISSVME:0.21428571428571427	VISSVMEG:0.21428571428571427	
