cluster number:854
GT4:12	GT4:12
TVSRSTAS:0.3333333333333333	RYFEIARR:0.3333333333333333	LMRLPYDG:0.3333333333333333	MRILIVSD:0.4166666666666667	GRLAPHKH:0.4166666666666667	VIDDGENG:0.25	AYRSGGVV:0.3333333333333333	IDDGENGF:0.25	RVLVLPST:0.3333333333333333	KHVDHLIE:0.3333333333333333	QTYAPLLP:0.25	VGRLAPHK:0.4166666666666667	VATIHDVS:0.3333333333333333	DGVITVSR:0.3333333333333333	PHKHVDHL:0.4166666666666667	DYDIIDAQ:0.4166666666666667	YFEIARRL:0.3333333333333333	NGFLVEPC:0.25	HKHVDHLI:0.3333333333333333	GENGFLVE:0.5	SGGVVEVI:0.4166666666666667	STREGFGM:0.6666666666666666	VEVIDDGE:0.25	FGMVLAEA:0.4166666666666667	YNGGGERR:0.3333333333333333	YRSGGVVE:0.3333333333333333	ARVLVLPS:0.3333333333333333	IIGDGVER:0.25	VSDFFVPH:0.4166666666666667	RSGGVVEV:0.3333333333333333	LPYDGVIT:0.3333333333333333	FVGRLAPH:0.4166666666666667	GVVEVIDD:0.25	HVDHLIEV:0.3333333333333333	RILIVSDF:0.4166666666666667	IIDAQTYA:0.25	ATIHDVSS:0.4166666666666667	VLVLPSTR:0.5	HYNGGGER:0.3333333333333333	AQTYAPLL:0.25	GDQWLQSS:0.3333333333333333	GGERRYFE:0.4166666666666667	IFVGRLAP:0.4166666666666667	LIVSDFFV:0.4166666666666667	ERRYFEIA:0.3333333333333333	HIIPNGVD:0.4166666666666667	NGGGERRY:0.3333333333333333	GFGMVLAE:0.4166666666666667	LVLPSTRE:0.6666666666666666	VITVSRST:0.3333333333333333	REGFGMVL:0.5833333333333334	IHIIPNGV:0.4166666666666667	GGGERRYF:0.4166666666666667	APHKHVDH:0.4166666666666667	GARVLVLP:0.3333333333333333	FEIARRLV:0.3333333333333333	GVITVSRS:0.3333333333333333	EGFGMVLA:0.4166666666666667	IIFVGRLA:0.3333333333333333	SDFFVPHY:0.4166666666666667	VAYRSGGV:0.3333333333333333	PYDGVITV:0.3333333333333333	EVIDDGEN:0.25	YIIFVGRL:0.3333333333333333	IVSDFFVP:0.4166666666666667	MVATIHDV:0.3333333333333333	LAPHKHVD:0.4166666666666667	YDIIDAQT:0.4166666666666667	DDGENGFL:0.25	TREGFGMV:0.5833333333333334	PSTREGFG:0.75	VSRSTASA:0.3333333333333333	VDHLIEVF:0.3333333333333333	FVPHYNGG:0.3333333333333333	PMVATIHD:0.3333333333333333	ILIVSDFF:0.4166666666666667	VLPSTREG:0.75	GFLVEPCD:0.25	ITVSRSTA:0.3333333333333333	DGENGFLV:0.5	ENGFLVEP:0.3333333333333333	HDYDIIDA:0.25	YDGVITVS:0.3333333333333333	LEIIGDGV:0.4166666666666667	EIIGDGVE:0.25	DFFVPHYN:0.3333333333333333	RLPYDGVI:0.3333333333333333	SRSTASAL:0.3333333333333333	GPRIRKPP:0.3333333333333333	GIHIIPNG:0.3333333333333333	IDAQTYAP:0.25	GGVVEVID:0.25	DIIDAQTY:0.4166666666666667	VVEVIDDG:0.25	PHYNGGGE:0.3333333333333333	RLAPHKHV:0.4166666666666667	DAQTYAPL:0.25	FFVPHYNG:0.3333333333333333	GERRYFEI:0.4166666666666667	LPSTREGF:0.75	MRLPYDGV:0.3333333333333333	VPHYNGGG:0.3333333333333333	RRYFEIAR:0.3333333333333333	IIPNGVDL:0.25	VIAYKSGG:0.25	RRGHEVDV:0.25	RLVRRGHE:0.25	LVRRGHEV:0.25	IAYKSGGV:0.25	PVIAYKSG:0.25	VRRGHEVD:0.25	KLKIIGDG:0.25	RGHEVDVI:0.25	VLAEANAC:0.25	HEVDVISM:0.25	MVLAEANA:0.25	GHEVDVIS:0.25	GMVLAEAN:0.25	
