cluster number:388
GT4:36	GT4:36
WHSDIVKQ:0.6666666666666666	GVVQLEAM:0.4166666666666667	EAFGVVQL:0.4444444444444444	HWHSDIVK:0.6388888888888888	VVQLEAMS:0.25	YYKGFEYL:0.2777777777777778	SEAFGVVQ:0.6388888888888888	GRHVYYKG:0.2222222222222222	RHVYYKGF:0.2222222222222222	HSDIVKQK:0.6388888888888888	VHWHSDIV:0.25	LGRHVYYK:0.2222222222222222	SLGRHVYY:0.2222222222222222	FGVVQLEA:0.4444444444444444	AFGVVQLE:0.4444444444444444	VFSLGRLV:0.25	LVYYKGFE:0.25	ESEAFGVV:0.3333333333333333	FSLGRLVY:0.3888888888888889	SLGRLVYY:0.3888888888888889	NKKIVFSL:0.2222222222222222	IVFSLGRL:0.3055555555555556	LPSIHESE:0.3055555555555556	IHVHLPNP:0.3611111111111111	FCLPSIHE:0.3055555555555556	GRLVYYKG:0.5	KIVFSLGR:0.3333333333333333	PSIHESEA:0.3055555555555556	LGRLVYYK:0.4722222222222222	SIHESEAF:0.3055555555555556	HESEAFGV:0.3333333333333333	IHESEAFG:0.3055555555555556	KKIVFSLG:0.3333333333333333	RLVYYKGF:0.25	CLPSIHES:0.3055555555555556	DVFCLPSI:0.3333333333333333	IVLHWHSD:0.2777777777777778	VLHWHSDI:0.25	VHLPNPLA:0.3888888888888889	KIVLHWHS:0.2222222222222222	CDVFCLPS:0.3611111111111111	HVHLPNPL:0.3888888888888889	EAFGVVQI:0.2222222222222222	FGVVQIEA:0.2222222222222222	AFGVVQIE:0.2222222222222222	VFCLPSIH:0.2777777777777778	IHIHLPNP:0.2222222222222222	IVKQKKLL:0.2222222222222222	LHWHSDIV:0.2222222222222222	SDIVKQKK:0.3333333333333333	DIVKQKKL:0.3333333333333333	
