cluster number:1948
GT4:11	GT4:11
GTDVGDTG:0.2727272727272727	PCVGTDVG:0.2727272727272727	EGFPNIVG:0.2727272727272727	VITGLNVG:0.6363636363636364	LHVITGLN:0.2727272727272727	CVGTDVGD:0.2727272727272727	ARAHPMKD:0.2727272727272727	GFPNIVGE:0.2727272727272727	NIVGEAMA:0.2727272727272727	TGRTVPPR:0.2727272727272727	VGTDVGDT:0.2727272727272727	GRTVPPRN:0.2727272727272727	RTVPPRNP:0.2727272727272727	ITGLNVGG:0.6363636363636364	AWMHHAQL:0.2727272727272727	HVITGLNV:0.6363636363636364	NVRHSLGG:0.2727272727272727	WGEGFPNI:0.2727272727272727	SAWGEGFP:0.45454545454545453	GLNVGGAE:0.6363636363636364	GEGFPNIV:0.2727272727272727	WMHHAQLA:0.2727272727272727	PNIVGEAM:0.2727272727272727	AWGEGFPN:0.45454545454545453	WNVRHSLG:0.2727272727272727	FPNIVGEA:0.2727272727272727	TGLNVGGA:0.6363636363636364	TDVGDTGW:0.2727272727272727	MVIPNGFD:0.2727272727272727	AMVIPNGF:0.2727272727272727	EKRLTRLV:0.2727272727272727	LNVGGAER:0.36363636363636365	VIQGWMYH:0.2727272727272727	VVHVITGL:0.36363636363636365	MYHGNLAA:0.36363636363636365	PDVIQGWM:0.2727272727272727	DVIQGWMY:0.2727272727272727	GWMYHGNL:0.36363636363636365	WMYHGNLA:0.36363636363636365	VHVITGLN:0.36363636363636365	QGWMYHGN:0.5454545454545454	IQGWMYHG:0.36363636363636365	CVVTDVGD:0.2727272727272727	VPCVVTDV:0.2727272727272727	LLGERQDI:0.2727272727272727	VVTDVGDS:0.36363636363636365	VTDVGDSA:0.2727272727272727	PCVVTDVG:0.2727272727272727	TAALDIAV:0.2727272727272727	
