cluster number:1076
GT4:17	GT4:17
ISTIHNRL:0.29411764705882354	LPLALLEA:0.29411764705882354	VSASLSEG:0.4117647058823529	SASLSEGL:0.4117647058823529	EGLPLALL:0.8235294117647058	PLEYYQLS:0.29411764705882354	SLSEGLPL:0.47058823529411764	SEGLPLAL:0.7058823529411765	ASLSEGLP:0.4117647058823529	LSEGLPLA:0.47058823529411764	GLPLALLE:0.8235294117647058	KISTIHNR:0.29411764705882354	LEYYQLSD:0.29411764705882354	FVSASLSE:0.4117647058823529	LALLEYGL:0.29411764705882354	LPLALLEY:0.4117647058823529	PLALLEYG:0.4117647058823529	
