cluster number:1098
GT4:27	GT4:27
DVHEDTPA:0.2222222222222222	RALVDAGH:0.2222222222222222	RQIRALVD:0.2222222222222222	KVVEYMAH:0.25925925925925924	ARILHRQI:0.48148148148148145	PVTVWDVH:0.2962962962962963	HRQIRALV:0.2222222222222222	VTVWDVHE:0.2962962962962963	VVEYMAHG:0.25925925925925924	YMAHGLPV:0.25925925925925924	DARILHRQ:0.48148148148148145	RILHRQIR:0.4074074074074074	VHHPEDAR:0.5555555555555556	HHPEDARI:0.5555555555555556	GLPVVTTP:0.2222222222222222	TKVVEYMA:0.2962962962962963	EDARILHR:0.48148148148148145	TVWDVHED:0.3333333333333333	HPVVPNTT:0.25925925925925924	HDPELLLA:0.2962962962962963	PEDARILH:0.48148148148148145	VWDVHEDT:0.7407407407407407	WDVHEDTP:0.2222222222222222	VEYMAHGL:0.2222222222222222	HPEDARIL:0.4074074074074074	LHRQIRAL:0.3333333333333333	PTKVVEYM:0.3333333333333333	RPVTVWDV:0.2222222222222222	QIRALVDA:0.2222222222222222	EYMAHGLP:0.25925925925925924	IRALVDAG:0.2222222222222222	ILHRQIRA:0.4074074074074074	SMPTKVVE:0.2222222222222222	TVVHHPED:0.4444444444444444	MPTKVVEY:0.2222222222222222	RALLDAGH:0.2222222222222222	QIRALLDA:0.2222222222222222	RQIRALLD:0.2222222222222222	VHEDTAAA:0.4444444444444444	HEDTAAAL:0.37037037037037035	WDVHEDTA:0.5185185185185185	AGLSLLHD:0.48148148148148145	IRALLDAG:0.2222222222222222	DVHEDTAA:0.48148148148148145	HRQIRALL:0.2222222222222222	LHDPELLL:0.2222222222222222	YRHSMPTK:0.3333333333333333	PNYRHSMP:0.3333333333333333	NYRHSMPT:0.3333333333333333	VVWDVHED:0.3333333333333333	DAGHEVTY:0.25925925925925924	KIVEYMAH:0.25925925925925924	ALAGLSLL:0.4444444444444444	VVHHPEDA:0.37037037037037035	GHEVTYAA:0.2222222222222222	GVDLPRAA:0.25925925925925924	LAGLSLLH:0.37037037037037035	TKIVEYMA:0.25925925925925924	PTKIVEYM:0.25925925925925924	DEPNYRHS:0.2222222222222222	DGALAGLS:0.2222222222222222	AGHEVTYA:0.2222222222222222	LDGALAGL:0.2222222222222222	RLDGALAG:0.2222222222222222	GALAGLSL:0.48148148148148145	RPPVVWDV:0.25925925925925924	IVEYMAHG:0.25925925925925924	GIPVITTP:0.2222222222222222	DDRIVYLG:0.2222222222222222	PGDDRIVY:0.2222222222222222	GDDRIVYL:0.2222222222222222	
