cluster number:762
GT4:29	GT4:29
NLTIVTPS:0.41379310344827586	PCVAFNIG:0.3103448275862069	PNTVMEAL:0.27586206896551724	WAFTGGCH:0.4482758620689655	NQMRPTLD:0.20689655172413793	TPCVAFNI:0.3103448275862069	LPNTVMEA:0.3448275862068966	WTLHDMWA:0.41379310344827586	LVYAAADV:0.27586206896551724	ACGTPCVA:0.27586206896551724	AREKVEQE:0.20689655172413793	TVMEALAC:0.20689655172413793	NTVMEALA:0.20689655172413793	HDMWAFTG:0.4482758620689655	CGTPCVAF:0.4482758620689655	FTGGCHYS:0.4482758620689655	FSPQWFPD:0.20689655172413793	MRPTLDNL:0.20689655172413793	MWAFTGGC:0.4482758620689655	LALVYAAA:0.27586206896551724	LHDMWAFT:0.41379310344827586	GTPCVAFN:0.3103448275862069	QMRPTLDN:0.20689655172413793	ALVYAAAD:0.27586206896551724	VWTLHDMW:0.5172413793103449	NLPNTVME:0.5517241379310345	PTLDNLPL:0.20689655172413793	YAAADVFV:0.20689655172413793	TLHDMWAF:0.41379310344827586	VYAAADVF:0.27586206896551724	CVAFNIGG:0.3103448275862069	AFTGGCHY:0.4482758620689655	DMWAFTGG:0.4482758620689655	NLNLTIVT:0.20689655172413793	QDNLPNTV:0.4827586206896552	REKVEQEF:0.20689655172413793	DNLPNTVM:0.5517241379310345	RPTLDNLP:0.20689655172413793	LNLTIVTP:0.3103448275862069	SIQDNLPN:0.20689655172413793	PSVQDNLP:0.20689655172413793	EHQQNGYL:0.2413793103448276	VQDNLPNT:0.20689655172413793	PIVWTLHD:0.2413793103448276	RIEVIPNG:0.27586206896551724	SVQDNLPN:0.20689655172413793	IEVIPNGL:0.2413793103448276	MIEHQQNG:0.20689655172413793	ARAAYRLH:0.3793103448275862	LPNTVMES:0.20689655172413793	IVWTLHDM:0.2413793103448276	AARAAYRL:0.3793103448275862	GGAARAAY:0.3793103448275862	APSVQDNL:0.20689655172413793	EVIPNGLD:0.27586206896551724	IEHQQNGY:0.2413793103448276	HQQNGYLA:0.27586206896551724	GAARAAYR:0.3793103448275862	DKQLILFG:0.2413793103448276	VAFNIGGM:0.3103448275862069	FNIGGMPD:0.20689655172413793	NLPQDKQL:0.2413793103448276	WQRKAKAW:0.27586206896551724	LNLPQDKQ:0.2413793103448276	NGGAARAA:0.20689655172413793	AYRLHQGL:0.3793103448275862	WVWQRKAK:0.2413793103448276	DINGGAAR:0.20689655172413793	AAYRLHQG:0.3103448275862069	GGMPDMIE:0.27586206896551724	RAAYRLHQ:0.27586206896551724	MPDMIEHQ:0.2413793103448276	GMPDMIEH:0.27586206896551724	IGGMPDMI:0.27586206896551724	PVVWTLHD:0.20689655172413793	AFNIGGMS:0.20689655172413793	SRWVWQRK:0.2413793103448276	RWVWQRKA:0.20689655172413793	LTIVTPSQ:0.20689655172413793	DIINLHWI:0.27586206896551724	TIVTPSQW:0.20689655172413793	PDIINLHW:0.2413793103448276	
