cluster number:1735
GT4:12	GT4:12
PEAANVVI:0.4166666666666667	CGNAGRLQ:1.0	TDPPVLVP:0.6666666666666666	STDPPVLV:0.6666666666666666	WPVYPVIG:0.5	HPEAANVV:0.6666666666666666	VYPVIGEA:0.5	GFTFCGNA:0.3333333333333333	PVIGEALM:0.5	IINRSFWP:0.5833333333333334	RSFWPVYP:0.5	DEVTRFAF:0.3333333333333333	AFPSKSSS:0.9166666666666666	LQDIHPEA:0.8333333333333334	YHLQDIHP:0.9166666666666666	RFAFPSKS:0.5	FPSKSSSY:0.9166666666666666	QDIHPEAA:0.9166666666666666	INRSFWPV:0.5	DIHPEAAN:0.8333333333333334	EVTRFAFP:0.3333333333333333	VIGEALMR:0.5	LVIINRSF:0.3333333333333333	FWPVYPVI:0.5	FTFCGNAG:0.3333333333333333	TFCGNAGR:0.3333333333333333	VIINRSFW:0.3333333333333333	EAANVVIP:0.3333333333333333	PPVLVPFI:0.5833333333333334	SSYVFSGA:0.5	YEWALLPI:0.5	PVLVPFIV:0.5833333333333334	YVSTDPPV:0.8333333333333334	PVYPVIGE:0.5	TLPFVFAG:0.25	LPFVFAGG:0.25	SFWPVYPV:0.5	VTRFAFPS:0.5	GTLPFVFA:0.25	SKSSSYVF:0.75	SSSYVFSG:0.5	FCGNAGRL:0.9166666666666666	PFVFAGGG:0.25	PSKSSSYV:0.8333333333333334	NRSFWPVY:0.5	TRFAFPSK:0.5	AANVVIPV:0.3333333333333333	VSVIMQDH:0.25	FAFPSKSS:0.75	IHPEAANV:0.75	HLQDIHPE:0.9166666666666666	KSSSYVFS:0.6666666666666666	VSTDPPVL:0.6666666666666666	YPVIGEAL:0.75	GGTLPFVF:0.25	SVIMQDHA:0.25	DPPVLVPF:0.6666666666666666	ALMRFAEQ:0.5	RAVDAVFF:0.25	ALSVSGSS:0.3333333333333333	FAGAGVYA:0.3333333333333333	VAEWVTTN:0.25	NPSVSFEH:0.3333333333333333	LPIEDEVT:0.4166666666666667	FMLWVFSI:0.3333333333333333	PSVSFEHV:0.3333333333333333	SADYEWAL:0.3333333333333333	PKKVYVST:0.5	VFAGAGVY:0.3333333333333333	SVAEWVTT:0.25	VFSILLLK:0.3333333333333333	DYEWALLP:0.4166666666666667	KGLVSASE:0.3333333333333333	ASEAAQLS:0.3333333333333333	LKRPKKVY:0.3333333333333333	LSVSGSSI:0.3333333333333333	SGSSILRR:0.3333333333333333	KKVYVSTD:0.5	DAVFFMLW:0.3333333333333333	VYVSTDPP:0.75	LLKRPKKV:0.3333333333333333	VILQDHAD:0.25	LWVFSILL:0.3333333333333333	FSFCGNAG:0.25	GEALMRFA:0.5	QYCQAGGT:0.3333333333333333	KRPKKVYV:0.4166666666666667	VYHLQDIH:0.6666666666666666	ALLPIEDE:0.4166666666666667	GFSFCGNA:0.25	KVYVSTDP:0.6666666666666666	SILLLKRP:0.3333333333333333	RRAVDAVF:0.25	AVFFMLWV:0.3333333333333333	FSILLLKR:0.3333333333333333	HALSVSGS:0.3333333333333333	FVFAGAGV:0.4166666666666667	LLPIEDEV:0.4166666666666667	VSGSSILR:0.3333333333333333	QLSADYEW:0.3333333333333333	MRFAEQQS:0.3333333333333333	ADYEWALL:0.3333333333333333	EAAQLSAD:0.3333333333333333	AQLSADYE:0.3333333333333333	GNAGRLQR:0.9166666666666666	LSADYEWA:0.3333333333333333	TSVAEWVT:0.25	EALMRFAE:0.5	YCQAGGTL:0.3333333333333333	SFCGNAGR:0.3333333333333333	PCHALSVS:0.3333333333333333	VSASEAAQ:0.3333333333333333	GLVSASEA:0.3333333333333333	WVFSILLL:0.3333333333333333	YVYHLQDI:0.5	LVSASEAA:0.3333333333333333	YKGLVSAS:0.3333333333333333	SVSGSSIL:0.3333333333333333	VFFMLWVF:0.25	NYVYHLQD:0.25	VLVPFIVM:0.5	SEAAQLSA:0.3333333333333333	RPKKVYVS:0.5	ILLLKRPK:0.3333333333333333	IGEALMRF:0.5	LMRFAEQQ:0.4166666666666667	SASEAAQL:0.3333333333333333	CHALSVSG:0.3333333333333333	LLLKRPKK:0.3333333333333333	VDAVFFML:0.25	AVDAVFFM:0.25	AIINRSFW:0.25	MLWVFSIL:0.3333333333333333	EWALLPIE:0.4166666666666667	AAQLSADY:0.3333333333333333	ANYVYHLQ:0.25	WALLPIED:0.75	PVVVPFIV:0.25	PPVVVPFI:0.25	AGRLQRIP:0.75	VIGEALLR:0.25	NAGRLQRI:0.75	IGEALLRF:0.25	ALLPIEDD:0.3333333333333333	LLPIEDDV:0.3333333333333333	GRLQRIPL:0.75	LPIEDDVT:0.3333333333333333	PVIGEALL:0.25	DLVIINRS:0.25	LKRLDLVI:0.25	IQAIDQYC:0.25	GVILQDHA:0.25	VGVILQDH:0.3333333333333333	IYCKLFRA:0.25	PFIVMIYC:0.25	FIVMIYCK:0.25	YPCHALSV:0.25	FYPCHALS:0.25	MIYCKLFR:0.25	RLDLVIIN:0.25	KRLDLVII:0.25	LVPFIVMI:0.25	VMIYCKLF:0.25	IVMIYCKL:0.25	LDLVIINR:0.25	LPFVFAGA:0.25	PFVFAGAG:0.25	MLKRLDLV:0.25	VPFIVMIY:0.25	FWPIYPVI:0.25	PIEDEVTR:0.3333333333333333	RSFWPIYP:0.25	IYPVIGEA:0.25	IEDEVTRF:0.25	PIYPVIGE:0.25	WPIYPVIG:0.25	NRSFWPIY:0.25	SFWPIYPV:0.25	INRSFWPI:0.25	EDEVTRFA:0.25	LQRIPLLI:0.25	RLQRIPLL:0.4166666666666667	YAFPSKSS:0.25	
