cluster number:817
GT4:11	GT4:11
AAGKPVLA:0.45454545454545453	AMAAGKPV:0.6363636363636364	AGKPVLAT:0.36363636363636365	MAAGKPVL:0.45454545454545453	EAMAAGKP:0.5454545454545454	TLTVVGDG:0.2727272727272727	MEQQPLVV:0.36363636363636365	LTVVGDGP:0.2727272727272727	VTFLGFRP:0.2727272727272727	VGLLVERK:0.2727272727272727	PEVCARRH:0.2727272727272727	VVAEAMAA:0.36363636363636365	TQDRGGPV:0.2727272727272727	EVCARRHL:0.2727272727272727	PLVVAEAM:0.36363636363636365	AYLLTQDR:0.2727272727272727	HAQDRRAG:0.2727272727272727	VVATDTGG:0.2727272727272727	GPVDVTVR:0.36363636363636365	FVGLLVER:0.2727272727272727	GRVTFLGF:0.2727272727272727	EQQPLVVA:0.36363636363636365	VTVRLAAT:0.2727272727272727	VATDTGGV:0.2727272727272727	VAEAMAAG:0.36363636363636365	RGGPVDVT:0.2727272727272727	HDALVLPS:0.2727272727272727	ATDTGGVA:0.2727272727272727	DVVHAQDR:0.36363636363636365	PVDVTVRL:0.36363636363636365	GLLVERKG:0.36363636363636365	YLLTQDRG:0.2727272727272727	VHAQDRRA:0.2727272727272727	QDRGGPVD:0.2727272727272727	FLGFRPDV:0.2727272727272727	QPLVVAEA:0.36363636363636365	VVHAQDRR:0.36363636363636365	DRGGPVDV:0.2727272727272727	DVTVRLAA:0.36363636363636365	LTQDRGGP:0.2727272727272727	AEAMAAGK:0.36363636363636365	TFLGFRPD:0.2727272727272727	AQDRRAGL:0.2727272727272727	PDVVHAQD:0.36363636363636365	VDVTVRLA:0.36363636363636365	DALVLPSL:0.2727272727272727	QQPLVVAE:0.36363636363636365	LVVAEAMA:0.36363636363636365	GGPVDVTV:0.36363636363636365	LLTQDRGG:0.2727272727272727	RVTFLGFR:0.2727272727272727	YHGVPDDV:0.36363636363636365	TYHGVPDD:0.36363636363636365	WRPDVVHA:0.2727272727272727	RAWRPDVV:0.2727272727272727	RPDVVHAQ:0.2727272727272727	ADALVLPS:0.2727272727272727	AWRPDVVH:0.2727272727272727	
