cluster number:1345
GT4:335	GT4:335|GT2:1|2.4.1.-:1
AIPHAYAG:0.2537313432835821	IAIVCYPT:0.23880597014925373	DLFLLPSE:0.23283582089552238	IPHAYAGY:0.2507462686567164	YPTFGGSG:0.5343283582089552	YPLFHYQP:0.24776119402985075	VHYAIPHA:0.6059701492537314	HVHYAIPH:0.6358208955223881	YAIPHAYA:0.3701492537313433	VTTLHGTD:0.5164179104477612	LLHVHYAI:0.30149253731343284	LALSSKLV:0.2417910447761194	HGTDITLV:0.6776119402985075	PTFGGSGV:0.5373134328358209	ESFGLAAL:0.6895522388059702	AIVCYPTF:0.24477611940298508	LHVHYAIP:0.6149253731343284	PLFHYQPY:0.24776119402985075	TLHGTDIT:0.7701492537313432	FGGSGVVA:0.5104477611940299	HAYAGYMA:0.2417910447761194	LHGTDITL:0.6895522388059702	GTDITLVG:0.6776119402985075	IVCYPTFG:0.5194029850746269	PHAYAGYM:0.2507462686567164	SFGLAALE:0.6895522388059702	GGSGVVAT:0.6507462686567164	GLAALEAM:0.6835820895522388	FGLAALEA:0.6955223880597015	CYPTFGGS:0.5283582089552239	VCYPTFGG:0.5253731343283582	TFGGSGVV:0.5104477611940299	TTLHGTDI:0.7731343283582089	HYAIPHAY:0.3761194029850746	EYPLFHYQ:0.23283582089552238	LAALEAMA:0.5492537313432836	QPYELALS:0.3492537313432836	GVVATELG:0.6179104477611941	IGIVCYPT:0.3194029850746269	YELALSSK:0.33432835820895523	KIGIVCYP:0.24477611940298508	VVTTLHGT:0.21492537313432836	PYELALSS:0.33432835820895523	GIVCYPTF:0.2746268656716418	GSGVVATE:0.6328358208955224	SGVVATEL:0.6298507462686567	YQPYELAL:0.33134328358208953	TESFGLAA:0.2	MKIGIVCY:0.23880597014925373	AYAGYMAK:0.2208955223880597	SNFRKVKR:0.29850746268656714	SDLFLLPS:0.2716417910447761	ITTLHGTD:0.2955223880597015	DLLHVHYA:0.2	ELALSSKL:0.22388059701492538	AALEAMAC:0.26865671641791045	ATELGKAL:0.21791044776119403	TELGKALA:0.21492537313432836	TDITLVGK:0.22686567164179106	HYAIPHAS:0.208955223880597	VVATELGL:0.23880597014925373	HYQPYELA:0.2507462686567164	FHYQPYEL:0.2507462686567164	LFHYQPYE:0.2507462686567164	
