cluster number:1651
GT4:77	GT4:77
ITHLHAHF:0.35064935064935066	YPRFSETF:0.4155844155844156	THLHAHFA:0.3246753246753247	PRFSETFI:0.2857142857142857	RFSETFIV:0.2857142857142857	GITHLHAH:0.22077922077922077	RDGLPTVL:0.4935064935064935	VGRLVEKK:0.2857142857142857	YVLKRYPR:0.2727272727272727	RLVEKKGF:0.2077922077922078	GRLVEKKG:0.2987012987012987	AKDIFHES:0.35064935064935066	DIFHESVD:0.2077922077922078	KDIFHESV:0.35064935064935066	HAKDIFHE:0.36363636363636365	HLHAHFAS:0.33766233766233766	PRYSETFV:0.2077922077922078	KDGNRDGL:0.22077922077922077	RYPRYSET:0.3246753246753247	VLLEAMAL:0.2987012987012987	NRDGLPTV:0.3246753246753247	DGNRDGLP:0.33766233766233766	FTAHAKDI:0.4935064935064935	TFVVNEIL:0.23376623376623376	AHAKDIFH:0.3246753246753247	VNEILAHE:0.36363636363636365	PTVLLEAM:0.4155844155844156	TDVTGIPE:0.2857142857142857	ETFVVNEI:0.23376623376623376	VVNEILAH:0.22077922077922077	FVVNEILA:0.22077922077922077	GNRDGLPT:0.3246753246753247	AMALGTPC:0.24675324675324675	EAMALGTP:0.2987012987012987	YSFTAHAK:0.2077922077922078	YPRYSETF:0.3246753246753247	VVTVSDYN:0.22077922077922077	TAHAKDIF:0.3246753246753247	KRYPRYSE:0.3246753246753247	RYSETFVV:0.2077922077922078	GLPTVLLE:0.6493506493506493	LPTVLLEA:0.5064935064935064	LLEAMALG:0.2987012987012987	TVLLEAMA:0.4155844155844156	DGLPTVLL:0.6493506493506493	SFTAHAKD:0.2077922077922078	LEAMALGT:0.2987012987012987	SETFVVNE:0.23376623376623376	TFTAHAKD:0.2727272727272727	YTFTAHAK:0.2727272727272727	EILAHEAA:0.24675324675324675	LAHEAAGL:0.23376623376623376	NEILAHEA:0.22077922077922077	ILAHEAAG:0.23376623376623376	
