cluster number:1387
GT4:35	GT4:35|GT2:1
GLPVVASD:0.3142857142857143	SDHEGFPL:0.2	AKAGALGR:0.4	LAGGDGPL:0.2571428571428571	ARFAAPKR:0.2571428571428571	RIVMVARF:0.2571428571428571	SDLPGIRE:0.22857142857142856	YTVHGFAF:0.4	DHEGFPLS:0.2	SVLEAMRA:0.4	HEGFPLSV:0.2	IHAHSAKA:0.2	ASDLPGIR:0.22857142857142856	HAHSAKAG:0.2857142857142857	RRIVMVAR:0.2571428571428571	AHSAKAGA:0.2857142857142857	IVMVARFA:0.2857142857142857	VARFAAPK:0.2571428571428571	VLEAMRAG:0.37142857142857144	FPLSVLEA:0.2571428571428571	LPGIREQL:0.22857142857142856	HSAKAGAL:0.37142857142857144	LSVLEAMR:0.37142857142857144	VHGFAFKP:0.37142857142857144	LEAMRAGL:0.6285714285714286	FAAPKRPD:0.2571428571428571	RFAAPKRP:0.2571428571428571	VMVARFAA:0.2571428571428571	EGFPLSVL:0.22857142857142856	MVARFAAP:0.2571428571428571	PLSVLEAM:0.4	EAMRAGLP:0.6857142857142857	SAKAGALG:0.37142857142857144	DLPGIREQ:0.2571428571428571	TVHGFAFK:0.4	KAGALGRI:0.2	GFPLSVLE:0.22857142857142856	AGALGRIA:0.2	AMRAGLPV:0.5714285714285714	RAGLPVVA:0.4	MRAGLPVV:0.5428571428571428	AGLPVVAS:0.2857142857142857	VLASDHEG:0.22857142857142856	FVLASDHE:0.22857142857142856	PVVYTVHG:0.2857142857142857	PLRRIVMV:0.2	VYTVHGFA:0.2571428571428571	VVYTVHGF:0.2857142857142857	LRRIVMVA:0.22857142857142856	FAFKPAAP:0.2	AAPKRPDL:0.2	HGFAFKPA:0.2	GFAFKPAA:0.2	KAGALGRV:0.2	AGALGRVA:0.2	LLDNALSP:0.2	LDNALSPL:0.2	
