cluster number:1691
GT4:17	GT4:17
CSHGWAFD:0.29411764705882354	WEGFGLVA:0.7647058823529411	RWEGFGLV:0.47058823529411764	SRWEGFGL:0.47058823529411764	VPSRWEGF:0.47058823529411764	FGLVAVEA:0.5294117647058824	GFGLVAVE:0.5882352941176471	LVAVEAMA:0.35294117647058826	VYCSHGWA:0.35294117647058826	IVYCSHGW:0.35294117647058826	GLVAVEAM:0.35294117647058826	IVPSRWEG:0.4117647058823529	KIVYCSHG:0.29411764705882354	PSRWEGFG:0.5294117647058824	EGFGLVAV:0.5882352941176471	YCSHGWAF:0.35294117647058826	LFVGRLDR:0.29411764705882354	VGRLDRQK:0.29411764705882354	FVGRLDRQ:0.29411764705882354	GRLDRQKG:0.29411764705882354	EGFGLVAL:0.23529411764705882	FGLVALEA:0.23529411764705882	GFGLVALE:0.23529411764705882	
