cluster number:1009
GT4:17	GT4:17|GT2:13
IDDDAIPF:0.29411764705882354	AGAIPEVV:0.35294117647058826	FSEHEGFG:0.23529411764705882	RYESFGLV:0.4117647058823529	SGGIGTLY:0.35294117647058826	VVFPSRYE:0.23529411764705882	LVPLEAFV:0.4117647058823529	GFGVPLLE:0.23529411764705882	FIDDDAIP:0.23529411764705882	PSRYESFG:0.47058823529411764	SRYESFGL:0.47058823529411764	YESFGLVP:0.4117647058823529	LEAFVHGK:0.29411764705882354	ESFGLVPL:0.4117647058823529	SFSEHEGF:0.23529411764705882	FGLVPLEA:0.4117647058823529	HEGFGVPL:0.4117647058823529	GLVPLEAF:0.4117647058823529	FPSRYESF:0.35294117647058826	VFPSRYES:0.29411764705882354	LERCLDYL:0.35294117647058826	VIVVNGPS:0.29411764705882354	EGFGVPLL:0.23529411764705882	EAFVHGKP:0.29411764705882354	PLEAFVHG:0.35294117647058826	VVNGPSTD:0.35294117647058826	VAFIDDDA:0.29411764705882354	SEHEGFGV:0.23529411764705882	EHEGFGVP:0.23529411764705882	SFGLVPLE:0.4117647058823529	GGIGTLYY:0.4117647058823529	AFIDDDAI:0.23529411764705882	FGVPLLEA:0.23529411764705882	FEVIVVNG:0.23529411764705882	EVIVVNGP:0.29411764705882354	VPLEAFVH:0.4117647058823529	IVVNGPST:0.23529411764705882	EALDFGDA:0.23529411764705882	HEFAQSHN:0.23529411764705882	EAKVNIDS:0.23529411764705882	ICKNTAYF:0.29411764705882354	TLYYHLAS:0.29411764705882354	RLVTPFPV:0.23529411764705882	GFDEQFDY:0.23529411764705882	YHLASELL:0.29411764705882354	EFAQSHNR:0.23529411764705882	GTLYYHLA:0.29411764705882354	FAQSHNRG:0.23529411764705882	LASELLLM:0.29411764705882354	HCGIAYWP:0.23529411764705882	LGGPAYYA:0.23529411764705882	KNTAYFIA:0.23529411764705882	LYYHLASE:0.29411764705882354	TICKNTAY:0.23529411764705882	RNLAISRN:0.23529411764705882	GIAYWPFF:0.23529411764705882	VTKEFPPF:0.29411764705882354	YYHLASEL:0.29411764705882354	NTAYFIAA:0.23529411764705882	ALDFGDAV:0.23529411764705882	FIAAYSGL:0.23529411764705882	IAYWPFFD:0.23529411764705882	VVPISESI:0.29411764705882354	GIDLADGD:0.23529411764705882	CGIAYWPF:0.23529411764705882	TAYFIAAY:0.23529411764705882	TEALDFGD:0.23529411764705882	AYFIAAYS:0.23529411764705882	AQSHNRGG:0.23529411764705882	RHEFAQSH:0.23529411764705882	IVTKEFPP:0.35294117647058826	HLASELLL:0.23529411764705882	CKNTAYFI:0.23529411764705882	ASELLLMG:0.29411764705882354	SELLLMGH:0.29411764705882354	CIVTKEFP:0.23529411764705882	LDFGDAVS:0.23529411764705882	GGPAYYAG:0.23529411764705882	YFIAAYSG:0.23529411764705882	VVVVNGPS:0.23529411764705882	NFEVVVVN:0.23529411764705882	FEVVVVNG:0.23529411764705882	YFLDETDV:0.29411764705882354	EVVVVNGP:0.23529411764705882	RLELRKGI:0.23529411764705882	LELRKGID:0.23529411764705882	GRLELRKG:0.23529411764705882	AFIDDDAL:0.23529411764705882	FIDDDALP:0.23529411764705882	LRHEFAQS:0.29411764705882354	FLDETDVC:0.23529411764705882	HGKPVIAS:0.23529411764705882	IASRAGAI:0.23529411764705882	FVHGKPVI:0.23529411764705882	GIGTLYYH:0.23529411764705882	VIASRAGA:0.23529411764705882	KPVIASRA:0.23529411764705882	IGTLYYHL:0.23529411764705882	SRAGAIPE:0.23529411764705882	AFVHGKPV:0.23529411764705882	VHGKPVIA:0.23529411764705882	GKPVIASR:0.23529411764705882	ASRAGAIP:0.23529411764705882	RAGAIPEV:0.23529411764705882	PVIASRAG:0.23529411764705882	GAIPEVVG:0.23529411764705882	VSLSRHEG:0.23529411764705882	SQYESFGL:0.23529411764705882	SLSRHEGF:0.23529411764705882	LSRHEGFG:0.23529411764705882	QYESFGLV:0.23529411764705882	IPEVVGDG:0.23529411764705882	AIPEVVGD:0.23529411764705882	
