cluster number:1374
GT4:47	GT4:47
YPSLYEGF:0.5319148936170213	SLYEGFGI:0.574468085106383	FVYPSLYE:0.2765957446808511	LYEGFGIP:0.574468085106383	PSLYEGFG:0.5957446808510638	VYPSLYEG:0.3191489361702128	TVHDMIHE:0.2127659574468085	EGFGIPPL:0.574468085106383	GFGIPPLE:0.574468085106383	GIPPLEAM:0.5531914893617021	FGIPPLEA:0.5531914893617021	YEGFGIPP:0.574468085106383	IPPLEAMS:0.44680851063829785	IYPSLYEG:0.2127659574468085	TSSIPEVV:0.2127659574468085	YGGISRYF:0.2127659574468085	TVYDMIHE:0.2978723404255319	SNTSSIPE:0.2127659574468085	
