cluster number:2062
GT4:15	GT4:15
VPVGDAPA:0.2	LPDLRGGG:0.2	SDYEGFGN:0.26666666666666666	VEALSFGL:0.2	LGIADRVI:0.2	IVEALSFG:0.2	DCPSGPAE:0.4666666666666667	LPVVSTDC:0.3333333333333333	AARKYLDL:0.2	ELGIADRV:0.2	FVLMRAEG:0.2	SSDYEGFG:0.2	VLSSDYEG:0.2	SGPAEILA:0.2	LSFGLPVV:0.26666666666666666	GIADRVIF:0.2	PVDRDALR:0.2	LFVLSSDY:0.2	GFGNVIVE:0.6	IADRVIFA:0.2	TDCPSGPA:0.4666666666666667	RVIFAGFH:0.26666666666666666	AELGIADR:0.2	LAAELGIA:0.2	FGNVIVEA:0.6	VSTDCPSG:0.5333333333333333	GNVIVEAL:0.4666666666666667	LSSDYEGF:0.2	AAELGIAD:0.2	CPSGPAEI:0.4666666666666667	LRGGGAER:0.2	LLPDLRGG:0.2	ADLFVLSS:0.3333333333333333	VGDAPALA:0.2	DLRGGGAE:0.2	FAGFHPDP:0.2	FGLPVVST:0.2	VIVEALSF:0.2	DLFVLSSD:0.26666666666666666	PSGPAEIL:0.4666666666666667	PVGDAPAL:0.2	GLPVVSTD:0.3333333333333333	VEFVLMRA:0.2	EFVLMRAE:0.2	NVIVEALS:0.26666666666666666	FVLSSDYE:0.2	ADRVIFAG:0.2	EALSFGLP:0.26666666666666666	STDCPSGP:0.5333333333333333	DYEGFGNV:0.26666666666666666	PVVSTDCP:0.5333333333333333	VVSTDCPS:0.5333333333333333	PDLRGGGA:0.2	RRPDALIA:0.2	SFGLPVVS:0.2	DRVIFAGF:0.2	IFAGFHPD:0.2	IAARKYLD:0.2	EGFGNVIV:0.6	YEGFGNVI:0.26666666666666666	ALSFGLPV:0.26666666666666666	VIFAGFHP:0.2	LVPVGDAP:0.2	RLVPVGDA:0.2	GRLVPVGD:0.3333333333333333	FGRLVPVG:0.2	SGPAEILD:0.2	FEGFGNVI:0.2	SADLFVLS:0.2	TPVVSTDC:0.2	
