cluster number:78
GT4:119	GT4:119
VQVLGGGN:0.226890756302521	SPLRTVQV:0.2605042016806723	AGLVARGV:0.2857142857142857	AAGLVARG:0.3025210084033613	GDAAELVP:0.42016806722689076	HAHGLHAS:0.25210084033613445	QEALHARV:0.2184873949579832	TEDETVAQ:0.2689075630252101	VRSLAAGL:0.2857142857142857	WPTEDETV:0.3025210084033613	TVAQVLSV:0.3865546218487395	AHVRSLAA:0.226890756302521	HARVPLVA:0.24369747899159663	ETVAQVLS:0.2773109243697479	PTEDETVA:0.2857142857142857	QVLGGGNA:0.21008403361344538	DETVAQVL:0.2773109243697479	GSSAHVRS:0.3277310924369748	LVGDAAEL:0.44537815126050423	SAHVRSLA:0.3277310924369748	AHGLHASF:0.24369747899159663	AGSSAHVR:0.31932773109243695	VYDELTQP:0.23529411764705882	HVPRSSDP:0.2184873949579832	VAQVLSVY:0.3865546218487395	AQVLSVYD:0.3949579831932773	AAADLALL:0.23529411764705882	RSLAAGLV:0.226890756302521	HVHVPRSS:0.2184873949579832	VHAHGLHA:0.4789915966386555	GQSPLRTV:0.21008403361344538	SLAAGLVA:0.3025210084033613	EDETVAQV:0.2773109243697479	LAAADLAL:0.21008403361344538	TPLVVTWH:0.29411764705882354	SVYDELTQ:0.2605042016806723	ALHARVPL:0.24369747899159663	EALHARVP:0.2184873949579832	LRTVQVLG:0.5798319327731093	RTVQVLGG:0.5042016806722689	VHVPRSSD:0.2184873949579832	LAAGLVAR:0.3025210084033613	ELLAAADL:0.226890756302521	QVLSVYDE:0.44537815126050423	SSAHVRSL:0.3445378151260504	GGGNAGSS:0.20168067226890757	PLRTVQVL:0.35294117647058826	VGDAAELV:0.42016806722689076	LLAAADLA:0.2773109243697479	VLSVYDEL:0.6974789915966386	LSVYDELT:0.42016806722689076	HVRSLAAG:0.2857142857142857	PELVGDAA:0.3697478991596639	ELVGDAAE:0.37815126050420167	TVQVLGGG:0.5042016806722689	QSPLRTVQ:0.21008403361344538	LHARVPLV:0.24369747899159663	HGLHASFR:0.24369747899159663	TWPTEDET:0.23529411764705882	QAATWPTE:0.24369747899159663	AAELVPYG:0.3865546218487395	RDARLAPV:0.3025210084033613	LGGGSAGS:0.23529411764705882	RGARDARL:0.5126050420168067	ARGVRVTV:0.46218487394957986	LPSRWEAR:0.2857142857142857	DAAELVPY:0.2773109243697479	GVRVTVCA:0.44537815126050423	ADVVHAHG:0.2857142857142857	ERRVARAA:0.2184873949579832	LVARGVRV:0.3277310924369748	ATWPTEDE:0.2184873949579832	VARGVRVT:0.31932773109243695	GARDARLA:0.7142857142857143	GVPLVATA:0.29411764705882354	VRVTVCAP:0.3865546218487395	VGGVPELV:0.31932773109243695	AVLPSRWE:0.20168067226890757	VQVLGGGS:0.2857142857142857	PLVATAVG:0.3697478991596639	RSLLAQEA:0.226890756302521	AATWPTED:0.25210084033613445	DARLAPVA:0.25210084033613445	AELVPYGD:0.3277310924369748	VLGGGSAG:0.226890756302521	LLVIAGEG:0.20168067226890757	VLPSRWEA:0.23529411764705882	SLLAQEAL:0.226890756302521	RGVRVTVC:0.453781512605042	SRWEARSL:0.23529411764705882	LVATAVGG:0.36134453781512604	GADVVHAH:0.23529411764705882	GLVARGVR:0.3277310924369748	ARAAAVVL:0.2184873949579832	PSRWEARS:0.25210084033613445	VPLVATAV:0.3445378151260504	PLLVIAGE:0.20168067226890757	TAVGGVPE:0.2689075630252101	RAAAVVLG:0.226890756302521	ARDARLAP:0.44537815126050423	AVGGVPEL:0.2605042016806723	QVLGGGSA:0.23529411764705882	VATAVGGV:0.2857142857142857	GGVPELVG:0.3277310924369748	ATAVGGVP:0.2857142857142857	DADLVHAH:0.25210084033613445	ADLVHAHG:0.42857142857142855	LDAARAWR:0.21008403361344538	AQEALHAR:0.21008403361344538	LAQEALHA:0.31092436974789917	DLVHAHGL:0.42857142857142855	RSVLAQEA:0.24369747899159663	LVHAHGLH:0.31932773109243695	SDLVDRAR:0.3277310924369748	VLAQEALH:0.2184873949579832	LLDAARAW:0.2184873949579832	SVLAQEAL:0.24369747899159663	PVRLLGRR:0.23529411764705882	GGGSAGSS:0.2184873949579832	LPVRLLGR:0.23529411764705882	HVLSVYDE:0.25210084033613445	AHVLSVYD:0.25210084033613445	AGVPLVAT:0.226890756302521	VAALRAAC:0.21008403361344538	ARDARLAA:0.25210084033613445	RDARLAAV:0.21008403361344538	DVVHAHGL:0.2184873949579832	
