cluster number:42
GT4:168	GT4:168
GIQNKVLE:0.4880952380952381	QNKVLEAM:0.7559523809523809	NKVLEAMA:0.7083333333333334	IQNKVLEA:0.4880952380952381	GVQNKVLE:0.31547619047619047	RGVQNKVL:0.30357142857142855	KVLEAMAM:0.6488095238095238	VQNKVLEA:0.31547619047619047	ARGVQNKV:0.2976190476190476	MARPVVAS:0.20238095238095238	VAPLRIAR:0.34523809523809523	VLEAMAMA:0.43452380952380953	PFPPDRGD:0.26785714285714285	LEAMAMAR:0.4642857142857143	RIARGIQN:0.3392857142857143	RGIQNKVL:0.4642857142857143	EAMAMARP:0.4583333333333333	ARGIQNKV:0.4583333333333333	DRGDKIRS:0.23809523809523808	AMAMARPV:0.43452380952380953	TGQMDYRP:0.27380952380952384	VSEAEAAL:0.2261904761904762	MAMARPVV:0.31547619047619047	PLRIARGI:0.3273809523809524	IARGIQNK:0.375	GDKIRSYH:0.23214285714285715	PDRGDKIR:0.25	GQMDYRPN:0.27380952380952384	EAEAALFR:0.22023809523809523	LRIARGIQ:0.3273809523809524	SEAEAALF:0.22023809523809523	FVSEAEAA:0.20833333333333334	PPDRGDKI:0.25	APLRIARG:0.36904761904761907	FPPDRGDK:0.2261904761904762	FTGQMDYR:0.27380952380952384	AMARPVVA:0.2261904761904762	VFTGQMDY:0.35119047619047616	PPNKGDKI:0.3273809523809524	IPYPPNKG:0.23809523809523808	PNKGDKIR:0.30952380952380953	YPPNKGDK:0.2976190476190476	RIPYPPNK:0.23809523809523808	NKGDKIRS:0.2916666666666667	PYPPNKGD:0.2976190476190476	HRIPYPPN:0.23809523809523808	VFTGAMDY:0.27976190476190477	FTGAMDYW:0.2857142857142857	IARGVQNK:0.2619047619047619	
