cluster number:1642
GT4:15	GT4:15
TAIPNMAP:0.2	NSWFRIVW:0.2	QIAARWAD:0.26666666666666666	WRIVEQDP:0.2	FDCETGPA:0.3333333333333333	LYGVAAAR:0.2	VPVVAFDC:0.2	PMVLLEAM:0.26666666666666666	NVTLNRRK:0.2	LTAIPNMA:0.2	KGYDLLLR:0.2	CETGPAEI:0.4	GPAEIVRD:0.2	PPEEPEAL:0.2	ESTHALYG:0.26666666666666666	PVKIFNSW:0.26666666666666666	SWFRIVWR:0.2	QKGYDLLL:0.2	VAAARLAG:0.26666666666666666	GTERSACA:0.26666666666666666	RSACAVMN:0.26666666666666666	YEGLPMVL:0.6	VLAAGRLT:0.26666666666666666	VVLTQRDT:0.2	IDTLVVVE:0.26666666666666666	GLGGTERS:0.2	RLVLAAGR:0.2	VTLNRRKR:0.2	LNRRKRVW:0.2	GLPMVLLE:0.7333333333333333	PEEPEALA:0.2	DCETGPAE:0.3333333333333333	VESTHALY:0.4	VVWEHFNF:0.26666666666666666	HFNFNVTL:0.2	LGGTERSA:0.26666666666666666	VRLVELVG:0.2	ADYARAAL:0.2	FRIVWRLS:0.2	LKGLGGTE:0.2	FNVTLNRR:0.2	RQIAARWA:0.26666666666666666	ETGPAEIV:0.3333333333333333	DADYARAA:0.2	RRKRVWGR:0.26666666666666666	LLLRAWRI:0.2	VWGRQIAA:0.2	LVELVGAG:0.2	TGPAEIVR:0.2	VWEHFNFN:0.3333333333333333	GRQIAARW:0.26666666666666666	ACAVMNGL:0.4	KIFNSWFR:0.2	RLTAIPNM:0.2	LRAWRIVE:0.2	LLRAWRIV:0.2	LIRGDGPD:0.2	WEHFNFNV:0.26666666666666666	VRCVVWEH:0.2	KGLGGTER:0.2	YARAALFV:0.2	SRLVLAAG:0.2	LVPPEEPE:0.2	DLLLRAWR:0.2	GGTERSAC:0.26666666666666666	WFRIVWRL:0.2	TLVVVEST:0.2	RVWGRQIA:0.2	PVVAFDCE:0.2	RPVKIFNS:0.2	AGVRCVVW:0.2	LVVVESTH:0.3333333333333333	DLKGLGGT:0.2	STHALYGV:0.2	KRVWGRQI:0.2	YGVAAARL:0.2	AWRIVEQD:0.2	RCVVWEHF:0.26666666666666666	NFNVTLNR:0.2	DYARAALF:0.2	AAGRLTEQ:0.26666666666666666	LLIRGDGP:0.26666666666666666	VELVGAGA:0.2	VVAFDCET:0.2	SACAVMNG:0.26666666666666666	RIVWRLSR:0.2	ARLTAIPN:0.2	YDLLLRAW:0.2	EHFNFNVT:0.2	SRYEGLPM:0.4666666666666667	VPPEEPEA:0.2	FNSWFRIV:0.2	VKIFNSWF:0.2	WGRQIAAR:0.26666666666666666	IPNMAPPV:0.2	IQDLKGLG:0.2	CAVMNGLV:0.2	GVPVVAFD:0.2	GVAAARLA:0.2	TLNRRKRV:0.2	VRARLTAI:0.2	TERSACAV:0.26666666666666666	EQKGYDLL:0.2	LAAGRLTE:0.26666666666666666	AGVPVVAF:0.2	NRRKRVWG:0.2	RKRVWGRQ:0.26666666666666666	RLTEQKGY:0.2	IDADYARA:0.2	RAWRIVEQ:0.2	VVESTHAL:0.26666666666666666	GYDLLLRA:0.2	RARLTAIP:0.2	GRLTEQKG:0.26666666666666666	RYEGLPMV:0.4666666666666667	RLVELVGA:0.2	ERSACAVM:0.26666666666666666	GVRCVVWE:0.2	LAGVRCVV:0.2	ALYGVAAA:0.4	SSRYEGLP:0.3333333333333333	IFNSWFRI:0.2	QDLKGLGG:0.2	AGRLTEQK:0.26666666666666666	VVVESTHA:0.3333333333333333	LVLAAGRL:0.2	VAFDCETG:0.3333333333333333	VVVLTQRD:0.2	PAEIVRDG:0.2	THALYGVA:0.4	LTEQKGYD:0.2	AFDCETGP:0.4	MVLLEAMA:0.26666666666666666	VIQDLKGL:0.2	HALYGVAA:0.4	LPMVLLEA:0.6	FVIQDLKG:0.2	CVVWEHFN:0.26666666666666666	TEQKGYDL:0.2	EGLPMVLL:0.7333333333333333	FNFNVTLN:0.2	IRGDGPDR:0.2	ARWADDVV:0.26666666666666666	LYGVAAAK:0.2	ADDVVVLT:0.26666666666666666	RWADDVVV:0.26666666666666666	WADDVVVL:0.26666666666666666	AARWADDV:0.26666666666666666	EATHALYG:0.2	VEATHALY:0.2	ATHALYGV:0.2	GTERAACA:0.2	FVIQHINA:0.26666666666666666	CIVWEHFN:0.4	VVLTHRDI:0.2	MRIGFVIQ:0.2	RAACAVMN:0.2	TERAACAV:0.2	RIVGDGPD:0.2	GFVIQHIN:0.2	ERAACAVM:0.2	RIGFVIQH:0.2	GLPMVMLE:0.2	EGLPMVML:0.2	VDLGKRKR:0.2	GGTERAAC:0.2	IVWEHFNF:0.26666666666666666	LRIVGDGP:0.2	PMVMLEAA:0.2	IGFVIQHI:0.2	LPMVMLEA:0.2	RCIVWEHF:0.26666666666666666	AGIRCIVW:0.2	QKGFDRLL:0.2	GIRCIVWE:0.2	IRCIVWEH:0.2	
