cluster number:369
GT4:26	GT4:26
KKGHEDLI:0.3076923076923077	TRVDGVPE:0.2692307692307692	IVRTRHLA:0.5769230769230769	VLPTHQEA:0.6153846153846154	IHLLGFRT:0.3076923076923077	HLLGFRTD:0.3076923076923077	GHEDLIAA:0.2692307692307692	DLFVLPTH:0.46153846153846156	LPTHQEAL:0.6153846153846154	KGHEDLIA:0.2692307692307692	LFVLPTHQ:0.46153846153846156	EDLIAAVR:0.23076923076923078	RIHLLGFR:0.34615384615384615	THQEALGQ:0.34615384615384615	GHDSLVAG:0.2692307692307692	VRTRHLAL:0.7692307692307693	SGHDSLVA:0.2692307692307692	RTRHLALP:0.7307692307692307	VIGTRVDG:0.2692307692307692	GTRVDGVP:0.2692307692307692	RHLALPIT:0.3076923076923077	HLALPITS:0.3076923076923077	FVLPTHQE:0.6153846153846154	LPVIGTRV:0.2692307692307692	PTHQEALG:0.6153846153846154	VDGVPELI:0.34615384615384615	PVIGTRVD:0.2692307692307692	DLIAAVRP:0.23076923076923078	LNTHSGHD:0.23076923076923078	IGTRVDGV:0.2692307692307692	HSGHDSLV:0.2692307692307692	RVDGVPEL:0.23076923076923078	HEDLIAAV:0.2692307692307692	THSGHDSL:0.2692307692307692	GLPVIGTR:0.2692307692307692	VLNTHSGH:0.23076923076923078	TRHLALPI:0.7307692307692307	HVVMAGDG:0.34615384615384615	LHVVMAGD:0.3076923076923077	NTHSGHDS:0.38461538461538464	LHTESSLG:0.23076923076923078	SLGWGGQE:0.23076923076923078	TESSLGWG:0.23076923076923078	HTESSLGW:0.23076923076923078	SSLGWGGQ:0.23076923076923078	ESSLGWGG:0.23076923076923078	SLATYTWI:0.23076923076923078	NGLLVPPH:0.23076923076923078	HLALPISS:0.4230769230769231	IPHRVIAV:0.23076923076923078	ALPISSLA:0.23076923076923078	LIVRTRHL:0.23076923076923078	DVVNTHSG:0.3076923076923077	ISSLATYT:0.23076923076923078	RHLALPIS:0.4230769230769231	GLLVPPHD:0.23076923076923078	PHRVIAVS:0.23076923076923078	WIPHRVIA:0.23076923076923078	PLIVRTRH:0.23076923076923078	LPISSLAT:0.23076923076923078	PISSLATY:0.23076923076923078	YTWIPHRV:0.23076923076923078	SSLATYTW:0.23076923076923078	AGLPVIGT:0.34615384615384615	TWIPHRVI:0.23076923076923078	IYDGIVKP:0.2692307692307692	ATYTWIPH:0.23076923076923078	TIYDGIVK:0.2692307692307692	LALPISSL:0.38461538461538464	TYTWIPHR:0.23076923076923078	LATYTWIP:0.23076923076923078	HFVFAGDG:0.34615384615384615	HLLGLRRD:0.3076923076923077	VNTHSGRD:0.3076923076923077	VDGVPEVV:0.23076923076923078	VFAGDGPQ:0.3076923076923077	WGGQEHRT:0.23076923076923078	GWGGQEHR:0.23076923076923078	FVFAGDGP:0.34615384615384615	AHFVFAGD:0.2692307692307692	EALGTAFI:0.2692307692307692	ALGTAFIE:0.2692307692307692	QEALGTAF:0.2692307692307692	LGTAFIEA:0.2692307692307692	IEAMAAGL:0.23076923076923078	MAAGLPVI:0.23076923076923078	AMAAGLPV:0.23076923076923078	AAGLPVIG:0.23076923076923078	EAMAAGLP:0.23076923076923078	LLGLRRDV:0.2692307692307692	FAGDGPQT:0.23076923076923078	LDLFVLPT:0.23076923076923078	VHLLGLRR:0.23076923076923078	SGRDTQLA:0.23076923076923078	DTQLAGMA:0.23076923076923078	THSGRDTQ:0.23076923076923078	PDHVVTVS:0.23076923076923078	LPDHVVTV:0.23076923076923078	GRDTQLAG:0.23076923076923078	HQEALGTA:0.23076923076923078	RPRIVRTR:0.23076923076923078	TQLAGMAA:0.23076923076923078	RIVRTRHL:0.23076923076923078	RDTQLAGM:0.23076923076923078	PRIVRTRH:0.23076923076923078	THQEALGT:0.2692307692307692	NTHSGRDT:0.23076923076923078	HSGRDTQL:0.23076923076923078	
