cluster number:2152
GT4:11	GT4:11
LERYQGID:0.2727272727272727	VDLLTYHE:0.2727272727272727	PLALYVGN:0.45454545454545453	VNTPMKVY:0.2727272727272727	LAQADILC:0.36363636363636365	QGIDLLLE:0.2727272727272727	ADILCSPR:0.45454545454545453	RYQGIDLL:0.2727272727272727	QADILCSP:0.45454545454545453	SHSQVLDA:0.36363636363636365	EEAVFIAL:0.36363636363636365	VEEAVFIA:0.36363636363636365	GVNTPMKV:0.2727272727272727	AQADILCS:0.36363636363636365	DLLTYHEG:0.2727272727272727	LPDVAFAP:0.2727272727272727	ERYQGIDL:0.2727272727272727	HEVDLLTY:0.2727272727272727	ALYVGNLE:0.45454545454545453	YQGIDLLL:0.5454545454545454	VHAVEEAV:0.2727272727272727	DAWLAAAA:0.2727272727272727	DILCSPRL:0.36363636363636365	DVVHAVEE:0.2727272727272727	AWLAAAAL:0.2727272727272727	YDVVHAVE:0.2727272727272727	AVEEAVFI:0.36363636363636365	GHEVDLLT:0.2727272727272727	HAVEEAVF:0.36363636363636365	ERGTPIAV:0.5454545454545454	LALYVGNL:0.45454545454545453	EVDLLTYH:0.2727272727272727	ILCSPRLK:0.36363636363636365	LCSPRLKG:0.36363636363636365	RGTPIAVR:0.5454545454545454	CDAWLAAA:0.2727272727272727	YLAQADIL:0.45454545454545453	VVHAVEEA:0.2727272727272727	ESHSQVLD:0.2727272727272727	GNLESYQG:0.5454545454545454	IESHSQVL:0.2727272727272727	LYVGNLES:0.2727272727272727	SYMASGKA:0.2727272727272727	TDIESHSQ:0.2727272727272727	DIESHSQV:0.2727272727272727	RPLALYVG:0.2727272727272727	VGNLESYQ:0.36363636363636365	LATDIESH:0.2727272727272727	ATDIESHS:0.2727272727272727	YVGNLESY:0.36363636363636365	KGRNTPMK:0.2727272727272727	NLESYQGV:0.2727272727272727	
