cluster number:536
GT4:12	GT4:12
ADRIICYT:0.25	HAHSHLFF:0.4166666666666667	HSHLFFST:0.4166666666666667	IHAHSHLF:0.25	AHSHLFFS:0.4166666666666667	GSSPLVIT:0.3333333333333333	PLVITNHG:0.5833333333333334	SHLFFSTN:0.4166666666666667	SSPLVITN:0.25	SPLVITNH:0.25	YVPGKGVE:0.25	AADKIICY:0.3333333333333333	SCGIPVVC:0.3333333333333333	ADKIICYT:0.3333333333333333	NYSWKDTV:0.3333333333333333	ENYSWKDT:0.25	PGKGVEYL:0.25	HAHEMSKE:0.25	AHEMSKEQ:0.25	VIHNGIDT:0.5833333333333334	VENYSWKD:0.25	VVENYSWK:0.25	KDFVPNSE:0.25	PNSEIVQL:0.25	ILEAMSCG:0.3333333333333333	MSCGIPVV:0.3333333333333333	IHNGIDTD:0.4166666666666667	DFVPNSEI:0.25	FVPNSEIV:0.25	VPGKGVEY:0.25	NSEIVQLY:0.25	RENGRRNV:0.25	RLTFAAAD:0.3333333333333333	TGARLTFA:0.3333333333333333	QNSSVFVL:0.3333333333333333	SRLPQLVD:0.4166666666666667	KIICYTES:0.25	LPSLEEGV:0.5	NHGLNSQT:0.4166666666666667	YLIDAFNI:0.25	IDTDLFVP:0.25	SSLAEEFR:0.25	SLAEEFRE:0.25	ENGRRNVV:0.25	DVIHAHSH:0.3333333333333333	IICYTESE:0.25	GLNSQTAP:0.4166666666666667	VITNHGLN:0.4166666666666667	LPQLVDIV:0.5833333333333334	IHAHEMSK:0.3333333333333333	EFRENGRR:0.25	YTATGARL:0.3333333333333333	ICYTESEK:0.25	LGSTPLVI:0.25	NSSVFVLP:0.3333333333333333	AEEFRENG:0.25	TVYTASEG:0.25	TNLSAVAR:0.3333333333333333	PVVCSRLP:0.3333333333333333	LNSQTAPK:0.3333333333333333	QLVDIVDG:0.25	MGHDVTVY:0.25	NSQTAPKW:0.3333333333333333	STPLVITN:0.3333333333333333	SQTAPKWF:0.4166666666666667	HNGIDTDL:0.4166666666666667	SIIMKDFV:0.3333333333333333	GRRNVVEN:0.25	CGIPVVCS:0.25	TATGARLT:0.3333333333333333	RLPQLVDI:0.5	HLFFSTNL:0.3333333333333333	EGVPRTIL:0.5	ATGARLTF:0.3333333333333333	NGIDTDLF:0.4166666666666667	FSTNLSAV:0.3333333333333333	PQLVDIVD:0.25	EEFRENGR:0.25	LLWVGRYA:0.3333333333333333	TFAAADKI:0.3333333333333333	QTAPKWFQ:0.4166666666666667	YDVIHAHS:0.3333333333333333	KYDVIHAH:0.25	SLEEGVPR:0.5	CSRLPQLV:0.4166666666666667	LEEGVPRT:0.5	GHDVTVYT:0.25	VTVYTASE:0.25	LVPVKDSQ:0.25	TNHGLNSQ:0.4166666666666667	GARLTFAA:0.3333333333333333	VIHAHSHL:0.3333333333333333	LFFSTNLS:0.3333333333333333	IPVVCSRL:0.25	GIPVVCSR:0.25	LVITNHGL:0.5	VFVLPSLE:0.4166666666666667	GIDTDLFV:0.25	FRENGRRN:0.25	YQNSSVFV:0.3333333333333333	HGLNSQTA:0.4166666666666667	SSVFVLPS:0.4166666666666667	ARLTFAAA:0.3333333333333333	FFSTNLSA:0.3333333333333333	SVFVLPSL:0.4166666666666667	LTFAAADK:0.3333333333333333	STNLSAVA:0.3333333333333333	NGRRNVVE:0.25	YSWKDTVK:0.25	DKIICYTE:0.25	GSTPLVIT:0.3333333333333333	ITNHGLNS:0.4166666666666667	TPLVITNH:0.3333333333333333	GVPRTILE:0.5	EEGVPRTI:0.5	PSLEEGVP:0.5	VCSRLPQL:0.4166666666666667	VLPSLEEG:0.5833333333333334	LAEEFREN:0.25	FVLPSLEE:0.5	NLLWVGRY:0.25	VVCSRLPQ:0.3333333333333333	PRTILEAM:0.3333333333333333	VPRTILEA:0.3333333333333333	RTILEAMS:0.25	PQLVDIVE:0.3333333333333333	QLVDIVEG:0.3333333333333333	TILEAMSC:0.25	GRYAKGKG:0.25	WKDTVKKT:0.25	SWKDTVKK:0.25	
