cluster number:200
GT4:64	GT4:64
AQASGLPV:0.375	ASGLPVVG:0.21875	ASGTVYVE:0.53125	GHHMEAIC:0.234375	EAQASGLP:0.375	DVPNLLAG:0.53125	IVRTRHLA:0.328125	VPNLLAGF:0.390625	RGHHMEAI:0.296875	VTTVSDHV:0.421875	NTHSRRDT:0.59375	PNLLAGFD:0.390625	AMRARGHH:0.28125	TDVGGVSE:0.359375	SRRDTVIA:0.5625	GVSEMFRD:0.265625	VLNTHSRR:0.578125	TTVSDHVR:0.421875	LIVRTRHL:0.71875	RVTTVSDH:0.40625	LLAGFDLF:0.28125	QEASGTVY:0.53125	YVEAQASG:0.328125	GRFDVLNT:0.328125	HRVTTVSD:0.421875	AGFDLFAL:0.296875	GTVYVEAQ:0.375	THSRRDTV:0.5625	DIVVGCVA:0.265625	TPLIVRTR:0.671875	FDLFALAT:0.296875	LNTHSRRD:0.578125	LAGFDLFA:0.296875	PLIVRTRH:0.71875	HSRRDTVI:0.5625	VYVEAQAS:0.328125	IHLMGTRR:0.21875	DVLNTHSR:0.609375	RRDVPNLL:0.4375	GTDVGGVS:0.359375	RFDVLNTH:0.328125	DVGGVSEM:0.359375	GGVSEMFR:0.296875	VEAQASGL:0.328125	VSEMFRDG:0.265625	VVGCVAVM:0.453125	GTPLIVRT:0.671875	IVVGCVAV:0.265625	NLLAGFDL:0.28125	VGCVAVMR:0.515625	TRRDVPNL:0.28125	LRIVHSEA:0.34375	EASGTVYV:0.53125	AGTPLIVR:0.671875	RIVHSEAA:0.46875	VGGVSEMF:0.3125	TVSDHVRE:0.203125	RRDTVIAA:0.546875	LMGTRRDV:0.28125	TVYVEAQA:0.34375	RDVPNLLA:0.421875	GFDLFALA:0.296875	HLMGTRRD:0.28125	HHMEAICQ:0.234375	SGTVYVEA:0.53125	SGLPVVGT:0.21875	FDVLNTHS:0.421875	GTRRDVPN:0.28125	MGTRRDVP:0.28125	LPHRVTTV:0.421875	RIHLMGTR:0.25	PHRVTTVS:0.421875	PLRIVHSE:0.265625	LAGTPLIV:0.546875	AGRLAGTP:0.46875	GSLWSYTR:0.203125	WSYTRLPH:0.203125	SLWSYTRL:0.203125	RLAGTPLI:0.546875	GRLAGTPL:0.484375	LWSYTRLP:0.203125	ERGHHMEA:0.203125	AMRERGHH:0.21875	RERGHHME:0.203125	MRERGHHM:0.203125	VRTRHLSN:0.375	PVEHSTLR:0.203125	AAAGRLAG:0.296875	TVYSPIVL:0.265625	PKLHLVFV:0.21875	ATVYSPIV:0.265625	FEQTQAYV:0.28125	VAVMRATK:0.296875	TVHTLEMD:0.203125	GSPVFEQT:0.34375	LFALATQQ:0.203125	VIAAAAGR:0.296875	TQQEASGT:0.3125	RDTVIAAA:0.34375	ALATQQEA:0.3125	EQTQAYVA:0.25	GGSPVFEQ:0.3125	SFGGQEGR:0.359375	VFEQTQAY:0.3125	GQEGRIFK:0.375	VATVYSPI:0.21875	TKGHKDLI:0.234375	GGGSPVFE:0.3125	PARLAETT:0.203125	RATKGHKD:0.21875	LSNKVGSL:0.3125	IVHSEAAT:0.359375	VGGGSPVF:0.3125	FTVHTLEM:0.203125	TVIAAAAG:0.296875	AGFTVHTL:0.25	KVGSLWSY:0.3125	CVAVMRAT:0.296875	HKDLIDAI:0.21875	QEGRIFKE:0.375	ATKGHKDL:0.21875	FSPARLAE:0.21875	SPIVLPPP:0.3125	DGETGILV:0.25	HSEAATSF:0.4375	RLAETTEA:0.21875	QTQAYVAE:0.234375	VFVGGGSP:0.34375	DLIDAIAP:0.203125	KGHKDLID:0.296875	GILVPPKD:0.296875	IVRTRHLS:0.375	TRHLSNKV:0.34375	GETGILVP:0.296875	IVLPPPVE:0.234375	HLSNKVGS:0.34375	GHKDLIDA:0.296875	LHLVFVGG:0.34375	KDLIDAIA:0.203125	HLVFVGGG:0.34375	SGLPVIGT:0.203125	VMRATKGH:0.296875	LVFVGGGS:0.34375	RTRHLSNK:0.34375	PIVLPPPV:0.234375	VYSPIVLP:0.265625	ATQQEASG:0.3125	SNKVGSLW:0.3125	LIDAIAPL:0.203125	FGGQEGRI:0.375	SPARLAET:0.203125	EAATSFGG:0.4375	AATSFGGQ:0.4375	NKVGSLWS:0.3125	AAGRLAGT:0.296875	SPVFEQTQ:0.34375	KLHLVFVG:0.25	GGQEGRIF:0.375	YSPIVLPP:0.3125	ARLAETTE:0.203125	QQEASGTV:0.3125	LATQQEAS:0.3125	FALATQQE:0.3125	TGILVPPK:0.296875	EGRIFKEM:0.375	AVMRATKG:0.296875	ASGLPVIG:0.21875	TSFGGQEG:0.359375	ATSFGGQE:0.4375	FVGGGSPV:0.3125	GCVAVMRA:0.375	VFSPARLA:0.203125	SEAATSFG:0.4375	AAAAGRLA:0.296875	IAAAAGRL:0.296875	PVFEQTQA:0.3125	MRATKGHK:0.21875	DTVIAAAA:0.34375	RPKLHLVF:0.203125	DLFALATQ:0.203125	RDGETGIL:0.25	VHTLEMDG:0.234375	RHLSNKVG:0.34375	VGSLWSYT:0.328125	VHSEAATS:0.34375	
