cluster number:2170
GT4:17	GT4:17
TLEPRKGL:0.4117647058823529	VVVPTHAV:0.35294117647058826	LAEGFGLP:0.5882352941176471	AMAHPDAP:0.23529411764705882	APVPGGIG:0.29411764705882354	AVGTLEPR:0.4117647058823529	AEGFGLPV:0.6470588235294118	GLPVIEAM:0.23529411764705882	ADAVVVPT:0.4117647058823529	PSLAEGFG:0.5882352941176471	FPSLAEGF:0.5294117647058824	GTPVVHSD:0.35294117647058826	YPERLAQA:0.29411764705882354	VFPSLAEG:0.4117647058823529	LAVGTLEP:0.4117647058823529	FVFPSLAE:0.35294117647058826	SLAEGFGL:0.5882352941176471	FGLPVIEA:0.23529411764705882	EGFGLPVI:0.23529411764705882	RLGLPERY:0.23529411764705882	SLGTPVVH:0.23529411764705882	ERLGLPER:0.23529411764705882	VPWTHPET:0.23529411764705882	AERLGLPE:0.23529411764705882	RAERLGLP:0.23529411764705882	RLRVIGGA:0.23529411764705882	LGTPVVHS:0.23529411764705882	AVVVPTHA:0.4117647058823529	VFVFPSLA:0.23529411764705882	PVPGGIGR:0.35294117647058826	PWTHPETL:0.23529411764705882	VGTLEPRK:0.5882352941176471	GTLEPRKG:0.35294117647058826	VVPTHAVA:0.4117647058823529	WTHPETLT:0.23529411764705882	GFGLPVIE:0.23529411764705882	DAVVVPTH:0.4117647058823529	VPGGIGRY:0.4117647058823529	HADAVVVP:0.23529411764705882	HDVVPWTH:0.23529411764705882	LPVVEAMS:0.23529411764705882	DVVPWTHP:0.23529411764705882	GLPVVEAM:0.29411764705882354	EGFGLPVV:0.4117647058823529	FGLPVVEA:0.4117647058823529	GFGLPVVE:0.4117647058823529	RVIGGAVS:0.23529411764705882	PGGIGRYT:0.23529411764705882	
