cluster number:1064
GT4:11	GT4:11
IGRPSYQK:0.36363636363636365	ICSIGRPS:0.36363636363636365	KPCVLTNV:0.2727272727272727	LWNNSIEN:0.2727272727272727	NVDGNKDL:0.2727272727272727	CSIGRPSY:0.2727272727272727	NIHLVILG:0.36363636363636365	IHLVILGV:0.2727272727272727	VSSSRYEG:0.2727272727272727	SRYEGLPY:0.5454545454545454	SSSRYEGL:0.2727272727272727	VLTNVDGN:0.2727272727272727	PCVLTNVD:0.2727272727272727	VILGVGFY:0.2727272727272727	FICSIGRP:0.2727272727272727	CVLTNVDG:0.2727272727272727	SSRYEGLP:0.2727272727272727	HLVILGVG:0.36363636363636365	TNVDGNKD:0.2727272727272727	LGVGFYSP:0.2727272727272727	YDIKKNIK:0.2727272727272727	SIGRPSYQ:0.36363636363636365	LVILGVGF:0.2727272727272727	ILGVGFYS:0.2727272727272727	YEGLPYSV:0.5454545454545454	EGLPYSVI:0.6363636363636364	PHAYSYLS:0.2727272727272727	LPYSVIEA:0.45454545454545453	GLPYSVIE:0.6363636363636364	RYEGLPYS:0.5454545454545454	SYQKNTEL:0.2727272727272727	YTPHAYSY:0.2727272727272727	TPHAYSYL:0.2727272727272727	HAYSYLSA:0.2727272727272727	PSYQKNTE:0.2727272727272727	QKNTELLV:0.2727272727272727	RPSYQKNT:0.36363636363636365	YQKNTELL:0.2727272727272727	GRPSYQKN:0.45454545454545453	PYSVIEAL:0.36363636363636365	AYSYLSAE:0.2727272727272727	SVGGVDVS:0.2727272727272727	GVDVSLRL:0.2727272727272727	VGGVDVSL:0.2727272727272727	HLVLMGVG:0.2727272727272727	KIKVAHIL:0.2727272727272727	DVSLRLIL:0.2727272727272727	TSRYEGLP:0.2727272727272727	GGVDVSLR:0.2727272727272727	VDVSLRLI:0.2727272727272727	STSRYEGL:0.2727272727272727	
