cluster number:2301
GT4:162	GT4:162|2.4.1.257:2|2.4.1.132:2
GIGGAERL:0.7839506172839507	EHFGIVPL:0.6790123456790124	IGGAERLV:0.6049382716049383	LFYCHFPD:0.4012345679012346	HPDLGIGG:0.808641975308642	LGIGGAER:0.7716049382716049	FGIVPLEA:0.6358024691358025	DLGIGGAE:0.8148148148148148	HFGIVPLE:0.6790123456790124	GIVPLEAM:0.6358024691358025	PDLGIGGA:0.808641975308642	ERLVVDAA:0.5370370370370371	INRFERKK:0.25308641975308643	AERLVVDA:0.5370370370370371	SINRFERK:0.24074074074074073	IAFIHPDL:0.2654320987654321	GAERLVVD:0.5740740740740741	RLVVDAAV:0.2222222222222222	LSINRFER:0.2777777777777778	FIHPDLGI:0.345679012345679	IHPDLGIG:0.4382716049382716	GGAERLVV:0.5740740740740741	AFIHPDLG:0.32098765432098764	INRYERKK:0.22839506172839505	NRYERKKN:0.24074074074074073	FYCHFPDQ:0.4567901234567901	SSSLKELL:0.2037037037037037	SSLKELLL:0.2037037037037037	YCHFPDQL:0.41975308641975306	IYTSHCDK:0.25308641975308643	IVPLEAMK:0.2716049382716049	CHFPDQLL:0.41975308641975306	HFPDQLLA:0.30246913580246915	YTPSNEHF:0.2037037037037037	PSNEHFGI:0.2037037037037037	TPSNEHFG:0.2037037037037037	NEHFGIVP:0.345679012345679	VVNSNFTK:0.24691358024691357	TSISSSLK:0.2037037037037037	DKSHCFEE:0.2037037037037037	RLVVDAAL:0.24691358024691357	
