cluster number:1216
GT4:34	GT4:34
LNVLYAGT:0.5294117647058824	DTALVHLT:0.7352941176470589	GTLGRAQN:0.35294117647058826	LYAGTLGR:0.6176470588235294	ALVHLTDW:0.5588235294117647	VLYAGTLG:0.6176470588235294	ADTALVHL:0.8529411764705882	IRNVFPPK:0.20588235294117646	YAGTLGRA:0.6176470588235294	NVLYAGTL:0.38235294117647056	TLGRAQNL:0.35294117647058826	TALVHLTD:0.5294117647058824	AGTLGRAQ:0.6176470588235294	WADTALVH:0.8529411764705882	LRDAWPDL:0.47058823529411764	DWADTALV:0.3235294117647059	IGTVPALP:0.4117647058823529	GTVPALPT:0.4411764705882353	NGVPQRRW:0.6176470588235294	VIGTVPAL:0.2647058823529412	IDLRDAWP:0.6764705882352942	PENGVPQR:0.6176470588235294	DLRDAWPD:0.47058823529411764	ENGVPQRR:0.6176470588235294	YDWADTAL:0.29411764705882354	TVPALPTA:0.3235294117647059	VPSKTYEL:0.4117647058823529	PYVIDLRD:0.38235294117647056	MKILVLSQ:0.23529411764705882	ILVLSQYW:0.20588235294117646	YWYPENGV:0.20588235294117646	VHLTDWEP:0.20588235294117646	RAVPSKTY:0.20588235294117646	AVPSKTYE:0.3235294117647059	LVHLTDWE:0.20588235294117646	HLTDWEPL:0.20588235294117646	VIAPPPHY:0.35294117647058826	QRRWTWLS:0.20588235294117646	PSKTYELM:0.5882352941176471	RDAWPDLL:0.35294117647058826	TIRNVFPP:0.2647058823529412	SKTYELMS:0.20588235294117646	YVIDLRDA:0.3235294117647059	VIDLRDAW:0.4117647058823529	IPSKTYEL:0.20588235294117646	LVIGTVPA:0.29411764705882354	GTVPAIPT:0.2647058823529412	GTLGRAQK:0.20588235294117646	TVPAIPTA:0.23529411764705882	NLRFVGAG:0.20588235294117646	TLGRAQKL:0.20588235294117646	DLVIGTVP:0.29411764705882354	PDLVIGTV:0.29411764705882354	WAPENGVP:0.23529411764705882	QYWAPENG:0.20588235294117646	LRDAWPEL:0.23529411764705882	YWAPENGV:0.23529411764705882	DLRDAWPE:0.23529411764705882	APENGVPQ:0.23529411764705882	SQYWAPEN:0.20588235294117646	RDAWPELL:0.20588235294117646	
