cluster number:1879
GT4:49	GT4:49
RSRAPAWS:0.7142857142857143	ARSRAPAW:0.673469387755102	IVHARSRA:0.40816326530612246	YNSVMARG:0.2653061224489796	NSVMARGE:0.24489795918367346	VHARSRAP:0.5918367346938775	SRAPAWSA:0.673469387755102	HARSRAPA:0.673469387755102	LPLASKNP:0.30612244897959184	LPGRLTRW:0.4897959183673469	GRLTRWKG:0.5102040816326531	VTTFHGTY:0.22448979591836735	GGVERGTV:0.24489795918367346	PLASKNPL:0.32653061224489793	RLTRWKGQ:0.5510204081632653	PGRLTRWK:0.4897959183673469	VVLQVLPA:0.20408163265306123	PVVLQVLP:0.20408163265306123	ASTDPEAF:0.20408163265306123	DMPAAYML:0.20408163265306123	DIVHARSR:0.3673469387755102	QAMGRPVI:0.32653061224489793	VLPALVTG:0.20408163265306123	EAQAMGRP:0.2857142857142857	LQVLPALV:0.20408163265306123	STDPEAFG:0.20408163265306123	LLVGSDQG:0.3877551020408163	LVGSDQGR:0.42857142857142855	MLPGRLTR:0.20408163265306123	VDIVHARS:0.3673469387755102	AQAMGRPV:0.2857142857142857	LPALVTGG:0.20408163265306123	AMGRPVIA:0.20408163265306123	VLQVLPAL:0.22448979591836735	GGPMVREL:0.2857142857142857	VEAQAMGR:0.20408163265306123	TDPEAFGR:0.20408163265306123	QVLPALVT:0.20408163265306123	TGGVERGT:0.22448979591836735	LVTGGAER:0.2857142857142857	VASEGGPM:0.2653061224489796	ALDEALSL:0.20408163265306123	TGGAERGC:0.2653061224489796	RVIVEAQA:0.2653061224489796	LAVYAELL:0.24489795918367346	GGAERGCI:0.2653061224489796	TTFHAPYN:0.2653061224489796	VIVSAIGA:0.20408163265306123	PEAFGRVI:0.30612244897959184	LLPGRLTR:0.2857142857142857	EPEAFGRV:0.2653061224489796	GETAWVVP:0.20408163265306123	SDQGRTGY:0.24489795918367346	VGSDQGRT:0.30612244897959184	IVEAQAMG:0.22448979591836735	APAWSAWL:0.20408163265306123	ETAWVVPP:0.20408163265306123	SVMARGER:0.22448979591836735	LVASEGGP:0.20408163265306123	VIVEAQAM:0.2653061224489796	PVILLPGR:0.20408163265306123	FGRVIVEA:0.22448979591836735	ALLVGSDQ:0.20408163265306123	MTTFHAPY:0.20408163265306123	AFGRVIVE:0.22448979591836735	TLAVYAEL:0.2653061224489796	PAWSAWLA:0.20408163265306123	RAPAWSAW:0.3469387755102041	TLPLASKN:0.2653061224489796	GAERGCID:0.2653061224489796	PGETAWVV:0.20408163265306123	GSDQGRTG:0.24489795918367346	DQGRTGYR:0.24489795918367346	EAFGRVIV:0.22448979591836735	YMTTFHAP:0.20408163265306123	ILLPGRLT:0.22448979591836735	AWSAWLAC:0.20408163265306123	PVIVSAIG:0.20408163265306123	VTGGAERG:0.2653061224489796	VILLPGRL:0.22448979591836735	GRVIVEAQ:0.22448979591836735	
