cluster number:1498
GT4:33	GT4:33
PGSGVNLE:0.24242424242424243	ANITGLGT:0.3333333333333333	VMKEKGID:0.21212121212121213	TIKPNIYG:0.45454545454545453	MKEKGIDQ:0.36363636363636365	GRPIITTN:0.2727272727272727	IPGSGVNL:0.45454545454545453	EKGIDQYL:0.36363636363636365	IANITGLG:0.30303030303030304	SRVMKEKG:0.30303030303030304	KEKGIDQY:0.3333333333333333	ITGLGTAV:0.3939393939393939	KVEKEFDR:0.21212121212121213	NITGLGTA:0.45454545454545453	RPIITTNR:0.2727272727272727	LIPGSGVN:0.3939393939393939	HPSYYPEG:0.2727272727272727	TGLGTAVE:0.3939393939393939	RVMKEKGI:0.3939393939393939	GLYKFRKE:0.2727272727272727	NNDVGLYK:0.24242424242424243	VGLYKFRK:0.24242424242424243	PTYYPEGM:0.42424242424242425	YYPEGMSN:0.5757575757575758	LTYTIKPN:0.36363636363636365	LYKFRKEL:0.24242424242424243	VLTYTIKP:0.24242424242424243	ANNDVGLY:0.21212121212121213	GRPIITTD:0.30303030303030304	GMSNVLLE:0.5757575757575758	DVGLYKFR:0.24242424242424243	TYYPEGMS:0.42424242424242425	RSGCREIV:0.2727272727272727	EGMSNVLL:0.5757575757575758	YPEGMSNV:0.6060606060606061	RPIITTDR:0.2727272727272727	PEGMSNVL:0.5757575757575758	HPTYYPEG:0.45454545454545453	NDVGLYKF:0.24242424242424243	SNVLLESA:0.3333333333333333	MSNVLLES:0.36363636363636365	NVLLESAA:0.30303030303030304	IHPTYYPE:0.3939393939393939	ITTNRSGC:0.2727272727272727	SGRPIITT:0.3333333333333333	IKPNIYGG:0.24242424242424243	ASGRPIIT:0.30303030303030304	CLIHPTYY:0.21212121212121213	YTIKPNIY:0.30303030303030304	TYTIKPNI:0.24242424242424243	LIHPTYYP:0.21212121212121213	RIMKEKGI:0.21212121212121213	IMKEKGID:0.21212121212121213	GCREIVDD:0.2727272727272727	SGCREIVD:0.21212121212121213	
