cluster number:33
GT4:202	GT4:202|2.4.1.208:1
EGIVVLEA:0.9554455445544554	MKVLLYLE:0.5148514851485149	LEALASHQ:0.3910891089108911	HSTEEDFR:0.5297029702970297	ADAFFFPS:0.3712871287128713	ETEGIVVL:0.9653465346534653	RDIPVYHG:0.21782178217821782	ALASHQHV:0.21287128712871287	GADAFFFP:0.297029702970297	SGIGRAIK:0.28217821782178215	FFFPSREE:0.35148514851485146	MHGHSTEE:0.28217821782178215	EETEGIVV:0.9702970297029703	VLRDIPVY:0.4752475247524752	MPDVRFIW:0.3118811881188119	VLLYLEAE:0.2623762376237624	QHVVLRDI:0.2623762376237624	VLEALASH:0.3910891089108911	GIGRAIKH:0.28217821782178215	REETEGIV:0.35148514851485146	HVVLRDIP:0.2623762376237624	IWFGETNK:0.22277227722772278	AFFFPSRE:0.30198019801980197	GHSTEEDF:0.30198019801980197	KADAIITP:0.22772277227722773	DAFFFPSR:0.30198019801980197	ADAIITPT:0.29207920792079206	KVLLYLEA:0.26732673267326734	ASHQHVVL:0.21782178217821782	WFGETNKW:0.21782178217821782	FIWFGETN:0.2376237623762376	IVVLEALA:0.9108910891089109	SREETEGI:0.35148514851485146	AVSNGIDL:0.4158415841584158	HGHSTEED:0.297029702970297	VVLRDIPV:0.3069306930693069	PSREETEG:0.35148514851485146	KSGIGRAI:0.31683168316831684	TEGIVVLE:0.9653465346534653	IGRAIKHQ:0.28217821782178215	FPSREETE:0.35148514851485146	EALASHQH:0.24257425742574257	DIPVYHGW:0.21782178217821782	GIVVLEAL:0.9108910891089109	FFPSREET:0.35148514851485146	RFIWFGET:0.22277227722772278	VVLEALAS:0.8663366336633663	SHQHVVLR:0.21782178217821782	HQHVVLRD:0.23267326732673269	VIMHGHST:0.49504950495049505	PGYFKGAV:0.21287128712871287	HINTYGPR:0.2376237623762376	LEKSGIGR:0.23267326732673269	LFFFPSYE:0.24257425742574257	EDFRNSFI:0.42574257425742573	INTYGPRS:0.2376237623762376	RFIWLGSI:0.24752475247524752	KVIMHGHS:0.49504950495049505	RNSFIGSN:0.2722772277227723	TPSEYSKK:0.20297029702970298	GYFKGAVF:0.21287128712871287	FPSYEETE:0.48514851485148514	FFPSYEET:0.4752475247524752	GKKVIMHG:0.4752475247524752	FPGYFKGA:0.21287128712871287	FRNSFIGS:0.2722772277227723	HGHSTKED:0.21782178217821782	RKGIEDFV:0.2524752475247525	VDKREAGY:0.20297029702970298	AGIPYTTD:0.24752475247524752	KSGIGRAL:0.5297029702970297	KKVIMHGH:0.49504950495049505	VRFIWLGS:0.24752475247524752	VLLYLEGK:0.2376237623762376	EKSGIGRA:0.23267326732673269	YDVVHINT:0.20297029702970298	SEYSKKLI:0.20297029702970298	SYEETEGI:0.5396039603960396	FFFPSYEE:0.4603960396039604	KVLLYLEG:0.24752475247524752	DFRNSFIG:0.2722772277227723	YEETEGIV:0.5445544554455446	GHSTKEDF:0.21782178217821782	PSEYSKKL:0.20297029702970298	PSYEETEG:0.5346534653465347	ITPSEYSK:0.2524752475247525	FPGYIKGD:0.33663366336633666	TEEDFRNS:0.4752475247524752	IFPGYIKG:0.22277227722772278	STEEDFRN:0.4752475247524752	EEDFRNSF:0.4752475247524752	IMHGHSTE:0.24752475247524752	AFFFPSYE:0.2079207920792079	VLEALASK:0.21287128712871287	LEALASKQ:0.2079207920792079	ILHINTYG:0.24752475247524752	LVRDIPVY:0.31683168316831684	DYDILHIN:0.24752475247524752	LAKSGIGR:0.2079207920792079	DILHINTY:0.24752475247524752	HAHSTEED:0.2376237623762376	ITPTPYSK:0.32673267326732675	VLVRDIPV:0.30198019801980197	AKSGIGRA:0.2722772277227723	YHAHSTEE:0.23267326732673269	AHSTEEDF:0.24257425742574257	YDILHINT:0.2524752475247525	MKVLLYFE:0.21287128712871287	
