cluster number:656
GT4:43	GT4:43
QVWAMEWV:0.5581395348837209	DCAPGVRE:0.627906976744186	AFDCAPGV:0.6511627906976745	RPGGVVIV:0.20930232558139536	FDCAPGVR:0.627906976744186	ARPGGVVI:0.20930232558139536	TALYPAHP:0.2558139534883721	EAMASGVP:0.3488372093023256	VIGMSHES:0.5581395348837209	PCAAFDCA:0.4418604651162791	SYDYSRAS:0.23255813953488372	ASHRYRWI:0.23255813953488372	FIVSNSTD:0.20930232558139536	SHESYDYS:0.23255813953488372	LADRLLRL:0.3488372093023256	TQVWAMEW:0.5116279069767442	CAAFDCAP:0.4418604651162791	GMSHESYD:0.23255813953488372	VTALYPAH:0.2558139534883721	GLLAPAGD:0.23255813953488372	SRDIFIVS:0.2558139534883721	WAGDGMNN:0.20930232558139536	RRWEELFA:0.20930232558139536	PLALLEAM:0.3023255813953488	HESYDYSR:0.23255813953488372	RWEELFAF:0.2558139534883721	SSRGEGFP:0.4418604651162791	ADRLLRLT:0.3488372093023256	MEWVGEAD:0.2558139534883721	DYSRASHR:0.23255813953488372	YSRASHRY:0.2558139534883721	IGMSHESY:0.46511627906976744	GLRVIGMS:0.20930232558139536	IVSNSTDE:0.20930232558139536	YDYSRASH:0.23255813953488372	ALADRLLR:0.27906976744186046	EWVGEADT:0.2558139534883721	PGVREIVR:0.32558139534883723	AAFDCAPG:0.5813953488372093	VLTEEDAD:0.23255813953488372	AVVIVTQV:0.23255813953488372	LRLTGNPR:0.27906976744186046	ALYPAHPP:0.2558139534883721	LVLTEEDA:0.23255813953488372	AMASGVPC:0.27906976744186046	AGDGMNNV:0.20930232558139536	EGFPLALL:0.3488372093023256	GVPCAAFD:0.3953488372093023	FPLALLEA:0.32558139534883723	ASGVPCAA:0.27906976744186046	GEGFPLAL:0.3953488372093023	VRDGEDGL:0.2558139534883721	LLDTWALV:0.20930232558139536	GFPLALLE:0.3488372093023256	LALLEAMA:0.2558139534883721	RGEGFPLA:0.4186046511627907	RDIFIVSN:0.3023255813953488	SNSTDELG:0.20930232558139536	MASGVPCA:0.27906976744186046	VTQVWAME:0.5116279069767442	VQSSRGEG:0.3953488372093023	MSRDIFIV:0.20930232558139536	WLVLTEED:0.20930232558139536	SRGEGFPL:0.46511627906976744	RVIGMSHE:0.20930232558139536	APGVREIV:0.46511627906976744	SVFVQSSR:0.37209302325581395	WAMEWVGE:0.2558139534883721	STDELGGV:0.2558139534883721	RASHRYRW:0.2558139534883721	VSNSTDEL:0.20930232558139536	DRLLRLTG:0.3488372093023256	VWAMEWVG:0.2558139534883721	QSSRGEGF:0.3953488372093023	RDGEDGLL:0.3953488372093023	DGEDGLLA:0.4418604651162791	REIVRDGE:0.2558139534883721	PVTALYPA:0.2558139534883721	VIVTQVWA:0.3953488372093023	NSTDELGG:0.2558139534883721	ESYDYSRA:0.23255813953488372	SGVPCAAF:0.27906976744186046	RLLRLTGN:0.27906976744186046	VREIVRDG:0.32558139534883723	DGLLAPAG:0.23255813953488372	GDGMNNVG:0.20930232558139536	LRVIGMSH:0.20930232558139536	VFVQSSRG:0.37209302325581395	SRASHRYR:0.2558139534883721	IVTQVWAM:0.4883720930232558	PGAVVIVT:0.23255813953488372	CAPGVREI:0.6046511627906976	GAVVIVTQ:0.23255813953488372	EIVRDGED:0.2558139534883721	IVRDGEDG:0.2558139534883721	ELFAFLER:0.27906976744186046	AMEWVGEA:0.2558139534883721	DIFIVSNS:0.27906976744186046	FVQSSRGE:0.37209302325581395	VVIVTQVW:0.3953488372093023	LLRLTGNP:0.27906976744186046	VPCAAFDC:0.3953488372093023	GEDGLLAP:0.3023255813953488	YPAHPPTP:0.2558139534883721	TDELGGVT:0.2558139534883721	GVREIVRD:0.32558139534883723	MSHESYDY:0.23255813953488372	LYPAHPPT:0.2558139534883721	PAHPPTPW:0.2558139534883721	EELFAFLE:0.27906976744186046	WEELFAFL:0.27906976744186046	DGMNNVGF:0.20930232558139536	VWAMEWVA:0.20930232558139536	DGLLARLG:0.20930232558139536	ITLLEAMA:0.20930232558139536	GEDGLLAR:0.20930232558139536	GLLARLGN:0.20930232558139536	PITLLEAM:0.20930232558139536	EDGLLARL:0.20930232558139536	
