cluster number:400
GT4:37	GT4:37
FHLLQPAL:0.40540540540540543	GTPVVAFN:0.5675675675675675	SLQESFGQ:0.40540540540540543	PLVWTLHD:0.21621621621621623	IVDHQQNG:0.21621621621621623	QQNGYLAK:0.21621621621621623	EFTLELQA:0.21621621621621623	DHQQNGYL:0.2702702702702703	SCGACPQL:0.32432432432432434	LSFYAREK:0.21621621621621623	CGACPQLN:0.21621621621621623	GLKDIVDH:0.2702702702702703	YSAADVML:0.24324324324324326	SQMLVQEK:0.2972972972972973	LKDIVDHQ:0.2702702702702703	GYLAKPYE:0.24324324324324326	KDIVDHQQ:0.21621621621621623	HLLQPALQ:0.3783783783783784	VMLVPSLQ:0.2972972972972973	PDIINLHW:0.2972972972972973	VYSAADVM:0.32432432432432434	LVWTLHDM:0.21621621621621623	ARAAYRLH:0.4594594594594595	AADVMLVP:0.24324324324324326	DIINLHWI:0.24324324324324326	TVYSAADV:0.21621621621621623	IINLHWIS:0.21621621621621623	MLVPSLQE:0.2972972972972973	VPSLQESF:0.43243243243243246	AARAAYRL:0.4594594594594595	NGYLAKPY:0.24324324324324326	GGAARAAY:0.5675675675675675	ADVMLVPS:0.2972972972972973	PENPPDLG:0.21621621621621623	CGTPVVAF:0.6756756756756757	NKGFHLLQ:0.32432432432432434	QNGYLAKP:0.21621621621621623	VWTLHDMW:0.24324324324324326	SLATVYSA:0.21621621621621623	KGFHLLQP:0.40540540540540543	GFHLLQPA:0.40540540540540543	SAADVMLV:0.24324324324324326	PSLQESFG:0.43243243243243246	DVMLVPSL:0.2972972972972973	LATVYSAA:0.21621621621621623	HQQNGYLA:0.3783783783783784	GAARAAYR:0.5675675675675675	TGLKDIVD:0.2702702702702703	SFYAREKA:0.21621621621621623	VDHQQNGY:0.21621621621621623	DIVDHQQN:0.21621621621621623	KLSFYARE:0.21621621621621623	LVPSLQES:0.2972972972972973	ATVYSAAD:0.21621621621621623	GACPQLNS:0.21621621621621623	SESLACGT:0.40540540540540543	PVVAFNAT:0.35135135135135137	ASESLACG:0.40540540540540543	VVAFNATG:0.35135135135135137	ESLACGTP:0.4594594594594595	TASESLAC:0.43243243243243246	SFGQTASE:0.4864864864864865	NATGLKDI:0.32432432432432434	QESFGQTA:0.4594594594594595	VAFNATGL:0.32432432432432434	LGFKTHYL:0.24324324324324326	FNATGLKD:0.32432432432432434	FGQTASES:0.4864864864864865	GFKTHYLG:0.2702702702702703	AFNATGLK:0.32432432432432434	IRLFQGIA:0.21621621621621623	TPVVAFNA:0.3783783783783784	ATGLKDIV:0.2702702702702703	LQESFGQT:0.3783783783783784	GQTASESL:0.43243243243243246	LELQARRY:0.21621621621621623	ACGTPVVA:0.6756756756756757	SLACGTPV:0.4594594594594595	ESFGQTAS:0.4864864864864865	QTASESLA:0.43243243243243246	LACGTPVV:0.7027027027027027	MWAFTGGC:0.2702702702702703	DMWAFTGG:0.2702702702702703	AADVMIVP:0.21621621621621623	ADVMIVPS:0.21621621621621623	EALACGTP:0.24324324324324326	PFTGGCHY:0.21621621621621623	ALACGTPV:0.24324324324324326	
