cluster number:429
GT4:24	GT4:24
AKANMIQQ:0.375	GYEVHVAT:0.2916666666666667	VGELSDRK:0.20833333333333334	PVIYTAHG:0.2916666666666667	EVHVATNM:0.20833333333333334	KANMIQQF:0.375	YEVHVATN:0.2916666666666667	TDTLITIN:0.2916666666666667	GELSDRKN:0.20833333333333334	SFITDTLI:0.20833333333333334	VLMLAAKA:0.20833333333333334	LAAKANMI:0.20833333333333334	IQQFNHRN:0.20833333333333334	LMLAAKAN:0.20833333333333334	TAHGFHFF:0.625	YTAHGFHF:0.7916666666666666	IYTAHGFH:0.625	MLAAKANM:0.20833333333333334	VIYTAHGF:0.375	HGFHFFKG:0.3333333333333333	QQFNHRNI:0.20833333333333334	ANMIQQFN:0.4166666666666667	SVGELSDR:0.20833333333333334	MIQQFNHR:0.20833333333333334	KVLMLAAK:0.20833333333333334	ELSDRKNH:0.20833333333333334	AAKANMIQ:0.375	AHGFHFFK:0.4166666666666667	NMIQQFNH:0.20833333333333334	LGYEVHVA:0.25	
