cluster number:276
GT4:69	GT4:69
AGGTNPSL:0.9420289855072463	GGTNPSLV:0.9130434782608695	NPSLVEMM:0.2608695652173913	LILGVSGC:0.43478260869565216	YGGFESLV:0.4057971014492754	GHSAGGTN:0.9710144927536232	SAGGTNPS:0.927536231884058	VSGCLFLP:0.21739130434782608	HGHSAGGT:0.9710144927536232	GTNPSLVE:0.9130434782608695	CYGGFESL:0.36231884057971014	GVSGCLFL:0.21739130434782608	NIDGLEWK:0.3333333333333333	GGFESLVE:0.2463768115942029	FESLVENL:0.2318840579710145	GFESLVEN:0.2463768115942029	HSAGGTNP:0.9710144927536232	ITNIDGLE:0.2463768115942029	ACYGGFES:0.36231884057971014	LGVSGCLF:0.21739130434782608	PSLVEMMH:0.2318840579710145	TNIDGLEW:0.37681159420289856	SLVEMMHF:0.2318840579710145	TNPSLVEM:0.2608695652173913	IAYGGDHA:0.4927536231884058	PACYGGFE:0.42028985507246375	IDGLEWKR:0.34782608695652173	IDGLEWRR:0.21739130434782608	RIEPENNI:0.34782608695652173	CRIEPENN:0.9420289855072463	PSLVEAMH:0.2608695652173913	LCRIEPEN:0.4057971014492754	NPSLVEAM:0.6521739130434783	SLVEAMHF:0.2318840579710145	TNPSLVEA:0.6521739130434783	LGLCRIEP:0.2028985507246377	GLCRIEPE:0.2028985507246377	VIAYGGDH:0.2463768115942029	IHGHSAGG:0.6086956521739131	NIDGLEWR:0.21739130434782608	YIHGHSAG:0.6086956521739131	VCRIEPEN:0.4782608695652174	YGGFETLA:0.2463768115942029	RIEPENNV:0.5217391304347826	LVEMMHFG:0.2318840579710145	VHGHSAGG:0.2463768115942029	YVHGHSAG:0.2463768115942029	
