cluster number:966
GT4:12	GT4:12
ILASDLPE:0.4166666666666667	VAHDLPML:0.4166666666666667	AGVIPYQA:0.3333333333333333	RFYLNLFL:0.4166666666666667	QERFYLNL:0.25	TPNKLFEF:0.5	QAICLNNY:0.25	DRQIDRRI:0.4166666666666667	CNDRQIDR:0.3333333333333333	GGLSAGRN:0.3333333333333333	CLNNYYCT:0.4166666666666667	TVNPSIAR:0.3333333333333333	ERFYLNLF:0.4166666666666667	VVVAHDLP:0.3333333333333333	GWDVTILA:0.25	NNYYCTPN:0.4166666666666667	HDLPMLAV:0.4166666666666667	VVAHDLPM:0.4166666666666667	GLSAGRNL:0.3333333333333333	SDLPELRR:0.4166666666666667	PMLAVGRA:0.25	NDRQIDRR:0.3333333333333333	VIPYQAIC:0.25	ICLNNYYC:0.4166666666666667	DLPMLAVG:0.4166666666666667	LASDLPEL:0.4166666666666667	QGGLSAGR:0.4166666666666667	RLVYDSHE:0.3333333333333333	MLAVGRAL:0.25	RQIDRRIL:0.3333333333333333	VDQERFYL:0.25	LNNYYCTP:0.4166666666666667	DQERFYLN:0.25	RILLQADS:0.25	AGLPILAS:0.4166666666666667	LPILASDL:0.4166666666666667	WDVTILAM:0.25	LPELRRLV:0.4166666666666667	ASDLPELR:0.4166666666666667	IPYQAICL:0.25	NYYCTPNK:0.4166666666666667	NPSIAREL:0.3333333333333333	LAVGRALA:0.25	LPMLAVGR:0.4166666666666667	ARLVYDSH:0.3333333333333333	AICLNNYY:0.25	YYCTPNKL:0.4166666666666667	DRRILLQA:0.25	IDRRILLQ:0.25	CTPNKLFE:0.5	ITVNPSIA:0.4166666666666667	DLPELRRL:0.4166666666666667	VYDSHELY:0.5	PSIARELE:0.3333333333333333	DAGVIPYQ:0.4166666666666667	AHDLPMLA:0.4166666666666667	VITVNPSI:0.4166666666666667	LCNDRQID:0.3333333333333333	VNPSIARE:0.3333333333333333	PILASDLP:0.4166666666666667	GVIPYQAI:0.25	RRILLQAD:0.25	MLCNDRQI:0.3333333333333333	ILLQADSL:0.25	ADAGVIPY:0.4166666666666667	QIDRRILL:0.3333333333333333	YCTPNKLF:0.5	GLPILASD:0.5	PYQAICLN:0.25	YQAICLNN:0.25	DVTILAMP:0.25	LVYDSHEL:0.5	LLGDGQLA:0.3333333333333333	FIAAGLPI:0.25	ARELEARY:0.25	LVLLGDGQ:0.3333333333333333	TAAADAGV:0.25	FGIPREHR:0.25	VIHNAERI:0.3333333333333333	QGGFSAGR:0.25	HELYSEQE:0.25	ELYSEQEF:0.25	FQGGFSAG:0.25	PELRRLVE:0.25	AVIHNAER:0.25	RVLLFQGG:0.25	LFQGGFSA:0.25	LYSEQEFS:0.25	PREHRVLL:0.25	GGFSAGRN:0.25	VHLHPAVA:0.25	NKLFEFIA:0.4166666666666667	VAVIHNAE:0.25	PNKLFEFI:0.4166666666666667	VLLFQGGF:0.25	FYLNLFLA:0.3333333333333333	EHRVLLFQ:0.25	DSHELYSE:0.25	LMLCNDRQ:0.25	IAAGLPIL:0.25	IPREHRVL:0.25	LFEFIAAG:0.25	YLNLFLAD:0.25	EVAVIHNA:0.25	EFIAAGLP:0.25	HLHPAVAQ:0.25	GIPREHRV:0.25	LRRLVEGN:0.25	VLLGDGQL:0.3333333333333333	KLFEFIAA:0.3333333333333333	YDSHELYS:0.3333333333333333	GFSAGRNL:0.25	AAADAGVI:0.25	IARELEAR:0.25	REHRVLLF:0.25	SIARELEA:0.25	AADAGVIP:0.25	ELRRLVEG:0.25	LLFQGGFS:0.25	RELEARYG:0.25	RVHLHPAV:0.25	FEFIAAGL:0.25	HLVLLGDG:0.3333333333333333	AAGLPILA:0.3333333333333333	HRVLLFQG:0.25	SHELYSEQ:0.25	ELSWQREG:0.25	QELSWQRE:0.25	RQELSWQR:0.25	ADIGIIPY:0.25	RVITVNPS:0.25	CDRVITVN:0.25	DRVITVNP:0.25	ACDRVITV:0.25	
