cluster number:1322
GT4:31	GT4:31|GT2:1
SEIHGWGL:0.22580645161290322	HPDALLVT:0.3225806451612903	RKGQDIVL:0.3870967741935484	GLVGVHTA:0.3870967741935484	PLLLEKPL:0.25806451612903225	TNLVAMEA:0.4838709677419355	RCEGATNL:0.3870967741935484	RHPDALLV:0.3225806451612903	AMACGVPV:0.45161290322580644	ANTGHLDL:0.5483870967741935	GVIAFEDT:0.22580645161290322	VAMEAMAC:0.41935483870967744	TAWHNPWP:0.25806451612903225	GRPPLLLE:0.2903225806451613	GWGLVGVH:0.41935483870967744	AMEAMACG:0.41935483870967744	ATNLVAME:0.3870967741935484	DIVLAAFR:0.22580645161290322	FRKGQDIV:0.2903225806451613	LSEIHGWG:0.22580645161290322	QDIVLAAF:0.3225806451612903	NTGHLDLI:0.5483870967741935	PNRCEGAT:0.3870967741935484	LHALGNGF:0.2903225806451613	PDALLVTA:0.3225806451612903	DRFVVFSG:0.4838709677419355	SANTGHLD:0.6129032258064516	CEGATNLV:0.3870967741935484	RPPLLLEK:0.25806451612903225	FVVFSGGK:0.5161290322580645	FGDRFVVF:0.25806451612903225	GDRFVVFS:0.25806451612903225	PPLLLEKP:0.2903225806451613	GQDIVLAA:0.3225806451612903	ILSANTGH:0.41935483870967744	EFRKGQDI:0.2903225806451613	EAMACGVP:0.45161290322580644	LSANTGHL:0.5483870967741935	LVGVHTAL:0.3870967741935484	RFGDRFVV:0.22580645161290322	GATNLVAM:0.3870967741935484	MACGVPVI:0.22580645161290322	EGATNLVA:0.3870967741935484	NLVAMEAM:0.45161290322580644	FPNRCEGA:0.3870967741935484	IHGWGLVG:0.2903225806451613	WGLVGVHT:0.41935483870967744	LVAMEAMA:0.41935483870967744	DALLVTAW:0.3225806451612903	KGQDIVLA:0.3225806451612903	HGWGLVGV:0.41935483870967744	RFVVFSGG:0.4838709677419355	NRCEGATN:0.3870967741935484	MEAMACGV:0.41935483870967744	VLHALGNG:0.25806451612903225	EIHGWGLV:0.2903225806451613	VGVHTALY:0.22580645161290322	FVIFSGGK:0.2903225806451613	DRFVIFSG:0.2903225806451613	CGVPVVLS:0.22580645161290322	GRFGDRFV:0.25806451612903225	GDRFVIFS:0.22580645161290322	IFSGGKLE:0.25806451612903225	AVFPNRCE:0.25806451612903225	RFVIFSGG:0.2903225806451613	AAVFPNRC:0.22580645161290322	GVHTALYL:0.22580645161290322	VFPNRCEG:0.25806451612903225	VIFSGGKL:0.25806451612903225	GGKLEYRK:0.25806451612903225	LEYRKGQD:0.22580645161290322	KLEYRKGQ:0.22580645161290322	SGGKLEYR:0.25806451612903225	GKLEYRKG:0.22580645161290322	FSGGKLEY:0.25806451612903225	EYRKGQDI:0.22580645161290322	YRKGQDIV:0.22580645161290322	EGGTNLVA:0.3870967741935484	GGTNLVAM:0.3870967741935484	NRCEGGTN:0.22580645161290322	CEGGTNLV:0.22580645161290322	GTNLVAME:0.41935483870967744	RCEGGTNL:0.22580645161290322	HPEALLLT:0.22580645161290322	WGESDVEE:0.22580645161290322	TNLVAMEC:0.22580645161290322	LFPNRCEG:0.22580645161290322	
