cluster number:305
GT4:18	GT4:18
FGLVLVEA:0.6666666666666666	YEGFGLVL:0.2222222222222222	GFGLVLVE:0.7222222222222222	EGFGLVLV:0.7222222222222222	FEGFGLVL:0.3333333333333333	KLYIIGDG:0.4444444444444444	GLVLVEAM:0.3888888888888889	KKIVWIHN:0.2222222222222222	ASKYIEKL:0.2222222222222222	LPTVLIEA:0.2222222222222222	SGSLRMGG:0.3333333333333333	ERVLIEVL:0.2777777777777778	SRIYNPFN:0.2222222222222222	ICDEMKEE:0.2777777777777778	YNLMMEKE:0.2222222222222222	MYNLMMEK:0.2222222222222222	RSGSLRMG:0.3333333333333333	YIEKLDIK:0.2222222222222222	HNSIPNLK:0.2777777777777778	NLMMEKEN:0.2222222222222222	SIPNLKKK:0.2777777777777778	MGGLERVL:0.3333333333333333	WIHNSIPN:0.2777777777777778	KVIFRSGS:0.2222222222222222	PTVLIEAL:0.2222222222222222	KVSRIYNP:0.2222222222222222	ENIFEKDI:0.2222222222222222	GSLRMGGL:0.3333333333333333	EYEKLIEE:0.2222222222222222	EKDIPKDI:0.2222222222222222	KLDIKKKI:0.2222222222222222	KKKIVWIH:0.2222222222222222	IHNSIPNL:0.2777777777777778	YEGLPTVL:0.2222222222222222	VLIEVLQT:0.2777777777777778	FGKRLEKY:0.2777777777777778	NPFNFERI:0.2777777777777778	DEMKEEIE:0.2222222222222222	NIFEKDIP:0.2777777777777778	FEKDIPKD:0.2222222222222222	NSIPNLKK:0.2777777777777778	FERIEKLM:0.2222222222222222	DIKKKIVW:0.2222222222222222	EKFDIYLV:0.2222222222222222	YNPFNFER:0.2777777777777778	LMYNLMME:0.2222222222222222	GKVSRIYN:0.2222222222222222	FNFERIEK:0.2777777777777778	KIVWIHNS:0.3333333333333333	IRETEKYK:0.2222222222222222	IYLVIDDD:0.2222222222222222	LDIKKKIV:0.2222222222222222	LVIDDDCG:0.2777777777777778	GKRLEKYD:0.2222222222222222	IKKKIVWI:0.2222222222222222	MKEEIENI:0.2222222222222222	FDIYLVID:0.2222222222222222	KEEIENIY:0.2222222222222222	RMGGLERV:0.3333333333333333	KIKRFGKR:0.2222222222222222	AICDEMKE:0.2777777777777778	RVLIEVLQ:0.2777777777777778	IFRSGSLR:0.2222222222222222	IKRFGKRL:0.2222222222222222	EEIENIYP:0.2222222222222222	KLMYNLMM:0.2222222222222222	YLVIDDDC:0.2222222222222222	KYEGLPTV:0.2222222222222222	SLRMGGLE:0.3333333333333333	IFEKDIPK:0.2777777777777778	FRSGSLRM:0.3333333333333333	IEVLQTID:0.2222222222222222	RIYNPFNF:0.3333333333333333	LERVLIEV:0.2777777777777778	GASKYIEK:0.2222222222222222	RLEKYDRV:0.2222222222222222	SKYEGLPT:0.2222222222222222	VWIHNSIP:0.3333333333333333	KYIEKLDI:0.2222222222222222	VSRIYNPF:0.2222222222222222	GGLERVLI:0.2777777777777778	EKLDIKKK:0.2222222222222222	EGLPTVLI:0.2222222222222222	KFDIYLVI:0.2222222222222222	GLPTVLIE:0.2222222222222222	KRFGKRLE:0.2222222222222222	VIFRSGSL:0.2222222222222222	YKLMYNLM:0.2222222222222222	CDEMKEEI:0.2222222222222222	LRMGGLER:0.3333333333333333	IEKLDIKK:0.2222222222222222	IIGDGPSK:0.2777777777777778	SKYIEKLD:0.2222222222222222	RFGKRLEK:0.2222222222222222	KRLEKYDR:0.2222222222222222	IVWIHNSI:0.3333333333333333	IYNPFNFE:0.2777777777777778	YEKLIEEI:0.2222222222222222	PFNFERIE:0.2777777777777778	KEYEKLIE:0.2222222222222222	LIEVLQTI:0.2777777777777778	LYIIGDGP:0.3333333333333333	NFERIEKL:0.2777777777777778	EMKEEIEN:0.2222222222222222	GLERVLIE:0.2777777777777778	DIYLVIDD:0.2222222222222222	YIIGDGPS:0.2777777777777778	
