cluster number:1666
GT4:46	GT4:46
DIYMTPYL:0.5652173913043478	GTLAYAAG:0.3695652173913043	SGTLAYAA:0.3695652173913043	VIEHEYGI:0.5	SDIYMTPY:0.5652173913043478	FLSTYPPR:0.43478260869565216	GEEYREKL:0.32608695652173914	SPGKGIEY:0.21739130434782608	VSGTLAYA:0.717391304347826	LSPGKGIE:0.21739130434782608	LSTYPPRE:0.3695652173913043	PPRECGIA:0.5434782608695652	STYPPREC:0.5434782608695652	YPPRECGI:0.43478260869565216	HEYGIFGG:0.6304347826086957	TYPPRECG:0.5652173913043478	EHEYGIFG:0.5652173913043478	PRECGIAT:0.6956521739130435	VVTMAKNT:0.3695652173913043	LILGQTHP:0.6739130434782609	ILGQTHPN:0.5	AFLSTYPP:0.3695652173913043	RECGIATF:0.6956521739130435	PYLNKEQA:0.21739130434782608	TLAYAAGL:0.30434782608695654	AKNTIPLL:0.30434782608695654	EYGIFGGE:0.5	IISTFGLI:0.2391304347826087	AVSGTLAY:0.8695652173913043	KEQAVSGT:0.30434782608695654	ATFTQDLV:0.5652173913043478	EQAVSGTL:0.5869565217391305	QTHPNIKR:0.34782608695652173	IATFTQDL:0.6739130434782609	GQTHPNIK:0.34782608695652173	VLYLILGQ:0.21739130434782608	LNKEQAVS:0.21739130434782608	FTQDLVNE:0.2826086956521739	FVDKYLTK:0.3695652173913043	TFTQDLVN:0.45652173913043476	MAKNTIPL:0.30434782608695654	MTPYLNKE:0.21739130434782608	YLNKEQAV:0.21739130434782608	VTMAKNTI:0.32608695652173914	GESGEYLL:0.34782608695652173	GGESGEYL:0.34782608695652173	NVAFLSTY:0.2608695652173913	AYAAGLGK:0.30434782608695654	GIATFTQD:0.6956521739130435	LGQTHPNI:0.4782608695652174	MSDIYMTP:0.32608695652173914	VAFLSTYP:0.2826086956521739	YLILGQTH:0.6739130434782609	IYMTPYLN:0.21739130434782608	LAYAAGLG:0.30434782608695654	RNVAFLST:0.21739130434782608	ECGIATFT:0.6956521739130435	IEHEYGIF:0.5434782608695652	NKEQAVSG:0.21739130434782608	QAVSGTLA:0.8695652173913043	TPYLNKEQ:0.21739130434782608	GRGLLANF:0.2391304347826087	CGIATFTQ:0.6956521739130435	YMTPYLNK:0.21739130434782608	TMAKNTIP:0.32608695652173914	LYLILGQT:0.3695652173913043	GRVIVSTP:0.2391304347826087	DQAVSGTL:0.3695652173913043	KDQAVSGT:0.3695652173913043	YLGKDQAV:0.34782608695652173	GYGRVIVS:0.21739130434782608	YGRVIVST:0.21739130434782608	PYLGKDQA:0.34782608695652173	GKDQAVSG:0.3695652173913043	LGKDQAVS:0.34782608695652173	TPYLGKDQ:0.34782608695652173	RVIVSTPY:0.2391304347826087	FGLISPGK:0.41304347826086957	STFGLISP:0.41304347826086957	VISTFGLI:0.2826086956521739	REQAVSGT:0.2826086956521739	ISPGKGLE:0.41304347826086957	GLISPGKG:0.41304347826086957	TPYIGREQ:0.2826086956521739	GKGLEYAI:0.2391304347826087	PGKGLEYA:0.2391304347826087	VYLILGQT:0.2826086956521739	YLTPYIGR:0.21739130434782608	LTPYIGRE:0.21739130434782608	GREQAVSG:0.2826086956521739	SPGKGLEY:0.45652173913043476	GKAIVSTP:0.21739130434782608	ISTFGLIS:0.2826086956521739	IGREQAVS:0.2826086956521739	YIGREQAV:0.2826086956521739	ETLKEKYG:0.21739130434782608	LISPGKGL:0.41304347826086957	PYIGREQA:0.2826086956521739	KAIVSTPY:0.21739130434782608	TFGLISPG:0.41304347826086957	LVIEHEYG:0.30434782608695654	YMTPYLGK:0.32608695652173914	KGLEYGIE:0.32608695652173914	PGKGLEYG:0.30434782608695654	MTPYLGKD:0.2826086956521739	IYMTPYLG:0.32608695652173914	GKGLEYGI:0.30434782608695654	GLEYGIEA:0.32608695652173914	LLVIEHEY:0.2826086956521739	RVVTMAKN:0.2391304347826087	
