cluster number:1676
GT4:12	GT4:12
GIPVSLME:0.75	PVSLMEAM:0.8333333333333334	IPVSLMEA:0.75	EGIPVSLM:0.75	QTFVIDQI:0.25	PVLSQTFV:0.5833333333333334	VLSQTFVI:0.25	HSGIPELI:0.75	GDMEGIPV:0.3333333333333333	ARATEKKG:0.5833333333333334	FPVLSQTF:0.5833333333333334	TFVIDQIN:0.25	SQTFVIDQ:0.25	DMEGIPVS:0.3333333333333333	VARATEKK:0.5833333333333334	MEGIPVSL:0.3333333333333333	LSQTFVID:0.25	VSLMEAMA:0.75	SFPVLSQT:0.25	RATEKKGL:0.5833333333333334	KKGLKYAI:0.3333333333333333	VFHGYEIS:0.25	TEKKGLKY:0.3333333333333333	HGYEISRY:0.3333333333333333	LLPISEHW:0.25	MEAMASGV:0.3333333333333333	GYEISRYD:0.25	EVVHMGVD:0.25	VVHMGVDV:0.3333333333333333	SGIPELID:0.25	IEVVHMGV:0.25	SVARATEK:0.5	FVLNQVKD:0.3333333333333333	GLKYAIEA:0.25	YEISRYDQ:0.25	CIAHFGSN:0.25	KEGIPVSL:0.25	VHVLAVNP:0.25	YHSGIPEL:0.25	EISRYDQL:0.25	EKKGLKYA:0.3333333333333333	TYHSGIPE:0.25	KGLKYAIE:0.25	FHGYEISR:0.3333333333333333	VLSQTFVL:0.3333333333333333	DVHVLAVN:0.25	LSQTFVLN:0.3333333333333333	LSVARATE:0.3333333333333333	VLNQVKDL:0.3333333333333333	HFGSNGVV:0.25	SLMEAMAS:0.4166666666666667	GGKLLPIS:0.25	ATEKKGLK:0.3333333333333333	STYHSGIP:0.25	TDLFLLPS:0.3333333333333333	IAHFGSNG:0.25	TFVLNQVK:0.3333333333333333	TVFHGYEI:0.25	QTFVLNQV:0.3333333333333333	AHFGSNGV:0.25	SQTFVLNQ:0.3333333333333333	LMEAMASG:0.5833333333333334	GFLVPEKD:0.25	MEAMASGL:0.25	IAHFGNNG:0.25	IFHGYEIS:0.25	TIFHGYEI:0.25	AHFGNNGV:0.25	
