cluster number:2167
GT4:156	GT4:156
TYVARNLE:0.2564102564102564	LEPYRGFH:0.3333333333333333	HQNFPGQF:0.3525641025641026	VYLTYPFV:0.5192307692307693	VARNLEPY:0.23717948717948717	ARNLEPYR:0.24358974358974358	VLSWSLLE:0.36538461538461536	TYPFVLSW:0.7051282051282052	YPFVLSWS:0.7564102564102564	LSWSLLEA:0.3525641025641026	PFVLSWSL:0.4166666666666667	YVARNLEP:0.26282051282051283	IHQNFPGQ:0.32051282051282054	LTYPFVLS:0.6794871794871795	SDTAPVRE:0.22435897435897437	SWSLLEAM:0.34615384615384615	HVYLTYPF:0.5256410256410257	NLEPYRGF:0.36538461538461536	VHVYLTYP:0.22435897435897437	YLTYPFVL:0.6794871794871795	FVLSWSLL:0.36538461538461536	RNLEPYRG:0.5769230769230769	LEPYRGYH:0.23076923076923078	NRNLEPYR:0.24358974358974358	NLEPYRGY:0.20512820512820512	SWSMLEAM:0.22435897435897437	LSWSMLEA:0.22435897435897437	PFVLSWSM:0.27564102564102566	VLSWSMLE:0.22435897435897437	FVLSWSML:0.23076923076923078	GLLVDFFD:0.20512820512820512	AHVYLTYP:0.23076923076923078	NGLLVDFF:0.2692307692307692	FVNRNLEP:0.21794871794871795	TFVNRNLE:0.23717948717948717	
