cluster number:1818
GT4:13	GT4:13
AAYTPVSD:0.23076923076923078	PCVLIEAQ:0.3076923076923077	EAQASGLP:0.38461538461538464	ASGLPAVA:0.38461538461538464	QDGDFVAR:0.23076923076923078	PNRYDDQD:0.23076923076923078	LMLPKWYP:0.23076923076923078	DQDGDFVA:0.23076923076923078	NLPCVLIE:0.3076923076923077	AYTPVSDD:0.23076923076923078	LLHVAAFN:0.23076923076923078	LRTVARLR:0.23076923076923078	VLFSNYEN:0.5384615384615384	NYENLPCV:0.5384615384615384	LFSNYENL:0.5384615384615384	LDKPLKLL:0.23076923076923078	VNGVPELL:0.23076923076923078	SGLPAVAT:0.38461538461538464	YPNRYDDQ:0.23076923076923078	TRVNGVPE:0.23076923076923078	NRYDDQDG:0.23076923076923078	VRQAAAYT:0.23076923076923078	QASGLPAV:0.3076923076923077	VATRVNGV:0.23076923076923078	WYPNRYDD:0.23076923076923078	TPVSDDLR:0.23076923076923078	ATRVNGVP:0.23076923076923078	DDQDGDFV:0.38461538461538464	AQASGLPA:0.38461538461538464	DKPLKLLL:0.23076923076923078	AAAYTPVS:0.23076923076923078	MLPKWYPN:0.23076923076923078	YTPVSDDL:0.23076923076923078	KWYPNRYD:0.23076923076923078	YENLPCVL:0.3076923076923077	LPKWYPNR:0.23076923076923078	TVEFLGKL:0.3076923076923077	QAAAYTPV:0.23076923076923078	PAVATRVN:0.23076923076923078	LVRQAAAY:0.23076923076923078	CVLIEAQA:0.3076923076923077	LPCVLIEA:0.3076923076923077	PNVVDTAL:0.23076923076923078	PKWYPNRY:0.23076923076923078	DGTVEFLG:0.23076923076923078	DGDFVARH:0.23076923076923078	VLIEAQAS:0.3076923076923077	VEFLGKLP:0.23076923076923078	LHVAAFNE:0.23076923076923078	RYDDQDGD:0.5384615384615384	IPNVVDTA:0.23076923076923078	LIEAQASG:0.38461538461538464	SNYENLPC:0.5384615384615384	PTWRYYYR:0.38461538461538464	LPAVATRV:0.3076923076923077	NVVDTALF:0.3076923076923077	RQAAAYTP:0.23076923076923078	ENLPCVLI:0.3076923076923077	IEAQASGL:0.38461538461538464	GTVEFLGK:0.23076923076923078	AVVFAAVA:0.3076923076923077	FSNYENLP:0.5384615384615384	VVFAAVAR:0.3076923076923077	RVNGVPEL:0.23076923076923078	GLPAVATR:0.3076923076923077	AVATRVNG:0.23076923076923078	YDDQDGDF:0.5384615384615384	GLLHVAAF:0.23076923076923078	LPCVILES:0.23076923076923078	NLPCVILE:0.23076923076923078	ENLPCVIL:0.23076923076923078	FVLFSNYE:0.38461538461538464	PCVILESF:0.23076923076923078	YENLPCVI:0.23076923076923078	ATALVSFS:0.23076923076923078	KWYPHRYD:0.3076923076923077	LHLPKWYP:0.3076923076923077	RYYYRARP:0.3076923076923077	GPVPTWRY:0.23076923076923078	ALVSFSRA:0.23076923076923078	AGYGPDEA:0.23076923076923078	SFSRAETF:0.23076923076923078	LLEARACG:0.23076923076923078	VPTWRYYY:0.23076923076923078	LPKWYPHR:0.3076923076923077	LVSFSRAE:0.23076923076923078	FAAVARGP:0.38461538461538464	SGVLRVVA:0.23076923076923078	RILHLPKW:0.23076923076923078	TRAVVRRA:0.23076923076923078	TWRYYYRA:0.23076923076923078	LSGVLRVV:0.23076923076923078	YYRARPTG:0.23076923076923078	NLSGVLRV:0.23076923076923078	KNLSGVLR:0.23076923076923078	PHRYDDQD:0.3076923076923077	AAVARGPL:0.38461538461538464	VFAAVARG:0.23076923076923078	HLPKWYPH:0.3076923076923077	LLKLGLWL:0.23076923076923078	VSFSRAET:0.23076923076923078	LTRAVVRR:0.23076923076923078	VKNLSGVL:0.23076923076923078	VLLEARAC:0.23076923076923078	YPHRYDDQ:0.3076923076923077	TALVSFSR:0.23076923076923078	YYYRARPT:0.3076923076923077	LGLLADGT:0.23076923076923078	GLLADGTV:0.23076923076923078	FSRAETFG:0.23076923076923078	ILHLPKWY:0.23076923076923078	PVPTWRYY:0.23076923076923078	HRYDDQDG:0.3076923076923077	RHVAAIAA:0.3076923076923077	GRHVAAIA:0.23076923076923078	MRILHLPK:0.23076923076923078	WYPHRYDD:0.3076923076923077	WRYYYRAR:0.23076923076923078	PKWYPHRY:0.3076923076923077	LRIAGYGP:0.23076923076923078	TEHWTLYL:0.23076923076923078	HVLLRTGL:0.23076923076923078	EHWTLYLP:0.23076923076923078	ITEHWTLY:0.23076923076923078	GIPYLITE:0.23076923076923078	
