cluster number:1821
GT4:240	GT4:240|2.4.1.-:2
SSGVEYAQ:0.8666666666666667	ASSGVEYA:0.8666666666666667	DVRYGNQT:0.22083333333333333	MEAVGSGL:0.4875	LGIGWASS:0.3875	GLTLMEAV:0.4625	SASTSEGF:0.275	LMEAVGSG:0.4875	LTLMEAVG:0.4625	FDVRYGNQ:0.23333333333333334	SEGFGLTL:0.8208333333333333	WASSGVEY:0.8583333333333333	VVVHAEHF:0.29583333333333334	VRYGNQTF:0.225	GVVVHAEH:0.3458333333333333	KLGVVVHA:0.20416666666666666	TSEGFGLT:0.5583333333333333	EGFGLTLM:0.6208333333333333	GIGWASSG:0.875	IGWASSGV:0.8583333333333333	ASTSEGFG:0.49583333333333335	STSEGFGL:0.6208333333333333	GFGLTLME:0.6208333333333333	LGVVVHAE:0.25	GFDVRYGN:0.24583333333333332	IGFDVRYG:0.22083333333333333	NLGIGWAS:0.3875	FGLTLMEA:0.6083333333333333	ASRLANEK:0.3333333333333333	GWASSGVE:0.8583333333333333	RYGNQTFI:0.23333333333333334	TLMEAVGS:0.4583333333333333	SRLANEKH:0.3333333333333333	MTVYNINL:0.24583333333333332	NINLGIGW:0.3458333333333333	TVYNINLG:0.24583333333333332	INLGIGWA:0.3458333333333333	YNINLGIG:0.3458333333333333	VYNINLGI:0.25833333333333336	ILWNNYYE:0.42916666666666664	LWNNYYEY:0.45416666666666666	SRLASEKH:0.225	PELTFDIY:0.275	ELTFDIYG:0.275	ASRLASEK:0.22083333333333333	NEDGSIAY:0.21666666666666667	EVIWLYQY:0.3125	LGMIGFDV:0.24166666666666667	IWLYQYFS:0.225	GLGMIGFD:0.24166666666666667	EAVGSGLG:0.44166666666666665	SGVEYAQA:0.6166666666666667	VGSGLGMI:0.4125	FGIGWASS:0.38333333333333336	NINFGIGW:0.3541666666666667	VNYGNPTF:0.30416666666666664	LYQYFSDI:0.21666666666666667	NFGIGWAS:0.38333333333333336	WLYQYFSD:0.21666666666666667	RQFYNEDG:0.22083333333333333	INFGIGWA:0.3541666666666667	GSGLGMIG:0.4375	VEYAQAYR:0.6166666666666667	GVEYAQAY:0.6166666666666667	SGLGMIGF:0.2625	YNINFGIG:0.3541666666666667	VIWLYQYF:0.3125	NYGNPTFI:0.30416666666666664	AVGSGLGM:0.425	SENIQTLT:0.2916666666666667	AYRAKLLR:0.2375	YIDFFITA:0.2125	LDFIQSEN:0.2375	KDFYSYTR:0.20833333333333334	DWLVKAVI:0.25	HIDWLVKA:0.24166666666666667	GNPTFIRD:0.21666666666666667	TFDIYGEG:0.25416666666666665	QSENIQTL:0.23333333333333334	QAYRAKLL:0.2375	TIPVGSID:0.2833333333333333	YMRQFYNE:0.2875	KHIDWLVK:0.24166666666666667	FFITATDI:0.2	NPTFIRDG:0.2125	IDWLVKAV:0.24166666666666667	FITATDIQ:0.2	KFVFLDFI:0.20416666666666666	VYTIPVGS:0.2	EYAQAYRA:0.4375	FIQSENIQ:0.2375	RKDFYSYT:0.29583333333333334	WNNYYEYQ:0.4	FLDFIQSE:0.2375	LYMRQFYN:0.22083333333333333	IDFFITAT:0.26666666666666666	MRQFYNED:0.21666666666666667	DYIRLLGH:0.2	DFIQSENI:0.2375	HILWNNYY:0.2875	MTIYNINF:0.325	NVNYGNPT:0.20833333333333334	AQAYRAKL:0.2375	NNYYEYQF:0.4	EKHIDWLV:0.38333333333333336	AKLYMRQF:0.225	YGNPTFIR:0.25416666666666665	DFFITATD:0.2833333333333333	IQSENIQT:0.23333333333333334	YAQAYRAK:0.2625	LTFDIYGE:0.22083333333333333	KLYMRQFY:0.225	TIYNINFG:0.325	IYNINFGI:0.325	DIVILDRA:0.3	NADKVDFF:0.2125	ADKVDFFI:0.2125	KIAPTTYT:0.20416666666666666	EGFGLTLL:0.20416666666666666	AEHFSENA:0.2125	VVHAEHFS:0.3375	GFGLTLLE:0.20416666666666666	HAEHFSEN:0.225	VHAEHFSE:0.275	
