cluster number:263
GT4:106	GT4:106
GLETLVLE:0.22641509433962265	LSTLEAQA:0.6509433962264151	APGGLETL:0.5754716981132075	HIGPLLYG:0.6132075471698113	QHLAPGGL:0.6226415094339622	VQHLAPGG:0.6698113207547169	DAWHLNNK:0.37735849056603776	GPLLYGGI:0.4056603773584906	CLPSLQEG:0.4716981132075472	NKKAARLQ:0.3018867924528302	IGPLLYGG:0.5754716981132075	TIHNGIDC:0.42452830188679247	EGFPLSTL:0.6509433962264151	THHIGPLL:0.6698113207547169	VHTHHIGP:0.7452830188679245	GRLEAVKG:0.24528301886792453	KKAARLQS:0.2830188679245283	PLSTLEAQ:0.6792452830188679	TFLGLVDD:0.41509433962264153	YGGIAARL:0.20754716981132076	DRVTFLGL:0.32075471698113206	HTHHIGPL:0.7452830188679245	LPSLQEGF:0.4716981132075472	QEGFPLST:0.42452830188679247	GGLETLVL:0.5283018867924528	STLEAQAC:0.6509433962264151	RVTFLGLV:0.4716981132075472	LAPGGLET:0.5849056603773585	AWHLNNKK:0.37735849056603776	IHTEHDAW:0.6037735849056604	TEHDAWHL:0.660377358490566	HDAWHLNN:0.4528301886792453	AGRLEAVK:0.2358490566037736	LETLVLEM:0.22641509433962265	LVLEMLRF:0.2358490566037736	LQEGFPLS:0.4339622641509434	PGGLETLV:0.5283018867924528	GFPLSTLE:0.6509433962264151	SLQEGFPL:0.4339622641509434	FCLPSLQE:0.4716981132075472	VVHTHHIG:0.6886792452830188	FPLSTLEA:0.6509433962264151	HVVQHLAP:0.6132075471698113	HLAPGGLE:0.6226415094339622	LGLVDDMP:0.3584905660377358	VVQHLAPG:0.6320754716981132	PSLQEGFP:0.4339622641509434	WHLNNKKA:0.3018867924528302	VLEMLRFA:0.2358490566037736	LNNKKAAR:0.3018867924528302	TLVLEMLR:0.24528301886792453	ETLVLEML:0.24528301886792453	HHIGPLLY:0.6981132075471698	FLGLVDDM:0.4339622641509434	VTFLGLVD:0.41509433962264153	HLNNKKAA:0.3018867924528302	HTEHDAWH:0.6698113207547169	NNKKAARL:0.3018867924528302	EHDAWHLN:0.5094339622641509	PLLYGGIA:0.4056603773584906	LFCLPSLQ:0.37735849056603776	ILKHFDIR:0.2169811320754717	GVKETLCP:0.29245283018867924	DVVHTHHI:0.4716981132075472	GIDCQKFQ:0.2358490566037736	DVGGVKET:0.3018867924528302	ACDIPCVA:0.2830188679245283	HNGIDCQK:0.29245283018867924	GGVKETLC:0.29245283018867924	DMPSFYQS:0.3113207547169811	LHVVQHLA:0.3018867924528302	IAGDGSQR:0.33962264150943394	THLAIAGD:0.29245283018867924	LEAQACDI:0.3490566037735849	QSLDLFCL:0.42452830188679247	VFSLAEAL:0.29245283018867924	HKVLIEAF:0.29245283018867924	VLDMLRFA:0.20754716981132076	NGIDCQKF:0.3018867924528302	HFDIRDMV:0.29245283018867924	TVIGVAGR:0.2358490566037736	GLETLVLD:0.3018867924528302	VGGVKETL:0.29245283018867924	GHKVLIEA:0.29245283018867924	PSFYQSLD:0.3113207547169811	CDIPCVAT:0.2830188679245283	KVLIEAFS:0.29245283018867924	LIEAFSHL:0.29245283018867924	VLIEAFSH:0.29245283018867924	VKGHKVLI:0.3018867924528302	LETLVLDM:0.3018867924528302	IGVAGRLE:0.2830188679245283	GLVDDMPS:0.29245283018867924	TDVGGVKE:0.3113207547169811	DIPCVATD:0.2830188679245283	SFYQSLDL:0.29245283018867924	QACDIPCV:0.2830188679245283	CVATDVGG:0.3113207547169811	EAQACDIP:0.29245283018867924	VIIHTEHD:0.2358490566037736	DDMPSFYQ:0.3018867924528302	RVFSLAEA:0.29245283018867924	SLDLFCLP:0.42452830188679247	KGHKVLIE:0.3018867924528302	KPDVVHTH:0.3113207547169811	HLAIAGDG:0.3018867924528302	LDLFCLPS:0.5283018867924528	PCVATDVG:0.3018867924528302	NRVFSLAE:0.29245283018867924	VDDMPSFY:0.29245283018867924	FSLAEALS:0.3018867924528302	VIGVAGRL:0.2830188679245283	LVDDMPSF:0.29245283018867924	MPSFYQSL:0.3113207547169811	ATDVGGVK:0.3113207547169811	VPVIIHTE:0.2358490566037736	AQACDIPC:0.2830188679245283	YQSLDLFC:0.42452830188679247	VATDVGGV:0.3113207547169811	DLFCLPSL:0.4056603773584906	VCTIHNGI:0.2830188679245283	KTVIGVAG:0.2358490566037736	VFVVSLEG:0.33962264150943394	IPCVATDV:0.2830188679245283	PDVVHTHH:0.4528301886792453	LAIAGDGS:0.3113207547169811	TLEAQACD:0.3584905660377358	CTIHNGID:0.29245283018867924	FYQSLDLF:0.42452830188679247	AIAGDGSQ:0.3018867924528302	IIHTEHDA:0.25471698113207547	HTHLAIAG:0.20754716981132076	IHNGIDCQ:0.29245283018867924	RPHVVADA:0.2358490566037736	PVIIHTEH:0.2358490566037736	
