cluster number:2213
GT4:75	GT4:75
VGRLAAEK:0.22666666666666666	ESFLPHMN:0.32	FLPHMNGV:0.36	RLAAEKQV:0.26666666666666666	GRLAAEKQ:0.26666666666666666	LPHMNGVT:0.36	TIQEAMAS:0.49333333333333335	IQEAMASG:0.4	SFLPHMNG:0.32	DDAKRRAF:0.25333333333333335	QTIQEAMA:0.5333333333333333	VHLASPFV:0.41333333333333333	EAMASGVP:0.38666666666666666	RIIGYVGR:0.21333333333333335	PFLENWAW:0.22666666666666666	DLFVHPGE:0.36	IIGYVGRL:0.30666666666666664	ASGVPVVA:0.5866666666666667	FCQTIQEA:0.5333333333333333	GVPVVATG:0.5066666666666667	VHPGEFET:0.22666666666666666	VATGRGGP:0.44	VASFDLFV:0.21333333333333335	SGVPVVAT:0.49333333333333335	AIVAESFL:0.26666666666666666	GRGGPLDL:0.4266666666666667	FDLFVHPG:0.32	SPFVLGWR:0.41333333333333333	VIVGDGPQ:0.2	HPGEFETF:0.22666666666666666	FETFCQTI:0.21333333333333335	AMASGVPV:0.38666666666666666	QEAMASGV:0.38666666666666666	IVAESFLP:0.28	CQTIQEAM:0.5066666666666667	IAIVAESF:0.22666666666666666	ASPFVLGW:0.48	APDVVHLA:0.22666666666666666	PVVATGRG:0.44	AIYQTEVP:0.24	PDVVHLAS:0.5466666666666666	LASPFVLG:0.41333333333333333	VPVVATGR:0.4533333333333333	PFVLGWRA:0.30666666666666664	DVVHLASP:0.6133333333333333	SFDLFVHP:0.26666666666666666	RLVIVGDG:0.28	IGYVGRLA:0.49333333333333335	VVHLASPF:0.6	ATGRGGPL:0.36	LFVHPGEF:0.2	LVIVGDGP:0.4266666666666667	RGGPLDLV:0.48	VVATGRGG:0.44	GDDAKRRA:0.2	ASFDLFVH:0.26666666666666666	PGEFETFC:0.22666666666666666	ETFCQTIQ:0.5333333333333333	TGRGGPLD:0.32	RIAIVAES:0.21333333333333335	GEFETFCQ:0.22666666666666666	EFETFCQT:0.22666666666666666	MNGVTHSI:0.2	MASGVPVV:0.37333333333333335	NGVTHSIL:0.2	HLASPFVL:0.41333333333333333	TFCQTIQE:0.5333333333333333	FVHPGEFE:0.22666666666666666	YVGRLAPE:0.30666666666666664	RGWADRLA:0.21333333333333335	MNGVTHSL:0.21333333333333335	GRLAPEKQ:0.25333333333333335	VGRLAPEK:0.30666666666666664	DVFVHPGE:0.32	HPGESETF:0.30666666666666664	VFVHPGES:0.25333333333333335	DGWLYRPG:0.2	GYVGRLAP:0.29333333333333333	VHPGESET:0.30666666666666664	WLYRPGDL:0.21333333333333335	GWLYRPGD:0.25333333333333335	FDVFVHPG:0.24	RLAPEKQV:0.24	NGVTHSLL:0.21333333333333335	FVHPGESE:0.30666666666666664	GGPLDLVD:0.22666666666666666	RATLTLAP:0.2	MNGVTGSV:0.2	PHMNGVTG:0.2	ATLTLAPS:0.24	HMNGVTGS:0.2	EKQVEDLA:0.41333333333333333	PTVAIYQT:0.28	FVLGWRAV:0.21333333333333335	VAIYQTEV:0.2	TVAIYQTE:0.2	QVEDLAVL:0.2	KQVEDLAV:0.21333333333333335	
