cluster number:1837
GT4:12	GT4:12
RDPYPYML:0.25	PAPLVLSE:0.8333333333333334	EFEKSATL:0.25	GTRVIAVS:0.5	DPAPLVLS:0.8333333333333334	KSATLMGL:0.25	GLHPRKGL:0.6666666666666666	VLSEAREA:0.8333333333333334	LVLSEARE:0.8333333333333334	NGHVHAAV:0.75	DIFVLPSH:0.9166666666666666	AAVDLACA:0.75	TTVHNEFE:0.6666666666666666	VLNGTIGS:0.75	LITTVHNE:0.4166666666666667	IPLITTVH:0.3333333333333333	ATLMGLGT:0.25	MGLGTRVI:0.5	ADIFVLPS:0.9166666666666666	SATLMGLG:0.25	ASGGGDFD:0.4166666666666667	GHVHAAVD:0.75	LMGLGTRV:0.5833333333333334	RILHILNH:0.4166666666666667	MMTSAVLA:0.5833333333333334	PLVLSEAR:0.8333333333333334	MRILHILN:0.4166666666666667	VLPSHADP:0.9166666666666666	SPSILFVG:0.4166666666666667	TRVIAVSD:0.25	ITTVHNEF:0.4166666666666667	DGIPQLLE:0.4166666666666667	IPQLLEHG:0.25	VDLACAQA:0.3333333333333333	SILFVGGL:0.5833333333333334	HADPAPLV:0.9166666666666666	IFVLPSHA:0.9166666666666666	FVGGLHPR:0.8333333333333334	LFVGGLHP:0.6666666666666666	PSILFVGG:0.5833333333333334	SHADPAPL:0.9166666666666666	EAREAGCA:0.6666666666666666	HVHAAVDL:0.75	ADPAPLVL:0.9166666666666666	LNGTIGSS:0.25	AHMMTSAV:0.8333333333333334	ILHILNHT:0.4166666666666667	VGGLHPRK:0.8333333333333334	EKSATLMG:0.25	ILVPPHDP:0.25	TVHNEFEK:0.6666666666666666	SEAREAGC:0.5833333333333334	GLGTRVIA:0.5	HPRKGLPD:0.5	TLMGLGTR:0.25	LPSHADPA:0.9166666666666666	HNEFEKSA:0.5	RKGLPDLF:0.25	LHPRKGLP:0.5	APLVLSEA:0.8333333333333334	LGTRVIAV:0.5	AREAGCAI:0.5833333333333334	AVDLACAQ:0.75	VVHAHMMT:0.3333333333333333	PLITTVHN:0.5833333333333334	VVLNGTIG:0.8333333333333334	NGTIGSSR:0.25	AGILVPPH:0.25	GILVPPHD:0.25	LSEAREAG:0.5833333333333334	VHNEFEKS:0.5	VDGIPQLL:0.5833333333333334	VHAAVDLA:0.9166666666666666	NEFEKSAT:0.25	GGLHPRKG:0.8333333333333334	HAHMMTSA:0.8333333333333334	HAAVDLAC:0.9166666666666666	VHAHMMTS:0.75	HMMTSAVL:0.75	GIPQLLEH:0.25	ILFVGGLH:0.5833333333333334	PSHADPAP:0.9166666666666666	FEKSATLM:0.25	FVLPSHAD:0.9166666666666666	PRKGLPDL:0.5	RLNGHVHA:0.5833333333333334	VDLACAQV:0.4166666666666667	LYIVGDGP:0.3333333333333333	ASAITFVG:0.3333333333333333	MLGADIFV:0.4166666666666667	HLYIVGDG:0.25	EAGCAIVG:0.25	LGADIFVL:0.5	GDFDALLQ:0.25	REAGCAIV:0.5	GADIFVLP:0.75	HTRRLNGH:0.4166666666666667	NHTRRLNG:0.5833333333333334	LNGHVHAA:0.5833333333333334	DFDALLQS:0.25	PYMLGADI:0.3333333333333333	HPRKGIPD:0.25	RRLNGHVH:0.4166666666666667	YMLGADIF:0.3333333333333333	LNHTRRLN:0.5833333333333334	PRKGIPDL:0.25	GGDFDALL:0.5	TRRLNGHV:0.4166666666666667	IVHAHMMT:0.4166666666666667	DIVHAHMM:0.3333333333333333	NEFEKSAI:0.25	EFEKSAIL:0.25	VIAVSEAV:0.25	RVVLNGTI:0.3333333333333333	LRVVLNGT:0.25	KSAILMGL:0.25	TSAVLAWP:0.5	SKLRVVLN:0.25	AVLAWPIC:0.4166666666666667	RVIAVSEA:0.25	SAILMGLG:0.25	FEKSAILM:0.25	KLRVVLNG:0.25	VTTVHNEF:0.25	EKSAILMG:0.25	MTSAVLAW:0.5	VLAWPICK:0.3333333333333333	NGTIGSAR:0.5	LNGTIGSA:0.5	SAVLAWPI:0.4166666666666667	ILMGLGTR:0.25	LVTTVHNE:0.25	PLVTTVHN:0.25	RKGLPDLL:0.25	TDVDGIPE:0.25	VDGIPELL:0.3333333333333333	LLNHTRRL:0.25	DVDGIPEL:0.25	GDFDALLA:0.25	SAVLMGLG:0.25	LTIERVAR:0.25	ACAQVKLG:0.25	AGCAIVAT:0.25	CAQVKLGH:0.25	EAGCAIVA:0.25	LACAQVKL:0.25	DGIPELLE:0.25	DLACAQVK:0.25	MASGGGDF:0.25	TIGSARFE:0.25	GTIGSARF:0.25	PDIVHAHM:0.25	IGSARFEG:0.25	TPLITTVH:0.25	
