cluster number:468
GT4:69	GT4:69
IHEFPEGE:0.2028985507246377	ISNTVNVF:0.42028985507246375	FWLIHEFP:0.4782608695652174	LFISPTGT:0.34782608695652173	VFPSSMET:0.2463768115942029	FGYYKEKL:0.2028985507246377	DLVISNTV:0.30434782608695654	RIVSVGRL:0.30434782608695654	TGTLDNGA:0.463768115942029	PTGTLDNG:0.463768115942029	FPSSMETF:0.2463768115942029	TFGLVYVE:0.463768115942029	HFWLIHEF:0.4782608695652174	METFGLVY:0.463768115942029	DNGAEISI:0.4492753623188406	TVNVFQGA:0.43478260869565216	SMETFGLV:0.2608695652173913	ILFISPTG:0.3333333333333333	GEFGYYKE:0.2463768115942029	SPTGTLDN:0.463768115942029	LVISNTVN:0.42028985507246375	PSSMETFG:0.2463768115942029	RKNQLELI:0.2898550724637681	NQLELIKA:0.391304347826087	KNQLELIK:0.4057971014492754	FISPTGTL:0.3188405797101449	GTLDNGAE:0.463768115942029	NTVNVFQG:0.43478260869565216	SNTVNVFQ:0.43478260869565216	IVSVGRLT:0.30434782608695654	ETFGLVYV:0.463768115942029	ISPTGTLD:0.3188405797101449	VISNTVNV:0.42028985507246375	EFGYYKEK:0.21739130434782608	NGAEISIV:0.21739130434782608	WLIHEFPE:0.21739130434782608	LDNGAEIS:0.37681159420289856	TLDNGAEI:0.37681159420289856	HEFPEGEF:0.2028985507246377	SSMETFGL:0.2608695652173913	TFGLVYIE:0.2028985507246377	FGLVYIEA:0.2028985507246377	ETFGLVYI:0.2028985507246377	FGLVYVEA:0.36231884057971014	ELVFIGGW:0.2753623188405797	DIELVFIG:0.2463768115942029	LVFIGGWD:0.2753623188405797	QLELIKAY:0.2753623188405797	NVFQGAIA:0.2608695652173913	IELVFIGG:0.2463768115942029	VPHFWLIH:0.2028985507246377	VFQGAIAA:0.2753623188405797	PHFWLIHE:0.30434782608695654	VNVFQGAI:0.2318840579710145	VSVGRLTE:0.2608695652173913	IDLVISNT:0.2753623188405797	QGAVAAAC:0.21739130434782608	WWWEDAPG:0.2753623188405797	GAVAAACE:0.21739130434782608	FQGAVAAA:0.21739130434782608	KWWWEDAP:0.2318840579710145	ERKNQLEL:0.2753623188405797	
