cluster number:767
GT4:51	GT4:51|GT2:44|GT0:1
RLQEAGGI:0.6666666666666666	YFLNNDTE:0.27450980392156865	PQPDRDAG:0.35294117647058826	QPDRDAGS:0.35294117647058826	AGFGHPPN:0.2549019607843137	GRLQEAGG:0.6666666666666666	YPDGRLQE:0.6470588235294118	DGRLQEAG:0.6470588235294118	FLNNDTEV:0.35294117647058826	PDRDAGSR:0.43137254901960786	VAGFGHPP:0.2549019607843137	PDGRLQEA:0.6274509803921569	FVAGFGHP:0.2549019607843137	LNNDTEVT:0.35294117647058826	VYPDGRLQ:0.5294117647058824	GSKLVYPD:0.5098039215686274	GMVGSKLV:0.4117647058823529	IEVIVAED:0.21568627450980393	YVPQPDRD:0.3137254901960784	GHPPNVDA:0.21568627450980393	DRDAGSRS:0.23529411764705882	DGSAWNFG:0.3137254901960784	YCEDSDLA:0.47058823529411764	DHYVPQPD:0.29411764705882354	LVYPDGRL:0.5294117647058824	GSAWNFGR:0.29411764705882354	PNVDAAKW:0.21568627450980393	YYGHDLHF:0.3137254901960784	MVGSKLVY:0.4117647058823529	LRFGAGVK:0.3333333333333333	FGHPPNVD:0.21568627450980393	VPLRFGAG:0.3137254901960784	HPPNVDAA:0.27450980392156865	SAWNFGRL:0.27450980392156865	PAYCEDSD:0.47058823529411764	VPQPDRDA:0.3137254901960784	DCGMVGSK:0.2549019607843137	HYVPQPDR:0.29411764705882354	VDHYVPQP:0.23529411764705882	AYCEDSDL:0.47058823529411764	APAYCEDS:0.23529411764705882	AWNFGRLD:0.21568627450980393	KLVYPDGR:0.5294117647058824	GFGHPPNV:0.21568627450980393	CGMVGSKL:0.27450980392156865	SKLVYPDG:0.5098039215686274	PLRFGAGV:0.3333333333333333	CEDSDLAF:0.43137254901960786	VGSKLVYP:0.5098039215686274	GAGVKGKV:0.3137254901960784	PAYYEDTD:0.21568627450980393	RYGAGVKG:0.21568627450980393	LRYGAGVK:0.21568627450980393	PLRYGAGV:0.21568627450980393	YGAGVKGK:0.23529411764705882	LQEAGGII:0.27450980392156865	
