cluster number:804
GT4:15	GT4:15
SSAGGIPE:0.2	ASSAGGIP:0.2	DRETAYVR:0.2	RLQKWRPD:0.2	IVVNSRFL:0.26666666666666666	LHSNTFIS:0.2	LLRRLQKW:0.2	NSRFLLED:0.2	IEVHNRPL:0.2	EAFGLVNV:0.8	FVIPSGRS:0.3333333333333333	EVHNRPLL:0.2	MDGIVVNS:0.26666666666666666	APREAFGL:0.2	PDIIEVHN:0.2	EAMAAGVP:0.5333333333333333	LLLIIGSA:0.2	SLLRRLQK:0.2	VPSAPREA:0.2	GVPCYRLP:0.26666666666666666	ARWMDGIV:0.2	LRKVAVVT:0.26666666666666666	SVERVVEQ:0.26666666666666666	VEAMAAGV:0.5333333333333333	VNSRFLLE:0.26666666666666666	RWDHTAER:0.2	VVTPGSFV:0.4	REAFGLVN:0.6	IPSGRSSS:0.3333333333333333	AFGLVNVE:0.8	LNLHSNTF:0.2	LQKWRPDI:0.2	AGGIPEIV:0.4	GRSSSVER:0.3333333333333333	NRPLLAQR:0.2	NVEAMAAG:0.6	LRRLQKWR:0.2	AMAAGVPV:0.5333333333333333	WRPDIIEV:0.2	LIPDKGVH:0.26666666666666666	RFRWDHTA:0.2	FRWDHTAE:0.2	VIPSGRSS:0.3333333333333333	SNTFISPP:0.2	ENGVTGYL:0.2	SAAYGSDR:0.2	LVNVEAMA:0.7333333333333333	GSFVIPSG:0.4666666666666667	PDKGVHHL:0.26666666666666666	WDHTAERW:0.2	PLLAQRLK:0.2	AYGSDRET:0.2	AAGVPVIA:0.3333333333333333	VLNLHSNT:0.2	VHNRPLLA:0.26666666666666666	AGRLIPDK:0.26666666666666666	GVLGKGLP:0.2	SSVERVVE:0.6	RLIPDKGV:0.26666666666666666	VERVVEQT:0.2	NGVPCYRL:0.2	HSNTFISP:0.2	KITINHLG:0.2	FSPAAKAL:0.2	ITINHLGV:0.2	LFAGRLIP:0.2	YPAIADWY:0.2	RPDIIEVH:0.2	EIVENGVT:0.2	QKWRPDII:0.2	PSLLRRLQ:0.2	MAAGVPVI:0.26666666666666666	SGRSSSVE:0.3333333333333333	SAPREAFG:0.2	VNVEAMAA:0.6	GIVVNSRF:0.26666666666666666	GSAAYGSD:0.2	PGSFVIPS:0.4666666666666667	RSSSVERV:0.4	VTPGSFVI:0.4	NGVTGYLV:0.2	GIPEIVEN:0.3333333333333333	WMDGIVVN:0.2	PREAFGLV:0.26666666666666666	AVVTPGSF:0.4	VPCYRLPS:0.2	FAGRLIPD:0.26666666666666666	YGSDRETA:0.2	VENGVTGY:0.2	VAVVTPGS:0.4	TPGSFVIP:0.4	FGLVNVEA:0.8	IVENGVTG:0.2	RPLLAQRL:0.2	RWMDGIVV:0.2	PCYRLPSG:0.2	IIEVHNRP:0.2	DIIEVHNR:0.2	GRLIPDKG:0.26666666666666666	SDRETAYV:0.2	VRQRFRWD:0.2	PSAPREAF:0.2	PSGRSSSV:0.3333333333333333	IPDKGVHH:0.26666666666666666	PYPAIADW:0.2	HNRPLLAQ:0.2	RRLQKWRP:0.2	SRFLLEDI:0.2	YPSLLRRL:0.2	RQRFRWDH:0.2	YYPSLLRR:0.2	RKVAVVTP:0.26666666666666666	SFVIPSGR:0.3333333333333333	VVNSRFLL:0.26666666666666666	GLVNVEAM:0.8	DKGVHHLI:0.26666666666666666	NTFISPPY:0.2	VLLLIIGS:0.2	KWRPDIIE:0.2	PEIVENGV:0.26666666666666666	IPEIVENG:0.3333333333333333	KVAVVTPG:0.3333333333333333	SSSVERVV:0.6	DGIVVNSR:0.26666666666666666	GSDRETAY:0.2	QRFRWDHT:0.2	IARWMDGI:0.2	AAYGSDRE:0.2	GGIPEIVE:0.4	INGVPCYR:0.2	AGVPVVAT:0.26666666666666666	LIPIKGVH:0.26666666666666666	AAGVPVVA:0.26666666666666666	VGSAFYGS:0.2	GRLIPIKG:0.26666666666666666	RLIPIKGV:0.26666666666666666	MAAGVPVV:0.26666666666666666	VGRLIPIK:0.2	IVGSAFYG:0.2	IPIKGVHH:0.26666666666666666	PVVATRAG:0.2	GSPFYGSH:0.2	VGSPFYGS:0.2	VVATRAGG:0.2	SVERVVEK:0.2	SPFYGSHR:0.2	MSLRKVAV:0.2	SAGGIPEI:0.2	SLRKVAVV:0.2	
