cluster number:392
GT4:92	GT4:92
CLQHEYGI:0.21739130434782608	LTFGLLSP:0.6847826086956522	ITSGTLAY:0.20652173913043478	LSPNKGIE:0.4782608695652174	QCGIATFT:0.21739130434782608	LLTFGLLS:0.2608695652173913	QITSGTLA:0.20652173913043478	TSGTLAYS:0.40217391304347827	SGTLAYSF:0.31521739130434784	FGLLSPNK:0.5760869565217391	FDQQPLEA:0.30434782608695654	PRQCGIAT:0.2391304347826087	GLLSPNKG:0.5760869565217391	VCLQHEYG:0.21739130434782608	HEYGIFGG:0.22826086956521738	ELLADGRG:0.31521739130434784	DDNARALI:0.2391304347826087	IVLGATHP:0.21739130434782608	VLLTFGLL:0.21739130434782608	GTLAYSFG:0.31521739130434784	YIVLGATH:0.21739130434782608	CGIATFTT:0.31521739130434784	QHEYGIFG:0.22826086956521738	LLSPNKGI:0.5108695652173914	TFGLLSPN:0.5760869565217391	RQCGIATF:0.22826086956521738	AQMTSGTL:0.32608695652173914	AAFVQHAW:0.2608695652173913	PRRCGIAT:0.45652173913043476	FDQQPVEA:0.25	DSHGRTLW:0.358695652173913	RTLWALGE:0.20652173913043478	VTPYLNEA:0.2826086956521739	LHPDRANE:0.20652173913043478	EDSHGRTL:0.34782608695652173	HPDRANEN:0.20652173913043478	HGYCVDDN:0.3695652173913043	YVTPYLNE:0.30434782608695654	HEFGIFGG:0.4782608695652174	SHGRTLWA:0.33695652173913043	LPRRCGIA:0.358695652173913	LAYDNARL:0.2717391304347826	AVYVVLGA:0.25	VDDNARAL:0.391304347826087	LNEAQMTS:0.22826086956521738	YCVDDNAR:0.3804347826086957	AYSFGLGK:0.2391304347826087	GRTLWALG:0.3695652173913043	TLAYSFGL:0.2391304347826087	GSEDSHGR:0.41304347826086957	TPYWHARE:0.22826086956521738	TGSCRDGL:0.29347826086956524	SEDSHGRT:0.34782608695652173	RCGIATFT:0.3695652173913043	PDRANENR:0.20652173913043478	QMTSGTLA:0.3695652173913043	YLNEAQMT:0.22826086956521738	IGNSLPRR:0.25	VCLQHEFG:0.22826086956521738	ILTFGLLS:0.34782608695652173	CVDDNARA:0.3804347826086957	NENRGGES:0.22826086956521738	DDNARALL:0.41304347826086957	SCRDGLHP:0.2391304347826087	STPYWHAR:0.22826086956521738	GYCVDDNA:0.3804347826086957	RFAAFVQH:0.21739130434782608	AFVQHAWN:0.2608695652173913	GLHPDRAN:0.20652173913043478	YWHARELL:0.22826086956521738	DGLHPDRA:0.20652173913043478	CRDGLHPD:0.2608695652173913	QHEFGIFG:0.4782608695652174	RDGLHPDR:0.2608695652173913	LQHEFGIF:0.358695652173913	RRCGIATF:0.391304347826087	SLPRRCGI:0.25	PYWHAREL:0.22826086956521738	ARALLLAC:0.21739130434782608	VTTLHTVL:0.40217391304347827	VSTPYWHA:0.532608695652174	EFGIFGGE:0.2717391304347826	MTSGTLAY:0.358695652173913	DRANENRG:0.2391304347826087	NSLPRRCG:0.25	SPNKGIEV:0.20652173913043478	PVVSTPYW:0.2608695652173913	PYLNEAQM:0.22826086956521738	NEAQMTSG:0.22826086956521738	EAQMTSGT:0.2717391304347826	ENRGGESV:0.22826086956521738	VVSTPYWH:0.5108695652173914	CLQHEFGI:0.2717391304347826	GLRSLRWL:0.2391304347826087	FAAFVQHA:0.25	GSCRDGLH:0.29347826086956524	TPYLNEAQ:0.30434782608695654	HGRTLWAL:0.33695652173913043	NRGGESVV:0.20652173913043478	PVVTTLHT:0.2608695652173913	LAYSFGLG:0.2391304347826087	GNSLPRRC:0.25	NARALLLA:0.22826086956521738	DNARALLL:0.391304347826087	VILTFGLL:0.31521739130434784	GKAVISTP:0.20652173913043478	KAVISTPY:0.20652173913043478	ATHPNLVR:0.2717391304347826	TDDNARAL:0.20652173913043478	AQITSGTL:0.22826086956521738	LGATHPNL:0.358695652173913	GATHPNLV:0.2717391304347826	VLGATHPN:0.3695652173913043	YDNARLPQ:0.2717391304347826	IATFTTDL:0.25	GIATFTTD:0.2717391304347826	FVQHAWNP:0.2717391304347826	MCDVYVTP:0.21739130434782608	VVLGATHP:0.30434782608695654	CDVYVTPY:0.21739130434782608	FGIFGGEA:0.25	NARLPQAL:0.2717391304347826	AYDNARLP:0.22826086956521738	DVYVTPYL:0.2717391304347826	GIFGGEAG:0.2608695652173913	DNARLPQA:0.2391304347826087	VQHAWNPD:0.25	AGLRSLRW:0.21739130434782608	VYVVLGAT:0.2608695652173913	YVVLGATH:0.30434782608695654	NQGAESTL:0.29347826086956524	VYVTPYLN:0.2391304347826087	GKAVVSTP:0.20652173913043478	AVVSTPYW:0.22826086956521738	VIAHGIPD:0.20652173913043478	
