cluster number:1592
GT4:75	GT4:75|GT2:1
SVKARGAD:0.30666666666666664	VGALIPRK:0.4533333333333333	FYPDGPAA:0.38666666666666666	VKARGADI:0.30666666666666664	KARGADIH:0.4266666666666667	GLANAWVE:0.72	PYSVKARG:0.21333333333333335	SEGLANAW:0.68	LACGTPIV:0.44	EGLANAWV:0.72	YSVKARGA:0.21333333333333335	ACGTPIVI:0.4666666666666667	FFYPDGPA:0.4	LANAWVEA:0.5733333333333334	FFFPDGPA:0.21333333333333335	EALACGTP:0.56	AWVEALAC:0.5333333333333333	FFPDGPAA:0.21333333333333335	WVEALACG:0.5466666666666666	VEALACGT:0.5066666666666667	ASEGLANA:0.30666666666666664	ALACGTPI:0.32	SIKARGAD:0.24	AAADVMAL:0.24	SASEGLAN:0.3333333333333333	NAWVEALA:0.5466666666666666	ANAWVEAL:0.56	IKARGADI:0.28	FGVFVERQ:0.25333333333333335	FDVIDASF:0.26666666666666666	IRVHYTGV:0.2	DASFFFPD:0.25333333333333335	SFFFPDGP:0.26666666666666666	FFPDGPVA:0.2	ASFFFPDG:0.25333333333333335	PNFGVFVE:0.25333333333333335	FVERQARE:0.2	GVFVERQA:0.2	VFVERQAR:0.2	ERQARELA:0.2	GALIPRKG:0.49333333333333335	CVGALIPR:0.21333333333333335	DVGGAREL:0.26666666666666666	FFFPDGPV:0.2	PFDVIDAS:0.22666666666666666	VIDASFFF:0.25333333333333335	IDASFFFP:0.25333333333333335	MTRAILPL:0.21333333333333335	VERQAREL:0.2	RVHYTGVD:0.2	SRPNFGVF:0.21333333333333335	VHYTGVDL:0.2	NFGVFVER:0.25333333333333335	DVIDASFF:0.26666666666666666	ALIPRKGQ:0.4266666666666667	RPNFGVFV:0.25333333333333335	AQFFYPDG:0.28	PSASEGLA:0.28	QFFYPDGP:0.28	DAQFFYPD:0.30666666666666664	VDAQFFYP:0.24	AAGLLAVS:0.28	YPDGPAAM:0.2	GTPIVISD:0.26666666666666666	CGTPIVIS:0.29333333333333333	RGADIHYW:0.2	GADIHYWG:0.2	
