cluster number:1701
GT4:28	GT4:28
QFHPRLGP:0.25	MDLFVLPS:0.2857142857142857	AQLLRAMD:0.21428571428571427	LFVLPSLA:0.25	RVHGEHGR:0.35714285714285715	SSNTILEA:0.21428571428571427	QLLRAMDL:0.21428571428571427	AMDLFVLP:0.21428571428571427	EGSSNTIL:0.21428571428571427	YRHAIVCL:0.35714285714285715	WLPGARDD:0.2857142857142857	GLENGLVN:0.35714285714285715	VGGLENGL:0.32142857142857145	FVLPSLAE:0.25	AWLPGARD:0.25	GGLENGLV:0.35714285714285715	VLPSLAEG:0.25	HGEHGRDM:0.25	ENGLVNLI:0.35714285714285715	DLFVLPSL:0.35714285714285715	GLVNLINH:0.21428571428571427	GSSNTILE:0.21428571428571427	NGLVNLIN:0.35714285714285715	LPGARDDV:0.25	RHAIVCLK:0.32142857142857145	ILEAMATG:0.21428571428571427	LEAMATGL:0.25	LRAMDLFV:0.21428571428571427	LRVHGEHG:0.21428571428571427	LENGLVNL:0.35714285714285715	LLRAMDLF:0.21428571428571427	NTILEAMA:0.32142857142857145	RAMDLFVL:0.21428571428571427	EAMATGLP:0.32142857142857145	SNTILEAM:0.35714285714285715	RYRHAIVC:0.32142857142857145	VHGEHGRD:0.35714285714285715	EAMASGLP:0.35714285714285715	AFVIGSVG:0.25	VIGSVGRM:0.2857142857142857	LPVVATAV:0.25	GLPVVATA:0.32142857142857145	ATAVGGNP:0.21428571428571427	PVVATAVG:0.25	ASGLPVVA:0.2857142857142857	FVIGSVGR:0.2857142857142857	AMASGLPV:0.35714285714285715	LEAMASGL:0.32142857142857145	ILEAMASG:0.21428571428571427	SGLPVVAT:0.35714285714285715	MASGLPVV:0.2857142857142857	LGVGGLEN:0.21428571428571427	GVGGLENG:0.21428571428571427	AMATGLPV:0.21428571428571427	
