cluster number:1577
GT4:27	GT4:27
DYGYVTLE:0.5555555555555556	YFFFPSRL:0.2222222222222222	DEDYGYVT:0.4074074074074074	DSGGPLEF:0.5185185185185185	EDYGYVTL:0.5555555555555556	SGGPLEFI:0.25925925925925924	YGYVTLEA:0.4074074074074074	SIPLYHPP:0.2222222222222222	VTLEAMLS:0.25925925925925924	GYVTLEAM:0.3333333333333333	YVTLEAML:0.3333333333333333	DEDYGYIT:0.3333333333333333	EDYGYITL:0.2222222222222222	DYGYITLE:0.2222222222222222	
