cluster number:682
GT4:101	GT4:101|GT2:1
LPPLEAMS:0.7029702970297029	HIPQNGIG:0.44554455445544555	VTIHDLIP:0.6039603960396039	YHIPQNGI:0.4158415841584158	PPLEAMSC:0.6831683168316832	ILYIGGFS:0.26732673267326734	DILKFFPM:0.2079207920792079	GFGLPPLE:0.801980198019802	PLEAMSCG:0.43564356435643564	TIHDLIPY:0.6336633663366337	DIYHIPQN:0.25742574257425743	KGTGIGTY:0.26732673267326734	VVTIHDLI:0.2376237623762376	IYHIPQNG:0.25742574257425743	WYKGTGIG:0.25742574257425743	FGLPPLEA:0.801980198019802	IHDLIPYI:0.5643564356435643	GTGIGTYT:0.6732673267326733	GLPPLEAM:0.7920792079207921	EGFGLPPL:0.801980198019802	YKGTGIGT:0.26732673267326734	NWYKGTGI:0.25742574257425743	YEGFGLPP:0.7524752475247525	IPYIMPET:0.38613861386138615	HDLIPYIM:0.38613861386138615	PYIMPETV:0.38613861386138615	KKDILKFF:0.38613861386138615	YIMPETVG:0.38613861386138615	SKKDILKF:0.38613861386138615	LIPYIMPE:0.38613861386138615	PLEAMSCK:0.22772277227722773	DLIPYIMP:0.38613861386138615	SLYEGFGL:0.5247524752475248	YPSLYEGF:0.504950495049505	PETVGKGY:0.5346534653465347	FVYPSLYE:0.26732673267326734	MPETVGKG:0.36633663366336633	LYEGFGLP:0.5247524752475248	ETVGKGYL:0.5346534653465347	PSLYEGFG:0.5148514851485149	VYPSLYEG:0.26732673267326734	IMPETVGK:0.32673267326732675	RGINWYKG:0.22772277227722773	IPQNGIGI:0.21782178217821782	GINWYKGT:0.22772277227722773	INWYKGTG:0.22772277227722773	PQNGIGIS:0.21782178217821782	IYPSLYEG:0.22772277227722773	IDGRGINW:0.21782178217821782	DGRGINWY:0.21782178217821782	GFSSRKNV:0.24752475247524752	ILYLGGFS:0.2079207920792079	GGFSSRKN:0.26732673267326734	KDILKFFP:0.26732673267326734	FIYPSLYE:0.22772277227722773	IVTIHDLI:0.24752475247524752	IFVTPLAA:0.31683168316831684	SNITSIPE:0.21782178217821782	ITVSEYSK:0.2079207920792079	NITSIPEV:0.21782178217821782	FVTPLAAN:0.21782178217821782	KIFVTPLA:0.2376237623762376	
