cluster number:1403
GT4:17	GT4:17
VLMICSLK:0.29411764705882354	ICSLKAYK:0.35294117647058826	NDYSGSPK:0.35294117647058826	ETFGLTIL:0.5882352941176471	TFGLTILE:0.5882352941176471	DYSGSPKV:0.35294117647058826	SPKVLSQV:0.29411764705882354	YHIHETSI:0.35294117647058826	IVPPVGGP:0.29411764705882354	GSPKVLSQ:0.35294117647058826	SLKAYKGV:0.35294117647058826	VNTLLPFG:0.29411764705882354	LLPFGAAL:0.47058823529411764	TLLPFGAA:0.5882352941176471	FGAALAGK:0.23529411764705882	HLLNDYSG:0.35294117647058826	FGLTILEA:0.35294117647058826	LPFGAALA:0.47058823529411764	PFGAALAG:0.5294117647058824	NTLLPFGA:0.5882352941176471	LNDYSGSP:0.35294117647058826	PKVLSQVI:0.29411764705882354	YSGSPKVL:0.35294117647058826	VETFGLTI:0.47058823529411764	SGSPKVLS:0.35294117647058826	WVETFGLT:0.47058823529411764	LLNDYSGS:0.35294117647058826	LMICSLKA:0.35294117647058826	CSLKAYKG:0.35294117647058826	MICSLKAY:0.35294117647058826	YVNTLLPF:0.29411764705882354	FGLTILEG:0.23529411764705882	VYINTLLP:0.23529411764705882	INTLLPFG:0.29411764705882354	VVYHVHEV:0.23529411764705882	VYHVHEVS:0.23529411764705882	YINTLLPF:0.29411764705882354	
