cluster number:747
GT4:15	GT4:15
LLEAGAMQ:0.2	VLMVSADG:0.2	HLVAATMR:0.4666666666666667	LSLKLLLS:0.26666666666666666	IQDHPRIV:0.2	VNKSKLVL:0.2	KAGLLGMI:0.26666666666666666	REGFPNVL:0.4	KREKPDIV:0.2	GLLGMIAA:0.26666666666666666	KSKLVLLG:0.2	DHPRIVQI:0.2	LLSGQMKY:0.2	ENHLVAAT:0.4666666666666667	LLLSGQMK:0.26666666666666666	IVNKSKLV:0.2	REKPDIVH:0.2	NKSKLVLL:0.2	IVHTHTPK:0.4	PDIVHTHT:0.4	GRLVKDKG:0.6	IRITTVPL:0.26666666666666666	FPNVLLEA:0.26666666666666666	KPDIVHTH:0.26666666666666666	HTHTPKAG:0.4666666666666667	LKENHLVA:0.3333333333333333	LKLLLSGQ:0.26666666666666666	EGFPNVLL:0.4666666666666667	TTVPLSLK:0.26666666666666666	SHREGFPN:0.4	SGQMKYMK:0.2	HREGFPNV:0.4	HTPKAGLL:0.5333333333333333	FKREKPDI:0.2	KLIRITTV:0.4666666666666667	NVLLEAGA:0.2	RITTVPLS:0.26666666666666666	LFKREKPD:0.2	LIRITTVP:0.4666666666666667	VHTHTPKA:0.4666666666666667	EKPDIVHT:0.2	NHLVAATM:0.4666666666666667	PKLIRITT:0.4	SLKLLLSG:0.26666666666666666	KLLLSGQM:0.26666666666666666	PKAGLLGM:0.4666666666666667	KENHLVAA:0.3333333333333333	PFTRKITP:0.26666666666666666	VPLSLKLL:0.26666666666666666	LVAATMRI:0.26666666666666666	LSGQMKYM:0.2	GSSNGVDL:0.3333333333333333	TVPLSLKL:0.26666666666666666	AGLLGMIA:0.26666666666666666	QDHPRIVQ:0.2	PLSLKLLL:0.26666666666666666	MPKLIRIT:0.4	TPKAGLLG:0.4666666666666667	PNVLLEAG:0.2	DIVHTHTP:0.3333333333333333	THTPKAGL:0.4666666666666667	ITTVPLSL:0.26666666666666666	GFPNVLLE:0.4666666666666667	VLLEAGAM:0.2	PFTRQITP:0.2	IILAVGRL:0.26666666666666666	LAVGRLVK:0.26666666666666666	RLVKDKGI:0.5333333333333333	IPFTRQIT:0.2	DVLVHASH:0.2	VAATMRVM:0.2	LEAGAMQV:0.2	KKTGLVFP:0.2	ASHREGFP:0.26666666666666666	VLGNGSSN:0.2	KTGLVFPV:0.2	AVGRLVKD:0.2	RIHTVAGL:0.26666666666666666	VLKDALEF:0.2	ATMRVMPG:0.2	VGRLVKDK:0.4	HTVAGLPY:0.26666666666666666	ILAVGRLV:0.26666666666666666	AATMRVMP:0.2	EGFPNVIL:0.26666666666666666	HASHREGF:0.26666666666666666	GFPNVILE:0.26666666666666666	TMRVMPGE:0.2	VLVHASHR:0.2	VHASHREG:0.26666666666666666	NKKTGLVF:0.2	EAGAMQVP:0.2	FIILAVGR:0.2	LGNGSSNG:0.2	TGLVFPVK:0.2	LKDALEFA:0.26666666666666666	MVSADGKE:0.2	LVHASHRE:0.26666666666666666	LVAATMRV:0.2	IHTVAGLP:0.26666666666666666	LLGMIAAK:0.2	VKDKGIEE:0.2	DKGIEELV:0.2	LEFAYVKR:0.2	DALEFAYV:0.2	KDALEFAY:0.2	KDKGIEEL:0.2	LVKDKGIE:0.2	ALEFAYVK:0.2	CSDIPGNT:0.2	AAKLAGVK:0.2	SDIPGNTD:0.2	ICSDIPGN:0.2	FEQDLNPL:0.2	TVPISLKL:0.2	TTVPISLK:0.2	VPISLKLL:0.2	PISLKLLL:0.2	YREGFPNV:0.2	
