cluster number:2160
GT4:15	GT4:15
VELVIIGD:0.2	SLLLPPSQ:0.26666666666666666	IRDPAEKL:0.2	VLFVGRLT:0.26666666666666666	IIIFNSLL:0.2	HYRGADAT:0.26666666666666666	QTFIRDPA:0.2	FVGRLTEK:0.26666666666666666	IHAQFGLS:0.26666666666666666	HAQFGLSG:0.26666666666666666	RLTEKKGC:0.26666666666666666	SQTFIRDP:0.2	EKKGCKYL:0.2	GLPNVVLE:0.3333333333333333	ELVIIGDG:0.26666666666666666	IFNSLLLP:0.2	NIIIFNSL:0.2	PLIVHYRG:0.26666666666666666	IPLIVHYR:0.26666666666666666	PEAVIDGE:0.26666666666666666	TFIRDPAE:0.2	AVIDGETG:0.26666666666666666	VIIGDGPL:0.5333333333333333	PPSQTFIR:0.2	VGRLTEKK:0.26666666666666666	LLPPSQTF:0.26666666666666666	IPEAVIDG:0.26666666666666666	LFVGRLTE:0.26666666666666666	LVIIGDGP:0.5333333333333333	FNSLLLPP:0.2	PSQTFIRD:0.2	NSLLLPPS:0.2	IIGDGPLR:0.4666666666666667	LPPSQTFI:0.26666666666666666	VVLEAQAM:0.26666666666666666	GRLTEKKG:0.26666666666666666	IVLFVGRL:0.26666666666666666	IIFNSLLL:0.2	LIVHYRGA:0.26666666666666666	IVHYRGAD:0.26666666666666666	LIHAQFGL:0.26666666666666666	LLLPPSQT:0.26666666666666666	MNIIIFNS:0.2	EAVIDGET:0.26666666666666666	EGLPNVVL:0.3333333333333333	PNVVLEAQ:0.26666666666666666	LPNVVLEA:0.3333333333333333	NVVLEAQA:0.26666666666666666	AGIPEAVI:0.26666666666666666	GIPEAVID:0.26666666666666666	VHYRGADA:0.26666666666666666	HAGIPEAV:0.26666666666666666	FIRDPAEK:0.2	AMGLPVVS:0.3333333333333333	AQAMGLPV:0.4	KKGCEYLI:0.2	LEAQAMGL:0.4	EAQAMGLP:0.4	SEGLPNVV:0.26666666666666666	DSEGLPNV:0.2	IGDGPLRT:0.2	QFGLSGAL:0.2	EKKGCEYL:0.2	QGDSEGLP:0.2	PIVLFVGR:0.2	GDSEGLPN:0.2	LKLVIIGD:0.26666666666666666	AQFGLSGA:0.2	VLEAQAMG:0.3333333333333333	KLVIIGDG:0.3333333333333333	MGLPVVST:0.2	QAMGLPVV:0.3333333333333333	EPVVLFVG:0.2	DLKLVIIG:0.2	REPVVLFV:0.2	PVVLFVGR:0.2	VVLFVGRL:0.2	RLVEKKGC:0.2	
