cluster number:1249
GT4:11	GT4:11
LPILAYKL:0.2727272727272727	GGAERVVS:0.45454545454545453	PIISTDCQ:0.2727272727272727	LPIISTDC:0.2727272727272727	GFPNVLIE:0.2727272727272727	IISTDCQS:0.2727272727272727	FTFVTVGR:0.2727272727272727	KKRFTFVT:0.2727272727272727	TDCQSGPR:0.2727272727272727	NYEGFPNV:0.2727272727272727	KRFTFVTV:0.2727272727272727	RFTFVTVG:0.2727272727272727	DCQSGPRE:0.2727272727272727	DLKNNFNV:0.2727272727272727	EGFPNVLI:0.2727272727272727	STDCQSGP:0.2727272727272727	YEGFPNVL:0.36363636363636365	TFVTVGRL:0.2727272727272727	SNYEGFPN:0.2727272727272727	ISTDCQSG:0.2727272727272727	SNHEGFPN:0.2727272727272727	SGPREILA:0.45454545454545453	EGFPNVLV:0.36363636363636365	DCLSGPRE:0.2727272727272727	NHEGFPNV:0.2727272727272727	GPREILAP:0.45454545454545453	GFPNVLVE:0.36363636363636365	CLSGPREI:0.2727272727272727	HEGFPNVL:0.2727272727272727	LSGPREIL:0.2727272727272727	
