cluster number:2175
GT4:671	GT4:671
NLEAMACG:0.46050670640834573	GGIPEVVV:0.28017883755588674	REQLGGGY:0.21609538002980627	GIPEVVVD:0.2637853949329359	TRQKGLPY:0.22801788375558868	WKREQLGG:0.21609538002980627	GIVNLEAM:0.8107302533532041	RITRQKGL:0.34277198211624443	PWKREQLG:0.23695976154992549	GRITRQKG:0.797317436661699	YEPLGIVN:0.7600596125186289	SIYEPLGI:0.34575260804769004	TGGIPEVV:0.26825633383010433	VGRITRQK:0.7928464977645305	KREQLGGG:0.21609538002980627	VYGGAGVH:0.5320417287630402	IPEVVVDG:0.2578241430700447	IYEPLGIV:0.34575260804769004	RPWKREQL:0.2429210134128167	RQKGLPYL:0.20417287630402384	QKGLPYLL:0.20268256333830104	AGAPDTPE:0.5797317436661699	GAPDTPEI:0.5648286140089419	VLCAGAPD:0.5529061102831595	CPSIYEPL:0.3353204172876304	LGIVNLEA:0.7585692995529061	ATGGIPEV:0.28017883755588674	IVNLEAMA:0.8047690014903129	ITRQKGLP:0.2518628912071535	CAGAPDTP:0.5842026825633383	EPLGIVNL:0.7585692995529061	FVGRITRQ:0.7600596125186289	VNLEAMAC:0.7555886736214605	PLGIVNLE:0.7585692995529061	PSIYEPLG:0.33979135618479883	APDTPEIA:0.368107302533532	LCAGAPDT:0.6497764530551415	IYGGAGVH:0.3293591654247392	AFVGRITR:0.293591654247392	SDVGGIPE:0.32190760059612517	PPEIYGGA:0.21758569299552907	ASDVGGIP:0.32190760059612517	EIYGGAGV:0.21609538002980627	PEIYGGAG:0.21758569299552907	RITRQKGV:0.4128166915052161	DVVHSHTW:0.2488822652757079	LEAMACGT:0.2503725782414307	VAFVGRIT:0.2399403874813711	LVLCAGAP:0.31594634873323396	YGGAGVHV:0.7824143070044709	HVVTAHSL:0.2429210134128167	VHCMGAPR:0.23248882265275708	PDTPEIAA:0.23695976154992549	DVGGIPEV:0.31594634873323396	VVHSHTWY:0.35469448584202684	VTAHSLEP:0.2667660208643815	GGAGVHVA:0.23546944858420268	VVTAHSLE:0.2429210134128167	PHVVTAHS:0.2429210134128167	ADAVIAVS:0.37555886736214605	QLVLCAGA:0.3502235469448584	VGGIPEVV:0.488822652757079	VHSHTWYA:0.4336810730253353	GGIPEVVA:0.21311475409836064	FVCPSVYE:0.36959761549925485	GGAGVHVT:0.30104321907600595	VYEPLGIV:0.4157973174366617	TAVVASDV:0.2578241430700447	PSVYEPLG:0.4128166915052161	PWKAEQLG:0.5394932935916542	VASDVGGI:0.28912071535022354	VFVCPSVY:0.2965722801788376	VDVHCMGA:0.20119225037257824	GAGVHVTE:0.293591654247392	WKAEQLGG:0.5365126676602087	AVVASDVG:0.2727272727272727	SVYEPLGI:0.4157973174366617	CPSVYEPL:0.39344262295081966	VCPSVYEP:0.36959761549925485	EQLGGGYR:0.30104321907600595	AEQLGGGY:0.5365126676602087	AGVHVTEL:0.293591654247392	GVHVTELV:0.20864381520119224	KAEQLGGG:0.5365126676602087	VVASDVGG:0.293591654247392	RPWKAEQL:0.5529061102831595	AHSLEPLR:0.35469448584202684	HSLEPLRP:0.4277198211624441	EQLGGGYA:0.21758569299552907	EPLRPWKA:0.3472429210134128	LRPWKAEQ:0.3472429210134128	PLRPWKAE:0.3472429210134128	SLEPLRPW:0.4277198211624441	VFVGRITR:0.22652757078986588	HSHTWYAN:0.3889716840536513	LEPLRPWK:0.4277198211624441	LVHSHTWY:0.2399403874813711	TAHSLEPL:0.2444113263785395	PEVYGGAG:0.2846497764530551	YPPEVYGG:0.2846497764530551	TREYPPEV:0.2444113263785395	EYPPEVYG:0.2846497764530551	REYPPEVY:0.2563338301043219	PPEVYGGA:0.2846497764530551	EVYGGAGV:0.2846497764530551	
