cluster number:1652
GT4:36	GT4:36|GT83:1
YDWLPIWM:0.2777777777777778	VEALACGV:0.5555555555555556	ELTLNSLV:0.2777777777777778	EKGLEDAV:0.3888888888888889	NTPKWNEA:0.8611111111111112	PIGFLGSG:0.2777777777777778	TPIGFLGS:0.2777777777777778	ISMGSESS:0.2222222222222222	STPIGFLG:0.2777777777777778	RVAPEKGL:0.4166666666666667	LTLNSLVS:0.25	VELTLNSL:0.3055555555555556	GSGKGGGV:0.4444444444444444	LNSLVSGL:0.25	SVISNLIS:0.2222222222222222	LISTPIGF:0.3055555555555556	LGSGKGGG:0.3611111111111111	AYKRGGPS:0.25	DWLPIWMT:0.2777777777777778	GKGGGVEL:0.4166666666666667	EWVEKNAS:0.2222222222222222	QKELGKCR:0.2222222222222222	VPVVAYKR:0.2222222222222222	PEKGLEDA:0.8888888888888888	EALACGVP:0.5555555555555556	MGSESSVI:0.25	LLNTPKWN:0.5	VAYKRGGP:0.2222222222222222	LNMSYDWL:0.2222222222222222	AHIISMGS:0.2222222222222222	SESSVISN:0.2222222222222222	CGVPVVAY:0.5555555555555556	GRVAPEKG:0.4166666666666667	TPKWNEAY:0.7222222222222222	ALACGVPV:0.5555555555555556	NMSYDWLP:0.2222222222222222	LACGVPVV:0.4444444444444444	LPIWMTLN:0.2777777777777778	EAYGNVIV:0.25	LLNMSYDW:0.2222222222222222	LQKELGKC:0.2222222222222222	GGVELTLN:0.3333333333333333	LGEKLKVW:0.25	VLLNMSYD:0.2222222222222222	TLNSLVSG:0.25	SYDWLPIW:0.2777777777777778	NEAYGNVI:0.25	PVVAYKRG:0.2222222222222222	IVLISTPI:0.2777777777777778	LNTPKWNE:0.5277777777777778	ESSVISNL:0.2222222222222222	GEKLKVWG:0.25	KGLEDAVY:0.25	SGKGGGVE:0.4444444444444444	AKLHFVEG:0.2222222222222222	ACGVPVVA:0.5555555555555556	GGGVELTL:0.75	RGGPSEII:0.2777777777777778	FLGSGKGG:0.25	IISMGSES:0.2222222222222222	MSYDWLPI:0.2222222222222222	VAPEKGLE:0.4166666666666667	VGRVAPEK:0.25	GVELTLNS:0.3333333333333333	KRGGPSEI:0.2777777777777778	IGFLGSGK:0.25	GVPVVAYK:0.2222222222222222	WNEAYGNV:0.7222222222222222	KWNEAYGN:0.7222222222222222	ISTPIGFL:0.25	SMGSESSV:0.25	HIISMGSE:0.2222222222222222	GSESSVIS:0.2222222222222222	RIVLISTP:0.2222222222222222	PKWNEAYG:0.7222222222222222	KGGGVELT:0.4166666666666667	REWVEKNA:0.2222222222222222	MRIVLIST:0.2222222222222222	NLISKVYA:0.2222222222222222	VVAYKRGG:0.2222222222222222	GFLGSGKG:0.25	SSVISNLI:0.2222222222222222	AYGNVIVE:0.25	YGNVIVEA:0.25	WLPIWMTL:0.2777777777777778	YKRGGPSE:0.2777777777777778	CREWVEKN:0.2222222222222222	APEKGLED:0.8055555555555556	DVLLNMSY:0.2222222222222222	WVGRVAPE:0.25	VLISTPIG:0.3055555555555556	AYGNVVVE:0.4444444444444444	EAYGNVVV:0.4444444444444444	INTPKWNE:0.3333333333333333	CRALINTP:0.3333333333333333	LINTPKWN:0.3333333333333333	PVVAYDRG:0.2222222222222222	NEAYGNVV:0.4722222222222222	AYDRGGPG:0.25	VAYDRGGP:0.2222222222222222	GYDWLPLW:0.2777777777777778	VVAYDRGG:0.2222222222222222	GNVVVEAL:0.3333333333333333	YGNVVVEA:0.4444444444444444	KGLEDAAA:0.3055555555555556	GPLGWAGR:0.4166666666666667	NVVVEALA:0.3333333333333333	VPVVAYDR:0.2222222222222222	GVPVVAYD:0.2222222222222222	EKGLEDAA:0.5	RGGPGELV:0.2222222222222222	VVEALACG:0.3611111111111111	VVGNGFDL:0.3333333333333333	ALINTPKW:0.3333333333333333	YDRGGPGE:0.25	DRGGPGEL:0.2222222222222222	VVVEALAC:0.3611111111111111	RALINTPK:0.3333333333333333	LGWAGRIA:0.3333333333333333	VDQPSWQH:0.2222222222222222	NGPLGWAG:0.2222222222222222	DWLPLWLT:0.3611111111111111	AMACGVPV:0.3611111111111111	GVDQPSWQ:0.2222222222222222	GWAGRIAP:0.3333333333333333	RIAPEKGL:0.3888888888888889	GRIAPEKG:0.3888888888888889	VEAMACGV:0.3333333333333333	PLGWAGRI:0.3055555555555556	WAGRIAPE:0.3333333333333333	EAMACGVP:0.3888888888888889	YDWLPLWL:0.3611111111111111	AGRIAPEK:0.3333333333333333	IAPEKGLE:0.3888888888888889	GWLVPPDD:0.2777777777777778	RGGPGELI:0.25	HLVSMGSV:0.2222222222222222	
