cluster number:562
GT4:77	GT4:77|GT2:3
EAMASGLP:0.4025974025974026	DGQGRVNY:0.6103896103896104	RKNLDTVL:0.6363636363636364	VNAVHFVH:0.5064935064935064	FVFPSRYE:0.6233766233766234	VPDLHLAV:0.33766233766233766	RYEPFGLV:0.22077922077922077	NAVHFVHS:0.4155844155844156	IEAMASGL:0.2077922077922078	KGDGQGRV:0.5714285714285714	LVVIEAMA:0.2077922077922078	LALFAGDI:0.4935064935064935	GDGQGRVN:0.5974025974025974	FPSRYEPF:0.24675324675324675	PSRYEPFG:0.24675324675324675	SGLPVITA:0.5324675324675324	PFGLVVIE:0.2077922077922078	GLVVIEAM:0.2077922077922078	SRYEPFGL:0.22077922077922077	YEPFGLVV:0.2077922077922078	AVHFVHSS:0.4155844155844156	IRVIVNGV:0.2727272727272727	FGLVVIEA:0.2077922077922078	VNGVDLQE:0.2597402597402597	VHFVHSSW:0.4155844155844156	MASGLPVI:0.3116883116883117	NGVDLQEF:0.3116883116883117	ALFAGDIR:0.5064935064935064	AMASGLPV:0.33766233766233766	ASGLPVIT:0.5714285714285714	RVIVNGVD:0.2727272727272727	IVNGVDLQ:0.23376623376623376	GQGRVNYE:0.6753246753246753	HFVHSSWL:0.42857142857142855	VFPSRYEP:0.24675324675324675	VIVNGVDL:0.45454545454545453	DVNAVHFV:0.42857142857142855	HFLGYRRD:0.2987012987012987	RVHFLGYR:0.36363636363636365	NLDTVLHA:0.2597402597402597	VTLALFAG:0.22077922077922077	LDTVLHAL:0.23376623376623376	KNLDTVLH:0.2727272727272727	TLALFAGD:0.22077922077922077	VHFLGYRR:0.2987012987012987	ERVHFLGY:0.2077922077922078	LFVFPSRY:0.38961038961038963	DLFVFPSR:0.38961038961038963	LVNIGVPR:0.22077922077922077	QGRVNYEV:0.5194805194805194	ELVNIGVP:0.22077922077922077	GRVNYEVA:0.38961038961038963	VHSSWLRS:0.2857142857142857	VFPSRYEA:0.4025974025974026	MKLCIVTH:0.3246753246753247	EKVAQELV:0.23376623376623376	PVITATAT:0.2987012987012987	FPSRYEAC:0.44155844155844154	AVDLFVFP:0.24675324675324675	FAGDIRTP:0.22077922077922077	VAVSEKVA:0.24675324675324675	LASEVAPE:0.2077922077922078	LLASEVAP:0.22077922077922077	LRSPVHIS:0.22077922077922077	GDIRTPRK:0.22077922077922077	GLPVITAT:0.38961038961038963	AVSEKVAQ:0.2987012987012987	VITATATG:0.2987012987012987	SEKVAQEL:0.2987012987012987	ITATATGG:0.2987012987012987	WLRSPVHI:0.22077922077922077	SWLRSPVH:0.22077922077922077	VDLFVFPS:0.2857142857142857	ADVNAVHF:0.23376623376623376	VSEKVAQE:0.2987012987012987	LFAGDIRT:0.38961038961038963	VVVAVSEK:0.23376623376623376	YVDLFEEL:0.22077922077922077	RSPVHISR:0.24675324675324675	VVAVSEKV:0.23376623376623376	IRTPRKNL:0.22077922077922077	SPFPQLAA:0.23376623376623376	RTPRKNLD:0.22077922077922077	HSSWLRSP:0.2857142857142857	ELVTPECG:0.2857142857142857	SSWLRSPV:0.22077922077922077	AGDIRTPR:0.22077922077922077	KLCIVTHK:0.2857142857142857	DIRTPRKN:0.22077922077922077	FVHSSWLR:0.3116883116883117	LPVITATA:0.2987012987012987	ATGGAELV:0.24675324675324675	PSRYEACT:0.33766233766233766	VLLEALAS:0.23376623376623376	TATGGAEL:0.23376623376623376	LASGLPVI:0.2727272727272727	TGGAELVT:0.24675324675324675	ATATGGAE:0.24675324675324675	TATATGGA:0.24675324675324675	EAIRRGHH:0.24675324675324675	LVLLEALA:0.24675324675324675	DLHLAVVG:0.24675324675324675	KKGDGQGR:0.3116883116883117	ALASGLPV:0.2727272727272727	SRYEACTL:0.33766233766233766	ACTLVLLE:0.3246753246753247	GAELVTPE:0.2727272727272727	YEACTLVL:0.3246753246753247	TLVLLEAL:0.23376623376623376	GGAELVTP:0.2987012987012987	LLEALASG:0.23376623376623376	RYEACTLV:0.33766233766233766	AELVTPEC:0.23376623376623376	PDLHLAVV:0.24675324675324675	EALASGLP:0.2727272727272727	CTLVLLEA:0.3246753246753247	LEALASGL:0.23376623376623376	EACTLVLL:0.3246753246753247	SERVHFLG:0.2077922077922078	AKVVVAVS:0.22077922077922077	
