cluster number:187
GT4:346	GT4:346|GT2:1
RFMMEEQF:0.3583815028901734	MMEEQFGW:0.49710982658959535	CGTPSVTT:0.23699421965317918	LAPLRFGA:0.6560693641618497	PLRFGAGI:0.6705202312138728	AKREIAAI:0.24566473988439305	MEEQFGWR:0.5086705202312138	LRFGAGIK:0.6705202312138728	EPNSSAAG:0.2630057803468208	FGAGIKGK:0.7138728323699421	RFGAGIKG:0.6994219653179191	ILDTEDLH:0.23410404624277456	APLRFGAG:0.7687861271676301	GAGIKGKL:0.5953757225433526	EEQFGWRV:0.7803468208092486	FDRFMMEE:0.3439306358381503	FMMEEQFG:0.49710982658959535	DRFMMEEQ:0.36127167630057805	LAKREIAA:0.24566473988439305	RHAPNWDA:0.6040462427745664	CLAPLRFG:0.5144508670520231	VLVIGYVW:0.3699421965317919	STQYMSQW:0.23121387283236994	VIGYVWPE:0.45375722543352603	DLAKREIA:0.24855491329479767	NFRHAPNW:0.6213872832369942	PEPNSSAA:0.22254335260115607	IGYVWPEP:0.5867052023121387	VCLAPLRF:0.22832369942196531	GNFRHAPN:0.6213872832369942	KVLVIGYV:0.3092485549132948	TQYMSQWI:0.23121387283236994	IGNFRHAP:0.615606936416185	HAPNWDAV:0.6040462427745664	VWPEPNSS:0.21965317919075145	LVIGYVWP:0.407514450867052	WPEPNSSA:0.21965317919075145	FRHAPNWD:0.6242774566473989	APNWDAVL:0.5895953757225434	IVLFDRFM:0.2543352601156069	MNWAEDAL:0.29190751445086704	TSDLQSLR:0.30057803468208094	RAHFLSIG:0.35260115606936415	LLHWCPLM:0.3670520231213873	QLHIYGAY:0.2745664739884393	LHIYGAYT:0.27167630057803466	TPPKATAL:0.3063583815028902	PPKATALH:0.32947976878612717	VLETSDLQ:0.28901734104046245	HIYGAYTP:0.27167630057803466	ALRVLETS:0.28034682080924855	GAYTPPKA:0.40173410404624277	LSIGNFRH:0.3930635838150289	PEPRSSAA:0.36416184971098264	PNWDAVLW:0.43641618497109824	NWDAVLWM:0.37283236994219654	HFLSIGNF:0.38439306358381503	VWPEPRSS:0.36416184971098264	MAQWIEAK:0.2514450867052023	GYVWPEPR:0.36416184971098264	RICLAPLR:0.2745664739884393	TTPIGAEA:0.20520231213872833	AQLHIYGA:0.2658959537572254	YMAQWIEA:0.2514450867052023	WPEPRSSA:0.3670520231213873	QFGWRVEK:0.30346820809248554	AHFLSIGN:0.35260115606936415	QWIEAKNR:0.3699421965317919	SIGNFRHA:0.41040462427745666	AQWIEAKN:0.24855491329479767	WDAVLWMK:0.37283236994219654	ICLAPLRF:0.27167630057803466	LFDRFMME:0.22832369942196531	FLSIGNFR:0.3930635838150289	YTPPKATA:0.3063583815028902	LRVLETSD:0.28034682080924855	YGAYTPPK:0.40173410404624277	VLFDRFMM:0.22832369942196531	IYGAYTPP:0.27167630057803466	LETSDLQS:0.30057803468208094	RVLETSDL:0.28901734104046245	AYTPPKAT:0.2947976878612717	ARICLAPL:0.2745664739884393	ETSDLQSL:0.30057803468208094	EQFGWRVE:0.4682080924855491	DAMLCGTP:0.36416184971098264	YVWPEPRS:0.36416184971098264	TPIGAEAM:0.20520231213872833	SQWIEAKN:0.2138728323699422	YMSQWIEA:0.21965317919075145	MSQWIEAK:0.21965317919075145	DITFSSPA:0.23699421965317918	AEDALQVM:0.3063583815028902	GWDITFSS:0.22832369942196531	WAEDALQV:0.2832369942196532	HNPAQGFH:0.21676300578034682	WDITFSSP:0.23699421965317918	QGWDITFS:0.22254335260115607	NFTGSMLR:0.2514450867052023	FTGSMLRH:0.2514450867052023	NWAEDALQ:0.26011560693641617	TKVLVIGY:0.23699421965317918	ATKVLVIG:0.21676300578034682	ELAPDIVL:0.2514450867052023	ALHNPAQG:0.24566473988439305	AARICLAP:0.21965317919075145	TGSMLRHH:0.2514450867052023	APDIVLFD:0.29190751445086704	WPLIRQQL:0.3092485549132948	LHNPAQGF:0.24566473988439305	LAPDIVLF:0.2947976878612717	PLIRQQLP:0.3092485549132948	QSLRHARH:0.21676300578034682	SLRHARHQ:0.20809248554913296	VMNWAEDA:0.22254335260115607	IELNNSSF:0.2861271676300578	ALLHWCPL:0.23410404624277456	ELNNSSFD:0.2861271676300578	PKATALHN:0.3265895953757225	KATALHNP:0.21965317919075145	
