cluster number:1810
GT4:23	GT4:23|GT0:3
DCFVSLHR:0.34782608695652173	SLHRSEGF:0.9130434782608695	LHRSEGFG:0.9130434782608695	FVSLHRSE:0.6956521739130435	VSLHRSEG:0.782608695652174	CFVSLHRS:0.30434782608695654	LGKPVIAT:0.34782608695652173	MYLGKPVI:0.7391304347826086	LGKPVIGT:0.30434782608695654	YNIGYWAW:0.43478260869565216	AEMGLGEG:0.2608695652173913	AESMYLGK:0.2608695652173913	RAEMGLGE:0.2608695652173913	RYNIGYWA:0.30434782608695654	NRYNIGYW:0.21739130434782608	ESMYLGKP:0.2608695652173913	IGYWAWEL:0.4782608695652174	LVVKINNA:0.2608695652173913	SMYLGKPV:0.2608695652173913	YLGKPVIG:0.34782608695652173	NIGYWAWE:0.4782608695652174	HRSEGFGL:0.5652173913043478	GKPVIATD:0.21739130434782608	DSFVSLHR:0.21739130434782608	EAMYLGKP:0.43478260869565216	YLGKPVIA:0.30434782608695654	SFVSLHRS:0.21739130434782608	LAEAMYLG:0.34782608695652173	PVIATDWS:0.21739130434782608	AEAMYLGK:0.391304347826087	AMYLGKPV:0.43478260869565216	WSGNTDFM:0.2608695652173913	WELPEFPD:0.21739130434782608	IGYWHWEL:0.21739130434782608	YNIGYWHW:0.21739130434782608	NIGYWHWE:0.21739130434782608	
