cluster number:971
GT4:11	GT4:11|GT0:1
VSSEYNRE:0.2727272727272727	TSGLGQAT:0.36363636363636365	WVSSEYNR:0.2727272727272727	EYNREIYA:0.2727272727272727	SSEYNREI:0.2727272727272727	SEYNREIY:0.2727272727272727	SYNIGYFF:0.2727272727272727	EIWVSSEY:0.2727272727272727	IATAYSGN:0.2727272727272727	YNIGYFFW:0.45454545454545453	EYIFVERG:0.2727272727272727	GYFFWELD:0.2727272727272727	LHRSEGWG:0.45454545454545453	KTQNRTRV:0.2727272727272727	SLHRSEGW:0.45454545454545453	RSEGWGFG:0.45454545454545453	YVSLHRSE:0.5454545454545454	IGYFFWEL:0.45454545454545453	FGLDNPAP:0.2727272727272727	LDEIWVSS:0.2727272727272727	LGQATRLS:0.45454545454545453	HRSEGWGF:0.45454545454545453	VSLHRSEG:0.5454545454545454	LNAESIPL:0.2727272727272727	DEIWVSSE:0.2727272727272727	SGLGQATR:0.5454545454545454	VIATAYSG:0.2727272727272727	GLGQATRL:0.45454545454545453	HLNAESIP:0.2727272727272727	YIFVERGS:0.2727272727272727	NIGYFFWE:0.45454545454545453	IWVSSEYN:0.2727272727272727	SEGWGFGM:0.45454545454545453	SFIERKNP:0.2727272727272727	IATAYGGN:0.36363636363636365	TTFDSFSF:0.2727272727272727	LTTFDSFS:0.2727272727272727	WGFGMIEA:0.36363636363636365	PVIATAYG:0.36363636363636365	VIATAYGG:0.36363636363636365	GWGFGMIE:0.36363636363636365	EGWGFGMI:0.36363636363636365	CYVSLHRS:0.2727272727272727	FLTTFDSF:0.2727272727272727	GFGMIEAM:0.36363636363636365	DCYVSLHR:0.36363636363636365	LLDEIWVS:0.2727272727272727	KPVVNVGM:0.36363636363636365	DKPVVNVG:0.2727272727272727	TDKPVVNV:0.2727272727272727	AYSGNMDF:0.36363636363636365	TAYSGNMD:0.36363636363636365	YSGNMDFC:0.2727272727272727	ATAYSGNM:0.2727272727272727	
