cluster number:2246
GT4:19	GT4:19
YVAIEMMM:0.7368421052631579	SYVAIEMM:0.7368421052631579	LILFVGRL:0.21052631578947367	VAIEMMMF:0.2631578947368421	GRLDDIKG:0.21052631578947367	EQCSYVAI:0.8421052631578947	EKLILFVG:0.21052631578947367	LFVGRLDD:0.21052631578947367	FHEQCSYV:0.47368421052631576	QCSYVAIE:0.8421052631578947	FVGRLDDI:0.21052631578947367	HEQCSYVA:0.5263157894736842	PSFHEQCS:0.5263157894736842	VGRLDDIK:0.21052631578947367	CSYVAIEM:0.8421052631578947	SFHEQCSY:0.5263157894736842	KLILFVGR:0.21052631578947367	ILFVGRLD:0.3684210526315789	AIEMMMHG:0.42105263157894735	MHGIPLIG:0.21052631578947367	VAIEMMMH:0.42105263157894735	QYGIGTYI:0.3684210526315789	GRLDEIKG:0.3157894736842105	RLDEIKGL:0.2631578947368421	YQIADIGV:0.21052631578947367	LYEFYQIA:0.21052631578947367	IEMMMHGL:0.2631578947368421	GVMPSFHE:0.3684210526315789	DVGVMPSF:0.2631578947368421	MPSFHEQC:0.3684210526315789	IADVGVMP:0.2631578947368421	ADIWSRIT:0.21052631578947367	VMPSFHEQ:0.3684210526315789	SRAAQYGI:0.21052631578947367	YEFYQIAD:0.21052631578947367	EMMMHGLP:0.2631578947368421	YQIADVGV:0.2631578947368421	AAQYGIGT:0.21052631578947367	RAAQYGIG:0.21052631578947367	RLLIVGDG:0.21052631578947367	FYQIADVG:0.2631578947368421	MRHIYLIN:0.21052631578947367	VGVMPSFH:0.2631578947368421	SADIWSRI:0.21052631578947367	AQYGIGTY:0.21052631578947367	ADVGVMPS:0.2631578947368421	QIADVGVM:0.2631578947368421	AGRLDEIK:0.21052631578947367	RITFTGRI:0.21052631578947367	FAGRLDEI:0.21052631578947367	
