cluster number:110
GT4:21	GT4:21
SNPYPYLK:0.23809523809523808	QKGYDRLL:0.2857142857142857	PQKGYDRL:0.23809523809523808	ILIRIGSL:0.47619047619047616	SSRYEGFP:0.2857142857142857	YEGFPTVL:0.23809523809523808	YILSSRYE:0.2857142857142857	PYPYFKNA:0.3333333333333333	TVLFEAIT:0.3333333333333333	LLNLYSGK:0.38095238095238093	HGGAEKVL:0.6190476190476191	VLFEAITL:0.3333333333333333	LIRIGSLR:0.6190476190476191	RIGSLRHG:0.6190476190476191	GSLRHGGA:0.6190476190476191	DLLLNLYS:0.38095238095238093	YLNKGEMI:0.2857142857142857	IGSLRHGG:0.6190476190476191	FTDNPYPY:0.23809523809523808	IRIGSLRH:0.6190476190476191	LGFTDNPY:0.23809523809523808	TFVSVGTV:0.3333333333333333	NKGEMITT:0.3333333333333333	KKKILIRI:0.47619047619047616	SVGTVFPQ:0.38095238095238093	VFPQKGFD:0.38095238095238093	LRHGGAEK:0.6190476190476191	PTVLFEAI:0.3333333333333333	YEIDLLLN:0.23809523809523808	FPQKGFDR:0.38095238095238093	GEMITTNR:0.42857142857142855	EIDLLLNL:0.23809523809523808	QKGFDRLL:0.42857142857142855	LNLYSGKY:0.38095238095238093	DNPYPYFK:0.3333333333333333	GTVFPQKG:0.38095238095238093	IDLLLNLY:0.23809523809523808	SRYEGFPT:0.23809523809523808	PTFVSVGT:0.2857142857142857	KGEMITTN:0.5238095238095238	FVSVGTVF:0.3333333333333333	ILSSRYEG:0.2857142857142857	LSSRYEGF:0.2857142857142857	KILIRIGS:0.47619047619047616	RYEGFPTV:0.23809523809523808	LNKGEMIT:0.3333333333333333	KKILIRIG:0.47619047619047616	SLRHGGAE:0.6190476190476191	LYSGKYLS:0.23809523809523808	VGTVFPQK:0.38095238095238093	RHGGAEKV:0.5714285714285714	LLLNLYSG:0.38095238095238093	TVFPQKGF:0.38095238095238093	GFTDNPYP:0.2857142857142857	PQKGFDRL:0.38095238095238093	TDNPYPYF:0.23809523809523808	NPYPYFKN:0.3333333333333333	FYILSSRY:0.2857142857142857	MLGFTDNP:0.23809523809523808	NLYSGKYL:0.38095238095238093	VSVGTVFP:0.3333333333333333	VLVTFLKN:0.3333333333333333	GFDRLLKV:0.23809523809523808	DFYILSSR:0.23809523809523808	VTFLKNLP:0.23809523809523808	HKRLLDEG:0.23809523809523808	FDRLLKVH:0.23809523809523808	FKNADFYI:0.23809523809523808	NADFYILS:0.23809523809523808	YFKNADFY:0.23809523809523808	KVLVTFLK:0.3333333333333333	GAEKVLVT:0.3333333333333333	GGAEKVLV:0.5238095238095238	ADFYILSS:0.23809523809523808	EKVLVTFL:0.3333333333333333	DNSEEGIY:0.23809523809523808	KNADFYIL:0.23809523809523808	PYFKNADF:0.23809523809523808	YPYFKNAD:0.2857142857142857	DKYEVDLL:0.3333333333333333	DKIMVISE:0.23809523809523808	LVTFLKNL:0.2857142857142857	AEKVLVTF:0.3333333333333333	DRLLKVHK:0.23809523809523808	KGFDRLLK:0.2857142857142857	KYEVDLLI:0.23809523809523808	YEVDLLIN:0.23809523809523808	
