cluster number:1920
GT4:61	GT4:61|2.4.1.-:1
HSHMVHAN:0.22950819672131148	TDCGGVKE:0.21311475409836064	VHSHMVHA:0.21311475409836064	AADIFVLS:0.22950819672131148	VVHSHMVH:0.21311475409836064	VVATDCGG:0.3114754098360656	TGLGMGGA:0.3114754098360656	DVVHSHMV:0.21311475409836064	ITGLGMGG:0.26229508196721313	PDVVHSHM:0.29508196721311475	ADIFVLSS:0.2459016393442623	GLGMGGAE:0.3114754098360656	LVVAEAMA:0.45901639344262296	VATDCGGV:0.29508196721311475	MVHANIFA:0.26229508196721313	EGFGLVVA:0.39344262295081966	FGLVVAEA:0.4098360655737705	GLVVAEAM:0.4098360655737705	HMVHANIF:0.3442622950819672	HANIFARL:0.2786885245901639	VHANIFAR:0.26229508196721313	GFGLVVAE:0.39344262295081966	VHAHMVHA:0.21311475409836064	VVAEAMAC:0.32786885245901637	HAHMVHAN:0.22950819672131148	RMLAYRLT:0.21311475409836064	AKDYPNLL:0.26229508196721313	VGRLTEAK:0.21311475409836064	YEGFGLVV:0.21311475409836064	NEGGRLRM:0.22950819672131148	AHSNNEGG:0.21311475409836064	HSHMFHAN:0.26229508196721313	ICTAHNTN:0.21311475409836064	CTAHNTNE:0.21311475409836064	LICTAHNT:0.21311475409836064	TAHNTNEG:0.2459016393442623	
