cluster number:2113
GT4:30	GT4:30
SRTEGLPR:0.4	DLFVMPSR:0.26666666666666666	LFVMPSRT:0.26666666666666666	VMPSRTEG:0.3	RTEGLPRA:0.3	EGLPRALI:0.5666666666666667	TEGLPRAL:0.4	PRALIEAM:0.6	PSRTEGLP:0.4666666666666667	GGIPELLP:0.3	MPSRTEGL:0.26666666666666666	GLPRALIE:0.5666666666666667	FVMPSRTE:0.3	YKGIDTLI:0.23333333333333334	ALIEAMAR:0.36666666666666664	LPRALIEA:0.5333333333333333	RALIEAMA:0.3333333333333333	VGGIPELL:0.43333333333333335	ADLFVMPS:0.23333333333333334	AGGIPELL:0.2	LDAADLFV:0.2	RALIEAMS:0.23333333333333334	IEAMARGL:0.23333333333333334	EAMARGLP:0.23333333333333334	LIEAMARG:0.23333333333333334	
