cluster number:1521
GT4:31	GT4:31
DLLVLASR:0.25806451612903225	ADLLVLAS:0.2903225806451613	EALARGVP:0.5161290322580645	ALARGVPV:0.5161290322580645	RRLRLVVL:0.2903225806451613	ARRLRLVV:0.25806451612903225	LRLVVLVH:0.4838709677419355	RLRLVVLV:0.4838709677419355	IDDPATPS:0.22580645161290322	VLLDGLVA:0.45161290322580644	PGDIDDPA:0.45161290322580644	LPGDIDDP:0.45161290322580644	SGGNAYDR:0.2903225806451613	AAADLLVL:0.25806451612903225	TEALARGV:0.45161290322580644	PSGGNAYD:0.2903225806451613	MVVTEALA:0.7741935483870968	YGMVVTEA:0.7419354838709677	DIDDPATP:0.22580645161290322	ARGVPVLG:0.22580645161290322	VTEALARG:0.8064516129032258	GMVVTEAL:0.7741935483870968	GDIDDPAT:0.22580645161290322	VVTEALAR:0.7741935483870968	VVLPGDID:0.45161290322580644	LARGVPVL:0.4838709677419355	DPATPSGG:0.22580645161290322	DDPATPSG:0.22580645161290322	PATPSGGN:0.22580645161290322	ADLLVLPS:0.3225806451612903	AADLLVLP:0.22580645161290322	DLLVLPSR:0.2903225806451613	VLPGDIDD:0.45161290322580644	YAAADLLV:0.3225806451612903	AALAGALR:0.22580645161290322	PAALAGAL:0.25806451612903225	GLLVPPDD:0.25806451612903225	HVVLPGDI:0.3870967741935484	VHVVLPGD:0.3870967741935484	DDPAALAG:0.25806451612903225	RDRLRRAA:0.22580645161290322	TEALARGL:0.2903225806451613	LRDRLRRA:0.22580645161290322	LLDGLVAS:0.3548387096774194	AGALRRWL:0.25806451612903225	ALAGALRR:0.25806451612903225	TYGMVVTE:0.6774193548387096	EALARGLP:0.3225806451612903	ALARGLPV:0.3225806451612903	ETYGMVVT:0.6774193548387096	DPAALAGA:0.25806451612903225	LLVPPDDP:0.25806451612903225	LAGALRRW:0.25806451612903225	RLLCVAAV:0.3870967741935484	AETYGMVV:0.22580645161290322	VREHPVPG:0.2903225806451613	RGETYGMV:0.22580645161290322	RLVVLVHL:0.3548387096774194	AVVTTSEW:0.22580645161290322	LLCVAAVT:0.5806451612903226	GGLPEALG:0.2903225806451613	SRGETYGM:0.22580645161290322	VVTTSEWT:0.22580645161290322	VTTSEWTR:0.22580645161290322	PHARRLRL:0.22580645161290322	HARRLRLV:0.22580645161290322	LVVLVHLP:0.3870967741935484	GETYGMVV:0.22580645161290322	VVLVHLPL:0.3225806451612903	LCVAAVTP:0.45161290322580644	LRRWLTDP:0.22580645161290322	ALRRWLTD:0.2903225806451613	AAYAAADL:0.25806451612903225	SEWTRRRL:0.22580645161290322	AYAAADLL:0.2903225806451613	WTRRRLLD:0.22580645161290322	TSEWTRRR:0.22580645161290322	DAAYAAAD:0.22580645161290322	HDVLAAAL:0.22580645161290322	KGHDVLAA:0.22580645161290322	GHDVLAAA:0.22580645161290322	
