cluster number:1154
GT4:36	GT4:36
SWYLYNFR:0.5555555555555556	TTDNVGCR:0.4722222222222222	TSWYLYNF:0.5555555555555556	PIITTDNV:0.25	ANTSWYLY:0.3611111111111111	NTSWYLYN:0.5555555555555556	ITTDNVGC:0.2777777777777778	IITTDNVG:0.2777777777777778	KPIITTDN:0.25	IVLPSFYR:0.3055555555555556	GSGVDLSR:0.3888888888888889	LPGSGVDL:0.5277777777777778	PKNNIYGT:0.2777777777777778	TPKNNIYG:0.2777777777777778	DNVGCRET:0.4166666666666667	GAMGKPII:0.25	NNIYGTLA:0.2777777777777778	RLPGSGVD:0.5	YNFRKNTI:0.5	TDNVGCRE:0.4166666666666667	FTPKNNIY:0.7777777777777778	ADCIVLPS:0.25	LEAGAMGK:0.3888888888888889	PSFYREGV:0.6111111111111112	INNIAGLG:0.7222222222222222	VINNIAGL:0.4166666666666667	NVGCRETV:0.5277777777777778	EAGAMGKP:0.3888888888888889	DCIVLPSF:0.2777777777777778	CIVLPSFY:0.2777777777777778	MGKPIITT:0.25	AMGKPIIT:0.25	DRLPGSGV:0.3611111111111111	IKVINNIA:0.2777777777777778	VLPSFYRE:0.6388888888888888	LPSFYREG:0.6388888888888888	ARMLYEKG:0.25	FYREGVPK:0.6111111111111112	VDRLPGSG:0.2222222222222222	VLNFTPKN:0.5277777777777778	AGAMGKPI:0.3333333333333333	SGVDLSRF:0.3888888888888889	GKPIITTD:0.2222222222222222	LLEAGAMG:0.3888888888888889	PGSGVDLS:0.4166666666666667	IVIKKYLD:0.2222222222222222	SFYREGVP:0.6111111111111112	LNFTPKNN:0.7777777777777778	KNNIYGTL:0.2777777777777778	NNIAGLGT:0.2777777777777778	LYNFRKNT:0.3888888888888889	NFTPKNNI:0.7777777777777778	YLYNFRKN:0.3888888888888889	WYLYNFRK:0.4444444444444444	KVINNIAG:0.3888888888888889	LDVNNPSA:0.2777777777777778	VGCRETVD:0.2777777777777778	RLLGFLDV:0.25	LLGFLDVN:0.2777777777777778	DVNNPSAV:0.25	ARMLYDKG:0.2777777777777778	CRETVDDG:0.2777777777777778	FRLLGFLD:0.25	EFRLLGFL:0.2777777777777778	RMLYDKGI:0.2777777777777778	VLPSYYRE:0.2777777777777778	FLDVNNPS:0.2777777777777778	AMGKPIVT:0.3611111111111111	MLYDKGIG:0.2777777777777778	MGKPIVTT:0.3611111111111111	GFLDVNNP:0.2777777777777778	LGFLDVNN:0.2777777777777778	GCRETVDD:0.3055555555555556	VEFRLLGF:0.2222222222222222	LPSYYREG:0.2777777777777778	KSLLEAAA:0.3888888888888889	YREGVPKS:0.6666666666666666	GVPKSLLE:0.6944444444444444	REGVPKSL:0.6666666666666666	EGVPKSLL:0.6944444444444444	PKSLLEAA:0.3888888888888889	VPKSLLEA:0.6666666666666666	PKNNIYST:0.2222222222222222	KSLLEAGA:0.2222222222222222	SLLEAGAM:0.2222222222222222	LIARMLYD:0.25	LLIARMLY:0.3055555555555556	TPKNNIYS:0.2222222222222222	FLLIARML:0.3055555555555556	VVLNFTPK:0.2777777777777778	KIFFQNED:0.2222222222222222	YYREGVPK:0.25	IFFQNEDD:0.3055555555555556	RFLLIARM:0.2222222222222222	PKSLLEAG:0.2222222222222222	GKPIVTTD:0.2222222222222222	PSYYREGV:0.25	SYYREGVP:0.25	IARMLYDK:0.25	ITANTSWY:0.3055555555555556	SWYIYNFR:0.2222222222222222	ISANTSWY:0.2222222222222222	YNFRRNTI:0.25	FFQNEDDR:0.2777777777777778	VNNPSAVS:0.25	IDQGGTNP:0.2222222222222222	
