cluster number:887
GT4:15	GT4:15
GEPLPGVH:0.2	PFDLPVHP:0.2	LAPRKQPV:0.2	RVVSNGLD:0.2	IAALEARA:0.4666666666666667	LGGIEVQV:0.6	GAVSPFAW:0.26666666666666666	VRVVSNGL:0.2	VGDGPARG:0.2	VHIVAVGR:0.2	AGVPVVAR:0.2	PMRATIVG:0.2	AVSPFAWM:0.26666666666666666	ATIVGDGP:0.26666666666666666	QREAGHEV:0.2	TVHSMWDP:0.3333333333333333	RPDVVHVH:0.26666666666666666	EVQVADLV:0.2	PGVHRIVA:0.26666666666666666	AWMGVRAA:0.26666666666666666	FDLPVHPF:0.2	AVGRLAPR:0.3333333333333333	PVVARAQS:0.2	HVSDCYLP:0.26666666666666666	VSPFAWMG:0.26666666666666666	PFAWMGVR:0.26666666666666666	GRLAPRKQ:0.4	ARAQSGVA:0.2	IVGDGPAR:0.26666666666666666	VGRLAPRK:0.4	PRLGGIEV:0.6666666666666666	ADVFVAPA:0.26666666666666666	SDCYLPRL:0.4666666666666667	VAVGRLAP:0.3333333333333333	VAPAPRES:0.26666666666666666	YLPRLGGI:0.6	PVHPFGVG:0.2	GIEVQVAD:0.2	GVHRIVAK:0.2	HIVAVGRL:0.2	VHPFGVGH:0.2	DCYLPRLG:0.6	SADVFVAP:0.26666666666666666	PAPRESFG:0.26666666666666666	SMWDPVTR:0.26666666666666666	HSMWDPVT:0.26666666666666666	TIVGDGPA:0.26666666666666666	EPLPGVHR:0.2	RESFGIAA:0.26666666666666666	VVTVHSMW:0.3333333333333333	RLAPRKQP:0.4	LPRLGGIE:0.8	VPVRVVSN:0.2	VARAQSGV:0.2	VSDCYLPR:0.3333333333333333	VQVADLVR:0.2	FVAPAPRE:0.26666666666666666	QSGVADFV:0.2	PVRVVSNG:0.2	ESFGIAAL:0.4666666666666667	RATIVGDG:0.26666666666666666	GGIEVQVA:0.26666666666666666	VTVHSMWD:0.3333333333333333	SFGIAALE:0.4666666666666667	VVARAQSG:0.2	AQSGVADF:0.2	VHSMWDPV:0.26666666666666666	IVAVGRLA:0.2	DVFVAPAP:0.26666666666666666	RAQSGVAD:0.2	HPFGVGHL:0.2	SPFAWMGV:0.26666666666666666	RKQPVRLL:0.2	ALEARAAG:0.4666666666666667	FGIAALEA:0.7333333333333333	GWVSLPGR:0.26666666666666666	MRATIVGD:0.26666666666666666	AALEARAA:0.4666666666666667	IEVQVADL:0.2	GIAALEAR:0.7333333333333333	VFVAPAPR:0.26666666666666666	LPVHPFGV:0.2	APAPRESF:0.26666666666666666	FAWMGVRA:0.26666666666666666	PLPGVHRI:0.2	APRKQPVR:0.2	DLPVHPFG:0.2	LPGVHRIV:0.2	CYLPRLGG:0.6	RLGGIEVQ:0.6666666666666666	PRKQPVRL:0.2	GIEVQVHD:0.2	GGIEVQVH:0.2	IEVQVHDL:0.2	GAALSAVS:0.2	EVQVHDLA:0.2	AGLPVVAR:0.2	IAALEART:0.2	GGFDVAHV:0.2	GLPVVARA:0.2	VLPNGIDV:0.2	ARAAGLPV:0.3333333333333333	EARAAGLP:0.3333333333333333	LEARAAGL:0.3333333333333333	HMGVVSPF:0.2	EAFGIAAL:0.26666666666666666	FLPRLGGI:0.2	VHMGVVSP:0.2	AFGIAALE:0.26666666666666666	HVHMGVVS:0.2	MWDPVTRG:0.2	ASADVFVA:0.2	LASADVFV:0.2	RAAGLPVV:0.2	LEAFGIAA:0.2	
