cluster number:569
GT4:15	GT4:15
GRLQPWKG:0.26666666666666666	EAQACGLP:0.6	AQACGLPV:0.6	VEAQACGL:0.3333333333333333	RLQPWKGV:0.26666666666666666	DPAALAAA:0.26666666666666666	YNLTTTTK:0.26666666666666666	PVVASRFG:0.2	LVPPRDPA:0.26666666666666666	PALLARRL:0.26666666666666666	VPPRDPAA:0.26666666666666666	LLRRAYAE:0.2	AEAKLLER:0.26666666666666666	ALYNLTTT:0.26666666666666666	EAKLLERL:0.26666666666666666	GLPVVASR:0.26666666666666666	PLLRRAYA:0.2	RLGGARVV:0.2	RRAYAEAK:0.26666666666666666	CGLPVVAS:0.26666666666666666	TGLLVPPR:0.4	GCHGEDFY:0.26666666666666666	RFGGFPEV:0.26666666666666666	PRDPAALA:0.26666666666666666	GLLVPPRD:0.4666666666666667	YAEAKLLE:0.26666666666666666	VESFVWDL:0.26666666666666666	PPRDPAAL:0.26666666666666666	SRFGGFPE:0.2	IALYNLTT:0.26666666666666666	RAYAEAKL:0.26666666666666666	ASRFGGFP:0.2	VGRLQPWK:0.26666666666666666	VVASRFGG:0.2	ACGLPVVA:0.6	RDPAALAA:0.26666666666666666	LLVPPRDP:0.4	LGCHGEDF:0.26666666666666666	LRRAYAEA:0.26666666666666666	ASETFGIG:0.26666666666666666	VASRFGGF:0.2	LYNLTTTT:0.26666666666666666	ARRLGGAR:0.2	RIALYNLT:0.26666666666666666	GVESFVWD:0.26666666666666666	LVEAQACG:0.2	QACGLPVV:0.5333333333333333	VVFNGIDT:0.26666666666666666	AYAEAKLL:0.26666666666666666	RRLGGARV:0.2	MRIALYNL:0.26666666666666666	VDAAVSCS:0.2	LPVVASRF:0.2	GGVESFVW:0.26666666666666666	AAVSCSRF:0.2	DAAVSCSR:0.2	AVSCSRFN:0.2	VSCSRFNA:0.2	ASKSDTFG:0.2	GFFHSNLE:0.2	EVVYHGID:0.2	VEVVYHGI:0.2	NVEVVYHG:0.2	IEAQACGL:0.2	CGLPVVAY:0.2	LDITHFYS:0.26666666666666666	GGIKTYIN:0.2	LLDITHFY:0.2	LIYVGRFS:0.2	GLPVVAYK:0.2	GIKTYINN:0.2	IKTYINNK:0.2	
