cluster number:1769
GT4:19	GT4:19|GT2:18
LTELWSVG:0.21052631578947367	CHTLTELW:0.42105263157894735	HTLTELWS:0.3684210526315789	MRAGRAGW:0.42105263157894735	HIRHLAWH:0.3157894736842105	VHIRHLAW:0.3157894736842105	TLTELWSV:0.21052631578947367	DFCMRAGR:0.42105263157894735	AFPRGYGE:0.6842105263157895	AFSAPRIG:0.21052631578947367	YGEENDFC:0.8421052631578947	FSAPRIGN:0.21052631578947367	DARVTPGW:0.3157894736842105	WDETYCHT:0.3684210526315789	MSDRAGAF:0.47368421052631576	NSDARVTP:0.5263157894736842	IWDETYCH:0.3684210526315789	SDARVTPG:0.3157894736842105	FHDRSKSF:0.42105263157894735	AGAFSAPR:0.21052631578947367	LNSDARVT:0.5789473684210527	TAMSDRAG:0.42105263157894735	DARYPEYK:0.21052631578947367	CDAFVTTS:0.2631578947368421	VPTGNGFC:0.631578947368421	GYGEENDF:0.8421052631578947	TVTAMSDR:0.42105263157894735	PRGYGEEN:0.7894736842105263	HDRSKSFG:0.42105263157894735	AMSDRAGA:0.42105263157894735	YVFHDRSK:0.42105263157894735	MGFTRTVN:0.21052631578947367	SIWDETYC:0.3684210526315789	VLLNSDAR:0.2631578947368421	TGGTPQTN:0.7368421052631579	RAGAFSAP:0.5789473684210527	VTAMSDRA:0.42105263157894735	FTRTVNRG:0.2631578947368421	SDRAGAFS:0.5789473684210527	DVVLLNSD:0.21052631578947367	EENDFCMR:0.8421052631578947	TYVFHDRS:0.42105263157894735	DRAGAFSA:0.5789473684210527	VLSIWDET:0.21052631578947367	GAFSAPRI:0.21052631578947367	GFTRTVNR:0.2631578947368421	CMRAGRAG:0.3684210526315789	FPRGYGEE:0.7894736842105263	NDFCMRAG:0.42105263157894735	GAVLSIWD:0.21052631578947367	NMGFTRTV:0.21052631578947367	VFHDRSKS:0.42105263157894735	PTGNGFCM:0.6842105263157895	FCMRAGRA:0.3684210526315789	RGYGEEND:0.7894736842105263	LLNSDARV:0.47368421052631576	ATVTAMSD:0.47368421052631576	LSIWDETY:0.21052631578947367	ENDFCMRA:0.8421052631578947	AVLSIWDE:0.21052631578947367	GEENDFCM:0.8421052631578947	QTGGTPQT:0.3157894736842105	GGTPQTNL:0.21052631578947367	TYCHTLTE:0.47368421052631576	TQTGGTPQ:0.3157894736842105	ETYCHTLT:0.47368421052631576	VIPHGRDF:0.3157894736842105	TGNGFCMF:0.3157894736842105	TPQTNLDL:0.21052631578947367	GTPQTNLD:0.21052631578947367	VATVTAMS:0.2631578947368421	PQTNLDLM:0.21052631578947367	CHTLTEMW:0.21052631578947367	YARAFRRR:0.21052631578947367	DETYCHTL:0.3157894736842105	EAFPRGYG:0.3157894736842105	AFSAPNIG:0.21052631578947367	NGFCMFVN:0.21052631578947367	GLPVLASD:0.21052631578947367	VATQTGGT:0.21052631578947367	PLDAEAFP:0.21052631578947367	GNGFCMFV:0.21052631578947367	VIPHGRNF:0.21052631578947367	ILLNSDAR:0.21052631578947367	SRPRVATV:0.21052631578947367	RPRVATVT:0.21052631578947367	IDDASPDP:0.21052631578947367	GAFSAPNI:0.21052631578947367	VNRACIDE:0.21052631578947367	FSFHDFYT:0.3684210526315789	FCMFVNRA:0.21052631578947367	AGAFSAPN:0.21052631578947367	LGLPVLAS:0.2631578947368421	VFDFPTVA:0.21052631578947367	GPLDAEAF:0.21052631578947367	GFCMFVNR:0.21052631578947367	VVATQTGG:0.21052631578947367	NRACIDEI:0.21052631578947367	LDAEAFPR:0.21052631578947367	ILVPGNIS:0.2631578947368421	IRHLAWHS:0.2631578947368421	YCHTLTEL:0.2631578947368421	DAEAFPRG:0.21052631578947367	RILVPGNI:0.42105263157894735	RVATVTAM:0.21052631578947367	CMFVNRAC:0.21052631578947367	VVFSFHDF:0.3157894736842105	ATQTGGTP:0.21052631578947367	DDRTYVFH:0.3157894736842105	FVNRACID:0.21052631578947367	PRVATVTA:0.21052631578947367	FSAPNIGN:0.21052631578947367	AEAFPRGY:0.21052631578947367	MFVNRACI:0.21052631578947367	ALGLPVLA:0.21052631578947367	VFSFHDFY:0.3684210526315789	RTYVFHDR:0.2631578947368421	RHLAWHSL:0.2631578947368421	RACIDEIG:0.21052631578947367	DRTYVFHD:0.2631578947368421	IDDRTYVF:0.2631578947368421	VRILVPGN:0.21052631578947367	GTPQTNRD:0.3157894736842105	TPQTNRDL:0.3157894736842105	PQTNRDLM:0.3157894736842105	GGTPQTNR:0.3157894736842105	SFHDFYTI:0.21052631578947367	GNGFCMYV:0.21052631578947367	GFCMYVRR:0.21052631578947367	NGFCMYVR:0.21052631578947367	TGNGFCMY:0.2631578947368421	TWCHTLTE:0.21052631578947367	ETWCHTLT:0.21052631578947367	FHVIPHGR:0.2631578947368421	
