cluster number:1605
GT4:13	GT4:13
TLHGCVAH:0.23076923076923078	ESLGHEVD:0.3076923076923077	PEMVEHEV:0.23076923076923078	HEVDLLGY:0.5384615384615384	GGLPEMVE:0.46153846153846156	VLPSLLEN:0.3076923076923077	MKILLATY:0.5384615384615384	IVANNWLK:0.38461538461538464	AAYLGLDK:0.3076923076923077	IYVLPSLL:0.3076923076923077	LSLADIYV:0.23076923076923078	SLADIYVL:0.23076923076923078	YVLPSLLE:0.3076923076923077	AYELGAAY:0.23076923076923078	GHEVDLLG:0.5384615384615384	ELGAAYLG:0.23076923076923078	GVWTYMVQ:0.38461538461538464	LADIYVLP:0.23076923076923078	DIYVLPSL:0.3076923076923077	LPEMVEHE:0.38461538461538464	AGEGEKLA:0.23076923076923078	IPHVGGVW:0.5384615384615384	AYLGLDKY:0.3076923076923077	HGCVAHEI:0.23076923076923078	GLPEMVEH:0.38461538461538464	GAAYLGLD:0.23076923076923078	LGLDKYDI:0.23076923076923078	VANNWLKN:0.23076923076923078	YLGLDKYD:0.3076923076923077	PHVGGVWT:0.38461538461538464	DWVCWIAG:0.23076923076923078	YLLSLADI:0.3076923076923077	ADIYVLPS:0.23076923076923078	PSLLENQP:0.3076923076923077	LESLGHEV:0.3076923076923077	EIYANQLV:0.23076923076923078	PYLLSLAD:0.38461538461538464	SLGHEVDL:0.38461538461538464	LGHEVDLL:0.38461538461538464	GGVWTYMV:0.38461538461538464	LLSLADIY:0.23076923076923078	LLENQPLS:0.3076923076923077	LKEKLESL:0.23076923076923078	EVDLLGYG:0.46153846153846156	HVGGVWTY:0.38461538461538464	TYMVQLKE:0.3076923076923077	EMVEHEVT:0.23076923076923078	VWTYMVQL:0.38461538461538464	LPSLLENQ:0.3076923076923077	MVEHEVTG:0.23076923076923078	SLLENQPL:0.3076923076923077	HWDMDQAV:0.3076923076923077	KEKLESLG:0.23076923076923078	KLESLGHE:0.3076923076923077	FPEIYANQ:0.23076923076923078	EKLESLGH:0.3076923076923077	AGGLPEMV:0.38461538461538464	VEHEVTGL:0.23076923076923078	DAGGLPEM:0.3076923076923077	KILLATYW:0.5384615384615384	LHGCVAHE:0.23076923076923078	QLKEKLES:0.23076923076923078	TIVANNWL:0.23076923076923078	VQLKEKLE:0.23076923076923078	LGAAYLGL:0.23076923076923078	PEIYANQL:0.23076923076923078	MVQLKEKL:0.23076923076923078	GCVAHEIR:0.23076923076923078	WTYMVQLK:0.3076923076923077	TDKKVILF:0.3076923076923077	VGGVWTYM:0.38461538461538464	NQPLSLIE:0.3076923076923077	DKKVILFT:0.3076923076923077	YELGAAYL:0.23076923076923078	DVPYLLSL:0.23076923076923078	KKHWDMDQ:0.23076923076923078	LIEAQIAG:0.23076923076923078	LLGYGEEN:0.3076923076923077	PSLLDNQP:0.23076923076923078	DIIHAQDV:0.23076923076923078	IIHAQDVI:0.23076923076923078	LLDNQPLS:0.23076923076923078	NAKEFAKK:0.23076923076923078	VVSDAGGL:0.23076923076923078	ANQLVSYT:0.23076923076923078	SDAGGLPE:0.38461538461538464	KHWDMDQA:0.23076923076923078	SLIEAQIA:0.23076923076923078	NQLVSYTE:0.23076923076923078	EFAKKHWD:0.23076923076923078	VSDAGGLP:0.38461538461538464	AKKHWDMD:0.23076923076923078	KEFAKKHW:0.23076923076923078	YDIIHAQD:0.23076923076923078	VDLLGYGE:0.3076923076923077	SLLDNQPL:0.23076923076923078	AKEFAKKH:0.23076923076923078	VPYLLSLA:0.23076923076923078	IHAQDVIS:0.38461538461538464	DLLGYGEE:0.3076923076923077	FAKKHWDM:0.23076923076923078	HAQDVISS:0.38461538461538464	LATYWSIP:0.23076923076923078	ILLATYWS:0.23076923076923078	ATYWSIPH:0.23076923076923078	TYWSIPHV:0.23076923076923078	LLATYWSI:0.23076923076923078	YWSIPHVG:0.23076923076923078	WSIPHVGG:0.23076923076923078	SIPHVGGV:0.23076923076923078	DWVCWIVG:0.23076923076923078	YDVIHTQD:0.23076923076923078	LESMGHEV:0.23076923076923078	ESMGHEVD:0.23076923076923078	
