cluster number:2139
GT4:32	GT4:32
TLYHPYKV:0.46875	INGVAVCY:0.28125	HTNNIAGF:0.5	VQLMAEAL:0.28125	VGGAEVSV:0.65625	INTLYHPY:0.46875	VVLPVKWH:0.46875	NTLYHPYK:0.46875	VKILHTSR:0.5	HTSRDYYL:0.78125	RILIINTL:0.28125	PNIYFMEE:0.40625	AVCYVPLA:0.28125	QLMAEALV:0.21875	CGVKILHT:0.5	PDLVHTNN:0.28125	MRILIINT:0.28125	KIRWHLKD:0.3125	KILHTSRD:0.5	AEVSVQLM:0.28125	GYVGISQF:0.28125	TNNIAGFS:0.5	YHPYKVGG:0.46875	EVSVQLMA:0.28125	VTLLGFVS:0.25	HQVQVLCL:0.25	VLTNRMGA:0.25	VAVCYVPL:0.28125	RDSGVTLL:0.21875	EPFGRVVV:0.5625	VLPVKWHE:0.46875	SRLVDGYV:0.4375	GVAVCYVP:0.28125	WSAAKACG:0.40625	TSRDYYLF:0.6875	GGAEVSVQ:0.6875	DLVHTNNI:0.28125	RDYYLFHP:0.3125	NNIAGFSV:0.5	PYKVGGAE:0.46875	RLVDGYVG:0.4375	VKWHEPFG:0.46875	LPNIYFME:0.46875	GAEVSVQL:0.6875	YWPFDGEK:0.28125	PVKWHEPF:0.46875	DGYVGISQ:0.28125	LYHPYKVG:0.46875	VINGVAVC:0.28125	SGVTLLGF:0.3125	KWHEPFGR:0.5	LTNRMGAV:0.25	LPVKWHEP:0.46875	QVQVLCLT:0.25	AKACGVKI:0.40625	SRDYYLFH:0.65625	VSVQLMAE:0.28125	SVQLMAEA:0.28125	ARDSGVTL:0.21875	NGVAVCYV:0.28125	YKVGGAEV:0.46875	RIGFIGKL:0.34375	IGFIGKLA:0.21875	KVGGAEVS:0.625	ILHTSRDY:0.5	IINTLYHP:0.5	HPYKVGGA:0.46875	WHEPFGRV:0.5	GVTLLGFV:0.25	LVHTNNIA:0.28125	PFGRVVVE:0.5625	TLLGFVSL:0.25	DSGVTLLG:0.21875	ACGVKILH:0.5	LLPNIYFM:0.34375	VQVLCLTP:0.25	NIAGFSVS:0.4375	DYYLFHPN:0.25	SAAKACGV:0.40625	KACGVKIL:0.40625	VDGYVGIS:0.5	YVGISQFI:0.28125	LHTSRDYY:0.5	LVDGYVGI:0.46875	LLGFVSLE:0.34375	VCYVPLAN:0.28125	LIINTLYH:0.28125	GVKILHTS:0.5	HEPFGRVV:0.46875	ILIINTLY:0.28125	QKIRWHLK:0.3125	AAKACGVK:0.40625	FGRVVVES:0.5	VHTNNIAG:0.5	GFDDFCAL:0.21875	ESIFHGKV:0.28125	VAQEYEQA:0.21875	VESIFHGK:0.28125	ITQDNPLV:0.25	YAAGRITQ:0.3125	GRITQDNP:0.3125	IRWHLKDY:0.25	QVDVVVLP:0.28125	VVVLPVKW:0.34375	VVESIFHG:0.28125	DVRRIGFI:0.25	FHGKVVLT:0.28125	FVSLEDFM:0.21875	DFCALARH:0.21875	AAGRITQD:0.3125	GFVSLEDF:0.21875	FHHNATLF:0.21875	IYNTVPAV:0.25	AGRITQDN:0.3125	VRRIGFIG:0.34375	RITQDNPL:0.3125	DDFCALAR:0.21875	KVVLTNRM:0.3125	RVAQEYEQ:0.21875	HGKVVLTN:0.28125	YAFYAAGR:0.21875	MIINTLYH:0.21875	FYAAGRIT:0.34375	FDDFCALA:0.21875	RWHLKDYY:0.40625	AFYAAGRI:0.21875	HLKDYYNR:0.21875	YYLFHHNA:0.28125	AQEYEQAY:0.28125	YLFHHNAT:0.21875	NPLVEEAR:0.21875	DYYLFHHN:0.4375	KGFDDFCA:0.21875	RDYYLFHH:0.4375	DIVHTNNI:0.28125	EKGFDDFC:0.34375	DYYNRDMR:0.21875	VCYLPLAN:0.21875	DVVVLPVK:0.34375	GKVVLTNR:0.34375	SIFHGKVV:0.28125	RVVVESIF:0.375	VVLTNRMG:0.3125	IFHGKVVL:0.28125	LFHHNATL:0.21875	LGFVSLED:0.21875	RRIGFIGK:0.375	KDYYNRDM:0.21875	VDVVVLPV:0.34375	FIYNTVPA:0.25	VVVESIFH:0.28125	LKDYYNRD:0.21875	FCALARHY:0.21875	PDIVHTNN:0.34375	GRVVVESI:0.375	WHLKDYYN:0.40625	SVQLLAEE:0.21875	WREPFGRV:0.21875	KWREPFGR:0.21875	QLLAEELV:0.21875	VQLLAEEL:0.21875	EVSVQLLA:0.40625	LPLKNIYW:0.25	AEVSVQLL:0.40625	LKNIYWPF:0.21875	YLPLKNIY:0.25	VSVQLLAE:0.40625	FSVSVWSA:0.28125	GFSVSVWS:0.28125	VWSAAKAC:0.28125	AGFSVSVW:0.28125	VSVWSAAK:0.28125	SVSVWSAA:0.28125	IAGFSVSV:0.28125	SVWSAAKA:0.28125	FDGEKKSF:0.25	GYVGISRF:0.21875	WPFDGEKK:0.25	DGYVGISR:0.21875	PFDGEKKS:0.25	YVGISRFI:0.21875	
