cluster number:756
GT4:18	GT4:18
FGIPPIEA:0.8888888888888888	EEKNILIE:0.2222222222222222	VIPRKIWH:0.2222222222222222	RKIWHKFL:0.2222222222222222	GFGIPPIE:0.8888888888888888	IPPIEAMY:0.2222222222222222	KVNNNLRY:0.2222222222222222	FGKPVFLS:0.8888888888888888	INKVNNNL:0.2222222222222222	IDLERLRY:0.5555555555555556	PSLAEGFG:0.5	QPSLAEGF:0.2222222222222222	EGFGIPPI:0.8888888888888888	AMYFGKPV:0.3333333333333333	LCQPSLAE:0.2222222222222222	VTLHDLNF:0.4444444444444444	LFPKKNQL:0.2777777777777778	IGVLFPKK:0.2777777777777778	NNLRYADY:0.2222222222222222	PRKIWHKF:0.2222222222222222	PIEAMYFG:0.3333333333333333	TLHDLNFL:0.5555555555555556	IPRKIWHK:0.2222222222222222	DWALQFDY:0.2222222222222222	LHDLNFLH:0.4444444444444444	GKPVFLSK:0.3333333333333333	EKNILIEN:0.2222222222222222	VLFPKKNQ:0.2777777777777778	SHQFSSYF:0.2222222222222222	AEGFGIPP:0.7222222222222222	YINKVNNN:0.2222222222222222	RVHIFRNV:0.2222222222222222	MYFGKPVF:0.3333333333333333	EAMYFGKP:0.3333333333333333	SLAEGFGI:0.5	TQPDLQQQ:0.2222222222222222	HVSHQFSS:0.2222222222222222	VSHQFSSY:0.2222222222222222	NNNLRYAD:0.2222222222222222	IEAMYFGK:0.3333333333333333	GIPPIEAM:0.7777777777777778	CQPSLAEG:0.2222222222222222	KNILIENC:0.2222222222222222	PPIEAMYF:0.3333333333333333	NKVNNNLR:0.2222222222222222	KYINKVNN:0.2222222222222222	KPVFLSKL:0.2222222222222222	PVFLSKLT:0.2222222222222222	VCISNFVK:0.2777777777777778	GVLFPKKN:0.2777777777777778	NIGVLFPK:0.2777777777777778	HDLNFLHE:0.4444444444444444	WALQFDYK:0.2222222222222222	VLIDLERL:0.3333333333333333	EEEKNILI:0.2222222222222222	LIDLERLR:0.5555555555555556	DLERLRYP:0.5555555555555556	IDWALQFD:0.2222222222222222	ADYIVCIS:0.2222222222222222	HQFSSYFQ:0.2222222222222222	VNNNLRYA:0.2222222222222222	YFGKPVFL:0.3333333333333333	LAEGFGIP:0.5	VVTLHDLN:0.2777777777777778	TSLPEVGG:0.2222222222222222	LNFLHENL:0.2222222222222222	LRYPNSGI:0.2777777777777778	DLNFLHEN:0.2777777777777778	KVVTLHDL:0.2777777777777778	ERLRYPNS:0.3333333333333333	LERLRYPN:0.3888888888888889	RLRYPNSG:0.3333333333333333	FPKKNQLS:0.2222222222222222	FRNLAKGL:0.2222222222222222	VFRNLAKG:0.2222222222222222	RYPNSGIA:0.2777777777777778	SLPEIGGD:0.2222222222222222	GKPVFLSN:0.2777777777777778	SHQLSSYF:0.2222222222222222	NKKYILNI:0.2222222222222222	LKNKKYIL:0.2222222222222222	AFGKPVFL:0.2222222222222222	PPIEAMAF:0.2222222222222222	EAMAFGKP:0.2222222222222222	MAFGKPVF:0.2222222222222222	KYILNIGV:0.2777777777777778	SIAEGFGI:0.2222222222222222	IPPIEAMA:0.2222222222222222	TSLPEIGG:0.5	HQLSSYFH:0.2222222222222222	KKYILNIG:0.2777777777777778	IAEGFGIP:0.2222222222222222	AMAFGKPV:0.2222222222222222	IEAMAFGK:0.2222222222222222	CHPSIAEG:0.2222222222222222	ILIDLERL:0.2222222222222222	PIEAMAFG:0.2222222222222222	KNKKYILN:0.2222222222222222	PSIAEGFG:0.2222222222222222	HPSIAEGF:0.2222222222222222	LESHNIKN:0.2222222222222222	FLESHNIK:0.2222222222222222	SLPEIGGE:0.2222222222222222	
