cluster number:1496
GT4:59	GT4:59
GLAFAKEL:0.2711864406779661	HIVVLSPG:0.2542372881355932	VVLSPGFK:0.576271186440678	NMGKAQAL:0.4745762711864407	GNMGKAQA:0.4745762711864407	DTLKATGM:0.3220338983050847	NYPGGKIY:0.3220338983050847	LWPDTLKA:0.23728813559322035	ILLLTQWF:0.2542372881355932	QVLTGFPN:0.22033898305084745	VDHIVVLS:0.2033898305084746	DLWPDTLK:0.23728813559322035	VLFAGNMG:0.3389830508474576	PDTLKATG:0.3220338983050847	VIYNWCNE:0.2033898305084746	AYHPPLTT:0.23728813559322035	AGNMGKAQ:0.5423728813559322	PNYPGGKI:0.3389830508474576	GKAQALDT:0.2033898305084746	FAGNMGKA:0.5254237288135594	MKILLLTQ:0.2033898305084746	TGFPNYPG:0.8813559322033898	IQDLWPDT:0.4406779661016949	VLTGFPNY:0.5084745762711864	LAFAKELK:0.2033898305084746	LFAGNMGK:0.4067796610169492	QDLWPDTL:0.4915254237288136	DVIYAYHP:0.4915254237288136	TLKATGML:0.2033898305084746	DIQDLWPD:0.4406779661016949	KILLLTQW:0.2033898305084746	LYPSHDSS:0.23728813559322035	IVVLSPGF:0.5423728813559322	YAYHPPLT:0.559322033898305	MGKAQALD:0.5084745762711864	KGLAFAKE:0.2711864406779661	FPNYPGGK:0.864406779661017	LTGFPNYP:0.5084745762711864	YDIQDLWP:0.3050847457627119	IYAYHPPL:0.4915254237288136	VIYAYHPP:0.4915254237288136	LLVHLKQD:0.22033898305084745	GFPNYPGG:0.8813559322033898	DHIVVLSP:0.23728813559322035	WPDTLKAT:0.3220338983050847	VQVLTGFP:0.22033898305084745	PEPTFKGL:0.5423728813559322	LTQWFDPE:0.4406779661016949	MAVDGDAA:0.2033898305084746	PNYPGGKV:0.3389830508474576	LLLTQWFD:0.3898305084745763	ITGFPNYP:0.2542372881355932	TQWFDPEP:0.5932203389830508	NYPGGKVY:0.3220338983050847	WFDPEPTF:0.559322033898305	FDPEPTFK:0.576271186440678	LLTQWFDP:0.4067796610169492	VLLLTQWF:0.3050847457627119	VITGFPNY:0.2542372881355932	DPEPTFKG:0.576271186440678	QWFDPEPT:0.5932203389830508	PSKTQAYM:0.4406779661016949	VPLYPSHD:0.288135593220339	VEVLTGFP:0.23728813559322035	ITIPSKTQ:0.4067796610169492	EVLTGFPN:0.23728813559322035	RVPLYPSH:0.3728813559322034	TIPSKTQA:0.4406779661016949	IPSKTQAY:0.4406779661016949	AYHPPLTV:0.3220338983050847	YHPPLTVG:0.423728813559322	SKTQAYMA:0.3728813559322034	QDMWPDTL:0.3728813559322034	YDIQDMWP:0.288135593220339	DIQDMWPD:0.3559322033898305	IQDMWPDT:0.3559322033898305	VYDIQDMW:0.2711864406779661	PVVYDIQD:0.2711864406779661	HPPLTVGI:0.2033898305084746	LSPGFKRL:0.22033898305084745	PTFKGLVF:0.23728813559322035	PDTLRATG:0.23728813559322035	ADALLVHL:0.3728813559322034	DMWPDTLR:0.2542372881355932	TFKGLVFA:0.23728813559322035	VLSPGFKR:0.22033898305084745	DTLRATGM:0.23728813559322035	WPDTLRAT:0.23728813559322035	FKGLVFAR:0.23728813559322035	VVYDIQDM:0.23728813559322035	SPGFKRLL:0.22033898305084745	EPTFKGLV:0.23728813559322035	MWPDTLRA:0.2542372881355932	VPVVYDIQ:0.2033898305084746	DALLVHLK:0.23728813559322035	
