cluster number:1765
GT4:27	GT4:27
TKSEVGGA:0.3333333333333333	LPMSALEA:0.6296296296296297	VSHGWSCI:0.4444444444444444	LLSDVGGC:0.48148148148148145	VGGCSELI:0.2222222222222222	ITKSEVGG:0.3333333333333333	SDVGGCSE:0.2222222222222222	SDSEGLPM:0.8888888888888888	VITKSEVG:0.2962962962962963	SHGWSCIY:0.4444444444444444	SEGLPMSA:0.7407407407407407	DSEGLPMS:0.8888888888888888	FVITKSEV:0.2962962962962963	WSCIYNGG:0.4074074074074074	EGLPMSAL:0.6296296296296297	YVSHGWSC:0.9629629629629629	HGWSCIYN:0.4444444444444444	LSDVGGCS:0.2222222222222222	SCIYNGGR:0.25925925925925924	GLPMSALE:0.6296296296296297	KSEVGGAQ:0.3333333333333333	GWSCIYNG:0.4074074074074074	ISDSEGLP:0.3333333333333333	SEIGGAQT:0.4444444444444444	FKCIYVSH:0.2962962962962963	THPKRPEL:0.37037037037037035	ASSANAGI:0.2222222222222222	CIYVSHGW:0.4074074074074074	KSEIGGAQ:0.5185185185185185	LTHPKRPE:0.37037037037037035	VGRLTHPK:0.3333333333333333	AHTAGIPL:0.2222222222222222	KCIYVSHG:0.2962962962962963	PKRPELLA:0.25925925925925924	FIVTKSEI:0.25925925925925924	LISDSEGL:0.3333333333333333	TKSEIGGA:0.48148148148148145	LEAHTAGI:0.2222222222222222	IVTKSEIG:0.25925925925925924	EIGGAQTW:0.4444444444444444	IYVSHGWS:0.7777777777777778	VTKSEIGG:0.25925925925925924	HPKRPELL:0.2222222222222222	RLTHPKRP:0.5185185185185185	VASSANAG:0.25925925925925924	FVGRLTHP:0.3333333333333333	EAHTAGIP:0.2222222222222222	GRLTHPKR:0.5185185185185185	ITKSEIGG:0.2222222222222222	CLYNGGRL:0.2962962962962963	VSHGWSCL:0.5185185185185185	HGWSCLYN:0.5185185185185185	WSCLYNGG:0.3333333333333333	NAGVYARL:0.2222222222222222	GWSCLYNG:0.5185185185185185	SCLYNGGR:0.2962962962962963	MSALEAAS:0.2222222222222222	LYNGGRLK:0.2962962962962963	SHGWSCLY:0.5185185185185185	ANAGVYAR:0.2222222222222222	SANAGVYA:0.2222222222222222	SSANAGVY:0.25925925925925924	PMSALEAA:0.4444444444444444	LLLSDVGG:0.2962962962962963	PLLLSDVG:0.2962962962962963	IGGAQTWV:0.2962962962962963	IASSANAG:0.2962962962962963	MSGLEAHT:0.2222222222222222	GLPMSGLE:0.2222222222222222	EGLPMSGL:0.2222222222222222	SEGLPMSG:0.25925925925925924	LPMSGLEA:0.2222222222222222	PMSGLEAH:0.2222222222222222	LFVGRLTH:0.2222222222222222	TDVIWCVS:0.2222222222222222	SGLEAHTA:0.2222222222222222	GGAQTWVN:0.2222222222222222	SALEAATA:0.2222222222222222	TSDSEGLP:0.25925925925925924	ALEAATAG:0.2222222222222222	FVLTSDSE:0.25925925925925924	ILSDVGGC:0.2222222222222222	LTSDSEGL:0.25925925925925924	VLTSDSEG:0.25925925925925924	MSALEAAT:0.2222222222222222	NIRFLGEI:0.2222222222222222	
