cluster number:137
GT4:38	GT4:38|GT2:1
GRTKSLLK:0.3157894736842105	RTKSLLKR:0.3157894736842105	MESINEGC:0.23684210526315788	VHGGRTKS:0.3157894736842105	FGLTVMES:0.2894736842105263	TKSLLKRI:0.3157894736842105	SKASLLTS:0.21052631578947367	GFGLTVME:0.2894736842105263	MIYTITST:0.2631578947368421	GGRTKSLL:0.6052631578947368	GLTVMESI:0.2894736842105263	YTITSTLP:0.34210526315789475	EGFGLTVM:0.2894736842105263	HGGRTKSL:0.6052631578947368	ESINEGCP:0.23684210526315788	QTILTTNY:0.23684210526315788	IYTITSTL:0.2631578947368421	CPVVSYDV:0.23684210526315788	NGCPVVSY:0.21052631578947367	DVRYGPSE:0.3157894736842105	ILTTNYNP:0.39473684210526316	PPVHGGRT:0.2894736842105263	TILTTNYN:0.42105263157894735	PVHGGRTK:0.2894736842105263	SVVFNDAR:0.23684210526315788	VTSTLPPV:0.2631578947368421	TTNYNPNY:0.39473684210526316	LTTNYNPN:0.3684210526315789	SYDVRYGP:0.2894736842105263	LYTVTSTL:0.21052631578947367	FNDARLLD:0.7894736842105263	NDARLLDR:0.47368421052631576	YDVRYGPS:0.3157894736842105	VKLSEKFS:0.23684210526315788	LPPVHGGR:0.2894736842105263	MLYTVTST:0.21052631578947367	VRYGPSEL:0.23684210526315788	DARLLDRS:0.2631578947368421	VVFNDARL:0.2894736842105263	RYGPSELI:0.23684210526315788	TSTLPPVH:0.2894736842105263	YTVTSTLP:0.42105263157894735	STLPPVHG:0.2894736842105263	TLPPVHGG:0.2894736842105263	GSVVFNDA:0.23684210526315788	TVTSTLPP:0.3684210526315789	GCPVVSYD:0.2631578947368421	VFNDARLL:0.7631578947368421	DVKLSEKF:0.23684210526315788	GCPVISYD:0.23684210526315788	IVFNDARL:0.39473684210526316	DIVFNDAR:0.34210526315789475	FEGFGLTV:0.21052631578947367	NLYDWLSG:0.21052631578947367	LTSKFEGF:0.21052631578947367	IYTVTSTL:0.21052631578947367	TKNILVFH:0.21052631578947367	LTSQYEGF:0.21052631578947367	GDIVFNDA:0.23684210526315788	
