cluster number:719
GT4:141	GT4:141
YEPFGITP:0.8156028368794326	ISEHASPL:0.624113475177305	LQLGRMVP:0.2127659574468085	EPFGITPL:0.23404255319148937	PWYEPFGI:0.8156028368794326	WYEPFGIT:0.8156028368794326	TTPWYEPF:0.7588652482269503	TPLEAMAC:0.22695035460992907	ITPLEAMA:0.2198581560283688	SEHASPLA:0.44680851063829785	LGRMVPRK:0.2127659574468085	VIAECPQD:0.23404255319148937	GITPLEAM:0.22695035460992907	GRMVPRKG:0.22695035460992907	FGITPLEA:0.22695035460992907	TPWYEPFG:0.8226950354609929	QLGRMVPR:0.2127659574468085	PFGITPLE:0.23404255319148937	ALISEHAS:0.5035460992907801	IALISEHA:0.49645390070921985	RIEIVPCG:0.3262411347517731	VIHVPAGP:0.475177304964539	HALGRVRR:0.5531914893617021	GSDVGGIR:0.24822695035460993	PVIGSDVG:0.20567375886524822	DAGGQNIY:0.3191489361702128	FVGRRDRD:0.24113475177304963	IYVANVAK:0.2765957446808511	ASPLGVIG:0.28368794326241137	VFVTTPWY:0.6808510638297872	IEIVPCGF:0.3262411347517731	RLVPRKGI:0.375886524822695	AMACATPV:0.23404255319148937	DVGGIRTT:0.24822695035460993	SPLGVIGG:0.28368794326241137	PFGITPVE:0.5673758865248227	VLQLGRLV:0.3900709219858156	SEHASPLG:0.2907801418439716	FVTTPWYE:0.6950354609929078	VANVAKQL:0.2765957446808511	HASPLGVI:0.2765957446808511	VGGIRTTV:0.2907801418439716	RVIHVPAG:0.46099290780141844	LGRLVPRK:0.41843971631205673	QNIYVANV:0.3971631205673759	PVEAMACA:0.3617021276595745	ADGFPDAR:0.24822695035460993	FGITPVEA:0.5673758865248227	AADVFVTT:0.49645390070921985	YVANVAKQ:0.2765957446808511	DGFPDARF:0.2695035460992908	RKGIDNVI:0.3049645390070922	PLGVIGGV:0.28368794326241137	MHANFFMS:0.3546099290780142	DVFVTTPW:0.6453900709219859	EHASPLGV:0.2765957446808511	LGVIGGVD:0.28368794326241137	VDAGGQNI:0.3120567375886525	VPRKGIDN:0.3191489361702128	EPFGITPV:0.5673758865248227	ANVAKQLA:0.2624113475177305	IGGVDAGG:0.3120567375886525	AGGQNIYV:0.3191489361702128	GVDAGGQN:0.3333333333333333	LISEHASP:0.5177304964539007	VGRRDRDA:0.20567375886524822	VTTPWYEP:0.7092198581560284	PRKGIDNV:0.3120567375886525	EIVPCGFD:0.3262411347517731	NIYVANVA:0.3900709219858156	TFHALGRV:0.5531914893617021	ACATPVIG:0.2127659574468085	IGSDVGGI:0.2553191489361702	GRLVPRKG:0.44680851063829785	EAMACATP:0.23404255319148937	SDVGGIRT:0.24822695035460993	GGVDAGGQ:0.3333333333333333	TFVGRRDR:0.22695035460992907	TRCDNPHL:0.20567375886524822	GGQNIYVA:0.5106382978723404	FHALGRVR:0.5531914893617021	MACATPVI:0.2127659574468085	QLGRLVPR:0.41134751773049644	IAECPQDA:0.2695035460992908	VIGSDVGG:0.2624113475177305	HANFFMSG:0.5531914893617021	GITPVEAM:0.5673758865248227	ADVFVTTP:0.5106382978723404	ITPVEAMA:0.5673758865248227	TPVEAMAC:0.5673758865248227	VTFVGRRD:0.22695035460992907	VEAMACAT:0.2553191489361702	GVIGGVDA:0.2765957446808511	IHVPAGPP:0.3404255319148936	LVPRKGID:0.36879432624113473	KIALISEH:0.24113475177304963	LQLGRLVP:0.41134751773049644	GQNIYVAN:0.3971631205673759	GRRDRDAL:0.20567375886524822	VIGGVDAG:0.28368794326241137	RVTFVGRR:0.23404255319148937	SAADVFVT:0.3120567375886525	MACGTPVI:0.20567375886524822	LVPPRDPA:0.24113475177304963	VPPRDPAA:0.24822695035460993	TTFHALGR:0.2553191489361702	DVMHANFF:0.22695035460992907	PLVTTFHA:0.2624113475177305	VTTFHALG:0.2624113475177305	PRDPAALA:0.24822695035460993	YSAADVFV:0.3191489361702128	PPRDPAAL:0.24822695035460993	LVTTFHAL:0.2624113475177305	EAMACGTP:0.2198581560283688	VMHANFFM:0.2553191489361702	VDVFTRRD:0.2127659574468085	AMACGTPV:0.2127659574468085	PVEAMACG:0.22695035460992907	RIALISEH:0.2127659574468085	IIAECPQD:0.2624113475177305	GRVRRLHQ:0.2553191489361702	LGRVRRLH:0.2553191489361702	ALGRVRRL:0.2553191489361702	RVRRLHQG:0.24822695035460993	
