cluster number:1582
GT4:13	GT4:13
AMACGKPV:0.46153846153846156	EAMACGKP:0.38461538461538464	VQIEAMAC:0.23076923076923078	QIEAMACG:0.23076923076923078	MACGKPVV:0.3076923076923077	CGKPVVAT:0.3076923076923077	ACGKPVVA:0.38461538461538464	VLPSLRES:0.23076923076923078	PSLRESFG:0.23076923076923078	LPSLRESF:0.23076923076923078	
