cluster number:2176
GT4:30	GT4:30
GLVLIEAM:0.43333333333333335	RYEGFGLV:0.6	FGLVLIEA:0.4666666666666667	YEGFGLVL:0.5333333333333333	EGFGLVLI:0.43333333333333335	SRYEGFGL:0.6333333333333333	GFGLVLIE:0.43333333333333335	AKGFDVLL:0.36666666666666664	ASIFCLSS:0.2	DTMLTLFT:0.2	VVVLTERD:0.36666666666666664	SSRYEGFG:0.5333333333333333	FLTGTLNA:0.43333333333333335	FCLSSRYE:0.4666666666666667	WEHCHFDE:0.43333333333333335	AWEHCHFD:0.4	IFCLSSRY:0.23333333333333334	IAWEHCHF:0.36666666666666664	RPSFKRAY:0.3	CFLTGTLN:0.43333333333333335	CLSSRYEG:0.4666666666666667	LSSRYEGF:0.5333333333333333	HFDEDLGR:0.23333333333333334	VVLTERDR:0.36666666666666664	AGAERMTA:0.36666666666666664	CHFDEDLG:0.43333333333333335	VDTMLTLF:0.2	QRPSFKRA:0.23333333333333334	EAMAFGLP:0.5	HCHFDEDL:0.43333333333333335	EHCHFDED:0.43333333333333335	SIFCLSSR:0.2	AMAFGLPI:0.4	VLVQVDTM:0.2	LVLIEAMA:0.3333333333333333	VTILSLWD:0.2	TGTLNAMA:0.2	MAGAERMT:0.2	IEAMAFGL:0.3333333333333333	LIEAMAFG:0.26666666666666666	DEDLGKPA:0.2	VLIEAMAF:0.23333333333333334	LNAMAGAE:0.2	LVQVDTML:0.2	GTLNAMAG:0.2	CETGPREL:0.3	ICFLTGTL:0.2	ALFAQRPS:0.2	FDVLLRAW:0.2	ETGPRELL:0.26666666666666666	GAERMTAT:0.26666666666666666	TLNAMAGA:0.2	KGFDVLLR:0.2	HIAWEHCH:0.23333333333333334	FDEDLGKP:0.2	GFDVLLRA:0.2	NAMAGAER:0.2	TDCETGPR:0.23333333333333334	VLTERDRR:0.23333333333333334	EDLGKPAR:0.2	LTGTLNAM:0.23333333333333334	TERDRRRW:0.23333333333333334	VLAMGRLV:0.2	LFAQRPSF:0.2	HFDEDLGK:0.2	LTERDRRR:0.23333333333333334	IHGEGEER:0.2	AMAGAERM:0.2	DCETGPRE:0.3	AFGLPIVS:0.23333333333333334	FGLPIVST:0.2	GRLVAAKG:0.23333333333333334	MAFGLPIV:0.3	LVAAKGFD:0.23333333333333334	RLVAAKGF:0.23333333333333334	
