cluster number:1157
GT4:30	GT4:30
TTNVSNEA:0.2	TNVSNEAL:0.2	EGFGLVVA:0.5333333333333333	FGLVVAEA:0.5333333333333333	LVVAEAMS:0.5	GLVVAEAM:0.5333333333333333	AEAMSCER:0.3	VVAEAMSC:0.5	VAEAMSCE:0.3	KDYPNLLN:0.2	AKDYPNLL:0.5	GFGLVVAE:0.5333333333333333	WEGFGLVV:0.5333333333333333	LGLGGAEK:0.4	TGLGLGGA:0.5	FVITGLGL:0.43333333333333335	LFVITGLG:0.23333333333333334	VHSHMFHA:0.23333333333333334	FVLSSRWE:0.2	GGAEKQVC:0.2	VLSSRWEG:0.2	LSSRWEGF:0.2	VITGLGLG:0.4666666666666667	ITGLGLGG:0.5	GLGGAEKQ:0.4	HSHMFHAN:0.26666666666666666	GLGLGGAE:0.5	SHMFHANI:0.23333333333333334	GRLTEAKD:0.2	RLTEAKDY:0.2	VGRLTEAK:0.2	TEAKDYPN:0.2	EAKDYPNL:0.2	LTEAKDYP:0.2	RLTDFLCD:0.2	YRLTDFLC:0.2	LVYRLTDF:0.2	VYRLTDFL:0.2	AHSKNEGG:0.3	TAHSKNEG:0.3	KAFSKSKS:0.2	CTAHSKNE:0.3	HMFHANIV:0.2	TDAKDYPN:0.2	SKWEGFGL:0.2	PDIVHGHM:0.2	LSVGRLTD:0.2	SACDIYVS:0.23333333333333334	TNAGGVAE:0.23333333333333334	DYPNLLKA:0.23333333333333334	VATNAGGV:0.3	DIVHGHMF:0.2	PLGLLNAV:0.23333333333333334	AGGVAEVV:0.26666666666666666	GGVAEVVG:0.23333333333333334	LTDAKDYP:0.2	GHMFHANI:0.3	NPLGLLNA:0.23333333333333334	IIGEGEAR:0.23333333333333334	YYSACDIY:0.23333333333333334	KLVIIGEG:0.26666666666666666	RLVVATNA:0.2	HGHMFHAN:0.3	YSACDIYV:0.23333333333333334	YKLVIIGE:0.26666666666666666	FIKKKAFS:0.2	VGRLTDAK:0.2	LILSVGRL:0.2	IVHGHMFH:0.26666666666666666	RLTDAKDY:0.2	LGLLNAVL:0.23333333333333334	VIIGEGEA:0.23333333333333334	GLLNAVLR:0.23333333333333334	SSKWEGFG:0.2	KWEGFGLV:0.2	NAGGVAEV:0.23333333333333334	LVVATNAG:0.2	GVAEVVGD:0.23333333333333334	ICTAHSKN:0.2	KLICTAHS:0.26666666666666666	DAKDYPNL:0.2	VHGHMFHA:0.26666666666666666	ACDIYVSS:0.23333333333333334	LVIIGEGE:0.23333333333333334	ATNAGGVA:0.23333333333333334	GRLTDAKD:0.2	KNPLGLLN:0.23333333333333334	SVGRLTDA:0.2	KDYPNLLK:0.23333333333333334	VVATNAGG:0.26666666666666666	LLNAVLRL:0.23333333333333334	CDIYVSSS:0.23333333333333334	LICTAHSK:0.2	GIDTDLFK:0.23333333333333334	NGIDTDLF:0.23333333333333334	DTDLFKYD:0.2	YNGIDTDL:0.23333333333333334	IDTDLFKY:0.23333333333333334	VYNGIDTD:0.2	
