cluster number:2252
GT4:13	GT4:13
VYPSERDP:0.46153846153846156	SGLPWIAD:0.23076923076923078	EYFRAGRP:0.23076923076923078	TDPAGDTA:0.3076923076923077	DVPAGTVV:0.23076923076923078	IRFRAPVH:0.23076923076923078	ADGLLVLQ:0.23076923076923078	AWDTARHL:0.23076923076923078	RADGLLVL:0.23076923076923078	GLPWIADF:0.23076923076923078	LPWIADFR:0.23076923076923078	LTLLHSGI:0.23076923076923078	YEYFRAGR:0.23076923076923078	NCNAQIPA:0.3076923076923077	LMIAYHFP:0.23076923076923078	CNAQIPAK:0.3076923076923077	PWIADFRD:0.23076923076923078	DFRDPMAQ:0.5384615384615384	PEFGWEPI:0.38461538461538464	LTDPAGDT:0.3076923076923077	IADFRDPM:0.23076923076923078	SERDPTHL:0.23076923076923078	RYLPEFGW:0.3076923076923077	HSGIVYPS:0.46153846153846156	EFGWEPII:0.38461538461538464	WIADFRDP:0.23076923076923078	LADVPAGT:0.23076923076923078	GKLTLLHS:0.23076923076923078	TYPIATAH:0.46153846153846156	KRILMIAY:0.23076923076923078	WSTYPIAT:0.46153846153846156	ADFRDPMA:0.6153846153846154	AIAGASRR:0.23076923076923078	IWSTYPIA:0.38461538461538464	STYPIATA:0.46153846153846156	RILMIAYH:0.23076923076923078	GIVYPSER:0.46153846153846156	GWEPIILT:0.38461538461538464	ARYLPEFG:0.3076923076923077	PSERDPTH:0.23076923076923078	MIAYHFPP:0.46153846153846156	ADVPAGTV:0.23076923076923078	FGWEPIIL:0.38461538461538464	KLTLLHSG:0.23076923076923078	ALTDPAGD:0.23076923076923078	YPSERDPT:0.46153846153846156	LLENGYDE:0.23076923076923078	IVYPSERD:0.46153846153846156	SGIVYPSE:0.46153846153846156	LHSGIVYP:0.5384615384615384	AIWSTYPI:0.23076923076923078	FRDPMAQD:0.3076923076923077	LENGYDEE:0.3076923076923077	TLLHSGIV:0.23076923076923078	DGLLVLQA:0.23076923076923078	ILMIAYHF:0.23076923076923078	YLPEFGWE:0.38461538461538464	LLHSGIVY:0.38461538461538464	LPEFGWEP:0.38461538461538464	PGKLTLLH:0.23076923076923078	GSSGIQRT:0.3076923076923077	AGSSGIQR:0.38461538461538464	PLAGSSGI:0.38461538461538464	YHFPPLAG:0.38461538461538464	FPPLAGSS:0.38461538461538464	PPLAGSSG:0.38461538461538464	SSGIQRTL:0.3076923076923077	LAGSSGIQ:0.38461538461538464	HFPPLAGS:0.38461538461538464	AYHFPPLA:0.38461538461538464	IAYHFPPL:0.3076923076923077	WMARPDRW:0.23076923076923078	LPWVADFR:0.23076923076923078	PWVADFRD:0.38461538461538464	SGLPWVAD:0.23076923076923078	AFALDTAR:0.23076923076923078	WVADFRDP:0.38461538461538464	GLPWVADF:0.23076923076923078	GWMARPDR:0.23076923076923078	SGIQRTLR:0.23076923076923078	GIQRTLRF:0.23076923076923078	RAFALDTA:0.23076923076923078	VADFRDPM:0.38461538461538464	IADLRDLW:0.3076923076923077	DPSKLFKA:0.23076923076923078	PWIADLRD:0.3076923076923077	GKRDPSKL:0.23076923076923078	RDPSKLFK:0.23076923076923078	WEPIILTK:0.23076923076923078	WIADLRDL:0.3076923076923077	KRDPSKLF:0.23076923076923078	YLAAQRPI:0.23076923076923078	IPWIADLR:0.3076923076923077	PDVIWSTY:0.23076923076923078	VIWSTYPI:0.23076923076923078	FTTPGAAR:0.23076923076923078	DVIWSTYP:0.23076923076923078	VFTTPGAA:0.23076923076923078	KIYEYLRA:0.23076923076923078	ENGYDEES:0.23076923076923078	PIATAHVI:0.23076923076923078	SERDPTQL:0.23076923076923078	PAKIYEYL:0.23076923076923078	PSERDPTQ:0.23076923076923078	IATAHVIA:0.23076923076923078	QIPAKIYE:0.23076923076923078	AKIYEYLR:0.23076923076923078	NGYDEESF:0.23076923076923078	IPAKIYEY:0.23076923076923078	YPIATAHV:0.23076923076923078	
