cluster number:809
GT4:23	GT4:23
MVALEAMA:0.2608695652173913	ALEAMACG:0.2608695652173913	LEAMACGT:0.2608695652173913	EAMACGTP:0.2608695652173913	AMACGTPV:0.21739130434782608	VALEAMAC:0.2608695652173913	AGGMNVYV:0.2608695652173913	MNVYVREL:0.30434782608695654	GGMNVYVR:0.43478260869565216	GMNVYVRE:0.34782608695652173	GMVALEAM:0.21739130434782608	IHSHYWLS:0.2608695652173913	ESFGMVAL:0.34782608695652173	SFGMVALE:0.34782608695652173	YESFGMVA:0.30434782608695654	RIEPLKGI:0.21739130434782608	IEPLKGID:0.21739130434782608	FGMVALEA:0.391304347826087	MPSHYESF:0.2608695652173913	GRIEPLKG:0.2608695652173913	SHYESFGM:0.30434782608695654	HSHYWLSG:0.2608695652173913	PSHYESFG:0.43478260869565216	LGGKEAGG:0.21739130434782608	GGKEAGGM:0.21739130434782608	ALEALACG:0.21739130434782608	EAGGMNVY:0.21739130434782608	KEAGGMNV:0.21739130434782608	GKEAGGMN:0.21739130434782608	HTLGAMKN:0.21739130434782608	MFHTLGAM:0.21739130434782608	AMLSVHSS:0.21739130434782608	MLSVHSSP:0.21739130434782608	AATPLDRA:0.21739130434782608	LSVHSSPL:0.21739130434782608	TPLDRAQM:0.21739130434782608	SVHSSPLA:0.21739130434782608	ATPLDRAQ:0.21739130434782608	FHTLGAMK:0.21739130434782608	
