cluster number:412
GT4:15	GT4:15
TIVGDGPE:0.4666666666666667	LTIVGDGP:0.5333333333333333	VFLGRLVS:0.3333333333333333	IVGDGPER:0.3333333333333333	FGIVALEG:0.7333333333333333	PFGIVALE:0.5333333333333333	EPFGIVAL:0.5333333333333333	GRLVTEKG:0.2	VGGMERFA:0.2	RRRIVLTH:0.3333333333333333	PLVIHNGY:0.3333333333333333	RLVTEKGV:0.2	VLTHHGPY:0.3333333333333333	WLPGQPLV:0.2	GQPLVIHN:0.26666666666666666	EGLAAGCE:0.3333333333333333	VGLTFYDV:0.26666666666666666	GGMERFAE:0.3333333333333333	LRRRIVLT:0.3333333333333333	LEGLAAGC:0.3333333333333333	IVALEGLA:0.4	FVGLTFYD:0.26666666666666666	ERFAEDLA:0.2	GLAAGCEV:0.3333333333333333	IVLTHHGP:0.3333333333333333	RRIVLTHH:0.3333333333333333	RGGLPEAV:0.3333333333333333	VALEGLAA:0.3333333333333333	GIVALEGL:0.4	QPLVIHNG:0.26666666666666666	LARAMLRH:0.2	LVIHNGYR:0.3333333333333333	RIVLTHHG:0.3333333333333333	YLAGWLPG:0.2	PGQPLVIH:0.26666666666666666	VGRLVTEK:0.2	FVGRLVTE:0.2	RRGGLPEA:0.2	GMERFAED:0.2	MERFAEDL:0.2	LPGQPLVI:0.2	ALEGLAAG:0.3333333333333333	LVTEKGVD:0.2	VIHNGYRD:0.3333333333333333	LEGIACGC:0.3333333333333333	ALEGIACG:0.3333333333333333	VALEGIAC:0.3333333333333333	GRLVSDKG:0.3333333333333333	IVALEGIA:0.2	GIVALEGI:0.2	RLVSDKGA:0.2	RLTIVGDG:0.26666666666666666	VGRLVSDK:0.2	GGLPEAVG:0.26666666666666666	EGIACGCV:0.26666666666666666	GGLKDAIG:0.2	GGGLKDAI:0.2	VVVGSEGG:0.26666666666666666	GRLVSEKG:0.3333333333333333	VGSEGGGL:0.26666666666666666	GCVVVGSE:0.26666666666666666	LVSEKGVD:0.2	SEGGGLKD:0.2	RLVSEKGV:0.3333333333333333	VVGSEGGG:0.26666666666666666	CVVVGSEG:0.26666666666666666	EGGGLKDA:0.2	ACGCVVVG:0.26666666666666666	GIACGCVV:0.2	GSEGGGLK:0.26666666666666666	CGCVVVGS:0.26666666666666666	IACGCVVV:0.2	IFVGRLVS:0.2	VGRLVSEK:0.2	SLGYESFG:0.2	REHERKAV:0.2	FIFVGRLV:0.2	RSFARLHA:0.2	RHRRVLFV:0.2	PAAPGDAT:0.2	ESFGIVAL:0.2	LRHRRVLF:0.2	GLTFYDVM:0.2	AEAIARFT:0.2	ALRRRIVL:0.2	HRRVLFVG:0.2	EHERKAVA:0.2	CLVAPSLG:0.2	FLREHERK:0.2	LVRSFARL:0.2	YAEAIARF:0.2	ATRTPAAP:0.2	AAGCEVIV:0.26666666666666666	RVLFVGLT:0.2	GSFIFVGR:0.2	FYDGICVS:0.2	VATRTPAA:0.2	RTPAAPGD:0.2	RRVLFVGL:0.2	IHNGYRDE:0.2	APSLGYES:0.2	YESFGIVA:0.2	SFIFVGRL:0.2	LREHERKA:0.2	VAPSLGYE:0.2	HNGYRDEL:0.2	RFYDGICV:0.2	GYESFGIV:0.2	TRTPAAPG:0.2	PSLGYESF:0.2	TFYDVMLA:0.2	LTFYDVML:0.2	NGYRDELF:0.2	EVATRTPA:0.2	LIYSAPFH:0.2	LAAGCEVI:0.26666666666666666	RYAEAIAR:0.2	LFVGLTFY:0.2	EAIARFTQ:0.2	LGYESFGI:0.2	AGCEVIVS:0.2	VRSFARLH:0.2	SFGIVALE:0.2	VEVATRTP:0.2	IYSAPFHP:0.2	VLFVGLTF:0.2	LVAPSLGY:0.2	TPAAPGDA:0.2	
