cluster number:955
GT4:42	GT4:42
PVLWIDPY:0.23809523809523808	ISTRFGEM:0.21428571428571427	SVGLIPFK:0.21428571428571427	YDAMDDFP:0.42857142857142855	PWASFSQR:0.23809523809523808	AFYQGLSR:0.21428571428571427	VGLIPFKL:0.21428571428571427	RALGLPVI:0.40476190476190477	EYRALGLP:0.6904761904761905	ASFSQRPH:0.23809523809523808	GLPVISTR:0.21428571428571427	DPYPTRLP:0.47619047619047616	QVLGYVGT:0.21428571428571427	QQVLGYVG:0.21428571428571427	YEYRALGL:0.6904761904761905	KPSELALQ:0.21428571428571427	YRALGLPV:0.6428571428571429	PSELALQL:0.21428571428571427	AMDDFPAF:0.3333333333333333	RFGEMALR:0.21428571428571427	DPIKYYEY:0.7619047619047619	ASVDPIKY:0.35714285714285715	GLIPFKLN:0.21428571428571427	KQQVLGYV:0.21428571428571427	TASVDPIK:0.35714285714285715	SELALQLL:0.21428571428571427	LTASVDPI:0.35714285714285715	FPAFYQGL:0.21428571428571427	VISTRFGE:0.21428571428571427	ELALQLLA:0.21428571428571427	FSVGLIPF:0.2619047619047619	YYEYRALG:0.7142857142857143	ALGLPVIS:0.40476190476190477	WIDPYPTR:0.5	IDPYPTRL:0.3333333333333333	VLWIDPYP:0.4523809523809524	MDDFPAFY:0.35714285714285715	KYYEYRAL:0.7619047619047619	PAFYQGLS:0.21428571428571427	VYDAMDDF:0.2857142857142857	DAMDDFPA:0.3333333333333333	LPVISTRF:0.21428571428571427	TRFGEMAL:0.21428571428571427	LPIEPIPG:0.21428571428571427	IKYYEYRA:0.7380952380952381	SVDPIKYY:0.5238095238095238	IYLSPVPW:0.21428571428571427	LGLPVIST:0.40476190476190477	DDFPAFYQ:0.21428571428571427	WASFSQRP:0.23809523809523808	PIKYYEYR:0.7380952380952381	PVISTRFG:0.21428571428571427	AVYDAMDD:0.21428571428571427	FSQRPHHF:0.21428571428571427	STRFGEMA:0.21428571428571427	SFSQRPHH:0.21428571428571427	VDPIKYYE:0.7619047619047619	DFPAFYQG:0.21428571428571427	LWIDPYPT:0.47619047619047616	FDVGLIPF:0.40476190476190477	PRALPIEP:0.2857142857142857	DPYPTRFP:0.2857142857142857	RPHKFVEW:0.2619047619047619	PHKFVEWF:0.2619047619047619	QRPHKFVE:0.2619047619047619	DVGLIPFK:0.2857142857142857	FAQRPHKF:0.2619047619047619	SFAQRPHK:0.2619047619047619	HKFVEWFH:0.23809523809523808	AQRPHKFV:0.23809523809523808	ALPIEPLP:0.30952380952380953	PIEPLPGS:0.21428571428571427	RALPIEPL:0.23809523809523808	
