cluster number:1757
GT4:35	GT4:35
VLPSYNEG:0.37142857142857144	LPSYNEGL:0.6857142857142857	GQRKGAFD:0.22857142857142856	TPVGGIPE:0.4	FVLPSYNE:0.34285714285714286	RKGAFDLI:0.3142857142857143	RIGQRKGA:0.22857142857142856	PSYNEGLP:0.6857142857142857	LFLGRIGQ:0.2	QRKGAFDL:0.22857142857142856	LGRIGQRK:0.22857142857142856	FLGRIGQR:0.22857142857142856	IGQRKGAF:0.22857142857142856	GRIGQRKG:0.2571428571428571	ALLEAMSW:0.2571428571428571	ADVFVLPS:0.2571428571428571	GLPMALLE:0.42857142857142855	LEAMSWGL:0.2	PMALLEAM:0.42857142857142855	YNEGLPMA:0.4	SYNEGLPM:0.5142857142857142	LPMALLEA:0.42857142857142855	NEGLPMAL:0.37142857142857144	MALLEAMS:0.34285714285714286	EGLPMALL:0.42857142857142855	DVFVLPSY:0.2857142857142857	VFVLPSYN:0.2857142857142857	ILPSYNEG:0.2857142857142857	ITTPVGGI:0.2857142857142857	VGGIPELV:0.22857142857142856	FILPSYNE:0.2571428571428571	TTPVGGIP:0.2857142857142857	PVITTPVG:0.2	PVGGIPEL:0.2	VITTPVGG:0.2571428571428571	
