cluster number:122
GT4:64	GT4:64
LHLNLPSQ:0.515625	AAGRWWDE:0.453125	LSDIPTYR:0.234375	ADAVIAPS:0.28125	IVVSPSVY:0.25	CVVTWFAA:0.375	RWWDEGKN:0.578125	QWQYRLNQ:0.25	SDIPTYRE:0.234375	VVSPSVYE:0.25	GRWWDEGK:0.53125	GKNGAVLD:0.484375	RLIADLAR:0.203125	AALVLSDI:0.25	WDEGKNGA:0.421875	PRLIADLA:0.203125	EGKNGAVL:0.40625	PFGLAALE:0.5625	GAALVLSD:0.25	HLNLPSQA:0.640625	RRVLMTVD:0.28125	FVLAAGRW:0.25	VTWFAAVR:0.375	IPTYREIW:0.28125	AARAGAAL:0.265625	EPFGLAAL:0.5625	TVDAVGGV:0.484375	SVYEPFGL:0.296875	DIPTYREI:0.28125	CHSCVVTW:0.28125	EAARAGAA:0.265625	LMTVDAVG:0.296875	ALEAARAG:0.28125	SPSVYEPF:0.28125	RVLMTVDA:0.234375	GLAALEAA:0.328125	NLPSQAAG:0.359375	LVLSDIPT:0.3125	LEAARAGA:0.265625	AAIVVSPS:0.25	VLSDIPTY:0.21875	SCVVTWFA:0.40625	YEPFGLAA:0.53125	WWDEGKNG:0.453125	ARAGAALV:0.4375	VSPSVYEP:0.265625	AIVVSPSV:0.21875	VVTWFAAV:0.375	MTVDAVGG:0.4375	AGRWWDEG:0.515625	VDAVGGVW:0.546875	VPRLIADL:0.203125	DEGKNGAV:0.40625	WQWQYRLN:0.25	ALVLSDIP:0.21875	LNLPSQAA:0.609375	VLAAGRWW:0.265625	FGLAALEA:0.359375	LAAGRWWD:0.28125	HSCVVTWF:0.484375	PSVYEPFG:0.296875	RAGAALVL:0.4375	LAALEAAR:0.21875	NFVFAAGR:0.21875	ALRHSVDL:0.203125	AGAALVLA:0.40625	KNGAVLDR:0.3125	VRGSGLPE:0.203125	DIETYREL:0.21875	APSRSHAA:0.375	WPVVMAGA:0.3125	LVALEAAR:0.203125	ELALRHSV:0.203125	LADIETYR:0.203125	NGAVLDRA:0.296875	GFDRADLV:0.21875	MVEDESEL:0.203125	VGGVWRYA:0.6875	LDRAAADI:0.203125	VSHSCVAT:0.234375	VWRYAMDL:0.59375	VLADIETY:0.203125	GGVWRYAM:0.609375	NRLGFDRA:0.21875	DWMVEDES:0.203125	WFAAVRGS:0.359375	GAVLDRAA:0.296875	AVVYNASR:0.21875	TVSHSCVA:0.21875	FGLVALEA:0.203125	DLVLAPSR:0.21875	LMSRAAIV:0.234375	VPVVTVSH:0.25	MSRAAIVV:0.234375	DLAVVYNA:0.203125	ADLVLAPS:0.21875	GAALFADP:0.28125	RYAMDLAA:0.40625	VLDRAAAD:0.203125	VDLLHLNL:0.28125	VALEAARA:0.203125	LVLADIET:0.203125	FDRADLVL:0.21875	IETYRELW:0.21875	AVLDRAAA:0.296875	RAAIVVSP:0.234375	VLAPSRSH:0.28125	DWPVVMAG:0.25	PFGLVALE:0.21875	PVVMAGAC:0.25	VTVSHSCV:0.265625	PLDWMVED:0.203125	PVVTVSHS:0.265625	VYNASRNA:0.203125	RLGFDRAD:0.21875	EPFGLVAL:0.21875	SHSCVATW:0.234375	HSCVATWF:0.234375	WMVEDESE:0.203125	ALVLADIE:0.203125	YEPFGLVA:0.21875	WRYAMDLA:0.546875	PSRSHAAA:0.375	GVWRYAMD:0.59375	AALVLADI:0.421875	MAGACEGP:0.203125	VYEPFGLV:0.21875	YAMDLAAA:0.328125	SHAAALTR:0.203125	VFAAGRWW:0.328125	SRSHAAAL:0.25	RADLVLAP:0.21875	DRADLVLA:0.21875	GELSHDRT:0.203125	LDWMVEDE:0.203125	LVLAPSRS:0.21875	ADIETYRE:0.203125	LAVVYNAS:0.21875	VVYNASRN:0.21875	GAALVLAD:0.421875	ELSHDRTM:0.203125	LAPSRSHA:0.28125	VVTVSHSC:0.265625	FVFAAGRW:0.296875	RSHAAALT:0.203125	IDWPVVMA:0.25	DLLHLNLP:0.578125	PNGQHLAI:0.25	SRAAIVVS:0.234375	LLHLNLPS:0.578125	FAAGRWWD:0.34375	TWFAAVRG:0.46875	AVRGSGLP:0.21875	GPNGQHLA:0.25	GLVALEAA:0.203125	LALRHSVD:0.203125	GLAALEGA:0.203125	FGLAALEG:0.203125	VSHSCVVT:0.21875	TYRELWDG:0.203125	PSIYEPFG:0.3125	DAVGGVWR:0.65625	SIYEPFGL:0.328125	RELWDGAA:0.203125	SHSCVVTW:0.21875	IYEPFGLA:0.3125	SPSIYEPF:0.3125	AVGGVWRY:0.65625	WLDAPLDW:0.359375	KLVWLDAP:0.265625	QVVHNASA:0.21875	AFNTLADD:0.21875	LYEPFGLA:0.234375	PSLYEPFG:0.21875	LVWLDAPL:0.328125	VWLDAPLD:0.328125	FADAFNTL:0.203125	ADAFNTLA:0.203125	DAFNTLAD:0.203125	AVIAPSRS:0.25	VIAPSRSH:0.234375	DAVIAPSR:0.234375	VVHNASAL:0.21875	FNTLADDP:0.21875	LQVVHNAS:0.265625	SPSLYEPF:0.21875	IAPSRSHA:0.234375	NTLADDPQ:0.203125	SLYEPFGL:0.234375	ADLLHLNL:0.265625	AFADAFNT:0.203125	GKLVWLDA:0.265625	LVLADIPT:0.203125	RWWDDGKN:0.28125	VLADIPTY:0.203125	ADIPTYRE:0.203125	AAGRWWDD:0.25	AGRWWDDG:0.25	LADIPTYR:0.203125	GRWWDDGK:0.265625	ALVLADIP:0.203125	LDAPLDWM:0.234375	
