cluster number:1987
GT4:11	GT4:11|GT2:9
VGGADKFN:0.36363636363636365	MQLPVVAS:0.2727272727272727	VGFQAQEY:0.2727272727272727	IEKCVLFL:0.2727272727272727	RFYEDWER:0.36363636363636365	SNSYIAYY:0.45454545454545453	GFQAQEYW:0.2727272727272727	QLPVVASD:0.2727272727272727	VASDVGGQ:0.36363636363636365	YEDWERWL:0.36363636363636365	IYEAMSMQ:0.36363636363636365	KYLFFMDL:0.2727272727272727	EKCVLFLE:0.36363636363636365	YEAMSMQL:0.36363636363636365	MSMQLPVV:0.2727272727272727	YLFFMDLD:0.2727272727272727	EAMSMQLP:0.36363636363636365	LEYLHQEQ:0.2727272727272727	EVGGADKF:0.36363636363636365	FQAQEYWW:0.2727272727272727	VVSIISSF:0.2727272727272727	GKYLFFMD:0.2727272727272727	FYEDWERW:0.36363636363636365	LEVGGADK:0.36363636363636365	ISNSYIAY:0.45454545454545453	IVFISNSY:0.45454545454545453	LPVVASDV:0.36363636363636365	VNSYSVGF:0.2727272727272727	SMQLPVVA:0.2727272727272727	NSYIAYYF:0.2727272727272727	VGGQAELV:0.2727272727272727	SYIAYYFL:0.2727272727272727	SAYEGISL:0.2727272727272727	PVVASDVG:0.36363636363636365	FFMDLDDL:0.2727272727272727	AMSMQLPV:0.2727272727272727	LVIPGTGF:0.2727272727272727	LFFMDLDD:0.2727272727272727	FISNSYIA:0.45454545454545453	KCVLFLET:0.2727272727272727	PVVSIISS:0.2727272727272727	VIPGTGFL:0.2727272727272727	LRFYEDWE:0.36363636363636365	YIAYYFLP:0.2727272727272727	ELVIPGTG:0.2727272727272727	VFISNSYI:0.45454545454545453	NSYSVGFQ:0.2727272727272727	VVASDVGG:0.36363636363636365	FEWIIVND:0.36363636363636365	IIVNDGST:0.36363636363636365	SDVGGQKE:0.2727272727272727	WIIVNDGS:0.36363636363636365	DVGGQKEL:0.2727272727272727	EWIIVNDG:0.36363636363636365	SSDVGGQK:0.2727272727272727	DIVFISNS:0.36363636363636365	IDIVFISN:0.36363636363636365	GGADKFNL:0.2727272727272727	VGGQSELV:0.2727272727272727	QIDIVFIS:0.2727272727272727	SRQIDIVF:0.2727272727272727	RQIDIVFI:0.2727272727272727	LAIYEAMS:0.2727272727272727	SLAIYEAM:0.2727272727272727	
