cluster number:1124
GT4:11	GT4:11
AERYGVRD:0.2727272727272727	FSPNFISP:0.2727272727272727	PKFVAGVN:0.2727272727272727	YRLAERYG:0.2727272727272727	RLAERYGV:0.2727272727272727	YPSHDDTN:0.2727272727272727	NFISPDVV:0.2727272727272727	DFLFSPNF:0.36363636363636365	LAVGTPVV:0.2727272727272727	PPKFVAGV:0.2727272727272727	YGILINGY:0.2727272727272727	FLFSPNFI:0.2727272727272727	LFSPNFIS:0.2727272727272727	EGGAERHV:0.2727272727272727	FELVLFPT:0.2727272727272727	FYRLAERY:0.2727272727272727	SPNFISPD:0.2727272727272727	LAERYGVR:0.2727272727272727	PNFISPDV:0.2727272727272727	TPVVAYDI:0.7272727272727273	PVVAYDIP:0.6363636363636364	VVAYDIPG:0.45454545454545453	VAYDIPGP:0.36363636363636365	SFSLAILE:0.36363636363636365	ARLIPLKG:0.45454545454545453	HEDSFSLA:0.45454545454545453	DSFSLAIL:0.36363636363636365	GTPVVAYD:0.5454545454545454	EDSFSLAI:0.36363636363636365	YYAKKLKV:0.2727272727272727	YYYAKKLK:0.2727272727272727	FYARLIPL:0.36363636363636365	LIPLKGIL:0.36363636363636365	YPSHEDSF:0.36363636363636365	LGTPVVAY:0.2727272727272727	RLIPLKGI:0.36363636363636365	PSHEDSFS:0.36363636363636365	SHEDSFSL:0.36363636363636365	GESYYYAK:0.2727272727272727	LGESYYYA:0.2727272727272727	LLGESYYY:0.2727272727272727	IPLKGILE:0.36363636363636365	ESYYYAKK:0.2727272727272727	SYYYAKKL:0.2727272727272727	YARLIPLK:0.36363636363636365	DYLVFYAR:0.2727272727272727	VFYARLIP:0.2727272727272727	LVFYARLI:0.2727272727272727	YLVFYARL:0.2727272727272727	
