cluster number:1830
GT4:69	GT4:69|GT2:3
HAFSFLME:0.2753623188405797	ETIKGGVA:0.4927536231884058	HSTFSGVI:0.2753623188405797	KLIYNGIH:0.2028985507246377	KGFDVLLK:0.2753623188405797	KEKPDVVH:0.2463768115942029	MKLIYNGI:0.2028985507246377	CTSLPELV:0.2753623188405797	IVYCPHAF:0.2753623188405797	AMGLPVIA:0.2028985507246377	GFAMVPLE:0.5652173913043478	PDVVHLHS:0.3333333333333333	ATVIRTIS:0.2608695652173913	AFSFLMES:0.2753623188405797	VGRLDYQK:0.30434782608695654	LLFVGRLD:0.3188405797101449	MGLPVIAS:0.2028985507246377	SRWEGFAM:0.6811594202898551	YQKGFDVL:0.2753623188405797	TVVGSAVN:0.2608695652173913	VAETIKGG:0.2463768115942029	RWEGFAMV:0.6811594202898551	HVAETIKG:0.2463768115942029	VVGSAVNE:0.2608695652173913	CPHAFSFL:0.42028985507246375	EGFAMVPL:0.5652173913043478	PHAFSFLM:0.43478260869565216	WEGFAMVP:0.6231884057971014	VPSRWEGF:0.391304347826087	SFLMESSP:0.2753623188405797	LDYQKGFD:0.36231884057971014	PSRWEGFA:0.6811594202898551	DVVHLHST:0.2608695652173913	AMVPLEGM:0.2753623188405797	GRLDYQKG:0.36231884057971014	FVGRLDYQ:0.30434782608695654	FSFLMESS:0.2753623188405797	AETIKGGV:0.4782608695652174	YCPHAFSF:0.5942028985507246	TSLPELVT:0.2608695652173913	LKLTVVGS:0.21739130434782608	TDVIICVS:0.2608695652173913	IKGGVATV:0.4782608695652174	DYQKGFDV:0.2753623188405797	KLTVVGSA:0.21739130434782608	FAMVPLEG:0.2753623188405797	LHSTFSGV:0.36231884057971014	QKGFDVLL:0.2753623188405797	GVATVIRT:0.2608695652173913	TFSGVIGR:0.2753623188405797	LHVAETIK:0.2463768115942029	ALIVPSRW:0.2753623188405797	VHLHSTFS:0.391304347826087	RLDYQKGF:0.36231884057971014	EYLPWVTP:0.2608695652173913	HLHSTFSG:0.391304347826087	IVPSRWEG:0.2898550724637681	RMKLIYNG:0.2028985507246377	ILHVAETI:0.2463768115942029	LIVPSRWE:0.2898550724637681	VVHLHSTF:0.2753623188405797	STFSGVIG:0.2753623188405797	KKILHVAE:0.2318840579710145	LTVVGSAV:0.2753623188405797	VEYLPWVT:0.2608695652173913	VPLEGMAM:0.2318840579710145	DLKLTVVG:0.21739130434782608	VYCPHAFS:0.36231884057971014	GGVATVIR:0.2753623188405797	GFDVLLKA:0.2753623188405797	KGGVATVI:0.2753623188405797	KPDVVHLH:0.3333333333333333	KIVYCPHA:0.21739130434782608	MVPLEGMA:0.2753623188405797	IHLLFVGR:0.2028985507246377	ADALIVPS:0.2898550724637681	PLEGMAMG:0.2318840579710145	KILHVAET:0.2318840579710145	LFVGRLDY:0.30434782608695654	VTDVIICV:0.2318840579710145	TIKGGVAT:0.4782608695652174	HLLFVGRL:0.21739130434782608	MKKILHVA:0.2318840579710145	DALIVPSR:0.2753623188405797	VATVIRTI:0.2608695652173913	EKPDVVHL:0.2753623188405797	MVPLEAMS:0.3333333333333333	HAAETIKG:0.2028985507246377	TDAIICVS:0.21739130434782608	AAETIKGG:0.2028985507246377	YQKGFDIL:0.2028985507246377	DYQKGFDI:0.2028985507246377	LEAMSYGL:0.2318840579710145	VPLEAMSY:0.30434782608695654	IYCPHAFS:0.2318840579710145	AMVPLEAM:0.2898550724637681	FAMVPLEA:0.2898550724637681	PLEAMSYG:0.2318840579710145	AMSYGLPV:0.2318840579710145	EAMSYGLP:0.2463768115942029	VIICVSQY:0.21739130434782608	IICVSQYE:0.2753623188405797	DVIICVSQ:0.21739130434782608	SGVIGRCV:0.21739130434782608	LQKVTDVI:0.2028985507246377	KVTDVIIC:0.2028985507246377	FSGVIGRC:0.21739130434782608	QKVTDVII:0.2028985507246377	GVIGRCVC:0.21739130434782608	VGRFDYQK:0.2608695652173913	GRFDYQKG:0.2898550724637681	IPSRWEGF:0.2318840579710145	VIPSRWEG:0.2028985507246377	FVGRFDYQ:0.2318840579710145	LFVGRFDY:0.2028985507246377	
