cluster number:2228
GT4:32	GT4:32
GKTHPNVL:0.25	HEFGIFGG:0.375	AVISTPYW:0.34375	VISTPYWH:0.34375	AVGAGAAV:0.34375	ISTPYWHA:0.375	PNLKEGYC:0.5625	DEVGSEDS:0.40625	TIWALGYL:0.34375	KYGIPNLK:0.375	VGSEDSFG:0.40625	YGIPNLKE:0.46875	DNARALLM:0.21875	GRTIWALG:0.375	EAQITSGT:0.75	DTGIIQHA:0.21875	YDNGILPL:0.25	IEHGVPDL:0.28125	ILEHEFGI:0.21875	CLDDNARA:0.4375	RNFLSFNR:0.25	SEDSFGRT:0.625	YITPYLNE:0.375	RNKGIETV:0.3125	DSFGRTIW:0.53125	LDEVGSED:0.375	NQGAESTL:0.71875	RTIWALGY:0.34375	YCLDDNAR:0.4375	TFRNFLSF:0.21875	NLKEGYCL:0.46875	QGAESTLA:0.625	GTLSYAVG:0.40625	LNEAQITS:0.5	STLAYLIS:0.21875	DDTGIIQH:0.21875	GYCLDDNA:0.4375	NEAQITSG:0.625	SGIYILPL:0.21875	IPNLKEGY:0.5625	FGRTIWAL:0.375	NKGIETVI:0.28125	SGTLSYAV:0.40625	DDNARALL:0.34375	ITPYLNEA:0.375	EVGSEDSF:0.40625	HAKYGIPN:0.375	QHAKYGIP:0.375	YLNEAQIT:0.5	SFGRTIWA:0.4375	QITSGTLS:0.65625	AESTLAYL:0.25	LAYLISHL:0.21875	HEFGIYGG:0.34375	LDDNARAL:0.4375	FRNFLSFN:0.25	TSGTLSYA:0.59375	GSEDSFGR:0.71875	AQITSGTL:0.71875	GAESTLAY:0.53125	LKEGYCLD:0.46875	TPYLNEAQ:0.5	GIPNLKEG:0.5625	ILPLALLH:0.25	DNGILPLA:0.21875	TDDTGIIQ:0.21875	KEGYCLDD:0.5625	GTFRNFLS:0.21875	ITSGTLSY:0.59375	EGYCLDDN:0.625	AKYGIPNL:0.375	EDSFGRTI:0.53125	EHEFGIYG:0.28125	PYLNEAQI:0.5	ESTLAYLI:0.21875	PYWHAQEL:0.28125	YWHAQELL:0.28125	RNKGLETV:0.3125	TLSYAVGA:0.21875	TPYWHAQE:0.28125	RLTDDTGI:0.53125	NFRNFLSF:0.3125	LTDDTGIV:0.375	DDTGIVQH:0.375	DGNFRNFL:0.3125	TDDTGIVQ:0.375	DTGIVQHA:0.375	LIEHGVPD:0.28125	TYDNAILP:0.25	STPYWHAQ:0.28125	EFGIYGGE:0.21875	DQQAIETM:0.3125	NKGLETVI:0.28125	GNFRNFLS:0.3125	WHAQELLA:0.25	RNQGAEST:0.6875	NRNQGAES:0.8125	SRNKGLET:0.3125	GIYGGESG:0.21875	LSYAVGAG:0.21875	PRECGIAT:0.3125	PPRECGIA:0.3125	STYPPREC:0.21875	TKGCCDGL:0.25	RECGIATF:0.3125	INRNQGAE:0.21875	YGLHLRWP:0.28125	QQAIETMA:0.28125	GIVQHAKY:0.3125	AYISTYPP:0.21875	ISTYPPRE:0.21875	MKIAYIST:0.3125	TYPPRECG:0.375	LISRNKGL:0.28125	YCLDDNSR:0.25	AIETMAMV:0.25	ECGIATFN:0.25	ISRNKGLE:0.28125	IVQHAKYG:0.3125	KIAYISTY:0.3125	YAVGAGAA:0.25	CLDDNSRA:0.25	NRGRLFDF:0.21875	YISTYPPR:0.21875	YPPRECGI:0.46875	GYCLDDNS:0.25	GINRNQGA:0.21875	GAAVVSTP:0.21875	VQHAKYGI:0.3125	QAIETMAM:0.25	FINKFVSE:0.21875	AVVSTPYW:0.25	VSTPYWHA:0.25	GLISRNKG:0.28125	TFGLISRN:0.28125	FGLISRNK:0.28125	NSGEEYRD:0.21875	VVSTPYWH:0.25	RGRLFDFK:0.25	ETKGCCDG:0.25	TGIVQHAK:0.3125	LDDNSRAL:0.25	IAYISTYP:0.21875	YLDEVGSE:0.21875	QKDYIRAA:0.28125	VNRNQGAE:0.53125	FLGENDLR:0.28125	GVNRNQGA:0.46875	WFLGENDL:0.375	YDNAILPL:0.21875	EHGVPDLE:0.21875	NAILPLAL:0.21875	DNAILPLA:0.21875	IETMAMVL:0.21875	
