cluster number:2250
GT4:22	GT4:22
PSKLFEYA:0.7727272727272727	IDVLTTQP:0.22727272727272727	DIRDIFVE:0.36363636363636365	EYAATGKP:0.5	GDGQGLHL:0.36363636363636365	VLTTQPNR:0.2727272727272727	KLFEYAAT:0.6818181818181818	LPSKLFEY:0.7272727272727273	VLPSKLFE:0.6818181818181818	LYLDIRDI:0.6363636363636364	DGQGLHLI:0.2727272727272727	LFEYAATG:0.5	DVLTTQPN:0.2727272727272727	YAATGKPI:0.4090909090909091	VATSSRLM:0.2727272727272727	TSSRLMTA:0.6363636363636364	YLDIRDIF:0.5454545454545454	ATSSRLMT:0.5909090909090909	LTTQPNRY:0.2727272727272727	RVLPSKLF:0.6363636363636364	SKLFEYAA:0.7727272727272727	FEYAATGK:0.5	VVATSSRL:0.2727272727272727	LDIRDIFV:0.5454545454545454	NLISPGFL:0.2727272727272727	DLSAGSFR:0.5	TQPNRYHS:0.22727272727272727	DVLFLHLN:0.6818181818181818	SFYYPPDL:0.22727272727272727	KAFRRVLP:0.22727272727272727	PPDLSAGS:0.4090909090909091	ADVLFLHL:0.6818181818181818	SPGFLPYF:0.2727272727272727	ILLLSFYY:0.22727272727272727	TTQPNRYH:0.2727272727272727	LSAGSFRA:0.3181818181818182	AFRRVLPS:0.3181818181818182	VNLISPGF:0.22727272727272727	QADVLFLH:0.5	VFATSSRL:0.22727272727272727	VVYAGNIG:0.22727272727272727	RVNLISPG:0.22727272727272727	PDLSAGSF:0.5	RRVLPSKL:0.2727272727272727	LLSFYYPP:0.22727272727272727	YPPDLSAG:0.4090909090909091	FATSSRLM:0.22727272727272727	LLLSFYYP:0.22727272727272727	FRRVLPSK:0.3181818181818182	LSFYYPPD:0.22727272727272727	TGKPILAG:0.22727272727272727	AATGKPIL:0.22727272727272727	ATGKPILA:0.22727272727272727	LFLHLNDL:0.2727272727272727	VLFLHLND:0.4090909090909091	AGNIGDGQ:0.36363636363636365	NIGDGQGL:0.36363636363636365	SRLMTAVL:0.3181818181818182	YAGNIGDG:0.36363636363636365	LYAGNIGD:0.36363636363636365	GNIGDGQG:0.36363636363636365	RLMTAVLG:0.2727272727272727	IGDGQGLH:0.3181818181818182	FYPPDLSA:0.2727272727272727	SSRLMTAV:0.3181818181818182	FFYPPDLS:0.22727272727272727	ILYAGNIG:0.22727272727272727	
