cluster number:1924
GT4:13	GT4:13
CAAEGSDF:0.3076923076923077	PVAAFDSG:0.23076923076923078	HAGGLEAV:0.23076923076923078	WSEPFGLV:0.23076923076923078	GVPVVTTL:0.3076923076923077	VALVTPVW:0.23076923076923078	GTPVAAFD:0.5384615384615384	PLRQPHAG:0.3076923076923077	GRIVPEKA:0.6153846153846154	QPHAGGLE:0.46153846153846156	WFGRIVPE:0.6153846153846154	IVPEKAPH:0.6153846153846154	PHRFLAVS:0.23076923076923078	RIVPEKAP:0.6153846153846154	AGGLEAVV:0.23076923076923078	HRFLAVSQ:0.23076923076923078	PHAGGLEA:0.6923076923076923	LRQPHAGG:0.46153846153846156	LRVLVVAP:0.23076923076923078	RQPHAGGL:0.46153846153846156	VTPVWSEP:0.23076923076923078	ALVTPVWS:0.23076923076923078	GGLEAVVW:0.23076923076923078	LVTPVWSE:0.23076923076923078	TTLHTPPL:0.6153846153846154	VTTLHTPP:0.6153846153846154	DVVDNHSL:0.38461538461538464	VPVVTTLH:0.38461538461538464	PVWSEPFG:0.23076923076923078	PEKAPHLA:0.6923076923076923	VWFGRIVP:0.5384615384615384	VVDNHSLH:0.38461538461538464	LEAVVWNR:0.23076923076923078	RFLAVSQY:0.23076923076923078	FGRIVPEK:0.6153846153846154	TPVWSEPF:0.23076923076923078	PVVTTLHT:0.5384615384615384	VWSEPFGL:0.23076923076923078	TPVAAFDS:0.23076923076923078	VVTTLHTP:0.5384615384615384	LAVSQYTA:0.23076923076923078	TGTPVAAF:0.5384615384615384	GLEAVVWN:0.23076923076923078	VAAFDSGG:0.23076923076923078	LCAAEGSD:0.3076923076923077	EKAPHLAI:0.38461538461538464	AAEGSDFL:0.3076923076923077	FLAVSQYT:0.23076923076923078	VPEKAPHL:0.6923076923076923	ALATGTPV:0.38461538461538464	LATGTPVA:0.3076923076923077	SGRIVPEK:0.23076923076923078	EALATGTP:0.38461538461538464	AEALATGT:0.3076923076923077	VWSGRIVP:0.23076923076923078	VLAGRIGD:0.3076923076923077	TLHTPPLP:0.3076923076923077	WSGRIVPE:0.23076923076923078	IVLAGRIG:0.3076923076923077	ATGTPVAA:0.38461538461538464	AEGSDFLG:0.23076923076923078	WDEPFGLV:0.23076923076923078	APLRFPIR:0.3076923076923077	MVTTLHTP:0.23076923076923078	WAEPFGLV:0.23076923076923078	PMVTTLHT:0.23076923076923078	PEALMCGT:0.23076923076923078	GGVPEIAA:0.23076923076923078	LVWFGRIV:0.38461538461538464	VGGVPEIA:0.23076923076923078	GVPMVTTL:0.23076923076923078	LADLVGRS:0.23076923076923078	PAWAEPFG:0.23076923076923078	AVGGVPEI:0.23076923076923078	IVVIAPLR:0.23076923076923078	FAVGGVPE:0.23076923076923078	VIAPLRFP:0.23076923076923078	LGVPMVTT:0.23076923076923078	GGLESAVW:0.23076923076923078	TPAWAEPF:0.23076923076923078	VPMVTTLH:0.23076923076923078	DVISNHCL:0.23076923076923078	IAPLRFPI:0.3076923076923077	AWAEPFGL:0.23076923076923078	DLVWFGRI:0.3076923076923077	RGHEVTLC:0.23076923076923078	GRIVPEKG:0.23076923076923078	CALVTPLW:0.23076923076923078	RYPLRQPH:0.23076923076923078	GHEVTLCA:0.23076923076923078	YPLRQPHA:0.23076923076923078	VDNHSLHP:0.3076923076923077	WEEPFGLV:0.23076923076923078	LRARGHEV:0.23076923076923078	RARGHEVT:0.23076923076923078	
