cluster number:1070
GT4:11	GT4:11
DCSPFTGG:0.36363636363636365	HDCSPFTG:0.36363636363636365	SPFTGGCL:0.2727272727272727	FTGGCLYP:0.45454545454545453	CSPFTGGC:0.36363636363636365	PFTGGCLY:0.2727272727272727	FSTGGVPE:0.45454545454545453	PLTVLEAM:0.45454545454545453	VGFSTGGV:0.36363636363636365	HDCSAFTG:0.2727272727272727	SRRKPTFF:0.2727272727272727	EAMAASTP:0.36363636363636365	KHLQLYQN:0.2727272727272727	ASTPVVGF:0.36363636363636365	HLQLYQNF:0.2727272727272727	TVLEAMAA:0.2727272727272727	DCSAFTGG:0.2727272727272727	CTLADNLP:0.36363636363636365	LTVLEAMA:0.36363636363636365	PTFFTVHD:0.2727272727272727	VEPTNQQA:0.36363636363636365	LEKHLQLY:0.2727272727272727	FNIRYIFP:0.2727272727272727	NIRYIFPS:0.2727272727272727	TPVVGFST:0.36363636363636365	LPLTVLEA:0.36363636363636365	IRYIFPSH:0.2727272727272727	FCTLADNL:0.36363636363636365	TNQQALNQ:0.36363636363636365	TGGVPEMI:0.2727272727272727	STGGVPEM:0.2727272727272727	VLEAMAAS:0.2727272727272727	QALRQALL:0.2727272727272727	RYIFPSHW:0.2727272727272727	TLADNLPL:0.45454545454545453	QQALNQAL:0.36363636363636365	DNLPLTVL:0.2727272727272727	LEAMAAST:0.2727272727272727	GGGASRVA:0.6363636363636364	LNQALRQA:0.2727272727272727	VVGFSTGG:0.36363636363636365	NLPLTVLE:0.2727272727272727	AASTPVVG:0.36363636363636365	LVEPTNQQ:0.36363636363636365	ADNLPLTV:0.45454545454545453	MLFCTLAD:0.36363636363636365	ALRQALLS:0.2727272727272727	RKPTFFTV:0.2727272727272727	NQQALNQA:0.36363636363636365	QALNQALR:0.36363636363636365	DPRKGVKY:0.2727272727272727	GILVEPTN:0.36363636363636365	GGASRVAE:0.45454545454545453	AMAASTPV:0.36363636363636365	LFCTLADN:0.36363636363636365	TVHDCSAF:0.2727272727272727	NQALRQAL:0.2727272727272727	TFFTVHDC:0.36363636363636365	EKHLQLYQ:0.2727272727272727	FLEKHLQL:0.2727272727272727	ELLPVEYW:0.2727272727272727	FFTVHDCS:0.36363636363636365	PRKGVKYA:0.2727272727272727	EPTNQQAL:0.36363636363636365	PVVGFSTG:0.36363636363636365	RRKPTFFT:0.2727272727272727	NGILVEPT:0.36363636363636365	PTNQQALN:0.36363636363636365	ALNQALRQ:0.36363636363636365	VHDCSAFT:0.2727272727272727	GGVPEMIQ:0.2727272727272727	YIFPSHWM:0.36363636363636365	STPVVGFS:0.36363636363636365	FTVHDCSA:0.2727272727272727	LALTSRRK:0.2727272727272727	CSAFTGGC:0.2727272727272727	KPTFFTVH:0.2727272727272727	LADNLPLT:0.45454545454545453	MAASTPVV:0.36363636363636365	TLALTSRR:0.2727272727272727	ILVEPTNQ:0.36363636363636365	GFSTGGVP:0.45454545454545453	TGGCLYPM:0.45454545454545453	HFHDLYTA:0.2727272727272727	EMGYISDP:0.2727272727272727	DLYTAISP:0.2727272727272727	FHDLYTAI:0.2727272727272727	GASRVAED:0.2727272727272727	VHFHDLYT:0.2727272727272727	HDLYTAIS:0.2727272727272727	ASRVAEDL:0.2727272727272727	CLYPMGCE:0.2727272727272727	GGCLYPMG:0.2727272727272727	GCLYPMGC:0.2727272727272727	
