cluster number:667
GT4:14	GT4:14
LGLPVLEA:0.42857142857142855	GLGLPVLE:0.42857142857142855	EGLGLPVL:0.42857142857142855	FPSLYEGL:0.35714285714285715	PSLYEGLG:0.35714285714285715	SLYEGLGL:0.35714285714285715	LYEGLGLP:0.35714285714285715	KESADSLI:0.21428571428571427	AGTVPGSA:0.21428571428571427	SDLPVFHE:0.2857142857142857	MTRLTWKE:0.21428571428571427	CSDLPVFH:0.2857142857142857	GLPLVEAA:0.35714285714285715	VEAAHYGT:0.2857142857142857	KGEGFGLP:0.2857142857142857	TPIVCSDL:0.21428571428571427	HEIAGDHA:0.2857142857142857	GSAGMTRL:0.21428571428571427	EIAAWRDR:0.21428571428571427	WKESADSL:0.21428571428571427	SKGEGFGL:0.2857142857142857	VCSDLPVF:0.21428571428571427	IAAWRDRF:0.21428571428571427	PIVCSDLP:0.21428571428571427	PVFHEIAG:0.2857142857142857	RLTWKESA:0.21428571428571427	ADSLIDIL:0.21428571428571427	TWKESADS:0.21428571428571427	HYGTPIVC:0.21428571428571427	FHEIAGDH:0.2857142857142857	LLFLSKGE:0.2857142857142857	TRLTWKES:0.21428571428571427	PGSAGMTR:0.21428571428571427	RDRFAAGT:0.2857142857142857	AAWRDRFA:0.21428571428571427	ESADSLID:0.21428571428571427	LFLSKGEG:0.2857142857142857	PLVEAAHY:0.2857142857142857	LTWKESAD:0.21428571428571427	RFAAGTVP:0.2857142857142857	EIAGDHAT:0.2857142857142857	LVEAAHYG:0.2857142857142857	WRDRFAAG:0.2857142857142857	DRFAAGTV:0.2857142857142857	DSLIDILV:0.21428571428571427	LPLVEAAH:0.2857142857142857	TVPGSAGM:0.21428571428571427	VFHEIAGD:0.2857142857142857	SADSLIDI:0.21428571428571427	GMTRLTWK:0.21428571428571427	GDHATYVE:0.2857142857142857	SAGMTRLT:0.21428571428571427	FAAGTVPG:0.21428571428571427	AAHYGTPI:0.2857142857142857	AHYGTPIV:0.21428571428571427	SLIDILVK:0.21428571428571427	GFGLPLVE:0.35714285714285715	EGFGLPLV:0.35714285714285715	EAAHYGTP:0.2857142857142857	GTPIVCSD:0.21428571428571427	LPVFHEIA:0.2857142857142857	IAGDHATY:0.2857142857142857	IVCSDLPV:0.21428571428571427	FLSKGEGF:0.2857142857142857	LIDILVKN:0.21428571428571427	GEGFGLPL:0.2857142857142857	AAGTVPGS:0.21428571428571427	AWRDRFAA:0.21428571428571427	LSKGEGFG:0.2857142857142857	FGLPLVEA:0.35714285714285715	GTVPGSAG:0.21428571428571427	AGDHATYV:0.2857142857142857	DHATYVEI:0.2857142857142857	YGTPIVCS:0.21428571428571427	DLPVFHEI:0.2857142857142857	VPGSAGMT:0.21428571428571427	AGMTRLTW:0.21428571428571427	AADIAVQL:0.2857142857142857	LLAISEAS:0.2857142857142857	ADIAVQLR:0.2857142857142857	LPVLEAMA:0.35714285714285715	LAISEASR:0.2857142857142857	EAMACGAP:0.2857142857142857	LLLAISEA:0.2857142857142857	PVLEAMAC:0.35714285714285715	LEAMACGA:0.2857142857142857	VLEAMACG:0.35714285714285715	ADLLLAIS:0.35714285714285715	DLLLAISE:0.2857142857142857	GLPVLEAM:0.35714285714285715	YEGLGLPV:0.35714285714285715	QADLLLAI:0.21428571428571427	
