cluster number:2094
GT4:49	GT4:49
TNHFMPDN:0.22448979591836735	NHFMPDNL:0.22448979591836735	VLFVGRLD:0.42857142857142855	AELQSLAT:0.20408163265306123	DTYPPDVN:0.2857142857142857	LPVVAADA:0.3469387755102041	LQSIATLE:0.2857142857142857	AELQSIAT:0.2653061224489796	DAMALPHL:0.5510204081632653	ELQSIATL:0.2857142857142857	PVVAADAM:0.46938775510204084	YPPDVNGA:0.32653061224489793	TYPPDVNG:0.30612244897959184	AMALPHLV:0.4897959183673469	GLPVVAAD:0.3469387755102041	SIATLEAM:0.2857142857142857	VAADAMAL:0.46938775510204084	AADAMALP:0.4897959183673469	VVAADAMA:0.46938775510204084	QSIATLEA:0.2857142857142857	ADAMALPH:0.5306122448979592	ATNHFMPE:0.30612244897959184	VGRLDEEK:0.4489795918367347	TNHFMPEN:0.30612244897959184	RLDEEKRV:0.20408163265306123	PPDVNGAA:0.3469387755102041	HFMPENLF:0.24489795918367346	NHFMPENL:0.2653061224489796	LFVGRLDE:0.3877551020408163	FVGRLDEE:0.4489795918367347	GRLDEEKR:0.3469387755102041	TVLFVGRL:0.32653061224489793	VATNHFMP:0.2857142857142857	IGTDTYPP:0.20408163265306123	
