cluster number:1672
GT4:14	GT4:14
TEATTKAL:0.21428571428571427	PTYSENFG:0.2857142857142857	PVITTQGT:0.21428571428571427	VVAEALAC:0.2857142857142857	EATTKALK:0.21428571428571427	ILFLSRIH:0.21428571428571427	HGMLEPWI:0.42857142857142855	VLTPHGML:0.21428571428571427	GMLEPWII:0.21428571428571427	AEALACGT:0.21428571428571427	TYSENFGI:0.2857142857142857	VAEALACG:0.21428571428571427	EALACGTP:0.2857142857142857	VKKGINFL:0.21428571428571427	IVVAEALA:0.5714285714285714	LEPWIIKR:0.21428571428571427	CGTPVITT:0.2857142857142857	FGIVVAEA:0.6428571428571429	NFGIVVAE:0.6428571428571429	PHGMLEPW:0.5	SENFGIVV:0.6428571428571429	PALLLYQK:0.21428571428571427	LTPHGMLE:0.21428571428571427	ENFGIVVA:0.6428571428571429	EPWIIKRH:0.21428571428571427	TPVITTQG:0.21428571428571427	ALACGTPV:0.2857142857142857	TPHGMLEP:0.2857142857142857	VITTQGTP:0.21428571428571427	MLEPWIIK:0.21428571428571427	GIVVAEAL:0.6428571428571429	HVKKGINF:0.21428571428571427	KGINFLIE:0.21428571428571427	EEKYSSQK:0.21428571428571427	IGTEATTK:0.21428571428571427	YINELKQL:0.21428571428571427	YSENFGIV:0.35714285714285715	LACGTPVI:0.2857142857142857	LPTYSENF:0.2857142857142857	KKGINFLI:0.21428571428571427	ACGTPVIT:0.2857142857142857	GTPVITTQ:0.2857142857142857	GTEATTKA:0.21428571428571427	ITTQGTPW:0.21428571428571427	THSENFGI:0.2857142857142857	PTHSENFG:0.42857142857142855	LPTHSENF:0.42857142857142855	HSENFGIV:0.2857142857142857	DLFVLPTH:0.21428571428571427	FVLPTHSE:0.21428571428571427	GMLEPWIM:0.2857142857142857	ADLFVLPT:0.2857142857142857	LFVLPTHS:0.21428571428571427	VLPTHSEN:0.35714285714285715	PRGMLEPW:0.2857142857142857	ITPRGMLE:0.21428571428571427	TPRGMLEP:0.21428571428571427	LSRIHPKK:0.21428571428571427	SPHGMLEP:0.21428571428571427	HPKKGIEL:0.2857142857142857	PKKGIELL:0.2857142857142857	RIHPKKGI:0.2857142857142857	FLSRIHPK:0.21428571428571427	SRIHPKKG:0.2857142857142857	IHPKKGIE:0.2857142857142857	LFLSRIHP:0.21428571428571427	
