cluster number:2303
GT4:37	GT4:37
YERYSLFS:0.5135135135135135	APLIDEQR:0.21621621621621623	VLEVNAPL:0.2702702702702703	FGTKGASV:0.5405405405405406	GTKGASVH:0.5405405405405406	EVNAPLID:0.24324324324324326	DLVYERYS:0.43243243243243246	RYSLFSTA:0.24324324324324326	LVYERYSL:0.43243243243243246	TLKPWHGV:0.35135135135135137	DPGIPVFG:0.40540540540540543	TFVGTLKP:0.24324324324324326	PGIPVFGT:0.32432432432432434	VTFVGTLK:0.24324324324324326	PVFGTKGA:0.35135135135135137	VNAPLIDE:0.24324324324324326	ERYSLFST:0.32432432432432434	IPVFGTKG:0.32432432432432434	FVGTLKPW:0.5405405405405406	LEVNAPLI:0.4594594594594595	VYERYSLF:0.43243243243243246	GTLKPWHG:0.7297297297297297	VFGTKGAS:0.5135135135135135	VGTLKPWH:0.5405405405405406	GIPVFGTK:0.32432432432432434	NAPLIDEQ:0.24324324324324326	YLAAGLPV:0.2702702702702703	HYFSPLKV:0.21621621621621623	EYLAAGLP:0.3783783783783784	FYFSPLKI:0.21621621621621623	FSPLKIYE:0.2972972972972973	PLKIYEYM:0.21621621621621623	ILEVNAPL:0.40540540540540543	GILEVNAP:0.2702702702702703	YFSPLKIY:0.2972972972972973	SPLKIYEY:0.2972972972972973	ADPGIPVF:0.24324324324324326	CADPGIPV:0.24324324324324326	LKIYEYMA:0.21621621621621623	TKGASVHV:0.3783783783783784	SVHVQEVI:0.24324324324324326	KGASVHVQ:0.40540540540540543	GASVHVQE:0.40540540540540543	ASVHVQEV:0.3783783783783784	TLKPWHGT:0.21621621621621623	YEYLAAGL:0.24324324324324326	LKVYEYLA:0.24324324324324326	YFSPLKVY:0.2972972972972973	VYEYLAAG:0.24324324324324326	FSPLKVYE:0.2972972972972973	SPLKVYEY:0.32432432432432434	KVYEYLAA:0.24324324324324326	PLKVYEYL:0.24324324324324326	
