cluster number:1570
GT4:21	GT4:21
PIKLFEYM:0.23809523809523808	YDVHEDVP:0.42857142857142855	IYDVHEDV:0.23809523809523808	VIYDVHED:0.2857142857142857	HFHDPELI:0.3333333333333333	KVIYDVHE:0.23809523809523808	EYMAAGLP:0.6190476190476191	LFEYMAAG:0.6190476190476191	PVIASDFP:0.3333333333333333	IASDFPLW:0.38095238095238093	YMAAGLPV:0.42857142857142855	FHDPELIP:0.3333333333333333	KLFEYMAA:0.5714285714285714	MAAGLPVI:0.3333333333333333	FEYMAAGL:0.6190476190476191	AAGLPVIA:0.2857142857142857	VIASDFPL:0.3333333333333333	IKLFEYMA:0.23809523809523808	ASDFPLWR:0.2857142857142857	AGLPVIAS:0.2857142857142857	
