cluster number:958
GT4:11	GT4:11
YVTSGKIF:0.36363636363636365	SGVYRARA:0.36363636363636365	SDVLVFLA:0.36363636363636365	DSWTLDLF:0.2727272727272727	VYRARATA:0.36363636363636365	GNPFASFA:0.2727272727272727	TGNPFASF:0.36363636363636365	NPFASFAA:0.2727272727272727	DRMMVVPN:0.36363636363636365	GKIFEYMA:0.36363636363636365	GVYRARAT:0.36363636363636365	FPPSRASG:0.7272727272727273	LATGNPFA:0.2727272727272727	RMMVVPNG:0.36363636363636365	SGKIFEYM:0.36363636363636365	VLVFLAGG:0.36363636363636365	DLVLATGN:0.2727272727272727	FYFPPSRA:0.6363636363636364	YRDSWTLD:0.2727272727272727	ATGNPFAS:0.36363636363636365	PYVVDYRD:0.2727272727272727	SRASGVYR:0.36363636363636365	PPSRASGV:0.7272727272727273	PSRASGVY:0.36363636363636365	TSGKIFEY:0.36363636363636365	PFASFAAA:0.2727272727272727	FASFAAAW:0.2727272727272727	LVLATGNP:0.2727272727272727	YRGPVSKT:0.2727272727272727	GKPIVSVH:0.2727272727272727	ASGVYRAR:0.36363636363636365	VLATGNPF:0.45454545454545453	DVLVFLAG:0.36363636363636365	RDSWTLDL:0.2727272727272727	DYRDSWTL:0.2727272727272727	MVVPNGWD:0.36363636363636365	ADRMMVVP:0.36363636363636365	MMVVPNGW:0.36363636363636365	VTSGKIFE:0.36363636363636365	RASGVYRA:0.36363636363636365	YFPPSRAS:0.7272727272727273	PGIAAQDV:0.2727272727272727	AAGKAARD:0.2727272727272727	RYVTSGKI:0.2727272727272727	ARRHPDLA:0.2727272727272727	ESDVLVFL:0.2727272727272727	GARYVTSG:0.45454545454545453	KTEVGRVY:0.2727272727272727	AELNIHGH:0.2727272727272727	ARYVTSGK:0.45454545454545453	LYLSFYFP:0.45454545454545453	YRARATAN:0.2727272727272727	GPVSKTEV:0.2727272727272727	SFYFPPSR:0.45454545454545453	GIAAQDVL:0.2727272727272727	YLSFYFPP:0.45454545454545453	VDYRDAWT:0.36363636363636365	LSFYFPPS:0.45454545454545453	PVSKTEVG:0.2727272727272727	ELNIHGHL:0.2727272727272727	VSKTEVGR:0.2727272727272727	KIFPEHYL:0.2727272727272727	LNIHGHLG:0.2727272727272727	SKTEVGRV:0.2727272727272727	VFVNDGMR:0.36363636363636365	WTFNQFTE:0.2727272727272727	GKVFEYMA:0.36363636363636365	RARATANH:0.36363636363636365	SGVFRARA:0.2727272727272727	ARATANHL:0.2727272727272727	GVFRARAT:0.2727272727272727	VFRARATA:0.2727272727272727	PFVSFAAA:0.2727272727272727	LVFCVPGA:0.36363636363636365	SGKVFEYM:0.36363636363636365	HGHLGFFP:0.36363636363636365	EIVFVNDG:0.2727272727272727	SRASGVFR:0.36363636363636365	ASGVFRAR:0.2727272727272727	TGNPFVSF:0.36363636363636365	VPNGWEPE:0.36363636363636365	TFNQFTEE:0.2727272727272727	PSRASGVF:0.36363636363636365	IHGHLGFF:0.36363636363636365	TSGKVFEY:0.45454545454545453	LEATVDPR:0.2727272727272727	ATGNPFVS:0.36363636363636365	RASGVFRA:0.2727272727272727	IVFVNDGM:0.2727272727272727	VTSGKVFE:0.5454545454545454	NPFVSFAA:0.2727272727272727	GNPFVSFA:0.2727272727272727	FRARATAN:0.36363636363636365	VVPNGWEP:0.36363636363636365	AAAKAARD:0.2727272727272727	YVTSGKVF:0.45454545454545453	PYVMDYRD:0.2727272727272727	RYVTSGKV:0.36363636363636365	PGARYVTS:0.2727272727272727	CVPGARYV:0.2727272727272727	VFCVPGAR:0.2727272727272727	FCVPGARY:0.2727272727272727	VPGARYVT:0.2727272727272727	
