cluster number:320
GT4:11	GT4:11
AQSMEKPI:0.2727272727272727	NVEKMCFS:0.45454545454545453	VIPKLGYG:0.45454545454545453	FSTYSEYK:0.45454545454545453	FLVIFRGI:0.2727272727272727	QGRDLYKK:0.2727272727272727	KFLVIFRG:0.2727272727272727	NFIFSHIK:0.2727272727272727	TTFHGTYN:0.6363636363636364	SRAPAWSC:0.6363636363636364	RSRAPAWS:0.7272727272727273	CFSTYSEY:0.45454545454545453	GRDLYKKK:0.2727272727272727	EKMCFSTY:0.45454545454545453	IPKLGYGG:0.45454545454545453	HARSRAPA:0.7272727272727273	SNFIFSHI:0.5454545454545454	KFNVEKMC:0.45454545454545453	RGINVDYF:0.45454545454545453	IAGSNFIF:0.6363636363636364	KKFYNSVM:0.45454545454545453	FVTTFHGT:0.5454545454545454	ARSRAPAW:0.7272727272727273	TYSEYKKL:0.36363636363636365	STYSEYKK:0.36363636363636365	RDLYKKKL:0.2727272727272727	LQVIPKLG:0.45454545454545453	DLYKKKLI:0.2727272727272727	VEAQSMEK:0.45454545454545453	LKVLQVIP:0.2727272727272727	KFVTTFHG:0.5454545454545454	GSNFIFSH:0.5454545454545454	LYKKKLIR:0.36363636363636365	VIFRGINV:0.45454545454545453	VTTFHGTY:0.6363636363636364	SIEPEAFG:0.45454545454545453	KVLQVIPK:0.45454545454545453	AGSNFIFS:0.5454545454545454	EAQSMEKP:0.2727272727272727	PKLGYGGA:0.45454545454545453	FHGTYNFK:0.2727272727272727	LGYGGAET:0.45454545454545453	QVIPKLGY:0.45454545454545453	VEKMCFST:0.45454545454545453	MCFSTYSE:0.45454545454545453	YKKKLIRL:0.36363636363636365	IFRGINVD:0.45454545454545453	AVEAQSME:0.36363636363636365	KMCFSTYS:0.45454545454545453	FRGINVDY:0.45454545454545453	VLQVIPKL:0.5454545454545454	GYGGAETG:0.45454545454545453	YGGAETGC:0.5454545454545454	TFHGTYNF:0.6363636363636364	KLGYGGAE:0.45454545454545453	FNVEKMCF:0.45454545454545453	IEPEAFGR:0.45454545454545453	KKFLVIFR:0.2727272727272727	LVIFRGIN:0.5454545454545454	GINVDYFD:0.36363636363636365	LPVHSKNP:0.36363636363636365	APAWSCLF:0.2727272727272727	LIIAGSNF:0.45454545454545453	GGAETGCY:0.36363636363636365	PAWSCLFA:0.2727272727272727	IKLPVHSK:0.2727272727272727	SIVHARSR:0.2727272727272727	YNSVMVRS:0.2727272727272727	WSCLFATK:0.2727272727272727	SDLIIAGS:0.2727272727272727	DLIIAGSN:0.2727272727272727	EPEAFGRV:0.5454545454545454	IVHARSRA:0.5454545454545454	EAFGRVAV:0.5454545454545454	GAETGCYD:0.36363636363636365	KFYNSVMV:0.2727272727272727	GRVAVEAQ:0.36363636363636365	FGRVAVEA:0.45454545454545453	KLPVHSKN:0.2727272727272727	VAVEAQSM:0.36363636363636365	ISIVHARS:0.2727272727272727	GIEGRKNI:0.2727272727272727	RKFVTTFH:0.36363636363636365	VHARSRAP:0.5454545454545454	RAPAWSCL:0.45454545454545453	AFGRVAVE:0.5454545454545454	IIAGSNFI:0.45454545454545453	FYNSVMVR:0.2727272727272727	PEAFGRVA:0.36363636363636365	RSDLIIAG:0.2727272727272727	KKFNVEKM:0.2727272727272727	RVAVEAQS:0.36363636363636365	AWSCLFAT:0.2727272727272727	LAYKVSDI:0.2727272727272727	LTSWKGQE:0.2727272727272727	ALAYKVSD:0.2727272727272727	DIAHYLPE:0.2727272727272727	RLTSWKGQ:0.2727272727272727	DMALAYKV:0.2727272727272727	MALAYKVS:0.2727272727272727	SFIVTSGG:0.2727272727272727	TSWKGQEL:0.2727272727272727	IAHYLPEN:0.2727272727272727	PGRLTSWK:0.2727272727272727	SWKGQELF:0.2727272727272727	PVHSKNPL:0.2727272727272727	GRLTSWKG:0.2727272727272727	AYKVSDII:0.2727272727272727	IILLPGRL:0.2727272727272727	
