cluster number:1841
GT4:17	GT4:17
IPYVLQTH:0.23529411764705882	VLQTHGMV:0.4117647058823529	MSVLEAMS:0.5882352941176471	AMSVGLPV:0.4117647058823529	EAMSVGLP:0.4117647058823529	ADVYVLPS:0.23529411764705882	ARFTLVGP:0.29411764705882354	YGGPTRVA:0.35294117647058826	FTLVGPDE:0.5294117647058824	PDEGEGPA:0.35294117647058826	LEAMSVGL:0.35294117647058826	SVLEAMSV:0.47058823529411764	PMSVLEAM:0.6470588235294118	MSVGLPVV:0.29411764705882354	TLVGPDEG:0.5294117647058824	RFTLVGPD:0.35294117647058826	PFPMSVLE:0.23529411764705882	QTHGMVVP:0.23529411764705882	DVYVLPSV:0.23529411764705882	VYVLPSVR:0.29411764705882354	FPMSVLEA:0.23529411764705882	PYVLQTHG:0.4117647058823529	DARFTLVG:0.29411764705882354	PEVLFAAR:0.23529411764705882	YVLQTHGM:0.4117647058823529	GGPTRVAL:0.23529411764705882	LQTHGMVV:0.23529411764705882	VGPDEGEG:0.47058823529411764	VLEAMSVG:0.5294117647058824	GPDEGEGP:0.35294117647058826	LVGPDEGE:0.47058823529411764	EPFPMSVL:0.23529411764705882	YVLPSVRE:0.29411764705882354	VLPSVREP:0.29411764705882354	EPYPMSVL:0.47058823529411764	PYPMSVLE:0.47058823529411764	LPSVREPY:0.23529411764705882	YPMSVLEA:0.47058823529411764	SVREPYPM:0.23529411764705882	PSVREPYP:0.23529411764705882	YGGPVRVA:0.23529411764705882	VLPSVDEP:0.23529411764705882	DEPYPMSV:0.23529411764705882	YVLPSVDE:0.23529411764705882	
