cluster number:1667
GT4:64	GT4:64
SEGWPKVV:0.296875	YAGNWDPN:0.25	EGWPKVVA:0.296875	PKVVAEAM:0.28125	GWPKVVAE:0.296875	VSCVPWML:0.234375	KADHIHLR:0.3125	KYAGNWDP:0.8125	WPKVVAEA:0.28125	DHIHLRCP:0.6875	KTAKYAGN:0.609375	TAKYAGNW:0.59375	YAGNWDPK:0.34375	KNIKPFFT:0.203125	IHLRCPGN:0.734375	NIKPFFTA:0.328125	AKYAGNWD:0.578125	HIHLRCPG:0.71875	ILSNTFLT:0.203125	ADHIHLRC:0.578125	HLRCPGNM:0.234375	ILPSKSEG:0.359375	NMQVLVYG:0.203125	LPSKSEGW:0.375	EGWPKAIA:0.203125	KSEGWPKA:0.40625	GWPKAIAE:0.203125	SKSEGWPK:0.71875	LRCPGNMG:0.234375	PSKSEGWP:0.375	SEGWPKAI:0.203125	RCPGNMGL:0.234375	RCPGNIGL:0.375	PGNIGLLG:0.203125	YVREMNLW:0.234375	CPGNIGLL:0.3125	LRCPGNIG:0.3125	PYVREMNL:0.234375	HLRCPGNI:0.328125	GWPKAVAE:0.234375	EGWPKAVA:0.234375	KPFFTATY:0.21875	VAEAMFWG:0.21875	SEGWPKAV:0.234375	QKWILSNT:0.203125	KSEGWPKV:0.296875	KVVAEAMF:0.234375	VVAEAMFW:0.234375	
