cluster number:482
GT4:21	GT4:21
LLTSHYEG:0.2857142857142857	GTPVISVD:0.23809523809523808	SHYEGFPM:0.23809523809523808	TLLTSHYE:0.2857142857142857	GFPMVLVE:0.5714285714285714	LTSHYEGF:0.3333333333333333	PMVLVESL:0.3333333333333333	LGTPVISV:0.3333333333333333	FPMVLVES:0.3333333333333333	TSHYEGFP:0.3333333333333333	EGFPMVLV:0.5714285714285714	TPVISVDC:0.23809523809523808	YEGFPMVL:0.38095238095238093	LAGGGAER:0.23809523809523808	LSLGTPVI:0.23809523809523808	SLSLGTPV:0.23809523809523808	ESLSLGTP:0.23809523809523808	SLAGGGAE:0.23809523809523808	AGGGAERS:0.23809523809523808	SLGTPVIS:0.23809523809523808	FPMVLVEA:0.23809523809523808	
