cluster number:1481
GT4:13	GT4:13
SLYEGFGI:0.3076923076923077	LYEGFGIP:0.3076923076923077	FPSLYEGF:0.3076923076923077	GFGIPVLE:0.8461538461538461	GIPVLEAF:0.38461538461538464	PSLYEGFG:0.3076923076923077	IPVLEAFS:0.3076923076923077	EGFGIPVL:0.8461538461538461	FGIPVLEA:0.7692307692307693	SSLPEVAG:0.3076923076923077	YGGISRYF:0.23076923076923078	YEGFGIPV:0.23076923076923078	RGLYKNFD:0.23076923076923078	SYGGVSRY:0.23076923076923078	RAFVFPSL:0.23076923076923078	FFRAIQPV:0.23076923076923078	LSNRSSLP:0.3076923076923077	ASVLNRLY:0.23076923076923078	GDAALYFD:0.3076923076923077	VFPSLNEG:0.38461538461538464	LLYVGKRG:0.3076923076923077	PEVGEGLY:0.23076923076923078	YDHQSFTG:0.23076923076923078	SERYGKQY:0.23076923076923078	LSLRLSNN:0.3076923076923077	YLLYVGKR:0.38461538461538464	HLICAGGG:0.23076923076923078	FELSLRLS:0.3076923076923077	TFHDATSE:0.3076923076923077	SNNEYLDQ:0.3076923076923077	YVGKRGLY:0.3076923076923077	LRYRSLAQ:0.23076923076923078	LYDHQSFT:0.23076923076923078	NEGFGIPV:0.46153846153846156	FVFPSLNE:0.38461538461538464	ELSLRLSN:0.3076923076923077	FSKQEILR:0.38461538461538464	YGGVSRYF:0.3076923076923077	SKQEILRF:0.23076923076923078	HDATSERY:0.38461538461538464	TYYHRYFL:0.23076923076923078	ARAFVFPS:0.23076923076923078	NRSSLPEV:0.3076923076923077	MKVLYDHQ:0.3076923076923077	VSEFSKQE:0.38461538461538464	TLEVYQSL:0.3076923076923077	KKQLMRRA:0.23076923076923078	IISVSEFS:0.23076923076923078	VLSNRSSL:0.23076923076923078	QTLEVYQS:0.3076923076923077	SVLNRLYS:0.23076923076923078	PTYYHRYF:0.23076923076923078	PYLLYVGK:0.3076923076923077	SLNEGFGI:0.46153846153846156	AALYFDPE:0.23076923076923078	AFVFPSLN:0.38461538461538464	RSSLPEVG:0.23076923076923078	RYRSLAQV:0.23076923076923078	KRGLYKNF:0.3076923076923077	APYLLYVG:0.23076923076923078	FFELMRSF:0.3076923076923077	FRAIQPVL:0.23076923076923078	LRLSNNEY:0.3076923076923077	LNEGFGIP:0.46153846153846156	IEFELSLR:0.23076923076923078	GGVSRYFF:0.3076923076923077	HPTYYHRY:0.23076923076923078	KQEILRFF:0.23076923076923078	DATSERYG:0.38461538461538464	YPEVGEGL:0.23076923076923078	LYVGKRGL:0.3076923076923077	FPSLNEGF:0.38461538461538464	HLRYRSLA:0.23076923076923078	SEFSKQEI:0.38461538461538464	VLNRLYSL:0.23076923076923078	ERYGKQYP:0.23076923076923078	VLYDHQSF:0.23076923076923078	DAALYFDP:0.46153846153846156	FHPTYYHR:0.23076923076923078	LSNNEYLD:0.3076923076923077	TSERYGKQ:0.23076923076923078	QEILRFFP:0.23076923076923078	VSRYFFEL:0.3076923076923077	SNRSSLPE:0.3076923076923077	DIEFELSL:0.23076923076923078	RSLAQVRN:0.23076923076923078	RLSNNEYL:0.3076923076923077	DHQSFTGV:0.23076923076923078	GKRGLYKN:0.3076923076923077	KVLYDHQS:0.23076923076923078	YFFELMRS:0.3076923076923077	ATSERYGK:0.3076923076923077	YRSLAQVR:0.23076923076923078	SRYFFELM:0.3076923076923077	KQLMRRAD:0.23076923076923078	GVSRYFFE:0.3076923076923077	FHDATSER:0.38461538461538464	SVSEFSKQ:0.23076923076923078	ISVSEFSK:0.23076923076923078	SLRLSNNE:0.3076923076923077	EFSKQEIL:0.38461538461538464	VGKRGLYK:0.3076923076923077	PSLNEGFG:0.38461538461538464	RYFFELMR:0.3076923076923077	EFELSLRL:0.23076923076923078	DMIHEKFS:0.23076923076923078	DVFHPTYY:0.3076923076923077	FDVFHPTY:0.3076923076923077	VFHPTYYH:0.23076923076923078	SLPEVAGD:0.23076923076923078	PEVAGDAA:0.3076923076923077	LPEVAGDA:0.3076923076923077	EVAGDAAL:0.23076923076923078	
