cluster number:1330
GT4:12	GT4:12
DGINGFLI:0.25	ECFPLVIL:0.3333333333333333	VFVLPTYY:0.4166666666666667	CFPLVILE:0.3333333333333333	GGIPDMVK:0.3333333333333333	VKDGINGF:0.25	ADVFVLPT:0.3333333333333333	FPLVILEA:0.3333333333333333	EGGIPDMV:0.3333333333333333	IPDMVKDG:0.3333333333333333	NECFPLVI:0.3333333333333333	FVLPTYYP:0.25	DVFVLPTY:0.4166666666666667	KDGINGFL:0.25	PLVILEAM:0.3333333333333333	GIPDMVKD:0.3333333333333333	KDDYQLFL:0.25	ITTDSVGC:0.4166666666666667	VGCRESVK:0.25	DDYQLFLD:0.3333333333333333	SGSGVNLN:0.25	FVSGSGVN:0.25	FNETLYKL:0.25	GNPIITTD:0.25	VFPYTVKP:0.3333333333333333	VSGSGVNL:0.25	FRGDFIKS:0.25	FPYTVKPV:0.3333333333333333	ISLITGLG:0.3333333333333333	LIKEKGIA:0.25	SVGCRESV:0.25	RFNETLYK:0.25	NPIITTDS:0.25	TTDSVGCR:0.4166666666666667	YQLFLDRK:0.3333333333333333	VKPVIYGS:0.25	LVFPYTVK:0.3333333333333333	YTVKPVIY:0.3333333333333333	IITTDSVG:0.4166666666666667	PYTVKPVI:0.3333333333333333	YYREGIPR:0.25	ACGNPIIT:0.25	LQRTGLNP:0.25	VLPSYYRE:0.3333333333333333	ARLIKEKG:0.3333333333333333	DYQLFLDR:0.3333333333333333	VISLITGL:0.3333333333333333	ETSPSAIS:0.25	PVISLITG:0.3333333333333333	DSVGCRES:0.3333333333333333	PIITTDSV:0.4166666666666667	QNKDDYQL:0.25	FVLPSYYR:0.25	QRFNETLY:0.25	NKDDYQLF:0.25	CGNPIITT:0.25	TVKPVIYG:0.25	LQRFNETL:0.25	TDSVGCRE:0.4166666666666667	FQNKDDYQ:0.25	YAEERFDV:0.3333333333333333	VFQNKDDY:0.25	IDLVFPYT:0.3333333333333333	RLIKEKGI:0.3333333333333333	DLVFPYTV:0.3333333333333333	IVFQNKDD:0.25	LPSYYREG:0.3333333333333333	LVARLIKE:0.25	IRKNKVIV:0.25	FLLVARLI:0.25	KNKVIVFQ:0.25	VARLIKEK:0.25	LLVARLIK:0.25	SFLLVARL:0.25	SYYREGLP:0.25	RKNKVIVF:0.25	YYREGLPR:0.25	NKVIVFQN:0.25	PSYYREGL:0.25	
