cluster number:1092
GT4:15	GT4:15
VVLEAMAC:0.6	LEAMACGT:0.6	VLEAMACG:0.6	PNVVLEAM:0.6666666666666666	EAMACGTP:0.6	NVVLEAMA:0.6666666666666666	VKVHGSDL:0.3333333333333333	TDVGGIPE:0.2	VPNVVLEA:0.6	ATDVGGIP:0.2	GVPNVVLE:0.6	VVKVHGSD:0.3333333333333333	YVVKVHGS:0.3333333333333333	GGIPEVLP:0.26666666666666666	PYVVKVHG:0.3333333333333333	KVHGSDLN:0.3333333333333333	EGVPNVVL:0.6	VGGIPEVL:0.3333333333333333	CLPSHNEG:0.26666666666666666	SHNEGVPN:0.26666666666666666	TRVGGIPE:0.26666666666666666	ATRVGGIP:0.26666666666666666	RVGGIPEV:0.26666666666666666	FNRQQFER:0.2	LCLPSHNE:0.26666666666666666	HNEGVPNV:0.26666666666666666	IPYVVKVH:0.2	VHGSDLNV:0.26666666666666666	PVVATRVG:0.2	VVATRVGG:0.2	LLCLPSHN:0.2	CGTPVVAT:0.2	VATRVGGI:0.2	GIPYVVKV:0.2	TAVDFRER:0.2	LLYVGNLK:0.2	AMACGTPV:0.5333333333333333	MACGTPVV:0.2	PSHNEGVP:0.26666666666666666	ACGTPVVA:0.2	NRQQFERL:0.2	NEGVPNVV:0.4666666666666667	LPSHNEGV:0.26666666666666666	RQQFERLG:0.2	LGIPYVVK:0.2	KVHGSDIN:0.3333333333333333	YFKVHGSD:0.26666666666666666	FKVHGSDI:0.3333333333333333	VIYNGVDH:0.3333333333333333	FYFKVHGS:0.26666666666666666	NRATFNRQ:0.26666666666666666	KIPARAKQ:0.2	ILYVGNLK:0.2	ILASWAFP:0.26666666666666666	INLHGKIP:0.26666666666666666	AASWISKL:0.2	KILASWAF:0.2	YVGNLKKE:0.2	GSDINLHG:0.26666666666666666	LPWEPNRA:0.2	LKLLYAGP:0.2	RVIYNGVD:0.2	LALPSYNE:0.2	GGIPEVVN:0.2	HGSDINLH:0.26666666666666666	VGNLKKEK:0.2	KSVLVPIA:0.2	VSQALADE:0.2	RYVPYFYL:0.26666666666666666	VAASWISK:0.2	QQFAQLDD:0.26666666666666666	NLHGKIPA:0.26666666666666666	PEAVAASW:0.26666666666666666	SDINLHGK:0.26666666666666666	LLYAGPGN:0.2	DINLHGKI:0.26666666666666666	PYFYLPKF:0.2	KLLYAGPG:0.2	FNRQQFAQ:0.26666666666666666	YILYVGNL:0.2	ATFNRQQF:0.26666666666666666	NLKKEKGV:0.2	GILSVSQA:0.2	PLPWEPNR:0.2	GIPEVVNE:0.2	SWAFPEAV:0.26666666666666666	KEKGVIEL:0.2	YNEGVPNV:0.26666666666666666	RQQFAQLD:0.26666666666666666	ALPSYNEG:0.2	AVAASWIS:0.2	IPARAKQI:0.2	LYAGPGNL:0.2	LKKEKGVI:0.2	SVSQALAD:0.2	MACGTPVL:0.26666666666666666	WAFPEAVA:0.26666666666666666	YVPYFYLP:0.26666666666666666	YLPKFGRR:0.2	PSYNEGVP:0.26666666666666666	PWEPNRAT:0.26666666666666666	HGKIPARA:0.26666666666666666	YFYLPKFG:0.2	ILSVSQAL:0.2	YAGPGNLR:0.2	LSVSQALA:0.2	QALADEMI:0.2	LHGKIPAR:0.26666666666666666	SVLVPIAF:0.2	SYNEGVPN:0.26666666666666666	LASWAFPE:0.26666666666666666	LRYVPYFY:0.26666666666666666	AFPEAVAA:0.26666666666666666	LPSYNEGV:0.26666666666666666	GNLKKEKG:0.2	KKEKGVIE:0.2	SQALADEM:0.2	ASWAFPEA:0.26666666666666666	DFYFKVHG:0.2	QFAQLDDD:0.2	RATFNRQQ:0.26666666666666666	EPNRATFN:0.26666666666666666	ASWISKLF:0.2	IRVIYNGV:0.2	FYLPKFGR:0.2	VHGSDINL:0.26666666666666666	EAVAASWI:0.2	PNRATFNR:0.26666666666666666	NRQQFAQL:0.26666666666666666	VPYFYLPK:0.26666666666666666	VGGIPEVV:0.26666666666666666	GKIPARAK:0.2	WEPNRATF:0.26666666666666666	LYVGNLKK:0.2	TFNRQQFA:0.26666666666666666	FAQLDDDF:0.2	FPEAVAAS:0.26666666666666666	IYNGVDHQ:0.2	
