cluster number:2199
GT4:27	GT4:27
FHENQFAY:0.7407407407407407	LWNHRWEY:0.3333333333333333	DKNPEDFF:0.37037037037037035	NHRWEYDK:0.7777777777777778	AFLKKMPE:0.2222222222222222	WEYDKNPE:0.4074074074074074	YFHENQFA:0.7407407407407407	VYFHENQF:0.5925925925925926	HENQFAYP:0.7407407407407407	VVYFHENQ:0.25925925925925924	WNHRWEYD:0.7777777777777778	RWEYDKNP:0.5555555555555556	WHEFQGLA:0.4074074074074074	HRWEYDKN:0.48148148148148145	EYDKNPED:0.3333333333333333	YDKNPEDF:0.3333333333333333	VLLLSAYE:0.25925925925925924	IRGNPLSW:0.3333333333333333	AIMEAAQR:0.3333333333333333	LAIMEAAQ:0.3333333333333333	KMPENLPA:0.2222222222222222	GIVVSTTW:0.3333333333333333	YEAVSHRY:0.2222222222222222	VWNHRWEY:0.2222222222222222	GLAIMEAA:0.3333333333333333	FQGLAIME:0.3333333333333333	RVLLLSAY:0.2962962962962963	TWHEFQGL:0.3333333333333333	VPDRLCFP:0.2962962962962963	WRIRGNPL:0.4444444444444444	TSMVDLAT:0.3333333333333333	HEFQGLAI:0.3333333333333333	VLATSMVD:0.3333333333333333	LVPDRLCF:0.2962962962962963	SMVDLATL:0.2962962962962963	VVLATSMV:0.3333333333333333	SAYEAVSH:0.25925925925925924	ATSMVDLA:0.3333333333333333	MRVLLLSA:0.2962962962962963	PLVPDRLC:0.2962962962962963	QVEAKMVN:0.25925925925925924	VVSTTWHE:0.3333333333333333	AVSHRYWA:0.2962962962962963	LKKMPENL:0.25925925925925924	FLKKMPEN:0.25925925925925924	EAVSHRYW:0.2222222222222222	ELAVLGQR:0.2222222222222222	IVVSTTWH:0.3333333333333333	LAVLGQRF:0.2222222222222222	MEAAQRGA:0.25925925925925924	EFQGLAIM:0.3333333333333333	LSAYEAVS:0.25925925925925924	LLSAYEAV:0.25925925925925924	IMEAAQRG:0.3333333333333333	MPENLPAA:0.2222222222222222	IVYFHENQ:0.3333333333333333	VEAKMVNL:0.25925925925925924	TTWHEFQG:0.3333333333333333	LATSMVDL:0.2222222222222222	RIRGNPLS:0.3333333333333333	EAKMVNLY:0.25925925925925924	STTWHEFQ:0.3333333333333333	VSTTWHEF:0.3333333333333333	QGLAIMEA:0.3333333333333333	KKMPENLP:0.25925925925925924	AYEAVSHR:0.2222222222222222	FELAVLGQ:0.2222222222222222	LLLSAYEA:0.2962962962962963	KIVYFHEN:0.25925925925925924	KNPEDFFA:0.25925925925925924	RKIVYFHE:0.2222222222222222	NLYAALAA:0.2962962962962963	YAALAADT:0.25925925925925924	LPPRHFSW:0.2222222222222222	ENQFAYPE:0.2962962962962963	ATLVGLFP:0.25925925925925924	PRHFSWRI:0.2222222222222222	PPRHFSWR:0.2222222222222222	MVNLYAAL:0.2962962962962963	FSWRIRGN:0.3333333333333333	LYAALAAD:0.2962962962962963	VNLYAALA:0.2962962962962963	HFSWRIRG:0.2962962962962963	ARKIVYFH:0.2222222222222222	NQFAYPES:0.25925925925925924	SWRIRGNP:0.2222222222222222	RHFSWRIR:0.2962962962962963	DVVLATSM:0.2222222222222222	VFNTAYNR:0.2222222222222222	FNTAYNRD:0.2222222222222222	TAYNRDSF:0.2222222222222222	NTAYNRDS:0.2222222222222222	
