cluster number:1843
GT4:12	GT4:12
RSRYSWER:0.4166666666666667	AHSWTGGL:0.4166666666666667	GVDVERFR:0.25	LLHVGPLT:0.25	VPVIASAV:0.3333333333333333	GGLAAIAG:0.25	WGQDRPDV:0.25	ERISQELV:0.25	SWTGGLAA:0.25	FAGADRAR:0.25	WTGGLAAI:0.25	ASAVGAHL:0.4166666666666667	RLLHVGPL:0.4166666666666667	GVTGLLVP:0.6666666666666666	VGAHLDSV:0.3333333333333333	PISSQRCA:0.25	AMACGVPV:0.4166666666666667	SSQRCAVN:0.25	GADRARSR:0.4166666666666667	ASAVIAGC:0.25	GFAGADRA:0.25	ACGVPVIA:0.4166666666666667	RARSRYSW:0.4166666666666667	CGVPVIAS:0.4166666666666667	AVIAGCGD:0.25	GAHLDSVV:0.25	ISVIPCGV:0.25	HSWTGGLA:0.25	PADRPAQT:0.25	AVGAHLDS:0.4166666666666667	VIASAVGA:0.3333333333333333	GTRPRLLH:0.3333333333333333	TRPRLLHV:0.25	ADRPAQTS:0.25	SQRCAVNI:0.25	VDGVTGLL:0.3333333333333333	SRYSWERI:0.25	RYSWERIS:0.25	DRPAQTSR:0.25	RWGQDRPD:0.25	RFRRQGPA:0.25	SVVDGVTG:0.25	LADPTRRT:0.25	YSWERISQ:0.25	DRARSRYS:0.5	AGCGDEES:0.25	ERFRRQGP:0.25	MPISSQRC:0.25	VNIAFVSS:0.25	RPDVIHAH:0.4166666666666667	VIHAHSWT:0.4166666666666667	GVPVIASA:0.4166666666666667	ADPTRRTA:0.25	HAHSWTGG:0.4166666666666667	PRLLHVGP:0.25	LLADPTRR:0.25	ARGTRPRL:0.25	RGTRPRLL:0.3333333333333333	IASAVGAH:0.4166666666666667	EAMACGVP:0.5	SAVGAHLD:0.4166666666666667	AVNIAFVS:0.25	LEAMACGV:0.5833333333333334	RELLADPT:0.25	IAGCGDEE:0.25	TGGLAAIA:0.25	MACGVPVI:0.4166666666666667	VDVERFRR:0.25	DSVVDGVT:0.25	SWERISQE:0.25	DGVTGLLV:0.6666666666666666	CAVNIAFV:0.25	PDVIHAHS:0.4166666666666667	PVIASAVG:0.3333333333333333	AHLDSVVD:0.25	VIAGCGDE:0.25	ELLADPTR:0.25	RPRLLHVG:0.25	VVDGVTGL:0.3333333333333333	SVIPCGVD:0.25	LDSVVDGV:0.25	RASAVIAG:0.25	HLDSVVDG:0.25	GLAAIAGA:0.25	IHAHSWTG:0.4166666666666667	QRCAVNIA:0.25	ADRARSRY:0.5	GQDRPDVI:0.25	IRLGVPRR:0.25	QDRPDVIH:0.3333333333333333	ISSQRCAV:0.25	AGADRARS:0.4166666666666667	RCAVNIAF:0.25	DRPDVIHA:0.3333333333333333	DVIHAHSW:0.4166666666666667	SAVIAGCG:0.25	LIRLGVPR:0.4166666666666667	ARSRYSWE:0.4166666666666667	RPAQTSRL:0.25	WERISQEL:0.25	ALEAMACG:0.5	AELLIAGG:0.25	VALEAMAC:0.4166666666666667	IVALEAMA:0.3333333333333333	GIVALEAM:0.3333333333333333	TGIVALEA:0.25	ARELGREH:0.25	VPKLMRSA:0.25	PKLMRSAD:0.25	RVTLLGQV:0.25	DRVTLLGQ:0.25	IDGVTGLL:0.4166666666666667	VTGLLVPP:0.4166666666666667	IIDGVTGL:0.25	QLGVADRV:0.25	GVADRVTL:0.25	LGVADRVT:0.25	EQLGVADR:0.25	
