cluster number:415
GT4:19	GT4:19
DYYRWAEP:0.3684210526315789	YPYLSNLC:0.21052631578947367	AHFLILPT:0.3157894736842105	EANSFGVP:0.42105263157894735	ESHFLILP:0.21052631578947367	RKGGDIAL:0.21052631578947367	SHFLILPS:0.3157894736842105	CEANSFGV:0.21052631578947367	ANSFGVPC:0.2631578947368421	VGGIPTII:0.21052631578947367	KDYYRWAE:0.3157894736842105	HFLILPSR:0.21052631578947367	FLILPSRA:0.21052631578947367	LILPSRAE:0.21052631578947367	GVDWIRKG:0.3157894736842105	VDWIRKGG:0.3157894736842105	TELTIVGC:0.21052631578947367	PCKLLFIG:0.21052631578947367	LLFIGVDW:0.3157894736842105	IGVDWIRK:0.21052631578947367	NIVPIAYL:0.2631578947368421	LTIVGCKP:0.21052631578947367	KLLFIGVD:0.2631578947368421	FIGVDWIR:0.21052631578947367	ELTIVGCK:0.21052631578947367	CKLLFIGV:0.2631578947368421	VVPYGANL:0.2631578947368421	YYRWAEPL:0.21052631578947367	VLCPENIV:0.2631578947368421	YLGPLSKN:0.21052631578947367	KVVPYGAN:0.2631578947368421	KIKVVPYG:0.2631578947368421	CPENIVPI:0.2631578947368421	LGPLSKNF:0.21052631578947367	DYLGPLSK:0.21052631578947367	IKVVPYGA:0.2631578947368421	IYTSDWAA:0.21052631578947367	LDCKQPIV:0.21052631578947367	EAEALNRC:0.21052631578947367	KKDYYRWA:0.21052631578947367	LCPENIVP:0.2631578947368421	EAHFLILP:0.21052631578947367	SLINFYRH:0.2631578947368421	IVLCPENI:0.2631578947368421	LINFYRHM:0.2631578947368421	SSLINFYR:0.2631578947368421	TLSSLINF:0.2631578947368421	ENIVPIAY:0.21052631578947367	LSSLINFY:0.2631578947368421	IIYTSDWA:0.21052631578947367	PENIVPIA:0.2631578947368421	MEAEALNR:0.21052631578947367	DWFRKGGD:0.21052631578947367	VDWFRKGG:0.21052631578947367	
