cluster number:1453
GT4:117	GT4:117
QPHAWSFE:0.46153846153846156	RWEGMALA:0.5811965811965812	GRLCRQKG:0.452991452991453	AHSAKAGL:0.5470085470085471	VLPSRWEG:0.6068376068376068	LVLVGDGP:0.5299145299145299	DGARESLP:0.2564102564102564	VVCVGRLC:0.358974358974359	CVGRLCRQ:0.452991452991453	HAWSFEAV:0.4017094017094017	LCRQKGQD:0.452991452991453	LAPLEAMA:0.5470085470085471	HAHSAKAG:0.5555555555555556	RLCRQKGQ:0.452991452991453	VDGARESL:0.26495726495726496	GMALAPLE:0.5726495726495726	VCVGRLCR:0.4358974358974359	VGRLCRQK:0.452991452991453	VLVGDGPD:0.4017094017094017	QKGQDVLL:0.5555555555555556	LVHAHSAK:0.29914529914529914	DGGVARVV:0.41025641025641024	ALAPLEAM:0.5470085470085471	EGMALAPL:0.5726495726495726	VVLPSRWE:0.5128205128205128	SRWEGMAL:0.6324786324786325	LPSRWEGM:0.6068376068376068	PHAWSFEA:0.47863247863247865	CRQKGQDV:0.4188034188034188	MALAPLEA:0.5726495726495726	CLVPPEDP:0.23076923076923078	PSRWEGMA:0.6410256410256411	RQKGQDVL:0.5384615384615384	GARESLPP:0.4188034188034188	ARLVLVGD:0.5042735042735043	VHAHSAKA:0.4358974358974359	RLVLVGDG:0.5042735042735043	WEGMALAP:0.5811965811965812	DVDGARES:0.2564102564102564	PVDGGVAR:0.36752136752136755	PLEAMACG:0.4444444444444444	VDGGVARV:0.358974358974359	AKAGLAGR:0.42735042735042733	SAKAGLAG:0.42735042735042733	AGLAGRLA:0.358974358974359	VFQPHAWS:0.5641025641025641	HSAKAGLA:0.5726495726495726	TVFQPHAW:0.5641025641025641	QPVDGGVA:0.36752136752136755	APLEAMAC:0.452991452991453	EAMACGRP:0.358974358974359	LEAMACGR:0.41025641025641024	KAGLAGRL:0.36752136752136755	AMACGRPV:0.358974358974359	FQPHAWSF:0.5726495726495726	QDVLLRAW:0.21367521367521367	RGRVPTVF:0.2222222222222222	GVARVVTD:0.28205128205128205	GLAGRLAV:0.29914529914529914	GRLAVRGR:0.2222222222222222	LAGRLAVR:0.29914529914529914	ARESLPPG:0.23931623931623933	ARVVTDLV:0.2564102564102564	PGARLVLV:0.2905982905982906	VARVVTDL:0.27350427350427353	VRGRVPTV:0.20512820512820512	GQDVLLRA:0.21367521367521367	PTVFQPHA:0.5470085470085471	AGRLAVRG:0.2905982905982906	VPTVFQPH:0.2905982905982906	GGVARVVT:0.29914529914529914	GRVPTVFQ:0.21367521367521367	KGQDVLLR:0.21367521367521367	RVPTVFQP:0.21367521367521367	GARLVLVG:0.29914529914529914	VVTDLVRA:0.20512820512820512	PLVVCVGR:0.37606837606837606	LVVCVGRL:0.41025641025641024	RVVTDLVR:0.21367521367521367	LVGDGPDR:0.23931623931623933	VPGARLVL:0.23931623931623933	APLVVCVG:0.26495726495726496	ADLVVLPS:0.358974358974359	AADLVVLP:0.358974358974359	RAADLVVL:0.23076923076923078	LVVLPSRW:0.358974358974359	DLVVLPSR:0.358974358974359	AWSFEAVG:0.2222222222222222	MACGRPVV:0.23076923076923078	TDVDGARE:0.24786324786324787	WSFEAVGG:0.21367521367521367	
