cluster number:124
GT4:48	GT4:48|GT2:36|GT17:1
TLATNPVK:0.5208333333333334	MDHHEGFG:0.3541666666666667	EYLSAGKP:0.375	HHLSASFN:0.4166666666666667	VKVYEYLS:0.3958333333333333	MDVCLLPF:0.20833333333333334	SAGKPVVS:0.22916666666666666	VHHHLSAS:0.4375	VFVHHHLS:0.375	ATNPVKVY:0.4791666666666667	YEYLSAGK:0.375	LATNPVKV:0.4791666666666667	HFRIQRPQ:0.2916666666666667	LTLATNPV:0.5208333333333334	GVIDWHFR:0.2708333333333333	EDVFVHHH:0.375	TNPVKVYE:0.6458333333333334	YLSAGKPV:0.375	EDDDYCRR:0.5416666666666666	LNNDTVVT:0.2916666666666667	TNNIGNEA:0.6458333333333334	ADLLVATS:0.22916666666666666	TLAFFCVM:0.20833333333333334	FEDDDYCR:0.5416666666666666	HHEGFGNV:0.2708333333333333	VIDWHFRI:0.20833333333333334	HHHLSASF:0.6666666666666666	GLGFFEDD:0.3541666666666667	YDCMDHHE:0.3541666666666667	LSAGKPVV:0.375	VYEYLSAG:0.3958333333333333	DDDYCRRV:0.4791666666666667	LVILNNDT:0.25	WHFRIQRP:0.2916666666666667	DHHEGFGN:0.2916666666666667	GFFEDDDY:0.6875	VYDCMDHH:0.3333333333333333	DVFVHHHL:0.375	YGLGFFED:0.22916666666666666	AGKPVVSV:0.22916666666666666	DYLVILNN:0.22916666666666666	NNIGNEAK:0.5416666666666666	AMDVCLLP:0.20833333333333334	KVYEYLSA:0.3958333333333333	CAEDVFVH:0.2708333333333333	PLTLATNP:0.3958333333333333	RKIIGYYG:0.2708333333333333	FVHHHLSA:0.4375	DCMDHHEG:0.3541666666666667	NLEIIVVD:0.2916666666666667	NPVKVYEY:0.7083333333333334	CMDHHEGF:0.3541666666666667	GDYLVILN:0.22916666666666666	LGFFEDDD:0.3541666666666667	AEDVFVHH:0.2708333333333333	DWHFRIQR:0.2916666666666667	LEIIVVDN:0.3541666666666667	FFEDDDYC:0.6875	LVYDCMDH:0.25	DDYCRRVQ:0.22916666666666666	PVKVYEYL:0.7083333333333334	YLVILNND:0.25	IDWHFRIQ:0.2916666666666667	EYLAAGKP:0.2708333333333333	YLAAGKPV:0.2708333333333333	VYEYLAAG:0.20833333333333334	VKVYEYLA:0.25	KVYEYLAA:0.22916666666666666	YEYLAAGK:0.25	FIHHHLSA:0.22916666666666666	DDYCRRVE:0.25	VFIHHHLS:0.22916666666666666	DVFIHHHL:0.22916666666666666	GPLDEAFG:0.20833333333333334	VIVVTYNN:0.20833333333333334	IHHHLSAS:0.22916666666666666	VGPLDEAF:0.20833333333333334	NIGNEAKI:0.3333333333333333	SVIVVTYN:0.20833333333333334	VTNNIGNE:0.5	IIGYYGAI:0.20833333333333334	IPLTLATN:0.22916666666666666	IGYYGAIA:0.25	GPVTNNIG:0.5208333333333334	VGPVTNNI:0.25	PVTNNIGN:0.5208333333333334	LAAGKPVV:0.25	YYGAIAEW:0.25	YGAIAEWF:0.25	LSASFNKL:0.25	GYYGAIAE:0.25	HLSASFNK:0.2708333333333333	GAIAEWFD:0.2708333333333333	QRPQHLAR:0.20833333333333334	IGPVTNNI:0.22916666666666666	IVLTYNNL:0.20833333333333334	
