cluster number:772
GT4:13	GT4:13
QYRGAEVF:0.3076923076923077	LVTKRQYR:0.3076923076923077	NGSDTLKY:0.23076923076923078	GNFSPEKN:0.23076923076923078	MKILQLVT:0.3076923076923077	NFSPEKNH:0.23076923076923078	VTKRQYRG:0.3076923076923077	IQCNGSDT:0.3076923076923077	RQYRGAEV:0.3076923076923077	GAEVFAAN:0.3076923076923077	ILQLVTKR:0.3076923076923077	EVFAANLS:0.3076923076923077	EGVPGVIL:0.3076923076923077	RGAEVFAA:0.3076923076923077	CNGSDTLK:0.3076923076923077	GVPGVILE:0.3076923076923077	TKRQYRGA:0.3076923076923077	AEVFAANL:0.3076923076923077	GSDTLKYM:0.23076923076923078	QLVTKRQY:0.3076923076923077	LQLVTKRQ:0.3076923076923077	VPGVILEA:0.3076923076923077	KILQLVTK:0.3076923076923077	KRQYRGAE:0.3076923076923077	YRGAEVFA:0.3076923076923077	QCNGSDTL:0.3076923076923077	VEGVPGVI:0.3076923076923077	SVIRRGIP:0.23076923076923078	FAANLSKE:0.23076923076923078	AANLSKEL:0.23076923076923078	PDVIQCNG:0.23076923076923078	VGGVKEVL:0.23076923076923078	NVGGVKEV:0.3076923076923077	DVIQCNGS:0.23076923076923078	PGVILEAA:0.23076923076923078	VIQCNGSD:0.23076923076923078	VFAANLSK:0.23076923076923078	GGVKEVLI:0.23076923076923078	VIAYDVGG:0.23076923076923078	IVHVGSLT:0.23076923076923078	NASDTLKY:0.23076923076923078	ANASDTLK:0.3076923076923077	LIEGLPGV:0.3076923076923077	IQANASDT:0.23076923076923078	PGVILEAM:0.46153846153846156	SLIEGLPG:0.3076923076923077	EGLPGVIL:0.6153846153846154	IQKKQYRG:0.23076923076923078	QANASDTL:0.3076923076923077	PSLIEGLP:0.38461538461538464	GLPGVILE:0.6153846153846154	PDIIQANA:0.23076923076923078	QYRGAEIF:0.23076923076923078	LQIIQKKQ:0.23076923076923078	IEGLPGVI:0.5384615384615384	QKKQYRGA:0.23076923076923078	LPGVILEA:0.6153846153846154	VLPSLIEG:0.23076923076923078	ILQIIQKK:0.23076923076923078	KKQYRGAE:0.23076923076923078	LPSLIEGL:0.3076923076923077	NIVHVGSL:0.23076923076923078	KQYRGAEI:0.23076923076923078	DTLKYAVF:0.46153846153846156	PDVIQANA:0.23076923076923078	TLKYAVFS:0.46153846153846156	PDVVQANA:0.23076923076923078	LKYAVFSK:0.38461538461538464	SIIEGLPG:0.23076923076923078	GDTLKYAV:0.3076923076923077	ANAGDTLK:0.46153846153846156	PSIIEGLP:0.23076923076923078	VHVGGFSF:0.23076923076923078	NAGDTLKY:0.38461538461538464	HVGGFSFE:0.23076923076923078	QANAGDTL:0.46153846153846156	YAVFSKLL:0.23076923076923078	VGGFSFEK:0.23076923076923078	KYAVFSKL:0.3076923076923077	GGFSFEKN:0.23076923076923078	AGDTLKYA:0.38461538461538464	GFSFEKNH:0.23076923076923078	LPSIIEGL:0.23076923076923078	IIEGLPGV:0.23076923076923078	PIVFRNAS:0.3076923076923077	TPVVAYNV:0.3076923076923077	DIIQANAG:0.23076923076923078	IQANAGDT:0.3076923076923077	IIQANAGD:0.23076923076923078	PVVAYNVG:0.3076923076923077	IVFRNAST:0.23076923076923078	VVAYNVGG:0.3076923076923077	VAYNVGGI:0.23076923076923078	QPIVFRNA:0.23076923076923078	QKPQLRGA:0.23076923076923078	KPQLRGAE:0.23076923076923078	
