cluster number:1406
GT4:29	GT4:29
QYPDFLFP:0.20689655172413793	YPDFLFPG:0.20689655172413793	YKGLDILL:0.3103448275862069	ILFFGFIR:0.3103448275862069	AADLVVQP:0.27586206896551724	ADLVVQPY:0.3103448275862069	FLFPGKSQ:0.2413793103448276	IVTFSLQY:0.20689655172413793	LFPGKSQF:0.20689655172413793	LPFMGPAL:0.3793103448275862	IRAYKGLD:0.4482758620689655	FFGFIRAY:0.4482758620689655	VTFSLQYP:0.3448275862068966	PHPLYDNF:0.3793103448275862	LFFGFIRA:0.4482758620689655	FGFIRAYK:0.4482758620689655	PFMGPALG:0.4482758620689655	HPLYDNFG:0.4827586206896552	YKGLDLLL:0.20689655172413793	QYPSFLFP:0.20689655172413793	GFIRAYKG:0.4482758620689655	FMGPALGT:0.3793103448275862	LLFFGFIR:0.3793103448275862	YLLFFGFI:0.3103448275862069	PHEKRPGD:0.4482758620689655	YPSFLFPG:0.20689655172413793	WLPFMGPA:0.3793103448275862	AGEFYEDA:0.2413793103448276	FIRAYKGL:0.4482758620689655	MGPALGTI:0.20689655172413793	AYKGLDIL:0.2413793103448276	RAYKGLDI:0.27586206896551724	ATYNERLA:0.3103448275862069	PLRGGLAT:0.4482758620689655	RGGLATYN:0.3103448275862069	GGLATYNE:0.3103448275862069	GLATYNER:0.3103448275862069	YPLRGGLA:0.3448275862068966	LRGGLATY:0.3103448275862069	LATYNERL:0.3103448275862069	PAYPLRGG:0.3448275862068966	GPAYPLRG:0.3448275862068966	AYPLRGGL:0.3448275862068966	VAITDNVI:0.3103448275862069	IADALVDF:0.20689655172413793	FWLPFMGP:0.27586206896551724	VQPYKNAT:0.2413793103448276	NVIPHEKR:0.3103448275862069	GVSQIAYH:0.20689655172413793	KNATQSGV:0.2413793103448276	GQTQFSTE:0.27586206896551724	GYLLFFGF:0.20689655172413793	YNERLARA:0.27586206896551724	TDNVIPHE:0.3448275862068966	PYKNATQS:0.2413793103448276	FRFWLPFM:0.27586206896551724	VIIGPAYP:0.3103448275862069	GLDILLEA:0.20689655172413793	TYNERLAR:0.27586206896551724	VRATDFIP:0.27586206896551724	YRPHPLYD:0.20689655172413793	AITDNVIP:0.3103448275862069	LVTDVGGL:0.27586206896551724	NSVNPLSW:0.20689655172413793	MLVTDVGG:0.27586206896551724	FPGQTQFS:0.27586206896551724	QPYKNATQ:0.2413793103448276	ITDNVIPH:0.3103448275862069	ATQSGVSQ:0.3103448275862069	FLFPGQTQ:0.27586206896551724	YKNATQSG:0.2413793103448276	RFWLPFMG:0.27586206896551724	VGYVVPPT:0.20689655172413793	LFPGQTQF:0.27586206896551724	NATQSGVS:0.20689655172413793	NERLARAF:0.27586206896551724	DVGGLAEL:0.3103448275862069	VSQIAYHF:0.20689655172413793	TDVGGLAE:0.3448275862068966	IPHEKRPG:0.27586206896551724	ADALVDFY:0.2413793103448276	PGQTQFST:0.27586206896551724	ERLARAFR:0.2413793103448276	GGLAELIP:0.27586206896551724	PLTRYFLS:0.2413793103448276	QSGVSQIA:0.20689655172413793	IIGPAYPL:0.3103448275862069	DNVIPHEK:0.3448275862068966	SGVSQIAY:0.20689655172413793	RPMLVTDV:0.27586206896551724	SQIAYHFE:0.20689655172413793	IGPAYPLR:0.3103448275862069	VGGLAELI:0.3103448275862069	RPHPLYDN:0.20689655172413793	RATDFIPN:0.27586206896551724	ATDFIPNE:0.27586206896551724	PMLVTDVG:0.27586206896551724	PLYDNFGP:0.20689655172413793	VTDVGGLA:0.3448275862068966	VIPHEKRP:0.3103448275862069	VVIIGPAY:0.2413793103448276	LTRYFLSA:0.2413793103448276	TRYFLSAC:0.2413793103448276	KGLDILLE:0.20689655172413793	TQSGVSQI:0.20689655172413793	CAADMVVQ:0.20689655172413793	ADMVVQPY:0.20689655172413793	AADMVVQP:0.20689655172413793	IAGEFYED:0.2413793103448276	
