cluster number:1457
GT4:19	GT4:19
YALLSGID:0.2631578947368421	DGMKLKHP:0.2631578947368421	HPCVGLLQ:0.5789473684210527	MKLKHPCV:0.3684210526315789	KLKHPCVG:0.42105263157894735	VGGIPELM:0.3684210526315789	VGDGPYRD:0.2631578947368421	LMEKPVIA:0.21052631578947367	FVDRQRHF:0.3684210526315789	KHPCVGLL:0.5263157894736842	NNETGFLI:0.2631578947368421	LLSGIDMS:0.2631578947368421	IDMSPLTL:0.47368421052631576	DRQRHFGL:0.2631578947368421	TDGMKLKH:0.2631578947368421	IFVDRQRH:0.3157894736842105	LSGIDMSP:0.2631578947368421	DVYALLSG:0.2631578947368421	FYWVGDGP:0.3684210526315789	CVGLLQGA:0.3157894736842105	MSPLTLLE:0.21052631578947367	VDRQRHFG:0.3157894736842105	PCVGLLQG:0.42105263157894735	GSKIILPI:0.2631578947368421	FKWLGALE:0.2631578947368421	SKIILPIC:0.2631578947368421	KWLGALEY:0.2631578947368421	VIATNVGG:0.2631578947368421	LKHPCVGL:0.5789473684210527	VTFYWVGD:0.2631578947368421	PVIATNVG:0.2631578947368421	WLGALEYP:0.2631578947368421	EIDVYALL:0.3157894736842105	TKVLEKMP:0.2631578947368421	KLLIGGSS:0.21052631578947367	NVGGIPEL:0.42105263157894735	NFKWLGAL:0.2631578947368421	YWVGDGPY:0.3684210526315789	GIDMSPLT:0.47368421052631576	SGIDMSPL:0.3684210526315789	EKPVIATN:0.21052631578947367	RQRHFGLE:0.2631578947368421	ALLSGIDM:0.2631578947368421	IATNVGGI:0.2631578947368421	TFYWVGDG:0.2631578947368421	MKLLIGGS:0.21052631578947367	TNVGGIPE:0.5789473684210527	IDVYALLS:0.2631578947368421	GMKLKHPC:0.3684210526315789	VYALLSGI:0.2631578947368421	TLLEAQLM:0.21052631578947367	DMSPLTLL:0.21052631578947367	LTKVLEKM:0.2631578947368421	ATNVGGIP:0.5789473684210527	WVGDGPYR:0.2631578947368421	LTLLEAQL:0.21052631578947367	PLTLLEAQ:0.21052631578947367	MEKPVIAT:0.21052631578947367	GGIPELMK:0.2631578947368421	QRHFGLEA:0.2631578947368421	KPVIATNV:0.2631578947368421	SPLTLLEA:0.21052631578947367	VRQFLSEI:0.3157894736842105	FYWAGDGP:0.21052631578947367	RQFLSEID:0.3157894736842105	FLSEIDVY:0.3684210526315789	QFLSEIDV:0.2631578947368421	DYADGFPS:0.3157894736842105	VATNVGGI:0.3684210526315789	TLQEAQLM:0.2631578947368421	DMSPLTLQ:0.2631578947368421	ADGFPSRK:0.3157894736842105	VVATNVGG:0.3684210526315789	WFHTDGMK:0.21052631578947367	NWFHTDGM:0.21052631578947367	FHTDGMKL:0.21052631578947367	SEIDVYAL:0.3684210526315789	PEKVRQFL:0.2631578947368421	HTDGMKLK:0.21052631578947367	YADGFPSR:0.3157894736842105	EYPEKVRQ:0.2631578947368421	LTLQEAQL:0.2631578947368421	EKVRQFLS:0.2631578947368421	YPEKVRQF:0.2631578947368421	KVRQFLSE:0.2631578947368421	KPVVATNV:0.2631578947368421	LSEIDVYA:0.3684210526315789	PLTLQEAQ:0.2631578947368421	PVVATNVG:0.2631578947368421	LEYPEKVR:0.2631578947368421	MSPLTLQE:0.2631578947368421	SPLTLQEA:0.2631578947368421	EAQLMKKP:0.2631578947368421	AQLMKKPV:0.2631578947368421	NLKHPCVG:0.21052631578947367	PDAVFVDR:0.21052631578947367	
