cluster number:1539
GT4:13	GT4:13
SDYEGLPG:0.23076923076923078	VEALAAGL:0.3076923076923077	LFCPGNTY:0.23076923076923078	FCPGNTYA:0.38461538461538464	GVERVALG:0.23076923076923078	SSDYEGLP:0.23076923076923078	RLVPQKNF:0.3076923076923077	QKNFPLLL:0.23076923076923078	PQKNFPLL:0.3076923076923077	VERVALGL:0.23076923076923078	AGRLVPQK:0.46153846153846156	LSSDYEGL:0.23076923076923078	CPGNTYAV:0.23076923076923078	KNFPLLLR:0.23076923076923078	CSAPALDY:0.23076923076923078	LCSAPALD:0.23076923076923078	FLLSSDYE:0.23076923076923078	FPLLLRAF:0.23076923076923078	ATDCCVSM:0.23076923076923078	DYEGLPGV:0.23076923076923078	LATDCCVS:0.23076923076923078	SAPALDYW:0.23076923076923078	NFPLLLRA:0.23076923076923078	ELEGAARR:0.23076923076923078	VPQKNFPL:0.3076923076923077	LVPQKNFP:0.3076923076923077	PLLLRAFA:0.23076923076923078	GRLVPQKN:0.5384615384615384	ERVALGLA:0.23076923076923078	TAGRLVPQ:0.3076923076923077	PGGVERVA:0.46153846153846156	EALAAGLP:0.3076923076923077	LLSSDYEG:0.46153846153846156	LLLRAFAR:0.23076923076923078	GGVERVAL:0.46153846153846156	LEGAARRY:0.23076923076923078	EPGGVERV:0.46153846153846156	HSFEPGGV:0.38461538461538464	PIHSFEPG:0.23076923076923078	IHSFEPGG:0.23076923076923078	EALAGSLG:0.23076923076923078	ALAGSLGI:0.23076923076923078	LLLSSDYE:0.23076923076923078	FEPGGVER:0.38461538461538464	SFEPGGVE:0.38461538461538464	LEALAGSL:0.23076923076923078	SDYEGVPA:0.23076923076923078	SSDYEGVP:0.23076923076923078	LSSDYEGV:0.23076923076923078	ILSSDFEG:0.23076923076923078	FILSSDFE:0.23076923076923078	
