cluster number:2248
GT4:17	GT4:17
LTTFLALT:0.4117647058823529	LATDMLDL:0.35294117647058826	RLAYPEHV:0.23529411764705882	ENQLTYPW:0.5294117647058824	DLILATDM:0.23529411764705882	DAVLFNSR:0.23529411764705882	LLWNHRWE:0.23529411764705882	AADAVLFN:0.29411764705882354	ADAVLFNS:0.29411764705882354	FGASVVQA:0.29411764705882354	LAADAVLF:0.29411764705882354	NHRWEFDK:0.29411764705882354	ALAADAVL:0.29411764705882354	QLTYPWSP:0.47058823529411764	LDLTTFLA:0.4117647058823529	RMHGGAVT:0.5294117647058824	KWRMHGGA:0.5882352941176471	HGGAVTLA:0.47058823529411764	AVLFNSRY:0.23529411764705882	PDRLAYPE:0.29411764705882354	PLLLWNHR:0.23529411764705882	WKWRMHGG:0.5882352941176471	FHENQLTY:0.7647058823529411	LLLWNHRW:0.23529411764705882	LILATDML:0.23529411764705882	PDLILATD:0.29411764705882354	TTFLALTR:0.4117647058823529	VLFNSRYH:0.23529411764705882	YFHENQLT:0.7647058823529411	WRMHGGAV:0.5882352941176471	NQLTYPWS:0.47058823529411764	WNHRWEFD:0.29411764705882354	MHGGAVTL:0.47058823529411764	SALAADAV:0.4117647058823529	ATDMLDLT:0.29411764705882354	DMLDLTTF:0.35294117647058826	LAYPEHVP:0.23529411764705882	TDMLDLTT:0.29411764705882354	FFGASVVQ:0.29411764705882354	MLDLTTFL:0.4117647058823529	DLTTFLAL:0.4117647058823529	HENQLTYP:0.8823529411764706	WLWRADIL:0.23529411764705882	INYASALA:0.23529411764705882	EPYFTGSH:0.23529411764705882	WRADILPV:0.23529411764705882	NYASALAA:0.23529411764705882	VLPLGLDL:0.29411764705882354	YAFINYAS:0.23529411764705882	ALYFHENQ:0.29411764705882354	ASALAADA:0.23529411764705882	PYFTGSHA:0.23529411764705882	HYAFINYA:0.23529411764705882	YASALAAD:0.23529411764705882	LWRADILP:0.23529411764705882	FTGSHAAW:0.23529411764705882	FINYASAL:0.23529411764705882	ADILPVTS:0.35294117647058826	LYFHENQL:0.5294117647058824	RADILPVT:0.29411764705882354	LWNHRWEY:0.29411764705882354	HWKWRMHG:0.29411764705882354	GRHWKWRM:0.29411764705882354	PGRHWKWR:0.23529411764705882	NHRWEYDK:0.29411764705882354	WNHRWEYD:0.29411764705882354	RWEYDKNP:0.35294117647058826	HRWEYDKN:0.29411764705882354	LPGRHWKW:0.23529411764705882	RHWKWRMH:0.29411764705882354	GGAVTLAR:0.35294117647058826	EYDKNPEE:0.23529411764705882	DKNPEEFF:0.23529411764705882	WEYDKNPE:0.29411764705882354	YDKNPEEF:0.23529411764705882	
