cluster number:740
GT4:86	GT4:86
TIKPVIYG:0.47674418604651164	ITTDAPGC:0.7093023255813954	TTDAPGCR:0.7441860465116279	LGDKGVRE:0.3372093023255814	TDAPGCRE:0.6976744186046512	APGCRETV:0.7209302325581395	LLGDKGVR:0.36046511627906974	PGCRETVV:0.3488372093023256	YTIKPVIY:0.47674418604651164	CRETVVDG:0.20930232558139536	ALITGLGY:0.47674418604651164	GDKGVREY:0.3372093023255814	IITTDAPG:0.4069767441860465	VLEAMAMG:0.5465116279069767	RFALITGL:0.4186046511627907	DAPGCRET:0.7093023255813954	RLLGDKGV:0.36046511627906974	GCRETVVD:0.2441860465116279	ARLLGDKG:0.4069767441860465	LSDVRPAI:0.313953488372093	SYTIKPVI:0.32558139534883723	LEAMAMGR:0.6046511627906976	SDVRPAIA:0.22093023255813954	FALITGLG:0.4186046511627907	DKGVREYA:0.313953488372093	KGVREYAE:0.20930232558139536	GTPRTVLE:0.5116279069767442	SYREGTPR:0.627906976744186	IARLLGDK:0.3953488372093023	EAMAMGRA:0.4186046511627907	GKLSDVRP:0.22093023255813954	KLSDVRPA:0.22093023255813954	PRTVLEAM:0.5348837209302325	VVNGSGVD:0.23255813953488372	ITGLGYAF:0.6046511627906976	PSYREGTP:0.627906976744186	EGTPRTVL:0.5116279069767442	LPSYREGT:0.6511627906976745	FLLIARLL:0.5581395348837209	SVYVLPSY:0.5	VLPSYREG:0.6744186046511628	SFLLIARL:0.27906976744186046	RTVLEAMA:0.46511627906976744	AMAMGRAI:0.20930232558139536	LLIARLLG:0.4069767441860465	LITGLGYA:0.5465116279069767	TVLEAMAM:0.46511627906976744	VFFQNPDD:0.5930232558139535	VYVLPSYR:0.5	SSVYVLPS:0.27906976744186046	LIARLLGD:0.3953488372093023	TPRTVLEA:0.5116279069767442	YVLPSYRE:0.5930232558139535	REGTPRTV:0.5116279069767442	YREGTPRT:0.5348837209302325	VVVNGSGV:0.26744186046511625	TGLGYAFQ:0.3953488372093023	LSYTIKPV:0.3023255813953488	VGWIDENP:0.2558139534883721	KVFFQNPD:0.4186046511627907	MQRTGTNP:0.2441860465116279	VIYGTLAA:0.2558139534883721	VLSYTIKP:0.27906976744186046	IKPVIYGT:0.29069767441860467	KPVIYGTL:0.3023255813953488	LVGWIDEN:0.20930232558139536	MGRAIITT:0.27906976744186046	PVIYGTLA:0.3023255813953488	GRAIITTD:0.2441860465116279	AIITTDAP:0.23255813953488372	RAIITTDA:0.23255813953488372	AMGRAVIT:0.20930232558139536	VITTDAPG:0.3023255813953488	MAMGRAVI:0.20930232558139536	AVITTDAP:0.20930232558139536	RAVITTDA:0.20930232558139536	MGRAVITT:0.22093023255813954	AMAMGRAV:0.22093023255813954	GRAVITTD:0.22093023255813954	FFQNPDDL:0.2441860465116279	LNFRGKLL:0.20930232558139536	
