cluster number:1449
GT4:24	GT4:24
EQWGLVVN:0.5	YGPYHLAR:0.375	NYGPYHLA:0.2916666666666667	WDLVLCGD:0.4166666666666667	VNEAMAAG:0.7083333333333334	NEAMAAGL:0.75	LVSNRCGC:0.3333333333333333	LVVNEAMA:0.8333333333333334	QEQWGLVV:0.25	GLPVLVSN:0.3333333333333333	LPVLVSNR:0.2916666666666667	AMAAGLPV:0.625	VLVSNRCG:0.2916666666666667	GLVVNEAM:0.8333333333333334	VLCGDGEL:0.25	AAGLPVLV:0.4166666666666667	VVNEAMAA:0.75	WGLVVNEA:0.9583333333333334	QWGLVVNE:0.5	DLVLCGDG:0.4583333333333333	EAMAAGLP:0.7083333333333334	AWDLVLCG:0.3333333333333333	PVLVSNRC:0.2916666666666667	LCGDGELR:0.25	VHLPGFLQ:0.3333333333333333	LVLCGDGE:0.25	MAAGLPVL:0.5	AGLPVLVS:0.4166666666666667	FTNYGPYH:0.25	LLPYFAHA:0.2916666666666667	HLPGFLQQ:0.3333333333333333	LPGFLQQD:0.20833333333333334	LFTNYGPY:0.20833333333333334	KFSPDYFA:0.20833333333333334	SPDYFAQG:0.20833333333333334	CGCFEDLV:0.2916666666666667	PDYFAQGL:0.20833333333333334	SNRCGCFE:0.2916666666666667	RCGCFEDL:0.2916666666666667	NRCGCFED:0.2916666666666667	VSNRCGCF:0.2916666666666667	GPYHLARL:0.25	GCFEDLVI:0.20833333333333334	
