cluster number:475
GT4:47	GT4:47
HSCVATWW:0.44680851063829785	RYEPFGLA:0.40425531914893614	VLEAAGAG:0.2127659574468085	FGLAVLEA:0.6595744680851063	AALDRLAA:0.2127659574468085	LEAAGAGC:0.2127659574468085	ALGGVWQY:0.2127659574468085	FVSLARYE:0.23404255319148937	PVFVSLAR:0.23404255319148937	ADALGGVW:0.23404255319148937	VFVSLARY:0.23404255319148937	YEPFGLAV:0.5106382978723404	KNAAALDR:0.2127659574468085	NAAALDRL:0.2127659574468085	ALDRLAAR:0.2127659574468085	GCALVLSD:0.6382978723404256	GADLVHLH:0.2127659574468085	SCVATWWA:0.3191489361702128	AAGAGCAL:0.2127659574468085	VCHSCVAT:0.2553191489361702	LARYEPFG:0.2765957446808511	GLAVLEAA:0.6595744680851063	AVCHSCVA:0.2553191489361702	AVLEAAGA:0.2127659574468085	VSLARYEP:0.23404255319148937	CHSCVATW:0.2553191489361702	DALGGVWQ:0.2127659574468085	PFGLAVLE:0.6595744680851063	EAAGAGCA:0.2127659574468085	SLARYEPF:0.2765957446808511	VAVCHSCV:0.23404255319148937	ARYEPFGL:0.5319148936170213	CALVLSDI:0.574468085106383	AKNAAALD:0.2127659574468085	VVAVCHSC:0.23404255319148937	LAVLEAAG:0.23404255319148937	AGCALVLS:0.6382978723404256	EPFGLAVL:0.6595744680851063	AAALDRLA:0.2127659574468085	RPVFVSLA:0.23404255319148937	LDRLAARL:0.2127659574468085	PVVAVCHS:0.23404255319148937	AVGGVWQY:0.2978723404255319	IPTFRELW:0.48936170212765956	LSDIPTFR:0.40425531914893614	DIPTFREL:0.46808510638297873	ADAVGGVW:0.2553191489361702	GRLWDEGK:0.2765957446808511	SDIPTFRE:0.40425531914893614	PTFRELWD:0.3404255319148936	DAVGGVWQ:0.2978723404255319	HLNSPALA:0.23404255319148937	FRELWDGA:0.44680851063829785	RELWDGAA:0.44680851063829785	LEAAQAGC:0.2553191489361702	VLEAAQAG:0.23404255319148937	TFRELWDG:0.2553191489361702	LVLSDIPT:0.3404255319148936	ALVLSDIP:0.3829787234042553	VLSDIPTF:0.3404255319148936	FTAGRLWD:0.5531914893617021	VFTAGRLW:0.2978723404255319	LNSPALAA:0.2127659574468085	AFTAGRLW:0.2553191489361702	ALYEPFGL:0.2553191489361702	TAGRLWDE:0.2127659574468085	RLWDEGKN:0.2553191489361702	AGRLWDEG:0.2127659574468085	
