cluster number:2287
GT4:18	GT4:18
CDAVVIPS:0.4444444444444444	GNVCLEAR:0.2777777777777778	RIDDVPAF:0.2777777777777778	QGMGWTGG:0.2777777777777778	VVIPSRWE:0.6666666666666666	GRIDDVPA:0.2777777777777778	HHYSAGFE:0.2222222222222222	EHHYSAGF:0.2222222222222222	DAVVIPSR:0.4444444444444444	AVVIPSRW:0.4444444444444444	VGRIDDVP:0.2777777777777778	NVCLEARA:0.2777777777777778	GMGWTGGI:0.2777777777777778	WGNVCLEA:0.4444444444444444	IDDVPAFL:0.2777777777777778	FVGRIDDV:0.2777777777777778	VCLEARAA:0.2777777777777778	VIPSRWEP:0.6666666666666666	EPWGNVCL:0.3888888888888889	RWEPWGNV:0.5	SRWEPWGN:0.5	PSRWEPWG:0.6111111111111112	LGAYGRFC:0.2222222222222222	WEPWGNVC:0.3888888888888889	PWGNVCLE:0.3888888888888889	IPSRWEPW:0.5555555555555556	ILGAYGRF:0.2777777777777778	QKGFDVLL:0.2777777777777778	VCLEAKAA:0.2777777777777778	EAKAAGKP:0.2777777777777778	LEAKAAGK:0.2777777777777778	CLEAKAAG:0.2222222222222222	DVVVIPSR:0.2222222222222222	VVVIPSRW:0.2222222222222222	CDVVVIPS:0.2222222222222222	
