cluster number:950
GT4:17	GT4:17
GRYAPQKG:0.23529411764705882	QWKNLFES:0.23529411764705882	LKPDITIS:0.23529411764705882	SSRYEGFG:0.5294117647058824	ELKPDITI:0.23529411764705882	SSIFVLSS:0.5882352941176471	KPDITIST:0.35294117647058826	LNELKPDI:0.23529411764705882	VLSSRYEG:0.29411764705882354	KICYLIEN:0.23529411764705882	LSSRYEGF:0.4117647058823529	IFVLSSRY:0.29411764705882354	PQKGFDML:0.23529411764705882	RYAPQKGF:0.23529411764705882	YAPQKGFD:0.23529411764705882	SIFVLSSR:0.5294117647058824	NELKPDIT:0.23529411764705882	FVLSSRYE:0.29411764705882354	QKGFDMLI:0.23529411764705882	FACPCGPR:0.35294117647058826	IHFNKSNY:0.29411764705882354	YPSGMERV:0.23529411764705882	SGMERVLT:0.23529411764705882	TDGSIKLG:0.23529411764705882	PCGPRDII:0.4117647058823529	LYYPSGME:0.23529411764705882	GEIHFNKS:0.29411764705882354	YYPSGMER:0.23529411764705882	MTDGSIKL:0.23529411764705882	FEGFGMVI:0.23529411764705882	EAMVCGVP:0.23529411764705882	GFGMVITE:0.29411764705882354	EWTELNNV:0.23529411764705882	AMVCGVPP:0.23529411764705882	FGMVITEA:0.29411764705882354	CGPRDIIE:0.23529411764705882	ELNNVTVI:0.23529411764705882	ITISLLRR:0.23529411764705882	PSGMERVL:0.23529411764705882	LGEIHFNK:0.29411764705882354	ISLLRRDI:0.23529411764705882	GMVITEAM:0.29411764705882354	WTELNNVT:0.23529411764705882	HFNKSNYR:0.29411764705882354	NVTVIHNP:0.23529411764705882	VTVIHNPL:0.23529411764705882	KLGEIHFN:0.29411764705882354	KYCESSIF:0.35294117647058826	LNNVTVIH:0.23529411764705882	SIKLGEIH:0.23529411764705882	NNVTVIHN:0.23529411764705882	GSIKLGEI:0.23529411764705882	TISLLRRD:0.23529411764705882	QVIAVGRY:0.23529411764705882	ESSIFVLS:0.35294117647058826	FNKSNYRE:0.23529411764705882	EGFGMVIT:0.29411764705882354	EIHFNKSN:0.29411764705882354	KQVIAVGR:0.23529411764705882	SLLRRDIN:0.23529411764705882	ACPCGPRD:0.35294117647058826	CPCGPRDI:0.4117647058823529	IKLGEIHF:0.23529411764705882	DGSIKLGE:0.23529411764705882	KIAYCIPS:0.23529411764705882	QKGFDRLI:0.29411764705882354	TELNNVTV:0.23529411764705882	LSSRFEGF:0.23529411764705882	FGMVLVEA:0.29411764705882354	EGFGMVLV:0.29411764705882354	GFGMVLVE:0.29411764705882354	RFEGFGMV:0.23529411764705882	SRFEGFGM:0.23529411764705882	SSRFEGFG:0.23529411764705882	IFVLSSRF:0.23529411764705882	FVLSSRFE:0.23529411764705882	AMACGVPP:0.23529411764705882	PPVSFACP:0.29411764705882354	MACGVPPV:0.23529411764705882	DITISTLR:0.23529411764705882	CGVPPVSF:0.4117647058823529	YEGFGMVL:0.23529411764705882	ITISTLRR:0.23529411764705882	RYEGFGMV:0.35294117647058826	GVPPVSFA:0.29411764705882354	VPPVSFAC:0.29411764705882354	EAMACGVP:0.23529411764705882	VIHNPLPF:0.23529411764705882	PDITISTL:0.23529411764705882	QKGFDLLI:0.23529411764705882	SRYEGFGM:0.35294117647058826	QVIAAGRY:0.23529411764705882	DKYCESSI:0.23529411764705882	KQVIAAGR:0.23529411764705882	
