cluster number:615
GT4:251	GT4:251
PLEAMACG:0.5378486055776892	AGGQNVHV:0.3426294820717131	YEPFGIVP:0.41832669322709165	AMVSEHAS:0.2151394422310757	EPFGIVPL:0.3944223107569721	PFGIVPLE:0.3944223107569721	VPLEAMAC:0.4103585657370518	IAMVSEHA:0.20717131474103587	VHAHFWMS:0.26693227091633465	VTVYTRRD:0.23107569721115537	AMACGVPV:0.46613545816733065	AHFWMSGL:0.29880478087649404	PWYEPFGI:0.32669322709163345	HFWMSGLA:0.3784860557768924	VHVPAGPA:0.20318725099601595	SVVPCGVD:0.250996015936255	MVSEHASP:0.2908366533864542	VVHAHFWM:0.2350597609561753	HAHFWMSG:0.4900398406374502	WYEPFGIV:0.2908366533864542	FGIVPLEA:0.398406374501992	SEHASPLA:0.6215139442231076	ACGVPVVA:0.2788844621513944	CTPWYEPF:0.20717131474103587	IVPLEAMA:0.3904382470119522	EAMACGVP:0.47410358565737054	DAGGQNVH:0.3426294820717131	LEAMACGV:0.43824701195219123	GRLVPRKG:0.3147410358565737	VSEHASPL:0.36254980079681276	GIVPLEAM:0.3944223107569721	GGQNVHVA:0.350597609561753	MACGVPVV:0.3705179282868526	PALLRSAD:0.2151394422310757	VVHVPAGP:0.3346613545816733	VGRLVPRK:0.20717131474103587	EHASPLAA:0.3187250996015936	TPWYEPFG:0.250996015936255	HASPLAAL:0.2788844621513944	SPLAALGG:0.26294820717131473	ASPLAALG:0.2788844621513944	IAMISEHA:0.21912350597609562	ALGTVKRR:0.2868525896414343	ISEHASPL:0.28286852589641437	AMISEHAS:0.24302788844621515	LGTVKRRH:0.22310756972111553	GTVKRRHQ:0.22310756972111553	RIAMISEH:0.20717131474103587	HALGTVKR:0.2868525896414343	MISEHASP:0.2749003984063745	MRIAMISE:0.20318725099601595	APWYEPFG:0.22709163346613545	VQTFHALG:0.27091633466135456	LAALGGVD:0.20717131474103587	GVDAGGQN:0.3147410358565737	ALGGVDAG:0.20318725099601595	PLAALGGV:0.20717131474103587	GGVDAGGQ:0.3147410358565737	LGGVDAGG:0.30278884462151395	VDAGGQNV:0.33067729083665337	FWMSGLAA:0.20318725099601595	
