cluster number:1424
GT4:72	GT4:72
GIPNNYGG:0.3055555555555556	SLLEAMAS:0.3611111111111111	RGIPNNYG:0.3055555555555556	NPSLLEAM:0.5694444444444444	NMDGLEWK:0.3055555555555556	GTNPSLLE:0.6111111111111112	GHSVGGTN:0.8194444444444444	TNPSLLEA:0.5833333333333334	TRGIPNNY:0.2638888888888889	GGTNPSLL:0.6111111111111112	SVGGTNPS:0.4722222222222222	PSLLEAMA:0.4305555555555556	PNNYGGFE:0.3055555555555556	LGTRGIPN:0.20833333333333334	ILGTRGIP:0.20833333333333334	YFHGHSVG:0.7361111111111112	HSVGGTNP:0.8194444444444444	FHGHSVGG:0.75	VGGTNPSL:0.6527777777777778	HGHSVGGT:0.8194444444444444	NNYGGFEQ:0.2638888888888889	IPNNYGGF:0.3055555555555556	MDGLEWKR:0.3055555555555556	IVGSSGYG:0.2361111111111111	SYYGGFET:0.2916666666666667	VARFVPEN:0.3055555555555556	IIGTRGYP:0.2638888888888889	RGYPSYYG:0.2916666666666667	AIIGTRGY:0.20833333333333334	VIVGSSGY:0.2222222222222222	TRGYPSYY:0.2916666666666667	VAIIGTRG:0.20833333333333334	VVIVGSSG:0.2222222222222222	ARFVPENT:0.2638888888888889	PSYYGGFE:0.2916666666666667	GYPSYYGG:0.2916666666666667	YPSYYGGF:0.2916666666666667	VGSSGYGG:0.25	IGTRGYPS:0.2916666666666667	GTRGYPSY:0.2916666666666667	VNVDGIEW:0.2361111111111111	ARLEPENN:0.20833333333333334	AYFHGHSV:0.4166666666666667	YGGFEQFA:0.3888888888888889	GFEQFAEY:0.2777777777777778	NYGGFEQF:0.2222222222222222	GGFEQFAE:0.4027777777777778	GAYFHGHS:0.2777777777777778	SVGGTNPA:0.3333333333333333	AGAYFHGH:0.2222222222222222	TNPALVQA:0.3194444444444444	VGGTNPAL:0.3333333333333333	GTNPALVQ:0.3194444444444444	GGTNPALV:0.3194444444444444	PALVQAMA:0.2777777777777778	NPALVQAM:0.3194444444444444	TNMDGLEW:0.2916666666666667	ILQLGYTS:0.2638888888888889	DIILQLGY:0.20833333333333334	LQLGYTSS:0.20833333333333334	IILQLGYT:0.20833333333333334	IIGTRGIP:0.20833333333333334	IGTRGIPN:0.2222222222222222	QLGYTSSS:0.20833333333333334	
