cluster number:1127
GT4:13	GT4:13
LPGSGVDL:0.38461538461538464	IIQKYDEK:0.23076923076923078	KIIQKYDE:0.23076923076923078	SDCVVLPS:0.3076923076923077	SYREGTPR:0.38461538461538464	KLNQKFNV:0.23076923076923078	TIGCKDVV:0.23076923076923078	NDFIEYLG:0.23076923076923078	ITKIAKFL:0.23076923076923078	NFITKIAK:0.23076923076923078	PIITTNTI:0.23076923076923078	TKIAKFLY:0.23076923076923078	DCVVLPSY:0.46153846153846156	RLWGGVGR:0.23076923076923078	NTSWSIYN:0.23076923076923078	LNQKFNVY:0.23076923076923078	SGVDLDKF:0.3076923076923077	GTIFIKQN:0.23076923076923078	VLPGSGVD:0.23076923076923078	LKPDIVLN:0.23076923076923078	KYDEKFVI:0.23076923076923078	QNFITKIA:0.23076923076923078	KSDCVVLP:0.3076923076923077	QKYDEKFV:0.23076923076923078	FITKIAKF:0.23076923076923078	IITTNTIG:0.23076923076923078	CVVLPSYR:0.38461538461538464	DIDSNGIN:0.23076923076923078	NTIGCKDV:0.23076923076923078	GVDLDKFK:0.3076923076923077	PGSGVDLD:0.3076923076923077	GCKDVVDD:0.23076923076923078	KIAKFLYK:0.23076923076923078	PSYREGTP:0.38461538461538464	LPSYREGT:0.38461538461538464	SKSDCVVL:0.23076923076923078	VVLPSYRE:0.38461538461538464	TIKPNIYS:0.3076923076923077	FIKQNFIT:0.23076923076923078	IKQNFITK:0.23076923076923078	TGLGTIFI:0.3076923076923077	IVLNFTIK:0.3076923076923077	VDIDSNGI:0.23076923076923078	VLPSYREG:0.3076923076923077	TDNVADII:0.23076923076923078	NFKIWLLG:0.23076923076923078	IQKYDEKF:0.23076923076923078	NIDVLPGS:0.23076923076923078	NFTIKPNI:0.3076923076923077	FTIKPNIY:0.38461538461538464	KQNFITKI:0.23076923076923078	RLIKDKGI:0.3076923076923077	KIIIISNT:0.23076923076923078	VGRLIKDK:0.23076923076923078	IDVLPGSG:0.23076923076923078	GRLIKDKG:0.3076923076923077	FRLNLAKA:0.23076923076923078	NFRLNLAK:0.23076923076923078	VDLDKFKP:0.38461538461538464	DIVLNFTI:0.23076923076923078	PDIVLNFT:0.23076923076923078	LGTIFIKQ:0.23076923076923078	KPNIYSSL:0.3076923076923077	GSGVDLDK:0.3076923076923077	AKFLYKIA:0.23076923076923078	IGCKDVVD:0.23076923076923078	TSWSIYNF:0.23076923076923078	IIISNTSW:0.23076923076923078	IDSNGINP:0.23076923076923078	GINGLLCE:0.23076923076923078	TNTIGCKD:0.23076923076923078	IIIISNTS:0.23076923076923078	IISNTSWS:0.23076923076923078	GLGTIFIK:0.23076923076923078	KFLYKIAL:0.23076923076923078	TTNTIGCK:0.23076923076923078	ITTNTIGC:0.23076923076923078	SWSIYNFR:0.23076923076923078	TIFIKQNF:0.23076923076923078	IFIKQNFI:0.23076923076923078	ISKSDCVV:0.23076923076923078	KPDIVLNF:0.23076923076923078	DGINGLLC:0.23076923076923078	IAKFLYKI:0.23076923076923078	VLNFTIKP:0.3076923076923077	ISNTSWSI:0.23076923076923078	LNFTIKPN:0.3076923076923077	SNTSWSIY:0.23076923076923078	INGLLCEV:0.23076923076923078	CKDVVDDG:0.23076923076923078	IKPNIYSS:0.3076923076923077	KPIITTNT:0.3076923076923077	DVLPGSGV:0.23076923076923078	YNFRLNLA:0.3076923076923077	LACGLPII:0.23076923076923078	ALACGLPI:0.23076923076923078	VEALACGL:0.23076923076923078	PRSLLEAA:0.3076923076923077	TPRSLLEA:0.3076923076923077	EALACGLP:0.23076923076923078	RSLLEAAA:0.3076923076923077	GTPRSLLE:0.3076923076923077	REGTPRSL:0.3076923076923077	SLLEAAAM:0.3076923076923077	EGTPRSLL:0.3076923076923077	YREGTPRS:0.3076923076923077	
