cluster number:2268
GT4:14	GT4:14
GIVTGVNP:0.35714285714285715	LKAKVHLP:0.21428571428571427	TLADATQD:0.21428571428571427	IITRSSGI:0.21428571428571427	AMACRRPV:0.7142857142857143	DISFFTPG:0.35714285714285715	VQLYRDSD:0.21428571428571427	AQRGYELV:0.42857142857142855	ELVVNQFN:0.21428571428571427	AGIVTGVN:0.21428571428571427	LLKAKVHL:0.21428571428571427	IDAGIVTG:0.21428571428571427	RLRGRLAL:0.2857142857142857	SPVQADFL:0.21428571428571427	TLFEAMAC:0.6428571428571429	PVIITRSS:0.21428571428571427	RGRLALKL:0.5	ELVQLYRD:0.21428571428571427	RPVIITRS:0.21428571428571427	PVQADFLR:0.21428571428571427	QDLNVDVK:0.21428571428571427	ALKLLNVQ:0.21428571428571427	LVQLYRDS:0.21428571428571427	DATQDLNV:0.21428571428571427	SGIIGDLI:0.21428571428571427	PTDISFFT:0.2857142857142857	NAQAGKCP:0.21428571428571427	NRLRGRLA:0.21428571428571427	LALKLLNV:0.21428571428571427	GYELVVNQ:0.21428571428571427	VTGVNPGD:0.2857142857142857	RRPVIITR:0.21428571428571427	IVTGVNPG:0.2857142857142857	EKRDYRTL:0.2857142857142857	DLNVDVKI:0.2857142857142857	NINRLRGR:0.21428571428571427	SSGIIGDL:0.21428571428571427	YELVVNQF:0.21428571428571427	LEKRDYRT:0.2857142857142857	RLALKLLN:0.21428571428571427	RYHIALSY:0.21428571428571427	MACRRPVI:0.5	ACRRPVII:0.35714285714285715	YTQALVTK:0.35714285714285715	VIITRSSG:0.21428571428571427	TDISFFTP:0.2857142857142857	GIIGDLID:0.2857142857142857	RSSGIIGD:0.21428571428571427	CRRPVIIT:0.35714285714285715	SFFTPGPA:0.2857142857142857	LIDAGIVT:0.21428571428571427	PPTDISFF:0.21428571428571427	AKVAPPKI:0.21428571428571427	QALVTKLT:0.21428571428571427	QLYRDSDV:0.21428571428571427	MRYHIALS:0.21428571428571427	INRLRGRL:0.21428571428571427	PQHWALAR:0.21428571428571427	GRLALKLL:0.21428571428571427	LTTLFEAM:0.2857142857142857	ADATQDLN:0.21428571428571427	QAQRGYEL:0.35714285714285715	APPTDISF:0.21428571428571427	LRGRLALK:0.2857142857142857	LVVNQFNH:0.21428571428571427	LADATQDL:0.21428571428571427	ATQDLNVD:0.21428571428571427	GLTTLFEA:0.2857142857142857	AGLTTLFE:0.2857142857142857	LNVDVKIC:0.2857142857142857	LFEAMACR:0.6428571428571429	ALVTKLTS:0.21428571428571427	GLEKRDYR:0.35714285714285715	EAMACRRP:0.7857142857142857	TQALVTKL:0.35714285714285715	TRSSGIIG:0.21428571428571427	AQNAQAGK:0.21428571428571427	LYRDSDVV:0.21428571428571427	KAKVHLPI:0.21428571428571427	KRDYRTLA:0.2857142857142857	ITRSSGII:0.35714285714285715	HNINRLRG:0.21428571428571427	VQADFLRN:0.21428571428571427	DAGIVTGV:0.21428571428571427	TQDLNVDV:0.21428571428571427	FEAMACRR:0.7142857142857143	TTLFEAMA:0.2857142857142857	QNAQAGKC:0.21428571428571427	VDVKICAF:0.42857142857142855	KLRPIIGS:0.21428571428571427	KRDYQTLA:0.2857142857142857	DVKICAFS:0.42857142857142855	SDDVIFCA:0.21428571428571427	YRDSDIVV:0.21428571428571427	VKICAFSP:0.35714285714285715	NVDVKICA:0.21428571428571427	ACRRPVIV:0.21428571428571427	CRRPVIVT:0.21428571428571427	GRLALKLF:0.42857142857142855	DLVQLYRD:0.21428571428571427	DVIYCDGE:0.21428571428571427	PIIGSGGL:0.21428571428571427	RPIIGSGG:0.21428571428571427	RRPVIVTR:0.21428571428571427	IIGSGGLE:0.21428571428571427	GGLEKRDY:0.42857142857142855	GSGGLEKR:0.2857142857142857	IIGDLIDS:0.21428571428571427	SGGLEKRD:0.42857142857142855	IGSGGLEK:0.2857142857142857	NNYQAGLS:0.35714285714285715	QPTDISFF:0.21428571428571427	EQPTDISF:0.21428571428571427	GLSTLFEA:0.21428571428571427	DSGIVTGV:0.21428571428571427	IDSGIVTG:0.21428571428571427	STLFEAMA:0.21428571428571427	LIDSGIVT:0.21428571428571427	QAGLSTLF:0.21428571428571427	NYQAGLST:0.2857142857142857	YQAGLSTL:0.21428571428571427	AGLSTLFE:0.21428571428571427	MACRRPVV:0.21428571428571427	WALARKLS:0.2857142857142857	RLALKLFG:0.21428571428571427	VQLYRDAD:0.21428571428571427	LVQLYRDA:0.21428571428571427	LDVDVKIS:0.21428571428571427	
