cluster number:1042
GT4:39	GT4:39
ITAHGSDL:0.23076923076923078	KREGFGLV:0.3333333333333333	HEVHVLTY:0.5641025641025641	LVRELRKR:0.38461538461538464	VSHYLAKK:0.20512820512820512	TAHGSDLD:0.23076923076923078	ELIREGKN:0.38461538461538464	KRHEVHVL:0.38461538461538464	SHYLAKKA:0.20512820512820512	AVSHYLAK:0.23076923076923078	PSKREGFG:0.38461538461538464	IAVSHYLA:0.20512820512820512	VHVLTYGP:0.46153846153846156	REGFGLVI:0.48717948717948717	LRKRHEVH:0.41025641025641024	ITFIGALR:0.28205128205128205	MRILMVGH:0.4358974358974359	LMVGHYPP:0.46153846153846156	RHEVHVLT:0.5384615384615384	ELRKRHEV:0.48717948717948717	ILMVGHYP:0.46153846153846156	EVHVLTYG:0.5384615384615384	PELIREGK:0.3076923076923077	SKREGFGL:0.3333333333333333	IPELIREG:0.28205128205128205	RILMVGHY:0.4358974358974359	VRELRKRH:0.38461538461538464	RKRHEVHV:0.38461538461538464	AHGSDLDF:0.20512820512820512	LPSKREGF:0.38461538461538464	HYLAKKAL:0.20512820512820512	LIREGKNG:0.38461538461538464	MVGHYPPH:0.5897435897435898	RELRKRHE:0.38461538461538464	LVVGDGPL:0.3076923076923077	EANSLGVP:0.46153846153846156	FLVVGDGP:0.3076923076923077	REGFGLVV:0.28205128205128205	YITFIGAL:0.3076923076923077	VTAHGSDL:0.5641025641025641	DNLVRELR:0.2564102564102564	ALRDYKSP:0.20512820512820512	VPAVGRRV:0.20512820512820512	PPHGGGVA:0.358974358974359	GHYPPHGG:0.41025641025641024	GVPAVGRR:0.23076923076923078	LGVPAVGR:0.2564102564102564	NLVRELRK:0.20512820512820512	VSAIPELI:0.23076923076923078	PAVGRRVS:0.20512820512820512	LRDYKSPE:0.20512820512820512	YPPHGGGV:0.358974358974359	IGALRDYK:0.23076923076923078	NSLGVPAV:0.2564102564102564	EFLVVGDG:0.20512820512820512	PLVVTAHG:0.38461538461538464	VVTAHGSD:0.4358974358974359	LEANSLGV:0.3333333333333333	LDNLVREL:0.2564102564102564	LPLVVTAH:0.3333333333333333	RDYKSPET:0.20512820512820512	GLPLVVTA:0.23076923076923078	RVSAIPEL:0.3076923076923077	LVVTAHGS:0.41025641025641024	GRRVSAIP:0.28205128205128205	TAHGSDLE:0.5384615384615384	ANSLGVPA:0.3076923076923077	VVGDGPLR:0.28205128205128205	AVGRRVSA:0.20512820512820512	SLGVPAVG:0.2564102564102564	SAIPELIR:0.2564102564102564	HLDNLVRE:0.2564102564102564	RRVSAIPE:0.3076923076923077	NVRFLGYR:0.23076923076923078	HYPPHGGG:0.41025641025641024	VGHYPPHG:0.358974358974359	GALRDYKS:0.20512820512820512	DYKSPETF:0.20512820512820512	HTAKLTLG:0.20512820512820512	PHGGGVAN:0.2564102564102564	LVILEANS:0.3076923076923077	ENVRFLGY:0.20512820512820512	HAHFVGTT:0.3076923076923077	ETFIELAR:0.3076923076923077	KSPETFIE:0.3076923076923077	HGGGVANH:0.2564102564102564	PETFIELA:0.3076923076923077	YKSPETFI:0.3076923076923077	VLPSKREG:0.23076923076923078	EGKNGLTF:0.3076923076923077	FGLVILEA:0.3333333333333333	GSDLEHTA:0.358974358974359	AHFVGTTS:0.3076923076923077	GFGLVILE:0.3333333333333333	AHGSDLEH:0.3333333333333333	PENVRFLG:0.20512820512820512	SPETFIEL:0.3076923076923077	GGGVANHL:0.2564102564102564	EHTAKLTL:0.20512820512820512	REGKNGLT:0.3076923076923077	DLEHTAKL:0.28205128205128205	AIPELIRE:0.20512820512820512	GLVILEAN:0.3076923076923077	GGVANHLD:0.28205128205128205	EGFGLVIL:0.3333333333333333	LEHTAKLT:0.20512820512820512	HGSDLEHT:0.358974358974359	SDLEHTAK:0.28205128205128205	IREGKNGL:0.23076923076923078	APENVRFL:0.20512820512820512	LVLPSKRE:0.23076923076923078	PSRREGFG:0.358974358974359	LPSRREGF:0.28205128205128205	RREGFGLV:0.358974358974359	IHAHFVGT:0.23076923076923078	VLPSRREG:0.28205128205128205	LVLPSRRE:0.28205128205128205	SRREGFGL:0.358974358974359	HVLTYGPV:0.28205128205128205	FDLIHAHF:0.23076923076923078	IAVSHWLA:0.23076923076923078	TTSFAGVL:0.28205128205128205	SFAGVLAK:0.28205128205128205	VGTTSFAG:0.28205128205128205	FVGTTSFA:0.20512820512820512	TSFAGVLA:0.28205128205128205	GTTSFAGV:0.28205128205128205	HFVGTTSF:0.20512820512820512	AHYVGTTS:0.2564102564102564	HAHYVGTT:0.2564102564102564	IHAHYVGT:0.20512820512820512	
