cluster number:526
GT4:6	GT4:6
YDAIIVVD:0.3333333333333333	LTVGGVNA:0.6666666666666666	NAGWRNRA:0.6666666666666666	ESFGNTFI:0.5	VAYIGRLD:0.3333333333333333	DAIIVVDT:0.3333333333333333	TRAESFGN:0.3333333333333333	VGGVNAGW:0.6666666666666666	MKILVIWR:0.6666666666666666	GPIIIEAR:0.5	SFGNTFIE:0.5	IVVDTSQA:0.3333333333333333	IIEARTPE:0.5	AMACGVPV:0.3333333333333333	ACGVPVIA:0.6666666666666666	GNTFIEAM:0.3333333333333333	RLLTVGGV:0.6666666666666666	IEARTPEI:0.5	TVGGVNAG:0.6666666666666666	RAESFGNT:0.3333333333333333	LYCKDLGG:0.3333333333333333	ATTRAESF:0.3333333333333333	IIVVDTSQ:0.3333333333333333	IIIEARTP:0.5	VNAGWRNR:0.6666666666666666	LLTVGGVN:0.6666666666666666	YQKRVLSI:0.3333333333333333	KILVIWRL:0.6666666666666666	VVDTSQAY:0.3333333333333333	WRLLTVGG:0.6666666666666666	ILVIWRLL:0.6666666666666666	IWRLLTVG:0.6666666666666666	VIWRLLTV:0.6666666666666666	EAMACGVP:0.3333333333333333	LVIWRLLT:0.6666666666666666	GGVNAGWR:0.6666666666666666	FGNTFIEA:0.3333333333333333	MACGVPVI:0.5	DIEFWIIG:0.3333333333333333	AESFGNTF:0.5	AIIVVDTS:0.3333333333333333	PQKFIVPS:0.3333333333333333	GVNAGWRN:0.6666666666666666	IEFWIIGG:0.3333333333333333	PIIIEART:0.5	TTRAESFG:0.3333333333333333	VYLTKDKK:0.3333333333333333	FLYCKDLG:0.3333333333333333	WFPVIPYQ:0.3333333333333333	PVIPYQQM:0.3333333333333333	KWFPVIPY:0.3333333333333333	FPVIPYQQ:0.3333333333333333	VIPYQQMP:0.3333333333333333	AGWRNRAI:0.3333333333333333	CGVPVIAA:0.5	KKYGIETE:0.3333333333333333	YGIETEFL:0.3333333333333333	KSVQKEKF:0.3333333333333333	GIETEFLY:0.3333333333333333	KYGIETEF:0.3333333333333333	FKKYGIET:0.3333333333333333	
