cluster number:567
GT4:27	GT4:27
IKPNIYGT:0.4074074074074074	VLAIAPPD:0.25925925925925924	GLGTVFIV:0.2962962962962963	TIKPNIYG:0.6296296296296297	SWNIWNFR:0.2962962962962963	DCVVLPSY:0.5185185185185185	KTLLEAAA:0.2962962962962963	NVSGLGTV:0.4444444444444444	REGTPKTL:0.2962962962962963	EGTPKTLL:0.2962962962962963	CVVLPSYR:0.5555555555555556	YREGTPKT:0.2962962962962963	GHEVLAIA:0.25925925925925924	KPNIYGTL:0.4444444444444444	TSWNIWNF:0.2962962962962963	NNVSGLGT:0.5555555555555556	VTTDVPGC:0.2962962962962963	PSYREGTP:0.6666666666666666	LPSYREGT:0.6666666666666666	VVLPSYRE:0.7407407407407407	INTSWNIW:0.25925925925925924	TPKTLLEA:0.2962962962962963	ARVLYEKG:0.25925925925925924	RLETELGC:0.25925925925925924	VLPSYREG:0.8518518518518519	NIYGTLAA:0.4074074074074074	PNIYGTLA:0.4444444444444444	ADCVVLPS:0.5185185185185185	YTIKPNIY:0.5555555555555556	VVLHYTIK:0.2222222222222222	PKTLLEAA:0.2962962962962963	VPILMENK:0.25925925925925924	NTSWNIWN:0.2962962962962963	PGTRVQLL:0.2222222222222222	VINTSWNI:0.25925925925925924	LHYTIKPN:0.2962962962962963	HEVLAIAP:0.25925925925925924	LETELGCR:0.25925925925925924	HYTIKPNI:0.25925925925925924	DVPGCRET:0.2222222222222222	ILMENKGT:0.25925925925925924	DVVLHYTI:0.2222222222222222	MENKGTNP:0.2962962962962963	EVLAIAPP:0.25925925925925924	SGLGTVFI:0.37037037037037035	TDVPGCRE:0.25925925925925924	SYREGTPK:0.2962962962962963	VPGCRETV:0.25925925925925924	VLHYTIKP:0.2222222222222222	TTDVPGCR:0.3333333333333333	LMENKGTN:0.25925925925925924	GTPKTLLE:0.2962962962962963	VSGLGTVF:0.4444444444444444	AGHEVLAI:0.25925925925925924	GTRVQLLG:0.2222222222222222	PILMENKG:0.25925925925925924	SYREGTPR:0.37037037037037035	PRTLLEAA:0.2222222222222222	TPRTLLEA:0.25925925925925924	INNVSGLG:0.4074074074074074	EGTPRTLL:0.2962962962962963	GTPRTLLE:0.2962962962962963	REGTPRTL:0.2962962962962963	YREGTPRT:0.2962962962962963	LEAAAMGK:0.2222222222222222	MRVAIVIN:0.2222222222222222	EAAAMGKP:0.2222222222222222	LLPGSGVD:0.25925925925925924	LQYTIKPN:0.2222222222222222	QYTIKPNI:0.2222222222222222	
