cluster number:1856
GT4:14	GT4:14|GT9:1
AHLFWSMS:0.21428571428571427	SMSEHEGF:0.21428571428571427	RTAHLFWS:0.21428571428571427	WSMSEHEG:0.21428571428571427	LIYHNITP:0.35714285714285715	KGGAEQQA:0.21428571428571427	DGRTNILF:0.21428571428571427	CLIYHNIT:0.21428571428571427	IYHHSIGS:0.21428571428571427	FVGRLAPN:0.21428571428571427	EAYAYLPQ:0.21428571428571427	HLFWSMSE:0.21428571428571427	LKGGAEQQ:0.21428571428571427	FWSMSEHE:0.21428571428571427	GGAEQQAW:0.21428571428571427	AIVIPWFG:0.21428571428571427	LIYHHSIG:0.2857142857142857	GLIYHHSI:0.21428571428571427	PCLHDEAY:0.21428571428571427	LFVGRLAP:0.21428571428571427	LFWSMSEH:0.21428571428571427	GAEQQAWQ:0.21428571428571427	YRTAHLFW:0.2857142857142857	DEAYAYLP:0.21428571428571427	TAHLFWSM:0.21428571428571427	LHDEAYAY:0.21428571428571427	HDEAYAYL:0.21428571428571427	VGRLAPNK:0.21428571428571427	TNILFVGR:0.35714285714285715	KCLIYHNI:0.21428571428571427	CLHDEAYA:0.21428571428571427	SEHEGFCV:0.7857142857142857	FCVPLVEA:0.5	FLQPCLHD:0.21428571428571427	CVPLVEAM:0.5	LQPCLHDE:0.21428571428571427	MSEHEGFC:0.5714285714285714	GFCVPLVE:0.5714285714285714	HEGFCVPL:0.7857142857142857	EGFCVPLV:0.5714285714285714	AFLQPCLH:0.21428571428571427	EHEGFCVP:0.7857142857142857	CMSEHEGF:0.42857142857142855	VGRIAPNK:0.42857142857142855	TLGNGGIL:0.21428571428571427	FVGRIAPN:0.2857142857142857	LFVGRIAP:0.21428571428571427	GRIAPNKK:0.21428571428571427	
