cluster number:678
GT4:15	GT4:15
PVIASNVG:0.3333333333333333	KPVIASNV:0.2	SNVGGIPE:0.4	IASNVGGI:0.4666666666666667	ASNVGGIP:0.6	SSVGGIPE:0.2	VIASSVGG:0.2	IASSVGGI:0.2	ASSVGGIP:0.2	RVARIYSP:0.26666666666666666	MVVPSRAE:0.2	IVLEALAA:0.26666666666666666	HRIAMQRH:0.26666666666666666	FREPTGGL:0.26666666666666666	DFLFVGTM:0.2	IKKLQPDI:0.2	FDRKTRRG:0.26666666666666666	GGVYARLF:0.26666666666666666	GAKGGVYA:0.3333333333333333	LKGPDLLI:0.26666666666666666	RIIKKLQP:0.2	LFRHVRDL:0.26666666666666666	PDLLIRAL:0.26666666666666666	VVPSRAEA:0.2	CDATTGGP:0.2	DLLIRALA:0.26666666666666666	GHGAKGGV:0.3333333333333333	RKTRRGGA:0.26666666666666666	KGPDLLIR:0.26666666666666666	HGHGAKGG:0.3333333333333333	SRAEAFPY:0.26666666666666666	QPDILHGH:0.26666666666666666	TGGLFRHV:0.26666666666666666	LFGSVLRV:0.2	LHFDRKTR:0.26666666666666666	IYSPHGGS:0.26666666666666666	ILHGHGAK:0.26666666666666666	HFDRKTRR:0.26666666666666666	KAYRIIKK:0.26666666666666666	PHGGSLHF:0.26666666666666666	HGAKGGVY:0.3333333333333333	VYARLFGS:0.26666666666666666	VGIVCDAT:0.2	KGGVYARL:0.26666666666666666	KLQPDILH:0.2	DILHGHGA:0.26666666666666666	RRGGAVFL:0.26666666666666666	RIAMQRHI:0.2	YSPHGGSL:0.26666666666666666	EEKVGRPY:0.26666666666666666	GLFRHVRD:0.26666666666666666	GGLFRHVR:0.26666666666666666	DATTGGPR:0.2	GPDLLIRA:0.26666666666666666	RAEAFPYI:0.26666666666666666	YRIIKKLQ:0.2	ARLFGSVL:0.2	VARIYSPH:0.26666666666666666	VPSRAEAF:0.2	LHGHGAKG:0.26666666666666666	VCDATTGG:0.2	RLFGSVLR:0.2	AAREAFAL:0.2	YIVLEALA:0.26666666666666666	HCFREPTG:0.26666666666666666	IAMQRHIG:0.2	AFPYIVLE:0.26666666666666666	SPHGGSLH:0.26666666666666666	GMAAREAF:0.26666666666666666	FRHVRDLV:0.2	FVSNFEKR:0.26666666666666666	RIYSPHGG:0.26666666666666666	GGSLHFDR:0.26666666666666666	REPTGGLF:0.26666666666666666	YEEKVGRP:0.26666666666666666	FPYIVLEA:0.26666666666666666	PTGGLFRH:0.26666666666666666	DRKTRRGG:0.26666666666666666	SLHFDRKT:0.26666666666666666	FLFVGTMR:0.2	GSLHFDRK:0.26666666666666666	CFREPTGG:0.26666666666666666	AYRIIKKL:0.2	AKGGVYAR:0.3333333333333333	AEAFPYIV:0.26666666666666666	FGSVLRVF:0.2	VLEALAAG:0.26666666666666666	LQPDILHG:0.2	TRRGGAVF:0.26666666666666666	ATTGGPRE:0.2	GVYARLFG:0.26666666666666666	GIVCDATT:0.2	AREAFALG:0.2	EAFPYIVL:0.26666666666666666	PDILHGHG:0.26666666666666666	ARIYSPHG:0.26666666666666666	SRVARIYS:0.26666666666666666	YARLFGSV:0.2	IVCDATTG:0.2	EPTGGLFR:0.26666666666666666	IIKKLQPD:0.2	KKLQPDIL:0.2	LEALAAGK:0.26666666666666666	PSRAEAFP:0.26666666666666666	MAAREAFA:0.2	KTRRGGAV:0.26666666666666666	PYIVLEAL:0.26666666666666666	HGGSLHFD:0.26666666666666666	VIASNVGG:0.3333333333333333	GKPVIASN:0.2	QIRFLPGM:0.2	ATMVGDGA:0.2	LEELRPKL:0.2	MRELKGPD:0.2	EALAAGKP:0.2	FLPGMAAR:0.2	MVGDGAEK:0.2	AAYKAYRI:0.2	TATMVGDG:0.2	ALAAGKPV:0.2	FTATMVGD:0.2	TMVGDGAE:0.2	RGGAVFLV:0.2	ELKGPDLL:0.2	PGMAAREA:0.2	AGKPVIAS:0.2	RELKGPDL:0.2	LLEELRPK:0.2	AAGKPVIA:0.2	LPGMAARE:0.2	GTMRELKG:0.2	YKAYRIIK:0.2	LAAGKPVI:0.2	GGAVFLVE:0.2	IRFLPGMA:0.2	TMRELKGP:0.2	AYKAYRII:0.2	RFLPGMAA:0.2	
