cluster number:982
GT4:31	GT4:31
PRECGIAT:0.3225806451612903	PPRECGIA:0.3225806451612903	GGCYDGLE:0.45161290322580644	TLDDNARA:0.6451612903225806	VLFLIIGK:0.22580645161290322	NLNQGAES:0.7096774193548387	NVNLNQGA:0.3870967741935484	FLIIGKTH:0.45161290322580644	LLEYLQLT:0.41935483870967744	SGYTLDDN:0.6451612903225806	DPNQAVSG:0.4838709677419355	TGGCYDGL:0.45161290322580644	IPHGTHLV:0.2903225806451613	GCYDGLEE:0.3225806451612903	LEYLQLTD:0.41935483870967744	NQAVSGTF:0.6451612903225806	GYTLDDNA:0.6451612903225806	WFLGNNHL:0.25806451612903225	YPPRECGI:0.3225806451612903	VSYLMARL:0.3870967741935484	IQHEFGLF:0.25806451612903225	LIIGKTHP:0.5806451612903226	YTLDDNAR:0.6451612903225806	LDDNARAL:0.5161290322580645	VNLNQGAE:0.6451612903225806	TDVYLFTS:0.25806451612903225	LFLIIGKT:0.25806451612903225	TPIPHALE:0.22580645161290322	PNQAVSGT:0.4838709677419355	DDNARAMI:0.3225806451612903	LEDSNGRA:0.22580645161290322	NGRAIWAL:0.3548387096774194	EDSNGRAI:0.22580645161290322	VISNKGWL:0.22580645161290322	PIVSTPIP:0.22580645161290322	IYLFTSKD:0.25806451612903225	AESTVSYL:0.3225806451612903	LSTFGLLG:0.3548387096774194	GAESTVSY:0.3225806451612903	SNGRAIWA:0.3548387096774194	LNQGAEST:0.6451612903225806	RAIWALGY:0.41935483870967744	AIWALGYL:0.3225806451612903	NLEDSNGR:0.22580645161290322	YNPATGGC:0.22580645161290322	DSNGRAIW:0.3548387096774194	GRAIWALG:0.41935483870967744	QPIDVAYT:0.4838709677419355	VSGTFSYA:0.5806451612903226	STVSYLMA:0.3225806451612903	VSTPIPHA:0.22580645161290322	GKNIETTL:0.25806451612903225	AVSGTFSY:0.5483870967741935	TVSYLMAR:0.3225806451612903	ESTVSYLM:0.3225806451612903	GCPIVSTP:0.22580645161290322	VLSTFGLL:0.3548387096774194	NQGAESTV:0.4838709677419355	NSVLPEAL:0.3225806451612903	CPIVSTPI:0.22580645161290322	QAVSGTFS:0.5483870967741935	IVSTPIPH:0.2903225806451613	SVLPEALL:0.3225806451612903	PIDVAYTI:0.45161290322580644	GEQPIDVA:0.4838709677419355	QGAESTVS:0.3225806451612903	EQPIDVAY:0.4838709677419355	LQHEFGFF:0.25806451612903225	YNPCTGGC:0.3225806451612903	GCPIISTP:0.25806451612903225	TSKDPNQA:0.22580645161290322	CPIISTPI:0.25806451612903225	GTFSYALS:0.22580645161290322	SKDPNQAV:0.3225806451612903	YLFTSKDP:0.2903225806451613	PIISTPIP:0.25806451612903225	IISTPIPH:0.25806451612903225	DNARALIA:0.3548387096774194	FGEQPIDV:0.22580645161290322	CGCPIIST:0.25806451612903225	DDNARALI:0.3870967741935484	FTSKDPNQ:0.22580645161290322	SCGCPIIS:0.25806451612903225	ISTPIPHA:0.3225806451612903	SYPPRECG:0.22580645161290322	KDPNQAVS:0.3225806451612903	SGTFSYAL:0.22580645161290322	FGLLGPGK:0.22580645161290322	GIATYSQD:0.3225806451612903	ELLEYLQL:0.25806451612903225	IATYSQDL:0.3225806451612903	STFGLLGP:0.25806451612903225	IWALGYLI:0.25806451612903225	FIIKGLYY:0.25806451612903225	DSGYTLDD:0.22580645161290322	AFIIKGLY:0.22580645161290322	WALGYLIS:0.22580645161290322	TFGLLGPG:0.22580645161290322	VIPHGTHL:0.3225806451612903	CGIATYSQ:0.3548387096774194	STPIPHAK:0.22580645161290322	YLTYANSV:0.3225806451612903	ANSVLPEA:0.25806451612903225	TPIPHAKE:0.22580645161290322	TYANSVLP:0.3225806451612903	LTYANSVL:0.3225806451612903	YANSVLPE:0.2903225806451613	YLQLTDIY:0.25806451612903225	IYNPCTGG:0.25806451612903225	QIIYNPCT:0.22580645161290322	IIYNPCTG:0.22580645161290322	DIYLFTSK:0.22580645161290322	TDIYLFTS:0.22580645161290322	GKSIETTL:0.22580645161290322	
