cluster number:2126
GT4:18	GT4:18
MAAGLPVV:0.4444444444444444	QHFNGSDF:0.2222222222222222	PSESIRDL:0.2222222222222222	FASHSETQ:0.2222222222222222	AHHPFLLG:0.2222222222222222	IAPSESIR:0.2222222222222222	LYEHYTHY:0.3888888888888889	SPRMQRFA:0.2222222222222222	APSESIRD:0.2777777777777778	APGVREVV:0.2222222222222222	GSDFSLPV:0.3333333333333333	HTLYEHYT:0.3888888888888889	AEAMAAGL:0.2222222222222222	PIVGGVSE:0.3888888888888889	YEHYTHYV:0.3888888888888889	LGDTAARA:0.2222222222222222	YTHYVPGD:0.3333333333333333	HHPFLLGD:0.5555555555555556	FLLGDTAA:0.2777777777777778	GHRVLVVA:0.3333333333333333	THHTLYEH:0.4444444444444444	FAFASHSE:0.2222222222222222	VPGDSPRM:0.2222222222222222	HHTLYEHY:0.4444444444444444	SVQRLKRQ:0.2222222222222222	VIGHLGRL:0.2222222222222222	GGVSESVQ:0.3888888888888889	GLPLVFTH:0.3888888888888889	PGDSPRMQ:0.2222222222222222	HFNGSDFS:0.2222222222222222	SESIRDLL:0.2222222222222222	AFASHSET:0.2222222222222222	NVLMFTNT:0.2222222222222222	AMAAGLPV:0.3888888888888889	IVGGVSES:0.3888888888888889	MNVLMFTN:0.2222222222222222	YVPGDSPR:0.2222222222222222	LPLVFTHH:0.4444444444444444	SHSETQGM:0.2222222222222222	VSESVQRL:0.2777777777777778	GVSESVQR:0.3888888888888889	HYTHYVPG:0.3888888888888889	HYVPGDSP:0.2777777777777778	YGLPLVFT:0.2222222222222222	VLMFTNTY:0.2222222222222222	VIAPSESI:0.3333333333333333	AGLPVVAV:0.2222222222222222	THYVPGDS:0.3333333333333333	GDSPRMQR:0.2222222222222222	ALIDAYHA:0.2222222222222222	LLGDTAAR:0.2777777777777778	EHYTHYVP:0.3888888888888889	MDVFAFAS:0.2222222222222222	GDTAARAA:0.2222222222222222	ASHSETQG:0.2222222222222222	LVFTHHTL:0.4444444444444444	VFTHHTLY:0.5	SETQGMVV:0.2777777777777778	IGHLGRLA:0.2222222222222222	FNGSDFSL:0.3888888888888889	AAGLPVVA:0.5	DSPRMQRF:0.2222222222222222	HRVLVVAP:0.3333333333333333	NGSDFSLP:0.3333333333333333	SDFSLPVP:0.2222222222222222	TYGLPLVF:0.2222222222222222	ESVQRLKR:0.2777777777777778	HSETQGMV:0.2222222222222222	FTHHTLYE:0.5	VGGVSESV:0.3888888888888889	HAHHPFLL:0.2222222222222222	VQRLKRQL:0.2222222222222222	GGPFTHAD:0.2222222222222222	PLVFTHHT:0.5	EAMAAGLP:0.3888888888888889	TLYEHYTH:0.3888888888888889	PFLLGDTA:0.6666666666666666	IDAYHAMD:0.3888888888888889	LIDAYHAM:0.3888888888888889	VVPSGVDT:0.2222222222222222	SESVQRLK:0.2777777777777778	HPFLLGDT:0.6666666666666666	VPSGVDTA:0.2222222222222222	RGRLLRHL:0.2222222222222222	GLVLAEAM:0.2777777777777778	LLGDTALR:0.2777777777777778	QGLVLAEA:0.2777777777777778	VALDAPGV:0.2222222222222222	VVALDAPG:0.2222222222222222	TQGLVLAE:0.2777777777777778	FLLGDTAL:0.2777777777777778	LVLAEAMA:0.2222222222222222	PVVALDAP:0.2222222222222222	SHHPFLLG:0.3333333333333333	ALDAPGVR:0.2222222222222222	ETQGLVLA:0.2777777777777778	SETQGLVL:0.2222222222222222	HSHHPFLL:0.3333333333333333	VVGHVGRL:0.3333333333333333	VGHVGRLA:0.3888888888888889	RLAREKNL:0.2222222222222222	GRLAREKN:0.2222222222222222	GLPVVALD:0.2222222222222222	LPVVALDA:0.2222222222222222	
