cluster number:1785
GT4:321	GT4:321
VGRLAAEK:0.20249221183800623	VTNSVLRV:0.4392523364485981	GVTNSVLR:0.5109034267912772	NGVTNSVL:0.5109034267912772	QLVIVGDG:0.3115264797507788	IVGDGPER:0.20249221183800623	SVLRVLEH:0.35202492211838005	VGYVGRLA:0.205607476635514	IQLVIVGD:0.2087227414330218	PDVVHLAS:0.5046728971962616	VNGVTNSV:0.3894080996884735	DVVHLASP:0.5327102803738317	VIVGDGPE:0.24922118380062305	DVFVHPGE:0.2616822429906542	LVIVGDGP:0.308411214953271	NSVLRVLE:0.3894080996884735	GEFETFCQ:0.2398753894080997	TNSVLRVL:0.3333333333333333	GFVGRLAP:0.43613707165109034	FVGRLAPE:0.43302180685358255	VGFVGRLA:0.5295950155763239	YQTDVAGF:0.37383177570093457	VAVYQTDV:0.35202492211838005	LAPEKHVE:0.3115264797507788	QTDVAGFA:0.4205607476635514	EKHVERLA:0.2897196261682243	APEKHVER:0.3115264797507788	IVGFVGRL:0.32710280373831774	AVYQTDVA:0.23052959501557632	PDAGGPRD:0.3644859813084112	GEHETFCQ:0.37694704049844235	PEKHVERL:0.3115264797507788	VVHLASPF:0.30218068535825543	VGRLAPEK:0.5015576323987538	DAGGPRDL:0.3644859813084112	RLAPEKHV:0.3644859813084112	GRLAPEKH:0.38006230529595014	VQEALASG:0.308411214953271	MRVAIVAE:0.3582554517133956	HLASPALL:0.2118380062305296	HPGEHETF:0.2523364485981308	NVNGVTNS:0.2398753894080997	AIVAESFL:0.4735202492211838	PGEHETFC:0.2523364485981308	SFLPNVNG:0.3115264797507788	IVAESFLP:0.5077881619937694	VHPGEHET:0.2087227414330218	DRTLAPST:0.27102803738317754	VVHLASPA:0.205607476635514	FLPNVNGV:0.3146417445482866	LASPALLG:0.2118380062305296	VAIVAESF:0.4205607476635514	IAPDAGGP:0.21495327102803738	AGGPRDLV:0.3052959501557632	VAESFLPN:0.35514018691588783	HLRRTGHE:0.20249221183800623	LPNVNGVT:0.2398753894080997	YASMDVFV:0.205607476635514	APDAGGPR:0.2585669781931464	ESFLPNVN:0.3115264797507788	ADRTLAPS:0.308411214953271	PNVNGVTN:0.2398753894080997	RVAIVAES:0.4174454828660436	ASMDVFVH:0.205607476635514	AESFLPNV:0.2897196261682243	PRVHRWAR:0.21495327102803738	VHRWARGV:0.21806853582554517	RVHRWARG:0.21806853582554517	HEALVIAP:0.2336448598130841	GHEALVIA:0.2336448598130841	PTVAVYQT:0.2554517133956386	TVAVYQTD:0.24922118380062305	HRWARGVD:0.20249221183800623	LASPFVLG:0.2616822429906542	VLRVLEHL:0.2772585669781931	HLASPFVL:0.2616822429906542	ASLDVFVH:0.21495327102803738	ETFCQAVQ:0.30218068535825543	TFCQAVQE:0.30218068535825543	FCQAVQEA:0.29906542056074764	
