cluster number:885
GT4:24	GT4:24
PHIWHIRE:0.25	TIVIDYGF:0.20833333333333334	KTKMNEYR:0.20833333333333334	KNGDIDEL:0.25	TSELITDN:0.25	GMLSNLAM:0.25	KKLKELAI:0.20833333333333334	SKSEAFGR:0.20833333333333334	WHIREFGK:0.20833333333333334	EGMLSNLA:0.25	MIGADSAA:0.20833333333333334	LAINGFDF:0.2916666666666667	DSAATSEL:0.20833333333333334	GFDFAKKF:0.2916666666666667	TDNVTGLL:0.25	LAEKLVYL:0.25	YRSDMDIG:0.20833333333333334	LYKNGDID:0.20833333333333334	NLAMIGAD:0.2916666666666667	GFKTKMNE:0.20833333333333334	KKFTEGNA:0.20833333333333334	KLVYLYKD:0.2916666666666667	RKKLKELA:0.20833333333333334	SDMDIGIV:0.20833333333333334	LPHIWHIR:0.20833333333333334	IWHIREFG:0.20833333333333334	FGRVTVEG:0.2916666666666667	NVTGLLYK:0.25	LITDNVTG:0.25	DELAEKLV:0.25	IGADSAAT:0.20833333333333334	AATSELIT:0.20833333333333334	AINGFDFA:0.2916666666666667	FKTKMNEY:0.20833333333333334	GADSAATS:0.20833333333333334	RSDMDIGI:0.20833333333333334	AFGRVTVE:0.625	IVIDYGFI:0.20833333333333334	SAATSELI:0.20833333333333334	KLKELAIN:0.25	YKDRKKLK:0.20833333333333334	VTVEGMLS:0.20833333333333334	INGFDFAK:0.2916666666666667	MDIGIVAS:0.25	AMIGADSA:0.2916666666666667	ELITDNVT:0.25	YSNTIVID:0.20833333333333334	LSNLAMIG:0.2916666666666667	TGLLYKNG:0.20833333333333334	GDIDELAE:0.20833333333333334	HIWHIREF:0.25	EKLVYLYK:0.25	VTGLLYKN:0.25	SNLAMIGA:0.2916666666666667	YFDGFKTK:0.25	KDRKKLKE:0.20833333333333334	DFAKKFTE:0.20833333333333334	NTIVIDYG:0.20833333333333334	EAFGRVTV:0.625	LVYLYKDR:0.2916666666666667	AEKLVYLY:0.25	NGFDFAKK:0.2916666666666667	DNVTGLLY:0.25	FDFAKKFT:0.2916666666666667	GRVTVEGM:0.2916666666666667	YLYKDRKK:0.20833333333333334	LAMIGADS:0.2916666666666667	ADSAATSE:0.20833333333333334	AKKFTEGN:0.20833333333333334	NGDIDELA:0.25	KELAINGF:0.2916666666666667	ATSELITD:0.20833333333333334	ELAINGFD:0.2916666666666667	DIDELAEK:0.25	RVTVEGML:0.20833333333333334	SELITDNV:0.25	YKNGDIDE:0.20833333333333334	DRKKLKEL:0.20833333333333334	HIREFGKE:0.20833333333333334	KSEAFGRV:0.20833333333333334	IREFGKED:0.20833333333333334	REFGKEDH:0.20833333333333334	DGFKTKMN:0.25	ELAEKLVY:0.25	IDELAEKL:0.25	SNTIVIDY:0.20833333333333334	EFGKEDHG:0.20833333333333334	VYLYKDRK:0.20833333333333334	DMDIGIVA:0.25	ITDNVTGL:0.25	LLYKNGDI:0.20833333333333334	SEAFGRVT:0.5	MLSNLAMI:0.2916666666666667	GLLYKNGD:0.20833333333333334	FAKKFTEG:0.20833333333333334	LKELAING:0.25	LYKDRKKL:0.20833333333333334	FDGFKTKM:0.25	RSEAFGRV:0.20833333333333334	SRSEAFGR:0.20833333333333334	GRVTIEGM:0.25	AFGRVTIE:0.25	RVTIEGML:0.20833333333333334	EAFGRVTI:0.25	FGRVTIEG:0.25	
