cluster number:855
GT4:15	GT4:15
ALAERGHR:0.2	LAERGHRV:0.2	PNVLLEAM:0.6	LAPQKNFA:0.26666666666666666	RLAPQKNF:0.4	GRLAPQKN:0.4	AIGRLAPQ:0.26666666666666666	SAGNHGHG:0.2	RISNDIMR:0.2	IILGESRD:0.3333333333333333	LVSPTLAD:0.2	ARLIILGE:0.3333333333333333	LAIGRLAP:0.26666666666666666	ADDLALPG:0.2	LISAGNHG:0.3333333333333333	VANVFPWL:0.2	NVLLEAMA:0.6	ALPGGEGV:0.2	VLLEAMAV:0.3333333333333333	RPARLIIL:0.2	ANVFPWLA:0.2	LVTALPGG:0.2	GLLVDPAD:0.26666666666666666	GIDAAAAR:0.2	IGRLAPQK:0.26666666666666666	ASRSAGNA:0.2	PARLIILG:0.2	LPSWWEGS:0.4	TGVVRNAR:0.2	YRISNDIM:0.2	ISAGNHGH:0.3333333333333333	AGNHGHGT:0.2	PTLADTPA:0.2	LIILGESR:0.3333333333333333	VTALPGGE:0.2	VLVSPTLA:0.4	VASRSAGN:0.2	SPTLADTP:0.2	ATGVVRNA:0.2	RLIILGES:0.3333333333333333	TLADTPAF:0.2	VSPTLADT:0.2	NGIDAAAA:0.2	RVYRISND:0.2	GVVRNARL:0.2	TALPGGEG:0.2	HLVLVSPT:0.26666666666666666	LLISAGNH:0.2	LVLVSPTL:0.26666666666666666	NVFPWLAH:0.26666666666666666	ATGVVRNV:0.2	ILGESRDR:0.26666666666666666	ILPSWWEG:0.3333333333333333	WWEGSPNV:0.26666666666666666	EGSPNVLL:0.4666666666666667	PNGIDADA:0.2	DHLVLVSP:0.2	LAHADAFI:0.26666666666666666	VIPNGIDA:0.26666666666666666	WLAHADAF:0.26666666666666666	IPNGIDAD:0.2	LAATGVVR:0.2	PWLAHADA:0.26666666666666666	AVIPNGID:0.26666666666666666	ILAIGRLA:0.3333333333333333	AFILPSWW:0.3333333333333333	LYVHALAA:0.2	VAVIPNGI:0.26666666666666666	VILAIGRL:0.3333333333333333	PVILAIGR:0.3333333333333333	PSWWEGSP:0.26666666666666666	ALAATGVV:0.2	SWWEGSPN:0.26666666666666666	FPWLAHAD:0.26666666666666666	HALAATGV:0.2	YVHALAAT:0.2	ADHLVLVS:0.2	GSPNVLLE:0.4666666666666667	HADAFILP:0.26666666666666666	VFPWLAHA:0.26666666666666666	VHALAATG:0.2	ADAFILPS:0.26666666666666666	TGVVRNVR:0.2	SPNVLLEA:0.4666666666666667	TVDNVFPW:0.2	GVPHHALL:0.2	AATGVVRN:0.2	WEGSPNVL:0.26666666666666666	GTVDNVFP:0.2	PGTVDNVF:0.2	DADHLVLV:0.2	AHADAFIL:0.26666666666666666	FILPSWWE:0.3333333333333333	DAFILPSW:0.26666666666666666	LPGTVDNV:0.2	AAAMADAL:0.2	VDPADAAA:0.2	PADAAAMA:0.2	DAAAMADA:0.2	ADAAAMAD:0.2	LVDPADAA:0.2	DPADAAAM:0.2	VPVILAIG:0.2	GVPVILAI:0.2	EAMAVGVP:0.2	AMAVGVPV:0.2	MAVGVPVV:0.2	LLEAMAVG:0.2	LEAMAVGV:0.2	
