cluster number:1233
GT4:31	GT4:31
WALACGCV:0.3548387096774194	AHELVEGR:0.22580645161290322	SAHELVEG:0.5161290322580645	ALACGCVG:0.3225806451612903	VGIVEYHA:0.25806451612903225	SSAHELVE:0.7096774193548387	CVGIVEYH:0.3548387096774194	DLRIDDRV:0.3548387096774194	GCVGIVEY:0.45161290322580644	DSSAHELV:0.3225806451612903	LWALACGC:0.3225806451612903	LLWALACG:0.3225806451612903	ARDLRIDD:0.25806451612903225	RDLRIDDR:0.25806451612903225	CVFPTEML:0.25806451612903225	FPTEMLWA:0.22580645161290322	HCVFPTEM:0.22580645161290322	LALAELRD:0.25806451612903225	AHELVEGW:0.2903225806451613	VEGWDRGF:0.2903225806451613	GWDRGFRT:0.2903225806451613	ELVEGWDR:0.2903225806451613	WDRGFRTT:0.2903225806451613	VFPTEMLW:0.22580645161290322	ATVIGDGP:0.22580645161290322	HELVEGWD:0.2903225806451613	VIGDGPER:0.3548387096774194	DRGFRTTS:0.3225806451612903	EGWDRGFR:0.2903225806451613	LVEGWDRG:0.2903225806451613	PTEMLWAL:0.22580645161290322	DLRIDDRI:0.22580645161290322	RLDEGANL:0.25806451612903225	IAAYRGAH:0.22580645161290322	AYRGAHVF:0.25806451612903225	RGAHVFAQ:0.2903225806451613	LDEGANLE:0.25806451612903225	RGFRTTSE:0.3225806451612903	ANLESLLL:0.2903225806451613	GAHVFAQT:0.4838709677419355	GANLESLL:0.25806451612903225	AAYRGAHV:0.25806451612903225	YARRLDEG:0.22580645161290322	YRGAHVFA:0.2903225806451613	ALAAGCVG:0.22580645161290322	RRLDEGAN:0.25806451612903225	AHVFAQTA:0.4838709677419355	EGANLESL:0.22580645161290322	ARRLDEGA:0.22580645161290322	HVFAQTAE:0.25806451612903225	RIAAYRGA:0.22580645161290322	DEGANLES:0.25806451612903225	FLLALAEL:0.22580645161290322	LLALAELR:0.3548387096774194	
