cluster number:1708
GT4:17	GT4:17
SQEKRYHW:0.5294117647058824	SGGAWTDL:0.5294117647058824	GAATPTLQ:0.23529411764705882	NAPRRLIN:0.23529411764705882	PPLPPNVE:0.23529411764705882	KRYHWVVT:0.29411764705882354	AMARGLTP:0.23529411764705882	RYHWVVTE:0.23529411764705882	EHWGIAVA:0.7647058823529411	VVMLGRFS:0.47058823529411764	GGAATPTL:0.4117647058823529	EKRYHWVV:0.5882352941176471	VTEVAPRL:0.23529411764705882	VVHKSGGA:0.5294117647058824	HWGIAVAE:0.7647058823529411	HATINEHW:0.8823529411764706	IFGGAATP:0.4117647058823529	RFSQEKRY:0.47058823529411764	VLNPPLPP:0.47058823529411764	AEAMARGL:0.6470588235294118	VMLGRFSQ:0.47058823529411764	IAVAEAMA:0.7058823529411765	AFLHATIN:0.4117647058823529	ARAFLHAT:0.35294117647058826	AATPTLQA:0.23529411764705882	GIAVAEAM:0.7647058823529411	QEKRYHWV:0.47058823529411764	AVAEAMAR:0.6470588235294118	FLHATINE:0.7058823529411765	PGGGQLVC:0.47058823529411764	ATINEHWG:0.8823529411764706	TINEHWGI:0.8235294117647058	PVVHKSGG:0.29411764705882354	MLGRFSQE:0.47058823529411764	LGRFSQEK:0.47058823529411764	VHKSGGAW:0.5294117647058824	WGIAVAEA:0.7647058823529411	ATPTLQAY:0.23529411764705882	GQLVCAAA:0.23529411764705882	GRFSQEKR:0.47058823529411764	FGGAATPT:0.4117647058823529	VAEAMARG:0.6470588235294118	LHATINEH:0.7647058823529411	QLVCAAAA:0.23529411764705882	GGGQLVCA:0.47058823529411764	EAMARGLT:0.23529411764705882	LNPPLPPN:0.4117647058823529	KSGGAWTD:0.4117647058823529	LIANAPRR:0.23529411764705882	GGQLVCAA:0.4117647058823529	NEHWGIAV:0.7647058823529411	NPPLPPNV:0.29411764705882354	FSQEKRYH:0.47058823529411764	HKSGGAWT:0.4117647058823529	RAFLHATI:0.35294117647058826	EGRYGLGY:0.23529411764705882	INEHWGIA:0.7647058823529411	YLIANAPR:0.23529411764705882	ARGLPVVV:0.29411764705882354	EAMARGLP:0.4117647058823529	HFWDRPGG:0.23529411764705882	DRPGGGEL:0.29411764705882354	RPGGGELV:0.29411764705882354	ERYGRFPM:0.29411764705882354	VHRSGGAW:0.23529411764705882	PGGGELVM:0.23529411764705882	MARGLPVV:0.29411764705882354	RGLPVVVH:0.29411764705882354	AMARGLPV:0.29411764705882354	VFLHATIN:0.29411764705882354	FWDRPGGG:0.23529411764705882	GGGELVMA:0.23529411764705882	WDRPGGGE:0.29411764705882354	EYIHFPLD:0.23529411764705882	HHFWDRPG:0.23529411764705882	YIHFPFEV:0.29411764705882354	GTGLAYGE:0.29411764705882354	LAYGEDPY:0.29411764705882354	VLNPPIAP:0.23529411764705882	GLAYGEDP:0.29411764705882354	EYIHFPFE:0.35294117647058826	VEYIHFPF:0.23529411764705882	LNPPIAPN:0.23529411764705882	AYGEDPYI:0.23529411764705882	LVEYIHFP:0.23529411764705882	TGLAYGED:0.29411764705882354	VVVHKSGG:0.29411764705882354	GLPVVVHK:0.23529411764705882	PVVVHKSG:0.29411764705882354	LPVVVHKS:0.23529411764705882	GGAWTDLA:0.35294117647058826	GAWTDLAE:0.23529411764705882	
