cluster number:1495
GT4:12	GT4:12
VLLEAAAC:0.25	EKKGCEIL:0.25	EGFGLVLL:0.5	KLLPFSET:0.25	GDGPLKHQ:0.25	FSETFIKE:0.25	LLEAAACG:0.3333333333333333	VITLHGYD:0.25	GDAEGFGL:0.3333333333333333	ITLHGYDI:0.3333333333333333	VGRLVEKK:0.4166666666666667	PIVITLHG:0.25	GFGLVLLE:0.5	IKEQVLSY:0.25	INIKKEWW:0.25	HGYDINIK:0.25	VEKKGCEI:0.25	LVEKKGCE:0.4166666666666667	LVLLEAAA:0.4166666666666667	ETFIKEQV:0.25	FGLVLLEA:0.5	LHGYDINI:0.3333333333333333	PFSETFIK:0.25	GLVLLEAA:0.4166666666666667	LFVGRLVE:0.4166666666666667	GYDINIKK:0.25	DAEGFGLV:0.3333333333333333	CGVPVITS:0.25	IVITLHGY:0.25	EAAACGVP:0.3333333333333333	FIKEQVLS:0.25	IIGDGPLK:0.25	IGDGPLKH:0.25	SETFIKEQ:0.25	LEAAACGV:0.3333333333333333	RLVEKKGC:0.5833333333333334	TLHGYDIN:0.3333333333333333	AEGFGLVL:0.25	FVGRLVEK:0.4166666666666667	YDINIKKE:0.25	TFIKEQVL:0.25	ILFVGRLV:0.25	GVPVITSA:0.25	LLPFSETF:0.25	GRLVEKKG:0.5833333333333334	DINIKKEW:0.25	LPFSETFI:0.25	
