cluster number:1698
GT4:12	GT4:12
DIWPLTLI:0.4166666666666667	PLTLIELG:0.4166666666666667	WPLTLIEL:0.4166666666666667	IWPLTLIE:0.4166666666666667	RDIWPLTL:0.5833333333333334	KKGHQVYV:0.25	FDICYIGW:0.25	EVRDIWPL:0.5833333333333334	VLVGSGKE:0.3333333333333333	GAKYLANK:0.25	VRDIWPLT:0.5833333333333334	DAIPKKQI:0.25	PIIHAFSG:0.25	KTFWFINQ:0.3333333333333333	LNWFKFSW:0.25	KKTFWFIN:0.3333333333333333	GTIGVANA:0.3333333333333333	GITIEAED:0.25	TFWFINQY:0.3333333333333333	LYRFGIAP:0.3333333333333333	INQYSSTP:0.5	YRFGIAPN:0.3333333333333333	LVGSGKEK:0.3333333333333333	AKYLANKF:0.25	GKPIIHAF:0.25	KQRVLNWF:0.3333333333333333	IPKKQIQS:0.3333333333333333	VWVNLPEY:0.25	SKQRVLNW:0.3333333333333333	FMQWIEDR:0.25	FSGKGDIV:0.25	DICYIGWQ:0.25	QYSSTPET:0.3333333333333333	TGTIGVAN:0.3333333333333333	GIAPNKLP:0.4166666666666667	FINQYSST:0.3333333333333333	KLPEYLYA:0.25	IAPNKLPE:0.4166666666666667	WFINQYSS:0.3333333333333333	HFVLVGSG:0.3333333333333333	AMGGRHYY:0.25	YTGTIGVA:0.3333333333333333	APNKLPEY:0.4166666666666667	KKQIQSML:0.3333333333333333	PNKLPEYL:0.3333333333333333	IAGRYSHL:0.25	PLYRFGIA:0.25	NPLYRFGI:0.25	MGGRHYYL:0.3333333333333333	QKNPLYRF:0.25	DDLIEAAQ:0.25	KPIIHAFS:0.25	IHAFSGKG:0.25	RVLNWFKF:0.3333333333333333	TPETAMGG:0.3333333333333333	QRVLNWFK:0.3333333333333333	IGYLGAKY:0.25	RHYYLAQE:0.3333333333333333	ITIEAEDP:0.25	FIFEVRDI:0.4166666666666667	IDAIPKKQ:0.25	HAFSGKGD:0.25	EAHSKQRV:0.3333333333333333	FIDAIPKK:0.25	AHSKQRVL:0.3333333333333333	AIPKKQIQ:0.25	ETAMGGRH:0.3333333333333333	GYLGAKYL:0.25	GWQKNPLY:0.25	YLGAKYLA:0.25	CYIGWQKN:0.3333333333333333	IGWQKNPL:0.25	YSSTPETA:0.3333333333333333	GYTGTIGV:0.3333333333333333	AGRYSHLL:0.3333333333333333	PFIFEVRD:0.25	NKLPEYLY:0.25	STPETAMG:0.3333333333333333	LYAGKPII:0.25	GRHYYLAQ:0.3333333333333333	RFGIAPNK:0.3333333333333333	RYSHLLRN:0.25	EYLYAGKP:0.25	FGIAPNKL:0.4166666666666667	NQYSSTPE:0.5	AGITIEAE:0.25	IIHAFSGK:0.25	HYYLAQEL:0.3333333333333333	WQKNPLYR:0.25	PKKQIQSM:0.3333333333333333	QWIEDRAY:0.25	FVWVNLPE:0.25	IFEVRDIW:0.6666666666666666	NITFIDAI:0.25	LGAKYLAN:0.25	LPEYLYAG:0.25	FWFINQYS:0.3333333333333333	MQWIEDRA:0.25	ITFIDAIP:0.25	AFSGKGDI:0.25	PETAMGGR:0.3333333333333333	KQIQSMLE:0.25	YAGKPIIH:0.25	YIGWQKNP:0.25	HSKQRVLN:0.3333333333333333	TAMGGRHY:0.25	AQELAKKG:0.25	YSHLLRNP:0.25	GRYSHLLR:0.3333333333333333	GGRHYYLA:0.3333333333333333	FEVRDIWP:0.6666666666666666	ICYIGWQK:0.25	TFIDAIPK:0.25	YLYAGKPI:0.25	SSTPETAM:0.3333333333333333	VLNWFKFS:0.25	KNPLYRFG:0.25	AGKPIIHA:0.25	FVLVGSGK:0.3333333333333333	PEYLYAGK:0.25	SHLLRNPK:0.25	LIFEVRDI:0.25	LTLIELGG:0.25	KLIFEVRD:0.25	FIVGYTGT:0.25	PKNKFIVG:0.3333333333333333	KNKFIVGY:0.3333333333333333	KFIVGYTG:0.25	
