cluster number:1603
GT4:440	GT4:440|2.4.1.-:1
TCYPSVGG:0.2840909090909091	GLVLLEAM:0.41363636363636364	DITVLGYD:0.4954545454545455	KIGITCYP:0.6681818181818182	GVVATELG:0.27954545454545454	LHGTDITV:0.8045454545454546	VLIHVSNF:0.21818181818181817	AKLLLVGD:0.31136363636363634	CGVPCIGT:0.32272727272727275	GITCYPSV:0.2840909090909091	ELGKLLAE:0.3159090909090909	IGITCYPS:0.5295454545454545	YPSVGGSG:0.3068181818181818	LLLSEKES:0.5318181818181819	ESFGLVLL:0.3886363636363636	SFGLVLLE:0.3931818181818182	EKVLIHVS:0.20909090909090908	SDRVTAVS:0.20909090909090908	LIHVSNFR:0.21818181818181817	NFRKVKRV:0.325	VVATELGK:0.25227272727272726	LLLVGDGP:0.37272727272727274	VLFLGKQD:0.2545454545454545	VLLEAMAC:0.3977272727272727	LSEKESFG:0.5681818181818182	FGLVLLEA:0.4431818181818182	LKIGITCY:0.42954545454545456	LLVGDGPE:0.3613636363636364	KVLIHVSN:0.21136363636363636	VTTLHGTD:0.5818181818181818	KLLLVGDG:0.36363636363636365	VFKYPPYD:0.21136363636363636	HGTDITVL:0.7931818181818182	SNFRKVKR:0.3977272727272727	GTDITVLG:0.7045454545454546	MACGVPCI:0.3409090909090909	SEKESFGL:0.7477272727272727	TELGKLLA:0.3181818181818182	TLHGTDIT:0.8136363636363636	EAMACGVP:0.5613636363636364	ITCYPSVG:0.2840909090909091	ATELGKLL:0.3181818181818182	KLKIGITC:0.27954545454545454	ACGVPCIG:0.33636363636363636	LEAMACGV:0.5522727272727272	PPYDLALA:0.24545454545454545	VSNFRKVK:0.29318181818181815	LVLLEAMA:0.4	GSGVVATE:0.27954545454545454	AMACGVPC:0.3522727272727273	HVSNFRKV:0.28863636363636364	IVTTLHGT:0.375	EELYSISD:0.20454545454545456	GGSGVVAT:0.27954545454545454	LLEAMACG:0.3795454545454545	SGVVATEL:0.27954545454545454	LLSEKESF:0.5681818181818182	YPPYDLAL:0.24545454545454545	IHVSNFRK:0.2818181818181818	EKESFGLV:0.5522727272727272	CYPSVGGS:0.3068181818181818	KESFGLVL:0.37272727272727274	TDITVLGY:0.5	TTLHGTDI:0.8318181818181818	GSGIIATE:0.38181818181818183	FQYPPYDI:0.22954545454545455	VNQYAVFQ:0.225	GGSGIIAT:0.38181818181818183	HYAVPHAV:0.24545454545454545	YAVFQYPP:0.22045454545454546	YAVPHAVC:0.23636363636363636	VEVNQYAV:0.33181818181818185	IMTTLHGT:0.21363636363636362	VFQYPPYD:0.4090909090909091	MKIGITCY:0.22727272727272727	NQYAVFQY:0.22954545454545455	AVFQYPPY:0.22045454545454546	SGIIATEL:0.38181818181818183	QYAVFQYP:0.2159090909090909	MTTLHGTD:0.21363636363636362	EVNQYAVF:0.33181818181818185	KIMTTLHG:0.21363636363636362	GIIATELG:0.38181818181818183	GHEVHFIT:0.23636363636363636	ISDLKLLL:0.225	KLLLSEKE:0.25681818181818183	IGGIPEVI:0.24772727272727274	LGKLLAEK:0.22272727272727272	KLLAEKGH:0.22045454545454546	SVGGSGII:0.2	VGGSGIIA:0.20227272727272727	ITVLGYDP:0.26136363636363635	SDLKLLLS:0.22727272727272727	TVLGYDPS:0.25681818181818183	LKLLLSEK:0.2159090909090909	GKLLAEKG:0.22045454545454546	PSVGGSGI:0.20681818181818182	NFIDERVY:0.20681818181818182	VLGYDPSL:0.2545454545454545	DLKLLLSE:0.2159090909090909	YNFIDERV:0.20681818181818182	CAYLAKQM:0.20681818181818182	GHEIHFIT:0.20227272727272727	
