cluster number:492
GT4:32	GT4:32
LTGIPNYP:0.53125	EVSPMTQA:0.625	ISQYFYPE:0.28125	TGIPNYPE:0.21875	YEVSPMTQ:0.53125	VLTGIPNY:0.53125	GIPNYPEG:0.21875	VSPMTQAL:0.625	QYFYPEQF:0.59375	SQYFYPEQ:0.4375	PEQFRIND:0.59375	YPEQFRIN:0.5625	TIPAKTQS:0.21875	YFYPEQFR:0.5625	FYPEQFRI:0.5625	VTGIPNYP:0.21875	VVTGIPNY:0.21875	SPMTQALP:0.46875	IYEVSPMT:0.3125	TVLTGIPN:0.46875	PMTQALPA:0.21875	FIYEVSPM:0.3125	VTVLTGIP:0.46875	MVDYIYKN:0.21875	VSQYFYPE:0.3125	LYVMDLWP:0.34375	YVMDLWPE:0.46875	EQFRINDI:0.375	VMDLWPEN:0.3125	TIPAKLQS:0.5	PMTQALPG:0.25	MTIPAKLQ:0.46875	GYKVTVLT:0.25	ACGIPIIA:0.25	ERGYKVTV:0.21875	VFIYEVSP:0.28125	AGNIGEAQ:0.375	AQGLGILP:0.3125	TFAGNIGE:0.34375	SEAGDVRG:0.21875	IGEAQGLG:0.28125	LIQEIERL:0.21875	GEAAQIIK:0.21875	LVERGYKV:0.21875	GNIGEAQG:0.40625	ASLNGEAA:0.21875	QSTMACGI:0.28125	NELFDMTI:0.28125	RGYKVTVL:0.21875	YFANSDAS:0.21875	AAQIIKES:0.21875	YKVTVLTG:0.25	LVSEAGDV:0.21875	QIIKESQA:0.21875	IPYYFANS:0.21875	IPAKLQST:0.28125	NGEAAQII:0.21875	KLVFWPQY:0.21875	PAKLQSTM:0.28125	NIGEAQGL:0.40625	EAAQIIKE:0.21875	PYYFANSD:0.21875	AQIIKESQ:0.21875	VERGYKVT:0.21875	GLVSEAGD:0.21875	KESQAGLV:0.21875	ELFDMTIP:0.28125	DNILEFSK:0.21875	IKESQAGL:0.21875	EAQGLGIL:0.28125	QALPGIWY:0.3125	VFWPQYAE:0.21875	KLQSTMAC:0.28125	IIGEGRYK:0.28125	AKLQSTMA:0.28125	IDNILEFS:0.21875	YYFANSDA:0.21875	QYAEDYYS:0.28125	RIPLIPRG:0.21875	IIKESQAG:0.21875	NIIGEGRY:0.28125	FNIIGEGR:0.28125	QFRINDIC:0.3125	TMACGIPI:0.25	FDMTIPAK:0.28125	TQALPGIW:0.28125	NITFAGNI:0.375	DMTIPAKL:0.3125	STMACGIP:0.28125	FWPQYAED:0.34375	TLIQEIER:0.21875	LNITFAGN:0.28125	ESQAGLVS:0.21875	AEDYYSPV:0.21875	IASLNGEA:0.21875	FAGNIGEA:0.375	SQAGLVSE:0.21875	WPQYAEDY:0.3125	KLVERGYK:0.21875	CGIPIIAS:0.25	LFDMTIPA:0.28125	NSDASLII:0.21875	YAEDYYSP:0.28125	MACGIPII:0.25	KVTVLTGI:0.28125	FANSDASL:0.21875	GEAQGLGI:0.28125	EIPYYFAN:0.21875	AGLVSEAG:0.21875	PQYAEDYY:0.3125	LNGEAAQI:0.21875	LQSTMACG:0.28125	EEIPYYFA:0.21875	NILEFSKL:0.21875	QAGLVSEA:0.21875	VSEAGDVR:0.21875	SDASLIIL:0.28125	DASLIILA:0.28125	ITFAGNIG:0.40625	SLNGEAAQ:0.21875	LVFWPQYA:0.21875	ANSDASLI:0.21875	IVGDGRYK:0.21875	LNYLSFVV:0.21875	
