cluster number:443
GT4:14	GT4:14
AADLFVLP:0.35714285714285715	ADLFVLPS:0.42857142857142855	DLFVLPSL:0.21428571428571427	STRLSGIP:0.21428571428571427	TRLSGIPE:0.21428571428571427	VSTRLSGI:0.21428571428571427	RLSGIPEL:0.21428571428571427	GPLRNELQ:0.21428571428571427	GDGPLRNE:0.21428571428571427	DGPLRNEL:0.21428571428571427	EIVVDGVT:0.2857142857142857	IVVDGVTG:0.2857142857142857	VVDGVTGL:0.2857142857142857	DGVTGLLA:0.21428571428571427	SGIPEIVV:0.21428571428571427	ITLDLIGD:0.2857142857142857	PVALMEAL:0.35714285714285715	VRALTVAS:0.21428571428571427	YLVSRFPV:0.35714285714285715	PVTSETFI:0.35714285714285715	HAHYATYP:0.35714285714285715	RSLFPSPD:0.35714285714285715	REFDLRES:0.21428571428571427	LTGLLDEY:0.21428571428571427	SYSFTVHA:0.21428571428571427	VSRFPVTS:0.35714285714285715	LIGDGVLR:0.21428571428571427	GIPEIVVD:0.21428571428571427	DLIGDGVL:0.21428571428571427	RAALDAAD:0.21428571428571427	FPVTSETF:0.35714285714285715	VHAHYATY:0.35714285714285715	YKGHAVLL:0.21428571428571427	LVSRFPVT:0.35714285714285715	RALTVASL:0.21428571428571427	MEGLPVAL:0.21428571428571427	RFPVTSET:0.35714285714285715	HAHDLYVD:0.35714285714285715	SFTVHAHD:0.35714285714285715	VTSETFIV:0.35714285714285715	LMEALACG:0.21428571428571427	EALACGVP:0.21428571428571427	QYKGHAVL:0.21428571428571427	QMEGLPVA:0.21428571428571427	GLPVALME:0.2857142857142857	EFDLRESI:0.21428571428571427	HAVLLEAL:0.21428571428571427	EIRSLFPS:0.21428571428571427	VDGVTGLL:0.21428571428571427	KGHAVLLE:0.21428571428571427	ADDGQMEG:0.21428571428571427	EGLPVALM:0.2857142857142857	LQQYKGHA:0.21428571428571427	GQMEGLPV:0.35714285714285715	QQYKGHAV:0.21428571428571427	SLQQYKGH:0.21428571428571427	VALMEALA:0.35714285714285715	GHAVLLEA:0.21428571428571427	PCHVHAHY:0.21428571428571427	TLDLIGDG:0.2857142857142857	AHYATYPA:0.35714285714285715	AALDAADL:0.21428571428571427	TYPALAAW:0.35714285714285715	HVHAHYAT:0.35714285714285715	TSETFIVR:0.35714285714285715	TVHAHDLY:0.35714285714285715	FTVHAHDL:0.35714285714285715	ALTVASLQ:0.21428571428571427	MEALACGV:0.21428571428571427	SRFPVTSE:0.35714285714285715	CHVHAHYA:0.21428571428571427	IPEIVVDG:0.21428571428571427	VRAALDAA:0.21428571428571427	SMLDRKIA:0.21428571428571427	ATYPALAA:0.35714285714285715	ALDAADLF:0.21428571428571427	HARDLARR:0.21428571428571427	LSGIPEIV:0.21428571428571427	LTVASLQQ:0.21428571428571427	AVLLEALA:0.21428571428571427	LPVALMEA:0.2857142857142857	SETFIVRE:0.35714285714285715	VADDGQME:0.21428571428571427	DAADLFVL:0.21428571428571427	RITLDLIG:0.21428571428571427	YATYPALA:0.35714285714285715	YSFTVHAH:0.35714285714285715	VASLQQYK:0.21428571428571427	DGQMEGLP:0.2857142857142857	ASLQQYKG:0.21428571428571427	LDAADLFV:0.21428571428571427	TVASLQQY:0.21428571428571427	LDLIGDGV:0.21428571428571427	PEIVVDGV:0.21428571428571427	IRSLFPSP:0.21428571428571427	DDGQMEGL:0.21428571428571427	ALTGLLDE:0.21428571428571427	HYATYPAL:0.35714285714285715	VHAHDLYV:0.35714285714285715	FIVRELDA:0.21428571428571427	IVRELDAL:0.21428571428571427	TFIVRELD:0.21428571428571427	ETFIVREL:0.2857142857142857	ALMEALAS:0.21428571428571427	
