cluster number:173
GT4:27	GT4:27|GT2:1
IPEIIDGC:0.2222222222222222	VGGIPEII:0.3333333333333333	SLKIALVS:0.25925925925925924	GIPEIIDG:0.2222222222222222	GGIPEIID:0.2222222222222222	LPSLSEAF:0.48148148148148145	LKIALVSD:0.3333333333333333	YVGRLEPR:0.2962962962962963	ASGTPVIG:0.2962962962962963	GRLEPRKG:0.3333333333333333	MASGTPVI:0.4074074074074074	DVFVLPSL:0.48148148148148145	VGRLEPRK:0.2962962962962963	LVSDWYFP:0.2222222222222222	LYVGRLEP:0.2962962962962963	VSDWYFPK:0.2222222222222222	PSLSEAFG:0.4074074074074074	MESLKIAL:0.25925925925925924	SGTPVIGT:0.25925925925925924	EAMASGTP:0.5185185185185185	KIALVSDW:0.3333333333333333	AMASGTPV:0.48148148148148145	SLSEAFGI:0.4074074074074074	ESLKIALV:0.25925925925925924	LSEAFGIV:0.37037037037037035	VFVLPSLS:0.4444444444444444	RLEPRKGV:0.2962962962962963	SEAFGIVL:0.4444444444444444	GGVAVHMH:0.3333333333333333	PEIIDGCG:0.2222222222222222	FVLPSLSE:0.5185185185185185	VLPSLSEA:0.5185185185185185	IALVSDWY:0.3333333333333333	FGIVLLEA:0.5925925925925926	VLLEAMAS:0.5555555555555556	AFGIVLLE:0.5925925925925926	EAFGIVLL:0.5925925925925926	GIVLLEAM:0.5555555555555556	IVLLEAMA:0.5555555555555556	PHRIIAVS:0.2962962962962963	KLGGVAVH:0.25925925925925924	YRASDVFV:0.25925925925925924	LEAMASGT:0.48148148148148145	TTHSINYE:0.25925925925925924	VAVHMHDL:0.25925925925925924	VHMHDLAL:0.2222222222222222	HSINYENS:0.25925925925925924	RASDVFVL:0.25925925925925924	AVHMHDLA:0.25925925925925924	LLEAMASG:0.48148148148148145	SDVFVLPS:0.2962962962962963	ASDVFVLP:0.2962962962962963	PKLGGVAV:0.25925925925925924	LGGVAVHM:0.25925925925925924	GVAVHMHD:0.25925925925925924	THSINYEN:0.25925925925925924	TKVGGIPE:0.2222222222222222	
