cluster number:1366
GT4:9	GT4:9
VAIIEASA:0.3333333333333333	EASACGLP:0.5555555555555556	SESFGVAI:0.3333333333333333	IEASACGL:0.3333333333333333	DDSESFGV:0.3333333333333333	AGGLPEVV:0.4444444444444444	RDDSESFG:0.3333333333333333	SDAGGLPE:0.6666666666666666	ESFGVAII:0.4444444444444444	DAGGLPEV:0.5555555555555556	AIIEASAC:0.3333333333333333	ASACGLPV:0.5555555555555556	HYAGGYGA:0.3333333333333333	VSDAGGLP:0.6666666666666666	IHTIRWAN:0.2222222222222222	SFGVAIIE:0.4444444444444444	IIEASACG:0.3333333333333333	DSESFGVA:0.4444444444444444	FGVAIIEA:0.4444444444444444	KYGIDTLI:0.3333333333333333	RKYGIDTL:0.3333333333333333	WGGDVYDV:0.2222222222222222	SRDDSESF:0.3333333333333333	LLHVHYAG:0.2222222222222222	GGDVYDVP:0.2222222222222222	DLLHVHYA:0.2222222222222222	LHVHYAGG:0.3333333333333333	GVAIIEAS:0.3333333333333333	SVWGGDVY:0.3333333333333333	HVHYAGGY:0.3333333333333333	VHYAGGYG:0.3333333333333333	VWGGDVYD:0.2222222222222222	IVSDAGGL:0.2222222222222222	GATVWLSG:0.2222222222222222	AGGYGATV:0.2222222222222222	ISVWGGDV:0.2222222222222222	CGLPVVVS:0.4444444444444444	IDVVPFGV:0.2222222222222222	ITSTSHVM:0.2222222222222222	NALAERGL:0.2222222222222222	GLPVVVSD:0.3333333333333333	ACGLPVVV:0.4444444444444444	LISVWGGD:0.2222222222222222	NIHAIRWI:0.2222222222222222	LPVVVSDA:0.2222222222222222	GVSTPIDV:0.2222222222222222	RLGVSTPI:0.2222222222222222	VVPFGVDT:0.2222222222222222	PRDDPAAL:0.2222222222222222	VVSDAGGL:0.3333333333333333	QQPPLPGD:0.2222222222222222	INALAERG:0.2222222222222222	GIDTLIRG:0.2222222222222222	YGATVWLS:0.2222222222222222	HAIRWINA:0.2222222222222222	GGLPEVVE:0.3333333333333333	GYGATVWL:0.2222222222222222	PFRGRLAY:0.2222222222222222	PPLPGDYH:0.2222222222222222	VVVSDAGG:0.3333333333333333	LPFRGRLA:0.2222222222222222	WINALAER:0.2222222222222222	RWINALAE:0.2222222222222222	VITQQPPL:0.2222222222222222	DVVPFGVD:0.2222222222222222	LLPFRGRL:0.2222222222222222	PVVVSDAG:0.3333333333333333	TPIDVVPF:0.2222222222222222	TSTSHVMK:0.2222222222222222	QPPLPGDY:0.2222222222222222	ITQQPPLP:0.2222222222222222	ALAERGLD:0.2222222222222222	TQQPPLPG:0.2222222222222222	IRWINALA:0.2222222222222222	YAGGYGAT:0.2222222222222222	IDTLIRGF:0.2222222222222222	FRGRLAYL:0.2222222222222222	IHAIRWIN:0.2222222222222222	STPIDVVP:0.2222222222222222	PLPGDYHP:0.2222222222222222	SACGLPVV:0.3333333333333333	LGVSTPID:0.2222222222222222	IPRDDPAA:0.2222222222222222	AIRWINAL:0.2222222222222222	VSTPIDVV:0.2222222222222222	PIDVVPFG:0.2222222222222222	GGYGATVW:0.2222222222222222	YGIDTLIR:0.2222222222222222	GLPEVVED:0.2222222222222222	GAAGRQRV:0.2222222222222222	KMGAAGRQ:0.2222222222222222	KKMGAAGR:0.2222222222222222	RKKMGAAG:0.2222222222222222	LRKKMGAA:0.2222222222222222	MGAAGRQR:0.2222222222222222	LSVWGSDV:0.2222222222222222	GSDVYDFP:0.2222222222222222	SVWGSDVY:0.2222222222222222	WGSDVYDF:0.2222222222222222	VWGSDVYD:0.2222222222222222	
