cluster number:363
GT4:144	GT4:144|GT26:1
LCRWTSLG:0.2152777777777778	YLVPVTPD:0.22916666666666666	HGSWTTAF:0.2222222222222222	RAYLHLCR:0.2152777777777778	EHNTPKGD:0.2222222222222222	RFLADWDR:0.2152777777777778	TSLGLSLL:0.4305555555555556	HNTPKGDV:0.20833333333333334	WTSLGLSL:0.8333333333333334	LLWHVHGS:0.3888888888888889	RWRVTGTD:0.20833333333333334	RWTSLGLS:0.8402777777777778	HVHGSWTT:0.4097222222222222	WHVHGSWT:0.5972222222222222	NEPVRRWR:0.22916666666666666	LGLSLLEA:0.4097222222222222	LWHVHGSW:0.3888888888888889	APLDVFGM:0.3611111111111111	RRAYLHLC:0.2152777777777778	VRRWRVTG:0.2013888888888889	GLSLLEAM:0.4097222222222222	GLGRARTY:0.20833333333333334	NTPKGDVP:0.20833333333333334	LVPVTPDR:0.2361111111111111	GSWTTAFV:0.2222222222222222	PVRRWRVT:0.2013888888888889	VPVTPDRG:0.2569444444444444	LHLCRWTS:0.2152777777777778	SLGLSLLE:0.4236111111111111	RRRAYLHL:0.20833333333333334	YLHLCRWT:0.2152777777777778	EPVRRWRV:0.2152777777777778	RRWRVTGT:0.20833333333333334	YVEHNTPK:0.20833333333333334	WRVTGTDL:0.20833333333333334	CRWTSLGL:0.2152777777777778	ILLWHVHG:0.3194444444444444	PVTPDRGP:0.2986111111111111	VHGSWTTA:0.2222222222222222	AYLHLCRW:0.2152777777777778	HLCRWTSL:0.2152777777777778	VYVEHNTP:0.2361111111111111	LLEAMHLG:0.3125	VVNEPVRR:0.25	VPAVYVEH:0.25	AMHLGMPV:0.3263888888888889	VVVNEPVR:0.20833333333333334	HLGMPVVA:0.22916666666666666	LGMPVVAL:0.2777777777777778	MHLGMPVV:0.25	AVYVEHNT:0.2152777777777778	DVPAVYVE:0.2013888888888889	PAVYVEHN:0.3680555555555556	NEPVRRGR:0.3680555555555556	EAMHLGMP:0.3402777777777778	LEAMHLGM:0.2916666666666667	RVTGTDLL:0.3055555555555556	VTGTDLLP:0.2152777777777778	TARWTSLG:0.20833333333333334	VVALATTE:0.3333333333333333	VALATTEA:0.22916666666666666	HTARWTSL:0.2152777777777778	ARWTSLGL:0.2013888888888889	MPVVALAT:0.3263888888888889	LVHVTHFN:0.2708333333333333	LSLLEAMH:0.3055555555555556	PVVALATT:0.3333333333333333	ALATTEAV:0.22916666666666666	SLLEAMHL:0.2569444444444444	GMPVVALA:0.3888888888888889	HVTHFNRL:0.2361111111111111	DLVVLQRP:0.20833333333333334	VHVTHFNR:0.2361111111111111	VVLQRPHE:0.2013888888888889	VINEPVRR:0.20833333333333334	LGLSLIEA:0.3472222222222222	GLSLIEAM:0.3541666666666667	TSLGLSLI:0.3680555555555556	SLGLSLIE:0.3611111111111111	
