cluster number:2072
GT4:6	GT4:6
SATLVPLA:0.5	WAVVAALR:0.3333333333333333	AVVAALRP:0.3333333333333333	LLVVGDGP:0.3333333333333333	VVAALRPD:0.3333333333333333	PTALIEAG:0.5	AHLGYSAT:0.5	APVDVVHA:0.3333333333333333	VDVVHAHL:0.5	TLVPLAAR:0.5	SFSFGGAE:0.3333333333333333	LIEAGACG:0.3333333333333333	IEAGACGL:0.5	DSFSFGGA:0.3333333333333333	GGAENLIA:0.5	GVVSASVD:0.3333333333333333	VSASVDEA:0.3333333333333333	LPTALIEA:0.6666666666666666	VPLAARLA:0.5	EAGACGLP:0.5	PGATLLVV:0.3333333333333333	HPGATLLV:0.3333333333333333	DVVHAHLG:0.8333333333333334	AGACGLPV:0.5	GACGLPVV:0.5	LVPLAARL:0.8333333333333334	AALRPDKN:0.5	ALRPDKNH:0.5	AGGTREIV:0.5	ATLLVVGD:0.3333333333333333	EALPTALI:0.6666666666666666	ALPTALIE:0.6666666666666666	GYSATLVP:0.5	SFGGAENL:0.3333333333333333	DEALPTAL:0.5	AENLIAEL:0.5	LDSFSFGG:0.3333333333333333	TALIEAGA:0.5	DAGGTREI:0.5	DGVVSASV:0.3333333333333333	KPVVATLH:0.5	ATLVPLAA:0.5	HAHLGYSA:0.6666666666666666	VHAHLGYS:0.6666666666666666	VVSASVDE:0.3333333333333333	FGGAENLI:0.5	VVHAHLGY:0.6666666666666666	ALIEAGAC:0.3333333333333333	PVDVVHAH:0.3333333333333333	ACGLPVVA:0.6666666666666666	TLLVVGDG:0.3333333333333333	GATLLVVG:0.3333333333333333	SASVDEAL:0.3333333333333333	ASVDEALP:0.3333333333333333	PVVATLHL:0.5	HLGYSATL:0.5	VDEALPTA:0.5	ENLIAELG:0.5	LGYSATLV:0.5	VDGVVSAS:0.5	GAENLIAE:0.5	PLAARLAG:0.5	GKPVVATL:0.5	PARLGRLV:0.5	SVDEALPT:0.5	YSATLVPL:0.5	VAALRPDK:0.5	FSFGGAEN:0.3333333333333333	VATLHLSP:0.3333333333333333	ATLHLSPQ:0.3333333333333333	PLAARLVG:0.3333333333333333	NFGGAENL:0.3333333333333333	VVASDAGG:0.3333333333333333	GRLVLVSQ:0.5	PTYISVRK:0.3333333333333333	ILDSYNFG:0.3333333333333333	MILDSYNF:0.3333333333333333	LMILDSYN:0.3333333333333333	GGTREIVV:0.3333333333333333	MLMILDSY:0.3333333333333333	DSYNFGGA:0.3333333333333333	GVTGRLVP:0.3333333333333333	LGRREDVP:0.5	RGEWLKER:0.3333333333333333	EEKYSMRT:0.3333333333333333	PDKNHVDL:0.3333333333333333	HGPARSTW:0.3333333333333333	AGRAQAEE:0.3333333333333333	QAEEKYSM:0.3333333333333333	ARLVGKPV:0.3333333333333333	RPDKNHVD:0.3333333333333333	LVSQHAFD:0.3333333333333333	AEEKYSMR:0.3333333333333333	YNFGGAEN:0.3333333333333333	TLHLSPQP:0.3333333333333333	LRPDKNHV:0.3333333333333333	GTREIVVD:0.3333333333333333	DGVTGRLV:0.3333333333333333	VLVSQHAF:0.3333333333333333	LDSYNFGG:0.3333333333333333	LVGKPVVA:0.3333333333333333	QHAFDQYA:0.3333333333333333	GAAGRAQA:0.3333333333333333	VPLAARLV:0.3333333333333333	LRDVPALT:0.3333333333333333	RLVGKPVV:0.3333333333333333	NLIAELGR:0.3333333333333333	AQAEEKYS:0.3333333333333333	GRAQAEEK:0.3333333333333333	VGKPVVAT:0.3333333333333333	AARLVGKP:0.3333333333333333	PVVASDAG:0.3333333333333333	SDAGGTRE:0.3333333333333333	RLGRLVLV:0.3333333333333333	VSVASLAP:0.3333333333333333	LAARLVGK:0.3333333333333333	GPARSTWR:0.3333333333333333	VSQHAFDQ:0.3333333333333333	RAQAEEKY:0.3333333333333333	AAGRAQAE:0.3333333333333333	LGRLVLVS:0.5	VASDAGGT:0.3333333333333333	VTGRLVPL:0.3333333333333333	ASDAGGTR:0.3333333333333333	RIPARLGR:0.3333333333333333	HLSPQPHS:0.3333333333333333	RLVLVSQH:0.3333333333333333	GRLVPLRD:0.3333333333333333	EKYSMRTW:0.3333333333333333	YISVRKLL:0.3333333333333333	VPLRDVPA:0.3333333333333333	LHLSPQPH:0.3333333333333333	SYNFGGAE:0.3333333333333333	LVLVSQHA:0.3333333333333333	VVATLHLS:0.3333333333333333	ISVRKLLD:0.3333333333333333	TYISVRKL:0.3333333333333333	SVRIPARL:0.3333333333333333	IPARLGRL:0.3333333333333333	RHGPARST:0.3333333333333333	SQHAFDQY:0.3333333333333333	TGRLVPLR:0.3333333333333333	VRIPARLG:0.3333333333333333	LVPLRDVP:0.3333333333333333	GRREDVPD:0.3333333333333333	GLPVVASD:0.3333333333333333	LPVVASDA:0.3333333333333333	LLGRREDV:0.5	RLVPLRDV:0.3333333333333333	ARLGRLVL:0.3333333333333333	PLRDVPAL:0.3333333333333333	ADVVHAHL:0.3333333333333333	
