cluster number:1293
GT4:12	GT4:12
VAEAMSAR:0.3333333333333333	GGGEVMLL:0.75	FGLVVAEA:0.4166666666666667	LVVAEAMS:0.3333333333333333	ESFGLVVA:0.3333333333333333	GLVVAEAM:0.4166666666666667	SFGLVVAE:0.3333333333333333	LWCNGLVP:0.5	AEAMSARV:0.3333333333333333	GGEVMLLA:0.25	SDAGALPE:0.4166666666666667	LLWCNGLV:0.5	VVAEAMSA:0.3333333333333333	EAMSARVP:0.3333333333333333	LYIATNNG:0.3333333333333333	IGGEPVFA:0.25	LGYKVTIV:0.25	TRLGWTTP:0.25	VPSRYVAR:0.25	ATGGRKNR:0.3333333333333333	WCNGLVPA:0.4166666666666667	RYVARACP:0.25	GDIGGGEV:0.3333333333333333	GLVPAAAT:0.25	VLLWCNGL:0.3333333333333333	ARACPGSE:0.25	SRYVARAC:0.25	VARACPGS:0.25	LNIARAAR:0.4166666666666667	TIVGPSEP:0.25	KELYIATN:0.25	VGPSEPKQ:0.25	IDMLVVPS:0.25	AKNRAQYM:0.25	WTTPDRLF:0.25	LPAKNRAQ:0.25	WRWQENYS:0.25	NIARAARS:0.25	NRIVHLHQ:0.3333333333333333	VPAAATGG:0.25	LGWTTPDR:0.25	IARAARSL:0.25	FWRWQENY:0.25	DVLLWCNG:0.25	KNRIVHLH:0.3333333333333333	VVSDAGAL:0.3333333333333333	TLVPSRYV:0.25	AKLVPFAR:0.4166666666666667	GGRKNRIV:0.3333333333333333	GWTTPDRL:0.25	ENYSPEAG:0.25	LVPAAATG:0.25	GRKNRIVH:0.3333333333333333	PAAATGGR:0.25	ELYIATNN:0.3333333333333333	VGEILERF:0.25	EAAADEGF:0.4166666666666667	IATNNGDI:0.25	AGKVRVGE:0.25	NNGDIGGG:0.3333333333333333	TGGRKNRI:0.3333333333333333	YVARACPG:0.25	GPSEPKQL:0.25	YIATNNGD:0.3333333333333333	NGLVPAAA:0.25	VTIVGPSE:0.25	AERTSELF:0.25	YKVTIVGP:0.25	EILERFIR:0.25	EAGKVRVG:0.25	PEAGKVRV:0.25	KVTIVGPS:0.25	VRVGEILE:0.25	RKNRIVHL:0.3333333333333333	NGDIGGGE:0.3333333333333333	IGGGEVML:0.3333333333333333	YSPEAGKV:0.25	DIGGGEVM:0.3333333333333333	ERTSELFW:0.25	PSRYVARA:0.25	LFWRWQEN:0.25	RVGEILER:0.25	GEVMLLNI:0.5	PAKNRAQY:0.25	ATNNGDIG:0.3333333333333333	LVPSRYVA:0.25	RLGWTTPD:0.25	GVSTELDH:0.25	RTSELFWR:0.25	EVMLLNIA:0.5	RWQENYSP:0.25	NAKLVPFA:0.4166666666666667	QENYSPEA:0.25	GKVRVGEI:0.25	LLNIARAA:0.4166666666666667	GEILERFI:0.25	TSELFWRW:0.25	VTLVPSRY:0.25	SPEAGKVR:0.25	IVGPSEPK:0.25	VMLLNIAR:0.4166666666666667	KDVLLWCN:0.25	TNNGDIGG:0.3333333333333333	CNGLVPAA:0.25	ARAARSLG:0.25	APESFGLV:0.25	GGEVMLLN:0.5	STRLGWTT:0.25	SELFWRWQ:0.25	GYKVTIVG:0.25	KVRVGEIL:0.25	ELFWRWQE:0.25	WQENYSPE:0.25	FSTRLGWT:0.25	LAERTSEL:0.25	RAARSLGY:0.25	NYSPEAGK:0.25	MLLNIARA:0.4166666666666667	VSDAGALP:0.3333333333333333	FGLVAAEA:0.4166666666666667	GLVAAEAM:0.4166666666666667	ESFGLVAA:0.4166666666666667	SFGLVAAE:0.4166666666666667	DAGALPEV:0.25	AGALPEVA:0.25	GALPEVAG:0.25	KLVPFARR:0.25	VAAEAMAA:0.25	LVAAEAMA:0.25	
