cluster number:2365
GT4:51	GT4:51|GT2:1
PSLRPEPF:0.47058823529411764	RPEPFGRV:0.45098039215686275	HARSRAPA:0.5882352941176471	DRLRLIPR:0.23529411764705882	LVHARSRA:0.5882352941176471	ARSRAPAW:0.5686274509803921	ILQVLPAL:0.2549019607843137	SRAPAWVA:0.2549019607843137	SLRPEPFG:0.47058823529411764	LRPEPFGR:0.47058823529411764	RSRAPAWV:0.2549019607843137	VHARSRAP:0.5882352941176471	RLRLIPRG:0.23529411764705882	ALVASAGG:0.21568627450980393	VYDELLGT:0.29411764705882354	PDCGSRNP:0.21568627450980393	LRTIPRGA:0.23529411764705882	FVTTWHGV:0.35294117647058826	VVPSLRPE:0.2549019607843137	LMPGRLTA:0.21568627450980393	EEYHVGPD:0.23529411764705882	GHCDDMPA:0.21568627450980393	GGVERGTI:0.21568627450980393	LPALEQGG:0.21568627450980393	ITQAGGKA:0.21568627450980393	DRLRTIPR:0.23529411764705882	ILQILPAL:0.2549019607843137	RLAEEYHV:0.21568627450980393	LASGDRVI:0.21568627450980393	PFVTTWHG:0.3333333333333333	VVVPSLRP:0.2549019607843137	MPGRLTAW:0.21568627450980393	HHGAAVET:0.21568627450980393	RFAGHCDD:0.21568627450980393	ATLAVYDE:0.29411764705882354	MPAAMMLA:0.2549019607843137	DMPAAMML:0.2549019607843137	VTTWHGVH:0.5098039215686274	PEPFGRVV:0.47058823529411764	PGRLTAWK:0.21568627450980393	QGGVERGT:0.2549019607843137	LQILPALE:0.21568627450980393	FGRVVVEA:0.43137254901960786	FAGHCDDM:0.21568627450980393	VVEAQAMC:0.2549019607843137	ERGTIEMA:0.21568627450980393	RTIPRGAD:0.23529411764705882	QTPFVTTW:0.21568627450980393	LAEEYHVG:0.21568627450980393	HVGPDRLR:0.23529411764705882	LAVYDELL:0.3137254901960784	TLAVYDEL:0.27450980392156865	EPFGRVVV:0.47058823529411764	GTIEMAQA:0.21568627450980393	TTWHGVHA:0.29411764705882354	PVILMPGR:0.23529411764705882	MVVVPSLR:0.2549019607843137	HGAAVETV:0.23529411764705882	TIPRGADT:0.21568627450980393	TWHGVHAN:0.2549019607843137	TPFVTTWH:0.3137254901960784	GRVVVEAQ:0.43137254901960786	QILPALEQ:0.21568627450980393	ASGDRVIA:0.2549019607843137	HCDDMPAA:0.21568627450980393	EYHVGPDR:0.23529411764705882	AITQAGGK:0.21568627450980393	AEEYHVGP:0.21568627450980393	TQTPFVTT:0.21568627450980393	VILMPGRL:0.23529411764705882	VLASGDRV:0.21568627450980393	AGHCDDMP:0.21568627450980393	RLTAWKGQ:0.29411764705882354	GDRVIAIS:0.5294117647058824	QRLAEEYH:0.21568627450980393	VVVEAQAM:0.4117647058823529	RVVVEAQA:0.4117647058823529	GRLTAWKG:0.21568627450980393	GVERGTIE:0.21568627450980393	PFGRVVVE:0.47058823529411764	AVYDELLG:0.23529411764705882	ILMPGRLT:0.2549019607843137	TIEMAQAI:0.21568627450980393	RGTIEMAQ:0.21568627450980393	SGDRVIAI:0.2549019607843137	VPSLRPEP:0.29411764705882354	RLRTIPRG:0.23529411764705882	YHVGPDRL:0.23529411764705882	CDDMPAAM:0.21568627450980393	ILPALEQG:0.21568627450980393	VERGTIEM:0.21568627450980393	LPDCGSRN:0.21568627450980393	RSRAPAWA:0.27450980392156865	SRAPAWAA:0.27450980392156865	
