cluster number:2109
GT4:14	GT4:14
AYWSGVLA:0.21428571428571427	PYRSATQS:0.42857142857142855	VSSSDGFI:0.21428571428571427	FFGYVREY:0.35714285714285715	SDGFITLS:0.21428571428571427	AVEFREGY:0.21428571428571427	REYKGLDT:0.21428571428571427	WSGVLAPL:0.21428571428571427	DAPVLLFF:0.21428571428571427	DGFITLSR:0.21428571428571427	EDAPVLLF:0.21428571428571427	VVLPYRSA:0.35714285714285715	PEDAPVLL:0.21428571428571427	VLPYRSAT:0.42857142857142855	SSDGFITL:0.21428571428571427	VLLHNFTS:0.21428571428571427	LPYRSATQ:0.42857142857142855	LLHNFTSH:0.21428571428571427	HGVPVIAC:0.21428571428571427	LHNFTSHE:0.21428571428571427	GHGVPVIA:0.21428571428571427	VREYKGLD:0.2857142857142857	APVLLFFG:0.35714285714285715	YVREYKGL:0.35714285714285715	LLFFGYVR:0.8571428571428571	EYKGLDTL:0.21428571428571427	YWSGVLAP:0.21428571428571427	VLLFFGYV:0.7142857142857143	FREGYVPA:0.21428571428571427	IDGAVEFR:0.21428571428571427	LGIDGAVE:0.21428571428571427	FGYVREYK:0.35714285714285715	DGAVEFRE:0.21428571428571427	LFFGYVRE:0.35714285714285715	GLPEDAPV:0.21428571428571427	LVSSSDGF:0.21428571428571427	GIDGAVEF:0.21428571428571427	VEHGRTGW:0.21428571428571427	VEFREGYV:0.21428571428571427	YRSATQSG:0.42857142857142855	SSSDGFIT:0.21428571428571427	PVLLFFGY:0.5714285714285714	GAVEFREG:0.21428571428571427	GYVREYKG:0.35714285714285715	EFREGYVP:0.21428571428571427	LPEDAPVL:0.21428571428571427	AADAVVLP:0.35714285714285715	ADAVVLPY:0.35714285714285715	RLVVAGEF:0.21428571428571427	DAVVLPYR:0.35714285714285715	AAADAVVL:0.2857142857142857	AVVLPYRS:0.2857142857142857	KGGIARFS:0.2857142857142857	SATQSGVA:0.21428571428571427	RSATQSGV:0.2857142857142857	LKGGIARF:0.2857142857142857	FPPLKGGI:0.21428571428571427	SPFPPLKG:0.21428571428571427	PLKGGIAR:0.2857142857142857	PFPPLKGG:0.21428571428571427	YVRRYKGL:0.35714285714285715	KGLDLLLQ:0.21428571428571427	LFFGYVRR:0.35714285714285715	VLYNPLTW:0.2857142857142857	YKGLDLLL:0.35714285714285715	VRRYKGLD:0.35714285714285715	GLDLLLQA:0.21428571428571427	RRYKGLDL:0.2857142857142857	FGYVRRYK:0.35714285714285715	FFGYVRRY:0.35714285714285715	GYVRRYKG:0.35714285714285715	LVLYNPLT:0.21428571428571427	RYKGLDLL:0.2857142857142857	LVVAGEFY:0.21428571428571427	VVAGEFYE:0.21428571428571427	VAGEFYEP:0.21428571428571427	ASQSGVVQ:0.21428571428571427	PFFPLKGG:0.21428571428571427	FFPLKGGI:0.21428571428571427	SPFFPLKG:0.21428571428571427	
