cluster number:1694
GT4:12	GT4:12
PQPGGVGD:0.3333333333333333	PGGVGDYT:0.5833333333333334	LIPIGANI:0.25	QPGGVGDY:0.3333333333333333	IQYQTGAY:0.3333333333333333	HIQYQTGA:0.3333333333333333	QPGGVSDY:0.25	QYVPHAFG:0.4166666666666667	PPQPGGVS:0.25	LPVPSNLP:0.3333333333333333	PGGVSDYT:0.25	VHVWAPGE:0.4166666666666667	WLPVPSNL:0.3333333333333333	PQPGGVSD:0.25	HDLLPPYL:0.25	GEYPPQPG:0.4166666666666667	LPPYLFPK:0.25	PYLFPKAG:0.25	EYPPQPGG:0.4166666666666667	DLLPPYLF:0.25	TGEYPPQP:0.4166666666666667	PPQPGGVG:0.25	PPYLFPKA:0.25	YPPQPGGV:0.4166666666666667	LLPPYLFP:0.25	LTGEYPPQ:0.25	LLQYVPHA:0.5	VTVHRVPG:0.3333333333333333	PHAFGMKA:0.4166666666666667	AGVTRVMA:0.25	MNVPFCAW:0.4166666666666667	WHLLTGEY:0.3333333333333333	AMNVPFCA:0.4166666666666667	GVTVHRVP:0.3333333333333333	LTEPLWRE:0.25	GPRRLLLQ:0.3333333333333333	GMKAMNVP:0.4166666666666667	VPHAFGMK:0.4166666666666667	LGHFGTYG:0.25	NVPFCAWF:0.4166666666666667	LLLGRGSR:0.25	LQYVPHAF:0.3333333333333333	RLLLQYVP:0.5	LAGVTRVM:0.3333333333333333	RRLLLQYV:0.5	PRRLLLQY:0.5	WLGHFGTY:0.25	GVTRVMAR:0.25	YPDGVSTR:0.5	TVHRVPGL:0.3333333333333333	HAFGMKAM:0.4166666666666667	PDGVSTRR:0.5	LLTGEYPP:0.3333333333333333	CPGPRRLL:0.3333333333333333	LLLQYVPH:0.5	HLLTGEYP:0.3333333333333333	VLAGVTRV:0.25	FGMKAMNV:0.4166666666666667	MKAMNVPF:0.3333333333333333	YVPHAFGM:0.4166666666666667	DGVSTRRT:0.5	PGPRRLLL:0.4166666666666667	QPYPDGVS:0.5833333333333334	PYPDGVST:0.5	AFGMKAMN:0.4166666666666667	KAMNVPFC:0.4166666666666667	SRGLDACP:0.3333333333333333	HVWAPGEG:0.3333333333333333	GRGSRAFV:0.3333333333333333	SPRGPWRH:0.25	VSTRRTTV:0.3333333333333333	GHFGTFGR:0.25	RIYREHFA:0.25	GHLTEPLW:0.3333333333333333	HLPARVRP:0.25	HPWSPRGP:0.25	RGSRAFVE:0.3333333333333333	HFALERTV:0.25	PWSPRGPW:0.25	MAGLALGL:0.3333333333333333	EAALVPLL:0.4166666666666667	PQWAAHLP:0.25	EHFALERT:0.25	LSRGLDAC:0.3333333333333333	LPGLSRGL:0.25	HEAVHPWS:0.25	RTTVMAGL:0.3333333333333333	GSRAFVEG:0.25	LGRGSRAF:0.25	EAVHPWSP:0.25	PWLGHFGT:0.4166666666666667	VHRVPGLL:0.25	WSPRGPWR:0.25	EPLEAALV:0.3333333333333333	VRDEDGVT:0.25	QEVHVWAP:0.3333333333333333	LQPYPDGV:0.3333333333333333	RDEDGVTV:0.25	PLEAALVP:0.4166666666666667	AGLALGLP:0.3333333333333333	IYREHFAL:0.25	LALGLPVV:0.25	TAPAALVE:0.25	AGTTRLMV:0.25	AGQEVHVW:0.3333333333333333	EGGVRDED:0.25	LAGTTRLM:0.25	GTAPAALV:0.25	ALLLGRGS:0.25	RLTAEPLE:0.25	VWAPGEGG:0.3333333333333333	LEAALVPL:0.4166666666666667	RLVARDSL:0.25	VALAEGTA:0.25	TTVMAGLA:0.3333333333333333	GAGPWLGH:0.25	PFCAWFAA:0.3333333333333333	RVPGLLTP:0.25	GVGDYTRQ:0.25	LTAEPLEA:0.25	ALGLPVVT:0.25	FCAWFAAR:0.3333333333333333	GRLVARDS:0.25	PSNLPVEV:0.25	GLPGLSRG:0.25	VHPWSPRG:0.25	WAPGEGGV:0.3333333333333333	HFGTFGRL:0.25	PARVRPHA:0.25	FGRLTAEP:0.25	CAWFAARR:0.3333333333333333	GVRDEDGV:0.25	PVPSNLPV:0.25	GPWLGHFG:0.4166666666666667	AVHPWSPR:0.25	HRVPGLLT:0.25	TGHLTEPL:0.3333333333333333	GGVGDYTR:0.3333333333333333	TAEPLEAA:0.25	LAEGTAPA:0.25	TFGRLTAE:0.25	APGEGGVR:0.25	WLGHFGTF:0.25	AGPWLGHF:0.25	DEDGVTVH:0.25	LGHFGTFG:0.25	EVHVWAPG:0.3333333333333333	GQEVHVWA:0.3333333333333333	PGEGGVRD:0.25	LPARVRPH:0.25	GGVRDEDG:0.25	FGTFGRLT:0.25	GLSRGLDA:0.25	AEPLEAAL:0.3333333333333333	PRGPWRHH:0.25	GTFGRLTA:0.25	GEGGVRDE:0.25	GVSTRRTT:0.4166666666666667	GLALGLPV:0.25	EDGVTVHR:0.25	VMAGLALG:0.3333333333333333	IPQWAAHL:0.25	REHFALER:0.25	GTTRLMVR:0.25	RRTTVMAG:0.3333333333333333	AALVPLLR:0.25	SIPQWAAH:0.25	GRLTAEPL:0.25	PGLSRGLD:0.25	YREHFALE:0.3333333333333333	LGAGPWLG:0.25	ALAEGTAP:0.3333333333333333	AEGTAPAA:0.25	TVMAGLAL:0.3333333333333333	EGTAPAAL:0.25	TRRTTVMA:0.3333333333333333	VPFCAWFA:0.3333333333333333	STRRTTVM:0.3333333333333333	LDACPGPR:0.25	GLDACPGP:0.25	ACPGPRRL:0.25	RGLDACPG:0.25	DACPGPRR:0.25	
