cluster number:545
GT4:18	GT4:18
EALACGTP:0.2777777777777778	CGTPVVGF:0.5555555555555556	ALACGTPV:0.2777777777777778	ACGTPVVG:0.5555555555555556	SLEDNLPN:0.3888888888888889	AFTGGCHY:0.3333333333333333	PSLEDNLP:0.3333333333333333	LEDNLPNT:0.3333333333333333	LACGTPVV:0.3333333333333333	WAFTGGCH:0.2777777777777778	EDNLPNTV:0.3333333333333333	CGTPVVAF:0.2222222222222222	MACGTPVV:0.4444444444444444	ACGTPVVA:0.2222222222222222	DQWAFTGG:0.2222222222222222	TLHDQWAF:0.2222222222222222	LHWINFGF:0.2222222222222222	GGIPEMID:0.2777777777777778	VRFQFSPA:0.2222222222222222	EQTAFGRF:0.2222222222222222	QWAFTGGC:0.2222222222222222	VPSLEDNL:0.2777777777777778	FGGAAVAA:0.2222222222222222	LAEQTAFG:0.2222222222222222	PIVWTLHD:0.3333333333333333	NFLAEQTA:0.2222222222222222	GTPVVGFR:0.2777777777777778	NNFLAEQT:0.2222222222222222	QTAFGRFV:0.2222222222222222	GKPIVWTL:0.2222222222222222	VVPSLEDN:0.2777777777777778	FGRFVAER:0.2222222222222222	RLLFGSAN:0.2222222222222222	HLHWINFG:0.2777777777777778	LHDQWAFT:0.2222222222222222	MVVPSLED:0.2222222222222222	ANNFLAEQ:0.2222222222222222	KPIVWTLH:0.3333333333333333	LPNTVIEA:0.2222222222222222	AFGRFVAE:0.2222222222222222	LANNFLAE:0.2222222222222222	EAMACGTP:0.4444444444444444	TGGIPEMI:0.2777777777777778	HDQWAFTG:0.2222222222222222	GIPEMIDH:0.2777777777777778	TAFGRFVA:0.2222222222222222	AMACGTPV:0.4444444444444444	WTLHDQWA:0.2222222222222222	FLAEQTAF:0.2222222222222222	AEQTAFGR:0.2222222222222222	VWTLHDQW:0.2222222222222222	GRFVAERL:0.2222222222222222	FGKGRSYL:0.2222222222222222	VEAMACGT:0.2777777777777778	
