cluster number:2238
GT4:11	GT4:11|GT2:1
PPAAGNEI:0.36363636363636365	GTGLKIKT:0.9090909090909091	VLIVASSN:0.2727272727272727	ASSNEFNV:0.2727272727272727	LIVASSNE:0.2727272727272727	KAHVAWPS:0.2727272727272727	CRVGTGLK:0.2727272727272727	PYPPAAGN:0.2727272727272727	HDLFCRKQ:0.2727272727272727	AAGNEIRI:0.36363636363636365	GKAHVAWP:0.2727272727272727	VASSNEFN:0.2727272727272727	GLKIKTIE:0.2727272727272727	VGTGLKIK:0.36363636363636365	RVGTGLKI:0.2727272727272727	AGNEIRIY:0.2727272727272727	TGLKIKTI:0.2727272727272727	IVASSNEF:0.2727272727272727	PAAGNEIR:0.36363636363636365	KIKTIEAL:0.2727272727272727	NPCRVGTG:0.2727272727272727	VNPCRVGT:0.2727272727272727	AQYVFMSR:0.2727272727272727	PCRVGTGL:0.2727272727272727	VVNPCRVG:0.2727272727272727	YPPAAGNE:0.2727272727272727	LVLKPLGD:0.2727272727272727	VVVNPCRV:0.2727272727272727	LKIKTIEA:0.2727272727272727	FNVRGTQD:0.2727272727272727	EFNVRGTQ:0.2727272727272727	VRGTQDFL:0.2727272727272727	RGTQDFLD:0.2727272727272727	NVRGTQDF:0.2727272727272727	NEFNVRGT:0.2727272727272727	LKIKTVEA:0.7272727272727273	IKTVEALA:0.2727272727272727	KIKTVEAL:0.5454545454545454	TGLKIKTV:0.6363636363636364	GLKIKTVE:0.7272727272727273	GGTGLKIK:0.2727272727272727	
