cluster number:355
GT4:35	GT4:35
PLWNNYYE:0.2	AQFYRAKR:0.2	EGFGLTYI:0.7714285714285715	TFKARFGA:0.22857142857142856	NSGVEHAQ:0.7714285714285715	IVTIPVGG:0.22857142857142856	GFGLTYIE:0.7142857142857143	YDAFVSAS:0.42857142857142855	YRAKRFDQ:0.2	IEALNAGL:0.3142857142857143	VVATELQR:0.22857142857142856	SFSEGFGL:0.2857142857142857	VTIPVGGV:0.2	LTYIEALN:0.4	GNSGVEHA:0.6	IGNSGVEH:0.2857142857142857	SASFSEGF:0.2	VEHAQFYR:0.7714285714285715	KYDAFVSA:0.3142857142857143	SEGFGLTY:0.8285714285714286	QFYRAKRF:0.2	FGLTYIEA:0.7142857142857143	FSEGFGLT:0.2857142857142857	ASFSEGFG:0.2	AMGIGNSG:0.2857142857142857	YIEALNAG:0.3142857142857143	EALNAGLP:0.3142857142857143	GIGNSGVE:0.2857142857142857	EHAQFYRA:0.7714285714285715	SGVEHAQF:0.7714285714285715	HAQFYRAK:0.2	FYRAKRFD:0.2	GVEHAQFY:0.7714285714285715	MGIGNSGV:0.2857142857142857	GLTYIEAL:0.4	TYIEALNA:0.34285714285714286	AFVSASYS:0.2857142857142857	HPLWNNYY:0.3142857142857143	PIATYANL:0.2857142857142857	ALPIATYA:0.2	GGHPLWNN:0.2571428571428571	SYSEGFGL:0.5714285714285714	NNYYQYMF:0.2571428571428571	ANLYGAQE:0.34285714285714286	TASRLHPE:0.2571428571428571	YQYMFDHL:0.2857142857142857	IATYANLY:0.2857142857142857	FVTASRLH:0.3142857142857143	ATYANLYG:0.2857142857142857	TYANLYGA:0.2857142857142857	PLWNNYYQ:0.3142857142857143	ENEVIGLY:0.2	WNNYYQYM:0.2571428571428571	MRRIFDNY:0.22857142857142856	VSASYSEG:0.42857142857142855	LYGAQELV:0.3142857142857143	ASRLHPEK:0.2571428571428571	AMRRIFDN:0.22857142857142856	NLYGAQEL:0.34285714285714286	WDLTNTQR:0.22857142857142856	LPIATYAN:0.2571428571428571	MNFFVNKA:0.2571428571428571	LWDLTNTQ:0.22857142857142856	LWNNYYQY:0.3142857142857143	SASYSEGF:0.4857142857142857	GDALPIAT:0.22857142857142856	NEVIGLYD:0.2	YYQYMFDH:0.2857142857142857	YSEGFGLT:0.5142857142857142	ASYSEGFG:0.5428571428571428	FVSASYSE:0.42857142857142855	GHPLWNNY:0.2571428571428571	GLTYIEAI:0.3142857142857143	VTASRLHP:0.2	SNSGVEHA:0.2571428571428571	DAFVSASY:0.2857142857142857	NYYQYMFD:0.2571428571428571	RRIFDNYD:0.22857142857142856	YANLYGAQ:0.34285714285714286	YLLSDDPD:0.2	YDYLLSDD:0.2	LPQLHQHM:0.2	HAQFYRAA:0.2	LHQHMKEW:0.2	DYLLSDDP:0.2	ASEKHIDL:0.2	LASEKHID:0.2	SRLASEKH:0.22857142857142856	RLASEKHI:0.2	
