cluster number:1487
GT4:55	GT4:55
GNQDAPVN:0.6	LSETFILN:0.21818181818181817	VSGFLVPE:0.2909090909090909	GIPELVED:0.45454545454545453	ETFILNQI:0.2727272727272727	VHPDVEKY:0.2	SFRGYDIS:0.2909090909090909	FILNQITG:0.34545454545454546	FLVPERDA:0.4	GFLVPERD:0.6727272727272727	HGGIPELV:0.7090909090909091	TFILNQIT:0.23636363636363636	GGIPELVE:0.41818181818181815	DGNQDAPV:0.6	SGFLVPER:0.6727272727272727	RLVEKKGI:0.4909090909090909	ILNQITGL:0.36363636363636365	SETFILNQ:0.2727272727272727	LVEKKGIE:0.4727272727272727	VEKKGIEY:0.4909090909090909	GRLVEKKG:0.45454545454545453	FLVPERDV:0.2	EYNIIGDG:0.4	YDIIHCQF:0.6727272727272727	TLKEAMAM:0.5636363636363636	LHGGIPEL:0.2545454545454545	AMAMGLPV:0.5818181818181818	GDFFLANC:0.21818181818181817	LKEAMAMG:0.6	TLHGGIPE:0.2545454545454545	IEYNIIGD:0.3090909090909091	DIIHCQFG:0.5454545454545454	KLITSFRG:0.23636363636363636	SYDIIHCQ:0.2909090909090909	IIHCQFGT:0.32727272727272727	KEAMAMGL:0.5818181818181818	LITSFRGY:0.23636363636363636	EAMAMGLP:0.5818181818181818	TSFRGYDI:0.2909090909090909	NTLKEAMA:0.5636363636363636	MAMGLPVI:0.5454545454545454	NIEYNIIG:0.21818181818181817	MGLPVIST:0.38181818181818183	GKLITSFR:0.23636363636363636	AMGLPVIS:0.38181818181818183	FPVLSETF:0.21818181818181817	ITSFRGYD:0.23636363636363636	ERDADAIA:0.2	IPELVEDG:0.4	DAPVNTLK:0.5818181818181818	PVNTLKEA:0.5818181818181818	DGVSGFLV:0.2545454545454545	NQDAPVNT:0.5818181818181818	VKLLGWKQ:0.21818181818181817	PERDADAI:0.2	HGSGIDCS:0.36363636363636365	TTGRLVEK:0.38181818181818183	VHGSGIDC:0.41818181818181815	VVHGSGID:0.21818181818181817	VPERDADA:0.21818181818181817	QDAPVNTL:0.5818181818181818	VNTLKEAM:0.5818181818181818	KIVVHGSG:0.21818181818181817	FRGYDISW:0.2909090909090909	ATTGRLVE:0.23636363636363636	APVNTLKE:0.5818181818181818	RIATTGRL:0.2545454545454545	GVSGFLVP:0.2545454545454545	TGRLVEKK:0.38181818181818183	IATTGRLV:0.21818181818181817	LVPERDAD:0.21818181818181817	IVVHGSGI:0.21818181818181817	KLLGWKQQ:0.2545454545454545	TRHGGIPE:0.23636363636363636	RHGGIPEL:0.21818181818181817	IHCQFGTL:0.2	LNQITGLI:0.2727272727272727	NKLNDELV:0.2545454545454545	NQITGLID:0.2	LLGWKQQK:0.2	DMNKLNDE:0.2	ISGFLVPE:0.36363636363636365	GISGFLVP:0.34545454545454546	YDMNKLND:0.2	QITGLIDR:0.2	MNKLNDEL:0.2	FLANCEFF:0.2	LGWKQQKE:0.2	GWKQQKEI:0.2	IFIAPSVT:0.2727272727272727	HIFIAPSV:0.21818181818181817	KKGIEYAI:0.2727272727272727	IIGDGELK:0.32727272727272727	EKKGIEYA:0.2909090909090909	KGIEYAIR:0.21818181818181817	NIIGDGEL:0.2	FIAPSVTA:0.2909090909090909	GIEYAIRA:0.21818181818181817	IRIATTGR:0.21818181818181817	ELVEDGIS:0.21818181818181817	KDGNQDAP:0.2545454545454545	DGISGFLV:0.34545454545454546	VEDGISGF:0.21818181818181817	PELVEDGI:0.21818181818181817	LVEDGISG:0.21818181818181817	EDGISGFL:0.21818181818181817	
