cluster number:862
GT4:649	GT4:649
VHSPIRYA:0.46687211093990755	PYKRIDLI:0.20955315870570107	GKGGALET:0.29738058551617874	TPVIAFGK:0.27889060092449924	LVVIGDGP:0.3559322033898305	KGVLTGPD:0.2465331278890601	LHISYVHS:0.24807395993836673	VEAQACGT:0.6856702619414484	AAEEDFGI:0.6702619414483821	YAWDLQHQ:0.5731895223420647	CGTPVIAF:0.3266563944530046	YVHSPIRY:0.4699537750385208	PVIAFGKG:0.2835130970724191	GTPVIAFG:0.3020030816640986	SRLVPYKR:0.20030816640986132	ASRLVPYK:0.22496147919876733	QACGTPVI:0.7288135593220338	PLAIEQLD:0.4899845916795069	RYAWDLQH:0.5870570107858244	SHAVAKGV:0.4576271186440678	VIYPPVDV:0.24345146379044685	MPLAIEQL:0.39599383667180277	EAQACGTP:0.7719568567026194	SSHAVAKG:0.6286594761171033	VAKGVLTG:0.2773497688751926	DLIVEAFS:0.2650231124807396	SSSHAVAK:0.6240369799691834	PDQLHISY:0.2295839753466872	HSPIRYAW:0.5069337442218799	SYVHSPIR:0.4576271186440678	AKAFVFAA:0.4530046224961479	HISYVHSP:0.349768875192604	KLVVIGDG:0.23112480739599384	GPDQLHIS:0.2280431432973806	TASRLVPY:0.2049306625577812	FVFAAEED:0.6101694915254238	VIAFGKGG:0.28043143297380585	FAAEEDFG:0.6640986132511556	LAIEQLDV:0.28659476117103233	LSSSHAVA:0.2665639445300462	AWDLQHQY:0.5731895223420647	AKGVLTGP:0.27889060092449924	AQACGTPV:0.7503852080123267	TGPDQLHI:0.2172573189522342	YKRIDLIV:0.20647149460708783	IRYAWDLQ:0.50231124807396	AIEQLDVS:0.29738058551617874	DQLHISYV:0.22342064714946072	SPIRYAWD:0.5269645608628659	VFAAEEDF:0.6224961479198767	WDLQHQYL:0.5716486902927581	IDLIVEAF:0.2896764252696456	GVLTGPDQ:0.2465331278890601	PIRYAWDL:0.5177195685670262	LTGPDQLH:0.2110939907550077	AFVFAAEE:0.5901386748844376	ILSSSHAV:0.2280431432973806	KAFVFAAE:0.4422187981510015	HAVAKGVL:0.40061633281972264	ISYVHSPI:0.33436055469953774	PVEAQACG:0.3420647149460709	VPYKRIDL:0.23112480739599384	QLHISYVH:0.26040061633281975	ACGTPVIA:0.7226502311248074	AVAKGVLT:0.36517719568567025	HDWLVTYA:0.2049306625577812	RANAERFS:0.21417565485362094	RAKAFVFA:0.24961479198767333	GGALETVR:0.2033898305084746	RMVPYKKI:0.21417565485362094	VTYAGAER:0.2218798151001541	LTASRMVP:0.24345146379044685	YAGAERVL:0.2172573189522342	YLTASRMV:0.24191063174114022	AIVHDWLV:0.3189522342064715	TSFIQKLP:0.20955315870570107	FYLTASRM:0.2280431432973806	VPYKKIDL:0.22033898305084745	ISSSHAVA:0.349768875192604	LVTYAGAE:0.2665639445300462	SRMVPYKK:0.23420647149460708	TASRMVPY:0.362095531587057	DLVISSSH:0.2172573189522342	DWLVTYAG:0.300462249614792	PYKKIDLI:0.22033898305084745	LVISSSHA:0.2049306625577812	VISSSHAV:0.2650231124807396	YKKIDLIV:0.22033898305084745	YDLVISSS:0.24191063174114022	TYAGAERV:0.22342064714946072	YLPLMPLA:0.4453004622496148	KGGALETV:0.24961479198767333	VAIVHDWL:0.26194144838212635	ASRMVPYK:0.4067796610169492	CRANAERF:0.22342064714946072	DFYLTASR:0.2773497688751926	LMPLAIEQ:0.4052388289676425	LPLMPLAI:0.4036979969183359	AEEDFGIS:0.2896764252696456	VVEAQACG:0.20030816640986132	PLMPLAIE:0.4036979969183359	WLVTYAGA:0.2665639445300462	AEEDFGIT:0.22342064714946072	EEDFGITP:0.20647149460708783	FGITPVEA:0.2049306625577812	DFGITPVE:0.20647149460708783	EDFGITPV:0.20647149460708783	CGTPVIAY:0.3929121725731895	TPVIAYGK:0.2357473035439137	GTPVIAYG:0.3929121725731895	PVIAYGKG:0.2465331278890601	VIAYGKGG:0.2465331278890601	PMRYAWDL:0.20184899845916796	
