cluster number:834
GT4:22	GT4:22|GT2:1
PVVLFVGR:0.5454545454545454	VVLFVGRL:0.5454545454545454	NGVDTERF:0.22727272727272727	TVLEAMAS:0.22727272727272727	LPSRAEGL:0.22727272727272727	PSRAEGLP:0.22727272727272727	VLPSRAEG:0.36363636363636365	LVLPSRAE:0.36363636363636365	RDGYTVVR:0.2727272727272727	MSRDQAAM:0.36363636363636365	AMSRDQAA:0.3181818181818182	NGIDTERF:0.2727272727272727	GRWTFNQA:0.2727272727272727	RWTFNQAD:0.2727272727272727	SRAEGVPR:0.22727272727272727	VGRLVEGK:0.36363636363636365	DQAAMGHD:0.4090909090909091	NQADVVFC:0.22727272727272727	YHVHAMSR:0.36363636363636365	SRDQAAMG:0.4090909090909091	AITNHGLY:0.2727272727272727	YFSTNLAA:0.2727272727272727	MRILRVAQ:0.36363636363636365	ADVVFCYT:0.36363636363636365	IDTERFTP:0.22727272727272727	GYTVVRYD:0.22727272727272727	TNHGLYSQ:0.36363636363636365	LYFSTNLA:0.2727272727272727	VLFVGRLV:0.5454545454545454	QADVVFCY:0.36363636363636365	WTFNQADV:0.22727272727272727	GIDTERFT:0.2727272727272727	LAITNHGL:0.3181818181818182	GPVVLFVG:0.4090909090909091	LFVGRLVE:0.5	VHAMSRDQ:0.36363636363636365	HSHLYFST:0.2727272727272727	AHSHLYFS:0.2727272727272727	SHLYFSTN:0.2727272727272727	PLAITNHG:0.3181818181818182	ITNHGLYS:0.2727272727272727	RAEGVPRT:0.22727272727272727	HAMSRDQA:0.36363636363636365	LYSQNAPE:0.22727272727272727	NHGLYSQN:0.22727272727272727	GLYSQNAP:0.22727272727272727	AMGHDVTV:0.3181818181818182	QAAMGHDV:0.4090909090909091	HAHSHLYF:0.45454545454545453	HVHAMSRD:0.36363636363636365	GRLVEGKR:0.36363636363636365	TFNQADVV:0.22727272727272727	YTVVRYDP:0.22727272727272727	HLYFSTNL:0.2727272727272727	FVGRLVEG:0.36363636363636365	FNQADVVF:0.22727272727272727	RDQAAMGH:0.4090909090909091	HGLYSQNA:0.22727272727272727	RLVEGKRP:0.36363636363636365	AAMGHDVT:0.4090909090909091	DGPVVLFV:0.2727272727272727	DVVFCYTD:0.22727272727272727	VHAHSHLY:0.36363636363636365	LVEGKRPQ:0.22727272727272727	FSTNLAAL:0.22727272727272727	VVHAHSHL:0.36363636363636365	VEGKRPQD:0.22727272727272727	VLVLPSRA:0.3181818181818182	GDVLVLPS:0.22727272727272727	DVVHAHSH:0.36363636363636365	FDVVHAHS:0.22727272727272727	DVLVLPSR:0.3181818181818182	MGHDVTVL:0.2727272727272727	TNLAALKR:0.22727272727272727	GHDVTVLT:0.3181818181818182	
