cluster number:179
GT4:54	GT4:54
VNGVAMTL:0.2037037037037037	LFPSLTET:0.2962962962962963	GPLGWSAV:0.2962962962962963	YASADLFL:0.37037037037037035	HYASADLF:0.3888888888888889	ADLFLFPS:0.3888888888888889	PEVNGVAM:0.3333333333333333	VTEGPLGW:0.2777777777777778	LFLFPSLT:0.2037037037037037	ASADLFLF:0.35185185185185186	EVNGVAMT:0.3333333333333333	SADLFLFP:0.3333333333333333	VTETFPPE:0.25925925925925924	TEGPLGWS:0.5555555555555556	VGRLAPEK:0.2222222222222222	EGPLGWSA:0.5555555555555556	PPEVNGVA:0.37037037037037035	VVTEGPLG:0.24074074074074073	DLFLFPSL:0.2777777777777778	FLFPSLTE:0.2962962962962963	LRIALVTE:0.2222222222222222	HVATEGPL:0.2777777777777778	DLVHVATE:0.24074074074074073	PDLVHVAT:0.24074074074074073	VATEGPLG:0.2777777777777778	DLAAHYAS:0.42592592592592593	RIALVTET:0.24074074074074073	VHVATEGP:0.2777777777777778	ATEGPLGW:0.3888888888888889	LVHVATEG:0.24074074074074073	VTETYPPE:0.2777777777777778	PEINGVAM:0.2037037037037037	AAHYASAD:0.4074074074074074	AYLRRFHN:0.24074074074074073	SLTETFGN:0.3888888888888889	LTETFGNV:0.3888888888888889	LAAHYASA:0.4074074074074074	PSLTETFG:0.35185185185185186	EDLAAHYA:0.2962962962962963	FPSLTETF:0.3148148148148148	AHYASADL:0.3148148148148148	GEDLAAHY:0.2222222222222222	VGRLAAEK:0.2037037037037037	GRLAAEKN:0.2037037037037037	TETFGNVT:0.4074074074074074	ALASGLPV:0.24074074074074073	VVARGVDT:0.25925925925925924	EALASGLP:0.24074074074074073	
