cluster number:1033
GT4:12	GT4:12|GT2:1
SGGHLNIF:0.4166666666666667	PVVSNRAP:0.4166666666666667	GVPVVSNR:0.3333333333333333	AEETYRFG:0.3333333333333333	VPVVSNRA:0.3333333333333333	LSFSNLSL:0.25	KCYFVQDF:0.25	LELMACGV:0.4166666666666667	SFSNLSLL:0.25	GSGGHLNI:0.4166666666666667	CDAALVLS:0.25	FSNLSLLP:0.25	LSLLPLEL:0.4166666666666667	LPLELMAC:0.5	VLSFSNLS:0.25	ACGVPVVS:0.3333333333333333	GRGSGGHL:0.3333333333333333	FAEETYRF:0.25	ELMACGVP:0.4166666666666667	CGVPVVSN:0.3333333333333333	SNLSLLPL:0.25	SLLPLELM:0.4166666666666667	LVLSFSNL:0.25	GHLNIFRF:0.4166666666666667	WHTAYDVR:0.25	HKCYFVQD:0.3333333333333333	GGHLNIFR:0.4166666666666667	LLPLELMA:0.4166666666666667	YFVQDFEP:0.5833333333333334	EETYRFGF:0.25	MACGVPVV:0.4166666666666667	TAYDVRNF:0.25	VGRGSGGH:0.25	LMACGVPV:0.4166666666666667	RGSGGHLN:0.3333333333333333	NLSLLPLE:0.4166666666666667	HTAYDVRN:0.25	PLELMACG:0.5	CYFVQDFE:0.25	DAALVLSF:0.25	NRAPCTEW:0.25	VSNRAPCT:0.25	VVSNRAPC:0.25	RAPCTEWL:0.25	HLNIFRFI:0.25	SNRAPCTE:0.25	APCTEWLL:0.25	FVQDYEPW:0.25	VQDYEPWF:0.3333333333333333	YFVQDYEP:0.25	SLLPLELL:0.25	
