cluster number:1850
GT4:11	GT4:11|GT2:1
IPDFNIGS:0.2727272727272727	VQDFEPSF:0.2727272727272727	LELMASGC:0.36363636363636365	VEWLLNDD:0.2727272727272727	DFNIGSGG:0.2727272727272727	YARPPTPR:0.2727272727272727	TGWQTAYP:0.2727272727272727	RPPTPRRA:0.2727272727272727	DTQFILAG:0.2727272727272727	LLWFIPDF:0.2727272727272727	ITAGGWLA:0.2727272727272727	PPTPRRAF:0.2727272727272727	RVFFYARP:0.45454545454545453	QFILAGWD:0.2727272727272727	QDFEPSFY:0.2727272727272727	FGITAGGW:0.2727272727272727	LSLTNLSL:0.2727272727272727	GFFGITAG:0.36363636363636365	LAENTYRF:0.2727272727272727	GCAVVSNR:0.2727272727272727	FYARPPTP:0.2727272727272727	FVQDFEPS:0.2727272727272727	PTPRRAFE:0.2727272727272727	PDFNIGSG:0.2727272727272727	CAVVSNRG:0.36363636363636365	FGFFGITA:0.36363636363636365	PLELMASG:0.36363636363636365	VFFYARPP:0.36363636363636365	YFVQDFEP:0.45454545454545453	KRVFFYAR:0.2727272727272727	AENTYRFG:0.36363636363636365	FFGITAGG:0.2727272727272727	TQFILAGW:0.2727272727272727	LWFIPDFN:0.2727272727272727	ENTYRFGF:0.36363636363636365	FNIGSGGH:0.2727272727272727	GITAGGWL:0.2727272727272727	FFYARPPT:0.45454545454545453	LPDTQFIL:0.2727272727272727	ATGWQTAY:0.36363636363636365	GWQTAYPV:0.2727272727272727	TLLWFIPD:0.2727272727272727	PDTQFILA:0.2727272727272727	ARPPTPRR:0.2727272727272727	ALVLSLTN:0.2727272727272727	CDAALVLS:0.45454545454545453	QCDAALVL:0.45454545454545453	SQCDAALV:0.45454545454545453	SGGHLNIF:0.36363636363636365	LYSQCDAA:0.36363636363636365	GSGGHLNI:0.45454545454545453	YFVQDYEP:0.36363636363636365	YSQCDAAL:0.36363636363636365	SLLPLELM:0.36363636363636365	GGHLNIFR:0.36363636363636365	LLPLELMA:0.36363636363636365	LPLELMAS:0.2727272727272727	FTNLSLLP:0.2727272727272727	TNLSLLPL:0.5454545454545454	DFGIGSGG:0.2727272727272727	RRAFELGL:0.2727272727272727	IPDFGIGS:0.2727272727272727	LSLLPLEL:0.36363636363636365	LSFTNLSL:0.2727272727272727	SFTNLSLL:0.2727272727272727	FGIGSGGH:0.2727272727272727	PDFGIGSG:0.2727272727272727	IGSGGHLN:0.2727272727272727	NLSLLPLE:0.5454545454545454	ATSWQTAY:0.2727272727272727	
