cluster number:643
GT4:60	GT4:60
SEPGVGWN:0.48333333333333334	KGFHLGLR:0.3333333333333333	ICLDLGGP:0.5166666666666667	VKFWGRLP:0.21666666666666667	AGRPVICL:0.4	MAAGRPVI:0.4	PIPFIWGP:0.2833333333333333	AFAQANLP:0.2	FISMGRLL:0.25	VICLDLGG:0.48333333333333334	MKILISAY:0.25	ILISAYAC:0.2	AAGRPVIC:0.4166666666666667	GSEPGVGW:0.5333333333333333	LLHWKGFH:0.5333333333333333	FHLGLRAF:0.3333333333333333	RPVICLDL:0.4	PVICLDLG:0.48333333333333334	LHWKGFHL:0.6	HDSGGWVC:0.38333333333333336	HWKGFHLG:0.5666666666666667	HLGLRAFA:0.36666666666666664	SMGRLLHW:0.26666666666666666	RFISMGRL:0.2	RAFAQANL:0.2	GGGESAPK:0.23333333333333334	GFHLGLRA:0.3333333333333333	WKGFHLGL:0.48333333333333334	PSLHDSGG:0.5333333333333333	GRPVICLD:0.38333333333333336	LGLRAFAQ:0.2833333333333333	RLLHWKGF:0.6666666666666666	GRLLHWKG:0.7	VCMEAMAA:0.2	LPIPFIWG:0.2833333333333333	AMAAGRPV:0.43333333333333335	KFWGRLPR:0.21666666666666667	EAMAAGRP:0.45	LHDSGGWV:0.4	MGRLLHWK:0.26666666666666666	ISMGRLLH:0.25	ATTEDTAK:0.23333333333333334	GLRAFAQA:0.2833333333333333	HPSLHDSG:0.5666666666666667	SLHDSGGW:0.4166666666666667	GPVGGGES:0.43333333333333335	LVHPSLHD:0.4666666666666667	WGPVGGGE:0.6833333333333333	SIGRLLHW:0.31666666666666665	IGRLLHWK:0.31666666666666665	VGGGESAP:0.45	PVGGGESA:0.43333333333333335	VHPSLHDS:0.43333333333333335	HEVWVLTR:0.23333333333333334	HHVTFVKY:0.3333333333333333	VLVHPSLH:0.45	LEAMAAGR:0.25	DSGGWVCL:0.2	DLGGPAVQ:0.23333333333333334	ISAYSCEP:0.2	LDLGGPAV:0.23333333333333334	CLEAMAAG:0.25	LWQIQAYF:0.35	VLTRPDES:0.25	HVLVHPSL:0.2833333333333333	CLDLGGPA:0.48333333333333334	SGGWVCLE:0.2	QIQAYFVA:0.3	WQIQAYFV:0.35	VWVLTRPD:0.38333333333333336	VCLEAMAA:0.2833333333333333	YYLWQIQA:0.38333333333333336	SAYSCEPG:0.3	LGGPAVQV:0.23333333333333334	HYYLWQIQ:0.4	WVLTRPDE:0.3	YLWQIQAY:0.35	LISAYSCE:0.2	HVTFVKYS:0.36666666666666664	GGPAVQVT:0.21666666666666667	FISIGRLL:0.21666666666666667	LVHPSLHE:0.2	PSLHESGG:0.2	IHYYLWQI:0.25	PNLHFVYF:0.2	HPSLHESG:0.2	ISIGRLLH:0.21666666666666667	WIVGDGPE:0.21666666666666667	YWIVGDGP:0.2	EYWIVGDG:0.25	LHYYLWQI:0.2833333333333333	LLPIPFIW:0.26666666666666666	LSLLPIPF:0.23333333333333334	SFLSLLPI:0.23333333333333334	PFIWGPVG:0.43333333333333335	FIWGPVGG:0.43333333333333335	QIHYYLWQ:0.21666666666666667	FLSLLPIP:0.2833333333333333	IWGPVGGG:0.43333333333333335	PSFLSLLP:0.3333333333333333	IQAYFVAR:0.23333333333333334	IPFIWGPV:0.26666666666666666	YFVARRLH:0.2	EVWVLTRP:0.25	
