cluster number:1891
GT4:13	GT4:13|GT2:7
IPNASAVL:0.38461538461538464	AIKEKGWE:0.23076923076923078	RAIKEKGW:0.23076923076923078	KVYYGYQL:0.23076923076923078	VNVGCFGQ:0.23076923076923078	HELPTSIK:0.23076923076923078	VYYGYQLQ:0.23076923076923078	TSREDPFP:0.38461538461538464	IIPNYNYE:0.23076923076923078	EAIDNGTP:0.23076923076923078	NVGCFGQW:0.23076923076923078	KNTIPNAS:0.23076923076923078	SVIIPNYN:0.23076923076923078	VSVIIPNY:0.23076923076923078	VGGGQMLV:0.23076923076923078	LLTSREDP:0.3076923076923077	SRAIKEKG:0.23076923076923078	LTSREDPF:0.3076923076923077	SHIWWSDK:0.23076923076923078	VGCFGQWI:0.23076923076923078	IKEKGWEE:0.23076923076923078	EKGWEESI:0.23076923076923078	MHGCYEAL:0.23076923076923078	NSHIWWSD:0.23076923076923078	NTIPNASA:0.3076923076923077	KEKGWEES:0.23076923076923078	FLLTSRED:0.3076923076923077	TIPNASAV:0.3076923076923077	ELPTSIKT:0.23076923076923078	LPTSIKTY:0.23076923076923078	IKNTIPNA:0.23076923076923078	VIIPNYNY:0.23076923076923078	LPSREDPF:0.3076923076923077	ESLPNSII:0.23076923076923078	NASAVLFR:0.23076923076923078	LLPSREDP:0.3076923076923077	PNSIIEYL:0.23076923076923078	SLPNSIIE:0.23076923076923078	PNASAVLF:0.23076923076923078	FLLPSRED:0.3076923076923077	PSREDPFP:0.3076923076923077	IWIAEADD:0.3076923076923077	LIWIAEAD:0.23076923076923078	LPNSIIEY:0.23076923076923078	DLIWIAEA:0.23076923076923078	SREDPFPL:0.46153846153846156	DVFLLTSR:0.23076923076923078	VFLLTSRE:0.23076923076923078	SQEDPFPL:0.23076923076923078	QEDPFPLV:0.23076923076923078	VSVVVPNY:0.23076923076923078	SVVVPNYN:0.23076923076923078	VVVPNYNY:0.23076923076923078	RLCGDWYF:0.23076923076923078	LCGDWYFY:0.23076923076923078	MRLCGDWY:0.23076923076923078	PLVCLEAA:0.23076923076923078	DPFPLVCL:0.3076923076923077	PFPLVCLE:0.23076923076923078	REDPFPLV:0.38461538461538464	FPLVCLEA:0.23076923076923078	EDPFPLVC:0.38461538461538464	
