cluster number:448
GT4:6	GT4:6
PSLEEGGP:0.8333333333333334	GELLLCGG:0.3333333333333333	VFPSLEEG:0.8333333333333334	MVTYEAMA:0.8333333333333334	WAGLSLDI:0.6666666666666666	CRYWNESG:0.6666666666666666	DAVFCPSP:0.5	HRATSRRI:0.3333333333333333	LLLCGGID:0.3333333333333333	IIERINCH:0.3333333333333333	GWAPERFP:0.6666666666666666	VTYEAMAH:0.8333333333333334	LWAGLSLD:0.6666666666666666	LFGYHASN:0.5	NLGNSHVP:0.5	LCRYWNES:0.6666666666666666	TYEAMAHG:0.8333333333333334	SLCRYWNE:0.6666666666666666	CHRATSRR:0.3333333333333333	TSYGWAPE:0.6666666666666666	YLWAGLSL:0.8333333333333334	INCHRATS:0.3333333333333333	AGLSLDIF:0.6666666666666666	ELLLCGGI:0.3333333333333333	AVFCPSPM:0.5	GYHASNLG:0.5	VFCPSPMV:0.6666666666666666	LSTSYGWA:0.3333333333333333	YLPVLFGY:0.5	QIAEENRK:0.3333333333333333	RYWNESGR:0.5	SNLGNSHV:0.5	LEEGGPMV:0.8333333333333334	SSPVYLWA:0.5	EEGGPMVT:0.8333333333333334	YHASNLGN:0.5	GIPPLVTA:0.3333333333333333	FPSLEEGG:0.8333333333333334	ERINCHRA:0.3333333333333333	RINCHRAT:0.3333333333333333	VLFGYHAS:0.5	PVYLWAGL:0.5	NCHRATSR:0.3333333333333333	IERINCHR:0.5	IPPLVTAM:0.3333333333333333	ADAVFCPS:0.3333333333333333	AHGIPPLV:0.3333333333333333	IAEENRKL:0.3333333333333333	GPMVTYEA:0.8333333333333334	AMAHGIPP:0.5	VYLWAGLS:0.8333333333333334	MGGGAIVQ:0.3333333333333333	EGGPMVTY:0.8333333333333334	EAMAHGIP:0.6666666666666666	GGPMVTYE:0.8333333333333334	FGYHASNL:0.5	LLSTSYGW:0.3333333333333333	SLEEGGPM:0.8333333333333334	GGGAIVQN:0.3333333333333333	HASNLGNS:0.5	SPVYLWAG:0.5	DVFVFPSL:0.5	STSYGWAP:0.3333333333333333	PVLFGYHA:0.5	VFVFPSLE:0.5	PPLVTAMG:0.3333333333333333	YGWAPERF:0.6666666666666666	YEAMAHGI:0.6666666666666666	PMVTYEAM:0.8333333333333334	ASNLGNSH:0.5	FVFPSLEE:0.8333333333333334	LPVLFGYH:0.5	ADVFVFPS:0.6666666666666666	HGIPPLVT:0.3333333333333333	MAHGIPPL:0.3333333333333333	RATSRRII:0.3333333333333333	IIIERINC:0.3333333333333333	SYGWAPER:0.6666666666666666	FLFTGTLC:0.3333333333333333	TGTLCIRK:0.3333333333333333	PLSLCRYW:0.3333333333333333	PMVRKSML:0.5	VFLFTGTL:0.3333333333333333	VPLSLCRY:0.3333333333333333	FCPSPMVR:0.6666666666666666	HVPLSLCR:0.3333333333333333	NSHVPLSL:0.3333333333333333	LFTGTLCI:0.3333333333333333	LGNSHVPL:0.3333333333333333	PSPMVRKS:0.5	LSLCRYWN:0.5	SLDIFERF:0.3333333333333333	GTLCIRKG:0.3333333333333333	SPMVRKSM:0.5	GLSLDIFE:0.5	LSLDIFER:0.3333333333333333	LLEAWKKA:0.3333333333333333	LLLEAWKK:0.3333333333333333	SHVPLSLC:0.3333333333333333	PVFLFTGT:0.3333333333333333	GNSHVPLS:0.3333333333333333	CPSPMVRK:0.5	FTGTLCIR:0.3333333333333333	GIPLLLEA:0.5	RKGIPLLL:0.5	NGIVLPDM:0.3333333333333333	YAQADVFV:0.3333333333333333	KGIPLLLE:0.5	QADVFVFP:0.3333333333333333	IPLLLEAW:0.5	INGIVLPD:0.3333333333333333	VYAQADVF:0.3333333333333333	PLLLEAWK:0.5	AQADVFVF:0.3333333333333333	PVLFGYEA:0.3333333333333333	LFVGSICL:0.3333333333333333	NYLPVLFG:0.3333333333333333	GSICLRKG:0.3333333333333333	KSMLENGV:0.3333333333333333	LVSEMGAG:0.3333333333333333	RKSMLENG:0.3333333333333333	SICLRKGI:0.3333333333333333	VSEMGAGA:0.3333333333333333	ASNIGNSH:0.3333333333333333	LFGYEASN:0.3333333333333333	WAPERFPG:0.3333333333333333	FVGSICLR:0.3333333333333333	VLFGYEAS:0.3333333333333333	EMGAGAIV:0.3333333333333333	CLRKGIPL:0.3333333333333333	LPVLFGYE:0.3333333333333333	GNSHVALS:0.3333333333333333	LLLEAWKR:0.3333333333333333	GYEASNIG:0.3333333333333333	SHVALSLC:0.3333333333333333	NIGNSHVA:0.3333333333333333	VRHISYTH:0.3333333333333333	LRKGIPLL:0.3333333333333333	SNIGNSHV:0.3333333333333333	NVRHISYT:0.3333333333333333	HVALSLCR:0.3333333333333333	MNYLPVLF:0.3333333333333333	IGNSHVAL:0.3333333333333333	EASNIGNS:0.3333333333333333	LLEAWKRA:0.3333333333333333	PERFPGRN:0.3333333333333333	ICLRKGIP:0.3333333333333333	VRKSMLEN:0.3333333333333333	MVRKSMLE:0.3333333333333333	YEASNIGN:0.3333333333333333	FGYEASNI:0.3333333333333333	SEMGAGAI:0.3333333333333333	MGAGAIVE:0.3333333333333333	RHISYTHD:0.3333333333333333	VGSICLRK:0.3333333333333333	APERFPGR:0.3333333333333333	NSHVALSL:0.3333333333333333	
