cluster number:334
GT4:32	GT4:32|GT2:21
RPDVLHLH:0.3125	HWHSDVVV:0.5	VEELPALL:0.21875	NSALWALT:0.5	AFGIVLLE:0.53125	TDLPGSGM:0.4375	TIDAEGRY:0.25	QTGLRYAQ:0.21875	WALTLPGA:0.3125	ASRERTEA:0.5	DFVSGFRL:0.3125	IDAEGRYE:0.25	LASRERTE:0.5	IGRLTYYK:0.53125	CLASRERT:0.5	YRPFEQAL:0.34375	MTNWGSLQ:0.25	IKWSVALA:0.3125	FETLIRAV:0.28125	SLQTGLRY:0.21875	SIGRLTYY:0.53125	VTIDAEGR:0.25	VPWVVHWH:0.25	FCLASRER:0.5	DAEGRYEV:0.25	PLPDDPPW:0.21875	LLSIGRLT:0.53125	GSGMPWVV:0.375	SRERTEAF:0.5	RERTEAFG:0.5	STEATMLD:0.25	LVTDLPGS:0.28125	AGLHVPFE:0.25	NIKWSVAL:0.3125	LRDFVSGF:0.3125	GLHVPFED:0.28125	AEGRYEVE:0.25	GIVLLEAM:0.53125	AHALVHGD:0.28125	MPNNSALW:0.3125	RYEVEELP:0.25	PPYRGGME:0.40625	VVTIDAEG:0.25	VSGFRLYN:0.28125	GVELLIAG:0.3125	HALVHGDP:0.28125	AWRSSIAR:0.25	NRSTDATC:0.21875	LPGSGMPW:0.5	YYKGFETL:0.5	ALRILHVG:0.28125	TEAFGIVL:0.53125	GFETLIRA:0.28125	GSLQTGLR:0.28125	GIDAHALV:0.25	YRGGMEVF:0.40625	YEVEELPA:0.21875	VVHWHSDV:0.40625	CLVTDLPG:0.28125	ALWALTLP:0.46875	KWSVALAY:0.3125	SDVVVSNI:0.3125	NNSALWAL:0.5	VVVSNIKW:0.3125	RSSIARLQ:0.25	HSDVVVSN:0.3125	WSVALAYM:0.3125	WGSLQTGL:0.28125	GRYEVEEL:0.25	FGIVLLEA:0.5625	VTDLPGSG:0.4375	GRLTYYKG:0.5625	KGFETLIR:0.28125	YKGFETLI:0.53125	TNWGSLQT:0.25	MALRILHV:0.28125	SGMPWVVA:0.21875	WHSDVVVS:0.5	DLPGSGMP:0.46875	DAHALVHG:0.3125	RGGMEVFL:0.40625	PYRGGMEV:0.40625	FEQALLER:0.3125	EVEELPAL:0.21875	PWVVHWHS:0.34375	LTYYKGFE:0.5	RPFEQALL:0.34375	VDNRSTDA:0.21875	QGIDAHAL:0.21875	IDAHALVH:0.25	SGFRLYNR:0.28125	ERTEAFGI:0.5625	PGVELLIA:0.28125	RDFVSGFR:0.3125	EAFGIVLL:0.53125	TYYKGFET:0.5	WRSSIARL:0.25	PGSGMPWV:0.375	VVSNIKWS:0.3125	WVVHWHSD:0.34375	SNIKWSVA:0.3125	HMPNNSAL:0.3125	RTEAFGIV:0.5	EGRYEVEE:0.25	ETLIRAVS:0.25	LSIGRLTY:0.53125	DVVVSNIK:0.3125	PFEQALLE:0.3125	VSNIKWSV:0.3125	QDIGTLLL:0.21875	SSIARLQH:0.25	PNNSALWA:0.5	RLTYYKGF:0.53125	FATSPPYL:0.34375	NWGSLQTG:0.25	FVSGFRLY:0.3125	VHWHSDVV:0.34375	LRILHVGK:0.28125	LPGVELLI:0.28125	VVDNRSTD:0.3125	LQTGLRYA:0.21875	TVVTIDAE:0.21875	RVPVQFNL:0.3125	ALTLPGAR:0.3125	KLLSIGRL:0.28125	DNRSTDAT:0.21875	LWALTLPG:0.3125	SALWALTL:0.5	ATSPPYLE:0.25	IFCLASRE:0.25	SPPYLEAS:0.25	LERVPVQF:0.25	IHWHSDVV:0.21875	YPPYRGGM:0.21875	VIHWHSDV:0.21875	WVIHWHSD:0.21875	CDIFCLAS:0.25	WLERVPVQ:0.25	GARVLRPL:0.25	DIFCLASR:0.25	TSPPYLEA:0.25	PWVIHWHS:0.21875	VLHLHMPN:0.21875	LHLPNNSA:0.25	LHLHLPNN:0.25	HLHLPNNS:0.25	RLLSIGRL:0.28125	DVLHLHLP:0.25	PDVLHLHL:0.25	VLHLHLPN:0.25	LYRPFEQA:0.21875	MEVFLADL:0.25	VLVVDNRS:0.21875	ATMLDYQD:0.21875	TMLDYQDI:0.21875	EATMLDYQ:0.21875	MLDYQDIG:0.21875	TEATMLDY:0.21875	LVVDNRST:0.25	
