cluster number:1569
GT4:7	GT4:7
STGGGTVH:0.42857142857142855	NWPSTGGG:0.42857142857142855	LCPLNNVR:0.42857142857142855	QEALGRTA:0.2857142857142857	SRIGGLPF:0.2857142857142857	RPVVASRI:0.2857142857142857	AAGRPVVA:0.5714285714285714	LRLQALEC:0.2857142857142857	ASRIGGLP:0.2857142857142857	LECLCPLN:0.2857142857142857	LFNWPSTG:0.42857142857142855	FNWPSTGG:0.42857142857142855	IGGLPFTV:0.2857142857142857	RTAVEAMA:0.2857142857142857	ALECLCPL:0.2857142857142857	MAAGRPVV:0.5714285714285714	LNNVRLLP:0.2857142857142857	YARFEPWG:0.2857142857142857	VASRIGGL:0.2857142857142857	RVVTAGMD:0.2857142857142857	EPMKGFHV:0.2857142857142857	PVVASRIG:0.42857142857142855	DVRVVTAG:0.2857142857142857	TGGGTVHT:0.2857142857142857	VVTAGMDP:0.2857142857142857	TAVEAMAA:0.2857142857142857	PLNNVRLL:0.42857142857142855	GRTAVEAM:0.2857142857142857	RLQALECL:0.2857142857142857	WPSTGGGT:0.42857142857142855	VEAMAAGR:0.2857142857142857	CPLNNVRL:0.42857142857142855	VRVVTAGM:0.2857142857142857	ALGRTAVE:0.42857142857142855	PSTGGGTV:0.42857142857142855	VVASRIGG:0.42857142857142855	AMAAGRPV:0.42857142857142855	AGRPVVAS:0.42857142857142855	EAMAAGRP:0.42857142857142855	RIGGLPFT:0.2857142857142857	GRPVVASR:0.5714285714285714	AQEALGRT:0.2857142857142857	LGRTAVEA:0.2857142857142857	AVEAMAAG:0.42857142857142855	CLCPLNNV:0.42857142857142855	LQALECLC:0.2857142857142857	QALECLCP:0.2857142857142857	ECLCPLNN:0.42857142857142855	EALGRTAV:0.42857142857142855	PVVASRTG:0.2857142857142857	VASRTGGL:0.2857142857142857	RPVVASRT:0.2857142857142857	VVASRTGG:0.2857142857142857	
