cluster number:2151
GT4:510	GT4:510|2.4.1.-:1
DTVWFGAA:0.21568627450980393	LVTNDFPP:0.4235294117647059	SRLVPRKG:0.7098039215686275	VFAMPCRT:0.5568627450980392	VTNDFPPR:0.5745098039215686	HEVGWSML:0.3607843137254902	THGHEVGW:0.5509803921568628	LGIVFLEA:0.29411764705882354	AGDSGGAP:0.4235294117647059	VVAGDSGG:0.3431372549019608	HGHEVGWS:0.45294117647058824	VWFGAAAP:0.8019607843137255	GAAAPLAL:0.34705882352941175	STHGHEVG:0.4137254901960784	GLGIVFLE:0.3	TVWFGAAA:0.37254901960784315	PVVAGDSG:0.3431372549019608	VEGLGIVF:0.27058823529411763	EVGWSMLP:0.3588235294117647	DVEGLGIV:0.7529411764705882	FAMPCRTR:0.615686274509804	AAAPLALL:0.22156862745098038	AMPCRTRG:0.3254901960784314	LVPRKGQD:0.7490196078431373	ADVFAMPC:0.2529411764705882	GHEVGWSM:0.45098039215686275	ASTHGHEV:0.41568627450980394	LLVTNDFP:0.4196078431372549	RLVPRKGQ:0.7490196078431373	EGLGIVFL:0.3	WFGAAAPL:0.8137254901960784	DVFAMPCR:0.5666666666666667	VAGDSGGA:0.3431372549019608	FGAAAPLA:0.42549019607843136	SGGAPETV:0.4235294117647059	TYLGEYTR:0.2647058823529412	TRRGGLDV:0.20392156862745098	EASATGLP:0.3196078431372549	FGAAAPLG:0.42745098039215684	MPCRTRRG:0.21372549019607842	LDVEGLGI:0.7019607843137254	ATGLPVVA:0.3058823529411765	VVCVSRLV:0.37254901960784315	PRPGGIQA:0.22941176470588234	VVVCVSRL:0.3058823529411765	GDVFAMPC:0.30980392156862746	YLGEYTRS:0.20588235294117646	CVSRLVPR:0.4235294117647059	GLGIVYLE:0.5745098039215686	AAPLGLMA:0.20980392156862746	AGDVFAMP:0.29215686274509806	LIVGGGPY:0.20392156862745098	SGGAPDAV:0.32745098039215687	SATGLPVV:0.31176470588235294	IVYLEASA:0.42549019607843136	EGLGIVYL:0.5745098039215686	CRTRRGGL:0.21568627450980393	PVVVCVSR:0.30392156862745096	SVWFGAAA:0.23529411764705882	LEASATGL:0.3196078431372549	PCRTRRGG:0.21372549019607842	NDFPPRPG:0.46862745098039216	TNDFPPRP:0.4647058823529412	VCVSRLVP:0.39019607843137255	DFPPRPGG:0.46862745098039216	DRPVVVCV:0.22745098039215686	PPRPGGIQ:0.47843137254901963	VYLEASAT:0.3352941176470588	VEGLGIVY:0.5431372549019607	GAAAPLGL:0.4215686274509804	RGGLDVEG:0.20392156862745098	ASATGLPV:0.3196078431372549	VSRLVPRK:0.43333333333333335	RPGGIQAF:0.20588235294117646	GDSGGAPD:0.30392156862745096	AAAPLGLM:0.2372549019607843	GAGDVFAM:0.20784313725490197	DSGGAPDA:0.28823529411764703	FPPRPGGI:0.46862745098039216	GGLDVEGL:0.35294117647058826	RTRRGGLD:0.20392156862745098	GIVYLEAS:0.4372549019607843	AMPCRTRR:0.2627450980392157	LGEYTRSR:0.20980392156862746	LPVVAGDS:0.296078431372549	TGLPVVAG:0.3058823529411765	RPVVVCVS:0.296078431372549	GGAPDAVL:0.24313725490196078	PRKGQDTL:0.307843137254902	LGIVYLEA:0.5725490196078431	VPRKGQDT:0.30980392156862746	LLIVGGGP:0.21176470588235294	RRGGLDVE:0.20392156862745098	RKGQDTLI:0.2823529411764706	GLDVEGLG:0.7176470588235294	YLEASATG:0.3352941176470588	GLPVVAGD:0.296078431372549	TLLVTNDF:0.20784313725490197	IVTNDFPP:0.21568627450980393	TLIVTNDF:0.21176470588235294	LIVTNDFP:0.21568627450980393	PRPGGIQS:0.2	RKGQDMLI:0.24509803921568626	VPRKGQDM:0.2372549019607843	PRKGQDML:0.23921568627450981	GAPDAVLD:0.20588235294117646	APDAVLDG:0.2019607843137255	VATTHGHE:0.28627450980392155	
