cluster number:2305
GT4:110	GT4:110
YDLVISSE:0.39090909090909093	FPGEEDFG:0.5	GEEDFGIV:0.32727272727272727	SGPAKGII:0.42727272727272725	MASGRPVI:0.2909090909090909	AMASGRPV:0.5272727272727272	RGGATETV:0.20909090909090908	IVPVEAMA:0.3181818181818182	IFPGEEDF:0.3	LVGMRGGE:0.3	YCHSPMRY:0.6818181818181818	FGIVPVEA:0.34545454545454546	VEAMASGR:0.4909090909090909	GMRGGEKV:0.3181818181818182	YWLVGMRG:0.3	GIVPVEAM:0.3181818181818182	HSPMRYIW:0.4	SESGPAKG:0.8	VISSESGP:0.36363636363636365	RGGEKVLE:0.24545454545454545	AIVHYWLV:0.509090909090909	LIFPGEED:0.3	LVISSESG:0.36363636363636365	PVEAMASG:0.5181818181818182	CYCHSPMR:0.6818181818181818	PGEEDFGI:0.36363636363636365	CHSPMRYI:0.39090909090909093	ASGRPVIA:0.3090909090909091	EEDFGIVP:0.37272727272727274	MRGGEKVL:0.21818181818181817	DLVISSES:0.36363636363636365	WLVGMRGG:0.3	EDFGIVPV:0.43636363636363634	ISSESGPA:0.5454545454545454	EAMASGRP:0.5272727272727272	ESGPAKGI:0.4909090909090909	VPVEAMAS:0.3090909090909091	SSESGPAK:0.8	VGMRGGEK:0.3090909090909091	DFGIVPVE:0.43636363636363634	HYWLVGMR:0.3	RVAIVHYW:0.36363636363636365	KSIAGPTV:0.22727272727272727	HVCYCHSP:0.33636363636363636	IVHYWLVS:0.2909090909090909	VAIVHYWL:0.4909090909090909	MRGGEKVV:0.23636363636363636	PLMPFALE:0.3	YDLIISSE:0.21818181818181817	LIISSESG:0.20909090909090908	SPMRYIWD:0.2909090909090909	LVSMRGGE:0.2909090909090909	RGGEKVVE:0.24545454545454545	VHYWLVSM:0.2909090909090909	DLIISSES:0.20909090909090908	YWLVSMRG:0.3	LKSIAGPT:0.22727272727272727	VSMRGGEK:0.2727272727272727	IISSESGP:0.20909090909090908	SMRGGEKV:0.2818181818181818	ALIFPGEE:0.23636363636363636	LPLMPFAL:0.3	VCYCHSPM:0.32727272727272727	HYWLVSMR:0.3	WLVSMRGG:0.2909090909090909	ICYCHSPM:0.20909090909090908	HICYCHSP:0.20909090909090908	PQADIFTH:0.2	ESGPAKGV:0.3	GYDLVISS:0.21818181818181817	LHVCYCHS:0.23636363636363636	ALHVCYCH:0.35454545454545455	HSPMRYLW:0.20909090909090908	SPMRYLWD:0.20909090909090908	CRALLFPG:0.23636363636363636	LPLMPLAL:0.2818181818181818	LMPLALEQ:0.2	YLPLMPLA:0.2727272727272727	CHSPMRYL:0.2	PLMPLALE:0.2818181818181818	ASGRPVLA:0.22727272727272727	MASGRPVL:0.23636363636363636	LSSESGPA:0.2545454545454545	SGRPVLAF:0.21818181818181817	RCRALLFP:0.20909090909090908	RMFPQADI:0.2	GPAKGIIT:0.2	KRPDIAVR:0.2	FPQADIFT:0.24545454545454545	GILPVEAM:0.2	LCRMFPQA:0.2	SFLQKIPG:0.20909090909090908	FALEQFDL:0.2	YKRPDIAV:0.21818181818181817	MPFALEQF:0.2	FPGTEDFG:0.2	ILPVEAMA:0.2	TSFLQKIP:0.21818181818181817	QADIFTLV:0.2	GRKLVVIG:0.23636363636363636	PMRYIWDQ:0.20909090909090908	FLQKIPGA:0.2	DALHVCYC:0.2909090909090909	LMPFALEQ:0.20909090909090908	CRMFPQAD:0.2	PFALEQFD:0.2	LPVEAMAS:0.2	MFPQADIF:0.20909090909090908	LRAWDVTT:0.2	IRTSFLQK:0.2	ADIFTLVC:0.2	PGTEDFGI:0.2	PQADIFTL:0.2	RTSFLQKI:0.2	FGILPVEA:0.2	DFGILPVE:0.20909090909090908	RPDIAVRA:0.2	EDFGILPV:0.20909090909090908	
