cluster number:2063
GT4:27	GT4:27
EVRDLWPE:0.5185185185185185	DVVFATST:0.2962962962962963	FATSTPLT:0.7037037037037037	GTRSYEFA:0.2222222222222222	VALSPGMA:0.25925925925925924	ATSTPLTI:0.5185185185185185	VFATSTPL:0.6296296296296297	IVALSPGM:0.2962962962962963	VVFATSTP:0.2962962962962963	TSTPLTIA:0.37037037037037035	HIVALSPG:0.2222222222222222	FFDALAAS:0.2222222222222222	RSYEMARR:0.2222222222222222	NSANKFFD:0.8148148148148148	NKFFDALA:0.4444444444444444	DNSANKFF:0.2962962962962963	ATSTPLTV:0.3333333333333333	TSTPLTVA:0.25925925925925924	KFFDALAA:0.4444444444444444	SANKFFDA:0.4444444444444444	ANKFFDAL:0.4444444444444444	FEVRDLWP:0.7037037037037037	MVFEVRDL:0.37037037037037035	PMVFEVRD:0.37037037037037035	VFEVRDLW:0.6296296296296297	LVFATSTP:0.2962962962962963	VHWLPVPY:0.2222222222222222	DLVFATST:0.25925925925925924	VNGVEYLV:0.2222222222222222	ADLVFATS:0.2222222222222222	
