cluster number:1445
GT4:14	GT4:14|GT2:2
QTVHVLPV:0.21428571428571427	FAMVVLEA:0.21428571428571427	VLEAMAHG:0.2857142857142857	HSHENTWH:0.35714285714285715	LRIAVLNR:0.21428571428571427	TSPRLLAY:0.21428571428571427	TGGGAERY:0.2857142857142857	VHSHENTW:0.35714285714285715	VLPVKYNL:0.21428571428571427	AMVVLEAM:0.2857142857142857	AHGLPVVV:0.21428571428571427	GGAERYSI:0.35714285714285715	EDTFAMVV:0.21428571428571427	TVHVLPVK:0.2857142857142857	RYSIALVE:0.21428571428571427	EAMAHGLP:0.35714285714285715	GAERYSIA:0.21428571428571427	HVLPVKYN:0.21428571428571427	VQTVHVLP:0.2857142857142857	NDYRKKGL:0.21428571428571427	TFAMVVLE:0.21428571428571427	LEAMAHGL:0.2857142857142857	DTFAMVVL:0.21428571428571427	GGGAERYS:0.35714285714285715	MAHGLPVV:0.35714285714285715	ERYSIALV:0.21428571428571427	LEDTFAMV:0.21428571428571427	AERYSIAL:0.21428571428571427	VHVLPVKY:0.21428571428571427	AMAHGLPV:0.35714285714285715	SPRLLAYL:0.21428571428571427	MVVLEAMA:0.21428571428571427	SHENTWHG:0.35714285714285715	MSYGLPVV:0.2857142857142857	GFDIVHSH:0.21428571428571427	SYGLPVVV:0.21428571428571427	VLEAMSYG:0.21428571428571427	LEAMSYGL:0.21428571428571427	YGLPVVVS:0.21428571428571427	DIVHSHEN:0.21428571428571427	IVHSHENT:0.21428571428571427	FDIVHSHE:0.21428571428571427	AMSYGLPV:0.2857142857142857	EAMSYGLP:0.21428571428571427	AMAYGLPV:0.21428571428571427	EAMAYGLP:0.21428571428571427	MAYGLPVV:0.21428571428571427	HEVHVFAQ:0.21428571428571427	FGGGPEHV:0.21428571428571427	DFGGGPEH:0.21428571428571427	RADFGGGP:0.21428571428571427	ADFGGGPE:0.21428571428571427	
