cluster number:1303
GT4:101	GT4:101
NTWHGTPL:0.693069306930693	YSSIFFDY:0.22772277227722773	TWHGTPLK:0.7029702970297029	SSIFFDYL:0.22772277227722773	DYSSIFFD:0.6336633663366337	YEGQPMVL:0.32673267326732675	TDYSSIFF:0.5841584158415841	INTWHGTP:0.40594059405940597	YINTWHGT:0.39603960396039606	FDKLVSVS:0.2079207920792079	QVYINTWH:0.3069306930693069	LITDYSSI:0.27722772277227725	MGRLSPEK:0.33663366336633666	VYINTWHG:0.3069306930693069	TDSPYAIF:0.2376237623762376	ILIYPGGM:0.26732673267326734	GYPRIDLT:0.42574257425742573	GQPMVLLE:0.3465346534653465	QPMVLLEA:0.297029702970297	ITDYSSIF:0.4158415841584158	MVLLEALT:0.26732673267326734	EGQPMVLL:0.3465346534653465	SSIFFDFL:0.38613861386138615	RLSPEKGF:0.27722772277227725	FFDFLVTD:0.2079207920792079	PGGMKNNG:0.25742574257425743	VNTWHGTP:0.21782178217821782	EGQSMVLL:0.21782178217821782	LIYPGGMK:0.24752475247524752	VGRLSPEK:0.21782178217821782	EIGYPRID:0.2376237623762376	YPRIDLTL:0.2079207920792079	YEGQSMVL:0.21782178217821782	PRIDLTLN:0.2079207920792079	IYPGGMKN:0.2079207920792079	LSPEKGFD:0.26732673267326734	YSSIFFDF:0.40594059405940597	GMKNNGIT:0.26732673267326734	QSMVLLEA:0.2079207920792079	YVNTWHGT:0.2079207920792079	SIFFDFLV:0.32673267326732675	IFFDFLVT:0.32673267326732675	GRLSPEKG:0.38613861386138615	GGMKNNGI:0.26732673267326734	SMVLLEAL:0.2079207920792079	GQSMVLLE:0.21782178217821782	IGYPRIDL:0.2079207920792079	YPGGMKNN:0.25742574257425743	RLSPEKNQ:0.21782178217821782	
