cluster number:470
GT4:22	GT4:22
VYTHLAAF:0.2727272727272727	RLAARWTD:0.22727272727272727	PVLYTAHG:0.5909090909090909	TVYTHLAA:0.22727272727272727	LGFRRDIP:0.22727272727272727	RVHFLGFR:0.22727272727272727	YTHLAAFH:0.2727272727272727	WTDGLIVM:0.3181818181818182	AMAAGKPV:0.3181818181818182	IPFSRSPY:0.45454545454545453	FYVHGVGV:0.22727272727272727	LGDVEGLA:0.22727272727272727	HTPVASFL:0.2727272727272727	LAARWTDG:0.3181818181818182	VLYTAHGF:0.6363636363636364	NLFYVHGV:0.22727272727272727	LATVYTHL:0.2727272727272727	AARWTDGL:0.36363636363636365	VHFLGFRR:0.22727272727272727	TAHGFHFY:0.7272727272727273	FHFYQGAS:0.22727272727272727	HVHTPVAS:0.36363636363636365	LIHVHTPV:0.5909090909090909	ERLAARWT:0.22727272727272727	IHVHTPVA:0.5909090909090909	LFYVHGVG:0.22727272727272727	YTAHGFHF:0.9090909090909091	MAAGKPVV:0.3181818181818182	RWTDGLIV:0.22727272727272727	FLGFRRDI:0.22727272727272727	RFDLIHVH:0.45454545454545453	VHTPVASF:0.3181818181818182	TDGLIVMN:0.3181818181818182	EAMAAGKP:0.3181818181818182	GFHFYQGA:0.2727272727272727	GYEVHAAA:0.22727272727272727	HFLGFRRD:0.2727272727272727	AHGFHFYQ:0.2727272727272727	FDLIHVHT:0.6363636363636364	LYTAHGFH:0.6818181818181818	DLIHVHTP:0.6363636363636364	ATVYTHLA:0.2727272727272727	AAGKPVVA:0.2727272727272727	MEAMAAGK:0.3181818181818182	HGFHFYQG:0.2727272727272727	NHLFLLRN:0.2727272727272727	RCVMEAMA:0.22727272727272727	AELNRNKN:0.22727272727272727	TLLSFREG:0.2727272727272727	KVLFSATV:0.22727272727272727	HKPFIKLL:0.22727272727272727	FIKLLQDK:0.22727272727272727	GPVLYTAH:0.5	LPRCVMEA:0.22727272727272727	PLVVTNIR:0.3181818181818182	HRFDLIHV:0.3181818181818182	IRGSRDLV:0.3181818181818182	GKRLGFKE:0.22727272727272727	VICWDIPF:0.2727272727272727	SNVHCLIV:0.22727272727272727	INGFVVDL:0.22727272727272727	GLPRCVME:0.22727272727272727	VLFSATVY:0.22727272727272727	PRCVMEAM:0.22727272727272727	KPFIKLLQ:0.22727272727272727	YYTAEKLA:0.3181818181818182	EGLPRCVM:0.22727272727272727	NGKRLGFK:0.22727272727272727	VTLLSFRE:0.2727272727272727	FHKPFIKL:0.22727272727272727	NIRGSRDL:0.3181818181818182	GFVVDLED:0.22727272727272727	VTNIRGSR:0.3181818181818182	GRKEEIEE:0.2727272727272727	YTAEKLAA:0.22727272727272727	DIPFSRSP:0.45454545454545453	LAAFHKPF:0.2727272727272727	HLAAFHKP:0.2727272727272727	SDIVTLLS:0.36363636363636365	FVVDLEDD:0.22727272727272727	WDIPFSRS:0.36363636363636365	TNIRGSRD:0.3181818181818182	VVTNIRGS:0.3181818181818182	KPLVVTNI:0.3181818181818182	QGPVLYTA:0.5	FREGLPRC:0.2727272727272727	HGRKEEIE:0.2727272727272727	PFIKLLQD:0.22727272727272727	AFHKPFIK:0.22727272727272727	NKNHLFLL:0.2727272727272727	HGINGFVV:0.22727272727272727	IVTLLSFR:0.2727272727272727	DIVTLLSF:0.3181818181818182	NVHCLIVG:0.22727272727272727	GQGPVLYT:0.3181818181818182	GVICWDIP:0.2727272727272727	HCLIVGKG:0.22727272727272727	VHCLIVGK:0.22727272727272727	CWDIPFSR:0.36363636363636365	IKLLQDKG:0.22727272727272727	CLIVGKGE:0.22727272727272727	ICWDIPFS:0.2727272727272727	NGFVVDLE:0.22727272727272727	LSFREGLP:0.2727272727272727	LFLLRNWK:0.2727272727272727	HLFLLRNW:0.2727272727272727	AAFHKPFI:0.2727272727272727	KNHLFLLR:0.2727272727272727	LVVTNIRG:0.3181818181818182	LLSFREGL:0.2727272727272727	GINGFVVD:0.22727272727272727	SFREGLPR:0.2727272727272727	VHTPVAAF:0.4090909090909091	VHVHTPVA:0.22727272727272727	HVHTPVAA:0.45454545454545453	GLPKSIME:0.22727272727272727	TPVAAFLG:0.22727272727272727	REGLPKSI:0.22727272727272727	EGLPKSIM:0.22727272727272727	HTPVAAFL:0.36363636363636365	PVAAFLGR:0.22727272727272727	PKSIMEAM:0.22727272727272727	LPKSIMEA:0.22727272727272727	NWLIYYTA:0.22727272727272727	WLIYYTAE:0.22727272727272727	
