cluster number:668
GT4:259	GT4:259|GH0:16
VYDCMDEL:0.6177606177606177	RFISPTKT:0.5907335907335908	ELSAFRGA:0.2084942084942085	HPRLGFYG:0.20077220077220076	ADLVFTGG:0.27413127413127414	AGGCPVVS:0.21235521235521235	GPVVKIDP:0.555984555984556	GFYGVIDE:0.3088803088803089	SAFRGAPP:0.20077220077220076	DCMDELSA:0.5714285714285714	VGPVVKID:0.2084942084942085	NIHYLGGK:0.21621621621621623	TRFISPTK:0.6293436293436293	TKTPEYLA:0.6640926640926641	PVVKIDPA:0.4362934362934363	ESTRFISP:0.28185328185328185	PTKTPEYL:0.6795366795366795	STRFISPT:0.44787644787644787	LAGGCPVV:0.21235521235521235	NESTRFIS:0.28185328185328185	YDCMDELS:0.5791505791505791	FISPTKTP:0.6640926640926641	VYQRPQHL:0.416988416988417	AFPSSVDV:0.20463320463320464	YLAGGCPV:0.21235521235521235	GVIDERFD:0.28185328185328185	FVYQRPQH:0.5057915057915058	PEYLAGGC:0.21235521235521235	ISPTKTPE:0.7451737451737451	CMDELSAF:0.5714285714285714	PSSVDVAH:0.20077220077220076	LSAFRGAP:0.20077220077220076	KTPEYLAG:0.2972972972972973	LLCLSHLR:0.2084942084942085	SPTKTPEY:0.694980694980695	GGCPVVST:0.21621621621621623	MDELSAFR:0.23938223938223938	DELSAFRG:0.2084942084942085	SSVDVAHF:0.20077220077220076	LCLSHLRW:0.21621621621621623	PRLGFYGV:0.33976833976833976	EYLAGGCP:0.21235521235521235	FYGVIDER:0.3088803088803089	LGFYGVID:0.2972972972972973	TPEYLAGG:0.29343629343629346	RLGFYGVI:0.29343629343629346	ADVVFTGG:0.3436293436293436	IGPVVKID:0.3359073359073359	RADVVFTG:0.2277992277992278	GWDVALMP:0.23166023166023167	RKQWGLDP:0.21235521235521235	YTRKQWGL:0.21621621621621623	GPHIFHTN:0.2471042471042471	WDVALMPF:0.24324324324324326	DVALMPFA:0.24324324324324326	TRKQWGLD:0.21621621621621623	TPEYLAAG:0.3474903474903475	PHIFHTNS:0.22393822393822393	KTPEYLAA:0.3667953667953668	YGPHIFHT:0.2548262548262548	GYTRKQWG:0.20077220077220076	YDCMDELA:0.21621621621621623	GVIDERLD:0.23552123552123552	VVYDCMDE:0.2972972972972973	SHLRWNFV:0.2277992277992278	RPQHLLSR:0.21235521235521235	YQRPQHLL:0.21235521235521235	QRPQHLLS:0.21235521235521235	MDELSAFK:0.2084942084942085	
