cluster number:827
GT4:12	GT4:12
NLADAFAE:0.5	ARLFVLSS:0.25	NPYPWMHH:0.25	KMGGMERV:0.4166666666666667	PWMHHARL:0.25	EALACGTP:0.3333333333333333	FRGIGTFE:0.25	MGGMERVA:0.5	RLFVLSSR:0.25	RACYVLEN:0.25	SLKMGGME:0.3333333333333333	ACYVLENI:0.25	PYPWMHHA:0.25	RVIFAGQR:0.25	LKMGGMER:0.4166666666666667	WMHHARLF:0.25	YPWMHHAR:0.25	GGMERVAV:0.8333333333333334	LVIVGEGP:0.3333333333333333	SVDCPGGV:0.25	VARLVPQK:0.5	LNVARLVP:0.4166666666666667	VAVNLADA:0.5833333333333334	VNLADAFA:0.5833333333333334	ERVAVNLA:0.8333333333333334	IGGMERVA:0.3333333333333333	MERVAVNL:0.8333333333333334	KIGGMERV:0.3333333333333333	VDCPGGVR:0.25	GMERVAVN:0.8333333333333334	RVAVNLAD:0.8333333333333334	FDRIIFRG:0.25	LKIGGMER:0.3333333333333333	IVGEGPLR:0.25	AVNLADAF:0.5833333333333334	VIVGEGPL:0.3333333333333333	NVARLVPQ:0.5	LSRLLLGV:0.25	HFMWVGWL:0.25	RTLVVIHS:0.25	LLSRLLLG:0.25	ARLVPQKG:0.25	LADAFAEE:0.25	EGLGIVLT:0.3333333333333333	IHSLKMGG:0.25	GVRDVFRG:0.25	GHESHLLS:0.25	IPVFLLSR:0.3333333333333333	GLGTFKYF:0.3333333333333333	YVLENVIH:0.3333333333333333	NVIHYDRP:0.3333333333333333	ADAFAEEG:0.25	HYDRPLWQ:0.3333333333333333	SLRVITNP:0.3333333333333333	SHFMWVGW:0.25	RGLGTFKY:0.3333333333333333	GIVLTEAL:0.3333333333333333	DAFAEEGH:0.25	HLACVSSG:0.3333333333333333	FMWVGWLS:0.25	MWVGWLSG:0.25	AFAEEGHE:0.25	GIPVFLLS:0.3333333333333333	FRGLGTFK:0.3333333333333333	RGGVRDVF:0.25	LRVITNPC:0.3333333333333333	KGHALLLE:0.25	LGTFKYFW:0.3333333333333333	HESHLLSC:0.25	VIHYDRPL:0.3333333333333333	LASEYEGL:0.25	ASEYEGLG:0.25	LENVIHYD:0.3333333333333333	PVFLLSRL:0.3333333333333333	SRGGVRDV:0.25	IHYDRPLW:0.3333333333333333	EGHESHLL:0.25	LFVLASEY:0.25	VYVLENVI:0.25	ESHLLSCR:0.25	FVLASEYE:0.25	AEEGHESH:0.25	PQKGHALL:0.25	WVGWLSGW:0.25	GHALLLEA:0.25	RLVPQKGH:0.3333333333333333	TEALACGT:0.25	VVIHSLKM:0.25	WLSGWLLK:0.25	ENVIHYDR:0.3333333333333333	YEGLGIVL:0.25	VLASEYEG:0.25	HSLKMGGM:0.25	RPLWQKKL:0.3333333333333333	LWQKKLEW:0.3333333333333333	PLWQKKLE:0.3333333333333333	VPQKGHAL:0.25	SHLLSCRN:0.25	VLENVIHY:0.3333333333333333	LACVSSGV:0.3333333333333333	GGVRDVFR:0.25	DRPLWQKK:0.3333333333333333	GTFKYFWS:0.3333333333333333	FAEEGHES:0.25	RVITNPCP:0.3333333333333333	EYEGLGIV:0.25	LVPQKGHA:0.25	VIHSLKMG:0.25	YDRPLWQK:0.3333333333333333	RHLACVSS:0.3333333333333333	GWLSGWLL:0.25	VLTEALAC:0.3333333333333333	TLVVIHSL:0.25	GLGIVLTE:0.3333333333333333	FLLSRLLL:0.25	LVVIHSLK:0.25	IVLTEALA:0.3333333333333333	LTEALACG:0.25	QKGHALLL:0.25	SEYEGLGI:0.25	VFLLSRLL:0.25	VGWLSGWL:0.25	LGIVLTEA:0.3333333333333333	FRGQGTFE:0.25	IFRGQGTF:0.25	VAVNLADS:0.25	ILNVARLV:0.25	IFRGLGTF:0.25	HALLLEAY:0.25	HKLVIVGE:0.25	KLVIVGEG:0.25	KYFWSFRD:0.25	TFKYFWSF:0.25	FKYFWSFR:0.25	IGIPVFLL:0.25	
