cluster number:183
GT4:34	GT4:34
SRTEGFPN:0.29411764705882354	VGGAELML:0.38235294117647056	VLGEAMAM:0.23529411764705882	KFLLVGRE:0.23529411764705882	VQTWMYHS:0.20588235294117646	FPNVLGEA:0.7058823529411765	CLKAMDIF:0.29411764705882354	MGLPCITT:0.20588235294117646	IVIGSLGR:0.20588235294117646	DVGDAAYL:0.20588235294117646	IVQTWMYH:0.35294117647058826	HSRTEGFP:0.2647058823529412	QTWMYHSD:0.20588235294117646	LKAMDIFC:0.29411764705882354	VIPNGFDL:0.38235294117647056	LMLKRLIE:0.23529411764705882	TWMYHSDL:0.2647058823529412	KAMDIFCL:0.35294117647058826	LKFLLVGR:0.20588235294117646	LVIPNGFD:0.2647058823529412	VIGSLGRF:0.20588235294117646	PCITTDVG:0.2647058823529412	FCLHSRTE:0.2647058823529412	MLVIPNGF:0.2647058823529412	RTEGFPNV:0.2647058823529412	AMDIFCLH:0.35294117647058826	GFPNVLGE:0.7352941176470589	LLGGLAAR:0.2647058823529412	GGAELMLK:0.29411764705882354	FLLVGREL:0.23529411764705882	CLHSRTEG:0.2647058823529412	TEGFPNVL:0.5	GAELMLKR:0.29411764705882354	LGERQDVA:0.20588235294117646	LGEAMAMG:0.23529411764705882	SDLLGGLA:0.20588235294117646	DIFCLHSR:0.23529411764705882	VGDAAYLL:0.20588235294117646	TTDVGDAA:0.23529411764705882	LLGERQDV:0.20588235294117646	GLPCITTD:0.20588235294117646	IFCLHSRT:0.23529411764705882	ITTDVGDA:0.23529411764705882	ELMLKRLI:0.23529411764705882	LHSRTEGF:0.2647058823529412	PDIVQTWM:0.3235294117647059	EGFPNVLG:0.7352941176470589	AELMLKRL:0.29411764705882354	MDIFCLHS:0.38235294117647056	IVCAAEAS:0.23529411764705882	PNVLGEAM:0.6764705882352942	TDVGDAAY:0.23529411764705882	DLLGGLAA:0.2647058823529412	HSDLLGGL:0.20588235294117646	VCAAEASR:0.20588235294117646	NVLGEAMA:0.5294117647058824	DIVQTWMY:0.3235294117647059	CITTDVGD:0.2647058823529412	LNVGGAEL:0.23529411764705882	QTWMYHAD:0.29411764705882354	VQTWMYHA:0.2647058823529412	NVGGAELM:0.20588235294117646	
