cluster number:2290
GT4:14	GT4:14
LPPLEAMS:0.42857142857142855	LTVSTISP:0.5	GIGRYSFE:0.21428571428571427	KIVITVHD:0.21428571428571427	RKNIDTLI:0.21428571428571427	ASVFVYPS:0.21428571428571427	KNASVFVY:0.21428571428571427	SAGIGRYS:0.21428571428571427	YSFELSKE:0.21428571428571427	LYKNASVF:0.21428571428571427	NIKLVIAG:0.21428571428571427	TLNKYSWR:0.21428571428571427	NIDTLIKA:0.21428571428571427	ITVHDLAF:0.5	AGIGRYSF:0.21428571428571427	GFGLPPLE:0.7142857142857143	FELSKELY:0.21428571428571427	IKNSKDRN:0.21428571428571427	HDLAFKSL:0.42857142857142855	NALQKSIS:0.21428571428571427	SFELSKEL:0.21428571428571427	DDIKIIVR:0.21428571428571427	NIKNSKDR:0.21428571428571427	IVITVHDL:0.21428571428571427	CDKNISDK:0.21428571428571427	SKDRNLFE:0.21428571428571427	ILTVSTIS:0.42857142857142855	DIKIIVRE:0.21428571428571427	KNIDTLIK:0.21428571428571427	ALQKSISA:0.21428571428571427	KSISAGIG:0.21428571428571427	DTLIKAFN:0.21428571428571427	IDTLIKAF:0.21428571428571427	LFNALQKS:0.21428571428571427	PPLEAMSY:0.42857142857142855	ILFNALQK:0.21428571428571427	VNDDELKF:0.2857142857142857	ISAGIGRY:0.21428571428571427	LQKSISAG:0.21428571428571427	NDDELKFL:0.35714285714285715	FLYKNASV:0.21428571428571427	IISITNFT:0.21428571428571427	DELKFLYK:0.35714285714285715	VSTISPRK:0.5	SPRKNIDT:0.21428571428571427	LKFLYKNA:0.35714285714285715	LNKYSWRK:0.21428571428571427	TVHDLAFK:0.5	ISITNFTK:0.21428571428571427	KDRNLFEQ:0.21428571428571427	KKVNVVYN:0.21428571428571427	GRYSFELS:0.21428571428571427	PRKNIDTL:0.21428571428571427	VITVHDLA:0.35714285714285715	KNSKDRNL:0.21428571428571427	IKIIVREE:0.21428571428571427	FGLPPLEA:0.7142857142857143	KDDIKIIV:0.21428571428571427	NKYSWRKC:0.21428571428571427	VHDLAFKS:0.42857142857142855	VVYNGFNN:0.35714285714285715	TISPRKNI:0.42857142857142855	LKDDIKII:0.21428571428571427	NASVFVYP:0.21428571428571427	DDELKFLY:0.35714285714285715	ICDKNISD:0.21428571428571427	NSKDRNLF:0.21428571428571427	GLPPLEAM:0.5714285714285714	QKSISAGI:0.21428571428571427	MILFNALQ:0.21428571428571427	YILTVSTI:0.42857142857142855	DKNISDKI:0.21428571428571427	KVNVVYNG:0.21428571428571427	KYSWRKCA:0.21428571428571427	FNALQKSI:0.21428571428571427	EGFGLPPL:0.7142857142857143	KYILTVST:0.2857142857142857	KFLYKNAS:0.2857142857142857	SISAGIGR:0.21428571428571427	PLEAMSYG:0.42857142857142855	KIIVREED:0.21428571428571427	TVSTISPR:0.5	QLKDDIKI:0.21428571428571427	IGRYSFEL:0.21428571428571427	RYSFELSK:0.21428571428571427	ELKFLYKN:0.35714285714285715	YKNASVFV:0.21428571428571427	IVHYPDSM:0.21428571428571427	ISPRKNID:0.42857142857142855	YEGFGLPP:0.7142857142857143	STISPRKN:0.5	FYEGFGLP:0.2857142857142857	EAMSYGIP:0.21428571428571427	ISVVYNGF:0.21428571428571427	SFYEGFGL:0.2857142857142857	YGIPCVVS:0.21428571428571427	IPEVVGDA:0.21428571428571427	SVVYNGFN:0.21428571428571427	GIPCVVSN:0.21428571428571427	SIPEVVGD:0.21428571428571427	AMSYGIPC:0.21428571428571427	LEAMSYGI:0.2857142857142857	YNGFNNFS:0.21428571428571427	VYNGFNNF:0.21428571428571427	PEVVGDAA:0.21428571428571427	IPCVVSNR:0.21428571428571427	TSIPEVVG:0.21428571428571427	EVVGDAAI:0.21428571428571427	PSFYEGFG:0.21428571428571427	YPSFYEGF:0.21428571428571427	NGFNNFSK:0.21428571428571427	NIDGLIKA:0.21428571428571427	SPRKNIDG:0.21428571428571427	VVFNALQT:0.21428571428571427	VFNALQTS:0.2857142857142857	IDGLIKAF:0.21428571428571427	RKNIDGLI:0.21428571428571427	FNALQTSL:0.2857142857142857	PRKNIDGL:0.21428571428571427	KNIDGLIK:0.21428571428571427	DLAFKSLK:0.2857142857142857	LAFKSLKD:0.21428571428571427	ITDLSIKK:0.21428571428571427	KIVIREED:0.21428571428571427	LSGGIGRY:0.21428571428571427	SLSGGIGR:0.21428571428571427	ALQTSLSG:0.21428571428571427	QTSLSGGI:0.21428571428571427	TSLSGGIG:0.21428571428571427	IVIREEDK:0.21428571428571427	NALQTSLS:0.21428571428571427	LQTSLSGG:0.21428571428571427	PSIYEGFG:0.2857142857142857	YPSIYEGF:0.2857142857142857	IYEGFGLP:0.2857142857142857	VYPSIYEG:0.2857142857142857	SIYEGFGL:0.2857142857142857	
