cluster number:1951
GT4:15	GT4:15|GH10:1
TVARITRR:0.2	VARITRRK:0.2	HAADWPFF:0.2	GLVYLEAA:0.3333333333333333	ARITRRKG:0.2	WPFFIPVA:0.2	INETQTPL:0.2	ADWPFFIP:0.2	HGTEINET:0.2	ETQTPLKR:0.2	FGLVYLEA:0.8666666666666667	VEGFGLVY:0.6	ILLLTSEF:0.2	TVHGTEIN:0.2	AADWPFFI:0.2	DWPFFIPV:0.2	RVEGFGLV:0.2	NETQTPLK:0.2	GGLHSMRD:0.2	LVYLEAAA:0.3333333333333333	SGRVEGFG:0.2	EGFGLVYL:0.9333333333333333	EINETQTP:0.2	GFGLVYLE:0.8666666666666667	GTEINETQ:0.2	TEINETQT:0.2	VHGTEINE:0.2	RITRRKGH:0.2	GRVEGFGL:0.2	GLVYLEAG:0.26666666666666666	LVYLEAGA:0.26666666666666666	ADIFAMTS:0.2	HSVEGFGL:0.26666666666666666	LTFHGSEI:0.3333333333333333	IGGVPEAV:0.2	SVEGFGLV:0.3333333333333333	LTVGRLHP:0.2	RLHPRKGQ:0.2	LHPRKGQL:0.2	TVGRLHPR:0.2	VGRLHPRK:0.2	GRLHPRKG:0.2	TFHGSEIL:0.2	
