cluster number:1091
GT4:187	GT4:187|GT2:180
LLEYGACG:0.6149732620320856	CKSNLRLL:0.7647058823529411	NLRLLEYG:0.7112299465240641	VVRELADE:0.22994652406417113	GACGYPVI:0.2994652406417112	SNLRLLEY:0.7112299465240641	ASLNLDLA:0.3155080213903743	DVVRELAD:0.2192513368983957	DWVFFGMC:0.2192513368983957	ADVVRELA:0.2994652406417112	HAQRPEVG:0.22459893048128343	VRELADEV:0.22994652406417113	VDWVFFGM:0.21390374331550802	LASLNLDL:0.31016042780748665	EVDWVFFG:0.22459893048128343	KLASLNLD:0.28342245989304815	WVFFGMCP:0.37967914438502676	SLNLDLAL:0.25668449197860965	EYGACGYP:0.35294117647058826	YGACGYPV:0.34759358288770054	LRLLEYGA:0.6524064171122995	LDLALAPL:0.32085561497326204	KSNLRLLE:0.7967914438502673	LEYGACGY:0.35294117647058826	LNLDLALA:0.3048128342245989	RLLEYGAC:0.6631016042780749	IADVVREL:0.2994652406417112	DLALAPLE:0.31016042780748665	HLADPDAS:0.20320855614973263	NLDLALAP:0.3422459893048128	ANDPAYNP:0.20855614973262032	HREHMPKD:0.20320855614973263	DLDLALAP:0.29411764705882354	VDRFVVST:0.37433155080213903	QNLFNECK:0.2994652406417112	PRVGWAGG:0.49732620320855614	KPRVGWAG:0.39037433155080214	FNECKSNL:0.42245989304812837	LDDYLPNL:0.3048128342245989	YELDDYLP:0.3422459893048128	ELDDYLPN:0.37967914438502676	LALAPVEQ:0.3155080213903743	EQNLFNEC:0.2994652406417112	PVEQNLFN:0.32085561497326204	ECKSNLRL:0.42245989304812837	LDLDLALA:0.27807486631016043	ALAPVEQN:0.3155080213903743	LEYGACGF:0.22994652406417113	NECKSNLR:0.42245989304812837	LAPVEQNL:0.3155080213903743	NLFNECKS:0.32085561497326204	APVEQNLF:0.32085561497326204	LDLALAPV:0.33689839572192515	DLALAPVE:0.33689839572192515	LFNECKSN:0.32620320855614976	DDYLPNLP:0.3048128342245989	VEQNLFNE:0.29411764705882354	LELIADVV:0.2887700534759358	AGGASHTG:0.22994652406417113	SRAFKVYE:0.25133689839572193	GGASHTGD:0.22994652406417113	CGHYRVIQ:0.27807486631016043	PVTLVKNR:0.22994652406417113	LPVTLVKN:0.2192513368983957	LIADVVRE:0.20320855614973263	VSTPALAE:0.2620320855614973	SFLADHTI:0.20855614973262032	FLADHTIN:0.20855614973262032	KVYELDDY:0.39037433155080214	VEWVFMGM:0.28342245989304815	GDLELIAD:0.2887700534759358	GHYRVIQP:0.31016042780748665	SDVRCYQG:0.20855614973262032	FLHDDDVL:0.2620320855614973	KFLHDDDV:0.2620320855614973	GCGHYRVI:0.2994652406417112	ASHTGDLE:0.22994652406417113	PLPDILAT:0.23529411764705882	HTGDLELI:0.28342245989304815	YLPNLPLK:0.2620320855614973	PAYNPGFS:0.22994652406417113	RAFKVYEL:0.25133689839572193	RFVVSTPA:0.23529411764705882	PALAEAFA:0.2192513368983957	STPALAEA:0.25668449197860965	LVSFLADH:0.22459893048128343	DRFVVSTP:0.24064171122994651	VVSTPALA:0.25668449197860965	DVDLCLRL:0.20320855614973263	VYELDDYL:0.3315508021390374	ALAALDLD:0.2192513368983957	CQAVYADE:0.22994652406417113	FVVSTPAL:0.23529411764705882	ELIADVVR:0.20320855614973263	AYNPGFSL:0.22994652406417113	AFKVYELD:0.37433155080213903	DPAYNPGF:0.22994652406417113	ALDLDLAL:0.22459893048128343	WAGGASHT:0.22994652406417113	RVGWAGGA:0.20320855614973263	LAEAFAGL:0.26737967914438504	SHTGDLEL:0.27807486631016043	DLELIADV:0.2887700534759358	LAALDLDL:0.22459893048128343	TPALAEAF:0.22459893048128343	SGYLQRLQ:0.20855614973262032	NFIGEPSC:0.25668449197860965	DYLPNLPL:0.2620320855614973	INFIGEPS:0.24064171122994651	FKVYELDD:0.3850267379679144	EVEWVFMG:0.2192513368983957	IGEPSCVL:0.20320855614973263	AEAFAGLH:0.26737967914438504	ELVSFLAD:0.22459893048128343	GWAGGASH:0.22994652406417113	TGDLELIA:0.27807486631016043	GASHTGDL:0.22994652406417113	AALDLDLA:0.22459893048128343	ALAEAFAG:0.23529411764705882	EYGACGFP:0.2192513368983957	RVGWAGGS:0.21390374331550802	YGACGFPV:0.22459893048128343	
