cluster number:1890
GT4:38	GT4:38
AMRAGLPV:0.3684210526315789	MRAGLPVI:0.2894736842105263	ILEAMRAG:0.34210526315789475	TAHGWAFT:0.4473684210526316	LPVIASDV:0.3157894736842105	AHGWAFTE:0.3684210526315789	LHSSKAGI:0.2894736842105263	IASDVGGV:0.21052631578947367	GWAFTEGV:0.23684210526315788	GLPVIASD:0.2894736842105263	IFTAHGWA:0.2894736842105263	PVIASDVG:0.3157894736842105	LEAMRAGL:0.3157894736842105	EAMRAGLP:0.3684210526315789	FTAHGWAF:0.5526315789473685	VIASDVGG:0.34210526315789475	AGLPVIAS:0.23684210526315788	RAGLPVIA:0.23684210526315788	HGWAFTEG:0.3684210526315789	SKAGILGR:0.2894736842105263	HSSKAGIL:0.2894736842105263	KAGILGRL:0.2894736842105263	SSKAGILG:0.2894736842105263	SILEAMRA:0.23684210526315788	LISNWEGF:0.21052631578947367	ISNWEGFP:0.21052631578947367	AGILGRLA:0.23684210526315788	VFTAHGWA:0.23684210526315788	
