cluster number:1968
GT4:22	GT4:22
IQETFGLT:0.5	QETFGLTP:0.5454545454545454	AMAAGLPV:0.4090909090909091	AHPVPMYL:0.22727272727272727	DGYKDTVR:0.2727272727272727	AGEGFLKA:0.3181818181818182	RQAAGEGF:0.2727272727272727	EAMAAGLP:0.5909090909090909	GRQAAGEG:0.3181818181818182	QAAGEGFL:0.2727272727272727	AKAHPVPM:0.3181818181818182	HPVPMYLA:0.3181818181818182	KAHPVPMY:0.3181818181818182	AAGEGFLK:0.22727272727272727	WDGYKDTV:0.2727272727272727	DWDGYKDT:0.2727272727272727	DNIQETFG:0.5454545454545454	NIQETFGL:0.5	VVLFVGRL:0.45454545454545453	IEAMAAGL:0.5454545454545454	GVTHTIAS:0.22727272727272727	AAGLPVIV:0.2727272727272727	TFGLTPIE:0.4090909090909091	AGLPVIVS:0.2727272727272727	PVPMYLAL:0.2727272727272727	GLPVIVSD:0.2727272727272727	FGLTPIEA:0.7272727272727273	GLTPIEAM:0.7272727272727273	QLPIIPLG:0.22727272727272727	LPIIPLGV:0.22727272727272727	AADIFISL:0.22727272727272727	MYLALEKA:0.22727272727272727	ETFGLTPI:0.4090909090909091	LTPIEAMA:0.7272727272727273	CGVTHTIA:0.22727272727272727	IVVLFVGR:0.2727272727272727	VPMYLALE:0.2727272727272727	YSICGVTH:0.22727272727272727	MAAGLPVI:0.2727272727272727	LPVIVSDW:0.2727272727272727	SICGVTHT:0.22727272727272727	ICGVTHTI:0.22727272727272727	PIEAMAAG:0.5454545454545454	TPIEAMAA:0.5	PMYLALEK:0.2727272727272727	WDALICTS:0.45454545454545453	IVSDWNGY:0.22727272727272727	PWDALICT:0.3181818181818182	QPWDALIC:0.2727272727272727	IDGFRIPT:0.2727272727272727	VSDWDGYK:0.2727272727272727	VVSDWDGY:0.22727272727272727	SLSDNIQE:0.3181818181818182	VRDGIDGF:0.22727272727272727	TVRDGIDG:0.22727272727272727	
