cluster number:2058
GT4:12	GT4:12
SHEDANNS:0.5	DKVLCISQ:0.25	LCAADVYV:0.5	LLDYRRMA:0.3333333333333333	CVSCFYID:0.3333333333333333	FRFLIVGQ:0.25	ELRTAARY:0.25	VYVQPGSQ:0.5833333333333334	IIHLCVSC:0.25	QMSLCARR:0.3333333333333333	DSHEDANN:0.5	GHDVLVVA:0.25	STETYLDN:0.25	VIMFHGLC:0.3333333333333333	GQLHDSIA:0.25	DVLVVAST:0.25	WELRTAAR:0.25	HDVLVVAS:0.25	LDNLTLGY:0.25	DGARVIRL:0.3333333333333333	PGSQSATM:0.6666666666666666	CFYIDGYR:0.3333333333333333	IVGQLHDS:0.25	NVKLYVDS:0.25	IMFHGLCG:0.4166666666666667	IHLCVSCF:0.25	ENELVREH:0.25	PDVIMFHG:0.3333333333333333	QENELVRE:0.25	MQMSLCAR:0.3333333333333333	TETYLDNL:0.25	GYRYQENE:0.3333333333333333	VQPGSQSA:0.5833333333333334	IDGYRYQE:0.3333333333333333	YVDSHEDA:0.3333333333333333	PSHVPFVQ:0.25	GSQSATMQ:0.6666666666666666	HLCVSCFY:0.25	MFHGLCGW:0.4166666666666667	DANNSAVS:0.25	FLIVGQLH:0.3333333333333333	ARVIRLPY:0.3333333333333333	MSLCARRP:0.3333333333333333	IEADPGIL:0.25	GTDGARVI:0.3333333333333333	IVADVPSH:0.25	RMAKRLLT:0.3333333333333333	EDANNSAV:0.3333333333333333	TMQMSLCA:0.3333333333333333	AADVYVQP:0.5	MEFFPLGG:0.5	HGLCGWEL:0.5	FYIDGYRY:0.3333333333333333	LDYRRMAK:0.3333333333333333	SHVPFVQG:0.25	KLYVDSHE:0.25	ADVPSHVP:0.3333333333333333	TGHDVLVV:0.25	DGYRYQEN:0.3333333333333333	AKIEADPG:0.25	FHGLCGWE:0.5	ATMQMSLC:0.3333333333333333	FAKIEADP:0.25	DYRRMAKR:0.3333333333333333	LIVGQLHD:0.3333333333333333	VPFVQGNG:0.25	VSCFYIDG:0.3333333333333333	CGWELRTA:0.25	VGQLHDSI:0.25	VLCISQET:0.25	YQENELVR:0.3333333333333333	YVQPGSQS:0.5833333333333334	NELVREHV:0.25	YRYQENEL:0.3333333333333333	VASTETYL:0.25	VKLYVDSH:0.25	DVYVQPGS:0.5833333333333334	YLDNLTLG:0.25	SLLDYRRM:0.3333333333333333	VPSHVPFV:0.3333333333333333	RYQENELV:0.25	SATMQMSL:0.3333333333333333	LYVDSHED:0.3333333333333333	YIDGYRYQ:0.3333333333333333	DVPSHVPF:0.3333333333333333	DVIMFHGL:0.3333333333333333	ASTETYLD:0.25	SQSATMQM:0.4166666666666667	LCVSCFYI:0.25	GLCGWELR:0.3333333333333333	FIQSGKFD:0.25	TDGARVIR:0.3333333333333333	HVPFVQGN:0.25	YRRMAKRL:0.3333333333333333	RRMAKRLL:0.3333333333333333	LVVASTET:0.25	VADVPSHV:0.25	KIIHLCVS:0.25	RFLIVGQL:0.25	SCFYIDGY:0.5	IDKVLCIS:0.3333333333333333	ADVYVQPG:0.5833333333333334	LRTAARYK:0.25	TYLDNLTL:0.25	CAADVYVQ:0.5	GWELRTAA:0.25	LLCAADVY:0.5	VFIQSGKF:0.25	KVLCISQE:0.25	LCISQETL:0.25	VLVVASTE:0.25	KIEADPGI:0.25	EADPGILD:0.25	QPGSQSAT:0.75	PFVQGNGW:0.25	HEDANNSA:0.4166666666666667	QSATMQMS:0.4166666666666667	LCGWELRT:0.3333333333333333	MKIIHLCV:0.25	GARVIRLP:0.3333333333333333	VVASTETY:0.25	ETYLDNLT:0.25	VDSHEDAN:0.3333333333333333	DNLTLGYT:0.25	AHLCLSCF:0.25	IAHLCLSC:0.25	HLCLSCFY:0.3333333333333333	LCARRPVI:0.25	SLCARRPV:0.25	
