cluster number:1859
GT4:12	GT4:12
GLENVIVQ:0.5	EAMASGLP:0.25	RVPLRVHA:0.25	QPLLARAF:0.3333333333333333	RLVIVGEG:0.3333333333333333	SQAEGTSC:0.25	TVKNQPLL:0.3333333333333333	LQTVKNQP:0.25	TLQEAMAS:0.3333333333333333	LVIVGEGP:0.25	PSQAEGTS:0.25	ARVPLRVH:0.3333333333333333	TCNLAALE:0.25	LVGTVGRL:0.3333333333333333	VHAEHGWD:0.3333333333333333	TSCTLQEA:0.4166666666666667	HTCNLAAL:0.25	RVHAEHGW:0.3333333333333333	VKNQPLLA:0.3333333333333333	QAEGTSCT:0.25	VGGTPDLV:0.25	QTVKNQPL:0.25	LAWLPGAR:0.25	VGTVGRLQ:0.3333333333333333	VQLINRLP:0.3333333333333333	GRLQTVKN:0.25	PFEPGRHW:0.25	EPGRHWLV:0.25	GGLENVIV:0.5	PLAWLARV:0.25	VLHTCNLA:0.25	VGGLENVI:0.3333333333333333	LAWLARVP:0.25	PLRVHAEH:0.3333333333333333	LENVIVQL:0.4166666666666667	VPLRVHAE:0.3333333333333333	GTSCTLQE:0.4166666666666667	ARLVIVGE:0.3333333333333333	LLARAFVR:0.3333333333333333	PLLARAFV:0.3333333333333333	LPSQAEGT:0.25	RHWLVGTV:0.25	KNQPLLAR:0.3333333333333333	ASGLPVVA:0.25	SCTLQEAM:0.4166666666666667	LRVHAEHG:0.3333333333333333	TVGRLQTV:0.3333333333333333	LARVPLRV:0.3333333333333333	NVIVQLIN:0.3333333333333333	VGRLQTVK:0.3333333333333333	RLQTVKNQ:0.25	VLPSQAEG:0.25	VIVQLINR:0.3333333333333333	LDLFVLPS:0.25	FVLPSQAE:0.25	AMASGLPV:0.25	CTLQEAMA:0.3333333333333333	AEGTSCTL:0.25	CPFEPGRH:0.25	LQEAMASG:0.3333333333333333	EGTSCTLQ:0.4166666666666667	PGRHWLVG:0.25	IVGEGPLR:0.25	AWLARVPL:0.3333333333333333	DLFVLPSQ:0.25	HWLVGTVG:0.3333333333333333	SGLPVVAT:0.25	GCPFEPGR:0.25	HDPQGRNP:0.25	GTVGRLQT:0.3333333333333333	FEPGRHWL:0.25	MASGLPVV:0.25	WLARVPLR:0.4166666666666667	GRHWLVGT:0.25	VIVGEGPL:0.25	QEAMASGL:0.25	WLVGTVGR:0.3333333333333333	ENVIVQLI:0.3333333333333333	IVQLINRL:0.3333333333333333	NQPLLARA:0.3333333333333333	ATAVGGTP:0.3333333333333333	VATAVGGT:0.3333333333333333	GLLVPSDD:0.25	FEHVVLSL:0.25	EHVVLSLT:0.25	EHGWDAHD:0.25	TAVGGTPD:0.25	WDAHDPQG:0.25	HGWDAHDP:0.25	GWDAHDPQ:0.25	VVATAVGG:0.25	PVVATAVG:0.25	
