cluster number:413
GT4:115	GT4:115
RFDVLVRA:0.2	AEQQLRLL:0.5826086956521739	VVPNGIDL:0.21739130434782608	ERLGSATV:0.24347826086956523	YDLVHTHL:0.6434782608695652	GYDLVHTH:0.30434782608695654	VVGGVGRL:0.4260869565217391	GSATVAVS:0.25217391304347825	AFGLAVVE:0.21739130434782608	LHVITGLG:0.26956521739130435	DLVHTHLY:0.7043478260869566	VHTHLYRA:0.8	KRFDVLVR:0.2	GAEQQLRL:0.6	PSPEEAFG:0.2	ATEHSLGD:0.34782608695652173	PEEAFGLA:0.20869565217391303	LLLVGGGP:0.21739130434782608	LVHTHLYR:0.7043478260869566	VAVSPTVA:0.2608695652173913	TVAVSPTV:0.2608695652173913	RLGSATVA:0.24347826086956523	VRAVVATE:0.3826086956521739	VATEHSLG:0.6347826086956522	RLLLRHLP:0.4956521739130435	LRLLLRHL:0.4956521739130435	RAVVATEH:0.3826086956521739	LLLRHLPV:0.4	LGSATVAV:0.24347826086956523	QQLRLLLR:0.5652173913043478	QLRLLLRH:0.5478260869565217	SPEEAFGL:0.2	VVTLTNPG:0.45217391304347826	GVRAVVAT:0.3826086956521739	EAFGLAVV:0.21739130434782608	GGYDLVHT:0.30434782608695654	HTHLYRAC:0.7478260869565218	VVATEHSL:0.4434782608695652	DVVTLTNP:0.30434782608695654	GVRALYLA:0.22608695652173913	CDVVTLTN:0.3130434782608696	AGVRAVVA:0.3739130434782609	AVVATEHS:0.4	EQQLRLLL:0.5652173913043478	GGAEQQLR:0.6	LYRACVYG:0.43478260869565216	GVGGAEQQ:0.391304347826087	HLYRACVY:0.43478260869565216	GLGVGGAE:0.4608695652173913	THLYRACV:0.5391304347826087	LHIITGLG:0.26956521739130435	PGKRFDVL:0.28695652173913044	LGVGGAEQ:0.391304347826087	ALHIITGL:0.21739130434782608	IITGLGVG:0.2608695652173913	TGLGVGGA:0.4608695652173913	VGGAEQQL:0.41739130434782606	ITGLGVGG:0.45217391304347826	YRACVYGR:0.43478260869565216	HIITGLGV:0.2608695652173913	GRYDLVHT:0.30434782608695654	RYDLVHTH:0.30434782608695654	RLAARLAG:0.2	GRLAARLA:0.20869565217391303	YGRLAARL:0.21739130434782608	LAARLAGV:0.2	LAAGLPVL:0.30434782608695654	VLHVITGL:0.23478260869565218	AARLAGVR:0.591304347826087	AFVVGGVG:0.24347826086956523	FVVGGVGR:0.24347826086956523	EALAAGLP:0.3652173913043478	VGGVGRLV:0.3130434782608696	RIAARLAG:0.3217391304347826	LTNPGPVA:0.23478260869565218	YGRIAARL:0.23478260869565218	ARLAGVRA:0.4782608695652174	GRIAARLA:0.3217391304347826	TLTNPGPV:0.23478260869565218	VTLTNPGP:0.22608695652173913	IAARLAGV:0.28695652173913044	RLRRWGVP:0.20869565217391303	LVPGKRFD:0.2782608695652174	RLVPGKRF:0.34782608695652173	RLAGVRAV:0.3652173913043478	LAGVRAVV:0.30434782608695654	GRLVPGKR:0.34782608695652173	LLLAGDGP:0.2	VPGKRFDV:0.25217391304347825	VEALAAGL:0.2956521739130435	ALAAGLPV:0.34782608695652173	VGRLVPGK:0.2608695652173913	AAGLPVLH:0.20869565217391303	GGVGRLVP:0.2608695652173913	GVGRLVPG:0.24347826086956523	FGLAVVEA:0.26956521739130435	GLAVVEAL:0.2608695652173913	LAVVEALA:0.25217391304347825	
