cluster number:1583
GT4:33	GT4:33
VWTLHDCW:0.48484848484848486	EALACGTP:0.42424242424242425	WTLHDCWS:0.3333333333333333	LHNLHGYY:0.24242424242424243	PVVWTLHD:0.3939393939393939	LHDCWSFT:0.2727272727272727	IHLHNLHG:0.30303030303030304	CWSFTGHC:0.30303030303030304	IIHLHNLH:0.24242424242424243	HDCWSFTG:0.3333333333333333	DCWSFTGH:0.30303030303030304	NLHGYYLN:0.2727272727272727	HNLHGYYL:0.2727272727272727	IPVVWTLH:0.2727272727272727	TLHDCWSF:0.2727272727272727	VVWTLHDC:0.3939393939393939	HLHNLHGY:0.24242424242424243	ESLACGTP:0.24242424242424243	LACGTPVI:0.48484848484848486	ACGTPVIT:0.5454545454545454	SLACGTPV:0.24242424242424243	CGTPVITY:0.3939393939393939	TPVITYDT:0.21212121212121213	GTPVITYD:0.21212121212121213	VITYDTGG:0.21212121212121213	KIKPDIIH:0.21212121212121213	DIIHLHNL:0.21212121212121213	IEALACGT:0.2727272727272727	PVITYDTG:0.21212121212121213	ALACGTPV:0.3939393939393939	NIEALACG:0.24242424242424243	PDIIHLHN:0.36363636363636365	HLHNIHGY:0.24242424242424243	LHNIHGYY:0.24242424242424243	IHLHNIHG:0.24242424242424243	EDNFPTTN:0.21212121212121213	
