cluster number:1125
GT4:13	GT4:13
HAHFADAA:0.46153846153846156	GHAIVVGN:0.23076923076923078	ANLVILAG:0.6153846153846154	FADAAAVA:0.23076923076923078	SHGRLIDV:0.23076923076923078	LAAFTEAF:0.23076923076923078	PHALGIDK:0.3076923076923077	LTLADCIA:0.23076923076923078	CGHAIVVG:0.23076923076923078	VIHAHFAD:0.23076923076923078	ADTGGHIA:0.23076923076923078	IARPVAKK:0.23076923076923078	ALHEPFGL:0.23076923076923078	GRLIDVLA:0.23076923076923078	VILAGQHA:0.23076923076923078	AAGVPVVA:0.23076923076923078	IHAHFADA:0.46153846153846156	HAIVVGNA:0.23076923076923078	GDSGNDAD:0.38461538461538464	ALGGCLKA:0.23076923076923078	AIARPVAK:0.23076923076923078	GGHIAYVL:0.3076923076923077	GGVFVNPA:0.3076923076923077	AGDSGNDA:0.38461538461538464	YTPHALGI:0.3076923076923077	AAGDSGND:0.5384615384615384	RPVAKKNL:0.23076923076923078	DIDNTLTG:0.3076923076923077	HALGIDKR:0.23076923076923078	RPDVIHAH:0.23076923076923078	PDVIHAHF:0.38461538461538464	HEPFGLTL:0.3076923076923077	FSHGRLID:0.23076923076923078	FVYTPHAL:0.23076923076923078	DLAAFTEA:0.23076923076923078	LAIARPVA:0.23076923076923078	LHEPFGLT:0.23076923076923078	GLTLVEAA:0.23076923076923078	LALGGCLK:0.3076923076923077	PFVYTPHA:0.23076923076923078	VEAAAAGV:0.23076923076923078	DSGNDADM:0.3076923076923077	IAAGDSGN:0.23076923076923078	CIAAGDSG:0.23076923076923078	LTLVEAAA:0.23076923076923078	EAAAAGVP:0.3076923076923077	RLIDVLAP:0.23076923076923078	AAAAGVPV:0.23076923076923078	FGIPFVYT:0.23076923076923078	AGVPVVAT:0.3076923076923077	VYTPHALG:0.23076923076923078	TVVAPGVP:0.23076923076923078	TGGHIAYV:0.3076923076923077	ILAIARPV:0.23076923076923078	TPHALGID:0.3076923076923077	GNDADMLA:0.23076923076923078	LVILAGQH:0.3076923076923077	ARPVAKKN:0.23076923076923078	AAFTEAFC:0.23076923076923078	HFADAAAV:0.23076923076923078	AAAGVPVV:0.23076923076923078	DCIAAGDS:0.23076923076923078	TLADCIAA:0.23076923076923078	HLALGGCL:0.23076923076923078	DTGGHIAY:0.5384615384615384	ACGHAIVV:0.23076923076923078	SGNDADML:0.3076923076923077	IPFVYTPH:0.23076923076923078	GVFVNPAL:0.38461538461538464	TADTGGHI:0.23076923076923078	AHFADAAA:0.23076923076923078	HGRLIDVL:0.23076923076923078	DVIHAHFA:0.23076923076923078	NLVILAGQ:0.6153846153846154	LADCIAAG:0.23076923076923078	AIVVGNAG:0.23076923076923078	ADCIAAGD:0.23076923076923078	VTVVAPGV:0.23076923076923078	IDNTLTGC:0.3076923076923077	VVATRNGG:0.23076923076923078	GVPVVATR:0.23076923076923078	VATRNGGP:0.23076923076923078	PVVATRNG:0.23076923076923078	GLTLIEAA:0.3076923076923077	LLAIARPV:0.3076923076923077	GGHIAYIL:0.23076923076923078	TGGHIAYI:0.23076923076923078	VTRRFDDP:0.3076923076923077	RFDDPALG:0.23076923076923078	TRRFDDPA:0.23076923076923078	SSRDECER:0.3076923076923077	FDDPALGA:0.23076923076923078	RANLVILA:0.3076923076923077	HGLPVVAT:0.3076923076923077	ARANLVIL:0.23076923076923078	IVTRRFDD:0.3076923076923077	RIAEEDRA:0.23076923076923078	LAIARPVR:0.3076923076923077	SRDECERQ:0.3076923076923077	ARPVRKKN:0.23076923076923078	RPVRKKNL:0.23076923076923078	RRFDDPAL:0.23076923076923078	RDECERQL:0.3076923076923077	IALGGCLR:0.3076923076923077	ARIAEEDR:0.23076923076923078	GLPVVATR:0.23076923076923078	IAEEDRAI:0.23076923076923078	PFIYTAHS:0.23076923076923078	HGVGVVEG:0.23076923076923078	GIPFIYTA:0.23076923076923078	IPFIYTAH:0.23076923076923078	AHFADAAD:0.23076923076923078	HFADAADV:0.23076923076923078	FADAADVA:0.23076923076923078	GVGVVEGL:0.23076923076923078	FIYTAHSL:0.23076923076923078	TEDTGGHI:0.3076923076923077	RGVLVNPA:0.23076923076923078	
