cluster number:1588
GT4:24	GT4:24
RNPHQQHH:0.625	PIKLYEYM:0.20833333333333334	LVVQESDW:0.5	VLTINRKL:0.20833333333333334	DDIVLFFM:0.20833333333333334	LFFMGFLY:0.375	ILVVQESD:0.5	PVIATRLP:0.2916666666666667	KRNPHQQH:0.2916666666666667	DIVLFFMG:0.20833333333333334	HQQHHLME:0.25	LIVGDGDA:0.25	ASDICILP:0.2916666666666667	RILVVQES:0.2916666666666667	IMQDIVPI:0.5833333333333334	IVGDGDAY:0.2916666666666667	NPHQQHHL:0.625	DICILPAY:0.25	IKLYEYMA:0.20833333333333334	SDICILPA:0.25	PHQQHHLM:0.4583333333333333	DIVPIKLY:0.3333333333333333	KPVIATRL:0.2916666666666667	IVPIKLYE:0.375	VIATRLPG:0.2916666666666667	QDIVPIKL:0.3333333333333333	VPIKLYEY:0.4166666666666667	MRILVVQE:0.2916666666666667	MQDIVPIK:0.5833333333333334	VVQESDWI:0.25	EIMQDIVP:0.4166666666666667	VPIKIYEY:0.25	VIDAGIDL:0.25	FKPDVIVG:0.20833333333333334	DIVPIKIY:0.20833333333333334	DEEIMQDI:0.4166666666666667	AASDICIL:0.25	IVPIKIYE:0.25	EEIMQDIV:0.4166666666666667	QDIVPIKI:0.20833333333333334	ILLFFMGF:0.20833333333333334	FVESNDWE:0.20833333333333334	LIDVLYTL:0.20833333333333334	IATRLPGI:0.20833333333333334	DILLFFMG:0.20833333333333334	YLIDVLYT:0.20833333333333334	VYYLIDVL:0.375	KLYEYLAM:0.2916666666666667	LLFFMGFL:0.20833333333333334	MAKPVIAT:0.25	IDEEIMQD:0.2916666666666667	DVLYTLIP:0.25	YYLIDVLY:0.375	IDYPIDWR:0.20833333333333334	DDILLFFM:0.20833333333333334	VIDYPIDW:0.4166666666666667	HHLFDRLS:0.20833333333333334	LILTGRQP:0.20833333333333334	IKLYEYLA:0.2916666666666667	PHQQHHLF:0.20833333333333334	HQQHHLFD:0.20833333333333334	PFVYYLID:0.4583333333333333	GIPFVYYL:0.20833333333333334	ERNPHQQH:0.25	DYPIDWRK:0.20833333333333334	FVYYLIDV:0.375	YLAMAKPV:0.20833333333333334	IPFVYYLI:0.4583333333333333	IDVLYTLI:0.25	PIKLYEYL:0.2916666666666667	VLYTLIPE:0.25	QQHHLFDR:0.20833333333333334	LAMAKPVI:0.20833333333333334	RVIDYPID:0.20833333333333334	AKPVIATR:0.25	EYLAMAKP:0.20833333333333334	AMAKPVIA:0.25	YEYLAMAK:0.20833333333333334	QHHLFDRL:0.20833333333333334	QQHHLMDR:0.20833333333333334	VVQESDWL:0.20833333333333334	FFMGWIYE:0.20833333333333334	HQQHHLMD:0.20833333333333334	KVIDYPID:0.20833333333333334	FMGWIYEF:0.20833333333333334	LFFMGWIY:0.2916666666666667	QHHLMDRM:0.20833333333333334	AKKHNIPF:0.20833333333333334	
