cluster number:1692
GT4:14	GT4:14|GT2:1
FDISQTGK:0.21428571428571427	YEGFGLPV:0.5	LEEDLEQF:0.21428571428571427	CWAFIYPS:0.21428571428571427	TRVVYLGS:0.21428571428571427	KLGNPDIV:0.21428571428571427	PSIYEGFG:0.5	LGTAVLTS:0.21428571428571427	YPSIYEGF:0.5	IYEGFGLP:0.5	EPRKNLRR:0.21428571428571427	PDIVHANN:0.2857142857142857	NCWAFIYP:0.21428571428571427	LAGFIKLD:0.21428571428571427	TSLPEVGG:0.42857142857142855	LLYSAFGN:0.21428571428571427	EGFGLPVL:0.7142857142857143	EDLEQFIN:0.21428571428571427	SKPLVLAG:0.21428571428571427	KNLRRTLR:0.21428571428571427	WLEEDLEQ:0.21428571428571427	PLVLAGGQ:0.21428571428571427	NTTSLPEV:0.21428571428571427	AGFIKLDD:0.21428571428571427	TTSLPEVG:0.35714285714285715	SIYEGFGL:0.5	ADLIIAIS:0.21428571428571427	SLGTAVLT:0.21428571428571427	LPEVGGDA:0.35714285714285715	DLIIAISE:0.21428571428571427	IYPSIYEG:0.42857142857142855	LIIAISEY:0.21428571428571427	LSVGTLEP:0.2857142857142857	HLLDNLSH:0.21428571428571427	GWLEEDLE:0.21428571428571427	AFIYPSIY:0.21428571428571427	ILAGFIKL:0.21428571428571427	AFGNTFWD:0.21428571428571427	LGNPDIVH:0.21428571428571427	IAISEYSR:0.21428571428571427	IVHANNFS:0.21428571428571427	CTHLLDNL:0.21428571428571427	PRKNLRRT:0.21428571428571427	LYKNCWAF:0.21428571428571427	WAFIYPSI:0.21428571428571427	RKNLRRTL:0.21428571428571427	GTLEPRKN:0.5	SLPEVGGD:0.35714285714285715	ERTRVVYL:0.21428571428571427	VVYLGSRF:0.21428571428571427	GNPDIVHA:0.21428571428571427	THLLDNLS:0.21428571428571427	IGFDISQT:0.21428571428571427	LYSAFGNT:0.21428571428571427	VYLGSRFT:0.21428571428571427	PEVGGDAV:0.2857142857142857	YKNCWAFI:0.21428571428571427	LKWLYKNC:0.21428571428571427	RLVYTLYD:0.2857142857142857	GFGLPVLE:0.7142857142857143	WLYKNCWA:0.21428571428571427	AGCGYFAA:0.21428571428571427	EADILAGF:0.21428571428571427	FIYPSIYE:0.35714285714285715	GQGWLEED:0.21428571428571427	DIVHANNF:0.2857142857142857	QGWLEEDL:0.21428571428571427	LAGGQGWL:0.21428571428571427	SAFGNTFW:0.21428571428571427	TLKWLYKN:0.21428571428571427	GFDISQTG:0.21428571428571427	VLEAMSLG:0.2857142857142857	NLRRTLRA:0.21428571428571427	KAGCGYFA:0.21428571428571427	PVLEAMSL:0.2857142857142857	KWLYKNCW:0.21428571428571427	RTRVVYLG:0.21428571428571427	DILAGFIK:0.21428571428571427	RVVYLGSR:0.21428571428571427	VGTLEPRK:0.35714285714285715	NCTHLLDN:0.21428571428571427	EEDLEQFI:0.21428571428571427	FGLPVLEA:0.6428571428571429	VYTLYDLS:0.2857142857142857	LEPRKNLR:0.21428571428571427	VLAGGQGW:0.21428571428571427	YLLYSAFG:0.21428571428571427	ADILAGFI:0.21428571428571427	LVYTLYDL:0.2857142857142857	AGGQGWLE:0.21428571428571427	YSAFGNTF:0.21428571428571427	NPDIVHAN:0.21428571428571427	GGQGWLEE:0.21428571428571427	YTLYDLSF:0.2857142857142857	SVGTLEPR:0.2857142857142857	EVGGDAVL:0.21428571428571427	CFNGVFDA:0.21428571428571427	TLEPRKNL:0.2857142857142857	KPLVLAGG:0.21428571428571427	DSKPLVLA:0.21428571428571427	KNCWAFIY:0.21428571428571427	GLPVLEAM:0.35714285714285715	LPVLEAMS:0.2857142857142857	LVLAGGQG:0.21428571428571427	IIAISEYS:0.21428571428571427	GLPVLEAI:0.21428571428571427	
