cluster number:2005
GT4:19	GT4:19
MNFLFLNS:0.21052631578947367	TDGIIVNA:0.21052631578947367	RGWGGNEK:0.2631578947368421	ALIPRKGF:0.21052631578947367	LRLGIDRP:0.21052631578947367	NFLFLNSA:0.21052631578947367	LIRSFARF:0.21052631578947367	KRKDYVLA:0.42105263157894735	GALIPRKG:0.21052631578947367	NILRLGID:0.3684210526315789	TKRKDYVL:0.42105263157894735	ILRLGIDR:0.3684210526315789	KDYVLAGL:0.2631578947368421	IIPTKRKD:0.3157894736842105	IPTKRKDY:0.8421052631578947	KWTRMAAE:0.21052631578947367	GWGGNEKW:0.2631578947368421	AGALIPRK:0.21052631578947367	LAYRDPAI:0.21052631578947367	LIPRKGFD:0.21052631578947367	RKDYVLAG:0.42105263157894735	LTDGIIVN:0.21052631578947367	EKWTRMAA:0.2631578947368421	PTKRKDYV:0.5263157894736842	RKGFDFLI:0.3157894736842105	LFLNSARR:0.21052631578947367	ILIPTKRK:0.21052631578947367	LIPTKRKD:0.42105263157894735	LNSARRGW:0.21052631578947367	KGFDFLIR:0.3684210526315789	FLNSARRG:0.21052631578947367	SARRGWGG:0.21052631578947367	IDILIPTK:0.21052631578947367	TNILRLGI:0.2631578947368421	NSARRGWG:0.21052631578947367	ARRGWGGN:0.21052631578947367	RRGWGGNE:0.21052631578947367	RVIYNGID:0.21052631578947367	ADGIIVNA:0.3157894736842105	LADGIIVN:0.2631578947368421	ARTWGGTE:0.42105263157894735	TWGGTEKW:0.42105263157894735	SARTWGGT:0.42105263157894735	KIRVIYNG:0.2631578947368421	VIYNGLDT:0.2631578947368421	ALLEAMYL:0.42105263157894735	PTKRKDYL:0.2631578947368421	NALLEAMY:0.3684210526315789	RTWGGTEK:0.42105263157894735	NSARTWGG:0.47368421052631576	WGGTEKWT:0.47368421052631576	SNALLEAM:0.2631578947368421	NEGISNAL:0.21052631578947367	NILRLGIV:0.21052631578947367	GISNALLE:0.2631578947368421	EGISNALL:0.2631578947368421	ILRLGIVR:0.21052631578947367	INSARTWG:0.21052631578947367	FINSARTW:0.21052631578947367	VLIPTKRK:0.21052631578947367	DGIIVNAR:0.21052631578947367	TEKWTRMA:0.21052631578947367	GGTEKWTR:0.21052631578947367	ISNALLEA:0.21052631578947367	GTEKWTRM:0.21052631578947367	FTGFLENP:0.21052631578947367	
