cluster number:1563
GT4:30	GT4:30
LGIMGPQD:0.7	TVVRSGPD:0.6666666666666666	VISTNESY:0.4	PLNDVSTM:0.5	EIADYLST:0.2	VSVICPKG:0.6	SPLNDVST:0.26666666666666666	LGFGDCLE:0.3333333333333333	PLDRRVWL:0.7333333333333333	QNLPVPLD:0.7333333333333333	LPVPLDRR:0.7333333333333333	ACNPPDTY:0.7666666666666667	QACNPPDT:0.8	YLGIMGPQ:0.6	IVQNLPVP:0.7	IQACNPPD:0.36666666666666664	ALLGFGDC:0.36666666666666664	VSTMNKTM:0.6	PPDTYWAL:0.36666666666666664	NDVSTMNK:0.5333333333333333	RVLIIVQN:0.26666666666666666	ISTNESYR:0.26666666666666666	GPQDGVDQ:0.3333333333333333	FDLVETRV:0.23333333333333334	LIIVQNLP:0.6333333333333333	PVPLDRRV:0.7333333333333333	VYLGIMGP:0.3	ICPKGPGD:0.5333333333333333	LNDVSTMN:0.5333333333333333	DTYWALAL:0.23333333333333334	RRVWLECQ:0.5	NLPVPLDR:0.7333333333333333	VQNLPVPL:0.7333333333333333	LLGFGDCL:0.43333333333333335	KTMEYMAY:0.5333333333333333	NKTMEYMA:0.7666666666666667	MNKTMEYM:0.8	CPKGPGDP:0.5666666666666667	VLIIVQNL:0.5666666666666667	VPLDRRVW:0.7333333333333333	LDRRVWLE:0.7333333333333333	TMNKTMEY:0.8333333333333334	DVSTMNKT:0.5333333333333333	DLVETRVS:0.26666666666666666	DRRVWLEC:0.8333333333333334	VWLECQAL:0.5	IMGPQDGV:0.6666666666666666	RVWLECQA:0.5	VTVVRSGP:0.5	CNPPDTYW:0.7666666666666667	HDLNPEVF:0.3	VICPKGPG:0.5333333333333333	STMNKTME:0.8333333333333334	DQHDLNPE:0.3333333333333333	GIMGPQDG:0.6666666666666666	PDTYWALA:0.36666666666666664	VVRSGPDT:0.6333333333333333	SVICPKGP:0.5666666666666667	IIVQNLPV:0.6333333333333333	NPPDTYWA:0.36666666666666664	MGPQDGVD:0.8	YVTFTGRV:0.23333333333333334	FALLGFGD:0.2	VRSGPDTS:0.2	ELVHRRGR:0.3	FVFDHHDL:0.5	HDLNPELF:0.3333333333333333	HHDLNPEL:0.2	FGDCLEDL:0.23333333333333334	DLKTPLND:0.3	NPPDTYWL:0.4	MQACNPPD:0.23333333333333334	LVYLGIMG:0.2	HVLIIVQN:0.3	GDCLEDLK:0.2	PDTYWLLA:0.36666666666666664	VFDHHDLN:0.36666666666666664	FDHHDLNP:0.36666666666666664	GFGDCLED:0.23333333333333334	PDLKTPLN:0.3	GLCPDLKT:0.26666666666666666	LCPDLKTP:0.26666666666666666	DHHDLNPE:0.36666666666666664	PPDTYWLL:0.4	CPDLKTPL:0.26666666666666666	LVHRRGRT:0.23333333333333334	VIQACNPP:0.23333333333333334	VTFTGRAD:0.2	KTMEYMAF:0.2	GVMGPQDG:0.2	VMGPQDGV:0.2	LQACNPPD:0.2	FDQHDLNP:0.2	TMEYMAYA:0.3	PKGPGDPS:0.23333333333333334	MEYMAYAL:0.3	RRVWLECR:0.3	EYMAYALP:0.3333333333333333	AYLGIMGP:0.2	RFVFDHHD:0.2	RVWLECRA:0.2	VWLECRAL:0.2	
