cluster number:2256
GT4:11	GT4:11
RITCLDNA:0.2727272727272727	VMQENRIL:0.2727272727272727	HSPEIAYL:0.5454545454545454	CGSLYPDK:0.36363636363636365	QENRILSN:0.2727272727272727	RHSPEIAY:0.2727272727272727	INPGLVGL:0.2727272727272727	PGLVGLHI:0.2727272727272727	SRHSPEIA:0.2727272727272727	MQENRILS:0.2727272727272727	SPEIAYLR:0.36363636363636365	EIAYLRDG:0.2727272727272727	ENRILSNY:0.2727272727272727	SLYPDKRL:0.36363636363636365	ITCLDNAI:0.2727272727272727	TCLDNAID:0.2727272727272727	DWWFAYTD:0.5454545454545454	RVDWWFAY:0.6363636363636364	VDWWFAYT:0.8181818181818182	PEIAYLRD:0.2727272727272727	LYPDKRLD:0.2727272727272727	NPGLVGLH:0.2727272727272727	NRILSNYP:0.2727272727272727	GSLYPDKR:0.36363636363636365	LNPGLVGL:0.36363636363636365	GLVGLGIL:0.2727272727272727	PGLVGLGI:0.2727272727272727	AFWGHGAN:0.2727272727272727	NPGLVGLG:0.36363636363636365	LVGLGILD:0.2727272727272727	RITVLNNA:0.2727272727272727	
