cluster number:1898
GT4:85	GT4:85
AKMLVRDK:0.3058823529411765	KMLVRDKQ:0.2235294117647059	GGIPEMID:0.5647058823529412	DNLPNTIM:0.2823529411764706	KPVVWTMH:0.4117647058823529	LPNTIMEA:0.611764705882353	IMEAMACG:0.4588235294117647	PNTIMEAM:0.4588235294117647	ADVIHLHW:0.3764705882352941	TIMEAMAC:0.4	VGGIPEMI:0.6235294117647059	GKPVVWTM:0.38823529411764707	MLVRDKQT:0.2235294117647059	NTIMEAMA:0.4	LVRDKQTD:0.25882352941176473	NLPNTIME:0.6352941176470588	GIPEMIDH:0.5647058823529412	PVVWTMHD:0.4117647058823529	DVIHLHWI:0.2235294117647059	VIHLHWIN:0.2235294117647059	WTMHDMWP:0.4470588235294118	ICHHAREC:0.2235294117647059	LEENLPNT:0.25882352941176473	PSLEENLP:0.32941176470588235	IPSLEENL:0.2235294117647059	VWTMHDMW:0.47058823529411764	EENLPNTI:0.25882352941176473	SIPNPIDT:0.25882352941176473	VVWTMHDM:0.43529411764705883	ENLPNTIM:0.35294117647058826	HLHWINQG:0.3764705882352941	IHLHWINQ:0.38823529411764707	SLEENLPN:0.3411764705882353	DVFVLPSL:0.2823529411764706	EAMACGVP:0.3764705882352941	MACGVPCV:0.3058823529411765	AMACGVPC:0.35294117647058826	ACGVPCVG:0.25882352941176473	INQGMLSL:0.4	NQGMLSLK:0.3176470588235294	SGKPVVWT:0.3411764705882353	CGVPCVGF:0.3176470588235294	WINQGMLS:0.43529411764705883	DITSLPEF:0.21176470588235294	HLHNGYVA:0.23529411764705882	MRVLIINT:0.2	EMIDHLHN:0.2	DHLHNGYV:0.23529411764705882	GTDITSLP:0.2	VRDKQTDQ:0.2	QADVIHLH:0.23529411764705882	IDHLHNGY:0.23529411764705882	PEMIDHLH:0.2	MIDHLHNG:0.23529411764705882	TDITSLPE:0.2	IPEMIDHL:0.2235294117647059	KAKMLVRD:0.25882352941176473	TMHDMWPC:0.2	GFNVGGIP:0.2	ANTGTDIT:0.2	MHDMWPCT:0.2	INTNLFKP:0.2	VDIANTGT:0.2	KITDKRKG:0.21176470588235294	MEAMACGV:0.3176470588235294	AAVAANRL:0.24705882352941178	VAANRLKD:0.2	NRLKDALN:0.2	TGGAAVAA:0.2823529411764706	GAAVAANR:0.24705882352941178	AANRLKDA:0.2	AVAANRLK:0.2	ANRLKDAL:0.2	GGAAVAAN:0.24705882352941178	RLKDALNN:0.2	
