cluster number:931
GT4:321	GT4:321|2.4.1.-:1
IGTGTSYI:0.2398753894080997	LRSEAFGI:0.6355140186915887	VMRYYKGL:0.21495327102803738	DEDKVALL:0.2398753894080997	TGLVVPPS:0.29906542056074764	GISLLEGA:0.3333333333333333	VFPSHLRS:0.7227414330218068	IEQVIFQL:0.2803738317757009	YHSDIIRQ:0.2336448598130841	GVMRYYKG:0.21495327102803738	MYGKPMIS:0.3146417445482866	SLLEGAMY:0.27414330218068533	PSHLRSEA:0.794392523364486	EIGTGTSY:0.3052959501557632	VLHFFKTY:0.2367601246105919	LLEGAMYG:0.3177570093457944	SEAFGISL:0.411214953271028	FPWPFMDL:0.2616822429906542	FFLFVGVM:0.21495327102803738	FGISLLEG:0.3364485981308411	RSEAFGIS:0.411214953271028	RYYKGLHI:0.4953271028037383	TGTSYINI:0.2087227414330218	EQVIFQLC:0.2367601246105919	FPSHLRSE:0.8161993769470405	PFMDLVHF:0.22118380062305296	SHLRSEAF:0.7757009345794392	SSEIGTGT:0.34890965732087226	QVIFQLCE:0.2118380062305296	GAMYGKPM:0.24922118380062305	AFGISLLE:0.3987538940809969	YPVVIVGA:0.2118380062305296	MISSEIGT:0.29906542056074764	KPMISSEI:0.29906542056074764	FLFVGVMR:0.21495327102803738	ISSEIGTG:0.35202492211838005	GLHILLDA:0.34579439252336447	GGIEQVIF:0.3395638629283489	PVVIVGAG:0.21495327102803738	YGKPMISS:0.23052959501557632	RFFLFVGV:0.2398753894080997	YHFPWPFM:0.3364485981308411	EGAMYGKP:0.3146417445482866	PMISSEIG:0.29906542056074764	NYHFPWPF:0.205607476635514	VGVMRYYK:0.21495327102803738	PWPFMDLV:0.21806853582554517	WPFMDLVH:0.21806853582554517	GTGTSYIN:0.2398753894080997	IVAASPNY:0.23052959501557632	HLRSEAFG:0.7725856697819314	MRYYKGLH:0.21495327102803738	GIEQVIFQ:0.3395638629283489	YYKGLHIL:0.4953271028037383	HFPWPFMD:0.3426791277258567	EAFGISLL:0.3987538940809969	AMYGKPMI:0.2772585669781931	FVGVMRYY:0.21495327102803738	KGLHILLD:0.34890965732087226	LEGAMYGK:0.3177570093457944	GKPMISSE:0.2772585669781931	SEIGTGTS:0.2554517133956386	LFVGVMRY:0.21495327102803738	ETGLVVPP:0.3115264797507788	YKGLHILL:0.4205607476635514	ISLLEGAM:0.32087227414330216	VVIVGAGP:0.22429906542056074	MRVLHFYK:0.2118380062305296	RVLHFYKT:0.205607476635514	VLHFYKTY:0.3177570093457944	VVTYHSDI:0.4205607476635514	IVATSPNY:0.21806853582554517	YHSDIVKQ:0.34890965732087226	HSDIVKQK:0.3333333333333333	VVFPSHLR:0.2554517133956386	VTYHSDIV:0.3426791277258567	FVGVLRYY:0.21495327102803738	SCEIGTGT:0.3925233644859813	LFVGVLRY:0.21495327102803738	ISCEIGTG:0.3862928348909657	GVLRYYKG:0.2772585669781931	VLRYYKGL:0.2523364485981308	VGVLRYYK:0.21495327102803738	TYHSDIVK:0.22118380062305296	CEIGTGTS:0.29283489096573206	SEAFGITL:0.22741433021806853	LISCEIGT:0.2118380062305296	RSEAFGIT:0.22741433021806853	PLISCEIG:0.21495327102803738	AFGITLLE:0.24610591900311526	GITLLEGA:0.22741433021806853	FGITLLEG:0.22741433021806853	EAFGITLL:0.24610591900311526	GTGTSFIN:0.205607476635514	EIGTGTSF:0.26791277258566976	IGTGTSFI:0.20249221183800623	
