cluster number:560
GT4:19	GT4:19
RNIDIFVL:0.21052631578947367	VIATDVGG:0.21052631578947367	EGGMKKHL:0.3157894736842105	VGGIPEII:0.3684210526315789	LRNIDIFV:0.21052631578947367	CISRLIPS:0.21052631578947367	LIPSKGVQ:0.3157894736842105	IGCISRLI:0.21052631578947367	AEGGMKKH:0.3157894736842105	FKPEIIHF:0.21052631578947367	IDIFVLPS:0.3684210526315789	FLRNIDIF:0.21052631578947367	GMKKHLLS:0.3157894736842105	ATDVGGIP:0.21052631578947367	KKHLLSIL:0.2631578947368421	KPEIIHFH:0.21052631578947367	RLIPSKGV:0.3157894736842105	PEIIHFHG:0.21052631578947367	ISRLIPSK:0.21052631578947367	MKKHLLSI:0.2631578947368421	IATDVGGI:0.21052631578947367	SKGVQDLI:0.3157894736842105	PVIATDVG:0.21052631578947367	GGMKKHLL:0.3157894736842105	DFLRNIDI:0.21052631578947367	IPSKGVQD:0.3157894736842105	GCISRLIP:0.21052631578947367	NIDIFVLP:0.21052631578947367	SRLIPSKG:0.21052631578947367	PSKGVQDL:0.3157894736842105	FGISVAEA:0.3157894736842105	GISVAEAM:0.3157894736842105	YQLAVGCS:0.2631578947368421	SNFSKEKM:0.21052631578947367	IHFHGAKA:0.2631578947368421	HFHGAKAS:0.2631578947368421	GFGISVAE:0.2631578947368421	RNKFSKKG:0.2631578947368421	LRNKFSKK:0.2631578947368421	EGFGISVA:0.2631578947368421	VGGIPEIV:0.21052631578947367	IIHFHGAK:0.2631578947368421	SEGFGISV:0.2631578947368421	LGVPVIAT:0.2631578947368421	AVGCSFDK:0.21052631578947367	LAVGCSFD:0.21052631578947367	QLAVGCSF:0.2631578947368421	NKYLNKKT:0.21052631578947367	KYQLAVGC:0.2631578947368421	DLRNKFSK:0.2631578947368421	NVGGIPEI:0.42105263157894735	TNVGGIPE:0.47368421052631576	GGIPEIIE:0.3157894736842105	GIPEIIEN:0.21052631578947367	DIFVLPSH:0.2631578947368421	PSHSEGFG:0.21052631578947367	FVLPSHSE:0.2631578947368421	ANAIEILA:0.21052631578947367	LPSHSEGF:0.2631578947368421	HSEGFGIS:0.21052631578947367	LANAIEIL:0.21052631578947367	VLPSHSEG:0.2631578947368421	VIATNVGG:0.3684210526315789	VPVIATNV:0.2631578947368421	SHSEGFGI:0.21052631578947367	PVIATNVG:0.3157894736842105	IFVLPSHS:0.2631578947368421	IATNVGGI:0.3684210526315789	DLANAIEI:0.21052631578947367	NDLANAIE:0.21052631578947367	FHGAKASL:0.21052631578947367	ATNVGGIP:0.3684210526315789	PNDLANAI:0.21052631578947367	
