cluster number:2367
GT4:13	GT4:13
GDTWEFVE:0.23076923076923078	EQKFYSDL:0.23076923076923078	FKNGIPII:0.23076923076923078	DIIDMWPE:0.46153846153846156	SLDYFKNG:0.23076923076923078	CHFGLNIM:0.6923076923076923	WPETLPVG:0.23076923076923078	DMWPETLP:0.23076923076923078	VNCFDTYE:0.5384615384615384	LGSINNII:0.5384615384615384	DTWEFVEN:0.23076923076923078	YLGSINNI:0.5384615384615384	KSLDYFKN:0.23076923076923078	LVFDIIDM:0.3076923076923077	LLWVLVPP:0.5384615384615384	LTMKSLDY:0.5384615384615384	IDHGKIYD:0.23076923076923078	CFDTYEHR:0.46153846153846156	INNIIDIQ:0.23076923076923078	FDIIDMWP:0.46153846153846156	LWVLVPPN:0.5384615384615384	KISTLYLS:0.23076923076923078	DYFKNGIP:0.23076923076923078	MWPETLPV:0.23076923076923078	VLVPPNSF:0.38461538461538464	ISTLYLSY:0.23076923076923078	GLNIMKKD:0.3076923076923077	IVNCFDTY:0.5384615384615384	IDLLWVLV:0.38461538461538464	LNIMKKDV:0.3076923076923077	HFGLNIMK:0.6923076923076923	VFVGLTMK:0.5384615384615384	FGLNIMKK:0.6153846153846154	CYLGSINN:0.38461538461538464	TMKSLDYF:0.23076923076923078	FSEQKFYS:0.23076923076923078	SICYLGSI:0.23076923076923078	MKSLDYFK:0.23076923076923078	FDTYEHRV:0.5384615384615384	INNLKGDT:0.3076923076923077	FVGLTMKS:0.5384615384615384	DIDLLWVL:0.3076923076923077	LDYFKNGI:0.23076923076923078	GSINNIID:0.5384615384615384	ISICYLGS:0.23076923076923078	NGIPIINN:0.23076923076923078	NNLKGDTW:0.3076923076923077	WVLVPPNS:0.5384615384615384	SINNIIDI:0.46153846153846156	NCFDTYEH:0.46153846153846156	IIDMWPET:0.46153846153846156	YFKNGIPI:0.23076923076923078	GLTMKSLD:0.5384615384615384	VGLTMKSL:0.5384615384615384	SEQKFYSD:0.23076923076923078	VFDIIDMW:0.3076923076923077	DLLWVLVP:0.5384615384615384	KNGIPIIN:0.23076923076923078	YEHRVDLL:0.38461538461538464	DTYEHRVD:0.46153846153846156	ICYLGSIN:0.3076923076923077	TYEHRVDL:0.46153846153846156	LWPETMPI:0.23076923076923078	YLGSMNNI:0.23076923076923078	DLWPETMP:0.23076923076923078	WPETMPIG:0.23076923076923078	CYLGSMNN:0.23076923076923078	HIIGDGEK:0.23076923076923078	LCYLGSMN:0.23076923076923078	TMKSLDYL:0.23076923076923078	LNIMKKEV:0.23076923076923078	EVFVGLTM:0.23076923076923078	PNSFVKQA:0.23076923076923078	NSFVKQAA:0.23076923076923078	LVPPNSFV:0.23076923076923078	NIMKKEVF:0.23076923076923078	MKKEVFVG:0.23076923076923078	GLNIMKKE:0.23076923076923078	VIVNCFDT:0.23076923076923078	KKEVFVGL:0.23076923076923078	VPPNSFVK:0.23076923076923078	KEVFVGLT:0.23076923076923078	KCHFGLNI:0.23076923076923078	PPNSFVKQ:0.23076923076923078	IMKKEVFV:0.23076923076923078	GLPIINNI:0.3076923076923077	LTMKSIDY:0.3076923076923077	VGLTMKSI:0.3076923076923077	GLTMKSID:0.3076923076923077	TMKSIDYF:0.23076923076923078	
