cluster number:1201
GT4:17	GT4:17
GFHFFKGA:0.47058823529411764	LSVALMEA:0.23529411764705882	ACGLPVIC:0.29411764705882354	REGLSVAL:0.23529411764705882	SFREGLSV:0.23529411764705882	LITINKED:0.35294117647058826	NWLVYYPI:0.23529411764705882	GLSVALME:0.23529411764705882	HFFKGAPL:0.23529411764705882	LMEAMACG:0.23529411764705882	TAHGFHFF:0.5294117647058824	ITINKEDY:0.35294117647058826	YTAHGFHF:0.5294117647058824	FHFFKGAP:0.47058823529411764	IYTAHGFH:0.4117647058823529	AMACGLPV:0.35294117647058826	LVYYPIEK:0.23529411764705882	VIYTAHGF:0.29411764705882354	HGFHFFKG:0.5294117647058824	ALMEAMAC:0.23529411764705882	MACGLPVI:0.35294117647058826	MEAMACGL:0.23529411764705882	ELNKNKNH:0.23529411764705882	EGLSVALM:0.23529411764705882	SVALMEAM:0.23529411764705882	VALMEAMA:0.23529411764705882	EAMACGLP:0.4117647058823529	WLVYYPIE:0.23529411764705882	AHGFHFFK:0.5882352941176471	
