cluster number:697
GT4:36	GT4:36
RIAVSEAA:0.3055555555555556	AVSEAARR:0.3333333333333333	YNGSVARL:0.3333333333333333	AARVRRWL:0.2222222222222222	PYNGSVAR:0.5	IAVSEAAR:0.3611111111111111	LLEAMAAG:0.2222222222222222	WDVPGGVQ:0.4444444444444444	VSEAARRT:0.2777777777777778	RRTLVEHL:0.25	PYTWDVPG:0.2222222222222222	YTWDVPGG:0.2222222222222222	VPYNGSVA:0.3888888888888889	RLLVAGPG:0.2222222222222222	DVLHVHEP:0.2222222222222222	PVPYNGSV:0.4166666666666667	SEAARRTL:0.25	RTLVEHLG:0.25	FDVLHVHE:0.2222222222222222	AARRTLVE:0.25	TWDVPGGV:0.2222222222222222	EAARRTLV:0.25	ARRTLVEH:0.25	LLVAGPGD:0.2222222222222222	GPIVATFH:0.3055555555555556	CPYTWDVP:0.2222222222222222	RVGLVCPY:0.25	GRLDEPRK:0.2222222222222222	RLDEPRKG:0.2222222222222222	LDEPRKGL:0.2222222222222222	GGESFGIV:0.3055555555555556	GGDAVLIP:0.3055555555555556	GDAVLIPN:0.3055555555555556	LGGESFGI:0.2777777777777778	FCAPNLGG:0.25	DAVLIPNG:0.3611111111111111	APNLGGES:0.2777777777777778	NLGGESFG:0.2777777777777778	GESFGIVL:0.3333333333333333	AVLIPNGV:0.3333333333333333	CAPNLGGE:0.25	PNLGGESF:0.2777777777777778	VPVPYNGS:0.3055555555555556	LGGDAVLI:0.2222222222222222	HLGGDAVL:0.2222222222222222	
