cluster number:111
GT4:61	GT4:61
NVLLEAMS:0.3114754098360656	PCAAFDCP:0.2786885245901639	APDVVVSF:0.26229508196721313	DALLVPAG:0.3442622950819672	LVSSMHAG:0.39344262295081966	SSKGTCFY:0.36065573770491804	CERTNPVV:0.22950819672131148	IVCERTNP:0.4918032786885246	LWIWGEGP:0.26229508196721313	PDVVVSFL:0.4918032786885246	HAGGAERV:0.4262295081967213	VEGFPNVL:0.5737704918032787	AMSLGLPC:0.2459016393442623	AVEGFPNV:0.2459016393442623	VLLEAMSL:0.26229508196721313	SFLTNVNV:0.5737704918032787	VAAILATR:0.39344262295081966	AFDCPSGP:0.4918032786885246	CAAFDCPS:0.2786885245901639	EAMSLGLP:0.2459016393442623	DLWIWGEG:0.2786885245901639	LLEAMSLG:0.26229508196721313	LIVCERTN:0.45901639344262296	GLPCAAFD:0.2786885245901639	PTYSSKGT:0.36065573770491804	VSSMHAGG:0.4262295081967213	AGGAERVA:0.5901639344262295	VNVAAILA:0.4098360655737705	TCFYPLSD:0.36065573770491804	WDLWIWGE:0.26229508196721313	ADMVTVQA:0.39344262295081966	VVVSFLTN:0.45901639344262296	AAILATRG:0.39344262295081966	SMHAGGAE:0.4262295081967213	AERVAATL:0.5245901639344263	FPNVLLEA:0.6557377049180327	PNVLLEAM:0.7213114754098361	VVSFLTNV:0.45901639344262296	EGFPNVLL:0.7049180327868853	VCERTNPV:0.4262295081967213	FLTNVNVA:0.4262295081967213	TNVNVAAI:0.4098360655737705	SKGTCFYP:0.36065573770491804	LSSAVEGF:0.21311475409836064	LPCAAFDC:0.2786885245901639	LGLPCAAF:0.22950819672131148	DVVVSFLT:0.45901639344262296	SSAVEGFP:0.21311475409836064	AAFDCPSG:0.2786885245901639	LEAMSLGL:0.2459016393442623	PLIVCERT:0.45901639344262296	TYSSKGTC:0.36065573770491804	PDWDLWIW:0.26229508196721313	NVAAILAT:0.39344262295081966	KGTCFYPL:0.3442622950819672	RDALRDAL:0.21311475409836064	YSSKGTCF:0.36065573770491804	VSFLTNVN:0.6229508196721312	GGAERVAA:0.6229508196721312	GTCFYPLS:0.36065573770491804	SAVEGFPN:0.2459016393442623	LTNVNVAA:0.4262295081967213	SSMHAGGA:0.4262295081967213	GAERVAAT:0.5409836065573771	DWDLWIWG:0.29508196721311475	GFPNVLLE:0.7049180327868853	NVNVAAIL:0.4098360655737705	MHAGGAER:0.4262295081967213	AILATRGL:0.45901639344262296	RLAVIPNP:0.26229508196721313	MLVSSMHA:0.22950819672131148	SLVEGFPN:0.21311475409836064	WNLRIWGE:0.22950819672131148	IPNPLPAP:0.22950819672131148	LAVIPNPL:0.32786885245901637	PDWNLRIW:0.22950819672131148	YPRADMVT:0.2459016393442623	FDCPSGPR:0.4262295081967213	LYPRADMV:0.22950819672131148	VLSSLVEG:0.21311475409836064	SSLVEGFP:0.21311475409836064	PAPLLDAP:0.21311475409836064	GQAFVLSS:0.22950819672131148	MKILMLVS:0.22950819672131148	PSGPREMT:0.32786885245901637	TLVNAWAE:0.2459016393442623	SGPREMTR:0.32786885245901637	KQFDLLID:0.22950819672131148	ERVAATLV:0.32786885245901637	LMLVSSMH:0.22950819672131148	GPREMTRD:0.29508196721311475	AATLVNAW:0.3442622950819672	IWGEGPER:0.3114754098360656	KILMLVSS:0.22950819672131148	LLAMGRLV:0.21311475409836064	PREMTRDG:0.29508196721311475	FVLSSLVE:0.21311475409836064	LRIWGEGP:0.22950819672131148	LVEGFPNV:0.21311475409836064	CFYPLSDK:0.21311475409836064	NAWAERGD:0.2459016393442623	PRADMVTV:0.2459016393442623	TPTYSSKG:0.22950819672131148	QFDLLIDV:0.21311475409836064	QAFVLSSL:0.21311475409836064	AVRQRYAL:0.22950819672131148	DKQFDLLI:0.21311475409836064	DWNLRIWG:0.22950819672131148	ILMLVSSM:0.22950819672131148	VIPNPLPA:0.3114754098360656	VPLIVCER:0.21311475409836064	ATLVNAWA:0.26229508196721313	RVAATLVN:0.32786885245901637	NPLPAPLL:0.22950819672131148	VAATLVNA:0.3442622950819672	LSSLVEGF:0.21311475409836064	LTPTYSSK:0.22950819672131148	DCPSGPRE:0.4918032786885246	PNPLPAPL:0.22950819672131148	LPAPLLDA:0.21311475409836064	PLPAPLLD:0.22950819672131148	CPSGPREM:0.36065573770491804	VNAWAERG:0.2459016393442623	LVNAWAER:0.2459016393442623	AVIPNPLP:0.3770491803278688	FPDWNLRI:0.21311475409836064	FYPLSDKV:0.21311475409836064	RADMVTVQ:0.2459016393442623	NLRIWGEG:0.22950819672131148	AFVLSSLV:0.21311475409836064	RIWGEGPE:0.21311475409836064	VLLEAMAL:0.21311475409836064	NVLLEAMA:0.3770491803278688	LLEAMALG:0.21311475409836064	EAMALGLP:0.21311475409836064	
