cluster number:709
GT4:28	GT4:28
EELPAFYS:0.39285714285714285	DAFAFPSP:0.21428571428571427	GYTGRHGY:0.6785714285714286	GGDGPARE:0.35714285714285715	REELPAFY:0.39285714285714285	EANACGTP:0.5357142857142857	DREELPAF:0.21428571428571427	FGGDGPAR:0.5357142857142857	LVFGGDGP:0.25	LPTVNGVT:0.6428571428571429	ANACGTPV:0.5357142857142857	YHTPTAEY:0.35714285714285715	PLVGYTGR:0.2857142857142857	HTPTAEYA:0.32142857142857145	VFGGDGPA:0.5357142857142857	FLDREELP:0.21428571428571427	AFPSPVET:0.5	LEANACGT:0.5	FLGFLDRE:0.35714285714285715	LVALEANA:0.5	HAHTPFGL:0.32142857142857145	TVNGVTYT:0.6785714285714286	NACGTPVA:0.25	DVVHAHTP:0.35714285714285715	LVGYTGRH:0.35714285714285715	VNGVTYTV:0.4642857142857143	GFLDREEL:0.21428571428571427	LDREELPA:0.21428571428571427	VGYTGRHG:0.6071428571428571	YLPTVNGV:0.8214285714285714	TLVFGGDG:0.25	ACGTPVAG:0.21428571428571427	ALEANACG:0.5	CGTPVAGV:0.35714285714285715	VHAHTPFG:0.32142857142857145	PTVNGVTY:0.6785714285714286	GLVALEAN:0.6428571428571429	YTGRHGYE:0.6785714285714286	AFAFPSPV:0.21428571428571427	VVHAHTPF:0.35714285714285715	AHTPFGLG:0.32142857142857145	LGFLDREE:0.2857142857142857	TGRHGYEK:0.6785714285714286	FAFPSPVE:0.5	VALEANAC:0.5	FPSPVETQ:0.75	LIGYTGRH:0.25	FRDRYDLP:0.21428571428571427	PLIGYTGR:0.25	AFTDTYLP:0.5357142857142857	ETQGLVAL:0.75	PSPVETQG:0.75	GTPVVGVN:0.25	CGTPVVGV:0.39285714285714285	PVETQGLV:0.7142857142857143	VETQGLVA:0.7142857142857143	HTPTSEYA:0.2857142857142857	DTYLPTVN:0.7142857142857143	QGLVALEA:0.75	TDTYLPTV:0.7142857142857143	TQGLVALE:0.75	ACGTPVVG:0.42857142857142855	TYLPTVNG:0.7142857142857143	SPVETQGL:0.7142857142857143	FTDTYLPT:0.7142857142857143	ASYHTPTS:0.2857142857142857	YHTPTSEY:0.2857142857142857	SYHTPTSE:0.2857142857142857	IGYTGRHG:0.2857142857142857	GRMDVVYP:0.21428571428571427	LDVFAFPS:0.35714285714285715	PAFYSALD:0.39285714285714285	LPAFYSAL:0.32142857142857145	FYSALDVF:0.25	DVFAFPSP:0.35714285714285715	VFAFPSPV:0.2857142857142857	VNGVTYTI:0.21428571428571427	AFYSALDV:0.25	ELPAFYSA:0.2857142857142857	RFLGFLDR:0.42857142857142855	AAFTDTYL:0.42857142857142855	VAAFTDTY:0.42857142857142855	DVRFLGFL:0.25	FVASYHTP:0.21428571428571427	VVFGGDGP:0.2857142857142857	GDGPARES:0.21428571428571427	DGVTGYHY:0.21428571428571427	RGGRMDVV:0.21428571428571427	VASYHTPT:0.39285714285714285	TVVFGGDG:0.2857142857142857	PFVASYHT:0.21428571428571427	PVAGVDAG:0.21428571428571427	AHTPFSLG:0.21428571428571427	TPVAGVDA:0.21428571428571427	NGVTYTVQ:0.25	FPFYEGFR:0.25	GRHGYEKC:0.32142857142857145	IVGYTGRH:0.21428571428571427	LPFPFYEG:0.39285714285714285	PFPFYEGF:0.25	VRSLPFPF:0.32142857142857145	RSLPFPFY:0.32142857142857145	LVHAHTPF:0.21428571428571427	VVPNGVDT:0.21428571428571427	AGVDAGAL:0.21428571428571427	GTPVAGVD:0.2857142857142857	HAHTPFSL:0.21428571428571427	PVRSLPFP:0.25	VHAHTPFS:0.21428571428571427	PIVGYTGR:0.21428571428571427	SLPFPFYE:0.39285714285714285	YPVRSLPF:0.21428571428571427	EYPVRSLP:0.21428571428571427	VAGVDAGA:0.21428571428571427	RHGYEKCL:0.32142857142857145	GVDAGALS:0.21428571428571427	ERWFFDRA:0.21428571428571427	RWFFDRAD:0.21428571428571427	YERWFFDR:0.21428571428571427	SVAAFTDT:0.25	GGDGPARD:0.21428571428571427	NACGTPVV:0.2857142857142857	ARFLGFLD:0.25	DARFLGFL:0.25	HTPFGLGL:0.21428571428571427	VDARFLGF:0.25	TPFGLGLA:0.21428571428571427	
