cluster number:623
GT4:18	GT4:18
RLVILGEG:0.2777777777777778	CRLVILGE:0.2222222222222222	LVRYLRRE:0.2777777777777778	VRYLRRER:0.2777777777777778	VSTDCPSG:0.4444444444444444	RYLRRERP:0.2777777777777778	PPVILGVG:0.2222222222222222	STDCPSGP:0.4444444444444444	VVSTDCPS:0.4444444444444444	LGTTVSVN:0.3333333333333333	FAATSGHS:0.3888888888888889	VRLGTTVS:0.3333333333333333	SRWEGMPV:0.2777777777777778	SGHSGVDR:0.6666666666666666	TSGHSGVD:0.6666666666666666	AATSGHSG:0.3888888888888889	RLGTTVSV:0.3333333333333333	ILGVGELS:0.2222222222222222	GTTVSVNL:0.3333333333333333	ATSGHSGV:0.5	GHSGVDRV:0.3333333333333333	GMPVVLIE:0.2777777777777778	LSDKDKVN:0.2777777777777778	SDKDKVNR:0.2777777777777778	EGMPVVLI:0.2777777777777778	GTPVVSTD:0.2222222222222222	MPVVLIEA:0.2777777777777778	TPVVSTDC:0.2222222222222222	RKDFATLL:0.3333333333333333	PVVSTDCP:0.3888888888888889	LAVFAATS:0.2222222222222222	TDCPSGPR:0.3333333333333333	REVLDGGR:0.2222222222222222	PSGPREVL:0.3333333333333333	SGPREVLD:0.2222222222222222	AVFAATSG:0.2222222222222222	PREVLDGG:0.2222222222222222	VFAATSGH:0.2222222222222222	DCPSGPRE:0.5555555555555556	CPSGPREV:0.3333333333333333	GPREVLDG:0.2222222222222222	GPLVPVGD:0.3333333333333333	TTVSVNLA:0.2222222222222222	EALALGTP:0.2222222222222222	KDFATLLR:0.2777777777777778	ATLLRAFA:0.2777777777777778	FATLLRAF:0.2777777777777778	TLLRAFAR:0.2777777777777778	DFATLLRA:0.2777777777777778	LLRAFARV:0.2222222222222222	LRAFARVR:0.2222222222222222	RPCRLMIL:0.2222222222222222	PCRLMILG:0.2222222222222222	LPALVRYL:0.2222222222222222	RAFARVRA:0.2777777777777778	VACDCPSG:0.2222222222222222	VVLIEALA:0.2777777777777778	VGELSERK:0.2222222222222222	RAYLAALG:0.2222222222222222	SARAYLAA:0.2222222222222222	PALVRYLR:0.2777777777777778	HSGVDRVL:0.2222222222222222	VLIEALAL:0.3333333333333333	RWEGMPVV:0.2222222222222222	ACDCPSGP:0.2222222222222222	ALVRYLRR:0.2777777777777778	PVVLIEAL:0.2777777777777778	LIEALALG:0.3333333333333333	WEGMPVVL:0.2222222222222222	LGVGELSE:0.2222222222222222	AYLAALGF:0.2222222222222222	ARAYLAAL:0.2222222222222222	ELSERKDF:0.2222222222222222	GVGELSER:0.2222222222222222	PSVACDCP:0.2222222222222222	CDCPSGPR:0.2222222222222222	GELSERKD:0.2222222222222222	SVACDCPS:0.2222222222222222	LSERKDFA:0.2222222222222222	
