cluster number:313
GT4:57	GT4:57|GT2:54
YCGEPDVA:0.22807017543859648	GTVTPLSN:0.3508771929824561	DLGAPAER:0.2807017543859649	AVLLVTHA:0.21052631578947367	GVFVAHVG:0.24561403508771928	PLEFVVVG:0.24561403508771928	VNDASPEP:0.21052631578947367	RANRQARD:0.21052631578947367	RYCGEPDV:0.22807017543859648	WFCPRISL:0.2807017543859649	PLSNDASI:0.2631578947368421	AQGYGEEN:0.6491228070175439	RLDLVRFR:0.24561403508771928	LPLEFVVV:0.24561403508771928	TVTPLSND:0.3333333333333333	VLLNSDTL:0.5087719298245614	AFDLGAPA:0.21052631578947367	EENDFCMR:0.2982456140350877	YGEENDFC:0.7543859649122807	AHGFCMYI:0.24561403508771928	VVAFDLGA:0.21052631578947367	NRQARDNP:0.21052631578947367	ARDNPHVM:0.21052631578947367	FAQGYGEE:0.6491228070175439	PETWCFAL:0.2982456140350877	HDYIWFCP:0.22807017543859648	RVCVVGGI:0.24561403508771928	FCMRARAL:0.24561403508771928	ARALGWKH:0.22807017543859648	VHDYIWFC:0.21052631578947367	SVWPETWC:0.2807017543859649	LERANRQA:0.22807017543859648	RRRLDLVR:0.24561403508771928	YIWFCPRI:0.22807017543859648	RQARDNPH:0.21052631578947367	CMRARALG:0.24561403508771928	NDFCMRAR:0.2631578947368421	VVNDASPE:0.22807017543859648	WLERANRQ:0.22807017543859648	ALLPSVWP:0.21052631578947367	LPSVWPET:0.2807017543859649	REDVFAQG:0.2631578947368421	NPHVMFAL:0.21052631578947367	LGAPAERI:0.21052631578947367	LLREDVFA:0.24561403508771928	LEFVVVGH:0.24561403508771928	LLPSVWPE:0.21052631578947367	DNPHVMFA:0.21052631578947367	IWFCPRIS:0.22807017543859648	VWPETWCF:0.24561403508771928	ERANRQAR:0.21052631578947367	NRYCGEPD:0.21052631578947367	QARDNPHV:0.21052631578947367	PSVWPETW:0.2982456140350877	LPEGPVRV:0.21052631578947367	RRLDLVRF:0.24561403508771928	DFCMRARA:0.24561403508771928	LLNSDTLV:0.5263157894736842	PTAHGFCM:0.40350877192982454	TAHGFCMY:0.24561403508771928	RARALGWK:0.22807017543859648	DYIWFCPR:0.22807017543859648	EFVVVGHT:0.24561403508771928	GYGEENDF:0.8771929824561403	MRARALGW:0.24561403508771928	GAPAERIR:0.24561403508771928	VFVAHVGS:0.24561403508771928	EDVFAQGY:0.2631578947368421	LREDVFAQ:0.24561403508771928	FDLGAPAE:0.2807017543859649	DWLERANR:0.21052631578947367	VTPLSNDA:0.3333333333333333	WPETWCFA:0.2807017543859649	GLLREDVF:0.24561403508771928	GFCMYIRH:0.21052631578947367	GGIGPEKG:0.21052631578947367	CMYIRHDC:0.21052631578947367	VFAQGYGE:0.40350877192982454	LNSDTLVP:0.3333333333333333	DVFAQGYG:0.40350877192982454	ANRQARDN:0.21052631578947367	FCMYIRHD:0.21052631578947367	MYIRHDCL:0.21052631578947367	ETWCFALG:0.2807017543859649	ENDFCMRA:0.2982456140350877	QGYGEEND:0.6491228070175439	GEENDFCM:0.2982456140350877	DVVLLNSD:0.40350877192982454	GRGYGEEN:0.24561403508771928	VVLLNSDT:0.40350877192982454	PETWCFTL:0.3157894736842105	RGYGEEND:0.2631578947368421	LNSDTLVA:0.21052631578947367	PFSNDASI:0.2807017543859649	TPFSNDAS:0.2807017543859649	GEENDFCL:0.38596491228070173	DASILSYP:0.2807017543859649	NDASILSY:0.2807017543859649	ENDFCLRA:0.38596491228070173	FSNDASIL:0.2631578947368421	SNDASILS:0.2807017543859649	PSIWPETW:0.24561403508771928	SIWPETWC:0.21052631578947367	EENDFCLR:0.38596491228070173	IWPETWCF:0.21052631578947367	GRYCGEPD:0.21052631578947367	
