cluster number:1514
GT4:15	GT4:15
IIPRKGVL:0.2	AADVFVLP:0.26666666666666666	SETGYSVP:0.2	IPRKGVLY:0.2	VGNIIPRK:0.2	PRKGVLYL:0.2	ADVFVLPS:0.26666666666666666	LEALACGT:0.26666666666666666	VLFVGNII:0.2	ALEALACG:0.26666666666666666	LVISNMYP:0.26666666666666666	YGSLLLRS:0.2	FIGLICHW:0.2	FGLVALEA:0.26666666666666666	DVFVLPSL:0.2	EALACGTP:0.26666666666666666	ACGTPTIA:0.2	VALEALAC:0.26666666666666666	LVALEALA:0.26666666666666666	GFIGLICH:0.2	AVIAVSRD:0.2	WMNAADVF:0.26666666666666666	KYGSLLLR:0.2	PTGFIGLI:0.2	NIIPRKGV:0.2	LFVGNIIP:0.26666666666666666	QFVVANTD:0.2	GLVALEAL:0.26666666666666666	ALACGTPT:0.2	CGTPTIAT:0.2	TGFIGLIC:0.2	GNIIPRKG:0.2	FPTGFIGL:0.26666666666666666	VLVISNMY:0.2	FVGNIIPR:0.2	VIHAHYVF:0.2	FDVIHAHY:0.26666666666666666	DVIHAHYV:0.2	LACGTPTI:0.2	IHAHYVFP:0.2	NAADVFVL:0.26666666666666666	FVLPSLEE:0.2	MNAADVFV:0.26666666666666666	NAADIFVL:0.3333333333333333	ADIFVLPS:0.3333333333333333	DIFVLPSL:0.5333333333333333	MNAADIFV:0.3333333333333333	WMNAADIF:0.3333333333333333	AADIFVLP:0.3333333333333333	TVMFEALG:0.3333333333333333	GNPTVMFE:0.4	EDYGLLCP:0.2	VGLPFVGT:0.26666666666666666	GLPFVGTA:0.26666666666666666	VGGVPEII:0.3333333333333333	ALGVGLPF:0.26666666666666666	IFVLPSLS:0.4666666666666667	KEWDREKI:0.2	PSLSEGNP:0.4	GVPEIITS:0.26666666666666666	GGVPEIIT:0.26666666666666666	SEDYGLLC:0.2	EWDREKIR:0.2	FVGTAVGG:0.26666666666666666	LPSLSEGN:0.4	NPTVMFEA:0.3333333333333333	VLPSLSEG:0.5333333333333333	VGTAVGGV:0.26666666666666666	AVGGVPEI:0.26666666666666666	FEALGVGL:0.26666666666666666	EALGVGLP:0.26666666666666666	YGLLCPPA:0.2	GVGLPFVG:0.26666666666666666	EGNPTVMF:0.4	PFVGTAVG:0.26666666666666666	VMFEALGV:0.26666666666666666	LPFVGTAV:0.26666666666666666	SLSEGNPT:0.4	PTVMFEAL:0.3333333333333333	LGVGLPFV:0.26666666666666666	DYGLLCPP:0.26666666666666666	MFEALGVG:0.26666666666666666	TAVGGVPE:0.26666666666666666	FVLPSLSE:0.5333333333333333	GTAVGGVP:0.26666666666666666	LSEGNPTV:0.4	SEGNPTVM:0.4	NADALIRV:0.2	KNADALIR:0.2	WKNADALI:0.2	YWMNAADI:0.2	DIIHAHFT:0.2	FDIIHAHF:0.2	ADALIRVN:0.2	IHAHFTWP:0.26666666666666666	LIHAHFTW:0.2	FDLIHAHF:0.2	DLIHAHFT:0.2	HAHFTWPS:0.2	
