cluster number:2217
GT4:11	GT4:11
PQGGVHRG:0.2727272727272727	CGLPVITT:0.45454545454545453	YDPCSLVV:0.36363636363636365	LACGLPVI:0.7272727272727273	ACGLPVIT:0.5454545454545454	GGVHRGSL:0.2727272727272727	VIIPQGGV:0.2727272727272727	DVIIPQGG:0.2727272727272727	EALACGLP:0.9090909090909091	YYDPCSLV:0.2727272727272727	ALACGLPV:0.7272727272727273	TYYDPCSL:0.2727272727272727	HDVIIPQG:0.2727272727272727	IPQGGVHR:0.2727272727272727	PTYYDPCS:0.2727272727272727	IIPQGGVH:0.2727272727272727	QGGVHRGS:0.2727272727272727	VGLFVGHN:0.2727272727272727	LEALACGL:0.45454545454545453	
