cluster number:2198
GT4:23	GT4:23
GGFLCSTS:0.6086956521739131	LTTDSDGV:0.34782608695652173	IGDSGGFL:0.6521739130434783	AWIGRIED:0.34782608695652173	IGRIEDNK:0.34782608695652173	IEDNKNWR:0.34782608695652173	SKVEGAPY:0.34782608695652173	TDSDGVRS:0.21739130434782608	VFYVPSGG:0.2608695652173913	CSTSKVEG:0.4782608695652174	PVLTTDSD:0.30434782608695654	DNKNWREF:0.5652173913043478	FSFNNCFD:0.21739130434782608	IAWIGRIE:0.21739130434782608	TSKVEGAP:0.391304347826087	EAMSCRCP:0.34782608695652173	GFLCSTSK:0.5652173913043478	VETLNRQR:0.5652173913043478	LFVFYVPS:0.2608695652173913	NKNWREFL:0.5652173913043478	LNPKTPHI:0.30434782608695654	GDSGGFLC:0.6521739130434783	VLTTDSDG:0.30434782608695654	DSGGFLCS:0.4782608695652174	FYVPSGGV:0.2608695652173913	WIGRIEDN:0.34782608695652173	STSKVEGA:0.30434782608695654	PSGGVETL:0.5652173913043478	GVETLNRQ:0.5652173913043478	LEAMSCRC:0.30434782608695654	CPVLTTDS:0.30434782608695654	GGVETLNR:0.5652173913043478	SFNNCFDT:0.21739130434782608	RIEDNKNW:0.4782608695652174	RCPVLTTD:0.21739130434782608	GRIEDNKN:0.4782608695652174	FLCSTSKV:0.4782608695652174	TTDSDGVR:0.21739130434782608	AMSCRCPV:0.21739130434782608	SGGVETLN:0.5652173913043478	LCSTSKVE:0.4782608695652174	YVPSGGVE:0.391304347826087	FVFYVPSG:0.2608695652173913	VPSGGVET:0.43478260869565216	EDNKNWRE:0.5652173913043478	SGGFLCST:0.6086956521739131	MSCRCPVL:0.21739130434782608	ETLNRQRC:0.34782608695652173	KVEGAPYS:0.21739130434782608	YYVPSGGV:0.21739130434782608	VGRLEDNK:0.21739130434782608	STSKVEGF:0.21739130434782608	TSKVEGFG:0.21739130434782608	KVEGFGYA:0.21739130434782608	VEGFGYAV:0.21739130434782608	SKVEGFGY:0.21739130434782608	RLEDNKNW:0.2608695652173913	GYAVLEAM:0.21739130434782608	FGYAVLEA:0.21739130434782608	GRLEDNKN:0.2608695652173913	GFGYAVLE:0.21739130434782608	SIIGDSGG:0.43478260869565216	EGFGYAVL:0.21739130434782608	IIGDSGGF:0.43478260869565216	WVGRLEDN:0.21739130434782608	LEDNKNWR:0.2608695652173913	FSIIGDSG:0.30434782608695654	VLEAMSCR:0.21739130434782608	YFSIIGDS:0.21739130434782608	
