cluster number:1320
GT4:35	GT4:35
EDVPKQLL:0.22857142857142856	VKMFEYMA:0.22857142857142856	KMFEYMAA:0.2571428571428571	DPELIPIG:0.42857142857142855	PELIPIGL:0.2857142857142857	LHDPELIP:0.5714285714285714	IYHLHDPE:0.4	YHLHDPEL:0.7714285714285715	LPVKMFEY:0.34285714285714286	PVKMFEYM:0.34285714285714286	HLHDPELI:0.5714285714285714	VSLVVADG:0.42857142857142855	DIYHLHDP:0.37142857142857144	ADIYHLHD:0.2857142857142857	ATPYIRDK:0.2571428571428571	TPYIRDKF:0.2571428571428571	MFEYMAAG:0.2571428571428571	ALPVKMFE:0.3142857142857143	DALPVKMF:0.2857142857142857	AATPYIRD:0.2	LDALPVKM:0.22857142857142856	HEDVPKQL:0.22857142857142856	HDPELIPI:0.42857142857142855	AGLVTLHP:0.2571428571428571	KQLLGKPY:0.2571428571428571	IDAQPNKM:0.2571428571428571	VIFDAHED:0.4	AQPNKMFE:0.34285714285714286	PNKMFEYM:0.34285714285714286	NKMFEYMS:0.3142857142857143	KMFEYMSA:0.3142857142857143	PNHIDAQP:0.2571428571428571	QPNKMFEY:0.34285714285714286	NHIDAQPN:0.2571428571428571	LGKPYLNK:0.2857142857142857	PKQLLGKP:0.22857142857142856	MFEYMSAG:0.2857142857142857	GKPYLNKP:0.2	DAQPNKMF:0.2857142857142857	QLLGKPYL:0.2857142857142857	LLGKPYLN:0.2571428571428571	HIDAQPNK:0.2571428571428571	GLCVDPLD:0.2571428571428571	CGLCVDPL:0.3142857142857143	LCVDPLDP:0.2	SLVVADGK:0.2857142857142857	DADIYHLH:0.2571428571428571	LDADIYHL:0.2	LVVADGKG:0.3142857142857143	VVADGKGD:0.2571428571428571	VYHLHDPE:0.22857142857142856	DVYHLHDP:0.2	
