cluster number:319
GT4:38	GT4:38
NVKFLPYQ:0.21052631578947367	KPVLGVLE:0.2894736842105263	GIKGVSVP:0.8157894736842105	ANIALLKE:0.21052631578947367	YGVMAAGK:0.6052631578947368	YSGNLGLY:0.5	LGVLEQGS:0.2894736842105263	NLGLYYDL:0.5	AAQPGYAG:0.3157894736842105	NQKGIKGV:0.5789473684210527	TISQPPVL:0.3157894736842105	AQPGYAGE:0.23684210526315788	QKGIKGVS:0.5789473684210527	VNQKGIKG:0.5789473684210527	VVNQKGIK:0.5789473684210527	FVINYFYP:0.5	VLGGLIGT:0.3157894736842105	GNLGLYYD:0.5	AAGKPVLG:0.2631578947368421	LPYQPKEF:0.21052631578947367	IAAQPGYA:0.3157894736842105	LVVNQKGI:0.5789473684210527	GVSVPSKI:0.631578947368421	LGLYYDLE:0.5	IVMYSGNL:0.34210526315789475	PVLGGLIG:0.34210526315789475	MAAGKPVL:0.2894736842105263	KGIKGVSV:0.7894736842105263	GLIGTIGK:0.4473684210526316	GGLIGTIG:0.4473684210526316	GVMAAGKP:0.5	AGKPVLGV:0.2631578947368421	VHLVVNQK:0.5263157894736842	FLPYQPKE:0.23684210526315788	VMAAGKPV:0.2631578947368421	MYSGNLGL:0.5	ISQPPVLG:0.3684210526315789	IKGVSVPS:0.8157894736842105	KIYGVMAA:0.5	VSVPSKIY:0.631578947368421	PPVLGGLI:0.34210526315789475	KFIVMYSG:0.3157894736842105	FIVMYSGN:0.39473684210526316	DVHLVVNQ:0.5	YYDLENLI:0.3684210526315789	NIALLKEK:0.21052631578947367	SQPPVLGG:0.3684210526315789	SKIYGVMA:0.631578947368421	VKFLPYQP:0.21052631578947367	SGNLGLYY:0.5	GLYYDLEN:0.8421052631578947	GKPVLGVL:0.2894736842105263	VPSKIYGV:0.631578947368421	TVIAAQPG:0.3157894736842105	KGVSVPSK:0.8157894736842105	ADVHLVVN:0.5263157894736842	IFTISQPP:0.2631578947368421	FLFIGEGA:0.23684210526315788	VIAAQPGY:0.3157894736842105	LGGLIGTI:0.4473684210526316	GVLEQGSE:0.2894736842105263	LYYDLENL:0.47368421052631576	PSKIYGVM:0.631578947368421	VMYSGNLG:0.4473684210526316	ITVIAAQP:0.39473684210526316	HLVVNQKG:0.5789473684210527	IYGVMAAG:0.5	LFIGEGAV:0.21052631578947367	QPPVLGGL:0.34210526315789475	FIGEGAVK:0.4473684210526316	SVPSKIYG:0.631578947368421	AADVHLVV:0.4473684210526316	PPILGGLI:0.21052631578947367	ISQPPILG:0.34210526315789475	GQLLTELC:0.23684210526315788	SGNIGLYY:0.39473684210526316	IYNIQDFN:0.4473684210526316	FVFIGEGA:0.21052631578947367	NIGLYYDL:0.39473684210526316	KYSLNAAD:0.23684210526315788	QDFNPEQA:0.34210526315789475	QPPILGGL:0.2631578947368421	IVFVINYF:0.2894736842105263	LYYDLENI:0.34210526315789475	IQDFNPEQ:0.631578947368421	HIYNIQDF:0.21052631578947367	SLNAADVH:0.4473684210526316	IGLYYDLE:0.34210526315789475	NAADVHLV:0.42105263157894735	GNIGLYYD:0.39473684210526316	VFIGEGAV:0.21052631578947367	VINYFYPD:0.47368421052631576	YSGNIGLY:0.39473684210526316	MYSGNIGL:0.39473684210526316	YSLNAADV:0.4473684210526316	YYDLENII:0.34210526315789475	IMYSGNIG:0.2894736842105263	QLLTELCL:0.23684210526315788	VINNWTNE:0.23684210526315788	YNIQDFNP:0.6052631578947368	LNAADVHL:0.42105263157894735	KHIYNIQD:0.21052631578947367	VFVINYFY:0.2894736842105263	NIQDFNPE:0.6052631578947368	SQPPILGG:0.3684210526315789	PILGGLIG:0.21052631578947367	KPILGVLE:0.3157894736842105	PDVASTGQ:0.2631578947368421	GKPILGVL:0.3157894736842105	ASTGQLMT:0.21052631578947367	GVLEEGSE:0.21052631578947367	VMAAGKPI:0.21052631578947367	AAGKPILG:0.21052631578947367	AGKPILGV:0.21052631578947367	MAAGKPIL:0.21052631578947367	FNPEQAEA:0.21052631578947367	DFNPEQAE:0.23684210526315788	NAKGIKGV:0.23684210526315788	AKGIKGVS:0.2894736842105263	FDITVIAA:0.21052631578947367	ADHIITVG:0.21052631578947367	
