cluster number:953
GT4:29	GT4:29
QNFYPELG:0.6206896551724138	IYVTSPNI:0.3793103448275862	IRDLWPDS:0.6206896551724138	SQNFYPEL:0.3793103448275862	YTGNIGYA:0.4827586206896552	TGNIGYAQ:0.4827586206896552	EIRDLWPD:0.5172413793103449	LEIRDLWP:0.5172413793103449	LLISQNFY:0.4827586206896552	VIYTGNIG:0.4827586206896552	LISQNFYP:0.4827586206896552	RDLWPDSV:0.4827586206896552	ILLISQNF:0.4482758620689655	NFYPELGS:0.6206896551724138	YVTSPNIF:0.41379310344827586	ISQNFYPE:0.5862068965517241	IYTGNIGY:0.41379310344827586	FYPELGSA:0.5517241379310345	INVTAIVY:0.2413793103448276	LEVRDLWP:0.2413793103448276	KIVDAIGV:0.2413793103448276	NVTAIVYG:0.2413793103448276	GNIGYAQD:0.41379310344827586	VTAIVYGV:0.2413793103448276	NIGYAQDV:0.3793103448275862	IITQNFYP:0.20689655172413793	IGYAQDVD:0.2413793103448276	TAIVYGVK:0.27586206896551724	EVRDLWPD:0.2413793103448276	HHVALSIL:0.2413793103448276	LIITQNFY:0.20689655172413793	PELGSAAN:0.5172413793103449	GSAANRMK:0.6551724137931034	DLWPDSVN:0.2413793103448276	PGKIVDAI:0.2413793103448276	LPVTNIGG:0.20689655172413793	VRDLWPDS:0.2413793103448276	AIVYGVKA:0.27586206896551724	LTTQPSYP:0.27586206896551724	FLNVLPGK:0.20689655172413793	ELGSAANR:0.5172413793103449	GKIVDAIG:0.2413793103448276	ITQNFYPE:0.3448275862068966	TQNFYPEL:0.2413793103448276	LGSAANRM:0.5172413793103449	YPELGSAA:0.5172413793103449	ADKIVINN:0.2413793103448276	TLPVTNIG:0.20689655172413793	SAANRMKM:0.2413793103448276	TTQPSYPN:0.27586206896551724	QNFYPEIG:0.3103448275862069	SQNFYPEI:0.20689655172413793	NFYPEIGS:0.3103448275862069	FYPEIGSA:0.27586206896551724	VFMNVMPG:0.3103448275862069	AKYFLEIR:0.2413793103448276	FMNVMPGK:0.3103448275862069	AWATLFFK:0.3103448275862069	SAANRMKN:0.20689655172413793	SVIYTGNI:0.20689655172413793	HHVSLSIL:0.2413793103448276	KYFLEIRD:0.2413793103448276	YFLEIRDL:0.2413793103448276	RDLWPDSF:0.2413793103448276	KILLISQN:0.2413793103448276	MNVMPGKI:0.2413793103448276	FSVIYTGN:0.20689655172413793	DLWPDSFL:0.2413793103448276	FLEIRDLW:0.2413793103448276	VMPGKIVD:0.2413793103448276	NVMPGKIV:0.2413793103448276	AANRMKNI:0.20689655172413793	PNIFLAWA:0.2413793103448276	SPNIFLAW:0.2413793103448276	NIFLAWAT:0.2413793103448276	IFLAWATL:0.2413793103448276	FLAWATLF:0.2413793103448276	LAWATLFF:0.20689655172413793	
