cluster number:1513
GT4:13	GT4:13
VHHPLGLE:0.3076923076923077	FAIPGDID:0.46153846153846156	GRVVALVH:0.23076923076923078	DRRLLAEW:0.23076923076923078	GGAAAETV:0.46153846153846156	GMVLTEAL:0.23076923076923078	YEGYGMVL:0.23076923076923078	IAAGLAGR:0.23076923076923078	GDIDLPTG:0.3076923076923077	HHPLGLET:0.38461538461538464	HPLGLETG:0.38461538461538464	IPGDIDLP:0.23076923076923078	TGGAAAET:0.6153846153846154	LPILCTTG:0.23076923076923078	LAGRVVAL:0.23076923076923078	PILCTTGG:0.23076923076923078	DGLAYGAF:0.3076923076923077	IDLPTGGY:0.3076923076923077	DIDLPTGG:0.3076923076923077	VLTEALAR:0.23076923076923078	AGRVVALV:0.23076923076923078	LCTTGGAA:0.23076923076923078	LLIDGLAY:0.5384615384615384	VFAIPGDI:0.23076923076923078	MVLTEALA:0.23076923076923078	IDGLAYGA:0.6153846153846154	LVHHPLGL:0.3076923076923077	LIDGLAYG:0.6153846153846154	YGMVLTEA:0.23076923076923078	VLLIDGLA:0.3076923076923077	LAYGAFPE:0.23076923076923078	TTGGAAAE:0.38461538461538464	RVVALVHH:0.23076923076923078	ALVHHPLG:0.3076923076923077	AAGLAGRV:0.23076923076923078	VALVHHPL:0.46153846153846156	ILCTTGGA:0.23076923076923078	VVALVHHP:0.23076923076923078	GYGMVLTE:0.23076923076923078	RRLLAEWR:0.23076923076923078	CTTGGAAA:0.23076923076923078	GLAYGAFP:0.3076923076923077	EGYGMVLT:0.23076923076923078	PLGLETGL:0.3076923076923077	AAAETVPD:0.3076923076923077	YDRRLLAE:0.23076923076923078	PRKAYDVL:0.23076923076923078	AIPGDIDL:0.23076923076923078	GLAGRVVA:0.23076923076923078	PGDIDLPT:0.3076923076923077	AGLAGRVV:0.23076923076923078	GAAAETVP:0.46153846153846156	GYGYDRRL:0.3076923076923077	PTGGYGYD:0.38461538461538464	TGGYGYDR:0.38461538461538464	PGVDPAPR:0.23076923076923078	DVLLIDGL:0.23076923076923078	DLPTGGYG:0.23076923076923078	YGYDRRLL:0.3076923076923077	GVDPAPRA:0.23076923076923078	LPTGGYGY:0.23076923076923078	GGYGYDRR:0.38461538461538464	SLFEGYGM:0.23076923076923078	AALKVPPG:0.23076923076923078	ALKVPPGD:0.23076923076923078	GMALAEAM:0.23076923076923078	SRYEGYGM:0.23076923076923078	EGYGMALA:0.3076923076923077	YGMALAEA:0.23076923076923078	GYGMALAE:0.23076923076923078	MALAEAMA:0.23076923076923078	STGGAAAE:0.23076923076923078	AMARGLPI:0.23076923076923078	EAMARGLP:0.3076923076923077	VHHPLALE:0.3076923076923077	LVHHPLAL:0.3076923076923077	ALVHHPLA:0.3076923076923077	SERAALAL:0.23076923076923078	AEAMARGL:0.23076923076923078	ASERAALA:0.23076923076923078	VALPGTDP:0.23076923076923078	ERAALALA:0.23076923076923078	FEGYGMAL:0.23076923076923078	
