cluster number:980
GT4:57	GT4:57|GT2:1
GWANVLLE:0.5789473684210527	ANVLLESM:0.2982456140350877	REGWANVL:0.5789473684210527	LASSREGW:0.38596491228070173	SSREGWAN:0.49122807017543857	APVPWFPF:0.2982456140350877	EGWANVLL:0.5789473684210527	VLASSREG:0.3333333333333333	HYFYPDGV:0.2807017543859649	SREGWANV:0.49122807017543857	NVLLESMA:0.2982456140350877	YFYPDGVA:0.2807017543859649	ASSREGWA:0.3333333333333333	WANVLLES:0.2982456140350877	YPDGVAAA:0.38596491228070173	FDLIDAHY:0.2631578947368421	APVPWFPS:0.24561403508771928	WANVLLEA:0.2807017543859649	DAHYYYPD:0.21052631578947367	NVLLEAMA:0.3684210526315789	VVAPVPWF:0.47368421052631576	LLSVGHLI:0.21052631578947367	VLLEAMAC:0.40350877192982454	YYPDGVAA:0.24561403508771928	LEAMACGT:0.43859649122807015	FDFDLIDA:0.21052631578947367	GFDFDLID:0.21052631578947367	RVVAPVPW:0.3333333333333333	CGTPVVAT:0.22807017543859648	EAMACGTP:0.45614035087719296	IFVETRLR:0.3157894736842105	GIFVETRL:0.2982456140350877	YYYPDGVA:0.21052631578947367	HGIFVETR:0.2982456140350877	DFDLIDAH:0.2807017543859649	AMACGTPV:0.45614035087719296	MACGTPVV:0.5087719298245614	AHYYYPDG:0.21052631578947367	LLEAMACG:0.42105263157894735	VAPVPWFP:0.49122807017543857	ACGTPVVA:0.47368421052631576	HYYYPDGV:0.21052631578947367	ANVLLEAM:0.2807017543859649	ACGTPVIA:0.21052631578947367	LESMACGT:0.3333333333333333	ESMACGTP:0.3333333333333333	VLLESMAC:0.2982456140350877	LVLASSRE:0.2982456140350877	LLESMACG:0.3157894736842105	DALVLASS:0.21052631578947367	ALVLASSR:0.21052631578947367	DAHYFYPD:0.24561403508771928	AHYFYPDG:0.24561403508771928	IDAHYFYP:0.22807017543859648	CGTPVVAS:0.22807017543859648	FYPDGVAA:0.24561403508771928	SMACGTPV:0.2807017543859649	
