cluster number:1294
GT4:78	GT4:78
ALLHLINF:0.24358974358974358	MACGTPVI:0.23076923076923078	PPRHYGPW:0.6153846153846154	DKGAAEAI:0.20512820512820512	PDKGAAEA:0.20512820512820512	PIAWRTPP:0.41025641025641024	VDVTLFAT:0.4230769230769231	IAWRTPPR:0.32051282051282054	RGVDVTLF:0.34615384615384615	YGPWELVT:0.21794871794871795	GPWELVTS:0.21794871794871795	WRTPPRHY:0.5641025641025641	RTPPRHYG:0.5641025641025641	EAMACGTP:0.34615384615384615	TPPRHYGP:0.5641025641025641	AMACGTPV:0.34615384615384615	PRHYGPWE:0.6153846153846154	GVDVTLFA:0.4230769230769231	AWRTPPRH:0.4358974358974359	RGSMPELI:0.2692307692307692	ACGTPVIA:0.3333333333333333	HPDKGAAE:0.20512820512820512	VTLFATLD:0.20512820512820512	DEPFGLSV:0.34615384615384615	EPFGLSVV:0.47435897435897434	GRIHPDKG:0.5256410256410257	FDEPFGLS:0.3717948717948718	PVAWRTPP:0.24358974358974358	VSISDADR:0.24358974358974358	HYGPWEQV:0.21794871794871795	FGRIHPDK:0.44871794871794873	PFGLSVVE:0.47435897435897434	RIHPDKGT:0.3333333333333333	TLFATLDS:0.20512820512820512	RHYGPWEQ:0.24358974358974358	PMVTTIHG:0.32051282051282054	TTIHGFSS:0.7051282051282052	TPMVTTIH:0.2692307692307692	MVTTIHGF:0.3076923076923077	VTTIHGFS:0.46153846153846156	CGTPVIAF:0.23076923076923078	TIHGFSSP:0.32051282051282054	GLSVVEAM:0.21794871794871795	VVEAMACG:0.20512820512820512	FGLSVVEA:0.32051282051282054	LSVVEAMA:0.21794871794871795	VEAMACGT:0.21794871794871795	KVWECLHI:0.20512820512820512	LLFFGRIH:0.2564102564102564	LHLINFDE:0.23076923076923078	INFDEPFG:0.24358974358974358	LFFGRIHP:0.24358974358974358	HLINFDEP:0.23076923076923078	NFDEPFGL:0.23076923076923078	LINFDEPF:0.23076923076923078	LLHLINFD:0.23076923076923078	
