cluster number:718
GT4:17	GT4:17
RTHEVNRR:0.23529411764705882	LHLGFEDP:0.4117647058823529	FDIPCLRE:0.4117647058823529	DIPCLREI:0.35294117647058826	GGGSVRTH:0.35294117647058826	GAGGGSVR:0.35294117647058826	IPCLREIV:0.29411764705882354	GGSVRTHE:0.35294117647058826	ALATGTPV:0.23529411764705882	TIGVVQWL:0.23529411764705882	AFDIPCLR:0.47058823529411764	AGGGSVRT:0.35294117647058826	HLGFEDPA:0.35294117647058826	RLEIAQKG:0.29411764705882354	PTIGVVQW:0.23529411764705882	PGAGGGSV:0.35294117647058826	GVVQWLNA:0.23529411764705882	GRLEIAQK:0.29411764705882354	PCLREIVP:0.29411764705882354	AGTGPDEA:0.23529411764705882	IAGTGPDE:0.23529411764705882	ESLAAGTP:0.23529411764705882	LAAGTPVI:0.29411764705882354	SLAAGTPV:0.23529411764705882	ILHLGFED:0.23529411764705882	VRYVPIGL:0.23529411764705882	DGVRYVPI:0.29411764705882354	PSRFETFG:0.23529411764705882	DVVLVAVL:0.23529411764705882	GVRYVPIG:0.29411764705882354	VLHLGFED:0.23529411764705882	RVLHLGFE:0.23529411764705882	PVIAFDIP:0.23529411764705882	GTPVIAFD:0.23529411764705882	VIAFDIPC:0.23529411764705882	TPVIAFDI:0.23529411764705882	IAFDIPCL:0.23529411764705882	VIGNGVDP:0.23529411764705882	EDFFAPFS:0.23529411764705882	VVEDFFAP:0.35294117647058826	HEINRRLA:0.29411764705882354	FAAGYNWD:0.23529411764705882	DKARQYKL:0.23529411764705882	VLTTRYPG:0.23529411764705882	VVQWLHAR:0.23529411764705882	RTHEINRR:0.29411764705882354	LVVEDFFA:0.29411764705882354	TVLTTRYP:0.23529411764705882	KARQYKLP:0.23529411764705882	AGYNWDAL:0.23529411764705882	THEINRRL:0.29411764705882354	MPGAGGGS:0.29411764705882354	LTTRYPGW:0.23529411764705882	DLVVEDFF:0.29411764705882354	VEDFFAPF:0.23529411764705882	EINRRLAA:0.23529411764705882	AAGYNWDA:0.23529411764705882	VDVIGNGV:0.23529411764705882	GVVQWLHA:0.23529411764705882	HVDVIGNG:0.23529411764705882	GYNWDALA:0.23529411764705882	
