cluster number:979
GT4:7	GT4:7
RGKRPFYP:0.2857142857142857	LDKILVLL:0.2857142857142857	VCEALAHG:0.2857142857142857	PAAITPCA:0.2857142857142857	LAVCEALA:0.2857142857142857	FLPAAITP:0.2857142857142857	HNEPSQDY:0.42857142857142855	FPLAVCEA:0.42857142857142855	EKLVLGVG:0.42857142857142855	HPAEYEGF:0.2857142857142857	DYENPKRW:0.2857142857142857	SGLNSLVK:0.2857142857142857	LNSLVKHD:0.2857142857142857	EHKDKERW:0.2857142857142857	YEGFPLAV:0.42857142857142855	LIPFLPAA:0.2857142857142857	GVRHKNLF:0.2857142857142857	RFSAASPE:0.2857142857142857	PIEHKDKE:0.2857142857142857	EALAHGLP:0.7142857142857143	PDWRVEIY:0.42857142857142855	AKGTGVKV:0.2857142857142857	AFVIQKIA:0.42857142857142855	LPAAITPC:0.2857142857142857	PSQDYENP:0.2857142857142857	GKRPFYPL:0.2857142857142857	SGGAERVL:0.5714285714285714	CEALAHGL:0.2857142857142857	STHNEPSQ:0.42857142857142855	SRFSAASP:0.2857142857142857	QDYENPKR:0.2857142857142857	RPIEHKDK:0.2857142857142857	AAKGTGVK:0.2857142857142857	THNEPSQD:0.42857142857142855	CSGLNSLV:0.2857142857142857	QDRLSRFS:0.2857142857142857	SQDYENPK:0.2857142857142857	LPVVGFSD:0.2857142857142857	DKILVLLP:0.2857142857142857	DWRVEIYG:0.42857142857142855	AEYEGFPL:0.2857142857142857	NEPSQDYE:0.2857142857142857	GFPLAVCE:0.42857142857142855	NPIDVRLR:0.42857142857142855	DQDRLSRF:0.2857142857142857	REKLVLGV:0.42857142857142855	AVCEALAH:0.2857142857142857	GLPVVGFS:0.2857142857142857	IAFVIQKI:0.42857142857142855	KIDDMPNP:0.2857142857142857	KRPFYPLR:0.2857142857142857	EYEGFPLA:0.42857142857142855	ASTHNEPS:0.42857142857142855	RSGGAERV:0.5714285714285714	VVGFSDCS:0.2857142857142857	PAEYEGFP:0.2857142857142857	ALAHGLPV:0.7142857142857143	IPFLPAAI:0.2857142857142857	EPSQDYEN:0.2857142857142857	DRLSRFSA:0.2857142857142857	KIAFVIQK:0.42857142857142855	VLGVGRLA:0.42857142857142855	LAHGLPVV:0.7142857142857143	EGFPLAVC:0.42857142857142855	IDDMPNPV:0.2857142857142857	KLVLGVGR:0.42857142857142855	MKIAFVIQ:0.42857142857142855	PLAVCEAL:0.42857142857142855	VGFSDCSG:0.2857142857142857	LVLGVGRL:0.42857142857142855	DCSGLNSL:0.2857142857142857	GLNSLVKH:0.2857142857142857	AHGLPVVG:0.42857142857142855	IEHKDKER:0.2857142857142857	LSRFSAAS:0.2857142857142857	YENPKRWD:0.2857142857142857	RLSRFSAA:0.2857142857142857	HGLPVVGF:0.5714285714285714	PFLPAAIT:0.2857142857142857	PVVGFSDC:0.2857142857142857	VASTHNEP:0.2857142857142857	AQREKLVL:0.2857142857142857	WRVEIYGD:0.2857142857142857	LPVVGFED:0.2857142857142857	VVGFEDCS:0.2857142857142857	VGFEDCSG:0.2857142857142857	VEILSHEN:0.2857142857142857	RVEIYGDG:0.2857142857142857	LSHENRGK:0.2857142857142857	VEIYGDGP:0.2857142857142857	QREKLVLG:0.2857142857142857	RVLIETAN:0.42857142857142855	ENRGKPPF:0.2857142857142857	PIDVRLRR:0.2857142857142857	DVVFLKGV:0.2857142857142857	FPDWRVEI:0.2857142857142857	VLIETANE:0.2857142857142857	VVASTHNE:0.2857142857142857	NRGKPPFY:0.2857142857142857	PVVGFEDC:0.2857142857142857	HENRGKPP:0.2857142857142857	SHENRGKP:0.2857142857142857	GAERVLIE:0.42857142857142855	ERVLIETA:0.42857142857142855	GGAERVLI:0.42857142857142855	IDVRLRRE:0.2857142857142857	ILSHENRG:0.2857142857142857	EILSHENR:0.2857142857142857	AERVLIET:0.42857142857142855	GLPVVGFE:0.2857142857142857	VGRLAGVK:0.2857142857142857	GRLAGVKR:0.2857142857142857	RLAGVKRF:0.2857142857142857	LEALAHGL:0.2857142857142857	
