cluster number:593
GT4:18	GT4:18
VSPNKLFD:0.3888888888888889	EVRDIWPL:0.5555555555555556	VRDIWPLT:0.3888888888888889	VFEVRDIW:0.3888888888888889	RFGVSPNK:0.4444444444444444	FRFGVSPN:0.4444444444444444	WIINQYAS:0.2777777777777778	LVFEVRDI:0.3888888888888889	PNKLFDYL:0.4444444444444444	ARLVFEVR:0.3333333333333333	SPNKLFDY:0.5	LFRFGVSP:0.4444444444444444	GVSPNKLF:0.3888888888888889	RLVFEVRD:0.3333333333333333	FEVRDIWP:0.6666666666666666	FGVSPNKL:0.3888888888888889	GISPNKLF:0.2222222222222222	WVEDKAYR:0.2222222222222222	VVSNLKNS:0.2777777777777778	QWVEDKAY:0.2222222222222222	INQYASTP:0.2777777777777778	VSNLKNSV:0.2777777777777778	IINQYAST:0.2222222222222222	RDIWPLTL:0.3888888888888889	VEDKAYRD:0.2222222222222222	DIWPLTLT:0.2222222222222222	SPKHPFIR:0.2222222222222222	DYLYSGKP:0.2222222222222222	SLDEVNQK:0.2222222222222222	GFSLDEVN:0.2222222222222222	EAHSKQRA:0.2222222222222222	FLGAQRLA:0.2222222222222222	MGENGRKA:0.2222222222222222	LGAQRLAK:0.2222222222222222	NKLFDYLY:0.2777777777777778	FIIGYTGT:0.2222222222222222	KARLVFEV:0.2222222222222222	LTKDPLFR:0.2222222222222222	NGFSLDEV:0.2222222222222222	KLFDYLYS:0.2222222222222222	GENGRKAA:0.2222222222222222	YLYSGKPI:0.2222222222222222	GAQRLAKK:0.2222222222222222	FDYLYSGK:0.2222222222222222	FSLDEVNQ:0.2222222222222222	KDPLFRFG:0.2777777777777778	GLTKDPLF:0.2222222222222222	PLFRFGVS:0.3333333333333333	DPLFRFGV:0.3333333333333333	TKDPLFRF:0.2222222222222222	KFIIGYTG:0.2222222222222222	LFDYLYSG:0.2222222222222222	IGLTKDPL:0.2222222222222222	ASASHHLL:0.2222222222222222	
