cluster number:1211
GT4:22	GT4:22
SNFKIGSH:0.2727272727272727	KLWEYAAS:0.3181818181818182	FKIGSHHY:0.6818181818181818	WEYAASGL:0.3181818181818182	PMKLWEYA:0.3181818181818182	SPMKLWEY:0.8636363636363636	IGSHHYAN:0.6818181818181818	KIGSHHYA:0.6818181818181818	GRSPMKLW:0.8636363636363636	MKLWEYAA:0.3181818181818182	IYRPTDNY:0.3181818181818182	NKGRSPMK:0.5909090909090909	RSPMKLWE:0.8636363636363636	NGYDAEFF:0.2727272727272727	LWEYAASG:0.3181818181818182	NFKIGSHH:0.2727272727272727	KKILILSH:0.22727272727272727	KILILSHT:0.4090909090909091	KGRSPMKL:0.5909090909090909	LIYRPTDD:0.22727272727272727	KLIYRPTD:0.2727272727272727	IYRPTDDY:0.2727272727272727	SNKGRSPM:0.3181818181818182	DYPYFYPL:0.22727272727272727	PMKLWEYI:0.2727272727272727	CDYPYFYP:0.22727272727272727	ICDYPYFY:0.22727272727272727	ILILSHTR:0.2727272727272727	YKVGLLLL:0.2727272727272727	VICDYPYF:0.22727272727272727	SHHYANGL:0.22727272727272727	GSHHYANG:0.2727272727272727	
