cluster number:1851
GT4:42	GT4:42
QNAVDLGM:0.30952380952380953	CDVGLIFL:0.40476190476190477	AKSYLLLK:0.21428571428571427	DKRFTIPN:0.2619047619047619	DIFPQNAV:0.9285714285714286	FPQNAVDL:0.7619047619047619	YSTPPITF:0.42857142857142855	LILYSTPP:0.21428571428571427	FLDKRFTI:0.2619047619047619	DLILYSTP:0.21428571428571427	LKDIFPQN:0.8571428571428571	PSRLLSYL:0.2619047619047619	ILYSTPPI:0.23809523809523808	FIYGGNLG:0.2619047619047619	SYLLLKDI:0.40476190476190477	YLLLKDIF:0.6428571428571429	IFPQNAVD:0.9285714285714286	LDKRFTIP:0.2619047619047619	SRLLSYLE:0.2619047619047619	FDLILYST:0.21428571428571427	LLLKDIFP:0.6904761904761905	KSYLLLKD:0.30952380952380953	DVGLIFLD:0.4523809523809524	IGCMSPAN:0.23809523809523808	IVGSGTEY:0.2857142857142857	LYSTPPIT:0.42857142857142855	KDIFPQNA:0.8571428571428571	LLKDIFPQ:0.6904761904761905	PQNAVDLG:0.5952380952380952	RFTIPNFP:0.4523809523809524	TIPNFPSR:0.47619047619047616	FTIPNFPS:0.5238095238095238	GGNLGKPQ:0.47619047619047616	YGGNLGKP:0.4523809523809524	SDYIGCMS:0.21428571428571427	GNLGKPQG:0.4523809523809524	TYLLLKDI:0.21428571428571427	FPSRLLSY:0.2619047619047619	IGCMSQAN:0.23809523809523808	NFPSRLLS:0.2619047619047619	IPNFPSRL:0.35714285714285715	VYGGNLGK:0.21428571428571427	PNFPSRLL:0.2857142857142857	NLGKPQGI:0.2619047619047619	
