cluster number:1243
GT4:12	GT4:12
GGGEKWTF:0.25	IGNVGRLS:0.25	RRGSAIPI:0.6666666666666666	RGSAIPIK:0.6666666666666666	LIGNVGRL:0.25	YRRGSAIP:0.75	GFVIAEAM:0.25	SQDLKFGG:0.3333333333333333	IYRRGSAI:0.6666666666666666	FGFVIAEA:0.25	IFTGFRSD:0.25	CVTDIIAN:0.25	FVIAEAMA:0.25	EGFGFVIA:0.25	IIFTGFRS:0.25	IIYRRGSA:0.5	VTDIIANS:0.25	WGGGEKWT:0.3333333333333333	YIIFTGFR:0.25	KIEIIYNG:0.25	IEIIYNGI:0.25	GFGFVIAE:0.25	WEGFGFVI:0.25	QDLKFGGI:0.25	GSAIPIKN:0.4166666666666667	RIIYRRGS:0.3333333333333333	WGGGEKWH:0.5	SSLWEGFG:0.25	LWEGFGYV:0.25	LSSLWEGF:0.25	GGGEKWHF:0.3333333333333333	GGEKWHFE:0.25	SLWEGFGY:0.25	WEGFGYVL:0.25	EGFGYVLA:0.25	GFGYVLAE:0.25	FGYVLAEA:0.25	
