cluster number:1868
GT4:18	GT4:18
LWTHLRLG:0.2222222222222222	GDAALLVD:0.4444444444444444	TVQPRKNL:0.2777777777777778	EIAGDAAL:0.2222222222222222	IAGDAALL:0.2222222222222222	GKRGWLSE:0.2222222222222222	FVFPSLYE:0.4444444444444444	AGDAALLV:0.5	MACGTPVI:0.2222222222222222	AGKRGWLS:0.2222222222222222	LVIAGKRG:0.2222222222222222	GTVQPRKN:0.2777777777777778	RLWTHLRL:0.2222222222222222	FPSLYEGF:0.5555555555555556	WTHLRLGP:0.2222222222222222	SLYEGFGM:0.7222222222222222	VIAGKRGW:0.2222222222222222	VLFVPAHV:0.2222222222222222	CGTPVITS:0.2222222222222222	PRLWTHLR:0.2222222222222222	LAFVFPSL:0.2222222222222222	PSLYEGFG:0.7222222222222222	EAMACGTP:0.2777777777777778	THLRLGPT:0.2222222222222222	AMACGTPV:0.2777777777777778	LYEGFGMP:0.6666666666666666	DAALLVDP:0.4444444444444444	VFPSLYEG:0.4444444444444444	ACGTPVIT:0.2222222222222222	AFVFPSLY:0.2777777777777778	YEGFGMPV:0.7777777777777778	IAGKRGWL:0.2222222222222222	RTGTERYS:0.2222222222222222	PVLEAMAC:0.3888888888888889	VAGDAALL:0.2222222222222222	EVAGDAAL:0.3333333333333333	MPVLEAMA:0.5	VLEAMACG:0.3888888888888889	SSLPEVAG:0.3888888888888889	EGFGMPVL:0.6666666666666666	GMPVLEAM:0.5	FGMPVLEA:0.6111111111111112	SLPEVAGD:0.3333333333333333	GFGMPVLE:0.6111111111111112	PEVAGDAA:0.3888888888888889	LPEVAGDA:0.3888888888888889	LEAMACGA:0.2222222222222222	EAMACGAP:0.2222222222222222	
