cluster number:1917
GT4:38	GT4:38
TSGAKELI:0.42105263157894735	SGAKELIK:0.3684210526315789	GAKELIKD:0.3684210526315789	LISEDFSA:0.21052631578947367	IISFMDQT:0.3684210526315789	LRNGGAER:0.2631578947368421	MDQTNINL:0.3157894736842105	NINLIIST:0.3157894736842105	STPTSGAK:0.21052631578947367	ALRNGGAE:0.2631578947368421	DQTNINLI:0.3157894736842105	EYYKFVKN:0.42105263157894735	YYKFVKNR:0.2631578947368421	SFMDQTNI:0.3684210526315789	VSTPTSGA:0.21052631578947367	RNGGAERV:0.3157894736842105	ILSVGRLE:0.39473684210526316	DFEYYKFV:0.34210526315789475	FEYYKFVK:0.34210526315789475	DLIISFMD:0.21052631578947367	QTNINLII:0.3157894736842105	EDFEYYKF:0.21052631578947367	TPTSGAKE:0.34210526315789475	GLISEDFS:0.21052631578947367	YKFVKNRA:0.21052631578947367	FMDQTNIN:0.39473684210526316	DGLISEDF:0.21052631578947367	FDGLISED:0.21052631578947367	SALRNGGA:0.2631578947368421	PTSGAKEL:0.34210526315789475	TNINLIIS:0.3157894736842105	ISFMDQTN:0.3684210526315789	RVSTPTSG:0.21052631578947367	ISALRNGG:0.2631578947368421	AKELIKDG:0.23684210526315788	SSRSEGLG:0.21052631578947367	ELIKDGFD:0.23684210526315788	VISFMDST:0.21052631578947367	SFMDSTNL:0.34210526315789475	FMDSTNLL:0.34210526315789475	GGAERVAS:0.21052631578947367	MDSTNLLV:0.21052631578947367	LSSRSEGL:0.21052631578947367	ISFMDSTN:0.2894736842105263	KELIKDGF:0.23684210526315788	LIKDGFDG:0.23684210526315788	SRSEGLGN:0.21052631578947367	VLRVATPT:0.21052631578947367	EAIFYDVL:0.21052631578947367	YDVLRVAT:0.21052631578947367	DVLRVATP:0.21052631578947367	AIFYDVLR:0.21052631578947367	FYDVLRVA:0.21052631578947367	IFYDVLRV:0.21052631578947367	
