cluster number:1995
GT4:26	GT4:26
RWGGFLDT:0.3076923076923077	RGGAEKVV:0.2692307692307692	GGAEKVVL:0.2692307692307692	AHDYLTQR:0.7692307692307693	EDFGLTPI:0.34615384615384615	GWAHGFRT:0.23076923076923078	LRWGGFLD:0.3076923076923077	FGLTPIEA:0.3076923076923077	YEDFGLTP:0.34615384615384615	DFGLTPIE:0.34615384615384615	AFPDAPIY:0.38461538461538464	SYEDFGLT:0.34615384615384615	TQRGGAEK:0.2692307692307692	YLTQRGGA:0.7692307692307693	IAHDYLTQ:0.8461538461538461	FPDAPIYT:0.38461538461538464	AIAHDYLT:0.8846153846153846	LTQRGGAE:0.7692307692307693	AASYEDFG:0.3076923076923077	LIAASYED:0.23076923076923078	DYLTQRGG:0.7692307692307693	SGWAHGFR:0.3076923076923077	VLRWGGFL:0.2692307692307692	SSGWAHGF:0.38461538461538464	QRGGAEKV:0.2692307692307692	ASYEDFGL:0.3076923076923077	SSSGWAHG:0.4230769230769231	HDYLTQRG:0.7692307692307693	YCYSPARW:0.23076923076923078	LLPYKNVD:0.38461538461538464	SRLLPYKN:0.5	PARWLYLS:0.23076923076923078	CYSPARWL:0.23076923076923078	ARWLYLSD:0.23076923076923078	YSPARWLY:0.23076923076923078	RLLPYKNV:0.5	VAIAHDYL:0.46153846153846156	SPARWLYL:0.34615384615384615	VSRLLPYK:0.38461538461538464	ITPLEAGA:0.23076923076923078	GAERVVLA:0.34615384615384615	GGAERVVL:0.5	GITPLEAG:0.23076923076923078	HSPARWLY:0.3076923076923077	VYCHSPAR:0.3076923076923077	QRGGAERV:0.5384615384615384	CHSPARWL:0.3076923076923077	AERVVLAM:0.23076923076923078	DFGITPLE:0.3076923076923077	YCHSPARW:0.2692307692307692	TQRGGAER:0.5384615384615384	FGITPLEA:0.3076923076923077	EDFGITPL:0.3076923076923077	RGGAERVV:0.5769230769230769	IAIAHDYL:0.2692307692307692	TFPEFKDA:0.23076923076923078	TTLYDPEG:0.23076923076923078	TLYDPEGT:0.23076923076923078	DPEGTFPE:0.2692307692307692	YDPEGTFP:0.2692307692307692	RAFPDAPI:0.2692307692307692	LYDPEGTF:0.23076923076923078	PEGTFPEF:0.34615384615384615	RVAIAHDY:0.34615384615384615	PRVAIAHD:0.2692307692307692	
