cluster number:1500
GT4:21	GT4:21
REGLARVL:0.38095238095238093	HPSLREGL:0.23809523809523808	LARVLPQG:0.23809523809523808	VHTHSSKA:0.38095238095238093	GAQENTLL:0.23809523809523808	PSLREGLA:0.23809523809523808	LREGLARV:0.38095238095238093	GGAQENTL:0.5714285714285714	AVVHTIHG:0.2857142857142857	THSSKAGI:0.42857142857142855	ARVLPQGL:0.23809523809523808	GLARVLPQ:0.5714285714285714	SLREGLAR:0.5238095238095238	VVHTIHGL:0.3333333333333333	VVHTHSSK:0.2857142857142857	HTHSSKAG:0.42857142857142855	PAVVHTIH:0.2857142857142857	EGLARVLP:0.5714285714285714	IGGAQENT:0.23809523809523808	PDVVHTHS:0.38095238095238093	RPDVVHTH:0.23809523809523808	DVVHTHSS:0.23809523809523808	IVHVITRL:0.23809523809523808	ERWAARRC:0.23809523809523808	IVGGAQEN:0.38095238095238093	VGGAQENT:0.38095238095238093	LIVGGAQE:0.2857142857142857	TRLIVGGA:0.3333333333333333	ITRLIVGG:0.3333333333333333	VITRLIVG:0.23809523809523808	HVITRLIV:0.23809523809523808	RLIVGGAQ:0.3333333333333333	ARLFHLKG:0.23809523809523808	IARLFHLK:0.23809523809523808	RLFHLKGH:0.23809523809523808	ISVADAMT:0.23809523809523808	SKAGILGR:0.23809523809523808	HSSKAGIL:0.23809523809523808	SSKAGILG:0.23809523809523808	PDIVHTHS:0.23809523809523808	THSAKAGI:0.2857142857142857	VHTHSAKA:0.23809523809523808	HTHSAKAG:0.2857142857142857	SAKAGILG:0.2857142857142857	HSAKAGIL:0.2857142857142857	AKAGILGR:0.2857142857142857	
