cluster number:541
GT4:11	GT4:11|GT2:2
ATAWSGNM:0.2727272727272727	CCDAYVSL:0.36363636363636365	GFGLGLAE:0.36363636363636365	LHRAEGFG:0.9090909090909091	LQRCCDAY:0.36363636363636365	CMAMGKPV:0.36363636363636365	FGLGLAEC:0.36363636363636365	ECMAMGKP:0.36363636363636365	KPVIATAW:0.5454545454545454	MAMGKPVI:0.45454545454545453	SGLQRADF:0.36363636363636365	CDAYVSLH:0.6363636363636364	ALQRCCDA:0.36363636363636365	AEGFGLGL:0.36363636363636365	VSLHRAEG:0.9090909090909091	AMGKPVIA:0.45454545454545453	GLAECMAM:0.36363636363636365	VIATAWSG:0.45454545454545453	GLQRADFG:0.36363636363636365	CWFWELER:0.36363636363636365	QRCCDAYV:0.36363636363636365	GKPVIATA:0.5454545454545454	LGLAECMA:0.36363636363636365	LLVKSSNG:0.36363636363636365	LQRADFGL:0.2727272727272727	VKSSNGHR:0.36363636363636365	AECMAMGK:0.36363636363636365	LIACWFWE:0.36363636363636365	YVSLHRAE:0.9090909090909091	IATAWSGN:0.45454545454545453	EGFGLGLA:0.36363636363636365	PGVNILGY:0.36363636363636365	RAEGFGLG:0.5454545454545454	DAYVSLHR:0.8181818181818182	SLHRAEGF:0.9090909090909091	PVIATAWS:0.45454545454545453	LVKSSNGH:0.36363636363636365	DSGLQRAD:0.36363636363636365	IACWFWEL:0.36363636363636365	RCCDAYVS:0.36363636363636365	ACWFWELE:0.36363636363636365	MGKPVIAT:0.45454545454545453	LAECMAMG:0.36363636363636365	GLGLAECM:0.36363636363636365	AYVSLHRA:0.8181818181818182	HRAEGFGL:0.7272727272727273	VRLLVKSS:0.2727272727272727	DVRLLVKS:0.2727272727272727	RLLVKSSN:0.2727272727272727	ENVGLVIK:0.2727272727272727	GLVIKSTG:0.2727272727272727	NVGLVIKS:0.2727272727272727	VGLVIKST:0.2727272727272727	
