cluster number:1207
GT4:6	GT4:6
RIGRLGGY:0.5	SLKYYRGF:0.3333333333333333	RVRFLGWR:0.8333333333333334	GGYYSLKY:0.3333333333333333	APLLLGMG:0.5	AWMNRAAR:0.5	LGGYYSLK:0.3333333333333333	GEGGAETY:0.3333333333333333	LYRTADVC:0.3333333333333333	KYYRGFDH:0.3333333333333333	DVCVFPSR:0.5	GNVVIQAW:0.5	AYLWIAGD:0.3333333333333333	LGNVVIQA:0.5	WMNRAARH:0.5	LLGMGRLH:0.5	RFEPLGNV:0.3333333333333333	DAYLWIAG:0.3333333333333333	VIQAWAHG:0.5	PSRFEPLG:0.3333333333333333	GRLGGYYS:0.3333333333333333	YLWIAGDG:0.3333333333333333	TADVCVFP:0.3333333333333333	YRGFDHLV:0.3333333333333333	AWAHGLPV:0.5	NVVIQAWA:0.5	AHGLPVVA:0.5	VRFLGWRN:0.3333333333333333	FEPLGNVV:0.3333333333333333	DRVRFLGW:0.6666666666666666	CVFPSRFE:0.3333333333333333	GGAETYFV:0.6666666666666666	WAHGLPVV:0.5	RFLGWRND:0.3333333333333333	LWIAGDGP:0.3333333333333333	EGGAETYF:0.3333333333333333	MSVLHLLG:0.5	LKYYRGFD:0.5	ALYRTADV:0.3333333333333333	LLLGMGRL:0.5	EPLGNVVI:0.6666666666666666	VCVFPSRF:0.3333333333333333	RTADVCVF:0.3333333333333333	PDAYLWIA:0.3333333333333333	IGRLGGYY:0.5	SRFEPLGN:0.3333333333333333	PLGNVVIQ:0.6666666666666666	VVIQAWAH:0.5	VFPSRFEP:0.3333333333333333	YYSLKYYR:0.3333333333333333	ADVCVFPS:0.5	GAETYFVD:0.5	RLGGYYSL:0.3333333333333333	YRTADVCV:0.3333333333333333	GYYSLKYY:0.3333333333333333	AETYFVDL:0.5	QAWAHGLP:0.5	YSLKYYRG:0.3333333333333333	IQAWAHGL:0.5	YYRGFDHL:0.3333333333333333	HGLPVVAA:0.5	PLLLGMGR:0.5	FPSRFEPL:0.3333333333333333	ETYFVDLV:0.5	TPADAPLL:0.5	RYEPLGNV:0.3333333333333333	LLLAMGRL:0.3333333333333333	TEDIADWI:0.3333333333333333	IVAQGWPA:0.3333333333333333	YEPLGNVV:0.3333333333333333	VANTEDIA:0.3333333333333333	DWIVAQGW:0.3333333333333333	ALIRDGED:0.3333333333333333	VLHLLGTA:0.3333333333333333	NRAARHTP:0.3333333333333333	CVFPSRYE:0.3333333333333333	ADWIVAQG:0.3333333333333333	NTEDIADW:0.3333333333333333	ALAWMNRA:0.3333333333333333	SRYEPLGN:0.3333333333333333	LVANTEDI:0.3333333333333333	LIRDGEDG:0.3333333333333333	LLAMGRLH:0.3333333333333333	LHLLGTAG:0.3333333333333333	DIADWIVA:0.3333333333333333	FPSRYEPL:0.3333333333333333	PADAPLLL:0.5	WIVAQGWP:0.3333333333333333	VAQGWPAG:0.3333333333333333	LDTPADAP:0.3333333333333333	EDIADWIV:0.3333333333333333	SVLHLLGT:0.3333333333333333	LWIAGAGP:0.5	ANTEDIAD:0.3333333333333333	MNRAARHT:0.3333333333333333	VFPSRYEP:0.3333333333333333	LAWMNRAA:0.3333333333333333	PSRYEPLG:0.3333333333333333	IADWIVAQ:0.3333333333333333	SKAHDVSL:0.3333333333333333	IAGAGPLE:0.3333333333333333	FSEAAVVA:0.3333333333333333	DAPLLLGM:0.3333333333333333	ADAPLLLG:0.3333333333333333	WIAGAGPL:0.3333333333333333	GPLEADLK:0.3333333333333333	GDRVRFLG:0.3333333333333333	
