cluster number:2260
GT4:6	GT4:6
EGLPLVIL:0.3333333333333333	LHAAQLHH:0.5	LRPLDTRG:0.3333333333333333	AERLSLFR:0.5	VGNLSERK:0.3333333333333333	QRVLFVGN:0.3333333333333333	ERLSLFRK:0.5	VLFVGNLS:0.3333333333333333	NLSERKGV:0.5	LSERKGVS:0.5	ERKGVSDL:0.5	RLSLFRKS:0.3333333333333333	LHLHAAQL:0.5	RVEIVING:0.3333333333333333	VADYLIQA:0.3333333333333333	LVLPSYDE:0.5	IYIACPWT:0.3333333333333333	MAERLSLF:0.5	LPLVILEA:0.5	SYDEGLPL:0.5	VHVNMAER:0.5	VEIVINGV:0.3333333333333333	VILEALAN:0.3333333333333333	LVILEALA:0.3333333333333333	ADYLIQAQ:0.3333333333333333	GGMFKVAD:0.5	MFKVADYL:0.5	NMAERLSL:0.5	KVADYLIQ:0.5	SERKGVSD:0.5	ILEALANG:0.3333333333333333	FKVADYLI:0.3333333333333333	VLPSYDEG:0.5	GVHVNMAE:0.6666666666666666	ADVLVLPS:0.5	PSYDEGLP:0.5	FVGNLSER:0.3333333333333333	RKGVSDLL:0.3333333333333333	DVLVLPSY:0.5	LPSYDEGL:0.5	IVINGVPE:0.3333333333333333	RVLFVGNL:0.3333333333333333	AAQLHHFY:0.3333333333333333	VLVLPSYD:0.5	EIVINGVP:0.3333333333333333	VNMAERLS:0.5	PLVILEAL:0.5	NGRALYEQ:0.3333333333333333	GGGMFKVA:0.5	GNLSERKG:0.5	YDEGLPLV:0.3333333333333333	GMFKVADY:0.5	VINGVPEP:0.3333333333333333	LAGVHVNM:0.6666666666666666	LYEQQFSL:0.3333333333333333	AGVHVNMA:0.6666666666666666	GLPLVILE:0.3333333333333333	RNGRALYE:0.3333333333333333	DEGLPLVI:0.3333333333333333	YIACPWTP:0.3333333333333333	HAAQLHHF:0.3333333333333333	HLHAAQLH:0.5	HVNMAERL:0.5	VLHLHAAQ:0.3333333333333333	LFVGNLSE:0.3333333333333333	TPVGEIPH:0.3333333333333333	CTPVGEIP:0.3333333333333333	EALAHGVA:0.3333333333333333	SGQLAGVH:0.3333333333333333	QLAGVHVN:0.3333333333333333	FIYIACPW:0.3333333333333333	GQLAGVHV:0.3333333333333333	LAHGVAVV:0.3333333333333333	GVAVVCTP:0.3333333333333333	AVVCTPVG:0.3333333333333333	AHGVAVVC:0.3333333333333333	HGVAVVCT:0.3333333333333333	ALAHGVAV:0.3333333333333333	VAVVCTPV:0.3333333333333333	LIVEPGDV:0.3333333333333333	VEPGDVEG:0.3333333333333333	IVEPGDVE:0.3333333333333333	PGDVEGLA:0.3333333333333333	EPGDVEGL:0.3333333333333333	
