cluster number:1074
GT4:14	GT4:14
NQPRKRID:0.35714285714285715	DVIPHGID:0.21428571428571427	RIDLTIKA:0.21428571428571427	IGEGWGLV:0.2857142857142857	NGNRNQPR:0.21428571428571427	NACDVGVN:0.42857142857142855	RKRIDLTI:0.35714285714285715	GWGLVNFE:0.21428571428571427	GEGWGLVN:0.21428571428571427	NRNQPRKR:0.35714285714285715	RNQPRKRI:0.35714285714285715	GVNTCIGE:0.21428571428571427	NTCIGEGW:0.21428571428571427	FNGNRNQP:0.21428571428571427	LVNFEHAA:0.21428571428571427	IDLTIKAF:0.21428571428571427	PRKRIDLT:0.21428571428571427	FKWYGYFP:0.21428571428571427	DVGVNTCI:0.21428571428571427	CDVGVNTC:0.21428571428571427	VGVNTCIG:0.21428571428571427	VNTCIGEG:0.21428571428571427	KRIDLTIK:0.35714285714285715	WGLVNFEH:0.21428571428571427	YNACDVGV:0.42857142857142855	GLVNFEHA:0.21428571428571427	ACDVGVNT:0.42857142857142855	TCIGEGWG:0.21428571428571427	VFNGNRNQ:0.2857142857142857	GFKWYGYF:0.21428571428571427	GNRNQPRK:0.21428571428571427	VYNACDVG:0.21428571428571427	EGWGLVNF:0.21428571428571427	QPRKRIDL:0.21428571428571427	CIGEGWGL:0.21428571428571427	LHMGKKDQ:0.21428571428571427	NAADVGVN:0.21428571428571427	HMGKKDQG:0.21428571428571427	AADVGVNT:0.21428571428571427	GKKDQGWD:0.21428571428571427	MGKKDQGW:0.21428571428571427	KKDQGWDV:0.21428571428571427	YNAADVGV:0.21428571428571427	IYNACDVG:0.42857142857142855	LIYNACDV:0.2857142857142857	LFPDRPEL:0.21428571428571427	GLVAFEHA:0.21428571428571427	WGLVAFEH:0.21428571428571427	GWGLVAFE:0.21428571428571427	LNLIYNAC:0.2857142857142857	EGWGLVAF:0.21428571428571427	KLFPDRPE:0.21428571428571427	NLIYNACD:0.2857142857142857	LVAFEHAA:0.21428571428571427	VAFEHAAT:0.21428571428571427	ICHDYWLY:0.21428571428571427	AFEHAATG:0.21428571428571427	HAATGAAQ:0.2857142857142857	ANRNQPRK:0.35714285714285715	IVLNANRN:0.2857142857142857	DAFIVLNA:0.21428571428571427	FEHAATGA:0.42857142857142855	DLTVRGFA:0.21428571428571427	NANRNQPR:0.35714285714285715	LNANRNQP:0.35714285714285715	EHAATGAA:0.2857142857142857	AFIVLNAN:0.21428571428571427	VLNANRNQ:0.35714285714285715	FIVLNANR:0.2857142857142857	SFEHAATG:0.2857142857142857	VSFEHAAT:0.21428571428571427	EGWGLVSF:0.21428571428571427	GLVSFEHA:0.21428571428571427	GWGLVSFE:0.21428571428571427	LVSFEHAA:0.21428571428571427	WGLVSFEH:0.21428571428571427	
