cluster number:629
GT4:17	GT2:17|GT4:17
LFVEHRGG:0.35294117647058826	PVIGVLGN:0.29411764705882354	GYGEEVDW:0.8823529411764706	APTGVGFC:0.4117647058823529	TGVGFCMA:0.6470588235294118	PTGVGFCM:0.6470588235294118	GEEVDWCQ:0.29411764705882354	VASVTPMS:0.29411764705882354	PSVWPETF:0.23529411764705882	GVGFCMAL:0.47058823529411764	YGEEVDWC:0.8235294117647058	SVWPETFS:0.23529411764705882	ASVTPMSN:0.29411764705882354	HVVLLNTD:0.23529411764705882	QRYPEFDA:0.23529411764705882	EVVGLGLP:0.23529411764705882	AFGRGYGE:0.4117647058823529	EEVDWCRR:0.35294117647058826	VLLNTDVE:0.23529411764705882	RYPEFDAE:0.23529411764705882	EVQDFIRA:0.23529411764705882	GHVVLLNT:0.23529411764705882	TNAGTICG:0.23529411764705882	NPDGHVVL:0.23529411764705882	AEVQDFIR:0.23529411764705882	PDGHVVLL:0.23529411764705882	LNPDGHVV:0.23529411764705882	VGFCMALN:0.23529411764705882	DAEVQDFI:0.23529411764705882	VVLLNTDV:0.23529411764705882	VQDFIRAD:0.29411764705882354	PEFDAEVQ:0.23529411764705882	DEVVGLGL:0.23529411764705882	RLNPDGHV:0.23529411764705882	GFCMALNR:0.23529411764705882	CPSLNLID:0.23529411764705882	EVDWCRRA:0.29411764705882354	FGRGYGEE:0.7647058823529411	FIRADPLR:0.23529411764705882	VVGLGLPV:0.23529411764705882	FDLADRHV:0.23529411764705882	AGTICGFP:0.23529411764705882	DGHVVLLN:0.23529411764705882	IRQRYPEF:0.23529411764705882	RGYGEEVD:0.7058823529411765	FDAEVQDF:0.23529411764705882	LDEVVGLG:0.23529411764705882	IRADPLRP:0.23529411764705882	YPEFDAEV:0.23529411764705882	NAGTICGF:0.23529411764705882	RQRYPEFD:0.23529411764705882	GRGYGEEV:0.7058823529411765	GAPAERLR:0.23529411764705882	DFIRADPL:0.29411764705882354	QDFIRADP:0.29411764705882354	DDGNPDRS:0.23529411764705882	GEEVDWCR:0.5294117647058824	EFDAEVQD:0.23529411764705882	QNLGFIGT:0.23529411764705882	LLNSDALV:0.35294117647058826	GFIGTVNR:0.29411764705882354	IPSIWPET:0.23529411764705882	LIDDASPD:0.23529411764705882	LGFIGTVN:0.29411764705882354	WLIPSIWP:0.23529411764705882	GTVNRGLA:0.23529411764705882	NSDALVPP:0.23529411764705882	GVGFCMAM:0.35294117647058826	VVLLNSDA:0.4117647058823529	NLGFIGTV:0.29411764705882354	SVTPLSND:0.23529411764705882	VLLNSDAL:0.29411764705882354	LATGLPVF:0.23529411764705882	IDDASPDP:0.23529411764705882	IGTVNRGL:0.23529411764705882	SDALVPPG:0.23529411764705882	LNSDALVP:0.35294117647058826	GHVVLLNS:0.23529411764705882	TPLSNDAE:0.23529411764705882	HVVLLNSD:0.35294117647058826	VTPLSNDA:0.23529411764705882	FIGTVNRG:0.29411764705882354	PSIWPETF:0.29411764705882354	LIPSIWPE:0.23529411764705882	DALVPPGW:0.23529411764705882	DASPDPRV:0.23529411764705882	IGVLGNIG:0.23529411764705882	VTPMSNDA:0.29411764705882354	FDLGAQGD:0.23529411764705882	PMSNDAEI:0.35294117647058826	MSNDAEIF:0.35294117647058826	TPMSNDAE:0.35294117647058826	VIGVLGNI:0.23529411764705882	AFDLGAQG:0.23529411764705882	SVTPMSND:0.23529411764705882	ETFSFTTH:0.23529411764705882	PETFSFTT:0.23529411764705882	TFSFTTHE:0.23529411764705882	
