cluster number:1636
GT4:24	GT4:24
AMMREGDK:0.2916666666666667	MREGDKLA:0.2916666666666667	LTVAMMRE:0.25	WPAVNEAY:0.25	REGDKLAS:0.2916666666666667	TVAMMREG:0.25	GMALLEAQ:0.2916666666666667	GDGPAAAE:0.20833333333333334	SYRLLAEA:0.20833333333333334	YRLLAEAL:0.20833333333333334	PAVNEAYG:0.25	DLLVWPAV:0.25	GDKLASYR:0.6666666666666666	EGDKLASY:0.2916666666666667	LVWPAVNE:0.20833333333333334	LASYRLLA:0.5	LLEAQAHG:0.20833333333333334	DKLASYRL:0.5416666666666666	LLVWPAVN:0.20833333333333334	DGPAAAEV:0.20833333333333334	EAQAHGCP:0.20833333333333334	AADLLVWP:0.25	VWPAVNEA:0.3333333333333333	VAMMREGD:0.2916666666666667	RLLTVAMM:0.5	LLTVAMMR:0.5416666666666666	AVNEAYGM:0.25	LEAQAHGC:0.20833333333333334	AQAHGCPV:0.20833333333333334	MALLEAQA:0.2916666666666667	ADLLVWPA:0.20833333333333334	ASYRLLAE:0.3333333333333333	KLASYRLL:0.5416666666666666	MMREGDKL:0.2916666666666667	VYYKAPDW:0.25	KAPDWIGP:0.3333333333333333	YYKAPDWI:0.3333333333333333	PVAFYAPL:0.20833333333333334	FTYHVYYK:0.2916666666666667	VAFYAPLK:0.25	WFTYHVYY:0.2916666666666667	YHVYYKAP:0.5416666666666666	LWFTYHVY:0.2916666666666667	PRLLTVAM:0.20833333333333334	YKAPDWIG:0.3333333333333333	TYHVYYKA:0.2916666666666667	HVYYKAPD:0.5416666666666666	LGIPYVVA:0.2916666666666667	MRPGDKLA:0.375	GIPYVVAE:0.2916666666666667	YVVAEGSR:0.20833333333333334	PGDKLASY:0.375	MMRPGDKL:0.4583333333333333	ALGIPYVV:0.20833333333333334	RPGDKLAS:0.375	AMMRPGDK:0.4166666666666667	VAMMRPGD:0.375	WLSYHVYY:0.25	VAMLPPFL:0.20833333333333334	MVYLEAQA:0.25	LNEAFGMV:0.25	AYGPPGQR:0.20833333333333334	NEAFGMVY:0.25	GQRVAMLP:0.20833333333333334	LWLSYHVY:0.25	EATRARKR:0.20833333333333334	YKAPDLIG:0.2916666666666667	TRARKRLT:0.20833333333333334	AGTGTVIR:0.20833333333333334	QRVAMLPP:0.20833333333333334	YYKAPDLI:0.2916666666666667	RVAMLPPF:0.20833333333333334	PPGQRVAM:0.20833333333333334	VYYKAPDL:0.2916666666666667	RARKRLTG:0.20833333333333334	EAFGMVYL:0.25	PGQRVAML:0.20833333333333334	ARKRLTGP:0.20833333333333334	GLNEAFGM:0.25	WPGLNEAF:0.25	FGMVYLEA:0.25	AFGMVYLE:0.25	ATRARKRL:0.20833333333333334	VGDGPAAA:0.20833333333333334	TVAMMRPG:0.2916666666666667	LTVAMMRP:0.2916666666666667	KAPDLIGP:0.2916666666666667	SYHVYYKA:0.25	LSYHVYYK:0.25	GMVYLEAQ:0.25	YGPPGQRV:0.20833333333333334	PGLNEAFG:0.25	RKRLTGPW:0.20833333333333334	PVPSGDRQ:0.25	IAFYAPLK:0.3333333333333333	AFYAPLKP:0.2916666666666667	RIAFYAPL:0.2916666666666667	PDWIGPAV:0.20833333333333334	AALGIPYV:0.20833333333333334	MARLLLRA:0.25	ARLLLRAL:0.25	PDHPVPSG:0.25	DHPVPSGD:0.20833333333333334	HPVPSGDR:0.20833333333333334	PSGDRQMA:0.20833333333333334	SGDRQMAR:0.20833333333333334	YLEAQAHG:0.20833333333333334	VYLEAQAH:0.20833333333333334	GDRQMARL:0.20833333333333334	
