cluster number:2334
GT4:32	GT4:32
HVLFLNWR:0.46875	HREQWPVV:0.625	HVHREQWP:0.59375	LFLNWRDT:0.46875	VLVHHVHR:0.28125	EGWGLTIV:0.59375	LVHHVHRE:0.625	VLGRLVPH:0.5	VHREQWPV:0.59375	LVVAGQGW:0.5	PSLKEGWG:0.75	HPEGGGSE:0.21875	LVPHKRVE:0.65625	GWGLTIVE:0.59375	RLVPHKRV:0.65625	GHVLFLNW:0.21875	RRGGRHTV:0.4375	VLFLNWRD:0.46875	RGGRHTVY:0.4375	LGRLVPHK:0.59375	GRLVPHKR:0.46875	GGRHTVYL:0.40625	HHVHREQW:0.78125	ELVVAGQG:0.25	LKEGWGLT:0.53125	QWPVVFGP:0.3125	SLKEGWGL:0.71875	REQWPVVF:0.3125	GLTIVEAG:0.46875	VHHVHREQ:0.6875	VVAGQGWW:0.5	KEGWGLTI:0.625	EQWPVVFG:0.3125	WGLTIVEA:0.59375	VVVLVHHV:0.25	VVLVHHVH:0.25	WRDTRNPE:0.3125	VVLGRLVP:0.21875	RDTRNPEG:0.3125	LPSLKEGW:0.25	NPEGGGSE:0.4375	TRNPEGGG:0.3125	DTRNPEGG:0.3125	NWRDTRNP:0.28125	RNPEGGGS:0.28125	LRRGGRHT:0.21875	LTIVEAGA:0.21875	PEGGGSEV:0.46875	CRYVTVSE:0.28125	FLNWRDTR:0.25	RLVVAGQG:0.21875	GGSEVYVE:0.28125	ALTPSLKE:0.375	DVCNGLPF:0.21875	TPSLKEGW:0.375	VDVCNGLP:0.21875	GSEVYVER:0.28125	WVALTPSL:0.25	LRLVVAGQ:0.21875	LNWRDTRN:0.25	SEVYVERI:0.28125	LTPSLKEG:0.375	VALTPSLK:0.25	EGGGSEVY:0.40625	EVYVERIA:0.28125	GGGSEVYV:0.28125	RHVLFLNW:0.21875	RRCRYVTV:0.28125	RCRYVTVS:0.28125	VAGQGWWE:0.3125	RIAAELVA:0.21875	ALVHHVHR:0.21875	ERIAAELV:0.25	RYVTVSEA:0.21875	YRRCRYVT:0.28125	
