cluster number:2191
GT4:21	GT4:21
FVLASRYE:0.23809523809523808	SRYEGYGM:0.5714285714285714	LVFAYPGD:0.3333333333333333	EALAHGLP:0.38095238095238093	LAHGLPVI:0.23809523809523808	PTGGYGYD:0.2857142857142857	TGGYGYDR:0.5714285714285714	LASRYEGY:0.5714285714285714	ASRYEGYG:0.5714285714285714	ALAHGLPV:0.2857142857142857	TPTGGYGY:0.23809523809523808	IALVHHPL:0.23809523809523808	GGYGYDRR:0.6190476190476191	VLASRYEG:0.23809523809523808	VFAYPGDL:0.2857142857142857	VALVHHPL:0.3333333333333333	LVALVHHP:0.23809523809523808	RYEGYGMV:0.38095238095238093	GYGMVFAE:0.38095238095238093	YEGYGMVF:0.38095238095238093	VHHPLALE:0.47619047619047616	GAVPDVVP:0.23809523809523808	GMVFAEAL:0.38095238095238093	ALASRYEG:0.38095238095238093	DIFALASR:0.23809523809523808	HPLALETG:0.47619047619047616	RTGGYGYD:0.23809523809523808	LVHHPLAL:0.47619047619047616	LALETGLD:0.2857142857142857	HHPLALET:0.47619047619047616	MVFAEALA:0.23809523809523808	EGYGMVFA:0.38095238095238093	YGMVFAEA:0.38095238095238093	FALASRYE:0.38095238095238093	ADIFALAS:0.23809523809523808	ALVHHPLA:0.47619047619047616	IDGLAFGV:0.23809523809523808	PLALETGL:0.47619047619047616	IFALASRY:0.23809523809523808	AEALAHGL:0.23809523809523808	
