cluster number:1863
GT4:34	GT4:34
IMPVEAMA:0.5588235294117647	YVHSPARY:0.23529411764705882	VEDFGIMP:0.5294117647058824	ASRFIPYK:0.29411764705882354	AVEDFGIM:0.35294117647058826	EDFGIMPV:0.7352941176470589	GASRFIPY:0.29411764705882354	DFGIMPVE:0.7352941176470589	FVLGASRF:0.47058823529411764	LGASRFIP:0.2647058823529412	FGIMPVEA:0.6764705882352942	GIMPVEAM:0.5588235294117647	VLGASRFI:0.20588235294117646	FPAIEDFG:0.20588235294117646	YVHTPARY:0.4411764705882353	YKRLDWVI:0.23529411764705882	ALAYVFPA:0.23529411764705882	LDWVIRAA:0.23529411764705882	RFIPYKRL:0.2647058823529412	FIPYKRLD:0.2647058823529412	KFVYVHTP:0.2647058823529412	IAGSGPEE:0.20588235294117646	RVIHPPVD:0.20588235294117646	PVEAMAAG:0.5	KRLDWVIR:0.23529411764705882	SRFIPYKR:0.2647058823529412	IEDFGIMP:0.23529411764705882	FVYVHTPA:0.3235294117647059	VEAMAAGA:0.35294117647058826	AVIAGSGP:0.20588235294117646	PAIEDFGI:0.20588235294117646	VYVHTPAR:0.38235294117647056	AIEDFGIM:0.20588235294117646	PYKRLDWV:0.23529411764705882	EAMAAGAR:0.3235294117647059	TPLRRSKA:0.23529411764705882	VIHPPVDV:0.23529411764705882	EKVLDEFV:0.23529411764705882	VIAGSGPE:0.23529411764705882	SGVLVHEW:0.20588235294117646	AMAAGARV:0.3235294117647059	PLRRSKAL:0.20588235294117646	MPVEAMAA:0.35294117647058826	RLDWVIRA:0.23529411764705882	MSGVLVHE:0.20588235294117646	SRFVPYKR:0.38235294117647056	SSHLFAHH:0.5294117647058824	PPVEDFGI:0.20588235294117646	ASRFVPYK:0.38235294117647056	FPPVEDFG:0.20588235294117646	HTPARYIW:0.2647058823529412	LGASRFVP:0.38235294117647056	GASRFVPY:0.38235294117647056	RFVPYKRL:0.38235294117647056	HLFAHHAR:0.23529411764705882	SHLFAHHA:0.2647058823529412	VIHPPVDA:0.20588235294117646	AANSAFVR:0.20588235294117646	VDGVTGVH:0.20588235294117646	HTPARYLW:0.23529411764705882	SVVDGVTG:0.20588235294117646	VVDGVTGV:0.20588235294117646	VHTPARYL:0.23529411764705882	ESVVDGVT:0.20588235294117646	PVVLAGSG:0.2647058823529412	LRALDRRR:0.2647058823529412	APPLRALD:0.2647058823529412	PARYLWTP:0.20588235294117646	PPLRALDR:0.2647058823529412	FPAVEDFG:0.35294117647058826	ALDRRRAQ:0.20588235294117646	PLRALDRR:0.2647058823529412	RPSDALLY:0.2647058823529412	PYKRLDLV:0.29411764705882354	RALDRRRA:0.29411764705882354	YKRLDLVI:0.29411764705882354	FVPYKRLD:0.3235294117647059	PAVEDFGI:0.35294117647058826	VVLAGSGP:0.2647058823529412	VLGASRFV:0.29411764705882354	VPVVLAGS:0.20588235294117646	PRPSDALL:0.20588235294117646	AAPPLRAL:0.2647058823529412	VFPAVEDF:0.3235294117647059	YVFPAVED:0.23529411764705882	VYVHSPAR:0.20588235294117646	SHLFAHHL:0.20588235294117646	
