cluster number:2370
GT4:12	GT4:12
AEGLPTTI:0.25	LDATFLGA:0.25	VDDLVEAL:0.25	DAEGLPTT:0.25	DVVFVGRF:0.3333333333333333	VFVGRFVE:0.25	ILEAASLG:0.25	HSGIPEAV:1.0	DGDAEGLP:0.25	KRWDVVFV:0.25	GVPLVVTV:0.25	PSRTAPDG:0.3333333333333333	SGIPEAVL:0.4166666666666667	GADPAKVR:0.4166666666666667	YHSGIPEA:0.5	RWDVVFVG:0.25	VGRFVEKK:0.3333333333333333	VSTYHSGI:0.25	KKGVDDLV:0.4166666666666667	DPAKVRVH:0.4166666666666667	PAKVRVHH:0.3333333333333333	LGARARQH:0.25	AVLPGETG:0.25	PTTILEAA:0.8333333333333334	TYHSGIPE:0.5	GLPTTILE:0.9166666666666666	PEAVLPGE:0.25	TILEAASL:0.25	EGLPTTIL:0.9166666666666666	RVHHTGVP:0.5833333333333334	RLGARARQ:0.25	TTILEAAS:0.4166666666666667	RQTRLLEE:0.25	PLVVTVHG:0.25	HFDLHRQT:0.25	GVDDLVEA:0.3333333333333333	QTRLLEEL:0.25	GLDATFLG:0.3333333333333333	AFDRAALI:0.3333333333333333	RQAFDRAA:0.3333333333333333	DATFLGAQ:0.25	FVGRFVEK:0.3333333333333333	PKRWDVVF:0.4166666666666667	PGETGLLG:0.25	AFLRLRLT:0.3333333333333333	IPEAVLPG:0.25	FLRLRLTG:0.5	RPRVLLIG:0.25	LPGETGLL:0.25	RHLAESKV:0.25	HHTGVPIP:0.3333333333333333	GWLISRTA:0.25	GDAEGLPT:0.25	GVRYRRNL:0.3333333333333333	LGLDATFL:0.3333333333333333	VPKRWDVV:0.25	VLPGETGL:0.25	TRLLEELY:0.25	VHHTGVPI:0.4166666666666667	VPLVVTVH:0.25	EAVLPGET:0.25	STYHSGIP:0.25	GSETFIRN:0.4166666666666667	ADPAKVRV:0.4166666666666667	VRVHHTGV:0.5	KGVDDLVE:0.3333333333333333	VVFVGRFV:0.3333333333333333	LGVPLVVT:0.4166666666666667	LLAGSETF:0.25	GRFVEKKG:0.3333333333333333	GIPEAVLP:0.25	GARARQHV:0.25	RLLEELYE:0.25	LPTTILEA:0.9166666666666666	KVRVHHTG:0.4166666666666667	ETFIRNQG:0.3333333333333333	AKVRVHHT:0.3333333333333333	SRTAPDGD:0.3333333333333333	LRQAFDRA:0.3333333333333333	WDVVFVGR:0.3333333333333333	QAFDRAAL:0.3333333333333333	DGWLISRT:0.3333333333333333	EHFDLHRQ:0.25	SETFIRNQ:0.4166666666666667	DDLVEALG:0.3333333333333333	RAFLRLRL:0.25	LRPALVHA:0.25	PALVHAHF:0.3333333333333333	ALVHAHFG:0.3333333333333333	RRAFLRLR:0.25	RPALVHAH:0.25	VIWRSHLL:0.25	SHLLPGSE:0.25	HFGGDGWL:0.6666666666666666	ETGLLGAE:0.25	ERDRAALA:0.25	GGDGWLVS:0.4166666666666667	FGGDGWLV:0.4166666666666667	GDGWLVSR:0.25	WRSHLLPG:0.25	HLLPGSET:0.25	AHFGGDGW:0.6666666666666666	ATYHSGIP:0.25	PLVITLHG:0.25	GETGLLGA:0.25	VHAHFGGD:0.75	HAHFGGDG:0.75	LLPGSETF:0.25	LPGSETFI:0.3333333333333333	PGSETFIR:0.3333333333333333	IWRSHLLP:0.25	RSHLLPGS:0.25	AERDRAAL:0.25	RHSGIPEA:0.5	CPSKTAPD:0.25	ACPSKTAP:0.25	PSKTAPDG:0.25	TRHSGIPE:0.5	RFVAKKGV:0.4166666666666667	RRVAIWRS:0.25	PTYVGATR:0.25	WGADPAKV:0.25	TTILEAAA:0.3333333333333333	SKTAPDGD:0.25	LPVVATRH:0.3333333333333333	GVDDLLTA:0.3333333333333333	TEGLPTTI:0.25	AAALGLPV:0.25	IGRFVAKK:0.25	HGHDVTRQ:0.4166666666666667	DTEGLPTT:0.3333333333333333	LGLPVVAT:0.3333333333333333	FVAKKGVD:0.4166666666666667	SRPDDVIA:0.25	SGIPEAVV:0.3333333333333333	EAAALGLP:0.25	AKKGVDDL:0.5	APDGDTEG:0.3333333333333333	RPDDVIAF:0.25	ATRHSGIP:0.4166666666666667	GDALTRWR:0.25	LSRPDDVI:0.25	VAKKGVDD:0.5	PDGDTEGL:0.3333333333333333	LACPSKTA:0.25	GHDVTRQP:0.4166666666666667	VATRHSGI:0.4166666666666667	GLPVVATR:0.3333333333333333	TAPDGDTE:0.25	PVVATRHS:0.4166666666666667	PDLVHAHF:0.4166666666666667	KKGVDDLL:0.3333333333333333	KGVDDLLT:0.3333333333333333	DALTRWRP:0.25	FIGRFVAK:0.25	RPDLVHAH:0.4166666666666667	DGDTEGLP:0.3333333333333333	VDDLLTAL:0.3333333333333333	GDTEGLPT:0.3333333333333333	VVATRHSG:0.4166666666666667	ILEAAALG:0.3333333333333333	QGDALTRW:0.25	KTAPDGDT:0.25	ALGLPVVA:0.3333333333333333	LEAAALGL:0.25	TILEAAAL:0.3333333333333333	GRFVAKKG:0.4166666666666667	AALGLPVV:0.25	VHGHDVTR:0.3333333333333333	RPRALFIG:0.25	LVHAHFGG:0.6666666666666666	VTVHGHDV:0.3333333333333333	DVAFVGRF:0.25	VAFVGRFV:0.25	KRWDVAFV:0.25	DLVHAHFG:0.3333333333333333	TVHGHDVT:0.3333333333333333	WDVAFVGR:0.3333333333333333	DDLLTALA:0.25	RWDVAFVG:0.25	VHHTGVPV:0.25	HHTGVPVP:0.25	RRLEDLYD:0.25	QTRRLEDL:0.25	TRRLEDLY:0.25	SEGLPTTI:0.25	DGDSEGLP:0.25	DSEGLPTT:0.25	GDSEGLPT:0.25	LAAPSRTA:0.25	
