cluster number:851
GT4:13	GT4:13
GGAERVVL:0.38461538461538464	GAERVVLT:0.38461538461538464	FKPYKLIP:0.3076923076923077	RFKPLVEY:0.23076923076923078	LLLLGQGK:0.3076923076923077	GSFKEAKR:0.23076923076923078	GGGAERSV:0.23076923076923078	PLLLLGQG:0.3076923076923077	VLTLGQGF:0.46153846153846156	NYIIHVGS:0.3076923076923077	NCLQGGGA:0.5384615384615384	KPLVEYDL:0.23076923076923078	VINCLQGG:0.38461538461538464	NPIDRDGI:0.3076923076923077	CLQGGGAE:0.5384615384615384	KPYKLIPG:0.23076923076923078	LVINCLQG:0.38461538461538464	FKEAKRHD:0.23076923076923078	SFKEAKRH:0.23076923076923078	INCLQGGG:0.5384615384615384	YQNYIIHV:0.3076923076923077	QGGGAERS:0.23076923076923078	FKPLVEYD:0.23076923076923078	LQGGGAER:0.6923076923076923	STDCQSGP:0.3076923076923077	SLPLLLLG:0.23076923076923078	GGAERSVL:0.23076923076923078	QNYIIHVG:0.3076923076923077	IIHVGSFK:0.38461538461538464	LTLGQGFY:0.38461538461538464	ISTDCQSG:0.3076923076923077	YIIHVGSF:0.38461538461538464	QPDIILSN:0.23076923076923078	PDIILSNL:0.23076923076923078	GQPDIILS:0.23076923076923078	TPVISTDC:0.3076923076923077	LPENNLMP:0.23076923076923078	GTPVISTD:0.3076923076923077	VISTDCQS:0.23076923076923078	PVISTDCQ:0.23076923076923078	IGQPDIIL:0.23076923076923078	IHNTVSLL:0.23076923076923078	QGGGAERV:0.46153846153846156	VLLVINCL:0.23076923076923078	ENPFPYIK:0.23076923076923078	IHNPIDRD:0.23076923076923078	LDRADSIL:0.23076923076923078	SGPSELLP:0.38461538461538464	RVVLTLGQ:0.3076923076923077	FVPDYQNY:0.23076923076923078	NTVSLLYK:0.23076923076923078	LSNLDRAD:0.23076923076923078	EGFALVIA:0.3076923076923077	LTSDWEGF:0.3076923076923077	VVLTLGQG:0.3076923076923077	SNSKLPNI:0.23076923076923078	NLDRADSI:0.23076923076923078	WEGFALVI:0.3076923076923077	DRADSILS:0.23076923076923078	LSNSKLPN:0.23076923076923078	SMPLLLLG:0.23076923076923078	ILSNSKLP:0.23076923076923078	AERVVLTL:0.3076923076923077	SDWEGFAL:0.3076923076923077	AIHNPIDR:0.23076923076923078	TDQSMPLL:0.23076923076923078	LLVINCLQ:0.23076923076923078	GPSELLPE:0.23076923076923078	ADSILSNS:0.23076923076923078	DSILSNSK:0.23076923076923078	ESLVLGTP:0.23076923076923078	LVLGTPVI:0.3076923076923077	PDYQNYII:0.23076923076923078	DQSMPLLL:0.23076923076923078	HNTVSLLY:0.23076923076923078	TVSLLYKF:0.23076923076923078	SNLDRADS:0.23076923076923078	SLVLGTPV:0.23076923076923078	SILSNSKL:0.23076923076923078	VLGTPVIS:0.3076923076923077	LGTPVIST:0.38461538461538464	GFALVIAE:0.3076923076923077	QSMPLLLL:0.23076923076923078	DYQNYIIH:0.23076923076923078	HNPIDRDG:0.23076923076923078	AESLVLGT:0.23076923076923078	TSDWEGFA:0.3076923076923077	ERVVLTLG:0.3076923076923077	DWEGFALV:0.3076923076923077	AFVPDYQN:0.23076923076923078	RADSILSN:0.23076923076923078	IAESLVLG:0.23076923076923078	VPDYQNYI:0.23076923076923078	GGGAERVV:0.3076923076923077	GYEVHILR:0.23076923076923078	QGFYELGY:0.23076923076923078	FYELGYEV:0.23076923076923078	GQGFYELG:0.23076923076923078	YEVHILRF:0.23076923076923078	YELGYEVH:0.23076923076923078	LGYEVHIL:0.23076923076923078	PSGPSELL:0.23076923076923078	VISTNCPS:0.3076923076923077	VHILRFKP:0.23076923076923078	TLGQGFYE:0.23076923076923078	TPVISTNC:0.23076923076923078	NCPSGPSE:0.3076923076923077	CPSGPSEL:0.23076923076923078	TNCPSGPS:0.3076923076923077	LGQGFYEL:0.23076923076923078	STNCPSGP:0.3076923076923077	ISTNCPSG:0.3076923076923077	ELGYEVHI:0.23076923076923078	GFYELGYE:0.23076923076923078	PVISTNCP:0.3076923076923077	EVHILRFK:0.23076923076923078	
