cluster number:306
GT4:12	GT4:12
LSILESMA:0.5	SMQLFYSA:0.25	IGGLEKMA:0.5	FKIGGLEK:0.4166666666666667	CLYSQREG:0.4166666666666667	VFAGSGSL:0.3333333333333333	VHFLGNVQ:0.4166666666666667	VLHLVQHF:0.4166666666666667	LHLVQHFK:0.4166666666666667	LKSFKQRL:0.4166666666666667	SFKQRLIT:0.4166666666666667	GVLVKPGD:0.3333333333333333	LGNVQSMQ:0.25	LFYSAINV:0.4166666666666667	YLKSFKQR:0.4166666666666667	FKQRLITK:0.4166666666666667	NVQSMQLF:0.25	TIHDAWYL:0.4166666666666667	REGLPLSI:0.5833333333333334	YDHFYNGL:0.25	IGPMLYAS:0.5	WVADAQVV:0.4166666666666667	RVHFLGNV:0.4166666666666667	IVATDVGG:0.5	IDVIHSHH:0.4166666666666667	NKAEKFDL:0.25	IHDAWYLK:0.4166666666666667	KAEKFDLN:0.25	AINVMCLY:0.4166666666666667	QSMQLFYS:0.25	INVMCLYS:0.4166666666666667	ELVFAGSG:0.3333333333333333	QHFKIGGL:0.4166666666666667	LPLSILES:0.4166666666666667	GNVQSMQL:0.25	LGVSERVH:0.25	GCSARLEL:0.25	SAINVMCL:0.4166666666666667	HHIGPMLY:0.5	DVGGISEV:0.3333333333333333	ARLELGKG:0.25	QREGLPLS:0.4166666666666667	LNKAEKFD:0.25	HFKIGGLE:0.4166666666666667	HSHHIGPM:0.5833333333333334	DVIHSHHI:0.4166666666666667	YSAINVMC:0.4166666666666667	LVFAGSGS:0.3333333333333333	STIHDAWY:0.4166666666666667	VLVKPGDE:0.3333333333333333	AWYLKSFK:0.4166666666666667	SARLELGK:0.25	CLNKAEKF:0.25	YSQREGLP:0.4166666666666667	LVQHFKIG:0.4166666666666667	HIGPMLYA:0.5	VQHFKIGG:0.4166666666666667	MNVLHLVQ:0.4166666666666667	QGVLVKPG:0.3333333333333333	LIGCSARL:0.3333333333333333	HFLGNVQS:0.25	EGLPLSIL:0.75	TLMQKSQF:0.4166666666666667	IGCSARLE:0.3333333333333333	AQVVAKDF:0.25	VIHSHHIG:0.5833333333333334	VADAQVVA:0.4166666666666667	KAINMKQG:0.25	FLGNVQSM:0.25	VMCLYSQR:0.4166666666666667	NVLHLVQH:0.4166666666666667	CSARLELG:0.25	SHHIGPML:0.5	RLELGKGH:0.25	WYLKSFKQ:0.4166666666666667	QLFYSAIN:0.25	VQSMQLFY:0.25	PLSILESM:0.4166666666666667	LYSQREGL:0.4166666666666667	KIGGLEKM:0.4166666666666667	HVSTIHDA:0.4166666666666667	KSFKQRLI:0.4166666666666667	HDAWYLKS:0.4166666666666667	DAQVVAKD:0.25	MCLYSQRE:0.4166666666666667	KHVSTIHD:0.3333333333333333	ILESMACG:0.5	LESMACGK:0.4166666666666667	GLPLSILE:0.75	IHSHHIGP:0.5833333333333334	ADAQVVAK:0.25	VSTIHDAW:0.4166666666666667	SILESMAC:0.5	HLVQHFKI:0.4166666666666667	MQLFYSAI:0.25	SQREGLPL:0.4166666666666667	EYDHFYNG:0.3333333333333333	FYSAINVM:0.4166666666666667	VATDVGGI:0.5833333333333334	NIDVIHSH:0.4166666666666667	LELGKGHF:0.25	NVMCLYSQ:0.4166666666666667	DAWYLKSF:0.4166666666666667	PLSILEAM:0.25	LPLSILEA:0.3333333333333333	LYASMACI:0.25	HFALLRIL:0.25	PIYTELVF:0.25	LMQKSQFA:0.25	AEYDHFYN:0.25	VVSLEGTL:0.25	MAVTLMQK:0.25	GHFALLRI:0.25	KMSAEYDH:0.25	DRVHFLGN:0.25	LEKMAVTL:0.25	SAEYDHFY:0.25	TILNGIDF:0.25	GGLEKMAV:0.25	DKTILNGI:0.25	AVTLMQKS:0.25	GPMLYASM:0.25	YTELVFAG:0.25	SVVVSLEG:0.25	GKGHFALL:0.25	PMLYASMA:0.25	GLEKMAVT:0.25	TDKTILNG:0.25	MLYASMAC:0.25	KTILNGID:0.25	KGHFALLR:0.25	LPIYTELV:0.25	VVVSLEGT:0.25	MSAEYDHF:0.25	EKMAVTLM:0.25	SSVVVSLE:0.25	SLPIYTEL:0.25	IYTELVFA:0.25	KMAVTLMQ:0.25	VTLMQKSQ:0.25	ATDVGGIR:0.25	TDVGGIRE:0.25	
