cluster number:911
GT4:28	GT4:28
YQGVLNPG:0.25	LYQGVLNP:0.25	GVLNPGRG:0.25	QGVLNPGR:0.25	LPNKLFDY:0.5	PNKLFDYI:0.39285714285714285	AVTNDIST:0.21428571428571427	ILSNDLDT:0.21428571428571427	FVAVTNDI:0.25	KLFDYIHA:0.21428571428571427	LDTLPACF:0.25	DTLPACFF:0.21428571428571427	DSHELFSE:0.32142857142857145	DLDTLPAC:0.25	YDSHELFS:0.25	ALPNKLFD:0.21428571428571427	NKLFDYIH:0.25	LSNDLDTL:0.42857142857142855	SNDLDTLP:0.32142857142857145	VTNDISTD:0.21428571428571427	VAVTNDIS:0.25	VYDSHELF:0.35714285714285715	LVYDSHEL:0.25	NDLDTLPA:0.35714285714285715	LPNKIFDY:0.2857142857142857	KIFDYIQA:0.2857142857142857	ALPNKIFD:0.2857142857142857	NKIFDYIQ:0.2857142857142857	PNKIFDYI:0.2857142857142857	SLPNKLFD:0.35714285714285715	FLFYAEYN:0.21428571428571427	NDLSTDQR:0.25	DLSTDQRV:0.25	EEDLGLNY:0.2857142857142857	NDLDTLLP:0.25	EDLGLNYR:0.2857142857142857	VTNDLSTD:0.25	TNDLSTDQ:0.25	DLDTLLPN:0.2857142857142857	
