cluster number:1114
GT4:12	GT4:12
YDTIRMAQ:0.25	TDAGKKVV:0.3333333333333333	DPYPTDAG:0.3333333333333333	AGKKVVLA:0.4166666666666667	FGSGIKLK:0.5	VSAVDPYP:0.3333333333333333	VDPYPTDA:0.3333333333333333	KLKVIEAL:0.3333333333333333	PTDAGKKV:0.3333333333333333	GLLSLPHN:0.5	LVRRSEDR:0.5	PLGNFAEH:0.4166666666666667	GKKVVLAG:0.4166666666666667	GSGIKLKV:0.5	LRFGSGIK:0.6666666666666666	LGNFAEHV:0.4166666666666667	LVSAVDPY:0.3333333333333333	SGIKLKVI:0.25	YPTDAGKK:0.3333333333333333	DDLFSERY:0.5833333333333334	GNFAEHVP:0.4166666666666667	CYLDDLFS:0.5833333333333334	IKLKVIEA:0.25	PYPTDAGK:0.3333333333333333	DAGKKVVL:0.4166666666666667	RFGSGIKL:0.5	KKVVLAGF:0.3333333333333333	YLDDLFSE:0.5833333333333334	LDDLFSER:0.5833333333333334	LKVIEALG:0.25	SAVDPYPT:0.3333333333333333	GIKLKVIE:0.25	AVDPYPTD:0.3333333333333333	SERYDRML:0.25	AAARYPDV:0.25	DLFSERYD:0.25	LQEAFLGS:0.25	RASLQEAF:0.3333333333333333	ASLQEAFL:0.3333333333333333	LRLERRLV:0.25	SICYLDDL:0.25	PLRFGSGI:0.5833333333333334	SGIKLKVF:0.25	FSERYDRM:0.25	ICYLDDLF:0.3333333333333333	AARYPDVE:0.25	NVHYIKVG:0.4166666666666667	ALISAVDP:0.25	GRASLQEA:0.3333333333333333	ALLRLERR:0.25	DTVRMAQY:0.25	LLRLERRL:0.25	LFSERYDR:0.25	GIKLKVFE:0.25	FLGLLSLP:0.4166666666666667	SPLGNFAE:0.4166666666666667	TVRMAQYA:0.25	ISAVDPYP:0.25	SLQEAFLG:0.25	LISAVDPY:0.25	DNVHYIKV:0.3333333333333333	TGRASLQE:0.4166666666666667	VALISAVD:0.25	SGPGTGIL:0.25	NPLRFGSG:0.5833333333333334	YDTVRMAQ:0.3333333333333333	KLKVFEAL:0.25	IYDTVRMA:0.3333333333333333	LGLLSLPH:0.4166666666666667	IKLKVFEA:0.25	VRRSEDRT:0.25	SLPHNDDG:0.4166666666666667	ALVSAVDP:0.25	LPHNDDGL:0.4166666666666667	LSLPHNDD:0.4166666666666667	RLVRRSED:0.25	PHNDDGLR:0.25	VNPLRFGS:0.4166666666666667	RALPVVST:0.3333333333333333	LLSLPHND:0.3333333333333333	HYIKVGSV:0.25	VHYIKVGS:0.25	EGIASGPG:0.25	IASGPGTG:0.25	AALVNPLR:0.3333333333333333	GAEGIASG:0.25	GIASGPGT:0.25	ALVNPLRF:0.4166666666666667	AEGIASGP:0.25	NFAEHVPA:0.25	LVNPLRFG:0.4166666666666667	VFLGLLSL:0.25	FVFLGLLS:0.25	EFVFLGLL:0.25	
