cluster number:1182
GT4:58	GT4:58
TIEPRKNH:0.8275862068965517	PTGIDRVE:0.5	HLLLLNIW:0.3793103448275862	RKNHLLLL:0.8448275862068966	PRKNHLLL:0.8103448275862069	GTIEPRKN:0.41379310344827586	KNHLLLLN:0.5172413793103449	NHLLLLNI:0.3793103448275862	IEPRKNHL:0.8448275862068966	LGTIEPRK:0.3448275862068966	RGWENENI:0.25862068965517243	EPRKNHLL:0.8275862068965517	LLLLNIWR:0.3793103448275862	LLLNIWRR:0.20689655172413793	VGRRGWEN:0.3103448275862069	CLGTIEPR:0.22413793103448276	GVDRVEMA:0.25862068965517243	GRRGWENE:0.6724137931034483	PSFAEGYG:0.29310344827586204	VILDISRL:0.22413793103448276	LAFAAVHP:0.27586206896551724	APDYLDPL:0.29310344827586204	PDYLDPLD:0.3448275862068966	DYLDPLDG:0.3793103448275862	MPSFAEGY:0.27586206896551724	VHDLIPIE:0.20689655172413793	DRVEMAYA:0.27586206896551724	KNHLLLLH:0.2413793103448276	RVEMAYAR:0.2413793103448276	VDRVEMAY:0.25862068965517243	LMPSFAEG:0.3275862068965517	IGRRGWEN:0.3793103448275862	ALLMPSFA:0.2413793103448276	LLMPSFAE:0.25862068965517243	DLSRLLSR:0.20689655172413793	VPVICSDI:0.3793103448275862	STIEPRKN:0.43103448275862066	LDLSRLLS:0.20689655172413793	RRGWENEN:0.5172413793103449	ISTIEPRK:0.3103448275862069	FVTLVHDV:0.22413793103448276	LVHDVIPL:0.2413793103448276	AAVHPAGG:0.2413793103448276	RELLERMP:0.22413793103448276	ARAMLMPS:0.2413793103448276	PAGGYYGR:0.2413793103448276	VLIGRRGW:0.2413793103448276	YLDPLDGL:0.22413793103448276	IIGNSQAT:0.2413793103448276	IGNSQATI:0.20689655172413793	GNSQATID:0.20689655172413793	DPLDGLGW:0.20689655172413793	AILRAEGA:0.2413793103448276	PEFARPQG:0.22413793103448276	LQVSPHHL:0.2413793103448276	FAAVHPAG:0.25862068965517243	DISRLLSR:0.2413793103448276	TLVHDVIP:0.2413793103448276	AGVPVICS:0.20689655172413793	GAILRAEG:0.22413793103448276	ARELLERM:0.22413793103448276	AVHPAGGY:0.2413793103448276	GIIGNSQA:0.2413793103448276	YARELLER:0.2413793103448276	NSQATIDA:0.20689655172413793	EFARPQGA:0.22413793103448276	VTLVHDVI:0.22413793103448276	WENENVVD:0.20689655172413793	VHPAGGYY:0.2413793103448276	LDISRLLS:0.20689655172413793	AGGYYGRL:0.2413793103448276	GWENENVV:0.20689655172413793	HPEFARPQ:0.22413793103448276	AFAAVHPA:0.20689655172413793	VGAILRAE:0.22413793103448276	LVLIGRRG:0.2413793103448276	GVPVICSD:0.3448275862068966	LIGRRGWE:0.25862068965517243	LRGHVIEA:0.22413793103448276	HPAGGYYG:0.2413793103448276	QVSPHHLD:0.2413793103448276	RGWENENV:0.3793103448275862	QVGAILRA:0.22413793103448276	SQATIDAL:0.20689655172413793	RGHVIEAG:0.22413793103448276	YISTIEPR:0.29310344827586204	AHREVGGD:0.20689655172413793	RAMLMPSF:0.2413793103448276	YLQVSPHH:0.2413793103448276	TGIDRVEY:0.2413793103448276	
