cluster number:699
GT4:12	GT4:12
KVIYNPIS:0.25	KIKVIYNP:0.25	NKIKVIYN:0.25	IKVIYNPI:0.25	GSDRGGIP:0.3333333333333333	IGSDRGGI:0.3333333333333333	VIGSDRGG:0.3333333333333333	SDRGGIPE:0.3333333333333333	NGCYVIGS:0.25	VLEGAYNG:0.3333333333333333	LEGAYNGC:0.3333333333333333	ASDILLVP:0.4166666666666667	LFKKREKT:0.3333333333333333	AKKIAHLR:0.3333333333333333	ANNLESIL:0.4166666666666667	VIDWLKCG:0.3333333333333333	LFCYNRGL:0.3333333333333333	YRASDILL:0.25	KIAHLRDF:0.3333333333333333	DWLKCGVY:0.25	IPEVIDWL:0.3333333333333333	GAEISLKI:0.5	KKIAHLRD:0.3333333333333333	DILLVPSL:0.5	FKKREKTS:0.3333333333333333	EGAYNGCY:0.25	EVIDWLKC:0.3333333333333333	VLTPNYSS:0.25	AHLIPKIA:0.25	HANNLESI:0.4166666666666667	FDVIHANN:0.5	AYNGCYVI:0.25	VVLEGAYN:0.3333333333333333	GGIPEVID:0.3333333333333333	NNLESILA:0.3333333333333333	YNGCYVIG:0.25	RASDILLV:0.25	AEISLKIL:0.5	RVVLEGAY:0.3333333333333333	RGGIPEVI:0.3333333333333333	GAHLIPKI:0.25	IDWLKCGV:0.25	GRVVLEGA:0.3333333333333333	IHANNLES:0.3333333333333333	PFGRVVLE:0.3333333333333333	MGGAEISL:0.5833333333333334	GIPEVIDW:0.3333333333333333	GAYNGCYV:0.25	DVIHANNL:0.3333333333333333	FLFKKREK:0.3333333333333333	PEVIDWLK:0.3333333333333333	FGRVVLEG:0.3333333333333333	ILLVPSLW:0.5	EISLKILV:0.5	SDILLVPS:0.4166666666666667	EPFGRVVL:0.3333333333333333	VIHANNLE:0.3333333333333333	KGAHLIPK:0.25	ISLKILVD:0.3333333333333333	FCYNRGLN:0.3333333333333333	GGAEISLK:0.5833333333333334	VMGGAEIS:0.3333333333333333	YYRASDIL:0.25	ISNFVKEK:0.25	VPSLWHEP:0.5	FGLFCYNR:0.25	YVMGGAEI:0.25	NKKIVLYA:0.25	SLWHEPFG:0.5833333333333334	PSLWHEPF:0.5833333333333334	IAISNFVK:0.25	FPPYVMGG:0.25	ILAVGPIN:0.25	LVPSLWHE:0.3333333333333333	KFDVIHAN:0.25	KKIVLYAG:0.25	KNEKFDVI:0.25	KLSKKEAR:0.25	HLRDFGLF:0.25	MLSDLSEK:0.25	HLFIVIGN:0.25	LSKKEARS:0.25	LKELFLKK:0.25	SELKDYYR:0.25	NEKFDVIH:0.25	GNGVLKEL:0.25	NRGLNKSG:0.25	EYFPPYVM:0.25	IVLYAGSL:0.25	LRDFGLFC:0.25	SNFVKEKY:0.25	KELFLKKK:0.25	FVKEKYID:0.25	GVLKELFL:0.25	ENKKIVLY:0.25	VDKNKIKV:0.25	VIGNGVLK:0.25	FIVIGNGV:0.25	GLFCYNRG:0.25	RDFGLFCY:0.25	FLIAISNF:0.25	VLYAGSLT:0.25	VLKELFLK:0.25	ILKNEKFD:0.25	DRGGIPEV:0.25	KKILKNEK:0.25	VKKILKNE:0.25	LWHEPFGR:0.5833333333333334	SKKEARSL:0.25	SILAVGPI:0.25	YNRGLNKS:0.25	CYNRGLNK:0.25	LYAGSLTE:0.25	YFPPYVMG:0.25	KIVLYAGS:0.25	IVIGNGVL:0.25	IGNGVLKE:0.25	EKFDVIHA:0.25	NFVKEKYI:0.25	LLVPSLWH:0.3333333333333333	AISNFVKE:0.25	SDLSEKLK:0.25	AHLRDFGL:0.25	KEKYIDVL:0.25	LSDLSEKL:0.25	LIAISNFV:0.25	KILKNEKF:0.25	NLIYLGYL:0.25	PPYVMGGA:0.25	PYVMGGAE:0.25	SKLSKKEA:0.25	LKNEKFDV:0.25	YYEKFMEL:0.25	IAHLRDFG:0.25	ISELKDYY:0.25	YNPISDDI:0.25	WHEPFGRV:0.5833333333333334	NGVLKELF:0.25	ESILAVGP:0.25	KKEARSLL:0.25	ELKDYYRA:0.25	LPENKKIV:0.25	VKEKYIDV:0.25	LFIVIGNG:0.25	DFGLFCYN:0.25	LAVGPINT:0.25	HEPFGRVV:0.5	ELFLKKKQ:0.25	PENKKIVL:0.25	VAHLRDFA:0.25	DFALLCWN:0.25	RDFALLCW:0.25	FALLCWNR:0.25	KVAHLRDF:0.25	LRVIRFKS:0.25	HLRDFALL:0.25	AHLRDFAL:0.25	HMGGAEIS:0.25	ALLCWNRG:0.25	LLCWNRGL:0.25	LRDFALLC:0.25	
