cluster number:1959
GT4:11	GT4:11
YSNASRII:0.2727272727272727	GKAVIASD:0.45454545454545453	IPEEKIEV:0.36363636363636365	TDIFRPLN:0.36363636363636365	IGDGPLKN:0.5454545454545454	MACGKAVI:0.5454545454545454	LIIGDGPL:0.5454545454545454	LVEWQGLK:0.36363636363636365	PLKLYEYM:0.36363636363636365	ILVEPQNS:0.2727272727272727	KAGILVEP:0.2727272727272727	IASDVRGF:0.2727272727272727	QKLSEAIL:0.36363636363636365	YYSNASRI:0.2727272727272727	EVIGNGVN:0.36363636363636365	EEKIEVIG:0.36363636363636365	KLYEYMAC:0.36363636363636365	KYLVEAAP:0.2727272727272727	LVEPQNSQ:0.36363636363636365	LYEYMACG:0.36363636363636365	SQKLSEAI:0.36363636363636365	YEYMACGK:0.36363636363636365	AVIASDVR:0.2727272727272727	EKIEVIGN:0.36363636363636365	LKLYEYMA:0.36363636363636365	KFIFTGFV:0.2727272727272727	KIPLKSGY:0.36363636363636365	KIEVIGNG:0.36363636363636365	VEPQNSQK:0.36363636363636365	VCVVPKIP:0.36363636363636365	IGNGVNTD:0.36363636363636365	DVRGFEIL:0.2727272727272727	QGLKYLVE:0.2727272727272727	SDVRGFEI:0.2727272727272727	LKYLVEAA:0.2727272727272727	WQGLKYLV:0.2727272727272727	PEEKIEVI:0.36363636363636365	PLYINASD:0.36363636363636365	IEVIGNGV:0.36363636363636365	LYINASDV:0.36363636363636365	LKSGYSPL:0.36363636363636365	ASDVRGFE:0.2727272727272727	KLSEAILK:0.2727272727272727	GLKYLVEA:0.2727272727272727	SGYSPLKL:0.36363636363636365	GILVEPQN:0.2727272727272727	QNSQKLSE:0.36363636363636365	NGVNTDIF:0.36363636363636365	GVNTDIFR:0.36363636363636365	GNGVNTDI:0.36363636363636365	IIGDGPLK:0.6363636363636364	VPLYINAS:0.2727272727272727	GYSPLKLY:0.36363636363636365	DGPLKNEI:0.2727272727272727	PLKSGYSP:0.36363636363636365	YSPLKLYE:0.36363636363636365	CVVPKIPL:0.36363636363636365	ILVEWQGL:0.36363636363636365	LSEAILKV:0.2727272727272727	VPKIPLKS:0.36363636363636365	DVCVVPKI:0.36363636363636365	SDVCVVPK:0.36363636363636365	NASDVCVV:0.36363636363636365	PKIPLKSG:0.36363636363636365	VVPKIPLK:0.36363636363636365	INASDVCV:0.36363636363636365	KAVIASDV:0.45454545454545453	VNTDIFRP:0.36363636363636365	NSQKLSEA:0.36363636363636365	YLVEAAPA:0.2727272727272727	AGILVEPQ:0.2727272727272727	PQNSQKLS:0.36363636363636365	FIFTGFVS:0.2727272727272727	NTDIFRPL:0.36363636363636365	YMACGKAV:0.36363636363636365	EVPLYINA:0.2727272727272727	ACGKAVIA:0.5454545454545454	GILVEWQG:0.36363636363636365	SPLKLYEY:0.36363636363636365	SEAILKVL:0.2727272727272727	GDGPLKNE:0.36363636363636365	EWQGLKYL:0.36363636363636365	KSGYSPLK:0.36363636363636365	EPQNSQKL:0.36363636363636365	YINASDVC:0.36363636363636365	VIASDVRG:0.2727272727272727	CGKAVIAS:0.5454545454545454	ASDVCVVP:0.36363636363636365	VEWQGLKY:0.36363636363636365	IPLKSGYS:0.36363636363636365	VIGNGVNT:0.36363636363636365	EYMACGKA:0.36363636363636365	IHYLTDIY:0.2727272727272727	FLIIGDGP:0.36363636363636365	
