cluster number:426
GT4:52	GT4:52
IGTRGVPA:0.3269230769230769	NPSLLRAM:0.36538461538461536	GGFETAVE:0.4230769230769231	GVPARYGG:0.4230769230769231	RGVPARYG:0.4230769230769231	MIGTRGVP:0.2692307692307692	ENHVDVIV:0.23076923076923078	GTRGVPAR:0.4230769230769231	GHSVGGTN:0.8846153846153846	PSLLRAMG:0.36538461538461536	GGTNPSLL:0.8653846153846154	SVGGTNPS:0.8461538461538461	YGGFETAV:0.4230769230769231	RYGGFETA:0.3269230769230769	EPENHVDV:0.23076923076923078	HSVGGTNP:0.8846153846153846	TNPSLLRA:0.8653846153846154	TRGVPARY:0.4230769230769231	YLHGHSVG:0.4423076923076923	LHGHSVGG:0.4423076923076923	VGGTNPSL:0.8846153846153846	VHVDGLEW:0.21153846153846154	HGHSVGGT:0.8846153846153846	VFNAANAP:0.36538461538461536	GTNPSLLR:0.8653846153846154	PARYGGFE:0.4423076923076923	GFETAVEE:0.38461538461538464	LPLVVVGS:0.4807692307692308	VPARYGGF:0.4230769230769231	SLLRAMGA:0.34615384615384615	ARYGGFET:0.4423076923076923	ADAQGIAD:0.25	PVATHVDG:0.4230769230769231	AQGIADYY:0.38461538461538464	LLRAIGAG:0.40384615384615385	VVVGSAPY:0.6153846153846154	ETLSHTAL:0.38461538461538464	LVVVGSAP:0.6346153846153846	EEVGRRLA:0.25	AANSPFLP:0.23076923076923078	IADAQGIA:0.25	PLVVVGSA:0.6153846153846154	SDALIADA:0.40384615384615385	IPVATHVD:0.38461538461538464	DAQGIADY:0.38461538461538464	DQELLDQL:0.21153846153846154	RSLETLSH:0.4230769230769231	AARIPVAT:0.3269230769230769	VEEVGRRL:0.2692307692307692	VVGSAPYA:0.4230769230769231	NPSLLRAI:0.40384615384615385	ATHVDGLE:0.4423076923076923	FHLVVARF:0.23076923076923078	LIADAQGI:0.21153846153846154	LRAARIPV:0.21153846153846154	VATHVDGL:0.4230769230769231	VFNAANSP:0.34615384615384615	FNAANSPF:0.2692307692307692	RIPVATHV:0.34615384615384615	LETLSHTA:0.28846153846153844	TAVEEVGR:0.23076923076923078	RAIGAGAA:0.21153846153846154	RAARIPVA:0.3269230769230769	FETAVEEV:0.3076923076923077	PSLLRAIG:0.40384615384615385	THVDGLEW:0.4807692307692308	AVEEVGRR:0.23076923076923078	TLSHTALS:0.38461538461538464	ARIPVATH:0.34615384615384615	SLETLSHT:0.40384615384615385	NAANSPFL:0.23076923076923078	HLVVARFE:0.7307692307692307	LRAIGAGA:0.3076923076923077	SLLRAIGA:0.40384615384615385	ETAVEEVG:0.3076923076923077	QELLDQLY:0.21153846153846154	RFEPENHV:0.6346153846153846	YHLVVARF:0.5	TLSHTGLS:0.21153846153846154	ETLSHTGL:0.21153846153846154	ARFEPENH:0.6730769230769231	LEWKRAKW:0.21153846153846154	LVVARFEP:0.6153846153846154	RRSLETLS:0.21153846153846154	VGTRGVPA:0.40384615384615385	VVGSAPYS:0.3076923076923077	DGLEWKRA:0.21153846153846154	EWKRAKWG:0.21153846153846154	GLEWKRAK:0.21153846153846154	VDGLEWKR:0.38461538461538464	VARFEPEN:0.6923076923076923	GYHLVVAR:0.23076923076923078	LETLSHTG:0.21153846153846154	HVDGLEWK:0.38461538461538464	VVARFEPE:0.6153846153846154	AAYGGFET:0.28846153846153844	AAFVFNAA:0.28846153846153844	RGVPAAYG:0.25	GFETAIEE:0.3269230769230769	ATLPLVVV:0.21153846153846154	YGGFETAI:0.3269230769230769	AYGGFETA:0.28846153846153844	MVGTRGVP:0.34615384615384615	TLPLVVVG:0.21153846153846154	GTRGVPAA:0.25	AFVFNAAN:0.34615384615384615	LGGVWDQE:0.2692307692307692	AMVGTRGV:0.28846153846153844	VPAAYGGF:0.25	GGFETAIE:0.3269230769230769	FNAANAPF:0.25	FEPENHVD:0.3076923076923077	PAAYGGFE:0.28846153846153844	IAMVGTRG:0.28846153846153844	DAAFVFNA:0.28846153846153844	GVPAAYGG:0.25	TRGVPAAY:0.25	TYLHGHSV:0.23076923076923078	
