cluster number:889
GT4:21	GT4:21
SKLETWGL:0.7142857142857143	VEGGILTV:0.2857142857142857	FYKYLYKI:0.23809523809523808	KYLYKINI:0.2857142857142857	MVEGGILT:0.2857142857142857	PAVPRVFK:0.23809523809523808	AVPRVFKN:0.23809523809523808	DLPYAHET:0.47619047619047616	PSKLETWG:0.6666666666666666	YCHNPSPF:0.7619047619047619	FPSKLETW:0.6666666666666666	YKYLYKIN:0.2857142857142857	DVWFSLHD:0.23809523809523808	YPAVPRVF:0.23809523809523808	YVYCHNPS:0.2857142857142857	IFPSKLET:0.47619047619047616	LIFPSKLE:0.3333333333333333	KLETWGLP:0.7142857142857143	DKKFFLFT:0.23809523809523808	KKFFLFTK:0.23809523809523808	VYCHNPSP:0.7619047619047619	ADLPYAHE:0.3333333333333333	GGILTVFR:0.2857142857142857	EGGILTVF:0.2857142857142857	LETWGLPL:0.38095238095238093	CHNPSPFY:0.7142857142857143	WGLPISEA:0.38095238095238093	LETWGLPI:0.47619047619047616	FVYCHNPS:0.42857142857142855	GLPISEAK:0.38095238095238093	TWGLPISE:0.38095238095238093	QFVYCHNP:0.23809523809523808	ETWGLPIS:0.38095238095238093	LPISEAKM:0.23809523809523808	ALIFPSKL:0.23809523809523808	DALIFPSK:0.23809523809523808	
