cluster number:1510
GT4:19	GT4:19
TLEDTWGV:0.3684210526315789	YGDNFTYL:0.3157894736842105	LEAMLLGK:0.21052631578947367	LLPVAWFY:0.2631578947368421	LEDTWGVV:0.3684210526315789	AMLLGKPI:0.21052631578947367	WLLPVAWF:0.2631578947368421	VAWFYWQP:0.2631578947368421	IAYEGSSP:0.5789473684210527	RVIIAYEG:0.21052631578947367	EGSSPGVD:0.42105263157894735	GSSPGVDY:0.47368421052631576	IIAYEGSS:0.21052631578947367	FPTLEDTW:0.21052631578947367	ADVFVFPT:0.21052631578947367	LPVAWFYW:0.2631578947368421	EAMLLGKP:0.21052631578947367	AYEGSSPG:0.42105263157894735	GDNFTYLS:0.21052631578947367	PTLEDTWG:0.7894736842105263	PVAWFYWQ:0.2631578947368421	SSPGVDYR:0.42105263157894735	VFTGLFPG:0.2631578947368421	AWLLPVAW:0.2631578947368421	DNFTYLSP:0.21052631578947367	YEGSSPGV:0.42105263157894735	TGLFPGFA:0.21052631578947367	FGVWTILA:0.2631578947368421	SPGVDYRN:0.3157894736842105	PGVDYRNS:0.3157894736842105	SFGVWTIL:0.2631578947368421	SYGDNFTY:0.2631578947368421	FTGLFPGF:0.21052631578947367	DGENGYVF:0.21052631578947367	FVLPTLED:0.47368421052631576	LPTLEDTW:0.5789473684210527	ADVFVLPT:0.3157894736842105	VFVLPTLE:0.3157894736842105	DVFVLPTL:0.3157894736842105	VLPTLEDT:0.47368421052631576	VVIAYEGS:0.3157894736842105	AWLLTSAF:0.21052631578947367	LLTSAFYY:0.21052631578947367	WLLTSAFY:0.21052631578947367	LCSKWAGA:0.21052631578947367	WRVVIAYE:0.2631578947368421	RVVIAYEG:0.2631578947368421	VIAYEGSS:0.3157894736842105	TLEDTWGM:0.3684210526315789	DACITNSH:0.2631578947368421	LEDTWGMV:0.3684210526315789	LTSAFYYW:0.21052631578947367	EDTWGMVV:0.3157894736842105	TWGMVVLE:0.2631578947368421	DTWGMVVL:0.2631578947368421	ADACITNS:0.3157894736842105	ENGYVFDP:0.21052631578947367	GENGYVFD:0.21052631578947367	
