cluster number:742
GT4:6	GT4:6|GT2:1
PQEAMPAL:0.5	HELPHLHV:0.5	LKELLLRV:0.6666666666666666	AANAFVLP:0.5	RGHMWADP:0.5	PSRGEGWG:0.6666666666666666	LLRVKEFP:0.3333333333333333	TFWSGTTE:0.6666666666666666	LPPHIPQE:0.6666666666666666	TEYMTEEN:0.5	PALYKAAN:0.5	VLVLLTNG:0.6666666666666666	FWSGTTEY:0.6666666666666666	HVEAMAME:0.6666666666666666	ANAFVLPS:0.5	AMAMERPV:0.6666666666666666	LHVLPPHI:0.6666666666666666	LPSRGEGW:0.8333333333333334	YKAANAFV:0.5	VLPPHIPQ:0.6666666666666666	SVEHLKEL:0.5	LLLRVKEF:0.3333333333333333	LIEITEGA:0.5	ALYKAANA:0.5	VEAVGKKL:0.6666666666666666	PHIPQEAM:0.6666666666666666	TEENSYPL:0.5	EEFAVEAV:0.3333333333333333	HSSSSSAG:0.3333333333333333	VGKKLHEL:0.5	EGWGRPHV:0.6666666666666666	MAMERPVI:0.6666666666666666	MWADPSVE:0.5	KLHELPHL:0.5	AVGKKLHE:0.5	ITEGAFRG:0.5	ENSYPLKI:0.5	EFAVEAVG:0.3333333333333333	GWGRPHVE:0.6666666666666666	NAFVLPSR:0.5	PVIATFWS:0.6666666666666666	AMPALYKA:0.5	PHLHVLPP:0.6666666666666666	VVLVLLTN:0.6666666666666666	YMTEENSY:0.5	TTEYMTEE:0.5	HLKELLLR:0.6666666666666666	NKIEEFAV:0.3333333333333333	ADPSVEHL:0.5	MPALYKAA:0.5	VIATFWSG:0.6666666666666666	TEGAFRGH:0.5	RPVIATFW:0.6666666666666666	GHMWADPS:0.5	LTNGYHSS:0.3333333333333333	PSVEHLKE:0.5	VLPSRGEG:1.0	EGAFRGHM:0.6666666666666666	GKKLHELP:0.5	ERPVIATF:0.6666666666666666	WGRPHVEA:0.6666666666666666	SSSSSAGD:0.3333333333333333	KIEEFAVE:0.3333333333333333	FRGHMWAD:0.5	EYMTEENS:0.5	WADPSVEH:0.5	GAFRGHMW:0.6666666666666666	LRVKEFPE:0.3333333333333333	NGYHSSSS:0.3333333333333333	SGTTEYMT:0.6666666666666666	PPHIPQEA:0.6666666666666666	GLIEITEG:0.5	GEGWGRPH:0.6666666666666666	NSYPLKID:0.6666666666666666	IEITEGAF:0.5	WSGTTEYM:0.6666666666666666	FAVEAVGK:0.5	DGLIEITE:0.5	AFRGHMWA:0.6666666666666666	GYHSSSSS:0.3333333333333333	LLTNGYHS:0.6666666666666666	EAMPALYK:0.5	RPHVEAMA:0.6666666666666666	IDGLIEIT:0.5	QEAMPALY:0.5	TNGYHSSS:0.3333333333333333	HMWADPSV:0.5	ELLLRVKE:0.6666666666666666	LHELPHLH:0.5	HIPQEAMP:0.5	PLKIDGLI:0.5	YHSSSSSA:0.3333333333333333	KIDGLIEI:0.5	SRGEGWGR:0.6666666666666666	IEEFAVEA:0.3333333333333333	LKIDGLIE:0.5	YPLKIDGL:0.6666666666666666	AVEAVGKK:0.5	EAVGKKLH:0.5	EAMAMERP:0.6666666666666666	KAANAFVL:0.5	MERPVIAT:0.6666666666666666	PHVEAMAM:0.6666666666666666	AFVLPSRG:0.8333333333333334	LVLLTNGY:0.6666666666666666	GTTEYMTE:0.6666666666666666	KKLHELPH:0.5	EITEGAFR:0.5	VEAMAMER:0.6666666666666666	FVLPSRGE:1.0	LYKAANAF:0.5	LPHLHVLP:0.6666666666666666	SYPLKIDG:0.6666666666666666	EENSYPLK:0.5	VEHLKELL:0.5	RGEGWGRP:0.6666666666666666	HLHVLPPH:0.6666666666666666	ELPHLHVL:0.6666666666666666	SSSSAGDF:0.3333333333333333	IPQEAMPA:0.5	EHLKELLL:0.6666666666666666	AMERPVIA:0.6666666666666666	IATFWSGT:0.6666666666666666	MTEENSYP:0.5	KELLLRVK:0.6666666666666666	DPSVEHLK:0.5	GRPHVEAM:0.6666666666666666	HVLPPHIP:0.6666666666666666	ATFWSGTT:0.6666666666666666	VLLTNGYH:0.6666666666666666	LLRVKEHP:0.3333333333333333	LTNGYHST:0.3333333333333333	GYHSTSSS:0.3333333333333333	YHSTSSSA:0.3333333333333333	NGYHSTSS:0.3333333333333333	LLLRVKEH:0.3333333333333333	TNGYHSTS:0.3333333333333333	LRVKEHPE:0.3333333333333333	
