cluster number:1197
GT4:11	GT4:11
HAGIPELV:0.2727272727272727	RLVRHHER:0.2727272727272727	WRRRYRRL:0.2727272727272727	RRRYRRLA:0.2727272727272727	LVRHHERY:0.2727272727272727	HDVLLVPS:0.2727272727272727	GWRRRYRR:0.2727272727272727	RRYRRLAR:0.2727272727272727	IDRLVRHH:0.2727272727272727	FIDRLVRH:0.2727272727272727	IGRLVEKK:0.36363636363636365	DRLVRHHE:0.2727272727272727	GRLVEKKG:0.36363636363636365	VVATRHAG:0.5454545454545454	VATRHAGI:0.5454545454545454	ATRHAGIP:0.7272727272727273	TRHAGIPE:0.5454545454545454	PVVATRHA:0.5454545454545454	FVAKKGPL:0.2727272727272727	EAQLSGLP:0.45454545454545453	EGSPVAVM:0.2727272727272727	AQLSGLPV:0.45454545454545453	SETFIRAN:0.36363636363636365	RHAGIPEV:0.2727272727272727	LPVVATRH:0.36363636363636365	VMEAQLSG:0.45454545454545453	MEAQLSGL:0.45454545454545453	VGRFVAKK:0.2727272727272727	PVAVMEAQ:0.45454545454545453	LAVGRFVA:0.2727272727272727	ETFIRANL:0.36363636363636365	RFVAKKGP:0.2727272727272727	HAGIPEVV:0.2727272727272727	AVGRFVAK:0.2727272727272727	AVMEAQLS:0.45454545454545453	GSPVAVME:0.2727272727272727	GLPVVATR:0.36363636363636365	LSGLPVVA:0.36363636363636365	VAVMEAQL:0.45454545454545453	QLSGLPVV:0.36363636363636365	SGLPVVAT:0.36363636363636365	GRFVAKKG:0.2727272727272727	SPVAVMEA:0.2727272727272727	VVHFRGSD:0.2727272727272727	LWMVGEGP:0.2727272727272727	VAPDGDSE:0.2727272727272727	RANLAGLP:0.2727272727272727	LVVHFRGS:0.2727272727272727	WMVGEGPL:0.2727272727272727	APDGDSEG:0.2727272727272727	PLVVHFRG:0.2727272727272727	FGFEAVRV:0.2727272727272727	FRGSDASA:0.2727272727272727	HFRGSDAS:0.2727272727272727	GFEAVRVM:0.2727272727272727	RGSDASAR:0.2727272727272727	FEAVRVME:0.2727272727272727	LLAVGRFV:0.2727272727272727	EFGFEAVR:0.2727272727272727	EAVRVMEA:0.2727272727272727	AVRVMEAC:0.2727272727272727	
