cluster number:1721
GT4:31	GT4:31
DHTLAGPL:0.25806451612903225	IQWPEPFG:0.22580645161290322	HDHTLAGP:0.25806451612903225	PIQWPEPF:0.22580645161290322	PLRIAAKM:0.3225806451612903	LNPIQWPE:0.22580645161290322	NPIQWPEP:0.22580645161290322	EALATGTP:0.5806451612903226	IEALATGT:0.3548387096774194	PFGLVMIE:0.4838709677419355	ALATGTPV:0.5161290322580645	FGLVMIEA:0.45161290322580644	AGIPLRIA:0.2903225806451613	VDIIHDHT:0.41935483870967744	LVMIEALA:0.3548387096774194	EPFGLVMI:0.4838709677419355	GGTERVVD:0.2903225806451613	DIIHDHTL:0.2903225806451613	LATGTPVI:0.2903225806451613	MIEALATG:0.3225806451612903	GLVMIEAL:0.3548387096774194	IPLRIAAK:0.22580645161290322	PVVTTIHG:0.22580645161290322	VMIEALAT:0.3225806451612903	GIPLRIAA:0.22580645161290322	YGGTERVV:0.2903225806451613	AFLNPIQW:0.22580645161290322	LATGTPVV:0.22580645161290322	
