cluster number:502
GT4:12	GT4:12|GT2:1
IHAQHTIE:0.25	PVVSTTIG:0.75	APVRDYNI:0.25	FVEDVRPY:0.25	RFAHKRVV:0.25	IAPLTSGS:0.25	PVRDYNII:0.25	STTIGAEG:0.8333333333333334	APLTSGSG:0.25	GAPVRDYN:0.25	AMSKPVVS:0.3333333333333333	TLHNVDHL:0.3333333333333333	NVDHLNFI:0.3333333333333333	VDHLNFIR:0.3333333333333333	GSGTRLKI:0.5	AQHTIEAA:0.25	SGSGTRLK:0.3333333333333333	NFIRQINH:0.25	IIHAQHTI:0.25	DHIFVVSE:0.25	IESVLKKS:0.25	KILEYMAM:0.3333333333333333	IIGFVEDV:0.25	CIAPLTSG:0.25	VEDVRPYI:0.3333333333333333	HLNFIRQI:0.25	IGFVEDVR:0.25	IRQINHQK:0.25	VITLHNVD:0.25	FGIKNYLE:0.25	EIIGFVED:0.25	HTIEAAPV:0.25	LTSGSGTR:0.25	GTRLKILE:0.5	TTIGAEGL:0.6666666666666666	MAMSKPVV:0.3333333333333333	VEIIGFVE:0.25	DHLNFIRQ:0.3333333333333333	DIIHAQHT:0.25	VCIAPLTS:0.25	HNVDHLNF:0.3333333333333333	LKILEYMA:0.3333333333333333	VVSTTIGA:0.8333333333333334	ITLHNVDH:0.25	VRDYNIIK:0.3333333333333333	TIGAEGLE:0.3333333333333333	KPVVSTTI:0.3333333333333333	IGAEGLEI:0.25	NKNILIAD:0.25	LHNVDHLN:0.3333333333333333	TSGSGTRL:0.25	QAASNSHF:0.25	SGAPVRDY:0.25	HPNILFMG:0.25	FDHIFVVS:0.25	PLTSGSGT:0.25	TRLKILEY:0.4166666666666667	GFVEDVRP:0.25	EYMAMSKP:0.3333333333333333	VSTTIGAE:0.8333333333333334	QHTIEAAP:0.25	SGTRLKIL:0.5	RLKILEYM:0.4166666666666667	LEYMAMSK:0.3333333333333333	DVCIAPLT:0.25	GAEGLEIS:0.25	KVITLHNV:0.25	RQINHQKS:0.25	YMAMSKPV:0.3333333333333333	FDIIHAQH:0.25	SKPVVSTT:0.3333333333333333	LNFIRQIN:0.25	NNKNILIA:0.25	ILEYMAMS:0.3333333333333333	HAQHTIEA:0.25	MSKPVVST:0.3333333333333333	FIRQINHQ:0.25	LHVMPYIP:0.25	VLHVMPYI:0.25	
