cluster number:504
GT4:13	GT4:13
PAFYKVNL:0.46153846153846156	FYKVNLFN:0.46153846153846156	AFYKVNLF:0.46153846153846156	GLVVEEAL:0.5384615384615384	ITHGVGIS:0.3076923076923077	PSLSEPWG:0.7692307692307693	THGVGISN:0.3076923076923077	GCKDDLVT:0.23076923076923078	LPSLSEPW:0.7692307692307693	TNVPAFYK:0.46153846153846156	LSEPWGLV:0.7692307692307693	PWGLVVEE:0.5384615384615384	WGLVVEEA:0.5384615384615384	FILPSLSE:0.46153846153846156	SLSEPWGL:0.7692307692307693	KVGCKDDL:0.23076923076923078	VGCKDDLV:0.23076923076923078	EPWGLVVE:0.5384615384615384	ILPSLSEP:0.5384615384615384	SEPWGLVV:0.7692307692307693	AIVIESSI:0.3076923076923077	TVITHGVG:0.3076923076923077	VEEALTLG:0.3076923076923077	SDCFILPS:0.3076923076923077	YKVNLFNE:0.3076923076923077	EVTLAALF:0.23076923076923078	VGCHSDLV:0.23076923076923078	KEVTLAAL:0.23076923076923078	RFIYVGRI:0.3076923076923077	ESSIIETK:0.3076923076923077	IGRMSLAY:0.3076923076923077	LTNVPAFY:0.3076923076923077	VIESSIIE:0.3076923076923077	LAALFNKR:0.23076923076923078	GCHSDLVN:0.23076923076923078	IVSNHVGC:0.3076923076923077	IVIESSII:0.3076923076923077	VKEVTLAA:0.23076923076923078	VFLTNVPA:0.3076923076923077	CHSDLVND:0.23076923076923078	PVIVSNHV:0.3076923076923077	LGLPVIVS:0.3076923076923077	CFILPSLS:0.3076923076923077	SGWEVKEV:0.23076923076923078	LPYELILI:0.23076923076923078	ALTLGLPV:0.3076923076923077	SSIIETKK:0.3076923076923077	YDAVFLTN:0.3076923076923077	VIVSNHVG:0.3076923076923077	IESSIIET:0.3076923076923077	NHVGCHSD:0.3076923076923077	LTLGLPVI:0.3076923076923077	VPAFYKVN:0.38461538461538464	TLGLPVIV:0.3076923076923077	EVKEVTLA:0.23076923076923078	GWEVKEVT:0.23076923076923078	GLPVIVSN:0.3076923076923077	EALTLGLP:0.3076923076923077	LRFIYVGR:0.3076923076923077	LPVIVSNH:0.3076923076923077	KNAIVIES:0.3076923076923077	KVNLFNEI:0.3076923076923077	SNHVGCHS:0.3076923076923077	MSLAYPSG:0.3076923076923077	PLRFIYVG:0.3076923076923077	WEVKEVTL:0.23076923076923078	GRMSLAYP:0.3076923076923077	NVPAFYKV:0.38461538461538464	DCFILPSL:0.3076923076923077	TLAALFNK:0.23076923076923078	FIYVGRIS:0.3076923076923077	FLTNVPAF:0.3076923076923077	VVEEALTL:0.3076923076923077	PYELILIG:0.23076923076923078	EEALTLGL:0.3076923076923077	NAIVIESS:0.3076923076923077	AVFLTNVP:0.3076923076923077	AIGRMSLA:0.3076923076923077	HVGCHSDL:0.3076923076923077	VTLAALFN:0.23076923076923078	LVVEEALT:0.3076923076923077	RMSLAYPS:0.3076923076923077	LQKAILET:0.3076923076923077	DAVFLTNV:0.3076923076923077	VSNHVGCH:0.3076923076923077	GRISPEKN:0.23076923076923078	RISPEKNI:0.23076923076923078	VGRISPEK:0.23076923076923078	VLPSLSEP:0.23076923076923078	
