cluster number:811
GT4:13	GT4:13
VGRLGKEK:0.6923076923076923	ELNEDDFV:0.23076923076923078	PFSMGILA:0.3076923076923077	FASYTETQ:0.3076923076923077	PQKNGVAT:0.23076923076923078	CLKLDKVI:0.23076923076923078	GTHHTMYE:0.23076923076923078	SYTETQGL:0.3076923076923077	IKELNEDD:0.3076923076923077	KELNEDDF:0.3076923076923077	DPFSMGIL:0.3076923076923077	THHTMYEY:0.23076923076923078	YTETQGLV:0.3076923076923077	HHTMYEYY:0.23076923076923078	TQGLVVLE:0.23076923076923078	EKNIDFLI:0.23076923076923078	AGTPVVAL:0.3076923076923077	TETQGLVV:0.38461538461538464	ETQGLVVL:0.23076923076923078	GTPVVALG:0.3076923076923077	IMIKELNE:0.3076923076923077	FVGRLGKE:0.5384615384615384	ASYTETQG:0.3076923076923077	GIMIKELN:0.3076923076923077	NWCLKLDK:0.23076923076923078	WCLKLDKV:0.23076923076923078	EMEKLGHN:0.23076923076923078	RLGKEKNI:0.5384615384615384	TPVVALGK:0.3076923076923077	GRLGKEKN:0.6923076923076923	MIKELNED:0.3076923076923077	GGIMIKEL:0.3076923076923077	AGGIMIKE:0.3076923076923077	MEKLGHNV:0.23076923076923078	SMAAGTPV:0.23076923076923078	FEKEQRIA:0.23076923076923078	FLFEKEQR:0.23076923076923078	ADIFVFAS:0.23076923076923078	KFLFEKEQ:0.23076923076923078	LLFVGRLG:0.6153846153846154	RILLFVGR:0.23076923076923078	HNVYLFVP:0.23076923076923078	ESMAAGTP:0.3076923076923077	LFEKEQRI:0.23076923076923078	MAAGTPVV:0.23076923076923078	GHNVYLFV:0.23076923076923078	AAGTPVVA:0.23076923076923078	ILLFVGRL:0.46153846153846156	LESMAAGT:0.3076923076923077	LGKEKNIS:0.23076923076923078	ETQGLVIL:0.23076923076923078	LFVGRLGK:0.46153846153846156	GKEKNISF:0.23076923076923078	TETQGLVI:0.38461538461538464	TQGLVILE:0.23076923076923078	EAKAAGLP:0.3076923076923077	GEAKAAGL:0.3076923076923077	AGLPVVAV:0.3076923076923077	AKAAGLPV:0.3076923076923077	AAGLPVVA:0.3076923076923077	KAAGLPVV:0.3076923076923077	VTETQGLV:0.3076923076923077	SVTETQGL:0.3076923076923077	ASVTETQG:0.23076923076923078	YTSGVVRS:0.23076923076923078	VFASVTET:0.23076923076923078	IHVHSPFL:0.3076923076923077	FVFASVTE:0.23076923076923078	FASVTETQ:0.23076923076923078	PYTSGVVR:0.23076923076923078	LPYTSGVV:0.23076923076923078	DSYLPYTS:0.23076923076923078	FTDSYLPY:0.23076923076923078	YLPYTSGV:0.23076923076923078	SYLPYTSG:0.23076923076923078	TDSYLPYT:0.23076923076923078	
