cluster number:865
GT4:21	GT4:21
MSAGIPVI:0.42857142857142855	SAGIPVIA:0.38095238095238093	AGIPVIAS:0.5238095238095238	NYPILGEL:0.23809523809523808	HEDVPKQI:0.2857142857142857	FEYMSAGI:0.47619047619047616	HPLPNHID:0.23809523809523808	NNYPILGE:0.23809523809523808	DPELIPIG:0.42857142857142855	PELIPIGL:0.38095238095238093	RIFLKECS:0.23809523809523808	YHFHDPEL:0.5714285714285714	ELIPIGLK:0.2857142857142857	FHDPELIP:0.2857142857142857	NTIDINNY:0.23809523809523808	VADGKGNE:0.23809523809523808	DLYHFHDP:0.23809523809523808	PNHIDAQP:0.23809523809523808	LYHFHDPE:0.2857142857142857	LIPIGLKL:0.2857142857142857	NHIDAQPN:0.23809523809523808	QVCYVGGI:0.23809523809523808	IPVIASNF:0.2857142857142857	IPIGLKLK:0.2857142857142857	PLPNHIDA:0.23809523809523808	KQVCYVGG:0.23809523809523808	LPNHIDAQ:0.23809523809523808	GIPVIASN:0.2857142857142857	HDPELIPI:0.42857142857142855	TIDINNYP:0.23809523809523808	HFHDPELI:0.38095238095238093	EYMSAGIP:0.47619047619047616	PIGLKLKK:0.23809523809523808	YMSAGIPV:0.42857142857142855	HIDAQPNK:0.23809523809523808	CGICVDPL:0.2857142857142857	GICVDPLN:0.23809523809523808	ICVDPLNP:0.23809523809523808	LPVKMFEY:0.23809523809523808	PVKMFEYM:0.23809523809523808	AQPNKMFE:0.2857142857142857	PNKMFEYM:0.3333333333333333	NKMFEYMS:0.3333333333333333	KMFEYMSA:0.42857142857142855	QPNKMFEY:0.3333333333333333	YDVHEDVP:0.23809523809523808	MFEYMSAG:0.42857142857142855	DVHEDVPR:0.23809523809523808	
