cluster number:231
GT4:33	GT4:33
IMNLYRNI:0.48484848484848486	NLYRNIDR:0.48484848484848486	LYRNIDRS:0.3939393939393939	YRNIDRSK:0.3939393939393939	MNLYRNID:0.5151515151515151	GLPLTLIE:0.2727272727272727	PSLHEGLP:0.21212121212121213	EGLPLTLI:0.2727272727272727	AHSHNTSS:0.21212121212121213	PVRIAHSH:0.24242424242424243	VNMNRGGA:0.42424242424242425	IAHSHNTS:0.21212121212121213	SHNTSSEG:0.21212121212121213	RIAHSHNT:0.3939393939393939	PLTLIEAQ:0.21212121212121213	MNRGGAET:0.5454545454545454	LPLTLIEA:0.2727272727272727	HSHNTSSE:0.21212121212121213	VPVRIAHS:0.21212121212121213	FPSLHEGL:0.21212121212121213	VVNMNRGG:0.42424242424242425	NMNRGGAE:0.42424242424242425	IDRSKVQF:0.30303030303030304	SKVQFDFL:0.36363636363636365	RSKVQFDF:0.3333333333333333	DRSKVQFD:0.3333333333333333	NIDRSKVQ:0.30303030303030304	RNIDRSKV:0.2727272727272727	VIGHVGRF:0.36363636363636365	IRIAHSHN:0.2727272727272727	PIRIAHSH:0.2727272727272727	FVIGHVGR:0.2727272727272727	AETLIMNL:0.42424242424242425	KMSGFVLR:0.2727272727272727	MSGFVLRS:0.24242424242424243	MDKMSGFV:0.21212121212121213	KVQFDFLT:0.36363636363636365	QFDFLTCK:0.3939393939393939	VVVNMNRG:0.36363636363636365	GGAETLIM:0.48484848484848486	ETLIMNLY:0.45454545454545453	HMDKMSGF:0.21212121212121213	DKMSGFVL:0.30303030303030304	VQFDFLTC:0.3939393939393939	KIYKWYAG:0.21212121212121213	NRGGAETL:0.5454545454545454	LIMNLYRN:0.36363636363636365	GAETLIMN:0.48484848484848486	SGFVLRSA:0.24242424242424243	LHVVVNMN:0.36363636363636365	HVVVNMNR:0.36363636363636365	RGGAETLI:0.48484848484848486	TLIMNLYR:0.42424242424242425	PLRVLHVV:0.2727272727272727	TCKEGVFD:0.30303030303030304	LRVLHVVV:0.2727272727272727	SHMDKMSG:0.24242424242424243	IVHSHMDK:0.21212121212121213	VGHRGYIK:0.21212121212121213	FDFLTCKE:0.30303030303030304	LTCKEGVF:0.30303030303030304	EGVFDEEI:0.21212121212121213	FLTCKEGV:0.30303030303030304	VLHVVVNM:0.2727272727272727	VHSHMDKM:0.24242424242424243	HSHMDKMS:0.24242424242424243	RVLHVVVN:0.2727272727272727	VLRSAKKA:0.2727272727272727	GLPCIISD:0.21212121212121213	KEGVFDEE:0.21212121212121213	DFLTCKEG:0.30303030303030304	FVLRSAKK:0.21212121212121213	GFVLRSAK:0.21212121212121213	
