cluster number:1469
GT4:27	GT4:27
SLQENLSN:0.2222222222222222	KKLILFGA:0.2962962962962963	ARAAYRLH:0.4444444444444444	AARAAYRL:0.4444444444444444	GGAARAAY:0.4444444444444444	PSLQENLS:0.2222222222222222	GAARAAYR:0.4444444444444444	DKKLILFG:0.25925925925925924	WAFTGGCH:0.5925925925925926	ATSDPRKG:0.2222222222222222	PVVAFDIG:0.2222222222222222	HDMWAFTG:0.5185185185185185	IKAPIVWS:0.25925925925925924	PIVWSLHD:0.2962962962962963	PDIVHLHW:0.3333333333333333	MWAFTGGC:0.5185185185185185	KAPIVWSL:0.25925925925925924	TPVVAFDI:0.2222222222222222	LHDMWAFT:0.5185185185185185	NPDIVHLH:0.25925925925925924	VAFDIGGN:0.2222222222222222	VWSLHDMW:0.2962962962962963	KLILFGAM:0.2222222222222222	IVWSLHDM:0.25925925925925924	APIVWSLH:0.25925925925925924	WSLHDMWA:0.2962962962962963	SLHDMWAF:0.2962962962962963	AFTGGCHY:0.4444444444444444	DMWAFTGG:0.5185185185185185	VVAFDIGG:0.2222222222222222	TLHDMWAF:0.2222222222222222	LSCGTPVV:0.37037037037037035	ESLSCGTP:0.3333333333333333	SLSCGTPV:0.3333333333333333	SCGTPVVA:0.2222222222222222	CGTPVVAF:0.2962962962962963	DVMVVPSL:0.2222222222222222	MVVPSLQE:0.2222222222222222	QGGAARAA:0.2222222222222222	INKINPDI:0.2222222222222222	SQMLVQSK:0.2222222222222222	VMVVPSLQ:0.2222222222222222	FTGGCHYD:0.2222222222222222	
