cluster number:641
GT4:24	GT4:24
WPSMDLVG:0.2916666666666667	GWPSMDLV:0.2916666666666667	EEGWPSMD:0.2916666666666667	EGWPSMDL:0.3333333333333333	AAIVFHST:0.20833333333333334	VLVTSEAE:0.25	WAPYGVSP:0.20833333333333334	LHVGSAIP:0.25	AQLVHALP:0.25	YGVSPEYR:0.20833333333333334	QLVHALPA:0.25	LLHVGSAI:0.2916666666666667	RTVLDAYL:0.20833333333333334	SEAVLAPL:0.20833333333333334	GRPYLLHV:0.3333333333333333	PREEGWPS:0.25	PRKRLDVL:0.3333333333333333	DPREEGWP:0.25	PAWFRAMA:0.20833333333333334	DHTYAQLV:0.20833333333333334	AEGFGLPV:0.375	AVLVTSEA:0.20833333333333334	GGRPYLLH:0.20833333333333334	PRPAWFRA:0.20833333333333334	ASDLPVLR:0.5416666666666666	IEALACGA:0.25	APYGVSPE:0.20833333333333334	VTSEAEGF:0.25	RAAIVFHS:0.20833333333333334	VVDHTYAQ:0.20833333333333334	VDHTYAQL:0.25	RATLAGLY:0.2916666666666667	LERAAIVF:0.2916666666666667	LTRFGLYP:0.25	EAEGFGLP:0.375	PYLLHVGS:0.375	GVSPEYRP:0.20833333333333334	FGLPVIEA:0.4166666666666667	PVLREVGA:0.25	EGFGLPVI:0.4166666666666667	LMDPREEG:0.20833333333333334	MDPREEGW:0.2916666666666667	RPAWFRAM:0.25	PYGVSPEY:0.20833333333333334	RTGVYCHD:0.2916666666666667	FHSTQAVR:0.20833333333333334	ATLAGLYR:0.2916666666666667	TSEAEGFG:0.2916666666666667	PSMDLVGE:0.25	LPVIEALA:0.375	VWAPYGVS:0.20833333333333334	YLLHVGSA:0.375	RLVWAPYG:0.20833333333333334	ERAAIVFH:0.2916666666666667	SEAEGFGL:0.375	DLVGEALL:0.2916666666666667	AIVFHSTQ:0.20833333333333334	RNAAFNAD:0.20833333333333334	LPVLREVG:0.3333333333333333	LVTSEAEG:0.25	LPASRTGV:0.20833333333333334	HVGSAIPR:0.25	IPRKRLDV:0.2916666666666667	SDLPVLRE:0.5416666666666666	SAIPRKRL:0.25	VFHSTQAV:0.20833333333333334	PASRTGVY:0.20833333333333334	VIEALACG:0.3333333333333333	RPYLLHVG:0.375	ASRTGVYC:0.20833333333333334	GLPVIEAL:0.375	PVGDVPAW:0.20833333333333334	LVWAPYGV:0.20833333333333334	VASDLPVL:0.4166666666666667	LGGRPYLL:0.20833333333333334	NAAFNADR:0.20833333333333334	LAPLGGRP:0.20833333333333334	YAQLVHAL:0.25	REEGWPSM:0.25	HTYAQLVH:0.20833333333333334	DLPVLREV:0.5	RKRLDVLF:0.3333333333333333	VGSAIPRK:0.25	GFGLPVIE:0.4166666666666667	MDLVGEAL:0.3333333333333333	GLERAAIV:0.2916666666666667	EPRPAWFR:0.20833333333333334	SMDLVGEA:0.2916666666666667	HVVDHTYA:0.20833333333333334	AIPRKRLD:0.20833333333333334	PVIEALAC:0.3333333333333333	VVASDLPV:0.3333333333333333	GSAIPRKR:0.25	PVVASDLP:0.2916666666666667	HDLDAFRS:0.20833333333333334	CHDLDAFR:0.20833333333333334	LRLVQQGG:0.25	YCHDLDAF:0.25	VYCHDLDA:0.25	RLVQQGGA:0.20833333333333334	LVQQGGAL:0.20833333333333334	TGVYCHDL:0.25	GVYCHDLD:0.25	LPVLREVL:0.20833333333333334	
