cluster number:442
GT4:43	GT4:43
TRMDAQGV:0.37209302325581395	PTRMDAQG:0.37209302325581395	QSMFARRV:0.32558139534883723	FTTDIDCI:0.46511627906976744	GVSRDEAM:0.6744186046511628	QSQSMFAR:0.3488372093023256	IDKAYKGY:0.27906976744186046	FWNKEDPV:0.6046511627906976	SMFARRVF:0.2558139534883721	SQSMFARR:0.3488372093023256	RDEAMSSG:0.32558139534883723	VFTTDIDC:0.46511627906976744	AMSSGLVP:0.27906976744186046	WNKEDPVH:0.6046511627906976	VTAIPEFV:0.20930232558139536	NKEDPVHF:0.6046511627906976	KQSQSMFA:0.3488372093023256	TAIPEFVD:0.20930232558139536	SQGVSRDE:0.32558139534883723	EIDKAYKG:0.23255813953488372	SRDEAMSS:0.32558139534883723	MFARRVFE:0.4186046511627907	IKQSQSMF:0.32558139534883723	EAMSSGLV:0.3023255813953488	DSQGVSRD:0.32558139534883723	DEAMSSGL:0.32558139534883723	QGVSRDEA:0.6976744186046512	VSRDEAMS:0.32558139534883723	SRKYANDL:0.2558139534883721	AQGVSRDE:0.32558139534883723	IIHNPIDT:0.3953488372093023	ANDLSVKA:0.27906976744186046	RNGFVHSR:0.3023255813953488	MDAQGVSR:0.32558139534883723	YRNGFVHS:0.3023255813953488	KYANDLSV:0.4186046511627907	NDLSVKAI:0.23255813953488372	LYRNGFVH:0.3488372093023256	SSGLVPIT:0.23255813953488372	DAQGVSRD:0.32558139534883723	LSIRPYAS:0.4418604651162791	YANDLSVK:0.27906976744186046	RMDAQGVS:0.3488372093023256	SGLVPITN:0.3023255813953488	RKYANDLS:0.23255813953488372	ARRVFELL:0.3953488372093023	LLFGDLVV:0.23255813953488372	EAMASGLV:0.37209302325581395	SRDEAMAS:0.3488372093023256	GSYYLRYP:0.20930232558139536	NFAGSYYL:0.20930232558139536	VSRDEAMA:0.3488372093023256	AMASGLVP:0.32558139534883723	VFELLASN:0.2558139534883721	FARRVFEL:0.3953488372093023	DEAMASGL:0.37209302325581395	QSQTMFAR:0.3023255813953488	AGSYYLRY:0.20930232558139536	SQTMFARR:0.32558139534883723	RVFELLAS:0.2558139534883721	FELLASNT:0.2558139534883721	RRVFELLA:0.27906976744186046	RDEAMASG:0.3488372093023256	KQSQTMFA:0.27906976744186046	FAGSYYLR:0.20930232558139536	RLLFGDLV:0.27906976744186046	FNFAGSYY:0.20930232558139536	EDPVHFET:0.27906976744186046	YPERTRDL:0.2558139534883721	PELLFIES:0.20930232558139536	SIKQSQSM:0.2558139534883721	RVYLLPFA:0.2558139534883721	LLFIESAW:0.3488372093023256	TVFWNKED:0.3488372093023256	KILSIRPY:0.20930232558139536	LRKVMQEH:0.20930232558139536	VFWNKEDP:0.4418604651162791	LNSIKQSQ:0.32558139534883723	RYPERTRD:0.23255813953488372	PTVFWNKE:0.3488372093023256	PVHFETFL:0.27906976744186046	NSIKQSQS:0.2558139534883721	NLNSIKQS:0.32558139534883723	DLYRNGFV:0.20930232558139536	VYLLPFAC:0.20930232558139536	YLLPFACQ:0.20930232558139536	IDCIHRYK:0.20930232558139536	DPVHFETF:0.27906976744186046	RKVMQEHT:0.20930232558139536	KEDPVHFE:0.27906976744186046	TDIDCIHR:0.20930232558139536	LADGKHEY:0.20930232558139536	TTDIDCIH:0.20930232558139536	FAEEVMED:0.27906976744186046	ELLFIESA:0.20930232558139536	LLPFACQP:0.23255813953488372	TVSNFSRG:0.2558139534883721	DIDCIHRY:0.20930232558139536	KVMQEHTY:0.20930232558139536	VPTVFWNK:0.23255813953488372	AAIPEFVD:0.27906976744186046	VAAIPEFV:0.20930232558139536	FIESAWRG:0.3023255813953488	AINLNSIK:0.20930232558139536	RKDAFCFA:0.27906976744186046	SNFSRGVR:0.3023255813953488	NFSRGVRL:0.2558139534883721	AFCFAGAY:0.27906976744186046	YFAEEVME:0.20930232558139536	LFIESAWR:0.27906976744186046	FCFAGAYY:0.32558139534883723	VSNFSRGV:0.27906976744186046	IESAWRGK:0.27906976744186046	INLNSIKQ:0.27906976744186046	DAFCFAGA:0.27906976744186046	ESAWRGKD:0.27906976744186046	LPFACQPA:0.20930232558139536	KDAFCFAG:0.27906976744186046	KKILSIRP:0.2558139534883721	RKKILSIR:0.2558139534883721	NGFVHSRV:0.2558139534883721	GVRLLFGD:0.20930232558139536	VRLLFGDL:0.20930232558139536	DKAYKGYR:0.20930232558139536	RGVRLLFG:0.20930232558139536	FSRGVRLL:0.20930232558139536	SRGVRLLF:0.20930232558139536	DYYGPNYL:0.20930232558139536	EVQPWWRR:0.23255813953488372	
