cluster number:1488
GT4:19	GT4:19
HLHWVQGE:0.21052631578947367	GTPVVAFN:0.2631578947368421	TPVVAFNT:0.21052631578947367	KPVVWTLH:0.21052631578947367	AFCGAEHY:0.2631578947368421	ARAAYRIH:0.42105263157894735	PSRQEAFG:0.21052631578947367	PVVWTLHD:0.21052631578947367	WVQGEMLS:0.21052631578947367	WAFCGAEH:0.3157894736842105	LHWVQGEM:0.21052631578947367	DPRKGFDL:0.21052631578947367	WTLHDMWA:0.3684210526315789	VQGEMLSI:0.21052631578947367	VVWTLHDM:0.21052631578947367	DMWAFCGA:0.3157894736842105	RAAYRIHH:0.21052631578947367	PEDLARGI:0.21052631578947367	LRILYSAA:0.21052631578947367	FDLNRWTW:0.2631578947368421	PRKGFDLL:0.21052631578947367	VPSRQEAF:0.21052631578947367	HWVQGEML:0.21052631578947367	LHDMWAFC:0.2631578947368421	GFDLNRWT:0.2631578947368421	HDMWAFCG:0.3157894736842105	GGAARAAY:0.5263157894736842	HACGTPVV:0.2631578947368421	CGTPVVAF:0.5263157894736842	VWTLHDMW:0.5789473684210527	DPEDLARG:0.21052631578947367	AYRIHHAL:0.21052631578947367	VVPSRQEA:0.21052631578947367	GGKDPRKG:0.21052631578947367	TLHDMWAF:0.3684210526315789	RILYSAAD:0.21052631578947367	AARAAYRI:0.42105263157894735	GAARAAYR:0.5263157894736842	YRIHHALR:0.21052631578947367	ACGTPVVA:0.47368421052631576	AAYRIHHA:0.21052631578947367	MWAFCGAE:0.3157894736842105	CGAEHYAE:0.21052631578947367	LSIEDIGR:0.21052631578947367	SEAHACGT:0.21052631578947367	AHACGTPV:0.21052631578947367	EAHACGTP:0.21052631578947367	ESLACGTP:0.21052631578947367	AVWTLHDM:0.21052631578947367	PAVWTLHD:0.21052631578947367	KPAVWTLH:0.21052631578947367	PSRQDNLP:0.3157894736842105	SRQDNLPN:0.21052631578947367	SLACGTPV:0.21052631578947367	SGGAARAA:0.21052631578947367	VPSRQDNL:0.21052631578947367	
