cluster number:1448
GT4:30	GT4:30
LFEGWGLP:0.26666666666666666	PSLFEGWG:0.26666666666666666	FEGWGLPV:0.3333333333333333	SLFEGWGL:0.26666666666666666	FPSLFEGW:0.26666666666666666	GLPVSESL:0.36666666666666664	FAGRVGWL:0.36666666666666664	WGLPVSES:0.36666666666666664	TLEARKNH:0.2	FVSTLEAR:0.2	LFVSTLEA:0.2	YVLFVSTL:0.23333333333333334	GWGLPVSE:0.36666666666666664	LVFAGRVG:0.36666666666666664	LPVSESLA:0.26666666666666666	TLVFAGRV:0.36666666666666664	PSGIQRVV:0.23333333333333334	RPSGIQRV:0.3333333333333333	STLEARKN:0.2	PTLVFAGR:0.43333333333333335	VSTLEARK:0.2	EGWGLPVS:0.36666666666666664	VPTLVFAG:0.43333333333333335	SDLMQQLE:0.2	AGRVGWLV:0.3333333333333333	VFAGRVGW:0.36666666666666664	VLFVSTLE:0.23333333333333334	WGLPVTES:0.3333333333333333	FRVWRRLL:0.3	YEGWGLPV:0.3333333333333333	LFRVWRRL:0.23333333333333334	GWGLPVTE:0.36666666666666664	KNHALLFR:0.2	NHALLFRV:0.2	EGWGLPVT:0.36666666666666664	EARKNHAL:0.26666666666666666	ALLFRVWR:0.2	HALLFRVW:0.2	ARKNHALL:0.2	IEARKNHA:0.2	RKNHALLF:0.2	TIEARKNH:0.5666666666666667	LLFRVWRR:0.23333333333333334	EQVPTLVF:0.2	VSTIEARK:0.4666666666666667	LFVSTIEA:0.3333333333333333	SYVLFVST:0.26666666666666666	GLPVTESL:0.26666666666666666	FVSTIEAR:0.3333333333333333	DLMQQLEN:0.3333333333333333	VLFVSTIE:0.3	LMQQLENT:0.23333333333333334	DIFLILGA:0.2	STIEARKN:0.4666666666666667	YVLFVSTI:0.3	QVPTLVFA:0.23333333333333334	GSYVLFVS:0.2	
