cluster number:1467
GT4:19	GT4:19
LDGLVFGA:0.21052631578947367	RYEGYGMV:0.3157894736842105	ITVALPGF:0.21052631578947367	SIFALATR:0.2631578947368421	ASIFALAT:0.2631578947368421	FALATRYE:0.7368421052631579	YEGYGMVL:0.21052631578947367	RKGHDVLL:0.47368421052631576	ALATRYEG:0.7368421052631579	IFALATRY:0.42105263157894735	RAVFAIPG:0.21052631578947367	VGAVPETV:0.21052631578947367	DGLVFGAI:0.21052631578947367	LILSVGLL:0.2631578947368421	LATRYEGY:0.7368421052631579	AVFAIPGD:0.3157894736842105	GLVFGAID:0.21052631578947367	ATRYEGYG:0.7368421052631579	ILDGLVFG:0.3157894736842105	TRYEGYGM:0.3684210526315789	ILSVGLLA:0.3157894736842105	PLILSVGL:0.2631578947368421	PPLILSVG:0.7368421052631579	AFAAALRR:0.21052631578947367	VFALATRY:0.3157894736842105	PRKGHDVL:0.2631578947368421	LILDGLVF:0.21052631578947367	IYERRLLE:0.2631578947368421	HGLPIVSC:0.2631578947368421	RITVALPG:0.21052631578947367	ARITVALP:0.21052631578947367	AAFAIPGD:0.21052631578947367	TGGYIYER:0.21052631578947367	GAVPDTVP:0.3157894736842105	HPLALESG:0.21052631578947367	PLALESGL:0.21052631578947367	HHPLALES:0.21052631578947367	PLILSVGI:0.5263157894736842	RRLLEGLR:0.21052631578947367	RITIARPG:0.21052631578947367	YERRLLEG:0.2631578947368421	AVPDTVPA:0.21052631578947367	TGAVPDTV:0.3157894736842105	GGYIYERR:0.21052631578947367	ERRLLEGL:0.2631578947368421	TRYEGYGI:0.2631578947368421	YGIVFDEA:0.21052631578947367	RYEGYGIV:0.2631578947368421	EGYGIVFD:0.21052631578947367	GYGIVFDE:0.21052631578947367	YEGYGIVF:0.2631578947368421	LHPRKGHD:0.21052631578947367	FPDPDPAE:0.21052631578947367	LILSVGIL:0.3684210526315789	GFPDPDPA:0.21052631578947367	LSVGILHP:0.21052631578947367	EALAHGLP:0.21052631578947367	PAGFPDPD:0.21052631578947367	LAHGLPIV:0.21052631578947367	ALAHGLPI:0.21052631578947367	HVLVPSPH:0.3157894736842105	ILSVGILH:0.21052631578947367	ILHPRKGH:0.21052631578947367	AGFPDPDP:0.21052631578947367	AHGLPIVS:0.21052631578947367	GAVPQTVP:0.21052631578947367	FDEALAHG:0.21052631578947367	LPAGFPDP:0.21052631578947367	GILHPRKG:0.21052631578947367	VGILHPRK:0.21052631578947367	AMIHHPLA:0.21052631578947367	SVGILHPR:0.21052631578947367	VAMIHHPL:0.21052631578947367	VLVPSPHT:0.2631578947368421	VFDEALAH:0.21052631578947367	DEALAHGL:0.21052631578947367	GLLVPPDD:0.21052631578947367	LLVPPDDP:0.21052631578947367	
