cluster number:1547
GT4:27	GT4:27
DVLFLHLN:0.48148148148148145	ADVLFLHL:0.4444444444444444	LPSKLFEY:0.4074074074074074	VLPSKLFE:0.37037037037037035	LNDYDAFR:0.37037037037037035	DLSAGSFR:0.25925925925925924	VYATSSRL:0.3333333333333333	GEGQGLHT:0.2222222222222222	IFVDTIKD:0.5555555555555556	LFLHLNDY:0.5925925925925926	LSAGSFRT:0.2222222222222222	HLNDYDAF:0.4444444444444444	TIKDVLPS:0.2222222222222222	KPIWAGVA:0.25925925925925924	FEYAALGK:0.3333333333333333	VDTIKDVL:0.5555555555555556	GKPIWAGV:0.2962962962962963	EYAALGKP:0.3333333333333333	YAALGKPI:0.25925925925925924	FVDTIKDV:0.5555555555555556	DIFVDTIK:0.5555555555555556	FRKVLPSK:0.4074074074074074	IWAGVAGY:0.25925925925925924	PNRYSSFS:0.2962962962962963	DAFRKVLP:0.37037037037037035	ALGKPIWA:0.25925925925925924	VVFTNGID:0.2222222222222222	LYLDIRDI:0.7407407407407407	EGQGLHTI:0.2222222222222222	FLHLNDYD:0.4074074074074074	NDYDAFRK:0.37037037037037035	ITTQPNRY:0.25925925925925924	DYDAFRKV:0.37037037037037035	VSAGFLPY:0.25925925925925924	LHLNDYDA:0.4074074074074074	PLYLDIRD:0.7407407407407407	YATSSRLM:0.3333333333333333	SAGFLPYF:0.25925925925925924	AALGKPIW:0.25925925925925924	DTIKDVLP:0.4074074074074074	TSSRLMTA:0.4074074074074074	KVLPSKLF:0.25925925925925924	IRDIFVDT:0.6296296296296297	PDLSAGSF:0.25925925925925924	YLDIRDIF:0.7407407407407407	AFRKVLPS:0.4074074074074074	ATSSRLMT:0.37037037037037035	PIWAGVAG:0.25925925925925924	RDIFVDTI:0.6296296296296297	DIRDIFVD:0.6296296296296297	LDIRDIFV:0.6296296296296297	YDAFRKVL:0.37037037037037035	VITTQPNR:0.25925925925925924	LGKPIWAG:0.25925925925925924	VLFLHLND:0.4444444444444444	NGIDDEFL:0.2222222222222222	FKKVLPSK:0.2962962962962963	SKLFEYGA:0.2222222222222222	FTNGIDDE:0.3333333333333333	TNGIDDEF:0.37037037037037035	PSKLFEYG:0.2222222222222222	AFKKVLPS:0.2962962962962963	YAGNIGEG:0.5555555555555556	LPSKIFEY:0.3333333333333333	IGEGQGLH:0.5185185185185185	NIGEGQGL:0.5925925925925926	PSKIFEYA:0.2962962962962963	VLPSKIFE:0.5185185185185185	AGNIGEGQ:0.5555555555555556	SKIFEYAA:0.2962962962962963	KVLPSKIF:0.5185185185185185	GNIGEGQG:0.5925925925925926	VYAGNIGE:0.25925925925925924	SSSRLFTA:0.2962962962962963	EPDLCAGS:0.2222222222222222	LCAGSFRN:0.25925925925925924	GSFRNSPL:0.2222222222222222	AGSFRNSP:0.2222222222222222	ASSSRLFT:0.25925925925925924	DLCAGSFR:0.4444444444444444	IPLYLDIR:0.2222222222222222	CAGSFRNS:0.2222222222222222	PDLCAGSF:0.4444444444444444	LYAGNIGE:0.2962962962962963	SRLFTAFL:0.25925925925925924	SSRLFTAF:0.25925925925925924	VLYAGNIG:0.2222222222222222	
