cluster number:2237
GT4:12	GT4:12
TPGFVLDL:0.25	LGGDLYAL:0.4166666666666667	DLADGAIV:0.25	NGDRDGLP:0.25	ALYPSVPA:0.25	PGFVLDLA:0.25	VTTLGGDL:0.3333333333333333	FVLDLATA:0.25	VGRLVEKK:0.4166666666666667	GDRDGLPV:0.25	DGTPGFVL:0.25	PVALLEAM:0.3333333333333333	LPVALLEA:0.3333333333333333	PRVVTTLG:0.25	LFVGRLVE:0.3333333333333333	VVTTLGGD:0.25	GDGTPGFV:0.25	VVGDGPLR:0.3333333333333333	GFVLDLAT:0.25	LPRVVTTL:0.25	LHWIIPQG:0.25	DGLPVALL:0.3333333333333333	RDGLPVAL:0.25	RLVEKKGA:0.25	FVGRLVEK:0.3333333333333333	GTPGFVLD:0.25	RVVTTLGG:0.25	TLGGDLYA:0.4166666666666667	DRDGLPVA:0.25	GLPVALLE:0.3333333333333333	TTLGGDLY:0.4166666666666667	GRLVEKKG:0.4166666666666667	MSAGCAIV:0.25	LEAMSAGC:0.3333333333333333	VLFVGRLV:0.25	AMSAGCAI:0.25	ALLEAMSA:0.3333333333333333	LLEAMSAG:0.3333333333333333	EAMSAGCA:0.25	RFRDKKGI:0.25	SLTDGCPN:0.25	ADLHKHIF:0.25	YEVHVAVF:0.3333333333333333	GVGESVNR:0.25	PNALLEAM:0.3333333333333333	DIFAIPSL:0.25	DGCPNALL:0.3333333333333333	HVAVFRSK:0.3333333333333333	NSVRGADL:0.25	EYPPDVGG:0.25	LTDGCPNA:0.25	VRGADLHK:0.25	DVGGVGES:0.25	SVRGADLH:0.25	IGTTGRFR:0.25	VAVFRSKQ:0.3333333333333333	PVINSVRG:0.25	PDVGGVGE:0.25	YPPDVGGV:0.25	EVHVAVFR:0.3333333333333333	PPDVGGVG:0.25	TDGCPNAL:0.25	FRDKKGIE:0.25	SVNRIAKM:0.25	CPNALLEA:0.3333333333333333	LDIFAIPS:0.25	IPSLTDGC:0.25	VGESVNRI:0.25	ESVNRIAK:0.25	AVFRSKQR:0.3333333333333333	INSVRGAD:0.25	GESVNRIA:0.25	GGVGESVN:0.25	GADLHKHI:0.25	VHVAVFRS:0.3333333333333333	GRFRDKKG:0.25	GCPNALLE:0.3333333333333333	PSLTDGCP:0.25	TGRFRDKK:0.25	DAIGEIIE:0.3333333333333333	VNRIAKML:0.25	RGADLHKH:0.25	VGGVGESV:0.25	GYEVHVAV:0.3333333333333333	TTLEYPPD:0.25	AIGEIIED:0.25	KICITTLE:0.25	ICITTLEY:0.25	FRSKQRLV:0.25	VDAIGEII:0.25	ITTLEYPP:0.25	CITTLEYP:0.25	YLADKPEL:0.25	VFRSKQRL:0.25	NVDAIGEI:0.25	LADKPELR:0.25	
