cluster number:1140
GT4:19	GT4:19
GFGLTQLE:0.7368421052631579	ADVFLFPT:0.5789473684210527	QADVFLFP:0.3684210526315789	SDGFGLTQ:0.7368421052631579	DGFGLTQL:0.7368421052631579	FLGQVILR:0.7368421052631579	RYAKSQGW:0.21052631578947367	LELFRYAK:0.21052631578947367	ERFHPDLA:0.21052631578947367	SYAALELF:0.42105263157894735	VLFLGQVI:0.7368421052631579	LRVLFLGQ:0.7368421052631579	ILFSYSYA:0.3684210526315789	DVFLFPTL:0.47368421052631576	FRYAKSQG:0.21052631578947367	LFLGQVIL:0.7368421052631579	PTLSDGFG:0.7894736842105263	TQLEAQAW:0.7894736842105263	QVILRKGI:0.5789473684210527	SKFCGEVV:0.21052631578947367	VILRKGIA:0.47368421052631576	AALELFRY:0.21052631578947367	CCQIGARE:0.5789473684210527	LFSYSYAA:0.42105263157894735	IEFWIVGS:0.2631578947368421	SYSYAALE:0.42105263157894735	YAALELFR:0.3684210526315789	RPLRVLFL:0.7368421052631579	IGAREHYA:0.47368421052631576	RFHPDLAT:0.21052631578947367	YYQMADVF:0.21052631578947367	CQIGAREH:0.631578947368421	PLRVLFLG:0.7368421052631579	ILGQIDPG:0.42105263157894735	FLFPTLSD:0.5789473684210527	IPLAYQPP:0.21052631578947367	EFWIVGSQ:0.2631578947368421	RVLFLGQV:0.7368421052631579	GQVILRKG:0.7368421052631579	QIGAREHY:0.6842105263157895	FHPDLATA:0.21052631578947367	ERPLRVLF:0.6842105263157895	ILRKGIAA:0.3684210526315789	FSYSYAAL:0.47368421052631576	ALELFRYA:0.21052631578947367	VFLFPTLS:0.47368421052631576	LFPTLSDG:0.631578947368421	YSYAALEL:0.42105263157894735	FPTLSDGF:0.7894736842105263	IIPLAYQP:0.21052631578947367	LGQVILRK:0.7368421052631579	PIEFWIVG:0.3684210526315789	KLPIIASR:0.2631578947368421	QLEAQAWK:0.42105263157894735	AWKLPIIA:0.3157894736842105	WKLPIIAS:0.3157894736842105	YQQADVFL:0.3157894736842105	FRFAKQQG:0.2631578947368421	TILGQIDP:0.3684210526315789	RFAKQQGW:0.2631578947368421	HLITDAWV:0.2631578947368421	WICCQIGA:0.42105263157894735	QLAHLITD:0.21052631578947367	GAREHYAI:0.3684210526315789	LTQLEAQA:0.631578947368421	GQLAHLIT:0.21052631578947367	ICCQIGAR:0.42105263157894735	QAWKLPII:0.2631578947368421	EAQAWKLP:0.3684210526315789	QYYQQADV:0.2631578947368421	ARNYWFQK:0.21052631578947367	GLTQLEAQ:0.631578947368421	AREHYAIP:0.2631578947368421	LEAQAWKL:0.3684210526315789	TLSDGFGL:0.631578947368421	LSDGFGLT:0.631578947368421	FGLTQLEA:0.6842105263157895	QQADVFLF:0.3157894736842105	REHYAIPR:0.21052631578947367	YYQQADVF:0.3157894736842105	AQAWKLPI:0.3157894736842105	IARNYWFQ:0.21052631578947367	ELFRFAKQ:0.21052631578947367	LFRFAKQQ:0.21052631578947367	LGQIDPGP:0.21052631578947367	SQERPLRV:0.21052631578947367	FSQERPLR:0.21052631578947367	QERPLRVL:0.2631578947368421	FAYSYAAL:0.2631578947368421	GAREHYSI:0.21052631578947367	REHYSIPR:0.21052631578947367	AREHYSIP:0.21052631578947367	FCGEVVKD:0.21052631578947367	VLGQIDPG:0.3684210526315789	LGQIDPGI:0.3684210526315789	TVLGQIDP:0.3684210526315789	LFAYSYAA:0.21052631578947367	IPLVYTPP:0.21052631578947367	NGLILPEV:0.21052631578947367	
