cluster number:904
GT4:26	GT4:26
GNYPLKID:0.23076923076923078	KIDEYLAM:0.5769230769230769	LKIDEYLA:0.23076923076923078	NYPLKIDE:0.23076923076923078	IDEYLAMG:0.5769230769230769	DEYLAMGK:0.6923076923076923	YPLKIDEY:0.23076923076923078	EYLAMGKP:0.8076923076923077	PLKIDEYL:0.23076923076923078	IGNYPRKI:0.4230769230769231	TIGNYPRK:0.5384615384615384	PRKIDEYL:0.5	NYPRKIDE:0.5	VTIGNYPR:0.23076923076923078	GNYPRKID:0.5	RKIDEYLA:0.5	YPRKIDEY:0.5	LYVNSPLD:0.23076923076923078	YVNSPLDR:0.23076923076923078	IIGYVGAL:0.23076923076923078	PIIGYVGA:0.23076923076923078	LAMGKPVV:0.46153846153846156	MGKPVVAT:0.4230769230769231	AMGKPVVA:0.46153846153846156	YLAMGKPV:0.5769230769230769	GSNCKNIA:0.46153846153846156	IVLVGPED:0.34615384615384615	FDVCINPQ:0.23076923076923078	IGSNCKNI:0.46153846153846156	EIGSNCKN:0.23076923076923078	
