cluster number:1260
GT4:11	GT4:11
YEGFGLPV:0.2727272727272727	ELAWLYRN:0.2727272727272727	EGFGLPVL:0.36363636363636365	GPAPLLKR:0.2727272727272727	FAGPAPLL:0.2727272727272727	LTGTQRYA:0.2727272727272727	YLVVGTLA:0.2727272727272727	ALYFDPDD:0.36363636363636365	LLNFAGPA:0.2727272727272727	LVTMHDAT:0.2727272727272727	GFGLPVLE:0.36363636363636365	LNFAGPAP:0.2727272727272727	QLVTMHDA:0.2727272727272727	DAELAWLY:0.2727272727272727	FGLPVLEA:0.36363636363636365	VHVNGKWL:0.36363636363636365	NFAGPAPL:0.2727272727272727	AELAWLYR:0.2727272727272727	AGPAPLLK:0.2727272727272727	GLPVLEAQ:0.36363636363636365	PSRYEGFG:0.45454545454545453	HVNGKWLA:0.36363636363636365	GFGIPVLE:0.36363636363636365	RYEGFGIP:0.36363636363636365	SRYEGFGI:0.45454545454545453	FPSRYEGF:0.36363636363636365	EGFGIPVL:0.36363636363636365	FGIPVLEA:0.36363636363636365	YEGFGIPV:0.36363636363636365	
