cluster number:1383
GT4:22	GT4:22
GGTEVYVE:0.22727272727272727	SQWLETGP:0.6363636363636364	DLLAVPSQ:0.5454545454545454	QWLETGPM:0.22727272727272727	AVPSQWLE:0.5	VPSQWLET:0.5454545454545454	VGGTEVYV:0.22727272727272727	LLAVPSQW:0.5454545454545454	LAVPSQWL:0.5	PSQWLETG:0.6363636363636364	FTYHTPTV:0.22727272727272727	YDLLAVPS:0.2727272727272727	WLETGPMV:0.22727272727272727	VVLEAFAA:0.22727272727272727	GGIAELVR:0.2727272727272727	GPLVVLEA:0.3181818181818182	QWLETGPL:0.36363636363636365	GIAELVRH:0.2727272727272727	LETGPLVV:0.36363636363636365	GGTEVYVD:0.22727272727272727	IAELVRHG:0.2727272727272727	IGFLGRWQ:0.22727272727272727	ETGPLVVL:0.45454545454545453	WLETGPLV:0.3181818181818182	TGPLVVLE:0.45454545454545453	LGGIAELV:0.4090909090909091	GSNLGGIA:0.45454545454545453	SNLGGIAE:0.45454545454545453	NLGGIAEL:0.36363636363636365	IGSNLGGI:0.2727272727272727	VPVIGSNL:0.22727272727272727	PVIGSNLG:0.2727272727272727	VIGSNLGG:0.2727272727272727	PVIGSDLG:0.2727272727272727	VIGSDLGG:0.2727272727272727	IGSDLGGI:0.2727272727272727	
