cluster number:956
GT4:19	GT4:19
NTDWYLYN:0.5789473684210527	YNFRLSLA:0.21052631578947367	EGLPKGLI:0.2631578947368421	SLAARLAG:0.21052631578947367	REGLPKGL:0.2631578947368421	DWYLYNFR:0.5789473684210527	SYREGLPK:0.6842105263157895	IKCAVYGS:0.21052631578947367	LYNFRLSL:0.21052631578947367	TIKCAVYG:0.21052631578947367	WYLYNFRL:0.5263157894736842	GFTIKCAV:0.21052631578947367	TDWYLYNF:0.5789473684210527	VTTDVPGC:0.21052631578947367	HGFTIKCA:0.21052631578947367	LPKGLIEA:0.2631578947368421	WLGHVDDM:0.3157894736842105	LGHVDDMP:0.21052631578947367	VVLPSYRE:0.3157894736842105	PSYREGLP:0.7368421052631579	RLILQNPD:0.21052631578947367	NPLRELAL:0.2631578947368421	VLPSYREG:0.47368421052631576	ILQNPDDV:0.21052631578947367	LFANTDWY:0.3684210526315789	GLPKGLIE:0.2631578947368421	YGSLAARL:0.21052631578947367	YREGLPKG:0.2631578947368421	LNPLRELA:0.2631578947368421	SLNPLREL:0.2631578947368421	ANTDWYLY:0.631578947368421	FANTDWYL:0.5263157894736842	ARLLWDKG:0.2631578947368421	LILQNPDD:0.3684210526315789	LPSYREGL:0.7894736842105263	GSLAARLA:0.21052631578947367	AVYGSLAA:0.21052631578947367	YLYNFRLS:0.3684210526315789	FTIKCAVY:0.21052631578947367	LVTTDVPG:0.21052631578947367	TTDVPGCR:0.42105263157894735	KCAVYGSL:0.21052631578947367	DDGNPASV:0.2631578947368421	TSRDLKAR:0.21052631578947367	VRFLLAGS:0.21052631578947367	VKEGLVEW:0.21052631578947367	GSPDDGNP:0.21052631578947367	DAPGCREV:0.2631578947368421	ITTDAPGC:0.21052631578947367	TTDAPGCR:0.2631578947368421	VAGMGYVF:0.47368421052631576	TDAPGCRE:0.3157894736842105	AGSPDDGN:0.21052631578947367	AVPMNRRS:0.21052631578947367	LVEWLGHV:0.21052631578947367	LGHVSDMP:0.2631578947368421	TVRFLLAG:0.21052631578947367	DLGFRWHA:0.21052631578947367	FTSRDLKA:0.21052631578947367	IKSAVYGS:0.21052631578947367	DARALADA:0.21052631578947367	KEGLVEWL:0.21052631578947367	SKLAGVPA:0.21052631578947367	VHGFTIKS:0.21052631578947367	VFTSRDLK:0.21052631578947367	PMNRRSLN:0.2631578947368421	LVHGFTIK:0.42105263157894735	HGFTIKSA:0.21052631578947367	LLAGSPDD:0.21052631578947367	CALPLITT:0.2631578947368421	LVLQNPDD:0.21052631578947367	YVFTSRDL:0.21052631578947367	LGFRWHAV:0.21052631578947367	NRRSLNPL:0.21052631578947367	RSLNPLRE:0.21052631578947367	GFRWHAVP:0.21052631578947367	ALPLITTD:0.2631578947368421	SPDDGNPA:0.21052631578947367	VRDARALA:0.21052631578947367	WVKEGLVE:0.21052631578947367	RVLLAARL:0.3157894736842105	RFLLAGSP:0.21052631578947367	WHAVPMNR:0.21052631578947367	AVAGMGYV:0.47368421052631576	PLRVLLAA:0.21052631578947367	GHVSDMPK:0.21052631578947367	VNAVAGMG:0.3157894736842105	RALADAIR:0.21052631578947367	EGLVEWLG:0.21052631578947367	NAVAGMGY:0.42105263157894735	GLVEWLGH:0.21052631578947367	PGCREVVS:0.2631578947368421	FTIKSAVY:0.21052631578947367	RDARALAD:0.2631578947368421	MGYVFTSR:0.21052631578947367	GMGYVFTS:0.3684210526315789	MNRRSLNP:0.2631578947368421	WLGHVSDM:0.21052631578947367	FLLAGSPD:0.21052631578947367	RRSLNPLR:0.21052631578947367	MRSALNGR:0.21052631578947367	ARALADAI:0.21052631578947367	FRWHAVPM:0.21052631578947367	HVSDMPKL:0.21052631578947367	LITTDAPG:0.21052631578947367	LRVLLAAR:0.2631578947368421	TIKSAVYG:0.21052631578947367	RPLRVLLA:0.21052631578947367	APGCREVV:0.3157894736842105	VPMNRRSL:0.2631578947368421	PDDGNPAS:0.21052631578947367	GYVFTSRD:0.21052631578947367	ASKLAGVP:0.21052631578947367	KLAGVPAR:0.21052631578947367	RTVRFLLA:0.21052631578947367	RVNAVAGM:0.2631578947368421	LAGSPDDG:0.21052631578947367	AGMGYVFT:0.3157894736842105	GFTIKSAV:0.21052631578947367	HAVPMNRR:0.21052631578947367	LAGVPARV:0.21052631578947367	VLFANTDW:0.21052631578947367	VPGCREVV:0.3157894736842105	DVPGCREV:0.3157894736842105	TDVPGCRE:0.3157894736842105	LAARLAGV:0.21052631578947367	VHGFTIKC:0.21052631578947367	ITTDVPGC:0.21052631578947367	RLLWDKGI:0.21052631578947367	
