cluster number:444
GT4:26	GT4:26
HRVSYLVP:0.2692307692307692	LIFPVRWH:0.2692307692307692	YGGTERVI:0.5384615384615384	TERVIWDL:0.38461538461538464	IFPVRWHE:0.2692307692307692	SLYFGCPV:0.3076923076923077	LLNASRGL:0.23076923076923078	ATPYGALP:0.23076923076923078	PFGLAVIE:0.2692307692307692	PYGALPEL:0.23076923076923078	LNASRGLI:0.23076923076923078	GLIFPVRW:0.2692307692307692	IESLYFGC:0.23076923076923078	GTERVIWD:0.38461538461538464	ERVIWDLG:0.2692307692307692	VKNVRGAI:0.23076923076923078	FATPYGAL:0.23076923076923078	GHRVSYLV:0.2692307692307692	YHFLGKAA:0.4230769230769231	ASRGLIFP:0.23076923076923078	HFLGKAAW:0.6153846153846154	NASRGLIF:0.23076923076923078	TPYGALPE:0.3076923076923077	WHEPFGLA:0.6153846153846154	VRWHEPFG:0.4230769230769231	GGTERVIW:0.5384615384615384	PVRWHEPF:0.4230769230769231	EPFGLAVI:0.2692307692307692	FGLAVIES:0.23076923076923078	HEPFGLAV:0.2692307692307692	ESLYFGCP:0.3076923076923077	LYFGCPVF:0.3076923076923077	RWHEPFGL:0.34615384615384615	SRGLIFPV:0.23076923076923078	FPVRWHEP:0.38461538461538464	YGALPELV:0.23076923076923078	PVFATPYG:0.4230769230769231	HEPFGLAI:0.3076923076923077	FGLAIIES:0.23076923076923078	FLGKAAWR:0.38461538461538464	EPFGLAII:0.23076923076923078	SKGLIFPV:0.34615384615384615	PFGLAIIE:0.23076923076923078	FVYNGLDW:0.46153846153846156	AAWRVKNV:0.23076923076923078	KAAWRVKN:0.23076923076923078	PYGSLPEL:0.38461538461538464	TPYGSLPE:0.34615384615384615	FATPYGSL:0.23076923076923078	VYNGLDWS:0.2692307692307692	VFATPYGS:0.23076923076923078	FGLAITES:0.23076923076923078	VQGAIDIT:0.23076923076923078	FRLTLDRH:0.23076923076923078	NVQGAIDI:0.23076923076923078	VLGGHRLN:0.23076923076923078	GLIFPVTW:0.23076923076923078	EPFGLAIT:0.23076923076923078	DVLGGHRL:0.23076923076923078	KGLIFPVT:0.23076923076923078	KNVQGAID:0.2692307692307692	GLAITESL:0.23076923076923078	MGFRLTLD:0.23076923076923078	KMGFRLTL:0.2692307692307692	PFGLAITE:0.23076923076923078	LDVLGGHR:0.23076923076923078	RLTLDRHV:0.23076923076923078	GFRLTLDR:0.23076923076923078	PVFGTPYG:0.23076923076923078	
