cluster number:1925
GT4:11	GT4:11
GGANAIYT:0.2727272727272727	DLILVPSE:0.2727272727272727	AADVFVLP:0.2727272727272727	LQPGARLH:0.2727272727272727	ADLILVPS:0.2727272727272727	PGARLHYA:0.2727272727272727	RVLFVGTV:0.2727272727272727	GANAIYTV:0.2727272727272727	GARLHYAV:0.2727272727272727	ADVFVLPT:0.2727272727272727	LILVPSEF:0.2727272727272727	ARLHYAVP:0.2727272727272727	ILVPSEFV:0.2727272727272727	VLQPGARL:0.2727272727272727	VPVITTPN:0.2727272727272727	DVFVLPTL:0.2727272727272727	AVPVITTP:0.2727272727272727	AVLQPGAR:0.2727272727272727	QPGARLHY:0.2727272727272727	VLFVGTVG:0.2727272727272727	GLPVITTP:0.2727272727272727	ADIFVLPS:0.2727272727272727	
