cluster number:1282
GT4:17	GT4:17
GVPVVSFD:0.35294117647058826	PVVSFDCP:0.35294117647058826	SRFEGFGM:0.35294117647058826	CGVPVVSF:0.35294117647058826	SSRFEGFG:0.35294117647058826	VPVVSFDC:0.35294117647058826	EQKGFDLL:0.35294117647058826	KGFDLLIK:0.23529411764705882	LSSRYEGF:0.23529411764705882	QKGFDLLI:0.5882352941176471	LSSRFEGF:0.23529411764705882	SFDCPKGP:0.29411764705882354	ITTRPSFN:0.29411764705882354	FEGFGMVI:0.23529411764705882	KGFDLLIE:0.23529411764705882	GFGMVIVE:0.29411764705882354	FGMVIVEA:0.29411764705882354	ALSSRFEG:0.23529411764705882	LITTRPSF:0.29411764705882354	GMVIVEAM:0.29411764705882354	VGQEHLNF:0.29411764705882354	MVIVEAMQ:0.29411764705882354	RFEGFGMV:0.23529411764705882	IVEAMQCG:0.29411764705882354	VEAMQCGV:0.29411764705882354	EGFGMVIV:0.29411764705882354	SIYALSSR:0.4117647058823529	VIVEAMQC:0.29411764705882354	IYALSSRF:0.23529411764705882	EAMQCGVP:0.35294117647058826	YALSSRFE:0.23529411764705882	AMQCGVPV:0.35294117647058826	SSIYALSS:0.35294117647058826	GGTVRTVL:0.23529411764705882	VSFDCPKG:0.23529411764705882	GMGGTVRT:0.29411764705882354	QCGVPVVS:0.23529411764705882	MGGTVRTV:0.29411764705882354	LVGQEHLN:0.23529411764705882	VVSFDCPK:0.23529411764705882	GTVRTVLN:0.23529411764705882	MQCGVPVV:0.23529411764705882	
