cluster number:2083
GT4:15	GT4:15
AVSASLFE:0.26666666666666666	AETVPAGA:0.2	RLVLAVPG:0.26666666666666666	AALLVDGL:0.3333333333333333	DAALLVDG:0.2	APTGGYAY:0.4	AAASWAAG:0.26666666666666666	RAEAAAAS:0.26666666666666666	AAALAAAL:0.3333333333333333	YDVLVRAL:0.3333333333333333	AYGALPPE:0.2	ATTGGAAA:0.26666666666666666	IAVAEPGT:0.2	GGAAAETV:0.26666666666666666	GDLSAPTG:0.2	RKGYDVLV:0.4666666666666667	ALARGLPL:0.26666666666666666	VDGLAYGA:0.4	VPGDLSAP:0.2	HHPLGYET:0.26666666666666666	ARGLPLVA:0.26666666666666666	AALAAALR:0.26666666666666666	TEALARGL:0.26666666666666666	VSASLFEG:0.4	SASLFEGY:0.4	TGGAAAET:0.2	ETVPAGAG:0.2	DLAVSASL:0.26666666666666666	VSPRKGYD:0.4666666666666667	LVDGLAYG:0.3333333333333333	GTVSPRKG:0.26666666666666666	ASLFEGYG:0.4	PGDLSAPT:0.2	GYDVLVRA:0.3333333333333333	LTEALARG:0.26666666666666666	MRLVLAVP:0.26666666666666666	HPLGYETG:0.26666666666666666	AAALVAGE:0.26666666666666666	LAVPGDLS:0.2	VLAVPGDL:0.26666666666666666	LLVDGLAY:0.3333333333333333	PPGDAAAL:0.26666666666666666	RGLPLVAT:0.26666666666666666	LTDLDWSL:0.2	DGLAYGAL:0.4	AALVAGER:0.26666666666666666	LVLAVPGD:0.26666666666666666	EALARGLP:0.5333333333333333	ALLVDGLA:0.3333333333333333	AVPGDLSA:0.2	LVHHPLGY:0.26666666666666666	DAAALAAA:0.3333333333333333	AAAASWAA:0.26666666666666666	TDLDWSLT:0.2	PGDAAALA:0.3333333333333333	TVSPRKGY:0.26666666666666666	AEAAAASW:0.26666666666666666	ASWAAGQR:0.26666666666666666	DLSAPTGG:0.2	LARGLPLV:0.26666666666666666	GDAAALAA:0.3333333333333333	GLAYGALP:0.4	LAYGALPP:0.26666666666666666	EAAAASWA:0.26666666666666666	VGTVSPRK:0.26666666666666666	TTGGAAAE:0.2	SPRKGYDV:0.4666666666666667	LSAPTGGY:0.2	ALVHHPLG:0.4	LGYETGLS:0.2	RIAVAEPG:0.2	VHHPLGYE:0.26666666666666666	LAVSASLF:0.26666666666666666	KGYDVLVR:0.3333333333333333	RAAALVAG:0.26666666666666666	VPPGDAAA:0.26666666666666666	PRKGYDVL:0.4666666666666667	AAETVPAG:0.2	AAAETVPA:0.2	WAAGQRLP:0.26666666666666666	SWAAGQRL:0.26666666666666666	SAPTGGYA:0.2	ADLAVSAS:0.26666666666666666	LFEGYGMA:0.4	FEGYGMAL:0.4666666666666667	TVPAGAGR:0.2	GAAAETVP:0.26666666666666666	PLGYETGL:0.26666666666666666	SLFEGYGM:0.4	GAVSPRKG:0.2	DVLVRALA:0.26666666666666666	ASHYEGYG:0.2	HYEGYGMV:0.26666666666666666	VGAVSPRK:0.2	AVSPRKGY:0.2	SHYEGYGM:0.26666666666666666	EGYGMALA:0.3333333333333333	YGMALAEA:0.26666666666666666	GYGMALAE:0.3333333333333333	DPARRAEA:0.2	SGGAAAET:0.2	AEALARGL:0.26666666666666666	RLYAEADL:0.2	AALVHHPL:0.26666666666666666	SRYTARLL:0.2	TSGGAAAE:0.2	ARRAEAAA:0.2	AGSLDRAP:0.2	TGGYAYAR:0.4666666666666667	VATSGGAA:0.2	LALPGGFP:0.2	HLALPGGF:0.2	TSRYTARL:0.2	PTGGYAYA:0.4666666666666667	PARRAEAA:0.2	MALAEALA:0.2	ALAEALAR:0.2	GMALAEAL:0.2	RRAEAAAA:0.2	LAEALARG:0.2	ADPARRAE:0.2	ATSGGAAA:0.2	ERAAALVA:0.2	ALARGLPV:0.2	LARGLPVV:0.2	VALVHHPL:0.26666666666666666	LVALVHHP:0.2	ASERAALA:0.2	PDAAGLKV:0.2	GLKVPPGD:0.2	AGLKVPPG:0.2	VPDAAGLK:0.2	AAGLKVPP:0.2	GGYAYARR:0.3333333333333333	GSLDRAPE:0.2	DAAGLKVP:0.2	DVLVAALA:0.2	PRKGHDVL:0.2	EPGTDPAP:0.26666666666666666	DWHLTIAG:0.2	DLDWHLTI:0.2	LDWHLTIA:0.2	PACAAALR:0.2	GTDPAPRA:0.2	PGTDPAPR:0.2	RITVAEPG:0.2	ITVAEPGT:0.2	
