cluster number:479
GT4:13	GT4:13|GT2:2
RAVWTGRI:0.23076923076923078	PYAGGLEV:0.3076923076923077	TPCWEEPF:0.38461538461538464	AVSRSVLG:0.23076923076923078	ATARAAAA:0.3076923076923077	EPYAGGLE:0.3076923076923077	PVVALARG:0.3076923076923077	EILRGQPG:0.23076923076923078	TGRIVPEK:0.23076923076923078	DRAATARA:0.23076923076923078	IGPSRFPI:0.3076923076923077	PFGLTAVE:0.3076923076923077	FGLTAVEA:0.3076923076923077	VLNHSLSH:0.23076923076923078	WTGRIVPE:0.23076923076923078	LEVVVAKE:0.3076923076923077	VTPCWEEP:0.38461538461538464	GLEVVVAK:0.3076923076923077	AGGLEVVV:0.3076923076923077	PRFEFTAM:0.23076923076923078	AATARAAA:0.23076923076923078	ILRGQPGV:0.23076923076923078	HSLSHVPL:0.3076923076923077	REPYAGGL:0.3076923076923077	IAVIGPSR:0.38461538461538464	ALARGGIR:0.23076923076923078	GLTAVEAL:0.3076923076923077	VALARGGI:0.23076923076923078	ARGGIREI:0.23076923076923078	RGGIREIL:0.23076923076923078	SRFPIREP:0.3076923076923077	GRDALVPL:0.23076923076923078	LNHSLSHV:0.3076923076923077	DVVLNHSL:0.23076923076923078	GGLEVVVA:0.3076923076923077	GHDPRFEF:0.23076923076923078	EALACGTP:0.46153846153846156	YPPGGYEA:0.23076923076923078	DPRFEFTA:0.23076923076923078	AAAAAFSH:0.3076923076923077	RAATARAA:0.23076923076923078	AVIGPSRF:0.3076923076923077	ALVTPCWE:0.3076923076923077	PCWEEPFG:0.3076923076923077	VEALACGT:0.46153846153846156	LRARGHRV:0.23076923076923078	EVVVAKEV:0.3076923076923077	EEPFGLTA:0.3076923076923077	VWTGRIVP:0.23076923076923078	LARGGIRE:0.23076923076923078	VVLNHSLS:0.23076923076923078	DALVPLVA:0.23076923076923078	AVWTGRIV:0.23076923076923078	IREPYAGG:0.3076923076923077	RAAAAAFS:0.3076923076923077	VALVTPCW:0.3076923076923077	AVEALACG:0.38461538461538464	EPFGLTAV:0.3076923076923077	RDALVPLV:0.23076923076923078	TPVVALAR:0.3076923076923077	WEEPFGLT:0.3076923076923077	CWEEPFGL:0.3076923076923077	IPAALTLD:0.23076923076923078	ALACGTPV:0.46153846153846156	GPSRFPIR:0.3076923076923077	VVALARGG:0.3076923076923077	PIREPYAG:0.3076923076923077	REILRGQP:0.23076923076923078	LTAVEALA:0.3076923076923077	LGRDALVP:0.23076923076923078	TAVEALAC:0.3076923076923077	ITTLHCPR:0.23076923076923078	PSRFPIRE:0.3076923076923077	YAGGLEVV:0.3076923076923077	GTPVVALA:0.3076923076923077	RFPIREPY:0.3076923076923077	PAALTLDR:0.23076923076923078	TTLHCPRL:0.23076923076923078	CGTPVVAL:0.3076923076923077	FPIREPYA:0.3076923076923077	VIGPSRFP:0.3076923076923077	HDPRFEFT:0.23076923076923078	ARAAAAAF:0.3076923076923077	ACGTPVVA:0.7692307692307693	PPGGYEAD:0.23076923076923078	MITTLHCP:0.3076923076923077	LACGTPVV:0.46153846153846156	NHSLSHVP:0.3076923076923077	TARAAAAA:0.3076923076923077	LVTPCWEE:0.38461538461538464	EKGPHLAV:0.23076923076923078	GRIVPEKA:0.23076923076923078	HLAVDAAL:0.3076923076923077	IVPEKAPH:0.23076923076923078	RIVPEKAP:0.23076923076923078	AVDAALRA:0.23076923076923078	PHLAVDAA:0.3076923076923077	VDAALRAG:0.23076923076923078	PEKAPHLA:0.23076923076923078	EKAPHLAV:0.23076923076923078	LAVDAALR:0.23076923076923078	VPEKAPHL:0.23076923076923078	VVEAMACG:0.23076923076923078	VVVEAMAC:0.23076923076923078	VEAMACGT:0.38461538461538464	EAMACGTP:0.46153846153846156	TTLHTPPF:0.23076923076923078	AMACGTPV:0.46153846153846156	MACGTPVV:0.38461538461538464	TLHTPPFP:0.23076923076923078	
