cluster number:662
GT4:30	GT4:30|2.4.1.245:1
EGFGLVVS:0.6666666666666666	RFDPWKDP:0.3333333333333333	IDPLSPKN:0.4	QKSLREGF:0.6666666666666666	FGLVVSEA:0.5333333333333333	PPAIDPLS:0.3	SLREGFGL:0.6333333333333333	SRFDPWKD:0.6	VSRFDPWK:0.43333333333333335	FDPWKDPL:0.3	GFGLVVSE:0.6666666666666666	KSLREGFG:0.6333333333333333	WKGTPVVA:0.2	VGNIEVNA:0.26666666666666666	ALDDPEGW:0.2	KGTPVVAG:0.2	PAIDPLSP:0.36666666666666664	DPWKDPLG:0.3333333333333333	WKDPLGVI:0.3333333333333333	REGFGLVV:0.7333333333333333	LREGFGLV:0.5	PWKDPLGV:0.3333333333333333	AIDPLSPK:0.36666666666666664	YDAAVFTL:0.2	GVGNIEVN:0.26666666666666666	QVSRFDPW:0.43333333333333335	TQVSRFDP:0.2	GGGVAEIL:0.26666666666666666	VGGIPLQI:0.26666666666666666	GGIPLQIE:0.2	GIPLQIED:0.2	IPLQIEDG:0.2	VQKSLREG:0.3333333333333333	WKDPLGVV:0.23333333333333334	LALVGSMA:0.23333333333333334	QLALVGSM:0.23333333333333334	TPYGGGVS:0.2	PYGGGVSE:0.2	WRCHIDTS:0.36666666666666664	HNGLQGAP:0.26666666666666666	REGFGLTV:0.2	WIWRCHID:0.36666666666666664	GGGVSEIL:0.23333333333333334	RWIWRCHI:0.26666666666666666	YGGGVSEI:0.2	GVSEILRS:0.2	GGVSEILR:0.2	ARWIWRCH:0.23333333333333334	GLVVSEAL:0.4	LVVSEALW:0.4	TNLVGVGN:0.2	LWKGTPVV:0.26666666666666666	VTQVSRFD:0.23333333333333334	NGLQGAPG:0.2	VVSEALWK:0.4	IWRCHIDT:0.26666666666666666	RFDPWKDQ:0.26666666666666666	GGVAELLR:0.23333333333333334	GVAELLRS:0.23333333333333334	GGGVAELL:0.3	IHNGLQGA:0.2	VPDLQLAL:0.23333333333333334	DLQLALVG:0.2	EALWKRTP:0.23333333333333334	LWKRTPVV:0.23333333333333334	VVQKSLRE:0.3	DRLDPLSF:0.2	SDVVVQKS:0.36666666666666664	DVVVQKSL:0.3	ALWKRTPV:0.23333333333333334	DPWKDQFG:0.23333333333333334	VAELLRSI:0.2	ELLRSIVP:0.2	MAGDDPEG:0.26666666666666666	VSEALWKR:0.23333333333333334	DWLVMDAD:0.2	KDQFGTLE:0.23333333333333334	WLVMDADD:0.2	AELLRSIV:0.2	SEALWKRT:0.23333333333333334	VWRCHVDL:0.2	VVVQKSLR:0.3	KRTPVVGS:0.23333333333333334	PWKDQFGT:0.23333333333333334	WKRTPVVG:0.23333333333333334	FDPWKDQF:0.23333333333333334	HDPQPLGM:0.2	WKDQFGTL:0.23333333333333334	DQFGTLEA:0.2	VIHDPQPL:0.26666666666666666	LVVIHDPQ:0.23333333333333334	VVIHDPQP:0.23333333333333334	DLVVIHDP:0.23333333333333334	
