cluster number:1608
GT4:14	GT4:14|GT2:4
SVIIPTYN:0.21428571428571427	ELIVVDDG:0.21428571428571427	LVTRIGWY:0.21428571428571427	RYPLTFAA:0.21428571428571427	DYELIVVD:0.21428571428571427	SHGLPSLV:0.2857142857142857	LIVVDDGS:0.21428571428571427	NLRYPTGG:0.35714285714285715	HGLPSLVT:0.2857142857142857	WSHGLPSL:0.2857142857142857	DVNIYHIG:0.21428571428571427	SLVTRIGW:0.21428571428571427	YELIVVDD:0.21428571428571427	VVDDGSTD:0.2857142857142857	QGISVARN:0.21428571428571427	PSLVTRIG:0.21428571428571427	GEASGSQM:0.21428571428571427	RIWSHGLP:0.2857142857142857	LRYPTGGE:0.35714285714285715	EASGSQMR:0.21428571428571427	IWSHGLPS:0.2857142857142857	GLPSLVTR:0.21428571428571427	RYPTGGEA:0.21428571428571427	ERYPLTFA:0.21428571428571427	VDDGSTDN:0.21428571428571427	VNIYHIGN:0.21428571428571427	LPSLVTRI:0.21428571428571427	YPTGGEAS:0.21428571428571427	VTRIGWYA:0.21428571428571427	IVVDDGST:0.2857142857142857	TDYELIVV:0.21428571428571427	NIYHIGNN:0.35714285714285715	AINLRYPT:0.35714285714285715	PGIVILHD:0.21428571428571427	GEASASQL:0.21428571428571427	DLAINLRY:0.21428571428571427	ADLAINLR:0.21428571428571427	LAINLRYP:0.5	SQLRIWSH:0.21428571428571427	SPLPPAKT:0.35714285714285715	LHDYKLQD:0.21428571428571427	INLRYPTM:0.35714285714285715	HDYKLQDF:0.21428571428571427	YPTMGEAS:0.2857142857142857	QDFFYMLS:0.2857142857142857	LRYPTMGE:0.35714285714285715	LPSLVTKI:0.21428571428571427	NWFSPLPP:0.5	TMGEASGS:0.21428571428571427	KLQDFFYM:0.35714285714285715	NLRYPTMG:0.35714285714285715	DYKLQDFF:0.21428571428571427	PTMGEASG:0.21428571428571427	FSPLPPAK:0.35714285714285715	LQDFFYML:0.2857142857142857	RYPTMGEA:0.2857142857142857	INWFSPLP:0.5	KINWFSPL:0.5	MGEASGSQ:0.21428571428571427	MKINWFSP:0.5	WFSPLPPA:0.5	YKLQDFFY:0.21428571428571427	YPLTPLAL:0.21428571428571427	INQADLNI:0.21428571428571427	NQADLNIY:0.21428571428571427	
