cluster number:1209
GT4:12	GT4:12
VGIPGRGG:0.25	LVRHFPGL:0.25	FGIAVLEA:0.4166666666666667	PLDVLHVR:0.25	CVGRLHPV:0.4166666666666667	RMADELAA:0.25	ERADTVVG:0.25	RRGGVAHY:0.25	DVLHVRYA:0.5	RHDLHRVF:0.4166666666666667	GTRPDALD:0.25	GRLHPVKQ:0.6666666666666666	HFPGLAQL:0.25	YVCPSAKE:0.6666666666666666	YLRDQVNG:0.25	RLGAALVF:0.25	RADTVVGI:0.25	DALDPRDR:0.25	PVAGPRRG:0.25	EAMDAGLP:0.3333333333333333	HPVKQQDL:0.3333333333333333	PDEDDRRR:0.25	SLALADAA:0.25	FLADRLVE:0.25	ATPDPHRG:0.25	RLVERADT:0.4166666666666667	VRYADDGS:0.5	ADELAAEY:0.25	GPRRGGVA:0.25	AGPRRGGV:0.25	RYADDGSL:0.5	DDGSLALA:0.4166666666666667	DLHRVFLA:0.4166666666666667	GGVAHYLR:0.25	LHPVKQQD:0.5	RGLAERHA:0.25	AERLGAAL:0.25	ELAAEYTA:0.25	PSAKEEFG:0.6666666666666666	KEEFGIAV:0.4166666666666667	YRDGTRPD:0.25	HRGLAERH:0.25	EFGIAVLE:0.4166666666666667	TATPDPHR:0.75	ALVFTATP:0.3333333333333333	GHWVLRLP:0.25	NGLLMDTS:0.25	TRPDALDP:0.25	GVAHYLRD:0.25	GLPVAGPR:0.25	VLHVRYAD:0.5	GDAYERLL:0.25	HRVFLADR:0.4166666666666667	RGGVAHYL:0.25	FPGLAQLN:0.25	PRRGGVAH:0.25	LGAALVFT:0.25	LAAEYTAL:0.25	SAKEEFGI:0.4166666666666667	TPDPHRGL:0.25	VNGLLMDT:0.25	LALLPALP:0.25	VVGIPGRG:0.25	CPSAKEEF:0.6666666666666666	WYVCPSAK:0.25	GIAVLEAM:0.4166666666666667	DGTRPDAL:0.25	DTVVGIPG:0.25	MDAGLPVA:0.3333333333333333	PSAPPEGI:0.25	GRKLVAER:0.25	ADDGSLAL:0.5	DELAAEYT:0.25	LRHDLHRV:0.3333333333333333	APGHWVLR:0.25	LHRVFLAD:0.4166666666666667	PPEGIAPY:0.25	DRLVERAD:0.5	YADDGSLA:0.5	YERLLLAP:0.3333333333333333	ADAAERLG:0.25	DEDDRRRE:0.25	CWYVCPSA:0.25	LHVRYADD:0.5	VFTATPDP:0.6666666666666666	ALADAAER:0.25	QDLLVRSW:0.25	PDPHRGLA:0.25	EVRRLQRA:0.25	RLYRDGTR:0.25	HYLRDQVN:0.25	IAVLEAMD:0.3333333333333333	HDLHRVFL:0.4166666666666667	RKLVAERF:0.25	LEAMDAGL:0.4166666666666667	AGLPVAGP:0.25	RLALLPAL:0.25	VKQQDLLV:0.3333333333333333	GLMRGLRR:0.25	RAPGHWVL:0.25	RDQVNGLL:0.25	QVNGLLMD:0.25	RLHPVKQQ:0.6666666666666666	VFLADRLV:0.25	ERLGAALV:0.25	RPDALDPR:0.25	AYERLLLA:0.25	PHRGLAER:0.25	GIPGRGGT:0.3333333333333333	GAALVFTA:0.3333333333333333	LVERADTV:0.4166666666666667	LADAAERL:0.25	VRRLQRAL:0.25	DQVNGLLM:0.25	AKEEFGIA:0.4166666666666667	TVVGIPGR:0.25	LCVGRLHP:0.4166666666666667	HVRYADDG:0.5	LDVLHVRY:0.25	GSLALADA:0.25	SAPPEGIA:0.25	KLVAERFS:0.25	DAYERLLL:0.25	VCPSAKEE:0.6666666666666666	RVFLADRL:0.4166666666666667	LLCVGRLH:0.4166666666666667	ALLPALPN:0.25	GGSPGAGT:0.25	RDGTRPDA:0.25	DAGLPVAG:0.3333333333333333	EEFGIAVL:0.4166666666666667	LALADAAE:0.25	ADRLVERA:0.3333333333333333	PGHWVLRL:0.25	VLEAMDAG:0.4166666666666667	APDEDDRR:0.25	LRDQVNGL:0.25	FTATPDPH:0.75	LVFTATPD:0.5	AMDAGLPV:0.3333333333333333	KQQDLLVR:0.3333333333333333	LYRDGTRP:0.25	AALVFTAT:0.3333333333333333	AHYLRDQV:0.25	QQDLLVRS:0.25	ERLLLAPP:0.3333333333333333	DGSLALAD:0.25	VAGPRRGG:0.25	APPEGIAP:0.25	LVAERFSV:0.25	AVLEAMDA:0.4166666666666667	MADELAAE:0.25	VRHFPGLA:0.25	VGRLHPVK:0.6666666666666666	VAHYLRDQ:0.25	PVKQQDLL:0.3333333333333333	DPHRGLAE:0.25	LADRLVER:0.25	PDALDPRD:0.25	VAQSMLLG:0.3333333333333333	RHFPGLAQ:0.25	LPVAGPRR:0.25	DAAERLGA:0.25	VERADTVV:0.25	AAERLGAA:0.25	GPSAPPEG:0.25	ADTVVGIP:0.25	DLHRVFVA:0.25	LHRVFVAD:0.25	VFVADRLV:0.25	HRVFVADR:0.25	LVLVGGSP:0.3333333333333333	RVFVADRL:0.25	KEEFGLAV:0.4166666666666667	FGLAVLEA:0.4166666666666667	GLAVLEAM:0.4166666666666667	DDGSLAVA:0.25	LAVAEAAR:0.25	RLLLLPAL:0.25	AKEEFGLA:0.4166666666666667	EEFGLAVL:0.4166666666666667	NGLLLDTS:0.25	SAKEEFGL:0.4166666666666667	ATPDPHRQ:0.4166666666666667	GSLAVAEA:0.25	NAEVRLLE:0.25	IDVLHVRY:0.25	SLAVAEAA:0.25	EFGLAVLE:0.4166666666666667	LAVLEAME:0.3333333333333333	AVLEAMEA:0.4166666666666667	VLEAMEAG:0.4166666666666667	LEAMEAGL:0.4166666666666667	TVTPDPHR:0.25	LPLLLCVG:0.3333333333333333	RLLERALA:0.25	FTVTPDPH:0.25	VRLLERAL:0.25	PLLLCVGR:0.3333333333333333	
