cluster number:598
GT4:46	GT4:46|GT0:1
PDVVHLNG:0.32608695652173914	GCALVLGD:0.6956521739130435	LGDIPSLR:0.5217391304347826	ALVLGDIP:0.5	CALVLGDI:0.5434782608695652	SGCALVLG:0.4782608695652174	LVLGDIPS:0.4782608695652174	GDIPSLRE:0.5217391304347826	DVVHLNGY:0.2826086956521739	VLGDIPSL:0.4782608695652174	TADTVGGV:0.2826086956521739	HSCVLSWW:0.45652173913043476	ADTVGGVW:0.21739130434782608	MTADTVGG:0.2391304347826087	ALSGCALV:0.391304347826087	RPDVVHLN:0.2391304347826087	AGRLWDEA:0.2826086956521739	IYALPARY:0.2391304347826087	YALPARYE:0.32608695652173914	GRLWDEAK:0.30434782608695654	ALPARYEP:0.34782608695652173	LPARYEPF:0.43478260869565216	RYEPFGLS:0.45652173913043476	AALSGCAL:0.41304347826086957	RLWDEAKN:0.30434782608695654	PARYEPFG:0.5869565217391305	ARYEPFGL:0.5869565217391305	LEAALSGC:0.41304347826086957	LSGCALVL:0.41304347826086957	EAALSGCA:0.41304347826086957	LEWMDDPW:0.21739130434782608	GLSALEAA:0.2391304347826087	IPSLREVW:0.2391304347826087	LAGCALVL:0.2826086956521739	PFGLSALE:0.2391304347826087	EPFGLSAL:0.21739130434782608	ALAGCALV:0.2391304347826087	DIPSLREV:0.2391304347826087	EAALAGCA:0.21739130434782608	AALAGCAL:0.2391304347826087	PSLREVWG:0.30434782608695654	AGCALVLG:0.2391304347826087	FGLSALEA:0.2391304347826087	SLREVWGD:0.2391304347826087	LEAALAGC:0.21739130434782608	YEPFGLSA:0.21739130434782608	VAHSCVLS:0.2826086956521739	VVAHSCVL:0.2608695652173913	AHSCVLSW:0.30434782608695654	AAGRLWDE:0.2391304347826087	LWDEAKNL:0.21739130434782608	
