cluster number:1188
GT4:12	GT4:12
DCKYGPRE:0.25	WEALPYAL:0.25	RVASELSL:0.25	TSLAGGGA:0.25	ACGCPVIA:0.4166666666666667	LAGGGAER:0.4166666666666667	ITSLAGGG:0.25	ERVASELS:0.25	GAERVASE:0.25	IAVSEGVK:0.25	SSLWEALP:0.25	CGCPVIAT:0.25	KLLMLITS:0.25	QKGQWHLI:0.3333333333333333	MLITSLAG:0.25	LITSLAGG:0.25	GGGAERVA:0.25	LMLITSLA:0.25	KGQWHLIR:0.4166666666666667	GGAERVAS:0.25	SLAGGGAE:0.4166666666666667	SLWEALPY:0.25	CKYGPREI:0.25	IIAVSEGV:0.25	AERVASEL:0.25	LLMLITSL:0.25	AMACGCPV:0.4166666666666667	MACGCPVI:0.5	LWEALPYA:0.25	AGGGAERV:0.4166666666666667	LIIAVSEG:0.25	QAMACGCP:0.25	
