cluster number:360
GT4:21	GT4:21
LEPQKGFD:0.23809523809523808	RLEPQKGF:0.23809523809523808	GRLEPQKG:0.23809523809523808	LLACLAGR:0.23809523809523808	GSGGIERS:0.23809523809523808	LGCPVVST:0.2857142857142857	AGQEGRAA:0.2857142857142857	KPVVGMIH:0.2857142857142857	PVVGMIHF:0.2857142857142857	FEGLPMVL:0.42857142857142855	SLEAELKA:0.23809523809523808	QEGRAALL:0.3333333333333333	FALSSRFE:0.3333333333333333	IVAGQEGR:0.2857142857142857	ACLAGRLL:0.23809523809523808	LGSGGIER:0.23809523809523808	VFLGSGGI:0.23809523809523808	LVFLGSGG:0.23809523809523808	DCPSGPAE:0.47619047619047616	VIVAGQEG:0.2857142857142857	FLGSGGIE:0.23809523809523808	VGMIHFDW:0.2857142857142857	IERSVCNV:0.3333333333333333	GQEGRAAL:0.3333333333333333	EGRAALLA:0.3333333333333333	RIVACGHD:0.23809523809523808	GLPMVLLE:0.5238095238095238	GGIERSVC:0.3333333333333333	LLILGEGS:0.23809523809523808	LEAELKAL:0.23809523809523808	PHALMRRA:0.2857142857142857	TDCPSGPA:0.42857142857142855	GSLEAELK:0.23809523809523808	PVVIAVGR:0.23809523809523808	GMIHFDWG:0.2857142857142857	ERSVCNVL:0.2857142857142857	CPSGPAEV:0.42857142857142855	VSTDCPSG:0.42857142857142855	HALMRRAA:0.23809523809523808	LFTLVFLG:0.2857142857142857	PSGPAEVL:0.42857142857142855	ALALGCPV:0.2857142857142857	ALSSRFEG:0.3333333333333333	VVGMIHFD:0.2857142857142857	LACLAGRL:0.23809523809523808	GRAALLAC:0.2857142857142857	EAELKALV:0.23809523809523808	EALALGCP:0.3333333333333333	PMVLLEAL:0.3333333333333333	VIPNFVDG:0.2857142857142857	GCPVVSTD:0.2857142857142857	PAEVLEHG:0.23809523809523808	LEALALGC:0.3333333333333333	CPVVSTDC:0.2857142857142857	LSSRFEGL:0.47619047619047616	VLLEALAL:0.38095238095238093	GIERSVCN:0.3333333333333333	MIHFDWGA:0.2857142857142857	SGGIERSV:0.23809523809523808	AALLACLA:0.2857142857142857	VIAVGRLE:0.23809523809523808	RAALLACL:0.2857142857142857	VVIAVGRL:0.23809523809523808	VAGQEGRA:0.2857142857142857	STDCPSGP:0.47619047619047616	NPHALMRR:0.3333333333333333	DVIVAGQE:0.2857142857142857	PVVSTDCP:0.38095238095238093	ALGCPVVS:0.2857142857142857	VVSTDCPS:0.38095238095238093	MVLLEALA:0.3333333333333333	SRFEGLPM:0.42857142857142855	RFEGLPMV:0.42857142857142855	SGPAEVLE:0.3333333333333333	GPAEVLEH:0.23809523809523808	LLEALALG:0.38095238095238093	IHFDWGAF:0.2857142857142857	FTLVFLGS:0.23809523809523808	TLVFLGSG:0.23809523809523808	HFDWGAFH:0.3333333333333333	SSRFEGLP:0.5238095238095238	ALLACLAG:0.2857142857142857	LPMVLLEA:0.47619047619047616	EGLPMVLL:0.5238095238095238	LALGCPVV:0.2857142857142857	VGRLEPQK:0.23809523809523808	AVGRLEPQ:0.23809523809523808	
