cluster number:2361
GT4:32	GT4:32
HVMANSGW:0.40625	SVLEALAC:0.25	PNSVLEAL:0.21875	MANSGWSW:0.625	VMANSGWS:0.40625	PVVVNYRG:0.34375	VLEALACG:0.25	NSVLEALA:0.21875	VVVNYRGG:0.34375	ANSGWSWH:0.59375	PLPPPAGG:0.25	LPPPAGGM:0.21875	NSGWSWHL:0.59375	NPSLADNM:0.21875	PSLADNMP:0.21875	GWSWHLFA:0.40625	SGWSWHLF:0.46875	PPPAGGMA:0.25	SWHLFAAP:0.375	WSWHLFAA:0.375	WHLFAAPA:0.375	GPLPPPAG:0.25	SGVPVVST:0.25	ASGVPVVS:0.28125	FAAPAIWI:0.21875	PPPSGGMA:0.25	LPPPSGGM:0.21875	LASGVPVV:0.25	LFAAPAIW:0.21875	SGGMANQT:0.21875	GPLPPPSG:0.21875	PSGGMANQ:0.25	HLFAAPAI:0.21875	PPSGGMAN:0.25	QVNAPYRP:0.21875	PLPPPSGG:0.21875	NLEPIYDN:0.21875	LVGPLPPP:0.375	RNLEPIYD:0.28125	EALASGVP:0.25	LEALASGV:0.28125	VVNYRGGE:0.25	VNYRGGEA:0.28125	ALASGVPV:0.21875	AGGMANQT:0.21875	GMANQTRQ:0.25	MANQTRQL:0.25	PPAGGMAN:0.21875	PAGGMANQ:0.21875	GGMANQTR:0.25	LRIALVGP:0.21875	STNVGGIP:0.21875	VVSTNVGG:0.25	VPVVSTNV:0.25	VSTNVGGI:0.21875	PVVSTNVG:0.25	
