cluster number:2068
GT4:94	GT4:94|GT2:17|GT41:7|GT0:2
SVFMAYDM:0.2765957446808511	PSVFMAYD:0.26595744680851063	AYDMIPEV:0.2553191489361702	FFTIVLNG:0.20212765957446807	MAYDMIPE:0.2765957446808511	VFMAYDMI:0.2765957446808511	TPSVFMAY:0.26595744680851063	FMAYDMIP:0.2765957446808511	PSKYEGFG:0.2872340425531915	ALCEVQKP:0.20212765957446807	YEGFGLPI:0.20212765957446807	LFISTYYT:0.2127659574468085	GIARVWKS:0.20212765957446807	VYPSKYEG:0.26595744680851063	TGIARVWK:0.2127659574468085	IARVWKSL:0.20212765957446807	AVALVYPS:0.22340425531914893	ACGCPVIT:0.4574468085106383	AMACGCPV:0.4574468085106383	CGCPVITC:0.3617021276595745	EAMACGCP:0.46808510638297873	LVYPSKYE:0.26595744680851063	DGVFFQLY:0.24468085106382978	ARVWKSLL:0.20212765957446807	YPSKYEGF:0.26595744680851063	NLIIFPDW:0.20212765957446807	ALVYPSKY:0.26595744680851063	MACGCPVI:0.4148936170212766	LEAMACGC:0.26595744680851063	
