cluster number:778
GT4:108	GT4:108
KSPDPFGP:0.25925925925925924	LAVIGDGP:0.2037037037037037	YYKSPDPF:0.25925925925925924	RLMARLLI:0.3055555555555556	LWFCYHPY:0.5370370370370371	AMLAKALR:0.21296296296296297	SGDRLMAR:0.5092592592592593	AGLPVVAQ:0.6018518518518519	EAYGLAYL:0.5370370370370371	IPYVTAEA:0.39814814814814814	TAEASYAA:0.28703703703703703	PSGDRLMA:0.5092592592592593	WFCYHPYY:0.6574074074074074	LMARLLIR:0.26851851851851855	AFYAPMKS:0.28703703703703703	FCYHPYYK:0.6574074074074074	AEASYAAK:0.28703703703703703	AAFPQARL:0.2037037037037037	YAMLAKAL:0.21296296296296297	CYHPYYKS:0.3425925925925926	HPVPSGDR:0.6388888888888888	GDRLMARL:0.4537037037037037	AYGLAYLE:0.5370370370370371	LAKALRLI:0.2222222222222222	KSPNHPVP:0.3425925925925926	VTAEASYA:0.28703703703703703	RVAFYAPM:0.28703703703703703	SPNHPVPS:0.3425925925925926	PMKSPNHP:0.28703703703703703	PYVTAEAS:0.4444444444444444	MLAKALRL:0.23148148148148148	DRLMARLL:0.4351851851851852	PDLWFCYH:0.28703703703703703	AVIGDGPM:0.21296296296296297	PVPSGDRL:0.4444444444444444	MGQAARRF:0.25	ASYAAKRD:0.28703703703703703	ARLAGLKP:0.2037037037037037	DLWFCYHP:0.2777777777777778	AGVPAVVE:0.25925925925925924	YVTAEASY:0.5092592592592593	CGEAYGLA:0.4166666666666667	GLAYLEAQ:0.5092592592592593	SYAMLAKA:0.21296296296296297	LAGLKPFI:0.2037037037037037	YGLAYLEA:0.5185185185185185	WPGCGEAY:0.6018518518518519	PNHPVPSG:0.37962962962962965	VIGDGPMR:0.2777777777777778	VPSGDRLM:0.48148148148148145	GCGEAYGL:0.5925925925925926	ARLLIRAL:0.2777777777777778	VAFYAPMK:0.28703703703703703	FYAPMKSP:0.28703703703703703	AAGLPVVA:0.6851851851851852	GEAYGLAY:0.5185185185185185	MRVAFYAP:0.28703703703703703	MKSPNHPV:0.28703703703703703	YLEAQAAG:0.75	PYYKSPDP:0.2777777777777778	PGCGEAYG:0.6018518518518519	QAARRFVL:0.25	QAAGLPVV:0.7037037037037037	AQAAGLPV:0.8425925925925926	APMKSPNH:0.28703703703703703	YKSPDPFG:0.25925925925925924	GQAARRFV:0.25	LEAQAAGL:0.8055555555555556	RLAGLKPF:0.2037037037037037	LAYLEAQA:0.5092592592592593	TAGVPAVV:0.26851851851851855	NHPVPSGD:0.37962962962962965	MARLLIRA:0.2777777777777778	YAPMKSPN:0.28703703703703703	EASYAAKR:0.28703703703703703	RIEWLGER:0.24074074074074073	AYLEAQAA:0.5370370370370371	EAQAAGLP:0.8518518518518519	HPYYKSPD:0.35185185185185186	AFPQARLA:0.21296296296296297	YHPYYKSP:0.35185185185185186	IAFYAPLK:0.25	VWPGCGEA:0.5648148148148148	YVWPGCGE:0.5648148148148148	FYAPLKSP:0.24074074074074073	AFYAPLKS:0.24074074074074073	TAGVPEVV:0.26851851851851855	DHPVPSGD:0.2037037037037037	GDRQMARM:0.21296296296296297	YKAPDLIG:0.23148148148148148	DRQMARML:0.21296296296296297	SGDRQMAR:0.2222222222222222	YYKAPDLI:0.23148148148148148	YHPYYKAP:0.3333333333333333	QAAVNICF:0.25	LYVWPGCG:0.37962962962962965	AAVNICFT:0.3333333333333333	CYHPYYKA:0.3148148148148148	PYYKAPDL:0.3333333333333333	DLYVWPGC:0.2037037037037037	AGVPEVVR:0.25	KAPDLIGP:0.23148148148148148	HPYYKAPD:0.3333333333333333	PDHPVPSG:0.2037037037037037	MMRAGDKM:0.25	GRIEWLGE:0.2222222222222222	DAMGQAAR:0.2037037037037037	AMGQAARR:0.2037037037037037	PELWFCYH:0.21296296296296297	VAMMRAGD:0.3611111111111111	RDAMGQAA:0.2037037037037037	EFAIPYVT:0.2777777777777778	FAIPYVTA:0.2962962962962963	RPELWFCY:0.2037037037037037	ELWFCYHP:0.21296296296296297	AIPYVTAE:0.3148148148148148	AMMRAGDK:0.3611111111111111	FVLEERSL:0.2222222222222222	TVAMMRAG:0.3055555555555556	VTAEASYS:0.21296296296296297	AEFAIPYV:0.25	SAEFAIPY:0.23148148148148148	ISAEFAIP:0.23148148148148148	
