cluster number:1439
GT4:27	GT4:27
GGVSAVVH:0.6666666666666666	FLLTEHNL:0.5925925925925926	SAVVHDII:0.2962962962962963	GVSAVVHD:0.6296296296296297	VSAVVHDI:0.6296296296296297	NEGQPIVV:0.2222222222222222	EGQPIVVL:0.2222222222222222	GQPIVVLE:0.2222222222222222	AIVMESTY:0.48148148148148145	LEAMAAGI:0.2222222222222222	VLPSYNEG:0.4074074074074074	AMAAGIPT:0.2222222222222222	PSYNEGQP:0.4074074074074074	LYPSAITE:0.2222222222222222	VPIKGLLD:0.37037037037037035	KGGVSAVV:0.6296296296296297	EMGRFCYP:0.2962962962962963	GIIHITWD:0.2222222222222222	EAMAAGIP:0.2222222222222222	DLLVLPSY:0.2222222222222222	YVRDTVNT:0.4444444444444444	LLVLPSYN:0.2222222222222222	HAHTTGYA:0.7407407407407407	RVVPIKGL:0.48148148148148145	RDTVNTLL:0.4444444444444444	ARVVPIKG:0.5925925925925926	AHTTGYAS:0.5185185185185185	DVDVAIVM:0.3333333333333333	YLYPSAIT:0.2222222222222222	HNLYVRDT:0.5925925925925926	LVLPSYNE:0.25925925925925924	EDVDVAIV:0.2222222222222222	VRDTVNTL:0.4444444444444444	STYPFLKG:0.25925925925925924	YASLLGAA:0.2222222222222222	PSAITEAA:0.2222222222222222	GRFCYPSA:0.2962962962962963	SYNEGQPI:0.37037037037037035	EHVPEYYE:0.2222222222222222	TSFLLTEH:0.2962962962962963	VMESTYPF:0.25925925925925924	IARVVPIK:0.5925925925925926	LTEHNLYV:0.5925925925925926	HTTGYASL:0.5185185185185185	YNEGQPIV:0.37037037037037035	GPTEHVPE:0.2222222222222222	VVPIKGLL:0.2962962962962963	VYHAHTTG:0.7407407407407407	SAVVHDIV:0.3333333333333333	SFLLTEHN:0.4444444444444444	MGRFCYPS:0.2962962962962963	TYPFLKGG:0.25925925925925924	LVYIARVV:0.25925925925925924	VDVAIVME:0.48148148148148145	EHNLYVRD:0.5925925925925926	YIARVVPI:0.2962962962962963	LPSYNEGQ:0.2222222222222222	LYVRDTVN:0.48148148148148145	NLYVRDTV:0.48148148148148145	IVMESTYP:0.48148148148148145	YEDVDVAI:0.2222222222222222	LLTEHNLY:0.6296296296296297	VAIVMEST:0.48148148148148145	IKGLLDLL:0.2222222222222222	MESTYPFL:0.25925925925925924	VYIARVVP:0.25925925925925924	YHAHTTGY:0.7407407407407407	TEHVPEYY:0.2222222222222222	AAGIPTVG:0.2222222222222222	MAAGIPTV:0.2222222222222222	YPSAITEA:0.2222222222222222	PTEHVPEY:0.2222222222222222	GYASLLGA:0.2222222222222222	HLDVLGPT:0.2222222222222222	DVAIVMES:0.48148148148148145	LKGGVSAV:0.6296296296296297	TEHNLYVR:0.5925925925925926	PIKGLLDL:0.2962962962962963	FDLLVLPS:0.2222222222222222	TTGYASLL:0.2962962962962963	IIHITWDS:0.2222222222222222	ESTYPFLK:0.25925925925925924	TGYASLLG:0.2222222222222222	TYLYPSAI:0.25925925925925924	ARVYHAHT:0.2962962962962963	RVYHAHTT:0.2962962962962963	YPYLKGGV:0.4444444444444444	DVCGPTEH:0.2222222222222222	YLKGGVSA:0.4444444444444444	ESTYPYLK:0.48148148148148145	MESTYPYL:0.48148148148148145	TYPYLKGG:0.48148148148148145	GIIHIAWD:0.25925925925925924	PYLKGGVS:0.4444444444444444	YPLWALLG:0.25925925925925924	STYPYLKG:0.48148148148148145	VMESTYPY:0.37037037037037035	HGTSFLLT:0.2222222222222222	GTSFLLTE:0.25925925925925924	
