cluster number:1143
GT4:13	GT4:13
YKGVDVLL:0.23076923076923078	LTVAGEFW:0.3076923076923077	LCHNVLPH:0.38461538461538464	RVVALCHN:0.23076923076923078	IVRPYKGV:0.38461538461538464	ALCHNVLP:0.3076923076923077	RPYKGVDV:0.23076923076923078	GIVRPYKG:0.38461538461538464	VVALCHNV:0.23076923076923078	TQNVWLAH:0.3076923076923077	SWRAQYPA:0.23076923076923078	VALTVAGE:0.23076923076923078	ATQNVWLA:0.3076923076923077	VLPYRSAT:0.23076923076923078	ARHTTELA:0.38461538461538464	ATATQNVW:0.3076923076923077	TVAGEFWG:0.3076923076923077	QVRDGVDG:0.3076923076923077	ESWRAQYP:0.3076923076923077	YKGGGARH:0.38461538461538464	GVDVLLRA:0.23076923076923078	RHTTELAH:0.38461538461538464	AGEFWGGS:0.23076923076923078	TATQNVWL:0.3076923076923077	LPYRSATA:0.23076923076923078	CHNVLPHE:0.38461538461538464	KGGGARHT:0.38461538461538464	VGPTHPYK:0.23076923076923078	PYKGGGAR:0.38461538461538464	VRPYKGVD:0.38461538461538464	TTELAHRL:0.3076923076923077	GGGARHTT:0.38461538461538464	GPTHPYKG:0.23076923076923078	VAGEFWGG:0.3076923076923077	PYKGVDVL:0.23076923076923078	KGVDVLLR:0.23076923076923078	RALLRRVD:0.38461538461538464	PTHPYKGG:0.23076923076923078	VALCHNVL:0.3076923076923077	LRAGVRPV:0.3076923076923077	ALTVAGEF:0.23076923076923078	ARVVALCH:0.23076923076923078	DAVVLPYR:0.3076923076923077	AHGVPVIA:0.23076923076923078	GGARHTTE:0.38461538461538464	HPYKGGGA:0.3076923076923077	HTTELAHR:0.3076923076923077	GARHTTEL:0.38461538461538464	WYRPDGWW:0.23076923076923078	ALLRRVDG:0.3076923076923077	HNVLPHEP:0.23076923076923078	GYVPAAEL:0.23076923076923078	MPPHLPET:0.3076923076923077	ATRAGTLP:0.23076923076923078	AWYRPDGW:0.23076923076923078	ADAVVLPY:0.23076923076923078	LAWYRPDG:0.23076923076923078	AADLARAL:0.3076923076923077	DAADLARA:0.38461538461538464	YLGVLAGV:0.23076923076923078	VDGLLCAP:0.3076923076923077	GVDGLLCA:0.3076923076923077	YRPDGWWR:0.23076923076923078	LLRRVDGV:0.3076923076923077	LPPHLPGG:0.23076923076923078	YRSATASQ:0.23076923076923078	YKGVDLLL:0.3076923076923077	AHNVLPHE:0.23076923076923078	GLPVVATR:0.23076923076923078	RSATASQN:0.23076923076923078	DLPPHLPG:0.23076923076923078	GDAADLAR:0.38461538461538464	LGIADRVR:0.23076923076923078	GERRHLLF:0.23076923076923078	AVDVSLVR:0.23076923076923078	SLVRALLR:0.23076923076923078	VPAYLGVL:0.23076923076923078	APGDAADL:0.3076923076923077	FLGIVRPY:0.23076923076923078	NVWLAHEH:0.23076923076923078	PVVATRAG:0.3076923076923077	PHLPETGG:0.23076923076923078	VLPHERRA:0.23076923076923078	FSPVQVPA:0.23076923076923078	GPAHPYKG:0.23076923076923078	HLLFLGIV:0.23076923076923078	PAHPYKGG:0.23076923076923078	PGDAADLA:0.3076923076923077	VWLAHEHG:0.23076923076923078	AYLGVLAG:0.23076923076923078	LPHERRAV:0.23076923076923078	ERRHLLFL:0.23076923076923078	EGVDGLLC:0.23076923076923078	RRHLLFLG:0.23076923076923078	AHPYKGGG:0.23076923076923078	ERRAVDVS:0.23076923076923078	ERLRAGVR:0.23076923076923078	LLFLGIVR:0.23076923076923078	VRALLRRV:0.23076923076923078	VGPAHPYK:0.23076923076923078	LVGPAHPY:0.23076923076923078	QVPAYLGV:0.23076923076923078	HERRAVDV:0.23076923076923078	HNVLPHER:0.23076923076923078	VSLVRALL:0.23076923076923078	NVLPHERR:0.23076923076923078	SPVQVPAY:0.23076923076923078	QNVWLAHE:0.23076923076923078	VQVPAYLG:0.23076923076923078	DVSLVRAL:0.23076923076923078	DHVREGVD:0.23076923076923078	LFSPVQVP:0.23076923076923078	PVQVPAYL:0.23076923076923078	PPHLPETG:0.23076923076923078	PAYLGVLA:0.23076923076923078	RAVDVSLV:0.23076923076923078	PHERRAVD:0.23076923076923078	RHLLFLGI:0.23076923076923078	HVREGVDG:0.23076923076923078	RRAVDVSL:0.23076923076923078	LGIVRPYK:0.23076923076923078	VREGVDGL:0.23076923076923078	RLRAGVRP:0.23076923076923078	REGVDGLL:0.23076923076923078	LVRALLRR:0.23076923076923078	PERLRAGV:0.23076923076923078	VDVSLVRA:0.23076923076923078	LFLGIVRP:0.23076923076923078	
