cluster number:2210
GT4:19	GT4:19|GT2:1|GT0:1
GFGLTMAE:0.47368421052631576	GLTMAEAM:0.47368421052631576	CDCYISLH:0.21052631578947367	FDEIWTPS:0.2631578947368421	SEGFGLTM:0.2631578947368421	GKPVIATA:0.3157894736842105	FGLTMAEA:0.47368421052631576	EGFGLTMA:0.47368421052631576	LTMAEAMF:0.21052631578947367	TMAEAMFY:0.21052631578947367	YGKPVIAT:0.21052631578947367	IATAYSGN:0.21052631578947367	VIATAYSG:0.21052631578947367	PVIATAYS:0.3157894736842105	KPVIATAY:0.3157894736842105	LFDEIWTP:0.21052631578947367	YISLHRSE:0.21052631578947367	HRSEGFGL:0.3684210526315789	LHRSEGFG:0.42105263157894735	ISLHRSEG:0.3157894736842105	LTMAEAMY:0.21052631578947367	RSEGFGLT:0.2631578947368421	SLHRSEGF:0.42105263157894735	LHRAEGFG:0.3684210526315789	RAEGFGLT:0.21052631578947367	AEGFGLTM:0.21052631578947367	ISLHRAEG:0.2631578947368421	SLHRAEGF:0.3684210526315789	HRAEGFGL:0.2631578947368421	
