cluster number:1989
GT4:12	GT4:12
VSTSLGAE:0.3333333333333333	IVSTSLGA:0.3333333333333333	LGAEGIEA:0.25	KYAWSAAA:0.25	AIVSTSLG:0.25	VNLEFPYL:0.25	EIAYDLAR:0.25	LLQLRSLV:0.3333333333333333	VPDLRPHL:0.4166666666666667	GTRLKIVE:0.5833333333333334	PLRLGGGT:0.5	IGGRPPPS:0.25	VPLRLGGG:0.5	IIGGRPPP:0.25	HMPASPPR:0.3333333333333333	DSHEIAYD:0.25	RFDIVNLE:0.5	TVPNIDAV:0.25	IVNLEFPY:0.25	KIVEAMAM:0.4166666666666667	SFDRLRVA:0.25	RDVVLVRN:0.25	HEIAYDLA:0.25	AMGKAIVS:0.5	PRIELTGF:0.25	GLAKRLLQ:0.3333333333333333	TGFVPDLR:0.5	NLEFPYLG:0.25	DIVNLEFP:0.25	TSLGAEGI:0.3333333333333333	RLGGGTRL:0.5	WRKLRREE:0.4166666666666667	RCKIIGGR:0.25	LGGGTRLK:0.5	YCRDVVLV:0.25	FVPDLRPH:0.5	IELTGFVP:0.3333333333333333	ARCKIIGG:0.4166666666666667	LAKRLLQL:0.3333333333333333	VSHMPASP:0.3333333333333333	AMAMGKAI:0.4166666666666667	VVPLRLGG:0.3333333333333333	IVEAMAMG:0.4166666666666667	AKRLLQLR:0.3333333333333333	YDLARQFA:0.25	VDSHEIAY:0.25	NWRKLRRE:0.4166666666666667	IAYDLARQ:0.25	RLKIVEAM:0.4166666666666667	MAMGKAIV:0.5833333333333334	GAQARMHG:0.25	TRLKIVEA:0.5	LTGFVPDL:0.3333333333333333	LAGPRIEL:0.25	DARCKIIG:0.4166666666666667	ARMHGLMT:0.25	GGGTRLKI:0.75	SHEIAYDL:0.25	SHMPASPP:0.3333333333333333	LRLGGGTR:0.5	RIELTGFV:0.25	ADGVYLCS:0.5	KRLLQLRS:0.5	SLGAEGIE:0.25	RKLRREEL:0.4166666666666667	EAMAMGKA:0.5833333333333334	AYDLARQF:0.25	KAIVSTSL:0.25	GFVPDLRP:0.5	TRFDIVNL:0.25	GRDGLAKR:0.3333333333333333	QARMHGLM:0.25	GGTRLKIV:0.5833333333333334	RDGLAKRL:0.3333333333333333	MGKAIVST:0.5	GGRPPPSL:0.25	GLMTQLAR:0.3333333333333333	AVIPNAAD:0.25	RLLQLRSL:0.5	VEAMAMGK:0.4166666666666667	MTQLARRH:0.3333333333333333	AGPRIELT:0.25	HPDARCKI:0.25	FDIVNLEF:0.5	AQARMHGL:0.25	RMHGLMTQ:0.25	ELTGFVPD:0.3333333333333333	PDLRPHLA:0.4166666666666667	PDARCKII:0.4166666666666667	STSLGAEG:0.3333333333333333	KIIGGRPP:0.25	TQLARRHD:0.3333333333333333	CKIIGGRP:0.25	DGLAKRLL:0.3333333333333333	GPRIELTG:0.25	GKAIVSTS:0.25	TAVIPNAA:0.25	LMTQLARR:0.3333333333333333	MHGLMTQL:0.25	LKIVEAMA:0.4166666666666667	CRDVVLVR:0.25	LQLRSLVS:0.3333333333333333	HGLMTQLA:0.4166666666666667	SPPRFGAQ:0.4166666666666667	ANWRKLRR:0.25	ASPPRFGA:0.4166666666666667	PASPPRFG:0.4166666666666667	RRHDLTAV:0.25	PRFGAQAR:0.4166666666666667	MPASPPRF:0.4166666666666667	RLNILYVS:0.3333333333333333	PPRFGAQA:0.4166666666666667	TAVMLVDD:0.25	PGRDILIE:0.25	RLLAEPEL:0.25	LLAEPELA:0.25	STTLGAEG:0.3333333333333333	VSTTLGAE:0.3333333333333333	VVDSHNID:0.25	NAADVDFY:0.25	PNAADVDF:0.25	VDSHNIDY:0.25	IPNAADVD:0.25	VIPNAADV:0.25	TTLGAEGI:0.25	
