cluster number:1927
GT4:15	GT4:15
YKGGGGPD:0.2	EGLPNTLL:0.3333333333333333	LVGTVARI:0.2	RGTYKGGG:0.2	VLHNGIDT:0.26666666666666666	LHNGIDTS:0.2	GTYKGGGG:0.2	LRGTYKGG:0.2	PNTLLEAM:0.4	GLPNTLLE:0.4666666666666667	LPNTLLEA:0.4666666666666667	TYKGGGGP:0.2	VGTVARIT:0.2	GGGGPDKT:0.2	KGGGGPDK:0.2	DLRGTYKG:0.2	NTLLEAMA:0.3333333333333333	LPNTVLEA:0.26666666666666666	EGLPNTVL:0.26666666666666666	GLPNTVLE:0.26666666666666666	PVVATNVG:0.2	
