cluster number:1083
GT4:47	GT4:47
VNAPASRT:0.2765957446808511	LTDNFPPE:0.5319148936170213	PASRTFEH:0.2127659574468085	FPPEVNAP:0.46808510638297873	DNFPPEVN:0.3404255319148936	FLTDNFPP:0.5319148936170213	APASRTFE:0.2127659574468085	ILFLTDNF:0.46808510638297873	NAPASRTF:0.2127659574468085	EVNAPASR:0.2765957446808511	VIPSKLFE:0.3404255319148936	NFPPEVNA:0.3404255319148936	TYITANEG:0.3617021276595745	LFLTDNFP:0.48936170212765956	FELRDIWP:0.2127659574468085	PEVNAPAS:0.2765957446808511	HILFLTDN:0.2127659574468085	PPEVNAPA:0.46808510638297873	TDNFPPEV:0.3191489361702128	MHILFLTD:0.2127659574468085	YITANEGF:0.44680851063829785	WPASITAV:0.2978723404255319	PEGNAPAT:0.2553191489361702	VKTYITAN:0.23404255319148937	IVATSPQF:0.3191489361702128	FPPEGNAP:0.2765957446808511	DVIVATSP:0.2127659574468085	VIPSKIFE:0.5319148936170213	ATRTYEHA:0.2553191489361702	KTYITANE:0.2553191489361702	ATSPQFFC:0.3191489361702128	THGMAHGL:0.2978723404255319	TVIPSKIF:0.3829787234042553	TVITCAPN:0.3404255319148936	NAPATRTY:0.40425531914893614	HGMAHGLE:0.2765957446808511	DNFPPEGN:0.2765957446808511	ITCAPNFP:0.3191489361702128	PPEGNAPA:0.2765957446808511	GTHGMAHG:0.3191489361702128	VIVATSPQ:0.2127659574468085	ITAVGAMK:0.2127659574468085	RVKTYITA:0.23404255319148937	SITAVGAM:0.2765957446808511	VTVITCAP:0.3404255319148936	PFVFELRD:0.3191489361702128	APATRTYE:0.40425531914893614	GNAPATRT:0.2553191489361702	CAPNFPEG:0.23404255319148937	VRVKTYIT:0.2127659574468085	ASITAVGA:0.2765957446808511	PASITAVG:0.2978723404255319	VVRVKTYI:0.2127659574468085	TSPQFFCA:0.2553191489361702	VITCAPNF:0.2978723404255319	NFPPEGNA:0.2765957446808511	VATSPQFF:0.5106382978723404	EGNAPATR:0.2553191489361702	PATRTYEH:0.40425531914893614	TCAPNFPE:0.23404255319148937	KTVIPSKI:0.2127659574468085	FKTVIPSK:0.2127659574468085	VVLNGVDL:0.2127659574468085	FELRDLWP:0.3617021276595745	FVFELRDL:0.2127659574468085	VFELRDLW:0.2978723404255319	EVTVITCA:0.2127659574468085	RDLWPESI:0.2978723404255319	IGTHGMAH:0.3617021276595745	GYIGTHGM:0.3617021276595745	YIGTHGMA:0.3829787234042553	ATSPQFFT:0.2127659574468085	
