cluster number:441
GT4:30	GT4:30
GFGLPALE:0.6	FGLPALEA:0.6	GLPALEAM:0.5	LPALEAMA:0.43333333333333335	YEGFGLPA:0.5666666666666667	EGFGLPAL:0.6	LPEVVGEA:0.2	LEAMACGT:0.3333333333333333	EAMACGTP:0.36666666666666664	SLPEVVGE:0.2	AMACGTPV:0.3	MACGTPVV:0.26666666666666666	RMVRGRLH:0.3	ELGLHENV:0.23333333333333334	PDLRFSAL:0.2	AHELGLHE:0.23333333333333334	VGNAKRFK:0.23333333333333334	LLAGKGAV:0.26666666666666666	ELPARYVA:0.23333333333333334	SPYRLQVI:0.3333333333333333	VAAVGNAK:0.23333333333333334	GKGAVAHE:0.23333333333333334	GNAKRFKN:0.23333333333333334	ATLRVLRD:0.23333333333333334	RYVAAVGN:0.23333333333333334	GRLHGIAR:0.3333333333333333	AVGNAKRF:0.23333333333333334	AAVGNAKR:0.23333333333333334	LVTVSEFS:0.2	LSPYRLQV:0.3	VLLAGKGA:0.3	NAKRFKNL:0.23333333333333334	LAGKGAVA:0.23333333333333334	RLHGIARY:0.3333333333333333	VATLHDAN:0.4	PARYVAAV:0.23333333333333334	WREATLRV:0.2	VLLDLRMV:0.23333333333333334	VAHELGLH:0.23333333333333334	LLDLRMVR:0.23333333333333334	VRGRLHGI:0.3	MPLFYGAA:0.2	LHGIARYA:0.36666666666666664	HGIARYAL:0.36666666666666664	LRMVRGRL:0.3	RYALELAR:0.26666666666666666	YALELARR:0.26666666666666666	ARYALELA:0.36666666666666664	SALVPPEG:0.23333333333333334	YVAAVGNA:0.23333333333333334	FSALVPPE:0.23333333333333334	AVAHELGL:0.23333333333333334	AWREATLR:0.2	GIARYALE:0.36666666666666664	LPARYVAA:0.23333333333333334	RGRLHGIA:0.3	LVATLHDA:0.4	KGAVAHEL:0.23333333333333334	ARYVAAVG:0.23333333333333334	DLRMVRGR:0.3	ATLHDANH:0.4	REATLRVL:0.2	MVRGRLHG:0.3	ALVTVSEF:0.2	AGKGAVAH:0.23333333333333334	VTVSEFSR:0.2	LDLRMVRG:0.23333333333333334	AVYRRVLE:0.2	APDLRFSA:0.2	GAVAHELG:0.23333333333333334	ALVPPEGL:0.23333333333333334	TLRVLRDD:0.23333333333333334	IARYALEL:0.36666666666666664	EATLRVLR:0.2	HELGLHEN:0.23333333333333334	HDANHLAL:0.23333333333333334	DDCARRTL:0.2	ANHLALAD:0.2	PSRYEGFG:0.5333333333333333	SFSLPLFW:0.23333333333333334	LEQPALAA:0.2	TLHDANHL:0.3333333333333333	RLVATLHD:0.3	QVIHNGVD:0.2	YRLQVIHN:0.2	NHLALADQ:0.2	LLLPSRYE:0.26666666666666666	DCARRTLA:0.26666666666666666	FHATSFSL:0.3	GRLVATLH:0.3	GFLSPLEQ:0.2	LHDANHLA:0.23333333333333334	VSEFSRDE:0.2	WDDCARRT:0.2	FLSPLEQP:0.26666666666666666	ALLLPSRY:0.26666666666666666	LPSRYEGF:0.23333333333333334	HATSFSLP:0.3	LSPLEQPA:0.23333333333333334	TVSEFSRD:0.2	LLPSRYEG:0.26666666666666666	LQVIHNGV:0.2	PYRLQVIH:0.2	RLQVIHNG:0.2	DANHLALA:0.2	ATSFSLPL:0.23333333333333334	SPLEQPAL:0.23333333333333334	SRYEGFGL:0.5333333333333333	PLEQPALA:0.2	HLALADQY:0.2	RYEGFGLP:0.4666666666666667	TSFSLPLF:0.23333333333333334	SSLPEVVG:0.23333333333333334	ALEAMACG:0.2	PALEAMAC:0.2	
