cluster number:2293
GT4:101	GT4:101
RDIDVLVQ:0.6039603960396039	SRNTMGYW:0.32673267326732675	PNSLIYYL:0.3069306930693069	IPIITVSR:0.44554455445544555	KIYLYDSA:0.26732673267326734	LYFLVPGT:0.24752475247524752	GFGLPPLE:0.36633663366336633	ACGCQVFS:0.5445544554455446	IITVSRNT:0.4158415841584158	DYLDPGFN:0.6534653465346535	LYDSAEYW:0.7623762376237624	LADYLDPG:0.2376237623762376	TVSRNTMG:0.27722772277227725	EALACGCQ:0.36633663366336633	KLYFLVPG:0.25742574257425743	NTMGYWGQ:0.2871287128712871	MRKLYFLV:0.24752475247524752	RKLYFLVP:0.24752475247524752	GFNCYKIA:0.36633663366336633	SLIYYLPN:0.43564356435643564	YLYDSAEY:0.7623762376237624	VSRNTMGY:0.31683168316831684	IYLYDSAE:0.26732673267326734	LACGCQVF:0.36633663366336633	FGLPPLEA:0.36633663366336633	YDSAEYWA:0.594059405940594	PIITVSRN:0.42574257425742573	LDPGFNCY:0.36633663366336633	YLDPGFNC:0.6039603960396039	ITVSRNTM:0.25742574257425743	RNTMGYWG:0.32673267326732675	GCQVFSSV:0.42574257425742573	DPGFNCYK:0.36633663366336633	ADYLDPGF:0.22772277227722773	CQVFSSVN:0.42574257425742573	EGFGLPPL:0.36633663366336633	CGCQVFSS:0.5643564356435643	NSLIYYLP:0.31683168316831684	ALACGCQV:0.36633663366336633	PGFNCYKI:0.36633663366336633	IDVLVQAR:0.39603960396039606	VFSSVNGG:0.3564356435643564	MRKLYFLL:0.25742574257425743	FVISWGFD:0.36633663366336633	QARKSSEY:0.22772277227722773	VQARKSSE:0.21782178217821782	GGLWAELK:0.5445544554455446	GFGLQPME:0.45544554455445546	GLWAELKT:0.40594059405940597	YNVVYHAH:0.27722772277227725	LYFLLPGT:0.36633663366336633	YYLPNQIS:0.3564356435643564	GKFACGGL:0.32673267326732675	YHAHSAGY:0.39603960396039606	EGFGLQPM:0.45544554455445546	IYYLPNQI:0.46534653465346537	VVTYRQRE:0.4158415841584158	GLQPMEAL:0.32673267326732675	GGLSDYLD:0.42574257425742573	ISWGFDIA:0.21782178217821782	KLYFLLPG:0.26732673267326734	VISWGFDI:0.297029702970297	LVQARKSS:0.40594059405940597	ACGGLWAE:0.4752475247524752	SEGFGLQP:0.46534653465346537	DSAEYWAQ:0.44554455445544555	RKLYFLLP:0.26732673267326734	KFACGGLW:0.40594059405940597	VVYHAHSA:0.26732673267326734	FSSVNGGL:0.36633663366336633	SDYLDPGF:0.42574257425742573	LIYYLPNQ:0.45544554455445546	ERDIDVLV:0.33663366336633666	FGLQPMEA:0.45544554455445546	VIFVISWG:0.26732673267326734	DIDVLVQA:0.31683168316831684	GLSDYLDP:0.45544554455445546	CGGLWAEL:0.5247524752475248	LQPMEALA:0.31683168316831684	SAEYWAQQ:0.4158415841584158	QVFSSVNG:0.36633663366336633	VYHAHSAG:0.2871287128712871	AEVVTYRQ:0.24752475247524752	SSVNGGLS:0.3069306930693069	QPMEALAC:0.3069306930693069	VSEGFGLQ:0.44554455445544555	DVIFVISW:0.21782178217821782	VLVQARKS:0.38613861386138615	IFVISWGF:0.4158415841584158	SVNGGLSD:0.3069306930693069	LSDYLDPG:0.42574257425742573	VNGGLSDY:0.3069306930693069	NVVYHAHS:0.33663366336633666	FACGGLWA:0.46534653465346537	MEALACGC:0.3069306930693069	PMEALACG:0.3069306930693069	EVVTYRQR:0.24752475247524752	YLPNQISD:0.22772277227722773	DVLVQARK:0.39603960396039606	ARKSSEYL:0.24752475247524752	SIPIITVS:0.297029702970297	NGGLSDYL:0.42574257425742573	VSRNTLGY:0.3465346534653465	NRAKVYLY:0.26732673267326734	LFNRAKVY:0.24752475247524752	FNCYKIAG:0.31683168316831684	RNTLGYWG:0.33663366336633666	PGLFNRAK:0.25742574257425743	KVYLYDSA:0.36633663366336633	CYKIAGYS:0.26732673267326734	RAKVYLYD:0.26732673267326734	LPGLFNRA:0.25742574257425743	SRNTLGYW:0.3465346534653465	DLPGLFNR:0.2871287128712871	GVSEGFGL:0.25742574257425743	EDLPGLFN:0.26732673267326734	NCYKIAGY:0.31683168316831684	VYLYDSAE:0.48514851485148514	NTLGYWGQ:0.2079207920792079	FNRAKVYL:0.26732673267326734	AKVYLYDS:0.27722772277227725	VSWGFDVP:0.2079207920792079	
