cluster number:2006
GT4:15	GT4:15
VSSGNLKN:0.3333333333333333	KGVFTDVG:0.4	IHAHFTLS:0.4	IISKSPNI:0.2	NCKGVFTD:0.4	MGTDAYGR:0.2	MKVLFVSS:0.2	AHFTLSAW:0.26666666666666666	VAPFIKVQ:0.2	KYVLFLGN:0.2	PFIKVQGD:0.2	IQPFVKKI:0.2	KVLFVSSG:0.26666666666666666	FVSSGNLK:0.3333333333333333	VLSLMGTD:0.26666666666666666	VKEAMACN:0.26666666666666666	IKVQGDSL:0.2	QPFVKKII:0.2	APFIKVQG:0.26666666666666666	CKGVFTDV:0.4	VLFVSSGN:0.4666666666666667	MACNCKGV:0.2	HFTLSAWV:0.26666666666666666	VVKEAMAC:0.4666666666666667	GVFTDVGD:0.4	HAHFTLSA:0.26666666666666666	EGSPNVVK:0.6	PFVKKIIS:0.2	FIKVQGDS:0.2	KKYVLFLG:0.2	QEGSPNVV:0.26666666666666666	YVLFLGNP:0.2	ISKSPNIE:0.2	LFVSSGNL:0.3333333333333333	ACNCKGVF:0.2	NVVKEAMA:0.5333333333333333	CNCKGVFT:0.2	KEAMACNC:0.2	SLMGTDAY:0.2	LIHAHFTL:0.3333333333333333	GSPNVVKE:0.6	VKKIISKS:0.2	DLIHAHFT:0.4	LMGTDAYG:0.2	FTDVGDVK:0.2	YDLIHAHF:0.3333333333333333	FVKKIISK:0.2	PNVVKEAM:0.5333333333333333	SPNVVKEA:0.5333333333333333	VFTDVGDV:0.4	SSGNLKNF:0.3333333333333333	LSLMGTDA:0.4	SGNLKNFD:0.26666666666666666	SNCKGVFT:0.2	INVTYFKI:0.2	ASNCKGVF:0.2	
