cluster number:1210
GT4:35	GT4:35
DFPTLIRA:0.4	YGPLVPVG:0.22857142857142856	PQKDFPTL:0.2	PTLIRAFA:0.4	VLSSAWEG:0.45714285714285713	KDFPTLIR:0.4	GPLVPVGD:0.37142857142857144	FVLSSAWE:0.42857142857142855	FPTLIRAF:0.4	QKDFPTLI:0.42857142857142855	TDCPSGPR:0.34285714285714286	VSTDCPSG:0.22857142857142856	LFVLSSAW:0.34285714285714286	STDCPSGP:0.2857142857142857	PVVSTDCP:0.2	VVSTDCPS:0.2	DCPSGPRE:0.3142857142857143	GSPNVLTE:0.2857142857142857	VLTEALAL:0.2	PNVLTEAL:0.22857142857142856	LTEALALG:0.22857142857142856	NVLTEALA:0.2	EGSPNVLT:0.2857142857142857	RQKDFPTL:0.2571428571428571	LLAAKDRA:0.3142857142857143	WEGSPNVL:0.2857142857142857	SPNVLTEA:0.2857142857142857	SAWEGSPN:0.34285714285714286	AWEGSPNV:0.2571428571428571	SSAWEGSP:0.34285714285714286	LSSAWEGS:0.34285714285714286	PLVPVGDA:0.22857142857142856	ATDCPSGP:0.2	VATDCPSG:0.2	ALLAAKDR:0.22857142857142856	
