cluster number:1232
GT4:19	GT4:19
EKETRGLT:0.42105263157894735	SFFRTNFL:0.2631578947368421	PDKGWNFT:0.21052631578947367	HVTTSEKE:0.21052631578947367	TVLEAFAA:0.21052631578947367	SEKETRGL:0.42105263157894735	HVDEPERL:0.7894736842105263	TSEKETRG:0.2631578947368421	IITSGFLP:0.47368421052631576	RGLTVLEA:0.3157894736842105	PERLFVGF:0.21052631578947367	DGVTVSGL:0.21052631578947367	IDGVTVSG:0.3157894736842105	GGVVENIQ:0.2631578947368421	EAFAAGIP:0.3157894736842105	MKIAIITS:0.47368421052631576	GLTVLEAF:0.3157894736842105	DEPERLFV:0.21052631578947367	AIITSGFL:0.47368421052631576	IIHVDEPE:0.47368421052631576	LTVLEAFA:0.3157894736842105	TRGLTVLE:0.21052631578947367	IAIITSGF:0.47368421052631576	NSYDLTLV:0.21052631578947367	KIAIITSG:0.47368421052631576	KETRGLTV:0.21052631578947367	VDEPERLF:0.47368421052631576	ETRGLTVL:0.21052631578947367	DIIHVDEP:0.47368421052631576	TTSEKETR:0.2631578947368421	IHVDEPER:0.5789473684210527	EPERLFVG:0.21052631578947367	YNSYDLTL:0.2631578947368421	PDIIHVDE:0.47368421052631576	LEAFAAGI:0.2631578947368421	AFAAGIPV:0.2631578947368421	TGNILPGV:0.21052631578947367	AGGVVENI:0.3157894736842105	GRLTPDKG:0.7368421052631579	DEPERLFF:0.21052631578947367	TILEAFAA:0.21052631578947367	TSGFLPVI:0.3157894736842105	PVIDGVTV:0.3684210526315789	QPDIIHVD:0.3157894736842105	LSQWGHQV:0.21052631578947367	VIDGVTVS:0.3157894736842105	NGFLFTPQ:0.21052631578947367	KFQPDIIH:0.21052631578947367	ILEAFAAG:0.21052631578947367	TRGLTILE:0.21052631578947367	LGRLTPDK:0.42105263157894735	LTILEAFA:0.3157894736842105	FCPDYSAL:0.2631578947368421	SGFLPVID:0.3157894736842105	QVLLFCPD:0.42105263157894735	ETRGLTIL:0.21052631578947367	GFLPVIDG:0.3157894736842105	KETRGLTI:0.21052631578947367	LPVIDGVT:0.3157894736842105	FLPVIDGV:0.3157894736842105	LFCPDYSA:0.3684210526315789	ITSGFLPV:0.42105263157894735	HQVLLFCP:0.42105263157894735	GLTILEAF:0.2631578947368421	GVVENIQD:0.21052631578947367	WGHQVLLF:0.3157894736842105	GHQVLLFC:0.42105263157894735	FQPDIIHV:0.3684210526315789	RGLTILEA:0.2631578947368421	RLTPDKGW:0.7368421052631579	FLGRLTPD:0.42105263157894735	LLFCPDYS:0.42105263157894735	VLLFCPDY:0.42105263157894735	VVENIQDG:0.21052631578947367	FRTNFLEY:0.21052631578947367	LPVVDGVT:0.21052631578947367	SGFLPVVD:0.2631578947368421	GFLPVVDG:0.2631578947368421	FLPVVDGV:0.2631578947368421	PRAGGVVE:0.21052631578947367	RAGGVVEN:0.21052631578947367	VLAPRAGG:0.21052631578947367	PVLAPRAG:0.21052631578947367	IPVLAPRA:0.21052631578947367	APRAGGVV:0.21052631578947367	EAFASGIP:0.21052631578947367	LEAFASGI:0.21052631578947367	AFASGIPV:0.21052631578947367	
