cluster number:732
GT4:43	GT4:43
MKFFEYLA:0.8372093023255814	WDNPFWTN:0.6046511627906976	DNPFWTNK:0.6046511627906976	GAISGYKV:0.20930232558139536	FPMKFFEY:0.8837209302325582	NIWVWSPI:0.2558139534883721	MFPMKFFE:0.8837209302325582	YFSNVADY:0.27906976744186046	FWTNKQHV:0.627906976744186	DWDNPFWT:0.6046511627906976	TADWDNPF:0.6046511627906976	PFWTNKQH:0.6511627906976745	TNKQHVAV:0.2558139534883721	PMKFFEYL:1.0	ADWDNPFW:0.6046511627906976	STADWDNP:0.627906976744186	YIDSLGLR:0.3023255813953488	NPFWTNKQ:0.6511627906976745	FEYLAAGK:0.37209302325581395	WTNKQHVA:0.6511627906976745	NKQHVAVE:0.20930232558139536	KFFEYLAA:0.7906976744186046	KAQPGMPV:0.3488372093023256	FFEYLAAG:0.7906976744186046	LLSTADWD:0.3953488372093023	GAIDAYKL:0.20930232558139536	DWDHPLWT:0.2558139534883721	HPLWTNKQ:0.2558139534883721	PLWTNKQH:0.2558139534883721	ADWDHPLW:0.2558139534883721	DHPLWTNK:0.2558139534883721	LSTADWDH:0.20930232558139536	STADWDHP:0.20930232558139536	WDHPLWTN:0.2558139534883721	TADWDHPL:0.2558139534883721	VDEIKAQP:0.4418604651162791	SMFPMKFF:0.32558139534883723	CVDEIKAQ:0.4418604651162791	VLSTADWD:0.27906976744186046	EIKAQPGM:0.4418604651162791	ASMFPMKF:0.23255813953488372	LWTYNPLT:0.627906976744186	WTYNPLTT:0.3488372093023256	VGEGDPNT:0.27906976744186046	GFIGAISG:0.20930232558139536	RGHRVLYI:0.20930232558139536	DIVVLSTA:0.23255813953488372	GHRVLYIE:0.2558139534883721	GEGDPNTD:0.20930232558139536	VVYHCVDE:0.2558139534883721	YHCVDEIK:0.5813953488372093	VVLSTADW:0.2558139534883721	LSTADWDN:0.5348837209302325	VYHCVDEI:0.4418604651162791	IVVLSTAD:0.23255813953488372	RVLYIESL:0.2558139534883721	IGAISGYK:0.20930232558139536	HRVLYIES:0.2558139534883721	DNIWVWSP:0.3023255813953488	VLYIESLG:0.27906976744186046	TASMFPMK:0.23255813953488372	FIGAISGY:0.20930232558139536	YIESLGLR:0.27906976744186046	HCVDEIKA:0.4418604651162791	DEIKAQPG:0.4418604651162791	LYIESLGL:0.27906976744186046	IKAQPGMP:0.4418604651162791	YVVYHCVD:0.23255813953488372	YTASMFPM:0.23255813953488372	VVSVDLAS:0.23255813953488372	NMFPMKFF:0.3488372093023256	GFIGAISS:0.23255813953488372	ALLPNNIN:0.20930232558139536	FYIDSLGL:0.20930232558139536	DNMFPMKF:0.3023255813953488	LGFIGAIS:0.27906976744186046	YTDNMFPM:0.3023255813953488	FIGAISSY:0.2558139534883721	IGAISSYK:0.2558139534883721	TDNMFPMK:0.3023255813953488	ILWTYNPL:0.2558139534883721	GAISSYKV:0.20930232558139536	IDSLGLRA:0.20930232558139536	VLLSTADW:0.2558139534883721	DSLGLRAP:0.23255813953488372	
