cluster number:992
GT4:22	GT4:22
SLYEGFGL:0.5454545454545454	SCMPEIAG:0.22727272727272727	SGTPVLTS:0.22727272727272727	YPSLYEGF:0.5909090909090909	FVGTIEPR:0.2727272727272727	IVEAMASG:0.22727272727272727	WLPALYAG:0.2727272727272727	VTAIHLAA:0.22727272727272727	PIVEAMAS:0.22727272727272727	GTPVLTSN:0.22727272727272727	LYEGFGLP:0.5454545454545454	GTIEPRKN:0.2727272727272727	FGLPIVEA:0.5454545454545454	ALYAGARL:0.2727272727272727	GLPIVEAM:0.5909090909090909	LYAGARLM:0.2727272727272727	EAMASGTP:0.22727272727272727	GFGLPIVE:0.5454545454545454	PSLYEGFG:0.6818181818181818	LPIVEAMA:0.5454545454545454	VYPSLYEG:0.2727272727272727	LFVGTIEP:0.2727272727272727	AMASGTPV:0.22727272727272727	PALYAGAR:0.2727272727272727	YEGFGLPI:0.5454545454545454	EGFGLPIV:0.5454545454545454	LPALYAGA:0.2727272727272727	VEAMASGT:0.22727272727272727	VGTIEPRK:0.2727272727272727	GTVEPRKN:0.4090909090909091	AYPSLYEG:0.3181818181818182	VGTVEPRK:0.4090909090909091	FVGTVEPR:0.36363636363636365	LFVGTVEP:0.36363636363636365	
