cluster number:912
GT4:24	GT4:24|GH13_3:1
MAAGLPVV:0.3333333333333333	LRGGDVPG:0.3333333333333333	VVSLRGGD:0.20833333333333334	LINYEFPP:0.20833333333333334	AGLPVVAT:0.3333333333333333	LTIVGDGP:0.20833333333333334	GMPNVVLE:0.5416666666666666	PVVATRIA:0.20833333333333334	SLRGGDVP:0.2916666666666667	RDEGMPNV:0.20833333333333334	AMAAGLPV:0.4166666666666667	PSRDEGMP:0.25	VVATRIAG:0.20833333333333334	LEAMAAGL:0.4166666666666667	PNVVLEAM:0.5416666666666666	AARWRPDA:0.20833333333333334	SRDEGMPN:0.25	MPNVVLEA:0.5416666666666666	LLINYEFP:0.20833333333333334	GLPVVATR:0.20833333333333334	AAGLPVVA:0.3333333333333333	FPSRDEGM:0.20833333333333334	PYVVSLRG:0.20833333333333334	YVVSLRGG:0.20833333333333334	VLEAMAAG:0.4583333333333333	VSLRGGDV:0.2916666666666667	DEGMPNVV:0.20833333333333334	RGGDVPGF:0.2916666666666667	EAMAAGLP:0.4166666666666667	EGMPNVVL:0.5416666666666666	VVLEAMAA:0.3333333333333333	NVVLEAMA:0.4166666666666667	AIIPNGVD:0.2916666666666667	IAIIPNGV:0.20833333333333334	
