cluster number:1914
GT4:53	GT4:53
PVPGGTGR:0.5849056603773585	VPGGTGRY:0.5660377358490566	SDAPALVE:0.2830188679245283	LAPVPGGT:0.5660377358490566	VPWTHPET:0.5283018867924528	THPETLTP:0.4339622641509434	QLLAPVPG:0.4716981132075472	PWTHPETL:0.5283018867924528	LLAPVPGG:0.4716981132075472	APVPGGTG:0.5660377358490566	DAPALVEV:0.24528301886792453	EQLLAPVP:0.4716981132075472	WTHPETLT:0.5283018867924528	LAEGFGLP:0.2830188679245283	PSLAEGFG:0.2830188679245283	SLAEGFGL:0.2830188679245283	PETLTPRG:0.37735849056603776	VEVAGGAG:0.2641509433962264	EGFGLPVL:0.20754716981132076	EAMAAGVP:0.3018867924528302	AEGFGLPV:0.33962264150943394	PGGTGRYT:0.49056603773584906	VHAPTPLA:0.33962264150943394	AAGVPVVH:0.3018867924528302	AMAAGVPV:0.3018867924528302	HPETLTPR:0.37735849056603776	GTIEPRKG:0.32075471698113206	LPVLEAMA:0.20754716981132076	ETLTPRGV:0.3018867924528302	GFGLPVLE:0.20754716981132076	MAAGVPVV:0.32075471698113206	AGVPVVHS:0.3018867924528302	PALVEVAG:0.32075471698113206	FGLPVLEA:0.20754716981132076	LVEVAGGA:0.2641509433962264	ALVEVAGG:0.3018867924528302	GVPVVHSD:0.32075471698113206	GLPVLEAM:0.20754716981132076	HAPTPLAP:0.3584905660377358	PVVHSDAP:0.24528301886792453	AEQLLAPV:0.2830188679245283	DTVPWTHP:0.39622641509433965	VTVHDTVP:0.32075471698113206	RYVLAVGT:0.22641509433962265	HDTVPWTH:0.39622641509433965	GGTGRYTR:0.24528301886792453	TGRYTREL:0.22641509433962265	VHSDAPAL:0.24528301886792453	TVHDTVPW:0.2830188679245283	TVPWTHPE:0.39622641509433965	GTGRYTRE:0.24528301886792453	VVHSDAPA:0.24528301886792453	VHDTVPWT:0.39622641509433965	HSDAPALV:0.22641509433962265	APALVEVA:0.20754716981132076	VPVVHSDA:0.22641509433962265	PRKGIDVL:0.3018867924528302	GGDAVHAP:0.3584905660377358	AEGFGLPL:0.3018867924528302	EPRKGIDV:0.2830188679245283	WPGGDAVH:0.3584905660377358	TAPPGWTV:0.20754716981132076	AVHAPTPL:0.3018867924528302	GDAVHAPT:0.3584905660377358	SRAEGFGL:0.2641509433962264	RKGIDVLI:0.24528301886792453	PGGDAVHA:0.3584905660377358	DAVHAPTP:0.3584905660377358	PSRAEGFG:0.2641509433962264	RAEGFGLP:0.2641509433962264	
