cluster number:2273
GT4:12	GT4:12
IVGAKPSA:0.25	NQAEITAA:0.25	LKTLEMLA:0.5	FISAHAPT:0.4166666666666667	VAKQLLQL:0.25	IEAAKLFQ:0.25	KQLLQLLQ:0.25	MLAAGLPV:0.4166666666666667	YPHAAVYL:0.25	FVEDPTPY:0.3333333333333333	IVPLLEGA:0.25	LEMLAAGL:0.4166666666666667	DRDILTSL:0.25	EITAATDL:0.3333333333333333	ILTSLFAI:0.3333333333333333	RPENEQAI:0.5	KSLLFWAA:0.5	IKLKTLEM:0.6666666666666666	KLFQYEKN:0.25	LEGAGIKL:0.25	LKRWDKVI:0.25	HAPTNYYP:0.25	KDRDILTS:0.25	DILTSLFA:0.25	WAAMDRPE:0.25	PLLEGAGI:0.25	KRWDKVIS:0.25	QKIALRHL:0.25	VVHFEYPH:0.25	DPTPYFEQ:0.3333333333333333	DRPENEQA:0.25	YDVVHFEY:0.25	EYPHAAVY:0.25	FQSFLRKA:0.25	SLLFWAAM:0.5833333333333334	HDLIFQSF:0.25	TNYYPQAG:0.25	HFEYPHAA:0.25	VPLLEGAG:0.25	VGAKPSAK:0.25	LFWAAMDR:0.25	HKSLLFWA:0.25	NEQAILNF:0.3333333333333333	KIALRHLE:0.25	KNLYSAAK:0.25	AGIKLKTL:0.5833333333333334	GAGIKLKT:0.6666666666666666	IPLKFATR:0.25	QYEKNLYS:0.25	FLRKAEKN:0.25	AAKLFQYE:0.25	MDRPENEQ:0.25	IIVTGFVE:0.5	ISAHAPTN:0.3333333333333333	NYYPQAGQ:0.25	LQLLQTYT:0.25	TGFVEDPT:0.5	IGIVPLLE:0.25	GQKIALRH:0.25	GFVEDPTP:0.3333333333333333	VVIANQAE:0.25	AMDRPENE:0.25	IISVHDLI:0.25	PHAAVYLQ:0.25	KLKTLEML:0.8333333333333334	QAGQKIAL:0.5	NLYSAAKE:0.25	FWAAMDRP:0.25	LFQYEKNL:0.25	LGIEAAKL:0.25	GIVPLLEG:0.25	AEITAATD:0.25	NFKLYIVG:0.25	SVHDLIFQ:0.25	LFISAHAP:0.4166666666666667	AAMDRPEN:0.25	YTYDVVHF:0.25	EAAKLFQY:0.25	AKLFQYEK:0.25	EKNLYSAA:0.25	QAEITAAT:0.25	GAKPSAKV:0.25	FKLYIVGA:0.4166666666666667	EDPTPYFE:0.3333333333333333	EMLAAGLP:0.4166666666666667	YPQAGQKI:0.6666666666666666	PENEQAIL:0.5	NIVAKQLL:0.25	YIVGAKPS:0.25	LIFQSFLR:0.25	IFQSFLRK:0.25	AAGLPVIA:0.3333333333333333	FQYEKNLY:0.25	LLEGAGIK:0.25	HLHIPLKF:0.25	EHKSLLFW:0.25	EQAILNFV:0.3333333333333333	AGLPVIAT:0.5	AKQLLQLL:0.25	YYPQAGQK:0.25	KTLEMLAA:0.5	PQAGQKIA:0.6666666666666666	LYIVGAKP:0.25	QSFLRKAE:0.25	APTNYYPQ:0.25	DVVHFEYP:0.25	SAHAPTNY:0.25	VEDPTPYF:0.3333333333333333	GLPVIATT:0.3333333333333333	VHFEYPHA:0.25	VHDLIFQS:0.25	QIGIVPLL:0.25	DLIFQSFL:0.25	GIKLKTLE:0.6666666666666666	YEKNLYSA:0.25	EGAGIKLK:0.25	RWDKVISC:0.25	DVVVIANQ:0.3333333333333333	VVVIANQA:0.25	VDVVVIAN:0.25	LAAGLPVI:0.3333333333333333	QLLQLLQT:0.25	PTNYYPQA:0.25	ANQAEITA:0.25	GIEAAKLF:0.25	TYDVVHFE:0.25	HAAVYLQY:0.25	THLHIPLK:0.25	IANQAEIT:0.25	QLLQTYTY:0.25	ILGIEAAK:0.25	IEHKSLLF:0.25	IVTGFVED:0.5	VIANQAEI:0.25	ENEQAILN:0.3333333333333333	LQTYTYDV:0.25	LLFWAAMD:0.25	RDILTSLF:0.25	FEYPHAAV:0.25	TYTYDVVH:0.25	LLQLLQTY:0.25	KLYIVGAK:0.25	LLQTYTYD:0.25	QTYTYDVV:0.25	TLEMLAAG:0.4166666666666667	ISVHDLIF:0.25	SFLRKAEK:0.25	IVAKQLLQ:0.25	QIIVTGFV:0.4166666666666667	VTGFVEDP:0.5833333333333334	ILFISAHA:0.3333333333333333	AHAPTNYY:0.25	AGQKIALR:0.25	VLSKKDRD:0.25	WVLSKKDR:0.3333333333333333	LFWAAMNR:0.3333333333333333	FEYSHAAV:0.4166666666666667	YDIIHFEY:0.25	DIIHFEYS:0.25	YSHAAVYL:0.4166666666666667	WAAMNRPE:0.3333333333333333	AAMNRPEN:0.3333333333333333	FWAAMNRP:0.3333333333333333	LLFWAAMN:0.3333333333333333	TSIGAEGI:0.25	SKILFISA:0.25	MSKILFIS:0.25	IHFEYSHA:0.4166666666666667	IIHFEYSH:0.25	EYSHAAVY:0.4166666666666667	KILFISAH:0.25	HFEYSHAA:0.4166666666666667	AMNRPENE:0.3333333333333333	MNRPENEQ:0.25	YIVGSNPS:0.25	QGAGIKLK:0.25	NRPENEQA:0.25	LLQGAGIK:0.25	LYIVGSNP:0.25	KLYIVGSN:0.25	AEIGIVPL:0.25	KIEKKSLL:0.25	IEKKSLLF:0.25	EKIEKKSL:0.25	EKKSLLFW:0.25	
