cluster number:1206
GT4:18	GT4:18
KKGLDLLA:1.0	MASGLPCV:0.3888888888888889	TFTGMLTG:0.5555555555555556	GCNFPEAA:0.5555555555555556	SGLPCVIT:0.3333333333333333	KGLDLLAP:0.6111111111111112	GMASGLPC:0.6111111111111112	PCVITTGC:0.4444444444444444	PSYSEGFS:1.0	SEGFSMSV:0.5555555555555556	ASGLPCVI:0.3333333333333333	FTGMLTGK:0.2222222222222222	CLEAVTFT:0.2777777777777778	KAWKKRIY:0.2777777777777778	TGMLTGKL:0.2222222222222222	PWALSYKA:0.3333333333333333	MLEPWALS:0.4444444444444444	GMLEPWAL:0.7777777777777778	LYVAPSYS:0.3333333333333333	LEAVTFTG:0.2777777777777778	APSYSEGF:0.9444444444444444	VTFTGMLT:0.5555555555555556	LSYKAWKK:0.2777777777777778	LEGMASGL:0.6666666666666666	YSEGFSMS:0.6666666666666666	MGDRARKL:0.2222222222222222	PKKGLDLL:1.0	VITTGCNF:0.4444444444444444	CNFPEAAQ:0.2222222222222222	GDRARKLI:0.2222222222222222	KFPQTHLV:0.2222222222222222	LPCVITTG:0.4444444444444444	ALSYKAWK:0.2777777777777778	AWKKRIYY:0.2777777777777778	TGCNFPEA:0.7777777777777778	SMSVLEGM:0.5555555555555556	GMLTGKLK:0.2222222222222222	IDPKKGLD:1.0	ITTGCNFP:0.6666666666666666	PEAAQAQA:0.2222222222222222	GRIDPKKG:1.0	PHGMLEPW:0.5555555555555556	YKAWKKRI:0.2777777777777778	LLFLGRID:0.2222222222222222	THLVVAGP:0.3888888888888889	NFPEAAQA:0.2222222222222222	SYSEGFSM:0.7222222222222222	GLDLLAPA:0.6111111111111112	DPKKGLDL:1.0	TTGCNFPE:0.7777777777777778	EGFSMSVL:0.5555555555555556	YVAPSYSE:0.7222222222222222	VLEGMASG:0.5	EAVTFTGM:0.2777777777777778	QFPETRNK:0.2222222222222222	AVTFTGML:0.6666666666666666	EGMASGLP:0.6111111111111112	LGRIDPKK:0.9444444444444444	EAAQAQAA:0.2222222222222222	LEPWALSY:0.4444444444444444	MSVLEGMA:0.5555555555555556	FLGRIDPK:0.9444444444444444	FSMSVLEG:0.5555555555555556	TPHGMLEP:0.5	GLPCVITT:0.4444444444444444	HLVVAGPD:0.3888888888888889	FPEAAQAQ:0.2222222222222222	LDLLAPAF:0.6111111111111112	LFLGRIDP:0.6666666666666666	LLLFLGRI:0.2222222222222222	SVLEGMAS:0.5	GFSMSVLE:0.5555555555555556	VAPSYSEG:0.7222222222222222	CVITTGCN:0.4444444444444444	WALSYKAW:0.2777777777777778	SYKAWKKR:0.2777777777777778	EPWALSYK:0.4444444444444444	RIDPKKGL:1.0	HGMLEPWA:0.5555555555555556	VTPHGMLE:0.2222222222222222	TGMLTGSL:0.2222222222222222	FTGMLTGS:0.2222222222222222	IYVAPSYS:0.2777777777777778	GMLTGSLK:0.2222222222222222	DAVTFTGM:0.2777777777777778	AGPDNIGF:0.2777777777777778	LDAVTFTG:0.2777777777777778	CLDAVTFT:0.2777777777777778	AGCLDAVT:0.2222222222222222	LIIAGPDN:0.2777777777777778	HLIIAGPD:0.2777777777777778	GCLDAVTF:0.2777777777777778	IAPSYSEG:0.2222222222222222	EPWALAYK:0.3333333333333333	GCNFPEAG:0.2777777777777778	DLLAPAFA:0.4444444444444444	LEPWALAY:0.2222222222222222	PWALAYKA:0.2222222222222222	MLEPWALA:0.2222222222222222	IITTGCNF:0.2222222222222222	CIITTGCN:0.2222222222222222	KYAALAAA:0.4444444444444444	LKYAALAA:0.3333333333333333	ILFLGRID:0.4444444444444444	KTLILFLG:0.2222222222222222	TLILFLGR:0.2222222222222222	LILFLGRI:0.3888888888888889	MASGLPCI:0.2222222222222222	IIFLGRID:0.2222222222222222	VHTNAIFS:0.2222222222222222	IFLGRIDP:0.2222222222222222	YAALAAAS:0.2222222222222222	
