cluster number:1633
GT4:15	GT4:15|GT2:8
DVFVAPSR:0.2	DAIPEPEW:0.26666666666666666	VIVVNGPS:0.2	CDVFVAPS:0.2	GLVFLEAM:0.2	LVTSLHTT:0.2	ALLEIGGF:0.2	LLEIGGFD:0.2	SIVINTLN:0.2	LEIGGFDE:0.2	FDEEFEYF:0.2	AIPEPEWL:0.26666666666666666	SRFESFGL:0.4	VVNGPSTD:0.3333333333333333	DDAIPEPE:0.26666666666666666	VAFIDDDA:0.26666666666666666	FGLVFLEA:0.26666666666666666	VLFVGRLE:0.26666666666666666	FEYFLDET:0.2	PLVTSLHT:0.2	DIVAFIDD:0.2	IVINTLNR:0.2	DETDVCLR:0.26666666666666666	IGGFDEEF:0.2	WPLVTSLH:0.2	GFDEEFEY:0.2	FIDDDAIP:0.26666666666666666	EYFLDETD:0.2	RFESFGLV:0.26666666666666666	FLDETDVC:0.2	AFIDDDAI:0.26666666666666666	FESFGLVF:0.2	FVAPSRFE:0.26666666666666666	LDETDVCL:0.26666666666666666	EIGGFDEE:0.26666666666666666	DEEFEYFL:0.2	YFLDETDV:0.3333333333333333	FEVIVVNG:0.2	GGFDEEFE:0.2	EVIVVNGP:0.2	PSRFESFG:0.4	DDDAIPEP:0.26666666666666666	APSRFESF:0.3333333333333333	IVAFIDDD:0.2	IDDDAIPE:0.26666666666666666	GDIVAFID:0.2	VHHKYAPS:0.2	VAPSRFES:0.26666666666666666	SFGLVFLE:0.2	EFEYFLDE:0.2	ESFGLVFL:0.2	RKGIDVLL:0.26666666666666666	IVVNGPST:0.26666666666666666	EEFEYFLD:0.2	GVWVHRIV:0.2	VANLSVSR:0.2	ANLSVSRN:0.2	APSRYESF:0.2	FGLVFVEA:0.2	PSRYESFG:0.2	SRYESFGL:0.2	SFGLVFVE:0.2	ESFGLVFV:0.2	DIFVAPSR:0.2	
