cluster number:238
GT4:11	GT4:11
CATIDEGF:0.5454545454545454	IFATAVTT:0.2727272727272727	GKKCYFIQ:0.45454545454545453	QVPMGGYK:0.45454545454545453	IQDFETFI:0.2727272727272727	NFTVSNWL:0.36363636363636365	VPMGGYKI:0.45454545454545453	PYLDGREF:0.36363636363636365	GLTGAESM:0.8181818181818182	SMACGCAL:0.6363636363636364	IPYALEAI:0.36363636363636365	YFIQDFET:0.36363636363636365	CALVSTAY:0.45454545454545453	CLPEISQV:0.45454545454545453	GVNALLSP:0.36363636363636365	FIFATAVT:0.2727272727272727	FEYANRLQ:0.45454545454545453	AESMACGC:0.6363636363636364	KCYFIQDF:0.36363636363636365	SQVPMGGY:0.45454545454545453	PEISQVPM:0.45454545454545453	IMTPYLDG:0.5454545454545454	HEGEHKGI:0.45454545454545453	GRNEPSWF:0.36363636363636365	YKIIFEYA:0.5454545454545454	ATIDEGFG:0.5454545454545454	LTGAESMA:0.8181818181818182	EGFGLTGA:0.8181818181818182	GYKIIFEY:0.5454545454545454	ISQVPMGG:0.45454545454545453	VNALLSPV:0.2727272727272727	CGKKCYFI:0.45454545454545453	RGRNEPSW:0.36363636363636365	TGAESMAC:0.6363636363636364	EYANRLQE:0.45454545454545453	TFCLPEIS:0.5454545454545454	TIDEGFGL:0.5454545454545454	MLYHEGEH:0.5454545454545454	GAESMACG:0.6363636363636364	CGCALVST:0.5454545454545454	MTPYLDGR:0.5454545454545454	DFIFATAV:0.2727272727272727	KIMTPYLD:0.5454545454545454	IIFEYANR:0.5454545454545454	FIQDFETF:0.2727272727272727	EISQVPMG:0.45454545454545453	GEHKGIPY:0.36363636363636365	GFGLTGAE:0.8181818181818182	LYHEGEHK:0.5454545454545454	DEGFGLTG:0.5454545454545454	EGEHKGIP:0.36363636363636365	LPEISQVP:0.45454545454545453	NGVNALLS:0.2727272727272727	IFEYANRL:0.5454545454545454	CLPNPIDT:0.45454545454545453	IDEGFGLT:0.5454545454545454	TPYLDGRE:0.36363636363636365	ACGCALVS:0.5454545454545454	LGMLYHEG:0.5454545454545454	NALLSPVR:0.2727272727272727	ICLPNPID:0.45454545454545453	GMLYHEGE:0.5454545454545454	MACGCALV:0.5454545454545454	GIPYALEA:0.36363636363636365	YLDGREFP:0.36363636363636365	KKCYFIQD:0.36363636363636365	RCGKKCYF:0.36363636363636365	GCALVSTA:0.45454545454545453	FCLPEISQ:0.45454545454545453	FATAVTTA:0.2727272727272727	FGLTGAES:0.8181818181818182	KIIFEYAN:0.5454545454545454	TLGMLYHE:0.2727272727272727	HKGIPYAL:0.36363636363636365	EHKGIPYA:0.36363636363636365	ADFIFATA:0.2727272727272727	MGGYKIIF:0.45454545454545453	LPNPIDTE:0.45454545454545453	YHEGEHKG:0.5454545454545454	PMGGYKII:0.45454545454545453	ESMACGCA:0.6363636363636364	CYFIQDFE:0.36363636363636365	GGYKIIFE:0.5454545454545454	KGIPYALE:0.36363636363636365	NALLSPIK:0.2727272727272727	FETWLLPE:0.2727272727272727	AYSGVFEY:0.36363636363636365	STAYSGVF:0.36363636363636365	VSTAYSGV:0.2727272727272727	LLSPIKDS:0.2727272727272727	LVSTAYSG:0.2727272727272727	TAYSGVFE:0.36363636363636365	ALVSTAYS:0.2727272727272727	ALLSPIKD:0.2727272727272727	YSGVFEYA:0.36363636363636365	TAIFVCAT:0.2727272727272727	TVNIFGVP:0.2727272727272727	IFVCATID:0.36363636363636365	YGFINFTV:0.2727272727272727	FGVPERPR:0.2727272727272727	AIFVCATI:0.2727272727272727	FLTHTVWN:0.2727272727272727	QKIMTPYL:0.2727272727272727	VNIFGVPE:0.2727272727272727	KLTFCLPE:0.2727272727272727	IQKIMTPY:0.2727272727272727	VFLTHTVW:0.2727272727272727	NIFGVPER:0.2727272727272727	GFINFTVS:0.2727272727272727	LTHTVWNR:0.2727272727272727	LTFCLPEI:0.2727272727272727	TICLPNPI:0.2727272727272727	FVCATIDE:0.36363636363636365	IFGVPERP:0.2727272727272727	ADFVFATA:0.2727272727272727	VCATIDEG:0.36363636363636365	MKLTFCLP:0.2727272727272727	VSNWLNDL:0.36363636363636365	TVSNWLND:0.36363636363636365	SNWLNDLV:0.36363636363636365	AFEYANRL:0.2727272727272727	SIVFLTHT:0.36363636363636365	VSIVFLTH:0.36363636363636365	VNALLSPI:0.2727272727272727	GREFPDAD:0.2727272727272727	LDGREFPD:0.2727272727272727	DGREFPDA:0.2727272727272727	REFPDADF:0.2727272727272727	
