cluster number:290
GT4:78	GT4:78
RPFVLSWS:0.7051282051282052	LFLHPNFP:0.41025641025641024	SWSMLEAM:0.20512820512820512	EPYRGFPQ:0.6923076923076923	TRPFVLSW:0.6923076923076923	LSWSMLEA:0.28205128205128205	PFVLSWSM:0.6923076923076923	IYLTRPFV:0.3333333333333333	YLTRPFVL:0.6923076923076923	ILFLHPNF:0.3076923076923077	HIYLTRPF:0.34615384615384615	TYKQLMLE:0.21794871794871795	AHIYLTRP:0.21794871794871795	YRGFPQFM:0.3717948717948718	PYRGFPQF:0.5512820512820513	LTRPFVLS:0.6923076923076923	VLSWSMLE:0.4230769230769231	CDRGLSPT:0.5	RGFPQFME:0.2564102564102564	FVLSWSML:0.4230769230769231	LYSCDRGL:0.24358974358974358	AHGSDADF:0.3076923076923077	VHVYLTRP:0.24358974358974358	GMEPYRGF:0.7692307692307693	YSCDRGLS:0.21794871794871795	LHPNFPAQ:0.3076923076923077	LQVLQASS:0.24358974358974358	HGSDADFD:0.32051282051282054	HSGWGPTL:0.5	RRPNCHVV:0.2564102564102564	RIRIKNAP:0.20512820512820512	YGHSGWGP:0.2948717948717949	SCDRGLSP:0.3717948717948718	EYLQVLQA:0.23076923076923078	VYGHSGWG:0.24358974358974358	PNFPAQFR:0.32051282051282054	YLQVLQAS:0.24358974358974358	GHSGWGPT:0.5256410256410257	IRIKNAPI:0.20512820512820512	HPNFPAQF:0.32051282051282054	VYLTRPFV:0.3333333333333333	ARIRIKNA:0.23076923076923078	GSDADFDP:0.48717948717948717	NFPAQFRH:0.4230769230769231	SGWGPTLF:0.44871794871794873	FLHPNFPA:0.3076923076923077	LCYFEWFY:0.32051282051282054	DLYSCDRG:0.24358974358974358	HVYLTRPF:0.3333333333333333	RGMEPYRG:0.7692307692307693	LLCYFEWF:0.28205128205128205	RIKNAPIL:0.21794871794871795	MEPYRGFP:0.7564102564102564	GEDRVAYG:0.23076923076923078	EDRVAYGK:0.20512820512820512	ARGMEPYR:0.3717948717948718	VGEDRVAY:0.23076923076923078	TYVARGME:0.32051282051282054	VARGMEPY:0.32051282051282054	YVARGMEP:0.32051282051282054	LPDGKTYK:0.24358974358974358	GLLVDFFS:0.48717948717948717	VLSWSMIE:0.21794871794871795	VTYVARGM:0.23076923076923078	NGLLVDFF:0.5641025641025641	CGHSGWGP:0.23076923076923078	LLVDFFSP:0.48717948717948717	FVLSWSMI:0.21794871794871795	LDLSRVHF:0.28205128205128205	PNCHVVIV:0.20512820512820512	NCHVVIVG:0.20512820512820512	HAHGSDAD:0.23076923076923078	FPAQFRHL:0.3076923076923077	FEWFYHAH:0.2692307692307692	DLSRVHFT:0.23076923076923078	LVDFFSPQ:0.23076923076923078	YHAHGSDA:0.23076923076923078	LSRVHFTG:0.23076923076923078	YFEWFYHA:0.38461538461538464	WFYHAHGS:0.24358974358974358	KNAPILID:0.2692307692307692	EWFYHAHG:0.28205128205128205	FYHAHGSD:0.23076923076923078	HHYVRPLE:0.2692307692307692	THHYVRPL:0.2564102564102564	YVGRGMEP:0.20512820512820512	GRGMEPYR:0.24358974358974358	PLDLSRVH:0.20512820512820512	VGRGMEPY:0.20512820512820512	CYFEWFYH:0.3076923076923077	TYVGRGME:0.20512820512820512	SVLHDGVD:0.21794871794871795	VLHDGVDT:0.28205128205128205	NAPILIDL:0.2564102564102564	GVNGLLVD:0.20512820512820512	VNGLLVDF:0.24358974358974358	DGVNGLLV:0.20512820512820512	PAQFRHLA:0.21794871794871795	
