cluster number:2206
GT4:11	GT4:11
LITSTIED:0.5454545454545454	TIEDVSSI:0.2727272727272727	GGIPELLN:0.2727272727272727	VLITSTIE:0.36363636363636365	IEDVSSII:0.2727272727272727	ERIKPDVL:0.2727272727272727	KWNEPFGR:0.5454545454545454	HKTKGIEL:0.2727272727272727	FGRVIVES:0.2727272727272727	KTKGIELI:0.2727272727272727	GYLGRIHK:0.45454545454545453	AGKKVGGI:0.2727272727272727	VPSKWNEP:0.5454545454545454	HILRSYSL:0.6363636363636364	LIVPSKWN:0.5454545454545454	NMYKEDNC:0.2727272727272727	IPELLNDN:0.2727272727272727	STIEDVSS:0.45454545454545453	LERIKPDV:0.2727272727272727	ILRSYSLL:0.45454545454545453	NEPFGRVI:0.36363636363636365	LGRIHKTK:0.5454545454545454	LRSYSLLC:0.5454545454545454	KKVGGIPE:0.2727272727272727	IVPSKWNE:0.5454545454545454	YLGRIHKT:0.45454545454545453	KPDVLITS:0.36363636363636365	ITSTIEDV:0.36363636363636365	GIPELLND:0.2727272727272727	DNKDFLFD:0.2727272727272727	DVLITSTI:0.36363636363636365	IAGGGEIS:0.2727272727272727	IKPDVLIT:0.2727272727272727	GGGEISTK:0.45454545454545453	NANMYKED:0.2727272727272727	KKILIACR:0.2727272727272727	PFGRVIVE:0.2727272727272727	EDVSSIIW:0.2727272727272727	WNEPFGRV:0.6363636363636364	SKWNEPFG:0.5454545454545454	TSTIEDVS:0.36363636363636365	MKKILIAC:0.2727272727272727	IHKTKGIE:0.36363636363636365	FKNIYWSM:0.2727272727272727	KFKNIYWS:0.2727272727272727	KVGGIPEL:0.2727272727272727	ANMYKEDN:0.2727272727272727	GRIHKTKG:0.5454545454545454	GKKVGGIP:0.2727272727272727	RIHKTKGI:0.5454545454545454	PSKWNEPF:0.5454545454545454	VAGKKVGG:0.2727272727272727	AGGGEIST:0.5454545454545454	PVAGKKVG:0.2727272727272727	VPVAGKKV:0.2727272727272727	EPFGRVIV:0.2727272727272727	PDVLITST:0.36363636363636365	VGGIPELL:0.5454545454545454	RIKPDVLI:0.2727272727272727	TIEDISSI:0.2727272727272727	EPFGRVLI:0.2727272727272727	NSKYVDDV:0.2727272727272727	DLLIVPSK:0.2727272727272727	NEPFGRVL:0.2727272727272727	PFGRVLIE:0.2727272727272727	LLIVPSKW:0.2727272727272727	STIEDISS:0.2727272727272727	SSIIWKVA:0.2727272727272727	IACRAYYP:0.2727272727272727	ACRAYYPD:0.2727272727272727	SIIWKVAK:0.2727272727272727	CVNANMFK:0.2727272727272727	FGRVVIES:0.2727272727272727	PDVAGGGE:0.2727272727272727	YYPDVAGG:0.2727272727272727	VAGGGEIS:0.2727272727272727	PFGRVVIE:0.2727272727272727	EPFGRVVI:0.2727272727272727	VVIESLGR:0.2727272727272727	YPDVAGGG:0.2727272727272727	IGYLGRIH:0.2727272727272727	DVAGGGEI:0.2727272727272727	RVVIESLG:0.2727272727272727	GRVVIESL:0.2727272727272727	
