cluster number:1008
GT4:28	GT4:28
KKRPLDLL:0.39285714285714285	CLYVGKAN:0.42857142857142855	IQYYAPWF:0.4642857142857143	RGDSHRLL:0.2857142857142857	WGLAINEA:0.42857142857142855	THHFWGLQ:0.21428571428571427	LYVGKANY:0.4642857142857143	HHFWGLQN:0.21428571428571427	ILFAGKFE:0.42857142857142855	AACLYVGK:0.32142857142857145	ACLYVGKA:0.35714285714285715	HPIQYYAP:0.7142857142857143	ETWGLAIN:0.42857142857142855	GLAINEAM:0.42857142857142855	HFWGLQNP:0.25	YFAPFQNQ:0.35714285714285715	IPLLFRGD:0.21428571428571427	SLLFVGAG:0.21428571428571427	NIYFAPFQ:0.32142857142857145	PLLFRGDS:0.35714285714285715	LLFRGDSH:0.35714285714285715	LAINEAMC:0.32142857142857145	FAACLYVG:0.32142857142857145	FAPFQNQS:0.25	SHPIQYYA:0.39285714285714285	FRGDSHRL:0.39285714285714285	GTHHFWGL:0.21428571428571427	IYFAPFQN:0.35714285714285715	AINEAMCL:0.2857142857142857	LFRGDSHR:0.2857142857142857	PIQYYAPW:0.5	TWGLAINE:0.42857142857142855	WGLQNPSL:0.2857142857142857	RFAACLYV:0.21428571428571427	FWGLQNPS:0.25	ADLVVLPS:0.21428571428571427	IITSHPIQ:0.21428571428571427	AVILFAGK:0.25	QYYAPWFR:0.35714285714285715	ITSHPIQY:0.21428571428571427	VGKANYDY:0.21428571428571427	GKANYDYF:0.21428571428571427	VILFAGKF:0.32142857142857145	YVGKANYD:0.21428571428571427	AIITSHPI:0.21428571428571427	VFYLWDFG:0.35714285714285715	DHAVILFA:0.21428571428571427	HAVILFAG:0.25	KVFYLWDF:0.2857142857142857	IKVFYLWD:0.21428571428571427	WKQELGIP:0.21428571428571427	FYLWDFGV:0.21428571428571427	YEFVPNVS:0.21428571428571427	GLAVNEAM:0.32142857142857145	TWGLAVNE:0.32142857142857145	ETWGLAVN:0.32142857142857145	WGLAVNEA:0.32142857142857145	WDIPLLDG:0.21428571428571427	DIPLLDGY:0.21428571428571427	THPIQYYA:0.32142857142857145	TTHPIQYY:0.25	LAVNEAMA:0.21428571428571427	FRGDSTLL:0.2857142857142857	FAPHAIDN:0.21428571428571427	
