cluster number:47
GH1:78	GH1:78|3.2.1.21:1
FLWSLMDN:0.46153846153846156	WVPKLAAK:0.24358974358974358	AYRFSIAW:0.41025641025641024	YLRNYLAQ:0.2692307692307692	DTQVRTPK:0.20512820512820512	RATAEGVP:0.28205128205128205	SLMDNFEW:0.5	LYHWDLPQ:0.6666666666666666	RNYLAQLQ:0.28205128205128205	HWDLPQSL:0.2564102564102564	TQVRTPKL:0.20512820512820512	DRIMYLRN:0.2692307692307692	TDRVKNVF:0.24358974358974358	SLQDRFGG:0.21794871794871795	LDFYNRLV:0.46153846153846156	LWSLMDNF:0.46153846153846156	ANEHYHRY:0.2692307692307692	NRLVDELL:0.34615384615384615	AQLQRATA:0.21794871794871795	MYLRNYLA:0.2692307692307692	RFSIAWPR:0.4230769230769231	LQRATAEG:0.2692307692307692	TGDRANEH:0.21794871794871795	DRANEHYH:0.2692307692307692	QSLQDRFG:0.21794871794871795	YHWDLPQS:0.2564102564102564	LQDRFGGW:0.23076923076923078	YLAQLQRA:0.28205128205128205	EHYHRYKE:0.23076923076923078	YISENGTS:0.3333333333333333	GYFLWSLM:0.46153846153846156	FLWGTATS:0.2692307692307692	ALAHGLAV:0.34615384615384615	LAQLQRAT:0.28205128205128205	QVRTPKLS:0.20512820512820512	RTPKLSAS:0.20512820512820512	WDLPQSLQ:0.24358974358974358	AEGVPVRG:0.23076923076923078	RGYFLWSL:0.41025641025641024	DLPQSLQD:0.21794871794871795	NEHYHRYK:0.2564102564102564	IYISENGT:0.32051282051282054	IMYLRNYL:0.2692307692307692	IISSPVDF:0.20512820512820512	LPQSLQDR:0.21794871794871795	WGTATSSY:0.34615384615384615	WSLMDNFE:0.5	FDTQVRTP:0.20512820512820512	DFLGLNIY:0.20512820512820512	QLQRATAE:0.2692307692307692	VRGYFLWS:0.28205128205128205	EGVPVRGY:0.2692307692307692	KAYRFSIA:0.3076923076923077	LTDRVKNV:0.24358974358974358	TAEGVPVR:0.23076923076923078	RIMYLRNY:0.2692307692307692	FSIAWPRV:0.3076923076923077	AIYISENG:0.21794871794871795	GLNIYAPQ:0.4230769230769231	AHGLAVQA:0.3717948717948718	DFYNRLVD:0.46153846153846156	TLYHWDLP:0.8076923076923077	PKLAAKIW:0.24358974358974358	NYLAQLQR:0.28205128205128205	SIAWPRVF:0.3076923076923077	HYHRYKED:0.5641025641025641	AWPRVFPD:0.2692307692307692	RANEHYHR:0.2692307692307692	FYNRLVDE:0.46153846153846156	IAWPRVFP:0.3076923076923077	ATAEGVPV:0.2692307692307692	VPVRGYFL:0.28205128205128205	VRTPKLSA:0.20512820512820512	DRVKNVFT:0.24358974358974358	YNRLVDEL:0.46153846153846156	YWVPKLAA:0.24358974358974358	GTATSSYQ:0.34615384615384615	GLDFYNRL:0.5	YFLWSLMD:0.46153846153846156	LAHGLAVQ:0.3717948717948718	GVPVRGYF:0.2692307692307692	KRFGLYHV:0.23076923076923078	GDRANEHY:0.2692307692307692	PVRGYFLW:0.28205128205128205	YRFSIAWP:0.41025641025641024	VPKLAAKI:0.24358974358974358	LRNYLAQL:0.28205128205128205	QRATAEGV:0.28205128205128205	SYQVEGAV:0.2692307692307692	PQSLQDRF:0.21794871794871795	WPRVFPDG:0.2692307692307692	NGDTGDVA:0.21794871794871795	GRGPSIWD:0.21794871794871795	RLVDELLA:0.24358974358974358	LAVQAIRA:0.3333333333333333	KGLDFYNR:0.4358974358974359	HGLAVQAI:0.3333333333333333	PKGLDFYN:0.3333333333333333	GLAVQAIR:0.3333333333333333	NPKGLDFY:0.47435897435897434	SYQIEGAV:0.24358974358974358	HWDLPQAL:0.358974358974359	IEPFATLY:0.2564102564102564	FATLYHWD:0.28205128205128205	PNPKGLDF:0.4230769230769231	PFATLYHW:0.28205128205128205	DHYHRYKE:0.3076923076923077	NDHYHRYK:0.2564102564102564	HRYKEDVA:0.2948717948717949	ATLYHWDL:0.48717948717948717	YHRYKEDV:0.38461538461538464	RYKEDVAL:0.3076923076923077	YKEDVALM:0.2564102564102564	GIEPFATL:0.24358974358974358	ANDHYHRY:0.2564102564102564	EPFATLYH:0.2564102564102564	EGAVNEDG:0.2564102564102564	GAVNEDGR:0.2564102564102564	FVWGTATS:0.21794871794871795	AVNEDGRG:0.2564102564102564	VGLNIYAP:0.23076923076923078	PYATLYHW:0.20512820512820512	DFVGLNIY:0.24358974358974358	YHWDLPQA:0.32051282051282054	HHVALAHG:0.20512820512820512	DLPQALQD:0.20512820512820512	YATLYHWD:0.20512820512820512	WDLPQALQ:0.24358974358974358	RHHVALAH:0.20512820512820512	FVGLNIYA:0.23076923076923078	HVALAHGL:0.20512820512820512	VALAHGLA:0.20512820512820512	DAPGLKLP:0.23076923076923078	GVKAYRFS:0.24358974358974358	VKAYRFSI:0.23076923076923078	LGVKAYRF:0.23076923076923078	
