cluster number:30
GH32:290	GH32:290|3.2.1.26:34|3.2.1.153:4|3.2.1.154:3|3.2.1.80:1
TAVFFRVF:0.2793103448275862	CITSRVYP:0.2	WINDPNGP:0.2482758620689655	MWECPDFY:0.20344827586206896	GSATILPG:0.23793103448275862	TGMWECPD:0.5103448275862069	SGSATILP:0.43448275862068964	YHLFYQYN:0.5551724137931034	HFQPPKNW:0.2	GMWECPDF:0.5344827586206896	HLFYQYNP:0.5862068965517241	WECPDFYP:0.29310344827586204	ECPDFYPV:0.2793103448275862	AVWGNIVW:0.33793103448275863	LFYQYNPK:0.3724137931034483	NPKGAVWG:0.3689655172413793	CWSGSATI:0.3620689655172414	FRDPTTAW:0.6758620689655173	NGCWSGSA:0.2413793103448276	GCWSGSAT:0.4827586206896552	WGNIVWAH:0.4689655172413793	CPDFFPVS:0.2	KGAVWGNI:0.3793103448275862	DINGCWSG:0.2206896551724138	INGCWSGS:0.2206896551724138	WECPDFFP:0.43103448275862066	FYQYNPKG:0.4103448275862069	YNPKGAVW:0.3620689655172414	MWECPDFF:0.33448275862068966	YASKTFFD:0.27586206896551724	YQYNPKGA:0.3724137931034483	PKGAVWGN:0.36551724137931035	QYNPKGAV:0.3620689655172414	VWGNIVWA:0.43448275862068964	ECPDFFPV:0.3931034482758621	FYASKTFF:0.2103448275862069	WSGSATIL:0.47586206896551725	GNIVWAHS:0.46551724137931033	GAVWGNIV:0.3448275862068966	GKQLLQWP:0.21724137931034482	FGAGGKTC:0.2689655172413793	VVESFGAG:0.2620689655172414	VWLDPSGK:0.20344827586206896	TGYHFQPP:0.31724137931034485	LDPSGKQL:0.25862068965517243	SDPLLREW:0.23103448275862068	SVVESFGA:0.35517241379310344	VESFGAGG:0.2620689655172414	WLDPSGKQ:0.25517241379310346	GAGGKTCI:0.2689655172413793	NFYASKTF:0.3	SFGAGGKT:0.23448275862068965	IPRKVWLD:0.20344827586206896	LRTGYHFQ:0.21379310344827587	RTGYHFQP:0.40344827586206894	YGCWSGSA:0.2	ESFGAGGK:0.2827586206896552	GNFYASKT:0.30344827586206896	YDYGNFYA:0.24482758620689654	YGNFYASK:0.40344827586206894	DYGNFYAS:0.3931034482758621	RYDYGNFY:0.23793103448275862	GWANESDT:0.21724137931034482	LWGWANES:0.2482758620689655	WGWANESD:0.28620689655172415	LSLRSLID:0.20344827586206896	LIDHSVVE:0.2689655172413793	IVWAHSVS:0.38620689655172413	NIVWAHSV:0.38275862068965516	GGVGPFGL:0.3137931034482759	GKQLVQWP:0.2	IDHSVVES:0.2620689655172414	DHSVVESF:0.27241379310344827	HSVVESFG:0.27241379310344827	
