cluster number:4
GH32:86	GH32:86
IRLRDEVD:0.38372093023255816	HDFSRPRN:0.2558139534883721	FSRPRNTN:0.2558139534883721	DFSRPRNT:0.2558139534883721	FRSPCVVP:0.5581395348837209	GHDFSRPR:0.27906976744186046	RLRDEVDG:0.23255813953488372	RPRNTNYT:0.37209302325581395	VAMASRVY:0.313953488372093	APAGVLLD:0.27906976744186046	AMASRVYF:0.47674418604651164	SPCVVPNW:0.38372093023255816	GHDFTRPR:0.6744186046511628	HDFTRPRN:0.5697674418604651	IVDGSTVE:0.47674418604651164	VDGSTVEV:0.6511627906976745	DFTRPRNT:0.5581395348837209	NFRSPCVV:0.43023255813953487	RSPCVVPN:0.38372093023255816	EVFADGGQ:0.45348837209302323	MNGIGRLD:0.36046511627906974	LELDRSMN:0.4186046511627907	ELDRSMNP:0.4069767441860465	QGGKIYHT:0.3488372093023256	MTLQGGKI:0.3488372093023256	DAPAGALF:0.3488372093023256	IIVDGSTV:0.4069767441860465	LLELDRSM:0.3488372093023256	MASRVYFN:0.5116279069767442	EGERLVAP:0.3372093023255814	LQGGKIYH:0.3488372093023256	GWIMLAVT:0.37209302325581395	NCLSLPRR:0.20930232558139536	GDLLELDR:0.3372093023255814	ASRVYFNG:0.38372093023255816	LVAPRIIR:0.37209302325581395	GILDAPAG:0.2441860465116279	TIIVDGST:0.43023255813953487	LDRSMNPH:0.23255813953488372	RIIRLRDE:0.5348837209302325	VAPRIIRL:0.4186046511627907	TLQGGKIY:0.3488372093023256	APAGALFD:0.3488372093023256	IDRSGYLV:0.3488372093023256	DYGHDFTR:0.4883720930232558	NGIGRLDD:0.37209302325581395	IRLRDEID:0.29069767441860467	RPELHVTP:0.4069767441860465	WIMLAVTG:0.37209302325581395	TRPRNTNY:0.3953488372093023	WANCLSLP:0.22093023255813954	GSTVEVFA:0.6395348837209303	FTRPRNTN:0.5465116279069767	LMNGIGRL:0.36046511627906974	STVEVFAD:0.6395348837209303	DLLELDRS:0.3372093023255814	VEVFADGG:0.686046511627907	DRSMNPHH:0.2441860465116279	PELHVTPE:0.3953488372093023	TVEVFADG:0.6511627906976745	GERLVAPR:0.3372093023255814	ERLVAPRI:0.3372093023255814	GIDRSGYL:0.3488372093023256	FGLMNGIG:0.36046511627906974	YGHDFTRP:0.4883720930232558	HRPELHVT:0.43023255813953487	VFGLMNGI:0.2441860465116279	PRIIRLRD:0.5348837209302325	DRSGYLVG:0.36046511627906974	GGIDRSGY:0.3488372093023256	GLMNGIGR:0.36046511627906974	DGSTVEVF:0.6511627906976745	ANCLSLPR:0.22093023255813954	IMLAVTGD:0.2558139534883721	IIRLRDEI:0.29069767441860467	RDEGHSGW:0.27906976744186046	GKIYHTPV:0.3488372093023256	PAGALFDG:0.3488372093023256	RLVAPRII:0.3372093023255814	LDAPAGAL:0.37209302325581395	APRIIRLR:0.4069767441860465	GGKIYHTP:0.3488372093023256	IDYGHDFT:0.23255813953488372	RIDYGHDF:0.22093023255813954	SGYLVGTL:0.27906976744186046	WLMLAVTG:0.2558139534883721	GWLMLAVT:0.2441860465116279	DISGYLVG:0.2441860465116279	FGHDFSRP:0.2558139534883721	DFGHDFSR:0.2558139534883721	FADGGQVA:0.26744186046511625	DGGQVAMA:0.26744186046511625	QVAMASRV:0.26744186046511625	VFADGGQV:0.26744186046511625	ADGGQVAM:0.32558139534883723	GQVAMASR:0.26744186046511625	IIRLRDEV:0.2441860465116279	GGQVAMAS:0.26744186046511625	ICDDVLAP:0.37209302325581395	LDYGHDFT:0.23255813953488372	IYDVLIVT:0.22093023255813954	TGVLDAPA:0.20930232558139536	ETGVLDAP:0.20930232558139536	RLDYGHDF:0.23255813953488372	YLVGTLSG:0.20930232558139536	GVLDAPAG:0.20930232558139536	DICDDVLA:0.36046511627906974	WDICDDVL:0.36046511627906974	GYLVGTLS:0.20930232558139536	FRSPCVIP:0.20930232558139536	IDFGHDFS:0.22093023255813954	RIDFGHDF:0.2441860465116279	
