cluster number:45
GH32:328	GH32:328|3.2.1.26:42|2.4.1.99:12|2.4.1.100:8|2.4.1.10:7|2.4.1.243:6|2.4.1.-:3
GALGPFGL:0.29573170731707316	GPFGLLVL:0.4024390243902439	WGHAVSKD:0.2073170731707317	RVLVDHSI:0.3932926829268293	GSTVPVLD:0.2073170731707317	KDFRDPTT:0.3871951219512195	FRDPTTAW:0.5213414634146342	PFGLLVLA:0.36585365853658536	LGPFGLLV:0.45426829268292684	VLVDHSIV:0.38414634146341464	GWYHFFYQ:0.21341463414634146	GLRYDWGK:0.3231707317073171	DPNGPVYY:0.21341463414634146	DFRDPTTA:0.5274390243902439	ALGPFGLL:0.3018292682926829	RGALGPFG:0.34146341463414637	LVDHSIVQ:0.21646341463414634	TVPVLDGE:0.24390243902439024	IGLRYDWG:0.21036585365853658	KFYASKTF:0.23170731707317074	WGHAVSRD:0.3048780487804878	VDHSIVES:0.3932926829268293	SIVESFAQ:0.31402439024390244	GKFYASKT:0.23170731707317074	DHSIVESF:0.3932926829268293	LVDHSIVE:0.4603658536585366	LRYDWGKF:0.23780487804878048	WMNDPNGP:0.35365853658536583	GHAVSRDL:0.2347560975609756	VESFAQGG:0.2865853658536585	LFNNATGA:0.20121951219512196	ESFAQGGR:0.31402439024390244	HSIVESFA:0.3567073170731707	VGIGLRYD:0.21646341463414634	YDWGKFYA:0.24085365853658536	GIGLRYDW:0.21341463414634146	NWMNDPNG:0.35060975609756095	DWGKFYAS:0.24390243902439024	DVGIGLRY:0.21951219512195122	RYDWGKFY:0.24085365853658536	IVESFAQG:0.27439024390243905	EADVGYNC:0.24085365853658536	EQTAVYFY:0.21646341463414634	VYLFNNAT:0.2225609756097561	QTAVYFYV:0.21036585365853658	ADVGYNCS:0.23780487804878048	GWYHLFYQ:0.4481707317073171	YASKTFYD:0.4634146341463415	WYDINGVW:0.20426829268292682	GVWTGSAT:0.42073170731707316	KNWMNDPN:0.2530487804878049	NGVWTGSA:0.36585365853658536	YHLFYQYN:0.4176829268292683	ASKTFYDP:0.21646341463414634	MLYTGSTN:0.21646341463414634	HLFYQYNP:0.4115853658536585	CSTSGGAA:0.2073170731707317	FYASKTFY:0.27134146341463417	WYHLFYQY:0.3871951219512195	TGMWECVD:0.3902439024390244	GTGMWECV:0.32926829268292684	LLQWPVEE:0.2347560975609756	ECVDFYPV:0.3201219512195122	AVPGTGMW:0.23170731707317074	LFYQYNPD:0.24695121951219512	GMWECVDF:0.32926829268292684	VQNLAYPA:0.28353658536585363	ITWGHAVS:0.21951219512195122	ANLSDPLL:0.20121951219512196	NITWGHAV:0.21646341463414634	KGWYHLFY:0.24085365853658536	SFAQGGRT:0.21646341463414634	WECVDFYP:0.3384146341463415	VPGTGMWE:0.32926829268292684	PANLSDPL:0.20121951219512196	QVQNLAYP:0.31097560975609756	CVDFYPVS:0.2621951219512195	PGTGMWEC:0.3353658536585366	HVLKASLD:0.20426829268292682	ASKTFYDQ:0.21646341463414634	GNITWGHA:0.23780487804878048	VQVQNLAY:0.3079268292682927	MWECVDFY:0.3445121951219512	MNDPNGPL:0.20426829268292682	HAVPGTGM:0.20426829268292682	WGNITWGH:0.27134146341463417	VWTGSATI:0.21646341463414634	TGSATILP:0.21951219512195122	WTGSATIL:0.21646341463414634	
