cluster number:48
GH32:27	GH32:27
DPWVFPDP:0.25925925925925924	RDPWVFPD:0.25925925925925924	HAVSTDLR:0.2222222222222222	FFLRASRA:0.25925925925925924	FLRASRAL:0.2962962962962963	DDLATWTG:0.2962962962962963	GFGHLEVP:0.2222222222222222	GWHMLITA:0.4074074074074074	GDGWHMLI:0.4074074074074074	AWRDPWVF:0.5185185185185185	FGHLEVPQ:0.25925925925925924	WRDPWVFP:0.2222222222222222	GHAVSTDL:0.3333333333333333	MLITARAN:0.2962962962962963	LPDHWVWD:0.25925925925925924	GHATSPDL:0.2222222222222222	HMLITARA:0.37037037037037035	DGWHMLIT:0.4074074074074074	GHLEVPQV:0.25925925925925924	WHMLITAR:0.48148148148148145	PDGDGWHM:0.2962962962962963	ATWTGSVV:0.2962962962962963	RDPWVFAD:0.25925925925925924	TWTGSVVR:0.2962962962962963	HLFFLYAS:0.2222222222222222	DPDGDGWH:0.3333333333333333	FLYASRAL:0.2222222222222222	DPWVFADP:0.25925925925925924	WTGSVVRG:0.2222222222222222	DGDGWHML:0.2962962962962963	LFFLYASR:0.2222222222222222	FFLYASRA:0.2222222222222222	EAWRDPWV:0.48148148148148145	EEAWRDPW:0.3333333333333333	AGFAHLEV:0.25925925925925924	GAGFAHLE:0.25925925925925924	GWHMLVTA:0.2222222222222222	ASRALHDP:0.2962962962962963	HMLVTARA:0.2222222222222222	WHMLVTAR:0.25925925925925924	WRMFYTGS:0.25925925925925924	FAHLEVPQ:0.2222222222222222	GFAHLEVP:0.2222222222222222	
