cluster number:8
GH32:555	GH32:555|3.2.1.26:5
LICCPQGL:0.3081081081081081	VGWMGVPD:0.25225225225225223	GWMGVPDG:0.36576576576576575	ALADSHYP:0.21081081081081082	GCYSGSAV:0.7513513513513513	GRYHLFYQ:0.45045045045045046	RTAWQCLA:0.4036036036036036	YKCWGHWS:0.23063063063063063	LPEGYTGH:0.23243243243243245	INDGEGVM:0.2018018018018018	EFYAPQTM:0.22342342342342342	GHWSSADL:0.2954954954954955	EEYDRNGC:0.26126126126126126	RRLLVGWM:0.3009009009009009	WYMVLGAQ:0.5117117117117117	GYMWECPD:0.9225225225225225	TGHVRDPK:0.46306306306306305	CWGHWSSA:0.25225225225225223	SVEIFIND:0.22162162162162163	GWIHQMTC:0.3153153153153153	IFINDGEG:0.2036036036036036	MWECPDLF:0.8342342342342343	TAWQCLAT:0.23243243243243245	FEFYAPQT:0.7081081081081081	YQWNPLAC:0.26846846846846845	AGRYHLFY:0.2756756756756757	RNGCYSGS:0.32972972972972975	GRRLLVGW:0.3009009009009009	SSVEIFIN:0.5477477477477477	VLPLPEGY:0.2	HLFYQWNP:0.5837837837837838	NGCYSGSA:0.5693693693693693	YHLFYQWN:0.6144144144144145	MPDEEYDR:0.2972972972972973	LLNDPNGF:0.45225225225225224	EGYTGHVR:0.24504504504504504	VEIFINDG:0.22162162162162163	FYQWNPLA:0.27207207207207207	PAILQAVM:0.26306306306306304	DEEYDRNG:0.25045045045045045	RLLVGWMG:0.3009009009009009	AGYMWECP:0.35495495495495494	YMWECPDL:0.836036036036036	YMVLGAQD:0.44504504504504505	LNTYPAVW:0.21081081081081082	LCYTGNVK:0.3837837837837838	CYTGNVKF:0.3837837837837838	NDGEGVMS:0.2018018018018018	GHVRDPKV:0.6432432432432432	WECPDLFP:0.2594594594594595	KCWGHWSS:0.3207207207207207	HVRDPKVW:0.654054054054054	CPQGLARE:0.2072072072072072	GFEFYAPQ:0.7225225225225225	RYHLFYQW:0.45585585585585586	QWNPLACD:0.21441441441441442	GEGVMSSR:0.34594594594594597	ECPDLFPL:0.2594594594594595	GLLNDPNG:0.6702702702702703	EIFINDGE:0.24324324324324326	FINDGEGV:0.2036036036036036	VRDPKVWR:0.3801801801801802	DGEGVMSS:0.2018018018018018	DRSSVEIF:0.35315315315315315	ICCPQGLA:0.27207207207207207	YDRNGCYS:0.3225225225225225	LTLCYTGN:0.38198198198198197	LVGWMGVP:0.29009009009009007	TLCYTGNV:0.38198198198198197	LLVGWMGV:0.2882882882882883	GYTGHVRD:0.46306306306306305	RSSVEIFI:0.35315315315315315	LMPDEEYD:0.2990990990990991	WNPLACDH:0.21441441441441442	PDEEYDRN:0.25045045045045045	YTGHVRDP:0.46306306306306305	WGHWSSAD:0.2972972972972973	DGRRLLVG:0.2990990990990991	EYDRNGCY:0.3063063063063063	NTYPAVWM:0.209009009009009	DRNGCYSG:0.3279279279279279	PEGYTGHV:0.24504504504504504	LFYQWNPL:0.5675675675675675	ALMPDEEY:0.2990990990990991	LGPVLPLP:0.28468468468468466	KLGPVLPL:0.28468468468468466	TGHGAKFW:0.23243243243243245	NRETYQCL:0.209009009009009	MPPVGLLN:0.22882882882882882	ETYQCLAV:0.2072072072072072	GNRETYQC:0.21441441441441442	PVGLLNDP:0.3207207207207207	AHFRDPKV:0.26846846846846845	HGAKFWGH:0.2	PPVGLLND:0.25585585585585585	TYQCLAVS:0.21441441441441442	FGYMWECP:0.5315315315315315	RETYQCLA:0.22702702702702704	TAHFRDPK:0.2702702702702703	HFRDPKVW:0.2828828828828829	VGLLNDPN:0.4846846846846847	HELDAGFE:0.23963963963963963	APVTGLMN:0.21621621621621623	CYSGSAVD:0.25585585585585585	GVPDGEEM:0.2972972972972973	AGFEFYAP:0.4126126126126126	TGLMNDPN:0.21981981981981982	LDAGFEFY:0.4	LMNDPNGF:0.23063063063063063	MGVPDGEE:0.2972972972972973	PVTGLMND:0.21621621621621623	ELDAGFEF:0.4	WMGVPDGE:0.2990990990990991	DAGFEFYA:0.4126126126126126	GLMNDPNG:0.2594594594594595	YSGSAVDN:0.2036036036036036	VTGLMNDP:0.21621621621621623	WECPDLFS:0.21081081081081082	ECPDLFSL:0.21081081081081082	YTAHFRDP:0.23063063063063063	GYTAHFRD:0.22882882882882882	YTGNVKFD:0.23603603603603604	EFYAPQTT:0.44684684684684683	EGVMSSRY:0.209009009009009	GVMSSRYF:0.21621621621621623	PDGEEMLQ:0.2	VMSSRYFP:0.25045045045045045	YQWNPLGC:0.218018018018018	DGEEMLQP:0.2	GNVKFDDG:0.23603603603603604	GEEMLQPT:0.21081081081081082	TGNVKFDD:0.23603603603603604	FYQWNPLG:0.218018018018018	VLICCPQG:0.22522522522522523	RDPKVWRH:0.2702702702702703	FYAPQTTL:0.27927927927927926	LNDPNGFI:0.32972972972972975	LIYTGNVK:0.2018018018018018	HGCYSGSA:0.24324324324324326	SHGCYSGS:0.23963963963963963	
