cluster number:1
GH32:399	GH32:399|3.2.1.26:5
TQAFNAPD:0.44611528822055135	QAFNAPDG:0.46365914786967416	ATQAFNAP:0.47368421052631576	NDPNGFSY:0.8446115288220551	FDVYATQA:0.2731829573934837	YATQAFNA:0.47619047619047616	GFDVYATQ:0.2781954887218045	NGFSYFNG:0.43107769423558895	PNGFSYFN:0.543859649122807	TEHFRDPQ:0.38596491228070173	DPNGFSYF:0.7769423558897243	LAVSWIGL:0.3258145363408521	AVSWIGLP:0.3483709273182957	MIECPNLV:0.40601503759398494	NAPDGRAL:0.3408521303258145	DGRALAVS:0.3182957393483709	LSLVKELT:0.20300751879699247	YMIECPNL:0.46365914786967416	APDGRALA:0.3132832080200501	GRALAVSW:0.3233082706766917	PVHGLKSW:0.23057644110275688	PDGRALAV:0.3182957393483709	GPVHGLKS:0.23057644110275688	TGNVRDEN:0.3182957393483709	DSHGAYSG:0.6867167919799498	TDHFRDPQ:0.2882205513784461	GAYSGSAM:0.23057644110275688	FRDPQIFN:0.2781954887218045	FNAPDGRA:0.2706766917293233	HGAYSGSA:0.6892230576441103	GNVRDENW:0.3208020050125313	FLFYTGNV:0.48120300751879697	LNDPNGFS:0.8571428571428571	FYTGNVRD:0.5488721804511278	FEIFINKG:0.2631578947368421	PKTGLLND:0.2907268170426065	LLNDPNGF:0.8646616541353384	EIFINKGE:0.3082706766917293	DYGFEAYA:0.21804511278195488	HFRDPQIF:0.40601503759398494	PNGFSYFD:0.21052631578947367	HPYQIGAL:0.20050125313283207	EPKTGLLN:0.2807017543859649	KGEKVFSG:0.20551378446115287	DHFRDPQI:0.2656641604010025	GEKVFSGR:0.20802005012531327	LLYCPQGL:0.24060150375939848	PFGAAHGL:0.3508771929824561	YCPQGLDK:0.20300751879699247	LFYTGNVR:0.5288220551378446	LDSHGAYS:0.23809523809523808	GLLNDPNG:0.8646616541353384	IFINKGEK:0.3032581453634085	YGFEAYAT:0.21804511278195488	SHGAYSGS:0.6867167919799498	VEPKTGLL:0.20300751879699247	EAYATQAF:0.2731829573934837	FINKGEKV:0.3032581453634085	ECPNLVFV:0.38596491228070173	AFNAPDGR:0.3458646616541353	NGFSYFDG:0.21052631578947367	NKGEKVFS:0.20551378446115287	AYMMECPN:0.21553884711779447	INKGEKVF:0.3007518796992481	HVEPKTGL:0.20300751879699247	KTGLLNDP:0.3283208020050125	FGAAHGLK:0.3508771929824561	LFLFYTGN:0.48872180451127817	FEAYATQA:0.2731829573934837	YTGNVRDE:0.3483709273182957	RHPYQIGA:0.20050125313283207	TGLLNDPN:0.5939849624060151	GFEAYATQ:0.40601503759398494	TAYMMECP:0.21052631578947367	WIGLPDID:0.2506265664160401	GLPDIDYP:0.2531328320802005	LDYQNIYP:0.21553884711779447	AAHGLKQW:0.2606516290726817	AHGLKQWV:0.2681704260651629	DDKLFLFY:0.22305764411027568	DLVHFTET:0.2957393483709273	SWIGLPDI:0.3032581453634085	CPNLVFVD:0.2857142857142857	EHFRDPQL:0.21052631578947367	DYQNIYPN:0.22807017543859648	HGLKQWVH:0.2731829573934837	DVTEHFRD:0.2857142857142857	YQNIYPNT:0.23809523809523808	GAYSGSAY:0.3082706766917293	IGLPDIDY:0.2506265664160401	EYMIECPN:0.3132832080200501	YQGALSLV:0.22305764411027568	KLYKAVDN:0.23809523809523808	NIYPNTYK:0.3107769423558897	QNIYPNTY:0.23057644110275688	VSWIGLPD:0.3333333333333333	GALSLVKE:0.22305764411027568	QNLDFGFE:0.20300751879699247	QGALSLVK:0.22305764411027568	VTEHFRDP:0.3233082706766917	IECPNLVF:0.3333333333333333	GAAHGLKQ:0.2581453634085213	IKLYKAVD:0.20802005012531327	IYPNTYKI:0.24812030075187969	KLFLFYTG:0.3308270676691729	DKLFLFYT:0.3057644110275689	ALSLVKEL:0.22055137844611528	KDGKLYQY:0.20300751879699247	DGKLYQYP:0.21052631578947367	ECPNLVFI:0.20551378446115287	GKLYQYPV:0.2631578947368421	GFSYFNGK:0.22055137844611528	
