cluster number:80
GH32:35	GH32:35|3.2.1.80:1|CBM38:1|3.2.1.26:1
EYHLFYQY:0.37142857142857144	MSWGHAVS:0.2	NDPNGLVY:0.6	YFVGDFDG:0.4	WMNDPNGL:0.4857142857142857	HLFYQYNP:0.22857142857142856	GGSGGQYF:0.2	QYFVGDFD:0.4	SGGQYFVG:0.2	GEYHLFYQ:0.42857142857142855	WGHMSWGH:0.2	WGHAVSRD:0.34285714285714286	GHAVSRDL:0.34285714285714286	MNDPNGLV:0.6857142857142857	FEGEYHLF:0.22857142857142856	HMSWGHAV:0.2	GHMSWGHA:0.2	HAVSRDLV:0.2	YHLFYQYN:0.2	DPNGLVYF:0.2	EGEYHLFY:0.22857142857142856	GSGGQYFV:0.2	CFSGSAIV:0.22857142857142856	ECPDLFEL:0.3142857142857143	VWGPMHWG:0.3142857142857143	PDLFELPV:0.22857142857142856	PMHWGHAV:0.34285714285714286	PWECPDLF:0.4	MHWGHAVS:0.34285714285714286	CPDLFELP:0.3142857142857143	KDFRDPKV:0.22857142857142856	WGPMHWGH:0.45714285714285713	GPMHWGHA:0.37142857142857144	LFELPVEG:0.22857142857142856	GWMNDPNG:0.34285714285714286	TVWGPMHW:0.22857142857142856	WECPDLFE:0.42857142857142855	DLFELPVE:0.22857142857142856	FSGSAIVD:0.22857142857142856	RDPKVIWH:0.2	FSGSAVVD:0.34285714285714286	GMCFSGSA:0.22857142857142856	FRDPKVIW:0.2571428571428571	LWLDYGRD:0.2	FRDPKVFW:0.34285714285714286	RDPKVFWH:0.2857142857142857	NDPNGLVF:0.22857142857142856	FMNDPNGL:0.2	
