cluster number:36
GH32:347	GH32:347|3.2.1.26:1
GFDFYAPQ:0.829971181556196	LLNDPNGL:0.4495677233429395	GYMWECPD:0.7002881844380403	FGYMWECP:0.6368876080691642	YMWECPDY:0.4755043227665706	GLLNDPNG:0.622478386167147	FDFYAPQT:0.7492795389048992	DFGYMWEC:0.25360230547550433	DFYAPQTF:0.41786743515850144	WAHCLTLP:0.2334293948126801	AHCLTLPR:0.2334293948126801	LIGWMGLP:0.30547550432276654	DTSSIEIF:0.29971181556195964	WFPLGAVH:0.2507204610951009	FVDTSSIE:0.276657060518732	LGAVHGLK:0.24495677233429394	TALGYANK:0.2507204610951009	GWAHCLTI:0.21613832853025935	IFVDTSSI:0.2564841498559078	QWFPLGAV:0.2507204610951009	GERVLTSR:0.23054755043227665	HCLTIPRV:0.20461095100864554	SHGVYSGS:0.29394812680115273	KETALGYA:0.2017291066282421	AVHGLKYW:0.2478386167146974	SHQWFPLG:0.24495677233429394	LQIFVDTS:0.2017291066282421	GAVHGLKY:0.2478386167146974	LNDPNGLI:0.27089337175792505	FPLGAVHG:0.2507204610951009	MWECPDYF:0.5561959654178674	EGWAHCLT:0.2219020172910663	PLGAVHGL:0.24495677233429394	DSHGVYSG:0.34293948126801155	SSIEIFCN:0.25936599423631124	ETALGYAN:0.2507204610951009	IFCNDGER:0.20461095100864554	ERVLTSRI:0.2276657060518732	VLTSRIFP:0.23054755043227665	WAHCLTIP:0.24495677233429394	YDSHGVYS:0.25936599423631124	VYSGSAFE:0.2334293948126801	EIFCNDGE:0.207492795389049	YYMYTGNH:0.2219020172910663	HQWFPLGA:0.2478386167146974	YMYTGNHR:0.2219020172910663	AHCLTIPR:0.24495677233429394	TESGQVYL:0.207492795389049	FCNDGERV:0.2132564841498559	LYYMYTGN:0.22478386167146974	HGVYSGSA:0.34870317002881845	MYTGNHRD:0.21613832853025935	TSSIEIFC:0.24495677233429394	HFRDPKVF:0.24495677233429394	RVLTSRIF:0.2276657060518732	CLTIPRVL:0.20461095100864554	VDTSSIEI:0.2737752161383285	GVYSGSAF:0.3400576368876081	ALGYANKF:0.27089337175792505	TGLLNDPN:0.3400576368876081	FYAPQTFL:0.21037463976945245	YAPQTFLD:0.21037463976945245	RGFDFYAP:0.22478386167146974	LDRGFDFY:0.21902017291066284	DRGFDFYA:0.2334293948126801	
