cluster number:26
GH32:13	GH32:13
HDEAWRDP:0.23076923076923078	TWTGSVVR:0.5384615384615384	DEAWRDPW:0.46153846153846156	WHDEAWRD:0.23076923076923078	VQPPLSQP:0.23076923076923078	QGFGQLEV:0.3076923076923077	PWVFRFPG:0.23076923076923078	DGLWWMFY:0.23076923076923078	LWWMFYTG:0.3076923076923077	WIWDSWYV:0.3076923076923077	WTVQPPLS:0.23076923076923078	LPDKWIWD:0.23076923076923078	HPIVGHAV:0.23076923076923078	RGVLGHAT:0.23076923076923078	MFYTGTSR:0.23076923076923078	WRDPWVFR:0.38461538461538464	DKWIWDSW:0.23076923076923078	DPIPVTAD:0.3076923076923077	GVLGHATS:0.23076923076923078	EPLVEADP:0.23076923076923078	TTWTGSVV:0.23076923076923078	TWQMLITA:0.23076923076923078	WVFRFPGE:0.23076923076923078	WWMFYTGT:0.3076923076923077	GQGFGQLE:0.3076923076923077	AWRDPWVF:0.5384615384615384	TVQPPLSQ:0.23076923076923078	DPWVFRFP:0.23076923076923078	PGQGFGQL:0.3076923076923077	WMFYTGTS:0.23076923076923078	SDAPAFDD:0.46153846153846156	GHAVSTDL:0.23076923076923078	GLWWMFYT:0.3076923076923077	WQMLITAR:0.23076923076923078	KWIWDSWY:0.23076923076923078	IWDSWYVQ:0.23076923076923078	FGQLEVFQ:0.23076923076923078	RDPWVFRF:0.23076923076923078	GFGQLEVF:0.23076923076923078	QPPLSQPG:0.23076923076923078	DDGLWWMF:0.23076923076923078	EAWRDPWV:0.38461538461538464	GHATSPDL:0.23076923076923078	PIPVTADP:0.3076923076923077	SDPIPVTA:0.23076923076923078	PIVGHAVS:0.23076923076923078	LSDPIPVT:0.23076923076923078	PDKWIWDS:0.23076923076923078	IPVTADPV:0.23076923076923078	DDLATWTG:0.38461538461538464	ATWTGSVV:0.38461538461538464	APAFDDLA:0.38461538461538464	DQAWRDPW:0.23076923076923078	AFDDLATW:0.38461538461538464	FDDLATWT:0.38461538461538464	IGHATSPD:0.23076923076923078	QAWRDPWV:0.23076923076923078	MLITARAN:0.3076923076923077	LATWTGSV:0.38461538461538464	PAFDDLAT:0.38461538461538464	HMLITARA:0.38461538461538464	WHMLITAR:0.38461538461538464	DAPAFDDL:0.38461538461538464	DLATWTGS:0.38461538461538464	GVPILLFC:0.23076923076923078	VPILLFCC:0.23076923076923078	DGVPILLF:0.23076923076923078	WPDEAWRD:0.23076923076923078	PDEAWRDP:0.23076923076923078	
