cluster number:24
GH32:49	GH32:49|CBM38:23
EYHLFYQY:0.46938775510204084	WMNDPNGL:0.4897959183673469	PDLFELPV:0.2653061224489796	GEYHLFYQ:0.5306122448979592	DGEYHLFY:0.22448979591836735	YHLFYQYN:0.5102040816326531	FSGSAVVD:0.40816326530612246	ECPDLFEL:0.24489795918367346	HLFYQYNP:0.5102040816326531	MNDPNGLV:0.4897959183673469	CPDLFELP:0.24489795918367346	NWMNDPNG:0.4489795918367347	MSWGHAVS:0.4897959183673469	DPNGLVYY:0.30612244897959184	WGHAVSKD:0.24489795918367346	GGVWECPD:0.32653061224489793	VWECPDLF:0.40816326530612246	GHAVSKDL:0.24489795918367346	WECPDLFE:0.2653061224489796	NDPNGLVY:0.5714285714285714	SWGHAVSK:0.22448979591836735	FRDPKVFW:0.2653061224489796	GVWECPDL:0.40816326530612246	KGEYHLFY:0.22448979591836735	DWSSVEVF:0.22448979591836735	VDWSSVEV:0.20408163265306123	QYFVGDFD:0.2653061224489796	YSTDRGRT:0.22448979591836735	YVDRTRSG:0.22448979591836735	KNWMNDPN:0.24489795918367346	LVDWSSVE:0.20408163265306123	TDRGRTWT:0.20408163265306123	ECPDLFPL:0.2653061224489796	TTGTLTSP:0.20408163265306123	PGGIAGGS:0.20408163265306123	LAYSTDRG:0.22448979591836735	YFVGDFDG:0.2653061224489796	WSSVEVFG:0.22448979591836735	TLTSPEFT:0.20408163265306123	AYSTDRGR:0.22448979591836735	TGTLTSPE:0.20408163265306123	WECPDLFP:0.30612244897959184	GTLTSPEF:0.20408163265306123	STDRGRTW:0.22448979591836735	FRDPKVQW:0.20408163265306123	NPGGIAGG:0.20408163265306123	SSVEVFGG:0.24489795918367346	FYQYNPNG:0.22448979591836735	LVGGGNHP:0.20408163265306123	LFYQYNPN:0.20408163265306123	DLVHWEEL:0.24489795918367346	LVHWEELP:0.24489795918367346	NPVLDIGS:0.20408163265306123	WGHMSWGH:0.24489795918367346	HMSWGHAV:0.24489795918367346	GHMSWGHA:0.24489795918367346	QAQSLAYS:0.2653061224489796	AQSLAYST:0.24489795918367346	QSLAYSTD:0.24489795918367346	SLAYSTDR:0.20408163265306123	
