cluster number:90
GH32:23	GH32:23
GWINDPNG:0.391304347826087	GAMHWGHA:0.30434782608695654	GFDFYAPQ:0.34782608695652173	VLMFSPMG:0.2608695652173913	APQSFLDG:0.21739130434782608	GYMWECPD:0.34782608695652173	YMWECPDF:0.34782608695652173	RDPKVWKH:0.2608695652173913	PIALAPSE:0.391304347826087	NVLAESRG:0.21739130434782608	YAPQSFLD:0.30434782608695654	MRQRYHFM:0.21739130434782608	MHWGHAVS:0.5652173913043478	VLAESRGE:0.2608695652173913	DWGFDFYA:0.34782608695652173	FRDPKVWK:0.30434782608695654	NDPNGLIF:0.34782608695652173	WGAMHWGH:0.2608695652173913	YLVGDMDY:0.34782608695652173	WGFDFYAP:0.34782608695652173	WINDPNGL:0.5652173913043478	INDPNGLI:0.5217391304347826	RIMVGWAN:0.21739130434782608	ERTTVYFV:0.2608695652173913	FRDPKVWE:0.21739130434782608	TTVYFVGD:0.2608695652173913	CFSGSAIE:0.34782608695652173	GCFSGSAI:0.391304347826087	QGGCFSGS:0.21739130434782608	DHPQGGCF:0.21739130434782608	WECPDFFP:0.4782608695652174	WGHAVSDD:0.43478260869565216	PQGGCFSG:0.21739130434782608	PDFFPLGD:0.21739130434782608	PCGWINDP:0.21739130434782608	TVYFVGDF:0.21739130434782608	YHFFYQFN:0.2608695652173913	YFVGDFDY:0.21739130434782608	NDPNGLIY:0.34782608695652173	RQRYHFMG:0.21739130434782608	ECPDFFPL:0.43478260869565216	KYEGNPVI:0.2608695652173913	FNPYSGFW:0.2608695652173913	VYFVGDFD:0.21739130434782608	WMPFWKDW:0.2608695652173913	YYLVCGAQ:0.21739130434782608	YLVCGAQR:0.21739130434782608	GPCGWIND:0.21739130434782608	SGSAIEKD:0.2608695652173913	PYSGFWSQ:0.21739130434782608	WVFLCSPM:0.21739130434782608	CGWINDPN:0.2608695652173913	MGPCGWIN:0.21739130434782608	MWECPDFF:0.6086956521739131	FWKDWGPT:0.2608695652173913	WDWMPFWK:0.2608695652173913	GSAIEKDG:0.2608695652173913	HPQGGCFS:0.21739130434782608	NPYSGFWS:0.21739130434782608	MPFWKDWG:0.2608695652173913	RTTVYFVG:0.2608695652173913	HWGHAVSD:0.43478260869565216	FFYQFNPY:0.2608695652173913	RRIMVGWA:0.21739130434782608	YSGFWSQM:0.21739130434782608	FDFYAPQT:0.2608695652173913	QFNPYSGF:0.2608695652173913	GHAVSDDL:0.391304347826087	PFWKDWGP:0.2608695652173913	HFFYQFNP:0.2608695652173913	FSGSAIEK:0.2608695652173913	YDDHPQGG:0.21739130434782608	FYQFNPYS:0.2608695652173913	DDHPQGGC:0.21739130434782608	DFYAPQTF:0.30434782608695654	YQFNPYSG:0.2608695652173913	CPDFFPLG:0.21739130434782608	DWMPFWKD:0.2608695652173913	GERTTVYF:0.21739130434782608	GGCFSGSA:0.4782608695652174	VFLCSPMG:0.21739130434782608	RDPKVWEH:0.21739130434782608	GDGVAYEL:0.2608695652173913	DPNGLIYF:0.21739130434782608	QMHWGHAV:0.21739130434782608	HWGHAKSK:0.21739130434782608	SKDLVHWE:0.21739130434782608	MHWGHAKS:0.21739130434782608	NAWDWMPW:0.2608695652173913	VHWEHLPI:0.21739130434782608	HLFYQHYP:0.2608695652173913	YHFMAPAY:0.21739130434782608	EHLPIALA:0.21739130434782608	ALAPSEPY:0.21739130434782608	WEHLPIAL:0.21739130434782608	HLPIALAP:0.21739130434782608	LVHWEHLP:0.21739130434782608	HFMAPAYW:0.21739130434782608	HWEHLPIA:0.21739130434782608	LAPSEPYD:0.21739130434782608	YHLFYQHY:0.21739130434782608	YYAPQSFL:0.30434782608695654	LFYQHYPY:0.2608695652173913	LPIALAPS:0.30434782608695654	DLVHWEHL:0.21739130434782608	AVSDDLLH:0.2608695652173913	HAVSDDLL:0.2608695652173913	VSDDLLHW:0.2608695652173913	
