cluster number:2
GH32:321	GH32:321|CBM66:75|CBM38:36|3.2.1.26:4|3.2.1.153:4|3.2.1.65:1|3.2.1.64:1|3.2.1.80:1
VWGPMHWG:0.2834890965732087	QYFVGDFD:0.2585669781931464	GEYHLFYQ:0.49221183800623053	IFSGSAVV:0.5046728971962616	YFVGDFDG:0.2616822429906542	WMNDPNGM:0.5295950155763239	FSGSAVVD:0.5202492211838006	HGGVWECP:0.40498442367601245	PMHWGHAV:0.4797507788161994	TIFSGSAV:0.2803738317757009	MHWGHAVS:0.6074766355140186	WGPMHWGH:0.6635514018691588	GPMHWGHA:0.6666666666666666	GTIFSGSA:0.2834890965732087	EYHLFYQY:0.3302180685358255	WGHAVSKD:0.3644859813084112	NDPNGMVY:0.46105919003115264	TKYEGNPV:0.205607476635514	HAVSKDLV:0.24610591900311526	GHAVSKDL:0.3426791277258567	HWGHAVSK:0.367601246105919	GGVWECPD:0.3987538940809969	VWECPDLF:0.6074766355140186	DPNGMVYY:0.26479750778816197	WECPDLFP:0.2616822429906542	ECPDLFPL:0.2367601246105919	MNDPNGMV:0.43302180685358255	GVWECPDL:0.5794392523364486	DNYAGVTW:0.21806853582554517	GRDNYAGV:0.26479750778816197	RDPKVFWH:0.32087227414330216	DFRDPKVF:0.5233644859813084	FRDPKVFW:0.514018691588785	NWMNDPNG:0.34890965732087226	KDFRDPKV:0.2897196261682243	WECPDLFE:0.22741433021806853	ECPDLFEL:0.22429906542056074	CPDLFELP:0.20249221183800623	KGRTWTKY:0.2087227414330218	DKGRTWTK:0.2087227414330218	ANWMNDPN:0.2367601246105919	WMSNWQYA:0.2554517133956386	QVQSIAYS:0.205607476635514	MSNWQYAN:0.21806853582554517	GWMSNWQY:0.24922118380062305	SSVEVFGN:0.20249221183800623	HLFYQYHP:0.22118380062305296	YHLFYQYH:0.21806853582554517	
