cluster number:58
GH24:6	GH24:6
LRLKPYRD:0.3333333333333333	KPYRDTVG:0.8333333333333334	EGLRLKPY:0.3333333333333333	RLKPYRDT:0.8333333333333334	SLWAKQVG:0.5	PYRDTVGK:0.8333333333333334	GLRLKPYR:0.3333333333333333	LKPYRDTV:0.8333333333333334	DSLWAKQV:0.5	IQSHDWQQ:0.3333333333333333	WRDEGERL:0.3333333333333333	LQAELWRD:0.3333333333333333	LDDVRQRV:0.3333333333333333	IGRNLDDV:0.5	GGKLLTFK:0.3333333333333333	GKLTIGIG:0.5	MVNMAFNL:0.5	HDGMLDSL:0.5	DIVRAERW:0.3333333333333333	LKAIQSHD:0.3333333333333333	WAKQVGQR:0.3333333333333333	DGMLDSLW:0.5	HDWQQAHD:0.3333333333333333	ELWRDEGE:0.3333333333333333	DVRQRVMV:0.3333333333333333	WWGSLDDV:0.3333333333333333	NDIVRAER:0.3333333333333333	QRVMVNMA:0.5	KNTLKAIQ:0.3333333333333333	TLQAELWR:0.3333333333333333	RNLDDVGI:0.6666666666666666	LMLLANDI:0.5	QQAHDGML:0.3333333333333333	LLANDIVR:0.5	VGISHEEA:0.3333333333333333	GSLDDVRQ:0.3333333333333333	AELWRDEG:0.3333333333333333	RDEGERLK:0.5	QAHDGMLD:0.3333333333333333	DDVRQRVM:0.3333333333333333	SHDWQQAH:0.3333333333333333	EALMLLAN:0.5	LANDIVRA:0.5	NMAFNLGG:0.5	AKMMLTGE:0.3333333333333333	QRLAKMML:0.3333333333333333	LTFKNTLK:0.3333333333333333	LWRDEGER:0.3333333333333333	ERWLDRNL:0.3333333333333333	RQRVMVNM:0.5	GERLKPYR:0.5	HEEALMLL:0.3333333333333333	SLDDVRQR:0.3333333333333333	VRAERWLD:0.3333333333333333	DWQQAHDG:0.3333333333333333	RWLDRNLP:0.3333333333333333	WGSLDDVR:0.3333333333333333	TIGIGRNL:0.5	KMMLTGET:0.3333333333333333	LTIGIGRN:0.5	AFNLGGKL:0.3333333333333333	ATLQAELW:0.3333333333333333	IVRAERWL:0.3333333333333333	KLTIGIGR:0.5	GQRAQRLA:0.3333333333333333	YDLATLQA:0.5	RAERWLDR:0.3333333333333333	LDSLWAKQ:0.3333333333333333	VRQRVMVN:0.5	PWWGSLDD:0.3333333333333333	RAQRLAKM:0.3333333333333333	AQRLAKMM:0.3333333333333333	RVMVNMAF:0.5	QAELWRDE:0.3333333333333333	RNLPWWGS:0.5	YRDTVGKL:0.6666666666666666	NLPWWGSL:0.5	DLATLQAE:0.5	ERLKPYRD:0.5	LPWWGSLD:0.5	MAFNLGGK:0.3333333333333333	GISHEEAL:0.3333333333333333	AKQVGQRA:0.3333333333333333	KAIQSHDW:0.3333333333333333	TLKAIQSH:0.3333333333333333	IGIGRNLD:0.5	LLTFKNTL:0.5	ANDIVRAE:0.5	DEGERLKP:0.5	VGQRAQRL:0.3333333333333333	ALMLLAND:0.5	RLAKMMLT:0.3333333333333333	FNLGGKLL:0.3333333333333333	LWAKQVGQ:0.3333333333333333	QVGQRAQR:0.3333333333333333	ISHEEALM:0.3333333333333333	MLDSLWAK:0.3333333333333333	EGERLKPY:0.5	GIGRNLDD:0.5	GMLDSLWA:0.5	DVGISHEE:0.3333333333333333	DDVGISHE:0.3333333333333333	RDTVGKLT:0.6666666666666666	VMVNMAFN:0.5	LDRNLPWW:0.5	QSHDWQQA:0.3333333333333333	WLDRNLPW:0.5	FKNTLKAI:0.3333333333333333	SHEEALML:0.3333333333333333	LATLQAEL:0.5	LAKMMLTG:0.3333333333333333	GKLLTFKN:0.3333333333333333	DTVGKLTI:0.6666666666666666	MLLANDIV:0.5	DRNLPWWG:0.5	NLGGKLLT:0.3333333333333333	LDDVGISH:0.5	LGGKLLTF:0.3333333333333333	AERWLDRN:0.3333333333333333	VNMAFNLG:0.5	MMLTGETA:0.5	EEALMLLA:0.3333333333333333	AHDGMLDS:0.5	NLDDVGIS:0.6666666666666666	QRAQRLAK:0.3333333333333333	GRNLDDVG:0.6666666666666666	AIQSHDWQ:0.3333333333333333	KLLTFKNT:0.3333333333333333	WQQAHDGM:0.3333333333333333	NTLKAIQS:0.3333333333333333	TVGKLTIG:0.6666666666666666	KQVGQRAQ:0.3333333333333333	VGKLTIGI:0.5	TFKNTLKA:0.3333333333333333	QVGQRANR:0.3333333333333333	GQRANRLA:0.3333333333333333	VGQRANRL:0.3333333333333333	EALDSRWA:0.3333333333333333	
