cluster number:8
GH24:9	GH24:9
GLMKFTHL:1.0	RKAIILDM:1.0	SLHEAYQA:1.0	HEAYQALD:1.0	KQDYEQAA:0.4444444444444444	AAKEMLNS:0.4444444444444444	EYEAEFLL:1.0	ALDNERKA:1.0	NERKAIIL:1.0	ERKAIILD:1.0	SSWVQNVR:0.8888888888888888	KAIILDMA:1.0	SRATELAQ:1.0	GKWTIGYG:0.8888888888888888	RLDKALSL:1.0	DPLHEYEA:0.7777777777777778	LMKFTHLW:1.0	MLNSEWAE:1.0	SPHLYKDS:1.0	SEWAEEVK:1.0	MKFTHLWQ:1.0	PLHEYEAE:0.7777777777777778	EVKSRATE:1.0	LNSEWAEE:1.0	LEFLKRHE:1.0	LDNERKAI:1.0	NLEDDPLH:0.7777777777777778	YGRNLEDD:1.0	QAAKEMLN:0.4444444444444444	MAYNLGYG:1.0	QALEFLKR:1.0	LSLHEAYQ:1.0	KFTHLWQA:1.0	AIILDMAY:1.0	EGFSPHLY:1.0	GRNLEDDP:1.0	DIERLDKA:1.0	KRHEGFSP:1.0	DSSWVQNV:0.8888888888888888	GYGGLMKF:1.0	THLWQALE:1.0	NLGYGGLM:1.0	TIGYGRNL:1.0	RHEGFSPH:1.0	HLYKDSVG:0.8888888888888888	WTIGYGRN:1.0	GYGRNLED:1.0	MTKEYAKQ:0.4444444444444444	LMQDIERL:1.0	LHEAYQAL:1.0	ALSLHEAY:1.0	YNLGYGGL:1.0	YAKQALEF:1.0	QALEKQDY:1.0	HEGFSPHL:1.0	ATELAQLM:1.0	RATELAQL:1.0	QLMDSSWV:1.0	FSPHLYKD:1.0	ALEFLKRH:1.0	LMDSSWVQ:1.0	AKEMLNSE:0.5555555555555556	YGGLMKFT:1.0	EFLKRHEG:1.0	EEVKSRAT:1.0	KQALEFLK:1.0	PHLYKDSV:1.0	LDKALSLH:1.0	DDPLHEYE:0.7777777777777778	AYNLGYGG:1.0	WAEEVKSR:1.0	FTHLWQAL:1.0	DNERKAII:1.0	EQAAKEML:0.4444444444444444	LKRHEGFS:1.0	FLKRHEGF:1.0	KEMLNSEW:1.0	LGYGGLMK:1.0	HEYEAEFL:0.7777777777777778	EWAEEVKS:1.0	EAYQALDN:1.0	WQALEKQD:1.0	EYAKQALE:1.0	IERLDKAL:1.0	SVGKWTIG:0.8888888888888888	EMLNSEWA:1.0	YEQAAKEM:0.4444444444444444	EFLLMQDI:1.0	EKQDYEQA:0.8888888888888888	AEFLLMQD:1.0	TELAQLMD:1.0	ALEKQDYE:1.0	DMAYNLGY:1.0	GFSPHLYK:1.0	VKSRATEL:1.0	LAQLMDSS:1.0	MQDIERLD:1.0	LYKDSVGK:0.8888888888888888	TKEYAKQA:0.4444444444444444	VGKWTIGY:0.8888888888888888	FLLMQDIE:1.0	DSVGKWTI:0.8888888888888888	LHEYEAEF:0.7777777777777778	LEKQDYEQ:1.0	QDYEQAAK:0.4444444444444444	ERLDKALS:1.0	KDSVGKWT:0.8888888888888888	AKQALEFL:1.0	KWTIGYGR:1.0	RNLEDDPL:1.0	LWQALEKQ:1.0	DKALSLHE:1.0	LLMQDIER:1.0	KEYAKQAL:0.4444444444444444	AYQALDNE:1.0	ILDMAYNL:1.0	HLWQALEK:1.0	DYEQAAKE:0.4444444444444444	LEDDPLHE:0.7777777777777778	MDSSWVQN:0.8888888888888888	KALSLHEA:1.0	EAEFLLMQ:1.0	GGLMKFTH:1.0	QALDNERK:1.0	KSRATELA:1.0	QDIERLDK:1.0	IGYGRNLE:1.0	YQALDNER:1.0	YKDSVGKW:0.8888888888888888	AQLMDSSW:1.0	IILDMAYN:1.0	ELAQLMDS:1.0	LDMAYNLG:1.0	EDDPLHEY:0.7777777777777778	NSEWAEEV:1.0	YEAEFLLM:1.0	AEEVKSRA:1.0	DYEQAVKE:0.4444444444444444	AVKEMLNS:0.4444444444444444	EQAVKEML:0.4444444444444444	QAVKEMLN:0.4444444444444444	QDYEQAVK:0.4444444444444444	KMTREYAK:0.3333333333333333	REYAKQAL:0.5555555555555556	VKEMLNSE:0.4444444444444444	MKMTREYA:0.3333333333333333	KQDYEQAV:0.4444444444444444	TREYAKQA:0.5555555555555556	MTREYAKQ:0.5555555555555556	YEQAVKEM:0.4444444444444444	MKMTKEYA:0.2222222222222222	KMTKEYAK:0.2222222222222222	NLEDDPLD:0.2222222222222222	LDEYEAEF:0.2222222222222222	LEDDPLDE:0.2222222222222222	DEYEAEFL:0.2222222222222222	DPLDEYEA:0.2222222222222222	EDDPLDEY:0.2222222222222222	PLDEYEAE:0.2222222222222222	DDPLDEYE:0.2222222222222222	
