cluster number:115
GH24:11	GH24:11
LPGLVKRR:0.36363636363636365	AAERAMCE:0.2727272727272727	RKANAGDM:0.45454545454545453	PGLVKRRA:0.36363636363636365	AERAMCEG:0.2727272727272727	KRRAAERA:0.2727272727272727	RAAERAMC:0.2727272727272727	DGQKAAFV:0.2727272727272727	VKRRAAER:0.36363636363636365	GQKAAFVS:0.2727272727272727	NAGDMAGA:0.45454545454545453	GDMAGACA:0.36363636363636365	PLTDGQKA:0.2727272727272727	KANAGDMA:0.36363636363636365	KAAFVSFA:0.2727272727272727	AGDMAGAC:0.45454545454545453	LTDGQKAA:0.2727272727272727	QKAAFVSF:0.2727272727272727	TDGQKAAF:0.2727272727272727	RRAAERAM:0.2727272727272727	LVKRRAAE:0.36363636363636365	GLVKRRAA:0.36363636363636365	ANAGDMAG:0.45454545454545453	LARKANAG:0.2727272727272727	TLARKANA:0.2727272727272727	ARKANAGD:0.45454545454545453	STLARKAN:0.2727272727272727	FCGSSMAR:0.2727272727272727	TYCTGATE:0.2727272727272727	SAFCGSSM:0.2727272727272727	AQWGKTYT:0.36363636363636365	QWGKTYTP:0.36363636363636365	VLTYCTGA:0.2727272727272727	NIGVSAFC:0.2727272727272727	YNIGVSAF:0.2727272727272727	IGVSAFCG:0.2727272727272727	GVSAFCGS:0.2727272727272727	VSAFCGSS:0.2727272727272727	GGVLTYCT:0.2727272727272727	AYNIGVSA:0.2727272727272727	LTYCTGAT:0.2727272727272727	AFCGSSMA:0.2727272727272727	GVLTYCTG:0.2727272727272727	VDTAYNIG:0.2727272727272727	WVNVNGKP:0.2727272727272727	LWVNVNGK:0.2727272727272727	AFVDTAYN:0.2727272727272727	VNVNGKPV:0.2727272727272727	DTAYNIGV:0.2727272727272727	FVDTAYNI:0.2727272727272727	VAFVDTAY:0.2727272727272727	
