cluster number:103
GH24:22	GH24:22
PYIDTEGY:0.22727272727272727	GYPTVACG:0.22727272727272727	IDTEGYPT:0.22727272727272727	EGYPTVAC:0.22727272727272727	DTEGYPTV:0.22727272727272727	YIDTEGYP:0.22727272727272727	YPTVACGI:0.22727272727272727	TEGYPTVA:0.22727272727272727	KRHAEVMR:0.2727272727272727	SLWAKQTP:0.2727272727272727	MSQIIPLL:0.22727272727272727	GLAGFKNT:0.5	RHAEVMRT:0.22727272727272727	LAGFKNTL:0.5	AKRHAEVM:0.2727272727272727	PNRAKRHA:0.2727272727272727	KPYIDTEG:0.2727272727272727	LISMAYQM:0.4090909090909091	GASLSNYT:0.2727272727272727	TPNRAKRH:0.3181818181818182	ILISMAYQ:0.36363636363636365	QTPNRAKR:0.3181818181818182	DILISMAY:0.36363636363636365	RAKRHAEV:0.2727272727272727	GPKGASLS:0.3181818181818182	IGPKGASL:0.3181818181818182	SMAYQMGV:0.5909090909090909	ISMAYQMG:0.4090909090909091	KGASLSNY:0.3181818181818182	PKGASLSN:0.3181818181818182	HAEVMRTG:0.22727272727272727	ASLSNYTF:0.2727272727272727	SNYTFTVP:0.2727272727272727	GMLNSLWA:0.2727272727272727	AGFKNTLA:0.2727272727272727	
