cluster number:108
GT51:6	GT51:6
MCYLRNAF:0.5	GASTIDMQ:1.0	CLAAMLLR:0.5	KRFRGAVK:0.5	FSKKQIIM:0.5	FRGAVKKS:0.5	FFGSRLIG:0.5	VRTITGFK:0.8333333333333334	STIDMQLV:0.6666666666666666	SEYMNEYD:0.5	KHGGASTI:0.6666666666666666	CYLRNAFF:0.5	LVRTITGF:0.5	RGAVKKSD:0.5	DLNRDLLT:0.5	FKFSKKQI:0.8333333333333334	ITGFKDLT:0.5	LYAKRFRG:0.5	YLRNAFFG:0.5	TISEYMNE:0.5	GFDFFSFV:0.5	HCGFDFFS:0.5	MLLRPKPL:0.5	RLIGAEKA:0.5	NDLCYFVM:0.5	FKDLTLYR:0.5	LIDLNRDL:0.5	ACLAAMLL:0.5	AMLLRPKP:0.5	GSRLIGAE:0.5	RRFFRHCG:0.5	RTITGFKD:0.5	ALYAKRFR:0.5	YDESACLA:0.5	YRKFYEVI:0.5	DESACLAA:0.5	LIGAEKAA:0.5	LRNAFFGS:0.5	VRALYAKR:0.5	ELNDLCYF:0.5	ISEYMNEY:0.5	MALEDRRF:0.6666666666666666	IMCYLRNA:0.5	KKQIIMCY:0.5	IDMQLVRT:0.6666666666666666	EDRRFFRH:0.5	LTLYRKFY:0.5	DLLTISEY:0.5	IGAEKAAS:0.5	TGFKDLTL:0.5	NYDESACL:0.5	NRDLLTIS:0.5	NILIDLNR:0.5	SRLIGAEK:0.5	DLCYFVMA:0.5	MQLVRTIT:0.6666666666666666	TIDMQLVR:0.6666666666666666	KFYEVILA:0.5	QLVRTITG:0.5	RDLLTISE:0.5	TITGFKDL:0.5	RNAFFGSR:0.5	LAAMLLRP:0.5	FRHCGFDF:0.5	LNYDESAC:0.5	GAVKKSDY:0.5	SACLAAML:0.5	LNRDLLTI:0.5	LYRKFYEV:0.5	IIMCYLRN:0.5	YAKRFRGA:0.5	NEYDDYYE:0.5	NAFFGSRL:0.5	YELNDLCY:0.5	YMNEYDDY:0.5	QIIMCYLR:0.5	YDDYYELN:0.5	AFFGSRLI:0.5	YYELNDLC:0.5	LNDLCYFV:0.5	FGSRLIGA:0.5	DLTLYRKF:0.5	RFFRHCGF:0.5	DMQLVRTI:0.6666666666666666	LLNFKFSK:0.6666666666666666	HGGASTID:0.6666666666666666	LNFKFSKK:0.6666666666666666	DYYELNDL:0.5	ELNYDESA:0.5	LEDRRFFR:0.5	KQIIMCYL:0.5	IDLNRDLL:0.5	CYFVMALE:0.5	RNILIDLN:0.5	FVMALEDR:0.5	ESACLAAM:0.5	AAMLLRPK:0.5	KDLTLYRK:0.5	AKRFRGAV:0.5	NFKFSKKQ:0.8333333333333334	RFRGAVKK:0.5	LTISEYMN:0.5	TLYRKFYE:0.5	VMALEDRR:0.6666666666666666	YFVMALED:0.5	LLTISEYM:0.5	GFKDLTLY:0.5	LCYFVMAL:0.5	ILIDLNRD:0.5	MNEYDDYY:0.5	EYDDYYEL:0.5	FDFFSFVR:0.5	EYMNEYDD:0.5	SKKQIIMC:0.5	KKHGGAST:0.6666666666666666	ALEDRRFF:0.5	RALYAKRF:0.5	FFRHCGFD:0.5	KFSKKQII:0.6666666666666666	DFFSFVRE:0.5	RHCGFDFF:0.5	RKFYEVIL:0.5	GGASTIDM:1.0	DRRFFRHC:0.5	CGFDFFSF:0.5	ASTIDMQL:0.6666666666666666	DDYYELND:0.5	AACKKKHG:0.3333333333333333	ILAILLNF:0.3333333333333333	ILLNFKFS:0.5	ESIKVRAL:0.3333333333333333	VFKAACKK:0.3333333333333333	KAACKKKH:0.3333333333333333	LAILLNFK:0.5	EVILAILL:0.3333333333333333	KKKHGGAS:0.3333333333333333	WFESIKVR:0.3333333333333333	PLKPSEKW:0.3333333333333333	AASFFNKN:0.3333333333333333	YNQRHYRR:0.3333333333333333	LRPKPLKP:0.3333333333333333	KAASFFNK:0.3333333333333333	MSGYPYNQ:0.3333333333333333	NQRHYRRF:0.3333333333333333	FYEVILAI:0.3333333333333333	VILAILLN:0.3333333333333333	RHYRRFRN:0.3333333333333333	LLRPKPLK:0.3333333333333333	RPKPLKPS:0.3333333333333333	KPLKPSEK:0.3333333333333333	AEKAASFF:0.3333333333333333	EKAASFFN:0.3333333333333333	SGYPYNQR:0.3333333333333333	SEKWFESI:0.3333333333333333	FRNILIDL:0.3333333333333333	VREVFKAA:0.3333333333333333	KVRALYAK:0.3333333333333333	CKKKHGGA:0.3333333333333333	LKPSEKWF:0.3333333333333333	AILLNFKF:0.5	FFSFVREV:0.3333333333333333	QRHYRRFR:0.3333333333333333	EVFKAACK:0.3333333333333333	EKWFESIK:0.3333333333333333	GAEKAASF:0.3333333333333333	SFVREVFK:0.3333333333333333	KPSEKWFE:0.3333333333333333	IKVRALYA:0.3333333333333333	KWFESIKV:0.3333333333333333	YRRFRNIL:0.3333333333333333	ASFFNKNV:0.3333333333333333	FSFVREVF:0.3333333333333333	GYPYNQRH:0.3333333333333333	HYRRFRNI:0.3333333333333333	REVFKAAC:0.3333333333333333	FKAACKKK:0.3333333333333333	PSEKWFES:0.3333333333333333	RFRNILID:0.3333333333333333	FESIKVRA:0.3333333333333333	SIKVRALY:0.3333333333333333	PKPLKPSE:0.3333333333333333	FVREVFKA:0.3333333333333333	YPYNQRHY:0.3333333333333333	ACKKKHGG:0.3333333333333333	RRFRNILI:0.3333333333333333	YEVILAIL:0.3333333333333333	PYNQRHYR:0.3333333333333333	MVRTITGF:0.3333333333333333	STIDMQMV:0.3333333333333333	IDMQMVRT:0.3333333333333333	DMQMVRTI:0.3333333333333333	QMVRTITG:0.3333333333333333	TIDMQMVR:0.3333333333333333	MQMVRTIT:0.3333333333333333	ASTIDMQM:0.3333333333333333	RTITGFKE:0.3333333333333333	
