cluster number:115
GT51:59	GT51:59
VVALAANR:0.22033898305084745	KIFTAAAA:0.2033898305084746	ALATSPNT:0.4576271186440678	QGGSTLTQ:0.2033898305084746	YTIRTTLD:0.2033898305084746	LTQQYVKN:0.7457627118644068	TLTQQYVK:0.7288135593220338	STLTQQYV:0.7288135593220338	GYTIRTTL:0.2033898305084746	GGSTLTQQ:0.3050847457627119	LELANVGA:0.2711864406779661	ELANVGAT:0.3050847457627119	GGYTIRTT:0.2542372881355932	TQQYVKNY:0.864406779661017	QQYVKNYL:0.7288135593220338	FTAAAALE:0.423728813559322	GSTLTQQY:0.3050847457627119	GYLNVVEF:0.2033898305084746	PQAALLAG:0.3220338983050847	QYVKNYLI:0.2542372881355932	YKVFTAAA:0.288135593220339	ARKLKEAR:0.23728813559322035	QGASTLTQ:0.423728813559322	SGGVWCPP:0.4576271186440678	TQGASTLT:0.2711864406779661	VPQAALLA:0.3220338983050847	GLCVLAGV:0.22033898305084745	LCVLAGVL:0.23728813559322035	KNYLINVV:0.22033898305084745	TSPNTAFV:0.3220338983050847	YVKNYLIN:0.23728813559322035	ATSPNTAF:0.3050847457627119	ASTLTQQY:0.423728813559322	KVFTAAAA:0.3220338983050847	LAGVLVAG:0.2542372881355932	GASTLTQQ:0.423728813559322	RKLKEARI:0.2033898305084746	MSGGVWCP:0.288135593220339	GGVWCPPT:0.2711864406779661	GVWCPPTP:0.2711864406779661	LATSPNTA:0.3050847457627119	KLKEARIA:0.2033898305084746	YLNVVEFS:0.2033898305084746	VKNYLINV:0.288135593220339	VFTAAAAL:0.23728813559322035	TTADKLTV:0.2033898305084746	PTSVLELA:0.2033898305084746	AALLAGMV:0.22033898305084745	QAALLAGM:0.22033898305084745	TSVLELAN:0.2542372881355932	SVLELANV:0.2542372881355932	IGKTGTTQ:0.2033898305084746	ALLAGMVN:0.2033898305084746	VKNYLVHV:0.22033898305084745	QYVKNYLV:0.23728813559322035	YVKNYLVH:0.22033898305084745	LTVPQAAL:0.3050847457627119	TVPQAALL:0.3050847457627119	KLTVPQAA:0.3220338983050847	GSIYKVFT:0.2033898305084746	AGSIYKVF:0.2033898305084746	GAGSIYKV:0.22033898305084745	FGAGSIYK:0.2542372881355932	YLNVVPFG:0.2033898305084746	LVANRDYG:0.2542372881355932	ALVANRDY:0.2542372881355932	VANRDYGL:0.2033898305084746	VRALVANR:0.2033898305084746	RALVANRD:0.2033898305084746	
