cluster number:55
GT51:26	GT51:26
TLGGGEVT:0.23076923076923078	TGTTNDFR:0.23076923076923078	GTTNDFRD:0.23076923076923078	LTLGGGEV:0.3076923076923077	YYGNLAYG:0.23076923076923078	KTGTTNDF:0.23076923076923078	QPGSALKP:0.4230769230769231	SALKPFTY:0.23076923076923078	RQPGSALK:0.4230769230769231	PGSALKPF:0.34615384615384615	GSALKPFT:0.23076923076923078	SGASTITQ:0.23076923076923078	ASTITQQL:0.5384615384615384	AGLPQAPS:0.46153846153846156	TITQQLVR:0.23076923076923078	STITQQLV:0.2692307692307692	MLAGLPQA:0.3076923076923077	LAGLPQAP:0.5	GASTITQQ:0.6923076923076923	AMLAGLPQ:0.3076923076923077	APHFVFYV:0.34615384615384615	MVGSIDYN:0.23076923076923078	NSLNIPAV:0.34615384615384615	AAVKTGTS:0.23076923076923078	ANSLNIPA:0.23076923076923078	PAAVKTGT:0.34615384615384615	AMVGSIDY:0.23076923076923078	AVKTGTSN:0.23076923076923078	ILELYLNE:0.38461538461538464	GGASTITQ:0.23076923076923078	QILAMVGS:0.23076923076923078	GQILAMVG:0.23076923076923078	SLNIPAVK:0.2692307692307692	STITQQLA:0.34615384615384615	TQQLARVL:0.23076923076923078	QQLARVLF:0.23076923076923078	ITQQLARV:0.23076923076923078	YTKDQILE:0.23076923076923078	TITQQLAR:0.34615384615384615	
