cluster number:72
GT51:92	GT51:92
GFQVGSTY:0.2608695652173913	FQVGSTYK:0.2608695652173913	YLNIANFG:0.21739130434782608	YVKNVLVQ:0.29347826086956524	QYVKNVLV:0.33695652173913043	ILLGYLNI:0.3695652173913043	QQYVKNVL:0.44565217391304346	LLGYLNIA:0.3695652173913043	TQQYVKNV:0.4891304347826087	GGSSITQQ:0.4673913043478261	SSITQQYV:0.4673913043478261	ITQQYVKN:0.5217391304347826	SITQQYVK:0.4782608695652174	GSSITQQY:0.4673913043478261	FGGTVYGI:0.20652173913043478	KVFTLAEW:0.20652173913043478	GSTYKVFT:0.25	IGKTGTTD:0.34782608695652173	VFTLAEWL:0.20652173913043478	TYKVFTLA:0.20652173913043478	STYKVFTL:0.22826086956521738	FYEHGGVD:0.22826086956521738	RFYEHGGV:0.22826086956521738	PRFYEHGG:0.22826086956521738	DPRFYEHG:0.22826086956521738	VQGGSSIT:0.22826086956521738	QGGSSITQ:0.391304347826087	EDPRFYEH:0.25	KEMRLAIG:0.21739130434782608	RKLKEMRL:0.22826086956521738	LKEMRLAI:0.20652173913043478	KLKEMRLA:0.22826086956521738	DILLGYLN:0.22826086956521738	VKNVLVQK:0.20652173913043478	
