cluster number:87
GT51:351	GT51:351
VYGAQAAA:0.20512820512820512	RGASTISQ:0.3732193732193732	ISQQVAKN:0.27350427350427353	TISQQVAK:0.27350427350427353	ASTISQQV:0.245014245014245	FLWQGRSW:0.2564102564102564	GVYGAQAA:0.21937321937321938	STISQQVA:0.27635327635327633	GASTISQQ:0.4017094017094017	RIMEVYLN:0.4586894586894587	KNVFLWQG:0.3504273504273504	NVFLWQGR:0.21082621082621084	TAKNVFLW:0.49002849002849	VYLNSIEM:0.2222222222222222	SQQTAKNV:0.5071225071225072	RGGSTISQ:0.37606837606837606	QTAKNVFL:0.5356125356125356	EVYLNSIE:0.24216524216524216	GGSTISQQ:0.5242165242165242	YLNSIEMG:0.2849002849002849	ISQQTAKN:0.6467236467236467	AKNVFLWQ:0.3646723646723647	TISQQTAK:0.6438746438746439	VFLWQGRS:0.20512820512820512	QQTAKNVF:0.5270655270655271	GSTISQQT:0.4843304843304843	STISQQTA:0.6438746438746439	IMEVYLNV:0.21082621082621084	EVYLNVAE:0.21937321937321938	AKNVFLWP:0.25071225071225073	
