cluster number:114
GT51:36	GT51:36
WFVGYTPY:0.25	GSTITQQL:0.3333333333333333	QQLIKNNV:0.2222222222222222	TQQLIKNN:0.25	STITQQLI:0.4444444444444444	NYLNTINL:0.25	GYTPYYTA:0.2777777777777778	TITQQLIK:0.4444444444444444	GGSTITQQ:0.3333333333333333	ITQQLIKN:0.3888888888888889	YLNTINLG:0.3611111111111111	AGKSGTTT:0.2222222222222222	FVGYTPYY:0.2777777777777778	VGYTPYYT:0.25	SEGASTIT:0.3055555555555556	RKIQEQYL:0.3333333333333333	GVTNLELT:0.2222222222222222	ASTITQQL:0.4166666666666667	KIQEQYLA:0.3611111111111111	AIEDERFY:0.3333333333333333	ADDVYSRI:0.25	VSELTLSE:0.3055555555555556	QPGSTFKI:0.3333333333333333	DVSELTLS:0.2222222222222222	GASTITQQ:0.4444444444444444	RQPGSTFK:0.5	VAIEDERF:0.2777777777777778	EGASTITQ:0.3333333333333333	KDVSELTL:0.2222222222222222	FSEGASTI:0.25	IEDERFYE:0.2777777777777778	LTLSECAV:0.2777777777777778	LSECAVLA:0.2222222222222222	TLSECAVL:0.2222222222222222	IQEQYLAI:0.2222222222222222	EDERFYEH:0.3333333333333333	DERFYEHN:0.25	ERFYEHNG:0.25	RFYEHNGI:0.3055555555555556	FYEHNGID:0.3055555555555556	TITQQLLK:0.3055555555555556	ITQQLLKN:0.3055555555555556	STITQQLL:0.3055555555555556	
