cluster number:102
GT51:39	GT51:39
GSTISMQL:0.5128205128205128	ISMQLVKN:0.6153846153846154	LIVWLIEN:0.41025641025641024	RGGSTISM:0.48717948717948717	EILIVWLI:0.2564102564102564	EEILIVWL:0.3076923076923077	GGSTISMQ:0.5128205128205128	MLEVYFNI:0.23076923076923078	RMLEVYFN:0.23076923076923078	TISMQLVK:0.6153846153846154	ILIVWLIE:0.2564102564102564	STISMQLV:0.6153846153846154	LNIIEWGP:0.2564102564102564	QLVKNVFL:0.5897435897435898	VYLNIIEW:0.46153846153846156	VKNVFLNR:0.20512820512820512	MFEVYLNI:0.3333333333333333	LVKNVFLN:0.20512820512820512	EVYLNIIE:0.46153846153846156	YLNIIEWG:0.46153846153846156	SMQLVKNV:0.6410256410256411	RMFEVYLN:0.3333333333333333	FEVYLNII:0.3076923076923077	MQLVKNVF:0.5897435897435898	RFARGGST:0.20512820512820512	NIYGIGEA:0.2564102564102564	GLFESLEG:0.20512820512820512	RMYEVYLN:0.20512820512820512	
