cluster number:19
GT51:886	GT51:886|2.4.1.129:1
STITQQLA:0.3893905191873589	GSTITQQL:0.3442437923250564	ITQQLAKN:0.3927765237020316	AGKTGTTQ:0.2381489841986456	GGSTITQQ:0.36343115124153497	EGGSTITQ:0.21896162528216703	TITQQLAK:0.3363431151241535	TLTQQLAK:0.41309255079006774	TQQLAKNL:0.590293453724605	QLAKNLFL:0.5835214446952596	QGGSTLTQ:0.3690744920993228	RQPGSAFK:0.23702031602708803	PGSAFKPF:0.20090293453724606	STLTQQLA:0.417607223476298	LAKNLFLT:0.24943566591422123	LTQQLAKN:0.42099322799097066	GGSTLTQQ:0.4108352144469526	QQLAKNLF:0.5891647855530474	QPGSAFKP:0.2381489841986456	GSTLTQQL:0.4074492099322799	YMGGGTFG:0.2020316027088036	LAGLFKAP:0.23927765237020315	RQPGSSFK:0.3194130925507901	LATEDRRF:0.21670428893905191	NLPAARAR:0.20428893905191872	LPAARARA:0.2054176072234763	MLAGLFKA:0.2200902934537246	VQGGSTLT:0.24943566591422123	AMLAGLFK:0.2200902934537246	EAAMLAGL:0.2076749435665914	AIEDRRFY:0.23363431151241534	GSAFKPFV:0.20090293453724606	QPGSSFKP:0.23476297968397292	LAKNLFLS:0.291196388261851	YRDAWFVG:0.23589164785553046	DRAYMGGG:0.21557562076749437	YLDRAYMG:0.2200902934537246	LDRAYMGG:0.21896162528216703	
