cluster number:66
GT51:430	GT51:430
QAAAQAYY:0.3209302325581395	GSTITQQY:0.9116279069767442	QYVKNYYL:0.46744186046511627	QGGSTITQ:0.6697674418604651	AYGIQAAA:0.5255813953488372	GRGAYGIQ:0.32558139534883723	YGIQAAAQ:0.34418604651162793	RGAYGIQA:0.3116279069767442	GGSTITQQ:0.713953488372093	ITQQYVKN:0.8302325581395349	YYGRGAYG:0.2558139534883721	IQAAAQAY:0.34186046511627904	TITQQYVK:0.8558139534883721	GIQAAAQA:0.34651162790697676	YGRGAYGI:0.23953488372093024	TQQYVKNY:0.4720930232558139	QQYVKNYY:0.46744186046511627	GAYGIQAA:0.3116279069767442	STITQQYV:0.8558139534883721	AAWFAGYT:0.20930232558139536	SGSTITQQ:0.25813953488372093	VLAAEDRD:0.2069767441860465	LAAEDRDF:0.2186046511627907	PAAGKTGT:0.26744186046511625	AWFAGYTP:0.25116279069767444	AAAQAYYG:0.22790697674418606	RPAAGKTG:0.2255813953488372	GRNAYGIQ:0.24651162790697675	AAEDRDFY:0.20232558139534884	RNAYGIQA:0.23488372093023255	NAYGIQAA:0.23488372093023255	QSGSTITQ:0.25813953488372093	AVLAAEDR:0.2116279069767442	LEGYLNTS:0.22325581395348837	VGSTFKPF:0.28837209302325584	ILEGYLNT:0.26046511627906976	QVGSTFKP:0.32558139534883723	GSTFKPFV:0.29767441860465116	SAWFVGYT:0.27674418604651163	TQGGSTIT:0.34186046511627904	AGKTGTTD:0.27906976744186046	LNTSYFGR:0.20930232558139536	GYLNTSYF:0.20930232558139536	YLNTSYFG:0.20930232558139536	
