cluster number:11
GT51:156	GT51:156
YGLSLILG:0.5448717948717948	WKTGTSFG:0.7051282051282052	VVGVWVGN:0.32051282051282054	TGTSFGFR:0.28846153846153844	HYGLSLIL:0.4807692307692308	GLSLILGG:0.5448717948717948	GTSFGFRD:0.28846153846153844	KTGTSFGF:0.3269230769230769	AWKTGTSF:0.6858974358974359	IAWKTGTS:0.7371794871794872	YVVGVWVG:0.28846153846153844	GGNVVGLE:0.3076923076923077	TITQQVIR:0.21153846153846154	GSTITQQV:0.21153846153846154	QQVIRLSR:0.36538461538461536	RGGSTITQ:0.20512820512820512	FGGNVVGL:0.5448717948717948	STITQQVI:0.21153846153846154	TQQVIRLS:0.36538461538461536	GGSTITQQ:0.21153846153846154	APFGGNVV:0.6346153846153846	PFGGNVVG:0.6410256410256411	VGNADGEG:0.28205128205128205	NADGEGRP:0.3333333333333333	ADGEGRPG:0.27564102564102566	GVWVGNAD:0.25	VWVGNADG:0.2948717948717949	QVIRLSRK:0.23717948717948717	ITQQVIRL:0.21153846153846154	GNADGEGR:0.36538461538461536	WVGNADGE:0.2948717948717949	TLAVLPNA:0.532051282051282	RSTGSVLK:0.21794871794871795	PFLYAAML:0.21153846153846154	RGGSTLTQ:0.3333333333333333	AMKEVNRP:0.21794871794871795	ATLAVLPN:0.6474358974358975	LAVLPNAP:0.6666666666666666	AVLPNAPS:0.44871794871794873	SHAPFGGN:0.41025641025641024	YASHAPFG:0.3141025641025641	LATRLEFR:0.20512820512820512	KPFLYAAM:0.21153846153846154	VLPNAPSL:0.4230769230769231	LYASHAPF:0.28205128205128205	GGSTLTQQ:0.3333333333333333	LKPFLYAA:0.21153846153846154	LPQIAPHL:0.27564102564102566	LPNAPSLI:0.4230769230769231	HAPFGGNV:0.5192307692307693	PQIAPHLL:0.21153846153846154	STGSVLKP:0.21794871794871795	GGNVVGLD:0.30128205128205127	KIAWKTGT:0.22435897435897437	ASHAPFGG:0.3076923076923077	KTGTSFGN:0.32051282051282054	PSLIYPGK:0.26282051282051283	APRSTGSI:0.21794871794871795	GSILKPFL:0.30128205128205127	RDAWAIGT:0.23717948717948717	APSLIYPG:0.2692307692307692	STGSILKP:0.46794871794871795	ESNLWDLC:0.25	GSTLTQQV:0.28846153846153844	SLILGGAE:0.46153846153846156	RSTGSILK:0.46794871794871795	SLIYPGKN:0.26282051282051283	LGGAESNL:0.36538461538461536	LSLILGGA:0.4551282051282051	NAPSLIYP:0.2692307692307692	TGSILKPF:0.28846153846153844	GGAESNLW:0.36538461538461536	VGVWVGNA:0.4423076923076923	PRSTGSIL:0.42948717948717946	LILGGAES:0.28205128205128205	LIYPGKNQ:0.3269230769230769	PNAPSLIY:0.2692307692307692	AESNLWDL:0.34615384615384615	ILGGAESN:0.30128205128205127	GAESNLWD:0.34615384615384615	AWKTGTSY:0.26282051282051283	SILKPFLY:0.27564102564102566	LAVLPNSP:0.21153846153846154	NVVGLDAA:0.23076923076923078	SGGSTLTM:0.24358974358974358	GGSTLTMQ:0.24358974358974358	VSGGSTLT:0.22435897435897437	VGNATGEG:0.21153846153846154	WVGNATGE:0.21153846153846154	WKTGTSYG:0.27564102564102566	DGEGRPGL:0.27564102564102566	ASDGQWRF:0.21794871794871795	SDGQWRFP:0.20512820512820512	LARSLNIP:0.20512820512820512	ALARSLNI:0.20512820512820512	LTQQVIRL:0.21794871794871795	RSLNIPAV:0.32051282051282054	STLTQQVI:0.2564102564102564	TLTQQVIR:0.2564102564102564	SATLAVLP:0.36538461538461536	SFGFRDAW:0.21153846153846154	FGFRDAWA:0.21153846153846154	TSFGFRDA:0.21153846153846154	SWAESATL:0.28846153846153844	LSWAESAT:0.28846153846153844	WAESATLA:0.28846153846153844	ESATLAVL:0.2948717948717949	AESATLAV:0.28846153846153844	
