cluster number:39
GT51:93	GT51:93
GSTITQQV:0.41935483870967744	QGGSTITQ:0.5698924731182796	TITQQVAK:0.27956989247311825	GGSTITQQ:0.6021505376344086	STITQQVA:0.4946236559139785	QAPSRYSP:0.20430107526881722	KPIIYAAA:0.24731182795698925	AFKPIIYA:0.24731182795698925	PGSAFKPI:0.43010752688172044	RQPGSAFK:0.4838709677419355	AAGKTGTT:0.21505376344086022	VQGGSTIT:0.27956989247311825	GSAFKPII:0.26881720430107525	AGLPQAPS:0.3333333333333333	PAAGKTGT:0.20430107526881722	GLPQAPSR:0.3010752688172043	LPQAPSRY:0.3010752688172043	SAFKPIIY:0.25806451612903225	RPAAGKTG:0.20430107526881722	QPGSAFKP:0.4838709677419355	YLNQIYLG:0.3763440860215054	FKPIIYAA:0.23655913978494625	GAYGVEAA:0.27956989247311825	YGVEAAAR:0.23655913978494625	AYGVEAAA:0.2903225806451613	GKTGTTNN:0.26881720430107525	ASTITQQV:0.3225806451612903	AGKTGTTN:0.5806451612903226	KEGASTIT:0.3118279569892473	GASTITQQ:0.3225806451612903	EGASTITQ:0.3118279569892473	TITQQVAR:0.21505376344086022	VAGKTGTT:0.3118279569892473	GKTGTTND:0.3118279569892473	LAGLPQAP:0.3118279569892473	GRPVAGKT:0.24731182795698925	RPVAGKTG:0.3118279569892473	PVAGKTGT:0.3333333333333333	IYLNQIYL:0.24731182795698925	ILTIYLNQ:0.22580645161290322	EILTIYLN:0.25806451612903225	LAGLPKAP:0.20430107526881722	
