cluster number:132
GT51:24	GT51:24
VLIAEDDK:0.3333333333333333	LYLSPSKN:0.2916666666666667	LAKNLYLS:0.20833333333333334	WGDGIFGI:0.5	IFGIEAAA:0.375	QQLAKNLY:0.25	AILTWRIE:0.3333333333333333	GDGIFGIE:0.375	LAAVLPNP:0.4583333333333333	RLAAVLPN:0.375	SQQLAKNL:0.5416666666666666	NLYLSPSK:0.3333333333333333	DGIFGIEA:0.2916666666666667	LSPSKNPV:0.25	RILELYLN:0.25	YLSPSKNP:0.2916666666666667	IAEDDKFW:0.25	KEAILTWR:0.4166666666666667	KAVLIAED:0.3333333333333333	SPSKNPVR:0.25	AVLIAEDD:0.3333333333333333	AVLPNPIR:0.20833333333333334	IEAAARHY:0.375	KIKEAILT:0.3333333333333333	GIEAAARH:0.375	EAILTWRI:0.3333333333333333	KNLYLSPS:0.2916666666666667	SKNPVRKI:0.20833333333333334	GIFGIEAA:0.4166666666666667	AKNLYLSP:0.20833333333333334	AAVLPNPI:0.3333333333333333	RKIKEAIL:0.3333333333333333	QLAKNLYL:0.25	EWGDGIFG:0.5	PSKNPVRK:0.2916666666666667	EAAARHYY:0.25	AEWGDGIF:0.4583333333333333	IKEAILTW:0.2916666666666667	LIAEDDKF:0.3333333333333333	FGIEAAAR:0.375	AKNLFLSP:0.25	ISQQLAKN:0.5	RILELYVN:0.20833333333333334	LSPSKNPI:0.25	SKRRILEL:0.20833333333333334	NVAEWGDG:0.4166666666666667	VNVAEWGD:0.20833333333333334	GGSTISQQ:0.5	QLAKNLFL:0.4166666666666667	TISQQLAK:0.4583333333333333	VAEWGDGI:0.4166666666666667	YVNVAEWG:0.20833333333333334	STISQQLA:0.4583333333333333	KNLFLSPS:0.25	PSKNPIRK:0.2916666666666667	RRILELYV:0.20833333333333334	TLSKRRIL:0.25	QQLAKNLF:0.3333333333333333	KRRILELY:0.2916666666666667	LFLSPSKN:0.25	SKNPIRKI:0.25	GSTISQQL:0.4166666666666667	LSKRRILE:0.4583333333333333	LAKNLFLS:0.375	SPSKNPIR:0.25	NLFLSPSK:0.25	FLSPSKNP:0.25	ILEIYLNV:0.25	YLNVAEWG:0.2916666666666667	RILEIYLN:0.375	AARLAAVL:0.25	ARLAAVLP:0.25	RRILEIYL:0.25	SKRRILEI:0.25	KRRILEIY:0.3333333333333333	GASTISQQ:0.20833333333333334	
