cluster number:37
GT51:1252	GT51:1252
SSEKTYTR:0.20287539936102236	KTGTTNDA:0.20287539936102236	RHGYRGPE:0.45926517571884984	AEAAMLAG:0.33865814696485624	KFNHVTQA:0.2747603833865815	LPMALGAG:0.21725239616613418	HVTQAWRQ:0.2995207667731629	TITMQVAR:0.560702875399361	RQPGSSFK:0.6238019169329073	KDQILELY:0.22603833865814696	YMNQIYLG:0.3498402555910543	MLAGLPKA:0.40175718849840253	NLVSIRIL:0.2036741214057508	YLPMALGA:0.20447284345047922	WRQPGSSF:0.2963258785942492	GSSFKPFI:0.4512779552715655	QGASTITM:0.40175718849840253	RRHGYRGP:0.22044728434504793	AAMLAGLP:0.3210862619808307	KAPSAYNP:0.33626198083067094	LYMNQIYL:0.22124600638977635	FNHVTQAW:0.2915335463258786	LELYMNQI:0.21166134185303515	STITMQVA:0.8785942492012779	QVARNFFL:0.3514376996805112	AWRQPGSS:0.3075079872204473	GLPKAPSA:0.45686900958466453	NQIYLGQR:0.2787539936102236	AMLAGLPK:0.4033546325878594	FKPFIYSA:0.4560702875399361	MNQIYLGQ:0.20686900958466453	AGLPKAPS:0.7955271565495208	LAGLPKAP:0.4752396166134185	ITMQVARN:0.5455271565495208	MQVARNFF:0.32987220447284343	SEKTYTRK:0.2036741214057508	QPGSSFKP:0.6238019169329073	LPKAPSAY:0.33386581469648563	VARNFFLS:0.2723642172523962	ELYMNQIY:0.21006389776357828	GASTITMQ:0.426517571884984	TMQVARNF:0.46325878594249204	QAWRQPGS:0.4225239616613419	ASTITMQV:0.4185303514376997	PGSSFKPF:0.6206070287539937	VTQAWRQP:0.3706070287539936	ILELYMNQ:0.21405750798722045	SSFKPFIY:0.4472843450479233	RNFFLSSE:0.2036741214057508	TQAWRQPG:0.4033546325878594	EAAMLAGL:0.29233226837060705	LTKDQILE:0.25559105431309903	APSAYNPV:0.22364217252396165	GEFGEERR:0.3538338658146965	LSSEKTYT:0.20287539936102236	GKTGTTND:0.5774760383386581	PKAPSAYN:0.33386581469648563	NHVTQAWR:0.2971246006389776	ARNFFLSS:0.20607028753993611	SFKPFIYS:0.4233226837060703	AEMARAEM:0.2012779552715655	SRNLVSIR:0.3059105431309904	EMARAEMV:0.2012779552715655	KAPSRFNP:0.2012779552715655	IYLGNRAY:0.25878594249201275	QMAMIAGL:0.22763578274760382	YVNKIYLG:0.23482428115015974	LELYVNKI:0.21485623003194887	AQMAMIAG:0.22044728434504793	KRQPGSSF:0.2012779552715655	LGNRAYGI:0.21884984025559107	VNKIYLGN:0.20207667731629392	ELYVNKIY:0.21565495207667731	AMIAGLPK:0.3218849840255591	AGKTGTTN:0.5846645367412141	AKRQPGSS:0.20047923322683706	GKTGTTNE:0.23482428115015974	MIAGLPKA:0.3218849840255591	GSTITMQV:0.46325878594249204	EILLALQI:0.22364217252396165	NKIYLGNR:0.22523961661341854	LLALQIER:0.2220447284345048	GGSTITMQ:0.48322683706070285	KDEILELY:0.20607028753993611	KIYLGNRA:0.22364217252396165	YLGNRAYG:0.2715654952076677	NLVSIRLL:0.2124600638977636	PKAPSRFN:0.2012779552715655	ILLALQIE:0.22364217252396165	IAGKTGTT:0.21805111821086262	EILELYVN:0.213258785942492	MAMIAGLP:0.26118210862619806	LYVNKIYL:0.23482428115015974	TITMQVAK:0.3194888178913738	RNLVSIRL:0.21006389776357828	ITMQVAKN:0.3194888178913738	GLPKAPSR:0.21964856230031948	DIAGKTGT:0.21884984025559107	IAGLPKAP:0.329073482428115	ILELYVNK:0.21485623003194887	QAKRQPGS:0.20607028753993611	LAGKTGTT:0.3514376996805112	PFIYSAAL:0.28434504792332266	KTGTTNDS:0.24440894568690097	DLAGKTGT:0.3586261980830671	SVFANGGY:0.2731629392971246	KPFIYSAA:0.3075079872204473	RAYGFAAA:0.24680511182108625	VFANGGYR:0.28434504792332266	YSVFANGG:0.24600638977635783	AYSVFANG:0.20207667731629392	FANGGYRV:0.2539936102236422	QIYLGQRA:0.23722044728434505	IYLGQRAY:0.24121405750798722	LGQRAYGF:0.24600638977635783	YLGQRAYG:0.24361022364217252	GQRAYGFA:0.21006389776357828	IGEFGEER:0.28514376996805113	LIGEFGEE:0.30431309904153353	VLIGEFGE:0.2563897763578275	
