cluster number:83
GT51:573	GT51:573
ILELYLNE:0.6404886561954625	FKPFVYAA:0.3682373472949389	SAEDKNFY:0.418848167539267	SSFKPFVY:0.4118673647469459	KILELYLN:0.24083769633507854	RQPGSSFK:0.5828970331588132	ASTITQQV:0.7591623036649214	PFVYAAAL:0.34205933682373474	DKILELYL:0.225130890052356	SFKPFVYA:0.31762652705061084	LELYLNEI:0.643979057591623	AGKTGTTN:0.631762652705061	FVYAAALD:0.3106457242582897	QPGSSFKP:0.5776614310645725	PGSSFKPF:0.43455497382198954	KDKILELY:0.24607329842931938	SKDKILEL:0.2338568935427574	GVVQRGTA:0.2774869109947644	GSSFKPFV:0.4118673647469459	GASTITQQ:0.7766143106457243	AFISAEDK:0.2024432809773124	KPFVYAAA:0.41535776614310643	GKTGTTND:0.4677137870855148	ELYLNEIF:0.33158813263525305	YLNEIYLG:0.268760907504363	EGVVQRGT:0.2792321116928447	LYLNEIYL:0.2338568935427574	NLMTVRLA:0.30017452006980805	ITQQVAKN:0.6858638743455497	TITQQVAK:0.6963350785340314	ELYLNEIY:0.24607329842931938	EFNRATQA:0.2949389179755672	AFLSAEDK:0.2443280977312391	QVAKNFLL:0.4397905759162304	LGAGETTV:0.2792321116928447	YEPPVMTR:0.22164048865619546	LIDRIQDR:0.343804537521815	QQVAKNFL:0.4537521815008726	AYLAALPK:0.3403141361256545	STITQQVA:0.743455497382199	SEFNRATQ:0.2949389179755672	LSAEDKNF:0.21291448516579406	VAKNFLLT:0.21291448516579406	PTLIDRIQ:0.2164048865619546	TQQVAKNF:0.4677137870855148	TLIDRIQD:0.24083769633507854	FLSAEDKN:0.20593368237347295	MTAYQITS:0.26352530541012215	FNRATQAM:0.2024432809773124	LYEGGLSV:0.343804537521815	SRNLMTVR:0.38394415357766143	ATQAMRQP:0.22338568935427575	AYQITSMM:0.24956369982547993	TGTTNDEK:0.2006980802792321	LDPMTAYQ:0.2705061082024433	PVGASTIT:0.2094240837696335	VGASTITQ:0.24956369982547993	IDRIQDRY:0.3228621291448517	NGYTPASV:0.23734729493891799	RATQAMRQ:0.22338568935427575	PMTAYQIT:0.2338568935427574	RRNWVIDR:0.2356020942408377	TGRVLAMV:0.3333333333333333	RKIKEAIL:0.26352530541012215	QAMRQPGS:0.2547993019197208	RNWVIDRM:0.23211169284467714	RVLAMVGG:0.3542757417102967	VAGKTGTT:0.2164048865619546	VAKNFLLS:0.21465968586387435	DNGYTPAS:0.2268760907504363	VLAMVGGF:0.31413612565445026	KTGTTNDE:0.20418848167539266	EGGLSVRT:0.28097731239092494	RPVGASTI:0.2094240837696335	GRVLAMVG:0.3542757417102967	LAMVGGFS:0.3106457242582897	DRIQDRYG:0.3333333333333333	RNLMTVRL:0.2547993019197208	DPMTAYQI:0.2356020942408377	TAYQITSM:0.2774869109947644	TQAMRQPG:0.2425828970331588	EAFKPGTG:0.2530541012216405	NRATQAMR:0.22338568935427575	KDAWFVGF:0.20418848167539266	VLDPMTAY:0.26352530541012215	AFKPGTGP:0.2530541012216405	GTTNDEKD:0.2024432809773124	YEGGLSVR:0.34205933682373474	YLAALPKG:0.20767888307155322	ERRLYLPI:0.20767888307155322	LAALPKGP:0.21465968586387435	RILELYLN:0.2181500872600349	RRLYLPIQ:0.21291448516579406	ITSMMEGV:0.2006980802792321	ALDNGYTP:0.2914485165794066	QVLDPMTA:0.2024432809773124	QITSMMEG:0.21465968586387435	YAAALDNG:0.2006980802792321	PHTGRVLA:0.20418848167539266	YQITSMME:0.2111692844677138	HTGRVLAM:0.2024432809773124	AALDNGYT:0.24956369982547993	QILELYLN:0.2111692844677138	ALGAGETT:0.23211169284467714	
