cluster number:112
GT51:55	GT51:55
RGTDQFNR:0.2	STITQQLA:0.6181818181818182	AVRQPGSA:0.23636363636363636	GTDQFNRA:0.2	RQPGSAFK:0.5818181818181818	GRGTDQFN:0.2	DAWFVGYT:0.32727272727272727	GGRGTDQF:0.2	AGKTGTTN:0.36363636363636365	VAGKTGTT:0.2	TITQQLAR:0.23636363636363636	VRQPGSAF:0.23636363636363636	GASTITQQ:0.2	QPGSAFKP:0.6	GKTGTTND:0.3090909090909091	GLKVYTTL:0.2	AWFVGYTP:0.2909090909090909	FVGYTPDL:0.21818181818181817	AAGKTGTT:0.41818181818181815	PGSAFKPF:0.4727272727272727	TQQLAKNA:0.2545454545454545	VGYTPDLV:0.21818181818181817	GRPAAGKT:0.36363636363636365	PAAGKTGT:0.41818181818181815	RPAAGKTG:0.38181818181818183	SAFKPFVY:0.2909090909090909	GSAFKPFV:0.38181818181818183	WFVGYTPD:0.2545454545454545	GSTITQQL:0.4909090909090909	AGKTGTTD:0.2545454545454545	ITQQLAKN:0.2727272727272727	AYGVQAAA:0.2	GGSTITQQ:0.6	EGGSTITQ:0.3090909090909091	GAYGVQAA:0.21818181818181817	TITQQLAK:0.38181818181818183	YLNQIYFG:0.23636363636363636	GYTPDLVA:0.2	RQPGSSFK:0.21818181818181817	FGQGAYGV:0.3090909090909091	QIYFGQGA:0.36363636363636365	IPKSPNYY:0.2	NQIYFGQG:0.36363636363636365	IGRPAAGK:0.3090909090909091	IYFGQGAY:0.36363636363636365	YFGQGAYG:0.36363636363636365	ILELYLNQ:0.2	GQGAYGVQ:0.2	MNQIYFGQ:0.2	YMNQIYFG:0.2	QGGSTITQ:0.2909090909090909	
