cluster number:73
GT51:83	GT51:83
KNVFLWQG:0.39759036144578314	DGRAACFE:0.3493975903614458	TISQQVVK:0.4457831325301205	NVFLWQGR:0.39759036144578314	LEVYLNVA:0.5180722891566265	STISQQVV:0.4457831325301205	ILEVYLNV:0.5060240963855421	SQQVVKNV:0.39759036144578314	SVVAAEDA:0.4819277108433735	ADGRAACF:0.20481927710843373	WTKRRILE:0.26506024096385544	TIRADGRA:0.21686746987951808	RRILEVYL:0.4819277108433735	RSVVAAED:0.4819277108433735	QQVVKNVF:0.30120481927710846	VVKNVFLW:0.27710843373493976	ATIRADGR:0.24096385542168675	TKRRILEV:0.26506024096385544	RGGSTISQ:0.2891566265060241	RILEVYLN:0.5903614457831325	RADGRAAC:0.20481927710843373	VKNVFLWQ:0.26506024096385544	VYLNVAEM:0.21686746987951808	GGSTISQQ:0.3614457831325301	KRRILEVY:0.5060240963855421	AARHYFGV:0.2891566265060241	IRADGRAA:0.20481927710843373	AATIRADG:0.24096385542168675	EAAARHYF:0.25301204819277107	DGAATIRA:0.2289156626506024	FLWQGRSW:0.40963855421686746	LPNPKERS:0.2289156626506024	GAATIRAD:0.24096385542168675	VFLWQGRS:0.3855421686746988	QVVKNVFL:0.30120481927710846	AAARHYFG:0.3132530120481928	EVYLNVAE:0.6024096385542169	GVFGAEAA:0.20481927710843373	RHYFGVGP:0.21686746987951808	ARHYFGVG:0.21686746987951808	GSTISQQV:0.3253012048192771	QIMDGAAT:0.20481927710843373	ISQQVVKN:0.4457831325301205	IMDGAATI:0.24096385542168675	ARSVVAAE:0.24096385542168675	AAEDANFC:0.6626506024096386	VYLNVAEF:0.39759036144578314	VVAAEDAN:0.37349397590361444	IAPVMARS:0.21686746987951808	VAAEDANF:0.6506024096385542	EFDEGVFG:0.26506024096385544	YLNVAEFD:0.25301204819277107	AEFDEGVF:0.25301204819277107	AVAAEDAN:0.25301204819277107	RGASTISQ:0.21686746987951808	WSKRRILE:0.21686746987951808	GASTISQQ:0.30120481927710846	RSWPRKAL:0.21686746987951808	ARLAAILP:0.20481927710843373	SWPRKALE:0.21686746987951808	LWQGRSWP:0.2289156626506024	QGRSWPRK:0.2289156626506024	WQGRSWPR:0.2289156626506024	GRSWPRKA:0.2289156626506024	
