cluster number:60
GT51:376	GT51:376
STITQQLA:0.5345744680851063	PNLVTGVW:0.22606382978723405	SDGWFMGM:0.2047872340425532	VPNLVTGV:0.2154255319148936	GTTQNQSD:0.22872340425531915	AGKTGTTQ:0.3324468085106383	ASTITQQL:0.22340425531914893	NLVTGVWV:0.23670212765957446	QNQSDGWF:0.24202127659574468	NQSDGWFM:0.21010638297872342	IYTTIDSR:0.24468085106382978	GQGATMAL:0.2047872340425532	LVTGVWVG:0.30319148936170215	QGATMALP:0.2047872340425532	GASTITQQ:0.22340425531914893	IAGKTGTT:0.39361702127659576	TTQNQSDG:0.22872340425531915	KTGTTQNQ:0.22606382978723405	TGTTQNQS:0.22606382978723405	TQNQSDGW:0.22872340425531915	GKTGTTQN:0.4095744680851064	QSDGWFMG:0.21010638297872342	TTIDSRMQ:0.2712765957446808	TFKPFVYA:0.3670212765957447	ATEDERFY:0.21010638297872342	VGSTFKPF:0.2925531914893617	ATYFREYL:0.20212765957446807	KPFVYATA:0.28191489361702127	TYFREYLR:0.20212765957446807	STFKPFVY:0.4946808510638298	DGLKIYTT:0.40425531914893614	QVGSTFKP:0.30319148936170215	GLKIYTTI:0.3776595744680851	GSTFKPFV:0.4946808510638298	LKIYTTID:0.300531914893617	YTTIDSRM:0.24202127659574468	PFVYATAI:0.28191489361702127	RQVGSTFK:0.300531914893617	KIYTTIDS:0.26063829787234044	NPIAGKTG:0.2553191489361702	PIAGKTGT:0.26063829787234044	FKPFVYAT:0.2845744680851064	GSTITQQL:0.324468085106383	IKAWVGGI:0.27925531914893614	GGGSTITQ:0.27925531914893614	NSDGWFMG:0.20212765957446807	GGSTITQQ:0.324468085106383	KAWVGGIN:0.27393617021276595	TITQQLAK:0.4654255319148936	KRQVGSTF:0.2047872340425532	IEDKNGTV:0.20212765957446807	EDKNGTVL:0.20212765957446807	STISQQLA:0.2154255319148936	
