cluster number:128
GT51:53	GT51:53
PNNPSLYN:0.41509433962264153	GSTITQQL:0.7547169811320755	FLAAIPNN:0.37735849056603776	QGGSTITQ:0.7358490566037735	AAIPNNPS:0.49056603773584906	STITQQLV:0.4716981132075472	AFLAAIPN:0.37735849056603776	PGSAIKPI:0.20754716981132076	GGSTITQQ:0.7735849056603774	NNPSLYNP:0.41509433962264153	SYRQPGSA:0.20754716981132076	GSAIKPIL:0.20754716981132076	LAAIPNNP:0.4716981132075472	QPGSAIKP:0.4716981132075472	YRQPGSAI:0.3018867924528302	AIPNNPSL:0.6226415094339622	IPNNPSLY:0.6226415094339622	RQPGSAIK:0.4716981132075472	STITQQLA:0.2830188679245283	AYTSFIDG:0.24528301886792453	GGKTGTTN:0.2830188679245283	TITQQLAR:0.2830188679245283	NPSLYNPL:0.2830188679245283	EKTYERKL:0.22641509433962265	ITQQLVRM:0.2641509433962264	SQGGSTIT:0.24528301886792453	RQPGSAFK:0.24528301886792453	KTGTTNDY:0.22641509433962265	TITQQLVR:0.2830188679245283	PGSAFKPL:0.20754716981132076	YFSNQVYG:0.20754716981132076	LGGLTYGV:0.20754716981132076	TQQLVRMR:0.2641509433962264	GAKTGTTN:0.2641509433962264	SNQVYGIG:0.22641509433962265	QQLVRMRY:0.2641509433962264	GGLTYGVT:0.20754716981132076	QPGSAFKP:0.24528301886792453	FSNQVYGI:0.20754716981132076	QLVRMRYL:0.2641509433962264	GKTGTTND:0.24528301886792453	PNNPSLYD:0.24528301886792453	GSAIKPLL:0.22641509433962265	SAIKPLLV:0.20754716981132076	PGSAIKPL:0.24528301886792453	NNPSLYDP:0.24528301886792453	AIKPLLVY:0.20754716981132076	KPLLVYAP:0.20754716981132076	QVYGIGGA:0.20754716981132076	NQVYGIGG:0.20754716981132076	VYGIGGAA:0.20754716981132076	
