cluster number:54
GT51:166	GT51:166
VAGGSTIS:0.3433734939759036	ISQQLAKN:0.6686746987951807	AGGSTISQ:0.5481927710843374	QQLAKNLF:0.8795180722891566	SKRRILEV:0.23493975903614459	RILEVYLN:0.25903614457831325	SQQLAKNL:0.8012048192771084	GGSTISQQ:0.6987951807228916	TISQQLAK:0.6686746987951807	QLAKNLFL:0.8614457831325302	KRRILEVY:0.28313253012048195	GSTISQQL:0.6987951807228916	WSKRRILE:0.2289156626506024	LAKNLFLS:0.3192771084337349	STISQQLA:0.6686746987951807	GVFGAEAA:0.3493975903614458	VFGAEAAA:0.21084337349397592	WMMERMWS:0.21686746987951808	ATWMMERM:0.22289156626506024	MMERMWSK:0.2289156626506024	TWMMERMW:0.22289156626506024	YLNVIEWG:0.20481927710843373	FGAEAAAR:0.21084337349397592	
