cluster number:103
GT51:56	GT51:56
LTQQYVER:0.23214285714285715	QGGSTLTQ:0.25	AWFVGYTP:0.2857142857142857	YLNTIYFG:0.8214285714285714	QQYVERYY:0.25	TLTQQYVE:0.25	STLTQQYV:0.26785714285714285	GGSTLTQQ:0.25	LNTIYFGR:0.8214285714285714	TQQYVERY:0.23214285714285715	GSTLTQQY:0.25	VAGKTGTS:0.32142857142857145	IYFGRGAY:0.2857142857142857	NTIYFGRG:0.44642857142857145	YFGRGAYG:0.2857142857142857	TIYFGRGA:0.4107142857142857	WFVGYTPQ:0.25	FVGYTPQL:0.25	QGGSTITQ:0.25	AFKPYVLA:0.23214285714285715	SAFKPYVL:0.23214285714285715	AGKTGTTD:0.21428571428571427	QYLNTIYF:0.26785714285714285	GSTITQQM:0.2857142857142857	GGSTITQQ:0.3392857142857143	EQYLNTIY:0.21428571428571427	DGRPVAGK:0.23214285714285715	GRPVAGKT:0.25	RPVAGKTG:0.4107142857142857	PVAGKTGT:0.42857142857142855	STITQQMA:0.21428571428571427	TITQQMAR:0.21428571428571427	
