cluster number:97
GT51:39	GT51:39
FYAENRIV:0.23076923076923078	QGASTLTQ:0.48717948717948717	AAGKTGTT:0.2564102564102564	LEGYLNIA:0.28205128205128205	LTQQYVRN:0.20512820512820512	GRPAAGKT:0.28205128205128205	ASTLTQQY:0.5128205128205128	PAAGKTGT:0.358974358974359	ANAYATFA:0.20512820512820512	QILEGYLN:0.20512820512820512	STLTQQYV:0.5641025641025641	GASTLTQQ:0.5384615384615384	TLTQQYVR:0.20512820512820512	EDQRFYQH:0.20512820512820512	RPAAGKTG:0.3333333333333333	ENRIVVPL:0.20512820512820512	YAENRIVV:0.2564102564102564	MANAYATF:0.20512820512820512	ILEGYLNI:0.28205128205128205	GGRPAAGK:0.20512820512820512	QQYVKNAL:0.23076923076923078	STFKIFTL:0.20512820512820512	GYTPQLAT:0.23076923076923078	YLNLAQFG:0.23076923076923078	ITQQYVKN:0.28205128205128205	GSTFKIFT:0.20512820512820512	TQQYVKNA:0.23076923076923078	RKLREAKL:0.20512820512820512	TQQYVKNV:0.358974358974359	LREAKLAI:0.20512820512820512	YLNIAQFG:0.2564102564102564	LTQQYVKN:0.358974358974359	TLTQQYVK:0.358974358974359	QYVKNVLI:0.3333333333333333	AATIAGIT:0.23076923076923078	QQYVKNVL:0.3333333333333333	KLREAKLA:0.20512820512820512	SSVEPGTG:0.23076923076923078	LSSVEPGT:0.23076923076923078	AAGKTGTA:0.20512820512820512	WFVGYTPQ:0.20512820512820512	ALSSVEPG:0.23076923076923078	FVGYTPQL:0.20512820512820512	YTPQLATA:0.20512820512820512	AIEDERFY:0.20512820512820512	AGKTGTAN:0.23076923076923078	VGYTPQLA:0.20512820512820512	TITQQYVK:0.23076923076923078	STITQQYV:0.3076923076923077	FFCDYVTK:0.20512820512820512	VEPGTGKI:0.23076923076923078	
