cluster number:23
AA1:31	AA1_3:28|AA1:3|1.10.3.2:2
LINGKMNF:0.2903225806451613	VIANDFVP:0.45161290322580644	GHTMTVIA:0.22580645161290322	KTHRLRLI:0.45161290322580644	QRFSIDGH:0.3870967741935484	NLINGKMN:0.3548387096774194	PLIEANWG:0.4838709677419355	RFSIDGHT:0.22580645161290322	FPGPLIEA:0.3225806451612903	YDIDLGPV:0.22580645161290322	SDNNLING:0.3225806451612903	THRLRLIN:0.45161290322580644	FSIDGHTM:0.25806451612903225	PGPLIEAN:0.3548387096774194	NNLINGKM:0.2903225806451613	IANDFVPV:0.3225806451612903	LYGTSWYH:0.2903225806451613	TMTVIAND:0.2903225806451613	TVIANDFV:0.41935483870967744	DNNLINGK:0.41935483870967744	YSAQYAGG:0.22580645161290322	HTMTVIAN:0.2903225806451613	LIEANWGD:0.4838709677419355	GKTHRLRL:0.5806451612903226	GPLIEANW:0.3548387096774194	IDGHTMTV:0.22580645161290322	HYSAQYAG:0.22580645161290322	DGHTMTVI:0.22580645161290322	MTVIANDF:0.41935483870967744	TGKTHRLR:0.2903225806451613	MHLHGFNM:0.22580645161290322	VAETCRQW:0.25806451612903225	GVGQRTDV:0.25806451612903225	NSPTLLLS:0.25806451612903225	GDTIQVTV:0.25806451612903225	VTLGVGQR:0.3548387096774194	PQRRDVVQ:0.22580645161290322	WGDTIQVT:0.25806451612903225	HPMHLHGF:0.22580645161290322	EANWGDTI:0.3870967741935484	ANWGDTIQ:0.25806451612903225	YNSPTLLL:0.22580645161290322	LGVGQRTD:0.2903225806451613	NWGDTIQV:0.25806451612903225	VGQRTDVL:0.22580645161290322	NPQRRDVV:0.22580645161290322	GQRTDVLV:0.41935483870967744	VVAETCRQ:0.25806451612903225	HSHYSAQY:0.45161290322580644	SDWYHKEY:0.25806451612903225	VVTLGVGQ:0.3548387096774194	IEANWGDT:0.45161290322580644	SHPMHLHG:0.22580645161290322	WYHSHYSA:0.45161290322580644	AETCRQWG:0.25806451612903225	YHSHYSAQ:0.4838709677419355	HLHGFNMY:0.25806451612903225	TLGVGQRT:0.25806451612903225	PMHLHGFN:0.22580645161290322	PMHLHGHN:0.25806451612903225	HPMHLHGH:0.41935483870967744	RLRLINAG:0.3548387096774194	HRLRLINA:0.3225806451612903	ADLYGTSW:0.25806451612903225	PWEDGVPG:0.25806451612903225	GPLVIYGP:0.22580645161290322	HIAWHVSA:0.22580645161290322	PNVVAETC:0.22580645161290322	GVWPFHCH:0.41935483870967744	HCHIAWHV:0.3225806451612903	TPNGYPWS:0.22580645161290322	VTLGIGQR:0.25806451612903225	VVTLGIGQ:0.25806451612903225	PFHCHIAW:0.3870967741935484	ILVNGQFP:0.22580645161290322	PNGYPWST:0.22580645161290322	VWPFHCHI:0.3548387096774194	FHCHIAWH:0.41935483870967744	LSDWYHKE:0.22580645161290322	WPFHCHIA:0.3870967741935484	DGVPGVTQ:0.22580645161290322	GVPGVTQC:0.22580645161290322	PTPNGYPW:0.22580645161290322	PGVWPFHC:0.3870967741935484	AGISKFRF:0.25806451612903225	CHIAWHVS:0.3225806451612903	NPGVWPFH:0.3548387096774194	NVVAETCR:0.22580645161290322	NAGISKFR:0.22580645161290322	IPNVVAET:0.22580645161290322	NPTPNGYP:0.22580645161290322	IAWHVSAG:0.22580645161290322	GHLVIQFD:0.25806451612903225	AHPMHLHG:0.25806451612903225	SWYHSHYS:0.3548387096774194	YGTSWYHS:0.3225806451612903	GTSWYHSH:0.3225806451612903	TSWYHSHY:0.3225806451612903	ALAAIYYD:0.25806451612903225	
