cluster number:33
AA1:130	AA1:130
EFVTQCPI:0.2	CQGPNGTR:0.25384615384615383	DYTGNVSR:0.26153846153846155	GPEFVTQC:0.2	LKYGSRVQ:0.23846153846153847	NVTIHWHG:0.27692307692307694	YKLKYGSR:0.23076923076923078	RTGWADGP:0.25384615384615383	EGTLWWHA:0.25384615384615383	DGPEFVTQ:0.2	GPNGTRFT:0.2692307692307692	PEFVTQCP:0.2	RCQGPNGT:0.24615384615384617	TGNVSRSL:0.25384615384615383	FRARRCQG:0.23076923076923078	NFRARRCQ:0.23076923076923078	RRCQGPNG:0.2230769230769231	GTRFTASM:0.2692307692307692	LRATVYGA:0.2	FDYTGNVS:0.26153846153846155	TLWWHAHS:0.2230769230769231	ARRCQGPN:0.2230769230769231	RFTASMNN:0.2923076923076923	QGPNGTRF:0.25384615384615383	YNVTIHWH:0.2692307692307692	GTLWWHAH:0.26153846153846155	KLKYGSRV:0.23076923076923078	TQCPIRPG:0.33076923076923076	RARRCQGP:0.2230769230769231	NGTRFTAS:0.27692307692307694	GWADGPEF:0.2	PNGTRFTA:0.2692307692307692	GLGLNNCP:0.23846153846153847	YTGNVSRS:0.25384615384615383	QCPIRPGG:0.2076923076923077	TRFTASMN:0.2846153846153846	QEGTLWWH:0.26153846153846155	ENLFFTIG:0.23846153846153847	NLFFTIGL:0.23846153846153847	LFFTIGLG:0.24615384615384617	IDENLFFT:0.23846153846153847	GTKLYKLK:0.24615384615384617	DENLFFTI:0.23846153846153847	HPIHLHGY:0.3076923076923077	PKNFRARR:0.2230769230769231	ASLLQAYK:0.2230769230769231	SMNNVSFV:0.2692307692307692	MNNVSFVF:0.23076923076923078	SLFQPARG:0.2230769230769231	LNNCPKNF:0.2230769230769231	FTIGLGLN:0.23076923076923078	FTASMNNV:0.25384615384615383	SFVFPSKA:0.2230769230769231	TSIVTPEN:0.24615384615384617	CPKNFRAR:0.2230769230769231	KNFRARRC:0.2230769230769231	FPSKASLL:0.2230769230769231	QPARGTKL:0.2230769230769231	LGLNNCPK:0.2230769230769231	PENHPIHL:0.24615384615384617	TVTAFSRS:0.2	KLYKLKYG:0.2230769230769231	NNCPKNFR:0.2230769230769231	GLNNCPKN:0.2230769230769231	VPTDIDEN:0.2230769230769231	TTDFPAKP:0.2230769230769231	TDIDENLF:0.2230769230769231	NVSRSLFQ:0.2230769230769231	FTTDFPAK:0.2230769230769231	PGVFTTDF:0.25384615384615383	IVTPENHP:0.24615384615384617	VFPSKASL:0.2230769230769231	LYKLKYGS:0.2230769230769231	IPGVFTTD:0.25384615384615383	DIDENLFF:0.2230769230769231	KFDYTGNV:0.23846153846153847	FVFPSKAS:0.2230769230769231	TASMNNVS:0.25384615384615383	FQPARGTK:0.2230769230769231	ENHPIHLH:0.27692307692307694	FFTIGLGL:0.23076923076923078	VKFDYTGN:0.23076923076923078	SKASLLQA:0.2230769230769231	VLQDTSIV:0.2692307692307692	TPENHPIH:0.24615384615384617	PTDIDENL:0.2230769230769231	DTSIVTPE:0.24615384615384617	LQDTSIVT:0.26153846153846155	GVFTTDFP:0.3076923076923077	ARGTKLYK:0.2230769230769231	NCPKNFRA:0.2230769230769231	NHPIHLHG:0.27692307692307694	ASMNNVSF:0.27692307692307694	VSRSLFQP:0.2230769230769231	VFTTDFPA:0.23846153846153847	NNVSFVFP:0.23076923076923078	VSFVFPSK:0.2230769230769231	SLLQAYKQ:0.2230769230769231	PSKASLLQ:0.2230769230769231	TKLYKLKY:0.2230769230769231	NVSFVFPS:0.2230769230769231	VTPENHPI:0.24615384615384617	GNVSRSLF:0.2230769230769231	RGTKLYKL:0.2230769230769231	SRSLFQPA:0.2230769230769231	QDTSIVTP:0.24615384615384617	LFQPARGT:0.2230769230769231	RSLFQPAR:0.2230769230769231	PARGTKLY:0.2230769230769231	TIGLGLNN:0.23076923076923078	SIVTPENH:0.24615384615384617	KASLLQAY:0.2230769230769231	IGLGLNNC:0.23076923076923078	PLPAYNDT:0.2076923076923077	PPLPAYND:0.2	PIHLHGYD:0.25384615384615383	LHGYDFYI:0.25384615384615383	HLHGYDFY:0.25384615384615383	IHLHGYDF:0.25384615384615383	
