cluster number:4
GH75:42	GH75:42|CBM13:1|3.2.1.132:1|CBM35:1
TAFHQSDG:0.4523809523809524	IKGGGVVA:0.5714285714285714	WYQDDTAF:0.23809523809523808	GIKGGGVV:0.5714285714285714	KVEYAVVG:0.35714285714285715	KIIGEASY:0.4523809523809524	SNGKYKTD:0.38095238095238093	WKADMDVD:0.21428571428571427	VCGKNGAV:0.42857142857142855	VTYILFKN:0.35714285714285715	MDVDCDGQ:0.21428571428571427	NSKVSPIE:0.23809523809523808	AFHQSDGK:0.40476190476190477	AGIKGGGV:0.42857142857142855	AVFWKADM:0.8571428571428571	VEYAVVGD:0.4523809523809524	SAADLLAK:0.2619047619047619	PVCGKNGA:0.42857142857142855	DSGVTYIL:0.23809523809523808	IESHSAAV:0.2619047619047619	KGGGVVAV:0.4523809523809524	ADMDVDCD:0.2619047619047619	YKTDDETS:0.21428571428571427	SAGIKGGG:0.21428571428571427	VVGDTGPT:0.38095238095238093	KNGAVFWK:0.42857142857142855	KALGIDPD:0.21428571428571427	IGEASYAT:0.7142857142857143	DDTAFHQS:0.42857142857142855	QEGSVSAA:0.2857142857142857	QISNGKYK:0.23809523809523808	FKNSKVSP:0.23809523809523808	NKVEYAVV:0.35714285714285715	GVTYILFK:0.35714285714285715	GGVVAVIY:0.42857142857142855	GAVFWKAD:0.7142857142857143	GGGVVAVI:0.4523809523809524	SYATAKAL:0.35714285714285715	SCSQISNG:0.23809523809523808	GKNGAVFW:0.42857142857142855	ASYATAKA:0.35714285714285715	YAVVGDTG:0.6666666666666666	ALGIDPDP:0.40476190476190477	DMDVDCDG:0.2619047619047619	DPWYQDDT:0.2857142857142857	EYAVVGDT:0.47619047619047616	AADLLAKV:0.23809523809523808	SQISNGKY:0.23809523809523808	CGKNGAVF:0.42857142857142855	SPIESHSA:0.2619047619047619	AVVGDTGP:0.6666666666666666	EASYATAK:0.42857142857142855	CSQISNGK:0.23809523809523808	TAKALGID:0.21428571428571427	LGIDPDPE:0.2857142857142857	SGVTYILF:0.35714285714285715	FWKADMDV:0.21428571428571427	KTDDETSA:0.21428571428571427	VSAADLLA:0.23809523809523808	VSPIESHS:0.21428571428571427	YQDDTAFH:0.23809523809523808	KADMDVDC:0.23809523809523808	PWYQDDTA:0.2619047619047619	IIGEASYA:0.8809523809523809	ISNGKYKT:0.23809523809523808	ATAKALGI:0.35714285714285715	KYKTDDET:0.23809523809523808	VFWKADMD:0.8809523809523809	GEASYATA:0.7142857142857143	YATAKALG:0.35714285714285715	QDDTAFHQ:0.42857142857142855	KNSKVSPI:0.23809523809523808	GKYKTDDE:0.23809523809523808	PIESHSAA:0.2619047619047619	AKALGIDP:0.21428571428571427	LPYVVVPS:0.6190476190476191	TYILFKNS:0.35714285714285715	NGAVFWKA:0.6190476190476191	VPVCGKNG:0.38095238095238093	DTAFHQSD:0.4523809523809524	IDPDPETG:0.23809523809523808	KLPYVVVP:0.35714285714285715	TAAQLLAK:0.21428571428571427	TDPWFQDD:0.2857142857142857	GIDPDPET:0.23809523809523808	DMDIDCDG:0.7142857142857143	HQSDGKPL:0.4523809523809524	MDIDCDGQ:0.6428571428571429	DPWFQDDT:0.2619047619047619	FWKADMDI:0.6666666666666666	ADMDIDCD:0.7142857142857143	DPDPETGG:0.23809523809523808	KADMDIDC:0.6666666666666666	FHQSDGKP:0.4523809523809524	DTDPWFQD:0.23809523809523808	GVVAVIYN:0.40476190476190477	WKADMDID:0.6666666666666666	DEETSATV:0.21428571428571427	VAVIYNNK:0.38095238095238093	YRTDEETS:0.2619047619047619	YNNKVEYA:0.3333333333333333	RTDEETSA:0.2619047619047619	AVIYNNKV:0.47619047619047616	TSATVPVC:0.38095238095238093	IYNNKVEY:0.30952380952380953	EETSATVP:0.21428571428571427	ETSATVPV:0.38095238095238093	VIYNNKVE:0.30952380952380953	GKYRTDEE:0.23809523809523808	TDEETSAT:0.2857142857142857	SATVPVCG:0.38095238095238093	KYRTDEET:0.23809523809523808	VVAVIYNN:0.40476190476190477	NNKVEYAV:0.3333333333333333	IDCDGQRT:0.3333333333333333	DIDCDGQR:0.3333333333333333	TGGADSGV:0.23809523809523808	ATVPVCGK:0.35714285714285715	TVPVCGKN:0.35714285714285715	GADSGVTY:0.2857142857142857	GGADSGVT:0.2857142857142857	GGVDSGVT:0.23809523809523808	GVDSGVTY:0.23809523809523808	TDDETSAT:0.21428571428571427	
