cluster number:1
GH75:44	GH75:44
DRVRYAVV:0.3409090909090909	MRVQSLTL:0.38636363636363635	ADLDIDCD:0.2727272727272727	IGEASYAA:0.5	ERLPYVVV:0.29545454545454547	AVFWKADL:0.2727272727272727	ADIPVCGT:0.20454545454545456	GVTYIVFK:0.5454545454545454	VAASAALL:0.2727272727272727	LVAASAAL:0.3181818181818182	CDGRPGDR:0.20454545454545456	VTYIVFKG:0.20454545454545456	GRPGDRCN:0.20454545454545456	PLDAERLP:0.22727272727272727	SLTLVAAS:0.29545454545454547	AASAALLA:0.29545454545454547	GEASYAAA:0.5227272727272727	WKADLDID:0.25	IDCDGRPG:0.2727272727272727	PADIPVCG:0.25	AERLPYVV:0.29545454545454547	DLIGEASY:0.25	QSLTLVAA:0.3409090909090909	DCDGRPGD:0.22727272727272727	SGVTYIVF:0.5909090909090909	LDAERLPY:0.29545454545454547	DAVFWKAD:0.29545454545454547	AVVGDVGP:0.36363636363636365	AALLAPTT:0.25	YAVVGDVG:0.36363636363636365	DGRPGDRC:0.20454545454545456	HGDRVRYA:0.2727272727272727	VRYAVVGD:0.4318181818181818	VQSLTLVA:0.3181818181818182	DIDCDGRP:0.4090909090909091	VFWKADLD:0.3181818181818182	RYAVVGDV:0.29545454545454547	RVRYAVVG:0.4318181818181818	ASAALLAP:0.29545454545454547	RLPYVVVP:0.29545454545454547	SAALLAPT:0.25	VHGDRVRY:0.22727272727272727	RVQSLTLV:0.3181818181818182	KADLDIDC:0.25	TLVAASAA:0.29545454545454547	DLDIDCDG:0.2727272727272727	LTLVAASA:0.29545454545454547	LIGEASYA:0.29545454545454547	DAERLPYV:0.2727272727272727	GDRVRYAV:0.2727272727272727	VTYIVFKD:0.3181818181818182	YAVVGDTG:0.4772727272727273	TYIVFKDS:0.22727272727272727	AFQQSDGR:0.25	RVQYAVVG:0.3181818181818182	ATVPVCGT:0.22727272727272727	HGVRGGSV:0.20454545454545456	AVVGDTGP:0.5	DMDIDCDG:0.36363636363636365	PATVPVCG:0.20454545454545456	DRVQYAVV:0.22727272727272727	DIIGEASY:0.22727272727272727	VQYAVVGD:0.3181818181818182	IIGEASYA:0.45454545454545453	MDIDCDGR:0.29545454545454547	QYAVVGDT:0.3181818181818182	GEASYATA:0.4090909090909091	ADMDIDCD:0.36363636363636365	IGEASYAT:0.4090909090909091	TAFQQSDG:0.29545454545454547	DLDVDCDG:0.3409090909090909	PVSRGRYR:0.25	SDVTYIVF:0.22727272727272727	DVDCDGRP:0.29545454545454547	VYWKADLD:0.2727272727272727	ADLDVDCD:0.3409090909090909	VRAADLLA:0.22727272727272727	AVYWKADL:0.25	LDVDCDGR:0.3181818181818182	GRYRSDAG:0.22727272727272727	YWKADLDV:0.20454545454545456	KADLDVDC:0.3409090909090909	WKADLDVD:0.3409090909090909	RGGSVAAV:0.4090909090909091	VVGDTGPR:0.29545454545454547	VRGGSVAA:0.3181818181818182	SRGRYRTD:0.20454545454545456	PVCGTRDA:0.22727272727272727	AGAALLAP:0.20454545454545456	GVRGGSVA:0.29545454545454547	GGSVAAVV:0.36363636363636365	VCGTRDAV:0.25	AVFWKADM:0.20454545454545456	PSGVTYIV:0.22727272727272727	KADMDIDC:0.25	VFWKADMD:0.20454545454545456	FWKADMDI:0.20454545454545456	WKADMDID:0.22727272727272727	ASYATARG:0.20454545454545456	YATARGLG:0.20454545454545456	EASYATAR:0.22727272727272727	ATARGLGI:0.20454545454545456	SYATARGL:0.20454545454545456	GSVAAVVY:0.20454545454545456	
