cluster number:79
GH3:60	GH3:60|3.2.1.21:4
RIAESLGE:0.23333333333333334	GRIAESLG:0.23333333333333334	IFPIPLGQ:0.4666666666666667	RWTFAPMI:0.26666666666666666	TLEEKIGQ:0.3	KTIFPIPL:0.4666666666666667	AESLGEDP:0.23333333333333334	VGIRWTFA:0.2	IAESLGED:0.23333333333333334	IPLGQAAS:0.45	WGRIAESL:0.23333333333333334	EESILSGE:0.2	TIFPIPLG:0.6	FPIPLGQA:0.5	TFAPMIDI:0.3	GEESILSG:0.2	IRWTFAPM:0.48333333333333334	WTFAPMID:0.4166666666666667	PIPLGQAA:0.5166666666666667	RWGRIAES:0.4666666666666667	GIRWTFAP:0.48333333333333334	SVTRPVKE:0.3	HPGTMGGP:0.43333333333333335	DPRWGRIA:0.38333333333333336	LVIMAGRP:0.2	PRWGRIAE:0.38333333333333336	KHFAGYGA:0.2	EEAILSGE:0.5166666666666667	ESRLGIPL:0.38333333333333336	PGTMGGPA:0.43333333333333335	TRPVKELK:0.4	EAILSGEA:0.48333333333333334	IAACAKHF:0.2	GRDVIHGF:0.3333333333333333	CAKHFAGY:0.2	VGEEAILS:0.21666666666666667	AWHPGTMG:0.2	ACAKHFAG:0.2	RDPRWGRI:0.35	ILSGEAHC:0.3333333333333333	SRLGIPLL:0.36666666666666664	AACAKHFA:0.2	GSVTRPVK:0.21666666666666667	GEEAILSG:0.5166666666666667	WHPGTMGG:0.25	IGRDVIHG:0.21666666666666667	AILSGEAH:0.4666666666666667	LRNVYLPP:0.3333333333333333	VTRPVKEL:0.3333333333333333	RNVYLPPF:0.3333333333333333	SRDPRWGR:0.2	SIAACAKH:0.2	LGTWIFDG:0.25	QRIAVEES:0.2	AMVRGFQG:0.2	DGFVVSDW:0.36666666666666664	QLGTWIFD:0.26666666666666666	LGQAASFN:0.2833333333333333	PFGYGLSY:0.4	EESRLGIP:0.31666666666666665	FPFGYGLS:0.21666666666666667	GQAASFNP:0.2833333333333333	PLGQAASF:0.31666666666666665	FDGFVVSD:0.35	LFPFGYGL:0.21666666666666667	GYGAAEGG:0.45	AAEGGRDY:0.4666666666666667	PLFPFGYG:0.23333333333333334	GAAEGGRD:0.4666666666666667	AEGGRDYN:0.4166666666666667	YGAAEGGR:0.4666666666666667	EGGRDYNS:0.35	RDVIHGFK:0.45	DVIHGFKT:0.45	KHFVGYGA:0.3333333333333333	WTFAPMLD:0.26666666666666666	TFAPMLDI:0.25	TSFNDNDG:0.31666666666666665	MTLEEKIG:0.2833333333333333	MAGRPLTI:0.26666666666666666	VGYGAAEG:0.31666666666666665	VRNILRIK:0.23333333333333334	LYSFHPGT:0.23333333333333334	LSGEAHCL:0.21666666666666667	AGRPLTIG:0.21666666666666667	FHPGTMGG:0.31666666666666665	GTMGGPAL:0.26666666666666666	ELAFWNID:0.2	VMAGRPLT:0.25	IHGFKTIF:0.4	ATFMTSFN:0.21666666666666667	YSFHPGTM:0.23333333333333334	HFVGYGAA:0.3	ESAILLKN:0.2833333333333333	AVRNILRI:0.2	MTSFNDND:0.31666666666666665	HGFKTIFP:0.4166666666666667	TMGGPALA:0.21666666666666667	FKTIFPIP:0.4166666666666667	ARDPRWGR:0.26666666666666666	GYGLSYTT:0.2833333333333333	GVDMEMVS:0.23333333333333334	GGRDYNST:0.31666666666666665	EKIGQMNQ:0.26666666666666666	GFKTIFPI:0.4166666666666667	VNAGVDME:0.2	ARDVIHGF:0.23333333333333334	FVGYGAAE:0.3	AGVDMEMV:0.25	LEEKIGQM:0.2	EAGQTSLG:0.23333333333333334	VYLPPFEA:0.21666666666666667	LAFWNIDM:0.2	YGLSYTTF:0.2833333333333333	FGYGLSYT:0.3333333333333333	NAGVDMEM:0.25	GFQGDSLN:0.23333333333333334	EEKIGQMN:0.2	VIHGFKTI:0.38333333333333336	SGEAHCLA:0.21666666666666667	SFHPGTMG:0.23333333333333334	QAASFNPQ:0.23333333333333334	GSILNEVD:0.2	PMLDIARD:0.2	GLFENPYV:0.2	ILSGEAHS:0.3	NAVRNILR:0.21666666666666667	SAILLKND:0.23333333333333334	DNAVRNIL:0.21666666666666667	RPVKELKR:0.21666666666666667	PVKELKRF:0.2	
