cluster number:48
GH3:109	GH3:109|GH89:1|3.2.1.21:1|3.2.1.37:1
PFGFGLSY:0.4036697247706422	YPFGFGLS:0.23853211009174313	EETYGEDP:0.3486238532110092	LYPFGFGL:0.23853211009174313	RMTLEEKV:0.3394495412844037	FGFGLSYT:0.4036697247706422	GDEVVQLY:0.44954128440366975	LFGDVNPG:0.25688073394495414	RWGRIEET:0.6055045871559633	GEMGVAAV:0.26605504587155965	EIDGVPSH:0.3944954128440367	PRWGRIEE:0.5871559633027523	IARDPRWG:0.30275229357798167	VMASYNEI:0.26605504587155965	SHANRWLL:0.24770642201834864	KPSARRGY:0.3211009174311927	GQPESGTN:0.21100917431192662	DIARDPRW:0.30275229357798167	TGHGQPES:0.25688073394495414	ASYNEIDG:0.30275229357798167	GRIEETYG:0.23853211009174313	GHGQPESG:0.27522935779816515	VVDIARDP:0.26605504587155965	SARRGYLF:0.23853211009174313	VDIARDPR:0.26605504587155965	KFRAGLFE:0.22935779816513763	PSHANRWL:0.24770642201834864	RENFFPPF:0.25688073394495414	LKFRAGLF:0.2018348623853211	IDGVPSHA:0.25688073394495414	NEIDGVPS:0.3944954128440367	ARDPRWGR:0.5779816513761468	SYNEIDGV:0.4036697247706422	YNEIDGVP:0.3944954128440367	NPGGKLPV:0.29357798165137616	RIEETYGE:0.23853211009174313	RDPRWGRI:0.4954128440366973	PLYPFGFG:0.22018348623853212	WGRIEETY:0.23853211009174313	LRENFFPP:0.25688073394495414	PSARRGYL:0.24770642201834864	DGVPSHAN:0.23853211009174313	DPRWGRIE:0.5045871559633027	PVVDIARD:0.26605504587155965	LSPVVDIA:0.26605504587155965	MASYNEID:0.30275229357798167	IEETYGED:0.23853211009174313	SPVVDIAR:0.26605504587155965	HGQPESGT:0.21100917431192662	ARRGYLFD:0.2018348623853211	MTLEEKVA:0.21100917431192662	TLEEKVAQ:0.21100917431192662	TSFPQAIA:0.2018348623853211	PFGYGLSY:0.21100917431192662	FGYGLSYT:0.23853211009174313	WYLGQETG:0.24770642201834864	ETFGEDPY:0.4036697247706422	VLRGEWGF:0.3119266055045872	TFGEDPYL:0.3853211009174312	EETFGEDP:0.45871559633027525	DVLRGEWG:0.29357798165137616	LKHMTGHG:0.44036697247706424	GDTEQTSR:0.25688073394495414	VARDPRWG:0.24770642201834864	TLKHMTGH:0.44036697247706424	IEETFGED:0.3211009174311927	WGRIEETF:0.3211009174311927	MTGHGQPE:0.28440366972477066	KHMTGHGQ:0.42201834862385323	DTEQTSRE:0.25688073394495414	DVARDPRW:0.24770642201834864	ATLKHMTG:0.30275229357798167	GRIEETFG:0.3302752293577982	HMTGHGQP:0.42201834862385323	EQTSREAW:0.2018348623853211	RIEETFGE:0.3302752293577982	ATSFPQAI:0.21100917431192662	MPSYNEID:0.30275229357798167	PSYNEIDG:0.30275229357798167	AVMPSYNE:0.27522935779816515	VMPSYNEI:0.3211009174311927	AVIGPNAA:0.22935779816513763	LAIGDTEQ:0.2018348623853211	DEVVQLYV:0.22935779816513763	AGDEVVQL:0.22018348623853212	IGDTEQTS:0.21100917431192662	AIGDTEQT:0.2018348623853211	TEQTSREG:0.22935779816513763	TRLGIPVL:0.21100917431192662	
