cluster number:175
GH3:13	GH3:13
VGVNVNLA:0.46153846153846156	AKHFPGLG:0.3076923076923077	GVNVNLAP:0.6153846153846154	NVNLAPVL:0.38461538461538464	TAKHFPGL:0.3076923076923077	VNLAPVLD:0.38461538461538464	KHFPGLGR:0.8461538461538461	VNVNLAPV:0.6153846153846154	RGDLGFTG:0.23076923076923078	PVLDTVPS:0.38461538461538464	RPFVATDQ:0.23076923076923078	FVATDQEG:0.6153846153846154	VGNVFMKG:0.23076923076923078	DDICDAVQ:0.46153846153846156	AVGVNVNL:0.23076923076923078	GREYGYTP:0.38461538461538464	VPSAEFAP:0.23076923076923078	GGTMALCT:0.38461538461538464	APVLDTVP:0.3076923076923077	VNAGVPWL:0.23076923076923078	VRPFVATD:0.23076923076923078	QIMRGPGF:0.23076923076923078	DTVPSAEF:0.23076923076923078	NLAPVLDT:0.23076923076923078	AAGGTMAL:0.3076923076923077	DQEGGFVQ:0.23076923076923078	FGREYGYT:0.38461538461538464	GNVFMKGR:0.23076923076923078	VATDQEGG:0.6153846153846154	VLDTVPSA:0.38461538461538464	APFSSVIV:0.23076923076923078	REYGYTPA:0.3076923076923077	PFRDAVNA:0.23076923076923078	GIIVSDDI:0.3076923076923077	IVSDDICD:0.38461538461538464	VRGDLGFT:0.23076923076923078	IIVSDDIC:0.3076923076923077	FLAAGGTM:0.23076923076923078	RDAVNAGV:0.23076923076923078	MVSSPVTG:0.46153846153846156	GTMALCTN:0.3076923076923077	ATDQEGGF:0.23076923076923078	VQIMRGPG:0.23076923076923078	DICDAVQV:0.38461538461538464	SDDICDAV:0.5384615384615384	TDQEGGFV:0.23076923076923078	MVRGDLGF:0.3076923076923077	HFPGLGRV:0.7692307692307693	AVNAGVPW:0.23076923076923078	LAPVLDTV:0.23076923076923078	QEGGFVQI:0.23076923076923078	GVRPFVAT:0.23076923076923078	NVFMKGRS:0.23076923076923078	AGGTMALC:0.38461538461538464	LAAGGTMA:0.23076923076923078	FPGLGRVT:0.6923076923076923	DFLAAGGT:0.23076923076923078	VSDDICDA:0.6153846153846154	NAGVPWLM:0.23076923076923078	FRDAVNAG:0.23076923076923078	PFVATDQE:0.3076923076923077	DAVNAGVP:0.23076923076923078	TVPSAEFA:0.23076923076923078	EGGFVQIM:0.23076923076923078	ICDAVQVS:0.3076923076923077	LAPVMDTV:0.23076923076923078	APIGAFGR:0.23076923076923078	TDQEGGLV:0.23076923076923078	SPVTGADA:0.38461538461538464	FAPQNAPI:0.46153846153846156	AFGREYGY:0.23076923076923078	LCTNQALL:0.3076923076923077	PQNAPIGA:0.23076923076923078	SLYALDTL:0.3076923076923077	QNAPIGAF:0.23076923076923078	PVTGADAN:0.23076923076923078	EGGLVQIM:0.23076923076923078	TMALCTNQ:0.23076923076923078	NAPIGAFG:0.23076923076923078	IGAFGREY:0.23076923076923078	ALCTNQAL:0.3076923076923077	PIGAFGRE:0.23076923076923078	APQNAPIG:0.46153846153846156	VNLAPVMD:0.23076923076923078	SSPVTGAD:0.38461538461538464	NLAPVMDT:0.23076923076923078	APVMDTVP:0.3076923076923077	NVNLAPVM:0.23076923076923078	KGRSTAGQ:0.23076923076923078	VSSPVTGA:0.38461538461538464	ATDQEGGL:0.23076923076923078	DQEGGLVQ:0.3076923076923077	QEGGLVQI:0.23076923076923078	CTNQALLP:0.3076923076923077	MALCTNQA:0.3076923076923077	GAFGREYG:0.23076923076923078	AAAGVNVN:0.23076923076923078	AFAPQNAP:0.3076923076923077	PSAAFAPQ:0.3076923076923077	GNVFLKGR:0.3076923076923077	MLRGDLGF:0.3076923076923077	VVSDDICD:0.23076923076923078	SAAFAPQN:0.3076923076923077	VPSAAFAP:0.3076923076923077	AAFAPQNA:0.3076923076923077	QFVATDQE:0.23076923076923078	DTVPSAAF:0.3076923076923077	VKHFPGLG:0.23076923076923078	LDTVPSAA:0.23076923076923078	LAAAGVNV:0.23076923076923078	GIVVSDDI:0.23076923076923078	TVPSAAFA:0.3076923076923077	IVVSDDIC:0.23076923076923078	GRVTANTD:0.3076923076923077	GLGRVTAN:0.3076923076923077	PGLGRVTA:0.38461538461538464	LGRVTANT:0.3076923076923077	DMVRGDLG:0.23076923076923078	
