cluster number:66
GH3:91	GH3:91|3.2.1.21:12|3.2.1.-:4|3.2.1.37:2|GH134:1
GRNWEGFS:0.5274725274725275	EFGFGLSY:0.4065934065934066	MHELYLWP:0.43956043956043955	HFIGNEQE:0.4065934065934066	ELYLWPFA:0.21978021978021978	DRTMHELY:0.24175824175824176	DDRTMHEL:0.24175824175824176	NWEGFSPD:0.23076923076923078	TMHELYLW:0.43956043956043955	PSGRLPYT:0.3076923076923077	RNWEGFSP:0.27472527472527475	PVAGPLGR:0.26373626373626374	ELGFQGYV:0.27472527472527475	YEFGFGLS:0.3516483516483517	HELYLWPF:0.5164835164835165	KHFIGNEQ:0.4175824175824176	SYGCQNSK:0.25274725274725274	VAGPLGRS:0.21978021978021978	EGHVLVKN:0.3516483516483517	LLKTELGF:0.37362637362637363	HLPGQDSG:0.24175824175824176	QLRGFEKV:0.23076923076923078	SSNIDDKT:0.2087912087912088	GLLKTELG:0.3626373626373626	SGKLPYTI:0.23076923076923078	NGLLKTEL:0.3956043956043956	RLDDMATR:0.26373626373626374	HNAGIRLV:0.27472527472527475	NPSGKLPY:0.25274725274725274	GFGLSYTT:0.32967032967032966	LDDMATRI:0.26373626373626374	PSGKLPYT:0.25274725274725274	FGFGLSYT:0.3956043956043956	IHNAGIRL:0.23076923076923078	GGRNWEGF:0.4725274725274725	KTELGFQG:0.38461538461538464	FGLSYTTF:0.31868131868131866	LKTELGFQ:0.37362637362637363	LNGLLKTE:0.31868131868131866	GRLPYTVA:0.25274725274725274	SSNIDDRT:0.2967032967032967	SNIDDRTM:0.26373626373626374	IDDRTMHE:0.27472527472527475	NIDDRTMH:0.27472527472527475	RLPYTVAK:0.21978021978021978	SGRLPYTV:0.25274725274725274	NAGIRLVD:0.21978021978021978	QGFVVSDW:0.32967032967032966	FQGFVVSD:0.32967032967032966	EQETQRNP:0.21978021978021978	IGNEQETQ:0.23076923076923078	LGFQGFVV:0.31868131868131866	GNEQETQR:0.25274725274725274	SPSGRLPY:0.23076923076923078	NEQETQRN:0.2087912087912088	TELGFQGF:0.26373626373626374	FIGNEQET:0.2857142857142857	GFQGFVVS:0.2857142857142857	ELGFQGFV:0.34065934065934067	GLCLQDGP:0.23076923076923078	
