cluster number:161
GH3:338	GH3:338|3.2.1.21:26|3.2.1.58:2|3.2.1.37:1|3.2.1.-:1
EGIYVGYR:0.28402366863905326	GGTGSGDV:0.2692307692307692	IYVGYRYF:0.5207100591715976	RNFEYFSE:0.4230769230769231	GIYVGYRY:0.2603550295857988	FEYFSEDP:0.4171597633136095	NFEYFSED:0.4230769230769231	GTGSGDVN:0.24260355029585798	GRNFEYFS:0.4230769230769231	KGGTGSGD:0.21597633136094674	VGYRYFET:0.3609467455621302	PLCGRNFE:0.33727810650887574	RALREIYL:0.44970414201183434	REIYLRGF:0.22485207100591717	LCGRNFEY:0.35502958579881655	GYRYFETF:0.3106508875739645	ERALREIY:0.3668639053254438	VSERALRE:0.33136094674556216	SERALREI:0.39644970414201186	RAQNDLYM:0.23372781065088757	DGPSGIRM:0.28106508875739644	AQNDLYMV:0.23372781065088757	ALREIYLK:0.33136094674556216	LNGRNFEY:0.4467455621301775	EDIYVGYR:0.4319526627218935	EYFSEDPL:0.29289940828402367	NGRNFEYF:0.3431952662721893	QNDLYMVV:0.2514792899408284	RHPLNGRN:0.22189349112426035	YVGYRYFE:0.3254437869822485	ADGPSGIR:0.2692307692307692	DIYVGYRY:0.4408284023668639	GPSGIRMD:0.2692307692307692	PLNGRNFE:0.4467455621301775	HPLNGRNF:0.22485207100591717	RNFEYYSE:0.46153846153846156	IYLKGFEI:0.23372781065088757	ADGPAGLR:0.3165680473372781	GRNFEYYS:0.46153846153846156	EIYLKGFE:0.3224852071005917	REIYLKGF:0.33727810650887574	DGPAGLRI:0.26331360946745563	NFEYYSED:0.46153846153846156	FEYYSEDP:0.47633136094674555	LREIYLKG:0.27218934911242604	PFGYGLSY:0.24260355029585798	FGYGLSYT:0.3136094674556213	PFGFGLSY:0.2485207100591716	FGFGLSYT:0.30177514792899407	EYYSEDPL:0.28994082840236685	NPLCGRNF:0.22781065088757396	RNPLCGRN:0.23964497041420119	CGRNFEYY:0.2781065088757396	YPFGYGLS:0.21893491124260356	GIVMTDWW:0.2485207100591716	IVMTDWWA:0.2455621301775148	RSGTGSGG:0.21597633136094674	IGRTAGED:0.21597633136094674	
