cluster number:97
GH3:126	GH3:126|CBM11:41|CBM2:14|CBM6:6|GH30_3:4|CBM32:2|CBM35:2|CBM0:1|GH30:1|3.2.1.-:1|CBM4:1
VVVVGETP:0.3412698412698413	GETPYAEG:0.5555555555555556	VGETPYAE:0.626984126984127	GVADVLFG:0.3492063492063492	VGVVVVGE:0.29365079365079366	DVGVVVVG:0.24603174603174602	KFELGLFE:0.23809523809523808	GVVVVGET:0.3253968253968254	QMTQAERG:0.2222222222222222	VVGETPYA:0.6031746031746031	GATIFPHN:0.30158730158730157	DDAVSRIL:0.25396825396825395	ESQVLLKN:0.23809523809523808	FGEDPALV:0.31746031746031744	RIDDAVSR:0.20634920634920634	ATIFPHNI:0.30158730158730157	GSLLSGGG:0.47619047619047616	VVVGETPY:0.3968253968253968	GNQAGGWT:0.29365079365079366	LGSLLSGG:0.46825396825396826	SLLSGGGS:0.47619047619047616	SQVLLKND:0.3253968253968254	GQMTQAER:0.5555555555555556	IDDAVSRI:0.20634920634920634	ALVASWLP:0.3412698412698413	EKAGQMTQ:0.2777777777777778	LPVTWPKS:0.20634920634920634	FPYGWGLT:0.2222222222222222	HFVGDGGT:0.23015873015873015	GQLPVTWP:0.23015873015873015	RDERWGRS:0.2857142857142857	DYQPVGGI:0.2698412698412698	VDAVHGHN:0.48412698412698413	ERWGRSYE:0.2857142857142857	WDFAPCLC:0.21428571428571427	ATRFQIPL:0.23015873015873015	VYVAGSNA:0.29365079365079366	PQFPYGWG:0.21428571428571427	KAGQMTQA:0.2698412698412698	FEIKDGGA:0.23015873015873015	AKHFVGDG:0.23809523809523808	DAVSRILT:0.23809523809523808	SELWTTSF:0.25396825396825395	GVDAVHGH:0.5396825396825397	FTGQLPVT:0.23015873015873015	AGQMTQAE:0.2698412698412698	YGVDAVHG:0.5714285714285714	DPQFPYGW:0.21428571428571427	DAVHGHNN:0.5396825396825397	ELWTTSFT:0.24603174603174602	DALVASWL:0.3253968253968254	DERWGRSY:0.2857142857142857	GVADVLYG:0.3253968253968254	WTTSFTDD:0.23015873015873015	VAGSNADD:0.30158730158730157	ASELWTTS:0.23809523809523808	QLPINVGD:0.21428571428571427	ASWLPGTE:0.2698412698412698	QFPYGWGL:0.21428571428571427	TYSKDASA:0.20634920634920634	KHFVGDGG:0.23015873015873015	YDPQFPYG:0.21428571428571427	TFPAGTAS:0.24603174603174602	DRFEGEVP:0.23015873015873015	YVAGSNAD:0.30952380952380953	FPAGTASG:0.2698412698412698	KVYVAGSN:0.2698412698412698	MPSYSSLD:0.25396825396825395	DFAPCLCV:0.21428571428571427	LWTTSFTD:0.23015873015873015	YQPVGGID:0.2619047619047619	LVASWLPG:0.3412698412698413	VASWLPGT:0.24603174603174602	PYGWGLTT:0.2619047619047619	SWLPGTEG:0.2698412698412698	TGQLPVTW:0.23015873015873015	NADDIGNQ:0.24603174603174602	TIMPHNIG:0.21428571428571427	RILTQKFR:0.20634920634920634	AVHGHNNV:0.38095238095238093	QIPLIYGV:0.2222222222222222	DGVADVLY:0.21428571428571427	LIYGVDAV:0.2777777777777778	GGWTISWQ:0.21428571428571427	QKFRLGLF:0.21428571428571427	KSQVLLKN:0.2222222222222222	QLRAQATR:0.20634920634920634	NAGLDMIM:0.23809523809523808	PHNIGIGA:0.2222222222222222	QVLLKNDG:0.30952380952380953	CVTRDERW:0.20634920634920634	EGDGVADV:0.23809523809523808	PLIYGVDA:0.2777777777777778	AKSQVLLK:0.21428571428571427	IPLIYGVD:0.25396825396825395	TQKFRLGL:0.20634920634920634	GLDMIMVP:0.23015873015873015	HRAVAREA:0.25396825396825395	IYGVDAVH:0.42857142857142855	MPHNIGIG:0.21428571428571427	GDGVADVL:0.23809523809523808	QKVYVAGS:0.21428571428571427	ILTQKFRL:0.20634920634920634	KFRLGLFE:0.25396825396825395	AIDQIPGD:0.21428571428571427	TRDERWGR:0.20634920634920634	VTRDERWG:0.20634920634920634	LLSGGGSV:0.2619047619047619	IDQIPGDY:0.2222222222222222	YGWGLTTL:0.21428571428571427	AGLDMIMV:0.23015873015873015	LTQKFRLG:0.20634920634920634	LSGGGSVP:0.2857142857142857	GWTISWQG:0.21428571428571427	EGAGVADV:0.2619047619047619	VVLVSGRP:0.21428571428571427	PHNIGLGA:0.5	AWLPGTEG:0.21428571428571427	FPHNIGLG:0.4603174603174603	GAGVADVL:0.2619047619047619	IFPHNIGL:0.30158730158730157	TIFPHNIG:0.2857142857142857	WGRTYESF:0.30952380952380953	GRTYESFG:0.2698412698412698	RWGRTYES:0.3412698412698413	RTYESFGE:0.2698412698412698	DRWGRTYE:0.3253968253968254	DDANRRIL:0.21428571428571427	AVVGETPY:0.2222222222222222	GNQSGGWT:0.20634920634920634	GLGATRDP:0.25396825396825395	IGLGATRD:0.23809523809523808	NIGLGATR:0.2619047619047619	HNIGLGAT:0.2777777777777778	VLATAKHY:0.25396825396825395	
