cluster number:4
GH148:11	GH148:11
DGLYRFAW:0.36363636363636365	HRNPYTGL:0.45454545454545453	LQDWDGLY:0.36363636363636365	DAPAGKYG:0.6363636363636364	LDAPAGKY:0.5454545454545454	RNPYTGLT:0.45454545454545453	WDGLYRFA:0.36363636363636365	NPYTGLTW:0.2727272727272727	QDWDGLYR:0.36363636363636365	THRNPYTG:0.5454545454545454	LTHRNPYT:0.36363636363636365	DWDGLYRF:0.36363636363636365	LLTHRNPY:0.2727272727272727	TDQGPDND:0.2727272727272727	GGWTDQGP:0.36363636363636365	FPGGVMAY:0.2727272727272727	VMAYHLTR:0.2727272727272727	LYRFAWSH:0.36363636363636365	LHASAWTP:0.2727272727272727	LDKLDYLF:0.2727272727272727	WTDQGPDN:0.2727272727272727	PGGVMAYH:0.2727272727272727	LLHASAWT:0.36363636363636365	APAGKYGF:0.2727272727272727	AAISLDGK:0.2727272727272727	GGVMAYHL:0.2727272727272727	GWTDQGPD:0.2727272727272727	GVMAYHLT:0.2727272727272727	GYNTVRFH:0.36363636363636365	NWKEFARR:0.2727272727272727	YNTVRFHH:0.36363636363636365	QGGWTDQG:0.2727272727272727	LGYNTVRF:0.2727272727272727	RLGYNTVR:0.2727272727272727	VTEFNFCN:0.2727272727272727	EFNFCNPN:0.2727272727272727	TVTEFNFC:0.2727272727272727	TEFNFCNP:0.2727272727272727	GLYRFAWS:0.2727272727272727	
